# omegabh2 omegach2 theta tau omegak logA ns calPlanck aps100 aps143 aps217 acib217 asz143 psr cibr xi aksz dust100 dust143 dust217 dust143x217 cal0 cal2 calTE calEE
  2.8743632E-08  -1.4558572E-07   2.3892654E-08   1.4300561E-07  -4.4613881E-07   2.9837530E-08   4.3790538E-07   9.0865558E-09  -5.8642197E-04  -3.8071380E-04   1.2967274E-04  -1.8430259E-04   1.8566124E-05   1.8897003E-06  -4.0886753E-06   1.1809649E-06  -3.1944320E-05   4.1577851E-07  -6.0791298E-07   6.7161495E-07  -3.1335840E-07   1.0184185E-09  -1.7509742E-08  -1.2039775E-07  -2.6624179E-07
 -1.4558572E-07   2.1871106E-06  -2.0525871E-07  -1.3697558E-06   5.6885754E-06   2.2183745E-06  -5.2613090E-06  -8.6498469E-08   2.3137612E-03   1.8015009E-03  -4.0051690E-04   8.4538584E-04  -7.5545453E-05  -1.1096180E-05   2.5620735E-05  -1.1196860E-05   6.4366713E-05  -1.0905393E-06   7.8959314E-06  -1.5788280E-06   9.7659370E-07  -5.9528132E-08   1.0306179E-07   2.2807980E-07  -4.3623376E-07
  2.3892654E-08  -2.0525871E-07   1.0609199E-07   2.0242110E-07  -6.1776139E-07   1.2551333E-08   6.3994693E-07   8.1927421E-10  -3.4661733E-04  -2.4562304E-04   3.1945053E-05  -1.0002620E-04   3.3550299E-07   7.4156414E-07  -2.1477638E-06   6.5619996E-07   3.5898635E-07  -2.6578270E-07  -3.4720872E-07   6.9904054E-07   2.6708758E-08  -3.9280998E-09   1.5558601E-09  -9.5343682E-08  -1.5959789E-08
  1.4300561E-07  -1.3697558E-06   2.0242110E-07   3.3202508E-05   7.0399370E-06   6.3482008E-05   4.5198346E-06   1.6745387E-07  -6.3421724E-03  -2.9494237E-03   2.1291963E-03  -2.0241155E-03   1.0053114E-04   2.1877251E-05  -5.3484094E-05   2.6875214E-05  -5.5039846E-05  -1.7800357E-05   3.2473009E-06   3.7447934E-06  -4.0693245E-06  -1.3665024E-07  -3.1693220E-07  -1.2873905E-06  -3.8053664E-07
 -4.4613881E-07   5.6885754E-06  -6.1776139E-07   7.0399370E-06   3.7122556E-05   3.2428290E-05  -1.5294263E-05   2.0390406E-06   8.8072339E-03   7.7505845E-03   1.7898169E-03   2.2289755E-03  -1.3392246E-04  -2.0343743E-05   7.1464284E-05  -4.3742313E-06   1.9456789E-04  -1.7488913E-05  -1.9210642E-05  -9.8383721E-07  -2.2123477E-06   1.1751001E-07   2.1615940E-07   2.7783598E-06   1.4788455E-06
  2.9837530E-08   2.2183745E-06   1.2551333E-08   6.3482008E-05   3.2428290E-05   1.5977004E-04  -4.4035565E-06   1.2014577E-05  -2.7557596E-03  -1.9237080E-04   1.3364895E-02  -4.7783456E-03  -9.0984345E-05   4.0825035E-05  -1.3092207E-04   6.2160155E-05  -6.4403229E-04  -6.5746443E-05  -7.1576869E-05   3.8122533E-05  -1.3186017E-05   8.6929026E-08  -5.6567291E-07  -2.0565560E-06   1.2152031E-08
  4.3790538E-07  -5.2613090E-06   6.3994693E-07   4.5198346E-06  -1.5294263E-05  -4.4035565E-06   2.2894145E-05   2.9568794E-07  -2.7971925E-02  -1.0878739E-02   7.9974444E-03  -7.0046498E-03   6.6416418E-04   9.4356576E-05  -1.5954340E-04   8.2141999E-05  -1.8702873E-03   2.1624800E-05  -4.7600524E-05   2.0645460E-05  -2.7311691E-05  -2.2395641E-07  -4.9606232E-07  -1.6451723E-06  -3.0667643E-06
  9.0865558E-09  -8.6498469E-08   8.1927421E-10   1.6745387E-07   2.0390406E-06   1.2014577E-05   2.9568794E-07   5.9815553E-06   3.6079408E-03   5.6027172E-04   1.8660141E-03   1.0942791E-04  -1.0781223E-04  -5.7277641E-06  -7.9895488E-06  -3.3286031E-06   1.1077386E-04  -7.6706915E-06   3.4130217E-06   1.0432654E-05   2.6387862E-06  -8.0171814E-08  -3.9642607E-08  -3.0091249E-07  -2.6662339E-07
 -5.8642197E-04   2.3137612E-03  -3.4661733E-04  -6.3421724E-03   8.8072339E-03  -2.7557596E-03  -2.7971925E-02   3.6079408E-03   6.3098043E+02   6.0721598E+01  -6.3375946E+01   3.4117528E+01  -2.5926862E+01  -9.9705568E-01   4.3903435E-03  -3.7477555E-01   1.2264810E+01  -1.5836992E-01   3.0171985E-01  -2.3319397E-01  -1.6152705E-01   6.5292970E-03   3.5475617E-03   5.1684857E-04   7.3424982E-03
 -3.8071380E-04   1.8015009E-03  -2.4562304E-04  -2.9494237E-03   7.7505845E-03  -1.9237080E-04  -1.0878739E-02   5.6027172E-04   6.0721598E+01   6.9890132E+01   9.6156678E+00   6.5389409E+00  -4.6242149E-01  -5.6545683E-02   4.9124835E-01   9.2701632E-01  -8.2733062E+00  -1.6885131E-02  -2.1641073E-01   7.3636368E-02   8.0089921E-02   7.5822700E-04   9.4534901E-04   2.6500873E-03   5.3828148E-03
  1.2967274E-04  -4.0051690E-04   3.1945053E-05   2.1291963E-03   1.7898169E-03   1.3364895E-02   7.9974444E-03   1.8660141E-03  -6.3375946E+01   9.6156678E+00   1.7631959E+02  -8.3798432E+01   2.6671022E+00   3.8208499E-01  -1.1229047E+00   4.4556451E-01  -6.8186346E+00  -1.2761985E-01  -3.3295478E-01   5.5039167E-01  -1.1063219E-02   1.6015495E-03  -7.9719373E-03   2.7318030E-03   2.4733096E-03
 -1.8430259E-04   8.4538584E-04  -1.0002620E-04  -2.0241155E-03   2.2289755E-03  -4.7783456E-03  -7.0046498E-03   1.0942791E-04   3.4117528E+01   6.5389409E+00  -8.3798432E+01   5.2413231E+01   1.6954502E+00  -7.1222827E-02   7.8142963E-01  -3.0902188E-01  -3.0002497E+00   5.4636239E-02   1.9984467E-01  -4.3686703E-01  -9.1485373E-02  -5.8759479E-04   3.4511598E-03  -5.4419733E-04   6.3439953E-04
  1.8566124E-05  -7.5545453E-05   3.3550299E-07   1.0053114E-04  -1.3392246E-04  -9.0984345E-05   6.6416418E-04  -1.0781223E-04  -2.5926862E+01  -4.6242149E-01   2.6671022E+00   1.6954502E+00   4.4261229E+00   1.0932174E-01   1.5734607E-01  -3.5041783E-02  -3.6801230E+00   1.5923872E-03  -2.3746470E-03   1.2795057E-02   5.9623072E-02   4.4792363E-04  -1.8331266E-04  -3.2911120E-05  -2.9896232E-04
  1.8897003E-06  -1.1096180E-05   7.4156414E-07   2.1877251E-05  -2.0343743E-05   4.0825035E-05   9.4356576E-05  -5.7277641E-06  -9.9705568E-01  -5.6545683E-02   3.8208499E-01  -7.1222827E-02   1.0932174E-01   1.7644700E-02  -1.7596089E-02   1.2599889E-02  -1.0972032E-01  -2.6807612E-04  -1.3401071E-03  -2.5127848E-03   5.3142131E-03   1.8664241E-05  -4.0435685E-05   1.2023916E-05   8.0480710E-06
 -4.0886753E-06   2.5620735E-05  -2.1477638E-06  -5.3484094E-05   7.1464284E-05  -1.3092207E-04  -1.5954340E-04  -7.9895488E-06   4.3903435E-03   4.9124835E-01  -1.1229047E+00   7.8142963E-01   1.5734607E-01  -1.7596089E-02   6.9968384E-02   2.1069798E-03  -1.6739243E-01   9.7801267E-04   7.9178086E-03  -1.6024696E-04  -1.6693831E-02  -1.2706333E-05   1.0598729E-04  -2.6704645E-06  -9.2286529E-06
  1.1809649E-06  -1.1196860E-05   6.5619996E-07   2.6875214E-05  -4.3742313E-06   6.2160155E-05   8.2141999E-05  -3.3286031E-06  -3.7477555E-01   9.2701632E-01   4.4556451E-01  -3.0902188E-01  -3.5041783E-02   1.2599889E-02   2.1069798E-03   8.3626919E-02   3.5923045E-02  -9.5965506E-04  -2.3559701E-04   1.2436526E-03   1.0740110E-03   1.3275363E-05  -1.7851816E-05  -3.0850686E-06   3.0133376E-05
 -3.1944320E-05   6.4366713E-05   3.5898635E-07  -5.5039846E-05   1.9456789E-04  -6.4403229E-04  -1.8702873E-03   1.1077386E-04   1.2264810E+01  -8.2733062E+00  -6.8186346E+00  -3.0002497E+00  -3.6801230E+00  -1.0972032E-01  -1.6739243E-01   3.5923045E-02   7.4758934E+00  -6.7797210E-03  -3.9919837E-03  -5.2610308E-03  -5.4652320E-02  -3.3804248E-04   3.8156500E-06  -2.2912677E-04  -4.5339902E-05
  4.1577851E-07  -1.0905393E-06  -2.6578270E-07  -1.7800357E-05  -1.7488913E-05  -6.5746443E-05   2.1624800E-05  -7.6706915E-06  -1.5836992E-01  -1.6885131E-02  -1.2761985E-01   5.4636239E-02   1.5923872E-03  -2.6807612E-04   9.7801267E-04  -9.5965506E-04  -6.7797210E-03   3.7658090E-02   2.4454711E-03  -1.6987472E-04   6.7758290E-04   3.8017752E-05   3.6043287E-07  -2.6827727E-05  -2.5945904E-05
 -6.0791298E-07   7.8959314E-06  -3.4720872E-07   3.2473009E-06  -1.9210642E-05  -7.1576869E-05  -4.7600524E-05   3.4130217E-06   3.0171985E-01  -2.1641073E-01  -3.3295478E-01   1.9984467E-01  -2.3746470E-03  -1.3401071E-03   7.9178086E-03  -2.3559701E-04  -3.9919837E-03   2.4454711E-03   3.1137390E-02  -7.6150332E-04   5.5980988E-03  -8.4011125E-05  -3.6347978E-05  -8.6553780E-05  -9.0679626E-05
  6.7161495E-07  -1.5788280E-06   6.9904054E-07   3.7447934E-06  -9.8383721E-07   3.8122533E-05   2.0645460E-05   1.0432654E-05  -2.3319397E-01   7.3636368E-02   5.5039167E-01  -4.3686703E-01   1.2795057E-02  -2.5127848E-03  -1.6024696E-04   1.2436526E-03  -5.2610308E-03  -1.6987472E-04  -7.6150332E-04   1.0371726E-02   8.1810252E-03   4.5457674E-06   5.9134599E-05   2.5059934E-06  -1.1014876E-05
 -3.1335840E-07   9.7659370E-07   2.6708758E-08  -4.0693245E-06  -2.2123477E-06  -1.3186017E-05  -2.7311691E-05   2.6387862E-06  -1.6152705E-01   8.0089921E-02  -1.1063219E-02  -9.1485373E-02   5.9623072E-02   5.3142131E-03  -1.6693831E-02   1.0740110E-03  -5.4652320E-02   6.7758290E-04   5.5980988E-03   8.1810252E-03   2.5603893E-02  -1.7428577E-06   5.6434267E-05  -3.7002863E-05  -1.6538856E-05
  1.0184185E-09  -5.9528132E-08  -3.9280998E-09  -1.3665024E-07   1.1751001E-07   8.6929026E-08  -2.2395641E-07  -8.0171814E-08   6.5292970E-03   7.5822700E-04   1.6015495E-03  -5.8759479E-04   4.4792363E-04   1.8664241E-05  -1.2706333E-05   1.3275363E-05  -3.3804248E-04   3.8017752E-05  -8.4011125E-05   4.5457674E-06  -1.7428577E-06   1.1294722E-06   2.5559650E-08   3.9372359E-07   6.3033151E-07
 -1.7509742E-08   1.0306179E-07   1.5558601E-09  -3.1693220E-07   2.1615940E-07  -5.6567291E-07  -4.9606232E-07  -3.9642607E-08   3.5475617E-03   9.4534901E-04  -7.9719373E-03   3.4511598E-03  -1.8331266E-04  -4.0435685E-05   1.0598729E-04  -1.7851816E-05   3.8156500E-06   3.6043287E-07  -3.6347978E-05   5.9134599E-05   5.6434267E-05   2.5559650E-08   2.4635239E-06   2.1558482E-07   2.2166331E-07
 -1.2039775E-07   2.2807980E-07  -9.5343682E-08  -1.2873905E-06   2.7783598E-06  -2.0565560E-06  -1.6451723E-06  -3.0091249E-07   5.1684857E-04   2.6500873E-03   2.7318030E-03  -5.4419733E-04  -3.2911120E-05   1.2023916E-05  -2.6704645E-06  -3.0850686E-06  -2.2912677E-04  -2.6827727E-05  -8.6553780E-05   2.5059934E-06  -3.7002863E-05   3.9372359E-07   2.1558482E-07   2.4118237E-05   8.2962630E-06
 -2.6624179E-07  -4.3623376E-07  -1.5959789E-08  -3.8053664E-07   1.4788455E-06   1.2152031E-08  -3.0667643E-06  -2.6662339E-07   7.3424982E-03   5.3828148E-03   2.4733096E-03   6.3439953E-04  -2.9896232E-04   8.0480710E-06  -9.2286529E-06   3.0133376E-05  -4.5339902E-05  -2.5945904E-05  -9.0679626E-05  -1.1014876E-05  -1.6538856E-05   6.3033151E-07   2.2166331E-07   8.2962630E-06   2.4715514E-05
