# logA ns ombh2 omch2 omk tau theta_MC_100 A_planck calTE
4.258965838529725229e-04 9.848788211852603199e-05 1.855776203952022948e-06 -2.112063560380934881e-06 -1.441165294631548382e-04 1.241691324932018854e-04 8.364461332548132430e-07 9.231168328896072248e-07 9.124294932910761199e-05
9.848788211852603199e-05 2.738623775640581311e-04 4.498849737026022890e-06 -2.493335871447777228e-05 -5.009517612988785605e-04 1.602024638236767610e-05 3.224537128641766588e-06 -2.370206842129217231e-07 -2.283635734083880471e-07
1.855776203952022948e-06 4.498849737026022890e-06 1.045117510380173266e-07 -4.599783725539582148e-07 -9.021360407764242873e-06 2.747209688014721883e-07 6.585758667687247223e-08 -3.920581861659339750e-09 -6.418968616632408623e-09
-2.112063560380934881e-06 -2.493335871447777228e-05 -4.599783725539582148e-07 4.651491233048161575e-06 4.687247119542648231e-05 -1.931264952205141600e-06 -4.418776918170601293e-07 9.541066358039050416e-09 -1.019791350823211365e-07
-1.441165294631548382e-04 -5.009517612988785605e-04 -9.021360407764242873e-06 4.687247119542648231e-05 1.452406474760634504e-03 8.707583528670375579e-06 -6.185699144819702781e-06 7.072971951850787932e-07 2.528853249459385536e-05
1.241691324932018854e-04 1.602024638236767610e-05 2.747209688014722413e-07 -1.931264952205141600e-06 8.707583528670377273e-06 6.080472752148250652e-05 1.891593128854930872e-07 3.757482687174035314e-07 -7.093666724349103405e-08
8.364461332548132430e-07 3.224537128641766588e-06 6.585758667687247223e-08 -4.418776918170601293e-07 -6.185699144819702781e-06 1.891593128854931136e-07 2.027168564373671118e-07 -1.994192014351966544e-09 1.737949961531019009e-08
9.231168328896072248e-07 -2.370206842129217231e-07 -3.920581861659339750e-09 9.541066358039050416e-09 7.072971951850788991e-07 3.757482687174034784e-07 -1.994192014351966544e-09 6.352524071357227172e-06 1.250245569972766606e-07
9.124294932910761199e-05 -2.283635734083880471e-07 -6.418968616632408623e-09 -1.019791350823211365e-07 2.528853249459385536e-05 -7.093666724349108699e-08 1.737949961531019009e-08 1.250245569972766606e-07 9.065649004246008227e-05
