# omegabh2 omegach2 theta tau Alens logA ns calPlanck acib217 xi asz143 aps100 aps143 aps143217 aps217 aksz kgal100 kgal143 kgal143217 kgal217 galfEE100 galfEE100143 galfEE100217 galfEE143 galfEE143217 galfEE217 galfTE100 galfTE100143 galfTE100217 galfTE143 galfTE143217 galfTE217 cal0 cal2
    0.2937105E-07   -0.1716942E-06    0.2486306E-07    0.9545198E-07    0.5461014E-05   -0.1427953E-06    0.4820144E-06   -0.1092448E-07   -0.1572096E-03    0.4542707E-05    0.3298135E-04   -0.6779181E-03   -0.3433564E-03   -0.5506211E-04    0.4158173E-04   -0.5182701E-04   -0.2560795E-05   -0.1053973E-04   -0.2593439E-04   -0.6488975E-05    0.6809215E-07    0.7875714E-07    0.5804648E-07    0.8211400E-07    0.9993887E-07    0.3647728E-06   -0.1440009E-06   -0.7788559E-07   -0.3538176E-08   -0.2500260E-06   -0.4202108E-06   -0.2866479E-05    0.4455788E-08   -0.1484196E-07
   -0.1716942E-06    0.2323472E-05   -0.2166164E-06   -0.2570197E-05   -0.4670220E-04    0.5333339E-06   -0.5945431E-05    0.1285469E-06    0.9089147E-03   -0.2244697E-04   -0.2125462E-03    0.4573693E-02    0.2182094E-02    0.5242482E-03   -0.5505290E-04    0.2652330E-03   -0.3551980E-04    0.3051701E-05    0.7035510E-04    0.1777607E-04   -0.8440769E-06   -0.9197664E-06    0.6638798E-07   -0.9242183E-06   -0.1928756E-06   -0.3348475E-06    0.1819264E-05    0.5333247E-06    0.1056470E-05    0.1045944E-05    0.2817128E-05    0.2482330E-04   -0.5619230E-08    0.9563117E-07
    0.2486306E-07   -0.2166164E-06    0.1062212E-06    0.7400961E-07    0.5844821E-05   -0.2894172E-06    0.6831117E-06   -0.1304426E-07   -0.5847038E-04    0.2526481E-05    0.1876142E-04   -0.4368672E-03   -0.2240879E-03   -0.7884294E-04   -0.6762189E-04   -0.2379091E-04   -0.4841050E-05    0.2902060E-05   -0.2851493E-05   -0.1368892E-04    0.6251604E-07    0.8808234E-07   -0.2364643E-06    0.9014227E-07   -0.1174959E-06   -0.4029506E-06   -0.1627384E-06   -0.1256470E-06    0.1541651E-06   -0.2165778E-06   -0.7816962E-06   -0.3764391E-05   -0.1465133E-08   -0.6593596E-08
    0.9545198E-07   -0.2570197E-05    0.7400961E-07    0.4005998E-03   -0.8767882E-03    0.7911284E-03    0.1520559E-04   -0.6562041E-06   -0.5284033E-02    0.6478423E-04    0.8407499E-03   -0.1963806E-01   -0.6630478E-02    0.8089907E-03    0.5819446E-02   -0.1765918E-02   -0.4381064E-03   -0.7234425E-04    0.2500456E-03    0.2031562E-02    0.2776277E-06    0.1192572E-05    0.7536459E-05    0.1597202E-05   -0.9724267E-05    0.5289376E-04   -0.5512209E-05   -0.3244424E-05   -0.1471939E-04   -0.2881384E-05   -0.2172329E-04   -0.3617542E-04   -0.1296696E-06   -0.4160405E-06
    0.5461014E-05   -0.4670220E-04    0.5844821E-05   -0.8767882E-03    0.5848454E-02   -0.1878969E-02    0.1282298E-03   -0.1713114E-04   -0.4709364E-01    0.1664205E-02    0.7766066E-02   -0.2128833E+00   -0.8070188E-01   -0.7251295E-03    0.1823367E-01   -0.1656941E-01   -0.2447177E-03   -0.3508915E-02   -0.1581839E-01   -0.2156368E-01    0.1919399E-04    0.1569403E-04   -0.2641284E-04    0.9846449E-05    0.7755543E-05   -0.2421502E-03   -0.6522902E-05    0.1337618E-04   -0.2010279E-04   -0.3212563E-04    0.4969873E-04   -0.9594628E-03    0.8288091E-06   -0.6866005E-05
   -0.1427953E-06    0.5333339E-06   -0.2894172E-06    0.7911284E-03   -0.1878969E-02    0.1603954E-02    0.1394883E-04    0.1124360E-04   -0.8002164E-02    0.1189164E-03    0.1225274E-02   -0.2210970E-01   -0.6551685E-02    0.5565702E-02    0.1669172E-01   -0.3629212E-02   -0.1243007E-02   -0.6583314E-03    0.3296170E-03    0.5657559E-02   -0.4941611E-06    0.9323679E-07    0.1638210E-04    0.2076469E-05   -0.1809732E-04    0.9368490E-04   -0.7658653E-05   -0.4490005E-05   -0.2143924E-04   -0.1006410E-05   -0.4613771E-04   -0.7819664E-05   -0.5286438E-07   -0.6402959E-06
    0.4820144E-06   -0.5945431E-05    0.6831117E-06    0.1520559E-04    0.1282298E-03    0.1394883E-04    0.2480605E-04   -0.5000794E-06   -0.6741994E-02    0.1769693E-03    0.1372942E-02   -0.3418971E-01   -0.1026425E-01    0.1860442E-02    0.5722895E-02   -0.2598342E-02    0.2933786E-03   -0.2237941E-03   -0.8073679E-03    0.2772893E-03    0.3568095E-05    0.3779676E-05    0.2224511E-06    0.3856621E-05   -0.1219202E-05    0.3431134E-05   -0.5472149E-05   -0.1830818E-05   -0.7850760E-05   -0.2866954E-05   -0.7592221E-05   -0.7174892E-04   -0.1862396E-06   -0.6065470E-06
   -0.1092448E-07    0.1285469E-06   -0.1304426E-07   -0.6562041E-06   -0.1713114E-04    0.1124360E-04   -0.5000794E-06    0.6106271E-05    0.1161914E-02   -0.1311358E-04    0.3690742E-05    0.4957990E-02    0.7701694E-03    0.2556815E-03    0.9152818E-03    0.2343518E-04   -0.9953692E-05   -0.7838421E-05    0.5144409E-04    0.7549654E-03    0.7093552E-06    0.2366877E-06    0.7971199E-06    0.8125479E-06    0.1565522E-05   -0.2542791E-05   -0.1233464E-06    0.4808376E-06    0.1923281E-05    0.1145023E-05   -0.3682793E-05    0.5769609E-05   -0.1536006E-08    0.2724465E-07
   -0.1572096E-03    0.9089147E-03   -0.5847038E-04   -0.5284033E-02   -0.4709364E-01   -0.8002164E-02   -0.6741994E-02    0.1161914E-02    0.4233876E+02   -0.5057096E+00   -0.1733950E+01    0.4417971E+02    0.1013197E+01   -0.2099793E+02   -0.5916380E+02    0.7285946E+00   -0.2366303E-01    0.9199526E-01   -0.2197287E+01   -0.1844676E+02   -0.4757244E-03   -0.6839780E-03   -0.1212239E-02   -0.1954559E-03   -0.6685754E-03   -0.1866716E-02    0.1452464E-02    0.1465745E-02    0.1617777E-02    0.1422223E-02   -0.4794640E-02   -0.1126385E-01   -0.1715616E-03    0.4149825E-02
    0.4542707E-05   -0.2244697E-04    0.2526481E-05    0.6478423E-04    0.1664205E-02    0.1189164E-03    0.1769693E-03   -0.1311358E-04   -0.5057096E+00    0.8054053E-01   -0.4700423E-01   -0.7794708E+00    0.1008851E+01    0.1982870E+01    0.8176880E+00    0.3127115E-01   -0.3294964E-02    0.1520795E-01    0.1289889E+00    0.1288938E+00    0.1746891E-04    0.3079367E-04   -0.1249037E-05    0.1056580E-04   -0.3449142E-04    0.3370975E-03    0.5650997E-04    0.3409809E-04   -0.1600908E-03    0.2830212E-03    0.8969767E-04   -0.6451827E-03    0.7153559E-05   -0.1563812E-04
    0.3298135E-04   -0.2125462E-03    0.1876142E-04    0.8407499E-03    0.7766066E-02    0.1225274E-02    0.1372942E-02    0.3690742E-05   -0.1733950E+01   -0.4700423E-01    0.3350141E+01   -0.2764821E+02   -0.4056844E+01    0.6799910E+01    0.5769266E+01   -0.1996976E+01   -0.1559456E+00    0.5126663E-01    0.2100142E+01    0.1806498E+01    0.2005717E-03    0.1884632E-03    0.1202214E-03    0.2060968E-03    0.1963129E-02   -0.9609685E-03   -0.1589728E-02   -0.6686322E-03   -0.1872669E-02   -0.1367270E-02   -0.4844794E-03   -0.2684284E-03    0.1476246E-03   -0.3425342E-03
   -0.6779181E-03    0.4573693E-02   -0.4368672E-03   -0.1963806E-01   -0.2128833E+00   -0.2210970E-01   -0.3418971E-01    0.4957990E-02    0.4417971E+02   -0.7794708E+00   -0.2764821E+02    0.7675977E+03    0.6770866E+02   -0.6062175E+02   -0.6798576E+02    0.1105225E+02   -0.3616951E+01    0.3198493E+01   -0.1090198E+02   -0.1453356E+02   -0.5095372E-02   -0.4396640E-02    0.5204177E-02   -0.2835242E-02   -0.1456131E-01   -0.5564372E-02    0.1848260E-01    0.1501353E-03    0.5997273E-01    0.6844628E-02    0.4035121E-02    0.8113402E-01    0.6417440E-02    0.4365193E-02
   -0.3433564E-03    0.2182094E-02   -0.2240879E-03   -0.6630478E-02   -0.8070188E-01   -0.6551685E-02   -0.1026425E-01    0.7701694E-03    0.1013197E+01    0.1008851E+01   -0.4056844E+01    0.6770866E+02    0.6010196E+02    0.4312517E+02    0.1583765E+02   -0.3382289E+01   -0.2308732E+00   -0.9384861E+00    0.3801879E+01    0.3836277E+01   -0.1350134E-02   -0.1794651E-02   -0.9627543E-03   -0.1581045E-02    0.1891691E-03    0.6993653E-02    0.3541163E-02    0.2435435E-02    0.2629749E-02    0.8071632E-02   -0.2142583E-02    0.4545668E-01    0.8549824E-04    0.3595415E-03
   -0.5506211E-04    0.5242482E-03   -0.7884294E-04    0.8089907E-03   -0.7251295E-03    0.5565702E-02    0.1860442E-02    0.2556815E-03   -0.2099793E+02    0.1982870E+01    0.6799910E+01   -0.6062175E+02    0.4312517E+02    0.9663259E+02    0.6244220E+02   -0.9570737E+01   -0.7167272E+00   -0.1182639E+00    0.4962445E+01    0.5302148E+01    0.3704785E-03   -0.8935910E-07    0.5975357E-03   -0.6513509E-03    0.4816056E-02    0.1733875E-02   -0.1328053E-02    0.1046056E-03   -0.4116043E-02    0.8357285E-02    0.1574221E-03    0.2181521E-01    0.5819030E-03   -0.2309487E-02
    0.4158173E-04   -0.5505290E-04   -0.6762189E-04    0.5819446E-02    0.1823367E-01    0.1669172E-01    0.5722895E-02    0.9152818E-03   -0.5916380E+02    0.8176880E+00    0.5769266E+01   -0.6798576E+02    0.1583765E+02    0.6244220E+02    0.1150837E+03   -0.8369488E+01   -0.4380880E+00   -0.3394364E+00   -0.6256834E+00    0.1449002E+02    0.8600300E-03    0.1553416E-03    0.2908161E-02   -0.6189014E-03    0.2262858E-02   -0.2520419E-02   -0.2259513E-02   -0.1368429E-02   -0.7040900E-02    0.1004275E-02    0.7807348E-02    0.5163987E-01    0.4774160E-03   -0.7319695E-02
   -0.5182701E-04    0.2652330E-03   -0.2379091E-04   -0.1765918E-02   -0.1656941E-01   -0.3629212E-02   -0.2598342E-02    0.2343518E-04    0.7285946E+00    0.3127115E-01   -0.1996976E+01    0.1105225E+02   -0.3382289E+01   -0.9570737E+01   -0.8369488E+01    0.4634279E+01    0.1603301E+00   -0.1637839E-01   -0.1405443E+01   -0.1236690E+01   -0.3932639E-03   -0.1819968E-03   -0.5915688E-03   -0.2234599E-03    0.4520664E-03    0.4709895E-02    0.1430937E-02    0.2542419E-03    0.6113738E-03    0.5137090E-03    0.2730425E-02    0.1751591E-02   -0.6978844E-04    0.1578535E-03
   -0.2560795E-05   -0.3551980E-04   -0.4841050E-05   -0.4381064E-03   -0.2447177E-03   -0.1243007E-02    0.2933786E-03   -0.9953692E-05   -0.2366303E-01   -0.3294964E-02   -0.1559456E+00   -0.3616951E+01   -0.2308732E+00   -0.7167272E+00   -0.4380880E+00    0.1603301E+00    0.3447569E+01    0.4384379E+00    0.6073110E-01    0.5916051E-01    0.6014938E-04    0.5006959E-04    0.4128698E-03   -0.5177199E-05    0.1209530E-02    0.2008810E-03   -0.3574334E-03    0.1840611E-03   -0.1047080E-02   -0.1578923E-02   -0.1322408E-02    0.2663022E-02    0.2903876E-03   -0.4415449E-04
   -0.1053973E-04    0.3051701E-05    0.2902060E-05   -0.7234425E-04   -0.3508915E-02   -0.6583314E-03   -0.2237941E-03   -0.7838421E-05    0.9199526E-01    0.1520795E-01    0.5126663E-01    0.3198493E+01   -0.9384861E+00   -0.1182639E+00   -0.3394364E+00   -0.1637839E-01    0.4384379E+00    0.3333463E+01    0.2566895E+01    0.1704244E+01    0.1740715E-03   -0.5487374E-04    0.3774473E-03   -0.8662667E-04   -0.4965054E-03   -0.4691050E-03    0.6200544E-03   -0.5442376E-03    0.1145360E-02   -0.9982203E-03    0.1299939E-02    0.3791666E-02   -0.2676137E-03   -0.2067303E-03
   -0.2593439E-04    0.7035510E-04   -0.2851493E-05    0.2500456E-03   -0.1581839E-01    0.3296170E-03   -0.8073679E-03    0.5144409E-04   -0.2197287E+01    0.1289889E+00    0.2100142E+01   -0.1090198E+02    0.3801879E+01    0.4962445E+01   -0.6256834E+00   -0.1405443E+01    0.6073110E-01    0.2566895E+01    0.1702788E+02    0.2569683E+02   -0.1002011E-03   -0.2747428E-04    0.1681439E-02   -0.6000878E-04    0.1914965E-03   -0.5457106E-02   -0.2560273E-02   -0.1014970E-02   -0.1443821E-02   -0.8918298E-03   -0.5165977E-02    0.6122262E-02    0.1283559E-05    0.2555599E-02
   -0.6488975E-05    0.1777607E-04   -0.1368892E-04    0.2031562E-02   -0.2156368E-01    0.5657559E-02    0.2772893E-03    0.7549654E-03   -0.1844676E+02    0.1288938E+00    0.1806498E+01   -0.1453356E+02    0.3836277E+01    0.5302148E+01    0.1449002E+02   -0.1236690E+01    0.5916051E-01    0.1704244E+01    0.2569683E+02    0.5494947E+02   -0.1259701E-03    0.2237314E-03    0.3792041E-02    0.3358084E-03    0.3971900E-03   -0.1187915E-01   -0.4483467E-02   -0.1931382E-02    0.5694611E-02   -0.1580477E-03   -0.1007473E-01    0.7276448E-02    0.6690712E-04    0.4620378E-02
    0.6809215E-07   -0.8440769E-06    0.6251604E-07    0.2776277E-06    0.1919399E-04   -0.4941611E-06    0.3568095E-05    0.7093552E-06   -0.4757244E-03    0.1746891E-04    0.2005717E-03   -0.5095372E-02   -0.1350134E-02    0.3704785E-03    0.8600300E-03   -0.3932639E-03    0.6014938E-04    0.1740715E-03   -0.1002011E-03   -0.1259701E-03    0.3293617E-04    0.9564781E-05    0.9327149E-06    0.3583066E-05    0.2011599E-05    0.9439417E-05   -0.2269091E-05   -0.2342476E-06    0.8282833E-06   -0.3744495E-06   -0.3288077E-05   -0.2112460E-04   -0.6381024E-07   -0.8600570E-08
    0.7875714E-07   -0.9197664E-06    0.8808234E-07    0.1192572E-05    0.1569403E-04    0.9323679E-07    0.3779676E-05    0.2366877E-06   -0.6839780E-03    0.3079367E-04    0.1884632E-03   -0.4396640E-02   -0.1794651E-02   -0.8935910E-07    0.1553416E-03   -0.1819968E-03    0.5006959E-04   -0.5487374E-04   -0.2747428E-04    0.2237314E-03    0.9564781E-05    0.2510743E-04    0.8534895E-06    0.1230386E-04   -0.1969320E-05    0.8875757E-05    0.4436373E-06   -0.1289619E-06    0.1268408E-05   -0.2243861E-05    0.1242001E-05   -0.1729266E-04   -0.2713203E-07    0.1439441E-07
    0.5804648E-07    0.6638798E-07   -0.2364643E-06    0.7536459E-05   -0.2641284E-04    0.1638210E-04    0.2224511E-06    0.7971199E-06   -0.1212239E-02   -0.1249037E-05    0.1202214E-03    0.5204177E-02   -0.9627543E-03    0.5975357E-03    0.2908161E-02   -0.5915688E-03    0.4128698E-03    0.3774473E-03    0.1681439E-02    0.3792041E-02    0.9327149E-06    0.8534895E-06    0.1038291E-02   -0.1763293E-05   -0.4584618E-05    0.1184293E-04    0.1877424E-04    0.3420487E-05    0.8446474E-06   -0.5205522E-05   -0.2828700E-04   -0.8855125E-04    0.3636658E-06    0.4814392E-06
    0.8211400E-07   -0.9242183E-06    0.9014227E-07    0.1597202E-05    0.9846449E-05    0.2076469E-05    0.3856621E-05    0.8125479E-06   -0.1954559E-03    0.1056580E-04    0.2060968E-03   -0.2835242E-02   -0.1581045E-02   -0.6513509E-03   -0.6189014E-03   -0.2234599E-03   -0.5177199E-05   -0.8662667E-04   -0.6000878E-04    0.3358084E-03    0.3583066E-05    0.1230386E-04   -0.1763293E-05    0.4753419E-04   -0.5206370E-05    0.1360501E-04   -0.6859923E-06   -0.3198467E-05    0.1979534E-05   -0.4259739E-05    0.4587498E-05   -0.1943194E-04   -0.8450219E-07    0.8159970E-07
    0.9993887E-07   -0.1928756E-06   -0.1174959E-06   -0.9724267E-05    0.7755543E-05   -0.1809732E-04   -0.1219202E-05    0.1565522E-05   -0.6685754E-03   -0.3449142E-04    0.1963129E-02   -0.1456131E-01    0.1891691E-03    0.4816056E-02    0.2262858E-02    0.4520664E-03    0.1209530E-02   -0.4965054E-03    0.1914965E-03    0.3971900E-03    0.2011599E-05   -0.1969320E-05   -0.4584618E-05   -0.5206370E-05    0.2224340E-02    0.1257565E-03    0.8363393E-05   -0.1344252E-04    0.6441332E-04   -0.6309675E-04    0.3500017E-05    0.7207630E-04    0.2085069E-06    0.1731655E-07
    0.3647728E-06   -0.3348475E-06   -0.4029506E-06    0.5289376E-04   -0.2421502E-03    0.9368490E-04    0.3431134E-05   -0.2542791E-05   -0.1866716E-02    0.3370975E-03   -0.9609685E-03   -0.5564372E-02    0.6993653E-02    0.1733875E-02   -0.2520419E-02    0.4709895E-02    0.2008810E-03   -0.4691050E-03   -0.5457106E-02   -0.1187915E-01    0.9439417E-05    0.8875757E-05    0.1184293E-04    0.1360501E-04    0.1257565E-03    0.1699779E-01    0.3742307E-04   -0.1785026E-04    0.1945489E-03   -0.1269344E-03   -0.1425902E-03    0.6267831E-03   -0.1273921E-05   -0.1548882E-05
   -0.1440009E-06    0.1819264E-05   -0.1627384E-06   -0.5512209E-05   -0.6522902E-05   -0.7658653E-05   -0.5472149E-05   -0.1233464E-06    0.1452464E-02    0.5650997E-04   -0.1589728E-02    0.1848260E-01    0.3541163E-02   -0.1328053E-02   -0.2259513E-02    0.1430937E-02   -0.3574334E-03    0.6200544E-03   -0.2560273E-02   -0.4483467E-02   -0.2269091E-05    0.4436373E-06    0.1877424E-04   -0.6859923E-06    0.8363393E-05    0.3742307E-04    0.1417326E-02    0.2929928E-03    0.4446064E-04   -0.3532532E-03   -0.8610147E-04   -0.1246393E-03   -0.7625213E-07   -0.2268490E-06
   -0.7788559E-07    0.5333247E-06   -0.1256470E-06   -0.3244424E-05    0.1337618E-04   -0.4490005E-05   -0.1830818E-05    0.4808376E-06    0.1465745E-02    0.3409809E-04   -0.6686322E-03    0.1501353E-03    0.2435435E-02    0.1046056E-03   -0.1368429E-02    0.2542419E-03    0.1840611E-03   -0.5442376E-03   -0.1014970E-02   -0.1931382E-02   -0.2342476E-06   -0.1289619E-06    0.3420487E-05   -0.3198467E-05   -0.1344252E-04   -0.1785026E-04    0.2929928E-03    0.8412323E-03    0.3628215E-04    0.7419621E-03    0.2084890E-04   -0.7070727E-03   -0.7141901E-07    0.3943488E-06
   -0.3538176E-08    0.1056470E-05    0.1541651E-06   -0.1471939E-04   -0.2010279E-04   -0.2143924E-04   -0.7850760E-05    0.1923281E-05    0.1617777E-02   -0.1600908E-03   -0.1872669E-02    0.5997273E-01    0.2629749E-02   -0.4116043E-02   -0.7040900E-02    0.6113738E-03   -0.1047080E-02    0.1145360E-02   -0.1443821E-02    0.5694611E-02    0.8282833E-06    0.1268408E-05    0.8446474E-06    0.1979534E-05    0.6441332E-04    0.1945489E-03    0.4446064E-04    0.3628215E-04    0.7148447E-02   -0.2710797E-03    0.8508209E-03    0.4607232E-02   -0.6025989E-06    0.3534942E-06
   -0.2500260E-06    0.1045944E-05   -0.2165778E-06   -0.2881384E-05   -0.3212563E-04   -0.1006410E-05   -0.2866954E-05    0.1145023E-05    0.1422223E-02    0.2830212E-03   -0.1367270E-02    0.6844628E-02    0.8071632E-02    0.8357285E-02    0.1004275E-02    0.5137090E-03   -0.1578923E-02   -0.9982203E-03   -0.8918298E-03   -0.1580477E-03   -0.3744495E-06   -0.2243861E-05   -0.5205522E-05   -0.4259739E-05   -0.6309675E-04   -0.1269344E-03   -0.3532532E-03    0.7419621E-03   -0.2710797E-03    0.2893456E-02    0.4914673E-03   -0.8657749E-03    0.4609700E-06    0.1002417E-05
   -0.4202108E-06    0.2817128E-05   -0.7816962E-06   -0.2172329E-04    0.4969873E-04   -0.4613771E-04   -0.7592221E-05   -0.3682793E-05   -0.4794640E-02    0.8969767E-04   -0.4844794E-03    0.4035121E-02   -0.2142583E-02    0.1574221E-03    0.7807348E-02    0.2730425E-02   -0.1322408E-02    0.1299939E-02   -0.5165977E-02   -0.1007473E-01   -0.3288077E-05    0.1242001E-05   -0.2828700E-04    0.4587498E-05    0.3500017E-05   -0.1425902E-03   -0.8610147E-04    0.2084890E-04    0.8508209E-03    0.4914673E-03    0.6471146E-02    0.7839276E-02   -0.5027854E-06   -0.2560282E-05
   -0.2866479E-05    0.2482330E-04   -0.3764391E-05   -0.3617542E-04   -0.9594628E-03   -0.7819664E-05   -0.7174892E-04    0.5769609E-05   -0.1126385E-01   -0.6451827E-03   -0.2684284E-03    0.8113402E-01    0.4545668E-01    0.2181521E-01    0.5163987E-01    0.1751591E-02    0.2663022E-02    0.3791666E-02    0.6122262E-02    0.7276448E-02   -0.2112460E-04   -0.1729266E-04   -0.8855125E-04   -0.1943194E-04    0.7207630E-04    0.6267831E-03   -0.1246393E-03   -0.7070727E-03    0.4607232E-02   -0.8657749E-03    0.7839276E-02    0.6552192E-01   -0.1241094E-05   -0.5956770E-05
    0.4455788E-08   -0.5619230E-08   -0.1465133E-08   -0.1296696E-06    0.8288091E-06   -0.5286438E-07   -0.1862396E-06   -0.1536006E-08   -0.1715616E-03    0.7153559E-05    0.1476246E-03    0.6417440E-02    0.8549824E-04    0.5819030E-03    0.4774160E-03   -0.6978844E-04    0.2903876E-03   -0.2676137E-03    0.1283559E-05    0.6690712E-04   -0.6381024E-07   -0.2713203E-07    0.3636658E-06   -0.8450219E-07    0.2085069E-06   -0.1273921E-05   -0.7625213E-07   -0.7141901E-07   -0.6025989E-06    0.4609700E-06   -0.5027854E-06   -0.1241094E-05    0.5905577E-06    0.1832385E-07
   -0.1484196E-07    0.9563117E-07   -0.6593596E-08   -0.4160405E-06   -0.6866005E-05   -0.6402959E-06   -0.6065470E-06    0.2724465E-07    0.4149825E-02   -0.1563812E-04   -0.3425342E-03    0.4365193E-02    0.3595415E-03   -0.2309487E-02   -0.7319695E-02    0.1578535E-03   -0.4415449E-04   -0.2067303E-03    0.2555599E-02    0.4620378E-02   -0.8600570E-08    0.1439441E-07    0.4814392E-06    0.8159970E-07    0.1731655E-07   -0.1548882E-05   -0.2268490E-06    0.3943488E-06    0.3534942E-06    0.1002417E-05   -0.2560282E-05   -0.5956770E-05    0.1832385E-07    0.2037148E-05
