# omegabh2 omegach2 theta tau nnu yhe logA ns calPlanck acib217 xi asz143 aps100 aps143 aps143217 aps217 aksz kgal100 kgal143 kgal143217 kgal217 cal0 cal2
  1.0174684E-07   7.4196239E-07  -8.1724133E-08   9.0024917E-07   7.8542080E-05   7.1335211E-08   3.8216090E-06   3.5412704E-06   4.1055910E-08   1.3815174E-04  -2.9382093E-06   1.6443083E-06   4.3332161E-04   1.4812471E-04   3.8178259E-05  -1.0343157E-04   4.3076636E-05   2.2167874E-05   3.3126390E-05   2.6270613E-05  -1.9657975E-05   1.8089640E-09   2.7899385E-09
  7.4196239E-07   2.1697684E-05  -2.8241819E-06   4.0960122E-06   1.4146927E-03  -2.8387509E-06   6.0629890E-05   4.1669513E-05   2.7028052E-07   4.4632458E-03  -8.8563919E-05  -8.5224431E-04   1.8355079E-02   1.1956839E-02   4.7965504E-03   7.2876933E-04   1.5507401E-03   3.1346123E-04   5.1937042E-04   5.5150356E-04  -6.3918272E-04  -2.9121944E-08   1.0247050E-07
 -8.1724133E-08  -2.8241819E-06   5.7497423E-07  -5.7762829E-07  -1.9239459E-04   8.6110407E-07  -7.7106403E-06  -5.4993766E-06  -4.5241897E-08  -5.9065147E-04   1.1546856E-05   1.1578221E-04  -2.3680596E-03  -1.5626175E-03  -6.0469855E-04  -9.8010729E-05  -2.0208533E-04  -3.9611446E-05  -6.5509191E-05  -5.9808430E-05   1.0746855E-04   3.4008314E-09  -1.3472119E-08
  9.0024917E-07   4.0960122E-06  -5.7762829E-07   6.7287369E-05   6.9817972E-04   9.0907739E-07   1.4569725E-04   3.9244246E-05   3.2731627E-07   3.0642304E-04   1.8987324E-05   1.9202623E-04  -1.8237031E-03  -1.4729205E-04   6.8919996E-04  -4.1035830E-04  -9.7653731E-06   1.7135819E-04  -1.1541714E-04  -9.8513070E-05  -3.2953342E-04   3.7478168E-08   1.5357015E-08
  7.8542080E-05   1.4146927E-03  -1.9239459E-04   6.9817972E-04   1.1510041E-01  -1.6713032E-04   4.8558301E-03   4.1738206E-03   3.1019868E-05   3.7115696E-01  -7.1470463E-03  -6.1768689E-02   1.4998721E+00   8.6188998E-01   3.0740012E-01  -2.6930485E-02   1.3288082E-01   2.6659774E-02   4.7147580E-02   4.3753873E-02  -6.9219986E-02  -9.0251164E-08   7.7278003E-06
  7.1335211E-08  -2.8387509E-06   8.6110407E-07   9.0907739E-07  -1.6713032E-04   1.5889987E-05  -4.8973055E-07   1.6854500E-06   1.8340585E-07   3.6344977E-04  -1.6245057E-06  -1.1341289E-04   3.6057649E-03   1.7616939E-03   1.1193984E-03   7.3965736E-04   1.8608136E-04  -1.2512299E-05   1.4913774E-05   8.4615343E-05   2.6054312E-05   1.6127780E-08   2.0649570E-08
  3.8216090E-06   6.0629890E-05  -7.7106403E-06   1.4569725E-04   4.8558301E-03  -4.8973055E-07   4.7134613E-04   1.8179001E-04   1.3744478E-05   1.1828770E-02  -1.4185864E-04  -1.8945730E-03   4.7145349E-02   3.0935930E-02   1.5837759E-02   6.6457802E-03   3.0423920E-03   7.4839840E-04   3.3269127E-04   2.8762419E-04  -1.5499409E-03   1.9252351E-07   2.4232609E-07
  3.5412704E-06   4.1669513E-05  -5.4993766E-06   3.9244246E-05   4.1738206E-03   1.6854500E-06   1.8179001E-04   1.8696709E-04   1.3108870E-06   9.2728611E-03  -1.5594099E-04  -9.2459731E-04   2.9794638E-02   2.2870152E-02   1.2022688E-02   2.4304041E-03   2.6175148E-03   1.3739066E-03   1.5030317E-03   1.4136654E-03  -1.4005209E-03  -6.3773537E-08   2.0536840E-07
  4.1055910E-08   2.7028052E-07  -4.5241897E-08   3.2731627E-07   3.1019868E-05   1.8340585E-07   1.3744478E-05   1.3108870E-06   6.0732778E-06   8.5503534E-04  -5.4336886E-06  -4.9520093E-05   4.1587826E-03   8.0009435E-04   4.4646483E-04   1.2457668E-03   1.0767241E-05   5.8160465E-06  -7.0881244E-05  -1.3688079E-04   4.8929778E-04   1.3660171E-08  -1.7912263E-08
  1.3815174E-04   4.4632458E-03  -5.9065147E-04   3.0642304E-04   3.7115696E-01   3.6344977E-04   1.1828770E-02   9.2728611E-03   8.5503534E-04   4.6351528E+01  -4.1612877E-01  -1.2363117E+00   4.4222141E+01   5.3087879E+00  -1.2254274E+01  -5.5204667E+01   4.7372383E-01   2.1038360E-01   9.0097379E-01  -5.5899695E+00  -3.3848017E+01  -1.7180745E-04   7.5064674E-04
 -2.9382093E-06  -8.8563919E-05   1.1546856E-05   1.8987324E-05  -7.1470463E-03  -1.6245057E-06  -1.4185864E-04  -1.5594099E-04  -5.4336886E-06  -4.1612877E-01   8.1586514E-02  -3.7336055E-02  -7.6110815E-01   7.9469764E-01   1.5999557E+00   6.0307276E-01   4.0199163E-02  -3.9162159E-03  -1.7536927E-03   9.6952930E-02   1.4112452E-01   4.0705135E-06  -4.0400798E-06
  1.6443083E-06  -8.5224431E-04   1.1578221E-04   1.9202623E-04  -6.1768689E-02  -1.1341289E-04  -1.8945730E-03  -9.2459731E-04  -4.9520093E-05  -1.2363117E+00  -3.7336055E-02   3.9792629E+00  -3.2473119E+01  -4.1440421E+00   7.4748685E+00   5.4137983E+00  -2.9405005E+00  -2.0763527E-01   1.4569950E-01   2.7297324E+00   3.6174141E+00   8.8868530E-05  -2.6458533E-05
  4.3332161E-04   1.8355079E-02  -2.3680596E-03  -1.8237031E-03   1.4998721E+00   3.6057649E-03   4.7145349E-02   2.9794638E-02   4.1587826E-03   4.4222141E+01  -7.6110815E-01  -3.2473119E+01   8.2921068E+02   8.7946067E+01  -5.0923311E+01  -6.2907602E+01   1.6912484E+01  -6.1243220E+00   6.5046995E+00  -1.1629000E+01  -2.5949603E+01   3.8769433E-03   7.3939118E-04
  1.4812471E-04   1.1956839E-02  -1.5626175E-03  -1.4729205E-04   8.6188998E-01   1.7616939E-03   3.0935930E-02   2.2870152E-02   8.0009435E-04   5.3087879E+00   7.9469764E-01  -4.1440421E+00   8.7946067E+01   7.0924196E+01   4.2521566E+01   1.5985884E+01  -3.6046081E+00  -1.1987455E-01  -1.0875675E+00   3.5946514E+00   3.4494853E+00   1.0497277E-04   1.4977582E-04
  3.8178259E-05   4.7965504E-03  -6.0469855E-04   6.8919996E-04   3.0740012E-01   1.1193984E-03   1.5837759E-02   1.2022688E-02   4.4646483E-04  -1.2254274E+01   1.5999557E+00   7.4748685E+00  -5.0923311E+01   4.2521566E+01   8.4999284E+01   5.4110446E+01  -1.1730597E+01  -6.7945295E-01  -7.7390607E-01   4.9408200E+00   8.3221664E+00   3.8749006E-04  -3.8265086E-04
 -1.0343157E-04   7.2876933E-04  -9.8010729E-05  -4.1035830E-04  -2.6930485E-02   7.3965736E-04   6.6457802E-03   2.4304041E-03   1.2457668E-03  -5.5204667E+01   6.0307276E-01   5.4137983E+00  -6.2907602E+01   1.5985884E+01   5.4110446E+01   1.0468891E+02  -9.7049024E+00  -5.5773210E-01  -1.5776154E+00   5.1450430E+00   3.3324680E+01   3.9409464E-04  -1.3814688E-03
  4.3076636E-05   1.5507401E-03  -2.0208533E-04  -9.7653731E-06   1.3288082E-01   1.8608136E-04   3.0423920E-03   2.6175148E-03   1.0767241E-05   4.7372383E-01   4.0199163E-02  -2.9405005E+00   1.6912484E+01  -3.6046081E+00  -1.1730597E+01  -9.7049024E+00   6.3651700E+00   1.1034928E-01  -1.3439029E-01  -2.1026853E+00  -2.6156923E+00  -6.0304574E-05   6.2493811E-06
  2.2167874E-05   3.1346123E-04  -3.9611446E-05   1.7135819E-04   2.6659774E-02  -1.2512299E-05   7.4839840E-04   1.3739066E-03   5.8160465E-06   2.1038360E-01  -3.9162159E-03  -2.0763527E-01  -6.1243220E+00  -1.1987455E-01  -6.7945295E-01  -5.5773210E-01   1.1034928E-01   3.3889491E+00   5.3482619E-01   1.9113197E-01   1.2004563E-01   1.6818522E-04   4.5662760E-06
  3.3126390E-05   5.1937042E-04  -6.5509191E-05  -1.1541714E-04   4.7147580E-02   1.4913774E-05   3.3269127E-04   1.5030317E-03  -7.0881244E-05   9.0097379E-01  -1.7536927E-03   1.4569950E-01   6.5046995E+00  -1.0875675E+00  -7.7390607E-01  -1.5776154E+00  -1.3439029E-01   5.3482619E-01   3.1558362E+00   2.6798498E+00   2.5466664E+00  -1.8557612E-04  -2.3612546E-05
  2.6270613E-05   5.5150356E-04  -5.9808430E-05  -9.8513070E-05   4.3753873E-02   8.4615343E-05   2.8762419E-04   1.4136654E-03  -1.3688079E-04  -5.5899695E+00   9.6952930E-02   2.7297324E+00  -1.1629000E+01   3.5946514E+00   4.9408200E+00   5.1450430E+00  -2.1026853E+00   1.9113197E-01   2.6798498E+00   1.0962691E+01   1.9602674E+01  -3.2538008E-05   4.4732609E-04
 -1.9657975E-05  -6.3918272E-04   1.0746855E-04  -3.2953342E-04  -6.9219986E-02   2.6054312E-05  -1.5499409E-03  -1.4005209E-03   4.8929778E-04  -3.3848017E+01   1.4112452E-01   3.6174141E+00  -2.5949603E+01   3.4494853E+00   8.3221664E+00   3.3324680E+01  -2.6156923E+00   1.2004563E-01   2.5466664E+00   1.9602674E+01   5.4640627E+01   4.7993864E-05   9.7922745E-04
  1.8089640E-09  -2.9121944E-08   3.4008314E-09   3.7478168E-08  -9.0251164E-08   1.6127780E-08   1.9252351E-07  -6.3773537E-08   1.3660171E-08  -1.7180745E-04   4.0705135E-06   8.8868530E-05   3.8769433E-03   1.0497277E-04   3.8749006E-04   3.9409464E-04  -6.0304574E-05   1.6818522E-04  -1.8557612E-04  -3.2538008E-05   4.7993864E-05   3.7306867E-07   1.5813820E-09
  2.7899385E-09   1.0247050E-07  -1.3472119E-08   1.5357015E-08   7.7278003E-06   2.0649570E-08   2.4232609E-07   2.0536840E-07  -1.7912263E-08   7.5064674E-04  -4.0400798E-06  -2.6458533E-05   7.3939118E-04   1.4977582E-04  -3.8265086E-04  -1.3814688E-03   6.2493811E-06   4.5662760E-06  -2.3612546E-05   4.4732609E-04   9.7922745E-04   1.5813820E-09   3.8913439E-07
