# omegabh2 omegach2 theta tau alpha1 logA ns calPlanck acib217 xi asz143 aps100 aps143 aps143217 aps217 aksz kgal100 kgal143 kgal143217 kgal217 galfEE100 galfEE100143 galfEE100217 galfEE143 galfEE143217 galfEE217 galfTE100 galfTE100143 galfTE100217 galfTE143 galfTE143217 galfTE217 cal0 cal2
    0.2507337E-07   -0.1239943E-06    0.1791814E-07    0.9623539E-06   -0.7823428E-08    0.1784345E-05    0.3095948E-06    0.2846038E-07   -0.1261386E-03    0.3634476E-05    0.2913756E-04   -0.4655665E-03   -0.2272657E-03   -0.1068868E-04    0.7673631E-04   -0.4684438E-04    0.2584384E-05   -0.4426308E-05    0.1369611E-05    0.2308534E-04    0.4647635E-07    0.7700203E-07   -0.2148883E-07    0.6845237E-07    0.8356189E-07    0.4600943E-06    0.4071258E-07    0.2192377E-08   -0.6890932E-08   -0.1978007E-06   -0.3861684E-06   -0.2301566E-05    0.4402459E-08   -0.1326864E-07
   -0.1239943E-06    0.2747662E-05   -0.4150481E-06   -0.1541559E-04   -0.5505618E-06   -0.2408798E-04   -0.8860672E-05   -0.3923271E-06    0.7317622E-03   -0.2484540E-04   -0.2479681E-03    0.4501316E-02    0.1861781E-02    0.1217012E-03   -0.4296917E-03    0.3682924E-03   -0.2586053E-04   -0.6701303E-05   -0.8082085E-04   -0.1988340E-03   -0.4411410E-06   -0.4791977E-06   -0.5264853E-06   -0.6761677E-06    0.1128931E-06   -0.2564523E-05    0.3023392E-06    0.2155731E-06    0.2463537E-05    0.8728577E-06    0.4534082E-05    0.1852254E-04    0.1677816E-07    0.4467702E-07
    0.1791814E-07   -0.4150481E-06    0.1800071E-06    0.2438180E-05    0.1787021E-06    0.3773198E-05    0.1804561E-05    0.5219615E-07   -0.1372563E-03    0.1687362E-05    0.2666891E-04   -0.7478009E-03   -0.3195862E-03   -0.4308736E-04    0.1480649E-03   -0.6915791E-04   -0.6235200E-05   -0.1161858E-05   -0.1619871E-04    0.1692235E-04   -0.5490008E-07   -0.8646799E-07   -0.1998494E-06   -0.5156243E-07   -0.5637125E-07   -0.6024119E-06   -0.1418906E-06   -0.2012315E-06   -0.5570890E-06   -0.1762675E-06   -0.1387342E-05   -0.4580664E-05   -0.1140377E-07   -0.4194734E-08
    0.9623539E-06   -0.1541559E-04    0.2438180E-05    0.1960458E-03    0.1657444E-05    0.3467373E-03    0.5170577E-04   -0.1759947E-05   -0.6297563E-02    0.1914276E-03    0.2074129E-02   -0.4301659E-01   -0.1799920E-01   -0.3162250E-02    0.9063489E-03   -0.2879758E-02    0.4076231E-03   -0.1499763E-03    0.1362874E-03   -0.2650512E-03    0.4105753E-05    0.4402752E-05   -0.1783958E-05    0.4668767E-05    0.6197575E-05   -0.3934941E-04    0.5047791E-05    0.2099245E-05    0.9543251E-05   -0.1686071E-04   -0.2238999E-04   -0.7444236E-04   -0.2478935E-06   -0.7400853E-06
   -0.7823428E-08   -0.5505618E-06    0.1787021E-06    0.1657444E-05    0.5043664E-06    0.1446503E-05    0.2760774E-05    0.6897363E-07   -0.1292272E-03    0.2715557E-05    0.3159009E-04   -0.7638916E-03   -0.2307840E-03    0.7496671E-04    0.2194907E-03   -0.1015852E-03   -0.2227854E-04    0.2223930E-04    0.5119210E-04    0.1443652E-03   -0.2500279E-06   -0.3187134E-06    0.3388490E-06   -0.2963420E-06    0.2424895E-06    0.1029768E-05   -0.5034274E-06    0.1810175E-07   -0.8035842E-07   -0.1392217E-06   -0.1802177E-05   -0.2647469E-05   -0.2037632E-07    0.2235118E-07
    0.1784345E-05   -0.2408798E-04    0.3773198E-05    0.3467373E-03    0.1446503E-05    0.6479666E-03    0.7793271E-04    0.7710962E-05   -0.1047691E-01    0.3549978E-03    0.3533449E-02   -0.7267182E-01   -0.2977368E-01   -0.3995802E-02    0.5435455E-02   -0.5504691E-02    0.3539588E-03   -0.9610106E-03   -0.6887236E-03   -0.5400524E-04    0.8481902E-05    0.8377716E-05   -0.6488417E-05    0.1003581E-04    0.1456087E-04   -0.6298920E-04    0.9113038E-05    0.4491738E-05    0.2016694E-04   -0.2221130E-04   -0.2944344E-04   -0.9373782E-04   -0.2961202E-06   -0.1514374E-05
    0.3095948E-06   -0.8860672E-05    0.1804561E-05    0.5170577E-04    0.2760774E-05    0.7793271E-04    0.4113644E-04    0.1089024E-05   -0.5988909E-02    0.1625426E-03    0.1513575E-02   -0.3215441E-01   -0.1004508E-01    0.2738158E-02    0.7015898E-02   -0.3200448E-02    0.2036023E-03    0.9638427E-05   -0.4351593E-03    0.4712109E-03    0.1622972E-05    0.1531484E-05    0.3848744E-06    0.2119013E-05    0.4165064E-06   -0.5538664E-06   -0.2398120E-05    0.1136181E-05   -0.1019535E-04   -0.1612985E-05   -0.1953838E-04   -0.4649921E-04   -0.3040781E-06   -0.4446812E-06
    0.2846038E-07   -0.3923271E-06    0.5219615E-07   -0.1759947E-05    0.6897363E-07    0.7710962E-05    0.1089024E-05    0.6102621E-05    0.9866529E-03   -0.8894205E-05    0.1130602E-04    0.2139682E-02    0.4377264E-03    0.2450945E-04    0.8059004E-03   -0.3939486E-04   -0.1306157E-03   -0.4646298E-04   -0.1903639E-03    0.4406780E-03    0.6986383E-06    0.3163642E-06   -0.1989351E-06    0.1274867E-05    0.1676953E-05    0.1128794E-04   -0.1117347E-05   -0.2132497E-08   -0.3501933E-05    0.4677796E-05    0.6620863E-06    0.7244284E-05   -0.4357862E-07   -0.1047330E-07
   -0.1261386E-03    0.7317622E-03   -0.1372563E-03   -0.6297563E-02   -0.1292272E-03   -0.1047691E-01   -0.5988909E-02    0.9866529E-03    0.4335550E+02   -0.5149336E+00   -0.1794072E+01    0.4096142E+02   -0.1640646E+00   -0.2302828E+02   -0.6215802E+02    0.4270533E+00    0.9939664E-01   -0.1682548E+00   -0.2106705E+01   -0.1788352E+02   -0.8671246E-03   -0.5276085E-03   -0.2786801E-02   -0.9594266E-04   -0.2233048E-02   -0.1502368E-01   -0.2349754E-02   -0.2358973E-02    0.2255500E-02   -0.7561348E-02    0.6170498E-03   -0.2848961E-01   -0.2279390E-03    0.4572145E-02
    0.3634476E-05   -0.2484540E-04    0.1687362E-05    0.1914276E-03    0.2715557E-05    0.3549978E-03    0.1625426E-03   -0.8894205E-05   -0.5149336E+00    0.8039466E-01   -0.6069071E-01   -0.7334101E+00    0.1012454E+01    0.1939680E+01    0.8276466E+00    0.6458662E-01   -0.1206067E-01    0.1349944E-01    0.1028742E+00    0.9536184E-01    0.3650142E-04   -0.1283458E-04   -0.1970223E-03    0.2034682E-05    0.3915511E-05   -0.3604643E-03   -0.5258718E-04    0.1430410E-03   -0.3124321E-03    0.4635810E-03    0.5769681E-03   -0.8569321E-03    0.2899452E-05   -0.2070992E-04
    0.2913756E-04   -0.2479681E-03    0.2666891E-04    0.2074129E-02    0.3159009E-04    0.3533449E-02    0.1513575E-02    0.1130602E-04   -0.1794072E+01   -0.6069071E-01    0.3703705E+01   -0.2754300E+02   -0.3285714E+01    0.7967942E+01    0.6881707E+01   -0.2601399E+01   -0.9796711E-01    0.8817115E-01    0.2517797E+01    0.2308425E+01    0.3150969E-03    0.3191789E-03    0.1216202E-02    0.3221243E-03   -0.1419038E-02    0.2370067E-02    0.7145922E-03   -0.1781526E-03   -0.4649728E-03   -0.1492843E-02   -0.3743923E-02   -0.5242721E-02    0.2021375E-03   -0.4041346E-03
   -0.4655665E-03    0.4501316E-02   -0.7478009E-03   -0.4301659E-01   -0.7638916E-03   -0.7267182E-01   -0.3215441E-01    0.2139682E-02    0.4096142E+02   -0.7334101E+00   -0.2754300E+02    0.7399713E+03    0.6102636E+02   -0.6221868E+02   -0.6670842E+02    0.1081213E+02   -0.5607615E+01    0.2543788E+01   -0.1232843E+02   -0.1802410E+02   -0.4448388E-02   -0.3989251E-02   -0.3009790E-02   -0.5209579E-02   -0.1509220E-01   -0.6385831E-01   -0.6070706E-02   -0.3574331E-02    0.2732918E-01   -0.2941082E-02    0.3173207E-01    0.4539654E-01    0.5859691E-02    0.3429216E-02
   -0.2272657E-03    0.1861781E-02   -0.3195862E-03   -0.1799920E-01   -0.2307840E-03   -0.2977368E-01   -0.1004508E-01    0.4377264E-03   -0.1640646E+00    0.1012454E+01   -0.3285714E+01    0.6102636E+02    0.6035925E+02    0.4642281E+02    0.1968883E+02   -0.4880467E+01   -0.5842040E+00   -0.1446316E+01    0.3122693E+01    0.2869514E+01   -0.5411455E-03   -0.1878728E-02   -0.4252379E-02   -0.1448845E-02   -0.5730207E-02   -0.1914684E-01   -0.6653996E-02   -0.1132538E-02   -0.9059052E-02    0.4817268E-04    0.1391591E-01    0.9886529E-02    0.1059820E-03    0.7560889E-04
   -0.1068868E-04    0.1217012E-03   -0.4308736E-04   -0.3162250E-02    0.7496671E-04   -0.3995802E-02    0.2738158E-02    0.2450945E-04   -0.2302828E+02    0.1939680E+01    0.7967942E+01   -0.6221868E+02    0.4642281E+02    0.1026876E+03    0.7093889E+02   -0.1195618E+02   -0.8011830E+00   -0.3413833E+00    0.4999188E+01    0.5603641E+01    0.1314424E-02   -0.7045352E-03   -0.5326587E-02    0.1558790E-03   -0.1326052E-01   -0.5290901E-02   -0.3496918E-02    0.2662423E-03   -0.1358364E-01   -0.9189493E-03    0.1154810E-01    0.6470700E-02    0.6972480E-03   -0.2787576E-02
    0.7673631E-04   -0.4296917E-03    0.1480649E-03    0.9063489E-03    0.2194907E-03    0.5435455E-02    0.7015898E-02    0.8059004E-03   -0.6215802E+02    0.8276466E+00    0.6881707E+01   -0.6670842E+02    0.1968883E+02    0.7093889E+02    0.1252055E+03   -0.1031964E+02   -0.6104588E+00   -0.1856125E+00   -0.4286152E+00    0.1445679E+02    0.1367274E-02   -0.1197401E-03    0.3957790E-03    0.2320409E-03   -0.8445822E-02    0.2208169E-01    0.3157769E-02    0.2905159E-02   -0.5123102E-02    0.1919010E-02    0.1974398E-02    0.8981231E-01    0.6016039E-03   -0.8111015E-02
   -0.4684438E-04    0.3682924E-03   -0.6915791E-04   -0.2879758E-02   -0.1015852E-03   -0.5504691E-02   -0.3200448E-02   -0.3939486E-04    0.4270533E+00    0.6458662E-01   -0.2601399E+01    0.1081213E+02   -0.4880467E+01   -0.1195618E+02   -0.1031964E+02    0.5829309E+01    0.6691598E-01    0.1291927E-02   -0.1876993E+01   -0.1519532E+01   -0.3011438E-03   -0.3637239E-03    0.9895773E-03   -0.3729570E-03    0.3552528E-02    0.3349086E-02   -0.7250005E-03    0.4884049E-03   -0.9410258E-03    0.4939963E-02    0.3025718E-02   -0.4014055E-02   -0.1273754E-03    0.2114356E-03
    0.2584384E-05   -0.2586053E-04   -0.6235200E-05    0.4076231E-03   -0.2227854E-04    0.3539588E-03    0.2036023E-03   -0.1306157E-03    0.9939664E-01   -0.1206067E-01   -0.9796711E-01   -0.5607615E+01   -0.5842040E+00   -0.8011830E+00   -0.6104588E+00    0.6691598E-01    0.3524276E+01    0.4092180E+00    0.6456761E-01    0.6772457E-01    0.1054116E-03    0.1309891E-03    0.5204983E-03    0.1715707E-03    0.1108300E-02    0.1298926E-02    0.2796984E-03    0.1062648E-02    0.1419236E-02    0.4177773E-03    0.4848520E-03    0.1846827E-02    0.2934727E-03    0.1672850E-04
   -0.4426308E-05   -0.6701303E-05   -0.1161858E-05   -0.1499763E-03    0.2223930E-04   -0.9610106E-03    0.9638427E-05   -0.4646298E-04   -0.1682548E+00    0.1349944E-01    0.8817115E-01    0.2543788E+01   -0.1446316E+01   -0.3413833E+00   -0.1856125E+00    0.1291927E-02    0.4092180E+00    0.3326891E+01    0.2628145E+01    0.2007114E+01    0.1553139E-03   -0.5487630E-04    0.1074050E-02    0.1844671E-03    0.1753190E-02    0.2294905E-03    0.2403956E-03    0.1585377E-04   -0.2606246E-02    0.7756769E-03    0.3855362E-02    0.7918166E-02   -0.2818830E-03   -0.1505716E-03
    0.1369611E-05   -0.8082085E-04   -0.1619871E-04    0.1362874E-03    0.5119210E-04   -0.6887236E-03   -0.4351593E-03   -0.1903639E-03   -0.2106705E+01    0.1028742E+00    0.2517797E+01   -0.1232843E+02    0.3122693E+01    0.4999188E+01   -0.4286152E+00   -0.1876993E+01    0.6456761E-01    0.2628145E+01    0.1708867E+02    0.2543690E+02    0.4654660E-03    0.2283404E-03    0.2001831E-02    0.5398593E-03    0.3336350E-02   -0.8754357E-02    0.2291940E-02   -0.1168115E-02   -0.2076864E-02    0.1133460E-02   -0.5165812E-02   -0.4691560E-02    0.2518050E-04    0.2484859E-02
    0.2308534E-04   -0.1988340E-03    0.1692235E-04   -0.2650512E-03    0.1443652E-03   -0.5400524E-04    0.4712109E-03    0.4406780E-03   -0.1788352E+02    0.9536184E-01    0.2308425E+01   -0.1802410E+02    0.2869514E+01    0.5603641E+01    0.1445679E+02   -0.1519532E+01    0.6772457E-01    0.2007114E+01    0.2543690E+02    0.5347705E+02    0.1002647E-02    0.8671150E-03    0.3237564E-02    0.1066673E-02    0.6176781E-02   -0.2925085E-02    0.3802864E-02   -0.3514745E-02    0.2399948E-02    0.2745222E-02   -0.9832473E-02    0.8014662E-02    0.8248050E-04    0.4422555E-02
    0.4647635E-07   -0.4411410E-06   -0.5490008E-07    0.4105753E-05   -0.2500279E-06    0.8481902E-05    0.1622972E-05    0.6986383E-06   -0.8671246E-03    0.3650142E-04    0.3150969E-03   -0.4448388E-02   -0.5411455E-03    0.1314424E-02    0.1367274E-02   -0.3011438E-03    0.1054116E-03    0.1553139E-03    0.4654660E-03    0.1002647E-02    0.3188193E-04    0.8734627E-05    0.1988932E-05    0.4067598E-05   -0.7038807E-06   -0.2233171E-04    0.5371834E-09   -0.1809424E-05   -0.3789223E-05    0.3224908E-05   -0.6454753E-06   -0.1280688E-06   -0.8887103E-07    0.6841128E-07
    0.7700203E-07   -0.4791977E-06   -0.8646799E-07    0.4402752E-05   -0.3187134E-06    0.8377716E-05    0.1531484E-05    0.3163642E-06   -0.5276085E-03   -0.1283458E-04    0.3191789E-03   -0.3989251E-02   -0.1878728E-02   -0.7045352E-03   -0.1197401E-03   -0.3637239E-03    0.1309891E-03   -0.5487630E-04    0.2283404E-03    0.8671150E-03    0.8734627E-05    0.2485379E-04    0.2060879E-07    0.1265151E-04    0.8895261E-06   -0.4649263E-05    0.5180042E-05   -0.1345502E-05    0.5145577E-05   -0.2841478E-05    0.4071468E-06   -0.1413238E-04    0.3515159E-08    0.8340242E-07
   -0.2148883E-07   -0.5264853E-06   -0.1998494E-06   -0.1783958E-05    0.3388490E-06   -0.6488417E-05    0.3848744E-06   -0.1989351E-06   -0.2786801E-02   -0.1970223E-03    0.1216202E-02   -0.3009790E-02   -0.4252379E-02   -0.5326587E-02    0.3957790E-03    0.9895773E-03    0.5204983E-03    0.1074050E-02    0.2001831E-02    0.3237564E-02    0.1988932E-05    0.2060879E-07    0.1032341E-02   -0.2269803E-05   -0.2907871E-04    0.1026523E-03   -0.1559991E-04    0.1508442E-04   -0.8959516E-04    0.2308384E-04   -0.9501976E-05   -0.3381244E-04    0.3589895E-06   -0.7769642E-06
    0.6845237E-07   -0.6761677E-06   -0.5156243E-07    0.4668767E-05   -0.2963420E-06    0.1003581E-04    0.2119013E-05    0.1274867E-05   -0.9594266E-04    0.2034682E-05    0.3221243E-03   -0.5209579E-02   -0.1448845E-02    0.1558790E-03    0.2320409E-03   -0.3729570E-03    0.1715707E-03    0.1844671E-03    0.5398593E-03    0.1066673E-02    0.4067598E-05    0.1265151E-04   -0.2269803E-05    0.4780217E-04   -0.2786300E-05    0.8434177E-05    0.2572676E-05   -0.6536288E-05    0.1360213E-04   -0.5286432E-05    0.1126283E-05    0.6788648E-05    0.3287566E-07    0.1534988E-06
    0.8356189E-07    0.1128931E-06   -0.5637125E-07    0.6197575E-05    0.2424895E-06    0.1456087E-04    0.4165064E-06    0.1676953E-05   -0.2233048E-02    0.3915511E-05   -0.1419038E-02   -0.1509220E-01   -0.5730207E-02   -0.1326052E-01   -0.8445822E-02    0.3552528E-02    0.1108300E-02    0.1753190E-02    0.3336350E-02    0.6176781E-02   -0.7038807E-06    0.8895261E-06   -0.2907871E-04   -0.2786300E-05    0.2123322E-02    0.1892579E-03   -0.3206341E-05    0.1481319E-04    0.4264161E-04    0.4324654E-04    0.7122150E-04    0.6580577E-04    0.2220243E-06   -0.1886035E-06
    0.4600943E-06   -0.2564523E-05   -0.6024119E-06   -0.3934941E-04    0.1029768E-05   -0.6298920E-04   -0.5538664E-06    0.1128794E-04   -0.1502368E-01   -0.3604643E-03    0.2370067E-02   -0.6385831E-01   -0.1914684E-01   -0.5290901E-02    0.2208169E-01    0.3349086E-02    0.1298926E-02    0.2294905E-03   -0.8754357E-02   -0.2925085E-02   -0.2233171E-04   -0.4649263E-05    0.1026523E-03    0.8434177E-05    0.1892579E-03    0.1626910E-01    0.7281536E-04   -0.2984745E-04    0.3531602E-04    0.5736370E-04   -0.5459032E-04   -0.9068274E-04    0.1536101E-05   -0.2969739E-05
    0.4071258E-07    0.3023392E-06   -0.1418906E-06    0.5047791E-05   -0.5034274E-06    0.9113038E-05   -0.2398120E-05   -0.1117347E-05   -0.2349754E-02   -0.5258718E-04    0.7145922E-03   -0.6070706E-02   -0.6653996E-02   -0.3496918E-02    0.3157769E-02   -0.7250005E-03    0.2796984E-03    0.2403956E-03    0.2291940E-02    0.3802864E-02    0.5371834E-09    0.5180042E-05   -0.1559991E-04    0.2572676E-05   -0.3206341E-05    0.7281536E-04    0.1379115E-02    0.2827028E-03    0.8607880E-04   -0.3767570E-03   -0.7353437E-04   -0.6930720E-04    0.6444565E-06    0.2754973E-06
    0.2192377E-08    0.2155731E-06   -0.2012315E-06    0.2099245E-05    0.1810175E-07    0.4491738E-05    0.1136181E-05   -0.2132497E-08   -0.2358973E-02    0.1430410E-03   -0.1781526E-03   -0.3574331E-02   -0.1132538E-02    0.2662423E-03    0.2905159E-02    0.4884049E-03    0.1062648E-02    0.1585377E-04   -0.1168115E-02   -0.3514745E-02   -0.1809424E-05   -0.1345502E-05    0.1508442E-04   -0.6536288E-05    0.1481319E-04   -0.2984745E-04    0.2827028E-03    0.8531660E-03    0.7324711E-05    0.7475485E-03   -0.8790109E-05   -0.7624046E-03   -0.4273703E-06   -0.1430475E-05
   -0.6890932E-08    0.2463537E-05   -0.5570890E-06    0.9543251E-05   -0.8035842E-07    0.2016694E-04   -0.1019535E-04   -0.3501933E-05    0.2255500E-02   -0.3124321E-03   -0.4649728E-03    0.2732918E-01   -0.9059052E-02   -0.1358364E-01   -0.5123102E-02   -0.9410258E-03    0.1419236E-02   -0.2606246E-02   -0.2076864E-02    0.2399948E-02   -0.3789223E-05    0.5145577E-05   -0.8959516E-04    0.1360213E-04    0.4264161E-04    0.3531602E-04    0.8607880E-04    0.7324711E-05    0.7331648E-02   -0.4357902E-03    0.5810893E-03    0.4358730E-02   -0.4123610E-06    0.1052040E-05
   -0.1978007E-06    0.8728577E-06   -0.1762675E-06   -0.1686071E-04   -0.1392217E-06   -0.2221130E-04   -0.1612985E-05    0.4677796E-05   -0.7561348E-02    0.4635810E-03   -0.1492843E-02   -0.2941082E-02    0.4817268E-04   -0.9189493E-03    0.1919010E-02    0.4939963E-02    0.4177773E-03    0.7756769E-03    0.1133460E-02    0.2745222E-02    0.3224908E-05   -0.2841478E-05    0.2308384E-04   -0.5286432E-05    0.4324654E-04    0.5736370E-04   -0.3767570E-03    0.7475485E-03   -0.4357902E-03    0.2877073E-02    0.3947633E-03   -0.1097998E-02   -0.6090073E-06   -0.1456315E-05
   -0.3861684E-06    0.4534082E-05   -0.1387342E-05   -0.2238999E-04   -0.1802177E-05   -0.2944344E-04   -0.1953838E-04    0.6620863E-06    0.6170498E-03    0.5769681E-03   -0.3743923E-02    0.3173207E-01    0.1391591E-01    0.1154810E-01    0.1974398E-02    0.3025718E-02    0.4848520E-03    0.3855362E-02   -0.5165812E-02   -0.9832473E-02   -0.6454753E-06    0.4071468E-06   -0.9501976E-05    0.1126283E-05    0.7122150E-04   -0.5459032E-04   -0.7353437E-04   -0.8790109E-05    0.5810893E-03    0.3947633E-03    0.6379830E-02    0.7510703E-02   -0.4262682E-06   -0.1590785E-05
   -0.2301566E-05    0.1852254E-04   -0.4580664E-05   -0.7444236E-04   -0.2647469E-05   -0.9373782E-04   -0.4649921E-04    0.7244284E-05   -0.2848961E-01   -0.8569321E-03   -0.5242721E-02    0.4539654E-01    0.9886529E-02    0.6470700E-02    0.8981231E-01   -0.4014055E-02    0.1846827E-02    0.7918166E-02   -0.4691560E-02    0.8014662E-02   -0.1280688E-06   -0.1413238E-04   -0.3381244E-04    0.6788648E-05    0.6580577E-04   -0.9068274E-04   -0.6930720E-04   -0.7624046E-03    0.4358730E-02   -0.1097998E-02    0.7510703E-02    0.6285064E-01   -0.2480949E-05   -0.2532838E-05
    0.4402459E-08    0.1677816E-07   -0.1140377E-07   -0.2478935E-06   -0.2037632E-07   -0.2961202E-06   -0.3040781E-06   -0.4357862E-07   -0.2279390E-03    0.2899452E-05    0.2021375E-03    0.5859691E-02    0.1059820E-03    0.6972480E-03    0.6016039E-03   -0.1273754E-03    0.2934727E-03   -0.2818830E-03    0.2518050E-04    0.8248050E-04   -0.8887103E-07    0.3515159E-08    0.3589895E-06    0.3287566E-07    0.2220243E-06    0.1536101E-05    0.6444565E-06   -0.4273703E-06   -0.4123610E-06   -0.6090073E-06   -0.4262682E-06   -0.2480949E-05    0.5968778E-06   -0.2580942E-07
   -0.1326864E-07    0.4467702E-07   -0.4194734E-08   -0.7400853E-06    0.2235118E-07   -0.1514374E-05   -0.4446812E-06   -0.1047330E-07    0.4572145E-02   -0.2070992E-04   -0.4041346E-03    0.3429216E-02    0.7560889E-04   -0.2787576E-02   -0.8111015E-02    0.2114356E-03    0.1672850E-04   -0.1505716E-03    0.2484859E-02    0.4422555E-02    0.6841128E-07    0.8340242E-07   -0.7769642E-06    0.1534988E-06   -0.1886035E-06   -0.2969739E-05    0.2754973E-06   -0.1430475E-05    0.1052040E-05   -0.1456315E-05   -0.1590785E-05   -0.2532838E-05   -0.2580942E-07    0.2123949E-05
