# omegabh2 omegach2 theta tau nnu logA ns calPlanck acib217 xi asz143 aps100 aps143 aps143217 aps217 aksz kgal100 kgal143 kgal143217 kgal217 galfTE100 galfTE100143 galfTE100217 galfTE143 galfTE143217 galfTE217 cal0 cal2
  3.3368701E-08   2.8882295E-07  -2.9801037E-08   2.0713184E-07   2.1505708E-05   1.2740841E-06   8.5048863E-07   8.3808754E-09   3.3070789E-05  -2.1600407E-07  -8.7024921E-06   2.6344302E-04   8.2149980E-05   2.2263798E-05  -6.5062831E-06   1.9355004E-05   8.0815112E-06   6.8710477E-06   6.3208356E-06  -1.0219306E-06   2.2732835E-08  -1.5940720E-07  -3.1075862E-07  -3.2018280E-07  -4.8495570E-07  -1.0823873E-06   6.1587902E-10   1.7788533E-09
  2.8882295E-07   8.2223559E-06  -9.0784974E-07  -1.6291498E-06   4.6827034E-04   1.7179858E-05   1.3752886E-05  -3.3886847E-07   2.4203151E-03  -6.4668150E-05  -5.4241037E-04   1.4360275E-02   5.7045341E-03   1.0903915E-03  -6.7407968E-04   1.0802576E-03   1.1737916E-04   3.8912906E-04   4.7781631E-04  -8.9226650E-05   2.7104737E-06   1.3731213E-06  -1.2279342E-06   1.8905842E-06   1.3514610E-06   2.5648778E-05  -9.1914855E-09   6.4988334E-08
 -2.9801037E-08  -9.0784974E-07   1.8396102E-07   1.1874504E-07  -5.4628396E-05  -1.9308974E-06  -1.5981291E-06   4.3301797E-08  -2.7081999E-04   1.0197154E-05   5.6206446E-05  -1.5828358E-03  -5.9857927E-04  -4.9209700E-05   1.0539421E-04  -1.2938661E-04  -1.4296169E-05  -4.9598858E-05  -5.5377956E-05   9.6666227E-06  -3.2780020E-07  -1.6809055E-07  -1.8353343E-07  -3.0211344E-07  -5.0672239E-07  -3.0364356E-06   1.0090360E-09  -5.8533287E-09
  2.0713184E-07  -1.6291498E-06   1.1874504E-07   5.4165713E-05   4.9299438E-05   1.0082183E-04   9.6801059E-06  -1.2789471E-06  -1.1218543E-03   3.8357042E-05   2.8761566E-04  -1.0266032E-02  -2.5514231E-03  -6.4656579E-04  -9.8295867E-04  -3.1204653E-04   2.7448941E-04  -8.4002549E-05  -2.9778614E-04  -3.3530363E-04   3.2705533E-06   4.0107695E-06  -9.9758132E-06  -4.0294586E-06  -4.5413865E-06  -3.3316179E-05  -2.1858731E-08  -1.2113325E-07
  2.1505708E-05   4.6827034E-04  -5.4628396E-05   4.9299438E-05   2.9778425E-02   1.2921211E-03   9.9895583E-04  -9.8829907E-06   1.3735619E-01  -3.7085764E-03  -3.1522103E-02   8.4160550E-01   3.3908653E-01   6.7075048E-02  -3.3087294E-02   6.5071400E-02   1.1271614E-02   2.4840854E-02   3.0356253E-02   2.0543876E-03   1.6084806E-04   5.0738637E-05  -1.6045924E-04   7.4500153E-06  -5.2660486E-05   1.0210011E-03  -8.4291832E-07   3.3730160E-06
  1.2740841E-06   1.7179858E-05  -1.9308974E-06   1.0082183E-04   1.2921211E-03   2.6582122E-04   5.4703155E-05   9.0107729E-06   2.8538076E-03  -3.2630754E-05  -8.8898825E-04   1.7930210E-02   9.6104619E-03   3.6458420E-03   2.2859316E-03   1.4726240E-03   7.9310612E-04   3.5281967E-04   1.1886422E-04   1.2221764E-03   7.8380533E-06   8.2232982E-06  -2.9395932E-05  -3.3026933E-06  -7.7606236E-06  -7.6299293E-06   3.6490121E-08  -5.5664717E-10
  8.5048863E-07   1.3752886E-05  -1.5981291E-06   9.6801059E-06   9.9895583E-04   5.4703155E-05   4.6930340E-05   3.5686253E-07   6.5678423E-04  -2.5252558E-05  -3.6087590E-04   6.6506011E-03   5.8657796E-03   3.7312667E-03   3.2522027E-03   3.0147496E-04   7.4098582E-04   4.4533054E-04   4.6807507E-04   9.5185748E-04   5.4119694E-06   2.0148939E-06  -1.0135182E-05  -5.5587906E-06  -1.2309456E-05   1.9630231E-05  -1.2421560E-07   3.4411951E-08
  8.3808754E-09  -3.3886847E-07   4.3301797E-08  -1.2789471E-06  -9.8829907E-06   9.0107729E-06   3.5686253E-07   6.1639189E-06   2.9606880E-04  -6.4338974E-07  -1.5968518E-05   2.8821487E-03   2.9117053E-05   1.8961213E-04   1.4720759E-03  -1.3861282E-05   1.1548484E-04   2.3505938E-05  -2.9187922E-05   1.0124095E-03  -1.3791480E-06  -7.7825380E-07  -2.2641794E-06   1.2285817E-07  -2.9661994E-07   1.7361653E-07  -1.2490161E-08   2.9498872E-08
  3.3070789E-05   2.4203151E-03  -2.7081999E-04  -1.1218543E-03   1.3735619E-01   2.8538076E-03   6.5678423E-04   2.9606880E-04   4.5294966E+01  -4.1516889E-01  -1.0947614E+00   4.0593273E+01   3.1477019E+00  -1.3105989E+01  -5.5822075E+01   1.2052009E-01   4.0451098E-01   4.9958389E-01  -6.1735418E+00  -3.4201682E+01   6.0317665E-03   3.2532535E-03   1.0467647E-02  -3.5133014E-03  -1.4947227E-03   2.0291796E-02  -1.6290576E-04   6.9059213E-04
 -2.1600407E-07  -6.4668150E-05   1.0197154E-05   3.8357042E-05  -3.7085764E-03  -3.2630754E-05  -2.5252558E-05  -6.4338974E-07  -4.1516889E-01   8.0410946E-02  -2.8181370E-02  -8.0746674E-01   8.3657160E-01   1.6687015E+00   6.3710790E-01   3.9839272E-02  -2.4864980E-02   9.6940797E-03   1.1801119E-01   1.6451721E-01  -5.1206823E-05  -4.9209201E-05  -1.5579269E-04   2.7780785E-04  -3.9650457E-05  -2.6683705E-05   3.0253875E-06   1.3366074E-06
 -8.7024921E-06  -5.4241037E-04   5.6206446E-05   2.8761566E-04  -3.1522103E-02  -8.8898825E-04  -3.6087590E-04  -1.5968518E-05  -1.0947614E+00  -2.8181370E-02   3.7196044E+00  -2.9416010E+01  -3.4052556E+00   7.3806224E+00   5.2986187E+00  -2.5461355E+00  -2.1287366E-01   8.9623401E-02   2.5436444E+00   3.3089288E+00   2.2838938E-04   1.1114128E-03  -5.4825044E-03   1.6397903E-03  -7.2807075E-04  -5.5688357E-03   1.1932249E-04  -3.8813651E-05
  2.6344302E-04   1.4360275E-02  -1.5828358E-03  -1.0266032E-02   8.4160550E-01   1.7930210E-02   6.6506011E-03   2.8821487E-03   4.0593273E+01  -8.0746674E-01  -2.9416010E+01   7.7374906E+02   7.3647860E+01  -5.4799799E+01  -6.3804012E+01   1.4391433E+01  -5.6527159E+00   6.8916879E+00  -9.3844306E+00  -2.2265425E+01   7.8767449E-03  -1.1962909E-02   7.2612022E-02  -4.1964487E-02   9.2421262E-03   8.6916145E-02   3.7333613E-03   6.4996424E-04
  8.2149980E-05   5.7045341E-03  -5.9857927E-04  -2.5514231E-03   3.3908653E-01   9.6104619E-03   5.8657796E-03   2.9117053E-05   3.1477019E+00   8.3657160E-01  -3.4052556E+00   7.3647860E+01   6.1460710E+01   3.8579600E+01   1.3426102E+01  -3.6464829E+00  -3.5002017E-01  -8.2311992E-01   3.8544806E+00   4.1630733E+00   1.4134817E-03   8.9436369E-04  -2.0805762E-03   5.8172383E-03   9.7693135E-03   2.2616420E-02   7.9715251E-05   1.9708064E-04
  2.2263798E-05   1.0903915E-03  -4.9209700E-05  -6.4656579E-04   6.7075048E-02   3.6458420E-03   3.7312667E-03   1.8961213E-04  -1.3105989E+01   1.6687015E+00   7.3806224E+00  -5.4799799E+01   3.8579600E+01   8.2519851E+01   5.1473703E+01  -1.0527425E+01  -1.0869030E+00  -6.3966281E-01   5.1084299E+00   8.6718194E+00  -2.0930830E-03   7.2005424E-04  -7.4062123E-03   1.1801165E-02   4.0091866E-03   1.0276927E-02   4.5703904E-04  -2.3245900E-04
 -6.5062831E-06  -6.7407968E-04   1.0539421E-04  -9.8295867E-04  -3.3087294E-02   2.2859316E-03   3.2522027E-03   1.4720759E-03  -5.5822075E+01   6.3710790E-01   5.2986187E+00  -6.3804012E+01   1.3426102E+01   5.1473703E+01   1.0365987E+02  -8.6023006E+00  -7.5517208E-01  -1.0185649E+00   6.2148408E+00   3.5297098E+01  -8.9308310E-03  -8.8139541E-04  -8.6345754E-03   1.1559919E-02   7.3989194E-03  -1.1543147E-02   4.3984281E-04  -1.1907432E-03
  1.9355004E-05   1.0802576E-03  -1.2938661E-04  -3.1204653E-04   6.5071400E-02   1.4726240E-03   3.0147496E-04  -1.3861282E-05   1.2052009E-01   3.9839272E-02  -2.5461355E+00   1.4391433E+01  -3.6464829E+00  -1.0527425E+01  -8.6023006E+00   5.4647115E+00   1.1360909E-01  -1.1269184E-01  -1.8296485E+00  -2.1006628E+00   7.7395832E-04  -4.5540402E-04   8.0780203E-04   1.8284662E-04   1.2482621E-03   2.1603552E-03  -8.6423193E-05   4.3544700E-06
  8.0815112E-06   1.1737916E-04  -1.4296169E-05   2.7448941E-04   1.1271614E-02   7.9310612E-04   7.4098582E-04   1.1548484E-04   4.0451098E-01  -2.4864980E-02  -2.1287366E-01  -5.6527159E+00  -3.5002017E-01  -1.0869030E+00  -7.5517208E-01   1.1360909E-01   3.3722800E+00   4.9842171E-01   7.7310963E-02  -1.3306467E-01   1.3242202E-03   4.2761144E-04  -3.2616521E-03   2.8934108E-04   1.2350121E-03   3.0047090E-03   1.7884167E-04  -1.7791866E-05
  6.8710477E-06   3.8912906E-04  -4.9598858E-05  -8.4002549E-05   2.4840854E-02   3.5281967E-04   4.4533054E-04   2.3505938E-05   4.9958389E-01   9.6940797E-03   8.9623401E-02   6.8916879E+00  -8.2311992E-01  -6.3966281E-01  -1.0185649E+00  -1.1269184E-01   4.9842171E-01   3.2243033E+00   2.8411467E+00   2.8896687E+00   1.5175201E-03  -6.4229989E-04   9.4544607E-04  -4.6955091E-04   2.5247039E-03   1.0265625E-02  -1.7517531E-04  -4.8656866E-05
  6.3208356E-06   4.7781631E-04  -5.5377956E-05  -2.9778614E-04   3.0356253E-02   1.1886422E-04   4.6807507E-04  -2.9187922E-05  -6.1735418E+00   1.1801119E-01   2.5436444E+00  -9.3844306E+00   3.8544806E+00   5.1084299E+00   6.2148408E+00  -1.8296485E+00   7.7310963E-02   2.8411467E+00   1.0958330E+01   1.9579142E+01   1.8001469E-03  -2.3579719E-05  -8.1010716E-03   2.3194284E-03   2.4337216E-03   4.3610787E-03  -3.7268907E-05   3.8246763E-04
 -1.0219306E-06  -8.9226650E-05   9.6666227E-06  -3.3530363E-04   2.0543876E-03   1.2221764E-03   9.5185748E-04   1.0124095E-03  -3.4201682E+01   1.6451721E-01   3.3089288E+00  -2.2265425E+01   4.1630733E+00   8.6718194E+00   3.5297098E+01  -2.1006628E+00  -1.3306467E-01   2.8896687E+00   1.9579142E+01   5.4293146E+01  -1.4601819E-03  -3.2272351E-03  -1.5173522E-02   4.0749729E-03   3.9234596E-03  -1.2552597E-02   2.5212286E-05   8.7945928E-04
  2.2732835E-08   2.7104737E-06  -3.2780020E-07   3.2705533E-06   1.6084806E-04   7.8380533E-06   5.4119694E-06  -1.3791480E-06   6.0317665E-03  -5.1206823E-05   2.2838938E-04   7.8767449E-03   1.4134817E-03  -2.0930830E-03  -8.9308310E-03   7.7395832E-04   1.3242202E-03   1.5175201E-03   1.8001469E-03  -1.4601819E-03   1.4446151E-03   2.5525638E-04   9.5152127E-05  -3.7288722E-04  -9.8946741E-05   1.8723829E-04   1.4517791E-08   2.3882736E-07
 -1.5940720E-07   1.3731213E-06  -1.6809055E-07   4.0107695E-06   5.0738637E-05   8.2232982E-06   2.0148939E-06  -7.7825380E-07   3.2532535E-03  -4.9209201E-05   1.1114128E-03  -1.1962909E-02   8.9436369E-04   7.2005424E-04  -8.8139541E-04  -4.5540402E-04   4.2761144E-04  -6.4229989E-04  -2.3579719E-05  -3.2272351E-03   2.5525638E-04   8.7811982E-04   6.1391851E-05   7.7412523E-04   9.1198851E-05  -7.9792816E-04  -2.5023174E-07   1.3564401E-07
 -3.1075862E-07  -1.2279342E-06  -1.8353343E-07  -9.9758132E-06  -1.6045924E-04  -2.9395932E-05  -1.0135182E-05  -2.2641794E-06   1.0467647E-02  -1.5579269E-04  -5.4825044E-03   7.2612022E-02  -2.0805762E-03  -7.4062123E-03  -8.6345754E-03   8.0780203E-04  -3.2616521E-03   9.4544607E-04  -8.1010716E-03  -1.5173522E-02   9.5152127E-05   6.1391851E-05   7.2501490E-03  -2.6712799E-04   6.5105178E-04   4.5270527E-03  -7.2332766E-07   6.6023797E-07
 -3.2018280E-07   1.8905842E-06  -3.0211344E-07  -4.0294586E-06   7.4500153E-06  -3.3026933E-06  -5.5587906E-06   1.2285817E-07  -3.5133014E-03   2.7780785E-04   1.6397903E-03  -4.1964487E-02   5.8172383E-03   1.1801165E-02   1.1559919E-02   1.8284662E-04   2.8934108E-04  -4.6955091E-04   2.3194284E-03   4.0749729E-03  -3.7288722E-04   7.7412523E-04  -2.6712799E-04   2.9200324E-03   6.2992384E-04  -8.8150731E-04  -7.4725124E-07   1.8967150E-07
 -4.8495570E-07   1.3514610E-06  -5.0672239E-07  -4.5413865E-06  -5.2660486E-05  -7.7606236E-06  -1.2309456E-05  -2.9661994E-07  -1.4947227E-03  -3.9650457E-05  -7.2807075E-04   9.2421262E-03   9.7693135E-03   4.0091866E-03   7.3989194E-03   1.2482621E-03   1.2350121E-03   2.5247039E-03   2.4337216E-03   3.9234596E-03  -9.8946741E-05   9.1198851E-05   6.5105178E-04   6.2992384E-04   6.3851645E-03   7.9546793E-03  -3.4149292E-07  -2.0288155E-07
 -1.0823873E-06   2.5648778E-05  -3.0364356E-06  -3.3316179E-05   1.0210011E-03  -7.6299293E-06   1.9630231E-05   1.7361653E-07   2.0291796E-02  -2.6683705E-05  -5.5688357E-03   8.6916145E-02   2.2616420E-02   1.0276927E-02  -1.1543147E-02   2.1603552E-03   3.0047090E-03   1.0265625E-02   4.3610787E-03  -1.2552597E-02   1.8723829E-04  -7.9792816E-04   4.5270527E-03  -8.8150731E-04   7.9546793E-03   7.1419805E-02  -6.4027544E-07   1.4540696E-06
  6.1587902E-10  -9.1914855E-09   1.0090360E-09  -2.1858731E-08  -8.4291832E-07   3.6490121E-08  -1.2421560E-07  -1.2490161E-08  -1.6290576E-04   3.0253875E-06   1.1932249E-04   3.7333613E-03   7.9715251E-05   4.5703904E-04   4.3984281E-04  -8.6423193E-05   1.7884167E-04  -1.7517531E-04  -3.7268907E-05   2.5212286E-05   1.4517791E-08  -2.5023174E-07  -7.2332766E-07  -7.4725124E-07  -3.4149292E-07  -6.4027544E-07   3.7697480E-07  -1.7215811E-09
  1.7788533E-09   6.4988334E-08  -5.8533287E-09  -1.2113325E-07   3.3730160E-06  -5.5664717E-10   3.4411951E-08   2.9498872E-08   6.9059213E-04   1.3366074E-06  -3.8813651E-05   6.4996424E-04   1.9708064E-04  -2.3245900E-04  -1.1907432E-03   4.3544700E-06  -1.7791866E-05  -4.8656866E-05   3.8246763E-04   8.7945928E-04   2.3882736E-07   1.3564401E-07   6.6023797E-07   1.8967150E-07  -2.0288155E-07   1.4540696E-06  -1.7215811E-09   3.8110331E-07
