# omegabh2 omegach2 theta tau yhe logA ns calPlanck acib217 xi asz143 aps100 aps143 aps143217 aps217 aksz kgal100 kgal143 kgal143217 kgal217 cal0 cal2
  3.8096716E-08  -4.9050318E-08   2.7625782E-08   1.7543408E-07   1.2547221E-07   3.7919503E-07   2.8563594E-07   7.7307179E-09  -1.4751175E-04   1.9972514E-06   4.0536028E-05  -5.8787698E-04  -3.9195318E-04  -1.4220566E-04  -2.7488156E-05  -4.9644791E-05   9.3758034E-06   1.0794557E-05   1.3003952E-05   6.7786441E-05  -4.3109170E-12  -7.6233090E-09
 -4.9050318E-08   1.4851187E-06  -5.1586360E-08  -1.0311497E-06   3.3335438E-08   1.7513861E-06  -3.0867340E-06   5.3066054E-08  -2.0450545E-04   1.8685153E-06  -1.3399339E-05   1.8095078E-04   4.3223408E-04   4.3789283E-04   6.0013981E-04  -6.4208586E-05   6.6187360E-05  -1.5456088E-05   6.4135683E-05   2.7226269E-04   1.1069799E-08   8.2842816E-09
  2.7625782E-08  -5.1586360E-08   1.8532933E-07   1.3664383E-07   4.8536343E-07   4.8875914E-07   5.4966129E-07   2.2836793E-08  -3.3591090E-05  -2.7847526E-06  -2.7524105E-06  -5.2392041E-05  -8.0792870E-06  -7.7968156E-06   8.1076380E-05   2.8206335E-05   2.2448824E-06  -2.2869761E-05  -2.9632311E-05  -2.0252429E-08  -1.5918769E-09   3.3873780E-09
  1.7543408E-07  -1.0311497E-06   1.3664383E-07   4.8030059E-05  -3.7919199E-08   9.2910172E-05   5.2900910E-06  -2.9690097E-07  -3.2523672E-03   4.1993743E-05   6.1570687E-04  -1.2659524E-02  -4.1490223E-03   6.0666634E-04   3.6960763E-03  -1.2206263E-03  -2.4995534E-04  -2.1710126E-04  -6.1481419E-05   1.2632264E-03  -7.2879890E-08   7.7473202E-09
  1.2547221E-07   3.3335438E-08   4.8536343E-07  -3.7919199E-08   1.5193564E-05   4.1396041E-06   5.6049375E-06   9.9017337E-08   1.3841353E-03  -3.4137991E-05  -3.7575162E-04   6.3273974E-03   3.4599769E-03   1.0888694E-03   1.1900300E-04   4.5255824E-04   2.1087135E-05  -1.2426156E-04  -8.6778283E-05  -3.9013973E-04   3.9082381E-09   7.7466538E-08
  3.7919503E-07   1.7513861E-06   4.8875914E-07   9.2910172E-05   4.1396041E-06   2.1718401E-04   2.6741910E-06   1.1067129E-05  -6.8799856E-03   1.2513771E-04   8.0525424E-04  -1.8098097E-02  -5.1868499E-03   4.2275442E-03   1.2957206E-02  -2.9365753E-03  -8.1751815E-04  -1.0131164E-03  -7.0197896E-04   4.2605859E-03   9.6613440E-08   6.3185841E-08
  2.8563594E-07  -3.0867340E-06   5.4966129E-07   5.2900910E-06   5.6049375E-06   2.6741910E-06   1.8991841E-05   5.3223035E-08  -3.3245640E-03   7.4461557E-05   8.9086185E-04  -1.9599218E-02  -6.0830079E-03   1.2528421E-03   3.3466233E-03  -1.7962316E-03   1.7709119E-04  -2.2318238E-04  -3.8084019E-04   8.1945503E-04  -1.7867375E-07  -4.3998366E-08
  7.7307179E-09   5.3066054E-08   2.2836793E-08  -2.9690097E-07   9.9017337E-08   1.1067129E-05   5.3223035E-08   5.7578003E-06   1.0882596E-03   6.4171637E-06  -1.6611782E-04   5.0731980E-03   6.3927958E-04  -4.1594793E-05  -5.2215333E-05   2.2445809E-04  -5.0287899E-05   2.6641517E-05  -1.6610798E-04   3.0380152E-04   1.8123312E-08   1.8576044E-08
 -1.4751175E-04  -2.0450545E-04  -3.3591090E-05  -3.2523672E-03   1.3841353E-03  -6.8799856E-03  -3.3245640E-03   1.0882596E-03   4.7522929E+01  -4.0012043E-01  -1.0206796E+00   4.6184669E+01   4.0122017E+00  -1.2693626E+01  -5.6997362E+01  -3.1915832E-01   6.1112723E-02   1.0075471E+00  -5.8832802E+00  -3.5443312E+01  -2.5135948E-04   7.2609504E-04
  1.9972514E-06   1.8685153E-06  -2.7847526E-06   4.1993743E-05  -3.4137991E-05   1.2513771E-04   7.4461557E-05   6.4171637E-06  -4.0012043E-01   8.2449808E-02  -5.4791254E-02  -4.1477487E-01   9.0144906E-01   1.6040097E+00   5.5561889E-01   7.1312642E-02  -9.2957222E-03   8.8478970E-03   1.2048523E-01   1.9536983E-01   9.4560118E-06   5.1978556E-07
  4.0536028E-05  -1.3399339E-05  -2.7524105E-06   6.1570687E-04  -3.7575162E-04   8.0525424E-04   8.9086185E-04  -1.6611782E-04  -1.0206796E+00  -5.4791254E-02   4.0649373E+00  -3.0846858E+01  -3.7270909E+00   7.6736005E+00   5.6095424E+00  -2.9891225E+00  -1.5510746E-01   1.9419844E-01   2.7757096E+00   3.4172478E+00   1.0377943E-04  -7.6743724E-05
 -5.8787698E-04   1.8095078E-04  -5.2392041E-05  -1.2659524E-02   6.3273974E-03  -1.8098097E-02  -1.9599218E-02   5.0731980E-03   4.6184669E+01  -4.1477487E-01  -3.0846858E+01   7.8065036E+02   7.5168770E+01  -5.0380616E+01  -6.8890196E+01   1.3210981E+01  -7.6673883E+00   6.2853887E+00  -1.3153992E+01  -3.0404087E+01   3.4803455E-03   1.1388671E-03
 -3.9195318E-04   4.3223408E-04  -8.0792870E-06  -4.1490223E-03   3.4599769E-03  -5.1868499E-03  -6.0830079E-03   6.3927958E-04   4.0122017E+00   9.0144906E-01  -3.7270909E+00   7.5168770E+01   6.5024589E+01   4.0761134E+01   1.4210064E+01  -4.3914238E+00  -7.5698957E-01  -1.9276788E+00   2.8588913E+00   3.0146972E+00   1.8281544E-04   3.6954293E-04
 -1.4220566E-04   4.3789283E-04  -7.7968156E-06   6.0666634E-04   1.0888694E-03   4.2275442E-03   1.2528421E-03  -4.1594793E-05  -1.2693626E+01   1.6040097E+00   7.6736005E+00  -5.0380616E+01   4.0761134E+01   8.4394351E+01   5.3219567E+01  -1.1960942E+01  -1.0137726E+00  -1.0464576E+00   4.8438943E+00   8.5283973E+00   4.7612795E-04  -3.0672370E-04
 -2.7488156E-05   6.0013981E-04   8.1076380E-05   3.6960763E-03   1.1900300E-04   1.2957206E-02   3.3466233E-03  -5.2215333E-05  -5.6997362E+01   5.5561889E-01   5.6095424E+00  -6.8890196E+01   1.4210064E+01   5.3219567E+01   1.0593401E+02  -9.4653882E+00  -7.3564064E-01  -1.9485189E+00   5.2439387E+00   3.4948208E+01   4.8647211E-04  -1.2957028E-03
 -4.9644791E-05  -6.4208586E-05   2.8206335E-05  -1.2206263E-03   4.5255824E-04  -2.9365753E-03  -1.7962316E-03   2.2445809E-04  -3.1915832E-01   7.1312642E-02  -2.9891225E+00   1.3210981E+01  -4.3914238E+00  -1.1960942E+01  -9.4653882E+00   6.3411893E+00   2.0696309E-01  -2.0852910E-01  -2.1489974E+00  -2.3176829E+00  -3.4860176E-05   1.8631435E-06
  9.3758034E-06   6.6187360E-05   2.2448824E-06  -2.4995534E-04   2.1087135E-05  -8.1751815E-04   1.7709119E-04  -5.0287899E-05   6.1112723E-02  -9.2957222E-03  -1.5510746E-01  -7.6673883E+00  -7.5698957E-01  -1.0137726E+00  -7.3564064E-01   2.0696309E-01   3.3323477E+00   5.9960145E-01   2.4404815E-01   2.0005145E-01   1.6386841E-04  -3.3427760E-05
  1.0794557E-05  -1.5456088E-05  -2.2869761E-05  -2.1710126E-04  -1.2426156E-04  -1.0131164E-03  -2.2318238E-04   2.6641517E-05   1.0075471E+00   8.8478970E-03   1.9419844E-01   6.2853887E+00  -1.9276788E+00  -1.0464576E+00  -1.9485189E+00  -2.0852910E-01   5.9960145E-01   3.2377021E+00   2.6195270E+00   2.2182520E+00  -1.8811805E-04  -2.7017394E-05
  1.3003952E-05   6.4135683E-05  -2.9632311E-05  -6.1481419E-05  -8.6778283E-05  -7.0197896E-04  -3.8084019E-04  -1.6610798E-04  -5.8832802E+00   1.2048523E-01   2.7757096E+00  -1.3153992E+01   2.8588913E+00   4.8438943E+00   5.2439387E+00  -2.1489974E+00   2.4404815E-01   2.6195270E+00   1.0872891E+01   1.9457413E+01   2.3029662E-05   4.4072306E-04
  6.7786441E-05   2.7226269E-04  -2.0252429E-08   1.2632264E-03  -3.9013973E-04   4.2605859E-03   8.1945503E-04   3.0380152E-04  -3.5443312E+01   1.9536983E-01   3.4172478E+00  -3.0404087E+01   3.0146972E+00   8.5283973E+00   3.4948208E+01  -2.3176829E+00   2.0005145E-01   2.2182520E+00   1.9457413E+01   5.5247623E+01   1.6618602E-04   9.7508876E-04
 -4.3109170E-12   1.1069799E-08  -1.5918769E-09  -7.2879890E-08   3.9082381E-09   9.6613440E-08  -1.7867375E-07   1.8123312E-08  -2.5135948E-04   9.4560118E-06   1.0377943E-04   3.4803455E-03   1.8281544E-04   4.7612795E-04   4.8647211E-04  -3.4860176E-05   1.6386841E-04  -1.8811805E-04   2.3029662E-05   1.6618602E-04   3.7354121E-07  -1.0768903E-09
 -7.6233090E-09   8.2842816E-09   3.3873780E-09   7.7473202E-09   7.7466538E-08   6.3185841E-08  -4.3998366E-08   1.8576044E-08   7.2609504E-04   5.1978556E-07  -7.6743724E-05   1.1388671E-03   3.6954293E-04  -3.0672370E-04  -1.2957028E-03   1.8631435E-06  -3.3427760E-05  -2.7017394E-05   4.4072306E-04   9.7508876E-04  -1.0768903E-09   3.8926263E-07
