# omegabh2 omegach2 theta tau logA ns calPlanck acib217 xi asz143 aps100 aps143 aps143217 aps217 aksz kgal100 kgal143 kgal143217 kgal217 cal0 cal2
  3.6066946E-08  -3.6700890E-08   1.8247425E-08   1.8157669E-07   3.6658827E-07   2.3232987E-07  -1.6998665E-09  -1.4494180E-04   2.5997751E-06   4.5020341E-05  -8.0490550E-04  -4.2136136E-04  -1.0954945E-04  -5.9522535E-06  -6.2561721E-05   1.6160905E-06  -2.9301927E-06   1.9682607E-06   4.4646321E-05   4.6147147E-09  -1.5274183E-09
 -3.6700890E-08   1.0951986E-06  -2.1774050E-08  -2.4644062E-06  -2.8817139E-06  -2.2651433E-06  -2.8306211E-07  -2.7254596E-05  -7.5906608E-07  -8.5556517E-05   5.4750848E-04   1.9523272E-04  -3.5188870E-05   4.1695320E-05   9.4089266E-05   4.9043822E-05   2.6570166E-05  -1.8428125E-05  -1.2799692E-05  -1.2267403E-08   1.5575814E-09
  1.8247425E-08  -2.1774050E-08   1.7462742E-07   3.2996568E-07   8.7310484E-07   3.0972453E-07   3.0080565E-08  -5.2890919E-05   3.3784316E-06   2.0535998E-05  -5.7319888E-05   1.9224634E-05   9.8588659E-05   7.8053338E-05  -2.5065247E-05   3.0364289E-06   2.9589003E-06   3.8140011E-05   6.3273205E-05   1.3293391E-08  -9.5439792E-09
  1.8157669E-07  -2.4644062E-06   3.2996568E-07   4.5918253E-05   8.5134699E-05   7.1816400E-06  -1.9997184E-07  -1.1180670E-03  -7.6204887E-07   8.7798295E-04  -8.4622945E-03  -2.1450985E-03  -2.2354265E-04   2.5316221E-04  -1.1150818E-03   1.6234102E-04   6.6769514E-05   1.0148125E-03   1.7044991E-03  -2.2543941E-08  -5.1945632E-08
  3.6658827E-07  -2.8817139E-06   8.7310484E-07   8.5134699E-05   1.8794283E-04   8.8935733E-06   1.0911291E-05  -2.6753294E-03   3.0588299E-05   1.3544023E-03  -1.0182491E-02  -3.9132282E-03   6.7537581E-04   5.7574748E-03  -2.5053901E-03   3.9712531E-05  -3.0514137E-04   1.0187157E-03   4.3271212E-03   1.5805261E-07  -1.2332331E-07
  2.3232987E-07  -2.2651433E-06   3.0972453E-07   7.1816400E-06   8.8935733E-06   1.6101342E-05   8.3282151E-07  -4.4106273E-03   1.1361362E-04   1.2892282E-03  -2.7168649E-02  -7.1494601E-03   2.7022303E-03   5.1868962E-03  -2.7230002E-03   4.1866038E-04  -2.8689021E-04  -1.8438892E-04   1.4334154E-03  -4.9770450E-09  -5.8701767E-08
 -1.6998665E-09  -2.8306211E-07   3.0080565E-08  -1.9997184E-07   1.0911291E-05   8.3282151E-07   6.0321862E-06   6.4601283E-04  -3.7239907E-06  -9.3354686E-05   4.5341524E-03  -3.9168603E-05  -2.3593657E-04   9.2064460E-04   1.5006519E-04   1.8816824E-05   6.1560014E-05  -2.1231238E-04   6.0476066E-04   1.7218361E-08   1.4399028E-08
 -1.4494180E-04  -2.7254596E-05  -5.2890919E-05  -1.1180670E-03  -2.6753294E-03  -4.4106273E-03   6.4601283E-04   4.5599874E+01  -3.5459279E-01  -1.3004369E+00   3.6112335E+01   2.7853309E+00  -1.3870660E+01  -5.7063361E+01   2.4970986E-01   1.4154788E-01   5.0058646E-01  -6.2372992E+00  -3.4272361E+01  -2.7280147E-04   7.6045122E-04
  2.5997751E-06  -7.5906608E-07   3.3784316E-06  -7.6204887E-07   3.0588299E-05   1.1361362E-04  -3.7239907E-06  -3.5459279E-01   8.1707567E-02  -5.1223920E-02  -4.6415421E-01   8.2549624E-01   1.5969315E+00   5.4604264E-01   5.2718219E-02  -1.1698362E-02   8.7175200E-03   8.4522269E-02   9.6321878E-02   3.1533844E-06  -2.6944185E-06
  4.5020341E-05  -8.5556517E-05   2.0535998E-05   8.7798295E-04   1.3544023E-03   1.2892282E-03  -9.3354686E-05  -1.3004369E+00  -5.1223920E-02   3.9959147E+00  -3.1567722E+01  -3.3749997E+00   8.2617909E+00   6.3044125E+00  -2.9940311E+00  -1.8107306E-01   1.5699445E-01   2.6748000E+00   3.4838462E+00   1.2056277E-04  -5.5849689E-05
 -8.0490550E-04   5.4750848E-04  -5.7319888E-05  -8.4622945E-03  -1.0182491E-02  -2.7168649E-02   4.5341524E-03   3.6112335E+01  -4.6415421E-01  -3.1567722E+01   8.0999380E+02   7.7099910E+01  -5.3257457E+01  -6.0079362E+01   1.5341673E+01  -6.9531397E+00   6.8271415E+00  -1.0727983E+01  -2.0866787E+01   3.5514918E-03   6.3727671E-04
 -4.2136136E-04   1.9523272E-04   1.9224634E-05  -2.1450985E-03  -3.9132282E-03  -7.1494601E-03  -3.9168603E-05   2.7853309E+00   8.2549624E-01  -3.3749997E+00   7.7099910E+01   6.3096609E+01   3.9124137E+01   1.4835331E+01  -4.8754559E+00  -6.1027748E-01  -9.0281830E-01   3.5407162E+00   3.8792140E+00   1.6184283E-05   7.6583150E-05
 -1.0954945E-04  -3.5188870E-05   9.8588659E-05  -2.2354265E-04   6.7537581E-04   2.7022303E-03  -2.3593657E-04  -1.3870660E+01   1.5969315E+00   8.2617909E+00  -5.3257457E+01   3.9124137E+01   8.6374933E+01   5.6087637E+01  -1.2828481E+01  -8.7034186E-01  -3.5638026E-01   4.9037305E+00   8.2986939E+00   4.7166138E-04  -5.2481944E-04
 -5.9522535E-06   4.1695320E-05   7.8053338E-05   2.5316221E-04   5.7574748E-03   5.1868962E-03   9.2064460E-04  -5.7063361E+01   5.4604264E-01   6.3044125E+00  -6.0079362E+01   1.4835331E+01   5.6087637E+01   1.0903470E+02  -1.0440001E+01  -6.8798642E-01  -8.6624093E-01   6.5145545E+00   3.5604064E+01   5.9474117E-04  -1.4568294E-03
 -6.2561721E-05   9.4089266E-05  -2.5065247E-05  -1.1150818E-03  -2.5053901E-03  -2.7230002E-03   1.5006519E-04   2.4970986E-01   5.2718219E-02  -2.9940311E+00   1.5341673E+01  -4.8754559E+00  -1.2828481E+01  -1.0440001E+01   6.3518514E+00   1.0000882E-01  -3.1906897E-01  -2.3031439E+00  -2.5796838E+00  -1.1648104E-04   2.8658248E-05
  1.6160905E-06   4.9043822E-05   3.0364289E-06   1.6234102E-04   3.9712531E-05   4.1866038E-04   1.8816824E-05   1.4154788E-01  -1.1698362E-02  -1.8107306E-01  -6.9531397E+00  -6.1027748E-01  -8.7034186E-01  -6.8798642E-01   1.0000882E-01   3.4163240E+00   4.8271651E-01   7.8027496E-02   2.2843523E-01   1.7796152E-04   4.0311523E-05
 -2.9301927E-06   2.6570166E-05   2.9589003E-06   6.6769514E-05  -3.0514137E-04  -2.8689021E-04   6.1560014E-05   5.0058646E-01   8.7175200E-03   1.5699445E-01   6.8271415E+00  -9.0281830E-01  -3.5638026E-01  -8.6624093E-01  -3.1906897E-01   4.8271651E-01   3.2588280E+00   2.8569438E+00   2.9090599E+00  -1.8730240E-04  -5.6780796E-05
  1.9682607E-06  -1.8428125E-05   3.8140011E-05   1.0148125E-03   1.0187157E-03  -1.8438892E-04  -2.1231238E-04  -6.2372992E+00   8.4522269E-02   2.6748000E+00  -1.0727983E+01   3.5407162E+00   4.9037305E+00   6.5145545E+00  -2.3031439E+00   7.8027496E-02   2.8569438E+00   1.1052188E+01   1.9662432E+01  -2.2530860E-05   3.7026033E-04
  4.4646321E-05  -1.2799692E-05   6.3273205E-05   1.7044991E-03   4.3271212E-03   1.4334154E-03   6.0476066E-04  -3.4272361E+01   9.6321878E-02   3.4838462E+00  -2.0866787E+01   3.8792140E+00   8.2986939E+00   3.5604064E+01  -2.5796838E+00   2.2843523E-01   2.9090599E+00   1.9662432E+01   5.4218020E+01   1.2112498E-04   8.6024002E-04
  4.6147147E-09  -1.2267403E-08   1.3293391E-08  -2.2543941E-08   1.5805261E-07  -4.9770450E-09   1.7218361E-08  -2.7280147E-04   3.1533844E-06   1.2056277E-04   3.5514918E-03   1.6184283E-05   4.7166138E-04   5.9474117E-04  -1.1648104E-04   1.7796152E-04  -1.8730240E-04  -2.2530860E-05   1.2112498E-04   3.8794961E-07   7.7282731E-09
 -1.5274183E-09   1.5575814E-09  -9.5439792E-09  -5.1945632E-08  -1.2332331E-07  -5.8701767E-08   1.4399028E-08   7.6045122E-04  -2.6944185E-06  -5.5849689E-05   6.3727671E-04   7.6583150E-05  -5.2481944E-04  -1.4568294E-03   2.8658248E-05   4.0311523E-05  -5.6780796E-05   3.7026033E-04   8.6024002E-04   7.7282731E-09   3.8880058E-07
