# omegabh2 omegach2 theta tau logA ns nrun calPlanck aps100 aps143 aps217 acib217 asz143 psr cibr xi aksz dust100 dust143 dust217 dust143x217 cal0 cal2
  4.4046449E-08  -5.6474298E-08   2.5815106E-08   4.3067615E-07   1.0278037E-06   1.6387287E-07  -6.7556344E-07   2.2692962E-08  -1.5896448E-04  -2.4731213E-04  -4.5168019E-05  -8.0681376E-05   1.1151833E-05  -1.7172510E-07  -1.2018585E-06   9.5255727E-07   4.0416487E-08   2.3097437E-06   1.2803882E-06   9.3699811E-07   8.1456937E-07   4.3369841E-09  -4.6391511E-09
 -5.6474298E-08   1.4804304E-06  -6.6294065E-08  -1.1292379E-06   1.6949192E-06  -3.5404074E-06  -1.0554238E-06   2.7689183E-08   1.1509798E-03   1.0650622E-03  -1.6138110E-04   4.3535017E-04  -6.8329181E-05  -4.5158661E-06   8.5479728E-06  -5.1269175E-06   7.7597322E-05   4.5505693E-07  -2.3167632E-06  -2.5697439E-06  -7.0561320E-07  -1.5107961E-08   2.9700150E-08
  2.5815106E-08  -6.6294065E-08   1.7774371E-07   3.4407902E-07   8.1325153E-07   3.5879189E-07  -2.4737256E-07   2.6517333E-08  -2.5131240E-04  -2.6670867E-05  -9.0900318E-05   4.0850811E-05   1.5128211E-05  -2.7071254E-06   3.8412357E-06  -3.9594868E-06   4.5795230E-06  -3.5730474E-07  -2.2584176E-07   4.2933741E-07  -1.3582537E-06  -9.1985637E-09   7.6577075E-09
  4.3067615E-07  -1.1292379E-06   3.4407902E-07   7.0386606E-05   1.4148159E-04   4.1447677E-06  -1.7655146E-05  -3.2457200E-07  -2.7682462E-03  -5.0805763E-04  -9.9250805E-04  -8.2527937E-04  -1.7710670E-04  -1.0405057E-05  -3.3488588E-05   5.2152075E-05   1.3636230E-04   3.3749351E-05   1.8148169E-05   1.4948742E-05   3.2150384E-05   5.1536487E-09  -1.2564320E-07
  1.0278037E-06   1.6949192E-06   8.1325153E-07   1.4148159E-04   3.2702549E-04  -4.3439176E-06  -5.0923192E-05   1.1815863E-05   1.0977722E-02   4.9895828E-03   3.6743228E-03  -4.1280417E-04  -7.9289253E-04  -2.0362004E-05  -9.5149602E-05   8.2555031E-05   3.2336273E-04   9.1980630E-05  -5.6745215E-05   4.7654869E-05   5.1579934E-05   6.9577291E-07   1.1914193E-08
  1.6387287E-07  -3.5404074E-06   3.5879189E-07   4.1447677E-06  -4.3439176E-06   2.1564292E-05   1.2066928E-05   2.7650796E-07  -3.2524596E-02  -1.2432226E-02   1.1337112E-02  -8.8507486E-03   9.7665487E-04   9.3701591E-05  -1.5679821E-04   1.1664918E-04  -2.8717341E-03   1.3865225E-05  -1.8096440E-05   4.5274317E-05  -1.5529197E-06  -3.8980924E-07  -5.5354371E-07
 -6.7556344E-07  -1.0554238E-06  -2.4737256E-07  -1.7655146E-05  -5.0923192E-05   1.2066928E-05   5.7599775E-05   1.3659726E-07  -3.9118959E-02  -1.7331809E-02   1.2740900E-02  -1.0701352E-02   1.2069091E-03   1.0121308E-04  -1.8238504E-04   8.1936250E-05  -3.4546057E-03  -7.9692607E-05  -4.3583779E-05   4.1820616E-05  -2.6578664E-05  -4.3633081E-07  -8.2471118E-07
  2.2692962E-08   2.7689183E-08   2.6517333E-08  -3.2457200E-07   1.1815863E-05   2.7650796E-07   1.3659726E-07   6.1581805E-06   2.9908165E-03  -4.0180940E-04   1.7109306E-03   2.3003527E-04  -3.2161463E-05   3.8928777E-06  -1.9961814E-05  -1.2141744E-05   1.4028613E-05   4.7437236E-06  -1.0661438E-06   7.5414549E-06  -2.7609287E-06  -2.6821495E-08  -1.8362028E-08
 -1.5896448E-04   1.1509798E-03  -2.5131240E-04  -2.7682462E-03   1.0977722E-02  -3.2524596E-02  -3.9118959E-02   2.9908165E-03   6.2904214E+02   7.2622644E+01  -6.8154379E+01   4.1150708E+01  -2.5472939E+01  -8.9848845E-01   6.2828999E-02  -4.0435610E-01   1.2140040E+01  -1.2635711E-01   2.2727586E-01  -2.9406028E-01  -2.2888162E-01   6.8262358E-03   3.7832122E-03
 -2.4731213E-04   1.0650622E-03  -2.6670867E-05  -5.0805763E-04   4.9895828E-03  -1.2432226E-02  -1.7331809E-02  -4.0180940E-04   7.2622644E+01   7.4493453E+01   5.8997254E+00   1.0573444E+01  -6.5058332E-01  -3.2096622E-02   5.1551406E-01   8.1321362E-01  -7.3863701E+00  -1.5928056E-02  -2.4125546E-01   1.8348360E-02   4.3235204E-02   9.0927745E-04   6.8308477E-04
 -4.5168019E-05  -1.6138110E-04  -9.0900318E-05  -9.9250805E-04   3.6743228E-03   1.1337112E-02   1.2740900E-02   1.7109306E-03  -6.8154379E+01   5.8997254E+00   1.8217904E+02  -8.7593305E+01   2.9302899E+00   4.1707512E-01  -1.1526530E+00   3.2992579E-01  -8.0666899E+00  -8.0564482E-02  -3.6360309E-01   5.7952906E-01   3.1720248E-02   1.7749727E-03  -7.9434949E-03
 -8.0681376E-05   4.3535017E-04   4.0850811E-05  -8.2527937E-04  -4.1280417E-04  -8.8507486E-03  -1.0701352E-02   2.3003527E-04   4.1150708E+01   1.0573444E+01  -8.7593305E+01   5.5598097E+01   1.4131310E+00  -9.3961257E-02   7.9526244E-01  -2.6013259E-01  -2.0142149E+00   2.3803138E-02   1.9910570E-01  -4.7561613E-01  -1.4329300E-01  -6.0666522E-04   3.3072103E-03
  1.1151833E-05  -6.8329181E-05   1.5128211E-05  -1.7710670E-04  -7.9289253E-04   9.7665487E-04   1.2069091E-03  -3.2161463E-05  -2.5472939E+01  -6.5058332E-01   2.9302899E+00   1.4131310E+00   4.2362948E+00   1.0112291E-01   1.3809104E-01  -2.6819594E-02  -3.5009416E+00  -1.4447522E-02  -9.3440381E-03   7.3691735E-03   5.2582929E-02   4.3150426E-04  -2.2502545E-04
 -1.7172510E-07  -4.5158661E-06  -2.7071254E-06  -1.0405057E-05  -2.0362004E-05   9.3701591E-05   1.0121308E-04   3.8928777E-06  -8.9848845E-01  -3.2096622E-02   4.1707512E-01  -9.3961257E-02   1.0112291E-01   1.6522115E-02  -1.7016954E-02   1.2734831E-02  -1.1062476E-01   1.1041076E-04  -1.1682071E-03  -2.1482603E-03   5.8244546E-03   1.5718920E-05  -3.9316616E-05
 -1.2018585E-06   8.5479728E-06   3.8412357E-06  -3.3488588E-05  -9.5149602E-05  -1.5679821E-04  -1.8238504E-04  -1.9961814E-05   6.2828999E-02   5.1551406E-01  -1.1526530E+00   7.9526244E-01   1.3809104E-01  -1.7016954E-02   6.6210321E-02   4.0269127E-03  -1.3172641E-01  -1.3717694E-04   5.8362810E-03  -1.4093489E-03  -1.9090474E-02  -5.9174053E-06   9.6379896E-05
  9.5255727E-07  -5.1269175E-06  -3.9594868E-06   5.2152075E-05   8.2555031E-05   1.1664918E-04   8.1936250E-05  -1.2141744E-05  -4.0435610E-01   8.1321362E-01   3.2992579E-01  -2.6013259E-01  -2.6819594E-02   1.2734831E-02   4.0269127E-03   8.2713629E-02   2.2872093E-02   2.1153801E-03   5.6570435E-05   9.2016823E-04   8.5454341E-04   1.2695371E-05  -1.4259188E-05
  4.0416487E-08   7.7597322E-05   4.5795230E-06   1.3636230E-04   3.2336273E-04  -2.8717341E-03  -3.4546057E-03   1.4028613E-05   1.2140040E+01  -7.3863701E+00  -8.0666899E+00  -2.0142149E+00  -3.5009416E+00  -1.1062476E-01  -1.3172641E-01   2.2872093E-02   7.5767209E+00   5.7597328E-03   2.2815802E-03  -3.6314045E-03  -4.8320671E-02  -3.4143554E-04   1.2679532E-04
  2.3097437E-06   4.5505693E-07  -3.5730474E-07   3.3749351E-05   9.1980630E-05   1.3865225E-05  -7.9692607E-05   4.7437236E-06  -1.2635711E-01  -1.5928056E-02  -8.0564482E-02   2.3803138E-02  -1.4447522E-02   1.1041076E-04  -1.3717694E-04   2.1153801E-03   5.7597328E-03   3.8518077E-02   2.6323432E-03   6.5840556E-06   8.5798350E-04   3.7588411E-05   1.0332729E-06
  1.2803882E-06  -2.3167632E-06  -2.2584176E-07   1.8148169E-05  -5.6745215E-05  -1.8096440E-05  -4.3583779E-05  -1.0661438E-06   2.2727586E-01  -2.4125546E-01  -3.6360309E-01   1.9910570E-01  -9.3440381E-03  -1.1682071E-03   5.8362810E-03   5.6570435E-05   2.2815802E-03   2.6323432E-03   3.0279298E-02  -8.0358162E-04   5.9103702E-03  -8.2021939E-05  -3.5859011E-05
  9.3699811E-07  -2.5697439E-06   4.2933741E-07   1.4948742E-05   4.7654869E-05   4.5274317E-05   4.1820616E-05   7.5414549E-06  -2.9406028E-01   1.8348360E-02   5.7952906E-01  -4.7561613E-01   7.3691735E-03  -2.1482603E-03  -1.4093489E-03   9.2016823E-04  -3.6314045E-03   6.5840556E-06  -8.0358162E-04   1.0758299E-02   8.8110640E-03   5.2660193E-06   6.0219273E-05
  8.1456937E-07  -7.0561320E-07  -1.3582537E-06   3.2150384E-05   5.1579934E-05  -1.5529197E-06  -2.6578664E-05  -2.7609287E-06  -2.2888162E-01   4.3235204E-02   3.1720248E-02  -1.4329300E-01   5.2582929E-02   5.8244546E-03  -1.9090474E-02   8.5454341E-04  -4.8320671E-02   8.5798350E-04   5.9103702E-03   8.8110640E-03   2.7661134E-02  -3.1882053E-06   5.4684293E-05
  4.3369841E-09  -1.5107961E-08  -9.1985637E-09   5.1536487E-09   6.9577291E-07  -3.8980924E-07  -4.3633081E-07  -2.6821495E-08   6.8262358E-03   9.0927745E-04   1.7749727E-03  -6.0666522E-04   4.3150426E-04   1.5718920E-05  -5.9174053E-06   1.2695371E-05  -3.4143554E-04   3.7588411E-05  -8.2021939E-05   5.2660193E-06  -3.1882053E-06   1.1105548E-06   5.2874621E-08
 -4.6391511E-09   2.9700150E-08   7.6577075E-09  -1.2564320E-07   1.1914193E-08  -5.5354371E-07  -8.2471118E-07  -1.8362028E-08   3.7832122E-03   6.8308477E-04  -7.9434949E-03   3.3072103E-03  -2.2502545E-04  -3.9316616E-05   9.6379896E-05  -1.4259188E-05   1.2679532E-04   1.0332729E-06  -3.5859011E-05   6.0219273E-05   5.4684293E-05   5.2874621E-08   2.4233723E-06
