# omegabh2 omegach2 theta tau logA ns nrun r calPlanck BBdust BBsync BBalphadust BBbetadust BBalphasync BBbetasync BBdustsynccorr acib217 xi asz143 aps100 aps143 aps143217 aps217 aksz kgal100 kgal143 kgal143217 kgal217 galfTE100 galfTE100143 galfTE100217 galfTE143 galfTE143217 galfTE217 cal0 cal2
  1.9940937E-08  -5.3579364E-08   1.0972268E-08   2.4246352E-07   5.0959675E-07   1.1076602E-07  -2.9258626E-07   1.9657427E-07   5.3659871E-09  -5.8069490E-07   3.7046823E-07   9.9191374E-08  -9.0082183E-08   4.9893016E-08   7.8421930E-08  -4.3250391E-07  -1.9327820E-05   4.8283325E-07   7.8594436E-06  -1.1938137E-04  -1.0278071E-04  -4.7304250E-05  -2.0001470E-05  -1.2738492E-05   3.7782698E-07  -6.5858057E-07  -3.1438751E-06  -6.7688928E-06  -6.3926285E-08  -4.4312501E-08  -6.8224722E-08  -2.4824432E-07  -5.3920723E-07  -1.9272363E-06   3.5673031E-09  -1.0884121E-09
 -5.3579364E-08   1.0391791E-06  -5.5937229E-08  -1.5219192E-06  -3.7705774E-07  -2.5006226E-06  -6.4148482E-07  -1.3479068E-06  -3.0274361E-08   1.7461095E-06  -5.8213114E-06  -6.7399944E-06   7.9160324E-07   8.4024672E-07   2.6383996E-07  -1.1426227E-06   1.0490828E-04   3.8470493E-07  -7.4429826E-05   1.2229955E-03   8.4993301E-04   4.6304210E-04   3.0325232E-04   7.1167420E-05  -3.9385678E-05  -2.1178410E-05  -7.6380457E-07  -7.4929854E-06   3.2384874E-07   1.2615708E-07   3.9883593E-07   2.8212840E-07   6.9250518E-07   1.1303960E-05   8.8276679E-10   7.5362015E-09
  1.0972268E-08  -5.5937229E-08   8.6701926E-08   1.8628583E-07   3.3924053E-07   2.5807914E-07   6.8078317E-09   6.3188673E-08   8.4675439E-09   2.7148119E-07  -1.6813208E-06   9.8242510E-07  -3.4972294E-07   4.8735083E-08   4.2405395E-07   1.1789771E-07   1.5745912E-05   3.2409001E-07   5.9416357E-06  -6.7311688E-05  -5.2003058E-05  -2.0404892E-05  -2.9772562E-05  -6.2650827E-08  -5.5151126E-06  -3.7842926E-06  -9.6497295E-06  -3.4019338E-05   1.0591779E-07  -1.2153082E-07  -3.0554768E-07  -3.4252308E-07  -5.5918288E-07  -1.6061259E-06  -1.3982652E-09   2.0479009E-11
  2.4246352E-07  -1.5219192E-06   1.8628583E-07   6.9752787E-05   1.3742574E-04   4.6518209E-06  -1.2567513E-05  -1.5273719E-06  -5.4997037E-07  -2.5539869E-05  -6.4161489E-05  -2.4588390E-05   1.2517303E-05  -2.5454622E-05  -7.2150934E-06  -3.8188495E-05   1.0833954E-04  -2.4958287E-06  -6.9707134E-05  -3.5047670E-03  -3.8528537E-04  -4.6186218E-04  -9.7878896E-05  -2.3887024E-04   1.1874594E-04  -1.0618922E-04  -3.5456061E-04  -8.2693698E-04  -6.6703398E-07   7.0335728E-07  -2.1613035E-06  -1.3818592E-06  -1.2841045E-05  -4.4346029E-05  -7.5578909E-09  -5.2139102E-08
  5.0959675E-07  -3.7705774E-07   3.3924053E-07   1.3742574E-04   3.0809925E-04   2.5140203E-07  -3.6782879E-05  -4.3613053E-06   1.1293373E-05   7.9013286E-07  -7.8596831E-05  -1.2944624E-04   3.6831636E-05  -5.0949223E-05   5.0197588E-06  -9.9347894E-05   1.8766290E-03   1.6321625E-05  -7.1908348E-04   5.4280815E-03   5.3221578E-03   2.8898269E-03   5.0904225E-03  -4.1676749E-04  -3.0157478E-05  -6.7674441E-04  -9.5414693E-04  -5.1678706E-04   1.3654910E-06  -1.5252812E-07  -5.9872968E-06  -7.9616060E-06  -2.6190516E-05  -4.0366240E-05   1.6987213E-07  -7.0974533E-08
  1.1076602E-07  -2.5006226E-06   2.5807914E-07   4.6518209E-06   2.5140203E-07   1.6248807E-05   9.0378913E-06   4.8368944E-06   2.7030329E-07   3.4605982E-06  -3.6474721E-05   1.5408442E-05   6.1959471E-07  -6.4758136E-06   6.1422800E-06  -5.0730059E-06  -5.2690590E-03   9.9905368E-05   1.3222533E-03  -2.9255465E-02  -9.1762286E-03   1.2173606E-03   5.3719446E-03  -2.8279248E-03   2.5721262E-04  -3.7286487E-04  -3.9938250E-04   1.4258377E-03  -1.7821372E-06   2.7584430E-07   5.3545154E-07   1.4355095E-06   2.0589542E-06  -2.7220379E-05  -1.0071952E-07  -1.2570701E-07
 -2.9258626E-07  -6.4148482E-07   6.8078317E-09  -1.2567513E-05  -3.6782879E-05   9.0378913E-06   4.8795872E-05  -2.4039148E-05   2.8396152E-07  -1.6641946E-05  -3.0324228E-05   2.7741214E-05  -2.4276793E-05  -2.9332320E-05   2.2792989E-05   6.3545695E-05  -7.2038817E-03   1.5084323E-04   1.8996272E-03  -3.3765504E-02  -1.4980280E-02  -8.0762972E-04   4.7189658E-03  -3.5432238E-03  -4.2568144E-04  -6.6474417E-04  -7.5182281E-04   1.4903366E-03   2.8924042E-06   7.4797631E-07   9.3840271E-06   7.8604646E-06   2.1367415E-05   2.1877478E-05  -8.9560138E-08  -1.5883093E-07
  1.9657427E-07  -1.3479068E-06   6.3188673E-08  -1.5273719E-06  -4.3613053E-06   4.8368944E-06  -2.4039148E-05   4.0341482E-04  -5.0628303E-07  -3.7794266E-04  -1.0475413E-03  -8.1351223E-05   3.3784119E-04   2.0146186E-05  -8.9232559E-05  -9.6563002E-04   2.5997771E-03  -2.4410435E-05  -3.0331528E-04   1.4942422E-02   4.8791083E-03   2.4051700E-03  -9.1728924E-04   3.0002447E-04   3.6144256E-04   8.0471545E-04   8.2206766E-04  -1.3173460E-04   7.5562567E-06  -2.1813925E-06  -1.4591555E-06  -1.2703820E-06  -9.7978032E-06   7.9922302E-06  -6.8137031E-08  -5.2501051E-08
  5.3659871E-09  -3.0274361E-08   8.4675439E-09  -5.4997037E-07   1.1293373E-05   2.7030329E-07   2.8396152E-07  -5.0628303E-07   6.2220728E-06   2.7375779E-05   1.5722869E-05  -2.8685644E-05   3.3215024E-06  -3.5343734E-06   1.1145084E-05  -3.4641274E-06   7.1689976E-04   4.7863452E-06   1.1793816E-05   3.0644774E-03   3.7320034E-04   4.1661520E-04   1.2155255E-03  -4.0890024E-05   3.5059505E-05   7.0531260E-06   6.7286354E-05   8.2446919E-04   1.4457035E-06  -1.6868372E-07   2.4226904E-07  -1.5323313E-06   1.7409246E-06   1.7099843E-05   6.3456962E-09  -2.9977678E-09
 -5.8069490E-07   1.7461095E-06   2.7148119E-07  -2.5539869E-05   7.9013286E-07   3.4605982E-06  -1.6641946E-05  -3.7794266E-04   2.7375779E-05   1.0547432E+00   3.5872460E-02  -1.1829469E-01   4.3027691E-02   4.7772670E-04   4.4012853E-03  -8.9384655E-03  -1.0003393E-01  -3.9914636E-05  -2.1396965E-03  -1.1943198E-01   5.2598244E-02   3.6165299E-02   1.3129330E-01  -4.1687557E-03   6.1949600E-03  -1.6739389E-02   2.7549760E-02   1.4731936E-01   6.8651865E-05   2.1709746E-04   3.2579544E-04   5.5252019E-05   9.0630127E-05   1.5741961E-03  -9.1771132E-06   8.5863080E-06
  3.7046823E-07  -5.8213114E-06  -1.6813208E-06  -6.4161489E-05  -7.8596831E-05  -3.6474721E-05  -3.0324228E-05  -1.0475413E-03   1.5722869E-05   3.5872460E-02   1.1183541E+00  -3.5189223E-03  -1.6203930E-03   1.8535903E-02  -4.0637984E-02   4.3732598E-02  -6.5306493E-02   6.7824036E-03  -8.7166405E-03  -1.0384519E-01   7.8951128E-02   1.4678132E-01   1.2240724E-01   2.4985686E-02  -1.9824403E-04   5.4698506E-03   1.1754509E-02   2.4083177E-02   2.3796465E-04   4.9330739E-05   2.0100256E-04   1.3995646E-04   9.3142901E-04   1.6521960E-03   1.1088838E-06  -9.5845134E-07
  9.9191374E-08  -6.7399944E-06   9.8242510E-07  -2.4588390E-05  -1.2944624E-04   1.5408442E-05   2.7741214E-05  -8.1351223E-05  -2.8685644E-05  -1.1829469E-01  -3.5189223E-03   5.9427733E-02  -5.6077655E-04   8.7006045E-04   2.2693613E-04   3.2284887E-04   1.4062859E-02   5.4928903E-05   1.8639713E-03  -6.1915803E-02   4.1106843E-03   4.1671471E-03  -3.6561410E-02  -1.8186496E-03   7.5431155E-04  -2.7979331E-03  -4.5992639E-03  -1.7300795E-02  -3.1812667E-05  -1.2899047E-05  -1.1394009E-04   4.3779300E-05  -1.1283447E-04   5.8595119E-04   2.6904949E-07   1.3218428E-06
 -9.0082183E-08   7.9160324E-07  -3.4972294E-07   1.2517303E-05   3.6831636E-05   6.1959471E-07  -2.4276793E-05   3.3784119E-04   3.3215024E-06   4.3027691E-02  -1.6203930E-03  -5.6077655E-04   9.2020995E-03  -1.9640110E-05  -1.6529838E-03   8.4355216E-04  -6.6705939E-03  -2.6986100E-04  -5.9301408E-04   1.8104449E-03   1.3394006E-02   4.4528076E-03   1.3861265E-02  -1.2429497E-03  -9.0699505E-04  -1.4788681E-03   1.5301185E-03   1.2424598E-02   3.6019085E-05   1.5118964E-05   2.6626002E-05  -1.7603012E-05  -3.9502091E-05  -2.3768487E-04  -1.6916634E-06   6.1809525E-07
  4.9893016E-08   8.4024672E-07   4.8735083E-08  -2.5454622E-05  -5.0949223E-05  -6.4758136E-06  -2.9332320E-05   2.0146186E-05  -3.5343734E-06   4.7772670E-04   1.8535903E-02   8.7006045E-04  -1.9640110E-05   8.1775781E-02   4.5287875E-04  -5.1739562E-04   3.3626354E-03  -1.0299007E-03  -5.9281786E-03   1.0577630E-01   1.5541248E-02  -1.5611509E-02  -3.9685448E-03   3.7553703E-03  -6.7944627E-03   2.8688570E-03  -9.1418705E-03  -1.3782118E-02   2.8750692E-05   4.1427393E-05   5.7516401E-04   1.0587078E-04  -4.2908963E-05   7.0140984E-04  -9.2564877E-07  -3.5109633E-06
  7.8421930E-08   2.6383996E-07   4.2405395E-07  -7.2150934E-06   5.0197588E-06   6.1422800E-06   2.2792989E-05  -8.9232559E-05   1.1145084E-05   4.4012853E-03  -4.0637984E-02   2.2693613E-04  -1.6529838E-03   4.5287875E-04   7.4421152E-02  -5.7950930E-03   1.0297807E-02   1.6618260E-04   8.6527495E-03  -6.0307439E-02  -4.8012357E-03   3.1631877E-02   4.1128196E-03  -1.2653543E-02  -1.2572630E-03   4.6200008E-03   5.5816378E-03   2.4581872E-03   4.4025357E-05  -5.1207627E-05   6.6739717E-05  -7.9108673E-05  -2.2500609E-04   8.0111670E-04  -4.0601960E-07   1.4627935E-06
 -4.3250391E-07  -1.1426227E-06   1.1789771E-07  -3.8188495E-05  -9.9347894E-05  -5.0730059E-06   6.3545695E-05  -9.6563002E-04  -3.4641274E-06  -8.9384655E-03   4.3732598E-02   3.2284887E-04   8.4355216E-04  -5.1739562E-04  -5.7950930E-03   8.0499760E-02  -2.6408563E-02   1.2942524E-03  -7.7666939E-03   1.0960247E-01   4.1395640E-02   1.8987769E-02   1.6988536E-02   8.8324513E-04  -1.9476111E-03   3.8874340E-03   7.2952517E-03   2.6714867E-02   5.3833183E-05  -1.4432926E-05   3.2664738E-05  -9.2260388E-05  -4.6416129E-05  -6.9470671E-04   1.6621029E-06  -3.6321586E-08
 -1.9327820E-05   1.0490828E-04   1.5745912E-05   1.0833954E-04   1.8766290E-03  -5.2690590E-03  -7.2038817E-03   2.5997771E-03   7.1689976E-04  -1.0003393E-01  -6.5306493E-02   1.4062859E-02  -6.6705939E-03   3.3626354E-03   1.0297807E-02  -2.6408563E-02   4.4909244E+01  -3.9177747E-01  -1.0878349E+00   3.9485130E+01   3.8157419E+00  -1.2728262E+01  -5.4743798E+01   4.0499881E-01   2.7242906E-01   7.4939988E-01  -5.6095877E+00  -3.3152136E+01   1.6213546E-03   2.0721500E-03  -2.7123202E-03  -4.7091278E-03  -1.4984133E-02   3.0196533E-04  -1.7443403E-04   7.1032507E-04
  4.8283325E-07   3.8470493E-07   3.2409001E-07  -2.4958287E-06   1.6321625E-05   9.9905368E-05   1.5084323E-04  -2.4410435E-05   4.7863452E-06  -3.9914636E-05   6.7824036E-03   5.4928903E-05  -2.6986100E-04  -1.0299007E-03   1.6618260E-04   1.2942524E-03  -3.9177747E-01   8.0580925E-02  -4.4057993E-02  -6.4687696E-01   8.4022461E-01   1.6167982E+00   6.0505321E-01   4.5217979E-02  -8.8466579E-03   7.8659296E-04   8.5983772E-02   1.2129258E-01  -1.5653802E-04  -1.0120777E-04  -2.8255754E-04  -1.0868048E-04   1.5800995E-04  -8.1030741E-04   4.0876780E-06  -2.4827276E-06
  7.8594436E-06  -7.4429826E-05   5.9416357E-06  -6.9707134E-05  -7.1908348E-04   1.3222533E-03   1.8996272E-03  -3.0331528E-04   1.1793816E-05  -2.1396965E-03  -8.7166405E-03   1.8639713E-03  -5.9301408E-04  -5.9281786E-03   8.6527495E-03  -7.7666939E-03  -1.0878349E+00  -4.4057993E-02   4.0061344E+00  -3.1108148E+01  -3.6689581E+00   7.7740411E+00   5.6784385E+00  -3.0117273E+00  -2.2054176E-01   1.3738961E-01   2.7312109E+00   3.4888445E+00   2.2087810E-04  -3.2805662E-04   9.5234359E-04   6.3520675E-04   9.6697270E-04  -4.5935638E-03   1.3177524E-04  -4.5965416E-05
 -1.1938137E-04   1.2229955E-03  -6.7311688E-05  -3.5047670E-03   5.4280815E-03  -2.9255465E-02  -3.3765504E-02   1.4942422E-02   3.0644774E-03  -1.1943198E-01  -1.0384519E-01  -6.1915803E-02   1.8104449E-03   1.0577630E-01  -6.0307439E-02   1.0960247E-01   3.9485130E+01  -6.4687696E-01  -3.1108148E+01   7.8501955E+02   7.7436730E+01  -5.3665905E+01  -6.2282326E+01   1.6279020E+01  -5.8413245E+00   5.6092714E+00  -1.1600824E+01  -2.4149444E+01   3.9036080E-03  -1.5423759E-03  -3.2127762E-02  -6.7281524E-03  -3.4616981E-02   1.6898186E-01   3.7391570E-03   4.6163615E-04
 -1.0278071E-04   8.4993301E-04  -5.2003058E-05  -3.8528537E-04   5.3221578E-03  -9.1762286E-03  -1.4980280E-02   4.8791083E-03   3.7320034E-04   5.2598244E-02   7.8951128E-02   4.1106843E-03   1.3394006E-02   1.5541248E-02  -4.8012357E-03   4.1395640E-02   3.8157419E+00   8.4022461E-01  -3.6689581E+00   7.7436730E+01   6.6143373E+01   4.0450581E+01   1.4418652E+01  -4.3125065E+00  -3.3810017E-01  -1.2838270E+00   3.6153027E+00   3.8133686E+00  -8.8615699E-04   1.0136356E-03  -1.0478861E-02  -1.0914462E-03  -1.0719050E-03   4.5590847E-02   1.3896819E-04   1.5041035E-04
 -4.7304250E-05   4.6304210E-04  -2.0404892E-05  -4.6186218E-04   2.8898269E-03   1.2173606E-03  -8.0762972E-04   2.4051700E-03   4.1661520E-04   3.6165299E-02   1.4678132E-01   4.1671471E-03   4.4528076E-03  -1.5611509E-02   3.1631877E-02   1.8987769E-02  -1.2728262E+01   1.6167982E+00   7.7740411E+00  -5.3665905E+01   4.0450581E+01   8.4722833E+01   5.3601959E+01  -1.2417386E+01  -9.7848059E-01  -8.3603882E-01   4.8506102E+00   8.1962897E+00  -3.0656204E-03  -2.7603454E-03  -6.1064162E-03   1.5437899E-03   4.7159233E-03   5.3433598E-03   4.8040951E-04  -3.8788881E-04
 -2.0001470E-05   3.0325232E-04  -2.9772562E-05  -9.7878896E-05   5.0904225E-03   5.3719446E-03   4.7189658E-03  -9.1728924E-04   1.2155255E-03   1.3129330E-01   1.2240724E-01  -3.6561410E-02   1.3861265E-02  -3.9685448E-03   4.1128196E-03   1.6988536E-02  -5.4743798E+01   6.0505321E-01   5.6784385E+00  -6.2282326E+01   1.4418652E+01   5.3601959E+01   1.0395695E+02  -1.0335556E+01  -8.1235005E-01  -1.4801013E+00   5.4625035E+00   3.3156552E+01  -1.0956411E-03  -4.1126595E-03   2.7965780E-03   8.3322170E-03   2.1320187E-02   2.3049647E-02   4.6340805E-04  -1.3235908E-03
 -1.2738492E-05   7.1167420E-05  -6.2650827E-08  -2.3887024E-04  -4.1676749E-04  -2.8279248E-03  -3.5432238E-03   3.0002447E-04  -4.0890024E-05  -4.1687557E-03   2.4985686E-02  -1.8186496E-03  -1.2429497E-03   3.7553703E-03  -1.2653543E-02   8.8324513E-04   4.0499881E-01   4.5217979E-02  -3.0117273E+00   1.6279020E+01  -4.3125065E+00  -1.2417386E+01  -1.0335556E+01   6.5000975E+00   1.8286167E-01  -1.2498906E-01  -2.1993653E+00  -2.6323055E+00   4.5110779E-05   1.6563233E-04  -1.4491171E-03  -1.9912032E-03  -1.2761838E-03  -4.3921712E-03  -9.2826770E-05   3.0867069E-05
  3.7782698E-07  -3.9385678E-05  -5.5151126E-06   1.1874594E-04  -3.0157478E-05   2.5721262E-04  -4.2568144E-04   3.6144256E-04   3.5059505E-05   6.1949600E-03  -1.9824403E-04   7.5431155E-04  -9.0699505E-04  -6.7944627E-03  -1.2572630E-03  -1.9476111E-03   2.7242906E-01  -8.8466579E-03  -2.2054176E-01  -5.8413245E+00  -3.3810017E-01  -9.7848059E-01  -8.1235005E-01   1.8286167E-01   3.2581912E+00   5.7751217E-01   1.9614618E-01   7.8598027E-02  -6.6945028E-04   1.2836789E-04   1.1906900E-03  -8.8111495E-04  -4.7528779E-04   9.3079368E-04   1.6125961E-04  -1.7206933E-05
 -6.5858057E-07  -2.1178410E-05  -3.7842926E-06  -1.0618922E-04  -6.7674441E-04  -3.7286487E-04  -6.6474417E-04   8.0471545E-04   7.0531260E-06  -1.6739389E-02   5.4698506E-03  -2.7979331E-03  -1.4788681E-03   2.8688570E-03   4.6200008E-03   3.8874340E-03   7.4939988E-01   7.8659296E-04   1.3738961E-01   5.6092714E+00  -1.2838270E+00  -8.3603882E-01  -1.4801013E+00  -1.2498906E-01   5.7751217E-01   3.0971112E+00   2.6403750E+00   2.5315211E+00   8.7552046E-05  -1.2500853E-04   2.7625024E-03  -1.4360374E-04  -1.0062621E-03   7.9999736E-04  -1.8226897E-04  -4.6045158E-05
 -3.1438751E-06  -7.6380457E-07  -9.6497295E-06  -3.5456061E-04  -9.5414693E-04  -3.9938250E-04  -7.5182281E-04   8.2206766E-04   6.7286354E-05   2.7549760E-02   1.1754509E-02  -4.5992639E-03   1.5301185E-03  -9.1418705E-03   5.5816378E-03   7.2952517E-03  -5.6095877E+00   8.5983772E-02   2.7312109E+00  -1.1600824E+01   3.6153027E+00   4.8506102E+00   5.4625035E+00  -2.1993653E+00   1.9614618E-01   2.6403750E+00   1.0831856E+01   1.9251467E+01  -9.3509291E-05  -3.7074504E-04   2.0038658E-03  -9.0303601E-05   1.2052163E-03   9.7100471E-04  -6.1872860E-06   3.8362781E-04
 -6.7688928E-06  -7.4929854E-06  -3.4019338E-05  -8.2693698E-04  -5.1678706E-04   1.4258377E-03   1.4903366E-03  -1.3173460E-04   8.2446919E-04   1.4731936E-01   2.4083177E-02  -1.7300795E-02   1.2424598E-02  -1.3782118E-02   2.4581872E-03   2.6714867E-02  -3.3152136E+01   1.2129258E-01   3.4888445E+00  -2.4149444E+01   3.8133686E+00   8.1962897E+00   3.3156552E+01  -2.6323055E+00   7.8598027E-02   2.5315211E+00   1.9251467E+01   5.3512954E+01  -2.9682961E-04  -1.4380601E-03   5.5801728E-03   2.0635228E-03   9.4061385E-03   1.2482375E-02   6.3638450E-05   8.7927877E-04
 -6.3926285E-08   3.2384874E-07   1.0591779E-07  -6.6703398E-07   1.3654910E-06  -1.7821372E-06   2.8924042E-06   7.5562567E-06   1.4457035E-06   6.8651865E-05   2.3796465E-04  -3.1812667E-05   3.6019085E-05   2.8750692E-05   4.4025357E-05   5.3833183E-05   1.6213546E-03  -1.5653802E-04   2.2087810E-04   3.9036080E-03  -8.8615699E-04  -3.0656204E-03  -1.0956411E-03   4.5110779E-05  -6.6945028E-04   8.7552046E-05  -9.3509291E-05  -2.9682961E-04   1.4456978E-03   2.7547657E-04   9.1412220E-05  -3.6891995E-04  -1.2580370E-04  -9.6341586E-05   5.9394022E-08  -1.0320299E-07
 -4.4312501E-08   1.2615708E-07  -1.2153082E-07   7.0335728E-07  -1.5252812E-07   2.7584430E-07   7.4797631E-07  -2.1813925E-06  -1.6868372E-07   2.1709746E-04   4.9330739E-05  -1.2899047E-05   1.5118964E-05   4.1427393E-05  -5.1207627E-05  -1.4432926E-05   2.0721500E-03  -1.0120777E-04  -3.2805662E-04  -1.5423759E-03   1.0136356E-03  -2.7603454E-03  -4.1126595E-03   1.6563233E-04   1.2836789E-04  -1.2500853E-04  -3.7074504E-04  -1.4380601E-03   2.7547657E-04   8.8349522E-04   5.8384222E-05   7.6303203E-04   5.0005758E-05  -7.7394470E-04  -2.3859038E-07  -5.9181353E-08
 -6.8224722E-08   3.9883593E-07  -3.0554768E-07  -2.1613035E-06  -5.9872968E-06   5.3545154E-07   9.3840271E-06  -1.4591555E-06   2.4226904E-07   3.2579544E-04   2.0100256E-04  -1.1394009E-04   2.6626002E-05   5.7516401E-04   6.6739717E-05   3.2664738E-05  -2.7123202E-03  -2.8255754E-04   9.5234359E-04  -3.2127762E-02  -1.0478861E-02  -6.1064162E-03   2.7965780E-03  -1.4491171E-03   1.1906900E-03   2.7625024E-03   2.0038658E-03   5.5801728E-03   9.1412220E-05   5.8384222E-05   7.2073355E-03  -3.3326122E-04   7.0899519E-04   4.4861033E-03  -1.4772717E-06   1.0822918E-07
 -2.4824432E-07   2.8212840E-07  -3.4252308E-07  -1.3818592E-06  -7.9616060E-06   1.4355095E-06   7.8604646E-06  -1.2703820E-06  -1.5323313E-06   5.5252019E-05   1.3995646E-04   4.3779300E-05  -1.7603012E-05   1.0587078E-04  -7.9108673E-05  -9.2260388E-05  -4.7091278E-03  -1.0868048E-04   6.3520675E-04  -6.7281524E-03  -1.0914462E-03   1.5437899E-03   8.3322170E-03  -1.9912032E-03  -8.8111495E-04  -1.4360374E-04  -9.0303601E-05   2.0635228E-03  -3.6891995E-04   7.6303203E-04  -3.3326122E-04   2.9378137E-03   5.2846398E-04  -9.8177247E-04  -1.5656346E-07  -5.5950732E-08
 -5.3920723E-07   6.9250518E-07  -5.5918288E-07  -1.2841045E-05  -2.6190516E-05   2.0589542E-06   2.1367415E-05  -9.7978032E-06   1.7409246E-06   9.0630127E-05   9.3142901E-04  -1.1283447E-04  -3.9502091E-05  -4.2908963E-05  -2.2500609E-04  -4.6416129E-05  -1.4984133E-02   1.5800995E-04   9.6697270E-04  -3.4616981E-02  -1.0719050E-03   4.7159233E-03   2.1320187E-02  -1.2761838E-03  -4.7528779E-04  -1.0062621E-03   1.2052163E-03   9.4061385E-03  -1.2580370E-04   5.0005758E-05   7.0899519E-04   5.2846398E-04   6.3852043E-03   8.0331371E-03  -3.5085342E-07  -5.8994296E-07
 -1.9272363E-06   1.1303960E-05  -1.6061259E-06  -4.4346029E-05  -4.0366240E-05  -2.7220379E-05   2.1877478E-05   7.9922302E-06   1.7099843E-05   1.5741961E-03   1.6521960E-03   5.8595119E-04  -2.3768487E-04   7.0140984E-04   8.0111670E-04  -6.9470671E-04   3.0196533E-04  -8.1030741E-04  -4.5935638E-03   1.6898186E-01   4.5590847E-02   5.3433598E-03   2.3049647E-02  -4.3921712E-03   9.3079368E-04   7.9999736E-04   9.7100471E-04   1.2482375E-02  -9.6341586E-05  -7.7394470E-04   4.4861033E-03  -9.8177247E-04   8.0331371E-03   7.1906616E-02  -4.5729699E-07  -1.0372088E-06
  3.5673031E-09   8.8276679E-10  -1.3982652E-09  -7.5578909E-09   1.6987213E-07  -1.0071952E-07  -8.9560138E-08  -6.8137031E-08   6.3456962E-09  -9.1771132E-06   1.1088838E-06   2.6904949E-07  -1.6916634E-06  -9.2564877E-07  -4.0601960E-07   1.6621029E-06  -1.7443403E-04   4.0876780E-06   1.3177524E-04   3.7391570E-03   1.3896819E-04   4.8040951E-04   4.6340805E-04  -9.2826770E-05   1.6125961E-04  -1.8226897E-04  -6.1872860E-06   6.3638450E-05   5.9394022E-08  -2.3859038E-07  -1.4772717E-06  -1.5656346E-07  -3.5085342E-07  -4.5729699E-07   3.8079286E-07  -4.9932468E-09
 -1.0884121E-09   7.5362015E-09   2.0479009E-11  -5.2139102E-08  -7.0974533E-08  -1.2570701E-07  -1.5883093E-07  -5.2501051E-08  -2.9977678E-09   8.5863080E-06  -9.5845134E-07   1.3218428E-06   6.1809525E-07  -3.5109633E-06   1.4627935E-06  -3.6321586E-08   7.1032507E-04  -2.4827276E-06  -4.5965416E-05   4.6163615E-04   1.5041035E-04  -3.8788881E-04  -1.3235908E-03   3.0867069E-05  -1.7206933E-05  -4.6045158E-05   3.8362781E-04   8.7927877E-04  -1.0320299E-07  -5.9181353E-08   1.0822918E-07  -5.5950732E-08  -5.8994296E-07  -1.0372088E-06  -4.9932468E-09   3.7506013E-07
