# omegabh2 omegach2 theta tau logA ns calPlanck acib217 xi asz143 aps100 aps143 aps143217 aps217 aksz kgal100 kgal143 kgal143217 kgal217 cal0 cal2
  3.5769543E-08  -3.9424064E-08   1.6545180E-08   2.0753503E-07   4.0247693E-07   2.4899419E-07   4.4914398E-10  -1.4919163E-04   4.4394073E-06   3.7904517E-05  -7.2641117E-04  -4.0361425E-04  -1.0209224E-04  -2.1974541E-05  -5.1814246E-05   6.3572495E-06   1.0214193E-07   2.6721497E-06   3.6391558E-05   5.8108170E-09  -2.4940707E-09
 -3.9424064E-08   1.1400969E-06  -3.0378502E-08  -3.1122041E-06  -4.1598141E-06  -2.3903524E-06  -3.4637595E-07   3.1122262E-05  -4.7532183E-06  -4.8335458E-05   2.8594467E-04   2.5450200E-04   8.3391851E-05   8.4726305E-05   1.4840709E-05   3.3370185E-05   2.8536588E-05   2.8028796E-05   1.5196220E-04  -8.5106492E-09   3.4710011E-08
  1.6545180E-08  -3.0378502E-08   1.6791456E-07   3.8112714E-07   1.0120152E-06   3.0396202E-07   6.5912004E-08  -4.2088059E-05   3.8424578E-06   5.1314073E-06   1.0526436E-04   5.6950543E-05   6.9567596E-05   4.0850721E-05  -9.3370670E-06   2.0230189E-05   6.9406061E-06   5.1535600E-05   7.9017006E-05   1.2359490E-08  -1.3833607E-08
  2.0753503E-07  -3.1122041E-06   3.8112714E-07   5.6371576E-05   1.0545738E-04   8.3425398E-06   3.9636098E-07  -5.1603410E-04  -3.4692022E-05   5.6079167E-04  -2.3921399E-03  -2.7429607E-03  -2.6373737E-03  -1.5840238E-03  -9.0448848E-04   4.8482459E-04   3.6190441E-04   1.1893162E-03   1.5722284E-03   8.9928942E-09  -1.1839181E-07
  4.0247693E-07  -4.1598141E-06   1.0120152E-06   1.0545738E-04   2.2718741E-04   1.0992301E-05   1.2002123E-05  -1.5754283E-03  -6.8164168E-05   6.0405198E-04   3.3723956E-03  -4.8045628E-03  -4.8350223E-03   2.0991000E-03  -2.1065445E-03   6.4553027E-04   4.1363553E-04   1.5002643E-03   4.9562184E-03   1.5940104E-07  -1.8560208E-07
  2.4899419E-07  -2.3903524E-06   3.0396202E-07   8.3425398E-06   1.0992301E-05   1.6832077E-05   9.4028514E-07  -4.7006233E-03   1.2257042E-04   1.2537442E-03  -2.6702013E-02  -7.9954564E-03   2.6244882E-03   5.4297926E-03  -2.7230990E-03   5.2765521E-04  -2.6207618E-04  -3.5258359E-04   1.1520682E-03   4.3402620E-08  -1.2526749E-07
  4.4914398E-10  -3.4637595E-07   6.5912004E-08   3.9636098E-07   1.2002123E-05   9.4028514E-07   6.0591488E-06   2.9636506E-04  -1.4934593E-05  -1.3024996E-04   5.1203784E-03  -2.0367565E-04  -5.8235510E-04   1.2716085E-03   1.8130147E-04   1.3374535E-06   1.0356583E-04  -2.0359206E-04   9.4379497E-04  -9.9962628E-09   1.2753329E-08
 -1.4919163E-04   3.1122262E-05  -4.2088059E-05  -5.1603410E-04  -1.5754283E-03  -4.7006233E-03   2.9636506E-04   4.5273902E+01  -3.6958173E-01  -1.3673908E+00   3.6709969E+01   2.6228293E+00  -1.4164251E+01  -5.6500762E+01   1.0767304E-02   6.9212876E-02   3.5755916E-01  -6.5288818E+00  -3.4841355E+01  -3.4368511E-04   6.8169875E-04
  4.4394073E-06  -4.7532183E-06   3.8424578E-06  -3.4692022E-05  -6.8164168E-05   1.2257042E-04  -1.4934593E-05  -3.6958173E-01   8.2970700E-02  -4.1130341E-02  -4.2539103E-01   8.5162390E-01   1.6748131E+00   5.8380240E-01   4.3510791E-02  -2.6475316E-02   1.9053498E-02   1.0558511E-01   1.1945096E-01   7.2044110E-06  -4.4478377E-06
  3.7904517E-05  -4.8335458E-05   5.1314073E-06   5.6079167E-04   6.0405198E-04   1.2537442E-03  -1.3024996E-04  -1.3673908E+00  -4.1130341E-02   3.7886980E+00  -2.8738330E+01  -3.4981369E+00   7.8323423E+00   6.1946772E+00  -2.7637957E+00  -1.7461536E-01   1.4786746E-01   2.5077254E+00   3.2419339E+00   1.3684230E-04  -9.0159606E-05
 -7.2641117E-04   2.8594467E-04   1.0526436E-04  -2.3921399E-03   3.3723956E-03  -2.6702013E-02   5.1203784E-03   3.6709969E+01  -4.2539103E-01  -2.8738330E+01   7.7069042E+02   7.6423653E+01  -4.8018136E+01  -6.1130961E+01   1.3428745E+01  -6.5636315E+00   6.8163736E+00  -7.4342897E+00  -1.6082859E+01   3.6700882E-03   1.0418576E-03
 -4.0361425E-04   2.5450200E-04   5.6950543E-05  -2.7429607E-03  -4.8045628E-03  -7.9954564E-03  -2.0367565E-04   2.6228293E+00   8.5162390E-01  -3.4981369E+00   7.6423653E+01   6.4412961E+01   3.9058495E+01   1.4268282E+01  -4.8183171E+00  -9.1551099E-01  -9.7073569E-01   4.1458425E+00   5.1387762E+00   2.0438048E-05   1.0831427E-04
 -1.0209224E-04   8.3391851E-05   6.9567596E-05  -2.6373737E-03  -4.8350223E-03   2.6244882E-03  -5.8235510E-04  -1.4164251E+01   1.6748131E+00   7.8323423E+00  -4.8018136E+01   3.9058495E+01   8.6101939E+01   5.5903359E+01  -1.2135954E+01  -1.1257038E+00  -4.9841628E-01   4.6541413E+00   7.7558414E+00   6.5840682E-04  -6.3821814E-04
 -2.1974541E-05   8.4726305E-05   4.0850721E-05  -1.5840238E-03   2.0991000E-03   5.4297926E-03   1.2716085E-03  -5.6500762E+01   5.8380240E-01   6.1946772E+00  -6.1130961E+01   1.4268282E+01   5.5903359E+01   1.0813689E+02  -9.7614791E+00  -6.4460915E-01  -8.9095877E-01   6.3320098E+00   3.5394417E+01   7.3101414E-04  -1.3949576E-03
 -5.1814246E-05   1.4840709E-05  -9.3370670E-06  -9.0448848E-04  -2.1065445E-03  -2.7230990E-03   1.8130147E-04   1.0767304E-02   4.3510791E-02  -2.7637957E+00   1.3428745E+01  -4.8183171E+00  -1.2135954E+01  -9.7614791E+00   6.1791583E+00   1.4322035E-01  -2.8688834E-01  -2.1687790E+00  -2.3596494E+00  -1.3246151E-04   3.8174818E-05
  6.3572495E-06   3.3370185E-05   2.0230189E-05   4.8482459E-04   6.4553027E-04   5.2765521E-04   1.3374535E-06   6.9212876E-02  -2.6475316E-02  -1.7461536E-01  -6.5636315E+00  -9.1551099E-01  -1.1257038E+00  -6.4460915E-01   1.4322035E-01   3.3742915E+00   4.1898904E-01  -9.1379567E-02  -8.2641863E-03   1.8045302E-04   2.2838243E-05
  1.0214193E-07   2.8536588E-05   6.9406061E-06   3.6190441E-04   4.1363553E-04  -2.6207618E-04   1.0356583E-04   3.5755916E-01   1.9053498E-02   1.4786746E-01   6.8163736E+00  -9.7073569E-01  -4.9841628E-01  -8.9095877E-01  -2.8688834E-01   4.1898904E-01   3.3521110E+00   3.0131827E+00   3.1942511E+00  -1.7686945E-04  -3.5265299E-05
  2.6721497E-06   2.8028796E-05   5.1535600E-05   1.1893162E-03   1.5002643E-03  -3.5258359E-04  -2.0359206E-04  -6.5288818E+00   1.0558511E-01   2.5077254E+00  -7.4342897E+00   4.1458425E+00   4.6541413E+00   6.3320098E+00  -2.1687790E+00  -9.1379567E-02   3.0131827E+00   1.1528819E+01   2.0728693E+01  -2.5544866E-05   4.0240240E-04
  3.6391558E-05   1.5196220E-04   7.9017006E-05   1.5722284E-03   4.9562184E-03   1.1520682E-03   9.4379497E-04  -3.4841355E+01   1.1945096E-01   3.2419339E+00  -1.6082859E+01   5.1387762E+00   7.7558414E+00   3.5394417E+01  -2.3596494E+00  -8.2641863E-03   3.1942511E+00   2.0728693E+01   5.6819752E+01   1.4295309E-04   9.6764719E-04
  5.8108170E-09  -8.5106492E-09   1.2359490E-08   8.9928942E-09   1.5940104E-07   4.3402620E-08  -9.9962628E-09  -3.4368511E-04   7.2044110E-06   1.3684230E-04   3.6700882E-03   2.0438048E-05   6.5840682E-04   7.3101414E-04  -1.3246151E-04   1.8045302E-04  -1.7686945E-04  -2.5544866E-05   1.4295309E-04   4.0453549E-07   5.1119661E-09
 -2.4940707E-09   3.4710011E-08  -1.3833607E-08  -1.1839181E-07  -1.8560208E-07  -1.2526749E-07   1.2753329E-08   6.8169875E-04  -4.4478377E-06  -9.0159606E-05   1.0418576E-03   1.0831427E-04  -6.3821814E-04  -1.3949576E-03   3.8174818E-05   2.2838243E-05  -3.5265299E-05   4.0240240E-04   9.6764719E-04   5.1119661E-09   3.8853841E-07
