# omegam omegab H0 A ns DES_m1 DES_m2 DES_m3 DES_m4 DES_AIA DES_alphaIA DES_DzS1 DES_DzS2 DES_DzS3 DES_DzS4
  2.7044863E-04  -1.5625030E-05   1.0903465E-02  -4.8700681E-03  -7.2259852E-04  -1.7968833E-06  -1.1155548E-05  -7.8114737E-05  -3.7076123E-05   2.2886253E-03   5.8789094E-04   1.2317926E-05  -8.1129866E-06  -2.5382732E-05  -4.3828707E-05
 -1.5625030E-05   3.4223706E-06  -1.9545941E-03   4.1933829E-04   6.0604954E-05   3.6772232E-07   1.0364598E-06   5.6096757E-06   2.4176072E-06  -1.5823188E-04  -1.9909095E-05  -7.7901569E-07   6.4220253E-07   1.8536593E-06   3.3468799E-06
  1.0903465E-02  -1.9545941E-03   1.6453397E+00  -2.9979219E-01  -4.3063401E-02  -3.8044425E-04  -7.1538480E-04  -3.7137014E-03  -1.5765972E-03   1.1246079E-01   3.8276717E-02   6.6800245E-04  -4.8016889E-04  -1.2473063E-03  -2.2963950E-03
 -4.8700681E-03   4.1933829E-04  -2.9979219E-01   1.0368333E-01   1.5664695E-02   6.7230056E-05   1.8881143E-04   1.1458004E-03   4.8133026E-04  -3.1336590E-02  -1.0361421E-02  -1.4307055E-04   1.2035686E-04   3.6520733E-04   6.3395707E-04
 -7.2259852E-04   6.0604954E-05  -4.3063401E-02   1.5664695E-02   3.0320926E-03   1.2189303E-05   2.3003772E-05   9.6285188E-05   3.8038124E-05  -1.2146404E-03   4.2791986E-04   1.2470718E-06   6.8107179E-06   2.8912857E-05   5.1255910E-05
 -1.7968833E-06   3.6772232E-07  -3.8044425E-04   6.7230056E-05   1.2189303E-05   5.0871081E-04   7.1366812E-06   5.8637878E-06   5.1218259E-06   5.7700730E-04  -2.0858792E-03  -2.0162038E-05   6.5609441E-06   3.5120197E-06  -7.1680937E-07
 -1.1155548E-05   1.0364598E-06  -7.1538480E-04   1.8881143E-04   2.3003772E-05   7.1366812E-06   4.9505956E-04   1.5040330E-05   7.6044849E-06   8.4118654E-04   1.8953265E-04   1.8105601E-05  -2.7519526E-05   8.8525483E-06   6.7955216E-06
 -7.8114737E-05   5.6096757E-06  -3.7137014E-03   1.1458004E-03   9.6285188E-05   5.8637878E-06   1.5040330E-05   4.2964898E-04   3.8955139E-05  -1.0989019E-03   1.2696827E-04   1.8669899E-06   9.2596599E-06  -2.8012539E-05   3.8628972E-05
 -3.7076123E-05   2.4176072E-06  -1.5765972E-03   4.8133026E-04   3.8038124E-05   5.1218259E-06   7.6044849E-06   3.8955139E-05   4.4780068E-04   1.2453372E-04   1.8748295E-03   8.7363446E-06   8.8935221E-06   5.2688176E-06  -7.4458203E-05
  2.2886253E-03  -1.5823188E-04   1.1246079E-01  -3.1336590E-02  -1.2146404E-03   5.7700730E-04   8.4118654E-04  -1.0989019E-03   1.2453372E-04   3.4777097E-01   6.2953490E-01   2.2330218E-03   1.0975591E-03  -3.3838774E-04  -1.4769865E-03
  5.8789094E-04  -1.9909095E-05   3.8276717E-02  -1.0361421E-02   4.2791986E-04  -2.0858792E-03   1.8953265E-04   1.2696827E-04   1.8748295E-03   6.2953490E-01   5.0392120E+00  -4.1396908E-03  -8.5448143E-05   6.9326207E-04  -1.3555184E-03
  1.2317926E-05  -7.7901569E-07   6.6800245E-04  -1.4307055E-04   1.2470718E-06  -2.0162038E-05   1.8105601E-05   1.8669899E-06   8.7363446E-06   2.2330218E-03  -4.1396908E-03   2.1606372E-04   2.1813323E-05   2.5240396E-06  -1.9111877E-06
 -8.1129866E-06   6.4220253E-07  -4.8016889E-04   1.2035686E-04   6.8107179E-06   6.5609441E-06  -2.7519526E-05   9.2596599E-06   8.8935221E-06   1.0975591E-03  -8.5448143E-05   2.1813323E-05   1.3765778E-04   6.5860028E-06   4.4029731E-06
 -2.5382732E-05   1.8536593E-06  -1.2473063E-03   3.6520733E-04   2.8912857E-05   3.5120197E-06   8.8525483E-06  -2.8012539E-05   5.2688176E-06  -3.3838774E-04   6.9326207E-04   2.5240396E-06   6.5860028E-06   1.0926356E-04   1.4587985E-05
 -4.3828707E-05   3.3468799E-06  -2.2963950E-03   6.3395707E-04   5.1255910E-05  -7.1680937E-07   6.7955216E-06   3.8628972E-05  -7.4458203E-05  -1.4769865E-03  -1.3555184E-03  -1.9111877E-06   4.4029731E-06   1.4587985E-05   4.1975555E-04
