# omegabh2 omegach2 theta tau w logA ns calPlanck acib217 xi asz143 aps100 aps143 aps143217 aps217 aksz kgal100 kgal143 kgal143217 kgal217 galfTE100 galfTE100143 galfTE100217 galfTE143 galfTE143217 galfTE217 cal0 cal2
  1.9001130E-08  -6.4643631E-08   1.2516787E-08   2.1279833E-07   1.2512512E-06   4.1193264E-07   1.7736170E-07   2.6556821E-08  -8.6910564E-05   1.4870507E-06   1.6889514E-05  -4.0045255E-04  -1.8557005E-04  -4.8956816E-05   3.8973835E-05  -3.5802308E-05   5.6227499E-06  -6.0649270E-06  -1.1034689E-05   2.0162902E-05  -3.3437256E-09   4.2091096E-09   1.9016984E-07  -3.6783593E-07  -6.1696306E-07  -2.4125222E-06   2.1102265E-09  -1.3569750E-10
 -6.4643631E-08   1.0252378E-06  -7.2318015E-08  -2.5369915E-06  -1.5196558E-05  -3.2060275E-06  -2.3811155E-06  -2.6056081E-07   9.3218332E-05  -1.7563847E-06  -2.7214998E-05   7.9709326E-04   6.0466182E-04   4.2072145E-04   2.6056226E-04   5.2196846E-05  -1.4516486E-05  -5.7099968E-06  -4.4015165E-05  -1.4781681E-04   8.9585236E-07   5.1402639E-07  -1.4504262E-06   1.1879565E-06   1.5049520E-06   5.3135694E-06  -7.0696727E-10  -9.0237844E-09
  1.2516787E-08  -7.2318015E-08   8.5393736E-08   2.8336792E-07   1.9094827E-06   5.6314927E-07   2.9122090E-07   3.7965674E-08  -7.5295786E-05  -5.3924393E-07   9.0000143E-07  -1.0867637E-04  -6.5814709E-05  -3.0504791E-05   9.1523243E-05  -5.2102045E-06   1.3850112E-06  -5.9215985E-06  -6.2689363E-06   5.2828488E-05   6.6300495E-08   1.5493211E-07  -1.7314795E-08  -9.2813891E-08  -4.1680225E-07  -2.1674036E-06   1.5265035E-09   4.3533840E-09
  2.1279833E-07  -2.5369915E-06   2.8336792E-07   4.4343567E-05   4.6475564E-05   8.0540306E-05   8.1355292E-06  -8.1824189E-07  -9.2614221E-04   1.2931589E-05   4.0419513E-04  -8.0880825E-03  -4.0680704E-03  -1.1247328E-03  -9.6410631E-04  -6.5159126E-04  -3.9956688E-05  -1.1970196E-04  -4.1857684E-04  -3.8776389E-04  -1.4564370E-06  -7.6348501E-07  -2.1772875E-06  -3.2649580E-06  -2.5272162E-06  -4.1686721E-05   5.6945993E-09  -4.4254710E-08
  1.2512512E-06  -1.5196558E-05   1.9094827E-06   4.6475564E-05   9.5974875E-04   6.9049531E-05   3.5278623E-05   5.2300345E-06  -2.2589075E-03  -9.6079172E-06   1.3785824E-03  -1.7820557E-02  -1.0503109E-02  -6.1154071E-03  -2.6142183E-03  -1.1554172E-03  -7.6563255E-05   3.8481927E-04   2.5385273E-03   6.3769927E-03  -2.9382245E-05   3.1002398E-06  -8.1818125E-06   6.0487322E-06  -7.5381422E-05  -2.2866299E-04   3.5954059E-08   1.7799363E-07
  4.1193264E-07  -3.2060275E-06   5.6314927E-07   8.0540306E-05   6.9049531E-05   1.7595545E-04   1.0870068E-05   1.0184017E-05  -2.3984419E-03   8.9167069E-05   5.2909807E-04  -1.1238313E-02  -5.0119742E-03   1.3977987E-03   4.7276766E-03  -1.9065385E-03  -3.0758992E-04  -9.2028619E-04  -1.5646844E-03   4.7577196E-04  -2.9208419E-06   1.7378294E-06  -1.9473519E-06  -2.4890860E-06  -1.2041831E-06  -5.4209696E-05   9.3128695E-08  -1.0996261E-07
  1.7736170E-07  -2.3811155E-06   2.9122090E-07   8.1355292E-06   3.5278623E-05   1.0870068E-05   1.4472122E-05   7.9546860E-07  -4.2944605E-03   8.8368771E-05   8.5199677E-04  -2.1512054E-02  -5.9297657E-03   1.3767958E-03   4.7502275E-03  -2.0944635E-03   2.7418723E-04  -3.7996177E-04  -2.5164281E-04   1.6411913E-03  -8.7029080E-07  -1.0909718E-06   2.2169178E-06  -3.0475748E-06   8.5172496E-07  -2.3168328E-05  -7.4862207E-08  -1.6105880E-08
  2.6556821E-08  -2.6056081E-07   3.7965674E-08  -8.1824189E-07   5.2300345E-06   1.0184017E-05   7.9546860E-07   6.2048413E-06   4.0811491E-04   1.0758699E-05  -8.0211412E-05   3.4117145E-03   8.3664727E-04   4.9844225E-04   1.4799601E-03   1.3292840E-05   2.9048137E-05  -7.9596395E-05  -4.9084988E-05   8.6366307E-04  -5.7226877E-07   1.2058657E-06   2.7981409E-06   1.1448266E-06   1.7250664E-06   1.1647518E-05  -2.1894331E-08  -3.8465698E-09
 -8.6910564E-05   9.3218332E-05  -7.5295786E-05  -9.2614221E-04  -2.2589075E-03  -2.3984419E-03  -4.2944605E-03   4.0811491E-04   4.4129645E+01  -3.8037151E-01  -8.5829930E-01   3.2724557E+01   1.2950961E+00  -1.3443162E+01  -5.5298408E+01   1.5830767E-01   1.2634521E-01   5.7274160E-01  -5.9976705E+00  -3.3602323E+01  -2.4051274E-04   3.5522056E-03  -1.2658104E-03   4.2578455E-04  -9.7311381E-03   2.0210627E-02  -2.6474002E-04   6.1245409E-04
  1.4870507E-06  -1.7563847E-06  -5.3924393E-07   1.2931589E-05  -9.6079172E-06   8.9167069E-05   8.8368771E-05   1.0758699E-05  -3.8037151E-01   8.0840853E-02  -4.3394857E-02  -5.9307749E-01   9.0214283E-01   1.6953457E+00   6.2426576E-01   4.0080892E-02  -3.9949765E-03   6.3824600E-03   9.7017782E-02   1.3210017E-01  -1.5503455E-04  -8.8383835E-06  -1.3583433E-04  -2.8263126E-05   1.5380909E-05  -1.3200540E-03   6.7510124E-06   2.0256396E-07
  1.6889514E-05  -2.7214998E-05   9.0000143E-07   4.0419513E-04   1.3785824E-03   5.2909807E-04   8.5199677E-04  -8.0211412E-05  -8.5829930E-01  -4.3394857E-02   3.8255358E+00  -2.9045092E+01  -3.2577842E+00   7.4246853E+00   5.2117987E+00  -2.6982179E+00  -1.6364641E-01   2.2111065E-01   2.7731992E+00   3.5581066E+00  -1.0310257E-03   5.6030010E-04   1.9184170E-03   2.5863700E-03   2.1522566E-03  -2.9711983E-03   1.0570897E-04  -3.1418399E-05
 -4.0045255E-04   7.9709326E-04  -1.0867637E-04  -8.0880825E-03  -1.7820557E-02  -1.1238313E-02  -2.1512054E-02   3.4117145E-03   3.2724557E+01  -5.9307749E-01  -2.9045092E+01   7.6069715E+02   6.8673570E+01  -5.1203991E+01  -5.3755345E+01   1.2758287E+01  -7.1078146E+00   4.8584988E+00  -1.1953122E+01  -2.3431166E+01   1.0138651E-02   1.8276980E-03  -4.3032457E-02  -1.0195112E-02   1.6254760E-02   1.1654554E-01   3.7074807E-03   5.6929334E-04
 -1.8557005E-04   6.0466182E-04  -6.5814709E-05  -4.0680704E-03  -1.0503109E-02  -5.0119742E-03  -5.9297657E-03   8.3664727E-04   1.2950961E+00   9.0214283E-01  -3.2577842E+00   6.8673570E+01   5.9743369E+01   3.9499980E+01   1.5217055E+01  -4.8778718E+00  -5.8899694E-01  -1.4867935E+00   3.0697585E+00   4.0815635E+00  -3.8735902E-03  -2.6766667E-04   3.6414246E-04  -7.8398533E-04   1.0953770E-02   9.0868582E-02   1.1950996E-04   1.3302505E-04
 -4.8956816E-05   4.2072145E-04  -3.0504791E-05  -1.1247328E-03  -6.1154071E-03   1.3977987E-03   1.3767958E-03   4.9844225E-04  -1.3443162E+01   1.6953457E+00   7.4246853E+00  -5.1203991E+01   3.9499980E+01   8.4827664E+01   5.3085073E+01  -1.1816723E+01  -7.4999523E-01  -7.0260367E-01   4.7961981E+00   8.7115745E+00  -1.1068663E-02  -1.6501321E-03   7.0449200E-03   9.1050273E-03   1.5450694E-02   3.0197504E-02   4.2581066E-04  -2.9436121E-04
  3.8973835E-05   2.6056226E-04   9.1523243E-05  -9.6410631E-04  -2.6142183E-03   4.7276766E-03   4.7502275E-03   1.4799601E-03  -5.5298408E+01   6.2426576E-01   5.2117987E+00  -5.3755345E+01   1.5217055E+01   5.3085073E+01   1.0451988E+02  -9.5178073E+00  -6.0185859E-01  -1.2797545E+00   5.7652188E+00   3.4660133E+01  -6.4347125E-03  -7.3400661E-03   7.6300427E-03   5.1128667E-03   2.4688924E-02   2.2157407E-02   4.8082663E-04  -1.1669370E-03
 -3.5802308E-05   5.2196846E-05  -5.2102045E-06  -6.5159126E-04  -1.1554172E-03  -1.9065385E-03  -2.0944635E-03   1.3292840E-05   1.5830767E-01   4.0080892E-02  -2.6982179E+00   1.2758287E+01  -4.8778718E+00  -1.1816723E+01  -9.5178073E+00   5.8016610E+00   1.1710170E-01  -2.1725144E-01  -2.1468228E+00  -2.6885915E+00   1.1152406E-03  -2.0925811E-04  -1.9887047E-03  -1.1391503E-03  -2.9598524E-03  -1.3585758E-02  -6.2816450E-05  -8.4640350E-06
  5.6227499E-06  -1.4516486E-05   1.3850112E-06  -3.9956688E-05  -7.6563255E-05  -3.0758992E-04   2.7418723E-04   2.9048137E-05   1.2634521E-01  -3.9949765E-03  -1.6364641E-01  -7.1078146E+00  -5.8899694E-01  -7.4999523E-01  -6.0185859E-01   1.1710170E-01   3.4127272E+00   5.1233641E-01   1.0219498E-01   2.4079542E-02   6.7996066E-04   2.8011964E-04   9.1785272E-04  -2.2634377E-03  -2.8723912E-03  -8.6061920E-03   2.0794169E-04  -2.3524610E-05
 -6.0649270E-06  -5.7099968E-06  -5.9215985E-06  -1.1970196E-04   3.8481927E-04  -9.2028619E-04  -3.7996177E-04  -7.9596395E-05   5.7274160E-01   6.3824600E-03   2.2111065E-01   4.8584988E+00  -1.4867935E+00  -7.0260367E-01  -1.2797545E+00  -2.1725144E-01   5.1233641E-01   3.0946303E+00   2.6754586E+00   2.6241636E+00   2.1809750E-03   4.2089211E-04  -1.4993655E-03  -2.0481329E-06   8.8452231E-04  -2.7688080E-03  -1.5762086E-04  -4.7797108E-05
 -1.1034689E-05  -4.4015165E-05  -6.2689363E-06  -4.1857684E-04   2.5385273E-03  -1.5646844E-03  -2.5164281E-04  -4.9084988E-05  -5.9976705E+00   9.7017782E-02   2.7731992E+00  -1.1953122E+01   3.0697585E+00   4.7961981E+00   5.7652188E+00  -2.1468228E+00   1.0219498E-01   2.6754586E+00   1.0877254E+01   1.9534227E+01   2.2938144E-03   1.0391234E-03  -3.1372720E-03   1.3529514E-04   4.9099612E-03   2.9757593E-03   3.0251673E-05   3.9255956E-04
  2.0162902E-05  -1.4781681E-04   5.2828488E-05  -3.8776389E-04   6.3769927E-03   4.7577196E-04   1.6411913E-03   8.6366307E-04  -3.3602323E+01   1.3210017E-01   3.5581066E+00  -2.3431166E+01   4.0815635E+00   8.7115745E+00   3.4660133E+01  -2.6885915E+00   2.4079542E-02   2.6241636E+00   1.9534227E+01   5.4253574E+01   4.2190951E-03   1.3832507E-03  -1.4901547E-03   1.8354951E-03   1.0558776E-02   5.4899307E-03   1.7103589E-04   9.4445223E-04
 -3.3437256E-09   8.9585236E-07   6.6300495E-08  -1.4564370E-06  -2.9382245E-05  -2.9208419E-06  -8.7029080E-07  -5.7226877E-07  -2.4051274E-04  -1.5503455E-04  -1.0310257E-03   1.0138651E-02  -3.8735902E-03  -1.1068663E-02  -6.4347125E-03   1.1152406E-03   6.7996066E-04   2.1809750E-03   2.2938144E-03   4.2190951E-03   1.4559990E-03   2.6224183E-04   5.3946650E-05  -4.0486617E-04  -1.1451966E-04  -2.1512942E-04  -3.6027708E-07  -2.2355577E-07
  4.2091096E-09   5.1402639E-07   1.5493211E-07  -7.6348501E-07   3.1002398E-06   1.7378294E-06  -1.0909718E-06   1.2058657E-06   3.5522056E-03  -8.8383835E-06   5.6030010E-04   1.8276980E-03  -2.6766667E-04  -1.6501321E-03  -7.3400661E-03  -2.0925811E-04   2.8011964E-04   4.2089211E-04   1.0391234E-03   1.3832507E-03   2.6224183E-04   8.6983312E-04  -5.7321388E-06   7.7303576E-04   5.1169950E-05  -6.7925641E-04  -2.0887771E-07  -2.0251661E-07
  1.9016984E-07  -1.4504262E-06  -1.7314795E-08  -2.1772875E-06  -8.1818125E-06  -1.9473519E-06   2.2169178E-06   2.7981409E-06  -1.2658104E-03  -1.3583433E-04   1.9184170E-03  -4.3032457E-02   3.6414246E-04   7.0449200E-03   7.6300427E-03  -1.9887047E-03   9.1785272E-04  -1.4993655E-03  -3.1372720E-03  -1.4901547E-03   5.3946650E-05  -5.7321388E-06   7.3543136E-03  -3.4625554E-04   4.8895961E-04   4.2031865E-03   1.5710743E-08   3.6001630E-07
 -3.6783593E-07   1.1879565E-06  -9.2813891E-08  -3.2649580E-06   6.0487322E-06  -2.4890860E-06  -3.0475748E-06   1.1448266E-06   4.2578455E-04  -2.8263126E-05   2.5863700E-03  -1.0195112E-02  -7.8398533E-04   9.1050273E-03   5.1128667E-03  -1.1391503E-03  -2.2634377E-03  -2.0481329E-06   1.3529514E-04   1.8354951E-03  -4.0486617E-04   7.7303576E-04  -3.4625554E-04   3.0092641E-03   4.5648925E-04  -1.1497583E-03   3.1959361E-07   1.6432501E-07
 -6.1696306E-07   1.5049520E-06  -4.1680225E-07  -2.5272162E-06  -7.5381422E-05  -1.2041831E-06   8.5172496E-07   1.7250664E-06  -9.7311381E-03   1.5380909E-05   2.1522566E-03   1.6254760E-02   1.0953770E-02   1.5450694E-02   2.4688924E-02  -2.9598524E-03  -2.8723912E-03   8.8452231E-04   4.9099612E-03   1.0558776E-02  -1.1451966E-04   5.1169950E-05   4.8895961E-04   4.5648925E-04   6.4096602E-03   7.9196464E-03  -9.2106334E-08   6.3258338E-08
 -2.4125222E-06   5.3135694E-06  -2.1674036E-06  -4.1686721E-05  -2.2866299E-04  -5.4209696E-05  -2.3168328E-05   1.1647518E-05   2.0210627E-02  -1.3200540E-03  -2.9711983E-03   1.1654554E-01   9.0868582E-02   3.0197504E-02   2.2157407E-02  -1.3585758E-02  -8.6061920E-03  -2.7688080E-03   2.9757593E-03   5.4899307E-03  -2.1512942E-04  -6.7925641E-04   4.2031865E-03  -1.1497583E-03   7.9196464E-03   7.0378953E-02  -4.3371850E-07   1.4482439E-06
  2.1102265E-09  -7.0696727E-10   1.5265035E-09   5.6945993E-09   3.5954059E-08   9.3128695E-08  -7.4862207E-08  -2.1894331E-08  -2.6474002E-04   6.7510124E-06   1.0570897E-04   3.7074807E-03   1.1950996E-04   4.2581066E-04   4.8082663E-04  -6.2816450E-05   2.0794169E-04  -1.5762086E-04   3.0251673E-05   1.7103589E-04  -3.6027708E-07  -2.0887771E-07   1.5710743E-08   3.1959361E-07  -9.2106334E-08  -4.3371850E-07   3.7077063E-07   2.0128636E-09
 -1.3569750E-10  -9.0237844E-09   4.3533840E-09  -4.4254710E-08   1.7799363E-07  -1.0996261E-07  -1.6105880E-08  -3.8465698E-09   6.1245409E-04   2.0256396E-07  -3.1418399E-05   5.6929334E-04   1.3302505E-04  -2.9436121E-04  -1.1669370E-03  -8.4640350E-06  -2.3524610E-05  -4.7797108E-05   3.9255956E-04   9.4445223E-04  -2.2355577E-07  -2.0251661E-07   3.6001630E-07   1.6432501E-07   6.3258338E-08   1.4482439E-06   2.0128636E-09   3.7681367E-07
