# omegabh2 omegach2 theta tau logA ns calPlanck acib217 xi asz143 aps100 aps143 aps143217 aps217 aksz kgal100 kgal143 kgal143217 kgal217 galfTE100 galfTE100143 galfTE100217 galfTE143 galfTE143217 galfTE217 cal0 cal2 DES_b1 DES_b2 DES_b3 DES_b4 DES_b5 DES_m1 DES_m2 DES_m3 DES_m4 DES_AIA DES_alphaIA DES_DzL1 DES_DzL2 DES_DzL3 DES_DzL4 DES_DzL5 DES_DzS1 DES_DzS2 DES_DzS3 DES_DzS4
  1.7972713E-08  -4.2206469E-08   9.5550315E-09   1.4615570E-07   3.0397127E-07   1.4056999E-07   1.6218372E-08  -8.0602418E-05   1.6084082E-06   1.6235811E-05  -3.4439943E-04  -1.9796415E-04  -6.4869781E-05   1.3830708E-05  -3.2491770E-05   2.2074391E-06  -8.5027226E-06  -9.0517961E-06   2.2564668E-05   8.0528220E-08   5.4536384E-10  -6.8952344E-08  -2.4437480E-07  -5.2929453E-07  -2.2878763E-06   1.6116554E-09  -1.0463089E-09  -1.3277012E-07  -1.1445325E-08  -9.0862955E-08   4.2981115E-08  -3.1666550E-07   1.9465967E-08   2.8342256E-08   2.8177410E-07   1.7201143E-07   2.0282029E-08   1.7799530E-05   2.0677732E-08  -8.1116480E-09  -1.1460945E-08   1.5473077E-08  -2.0256924E-10  -2.9108839E-08   3.9427247E-08   7.3043451E-08   1.5073248E-07
 -4.2206469E-08   7.5638546E-07  -3.6943777E-08  -1.4323388E-06  -1.2462109E-06  -1.8464121E-06  -1.4510429E-07  -5.2406995E-06  -9.8834434E-08  -3.0352488E-05   4.6944220E-04   4.7337583E-04   3.8524018E-04   3.4160394E-04   9.8958168E-06  -2.7773394E-05  -2.0295428E-07  -1.9156531E-05  -5.3176272E-05   1.6882691E-07  -3.0141280E-08  -6.8050366E-07   9.1665753E-07   2.0940959E-06   1.0070494E-05   1.2730632E-08  -3.2636675E-09   1.8553626E-06  -9.3307597E-07  -1.8571711E-06  -2.0110599E-06  -8.4981017E-07   4.6323934E-08  -3.7126496E-07  -3.7145956E-06  -2.6812341E-06   1.3770645E-06  -2.3348179E-04  -1.0578379E-07  -1.6239279E-07  -3.8968885E-08  -2.8351726E-07  -1.4876898E-07   3.6000988E-07  -5.5228724E-07  -1.0853973E-06  -1.8123066E-06
  9.5550315E-09  -3.6943777E-08   8.4495751E-08   1.0304822E-07   2.3683718E-07   1.9619845E-07   1.5348182E-08   3.4486527E-05   1.2322062E-07  -7.0009508E-06   5.6360909E-05  -4.4056996E-05  -3.8240273E-05  -6.7596440E-05   8.1101897E-06   5.1535080E-06   6.3348040E-06  -1.9977236E-05  -5.0649430E-05   6.4189118E-08  -4.8327456E-08  -1.9455649E-07  -3.8626874E-07  -6.7427709E-07  -1.4673312E-06   8.4477963E-10  -7.7844039E-11  -6.5121664E-07  -2.4803570E-07  -3.7888987E-07  -1.3377097E-07  -7.3112096E-07  -4.1914638E-08  -1.1192544E-07   2.8446165E-07   1.1531497E-07   5.8997717E-08   2.3613845E-05   2.2717015E-09   2.1872491E-08   1.4631047E-08   3.8291467E-08   1.6558578E-08  -6.6433783E-08   8.1860445E-08   1.2581879E-07   2.6360159E-07
  1.4615570E-07  -1.4323388E-06   1.0304822E-07   4.4833368E-05   8.5286790E-05   5.3435608E-06  -3.8471083E-07  -1.2907579E-03  -1.9837748E-05   3.0461322E-04  -7.0139640E-03  -3.3125846E-03  -1.9521700E-03  -1.0951299E-04  -6.6351504E-04  -1.7559953E-04  -3.9524016E-04  -2.7837036E-04   2.5050468E-04  -4.3699133E-06   1.0334405E-06   1.9549715E-06   3.4535104E-06  -9.9311551E-06  -1.3530549E-05  -2.6861197E-08  -5.9368941E-08  -6.2843850E-05  -6.2488043E-05  -6.6682661E-05  -8.5202130E-05  -9.8941387E-05  -7.0738443E-07   5.2887114E-07  -5.5351217E-06  -5.2315198E-06   1.3593044E-05  -5.3037032E-04   5.8537762E-07   3.4011138E-07  -1.6847000E-07  -4.8276609E-07  -5.7984666E-08   2.5358836E-06  -6.2925599E-08  -3.0226452E-06  -5.5888799E-06
  3.0397127E-07  -1.2462109E-06   2.3683718E-07   8.5286790E-05   1.9397595E-04   5.4624289E-06   1.1473166E-05  -3.3056485E-03  -8.1733051E-06   4.5827874E-04  -1.1841236E-02  -4.4275516E-03  -7.0027133E-04   7.1215932E-03  -2.2225202E-03  -6.0875286E-04  -1.4687705E-03  -1.3378996E-03   1.9704364E-03  -9.4306725E-06   5.6357035E-07  -1.7384640E-06   7.7046188E-06  -1.8631603E-05  -3.0954654E-06   8.3115733E-08  -1.2700684E-07  -1.3978354E-04  -1.4418791E-04  -1.5741844E-04  -2.0281845E-04  -2.2246297E-04  -3.6467848E-07   5.3551650E-08  -2.2370697E-05  -1.7500258E-05   2.2496949E-05  -1.5966673E-03   9.7390885E-07  -1.2655148E-07  -2.5499447E-07  -1.8051855E-06  -8.1283754E-07   4.6536318E-06  -1.6970220E-06  -8.6655651E-06  -1.6783587E-05
  1.4056999E-07  -1.8464121E-06   1.9619845E-07   5.3435608E-06   5.4624289E-06   1.3283592E-05   3.9098573E-07  -3.7027803E-03   8.3147451E-05   8.5898522E-04  -2.0665334E-02  -5.9557936E-03   1.0795832E-03   3.7835285E-03  -1.9910726E-03   3.2432243E-04  -2.7455566E-04  -1.3259450E-04   1.5120607E-03  -1.7656931E-06   1.1939149E-06  -6.0606665E-07  -3.3262034E-06  -5.2614248E-06  -2.2270855E-05  -1.2150917E-07  -1.6587713E-08  -6.9556506E-06  -1.6011436E-06   3.2668361E-06   2.5668520E-06  -6.7326780E-07  -3.9882410E-07   4.7122209E-08   8.0572886E-06   5.4244280E-06  -2.7103431E-06   4.5955225E-04  -1.2153003E-07   3.8976222E-07  -5.1783827E-08   8.1513752E-07   5.8123024E-08  -5.3380128E-07   1.3844844E-06   1.9481243E-06   3.9710941E-06
  1.6218372E-08  -1.4510429E-07   1.5348182E-08  -3.8471083E-07   1.1473166E-05   3.9098573E-07   6.2319701E-06   5.5322844E-04  -1.1542907E-05  -3.8694898E-05   2.8744427E-03   4.5679292E-04   1.4124914E-04   1.5039960E-03  -5.6968888E-05   4.8321279E-05  -5.6607310E-05  -9.1466243E-05   8.2874003E-04  -9.8933426E-07  -5.7477695E-07  -2.4757483E-06  -1.1287750E-07  -1.9395715E-06   5.2454560E-06  -1.7590805E-08   6.5845480E-09  -8.3886918E-06  -7.6869713E-06  -8.3290522E-06  -1.1260961E-05  -1.0188104E-05   1.8292509E-07   2.7514327E-08  -1.0868929E-06  -4.8602960E-07  -3.7249275E-06   2.2109956E-05  -6.0816708E-08  -1.1084688E-07   7.3510556E-08  -1.1233029E-07  -1.2127825E-07  -4.6952904E-07  -2.4975323E-07  -3.1306186E-08  -6.5051864E-07
 -8.0602418E-05  -5.2406995E-06   3.4486527E-05  -1.2907579E-03  -3.3056485E-03  -3.7027803E-03   5.5322844E-04   4.4718116E+01  -3.9849660E-01  -9.3842387E-01   3.4775912E+01   1.5014031E+00  -1.3732816E+01  -5.5636277E+01  -9.1866883E-02   5.5167278E-02   4.3715579E-01  -5.9914431E+00  -3.3620015E+01  -2.4240885E-03  -4.5683587E-04  -1.0806856E-03   5.8054606E-03  -8.8809159E-03   1.4448691E-02  -2.2757345E-04   7.6205481E-04  -5.4303113E-03   1.3422119E-03   3.6573303E-03   9.4615093E-03  -7.3034931E-03   6.9690396E-04  -2.2283489E-03   2.3958729E-03  -1.7286357E-03  -2.6146310E-02  -1.1113691E-01  -4.1455327E-04   3.6328928E-04   3.9373563E-04  -3.9267483E-04  -2.4178585E-04  -6.6941220E-04  -1.2563876E-03   2.8719530E-04   7.3241715E-05
  1.6084082E-06  -9.8834434E-08   1.2322062E-07  -1.9837748E-05  -8.1733051E-06   8.3147451E-05  -1.1542907E-05  -3.9849660E-01   8.1067736E-02  -3.4503674E-02  -6.5302987E-01   9.1607766E-01   1.7106130E+00   6.4508856E-01   3.0802051E-02  -2.1230178E-02   1.4603999E-02   1.2582347E-01   1.7076748E-01   1.9853651E-05   2.9293166E-06  -1.0611899E-04  -3.4634765E-04  -3.2304557E-05  -4.7814964E-04   1.9469357E-06  -1.8499341E-06   3.7514528E-04   1.0561845E-04  -1.7318169E-04  -6.9717544E-05   2.4150345E-04   2.2967683E-05  -4.8721349E-07   4.7343266E-05   1.2647073E-04   2.8697884E-04  -3.4129695E-03   4.7979121E-06  -1.8549279E-05  -2.2136756E-06  -2.9334001E-05  -6.4218877E-05   3.8794060E-05   1.8747819E-05   1.3841521E-05   1.0675644E-05
  1.6235811E-05  -3.0352488E-05  -7.0009508E-06   3.0461322E-04   4.5827874E-04   8.5898522E-04  -3.8694898E-05  -9.3842387E-01  -3.4503674E-02   3.8568352E+00  -3.0529344E+01  -3.0754373E+00   7.9167137E+00   5.6254363E+00  -2.7365487E+00  -2.3248186E-01   1.3416803E-01   2.6412507E+00   3.3372757E+00  -1.9949177E-04   1.4451751E-04   3.2320404E-03  -2.2577372E-03   1.7252244E-03  -1.1146864E-03   1.2965021E-04  -2.3562583E-05  -1.6367681E-03  -1.6479146E-03  -8.9170997E-05   1.6517111E-04  -2.9766955E-04  -1.4172145E-04   2.7243332E-04  -1.7385844E-04  -7.1250295E-05   9.9549114E-04  -5.0055051E-02  -1.2127432E-04  -1.8373561E-04  -5.3617248E-06   2.0335407E-04   2.7448708E-04   2.6445232E-04   1.6517235E-05   1.2422735E-04   2.0789218E-04
 -3.4439943E-04   4.6944220E-04   5.6360909E-05  -7.0139640E-03  -1.1841236E-02  -2.0665334E-02   2.8744427E-03   3.4775912E+01  -6.5302987E-01  -3.0529344E+01   7.7504268E+02   6.4751162E+01  -5.7137922E+01  -6.0575472E+01   1.3846745E+01  -6.3949691E+00   5.5899067E+00  -1.3177090E+01  -2.4795570E+01   3.7408234E-03  -1.9162923E-03  -3.2084193E-02   1.8852209E-02  -5.2670270E-02  -9.8352179E-02   3.4599088E-03   4.9632431E-04  -1.1033395E-03   1.5316211E-02   1.0221141E-02   4.3924281E-03  -8.4476099E-03   2.5244027E-03  -8.8411133E-03  -7.9140930E-04   5.3707368E-03   4.7641507E-02   1.2805867E+00   4.6676810E-04   3.3523442E-03   1.7640913E-03  -2.2700335E-03  -1.7519367E-03  -3.9323031E-05   2.7644018E-03   3.8358589E-04  -8.0969484E-03
 -1.9796415E-04   4.7337583E-04  -4.4056996E-05  -3.3125846E-03  -4.4275516E-03  -5.9557936E-03   4.5679292E-04   1.5014031E+00   9.1607766E-01  -3.0754373E+00   6.4751162E+01   6.0651511E+01   4.0561562E+01   1.5338777E+01  -5.1767668E+00  -6.5069731E-01  -1.2877017E+00   3.4621814E+00   4.1256028E+00   1.5462645E-03   1.4136050E-03  -6.6178441E-03  -1.3681447E-03   3.5625993E-03   8.5396837E-03   5.9519367E-05   1.0419985E-04   3.0216985E-03   7.1811165E-03  -2.6485630E-03  -3.9372972E-03   6.3365026E-03  -1.0214814E-03   7.3647470E-05  -2.0653245E-03  -1.5173344E-03   7.0311689E-03  -3.1641312E-02   3.5497370E-04   1.4067307E-04  -1.1097239E-04  -3.8868204E-04  -1.3071000E-04  -6.8303105E-05  -1.9143506E-03  -8.2092617E-04  -3.1964956E-03
 -6.4869781E-05   3.8524018E-04  -3.8240273E-05  -1.9521700E-03  -7.0027133E-04   1.0795832E-03   1.4124914E-04  -1.3732816E+01   1.7106130E+00   7.9167137E+00  -5.7137922E+01   4.0561562E+01   8.6760256E+01   5.4651417E+01  -1.2253188E+01  -1.4895120E+00  -5.8911117E-01   5.3741793E+00   9.0619225E+00   1.4813452E-03   2.8845046E-04   4.2362205E-03  -1.0696388E-02   1.1412065E-02  -1.8203284E-02   4.4914111E-04  -3.5461505E-04   6.9846134E-03   1.2773507E-04  -5.5956396E-03  -8.9972653E-03   6.2021416E-03  -8.9670207E-04   5.2894492E-04  -2.1429778E-03   1.0523415E-03   4.9836074E-03  -4.4221665E-01  -1.0249279E-04  -7.7625150E-04  -3.1935031E-04  -4.4059960E-04  -7.6076725E-04   2.0105813E-03  -1.2234361E-03  -6.5942383E-04  -1.6117834E-03
  1.3830708E-05   3.4160394E-04  -6.7596440E-05  -1.0951299E-04   7.1215932E-03   3.7835285E-03   1.5039960E-03  -5.5636277E+01   6.4508856E-01   5.6254363E+00  -6.0575472E+01   1.5338777E+01   5.4651417E+01   1.0544810E+02  -9.5108519E+00  -7.5508005E-01  -1.0941421E+00   5.7952611E+00   3.4257497E+01   2.5781361E-03   2.2567075E-04   6.4207470E-03  -8.2420615E-03   2.6491146E-02  -6.8293968E-03   5.3927029E-04  -1.4068048E-03   1.2733823E-03  -6.7165936E-03  -1.0555642E-02  -2.4661207E-02   1.0023973E-02  -9.2549622E-04   2.3344978E-03  -5.5681804E-03   1.3720937E-03   2.0129436E-02  -2.8904441E-01   4.8266405E-04  -5.6284734E-04  -9.9430691E-04   2.4656327E-04   1.1378613E-04   2.1128374E-03   1.8055529E-04  -1.2525051E-03  -2.0341702E-03
 -3.2491770E-05   9.8958168E-06   8.1101897E-06  -6.6351504E-04  -2.2225202E-03  -1.9910726E-03  -5.6968888E-05  -9.1866883E-02   3.0802051E-02  -2.7365487E+00   1.3846745E+01  -5.1767668E+00  -1.2253188E+01  -9.5108519E+00   5.8698529E+00   1.9359855E-01  -1.7484055E-01  -2.1239671E+00  -2.4972896E+00   5.5709794E-04  -4.3119479E-04  -1.8290045E-03   5.0502813E-04  -3.3589478E-03  -2.6369372E-05  -8.5441253E-05  -2.8856889E-05   3.1020407E-03   1.4491253E-03   1.3383354E-03   2.7610077E-03   1.8924355E-03   1.9708395E-04   2.5656066E-04   6.4043742E-04   4.1785033E-04   2.1207483E-03   1.1225394E-01   9.2279068E-05   2.1144248E-05   2.4319101E-04  -1.5696696E-04  -1.1026630E-04  -3.5029340E-04   3.6064223E-04   1.7135634E-04   4.2912397E-04
  2.2074391E-06  -2.7773394E-05   5.1535080E-06  -1.7559953E-04  -6.0875286E-04   3.2432243E-04   4.8321279E-05   5.5167278E-02  -2.1230178E-02  -2.3248186E-01  -6.3949691E+00  -6.5069731E-01  -1.4895120E+00  -7.5508005E-01   1.9359855E-01   3.2803818E+00   4.7772220E-01   1.6025562E-01   2.3719071E-01   4.4986153E-04   1.6758174E-04   2.6641321E-03  -4.6041384E-04   1.7271350E-03   5.8463247E-03   1.7626323E-04   9.5974533E-07   1.1427355E-03   1.0118076E-03   1.6260892E-03   6.3956165E-04   2.4265578E-03   6.7150815E-04   2.3531094E-05   1.5970417E-04   4.8457024E-04   3.6622051E-03   8.0307877E-02   5.2883903E-05  -3.1257160E-04  -1.7491103E-04  -1.6463542E-04   6.8209392E-05  -3.5478980E-04   1.2922053E-04  -7.8871956E-05   3.0083605E-04
 -8.5027226E-06  -2.0295428E-07   6.3348040E-06  -3.9524016E-04  -1.4687705E-03  -2.7455566E-04  -5.6607310E-05   4.3715579E-01   1.4603999E-02   1.3416803E-01   5.5899067E+00  -1.2877017E+00  -5.8911117E-01  -1.0941421E+00  -1.7484055E-01   4.7772220E-01   3.1330287E+00   2.6793631E+00   2.7105158E+00   1.6734813E-04  -5.8937111E-04  -1.3235555E-03  -1.9136034E-05  -3.4976102E-04   6.1715179E-03  -1.8350650E-04  -3.5715118E-05   3.4116003E-04   3.5716526E-03   2.1803328E-03   5.0180860E-04   3.0897672E-03  -2.9231973E-04   5.0616122E-05   2.1093234E-04   3.6280716E-04  -1.4840970E-03  -6.1580262E-02  -2.0925026E-04   1.5017208E-04  -1.3241276E-05  -7.8555280E-05   6.9816762E-05   3.0870731E-04   9.1174894E-05   1.5505617E-04   2.0838095E-04
 -9.0517961E-06  -1.9156531E-05  -1.9977236E-05  -2.7837036E-04  -1.3378996E-03  -1.3259450E-04  -9.1466243E-05  -5.9914431E+00   1.2582347E-01   2.6412507E+00  -1.3177090E+01   3.4621814E+00   5.3741793E+00   5.7952611E+00  -2.1239671E+00   1.6025562E-01   2.6793631E+00   1.0714171E+01   1.9183943E+01   7.6185347E-04   7.3490472E-04  -3.5179035E-03  -1.9496517E-03   1.1946339E-03   1.5675433E-02  -2.6224416E-05   4.2476722E-04   5.1423662E-05   2.4857664E-03   1.2838079E-03   1.4661723E-03   4.8673727E-03  -7.2135146E-04   1.5500800E-03   3.7858785E-05   2.3295627E-04   4.0444667E-03  -5.5012930E-02  -1.4382853E-04  -5.4999118E-05   1.1491302E-04   3.6111376E-04   3.5503124E-04   5.8410488E-04   1.2082664E-04   3.1370198E-04   2.5440622E-04
  2.2564668E-05  -5.3176272E-05  -5.0649430E-05   2.5050468E-04   1.9704364E-03   1.5120607E-03   8.2874003E-04  -3.3620015E+01   1.7076748E-01   3.3372757E+00  -2.4795570E+01   4.1256028E+00   9.0619225E+00   3.4257497E+01  -2.4972896E+00   2.3719071E-01   2.7105158E+00   1.9183943E+01   5.3571303E+01   1.7128618E-03   1.5816099E-03  -7.4592690E-03  -2.6500560E-03   2.5939014E-03   1.1305384E-02   7.5060068E-05   9.5456441E-04   1.8941584E-03   2.0495827E-03  -3.7212022E-04  -2.0406923E-03   5.6857049E-03  -1.4006162E-03   3.8757559E-03  -1.5075471E-03   6.4301749E-04   2.4158516E-02   2.7609669E-02   9.7516368E-05  -2.3482117E-04   7.8735723E-05   9.2668293E-04   8.1944625E-04   7.8164738E-04   9.2111379E-04   3.8616948E-04   5.5405223E-04
  8.0528220E-08   1.6882691E-07   6.4189118E-08  -4.3699133E-06  -9.4306725E-06  -1.7656931E-06  -9.8933426E-07  -2.4240885E-03   1.9853651E-05  -1.9949177E-04   3.7408234E-03   1.5462645E-03   1.4813452E-03   2.5781361E-03   5.5709794E-04   4.4986153E-04   1.6734813E-04   7.6185347E-04   1.7128618E-03   1.4701346E-03   2.8907552E-04   5.6329500E-05  -3.5326577E-04  -1.2739699E-04  -1.0119215E-04   1.0405951E-07  -1.5375110E-07   4.2876159E-05   3.0500675E-05  -1.3096565E-06   2.4194902E-05   1.0647080E-06   2.1334759E-05  -1.6876976E-06  -1.8211774E-05   2.5187909E-06   3.8221459E-05  -3.8606930E-04   3.4963189E-06  -1.5827682E-06   2.3192337E-06   4.6298383E-06  -3.7571210E-06   1.5130896E-06   4.6278873E-06   1.2854547E-05   6.0080278E-06
  5.4536384E-10  -3.0141280E-08  -4.8327456E-08   1.0334405E-06   5.6357035E-07   1.1939149E-06  -5.7477695E-07  -4.5683587E-04   2.9293166E-06   1.4451751E-04  -1.9162923E-03   1.4136050E-03   2.8845046E-04   2.2567075E-04  -4.3119479E-04   1.6758174E-04  -5.8937111E-04   7.3490472E-04   1.5816099E-03   2.8907552E-04   8.8313282E-04  -8.4456738E-06   7.4326825E-04   1.6063199E-05  -6.7835855E-04  -1.3760036E-07   2.3278914E-07  -6.1891218E-06  -1.7912452E-05  -1.3320498E-05   1.6563358E-05   4.2668224E-06   3.4422883E-08  -8.3544088E-06  -4.4230890E-06   3.1639674E-06  -1.3045077E-05  -5.4880165E-04  -1.1140647E-06   3.2341640E-07   5.7514792E-07  -5.3696783E-06   2.1294932E-06   9.0512965E-06   1.2032944E-06   8.9053200E-06   9.7301567E-06
 -6.8952344E-08  -6.8050366E-07  -1.9455649E-07   1.9549715E-06  -1.7384640E-06  -6.0606665E-07  -2.4757483E-06  -1.0806856E-03  -1.0611899E-04   3.2320404E-03  -3.2084193E-02  -6.6178441E-03   4.2362205E-03   6.4207470E-03  -1.8290045E-03   2.6641321E-03  -1.3235555E-03  -3.5179035E-03  -7.4592690E-03   5.6329500E-05  -8.4456738E-06   7.2549056E-03  -3.5415884E-04   5.5055512E-04   4.1671814E-03   4.8171571E-07  -1.4963910E-06  -1.0559481E-04  -7.5450090E-05   4.7997761E-05   9.7857944E-05  -3.9064241E-05   3.2939969E-05   1.5735934E-05  -7.4219343E-06   2.4036958E-05   2.6607903E-04  -7.5419396E-04  -3.4252309E-06  -2.1198960E-06   3.3023106E-06   1.0111730E-05  -6.0883988E-07  -1.2791438E-05   1.9307956E-05   1.2705959E-05  -6.9789782E-06
 -2.4437480E-07   9.1665753E-07  -3.8626874E-07   3.4535104E-06   7.7046188E-06  -3.3262034E-06  -1.1287750E-07   5.8054606E-03  -3.4634765E-04  -2.2577372E-03   1.8852209E-02  -1.3681447E-03  -1.0696388E-02  -8.2420615E-03   5.0502813E-04  -4.6041384E-04  -1.9136034E-05  -1.9496517E-03  -2.6500560E-03  -3.5326577E-04   7.4326825E-04  -3.5415884E-04   2.8820677E-03   5.6370813E-04  -9.0142475E-04  -4.1873945E-07   6.5964621E-07   1.0607695E-05  -3.7984628E-05  -3.5396543E-05  -2.7621320E-05   2.6350475E-05  -2.3278994E-05  -2.0533164E-05  -3.1880647E-06  -1.5684443E-05  -1.2533248E-04   2.2929781E-04  -2.4534900E-06   4.6166619E-06  -5.8664520E-06  -1.4027602E-05   4.0602874E-06   7.3547455E-06  -5.9508223E-06   9.1230527E-06  -2.9520480E-06
 -5.2929453E-07   2.0940959E-06  -6.7427709E-07  -9.9311551E-06  -1.8631603E-05  -5.2614248E-06  -1.9395715E-06  -8.8809159E-03  -3.2304557E-05   1.7252244E-03  -5.2670270E-02   3.5625993E-03   1.1412065E-02   2.6491146E-02  -3.3589478E-03   1.7271350E-03  -3.4976102E-04   1.1946339E-03   2.5939014E-03  -1.2739699E-04   1.6063199E-05   5.5055512E-04   5.6370813E-04   6.5191156E-03   8.1857564E-03   1.6623333E-07   5.2507915E-08   2.4905037E-07  -4.3382758E-05  -1.0017547E-06   9.5399461E-06   5.7546997E-05  -2.9663520E-05  -1.2685281E-06  -5.5764888E-06  -4.4630240E-05   2.7120645E-04  -2.3024394E-03  -1.0237351E-05   7.4738925E-06  -2.3448132E-06   4.0516370E-07  -2.3867113E-06   3.5306164E-06   1.5613910E-05  -3.0136425E-06  -7.7253094E-06
 -2.2878763E-06   1.0070494E-05  -1.4673312E-06  -1.3530549E-05  -3.0954654E-06  -2.2270855E-05   5.2454560E-06   1.4448691E-02  -4.7814964E-04  -1.1146864E-03  -9.8352179E-02   8.5396837E-03  -1.8203284E-02  -6.8293968E-03  -2.6369372E-05   5.8463247E-03   6.1715179E-03   1.5675433E-02   1.1305384E-02  -1.0119215E-04  -6.7835855E-04   4.1671814E-03  -9.0142475E-04   8.1857564E-03   7.1588013E-02  -3.3049494E-06  -2.2025280E-07   1.6198664E-05   2.5305197E-05   1.6680183E-04  -3.8519001E-05   7.1981734E-05   4.3757455E-05  -6.4479673E-05  -2.1878483E-05  -6.4531063E-06  -1.8138915E-04  -1.5401165E-02  -1.4229429E-06   1.9579845E-05  -4.1185552E-05   8.5771862E-06  -2.7592629E-05  -2.3805961E-05  -3.5621154E-05   6.2361681E-07  -1.2623675E-04
  1.6116554E-09   1.2730632E-08   8.4477963E-10  -2.6861197E-08   8.3115733E-08  -1.2150917E-07  -1.7590805E-08  -2.2757345E-04   1.9469357E-06   1.2965021E-04   3.4599088E-03   5.9519367E-05   4.4914111E-04   5.3927029E-04  -8.5441253E-05   1.7626323E-04  -1.8350650E-04  -2.6224416E-05   7.5060068E-05   1.0405951E-07  -1.3760036E-07   4.8171571E-07  -4.1873945E-07   1.6623333E-07  -3.3049494E-06   3.7716045E-07  -7.5577176E-10  -6.1270738E-07  -8.9146789E-07   1.5889030E-08  -4.2893843E-07  -1.0877937E-07   1.2429749E-07   2.5778695E-08  -2.2570444E-08   1.9473832E-07   1.5054126E-06   2.8200945E-05   2.9892183E-08  -3.8041602E-08   9.3676726E-09  -1.4153075E-07  -1.2956868E-07  -7.1744162E-08   1.3229153E-07   4.7176389E-08  -2.6311736E-07
 -1.0463089E-09  -3.2636675E-09  -7.7844039E-11  -5.9368941E-08  -1.2700684E-07  -1.6587713E-08   6.5845480E-09   7.6205481E-04  -1.8499341E-06  -2.3562583E-05   4.9632431E-04   1.0419985E-04  -3.5461505E-04  -1.4068048E-03  -2.8856889E-05   9.5974533E-07  -3.5715118E-05   4.2476722E-04   9.5456441E-04  -1.5375110E-07   2.3278914E-07  -1.4963910E-06   6.5964621E-07   5.2507915E-08  -2.2025280E-07  -7.5577176E-10   3.9755320E-07   2.0782068E-07   7.7023438E-07  -1.3597978E-08   7.2967717E-07  -1.0119772E-06   5.9317283E-08   1.1015308E-07   1.7753095E-07   1.9209178E-07  -1.5371814E-06  -1.1090324E-05   1.4136914E-08   1.2702638E-08  -1.7930342E-08   1.2431257E-07  -1.7231729E-08  -4.1065611E-08  -4.0524709E-08   1.1020201E-07   6.1615502E-08
 -1.3277012E-07   1.8553626E-06  -6.5121664E-07  -6.2843850E-05  -1.3978354E-04  -6.9556506E-06  -8.3886918E-06  -5.4303113E-03   3.7514528E-04  -1.6367681E-03  -1.1033395E-03   3.0216985E-03   6.9846134E-03   1.2733823E-03   3.1020407E-03   1.1427355E-03   3.4116003E-04   5.1423662E-05   1.8941584E-03   4.2876159E-05  -6.1891218E-06  -1.0559481E-04   1.0607695E-05   2.4905037E-07   1.6198664E-05  -6.1270738E-07   2.0782068E-07   5.2862035E-03   8.1359184E-05   1.6223916E-04   1.5593671E-04   1.9741520E-04  -1.4781887E-06   6.0364719E-06   8.3158220E-05   4.6059526E-05  -2.3417812E-04   1.1788277E-02   1.4407386E-04   1.6175455E-05   1.5174235E-05   4.7291601E-06   1.1524533E-05  -3.4386170E-06  -1.0251387E-06   2.3847462E-05   2.0602132E-05
 -1.1445325E-08  -9.3307597E-07  -2.4803570E-07  -6.2488043E-05  -1.4418791E-04  -1.6011436E-06  -7.6869713E-06   1.3422119E-03   1.0561845E-04  -1.6479146E-03   1.5316211E-02   7.1811165E-03   1.2773507E-04  -6.7165936E-03   1.4491253E-03   1.0118076E-03   3.5716526E-03   2.4857664E-03   2.0495827E-03   3.0500675E-05  -1.7912452E-05  -7.5450090E-05  -3.7984628E-05  -4.3382758E-05   2.5305197E-05  -8.9146789E-07   7.7023438E-07   8.1359184E-05   2.7353316E-03   1.2560352E-04   1.9640987E-04   1.7086645E-04   8.7246544E-07   5.0809861E-06   6.8328151E-05   5.2192154E-05  -3.0084548E-04   5.7898183E-03   3.9761909E-06   7.2159611E-05  -1.2594617E-06   1.2900527E-05   5.1344237E-06  -1.4250046E-05   1.1611090E-05   2.3774464E-05   4.2959195E-05
 -9.0862955E-08  -1.8571711E-06  -3.7888987E-07  -6.6682661E-05  -1.5741844E-04   3.2668361E-06  -8.3290522E-06   3.6573303E-03  -1.7318169E-04  -8.9170997E-05   1.0221141E-02  -2.6485630E-03  -5.5956396E-03  -1.0555642E-02   1.3383354E-03   1.6260892E-03   2.1803328E-03   1.2838079E-03  -3.7212022E-04  -1.3096565E-06  -1.3320498E-05   4.7997761E-05  -3.5396543E-05  -1.0017547E-06   1.6680183E-04   1.5889030E-08  -1.3597978E-08   1.6223916E-04   1.2560352E-04   1.9384275E-03   1.8847405E-04   1.7107728E-04  -7.6358483E-06   1.2007704E-05   4.8366102E-05   3.1913280E-05  -3.3035822E-04   7.8004406E-04   1.7486281E-07   1.0551322E-06   6.2350545E-05   6.6749864E-06   5.8840507E-06  -8.7018599E-06   3.7228054E-06   1.4655427E-05   3.4221312E-05
  4.2981115E-08  -2.0110599E-06  -1.3377097E-07  -8.5202130E-05  -2.0281845E-04   2.5668520E-06  -1.1260961E-05   9.4615093E-03  -6.9717544E-05   1.6517111E-04   4.3924281E-03  -3.9372972E-03  -8.9972653E-03  -2.4661207E-02   2.7610077E-03   6.3956165E-04   5.0180860E-04   1.4661723E-03  -2.0406923E-03   2.4194902E-05   1.6563358E-05   9.7857944E-05  -2.7621320E-05   9.5399461E-06  -3.8519001E-05  -4.2893843E-07   7.2967717E-07   1.5593671E-04   1.9640987E-04   1.8847405E-04   2.6762226E-03   2.6547247E-04   1.9837528E-05   1.9007818E-05   5.2854513E-05   2.7333909E-05  -4.1415812E-04   1.0899953E-04   3.6611862E-06   1.0422454E-06   1.0636106E-06   1.1622534E-04  -2.8615698E-06   6.6449986E-06   1.1481319E-05   2.4501676E-05   4.9046470E-05
 -3.1666550E-07  -8.4981017E-07  -7.3112096E-07  -9.8941387E-05  -2.2246297E-04  -6.7326780E-07  -1.0188104E-05  -7.3034931E-03   2.4150345E-04  -2.9766955E-04  -8.4476099E-03   6.3365026E-03   6.2021416E-03   1.0023973E-02   1.8924355E-03   2.4265578E-03   3.0897672E-03   4.8673727E-03   5.6857049E-03   1.0647080E-06   4.2668224E-06  -3.9064241E-05   2.6350475E-05   5.7546997E-05   7.1981734E-05  -1.0877937E-07  -1.0119772E-06   1.9741520E-04   1.7086645E-04   1.7107728E-04   2.6547247E-04   5.7114817E-03  -2.0591411E-05   1.0500105E-05   5.7949317E-05   1.9878617E-05  -1.4458974E-04   2.7876842E-04  -5.0948503E-06   5.1813890E-06   2.1982706E-06   5.9276659E-06   1.3146296E-04  -1.2369615E-05  -4.4016354E-06   1.7064104E-05   3.4214944E-05
  1.9465967E-08   4.6323934E-08  -4.1914638E-08  -7.0738443E-07  -3.6467848E-07  -3.9882410E-07   1.8292509E-07   6.9690396E-04   2.2967683E-05  -1.4172145E-04   2.5244027E-03  -1.0214814E-03  -8.9670207E-04  -9.2549622E-04   1.9708395E-04   6.7150815E-04  -2.9231973E-04  -7.2135146E-04  -1.4006162E-03   2.1334759E-05   3.4422883E-08   3.2939969E-05  -2.3278994E-05  -2.9663520E-05   4.3757455E-05   1.2429749E-07   5.9317283E-08  -1.4781887E-06   8.7246544E-07  -7.6358483E-06   1.9837528E-05  -2.0591411E-05   5.0724703E-04   2.0278712E-05  -5.4023281E-06   5.0228971E-06   9.4882365E-05  -2.7321171E-03  -1.5215811E-06  -3.1772824E-06  -1.6821080E-07   9.7287617E-07  -3.5147780E-06  -2.8385064E-05   4.1251431E-06   4.6014097E-08  -9.7206486E-07
  2.8342256E-08  -3.7126496E-07  -1.1192544E-07   5.2887114E-07   5.3551650E-08   4.7122209E-08   2.7514327E-08  -2.2283489E-03  -4.8721349E-07   2.7243332E-04  -8.8411133E-03   7.3647470E-05   5.2894492E-04   2.3344978E-03   2.5656066E-04   2.3531094E-05   5.0616122E-05   1.5500800E-03   3.8757559E-03  -1.6876976E-06  -8.3544088E-06   1.5735934E-05  -2.0533164E-05  -1.2685281E-06  -6.4479673E-05   2.5778695E-08   1.1015308E-07   6.0364719E-06   5.0809861E-06   1.2007704E-05   1.9007818E-05   1.0500105E-05   2.0278712E-05   4.9865466E-04   1.3002048E-05   5.8190684E-06   1.5499037E-04  -3.4982107E-03  -1.8247538E-06  -2.2907922E-06   1.0496852E-06  -8.9756024E-07  -2.7401297E-06   2.0399352E-05  -3.5131781E-05   5.5426327E-07  -1.1392749E-06
  2.8177410E-07  -3.7145956E-06   2.8446165E-07  -5.5351217E-06  -2.2370697E-05   8.0572886E-06  -1.0868929E-06   2.3958729E-03   4.7343266E-05  -1.7385844E-04  -7.9140930E-04  -2.0653245E-03  -2.1429778E-03  -5.5681804E-03   6.4043742E-04   1.5970417E-04   2.1093234E-04   3.7858785E-05  -1.5075471E-03  -1.8211774E-05  -4.4230890E-06  -7.4219343E-06  -3.1880647E-06  -5.5764888E-06  -2.1878483E-05  -2.2570444E-08   1.7753095E-07   8.3158220E-05   6.8328151E-05   4.8366102E-05   5.2854513E-05   5.7949317E-05  -5.4023281E-06   1.3002048E-05   3.7340989E-04   1.8175307E-05  -4.2001121E-06   1.2361917E-03  -2.8868193E-06  -1.4183667E-06   1.6646172E-06   5.0704169E-07  -1.0821476E-06   5.5960683E-06   9.3019807E-06  -4.1025983E-05   1.7062806E-05
  1.7201143E-07  -2.6812341E-06   1.1531497E-07  -5.2315198E-06  -1.7500258E-05   5.4244280E-06  -4.8602960E-07  -1.7286357E-03   1.2647073E-04  -7.1250295E-05   5.3707368E-03  -1.5173344E-03   1.0523415E-03   1.3720937E-03   4.1785033E-04   4.8457024E-04   3.6280716E-04   2.3295627E-04   6.4301749E-04   2.5187909E-06   3.1639674E-06   2.4036958E-05  -1.5684443E-05  -4.4630240E-05  -6.4531063E-06   1.9473832E-07   1.9209178E-07   4.6059526E-05   5.2192154E-05   3.1913280E-05   2.7333909E-05   1.9878617E-05   5.0228971E-06   5.8190684E-06   1.8175307E-05   4.2414229E-04  -9.1216889E-05   6.5303075E-04  -1.3656273E-07  -2.1664733E-08   1.8526940E-07   2.8351863E-08   2.3367343E-06   1.7654506E-06   1.0966970E-05   1.1414874E-05  -9.2113246E-05
  2.0282029E-08   1.3770645E-06   5.8997717E-08   1.3593044E-05   2.2496949E-05  -2.7103431E-06  -3.7249275E-06  -2.6146310E-02   2.8697884E-04   9.9549114E-04   4.7641507E-02   7.0311689E-03   4.9836074E-03   2.0129436E-02   2.1207483E-03   3.6622051E-03  -1.4840970E-03   4.0444667E-03   2.4158516E-02   3.8221459E-05  -1.3045077E-05   2.6607903E-04  -1.2533248E-04   2.7120645E-04  -1.8138915E-04   1.5054126E-06  -1.5371814E-06  -2.3417812E-04  -3.0084548E-04  -3.3035822E-04  -4.1415812E-04  -1.4458974E-04   9.4882365E-05   1.5499037E-04  -4.2001121E-06  -9.1216889E-05   2.7597228E-02   1.3776595E-01  -1.4035829E-05  -6.3012174E-05   2.6494167E-05  -1.3859908E-04  -4.5534387E-05   2.1325343E-04   2.0793072E-04   1.8875395E-04   1.5033430E-05
  1.7799530E-05  -2.3348179E-04   2.3613845E-05  -5.3037032E-04  -1.5966673E-03   4.5955225E-04   2.2109956E-05  -1.1113691E-01  -3.4129695E-03  -5.0055051E-02   1.2805867E+00  -3.1641312E-02  -4.4221665E-01  -2.8904441E-01   1.1225394E-01   8.0307877E-02  -6.1580262E-02  -5.5012930E-02   2.7609669E-02  -3.8606930E-04  -5.4880165E-04  -7.5419396E-04   2.2929781E-04  -2.3024394E-03  -1.5401165E-02   2.8200945E-05  -1.1090324E-05   1.1788277E-02   5.7898183E-03   7.8004406E-04   1.0899953E-04   2.7876842E-04  -2.7321171E-03  -3.4982107E-03   1.2361917E-03   6.5303075E-04   1.3776595E-01   4.8769332E+00   1.0625986E-03   2.9486468E-04  -1.1223397E-04  -8.0838969E-04  -2.2276128E-04  -1.2158880E-02  -2.9672953E-03   2.2012404E-03   2.5957896E-03
  2.0677732E-08  -1.0578379E-07   2.2717015E-09   5.8537762E-07   9.7390885E-07  -1.2153003E-07  -6.0816708E-08  -4.1455327E-04   4.7979121E-06  -1.2127432E-04   4.6676810E-04   3.5497370E-04  -1.0249279E-04   4.8266405E-04   9.2279068E-05   5.2883903E-05  -2.0925026E-04  -1.4382853E-04   9.7516368E-05   3.4963189E-06  -1.1140647E-06  -3.4252309E-06  -2.4534900E-06  -1.0237351E-05  -1.4229429E-06   2.9892183E-08   1.4136914E-08   1.4407386E-04   3.9761909E-06   1.7486281E-07   3.6611862E-06  -5.0948503E-06  -1.5215811E-06  -1.8247538E-06  -2.8868193E-06  -1.3656273E-07  -1.4035829E-05   1.0625986E-03   5.6109200E-05  -5.5478747E-07   7.9766985E-09   6.6678846E-07   1.7645332E-06   3.1027432E-06  -5.5873085E-07   3.3112962E-07   8.5600729E-07
 -8.1116480E-09  -1.6239279E-07   2.1872491E-08   3.4011138E-07  -1.2655148E-07   3.8976222E-07  -1.1084688E-07   3.6328928E-04  -1.8549279E-05  -1.8373561E-04   3.3523442E-03   1.4067307E-04  -7.7625150E-04  -5.6284734E-04   2.1144248E-05  -3.1257160E-04   1.5017208E-04  -5.4999118E-05  -2.3482117E-04  -1.5827682E-06   3.2341640E-07  -2.1198960E-06   4.6166619E-06   7.4738925E-06   1.9579845E-05  -3.8041602E-08   1.2702638E-08   1.6175455E-05   7.2159611E-05   1.0551322E-06   1.0422454E-06   5.1813890E-06  -3.1772824E-06  -2.2907922E-06  -1.4183667E-06  -2.1664733E-08  -6.3012174E-05   2.9486468E-04  -5.5478747E-07   4.3857310E-05   3.0337299E-07   8.4365048E-08   4.6494421E-08   1.7771850E-06   2.4728913E-06   1.6230463E-06   8.8987488E-07
 -1.1460945E-08  -3.8968885E-08   1.4631047E-08  -1.6847000E-07  -2.5499447E-07  -5.1783827E-08   7.3510556E-08   3.9373563E-04  -2.2136756E-06  -5.3617248E-06   1.7640913E-03  -1.1097239E-04  -3.1935031E-04  -9.9430691E-04   2.4319101E-04  -1.7491103E-04  -1.3241276E-05   1.1491302E-04   7.8735723E-05   2.3192337E-06   5.7514792E-07   3.3023106E-06  -5.8664520E-06  -2.3448132E-06  -4.1185552E-05   9.3676726E-09  -1.7930342E-08   1.5174235E-05  -1.2594617E-06   6.2350545E-05   1.0636106E-06   2.1982706E-06  -1.6821080E-07   1.0496852E-06   1.6646172E-06   1.8526940E-07   2.6494167E-05  -1.1223397E-04   7.9766985E-09   3.0337299E-07   4.3037181E-05   1.8799643E-06  -4.5874231E-07   2.8680801E-07   4.6521221E-06   3.8421625E-06  -1.1759384E-06
  1.5473077E-08  -2.8351726E-07   3.8291467E-08  -4.8276609E-07  -1.8051855E-06   8.1513752E-07  -1.1233029E-07  -3.9267483E-04  -2.9334001E-05   2.0335407E-04  -2.2700335E-03  -3.8868204E-04  -4.4059960E-04   2.4656327E-04  -1.5696696E-04  -1.6463542E-04  -7.8555280E-05   3.6111376E-04   9.2668293E-04   4.6298383E-06  -5.3696783E-06   1.0111730E-05  -1.4027602E-05   4.0516370E-07   8.5771862E-06  -1.4153075E-07   1.2431257E-07   4.7291601E-06   1.2900527E-05   6.6749864E-06   1.1622534E-04   5.9276659E-06   9.7287617E-07  -8.9756024E-07   5.0704169E-07   2.8351863E-08  -1.3859908E-04  -8.0838969E-04   6.6678846E-07   8.4365048E-08   1.8799643E-06   8.2205471E-05   4.3168728E-07   1.5808892E-07   1.3414450E-06   7.1812748E-06   1.0718647E-05
 -2.0256924E-10  -1.4876898E-07   1.6558578E-08  -5.7984666E-08  -8.1283754E-07   5.8123024E-08  -1.2127825E-07  -2.4178585E-04  -6.4218877E-05   2.7448708E-04  -1.7519367E-03  -1.3071000E-04  -7.6076725E-04   1.1378613E-04  -1.1026630E-04   6.8209392E-05   6.9816762E-05   3.5503124E-04   8.1944625E-04  -3.7571210E-06   2.1294932E-06  -6.0883988E-07   4.0602874E-06  -2.3867113E-06  -2.7592629E-05  -1.2956868E-07  -1.7231729E-08   1.1524533E-05   5.1344237E-06   5.8840507E-06  -2.8615698E-06   1.3146296E-04  -3.5147780E-06  -2.7401297E-06  -1.0821476E-06   2.3367343E-06  -4.5534387E-05  -2.2276128E-04   1.7645332E-06   4.6494421E-08  -4.5874231E-07   4.3168728E-07   9.6757671E-05  -8.0832990E-07   3.1406789E-07  -1.4365090E-06   1.1656565E-05
 -2.9108839E-08   3.6000988E-07  -6.6433783E-08   2.5358836E-06   4.6536318E-06  -5.3380128E-07  -4.6952904E-07  -6.6941220E-04   3.8794060E-05   2.6445232E-04  -3.9323031E-05  -6.8303105E-05   2.0105813E-03   2.1128374E-03  -3.5029340E-04  -3.5478980E-04   3.0870731E-04   5.8410488E-04   7.8164738E-04   1.5130896E-06   9.0512965E-06  -1.2791438E-05   7.3547455E-06   3.5306164E-06  -2.3805961E-05  -7.1744162E-08  -4.1065611E-08  -3.4386170E-06  -1.4250046E-05  -8.7018599E-06   6.6449986E-06  -1.2369615E-05  -2.8385064E-05   2.0399352E-05   5.5960683E-06   1.7654506E-06   2.1325343E-04  -1.2158880E-02   3.1027432E-06   1.7771850E-06   2.8680801E-07   1.5808892E-07  -8.0832990E-07   2.0527772E-04   2.5446013E-05   3.1285014E-07  -1.8967096E-06
  3.9427247E-08  -5.5228724E-07   8.1860445E-08  -6.2925599E-08  -1.6970220E-06   1.3844844E-06  -2.4975323E-07  -1.2563876E-03   1.8747819E-05   1.6517235E-05   2.7644018E-03  -1.9143506E-03  -1.2234361E-03   1.8055529E-04   3.6064223E-04   1.2922053E-04   9.1174894E-05   1.2082664E-04   9.2111379E-04   4.6278873E-06   1.2032944E-06   1.9307956E-05  -5.9508223E-06   1.5613910E-05  -3.5621154E-05   1.3229153E-07  -4.0524709E-08  -1.0251387E-06   1.1611090E-05   3.7228054E-06   1.1481319E-05  -4.4016354E-06   4.1251431E-06  -3.5131781E-05   9.3019807E-06   1.0966970E-05   2.0793072E-04  -2.9672953E-03  -5.5873085E-07   2.4728913E-06   4.6521221E-06   1.3414450E-06   3.1406789E-07   2.5446013E-05   1.1296883E-04   6.3652306E-06   5.4418703E-06
  7.3043451E-08  -1.0853973E-06   1.2581879E-07  -3.0226452E-06  -8.6655651E-06   1.9481243E-06  -3.1306186E-08   2.8719530E-04   1.3841521E-05   1.2422735E-04   3.8358589E-04  -8.2092617E-04  -6.5942383E-04  -1.2525051E-03   1.7135634E-04  -7.8871956E-05   1.5505617E-04   3.1370198E-04   3.8616948E-04   1.2854547E-05   8.9053200E-06   1.2705959E-05   9.1230527E-06  -3.0136425E-06   6.2361681E-07   4.7176389E-08   1.1020201E-07   2.3847462E-05   2.3774464E-05   1.4655427E-05   2.4501676E-05   1.7064104E-05   4.6014097E-08   5.5426327E-07  -4.1025983E-05   1.1414874E-05   1.8875395E-04   2.2012404E-03   3.3112962E-07   1.6230463E-06   3.8421625E-06   7.1812748E-06  -1.4365090E-06   3.1285014E-07   6.3652306E-06   9.2844530E-05   1.5322689E-05
  1.5073248E-07  -1.8123066E-06   2.6360159E-07  -5.5888799E-06  -1.6783587E-05   3.9710941E-06  -6.5051864E-07   7.3241715E-05   1.0675644E-05   2.0789218E-04  -8.0969484E-03  -3.1964956E-03  -1.6117834E-03  -2.0341702E-03   4.2912397E-04   3.0083605E-04   2.0838095E-04   2.5440622E-04   5.5405223E-04   6.0080278E-06   9.7301567E-06  -6.9789782E-06  -2.9520480E-06  -7.7253094E-06  -1.2623675E-04  -2.6311736E-07   6.1615502E-08   2.0602132E-05   4.2959195E-05   3.4221312E-05   4.9046470E-05   3.4214944E-05  -9.7206486E-07  -1.1392749E-06   1.7062806E-05  -9.2113246E-05   1.5033430E-05   2.5957896E-03   8.5600729E-07   8.8987488E-07  -1.1759384E-06   1.0718647E-05   1.1656565E-05  -1.8967096E-06   5.4418703E-06   1.5322689E-05   3.3255869E-04
