# omegabh2 omegach2 theta tau logA ns r calPlanck
  5.0172403E-07  -2.3294251E-07  -7.3874111E-08   4.2927260E-07   8.7162216E-06  -1.2944258E-06  -4.6262406E-05   5.2415250E-08
 -2.3294251E-07   2.1945355E-06   2.6012530E-07  -6.7192554E-07   2.8736331E-06  -5.6976852E-06  -4.0817442E-05   1.5795109E-08
 -7.3874111E-08   2.6012530E-07   5.9516753E-07  -3.9064057E-08  -1.2191702E-06   2.6325892E-07   3.5175558E-06  -5.1340736E-08
  4.2927260E-07  -6.7192554E-07  -3.9064057E-08   7.2020719E-05   1.4822232E-04   6.7064168E-06  -8.1233788E-05  -5.8985498E-07
  8.7162216E-06   2.8736331E-06  -1.2191702E-06   1.4822232E-04   5.0400101E-04  -1.3914119E-05  -1.1041139E-03   1.2205395E-05
 -1.2944258E-06  -5.6976852E-06   2.6325892E-07   6.7064168E-06  -1.3914119E-05   1.3015676E-04   9.2173872E-04   1.0538799E-06
 -4.6262406E-05  -4.0817442E-05   3.5175558E-06  -8.1233788E-05  -1.1041139E-03   9.2173872E-04   2.6019476E-02   5.9271967E-06
  5.2415250E-08   1.5795109E-08  -5.1340736E-08  -5.8985498E-07   1.2205395E-05   1.0538799E-06   5.9271967E-06   6.1394118E-06
