# omegabh2 omegach2 theta tau meffsterile nnu logA ns calPlanck acib217 xi asz143 aps100 aps143 aps143217 aps217 aksz kgal100 kgal143 kgal143217 kgal217 galfTE100 galfTE100143 galfTE100217 galfTE143 galfTE143217 galfTE217 cal0 cal2
  2.0212582E-08   3.0668676E-08   5.7952754E-09   1.6647586E-07  -1.6308375E-06   3.6193485E-06   4.3369129E-07   2.6940485E-07   1.4832328E-08  -3.7816732E-05   5.4017072E-07   1.3791877E-05  -1.8015013E-04  -1.3076469E-04  -4.5177333E-05  -5.9450811E-06  -1.8319809E-05   4.1994916E-07  -3.4544948E-06  -6.3217431E-06  -4.3557281E-06  -9.8041918E-08  -7.5933364E-08  -1.6219890E-07  -3.3656118E-07  -4.9574922E-07  -1.8860223E-06   3.4969499E-09  -8.4669247E-10
  3.0668676E-08   9.2876802E-06  -2.4156942E-07  -3.8226410E-07  -5.9272331E-04   1.1154674E-04   5.8372305E-06   4.5782510E-06  -4.7381052E-07   9.5168977E-04  -1.8108150E-05  -6.4938532E-05   3.9459323E-03   9.0577624E-04  -2.9897301E-04  -1.1453527E-03   2.6305714E-04   9.4403195E-05   1.5898034E-04   2.0070582E-04  -3.5960444E-04  -3.9039162E-07  -1.9077770E-06  -2.1383533E-06  -1.5809046E-07   2.7039223E-06   1.5900440E-05   8.7092060E-09   1.8936496E-08
  5.7952754E-09  -2.4156942E-07   9.1244018E-08   5.8439793E-08   7.7052168E-06  -6.7115527E-06  -1.5423064E-07  -9.1641876E-08   1.5193242E-08  -5.1194688E-05   1.5733476E-06   5.4427669E-06  -1.7323784E-04  -6.5060566E-05   1.3465000E-05   7.1535221E-05  -1.0418640E-05  -1.8896951E-06  -1.0721021E-05  -2.0940235E-05  -2.2612332E-05   2.3906671E-08  -1.1505502E-07   5.8689050E-07  -2.7354722E-07  -2.2654464E-07  -6.7706198E-07   1.3206692E-09  -3.5405420E-09
  1.6647586E-07  -3.8226410E-07   5.8439793E-08   5.1326721E-05  -1.7597830E-05   3.5536723E-05   9.9769650E-05   7.2945413E-06  -3.9692469E-07  -1.8154746E-03   4.8524323E-05   5.1018482E-04  -1.1530764E-02  -3.3984381E-03  -1.3484813E-04   7.2361457E-04  -8.9279659E-04   2.5825163E-05  -2.1833797E-04  -1.9207508E-04   2.2537023E-04  -5.5417566E-07   2.8901230E-06   2.4783220E-06   2.8890740E-09  -4.4482913E-06  -1.5750456E-05   3.5024772E-08  -1.3323280E-07
 -1.6308375E-06  -5.9272331E-04   7.7052168E-06  -1.7597830E-05   5.0264540E-02  -3.3633020E-03  -2.0239464E-04  -3.8029768E-04   3.3451585E-05  -2.8279567E-02  -2.7307779E-04  -6.4578391E-04  -1.2609911E-01   3.7410412E-02   5.3822166E-02   8.7175314E-02  -9.5592705E-03  -7.3836320E-03  -7.2223732E-03  -7.0019632E-03   2.6127393E-02   8.6793741E-05   1.4734751E-04   6.5943004E-05   1.5432378E-05  -1.6374387E-04  -5.5182024E-04  -2.4689295E-06  -1.0316773E-06
  3.6193485E-06   1.1154674E-04  -6.7115527E-06   3.5536723E-05  -3.3633020E-03   4.3673504E-03   2.2553862E-04   1.6728186E-04  -3.6471306E-07   3.1188933E-02  -9.8593251E-04  -3.3423177E-03   1.2291508E-01   4.1830166E-02  -5.4860275E-03  -2.5994291E-02   1.0647423E-02   2.4207847E-03   5.3616758E-03   6.0391688E-03  -5.2374687E-03  -4.2695667E-06  -7.3523082E-06  -8.0025082E-05  -1.9806291E-05  -4.5320063E-06   3.2429121E-05  -8.5156561E-07   3.0155706E-07
  4.3369129E-07   5.8372305E-06  -1.5423064E-07   9.9769650E-05  -2.0239464E-04   2.2553862E-04   2.3345280E-04   1.4223205E-05   1.1354106E-05  -2.4443826E-03   1.0254802E-04   9.7368784E-04  -1.5889196E-02  -2.5276810E-03   3.3642719E-03   6.8052618E-03  -2.5684373E-03  -1.3998709E-04  -8.3691116E-04  -5.2373322E-04   1.6330817E-03   4.7551459E-06   3.1231515E-06  -4.3465736E-06  -4.0913140E-06  -5.0773849E-06   2.6657300E-05   2.6014752E-07  -2.7418055E-07
  2.6940485E-07   4.5782510E-06  -9.1641876E-08   7.2945413E-06  -3.8029768E-04   1.6728186E-04   1.4223205E-05   2.2086580E-05   4.8498135E-08  -3.0196806E-03   4.7236119E-05   7.3932729E-04  -1.5704871E-02  -4.8898340E-03   6.6879265E-04   3.2551458E-03  -1.5194563E-03   3.5909844E-04  -8.1498689E-05  -6.7378292E-05   9.5382442E-04  -1.9473456E-06  -1.9867291E-07  -1.9621872E-06  -2.1613729E-06  -1.7405571E-06  -1.3280894E-05  -6.2263492E-08  -4.1461462E-08
  1.4832328E-08  -4.7381052E-07   1.5193242E-08  -3.9692469E-07   3.3451585E-05  -3.6471306E-07   1.1354106E-05   4.8498135E-08   6.1530079E-06   6.5003867E-04  -5.2627111E-06   5.8389115E-05   3.3496117E-03   8.3524424E-04   6.2356854E-04   1.4758063E-03  -1.6567597E-04   1.8376834E-05   6.6065361E-06   7.7812858E-05   8.5304080E-04   2.2574133E-06  -2.5843222E-07  -1.9729923E-06  -9.3838868E-07   2.6927310E-06   2.0277578E-05   3.8547181E-08  -5.4482063E-09
 -3.7816732E-05   9.5168977E-04  -5.1194688E-05  -1.8154746E-03  -2.8279567E-02   3.1188933E-02  -2.4443826E-03  -3.0196806E-03   6.5003867E-04   4.4469107E+01  -3.9131463E-01  -7.4783352E-01   3.6740940E+01   2.9745690E+00  -1.2186089E+01  -5.4044448E+01  -5.3833733E-01   1.6218284E-01   7.8297663E-01  -5.6309983E+00  -3.3168555E+01  -3.0161112E-03   3.2166832E-04   7.4317022E-03   7.5482921E-04   1.4819773E-02   2.7680827E-02  -2.6853638E-04   7.1191271E-04
  5.4017072E-07  -1.8108150E-05   1.5733476E-06   4.8524323E-05  -2.7307779E-04  -9.8593251E-04   1.0254802E-04   4.7236119E-05  -5.2627111E-06  -3.9131463E-01   8.1715615E-02  -4.1416781E-02  -5.0165876E-01   9.1498330E-01   1.6761321E+00   6.0539188E-01   4.3449198E-02  -7.4121126E-03   5.2114910E-03   1.1641520E-01   1.5501165E-01   6.1476081E-05  -5.3367621E-05   2.2164914E-04  -2.3583322E-04  -2.4764302E-04  -5.4110654E-04   6.7631808E-06  -2.5929077E-06
  1.3791877E-05  -6.4938532E-05   5.4427669E-06   5.1018482E-04  -6.4578391E-04  -3.3423177E-03   9.7368784E-04   7.3932729E-04   5.8389115E-05  -7.4783352E-01  -4.1416781E-02   3.9198207E+00  -3.1163600E+01  -3.3378025E+00   7.7335097E+00   5.3265979E+00  -2.7958819E+00  -1.9332618E-01   1.6617113E-01   2.6870644E+00   3.2754587E+00  -3.8794765E-04  -5.8148632E-04  -2.3078991E-03  -9.2163223E-04  -1.9826446E-03  -1.9063010E-03   1.1575592E-04  -3.5520128E-05
 -1.8015013E-04   3.9459323E-03  -1.7323784E-04  -1.1530764E-02  -1.2609911E-01   1.2291508E-01  -1.5889196E-02  -1.5704871E-02   3.3496117E-03   3.6740940E+01  -5.0165876E-01  -3.1163600E+01   7.8511231E+02   7.1169183E+01  -5.5001076E+01  -6.2431339E+01   1.4552573E+01  -6.4678011E+00   5.5504389E+00  -1.3070610E+01  -2.5809257E+01  -1.5727645E-02  -8.2461261E-03   3.4380027E-02  -7.3396253E-03   3.0551175E-02   6.3967005E-02   3.5385703E-03   5.5268361E-04
 -1.3076469E-04   9.0577624E-04  -6.5060566E-05  -3.3984381E-03   3.7410412E-02   4.1830166E-02  -2.5276810E-03  -4.8898340E-03   8.3524424E-04   2.9745690E+00   9.1498330E-01  -3.3378025E+00   7.1169183E+01   6.1409900E+01   3.9723562E+01   1.3707797E+01  -4.8541426E+00  -4.1007898E-01  -1.3751774E+00   3.2596892E+00   3.1943368E+00   4.6125452E-04  -8.4591292E-04  -1.3990754E-03  -2.9784180E-03  -1.2712721E-02  -1.2306703E-02   5.7305054E-05   1.1889707E-04
 -4.5177333E-05  -2.9897301E-04   1.3465000E-05  -1.3484813E-04   5.3822166E-02  -5.4860275E-03   3.3642719E-03   6.6879265E-04   6.2356854E-04  -1.2186089E+01   1.6761321E+00   7.7335097E+00  -5.5001076E+01   3.9723562E+01   8.4205117E+01   5.1483361E+01  -1.1996973E+01  -9.6838576E-01  -7.3278320E-01   5.3241759E+00   8.4430396E+00   1.7120112E-03  -2.0462814E-03  -1.3654992E-03  -6.3334675E-03  -1.5843552E-02  -2.6316715E-02   4.5666024E-04  -2.8913711E-04
 -5.9450811E-06  -1.1453527E-03   7.1535221E-05   7.2361457E-04   8.7175314E-02  -2.5994291E-02   6.8052618E-03   3.2551458E-03   1.4758063E-03  -5.4044448E+01   6.0539188E-01   5.3265979E+00  -6.2431339E+01   1.3707797E+01   5.1483361E+01   1.0168837E+02  -9.0261681E+00  -7.9707749E-01  -1.5389120E+00   5.5079885E+00   3.3269515E+01   4.7348207E-03  -1.2196112E-03  -7.9326989E-03  -2.1968494E-03  -2.4756251E-02  -2.0423148E-02   4.8834857E-04  -1.2445439E-03
 -1.8319809E-05   2.6305714E-04  -1.0418640E-05  -8.9279659E-04  -9.5592705E-03   1.0647423E-02  -2.5684373E-03  -1.5194563E-03  -1.6567597E-04  -5.3833733E-01   4.3449198E-02  -2.7958819E+00   1.4552573E+01  -4.8541426E+00  -1.1996973E+01  -9.0261681E+00   5.9991594E+00   1.3715736E-01  -2.0578292E-01  -2.1132159E+00  -2.1658722E+00   4.7066811E-04   6.6235386E-04   3.0712577E-03   2.7288812E-03   4.9241740E-03   5.3873016E-03  -7.9474332E-05  -2.6164767E-05
  4.1994916E-07   9.4403195E-05  -1.8896951E-06   2.5825163E-05  -7.3836320E-03   2.4207847E-03  -1.3998709E-04   3.5909844E-04   1.8376834E-05   1.6218284E-01  -7.4121126E-03  -1.9332618E-01  -6.4678011E+00  -4.1007898E-01  -9.6838576E-01  -7.9707749E-01   1.3715736E-01   3.3246897E+00   5.6983262E-01   2.5250022E-01   2.7525864E-01  -2.0601645E-04   1.0314784E-04  -1.9068349E-03   5.7058981E-05  -6.3642912E-04  -8.5023226E-03   1.7070760E-04  -6.5566802E-06
 -3.4544948E-06   1.5898034E-04  -1.0721021E-05  -2.1833797E-04  -7.2223732E-03   5.3616758E-03  -8.3691116E-04  -8.1498689E-05   6.6065361E-06   7.8297663E-01   5.2114910E-03   1.6617113E-01   5.5504389E+00  -1.3751774E+00  -7.3278320E-01  -1.5389120E+00  -2.0578292E-01   5.6983262E-01   3.1629128E+00   2.6597706E+00   2.6303125E+00  -4.8020123E-05   4.7534344E-04   9.9427971E-04   7.9670964E-04   3.2947140E-03   8.4612993E-03  -1.8477896E-04  -2.9289650E-05
 -6.3217431E-06   2.0070582E-04  -2.0940235E-05  -1.9207508E-04  -7.0019632E-03   6.0391688E-03  -5.2373322E-04  -6.7378292E-05   7.7812858E-05  -5.6309983E+00   1.1641520E-01   2.6870644E+00  -1.3070610E+01   3.2596892E+00   5.3241759E+00   5.5079885E+00  -2.1132159E+00   2.5250022E-01   2.6597706E+00   1.0617865E+01   1.8977269E+01   1.2453658E-04  -5.1314810E-04  -3.3784454E-03  -1.5010211E-03  -3.0030593E-03   4.9824534E-03   1.8529581E-05   4.1284554E-04
 -4.3557281E-06  -3.5960444E-04  -2.2612332E-05   2.2537023E-04   2.6127393E-02  -5.2374687E-03   1.6330817E-03   9.5382442E-04   8.5304080E-04  -3.3168555E+01   1.5501165E-01   3.2754587E+00  -2.5809257E+01   3.1943368E+00   8.4430396E+00   3.3269515E+01  -2.1658722E+00   2.7525864E-01   2.6303125E+00   1.8977269E+01   5.3238214E+01   2.5260742E-03  -1.5845604E-05  -1.1285912E-02  -3.4416047E-05  -1.2642828E-02  -1.0403580E-02   1.8047969E-04   9.4534299E-04
 -9.8041918E-08  -3.9039162E-07   2.3906671E-08  -5.5417566E-07   8.6793741E-05  -4.2695667E-06   4.7551459E-06  -1.9473456E-06   2.2574133E-06  -3.0161112E-03   6.1476081E-05  -3.8794765E-04  -1.5727645E-02   4.6125452E-04   1.7120112E-03   4.7348207E-03   4.7066811E-04  -2.0601645E-04  -4.8020123E-05   1.2453658E-04   2.5260742E-03   1.4457398E-03   2.7585901E-04   1.0066053E-04  -3.5316774E-04  -1.0620644E-04  -1.0038992E-04  -2.8051770E-07   1.8061022E-07
 -7.5933364E-08  -1.9077770E-06  -1.1505502E-07   2.8901230E-06   1.4734751E-04  -7.3523082E-06   3.1231515E-06  -1.9867291E-07  -2.5843222E-07   3.2166832E-04  -5.3367621E-05  -5.8148632E-04  -8.2461261E-03  -8.4591292E-04  -2.0462814E-03  -1.2196112E-03   6.6235386E-04   1.0314784E-04   4.7534344E-04  -5.1314810E-04  -1.5845604E-05   2.7585901E-04   8.7430718E-04   1.3540912E-05   7.5734357E-04   5.9360954E-05  -8.6523340E-04  -3.0526975E-07   5.5719173E-08
 -1.6219890E-07  -2.1383533E-06   5.8689050E-07   2.4783220E-06   6.5943004E-05  -8.0025082E-05  -4.3465736E-06  -1.9621872E-06  -1.9729923E-06   7.4317022E-03   2.2164914E-04  -2.3078991E-03   3.4380027E-02  -1.3990754E-03  -1.3654992E-03  -7.9326989E-03   3.0712577E-03  -1.9068349E-03   9.9427971E-04  -3.3784454E-03  -1.1285912E-02   1.0066053E-04   1.3540912E-05   7.0725795E-03  -3.4017693E-04   5.3449478E-04   4.4612376E-03   2.1996583E-07   4.4604437E-07
 -3.3656118E-07  -1.5809046E-07  -2.7354722E-07   2.8890740E-09   1.5432378E-05  -1.9806291E-05  -4.0913140E-06  -2.1613729E-06  -9.3838868E-07   7.5482921E-04  -2.3583322E-04  -9.2163223E-04  -7.3396253E-03  -2.9784180E-03  -6.3334675E-03  -2.1968494E-03   2.7288812E-03   5.7058981E-05   7.9670964E-04  -1.5010211E-03  -3.4416047E-05  -3.5316774E-04   7.5734357E-04  -3.4017693E-04   2.9210454E-03   5.5548156E-04  -1.2185605E-03  -3.8191875E-07   1.7058851E-07
 -4.9574922E-07   2.7039223E-06  -2.2654464E-07  -4.4482913E-06  -1.6374387E-04  -4.5320063E-06  -5.0773849E-06  -1.7405571E-06   2.6927310E-06   1.4819773E-02  -2.4764302E-04  -1.9826446E-03   3.0551175E-02  -1.2712721E-02  -1.5843552E-02  -2.4756251E-02   4.9241740E-03  -6.3642912E-04   3.2947140E-03  -3.0030593E-03  -1.2642828E-02  -1.0620644E-04   5.9360954E-05   5.3449478E-04   5.5548156E-04   6.6656911E-03   8.4384983E-03   1.8923391E-07  -5.5803798E-07
 -1.8860223E-06   1.5900440E-05  -6.7706198E-07  -1.5750456E-05  -5.5182024E-04   3.2429121E-05   2.6657300E-05  -1.3280894E-05   2.0277578E-05   2.7680827E-02  -5.4110654E-04  -1.9063010E-03   6.3967005E-02  -1.2306703E-02  -2.6316715E-02  -2.0423148E-02   5.3873016E-03  -8.5023226E-03   8.4612993E-03   4.9824534E-03  -1.0403580E-02  -1.0038992E-04  -8.6523340E-04   4.4612376E-03  -1.2185605E-03   8.4384983E-03   7.2724061E-02  -3.7381586E-07  -2.0505338E-06
  3.4969499E-09   8.7092060E-09   1.3206692E-09   3.5024772E-08  -2.4689295E-06  -8.5156561E-07   2.6014752E-07  -6.2263492E-08   3.8547181E-08  -2.6853638E-04   6.7631808E-06   1.1575592E-04   3.5385703E-03   5.7305054E-05   4.5666024E-04   4.8834857E-04  -7.9474332E-05   1.7070760E-04  -1.8477896E-04   1.8529581E-05   1.8047969E-04  -2.8051770E-07  -3.0526975E-07   2.1996583E-07  -3.8191875E-07   1.8923391E-07  -3.7381586E-07   3.7373460E-07   3.3077513E-09
 -8.4669247E-10   1.8936496E-08  -3.5405420E-09  -1.3323280E-07  -1.0316773E-06   3.0155706E-07  -2.7418055E-07  -4.1461462E-08  -5.4482063E-09   7.1191271E-04  -2.5929077E-06  -3.5520128E-05   5.5268361E-04   1.1889707E-04  -2.8913711E-04  -1.2445439E-03  -2.6164767E-05  -6.5566802E-06  -2.9289650E-05   4.1284554E-04   9.4534299E-04   1.8061022E-07   5.5719173E-08   4.4604437E-07   1.7058851E-07  -5.5803798E-07  -2.0505338E-06   3.3077513E-09   3.9291404E-07
