# omegabh2 omegach2 theta tau nnu logA ns calPlanck acib217 xi asz143 aps100 aps143 aps143217 aps217 aksz kgal100 kgal143 kgal143217 kgal217 galfTE100 galfTE100143 galfTE100217 galfTE143 galfTE143217 galfTE217 cal0 cal2
  2.9390991E-08   2.0270307E-07  -1.9611134E-08   1.7115991E-07   1.6015149E-05   9.6743395E-07   6.6231068E-07   6.2152293E-09   1.3090862E-05   4.2473473E-07  -4.1533176E-06   1.6682313E-04   2.1364969E-05   8.1063488E-06  -4.3266312E-06   7.5980894E-06   5.5996573E-06   4.6971212E-06   1.2095277E-06  -7.2347358E-06   3.6597233E-08  -1.4791778E-07  -2.3366662E-07  -3.0730738E-07  -5.4105970E-07  -1.0435146E-06   6.9419825E-10   3.4996277E-10
  2.0270307E-07   6.1913965E-06  -6.4801027E-07   1.5475933E-07   3.2625502E-04   1.6105952E-05   8.5795537E-06  -1.0014091E-07   1.6662634E-03  -3.7754204E-05  -3.6278270E-04   8.8618583E-03   3.8285532E-03   9.0183319E-04  -3.5238207E-04   6.4200573E-04   4.5479193E-05   2.2573442E-04   2.7997531E-04  -1.5689913E-04   2.1665096E-06   7.7100421E-07   1.2608854E-06   7.3124152E-07   1.4462474E-07   2.1448085E-05  -9.1651815E-09   4.3893440E-08
 -1.9611134E-08  -6.4801027E-07   1.5143078E-07  -4.9477120E-08  -3.7098556E-05  -1.6382502E-06  -9.7431777E-07   2.5829213E-08  -1.9805931E-04   6.4281447E-06   3.5973078E-05  -8.8139563E-04  -3.6693754E-04  -1.6239638E-05   1.0590976E-04  -8.4244958E-05  -8.2467171E-06  -3.0780393E-05  -3.0778919E-05   3.2162191E-05  -3.1738723E-07  -9.3514750E-08  -3.4239528E-07  -1.1571711E-07  -4.2256769E-07  -2.4208598E-06   5.6582754E-10  -4.6375954E-09
  1.7115991E-07   1.5475933E-07  -4.9477120E-08   4.9929618E-05   8.0968678E-05   9.9631127E-05   7.4614617E-06  -3.2028057E-07  -1.2348314E-03   5.8896802E-05   2.0572107E-04  -1.1369069E-02  -1.5077576E-03   7.2416956E-04   3.8555982E-04  -3.8973555E-04   1.1567381E-04  -4.3253210E-04  -5.9374098E-04  -3.5019903E-04   3.8345085E-06   3.1633183E-06  -4.2624271E-06  -3.5647091E-06   4.8056890E-06  -2.0801640E-05   6.1307087E-08  -5.9385934E-08
  1.6015149E-05   3.2625502E-04  -3.7098556E-05   8.0968678E-05   2.0477058E-02   1.0032922E-03   6.7960346E-04  -3.4437486E-06   9.3148735E-02  -2.2122927E-03  -2.0010928E-02   5.1664236E-01   2.1624162E-01   4.8036432E-02  -2.1930438E-02   3.9912144E-02   8.2601372E-03   1.6676524E-02   1.9681975E-02  -3.5901339E-03   1.3572505E-04   7.5372977E-06  -4.8973391E-05  -4.6901454E-05  -1.1764927E-04   6.4199791E-04  -1.1161864E-06   1.9222241E-06
  9.6743395E-07   1.6105952E-05  -1.6382502E-06   9.9631127E-05   1.0032922E-03   2.6829170E-04   3.6373884E-05   1.1818457E-05   4.8483095E-04   8.0839532E-05  -5.3536539E-04   8.5621118E-04   7.4773285E-03   6.6377017E-03   6.8859726E-03   1.6646279E-06   2.0433832E-04  -8.9162555E-04  -1.0266392E-03   1.0196345E-03   7.5734792E-06   6.2905944E-06  -1.7887241E-05  -2.9581170E-06   1.1685484E-05   2.5659515E-05   2.1761761E-07   5.8075063E-08
  6.6231068E-07   8.5795537E-06  -9.7431777E-07   7.4614617E-06   6.7960346E-04   3.6373884E-05   3.6845424E-05   2.2707789E-07  -8.3245927E-04   1.8297522E-05   3.5465819E-05  -3.1284006E-03   1.6143209E-03   2.9235074E-03   3.4497924E-03  -4.8003733E-04   7.1740679E-04   2.5382770E-04   1.6239927E-04   7.6295590E-04   5.9446619E-06   3.1594663E-07  -5.6114559E-06  -5.6232367E-06  -1.3614967E-05  -2.3149355E-06  -1.3115817E-07  -1.8560367E-08
  6.2152293E-09  -1.0014091E-07   2.5829213E-08  -3.2028057E-07  -3.4437486E-06   1.1818457E-05   2.2707789E-07   6.2610774E-06   1.5909847E-04   1.5083658E-06   1.8154469E-06   2.4768557E-03   2.3103553E-04   4.5515465E-04   1.9107704E-03  -6.5658213E-05   8.2720252E-05  -2.5699682E-05  -5.4446875E-05   1.0309544E-03  -1.5794084E-06  -6.7557415E-07  -5.6082047E-06   7.7256332E-07   1.3590314E-06   4.6104318E-06  -1.1819604E-08   2.5975983E-08
  1.3090862E-05   1.6662634E-03  -1.9805931E-04  -1.2348314E-03   9.3148735E-02   4.8483095E-04  -8.3245927E-04   1.5909847E-04   4.4858010E+01  -4.0292596E-01  -1.1106649E+00   3.7556959E+01   2.4251591E+00  -1.3367804E+01  -5.5545289E+01   9.1454632E-02   4.5922944E-01   4.1572433E-01  -6.3832436E+00  -3.4457103E+01   5.1924695E-03   3.8915341E-03   8.4753219E-03  -2.7004246E-03  -1.6155886E-03  -5.2769396E-03  -1.6881337E-04   6.6493835E-04
  4.2473473E-07  -3.7754204E-05   6.4281447E-06   5.8896802E-05  -2.2122927E-03   8.0839532E-05   1.8297522E-05   1.5083658E-06  -4.0292596E-01   8.0840073E-02  -3.5106918E-02  -6.8429241E-01   8.7220425E-01   1.6657715E+00   6.2378933E-01   4.5724363E-02  -2.7216446E-02   1.0622279E-02   1.1725617E-01   1.5888552E-01  -4.7922545E-05  -3.9144072E-05  -1.0168177E-04   2.3526205E-04   3.0825191E-04   1.3580559E-03   3.7316728E-06   2.5667730E-06
 -4.1533176E-06  -3.6278270E-04   3.5973078E-05   2.0572107E-04  -2.0010928E-02  -5.3536539E-04   3.5465819E-05   1.8154469E-06  -1.1106649E+00  -3.5106918E-02   3.7944041E+00  -2.9499714E+01  -3.2779013E+00   7.5713087E+00   5.5889466E+00  -2.6216379E+00  -2.0436078E-01   9.2456201E-02   2.6439787E+00   3.4766467E+00   1.0898166E-03   1.2056300E-03  -4.8079284E-03   1.8024179E-03  -1.3836246E-03  -6.9038260E-03   1.2433070E-04  -3.8329278E-05
  1.6682313E-04   8.8618583E-03  -8.8139563E-04  -1.1369069E-02   5.1664236E-01   8.5621118E-04  -3.1284006E-03   2.4768557E-03   3.7556959E+01  -6.8429241E-01  -2.9499714E+01   7.6523575E+02   6.9545442E+01  -5.5025785E+01  -6.2437213E+01   1.4015417E+01  -5.8224839E+00   6.6553442E+00  -1.0226654E+01  -2.2144937E+01  -4.9880858E-03  -1.5427913E-02   5.0867795E-02  -4.3557831E-02   4.3011566E-03   9.1939718E-02   3.6846183E-03   5.8363202E-04
  2.1364969E-05   3.8285532E-03  -3.6693754E-04  -1.5077576E-03   2.1624162E-01   7.4773285E-03   1.6143209E-03   2.3103553E-04   2.4251591E+00   8.7220425E-01  -3.2779013E+00   6.9545442E+01   6.0392992E+01   3.8799005E+01   1.3832283E+01  -4.0845752E+00  -3.9732652E-01  -9.0190910E-01   3.7265648E+00   4.2989703E+00  -1.6683700E-03  -7.1899062E-04  -3.1032543E-03   1.4417633E-03   8.6190574E-03   4.3083497E-02   6.9354995E-05   2.0248117E-04
  8.1063488E-06   9.0183319E-04  -1.6239638E-05   7.2416956E-04   4.8036432E-02   6.6377017E-03   2.9235074E-03   4.5515465E-04  -1.3367804E+01   1.6657715E+00   7.5713087E+00  -5.5025785E+01   3.8799005E+01   8.3200952E+01   5.2480203E+01  -1.1030427E+01  -1.1606240E+00  -6.0792767E-01   5.3465911E+00   9.2207728E+00  -1.8012685E-03   2.4958818E-04  -5.1168070E-03   1.0290569E-02   5.2219025E-03   3.9835025E-02   4.8433672E-04  -2.0348697E-04
 -4.3266312E-06  -3.5238207E-04   1.0590976E-04   3.8555982E-04  -2.1930438E-02   6.8859726E-03   3.4497924E-03   1.9107704E-03  -5.5545289E+01   6.2378933E-01   5.5889466E+00  -6.2437213E+01   1.3832283E+01   5.2480203E+01   1.0393576E+02  -9.0473699E+00  -9.0422536E-01  -9.4561881E-01   6.5971317E+00   3.5993607E+01  -8.7415320E-03  -2.2246971E-03  -8.9750474E-03   1.1386821E-02   5.0073701E-03   2.2285070E-02   4.6538693E-04  -1.1513525E-03
  7.5980894E-06   6.4200573E-04  -8.4244958E-05  -3.8973555E-04   3.9912144E-02   1.6646279E-06  -4.8003733E-04  -6.5658213E-05   9.1454632E-02   4.5724363E-02  -2.6216379E+00   1.4015417E+01  -4.0845752E+00  -1.1030427E+01  -9.0473699E+00   5.5955548E+00   1.1988806E-01  -1.3451555E-01  -1.9177858E+00  -2.2611763E+00  -4.9087564E-05  -8.8019928E-04   1.0281757E-03  -4.5306597E-04   2.6474346E-03   9.8040458E-04  -9.9007669E-05  -3.5884648E-07
  5.5996573E-06   4.5479193E-05  -8.2467171E-06   1.1567381E-04   8.2601372E-03   2.0433832E-04   7.1740679E-04   8.2720252E-05   4.5922944E-01  -2.7216446E-02  -2.0436078E-01  -5.8224839E+00  -3.9732652E-01  -1.1606240E+00  -9.0422536E-01   1.1988806E-01   3.3540968E+00   4.8718481E-01   6.1442312E-02  -1.9664680E-01   1.5015325E-03   1.4476917E-04  -2.3384891E-03  -3.3684018E-04   1.3656300E-04   7.2231342E-04   1.7222232E-04  -2.1316380E-05
  4.6971212E-06   2.2573442E-04  -3.0780393E-05  -4.3253210E-04   1.6676524E-02  -8.9162555E-04   2.5382770E-04  -2.5699682E-05   4.1572433E-01   1.0622279E-02   9.2456201E-02   6.6553442E+00  -9.0190910E-01  -6.0792767E-01  -9.4561881E-01  -1.3451555E-01   4.8718481E-01   3.2738430E+00   2.8533573E+00   2.9285740E+00   1.7286044E-03  -8.1830848E-04   1.0973197E-03  -7.2318246E-04   1.6352110E-03   4.5161220E-03  -1.8201477E-04  -5.2586539E-05
  1.2095277E-06   2.7997531E-04  -3.0778919E-05  -5.9374098E-04   1.9681975E-02  -1.0266392E-03   1.6239927E-04  -5.4446875E-05  -6.3832436E+00   1.1725617E-01   2.6439787E+00  -1.0226654E+01   3.7265648E+00   5.3465911E+00   6.5971317E+00  -1.9177858E+00   6.1442312E-02   2.8533573E+00   1.1032116E+01   1.9804961E+01   2.2008683E-03  -4.5573129E-04  -7.8987297E-03   1.5029782E-03   9.3609573E-04   3.2435892E-03  -4.2557269E-05   3.8670541E-04
 -7.2347358E-06  -1.5689913E-04   3.2162191E-05  -3.5019903E-04  -3.5901339E-03   1.0196345E-03   7.6295590E-04   1.0309544E-03  -3.4457103E+01   1.5888552E-01   3.4766467E+00  -2.2144937E+01   4.2989703E+00   9.2207728E+00   3.5993607E+01  -2.2611763E+00  -1.9664680E-01   2.9285740E+00   1.9804961E+01   5.4824596E+01  -8.5454585E-04  -4.7102568E-03  -1.4292134E-02   2.6813202E-03   2.4224448E-04   2.3799934E-03   1.4427696E-05   8.9702788E-04
  3.6597233E-08   2.1665096E-06  -3.1738723E-07   3.8345085E-06   1.3572505E-04   7.5734792E-06   5.9446619E-06  -1.5794084E-06   5.1924695E-03  -4.7922545E-05   1.0898166E-03  -4.9880858E-03  -1.6683700E-03  -1.8012685E-03  -8.7415320E-03  -4.9087564E-05   1.5015325E-03   1.7286044E-03   2.2008683E-03  -8.5454585E-04   1.4419935E-03   2.5535068E-04   8.5817400E-05  -3.8363780E-04  -1.0864329E-04   1.4685962E-04  -9.5713061E-10   7.4572687E-08
 -1.4791778E-07   7.7100421E-07  -9.3514750E-08   3.1633183E-06   7.5372977E-06   6.2905944E-06   3.1594663E-07  -6.7557415E-07   3.8915341E-03  -3.9144072E-05   1.2056300E-03  -1.5427913E-02  -7.1899062E-04   2.4958818E-04  -2.2246971E-03  -8.8019928E-04   1.4476917E-04  -8.1830848E-04  -4.5573129E-04  -4.7102568E-03   2.5535068E-04   8.8059847E-04   6.2204291E-05   7.6988253E-04   8.7745447E-05  -8.1612996E-04  -2.1981080E-07   5.6747390E-08
 -2.3366662E-07   1.2608854E-06  -3.4239528E-07  -4.2624271E-06  -4.8973391E-05  -1.7887241E-05  -5.6114559E-06  -5.6082047E-06   8.4753219E-03  -1.0168177E-04  -4.8079284E-03   5.0867795E-02  -3.1032543E-03  -5.1168070E-03  -8.9750474E-03   1.0281757E-03  -2.3384891E-03   1.0973197E-03  -7.8987297E-03  -1.4292134E-02   8.5817400E-05   6.2204291E-05   7.2333484E-03  -2.7671491E-04   6.5706971E-04   4.5754576E-03  -7.7864514E-07   5.4977735E-07
 -3.0730738E-07   7.3124152E-07  -1.1571711E-07  -3.5647091E-06  -4.6901454E-05  -2.9581170E-06  -5.6232367E-06   7.7256332E-07  -2.7004246E-03   2.3526205E-04   1.8024179E-03  -4.3557831E-02   1.4417633E-03   1.0290569E-02   1.1386821E-02  -4.5306597E-04  -3.3684018E-04  -7.2318246E-04   1.5029782E-03   2.6813202E-03  -3.8363780E-04   7.6988253E-04  -2.7671491E-04   2.9092563E-03   5.9383382E-04  -9.1033212E-04  -6.6723661E-07   1.9539340E-07
 -5.4105970E-07   1.4462474E-07  -4.2256769E-07   4.8056890E-06  -1.1764927E-04   1.1685484E-05  -1.3614967E-05   1.3590314E-06  -1.6155886E-03   3.0825191E-04  -1.3836246E-03   4.3011566E-03   8.6190574E-03   5.2219025E-03   5.0073701E-03   2.6474346E-03   1.3656300E-04   1.6352110E-03   9.3609573E-04   2.4224448E-04  -1.0864329E-04   8.7745447E-05   6.5706971E-04   5.9383382E-04   6.3709170E-03   8.0654953E-03  -3.0327732E-07  -3.0947888E-07
 -1.0435146E-06   2.1448085E-05  -2.4208598E-06  -2.0801640E-05   6.4199791E-04   2.5659515E-05  -2.3149355E-06   4.6104318E-06  -5.2769396E-03   1.3580559E-03  -6.9038260E-03   9.1939718E-02   4.3083497E-02   3.9835025E-02   2.2285070E-02   9.8040458E-04   7.2231342E-04   4.5161220E-03   3.2435892E-03   2.3799934E-03   1.4685962E-04  -8.1612996E-04   4.5754576E-03  -9.1033212E-04   8.0654953E-03   7.1704631E-02   3.6208577E-07   7.1721639E-07
  6.9419825E-10  -9.1651815E-09   5.6582754E-10   6.1307087E-08  -1.1161864E-06   2.1761761E-07  -1.3115817E-07  -1.1819604E-08  -1.6881337E-04   3.7316728E-06   1.2433070E-04   3.6846183E-03   6.9354995E-05   4.8433672E-04   4.6538693E-04  -9.9007669E-05   1.7222232E-04  -1.8201477E-04  -4.2557269E-05   1.4427696E-05  -9.5713061E-10  -2.1981080E-07  -7.7864514E-07  -6.6723661E-07  -3.0327732E-07   3.6208577E-07   3.7846175E-07  -3.1583898E-09
  3.4996277E-10   4.3893440E-08  -4.6375954E-09  -5.9385934E-08   1.9222241E-06   5.8075063E-08  -1.8560367E-08   2.5975983E-08   6.6493835E-04   2.5667730E-06  -3.8329278E-05   5.8363202E-04   2.0248117E-04  -2.0348697E-04  -1.1513525E-03  -3.5884648E-07  -2.1316380E-05  -5.2586539E-05   3.8670541E-04   8.9702788E-04   7.4572687E-08   5.6747390E-08   5.4977735E-07   1.9539340E-07  -3.0947888E-07   7.1721639E-07  -3.1583898E-09   3.8187693E-07
