# omegabh2 omegach2 theta tau logA ns calPlanck acib217 xi asz143 aps100 aps143 aps143217 aps217 aksz kgal100 kgal143 kgal143217 kgal217 cal0 cal2
  4.6047287E-08  -1.5552228E-07   3.8058243E-08   3.5541000E-07   4.6763096E-07   4.8910008E-07   7.2470237E-09  -1.1194632E-04   2.1267388E-08   3.5840013E-05  -3.1206837E-04  -4.6474973E-04  -1.7221520E-04  -7.3401041E-05  -6.6931994E-05   4.9397147E-05  -1.1143730E-05  -4.8254828E-05  -2.7755236E-05   8.1198156E-09  -4.1314142E-09
 -1.5552228E-07   3.4683853E-06  -2.9619349E-07  -2.9214554E-06   2.6470250E-06  -7.7876475E-06   4.4406232E-08   5.0450934E-04  -1.4613393E-05  -2.2250624E-05   1.2823243E-03   8.0680402E-04   3.8445705E-04   2.9976244E-04  -1.4599131E-04  -3.6180496E-04   3.2631088E-04   2.7130344E-04   6.1785802E-05  -5.1131224E-08  -2.7655196E-08
  3.8058243E-08  -2.9619349E-07   2.1007985E-07   3.7665787E-07   2.9622258E-07   9.4170455E-07   7.1091600E-09   2.8164620E-05   1.9611815E-06   4.6567835E-05  -4.5294181E-04  -5.3948672E-05   1.6495727E-04   5.0434470E-05  -8.2691962E-05   1.4011449E-05  -2.3546498E-05  -3.2614403E-05  -9.0008437E-05   4.7125779E-09   6.5048695E-09
  3.5541000E-07  -2.9214554E-06   3.7665787E-07   5.4933421E-05   1.0465387E-04   9.9865640E-06   8.1441579E-07  -4.3106697E-04  -5.5410114E-05   5.1224849E-04  -1.3624234E-02  -6.7059342E-03  -1.8387701E-03  -1.9737465E-03  -1.5154117E-03   1.4728339E-03   2.6623292E-05  -1.0762420E-03  -1.0399534E-03  -2.3688316E-08  -2.7398671E-07
  4.6763096E-07   2.6470250E-06   2.9622258E-07   1.0465387E-04   2.5052801E-04  -2.1178150E-06   1.5004492E-05   1.4001722E-03  -1.1348397E-04   1.1117912E-03  -1.7072473E-02  -8.8539751E-03   8.7665592E-04   7.9454338E-04  -4.3314405E-03   2.1236284E-03   2.7989319E-05  -1.9801370E-03  -5.8762248E-05  -1.7231042E-07  -6.6775188E-07
  4.8910008E-07  -7.7876475E-06   9.4170455E-07   9.9865640E-06  -2.1178150E-06   2.7853871E-05  -7.5158326E-07  -5.0954930E-03   9.2263247E-05   1.0244310E-03  -2.4622076E-02  -8.7814774E-03  -2.3355184E-04   3.4022491E-03  -1.8990756E-03   1.3940321E-03  -5.5136526E-04  -6.3954036E-04   1.0943295E-03  -2.4035465E-08  -3.1804312E-08
  7.2470237E-09   4.4406232E-08   7.1091600E-09   8.1441579E-07   1.5004492E-05  -7.5158326E-07   6.5309367E-06   1.2816717E-03   8.0782397E-07   4.2457010E-05   5.4469429E-03   1.3697076E-03   9.0844914E-04   2.9404864E-04  -1.6133852E-06   1.3110233E-04  -5.5043469E-05   1.0296399E-04   1.1240713E-03  -9.2264799E-08  -6.9175844E-10
 -1.1194632E-04   5.0450934E-04   2.8164620E-05  -4.3106697E-04   1.4001722E-03  -5.0954930E-03   1.2816717E-03   4.5808758E+01  -4.4619527E-01  -6.9021577E-02   2.6744260E+01   3.8718869E+00  -1.1093717E+01  -5.4198924E+01  -1.2662166E+00   4.3429818E-01   9.4610587E-01  -4.9540100E+00  -3.2928451E+01  -1.6744328E-04   4.4172840E-04
  2.1267388E-08  -1.4613393E-05   1.9611815E-06  -5.5410114E-05  -1.1348397E-04   9.2263247E-05   8.0782397E-07  -4.4619527E-01   8.0382385E-02  -2.5597168E-02  -3.4940409E-01   9.8599928E-01   1.7528672E+00   7.3621983E-01   4.8260147E-02  -1.4461046E-02  -1.6089448E-02   1.0777362E-01   1.8922368E-01   1.4857743E-05   4.4112340E-06
  3.5840013E-05  -2.2250624E-05   4.6567835E-05   5.1224849E-04   1.1117912E-03   1.0244310E-03   4.2457010E-05  -6.9021577E-02  -2.5597168E-02   4.0645608E+00  -3.1829905E+01  -3.0568798E+00   8.5116325E+00   4.8722510E+00  -2.9149726E+00  -3.4147687E-01   2.9203783E-01   2.7409576E+00   2.7025771E+00   1.1115491E-04  -1.1312335E-05
 -3.1206837E-04   1.2823243E-03  -4.5294181E-04  -1.3624234E-02  -1.7072473E-02  -2.4622076E-02   5.4469429E-03   2.6744260E+01  -3.4940409E-01  -3.1829905E+01   7.8438552E+02   7.1910000E+01  -5.5414787E+01  -5.4693230E+01   1.5550085E+01  -6.0783311E+00   2.1050859E+00  -1.3514520E+01  -1.9892926E+01   4.3754350E-03   3.9522477E-04
 -4.6474973E-04   8.0680402E-04  -5.3948672E-05  -6.7059342E-03  -8.8539751E-03  -8.7814774E-03   1.3697076E-03   3.8718869E+00   9.8599928E-01  -3.0568798E+00   7.1910000E+01   6.6968077E+01   4.4430376E+01   1.4639028E+01  -4.7247308E+00  -1.7163623E+00  -2.2739219E+00   3.3616324E+00   3.8636232E+00   2.8585723E-04   2.7257762E-04
 -1.7221520E-04   3.8445705E-04   1.6495727E-04  -1.8387701E-03   8.7665592E-04  -2.3355184E-04   9.0844914E-04  -1.1093717E+01   1.7528672E+00   8.5116325E+00  -5.5414787E+01   4.4430376E+01   8.9446383E+01   5.2380967E+01  -1.2021898E+01  -2.1417252E+00  -1.2068727E+00   5.4376293E+00   7.6875480E+00   6.7503291E-04  -1.6709226E-04
 -7.3401041E-05   2.9976244E-04   5.0434470E-05  -1.9737465E-03   7.9454338E-04   3.4022491E-03   2.9404864E-04  -5.4198924E+01   7.3621983E-01   4.8722510E+00  -5.4693230E+01   1.4639028E+01   5.2380967E+01   1.0170091E+02  -8.3557139E+00  -2.1829401E+00  -1.6306946E+00   5.0898122E+00   3.1373222E+01   4.4800232E-04  -1.0975815E-03
 -6.6931994E-05  -1.4599131E-04  -8.2691962E-05  -1.5154117E-03  -4.3314405E-03  -1.8990756E-03  -1.6133852E-06  -1.2662166E+00   4.8260147E-02  -2.9149726E+00   1.5550085E+01  -4.7247308E+00  -1.2021898E+01  -8.3557139E+00   6.2246872E+00   2.4345989E-01  -4.3723006E-01  -2.1254602E+00  -1.4230519E+00  -5.4458617E-05   5.1076963E-05
  4.9397147E-05  -3.6180496E-04   1.4011449E-05   1.4728339E-03   2.1236284E-03   1.3940321E-03   1.3110233E-04   4.3429818E-01  -1.4461046E-02  -3.4147687E-01  -6.0783311E+00  -1.7163623E+00  -2.1417252E+00  -2.1829401E+00   2.4345989E-01   3.3796714E+00   2.7626614E-01  -1.3756228E-01   4.6824428E-02   1.4832591E-04  -9.9853552E-06
 -1.1143730E-05   3.2631088E-04  -2.3546498E-05   2.6623292E-05   2.7989319E-05  -5.5136526E-04  -5.5043469E-05   9.4610587E-01  -1.6089448E-02   2.9203783E-01   2.1050859E+00  -2.2739219E+00  -1.2068727E+00  -1.6306946E+00  -4.3723006E-01   2.7626614E-01   3.3725816E+00   2.6547093E+00   2.2593928E+00  -2.7993609E-04  -3.5259135E-05
 -4.8254828E-05   2.7130344E-04  -3.2614403E-05  -1.0762420E-03  -1.9801370E-03  -6.3954036E-04   1.0296399E-04  -4.9540100E+00   1.0777362E-01   2.7409576E+00  -1.3514520E+01   3.3616324E+00   5.4376293E+00   5.0898122E+00  -2.1254602E+00  -1.3756228E-01   2.6547093E+00   1.0351589E+01   1.8285417E+01  -3.5233932E-05   4.4901141E-04
 -2.7755236E-05   6.1785802E-05  -9.0008437E-05  -1.0399534E-03  -5.8762248E-05   1.0943295E-03   1.1240713E-03  -3.2928451E+01   1.8922368E-01   2.7025771E+00  -1.9892926E+01   3.8636232E+00   7.6875480E+00   3.1373222E+01  -1.4230519E+00   4.6824428E-02   2.2593928E+00   1.8285417E+01   5.3193698E+01   3.0037759E-05   1.1285792E-03
  8.1198156E-09  -5.1131224E-08   4.7125779E-09  -2.3688316E-08  -1.7231042E-07  -2.4035465E-08  -9.2264799E-08  -1.6744328E-04   1.4857743E-05   1.1115491E-04   4.3754350E-03   2.8585723E-04   6.7503291E-04   4.4800232E-04  -5.4458617E-05   1.4832591E-04  -2.7993609E-04  -3.5233932E-05   3.0037759E-05   4.0473387E-07   2.6628503E-08
 -4.1314142E-09  -2.7655196E-08   6.5048695E-09  -2.7398671E-07  -6.6775188E-07  -3.1804312E-08  -6.9175844E-10   4.4172840E-04   4.4112340E-06  -1.1312335E-05   3.9522477E-04   2.7257762E-04  -1.6709226E-04  -1.0975815E-03   5.1076963E-05  -9.9853552E-06  -3.5259135E-05   4.4901141E-04   1.1285792E-03   2.6628503E-08   3.4481748E-07
