# omegabh2 omegach2 theta tau w wa logA ns calPlanck acib217 xi asz143 aps100 aps143 aps143217 aps217 aksz kgal100 kgal143 kgal143217 kgal217 cal0 cal2
    0.4842666E-07   -0.2068341E-06    0.4361520E-07    0.1778744E-05   -0.2022447E-05    0.2942505E-04    0.3260748E-05    0.6431825E-06    0.4167391E-07   -0.2399349E-03    0.4810774E-05    0.6401893E-04   -0.9650855E-03   -0.4235526E-03   -0.1793661E-04    0.1627485E-03   -0.9605857E-04    0.8308112E-05   -0.2745787E-05   -0.1267414E-04   -0.9416886E-06    0.4704116E-08   -0.3300821E-07
   -0.2068341E-06    0.3141540E-05   -0.2797188E-06   -0.2226500E-04    0.2746784E-04   -0.3751020E-03   -0.3789594E-04   -0.7659235E-05   -0.3693207E-06    0.1023933E-02   -0.2793753E-04   -0.2942219E-03    0.3430220E-02    0.1878145E-02   -0.3320791E-03   -0.9819080E-03    0.4342790E-03    0.1884976E-04    0.1506237E-04    0.1949595E-03    0.8313558E-04   -0.7024083E-07    0.1557642E-06
    0.4361520E-07   -0.2797188E-06    0.1958109E-06    0.3161397E-05   -0.3394257E-05    0.4951627E-04    0.6052706E-05    0.1004432E-05    0.1002687E-06   -0.1047838E-03    0.1624107E-05    0.8964647E-05   -0.8297485E-04   -0.2037108E-03   -0.1218167E-03    0.5562984E-05   -0.6757425E-04   -0.1814615E-04    0.3020456E-05   -0.2726131E-04   -0.1927794E-04   -0.6408443E-09   -0.1658359E-07
    0.1778744E-05   -0.2226500E-04    0.3161397E-05    0.2850383E-03   -0.7704057E-03    0.4554491E-02    0.5107179E-03    0.6375135E-04   -0.2323330E-05   -0.9992080E-02    0.3263397E-03    0.2747966E-02   -0.2710226E-01   -0.1882484E-01    0.1066798E-02    0.4804073E-02   -0.4234645E-02    0.5426422E-03   -0.3595093E-03   -0.2597921E-02   -0.3067527E-02    0.6658485E-06   -0.1789054E-05
   -0.2022447E-05    0.2746784E-04   -0.3394257E-05   -0.7704057E-03    0.9588096E-01   -0.2568316E+00   -0.1421891E-02   -0.9211031E-04    0.2905510E-04   -0.2556019E-01    0.1564296E-03   -0.1976462E-01    0.8653419E-01    0.3303582E-01    0.3433756E-02    0.1769033E-01    0.3765508E-01    0.8352852E-02    0.7688388E-02   -0.3734419E-01   -0.2259336E-01   -0.5883964E-05   -0.5897720E-07
    0.2942505E-04   -0.3751020E-03    0.4951627E-04    0.4554491E-02   -0.2568316E+00    0.7386998E+00    0.8189270E-02    0.1021675E-02   -0.3557851E-04   -0.3692916E-01    0.2898695E-02    0.8680676E-01   -0.6289695E+00   -0.3015684E+00    0.3195774E-01    0.4787166E-01   -0.1553918E+00   -0.2328402E-01   -0.2442917E-01    0.6659379E-01    0.3386426E-01    0.2339623E-04   -0.1758287E-04
    0.3260748E-05   -0.3789594E-04    0.6052706E-05    0.5107179E-03   -0.1421891E-02    0.8189270E-02    0.9470202E-03    0.1093973E-03    0.7504921E-05   -0.1759156E-01    0.6409787E-03    0.5396942E-02   -0.4261069E-01   -0.3300048E-01    0.4870441E-02    0.1348797E-01   -0.8689116E-02    0.6665824E-03   -0.1219184E-02   -0.4886243E-02   -0.4252211E-02    0.1517812E-05   -0.3236074E-05
    0.6431825E-06   -0.7659235E-05    0.1004432E-05    0.6375135E-04   -0.9211031E-04    0.1021675E-02    0.1093973E-03    0.2993774E-04    0.8831773E-06   -0.6252529E-02    0.1810940E-03    0.1869065E-02   -0.3350723E-01   -0.9368771E-02    0.4469805E-02    0.7530420E-02   -0.3809810E-02    0.3122821E-03   -0.2574830E-03   -0.1077527E-02   -0.4978223E-03   -0.8756653E-07   -0.8493432E-06
    0.4167391E-07   -0.3693207E-06    0.1002687E-06   -0.2323330E-05    0.2905510E-04   -0.3557851E-04    0.7504921E-05    0.8831773E-06    0.6328426E-05    0.7764640E-03    0.5195762E-05    0.2152667E-03    0.2924770E-02   -0.2796386E-03    0.5070070E-03    0.1239875E-02   -0.8410883E-04   -0.9190401E-04   -0.5686566E-05    0.6519917E-04    0.8528728E-03    0.3884254E-07    0.4109460E-07
   -0.2399349E-03    0.1023933E-02   -0.1047838E-03   -0.9992080E-02   -0.2556019E-01   -0.3692916E-01   -0.1759156E-01   -0.6252529E-02    0.7764640E-03    0.4437777E+02   -0.5302304E+00   -0.1362283E+01    0.4002132E+02   -0.7333121E+00   -0.2161287E+02   -0.6125797E+02    0.1967176E+00   -0.8142064E-01    0.2226150E+00   -0.2132069E+01   -0.1948089E+02   -0.1761905E-03    0.4473912E-02
    0.4810774E-05   -0.2793753E-04    0.1624107E-05    0.3263397E-03    0.1564296E-03    0.2898695E-02    0.6409787E-03    0.1810940E-03    0.5195762E-05   -0.5302304E+00    0.8358298E-01   -0.7520974E-01   -0.5352053E+00    0.1051641E+01    0.1916117E+01    0.7916123E+00    0.6470825E-01    0.8122114E-02   -0.4379767E-02    0.9353036E-01    0.1303689E+00    0.9504687E-05   -0.1589484E-04
    0.6401893E-04   -0.2942219E-03    0.8964647E-05    0.2747966E-02   -0.1976462E-01    0.8680676E-01    0.5396942E-02    0.1869065E-02    0.2152667E-03   -0.1362283E+01   -0.7520974E-01    0.3725527E+01   -0.2870866E+02   -0.3731247E+01    0.7608135E+01    0.6368570E+01   -0.2923351E+01   -0.1940591E+00    0.9977643E-02    0.2537575E+01    0.2366079E+01    0.2086091E-03   -0.2992142E-03
   -0.9650855E-03    0.3430220E-02   -0.8297485E-04   -0.2710226E-01    0.8653419E-01   -0.6289695E+00   -0.4261069E-01   -0.3350723E-01    0.2924770E-02    0.4002132E+02   -0.5352053E+00   -0.2870866E+02    0.7466751E+03    0.6537527E+02   -0.5901515E+02   -0.6715706E+02    0.1562962E+02   -0.5006628E+01    0.3298301E+01   -0.1282168E+02   -0.1691916E+02    0.5807669E-02    0.4165135E-02
   -0.4235526E-03    0.1878145E-02   -0.2037108E-03   -0.1882484E-01    0.3303582E-01   -0.3015684E+00   -0.3300048E-01   -0.9368771E-02   -0.2796386E-03   -0.7333121E+00    0.1051641E+01   -0.3731247E+01    0.6537527E+02    0.6279248E+02    0.4642056E+02    0.1957252E+02   -0.4765724E+01   -0.5104895E+00   -0.1053917E+01    0.4217338E+01    0.4439790E+01    0.1018477E-03    0.1697580E-03
   -0.1793661E-04   -0.3320791E-03   -0.1218167E-03    0.1066798E-02    0.3433756E-02    0.3195774E-01    0.4870441E-02    0.4469805E-02    0.5070070E-03   -0.2161287E+02    0.1916117E+01    0.7608135E+01   -0.5901515E+02    0.4642056E+02    0.9939863E+02    0.6645023E+02   -0.1262214E+02   -0.6091673E+00   -0.7164164E+00    0.5779484E+01    0.7628221E+01    0.8752066E-03   -0.2235101E-02
    0.1627485E-03   -0.9819080E-03    0.5562984E-05    0.4804073E-02    0.1769033E-01    0.4787166E-01    0.1348797E-01    0.7530420E-02    0.1239875E-02   -0.6125797E+02    0.7916123E+00    0.6368570E+01   -0.6715706E+02    0.1957252E+02    0.6645023E+02    0.1196675E+03   -0.1047046E+02   -0.5572555E+00   -0.7573531E+00    0.5714200E+00    0.1723420E+02    0.6180241E-03   -0.7597825E-02
   -0.9605857E-04    0.4342790E-03   -0.6757425E-04   -0.4234645E-02    0.3765508E-01   -0.1553918E+00   -0.8689116E-02   -0.3809810E-02   -0.8410883E-04    0.1967176E+00    0.6470825E-01   -0.2923351E+01    0.1562962E+02   -0.4765724E+01   -0.1262214E+02   -0.1047046E+02    0.6631813E+01    0.1781975E+00   -0.7500189E-01   -0.2401038E+01   -0.1680141E+01   -0.1414405E-03    0.2207001E-03
    0.8308112E-05    0.1884976E-04   -0.1814615E-04    0.5426422E-03    0.8352852E-02   -0.2328402E-01    0.6665824E-03    0.3122821E-03   -0.9190401E-04   -0.8142064E-01    0.8122114E-02   -0.1940591E+00   -0.5006628E+01   -0.5104895E+00   -0.6091673E+00   -0.5572555E+00    0.1781975E+00    0.3430754E+01    0.3921166E+00    0.3054826E-01    0.1182554E+00    0.2398323E-03    0.6302553E-05
   -0.2745787E-05    0.1506237E-04    0.3020456E-05   -0.3595093E-03    0.7688388E-02   -0.2442917E-01   -0.1219184E-02   -0.2574830E-03   -0.5686566E-05    0.2226150E+00   -0.4379767E-02    0.9977643E-02    0.3298301E+01   -0.1053917E+01   -0.7164164E+00   -0.7573531E+00   -0.7500189E-01    0.3921166E+00    0.3332644E+01    0.2674661E+01    0.2107480E+01   -0.3103374E-03   -0.1121089E-03
   -0.1267414E-04    0.1949595E-03   -0.2726131E-04   -0.2597921E-02   -0.3734419E-01    0.6659379E-01   -0.4886243E-02   -0.1077527E-02    0.6519917E-04   -0.2132069E+01    0.9353036E-01    0.2537575E+01   -0.1282168E+02    0.4217338E+01    0.5779484E+01    0.5714200E+00   -0.2401038E+01    0.3054826E-01    0.2674661E+01    0.1801039E+02    0.2718749E+02    0.2116312E-04    0.2684552E-02
   -0.9416886E-06    0.8313558E-04   -0.1927794E-04   -0.3067527E-02   -0.2259336E-01    0.3386426E-01   -0.4252211E-02   -0.4978223E-03    0.8528728E-03   -0.1948089E+02    0.1303689E+00    0.2366079E+01   -0.1691916E+02    0.4439790E+01    0.7628221E+01    0.1723420E+02   -0.1680141E+01    0.1182554E+00    0.2107480E+01    0.2718749E+02    0.5775256E+02    0.8238747E-04    0.4808707E-02
    0.4704116E-08   -0.7024083E-07   -0.6408443E-09    0.6658485E-06   -0.5883964E-05    0.2339623E-04    0.1517812E-05   -0.8756653E-07    0.3884254E-07   -0.1761905E-03    0.9504687E-05    0.2086091E-03    0.5807669E-02    0.1018477E-03    0.8752066E-03    0.6180241E-03   -0.1414405E-03    0.2398323E-03   -0.3103374E-03    0.2116312E-04    0.8238747E-04    0.5990133E-06    0.8745050E-08
   -0.3300821E-07    0.1557642E-06   -0.1658359E-07   -0.1789054E-05   -0.5897720E-07   -0.1758287E-04   -0.3236074E-05   -0.8493432E-06    0.4109460E-07    0.4473912E-02   -0.1589484E-04   -0.2992142E-03    0.4165135E-02    0.1697580E-03   -0.2235101E-02   -0.7597825E-02    0.2207001E-03    0.6302553E-05   -0.1121089E-03    0.2684552E-02    0.4808707E-02    0.8745050E-08    0.2172719E-05
