# omegabh2 omegach2 theta tau yhe logA ns calPlanck aps100 aps143 aps217 acib217 asz143 psr cibr xi aksz dust100 dust143 dust217 dust143x217 cal0 cal2 calTE calEE
  3.3558614E-08  -4.9060678E-08   7.5015943E-08   2.4198943E-07   1.8396833E-06   9.0370192E-07   8.5341517E-07   6.7390998E-09   3.7219202E-04   2.5312266E-04  -4.2772877E-06   9.6842413E-05  -2.9104863E-06   2.7258607E-07   1.6784568E-06   4.6967344E-07   2.3516177E-05   1.4227844E-06  -2.2467054E-07  -3.3297767E-07   3.3223145E-07   5.3642098E-09   1.0777647E-08   1.5262048E-07   1.9849026E-07
 -4.9060678E-08   8.8851668E-07  -5.0303807E-08  -2.0654453E-06  -9.9709008E-08  -2.5444892E-06  -1.9896806E-06  -1.8915155E-07   1.2535623E-03   4.3870406E-04  -4.1065113E-04   2.8939700E-04  -2.5526967E-05  -2.6775208E-06   6.8360687E-06  -4.1234535E-06   8.9087627E-05  -1.2830243E-06   3.4650468E-06  -2.4446293E-06  -1.2860300E-06  -1.4089826E-08  -4.0430891E-09  -2.3440914E-07  -6.3945100E-07
  7.5015943E-08  -5.0303807E-08   4.0496445E-07   4.2952040E-07   9.2533355E-06   3.0789431E-06   3.6631915E-06  -1.7995872E-08   4.0318374E-03   2.3459219E-03  -6.1822725E-04   1.1333007E-03  -1.0928559E-04  -5.9099001E-06   1.7495898E-05  -7.8528527E-06   2.7849324E-04   4.8307817E-06   4.1126503E-06  -5.4308951E-06   3.8270635E-06   1.1217392E-08   8.2429518E-08   1.1518908E-06   2.2466181E-06
  2.4198943E-07  -2.0654453E-06   4.2952040E-07   4.5099883E-05   6.9282943E-06   8.4921122E-05   9.6895727E-06  -7.4645057E-07  -7.0948415E-03  -1.3314541E-03   7.0515940E-04  -9.2502567E-04   1.9358453E-04   1.3623590E-05  -3.1370720E-05   4.5715612E-05  -4.7807444E-04   5.3827124E-06   3.4815640E-06   4.2894844E-06   1.5156989E-05  -2.4915050E-07   2.3694305E-08  -1.5062891E-06   5.7443809E-07
  1.8396833E-06  -9.9709008E-08   9.2533355E-06   6.9282943E-06   2.6670300E-04   7.8366263E-05   9.9416005E-05  -4.0615281E-07   1.1418569E-01   6.7868468E-02  -1.6912132E-02   3.2108352E-02  -3.0052589E-03  -1.6013435E-04   4.7931258E-04  -2.2004673E-04   8.1504652E-03   1.2759811E-04   1.3281081E-04  -1.4702054E-04   1.2885103E-04   3.2494070E-07   2.1369353E-06   3.4660218E-05   6.4076642E-05
  9.0370192E-07  -2.5444892E-06   3.0789431E-06   8.4921122E-05   7.8366263E-05   2.0521656E-04   3.8173739E-05   1.0095451E-05   1.9777502E-02   1.7441839E-02   5.3510414E-03   4.9620051E-03  -1.0114920E-04  -3.1220776E-06   6.4421444E-05   7.3348842E-05  -6.9869806E-05   2.3959533E-05  -1.9500043E-05   4.7616510E-06   5.5289387E-05   1.4620507E-07   4.0679453E-07   5.1190162E-06   1.7460427E-05
  8.5341517E-07  -1.9896806E-06   3.6631915E-06   9.6895727E-06   9.9416005E-05   3.8173739E-05   5.1191937E-05   2.7035069E-07   1.9709837E-02   1.8810711E-02   2.1616233E-03   6.0545806E-03  -7.5996137E-04   3.1094065E-06   6.0109374E-05   7.5285608E-06   1.2973125E-03   5.9291305E-05   1.3624997E-05  -2.1719688E-05   4.8042121E-05  -1.9965176E-07   5.8011955E-07   1.3151210E-05   2.1575062E-05
  6.7390998E-09  -1.8915155E-07  -1.7995872E-08  -7.4645057E-07  -4.0615281E-07   1.0095451E-05   2.7035069E-07   6.1477734E-06   2.0714966E-03   6.6867945E-04   2.0104968E-03   1.7253773E-04   9.1155496E-05  -6.7362232E-06   1.7952188E-05  -1.0748901E-06  -1.3654773E-04   2.5811769E-06   1.4313929E-05   1.4597428E-05   6.1831026E-06  -2.2652434E-08  -8.0499530E-08  -1.3037806E-07  -2.2689598E-07
  3.7219202E-04   1.2535623E-03   4.0318374E-03  -7.0948415E-03   1.1418569E-01   1.9777502E-02   1.9709837E-02   2.0714966E-03   6.5072129E+02   8.2817740E+01  -5.9108425E+01   4.2142643E+01  -2.6141318E+01  -9.2327169E-01  -1.1569353E-01  -7.1331113E-01   1.3376085E+01  -1.9536269E-01   3.0222718E-01  -3.4594879E-01  -1.2082579E-01   6.9665735E-03   2.9498437E-03   1.5455926E-02   3.3558191E-02
  2.5312266E-04   4.3870406E-04   2.3459219E-03  -1.3314541E-03   6.7868468E-02   1.7441839E-02   1.8810711E-02   6.6867945E-04   8.2817740E+01   8.1198595E+01   6.8145666E+00   1.3114486E+01  -1.2521882E+00  -4.1521353E-02   5.0193413E-01   8.1273875E-01  -6.3865833E+00   4.3586622E-03  -1.8094454E-01   1.9159204E-02   1.0858135E-01   9.6844231E-04   1.1147724E-03   1.0870712E-02   2.0945875E-02
 -4.2772877E-06  -4.1065113E-04  -6.1822725E-04   7.0515940E-04  -1.6912132E-02   5.3510414E-03   2.1616233E-03   2.0104968E-03  -5.9108425E+01   6.8145666E+00   1.7627058E+02  -8.4776603E+01   2.3556761E+00   3.6401023E-01  -1.0743181E+00   4.5805509E-01  -7.4468768E+00  -4.5410600E-02  -3.3887136E-01   5.4887660E-01  -5.9390140E-02   1.7258581E-03  -7.8706565E-03   2.9414848E-03  -2.6507810E-04
  9.6842413E-05   2.8939700E-04   1.1333007E-03  -9.2502567E-04   3.2108352E-02   4.9620051E-03   6.0545806E-03   1.7253773E-04   4.2142643E+01   1.3114486E+01  -8.4776603E+01   5.4739368E+01   1.2411929E+00  -8.6785969E-02   7.6698581E-01  -3.3253887E-01  -1.5746384E+00   4.4940703E-02   1.9807452E-01  -4.4230749E-01  -6.6132475E-02  -5.4156356E-04   3.5587842E-03   2.1317600E-03   7.6566288E-03
 -2.9104863E-06  -2.5526967E-05  -1.0928559E-04   1.9358453E-04  -3.0052589E-03  -1.0114920E-04  -7.5996137E-04   9.1155496E-05  -2.6141318E+01  -1.2521882E+00   2.3556761E+00   1.2411929E+00   4.2162829E+00   9.6357305E-02   1.5467941E-01  -2.3126309E-02  -3.3527621E+00   1.3024344E-03  -5.8470539E-03   1.7331961E-02   5.1812608E-02   4.2514076E-04  -1.5036304E-04  -5.6751996E-04  -9.3247980E-04
  2.7258607E-07  -2.6775208E-06  -5.9099001E-06   1.3623590E-05  -1.6013435E-04  -3.1220776E-06   3.1094065E-06  -6.7362232E-06  -9.2327169E-01  -4.1521353E-02   3.6401023E-01  -8.6785969E-02   9.6357305E-02   1.6455076E-02  -1.6927524E-02   1.3836725E-02  -9.7391448E-02   1.5372306E-04  -1.5588271E-03  -2.3909786E-03   4.9023329E-03   1.6566195E-05  -4.1316789E-05  -8.8811104E-06  -4.1283597E-05
  1.6784568E-06   6.8360687E-06   1.7495898E-05  -3.1370720E-05   4.7931258E-04   6.4421444E-05   6.0109374E-05   1.7952188E-05  -1.1569353E-01   5.0193413E-01  -1.0743181E+00   7.6698581E-01   1.5467941E-01  -1.6927524E-02   6.8687419E-02   2.3640331E-03  -1.3664317E-01   2.8373900E-04   7.4331507E-03   3.6092387E-04  -1.6640026E-02  -6.9266438E-06   1.0966473E-04   8.1614173E-06   9.5464977E-05
  4.6967344E-07  -4.1234535E-06  -7.8528527E-06   4.5715612E-05  -2.2004673E-04   7.3348842E-05   7.5285608E-06  -1.0748901E-06  -7.1331113E-01   8.1273875E-01   4.5805509E-01  -3.3253887E-01  -2.3126309E-02   1.3836725E-02   2.3640331E-03   8.4297482E-02   1.3791651E-02  -5.1061669E-05   4.2524359E-04   1.2772457E-03   8.9698139E-04   1.4207574E-05  -2.3128687E-05  -9.4343682E-06  -8.1198671E-05
  2.3516177E-05   8.9087627E-05   2.7849324E-04  -4.7807444E-04   8.1504652E-03  -6.9869806E-05   1.2973125E-03  -1.3654773E-04   1.3376085E+01  -6.3865833E+00  -7.4468768E+00  -1.5746384E+00  -3.3527621E+00  -9.7391448E-02  -1.3664317E-01   1.3791651E-02   7.3102823E+00  -2.2033478E-03   9.4406161E-03  -1.4766175E-02  -4.8402672E-02  -3.5589230E-04   1.6151985E-05   6.7541500E-04   1.4557147E-03
  1.4227844E-06  -1.2830243E-06   4.8307817E-06   5.3827124E-06   1.2759811E-04   2.3959533E-05   5.9291305E-05   2.5811769E-06  -1.9536269E-01   4.3586622E-03  -4.5410600E-02   4.4940703E-02   1.3024344E-03   1.5372306E-04   2.8373900E-04  -5.1061669E-05  -2.2033478E-03   3.8353591E-02   1.8066678E-03  -6.2293415E-04   1.6387435E-04   3.7126926E-05  -7.0336666E-06   2.7770801E-07   1.8052160E-05
 -2.2467054E-07   3.4650468E-06   4.1126503E-06   3.4815640E-06   1.3281081E-04  -1.9500043E-05   1.3624997E-05   1.4313929E-05   3.0222718E-01  -1.8094454E-01  -3.3887136E-01   1.9807452E-01  -5.8470539E-03  -1.5588271E-03   7.4331507E-03   4.2524359E-04   9.4406161E-03   1.8066678E-03   3.0467593E-02  -8.9185537E-04   5.6876848E-03  -8.1276877E-05  -4.2916008E-05  -6.9255123E-05  -3.3790552E-05
 -3.3297767E-07  -2.4446293E-06  -5.4308951E-06   4.2894844E-06  -1.4702054E-04   4.7616510E-06  -2.1719688E-05   1.4597428E-05  -3.4594879E-01   1.9159204E-02   5.4887660E-01  -4.4230749E-01   1.7331961E-02  -2.3909786E-03   3.6092387E-04   1.2772457E-03  -1.4766175E-02  -6.2293415E-04  -8.9185537E-04   1.0253189E-02   7.7620599E-03   3.9375308E-06   5.8439663E-05  -3.0644657E-06  -3.7853491E-05
  3.3223145E-07  -1.2860300E-06   3.8270635E-06   1.5156989E-05   1.2885103E-04   5.5289387E-05   4.8042121E-05   6.1831026E-06  -1.2082579E-01   1.0858135E-01  -5.9390140E-02  -6.6132475E-02   5.1812608E-02   4.9023329E-03  -1.6640026E-02   8.9698139E-04  -4.8402672E-02   1.6387435E-04   5.6876848E-03   7.7620599E-03   2.5703801E-02  -4.7209173E-06   5.2154080E-05   1.0260865E-05   2.3075645E-05
  5.3642098E-09  -1.4089826E-08   1.1217392E-08  -2.4915050E-07   3.2494070E-07   1.4620507E-07  -1.9965176E-07  -2.2652434E-08   6.9665735E-03   9.6844231E-04   1.7258581E-03  -5.4156356E-04   4.2514076E-04   1.6566195E-05  -6.9266438E-06   1.4207574E-05  -3.5589230E-04   3.7126926E-05  -8.1276877E-05   3.9375308E-06  -4.7209173E-06   1.1226906E-06   5.1373560E-08   2.8822081E-07   5.4896980E-07
  1.0777647E-08  -4.0430891E-09   8.2429518E-08   2.3694305E-08   2.1369353E-06   4.0679453E-07   5.8011955E-07  -8.0499530E-08   2.9498437E-03   1.1147724E-03  -7.8706565E-03   3.5587842E-03  -1.5036304E-04  -4.1316789E-05   1.0966473E-04  -2.3128687E-05   1.6151985E-05  -7.0336666E-06  -4.2916008E-05   5.8439663E-05   5.2154080E-05   5.1373560E-08   2.4875628E-06   4.4362989E-07   5.4232178E-07
  1.5262048E-07  -2.3440914E-07   1.1518908E-06  -1.5062891E-06   3.4660218E-05   5.1190162E-06   1.3151210E-05  -1.3037806E-07   1.5455926E-02   1.0870712E-02   2.9414848E-03   2.1317600E-03  -5.6751996E-04  -8.8811104E-06   8.1614173E-06  -9.4343682E-06   6.7541500E-04   2.7770801E-07  -6.9255123E-05  -3.0644657E-06   1.0260865E-05   2.8822081E-07   4.4362989E-07   2.8453553E-05   1.6560295E-05
  1.9849026E-07  -6.3945100E-07   2.2466181E-06   5.7443809E-07   6.4076642E-05   1.7460427E-05   2.1575062E-05  -2.2689598E-07   3.3558191E-02   2.0945875E-02  -2.6507810E-04   7.6566288E-03  -9.3247980E-04  -4.1283597E-05   9.5464977E-05  -8.1198671E-05   1.4557147E-03   1.8052160E-05  -3.3790552E-05  -3.7853491E-05   2.3075645E-05   5.4896980E-07   5.4232178E-07   1.6560295E-05   3.9605269E-05
