# omegabh2 omegach2 theta tau w wa logA ns calPlanck acib217 xi asz143 aps100 aps143 aps143217 aps217 aksz kgal100 kgal143 kgal143217 kgal217 galfTE100 galfTE100143 galfTE100217 galfTE143 galfTE143217 galfTE217 cal0 cal2
  1.9786807E-08  -7.3071291E-08   1.3492921E-08   2.6126908E-07   2.9120614E-08   7.2902912E-06   4.8707137E-07   2.0599160E-07   2.4362347E-08  -8.2595178E-05   1.9078571E-06   1.4162359E-05  -2.8846569E-04  -1.9119089E-04  -4.7894139E-05   3.6335541E-05  -3.9248020E-05   4.9782017E-07  -6.5458022E-06  -1.3102778E-05   9.2098753E-06   3.7407010E-09  -8.9755693E-08  -2.4377963E-07  -2.1283325E-07  -1.2274647E-07  -1.5171232E-06   4.0472284E-09  -2.7889974E-09
 -7.3071291E-08   1.1793502E-06  -9.3571601E-08  -3.5702408E-06   3.6053677E-06  -1.1045606E-04  -5.0370298E-06  -2.7537856E-06  -3.1490630E-07   4.9076422E-05  -3.0876151E-06  -2.7732780E-05   7.2437683E-04   6.4272230E-04   3.7688241E-04   2.0065344E-04   7.5799158E-05  -5.2363706E-05  -1.5966319E-05   3.7274205E-05   6.9722304E-05   3.1215606E-07   4.3899950E-07   1.8145887E-06   1.0698614E-06  -3.3973153E-08   9.7811431E-06  -1.1820528E-08   1.7483792E-08
  1.3492921E-08  -9.3571601E-08   9.6186713E-08   3.8614501E-07  -5.9660294E-07   1.5435439E-05   7.4282637E-07   3.4773471E-07   4.7337426E-08  -2.2742984E-06   1.4786686E-06  -2.2184814E-06  -4.7152194E-05  -4.5616158E-05  -1.2699093E-05  -3.3788159E-06  -7.2054032E-06   6.0852032E-06   7.4730552E-06  -3.2137212E-06  -7.0021874E-06  -6.2314485E-08   8.1753787E-08   8.3780998E-08  -4.2126406E-08   2.6317516E-07   3.9603954E-07   2.2547845E-09  -1.7164271E-09
  2.6126908E-07  -3.5702408E-06   3.8614501E-07   5.6136177E-05  -1.2765465E-04   7.3161777E-04   1.0155422E-04   1.0403302E-05  -8.1260443E-07  -7.1769594E-04  -2.3493537E-06   1.3988078E-04  -8.7498070E-03  -4.9171331E-03  -3.3575046E-03  -1.9489726E-03  -5.4438089E-04   1.2448132E-04   6.3441542E-05  -7.7438895E-06  -1.0971208E-04  -5.2070742E-06   1.6884817E-07  -5.7046563E-06  -6.4208117E-07  -1.5104686E-06  -3.3011384E-05  -1.0673936E-07  -9.0842961E-08
  2.9120614E-08   3.6053677E-06  -5.9660294E-07  -1.2765465E-04   7.1250501E-02  -1.9230941E-01  -2.8429742E-04  -6.4964607E-06  -1.3352062E-05   6.3721726E-03   5.5471892E-05  -1.4377220E-04   2.8790659E-02   3.0761052E-03  -2.5516848E-03  -1.5177187E-02  -4.1736492E-03   1.0646384E-02   5.3923934E-03  -5.7456976E-03  -1.5106820E-02   2.0403707E-04   2.2269586E-05  -2.5506152E-04  -2.4203975E-04   1.6691062E-04   8.3858635E-05   1.1382295E-06  -1.0128838E-06
  7.2902912E-06  -1.1045606E-04   1.5435439E-05   7.3161777E-04  -1.9230941E-01   5.4834132E-01   1.3650746E-03   2.6045186E-04   5.9869818E-05  -3.0681773E-02   1.8137949E-04   4.7742878E-03  -1.4317201E-01  -7.0314898E-02  -2.5513073E-02   3.7137807E-02   2.0758920E-03  -2.1912434E-02  -9.2989169E-03   2.3052768E-02   5.8270436E-02  -7.0281731E-04  -6.0452027E-05   4.4471354E-04   6.1863367E-04  -5.5720257E-04  -1.3658950E-03  -1.9286293E-06   1.7002948E-06
  4.8707137E-07  -5.0370298E-06   7.4282637E-07   1.0155422E-04  -2.8429742E-04   1.3650746E-03   2.1247786E-04   1.4667727E-05   9.6999962E-06  -1.9981281E-03   5.5009534E-05   1.3662248E-04  -1.4505395E-02  -6.4492526E-03  -2.5940833E-03   2.8256956E-03  -1.8327061E-03  -8.7959180E-05  -5.1500732E-04  -5.3722794E-04   1.5366424E-03  -8.2078281E-06   1.5727938E-06  -1.4108480E-05   4.0942112E-06  -7.6344520E-07  -2.2374241E-05  -8.4042436E-08  -1.7388263E-07
  2.0599160E-07  -2.7537856E-06   3.4773471E-07   1.0403302E-05  -6.4964607E-06   2.6045186E-04   1.4667727E-05   1.5322425E-05   7.9132779E-07  -4.1702034E-03   9.6083667E-05   6.9221948E-04  -2.0780283E-02  -5.8966484E-03   9.7009950E-04   4.4752508E-03  -2.0263786E-03   3.5261103E-04  -2.5997455E-04  -2.7096548E-04   1.3099815E-03  -1.3431381E-06  -3.2338708E-07  -4.6395689E-06  -5.4776146E-07  -3.1994328E-06  -3.8329034E-05  -5.8360676E-08  -1.1170274E-07
  2.4362347E-08  -3.1490630E-07   4.7337426E-08  -8.1260443E-07  -1.3352062E-05   5.9869818E-05   9.6999962E-06   7.9132779E-07   6.0184323E-06   5.4979849E-04   7.6049766E-06  -4.3523687E-05   3.0919193E-03   8.9000702E-04   5.7576452E-04   1.3921185E-03  -2.7931637E-05   3.4841917E-05  -4.0080062E-05  -4.0330391E-05   8.2942582E-04   4.3039254E-07   5.9796932E-07  -2.5690071E-06   2.1918367E-06  -1.1122655E-06   5.1723801E-06   2.6040874E-09  -6.8340746E-09
 -8.2595178E-05   4.9076422E-05  -2.2742984E-06  -7.1769594E-04   6.3721726E-03  -3.0681773E-02  -1.9981281E-03  -4.1702034E-03   5.4979849E-04   4.4519593E+01  -4.0189400E-01  -6.9306792E-01   3.2582418E+01   1.6906935E+00  -1.3025300E+01  -5.5434387E+01  -2.6969004E-01   3.2605304E-01   6.4968620E-01  -5.5863056E+00  -3.2881555E+01  -3.6422532E-03   1.3462119E-03  -1.5598132E-03  -5.8311826E-03  -9.8848148E-03   3.4807969E-03  -2.6604730E-04   7.1377791E-04
  1.9078571E-06  -3.0876151E-06   1.4786686E-06  -2.3493537E-06   5.5471892E-05   1.8137949E-04   5.5009534E-05   9.6083667E-05   7.6049766E-06  -4.0189400E-01   8.1207115E-02  -4.9800030E-02  -3.9722598E-01   9.1994276E-01   1.7079002E+00   6.6197900E-01   4.6525300E-02  -1.5683465E-02   6.2487698E-03   9.2227412E-02   1.3616372E-01   1.5647514E-06   1.5450931E-04  -4.8167618E-06   2.6137514E-04   2.8618945E-05   5.2053417E-04   9.7493291E-06  -3.1285594E-06
  1.4162359E-05  -2.7732780E-05  -2.2184814E-06   1.3988078E-04  -1.4377220E-04   4.7742878E-03   1.3662248E-04   6.9221948E-04  -4.3523687E-05  -6.9306792E-01  -4.9800030E-02   3.8019404E+00  -2.9209237E+01  -3.0876150E+00   7.3108632E+00   5.0830850E+00  -2.6692065E+00  -1.2285060E-01   1.9242292E-01   2.6173517E+00   3.0732642E+00   4.6147305E-04  -9.9052465E-04  -2.3913722E-04  -6.2808226E-04   7.3698300E-04  -4.5941107E-03   9.6977304E-05  -6.8900903E-05
 -2.8846569E-04   7.2437683E-04  -4.7152194E-05  -8.7498070E-03   2.8790659E-02  -1.4317201E-01  -1.4505395E-02  -2.0780283E-02   3.0919193E-03   3.2582418E+01  -3.9722598E-01  -2.9209237E+01   7.6649583E+02   6.6401261E+01  -4.8801107E+01  -5.4829948E+01   1.2980840E+01  -7.1344999E+00   5.7736012E+00  -1.1518700E+01  -2.1966305E+01  -1.1197493E-03   1.2736770E-02   6.5388729E-03  -1.9180657E-02  -2.1449679E-02   7.7130599E-02   3.8216518E-03   8.1967082E-04
 -1.9119089E-04   6.4272230E-04  -4.5616158E-05  -4.9171331E-03   3.0761052E-03  -7.0314898E-02  -6.4492526E-03  -5.8966484E-03   8.9000702E-04   1.6906935E+00   9.1994276E-01  -3.0876150E+00   6.6401261E+01   6.0424104E+01   4.0979654E+01   1.5584281E+01  -5.3345651E+00  -4.9471318E-01  -1.1247997E+00   3.0909594E+00   3.5247267E+00  -4.1993399E-05   3.7509950E-03  -5.0421481E-03   1.5274316E-03   3.9302342E-03   3.8440946E-02   1.2526865E-04   3.8441100E-05
 -4.7894139E-05   3.7688241E-04  -1.2699093E-05  -3.3575046E-03  -2.5516848E-03  -2.5513073E-02  -2.5940833E-03   9.7009950E-04   5.7576452E-04  -1.3025300E+01   1.7079002E+00   7.3108632E+00  -4.8801107E+01   4.0979654E+01   8.5220861E+01   5.3214830E+01  -1.1850892E+01  -7.0667994E-01  -4.2712496E-01   4.7203799E+00   7.6656611E+00  -1.8117993E-03   2.1652993E-04  -6.4773570E-03   7.5483414E-03   8.7261527E-03  -5.7810826E-04   5.5126612E-04  -4.6795716E-04
  3.6335541E-05   2.0065344E-04  -3.3788159E-06  -1.9489726E-03  -1.5177187E-02   3.7137807E-02   2.8256956E-03   4.4752508E-03   1.3921185E-03  -5.5434387E+01   6.6197900E-01   5.0830850E+00  -5.4829948E+01   1.5584281E+01   5.3214830E+01   1.0461906E+02  -9.1746509E+00  -6.5226235E-01  -1.2027158E+00   5.2349599E+00   3.3043050E+01   4.7233511E-03  -3.3619445E-03  -8.1401703E-03   9.1946950E-03   2.1653891E-02  -1.6858018E-02   5.9211691E-04  -1.4156584E-03
 -3.9248020E-05   7.5799158E-05  -7.2054032E-06  -5.4438089E-04  -4.1736492E-03   2.0758920E-03  -1.8327061E-03  -2.0263786E-03  -2.7931637E-05  -2.6969004E-01   4.6525300E-02  -2.6692065E+00   1.2980840E+01  -5.3345651E+00  -1.1850892E+01  -9.1746509E+00   5.9571455E+00   3.8418772E-03  -3.1635054E-01  -2.1238455E+00  -2.2362791E+00   6.4185110E-05   1.0806046E-03   8.7572573E-04   2.0361029E-03  -2.0350934E-03   2.3969591E-03  -7.6021591E-05   4.4614426E-05
  4.9782017E-07  -5.2363706E-05   6.0852032E-06   1.2448132E-04   1.0646384E-02  -2.1912434E-02  -8.7959180E-05   3.5261103E-04   3.4841917E-05   3.2605304E-01  -1.5683465E-02  -1.2285060E-01  -7.1344999E+00  -4.9471318E-01  -7.0667994E-01  -6.5226235E-01   3.8418772E-03   3.2686464E+00   5.6027395E-01   1.9846996E-01   2.1838081E-01   2.9951279E-05   9.5126757E-04   2.2042991E-03   2.1582491E-03   2.0521469E-03   1.3154914E-03   1.4130716E-04   2.6287824E-05
 -6.5458022E-06  -1.5966319E-05   7.4730552E-06   6.3441542E-05   5.3923934E-03  -9.2989169E-03  -5.1500732E-04  -2.5997455E-04  -4.0080062E-05   6.4968620E-01   6.2487698E-03   1.9242292E-01   5.7736012E+00  -1.1247997E+00  -4.2712496E-01  -1.2027158E+00  -3.1635054E-01   5.6027395E-01   3.1132943E+00   2.5905586E+00   2.5577691E+00   5.0006397E-04  -7.7672536E-05   3.5596050E-03  -1.2648300E-03  -8.4062472E-04  -2.8411168E-03  -1.6382013E-04  -3.5959614E-05
 -1.3102778E-05   3.7274205E-05  -3.2137212E-06  -7.7438895E-06  -5.7456976E-03   2.3052768E-02  -5.3722794E-04  -2.7096548E-04  -4.0330391E-05  -5.5863056E+00   9.2227412E-02   2.6173517E+00  -1.1518700E+01   3.0909594E+00   4.7203799E+00   5.2349599E+00  -2.1238455E+00   1.9846996E-01   2.5905586E+00   1.0357935E+01   1.8524359E+01   2.4497390E-03  -3.8437909E-04   4.0481606E-03  -3.8527211E-03   1.2530700E-03   1.8748187E-02  -2.2989727E-05   3.6647513E-04
  9.2098753E-06   6.9722304E-05  -7.0021874E-06  -1.0971208E-04  -1.5106820E-02   5.8270436E-02   1.5366424E-03   1.3099815E-03   8.2942582E-04  -3.2881555E+01   1.3616372E-01   3.0732642E+00  -2.1966305E+01   3.5247267E+00   7.6656611E+00   3.3043050E+01  -2.2362791E+00   2.1838081E-01   2.5577691E+00   1.8524359E+01   5.2239124E+01   5.4906998E-03  -9.0946429E-04   7.6336124E-03  -9.5331485E-04   2.9108380E-03   3.4105202E-02   7.2745829E-05   9.0856011E-04
  3.7407010E-09   3.1215606E-07  -6.2314485E-08  -5.2070742E-06   2.0403707E-04  -7.0281731E-04  -8.2078281E-06  -1.3431381E-06   4.3039254E-07  -3.6422532E-03   1.5647514E-06   4.6147305E-04  -1.1197493E-03  -4.1993399E-05  -1.8117993E-03   4.7233511E-03   6.4185110E-05   2.9951279E-05   5.0006397E-04   2.4497390E-03   5.4906998E-03   1.4744390E-03   2.6212178E-04   9.2669820E-05  -3.5177700E-04  -1.7843202E-04  -1.6188307E-04  -1.1170060E-07   1.0291655E-07
 -8.9755693E-08   4.3899950E-07   8.1753787E-08   1.6884817E-07   2.2269586E-05  -6.0452027E-05   1.5727938E-06  -3.2338708E-07   5.9796932E-07   1.3462119E-03   1.5450931E-04  -9.9052465E-04   1.2736770E-02   3.7509950E-03   2.1652993E-04  -3.3619445E-03   1.0806046E-03   9.5126757E-04  -7.7672536E-05  -3.8437909E-04  -9.0946429E-04   2.6212178E-04   8.6665955E-04   1.2665359E-05   7.4367267E-04   4.9266942E-05  -6.3355708E-04  -1.2276038E-07  -5.0727879E-08
 -2.4377963E-07   1.8145887E-06   8.3780998E-08  -5.7046563E-06  -2.5506152E-04   4.4471354E-04  -1.4108480E-05  -4.6395689E-06  -2.5690071E-06  -1.5598132E-03  -4.8167618E-06  -2.3913722E-04   6.5388729E-03  -5.0421481E-03  -6.4773570E-03  -8.1401703E-03   8.7572573E-04   2.2042991E-03   3.5596050E-03   4.0481606E-03   7.6336124E-03   9.2669820E-05   1.2665359E-05   6.9783725E-03  -2.7197302E-04   6.6946164E-04   4.3720331E-03   4.8721144E-07  -1.9150728E-07
 -2.1283325E-07   1.0698614E-06  -4.2126406E-08  -6.4208117E-07  -2.4203975E-04   6.1863367E-04   4.0942112E-06  -5.4776146E-07   2.1918367E-06  -5.8311826E-03   2.6137514E-04  -6.2808226E-04  -1.9180657E-02   1.5274316E-03   7.5483414E-03   9.1946950E-03   2.0361029E-03   2.1582491E-03  -1.2648300E-03  -3.8527211E-03  -9.5331485E-04  -3.5177700E-04   7.4367267E-04  -2.7197302E-04   2.8434316E-03   6.1871537E-04  -5.8239873E-04   1.5035841E-07  -1.0912617E-08
 -1.2274647E-07  -3.3973153E-08   2.6317516E-07  -1.5104686E-06   1.6691062E-04  -5.5720257E-04  -7.6344520E-07  -3.1994328E-06  -1.1122655E-06  -9.8848148E-03   2.8618945E-05   7.3698300E-04  -2.1449679E-02   3.9302342E-03   8.7261527E-03   2.1653891E-02  -2.0350934E-03   2.0521469E-03  -8.4062472E-04   1.2530700E-03   2.9108380E-03  -1.7843202E-04   4.9266942E-05   6.6946164E-04   6.1871537E-04   6.5385597E-03   7.9035609E-03   1.1317062E-06  -2.3607818E-07
 -1.5171232E-06   9.7811431E-06   3.9603954E-07  -3.3011384E-05   8.3858635E-05  -1.3658950E-03  -2.2374241E-05  -3.8329034E-05   5.1723801E-06   3.4807969E-03   5.2053417E-04  -4.5941107E-03   7.7130599E-02   3.8440946E-02  -5.7810826E-04  -1.6858018E-02   2.3969591E-03   1.3154914E-03  -2.8411168E-03   1.8748187E-02   3.4105202E-02  -1.6188307E-04  -6.3355708E-04   4.3720331E-03  -5.8239873E-04   7.9035609E-03   7.0836548E-02   4.2051618E-06   4.5574128E-06
  4.0472284E-09  -1.1820528E-08   2.2547845E-09  -1.0673936E-07   1.1382295E-06  -1.9286293E-06  -8.4042436E-08  -5.8360676E-08   2.6040874E-09  -2.6604730E-04   9.7493291E-06   9.6977304E-05   3.8216518E-03   1.2526865E-04   5.5126612E-04   5.9211691E-04  -7.6021591E-05   1.4130716E-04  -1.6382013E-04  -2.2989727E-05   7.2745829E-05  -1.1170060E-07  -1.2276038E-07   4.8721144E-07   1.5035841E-07   1.1317062E-06   4.2051618E-06   3.7209095E-07  -3.2873723E-09
 -2.7889974E-09   1.7483792E-08  -1.7164271E-09  -9.0842961E-08  -1.0128838E-06   1.7002948E-06  -1.7388263E-07  -1.1170274E-07  -6.8340746E-09   7.1377791E-04  -3.1285594E-06  -6.8900903E-05   8.1967082E-04   3.8441100E-05  -4.6795716E-04  -1.4156584E-03   4.4614426E-05   2.6287824E-05  -3.5959614E-05   3.6647513E-04   9.0856011E-04   1.0291655E-07  -5.0727879E-08  -1.9150728E-07  -1.0912617E-08  -2.3607818E-07   4.5574128E-06  -3.2873723E-09   3.9511898E-07
