# omegabh2 omegach2 theta mnu logA ns
  2.5311989E-07   2.1199213E-07  -2.4748652E-07  -4.5525112E-06  -1.9709278E-07   1.1264558E-07
  2.1199213E-07   1.5261476E-03   1.7601725E-03   4.7853834E-02  -6.6831351E-03  -1.0208270E-04
 -2.4748652E-07   1.7601725E-03   4.5272206E-03   5.2910846E-02  -2.5256898E-03  -3.6444391E-05
 -4.5525112E-06   4.7853834E-02   5.2910846E-02   1.8608527E+00  -2.0223612E-01  -3.1200499E-04
 -1.9709278E-07  -6.6831351E-03  -2.5256898E-03  -2.0223612E-01   4.2546446E-02   9.4933355E-04
  1.1264558E-07  -1.0208270E-04  -3.6444391E-05  -3.1200499E-04   9.4933355E-04   4.1243521E-04
