# omegabh2 omegach2 theta tau alpha1 logA ns calPlanck acib217 xi asz143 aps100 aps143 aps143217 aps217 aksz kgal100 kgal143 kgal143217 kgal217 cal0 cal2
  4.9287687E-08  -1.0357164E-07   1.5745674E-08   6.3943693E-07  -1.3502544E-07   1.3664617E-06   1.0928417E-07   3.9199312E-08  -1.3312411E-04   2.2502100E-06   2.5486957E-05  -5.4019856E-04  -4.7538886E-04  -2.3818446E-04  -1.0072731E-04  -3.5108792E-05  -7.3501404E-06  -6.5551861E-06  -1.8745906E-05   2.8910664E-05   1.3919698E-09  -2.5136958E-09
 -1.0357164E-07   2.7148896E-06  -3.6002303E-07  -5.8401684E-06  -6.4929062E-07  -5.7429381E-06  -7.5989257E-06  -5.2378273E-07   6.7255143E-04  -1.0342624E-05  -8.6890567E-05   2.1552216E-03   1.1216548E-03   2.1058717E-04  -5.7541192E-04   2.7205920E-04   2.4371804E-05   7.6814840E-05   5.2542008E-05  -3.2745351E-04  -2.8321177E-08  -1.4958297E-08
  1.5745674E-08  -3.6002303E-07   2.6341188E-07   5.7420750E-07   3.7241088E-07   2.4747704E-07   1.8476656E-06   6.5252309E-08  -1.4630429E-04   3.7427629E-06   2.9581709E-05  -5.8137566E-04  -2.0072794E-04   3.3176299E-05   1.8019134E-04  -7.0562869E-05  -1.7242873E-05  -1.9070691E-06   2.2696202E-05   8.6461171E-05  -1.1517973E-09   3.2929524E-09
  6.3943693E-07  -5.8401684E-06   5.7420750E-07   6.5345219E-05  -2.1595986E-06   1.1654321E-04   1.3580013E-05  -7.8390657E-07  -3.1306278E-03   2.9717670E-05   3.5493994E-04  -1.1086762E-02  -8.5250669E-03  -4.4362341E-03  -1.2306636E-03  -5.3117339E-04   2.7400426E-04   1.5704160E-04   6.2729049E-05   1.4835457E-03   7.1277417E-09   2.4761850E-08
 -1.3502544E-07  -6.4929062E-07   3.7241088E-07  -2.1595986E-06   2.7911065E-06  -8.3365329E-06   6.1760464E-06   2.4342661E-08  -3.4608856E-04   1.0145726E-05   1.7651718E-04  -2.1498832E-03   2.2269190E-04   1.0096350E-03   1.1821245E-03  -3.2871590E-04  -7.3541671E-06  -3.7803405E-05   1.2084873E-04   2.4238974E-04  -2.8096529E-08   3.4199216E-09
  1.3664617E-06  -5.7429381E-06   2.4747704E-07   1.1654321E-04  -8.3365329E-06   2.5016372E-04   3.9129160E-06   1.0175683E-05  -4.4158033E-03   6.5651886E-05   4.7631632E-04  -1.5588914E-02  -1.3421986E-02  -6.9177241E-03   5.0503671E-04  -1.1951638E-03   2.0040335E-04  -2.3810509E-04  -2.9821195E-04   3.6709242E-03   1.0816454E-07  -1.4803125E-08
  1.0928417E-07  -7.5989257E-06   1.8476656E-06   1.3580013E-05   6.1760464E-06   3.9129160E-06   4.1170371E-05   1.4231149E-06  -6.6152711E-03   1.2369367E-04   1.5777514E-03  -3.1920643E-02  -8.8809608E-03   3.4898033E-03   9.1472464E-03  -3.8166583E-03   3.6014160E-04  -4.9799654E-04  -3.4573880E-04   2.3386898E-03  -1.1609150E-07   1.2285167E-08
  3.9199312E-08  -5.2378273E-07   6.5252309E-08  -7.8390657E-07   2.4342661E-08   1.0175683E-05   1.4231149E-06   6.4766370E-06   7.3837404E-04  -4.8857674E-06   5.9032173E-05   2.1956884E-03   6.6530908E-04   4.0098996E-04   1.3114146E-03  -1.5238258E-04  -7.2075736E-06  -1.3662985E-04   4.4914134E-07   8.9085628E-04  -9.3174798E-09   2.5060671E-09
 -1.3312411E-04   6.7255143E-04  -1.4630429E-04  -3.1306278E-03  -3.4608856E-04  -4.4158033E-03  -6.6152711E-03   7.3837404E-04   4.5514447E+01  -4.0042193E-01  -5.7734969E-01   3.6071576E+01   3.2065886E+00  -1.1634772E+01  -5.4523898E+01  -4.1104569E-01   1.8513512E-01   2.9701960E-01  -6.2501030E+00  -3.4677165E+01  -1.2308458E-04   6.2144425E-04
  2.2502100E-06  -1.0342624E-05   3.7427629E-06   2.9717670E-05   1.0145726E-05   6.5651886E-05   1.2369367E-04  -4.8857674E-06  -4.0042193E-01   8.1713903E-02  -4.2010680E-02  -6.0971310E-01   8.7685102E-01   1.6487637E+00   6.3375913E-01   4.2406381E-02   7.4726849E-03   2.3302899E-02   1.1147253E-01   1.6362102E-01   3.8603108E-06  -1.7292737E-06
  2.5486957E-05  -8.6890567E-05   2.9581709E-05   3.5493994E-04   1.7651718E-04   4.7631632E-04   1.5777514E-03   5.9032173E-05  -5.7734969E-01  -4.2010680E-02   4.1321549E+00  -3.2089429E+01  -3.2017812E+00   8.6718470E+00   5.8492703E+00  -3.2102392E+00  -2.2976038E-01   1.2253330E-01   2.6920767E+00   3.0847976E+00   8.9632409E-05  -5.0589025E-05
 -5.4019856E-04   2.1552216E-03  -5.8137566E-04  -1.1086762E-02  -2.1498832E-03  -1.5588914E-02  -3.1920643E-02   2.1956884E-03   3.6071576E+01  -6.0971310E-01  -3.2089429E+01   7.9894206E+02   7.1572201E+01  -6.0157505E+01  -6.3270870E+01   1.6771983E+01  -6.1378354E+00   5.6669710E+00  -1.2486585E+01  -2.4579088E+01   4.0993798E-03   4.0473633E-04
 -4.7538886E-04   1.1216548E-03  -2.0072794E-04  -8.5250669E-03   2.2269190E-04  -1.3421986E-02  -8.8809608E-03   6.6530908E-04   3.2065886E+00   8.7685102E-01  -3.2017812E+00   7.1572201E+01   6.5038781E+01   4.2050120E+01   1.6365198E+01  -5.3554030E+00  -1.7294662E-01  -9.2717228E-01   4.0123405E+00   4.4049966E+00   2.0667764E-04   1.1831964E-04
 -2.3818446E-04   2.1058717E-04   3.3176299E-05  -4.4362341E-03   1.0096350E-03  -6.9177241E-03   3.4898033E-03   4.0098996E-04  -1.1634772E+01   1.6487637E+00   8.6718470E+00  -6.0157505E+01   4.2050120E+01   8.9912598E+01   5.6634298E+01  -1.3921864E+01  -6.4582509E-01  -3.8010416E-01   5.2227594E+00   7.6732685E+00   4.4166120E-04  -3.7884107E-04
 -1.0072731E-04  -5.7541192E-04   1.8019134E-04  -1.2306636E-03   1.1821245E-03   5.0503671E-04   9.1472464E-03   1.3114146E-03  -5.4523898E+01   6.3375913E-01   5.8492703E+00  -6.3270870E+01   1.6365198E+01   5.6634298E+01   1.0594561E+02  -1.0786935E+01  -6.5492674E-01  -8.2063825E-01   6.3030598E+00   3.4328013E+01   4.0422236E-04  -1.2448545E-03
 -3.5108792E-05   2.7205920E-04  -7.0562869E-05  -5.3117339E-04  -3.2871590E-04  -1.1951638E-03  -3.8166583E-03  -1.5238258E-04  -4.1104569E-01   4.2406381E-02  -3.2102392E+00   1.6771983E+01  -5.3554030E+00  -1.3921864E+01  -1.0786935E+01   6.8597479E+00   1.0608274E-01  -2.3000495E-01  -2.2333287E+00  -2.1110845E+00  -7.9352352E-05   1.9248319E-05
 -7.3501404E-06   2.4371804E-05  -1.7242873E-05   2.7400426E-04  -7.3541671E-06   2.0040335E-04   3.6014160E-04  -7.2075736E-06   1.8513512E-01   7.4726849E-03  -2.2976038E-01  -6.1378354E+00  -1.7294662E-01  -6.4582509E-01  -6.5492674E-01   1.0608274E-01   3.3906049E+00   5.7861099E-01   1.5908525E-01   2.6060438E-02   1.5127479E-04   2.2455490E-05
 -6.5551861E-06   7.6814840E-05  -1.9070691E-06   1.5704160E-04  -3.7803405E-05  -2.3810509E-04  -4.9799654E-04  -1.3662985E-04   2.9701960E-01   2.3302899E-02   1.2253330E-01   5.6669710E+00  -9.2717228E-01  -3.8010416E-01  -8.2063825E-01  -2.3000495E-01   5.7861099E-01   3.0957543E+00   2.6848273E+00   2.7062140E+00  -1.9110489E-04  -2.7868463E-05
 -1.8745906E-05   5.2542008E-05   2.2696202E-05   6.2729049E-05   1.2084873E-04  -2.9821195E-04  -3.4573880E-04   4.4914134E-07  -6.2501030E+00   1.1147253E-01   2.6920767E+00  -1.2486585E+01   4.0123405E+00   5.2227594E+00   6.3030598E+00  -2.2333287E+00   1.5908525E-01   2.6848273E+00   1.1081535E+01   1.9811862E+01  -4.5712564E-05   3.9478145E-04
  2.8910664E-05  -3.2745351E-04   8.6461171E-05   1.4835457E-03   2.4238974E-04   3.6709242E-03   2.3386898E-03   8.9085628E-04  -3.4677165E+01   1.6362102E-01   3.0847976E+00  -2.4579088E+01   4.4049966E+00   7.6732685E+00   3.4328013E+01  -2.1110845E+00   2.6060438E-02   2.7062140E+00   1.9811862E+01   5.5036179E+01   2.2501357E-06   9.4390029E-04
  1.3919698E-09  -2.8321177E-08  -1.1517973E-09   7.1277417E-09  -2.8096529E-08   1.0816454E-07  -1.1609150E-07  -9.3174798E-09  -1.2308458E-04   3.8603108E-06   8.9632409E-05   4.0993798E-03   2.0667764E-04   4.4166120E-04   4.0422236E-04  -7.9352352E-05   1.5127479E-04  -1.9110489E-04  -4.5712564E-05   2.2501357E-06   3.7491714E-07  -1.3326322E-09
 -2.5136958E-09  -1.4958297E-08   3.2929524E-09   2.4761850E-08   3.4199216E-09  -1.4803125E-08   1.2285167E-08   2.5060671E-09   6.2144425E-04  -1.7292737E-06  -5.0589025E-05   4.0473633E-04   1.1831964E-04  -3.7884107E-04  -1.2448545E-03   1.9248319E-05   2.2455490E-05  -2.7868463E-05   3.9478145E-04   9.4390029E-04  -1.3326322E-09   3.7247805E-07
