# omegabh2 omegach2 theta tau meffsterile nnu logA ns calPlanck acib217 xi asz143 aps100 aps143 aps143217 aps217 aksz kgal100 kgal143 kgal143217 kgal217 galfTE100 galfTE100143 galfTE100217 galfTE143 galfTE143217 galfTE217 cal0 cal2
  2.1610896E-08   9.1668918E-08  -1.5408988E-09   2.2142974E-07  -3.4367092E-06   5.9323998E-06   6.4315044E-07   3.6233639E-07   1.3919928E-08  -3.2272618E-05   9.7918923E-08   1.4430790E-05  -2.4638924E-04  -1.5127680E-04  -5.6061217E-05  -8.3514019E-06  -1.9239225E-05   5.5960892E-06   2.3243793E-06  -4.9119644E-06  -4.3876420E-06   4.3449031E-08  -3.0968593E-08   2.2719823E-07  -3.3482110E-07  -3.2036487E-07  -1.6189651E-06   1.4262259E-09  -8.5208005E-10
  9.1668918E-08   9.5653255E-06  -3.6519084E-07  -2.2128016E-07  -5.1942143E-04   1.8706303E-04   9.0026776E-06   7.3302469E-06  -6.9708004E-08   1.2158367E-03  -1.6195187E-05  -2.3746962E-04   6.8779135E-03   1.5786962E-03  -1.6135198E-04  -1.3997883E-03   5.9550935E-04   2.1244359E-04   2.5719005E-04   2.5103002E-04  -1.0368352E-04   1.2850909E-06  -8.8130255E-07  -4.0199473E-07  -2.2381342E-06   2.3068953E-06  -5.3297082E-06   6.5118258E-09   1.5007595E-08
 -1.5408988E-09  -3.6519084E-07   1.0147644E-07   6.5942148E-08   1.1369145E-05  -1.2623770E-05  -3.2259516E-07  -3.3308663E-07   1.9873725E-08  -5.8267789E-05   1.5274834E-06   7.8636548E-06  -3.8914432E-04  -9.8042561E-05  -6.5070328E-06   2.6412917E-05  -1.8521648E-05  -1.9936565E-06  -9.4873208E-06  -6.9039912E-06   1.6190331E-05  -9.8459234E-08  -3.5014232E-08   3.2844569E-07  -2.2797440E-07  -1.8508399E-07  -3.8352850E-07  -1.8843863E-10   1.1651732E-09
  2.2142974E-07  -2.2128016E-07   6.5942148E-08   4.9835931E-05  -3.5801704E-05   6.2414752E-05   9.4625409E-05   9.1222877E-06  -8.9342225E-07  -1.0484879E-03  -5.2920184E-06   3.9410454E-04  -8.5903373E-03  -4.0225555E-03  -1.2080494E-03   2.6386375E-04  -6.8247014E-04  -4.4927956E-05  -6.6561870E-05  -3.6764889E-04  -5.1071267E-04   3.7327262E-06  -1.2086455E-06   8.2911377E-06  -9.2410185E-07   3.4067350E-06  -3.1733807E-05  -5.7834501E-08  -2.5055235E-08
 -3.4367092E-06  -5.1942143E-04   1.1369145E-05  -3.5801704E-05   4.0480963E-02  -5.1464789E-03  -3.5058656E-04  -3.8351872E-04  -2.9062257E-06  -4.7336595E-02  -1.4158607E-04   6.4147261E-03  -1.6545420E-01   1.2746176E-03   3.5006842E-02   9.6978067E-02  -1.9430039E-02  -1.0050149E-02  -9.2206117E-03  -6.8123299E-03   9.4839741E-03  -4.2129638E-05   5.6887376E-05   2.1668808E-04   1.4510093E-04  -1.7152868E-04   9.8131810E-04  -2.9924392E-07  -1.5005948E-06
  5.9323998E-06   1.8706303E-04  -1.2623770E-05   6.2414752E-05  -5.1464789E-03   7.9079227E-03   4.1827642E-04   3.0871108E-04   2.1782110E-06   4.0455870E-02  -1.1221481E-03  -6.6458574E-03   2.2886819E-01   6.3931948E-02   5.1402109E-04  -2.4854152E-02   1.8151486E-02   6.7114176E-03   9.3919101E-03   9.8063804E-03  -2.4148402E-03   5.8664595E-05  -1.3735347E-05   1.2726774E-04  -5.4505414E-05  -3.8791385E-05  -1.4166767E-04   1.4294230E-07   2.0817778E-07
  6.4315044E-07   9.0026776E-06  -3.2259516E-07   9.4625409E-05  -3.5058656E-04   4.1827642E-04   2.1991279E-04   2.4820840E-05   9.4660531E-06  -8.0886994E-04   4.4615356E-07   3.3346300E-04  -1.6446761E-03  -2.6421320E-03   3.3265100E-04   4.8908525E-03  -1.0428908E-03  -8.9607464E-05  -2.0260787E-04  -5.2508146E-04   5.8935681E-04   1.0829563E-05  -4.8527063E-06   5.0766776E-06  -9.6239112E-06   5.7711559E-07  -5.7050886E-05   4.8144611E-08  -1.0345906E-07
  3.6233639E-07   7.3302469E-06  -3.3308663E-07   9.1222877E-06  -3.8351872E-04   3.0871108E-04   2.4820840E-05   2.6290975E-05   3.2382290E-07  -1.8649333E-03   3.1297024E-05   6.6806187E-04  -1.3895876E-02  -3.5492586E-03   1.7219651E-03   3.1579392E-03  -1.5139115E-03   5.7938507E-04   2.2987382E-05  -1.6322421E-04   3.3480446E-04   2.9432824E-06  -3.5562057E-07   7.6581119E-06  -5.8365625E-06   1.8938410E-06  -1.9796780E-05  -9.4966141E-08  -3.3041610E-08
  1.3919928E-08  -6.9708004E-08   1.9873725E-08  -8.9342225E-07  -2.9062257E-06   2.1782110E-06   9.4660531E-06   3.2382290E-07   5.7358705E-06   6.0709498E-04  -5.2255378E-06   1.8150904E-05   3.9233752E-03   8.1565430E-04   3.9510764E-04   1.3004397E-03   3.1614965E-05   4.2593625E-06   6.5607041E-05   1.3173188E-04   8.4853942E-04   9.2834073E-07  -7.5931750E-07  -7.5827196E-06  -2.2694101E-06  -3.2372415E-06   6.4027653E-07   7.3436035E-09  -1.8415261E-08
 -3.2272618E-05   1.2158367E-03  -5.8267789E-05  -1.0484879E-03  -4.7336595E-02   4.0455870E-02  -8.0886994E-04  -1.8649333E-03   6.0709498E-04   4.3366662E+01  -3.8243734E-01  -6.0166041E-01   3.3108550E+01   1.1488257E+00  -1.2513739E+01  -5.3591847E+01  -1.4456184E-01   1.8114618E-01   3.6248344E-01  -5.5581297E+00  -3.2295520E+01  -8.8408530E-04   2.0488781E-03  -4.1488675E-03  -7.1822070E-04  -6.7102639E-03  -1.9427859E-02  -1.3964962E-04   7.2488601E-04
  9.7918923E-08  -1.6195187E-05   1.5274834E-06  -5.2920184E-06  -1.4158607E-04  -1.1221481E-03   4.4615356E-07   3.1297024E-05  -5.2255378E-06  -3.8243734E-01   8.1377554E-02  -4.0823190E-02  -6.7194580E-01   9.1486685E-01   1.6969331E+00   6.3191078E-01   3.8300518E-02  -4.0840333E-03   4.1031103E-03   1.0158008E-01   1.3301261E-01   1.0072195E-04   2.5203943E-05   2.0849930E-04  -1.1898452E-04   5.3451952E-04   1.7858802E-03   1.5606710E-06  -2.9468075E-07
  1.4430790E-05  -2.3746962E-04   7.8636548E-06   3.9410454E-04   6.4147261E-03  -6.6458574E-03   3.3346300E-04   6.6806187E-04   1.8150904E-05  -6.0166041E-01  -4.0823190E-02   3.8639527E+00  -3.0399691E+01  -3.1889739E+00   7.6491326E+00   5.0300910E+00  -2.7330059E+00  -1.9588827E-01   1.1926467E-01   2.5737212E+00   3.0114396E+00  -7.1090458E-04  -4.6660721E-04   2.7544699E-04   1.7853969E-03   2.3182483E-04  -4.3752913E-03   9.9764111E-05  -3.9745460E-05
 -2.4638924E-04   6.8779135E-03  -3.8914432E-04  -8.5903373E-03  -1.6545420E-01   2.2886819E-01  -1.6446761E-03  -1.3895876E-02   3.9233752E-03   3.3108550E+01  -6.7194580E-01  -3.0399691E+01   7.7934722E+02   6.5895120E+01  -5.6581585E+01  -5.7224287E+01   1.5089733E+01  -5.7152066E+00   6.0851347E+00  -1.2214668E+01  -2.1775701E+01   4.0389499E-03   2.9950812E-03  -2.6540252E-03   3.2040977E-05  -4.5890925E-02  -1.1564761E-01   3.9452192E-03   4.4524661E-04
 -1.5127680E-04   1.5786962E-03  -9.8042561E-05  -4.0225555E-03   1.2746176E-03   6.3931948E-02  -2.6421320E-03  -3.5492586E-03   8.1565430E-04   1.1488257E+00   9.1486685E-01  -3.1889739E+00   6.5895120E+01   6.1189187E+01   4.0433041E+01   1.5899940E+01  -4.7872984E+00  -4.3242228E-01  -1.3067427E+00   3.4744937E+00   4.6486969E+00  -5.7899675E-04  -2.5658420E-03   1.0920698E-03  -3.6507143E-03   3.5060405E-03   3.0688625E-02   7.2476815E-05   1.0813094E-04
 -5.6061217E-05  -1.6135198E-04  -6.5070328E-06  -1.2080494E-03   3.5006842E-02   5.1402109E-04   3.3265100E-04   1.7219651E-03   3.9510764E-04  -1.2513739E+01   1.6969331E+00   7.6491326E+00  -5.6581585E+01   4.0433041E+01   8.5491765E+01   5.2599937E+01  -1.1970286E+01  -6.5038791E-01  -7.2562958E-01   4.6272953E+00   7.4731451E+00   4.6927944E-04  -3.6631325E-03   3.8505775E-03   2.8831459E-03   1.4171167E-02   3.6866708E-02   3.3041599E-04  -3.5473862E-04
 -8.3514019E-06  -1.3997883E-03   2.6412917E-05   2.6386375E-04   9.6978067E-02  -2.4854152E-02   4.8908525E-03   3.1579392E-03   1.3004397E-03  -5.3591847E+01   6.3191078E-01   5.0300910E+00  -5.7224287E+01   1.5899940E+01   5.2599937E+01   1.0173180E+02  -9.1912263E+00  -5.7246488E-01  -9.6972017E-01   5.1090432E+00   3.2141745E+01   2.5537656E-04  -6.4723779E-03   2.3040582E-03   5.8292548E-03   1.0005821E-02   1.2300317E-02   3.5099405E-04  -1.3351987E-03
 -1.9239225E-05   5.9550935E-04  -1.8521648E-05  -6.8247014E-04  -1.9430039E-02   1.8151486E-02  -1.0428908E-03  -1.5139115E-03   3.1614965E-05  -1.4456184E-01   3.8300518E-02  -2.7330059E+00   1.5089733E+01  -4.7872984E+00  -1.1970286E+01  -9.1912263E+00   5.8896596E+00   1.1008236E-01  -1.9211930E-01  -1.9599153E+00  -2.0780735E+00   1.2420980E-03   7.4514683E-04  -1.0850659E-03   1.0132931E-04  -3.6023282E-04   7.4338070E-03  -4.4086008E-05   5.4253324E-06
  5.5960892E-06   2.1244359E-04  -1.9936565E-06  -4.4927956E-05  -1.0050149E-02   6.7114176E-03  -8.9607464E-05   5.7938507E-04   4.2593625E-06   1.8114618E-01  -4.0840333E-03  -1.9588827E-01  -5.7152066E+00  -4.3242228E-01  -6.5038791E-01  -5.7246488E-01   1.1008236E-01   3.3943714E+00   5.7927964E-01   1.7309456E-01   1.6631170E-01  -1.7439188E-04  -1.5358349E-04   7.3388291E-04  -8.9282007E-04   1.8760063E-03   1.1217408E-02   1.7672008E-04   1.3674164E-05
  2.3243793E-06   2.5719005E-04  -9.4873208E-06  -6.6561870E-05  -9.2206117E-03   9.3919101E-03  -2.0260787E-04   2.2987382E-05   6.5607041E-05   3.6248344E-01   4.1031103E-03   1.1926467E-01   6.0851347E+00  -1.3067427E+00  -7.2562958E-01  -9.6972017E-01  -1.9211930E-01   5.7927964E-01   3.2476638E+00   2.7635245E+00   3.0279193E+00  -1.8652965E-04  -4.2682512E-04  -7.9665492E-04   3.5867372E-05  -1.7077552E-03  -3.6003419E-03  -1.9574751E-04  -2.9953772E-05
 -4.9119644E-06   2.5103002E-04  -6.9039912E-06  -3.6764889E-04  -6.8123299E-03   9.8063804E-03  -5.2508146E-04  -1.6322421E-04   1.3173188E-04  -5.5581297E+00   1.0158008E-01   2.5737212E+00  -1.2214668E+01   3.4744937E+00   4.6272953E+00   5.1090432E+00  -1.9599153E+00   1.7309456E-01   2.7635245E+00   1.0788277E+01   1.9143702E+01  -6.9283547E-04   9.3524656E-04   1.9215707E-03   1.3132847E-03  -2.6201416E-03   8.2131532E-03  -3.7306674E-05   4.0636511E-04
 -4.3876420E-06  -1.0368352E-04   1.6190331E-05  -5.1071267E-04   9.4839741E-03  -2.4148402E-03   5.8935681E-04   3.3480446E-04   8.4853942E-04  -3.2295520E+01   1.3301261E-01   3.0114396E+00  -2.1775701E+01   4.6486969E+00   7.4731451E+00   3.2141745E+01  -2.0780735E+00   1.6631170E-01   3.0279193E+00   1.9143702E+01   5.2677680E+01  -1.9103876E-04   1.3351080E-03   6.6981068E-03   1.9720730E-03  -2.5552857E-03   2.6310018E-02   3.0393082E-05   8.7323406E-04
  4.3449031E-08   1.2850909E-06  -9.8459234E-08   3.7327262E-06  -4.2129638E-05   5.8664595E-05   1.0829563E-05   2.9432824E-06   9.2834073E-07  -8.8408530E-04   1.0072195E-04  -7.1090458E-04   4.0389499E-03  -5.7899675E-04   4.6927944E-04   2.5537656E-04   1.2420980E-03  -1.7439188E-04  -1.8652965E-04  -6.9283547E-04  -1.9103876E-04   1.4700442E-03   2.6950815E-04   7.6030822E-05  -3.7764206E-04  -8.3574303E-05  -4.4880632E-05   2.8995717E-07   1.0735765E-07
 -3.0968593E-08  -8.8130255E-07  -3.5014232E-08  -1.2086455E-06   5.6887376E-05  -1.3735347E-05  -4.8527063E-06  -3.5562057E-07  -7.5931750E-07   2.0488781E-03   2.5203943E-05  -4.6660721E-04   2.9950812E-03  -2.5658420E-03  -3.6631325E-03  -6.4723779E-03   7.4514683E-04  -1.5358349E-04  -4.2682512E-04   9.3524656E-04   1.3351080E-03   2.6950815E-04   8.7849456E-04   5.5151740E-05   7.9275644E-04   7.3410947E-05  -7.2504196E-04   2.7203820E-08   3.1903691E-07
  2.2719823E-07  -4.0199473E-07   3.2844569E-07   8.2911377E-06   2.1668808E-04   1.2726774E-04   5.0766776E-06   7.6581119E-06  -7.5827196E-06  -4.1488675E-03   2.0849930E-04   2.7544699E-04  -2.6540252E-03   1.0920698E-03   3.8505775E-03   2.3040582E-03  -1.0850659E-03   7.3388291E-04  -7.9665492E-04   1.9215707E-03   6.6981068E-03   7.6030822E-05   5.5151740E-05   7.2797034E-03  -3.0944286E-04   5.8894328E-04   4.4852681E-03  -1.0888187E-08   1.2508406E-06
 -3.3482110E-07  -2.2381342E-06  -2.2797440E-07  -9.2410185E-07   1.4510093E-04  -5.4505414E-05  -9.6239112E-06  -5.8365625E-06  -2.2694101E-06  -7.1822070E-04  -1.1898452E-04   1.7853969E-03   3.2040977E-05  -3.6507143E-03   2.8831459E-03   5.8292548E-03   1.0132931E-04  -8.9282007E-04   3.5867372E-05   1.3132847E-03   1.9720730E-03  -3.7764206E-04   7.9275644E-04  -3.0944286E-04   3.0112264E-03   5.2183104E-04  -1.3865104E-03  -1.0583382E-07   1.4818111E-07
 -3.2036487E-07   2.3068953E-06  -1.8508399E-07   3.4067350E-06  -1.7152868E-04  -3.8791385E-05   5.7711559E-07   1.8938410E-06  -3.2372415E-06  -6.7102639E-03   5.3451952E-04   2.3182483E-04  -4.5890925E-02   3.5060405E-03   1.4171167E-02   1.0005821E-02  -3.6023282E-04   1.8760063E-03  -1.7077552E-03  -2.6201416E-03  -2.5552857E-03  -8.3574303E-05   7.3410947E-05   5.8894328E-04   5.2183104E-04   6.4248669E-03   8.0350532E-03  -5.0959396E-08  -5.4253619E-07
 -1.6189651E-06  -5.3297082E-06  -3.8352850E-07  -3.1733807E-05   9.8131810E-04  -1.4166767E-04  -5.7050886E-05  -1.9796780E-05   6.4027653E-07  -1.9427859E-02   1.7858802E-03  -4.3752913E-03  -1.1564761E-01   3.0688625E-02   3.6866708E-02   1.2300317E-02   7.4338070E-03   1.1217408E-02  -3.6003419E-03   8.2131532E-03   2.6310018E-02  -4.4880632E-05  -7.2504196E-04   4.4852681E-03  -1.3865104E-03   8.0350532E-03   7.2076103E-02   2.0616372E-06  -4.2867891E-08
  1.4262259E-09   6.5118258E-09  -1.8843863E-10  -5.7834501E-08  -2.9924392E-07   1.4294230E-07   4.8144611E-08  -9.4966141E-08   7.3436035E-09  -1.3964962E-04   1.5606710E-06   9.9764111E-05   3.9452192E-03   7.2476815E-05   3.3041599E-04   3.5099405E-04  -4.4086008E-05   1.7672008E-04  -1.9574751E-04  -3.7306674E-05   3.0393082E-05   2.8995717E-07   2.7203820E-08  -1.0888187E-08  -1.0583382E-07  -5.0959396E-08   2.0616372E-06   3.7548747E-07   4.5937236E-10
 -8.5208005E-10   1.5007595E-08   1.1651732E-09  -2.5055235E-08  -1.5005948E-06   2.0817778E-07  -1.0345906E-07  -3.3041610E-08  -1.8415261E-08   7.2488601E-04  -2.9468075E-07  -3.9745460E-05   4.4524661E-04   1.0813094E-04  -3.5473862E-04  -1.3351987E-03   5.4253324E-06   1.3674164E-05  -2.9953772E-05   4.0636511E-04   8.7323406E-04   1.0735765E-07   3.1903691E-07   1.2508406E-06   1.4818111E-07  -5.4253619E-07  -4.2867891E-08   4.5937236E-10   3.8139588E-07
