# omegabh2 omegach2 theta tau logA ns r calPlanck acib217 xi asz143 aps100 aps143 aps143217 aps217 aksz kgal100 kgal143 kgal143217 kgal217 cal0 cal2
    0.5201476E-07   -0.2430544E-06    0.4615706E-07    0.1748117E-05    0.3069518E-05    0.7328873E-06    0.1003019E-06    0.1893357E-07   -0.2064418E-03    0.4160304E-05    0.5584160E-04   -0.9514565E-03   -0.5426582E-03   -0.1485576E-03    0.7553734E-05   -0.7747961E-04    0.3903935E-05    0.1783721E-05   -0.1462962E-04    0.1567003E-04    0.1892430E-08   -0.1990657E-07
   -0.2430544E-06    0.4223870E-05   -0.4069452E-06   -0.1598042E-04   -0.2218745E-04   -0.9939586E-05   -0.5675222E-05   -0.1311629E-06    0.4485297E-03   -0.1268847E-04   -0.1827691E-03    0.2649648E-02    0.2262855E-02    0.1003686E-02    0.6417091E-03    0.2095899E-03   -0.2771622E-04    0.4268821E-04    0.1491778E-03    0.2075577E-03   -0.4351094E-07    0.4855973E-07
    0.4615706E-07   -0.4069452E-06    0.2150877E-06    0.2203008E-05    0.3690456E-05    0.1258942E-05    0.3583559E-06    0.3183998E-07   -0.8683336E-04    0.3400811E-05    0.2014690E-04   -0.4027229E-03   -0.2708292E-03   -0.9358984E-04   -0.3247356E-04   -0.3406070E-04    0.6370048E-05   -0.5802187E-05   -0.7385950E-05    0.7052391E-05    0.5275645E-08   -0.1423277E-08
    0.1748117E-05   -0.1598042E-04    0.2203008E-05    0.3546127E-03    0.6694225E-03    0.5439489E-04   -0.4150672E-04   -0.1066117E-05   -0.1593649E-01    0.2822222E-03    0.3274197E-02   -0.6673436E-01   -0.2844463E-01   -0.2492913E-02    0.9970223E-02   -0.6268327E-02   -0.1251178E-03   -0.2042690E-03   -0.3022324E-02   -0.1762805E-02   -0.5526102E-07   -0.2120638E-05
    0.3069518E-05   -0.2218745E-04    0.3690456E-05    0.6694225E-03    0.1310648E-02    0.8409235E-04   -0.9974998E-04    0.1001904E-04   -0.3066242E-01    0.5849397E-03    0.6283894E-02   -0.1230261E+00   -0.5017042E-01    0.6966593E-03    0.2712389E-01   -0.1309990E-01   -0.6193550E-03   -0.9260497E-03   -0.6269131E-02   -0.2027431E-02    0.4582883E-07   -0.4270583E-05
    0.7328873E-06   -0.9939586E-05    0.1258942E-05    0.5439489E-04    0.8409235E-04    0.3507961E-04    0.2561639E-04    0.3828235E-06   -0.6207366E-02    0.1577621E-03    0.1600869E-02   -0.3355940E-01   -0.1136704E-01    0.1125823E-02    0.4946756E-02   -0.3063311E-02    0.3414145E-03   -0.2922489E-03   -0.1037497E-02   -0.2826806E-03   -0.1302571E-06   -0.6347489E-06
    0.1003019E-06   -0.5675222E-05    0.3583559E-06   -0.4150672E-04   -0.9974998E-04    0.2561639E-04    0.1227631E-02    0.1592331E-05   -0.1527541E-02    0.1972383E-03    0.8589395E-03   -0.1926136E-01   -0.2312477E-02    0.3868904E-02    0.9983372E-03   -0.1229431E-02   -0.7454793E-03   -0.7342833E-03   -0.5848384E-03   -0.6857159E-03   -0.4399171E-06   -0.3542322E-06
    0.1893357E-07   -0.1311629E-06    0.3183998E-07   -0.1066117E-05    0.1001904E-04    0.3828235E-06    0.1592331E-05    0.6196860E-05    0.9330505E-03   -0.2612549E-05    0.5494774E-04    0.3276921E-02    0.5100488E-03    0.4726347E-03    0.1101095E-02   -0.9445471E-04   -0.1063762E-04   -0.3453092E-04   -0.7186062E-04    0.4634056E-03   -0.1251657E-07   -0.4634901E-07
   -0.2064418E-03    0.4485297E-03   -0.8683336E-04   -0.1593649E-01   -0.3066242E-01   -0.6207366E-02   -0.1527541E-02    0.9330505E-03    0.4352471E+02   -0.4872125E+00   -0.1777325E+01    0.4511683E+02    0.1423716E+01   -0.2068787E+02   -0.6075446E+02    0.5497548E+00    0.3221285E-01    0.1877325E-01   -0.2115112E+01   -0.1852149E+02   -0.2313272E-03    0.4384405E-02
    0.4160304E-05   -0.1268847E-04    0.3400811E-05    0.2822222E-03    0.5849397E-03    0.1577621E-03    0.1972383E-03   -0.2612549E-05   -0.4872125E+00    0.8100281E-01   -0.6437667E-01   -0.6131147E+00    0.9907055E+00    0.1879760E+01    0.7546031E+00    0.5930093E-01   -0.3353342E-02    0.3291807E-02    0.1135989E+00    0.1152241E+00    0.6878245E-05   -0.1707670E-04
    0.5584160E-04   -0.1827691E-03    0.2014690E-04    0.3274197E-02    0.6283894E-02    0.1600869E-02    0.8589395E-03    0.5494774E-04   -0.1777325E+01   -0.6437667E-01    0.3687797E+01   -0.2904573E+02   -0.3987296E+01    0.7728921E+01    0.6702173E+01   -0.2605299E+01   -0.1760701E+00    0.1729087E-01    0.2218468E+01    0.1999731E+01    0.1821906E-03   -0.3732346E-03
   -0.9514565E-03    0.2649648E-02   -0.4027229E-03   -0.6673436E-01   -0.1230261E+00   -0.3355940E-01   -0.1926136E-01    0.3276921E-02    0.4511683E+02   -0.6131147E+00   -0.2904573E+02    0.7751339E+03    0.7035515E+02   -0.6166765E+02   -0.7241153E+02    0.1345753E+02   -0.3619871E+01    0.3476285E+01   -0.1006510E+02   -0.1510926E+02    0.6278060E-02    0.4681620E-02
   -0.5426582E-03    0.2262855E-02   -0.2708292E-03   -0.2844463E-01   -0.5017042E-01   -0.1136704E-01   -0.2312477E-02    0.5100488E-03    0.1423716E+01    0.9907055E+00   -0.3987296E+01    0.7035515E+02    0.6278282E+02    0.4518127E+02    0.1788312E+02   -0.4044906E+01   -0.2403712E+00   -0.1041282E+01    0.4131593E+01    0.3947095E+01    0.1479976E-03    0.2679500E-03
   -0.1485576E-03    0.1003686E-02   -0.9358984E-04   -0.2492913E-02    0.6966593E-03    0.1125823E-02    0.3868904E-02    0.4726347E-03   -0.2068787E+02    0.1879760E+01    0.7728921E+01   -0.6166765E+02    0.4518127E+02    0.9998027E+02    0.6732455E+02   -0.1189022E+02   -0.6905973E+00   -0.5013676E+00    0.4925874E+01    0.5239181E+01    0.7725616E-03   -0.2539172E-02
    0.7553734E-05    0.6417091E-03   -0.3247356E-04    0.9970223E-02    0.2712389E-01    0.4946756E-02    0.9983372E-03    0.1101095E-02   -0.6075446E+02    0.7546031E+00    0.6702173E+01   -0.7241153E+02    0.1788312E+02    0.6732455E+02    0.1220362E+03   -0.1027983E+02   -0.4891434E+00   -0.3700972E+00   -0.4732804E+00    0.1478512E+02    0.7007524E-03   -0.7696550E-02
   -0.7747961E-04    0.2095899E-03   -0.3406070E-04   -0.6268327E-02   -0.1309990E-01   -0.3063311E-02   -0.1229431E-02   -0.9445471E-04    0.5497548E+00    0.5930093E-01   -0.2605299E+01    0.1345753E+02   -0.4044906E+01   -0.1189022E+02   -0.1027983E+02    0.5911959E+01    0.1276744E+00   -0.5471486E-01   -0.1647521E+01   -0.1259134E+01   -0.1235994E-03    0.2200185E-03
    0.3903935E-05   -0.2771622E-04    0.6370048E-05   -0.1251178E-03   -0.6193550E-03    0.3414145E-03   -0.7454793E-03   -0.1063762E-04    0.3221285E-01   -0.3353342E-02   -0.1760701E+00   -0.3619871E+01   -0.2403712E+00   -0.6905973E+00   -0.4891434E+00    0.1276744E+00    0.3495977E+01    0.4344986E+00    0.1967563E+00    0.2985682E+00    0.2947052E-03    0.1914342E-04
    0.1783721E-05    0.4268821E-04   -0.5802187E-05   -0.2042690E-03   -0.9260497E-03   -0.2922489E-03   -0.7342833E-03   -0.3453092E-04    0.1877325E-01    0.3291807E-02    0.1729087E-01    0.3476285E+01   -0.1041282E+01   -0.5013676E+00   -0.3700972E+00   -0.5471486E-01    0.4344986E+00    0.3422635E+01    0.2686419E+01    0.1954238E+01   -0.2996109E-03   -0.1954741E-03
   -0.1462962E-04    0.1491778E-03   -0.7385950E-05   -0.3022324E-02   -0.6269131E-02   -0.1037497E-02   -0.5848384E-03   -0.7186062E-04   -0.2115112E+01    0.1135989E+00    0.2218468E+01   -0.1006510E+02    0.4131593E+01    0.4925874E+01   -0.4732804E+00   -0.1647521E+01    0.1967563E+00    0.2686419E+01    0.1725105E+02    0.2576422E+02   -0.1334122E-04    0.2509375E-02
    0.1567003E-04    0.2075577E-03    0.7052391E-05   -0.1762805E-02   -0.2027431E-02   -0.2826806E-03   -0.6857159E-03    0.4634056E-03   -0.1852149E+02    0.1152241E+00    0.1999731E+01   -0.1510926E+02    0.3947095E+01    0.5239181E+01    0.1478512E+02   -0.1259134E+01    0.2985682E+00    0.1954238E+01    0.2576422E+02    0.5433850E+02    0.4300644E-04    0.4499017E-02
    0.1892430E-08   -0.4351094E-07    0.5275645E-08   -0.5526102E-07    0.4582883E-07   -0.1302571E-06   -0.4399171E-06   -0.1251657E-07   -0.2313272E-03    0.6878245E-05    0.1821906E-03    0.6278060E-02    0.1479976E-03    0.7725616E-03    0.7007524E-03   -0.1235994E-03    0.2947052E-03   -0.2996109E-03   -0.1334122E-04    0.4300644E-04    0.6133925E-06    0.2196680E-08
   -0.1990657E-07    0.4855973E-07   -0.1423277E-08   -0.2120638E-05   -0.4270583E-05   -0.6347489E-06   -0.3542322E-06   -0.4634901E-07    0.4384405E-02   -0.1707670E-04   -0.3732346E-03    0.4681620E-02    0.2679500E-03   -0.2539172E-02   -0.7696550E-02    0.2200185E-03    0.1914342E-04   -0.1954741E-03    0.2509375E-02    0.4499017E-02    0.2196680E-08    0.2098386E-05
