# omegabh2 omegach2 theta tau logA ns calPlanck aps100 aps143 aps217 acib217 asz143 psr cibr xi aksz dust100 dust143 dust217 dust143x217 cal0 cal2 calTE calEE
  1.9482817E-08  -3.2666292E-08   9.3171094E-09   2.4457572E-07   4.7562902E-07   1.3999162E-07   3.6241567E-09  -3.3608164E-04  -2.2323207E-04   2.5842455E-05  -7.5447491E-05   8.7477435E-06   5.0423093E-07  -1.3618372E-06   2.9199047E-07  -2.7696273E-05   1.1341387E-07   2.9563572E-07   3.3264137E-07  -7.6736211E-07  -4.5274355E-09  -2.1108701E-09  -1.1551287E-07  -2.4357072E-07
 -3.2666292E-08   7.8500079E-07  -3.7128660E-08  -1.9180555E-06  -2.5233715E-06  -1.6369251E-06  -2.0668994E-07   7.1568374E-04   8.9321805E-05  -3.3870271E-04   1.0301397E-04  -9.5140714E-06  -6.9808718E-07   3.4746321E-06   6.7573994E-06   1.0524495E-04   2.8187178E-06   7.1467407E-06   1.1143694E-06   6.1238866E-06  -8.9675373E-09  -4.7689712E-09  -3.6308901E-07  -6.9001539E-07
  9.3171094E-09  -3.7128660E-08   8.7605032E-08   2.4179591E-07   4.8923054E-07   2.8112958E-07   1.4832957E-08  -4.0338799E-04  -4.4300938E-05   7.8327261E-05  -5.0795432E-05   2.6369797E-05  -3.1281541E-09   1.9793845E-07   1.8370695E-06  -1.9126294E-05  -9.7827792E-07  -1.3115795E-06  -1.7378069E-07  -8.8371145E-07  -3.0550236E-09  -1.7964980E-08  -5.4952291E-08  -2.2081283E-09
  2.4457572E-07  -1.9180555E-06   2.4179591E-07   5.4521717E-05   9.9886907E-05   8.5911261E-06  -1.6920122E-06  -1.4189241E-02  -3.1696940E-03   7.4856014E-03  -5.3415331E-03  -6.9135420E-05   3.0762100E-05  -9.2386498E-05  -4.3267491E-06  -4.7555981E-04  -6.7330474E-05  -4.3931306E-05   9.9138034E-06  -5.8017765E-05  -3.4229170E-07  -5.1604862E-07  -5.8203298E-06  -3.6743944E-06
  4.7562902E-07  -2.5233715E-06   4.8923054E-07   9.9886907E-05   2.1128924E-04   1.2620700E-05   8.3553253E-06  -2.0946572E-02  -5.4966312E-03   2.1932279E-02  -1.1767399E-02  -2.1280313E-04   7.8311699E-05  -2.3196253E-04  -1.5895007E-05  -1.6187143E-03  -1.4081413E-04  -1.3368260E-04   3.9322527E-05  -1.1870000E-04  -2.7971701E-07  -1.3621074E-06  -1.1992523E-05  -6.2512873E-06
  1.3999162E-07  -1.6369251E-06   2.8112958E-07   8.5911261E-06   1.2620700E-05   1.3828418E-05   4.6126766E-07  -2.6157084E-02  -5.5797283E-03   9.1979640E-03  -5.8659155E-03   4.5440609E-04   7.2884852E-05  -1.0718745E-04   9.9138061E-05  -1.8569630E-03   1.6117822E-05  -4.3593320E-05   1.6669588E-05  -3.3597867E-05  -4.5666763E-07  -5.2264539E-07  -2.0382594E-07  -2.0052751E-06
  3.6241567E-09  -2.0668994E-07   1.4832957E-08  -1.6920122E-06   8.3553253E-06   4.6126766E-07   6.1814225E-06   3.8863343E-03   2.0771258E-04   9.4941949E-04   6.8068256E-04  -8.2172571E-05  -4.3376621E-06   3.7564485E-06  -2.9079023E-05   1.5683888E-05   1.1342805E-05   8.2587708E-06   1.8695067E-06  -5.6815807E-06  -9.3881882E-08  -1.4462096E-07  -1.5289984E-07  -3.2175697E-08
 -3.3608164E-04   7.1568374E-04  -4.0338799E-04  -1.4189241E-02  -2.0946572E-02  -2.6157084E-02   3.8863343E-03   6.2514586E+02   5.8997942E+01  -5.5996154E+01   2.8852513E+01  -2.5480802E+01  -9.4497134E-01  -1.4212917E-01  -3.0759032E-01   1.1937114E+01  -1.7683770E-01   3.3390531E-01  -1.6859387E-01  -7.4822778E-02   6.0133868E-03   3.9282222E-03   5.5464065E-03   6.2870715E-03
 -2.2323207E-04   8.9321805E-05  -4.4300938E-05  -3.1696940E-03  -5.4966312E-03  -5.5797283E-03   2.0771258E-04   5.8997942E+01   6.4937133E+01   1.0984857E+01   4.9762230E+00  -5.9882513E-03  -4.1835861E-02   4.8404790E-01   8.9926400E-01  -8.4442230E+00  -3.1633048E-02  -1.6980792E-01   6.1838325E-02   8.4546486E-02   5.2654517E-04   4.4845065E-04   9.5336691E-04   5.1734756E-03
  2.5842455E-05  -3.3870271E-04   7.8327261E-05   7.4856014E-03   2.1932279E-02   9.1979640E-03   9.4941949E-04  -5.5996154E+01   1.0984857E+01   1.8188159E+02  -8.6298312E+01   2.9465222E+00   3.5198530E-01  -1.0475038E+00   4.4016891E-01  -7.5856311E+00  -8.5151955E-02  -1.5574004E-01   5.6509629E-01   1.6365781E-02   1.3119532E-03  -8.2384793E-03   2.5257509E-03   6.6906910E-03
 -7.5447491E-05   1.0301397E-04  -5.0795432E-05  -5.3415331E-03  -1.1767399E-02  -5.8659155E-03   6.8068256E-04   2.8852513E+01   4.9762230E+00  -8.6298312E+01   5.3295105E+01   1.8522838E+00  -3.1431439E-02   7.0308531E-01  -3.0694174E-01  -2.6464757E+00   5.7011008E-02   9.7313321E-02  -4.4910926E-01  -1.0137931E-01  -3.5461838E-04   3.4086994E-03  -3.4124520E-04  -1.1768736E-03
  8.7477435E-06  -9.5140714E-06   2.6369797E-05  -6.9135420E-05  -2.1280313E-04   4.5440609E-04  -8.2172571E-05  -2.5480802E+01  -5.9882513E-03   2.9465222E+00   1.8522838E+00   4.6416319E+00   1.1215181E-01   1.6864023E-01  -2.9175032E-02  -3.7749882E+00   2.5254135E-03   1.1690112E-03   6.4388075E-03   5.2701025E-02   5.1215944E-04  -3.5314788E-04  -1.5813373E-04   2.2126976E-04
  5.0423093E-07  -6.9808718E-07  -3.1281541E-09   3.0762100E-05   7.8311699E-05   7.2884852E-05  -4.3376621E-06  -9.4497134E-01  -4.1835861E-02   3.5198530E-01  -3.1431439E-02   1.1215181E-01   1.7308825E-02  -1.6971193E-02   1.1745481E-02  -1.1722815E-01  -7.7636428E-04   1.3865481E-04  -3.0257627E-03   5.7651767E-03   1.2732403E-05  -4.4864666E-05   2.1488294E-05   3.4555456E-05
 -1.3618372E-06   3.4746321E-06   1.9793845E-07  -9.2386498E-05  -2.3196253E-04  -1.0718745E-04   3.7564485E-06  -1.4212917E-01   4.8404790E-01  -1.0475038E+00   7.0308531E-01   1.6864023E-01  -1.6971193E-02   6.8787360E-02   4.2361951E-03  -1.4972513E-01   2.1409499E-03   4.5038839E-03   1.6983138E-04  -1.8635301E-02  -1.2857655E-06   9.0915031E-05  -9.8312297E-05  -3.7604106E-05
  2.9199047E-07   6.7573994E-06   1.8370695E-06  -4.3267491E-06  -1.5895007E-05   9.9138061E-05  -2.9079023E-05  -3.0759032E-01   8.9926400E-01   4.4016891E-01  -3.0694174E-01  -2.9175032E-02   1.1745481E-02   4.2361951E-03   8.3172204E-02   1.7946106E-02  -1.7379680E-03   1.9449182E-03   8.8141331E-04   9.8405070E-04   4.8899916E-06  -2.9678317E-05  -2.7717781E-05   4.1680267E-05
 -2.7696273E-05   1.0524495E-04  -1.9126294E-05  -4.7555981E-04  -1.6187143E-03  -1.8569630E-03   1.5683888E-05   1.1937114E+01  -8.4442230E+00  -7.5856311E+00  -2.6464757E+00  -3.7749882E+00  -1.1722815E-01  -1.4972513E-01   1.7946106E-02   7.3762233E+00   2.4472831E-03  -8.0620146E-03  -3.4179849E-04  -5.7227129E-02  -3.0441068E-04   2.3253888E-04  -2.2981569E-04  -6.9701477E-04
  1.1341387E-07   2.8187178E-06  -9.7827792E-07  -6.7330474E-05  -1.4081413E-04   1.6117822E-05   1.1342805E-05  -1.7683770E-01  -3.1633048E-02  -8.5151955E-02   5.7011008E-02   2.5254135E-03  -7.7636428E-04   2.1409499E-03  -1.7379680E-03   2.4472831E-03   3.5442508E-02   2.6566372E-03  -6.7314364E-04   1.5841584E-05   3.2434390E-05  -1.6180514E-05  -1.7660886E-05  -1.5885836E-05
  2.9563572E-07   7.1467407E-06  -1.3115795E-06  -4.3931306E-05  -1.3368260E-04  -4.3593320E-05   8.2587708E-06   3.3390531E-01  -1.6980792E-01  -1.5574004E-01   9.7313321E-02   1.1690112E-03   1.3865481E-04   4.5038839E-03   1.9449182E-03  -8.0620146E-03   2.6566372E-03   2.7576013E-02  -4.3587082E-05   6.1123268E-03  -6.4840753E-05  -3.9097753E-05  -9.9474014E-05  -1.2582507E-04
  3.3264137E-07   1.1143694E-06  -1.7378069E-07   9.9138034E-06   3.9322527E-05   1.6669588E-05   1.8695067E-06  -1.6859387E-01   6.1838325E-02   5.6509629E-01  -4.4910926E-01   6.4388075E-03  -3.0257627E-03   1.6983138E-04   8.8141331E-04  -3.4179849E-04  -6.7314364E-04  -4.3587082E-05   1.0357979E-02   8.0225097E-03   3.7755424E-06   5.7655733E-05  -3.0572991E-06  -7.3274087E-08
 -7.6736211E-07   6.1238866E-06  -8.8371145E-07  -5.8017765E-05  -1.1870000E-04  -3.3597867E-05  -5.6815807E-06  -7.4822778E-02   8.4546486E-02   1.6365781E-02  -1.0137931E-01   5.2701025E-02   5.7651767E-03  -1.8635301E-02   9.8405070E-04  -5.7227129E-02   1.5841584E-05   6.1123268E-03   8.0225097E-03   2.7077920E-02   4.7359673E-06   5.1316412E-05  -6.4377942E-07  -8.0577976E-06
 -4.5274355E-09  -8.9675373E-09  -3.0550236E-09  -3.4229170E-07  -2.7971701E-07  -4.5666763E-07  -9.3881882E-08   6.0133868E-03   5.2654517E-04   1.3119532E-03  -3.5461838E-04   5.1215944E-04   1.2732403E-05  -1.2857655E-06   4.8899916E-06  -3.0441068E-04   3.2434390E-05  -6.4840753E-05   3.7755424E-06   4.7359673E-06   1.0809188E-06   4.2428458E-08   4.2582739E-07   1.0481421E-06
 -2.1108701E-09  -4.7689712E-09  -1.7964980E-08  -5.1604862E-07  -1.3621074E-06  -5.2264539E-07  -1.4462096E-07   3.9282222E-03   4.4845065E-04  -8.2384793E-03   3.4086994E-03  -3.5314788E-04  -4.4864666E-05   9.0915031E-05  -2.9678317E-05   2.3253888E-04  -1.6180514E-05  -3.9097753E-05   5.7655733E-05   5.1316412E-05   4.2428458E-08   2.4928786E-06   5.2592547E-07   1.2554669E-07
 -1.1551287E-07  -3.6308901E-07  -5.4952291E-08  -5.8203298E-06  -1.1992523E-05  -2.0382594E-07  -1.5289984E-07   5.5464065E-03   9.5336691E-04   2.5257509E-03  -3.4124520E-04  -1.5813373E-04   2.1488294E-05  -9.8312297E-05  -2.7717781E-05  -2.2981569E-04  -1.7660886E-05  -9.9474014E-05  -3.0572991E-06  -6.4377942E-07   4.2582739E-07   5.2592547E-07   2.5753192E-05   8.8635839E-06
 -2.4357072E-07  -6.9001539E-07  -2.2081283E-09  -3.6743944E-06  -6.2512873E-06  -2.0052751E-06  -3.2175697E-08   6.2870715E-03   5.1734756E-03   6.6906910E-03  -1.1768736E-03   2.2126976E-04   3.4555456E-05  -3.7604106E-05   4.1680267E-05  -6.9701477E-04  -1.5885836E-05  -1.2582507E-04  -7.3274087E-08  -8.0577976E-06   1.0481421E-06   1.2554669E-07   8.8635839E-06   2.4995963E-05
