# omegabh2 omegach2 theta tau logA ns asz
    0.2444382E-06   -0.6624619E-06    0.6883933E-06    0.2200838E-05    0.4541405E-05    0.5303140E-05    0.1399987E-04
   -0.6624619E-06    0.2000279E-04   -0.8803006E-06   -0.1571352E-04    0.3396856E-04   -0.2660823E-04   -0.2606835E-03
    0.6883933E-06   -0.8803006E-06    0.5124763E-05    0.5226446E-05    0.1678642E-04    0.1567556E-04    0.7212176E-05
    0.2200838E-05   -0.1571352E-04    0.5226446E-05    0.1963200E-03    0.3621384E-03    0.7238791E-04    0.2415478E-03
    0.4541405E-05    0.3396856E-04    0.1678642E-04    0.3621384E-03    0.9311430E-03    0.1242209E-03   -0.1127755E-02
    0.5303140E-05   -0.2660823E-04    0.1567556E-04    0.7238791E-04    0.1242209E-03    0.1618544E-03   -0.1486385E-03
    0.1399987E-04   -0.2606835E-03    0.7212176E-05    0.2415478E-03   -0.1127755E-02   -0.1486385E-03    0.3370380E+00
