# omegabh2 omegach2 theta tau mnu logA ns calPlanck aps100 aps143 aps217 acib217 asz143 psr cibr xi aksz dust100 dust143 dust217 dust143x217 cal0 cal2 calTE calEE
  2.5729440E-08  -1.1119749E-07   2.0492780E-08   2.1899525E-07  -4.7309204E-06   3.1582473E-07   3.5956026E-07   3.3765736E-08  -5.1685650E-04  -3.2554943E-04   7.7607187E-05  -1.3949445E-04   2.3956765E-05   9.6635079E-07  -1.9131687E-06   1.2412563E-06  -4.0635466E-05   3.9672394E-07  -2.2013824E-07   8.8919965E-07  -1.7004052E-07   3.1860659E-09  -6.9016599E-09  -1.1344124E-07  -2.4250304E-07
 -1.1119749E-07   1.7817383E-06  -1.7866040E-07  -2.8486975E-06   5.0832166E-05  -2.4261447E-06  -4.1073681E-06  -3.2449552E-07   1.5910389E-03   1.2218887E-03  -2.9674477E-04   5.1966845E-04  -8.6559771E-05  -1.5960185E-06   7.0788206E-06   1.0088859E-07   1.3578287E-04   3.2022552E-07   3.8068975E-06  -3.9343919E-06   2.6108726E-07  -5.9474636E-08   3.2792580E-08   1.0624794E-07  -8.1628789E-07
  2.0492780E-08  -1.7866040E-07   1.0761875E-07   2.8219867E-07  -9.1285174E-06   2.9881660E-07   5.6099533E-07   1.6041021E-08  -1.3381978E-04  -1.6874834E-04  -7.4263672E-05  -1.0829233E-05   9.1011585E-06   1.0037244E-07  -3.9423717E-07   3.1233288E-07  -2.0411720E-05   9.4765847E-07   5.2055705E-07  -6.4238710E-08   2.4039507E-07   4.0473184E-09  -2.1540548E-09  -9.0054952E-08   4.4932909E-08
  2.1899525E-07  -2.8486975E-06   2.8219867E-07   4.6467704E-05   7.4660817E-05   8.5462124E-05   8.5101492E-06  -9.8620568E-09  -9.0932824E-03  -4.2257688E-03   1.4185827E-03  -2.0258168E-03   3.3712543E-04   2.6222465E-05  -5.1673809E-05   9.6625075E-07  -3.4738685E-04  -7.6276118E-06  -1.2797713E-06   6.3116525E-06   6.3519089E-06  -8.4597307E-08  -2.5816182E-07  -2.5845941E-06  -8.2372553E-07
 -4.7309204E-06   5.0832166E-05  -9.1285174E-06   7.4660817E-05   7.7653488E-03   2.7839150E-04  -1.3370192E-04   1.3352438E-05   8.7613333E-02   7.5253839E-02   8.1133907E-03   2.1439819E-02  -2.7836655E-03   6.3436551E-05   2.2208432E-04   2.4868108E-04   5.4092592E-03  -2.7355313E-04  -3.3130094E-04  -1.1178801E-04   3.0421668E-05   8.4606514E-07   1.4149389E-06   3.9956157E-05   1.2600057E-06
  3.1582473E-07  -2.4261447E-06   2.9881660E-07   8.5462124E-05   2.7839150E-04   1.9016433E-04   8.0421486E-06   1.1762198E-05  -1.0036095E-02  -4.6684964E-03   9.4795891E-03  -4.1286658E-03   6.9459791E-04   6.0510252E-05  -1.2100611E-04   1.3039530E-05  -1.4207809E-03  -1.1328964E-05  -6.7687896E-05   3.9495588E-05   1.4827541E-05   3.3248173E-07  -4.1731141E-07  -5.1832198E-06  -1.5008063E-06
  3.5956026E-07  -4.1073681E-06   5.6099533E-07   8.5101492E-06  -1.3370192E-04   8.0421486E-06   1.9425855E-05   7.9203451E-07  -2.4428888E-02  -9.1504619E-03   8.4709644E-03  -6.4968584E-03   7.4399851E-04   6.2593710E-05  -1.2693147E-04   3.6037278E-05  -2.2068986E-03   1.7650066E-05  -3.6248920E-05   3.5580640E-05  -3.5836636E-06  -1.7507904E-07  -3.8536899E-07  -1.0513254E-06  -2.3691981E-06
  3.3765736E-08  -3.2449552E-07   1.6041021E-08  -9.8620568E-09   1.3352438E-05   1.1762198E-05   7.9203451E-07   6.3018267E-06   3.2500363E-03   2.0012643E-04   1.0869975E-03   4.9983870E-04   6.9325302E-05  -7.5840567E-06   5.4876328E-06  -1.8831706E-05  -3.0454597E-05   6.6678396E-06   8.7498962E-06   1.2774889E-05   8.2936505E-06   5.5798722E-09   1.0869702E-08  -3.2708435E-07  -2.0038609E-07
 -5.1685650E-04   1.5910389E-03  -1.3381978E-04  -9.0932824E-03   8.7613333E-02  -1.0036095E-02  -2.4428888E-02   3.2500363E-03   6.1370872E+02   5.7602717E+01  -5.0913669E+01   2.7865798E+01  -2.5448249E+01  -8.4256194E-01  -1.9566215E-01  -3.5894250E-01   1.1289526E+01  -1.7854918E-01   3.2840222E-01  -2.3487144E-01  -1.9924930E-01   6.7156201E-03   2.3210942E-03   2.9453685E-03   7.2886274E-03
 -3.2554943E-04   1.2218887E-03  -1.6874834E-04  -4.2257688E-03   7.5253839E-02  -4.6684964E-03  -9.1504619E-03   2.0012643E-04   5.7602717E+01   6.8415130E+01   1.0125847E+01   6.0446824E+00  -5.1664122E-01  -2.0815255E-02   4.3387332E-01   9.0788618E-01  -8.2452176E+00  -2.4755067E-02  -2.2485078E-01   5.3506213E-02   6.8125125E-02   7.8286113E-04   6.9465695E-04   3.3296534E-03   5.9453543E-03
  7.7607187E-05  -2.9674477E-04  -7.4263672E-05   1.4185827E-03   8.1133907E-03   9.4795891E-03   8.4709644E-03   1.0869975E-03  -5.0913669E+01   1.0125847E+01   1.7365861E+02  -8.1806288E+01   2.3873540E+00   3.2337950E-01  -1.0272623E+00   3.5980186E-01  -7.0532422E+00  -5.8257848E-03  -2.5126898E-01   5.4193039E-01  -3.4248645E-02   1.6113719E-03  -7.6687619E-03   2.4245415E-03   2.8368859E-03
 -1.3949445E-04   5.1966845E-04  -1.0829233E-05  -2.0258168E-03   2.1439819E-02  -4.1286658E-03  -6.4968584E-03   4.9983870E-04   2.7865798E+01   6.0446824E+00  -8.1806288E+01   5.0963452E+01   1.7429192E+00  -3.8691103E-02   7.0575701E-01  -2.5245048E-01  -2.7413472E+00   1.3443158E-02   1.5586309E-01  -4.4401963E-01  -9.6912736E-02  -5.1112147E-04   3.0584381E-03  -5.4843658E-04   3.3078201E-04
  2.3956765E-05  -8.6559771E-05   9.1011585E-06   3.3712543E-04  -2.7836655E-03   6.9459791E-04   7.4399851E-04   6.9325302E-05  -2.5448249E+01  -5.1664122E-01   2.3873540E+00   1.7429192E+00   4.2587941E+00   1.0223169E-01   1.4766373E-01  -3.0144369E-02  -3.4628883E+00   2.6281480E-04  -3.8057017E-03   6.9408196E-03   5.3861512E-02   4.3149939E-04  -2.0662669E-04  -7.9704660E-05  -2.3835661E-04
  9.6635079E-07  -1.5960185E-06   1.0037244E-07   2.6222465E-05   6.3436551E-05   6.0510252E-05   6.2593710E-05  -7.5840567E-06  -8.4256194E-01  -2.0815255E-02   3.2337950E-01  -3.8691103E-02   1.0223169E-01   1.6563769E-02  -1.6848219E-02   1.2418668E-02  -1.0116151E-01   6.7406020E-05  -1.3970300E-03  -2.7173876E-03   5.2333392E-03   1.9093537E-05  -3.5817965E-05   1.2344145E-05   1.1261778E-06
 -1.9131687E-06   7.0788206E-06  -3.9423717E-07  -5.1673809E-05   2.2208432E-04  -1.2100611E-04  -1.2693147E-04   5.4876328E-06  -1.9566215E-01   4.3387332E-01  -1.0272623E+00   7.0575701E-01   1.4766373E-01  -1.6848219E-02   6.7417541E-02   4.0532498E-03  -1.4921084E-01   4.0347885E-04   7.1863550E-03  -1.1914370E-04  -1.7628931E-02  -1.1527842E-05   9.5350123E-05  -2.3248799E-05   9.8001226E-06
  1.2412563E-06   1.0088859E-07   3.1233288E-07   9.6625075E-07   2.4868108E-04   1.3039530E-05   3.6037278E-05  -1.8831706E-05  -3.5894250E-01   9.0788618E-01   3.5980186E-01  -2.5245048E-01  -3.0144369E-02   1.2418668E-02   4.0532498E-03   8.3551979E-02   3.2627311E-02  -2.2996325E-04   1.9214557E-05   1.0172617E-03   9.3383331E-04   1.5432446E-05  -4.6175372E-06   2.7172849E-05   2.4446691E-05
 -4.0635466E-05   1.3578287E-04  -2.0411720E-05  -3.4738685E-04   5.4092592E-03  -1.4207809E-03  -2.2068986E-03  -3.0454597E-05   1.1289526E+01  -8.2452176E+00  -7.0532422E+00  -2.7413472E+00  -3.4628883E+00  -1.0116151E-01  -1.4921084E-01   3.2627311E-02   7.3382341E+00  -1.0207866E-02  -1.9450498E-03  -1.5530481E-03  -4.9304688E-02  -3.6039077E-04   6.5618197E-05  -3.4371936E-04  -2.1495998E-04
  3.9672394E-07   3.2022552E-07   9.4765847E-07  -7.6276118E-06  -2.7355313E-04  -1.1328964E-05   1.7650066E-05   6.6678396E-06  -1.7854918E-01  -2.4755067E-02  -5.8257848E-03   1.3443158E-02   2.6281480E-04   6.7406020E-05   4.0347885E-04  -2.2996325E-04  -1.0207866E-02   3.7844103E-02   2.6008984E-03  -1.7024614E-04   2.9993423E-04   3.7058991E-05  -2.3273758E-06  -1.3071885E-05  -2.1553251E-05
 -2.2013824E-07   3.8068975E-06   5.2055705E-07  -1.2797713E-06  -3.3130094E-04  -6.7687896E-05  -3.6248920E-05   8.7498962E-06   3.2840222E-01  -2.2485078E-01  -2.5126898E-01   1.5586309E-01  -3.8057017E-03  -1.3970300E-03   7.1863550E-03   1.9214557E-05  -1.9450498E-03   2.6008984E-03   3.0863023E-02  -6.8469832E-04   5.1152593E-03  -7.9834200E-05  -4.4629224E-05  -8.7231622E-05  -7.2843654E-05
  8.8919965E-07  -3.9343919E-06  -6.4238710E-08   6.3116525E-06  -1.1178801E-04   3.9495588E-05   3.5580640E-05   1.2774889E-05  -2.3487144E-01   5.3506213E-02   5.4193039E-01  -4.4401963E-01   6.9408196E-03  -2.7173876E-03  -1.1914370E-04   1.0172617E-03  -1.5530481E-03  -1.7024614E-04  -6.8469832E-04   1.0652977E-02   8.3078709E-03   2.7991823E-06   6.3828310E-05   1.0548084E-05   2.3508650E-06
 -1.7004052E-07   2.6108726E-07   2.4039507E-07   6.3519089E-06   3.0421668E-05   1.4827541E-05  -3.5836636E-06   8.2936505E-06  -1.9924930E-01   6.8125125E-02  -3.4248645E-02  -9.6912736E-02   5.3861512E-02   5.2333392E-03  -1.7628931E-02   9.3383331E-04  -4.9304688E-02   2.9993423E-04   5.1152593E-03   8.3078709E-03   2.6330019E-02  -3.8038189E-06   5.8886220E-05  -4.3450185E-06  -4.9533675E-06
  3.1860659E-09  -5.9474636E-08   4.0473184E-09  -8.4597307E-08   8.4606514E-07   3.3248173E-07  -1.7507904E-07   5.5798722E-09   6.7156201E-03   7.8286113E-04   1.6113719E-03  -5.1112147E-04   4.3149939E-04   1.9093537E-05  -1.1527842E-05   1.5432446E-05  -3.6039077E-04   3.7058991E-05  -7.9834200E-05   2.7991823E-06  -3.8038189E-06   1.1044168E-06   4.4722823E-08   3.9331469E-07   6.0173696E-07
 -6.9016599E-09   3.2792580E-08  -2.1540548E-09  -2.5816182E-07   1.4149389E-06  -4.1731141E-07  -3.8536899E-07   1.0869702E-08   2.3210942E-03   6.9465695E-04  -7.6687619E-03   3.0584381E-03  -2.0662669E-04  -3.5817965E-05   9.5350123E-05  -4.6175372E-06   6.5618197E-05  -2.3273758E-06  -4.4629224E-05   6.3828310E-05   5.8886220E-05   4.4722823E-08   2.4790927E-06   3.1638719E-07   2.0301981E-07
 -1.1344124E-07   1.0624794E-07  -9.0054952E-08  -2.5845941E-06   3.9956157E-05  -5.1832198E-06  -1.0513254E-06  -3.2708435E-07   2.9453685E-03   3.3296534E-03   2.4245415E-03  -5.4843658E-04  -7.9704660E-05   1.2344145E-05  -2.3248799E-05   2.7172849E-05  -3.4371936E-04  -1.3071885E-05  -8.7231622E-05   1.0548084E-05  -4.3450185E-06   3.9331469E-07   3.1638719E-07   2.4102301E-05   8.2093123E-06
 -2.4250304E-07  -8.1628789E-07   4.4932909E-08  -8.2372553E-07   1.2600057E-06  -1.5008063E-06  -2.3691981E-06  -2.0038609E-07   7.2886274E-03   5.9453543E-03   2.8368859E-03   3.3078201E-04  -2.3835661E-04   1.1261778E-06   9.8001226E-06   2.4446691E-05  -2.1495998E-04  -2.1553251E-05  -7.2843654E-05   2.3508650E-06  -4.9533675E-06   6.0173696E-07   2.0301981E-07   8.2093123E-06   2.4161916E-05
