# omegabh2 omegach2 theta tau logA ns calPlanck acib217 xi asz143 aps100 aps143 aps143217 aps217 aksz kgal100 kgal143 kgal143217 kgal217 galfEE100 galfEE100143 galfEE100217 galfEE143 galfEE143217 galfEE217 galfTE100 galfTE100143 galfTE100217 galfTE143 galfTE143217 galfTE217 cal0 cal2
    0.2136245E-07   -0.8051167E-07    0.1391254E-07    0.1048598E-05    0.2005872E-05    0.2478031E-06    0.1224731E-07   -0.1332988E-03    0.3084092E-05    0.2556668E-04   -0.4784171E-03   -0.2256539E-03   -0.7602545E-05    0.7490560E-04   -0.4186834E-04   -0.6594728E-05   -0.1428072E-04   -0.2474470E-04    0.7828044E-05    0.1097520E-07    0.3467747E-07    0.5424161E-07    0.4920058E-07   -0.3366639E-07    0.2095695E-06   -0.1201404E-06   -0.2708654E-07   -0.3101039E-06   -0.5785105E-07   -0.4493917E-06   -0.3057664E-05    0.3011628E-08   -0.1116380E-07
   -0.8051167E-07    0.1259355E-05   -0.8611045E-07   -0.1005285E-04   -0.1690939E-04   -0.3270226E-05    0.3090332E-07    0.2814097E-03   -0.7967286E-05   -0.9200299E-04    0.1796301E-02    0.8847413E-03    0.2416918E-03    0.1255331E-03    0.1679907E-03    0.4986634E-05    0.3553624E-04    0.5672759E-04    0.5936166E-04   -0.3574002E-06   -0.4597851E-06    0.1180507E-06   -0.4713239E-06    0.6165587E-06    0.2772661E-05    0.2920779E-06    0.2283686E-06    0.6552181E-07    0.6445342E-06    0.2457010E-05    0.1131526E-04   -0.7241864E-08    0.1737883E-07
    0.1391254E-07   -0.8611045E-07    0.9093836E-07    0.1108098E-05    0.2078084E-05    0.3782271E-06   -0.7842662E-08   -0.6519412E-04    0.1040343E-05    0.1111883E-04   -0.3349148E-03   -0.9395733E-04   -0.2772857E-04    0.2737021E-04   -0.1728007E-04   -0.1474006E-05   -0.1052557E-04   -0.1351329E-05    0.1338462E-04   -0.4472706E-08    0.1417705E-07   -0.2332235E-06   -0.3746128E-08   -0.6022015E-07   -0.2221496E-06    0.1827646E-07   -0.1096779E-07    0.9484971E-07   -0.1035274E-07   -0.1682114E-06   -0.2012153E-05    0.1082752E-08   -0.8994722E-09
    0.1048598E-05   -0.1005285E-04    0.1108098E-05    0.4790708E-03    0.9216639E-03    0.4747798E-04   -0.4937042E-05   -0.1865544E-01    0.4417267E-03    0.3279552E-02   -0.8002176E-01   -0.2658428E-01    0.2288812E-02    0.1369430E-01   -0.7994467E-02   -0.8166593E-03   -0.2809692E-02   -0.5744711E-02   -0.4724717E-02   -0.8726626E-06    0.8229429E-06    0.3534009E-05    0.1895696E-05   -0.9260562E-05    0.3142309E-04    0.6049344E-06   -0.5478459E-05   -0.3355642E-04   -0.1455987E-04   -0.3203930E-04   -0.1727547E-03    0.2116332E-06   -0.2236090E-05
    0.2005872E-05   -0.1690939E-04    0.2078084E-05    0.9216639E-03    0.1808015E-02    0.8481148E-04    0.3125189E-05   -0.3608769E-01    0.9244130E-03    0.6612525E-02   -0.1502196E+00   -0.4950164E-01    0.9328099E-02    0.3363141E-01   -0.1652086E-01   -0.1866049E-02   -0.6002903E-02   -0.1209657E-01   -0.8614571E-02   -0.1681115E-05    0.8777021E-06    0.4875090E-05    0.4134745E-05   -0.2002682E-04    0.5259515E-04   -0.9213444E-06   -0.9849952E-05   -0.7386015E-04   -0.2045206E-04   -0.6292979E-04   -0.3275145E-03    0.6953400E-06   -0.4525106E-05
    0.2478031E-06   -0.3270226E-05    0.3782271E-06    0.4747798E-04    0.8481148E-04    0.1859842E-04   -0.1289353E-06   -0.5308937E-02    0.1516249E-03    0.1021502E-02   -0.2791803E-01   -0.6866145E-02    0.2656534E-02    0.5434959E-02   -0.2496029E-02    0.2496329E-03   -0.3810330E-03   -0.6010205E-03    0.4401221E-03    0.2256298E-05    0.2730154E-05   -0.5003558E-06    0.2840511E-05   -0.2658860E-05   -0.6326864E-05   -0.5674472E-05   -0.1143124E-05    0.1994259E-05   -0.4293744E-06   -0.5835758E-05   -0.2979350E-04   -0.1447086E-06   -0.3640514E-06
    0.1224731E-07    0.3090332E-07   -0.7842662E-08   -0.4937042E-05    0.3125189E-05   -0.1289353E-06    0.6367428E-05    0.1110059E-02    0.6707782E-06    0.1027373E-03    0.3980663E-02    0.6308145E-03    0.8700817E-03    0.1272526E-02   -0.1131203E-03    0.1901297E-04    0.3099119E-04   -0.9288810E-04    0.4311079E-03    0.8240670E-06    0.4310920E-06   -0.7375963E-06    0.9300067E-06   -0.7631328E-06   -0.8729716E-05   -0.2215965E-05   -0.3056468E-07   -0.1925826E-05    0.3331765E-05   -0.1915881E-05    0.4685904E-05    0.1883104E-07   -0.1221714E-08
   -0.1332988E-03    0.2814097E-03   -0.6519412E-04   -0.1865544E-01   -0.3608769E-01   -0.5308937E-02    0.1110059E-02    0.4265045E+02   -0.5310004E+00   -0.1721206E+01    0.4056298E+02   -0.2635876E+00   -0.2221083E+02   -0.6024251E+02    0.4301428E+00   -0.9671784E-01    0.1717088E+00   -0.1887560E+01   -0.1780764E+02    0.6434091E-03   -0.6097863E-03   -0.3675612E-02   -0.2680003E-03    0.3540324E-02    0.9194777E-03    0.3561485E-02    0.3344293E-02    0.2526262E-02    0.1075322E-02    0.6879372E-02    0.6716518E-02   -0.3424662E-03    0.4273883E-02
    0.3084092E-05   -0.7967286E-05    0.1040343E-05    0.4417267E-03    0.9244130E-03    0.1516249E-03    0.6707782E-06   -0.5310004E+00    0.7930749E-01   -0.5262478E-01   -0.6293787E+00    0.1006941E+01    0.1953745E+01    0.8559977E+00    0.4369815E-01   -0.4898107E-02    0.2297521E-02    0.1011859E+00    0.1102987E+00    0.2404044E-05    0.1712759E-04    0.1829093E-04    0.4250884E-05   -0.8367897E-04    0.3738122E-03   -0.1565475E-03   -0.1848071E-04    0.1211613E-03    0.1667306E-03   -0.3887600E-04   -0.8336735E-03    0.9227843E-05   -0.2085488E-04
    0.2556668E-04   -0.9200299E-04    0.1111883E-04    0.3279552E-02    0.6612525E-02    0.1021502E-02    0.1027373E-03   -0.1721206E+01   -0.5262478E-01    0.3479129E+01   -0.2762813E+02   -0.3909048E+01    0.7286827E+01    0.6099438E+01   -0.2160945E+01   -0.1507549E+00    0.7731176E-01    0.2174971E+01    0.2029150E+01   -0.1785859E-04    0.2337432E-03   -0.7685139E-03    0.3624776E-03   -0.1205198E-02    0.2985198E-02   -0.1464656E-03    0.9014584E-03   -0.2137857E-03    0.1671019E-03    0.2510559E-02    0.3629863E-02    0.1787755E-03   -0.3194538E-03
   -0.4784171E-03    0.1796301E-02   -0.3349148E-03   -0.8002176E-01   -0.1502196E+00   -0.2791803E-01    0.3980663E-02    0.4056298E+02   -0.6293787E+00   -0.2762813E+02    0.7489617E+03    0.6465214E+02   -0.6154560E+02   -0.6721584E+02    0.1183720E+02   -0.3278989E+01    0.2997628E+01   -0.1146183E+02   -0.1593108E+02   -0.2125896E-02   -0.3994327E-02    0.2346981E-03   -0.2551736E-02    0.1611275E-01    0.1075362E-01    0.9141791E-04   -0.5953716E-02   -0.4925468E-02    0.7067555E-02    0.2765314E-02    0.1096549E+00    0.5825820E-02    0.3231434E-02
   -0.2256539E-03    0.8847413E-03   -0.9395733E-04   -0.2658428E-01   -0.4950164E-01   -0.6866145E-02    0.6308145E-03   -0.2635876E+00    0.1006941E+01   -0.3909048E+01    0.6465214E+02    0.5892619E+02    0.4278932E+02    0.1701921E+02   -0.3597671E+01   -0.1218230E+00   -0.1049083E+01    0.3618772E+01    0.3727383E+01   -0.1492573E-02   -0.7943101E-03   -0.4525510E-02   -0.9600929E-03   -0.5075028E-02    0.8393115E-02    0.2952770E-02   -0.1908063E-02    0.2326615E-02   -0.1850035E-02    0.4126847E-02    0.1026556E-01    0.5304018E-04    0.7632935E-04
   -0.7602545E-05    0.2416918E-03   -0.2772857E-04    0.2288812E-02    0.9328099E-02    0.2656534E-02    0.8700817E-03   -0.2221083E+02    0.1953745E+01    0.7286827E+01   -0.6154560E+02    0.4278932E+02    0.9835125E+02    0.6555606E+02   -0.1006742E+02   -0.4874881E+00   -0.3396213E+00    0.4355000E+01    0.5102836E+01   -0.1406091E-02    0.8195811E-03   -0.6980284E-02    0.8253619E-03   -0.9267674E-02    0.1757045E-01   -0.3478740E-02   -0.8890389E-03    0.7054073E-03    0.2073580E-02    0.9681307E-02    0.1092600E-01    0.7207620E-03   -0.2463160E-02
    0.7490560E-04    0.1255331E-03    0.2737021E-04    0.1369430E-01    0.3363141E-01    0.5434959E-02    0.1272526E-02   -0.6024251E+02    0.8559977E+00    0.6099438E+01   -0.6721584E+02    0.1701921E+02    0.6555606E+02    0.1181032E+03   -0.8419728E+01   -0.1490617E+00   -0.3479604E+00   -0.1029293E+01    0.1402820E+02   -0.1529128E-02    0.1226126E-02   -0.1974152E-02    0.6067523E-03   -0.1054691E-01    0.1166825E-02   -0.4861103E-02   -0.6371464E-02   -0.9434673E-04   -0.4006257E-02    0.3563247E-03    0.4295816E-01    0.7025507E-03   -0.7493537E-02
   -0.4186834E-04    0.1679907E-03   -0.1728007E-04   -0.7994467E-02   -0.1652086E-01   -0.2496029E-02   -0.1131203E-03    0.4301428E+00    0.4369815E-01   -0.2160945E+01    0.1183720E+02   -0.3597671E+01   -0.1006742E+02   -0.8419728E+01    0.4912205E+01    0.1019800E+00   -0.2846505E-01   -0.1681575E+01   -0.1615816E+01    0.1582508E-03   -0.4045552E-03    0.2522919E-02   -0.6372672E-03    0.3250662E-02   -0.5055381E-02    0.5298120E-03   -0.2381942E-03    0.2576411E-02   -0.3089463E-04   -0.3728810E-02    0.2249870E-02   -0.9011103E-04    0.6706726E-04
   -0.6594728E-05    0.4986634E-05   -0.1474006E-05   -0.8166593E-03   -0.1866049E-02    0.2496329E-03    0.1901297E-04   -0.9671784E-01   -0.4898107E-02   -0.1507549E+00   -0.3278989E+01   -0.1218230E+00   -0.4874881E+00   -0.1490617E+00    0.1019800E+00    0.3583452E+01    0.3836265E+00    0.1275426E+00    0.2361793E+00    0.9409927E-04    0.1672737E-03    0.9778861E-03    0.1834470E-03    0.1424880E-03   -0.3824001E-02   -0.3896137E-03    0.9425764E-04    0.7169801E-03   -0.1107270E-02   -0.7836132E-03   -0.1437120E-01    0.3255720E-03   -0.2336004E-04
   -0.1428072E-04    0.3553624E-04   -0.1052557E-04   -0.2809692E-02   -0.6002903E-02   -0.3810330E-03    0.3099119E-04    0.1717088E+00    0.2297521E-02    0.7731176E-01    0.2997628E+01   -0.1049083E+01   -0.3396213E+00   -0.3479604E+00   -0.2846505E-01    0.3836265E+00    0.3406257E+01    0.2692467E+01    0.1857718E+01    0.1102746E-03   -0.3830726E-04    0.1330967E-02    0.5695569E-04    0.2220898E-03   -0.9538344E-03    0.3389294E-03    0.9357863E-03   -0.5837006E-03    0.2750521E-02    0.2932156E-02    0.3523298E-02   -0.3018248E-03   -0.1699442E-03
   -0.2474470E-04    0.5672759E-04   -0.1351329E-05   -0.5744711E-02   -0.1209657E-01   -0.6010205E-03   -0.9288810E-04   -0.1887560E+01    0.1011859E+00    0.2174971E+01   -0.1146183E+02    0.3618772E+01    0.4355000E+01   -0.1029293E+01   -0.1681575E+01    0.1275426E+00    0.2692467E+01    0.1737989E+02    0.2596490E+02   -0.2376792E-03   -0.4914123E-04   -0.1034971E-02    0.3336790E-03   -0.1859258E-02    0.6332867E-02    0.3427059E-03    0.2079837E-02   -0.3266617E-02    0.3713550E-02    0.3514984E-02    0.2902565E-02    0.6509083E-06    0.2630857E-02
    0.7828044E-05    0.5936166E-04    0.1338462E-04   -0.4724717E-02   -0.8614571E-02    0.4401221E-03    0.4311079E-03   -0.1780764E+02    0.1102987E+00    0.2029150E+01   -0.1593108E+02    0.3727383E+01    0.5102836E+01    0.1402820E+02   -0.1615816E+01    0.2361793E+00    0.1857718E+01    0.2596490E+02    0.5431028E+02   -0.7055832E-03    0.1986470E-03   -0.4813984E-03    0.7738079E-03   -0.2129999E-02    0.9401981E-02   -0.2671657E-02    0.6900873E-03   -0.9716625E-02    0.5436291E-02   -0.3642314E-02   -0.2161867E-01    0.1380354E-03    0.4656545E-02
    0.1097520E-07   -0.3574002E-06   -0.4472706E-08   -0.8726626E-06   -0.1681115E-05    0.2256298E-05    0.8240670E-06    0.6434091E-03    0.2404044E-05   -0.1785859E-04   -0.2125896E-02   -0.1492573E-02   -0.1406091E-02   -0.1529128E-02    0.1582508E-03    0.9409927E-04    0.1102746E-03   -0.2376792E-03   -0.7055832E-03    0.3220067E-04    0.8576643E-05    0.1742707E-06    0.2718328E-05   -0.2486559E-05   -0.6648074E-05   -0.4324469E-05   -0.1315419E-05    0.2535277E-05   -0.8534806E-06    0.6090352E-05    0.1456709E-04   -0.1084635E-06   -0.6153056E-09
    0.3467747E-07   -0.4597851E-06    0.1417705E-07    0.8229429E-06    0.8777021E-06    0.2730154E-05    0.4310920E-06   -0.6097863E-03    0.1712759E-04    0.2337432E-03   -0.3994327E-02   -0.7943101E-03    0.8195811E-03    0.1226126E-02   -0.4045552E-03    0.1672737E-03   -0.3830726E-04   -0.4914123E-04    0.1986470E-03    0.8576643E-05    0.2453734E-04   -0.4171265E-05    0.1176789E-04   -0.2567822E-05   -0.1746109E-05   -0.2452533E-05   -0.3639636E-05    0.7961694E-05   -0.5272455E-05   -0.8387180E-06    0.3708894E-05   -0.4941365E-07   -0.1002678E-07
    0.5424161E-07    0.1180507E-06   -0.2332235E-06    0.3534009E-05    0.4875090E-05   -0.5003558E-06   -0.7375963E-06   -0.3675612E-02    0.1829093E-04   -0.7685139E-03    0.2346981E-03   -0.4525510E-02   -0.6980284E-02   -0.1974152E-02    0.2522919E-02    0.9778861E-03    0.1330967E-02   -0.1034971E-02   -0.4813984E-03    0.1742707E-06   -0.4171265E-05    0.1071604E-02   -0.2272526E-06    0.2754747E-04    0.5223632E-04    0.1845013E-04   -0.3641282E-05    0.1259674E-04   -0.2145192E-04   -0.3535480E-04   -0.8537968E-04   -0.2447445E-06   -0.7362725E-06
    0.4920058E-07   -0.4713239E-06   -0.3746128E-08    0.1895696E-05    0.4134745E-05    0.2840511E-05    0.9300067E-06   -0.2680003E-03    0.4250884E-05    0.3624776E-03   -0.2551736E-02   -0.9600929E-03    0.8253619E-03    0.6067523E-03   -0.6372672E-03    0.1834470E-03    0.5695569E-04    0.3336790E-03    0.7738079E-03    0.2718328E-05    0.1176789E-04   -0.2272526E-06    0.4738533E-04    0.3754969E-05   -0.3809556E-06    0.2842558E-05   -0.3484347E-05    0.1821494E-06   -0.1403171E-04   -0.2013167E-05   -0.3674853E-05    0.3717228E-07    0.1128586E-06
   -0.3366639E-07    0.6165587E-06   -0.6022015E-07   -0.9260562E-05   -0.2002682E-04   -0.2658860E-05   -0.7631328E-06    0.3540324E-02   -0.8367897E-04   -0.1205198E-02    0.1611275E-01   -0.5075028E-02   -0.9267674E-02   -0.1054691E-01    0.3250662E-02    0.1424880E-03    0.2220898E-03   -0.1859258E-02   -0.2129999E-02   -0.2486559E-05   -0.2567822E-05    0.2754747E-04    0.3754969E-05    0.2117698E-02    0.1783058E-03    0.2956333E-05    0.1339567E-04    0.2099623E-04    0.3159732E-04    0.9121986E-04    0.1549717E-03    0.4599685E-06    0.2625564E-06
    0.2095695E-06    0.2772661E-05   -0.2221496E-06    0.3142309E-04    0.5259515E-04   -0.6326864E-05   -0.8729716E-05    0.9194777E-03    0.3738122E-03    0.2985198E-02    0.1075362E-01    0.8393115E-02    0.1757045E-01    0.1166825E-02   -0.5055381E-02   -0.3824001E-02   -0.9538344E-03    0.6332867E-02    0.9401981E-02   -0.6648074E-05   -0.1746109E-05    0.5223632E-04   -0.3809556E-06    0.1783058E-03    0.1627277E-01   -0.9731734E-05   -0.2285752E-04   -0.7475826E-04   -0.3055059E-05   -0.2309009E-03   -0.5072119E-03    0.1031599E-05    0.4990449E-06
   -0.1201404E-06    0.2920779E-06    0.1827646E-07    0.6049344E-06   -0.9213444E-06   -0.5674472E-05   -0.2215965E-05    0.3561485E-02   -0.1565475E-03   -0.1464656E-03    0.9141791E-04    0.2952770E-02   -0.3478740E-02   -0.4861103E-02    0.5298120E-03   -0.3896137E-03    0.3389294E-03    0.3427059E-03   -0.2671657E-02   -0.4324469E-05   -0.2452533E-05    0.1845013E-04    0.2842558E-05    0.2956333E-05   -0.9731734E-05    0.1441361E-02    0.2965752E-03    0.9320487E-04   -0.3628965E-03   -0.7036311E-04   -0.2301155E-03   -0.3688461E-06   -0.7235173E-06
   -0.2708654E-07    0.2283686E-06   -0.1096779E-07   -0.5478459E-05   -0.9849952E-05   -0.1143124E-05   -0.3056468E-07    0.3344293E-02   -0.1848071E-04    0.9014584E-03   -0.5953716E-02   -0.1908063E-02   -0.8890389E-03   -0.6371464E-02   -0.2381942E-03    0.9425764E-04    0.9357863E-03    0.2079837E-02    0.6900873E-03   -0.1315419E-05   -0.3639636E-05   -0.3641282E-05   -0.3484347E-05    0.1339567E-04   -0.2285752E-04    0.2965752E-03    0.8496467E-03   -0.1634763E-04    0.7541280E-03   -0.2692789E-05   -0.7949995E-03   -0.1678940E-06    0.5777858E-06
   -0.3101039E-06    0.6552181E-07    0.9484971E-07   -0.3355642E-04   -0.7386015E-04    0.1994259E-05   -0.1925826E-05    0.2526262E-02    0.1211613E-03   -0.2137857E-03   -0.4925468E-02    0.2326615E-02    0.7054073E-03   -0.9434673E-04    0.2576411E-02    0.7169801E-03   -0.5837006E-03   -0.3266617E-02   -0.9716625E-02    0.2535277E-05    0.7961694E-05    0.1259674E-04    0.1821494E-06    0.2099623E-04   -0.7475826E-04    0.9320487E-04   -0.1634763E-04    0.7091479E-02   -0.3463109E-03    0.5983589E-03    0.4724734E-02    0.4361340E-06   -0.1507585E-05
   -0.5785105E-07    0.6445342E-06   -0.1035274E-07   -0.1455987E-04   -0.2045206E-04   -0.4293744E-06    0.3331765E-05    0.1075322E-02    0.1667306E-03    0.1671019E-03    0.7067555E-02   -0.1850035E-02    0.2073580E-02   -0.4006257E-02   -0.3089463E-04   -0.1107270E-02    0.2750521E-02    0.3713550E-02    0.5436291E-02   -0.8534806E-06   -0.5272455E-05   -0.2145192E-04   -0.1403171E-04    0.3159732E-04   -0.3055059E-05   -0.3628965E-03    0.7541280E-03   -0.3463109E-03    0.2910124E-02    0.4130698E-03   -0.8988337E-03    0.3501113E-06    0.1153122E-05
   -0.4493917E-06    0.2457010E-05   -0.1682114E-06   -0.3203930E-04   -0.6292979E-04   -0.5835758E-05   -0.1915881E-05    0.6879372E-02   -0.3887600E-04    0.2510559E-02    0.2765314E-02    0.4126847E-02    0.9681307E-02    0.3563247E-03   -0.3728810E-02   -0.7836132E-03    0.2932156E-02    0.3514984E-02   -0.3642314E-02    0.6090352E-05   -0.8387180E-06   -0.3535480E-04   -0.2013167E-05    0.9121986E-04   -0.2309009E-03   -0.7036311E-04   -0.2692789E-05    0.5983589E-03    0.4130698E-03    0.6305424E-02    0.7752871E-02    0.6854681E-06   -0.6808153E-06
   -0.3057664E-05    0.1131526E-04   -0.2012153E-05   -0.1727547E-03   -0.3275145E-03   -0.2979350E-04    0.4685904E-05    0.6716518E-02   -0.8336735E-03    0.3629863E-02    0.1096549E+00    0.1026556E-01    0.1092600E-01    0.4295816E-01    0.2249870E-02   -0.1437120E-01    0.3523298E-02    0.2902565E-02   -0.2161867E-01    0.1456709E-04    0.3708894E-05   -0.8537968E-04   -0.3674853E-05    0.1549717E-03   -0.5072119E-03   -0.2301155E-03   -0.7949995E-03    0.4724734E-02   -0.8988337E-03    0.7752871E-02    0.6835876E-01    0.2994482E-05   -0.8852188E-05
    0.3011628E-08   -0.7241864E-08    0.1082752E-08    0.2116332E-06    0.6953400E-06   -0.1447086E-06    0.1883104E-07   -0.3424662E-03    0.9227843E-05    0.1787755E-03    0.5825820E-02    0.5304018E-04    0.7207620E-03    0.7025507E-03   -0.9011103E-04    0.3255720E-03   -0.3018248E-03    0.6509083E-06    0.1380354E-03   -0.1084635E-06   -0.4941365E-07   -0.2447445E-06    0.3717228E-07    0.4599685E-06    0.1031599E-05   -0.3688461E-06   -0.1678940E-06    0.4361340E-06    0.3501113E-06    0.6854681E-06    0.2994482E-05    0.5997651E-06   -0.1030469E-07
   -0.1116380E-07    0.1737883E-07   -0.8994722E-09   -0.2236090E-05   -0.4525106E-05   -0.3640514E-06   -0.1221714E-08    0.4273883E-02   -0.2085488E-04   -0.3194538E-03    0.3231434E-02    0.7632935E-04   -0.2463160E-02   -0.7493537E-02    0.6706726E-04   -0.2336004E-04   -0.1699442E-03    0.2630857E-02    0.4656545E-02   -0.6153056E-09   -0.1002678E-07   -0.7362725E-06    0.1128586E-06    0.2625564E-06    0.4990449E-06   -0.7235173E-06    0.5777858E-06   -0.1507585E-05    0.1153122E-05   -0.6808153E-06   -0.8852188E-05   -0.1030469E-07    0.2096526E-05
