# omegabh2 omegach2 theta tau nnu yhe logA ns calPlanck aps100 aps143 aps217 acib217 asz143 psr cibr xi aksz dust100 dust143 dust217 dust143x217 cal0 cal2 calTE calEE
  4.6434797E-08   4.3054235E-07  -6.4331128E-08   4.7319614E-07   3.6917026E-05   3.4644267E-08   2.1821473E-06   1.4324265E-06   2.5348428E-08   2.9891974E-04   9.0262831E-05  -1.1666416E-04   1.0533789E-04   2.7677245E-06  -6.1409265E-07   3.1790443E-06  -1.4183132E-06   1.5214778E-05   1.8774815E-06   1.0164179E-06  -2.5877467E-07  -1.4781129E-07   7.1664714E-09   1.4612274E-08   8.7270267E-08   1.2413749E-07
  4.3054235E-07   1.3479532E-05  -2.0730859E-06  -7.0684373E-07   8.6752821E-04  -2.3799050E-06   3.1571445E-05   2.3193572E-05  -2.3892392E-07   1.6325199E-02   8.7900263E-03  -3.7866636E-03   4.8020738E-03  -4.7752689E-04  -3.5233425E-05   9.3649027E-05  -3.8826562E-05   1.2372020E-03   3.5648389E-05   3.1259754E-05  -2.4595575E-05   3.9854524E-06   3.5069890E-08   3.2467604E-07   3.8002738E-06   7.4136895E-06
 -6.4331128E-08  -2.0730859E-06   4.2625263E-07  -5.8551128E-08  -1.3966600E-04   8.9567723E-07  -5.0199097E-06  -3.6497164E-06   3.2454200E-08  -2.3257052E-03  -1.2204655E-03   5.8124823E-04  -7.1073112E-04   6.1013499E-05   4.8060236E-06  -1.2755648E-05   6.7350336E-06  -1.6872745E-04  -4.8535665E-06  -4.3019135E-06   3.4204943E-06  -1.3258951E-06  -1.0771308E-08  -5.0947863E-08  -5.8550566E-07  -1.1137005E-06
  4.7319614E-07  -7.0684373E-07  -5.8551128E-08   5.4820576E-05   2.1680316E-04  -4.1539507E-08   1.0490199E-04   1.8161670E-05  -1.2128348E-06  -6.7068638E-03  -4.0286647E-03  -1.6431658E-05  -1.0787748E-03   3.2515656E-04   1.3521944E-05  -1.6498483E-06   1.0840094E-05  -3.0100807E-04   1.0347937E-07   4.5400609E-05   3.1510400E-06   1.3283779E-06  -2.1106784E-07  -2.4300060E-07  -1.8642924E-06   3.4452506E-08
  3.6917026E-05   8.6752821E-04  -1.3966600E-04   2.1680316E-04   6.2086244E-02  -1.5379653E-04   2.6107197E-03   1.8883172E-03   2.1303894E-06   1.0812186E+00   5.6582871E-01  -2.6345894E-01   3.2642417E-01  -2.8239938E-02  -2.1385048E-03   6.2364997E-03  -2.6428676E-03   8.2451195E-02   2.5860029E-03   1.8784069E-03  -1.6640626E-03   1.8635319E-04   5.6315757E-06   2.3597639E-05   2.8345462E-04   5.7567360E-04
  3.4644267E-08  -2.3799050E-06   8.9567723E-07  -4.1539507E-08  -1.5379653E-04   1.4708079E-05  -2.1075061E-06   9.7863125E-07   1.5877753E-07   3.0331626E-03   2.0520876E-03  -2.4292645E-04   8.4413603E-04  -1.2363501E-04  -5.0339752E-06   5.8019960E-06  -1.0009065E-05   3.6176239E-04  -3.3039869E-06  -4.2234292E-07  -1.1648903E-05  -3.9402417E-06  -3.1199832E-09  -7.5160661E-08   1.2290463E-06   2.0267847E-06
  2.1821473E-06   3.1571445E-05  -5.0199097E-06   1.0490199E-04   2.6107197E-03  -2.1075061E-06   3.1018501E-04   9.6512634E-05   9.1373388E-06   3.3585615E-02   1.5784709E-02  -3.1970620E-03   9.5573398E-03  -4.3688923E-04  -2.8770382E-05   1.8298581E-04  -4.7226219E-05   1.7300440E-03   8.3384311E-05   7.5311675E-05  -5.0142595E-05  -1.5800078E-05   3.2079783E-07   2.4606820E-07   6.7544383E-06   2.2682741E-05
  1.4324265E-06   2.3193572E-05  -3.6497164E-06   1.8161670E-05   1.8883172E-03   9.7863125E-07   9.6512634E-05   7.6327128E-05   7.8656985E-07   1.2109112E-02   1.0574365E-02  -1.4504375E-03   5.2974609E-03  -2.7925745E-04  -2.4482667E-06   1.1229360E-04  -1.4463720E-05   9.1365385E-04   9.5092832E-05   2.8402706E-05  -3.0873952E-05  -1.5919468E-05  -2.4162044E-08   4.4998680E-07   8.7537042E-06   1.6559928E-05
  2.5348428E-08  -2.3892392E-07   3.2454200E-08  -1.2128348E-06   2.1303894E-06   1.5877753E-07   9.1373388E-06   7.8656985E-07   6.0744792E-06   3.4971286E-03   3.8664077E-04   7.9829627E-04   7.8894387E-04   2.5676475E-05   3.1267329E-06   1.0453231E-06   3.7350110E-06   5.4476812E-06   3.0269450E-06   3.0051641E-06  -3.9145039E-07  -4.4200542E-06   8.8502258E-09  -5.4231759E-08   2.2873710E-08   3.7228115E-07
  2.9891974E-04   1.6325199E-02  -2.3257052E-03  -6.7068638E-03   1.0812186E+00   3.0331626E-03   3.3585615E-02   1.2109112E-02   3.4971286E-03   6.2443141E+02   6.7403337E+01  -5.4998791E+01   3.3213867E+01  -2.5562366E+01  -9.0133022E-01  -1.2497082E-01  -3.5458511E-01   1.2874719E+01  -2.3155013E-02   3.3839243E-01  -2.7919158E-01  -2.0360920E-01   7.0988299E-03   2.4826217E-03   9.9145726E-03   1.9808055E-02
  9.0262831E-05   8.7900263E-03  -1.2204655E-03  -4.0286647E-03   5.6582871E-01   2.0520876E-03   1.5784709E-02   1.0574365E-02   3.8664077E-04   6.7403337E+01   7.2430848E+01   5.8282116E+00   1.0583520E+01  -5.5001066E-01  -4.4009813E-02   5.0159429E-01   8.8009333E-01  -7.4417701E+00  -9.9282270E-03  -2.2198642E-01   1.9576432E-02   5.6701453E-02   9.6022172E-04   9.7110982E-04   5.9346997E-03   1.1589071E-02
 -1.1666416E-04  -3.7866636E-03   5.8124823E-04  -1.6431658E-05  -2.6345894E-01  -2.4292645E-04  -3.1970620E-03  -1.4504375E-03   7.9829627E-04  -5.4998791E+01   5.8282116E+00   1.6927736E+02  -8.0670174E+01   3.1005195E+00   3.4882302E-01  -1.0523198E+00   3.5353560E-01  -7.2212726E+00  -2.1713923E-02  -2.2280475E-01   5.3608596E-01  -1.3367118E-02   1.7992600E-03  -7.7330074E-03   1.8410571E-03   9.1558146E-04
  1.0533789E-04   4.8020738E-03  -7.1073112E-04  -1.0787748E-03   3.2642417E-01   8.4413603E-04   9.5573398E-03   5.2974609E-03   7.8894387E-04   3.3213867E+01   1.0583520E+01  -8.0670174E+01   5.1116234E+01   1.2721877E+00  -5.9253268E-02   7.5396895E-01  -2.3893261E-01  -2.1238211E+00   2.1987836E-02   1.3867418E-01  -4.3749199E-01  -1.0167984E-01  -5.9610501E-04   3.1862427E-03   6.0660953E-04   3.4645968E-03
  2.7677245E-06  -4.7752689E-04   6.1013499E-05   3.2515656E-04  -2.8239938E-02  -1.2363501E-04  -4.3688923E-04  -2.7925745E-04   2.5676475E-05  -2.5562366E+01  -5.5001066E-01   3.1005195E+00   1.2721877E+00   4.3199698E+00   1.0617717E-01   1.5045415E-01  -3.1277472E-02  -3.5628506E+00  -1.4495019E-02  -7.5476747E-03   1.5420432E-02   6.0971693E-02   4.2780344E-04  -1.7965293E-04  -5.1902217E-04  -5.4446755E-04
 -6.1409265E-07  -3.5233425E-05   4.8060236E-06   1.3521944E-05  -2.1385048E-03  -5.0339752E-06  -2.8770382E-05  -2.4482667E-06   3.1267329E-06  -9.0133022E-01  -4.4009813E-02   3.4882302E-01  -5.9253268E-02   1.0617717E-01   1.7221917E-02  -1.7377181E-02   1.2341570E-02  -1.0227661E-01   5.9705214E-05  -1.0244767E-03  -2.7262160E-03   5.1067941E-03   1.7199597E-05  -4.4157430E-05  -4.0585698E-06  -3.8387586E-06
  3.1790443E-06   9.3649027E-05  -1.2755648E-05  -1.6498483E-06   6.2364997E-03   5.8019960E-06   1.8298581E-04   1.1229360E-04   1.0453231E-06  -1.2497082E-01   5.0159429E-01  -1.0523198E+00   7.5396895E-01   1.5045415E-01  -1.7377181E-02   7.1267587E-02   4.5172077E-03  -1.5719561E-01   3.3555991E-04   6.4072308E-03  -1.3402631E-04  -1.7915932E-02  -1.1824715E-05   1.1266884E-04   5.5209707E-06   3.0641478E-05
 -1.4183132E-06  -3.8826562E-05   6.7350336E-06   1.0840094E-05  -2.6428676E-03  -1.0009065E-05  -4.7226219E-05  -1.4463720E-05   3.7350110E-06  -3.5458511E-01   8.8009333E-01   3.5353560E-01  -2.3893261E-01  -3.1277472E-02   1.2341570E-02   4.5172077E-03   8.2280769E-02   2.3543279E-02   3.0177921E-04  -3.9233489E-04   6.8494624E-04  -1.1414227E-04   1.3264629E-05  -7.8052819E-06   3.1490656E-06  -7.9912575E-06
  1.5214778E-05   1.2372020E-03  -1.6872745E-04  -3.0100807E-04   8.2451195E-02   3.6176239E-04   1.7300440E-03   9.1365385E-04   5.4476812E-06   1.2874719E+01  -7.4417701E+00  -7.2212726E+00  -2.1238211E+00  -3.5628506E+00  -1.0227661E-01  -1.5719561E-01   2.3543279E-02   7.2233180E+00   8.5750730E-03   7.6462164E-03  -1.0862925E-02  -4.9872205E-02  -3.7973794E-04   5.1616779E-05   4.1154961E-04   6.0084038E-04
  1.8774815E-06   3.5648389E-05  -4.8535665E-06   1.0347937E-07   2.5860029E-03  -3.3039869E-06   8.3384311E-05   9.5092832E-05   3.0269450E-06  -2.3155013E-02  -9.9282270E-03  -2.1713923E-02   2.1987836E-02  -1.4495019E-02   5.9705214E-05   3.3555991E-04   3.0177921E-04   8.5750730E-03   3.8415946E-02   3.1504780E-03  -4.7119021E-04  -6.0343256E-04   3.8376669E-05  -5.8902944E-06  -1.3506481E-05  -1.1846726E-05
  1.0164179E-06   3.1259754E-05  -4.3019135E-06   4.5400609E-05   1.8784069E-03  -4.2234292E-07   7.5311675E-05   2.8402706E-05   3.0051641E-06   3.3839243E-01  -2.2198642E-01  -2.2280475E-01   1.3867418E-01  -7.5476747E-03  -1.0244767E-03   6.4072308E-03  -3.9233489E-04   7.6462164E-03   3.1504780E-03   3.1146190E-02  -5.1839443E-04   5.4992031E-03  -8.1203292E-05  -4.3723980E-05  -7.8027226E-05  -8.2671629E-05
 -2.5877467E-07  -2.4595575E-05   3.4204943E-06   3.1510400E-06  -1.6640626E-03  -1.1648903E-05  -5.0142595E-05  -3.0873952E-05  -3.9145039E-07  -2.7919158E-01   1.9576432E-02   5.3608596E-01  -4.3749199E-01   1.5420432E-02  -2.7262160E-03  -1.3402631E-04   6.8494624E-04  -1.0862925E-02  -4.7119021E-04  -5.1839443E-04   1.0566844E-02   8.4429207E-03   4.4786771E-06   6.3604697E-05   1.7108375E-06  -2.4309067E-05
 -1.4781129E-07   3.9854524E-06  -1.3258951E-06   1.3283779E-06   1.8635319E-04  -3.9402417E-06  -1.5800078E-05  -1.5919468E-05  -4.4200542E-06  -2.0360920E-01   5.6701453E-02  -1.3367118E-02  -1.0167984E-01   6.0971693E-02   5.1067941E-03  -1.7915932E-02  -1.1414227E-04  -4.9872205E-02  -6.0343256E-04   5.4992031E-03   8.4429207E-03   2.6431546E-02  -2.4588452E-06   5.6616451E-05  -2.7481402E-05  -1.0690465E-05
  7.1664714E-09   3.5069890E-08  -1.0771308E-08  -2.1106784E-07   5.6315757E-06  -3.1199832E-09   3.2079783E-07  -2.4162044E-08   8.8502258E-09   7.0988299E-03   9.6022172E-04   1.7992600E-03  -5.9610501E-04   4.2780344E-04   1.7199597E-05  -1.1824715E-05   1.3264629E-05  -3.7973794E-04   3.8376669E-05  -8.1203292E-05   4.4786771E-06  -2.4588452E-06   1.1250492E-06   3.7501529E-08   3.3713875E-07   6.6449900E-07
  1.4612274E-08   3.2467604E-07  -5.0947863E-08  -2.4300060E-07   2.3597639E-05  -7.5160661E-08   2.4606820E-07   4.4998680E-07  -5.4231759E-08   2.4826217E-03   9.7110982E-04  -7.7330074E-03   3.1862427E-03  -1.7965293E-04  -4.4157430E-05   1.1266884E-04  -7.8052819E-06   5.1616779E-05  -5.8902944E-06  -4.3723980E-05   6.3604697E-05   5.6616451E-05   3.7501529E-08   2.4624886E-06   3.8019856E-07   3.3746949E-07
  8.7270267E-08   3.8002738E-06  -5.8550566E-07  -1.8642924E-06   2.8345462E-04   1.2290463E-06   6.7544383E-06   8.7537042E-06   2.2873710E-08   9.9145726E-03   5.9346997E-03   1.8410571E-03   6.0660953E-04  -5.1902217E-04  -4.0585698E-06   5.5209707E-06   3.1490656E-06   4.1154961E-04  -1.3506481E-05  -7.8027226E-05   1.7108375E-06  -2.7481402E-05   3.3713875E-07   3.8019856E-07   2.4388831E-05   1.1199140E-05
  1.2413749E-07   7.4136895E-06  -1.1137005E-06   3.4452506E-08   5.7567360E-04   2.0267847E-06   2.2682741E-05   1.6559928E-05   3.7228115E-07   1.9808055E-02   1.1589071E-02   9.1558146E-04   3.4645968E-03  -5.4446755E-04  -3.8387586E-06   3.0641478E-05  -7.9912575E-06   6.0084038E-04  -1.1846726E-05  -8.2671629E-05  -2.4309067E-05  -1.0690465E-05   6.6449900E-07   3.3746949E-07   1.1199140E-05   3.0351089E-05
