# omegabh2 omegach2 theta tau omegak logA ns calPlanck aps100 aps143 aps217 acib217 asz143 psr cibr xi aksz dust100 dust143 dust217 dust143x217 cal0 cal2
  4.9679097E-08  -2.4195375E-07   4.9491748E-08   5.2324599E-07  -2.9533149E-07   7.0050029E-07   7.1222779E-07   4.3669444E-08  -7.2460795E-04  -5.3193572E-04   1.6931971E-04  -2.6606320E-04   4.6089215E-05   2.0140910E-06  -3.6846535E-06   2.4376418E-06  -8.0839791E-05   7.2137486E-07  -1.8936418E-06   2.0238391E-06   4.9525821E-07   1.5243463E-08  -5.7786290E-09
 -2.4195375E-07   3.8741169E-06  -4.4287655E-07  -6.4122766E-06   4.1388620E-06  -4.9895970E-06  -8.8559233E-06  -4.4114772E-07   1.5597767E-03   2.1180851E-03  -6.1380195E-04   1.1083619E-03  -1.5914305E-04  -1.6858347E-05   3.0028223E-05  -2.5338552E-05   2.5262665E-04  -5.4075496E-06   1.2718712E-05  -9.5864964E-06  -9.0193789E-06  -1.7345478E-07  -6.3307109E-09
  4.9491748E-08  -4.4287655E-07   2.3029886E-07   7.2693193E-07  -6.0349778E-07   7.1018360E-07   1.3020702E-06   2.8795752E-08  -1.9764694E-04  -3.3987388E-04   5.3684327E-06  -1.3403683E-04   3.1816730E-05   3.2221675E-06  -5.2449073E-06   4.3636368E-06  -4.0985233E-05  -4.6494468E-07  -8.1482999E-07   7.2610624E-07   2.1066815E-06   1.2905931E-08  -9.5046642E-09
  5.2324599E-07  -6.4122766E-06   7.2693193E-07   6.2697377E-05  -5.3928064E-06   1.0833948E-04   1.7846754E-05  -7.5588826E-07  -1.3647115E-02  -8.3949617E-03   1.2565758E-03  -3.5508766E-03   2.7998965E-04   4.1353751E-05  -9.2282307E-05   4.5744444E-05  -5.9611156E-04   2.8919084E-05  -1.8450943E-05   2.3872156E-05   1.6822573E-05   4.5585976E-09   8.4524165E-08
 -2.9533149E-07   4.1388620E-06  -6.0349778E-07  -5.3928064E-06   6.1682245E-06  -2.2339110E-06  -9.7423444E-06  -3.2003071E-07   2.5732489E-03   2.8639597E-03  -7.6496302E-04   1.5246608E-03  -1.6087192E-04  -1.5853353E-05   3.2605703E-05  -2.5892627E-05   1.8633005E-04  -9.9813942E-06   1.9684663E-05  -1.2966768E-05  -7.2626313E-06  -2.1323908E-07  -9.1603232E-09
  7.0050029E-07  -4.9895970E-06   7.1018360E-07   1.0833948E-04  -2.2339110E-06   2.2637465E-04   1.6334991E-05   9.6887770E-06  -2.0499545E-02  -1.0712903E-02   7.7329607E-03  -5.3067022E-03   7.1291337E-04   6.3499884E-05  -1.1042464E-04   8.2838698E-05  -2.1290161E-03   5.7721661E-06  -8.3512058E-05   5.3547908E-05   4.5460766E-06   2.6258379E-07   2.0187914E-07
  7.1222779E-07  -8.8559233E-06   1.3020702E-06   1.7846754E-05  -9.7423444E-06   1.6334991E-05   3.1611364E-05   1.0734216E-06  -2.7071796E-02  -1.2234844E-02   1.0315805E-02  -8.3279469E-03   9.7635579E-04   1.0834225E-04  -1.7417108E-04   1.2281000E-04  -2.7399249E-03   5.0707843E-05  -4.9742895E-05   4.5423597E-05   1.2369495E-05  -3.1978298E-08  -2.9664130E-07
  4.3669444E-08  -4.4114772E-07   2.8795752E-08  -7.5588826E-07  -3.2003071E-07   9.6887770E-06   1.0734216E-06   6.1306752E-06   2.6002880E-03   5.8372791E-04   1.0105838E-03   7.6129813E-04   1.5128703E-04  -4.1556417E-06   2.4104429E-05   9.2171296E-06  -2.4842123E-04  -1.2271565E-05   9.5574572E-06   6.6029207E-06  -5.2624196E-07  -1.0082423E-08   1.0067993E-08
 -7.2460795E-04   1.5597767E-03  -1.9764694E-04  -1.3647115E-02   2.5732489E-03  -2.0499545E-02  -2.7071796E-02   2.6002880E-03   6.0893000E+02   6.3829129E+01  -5.6370404E+01   2.9755894E+01  -2.6532343E+01  -8.9225119E-01  -1.2303620E-01  -1.5578212E-01   1.3818707E+01  -3.3148489E-01   3.4205030E-01  -2.5937476E-01  -2.5362489E-01   5.6835530E-03   2.2436623E-03
 -5.3193572E-04   2.1180851E-03  -3.3987388E-04  -8.3949617E-03   2.8639597E-03  -1.0712903E-02  -1.2234844E-02   5.8372791E-04   6.3829129E+01   6.9602217E+01   6.6927060E+00   9.2822584E+00  -7.9077577E-01  -2.3344495E-02   4.5561506E-01   8.6510597E-01  -7.6967205E+00  -6.5561639E-02  -2.0184217E-01   9.4893554E-04   2.3680468E-02   6.6201061E-04   4.5782293E-04
  1.6931971E-04  -6.1380195E-04   5.3684327E-06   1.2565758E-03  -7.6496302E-04   7.7329607E-03   1.0315805E-02   1.0105838E-03  -5.6370404E+01   6.6927060E+00   1.7325202E+02  -8.0870208E+01   3.2153226E+00   3.7194328E-01  -9.6841305E-01   3.3471773E-01  -7.8756064E+00   8.7604365E-02  -2.2542558E-01   5.1116350E-01  -6.3576754E-03   1.7018876E-03  -7.7373000E-03
 -2.6606320E-04   1.1083619E-03  -1.3403683E-04  -3.5508766E-03   1.5246608E-03  -5.3067022E-03  -8.3279469E-03   7.6129813E-04   2.9755894E+01   9.2822584E+00  -8.0870208E+01   5.0559784E+01   1.3086432E+00  -5.3465866E-02   6.6724383E-01  -2.2877666E-01  -2.4911709E+00  -5.4715746E-02   1.4529152E-01  -4.2530955E-01  -1.0746961E-01  -6.6667253E-04   3.0757953E-03
  4.6089215E-05  -1.5914305E-04   3.1816730E-05   2.7998965E-04  -1.6087192E-04   7.1291337E-04   9.7635579E-04   1.5128703E-04  -2.6532343E+01  -7.9077577E-01   3.2153226E+00   1.3086432E+00   4.4232394E+00   1.0437129E-01   1.4465371E-01  -4.1735687E-02  -3.6851823E+00  -3.6261469E-03  -1.3029216E-02   1.2217449E-02   5.6522605E-02   4.7833011E-04  -2.6676829E-04
  2.0140910E-06  -1.6858347E-05   3.2221675E-06   4.1353751E-05  -1.5853353E-05   6.3499884E-05   1.0834225E-04  -4.1556417E-06  -8.9225119E-01  -2.3344495E-02   3.7194328E-01  -5.3465866E-02   1.0437129E-01   1.6371311E-02  -1.6749842E-02   1.1607638E-02  -1.1034872E-01  -1.3789598E-05  -1.5447254E-03  -2.4244271E-03   5.6286622E-03   1.7016719E-05  -3.4994045E-05
 -3.6846535E-06   3.0028223E-05  -5.2449073E-06  -9.2282307E-05   3.2605703E-05  -1.1042464E-04  -1.7417108E-04   2.4104429E-05  -1.2303620E-01   4.5561506E-01  -9.6841305E-01   6.6724383E-01   1.4465371E-01  -1.6749842E-02   6.6485368E-02   5.9324694E-03  -1.4679565E-01   1.9029114E-04   6.3272299E-03  -3.2167318E-05  -1.8521997E-02  -6.5951543E-06   8.7896016E-05
  2.4376418E-06  -2.5338552E-05   4.3636368E-06   4.5744444E-05  -2.5892627E-05   8.2838698E-05   1.2281000E-04   9.2171296E-06  -1.5578212E-01   8.6510597E-01   3.3471773E-01  -2.2877666E-01  -4.1735687E-02   1.1607638E-02   5.9324694E-03   8.3641305E-02   3.9577108E-02   4.8352718E-04   2.0255447E-04   3.6924171E-04  -6.2512114E-04   1.4797097E-05  -4.4764782E-06
 -8.0839791E-05   2.5262665E-04  -4.0985233E-05  -5.9611156E-04   1.8633005E-04  -2.1290161E-03  -2.7399249E-03  -2.4842123E-04   1.3818707E+01  -7.6967205E+00  -7.8756064E+00  -2.4911709E+00  -3.6851823E+00  -1.1034872E-01  -1.4679565E-01   3.9577108E-02   7.5469971E+00  -1.1728845E-02   4.6200582E-03   1.8704178E-04  -4.2848306E-02  -3.4954386E-04   1.2694207E-04
  7.2137486E-07  -5.4075496E-06  -4.6494468E-07   2.8919084E-05  -9.9813942E-06   5.7721661E-06   5.0707843E-05  -1.2271565E-05  -3.3148489E-01  -6.5561639E-02   8.7604365E-02  -5.4715746E-02  -3.6261469E-03  -1.3789598E-05   1.9029114E-04   4.8352718E-04  -1.1728845E-02   3.8719352E-02   2.6587446E-03   1.7405699E-04  -3.3604619E-04   3.6232302E-05  -1.4576609E-05
 -1.8936418E-06   1.2718712E-05  -8.1482999E-07  -1.8450943E-05   1.9684663E-05  -8.3512058E-05  -4.9742895E-05   9.5574572E-06   3.4205030E-01  -2.0184217E-01  -2.2542558E-01   1.4529152E-01  -1.3029216E-02  -1.5447254E-03   6.3272299E-03   2.0255447E-04   4.6200582E-03   2.6587446E-03   3.0003931E-02  -6.9552044E-04   4.7674914E-03  -7.9516003E-05  -4.3454727E-05
  2.0238391E-06  -9.5864964E-06   7.2610624E-07   2.3872156E-05  -1.2966768E-05   5.3547908E-05   4.5423597E-05   6.6029207E-06  -2.5937476E-01   9.4893554E-04   5.1116350E-01  -4.2530955E-01   1.2217449E-02  -2.4244271E-03  -3.2167318E-05   3.6924171E-04   1.8704178E-04   1.7405699E-04  -6.9552044E-04   9.9535309E-03   7.8273885E-03   4.4066883E-06   5.9813937E-05
  4.9525821E-07  -9.0193789E-06   2.1066815E-06   1.6822573E-05  -7.2626313E-06   4.5460766E-06   1.2369495E-05  -5.2624196E-07  -2.5362489E-01   2.3680468E-02  -6.3576754E-03  -1.0746961E-01   5.6522605E-02   5.6286622E-03  -1.8521997E-02  -6.2512114E-04  -4.2848306E-02  -3.3604619E-04   4.7674914E-03   7.8273885E-03   2.5487599E-02  -3.0514305E-06   5.2099156E-05
  1.5243463E-08  -1.7345478E-07   1.2905931E-08   4.5585976E-09  -2.1323908E-07   2.6258379E-07  -3.1978298E-08  -1.0082423E-08   5.6835530E-03   6.6201061E-04   1.7018876E-03  -6.6667253E-04   4.7833011E-04   1.7016719E-05  -6.5951543E-06   1.4797097E-05  -3.4954386E-04   3.6232302E-05  -7.9516003E-05   4.4066883E-06  -3.0514305E-06   1.1149392E-06   5.0364600E-09
 -5.7786290E-09  -6.3307109E-09  -9.5046642E-09   8.4524165E-08  -9.1603232E-09   2.0187914E-07  -2.9664130E-07   1.0067993E-08   2.2436623E-03   4.5782293E-04  -7.7373000E-03   3.0757953E-03  -2.6676829E-04  -3.4994045E-05   8.7896016E-05  -4.4764782E-06   1.2694207E-04  -1.4576609E-05  -4.3454727E-05   5.9813937E-05   5.2099156E-05   5.0364600E-09   2.4386592E-06
