# omegabh2 omegach2 theta tau w wa logA ns alpha_JLA beta_JLA calPlanck acib217 xi asz143 aps100 aps143 aps143217 aps217 aksz kgal100 kgal143 kgal143217 kgal217 galfTE100 galfTE100143 galfTE100217 galfTE143 galfTE143217 galfTE217 cal0 cal2
  2.0832427E-08  -9.5178464E-08   1.4391455E-08   2.2196842E-07  -5.9443573E-07   1.0622401E-05   3.2524985E-07   2.3589628E-07   2.4931312E-10   3.4029561E-08   1.3168383E-08  -6.3903774E-05   7.2675121E-07   1.7228329E-05  -2.6077814E-04  -1.9670503E-04  -7.1959985E-05  -4.8029234E-06  -3.3637994E-05  -2.0899342E-06  -9.0328363E-06  -1.2818440E-05   2.7351738E-06  -1.4557611E-07  -2.3493868E-08  -1.8716797E-07  -2.4579233E-07  -6.4201159E-07  -2.4519801E-06   2.1975988E-09  -1.4540731E-09
 -9.5178464E-08   1.5329270E-06  -1.2383663E-07  -2.1052225E-06   1.4207192E-05  -1.6218081E-04  -7.7106762E-07  -3.5054744E-06   5.4311794E-08  -1.4014425E-06  -1.2103331E-07  -4.7622829E-05   7.8783146E-06  -6.4622771E-05   3.7440375E-04   8.8312679E-04   6.6695573E-04   5.3067701E-04   3.3157899E-05  -3.0286966E-05  -2.4037176E-06   3.9490006E-05   9.1211018E-05   7.9214481E-07  -1.0599992E-07   1.3139800E-06   1.6883370E-06   4.1407582E-06   1.3352950E-05  -4.0829827E-09  -6.7005269E-09
  1.4391455E-08  -1.2383663E-07   9.1890193E-08   3.0514121E-07  -1.2690391E-06   1.7774882E-05   4.3505432E-07   4.1367750E-07   2.9385765E-11   9.3615807E-10   2.1534627E-08   1.0465389E-05  -2.7110972E-07   4.6115083E-06  -2.7104034E-05  -7.1896001E-05  -3.7359917E-05  -5.0466930E-05  -7.0847258E-06   1.2218182E-05   1.2491010E-05   7.6908217E-07  -1.0269526E-06  -8.9999069E-08  -5.6277432E-08  -2.5250955E-07  -2.7324340E-07  -4.4223660E-07  -1.3720651E-06  -7.9304694E-10   2.3680944E-10
  2.2196842E-07  -2.1052225E-06   3.0514121E-07   5.9786323E-05  -2.6575836E-05   2.6179143E-04   1.1370374E-04   7.6914501E-06   2.9974925E-07   9.1958197E-06  -6.2812747E-07  -1.9770865E-03   4.3004637E-05   3.7230344E-04  -1.2411234E-02  -4.2831576E-03  -5.5139113E-04   1.1410376E-03  -1.0713888E-03  -5.1552104E-05  -3.6309126E-04  -7.2809898E-04  -6.6387806E-04   3.5734507E-06   2.7628817E-06   2.8492494E-06  -9.0748273E-06  -7.5642374E-06  -6.7956656E-05  -1.3808953E-08  -2.3380184E-08
 -5.9443573E-07   1.4207192E-05  -1.2690391E-06  -2.6575836E-05   9.3410013E-03  -3.1933470E-02  -3.4254900E-05  -3.0335365E-05  -4.0449167E-05  -8.3264448E-04  -8.4890945E-06  -1.6255206E-03  -9.3368458E-05   9.9481596E-04  -1.7480507E-02  -8.5135536E-05  -1.7566344E-03   2.5464000E-04  -2.8708128E-03   1.7158961E-03  -1.8530887E-03  -1.8546007E-04  -1.8841084E-03   5.1243305E-06  -1.6350586E-05  -7.4738227E-05  -2.0900258E-05   1.7277555E-05   3.9023197E-04  -1.2527779E-07  -5.4681471E-07
  1.0622401E-05  -1.6218081E-04   1.7774882E-05   2.6179143E-04  -3.1933470E-02   1.3104515E-01   2.0800343E-04   3.7679596E-04   1.1427613E-04   2.4602372E-03   3.7312050E-05  -1.5976632E-02   4.3596302E-04   3.1990084E-03   1.1470729E-02  -6.7238652E-02  -3.3500948E-02  -1.4037950E-02   7.9576536E-03  -4.2077703E-03   5.0722950E-03   2.2399471E-03   1.7147956E-02  -7.2123211E-05   6.0084012E-05   1.5179458E-04  -3.1106567E-05  -4.6719712E-04  -2.8533574E-03   1.2346737E-06   1.5541177E-06
  3.2524985E-07  -7.7106762E-07   4.3505432E-07   1.1370374E-04  -3.4254900E-05   2.0800343E-04   2.5157763E-04   6.4470415E-06   1.7470550E-06   2.0139391E-05   1.0914833E-05  -4.2195853E-03   1.7352765E-04   5.3712183E-04  -2.0140774E-02  -4.9290317E-03   3.4046822E-03   9.1182411E-03  -2.9745075E-03  -5.4285449E-04  -1.2953870E-03  -1.9559167E-03   3.5830167E-06   1.4731057E-05   5.3041909E-06   4.8892603E-06  -1.8921428E-05  -6.1483886E-06  -9.6188356E-05   6.1326049E-08  -1.1381686E-07
  2.3589628E-07  -3.5054744E-06   4.1367750E-07   7.6914501E-06  -3.0335365E-05   3.7679596E-04   6.4470415E-06   1.6836890E-05  -1.8241133E-07   3.5656405E-06   4.7151439E-07  -3.2108479E-03   6.6910887E-05   8.7835129E-04  -1.9956463E-02  -6.4238964E-03   5.4604074E-04   3.2499681E-03  -1.9240877E-03   3.6184907E-04  -2.9608923E-04  -4.6819296E-04   4.0778119E-04  -1.0923267E-06   1.2870565E-06  -3.9424671E-06  -4.2881912E-06  -1.0416950E-05  -3.6047279E-05  -7.0669615E-08  -4.7888988E-08
  2.4931312E-10   5.4311794E-08   2.9385765E-11   2.9974925E-07  -4.0449167E-05   1.1427613E-04   1.7470550E-06  -1.8241133E-07   4.4577619E-05  -2.6711197E-05   4.1835375E-07  -2.0939772E-04   2.0332442E-05   1.8562462E-05   7.9390758E-05  -1.1038240E-04   6.6151395E-04   5.7334308E-04   1.1971201E-05  -3.6671799E-05  -1.0949037E-04  -6.8596773E-05   1.2088521E-05   3.0111389E-06   1.5823158E-06   1.2273270E-06   2.4105517E-06   1.7468636E-06  -2.3921309E-05   2.5850636E-08  -1.9295425E-08
  3.4029561E-08  -1.4014425E-06   9.3615807E-10   9.1958197E-06  -8.3264448E-04   2.4602372E-03   2.0139391E-05   3.5656405E-06  -2.6711197E-05   6.5141734E-03   2.1933509E-06  -2.5260617E-03   1.9604313E-04   8.0634972E-04  -1.0742163E-02   1.8118699E-03   6.9763852E-03   5.9285850E-03  -5.0598235E-04   1.0168047E-03   1.7344684E-03   2.2728505E-03   3.3653273E-03  -2.6013186E-05  -2.2662524E-05   3.2662962E-05  -1.0291282E-05  -2.2649919E-05   9.6241014E-05   2.1531688E-07   1.8492982E-07
  1.3168383E-08  -1.2103331E-07   2.1534627E-08  -6.2812747E-07  -8.4890945E-06   3.7312050E-05   1.0914833E-05   4.7151439E-07   4.1835375E-07   2.1933509E-06   6.2003162E-06   7.7358682E-04   1.3751597E-05  -3.5411937E-05   4.1274836E-03   7.6502708E-04   6.2114522E-04   1.2014177E-03  -5.5874702E-05  -2.4413782E-05   3.0218979E-06  -4.8964169E-05   5.4604961E-04   3.0532001E-06   5.1189729E-07  -2.0898856E-06  -1.8401433E-06   1.4171301E-07   8.8250531E-06  -1.7755834E-08  -1.2507202E-08
 -6.3903774E-05  -4.7622829E-05   1.0465389E-05  -1.9770865E-03  -1.6255206E-03  -1.5976632E-02  -4.2195853E-03  -3.2108479E-03  -2.0939772E-04  -2.5260617E-03   7.7358682E-04   4.4578759E+01  -3.6916327E-01  -9.3884932E-01   3.5839983E+01   2.0976374E+00  -1.2468000E+01  -5.5138996E+01  -4.1020852E-01   2.6755310E-01   5.2342208E-01  -6.0035672E+00  -3.3571297E+01  -3.0877440E-03  -4.4750854E-04   2.6206093E-03  -2.9219407E-03  -2.8748358E-03   2.3151124E-02  -1.7994108E-04   7.5291771E-04
  7.2675121E-07   7.8783146E-06  -2.7110972E-07   4.3004637E-05  -9.3368458E-05   4.3596302E-04   1.7352765E-04   6.6910887E-05   2.0332442E-05   1.9604313E-04   1.3751597E-05  -3.6916327E-01   7.9650269E-02  -2.4121520E-02  -5.9006084E-01   9.1994269E-01   1.7146423E+00   6.4584693E-01   2.8990482E-02  -1.1285726E-02   1.2308166E-02   1.2112194E-01   1.4788426E-01  -8.0566127E-05   6.1179264E-05   8.4892925E-06  -7.4294306E-06   1.5763181E-04  -5.9073966E-04   4.6141885E-06  -4.1344311E-06
  1.7228329E-05  -6.4622771E-05   4.6115083E-06   3.7230344E-04   9.9481596E-04   3.1990084E-03   5.3712183E-04   8.7835129E-04   1.8562462E-05   8.0634972E-04  -3.5411937E-05  -9.3884932E-01  -2.4121520E-02   3.7275047E+00  -2.9439635E+01  -2.9601373E+00   7.8078135E+00   5.3538198E+00  -2.5969274E+00  -2.0415374E-01   1.3870468E-01   2.6005525E+00   3.2444241E+00  -4.5817630E-04  -4.2662812E-04   1.3276383E-03  -3.8520039E-04   5.4433827E-05  -7.6812108E-04   1.1927402E-04  -3.8045260E-05
 -2.6077814E-04   3.7440375E-04  -2.7104034E-05  -1.2411234E-02  -1.7480507E-02   1.1470729E-02  -2.0140774E-02  -1.9956463E-02   7.9390758E-05  -1.0742163E-02   4.1274836E-03   3.5839983E+01  -5.9006084E-01  -2.9439635E+01   7.7315750E+02   6.6881847E+01  -5.3208918E+01  -5.8924124E+01   1.1988268E+01  -6.0225304E+00   5.7278264E+00  -1.2243121E+01  -2.4124991E+01   2.3590394E-02   3.8817466E-03  -2.0991344E-02   2.2840364E-02   1.6432563E-02   9.3011136E-02   3.5795720E-03   6.2868654E-04
 -1.9670503E-04   8.8312679E-04  -7.1896001E-05  -4.2831576E-03  -8.5135536E-05  -6.7238652E-02  -4.9290317E-03  -6.4238964E-03  -1.1038240E-04   1.8118699E-03   7.6502708E-04   2.0976374E+00   9.1994269E-01  -2.9601373E+00   6.6881847E+01   6.0706687E+01   4.0798895E+01   1.5003332E+01  -5.3565477E+00  -3.0320682E-01  -1.3275732E+00   3.3917370E+00   3.8184821E+00   7.4887500E-04   2.8725344E-03  -8.0885048E-03   2.3137621E-03   1.0983831E-02   1.7820425E-02   9.9515402E-05   5.8359975E-05
 -7.1959985E-05   6.6695573E-04  -3.7359917E-05  -5.5139113E-04  -1.7566344E-03  -3.3500948E-02   3.4046822E-03   5.4604074E-04   6.6151395E-04   6.9763852E-03   6.2114522E-04  -1.2468000E+01   1.7146423E+00   7.8078135E+00  -5.3208918E+01   4.0798895E+01   8.6035931E+01   5.2652708E+01  -1.1941780E+01  -8.6250226E-01  -7.6746043E-01   5.0674107E+00   7.8265938E+00  -2.2923138E-03   1.4604029E-03   9.1503927E-04  -1.2981568E-03   8.8225568E-03  -9.4155908E-03   4.6430525E-04  -4.3400822E-04
 -4.8029234E-06   5.3067701E-04  -5.0466930E-05   1.1410376E-03   2.5464000E-04  -1.4037950E-02   9.1182411E-03   3.2499681E-03   5.7334308E-04   5.9285850E-03   1.2014177E-03  -5.5138996E+01   6.4584693E-01   5.3538198E+00  -5.8924124E+01   1.5003332E+01   5.2652708E+01   1.0341283E+02  -8.8226402E+00  -7.1826745E-01  -1.3371836E+00   5.6406709E+00   3.3607464E+01   5.5922902E-03   3.6228232E-04  -5.7168730E-03   2.7886362E-03   7.3152060E-03  -3.2172605E-02   4.3295765E-04  -1.4035752E-03
 -3.3637994E-05   3.3157899E-05  -7.0847258E-06  -1.0713888E-03  -2.8708128E-03   7.9576536E-03  -2.9745075E-03  -1.9240877E-03   1.1971201E-05  -5.0598235E-04  -5.5874702E-05  -4.1020852E-01   2.8990482E-02  -2.5969274E+00   1.1988268E+01  -5.3565477E+00  -1.1941780E+01  -8.8226402E+00   5.7275457E+00   1.1556788E-01  -1.6520420E-01  -1.9807373E+00  -2.0076879E+00   4.8093963E-05   3.3324282E-04   1.4495002E-03   1.4047445E-03   1.8808912E-04   9.0467017E-03  -7.2043336E-05   1.2538573E-05
 -2.0899342E-06  -3.0286966E-05   1.2218182E-05  -5.1552104E-05   1.7158961E-03  -4.2077703E-03  -5.4285449E-04   3.6184907E-04  -3.6671799E-05   1.0168047E-03  -2.4413782E-05   2.6755310E-01  -1.1285726E-02  -2.0415374E-01  -6.0225304E+00  -3.0320682E-01  -8.6250226E-01  -7.1826745E-01   1.1556788E-01   3.3561037E+00   5.2009869E-01   1.1007245E-01  -3.7782412E-02  -1.1104361E-03  -8.4783006E-05  -8.0360707E-04  -7.3219550E-04  -1.6404638E-03  -5.7273046E-03   1.7505823E-04  -1.0443163E-05
 -9.0328363E-06  -2.4037176E-06   1.2491010E-05  -3.6309126E-04  -1.8530887E-03   5.0722950E-03  -1.2953870E-03  -2.9608923E-04  -1.0949037E-04   1.7344684E-03   3.0218979E-06   5.2342208E-01   1.2308166E-02   1.3870468E-01   5.7278264E+00  -1.3275732E+00  -7.6746043E-01  -1.3371836E+00  -1.6520420E-01   5.2009869E-01   3.1926007E+00   2.7596946E+00   2.8052153E+00   3.1331283E-04  -3.0051004E-04  -1.3187216E-04   1.0191325E-04   1.9696240E-03  -2.9945567E-04  -1.8176522E-04  -3.3357798E-05
 -1.2818440E-05   3.9490006E-05   7.6908217E-07  -7.2809898E-04  -1.8546007E-04   2.2399471E-03  -1.9559167E-03  -4.6819296E-04  -6.8596773E-05   2.2728505E-03  -4.8964169E-05  -6.0035672E+00   1.2112194E-01   2.6005525E+00  -1.2243121E+01   3.3917370E+00   5.0674107E+00   5.6406709E+00  -1.9807373E+00   1.1007245E-01   2.7596946E+00   1.0832105E+01   1.9443199E+01   1.8681176E-03   6.7069134E-04   5.8117437E-04   6.3159478E-05   2.9122567E-03   1.1251469E-02  -2.8515628E-05   4.0781237E-04
  2.7351738E-06   9.1211018E-05  -1.0269526E-06  -6.6387806E-04  -1.8841084E-03   1.7147956E-02   3.5830167E-06   4.0778119E-04   1.2088521E-05   3.3653273E-03   5.4604961E-04  -3.3571297E+01   1.4788426E-01   3.2444241E+00  -2.4124991E+01   3.8184821E+00   7.8265938E+00   3.3607464E+01  -2.0076879E+00  -3.7782412E-02   2.8052153E+00   1.9443199E+01   5.3956665E+01   4.0583158E-03   1.1271252E-03  -2.8041205E-04   8.2471395E-04   3.6086255E-03   1.0038601E-02   3.5493527E-05   9.0982422E-04
 -1.4557611E-07   7.9214481E-07  -8.9999069E-08   3.5734507E-06   5.1243305E-06  -7.2123211E-05   1.4731057E-05  -1.0923267E-06   3.0111389E-06  -2.6013186E-05   3.0532001E-06  -3.0877440E-03  -8.0566127E-05  -4.5817630E-04   2.3590394E-02   7.4887500E-04  -2.2923138E-03   5.5922902E-03   4.8093963E-05  -1.1104361E-03   3.1331283E-04   1.8681176E-03   4.0583158E-03   1.4509915E-03   2.6913863E-04   7.3190142E-05  -3.8334088E-04  -9.9978193E-05  -1.8589259E-04   9.6345098E-08  -2.5439118E-07
 -2.3493868E-08  -1.0599992E-07  -5.6277432E-08   2.7628817E-06  -1.6350586E-05   6.0084012E-05   5.3041909E-06   1.2870565E-06   1.5823158E-06  -2.2662524E-05   5.1189729E-07  -4.4750854E-04   6.1179264E-05  -4.2662812E-04   3.8817466E-03   2.8725344E-03   1.4604029E-03   3.6228232E-04   3.3324282E-04  -8.4783006E-05  -3.0051004E-04   6.7069134E-04   1.1271252E-03   2.6913863E-04   8.7058334E-04   2.8649722E-05   7.1482086E-04   2.5812648E-05  -7.6704680E-04  -9.1462772E-08   1.0186309E-07
 -1.8716797E-07   1.3139800E-06  -2.5250955E-07   2.8492494E-06  -7.4738227E-05   1.5179458E-04   4.8892603E-06  -3.9424671E-06   1.2273270E-06   3.2662962E-05  -2.0898856E-06   2.6206093E-03   8.4892925E-06   1.3276383E-03  -2.0991344E-02  -8.0885048E-03   9.1503927E-04  -5.7168730E-03   1.4495002E-03  -8.0360707E-04  -1.3187216E-04   5.8117437E-04  -2.8041205E-04   7.3190142E-05   2.8649722E-05   7.1729122E-03  -3.3637632E-04   6.1452062E-04   4.5438425E-03  -2.3622730E-07   5.2501400E-07
 -2.4579233E-07   1.6883370E-06  -2.7324340E-07  -9.0748273E-06  -2.0900258E-05  -3.1106567E-05  -1.8921428E-05  -4.2881912E-06   2.4105517E-06  -1.0291282E-05  -1.8401433E-06  -2.9219407E-03  -7.4294306E-06  -3.8520039E-04   2.2840364E-02   2.3137621E-03  -1.2981568E-03   2.7886362E-03   1.4047445E-03  -7.3219550E-04   1.0191325E-04   6.3159478E-05   8.2471395E-04  -3.8334088E-04   7.1482086E-04  -3.3637632E-04   2.8948614E-03   5.2931073E-04  -8.1260053E-04  -7.5173606E-08   2.5078456E-07
 -6.4201159E-07   4.1407582E-06  -4.4223660E-07  -7.5642374E-06   1.7277555E-05  -4.6719712E-04  -6.1483886E-06  -1.0416950E-05   1.7468636E-06  -2.2649919E-05   1.4171301E-07  -2.8748358E-03   1.5763181E-04   5.4433827E-05   1.6432563E-02   1.0983831E-02   8.8225568E-03   7.3152060E-03   1.8808912E-04  -1.6404638E-03   1.9696240E-03   2.9122567E-03   3.6086255E-03  -9.9978193E-05   2.5812648E-05   6.1452062E-04   5.2931073E-04   6.3408919E-03   8.0150137E-03   7.6493591E-08  -7.0523683E-08
 -2.4519801E-06   1.3352950E-05  -1.3720651E-06  -6.7956656E-05   3.9023197E-04  -2.8533574E-03  -9.6188356E-05  -3.6047279E-05  -2.3921309E-05   9.6241014E-05   8.8250531E-06   2.3151124E-02  -5.9073966E-04  -7.6812108E-04   9.3011136E-02   1.7820425E-02  -9.4155908E-03  -3.2172605E-02   9.0467017E-03  -5.7273046E-03  -2.9945567E-04   1.1251469E-02   1.0038601E-02  -1.8589259E-04  -7.6704680E-04   4.5438425E-03  -8.1260053E-04   8.0150137E-03   7.1906035E-02   8.7965160E-07   1.5953758E-06
  2.1975988E-09  -4.0829827E-09  -7.9304694E-10  -1.3808953E-08  -1.2527779E-07   1.2346737E-06   6.1326049E-08  -7.0669615E-08   2.5850636E-08   2.1531688E-07  -1.7755834E-08  -1.7994108E-04   4.6141885E-06   1.1927402E-04   3.5795720E-03   9.9515402E-05   4.6430525E-04   4.3295765E-04  -7.2043336E-05   1.7505823E-04  -1.8176522E-04  -2.8515628E-05   3.5493527E-05   9.6345098E-08  -9.1462772E-08  -2.3622730E-07  -7.5173606E-08   7.6493591E-08   8.7965160E-07   3.6858180E-07  -4.9330858E-09
 -1.4540731E-09  -6.7005269E-09   2.3680944E-10  -2.3380184E-08  -5.4681471E-07   1.5541177E-06  -1.1381686E-07  -4.7888988E-08  -1.9295425E-08   1.8492982E-07  -1.2507202E-08   7.5291771E-04  -4.1344311E-06  -3.8045260E-05   6.2868654E-04   5.8359975E-05  -4.3400822E-04  -1.4035752E-03   1.2538573E-05  -1.0443163E-05  -3.3357798E-05   4.0781237E-04   9.0982422E-04  -2.5439118E-07   1.0186309E-07   5.2501400E-07   2.5078456E-07  -7.0523683E-08   1.5953758E-06  -4.9330858E-09   3.8843027E-07
