# omegabh2 omegach2 theta tau logA ns nrun r calPlanck BBdust BBsync BBalphadust BBbetadust BBalphasync BBbetasync BBdustsynccorr aps100 aps143 aps217 acib217 asz143 psr cibr xi aksz dust100 dust143 dust217 dust143x217 cal0 cal2 calTE calEE
  2.6079707E-08  -9.7802455E-08   1.6234887E-08   2.7622456E-07   4.8086482E-07   2.5378836E-07  -2.6347227E-07   2.3965209E-07   2.1237496E-08   5.6283318E-08   6.7333737E-07   6.9049015E-07  -8.3149215E-08  -4.0086633E-07  -1.4893408E-07   9.9141518E-08  -1.8343749E-04  -1.6834068E-04   1.4124402E-05  -6.9009321E-05   1.0374946E-05   3.8037927E-07  -9.8591147E-07   8.7016021E-07  -1.5543669E-05   7.7352205E-07  -1.1701034E-07   4.8579213E-07   1.1196067E-07   4.0922121E-09  -1.9098739E-09  -9.2368050E-08  -2.5151139E-07
 -9.7802455E-08   1.9291283E-06  -1.5696867E-07  -1.8952671E-06   7.4725665E-07  -4.6392614E-06  -1.3372926E-06  -2.4965635E-06  -1.8448580E-07   1.9466561E-07  -5.0600542E-06  -1.3250111E-05   2.7198529E-06   8.6062610E-07   1.2781301E-06  -4.0656818E-06   1.5410507E-03   1.3052408E-03  -7.2142244E-05   4.6132483E-04  -7.0493512E-05  -3.3736353E-06   6.8347657E-06  -9.3201611E-06   1.2705596E-04  -1.0782899E-06   2.7051835E-06  -1.6183457E-06   2.8619200E-06  -1.4709374E-08   2.7701332E-08  -5.8517978E-07  -8.6627297E-07
  1.6234887E-08  -1.5696867E-07   9.5116816E-08   2.0473949E-07   1.4103429E-07   4.8137400E-07   6.8571319E-08   1.8162649E-07   1.7645991E-08   7.7819391E-08   1.3496804E-06   1.3183093E-06  -2.2658979E-07   3.6848183E-07   1.6785541E-07   3.6607659E-07  -8.4741170E-05  -1.0168079E-04  -2.5595748E-05  -2.9956223E-05   1.4547255E-06   3.5715143E-08  -1.6489326E-07   7.3180568E-07  -2.5918822E-06   4.5029519E-07   3.4276178E-07   3.7092546E-07  -9.5851403E-08   3.2646611E-10   2.7466470E-09  -5.7507967E-09   5.6024642E-08
  2.7622456E-07  -1.8952671E-06   2.0473949E-07   5.0932135E-05   9.9199482E-05   5.4746506E-06  -8.5524614E-06  -3.9726924E-07  -5.5736002E-08  -4.6113365E-05  -7.5677943E-06  -3.6330539E-05   1.1723304E-05  -5.8801169E-06  -5.8781983E-06  -1.3079459E-05  -2.8140165E-03  -1.0558834E-03   6.3739276E-04  -9.9690242E-04  -2.4765595E-05  -5.1888688E-06  -1.0603308E-07   2.8397333E-05  -2.3844792E-04   1.7311261E-05  -5.4141431E-06   3.3426697E-06  -9.6618783E-06  -8.7885501E-10  -1.3578143E-07  -3.6099103E-06  -2.0302994E-06
  4.8086482E-07   7.4725665E-07   1.4103429E-07   9.9199482E-05   2.3463829E-04  -3.5794502E-06  -3.0246205E-05  -6.2234500E-06   1.1779010E-05  -1.2288939E-04  -8.2675946E-05  -1.4028648E-04   3.9234526E-05  -8.2674398E-06   4.9008047E-06  -5.7808840E-05   1.1248411E-02   5.6889652E-03   6.1245669E-03   4.6812986E-05  -3.7242002E-04  -1.8477866E-05   1.0339438E-05   4.1834851E-05  -5.3520162E-04   3.2174308E-05  -7.8933418E-05   2.0005698E-05  -1.7947712E-05   7.2519344E-07  -9.0188649E-08  -9.5740446E-06  -4.2353861E-06
  2.5378836E-07  -4.6392614E-06   4.8137400E-07   5.4746506E-06  -3.5794502E-06   2.2655801E-05   1.1271575E-05   9.5740342E-06   3.9308261E-07   4.2757421E-06   3.1476088E-05   3.1828588E-05  -3.2786248E-06  -3.4366698E-06  -1.0652002E-05  -2.6927230E-06  -3.0807046E-02  -1.2037861E-02   1.0864360E-02  -8.6458720E-03   8.1653263E-04   8.2871746E-05  -1.5285375E-04   9.7905934E-05  -2.5362709E-03   9.1784050E-06  -3.7534693E-05   3.8762479E-05  -1.9388811E-05  -3.7997714E-07  -5.6332882E-07   1.3340146E-06  -1.6908765E-06
 -2.6347227E-07  -1.3372926E-06   6.8571319E-08  -8.5524614E-06  -3.0246205E-05   1.1271575E-05   4.8457936E-05  -2.4537357E-05   2.7395659E-07   3.7640350E-05   5.9727859E-05   2.3183051E-05  -2.4705140E-05   6.0402812E-06   1.7870592E-05   5.3734707E-05  -3.5571321E-02  -1.7574158E-02   1.1679250E-02  -1.0565331E-02   1.2108755E-03   1.0305747E-04  -2.0739223E-04   8.4396714E-05  -2.9254150E-03  -4.8198018E-05  -6.1405840E-05   3.9030793E-05  -2.7436086E-05  -1.9498886E-07  -7.8907776E-07   3.5269781E-06   1.7559379E-06
  2.3965209E-07  -2.4965635E-06   1.8162649E-07  -3.9726924E-07  -6.2234500E-06   9.5740342E-06  -2.4537357E-05   4.4355451E-04  -1.0219860E-06  -6.4411854E-04  -1.0794449E-03  -7.0057896E-05   3.4962655E-04   3.6340456E-05  -1.1906148E-04  -9.6707124E-04   5.1958776E-03   3.9363781E-03   4.1752461E-04   9.4887349E-04  -1.7741623E-04   2.1315571E-06   2.9553748E-05  -9.2914835E-06   3.5384570E-04  -3.8198416E-06   2.2685605E-05  -4.9991911E-06   5.3111800E-06   9.6899885E-08   7.5057388E-08   4.5054915E-08  -2.6794489E-07
  2.1237496E-08  -1.8448580E-07   1.7645991E-08  -5.5736002E-08   1.1779010E-05   3.9308261E-07   2.7395659E-07  -1.0219860E-06   6.1351236E-06  -5.1622376E-06  -1.5963170E-05  -1.4995070E-05   2.6633394E-06   1.1231558E-06   7.0606002E-06  -9.4756230E-06   3.2805604E-03   1.1274682E-04   9.5424728E-04   5.8603573E-04   3.3263020E-06  -4.3665276E-06   2.9410625E-06  -6.3742621E-06  -4.7591242E-06   3.1640622E-06   5.1344135E-06   6.5276685E-06  -1.8379366E-07   1.4299063E-08  -2.9291795E-08  -3.1122191E-07  -8.4971685E-08
  5.6283318E-08   1.9466561E-07   7.7819391E-08  -4.6113365E-05  -1.2288939E-04   4.2757421E-06   3.7640350E-05  -6.4411854E-04  -5.1622376E-06   1.0778119E+00   3.2666363E-02  -1.1904431E-01   4.4831781E-02   7.7774927E-04   3.6654620E-03  -9.2399584E-03   5.6773057E-02   8.9872670E-03   6.4976245E-04  -4.6195277E-03  -1.3144808E-02   8.7673724E-05  -1.3717645E-03   1.4853974E-03   1.4885513E-02   6.1139723E-04  -5.3888175E-04  -3.6317896E-04  -3.1842896E-04  -5.4594987E-07  -4.8708009E-06  -1.3228343E-05  -1.9057728E-05
  6.7333737E-07  -5.0600542E-06   1.3496804E-06  -7.5677943E-06  -8.2675946E-05   3.1476088E-05   5.9727859E-05  -1.0794449E-03  -1.5963170E-05   3.2666363E-02   1.1361080E+00  -2.8262767E-03  -1.9934041E-03   1.7805529E-02  -4.1180422E-02   4.5875439E-02  -2.5092605E-01  -1.9617785E-02   9.7169994E-03  -2.4885131E-02  -9.7635389E-04  -2.1808614E-04  -5.7485019E-04  -4.5256731E-04   3.6062977E-03   1.2800461E-03  -2.1693369E-04   4.8138906E-05   4.6067673E-04  -8.6317744E-06  -9.5922175E-06  -1.0122499E-06  -4.7666430E-05
  6.9049015E-07  -1.3250111E-05   1.3183093E-06  -3.6330539E-05  -1.4028648E-04   3.1828588E-05   2.3183051E-05  -7.0057896E-05  -1.4995070E-05  -1.1904431E-01  -2.8262767E-03   5.9995994E-02  -4.8817063E-04   7.5276682E-04   3.9501866E-04  -4.6159637E-04   2.0582725E-02  -1.9984215E-02  -2.1037670E-02   3.7225173E-03   2.0290120E-05  -9.2507696E-06   8.5406766E-05  -2.7034248E-04  -4.0470773E-04   2.2664368E-04   2.3579636E-04  -6.4941606E-05  -5.7546117E-05  -1.3904190E-07   1.6591349E-06   9.3408655E-06   6.9388695E-06
 -8.3149215E-08   2.7198529E-06  -2.2658979E-07   1.1723304E-05   3.9234526E-05  -3.2786248E-06  -2.4705140E-05   3.4962655E-04   2.6633394E-06   4.4831781E-02  -1.9934041E-03  -4.8817063E-04   9.3725028E-03  -1.5923431E-05  -1.4221199E-03   7.1146708E-04   2.1049221E-02   1.1286014E-02   7.7571040E-03  -8.4917823E-05  -3.4856355E-04   2.7748289E-05   7.5179706E-05   4.1405957E-05  -1.0062478E-04   9.0992114E-05  -1.3551448E-04   1.2525229E-05  -4.6901727E-05   1.3807421E-06   4.7992635E-07  -4.1832112E-07   9.0070265E-08
 -4.0086633E-07   8.6062610E-07   3.6848183E-07  -5.8801169E-06  -8.2674398E-06  -3.4366698E-06   6.0402812E-06   3.6340456E-05   1.1231558E-06   7.7774927E-04   1.7805529E-02   7.5276682E-04  -1.5923431E-05   8.1871379E-02  -3.2014581E-04   4.4488522E-04  -2.7233135E-02   6.3432444E-03   4.2808609E-03  -1.7530755E-03   2.3002819E-04   2.5746120E-04  -2.6286387E-04   5.6191484E-04   1.8106872E-03  -8.0169719E-05  -6.2530061E-05   2.0464287E-05   2.4411090E-04  -1.3060667E-07   2.2901847E-07   9.9844645E-06   1.7936890E-05
 -1.4893408E-07   1.2781301E-06   1.6785541E-07  -5.8781983E-06   4.9008047E-06  -1.0652002E-05   1.7870592E-05  -1.1906148E-04   7.0606002E-06   3.6654620E-03  -4.1180422E-02   3.9501866E-04  -1.4221199E-03  -3.2014581E-04   7.5049414E-02  -5.2653559E-03  -2.5697665E-02   7.1711381E-03  -5.2223882E-03   2.8070471E-03   2.7701753E-04  -1.1384402E-04   4.1248312E-04   1.0623316E-04  -5.4703902E-04  -1.7961118E-04   1.1025924E-04   1.4521845E-05  -1.0108544E-04  -9.4371866E-07  -2.7714608E-07   3.9912777E-07   9.4334575E-06
  9.9141518E-08  -4.0656818E-06   3.6607659E-07  -1.3079459E-05  -5.7808840E-05  -2.6927230E-06   5.3734707E-05  -9.6707124E-04  -9.4756230E-06  -9.2399584E-03   4.5875439E-02  -4.6159637E-04   7.1146708E-04   4.4488522E-04  -5.2653559E-03   7.9821823E-02  -3.4268188E-02  -1.2348857E-02   3.1227700E-02  -1.5953586E-02   2.3577072E-03   2.4383669E-05   1.7176735E-04  -3.0379946E-06  -2.3146359E-03  -1.2597040E-05  -3.1298789E-04   3.3328312E-05  -2.8829769E-04   1.6530836E-06  -7.4456153E-07   2.7142766E-06   1.0949130E-05
 -1.8343749E-04   1.5410507E-03  -8.4741170E-05  -2.8140165E-03   1.1248411E-02  -3.0807046E-02  -3.5571321E-02   5.1958776E-03   3.2805604E-03   5.6773057E-02  -2.5092605E-01   2.0582725E-02   2.1049221E-02  -2.7233135E-02  -2.5697665E-02  -3.4268188E-02   6.3342766E+02   6.9121573E+01  -6.4247626E+01   3.7949880E+01  -2.5689182E+01  -9.0439322E-01   2.1486500E-02  -3.3981654E-01   1.3122505E+01  -1.6611865E-01   3.1690840E-01  -2.6949376E-01  -1.9273817E-01   6.8554815E-03   3.7317845E-03  -1.2667139E-03   6.4953337E-03
 -1.6834068E-04   1.3052408E-03  -1.0168079E-04  -1.0558834E-03   5.6889652E-03  -1.2037861E-02  -1.7574158E-02   3.9363781E-03   1.1274682E-04   8.9872670E-03  -1.9617785E-02  -1.9984215E-02   1.1286014E-02   6.3432444E-03   7.1711381E-03  -1.2348857E-02   6.9121573E+01   7.1986260E+01   4.6462137E+00   1.0320913E+01  -7.3777206E-01  -3.7381390E-02   5.0297958E-01   8.2985911E-01  -7.2361925E+00  -2.1650133E-02  -2.0844677E-01   3.2285283E-02   6.8502650E-02   9.2073974E-04   9.6499649E-04   1.0043248E-03   4.1696803E-03
  1.4124402E-05  -7.2142244E-05  -2.5595748E-05   6.3739276E-04   6.1245669E-03   1.0864360E-02   1.1679250E-02   4.1752461E-04   9.5424728E-04   6.4976245E-04   9.7169994E-03  -2.1037670E-02   7.7571040E-03   4.2808609E-03  -5.2223882E-03   3.1227700E-02  -6.4247626E+01   4.6462137E+00   1.8109380E+02  -8.7426706E+01   2.6483282E+00   3.9302384E-01  -1.1625198E+00   3.9382344E-01  -7.7045941E+00  -2.8728899E-02  -3.0188853E-01   5.6503774E-01   1.4639882E-02   1.7852151E-03  -8.2098923E-03   3.5696531E-03   2.9095664E-03
 -6.9009321E-05   4.6132483E-04  -2.9956223E-05  -9.9690242E-04   4.6812986E-05  -8.6458720E-03  -1.0565331E-02   9.4887349E-04   5.8603573E-04  -4.6195277E-03  -2.4885131E-02   3.7225173E-03  -8.4917823E-05  -1.7530755E-03   2.8070471E-03  -1.5953586E-02   3.7949880E+01   1.0320913E+01  -8.7426706E+01   5.5246987E+01   1.5732580E+00  -8.1822532E-02   7.9931984E-01  -2.9734674E-01  -2.2467062E+00   1.6149177E-02   1.8767224E-01  -4.6067960E-01  -1.2160731E-01  -5.7585720E-04   3.4348142E-03  -1.4933632E-03   1.3142764E-05
  1.0374946E-05  -7.0493512E-05   1.4547255E-06  -2.4765595E-05  -3.7242002E-04   8.1653263E-04   1.2108755E-03  -1.7741623E-04   3.3263020E-06  -1.3144808E-02  -9.7635389E-04   2.0290120E-05  -3.4856355E-04   2.3002819E-04   2.7701753E-04   2.3577072E-03  -2.5689182E+01  -7.3777206E-01   2.6483282E+00   1.5732580E+00   4.3002696E+00   1.0198354E-01   1.4502490E-01  -4.1386914E-02  -3.6029641E+00  -3.9629450E-03  -3.0272902E-03   8.2493183E-03   5.2851787E-02   4.3863336E-04  -2.3794545E-04   4.3526507E-05  -1.1272213E-04
  3.8037927E-07  -3.3736353E-06   3.5715143E-08  -5.1888688E-06  -1.8477866E-05   8.2871746E-05   1.0305747E-04   2.1315571E-06  -4.3665276E-06   8.7673724E-05  -2.1808614E-04  -9.2507696E-06   2.7748289E-05   2.5746120E-04  -1.1384402E-04   2.4383669E-05  -9.0439322E-01  -3.7381390E-02   3.9302384E-01  -8.1822532E-02   1.0198354E-01   1.6418922E-02  -1.7022351E-02   1.2234339E-02  -1.1075684E-01  -2.8927621E-04  -1.4288331E-03  -2.4322525E-03   5.1727602E-03   1.6549884E-05  -4.0020709E-05   2.1573337E-05   1.0871052E-05
 -9.8591147E-07   6.8347657E-06  -1.6489326E-07  -1.0603308E-07   1.0339438E-05  -1.5285375E-04  -2.0739223E-04   2.9553748E-05   2.9410625E-06  -1.3717645E-03  -5.7485019E-04   8.5406766E-05   7.5179706E-05  -2.6286387E-04   4.1248312E-04   1.7176735E-04   2.1486500E-02   5.0297958E-01  -1.1625198E+00   7.9931984E-01   1.4502490E-01  -1.7022351E-02   6.7797664E-02   2.7203342E-03  -1.4096440E-01   6.5024143E-04   7.6848424E-03  -6.2633989E-04  -1.7624397E-02  -9.1898349E-06   1.0218187E-04  -3.4820052E-05  -6.3543951E-06
  8.7016021E-07  -9.3201611E-06   7.3180568E-07   2.8397333E-05   4.1834851E-05   9.7905934E-05   8.4396714E-05  -9.2914835E-06  -6.3742621E-06   1.4853974E-03  -4.5256731E-04  -2.7034248E-04   4.1405957E-05   5.6191484E-04   1.0623316E-04  -3.0379946E-06  -3.3981654E-01   8.2985911E-01   3.9382344E-01  -2.9734674E-01  -4.1386914E-02   1.2234339E-02   2.7203342E-03   8.2444163E-02   3.6697097E-02  -5.6511408E-04   3.0169130E-04   1.2849121E-03   9.3498410E-04   1.0154293E-05  -8.5461624E-06   1.8528168E-05   1.3836096E-05
 -1.5543669E-05   1.2705596E-04  -2.5918822E-06  -2.3844792E-04  -5.3520162E-04  -2.5362709E-03  -2.9254150E-03   3.5384570E-04  -4.7591242E-06   1.4885513E-02   3.6062977E-03  -4.0470773E-04  -1.0062478E-04   1.8106872E-03  -5.4703902E-04  -2.3146359E-03   1.3122505E+01  -7.2361925E+00  -7.7045941E+00  -2.2467062E+00  -3.6029641E+00  -1.1075684E-01  -1.4096440E-01   3.6697097E-02   7.5271243E+00   3.9914833E-03   1.4743149E-03  -2.6554944E-03  -4.5364370E-02  -3.6633070E-04   1.2447952E-04  -5.4653854E-04  -2.9831722E-04
  7.7352205E-07  -1.0782899E-06   4.5029519E-07   1.7311261E-05   3.2174308E-05   9.1784050E-06  -4.8198018E-05  -3.8198416E-06   3.1640622E-06   6.1139723E-04   1.2800461E-03   2.2664368E-04   9.0992114E-05  -8.0169719E-05  -1.7961118E-04  -1.2597040E-05  -1.6611865E-01  -2.1650133E-02  -2.8728899E-02   1.6149177E-02  -3.9629450E-03  -2.8927621E-04   6.5024143E-04  -5.6511408E-04   3.9914833E-03   3.8431074E-02   2.7720012E-03  -3.5834771E-05   3.2655250E-04   3.5911994E-05  -2.5216035E-06  -1.0460960E-05  -2.3883211E-05
 -1.1701034E-07   2.7051835E-06   3.4276178E-07  -5.4141431E-06  -7.8933418E-05  -3.7534693E-05  -6.1405840E-05   2.2685605E-05   5.1344135E-06  -5.3888175E-04  -2.1693369E-04   2.3579636E-04  -1.3551448E-04  -6.2530061E-05   1.1025924E-04  -3.1298789E-04   3.1690840E-01  -2.0844677E-01  -3.0188853E-01   1.8767224E-01  -3.0272902E-03  -1.4288331E-03   7.6848424E-03   3.0169130E-04   1.4743149E-03   2.7720012E-03   3.0979891E-02  -8.5805286E-04   5.1308225E-03  -8.0265649E-05  -4.1318126E-05  -8.5366208E-05  -8.2272599E-05
  4.8579213E-07  -1.6183457E-06   3.7092546E-07   3.3426697E-06   2.0005698E-05   3.8762479E-05   3.9030793E-05  -4.9991911E-06   6.5276685E-06  -3.6317896E-04   4.8138906E-05  -6.4941606E-05   1.2525229E-05   2.0464287E-05   1.4521845E-05   3.3328312E-05  -2.6949376E-01   3.2285283E-02   5.6503774E-01  -4.6067960E-01   8.2493183E-03  -2.4322525E-03  -6.2633989E-04   1.2849121E-03  -2.6554944E-03  -3.5834771E-05  -8.5805286E-04   1.0637565E-02   8.4406620E-03   4.3281444E-06   6.1698944E-05   8.3046757E-06  -1.3973385E-06
  1.1196067E-07   2.8619200E-06  -9.5851403E-08  -9.6618783E-06  -1.7947712E-05  -1.9388811E-05  -2.7436086E-05   5.3111800E-06  -1.8379366E-07  -3.1842896E-04   4.6067673E-04  -5.7546117E-05  -4.6901727E-05   2.4411090E-04  -1.0108544E-04  -2.8829769E-04  -1.9273817E-01   6.8502650E-02   1.4639882E-02  -1.2160731E-01   5.2851787E-02   5.1727602E-03  -1.7624397E-02   9.3498410E-04  -4.5364370E-02   3.2655250E-04   5.1308225E-03   8.4406620E-03   2.6211437E-02  -2.5108791E-06   5.6110661E-05  -2.1356955E-05  -1.4045411E-05
  4.0922121E-09  -1.4709374E-08   3.2646611E-10  -8.7885501E-10   7.2519344E-07  -3.7997714E-07  -1.9498886E-07   9.6899885E-08   1.4299063E-08  -5.4594987E-07  -8.6317744E-06  -1.3904190E-07   1.3807421E-06  -1.3060667E-07  -9.4371866E-07   1.6530836E-06   6.8554815E-03   9.2073974E-04   1.7852151E-03  -5.7585720E-04   4.3863336E-04   1.6549884E-05  -9.1898349E-06   1.0154293E-05  -3.6633070E-04   3.5911994E-05  -8.0265649E-05   4.3281444E-06  -2.5108791E-06   1.1157397E-06   4.4097653E-08   3.6222338E-07   6.6017530E-07
 -1.9098739E-09   2.7701332E-08   2.7466470E-09  -1.3578143E-07  -9.0188649E-08  -5.6332882E-07  -7.8907776E-07   7.5057388E-08  -2.9291795E-08  -4.8708009E-06  -9.5922175E-06   1.6591349E-06   4.7992635E-07   2.2901847E-07  -2.7714608E-07  -7.4456153E-07   3.7317845E-03   9.6499649E-04  -8.2098923E-03   3.4348142E-03  -2.3794545E-04  -4.0020709E-05   1.0218187E-04  -8.5461624E-06   1.2447952E-04  -2.5216035E-06  -4.1318126E-05   6.1698944E-05   5.6110661E-05   4.4097653E-08   2.5055242E-06   2.0408774E-07   1.4792194E-07
 -9.2368050E-08  -5.8517978E-07  -5.7507967E-09  -3.6099103E-06  -9.5740446E-06   1.3340146E-06   3.5269781E-06   4.5054915E-08  -3.1122191E-07  -1.3228343E-05  -1.0122499E-06   9.3408655E-06  -4.1832112E-07   9.9844645E-06   3.9912777E-07   2.7142766E-06  -1.2667139E-03   1.0043248E-03   3.5696531E-03  -1.4933632E-03   4.3526507E-05   2.1573337E-05  -3.4820052E-05   1.8528168E-05  -5.4653854E-04  -1.0460960E-05  -8.5366208E-05   8.3046757E-06  -2.1356955E-05   3.6222338E-07   2.0408774E-07   2.4128994E-05   8.3661024E-06
 -2.5151139E-07  -8.6627297E-07   5.6024642E-08  -2.0302994E-06  -4.2353861E-06  -1.6908765E-06   1.7559379E-06  -2.6794489E-07  -8.4971685E-08  -1.9057728E-05  -4.7666430E-05   6.9388695E-06   9.0070265E-08   1.7936890E-05   9.4334575E-06   1.0949130E-05   6.4953337E-03   4.1696803E-03   2.9095664E-03   1.3142764E-05  -1.1272213E-04   1.0871052E-05  -6.3543951E-06   1.3836096E-05  -2.9831722E-04  -2.3883211E-05  -8.2272599E-05  -1.3973385E-06  -1.4045411E-05   6.6017530E-07   1.4792194E-07   8.3661024E-06   2.4214762E-05
