# omegabh2 omegach2 theta tau nnu logA ns calPlanck galfEE100 galfEE100143 galfEE100217 galfEE143 galfEE143217 galfEE217
    0.5310667E-05    0.3245349E-04   -0.5507710E-05    0.1398666E-04    0.2682843E-02    0.1296824E-03    0.7080751E-04    0.1923620E-07   -0.1647630E-07   -0.1126036E-06   -0.1501625E-06   -0.1409985E-06    0.2627585E-05    0.5208500E-05
    0.3245349E-04    0.4371061E-03   -0.6296906E-04    0.1052836E-03    0.2925545E-01    0.1190184E-02    0.5739922E-03   -0.1052737E-05   -0.9555400E-06   -0.1029547E-05   -0.1002350E-04   -0.1101011E-05    0.1370042E-04    0.3209397E-05
   -0.5507710E-05   -0.6296906E-04    0.1075560E-04   -0.1754503E-04   -0.4360738E-02   -0.1945209E-03   -0.9278365E-04    0.1770152E-06   -0.1911050E-07    0.1379426E-07    0.1148178E-05   -0.1463738E-07   -0.2777754E-05   -0.3527305E-05
    0.1398666E-04    0.1052836E-03   -0.1754503E-04    0.4917122E-03    0.8556499E-02    0.1267132E-02    0.2603377E-03   -0.1437337E-05    0.6763451E-05    0.7400775E-05    0.4181792E-05    0.6855432E-05   -0.2092586E-05    0.1411798E-04
    0.2682843E-02    0.2925545E-01   -0.4360738E-02    0.8556499E-02    0.2069506E+01    0.8642056E-01    0.4423283E-01   -0.6778430E-04    0.8017697E-04    0.9230188E-04   -0.5175381E-03    0.8309931E-04    0.1467334E-02    0.1410020E-02
    0.1296824E-03    0.1190184E-02   -0.1945209E-03    0.1267132E-02    0.8642056E-01    0.5845774E-02    0.2084147E-02    0.8428982E-05    0.6899691E-05    0.4554490E-05   -0.1505572E-04    0.4436456E-05    0.9262448E-05    0.3279608E-04
    0.7080751E-04    0.5739922E-03   -0.9278365E-04    0.2603377E-03    0.4423283E-01    0.2084147E-02    0.1160517E-02   -0.1745301E-05    0.1652072E-04    0.1860592E-04   -0.7279845E-05    0.1919857E-04    0.2805684E-04    0.2336442E-04
    0.1923620E-07   -0.1052737E-05    0.1770152E-06   -0.1437337E-05   -0.6778430E-04    0.8428982E-05   -0.1745301E-05    0.6394227E-05    0.6228363E-06    0.3103008E-06   -0.1656969E-06    0.6236281E-06   -0.5559036E-07    0.2624947E-05
   -0.1647630E-07   -0.9555400E-06   -0.1911050E-07    0.6763451E-05    0.8017697E-04    0.6899691E-05    0.1652072E-04    0.6228363E-06    0.3506259E-04    0.1175636E-04   -0.3447725E-06    0.5790718E-05   -0.7734685E-06    0.8335601E-05
   -0.1126036E-06   -0.1029547E-05    0.1379426E-07    0.7400775E-05    0.9230188E-04    0.4554490E-05    0.1860592E-04    0.3103008E-06    0.1175636E-04    0.2837241E-04   -0.6534779E-06    0.1567203E-04   -0.9609545E-07    0.1999843E-05
   -0.1501625E-06   -0.1002350E-04    0.1148178E-05    0.4181792E-05   -0.5175381E-03   -0.1505572E-04   -0.7279845E-05   -0.1656969E-06   -0.3447725E-06   -0.6534779E-06    0.1055649E-02    0.1259458E-05    0.1557405E-04    0.9545798E-06
   -0.1409985E-06   -0.1101011E-05   -0.1463738E-07    0.6855432E-05    0.8309931E-04    0.4436456E-05    0.1919857E-04    0.6236281E-06    0.5790718E-05    0.1567203E-04    0.1259458E-05    0.5074100E-04   -0.5663396E-06   -0.6728167E-06
    0.2627585E-05    0.1370042E-04   -0.2777754E-05   -0.2092586E-05    0.1467334E-02    0.9262448E-05    0.2805684E-04   -0.5559036E-07   -0.7734685E-06   -0.9609545E-07    0.1557405E-04   -0.5663396E-06    0.2182158E-02    0.1843840E-03
    0.5208500E-05    0.3209397E-05   -0.3527305E-05    0.1411798E-04    0.1410020E-02    0.3279608E-04    0.2336442E-04    0.2624947E-05    0.8335601E-05    0.1999843E-05    0.9545798E-06   -0.6728167E-06    0.1843840E-03    0.1694879E-01
