# omegabh2 omegach2 theta tau w wa logA ns calPlanck alpha_JLA beta_JLA acib217 xi asz143 aps100 aps143 aps143217 aps217 aksz kgal100 kgal143 kgal143217 kgal217 cal0 cal2
  4.0670806E-08  -9.1824077E-08   2.7800040E-08   4.3173561E-07  -8.4175744E-08   1.0107148E-05   8.0072888E-07   3.5500719E-07   2.0296941E-08  -1.8224402E-08   7.8205843E-08  -1.5362310E-04   4.1129584E-06   4.2872408E-05  -7.7081539E-04  -4.4322834E-04  -1.3322093E-04  -5.3550461E-06  -5.6119844E-05  -3.7645031E-06  -1.4917596E-05  -1.5335795E-05   2.4651693E-05   2.7158036E-09  -2.4771972E-09
 -9.1824077E-08   1.7584852E-06  -1.1615021E-07  -4.8766970E-06   1.4252980E-05  -1.7834972E-04  -6.3145035E-06  -3.8418926E-06  -2.9740393E-07  -7.0056170E-08   5.0072291E-07   2.7241815E-04  -3.6066543E-06  -1.0143296E-04   1.5993550E-03   6.8115578E-04   1.5638779E-04  -1.6279699E-04   1.7712109E-04  -3.3213617E-06   3.3944910E-05  -4.6051628E-05  -1.7807426E-04  -1.9065769E-08  -9.7828272E-10
  2.7800040E-08  -1.1615021E-07   1.9645808E-07   5.2896840E-07  -2.6902425E-06   2.9206916E-05   1.1526993E-06   5.1759364E-07   7.2069684E-08  -6.3284427E-08  -3.3381254E-07  -3.9898167E-05   1.0413867E-06   9.1290522E-06  -9.0339444E-05  -1.0961468E-04  -3.9373296E-05  -8.2157790E-06   1.3701834E-05   2.5156041E-07  -2.6118833E-06   8.5949974E-06   5.5804126E-05  -7.1870108E-10  -2.5527724E-09
  4.3173561E-07  -4.8766970E-06   5.2896840E-07   6.0287433E-05  -8.6876211E-05   7.3478507E-04   1.0551886E-04   1.4519893E-05  -1.3850491E-06   3.1263422E-07  -3.7236003E-06  -2.7991238E-03   6.2609411E-05   7.1157644E-04  -1.2354848E-02  -6.0590185E-03  -2.1003469E-03  -7.8955185E-04  -7.2699967E-04  -2.3964627E-05  -3.1702853E-04   2.6888393E-04   1.3163221E-03  -2.6741749E-09  -2.9162768E-08
 -8.4175744E-08   1.4252980E-05  -2.6902425E-06  -8.6876211E-05   1.0048595E-02  -3.4408631E-02  -1.5977296E-04  -2.0042331E-05  -5.5936770E-06  -3.5917926E-05  -7.6801690E-04   1.8929250E-02   1.2055109E-04   1.4547460E-03   2.1219462E-02  -1.0868029E-02  -1.1053831E-02  -2.6726379E-02  -1.3874097E-03  -3.2753256E-03   1.8399708E-03  -1.8567114E-03  -1.9838532E-02  -6.5277602E-07  -1.4952741E-07
  1.0107148E-05  -1.7834972E-04   2.9206916E-05   7.3478507E-04  -3.4408631E-02   1.4092514E-01   1.1999804E-03   3.8045508E-04   4.8711983E-05   9.1476294E-05   1.9754396E-03  -1.0322483E-01   8.3975456E-04   2.9889413E-03  -3.0024397E-01  -3.8761785E-02   2.6386269E-02   1.0684459E-01  -2.6292520E-03   8.9883858E-03  -1.4189846E-02   4.3835412E-03   8.3679255E-02   1.1331461E-06  -8.1874499E-07
  8.0072888E-07  -6.3145035E-06   1.1526993E-06   1.0551886E-04  -1.5977296E-04   1.1999804E-03   2.1605195E-04   1.9680798E-05   8.9129649E-06  -1.0228615E-07  -6.1001985E-06  -5.8382740E-03   1.4338587E-04   1.1145772E-03  -1.7322482E-02  -9.4188669E-03  -1.3647534E-03   5.0736795E-03  -1.9086106E-03  -2.0701480E-04  -9.0589216E-04  -1.5315463E-04   3.8788974E-03   1.3400317E-07  -9.2527386E-08
  3.5500719E-07  -3.8418926E-06   5.1759364E-07   1.4519893E-05  -2.0042331E-05   3.8045508E-04   1.9680798E-05   1.9842292E-05   6.3199219E-07  -2.5035216E-08   1.8108125E-06  -4.8726041E-03   1.1154554E-04   1.2100775E-03  -2.8641706E-02  -8.8416565E-03   6.5786268E-04   4.4163897E-03  -2.5496913E-03   3.7681837E-04  -4.0889084E-04  -1.9766690E-04   1.6482371E-03  -1.1358233E-07  -2.7754914E-08
  2.0296941E-08  -2.9740393E-07   7.2069684E-08  -1.3850491E-06  -5.5936770E-06   4.8711983E-05   8.9129649E-06   6.3199219E-07   6.1601979E-06  -2.3916961E-07   8.6734789E-07   5.6441340E-04  -8.6889553E-06  -6.4861100E-05   4.3574378E-03   5.0803138E-04   2.0027829E-04   1.5827630E-03  -6.3974131E-06   9.0705431E-05   1.2076551E-04  -4.1709417E-05   7.5807495E-04  -1.8081548E-09  -7.6775954E-09
 -1.8224402E-08  -7.0056170E-08  -6.3284427E-08   3.1263422E-07  -3.5917926E-05   9.1476294E-05  -1.0228615E-07  -2.5035216E-08  -2.3916961E-07   4.2925542E-05  -3.8785548E-05  -7.4999856E-04  -1.5506143E-05   7.7677025E-05  -2.0830350E-03   1.4542758E-04  -1.8495687E-04   1.2617209E-03  -3.8558607E-05  -3.8004869E-05  -4.7484334E-05   4.5324055E-04   8.6625575E-04   2.1877790E-08   7.6609512E-08
  7.8205843E-08   5.0072291E-07  -3.3381254E-07  -3.7236003E-06  -7.6801690E-04   1.9754396E-03  -6.1001985E-06   1.8108125E-06   8.6734789E-07  -3.8785548E-05   6.3377169E-03   1.5395450E-03   4.4572016E-04   5.8241136E-03  -8.6230451E-02  -4.0276453E-03   1.4810747E-02   2.7834966E-03  -3.8683181E-03   4.8334857E-03   2.0416555E-03   7.5735749E-03   3.8629442E-03   1.0624193E-06  -3.8964967E-07
 -1.5362310E-04   2.7241815E-04  -3.9898167E-05  -2.7991238E-03   1.8929250E-02  -1.0322483E-01  -5.8382740E-03  -4.8726041E-03   5.6441340E-04  -7.4999856E-04   1.5395450E-03   4.5468908E+01  -3.4955329E-01  -9.0018142E-01   3.7709462E+01   4.1797938E+00  -1.0954747E+01  -5.4756169E+01  -3.7329527E-01   1.4919961E-01   5.9952177E-01  -5.7180789E+00  -3.3718134E+01  -2.0660800E-04   7.2553532E-04
  4.1129584E-06  -3.6066543E-06   1.0413867E-06   6.2609411E-05   1.2055109E-04   8.3975456E-04   1.4338587E-04   1.1154554E-04  -8.6889553E-06  -1.5506143E-05   4.4572016E-04  -3.4955329E-01   7.9684793E-02  -4.1753161E-02  -5.1185725E-01   8.2951499E-01   1.5505552E+00   5.3564387E-01   4.0067804E-02  -3.9946099E-03   1.5331337E-02   1.1090399E-01   1.3092297E-01   3.7377041E-06   1.7438066E-06
  4.2872408E-05  -1.0143296E-04   9.1290522E-06   7.1157644E-04   1.4547460E-03   2.9889413E-03   1.1145772E-03   1.2100775E-03  -6.4861100E-05   7.7677025E-05   5.8241136E-03  -9.0018142E-01  -4.1753161E-02   3.9756923E+00  -3.1975888E+01  -3.3542865E+00   7.9348037E+00   5.4857874E+00  -2.9716665E+00  -1.5626250E-01   2.1903274E-01   2.7925899E+00   3.4722108E+00   8.0909028E-05  -2.7486793E-05
 -7.7081539E-04   1.5993550E-03  -9.0339444E-05  -1.2354848E-02   2.1219462E-02  -3.0024397E-01  -1.7322482E-02  -2.8641706E-02   4.3574378E-03  -2.0830350E-03  -8.6230451E-02   3.7709462E+01  -5.1185725E-01  -3.1975888E+01   8.2416257E+02   7.5274718E+01  -5.3960101E+01  -5.9058968E+01   1.6148723E+01  -8.0419648E+00   5.6532292E+00  -1.3733935E+01  -2.7137002E+01   4.3761267E-03   3.0473460E-04
 -4.4322834E-04   6.8115578E-04  -1.0961468E-04  -6.0590185E-03  -1.0868029E-02  -3.8761785E-02  -9.4188669E-03  -8.8416565E-03   5.0803138E-04   1.4542758E-04  -4.0276453E-03   4.1797938E+00   8.2951499E-01  -3.3542865E+00   7.5274718E+01   6.4786491E+01   4.0702956E+01   1.5198665E+01  -5.3463135E+00  -4.1880404E-01  -8.5309841E-01   3.7875576E+00   3.3712566E+00   7.5909177E-05   9.4468110E-05
 -1.3322093E-04   1.5638779E-04  -3.9373296E-05  -2.1003469E-03  -1.1053831E-02   2.6386269E-02  -1.3647534E-03   6.5786268E-04   2.0027829E-04  -1.8495687E-04   1.4810747E-02  -1.0954747E+01   1.5505552E+00   7.9348037E+00  -5.3960101E+01   4.0702956E+01   8.3272252E+01   5.1873237E+01  -1.2778947E+01  -6.6039710E-01  -1.8154951E-01   5.5398659E+00   8.1287661E+00   3.6690557E-04  -2.7415918E-04
 -5.3550461E-06  -1.6279699E-04  -8.2157790E-06  -7.8955185E-04  -2.6726379E-02   1.0684459E-01   5.0736795E-03   4.4163897E-03   1.5827630E-03   1.2617209E-03   2.7834966E-03  -5.4756169E+01   5.3564387E-01   5.4857874E+00  -5.9058968E+01   1.5198665E+01   5.1873237E+01   1.0410621E+02  -9.7442115E+00  -4.8329083E-01  -9.6363419E-01   5.9158964E+00   3.4074648E+01   5.0890358E-04  -1.3048887E-03
 -5.6119844E-05   1.7712109E-04   1.3701834E-05  -7.2699967E-04  -1.3874097E-03  -2.6292520E-03  -1.9086106E-03  -2.5496913E-03  -6.3974131E-06  -3.8558607E-05  -3.8683181E-03  -3.7329527E-01   4.0067804E-02  -2.9716665E+00   1.6148723E+01  -5.3463135E+00  -1.2778947E+01  -9.7442115E+00   6.4250440E+00   8.7170354E-02  -3.4245690E-01  -2.4792921E+00  -2.6024502E+00  -6.1531807E-05  -2.3803182E-05
 -3.7645031E-06  -3.3213617E-06   2.5156041E-07  -2.3964627E-05  -3.2753256E-03   8.9883858E-03  -2.0701480E-04   3.7681837E-04   9.0705431E-05  -3.8004869E-05   4.8334857E-03   1.4919961E-01  -3.9946099E-03  -1.5626250E-01  -8.0419648E+00  -4.1880404E-01  -6.6039710E-01  -4.8329083E-01   8.7170354E-02   3.4167344E+00   5.0349887E-01   1.8468036E-01   1.9003856E-01   1.6802850E-04   3.3940006E-05
 -1.4917596E-05   3.3944910E-05  -2.6118833E-06  -3.1702853E-04   1.8399708E-03  -1.4189846E-02  -9.0589216E-04  -4.0889084E-04   1.2076551E-04  -4.7484334E-05   2.0416555E-03   5.9952177E-01   1.5331337E-02   2.1903274E-01   5.6532292E+00  -8.5309841E-01  -1.8154951E-01  -9.6363419E-01  -3.4245690E-01   5.0349887E-01   3.2400783E+00   2.9196105E+00   2.9064666E+00  -1.8681185E-04  -3.3180335E-05
 -1.5335795E-05  -4.6051628E-05   8.5949974E-06   2.6888393E-04  -1.8567114E-03   4.3835412E-03  -1.5315463E-04  -1.9766690E-04  -4.1709417E-05   4.5324055E-04   7.5735749E-03  -5.7180789E+00   1.1090399E-01   2.7925899E+00  -1.3733935E+01   3.7875576E+00   5.5398659E+00   5.9158964E+00  -2.4792921E+00   1.8468036E-01   2.9196105E+00   1.1267306E+01   1.9762774E+01  -5.6169052E-05   4.3990668E-04
  2.4651693E-05  -1.7807426E-04   5.5804126E-05   1.3163221E-03  -1.9838532E-02   8.3679255E-02   3.8788974E-03   1.6482371E-03   7.5807495E-04   8.6625575E-04   3.8629442E-03  -3.3718134E+01   1.3092297E-01   3.4722108E+00  -2.7137002E+01   3.3712566E+00   8.1287661E+00   3.4074648E+01  -2.6024502E+00   1.9003856E-01   2.9064666E+00   1.9762774E+01   5.4308007E+01   3.9378276E-05   9.6207750E-04
  2.7158036E-09  -1.9065769E-08  -7.1870108E-10  -2.6741749E-09  -6.5277602E-07   1.1331461E-06   1.3400317E-07  -1.1358233E-07  -1.8081548E-09   2.1877790E-08   1.0624193E-06  -2.0660800E-04   3.7377041E-06   8.0909028E-05   4.3761267E-03   7.5909177E-05   3.6690557E-04   5.0890358E-04  -6.1531807E-05   1.6802850E-04  -1.8681185E-04  -5.6169052E-05   3.9378276E-05   3.9172183E-07   8.7378787E-09
 -2.4771972E-09  -9.7828272E-10  -2.5527724E-09  -2.9162768E-08  -1.4952741E-07  -8.1874499E-07  -9.2527386E-08  -2.7754914E-08  -7.6775954E-09   7.6609512E-08  -3.8964967E-07   7.2553532E-04   1.7438066E-06  -2.7486793E-05   3.0473460E-04   9.4468110E-05  -2.7415918E-04  -1.3048887E-03  -2.3803182E-05   3.3940006E-05  -3.3180335E-05   4.3990668E-04   9.6207750E-04   8.7378787E-09   3.9201377E-07
