# omegabh2 omegach2 theta tau logA ns nrun r calPlanck acib217 xi asz143 aps100 aps143 aps143217 aps217 aksz kgal100 kgal143 kgal143217 kgal217 cal0 cal2
    0.6132024E-07   -0.2449961E-06    0.5170612E-07    0.1361030E-05    0.2546451E-05    0.6170544E-06   -0.8992710E-06    0.1601526E-05    0.4372320E-07   -0.2110527E-04   -0.2169891E-06    0.2592613E-04   -0.3682903E-03   -0.3276754E-03   -0.2020377E-03   -0.1593262E-03   -0.2101878E-04    0.4718218E-05    0.8448973E-05   -0.1443783E-05   -0.1628424E-05    0.2661942E-08   -0.1668710E-08
   -0.2449961E-06    0.4394717E-05   -0.4245496E-06   -0.7777418E-05   -0.5879747E-05   -0.9933092E-05   -0.4239810E-06   -0.8229608E-05   -0.4290560E-06    0.3111363E-03   -0.8518020E-05   -0.1463213E-03    0.2259141E-02    0.1790553E-02    0.9347920E-03    0.6348945E-03    0.2039447E-03   -0.1639269E-04   -0.6990369E-04    0.4791386E-04   -0.5412483E-05   -0.8563111E-08    0.3830818E-07
    0.5170612E-07   -0.4245496E-06    0.2267600E-06    0.1199871E-05    0.1720795E-05    0.1267636E-05   -0.2251829E-06    0.1647380E-05    0.4151072E-07    0.5219072E-05   -0.7593240E-06    0.2727519E-04   -0.3050267E-03   -0.2711351E-03   -0.1658534E-03   -0.1591130E-03   -0.2955103E-04    0.3244331E-05    0.8096560E-05    0.4806409E-05    0.2231340E-04    0.3929099E-08    0.1054525E-07
    0.1361030E-05   -0.7777418E-05    0.1199871E-05    0.1718891E-03    0.3345967E-03    0.2325556E-04   -0.3662114E-04    0.1598532E-04    0.3998212E-06   -0.2320208E-02    0.5742383E-04    0.6807882E-03   -0.1655644E-01   -0.6951744E-02   -0.2914320E-02   -0.9680891E-03   -0.1025749E-02    0.1121205E-05   -0.2127308E-03   -0.2276486E-03   -0.3544439E-04    0.5260826E-07   -0.2609953E-06
    0.2546451E-05   -0.5879747E-05    0.1720795E-05    0.3345967E-03    0.7045707E-03    0.2208704E-04   -0.9115699E-04    0.3545077E-04    0.1232332E-04   -0.2012701E-02    0.1211591E-03    0.5557228E-03   -0.1638229E-01   -0.6062261E-02   -0.1918090E-02    0.2879586E-02   -0.1543187E-02   -0.1943720E-03   -0.9325501E-03   -0.5054524E-03    0.1224096E-02    0.3516824E-06   -0.3542410E-06
    0.6170544E-06   -0.9933092E-05    0.1267636E-05    0.2325556E-04    0.2208704E-04    0.3465887E-04    0.6886688E-05    0.3023895E-04    0.1246847E-05   -0.6258223E-02    0.1412694E-03    0.1715963E-02   -0.3387539E-01   -0.1104491E-01    0.1637800E-02    0.5844936E-02   -0.3554871E-02    0.2394766E-03   -0.8131116E-04   -0.6835517E-03    0.6224418E-03   -0.1977165E-06   -0.5879425E-06
   -0.8992710E-06   -0.4239810E-06   -0.2251829E-06   -0.3662114E-04   -0.9115699E-04    0.6886688E-05    0.7114353E-04   -0.1218941E-03   -0.4101045E-06   -0.9402941E-02    0.1533626E-03    0.2246004E-02   -0.3447331E-01   -0.1383511E-01    0.2886078E-02    0.9703343E-02   -0.4068973E-02   -0.4794424E-03   -0.5155711E-03   -0.1492919E-02    0.3452002E-03   -0.8214983E-07   -0.9477203E-06
    0.1601526E-05   -0.8229608E-05    0.1647380E-05    0.1598532E-04    0.3545077E-04    0.3023895E-04   -0.1218941E-03    0.1936765E-02    0.1531764E-05    0.1015081E-01    0.9894297E-04   -0.3183459E-02    0.2926302E-01    0.1968326E-01    0.6847637E-03   -0.1156412E-01    0.4524100E-02   -0.4148264E-03    0.2765131E-03    0.3907592E-02    0.3646160E-02   -0.2527448E-06    0.2112588E-05
    0.4372320E-07   -0.4290560E-06    0.4151072E-07    0.3998212E-06    0.1232332E-04    0.1246847E-05   -0.4101045E-06    0.1531764E-05    0.6255812E-05    0.7799457E-03    0.7893085E-05   -0.3752512E-04    0.3264043E-02    0.1023876E-03   -0.1156462E-04    0.8645213E-03    0.5643479E-04    0.3110901E-04    0.5485224E-04   -0.2309535E-04    0.6793506E-03   -0.2004552E-07   -0.3137601E-07
   -0.2110527E-04    0.3111363E-03    0.5219072E-05   -0.2320208E-02   -0.2012701E-02   -0.6258223E-02   -0.9402941E-02    0.1015081E-01    0.7799457E-03    0.4462927E+02   -0.5166587E+00   -0.1967717E+01    0.4608378E+02    0.1953464E+01   -0.2212327E+02   -0.6288190E+02    0.9938868E+00    0.9963412E-01    0.3171085E+00   -0.1704716E+01   -0.1833624E+02   -0.3790399E-03    0.4465875E-02
   -0.2169891E-06   -0.8518020E-05   -0.7593240E-06    0.5742383E-04    0.1211591E-03    0.1412694E-03    0.1533626E-03    0.9894297E-04    0.7893085E-05   -0.5166587E+00    0.8248942E-01   -0.8834518E-01   -0.3972469E+00    0.9573774E+00    0.1763652E+01    0.7476625E+00    0.9232589E-01   -0.4595360E-02    0.1622932E-02    0.8187217E-01    0.1021298E+00    0.8883394E-05   -0.1867359E-04
    0.2592613E-04   -0.1463213E-03    0.2727519E-04    0.6807882E-03    0.5557228E-03    0.1715963E-02    0.2246004E-02   -0.3183459E-02   -0.3752512E-04   -0.1967717E+01   -0.8834518E-01    0.3912564E+01   -0.3065606E+02   -0.4369725E+01    0.7972799E+01    0.7422358E+01   -0.3095589E+01   -0.1335923E+00    0.1035487E+00    0.2394904E+01    0.2248343E+01    0.1554716E-03   -0.3867962E-03
   -0.3682903E-03    0.2259141E-02   -0.3050267E-03   -0.1655644E-01   -0.1638229E-01   -0.3387539E-01   -0.3447331E-01    0.2926302E-01    0.3264043E-02    0.4608378E+02   -0.3972469E+00   -0.3065606E+02    0.7810391E+03    0.7518791E+02   -0.6062525E+02   -0.7639244E+02    0.1711981E+02   -0.3435212E+01    0.3762421E+01   -0.1045352E+02   -0.1581180E+02    0.6356892E-02    0.4624711E-02
   -0.3276754E-03    0.1790553E-02   -0.2711351E-03   -0.6951744E-02   -0.6062261E-02   -0.1104491E-01   -0.1383511E-01    0.1968326E-01    0.1023876E-03    0.1953464E+01    0.9573774E+00   -0.4369725E+01    0.7518791E+02    0.6490757E+02    0.4397776E+02    0.1759561E+02   -0.3569375E+01   -0.1567290E+00   -0.1091291E+01    0.3925960E+01    0.3591848E+01    0.1600217E-03    0.3313446E-03
   -0.2020377E-03    0.9347920E-03   -0.1658534E-03   -0.2914320E-02   -0.1918090E-02    0.1637800E-02    0.2886078E-02    0.6847637E-03   -0.1156462E-04   -0.2212327E+02    0.1763652E+01    0.7972799E+01   -0.6062525E+02    0.4397776E+02    0.9813630E+02    0.7048256E+02   -0.1290233E+02   -0.5770786E+00   -0.3785113E+00    0.4664764E+01    0.5619985E+01    0.8073248E-03   -0.2672190E-02
   -0.1593262E-03    0.6348945E-03   -0.1591130E-03   -0.9680891E-03    0.2879586E-02    0.5844936E-02    0.9703343E-02   -0.1156412E-01    0.8645213E-03   -0.6288190E+02    0.7476625E+00    0.7422358E+01   -0.7639244E+02    0.1759561E+02    0.7048256E+02    0.1272898E+03   -0.1198175E+02   -0.4644059E+00   -0.6776632E+00   -0.6122845E+00    0.1502199E+02    0.8805321E-03   -0.7897386E-02
   -0.2101878E-04    0.2039447E-03   -0.2955103E-04   -0.1025749E-02   -0.1543187E-02   -0.3554871E-02   -0.4068973E-02    0.4524100E-02    0.5643479E-04    0.9938868E+00    0.9232589E-01   -0.3095589E+01    0.1711981E+02   -0.3569375E+01   -0.1290233E+02   -0.1198175E+02    0.6957230E+01    0.1581886E+00   -0.3987879E-01   -0.1953084E+01   -0.1713283E+01   -0.1127984E-03    0.2492152E-03
    0.4718218E-05   -0.1639269E-04    0.3244331E-05    0.1121205E-05   -0.1943720E-03    0.2394766E-03   -0.4794424E-03   -0.4148264E-03    0.3110901E-04    0.9963412E-01   -0.4595360E-02   -0.1335923E+00   -0.3435212E+01   -0.1567290E+00   -0.5770786E+00   -0.4644059E+00    0.1581886E+00    0.3526595E+01    0.4118648E+00    0.1960718E+00    0.2255149E+00    0.3019069E-03    0.2990238E-04
    0.8448973E-05   -0.6990369E-04    0.8096560E-05   -0.2127308E-03   -0.9325501E-03   -0.8131116E-04   -0.5155711E-03    0.2765131E-03    0.5485224E-04    0.3171085E+00    0.1622932E-02    0.1035487E+00    0.3762421E+01   -0.1091291E+01   -0.3785113E+00   -0.6776632E+00   -0.3987879E-01    0.4118648E+00    0.3393908E+01    0.2680857E+01    0.1806944E+01   -0.2717595E-03   -0.1812555E-03
   -0.1443783E-05    0.4791386E-04    0.4806409E-05   -0.2276486E-03   -0.5054524E-03   -0.6835517E-03   -0.1492919E-02    0.3907592E-02   -0.2309535E-04   -0.1704716E+01    0.8187217E-01    0.2394904E+01   -0.1045352E+02    0.3925960E+01    0.4664764E+01   -0.6122845E+00   -0.1953084E+01    0.1960718E+00    0.2680857E+01    0.1764431E+02    0.2635427E+02   -0.2821174E-04    0.2634267E-02
   -0.1628424E-05   -0.5412483E-05    0.2231340E-04   -0.3544439E-04    0.1224096E-02    0.6224418E-03    0.3452002E-03    0.3646160E-02    0.6793506E-03   -0.1833624E+02    0.1021298E+00    0.2248343E+01   -0.1581180E+02    0.3591848E+01    0.5619985E+01    0.1502199E+02   -0.1713283E+01    0.2255149E+00    0.1806944E+01    0.2635427E+02    0.5541520E+02    0.1211809E-03    0.4659403E-02
    0.2661942E-08   -0.8563111E-08    0.3929099E-08    0.5260826E-07    0.3516824E-06   -0.1977165E-06   -0.8214983E-07   -0.2527448E-06   -0.2004552E-07   -0.3790399E-03    0.8883394E-05    0.1554716E-03    0.6356892E-02    0.1600217E-03    0.8073248E-03    0.8805321E-03   -0.1127984E-03    0.3019069E-03   -0.2717595E-03   -0.2821174E-04    0.1211809E-03    0.6129193E-06   -0.7235726E-08
   -0.1668710E-08    0.3830818E-07    0.1054525E-07   -0.2609953E-06   -0.3542410E-06   -0.5879425E-06   -0.9477203E-06    0.2112588E-05   -0.3137601E-07    0.4465875E-02   -0.1867359E-04   -0.3867962E-03    0.4624711E-02    0.3313446E-03   -0.2672190E-02   -0.7897386E-02    0.2492152E-03    0.2990238E-04   -0.1812555E-03    0.2634267E-02    0.4659403E-02   -0.7235726E-08    0.2107968E-05
