# omegabh2 omegach2 theta tau nnu logA ns calPlanck aps100 aps143 aps217 acib217 asz143 psr cibr xi aksz dust100 dust143 dust217 dust143x217 cal0 cal2 calTE calEE
  3.6289034E-08   3.1654166E-07  -3.0607479E-08   1.7728476E-07   2.3601195E-05   1.3071789E-06   9.5158590E-07   1.1088735E-08   1.5982333E-04   7.2573443E-05  -2.9873991E-05   4.6512789E-05   4.0511021E-06   1.9578295E-07   1.2459473E-06   3.4976093E-07   8.3049802E-06   1.2623771E-06   2.0357472E-07   1.7037330E-07   5.6177379E-07   8.0501953E-09   1.0711289E-08   4.6450080E-08   1.1057330E-08
  3.1654166E-07   1.0179353E-05  -1.1460292E-06  -2.1431571E-06   6.0184717E-04   2.1836748E-05   1.7626586E-05  -3.4585806E-07   1.5031510E-02   8.5767342E-03  -3.0417049E-03   4.7293883E-03  -3.9281302E-04  -3.2459420E-05   1.0246155E-04  -4.8610736E-05   1.0188204E-03   1.8455259E-05   2.9655091E-05  -2.1911319E-05   3.6780156E-06  -8.0827843E-10   3.8541773E-07   3.8943110E-06   6.7815204E-06
 -3.0607479E-08  -1.1460292E-06   2.1712140E-07   2.1105698E-07  -7.0603576E-05  -2.3635218E-06  -2.0794426E-06   6.4515438E-08  -1.7099078E-03  -9.4909142E-04   3.3050091E-04  -5.1632496E-04   5.4913821E-05   4.6650137E-06  -1.2605367E-05   5.1887469E-06  -1.3529551E-04  -2.8326108E-06  -4.3557537E-06   1.9820189E-06  -5.7835487E-07   7.6903441E-09  -5.0891691E-08  -5.3655321E-07  -8.2864076E-07
  1.7728476E-07  -2.1431571E-06   2.1105698E-07   4.2459958E-05  -1.0825173E-05   7.7379827E-05   6.5810056E-06  -6.5707824E-07  -9.7914849E-03  -3.9132882E-03   2.8166147E-03  -3.5655860E-03   7.6976773E-05  -5.6033258E-06  -4.5918234E-05   2.0061439E-05  -6.1680206E-05   2.8551752E-05   3.1088215E-05   3.4771169E-05   2.4854575E-05  -3.0521814E-07  -2.1352989E-07  -2.6755944E-06  -2.2977928E-06
  2.3601195E-05   6.0184717E-04  -7.0603576E-05  -1.0825173E-05   3.8935642E-02   1.5615082E-03   1.2682984E-03  -1.0565073E-05   9.3777012E-01   5.2358468E-01  -1.6909600E-01   2.7488487E-01  -2.6457137E-02  -2.0982806E-03   6.0459830E-03  -2.9089379E-03   6.6489401E-02   1.3822440E-03   1.6583096E-03  -1.1211119E-03   3.2473939E-04   2.0530558E-06   2.3410053E-05   2.5977601E-04   4.6945287E-04
  1.3071789E-06   2.1836748E-05  -2.3635218E-06   7.7379827E-05   1.5615082E-03   2.3442107E-04   6.0109426E-05   9.7569986E-06   2.4261807E-02   1.5336955E-02   4.7987542E-03   4.0557647E-03  -6.1740310E-04  -5.9354952E-05   1.1313687E-04  -5.5250639E-05   1.5788702E-03   1.2104148E-04   6.0853141E-05   3.7893835E-05   6.2558837E-05   1.6150888E-07   5.6789844E-07   4.9127918E-06   1.5069004E-05
  9.5158590E-07   1.7626586E-05  -2.0794426E-06   6.5810056E-06   1.2682984E-03   6.0109426E-05   5.5405587E-05   3.6716165E-07   9.2482826E-03   1.0148613E-02   2.9217652E-03   2.8663982E-03  -4.1646632E-04  -1.1474349E-05   9.2694317E-05  -2.8481020E-05   3.9732071E-04   6.2106657E-05   2.8556124E-05   3.2392062E-06   8.2429731E-06  -2.3216413E-07   5.3448655E-07   7.9282155E-06   1.2648885E-05
  1.1088735E-08  -3.4585806E-07   6.4515438E-08  -6.5707824E-07  -1.0565073E-05   9.7569986E-06   3.6716165E-07   6.0298602E-06   2.9522728E-03   6.5182555E-05   1.0032290E-03   5.7223224E-04   5.8871658E-05   1.1061529E-06  -5.0423179E-06  -2.8907196E-06  -2.7170867E-05   1.4195979E-05   3.5168906E-06   6.1215238E-06   5.0748811E-06   4.8572821E-08  -2.4558023E-08  -3.7037592E-07  -3.7673720E-07
  1.5982333E-04   1.5031510E-02  -1.7099078E-03  -9.7914849E-03   9.3777012E-01   2.4261807E-02   9.2482826E-03   2.9522728E-03   6.1966617E+02   6.7136293E+01  -6.0732562E+01   3.6984849E+01  -2.4842477E+01  -8.7744732E-01  -5.9794568E-02  -4.8808323E-01   1.2709562E+01  -1.9342417E-01   2.4767374E-01  -2.9478995E-01  -1.9881629E-01   6.8416701E-03   2.9864927E-03   7.1250364E-03   1.6438849E-02
  7.2573443E-05   8.5767342E-03  -9.4909142E-04  -3.9132882E-03   5.2358468E-01   1.5336955E-02   1.0148613E-02   6.5182555E-05   6.7136293E+01   7.2752174E+01   7.4631483E+00   9.5647876E+00  -6.4235370E-01  -4.0651991E-02   4.9483642E-01   7.8596294E-01  -7.4379633E+00  -2.8212432E-02  -2.0474336E-01   4.1316444E-02   8.0524425E-02   7.8839572E-04   8.6772474E-04   5.7750466E-03   9.7706005E-03
 -2.9873991E-05  -3.0417049E-03   3.3050091E-04   2.8166147E-03  -1.6909600E-01   4.7987542E-03   2.9217652E-03   1.0032290E-03  -6.0732562E+01   7.4631483E+00   1.7132199E+02  -8.2926687E+01   2.3969933E+00   3.3051487E-01  -9.9040187E-01   4.2394221E-01  -6.6397059E+00  -4.6121479E-02  -2.3412548E-01   5.8531695E-01   2.3491430E-03   1.5032927E-03  -7.3862929E-03   2.3059070E-03   1.6982263E-03
  4.6512789E-05   4.7293883E-03  -5.1632496E-04  -3.5655860E-03   2.7488487E-01   4.0557647E-03   2.8663982E-03   5.7223224E-04   3.6984849E+01   9.5647876E+00  -8.2926687E+01   5.3421706E+01   1.7247698E+00  -4.5588329E-02   7.2676087E-01  -3.1882324E-01  -2.6082095E+00   3.0250417E-02   1.4251156E-01  -4.6579519E-01  -1.0691611E-01  -3.9118732E-04   3.1652240E-03   7.0055821E-04   2.4655905E-03
  4.0511021E-06  -3.9281302E-04   5.4913821E-05   7.6976773E-05  -2.6457137E-02  -6.1740310E-04  -4.1646632E-04   5.8871658E-05  -2.4842477E+01  -6.4235370E-01   2.3969933E+00   1.7247698E+00   4.2724744E+00   1.0663054E-01   1.5548243E-01  -2.2881529E-02  -3.5722155E+00  -5.3615458E-03  -3.8235027E-03   8.0921531E-03   5.3830783E-02   4.6367615E-04  -2.2729877E-04  -5.6844660E-04  -7.2922193E-04
  1.9578295E-07  -3.2459420E-05   4.6650137E-06  -5.6033258E-06  -2.0982806E-03  -5.9354952E-05  -1.1474349E-05   1.1061529E-06  -8.7744732E-01  -4.0651991E-02   3.3051487E-01  -4.5588329E-02   1.0663054E-01   1.8512715E-02  -1.8057058E-02   1.4313751E-02  -1.0883596E-01  -2.9610722E-04  -1.1682630E-03  -2.9413970E-03   5.4914378E-03   1.9814066E-05  -4.0527977E-05   2.2021634E-06  -2.8697334E-05
  1.2459473E-06   1.0246155E-04  -1.2605367E-05  -4.5918234E-05   6.0459830E-03   1.1313687E-04   9.2694317E-05  -5.0423179E-06  -5.9794568E-02   4.9483642E-01  -9.9040187E-01   7.2676087E-01   1.5548243E-01  -1.8057058E-02   6.9984932E-02   6.3601003E-04  -1.6094532E-01   9.9903413E-04   7.2392572E-03   4.1162664E-04  -1.7164525E-02  -8.2220001E-06   1.0502065E-04  -2.2609256E-05   4.1911569E-05
  3.4976093E-07  -4.8610736E-05   5.1887469E-06   2.0061439E-05  -2.9089379E-03  -5.5250639E-05  -2.8481020E-05  -2.8907196E-06  -4.8808323E-01   7.8596294E-01   4.2394221E-01  -3.1882324E-01  -2.2881529E-02   1.4313751E-02   6.3601003E-04   8.2069612E-02   2.4864092E-02   1.0034097E-05   1.4572704E-03   1.6940583E-03   2.9830539E-03   8.8805863E-06  -6.5477101E-06  -1.2622517E-05  -4.4434974E-05
  8.3049802E-06   1.0188204E-03  -1.3529551E-04  -6.1680206E-05   6.6489401E-02   1.5788702E-03   3.9732071E-04  -2.7170867E-05   1.2709562E+01  -7.4379633E+00  -6.6397059E+00  -2.6082095E+00  -3.5722155E+00  -1.0883596E-01  -1.6094532E-01   2.4864092E-02   7.3755140E+00   4.2725786E-03  -1.7462909E-03  -5.5877613E-03  -4.8754816E-02  -3.8316792E-04   5.5949731E-05   2.9710421E-04   1.1390262E-03
  1.2623771E-06   1.8455259E-05  -2.8326108E-06   2.8551752E-05   1.3822440E-03   1.2104148E-04   6.2106657E-05   1.4195979E-05  -1.9342417E-01  -2.8212432E-02  -4.6121479E-02   3.0250417E-02  -5.3615458E-03  -2.9610722E-04   9.9903413E-04   1.0034097E-05   4.2725786E-03   3.8469522E-02   3.0789423E-03   2.2475596E-05   6.2461726E-04   3.9596743E-05   5.5070717E-06  -1.2404418E-05   1.7682377E-06
  2.0357472E-07   2.9655091E-05  -4.3557537E-06   3.1088215E-05   1.6583096E-03   6.0853141E-05   2.8556124E-05   3.5168906E-06   2.4767374E-01  -2.0474336E-01  -2.3412548E-01   1.4251156E-01  -3.8235027E-03  -1.1682630E-03   7.2392572E-03   1.4572704E-03  -1.7462909E-03   3.0789423E-03   2.9958153E-02  -4.5001645E-04   5.2086057E-03  -7.3377312E-05  -4.1530165E-05  -7.0436135E-05  -4.8139128E-05
  1.7037330E-07  -2.1911319E-05   1.9820189E-06   3.4771169E-05  -1.1211119E-03   3.7893835E-05   3.2392062E-06   6.1215238E-06  -2.9478995E-01   4.1316444E-02   5.8531695E-01  -4.6579519E-01   8.0921531E-03  -2.9413970E-03   4.1162664E-04   1.6940583E-03  -5.5877613E-03   2.2475596E-05  -4.5001645E-04   1.0561745E-02   7.7851588E-03   2.3924589E-06   5.7830966E-05  -5.6788762E-06  -8.8774775E-06
  5.6177379E-07   3.6780156E-06  -5.7835487E-07   2.4854575E-05   3.2473939E-04   6.2558837E-05   8.2429731E-06   5.0748811E-06  -1.9881629E-01   8.0524425E-02   2.3491430E-03  -1.0691611E-01   5.3830783E-02   5.4914378E-03  -1.7164525E-02   2.9830539E-03  -4.8754816E-02   6.2461726E-04   5.2086057E-03   7.7851588E-03   2.5138518E-02   5.7292206E-07   4.8422883E-05  -1.1246179E-05  -6.7323309E-06
  8.0501953E-09  -8.0827843E-10   7.6903441E-09  -3.0521814E-07   2.0530558E-06   1.6150888E-07  -2.3216413E-07   4.8572821E-08   6.8416701E-03   7.8839572E-04   1.5032927E-03  -3.9118732E-04   4.6367615E-04   1.9814066E-05  -8.2220001E-06   8.8805863E-06  -3.8316792E-04   3.9596743E-05  -7.3377312E-05   2.3924589E-06   5.7292206E-07   1.1050679E-06   2.6121249E-08   2.3933243E-07   5.4890951E-07
  1.0711289E-08   3.8541773E-07  -5.0891691E-08  -2.1352989E-07   2.3410053E-05   5.6789844E-07   5.3448655E-07  -2.4558023E-08   2.9864927E-03   8.6772474E-04  -7.3862929E-03   3.1652240E-03  -2.2729877E-04  -4.0527977E-05   1.0502065E-04  -6.5477101E-06   5.5949731E-05   5.5070717E-06  -4.1530165E-05   5.7830966E-05   4.8422883E-05   2.6121249E-08   2.4093578E-06   4.0785236E-07   3.2133473E-07
  4.6450080E-08   3.8943110E-06  -5.3655321E-07  -2.6755944E-06   2.5977601E-04   4.9127918E-06   7.9282155E-06  -3.7037592E-07   7.1250364E-03   5.7750466E-03   2.3059070E-03   7.0055821E-04  -5.6844660E-04   2.2021634E-06  -2.2609256E-05  -1.2622517E-05   2.9710421E-04  -1.2404418E-05  -7.0436135E-05  -5.6788762E-06  -1.1246179E-05   2.3933243E-07   4.0785236E-07   2.6411899E-05   1.1837256E-05
  1.1057330E-08   6.7815204E-06  -8.2864076E-07  -2.2977928E-06   4.6945287E-04   1.5069004E-05   1.2648885E-05  -3.7673720E-07   1.6438849E-02   9.7706005E-03   1.6982263E-03   2.4655905E-03  -7.2922193E-04  -2.8697334E-05   4.1911569E-05  -4.4434974E-05   1.1390262E-03   1.7682377E-06  -4.8139128E-05  -8.8774775E-06  -6.7323309E-06   5.4890951E-07   3.2133473E-07   1.1837256E-05   2.9827453E-05
