# omegabh2 omegach2 theta tau meffsterile nnu logA ns calPlanck acib217 xi asz143 aps100 aps143 aps143217 aps217 aksz kgal100 kgal143 kgal143217 kgal217 galfEE100 galfEE100143 galfEE100217 galfEE143 galfEE143217 galfEE217 galfTE100 galfTE100143 galfTE100217 galfTE143 galfTE143217 galfTE217 cal0 cal2
    0.2710471E-07    0.8456082E-07    0.3447681E-09    0.1061234E-05   -0.3947867E-06    0.8654262E-05    0.2284086E-05    0.5525130E-06    0.6305194E-08   -0.5333003E-04    0.1452565E-05    0.1467086E-04   -0.2189315E-03   -0.1108144E-03   -0.7064450E-05    0.2567912E-04   -0.2485651E-04    0.1981610E-05   -0.1617428E-05   -0.5346379E-05   -0.1487898E-06    0.5412823E-07    0.6349091E-07    0.9787005E-08    0.6752088E-07   -0.1027352E-07    0.9801794E-07   -0.9141869E-07   -0.7445654E-07   -0.4019332E-06   -0.2796211E-06   -0.5713946E-06   -0.2330135E-05    0.2102067E-08   -0.3920054E-08
    0.8456082E-07    0.1313120E-04   -0.5440808E-06    0.7191140E-05   -0.7070869E-03    0.2531100E-03    0.2650680E-04    0.9805387E-05   -0.2374151E-06    0.2381061E-02   -0.6496393E-04   -0.3818117E-03    0.9188783E-02    0.2416368E-02   -0.1330894E-02   -0.2805713E-02    0.8620175E-03    0.1582996E-03    0.2198492E-03    0.3917873E-03   -0.1432495E-03    0.5522690E-06    0.3898937E-06    0.1605465E-06    0.2743944E-06   -0.4391540E-05   -0.1101758E-04   -0.3567826E-06    0.5396788E-06   -0.3322647E-05   -0.1193813E-05    0.3394973E-05    0.3254271E-05   -0.3375150E-07    0.2390168E-06
    0.3447681E-09   -0.5440808E-06    0.1221464E-06   -0.1950659E-06    0.1652189E-04   -0.1832187E-04   -0.1122302E-05   -0.4905150E-06    0.1341981E-07   -0.1214640E-03    0.3100198E-05    0.1962941E-04   -0.5094978E-03   -0.1886836E-03    0.4863464E-05    0.7978261E-04   -0.4660504E-04   -0.5010218E-05   -0.7236953E-05   -0.2102492E-04    0.5816570E-05   -0.2732934E-07   -0.2343981E-07    0.2134695E-07   -0.2830561E-07    0.1021832E-06   -0.1958810E-06    0.4602415E-07   -0.1122962E-06    0.1961204E-06   -0.1264918E-06   -0.9505206E-07   -0.1492960E-05   -0.7746051E-09   -0.1211325E-07
    0.1061234E-05    0.7191140E-05   -0.1950659E-06    0.3014748E-03   -0.2803270E-03    0.5173630E-03    0.5981420E-03    0.4706963E-04   -0.3081109E-05   -0.9074998E-02    0.2098502E-03    0.1485069E-02   -0.4016020E-01   -0.1037422E-01    0.3295636E-02    0.9287018E-02   -0.3779990E-02   -0.2218958E-03   -0.6328743E-03   -0.2310412E-02   -0.2435574E-02    0.1798724E-05    0.3169098E-05   -0.6929914E-05    0.4005563E-05   -0.5728631E-05   -0.1554931E-04   -0.7693342E-05   -0.3676386E-05   -0.7645516E-05   -0.7414337E-05   -0.1731803E-04   -0.6683371E-04   -0.5764475E-07   -0.1310045E-05
   -0.3947867E-06   -0.7070869E-03    0.1652189E-04   -0.2803270E-03    0.5628451E-01   -0.5838348E-02   -0.8953232E-03   -0.4333426E-03    0.1731145E-04   -0.9355975E-01    0.2883046E-02    0.1380668E-01   -0.3385632E+00   -0.1158880E-01    0.1337861E+00    0.1861502E+00   -0.3638797E-01   -0.8846979E-02   -0.1256129E-01   -0.2041769E-01   -0.4971654E-03   -0.2784045E-04   -0.1932853E-04   -0.2302461E-04   -0.1674046E-04    0.1963124E-03    0.8878612E-03   -0.5446208E-04   -0.1820277E-04    0.3441246E-04    0.1190619E-03   -0.3598759E-03   -0.2057546E-03    0.7820112E-06   -0.1055792E-04
    0.8654262E-05    0.2531100E-03   -0.1832187E-04    0.5173630E-03   -0.5838348E-02    0.1127948E-01    0.1396876E-02    0.4745125E-03    0.2955466E-06    0.6633293E-01   -0.1469561E-02   -0.9402229E-02    0.2494688E+00    0.9097309E-01   -0.2338407E-02   -0.4805909E-01    0.2138050E-01    0.5223643E-02    0.5170030E-02    0.5799268E-02   -0.1401237E-01    0.3275315E-04    0.3335800E-04   -0.9795731E-05    0.3326704E-04   -0.1423632E-03   -0.1304983E-03   -0.9210479E-04    0.3521943E-05   -0.1594642E-03   -0.3306567E-04   -0.9759547E-04   -0.2821456E-03   -0.7010157E-06    0.5179918E-05
    0.2284086E-05    0.2650680E-04   -0.1122302E-05    0.5981420E-03   -0.8953232E-03    0.1396876E-02    0.1234456E-02    0.1018717E-03    0.6226419E-05   -0.1558834E-01    0.3977022E-03    0.2597741E-02   -0.6428382E-01   -0.1469622E-01    0.9833074E-02    0.2272567E-01   -0.7494667E-02   -0.5877157E-03   -0.1632833E-02   -0.4652891E-02   -0.3203335E-02    0.5223542E-05    0.7109909E-05   -0.1399307E-04    0.9738437E-05   -0.2087711E-04   -0.3425656E-04   -0.1445627E-04   -0.5710687E-05   -0.2419968E-04   -0.1145851E-04   -0.3952118E-04   -0.1152619E-03    0.7551274E-07   -0.2387981E-05
    0.5525130E-06    0.9805387E-05   -0.4905150E-06    0.4706963E-04   -0.4333426E-03    0.4745125E-03    0.1018717E-03    0.3780469E-04    0.1915024E-06   -0.1913374E-02    0.7219098E-04    0.6325575E-03   -0.1418877E-01   -0.2497293E-02    0.2612461E-02    0.3422585E-02   -0.1444398E-02    0.5190010E-03    0.1457613E-03   -0.3607127E-03   -0.5152587E-03    0.3477733E-05    0.4102899E-05    0.3704797E-06    0.4477859E-05   -0.5624311E-05   -0.1109052E-04   -0.5344522E-05   -0.1259759E-05   -0.3725535E-05   -0.6119831E-05   -0.7376800E-05   -0.2310694E-04   -0.1705202E-06   -0.2403963E-06
    0.6305194E-08   -0.2374151E-06    0.1341981E-07   -0.3081109E-05    0.1731145E-04    0.2955466E-06    0.6226419E-05    0.1915024E-06    0.6227314E-05    0.6712424E-03   -0.4129574E-05    0.4842044E-04    0.3202257E-02    0.4665845E-03    0.4890754E-03    0.1431822E-02   -0.8121513E-04   -0.1135467E-04   -0.3667327E-04   -0.4522511E-04    0.8581427E-03    0.8337681E-06    0.6392030E-06   -0.3757262E-07    0.1252617E-05   -0.1289332E-05    0.2777047E-05    0.1005704E-05    0.4412222E-07   -0.1591379E-05    0.5362560E-06   -0.3187961E-05    0.7676465E-05    0.6371275E-08    0.5654250E-09
   -0.5333003E-04    0.2381061E-02   -0.1214640E-03   -0.9074998E-02   -0.9355975E-01    0.6633293E-01   -0.1558834E-01   -0.1913374E-02    0.6712424E-03    0.4390371E+02   -0.5187708E+00   -0.1539640E+01    0.4246591E+02   -0.4154413E+00   -0.2182952E+02   -0.6155124E+02    0.3647176E+00    0.2180434E-01    0.2053470E+00   -0.1897822E+01   -0.1856756E+02    0.2165038E-03   -0.3947246E-03    0.7742366E-03   -0.6226829E-03    0.3979910E-03   -0.8153635E-02   -0.1189544E-02   -0.1222292E-02   -0.6401536E-02   -0.3786503E-02   -0.3645479E-02    0.1014361E-02   -0.2343374E-03    0.4416363E-02
    0.1452565E-05   -0.6496393E-04    0.3100198E-05    0.2098502E-03    0.2883046E-02   -0.1469561E-02    0.3977022E-03    0.7219098E-04   -0.4129574E-05   -0.5187708E+00    0.8039401E-01   -0.6889260E-01   -0.6214847E+00    0.9920324E+00    0.1890428E+01    0.8002491E+00    0.6642423E-01   -0.3227419E-02    0.1321359E-02    0.8676509E-01    0.8504180E-01    0.7219931E-05    0.1440266E-04    0.1616675E-03    0.2792532E-04   -0.1509541E-04   -0.1259451E-03    0.7215831E-04    0.8044859E-04    0.1749376E-03    0.3020122E-04   -0.8687612E-04   -0.2638596E-03    0.5884248E-05   -0.2166849E-04
    0.1467086E-04   -0.3818117E-03    0.1962941E-04    0.1485069E-02    0.1380668E-01   -0.9402229E-02    0.2597741E-02    0.6325575E-03    0.4842044E-04   -0.1539640E+01   -0.6889260E-01    0.3618938E+01   -0.2805719E+02   -0.3616876E+01    0.7480096E+01    0.6418930E+01   -0.2536685E+01   -0.1702486E+00    0.1607811E-01    0.2298373E+01    0.2061588E+01    0.6799935E-04    0.2216969E-03   -0.3199997E-03    0.1840879E-03    0.1118681E-02   -0.5025578E-03   -0.1261083E-03   -0.5674720E-04    0.6100229E-03   -0.9311307E-03   -0.9469486E-03   -0.1198232E-02    0.1782054E-03   -0.3330397E-03
   -0.2189315E-03    0.9188783E-02   -0.5094978E-03   -0.4016020E-01   -0.3385632E+00    0.2494688E+00   -0.6428382E-01   -0.1418877E-01    0.3202257E-02    0.4246591E+02   -0.6214847E+00   -0.2805719E+02    0.7641951E+03    0.6464569E+02   -0.6099647E+02   -0.6990906E+02    0.1267785E+02   -0.4024282E+01    0.3504856E+01   -0.1103265E+02   -0.1578359E+02   -0.1158988E-02   -0.3965404E-02    0.6221149E-03   -0.3581550E-02   -0.1050388E-01    0.1300088E-01    0.6127593E-02   -0.4379951E-02   -0.2295497E-01    0.4388295E-02   -0.5479290E-02   -0.3174709E-01    0.6178821E-02    0.4029237E-02
   -0.1108144E-03    0.2416368E-02   -0.1886836E-03   -0.1037422E-01   -0.1158880E-01    0.9097309E-01   -0.1469622E-01   -0.2497293E-02    0.4665845E-03   -0.4154413E+00    0.9920324E+00   -0.3616876E+01    0.6464569E+02    0.5916259E+02    0.4396163E+02    0.1845411E+02   -0.4206593E+01   -0.2561812E+00   -0.1143484E+01    0.3540217E+01    0.3565694E+01   -0.2063684E-03   -0.5573102E-03    0.1521000E-03   -0.9651130E-03   -0.5654426E-02   -0.6522267E-02    0.2206665E-02    0.2941640E-02   -0.4833773E-02    0.7416314E-02    0.1544294E-02    0.1366374E-01    0.1068308E-03    0.6557897E-04
   -0.7064450E-05   -0.1330894E-02    0.4863464E-05    0.3295636E-02    0.1337861E+00   -0.2338407E-02    0.9833074E-02    0.2612461E-02    0.4890754E-03   -0.2182952E+02    0.1890428E+01    0.7480096E+01   -0.6099647E+02    0.4396163E+02    0.9848213E+02    0.6717457E+02   -0.1140670E+02   -0.5927035E+00   -0.5930538E+00    0.4187645E+01    0.4606570E+01    0.2765204E-03    0.7000354E-03    0.2118284E-02    0.7378526E-03   -0.2510262E-02   -0.8437988E-02    0.1695306E-02    0.2596696E-02    0.4497250E-02    0.4193287E-02   -0.4143695E-03   -0.6844648E-02    0.7072446E-03   -0.2624073E-02
    0.2567912E-04   -0.2805713E-02    0.7978261E-04    0.9287018E-02    0.1861502E+00   -0.4805909E-01    0.2272567E-01    0.3422585E-02    0.1431822E-02   -0.6155124E+02    0.8002491E+00    0.6418930E+01   -0.6990906E+02    0.1845411E+02    0.6717457E+02    0.1219604E+03   -0.1000506E+02   -0.3222296E+00   -0.6008781E+00   -0.7676794E+00    0.1504891E+02   -0.1131691E-04    0.7662527E-03   -0.1539541E-02    0.1302269E-02   -0.5352249E-02    0.7967266E-02    0.1500786E-02    0.1654777E-02    0.6751702E-02    0.7721454E-02    0.6312705E-02    0.1045503E-02    0.6508150E-03   -0.7652913E-02
   -0.2485651E-04    0.8620175E-03   -0.4660504E-04   -0.3779990E-02   -0.3638797E-01    0.2138050E-01   -0.7494667E-02   -0.1444398E-02   -0.8121513E-04    0.3647176E+00    0.6642423E-01   -0.2536685E+01    0.1267785E+02   -0.4206593E+01   -0.1140670E+02   -0.1000506E+02    0.5805404E+01    0.1188271E+00   -0.6062669E-01   -0.1834812E+01   -0.1528005E+01   -0.2364673E-03   -0.2986133E-03    0.4413064E-03   -0.1775180E-03    0.4281256E-03    0.2319911E-02   -0.5530901E-03    0.1256139E-03    0.1251054E-02    0.2054519E-03    0.1358162E-02    0.1210233E-02   -0.1248874E-03    0.1478162E-03
    0.1981610E-05    0.1582996E-03   -0.5010218E-05   -0.2218958E-03   -0.8846979E-02    0.5223643E-02   -0.5877157E-03    0.5190010E-03   -0.1135467E-04    0.2180434E-01   -0.3227419E-02   -0.1702486E+00   -0.4024282E+01   -0.2561812E+00   -0.5927035E+00   -0.3222296E+00    0.1188271E+00    0.3528155E+01    0.4174075E+00    0.7349663E-01    0.1141756E+00    0.1103893E-03    0.1516581E-03    0.3329179E-03    0.2139891E-03   -0.2429401E-03   -0.4102119E-05   -0.1075833E-02   -0.2598353E-04   -0.9333969E-03    0.4347373E-03   -0.7159963E-03   -0.2630162E-02    0.3073183E-03    0.1629147E-05
   -0.1617428E-05    0.2198492E-03   -0.7236953E-05   -0.6328743E-03   -0.1256129E-01    0.5170030E-02   -0.1632833E-02    0.1457613E-03   -0.3667327E-04    0.2053470E+00    0.1321359E-02    0.1607811E-01    0.3504856E+01   -0.1143484E+01   -0.5930538E+00   -0.6008781E+00   -0.6062669E-01    0.4174075E+00    0.3369935E+01    0.2531444E+01    0.1637589E+01    0.3332051E-04   -0.1514749E-03    0.2763352E-03   -0.8969699E-04   -0.3353914E-03    0.1751448E-02   -0.2304281E-03   -0.4844637E-03   -0.2755340E-03    0.5108115E-04   -0.7506506E-03    0.2094021E-02   -0.2803627E-03   -0.1992716E-03
   -0.5346379E-05    0.3917873E-03   -0.2102492E-04   -0.2310412E-02   -0.2041769E-01    0.5799268E-02   -0.4652891E-02   -0.3607127E-03   -0.4522511E-04   -0.1897822E+01    0.8676509E-01    0.2298373E+01   -0.1103265E+02    0.3540217E+01    0.4187645E+01   -0.7676794E+00   -0.1834812E+01    0.7349663E-01    0.2531444E+01    0.1714982E+02    0.2564524E+02   -0.1079704E-04   -0.1545679E-03    0.2282516E-03   -0.4504635E-03   -0.9275081E-03   -0.1664324E-02    0.1154582E-02    0.1500407E-02   -0.8709155E-03    0.6955621E-03   -0.4770673E-03    0.7285899E-02    0.2642375E-05    0.2530989E-02
   -0.1487898E-06   -0.1432495E-03    0.5816570E-05   -0.2435574E-02   -0.4971654E-03   -0.1401237E-01   -0.3203335E-02   -0.5152587E-03    0.8581427E-03   -0.1856756E+02    0.8504180E-01    0.2061588E+01   -0.1578359E+02    0.3565694E+01    0.4606570E+01    0.1504891E+02   -0.1528005E+01    0.1141756E+00    0.1637589E+01    0.2564524E+02    0.5457035E+02    0.1152160E-03   -0.2707495E-04   -0.5389215E-03   -0.5599140E-03   -0.1492713E-02   -0.1196667E-03    0.3043849E-02    0.3248724E-02    0.2099021E-02    0.3715324E-02    0.1531195E-03    0.3179969E-02    0.7941910E-04    0.4472166E-02
    0.5412823E-07    0.5522690E-06   -0.2732934E-07    0.1798724E-05   -0.2784045E-04    0.3275315E-04    0.5223542E-05    0.3477733E-05    0.8337681E-06    0.2165038E-03    0.7219931E-05    0.6799935E-04   -0.1158988E-02   -0.2063684E-03    0.2765204E-03   -0.1131691E-04   -0.2364673E-03    0.1103893E-03    0.3332051E-04   -0.1079704E-04    0.1152160E-03    0.3179984E-04    0.8154100E-05   -0.3394608E-06    0.2865098E-05    0.3256785E-06    0.6875194E-05   -0.8609943E-06   -0.4163207E-08   -0.4885161E-05   -0.1169353E-06   -0.4779380E-05    0.3168688E-06   -0.3648022E-07    0.7635724E-07
    0.6349091E-07    0.3898937E-06   -0.2343981E-07    0.3169098E-05   -0.1932853E-04    0.3335800E-04    0.7109909E-05    0.4102899E-05    0.6392030E-06   -0.3947246E-03    0.1440266E-04    0.2216969E-03   -0.3965404E-02   -0.5573102E-03    0.7000354E-03    0.7662527E-03   -0.2986133E-03    0.1516581E-03   -0.1514749E-03   -0.1545679E-03   -0.2707495E-04    0.8154100E-05    0.2461388E-04   -0.1169121E-05    0.1208289E-04   -0.2513710E-05    0.2755512E-05    0.7722436E-06   -0.2835192E-06   -0.1459159E-05   -0.2956480E-05    0.9438095E-06   -0.3124772E-05   -0.3862260E-07   -0.7311198E-07
    0.9787005E-08    0.1605465E-06    0.2134695E-07   -0.6929914E-05   -0.2302461E-04   -0.9795731E-05   -0.1399307E-04    0.3704797E-06   -0.3757262E-07    0.7742366E-03    0.1616675E-03   -0.3199997E-03    0.6221149E-03    0.1521000E-03    0.2118284E-02   -0.1539541E-02    0.4413064E-03    0.3329179E-03    0.2763352E-03    0.2282516E-03   -0.5389215E-03   -0.3394608E-06   -0.1169121E-05    0.1084189E-02   -0.2380383E-05    0.9221488E-05    0.5912392E-04    0.5762871E-05   -0.4536537E-05    0.1459518E-05   -0.4358576E-05    0.4619839E-05   -0.1296836E-04    0.1632802E-06    0.3168321E-06
    0.6752088E-07    0.2743944E-06   -0.2830561E-07    0.4005563E-05   -0.1674046E-04    0.3326704E-04    0.9738437E-05    0.4477859E-05    0.1252617E-05   -0.6226829E-03    0.2792532E-04    0.1840879E-03   -0.3581550E-02   -0.9651130E-03    0.7378526E-03    0.1302269E-02   -0.1775180E-03    0.2139891E-03   -0.8969699E-04   -0.4504635E-03   -0.5599140E-03    0.2865098E-05    0.1208289E-04   -0.2380383E-05    0.4715054E-04   -0.3025746E-05    0.3311924E-05    0.1348965E-05   -0.1749753E-05   -0.5400201E-06   -0.3685024E-05   -0.3715694E-05    0.3598764E-06   -0.2691524E-07   -0.2182515E-06
   -0.1027352E-07   -0.4391540E-05    0.1021832E-06   -0.5728631E-05    0.1963124E-03   -0.1423632E-03   -0.2087711E-04   -0.5624311E-05   -0.1289332E-05    0.3979910E-03   -0.1509541E-04    0.1118681E-02   -0.1050388E-01   -0.5654426E-02   -0.2510262E-02   -0.5352249E-02    0.4281256E-03   -0.2429401E-03   -0.3353914E-03   -0.9275081E-03   -0.1492713E-02    0.3256785E-06   -0.2513710E-05    0.9221488E-05   -0.3025746E-05    0.2220048E-02    0.5710384E-04   -0.1069247E-04   -0.1295833E-04   -0.4437071E-04   -0.1598260E-05    0.8159469E-05   -0.6869554E-04    0.1364228E-06   -0.4103799E-06
    0.9801794E-07   -0.1101758E-04   -0.1958810E-06   -0.1554931E-04    0.8878612E-03   -0.1304983E-03   -0.3425656E-04   -0.1109052E-04    0.2777047E-05   -0.8153635E-02   -0.1259451E-03   -0.5025578E-03    0.1300088E-01   -0.6522267E-02   -0.8437988E-02    0.7967266E-02    0.2319911E-02   -0.4102119E-05    0.1751448E-02   -0.1664324E-02   -0.1196667E-03    0.6875194E-05    0.2755512E-05    0.5912392E-04    0.3311924E-05    0.5710384E-04    0.1698116E-01    0.4723712E-05    0.1470575E-04   -0.1255083E-04   -0.4022135E-04   -0.2320616E-04    0.8429134E-04   -0.5034386E-06   -0.3068024E-05
   -0.9141869E-07   -0.3567826E-06    0.4602415E-07   -0.7693342E-05   -0.5446208E-04   -0.9210479E-04   -0.1445627E-04   -0.5344522E-05    0.1005704E-05   -0.1189544E-02    0.7215831E-04   -0.1261083E-03    0.6127593E-02    0.2206665E-02    0.1695306E-02    0.1500786E-02   -0.5530901E-03   -0.1075833E-02   -0.2304281E-03    0.1154582E-02    0.3043849E-02   -0.8609943E-06    0.7722436E-06    0.5762871E-05    0.1348965E-05   -0.1069247E-04    0.4723712E-05    0.1447365E-02    0.3138318E-03    0.9454718E-04   -0.3800149E-03   -0.1235862E-03   -0.1646660E-03    0.2604840E-06    0.2891133E-06
   -0.7445654E-07    0.5396788E-06   -0.1122962E-06   -0.3676386E-05   -0.1820277E-04    0.3521943E-05   -0.5710687E-05   -0.1259759E-05    0.4412222E-07   -0.1222292E-02    0.8044859E-04   -0.5674720E-04   -0.4379951E-02    0.2941640E-02    0.2596696E-02    0.1654777E-02    0.1256139E-03   -0.2598353E-04   -0.4844637E-03    0.1500407E-02    0.3248724E-02   -0.4163207E-08   -0.2835192E-06   -0.4536537E-05   -0.1749753E-05   -0.1295833E-04    0.1470575E-04    0.3138318E-03    0.8421079E-03    0.1522837E-04    0.7199471E-03    0.3048344E-04   -0.6323108E-03   -0.1740738E-06    0.2190524E-06
   -0.4019332E-06   -0.3322647E-05    0.1961204E-06   -0.7645516E-05    0.3441246E-04   -0.1594642E-03   -0.2419968E-04   -0.3725535E-05   -0.1591379E-05   -0.6401536E-02    0.1749376E-03    0.6100229E-03   -0.2295497E-01   -0.4833773E-02    0.4497250E-02    0.6751702E-02    0.1251054E-02   -0.9333969E-03   -0.2755340E-03   -0.8709155E-03    0.2099021E-02   -0.4885161E-05   -0.1459159E-05    0.1459518E-05   -0.5400201E-06   -0.4437071E-04   -0.1255083E-04    0.9454718E-04    0.1522837E-04    0.7095926E-02   -0.2894653E-03    0.6918736E-03    0.4591142E-02   -0.5739896E-06   -0.3561797E-06
   -0.2796211E-06   -0.1193813E-05   -0.1264918E-06   -0.7414337E-05    0.1190619E-03   -0.3306567E-04   -0.1145851E-04   -0.6119831E-05    0.5362560E-06   -0.3786503E-02    0.3020122E-04   -0.9311307E-03    0.4388295E-02    0.7416314E-02    0.4193287E-02    0.7721454E-02    0.2054519E-03    0.4347373E-03    0.5108115E-04    0.6955621E-03    0.3715324E-02   -0.1169353E-06   -0.2956480E-05   -0.4358576E-05   -0.3685024E-05   -0.1598260E-05   -0.4022135E-04   -0.3800149E-03    0.7199471E-03   -0.2894653E-03    0.2861025E-02    0.4557321E-03   -0.8652867E-03    0.1011959E-06   -0.3740414E-06
   -0.5713946E-06    0.3394973E-05   -0.9505206E-07   -0.1731803E-04   -0.3598759E-03   -0.9759547E-04   -0.3952118E-04   -0.7376800E-05   -0.3187961E-05   -0.3645479E-02   -0.8687612E-04   -0.9469486E-03   -0.5479290E-02    0.1544294E-02   -0.4143695E-03    0.6312705E-02    0.1358162E-02   -0.7159963E-03   -0.7506506E-03   -0.4770673E-03    0.1531195E-03   -0.4779380E-05    0.9438095E-06    0.4619839E-05   -0.3715694E-05    0.8159469E-05   -0.2320616E-04   -0.1235862E-03    0.3048344E-04    0.6918736E-03    0.4557321E-03    0.6303225E-02    0.7418497E-02   -0.8217013E-06   -0.2715752E-06
   -0.2330135E-05    0.3254271E-05   -0.1492960E-05   -0.6683371E-04   -0.2057546E-03   -0.2821456E-03   -0.1152619E-03   -0.2310694E-04    0.7676465E-05    0.1014361E-02   -0.2638596E-03   -0.1198232E-02   -0.3174709E-01    0.1366374E-01   -0.6844648E-02    0.1045503E-02    0.1210233E-02   -0.2630162E-02    0.2094021E-02    0.7285899E-02    0.3179969E-02    0.3168688E-06   -0.3124772E-05   -0.1296836E-04    0.3598764E-06   -0.6869554E-04    0.8429134E-04   -0.1646660E-03   -0.6323108E-03    0.4591142E-02   -0.8652867E-03    0.7418497E-02    0.6404838E-01   -0.1005556E-05   -0.4745361E-05
    0.2102067E-08   -0.3375150E-07   -0.7746051E-09   -0.5764475E-07    0.7820112E-06   -0.7010157E-06    0.7551274E-07   -0.1705202E-06    0.6371275E-08   -0.2343374E-03    0.5884248E-05    0.1782054E-03    0.6178821E-02    0.1068308E-03    0.7072446E-03    0.6508150E-03   -0.1248874E-03    0.3073183E-03   -0.2803627E-03    0.2642375E-05    0.7941910E-04   -0.3648022E-07   -0.3862260E-07    0.1632802E-06   -0.2691524E-07    0.1364228E-06   -0.5034386E-06    0.2604840E-06   -0.1740738E-06   -0.5739896E-06    0.1011959E-06   -0.8217013E-06   -0.1005556E-05    0.5990495E-06   -0.4037732E-09
   -0.3920054E-08    0.2390168E-06   -0.1211325E-07   -0.1310045E-05   -0.1055792E-04    0.5179918E-05   -0.2387981E-05   -0.2403963E-06    0.5654250E-09    0.4416363E-02   -0.2166849E-04   -0.3330397E-03    0.4029237E-02    0.6557897E-04   -0.2624073E-02   -0.7652913E-02    0.1478162E-03    0.1629147E-05   -0.1992716E-03    0.2530989E-02    0.4472166E-02    0.7635724E-07   -0.7311198E-07    0.3168321E-06   -0.2182515E-06   -0.4103799E-06   -0.3068024E-05    0.2891133E-06    0.2190524E-06   -0.3561797E-06   -0.3740414E-06   -0.2715752E-06   -0.4745361E-05   -0.4037732E-09    0.2074598E-05
