# omegabh2 omegach2 theta tau nnu yhe logA ns calPlanck acib217 xi asz143 aps100 aps143 aps143217 aps217 aksz kgal100 kgal143 kgal143217 kgal217 cal0 cal2
  1.0059179E-07   5.5741761E-07  -3.4946788E-08   6.4478097E-07   6.4815627E-05   9.3092212E-07   3.0803864E-06   3.3900208E-06   3.0573464E-08   1.6339260E-04  -3.4187090E-06  -1.9716849E-05   8.8942765E-04   2.3509476E-04   6.4296112E-06  -1.1513185E-04   7.3365510E-05   3.5580588E-05   2.3199659E-05   2.5468865E-05  -2.5656777E-05   7.9843634E-09   4.8766848E-09
  5.5741761E-07   5.6560192E-05  -1.3413477E-05   1.6935578E-06   3.8014502E-03  -1.8496847E-04   9.3873253E-05   4.4905187E-05   1.1024782E-07  -1.1260046E-03  -3.0096595E-05  -1.0483756E-04   2.8932658E-03  -5.9994317E-03  -6.5862420E-03  -4.4671600E-03   2.0873368E-04   5.6390882E-05   1.0511866E-05   1.7316634E-04   1.2416541E-03   9.4778536E-08   2.3001157E-08
 -3.4946788E-08  -1.3413477E-05   3.8143334E-06  -1.8795610E-07  -9.2371787E-04   5.6722022E-05  -1.8715442E-05  -6.9537572E-06  -7.3232649E-08   1.1048273E-03  -9.9333158E-06  -1.7794298E-04   3.5162669E-03   4.0615120E-03   2.5888856E-03   1.4147095E-03   3.4200834E-04   5.6206824E-05   4.9028341E-05   4.8055993E-05  -4.6044368E-04  -2.6296489E-08   1.7551226E-08
  6.4478097E-07   1.6935578E-06  -1.8795610E-07   4.4314161E-05   4.1778589E-04   2.1441492E-06   9.3904096E-05   2.6233776E-05   2.4732440E-08   1.4895447E-04  -3.7617132E-05  -8.2820377E-05   3.0593504E-03  -1.5771326E-03  -1.6711223E-03  -9.2044734E-04  -8.8973008E-06   1.5763852E-04  -5.9833686E-05  -3.7226409E-04  -5.3645644E-04   4.7853894E-08   1.0934594E-08
  6.4815627E-05   3.8014502E-03  -9.2371787E-04   4.1778589E-04   2.7773054E-01  -1.2752258E-02   6.8971712E-03   4.3158269E-03   2.9311760E-05  -1.9453075E-02  -2.9151551E-03  -9.9647489E-03   4.1533997E-01  -3.9909772E-01  -4.8691930E-01  -3.8808554E-01   2.8794392E-02   1.4454719E-02   1.1198152E-02   1.8070142E-02   6.8743795E-02   9.8326219E-06   2.9589825E-06
  9.3092212E-07  -1.8496847E-04   5.6722022E-05   2.1441492E-06  -1.2752258E-02   9.8125688E-04  -1.9932822E-04  -2.2155152E-05  -1.3759480E-06   2.8883074E-02  -3.6167935E-04  -5.6135081E-03   1.2131541E-01   1.0135307E-01   5.5574196E-02   2.6883044E-02   1.0752228E-02   1.7667053E-03   1.8047500E-03   2.6999943E-03  -8.4531334E-03  -3.0466564E-07   6.0187733E-07
  3.0803864E-06   9.3873253E-05  -1.8715442E-05   9.3904096E-05   6.8971712E-03  -1.9932822E-04   3.9835776E-04   1.5838411E-04   1.2856804E-05   4.4037485E-03  -1.6360811E-04  -2.0133326E-03   4.6805368E-02   9.0690614E-03  -2.5810455E-03   6.8916806E-05   2.4017897E-03   3.8573185E-04  -3.4405898E-04  -4.1904782E-04   1.0548346E-03   4.3172614E-07   2.2110299E-07
  3.3900208E-06   4.4905187E-05  -6.9537572E-06   2.6233776E-05   4.3158269E-03  -2.2155152E-05   1.5838411E-04   1.7903152E-04   1.0951249E-06   8.0804169E-03  -1.5894598E-04  -1.4204384E-03   4.2683737E-02   2.0577805E-02   7.2717147E-03   5.3047231E-04   3.1045221E-03   1.8005587E-03   1.0823707E-03   1.6870517E-03  -1.2038493E-04   1.8003375E-07   3.0901967E-07
  3.0573464E-08   1.1024782E-07  -7.3232649E-08   2.4732440E-08   2.9311760E-05  -1.3759480E-06   1.2856804E-05   1.0951249E-06   6.3647632E-06   6.7846694E-04   8.3759618E-06  -5.8320731E-05   2.9740515E-03   3.7950932E-04   3.4437968E-04   1.2629457E-03   7.9390467E-06  -8.4665531E-05  -5.2146372E-05  -1.4486385E-04   5.5000275E-04  -8.1486370E-09  -6.0046949E-09
  1.6339260E-04  -1.1260046E-03   1.1048273E-03   1.4895447E-04  -1.9453075E-02   2.8883074E-02   4.4037485E-03   8.0804169E-03   6.7846694E-04   4.6406367E+01  -4.1588927E-01  -1.3365914E+00   4.6182664E+01   8.7071613E+00  -1.0179528E+01  -5.3644460E+01   7.4780543E-01   4.5496200E-01   8.7008087E-01  -5.5013550E+00  -3.3542446E+01  -1.8656830E-04   7.7452532E-04
 -3.4187090E-06  -3.0096595E-05  -9.9333158E-06  -3.7617132E-05  -2.9151551E-03  -3.6167935E-04  -1.6360811E-04  -1.5894598E-04   8.3759618E-06  -4.1588927E-01   8.1900703E-02  -3.9962519E-02  -6.9886055E-01   7.5887371E-01   1.5782627E+00   6.0106801E-01   2.2071741E-02  -1.3410637E-02   5.5685124E-03   8.5044573E-02   1.3194199E-01   2.5112599E-06  -5.9423124E-07
 -1.9716849E-05  -1.0483756E-04  -1.7794298E-04  -8.2820377E-05  -9.9647489E-03  -5.6135081E-03  -2.0133326E-03  -1.4204384E-03  -5.8320731E-05  -1.3365914E+00  -3.9962519E-02   4.1168027E+00  -3.4267409E+01  -4.6346669E+00   7.5204957E+00   5.4100593E+00  -3.1540087E+00  -2.0831649E-01   1.2621574E-01   2.7264694E+00   3.4639233E+00   9.9212821E-05  -7.0469026E-05
  8.8942765E-04   2.8932658E-03   3.5162669E-03   3.0593504E-03   4.1533997E-01   1.2131541E-01   4.6805368E-02   4.2683737E-02   2.9740515E-03   4.6182664E+01  -6.9886055E-01  -3.4267409E+01   8.4868543E+02   1.0096884E+02  -4.4625995E+01  -5.7152288E+01   2.0005845E+01  -5.4461348E+00   6.6521573E+00  -1.2906285E+01  -2.8566496E+01   3.8609327E-03   8.0957616E-04
  2.3509476E-04  -5.9994317E-03   4.0615120E-03  -1.5771326E-03  -3.9909772E-01   1.0135307E-01   9.0690614E-03   2.0577805E-02   3.7950932E-04   8.7071613E+00   7.5887371E-01  -4.6346669E+00   1.0096884E+02   8.2601698E+01   4.9094553E+01   1.9148265E+01  -2.7283245E+00  -1.1716445E-02  -8.4740539E-01   4.1010377E+00   2.5869947E+00   9.3471072E-05   3.1795589E-04
  6.4296112E-06  -6.5862420E-03   2.5888856E-03  -1.6711223E-03  -4.8691930E-01   5.5574196E-02  -2.5810455E-03   7.2717147E-03   3.4437968E-04  -1.0179528E+01   1.5782627E+00   7.5204957E+00  -4.4625995E+01   4.9094553E+01   8.9860738E+01   5.6281420E+01  -1.1954936E+01  -7.3296241E-01  -4.8675728E-01   5.3493473E+00   7.6425911E+00   3.8225921E-04  -3.0296446E-04
 -1.1513185E-04  -4.4671600E-03   1.4147095E-03  -9.2044734E-04  -3.8808554E-01   2.6883044E-02   6.8916806E-05   5.3047231E-04   1.2629457E-03  -5.3644460E+01   6.0106801E-01   5.4100593E+00  -5.7152288E+01   1.9148265E+01   5.6281420E+01   1.0507808E+02  -9.7208957E+00  -7.8183848E-01  -1.3533734E+00   5.8110796E+00   3.3234276E+01   4.5059887E-04  -1.3234602E-03
  7.3365510E-05   2.0873368E-04   3.4200834E-04  -8.8973008E-06   2.8794392E-02   1.0752228E-02   2.4017897E-03   3.1045221E-03   7.9390467E-06   7.4780543E-01   2.2071741E-02  -3.1540087E+00   2.0005845E+01  -2.7283245E+00  -1.1954936E+01  -9.7208957E+00   6.7300385E+00   1.8571411E-01  -1.5803681E-01  -2.1622844E+00  -2.5813663E+00  -7.0101789E-05   5.2042322E-05
  3.5580588E-05   5.6390882E-05   5.6206824E-05   1.5763852E-04   1.4454719E-02   1.7667053E-03   3.8573185E-04   1.8005587E-03  -8.4665531E-05   4.5496200E-01  -1.3410637E-02  -2.0831649E-01  -5.4461348E+00  -1.1716445E-02  -7.3296241E-01  -7.8183848E-01   1.8571411E-01   3.3663835E+00   5.6493418E-01   1.7009802E-01  -2.6522385E-02   1.7144645E-04   5.0718267E-06
  2.3199659E-05   1.0511866E-05   4.9028341E-05  -5.9833686E-05   1.1198152E-02   1.8047500E-03  -3.4405898E-04   1.0823707E-03  -5.2146372E-05   8.7008087E-01   5.5685124E-03   1.2621574E-01   6.6521573E+00  -8.4740539E-01  -4.8675728E-01  -1.3533734E+00  -1.5803681E-01   5.6493418E-01   3.2365479E+00   2.6986073E+00   2.5029090E+00  -1.9315625E-04  -4.9839200E-05
  2.5468865E-05   1.7316634E-04   4.8055993E-05  -3.7226409E-04   1.8070142E-02   2.6999943E-03  -4.1904782E-04   1.6870517E-03  -1.4486385E-04  -5.5013550E+00   8.5044573E-02   2.7264694E+00  -1.2906285E+01   4.1010377E+00   5.3493473E+00   5.8110796E+00  -2.1622844E+00   1.7009802E-01   2.6986073E+00   1.0837146E+01   1.9059460E+01  -4.2673014E-05   3.6855997E-04
 -2.5656777E-05   1.2416541E-03  -4.6044368E-04  -5.3645644E-04   6.8743795E-02  -8.4531334E-03   1.0548346E-03  -1.2038493E-04   5.5000275E-04  -3.3542446E+01   1.3194199E-01   3.4639233E+00  -2.8566496E+01   2.5869947E+00   7.6425911E+00   3.3234276E+01  -2.5813663E+00  -2.6522385E-02   2.5029090E+00   1.9059460E+01   5.3028118E+01   3.2285714E-05   8.2603752E-04
  7.9843634E-09   9.4778536E-08  -2.6296489E-08   4.7853894E-08   9.8326219E-06  -3.0466564E-07   4.3172614E-07   1.8003375E-07  -8.1486370E-09  -1.8656830E-04   2.5112599E-06   9.9212821E-05   3.8609327E-03   9.3471072E-05   3.8225921E-04   4.5059887E-04  -7.0101789E-05   1.7144645E-04  -1.9315625E-04  -4.2673014E-05   3.2285714E-05   3.7847815E-07   1.3276287E-09
  4.8766848E-09   2.3001157E-08   1.7551226E-08   1.0934594E-08   2.9589825E-06   6.0187733E-07   2.2110299E-07   3.0901967E-07  -6.0046949E-09   7.7452532E-04  -5.9423124E-07  -7.0469026E-05   8.0957616E-04   3.1795589E-04  -3.0296446E-04  -1.3234602E-03   5.2042322E-05   5.0718267E-06  -4.9839200E-05   3.6855997E-04   8.2603752E-04   1.3276287E-09   3.8136975E-07
