# omegabh2 omegach2 theta tau logA ns calPlanck acib217 xi asz143 aps100 aps143 aps143217 aps217 aksz kgal100 kgal143 kgal143217 kgal217 cal0 cal2
    0.4039702E-07   -0.8849074E-07    0.2772119E-07    0.9369022E-06    0.1780968E-05    0.3718542E-06    0.8483062E-08   -0.1781790E-03    0.3266954E-05    0.5535959E-04   -0.8700217E-03   -0.4519364E-03   -0.9483558E-04    0.1981606E-04   -0.7714798E-04   -0.2605694E-06    0.3774668E-05    0.5170763E-05    0.4965910E-04   -0.5157699E-09   -0.1360552E-07
   -0.8849074E-07    0.1618611E-05   -0.8480880E-07   -0.1059343E-04   -0.1749556E-04   -0.3931940E-05   -0.1371729E-06    0.3720836E-03   -0.7229759E-05   -0.9027888E-04    0.1615252E-02    0.1049863E-02    0.3453095E-03    0.2009905E-04    0.1541576E-03   -0.2802738E-04   -0.2146414E-04    0.3592565E-04   -0.3910331E-04   -0.3711810E-08    0.5243543E-07
    0.2772119E-07   -0.8480880E-07    0.1727411E-06    0.1786230E-05    0.3573424E-05    0.5070745E-06    0.6074555E-08   -0.5971802E-04    0.1759521E-05    0.2414915E-04   -0.5169802E-03   -0.1371386E-03    0.8844742E-05    0.3138638E-04   -0.5273235E-04   -0.3129599E-05    0.6723215E-05    0.4273795E-05    0.1036810E-04   -0.2173170E-08   -0.3682158E-08
    0.9369022E-06   -0.1059343E-04    0.1786230E-05    0.2014382E-03    0.3650276E-03    0.3675489E-04   -0.4659798E-05   -0.7828050E-02    0.1304316E-03    0.1423924E-02   -0.3453811E-01   -0.1555673E-01   -0.4554133E-02    0.5336484E-03   -0.2332429E-02    0.4455333E-03    0.7533991E-03   -0.2979101E-03    0.7276537E-03   -0.4302296E-06   -0.9532770E-06
    0.1780968E-05   -0.1749556E-04    0.3573424E-05    0.3650276E-03    0.6920025E-03    0.6230186E-04    0.2924718E-05   -0.1446016E-01    0.2847731E-03    0.2695027E-02   -0.6184965E-01   -0.2720414E-01   -0.5500587E-02    0.6601623E-02   -0.5128653E-02    0.4684530E-03    0.6929805E-03   -0.1013355E-02    0.2984301E-02   -0.5604665E-06   -0.1729105E-05
    0.3718542E-06   -0.3931940E-05    0.5070745E-06    0.3675489E-04    0.6230186E-04    0.2082690E-04    0.1667844E-06   -0.5410837E-02    0.1254078E-03    0.1380173E-02   -0.2904244E-01   -0.8592857E-02    0.2172796E-02    0.5381773E-02   -0.2830724E-02    0.3977106E-03   -0.5543326E-04   -0.6343307E-03    0.3946140E-03   -0.1697471E-06   -0.5475720E-06
    0.8483062E-08   -0.1371729E-06    0.6074555E-08   -0.4659798E-05    0.2924718E-05    0.1667844E-06    0.6201333E-05    0.1037657E-02   -0.5506569E-05   -0.1907612E-04    0.3088643E-02    0.4487611E-03    0.1271274E-03    0.8382737E-03    0.4283550E-04   -0.1898249E-04   -0.1221613E-03   -0.1380466E-03    0.6090414E-03    0.3053811E-07    0.2803429E-07
   -0.1781790E-03    0.3720836E-03   -0.5971802E-04   -0.7828050E-02   -0.1446016E-01   -0.5410837E-02    0.1037657E-02    0.4444678E+02   -0.5110670E+00   -0.1801572E+01    0.3981645E+02   -0.4485576E+00   -0.2247597E+02   -0.6257984E+02    0.5831482E+00    0.1540620E+00    0.1689935E-01   -0.2689052E+01   -0.1978118E+02   -0.3812634E-03    0.4355332E-02
    0.3266954E-05   -0.7229759E-05    0.1759521E-05    0.1304316E-03    0.2847731E-03    0.1254078E-03   -0.5506569E-05   -0.5110670E+00    0.8105476E-01   -0.8114000E-01   -0.3783962E+00    0.1027025E+01    0.1843371E+01    0.7584905E+00    0.7875362E-01   -0.6649519E-02   -0.5574875E-02    0.9467455E-01    0.1243966E+00    0.6773188E-05   -0.1506826E-04
    0.5535959E-04   -0.9027888E-04    0.2414915E-04    0.1423924E-02    0.2695027E-02    0.1380173E-02   -0.1907612E-04   -0.1801572E+01   -0.8114000E-01    0.3801462E+01   -0.2913905E+02   -0.3972041E+01    0.7806878E+01    0.7195634E+01   -0.2893129E+01   -0.9674590E-01    0.9516815E-01    0.2298747E+01    0.2110899E+01    0.1981953E-03   -0.3998587E-03
   -0.8700217E-03    0.1615252E-02   -0.5169802E-03   -0.3453811E-01   -0.6184965E-01   -0.2904244E-01    0.3088643E-02    0.3981645E+02   -0.3783962E+00   -0.2913905E+02    0.7719655E+03    0.7198942E+02   -0.5449567E+02   -0.6473403E+02    0.1382989E+02   -0.4464687E+01    0.3476181E+01   -0.1045412E+02   -0.1503337E+02    0.5908944E-02    0.3843385E-02
   -0.4519364E-03    0.1049863E-02   -0.1371386E-03   -0.1555673E-01   -0.2720414E-01   -0.8592857E-02    0.4487611E-03   -0.4485576E+00    0.1027025E+01   -0.3972041E+01    0.7198942E+02    0.6391357E+02    0.4701452E+02    0.2085974E+02   -0.4373997E+01   -0.3919909E+00   -0.1222937E+01    0.3650759E+01    0.4006993E+01    0.1365439E-03    0.1497315E-03
   -0.9483558E-04    0.3453095E-03    0.8844742E-05   -0.4554133E-02   -0.5500587E-02    0.2172796E-02    0.1271274E-03   -0.2247597E+02    0.1843371E+01    0.7806878E+01   -0.5449567E+02    0.4701452E+02    0.1010746E+03    0.7122135E+02   -0.1271999E+02   -0.6428577E+00   -0.5770343E+00    0.4545296E+01    0.5902315E+01    0.8868868E-03   -0.2616115E-02
    0.1981606E-04    0.2009905E-04    0.3138638E-04    0.5336484E-03    0.6601623E-02    0.5381773E-02    0.8382737E-03   -0.6257984E+02    0.7584905E+00    0.7195634E+01   -0.6473403E+02    0.2085974E+02    0.7122135E+02    0.1269408E+03   -0.1135999E+02   -0.6895638E+00   -0.2320081E+00    0.8003376E+00    0.1732989E+02    0.9916620E-03   -0.7623207E-02
   -0.7714798E-04    0.1541576E-03   -0.5273235E-04   -0.2332429E-02   -0.5128653E-02   -0.2830724E-02    0.4283550E-04    0.5831482E+00    0.7875362E-01   -0.2893129E+01    0.1382989E+02   -0.4373997E+01   -0.1271999E+02   -0.1135999E+02    0.6391648E+01    0.4769404E-01   -0.1539336E+00   -0.1959171E+01   -0.1565422E+01   -0.1514638E-03    0.2249443E-03
   -0.2605694E-06   -0.2802738E-04   -0.3129599E-05    0.4455333E-03    0.4684530E-03    0.3977106E-03   -0.1898249E-04    0.1540620E+00   -0.6649519E-02   -0.9674590E-01   -0.4464687E+01   -0.3919909E+00   -0.6428577E+00   -0.6895638E+00    0.4769404E-01    0.3563753E+01    0.4204295E+00    0.1910739E+00    0.2787039E+00    0.2968680E-03   -0.1153019E-04
    0.3774668E-05   -0.2146414E-04    0.6723215E-05    0.7533991E-03    0.6929805E-03   -0.5543326E-04   -0.1221613E-03    0.1689935E-01   -0.5574875E-02    0.9516815E-01    0.3476181E+01   -0.1222937E+01   -0.5770343E+00   -0.2320081E+00   -0.1539336E+00    0.4204295E+00    0.3360703E+01    0.2531353E+01    0.1621936E+01   -0.2967251E-03   -0.2998442E-03
    0.5170763E-05    0.3592565E-04    0.4273795E-05   -0.2979101E-03   -0.1013355E-02   -0.6343307E-03   -0.1380466E-03   -0.2689052E+01    0.9467455E-01    0.2298747E+01   -0.1045412E+02    0.3650759E+01    0.4545296E+01    0.8003376E+00   -0.1959171E+01    0.1910739E+00    0.2531353E+01    0.1684690E+02    0.2515133E+02    0.8778990E-05    0.2238153E-02
    0.4965910E-04   -0.3910331E-04    0.1036810E-04    0.7276537E-03    0.2984301E-02    0.3946140E-03    0.6090414E-03   -0.1978118E+02    0.1243966E+00    0.2110899E+01   -0.1503337E+02    0.4006993E+01    0.5902315E+01    0.1732989E+02   -0.1565422E+01    0.2787039E+00    0.1621936E+01    0.2515133E+02    0.5363284E+02    0.1598868E-03    0.4132595E-02
   -0.5157699E-09   -0.3711810E-08   -0.2173170E-08   -0.4302296E-06   -0.5604665E-06   -0.1697471E-06    0.3053811E-07   -0.3812634E-03    0.6773188E-05    0.1981953E-03    0.5908944E-02    0.1365439E-03    0.8868868E-03    0.9916620E-03   -0.1514638E-03    0.2968680E-03   -0.2967251E-03    0.8778990E-05    0.1598868E-03    0.6081151E-06   -0.1693186E-07
   -0.1360552E-07    0.5243543E-07   -0.3682158E-08   -0.9532770E-06   -0.1729105E-05   -0.5475720E-06    0.2803429E-07    0.4355332E-02   -0.1506826E-04   -0.3998587E-03    0.3843385E-02    0.1497315E-03   -0.2616115E-02   -0.7623207E-02    0.2249443E-03   -0.1153019E-04   -0.2998442E-03    0.2238153E-02    0.4132595E-02   -0.1693186E-07    0.2053725E-05
