# omegabh2 omegach2 theta tau logA ns calPlanck acib217 xi asz143 aps100 aps143 aps143217 aps217 aksz kgal100 kgal143 kgal143217 kgal217 galfTE100 galfTE100143 galfTE100217 galfTE143 galfTE143217 galfTE217 cal0 cal2 DES_m1 DES_m2 DES_m3 DES_m4 DES_AIA DES_alphaIA DES_DzS1 DES_DzS2 DES_DzS3 DES_DzS4
  1.8939924E-08  -7.1666606E-08   1.3924712E-08   2.1243969E-07   3.7750785E-07   1.9594583E-07   2.2906373E-08  -5.6935201E-05   1.2186668E-06   1.6610225E-05  -3.1823809E-04  -1.8935662E-04  -6.9898735E-05  -1.3304872E-05  -2.8561964E-05  -2.7980777E-07  -9.1934038E-06  -8.6235559E-06   6.7061469E-06  -8.4916071E-08  -9.0351954E-08  -1.4518481E-07  -2.8115879E-07  -5.7540920E-07  -1.6253025E-06   1.8357483E-09  -1.2696813E-10  -3.4262400E-08   2.0404652E-08   3.2127626E-07   2.0134627E-07  -6.7259784E-06   8.5315995E-06  -8.2374157E-08   2.9777368E-08   1.0942738E-07   2.2209819E-07
 -7.1666606E-08   1.2156478E-06  -9.7055153E-08  -2.2258918E-06  -1.9925083E-06  -2.9132022E-06  -2.4841100E-07   1.1334975E-04   1.7355431E-06  -3.5660074E-05   7.7794326E-04   7.8500281E-04   5.6086010E-04   2.8046176E-04   1.7556494E-05  -2.8869741E-05  -5.5132189E-06   1.8307646E-05  -3.1841482E-05  -7.0337170E-08   1.9348799E-07  -6.5069876E-08   1.5721978E-07   1.9612492E-06   7.5058122E-06   1.4698392E-09   6.4158055E-09   3.1692269E-07  -1.8010294E-07  -5.0094514E-06  -2.9562826E-06   1.1079417E-04  -7.3412750E-05   7.8976829E-07  -6.0082766E-07  -1.8154826E-06  -3.3239969E-06
  1.3924712E-08  -9.7055153E-08   8.8577555E-08   2.5183549E-07   4.0372425E-07   3.5967448E-07   2.8757589E-08   1.1522295E-05   5.1412581E-08   5.4057778E-06  -1.6436253E-04  -7.0609789E-05  -4.4265353E-05  -7.2826974E-05  -1.5662199E-06   7.6222792E-06   3.3030743E-06   3.3411307E-06   1.1564563E-05  -3.5846228E-08  -1.2152613E-07  -6.8109611E-08  -3.0979278E-07  -5.5342976E-07  -7.8247380E-07   2.0879616E-10   2.1675445E-09  -7.2230329E-08   3.8958786E-08   4.9118097E-07   1.9565729E-07  -9.2302038E-06   3.7798736E-06   2.1796304E-08   1.0114113E-07   1.4413720E-07   4.1031610E-07
  2.1243969E-07  -2.2258918E-06   2.5183549E-07   4.4631954E-05   8.3955256E-05   7.4068033E-06  -3.9113034E-09  -1.6447131E-03  -1.6501269E-05   3.5796870E-04  -6.9643074E-03  -4.2456726E-03  -1.8159147E-03   4.1127789E-04  -6.5787682E-04   2.9783060E-05  -4.2715010E-04  -5.0440349E-04   3.5754105E-05  -1.1469283E-07  -6.6257871E-07  -3.0661727E-06  -1.3479416E-07  -8.1524597E-06  -3.8322248E-05   3.6141192E-08  -4.8962960E-08  -1.1882569E-06  -1.2743097E-07  -3.0584410E-06  -3.0126013E-06   2.8100760E-05   1.0450330E-04  -1.0221734E-06  -7.0554135E-07  -1.1440542E-07  -8.7394329E-07
  3.7750785E-07  -1.9925083E-06   4.0372425E-07   8.3955256E-05   1.8982844E-04   7.5437407E-06   1.1545338E-05  -3.0192487E-03   1.0665800E-05   6.7709754E-04  -1.0537935E-02  -6.5947329E-03  -1.7045788E-04   6.5078217E-03  -2.0028116E-03  -3.6500703E-04  -1.5471269E-03  -1.8402066E-03   8.1829853E-04  -1.3325955E-06  -2.4691233E-06  -9.4602602E-06   1.9634556E-06  -1.5832393E-05  -5.7810262E-05   2.0518843E-07  -1.1723764E-07  -1.1582846E-06  -1.2531982E-06  -1.9836965E-05  -1.3927105E-05   2.8979704E-04  -1.1485920E-04   4.3419618E-07  -3.4644880E-06  -4.4847726E-06  -9.9530369E-06
  1.9594583E-07  -2.9132022E-06   3.5967448E-07   7.4068033E-06   7.5437407E-06   1.6059328E-05   6.2221929E-07  -3.9123331E-03   7.0551917E-05   9.3534054E-04  -2.3460947E-02  -6.9362201E-03   6.9802861E-04   3.9426664E-03  -2.0402043E-03   3.9647831E-04  -3.0476348E-04  -2.5769012E-04   1.3387214E-03  -1.8899232E-06  -2.2003374E-06  -1.5120876E-06  -7.0545153E-07  -2.0134896E-06  -1.8858351E-05  -1.0198779E-07  -4.6949161E-08  -1.3047585E-06  -6.7579861E-07   1.0757430E-05   5.8000701E-06  -2.3612912E-04   2.1676667E-04  -1.7561306E-06   5.8252837E-07   3.7262459E-06   7.2765437E-06
  2.2906373E-08  -2.4841100E-07   2.8757589E-08  -3.9113034E-09   1.1545338E-05   6.2221929E-07   6.0200138E-06   8.2330763E-04  -6.0822176E-06   1.7870304E-05   2.9942061E-03   3.1366928E-05   1.7068090E-04   9.7800116E-04   2.7838832E-06  -1.5855065E-06  -5.0799828E-05  -1.8211994E-04   4.4150234E-04   4.3016488E-08  -4.2428026E-07  -1.1271835E-06   1.6635367E-06  -1.5108913E-06   1.5721066E-06  -7.4866585E-09  -1.2098068E-08   1.9759854E-07  -1.8697282E-07  -8.9828861E-07  -5.5579886E-07  -1.8279376E-05  -7.6592997E-05   3.0439152E-07  -3.7568241E-07   1.3769830E-07   3.2988210E-09
 -5.6935201E-05   1.1334975E-04   1.1522295E-05  -1.6447131E-03  -3.0192487E-03  -3.9123331E-03   8.2330763E-04   4.4593863E+01  -3.6334781E-01  -1.0218370E+00   3.7861050E+01   1.9939777E+00  -1.3037097E+01  -5.5047351E+01  -1.2010398E-01   2.8889334E-01   6.5137054E-01  -6.1811142E+00  -3.4062267E+01   2.0223676E-03   5.0305835E-03   5.4993350E-03   6.0809487E-03  -5.4478443E-04   5.9936655E-03  -2.0895785E-04   6.7672855E-04   1.1228617E-04   5.0439633E-04  -6.4877084E-04  -5.5697534E-04   6.9330826E-04   4.3148546E-03  -1.4036416E-05  -2.8045678E-04   5.1968709E-04   1.0195128E-03
  1.2186668E-06   1.7355431E-06   5.1412581E-08  -1.6501269E-05   1.0665800E-05   7.0551917E-05  -6.0822176E-06  -3.6334781E-01   8.2038628E-02  -3.2348190E-02  -6.3533365E-01   9.1811343E-01   1.7365755E+00   6.1866315E-01   3.9355617E-02  -7.9292588E-03   4.8592355E-03   1.1084920E-01   1.2599980E-01   4.7309335E-05  -8.5815638E-05   1.5182930E-04   1.6498537E-06   2.0902627E-04   3.1067436E-04   4.6191004E-06  -1.6483234E-06   6.3420042E-05   6.2860383E-06  -4.6569469E-05  -2.7580624E-05  -1.1339841E-03   2.4041424E-03   8.8100736E-06  -1.3067610E-05   1.3210072E-05   7.9859217E-06
  1.6610225E-05  -3.5660074E-05   5.4057778E-06   3.5796870E-04   6.7709754E-04   9.3534054E-04   1.7870304E-05  -1.0218370E+00  -3.2348190E-02   3.8423677E+00  -3.1006461E+01  -3.1983262E+00   7.8027136E+00   5.6857403E+00  -2.7406492E+00  -2.0114120E-01   1.8303789E-01   2.7011153E+00   3.4193387E+00  -1.6091662E-03  -5.4181068E-04   1.9620979E-03  -1.9411659E-03   3.2509743E-03   1.2286796E-02   1.1159309E-04  -3.8779100E-05  -2.7185745E-04  -5.4544208E-04  -8.3423812E-05  -3.8111179E-04  -6.6707875E-03   1.0601168E-02  -4.8904310E-04  -1.2046489E-04   1.8118177E-04  -1.8327014E-04
 -3.1823809E-04   7.7794326E-04  -1.6436253E-04  -6.9643074E-03  -1.0537935E-02  -2.3460947E-02   2.9942061E-03   3.7861050E+01  -6.3533365E-01  -3.1006461E+01   7.9534596E+02   7.0746982E+01  -5.5435428E+01  -6.3470523E+01   1.4045801E+01  -6.2302188E+00   5.5777106E+00  -1.3904659E+01  -2.7281702E+01   2.3714129E-02   6.2224228E-03  -6.8155730E-04   2.7043770E-02  -2.4833865E-02  -8.3264958E-02   3.7217941E-03   5.1520987E-04   2.9194340E-03   1.0036660E-02  -2.0937454E-03  -3.0579150E-03   2.2161388E-01   1.0493242E-01   7.1392246E-03   2.3211029E-03  -1.5583453E-04   2.0007062E-03
 -1.8935662E-04   7.8500281E-04  -7.0609789E-05  -4.2456726E-03  -6.5947329E-03  -6.9362201E-03   3.1366928E-05   1.9939777E+00   9.1811343E-01  -3.1983262E+00   7.0746982E+01   6.1356778E+01   4.0332457E+01   1.4674448E+01  -5.0437639E+00  -4.7177662E-01  -1.2160066E+00   3.5649574E+00   4.0509102E+00   4.9036540E-03   3.9695653E-04   2.7906788E-03   1.9918759E-03   6.9291936E-03   4.5747611E-02   5.6278122E-05   7.8126358E-05   1.2699604E-03   1.7392185E-03  -3.8678088E-03  -9.0578031E-04   5.4061127E-02  -2.3361489E-02   2.7308114E-03   4.2572191E-04   7.8724537E-05  -2.2571291E-06
 -6.9898735E-05   5.6086010E-04  -4.4265353E-05  -1.8159147E-03  -1.7045788E-04   6.9802861E-04   1.7068090E-04  -1.3037097E+01   1.7365755E+00   7.8027136E+00  -5.5435428E+01   4.0332457E+01   8.6605561E+01   5.3537448E+01  -1.1927245E+01  -9.1864891E-01  -5.6156352E-01   5.2708086E+00   8.4582009E+00  -2.1839364E-03  -2.2504412E-03   1.0294841E-02  -6.9707139E-04   2.2044917E-02   4.8464407E-02   4.5806559E-04  -3.8386948E-04   1.0341404E-03  -5.0938418E-04  -5.0683426E-03  -2.9856548E-03   1.8015724E-04   3.7032425E-02   7.8288625E-04  -1.0698226E-03   5.0418964E-04  -9.1210170E-04
 -1.3304872E-05   2.8046176E-04  -7.2826974E-05   4.1127789E-04   6.5078217E-03   3.9426664E-03   9.7800116E-04  -5.5047351E+01   6.1866315E-01   5.6857403E+00  -6.3470523E+01   1.4674448E+01   5.3537448E+01   1.0392261E+02  -9.3759512E+00  -8.5795959E-01  -1.1589501E+00   6.2092040E+00   3.4639928E+01  -4.9164181E-03  -7.9469013E-03   1.1306562E-03  -4.2570886E-03   1.3789324E-02   2.0498091E-02   4.8237443E-04  -1.2956123E-03   1.2433117E-03  -8.0015153E-04  -3.1011102E-03  -8.6711916E-04   2.0139434E-02  -1.0702443E-01   1.1320809E-03  -4.1312044E-04  -5.8558482E-04  -1.6876201E-03
 -2.8561964E-05   1.7556494E-05  -1.5662199E-06  -6.5787682E-04  -2.0028116E-03  -2.0402043E-03   2.7838832E-06  -1.2010398E-01   3.9355617E-02  -2.7406492E+00   1.4045801E+01  -5.0437639E+00  -1.1927245E+01  -9.3759512E+00   5.8518585E+00   1.3131970E-01  -2.3460814E-01  -2.2083801E+00  -2.5087108E+00   1.6352965E-03   1.2463507E-03  -1.2719389E-03   1.4105603E-03  -2.3786244E-03  -1.1550280E-02  -6.6488963E-05   3.7578426E-06   6.0461428E-04   9.3550622E-04   7.5483285E-04   3.4144993E-04  -1.3597162E-03  -5.0548933E-02   8.9800024E-05   1.6095457E-04  -1.8577918E-04   3.6713867E-04
 -2.7980777E-07  -2.8869741E-05   7.6222792E-06   2.9783060E-05  -3.6500703E-04   3.9647831E-04  -1.5855065E-06   2.8889334E-01  -7.9292588E-03  -2.0114120E-01  -6.2302188E+00  -4.7177662E-01  -9.1864891E-01  -8.5795959E-01   1.3131970E-01   3.2723834E+00   5.1390748E-01   1.3026174E-01   2.3526901E-03  -8.9822309E-04   2.5788733E-04  -8.8930052E-04   1.8119623E-04  -3.0984126E-03  -2.9204551E-03   1.6701273E-04  -6.9633091E-06   3.5035753E-04   5.4822408E-04  -1.7324576E-04   3.5769092E-05  -5.8379083E-03  -8.7491442E-03  -1.7424383E-04  -2.0091316E-04   1.9485085E-04  -9.8276370E-05
 -9.1934038E-06  -5.5132189E-06   3.3030743E-06  -4.2715010E-04  -1.5471269E-03  -3.0476348E-04  -5.0799828E-05   6.5137054E-01   4.8592355E-03   1.8303789E-01   5.5777106E+00  -1.2160066E+00  -5.6156352E-01  -1.1589501E+00  -2.3460814E-01   5.1390748E-01   3.1450398E+00   2.6443328E+00   2.5035817E+00  -1.4816359E-05  -1.3768362E-04   6.6322599E-04   4.0201023E-04  -1.3235023E-03  -4.0463169E-03  -1.7716711E-04  -4.5353187E-05  -3.1802204E-04   8.7363719E-05   1.9082350E-04  -2.3309518E-04  -7.0487926E-03  -7.7151242E-03   7.7911963E-05   3.5723743E-05   1.2475364E-04   4.1572182E-04
 -8.6235559E-06   1.8307646E-05   3.3411307E-06  -5.0440349E-04  -1.8402066E-03  -2.5769012E-04  -1.8211994E-04  -6.1811142E+00   1.1084920E-01   2.7011153E+00  -1.3904659E+01   3.5649574E+00   5.2708086E+00   6.2092040E+00  -2.2083801E+00   1.3026174E-01   2.6443328E+00   1.0870573E+01   1.9465980E+01  -1.2139893E-04  -7.0532654E-04   8.3415960E-04  -2.5800654E-03  -1.0621744E-04   2.2554486E-02  -4.1416526E-05   4.0783282E-04  -7.4641858E-04  -2.1489544E-04   4.8861206E-04  -3.3053100E-04  -8.6561277E-03  -9.6193774E-03  -8.3897232E-05   5.7341974E-04   9.7914283E-05   1.1373541E-04
  6.7061469E-06  -3.1841482E-05   1.1564563E-05   3.5754105E-05   8.1829853E-04   1.3387214E-03   4.4150234E-04  -3.4062267E+01   1.2599980E-01   3.4193387E+00  -2.7281702E+01   4.0509102E+00   8.4582009E+00   3.4639928E+01  -2.5087108E+00   2.3526901E-03   2.5035817E+00   1.9465980E+01   5.4261414E+01  -5.4096271E-04  -3.0511511E-03  -5.9058076E-03  -6.9472019E-03  -1.2291640E-03   2.6601627E-02   3.6867800E-05   9.2662941E-04  -2.0220725E-03  -6.4289996E-04   9.5531839E-04  -3.8409590E-04  -8.1685655E-03   1.9278953E-02  -1.3683742E-04   1.2368520E-03  -2.7732501E-04  -7.0717007E-04
 -8.4916071E-08  -7.0337170E-08  -3.5846228E-08  -1.1469283E-07  -1.3325955E-06  -1.8899232E-06   4.3016488E-08   2.0223676E-03   4.7309335E-05  -1.6091662E-03   2.3714129E-02   4.9036540E-03  -2.1839364E-03  -4.9164181E-03   1.6352965E-03  -8.9822309E-04  -1.4816359E-05  -1.2139893E-04  -5.4096271E-04   1.4453578E-03   2.9066179E-04   1.0327789E-04  -3.5820235E-04  -1.1073580E-04  -1.3382231E-04   8.9518763E-08   3.7080899E-07  -3.1459317E-06   1.5820538E-06   1.0726533E-05   4.9639172E-06  -1.9098507E-04  -6.5494801E-04   1.3200143E-06   5.6221962E-07   2.2200078E-06  -6.2855924E-06
 -9.0351954E-08   1.9348799E-07  -1.2152613E-07  -6.6257871E-07  -2.4691233E-06  -2.2003374E-06  -4.2428026E-07   5.0305835E-03  -8.5815638E-05  -5.4181068E-04   6.2224228E-03   3.9695653E-04  -2.2504412E-03  -7.9469013E-03   1.2463507E-03   2.5788733E-04  -1.3768362E-04  -7.0532654E-04  -3.0511511E-03   2.9066179E-04   8.8126562E-04   1.5075473E-06   7.4789577E-04   3.7973604E-05  -6.8400248E-04  -1.3904901E-07   2.8264620E-07   1.7733056E-06  -3.9691370E-06   1.1853746E-06  -8.2438204E-07   1.2045469E-04   4.8874715E-04  -1.6999229E-06   2.7059146E-06  -1.0623945E-06   2.0730466E-06
 -1.4518481E-07  -6.5069876E-08  -6.8109611E-08  -3.0661727E-06  -9.4602602E-06  -1.5120876E-06  -1.1271835E-06   5.4993350E-03   1.5182930E-04   1.9620979E-03  -6.8155730E-04   2.7906788E-03   1.0294841E-02   1.1306562E-03  -1.2719389E-03  -8.8930052E-04   6.6322599E-04   8.3415960E-04  -5.9058076E-03   1.0327789E-04   1.5075473E-06   7.0747409E-03  -3.5671119E-04   6.4964495E-04   4.3875540E-03   5.1957284E-08  -5.5462566E-07   1.5994816E-05   3.4121178E-06   1.3105906E-05   3.0209083E-06  -2.6779682E-04  -9.2340813E-04   1.1212394E-05  -9.7935988E-06   8.0184888E-06   1.1000388E-06
 -2.8115879E-07   1.5721978E-07  -3.0979278E-07  -1.3479416E-07   1.9634556E-06  -7.0545153E-07   1.6635367E-06   6.0809487E-03   1.6498537E-06  -1.9411659E-03   2.7043770E-02   1.9918759E-03  -6.9707139E-04  -4.2570886E-03   1.4105603E-03   1.8119623E-04   4.0201023E-04  -2.5800654E-03  -6.9472019E-03  -3.5820235E-04   7.4789577E-04  -3.5671119E-04   2.9169117E-03   5.2052102E-04  -9.0758815E-04  -3.7606850E-07   1.5890601E-07  -3.3683008E-06  -1.1928318E-05   7.0485912E-06   1.0536651E-05   2.5062255E-04   4.0625339E-04   5.2025770E-06   4.9003067E-06  -8.9009554E-06  -4.7533509E-06
 -5.7540920E-07   1.9612492E-06  -5.5342976E-07  -8.1524597E-06  -1.5832393E-05  -2.0134896E-06  -1.5108913E-06  -5.4478443E-04   2.0902627E-04   3.2509743E-03  -2.4833865E-02   6.9291936E-03   2.2044917E-02   1.3789324E-02  -2.3786244E-03  -3.0984126E-03  -1.3235023E-03  -1.0621744E-04  -1.2291640E-03  -1.1073580E-04   3.7973604E-05   6.4964495E-04   5.2052102E-04   6.4652031E-03   7.9951630E-03   5.1674425E-07   6.4504330E-07  -3.2782224E-05  -1.2303607E-06  -1.0135647E-05   3.7804732E-06   2.4860288E-05   6.9609031E-04  -7.8042157E-06  -6.0186332E-06  -9.4025266E-06  -2.4077147E-05
 -1.6253025E-06   7.5058122E-06  -7.8247380E-07  -3.8322248E-05  -5.7810262E-05  -1.8858351E-05   1.5721066E-06   5.9936655E-03   3.1067436E-04   1.2286796E-02  -8.3264958E-02   4.5747611E-02   4.8464407E-02   2.0498091E-02  -1.1550280E-02  -2.9204551E-03  -4.0463169E-03   2.2554486E-02   2.6601627E-02  -1.3382231E-04  -6.8400248E-04   4.3875540E-03  -9.0758815E-04   7.9951630E-03   7.1950740E-02   2.0598067E-06   6.4020220E-07  -3.5695757E-05   1.7487729E-05  -3.2034597E-05   3.5484901E-06  -9.7507334E-04  -1.9556712E-03   9.9784271E-06  -4.5061983E-05  -1.4916163E-06  -8.0042345E-05
  1.8357483E-09   1.4698392E-09   2.0879616E-10   3.6141192E-08   2.0518843E-07  -1.0198779E-07  -7.4866585E-09  -2.0895785E-04   4.6191004E-06   1.1159309E-04   3.7217941E-03   5.6278122E-05   4.5806559E-04   4.8237443E-04  -6.6488963E-05   1.6701273E-04  -1.7716711E-04  -4.1416526E-05   3.6867800E-05   8.9518763E-08  -1.3904901E-07   5.1957284E-08  -3.7606850E-07   5.1674425E-07   2.0598067E-06   3.7870156E-07  -2.3342421E-09   1.1662695E-07   5.5408233E-08  -3.9896917E-08  -5.6271862E-08  -1.3671694E-07   6.5528758E-06   8.1437318E-08  -3.1351932E-08   1.7702704E-08   5.8030785E-08
 -1.2696813E-10   6.4158055E-09   2.1675445E-09  -4.8962960E-08  -1.1723764E-07  -4.6949161E-08  -1.2098068E-08   6.7672855E-04  -1.6483234E-06  -3.8779100E-05   5.1520987E-04   7.8126358E-05  -3.8386948E-04  -1.2956123E-03   3.7578426E-06  -6.9633091E-06  -4.5353187E-05   4.0783282E-04   9.2662941E-04   3.7080899E-07   2.8264620E-07  -5.5462566E-07   1.5890601E-07   6.4504330E-07   6.4020220E-07  -2.3342421E-09   3.8052464E-07  -7.1860848E-08   1.8642705E-07  -3.2939051E-08  -7.0679172E-09   6.2685533E-07   8.3093976E-06   2.2694294E-08   8.5096323E-08   8.0308812E-09   1.4233480E-07
 -3.4262400E-08   3.1692269E-07  -7.2230329E-08  -1.1882569E-06  -1.1582846E-06  -1.3047585E-06   1.9759854E-07   1.1228617E-04   6.3420042E-05  -2.7185745E-04   2.9194340E-03   1.2699604E-03   1.0341404E-03   1.2433117E-03   6.0461428E-04   3.5035753E-04  -3.1802204E-04  -7.4641858E-04  -2.0220725E-03  -3.1459317E-06   1.7733056E-06   1.5994816E-05  -3.3683008E-06  -3.2782224E-05  -3.5695757E-05   1.1662695E-07  -7.1860848E-08   5.1423145E-04   4.8994647E-06   6.4109764E-06   9.5817370E-06   3.4735720E-04  -2.2178051E-03  -2.7933837E-05   6.1445121E-06   8.6222983E-07   2.6275552E-06
  2.0404652E-08  -1.8010294E-07   3.8958786E-08  -1.2743097E-07  -1.2531982E-06  -6.7579861E-07  -1.8697282E-07   5.0439633E-04   6.2860383E-06  -5.4544208E-04   1.0036660E-02   1.7392185E-03  -5.0938418E-04  -8.0015153E-04   9.3550622E-04   5.4822408E-04   8.7363719E-05  -2.1489544E-04  -6.4289996E-04   1.5820538E-06  -3.9691370E-06   3.4121178E-06  -1.1928318E-05  -1.2303607E-06   1.7487729E-05   5.5408233E-08   1.8642705E-07   4.8994647E-06   4.9650974E-04   4.4364344E-06   6.8613911E-06   7.0302017E-04  -1.7034900E-03   2.1719563E-05  -3.2204176E-05   4.7057824E-06   2.1288210E-06
  3.2127626E-07  -5.0094514E-06   4.9118097E-07  -3.0584410E-06  -1.9836965E-05   1.0757430E-05  -8.9828861E-07  -6.4877084E-04  -4.6569469E-05  -8.3423812E-05  -2.0937454E-03  -3.8678088E-03  -5.0683426E-03  -3.1011102E-03   7.5483285E-04  -1.7324576E-04   1.9082350E-04   4.8861206E-04   9.5531839E-04   1.0726533E-05   1.1853746E-06   1.3105906E-05   7.0485912E-06  -1.0135647E-05  -3.2034597E-05  -3.9896917E-08  -3.2939051E-08   6.4109764E-06   4.4364344E-06   4.0770588E-04   2.9496593E-05  -1.5927141E-04  -3.3157505E-04   1.2376622E-05   1.1526630E-05  -4.1740706E-05   2.4184951E-05
  2.0134627E-07  -2.9562826E-06   1.9565729E-07  -3.0126013E-06  -1.3927105E-05   5.8000701E-06  -5.5579886E-07  -5.5697534E-04  -2.7580624E-05  -3.8111179E-04  -3.0579150E-03  -9.0578031E-04  -2.9856548E-03  -8.6711916E-04   3.4144993E-04   3.5769092E-05  -2.3309518E-04  -3.3053100E-04  -3.8409590E-04   4.9639172E-06  -8.2438204E-07   3.0209083E-06   1.0536651E-05   3.7804732E-06   3.5484901E-06  -5.6271862E-08  -7.0679172E-09   9.5817370E-06   6.8613911E-06   2.9496593E-05   4.3974101E-04   6.6701386E-04   2.4555945E-03   6.1965851E-06   1.0186264E-05   2.1765485E-06  -8.5768114E-05
 -6.7259784E-06   1.1079417E-04  -9.2302038E-06   2.8100760E-05   2.8979704E-04  -2.3612912E-04  -1.8279376E-05   6.9330826E-04  -1.1339841E-03  -6.6707875E-03   2.2161388E-01   5.4061127E-02   1.8015724E-04   2.0139434E-02  -1.3597162E-03  -5.8379083E-03  -7.0487926E-03  -8.6561277E-03  -8.1685655E-03  -1.9098507E-04   1.2045469E-04  -2.6779682E-04   2.5062255E-04   2.4860288E-05  -9.7507334E-04  -1.3671694E-07   6.2685533E-07   3.4735720E-04   7.0302017E-04  -1.5927141E-04   6.6701386E-04   2.5251416E-01   5.5252263E-01   1.3053218E-03   9.6893745E-04  -1.2164534E-04  -9.6007020E-04
  8.5315995E-06  -7.3412750E-05   3.7798736E-06   1.0450330E-04  -1.1485920E-04   2.1676667E-04  -7.6592997E-05   4.3148546E-03   2.4041424E-03   1.0601168E-02   1.0493242E-01  -2.3361489E-02   3.7032425E-02  -1.0702443E-01  -5.0548933E-02  -8.7491442E-03  -7.7151242E-03  -9.6193774E-03   1.9278953E-02  -6.5494801E-04   4.8874715E-04  -9.2340813E-04   4.0625339E-04   6.9609031E-04  -1.9556712E-03   6.5528758E-06   8.3093976E-06  -2.2178051E-03  -1.7034900E-03  -3.3157505E-04   2.4555945E-03   5.5252263E-01   4.1298859E+00  -6.4654311E-03  -3.9333923E-04   5.9400404E-04  -1.2888284E-03
 -8.2374157E-08   7.8976829E-07   2.1796304E-08  -1.0221734E-06   4.3419618E-07  -1.7561306E-06   3.0439152E-07  -1.4036416E-05   8.8100736E-06  -4.8904310E-04   7.1392246E-03   2.7308114E-03   7.8288625E-04   1.1320809E-03   8.9800024E-05  -1.7424383E-04   7.7911963E-05  -8.3897232E-05  -1.3683742E-04   1.3200143E-06  -1.6999229E-06   1.1212394E-05   5.2025770E-06  -7.8042157E-06   9.9784271E-06   8.1437318E-08   2.2694294E-08  -2.7933837E-05   2.1719563E-05   1.2376622E-05   6.1965851E-06   1.3053218E-03  -6.4654311E-03   2.1144134E-04   2.4977924E-05   2.3209420E-06   1.8333372E-06
  2.9777368E-08  -6.0082766E-07   1.0114113E-07  -7.0554135E-07  -3.4644880E-06   5.8252837E-07  -3.7568241E-07  -2.8045678E-04  -1.3067610E-05  -1.2046489E-04   2.3211029E-03   4.2572191E-04  -1.0698226E-03  -4.1312044E-04   1.6095457E-04  -2.0091316E-04   3.5723743E-05   5.7341974E-04   1.2368520E-03   5.6221962E-07   2.7059146E-06  -9.7935988E-06   4.9003067E-06  -6.0186332E-06  -4.5061983E-05  -3.1351932E-08   8.5096323E-08   6.1445121E-06  -3.2204176E-05   1.1526630E-05   1.0186264E-05   9.6893745E-04  -3.9333923E-04   2.4977924E-05   1.3510273E-04   6.1819792E-06   4.0092079E-06
  1.0942738E-07  -1.8154826E-06   1.4413720E-07  -1.1440542E-07  -4.4847726E-06   3.7262459E-06   1.3769830E-07   5.1968709E-04   1.3210072E-05   1.8118177E-04  -1.5583453E-04   7.8724537E-05   5.0418964E-04  -5.8558482E-04  -1.8577918E-04   1.9485085E-04   1.2475364E-04   9.7914283E-05  -2.7732501E-04   2.2200078E-06  -1.0623945E-06   8.0184888E-06  -8.9009554E-06  -9.4025266E-06  -1.4916163E-06   1.7702704E-08   8.0308812E-09   8.6222983E-07   4.7057824E-06  -4.1740706E-05   2.1765485E-06  -1.2164534E-04   5.9400404E-04   2.3209420E-06   6.1819792E-06   1.0617949E-04   1.0291851E-05
  2.2209819E-07  -3.3239969E-06   4.1031610E-07  -8.7394329E-07  -9.9530369E-06   7.2765437E-06   3.2988210E-09   1.0195128E-03   7.9859217E-06  -1.8327014E-04   2.0007062E-03  -2.2571291E-06  -9.1210170E-04  -1.6876201E-03   3.6713867E-04  -9.8276370E-05   4.1572182E-04   1.1373541E-04  -7.0717007E-04  -6.2855924E-06   2.0730466E-06   1.1000388E-06  -4.7533509E-06  -2.4077147E-05  -8.0042345E-05   5.8030785E-08   1.4233480E-07   2.6275552E-06   2.1288210E-06   2.4184951E-05  -8.5768114E-05  -9.6007020E-04  -1.2888284E-03   1.8333372E-06   4.0092079E-06   1.0291851E-05   4.0454770E-04
