# omegabh2 omegach2 theta tau nnu logA ns calPlanck acib217 xi asz143 aps100 aps143 aps143217 aps217 aksz kgal100 kgal143 kgal143217 kgal217 cal0 cal2
  5.1178972E-08   3.5724402E-07  -2.1400461E-08   2.5937952E-07   2.5500389E-05   1.5691992E-06   1.0531946E-06   1.3129209E-08  -2.8222055E-05  -1.4042558E-06   1.1367357E-05  -1.2114836E-04  -1.4681280E-04  -7.8332995E-05  -1.5198311E-05   5.5462143E-06   1.2672169E-05   7.2455439E-06  -8.0989872E-06   2.7360642E-07  -1.1593004E-09  -2.9111932E-09
  3.5724402E-07   1.2926635E-05  -1.2389435E-06  -3.0528490E-06   7.4496506E-04   2.5615797E-05   2.1304714E-05  -4.7983003E-07   3.6631996E-03  -7.4107492E-05  -8.6787627E-04   1.9209627E-02   1.0039518E-02   3.4831121E-03   7.8211293E-05   1.7664878E-03   1.0313586E-04   3.4242084E-04   2.9702301E-04  -7.8720042E-04  -9.6187440E-09   6.9995385E-08
 -2.1400461E-08  -1.2389435E-06   2.9568084E-07   3.4677595E-07  -7.5978738E-05  -2.1585576E-06  -2.1003839E-06   5.4797421E-08  -3.6808273E-04   7.9582265E-06   7.5707780E-05  -1.7346876E-03  -9.7088924E-04  -3.5059730E-04  -5.0522222E-05  -1.8281772E-04  -8.5825622E-06  -3.1114804E-05  -2.6340856E-05   1.2267060E-04   2.3502951E-09  -2.0033535E-09
  2.5937952E-07  -3.0528490E-06   3.4677595E-07   5.5223917E-05  -1.5150224E-05   1.0060747E-04   9.1325420E-06  -9.3958538E-07  -2.0231354E-03   2.2156965E-05   2.0014074E-04  -7.3105599E-03  -4.6712025E-03  -1.9509179E-03  -3.4783988E-04  -7.5779053E-04   1.9328327E-04  -3.1534464E-05  -4.9814582E-04   9.8173528E-06  -2.0511446E-07  -9.8677731E-08
  2.5500389E-05   7.4496506E-04  -7.5978738E-05  -1.5150224E-05   4.7112028E-02   1.8323011E-03   1.5062275E-03  -1.7595853E-05   2.1817229E-01  -4.3437451E-03  -5.2843831E-02   1.1366588E+00   5.9988197E-01   2.1158721E-01   1.6433376E-02   1.0819067E-01   5.8917185E-03   2.1284067E-02   1.4830472E-02  -5.4225484E-02  -5.5612533E-07   3.3310488E-06
  1.5691992E-06   2.5615797E-05  -2.1585576E-06   1.0060747E-04   1.8323011E-03   2.8738713E-04   7.1503036E-05   9.0043433E-06   4.8061734E-03  -8.9755240E-05  -1.5355321E-03   3.2977380E-02   1.5275752E-02   6.8597473E-03   4.7625929E-03   2.2640458E-03   2.2371204E-04   2.8917775E-04  -6.4794017E-04  -5.8141638E-04  -3.1173350E-07  -5.9424714E-08
  1.0531946E-06   2.1304714E-05  -2.1003839E-06   9.1325420E-06   1.5062275E-03   7.1503036E-05   6.4462962E-05   4.4132476E-08   2.2186375E-03  -5.7307603E-05  -5.6155542E-04   1.0970411E-02   1.2008576E-02   8.6929130E-03   6.3952509E-03   6.7479445E-04   6.0281280E-04   3.8629993E-04   3.8870994E-05  -4.6416633E-04  -1.2908698E-07  -1.4820713E-08
  1.3129209E-08  -4.7983003E-07   5.4797421E-08  -9.3958538E-07  -1.7595853E-05   9.0043433E-06   4.4132476E-08   6.0275052E-06   5.0259066E-04   4.7373527E-06   1.3786120E-04   1.4753112E-03  -3.7690463E-04   1.9000797E-04   1.2068935E-03   9.3104086E-06  -5.0632324E-05   1.7547278E-05   8.3445796E-05   8.4858856E-04  -1.6347473E-08  -1.9276486E-08
 -2.8222055E-05   3.6631996E-03  -3.6808273E-04  -2.0231354E-03   2.1817229E-01   4.8061734E-03   2.2186375E-03   5.0259066E-04   4.5779208E+01  -4.1926885E-01  -1.0789525E+00   4.2758905E+01   6.1335820E+00  -1.1181039E+01  -5.3845998E+01  -8.7040507E-02   2.2667745E-01   6.8877611E-01  -5.5574763E+00  -3.3377631E+01  -1.6838074E-04   7.6403181E-04
 -1.4042558E-06  -7.4107492E-05   7.9582265E-06   2.2156965E-05  -4.3437451E-03  -8.9755240E-05  -5.7307603E-05   4.7373527E-06  -4.1926885E-01   8.2403359E-02  -4.6255613E-02  -6.4082445E-01   8.3844397E-01   1.5992509E+00   6.4541739E-01   4.4548798E-02  -8.5563572E-03   8.7797731E-03   9.9847214E-02   1.4419548E-01   2.1825538E-06  -3.0160983E-06
  1.1367357E-05  -8.6787627E-04   7.5707780E-05   2.0014074E-04  -5.2843831E-02  -1.5355321E-03  -5.6155542E-04   1.3786120E-04  -1.0789525E+00  -4.6255613E-02   4.0320196E+00  -3.2075055E+01  -3.9621752E+00   7.8584706E+00   5.5468723E+00  -3.1242204E+00  -1.9474865E-01   1.7425586E-01   2.7123503E+00   3.4700639E+00   8.7614493E-05  -4.8837363E-05
 -1.2114836E-04   1.9209627E-02  -1.7346876E-03  -7.3105599E-03   1.1366588E+00   3.2977380E-02   1.0970411E-02   1.4753112E-03   4.2758905E+01  -6.4082445E-01  -3.2075055E+01   8.0766387E+02   8.8637581E+01  -4.8456660E+01  -5.9712712E+01   1.6623341E+01  -6.6608349E+00   5.7070786E+00  -1.1690276E+01  -2.5379840E+01   4.0058454E-03   1.0253522E-03
 -1.4681280E-04   1.0039518E-02  -9.7088924E-04  -4.6712025E-03   5.9988197E-01   1.5275752E-02   1.2008576E-02  -3.7690463E-04   6.1335820E+00   8.3844397E-01  -3.9621752E+00   8.8637581E+01   7.2204885E+01   4.4240227E+01   1.5615591E+01  -3.9186439E+00  -5.5779436E-01  -9.2157588E-01   4.0729829E+00   3.4776229E+00   1.2292803E-04   2.1440861E-04
 -7.8332995E-05   3.4831121E-03  -3.5059730E-04  -1.9509179E-03   2.1158721E-01   6.8597473E-03   8.6929130E-03   1.9000797E-04  -1.1181039E+01   1.5992509E+00   7.8584706E+00  -4.8456660E+01   4.4240227E+01   8.7341375E+01   5.4646459E+01  -1.2493500E+01  -9.7731099E-01  -4.6681777E-01   5.5177663E+00   8.3321496E+00   3.7083481E-04  -3.5518979E-04
 -1.5198311E-05   7.8211293E-05  -5.0522222E-05  -3.4783988E-04   1.6433376E-02   4.7625929E-03   6.3952509E-03   1.2068935E-03  -5.3845998E+01   6.4541739E-01   5.5468723E+00  -5.9712712E+01   1.5615591E+01   5.4646459E+01   1.0291042E+02  -9.5494284E+00  -8.1062265E-01  -1.2072659E+00   5.5681875E+00   3.2779582E+01   4.1747611E-04  -1.3639805E-03
  5.5462143E-06   1.7664878E-03  -1.8281772E-04  -7.5779053E-04   1.0819067E-01   2.2640458E-03   6.7479445E-04   9.3104086E-06  -8.7040507E-02   4.4548798E-02  -3.1242204E+00   1.6623341E+01  -3.9186439E+00  -1.2493500E+01  -9.5494284E+00   6.9153152E+00   7.5659812E-02  -2.6061220E-01  -2.2910220E+00  -2.4956055E+00  -6.6897753E-05   1.3902384E-05
  1.2672169E-05   1.0313586E-04  -8.5825622E-06   1.9328327E-04   5.8917185E-03   2.2371204E-04   6.0281280E-04  -5.0632324E-05   2.2667745E-01  -8.5563572E-03  -1.9474865E-01  -6.6608349E+00  -5.5779436E-01  -9.7731099E-01  -8.1062265E-01   7.5659812E-02   3.3601365E+00   6.2644659E-01   2.3273029E-01   1.3522500E-01   1.5421416E-04   2.9152253E-06
  7.2455439E-06   3.4242084E-04  -3.1114804E-05  -3.1534464E-05   2.1284067E-02   2.8917775E-04   3.8629993E-04   1.7547278E-05   6.8877611E-01   8.7797731E-03   1.7425586E-01   5.7070786E+00  -9.2157588E-01  -4.6681777E-01  -1.2072659E+00  -2.6061220E-01   6.2644659E-01   3.1969723E+00   2.7957708E+00   2.7299373E+00  -1.9005601E-04  -5.3046340E-05
 -8.0989872E-06   2.9702301E-04  -2.6340856E-05  -4.9814582E-04   1.4830472E-02  -6.4794017E-04   3.8870994E-05   8.3445796E-05  -5.5574763E+00   9.9847214E-02   2.7123503E+00  -1.1690276E+01   4.0729829E+00   5.5177663E+00   5.5681875E+00  -2.2910220E+00   2.3273029E-01   2.7957708E+00   1.0926717E+01   1.9309545E+01  -3.6658547E-05   3.6561509E-04
  2.7360642E-07  -7.8720042E-04   1.2267060E-04   9.8173528E-06  -5.4225484E-02  -5.8141638E-04  -4.6416633E-04   8.4858856E-04  -3.3377631E+01   1.4419548E-01   3.4700639E+00  -2.5379840E+01   3.4776229E+00   8.3321496E+00   3.2779582E+01  -2.4956055E+00   1.3522500E-01   2.7299373E+00   1.9309545E+01   5.3561803E+01   6.0658653E-05   8.3696748E-04
 -1.1593004E-09  -9.6187440E-09   2.3502951E-09  -2.0511446E-07  -5.5612533E-07  -3.1173350E-07  -1.2908698E-07  -1.6347473E-08  -1.6838074E-04   2.1825538E-06   8.7614493E-05   4.0058454E-03   1.2292803E-04   3.7083481E-04   4.1747611E-04  -6.6897753E-05   1.5421416E-04  -1.9005601E-04  -3.6658547E-05   6.0658653E-05   3.7863687E-07   1.1236257E-08
 -2.9111932E-09   6.9995385E-08  -2.0033535E-09  -9.8677731E-08   3.3310488E-06  -5.9424714E-08  -1.4820713E-08  -1.9276486E-08   7.6403181E-04  -3.0160983E-06  -4.8837363E-05   1.0253522E-03   2.1440861E-04  -3.5518979E-04  -1.3639805E-03   1.3902384E-05   2.9152253E-06  -5.3046340E-05   3.6561509E-04   8.3696748E-04   1.1236257E-08   3.8059740E-07
