# omegabh2 omegach2 theta tau logA ns nrun r calPlanck acib217 xi asz143 aps100 aps143 aps143217 aps217 aksz kgal100 kgal143 kgal143217 kgal217 cal0 cal2
    0.8080826E-07   -0.3501838E-06    0.7038279E-07    0.3636633E-05    0.6902751E-05    0.9759277E-06   -0.1404555E-05    0.2877117E-05    0.1548324E-07   -0.9041069E-04    0.1131022E-05    0.3096996E-04   -0.5346990E-03   -0.4209931E-03   -0.2384363E-03   -0.1505104E-03   -0.2847751E-04    0.1235911E-04    0.1080706E-04    0.3113254E-05    0.1637049E-05    0.5843361E-08   -0.1162445E-07
   -0.3501838E-06    0.5256075E-05   -0.5500262E-06   -0.2356520E-04   -0.3565595E-04   -0.1277773E-04    0.2388677E-05   -0.1627250E-04   -0.3257209E-06    0.7294624E-03   -0.1270543E-04   -0.2146891E-03    0.3091804E-02    0.2567949E-02    0.1251382E-02    0.5151161E-03    0.2172202E-03   -0.5846983E-05   -0.6789410E-04    0.4888619E-04    0.7504766E-04   -0.4004757E-07    0.1176844E-06
    0.7038279E-07   -0.5500262E-06    0.2429279E-06    0.3782022E-05    0.6669469E-05    0.1631346E-05   -0.7556707E-06    0.2429780E-05    0.2393488E-07   -0.8608713E-04    0.1019229E-05    0.2737972E-04   -0.4370272E-03   -0.3166746E-03   -0.1825891E-03   -0.8459777E-04   -0.2718422E-04    0.1835109E-06   -0.5671048E-05   -0.7447935E-05   -0.1485588E-04    0.6436539E-08   -0.1574147E-07
    0.3636633E-05   -0.2356520E-04    0.3782022E-05    0.5077230E-03    0.9769368E-03    0.7212305E-04   -0.8948345E-04    0.6515630E-04   -0.1731509E-05   -0.9834695E-02    0.1845555E-03    0.1736895E-02   -0.4005874E-01   -0.2053919E-01   -0.6328197E-02    0.1682679E-02   -0.3885588E-02    0.3750896E-03   -0.2764168E-03   -0.1670871E-02   -0.1648665E-02    0.5221986E-06   -0.1313011E-05
    0.6902751E-05   -0.3565595E-04    0.6669469E-05    0.9769368E-03    0.1935309E-02    0.1138844E-03   -0.1918190E-03    0.1284612E-03    0.8458563E-05   -0.1669909E-01    0.3934247E-03    0.2579026E-02   -0.6148493E-01   -0.3049557E-01   -0.6532696E-02    0.8935165E-02   -0.7477855E-02    0.5724026E-03   -0.1181362E-02   -0.3418875E-02   -0.1563451E-02    0.1274396E-05   -0.2308707E-05
    0.9759277E-06   -0.1277773E-04    0.1631346E-05    0.7212305E-04    0.1138844E-03    0.4362294E-04   -0.1847963E-05    0.5115352E-04    0.9298255E-06   -0.7434924E-02    0.1623742E-03    0.1961649E-02   -0.3780780E-01   -0.1331382E-01    0.8379859E-03    0.6137327E-02   -0.3689373E-02    0.2584735E-03   -0.1274514E-03   -0.7269644E-03    0.3444320E-03   -0.1058497E-06   -0.7811237E-06
   -0.1404555E-05    0.2388677E-05   -0.7556707E-06   -0.8948345E-04   -0.1918190E-03   -0.1847963E-05    0.8329117E-04   -0.1860975E-03    0.2106344E-06   -0.8109187E-02    0.1782219E-03    0.2247008E-02   -0.3472528E-01   -0.1045598E-01    0.4944134E-02    0.9736538E-02   -0.3939755E-02   -0.5632293E-03   -0.5116580E-03   -0.6923544E-03    0.1379484E-02   -0.1936425E-06   -0.7142793E-06
    0.2877117E-05   -0.1627250E-04    0.2429780E-05    0.6515630E-04    0.1284612E-03    0.5115352E-04   -0.1860975E-03    0.2804778E-02    0.3669598E-05    0.1445885E-01   -0.3273818E-03   -0.3604954E-02    0.4864382E-01    0.2021398E-01   -0.9282970E-02   -0.1677619E-01    0.7828865E-02   -0.6284285E-03    0.8006202E-04    0.1847251E-02   -0.6441423E-03   -0.6629112E-06    0.1180052E-05
    0.1548324E-07   -0.3257209E-06    0.2393488E-07   -0.1731509E-05    0.8458563E-05    0.9298255E-06    0.2106344E-06    0.3669598E-05    0.6343929E-05    0.6905273E-03    0.1863517E-04    0.7585346E-05    0.3368587E-02    0.7649026E-03    0.7819981E-03    0.1287332E-02   -0.7000599E-04   -0.1801019E-04   -0.1048875E-04    0.1745700E-04    0.8371984E-03   -0.8108901E-10   -0.1930404E-07
   -0.9041069E-04    0.7294624E-03   -0.8608713E-04   -0.9834695E-02   -0.1669909E-01   -0.7434924E-02   -0.8109187E-02    0.1445885E-01    0.6905273E-03    0.4512950E+02   -0.5034449E+00   -0.2085085E+01    0.4937132E+02    0.1824568E+01   -0.2242115E+02   -0.6356082E+02    0.1357108E+01    0.9477567E-01    0.2310842E+00   -0.1798184E+01   -0.1857686E+02   -0.2854933E-03    0.4562637E-02
    0.1131022E-05   -0.1270543E-04    0.1019229E-05    0.1845555E-03    0.3934247E-03    0.1623742E-03    0.1782219E-03   -0.3273818E-03    0.1863517E-04   -0.5034449E+00    0.8099730E-01   -0.6680669E-01   -0.6261623E+00    0.9299712E+00    0.1797665E+01    0.7673615E+00    0.5688394E-01   -0.5574722E-02    0.1639891E-02    0.8702913E-01    0.9915249E-01    0.6180854E-05   -0.1908995E-04
    0.3096996E-04   -0.2146891E-03    0.2737972E-04    0.1736895E-02    0.2579026E-02    0.1961649E-02    0.2247008E-02   -0.3604954E-02    0.7585346E-05   -0.2085085E+01   -0.6680669E-01    0.3850132E+01   -0.3034197E+02   -0.4258110E+01    0.8109624E+01    0.7416767E+01   -0.3040041E+01   -0.1921395E+00    0.6454292E-01    0.2337066E+01    0.2195417E+01    0.1756625E-03   -0.3939280E-03
   -0.5346990E-03    0.3091804E-02   -0.4370272E-03   -0.4005874E-01   -0.6148493E-01   -0.3780780E-01   -0.3472528E-01    0.4864382E-01    0.3368587E-02    0.4937132E+02   -0.6261623E+00   -0.3034197E+02    0.7849019E+03    0.7695853E+02   -0.6288241E+02   -0.7936077E+02    0.1741382E+02   -0.3349611E+01    0.3231100E+01   -0.1044835E+02   -0.1597144E+02    0.6055105E-02    0.5041094E-02
   -0.4209931E-03    0.2567949E-02   -0.3166746E-03   -0.2053919E-01   -0.3049557E-01   -0.1331382E-01   -0.1045598E-01    0.2021398E-01    0.7649026E-03    0.1824568E+01    0.9299712E+00   -0.4258110E+01    0.7695853E+02    0.6529118E+02    0.4470150E+02    0.1890127E+02   -0.3906686E+01   -0.2942082E+00   -0.1213156E+01    0.3644695E+01    0.3702632E+01    0.1835278E-03    0.2983434E-03
   -0.2384363E-03    0.1251382E-02   -0.1825891E-03   -0.6328197E-02   -0.6532696E-02    0.8379859E-03    0.4944134E-02   -0.9282970E-02    0.7819981E-03   -0.2242115E+02    0.1797665E+01    0.8109624E+01   -0.6288241E+02    0.4470150E+02    0.9946725E+02    0.7166608E+02   -0.1333844E+02   -0.8358427E+00   -0.6061520E+00    0.4416518E+01    0.5583896E+01    0.7731173E-03   -0.2691655E-02
   -0.1505104E-03    0.5151161E-03   -0.8459777E-04    0.1682679E-02    0.8935165E-02    0.6137327E-02    0.9736538E-02   -0.1677619E-01    0.1287332E-02   -0.6356082E+02    0.7673615E+00    0.7416767E+01   -0.7936077E+02    0.1890127E+02    0.7166608E+02    0.1284957E+03   -0.1232293E+02   -0.6814212E+00   -0.6738406E+00   -0.7649854E+00    0.1518584E+02    0.7448777E-03   -0.8004122E-02
   -0.2847751E-04    0.2172202E-03   -0.2718422E-04   -0.3885588E-02   -0.7477855E-02   -0.3689373E-02   -0.3939755E-02    0.7828865E-02   -0.7000599E-04    0.1357108E+01    0.5688394E-01   -0.3040041E+01    0.1741382E+02   -0.3906686E+01   -0.1333844E+02   -0.1232293E+02    0.6854818E+01    0.1790056E+00   -0.2293922E-01   -0.1954084E+01   -0.1850477E+01   -0.1296402E-03    0.2555645E-03
    0.1235911E-04   -0.5846983E-05    0.1835109E-06    0.3750896E-03    0.5724026E-03    0.2584735E-03   -0.5632293E-03   -0.6284285E-03   -0.1801019E-04    0.9477567E-01   -0.5574722E-02   -0.1921395E+00   -0.3349611E+01   -0.2942082E+00   -0.8358427E+00   -0.6814212E+00    0.1790056E+00    0.3516377E+01    0.4410943E+00    0.1469792E+00    0.2106183E+00    0.2928530E-03    0.1645623E-04
    0.1080706E-04   -0.6789410E-04   -0.5671048E-05   -0.2764168E-03   -0.1181362E-02   -0.1274514E-03   -0.5116580E-03    0.8006202E-04   -0.1048875E-04    0.2310842E+00    0.1639891E-02    0.6454292E-01    0.3231100E+01   -0.1213156E+01   -0.6061520E+00   -0.6738406E+00   -0.2293922E-01    0.4410943E+00    0.3444082E+01    0.2696394E+01    0.1846603E+01   -0.2886401E-03   -0.1863579E-03
    0.3113254E-05    0.4888619E-04   -0.7447935E-05   -0.1670871E-02   -0.3418875E-02   -0.7269644E-03   -0.6923544E-03    0.1847251E-02    0.1745700E-04   -0.1798184E+01    0.8702913E-01    0.2337066E+01   -0.1044835E+02    0.3644695E+01    0.4416518E+01   -0.7649854E+00   -0.1954084E+01    0.1469792E+00    0.2696394E+01    0.1744522E+02    0.2614598E+02    0.1162874E-05    0.2603794E-02
    0.1637049E-05    0.7504766E-04   -0.1485588E-04   -0.1648665E-02   -0.1563451E-02    0.3444320E-03    0.1379484E-02   -0.6441423E-03    0.8371984E-03   -0.1857686E+02    0.9915249E-01    0.2195417E+01   -0.1597144E+02    0.3702632E+01    0.5583896E+01    0.1518584E+02   -0.1850477E+01    0.2106183E+00    0.1846603E+01    0.2614598E+02    0.5535889E+02    0.1105609E-03    0.4643712E-02
    0.5843361E-08   -0.4004757E-07    0.6436539E-08    0.5221986E-06    0.1274396E-05   -0.1058497E-06   -0.1936425E-06   -0.6629112E-06   -0.8108901E-10   -0.2854933E-03    0.6180854E-05    0.1756625E-03    0.6055105E-02    0.1835278E-03    0.7731173E-03    0.7448777E-03   -0.1296402E-03    0.2928530E-03   -0.2886401E-03    0.1162874E-05    0.1105609E-03    0.6019125E-06    0.2236357E-09
   -0.1162445E-07    0.1176844E-06   -0.1574147E-07   -0.1313011E-05   -0.2308707E-05   -0.7811237E-06   -0.7142793E-06    0.1180052E-05   -0.1930404E-07    0.4562637E-02   -0.1908995E-04   -0.3939280E-03    0.5041094E-02    0.2983434E-03   -0.2691655E-02   -0.8004122E-02    0.2555645E-03    0.1645623E-04   -0.1863579E-03    0.2603794E-02    0.4643712E-02    0.2236357E-09    0.2141177E-05
