# omegabh2 omegach2 theta tau nnu logA ns acib217 xi asz143 aps100 aps143 aps143217 aps217 aksz kgal100 kgal143 kgal143217 kgal217 galfEE100 galfEE100143 galfEE100217 galfEE143 galfEE143217 galfEE217 galfTE100 galfTE100143 galfTE100217 galfTE143 galfTE143217 galfTE217 cal0 cal2 calPlanck
    0.5854824E-07    0.3704150E-06   -0.3900345E-07    0.1628918E-05    0.3756928E-04    0.4401215E-05    0.1969949E-05    0.4907987E-04   -0.9469648E-06    0.9411551E-06    0.6430727E-04    0.3964794E-04    0.1059445E-04   -0.3366735E-04    0.1884929E-04    0.1830283E-04    0.6924368E-05    0.1535349E-04    0.4118219E-06    0.1471444E-06    0.1617005E-06   -0.1185318E-06    0.1560560E-06   -0.2525486E-06   -0.5030597E-06   -0.5486924E-07   -0.3063181E-07   -0.3662537E-07   -0.2083961E-06   -0.8174576E-06   -0.2483207E-05   -0.1043596E-08    0.7238941E-08    0.4654414E-08
    0.3704150E-06    0.9406142E-05   -0.1037249E-05    0.2059577E-05    0.5478818E-03    0.2942062E-04    0.1814226E-04    0.2862628E-02   -0.5905286E-04   -0.5165015E-03    0.1112522E-01    0.5882674E-02    0.1502317E-02   -0.7190798E-03    0.9368555E-03    0.2664225E-03    0.2347916E-03    0.5379140E-03   -0.1147656E-04    0.6536055E-06    0.6712058E-06   -0.2379324E-05    0.5743436E-06   -0.3908176E-05   -0.1845888E-04    0.1124352E-05    0.2162003E-05    0.4566334E-06    0.1900558E-05    0.3028134E-05    0.1843837E-04   -0.4756708E-07    0.2947587E-06   -0.2460082E-07
   -0.3900345E-07   -0.1037249E-05    0.2050133E-06   -0.3640840E-06   -0.6421307E-04   -0.3466379E-05   -0.2178843E-05   -0.3271729E-03    0.6585823E-05    0.6293283E-04   -0.1326828E-02   -0.6644594E-03   -0.1594346E-03    0.9659234E-04   -0.1011760E-03   -0.3231920E-04   -0.2894385E-04   -0.6694622E-04   -0.1933179E-04   -0.1146640E-06   -0.1144066E-06    0.1959656E-06   -0.9678664E-07    0.3410482E-06    0.2016004E-05   -0.1199182E-06   -0.2257954E-06   -0.2395881E-06   -0.2990973E-06   -0.6113658E-06   -0.2746542E-05    0.6068081E-08   -0.3454586E-07   -0.9666440E-08
    0.1628918E-05    0.2059577E-05   -0.3640840E-06    0.2912885E-03    0.8552343E-03    0.5867594E-03    0.6690835E-04   -0.7383262E-02    0.1436734E-03    0.8646676E-03   -0.2177235E-01   -0.8252492E-02    0.9312793E-03    0.6174797E-02   -0.2217984E-02   -0.4571374E-03   -0.6544560E-03   -0.1877723E-02   -0.1190054E-02    0.4705434E-05    0.5448015E-05    0.3023768E-06    0.4778516E-05   -0.2121338E-04   -0.1896177E-04   -0.6568086E-05   -0.5913266E-05   -0.1461756E-04   -0.1714153E-04   -0.3699086E-04   -0.4371603E-04   -0.2395936E-07   -0.8624353E-06   -0.2271593E-05
    0.3756928E-04    0.5478818E-03   -0.6421307E-04    0.8552343E-03    0.4097467E-01    0.3218527E-02    0.1751697E-02    0.1842848E+00   -0.3677681E-02   -0.2923647E-01    0.6417408E+00    0.3285108E+00    0.6777098E-01   -0.7721169E-01    0.6164698E-01    0.2096174E-01    0.1743582E-01    0.3488106E-01   -0.5495814E-02    0.1074549E-03    0.1148966E-03   -0.1598471E-03    0.1041577E-03   -0.3125784E-03   -0.1158544E-02    0.2176817E-04    0.8445210E-04    0.1372030E-04   -0.5736297E-05   -0.1338655E-03    0.7126719E-04   -0.4455788E-05    0.1854990E-04    0.1562102E-05
    0.4401215E-05    0.2942062E-04   -0.3466379E-05    0.5867594E-03    0.3218527E-02    0.1277629E-02    0.1839809E-03   -0.7032469E-02    0.1727611E-03    0.4391357E-03   -0.9734939E-02    0.5145422E-03    0.8715844E-02    0.1578144E-01   -0.2765041E-02   -0.4255082E-03   -0.1171038E-02   -0.2781974E-02   -0.8699072E-03    0.1221292E-04    0.1344227E-04   -0.6188028E-05    0.1265301E-04   -0.5172318E-04   -0.8719899E-04   -0.9528835E-05   -0.5162347E-05   -0.3217793E-04   -0.2528963E-04   -0.7001880E-04   -0.2371578E-04    0.9719749E-07   -0.9597424E-06    0.7481057E-05
    0.1969949E-05    0.1814226E-04   -0.2178843E-05    0.6690835E-04    0.1751697E-02    0.1839809E-03    0.9751418E-04    0.2620068E-02   -0.5322522E-05   -0.2091234E-03    0.8297041E-03    0.6316879E-02    0.4861226E-02    0.1739033E-02    0.5015558E-03    0.1202624E-02    0.5765634E-03    0.7545948E-03   -0.4820915E-04    0.7770144E-05    0.8529374E-05   -0.5154256E-05    0.8272393E-05   -0.1500329E-04   -0.4187415E-04   -0.1651962E-05    0.3067218E-06    0.1719733E-06   -0.6825190E-05   -0.1895786E-04   -0.3257001E-04   -0.3707159E-06    0.3360147E-06    0.2957547E-06
    0.4907987E-04    0.2862628E-02   -0.3271729E-03   -0.7383262E-02    0.1842848E+00   -0.7032469E-02    0.2620068E-02    0.4455497E+02   -0.5236321E+00   -0.1904726E+01    0.4490207E+02    0.1251400E+01   -0.2211245E+02   -0.6286165E+02    0.8468566E+00    0.1186853E+00   -0.1568079E-01   -0.1873992E+01   -0.1841802E+02    0.4437524E-03    0.3941970E-04   -0.1681376E-02   -0.3437180E-03   -0.3104896E-02   -0.1075486E-01   -0.1082440E-02    0.1806673E-03   -0.2034669E-02    0.6345615E-04    0.2358396E-02   -0.9145961E-02   -0.3183265E-03    0.4505405E-02    0.8833932E-03
   -0.9469648E-06   -0.5905286E-04    0.6585823E-05    0.1436734E-03   -0.3677681E-02    0.1727611E-03   -0.5322522E-05   -0.5236321E+00    0.7970751E-01   -0.5048521E-01   -0.6495267E+00    0.9779423E+00    0.1931162E+01    0.8336920E+00    0.4050564E-01   -0.2703206E-02    0.3214563E-02    0.1031184E+00    0.1187252E+00    0.7114769E-05    0.2493289E-04   -0.1929271E-04    0.2768828E-04    0.6337621E-04    0.2530310E-03   -0.1328241E-04    0.9063937E-04   -0.6991539E-06    0.1606297E-03   -0.1121400E-03    0.3087973E-04    0.1095108E-04   -0.1776017E-04   -0.2145508E-05
    0.9411551E-06   -0.5165015E-03    0.6293283E-04    0.8646676E-03   -0.2923647E-01    0.4391357E-03   -0.2091234E-03   -0.1904726E+01   -0.5048521E-01    0.3445523E+01   -0.2800138E+02   -0.3909313E+01    0.7146557E+01    0.6219332E+01   -0.2202163E+01   -0.2019320E+00    0.8130929E-01    0.2237254E+01    0.2144000E+01    0.1636389E-03   -0.2370852E-04    0.1061290E-03   -0.4466895E-04   -0.8466604E-03   -0.6890431E-03    0.2814914E-03   -0.3010895E-03    0.7371218E-03   -0.3550273E-03   -0.8749350E-03   -0.1551639E-02    0.1383858E-03   -0.3457639E-03    0.1778606E-04
    0.6430727E-04    0.1112522E-01   -0.1326828E-02   -0.2177235E-01    0.6417408E+00   -0.9734939E-02    0.8297041E-03    0.4490207E+02   -0.6495267E+00   -0.2800138E+02    0.7660118E+03    0.7215401E+02   -0.5623115E+02   -0.6775767E+02    0.1125324E+02   -0.3258244E+01    0.2648457E+01   -0.1132667E+02   -0.1742602E+02   -0.4431477E-03   -0.2106968E-02   -0.2208818E-03   -0.3369502E-02   -0.1145773E-01   -0.2547490E-01    0.1583345E-02   -0.2760657E-02   -0.6537769E-02    0.8159915E-02    0.4554077E-01    0.7275380E-01    0.6440586E-02    0.4096022E-02    0.3381727E-02
    0.3964794E-04    0.5882674E-02   -0.6644594E-03   -0.8252492E-02    0.3285108E+00    0.5145422E-03    0.6316879E-02    0.1251400E+01    0.9779423E+00   -0.3909313E+01    0.7215401E+02    0.6248003E+02    0.4488886E+02    0.1757599E+02   -0.3952046E+01   -0.6107834E-02   -0.9614093E+00    0.4064123E+01    0.4151309E+01   -0.1944728E-03   -0.2541119E-03   -0.3623606E-02   -0.6915295E-03   -0.3992675E-02   -0.1862784E-01    0.2864542E-02    0.5311700E-02    0.1088515E-02    0.2724700E-02    0.8557270E-02    0.2795381E-01    0.1585572E-03    0.3982399E-03    0.5773286E-03
    0.1059445E-04    0.1502317E-02   -0.1594346E-03    0.9312793E-03    0.6777098E-01    0.8715844E-02    0.4861226E-02   -0.2211245E+02    0.1931162E+01    0.7146557E+01   -0.5623115E+02    0.4488886E+02    0.9866822E+02    0.6671185E+02   -0.1056076E+02   -0.6375758E+00   -0.2029292E+00    0.4775662E+01    0.5966868E+01    0.3615025E-03    0.2057609E-03   -0.2054952E-02    0.3536092E-04   -0.2753691E-02   -0.9332737E-02    0.9955003E-03    0.4686968E-02    0.2552840E-02    0.5827866E-02    0.3405514E-02    0.1942375E-01    0.6968915E-03   -0.2429200E-02    0.4109636E-03
   -0.3366735E-04   -0.7190798E-03    0.9659234E-04    0.6174797E-02   -0.7721169E-01    0.1578144E-01    0.1739033E-02   -0.6286165E+02    0.8336920E+00    0.6219332E+01   -0.6775767E+02    0.1757599E+02    0.6671185E+02    0.1229941E+03   -0.9392989E+01   -0.4106635E+00   -0.1146184E+00   -0.7156514E+00    0.1558350E+02   -0.1734944E-03    0.5787860E-04    0.5984489E-03    0.7389564E-04    0.1611546E-02    0.3965919E-02    0.2171644E-02    0.1393666E-02    0.4736910E-02   -0.6870227E-03    0.1935749E-02    0.4126989E-01    0.7249580E-03   -0.7772137E-02    0.1057577E-02
    0.1884929E-04    0.9368555E-03   -0.1011760E-03   -0.2217984E-02    0.6164698E-01   -0.2765041E-02    0.5015558E-03    0.8468566E+00    0.4050564E-01   -0.2202163E+01    0.1125324E+02   -0.3952046E+01   -0.1056076E+02   -0.9392989E+01    0.5204594E+01    0.1276488E+00   -0.7870913E-01   -0.1657909E+01   -0.1617385E+01   -0.1733745E-05    0.1093156E-03    0.1032166E-03    0.2068197E-03    0.1198176E-02    0.1866947E-02   -0.5142904E-03   -0.1069848E-03    0.9697728E-03    0.1137774E-02    0.1436147E-02   -0.4872905E-03   -0.9513748E-04    0.1480319E-03   -0.4694385E-04
    0.1830283E-04    0.2664225E-03   -0.3231920E-04   -0.4571374E-03    0.2096174E-01   -0.4255082E-03    0.1202624E-02    0.1186853E+00   -0.2703206E-02   -0.2019320E+00   -0.3258244E+01   -0.6107834E-02   -0.6375758E+00   -0.4106635E+00    0.1276488E+00    0.3566709E+01    0.4417232E+00    0.1366870E+00    0.1525983E+00    0.1311020E-03    0.1530440E-03   -0.2233398E-05    0.1627040E-03    0.1717085E-03    0.9005752E-03   -0.2236263E-03   -0.5108786E-03   -0.6218817E-04   -0.9321184E-03    0.1090525E-02    0.8666999E-03    0.2884427E-03    0.1316080E-04   -0.5650935E-05
    0.6924368E-05    0.2347916E-03   -0.2894385E-04   -0.6544560E-03    0.1743582E-01   -0.1171038E-02    0.5765634E-03   -0.1568079E-01    0.3214563E-02    0.8130929E-01    0.2648457E+01   -0.9614093E+00   -0.2029292E+00   -0.1146184E+00   -0.7870913E-01    0.4417232E+00    0.3412619E+01    0.2651745E+01    0.1893168E+01    0.1733191E-03    0.3424890E-04   -0.5975685E-03   -0.1173203E-03   -0.6781273E-03   -0.1623747E-02   -0.2862937E-04    0.3607798E-04    0.1167264E-02    0.2115143E-03    0.2914217E-03   -0.6250497E-02   -0.2944423E-03   -0.2071173E-03   -0.5009491E-05
    0.1535349E-04    0.5379140E-03   -0.6694622E-04   -0.1877723E-02    0.3488106E-01   -0.2781974E-02    0.7545948E-03   -0.1873992E+01    0.1031184E+00    0.2237254E+01   -0.1132667E+02    0.4064123E+01    0.4775662E+01   -0.7156514E+00   -0.1657909E+01    0.1366870E+00    0.2651745E+01    0.1745657E+02    0.2617144E+02   -0.5144078E-04   -0.6680932E-04   -0.1781253E-02   -0.1940919E-03   -0.2181975E-02   -0.2928716E-02    0.2179848E-02    0.6427900E-03   -0.6107889E-03   -0.1358782E-03   -0.2936536E-02   -0.6407931E-02   -0.4438844E-04    0.2661887E-02   -0.2621223E-05
    0.4118219E-06   -0.1147656E-04   -0.1933179E-04   -0.1190054E-02   -0.5495814E-02   -0.8699072E-03   -0.4820915E-04   -0.1841802E+02    0.1187252E+00    0.2144000E+01   -0.1742602E+02    0.4151309E+01    0.5966868E+01    0.1558350E+02   -0.1617385E+01    0.1525983E+00    0.1893168E+01    0.2617144E+02    0.5500765E+02   -0.3895917E-03   -0.1744525E-03   -0.1819659E-02    0.2102613E-03   -0.1249846E-02    0.3471885E-04    0.2564557E-02    0.1280795E-02   -0.1854030E-02    0.3181025E-02   -0.4653287E-02   -0.1071306E-01    0.4129540E-04    0.4659781E-02    0.7804623E-03
    0.1471444E-06    0.6536055E-06   -0.1146640E-06    0.4705434E-05    0.1074549E-03    0.1221292E-04    0.7770144E-05    0.4437524E-03    0.7114769E-05    0.1636389E-03   -0.4431477E-03   -0.1944728E-03    0.3615025E-03   -0.1734944E-03   -0.1733745E-05    0.1311020E-03    0.1733191E-03   -0.5144078E-04   -0.3895917E-03    0.3235376E-04    0.9082290E-05   -0.2104065E-05    0.3252434E-05   -0.2021166E-05   -0.2429334E-05   -0.1250607E-05   -0.2820297E-06    0.5213992E-05   -0.1585129E-05   -0.5761197E-05    0.1551195E-05   -0.1135618E-06   -0.7719056E-07    0.7160880E-06
    0.1617005E-06    0.6712058E-06   -0.1144066E-06    0.5448015E-05    0.1148966E-03    0.1344227E-04    0.8529374E-05    0.3941970E-04    0.2493289E-04   -0.2370852E-04   -0.2106968E-02   -0.2541119E-03    0.2057609E-03    0.5787860E-04    0.1093156E-03    0.1530440E-03    0.3424890E-04   -0.6680932E-04   -0.1744525E-03    0.9082290E-05    0.2486076E-04   -0.9358308E-06    0.1256739E-04   -0.2690324E-05   -0.3820625E-05   -0.2494418E-05    0.3301153E-06   -0.4873020E-05   -0.4065169E-05   -0.7629111E-05   -0.7796633E-05   -0.8809281E-07   -0.2845315E-08    0.5334054E-06
   -0.1185318E-06   -0.2379324E-05    0.1959656E-06    0.3023768E-06   -0.1598471E-03   -0.6188028E-05   -0.5154256E-05   -0.1681376E-02   -0.1929271E-04    0.1061290E-03   -0.2208818E-03   -0.3623606E-02   -0.2054952E-02    0.5984489E-03    0.1032166E-03   -0.2233398E-05   -0.5975685E-03   -0.1781253E-02   -0.1819659E-02   -0.2104065E-05   -0.9358308E-06    0.1040761E-02   -0.9991790E-06    0.9291920E-05   -0.5518937E-05    0.5351297E-05    0.3288626E-05    0.2393172E-05   -0.3812480E-05   -0.6328860E-07   -0.3159743E-04    0.1542561E-06   -0.6911776E-06   -0.1370759E-08
    0.1560560E-06    0.5743436E-06   -0.9678664E-07    0.4778516E-05    0.1041577E-03    0.1265301E-04    0.8272393E-05   -0.3437180E-03    0.2768828E-04   -0.4466895E-04   -0.3369502E-02   -0.6915295E-03    0.3536092E-04    0.7389564E-04    0.2068197E-03    0.1627040E-03   -0.1173203E-03   -0.1940919E-03    0.2102613E-03    0.3252434E-05    0.1256739E-04   -0.9991790E-06    0.4804686E-04   -0.2309615E-05    0.1891921E-05    0.2362920E-05   -0.2441775E-05   -0.9321141E-05   -0.6840409E-05   -0.1532987E-04   -0.2351684E-04   -0.1047535E-06    0.9784516E-08    0.9841470E-06
   -0.2525486E-06   -0.3908176E-05    0.3410482E-06   -0.2121338E-04   -0.3125784E-03   -0.5172318E-04   -0.1500329E-04   -0.3104896E-02    0.6337621E-04   -0.8466604E-03   -0.1145773E-01   -0.3992675E-02   -0.2753691E-02    0.1611546E-02    0.1198176E-02    0.1717085E-03   -0.6781273E-03   -0.2181975E-02   -0.1249846E-02   -0.2021166E-05   -0.2690324E-05    0.9291920E-05   -0.2309615E-05    0.2199920E-02    0.8823464E-04   -0.1256063E-04   -0.1179097E-05   -0.1432881E-04    0.1092188E-04    0.4537118E-05   -0.7776731E-04   -0.2142702E-06   -0.3729184E-06    0.9229008E-06
   -0.5030597E-06   -0.1845888E-04    0.2016004E-05   -0.1896177E-04   -0.1158544E-02   -0.8719899E-04   -0.4187415E-04   -0.1075486E-01    0.2530310E-03   -0.6890431E-03   -0.2547490E-01   -0.1862784E-01   -0.9332737E-02    0.3965919E-02    0.1866947E-02    0.9005752E-03   -0.1623747E-02   -0.2928716E-02    0.3471885E-04   -0.2429334E-05   -0.3820625E-05   -0.5518937E-05    0.1891921E-05    0.8823464E-04    0.1672524E-01    0.5668387E-05   -0.2940816E-05    0.5876997E-05    0.1251129E-04    0.2837578E-04    0.1327925E-03    0.3425483E-06   -0.1190502E-05    0.1479416E-06
   -0.5486924E-07    0.1124352E-05   -0.1199182E-06   -0.6568086E-05    0.2176817E-04   -0.9528835E-05   -0.1651962E-05   -0.1082440E-02   -0.1328241E-04    0.2814914E-03    0.1583345E-02    0.2864542E-02    0.9955003E-03    0.2171644E-02   -0.5142904E-03   -0.2236263E-03   -0.2862937E-04    0.2179848E-02    0.2564557E-02   -0.1250607E-05   -0.2494418E-05    0.5351297E-05    0.2362920E-05   -0.1256063E-04    0.5668387E-05    0.1475719E-02    0.3107391E-03    0.9204967E-04   -0.3751941E-03   -0.8509362E-04   -0.2017748E-03    0.4931229E-06   -0.2711093E-06    0.2763541E-06
   -0.3063181E-07    0.2162003E-05   -0.2257954E-06   -0.5913266E-05    0.8445210E-04   -0.5162347E-05    0.3067218E-06    0.1806673E-03    0.9063937E-04   -0.3010895E-03   -0.2760657E-02    0.5311700E-02    0.4686968E-02    0.1393666E-02   -0.1069848E-03   -0.5108786E-03    0.3607798E-04    0.6427900E-03    0.1280795E-02   -0.2820297E-06    0.3301153E-06    0.3288626E-05   -0.2441775E-05   -0.1179097E-05   -0.2940816E-05    0.3107391E-03    0.8442838E-03    0.4836309E-04    0.7172220E-03    0.5687384E-04   -0.6052714E-03   -0.1726877E-06    0.2053301E-06    0.2320075E-06
   -0.3662537E-07    0.4566334E-06   -0.2395881E-06   -0.1461756E-04    0.1372030E-04   -0.3217793E-04    0.1719733E-06   -0.2034669E-02   -0.6991539E-06    0.7371218E-03   -0.6537769E-02    0.1088515E-02    0.2552840E-02    0.4736910E-02    0.9697728E-03   -0.6218817E-04    0.1167264E-02   -0.6107889E-03   -0.1854030E-02    0.5213992E-05   -0.4873020E-05    0.2393172E-05   -0.9321141E-05   -0.1432881E-04    0.5876997E-05    0.9204967E-04    0.4836309E-04    0.7247854E-02   -0.3010308E-03    0.7000674E-03    0.4528413E-02   -0.7805199E-06   -0.6434170E-06   -0.6563793E-06
   -0.2083961E-06    0.1900558E-05   -0.2990973E-06   -0.1714153E-04   -0.5736297E-05   -0.2528963E-04   -0.6825190E-05    0.6345615E-04    0.1606297E-03   -0.3550273E-03    0.8159915E-02    0.2724700E-02    0.5827866E-02   -0.6870227E-03    0.1137774E-02   -0.9321184E-03    0.2115143E-03   -0.1358782E-03    0.3181025E-02   -0.1585129E-05   -0.4065169E-05   -0.3812480E-05   -0.6840409E-05    0.1092188E-04    0.1251129E-04   -0.3751941E-03    0.7172220E-03   -0.3010308E-03    0.2810267E-02    0.4708432E-03   -0.8610355E-03    0.7267836E-07    0.6158466E-06    0.1823553E-05
   -0.8174576E-06    0.3028134E-05   -0.6113658E-06   -0.3699086E-04   -0.1338655E-03   -0.7001880E-04   -0.1895786E-04    0.2358396E-02   -0.1121400E-03   -0.8749350E-03    0.4554077E-01    0.8557270E-02    0.3405514E-02    0.1935749E-02    0.1436147E-02    0.1090525E-02    0.2914217E-03   -0.2936536E-02   -0.4653287E-02   -0.5761197E-05   -0.7629111E-05   -0.6328860E-07   -0.1532987E-04    0.4537118E-05    0.2837578E-04   -0.8509362E-04    0.5687384E-04    0.7000674E-03    0.4708432E-03    0.6295409E-02    0.7827207E-02    0.2944578E-06   -0.9017719E-06    0.1838452E-06
   -0.2483207E-05    0.1843837E-04   -0.2746542E-05   -0.4371603E-04    0.7126719E-04   -0.2371578E-04   -0.3257001E-04   -0.9145961E-02    0.3087973E-04   -0.1551639E-02    0.7275380E-01    0.2795381E-01    0.1942375E-01    0.4126989E-01   -0.4872905E-03    0.8666999E-03   -0.6250497E-02   -0.6407931E-02   -0.1071306E-01    0.1551195E-05   -0.7796633E-05   -0.3159743E-04   -0.2351684E-04   -0.7776731E-04    0.1327925E-03   -0.2017748E-03   -0.6052714E-03    0.4528413E-02   -0.8610355E-03    0.7827207E-02    0.6548386E-01    0.1923748E-06   -0.4225417E-05    0.1310582E-04
   -0.1043596E-08   -0.4756708E-07    0.6068081E-08   -0.2395936E-07   -0.4455788E-05    0.9719749E-07   -0.3707159E-06   -0.3183265E-03    0.1095108E-04    0.1383858E-03    0.6440586E-02    0.1585572E-03    0.6968915E-03    0.7249580E-03   -0.9513748E-04    0.2884427E-03   -0.2944423E-03   -0.4438844E-04    0.4129540E-04   -0.1135618E-06   -0.8809281E-07    0.1542561E-06   -0.1047535E-06   -0.2142702E-06    0.3425483E-06    0.4931229E-06   -0.1726877E-06   -0.7805199E-06    0.7267836E-07    0.2944578E-06    0.1923748E-06    0.6010096E-06   -0.1021217E-07    0.1362294E-07
    0.7238941E-08    0.2947587E-06   -0.3454586E-07   -0.8624353E-06    0.1854990E-04   -0.9597424E-06    0.3360147E-06    0.4505405E-02   -0.1776017E-04   -0.3457639E-03    0.4096022E-02    0.3982399E-03   -0.2429200E-02   -0.7772137E-02    0.1480319E-03    0.1316080E-04   -0.2071173E-03    0.2661887E-02    0.4659781E-02   -0.7719056E-07   -0.2845315E-08   -0.6911776E-06    0.9784516E-08   -0.3729184E-06   -0.1190502E-05   -0.2711093E-06    0.2053301E-06   -0.6434170E-06    0.6158466E-06   -0.9017719E-06   -0.4225417E-05   -0.1021217E-07    0.2111277E-05    0.2770472E-07
    0.4654414E-08   -0.2460082E-07   -0.9666440E-08   -0.2271593E-05    0.1562102E-05    0.7481057E-05    0.2957547E-06    0.8833932E-03   -0.2145508E-05    0.1778606E-04    0.3381727E-02    0.5773286E-03    0.4109636E-03    0.1057577E-02   -0.4694385E-04   -0.5650935E-05   -0.5009491E-05   -0.2621223E-05    0.7804623E-03    0.7160880E-06    0.5334054E-06   -0.1370759E-08    0.9841470E-06    0.9229008E-06    0.1479416E-06    0.2763541E-06    0.2320075E-06   -0.6563793E-06    0.1823553E-05    0.1838452E-06    0.1310582E-04    0.1362294E-07    0.2770472E-07    0.6038554E-05
