# omegabh2 omegach2 theta tau nnu logA ns calPlanck aps100 aps143 aps217 acib217 asz143 psr cibr xi aksz dust100 dust143 dust217 dust143x217 cal0 cal2 calTE calEE
  2.7077940E-08   1.8030768E-07  -1.3369737E-08   1.8539944E-07   1.4002463E-05   8.9242483E-07   5.7748221E-07   1.7054337E-08  -5.8984875E-05  -2.2065993E-05  -7.5306502E-05   2.7287617E-05   4.8322028E-06   1.2083403E-07   5.0354372E-07   7.0938411E-07  -1.5858085E-07   7.6648740E-07   1.9419352E-07   1.5860565E-07   5.4624666E-07  -1.8712603E-10   7.6609551E-09  -3.5879799E-08  -9.3163068E-08
  1.8030768E-07   8.7394178E-06  -8.6916239E-07  -4.1111186E-06   4.8052655E-04   1.1329365E-05   1.1356115E-05  -6.4000701E-07   1.4332293E-02   7.7821754E-03  -3.9016745E-03   4.4273842E-03  -4.3266123E-04  -3.4960380E-05   9.9954410E-05  -3.5188617E-05   1.0275624E-03  -4.8578439E-06   1.6081421E-05  -1.8935758E-05  -4.5030354E-06  -1.9978263E-08   4.0715998E-07   2.7279918E-06   5.2512093E-06
 -1.3369737E-08  -8.6916239E-07   1.7243066E-07   3.4550403E-07  -5.0698915E-05  -1.2266838E-06  -1.1848596E-06   4.1500903E-08  -1.3961649E-03  -8.5129602E-04   3.3348116E-04  -4.3026633E-04   4.2632487E-05   2.6874971E-06  -9.3013781E-06   1.5025100E-06  -1.0981936E-04   1.2969252E-06  -5.0632388E-07   2.0200585E-06   4.7156100E-07  -5.1950578E-09  -4.1214083E-08  -3.5788769E-07  -6.1006192E-07
  1.8539944E-07  -4.1111186E-06   3.4550403E-07   5.4755760E-05  -9.0191678E-05   9.6824641E-05   6.1997177E-06  -9.9301576E-07  -1.3316677E-02  -6.0578209E-03   1.6860746E-03  -3.1335743E-03   1.8445546E-04   3.3396094E-05  -9.6262314E-05   2.1356238E-05  -6.6199944E-04   3.5348107E-05   2.1123158E-07   1.2148286E-05   2.0544338E-05  -2.2050450E-07  -2.8389750E-07  -3.9682324E-06  -3.2169854E-06
  1.4002463E-05   4.8052655E-04  -5.0698915E-05  -9.0191678E-05   2.9546558E-02   9.2171056E-04   8.2494109E-04  -2.5657585E-05   8.0158207E-01   4.4340610E-01  -2.3341755E-01   2.5670761E-01  -2.5279585E-02  -1.9503943E-03   5.5970961E-03  -1.7424528E-03   6.0822697E-02   7.4726733E-05   1.0281685E-03  -1.0179828E-03   2.1284672E-06  -4.3384208E-07   2.4031705E-05   1.6586276E-04   3.5217702E-04
  8.9242483E-07   1.1329365E-05  -1.2266838E-06   9.6824641E-05   9.2171056E-04   2.4136423E-04   3.7873664E-05   9.2492068E-06   1.1806494E-02   7.2024284E-03   3.4523985E-03   1.8637362E-03  -6.4268042E-04   1.7985371E-05  -5.1445331E-05   2.4660517E-05   2.4828462E-04   1.7353727E-05  -5.2984670E-05   1.3065929E-05   5.4743553E-05   2.1138781E-07   2.1766693E-07  -2.3267964E-06   7.9075389E-06
  5.7748221E-07   1.1356115E-05  -1.1848596E-06   6.1997177E-06   8.2494109E-04   3.7873664E-05   3.7799138E-05  -8.2889401E-08  -1.1641853E-03   5.3533835E-03   2.0235569E-03   9.9324294E-04  -3.3740948E-04   7.4390154E-07   3.2270187E-05   2.9787994E-05  -7.6229171E-05   3.8676491E-05   6.3545393E-06   8.0907820E-06   9.0868036E-06  -3.8338929E-07   3.6761268E-07   4.1157504E-06   6.7579909E-06
  1.7054337E-08  -6.4000701E-07   4.1500903E-08  -9.9301576E-07  -2.5657585E-05   9.2492068E-06  -8.2889401E-08   6.3159097E-06   2.0264070E-03   3.5571246E-05   2.4057586E-03  -2.3222718E-04  -1.8536472E-05   3.8148999E-06  -2.0317346E-05   1.7550195E-05  -2.0076109E-05  -1.0354670E-05  -2.4255178E-06   1.1642677E-05   1.2246477E-05   1.4930800E-08  -1.1060586E-07  -6.5161765E-07  -4.3877235E-07
 -5.8984875E-05   1.4332293E-02  -1.3961649E-03  -1.3316677E-02   8.0158207E-01   1.1806494E-02  -1.1641853E-03   2.0264070E-03   6.3021738E+02   6.9739036E+01  -5.0738361E+01   2.9457924E+01  -2.5250409E+01  -8.2547766E-01  -1.0248501E-01  -4.0381819E-01   1.2273317E+01  -1.8252328E-01   2.5084794E-01  -1.7443665E-01  -1.6227464E-01   7.0981450E-03   3.7652466E-03   4.9758251E-03   1.7474984E-02
 -2.2065993E-05   7.7821754E-03  -8.5129602E-04  -6.0578209E-03   4.4340610E-01   7.2024284E-03   5.3533835E-03   3.5571246E-05   6.9739036E+01   7.4176730E+01   9.7011298E+00   7.6064262E+00  -8.3742400E-01  -1.5350270E-02   4.5149311E-01   8.7725351E-01  -7.3751431E+00  -1.2357099E-02  -1.9302129E-01   6.1923464E-02   1.0829483E-01   8.8312551E-04   7.3230168E-04   4.7663474E-03   9.8342272E-03
 -7.5306502E-05  -3.9016745E-03   3.3348116E-04   1.6860746E-03  -2.3341755E-01   3.4523985E-03   2.0235569E-03   2.4057586E-03  -5.0738361E+01   9.7011298E+00   1.7791059E+02  -8.5172577E+01   1.7588166E+00   3.4124721E-01  -1.0972936E+00   5.0483829E-01  -6.9939593E+00  -2.1553616E-02  -2.4692163E-01   5.5304610E-01   2.2586905E-02   1.6126802E-03  -8.1192072E-03   1.8070218E-03  -9.2277168E-04
  2.7287617E-05   4.4273842E-03  -4.3026633E-04  -3.1335743E-03   2.5670761E-01   1.8637362E-03   9.9324294E-04  -2.3222718E-04   2.9457924E+01   7.6064262E+00  -8.5172577E+01   5.3509634E+01   1.8768023E+00  -6.0243077E-02   7.5937767E-01  -3.3438612E-01  -2.3081614E+00   1.2436926E-02   1.6949368E-01  -4.4717109E-01  -1.2688364E-01  -6.6909368E-04   3.3986884E-03   6.3688744E-04   4.0531181E-03
  4.8322028E-06  -4.3266123E-04   4.2632487E-05   1.8445546E-04  -2.5279585E-02  -6.4268042E-04  -3.3740948E-04  -1.8536472E-05  -2.5250409E+01  -8.3742400E-01   1.7588166E+00   1.8768023E+00   4.1763730E+00   9.5434166E-02   1.4615041E-01  -3.1543176E-02  -3.3819703E+00  -3.2760474E-03  -8.4795997E-05   4.7720994E-03   4.8012133E-02   3.5489271E-04  -2.2397955E-04  -2.6068909E-04  -5.5383781E-04
  1.2083403E-07  -3.4960380E-05   2.6874971E-06   3.3396094E-05  -1.9503943E-03   1.7985371E-05   7.4390154E-07   3.8148999E-06  -8.2547766E-01  -1.5350270E-02   3.4124721E-01  -6.0243077E-02   9.5434166E-02   1.5277196E-02  -1.6290420E-02   1.2504607E-02  -1.0317424E-01  -8.4538970E-05  -1.6082612E-03  -2.3644318E-03   5.3765994E-03   1.7508981E-05  -3.3839985E-05   1.1152510E-05  -1.4703403E-07
  5.0354372E-07   9.9954410E-05  -9.3013781E-06  -9.6262314E-05   5.5970961E-03  -5.1445331E-05   3.2270187E-05  -2.0317346E-05  -1.0248501E-01   4.5149311E-01  -1.0972936E+00   7.5937767E-01   1.4615041E-01  -1.6290420E-02   6.6517610E-02   1.4002037E-03  -1.2775777E-01   8.9120572E-04   8.7118424E-03  -6.1041217E-04  -1.8242153E-02  -1.5686135E-05   8.8144358E-05   7.5926300E-06   5.4063702E-05
  7.0938411E-07  -3.5188617E-05   1.5025100E-06   2.1356238E-05  -1.7424528E-03   2.4660517E-05   2.9787994E-05   1.7550195E-05  -4.0381819E-01   8.7725351E-01   5.0483829E-01  -3.3438612E-01  -3.1543176E-02   1.2504607E-02   1.4002037E-03   8.3213420E-02   3.1143649E-02   8.4859055E-05   4.8366664E-04   1.7637569E-03   2.9982194E-03   2.0994504E-05  -1.0496882E-05   2.6722713E-05   2.0219433E-05
 -1.5858085E-07   1.0275624E-03  -1.0981936E-04  -6.6199944E-04   6.0822697E-02   2.4828462E-04  -7.6229171E-05  -2.0076109E-05   1.2273317E+01  -7.3751431E+00  -6.9939593E+00  -2.3081614E+00  -3.3819703E+00  -1.0317424E-01  -1.2775777E-01   3.1143649E-02   7.2198251E+00  -6.3176214E-03  -1.2897873E-02  -4.4602826E-03  -5.2988340E-02  -2.4504362E-04   1.2691380E-04   2.1469051E-04   5.0713575E-04
  7.6648740E-07  -4.8578439E-06   1.2969252E-06   3.5348107E-05   7.4726733E-05   1.7353727E-05   3.8676491E-05  -1.0354670E-05  -1.8252328E-01  -1.2357099E-02  -2.1553616E-02   1.2436926E-02  -3.2760474E-03  -8.4538970E-05   8.9120572E-04   8.4859055E-05  -6.3176214E-03   3.8751846E-02   2.8735227E-03   1.9163413E-05   2.2160206E-04   3.5349294E-05  -5.2170500E-07   2.5227312E-05  -1.1834984E-05
  1.9419352E-07   1.6081421E-05  -5.0632388E-07   2.1123158E-07   1.0281685E-03  -5.2984670E-05   6.3545393E-06  -2.4255178E-06   2.5084794E-01  -1.9302129E-01  -2.4692163E-01   1.6949368E-01  -8.4795997E-05  -1.6082612E-03   8.7118424E-03   4.8366664E-04  -1.2897873E-02   2.8735227E-03   3.0065345E-02  -7.2464072E-04   4.1684450E-03  -7.8793583E-05  -4.1563204E-05  -5.8400401E-05  -5.4591151E-05
  1.5860565E-07  -1.8935758E-05   2.0200585E-06   1.2148286E-05  -1.0179828E-03   1.3065929E-05   8.0907820E-06   1.1642677E-05  -1.7443665E-01   6.1923464E-02   5.5304610E-01  -4.4717109E-01   4.7720994E-03  -2.3644318E-03  -6.1041217E-04   1.7637569E-03  -4.4602826E-03   1.9163413E-05  -7.2464072E-04   1.0432312E-02   8.4716338E-03   5.2122088E-06   5.9764121E-05  -1.6438113E-05  -2.8718621E-05
  5.4624666E-07  -4.5030354E-06   4.7156100E-07   2.0544338E-05   2.1284672E-06   5.4743553E-05   9.0868036E-06   1.2246477E-05  -1.6227464E-01   1.0829483E-01   2.2586905E-02  -1.2688364E-01   4.8012133E-02   5.3765994E-03  -1.8242153E-02   2.9982194E-03  -5.2988340E-02   2.2160206E-04   4.1684450E-03   8.4716338E-03   2.6682940E-02   6.1357080E-07   5.8715773E-05  -4.2802000E-05  -7.3962840E-06
 -1.8712603E-10  -1.9978263E-08  -5.1950578E-09  -2.2050450E-07  -4.3384208E-07   2.1138781E-07  -3.8338929E-07   1.4930800E-08   7.0981450E-03   8.8312551E-04   1.6126802E-03  -6.6909368E-04   3.5489271E-04   1.7508981E-05  -1.5686135E-05   2.0994504E-05  -2.4504362E-04   3.5349294E-05  -7.8793583E-05   5.2122088E-06   6.1357080E-07   1.1013383E-06   5.9204338E-08   3.1020080E-07   6.6983198E-07
  7.6609551E-09   4.0715998E-07  -4.1214083E-08  -2.8389750E-07   2.4031705E-05   2.1766693E-07   3.6761268E-07  -1.1060586E-07   3.7652466E-03   7.3230168E-04  -8.1192072E-03   3.3986884E-03  -2.2397955E-04  -3.3839985E-05   8.8144358E-05  -1.0496882E-05   1.2691380E-04  -5.2170500E-07  -4.1563204E-05   5.9764121E-05   5.8715773E-05   5.9204338E-08   2.4660419E-06   1.6747131E-07   4.4978464E-07
 -3.5879799E-08   2.7279918E-06  -3.5788769E-07  -3.9682324E-06   1.6586276E-04  -2.3267964E-06   4.1157504E-06  -6.5161765E-07   4.9758251E-03   4.7663474E-03   1.8070218E-03   6.3688744E-04  -2.6068909E-04   1.1152510E-05   7.5926300E-06   2.6722713E-05   2.1469051E-04   2.5227312E-05  -5.8400401E-05  -1.6438113E-05  -4.2802000E-05   3.1020080E-07   1.6747131E-07   2.4649330E-05   1.0263546E-05
 -9.3163068E-08   5.2512093E-06  -6.1006192E-07  -3.2169854E-06   3.5217702E-04   7.9075389E-06   6.7579909E-06  -4.3877235E-07   1.7474984E-02   9.8342272E-03  -9.2277168E-04   4.0531181E-03  -5.5383781E-04  -1.4703403E-07   5.4063702E-05   2.0219433E-05   5.0713575E-04  -1.1834984E-05  -5.4591151E-05  -2.8718621E-05  -7.3962840E-06   6.6983198E-07   4.4978464E-07   1.0263546E-05   2.8953514E-05
