# omegabh2 omegach2 theta tau w wa logA ns calPlanck acib217 xi asz143 aps100 aps143 aps143217 aps217 aksz kgal100 kgal143 kgal143217 kgal217 cal0 cal2
  4.3978181E-08  -1.5482184E-07   3.4706052E-08   3.2775693E-07  -1.0209225E-06   1.8279907E-05   4.3978507E-07   4.7542009E-07   2.1280238E-08  -1.3091922E-04   1.6453362E-06   5.1789346E-05  -7.5223130E-04  -4.8820529E-04  -1.7225893E-04  -5.9103102E-05  -6.5952849E-05   4.1327923E-06   1.0362513E-06   8.3861850E-07   4.5156032E-05   2.6767736E-09  -1.4226388E-09
 -1.5482184E-07   3.2463842E-06  -2.6574227E-07  -3.7500293E-06   3.3008015E-05  -3.6385886E-04  -9.4513965E-08  -7.1207474E-06  -2.0747387E-07   7.1014540E-05  -1.1058232E-06  -9.8724655E-05   8.9054762E-04   9.8738919E-04   5.9009174E-04   5.4466409E-04   7.1254659E-05  -1.0652130E-05  -4.2539323E-05  -3.4937170E-05  -7.2366418E-05  -2.6195074E-08   6.4432115E-09
  3.4706052E-08  -2.6574227E-07   2.0079130E-07   5.2995659E-07  -3.5936615E-06   4.3188304E-05   6.4507136E-07   8.1087280E-07   7.3803730E-09   2.5094845E-06  -8.7580115E-07   1.6404082E-05  -1.9927266E-04  -1.5193174E-04  -7.8714255E-05  -7.3977983E-05  -1.7857562E-05   3.6533773E-06   1.8311052E-05   6.1974985E-06  -1.0650578E-05   3.5260966E-09  -1.0824000E-09
  3.2775693E-07  -3.7500293E-06   5.2995659E-07   6.1272660E-05  -5.8048578E-05   5.1608464E-04   1.1442334E-04   1.1562932E-05   3.8618963E-07  -2.1188958E-03  -1.9577188E-05   6.9966527E-04  -1.1083033E-02  -6.7215717E-03  -2.1916768E-03   4.5611112E-04  -9.3553783E-04  -1.4068827E-04  -3.1749095E-04  -6.8194218E-04   1.9447466E-05   3.0544535E-08  -5.7048279E-08
 -1.0209225E-06   3.3008015E-05  -3.5936615E-06  -5.8048578E-05   6.6919242E-03  -2.6734936E-02  -3.6037978E-05  -7.5759228E-05  -2.4243340E-07  -5.8998310E-03   1.2040672E-04  -3.3355161E-03  -5.6574181E-03   1.1438016E-03  -6.6843086E-03   8.6060732E-03   2.5276301E-03   2.8911923E-03   1.8755768E-03  -2.4240976E-04   1.8941586E-03  -1.4371353E-06  -6.3951645E-08
  1.8279907E-05  -3.6385886E-04   4.3188304E-05   5.1608464E-04  -2.6734936E-02   1.3570665E-01   1.9980394E-04   8.2661347E-04   1.6017949E-05   1.0731346E-02  -5.3791860E-04   2.3513228E-02  -8.1498500E-02  -1.0259426E-01  -2.4097802E-02  -7.2305095E-02  -1.9699287E-02  -6.3976673E-03  -2.8231086E-03   2.8167908E-03  -7.4991803E-04   7.9327666E-06  -2.8685075E-07
  4.3978507E-07  -9.4513965E-08   6.4507136E-07   1.1442334E-04  -3.6037978E-05   1.9980394E-04   2.5811135E-04   5.7355877E-06   1.2666961E-05  -4.9113028E-03   8.6117743E-06   1.2113671E-03  -1.9892415E-02  -1.0798837E-02  -7.2115439E-04   8.3159973E-03  -2.6166167E-03  -6.5988399E-04  -1.5100407E-03  -2.1340758E-03   1.3756670E-03   1.2586663E-07  -1.1636870E-07
  4.7542009E-07  -7.1207474E-06   8.1087280E-07   1.1562932E-05  -7.5759228E-05   8.2661347E-04   5.7355877E-06   2.7124980E-05   7.6455064E-07  -5.0413816E-03   9.5265556E-05   1.3488928E-03  -2.7860791E-02  -9.1023573E-03   9.1148233E-04   4.8295577E-03  -2.7478697E-03   4.7374287E-04  -2.0196809E-04  -1.7580845E-04   1.7517068E-03  -7.6638161E-08  -9.5180649E-08
  2.1280238E-08  -2.0747387E-07   7.3803730E-09   3.8618963E-07  -2.4243340E-07   1.6017949E-05   1.2666961E-05   7.6455064E-07   6.1601731E-06   3.7992295E-04   5.2927579E-06   1.4690334E-05   2.3405012E-03   2.1819387E-04   2.9383845E-04   1.4325352E-03  -4.4174432E-05   7.7431658E-06  -8.0935177E-05  -7.1328445E-05   8.2740997E-04  -1.7188866E-08  -1.0871945E-08
 -1.3091922E-04   7.1014540E-05   2.5094845E-06  -2.1188958E-03  -5.8998310E-03   1.0731346E-02  -4.9113028E-03  -5.0413816E-03   3.7992295E-04   4.5272370E+01  -3.9388772E-01  -1.0332874E+00   3.9405338E+01   2.7097466E+00  -1.3356432E+01  -5.5955485E+01   2.4105055E-01  -5.4280867E-02   3.1053399E-01  -6.1473704E+00  -3.4130607E+01  -1.9030083E-04   7.5000887E-04
  1.6453362E-06  -1.1058232E-06  -8.7580115E-07  -1.9577188E-05   1.2040672E-04  -5.3791860E-04   8.6117743E-06   9.5265556E-05   5.2927579E-06  -3.9388772E-01   8.1418828E-02  -5.2904894E-02  -4.8121949E-01   8.9629490E-01   1.6260696E+00   6.1568519E-01   4.9951359E-02  -5.6211204E-03   8.1254727E-03   1.0096822E-01   1.3732364E-01   3.4280802E-06  -1.9534476E-06
  5.1789346E-05  -9.8724655E-05   1.6404082E-05   6.9966527E-04  -3.3355161E-03   2.3513228E-02   1.2113671E-03   1.3488928E-03   1.4690334E-05  -1.0332874E+00  -5.2904894E-02   3.9822581E+00  -3.1865668E+01  -3.6464624E+00   7.8151175E+00   5.7568845E+00  -2.9501464E+00  -2.1581218E-01   1.7697442E-01   2.7295301E+00   3.5117968E+00   1.1820615E-04  -2.3839751E-05
 -7.5223130E-04   8.9054762E-04  -1.9927266E-04  -1.1083033E-02  -5.6574181E-03  -8.1498500E-02  -1.9892415E-02  -2.7860791E-02   2.3405012E-03   3.9405338E+01  -4.8121949E-01  -3.1865668E+01   8.0564211E+02   7.6565736E+01  -5.5184299E+01  -6.6582089E+01   1.5563236E+01  -6.1438864E+00   5.7651734E+00  -1.2149804E+01  -2.5354193E+01   3.9097040E-03   4.2146436E-04
 -4.8820529E-04   9.8738919E-04  -1.5193174E-04  -6.7215717E-03   1.1438016E-03  -1.0259426E-01  -1.0798837E-02  -9.1023573E-03   2.1819387E-04   2.7097466E+00   8.9629490E-01  -3.6464624E+00   7.6565736E+01   6.5179552E+01   4.0908366E+01   1.5377747E+01  -4.6371495E+00  -6.3569107E-01  -1.2720163E+00   3.5549759E+00   3.9678418E+00   1.0685501E-04   7.9252436E-05
 -1.7225893E-04   5.9009174E-04  -7.8714255E-05  -2.1916768E-03  -6.6843086E-03  -2.4097802E-02  -7.2115439E-04   9.1148233E-04   2.9383845E-04  -1.3356432E+01   1.6260696E+00   7.8151175E+00  -5.5184299E+01   4.0908366E+01   8.5882408E+01   5.5386264E+01  -1.2529138E+01  -1.0328592E+00  -6.1891125E-01   5.1692937E+00   8.7049818E+00   4.2875105E-04  -3.7286259E-04
 -5.9103102E-05   5.4466409E-04  -7.3977983E-05   4.5611112E-04   8.6060732E-03  -7.2305095E-02   8.3159973E-03   4.8295577E-03   1.4325352E-03  -5.5955485E+01   6.1568519E-01   5.7568845E+00  -6.6582089E+01   1.5377747E+01   5.5386264E+01   1.0702499E+02  -1.0306944E+01  -5.9577610E-01  -1.0565330E+00   5.9582571E+00   3.4523608E+01   4.3990735E-04  -1.3943568E-03
 -6.5952849E-05   7.1254659E-05  -1.7857562E-05  -9.3553783E-04   2.5276301E-03  -1.9699287E-02  -2.6166167E-03  -2.7478697E-03  -4.4174432E-05   2.4105055E-01   4.9951359E-02  -2.9501464E+00   1.5563236E+01  -4.6371495E+00  -1.2529138E+01  -1.0306944E+01   6.3314184E+00   1.4150831E-01  -2.1703043E-01  -2.2674860E+00  -2.7488708E+00  -7.1701814E-05  -1.0203915E-06
  4.1327923E-06  -1.0652130E-05   3.6533773E-06  -1.4068827E-04   2.8911923E-03  -6.3976673E-03  -6.5988399E-04   4.7374287E-04   7.7431658E-06  -5.4280867E-02  -5.6211204E-03  -2.1581218E-01  -6.1438864E+00  -6.3569107E-01  -1.0328592E+00  -5.9577610E-01   1.4150831E-01   3.3955614E+00   5.7706438E-01   1.9118132E-01   2.7085358E-01   1.6829178E-04  -6.9984810E-06
  1.0362513E-06  -4.2539323E-05   1.8311052E-05  -3.1749095E-04   1.8755768E-03  -2.8231086E-03  -1.5100407E-03  -2.0196809E-04  -8.0935177E-05   3.1053399E-01   8.1254727E-03   1.7697442E-01   5.7651734E+00  -1.2720163E+00  -6.1891125E-01  -1.0565330E+00  -2.1703043E-01   5.7706438E-01   3.2717362E+00   2.8962544E+00   3.1253450E+00  -1.8317918E-04  -3.6928024E-05
  8.3861850E-07  -3.4937170E-05   6.1974985E-06  -6.8194218E-04  -2.4240976E-04   2.8167908E-03  -2.1340758E-03  -1.7580845E-04  -7.1328445E-05  -6.1473704E+00   1.0096822E-01   2.7295301E+00  -1.2149804E+01   3.5549759E+00   5.1692937E+00   5.9582571E+00  -2.2674860E+00   1.9118132E-01   2.8962544E+00   1.1203073E+01   2.0086480E+01  -4.6005081E-06   4.2874609E-04
  4.5156032E-05  -7.2366418E-05  -1.0650578E-05   1.9447466E-05   1.8941586E-03  -7.4991803E-04   1.3756670E-03   1.7517068E-03   8.2740997E-04  -3.4130607E+01   1.3732364E-01   3.5117968E+00  -2.5354193E+01   3.9678418E+00   8.7049818E+00   3.4523608E+01  -2.7488708E+00   2.7085358E-01   3.1253450E+00   2.0086480E+01   5.5206256E+01   8.7698875E-05   9.3347880E-04
  2.6767736E-09  -2.6195074E-08   3.5260966E-09   3.0544535E-08  -1.4371353E-06   7.9327666E-06   1.2586663E-07  -7.6638161E-08  -1.7188866E-08  -1.9030083E-04   3.4280802E-06   1.1820615E-04   3.9097040E-03   1.0685501E-04   4.2875105E-04   4.3990735E-04  -7.1701814E-05   1.6829178E-04  -1.8317918E-04  -4.6005081E-06   8.7698875E-05   3.8663919E-07  -3.3790523E-10
 -1.4226388E-09   6.4432115E-09  -1.0824000E-09  -5.7048279E-08  -6.3951645E-08  -2.8685075E-07  -1.1636870E-07  -9.5180649E-08  -1.0871945E-08   7.5000887E-04  -1.9534476E-06  -2.3839751E-05   4.2146436E-04   7.9252436E-05  -3.7286259E-04  -1.3943568E-03  -1.0203915E-06  -6.9984810E-06  -3.6928024E-05   4.2874609E-04   9.3347880E-04  -3.3790523E-10   3.9040977E-07
