# omegabh2 omegach2 theta tau logA ns calPlanck galfTE100 galfTE100143 galfTE100217 galfTE143 galfTE143217 galfTE217 cal0 cal2
  4.3748529E-08  -6.0644272E-08   1.4904823E-08   1.7823860E-07   6.3707541E-07   1.0051414E-06   5.2239067E-09  -1.5556241E-08  -3.8425019E-08  -1.3409442E-07  -4.9432106E-07  -5.8913829E-07  -2.9906333E-06  -6.8039159E-10   1.8057085E-09
 -6.0644272E-08   1.2700589E-06  -4.8177624E-09  -2.2820317E-06  -3.2364417E-06  -4.3837529E-06  -1.8334429E-07   3.6559050E-07   1.5186302E-07  -9.5913629E-07   1.7593270E-06   1.1798208E-06   5.4013887E-06   2.9169282E-09  -1.1607615E-08
  1.4904823E-08  -4.8177624E-09   2.2274320E-07   2.5110800E-07   7.5720611E-07   3.7067367E-07   1.1104323E-08   7.3456457E-08   7.0366082E-08  -1.8083997E-07   1.2166309E-09  -3.9765905E-07  -4.8486599E-07   5.4093698E-10   2.5709038E-09
  1.7823860E-07  -2.2820317E-06   2.5110800E-07   5.3941527E-05   9.6086606E-05   1.0780922E-05  -1.3926155E-06  -2.8537483E-06  -2.1846454E-06  -4.7792877E-06  -4.1029152E-06  -6.8407960E-06  -3.2780930E-05  -6.2163407E-08   8.8300191E-08
  6.3707541E-07  -3.2364417E-06   7.5720611E-07   9.6086606E-05   2.1951315E-04   2.9799460E-05   8.7863811E-06  -3.5645571E-06  -1.9349680E-06  -1.2308175E-05  -2.0245964E-06  -8.4535528E-07  -1.3957989E-05  -7.3268151E-08   2.5638165E-07
  1.0051414E-06  -4.3837529E-06   3.7067367E-07   1.0780922E-05   2.9799460E-05   9.7092206E-05   6.3178760E-08  -5.9161936E-06  -6.4596296E-06   1.5230519E-06  -2.2550027E-05   3.5690246E-06   3.3841922E-05  -8.9064384E-08   9.0229528E-08
  5.2239067E-09  -1.8334429E-07   1.1104323E-08  -1.3926155E-06   8.7863811E-06   6.3178760E-08   6.1731215E-06  -3.1686540E-07   3.9423085E-07  -3.4952119E-07   3.5015398E-07   7.8135052E-07   7.0094211E-06   4.8524344E-09   1.7564246E-08
 -1.5556241E-08   3.6559050E-07   7.3456457E-08  -2.8537483E-06  -3.5645571E-06  -5.9161936E-06  -3.1686540E-07   1.4606389E-03   2.7480156E-04   1.3953083E-04  -3.6703981E-04  -1.0050498E-04  -2.8478481E-04  -5.3907704E-08  -6.9522018E-08
 -3.8425019E-08   1.5186302E-07   7.0366082E-08  -2.1846454E-06  -1.9349680E-06  -6.4596296E-06   3.9423085E-07   2.7480156E-04   8.7735302E-04   3.2550595E-05   7.3515184E-04   4.6030105E-05  -7.7874975E-04  -8.7718243E-08  -6.2044652E-08
 -1.3409442E-07  -9.5913629E-07  -1.8083997E-07  -4.7792877E-06  -1.2308175E-05   1.5230519E-06  -3.4952119E-07   1.3953083E-04   3.2550595E-05   7.2882739E-03  -3.1400534E-04   6.0099314E-04   4.2636452E-03   1.4102403E-07   5.5615932E-07
 -4.9432106E-07   1.7593270E-06   1.2166309E-09  -4.1029152E-06  -2.0245964E-06  -2.2550027E-05   3.5015398E-07  -3.6703981E-04   7.3515184E-04  -3.1400534E-04   2.9171879E-03   5.6017268E-04  -8.9141558E-04   1.3240284E-08  -2.9831391E-07
 -5.8913829E-07   1.1798208E-06  -3.9765905E-07  -6.8407960E-06  -8.4535528E-07   3.5690246E-06   7.8135052E-07  -1.0050498E-04   4.6030105E-05   6.0099314E-04   5.6017268E-04   6.2767511E-03   7.7057908E-03  -5.9873571E-07  -7.9884983E-07
 -2.9906333E-06   5.4013887E-06  -4.8486599E-07  -3.2780930E-05  -1.3957989E-05   3.3841922E-05   7.0094211E-06  -2.8478481E-04  -7.7874975E-04   4.2636452E-03  -8.9141558E-04   7.7057908E-03   7.2216745E-02  -2.5751805E-07  -2.1171377E-06
 -6.8039159E-10   2.9169282E-09   5.4093698E-10  -6.2163407E-08  -7.3268151E-08  -8.9064384E-08   4.8524344E-09  -5.3907704E-08  -8.7718243E-08   1.4102403E-07   1.3240284E-08  -5.9873571E-07  -2.5751805E-07   4.7648883E-07  -3.3137366E-09
  1.8057085E-09  -1.1607615E-08   2.5709038E-09   8.8300191E-08   2.5638165E-07   9.0229528E-08   1.7564246E-08  -6.9522018E-08  -6.2044652E-08   5.5615932E-07  -2.9831391E-07  -7.9884983E-07  -2.1171377E-06  -3.3137366E-09   4.2174403E-07
