# omegabh2 omegach2 theta tau logA ns nrun calPlanck acib217 xi asz143 aps100 aps143 aps143217 aps217 aksz kgal100 kgal143 kgal143217 kgal217 cal0 cal2
    0.6639077E-07   -0.3016767E-06    0.6283601E-07    0.2465083E-05    0.4577931E-05    0.8192352E-06   -0.8458105E-06    0.2873122E-07   -0.1120594E-03    0.2010760E-05    0.4707656E-04   -0.4383895E-03   -0.3689198E-03   -0.1724440E-03   -0.9513149E-04   -0.5204488E-04    0.2026217E-04    0.1013342E-04    0.1377841E-04    0.6844759E-05    0.1541626E-07   -0.1595219E-07
   -0.3016767E-06    0.4347181E-05   -0.4481714E-06   -0.2810139E-04   -0.4716450E-04   -0.1066393E-04    0.1973455E-05   -0.4026906E-06    0.8350971E-03   -0.2895190E-04   -0.2787734E-03    0.3914842E-02    0.1993378E-02    0.4483015E-03    0.1646312E-04    0.4340193E-03   -0.1577743E-03    0.3973811E-04   -0.7039437E-04   -0.5906226E-04   -0.1083568E-06    0.1008810E-06
    0.6283601E-07   -0.4481714E-06    0.2244734E-06    0.4157687E-05    0.7689293E-05    0.1406582E-05   -0.5370455E-06    0.5609892E-07   -0.4267390E-04    0.2701588E-05    0.3007338E-04   -0.6726039E-03   -0.3098187E-03   -0.1469393E-03   -0.1387516E-03   -0.4571715E-04    0.2767268E-05   -0.5694999E-05   -0.2205772E-04   -0.7867835E-04    0.6416693E-08   -0.1615536E-07
    0.2465083E-05   -0.2810139E-04    0.4157687E-05    0.3016739E-03    0.5363722E-03    0.7696530E-04   -0.2884239E-04   -0.2640343E-05   -0.5909587E-02    0.1041632E-03    0.3081028E-02   -0.4474290E-01   -0.1879068E-01   -0.5909393E-02   -0.3369044E-02   -0.3809585E-02    0.1741959E-02    0.4943486E-04    0.1067553E-02   -0.3206974E-03    0.4559368E-06   -0.7181605E-06
    0.4577931E-05   -0.4716450E-04    0.7689293E-05    0.5363722E-03    0.9887907E-03    0.1290891E-03   -0.6469113E-04    0.6274777E-05   -0.8933365E-02    0.2309288E-03    0.5407507E-02   -0.6748783E-01   -0.2749390E-01   -0.5826075E-02   -0.7002903E-03   -0.7267109E-02    0.2816012E-02    0.9878256E-04    0.1822455E-02    0.3517720E-04    0.9207211E-06   -0.1330615E-05
    0.8192352E-06   -0.1066393E-04    0.1406582E-05    0.7696530E-04    0.1290891E-03    0.3886655E-04    0.1448106E-05    0.1317826E-05   -0.7417995E-02    0.1911340E-03    0.2337173E-02   -0.4224906E-01   -0.1220665E-01    0.2424855E-02    0.6313490E-02   -0.4450419E-02    0.6442747E-03   -0.3789780E-03    0.6411538E-03    0.2229440E-02   -0.2072896E-08   -0.6017454E-06
   -0.8458105E-06    0.1973455E-05   -0.5370455E-06   -0.2884239E-04   -0.6469113E-04    0.1448106E-05    0.5424567E-04    0.7593897E-06   -0.7362743E-02    0.9094425E-04    0.1766860E-02   -0.3186761E-01   -0.1217152E-01    0.1475055E-02    0.8210816E-02   -0.3000483E-02   -0.6767571E-03   -0.3231280E-03   -0.2114482E-03    0.2506691E-02   -0.5116368E-06   -0.3061635E-06
    0.2873122E-07   -0.4026906E-06    0.5609892E-07   -0.2640343E-05    0.6274777E-05    0.1317826E-05    0.7593897E-06    0.6369385E-05    0.4806602E-03    0.2560237E-04    0.1058337E-03    0.3420245E-02    0.9413238E-03    0.1239716E-02    0.1967073E-02   -0.2529793E-03   -0.5769003E-04    0.1713176E-03    0.2121992E-03    0.9509518E-03   -0.6358893E-07   -0.2983730E-07
   -0.1120594E-03    0.8350971E-03   -0.4267390E-04   -0.5909587E-02   -0.8933365E-02   -0.7417995E-02   -0.7362743E-02    0.4806602E-03    0.4535436E+02   -0.5489232E+00   -0.1640335E+01    0.4729455E+02    0.1505976E+01   -0.2116361E+02   -0.6188087E+02    0.4861594E+00    0.7146476E-02    0.2445552E+00   -0.2143797E+01   -0.1929681E+02   -0.1029983E-03    0.4473079E-02
    0.2010760E-05   -0.2895190E-04    0.2701588E-05    0.1041632E-03    0.2309288E-03    0.1911340E-03    0.9094425E-04    0.2560237E-04   -0.5489232E+00    0.8472435E-01   -0.6669374E-01   -0.2944011E+00    0.1018296E+01    0.1885452E+01    0.8153211E+00    0.7282346E-01    0.1732588E-01    0.7835639E-02    0.9610740E-01    0.1292244E+00    0.6279855E-05   -0.2031570E-04
    0.4707656E-04   -0.2787734E-03    0.3007338E-04    0.3081028E-02    0.5407507E-02    0.2337173E-02    0.1766860E-02    0.1058337E-03   -0.1640335E+01   -0.6669374E-01    0.3938480E+01   -0.3176640E+02   -0.4724855E+01    0.8061531E+01    0.6731798E+01   -0.3108103E+01   -0.2645632E+00    0.1479109E+00    0.2550016E+01    0.2146038E+01    0.1657789E-03   -0.3518632E-03
   -0.4383895E-03    0.3914842E-02   -0.6726039E-03   -0.4474290E-01   -0.6748783E-01   -0.4224906E-01   -0.3186761E-01    0.3420245E-02    0.4729455E+02   -0.2944011E+00   -0.3176640E+02    0.7963985E+03    0.8805774E+02   -0.5232373E+02   -0.6849391E+02    0.1613292E+02   -0.2618036E+01    0.2289111E+01   -0.1524909E+02   -0.2237943E+02    0.6224067E-02    0.4693311E-02
   -0.3689198E-03    0.1993378E-02   -0.3098187E-03   -0.1879068E-01   -0.2749390E-01   -0.1220665E-01   -0.1217152E-01    0.9413238E-03    0.1505976E+01    0.1018296E+01   -0.4724855E+01    0.8805774E+02    0.6948436E+02    0.4770091E+02    0.2107683E+02   -0.4034924E+01   -0.1856059E+00   -0.1160824E+01    0.3067350E+01    0.3164286E+01    0.2340151E-03    0.2684924E-03
   -0.1724440E-03    0.4483015E-03   -0.1469393E-03   -0.5909393E-02   -0.5826075E-02    0.2424855E-02    0.1475055E-02    0.1239716E-02   -0.2116361E+02    0.1885452E+01    0.8061531E+01   -0.5232373E+02    0.4770091E+02    0.1021772E+03    0.7051287E+02   -0.1314481E+02   -0.5164828E+00   -0.3199183E+00    0.4626760E+01    0.4884226E+01    0.8049122E-03   -0.2712572E-02
   -0.9513149E-04    0.1646312E-04   -0.1387516E-03   -0.3369044E-02   -0.7002903E-03    0.6313490E-02    0.8210816E-02    0.1967073E-02   -0.6188087E+02    0.8153211E+00    0.6731798E+01   -0.6849391E+02    0.2107683E+02    0.7051287E+02    0.1241906E+03   -0.1128400E+02   -0.5944776E+00   -0.5494401E+00   -0.2657760E+00    0.1520256E+02    0.5425449E-03   -0.7895511E-02
   -0.5204488E-04    0.4340193E-03   -0.4571715E-04   -0.3809585E-02   -0.7267109E-02   -0.4450419E-02   -0.3000483E-02   -0.2529793E-03    0.4861594E+00    0.7282346E-01   -0.3108103E+01    0.1613292E+02   -0.4034924E+01   -0.1314481E+02   -0.1128400E+02    0.7028503E+01    0.2461602E+00   -0.6154143E-01   -0.2361052E+01   -0.2081424E+01   -0.1363743E-03    0.1894993E-03
    0.2026217E-04   -0.1577743E-03    0.2767268E-05    0.1741959E-02    0.2816012E-02    0.6442747E-03   -0.6767571E-03   -0.5769003E-04    0.7146476E-02    0.1732588E-01   -0.2645632E+00   -0.2618036E+01   -0.1856059E+00   -0.5164828E+00   -0.5944776E+00    0.2461602E+00    0.3349478E+01    0.4545047E+00    0.3933633E-01    0.5562618E-01    0.2280414E-03    0.1296418E-04
    0.1013342E-04    0.3973811E-04   -0.5694999E-05    0.4943486E-04    0.9878256E-04   -0.3789780E-03   -0.3231280E-03    0.1713176E-03    0.2445552E+00    0.7835639E-02    0.1479109E+00    0.2289111E+01   -0.1160824E+01   -0.3199183E+00   -0.5494401E+00   -0.6154143E-01    0.4545047E+00    0.3348022E+01    0.2805650E+01    0.1979088E+01   -0.2783529E-03   -0.1480296E-03
    0.1377841E-04   -0.7039437E-04   -0.2205772E-04    0.1067553E-02    0.1822455E-02    0.6411538E-03   -0.2114482E-03    0.2121992E-03   -0.2143797E+01    0.9610740E-01    0.2550016E+01   -0.1524909E+02    0.3067350E+01    0.4626760E+01   -0.2657760E+00   -0.2361052E+01    0.3933633E-01    0.2805650E+01    0.1765600E+02    0.2621722E+02   -0.4676277E-04    0.2580472E-02
    0.6844759E-05   -0.5906226E-04   -0.7867835E-04   -0.3206974E-03    0.3517720E-04    0.2229440E-02    0.2506691E-02    0.9509518E-03   -0.1929681E+02    0.1292244E+00    0.2146038E+01   -0.2237943E+02    0.3164286E+01    0.4884226E+01    0.1520256E+02   -0.2081424E+01    0.5562618E-01    0.1979088E+01    0.2621722E+02    0.5538319E+02   -0.4751153E-04    0.4575125E-02
    0.1541626E-07   -0.1083568E-06    0.6416693E-08    0.4559368E-06    0.9207211E-06   -0.2072896E-08   -0.5116368E-06   -0.6358893E-07   -0.1029983E-03    0.6279855E-05    0.1657789E-03    0.6224067E-02    0.2340151E-03    0.8049122E-03    0.5425449E-03   -0.1363743E-03    0.2280414E-03   -0.2783529E-03   -0.4676277E-04   -0.4751153E-04    0.5758208E-06    0.1933877E-07
   -0.1595219E-07    0.1008810E-06   -0.1615536E-07   -0.7181605E-06   -0.1330615E-05   -0.6017454E-06   -0.3061635E-06   -0.2983730E-07    0.4473079E-02   -0.2031570E-04   -0.3518632E-03    0.4693311E-02    0.2684924E-03   -0.2712572E-02   -0.7895511E-02    0.1894993E-03    0.1296418E-04   -0.1480296E-03    0.2580472E-02    0.4575125E-02    0.1933877E-07    0.2091818E-05
