# omegabh2 omegach2 theta tau w logA ns calPlanck acib217 xi asz143 aps100 aps143 aps143217 aps217 aksz kgal100 kgal143 kgal143217 kgal217 cal0 cal2
    0.4713583E-07   -0.1867836E-06    0.3992036E-07    0.1706358E-05    0.6432879E-05    0.3123983E-05    0.5924753E-06    0.2571757E-07   -0.2091270E-03    0.3658802E-05    0.5062032E-04   -0.7754918E-03   -0.5038848E-03   -0.1572357E-03    0.1859797E-04   -0.6741098E-04    0.2330071E-06    0.2741205E-06   -0.7413993E-05    0.3607803E-04    0.3214407E-08   -0.1909061E-07
   -0.1867836E-06    0.3499508E-05   -0.3305008E-06   -0.1550106E-04   -0.1037972E-03   -0.2281259E-04   -0.8269100E-05   -0.1324044E-06    0.5484167E-03   -0.9092372E-05   -0.9381404E-04    0.1326428E-02    0.1661297E-02    0.8196368E-03    0.2134643E-03    0.1160455E-03    0.5384062E-04    0.1956378E-04    0.1731159E-03    0.1662729E-03   -0.2417879E-07    0.8131304E-07
    0.3992036E-07   -0.3305008E-06    0.2133116E-06    0.2199052E-05    0.1360305E-04    0.3853296E-05    0.1064861E-05    0.3052962E-07   -0.9757690E-04    0.1486079E-05    0.6340417E-05   -0.1474783E-03   -0.2202655E-03   -0.1327718E-03   -0.3977685E-04   -0.9291039E-05   -0.7426845E-05    0.8001766E-06    0.4388644E-05    0.4354597E-04   -0.1402414E-08   -0.6675506E-08
    0.1706358E-05   -0.1550106E-04    0.2199052E-05    0.3705168E-03    0.4833127E-03    0.7010008E-03    0.5422165E-04   -0.1170528E-05   -0.1701303E-01    0.3837131E-03    0.3366899E-02   -0.6224059E-01   -0.2896621E-01   -0.2260281E-02    0.9949587E-02   -0.5255691E-02   -0.3607111E-03   -0.3473768E-03   -0.2350034E-02   -0.1164544E-02    0.8577874E-07   -0.2227372E-05
    0.6432879E-05   -0.1037972E-03    0.1360305E-04    0.4833127E-03    0.5512285E-02    0.7292146E-03    0.2559140E-03    0.4738468E-05   -0.2274686E-01    0.4212501E-03    0.3683472E-02   -0.5761445E-01   -0.5163534E-01   -0.2114614E-01   -0.3223483E-03   -0.4373428E-02   -0.8974789E-03   -0.1132881E-02   -0.4658263E-02   -0.2988275E-02    0.4654039E-06   -0.3500413E-05
    0.3123983E-05   -0.2281259E-04    0.3853296E-05    0.7010008E-03    0.7292146E-03    0.1371305E-02    0.8760752E-04    0.1039390E-04   -0.3379201E-01    0.8325980E-03    0.6602195E-02   -0.1179987E+00   -0.5219264E-01    0.1371283E-02    0.2770558E-01   -0.1132403E-01   -0.8652929E-03   -0.1096559E-02   -0.4621393E-02    0.1163566E-03    0.3328803E-06   -0.4430855E-05
    0.5924753E-06   -0.8269100E-05    0.1064861E-05    0.5422165E-04    0.2559140E-03    0.8760752E-04    0.3105840E-04    0.5027517E-06   -0.6450577E-02    0.1520992E-03    0.1342660E-02   -0.2813311E-01   -0.9815880E-02    0.1522086E-02    0.5909715E-02   -0.2821149E-02    0.1891174E-03   -0.1016796E-03   -0.7097601E-03    0.4102598E-03   -0.1539016E-06   -0.6538999E-06
    0.2571757E-07   -0.1324044E-06    0.3052962E-07   -0.1170528E-05    0.4738468E-05    0.1039390E-04    0.5027517E-06    0.6444037E-05    0.4723381E-03    0.1311216E-04    0.3727902E-04    0.2837782E-02    0.6947532E-03    0.8521710E-03    0.1776934E-02   -0.1396713E-03    0.7133102E-05    0.3101852E-04    0.1031225E-04    0.8840997E-03   -0.1849777E-07   -0.4848424E-07
   -0.2091270E-03    0.5484167E-03   -0.9757690E-04   -0.1701303E-01   -0.2274686E-01   -0.3379201E-01   -0.6450577E-02    0.4723381E-03    0.4470405E+02   -0.5308607E+00   -0.1744792E+01    0.4317777E+02    0.7908721E+00   -0.2183449E+02   -0.6239734E+02    0.6156973E+00   -0.1243294E-01    0.2739224E+00   -0.2066508E+01   -0.1903576E+02   -0.3229332E-03    0.4405047E-02
    0.3658802E-05   -0.9092372E-05    0.1486079E-05    0.3837131E-03    0.4212501E-03    0.8325980E-03    0.1520992E-03    0.1311216E-04   -0.5308607E+00    0.8210389E-01   -0.6613150E-01   -0.6076976E+00    0.1008147E+01    0.1913942E+01    0.8395417E+00    0.6013759E-01   -0.1410067E-02   -0.2003307E-02    0.8822140E-01    0.9574557E-01    0.8306693E-05   -0.2362593E-04
    0.5062032E-04   -0.9381404E-04    0.6340417E-05    0.3366899E-02    0.3683472E-02    0.6602195E-02    0.1342660E-02    0.3727902E-04   -0.1744792E+01   -0.6613150E-01    0.3665564E+01   -0.2840910E+02   -0.3940706E+01    0.7575209E+01    0.6626902E+01   -0.2605617E+01   -0.1607665E+00    0.1388093E+00    0.2353938E+01    0.2121659E+01    0.1690855E-03   -0.3686129E-03
   -0.7754918E-03    0.1326428E-02   -0.1474783E-03   -0.6224059E-01   -0.5761445E-01   -0.1179987E+00   -0.2813311E-01    0.2837782E-02    0.4317777E+02   -0.6076976E+00   -0.2840910E+02    0.7621410E+03    0.7077843E+02   -0.5804231E+02   -0.6947614E+02    0.1233376E+02   -0.4022592E+01    0.2279954E+01   -0.1221483E+02   -0.1680734E+02    0.6226993E-02    0.3915100E-02
   -0.5038848E-03    0.1661297E-02   -0.2202655E-03   -0.2896621E-01   -0.5163534E-01   -0.5219264E-01   -0.9815880E-02    0.6947532E-03    0.7908721E+00    0.1008147E+01   -0.3940706E+01    0.7077843E+02    0.6412551E+02    0.4658542E+02    0.1973888E+02   -0.4425818E+01   -0.2337755E+00   -0.1249138E+01    0.3754944E+01    0.3645410E+01    0.1569659E-03    0.1502482E-03
   -0.1572357E-03    0.8196368E-03   -0.1327718E-03   -0.2260281E-02   -0.2114614E-01    0.1371283E-02    0.1522086E-02    0.8521710E-03   -0.2183449E+02    0.1913942E+01    0.7575209E+01   -0.5804231E+02    0.4658542E+02    0.1006405E+03    0.6933257E+02   -0.1188835E+02   -0.5244458E+00   -0.3806253E+00    0.4722995E+01    0.5270559E+01    0.7791481E-03   -0.2720103E-02
    0.1859797E-04    0.2134643E-03   -0.3977685E-04    0.9949587E-02   -0.3223483E-03    0.2770558E-01    0.5909715E-02    0.1776934E-02   -0.6239734E+02    0.8395417E+00    0.6626902E+01   -0.6947614E+02    0.1973888E+02    0.6933257E+02    0.1241533E+03   -0.1039344E+02   -0.3425251E+00   -0.5504644E+00   -0.3181263E+00    0.1559694E+02    0.7498103E-03   -0.7792854E-02
   -0.6741098E-04    0.1160455E-03   -0.9291039E-05   -0.5255691E-02   -0.4373428E-02   -0.1132403E-01   -0.2821149E-02   -0.1396713E-03    0.6156973E+00    0.6013759E-01   -0.2605617E+01    0.1233376E+02   -0.4425818E+01   -0.1188835E+02   -0.1039344E+02    0.5983254E+01    0.8479234E-01   -0.1974933E+00   -0.1995623E+01   -0.1710520E+01   -0.1149187E-03    0.2144497E-03
    0.2330071E-06    0.5384062E-04   -0.7426845E-05   -0.3607111E-03   -0.8974789E-03   -0.8652929E-03    0.1891174E-03    0.7133102E-05   -0.1243294E-01   -0.1410067E-02   -0.1607665E+00   -0.4022592E+01   -0.2337755E+00   -0.5244458E+00   -0.3425251E+00    0.8479234E-01    0.3478071E+01    0.4410970E+00    0.1564079E+00    0.2730718E+00    0.2893379E-03    0.3872875E-05
    0.2741205E-06    0.1956378E-04    0.8001766E-06   -0.3473768E-03   -0.1132881E-02   -0.1096559E-02   -0.1016796E-03    0.3101852E-04    0.2739224E+00   -0.2003307E-02    0.1388093E+00    0.2279954E+01   -0.1249138E+01   -0.3806253E+00   -0.5504644E+00   -0.1974933E+00    0.4410970E+00    0.3322390E+01    0.2536773E+01    0.1547794E+01   -0.2769081E-03   -0.2259493E-03
   -0.7413993E-05    0.1731159E-03    0.4388644E-05   -0.2350034E-02   -0.4658263E-02   -0.4621393E-02   -0.7097601E-03    0.1031225E-04   -0.2066508E+01    0.8822140E-01    0.2353938E+01   -0.1221483E+02    0.3754944E+01    0.4722995E+01   -0.3181263E+00   -0.1995623E+01    0.1564079E+00    0.2536773E+01    0.1717040E+02    0.2576452E+02   -0.1450844E-04    0.2521946E-02
    0.3607803E-04    0.1662729E-03    0.4354597E-04   -0.1164544E-02   -0.2988275E-02    0.1163566E-03    0.4102598E-03    0.8840997E-03   -0.1903576E+02    0.9574557E-01    0.2121659E+01   -0.1680734E+02    0.3645410E+01    0.5270559E+01    0.1559694E+02   -0.1710520E+01    0.2730718E+00    0.1547794E+01    0.2576452E+02    0.5517686E+02    0.1066837E-03    0.4590827E-02
    0.3214407E-08   -0.2417879E-07   -0.1402414E-08    0.8577874E-07    0.4654039E-06    0.3328803E-06   -0.1539016E-06   -0.1849777E-07   -0.3229332E-03    0.8306693E-05    0.1690855E-03    0.6226993E-02    0.1569659E-03    0.7791481E-03    0.7498103E-03   -0.1149187E-03    0.2893379E-03   -0.2769081E-03   -0.1450844E-04    0.1066837E-03    0.5947260E-06   -0.1486807E-07
   -0.1909061E-07    0.8131304E-07   -0.6675506E-08   -0.2227372E-05   -0.3500413E-05   -0.4430855E-05   -0.6538999E-06   -0.4848424E-07    0.4405047E-02   -0.2362593E-04   -0.3686129E-03    0.3915100E-02    0.1502482E-03   -0.2720103E-02   -0.7792854E-02    0.2144497E-03    0.3872875E-05   -0.2259493E-03    0.2521946E-02    0.4590827E-02   -0.1486807E-07    0.2107952E-05
