# omegabh2 omegach2 theta tau Alens logA ns calPlanck aps100 aps143 aps217 acib217 asz143 psr cibr xi aksz dust100 dust143 dust217 dust143x217 cal0 cal2 calTE calEE
  2.6906350E-08  -8.3842009E-08   1.5915994E-08   2.4885957E-07   3.9328907E-06   3.8469774E-07   3.0446489E-07   2.3524100E-09  -7.2434740E-04  -3.7308348E-04   9.8410236E-05  -1.5714393E-04   3.4822138E-05   1.6427365E-06  -2.2481991E-06  -8.8299742E-08  -5.9095830E-05   5.1027464E-07  -7.1025306E-07   6.8143106E-07  -5.8572717E-07   5.4268527E-09  -1.4517327E-08  -2.3150064E-07  -3.1575074E-07
 -8.3842009E-08   1.2012321E-06  -8.0552398E-08  -3.4500150E-06  -1.8927648E-05  -4.0717562E-06  -2.9652803E-06   3.7223916E-09   1.2725852E-03   1.0431342E-03  -3.3172232E-04   4.8590577E-04  -6.9602873E-05  -2.4855203E-06   7.1205944E-06  -4.5807483E-07   1.6227099E-04   2.3046729E-06   3.6779036E-06  -2.1441760E-06   2.3142199E-06  -3.6459969E-08   3.2290987E-08   5.0510730E-07  -1.5752664E-07
  1.5915994E-08  -8.0552398E-08   9.0619329E-08   1.6998708E-07   2.5608559E-06   2.2282098E-07   3.1101029E-07  -5.2598193E-09  -3.7981204E-05  -7.0037038E-05  -1.3900309E-04   5.5705908E-05   1.7312711E-05  -2.9545604E-07   1.0448845E-06  -1.1097858E-06  -1.9684805E-05  -9.3719969E-07  -7.8840251E-07  -7.5255241E-07  -3.7505190E-07   6.1710144E-09   2.5261894E-09  -1.3931546E-07  -3.6634001E-08
  2.4885957E-07  -3.4500150E-06   1.6998708E-07   6.8137078E-04  -1.3452635E-03   1.3518437E-03   3.0795357E-05   2.4237889E-06  -3.4668001E-02  -1.4783578E-02   2.2806350E-02  -1.5635912E-02   1.8149097E-03   1.2094791E-04  -1.8070099E-04   4.3256926E-05  -3.7614735E-03  -1.0240595E-04  -8.0546300E-05   1.3590065E-04  -9.3829718E-06  -7.2216394E-08  -1.3203837E-06  -7.4203105E-06  -7.2713586E-06
  3.9328907E-06  -1.8927648E-05   2.5608559E-06  -1.3452635E-03   6.3409095E-03  -2.7427822E-03   3.2707963E-05  -1.7901066E-05  -9.6462743E-02  -5.9021706E-02   9.0591199E-03  -2.3602873E-02   2.5493659E-03   3.4859591E-04  -6.2178463E-04   6.5853207E-04  -1.2071542E-02   4.6810166E-05  -2.8487760E-04  -2.3360788E-04  -3.9431153E-04   1.6563235E-06  -4.7199426E-06  -1.0380871E-04  -4.2766746E-05
  3.8469774E-07  -4.0717562E-06   2.2282098E-07   1.3518437E-03  -2.7427822E-03   2.7178203E-03   5.2836678E-05   1.7531542E-05  -5.9122333E-02  -2.5366292E-02   5.1137750E-02  -3.0541777E-02   3.3760864E-03   2.5197612E-04  -3.8348659E-04   1.4630518E-04  -8.0429775E-03  -1.9797718E-04  -2.2509806E-04   2.8445443E-04  -2.8293079E-05   3.3986348E-07  -2.5297938E-06  -1.3441515E-05  -1.2761153E-05
  3.0446489E-07  -2.9652803E-06   3.1101029E-07   3.0795357E-05   3.2707963E-05   5.2836678E-05   1.8135168E-05   3.6346639E-08  -2.6280881E-02  -9.2235567E-03   8.6756693E-03  -6.7917351E-03   5.7821222E-04   7.2634775E-05  -1.1675789E-04   6.5414038E-05  -2.2543126E-03   9.8554944E-06  -3.3614507E-05   3.1822145E-05  -2.5756990E-05  -3.0346655E-07  -3.7926478E-07  -2.9403949E-06  -3.8729670E-06
  2.3524100E-09   3.7223916E-09  -5.2598193E-09   2.4237889E-06  -1.7901066E-05   1.7531542E-05   3.6346639E-08   6.3168654E-06   4.0917432E-03   8.2059038E-04   6.9189604E-04   9.7323757E-04  -5.2970693E-05  -7.4726881E-06   1.1069403E-05   6.9765257E-06  -9.0534679E-06   1.1921009E-05   9.7097655E-06   3.3644365E-06   5.6877905E-07  -3.0943185E-08  -1.8924969E-08  -4.5193241E-08   1.1452966E-07
 -7.2434740E-04   1.2725852E-03  -3.7981204E-05  -3.4668001E-02  -9.6462743E-02  -5.9122333E-02  -2.6280881E-02   4.0917432E-03   6.3780386E+02   7.0976410E+01  -4.9592132E+01   2.9584889E+01  -2.6428273E+01  -9.5515304E-01  -2.3074147E-01  -1.5663960E-01   1.1822353E+01  -2.4479366E-01   3.0007252E-01  -2.4696782E-01  -1.4812570E-01   6.6940409E-03   2.8981838E-03   6.8368259E-03   1.1080793E-02
 -3.7308348E-04   1.0431342E-03  -7.0037038E-05  -1.4783578E-02  -5.9021706E-02  -2.5366292E-02  -9.2235567E-03   8.2059038E-04   7.0976410E+01   6.6947756E+01   6.7479021E+00   6.7900674E+00  -1.1143191E+00  -1.1832432E-01   4.7562074E-01   9.1424949E-01  -6.9310779E+00  -3.0682898E-02  -2.0383217E-01   6.1671228E-02   7.3539551E-02   8.9928209E-04   8.8974755E-04   5.1827895E-03   6.3084428E-03
  9.8410236E-05  -3.3172232E-04  -1.3900309E-04   2.2806350E-02   9.0591199E-03   5.1137750E-02   8.6756693E-03   6.9189604E-04  -4.9592132E+01   6.7479021E+00   1.6686778E+02  -7.7844585E+01   2.5309988E+00   2.9216779E-01  -9.6496527E-01   2.6680370E-01  -7.8632589E+00  -5.2323101E-03  -1.6598294E-01   5.2776399E-01  -8.3614769E-02   1.4963667E-03  -7.2449172E-03   1.4942404E-03   2.6836581E-03
 -1.5714393E-04   4.8590577E-04   5.5705908E-05  -1.5635912E-02  -2.3602873E-02  -3.0541777E-02  -6.7917351E-03   9.7323757E-04   2.9584889E+01   6.7900674E+00  -7.7844585E+01   4.8332786E+01   1.3583986E+00  -3.5280157E-02   6.8630116E-01  -2.0002563E-01  -1.4049710E+00  -8.7834907E-03   1.1653634E-01  -4.3774879E-01  -8.0980322E-02  -4.0513790E-04   2.7581180E-03   7.0889548E-04   3.7313925E-04
  3.4822138E-05  -6.9602873E-05   1.7312711E-05   1.8149097E-03   2.5493659E-03   3.3760864E-03   5.7821222E-04  -5.2970693E-05  -2.6428273E+01  -1.1143191E+00   2.5309988E+00   1.3583986E+00   4.3128355E+00   1.0372907E-01   1.6100215E-01  -3.7079585E-02  -3.3082088E+00  -3.1687845E-03  -1.1419539E-02   1.3773201E-02   5.6306808E-02   4.8420435E-04  -2.3188606E-04  -4.1720187E-04  -5.9511045E-04
  1.6427365E-06  -2.4855203E-06  -2.9545604E-07   1.2094791E-04   3.4859591E-04   2.5197612E-04   7.2634775E-05  -7.4726881E-06  -9.5515304E-01  -1.1832432E-01   2.9216779E-01  -3.5280157E-02   1.0372907E-01   1.7150451E-02  -1.6687889E-02   1.1625280E-02  -9.4072703E-02  -2.7949869E-04  -9.2214777E-04  -2.8654599E-03   4.3319682E-03   1.7066227E-05  -3.6932153E-05  -6.0106785E-06  -4.9463209E-06
 -2.2481991E-06   7.1205944E-06   1.0448845E-06  -1.8070099E-04  -6.2178463E-04  -3.8348659E-04  -1.1675789E-04   1.1069403E-05  -2.3074147E-01   4.7562074E-01  -9.6496527E-01   6.8630116E-01   1.6100215E-01  -1.6687889E-02   7.1213144E-02   6.3052460E-03  -1.4848803E-01   7.6429169E-04   5.4928947E-03  -1.8618883E-04  -1.7400432E-02   2.5598626E-07   9.6105519E-05  -2.0936590E-05  -3.5584767E-05
 -8.8299742E-08  -4.5807483E-07  -1.1097858E-06   4.3256926E-05   6.5853207E-04   1.4630518E-04   6.5414038E-05   6.9765257E-06  -1.5663960E-01   9.1424949E-01   2.6680370E-01  -2.0002563E-01  -3.7079585E-02   1.1625280E-02   6.3052460E-03   8.3789169E-02   1.5683395E-02   8.7193229E-05  -1.5630664E-04   8.2920928E-04  -6.2309607E-05   1.7582383E-05   2.1699363E-06   3.5874990E-06   4.8412541E-05
 -5.9095830E-05   1.6227099E-04  -1.9684805E-05  -3.7614735E-03  -1.2071542E-02  -8.0429775E-03  -2.2543126E-03  -9.0534679E-06   1.1822353E+01  -6.9310779E+00  -7.8632589E+00  -1.4049710E+00  -3.3082088E+00  -9.4072703E-02  -1.4848803E-01   1.5683395E-02   6.7449746E+00   4.4418482E-03   5.8076817E-03  -1.5035165E-02  -4.8857562E-02  -4.1276751E-04   1.0738608E-04   2.4984066E-04   4.4602222E-04
  5.1027464E-07   2.3046729E-06  -9.3719969E-07  -1.0240595E-04   4.6810166E-05  -1.9797718E-04   9.8554944E-06   1.1921009E-05  -2.4479366E-01  -3.0682898E-02  -5.2323101E-03  -8.7834907E-03  -3.1687845E-03  -2.7949869E-04   7.6429169E-04   8.7193229E-05   4.4418482E-03   3.8303876E-02   3.5158750E-03   2.2319534E-04   2.6099861E-04   3.0109002E-05  -7.1459242E-06  -9.4912284E-06  -4.6960179E-05
 -7.1025306E-07   3.6779036E-06  -7.8840251E-07  -8.0546300E-05  -2.8487760E-04  -2.2509806E-04  -3.3614507E-05   9.7097655E-06   3.0007252E-01  -2.0383217E-01  -1.6598294E-01   1.1653634E-01  -1.1419539E-02  -9.2214777E-04   5.4928947E-03  -1.5630664E-04   5.8076817E-03   3.5158750E-03   2.9960523E-02  -7.0907038E-04   5.3258567E-03  -7.8574819E-05  -5.3939541E-05  -6.2622821E-05  -5.9992875E-05
  6.8143106E-07  -2.1441760E-06  -7.5255241E-07   1.3590065E-04  -2.3360788E-04   2.8445443E-04   3.1822145E-05   3.3644365E-06  -2.4696782E-01   6.1671228E-02   5.2776399E-01  -4.3774879E-01   1.3773201E-02  -2.8654599E-03  -1.8618883E-04   8.2920928E-04  -1.5035165E-02   2.2319534E-04  -7.0907038E-04   1.0949682E-02   8.7234576E-03   4.2220148E-06   6.7601724E-05   5.5941227E-06  -4.0858848E-06
 -5.8572717E-07   2.3142199E-06  -3.7505190E-07  -9.3829718E-06  -3.9431153E-04  -2.8293079E-05  -2.5756990E-05   5.6877905E-07  -1.4812570E-01   7.3539551E-02  -8.3614769E-02  -8.0980322E-02   5.6306808E-02   4.3319682E-03  -1.7400432E-02  -6.2309607E-05  -4.8857562E-02   2.6099861E-04   5.3258567E-03   8.7234576E-03   2.6558395E-02  -3.6185449E-06   6.0891753E-05   6.0455037E-06   2.3776489E-06
  5.4268527E-09  -3.6459969E-08   6.1710144E-09  -7.2216394E-08   1.6563235E-06   3.3986348E-07  -3.0346655E-07  -3.0943185E-08   6.6940409E-03   8.9928209E-04   1.4963667E-03  -4.0513790E-04   4.8420435E-04   1.7066227E-05   2.5598626E-07   1.7582383E-05  -4.1276751E-04   3.0109002E-05  -7.8574819E-05   4.2220148E-06  -3.6185449E-06   1.1021917E-06   8.9089768E-08   3.2880440E-07   4.7102984E-07
 -1.4517327E-08   3.2290987E-08   2.5261894E-09  -1.3203837E-06  -4.7199426E-06  -2.5297938E-06  -3.7926478E-07  -1.8924969E-08   2.8981838E-03   8.8974755E-04  -7.2449172E-03   2.7581180E-03  -2.3188606E-04  -3.6932153E-05   9.6105519E-05   2.1699363E-06   1.0738608E-04  -7.1459242E-06  -5.3939541E-05   6.7601724E-05   6.0891753E-05   8.9089768E-08   2.5445611E-06   5.7986534E-07   3.0978233E-07
 -2.3150064E-07   5.0510730E-07  -1.3931546E-07  -7.4203105E-06  -1.0380871E-04  -1.3441515E-05  -2.9403949E-06  -4.5193241E-08   6.8368259E-03   5.1827895E-03   1.4942404E-03   7.0889548E-04  -4.1720187E-04  -6.0106785E-06  -2.0936590E-05   3.5874990E-06   2.4984066E-04  -9.4912284E-06  -6.2622821E-05   5.5941227E-06   6.0455037E-06   3.2880440E-07   5.7986534E-07   2.8587676E-05   1.0269335E-05
 -3.1575074E-07  -1.5752664E-07  -3.6634001E-08  -7.2713586E-06  -4.2766746E-05  -1.2761153E-05  -3.8729670E-06   1.1452966E-07   1.1080793E-02   6.3084428E-03   2.6836581E-03   3.7313925E-04  -5.9511045E-04  -4.9463209E-06  -3.5584767E-05   4.8412541E-05   4.4602222E-04  -4.6960179E-05  -5.9992875E-05  -4.0858848E-06   2.3776489E-06   4.7102984E-07   3.0978233E-07   1.0269335E-05   2.3959438E-05
