# omegabh2 omegach2 theta tau mnu logA ns calPlanck aps100 aps143 aps217 acib217 asz143 psr cibr xi aksz dust100 dust143 dust217 dust143x217 cal0 cal2 calTE calEE
  2.1505291E-08  -5.0136148E-08   1.0740930E-08   1.8868378E-07   4.3460758E-07   3.5610908E-07   1.7143148E-07   1.7112358E-08  -4.0069907E-04  -2.2367698E-04   9.5785987E-05  -1.2202955E-04   2.3151477E-05   9.3344209E-07  -1.8878858E-06   9.3070391E-07  -3.1377610E-05   4.9974034E-07  -6.9203377E-07   7.2924254E-07   6.9709954E-08   3.9987557E-09  -8.2380718E-09  -1.0435702E-07  -2.5496584E-07
 -5.0136148E-08   1.0987020E-06  -5.6204068E-08  -1.4454710E-06  -1.5374751E-05  -3.0308172E-07  -2.3914443E-06  -5.8824092E-08   7.3670322E-05   3.1134000E-04  -1.0577494E-04   1.9831802E-04  -2.6736754E-05   2.5171513E-06   1.0882051E-06   4.2698043E-06  -5.2316563E-06   1.3220338E-06   2.1244748E-06  -2.6015537E-06   2.5592150E-07  -2.6299748E-08   4.4047077E-09  -3.4184916E-07  -5.7180288E-07
  1.0740930E-08  -5.6204068E-08   8.8565234E-08   1.4400937E-07   6.3875129E-07   2.7715478E-07   2.1152795E-07   1.6957904E-08   8.3422987E-05  -5.3792200E-05  -9.9789602E-05   2.8907666E-05  -1.2247494E-05   2.1347221E-07  -1.6168190E-06   4.2713332E-07   3.7425517E-05  -9.0468990E-07  -5.2181327E-07  -4.4656802E-07   9.7243692E-08   5.0337733E-09   3.5625253E-09  -3.2944414E-08   4.5063917E-08
  1.8868378E-07  -1.4454710E-06   1.4400937E-07   6.2430673E-05   3.3277821E-05   1.2101875E-04   6.4455284E-06  -4.0365019E-08  -9.4218282E-03  -3.8630393E-03   1.8632256E-03  -1.6872686E-03   5.0137028E-04   4.1572665E-05  -3.7145852E-05   4.8440159E-05  -1.2130204E-03  -1.5927446E-05  -1.8555970E-05   1.4153466E-06  -2.1372497E-05  -6.6027826E-08  -1.1700459E-07  -4.2127497E-06  -3.3625843E-06
  4.3460758E-07  -1.5374751E-05   6.3875129E-07   3.3277821E-05   2.2149312E-03   2.7483306E-05   3.3451713E-05   2.0221455E-06   2.7209812E-02   1.0659156E-02  -7.5368346E-03   4.6061708E-03  -1.3983358E-04  -4.5994905E-05   1.6577038E-04  -3.8187470E-06   1.3869704E-03  -2.6654935E-04  -9.0517418E-06   1.8657770E-05   3.9136766E-05  -4.3571486E-07   5.5141865E-07   1.6164984E-05   1.0670633E-05
  3.5610908E-07  -3.0308172E-07   2.7715478E-07   1.2101875E-04   2.7483306E-05   2.6956359E-04   5.9466154E-06   1.2273480E-05  -1.3603133E-02  -5.3080374E-03   1.1685302E-02  -4.3365538E-03   9.4994201E-04   1.1620098E-04  -1.0829727E-04   1.8745598E-04  -3.5445521E-03  -5.9289549E-05  -1.1995114E-04   2.1358731E-05  -6.3544784E-05   5.1577624E-07  -2.1540432E-07  -9.3806478E-06  -6.2826420E-06
  1.7143148E-07  -2.3914443E-06   2.1152795E-07   6.4455284E-06   3.3451713E-05   5.9466154E-06   1.4958761E-05   3.3385643E-07  -2.1032452E-02  -6.5757195E-03   8.0552517E-03  -5.5309202E-03   5.8211758E-04   5.8765534E-05  -1.0661161E-04   4.9160613E-05  -1.7028541E-03   1.1265094E-05  -3.6066198E-05   2.3306291E-05  -2.0207183E-05  -2.5430161E-07  -3.6187508E-07  -1.7790020E-10  -2.2864274E-06
  1.7112358E-08  -5.8824092E-08   1.6957904E-08  -4.0365019E-08   2.0221455E-06   1.2273480E-05   3.3385643E-07   6.1821320E-06   3.0850114E-03   5.2734720E-04   1.1473746E-03   6.2576586E-04  -3.7319660E-05  -2.6192439E-06   1.1351551E-05   1.7728544E-05  -5.5373005E-05  -6.0709722E-06   9.0686449E-06   4.8780145E-06  -4.8646137E-06   2.2147745E-09  -5.9851967E-09  -2.6098069E-07  -2.2258195E-07
 -4.0069907E-04   7.3670322E-05   8.3422987E-05  -9.4218282E-03   2.7209812E-02  -1.3603133E-02  -2.1032452E-02   3.0850114E-03   6.1320603E+02   5.5493443E+01  -5.2852539E+01   2.7695100E+01  -2.5726862E+01  -8.5332481E-01  -2.5253581E-01  -2.6715285E-01   1.1569631E+01  -1.8509685E-01   2.8426145E-01  -2.0483994E-01  -1.5632823E-01   6.6955716E-03   3.1099623E-03   2.7809942E-04   9.6574260E-03
 -2.2367698E-04   3.1134000E-04  -5.3792200E-05  -3.8630393E-03   1.0659156E-02  -5.3080374E-03  -6.5757195E-03   5.2734720E-04   5.5493443E+01   6.5447470E+01   9.2663150E+00   5.7399601E+00  -4.4336355E-01  -9.8630426E-03   3.9655730E-01   8.7317848E-01  -8.2631821E+00  -5.3736266E-02  -2.2807452E-01   5.8340056E-02   9.6405823E-02   8.2620590E-04   6.0618749E-04   2.4189871E-03   5.2657257E-03
  9.5785987E-05  -1.0577494E-04  -9.9789602E-05   1.8632256E-03  -7.5368346E-03   1.1685302E-02   8.0552517E-03   1.1473746E-03  -5.2852539E+01   9.2663150E+00   1.7521681E+02  -8.2593876E+01   2.7653277E+00   3.4615424E-01  -1.0427153E+00   3.5704707E-01  -7.6997339E+00   1.2847520E-02  -2.7124977E-01   5.7130882E-01   5.4849943E-03   1.9970817E-03  -7.3642586E-03   3.9035863E-03   2.6622190E-03
 -1.2202955E-04   1.9831802E-04   2.8907666E-05  -1.6872686E-03   4.6061708E-03  -4.3365538E-03  -5.5309202E-03   6.2576586E-04   2.7695100E+01   5.7399601E+00  -8.2593876E+01   5.1180105E+01   1.6215097E+00  -4.7843834E-02   7.2512547E-01  -2.5255025E-01  -2.4683054E+00  -1.3133242E-02   1.6328151E-01  -4.5167652E-01  -1.1722938E-01  -7.0993030E-04   2.9730922E-03  -1.2363764E-03   3.5131075E-04
  2.3151477E-05  -2.6736754E-05  -1.2247494E-05   5.0137028E-04  -1.3983358E-04   9.4994201E-04   5.8211758E-04  -3.7319660E-05  -2.5726862E+01  -4.4336355E-01   2.7653277E+00   1.6215097E+00   4.3573455E+00   1.0421673E-01   1.5943862E-01  -3.3934597E-02  -3.5874282E+00  -7.7725155E-03  -7.8459335E-03   1.1210524E-02   5.2135109E-02   4.5284162E-04  -1.7765765E-04  -1.1868274E-04  -4.2537664E-04
  9.3344209E-07   2.5171513E-06   2.1347221E-07   4.1572665E-05  -4.5994905E-05   1.1620098E-04   5.8765534E-05  -2.6192439E-06  -8.5332481E-01  -9.8630426E-03   3.4615424E-01  -4.7843834E-02   1.0421673E-01   1.6604863E-02  -1.6824963E-02   1.2317275E-02  -1.0805328E-01  -6.3435678E-05  -1.3537560E-03  -2.4404667E-03   5.5716270E-03   1.7592201E-05  -3.4016069E-05   7.7242903E-06   2.2749282E-06
 -1.8878858E-06   1.0882051E-06  -1.6168190E-06  -3.7145852E-05   1.6577038E-04  -1.0829727E-04  -1.0661161E-04   1.1351551E-05  -2.5253581E-01   3.9655730E-01  -1.0427153E+00   7.2512547E-01   1.5943862E-01  -1.6824963E-02   6.8886136E-02   2.9020836E-03  -1.5586484E-01  -5.8989954E-04   7.0480726E-03  -4.4408459E-04  -1.8278275E-02  -9.5538081E-06   9.3685409E-05  -2.9847934E-05  -6.3743971E-06
  9.3070391E-07   4.2698043E-06   4.2713332E-07   4.8440159E-05  -3.8187470E-06   1.8745598E-04   4.9160613E-05   1.7728544E-05  -2.6715285E-01   8.7317848E-01   3.5704707E-01  -2.5255025E-01  -3.3934597E-02   1.2317275E-02   2.9020836E-03   8.2866594E-02   3.2152486E-02  -3.6235613E-05   4.6756119E-04   9.1679805E-04   1.4884236E-03   1.4801729E-05  -7.3449754E-06   1.4651717E-05   2.9795339E-05
 -3.1377610E-05  -5.2316563E-06   3.7425517E-05  -1.2130204E-03   1.3869704E-03  -3.5445521E-03  -1.7028541E-03  -5.5373005E-05   1.1569631E+01  -8.2631821E+00  -7.6997339E+00  -2.4683054E+00  -3.5874282E+00  -1.0805328E-01  -1.5586484E-01   3.2152486E-02   7.3916460E+00   7.9507155E-03   6.1984284E-03  -6.9026215E-03  -4.8252211E-02  -4.0966648E-04   4.7817412E-05  -1.7090576E-04  -1.5398811E-04
  4.9974034E-07   1.3220338E-06  -9.0468990E-07  -1.5927446E-05  -2.6654935E-04  -5.9289549E-05   1.1265094E-05  -6.0709722E-06  -1.8509685E-01  -5.3736266E-02   1.2847520E-02  -1.3133242E-02  -7.7725155E-03  -6.3435678E-05  -5.8989954E-04  -3.6235613E-05   7.9507155E-03   3.7224354E-02   2.9977171E-03  -1.1030869E-04   3.0201200E-04   3.3004861E-05  -5.6733133E-06  -1.1026411E-05  -1.2913136E-05
 -6.9203377E-07   2.1244748E-06  -5.2181327E-07  -1.8555970E-05  -9.0517418E-06  -1.1995114E-04  -3.6066198E-05   9.0686449E-06   2.8426145E-01  -2.2807452E-01  -2.7124977E-01   1.6328151E-01  -7.8459335E-03  -1.3537560E-03   7.0480726E-03   4.6756119E-04   6.1984284E-03   2.9977171E-03   3.2310856E-02  -5.4129269E-04   5.7587936E-03  -8.4752163E-05  -4.0085946E-05  -7.9044374E-05  -6.9836725E-05
  7.2924254E-07  -2.6015537E-06  -4.4656802E-07   1.4153466E-06   1.8657770E-05   2.1358731E-05   2.3306291E-05   4.8780145E-06  -2.0483994E-01   5.8340056E-02   5.7130882E-01  -4.5167652E-01   1.1210524E-02  -2.4404667E-03  -4.4408459E-04   9.1679805E-04  -6.9026215E-03  -1.1030869E-04  -5.4129269E-04   1.0607851E-02   8.4263913E-03   5.3798390E-06   6.0431885E-05   1.3174383E-05  -2.1074167E-06
  6.9709954E-08   2.5592150E-07   9.7243692E-08  -2.1372497E-05   3.9136766E-05  -6.3544784E-05  -2.0207183E-05  -4.8646137E-06  -1.5632823E-01   9.6405823E-02   5.4849943E-03  -1.1722938E-01   5.2135109E-02   5.5716270E-03  -1.8278275E-02   1.4884236E-03  -4.8252211E-02   3.0201200E-04   5.7587936E-03   8.4263913E-03   2.6546931E-02  -3.8704513E-06   5.4554781E-05  -7.8268860E-06  -8.2991987E-06
  3.9987557E-09  -2.6299748E-08   5.0337733E-09  -6.6027826E-08  -4.3571486E-07   5.1577624E-07  -2.5430161E-07   2.2147745E-09   6.6955716E-03   8.2620590E-04   1.9970817E-03  -7.0993030E-04   4.5284162E-04   1.7592201E-05  -9.5538081E-06   1.4801729E-05  -4.0966648E-04   3.3004861E-05  -8.4752163E-05   5.3798390E-06  -3.8704513E-06   1.1166324E-06   3.3329775E-08   2.5607681E-07   6.6770514E-07
 -8.2380718E-09   4.4047077E-09   3.5625253E-09  -1.1700459E-07   5.5141865E-07  -2.1540432E-07  -3.6187508E-07  -5.9851967E-09   3.1099623E-03   6.0618749E-04  -7.3642586E-03   2.9730922E-03  -1.7765765E-04  -3.4016069E-05   9.3685409E-05  -7.3449754E-06   4.7817412E-05  -5.6733133E-06  -4.0085946E-05   6.0431885E-05   5.4554781E-05   3.3329775E-08   2.3623499E-06   2.7227137E-07   2.5524970E-07
 -1.0435702E-07  -3.4184916E-07  -3.2944414E-08  -4.2127497E-06   1.6164984E-05  -9.3806478E-06  -1.7790020E-10  -2.6098069E-07   2.7809942E-04   2.4189871E-03   3.9035863E-03  -1.2363764E-03  -1.1868274E-04   7.7242903E-06  -2.9847934E-05   1.4651717E-05  -1.7090576E-04  -1.1026411E-05  -7.9044374E-05   1.3174383E-05  -7.8268860E-06   2.5607681E-07   2.7227137E-07   2.4092925E-05   8.5448166E-06
 -2.5496584E-07  -5.7180288E-07   4.5063917E-08  -3.3625843E-06   1.0670633E-05  -6.2826420E-06  -2.2864274E-06  -2.2258195E-07   9.6574260E-03   5.2657257E-03   2.6622190E-03   3.5131075E-04  -4.2537664E-04   2.2749282E-06  -6.3743971E-06   2.9795339E-05  -1.5398811E-04  -1.2913136E-05  -6.9836725E-05  -2.1074167E-06  -8.2991987E-06   6.6770514E-07   2.5524970E-07   8.5448166E-06   2.3863907E-05
