# omegabh2 omegach2 theta tau logA ns calPlanck acib217 xi asz143 aps100 aps143 aps143217 aps217 aksz kgal100 kgal143 kgal143217 kgal217 cal0 cal2
    0.5237050E-07   -0.2482455E-06    0.4821235E-07    0.1803673E-05    0.3199199E-05    0.7819764E-06    0.3944044E-07   -0.2294052E-03    0.3940424E-05    0.7131809E-04   -0.1058294E-02   -0.5852144E-03   -0.1358482E-03    0.5187826E-04   -0.8996255E-04    0.8065158E-05    0.1480239E-05   -0.6898250E-05    0.2978899E-04    0.3201018E-08   -0.2584984E-07
   -0.2482455E-06    0.3654780E-05   -0.3512930E-06   -0.2246853E-04   -0.3711045E-04   -0.9139238E-05   -0.3854979E-06    0.1106252E-02   -0.2433562E-04   -0.2652980E-03    0.4578635E-02    0.2726257E-02    0.7623499E-03   -0.3455032E-03    0.3705286E-03   -0.2559261E-04    0.2516737E-04    0.2754179E-03    0.2860616E-03   -0.5769562E-07    0.1802759E-06
    0.4821235E-07   -0.3512930E-06    0.2050539E-06    0.3305200E-05    0.6079570E-05    0.1192784E-05    0.6106850E-07   -0.1671139E-03    0.2554691E-05    0.5327043E-04   -0.8035899E-03   -0.4003309E-03   -0.1030074E-03    0.3861382E-04   -0.5231275E-04    0.1104996E-04   -0.4356592E-05   -0.2891106E-05    0.2716543E-04    0.5463647E-08   -0.2722684E-07
    0.1803673E-05   -0.2246853E-04    0.3305200E-05    0.2585571E-03    0.4557052E-03    0.6632359E-04   -0.3072291E-05   -0.1064454E-01    0.2259223E-03    0.2752637E-02   -0.5143310E-01   -0.2425298E-01   -0.4899034E-02    0.2425695E-02   -0.3733435E-02    0.5437860E-03    0.4287294E-04   -0.2201434E-02   -0.2763910E-02    0.1944219E-06   -0.1496834E-05
    0.3199199E-05   -0.3711045E-04    0.6079570E-05    0.4557052E-03    0.8337902E-03    0.1111543E-03    0.5358658E-05   -0.1922624E-01    0.4435490E-03    0.4999003E-02   -0.9043131E-01   -0.4100204E-01   -0.5133788E-02    0.1028553E-01   -0.7387099E-02    0.7066365E-03   -0.6882016E-03   -0.4250190E-02   -0.2838603E-02    0.4444383E-06   -0.2606638E-05
    0.7819764E-06   -0.9139238E-05    0.1192784E-05    0.6632359E-04    0.1111543E-03    0.3441738E-04    0.9537353E-06   -0.7587614E-02    0.1749568E-03    0.1997048E-02   -0.3942485E-01   -0.1291380E-01    0.1632753E-02    0.6901973E-02   -0.3509628E-02    0.4538743E-03   -0.1057603E-03   -0.8708680E-03    0.5614080E-04   -0.6305634E-07   -0.8855936E-06
    0.3944044E-07   -0.3854979E-06    0.6106850E-07   -0.3072291E-05    0.5358658E-05    0.9537353E-06    0.6159143E-05    0.5355021E-03    0.1160119E-05    0.4173185E-04    0.1551415E-02    0.2860277E-03    0.3717460E-03    0.1469838E-02    0.1542272E-04   -0.2352414E-04   -0.1356342E-03   -0.7906761E-04    0.8972923E-03   -0.4004152E-07    0.9034773E-08
   -0.2294052E-03    0.1106252E-02   -0.1671139E-03   -0.1064454E-01   -0.1922624E-01   -0.7587614E-02    0.5355021E-03    0.4322103E+02   -0.4673963E+00   -0.1781331E+01    0.4258377E+02    0.1173709E+01   -0.2057489E+02   -0.6071295E+02    0.6488736E+00   -0.1629403E+00   -0.5481359E-01   -0.1855800E+01   -0.1806887E+02   -0.2374317E-03    0.4470082E-02
    0.3940424E-05   -0.2433562E-04    0.2554691E-05    0.2259223E-03    0.4435490E-03    0.1749568E-03    0.1160119E-05   -0.4673963E+00    0.8250048E-01   -0.7974249E-01   -0.3007038E+00    0.1019631E+01    0.1861134E+01    0.7101623E+00    0.7980439E-01    0.4619521E-02    0.8488440E-02    0.8800117E-01    0.6992968E-01    0.8914235E-05   -0.2068592E-04
    0.7131809E-04   -0.2652980E-03    0.5327043E-04    0.2752637E-02    0.4999003E-02    0.1997048E-02    0.4173185E-04   -0.1781331E+01   -0.7974249E-01    0.3786252E+01   -0.3017436E+02   -0.4344459E+01    0.7504514E+01    0.6881395E+01   -0.2825677E+01   -0.1427762E+00    0.1218975E+00    0.2357820E+01    0.2124303E+01    0.1408439E-03   -0.4168138E-03
   -0.1058294E-02    0.4578635E-02   -0.8035899E-03   -0.5143310E-01   -0.9043131E-01   -0.3942485E-01    0.1551415E-02    0.4258377E+02   -0.3007038E+00   -0.3017436E+02    0.7733935E+03    0.7652439E+02   -0.5399475E+02   -0.6848899E+02    0.1441731E+02   -0.4004101E+01    0.2744092E+01   -0.1161786E+02   -0.1717076E+02    0.6400404E-02    0.4923436E-02
   -0.5852144E-03    0.2726257E-02   -0.4003309E-03   -0.2425298E-01   -0.4100204E-01   -0.1291380E-01    0.2860277E-03    0.1173709E+01    0.1019631E+01   -0.4344459E+01    0.7652439E+02    0.6512553E+02    0.4618949E+02    0.1832636E+02   -0.4121027E+01   -0.2283989E+00   -0.1098081E+01    0.3911567E+01    0.3728612E+01    0.1423106E-03    0.2213035E-03
   -0.1358482E-03    0.7623499E-03   -0.1030074E-03   -0.4899034E-02   -0.5133788E-02    0.1632753E-02    0.3717460E-03   -0.2057489E+02    0.1861134E+01    0.7504514E+01   -0.5399475E+02    0.4618949E+02    0.9932869E+02    0.6712305E+02   -0.1207144E+02   -0.3314119E+00   -0.1094500E+00    0.4665579E+01    0.4827628E+01    0.7011697E-03   -0.2755201E-02
    0.5187826E-04   -0.3455032E-03    0.3861382E-04    0.2425695E-02    0.1028553E-01    0.6901973E-02    0.1469838E-02   -0.6071295E+02    0.7101623E+00    0.6881395E+01   -0.6848899E+02    0.1832636E+02    0.6712305E+02    0.1223034E+03   -0.1067116E+02   -0.9294333E-01   -0.7712866E-01   -0.4708460E+00    0.1475589E+02    0.6776196E-03   -0.7902140E-02
   -0.8996255E-04    0.3705286E-03   -0.5231275E-04   -0.3733435E-02   -0.7387099E-02   -0.3509628E-02    0.1542272E-04    0.6488736E+00    0.7980439E-01   -0.2825677E+01    0.1441731E+02   -0.4121027E+01   -0.1207144E+02   -0.1067116E+02    0.6263339E+01    0.5713346E-01   -0.2074256E+00   -0.2131405E+01   -0.1813099E+01   -0.1138518E-03    0.2627906E-03
    0.8065158E-05   -0.2559261E-04    0.1104996E-04    0.5437860E-03    0.7066365E-03    0.4538743E-03   -0.2352414E-04   -0.1629403E+00    0.4619521E-02   -0.1427762E+00   -0.4004101E+01   -0.2283989E+00   -0.3314119E+00   -0.9294333E-01    0.5713346E-01    0.3527604E+01    0.4469081E+00    0.1486167E+00    0.2179724E+00    0.2691178E-03   -0.2149666E-04
    0.1480239E-05    0.2516737E-04   -0.4356592E-05    0.4287294E-04   -0.6882016E-03   -0.1057603E-03   -0.1356342E-03   -0.5481359E-01    0.8488440E-02    0.1218975E+00    0.2744092E+01   -0.1098081E+01   -0.1094500E+00   -0.7712866E-01   -0.2074256E+00    0.4469081E+00    0.3385172E+01    0.2651676E+01    0.1805326E+01   -0.2996942E-03   -0.2352386E-03
   -0.6898250E-05    0.2754179E-03   -0.2891106E-05   -0.2201434E-02   -0.4250190E-02   -0.8708680E-03   -0.7906761E-04   -0.1855800E+01    0.8800117E-01    0.2357820E+01   -0.1161786E+02    0.3911567E+01    0.4665579E+01   -0.4708460E+00   -0.2131405E+01    0.1486167E+00    0.2651676E+01    0.1711682E+02    0.2533003E+02   -0.5729063E-04    0.2394984E-02
    0.2978899E-04    0.2860616E-03    0.2716543E-04   -0.2763910E-02   -0.2838603E-02    0.5614080E-04    0.8972923E-03   -0.1806887E+02    0.6992968E-01    0.2124303E+01   -0.1717076E+02    0.3728612E+01    0.4827628E+01    0.1475589E+02   -0.1813099E+01    0.2179724E+00    0.1805326E+01    0.2533003E+02    0.5382253E+02   -0.2702924E-04    0.4395114E-02
    0.3201018E-08   -0.5769562E-07    0.5463647E-08    0.1944219E-06    0.4444383E-06   -0.6305634E-07   -0.4004152E-07   -0.2374317E-03    0.8914235E-05    0.1408439E-03    0.6400404E-02    0.1423106E-03    0.7011697E-03    0.6776196E-03   -0.1138518E-03    0.2691178E-03   -0.2996942E-03   -0.5729063E-04   -0.2702924E-04    0.6087851E-06    0.1226101E-08
   -0.2584984E-07    0.1802759E-06   -0.2722684E-07   -0.1496834E-05   -0.2606638E-05   -0.8855936E-06    0.9034773E-08    0.4470082E-02   -0.2068592E-04   -0.4168138E-03    0.4923436E-02    0.2213035E-03   -0.2755201E-02   -0.7902140E-02    0.2627906E-03   -0.2149666E-04   -0.2352386E-03    0.2394984E-02    0.4395114E-02    0.1226101E-08    0.2092093E-05
