# omegabh2 omegach2 theta tau nnu logA ns calPlanck acib217 xi asz143 aps100 aps143 aps143217 aps217 aksz kgal100 kgal143 kgal143217 kgal217 cal0 cal2
  5.0922177E-08   3.5703317E-07  -2.1611125E-08   2.1623970E-07   2.5348362E-05   1.4861210E-06   1.0406820E-06   1.5320561E-08  -3.0489158E-05  -1.3873072E-06   1.1565976E-05  -1.0065858E-04  -1.4397648E-04  -7.5779076E-05  -1.0111631E-05   5.6700538E-06   1.1588503E-05   6.7700563E-06  -7.0703122E-06   3.7932049E-06  -8.6020675E-10  -2.8458929E-09
  3.5703317E-07   1.2949865E-05  -1.2399967E-06  -3.0849399E-06   7.4615249E-04   2.5568934E-05   2.1315518E-05  -4.9071241E-07   3.5880269E-03  -7.2516500E-05  -8.5881128E-04   1.9225310E-02   1.0082111E-02   3.5911439E-03   2.1616750E-04   1.7657492E-03   9.2390174E-05   3.3995412E-04   2.9416836E-04  -7.5725526E-04  -8.6475590E-09   6.7764427E-08
 -2.1611125E-08  -1.2399967E-06   2.9542609E-07   3.5031580E-07  -7.6057907E-05  -2.1503837E-06  -2.1018640E-06   5.5565471E-08  -3.6243451E-04   7.9512686E-06   7.4047180E-05  -1.7335025E-03  -9.8583171E-04  -3.6422973E-04  -6.3642790E-05  -1.7832981E-04  -5.0864426E-06  -2.9690324E-05  -3.1441264E-05   1.1076017E-04   2.6223063E-09  -3.1418192E-09
  2.1623970E-07  -3.0849399E-06   3.5031580E-07   4.6877313E-05  -4.1691464E-05   8.4045420E-05   7.0718409E-06  -8.3621109E-07  -1.8595881E-03   1.7557289E-05   1.5731008E-04  -6.9686805E-03  -4.7535211E-03  -2.1136508E-03  -4.6879512E-04  -6.2504764E-04   2.0352701E-04  -1.0688610E-04  -4.9750412E-04   6.3780835E-05  -1.8028485E-07  -5.8329467E-08
  2.5348362E-05   7.4615249E-04  -7.6057907E-05  -4.1691464E-05   4.7103155E-02   1.7806506E-03   1.5007285E-03  -1.7656410E-05   2.1424698E-01  -4.2528999E-03  -5.2549844E-02   1.1432357E+00   6.0323167E-01   2.1834985E-01   2.4769376E-02   1.0845906E-01   5.2120957E-03   2.1052017E-02   1.4918671E-02  -5.1652688E-02  -4.1457504E-07   3.4154270E-06
  1.4861210E-06   2.5568934E-05  -2.1503837E-06   8.4045420E-05   1.7806506E-03   2.5452741E-04   6.7367102E-05   9.2006654E-06   4.8559932E-03  -9.3953767E-05  -1.5625456E-03   3.3335296E-02   1.5178483E-02   6.9372393E-03   5.0206601E-03   2.5006034E-03   2.2419274E-04   1.2369732E-04  -6.4300358E-04  -3.4564745E-04  -2.6059710E-07   8.5512939E-09
  1.0406820E-06   2.1315518E-05  -2.1018640E-06   7.0718409E-06   1.5007285E-03   6.7367102E-05   6.3957167E-05   6.1188348E-08   2.1493224E-03  -5.4593702E-05  -5.5093820E-04   1.1322260E-02   1.2144278E-02   8.9132552E-03   6.6218378E-03   6.8966571E-04   5.7649130E-04   3.7969996E-04   6.8748733E-05  -3.5885953E-04  -1.2260043E-07  -1.2584489E-08
  1.5320561E-08  -4.9071241E-07   5.5565471E-08  -8.3621109E-07  -1.7656410E-05   9.2006654E-06   6.1188348E-08   6.0332294E-06   4.8220254E-04   4.8678186E-06   1.5520643E-04   1.2606573E-03  -3.8847755E-04   2.3948085E-04   1.2480893E-03  -4.6407986E-06  -4.3717756E-05   1.6823237E-05   1.0055791E-04   8.8282082E-04  -1.9093773E-08  -2.0850583E-08
 -3.0489158E-05   3.5880269E-03  -3.6243451E-04  -1.8595881E-03   2.1424698E-01   4.8559932E-03   2.1493224E-03   4.8220254E-04   4.5768791E+01  -4.2361417E-01  -1.0326317E+00   4.2568578E+01   6.0396652E+00  -1.1133770E+01  -5.3806223E+01  -1.3755858E-01   2.1261891E-01   6.9242636E-01  -5.5633994E+00  -3.3388523E+01  -1.7650485E-04   7.5835772E-04
 -1.3873072E-06  -7.2516500E-05   7.9512686E-06   1.7557289E-05  -4.2528999E-03  -9.3953767E-05  -5.4593702E-05   4.8678186E-06  -4.2361417E-01   8.2520132E-02  -4.7650665E-02  -6.2951707E-01   8.4466782E-01   1.6035979E+00   6.5189893E-01   4.4981234E-02  -8.4054968E-03   9.8067169E-03   1.0070808E-01   1.4817558E-01   2.2352647E-06  -3.1365768E-06
  1.1565976E-05  -8.5881128E-04   7.4047180E-05   1.5731008E-04  -5.2549844E-02  -1.5625456E-03  -5.5093820E-04   1.5520643E-04  -1.0326317E+00  -4.7650665E-02   4.0164354E+00  -3.1812334E+01  -3.9843026E+00   7.7996136E+00   5.4928155E+00  -3.1131388E+00  -1.9628124E-01   1.6994726E-01   2.6799988E+00   3.4048170E+00   8.9020761E-05  -4.6990279E-05
 -1.0065858E-04   1.9225310E-02  -1.7335025E-03  -6.9686805E-03   1.1432357E+00   3.3335296E-02   1.1322260E-02   1.2606573E-03   4.2568578E+01  -6.2951707E-01  -3.1812334E+01   8.0428471E+02   8.8625523E+01  -4.7623317E+01  -5.9175198E+01   1.6393001E+01  -6.5353389E+00   5.7022720E+00  -1.1476527E+01  -2.4983463E+01   3.9834100E-03   1.0400313E-03
 -1.4397648E-04   1.0082111E-02  -9.8583171E-04  -4.7535211E-03   6.0323167E-01   1.5178483E-02   1.2144278E-02  -3.8847755E-04   6.0396652E+00   8.4466782E-01  -3.9843026E+00   8.8625523E+01   7.2157433E+01   4.4367713E+01   1.5734748E+01  -3.8894077E+00  -5.3191962E-01  -9.0466887E-01   4.0199953E+00   3.4566544E+00   1.2832909E-04   2.1331489E-04
 -7.5779076E-05   3.5911439E-03  -3.6422973E-04  -2.1136508E-03   2.1834985E-01   6.9372393E-03   8.9132552E-03   2.3948085E-04  -1.1133770E+01   1.6035979E+00   7.7996136E+00  -4.7623317E+01   4.4367713E+01   8.7450391E+01   5.4670881E+01  -1.2452463E+01  -9.4852772E-01  -4.4045166E-01   5.4673354E+00   8.2379652E+00   3.7985045E-04  -3.5129771E-04
 -1.0111631E-05   2.1616750E-04  -6.3642790E-05  -4.6879512E-04   2.4769376E-02   5.0206601E-03   6.6218378E-03   1.2480893E-03  -5.3806223E+01   6.5189893E-01   5.4928155E+00  -5.9175198E+01   1.5734748E+01   5.4670881E+01   1.0289878E+02  -9.4939454E+00  -7.6325618E-01  -1.1922895E+00   5.5816492E+00   3.2785086E+01   4.3245435E-04  -1.3492870E-03
  5.6700538E-06   1.7657492E-03  -1.7832981E-04  -6.2504764E-04   1.0845906E-01   2.5006034E-03   6.8966571E-04  -4.6407986E-06  -1.3755858E-01   4.4981234E-02  -3.1131388E+00   1.6393001E+01  -3.8894077E+00  -1.2452463E+01  -9.4939454E+00   6.9120335E+00   6.8387181E-02  -2.6280818E-01  -2.2686946E+00  -2.4354856E+00  -6.9938924E-05   1.4030946E-05
  1.1588503E-05   9.2390174E-05  -5.0864426E-06   2.0352701E-04   5.2120957E-03   2.2419274E-04   5.7649130E-04  -4.3717756E-05   2.1261891E-01  -8.4054968E-03  -1.9628124E-01  -6.5353389E+00  -5.3191962E-01  -9.4852772E-01  -7.6325618E-01   6.8387181E-02   3.3586148E+00   6.3926926E-01   2.4631772E-01   1.4699820E-01   1.5430167E-04  -9.0270140E-07
  6.7700563E-06   3.3995412E-04  -2.9690324E-05  -1.0688610E-04   2.1052017E-02   1.2369732E-04   3.7969996E-04   1.6823237E-05   6.9242636E-01   9.8067169E-03   1.6994726E-01   5.7022720E+00  -9.0466887E-01  -4.4045166E-01  -1.1922895E+00  -2.6280818E-01   6.3926926E-01   3.2122625E+00   2.8102601E+00   2.7499310E+00  -1.8899845E-04  -4.7691931E-05
 -7.0703122E-06   2.9416836E-04  -3.1441264E-05  -4.9750412E-04   1.4918671E-02  -6.4300358E-04   6.8748733E-05   1.0055791E-04  -5.5633994E+00   1.0070808E-01   2.6799988E+00  -1.1476527E+01   4.0199953E+00   5.4673354E+00   5.5816492E+00  -2.2686946E+00   2.4631772E-01   2.8102601E+00   1.0880237E+01   1.9249054E+01  -3.5886932E-05   3.6704307E-04
  3.7932049E-06  -7.5725526E-04   1.1076017E-04   6.3780835E-05  -5.1652688E-02  -3.4564745E-04  -3.5885953E-04   8.8282082E-04  -3.3388523E+01   1.4817558E-01   3.4048170E+00  -2.4983463E+01   3.4566544E+00   8.2379652E+00   3.2785086E+01  -2.4354856E+00   1.4699820E-01   2.7499310E+00   1.9249054E+01   5.3478204E+01   6.5013589E-05   8.3751023E-04
 -8.6020675E-10  -8.6475590E-09   2.6223063E-09  -1.8028485E-07  -4.1457504E-07  -2.6059710E-07  -1.2260043E-07  -1.9093773E-08  -1.7650485E-04   2.2352647E-06   8.9020761E-05   3.9834100E-03   1.2832909E-04   3.7985045E-04   4.3245435E-04  -6.9938924E-05   1.5430167E-04  -1.8899845E-04  -3.5886932E-05   6.5013589E-05   3.7825303E-07   1.0246757E-08
 -2.8458929E-09   6.7764427E-08  -3.1418192E-09  -5.8329467E-08   3.4154270E-06   8.5512939E-09  -1.2584489E-08  -2.0850583E-08   7.5835772E-04  -3.1365768E-06  -4.6990279E-05   1.0400313E-03   2.1331489E-04  -3.5129771E-04  -1.3492870E-03   1.4030946E-05  -9.0270140E-07  -4.7691931E-05   3.6704307E-04   8.3751023E-04   1.0246757E-08   3.7834766E-07
