# omegabh2 omegach2 theta tau logA ns nrun r calPlanck acib217 xi asz143 aps100 aps143 aps143217 aps217 aksz kgal100 kgal143 kgal143217 kgal217 cal0 cal2
  4.8969723E-08  -4.8019141E-08   2.4124250E-08   4.6149730E-07   1.1522045E-06   1.4693622E-07  -8.8974130E-07   1.8584075E-06   2.0115553E-08  -6.1793870E-06   5.5138061E-08   1.2687044E-05  -2.2401533E-04  -2.1883048E-04  -1.6659024E-04  -1.5780489E-04   3.0942641E-06   5.5913410E-06   1.1047328E-07   5.9231337E-07  -6.4255563E-06  -1.9199561E-09  -9.8807887E-11
 -4.8019141E-08   1.1917162E-06  -3.3307481E-08  -2.3790622E-06  -2.4653454E-06  -2.5506608E-06  -1.9344459E-07  -3.8930514E-06  -2.6571585E-07   1.3943443E-04  -8.5955440E-06  -1.0994269E-05   1.0462186E-03   5.1773049E-04   1.4192567E-04  -1.3797378E-05   5.3523592E-05   1.5030243E-05   4.8658281E-05   9.7080263E-05   8.2909378E-05  -1.0583226E-08   1.3710013E-08
  2.4124250E-08  -3.3307481E-08   1.6694081E-07   2.6824475E-07   7.3403632E-07   3.0058554E-07  -1.6105995E-07  -1.8392861E-07   1.8662194E-08   1.5767430E-05   1.5979832E-06   1.5919856E-05  -2.6348677E-04  -3.0889504E-05   2.0741699E-05  -5.4254261E-05   2.7317505E-06  -8.8334402E-06  -1.5901388E-05  -8.2744424E-06  -3.8220008E-05  -1.9306840E-11  -3.5456676E-09
  4.6149730E-07  -2.3790622E-06   2.6824475E-07   5.0490936E-05   9.4732843E-05   6.9171382E-06  -1.4827043E-05   3.5303911E-05  -1.3989494E-06   8.3887005E-04  -5.8761522E-06  -2.0420790E-05  -2.5011886E-03  -2.0837521E-03  -2.8775766E-03  -4.3880359E-03   5.5106069E-04   1.6163828E-04   1.6807652E-04   2.4035199E-04  -4.1949970E-04  -1.1428841E-07  -8.3099719E-08
  1.1522045E-06  -2.4653454E-06   7.3403632E-07   9.4732843E-05   2.1061025E-04   5.8276757E-06  -4.3680655E-05   8.7475641E-05   7.9703840E-06   2.8655021E-03  -2.9776489E-06  -4.2473087E-04   7.0355193E-03   1.5205538E-03  -2.4067915E-03  -4.1240001E-03   1.3138755E-03   1.6016633E-04   7.9589841E-05   5.7267548E-04   8.3111738E-04  -1.2270863E-07  -1.0920788E-07
  1.4693622E-07  -2.5506608E-06   3.0058554E-07   6.9171382E-06   5.8276757E-06   1.7759315E-05   7.6663264E-06   1.7582385E-05   8.4033149E-07  -5.7260574E-03   1.4978575E-04   1.5419021E-03  -3.2183304E-02  -9.5565743E-03   2.4538988E-03   6.2907560E-03  -3.1122239E-03   2.6744951E-04  -4.4447570E-04  -3.7640811E-04   1.5164021E-03  -7.7363601E-08  -1.5055986E-07
 -8.8974130E-07  -1.9344459E-07  -1.6105995E-07  -1.4827043E-05  -4.3680655E-05   7.6663264E-06   6.6631343E-05  -1.5754893E-04   5.6514147E-07  -8.0741166E-03   1.5511976E-04   2.0003082E-03  -3.3723082E-02  -1.4743881E-02   1.1032276E-03   7.6945004E-03  -4.4925297E-03  -6.0057617E-04  -7.7982454E-04  -1.0889367E-03   1.5606530E-03   2.1475303E-08  -1.1531763E-07
  1.8584075E-06  -3.8930514E-06  -1.8392861E-07   3.5303911E-05   8.7475641E-05   1.7582385E-05  -1.5754893E-04   2.3480747E-03   4.3351507E-07   5.9529235E-03  -2.9863971E-05  -1.3534430E-03   2.5970400E-02   2.3033125E-02   1.0484012E-02   2.5830008E-03   6.0667560E-03  -6.2013146E-04   9.7575872E-04   2.7775049E-03   3.7275766E-04  -1.0984012E-06  -1.5848207E-07
  2.0115553E-08  -2.6571585E-07   1.8662194E-08  -1.3989494E-06   7.9703840E-06   8.4033149E-07   5.6514147E-07   4.3351507E-07   5.7947148E-06   3.6464017E-04   1.4311847E-05   9.9809926E-05   2.5903240E-03   3.6337529E-04   8.8483454E-04   1.6152549E-03  -6.6182833E-05  -1.1612504E-06   5.3336520E-05   1.1669959E-04   9.8433611E-04  -1.2766177E-08   1.5475337E-09
 -6.1793870E-06   1.3943443E-04   1.5767430E-05   8.3887005E-04   2.8655021E-03  -5.7260574E-03  -8.0741166E-03   5.9529235E-03   3.6464017E-04   4.5975772E+01  -4.0431303E-01  -1.1053492E+00   4.2097240E+01   2.9702868E+00  -1.3711556E+01  -5.6632566E+01   7.1992860E-01   1.7171527E-01   7.4276289E-01  -6.0170048E+00  -3.4072254E+01  -2.0652582E-04   7.6204231E-04
  5.5138061E-08  -8.5955440E-06   1.5979832E-06  -5.8761522E-06  -2.9776489E-06   1.4978575E-04   1.5511976E-04  -2.9863971E-05   1.4311847E-05  -4.0431303E-01   8.0868787E-02  -2.6134975E-02  -6.5407270E-01   8.1843711E-01   1.6367746E+00   6.4477998E-01   1.9462030E-02  -1.4910278E-02   3.4756315E-04   1.0333543E-01   1.4712967E-01   2.6355480E-06  -4.4220543E-06
  1.2687044E-05  -1.0994269E-05   1.5919856E-05  -2.0420790E-05  -4.2473087E-04   1.5419021E-03   2.0003082E-03  -1.3534430E-03   9.9809926E-05  -1.1053492E+00  -2.6134975E-02   4.0560047E+00  -3.2940311E+01  -3.7556564E+00   8.2441023E+00   5.7464278E+00  -3.0862692E+00  -1.9551358E-01   1.4560889E-01   2.6963803E+00   3.3711645E+00   8.3686487E-05  -3.9225502E-05
 -2.2401533E-04   1.0462186E-03  -2.6348677E-04  -2.5011886E-03   7.0355193E-03  -3.2183304E-02  -3.3723082E-02   2.5970400E-02   2.5903240E-03   4.2097240E+01  -6.5407270E-01  -3.2940311E+01   8.1056916E+02   8.1732887E+01  -5.6334232E+01  -6.5953118E+01   1.7574510E+01  -6.0251803E+00   6.3976747E+00  -1.2843755E+01  -2.7071097E+01   3.8836321E-03   5.4180032E-04
 -2.1883048E-04   5.1773049E-04  -3.0889504E-05  -2.0837521E-03   1.5205538E-03  -9.5565743E-03  -1.4743881E-02   2.3033125E-02   3.6337529E-04   2.9702868E+00   8.1843711E-01  -3.7556564E+00   8.1732887E+01   6.7250166E+01   4.1097943E+01   1.7216581E+01  -4.4589205E+00  -5.7758997E-01  -1.2678273E+00   3.6761088E+00   4.5179212E+00   1.8161629E-04   1.3720261E-04
 -1.6659024E-04   1.4192567E-04   2.0741699E-05  -2.8775766E-03  -2.4067915E-03   2.4538988E-03   1.1032276E-03   1.0484012E-02   8.8483454E-04  -1.3711556E+01   1.6367746E+00   8.2441023E+00  -5.6334232E+01   4.1097943E+01   8.6557115E+01   5.6462172E+01  -1.3144497E+01  -9.8803503E-01  -1.0097510E+00   5.1762697E+00   9.1546780E+00   4.1598764E-04  -3.6764100E-04
 -1.5780489E-04  -1.3797378E-05  -5.4254261E-05  -4.3880359E-03  -4.1240001E-03   6.2907560E-03   7.6945004E-03   2.5830008E-03   1.6152549E-03  -5.6632566E+01   6.4477998E-01   5.7464278E+00  -6.5953118E+01   1.7216581E+01   5.6462172E+01   1.0798533E+02  -1.0882583E+01  -5.8151697E-01  -1.7622152E+00   5.8035179E+00   3.4705856E+01   5.1836398E-04  -1.3225054E-03
  3.0942641E-06   5.3523592E-05   2.7317505E-06   5.5106069E-04   1.3138755E-03  -3.1122239E-03  -4.4925297E-03   6.0667560E-03  -6.6182833E-05   7.1992860E-01   1.9462030E-02  -3.0862692E+00   1.7574510E+01  -4.4589205E+00  -1.3144497E+01  -1.0882583E+01   6.7367393E+00   1.3118477E-01  -1.1288997E-01  -2.2154354E+00  -2.8849452E+00  -7.4226760E-05  -1.2423396E-05
  5.5913410E-06   1.5030243E-05  -8.8334402E-06   1.6163828E-04   1.6016633E-04   2.6744951E-04  -6.0057617E-04  -6.2013146E-04  -1.1612504E-06   1.7171527E-01  -1.4910278E-02  -1.9551358E-01  -6.0251803E+00  -5.7758997E-01  -9.8803503E-01  -5.8151697E-01   1.3118477E-01   3.4517182E+00   5.1717455E-01   1.6022147E-01   1.1968197E-01   1.7783314E-04  -9.9318089E-07
  1.1047328E-07   4.8658281E-05  -1.5901388E-05   1.6807652E-04   7.9589841E-05  -4.4447570E-04  -7.7982454E-04   9.7575872E-04   5.3336520E-05   7.4276289E-01   3.4756315E-04   1.4560889E-01   6.3976747E+00  -1.2678273E+00  -1.0097510E+00  -1.7622152E+00  -1.1288997E-01   5.1717455E-01   3.1747621E+00   2.7468010E+00   2.6983615E+00  -2.0305620E-04  -2.9572198E-05
  5.9231337E-07   9.7080263E-05  -8.2744424E-06   2.4035199E-04   5.7267548E-04  -3.7640811E-04  -1.0889367E-03   2.7775049E-03   1.1669959E-04  -6.0170048E+00   1.0333543E-01   2.6963803E+00  -1.2843755E+01   3.6761088E+00   5.1762697E+00   5.8035179E+00  -2.2154354E+00   1.6022147E-01   2.7468010E+00   1.1009323E+01   1.9651030E+01  -5.9095614E-05   3.9584749E-04
 -6.4255563E-06   8.2909378E-05  -3.8220008E-05  -4.1949970E-04   8.3111738E-04   1.5164021E-03   1.5606530E-03   3.7275766E-04   9.8433611E-04  -3.4072254E+01   1.4712967E-01   3.3711645E+00  -2.7071097E+01   4.5179212E+00   9.1546780E+00   3.4705856E+01  -2.8849452E+00   1.1968197E-01   2.6983615E+00   1.9651030E+01   5.4303416E+01   1.2290977E-05   8.9495069E-04
 -1.9199561E-09  -1.0583226E-08  -1.9306840E-11  -1.1428841E-07  -1.2270863E-07  -7.7363601E-08   2.1475303E-08  -1.0984012E-06  -1.2766177E-08  -2.0652582E-04   2.6355480E-06   8.3686487E-05   3.8836321E-03   1.8161629E-04   4.1598764E-04   5.1836398E-04  -7.4226760E-05   1.7783314E-04  -2.0305620E-04  -5.9095614E-05   1.2290977E-05   3.7977499E-07  -5.6805292E-09
 -9.8807887E-11   1.3710013E-08  -3.5456676E-09  -8.3099719E-08  -1.0920788E-07  -1.5055986E-07  -1.1531763E-07  -1.5848207E-07   1.5475337E-09   7.6204231E-04  -4.4220543E-06  -3.9225502E-05   5.4180032E-04   1.3720261E-04  -3.6764100E-04  -1.3225054E-03  -1.2423396E-05  -9.9318089E-07  -2.9572198E-05   3.9584749E-04   8.9495069E-04  -5.6805292E-09   3.8789936E-07
