# omegabh2 omegach2 theta tau logA ns calPlanck aps100 aps143 aps217 acib217 asz143 psr cibr xi aksz dust100 dust143 dust217 dust143x217 cal0 cal2
  4.6023674E-08  -9.5203262E-08   2.9819719E-08   2.3081832E-06   4.5126755E-06   4.9768205E-07   1.0254753E-08  -1.0421990E-03  -6.3037446E-04   1.9976943E-04  -3.0124005E-04   5.5632800E-05   2.9734835E-06  -5.2591871E-06   2.2508623E-06  -9.2254944E-05   4.4463200E-07  -1.0780565E-06   1.8029881E-06   1.1918429E-07   4.3157329E-09  -1.7478320E-08
 -9.5203262E-08   1.6627624E-06  -8.5109045E-08  -1.2550538E-05  -2.1046305E-05  -4.2599173E-06  -3.6424868E-08   1.7043966E-03   1.4971967E-03  -7.9635598E-06   4.4975468E-04  -4.6402746E-05  -4.7704699E-06   1.4302342E-05  -6.7688628E-06   1.0615324E-04  -1.3260078E-06  -2.0418013E-06  -5.7123146E-07  -6.2617875E-07  -8.5389016E-09   5.4054828E-08
  2.9819719E-08  -8.5109045E-08   1.8917481E-07   1.8632608E-06   3.7628061E-06   5.6253645E-07   2.8402454E-08  -1.0180155E-04  -2.0653250E-04   4.3872668E-05  -1.3544716E-04  -8.8426995E-06  -7.5128709E-07  -2.2121622E-06  -9.2506575E-07  -3.6862063E-06   4.0290099E-07  -1.1434214E-06   1.3307798E-06  -4.5347562E-07  -1.2981843E-09   2.5862425E-09
  2.3081832E-06  -1.2550538E-05   1.8632608E-06   6.9942697E-04   1.3588767E-03   7.4291342E-05  -3.2946724E-06  -1.2495305E-01  -6.1221415E-02   3.6995506E-02  -3.6321694E-02   3.4753429E-03   3.3120581E-04  -6.9171646E-04   2.6198777E-04  -1.1333771E-02  -1.3138465E-04  -2.1826018E-04   1.0692882E-04  -1.5316211E-04  -4.4919041E-07  -3.1835670E-06
  4.5126755E-06  -2.1046305E-05   3.7628061E-06   1.3588767E-03   2.6764589E-03   1.3624949E-04   5.5497888E-06  -2.3975994E-01  -1.1711667E-01   8.0981816E-02  -7.2626317E-02   6.9316626E-03   6.7368802E-04  -1.3956484E-03   5.5504307E-04  -2.3296114E-02  -2.8195495E-04  -5.3675333E-04   2.4230106E-04  -3.0768353E-04  -2.9067907E-07  -6.1087530E-06
  4.9768205E-07  -4.2599173E-06   5.6253645E-07   7.4291342E-05   1.3624949E-04   2.4918539E-05   2.2760800E-08  -3.6032753E-02  -1.4288640E-02   1.1733229E-02  -9.5031958E-03   7.5893124E-04   9.2501021E-05  -1.9068398E-04   8.1362102E-05  -2.9685687E-03   9.0390317E-06  -3.0980054E-05   3.7877845E-05  -2.6694800E-05  -4.7080213E-07  -6.8821978E-07
  1.0254753E-08  -3.6424868E-08   2.8402454E-08  -3.2946724E-06   5.5497888E-06   2.2760800E-08   6.0455464E-06   3.5761632E-03   6.3701970E-04   1.1187606E-03   6.7165399E-04  -9.6788343E-06  -2.8503310E-06   3.5038937E-06   4.8286205E-06  -2.5025576E-05  -3.1732645E-06   2.7965293E-06   6.6207046E-06   4.7273593E-06  -1.9260899E-08   3.3478384E-08
 -1.0421990E-03   1.7043966E-03  -1.0180155E-04  -1.2495305E-01  -2.3975994E-01  -3.6032753E-02   3.5761632E-03   6.3369737E+02   6.8594501E+01  -6.3604277E+01   3.8320860E+01  -2.5511762E+01  -1.1042315E+00   1.5979527E-01  -5.0368171E-01   1.4263664E+01  -1.4646309E-01   3.3171999E-01  -2.8395478E-01  -2.4634652E-01   7.1563434E-03   3.3245933E-03
 -6.3037446E-04   1.4971967E-03  -2.0653250E-04  -6.1221415E-02  -1.1711667E-01  -1.4288640E-02   6.3701970E-04   6.8594501E+01   7.2641139E+01   4.9660537E+00   1.0075638E+01  -9.5704435E-01  -8.6239883E-02   5.4001421E-01   8.7760237E-01  -6.5950507E+00  -1.0049478E-02  -1.7805241E-01   3.6300036E-02   5.5390530E-02   7.2481114E-04   8.9318135E-04
  1.9976943E-04  -7.9635598E-06   4.3872668E-05   3.6995506E-02   8.0981816E-02   1.1733229E-02   1.1187606E-03  -6.3604277E+01   4.9660537E+00   1.7379645E+02  -8.4199306E+01   2.4341551E+00   3.0758339E-01  -1.0751298E+00   3.3950033E-01  -7.4818924E+00  -4.7600318E-02  -2.7078268E-01   5.8603488E-01  -4.5111421E-02   1.2408429E-03  -7.3739211E-03
 -3.0124005E-04   4.4975468E-04  -1.3544716E-04  -3.6321694E-02  -7.2626317E-02  -9.5031958E-03   6.7165399E-04   3.8320860E+01   1.0075638E+01  -8.4199306E+01   5.4047083E+01   1.5563421E+00  -3.9964461E-02   7.9197002E-01  -2.4997395E-01  -2.0244382E+00   9.2118595E-03   1.8155510E-01  -4.7625791E-01  -1.0058999E-01  -4.3786430E-04   3.0889276E-03
  5.5632800E-05  -4.6402746E-05  -8.8426995E-06   3.4753429E-03   6.9316626E-03   7.5893124E-04  -9.6788343E-06  -2.5511762E+01  -9.5704435E-01   2.4341551E+00   1.5563421E+00   4.3165441E+00   1.1092246E-01   1.5315569E-01  -2.6423768E-02  -3.4800723E+00  -1.5532115E-02  -7.5430969E-03   6.7435792E-03   4.8528500E-02   3.8918216E-04  -2.6031541E-04
  2.9734835E-06  -4.7704699E-06  -7.5128709E-07   3.3120581E-04   6.7368802E-04   9.2501021E-05  -2.8503310E-06  -1.1042315E+00  -8.6239883E-02   3.0758339E-01  -3.9964461E-02   1.1092246E-01   1.7661131E-02  -1.7319831E-02   1.2063253E-02  -1.0701215E-01  -4.2349579E-04  -1.9114369E-03  -2.7414437E-03   5.0439168E-03   1.3617243E-05  -3.3074251E-05
 -5.2591871E-06   1.4302342E-05  -2.2121622E-06  -6.9171646E-04  -1.3956484E-03  -1.9068398E-04   3.5038937E-06   1.5979527E-01   5.4001421E-01  -1.0751298E+00   7.9197002E-01   1.5315569E-01  -1.7319831E-02   7.2160333E-02   4.6448488E-03  -1.5594309E-01   1.0167163E-03   8.7483018E-03  -1.2635727E-03  -1.8474545E-02  -7.7888372E-06   8.8367575E-05
  2.2508623E-06  -6.7688628E-06  -9.2506575E-07   2.6198777E-04   5.5504307E-04   8.1362102E-05   4.8286205E-06  -5.0368171E-01   8.7760237E-01   3.3950033E-01  -2.4997395E-01  -2.6423768E-02   1.2063253E-02   4.6448488E-03   8.2063229E-02   2.2535771E-02   2.9563148E-04   8.5304825E-04   1.0886478E-03   6.3197151E-04   7.4433647E-06  -8.7475729E-06
 -9.2254944E-05   1.0615324E-04  -3.6862063E-06  -1.1333771E-02  -2.3296114E-02  -2.9685687E-03  -2.5025576E-05   1.4263664E+01  -6.5950507E+00  -7.4818924E+00  -2.0244382E+00  -3.4800723E+00  -1.0701215E-01  -1.5594309E-01   2.2535771E-02   7.2870236E+00   2.5420677E-03  -6.7369688E-03  -5.5762429E-03  -3.9082455E-02  -2.4542256E-04   1.2260260E-04
  4.4463200E-07  -1.3260078E-06   4.0290099E-07  -1.3138465E-04  -2.8195495E-04   9.0390317E-06  -3.1732645E-06  -1.4646309E-01  -1.0049478E-02  -4.7600318E-02   9.2118595E-03  -1.5532115E-02  -4.2349579E-04   1.0167163E-03   2.9563148E-04   2.5420677E-03   3.8118158E-02   3.0062463E-03   3.3354283E-04   3.8682762E-04   3.6023407E-05   5.8249106E-06
 -1.0780565E-06  -2.0418013E-06  -1.1434214E-06  -2.1826018E-04  -5.3675333E-04  -3.0980054E-05   2.7965293E-06   3.3171999E-01  -1.7805241E-01  -2.7078268E-01   1.8155510E-01  -7.5430969E-03  -1.9114369E-03   8.7483018E-03   8.5304825E-04  -6.7369688E-03   3.0062463E-03   3.1866696E-02  -5.8708414E-04   5.6562004E-03  -8.2517205E-05  -3.8167652E-05
  1.8029881E-06  -5.7123146E-07   1.3307798E-06   1.0692882E-04   2.4230106E-04   3.7877845E-05   6.6207046E-06  -2.8395478E-01   3.6300036E-02   5.8603488E-01  -4.7625791E-01   6.7435792E-03  -2.7414437E-03  -1.2635727E-03   1.0886478E-03  -5.5762429E-03   3.3354283E-04  -5.8708414E-04   1.0941800E-02   8.6362968E-03   3.1764916E-06   6.0609224E-05
  1.1918429E-07  -6.2617875E-07  -4.5347562E-07  -1.5316211E-04  -3.0768353E-04  -2.6694800E-05   4.7273593E-06  -2.4634652E-01   5.5390530E-02  -4.5111421E-02  -1.0058999E-01   4.8528500E-02   5.0439168E-03  -1.8474545E-02   6.3197151E-04  -3.9082455E-02   3.8682762E-04   5.6562004E-03   8.6362968E-03   2.6909792E-02  -6.1030105E-06   6.2831058E-05
  4.3157329E-09  -8.5389016E-09  -1.2981843E-09  -4.4919041E-07  -2.9067907E-07  -4.7080213E-07  -1.9260899E-08   7.1563434E-03   7.2481114E-04   1.2408429E-03  -4.3786430E-04   3.8918216E-04   1.3617243E-05  -7.7888372E-06   7.4433647E-06  -2.4542256E-04   3.6023407E-05  -8.2517205E-05   3.1764916E-06  -6.1030105E-06   1.1140770E-06   7.5357612E-08
 -1.7478320E-08   5.4054828E-08   2.5862425E-09  -3.1835670E-06  -6.1087530E-06  -6.8821978E-07   3.3478384E-08   3.3245933E-03   8.9318135E-04  -7.3739211E-03   3.0889276E-03  -2.6031541E-04  -3.3074251E-05   8.8367575E-05  -8.7475729E-06   1.2260260E-04   5.8249106E-06  -3.8167652E-05   6.0609224E-05   6.2831058E-05   7.5357612E-08   2.4057286E-06
