# omegabh2 omegach2 theta tau nnu yhe logA ns calPlanck acib217 xi asz143 aps100 aps143 aps143217 aps217 aksz kgal100 kgal143 kgal143217 kgal217 cal0 cal2
  5.2056250E-08   4.3767647E-07  -4.0022422E-08   2.5486799E-07   3.0397824E-05   5.6244227E-08   1.6559723E-06   1.0795275E-06   1.5216782E-08   1.9130598E-05  -9.9330381E-07   2.8084163E-05  -8.1289710E-05  -1.2754064E-04  -4.4645419E-05  -5.9629879E-05  -3.1287275E-05  -2.7447025E-06   1.3130988E-05   5.3262231E-06  -1.2082478E-05   7.4223538E-10   9.6005098E-10
  4.3767647E-07   2.0346625E-05  -2.5549962E-06  -6.1199457E-07   1.1725319E-03  -3.0612131E-06   4.5009331E-05   2.7309085E-05   5.2271966E-08   3.8672788E-03  -7.9407015E-05  -7.5566056E-04   1.8420816E-02   1.1734827E-02   4.6935219E-03   1.2393085E-03   1.1059239E-03  -7.0625170E-05   4.2666708E-04   5.8483584E-04  -4.4826028E-04  -3.0236767E-08   3.0329143E-08
 -4.0022422E-08  -2.5549962E-06   5.2037604E-07   4.3702000E-08  -1.5530120E-04   8.6722985E-07  -5.4260866E-06  -3.4648708E-06  -2.4669776E-09  -4.6078303E-04   8.7343468E-06   9.9583703E-05  -2.1909997E-03  -1.5284455E-03  -6.4425274E-04  -2.0715098E-04  -1.3160173E-04   1.9987423E-05  -3.5594782E-05  -3.7249233E-05   9.7797609E-05   4.1998560E-09   1.6632864E-09
  2.5486799E-07  -6.1199457E-07   4.3702000E-08   4.5928046E-05   5.1325308E-05   4.9366843E-07   8.9759924E-05   7.3221023E-06  -3.8759006E-07  -2.2232726E-03   3.7950975E-05  -1.4198080E-04  -6.6995994E-03  -2.8966786E-03  -1.2839357E-03  -2.7764355E-05  -8.8461696E-05  -1.3977316E-04  -2.6912315E-04  -8.2764886E-04  -1.4787245E-04  -6.8561225E-09  -3.3999251E-08
  3.0397824E-05   1.1725319E-03  -1.5530120E-04   5.1325308E-05   7.3135649E-02  -1.8589994E-04   2.7597995E-03   1.9014043E-03   6.5757179E-06   2.4505600E-01  -4.8581902E-03  -4.5006677E-02   1.1677721E+00   7.1483349E-01   2.8282204E-01   6.4755247E-02   6.9413048E-02  -1.1856383E-03   2.6815722E-02   3.6969869E-02  -3.4316600E-02   2.7848387E-07   9.1560086E-07
  5.6244227E-08  -3.0612131E-06   8.6722985E-07   4.9366843E-07  -1.8589994E-04   1.5259186E-05  -2.3751324E-06   1.1291003E-06  -1.1090147E-07  -3.1901971E-04   9.9437618E-06  -1.0562267E-04   3.0035620E-03   1.7354137E-04   8.0258906E-04   1.4991712E-03   3.1154754E-04  -1.2259276E-04   7.3725685E-05  -1.8601085E-04  -1.2980695E-04   1.0053973E-07   1.3882181E-08
  1.6559723E-06   4.5009331E-05  -5.4260866E-06   8.9759924E-05   2.7597995E-03  -2.3751324E-06   3.0934794E-04   7.5659827E-05   1.1145379E-05   3.2211820E-03  -7.2575059E-05  -2.1388103E-03   3.2781030E-02   2.2524744E-02   1.1310670E-02   1.0666952E-02   1.4788973E-03  -6.1242003E-04  -5.9889058E-04  -1.2535256E-03   1.9945439E-04   2.3174111E-07  -5.0322633E-08
  1.0795275E-06   2.7309085E-05  -3.4648708E-06   7.3221023E-06   1.9014043E-03   1.1291003E-06   7.5659827E-05   6.9899357E-05   1.6366567E-07   1.8528585E-03  -1.7792624E-05   1.3137373E-04   5.8985113E-03   1.2354744E-02   1.0583809E-02   7.6762075E-03  -6.4978731E-04   2.4866226E-04   2.9583331E-04   7.7894367E-04   5.4030123E-04  -4.5756299E-10  -4.9416232E-08
  1.5216782E-08   5.2271966E-08  -2.4669776E-09  -3.8759006E-07   6.5757179E-06  -1.1090147E-07   1.1145379E-05   1.6366567E-07   5.8349081E-06   1.1955009E-04  -3.0816563E-06   7.0836654E-06   3.0917078E-03   4.7226194E-04   6.2775026E-04   2.1645247E-03  -3.6437257E-05   1.4190719E-04  -2.0330706E-04  -1.0784569E-04   9.4590645E-04   5.8915109E-08  -3.4885432E-08
  1.9130598E-05   3.8672788E-03  -4.6078303E-04  -2.2232726E-03   2.4505600E-01  -3.1901971E-04   3.2211820E-03   1.8528585E-03   1.1955009E-04   4.5292523E+01  -4.1891496E-01  -1.1808275E+00   3.8607937E+01   4.1056416E+00  -1.3600069E+01  -5.5503667E+01   3.9469841E-01   7.0303181E-01   1.3817561E+00  -4.6783246E+00  -3.1984636E+01  -2.4014043E-04   7.2235741E-04
 -9.9330381E-07  -7.9407015E-05   8.7343468E-06   3.7950975E-05  -4.8581902E-03   9.9437618E-06  -7.2575059E-05  -1.7792624E-05  -3.0816563E-06  -4.1891496E-01   7.9428182E-02  -4.4742077E-02  -6.3452505E-01   8.0435358E-01   1.5753642E+00   6.2295325E-01   4.5971215E-02  -1.3681629E-02  -7.0229628E-03   8.6939898E-02   1.4400335E-01   3.5621087E-06  -1.9337979E-06
  2.8084163E-05  -7.5566056E-04   9.9583703E-05  -1.4198080E-04  -4.5006677E-02  -1.0562267E-04  -2.1388103E-03   1.3137373E-04   7.0836654E-06  -1.1808275E+00  -4.4742077E-02   4.0894605E+00  -3.3265731E+01  -4.3901885E+00   7.8355492E+00   5.7291077E+00  -3.0370767E+00  -1.3888848E-01   2.0909399E-01   2.7202748E+00   3.5531001E+00   5.3765253E-05  -2.1767383E-05
 -8.1289710E-05   1.8420816E-02  -2.1909997E-03  -6.6995994E-03   1.1677721E+00   3.0035620E-03   3.2781030E-02   5.8985113E-03   3.0917078E-03   3.8607937E+01  -6.3452505E-01  -3.3265731E+01   8.3303454E+02   8.8898461E+01  -5.3080900E+01  -5.9801784E+01   1.7996863E+01  -5.8055022E+00   6.4216722E+00  -1.0792656E+01  -2.2394860E+01   4.2562409E-03   2.3795363E-04
 -1.2754064E-04   1.1734827E-02  -1.5284455E-03  -2.8966786E-03   7.1483349E-01   1.7354137E-04   2.2524744E-02   1.2354744E-02   4.7226194E-04   4.1056416E+00   8.0435358E-01  -4.3901885E+00   8.8898461E+01   6.9984333E+01   4.1777652E+01   1.6341905E+01  -3.5772876E+00  -5.1680237E-02  -1.2372613E+00   3.3612968E+00   4.1006950E+00   2.7681632E-04   9.0829276E-05
 -4.4645419E-05   4.6935219E-03  -6.4425274E-04  -1.2839357E-03   2.8282204E-01   8.0258906E-04   1.1310670E-02   1.0583809E-02   6.2775026E-04  -1.3600069E+01   1.5753642E+00   7.8355492E+00  -5.3080900E+01   4.1777652E+01   8.7128469E+01   5.7588681E+01  -1.2393969E+01  -9.7367342E-01  -9.9918981E-01   4.6690456E+00   9.1438690E+00   4.0867137E-04  -3.4242872E-04
 -5.9629879E-05   1.2393085E-03  -2.0715098E-04  -2.7764355E-05   6.4755247E-02   1.4991712E-03   1.0666952E-02   7.6762075E-03   2.1645247E-03  -5.5503667E+01   6.2295325E-01   5.7291077E+00  -5.9801784E+01   1.6341905E+01   5.7588681E+01   1.0750323E+02  -1.0113418E+01  -1.2677074E+00  -2.2709630E+00   4.1710330E+00   3.2505896E+01   5.5155134E-04  -1.3236839E-03
 -3.1287275E-05   1.1059239E-03  -1.3160173E-04  -8.8461696E-05   6.9413048E-02   3.1154754E-04   1.4788973E-03  -6.4978731E-04  -3.6437257E-05   3.9469841E-01   4.5971215E-02  -3.0370767E+00   1.7996863E+01  -3.5772876E+00  -1.2393969E+01  -1.0113418E+01   6.5135344E+00   6.9116858E-02  -1.1747288E-01  -2.0345309E+00  -2.6993571E+00  -5.8236339E-05  -3.1524351E-05
 -2.7447025E-06  -7.0625170E-05   1.9987423E-05  -1.3977316E-04  -1.1856383E-03  -1.2259276E-04  -6.1242003E-04   2.4866226E-04   1.4190719E-04   7.0303181E-01  -1.3681629E-02  -1.3888848E-01  -5.8055022E+00  -5.1680237E-02  -9.7367342E-01  -1.2677074E+00   6.9116858E-02   3.3148359E+00   5.6256950E-01   3.9791992E-01   1.3009051E-01   1.4904859E-04   4.2583063E-05
  1.3130988E-05   4.2666708E-04  -3.5594782E-05  -2.6912315E-04   2.6815722E-02   7.3725685E-05  -5.9889058E-04   2.9583331E-04  -2.0330706E-04   1.3817561E+00  -7.0229628E-03   2.0909399E-01   6.4216722E+00  -1.2372613E+00  -9.9918981E-01  -2.2709630E+00  -1.1747288E-01   5.6256950E-01   3.4362555E+00   2.8721503E+00   2.2158622E+00  -2.2378433E-04  -8.1602294E-05
  5.3262231E-06   5.8483584E-04  -3.7249233E-05  -8.2764886E-04   3.6969869E-02  -1.8601085E-04  -1.2535256E-03   7.7894367E-04  -1.0784569E-04  -4.6783246E+00   8.6939898E-02   2.7202748E+00  -1.0792656E+01   3.3612968E+00   4.6690456E+00   4.1710330E+00  -2.0345309E+00   3.9791992E-01   2.8721503E+00   1.1034665E+01   1.9025888E+01  -5.5955557E-05   4.5658487E-04
 -1.2082478E-05  -4.4826028E-04   9.7797609E-05  -1.4787245E-04  -3.4316600E-02  -1.2980695E-04   1.9945439E-04   5.4030123E-04   9.4590645E-04  -3.1984636E+01   1.4400335E-01   3.5531001E+00  -2.2394860E+01   4.1006950E+00   9.1438690E+00   3.2505896E+01  -2.6993571E+00   1.3009051E-01   2.2158622E+00   1.9025888E+01   5.2675677E+01   9.4450997E-05   1.0637109E-03
  7.4223538E-10  -3.0236767E-08   4.1998560E-09  -6.8561225E-09   2.7848387E-07   1.0053973E-07   2.3174111E-07  -4.5756299E-10   5.8915109E-08  -2.4014043E-04   3.5621087E-06   5.3765253E-05   4.2562409E-03   2.7681632E-04   4.0867137E-04   5.5155134E-04  -5.8236339E-05   1.4904859E-04  -2.2378433E-04  -5.5955557E-05   9.4450997E-05   3.5711573E-07   4.5441214E-09
  9.6005098E-10   3.0329143E-08   1.6632864E-09  -3.3999251E-08   9.1560086E-07   1.3882181E-08  -5.0322633E-08  -4.9416232E-08  -3.4885432E-08   7.2235741E-04  -1.9337979E-06  -2.1767383E-05   2.3795363E-04   9.0829276E-05  -3.4242872E-04  -1.3236839E-03  -3.1524351E-05   4.2583063E-05  -8.1602294E-05   4.5658487E-04   1.0637109E-03   4.5441214E-09   4.1690293E-07
