# omegabh2 omegach2 theta tau Alens logA ns calPlanck acib217 xi asz143 aps100 aps143 aps143217 aps217 aksz kgal100 kgal143 kgal143217 kgal217 galfEE100 galfEE100143 galfEE100217 galfEE143 galfEE143217 galfEE217 galfTE100 galfTE100143 galfTE100217 galfTE143 galfTE143217 galfTE217 cal0 cal2
    0.3042745E-07   -0.1913020E-06    0.2601309E-07    0.8872429E-07    0.5659491E-05   -0.1818094E-06    0.5269643E-06   -0.1891704E-08   -0.1714803E-03    0.4381647E-05    0.3455490E-04   -0.6620679E-03   -0.3307876E-03   -0.4201933E-04    0.7868447E-04   -0.6424210E-04   -0.2087960E-05   -0.1241156E-04   -0.3348906E-04   -0.1449649E-04    0.7882608E-07    0.8726576E-07    0.1120773E-06    0.8891816E-07    0.6288255E-07    0.3328042E-06   -0.1067863E-06   -0.5251794E-07   -0.2630225E-06   -0.3314730E-06   -0.7167696E-06   -0.3793120E-05    0.4900579E-08   -0.1890918E-07
   -0.1913020E-06    0.2623823E-05   -0.2414436E-06   -0.1622684E-05   -0.5423211E-04    0.2853908E-05   -0.6721324E-05   -0.7042480E-07    0.8946318E-03   -0.1924266E-04   -0.2444104E-03    0.4251577E-02    0.2300905E-02    0.6633344E-03   -0.7637653E-04    0.3475209E-03    0.6136792E-05    0.3138527E-05    0.1568729E-03    0.1716417E-03   -0.9798387E-06   -0.1068697E-05   -0.3444908E-06   -0.1108718E-05   -0.6495329E-06   -0.2697626E-05    0.1182369E-05    0.1299447E-06    0.8192861E-06    0.2309866E-05    0.5603946E-05    0.3262760E-04   -0.1420235E-07    0.1329581E-06
    0.2601309E-07   -0.2414436E-06    0.1111606E-06   -0.6036163E-08    0.6244466E-05   -0.4361496E-06    0.7200043E-06    0.2568612E-07   -0.7012410E-04    0.1492534E-05    0.2774664E-04   -0.3149419E-03   -0.2087349E-03   -0.5041223E-04    0.4674005E-05   -0.3555784E-04   -0.6147048E-05   -0.3584660E-05   -0.1222353E-04   -0.3705343E-05    0.1087566E-06    0.7766557E-07    0.7999631E-07    0.1077395E-06   -0.5434447E-07    0.1810821E-06   -0.1378851E-06    0.3511246E-07   -0.1757903E-06   -0.3760240E-07   -0.7483773E-06   -0.4242341E-05    0.1148413E-08   -0.1250159E-07
    0.8872429E-07   -0.1622684E-05   -0.6036163E-08    0.3751866E-03   -0.8328833E-03    0.7437151E-03    0.8061939E-05   -0.2903675E-06   -0.1470224E-02    0.1067991E-03    0.5153690E-03   -0.1093971E-01   -0.3120797E-02    0.1192287E-02    0.7917120E-03   -0.6128007E-03   -0.3989728E-03    0.8772802E-05    0.6552621E-03    0.5717459E-03    0.2072210E-05    0.1546966E-05    0.1316160E-04    0.2137534E-05    0.1359994E-04    0.4951586E-05    0.4961682E-05   -0.1572800E-05    0.1509159E-04   -0.7166916E-05    0.9176179E-05   -0.1200967E-04    0.1862823E-06    0.2050709E-07
    0.5659491E-05   -0.5423211E-04    0.6244466E-05   -0.8328833E-03    0.5674600E-02   -0.1797841E-02    0.1559227E-03   -0.1077971E-04   -0.6128257E-01    0.1191929E-02    0.7901060E-02   -0.2128458E+00   -0.9073539E-01   -0.8970804E-02    0.4284447E-01   -0.2068169E-01   -0.3487804E-03   -0.3220517E-02   -0.1676707E-01   -0.1265118E-01    0.1445655E-04    0.2267872E-04   -0.4471009E-05    0.1576771E-04   -0.8791952E-05   -0.2751337E-05   -0.3215324E-04   -0.2210913E-05   -0.6376758E-04   -0.5143969E-04   -0.1364407E-03   -0.7512445E-03    0.1936748E-06   -0.8732028E-05
   -0.1818094E-06    0.2853908E-05   -0.4361496E-06    0.7437151E-03   -0.1797841E-02    0.1517437E-02   -0.9976050E-06    0.1207705E-04   -0.1469386E-02    0.2545049E-03    0.5807057E-03   -0.7434124E-02    0.1708251E-02    0.8439429E-02    0.8687963E-02   -0.1440377E-02   -0.1068845E-02   -0.5663352E-03    0.1361794E-02    0.3339816E-02    0.3223724E-05    0.1093579E-05    0.2523747E-04    0.3426609E-05    0.2174130E-04    0.2969673E-05    0.1174734E-04   -0.3756627E-05    0.3696817E-04   -0.7070406E-05    0.3308584E-04    0.7371565E-04    0.5434895E-06    0.1609556E-06
    0.5269643E-06   -0.6721324E-05    0.7200043E-06    0.8061939E-05    0.1559227E-03   -0.9976050E-06    0.2676500E-04    0.2181658E-06   -0.6701668E-02    0.1662986E-03    0.1419852E-02   -0.3199387E-01   -0.1058867E-01    0.1407831E-02    0.5802521E-02   -0.2867376E-02    0.2239195E-03   -0.2197043E-03   -0.9938012E-03    0.3924734E-04    0.3882132E-05    0.4265406E-05    0.9156062E-06    0.4833780E-05    0.1393463E-06    0.4326175E-05   -0.3779694E-05   -0.1204455E-06   -0.1437937E-06   -0.4578523E-05   -0.1362419E-04   -0.8156454E-04   -0.1181817E-06   -0.7252762E-06
   -0.1891704E-08   -0.7042480E-07    0.2568612E-07   -0.2903675E-06   -0.1077971E-04    0.1207705E-04    0.2181658E-06    0.6401718E-05    0.6728380E-03    0.7523272E-05    0.6494219E-04    0.3759971E-02    0.1130820E-02    0.1096252E-02    0.1858223E-02   -0.1130619E-03   -0.1536189E-04   -0.2431659E-04    0.7760623E-04    0.9120191E-03    0.9075095E-06    0.4867239E-06   -0.8541688E-07    0.1181020E-05   -0.1313932E-05    0.8853447E-06   -0.2269266E-06   -0.4581218E-06    0.3128148E-05    0.1241386E-05    0.6959715E-06    0.1268458E-04   -0.1508378E-07   -0.3550541E-07
   -0.1714803E-03    0.8946318E-03   -0.7012410E-04   -0.1470224E-02   -0.6128257E-01   -0.1469386E-02   -0.6701668E-02    0.6728380E-03    0.4402537E+02   -0.5172684E+00   -0.1565551E+01    0.4342663E+02    0.8421622E+00   -0.2115242E+02   -0.6136886E+02    0.5230133E+00   -0.4214701E-01    0.2904379E-01   -0.1974442E+01   -0.1882020E+02   -0.2329790E-03   -0.9893859E-03    0.3740395E-03   -0.1428293E-02    0.3334991E-02    0.6964073E-02    0.2013438E-02    0.2333558E-03    0.1127875E-02    0.3222178E-02    0.1775324E-02    0.3061510E-02   -0.2387744E-03    0.4457393E-02
    0.4381647E-05   -0.1924266E-04    0.1492534E-05    0.1067991E-03    0.1191929E-02    0.2545049E-03    0.1662986E-03    0.7523272E-05   -0.5172684E+00    0.8045740E-01   -0.5290786E-01   -0.6719164E+00    0.1020039E+01    0.1975063E+01    0.8405306E+00    0.4272326E-01   -0.4120286E-02   -0.2593881E-02    0.1109664E+00    0.1271999E+00    0.3524782E-05    0.2250704E-04    0.5306525E-04    0.3753992E-04    0.2256687E-05   -0.3086279E-03    0.8045450E-05    0.6827433E-04    0.1968128E-03   -0.8104298E-05   -0.1811750E-03   -0.4622748E-03    0.1051747E-04   -0.1631468E-04
    0.3455490E-04   -0.2444104E-03    0.2774664E-04    0.5153690E-03    0.7901060E-02    0.5807057E-03    0.1419852E-02    0.6494219E-04   -0.1565551E+01   -0.5290786E-01    0.3476988E+01   -0.2779469E+02   -0.3865338E+01    0.7094291E+01    0.5849703E+01   -0.2211388E+01   -0.1795672E+00    0.6454119E-01    0.2264782E+01    0.1999402E+01    0.2676003E-04    0.1183679E-03   -0.6712757E-03    0.1787382E-03   -0.4995953E-03   -0.1062750E-02    0.1948917E-03   -0.1456080E-03    0.2023271E-02   -0.8163202E-03   -0.5135650E-03   -0.6050684E-02    0.1626921E-03   -0.3445356E-03
   -0.6620679E-03    0.4251577E-02   -0.3149419E-03   -0.1093971E-01   -0.2128458E+00   -0.7434124E-02   -0.3199387E-01    0.3759971E-02    0.4342663E+02   -0.6719164E+00   -0.2779469E+02    0.7622227E+03    0.6637901E+02   -0.5996788E+02   -0.6916411E+02    0.1188661E+02   -0.3989297E+01    0.2830553E+01   -0.1211511E+02   -0.1736398E+02   -0.2328664E-02   -0.5439390E-02   -0.3909864E-02   -0.7042795E-02    0.2235537E-02    0.5735397E-01   -0.3323795E-02    0.7027228E-03   -0.2884440E-01    0.1611793E-01   -0.3162520E-02    0.5820128E-01    0.6159326E-02    0.4133659E-02
   -0.3307876E-03    0.2300905E-02   -0.2087349E-03   -0.3120797E-02   -0.9073539E-01    0.1708251E-02   -0.1058867E-01    0.1130820E-02    0.8421622E+00    0.1020039E+01   -0.3865338E+01    0.6637901E+02    0.6114207E+02    0.4486568E+02    0.1708803E+02   -0.3653698E+01   -0.3318419E+00   -0.1227864E+01    0.4091019E+01    0.4584005E+01   -0.1523622E-02   -0.1925441E-02    0.2258575E-02   -0.1692540E-02   -0.1527198E-02   -0.5880359E-03    0.1617779E-02    0.1476442E-02    0.2546399E-02    0.4368063E-02    0.6928035E-02    0.5068699E-01    0.1024497E-03    0.4773151E-03
   -0.4201933E-04    0.6633344E-03   -0.5041223E-04    0.1192287E-02   -0.8970804E-02    0.8439429E-02    0.1407831E-02    0.1096252E-02   -0.2115242E+02    0.1975063E+01    0.7094291E+01   -0.5996788E+02    0.4486568E+02    0.9887285E+02    0.6474539E+02   -0.1024658E+02   -0.7898129E+00   -0.6020619E+00    0.5067714E+01    0.6184679E+01   -0.7618700E-03   -0.4029589E-03    0.7927269E-03    0.5288587E-03   -0.4591101E-02   -0.4223447E-02    0.1126727E-02    0.1833315E-02    0.1268811E-01    0.2286093E-02    0.1753744E-02    0.6052356E-02    0.7083922E-03   -0.2300818E-02
    0.7868447E-04   -0.7637653E-04    0.4674005E-05    0.7917120E-03    0.4284447E-01    0.8687963E-02    0.5802521E-02    0.1858223E-02   -0.6136886E+02    0.8405306E+00    0.5849703E+01   -0.6916411E+02    0.1708803E+02    0.6474539E+02    0.1194094E+03   -0.8843702E+01   -0.4221858E+00   -0.3173333E+00   -0.4365575E+00    0.1594658E+02    0.7361784E-04    0.4550011E-03   -0.1265786E-02    0.2017290E-02   -0.7977407E-02   -0.5750489E-02   -0.1873016E-02    0.9187015E-04    0.7119757E-03    0.5067502E-03    0.5836793E-02    0.1803703E-01    0.5805497E-03   -0.7619586E-02
   -0.6424210E-04    0.3475209E-03   -0.3555784E-04   -0.6128007E-03   -0.2068169E-01   -0.1440377E-02   -0.2867376E-02   -0.1130619E-03    0.5230133E+00    0.4272326E-01   -0.2211388E+01    0.1188661E+02   -0.3653698E+01   -0.1024658E+02   -0.8843702E+01    0.5134517E+01    0.1424713E+00   -0.5225962E-01   -0.1674683E+01   -0.1499691E+01   -0.2540109E-03   -0.2500440E-03    0.1308731E-03   -0.3923840E-03    0.1960708E-02   -0.3791385E-03    0.1089494E-02    0.3844764E-03   -0.7969148E-03   -0.4828508E-03    0.1639521E-03    0.4942381E-02   -0.9612734E-04    0.1541644E-03
   -0.2087960E-05    0.6136792E-05   -0.6147048E-05   -0.3989728E-03   -0.3487804E-03   -0.1068845E-02    0.2239195E-03   -0.1536189E-04   -0.4214701E-01   -0.4120286E-02   -0.1795672E+00   -0.3989297E+01   -0.3318419E+00   -0.7898129E+00   -0.4221858E+00    0.1424713E+00    0.3539768E+01    0.4728064E+00    0.1425624E+00    0.2714153E+00    0.2194870E-03    0.1435799E-03    0.1608607E-03    0.5160158E-04    0.7811851E-03   -0.3558476E-02   -0.6839401E-03   -0.7840946E-03    0.1812549E-04   -0.2090716E-02   -0.2563213E-02    0.4357647E-02    0.2820911E-03   -0.1798021E-04
   -0.1241156E-04    0.3138527E-05   -0.3584660E-05    0.8772802E-05   -0.3220517E-02   -0.5663352E-03   -0.2197043E-03   -0.2431659E-04    0.2904379E-01   -0.2593881E-02    0.6454119E-01    0.2830553E+01   -0.1227864E+01   -0.6020619E+00   -0.3173333E+00   -0.5225962E-01    0.4728064E+00    0.3405827E+01    0.2615122E+01    0.1837414E+01   -0.5832353E-04    0.1305321E-05    0.8977037E-04    0.6212651E-05    0.1092767E-03    0.4935268E-03    0.2200185E-03   -0.2110026E-03    0.7189769E-03    0.5189317E-03   -0.1599639E-02   -0.2019765E-02   -0.2958429E-03   -0.2125090E-03
   -0.3348906E-04    0.1568729E-03   -0.1222353E-04    0.6552621E-03   -0.1676707E-01    0.1361794E-02   -0.9938012E-03    0.7760623E-04   -0.1974442E+01    0.1109664E+00    0.2264782E+01   -0.1211511E+02    0.4091019E+01    0.5067714E+01   -0.4365575E+00   -0.1674683E+01    0.1425624E+00    0.2615122E+01    0.1727801E+02    0.2584521E+02   -0.5769654E-03   -0.3258518E-03    0.3921139E-03   -0.4511537E-03    0.1133142E-02   -0.4585405E-02   -0.3865852E-03   -0.2048645E-03    0.1558602E-02   -0.6100486E-03   -0.1720885E-02    0.1099520E-01   -0.1832214E-04    0.2557841E-02
   -0.1449649E-04    0.1716417E-03   -0.3705343E-05    0.5717459E-03   -0.1265118E-01    0.3339816E-02    0.3924734E-04    0.9120191E-03   -0.1882020E+02    0.1271999E+00    0.1999402E+01   -0.1736398E+02    0.4584005E+01    0.6184679E+01    0.1594658E+02   -0.1499691E+01    0.2714153E+00    0.1837414E+01    0.2584521E+02    0.5487683E+02   -0.6135122E-03   -0.1283241E-03    0.1135552E-02   -0.1425278E-03    0.7140352E-03   -0.7564038E-02   -0.3957255E-02   -0.1172033E-02    0.4139205E-02   -0.9356233E-04   -0.5584784E-02    0.1419270E-01    0.3981267E-04    0.4483440E-02
    0.7882608E-07   -0.9798387E-06    0.1087566E-06    0.2072210E-05    0.1445655E-04    0.3223724E-05    0.3882132E-05    0.9075095E-06   -0.2329790E-03    0.3524782E-05    0.2676003E-04   -0.2328664E-02   -0.1523622E-02   -0.7618700E-03    0.7361784E-04   -0.2540109E-03    0.2194870E-03   -0.5832353E-04   -0.5769654E-03   -0.6135122E-03    0.3176384E-04    0.8536201E-05    0.3741850E-06    0.2953404E-05    0.5786467E-06    0.1486117E-05    0.5565128E-06   -0.9450776E-06   -0.4734797E-05   -0.3032965E-05   -0.8292844E-05   -0.1113758E-04   -0.3960060E-07   -0.1145064E-06
    0.8726576E-07   -0.1068697E-05    0.7766557E-07    0.1546966E-05    0.2267872E-04    0.1093579E-05    0.4265406E-05    0.4867239E-06   -0.9893859E-03    0.2250704E-04    0.1183679E-03   -0.5439390E-02   -0.1925441E-02   -0.4029589E-03    0.4550011E-03   -0.2500440E-03    0.1435799E-03    0.1305321E-05   -0.3258518E-03   -0.1283241E-03    0.8536201E-05    0.2456006E-04    0.1179500E-06    0.1220844E-04    0.2736021E-06    0.2899806E-06   -0.1416617E-05   -0.1285468E-05   -0.2035339E-05   -0.1937249E-05   -0.5542303E-05   -0.9765894E-05   -0.2993877E-07   -0.1382803E-06
    0.1120773E-06   -0.3444908E-06    0.7999631E-07    0.1316160E-04   -0.4471009E-05    0.2523747E-04    0.9156062E-06   -0.8541688E-07    0.3740395E-03    0.5306525E-04   -0.6712757E-03   -0.3909864E-02    0.2258575E-02    0.7927269E-03   -0.1265786E-02    0.1308731E-03    0.1608607E-03    0.8977037E-04    0.3921139E-03    0.1135552E-02    0.3741850E-06    0.1179500E-06    0.1054700E-02    0.8765022E-06   -0.1654498E-04    0.2778595E-04    0.1241312E-04    0.1347350E-04   -0.2011315E-05   -0.8409093E-05   -0.1430490E-04    0.1420636E-04   -0.3518315E-06    0.1345238E-06
    0.8891816E-07   -0.1108718E-05    0.1077395E-06    0.2137534E-05    0.1576771E-04    0.3426609E-05    0.4833780E-05    0.1181020E-05   -0.1428293E-02    0.3753992E-04    0.1787382E-03   -0.7042795E-02   -0.1692540E-02    0.5288587E-03    0.2017290E-02   -0.3923840E-03    0.5160158E-04    0.6212651E-05   -0.4511537E-03   -0.1425278E-03    0.2953404E-05    0.1220844E-04    0.8765022E-06    0.4767256E-04   -0.9403182E-06    0.5069493E-06   -0.2125947E-05   -0.3328673E-05    0.2506549E-05   -0.4916742E-05   -0.5227030E-05   -0.1385325E-05   -0.1321745E-06   -0.2498772E-06
    0.6288255E-07   -0.6495329E-06   -0.5434447E-07    0.1359994E-04   -0.8791952E-05    0.2174130E-04    0.1393463E-06   -0.1313932E-05    0.3334991E-02    0.2256687E-05   -0.4995953E-03    0.2235537E-02   -0.1527198E-02   -0.4591101E-02   -0.7977407E-02    0.1960708E-02    0.7811851E-03    0.1092767E-03    0.1133142E-02    0.7140352E-03    0.5786467E-06    0.2736021E-06   -0.1654498E-04   -0.9403182E-06    0.2164602E-02    0.4620760E-04   -0.3085760E-05   -0.1379589E-04    0.1990708E-04   -0.3363466E-06   -0.5543603E-04   -0.1318726E-03    0.1155621E-06    0.8549990E-06
    0.3328042E-06   -0.2697626E-05    0.1810821E-06    0.4951586E-05   -0.2751337E-05    0.2969673E-05    0.4326175E-05    0.8853447E-06    0.6964073E-02   -0.3086279E-03   -0.1062750E-02    0.5735397E-01   -0.5880359E-03   -0.4223447E-02   -0.5750489E-02   -0.3791385E-03   -0.3558476E-02    0.4935268E-03   -0.4585405E-02   -0.7564038E-02    0.1486117E-05    0.2899806E-06    0.2778595E-04    0.5069493E-06    0.4620760E-04    0.1679104E-01    0.1985715E-05    0.3761003E-05    0.1200316E-04   -0.2862530E-05    0.4067175E-04    0.1534940E-03   -0.9662656E-07    0.1165799E-05
   -0.1067863E-06    0.1182369E-05   -0.1378851E-06    0.4961682E-05   -0.3215324E-04    0.1174734E-04   -0.3779694E-05   -0.2269266E-06    0.2013438E-02    0.8045450E-05    0.1948917E-03   -0.3323795E-02    0.1617779E-02    0.1126727E-02   -0.1873016E-02    0.1089494E-02   -0.6839401E-03    0.2200185E-03   -0.3865852E-03   -0.3957255E-02    0.5565128E-06   -0.1416617E-05    0.1241312E-04   -0.2125947E-05   -0.3085760E-05    0.1985715E-05    0.1423621E-02    0.2844146E-03    0.5032704E-04   -0.4057374E-03   -0.1411901E-03   -0.2776748E-03   -0.2835909E-07   -0.4579556E-06
   -0.5251794E-07    0.1299447E-06    0.3511246E-07   -0.1572800E-05   -0.2210913E-05   -0.3756627E-05   -0.1204455E-06   -0.4581218E-06    0.2333558E-03    0.6827433E-04   -0.1456080E-03    0.7027228E-03    0.1476442E-02    0.1833315E-02    0.9187015E-04    0.3844764E-03   -0.7840946E-03   -0.2110026E-03   -0.2048645E-03   -0.1172033E-02   -0.9450776E-06   -0.1285468E-05    0.1347350E-04   -0.3328673E-05   -0.1379589E-04    0.3761003E-05    0.2844146E-03    0.8473117E-03    0.2677519E-04    0.7360047E-03    0.1588349E-04   -0.7446167E-03   -0.1525914E-06    0.9371641E-07
   -0.2630225E-06    0.8192861E-06   -0.1757903E-06    0.1509159E-04   -0.6376758E-04    0.3696817E-04   -0.1437937E-06    0.3128148E-05    0.1127875E-02    0.1968128E-03    0.2023271E-02   -0.2884440E-01    0.2546399E-02    0.1268811E-01    0.7119757E-03   -0.7969148E-03    0.1812549E-04    0.7189769E-03    0.1558602E-02    0.4139205E-02   -0.4734797E-05   -0.2035339E-05   -0.2011315E-05    0.2506549E-05    0.1990708E-04    0.1200316E-04    0.5032704E-04    0.2677519E-04    0.7046388E-02   -0.2670408E-03    0.8003067E-03    0.4565366E-02   -0.3896218E-06    0.1313054E-05
   -0.3314730E-06    0.2309866E-05   -0.3760240E-07   -0.7166916E-05   -0.5143969E-04   -0.7070406E-05   -0.4578523E-05    0.1241386E-05    0.3222178E-02   -0.8104298E-05   -0.8163202E-03    0.1611793E-01    0.4368063E-02    0.2286093E-02    0.5067502E-03   -0.4828508E-03   -0.2090716E-02    0.5189317E-03   -0.6100486E-03   -0.9356233E-04   -0.3032965E-05   -0.1937249E-05   -0.8409093E-05   -0.4916742E-05   -0.3363466E-06   -0.2862530E-05   -0.4057374E-03    0.7360047E-03   -0.2670408E-03    0.2906912E-02    0.5421576E-03   -0.7861114E-03   -0.1103018E-06    0.1283262E-05
   -0.7167696E-06    0.5603946E-05   -0.7483773E-06    0.9176179E-05   -0.1364407E-03    0.3308584E-04   -0.1362419E-04    0.6959715E-06    0.1775324E-02   -0.1811750E-03   -0.5135650E-03   -0.3162520E-02    0.6928035E-02    0.1753744E-02    0.5836793E-02    0.1639521E-03   -0.2563213E-02   -0.1599639E-02   -0.1720885E-02   -0.5584784E-02   -0.8292844E-05   -0.5542303E-05   -0.1430490E-04   -0.5227030E-05   -0.5543603E-04    0.4067175E-04   -0.1411901E-03    0.1588349E-04    0.8003067E-03    0.5421576E-03    0.6566113E-02    0.7676106E-02    0.2344590E-06    0.3203190E-06
   -0.3793120E-05    0.3262760E-04   -0.4242341E-05   -0.1200967E-04   -0.7512445E-03    0.7371565E-04   -0.8156454E-04    0.1268458E-04    0.3061510E-02   -0.4622748E-03   -0.6050684E-02    0.5820128E-01    0.5068699E-01    0.6052356E-02    0.1803703E-01    0.4942381E-02    0.4357647E-02   -0.2019765E-02    0.1099520E-01    0.1419270E-01   -0.1113758E-04   -0.9765894E-05    0.1420636E-04   -0.1385325E-05   -0.1318726E-03    0.1534940E-03   -0.2776748E-03   -0.7446167E-03    0.4565366E-02   -0.7861114E-03    0.7676106E-02    0.6462868E-01    0.2056540E-05   -0.1349505E-05
    0.4900579E-08   -0.1420235E-07    0.1148413E-08    0.1862823E-06    0.1936748E-06    0.5434895E-06   -0.1181817E-06   -0.1508378E-07   -0.2387744E-03    0.1051747E-04    0.1626921E-03    0.6159326E-02    0.1024497E-03    0.7083922E-03    0.5805497E-03   -0.9612734E-04    0.2820911E-03   -0.2958429E-03   -0.1832214E-04    0.3981267E-04   -0.3960060E-07   -0.2993877E-07   -0.3518315E-06   -0.1321745E-06    0.1155621E-06   -0.9662656E-07   -0.2835909E-07   -0.1525914E-06   -0.3896218E-06   -0.1103018E-06    0.2344590E-06    0.2056540E-05    0.5911904E-06   -0.5206201E-08
   -0.1890918E-07    0.1329581E-06   -0.1250159E-07    0.2050709E-07   -0.8732028E-05    0.1609556E-06   -0.7252762E-06   -0.3550541E-07    0.4457393E-02   -0.1631468E-04   -0.3445356E-03    0.4133659E-02    0.4773151E-03   -0.2300818E-02   -0.7619586E-02    0.1541644E-03   -0.1798021E-04   -0.2125090E-03    0.2557841E-02    0.4483440E-02   -0.1145064E-06   -0.1382803E-06    0.1345238E-06   -0.2498772E-06    0.8549990E-06    0.1165799E-05   -0.4579556E-06    0.9371641E-07    0.1313054E-05    0.1283262E-05    0.3203190E-06   -0.1349505E-05   -0.5206201E-08    0.2093452E-05
