# omegabh2 omegach2 theta tau w wa logA ns calPlanck aps100 aps143 aps217 acib217 asz143 psr cibr xi aksz dust100 dust143 dust217 dust143x217 cal0 cal2 calTE calEE
  2.1988538E-08  -6.5772484E-08   1.3031274E-08   2.3848472E-07  -2.8878432E-08   5.5584846E-06   4.2383786E-07   2.2202961E-07   1.5545345E-08  -3.7976483E-04  -2.6562453E-04   7.4093208E-05  -1.1507579E-04   1.8769566E-05   9.7036635E-07  -1.9057118E-06   8.3758749E-07  -3.3375165E-05   1.4079135E-07  -4.9865929E-07   6.2754025E-07  -3.0222631E-07   4.3849353E-09  -5.7783692E-09  -9.6200417E-08  -2.4703677E-07
 -6.5772484E-08   1.1471288E-06  -8.3669709E-08  -2.4890388E-06   3.1085683E-06  -8.3640477E-05  -3.0465798E-06  -2.6299049E-06  -3.1145433E-07   3.1496395E-04   5.1782685E-04  -2.1189648E-04   2.1212001E-04  -3.7541437E-05  -3.4600960E-06   6.5113892E-06  -6.2788127E-06   1.2573893E-04   1.9786889E-06   7.2929820E-06  -1.2334114E-06   4.0174531E-07  -6.4571307E-08   3.6039843E-09  -2.6201327E-07  -7.1585549E-07
  1.3031274E-08  -8.3669709E-08   9.1347326E-08   2.6086866E-07  -5.9918876E-07   1.0677733E-05   4.6040568E-07   3.2018392E-07   2.0372591E-08  -6.8382881E-05  -8.9281831E-05  -9.5983856E-05   3.1533829E-05   6.0345544E-06   4.8012155E-07  -2.8182926E-07   1.6708829E-07  -5.3497439E-06  -3.6718540E-07  -1.9569858E-07  -2.4376134E-07  -7.7735678E-08   2.0684461E-09   9.3317251E-09  -5.6900554E-08   1.8747846E-08
  2.3848472E-07  -2.4890388E-06   2.6086866E-07   3.8689390E-05  -2.3966627E-05   2.7139763E-04   7.0391956E-05   7.7156165E-06  -3.3074513E-07  -7.4135157E-03  -4.0178537E-03   8.6477178E-04  -1.4454467E-03   3.5702612E-04   2.0967427E-05  -2.5935554E-05   1.2573120E-05  -6.2446148E-04  -1.2468807E-05   8.0483628E-06   2.5131248E-06  -9.3577052E-06  -1.1005314E-07  -4.7153175E-08  -2.0503202E-06  -1.3750754E-06
 -2.8878432E-08   3.1085683E-06  -5.9918876E-07  -2.3966627E-05   5.8902721E-03  -2.0633520E-02  -4.0461708E-05  -1.0397042E-06   1.3265715E-06  -4.4997849E-02  -1.8677549E-02   2.5433002E-03  -3.8191363E-03   1.4683924E-03   1.3476249E-04  -2.0342056E-04   9.0805824E-05  -8.4087376E-04   3.1747355E-04   1.3352445E-04   3.5565496E-05   4.1112081E-05  -5.2926518E-07   7.0136290E-07  -1.0340017E-05   3.4699107E-06
  5.5584846E-06  -8.3640477E-05   1.0677733E-05   2.7139763E-04  -2.0633520E-02   8.6029050E-02   4.1196069E-04   1.7438317E-04   1.9281894E-05   1.1088562E-01   1.8315245E-02   3.4036616E-03   7.4301566E-05  -2.2231144E-03  -3.2407522E-04   5.5575696E-04  -6.6603117E-05  -6.8037537E-03  -1.2545019E-03  -1.1090792E-03  -4.8377402E-05  -5.3471197E-04   7.1092487E-06  -1.6218858E-06   5.2569993E-05   1.7231981E-05
  4.2383786E-07  -3.0465798E-06   4.6040568E-07   7.0391956E-05  -4.0461708E-05   4.1196069E-04   1.5758367E-04   9.3739436E-06   1.0830175E-05  -9.2716260E-03  -5.5314350E-03   8.8826527E-03  -3.7543824E-03   7.9289147E-04   5.6226279E-05  -5.7998181E-05   7.7540325E-05  -1.9141086E-03  -5.2567420E-05  -5.5320511E-05   3.2398409E-05  -3.0131292E-05   2.8566394E-07  -1.5899915E-07  -4.0700681E-06  -1.6993606E-06
  2.2202961E-07  -2.6299049E-06   3.2018392E-07   7.7156165E-06  -1.0397042E-06   1.7438317E-04   9.3739436E-06   1.6371695E-05   8.2024304E-07  -2.2034154E-02  -6.7402424E-03   8.7586413E-03  -5.9539137E-03   6.0323244E-04   6.5823771E-05  -1.0453720E-04   8.0903070E-05  -2.1834550E-03  -3.0800804E-06  -4.6489315E-05   3.1324547E-05  -1.4149147E-05  -1.9626132E-07  -3.3832243E-07  -5.1292661E-08  -1.9898195E-06
  1.5545345E-08  -3.1145433E-07   2.0372591E-08  -3.3074513E-07   1.3265715E-06   1.9281894E-05   1.0830175E-05   8.2024304E-07   6.1520030E-06   2.8173449E-03   4.2453317E-04   1.4051624E-03   4.2260978E-04   5.1396904E-05  -5.7482188E-07   1.0269940E-05   1.3986846E-05  -2.2228504E-05  -6.9694314E-06   1.2768653E-06   9.2539440E-06  -2.0453235E-07   7.5830564E-10  -6.2173555E-08   1.4662798E-07   1.7121796E-07
 -3.7976483E-04   3.1496395E-04  -6.8382881E-05  -7.4135157E-03  -4.4997849E-02   1.1088562E-01  -9.2716260E-03  -2.2034154E-02   2.8173449E-03   6.0437295E+02   5.5752073E+01  -5.7540423E+01   3.2540652E+01  -2.4361526E+01  -7.7403648E-01  -9.7935791E-02  -1.6629355E-01   9.7752616E+00  -1.0073509E-01   3.1533407E-01  -3.1167102E-01  -2.6833261E-01   6.9899672E-03   2.5371959E-03   4.0912377E-03   6.7367365E-03
 -2.6562453E-04   5.1782685E-04  -8.9281831E-05  -4.0178537E-03  -1.8677549E-02   1.8315245E-02  -5.5314350E-03  -6.7402424E-03   4.2453317E-04   5.5752073E+01   6.6481818E+01   8.5737559E+00   6.7262241E+00  -2.3454280E-01  -1.1926352E-02   4.7088916E-01   9.4143130E-01  -8.2995767E+00  -3.5330541E-02  -2.1594723E-01   3.4182300E-02   4.5419851E-02   8.0315897E-04   5.8152381E-04   2.4639977E-03   4.9637570E-03
  7.4093208E-05  -2.1189648E-04  -9.5983856E-05   8.6477178E-04   2.5433002E-03   3.4036616E-03   8.8826527E-03   8.7586413E-03   1.4051624E-03  -5.7540423E+01   8.5737559E+00   1.7470882E+02  -8.3209503E+01   2.5489516E+00   3.3226819E-01  -1.0684659E+00   3.1513623E-01  -7.0210997E+00  -4.7455656E-02  -2.6270512E-01   5.6276892E-01   9.8014542E-03   1.5230907E-03  -7.8272588E-03   1.7617685E-03   3.0871392E-03
 -1.1507579E-04   2.1212001E-04   3.1533829E-05  -1.4454467E-03  -3.8191363E-03   7.4301566E-05  -3.7543824E-03  -5.9539137E-03   4.2260978E-04   3.2540652E+01   6.7262241E+00  -8.3209503E+01   5.2194194E+01   1.6539683E+00  -4.4978570E-02   7.4230203E-01  -2.4745618E-01  -2.8001159E+00   2.5879694E-02   1.6430827E-01  -4.5895525E-01  -1.2420810E-01  -4.8710890E-04   3.1480089E-03  -4.8910253E-04   5.4834933E-05
  1.8769566E-05  -3.7541437E-05   6.0345544E-06   3.5702612E-04   1.4683924E-03  -2.2231144E-03   7.9289147E-04   6.0323244E-04   5.1396904E-05  -2.4361526E+01  -2.3454280E-01   2.5489516E+00   1.6539683E+00   4.2019808E+00   9.8671793E-02   1.5135710E-01  -4.4751513E-02  -3.4382322E+00  -3.5932883E-03  -5.3951985E-03   9.6395078E-03   5.2219150E-02   4.1974697E-04  -2.2651273E-04  -4.2034556E-04  -2.6461317E-04
  9.7036635E-07  -3.4600960E-06   4.8012155E-07   2.0967427E-05   1.3476249E-04  -3.2407522E-04   5.6226279E-05   6.5823771E-05  -5.7482188E-07  -7.7403648E-01  -1.1926352E-02   3.3226819E-01  -4.4978570E-02   9.8671793E-02   1.6046071E-02  -1.6362665E-02   1.1867117E-02  -9.7235950E-02   5.6190160E-07  -5.7125336E-04  -2.5508117E-03   5.3421713E-03   1.5213416E-05  -3.9182892E-05   1.1558223E-06   3.7856521E-06
 -1.9057118E-06   6.5113892E-06  -2.8182926E-07  -2.5935554E-05  -2.0342056E-04   5.5575696E-04  -5.7998181E-05  -1.0453720E-04   1.0269940E-05  -9.7935791E-02   4.7088916E-01  -1.0684659E+00   7.4230203E-01   1.5135710E-01  -1.6362665E-02   6.8110837E-02   4.1684920E-03  -1.6632147E-01   4.1022677E-04   5.8432095E-03  -4.4952006E-04  -1.7943851E-02  -2.4296534E-06   1.0089691E-04  -1.8630048E-05  -6.8409107E-06
  8.3758749E-07  -6.2788127E-06   1.6708829E-07   1.2573120E-05   9.0805824E-05  -6.6603117E-05   7.7540325E-05   8.0903070E-05   1.3986846E-05  -1.6629355E-01   9.4143130E-01   3.1513623E-01  -2.4745618E-01  -4.4751513E-02   1.1867117E-02   4.1684920E-03   8.4108951E-02   4.0789173E-02  -3.1106214E-04   2.4103428E-06   1.1231689E-03   1.2244390E-03   1.5549890E-05  -3.9369249E-06   3.1281549E-05   2.7538072E-05
 -3.3375165E-05   1.2573893E-04  -5.3497439E-06  -6.2446148E-04  -8.4087376E-04  -6.8037537E-03  -1.9141086E-03  -2.1834550E-03  -2.2228504E-05   9.7752616E+00  -8.2995767E+00  -7.0210997E+00  -2.8001159E+00  -3.4382322E+00  -9.7235950E-02  -1.6632147E-01   4.0789173E-02   7.2634495E+00   4.0870256E-03  -2.8029119E-03  -5.4880667E-04  -4.1001393E-02  -3.5523899E-04   8.1038529E-05   4.3970458E-05  -2.6395704E-04
  1.4079135E-07   1.9786889E-06  -3.6718540E-07  -1.2468807E-05   3.1747355E-04  -1.2545019E-03  -5.2567420E-05  -3.0800804E-06  -6.9694314E-06  -1.0073509E-01  -3.5330541E-02  -4.7455656E-02   2.5879694E-02  -3.5932883E-03   5.6190160E-07   4.1022677E-04  -3.1106214E-04   4.0870256E-03   3.8514347E-02   2.7158602E-03  -1.4443871E-04   4.5756667E-04   3.9462481E-05   4.0026185E-07  -1.0996518E-05  -2.3285139E-05
 -4.9865929E-07   7.2929820E-06  -1.9569858E-07   8.0483628E-06   1.3352445E-04  -1.1090792E-03  -5.5320511E-05  -4.6489315E-05   1.2768653E-06   3.1533407E-01  -2.1594723E-01  -2.6270512E-01   1.6430827E-01  -5.3951985E-03  -5.7125336E-04   5.8432095E-03   2.4103428E-06  -2.8029119E-03   2.7158602E-03   3.0532607E-02  -8.3341759E-04   5.3041399E-03  -8.0444777E-05  -3.9827983E-05  -8.7525502E-05  -8.1267262E-05
  6.2754025E-07  -1.2334114E-06  -2.4376134E-07   2.5131248E-06   3.5565496E-05  -4.8377402E-05   3.2398409E-05   3.1324547E-05   9.2539440E-06  -3.1167102E-01   3.4182300E-02   5.6276892E-01  -4.5895525E-01   9.6395078E-03  -2.5508117E-03  -4.4952006E-04   1.1231689E-03  -5.4880667E-04  -1.4443871E-04  -8.3341759E-04   1.0755080E-02   8.4751089E-03   3.3827913E-06   6.2714064E-05   4.5236558E-06   1.4805584E-06
 -3.0222631E-07   4.0174531E-07  -7.7735678E-08  -9.3577052E-06   4.1112081E-05  -5.3471197E-04  -3.0131292E-05  -1.4149147E-05  -2.0453235E-07  -2.6833261E-01   4.5419851E-02   9.8014542E-03  -1.2420810E-01   5.2219150E-02   5.3421713E-03  -1.7943851E-02   1.2244390E-03  -4.1001393E-02   4.5756667E-04   5.3041399E-03   8.4751089E-03   2.6044944E-02  -6.1857585E-06   5.8171440E-05  -2.1727844E-05  -5.9347109E-06
  4.3849353E-09  -6.4571307E-08   2.0684461E-09  -1.1005314E-07  -5.2926518E-07   7.1092487E-06   2.8566394E-07  -1.9626132E-07   7.5830564E-10   6.9899672E-03   8.0315897E-04   1.5230907E-03  -4.8710890E-04   4.1974697E-04   1.5213416E-05  -2.4296534E-06   1.5549890E-05  -3.5523899E-04   3.9462481E-05  -8.0444777E-05   3.3827913E-06  -6.1857585E-06   1.1223901E-06   4.3371951E-08   3.5341537E-07   5.9389046E-07
 -5.7783692E-09   3.6039843E-09   9.3317251E-09  -4.7153175E-08   7.0136290E-07  -1.6218858E-06  -1.5899915E-07  -3.3832243E-07  -6.2173555E-08   2.5371959E-03   5.8152381E-04  -7.8272588E-03   3.1480089E-03  -2.2651273E-04  -3.9182892E-05   1.0089691E-04  -3.9369249E-06   8.1038529E-05   4.0026185E-07  -3.9827983E-05   6.2714064E-05   5.8171440E-05   4.3371951E-08   2.4653855E-06   3.1061977E-07   2.6714814E-07
 -9.6200417E-08  -2.6201327E-07  -5.6900554E-08  -2.0503202E-06  -1.0340017E-05   5.2569993E-05  -4.0700681E-06  -5.1292661E-08   1.4662798E-07   4.0912377E-03   2.4639977E-03   1.7617685E-03  -4.8910253E-04  -4.2034556E-04   1.1558223E-06  -1.8630048E-05   3.1281549E-05   4.3970458E-05  -1.0996518E-05  -8.7525502E-05   4.5236558E-06  -2.1727844E-05   3.5341537E-07   3.1061977E-07   2.4303512E-05   8.6596626E-06
 -2.4703677E-07  -7.1585549E-07   1.8747846E-08  -1.3750754E-06   3.4699107E-06   1.7231981E-05  -1.6993606E-06  -1.9898195E-06   1.7121796E-07   6.7367365E-03   4.9637570E-03   3.0871392E-03   5.4834933E-05  -2.6461317E-04   3.7856521E-06  -6.8409107E-06   2.7538072E-05  -2.6395704E-04  -2.3285139E-05  -8.1267262E-05   1.4805584E-06  -5.9347109E-06   5.9389046E-07   2.6714814E-07   8.6596626E-06   2.4278321E-05
