# omegabh2 omegach2 theta tau w wa logA ns calPlanck aps100 aps143 aps217 acib217 asz143 psr cibr xi aksz dust100 dust143 dust217 dust143x217 cal0 cal2 calTE calEE
  2.3170444E-08  -6.7223307E-08   1.3487021E-08   3.0466303E-07   3.0218065E-07   4.7824713E-06   5.7689372E-07   2.3142700E-07   2.9024865E-08  -3.6391722E-04  -2.8268636E-04   7.3688991E-05  -1.1558271E-04   1.6654011E-05   9.6077086E-07  -2.8371918E-06  -2.3922801E-10  -3.5715025E-05   6.3000952E-07   2.2774859E-07   6.7306335E-07   1.5225316E-07  -2.1606091E-10  -4.6290231E-09  -1.0144281E-07  -2.7279482E-07
 -6.7223307E-08   1.1744284E-06  -9.1874134E-08  -3.5631626E-06   5.7885252E-06  -9.6453913E-05  -5.0308779E-06  -2.7269730E-06  -2.7338193E-07   1.7966264E-04   6.8471797E-04  -5.2336783E-05   2.2786805E-04   2.6800333E-05  -5.2471599E-06   1.5723113E-05  -5.1226389E-06   6.4836594E-05  -7.5955175E-06   2.1879971E-06   8.0273547E-07   2.1418243E-07  -3.9330927E-08   1.6867249E-08  -1.2998240E-07  -5.8562836E-07
  1.3487021E-08  -9.1874134E-08   9.2412277E-08   3.9459016E-07  -1.3339941E-06   1.4254626E-05   7.4653833E-07   3.1996911E-07   3.6740273E-08   8.7461609E-05  -5.7752147E-05  -1.6870835E-04   9.7644383E-05  -2.1377263E-06   4.0659329E-07   5.3017569E-08  -9.1748904E-07  -4.5402786E-06  -2.2686540E-07   3.6656347E-07  -1.2847722E-06  -8.6246564E-07  -2.3004416E-09   9.9128468E-09  -4.9423937E-08   2.6675223E-08
  3.0466303E-07  -3.5631626E-06   3.9459016E-07   5.7255116E-05  -5.1932098E-05   4.6879342E-04   1.0430639E-04   1.1084664E-05  -5.2126592E-07  -9.6425584E-03  -6.7814490E-03  -7.9135573E-04  -1.6603018E-03   1.4816570E-04   4.3092545E-05  -9.9421379E-05   7.4320193E-06  -1.3278025E-04  -2.1787306E-06   3.2501753E-05  -1.3067214E-05   5.8953995E-06  -3.4352856E-07  -2.7395843E-07  -3.6185491E-06  -1.7019348E-06
  3.0218065E-07   5.7885252E-06  -1.3339941E-06  -5.1932098E-05   6.1195334E-03  -2.1958655E-02  -1.1253276E-04  -5.4267865E-06  -8.4688403E-06  -3.3497013E-02  -7.1857909E-03  -1.4099426E-02   7.3391036E-03   2.8312847E-04  -2.1346878E-04   1.5285831E-04  -1.5173696E-04  -7.8821162E-04   3.0585634E-04   9.4147901E-05  -2.0389870E-04  -1.2909943E-04  -1.7079569E-06  -7.5977868E-07  -9.6625411E-06  -2.1960242E-05
  4.7824713E-06  -9.6453913E-05   1.4254626E-05   4.6879342E-04  -2.1958655E-02   9.3062509E-02   8.5775867E-04   1.9344137E-04   5.3338794E-05   5.2076248E-02  -1.5454612E-02   4.1767173E-02  -3.2663008E-02   3.7939825E-03   1.3676533E-03  -1.3498307E-03   1.2746812E-03  -6.1109561E-03  -1.1783188E-03  -5.7697712E-04   5.8212543E-04   3.9079766E-04   9.2189325E-06   1.5441729E-06   3.7124965E-05   1.1135770E-04
  5.7689372E-07  -5.0308779E-06   7.4653833E-07   1.0430639E-04  -1.1253276E-04   8.5775867E-04   2.1922831E-04   1.5603627E-05   1.0314473E-05  -1.0655298E-02  -1.0308547E-02   5.8317539E-03  -4.1694987E-03   3.2613922E-04   1.0649545E-04  -2.4039731E-04   5.2036792E-05  -9.9494441E-04  -4.0387579E-05  -2.5129676E-05  -1.5078159E-06   1.2031599E-06  -8.4043630E-08  -5.7159875E-07  -7.7181288E-06  -2.1657624E-06
  2.3142700E-07  -2.7269730E-06   3.1996911E-07   1.1084664E-05  -5.4267865E-06   1.9344137E-04   1.5603627E-05   1.6841653E-05   7.2621338E-07  -2.1228607E-02  -7.6832804E-03   7.4099268E-03  -5.4950587E-03   3.7857233E-04   7.2419896E-05  -1.4417004E-04   5.5423498E-05  -2.0376337E-03   3.2253783E-05  -3.5379119E-05   2.3079588E-05  -6.0622538E-06  -2.7401934E-07  -2.0570698E-07  -2.4473380E-07  -2.4922428E-06
  2.9024865E-08  -2.7338193E-07   3.6740273E-08  -5.2126592E-07  -8.4688403E-06   5.3338794E-05   1.0314473E-05   7.2621338E-07   6.0098862E-06   4.9775284E-03   5.7086279E-04   1.2034098E-03   4.4666885E-04  -7.1209101E-05   1.1279155E-06  -1.2346161E-05   8.0014313E-06   1.5276875E-05  -3.3489822E-06  -4.5181013E-06   6.3181236E-06   9.5163470E-07   2.5634057E-08  -2.9014065E-08  -2.7465992E-07   8.1031462E-08
 -3.6391722E-04   1.7966264E-04   8.7461609E-05  -9.6425584E-03  -3.3497013E-02   5.2076248E-02  -1.0655298E-02  -2.1228607E-02   4.9775284E-03   6.1502418E+02   5.8749152E+01  -6.0310834E+01   3.4057364E+01  -2.3781893E+01  -8.1851515E-01  -1.0555659E-01  -1.2772122E-01   1.0352419E+01  -1.1395423E-01   2.6516055E-01  -3.1468110E-01  -2.2123381E-01   7.2109173E-03   2.4560295E-03   5.7845593E-04   5.6793081E-03
 -2.8268636E-04   6.8471797E-04  -5.7752147E-05  -6.7814490E-03  -7.1857909E-03  -1.5454612E-02  -1.0308547E-02  -7.6832804E-03   5.7086279E-04   5.8749152E+01   6.9315583E+01   1.1384687E+01   6.2525615E+00   9.3826816E-02  -2.5950501E-02   4.7982268E-01   9.4411414E-01  -8.9619088E+00  -3.0765749E-02  -2.4637484E-01   5.2093078E-02   7.2143634E-02   1.0712612E-03   3.4039848E-04   2.4449535E-03   5.5801009E-03
  7.3688991E-05  -5.2336783E-05  -1.6870835E-04  -7.9135573E-04  -1.4099426E-02   4.1767173E-02   5.8317539E-03   7.4099268E-03   1.2034098E-03  -6.0310834E+01   1.1384687E+01   1.7221175E+02  -8.0592028E+01   2.7557845E+00   3.0139703E-01  -9.8651605E-01   3.1361321E-01  -7.7046654E+00  -3.0779069E-02  -2.6735685E-01   5.5548544E-01  -3.0577789E-02   1.4221383E-03  -7.1971828E-03   2.8490336E-03   3.3273117E-03
 -1.1558271E-04   2.2786805E-04   9.7644383E-05  -1.6603018E-03   7.3391036E-03  -3.2663008E-02  -4.1694987E-03  -5.4950587E-03   4.4666885E-04   3.4057364E+01   6.2525615E+00  -8.0592028E+01   5.0219318E+01   1.5787749E+00  -2.8238815E-02   7.0687090E-01  -2.0900159E-01  -2.6318177E+00   6.9434677E-03   1.5868688E-01  -4.4700109E-01  -1.0020999E-01  -3.8382269E-04   2.7943361E-03  -9.3379848E-04  -2.4626812E-04
  1.6654011E-05   2.6800333E-05  -2.1377263E-06   1.4816570E-04   2.8312847E-04   3.7939825E-03   3.2613922E-04   3.7857233E-04  -7.1209101E-05  -2.3781893E+01   9.3826816E-02   2.7557845E+00   1.5787749E+00   4.2455437E+00   1.0059787E-01   1.6272412E-01  -3.1736636E-02  -3.5478379E+00  -3.5499866E-03   3.8205361E-03   1.3580748E-02   5.6562528E-02   4.7200803E-04  -1.9074666E-04  -7.6365820E-05  -3.0217783E-04
  9.6077086E-07  -5.2471599E-06   4.0659329E-07   4.3092545E-05  -2.1346878E-04   1.3676533E-03   1.0649545E-04   7.2419896E-05   1.1279155E-06  -8.1851515E-01  -2.5950501E-02   3.0139703E-01  -2.8238815E-02   1.0059787E-01   1.6438541E-02  -1.6691032E-02   1.1059459E-02  -1.0518276E-01   2.7627783E-05  -1.0648731E-03  -2.6022379E-03   5.3185369E-03   1.6636874E-05  -3.4154323E-05   1.0550033E-07   8.2739856E-06
 -2.8371918E-06   1.5723113E-05   5.3017569E-08  -9.9421379E-05   1.5285831E-04  -1.3498307E-03  -2.4039731E-04  -1.4417004E-04  -1.2346161E-05  -1.0555659E-01   4.7982268E-01  -9.8651605E-01   7.0687090E-01   1.6272412E-01  -1.6691032E-02   6.9171276E-02   5.6937886E-03  -1.6024795E-01  -5.2899899E-04   7.0556319E-03  -1.4878581E-04  -1.7053991E-02  -3.2836717E-06   9.2724123E-05   8.5337162E-06  -8.8119748E-06
 -2.3922801E-10  -5.1226389E-06  -9.1748904E-07   7.4320193E-06  -1.5173696E-04   1.2746812E-03   5.2036792E-05   5.5423498E-05   8.0014313E-06  -1.2772122E-01   9.4411414E-01   3.1361321E-01  -2.0900159E-01  -3.1736636E-02   1.1059459E-02   5.6937886E-03   8.2065254E-02   2.4157101E-02  -3.0122600E-04  -1.0828553E-03   1.1197755E-03   7.9756355E-04   1.6979704E-05   1.5102021E-06   2.9167199E-05   4.6468409E-05
 -3.5715025E-05   6.4836594E-05  -4.5402786E-06  -1.3278025E-04  -7.8821162E-04  -6.1109561E-03  -9.9494441E-04  -2.0376337E-03   1.5276875E-05   1.0352419E+01  -8.9619088E+00  -7.7046654E+00  -2.6318177E+00  -3.5478379E+00  -1.0518276E-01  -1.6024795E-01   2.4157101E-02   7.4984158E+00  -5.5770560E-03  -9.4545385E-03  -4.3883729E-03  -5.5104762E-02  -4.0257638E-04   1.2460624E-04  -2.2290813E-04  -9.0200001E-05
  6.3000952E-07  -7.5955175E-06  -2.2686540E-07  -2.1787306E-06   3.0585634E-04  -1.1783188E-03  -4.0387579E-05   3.2253783E-05  -3.3489822E-06  -1.1395423E-01  -3.0765749E-02  -3.0779069E-02   6.9434677E-03  -3.5499866E-03   2.7627783E-05  -5.2899899E-04  -3.0122600E-04  -5.5770560E-03   3.7539453E-02   2.7913641E-03  -3.7189294E-05   1.2399638E-03   3.8302489E-05  -6.9468335E-06   1.0400137E-05  -1.0258021E-05
  2.2774859E-07   2.1879971E-06   3.6656347E-07   3.2501753E-05   9.4147901E-05  -5.7697712E-04  -2.5129676E-05  -3.5379119E-05  -4.5181013E-06   2.6516055E-01  -2.4637484E-01  -2.6735685E-01   1.5868688E-01   3.8205361E-03  -1.0648731E-03   7.0556319E-03  -1.0828553E-03  -9.4545385E-03   2.7913641E-03   3.0248840E-02  -7.2680900E-04   5.1064366E-03  -7.8479614E-05  -4.5423296E-05  -7.8953692E-05  -8.9020634E-05
  6.7306335E-07   8.0273547E-07  -1.2847722E-06  -1.3067214E-05  -2.0389870E-04   5.8212543E-04  -1.5078159E-06   2.3079588E-05   6.3181236E-06  -3.1468110E-01   5.2093078E-02   5.5548544E-01  -4.4700109E-01   1.3580748E-02  -2.6022379E-03  -1.4878581E-04   1.1197755E-03  -4.3883729E-03  -3.7189294E-05  -7.2680900E-04   1.0714593E-02   8.4734891E-03   2.6302604E-06   6.3863829E-05   9.8384848E-06   1.9516177E-06
  1.5225316E-07   2.1418243E-07  -8.6246564E-07   5.8953995E-06  -1.2909943E-04   3.9079766E-04   1.2031599E-06  -6.0622538E-06   9.5163470E-07  -2.2123381E-01   7.2143634E-02  -3.0577789E-02  -1.0020999E-01   5.6562528E-02   5.3185369E-03  -1.7053991E-02   7.9756355E-04  -5.5104762E-02   1.2399638E-03   5.1064366E-03   8.4734891E-03   2.5904840E-02  -2.1908109E-06   5.9020320E-05  -2.3504617E-05  -1.1811871E-05
 -2.1606091E-10  -3.9330927E-08  -2.3004416E-09  -3.4352856E-07  -1.7079569E-06   9.2189325E-06  -8.4043630E-08  -2.7401934E-07   2.5634057E-08   7.2109173E-03   1.0712612E-03   1.4221383E-03  -3.8382269E-04   4.7200803E-04   1.6636874E-05  -3.2836717E-06   1.6979704E-05  -4.0257638E-04   3.8302489E-05  -7.8479614E-05   2.6302604E-06  -2.1908109E-06   1.1321945E-06   4.4958142E-08   4.6983876E-07   6.9708404E-07
 -4.6290231E-09   1.6867249E-08   9.9128468E-09  -2.7395843E-07  -7.5977868E-07   1.5441729E-06  -5.7159875E-07  -2.0570698E-07  -2.9014065E-08   2.4560295E-03   3.4039848E-04  -7.1971828E-03   2.7943361E-03  -1.9074666E-04  -3.4154323E-05   9.2724123E-05   1.5102021E-06   1.2460624E-04  -6.9468335E-06  -4.5423296E-05   6.3863829E-05   5.9020320E-05   4.4958142E-08   2.4273852E-06   2.3078959E-07   1.5183711E-07
 -1.0144281E-07  -1.2998240E-07  -4.9423937E-08  -3.6185491E-06  -9.6625411E-06   3.7124965E-05  -7.7181288E-06  -2.4473380E-07  -2.7465992E-07   5.7845593E-04   2.4449535E-03   2.8490336E-03  -9.3379848E-04  -7.6365820E-05   1.0550033E-07   8.5337162E-06   2.9167199E-05  -2.2290813E-04   1.0400137E-05  -7.8953692E-05   9.8384848E-06  -2.3504617E-05   4.6983876E-07   2.3078959E-07   2.3392827E-05   7.7269728E-06
 -2.7279482E-07  -5.8562836E-07   2.6675223E-08  -1.7019348E-06  -2.1960242E-05   1.1135770E-04  -2.1657624E-06  -2.4922428E-06   8.1031462E-08   5.6793081E-03   5.5801009E-03   3.3273117E-03  -2.4626812E-04  -3.0217783E-04   8.2739856E-06  -8.8119748E-06   4.6468409E-05  -9.0200001E-05  -1.0258021E-05  -8.9020634E-05   1.9516177E-06  -1.1811871E-05   6.9708404E-07   1.5183711E-07   7.7269728E-06   2.4148046E-05
