# omegabh2 omegach2 theta tau logA ns nrun calPlanck galfTE100 galfTE100143 galfTE100217 galfTE143 galfTE143217 galfTE217 cal0 cal2
  5.4642026E-08  -6.6711190E-08   1.6320035E-08   2.2537081E-07   9.0162515E-07   1.4525723E-06   6.2156628E-07   3.4222850E-08  -2.5886836E-07   6.5588114E-11  -4.9069510E-07   1.0060117E-08  -8.1104872E-07  -3.8406763E-06   5.9825687E-09   9.2508179E-10
 -6.6711190E-08   1.5912603E-06  -1.6062076E-08   2.8089529E-07   6.1606970E-06  -6.6729207E-06  -7.4487350E-06  -5.4676995E-08   6.8416823E-07   5.3143809E-07   1.7500715E-06   1.3110041E-06   1.8144558E-06   7.7670936E-06  -3.7655817E-09   1.2139887E-08
  1.6320035E-08  -1.6062076E-08   2.0873239E-07   2.2342579E-07   7.4633553E-07   2.4545603E-07  -2.5526524E-07   2.3421752E-08   2.3764160E-08  -3.9003427E-07  -6.5860205E-07  -3.4146367E-07  -5.5156520E-08  -2.6451790E-06  -9.2426232E-10  -4.7938004E-09
  2.2537081E-07   2.8089529E-07   2.2342579E-07   7.3445833E-05   1.6699660E-04  -6.9954744E-06  -6.1242412E-05  -2.3021462E-08  -7.2908260E-07  -5.5760393E-06  -3.7552176E-06  -1.2541357E-05   4.0824972E-06  -3.5163320E-05   1.3791901E-07  -4.8752739E-08
  9.0162515E-07   6.1606970E-06   7.4633553E-07   1.6699660E-04   4.7876414E-04  -3.3487591E-05  -2.2342666E-04   1.2928126E-05   8.1898559E-06  -1.0785717E-05  -7.5776343E-06  -3.1576637E-05   1.0634376E-05  -6.3620786E-06   4.5375109E-07  -3.5341178E-08
  1.4525723E-06  -6.6729207E-06   2.4545603E-07  -6.9954744E-06  -3.3487591E-05   1.9631452E-04   2.2772672E-04   2.1296373E-06   6.9239715E-06   4.9889408E-06   3.1527786E-05   2.7185230E-05   2.3227760E-05   1.4839107E-04   1.3907705E-07  -1.8519004E-07
  6.2156628E-07  -7.4487350E-06  -2.5526524E-07  -6.1242412E-05  -2.2342666E-04   2.2772672E-04   5.6706659E-04   3.2451523E-06   2.0448231E-05   5.7279882E-06   6.3865654E-05   7.3410284E-05   4.4835599E-05   2.8010475E-04   9.0679700E-08  -1.6411761E-08
  3.4222850E-08  -5.4676995E-08   2.3421752E-08  -2.3021462E-08   1.2928126E-05   2.1296373E-06   3.2451523E-06   6.3337808E-06   5.7355682E-07  -4.1106500E-07   3.1032802E-06  -1.8210618E-06  -6.8065016E-07   1.0219951E-05   2.4194716E-10  -2.5419194E-08
 -2.5886836E-07   6.8416823E-07   2.3764160E-08  -7.2908260E-07   8.1898559E-06   6.9239715E-06   2.0448231E-05   5.7355682E-07   1.4936825E-03   2.9395786E-04   1.0833140E-04  -3.4660889E-04  -8.8355209E-05  -4.9570851E-05   1.5983204E-07  -9.0235669E-08
  6.5588114E-11   5.3143809E-07  -3.9003427E-07  -5.5760393E-06  -1.0785717E-05   4.9889408E-06   5.7279882E-06  -4.1106500E-07   2.9395786E-04   9.1189149E-04   2.9967444E-05   7.6264915E-04  -6.7384665E-06  -8.2873449E-04   5.8520040E-07  -4.2992532E-07
 -4.9069510E-07   1.7500715E-06  -6.5860205E-07  -3.7552176E-06  -7.5776343E-06   3.1527786E-05   6.3865654E-05   3.1032802E-06   1.0833140E-04   2.9967444E-05   7.0611751E-03  -3.5122297E-04   6.4909187E-04   4.4065863E-03  -1.6489791E-07  -4.4103046E-07
  1.0060117E-08   1.3110041E-06  -3.4146367E-07  -1.2541357E-05  -3.1576637E-05   2.7185230E-05   7.3410284E-05  -1.8210618E-06  -3.4660889E-04   7.6264915E-04  -3.5122297E-04   2.9329014E-03   4.5025188E-04  -1.2036665E-03   8.3822699E-07  -5.1566620E-07
 -8.1104872E-07   1.8144558E-06  -5.5156520E-08   4.0824972E-06   1.0634376E-05   2.3227760E-05   4.4835599E-05  -6.8065016E-07  -8.8355209E-05  -6.7384665E-06   6.4909187E-04   4.5025188E-04   6.3503270E-03   7.8389275E-03   9.0176221E-07   2.6852254E-07
 -3.8406763E-06   7.7670936E-06  -2.6451790E-06  -3.5163320E-05  -6.3620786E-06   1.4839107E-04   2.8010475E-04   1.0219951E-05  -4.9570851E-05  -8.2873449E-04   4.4065863E-03  -1.2036665E-03   7.8389275E-03   7.4413938E-02   1.3888915E-06   3.1916820E-07
  5.9825687E-09  -3.7655817E-09  -9.2426232E-10   1.3791901E-07   4.5375109E-07   1.3907705E-07   9.0679700E-08   2.4194716E-10   1.5983204E-07   5.8520040E-07  -1.6489791E-07   8.3822699E-07   9.0176221E-07   1.3888915E-06   4.8344985E-07  -8.0992269E-09
  9.2508179E-10   1.2139887E-08  -4.7938004E-09  -4.8752739E-08  -3.5341178E-08  -1.8519004E-07  -1.6411761E-08  -2.5419194E-08  -9.0235669E-08  -4.2992532E-07  -4.4103046E-07  -5.1566620E-07   2.6852254E-07   3.1916820E-07  -8.0992269E-09   4.1874672E-07
