# omegabh2 omegach2 theta tau mnu nnu logA ns calPlanck acib217 xi asz143 aps100 aps143 aps143217 aps217 aksz kgal100 kgal143 kgal143217 kgal217 galfTE100 galfTE100143 galfTE100217 galfTE143 galfTE143217 galfTE217 cal0 cal2
  3.1852093E-08   2.8468310E-07  -2.8196462E-08   1.7220031E-07   9.6302880E-07   2.0794008E-05   1.2064200E-06   8.1217502E-07   1.7341725E-08   5.8139860E-05  -2.2855474E-06   1.2239685E-05   1.7283753E-04   6.6887828E-05   4.0934071E-05   5.3749332E-06   3.3500112E-06   4.7814153E-06   8.0066188E-06   1.2523098E-05  -1.3286441E-05  -1.1337917E-07  -1.7248778E-07  -3.0508553E-07  -1.9468979E-07  -5.7473130E-07  -1.7492284E-06   3.1180119E-09   2.0212377E-10
  2.8468310E-07   8.3725077E-06  -9.0143669E-07  -1.7096208E-06   1.1109455E-05   4.7314210E-04   1.7653072E-05   1.3648267E-05  -2.4114367E-07   2.6353282E-03  -4.3014183E-05  -2.8575137E-04   1.1594218E-02   5.9970851E-03   2.2283061E-03  -4.9541322E-04   1.0172792E-03   5.9384577E-05   3.6850028E-04   5.1122592E-04  -3.7092430E-04  -6.5107062E-07  -1.2042934E-06   3.9498926E-06  -5.6523000E-07  -1.7346928E-06   1.8837743E-05  -1.4553753E-08   3.9065378E-08
 -2.8196462E-08  -9.0143669E-07   1.7916296E-07   5.0568822E-08  -1.9060414E-06  -5.4329492E-05  -2.1395317E-06  -1.6141063E-06   4.2281346E-09  -3.1604969E-04   5.7825360E-06   4.1304662E-05  -1.3238468E-03  -6.5709414E-04  -2.2426483E-04   1.0236599E-04  -1.1604854E-04  -1.6419039E-05  -3.8365319E-05  -4.1409256E-05   6.3084695E-05   1.1590659E-08   1.0098176E-07  -7.9985129E-07   2.4880527E-08  -2.6923649E-07  -3.0465424E-06  -1.6560935E-09  -4.7392892E-09
  1.7220031E-07  -1.7096208E-06   5.0568822E-08   4.5527529E-05   4.6023186E-05   2.8576341E-05   8.4029905E-05   8.3449831E-06  -1.1717677E-06  -4.2472856E-04   3.3118645E-05   1.1070897E-05  -5.0011347E-03  -2.0410572E-03  -8.0065961E-04  -8.4683235E-04  -4.8058338E-04   2.8802171E-04  -2.0658873E-04  -4.2177650E-04  -7.2695988E-04  -2.7542804E-06  -4.1152830E-06  -3.3474565E-06  -9.3247977E-06   3.9183804E-07  -4.1002311E-05  -2.7491068E-08  -7.6362756E-09
  9.6302880E-07   1.1109455E-05  -1.9060414E-06   4.6023186E-05   1.1989289E-03   9.6820794E-04   1.2693518E-04   4.1496447E-05   1.9375735E-06   2.4553989E-03  -1.3977825E-04  -1.3711764E-03   1.1923289E-02   9.6953793E-03   4.2931013E-04  -7.0416980E-04   2.5068076E-03  -3.8197432E-04   1.4419652E-03   1.6943741E-03   3.0061743E-03  -3.3095881E-05  -9.6170791E-06  -4.8466762E-06   4.2972429E-05   3.0807863E-05  -1.7417894E-04  -3.5215369E-07   2.7493219E-07
  2.0794008E-05   4.7314210E-04  -5.4329492E-05   2.8576341E-05   9.6820794E-04   2.9697993E-02   1.2645308E-03   9.8169793E-04  -9.7251198E-06   1.6539785E-01  -3.0171162E-03  -1.6481722E-02   6.6259563E-01   3.4285584E-01   1.2299721E-01  -4.0764425E-02   5.9280836E-02   7.0426686E-03   2.1974644E-02   2.5694825E-02  -3.1534661E-02  -3.8314601E-05  -1.0813965E-04   9.5573168E-05  -7.2071495E-05  -9.9921386E-05   6.5151390E-04  -7.4728197E-07   2.5321241E-06
  1.2064200E-06   1.7653072E-05  -2.1395317E-06   8.4029905E-05   1.2693518E-04   1.2645308E-03   2.3506113E-04   5.0577977E-05   9.1978136E-06   5.3446138E-03  -1.7351192E-05  -4.3970377E-04   2.0008910E-02   1.1838024E-02   6.7454442E-03   3.2602514E-03   5.1718736E-04   3.7623861E-04  -8.9618976E-05   2.4411640E-04  -4.2226322E-04  -1.1481022E-05  -1.3857196E-05  -1.2473537E-06  -2.0348669E-05  -6.8195651E-06  -1.6909897E-05   3.0011680E-08   1.2090348E-07
  8.1217502E-07   1.3648267E-05  -1.6141063E-06   8.3449831E-06   4.1496447E-05   9.8169793E-04   5.0577977E-05   4.5708371E-05  -1.8930156E-07   2.0623511E-03  -4.0606754E-05   2.2542330E-04   2.0109969E-03   5.6330383E-03   4.9523874E-03   2.4769988E-03   6.1907734E-05   7.6830319E-04   4.3404112E-04   4.6007400E-04  -2.5709315E-04  -3.1640207E-06  -4.1958230E-06  -1.8205678E-07  -5.3262856E-06   8.5111188E-07   1.1155482E-05  -8.9801392E-08   1.0927817E-08
  1.7341725E-08  -2.4114367E-07   4.2281346E-09  -1.1717677E-06   1.9375735E-06  -9.7251198E-06   9.1978136E-06  -1.8930156E-07   5.9269257E-06   3.2766659E-04  -2.8163543E-06   1.3190157E-04   1.7379893E-03   1.9368032E-04   5.2378136E-04   1.6783459E-03  -2.1909456E-04  -3.4764495E-06  -4.0291809E-05   1.5756227E-04   1.1281116E-03  -1.7889255E-06  -8.3279739E-07  -1.4490684E-06  -9.5931585E-08   2.2275478E-07   1.6522914E-05  -1.1919634E-08   1.7081190E-08
  5.8139860E-05   2.6353282E-03  -3.1604969E-04  -4.2472856E-04   2.4553989E-03   1.6539785E-01   5.3446138E-03   2.0623511E-03   3.2766659E-04   4.3849896E+01  -3.9759455E-01  -7.6007395E-01   3.3319444E+01   2.6961190E+00  -1.1850463E+01  -5.3463329E+01  -7.9017787E-02   6.8532318E-02   4.8899921E-01  -5.9460697E+00  -3.3200533E+01  -7.8654697E-04   2.8796300E-04   5.8988342E-03   4.7803837E-03   2.0670358E-04   6.6642906E-03  -1.9809610E-04   6.6780467E-04
 -2.2855474E-06  -4.3014183E-05   5.7825360E-06   3.3118645E-05  -1.3977825E-04  -3.0171162E-03  -1.7351192E-05  -4.0606754E-05  -2.8163543E-06  -3.9759455E-01   7.9212971E-02  -3.3102144E-02  -8.0385537E-01   8.6664769E-01   1.6654593E+00   6.2281892E-01   4.4358481E-02  -3.9514208E-03   8.5365151E-03   1.1209330E-01   1.5630274E-01  -4.0377396E-04  -1.2007473E-04   5.1128111E-04  -2.8077841E-04   4.8683485E-04   2.5939674E-03   1.5906934E-06  -3.6486694E-06
  1.2239685E-05  -2.8575137E-04   4.1304662E-05   1.1070897E-05  -1.3711764E-03  -1.6481722E-02  -4.3970377E-04   2.2542330E-04   1.3190157E-04  -7.6007395E-01  -3.3102144E-02   3.7513435E+00  -2.9866988E+01  -3.7394103E+00   7.3882027E+00   5.0123253E+00  -2.5194671E+00  -2.6742942E-01   1.6414378E-01   2.4343003E+00   2.8569885E+00   8.2372939E-04   3.3169067E-04  -2.3909933E-03   2.1620480E-04   2.4259783E-03  -4.3654037E-03   1.1217734E-04  -6.1764085E-05
  1.7283753E-04   1.1594218E-02  -1.3238468E-03  -5.0011347E-03   1.1923289E-02   6.6259563E-01   2.0008910E-02   2.0109969E-03   1.7379893E-03   3.3319444E+01  -8.0385537E-01  -2.9866988E+01   7.6707527E+02   7.2998116E+01  -5.6262853E+01  -5.5158187E+01   1.2707594E+01  -5.5252387E+00   5.2137602E+00  -9.9787246E+00  -1.7559955E+01   1.6078453E-02  -2.2295812E-04   2.1922037E-02   3.5617161E-02  -8.3217633E-04  -3.4242430E-02   3.6466428E-03   1.0407673E-03
  6.6887828E-05   5.9970851E-03  -6.5709414E-04  -2.0410572E-03   9.6953793E-03   3.4285584E-01   1.1838024E-02   5.6330383E-03   1.9368032E-04   2.6961190E+00   8.6664769E-01  -3.7394103E+00   7.2998116E+01   6.3008173E+01   3.8548279E+01   1.3362639E+01  -3.6231950E+00  -3.0584863E-01  -1.3246975E+00   3.2088922E+00   3.6434564E+00  -4.7444781E-03  -2.3980818E-03   4.8617472E-03  -1.6140758E-03   2.2507448E-03   1.5924678E-02   6.8136530E-05   2.2837184E-04
  4.0934071E-05   2.2283061E-03  -2.2426483E-04  -8.0065961E-04   4.2931013E-04   1.2299721E-01   6.7454442E-03   4.9523874E-03   5.2378136E-04  -1.1850463E+01   1.6654593E+00   7.3882027E+00  -5.6262853E+01   3.8548279E+01   8.3027800E+01   5.0187168E+01  -1.0244955E+01  -8.2812703E-01  -5.2729470E-01   4.5023109E+00   6.8513883E+00  -4.1164384E-03  -1.2394041E-03  -1.0308009E-03  -5.5006613E-03   1.4699857E-02   1.9790967E-02   3.7758667E-04  -3.9140959E-04
  5.3749332E-06  -4.9541322E-04   1.0236599E-04  -8.4683235E-04  -7.0416980E-04  -4.0764425E-02   3.2602514E-03   2.4769988E-03   1.6783459E-03  -5.3463329E+01   6.2281892E-01   5.0123253E+00  -5.5158187E+01   1.3362639E+01   5.0187168E+01   1.0047882E+02  -8.3816436E+00  -4.9740698E-01  -9.3184330E-01   5.5646232E+00   3.2769487E+01   3.6293995E-03  -1.7122565E-03  -2.1713109E-02  -1.0776227E-03   2.0528258E-03  -2.5743180E-02   4.7810332E-04  -1.2612625E-03
  3.3500112E-06   1.0172792E-03  -1.1604854E-04  -4.8058338E-04   2.5068076E-03   5.9280836E-02   5.1718736E-04   6.1907734E-05  -2.1909456E-04  -7.9017787E-02   4.4358481E-02  -2.5194671E+00   1.2707594E+01  -3.6231950E+00  -1.0244955E+01  -8.3816436E+00   5.4177020E+00   1.1660986E-01  -2.2714162E-01  -1.8845541E+00  -2.0120267E+00  -1.1838960E-03  -1.7687718E-04   2.0768440E-03  -7.0795442E-04  -2.3670797E-03   1.1360458E-02  -1.0135545E-04  -3.1549976E-06
  4.7814153E-06   5.9384577E-05  -1.6419039E-05   2.8802171E-04  -3.8197432E-04   7.0426686E-03   3.7623861E-04   7.6830319E-04  -3.4764495E-06   6.8532318E-02  -3.9514208E-03  -2.6742942E-01  -5.5252387E+00  -3.0584863E-01  -8.2812703E-01  -4.9740698E-01   1.1660986E-01   3.3564261E+00   5.1871097E-01   7.6217890E-02   8.4875827E-02  -9.2737898E-04  -6.8911617E-04  -1.4876363E-03  -2.7647833E-03  -6.4373287E-04   5.8181030E-03   1.6626877E-04   5.8925141E-06
  8.0066188E-06   3.6850028E-04  -3.8365319E-05  -2.0658873E-04   1.4419652E-03   2.1974644E-02  -8.9618976E-05   4.3404112E-04  -4.0291809E-05   4.8899921E-01   8.5365151E-03   1.6414378E-01   5.2137602E+00  -1.3246975E+00  -5.2729470E-01  -9.3184330E-01  -2.2714162E-01   5.1871097E-01   3.2185766E+00   2.8117220E+00   2.9028685E+00   1.0734687E-03  -7.5199117E-04   2.3063013E-03  -9.8381797E-04   5.7741817E-03   1.7566870E-02  -1.9630489E-04  -2.9362352E-05
  1.2523098E-05   5.1122592E-04  -4.1409256E-05  -4.2177650E-04   1.6943741E-03   2.5694825E-02   2.4411640E-04   4.6007400E-04   1.5756227E-04  -5.9460697E+00   1.1209330E-01   2.4343003E+00  -9.9787246E+00   3.2088922E+00   4.5023109E+00   5.5646232E+00  -1.8845541E+00   7.6217890E-02   2.8117220E+00   1.0837526E+01   1.9453152E+01   4.2838430E-04  -6.9138299E-04   2.2093825E-03  -1.6180702E-03   7.6139536E-03   2.5256830E-02  -1.6511153E-05   4.4373761E-04
 -1.3286441E-05  -3.7092430E-04   6.3084695E-05  -7.2695988E-04   3.0061743E-03  -3.1534661E-02  -4.2226322E-04  -2.5709315E-04   1.1281116E-03  -3.3200533E+01   1.5630274E-01   2.8569885E+00  -1.7559955E+01   3.6434564E+00   6.8513883E+00   3.2769487E+01  -2.0120267E+00   8.4875827E-02   2.9028685E+00   1.9453152E+01   5.3911634E+01   7.7840661E-04  -4.3320265E-04   2.0276756E-03  -5.8881515E-03   7.5590924E-03   2.6212270E-02   9.5295546E-05   1.0233735E-03
 -1.1337917E-07  -6.5107062E-07   1.1590659E-08  -2.7542804E-06  -3.3095881E-05  -3.8314601E-05  -1.1481022E-05  -3.1640207E-06  -1.7889255E-06  -7.8654697E-04  -4.0377396E-04   8.2372939E-04   1.6078453E-02  -4.7444781E-03  -4.1164384E-03   3.6293995E-03  -1.1838960E-03  -9.2737898E-04   1.0734687E-03   4.2838430E-04   7.7840661E-04   1.3899554E-03   2.7632853E-04   5.6900643E-05  -3.4060114E-04  -9.5442874E-05  -1.5799571E-04  -1.7350223E-07   2.6509856E-07
 -1.7248778E-07  -1.2042934E-06   1.0098176E-07  -4.1152830E-06  -9.6170791E-06  -1.0813965E-04  -1.3857196E-05  -4.1958230E-06  -8.3279739E-07   2.8796300E-04  -1.2007473E-04   3.3169067E-04  -2.2295812E-04  -2.3980818E-03  -1.2394041E-03  -1.7122565E-03  -1.7687718E-04  -6.8911617E-04  -7.5199117E-04  -6.9138299E-04  -4.3320265E-04   2.7632853E-04   8.9315561E-04   3.8980275E-05   7.5676378E-04  -9.8610081E-06  -6.4987969E-04  -1.3214635E-07  -7.8971948E-08
 -3.0508553E-07   3.9498926E-06  -7.9985129E-07  -3.3474565E-06  -4.8466762E-06   9.5573168E-05  -1.2473537E-06  -1.8205678E-07  -1.4490684E-06   5.8988342E-03   5.1128111E-04  -2.3909933E-03   2.1922037E-02   4.8617472E-03  -1.0308009E-03  -2.1713109E-02   2.0768440E-03  -1.4876363E-03   2.3063013E-03   2.2093825E-03   2.0276756E-03   5.6900643E-05   3.8980275E-05   7.1959549E-03  -3.2177837E-04   6.6339295E-04   4.7799421E-03  -1.3932022E-06   5.9900933E-07
 -1.9468979E-07  -5.6523000E-07   2.4880527E-08  -9.3247977E-06   4.2972429E-05  -7.2071495E-05  -2.0348669E-05  -5.3262856E-06  -9.5931585E-08   4.7803837E-03  -2.8077841E-04   2.1620480E-04   3.5617161E-02  -1.6140758E-03  -5.5006613E-03  -1.0776227E-03  -7.0795442E-04  -2.7647833E-03  -9.8381797E-04  -1.6180702E-03  -5.8881515E-03  -3.4060114E-04   7.5676378E-04  -3.2177837E-04   2.9591495E-03   4.2966218E-04  -9.1030667E-04   1.9029075E-07  -3.7630200E-07
 -5.7473130E-07  -1.7346928E-06  -2.6923649E-07   3.9183804E-07   3.0807863E-05  -9.9921386E-05  -6.8195651E-06   8.5111188E-07   2.2275478E-07   2.0670358E-04   4.8683485E-04   2.4259783E-03  -8.3217633E-04   2.2507448E-03   1.4699857E-02   2.0528258E-03  -2.3670797E-03  -6.4373287E-04   5.7741817E-03   7.6139536E-03   7.5590924E-03  -9.5442874E-05  -9.8610081E-06   6.6339295E-04   4.2966218E-04   6.4328087E-03   7.9573382E-03  -2.8047241E-07  -4.9839418E-07
 -1.7492284E-06   1.8837743E-05  -3.0465424E-06  -4.1002311E-05  -1.7417894E-04   6.5151390E-04  -1.6909897E-05   1.1155482E-05   1.6522914E-05   6.6642906E-03   2.5939674E-03  -4.3654037E-03  -3.4242430E-02   1.5924678E-02   1.9790967E-02  -2.5743180E-02   1.1360458E-02   5.8181030E-03   1.7566870E-02   2.5256830E-02   2.6212270E-02  -1.5799571E-04  -6.4987969E-04   4.7799421E-03  -9.1030667E-04   7.9573382E-03   7.3036117E-02  -3.0675246E-06  -1.3254164E-06
  3.1180119E-09  -1.4553753E-08  -1.6560935E-09  -2.7491068E-08  -3.5215369E-07  -7.4728197E-07   3.0011680E-08  -8.9801392E-08  -1.1919634E-08  -1.9809610E-04   1.5906934E-06   1.1217734E-04   3.6466428E-03   6.8136530E-05   3.7758667E-04   4.7810332E-04  -1.0135545E-04   1.6626877E-04  -1.9630489E-04  -1.6511153E-05   9.5295546E-05  -1.7350223E-07  -1.3214635E-07  -1.3932022E-06   1.9029075E-07  -2.8047241E-07  -3.0675246E-06   3.6422277E-07   2.4379149E-09
  2.0212377E-10   3.9065378E-08  -4.7392892E-09  -7.6362756E-09   2.7493219E-07   2.5321241E-06   1.2090348E-07   1.0927817E-08   1.7081190E-08   6.6780467E-04  -3.6486694E-06  -6.1764085E-05   1.0407673E-03   2.2837184E-04  -3.9140959E-04  -1.2612625E-03  -3.1549976E-06   5.8925141E-06  -2.9362352E-05   4.4373761E-04   1.0233735E-03   2.6509856E-07  -7.8971948E-08   5.9900933E-07  -3.7630200E-07  -4.9839418E-07  -1.3254164E-06   2.4379149E-09   3.8526326E-07
