# omegabh2 omegach2 theta tau alpha1 logA ns calPlanck acib217 xi asz143 aps100 aps143 aps143217 aps217 aksz kgal100 kgal143 kgal143217 kgal217 cal0 cal2
  5.0054074E-08  -3.4416219E-08  -3.7949486E-09   5.6541140E-07  -1.7855660E-07   1.4015231E-06  -1.6969071E-07   1.7288352E-08  -1.0676018E-04   2.1962038E-06   1.4676516E-05  -4.6742418E-04  -4.7938497E-04  -2.7727398E-04  -1.4559961E-04  -1.5900046E-05  -9.9440070E-06  -1.2758914E-05  -4.1984652E-05  -3.0656322E-05   1.5069632E-09  -5.7096159E-09
 -3.4416219E-08   1.2380070E-06  -8.8203874E-08  -2.5322285E-06  -2.4169605E-07  -2.2102903E-06  -3.3251205E-06  -2.0695326E-07   1.8986768E-04   2.3746209E-06  -3.1323635E-05   4.5835364E-04   3.8024881E-04   8.9289923E-05  -1.6615634E-04   1.3755155E-04   5.6265461E-06   6.0228565E-05   4.5846215E-05  -9.5676064E-05  -2.2450503E-08  -4.2608971E-09
 -3.7949486E-09  -8.8203874E-08   2.1843264E-07  -1.6918298E-07   3.3833366E-07  -7.8627905E-07   1.1767639E-06  -5.2975216E-11  -1.8725012E-05  -2.6163352E-06   2.6587643E-05   1.5547135E-05  -1.7511838E-05   3.3610194E-05   8.8042911E-05  -6.7255856E-05  -2.0478107E-05   1.6477990E-05   3.9005338E-05   5.7024134E-05  -2.8354987E-09   7.5243857E-10
  5.6541140E-07  -2.5322285E-06  -1.6918298E-07   6.0859259E-05  -3.5398218E-06   1.1513443E-04   2.5065635E-06  -1.6911009E-06  -2.2990550E-03  -1.4839416E-05   2.2504480E-05  -4.1163482E-03  -7.6852194E-03  -5.2738214E-03  -2.1563262E-03  -2.0335723E-04   2.2186758E-04   2.6860318E-04  -6.8377895E-05   7.9651471E-04   6.4623295E-08   2.4641881E-08
 -1.7855660E-07  -2.4169605E-07   3.3833366E-07  -3.5398218E-06   2.6543932E-06  -1.0634988E-05   5.5490510E-06  -8.1277639E-08  -6.9219571E-05  -1.9115830E-06   1.8426064E-04  -9.5032522E-04   7.0544106E-04   1.0430769E-03   9.3281758E-04  -3.7853183E-04   2.6280882E-07  -4.0622177E-05   1.9373839E-04   3.0519599E-04  -2.9309324E-08   1.7763907E-08
  1.4015231E-06  -2.2102903E-06  -7.8627905E-07   1.1513443E-04  -1.0634988E-05   2.5643134E-04  -1.0657633E-05   8.9480225E-06  -2.8566373E-03  -4.1249280E-05  -1.4647565E-05  -6.3720350E-03  -1.3993272E-02  -9.5376820E-03  -1.5737101E-03  -7.6443877E-04   4.9164173E-05  -7.6701058E-05  -1.0761467E-03   1.6352729E-03   1.3176597E-07  -3.2757939E-09
 -1.6969071E-07  -3.3251205E-06   1.1767639E-06   2.5065635E-06   5.5490510E-06  -1.0657633E-05   3.0703579E-05   4.4190329E-07  -5.2499191E-03   7.0227801E-05   1.5307589E-03  -2.5238019E-02  -6.5227402E-03   3.9595080E-03   8.1106782E-03  -3.5681186E-03   3.7531871E-04  -4.3110938E-04  -1.4051002E-04   2.1684021E-03  -1.2367998E-07  -4.3132889E-09
  1.7288352E-08  -2.0695326E-07  -5.2975216E-11  -1.6911009E-06  -8.1277639E-08   8.9480225E-06   4.4190329E-07   6.3966867E-06   1.2539490E-03  -2.7049618E-05   1.0269362E-04   1.9925751E-03   6.6963339E-04   3.3322854E-04   8.8655073E-04  -1.6108498E-04  -4.5041613E-06  -1.7370536E-04  -2.1140485E-04   4.0033764E-04  -5.8557181E-08   9.1677830E-09
 -1.0676018E-04   1.8986768E-04  -1.8725012E-05  -2.2990550E-03  -6.9219571E-05  -2.8566373E-03  -5.2499191E-03   1.2539490E-03   4.5503886E+01  -3.8204050E-01  -1.8352771E-01   3.0571120E+01   3.2136368E+00  -9.2908121E+00  -5.2877592E+01  -7.3595471E-01   6.8163422E-02   3.5923065E-02  -6.6010808E+00  -3.5200251E+01  -9.8147035E-05   6.1333429E-04
  2.1962038E-06   2.3746209E-06  -2.6163352E-06  -1.4839416E-05  -1.9115830E-06  -4.1249280E-05   7.0227801E-05  -2.7049618E-05  -3.8204050E-01   8.1605632E-02  -4.4531056E-02  -6.0163089E-01   9.1550679E-01   1.6272647E+00   5.8181813E-01   4.3724404E-02   1.2493967E-02   2.8500254E-02   1.2208414E-01   1.6553717E-01   1.1998269E-06  -1.9469966E-07
  1.4676516E-05  -3.1323635E-05   2.6587643E-05   2.2504480E-05   1.8426064E-04  -1.4647565E-05   1.5307589E-03   1.0269362E-04  -1.8352771E-01  -4.4531056E-02   4.1543954E+00  -3.2451175E+01  -3.2847370E+00   8.6006622E+00   5.4675942E+00  -3.1922722E+00  -2.1093763E-01   1.3058314E-01   2.6128531E+00   2.6779591E+00   7.4738826E-05  -4.8728309E-05
 -4.6742418E-04   4.5835364E-04   1.5547135E-05  -4.1163482E-03  -9.5032522E-04  -6.3720350E-03  -2.5238019E-02   1.9925751E-03   3.0571120E+01  -6.0163089E-01  -3.2451175E+01   7.9519271E+02   6.9304332E+01  -6.0539952E+01  -5.8260883E+01   1.6785554E+01  -5.7822086E+00   5.3962228E+00  -1.2524456E+01  -2.0637077E+01   4.2838840E-03   4.1043029E-04
 -4.7938497E-04   3.8024881E-04  -1.7511838E-05  -7.6852194E-03   7.0544106E-04  -1.3993272E-02  -6.5227402E-03   6.6963339E-04   3.2136368E+00   9.1550679E-01  -3.2847370E+00   6.9304332E+01   6.4984563E+01   4.1777407E+01   1.5654511E+01  -5.1559451E+00  -4.4770348E-02  -8.4519230E-01   4.0249559E+00   4.1836609E+00   2.1794967E-04   1.7664696E-04
 -2.7727398E-04   8.9289923E-05   3.3610194E-05  -5.2738214E-03   1.0430769E-03  -9.5376820E-03   3.9595080E-03   3.3322854E-04  -9.2908121E+00   1.6272647E+00   8.6006622E+00  -6.0539952E+01   4.1777407E+01   8.8406995E+01   5.3151916E+01  -1.3725752E+01  -4.9625249E-01  -1.4259382E-01   4.9727424E+00   5.6687485E+00   3.2295139E-04  -3.2919943E-04
 -1.4559961E-04  -1.6615634E-04   8.8042911E-05  -2.1563262E-03   9.3281758E-04  -1.5737101E-03   8.1106782E-03   8.8655073E-04  -5.2877592E+01   5.8181813E-01   5.4675942E+00  -5.8260883E+01   1.5654511E+01   5.3151916E+01   1.0201146E+02  -1.0300956E+01  -4.8829082E-01  -3.8955415E-01   6.3417820E+00   3.3173107E+01   2.8898509E-04  -1.2816049E-03
 -1.5900046E-05   1.3755155E-04  -6.7255856E-05  -2.0335723E-04  -3.7853183E-04  -7.6443877E-04  -3.5681186E-03  -1.6108498E-04  -7.3595471E-01   4.3724404E-02  -3.1922722E+00   1.6785554E+01  -5.1559451E+00  -1.3725752E+01  -1.0300956E+01   6.6892480E+00   8.4712650E-02  -2.1967054E-01  -2.0933593E+00  -1.6488338E+00  -7.9192114E-05   2.0689425E-05
 -9.9440070E-06   5.6265461E-06  -2.0478107E-05   2.2186758E-04   2.6280882E-07   4.9164173E-05   3.7531871E-04  -4.5041613E-06   6.8163422E-02   1.2493967E-02  -2.1093763E-01  -5.7822086E+00  -4.4770348E-02  -4.9625249E-01  -4.8829082E-01   8.4712650E-02   3.3068618E+00   5.2291342E-01   2.0472518E-01   1.5443429E-01   1.6925751E-04   2.0551592E-05
 -1.2758914E-05   6.0228565E-05   1.6477990E-05   2.6860318E-04  -4.0622177E-05  -7.6701058E-05  -4.3110938E-04  -1.7370536E-04   3.5923065E-02   2.8500254E-02   1.3058314E-01   5.3962228E+00  -8.4519230E-01  -1.4259382E-01  -3.8955415E-01  -2.1967054E-01   5.2291342E-01   3.0321019E+00   2.6751811E+00   2.8425881E+00  -1.9101651E-04  -1.8376476E-05
 -4.1984652E-05   4.5846215E-05   3.9005338E-05  -6.8377895E-05   1.9373839E-04  -1.0761467E-03  -1.4051002E-04  -2.1140485E-04  -6.6010808E+00   1.2208414E-01   2.6128531E+00  -1.2524456E+01   4.0249559E+00   4.9727424E+00   6.3417820E+00  -2.0933593E+00   2.0472518E-01   2.6751811E+00   1.1204355E+01   2.0207611E+01  -5.4998875E-05   4.3338500E-04
 -3.0656322E-05  -9.5676064E-05   5.7024134E-05   7.9651471E-04   3.0519599E-04   1.6352729E-03   2.1684021E-03   4.0033764E-04  -3.5200251E+01   1.6553717E-01   2.6779591E+00  -2.0637077E+01   4.1836609E+00   5.6687485E+00   3.3173107E+01  -1.6488338E+00   1.5443429E-01   2.8425881E+00   2.0207611E+01   5.6133846E+01  -1.1880947E-05   1.0279464E-03
  1.5069632E-09  -2.2450503E-08  -2.8354987E-09   6.4623295E-08  -2.9309324E-08   1.3176597E-07  -1.2367998E-07  -5.8557181E-08  -9.8147035E-05   1.1998269E-06   7.4738826E-05   4.2838840E-03   2.1794967E-04   3.2295139E-04   2.8898509E-04  -7.9192114E-05   1.6925751E-04  -1.9101651E-04  -5.4998875E-05  -1.1880947E-05   3.7748328E-07   1.7476935E-09
 -5.7096159E-09  -4.2608971E-09   7.5243857E-10   2.4641881E-08   1.7763907E-08  -3.2757939E-09  -4.3132889E-09   9.1677830E-09   6.1333429E-04  -1.9469966E-07  -4.8728309E-05   4.1043029E-04   1.7664696E-04  -3.2919943E-04  -1.2816049E-03   2.0689425E-05   2.0551592E-05  -1.8376476E-05   4.3338500E-04   1.0279464E-03   1.7476935E-09   3.6925866E-07
