# omegabh2 omegach2 theta tau mnu w logA ns calPlanck acib217 xi asz143 aps100 aps143 aps143217 aps217 aksz kgal100 kgal143 kgal143217 kgal217 cal0 cal2
    0.4740670E-07   -0.1996820E-06    0.4326134E-07    0.1479182E-05   -0.3370682E-05    0.8571753E-05    0.2641398E-05    0.6427162E-06    0.2178585E-07   -0.1936911E-03    0.3145012E-05    0.6278476E-04   -0.9315091E-03   -0.5147665E-03   -0.1246135E-03    0.2832887E-04   -0.8378217E-04    0.3476190E-05    0.1460612E-05   -0.1415758E-04    0.8067314E-05    0.2318407E-08   -0.2426112E-07
   -0.1996820E-06    0.3169247E-05   -0.2752770E-06   -0.2139048E-04    0.1566380E-04   -0.1009182E-03   -0.3574293E-04   -0.7990330E-05   -0.2355411E-06    0.8368730E-03   -0.1436210E-04   -0.2931139E-03    0.4321884E-02    0.2223947E-02    0.3904084E-03   -0.2764827E-03    0.4485819E-03    0.2852701E-04    0.3419531E-04    0.1317605E-03    0.7487739E-04   -0.2765592E-07    0.1189679E-06
    0.4326134E-07   -0.2752770E-06    0.1994843E-06    0.2521543E-05   -0.9336625E-05    0.1650484E-04    0.4694906E-05    0.9721569E-06    0.3242532E-07   -0.1360458E-03    0.3418038E-05    0.4411679E-04   -0.5467205E-03   -0.2896470E-03   -0.8326302E-06    0.6294278E-04   -0.7002018E-04   -0.4590726E-05   -0.1791505E-06    0.3117218E-05    0.2987689E-04    0.5101309E-08   -0.1690907E-07
    0.1479182E-05   -0.2139048E-04    0.2521543E-05    0.3279833E-03    0.7746956E-03    0.2765763E-03    0.5967353E-03    0.6369706E-04   -0.1722001E-05   -0.1007485E-01    0.1442226E-03    0.3005675E-02   -0.5348531E-01   -0.2247346E-01   -0.2634974E-02    0.4958358E-02   -0.4848036E-02    0.1637630E-03   -0.1886745E-03   -0.1799531E-02   -0.1255387E-02   -0.1072015E-06   -0.1444267E-05
   -0.3370682E-05    0.1566380E-04   -0.9336625E-05    0.7746956E-03    0.1274913E-01   -0.7966868E-02    0.1567124E-02   -0.4560526E-04    0.1080530E-04    0.3259958E-02   -0.1452528E-03   -0.1028870E-02    0.8162642E-03    0.2779114E-01    0.2342901E-01    0.2747028E-01   -0.2326095E-02    0.1215013E-04   -0.4477126E-02   -0.5204506E-02   -0.1340955E-02    0.2543576E-06    0.1168641E-05
    0.8571753E-05   -0.1009182E-03    0.1650484E-04    0.2765763E-03   -0.7966868E-02    0.1030428E-01    0.3437977E-03    0.2687722E-03    0.6306210E-06   -0.3197981E-01    0.5145644E-03    0.8731262E-02   -0.1394047E+00   -0.8702056E-01   -0.2965008E-01   -0.4950673E-02   -0.1318423E-01   -0.8036497E-03    0.2103226E-02    0.1062283E-02    0.3338745E-02    0.4546416E-06   -0.4337595E-05
    0.2641398E-05   -0.3574293E-04    0.4694906E-05    0.5967353E-03    0.1567124E-02    0.3437977E-03    0.1118609E-02    0.1078544E-03    0.8089762E-05   -0.1827729E-01    0.3119502E-03    0.5343850E-02   -0.9103757E-01   -0.3763746E-01   -0.1227828E-02    0.1490278E-01   -0.9561909E-02    0.1268365E-03   -0.8221986E-03   -0.3720808E-02   -0.8419042E-03   -0.5387946E-07   -0.2714115E-05
    0.6427162E-06   -0.7990330E-05    0.9721569E-06    0.6369706E-04   -0.4560526E-04    0.2687722E-03    0.1078544E-03    0.3146756E-04    0.5894294E-06   -0.6922080E-02    0.1405405E-03    0.1947510E-02   -0.3617332E-01   -0.1141903E-01    0.2468967E-02    0.7176785E-02   -0.3773910E-02    0.2832245E-03   -0.1655520E-03   -0.7511131E-03    0.3440929E-03   -0.1016309E-06   -0.7553488E-06
    0.2178585E-07   -0.2355411E-06    0.3242532E-07   -0.1722001E-05    0.1080530E-04    0.6306210E-06    0.8089762E-05    0.5894294E-06    0.6043236E-05    0.8172410E-03   -0.1190705E-05   -0.2795394E-04    0.4003998E-02    0.7048498E-03    0.2649448E-03    0.1052714E-02   -0.1744900E-04   -0.8887172E-05   -0.2611692E-04   -0.9800899E-04    0.6092432E-03   -0.2014552E-07   -0.2933629E-07
   -0.1936911E-03    0.8368730E-03   -0.1360458E-03   -0.1007485E-01    0.3259958E-02   -0.3197981E-01   -0.1827729E-01   -0.6922080E-02    0.8172410E-03    0.4317091E+02   -0.4896980E+00   -0.1738784E+01    0.4334759E+02    0.1059537E+01   -0.2095118E+02   -0.6047161E+02    0.5195067E+00   -0.1198808E+00    0.1488046E-01   -0.1945764E+01   -0.1815716E+02   -0.2877156E-03    0.4380304E-02
    0.3145012E-05   -0.1436210E-04    0.3418038E-05    0.1442226E-03   -0.1452528E-03    0.5145644E-03    0.3119502E-03    0.1405405E-03   -0.1190705E-05   -0.4896980E+00    0.8149185E-01   -0.7704237E-01   -0.4258248E+00    0.1028792E+01    0.1856315E+01    0.7553881E+00    0.7271258E-01   -0.6040218E-03   -0.1637115E-02    0.9939627E-01    0.1114782E+00    0.9610319E-05   -0.1371920E-04
    0.6278476E-04   -0.2931139E-03    0.4411679E-04    0.3005675E-02   -0.1028870E-02    0.8731262E-02    0.5343850E-02    0.1947510E-02   -0.2795394E-04   -0.1738784E+01   -0.7704237E-01    0.3803287E+01   -0.3021000E+02   -0.4194980E+01    0.7703022E+01    0.6882981E+01   -0.2828624E+01   -0.1655913E+00    0.5367247E-01    0.2311706E+01    0.2039723E+01    0.1658069E-03   -0.3871118E-03
   -0.9315091E-03    0.4321884E-02   -0.5467205E-03   -0.5348531E-01    0.8162642E-03   -0.1394047E+00   -0.9103757E-01   -0.3617332E-01    0.4003998E-02    0.4334759E+02   -0.4258248E+00   -0.3021000E+02    0.7769970E+03    0.7395564E+02   -0.5821432E+02   -0.7126662E+02    0.1448339E+02   -0.4446114E+01    0.3165975E+01   -0.1133418E+02   -0.1594457E+02    0.6048683E-02    0.4445263E-02
   -0.5147665E-03    0.2223947E-02   -0.2896470E-03   -0.2247346E-01    0.2779114E-01   -0.8702056E-01   -0.3763746E-01   -0.1141903E-01    0.7048498E-03    0.1059537E+01    0.1028792E+01   -0.4194980E+01    0.7395564E+02    0.6428953E+02    0.4615709E+02    0.1886697E+02   -0.4356406E+01   -0.3605599E+00   -0.1224472E+01    0.3743882E+01    0.3758371E+01    0.1569476E-03    0.3561504E-03
   -0.1246135E-03    0.3904084E-03   -0.8326302E-06   -0.2634974E-02    0.2342901E-01   -0.2965008E-01   -0.1227828E-02    0.2468967E-02    0.2649448E-03   -0.2095118E+02    0.1856315E+01    0.7703022E+01   -0.5821432E+02    0.4615709E+02    0.9964011E+02    0.6830782E+02   -0.1249939E+02   -0.6477962E+00   -0.6232795E+00    0.4887254E+01    0.5559519E+01    0.7990164E-03   -0.2446632E-02
    0.2832887E-04   -0.2764827E-03    0.6294278E-04    0.4958358E-02    0.2747028E-01   -0.4950673E-02    0.1490278E-01    0.7176785E-02    0.1052714E-02   -0.6047161E+02    0.7553881E+00    0.6882981E+01   -0.7126662E+02    0.1886697E+02    0.6830782E+02    0.1222094E+03   -0.1094896E+02   -0.2335671E+00   -0.3863136E+00   -0.2755629E+00    0.1492536E+02    0.7491447E-03   -0.7639846E-02
   -0.8378217E-04    0.4485819E-03   -0.7002018E-04   -0.4848036E-02   -0.2326095E-02   -0.1318423E-01   -0.9561909E-02   -0.3773910E-02   -0.1744900E-04    0.5195067E+00    0.7271258E-01   -0.2828624E+01    0.1448339E+02   -0.4356406E+01   -0.1249939E+02   -0.1094896E+02    0.6396072E+01    0.9361313E-01   -0.8989706E-01   -0.2008282E+01   -0.1674429E+01   -0.1278051E-03    0.1905307E-03
    0.3476190E-05    0.2852701E-04   -0.4590726E-05    0.1637630E-03    0.1215013E-04   -0.8036497E-03    0.1268365E-03    0.2832245E-03   -0.8887172E-05   -0.1198808E+00   -0.6040218E-03   -0.1655913E+00   -0.4446114E+01   -0.3605599E+00   -0.6477962E+00   -0.2335671E+00    0.9361313E-01    0.3547985E+01    0.3760766E+00    0.1066600E+00    0.2539752E+00    0.2901795E-03    0.8302186E-05
    0.1460612E-05    0.3419531E-04   -0.1791505E-06   -0.1886745E-03   -0.4477126E-02    0.2103226E-02   -0.8221986E-03   -0.1655520E-03   -0.2611692E-04    0.1488046E-01   -0.1637115E-02    0.5367247E-01    0.3165975E+01   -0.1224472E+01   -0.6232795E+00   -0.3863136E+00   -0.8989706E-01    0.3760766E+00    0.3295739E+01    0.2502786E+01    0.1745544E+01   -0.2927469E-03   -0.2174345E-03
   -0.1415758E-04    0.1317605E-03    0.3117218E-05   -0.1799531E-02   -0.5204506E-02    0.1062283E-02   -0.3720808E-02   -0.7511131E-03   -0.9800899E-04   -0.1945764E+01    0.9939627E-01    0.2311706E+01   -0.1133418E+02    0.3743882E+01    0.4887254E+01   -0.2755629E+00   -0.2008282E+01    0.1066600E+00    0.2502786E+01    0.1705071E+02    0.2558248E+02   -0.8868840E-05    0.2546146E-02
    0.8067314E-05    0.7487739E-04    0.2987689E-04   -0.1255387E-02   -0.1340955E-02    0.3338745E-02   -0.8419042E-03    0.3440929E-03    0.6092432E-03   -0.1815716E+02    0.1114782E+00    0.2039723E+01   -0.1594457E+02    0.3758371E+01    0.5559519E+01    0.1492536E+02   -0.1674429E+01    0.2539752E+00    0.1745544E+01    0.2558248E+02    0.5423181E+02    0.5857890E-04    0.4576136E-02
    0.2318407E-08   -0.2765592E-07    0.5101309E-08   -0.1072015E-06    0.2543576E-06    0.4546416E-06   -0.5387946E-07   -0.1016309E-06   -0.2014552E-07   -0.2877156E-03    0.9610319E-05    0.1658069E-03    0.6048683E-02    0.1569476E-03    0.7990164E-03    0.7491447E-03   -0.1278051E-03    0.2901795E-03   -0.2927469E-03   -0.8868840E-05    0.5857890E-04    0.6027656E-06   -0.2905627E-08
   -0.2426112E-07    0.1189679E-06   -0.1690907E-07   -0.1444267E-05    0.1168641E-05   -0.4337595E-05   -0.2714115E-05   -0.7553488E-06   -0.2933629E-07    0.4380304E-02   -0.1371920E-04   -0.3871118E-03    0.4445263E-02    0.3561504E-03   -0.2446632E-02   -0.7639846E-02    0.1905307E-03    0.8302186E-05   -0.2174345E-03    0.2546146E-02    0.4576136E-02   -0.2905627E-08    0.2109268E-05
