# omegabh2 omegach2 theta tau meffsterile nnu logA ns calPlanck acib217 xi asz143 aps100 aps143 aps143217 aps217 aksz kgal100 kgal143 kgal143217 kgal217 galfTE100 galfTE100143 galfTE100217 galfTE143 galfTE143217 galfTE217 cal0 cal2
  2.0837317E-08   1.8044364E-08   6.9031658E-09   1.7361506E-07  -1.3047779E-06   3.2626225E-06   4.3421279E-07   2.6275052E-07   1.6141200E-08  -4.3768216E-05   6.9698014E-07   1.5479805E-05  -2.1274977E-04  -1.4427055E-04  -4.7114384E-05  -2.4074562E-06  -2.0453607E-05   2.3716164E-07  -4.7770649E-06  -7.3917259E-06  -4.3345668E-06  -1.0809466E-07  -8.5339913E-08  -1.8272117E-07  -3.5545909E-07  -5.2279614E-07  -1.9969032E-06   3.6944145E-09  -1.1307300E-09
  1.8044364E-08   9.2791920E-06  -2.4503216E-07  -5.4006738E-07  -5.9158562E-04   1.0982039E-04   5.4078088E-06   4.4182917E-06  -5.0141247E-07   1.0057493E-03  -1.8455258E-05  -8.1809384E-05   4.0987174E-03   1.0085815E-03  -2.8070106E-04  -1.1851945E-03   2.7885566E-04   9.5724454E-05   1.7390069E-04   2.1470867E-04  -3.6383142E-04  -4.6326602E-07  -1.9009267E-06  -2.1113466E-06  -1.2549299E-07   2.6983892E-06   1.7156630E-05   2.9645503E-09   2.0403099E-08
  6.9031658E-09  -2.4503216E-07   9.2090961E-08   7.5042266E-08   7.5713348E-06  -6.7728301E-06  -1.1994654E-07  -8.1876830E-08   1.8100194E-08  -5.7956971E-05   1.8147539E-06   7.6411282E-06  -1.9968180E-04  -7.2381958E-05   1.7149763E-05   7.8982612E-05  -1.3758055E-05  -2.8720209E-06  -1.3133592E-05  -2.1896349E-05  -2.2116817E-05   5.8096572E-09  -1.0958540E-07   5.3428499E-07  -2.9475571E-07  -2.3614731E-07  -8.8387795E-07   1.5372401E-09  -3.7894294E-09
  1.7361506E-07  -5.4006738E-07   7.5042266E-08   5.1690294E-05  -1.2867054E-05   3.2774149E-05   1.0029118E-04   7.3814262E-06  -3.8942702E-07  -1.8230808E-03   4.7430984E-05   5.6711973E-04  -1.1983044E-02  -3.5963901E-03  -1.5444961E-04   7.1283712E-04  -9.2899414E-04   2.3763179E-05  -2.3899179E-04  -2.2067410E-04   1.3671259E-04  -1.0940100E-06   2.3140890E-06   3.8468863E-06  -6.9374650E-07  -4.6985134E-06  -1.4035061E-05   4.8566589E-08  -1.4688674E-07
 -1.3047779E-06  -5.9158562E-04   7.5713348E-06  -1.2867054E-05   5.0265320E-02  -3.2348649E-03  -1.8367576E-04  -3.7350209E-04   3.5364451E-05  -2.9736413E-02  -2.5978033E-04   9.7020092E-06  -1.2450930E-01   3.6900972E-02   5.6581169E-02   9.1384554E-02  -1.0266863E-02  -7.6479416E-03  -8.0734311E-03  -7.4600736E-03   2.7217580E-02   9.2534010E-05   1.4996642E-04   8.3727288E-05   2.2847120E-05  -1.5637112E-04  -6.2772442E-04  -2.1067020E-06  -9.0809666E-07
  3.2626225E-06   1.0982039E-04  -6.7728301E-06   3.2774149E-05  -3.2348649E-03   4.2992092E-03   2.1722131E-04   1.6194415E-04  -5.6706459E-07   3.2130600E-02  -9.9056166E-04  -3.5594092E-03   1.2554466E-01   4.4358349E-02  -4.0218964E-03  -2.5681693E-02   1.0915539E-02   2.4309059E-03   5.4109722E-03   6.1037048E-03  -5.2971051E-03  -4.9045503E-06  -8.2369844E-06  -7.2355785E-05  -1.8703815E-05   3.9652894E-06   4.9841807E-05  -9.1296469E-07   3.3850531E-07
  4.3421279E-07   5.4078088E-06  -1.1994654E-07   1.0029118E-04  -1.8367576E-04   2.1722131E-04   2.3390164E-04   1.4185111E-05   1.1347469E-05  -2.3529830E-03   9.8022790E-05   1.0769379E-03  -1.6867004E-02  -2.8553896E-03   3.3016041E-03   6.6565257E-03  -2.6428114E-03  -1.6205982E-04  -8.5400003E-04  -5.5346759E-04   1.4648761E-03   4.0057672E-06   1.7013267E-06  -1.2755349E-06  -5.2851331E-06  -5.4277467E-06   2.9762244E-05   2.7400566E-07  -2.9392077E-07
  2.6275052E-07   4.4182917E-06  -8.1876830E-08   7.3814262E-06  -3.7350209E-04   1.6194415E-04   1.4185111E-05   2.1922132E-05   5.8413449E-08  -3.0889830E-03   4.9602191E-05   7.4815280E-04  -1.6006217E-02  -4.9343474E-03   6.8607596E-04   3.3098142E-03  -1.5284508E-03   3.6079513E-04  -9.5233610E-05  -7.6620883E-05   9.5986455E-04  -1.9126055E-06  -2.9098494E-07  -1.6851822E-06  -2.4007505E-06  -1.4776375E-06  -1.2146336E-05  -6.3641719E-08  -4.9036608E-08
  1.6141200E-08  -5.0141247E-07   1.8100194E-08  -3.8942702E-07   3.5364451E-05  -5.6706459E-07   1.1347469E-05   5.8413449E-08   6.1566779E-06   6.7129083E-04  -5.9177910E-06   6.3855997E-05   3.1956435E-03   8.0685624E-04   5.9264409E-04   1.4226004E-03  -1.7387301E-04   1.2445431E-05   1.4425330E-05   8.6220878E-05   8.5114496E-04   2.3388808E-06  -4.2912857E-07  -2.0386536E-06  -9.9375564E-07   2.8451481E-06   1.9860983E-05   3.4316164E-08  -4.7231408E-09
 -4.3768216E-05   1.0057493E-03  -5.7956971E-05  -1.8230808E-03  -2.9736413E-02   3.2130600E-02  -2.3529830E-03  -3.0889830E-03   6.7129083E-04   4.4626361E+01  -3.9282222E-01  -7.7325032E-01   3.7350202E+01   3.1180074E+00  -1.2176395E+01  -5.4159134E+01  -5.1948114E-01   1.5110656E-01   7.8780797E-01  -5.6491996E+00  -3.3304080E+01  -3.4783851E-03   2.7014006E-04   6.9679127E-03   9.6902401E-04   1.5731009E-02   2.7646129E-02  -2.6996893E-04   7.1110289E-04
  6.9698014E-07  -1.8455258E-05   1.8147539E-06   4.7430984E-05  -2.5978033E-04  -9.9056166E-04   9.8022790E-05   4.9602191E-05  -5.9177910E-06  -3.9282222E-01   8.1629637E-02  -4.0714500E-02  -5.2144630E-01   9.0655457E-01   1.6698339E+00   6.0093058E-01   4.4115357E-02  -7.0501405E-03   5.2347921E-03   1.1706489E-01   1.5662090E-01   6.8765855E-05  -3.9968560E-05   1.9837736E-04  -1.9917402E-04  -2.4930520E-04  -5.1198309E-04   6.8036602E-06  -2.6508207E-06
  1.5479805E-05  -8.1809384E-05   7.6411282E-06   5.6711973E-04   9.7020092E-06  -3.5594092E-03   1.0769379E-03   7.4815280E-04   6.3855997E-05  -7.7325032E-01  -4.0714500E-02   3.9166531E+00  -3.1227393E+01  -3.3523135E+00   7.7211484E+00   5.3173859E+00  -2.7871916E+00  -1.8978042E-01   1.6525184E-01   2.6852563E+00   3.2908256E+00  -2.6027379E-04  -5.9077372E-04  -2.3531986E-03  -1.1143748E-03  -1.9906654E-03  -1.6604719E-03   1.1386961E-04  -3.5731841E-05
 -2.1274977E-04   4.0987174E-03  -1.9968180E-04  -1.1983044E-02  -1.2450930E-01   1.2554466E-01  -1.6867004E-02  -1.6006217E-02   3.1956435E-03   3.7350202E+01  -5.2144630E-01  -3.1227393E+01   7.8706421E+02   7.1187569E+01  -5.5318162E+01  -6.2921181E+01   1.4615084E+01  -6.4798909E+00   5.6648198E+00  -1.3071944E+01  -2.6134610E+01  -1.6472582E-02  -9.9740851E-03   3.8422851E-02  -8.0953698E-03   3.2349770E-02   7.5581772E-02   3.5430515E-03   5.8043827E-04
 -1.4427055E-04   1.0085815E-03  -7.2381958E-05  -3.5963901E-03   3.6900972E-02   4.4358349E-02  -2.8553896E-03  -4.9343474E-03   8.0685624E-04   3.1180074E+00   9.0655457E-01  -3.3523135E+00   7.1187569E+01   6.1330161E+01   3.9526786E+01   1.3493515E+01  -4.7788506E+00  -4.2376126E-01  -1.3499610E+00   3.2572303E+00   3.1492811E+00   3.5652308E-04  -6.4420250E-04  -5.0314840E-04  -1.4057245E-03  -1.2194021E-02  -8.7317096E-03   5.4023859E-05   1.2274313E-04
 -4.7114384E-05  -2.8070106E-04   1.7149763E-05  -1.5444961E-04   5.6581169E-02  -4.0218964E-03   3.3016041E-03   6.8607596E-04   5.9264409E-04  -1.2176395E+01   1.6698339E+00   7.7211484E+00  -5.5318162E+01   3.9526786E+01   8.3893267E+01   5.1213400E+01  -1.1901579E+01  -9.7058932E-01  -7.1546088E-01   5.3193264E+00   8.4673391E+00   2.2897652E-03  -1.6487179E-03  -1.2250658E-03  -5.3431749E-03  -1.5740353E-02  -2.3862025E-02   4.4648109E-04  -2.9113661E-04
 -2.4074562E-06  -1.1851945E-03   7.8982612E-05   7.1283712E-04   9.1384554E-02  -2.5681693E-02   6.6565257E-03   3.3098142E-03   1.4226004E-03  -5.4159134E+01   6.0093058E-01   5.3173859E+00  -6.2921181E+01   1.3493515E+01   5.1213400E+01   1.0158019E+02  -8.9707949E+00  -8.1096795E-01  -1.5333838E+00   5.4924080E+00   3.3377328E+01   5.8824286E-03  -1.0301556E-03  -6.4560304E-03  -2.0801708E-03  -2.6425588E-02  -1.9327203E-02   4.7555987E-04  -1.2422061E-03
 -2.0453607E-05   2.7885566E-04  -1.3758055E-05  -9.2899414E-04  -1.0266863E-02   1.0915539E-02  -2.6428114E-03  -1.5284508E-03  -1.7387301E-04  -5.1948114E-01   4.4115357E-02  -2.7871916E+00   1.4615084E+01  -4.7788506E+00  -1.1901579E+01  -8.9707949E+00   5.9779985E+00   1.4298412E-01  -2.0716664E-01  -2.1020759E+00  -2.1651657E+00   3.9139692E-04   6.4722274E-04   2.7784329E-03   2.6247346E-03   5.0279195E-03   4.1327113E-03  -7.7099769E-05  -2.4303751E-05
  2.3716164E-07   9.5724454E-05  -2.8720209E-06   2.3763179E-05  -7.6479416E-03   2.4309059E-03  -1.6205982E-04   3.6079513E-04   1.2445431E-05   1.5110656E-01  -7.0501405E-03  -1.8978042E-01  -6.4798909E+00  -4.2376126E-01  -9.7058932E-01  -8.1096795E-01   1.4298412E-01   3.3209183E+00   5.6717098E-01   2.6162738E-01   2.9750962E-01  -1.2755078E-04   2.1562428E-04  -1.7891814E-03   2.6588347E-04  -9.1778248E-04  -9.0992563E-03   1.7232837E-04  -5.6907654E-06
 -4.7770649E-06   1.7390069E-04  -1.3133592E-05  -2.3899179E-04  -8.0734311E-03   5.4109722E-03  -8.5400003E-04  -9.5233610E-05   1.4425330E-05   7.8780797E-01   5.2347921E-03   1.6525184E-01   5.6648198E+00  -1.3499610E+00  -7.1546088E-01  -1.5333838E+00  -2.0716664E-01   5.6717098E-01   3.1680303E+00   2.6577806E+00   2.6247414E+00  -1.5610436E-04   4.9738770E-04   8.4640913E-04   8.4413037E-04   3.2332823E-03   8.0839411E-03  -1.8501813E-04  -2.9949160E-05
 -7.3917259E-06   2.1470867E-04  -2.1896349E-05  -2.2067410E-04  -7.4600736E-03   6.1037048E-03  -5.5346759E-04  -7.6620883E-05   8.6220878E-05  -5.6491996E+00   1.1706489E-01   2.6852563E+00  -1.3071944E+01   3.2572303E+00   5.3193264E+00   5.4924080E+00  -2.1020759E+00   2.6162738E-01   2.6577806E+00   1.0616072E+01   1.8988680E+01   1.2628164E-04  -4.5134556E-04  -3.6839788E-03  -1.4891213E-03  -2.9151332E-03   5.6110243E-03   1.8953411E-05   4.1345198E-04
 -4.3345668E-06  -3.6383142E-04  -2.2116817E-05   1.3671259E-04   2.7217580E-02  -5.2971051E-03   1.4648761E-03   9.5986455E-04   8.5114496E-04  -3.3304080E+01   1.5662090E-01   3.2908256E+00  -2.6134610E+01   3.1492811E+00   8.4673391E+00   3.3377328E+01  -2.1651657E+00   2.9750962E-01   2.6247414E+00   1.8988680E+01   5.3342464E+01   2.7538061E-03   4.9569448E-05  -1.1881657E-02  -1.4599945E-04  -1.2511311E-02  -8.7147638E-03   1.8245501E-04   9.4556302E-04
 -1.0809466E-07  -4.6326602E-07   5.8096572E-09  -1.0940100E-06   9.2534010E-05  -4.9045503E-06   4.0057672E-06  -1.9126055E-06   2.3388808E-06  -3.4783851E-03   6.8765855E-05  -2.6027379E-04  -1.6472582E-02   3.5652308E-04   2.2897652E-03   5.8824286E-03   3.9139692E-04  -1.2755078E-04  -1.5610436E-04   1.2628164E-04   2.7538061E-03   1.4405251E-03   2.7619510E-04   9.6855348E-05  -3.5074938E-04  -1.0841517E-04  -1.2495363E-04  -2.1860395E-07   1.9229368E-07
 -8.5339913E-08  -1.9009267E-06  -1.0958540E-07   2.3140890E-06   1.4996642E-04  -8.2369844E-06   1.7013267E-06  -2.9098494E-07  -4.2912857E-07   2.7014006E-04  -3.9968560E-05  -5.9077372E-04  -9.9740851E-03  -6.4420250E-04  -1.6487179E-03  -1.0301556E-03   6.4722274E-04   2.1562428E-04   4.9738770E-04  -4.5134556E-04   4.9569448E-05   2.7619510E-04   8.7493819E-04   1.3715913E-05   7.5921873E-04   6.1481337E-05  -8.7398572E-04  -3.1683856E-07   8.1075085E-08
 -1.8272117E-07  -2.1113466E-06   5.3428499E-07   3.8468863E-06   8.3727288E-05  -7.2355785E-05  -1.2755349E-06  -1.6851822E-06  -2.0386536E-06   6.9679127E-03   1.9837736E-04  -2.3531986E-03   3.8422851E-02  -5.0314840E-04  -1.2250658E-03  -6.4560304E-03   2.7784329E-03  -1.7891814E-03   8.4640913E-04  -3.6839788E-03  -1.1881657E-02   9.6855348E-05   1.3715913E-05   7.0660221E-03  -3.3944313E-04   5.3892042E-04   4.4799529E-03   3.2378135E-07   3.2456153E-07
 -3.5545909E-07  -1.2549299E-07  -2.9475571E-07  -6.9374650E-07   2.2847120E-05  -1.8703815E-05  -5.2851331E-06  -2.4007505E-06  -9.9375564E-07   9.6902401E-04  -1.9917402E-04  -1.1143748E-03  -8.0953698E-03  -1.4057245E-03  -5.3431749E-03  -2.0801708E-03   2.6247346E-03   2.6588347E-04   8.4413037E-04  -1.4891213E-03  -1.4599945E-04  -3.5074938E-04   7.5921873E-04  -3.3944313E-04   2.9296945E-03   5.5383382E-04  -1.2261096E-03  -4.3306554E-07   1.7291165E-07
 -5.2279614E-07   2.6983892E-06  -2.3614731E-07  -4.6985134E-06  -1.5637112E-04   3.9652894E-06  -5.4277467E-06  -1.4776375E-06   2.8451481E-06   1.5731009E-02  -2.4930520E-04  -1.9906654E-03   3.2349770E-02  -1.2194021E-02  -1.5740353E-02  -2.6425588E-02   5.0279195E-03  -9.1778248E-04   3.2332823E-03  -2.9151332E-03  -1.2511311E-02  -1.0841517E-04   6.1481337E-05   5.3892042E-04   5.5383382E-04   6.6530307E-03   8.4204601E-03   1.7698943E-07  -4.7913866E-07
 -1.9969032E-06   1.7156630E-05  -8.8387795E-07  -1.4035061E-05  -6.2772442E-04   4.9841807E-05   2.9762244E-05  -1.2146336E-05   1.9860983E-05   2.7646129E-02  -5.1198309E-04  -1.6604719E-03   7.5581772E-02  -8.7317096E-03  -2.3862025E-02  -1.9327203E-02   4.1327113E-03  -9.0992563E-03   8.0839411E-03   5.6110243E-03  -8.7147638E-03  -1.2495363E-04  -8.7398572E-04   4.4799529E-03  -1.2261096E-03   8.4204601E-03   7.2687835E-02   7.3546540E-08  -1.8928302E-06
  3.6944145E-09   2.9645503E-09   1.5372401E-09   4.8566589E-08  -2.1067020E-06  -9.1296469E-07   2.7400566E-07  -6.3641719E-08   3.4316164E-08  -2.6996893E-04   6.8036602E-06   1.1386961E-04   3.5430515E-03   5.4023859E-05   4.4648109E-04   4.7555987E-04  -7.7099769E-05   1.7232837E-04  -1.8501813E-04   1.8953411E-05   1.8245501E-04  -2.1860395E-07  -3.1683856E-07   3.2378135E-07  -4.3306554E-07   1.7698943E-07   7.3546540E-08   3.7345667E-07   3.4142934E-09
 -1.1307300E-09   2.0403099E-08  -3.7894294E-09  -1.4688674E-07  -9.0809666E-07   3.3850531E-07  -2.9392077E-07  -4.9036608E-08  -4.7231408E-09   7.1110289E-04  -2.6508207E-06  -3.5731841E-05   5.8043827E-04   1.2274313E-04  -2.9113661E-04  -1.2422061E-03  -2.4303751E-05  -5.6907654E-06  -2.9949160E-05   4.1345198E-04   9.4556302E-04   1.9229368E-07   8.1075085E-08   3.2456153E-07   1.7291165E-07  -4.7913866E-07  -1.8928302E-06   3.4142934E-09   3.9269076E-07
