# omegabh2 omegach2 theta tau yhe logA ns calPlanck acib217 xi asz143 aps100 aps143 aps143217 aps217 aksz kgal100 kgal143 kgal143217 kgal217 galfEE100 galfEE100143 galfEE100217 galfEE143 galfEE143217 galfEE217 galfTE100 galfTE100143 galfTE100217 galfTE143 galfTE143217 galfTE217 cal0 cal2
    0.5076731E-07   -0.1882021E-06    0.1030129E-06    0.1901647E-05    0.2217871E-05    0.3948727E-05    0.1431820E-05    0.1923671E-08    0.5575062E-04   -0.1678803E-05    0.1620749E-05    0.1530282E-03    0.8473565E-04    0.3812408E-04   -0.3957306E-05    0.1670698E-04    0.1510181E-04    0.1081003E-04    0.1257354E-04   -0.1087396E-04    0.9040859E-07    0.9291874E-07   -0.8139999E-07    0.1008432E-06   -0.1657697E-06   -0.5335077E-06   -0.9427758E-07   -0.7531277E-07   -0.3637288E-06   -0.2306561E-06   -0.8278167E-06   -0.3018579E-05   -0.1093671E-08    0.3469160E-08
   -0.1882021E-06    0.2183712E-05   -0.3368664E-06   -0.1159527E-04   -0.4072072E-05   -0.1896835E-04   -0.7030935E-05   -0.6471807E-07   -0.2815579E-05    0.7013095E-05   -0.1146130E-03    0.9043129E-03    0.9252125E-03    0.5433180E-03    0.4144943E-03    0.7064789E-04   -0.6627899E-04   -0.7132710E-04   -0.2223229E-04    0.1114161E-03   -0.7863170E-06   -0.8673016E-06    0.6376332E-06   -0.8833882E-06    0.2416503E-06    0.1004083E-05    0.5218500E-06    0.3818758E-06    0.7291784E-08    0.1509849E-05    0.3775980E-05    0.2021978E-04   -0.1418451E-08    0.2768910E-07
    0.1030129E-06   -0.3368664E-06    0.3590382E-06    0.4118748E-05    0.6970543E-05    0.9130153E-05    0.3911761E-05   -0.5188391E-09    0.4957931E-03   -0.1290913E-04   -0.6924122E-04    0.1753687E-02    0.8856101E-03    0.1634938E-03   -0.1794179E-03    0.1772887E-03    0.5060784E-04    0.4894083E-04    0.8468328E-04   -0.2855460E-04    0.1440191E-06    0.1554278E-06   -0.3266736E-06    0.1847014E-06   -0.1054228E-05   -0.2651817E-05   -0.2596385E-06   -0.1055376E-06   -0.1133240E-05   -0.5614376E-07   -0.1142422E-05   -0.4413952E-05   -0.1634206E-07    0.4175567E-07
    0.1901647E-05   -0.1159527E-04    0.4118748E-05    0.3185138E-03    0.8145003E-04    0.6242579E-03    0.7349123E-04   -0.1781566E-05   -0.5259962E-02    0.6179572E-04    0.1690429E-02   -0.2812816E-01   -0.4336459E-02    0.5582856E-02    0.8963128E-02   -0.3297835E-02    0.2243049E-03   -0.2214755E-03   -0.1743511E-02   -0.2729409E-02    0.4820323E-05    0.4075382E-05   -0.4903187E-05    0.4677619E-05   -0.1350421E-04   -0.6602324E-04   -0.1132677E-04   -0.4474452E-05   -0.5941962E-05   -0.1401120E-04   -0.1821196E-04   -0.9599794E-04   -0.1890712E-06   -0.1036466E-05
    0.2217871E-05   -0.4072072E-05    0.6970543E-05    0.8145003E-04    0.1868987E-03    0.1959188E-03    0.8989448E-04   -0.2771840E-06    0.1368710E-01   -0.3166025E-03   -0.2330554E-02    0.5177053E-01    0.2853891E-01    0.7313146E-02   -0.2910660E-02    0.5142991E-02    0.1293138E-02    0.1243049E-02    0.2385432E-02   -0.3886229E-03    0.3035462E-05    0.3226488E-05   -0.4746439E-05    0.3220313E-05   -0.2509539E-04   -0.7045398E-04   -0.2142447E-05    0.1411666E-05   -0.2310535E-04   -0.2014801E-05   -0.1576609E-04   -0.3895175E-04   -0.5325776E-06    0.1296168E-05
    0.3948727E-05   -0.1896835E-04    0.9130153E-05    0.6242579E-03    0.1959188E-03    0.1268714E-02    0.1495140E-03    0.8592546E-05   -0.7808854E-02    0.1405590E-03    0.2623362E-02   -0.3761741E-01    0.2006933E-02    0.1786201E-01    0.2451481E-01   -0.6155311E-02    0.1487314E-03   -0.9915850E-03   -0.3388370E-02   -0.3403207E-02    0.9509263E-05    0.7307607E-05   -0.9927647E-05    0.9448629E-05   -0.3467651E-04   -0.1450108E-03   -0.2375139E-04   -0.8564958E-05   -0.1894989E-04   -0.2202570E-04   -0.3179921E-04   -0.1399174E-03   -0.2534189E-06   -0.1753066E-05
    0.1431820E-05   -0.7030935E-05    0.3911761E-05    0.7349123E-04    0.8989448E-04    0.1495140E-03    0.6463266E-04    0.1219338E-06    0.2018538E-02   -0.5385339E-04    0.1356488E-03   -0.5760053E-04    0.6062216E-02    0.5247658E-02    0.3335480E-02   -0.9259742E-04    0.9767444E-03    0.5427031E-03    0.5431840E-03   -0.2894552E-03    0.4476920E-05    0.4853643E-05   -0.4394103E-05    0.4950977E-05   -0.1004308E-04   -0.3402067E-04   -0.3016598E-05   -0.7652278E-06   -0.8038400E-05   -0.5265537E-05   -0.1598664E-04   -0.5736800E-04   -0.3612994E-06    0.1149507E-06
    0.1923671E-08   -0.6471807E-07   -0.5188391E-09   -0.1781566E-05   -0.2771840E-06    0.8592546E-05    0.1219338E-06    0.6132373E-05    0.6372303E-03    0.5358651E-05    0.3955605E-06    0.3819633E-02    0.6832166E-03    0.5772681E-03    0.1378190E-02   -0.2989501E-04   -0.8734156E-04   -0.6684969E-04    0.1508535E-04    0.9007261E-03    0.7914753E-06    0.4999474E-06   -0.1587903E-06    0.1004347E-05   -0.4721378E-06    0.2314520E-05   -0.7351815E-06   -0.1372480E-06   -0.4582583E-06    0.1398240E-05   -0.5522940E-07    0.8419013E-05    0.1146695E-07    0.1232863E-08
    0.5575062E-04   -0.2815579E-05    0.4957931E-03   -0.5259962E-02    0.1368710E-01   -0.7808854E-02    0.2018538E-02    0.6372303E-03    0.4393591E+02   -0.5019397E+00   -0.1652486E+01    0.4365019E+02    0.1504434E+01   -0.2041719E+02   -0.6066722E+02    0.5490236E+00    0.3979057E-01    0.2335004E+00   -0.1846671E+01   -0.1866294E+02    0.1153679E-03    0.1013405E-04   -0.3048089E-03   -0.2378076E-03   -0.3700650E-02   -0.5997718E-02    0.1463258E-02    0.2960681E-02    0.2202275E-02    0.2763980E-02   -0.2089894E-02   -0.4063901E-02   -0.2930628E-03    0.4359293E-02
   -0.1678803E-05    0.7013095E-05   -0.1290913E-04    0.6179572E-04   -0.3166025E-03    0.1405590E-03   -0.5385339E-04    0.5358651E-05   -0.5019397E+00    0.8156609E-01   -0.8179778E-01   -0.4680265E+00    0.9947987E+00    0.1863216E+01    0.7514811E+00    0.6766849E-01   -0.1106937E-01   -0.8480264E-02    0.7607415E-01    0.9263895E-01   -0.8452414E-05   -0.1154637E-04    0.9868920E-04   -0.4445599E-05    0.8068563E-04   -0.2544984E-03    0.3220993E-04   -0.7742077E-04    0.3840422E-03   -0.2789885E-03   -0.2697670E-03   -0.1894168E-03    0.7317589E-05   -0.1506542E-04
    0.1620749E-05   -0.1146130E-03   -0.6924122E-04    0.1690429E-02   -0.2330554E-02    0.2623362E-02    0.1356488E-03    0.3955605E-06   -0.1652486E+01   -0.8179778E-01    0.3694508E+01   -0.2948015E+02   -0.4173846E+01    0.7365121E+01    0.6523859E+01   -0.2631586E+01   -0.1661934E+00    0.6388154E-01    0.2190160E+01    0.1845935E+01    0.1615347E-03    0.1464001E-03   -0.6384697E-03    0.5261206E-04   -0.3208950E-03    0.2074676E-02   -0.1297650E-02   -0.3032286E-03   -0.1290641E-02    0.7989762E-03    0.1297086E-02    0.1557065E-02    0.1563456E-03   -0.3764630E-03
    0.1530282E-03    0.9043129E-03    0.1753687E-02   -0.2812816E-01    0.5177053E-01   -0.3761741E-01   -0.5760053E-04    0.3819633E-02    0.4365019E+02   -0.4680265E+00   -0.2948015E+02    0.7812685E+03    0.7358013E+02   -0.5830949E+02   -0.7010201E+02    0.1418015E+02   -0.3486092E+01    0.3241735E+01   -0.9783517E+01   -0.1367244E+02   -0.1166188E-02   -0.2153025E-02    0.7953903E-02   -0.1432440E-02   -0.9148967E-03   -0.3230556E-01    0.2070289E-01    0.6318155E-02    0.7345202E-02   -0.2330964E-02    0.9497441E-02    0.4592913E-01    0.6242986E-02    0.4485350E-02
    0.8473565E-04    0.9252125E-03    0.8856101E-03   -0.4336459E-02    0.2853891E-01    0.2006933E-02    0.6062216E-02    0.6832166E-03    0.1504434E+01    0.9947987E+00   -0.4173846E+01    0.7358013E+02    0.6470855E+02    0.4596622E+02    0.1833448E+02   -0.3670415E+01   -0.2730365E+00   -0.9970776E+00    0.4029506E+01    0.3951448E+01   -0.5756018E-03   -0.1176254E-02    0.1178422E-02   -0.9885582E-03   -0.5722296E-02   -0.1861412E-01    0.1460989E-02    0.1320978E-02    0.3773709E-02   -0.2113936E-02    0.6206023E-02    0.1821485E-01   -0.1445487E-04    0.2774388E-03
    0.3812408E-04    0.5433180E-03    0.1634938E-03    0.5582856E-02    0.7313146E-02    0.1786201E-01    0.5247658E-02    0.5772681E-03   -0.2041719E+02    0.1863216E+01    0.7365121E+01   -0.5830949E+02    0.4596622E+02    0.9949151E+02    0.6669229E+02   -0.1145344E+02   -0.7754460E+00   -0.5651102E+00    0.4229714E+01    0.4402063E+01   -0.2401981E-04   -0.4749486E-03    0.8019861E-03   -0.4489064E-03   -0.3018270E-02   -0.1300658E-01   -0.4547152E-02   -0.2658539E-02    0.6090877E-02   -0.3228819E-02    0.6403849E-02    0.1085115E-01    0.6146208E-03   -0.2488177E-02
   -0.3957306E-05    0.4144943E-03   -0.1794179E-03    0.8963128E-02   -0.2910660E-02    0.2451481E-01    0.3335480E-02    0.1378190E-02   -0.6066722E+02    0.7514811E+00    0.6523859E+01   -0.7010201E+02    0.1833448E+02    0.6669229E+02    0.1211673E+03   -0.1006215E+02   -0.3513612E+00   -0.5594462E+00   -0.7678558E+00    0.1477944E+02   -0.2567467E-04   -0.1137946E-03   -0.7606986E-03    0.2618978E-03    0.5901669E-03    0.1126969E-02   -0.3938582E-02   -0.3307435E-02   -0.3314367E-02   -0.3225402E-03    0.1213605E-01    0.2613320E-01    0.6480390E-03   -0.7616633E-02
    0.1670698E-04    0.7064789E-04    0.1772887E-03   -0.3297835E-02    0.5142991E-02   -0.6155311E-02   -0.9259742E-04   -0.2989501E-04    0.5490236E+00    0.6766849E-01   -0.2631586E+01    0.1418015E+02   -0.3670415E+01   -0.1145344E+02   -0.1006215E+02    0.5997734E+01    0.1515269E+00   -0.5109961E-01   -0.1638039E+01   -0.1156862E+01   -0.2752617E-03   -0.1488962E-03    0.8924652E-03    0.6415652E-04    0.2633385E-03    0.5454161E-03    0.1325356E-02    0.3069058E-03   -0.1520342E-02   -0.9715333E-03   -0.4086816E-02   -0.7776790E-02   -0.1165084E-03    0.2279072E-03
    0.1510181E-04   -0.6627899E-04    0.5060784E-04    0.2243049E-03    0.1293138E-02    0.1487314E-03    0.9767444E-03   -0.8734156E-04    0.3979057E-01   -0.1106937E-01   -0.1661934E+00   -0.3486092E+01   -0.2730365E+00   -0.7754460E+00   -0.3513612E+00    0.1515269E+00    0.3525881E+01    0.4472839E+00    0.1917483E+00    0.2906154E+00    0.2325897E-04    0.1236355E-04    0.2096379E-03    0.6529355E-04    0.1741050E-03   -0.2204619E-03   -0.6730268E-03    0.2790133E-04    0.1301459E-02   -0.1246836E-03   -0.7409959E-03   -0.1691454E-02    0.3027274E-03    0.2301252E-04
    0.1081003E-04   -0.7132710E-04    0.4894083E-04   -0.2214755E-03    0.1243049E-02   -0.9915850E-03    0.5427031E-03   -0.6684969E-04    0.2335004E+00   -0.8480264E-02    0.6388154E-01    0.3241735E+01   -0.9970776E+00   -0.5651102E+00   -0.5594462E+00   -0.5109961E-01    0.4472839E+00    0.3377905E+01    0.2636428E+01    0.1757948E+01    0.7687638E-04    0.8321104E-04    0.4943678E-03   -0.2474853E-05    0.1028330E-02   -0.1279770E-02    0.3831593E-05   -0.5039617E-03   -0.1138868E-02   -0.7054825E-03   -0.1443468E-03   -0.4107907E-02   -0.2918442E-03   -0.2048342E-03
    0.1257354E-04   -0.2223229E-04    0.8468328E-04   -0.1743511E-02    0.2385432E-02   -0.3388370E-02    0.5431840E-03    0.1508535E-04   -0.1846671E+01    0.7607415E-01    0.2190160E+01   -0.9783517E+01    0.4029506E+01    0.4229714E+01   -0.7678558E+00   -0.1638039E+01    0.1917483E+00    0.2636428E+01    0.1720060E+02    0.2578778E+02   -0.5984771E-04   -0.9089234E-04    0.8376428E-05   -0.5834476E-03   -0.1218754E-02    0.8714441E-03   -0.1250945E-02   -0.7877570E-03   -0.1709316E-02   -0.3028510E-03    0.3743385E-03    0.1382343E-02   -0.5092564E-04    0.2539742E-02
   -0.1087396E-04    0.1114161E-03   -0.2855460E-04   -0.2729409E-02   -0.3886229E-03   -0.3403207E-02   -0.2894552E-03    0.9007261E-03   -0.1866294E+02    0.9263895E-01    0.1845935E+01   -0.1367244E+02    0.3951448E+01    0.4402063E+01    0.1477944E+02   -0.1156862E+01    0.2906154E+00    0.1757948E+01    0.2578778E+02    0.5498653E+02   -0.8130617E-04   -0.1746170E-03   -0.2492222E-03   -0.6456288E-03   -0.2428487E-02    0.3566453E-02   -0.2369521E-02   -0.2284279E-02   -0.3454693E-02   -0.7894933E-04    0.1377097E-03    0.3737468E-02    0.4467279E-04    0.4561963E-02
    0.9040859E-07   -0.7863170E-06    0.1440191E-06    0.4820323E-05    0.3035462E-05    0.9509263E-05    0.4476920E-05    0.7914753E-06    0.1153679E-03   -0.8452414E-05    0.1615347E-03   -0.1166188E-02   -0.5756018E-03   -0.2401981E-04   -0.2567467E-04   -0.2752617E-03    0.2325897E-04    0.7687638E-04   -0.5984771E-04   -0.8130617E-04    0.3245931E-04    0.8537934E-05   -0.1067359E-05    0.3219537E-05    0.1233080E-05   -0.5154585E-05   -0.8617397E-06   -0.3621515E-07   -0.1913248E-05    0.3957966E-06   -0.2314199E-05   -0.1750621E-04   -0.3411835E-07   -0.5023360E-07
    0.9291874E-07   -0.8673016E-06    0.1554278E-06    0.4075382E-05    0.3226488E-05    0.7307607E-05    0.4853643E-05    0.4999474E-06    0.1013405E-04   -0.1154637E-04    0.1464001E-03   -0.2153025E-02   -0.1176254E-02   -0.4749486E-03   -0.1137946E-03   -0.1488962E-03    0.1236355E-04    0.8321104E-04   -0.9089234E-04   -0.1746170E-03    0.8537934E-05    0.2470883E-04    0.3408882E-07    0.1217917E-04   -0.1013238E-05    0.3430131E-05   -0.5597120E-06   -0.1948409E-05   -0.1948257E-06   -0.4549217E-05   -0.3873851E-05   -0.4866952E-05   -0.5547498E-07   -0.4739309E-07
   -0.8139999E-07    0.6376332E-06   -0.3266736E-06   -0.4903187E-05   -0.4746439E-05   -0.9927647E-05   -0.4394103E-05   -0.1587903E-06   -0.3048089E-03    0.9868920E-04   -0.6384697E-03    0.7953903E-02    0.1178422E-02    0.8019861E-03   -0.7606986E-03    0.8924652E-03    0.2096379E-03    0.4943678E-03    0.8376428E-05   -0.2492222E-03   -0.1067359E-05    0.3408882E-07    0.1062722E-02    0.9867304E-06   -0.8686280E-07    0.1258434E-04   -0.1197021E-04   -0.6457102E-05   -0.8766358E-05   -0.2247269E-05    0.2628378E-05   -0.3796042E-06   -0.2472282E-07   -0.1121771E-06
    0.1008432E-06   -0.8833882E-06    0.1847014E-06    0.4677619E-05    0.3220313E-05    0.9448629E-05    0.4950977E-05    0.1004347E-05   -0.2378076E-03   -0.4445599E-05    0.5261206E-04   -0.1432440E-02   -0.9885582E-03   -0.4489064E-03    0.2618978E-03    0.6415652E-04    0.6529355E-04   -0.2474853E-05   -0.5834476E-03   -0.6456288E-03    0.3219537E-05    0.1217917E-04    0.9867304E-06    0.4695641E-04    0.1264128E-05    0.7798628E-05   -0.1826933E-05   -0.2156454E-05    0.2811280E-05   -0.3384817E-05   -0.5577798E-05   -0.1521819E-04   -0.7953268E-07   -0.1950638E-06
   -0.1657697E-06    0.2416503E-06   -0.1054228E-05   -0.1350421E-04   -0.2509539E-04   -0.3467651E-04   -0.1004308E-04   -0.4721378E-06   -0.3700650E-02    0.8068563E-04   -0.3208950E-03   -0.9148967E-03   -0.5722296E-02   -0.3018270E-02    0.5901669E-03    0.2633385E-03    0.1741050E-03    0.1028330E-02   -0.1218754E-02   -0.2428487E-02    0.1233080E-05   -0.1013238E-05   -0.8686280E-07    0.1264128E-05    0.2202453E-02    0.1051486E-03    0.1792077E-05    0.3026690E-05   -0.2913779E-04    0.2930373E-04   -0.1506276E-04   -0.4546846E-04   -0.2328849E-06   -0.9445905E-06
   -0.5335077E-06    0.1004083E-05   -0.2651817E-05   -0.6602324E-04   -0.7045398E-04   -0.1450108E-03   -0.3402067E-04    0.2314520E-05   -0.5997718E-02   -0.2544984E-03    0.2074676E-02   -0.3230556E-01   -0.1861412E-01   -0.1300658E-01    0.1126969E-02    0.5454161E-03   -0.2204619E-03   -0.1279770E-02    0.8714441E-03    0.3566453E-02   -0.5154585E-05    0.3430131E-05    0.1258434E-04    0.7798628E-05    0.1051486E-03    0.1692960E-01    0.6855699E-04   -0.8941217E-05   -0.1441496E-03   -0.4272437E-04   -0.8102823E-04   -0.1313994E-03    0.3878053E-06   -0.1671183E-07
   -0.9427758E-07    0.5218500E-06   -0.2596385E-06   -0.1132677E-04   -0.2142447E-05   -0.2375139E-04   -0.3016598E-05   -0.7351815E-06    0.1463258E-02    0.3220993E-04   -0.1297650E-02    0.2070289E-01    0.1460989E-02   -0.4547152E-02   -0.3938582E-02    0.1325356E-02   -0.6730268E-03    0.3831593E-05   -0.1250945E-02   -0.2369521E-02   -0.8617397E-06   -0.5597120E-06   -0.1197021E-04   -0.1826933E-05    0.1792077E-05    0.6855699E-04    0.1431942E-02    0.3021728E-03    0.1274577E-03   -0.3694710E-03   -0.1007778E-03   -0.1163698E-03    0.1807047E-06   -0.2719117E-06
   -0.7531277E-07    0.3818758E-06   -0.1055376E-06   -0.4474452E-05    0.1411666E-05   -0.8564958E-05   -0.7652278E-06   -0.1372480E-06    0.2960681E-02   -0.7742077E-04   -0.3032286E-03    0.6318155E-02    0.1320978E-02   -0.2658539E-02   -0.3307435E-02    0.3069058E-03    0.2790133E-04   -0.5039617E-03   -0.7877570E-03   -0.2284279E-02   -0.3621515E-07   -0.1948409E-05   -0.6457102E-05   -0.2156454E-05    0.3026690E-05   -0.8941217E-05    0.3021728E-03    0.8445350E-03    0.5077854E-04    0.7368853E-03    0.3350252E-04   -0.6429708E-03   -0.1867824E-06   -0.1848608E-07
   -0.3637288E-06    0.7291784E-08   -0.1133240E-05   -0.5941962E-05   -0.2310535E-04   -0.1894989E-04   -0.8038400E-05   -0.4582583E-06    0.2202275E-02    0.3840422E-03   -0.1290641E-02    0.7345202E-02    0.3773709E-02    0.6090877E-02   -0.3314367E-02   -0.1520342E-02    0.1301459E-02   -0.1138868E-02   -0.1709316E-02   -0.3454693E-02   -0.1913248E-05   -0.1948257E-06   -0.8766358E-05    0.2811280E-05   -0.2913779E-04   -0.1441496E-03    0.1274577E-03    0.5077854E-04    0.7178284E-02   -0.3396317E-03    0.6657413E-03    0.4714408E-02    0.1626608E-06    0.1951970E-06
   -0.2306561E-06    0.1509849E-05   -0.5614376E-07   -0.1401120E-04   -0.2014801E-05   -0.2202570E-04   -0.5265537E-05    0.1398240E-05    0.2763980E-02   -0.2789885E-03    0.7989762E-03   -0.2330964E-02   -0.2113936E-02   -0.3228819E-02   -0.3225402E-03   -0.9715333E-03   -0.1246836E-03   -0.7054825E-03   -0.3028510E-03   -0.7894933E-04    0.3957966E-06   -0.4549217E-05   -0.2247269E-05   -0.3384817E-05    0.2930373E-04   -0.4272437E-04   -0.3694710E-03    0.7368853E-03   -0.3396317E-03    0.2921227E-02    0.5027788E-03   -0.8785091E-03    0.1416570E-06   -0.4569296E-07
   -0.8278167E-06    0.3775980E-05   -0.1142422E-05   -0.1821196E-04   -0.1576609E-04   -0.3179921E-04   -0.1598664E-04   -0.5522940E-07   -0.2089894E-02   -0.2697670E-03    0.1297086E-02    0.9497441E-02    0.6206023E-02    0.6403849E-02    0.1213605E-01   -0.4086816E-02   -0.7409959E-03   -0.1443468E-03    0.3743385E-03    0.1377097E-03   -0.2314199E-05   -0.3873851E-05    0.2628378E-05   -0.5577798E-05   -0.1506276E-04   -0.8102823E-04   -0.1007778E-03    0.3350252E-04    0.6657413E-03    0.5027788E-03    0.6452866E-02    0.7634715E-02   -0.3850402E-06   -0.7411519E-06
   -0.3018579E-05    0.2021978E-04   -0.4413952E-05   -0.9599794E-04   -0.3895175E-04   -0.1399174E-03   -0.5736800E-04    0.8419013E-05   -0.4063901E-02   -0.1894168E-03    0.1557065E-02    0.4592913E-01    0.1821485E-01    0.1085115E-01    0.2613320E-01   -0.7776790E-02   -0.1691454E-02   -0.4107907E-02    0.1382343E-02    0.3737468E-02   -0.1750621E-04   -0.4866952E-05   -0.3796042E-06   -0.1521819E-04   -0.4546846E-04   -0.1313994E-03   -0.1163698E-03   -0.6429708E-03    0.4714408E-02   -0.8785091E-03    0.7634715E-02    0.6487903E-01    0.1777968E-05   -0.2396290E-05
   -0.1093671E-08   -0.1418451E-08   -0.1634206E-07   -0.1890712E-06   -0.5325776E-06   -0.2534189E-06   -0.3612994E-06    0.1146695E-07   -0.2930628E-03    0.7317589E-05    0.1563456E-03    0.6242986E-02   -0.1445487E-04    0.6146208E-03    0.6480390E-03   -0.1165084E-03    0.3027274E-03   -0.2918442E-03   -0.5092564E-04    0.4467279E-04   -0.3411835E-07   -0.5547498E-07   -0.2472282E-07   -0.7953268E-07   -0.2328849E-06    0.3878053E-06    0.1807047E-06   -0.1867824E-06    0.1626608E-06    0.1416570E-06   -0.3850402E-06    0.1777968E-05    0.6024199E-06    0.8344927E-09
    0.3469160E-08    0.2768910E-07    0.4175567E-07   -0.1036466E-05    0.1296168E-05   -0.1753066E-05    0.1149507E-06    0.1232863E-08    0.4359293E-02   -0.1506542E-04   -0.3764630E-03    0.4485350E-02    0.2774388E-03   -0.2488177E-02   -0.7616633E-02    0.2279072E-03    0.2301252E-04   -0.2048342E-03    0.2539742E-02    0.4561963E-02   -0.5023360E-07   -0.4739309E-07   -0.1121771E-06   -0.1950638E-06   -0.9445905E-06   -0.1671183E-07   -0.2719117E-06   -0.1848608E-07    0.1951970E-06   -0.4569296E-07   -0.7411519E-06   -0.2396290E-05    0.8344927E-09    0.2088720E-05
