# omegabh2 omegach2 theta tau Alens logA ns calPlanck acib217 xi asz143 aps100 aps143 aps143217 aps217 aksz kgal100 kgal143 kgal143217 kgal217 cal0 cal2
  4.2617284E-08  -9.4876671E-08   2.4683924E-08   1.1501223E-07   2.5884702E-06   7.6451681E-08   3.6978332E-07  -1.3573125E-08  -1.3919367E-04   2.1698521E-06   5.6534309E-05  -9.3392627E-04  -5.1721422E-04  -1.6793025E-04  -6.6712963E-05  -6.9033877E-05   1.0298443E-05   4.7686787E-06   3.1254373E-06   3.5583865E-05  -1.5775344E-09  -3.7448843E-09
 -9.4876671E-08   1.6077500E-06  -8.6062942E-08  -5.6211309E-06  -1.6794278E-05  -7.1780026E-06  -3.9116675E-06   6.1540090E-08   3.8889614E-04  -6.3577967E-06  -1.0345437E-04   2.2190886E-03   1.2329851E-03   5.3208074E-04   1.8696808E-04   1.2125335E-04  -1.8272724E-05   3.7920225E-05   3.2328602E-05  -5.7246630E-05  -1.1141284E-08   1.8431856E-08
  2.4683924E-08  -8.6062942E-08   1.8412110E-07   3.4163331E-07   1.8397953E-06   6.4120090E-07   4.3215318E-07  -2.1244556E-08  -3.2355187E-05  -1.3578279E-06  -2.2652769E-05  -1.3452162E-04  -2.7569473E-05  -1.1729233E-04  -2.7452834E-05  -1.3793715E-06   1.0618381E-05  -4.6281622E-06  -1.4745054E-05  -1.5815254E-05  -5.3080890E-09  -2.7270758E-09
  1.1501223E-07  -5.6211309E-06   3.4163331E-07   9.4659431E-04  -1.8801857E-03   1.8706610E-03   3.3979594E-05  -3.8283230E-07  -3.4045228E-03   2.7414255E-04   2.1132455E-03  -4.2931189E-02  -9.8752844E-03   3.1626413E-03   8.3273985E-04  -3.9582176E-03  -9.8822838E-04   1.0027025E-03   1.1574726E-03   1.0647168E-03  -2.9904493E-07  -3.4295038E-07
  2.5884702E-06  -1.6794278E-05   1.8397953E-06  -1.8801857E-03   4.9966153E-03  -3.8166621E-03   1.4777441E-05  -1.3508499E-05  -7.5479591E-03  -3.5756509E-04  -1.0743013E-03   2.3014516E-02  -2.2380872E-02  -2.5729657E-02  -1.0958246E-02   2.8232208E-03   4.3262166E-03  -1.8175013E-03  -3.3806036E-03  -2.2608557E-03   1.8846466E-07  -1.6639775E-07
  7.6451681E-08  -7.1780026E-06   6.4120090E-07   1.8706610E-03  -3.8166621E-03   3.7363175E-03   5.5852022E-05   1.2297258E-05  -5.2786170E-03   5.4107390E-04   3.8140104E-03  -7.3336078E-02  -1.4466825E-02   9.8396600E-03   7.2797681E-03  -8.2870978E-03  -2.7298497E-03   1.1699419E-03   1.6562337E-03   3.1479323E-03  -4.5878661E-07  -6.4825537E-07
  3.6978332E-07  -3.9116675E-06   4.3215318E-07   3.3979594E-05   1.4777441E-05   5.5852022E-05   2.0613425E-05  -3.4998944E-07  -5.3173126E-03   1.2791894E-04   1.2412214E-03  -3.0855358E-02  -1.0055960E-02   6.8033169E-04   4.4080660E-03  -2.5233327E-03   3.8897473E-04  -3.4188991E-04  -6.4829181E-04   8.2136716E-04  -1.3292093E-07  -1.0652369E-07
 -1.3573125E-08   6.1540090E-08  -2.1244556E-08  -3.8283230E-07  -1.3508499E-05   1.2297258E-05  -3.4998944E-07   6.4014022E-06   1.0246384E-03  -1.6649437E-05  -6.4118328E-05   5.7818297E-03   8.2166821E-04   1.2302406E-04   9.7001407E-04   8.9414759E-05  -1.4723737E-04  -1.0444312E-04  -4.2880362E-05   7.3465903E-04   7.5163705E-09   1.0988428E-08
 -1.3919367E-04   3.8889614E-04  -3.2355187E-05  -3.4045228E-03  -7.5479591E-03  -5.2786170E-03  -5.3173126E-03   1.0246384E-03   4.5004930E+01  -4.1057854E-01  -1.1143258E+00   4.2012899E+01   1.9426678E+00  -1.3679621E+01  -5.5447494E+01  -6.9559779E-02   1.9662168E-01   5.1484195E-01  -5.9653484E+00  -3.3572450E+01  -2.1497412E-04   6.1952322E-04
  2.1698521E-06  -6.3577967E-06  -1.3578279E-06   2.7414255E-04  -3.5756509E-04   5.4107390E-04   1.2791894E-04  -1.6649437E-05  -4.1057854E-01   8.0759244E-02  -3.8926519E-02  -6.7004716E-01   9.0198511E-01   1.6417534E+00   6.5065599E-01   3.1369894E-02  -1.4887390E-02   8.8311711E-03   1.2094751E-01   1.7201484E-01   4.2387893E-06   3.3860140E-06
  5.6534309E-05  -1.0345437E-04  -2.2652769E-05   2.1132455E-03  -1.0743013E-03   3.8140104E-03   1.2412214E-03  -6.4118328E-05  -1.1143258E+00  -3.8926519E-02   3.8023850E+00  -2.9228777E+01  -3.8746434E+00   7.2462873E+00   5.2046964E+00  -2.7010055E+00  -2.2399608E-01   2.1649319E-01   2.6642264E+00   3.5533318E+00   9.6799714E-05  -3.0233331E-05
 -9.3392627E-04   2.2190886E-03  -1.3452162E-04  -4.2931189E-02   2.3014516E-02  -7.3336078E-02  -3.0855358E-02   5.7818297E-03   4.2012899E+01  -6.7004716E-01  -2.9228777E+01   7.8707732E+02   7.6407995E+01  -5.0301766E+01  -6.3225886E+01   1.3623329E+01  -5.3409189E+00   5.7890387E+00  -1.0486775E+01  -2.4486268E+01   4.1408437E-03   4.7093902E-04
 -5.1721422E-04   1.2329851E-03  -2.7569473E-05  -9.8752844E-03  -2.2380872E-02  -1.4466825E-02  -1.0055960E-02   8.2166821E-04   1.9426678E+00   9.0198511E-01  -3.8746434E+00   7.6407995E+01   6.7563928E+01   4.2381670E+01   1.7757446E+01  -4.9654160E+00  -8.0371129E-01  -1.6185695E+00   3.4322636E+00   4.7980266E+00   1.7234093E-04   2.0370496E-04
 -1.6793025E-04   5.3208074E-04  -1.1729233E-04   3.1626413E-03  -2.5729657E-02   9.8396600E-03   6.8033169E-04   1.2302406E-04  -1.3679621E+01   1.6417534E+00   7.2462873E+00  -5.0301766E+01   4.2381670E+01   8.4796935E+01   5.4921508E+01  -1.2203739E+01  -1.2454333E+00  -1.1341059E+00   4.7481789E+00   9.3073906E+00   4.5187034E-04  -1.4715026E-04
 -6.6712963E-05   1.8696808E-04  -2.7452834E-05   8.3273985E-04  -1.0958246E-02   7.2797681E-03   4.4080660E-03   9.7001407E-04  -5.5447494E+01   6.5065599E-01   5.2046964E+00  -6.3225886E+01   1.7757446E+01   5.4921508E+01   1.0538092E+02  -9.4481881E+00  -8.6820448E-01  -1.6635724E+00   5.2516564E+00   3.3987857E+01   5.3719886E-04  -1.1432456E-03
 -6.9033877E-05   1.2125335E-04  -1.3793715E-06  -3.9582176E-03   2.8232208E-03  -8.2870978E-03  -2.5233327E-03   8.9414759E-05  -6.9559779E-02   3.1369894E-02  -2.7010055E+00   1.3623329E+01  -4.9654160E+00  -1.2203739E+01  -9.4481881E+00   6.0717275E+00   1.6853913E-01  -1.4960843E-01  -1.9829727E+00  -2.3268464E+00  -6.6189576E-05   3.2527988E-06
  1.0298443E-05  -1.8272724E-05   1.0618381E-05  -9.8822838E-04   4.3262166E-03  -2.7298497E-03   3.8897473E-04  -1.4723737E-04   1.9662168E-01  -1.4887390E-02  -2.2399608E-01  -5.3409189E+00  -8.0371129E-01  -1.2454333E+00  -8.6820448E-01   1.6853913E-01   3.3612892E+00   5.7954482E-01   2.2415115E-01   2.0133338E-01   1.4618562E-04  -4.2071940E-06
  4.7686787E-06   3.7920225E-05  -4.6281622E-06   1.0027025E-03  -1.8175013E-03   1.1699419E-03  -3.4188991E-04  -1.0444312E-04   5.1484195E-01   8.8311711E-03   2.1649319E-01   5.7890387E+00  -1.6185695E+00  -1.1341059E+00  -1.6635724E+00  -1.4960843E-01   5.7954482E-01   3.2733595E+00   3.1018802E+00   3.3385586E+00  -1.9869356E-04   1.6915696E-05
  3.1254373E-06   3.2328602E-05  -1.4745054E-05   1.1574726E-03  -3.3806036E-03   1.6562337E-03  -6.4829181E-04  -4.2880362E-05  -5.9653484E+00   1.2094751E-01   2.6642264E+00  -1.0486775E+01   3.4322636E+00   4.7481789E+00   5.2516564E+00  -1.9829727E+00   2.2415115E-01   3.1018802E+00   1.1453914E+01   2.0271591E+01  -2.9854509E-05   4.2447511E-04
  3.5583865E-05  -5.7246630E-05  -1.5815254E-05   1.0647168E-03  -2.2608557E-03   3.1479323E-03   8.2136716E-04   7.3465903E-04  -3.3572450E+01   1.7201484E-01   3.5533318E+00  -2.4486268E+01   4.7980266E+00   9.3073906E+00   3.3987857E+01  -2.3268464E+00   2.0133338E-01   3.3385586E+00   2.0271591E+01   5.4900828E+01   6.8397174E-05   9.4677196E-04
 -1.5775344E-09  -1.1141284E-08  -5.3080890E-09  -2.9904493E-07   1.8846466E-07  -4.5878661E-07  -1.3292093E-07   7.5163705E-09  -2.1497412E-04   4.2387893E-06   9.6799714E-05   4.1408437E-03   1.7234093E-04   4.5187034E-04   5.3719886E-04  -6.6189576E-05   1.4618562E-04  -1.9869356E-04  -2.9854509E-05   6.8397174E-05   3.7298194E-07  -6.8961661E-09
 -3.7448843E-09   1.8431856E-08  -2.7270758E-09  -3.4295038E-07  -1.6639775E-07  -6.4825537E-07  -1.0652369E-07   1.0988428E-08   6.1952322E-04   3.3860140E-06  -3.0233331E-05   4.7093902E-04   2.0370496E-04  -1.4715026E-04  -1.1432456E-03   3.2527988E-06  -4.2071940E-06   1.6915696E-05   4.2447511E-04   9.4677196E-04  -6.8961661E-09   3.7340985E-07
