# omegabh2 omegach2 theta tau logA ns galfEE100 galfEE100143 galfEE100217 galfEE143 galfEE143217 galfEE217 calPlanck
    0.1728059E-05   -0.5309973E-05    0.4014845E-06    0.2645031E-04    0.6027929E-04    0.1416503E-04   -0.9269790E-06   -0.9847180E-06    0.1060478E-05   -0.1153499E-05    0.1976653E-05   -0.1220045E-05    0.6509474E-08
   -0.5309973E-05    0.2317290E-04   -0.1669452E-05   -0.9194762E-04   -0.1794290E-03   -0.6247301E-04   -0.9245190E-06   -0.1339039E-05   -0.4691107E-05   -0.1345484E-05   -0.9375596E-05   -0.4043114E-05   -0.3023734E-07
    0.4014845E-06   -0.1669452E-05    0.8961447E-06    0.3565571E-05    0.6268577E-05    0.5548107E-05    0.2789946E-06    0.3152665E-06   -0.2059026E-06    0.4482576E-06    0.3788551E-06   -0.1988955E-05   -0.7720052E-08
    0.2645031E-04   -0.9194762E-04    0.3565571E-05    0.4048983E-02    0.8244270E-02    0.3241328E-03   -0.1370669E-03   -0.1428502E-03   -0.2384668E-05   -0.1491829E-03   -0.1254339E-04   -0.1239514E-03    0.4673901E-05
    0.6027929E-04   -0.1794290E-03    0.6268577E-05    0.8244270E-02    0.1697190E-01    0.6509723E-03   -0.2945209E-03   -0.3100809E-03   -0.1236684E-04   -0.3243160E-03   -0.4998128E-04   -0.3318625E-03    0.2187969E-04
    0.1416503E-04   -0.6247301E-04    0.5548107E-05    0.3241328E-03    0.6509723E-03    0.2769808E-03    0.1506899E-04    0.1791681E-04    0.1053490E-04    0.1918588E-04    0.6138118E-05   -0.4492683E-04    0.3686145E-06
   -0.9269790E-06   -0.9245190E-06    0.2789946E-06   -0.1370669E-03   -0.2945209E-03    0.1506899E-04    0.4348812E-04    0.2133162E-04   -0.9669410E-06    0.1602724E-04   -0.4702392E-06    0.6136818E-05    0.4669999E-06
   -0.9847180E-06   -0.1339039E-05    0.3152665E-06   -0.1428502E-03   -0.3100809E-03    0.1791681E-04    0.2133162E-04    0.3941259E-04    0.1193383E-05    0.2701873E-04    0.5739131E-05    0.5306054E-06    0.1336768E-06
    0.1060478E-05   -0.4691107E-05   -0.2059026E-06   -0.2384668E-05   -0.1236684E-04    0.1053490E-04   -0.9669410E-06    0.1193383E-05    0.1063922E-02    0.2712726E-05    0.2908304E-04    0.4282539E-04   -0.1120649E-05
   -0.1153499E-05   -0.1345484E-05    0.4482576E-06   -0.1491829E-03   -0.3243160E-03    0.1918588E-04    0.1602724E-04    0.2701873E-04    0.2712726E-05    0.6345997E-04    0.3515669E-05    0.6291211E-05    0.8543147E-06
    0.1976653E-05   -0.9375596E-05    0.3788551E-06   -0.1254339E-04   -0.4998128E-04    0.6138118E-05   -0.4702392E-06    0.5739131E-05    0.2908304E-04    0.3515669E-05    0.2228937E-02    0.1074166E-03   -0.9601287E-06
   -0.1220045E-05   -0.4043114E-05   -0.1988955E-05   -0.1239514E-03   -0.3318625E-03   -0.4492683E-04    0.6136818E-05    0.5306054E-06    0.4282539E-04    0.6291211E-05    0.1074166E-03    0.1724906E-01    0.1659562E-05
    0.6509474E-08   -0.3023734E-07   -0.7720052E-08    0.4673901E-05    0.2187969E-04    0.3686145E-06    0.4669999E-06    0.1336768E-06   -0.1120649E-05    0.8543147E-06   -0.9601287E-06    0.1659562E-05    0.6182450E-05
