# omegabh2 omegach2 theta tau logA ns galfTE100 galfTE100143 galfTE100217 galfTE143 galfTE143217 galfTE217 cal0 calPlanck
    0.6369502E-07   -0.7290085E-07    0.1842412E-07    0.6147563E-05    0.1350599E-04    0.1898266E-05   -0.3558281E-06   -0.2539705E-06    0.1060712E-06   -0.5660510E-06   -0.5961168E-06   -0.3345201E-05    0.3235662E-08    0.2511390E-07
   -0.7290085E-07    0.1539657E-05   -0.1946271E-07   -0.1236339E-04   -0.2165676E-04   -0.4881929E-05    0.1048140E-06    0.7858793E-06   -0.1009558E-05    0.3261156E-05    0.1270100E-05    0.1053063E-04   -0.2108144E-07   -0.1280229E-07
    0.1842412E-07   -0.1946271E-07    0.2197970E-06    0.6998479E-06    0.1719715E-05    0.3291004E-06   -0.1194984E-06    0.2267223E-06   -0.1045971E-05    0.5776691E-06   -0.3280202E-06   -0.3450205E-05    0.8669831E-08    0.3192481E-07
    0.6147563E-05   -0.1236339E-04    0.6998479E-06    0.2786880E-02    0.5872223E-02    0.3831304E-03   -0.4833219E-04   -0.2670170E-04    0.5209155E-04   -0.5965477E-04    0.9703034E-04    0.2243707E-03    0.4504300E-06   -0.4570747E-05
    0.1350599E-04   -0.2165676E-04    0.1719715E-05    0.5872223E-02    0.1246217E-01    0.8276569E-03   -0.1001913E-03   -0.5167968E-04    0.1051367E-03   -0.1153892E-03    0.2186749E-03    0.5636177E-03    0.1092332E-05    0.3843744E-05
    0.1898266E-05   -0.4881929E-05    0.3291004E-06    0.3831304E-03    0.8276569E-03    0.1506797E-03   -0.1604202E-04   -0.1120683E-04    0.3579514E-04   -0.1744233E-04    0.2801382E-04    0.9726434E-04    0.3483786E-06    0.1048420E-05
   -0.3558281E-06    0.1048140E-06   -0.1194984E-06   -0.4833219E-04   -0.1001913E-03   -0.1604202E-04    0.1464090E-02    0.2989527E-03    0.1234159E-03   -0.3653796E-03    0.3670146E-04    0.4065787E-04    0.5596453E-06    0.6161526E-06
   -0.2539705E-06    0.7858793E-06    0.2267223E-06   -0.2670170E-04   -0.5167968E-04   -0.1120683E-04    0.2989527E-03    0.8643816E-03    0.6039898E-04    0.7673905E-03    0.9953392E-04   -0.5592785E-03   -0.3251973E-06   -0.1328146E-05
    0.1060712E-06   -0.1009558E-05   -0.1045971E-05    0.5209155E-04    0.1051367E-03    0.3579514E-04    0.1234159E-03    0.6039898E-04    0.7120493E-02   -0.3330396E-03    0.5228849E-03    0.4019886E-02   -0.1400906E-05   -0.5477219E-05
   -0.5660510E-06    0.3261156E-05    0.5776691E-06   -0.5965477E-04   -0.1153892E-03   -0.1744233E-04   -0.3653796E-03    0.7673905E-03   -0.3330396E-03    0.2913423E-02    0.5290261E-03   -0.3701798E-03   -0.3331106E-06   -0.1143717E-05
   -0.5961168E-06    0.1270100E-05   -0.3280202E-06    0.9703034E-04    0.2186749E-03    0.2801382E-04    0.3670146E-04    0.9953392E-04    0.5228849E-03    0.5290261E-03    0.6637185E-02    0.7787048E-02   -0.4652652E-06    0.1070214E-05
   -0.3345201E-05    0.1053063E-04   -0.3450205E-05    0.2243707E-03    0.5636177E-03    0.9726434E-04    0.4065787E-04   -0.5592785E-03    0.4019886E-02   -0.3701798E-03    0.7787048E-02    0.6631199E-01   -0.1179213E-06    0.9986666E-05
    0.3235662E-08   -0.2108144E-07    0.8669831E-08    0.4504300E-06    0.1092332E-05    0.3483786E-06    0.5596453E-06   -0.3251973E-06   -0.1400906E-05   -0.3331106E-06   -0.4652652E-06   -0.1179213E-06    0.9990448E-06   -0.1264393E-07
    0.2511390E-07   -0.1280229E-07    0.3192481E-07   -0.4570747E-05    0.3843744E-05    0.1048420E-05    0.6161526E-06   -0.1328146E-05   -0.5477219E-05   -0.1143717E-05    0.1070214E-05    0.9986666E-05   -0.1264393E-07    0.6313195E-05
