# omegabh2 omegach2 theta tau mnu nnu logA ns calPlanck aps100 aps143 aps217 acib217 asz143 psr cibr xi aksz dust100 dust143 dust217 dust143x217 cal0 cal2
  4.6287199E-08   2.5869640E-07  -1.3294092E-08   3.2071691E-07   1.0713799E-06   2.0102504E-05   1.4749484E-06   9.2418089E-07   1.8935531E-08  -2.2896582E-04  -1.3612881E-04  -8.0364322E-06  -2.9074113E-05   1.7947440E-05   2.4450405E-07   3.2684143E-07  -3.4898644E-08  -1.5579388E-05   1.7077656E-06   3.8457244E-07   3.9482829E-07   6.3574209E-08   4.5695503E-09   2.6989525E-09
  2.5869640E-07   7.7328923E-06  -7.3596525E-07  -1.8570714E-06   1.0261406E-05   4.2840723E-04   1.6047418E-05   1.1969133E-05  -2.5531252E-07   9.3168489E-03   5.7072057E-03  -2.4187515E-03   3.0981462E-03  -2.2536509E-04  -2.1947190E-05   6.5224647E-05  -3.4905600E-05   6.6916489E-04   1.2523545E-05   2.1248959E-05  -7.7039559E-06   1.0730410E-05  -2.9718145E-08   3.1320835E-07
 -1.3294092E-08  -7.3596525E-07   2.4953116E-07   1.1900780E-07  -1.2872817E-06  -4.5772971E-05  -1.5222019E-06  -1.2572007E-06   8.4488214E-09  -1.0002086E-03  -6.3024903E-04   2.1492724E-05  -2.0710424E-04   3.2438885E-05   9.4854493E-07  -3.2314337E-06   1.6586082E-06  -6.4707845E-05  -6.7254482E-07  -1.6200415E-06   1.7912702E-07  -1.5344146E-06   3.7217262E-09  -2.5868569E-08
  3.2071691E-07  -1.8570714E-06   1.1900780E-07   5.6547171E-05   7.0622777E-05   8.6851380E-05   1.0686347E-04   1.3326280E-05  -5.3702084E-07  -1.0016082E-02  -4.1634694E-03   7.9066932E-04  -1.7668215E-03   3.8472515E-04   2.1026574E-05  -4.3581925E-05   3.6287492E-05  -2.3034631E-04   1.7526991E-05   6.6977324E-06  -1.7990708E-06   2.6309200E-06  -9.6556585E-08  -3.3308077E-07
  1.0713799E-06   1.0261406E-05  -1.2872817E-06   7.0622777E-05   1.5653277E-03   1.0934167E-03   1.8312483E-04   5.4140522E-05   5.2462990E-06   1.1861474E-02   1.9083315E-02   4.7675852E-03   6.0947928E-03   1.6449552E-03   5.0650085E-05   1.8806965E-04  -1.2693596E-05  -2.7223057E-03   1.3845367E-04  -1.6584135E-04   1.8455773E-05   6.1621404E-05   1.5236249E-06   1.4872477E-06
  2.0102504E-05   4.2840723E-04  -4.5772971E-05   8.6851380E-05   1.0934167E-03   2.8085316E-02   1.3170969E-03   9.5764952E-04  -2.7158183E-07   5.7475270E-01   3.4789474E-01  -1.4008480E-01   1.8642382E-01  -1.4243977E-02  -1.2906657E-03   3.9287498E-03  -1.7085743E-03   4.0934080E-02   9.0817775E-04   9.3713580E-04  -4.8000513E-04   5.1886540E-04   1.2407364E-06   1.9668191E-05
  1.4749484E-06   1.6047418E-05  -1.5222019E-06   1.0686347E-04   1.8312483E-04   1.3170969E-03   2.8032601E-04   5.9240272E-05   1.0422137E-05   8.5977573E-03   8.2321331E-03   3.1217437E-03   3.3603693E-03   3.6425735E-04   1.9598779E-05   2.0183390E-05  -3.2083426E-06   1.2443313E-04   6.2195738E-05  -3.6386205E-05  -3.5845539E-06   2.4079128E-05   4.7484304E-07   1.2172399E-07
  9.2418089E-07   1.1969133E-05  -1.2572007E-06   1.3326280E-05   5.4140522E-05   9.5764952E-04   5.9240272E-05   4.9845281E-05   7.7528899E-07  -4.5298939E-03   4.0087786E-03   4.5093834E-03  -1.6429327E-05   2.8428109E-05   2.1825146E-05   1.7279763E-05   2.0571179E-05  -7.7819953E-04   5.4878008E-05  -5.1886100E-06   1.3767429E-05   4.6220250E-06  -2.5260003E-07   3.5758616E-07
  1.8935531E-08  -2.5531252E-07   8.4488214E-09  -5.3702084E-07   5.2462990E-06  -2.7158183E-07   1.0422137E-05   7.7528899E-07   6.0310215E-06   2.4448099E-03   5.1020374E-04   1.5118021E-03   4.2513754E-04   4.0150252E-05   3.7448716E-06  -8.3237378E-06  -8.6441744E-06  -1.2400293E-04   2.3188688E-06  -5.7302146E-06   5.4786322E-06   2.2296923E-06   2.8635956E-08  -3.8456384E-08
 -2.2896582E-04   9.3168489E-03  -1.0002086E-03  -1.0016082E-02   1.1861474E-02   5.7475270E-01   8.5977573E-03  -4.5298939E-03   2.4448099E-03   6.1644634E+02   6.7048096E+01  -5.4331478E+01   3.2488049E+01  -2.4922811E+01  -8.6853060E-01  -1.2257248E-02  -3.5611816E-01   1.1915273E+01  -1.9890181E-01   2.6249060E-01  -2.3031454E-01  -1.8996484E-01   6.7801866E-03   3.2373960E-03
 -1.3612881E-04   5.7072057E-03  -6.3024903E-04  -4.1634694E-03   1.9083315E-02   3.4789474E-01   8.2321331E-03   4.0087786E-03   5.1020374E-04   6.7048096E+01   7.3461443E+01   6.9296064E+00   9.6847207E+00  -6.2325069E-01  -2.8504594E-02   5.1360602E-01   8.6815047E-01  -7.6875765E+00  -4.0930516E-02  -2.2968736E-01   4.0930656E-02   6.0845380E-02   7.9393359E-04   1.1250698E-03
 -8.0364322E-06  -2.4187515E-03   2.1492724E-05   7.9066932E-04   4.7675852E-03  -1.4008480E-01   3.1217437E-03   4.5093834E-03   1.5118021E-03  -5.4331478E+01   6.9296064E+00   1.7746991E+02  -8.4787605E+01   2.5254030E+00   3.6725656E-01  -1.0988655E+00   3.6754779E-01  -7.2628582E+00  -4.4900933E-02  -2.9865202E-01   5.5129103E-01  -7.0648940E-03   1.9414861E-03  -7.8547517E-03
 -2.9074113E-05   3.0981462E-03  -2.0710424E-04  -1.7668215E-03   6.0947928E-03   1.8642382E-01   3.3603693E-03  -1.6429327E-05   4.2513754E-04   3.2488049E+01   9.6847207E+00  -8.4787605E+01   5.3603710E+01   1.5885772E+00  -6.4144935E-02   7.6500133E-01  -2.7831528E-01  -2.4979146E+00   1.8649800E-02   1.6892371E-01  -4.5159937E-01  -1.1650901E-01  -6.5746421E-04   3.3111520E-03
  1.7947440E-05  -2.2536509E-04   3.2438885E-05   3.8472515E-04   1.6449552E-03  -1.4243977E-02   3.6425735E-04   2.8428109E-05   4.0150252E-05  -2.4922811E+01  -6.2325069E-01   2.5254030E+00   1.5885772E+00   4.2532467E+00   1.0138068E-01   1.4425487E-01  -3.7853762E-02  -3.4575898E+00  -4.4174892E-03  -9.4901134E-03   8.3473580E-03   4.9720699E-02   4.7460623E-04  -2.1932686E-04
  2.4450405E-07  -2.1947190E-05   9.4854493E-07   2.1026574E-05   5.0650085E-05  -1.2906657E-03   1.9598779E-05   2.1825146E-05   3.7448716E-06  -8.6853060E-01  -2.8504594E-02   3.6725656E-01  -6.4144935E-02   1.0138068E-01   1.6794951E-02  -1.7103106E-02   1.2284684E-02  -1.0658149E-01  -3.9291624E-05  -1.1605982E-03  -2.4937920E-03   5.4243048E-03   1.7791434E-05  -3.7015365E-05
  3.2684143E-07   6.5224647E-05  -3.2314337E-06  -4.3581925E-05   1.8806965E-04   3.9287498E-03   2.0183390E-05   1.7279763E-05  -8.3237378E-06  -1.2257248E-02   5.1360602E-01  -1.0988655E+00   7.6500133E-01   1.4425487E-01  -1.7103106E-02   6.7075103E-02   3.2674892E-03  -1.4609153E-01   4.5243894E-04   6.5642442E-03  -4.2117510E-04  -1.7807872E-02  -8.6655660E-06   9.9254017E-05
 -3.4898644E-08  -3.4905600E-05   1.6586082E-06   3.6287492E-05  -1.2693596E-05  -1.7085743E-03  -3.2083426E-06   2.0571179E-05  -8.6441744E-06  -3.5611816E-01   8.6815047E-01   3.6754779E-01  -2.7831528E-01  -3.7853762E-02   1.2284684E-02   3.2674892E-03   8.2861635E-02   3.1895192E-02  -1.0805433E-04   5.7041129E-04   1.4825277E-03   1.4523047E-03   9.2391995E-06  -1.6690486E-06
 -1.5579388E-05   6.6916489E-04  -6.4707845E-05  -2.3034631E-04  -2.7223057E-03   4.0934080E-02   1.2443313E-04  -7.7819953E-04  -1.2400293E-04   1.1915273E+01  -7.6875765E+00  -7.2628582E+00  -2.4979146E+00  -3.4575898E+00  -1.0658149E-01  -1.4609153E-01   3.1895192E-02   7.3926949E+00  -2.2273327E-04   5.6419367E-03  -2.7414188E-03  -4.2585433E-02  -3.5525666E-04   3.1371465E-05
  1.7077656E-06   1.2523545E-05  -6.7254482E-07   1.7526991E-05   1.3845367E-04   9.0817775E-04   6.2195738E-05   5.4878008E-05   2.3188688E-06  -1.9890181E-01  -4.0930516E-02  -4.4900933E-02   1.8649800E-02  -4.4174892E-03  -3.9291624E-05   4.5243894E-04  -1.0805433E-04  -2.2273327E-04   3.7834166E-02   2.7430939E-03  -1.4269058E-05   4.0780258E-04   3.7160278E-05  -1.8370347E-08
  3.8457244E-07   2.1248959E-05  -1.6200415E-06   6.6977324E-06  -1.6584135E-04   9.3713580E-04  -3.6386205E-05  -5.1886100E-06  -5.7302146E-06   2.6249060E-01  -2.2968736E-01  -2.9865202E-01   1.6892371E-01  -9.4901134E-03  -1.1605982E-03   6.5642442E-03   5.7041129E-04   5.6419367E-03   2.7430939E-03   3.0631690E-02  -7.8344668E-04   5.4422367E-03  -8.2162270E-05  -4.2371824E-05
  3.9482829E-07  -7.7039559E-06   1.7912702E-07  -1.7990708E-06   1.8455773E-05  -4.8000513E-04  -3.5845539E-06   1.3767429E-05   5.4786322E-06  -2.3031454E-01   4.0930656E-02   5.5129103E-01  -4.5159937E-01   8.3473580E-03  -2.4937920E-03  -4.2117510E-04   1.4825277E-03  -2.7414188E-03  -1.4269058E-05  -7.8344668E-04   1.0653817E-02   8.4614282E-03   5.1266163E-06   6.3256954E-05
  6.3574209E-08   1.0730410E-05  -1.5344146E-06   2.6309200E-06   6.1621404E-05   5.1886540E-04   2.4079128E-05   4.6220250E-06   2.2296923E-06  -1.8996484E-01   6.0845380E-02  -7.0648940E-03  -1.1650901E-01   4.9720699E-02   5.4243048E-03  -1.7807872E-02   1.4523047E-03  -4.2585433E-02   4.0780258E-04   5.4422367E-03   8.4614282E-03   2.6396126E-02  -3.0685416E-06   5.8845572E-05
  4.5695503E-09  -2.9718145E-08   3.7217262E-09  -9.6556585E-08   1.5236249E-06   1.2407364E-06   4.7484304E-07  -2.5260003E-07   2.8635956E-08   6.7801866E-03   7.9393359E-04   1.9414861E-03  -6.5746421E-04   4.7460623E-04   1.7791434E-05  -8.6655660E-06   9.2391995E-06  -3.5525666E-04   3.7160278E-05  -8.2162270E-05   5.1266163E-06  -3.0685416E-06   1.1357961E-06   4.6267753E-08
  2.6989525E-09   3.1320835E-07  -2.5868569E-08  -3.3308077E-07   1.4872477E-06   1.9668191E-05   1.2172399E-07   3.5758616E-07  -3.8456384E-08   3.2373960E-03   1.1250698E-03  -7.8547517E-03   3.3111520E-03  -2.1932686E-04  -3.7015365E-05   9.9254017E-05  -1.6690486E-06   3.1371465E-05  -1.8370347E-08  -4.2371824E-05   6.3256954E-05   5.8845572E-05   4.6267753E-08   2.4903808E-06
