# omegabh2 omegach2 theta tau nnu logA ns calPlanck aps100 aps143 aps217 acib217 asz143 psr cibr xi aksz dust100 dust143 dust217 dust143x217 cal0 cal2 calTE calEE
  2.6789237E-08   1.9017385E-07  -1.4277753E-08   1.4968850E-07   1.4145138E-05   8.3632463E-07   5.6208517E-07   1.4722628E-08  -5.5682961E-05  -1.3008123E-05  -4.3321192E-05   1.7528701E-05   6.2771877E-06   3.8185995E-08   7.5363367E-07   7.9089750E-07  -1.6229682E-06   6.0200103E-07   3.4260387E-07   1.5942933E-07   3.2436187E-07   1.2479368E-10   6.1948548E-09  -3.4736456E-08  -9.4746832E-08
  1.9017385E-07   9.6114286E-06  -9.4286544E-07  -1.5414379E-06   5.1451260E-04   1.9218758E-05   1.1663195E-05  -3.9300425E-07   1.4618395E-02   8.1680687E-03  -3.1960774E-03   4.3573158E-03  -4.1173272E-04  -3.3561053E-05   1.0418385E-04  -3.5214831E-05   9.2287090E-04  -7.7912100E-06   1.0641559E-05  -1.8701695E-05  -9.2847359E-06   1.0895518E-08   3.9280879E-07   2.5300063E-06   5.5557310E-06
 -1.4277753E-08  -9.4286544E-07   1.7862841E-07   1.1515228E-07  -5.3333503E-05  -1.9160148E-06  -1.1961575E-06   2.1005357E-08  -1.4040931E-03  -8.8192275E-04   3.3007764E-04  -4.5481249E-04   3.8191767E-05   2.8824893E-06  -1.0867805E-05   1.8694603E-06  -9.1531120E-05   1.3928867E-06  -2.1018069E-07   2.1656898E-06   1.1164160E-06  -6.6971225E-09  -4.1313639E-08  -3.3350851E-07  -6.2074132E-07
  1.4968850E-07  -1.5414379E-06   1.1515228E-07   4.9468101E-05  -2.0223273E-05   9.5106222E-05   4.7024844E-06  -1.4913517E-07  -1.2920873E-02  -3.7364285E-03   4.3874762E-03  -3.2293096E-03   3.4778660E-04   3.7310833E-05  -7.3271062E-05   1.7627174E-05  -1.1723439E-03   2.0516419E-05  -2.7290669E-05   1.7462217E-05   1.3031973E-05  -9.5619357E-08  -1.8698344E-07  -3.5146823E-06  -2.2691411E-06
  1.4145138E-05   5.1451260E-04  -5.3333503E-05  -2.0223273E-05   3.0706153E-02   1.1592045E-03   8.2349489E-04  -1.9099928E-05   7.9899905E-01   4.5528473E-01  -2.0584842E-01   2.5571988E-01  -2.2486511E-02  -1.9119795E-03   5.9581858E-03  -1.8386973E-03   5.6210941E-02  -3.4875435E-05   9.6307742E-04  -1.0454915E-03  -2.4133436E-04   2.3388682E-07   2.2847376E-05   1.5659053E-04   3.6155775E-04
  8.3632463E-07   1.9218758E-05  -1.9160148E-06   9.5106222E-05   1.1592045E-03   2.6470337E-04   3.5118290E-05   1.1745244E-05   1.3374557E-02   1.3645409E-02   1.2254437E-02   8.8363541E-04  -3.0286836E-04   3.3481926E-05  -5.4085734E-07   2.6308040E-05  -1.1797314E-03  -1.2003088E-05  -1.3979321E-04   2.5992896E-05   1.7057622E-05   6.2849506E-07   3.0122676E-07  -1.9424998E-06   1.0798649E-05
  5.6208517E-07   1.1663195E-05  -1.1961575E-06   4.7024844E-06   8.2349489E-04   3.5118290E-05   3.6931697E-05  -1.9549457E-07  -2.4491608E-03   5.2381881E-03   2.3175849E-03   1.0798223E-03  -1.7265574E-04   1.4311107E-06   4.8078623E-05   2.2172739E-05  -1.2040568E-04   3.5386934E-05   1.4743349E-05   3.9325910E-06   1.6116469E-06  -4.1719917E-07   2.8742535E-07   3.8152779E-06   6.6300215E-06
  1.4722628E-08  -3.9300425E-07   2.1005357E-08  -1.4913517E-07  -1.9099928E-05   1.1745244E-05  -1.9549457E-07   6.3596446E-06   2.0573817E-03   3.9064701E-04   2.9043255E-03  -3.8316897E-04  -3.5440207E-05   5.3943031E-06  -2.1905612E-05   2.0924318E-05  -8.5348052E-05  -7.0948969E-06  -9.0052927E-06   1.1035321E-05   6.9353065E-06   4.3809851E-08  -1.4234500E-07  -6.9178467E-07  -3.7648408E-07
 -5.5682961E-05   1.4618395E-02  -1.4040931E-03  -1.2920873E-02   7.9899905E-01   1.3374557E-02  -2.4491608E-03   2.0573817E-03   6.2084002E+02   7.0903626E+01  -5.0922940E+01   3.0103210E+01  -2.4777593E+01  -8.0543195E-01  -6.0162532E-02  -3.3565316E-01   1.1799736E+01  -1.9789888E-01   2.2511833E-01  -1.7678153E-01  -1.6288542E-01   7.0195253E-03   3.7106278E-03   5.5057184E-03   1.7079649E-02
 -1.3008123E-05   8.1680687E-03  -8.8192275E-04  -3.7364285E-03   4.5528473E-01   1.3645409E-02   5.2381881E-03   3.9064701E-04   7.0903626E+01   7.2996426E+01   9.2811661E+00   7.7156090E+00  -9.5436378E-01  -8.9293121E-03   4.4881666E-01   8.6725565E-01  -7.2372489E+00  -1.3636846E-02  -1.9739354E-01   6.0063938E-02   9.3562585E-02   9.1122127E-04   7.6274445E-04   4.2984909E-03   9.5575123E-03
 -4.3321192E-05  -3.1960774E-03   3.3007764E-04   4.3874762E-03  -2.0584842E-01   1.2254437E-02   2.3175849E-03   2.9043255E-03  -5.0922940E+01   9.2811661E+00   1.7867239E+02  -8.6002423E+01   1.6145347E+00   3.6130388E-01  -1.1464452E+00   4.9469527E-01  -6.6487626E+00  -1.5880901E-04  -2.8697104E-01   5.5712115E-01   3.5798386E-02   1.7895884E-03  -8.0889967E-03   1.3408150E-03  -2.5733561E-04
  1.7528701E-05   4.3573158E-03  -4.5481249E-04  -3.2293096E-03   2.5571988E-01   8.8363541E-04   1.0798223E-03  -3.8316897E-04   3.0103210E+01   7.7156090E+00  -8.6002423E+01   5.4153955E+01   1.9506848E+00  -6.9575980E-02   7.8891021E-01  -3.3363979E-01  -2.4571965E+00   6.8017549E-03   1.8856458E-01  -4.4876517E-01  -1.3548233E-01  -7.2474166E-04   3.4249056E-03   7.1812957E-04   3.6720318E-03
  6.2771877E-06  -4.1173272E-04   3.8191767E-05   3.4778660E-04  -2.2486511E-02  -3.0286836E-04  -1.7265574E-04  -3.5440207E-05  -2.4777593E+01  -9.5436378E-01   1.6145347E+00   1.9506848E+00   4.1509119E+00   9.3028122E-02   1.4678420E-01  -3.8128084E-02  -3.3624757E+00  -3.9237612E-03   4.7662113E-03   4.8303081E-03   4.8427034E-02   3.5380625E-04  -2.1227603E-04  -3.2425537E-04  -5.5760617E-04
  3.8185995E-08  -3.3561053E-05   2.8824893E-06   3.7310833E-05  -1.9119795E-03   3.3481926E-05   1.4311107E-06   5.3943031E-06  -8.0543195E-01  -8.9293121E-03   3.6130388E-01  -6.9575980E-02   9.3028122E-02   1.5394017E-02  -1.6435656E-02   1.2557029E-02  -1.0192742E-01   2.2026858E-05  -1.6420245E-03  -2.3773201E-03   5.2243796E-03   1.6966042E-05  -3.5920544E-05   1.0951322E-05  -3.5409279E-06
  7.5363367E-07   1.0418385E-04  -1.0867805E-05  -7.3271062E-05   5.9581858E-03  -5.4085734E-07   4.8078623E-05  -2.1905612E-05  -6.0162532E-02   4.4881666E-01  -1.1464452E+00   7.8891021E-01   1.4678420E-01  -1.6435656E-02   6.6397510E-02   9.2453585E-04  -1.3139736E-01   4.3912820E-04   8.9932097E-03  -6.2681146E-04  -1.7790551E-02  -1.4496192E-05   9.3823265E-05   6.2844328E-09   4.7992560E-05
  7.9089750E-07  -3.5214831E-05   1.8694603E-06   1.7627174E-05  -1.8386973E-03   2.6308040E-05   2.2172739E-05   2.0924318E-05  -3.3565316E-01   8.6725565E-01   4.9469527E-01  -3.3363979E-01  -3.8128084E-02   1.2557029E-02   9.2453585E-04   8.2694079E-02   3.4384392E-02  -2.8339745E-04   2.7498427E-04   1.7317701E-03   2.9579897E-03   2.0509355E-05  -1.0659764E-05   3.0433387E-05   3.4872608E-06
 -1.6229682E-06   9.2287090E-04  -9.1531120E-05  -1.1723439E-03   5.6210941E-02  -1.1797314E-03  -1.2040568E-04  -8.5348052E-05   1.1799736E+01  -7.2372489E+00  -6.6487626E+00  -2.4571965E+00  -3.3624757E+00  -1.0192742E-01  -1.3139736E-01   3.4384392E-02   7.1719053E+00  -6.1300625E-03  -1.5043582E-02  -4.3083329E-03  -5.1636731E-02  -2.6367790E-04   1.1080576E-04   3.1794942E-04   5.2722741E-04
  6.0200103E-07  -7.7912100E-06   1.3928867E-06   2.0516419E-05  -3.4875435E-05  -1.2003088E-05   3.5386934E-05  -7.0948969E-06  -1.9789888E-01  -1.3636846E-02  -1.5880901E-04   6.8017549E-03  -3.9237612E-03   2.2026858E-05   4.3912820E-04  -2.8339745E-04  -6.1300625E-03   3.9132678E-02   2.7714111E-03  -1.5913897E-04   2.6056791E-05   3.6356668E-05  -5.1364341E-06   1.9738324E-05  -1.1914901E-05
  3.4260387E-07   1.0641559E-05  -2.1018069E-07  -2.7290669E-05   9.6307742E-04  -1.3979321E-04   1.4743349E-05  -9.0052927E-06   2.2511833E-01  -1.9739354E-01  -2.8697104E-01   1.8856458E-01   4.7662113E-03  -1.6420245E-03   8.9932097E-03   2.7498427E-04  -1.5043582E-02   2.7714111E-03   3.0371086E-02  -7.7669165E-04   4.4587396E-03  -7.9520275E-05  -4.0490936E-05  -6.0000102E-05  -5.4166479E-05
  1.5942933E-07  -1.8701695E-05   2.1656898E-06   1.7462217E-05  -1.0454915E-03   2.5992896E-05   3.9325910E-06   1.1035321E-05  -1.7678153E-01   6.0063938E-02   5.5712115E-01  -4.4876517E-01   4.8303081E-03  -2.3773201E-03  -6.2681146E-04   1.7317701E-03  -4.3083329E-03  -1.5913897E-04  -7.7669165E-04   1.0420416E-02   8.4663273E-03   5.7466998E-06   6.0179575E-05  -1.6536936E-05  -2.2759604E-05
  3.2436187E-07  -9.2847359E-06   1.1164160E-06   1.3031973E-05  -2.4133436E-04   1.7057622E-05   1.6116469E-06   6.9353065E-06  -1.6288542E-01   9.3562585E-02   3.5798386E-02  -1.3548233E-01   4.8427034E-02   5.2243796E-03  -1.7790551E-02   2.9579897E-03  -5.1636731E-02   2.6056791E-05   4.4587396E-03   8.4663273E-03   2.6356012E-02   6.5709089E-08   5.6731738E-05  -3.7010973E-05  -2.2523042E-06
  1.2479368E-10   1.0895518E-08  -6.6971225E-09  -9.5619357E-08   2.3388682E-07   6.2849506E-07  -4.1719917E-07   4.3809851E-08   7.0195253E-03   9.1122127E-04   1.7895884E-03  -7.2474166E-04   3.5380625E-04   1.6966042E-05  -1.4496192E-05   2.0509355E-05  -2.6367790E-04   3.6356668E-05  -7.9520275E-05   5.7466998E-06   6.5709089E-08   1.1066341E-06   5.3847638E-08   3.5169604E-07   6.5578144E-07
  6.1948548E-09   3.9280879E-07  -4.1313639E-08  -1.8698344E-07   2.2847376E-05   3.0122676E-07   2.8742535E-07  -1.4234500E-07   3.7106278E-03   7.6274445E-04  -8.0889967E-03   3.4249056E-03  -2.1227603E-04  -3.5920544E-05   9.3823265E-05  -1.0659764E-05   1.1080576E-04  -5.1364341E-06  -4.0490936E-05   6.0179575E-05   5.6731738E-05   5.3847638E-08   2.4852407E-06   1.9037552E-07   4.4028258E-07
 -3.4736456E-08   2.5300063E-06  -3.3350851E-07  -3.5146823E-06   1.5659053E-04  -1.9424998E-06   3.8152779E-06  -6.9178467E-07   5.5057184E-03   4.2984909E-03   1.3408150E-03   7.1812957E-04  -3.2425537E-04   1.0951322E-05   6.2844328E-09   3.0433387E-05   3.1794942E-04   1.9738324E-05  -6.0000102E-05  -1.6536936E-05  -3.7010973E-05   3.5169604E-07   1.9037552E-07   2.4734146E-05   1.0133782E-05
 -9.4746832E-08   5.5557310E-06  -6.2074132E-07  -2.2691411E-06   3.6155775E-04   1.0798649E-05   6.6300215E-06  -3.7648408E-07   1.7079649E-02   9.5575123E-03  -2.5733561E-04   3.6720318E-03  -5.5760617E-04  -3.5409279E-06   4.7992560E-05   3.4872608E-06   5.2722741E-04  -1.1914901E-05  -5.4166479E-05  -2.2759604E-05  -2.2523042E-06   6.5578144E-07   4.4028258E-07   1.0133782E-05   2.8911886E-05
