# omegabh2 omegach2 theta tau w wa logA ns calPlanck acib217 xi asz143 aps100 aps143 aps143217 aps217 aksz kgal100 kgal143 kgal143217 kgal217 galfTE100 galfTE100143 galfTE100217 galfTE143 galfTE143217 galfTE217 cal0 cal2
  1.9638760E-08  -9.4753799E-08   1.4421593E-08   1.8139390E-07  -8.4534442E-07   1.0187857E-05   2.5431849E-07   2.3923366E-07   2.1771955E-08  -7.0078641E-05   1.3237287E-06   1.9029474E-05  -3.9495050E-04  -1.9016610E-04  -4.7973665E-05   1.7097093E-05  -3.0827723E-05  -1.6843614E-06  -1.0153225E-05  -1.0766412E-05   1.2164440E-05   8.1517177E-10  -9.3392093E-08  -2.1850237E-09  -1.5736211E-07  -4.9483640E-07  -2.2737846E-06   2.3061010E-09  -4.1700026E-10
 -9.4753799E-08   1.5968711E-06  -1.1842085E-07  -1.8331817E-06   1.5915273E-05  -1.6700535E-04  -9.5230367E-08  -3.7041551E-06  -1.7992349E-07   4.3383526E-05   4.9261009E-06  -1.2164634E-04   1.4451559E-03   9.1704511E-04   4.5785676E-04   3.3941864E-04   7.8838135E-05  -5.8521947E-05  -5.2584668E-05  -5.9694882E-05  -8.0287861E-05  -5.7966324E-07   5.1205419E-07  -1.2102319E-06   1.9938652E-06   2.2245899E-06   1.6108737E-05  -6.2213160E-09   8.9130027E-09
  1.4421593E-08  -1.1842085E-07   9.3498117E-08   1.7072654E-07  -1.8802389E-06   1.9367834E-05   1.0352001E-07   3.8162223E-07  -1.3170373E-08   7.1769665E-06  -9.0222825E-07   1.1933944E-05  -1.6121378E-04  -6.8933936E-05  -3.7690986E-05  -4.0668650E-05   4.1293291E-06  -4.4979823E-07   4.6676850E-06   4.9236574E-06   9.3242611E-07   6.4332252E-08  -8.0319018E-08  -1.9941816E-07  -1.0747634E-07  -4.3714870E-07  -3.0057853E-06  -2.3793839E-09   3.9634594E-10
  1.8139390E-07  -1.8331817E-06   1.7072654E-07   4.5726804E-05  -2.9801887E-05   2.4190804E-04   8.7690492E-05   6.2600757E-06   2.2719144E-07  -1.9044868E-03   6.9415070E-05   4.5636228E-04  -1.0572305E-02  -2.9700717E-03   3.2233659E-04   1.5144132E-03  -8.5301619E-04  -3.2128495E-05  -3.1722340E-04  -1.4359734E-04   2.2755259E-04  -1.0902332E-06   1.6536028E-06   8.9349789E-06  -2.2361220E-06  -8.4501117E-06  -5.1262142E-05   5.5567744E-08   1.8318301E-08
 -8.4534442E-07   1.5915273E-05  -1.8802389E-06  -2.9801887E-05   6.3221339E-03  -2.2587374E-02  -3.2771432E-05  -3.8521314E-05  -6.3791344E-06  -2.6523469E-03   7.2297025E-05  -9.4651527E-04   2.7228556E-02   1.0277927E-02   4.4377186E-03   2.3551912E-03  -2.5200885E-03   5.8817892E-04   6.3021920E-05   3.0665297E-03   9.0454881E-03  -3.3873207E-05  -3.8283852E-05   2.6787689E-05   8.1954838E-06   9.9492436E-05   4.0588895E-04  -3.3066087E-07   8.7016449E-07
  1.0187857E-05  -1.6700535E-04   1.9367834E-05   2.4190804E-04  -2.2587374E-02   1.0014523E-01   1.3469744E-04   4.0627014E-04   3.0622736E-05   1.0891991E-02  -8.5627885E-04   1.1152252E-02  -2.2144201E-01  -1.1037868E-01  -6.0451119E-02  -4.6583554E-02   5.8545194E-03   2.4183091E-03   3.7091433E-03  -5.9121655E-03  -2.7786367E-02   2.1007903E-04   1.1698973E-04  -1.5664226E-04  -2.0904967E-04  -5.5880035E-04  -2.5552341E-03  -1.9895599E-07  -3.7584864E-06
  2.5431849E-07  -9.5230367E-08   1.0352001E-07   8.7690492E-05  -3.2771432E-05   1.3469744E-04   2.0499386E-04   2.9622378E-06   1.2818567E-05  -4.4696551E-03   2.4091240E-04   5.3426524E-04  -1.6309642E-02  -3.0936985E-03   4.7435950E-03   1.0111704E-02  -2.2619489E-03  -4.8632701E-04  -1.3670434E-03  -1.2439826E-03   1.5589599E-03   5.2698341E-07   3.7063302E-06   1.3418562E-05   2.1286773E-06  -1.1490280E-05  -6.6356732E-05   2.2641926E-07   3.6847008E-08
  2.3923366E-07  -3.7041551E-06   3.8162223E-07   6.2600757E-06  -3.8521314E-05   4.0627014E-04   2.9622378E-06   1.7311821E-05   5.2084035E-07  -4.0448956E-03   8.7252250E-05   1.0415282E-03  -2.2883271E-02  -6.1117730E-03   1.7207917E-03   4.4618719E-03  -2.0784772E-03   3.3115298E-04  -1.7504826E-04  -6.8448638E-05   1.5110575E-03   6.1894564E-07  -1.1649736E-06   6.0420415E-06  -5.1661212E-06  -2.1825668E-06  -4.7261077E-05  -9.0153559E-08  -7.4817054E-08
  2.1771955E-08  -1.7992349E-07  -1.3170373E-08   2.2719144E-07  -6.3791344E-06   3.0622736E-05   1.2818567E-05   5.2084035E-07   6.2989390E-06   4.0235554E-04   2.1519397E-05  -2.8988923E-05   2.8792746E-03   2.5654255E-04   6.0216936E-04   1.4995796E-03   1.5058082E-05   1.1159559E-05   1.8427398E-06  -1.1337328E-04   7.5569370E-04   1.7279476E-06  -1.2080288E-07  -8.4889606E-07   1.1865761E-06   2.2261794E-06  -1.2654917E-06   7.8713208E-11  -8.7669712E-09
 -7.0078641E-05   4.3383526E-05   7.1769665E-06  -1.9044868E-03  -2.6523469E-03   1.0891991E-02  -4.4696551E-03  -4.0448956E-03   4.0235554E-04   4.5926998E+01  -3.4066487E-01  -1.0750998E+00   3.9682467E+01   2.9354391E+00  -1.2496788E+01  -5.6729153E+01  -5.8887915E-02   3.5379912E-01   5.4390540E-01  -6.0520390E+00  -3.4765142E+01  -6.9294344E-03   6.4826970E-04  -5.4317816E-03   6.3765911E-03   4.7908372E-03   7.7530848E-03  -1.2928878E-04   7.3056243E-04
  1.3237287E-06   4.9261009E-06  -9.0222825E-07   6.9415070E-05   7.2297025E-05  -8.5627885E-04   2.4091240E-04   8.7252250E-05   2.1519397E-05  -3.4066487E-01   8.1927238E-02  -4.2538659E-02  -5.1264622E-01   9.2664832E-01   1.7212563E+00   6.0393395E-01   3.6509134E-02  -4.3808901E-03   1.2896245E-02   1.0119391E-01   9.3861421E-02   2.0549558E-04   1.2978452E-04   5.3538254E-04  -2.4777402E-04   1.4628452E-04  -5.4996982E-04   5.5961831E-06   3.8133014E-07
  1.9029474E-05  -1.2164634E-04   1.1933944E-05   4.5636228E-04  -9.4651527E-04   1.1152252E-02   5.3426524E-04   1.0415282E-03  -2.8988923E-05  -1.0750998E+00  -4.2538659E-02   3.8013520E+00  -3.0416057E+01  -3.3079120E+00   7.4255608E+00   5.3740611E+00  -2.5683910E+00  -2.8521701E-01   8.9781831E-02   2.5892388E+00   3.3598093E+00  -8.6991715E-04   6.4595810E-04   7.7935357E-04   6.0035592E-04   3.0951511E-03  -4.3689978E-03   1.1225616E-04  -2.6380851E-05
 -3.9495050E-04   1.4451559E-03  -1.6121378E-04  -1.0572305E-02   2.7228556E-02  -2.2144201E-01  -1.6309642E-02  -2.2883271E-02   2.8792746E-03   3.9682467E+01  -5.1264622E-01  -3.0416057E+01   7.9297126E+02   7.0241321E+01  -5.4339481E+01  -6.3401426E+01   1.2576362E+01  -5.7261270E+00   6.1907031E+00  -1.1882068E+01  -2.6425697E+01   7.5900037E-03  -1.3756627E-02  -5.7872640E-03   1.2283969E-02  -3.1929216E-02  -2.4482427E-02   3.8113255E-03   4.2905297E-04
 -1.9016610E-04   9.1704511E-04  -6.8933936E-05  -2.9700717E-03   1.0277927E-02  -1.1037868E-01  -3.0936985E-03  -6.1117730E-03   2.5654255E-04   2.9354391E+00   9.2664832E-01  -3.3079120E+00   7.0241321E+01   6.0003001E+01   3.9280569E+01   1.3326079E+01  -5.1442837E+00  -3.4915256E-01  -1.3862584E+00   3.0888452E+00   2.7227753E+00   4.0386018E-03   3.1869217E-03   1.0301079E-02   3.4139687E-03   5.2978448E-03   1.7022097E-02   1.5944592E-04   1.1111562E-04
 -4.7973665E-05   4.5785676E-04  -3.7690986E-05   3.2233659E-04   4.4377186E-03  -6.0451119E-02   4.7435950E-03   1.7207917E-03   6.0216936E-04  -1.2496788E+01   1.7212563E+00   7.4255608E+00  -5.4339481E+01   3.9280569E+01   8.4500132E+01   5.1939962E+01  -1.1623360E+01  -1.0409011E+00  -8.0298321E-01   4.4562388E+00   6.9342915E+00   2.4343153E-03   3.1463513E-03   1.4945904E-02  -3.1982377E-03   1.6893308E-02  -2.4831245E-02   4.5194240E-04  -3.0850832E-04
  1.7097093E-05   3.3941864E-04  -4.0668650E-05   1.5144132E-03   2.3551912E-03  -4.6583554E-02   1.0111704E-02   4.4618719E-03   1.4995796E-03  -5.6729153E+01   6.0393395E-01   5.3740611E+00  -6.3401426E+01   1.3326079E+01   5.1939962E+01   1.0544632E+02  -9.1975465E+00  -1.0571651E+00  -1.2999733E+00   5.3955019E+00   3.4494347E+01   6.9640250E-03  -1.2410129E-03   7.1225678E-03  -6.9582094E-03   1.2309129E-02  -1.0995705E-02   3.5668334E-04  -1.3465829E-03
 -3.0827723E-05   7.8838135E-05   4.1293291E-06  -8.5301619E-04  -2.5200885E-03   5.8545194E-03  -2.2619489E-03  -2.0784772E-03   1.5058082E-05  -5.8887915E-02   3.6509134E-02  -2.5683910E+00   1.2576362E+01  -5.1442837E+00  -1.1623360E+01  -9.1975465E+00   5.6658631E+00   1.8466891E-01  -1.0600541E-01  -1.9629230E+00  -2.1843788E+00   1.5481335E-03  -3.4543817E-04  -2.6124516E-03  -1.2591289E-03  -4.5768167E-03   2.7053113E-03  -7.7060836E-05   2.2985803E-06
 -1.6843614E-06  -5.8521947E-05  -4.4979823E-07  -3.2128495E-05   5.8817892E-04   2.4183091E-03  -4.8632701E-04   3.3115298E-04   1.1159559E-05   3.5379912E-01  -4.3808901E-03  -2.8521701E-01  -5.7261270E+00  -3.4915256E-01  -1.0409011E+00  -1.0571651E+00   1.8466891E-01   3.3101272E+00   5.1941495E-01   9.5073779E-02  -2.7438313E-02  -8.4552103E-04   1.1596266E-03  -4.3008774E-03   1.7739182E-04   5.0898726E-04  -4.7887829E-03   1.5743414E-04   5.6551676E-06
 -1.0153225E-05  -5.2584668E-05   4.6676850E-06  -3.1722340E-04   6.3021920E-05   3.7091433E-03  -1.3670434E-03  -1.7504826E-04   1.8427398E-06   5.4390540E-01   1.2896245E-02   8.9781831E-02   6.1907031E+00  -1.3862584E+00  -8.0298321E-01  -1.2999733E+00  -1.0600541E-01   5.1941495E-01   3.1882528E+00   2.6522591E+00   2.6347099E+00  -1.2834906E-03  -4.0300657E-04  -3.4154295E-04  -4.0864342E-04   9.9765504E-04  -4.0688937E-03  -1.8337530E-04  -5.4048870E-05
 -1.0766412E-05  -5.9694882E-05   4.9236574E-06  -1.4359734E-04   3.0665297E-03  -5.9121655E-03  -1.2439826E-03  -6.8448638E-05  -1.1337328E-04  -6.0520390E+00   1.0119391E-01   2.5892388E+00  -1.1882068E+01   3.0888452E+00   4.4562388E+00   5.3955019E+00  -1.9629230E+00   9.5073779E-02   2.6522591E+00   1.0722888E+01   1.9255966E+01  -4.4501802E-04   1.3365436E-03   2.8919770E-03   1.2158217E-03   1.6127735E-03   3.7891760E-03  -1.7760895E-05   3.8052484E-04
  1.2164440E-05  -8.0287861E-05   9.3242611E-07   2.2755259E-04   9.0454881E-03  -2.7786367E-02   1.5589599E-03   1.5110575E-03   7.5569370E-04  -3.4765142E+01   9.3861421E-02   3.3598093E+00  -2.6425697E+01   2.7227753E+00   6.9342915E+00   3.4494347E+01  -2.1843788E+00  -2.7438313E-02   2.6347099E+00   1.9255966E+01   5.4534696E+01   4.3703730E-03   1.6534080E-03   7.0205866E-03   8.7282195E-04  -5.1902821E-03  -1.7329681E-03   3.9522552E-05   8.5011295E-04
  8.1517177E-10  -5.7966324E-07   6.4332252E-08  -1.0902332E-06  -3.3873207E-05   2.1007903E-04   5.2698341E-07   6.1894564E-07   1.7279476E-06  -6.9294344E-03   2.0549558E-04  -8.6991715E-04   7.5900037E-03   4.0386018E-03   2.4343153E-03   6.9640250E-03   1.5481335E-03  -8.4552103E-04  -1.2834906E-03  -4.4501802E-04   4.3703730E-03   1.4794781E-03   2.7732408E-04   1.0976968E-04  -3.6500135E-04  -7.3909035E-05  -9.6193632E-05   1.8096638E-07  -1.7476298E-07
 -9.3392093E-08   5.1205419E-07  -8.0319018E-08   1.6536028E-06  -3.8283852E-05   1.1698973E-04   3.7063302E-06  -1.1649736E-06  -1.2080288E-07   6.4826970E-04   1.2978452E-04   6.4595810E-04  -1.3756627E-02   3.1869217E-03   3.1463513E-03  -1.2410129E-03  -3.4543817E-04   1.1596266E-03  -4.0300657E-04   1.3365436E-03   1.6534080E-03   2.7732408E-04   8.6837703E-04   4.3578425E-05   7.2061428E-04   8.3807893E-05  -7.1128361E-04   1.8830820E-08   1.2171301E-07
 -2.1850237E-09  -1.2102319E-06  -1.9941816E-07   8.9349789E-06   2.6787689E-05  -1.5664226E-04   1.3418562E-05   6.0420415E-06  -8.4889606E-07  -5.4317816E-03   5.3538254E-04   7.7935357E-04  -5.7872640E-03   1.0301079E-02   1.4945904E-02   7.1225678E-03  -2.6124516E-03  -4.3008774E-03  -3.4154295E-04   2.8919770E-03   7.0205866E-03   1.0976968E-04   4.3578425E-05   7.1385175E-03  -2.9330889E-04   6.2366645E-04   4.2722345E-03  -2.3050195E-07   5.5467724E-07
 -1.5736211E-07   1.9938652E-06  -1.0747634E-07  -2.2361220E-06   8.1954838E-06  -2.0904967E-04   2.1286773E-06  -5.1661212E-06   1.1865761E-06   6.3765911E-03  -2.4777402E-04   6.0035592E-04   1.2283969E-02   3.4139687E-03  -3.1982377E-03  -6.9582094E-03  -1.2591289E-03   1.7739182E-04  -4.0864342E-04   1.2158217E-03   8.7282195E-04  -3.6500135E-04   7.2061428E-04  -2.9330889E-04   2.8119218E-03   5.8120472E-04  -1.0624017E-03   7.3930362E-07   8.8205371E-07
 -4.9483640E-07   2.2245899E-06  -4.3714870E-07  -8.4501117E-06   9.9492436E-05  -5.5880035E-04  -1.1490280E-05  -2.1825668E-06   2.2261794E-06   4.7908372E-03   1.4628452E-04   3.0951511E-03  -3.1929216E-02   5.2978448E-03   1.6893308E-02   1.2309129E-02  -4.5768167E-03   5.0898726E-04   9.9765504E-04   1.6127735E-03  -5.1902821E-03  -7.3909035E-05   8.3807893E-05   6.2366645E-04   5.8120472E-04   6.3816427E-03   7.8055072E-03   3.8406474E-07  -2.4147669E-07
 -2.2737846E-06   1.6108737E-05  -3.0057853E-06  -5.1262142E-05   4.0588895E-04  -2.5552341E-03  -6.6356732E-05  -4.7261077E-05  -1.2654917E-06   7.7530848E-03  -5.4996982E-04  -4.3689978E-03  -2.4482427E-02   1.7022097E-02  -2.4831245E-02  -1.0995705E-02   2.7053113E-03  -4.7887829E-03  -4.0688937E-03   3.7891760E-03  -1.7329681E-03  -9.6193632E-05  -7.1128361E-04   4.2722345E-03  -1.0624017E-03   7.8055072E-03   7.2326240E-02  -8.8646718E-07  -9.8335441E-07
  2.3061010E-09  -6.2213160E-09  -2.3793839E-09   5.5567744E-08  -3.3066087E-07  -1.9895599E-07   2.2641926E-07  -9.0153559E-08   7.8713208E-11  -1.2928878E-04   5.5961831E-06   1.1225616E-04   3.8113255E-03   1.5944592E-04   4.5194240E-04   3.5668334E-04  -7.7060836E-05   1.5743414E-04  -1.8337530E-04  -1.7760895E-05   3.9522552E-05   1.8096638E-07   1.8830820E-08  -2.3050195E-07   7.3930362E-07   3.8406474E-07  -8.8646718E-07   3.7014897E-07   9.8291638E-10
 -4.1700026E-10   8.9130027E-09   3.9634594E-10   1.8318301E-08   8.7016449E-07  -3.7584864E-06   3.6847008E-08  -7.4817054E-08  -8.7669712E-09   7.3056243E-04   3.8133014E-07  -2.6380851E-05   4.2905297E-04   1.1111562E-04  -3.0850832E-04  -1.3465829E-03   2.2985803E-06   5.6551676E-06  -5.4048870E-05   3.8052484E-04   8.5011295E-04  -1.7476298E-07   1.2171301E-07   5.5467724E-07   8.8205371E-07  -2.4147669E-07  -9.8335441E-07   9.8291638E-10   3.8770212E-07
