# omegabh2 omegach2 theta tau nnu yhe logA ns calPlanck acib217 xi asz143 aps100 aps143 aps143217 aps217 aksz kgal100 kgal143 kgal143217 kgal217 galfEE100 galfEE100143 galfEE100217 galfEE143 galfEE143217 galfEE217 galfTE100 galfTE100143 galfTE100217 galfTE143 galfTE143217 galfTE217 cal0 cal2
    0.3602406E-07    0.6433783E-07    0.3785583E-07    0.1074866E-05    0.7781948E-05    0.1252624E-05    0.2669492E-05    0.9488630E-06    0.2157331E-08    0.6657763E-04   -0.1899079E-05   -0.8903407E-05    0.3036280E-03    0.7484418E-04    0.5148102E-05   -0.2923612E-04    0.8557585E-05    0.7009512E-05    0.8941217E-05   -0.1296767E-05   -0.1887782E-04    0.5175712E-07    0.4363170E-07   -0.1298528E-06    0.3762303E-07   -0.2172857E-06   -0.4726727E-06   -0.5656105E-07   -0.1073933E-06   -0.9024947E-07   -0.4172357E-06   -0.8763967E-06   -0.1486511E-05   -0.3857451E-08    0.6324585E-08
    0.6433783E-07    0.2008237E-04   -0.4774639E-05   -0.1369225E-04    0.1195483E-02   -0.5670436E-04    0.7872298E-05    0.6939104E-05    0.1420255E-06    0.1258588E-03   -0.1771335E-04   -0.1031524E-04    0.1149466E-02   -0.4860041E-03   -0.1474017E-02   -0.1393718E-02    0.3620388E-03   -0.1702091E-03   -0.6038163E-04    0.2696264E-03    0.6349593E-03    0.1317720E-05    0.1612918E-05    0.3659115E-05    0.1569631E-05   -0.1102191E-05   -0.3464925E-05    0.2935553E-05    0.2837193E-05   -0.5647371E-05    0.2145523E-05   -0.1638215E-05    0.3450562E-04    0.8684591E-07    0.5467341E-07
    0.3785583E-07   -0.4774639E-05    0.1466874E-05    0.4254337E-05   -0.2975009E-03    0.1993228E-04    0.1784253E-05    0.3499573E-06    0.9383258E-08    0.6101636E-03   -0.8564988E-05   -0.1218848E-03    0.2357388E-02    0.1252519E-02    0.4995044E-03   -0.4856160E-05    0.1276345E-03    0.8573019E-04    0.8172790E-04    0.4714977E-04   -0.1423565E-03   -0.3296233E-06   -0.4536012E-06   -0.1172719E-05   -0.4589646E-06   -0.5390869E-06   -0.1414744E-05   -0.7981688E-06   -0.7024090E-06    0.2976113E-06   -0.7599982E-06   -0.5951166E-06   -0.7135152E-05   -0.4208864E-07    0.5783689E-07
    0.1074866E-05   -0.1369225E-04    0.4254337E-05    0.2897956E-03   -0.5213497E-03    0.7391253E-04    0.5563561E-03    0.4181832E-04   -0.3624438E-05   -0.8136131E-02    0.2211042E-03    0.1345805E-03   -0.2187786E-01   -0.7004412E-02    0.2808036E-02    0.8410091E-02   -0.2393619E-02   -0.7265536E-03   -0.7723445E-03   -0.2153767E-02   -0.1157337E-02    0.6082924E-06    0.5632730E-06   -0.1664307E-05   -0.1553449E-05   -0.5052006E-05   -0.2871153E-04    0.8374758E-05   -0.2743783E-05   -0.1449638E-04   -0.1819550E-04   -0.2110955E-04   -0.6887275E-04   -0.4918322E-06   -0.6176036E-06
    0.7781948E-05    0.1195483E-02   -0.2975009E-03   -0.5213497E-03    0.7529834E-01   -0.3592135E-02    0.1000309E-02    0.6044758E-03    0.1048980E-04   -0.9188812E-02   -0.8879651E-03    0.4016621E-02   -0.2660970E-01   -0.7777043E-01   -0.1064269E+00   -0.8337789E-01    0.1471505E-01   -0.9665961E-02   -0.3595308E-02    0.1226757E-01    0.3545992E-01    0.1018575E-03    0.1263044E-03    0.2061723E-03    0.1222504E-03   -0.6026226E-04   -0.2516997E-03    0.1842003E-03    0.1795884E-03   -0.3258520E-03    0.3417576E-04   -0.2537112E-03    0.1512730E-02    0.5008285E-05    0.4498683E-06
    0.1252624E-05   -0.5670436E-04    0.1993228E-04    0.7391253E-04   -0.3592135E-02    0.3342705E-03    0.8969630E-04    0.4132581E-04    0.8611061E-08    0.1650061E-01   -0.2969620E-03   -0.3071552E-02    0.6069515E-01    0.3174590E-01    0.9449289E-02   -0.3507913E-02    0.4377032E-02    0.1676765E-02    0.1735810E-02    0.1880568E-02   -0.2363957E-02   -0.3226744E-05   -0.5780223E-05   -0.2240489E-04   -0.5436450E-05   -0.2277074E-04   -0.5072649E-04   -0.1012185E-04   -0.1311431E-04   -0.6606358E-05   -0.1827462E-04   -0.1480312E-04   -0.5540417E-04   -0.9362699E-06    0.1538460E-05
    0.2669492E-05    0.7872298E-05    0.1784253E-05    0.5563561E-03    0.1000309E-02    0.8969630E-04    0.1166459E-02    0.1083290E-03    0.5500639E-05   -0.1198826E-01    0.3994391E-03   -0.5267792E-03   -0.2163736E-01   -0.5681601E-02    0.7079550E-02    0.1758940E-01   -0.3480000E-02   -0.1886891E-02   -0.1859439E-02   -0.3423029E-02    0.7575899E-03    0.4183369E-05    0.3959419E-05   -0.8071217E-06    0.7468932E-06   -0.1633783E-04   -0.6887705E-04    0.1416162E-04   -0.6492638E-05   -0.5100775E-04   -0.3183355E-04   -0.5169593E-04   -0.4935660E-04   -0.7471070E-06   -0.6893294E-06
    0.9488630E-06    0.6939104E-05    0.3499573E-06    0.4181832E-04    0.6044758E-03    0.4132581E-04    0.1083290E-03    0.5196153E-04    0.3245384E-06    0.1900734E-02   -0.5316933E-04   -0.2335533E-03    0.7928957E-03    0.4980556E-02    0.3396682E-02    0.2454830E-02   -0.1389502E-03    0.7747681E-03    0.4759895E-03    0.2193574E-03   -0.2038347E-03    0.3919824E-05    0.3814790E-05   -0.4850063E-05    0.3881099E-05   -0.8663895E-05   -0.3467721E-04    0.1565960E-05    0.1300973E-05   -0.9294101E-05   -0.8477605E-05   -0.2013145E-04   -0.7543204E-05   -0.4217640E-06    0.1521186E-06
    0.2157331E-08    0.1420255E-06    0.9383258E-08   -0.3624438E-05    0.1048980E-04    0.8611061E-08    0.5500639E-05    0.3245384E-06    0.6162126E-05    0.8683866E-03    0.8529820E-05   -0.4660650E-04    0.3542113E-02    0.8978027E-03    0.3474085E-03    0.9002674E-03    0.8405384E-04   -0.7702253E-04   -0.2787224E-04    0.1561047E-03    0.1125644E-02    0.5584492E-06    0.3917964E-06   -0.8440984E-06    0.1088342E-05    0.7193746E-06    0.2931226E-05   -0.3655838E-05   -0.1958214E-05   -0.3444535E-05    0.2150717E-05   -0.1248506E-05    0.1382747E-04   -0.2094184E-08    0.8274972E-07
    0.6657763E-04    0.1258588E-03    0.6101636E-03   -0.8136131E-02   -0.9188812E-02    0.1650061E-01   -0.1198826E-01    0.1900734E-02    0.8683866E-03    0.4405763E+02   -0.5258783E+00   -0.2034334E+01    0.4750165E+02    0.2988097E+01   -0.2121407E+02   -0.6081051E+02    0.9013179E+00    0.1806532E+00    0.4804468E-01   -0.2033719E+01   -0.1819540E+02   -0.4348016E-03   -0.4412046E-03   -0.1784189E-02    0.7814960E-04   -0.7629831E-02   -0.1952240E-02    0.3013702E-03   -0.3542412E-02    0.3932884E-02   -0.1504041E-02   -0.7318214E-02   -0.1487836E-02   -0.4360036E-03    0.4462670E-02
   -0.1899079E-05   -0.1771335E-04   -0.8564988E-05    0.2211042E-03   -0.8879651E-03   -0.2969620E-03    0.3994391E-03   -0.5316933E-04    0.8529820E-05   -0.5258783E+00    0.8007228E-01   -0.6811629E-01   -0.5631730E+00    0.9523942E+00    0.1838787E+01    0.7694723E+00    0.6884747E-01   -0.1034578E-01    0.8491773E-02    0.1059263E+00    0.1210169E+00   -0.9120804E-05    0.4592704E-05    0.5096272E-04   -0.1294594E-05    0.1223723E-03   -0.1094689E-03   -0.5659404E-04    0.1842465E-03   -0.1822144E-04    0.2365017E-03    0.5093357E-03   -0.3109284E-03    0.1050269E-04   -0.2048068E-04
   -0.8903407E-05   -0.1031524E-04   -0.1218848E-03    0.1345805E-03    0.4016621E-02   -0.3071552E-02   -0.5267792E-03   -0.2335533E-03   -0.4660650E-04   -0.2034334E+01   -0.6811629E-01    0.3736485E+01   -0.2972814E+02   -0.4451598E+01    0.7549696E+01    0.7046536E+01   -0.2602529E+01   -0.1595797E+00    0.6536236E-01    0.2194612E+01    0.2023464E+01    0.2965064E-03    0.1906734E-03    0.5817815E-03    0.4535757E-03   -0.2867699E-03    0.1652447E-02    0.6140082E-03    0.3234060E-03    0.5940297E-03    0.4308752E-03    0.2077109E-02   -0.6190212E-02    0.2233551E-03   -0.3726313E-03
    0.3036280E-03    0.1149466E-02    0.2357388E-02   -0.2187786E-01   -0.2660970E-01    0.6069515E-01   -0.2163736E-01    0.7928957E-03    0.3542113E-02    0.4750165E+02   -0.5631730E+00   -0.2972814E+02    0.7931817E+03    0.7766721E+02   -0.5873550E+02   -0.7489498E+02    0.1413571E+02   -0.3723807E+01    0.3038690E+01   -0.1030168E+02   -0.1495620E+02   -0.5820784E-02   -0.3466254E-02   -0.1316569E-01   -0.3887431E-02   -0.1405898E-01   -0.2732479E-01    0.9581815E-02    0.1124644E-03    0.1479983E-01   -0.1456311E-01   -0.1924922E-01    0.1273859E+00    0.5793865E-02    0.4840578E-02
    0.7484418E-04   -0.4860041E-03    0.1252519E-02   -0.7004412E-02   -0.7777043E-01    0.3174590E-01   -0.5681601E-02    0.4980556E-02    0.8978027E-03    0.2988097E+01    0.9523942E+00   -0.4451598E+01    0.7766721E+02    0.6424149E+02    0.4389557E+02    0.1501942E+02   -0.2902541E+01    0.1013305E+00   -0.7741021E+00    0.3960929E+01    0.3526983E+01   -0.1259241E-02   -0.1065096E-02   -0.9850994E-03   -0.3879881E-03   -0.9167685E-02   -0.1992746E-01    0.2031621E-02    0.7708222E-02   -0.1195818E-01    0.9598442E-02    0.1021246E-01    0.3257259E-01    0.2162718E-04    0.4414281E-03
    0.5148102E-05   -0.1474017E-02    0.4995044E-03    0.2808036E-02   -0.1064269E+00    0.9449289E-02    0.7079550E-02    0.3396682E-02    0.3474085E-03   -0.2121407E+02    0.1838787E+01    0.7549696E+01   -0.5873550E+02    0.4389557E+02    0.9798020E+02    0.6634686E+02   -0.1091218E+02   -0.4629812E+00   -0.4078254E-01    0.4663195E+01    0.5081486E+01    0.2496074E-03    0.6586946E-04    0.3263010E-02    0.9708342E-03   -0.3981824E-02   -0.9810483E-02    0.5853434E-02    0.1107683E-01   -0.7097603E-02    0.1109343E-01    0.2171192E-01   -0.9202521E-02    0.8668359E-03   -0.2587715E-02
   -0.2923612E-04   -0.1393718E-02   -0.4856160E-05    0.8410091E-02   -0.8337789E-01   -0.3507913E-02    0.1758940E-01    0.2454830E-02    0.9002674E-03   -0.6081051E+02    0.7694723E+00    0.7046536E+01   -0.7489498E+02    0.1501942E+02    0.6634686E+02    0.1200681E+03   -0.1012826E+02   -0.3064361E+00   -0.8311411E-01   -0.5311073E+00    0.1417378E+02    0.8018589E-03    0.5095324E-03    0.5220245E-02    0.7281860E-03    0.3065690E-02    0.4822462E-02    0.5874862E-02    0.9407252E-02   -0.1104686E-01    0.6372830E-02    0.1381937E-01   -0.3967022E-03    0.9234113E-03   -0.7814361E-02
    0.8557585E-05    0.3620388E-03    0.1276345E-03   -0.2393619E-02    0.1471505E-01    0.4377032E-02   -0.3480000E-02   -0.1389502E-03    0.8405384E-04    0.9013179E+00    0.6884747E-01   -0.2602529E+01    0.1413571E+02   -0.2902541E+01   -0.1091218E+02   -0.1012826E+02    0.5774314E+01    0.5013214E-01   -0.5603336E-01   -0.1517635E+01   -0.1246409E+01   -0.3004451E-03   -0.3990604E-03   -0.1913314E-02   -0.6480136E-03    0.7753907E-03   -0.2605600E-02   -0.2873199E-02   -0.1999761E-02   -0.7721137E-04   -0.2524965E-02   -0.2251991E-02    0.9101581E-02   -0.1623805E-03    0.2482051E-03
    0.7009512E-05   -0.1702091E-03    0.8573019E-04   -0.7265536E-03   -0.9665961E-02    0.1676765E-02   -0.1886891E-02    0.7747681E-03   -0.7702253E-04    0.1806532E+00   -0.1034578E-01   -0.1595797E+00   -0.3723807E+01    0.1013305E+00   -0.4629812E+00   -0.3064361E+00    0.5013214E-01    0.3513817E+01    0.5190180E+00    0.1527630E+00    0.9104414E-01    0.3179824E-03    0.6684402E-05   -0.8302677E-03    0.1295047E-03   -0.7192165E-03    0.4531889E-03   -0.1152384E-02   -0.6661390E-03   -0.2187922E-02   -0.6240283E-03   -0.2328911E-02   -0.1105238E-02    0.3051194E-03   -0.5322381E-04
    0.8941217E-05   -0.6038163E-04    0.8172790E-04   -0.7723445E-03   -0.3595308E-02    0.1735810E-02   -0.1859439E-02    0.4759895E-03   -0.2787224E-04    0.4804468E-01    0.8491773E-02    0.6536236E-01    0.3038690E+01   -0.7741021E+00   -0.4078254E-01   -0.8311411E-01   -0.5603336E-01    0.5190180E+00    0.3417902E+01    0.2659699E+01    0.1897613E+01   -0.5622118E-04   -0.7214920E-04   -0.1444341E-03    0.2311758E-03    0.1304740E-02    0.7744176E-03   -0.5912156E-03   -0.1468158E-02    0.2352306E-02   -0.7620458E-03    0.6926394E-03   -0.3318833E-02   -0.2778169E-03   -0.2257718E-03
   -0.1296767E-05    0.2696264E-03    0.4714977E-04   -0.2153767E-02    0.1226757E-01    0.1880568E-02   -0.3423029E-02    0.2193574E-03    0.1561047E-03   -0.2033719E+01    0.1059263E+00    0.2194612E+01   -0.1030168E+02    0.3960929E+01    0.4663195E+01   -0.5311073E+00   -0.1517635E+01    0.1527630E+00    0.2659699E+01    0.1737195E+02    0.2620714E+02   -0.2386427E-03   -0.4481083E-04   -0.1399258E-02    0.8464586E-04    0.1245071E-02   -0.3622401E-02    0.4700582E-03    0.7224451E-03   -0.1287715E-02    0.2915884E-02    0.6432055E-02    0.3179413E-02    0.6347630E-04    0.2656846E-02
   -0.1887782E-04    0.6349593E-03   -0.1423565E-03   -0.1157337E-02    0.3545992E-01   -0.2363957E-02    0.7575899E-03   -0.2038347E-03    0.1125644E-02   -0.1819540E+02    0.1210169E+00    0.2023464E+01   -0.1495620E+02    0.3526983E+01    0.5081486E+01    0.1417378E+02   -0.1246409E+01    0.9104414E-01    0.1897613E+01    0.2620714E+02    0.5542184E+02   -0.1471724E-03    0.2489538E-03   -0.3324286E-02   -0.3129575E-04    0.5221975E-02   -0.1480433E-01   -0.1009604E-02    0.2665005E-02   -0.4065276E-02    0.6086563E-02    0.8929663E-02    0.5188426E-02    0.2067268E-03    0.4799308E-02
    0.5175712E-07    0.1317720E-05   -0.3296233E-06    0.6082924E-06    0.1018575E-03   -0.3226744E-05    0.4183369E-05    0.3919824E-05    0.5584492E-06   -0.4348016E-03   -0.9120804E-05    0.2965064E-03   -0.5820784E-02   -0.1259241E-02    0.2496074E-03    0.8018589E-03   -0.3004451E-03    0.3179824E-03   -0.5622118E-04   -0.2386427E-03   -0.1471724E-03    0.3212311E-04    0.8214893E-05   -0.6618674E-05    0.3034061E-05   -0.4920183E-05   -0.6935237E-05   -0.1386157E-05   -0.2679015E-06   -0.8788406E-05    0.1381445E-05   -0.3274182E-06    0.3631077E-06   -0.6472430E-07   -0.1159702E-06
    0.4363170E-07    0.1612918E-05   -0.4536012E-06    0.5632730E-06    0.1263044E-03   -0.5780223E-05    0.3959419E-05    0.3814790E-05    0.3917964E-06   -0.4412046E-03    0.4592704E-05    0.1906734E-03   -0.3466254E-02   -0.1065096E-02    0.6586946E-04    0.5095324E-03   -0.3990604E-03    0.6684402E-05   -0.7214920E-04   -0.4481083E-04    0.2489538E-03    0.8214893E-05    0.2447605E-04    0.1748680E-05    0.1202238E-04    0.2014078E-05   -0.3628374E-05   -0.1780921E-05   -0.1004005E-05   -0.6134317E-05   -0.5158178E-05   -0.1134394E-04    0.4465433E-05   -0.5593490E-07   -0.7527768E-07
   -0.1298528E-06    0.3659115E-05   -0.1172719E-05   -0.1664307E-05    0.2061723E-03   -0.2240489E-04   -0.8071217E-06   -0.4850063E-05   -0.8440984E-06   -0.1784189E-02    0.5096272E-04    0.5817815E-03   -0.1316569E-01   -0.9850994E-03    0.3263010E-02    0.5220245E-02   -0.1913314E-02   -0.8302677E-03   -0.1444341E-03   -0.1399258E-02   -0.3324286E-02   -0.6618674E-05    0.1748680E-05    0.1049798E-02   -0.1429781E-06    0.4412599E-04    0.1985099E-04    0.2024620E-04    0.1325451E-04    0.4737401E-04    0.1337886E-06    0.9900217E-05    0.1789073E-04   -0.1760385E-06   -0.7817867E-06
    0.3762303E-07    0.1569631E-05   -0.4589646E-06   -0.1553449E-05    0.1222504E-03   -0.5436450E-05    0.7468932E-06    0.3881099E-05    0.1088342E-05    0.7814960E-04   -0.1294594E-05    0.4535757E-03   -0.3887431E-02   -0.3879881E-03    0.9708342E-03    0.7281860E-03   -0.6480136E-03    0.1295047E-03    0.2311758E-03    0.8464586E-04   -0.3129575E-04    0.3034061E-05    0.1202238E-04   -0.1429781E-06    0.4757253E-04    0.5729230E-06    0.1028365E-04    0.7263426E-06   -0.3992151E-05   -0.1587823E-05   -0.1032838E-04   -0.2248585E-06    0.3187979E-04   -0.1296429E-06   -0.1617396E-06
   -0.2172857E-06   -0.1102191E-05   -0.5390869E-06   -0.5052006E-05   -0.6026226E-04   -0.2277074E-04   -0.1633783E-04   -0.8663895E-05    0.7193746E-06   -0.7629831E-02    0.1223723E-03   -0.2867699E-03   -0.1405898E-01   -0.9167685E-02   -0.3981824E-02    0.3065690E-02    0.7753907E-03   -0.7192165E-03    0.1304740E-02    0.1245071E-02    0.5221975E-02   -0.4920183E-05    0.2014078E-05    0.4412599E-04    0.5729230E-06    0.2084303E-02    0.3220194E-04   -0.1086239E-04    0.6297026E-06   -0.1022363E-04    0.5597723E-04   -0.2530908E-04   -0.1594463E-03   -0.4607129E-06   -0.2733573E-06
   -0.4726727E-06   -0.3464925E-05   -0.1414744E-05   -0.2871153E-04   -0.2516997E-03   -0.5072649E-04   -0.6887705E-04   -0.3467721E-04    0.2931226E-05   -0.1952240E-02   -0.1094689E-03    0.1652447E-02   -0.2732479E-01   -0.1992746E-01   -0.9810483E-02    0.4822462E-02   -0.2605600E-02    0.4531889E-03    0.7744176E-03   -0.3622401E-02   -0.1480433E-01   -0.6935237E-05   -0.3628374E-05    0.1985099E-04    0.1028365E-04    0.3220194E-04    0.1743266E-01   -0.6878357E-04    0.6311908E-04   -0.5606724E-04    0.1825840E-03    0.7524656E-04    0.3905934E-03    0.2226686E-05   -0.3334337E-05
   -0.5656105E-07    0.2935553E-05   -0.7981688E-06    0.8374758E-05    0.1842003E-03   -0.1012185E-04    0.1416162E-04    0.1565960E-05   -0.3655838E-05    0.3013702E-03   -0.5659404E-04    0.6140082E-03    0.9581815E-02    0.2031621E-02    0.5853434E-02    0.5874862E-02   -0.2873199E-02   -0.1152384E-02   -0.5912156E-03    0.4700582E-03   -0.1009604E-02   -0.1386157E-05   -0.1780921E-05    0.2024620E-04    0.7263426E-06   -0.1086239E-04   -0.6878357E-04    0.1447621E-02    0.3118383E-03    0.1044939E-03   -0.3668537E-03   -0.2951585E-04   -0.1221234E-03   -0.3560173E-07   -0.3553873E-07
   -0.1073933E-06    0.2837193E-05   -0.7024090E-06   -0.2743783E-05    0.1795884E-03   -0.1311431E-04   -0.6492638E-05    0.1300973E-05   -0.1958214E-05   -0.3542412E-02    0.1842465E-03    0.3234060E-03    0.1124644E-03    0.7708222E-02    0.1107683E-01    0.9407252E-02   -0.1999761E-02   -0.6661390E-03   -0.1468158E-02    0.7224451E-03    0.2665005E-02   -0.2679015E-06   -0.1004005E-05    0.1325451E-04   -0.3992151E-05    0.6297026E-06    0.6311908E-04    0.3118383E-03    0.8998856E-03    0.7347762E-04    0.7899076E-03    0.7383149E-04   -0.6788770E-03    0.3470440E-06    0.3457543E-06
   -0.9024947E-07   -0.5647371E-05    0.2976113E-06   -0.1449638E-04   -0.3258520E-03   -0.6606358E-05   -0.5100775E-04   -0.9294101E-05   -0.3444535E-05    0.3932884E-02   -0.1822144E-04    0.5940297E-03    0.1479983E-01   -0.1195818E-01   -0.7097603E-02   -0.1104686E-01   -0.7721137E-04   -0.2187922E-02    0.2352306E-02   -0.1287715E-02   -0.4065276E-02   -0.8788406E-05   -0.6134317E-05    0.4737401E-04   -0.1587823E-05   -0.1022363E-04   -0.5606724E-04    0.1044939E-03    0.7347762E-04    0.7180069E-02   -0.2263625E-03    0.6800081E-03    0.4635291E-02   -0.7330876E-06    0.1035927E-05
   -0.4172357E-06    0.2145523E-05   -0.7599982E-06   -0.1819550E-04    0.3417576E-04   -0.1827462E-04   -0.3183355E-04   -0.8477605E-05    0.2150717E-05   -0.1504041E-02    0.2365017E-03    0.4308752E-03   -0.1456311E-01    0.9598442E-02    0.1109343E-01    0.6372830E-02   -0.2524965E-02   -0.6240283E-03   -0.7620458E-03    0.2915884E-02    0.6086563E-02    0.1381445E-05   -0.5158178E-05    0.1337886E-06   -0.1032838E-04    0.5597723E-04    0.1825840E-03   -0.3668537E-03    0.7899076E-03   -0.2263625E-03    0.2950665E-02    0.5099983E-03   -0.8476049E-03    0.2106309E-06    0.8084885E-06
   -0.8763967E-06   -0.1638215E-05   -0.5951166E-06   -0.2110955E-04   -0.2537112E-03   -0.1480312E-04   -0.5169593E-04   -0.2013145E-04   -0.1248506E-05   -0.7318214E-02    0.5093357E-03    0.2077109E-02   -0.1924922E-01    0.1021246E-01    0.2171192E-01    0.1381937E-01   -0.2251991E-02   -0.2328911E-02    0.6926394E-03    0.6432055E-02    0.8929663E-02   -0.3274182E-06   -0.1134394E-04    0.9900217E-05   -0.2248585E-06   -0.2530908E-04    0.7524656E-04   -0.2951585E-04    0.7383149E-04    0.6800081E-03    0.5099983E-03    0.6468754E-02    0.7894685E-02    0.5698561E-06    0.1132865E-06
   -0.1486511E-05    0.3450562E-04   -0.7135152E-05   -0.6887275E-04    0.1512730E-02   -0.5540417E-04   -0.4935660E-04   -0.7543204E-05    0.1382747E-04   -0.1487836E-02   -0.3109284E-03   -0.6190212E-02    0.1273859E+00    0.3257259E-01   -0.9202521E-02   -0.3967022E-03    0.9101581E-02   -0.1105238E-02   -0.3318833E-02    0.3179413E-02    0.5188426E-02    0.3631077E-06    0.4465433E-05    0.1789073E-04    0.3187979E-04   -0.1594463E-03    0.3905934E-03   -0.1221234E-03   -0.6788770E-03    0.4635291E-02   -0.8476049E-03    0.7894685E-02    0.6688684E-01   -0.1295365E-05   -0.4531715E-05
   -0.3857451E-08    0.8684591E-07   -0.4208864E-07   -0.4918322E-06    0.5008285E-05   -0.9362699E-06   -0.7471070E-06   -0.4217640E-06   -0.2094184E-08   -0.4360036E-03    0.1050269E-04    0.2233551E-03    0.5793865E-02    0.2162718E-04    0.8668359E-03    0.9234113E-03   -0.1623805E-03    0.3051194E-03   -0.2778169E-03    0.6347630E-04    0.2067268E-03   -0.6472430E-07   -0.5593490E-07   -0.1760385E-06   -0.1296429E-06   -0.4607129E-06    0.2226686E-05   -0.3560173E-07    0.3470440E-06   -0.7330876E-06    0.2106309E-06    0.5698561E-06   -0.1295365E-05    0.6179705E-06   -0.8946287E-08
    0.6324585E-08    0.5467341E-07    0.5783689E-07   -0.6176036E-06    0.4498683E-06    0.1538460E-05   -0.6893294E-06    0.1521186E-06    0.8274972E-07    0.4462670E-02   -0.2048068E-04   -0.3726313E-03    0.4840578E-02    0.4414281E-03   -0.2587715E-02   -0.7814361E-02    0.2482051E-03   -0.5322381E-04   -0.2257718E-03    0.2656846E-02    0.4799308E-02   -0.1159702E-06   -0.7527768E-07   -0.7817867E-06   -0.1617396E-06   -0.2733573E-06   -0.3334337E-05   -0.3553873E-07    0.3457543E-06    0.1035927E-05    0.8084885E-06    0.1132865E-06   -0.4531715E-05   -0.8946287E-08    0.2153314E-05
