# omegabh2 omegach2 theta tau logA ns calPlanck acib217 xi asz143 aps100 aps143 aps143217 aps217 aksz kgal100 kgal143 kgal143217 kgal217 cal0 cal2
    0.5352609E-07   -0.2678776E-06    0.5121175E-07    0.1944590E-05    0.3442550E-05    0.8213116E-06    0.4194879E-07   -0.2246370E-03    0.3639507E-05    0.7061431E-04   -0.1023594E-02   -0.5767119E-03   -0.1276850E-03    0.5222207E-04   -0.9587921E-04    0.5726603E-05    0.8482348E-06   -0.1349899E-04    0.2615775E-04    0.4191317E-08   -0.2345735E-07
   -0.2678776E-06    0.3936606E-05   -0.3991210E-06   -0.2432353E-04   -0.4032045E-04   -0.9810231E-05   -0.4495682E-06    0.1038595E-02   -0.2243773E-04   -0.2679847E-03    0.4477124E-02    0.2829991E-02    0.7553208E-03   -0.2694100E-03    0.4537869E-03    0.1905777E-04    0.2364796E-04    0.2959967E-03    0.2460421E-03   -0.4704519E-07    0.1493166E-06
    0.5121175E-07   -0.3991210E-06    0.2104247E-06    0.3626835E-05    0.6629304E-05    0.1302060E-05    0.6578486E-07   -0.1526771E-03    0.1206754E-05    0.5710989E-04   -0.8010555E-03   -0.4399608E-03   -0.1188615E-03    0.2930196E-04   -0.7386444E-04    0.1233999E-04    0.2779564E-06   -0.1000133E-04    0.1388098E-04    0.4157444E-08   -0.2172412E-07
    0.1944590E-05   -0.2432353E-04    0.3626835E-05    0.2683506E-03    0.4724566E-03    0.7051551E-04   -0.2562663E-05   -0.1072952E-01    0.1884146E-03    0.2641828E-02   -0.4809756E-01   -0.2552835E-01   -0.5964812E-02    0.2403432E-02   -0.4295740E-02    0.3764842E-03   -0.3545718E-04   -0.2616830E-02   -0.2686729E-02    0.1036950E-06   -0.1524831E-05
    0.3442550E-05   -0.4032045E-04    0.6629304E-05    0.4724566E-03    0.8625332E-03    0.1183970E-03    0.6264211E-05   -0.1894814E-01    0.3736395E-03    0.4921692E-02   -0.8263014E-01   -0.4360772E-01   -0.7169943E-02    0.9738345E-02   -0.8490778E-02    0.4679745E-03   -0.6344998E-03   -0.4924326E-02   -0.3237885E-02    0.3800890E-06   -0.2749669E-05
    0.8213116E-06   -0.9810231E-05    0.1302060E-05    0.7051551E-04    0.1183970E-03    0.3597956E-04    0.1113373E-05   -0.7396547E-02    0.1721052E-03    0.1998624E-02   -0.3790534E-01   -0.1306860E-01    0.1845088E-02    0.6873047E-02   -0.3777741E-02    0.3541137E-03   -0.1594115E-03   -0.1016363E-02    0.7131052E-05   -0.7152918E-07   -0.8152730E-06
    0.4194879E-07   -0.4495682E-06    0.6578486E-07   -0.2562663E-05    0.6264211E-05    0.1113373E-05    0.6164638E-05    0.8734258E-03    0.2766753E-05    0.1104049E-03    0.2633481E-02    0.2095660E-03    0.4881945E-03    0.1092827E-02   -0.6922873E-04   -0.3173210E-04   -0.6375162E-04   -0.2390605E-04    0.6796888E-03    0.1490409E-07    0.7834467E-08
   -0.2246370E-03    0.1038595E-02   -0.1526771E-03   -0.1072952E-01   -0.1894814E-01   -0.7396547E-02    0.8734258E-03    0.4334154E+02   -0.4756137E+00   -0.1787089E+01    0.4339542E+02    0.1359462E+01   -0.2071127E+02   -0.6054184E+02    0.5442163E+00   -0.1257569E+00    0.7175405E-01   -0.1759158E+01   -0.1803487E+02   -0.2849307E-03    0.4404548E-02
    0.3639507E-05   -0.2243773E-04    0.1206754E-05    0.1884146E-03    0.3736395E-03    0.1721052E-03    0.2766753E-05   -0.4756137E+00    0.8238426E-01   -0.7644777E-01   -0.3804952E+00    0.9886110E+00    0.1843937E+01    0.7118385E+00    0.7846125E-01   -0.4898119E-02    0.6327352E-02    0.9876350E-01    0.1072009E+00    0.6489933E-05   -0.1183891E-04
    0.7061431E-04   -0.2679847E-03    0.5710989E-04    0.2641828E-02    0.4921692E-02    0.1998624E-02    0.1104049E-03   -0.1787089E+01   -0.7644777E-01    0.3800457E+01   -0.3001506E+02   -0.4250272E+01    0.7698113E+01    0.6948865E+01   -0.2842319E+01   -0.1219250E+00    0.8255199E-01    0.2295413E+01    0.2086748E+01    0.1670016E-03   -0.4053309E-03
   -0.1023594E-02    0.4477124E-02   -0.8010555E-03   -0.4809756E-01   -0.8263014E-01   -0.3790534E-01    0.2633481E-02    0.4339542E+02   -0.3804952E+00   -0.3001506E+02    0.7741851E+03    0.7446602E+02   -0.5627797E+02   -0.6978971E+02    0.1461606E+02   -0.4070653E+01    0.3197190E+01   -0.1164210E+02   -0.1743723E+02    0.6201448E-02    0.4505230E-02
   -0.5767119E-03    0.2829991E-02   -0.4399608E-03   -0.2552835E-01   -0.4360772E-01   -0.1306860E-01    0.2095660E-03    0.1359462E+01    0.9886110E+00   -0.4250272E+01    0.7446602E+02    0.6439877E+02    0.4551366E+02    0.1829179E+02   -0.4200201E+01   -0.3708771E+00   -0.1093874E+01    0.3712853E+01    0.3568008E+01    0.7233443E-04    0.2869017E-03
   -0.1276850E-03    0.7553208E-03   -0.1188615E-03   -0.5964812E-02   -0.7169943E-02    0.1845088E-02    0.4881945E-03   -0.2071127E+02    0.1843937E+01    0.7698113E+01   -0.5627797E+02    0.4551366E+02    0.9930972E+02    0.6764734E+02   -0.1233484E+02   -0.5904395E+00   -0.3305410E+00    0.4611600E+01    0.5348644E+01    0.6834273E-03   -0.2541860E-02
    0.5222207E-04   -0.2694100E-03    0.2930196E-04    0.2403432E-02    0.9738345E-02    0.6873047E-02    0.1092827E-02   -0.6054184E+02    0.7118385E+00    0.6948865E+01   -0.6978971E+02    0.1829179E+02    0.6764734E+02    0.1222569E+03   -0.1082159E+02   -0.2077739E+00   -0.3781715E+00   -0.8596160E+00    0.1425052E+02    0.7336147E-03   -0.7798306E-02
   -0.9587921E-04    0.4537869E-03   -0.7386444E-04   -0.4295740E-02   -0.8490778E-02   -0.3777741E-02   -0.6922873E-04    0.5442163E+00    0.7846125E-01   -0.2842319E+01    0.1461606E+02   -0.4200201E+01   -0.1233484E+02   -0.1082159E+02    0.6355706E+01    0.5754270E-01   -0.1538206E+00   -0.1948346E+01   -0.1566383E+01   -0.1221007E-03    0.2468094E-03
    0.5726603E-05    0.1905777E-04    0.1233999E-04    0.3764842E-03    0.4679745E-03    0.3541137E-03   -0.3173210E-04   -0.1257569E+00   -0.4898119E-02   -0.1219250E+00   -0.4070653E+01   -0.3708771E+00   -0.5904395E+00   -0.2077739E+00    0.5754270E-01    0.3479143E+01    0.4375592E+00    0.1529369E+00    0.1845882E+00    0.2734347E-03   -0.3633058E-04
    0.8482348E-06    0.2364796E-04    0.2779564E-06   -0.3545718E-04   -0.6344998E-03   -0.1594115E-03   -0.6375162E-04    0.7175405E-01    0.6327352E-02    0.8255199E-01    0.3197190E+01   -0.1093874E+01   -0.3305410E+00   -0.3781715E+00   -0.1538206E+00    0.4375592E+00    0.3374747E+01    0.2552600E+01    0.1673719E+01   -0.2895099E-03   -0.2238253E-03
   -0.1349899E-04    0.2959967E-03   -0.1000133E-04   -0.2616830E-02   -0.4924326E-02   -0.1016363E-02   -0.2390605E-04   -0.1759158E+01    0.9876350E-01    0.2295413E+01   -0.1164210E+02    0.3712853E+01    0.4611600E+01   -0.8596160E+00   -0.1948346E+01    0.1529369E+00    0.2552600E+01    0.1696143E+02    0.2539648E+02   -0.3526661E-04    0.2511402E-02
    0.2615775E-04    0.2460421E-03    0.1388098E-04   -0.2686729E-02   -0.3237885E-02    0.7131052E-05    0.6796888E-03   -0.1803487E+02    0.1072009E+00    0.2086748E+01   -0.1743723E+02    0.3568008E+01    0.5348644E+01    0.1425052E+02   -0.1566383E+01    0.1845882E+00    0.1673719E+01    0.2539648E+02    0.5415625E+02    0.3462067E-04    0.4580359E-02
    0.4191317E-08   -0.4704519E-07    0.4157444E-08    0.1036950E-06    0.3800890E-06   -0.7152918E-07    0.1490409E-07   -0.2849307E-03    0.6489933E-05    0.1670016E-03    0.6201448E-02    0.7233443E-04    0.6834273E-03    0.7336147E-03   -0.1221007E-03    0.2734347E-03   -0.2895099E-03   -0.3526661E-04    0.3462067E-04    0.6006834E-06   -0.1055686E-07
   -0.2345735E-07    0.1493166E-06   -0.2172412E-07   -0.1524831E-05   -0.2749669E-05   -0.8152730E-06    0.7834467E-08    0.4404548E-02   -0.1183891E-04   -0.4053309E-03    0.4505230E-02    0.2869017E-03   -0.2541860E-02   -0.7798306E-02    0.2468094E-03   -0.3633058E-04   -0.2238253E-03    0.2511402E-02    0.4580359E-02   -0.1055686E-07    0.2114667E-05
