# omegabh2 omegach2 theta tau logA ns calPlanck acib217 xi asz143 aps100 aps143 aps143217 aps217 aksz kgal100 kgal143 kgal143217 kgal217 galfEE100 galfEE100143 galfEE100217 galfEE143 galfEE143217 galfEE217 galfTE100 galfTE100143 galfTE100217 galfTE143 galfTE143217 galfTE217 cal0 cal2
    0.1799919E-07   -0.6024049E-07    0.1135468E-07    0.1984485E-06    0.3436180E-06    0.1711545E-06    0.8898067E-08   -0.8086820E-04    0.1556339E-05    0.2284488E-04   -0.4135981E-03   -0.1702802E-03   -0.3282566E-04    0.2983906E-04   -0.3644357E-04   -0.1402948E-05   -0.4664317E-05    0.8924515E-06    0.1970826E-04    0.3313488E-07    0.3357177E-07    0.2196620E-07    0.3809799E-07    0.2663922E-07    0.3833847E-06    0.8891610E-07   -0.4186751E-07   -0.1939163E-06   -0.3354048E-06   -0.7078951E-06   -0.1988089E-05    0.1347015E-08   -0.4391379E-08
   -0.6024049E-07    0.1021866E-05   -0.6181999E-07   -0.1526155E-05   -0.6986585E-06   -0.2411760E-05   -0.7834091E-07    0.1712144E-03   -0.3437684E-05   -0.1966826E-04    0.8402281E-03    0.3803807E-03    0.3616338E-03    0.1143870E-03    0.3257187E-04   -0.1714402E-04    0.2722935E-04   -0.5709065E-04   -0.1172501E-03   -0.5154097E-06   -0.5467299E-06   -0.2338676E-06   -0.5067480E-06   -0.7886092E-06   -0.2190741E-05   -0.8431870E-06   -0.2955180E-06    0.2872471E-05    0.1175009E-05    0.3219659E-05    0.1451555E-04   -0.1366647E-07    0.3270621E-08
    0.1135468E-07   -0.6181999E-07    0.8915147E-07    0.2142665E-06    0.3768498E-06    0.2641623E-06    0.7430641E-08   -0.6464601E-05   -0.7150180E-06    0.7683597E-05   -0.7410757E-04   -0.3901724E-04   -0.3250434E-04   -0.1687195E-04   -0.3821518E-05    0.2073964E-05   -0.2245436E-05    0.1517252E-04    0.3488574E-04    0.5061497E-08    0.1242957E-08    0.1706814E-06    0.3270521E-07    0.3320102E-07   -0.8177428E-06   -0.1735132E-06   -0.2241368E-06    0.1100946E-06   -0.3511558E-06   -0.7704159E-06   -0.1705704E-05    0.5202829E-09    0.5544170E-08
    0.1984485E-06   -0.1526155E-05    0.2142665E-06    0.6834209E-04    0.1327145E-03    0.4889953E-05   -0.4612427E-06   -0.1053559E-02    0.2007820E-05    0.4972830E-03   -0.1407034E-01   -0.4163303E-02   -0.1765106E-02   -0.5182266E-03   -0.1102464E-02   -0.7358583E-04   -0.3103971E-03   -0.2215855E-03   -0.1799220E-03    0.3527241E-06    0.3673507E-07    0.3122062E-06    0.7907462E-06   -0.9577524E-06   -0.2372990E-05   -0.2301044E-05   -0.3046520E-06   -0.1297573E-04   -0.8435687E-05   -0.2057028E-04   -0.5011344E-04   -0.4163278E-07   -0.1797183E-06
    0.3436180E-06   -0.6986585E-06    0.3768498E-06    0.1327145E-03    0.2905283E-03    0.2984338E-05    0.1103231E-04   -0.1154606E-02    0.6322103E-04    0.1248657E-02   -0.2155260E-01   -0.5612072E-02    0.1593204E-02    0.5373296E-02   -0.3377215E-02   -0.4250810E-03   -0.1019538E-02   -0.1381680E-02   -0.3967836E-03    0.6306047E-06   -0.1324383E-05    0.1334956E-05    0.2346760E-05   -0.9528679E-05   -0.1230309E-04   -0.4006263E-05   -0.1202375E-05   -0.2203537E-04   -0.1438478E-04   -0.3051253E-04   -0.3871380E-04    0.1256790E-06   -0.5446267E-06
    0.1711545E-06   -0.2411760E-05    0.2641623E-06    0.4889953E-05    0.2984338E-05    0.1465131E-04    0.3317332E-06   -0.4203735E-02    0.1028840E-03    0.9007230E-03   -0.2378226E-01   -0.4410169E-02    0.2671756E-02    0.5321676E-02   -0.2213824E-02    0.2970743E-03   -0.3473848E-03   -0.5608759E-04    0.1042605E-02    0.2285996E-05    0.2854243E-05    0.6179082E-06    0.2754476E-05    0.2402207E-06    0.1231419E-04    0.1283542E-05   -0.2469299E-06   -0.1984771E-06   -0.4534022E-05   -0.7188083E-05   -0.2119495E-04   -0.1511240E-06   -0.3129202E-06
    0.8898067E-08   -0.7834091E-07    0.7430641E-08   -0.4612427E-06    0.1103231E-04    0.3317332E-06    0.6038486E-05    0.1191832E-02    0.2669476E-05    0.7604143E-04    0.3705528E-02    0.5854403E-03    0.7061960E-03    0.1120503E-02   -0.1836338E-03    0.1558387E-04    0.2918710E-04   -0.2179453E-03    0.6888435E-04    0.8655330E-06    0.3008067E-06    0.6774591E-06    0.1446353E-05   -0.1735222E-05    0.1793027E-05    0.1158210E-05    0.4053210E-06   -0.3393869E-06    0.7381920E-06    0.2393681E-05    0.1672932E-04   -0.3223662E-08   -0.5241520E-07
   -0.8086820E-04    0.1712144E-03   -0.6464601E-05   -0.1053559E-02   -0.1154606E-02   -0.4203735E-02    0.1191832E-02    0.4268984E+02   -0.5385746E+00   -0.1333549E+01    0.4054088E+02   -0.2444244E+01   -0.2328779E+02   -0.6055779E+02    0.1166904E+00   -0.8227968E-01    0.2877508E+00   -0.1581814E+01   -0.1780017E+02    0.3312645E-03   -0.7762385E-03    0.5562551E-02   -0.8854573E-03    0.3852581E-02   -0.7061799E-02   -0.2631112E-02    0.3126019E-02    0.3211720E-02    0.7333720E-02   -0.1357065E-03    0.1251112E-01   -0.3425768E-03    0.4373447E-02
    0.1556339E-05   -0.3437684E-05   -0.7150180E-06    0.2007820E-05    0.6322103E-04    0.1028840E-03    0.2669476E-05   -0.5385746E+00    0.8173821E-01   -0.9216851E-01   -0.3908120E+00    0.1114437E+01    0.1915771E+01    0.8522037E+00    0.8168317E-01    0.2252518E-02    0.7092955E-02    0.1059214E+00    0.1178700E+00   -0.3220161E-04    0.1799748E-05    0.5119692E-04   -0.7905663E-05    0.5339261E-04   -0.5662453E-03    0.1063039E-03    0.1779421E-03    0.2932057E-03    0.2211300E-03   -0.3169583E-04    0.3067816E-03    0.5463070E-05   -0.1999879E-04
    0.2284488E-04   -0.1966826E-04    0.7683597E-05    0.4972830E-03    0.1248657E-02    0.9007230E-03    0.7604143E-04   -0.1333549E+01   -0.9216851E-01    0.3740863E+01   -0.2887701E+02   -0.3774932E+01    0.7472900E+01    0.6492939E+01   -0.2676633E+01   -0.1924276E+00    0.3431238E-01    0.2267016E+01    0.1965839E+01    0.3159970E-04    0.1531341E-03    0.4092956E-03    0.2956590E-03   -0.2353921E-02    0.4521838E-02   -0.9039959E-03   -0.7885146E-03   -0.6988887E-03   -0.1863690E-02   -0.2180243E-02   -0.1091435E-02    0.1713102E-03   -0.3511810E-03
   -0.4135981E-03    0.8402281E-03   -0.7410757E-04   -0.1407034E-01   -0.2155260E-01   -0.2378226E-01    0.3705528E-02    0.4054088E+02   -0.3908120E+00   -0.2887701E+02    0.7888757E+03    0.6524004E+02   -0.5853967E+02   -0.6809337E+02    0.1204702E+02   -0.3521183E+01    0.3762170E+01   -0.1215648E+02   -0.1678329E+02   -0.1096295E-03   -0.3266190E-02   -0.6510816E-02   -0.2310407E-02    0.3772032E-01   -0.5407759E-01    0.6730861E-02    0.1053969E-01    0.1578598E-01    0.2511127E-01    0.3222832E-01   -0.1611796E-02    0.6387175E-02    0.4054820E-02
   -0.1702802E-03    0.3803807E-03   -0.3901724E-04   -0.4163303E-02   -0.5612072E-02   -0.4410169E-02    0.5854403E-03   -0.2444244E+01    0.1114437E+01   -0.3774932E+01    0.6524004E+02    0.6129141E+02    0.4778602E+02    0.2256623E+02   -0.5111032E+01   -0.2384635E+00   -0.5390808E+00    0.3750186E+01    0.3594543E+01   -0.4186813E-03   -0.1135986E-02   -0.1495918E-02   -0.1313382E-02    0.4639347E-02   -0.2239769E-01    0.4018713E-02    0.5396191E-02    0.7916720E-02    0.6324712E-03    0.9240717E-02    0.5063513E-01    0.1094153E-03   -0.1031619E-03
   -0.3282566E-04    0.3616338E-03   -0.3250434E-04   -0.1765106E-02    0.1593204E-02    0.2671756E-02    0.7061960E-03   -0.2328779E+02    0.1915771E+01    0.7472900E+01   -0.5853967E+02    0.4778602E+02    0.1022500E+03    0.7188673E+02   -0.1219788E+02   -0.4884395E+00   -0.6804718E-01    0.5117893E+01    0.5915599E+01   -0.1034321E-02   -0.5893523E-03    0.1484136E-02   -0.6045079E-03   -0.4327392E-02   -0.1653469E-01    0.3678361E-03    0.1242835E-02    0.8409286E-02   -0.4931047E-02    0.3320361E-02    0.5605378E-01    0.7182835E-03   -0.2783578E-02
    0.2983906E-04    0.1143870E-03   -0.1687195E-04   -0.5182266E-03    0.5373296E-02    0.5321676E-02    0.1120503E-02   -0.6055779E+02    0.8522037E+00    0.6492939E+01   -0.6809337E+02    0.2256623E+02    0.7188673E+02    0.1234673E+03   -0.1052640E+02   -0.2277486E+00   -0.4091700E+00   -0.6680411E+00    0.1424596E+02   -0.4220604E-03    0.5554237E-03   -0.8025758E-02    0.1057771E-02   -0.6238745E-02   -0.2767591E-02    0.2624474E-02   -0.5534686E-02   -0.2350246E-02   -0.1758812E-01    0.1122646E-01    0.2470974E-01    0.8483115E-03   -0.7819489E-02
   -0.3644357E-04    0.3257187E-04   -0.3821518E-05   -0.1102464E-02   -0.3377215E-02   -0.2213824E-02   -0.1836338E-03    0.1166904E+00    0.8168317E-01   -0.2676633E+01    0.1204702E+02   -0.5111032E+01   -0.1219788E+02   -0.1052640E+02    0.6089346E+01    0.1231906E+00   -0.9920043E-01   -0.1991965E+01   -0.1582810E+01   -0.2138161E-03   -0.2584320E-03   -0.1278481E-03   -0.2468524E-03    0.1181024E-02   -0.9713957E-03    0.8742032E-03    0.5375164E-03    0.7619709E-03    0.3647476E-02    0.5614033E-03   -0.7602733E-02   -0.1149359E-03    0.1636263E-03
   -0.1402948E-05   -0.1714402E-04    0.2073964E-05   -0.7358583E-04   -0.4250810E-03    0.2970743E-03    0.1558387E-04   -0.8227968E-01    0.2252518E-02   -0.1924276E+00   -0.3521183E+01   -0.2384635E+00   -0.4884395E+00   -0.2277486E+00    0.1231906E+00    0.3547464E+01    0.4608590E+00    0.1201183E+00    0.3562417E+00    0.1092139E-03    0.1670375E-03    0.9898489E-03    0.4376798E-03    0.4517096E-03    0.2293358E-02   -0.7727208E-03    0.1473243E-03   -0.1112428E-02    0.9150367E-03   -0.1322788E-02   -0.1217889E-03    0.3097755E-03    0.6570558E-04
   -0.4664317E-05    0.2722935E-04   -0.2245436E-05   -0.3103971E-03   -0.1019538E-02   -0.3473848E-03    0.2918710E-04    0.2877508E+00    0.7092955E-02    0.3431238E-01    0.3762170E+01   -0.5390808E+00   -0.6804718E-01   -0.4091700E+00   -0.9920043E-01    0.4608590E+00    0.3302849E+01    0.2428713E+01    0.1578830E+01   -0.5234086E-04    0.5147499E-04    0.6649248E-03    0.9041724E-04    0.1144831E-02    0.3466146E-02    0.6166134E-03   -0.1834675E-03   -0.2850452E-02   -0.4542212E-05   -0.2164627E-02   -0.7031819E-02   -0.2805642E-03   -0.2058688E-03
    0.8924515E-06   -0.5709065E-04    0.1517252E-04   -0.2215855E-03   -0.1381680E-02   -0.5608759E-04   -0.2179453E-03   -0.1581814E+01    0.1059214E+00    0.2267016E+01   -0.1215648E+02    0.3750186E+01    0.5117893E+01   -0.6680411E+00   -0.1991965E+01    0.1201183E+00    0.2428713E+01    0.1663129E+02    0.2473472E+02   -0.1423913E-03    0.1869935E-03    0.1937510E-02    0.5039578E-03   -0.7945032E-03    0.1593712E-01    0.4258147E-02    0.9948590E-03   -0.6791642E-02   -0.2082319E-02   -0.1048128E-01   -0.2841360E-01   -0.6167896E-04    0.2512189E-02
    0.1970826E-04   -0.1172501E-03    0.3488574E-04   -0.1799220E-03   -0.3967836E-03    0.1042605E-02    0.6888435E-04   -0.1780017E+02    0.1178700E+00    0.1965839E+01   -0.1678329E+02    0.3594543E+01    0.5915599E+01    0.1424596E+02   -0.1582810E+01    0.3562417E+00    0.1578830E+01    0.2473472E+02    0.5293522E+02   -0.4008104E-03    0.6028459E-03    0.2758264E-02    0.1366757E-02   -0.3374579E-02    0.2914017E-01    0.4750396E-02   -0.1372013E-02   -0.1296113E-01   -0.5162610E-02   -0.1220409E-01   -0.3004053E-01   -0.9405952E-05    0.4432498E-02
    0.3313488E-07   -0.5154097E-06    0.5061497E-08    0.3527241E-06    0.6306047E-06    0.2285996E-05    0.8655330E-06    0.3312645E-03   -0.3220161E-04    0.3159970E-04   -0.1096295E-03   -0.4186813E-03   -0.1034321E-02   -0.4220604E-03   -0.2138161E-03    0.1092139E-03   -0.5234086E-04   -0.1423913E-03   -0.4008104E-03    0.3251736E-04    0.8901984E-05   -0.1537012E-05    0.2429533E-05    0.3902106E-05    0.1814072E-04   -0.1153065E-05   -0.2646926E-05   -0.5122610E-05    0.1184928E-05    0.3722728E-05    0.2060864E-04    0.2444067E-07   -0.1327282E-06
    0.3357177E-07   -0.5467299E-06    0.1242957E-08    0.3673507E-07   -0.1324383E-05    0.2854243E-05    0.3008067E-06   -0.7762385E-03    0.1799748E-05    0.1531341E-03   -0.3266190E-02   -0.1135986E-02   -0.5893523E-03    0.5554237E-03   -0.2584320E-03    0.1670375E-03    0.5147499E-04    0.1869935E-03    0.6028459E-03    0.8901984E-05    0.2566172E-04   -0.1350912E-05    0.1322210E-04    0.8199679E-06    0.8564290E-05   -0.3741607E-05    0.1058643E-05   -0.1104842E-06    0.1365423E-05   -0.4133434E-05   -0.5988569E-05   -0.4200685E-07   -0.1339397E-06
    0.2196620E-07   -0.2338676E-06    0.1706814E-06    0.3122062E-06    0.1334956E-05    0.6179082E-06    0.6774591E-06    0.5562551E-02    0.5119692E-04    0.4092956E-03   -0.6510816E-02   -0.1495918E-02    0.1484136E-02   -0.8025758E-02   -0.1278481E-03    0.9898489E-03    0.6649248E-03    0.1937510E-02    0.2758264E-02   -0.1537012E-05   -0.1350912E-05    0.1034477E-02    0.3112915E-05   -0.3716981E-05   -0.1208929E-05    0.1630786E-04   -0.2023519E-05   -0.5631145E-04    0.1348095E-04   -0.1244557E-04   -0.1583168E-03   -0.1417428E-06    0.1440733E-05
    0.3809799E-07   -0.5067480E-06    0.3270521E-07    0.7907462E-06    0.2346760E-05    0.2754476E-05    0.1446353E-05   -0.8854573E-03   -0.7905663E-05    0.2956590E-03   -0.2310407E-02   -0.1313382E-02   -0.6045079E-03    0.1057771E-02   -0.2468524E-03    0.4376798E-03    0.9041724E-04    0.5039578E-03    0.1366757E-02    0.2429533E-05    0.1322210E-04    0.3112915E-05    0.4798558E-04   -0.3494897E-05    0.2498947E-04   -0.8024318E-06    0.1348337E-05   -0.2633073E-05    0.1216706E-05    0.6640258E-05    0.7171311E-05    0.8083196E-07   -0.7248713E-08
    0.2663922E-07   -0.7886092E-06    0.3320102E-07   -0.9577524E-06   -0.9528679E-05    0.2402207E-06   -0.1735222E-05    0.3852581E-02    0.5339261E-04   -0.2353921E-02    0.3772032E-01    0.4639347E-02   -0.4327392E-02   -0.6238745E-02    0.1181024E-02    0.4517096E-03    0.1144831E-02   -0.7945032E-03   -0.3374579E-02    0.3902106E-05    0.8199679E-06   -0.3716981E-05   -0.3494897E-05    0.2235390E-02    0.8156322E-05   -0.9664646E-05    0.3481706E-04   -0.2772530E-04    0.1089034E-04   -0.9019409E-04    0.1708456E-04   -0.3810264E-06    0.2499232E-06
    0.3833847E-06   -0.2190741E-05   -0.8177428E-06   -0.2372990E-05   -0.1230309E-04    0.1231419E-04    0.1793027E-05   -0.7061799E-02   -0.5662453E-03    0.4521838E-02   -0.5407759E-01   -0.2239769E-01   -0.1653469E-01   -0.2767591E-02   -0.9713957E-03    0.2293358E-02    0.3466146E-02    0.1593712E-01    0.2914017E-01    0.1814072E-04    0.8564290E-05   -0.1208929E-05    0.2498947E-04    0.8156322E-05    0.1661691E-01    0.1969746E-05   -0.7120334E-04    0.1358068E-03   -0.1244418E-03   -0.1067673E-03   -0.2829688E-03    0.1654353E-05    0.1335675E-05
    0.8891610E-07   -0.8431870E-06   -0.1735132E-06   -0.2301044E-05   -0.4006263E-05    0.1283542E-05    0.1158210E-05   -0.2631112E-02    0.1063039E-03   -0.9039959E-03    0.6730861E-02    0.4018713E-02    0.3678361E-03    0.2624474E-02    0.8742032E-03   -0.7727208E-03    0.6166134E-03    0.4258147E-02    0.4750396E-02   -0.1153065E-05   -0.3741607E-05    0.1630786E-04   -0.8024318E-06   -0.9664646E-05    0.1969746E-05    0.1434035E-02    0.3014245E-03    0.7079386E-04   -0.3320041E-03   -0.6556610E-06   -0.7526801E-04    0.3970816E-06   -0.1701037E-06
   -0.4186751E-07   -0.2955180E-06   -0.2241368E-06   -0.3046520E-06   -0.1202375E-05   -0.2469299E-06    0.4053210E-06    0.3126019E-02    0.1779421E-03   -0.7885146E-03    0.1053969E-01    0.5396191E-02    0.1242835E-02   -0.5534686E-02    0.5375164E-03    0.1473243E-03   -0.1834675E-03    0.9948590E-03   -0.1372013E-02   -0.2646926E-05    0.1058643E-05   -0.2023519E-05    0.1348337E-05    0.3481706E-04   -0.7120334E-04    0.3014245E-03    0.9036445E-03    0.5576870E-04    0.8379421E-03   -0.3979535E-04   -0.6852604E-03   -0.1742296E-06   -0.3324692E-06
   -0.1939163E-06    0.2872471E-05    0.1100946E-06   -0.1297573E-04   -0.2203537E-04   -0.1984771E-06   -0.3393869E-06    0.3211720E-02    0.2932057E-03   -0.6988887E-03    0.1578598E-01    0.7916720E-02    0.8409286E-02   -0.2350246E-02    0.7619709E-03   -0.1112428E-02   -0.2850452E-02   -0.6791642E-02   -0.1296113E-01   -0.5122610E-05   -0.1104842E-06   -0.5631145E-04   -0.2633073E-05   -0.2772530E-04    0.1358068E-03    0.7079386E-04    0.5576870E-04    0.6935880E-02   -0.2619535E-03    0.8180680E-03    0.4126231E-02    0.7672041E-07   -0.5873026E-06
   -0.3354048E-06    0.1175009E-05   -0.3511558E-06   -0.8435687E-05   -0.1438478E-04   -0.4534022E-05    0.7381920E-06    0.7333720E-02    0.2211300E-03   -0.1863690E-02    0.2511127E-01    0.6324712E-03   -0.4931047E-02   -0.1758812E-01    0.3647476E-02    0.9150367E-03   -0.4542212E-05   -0.2082319E-02   -0.5162610E-02    0.1184928E-05    0.1365423E-05    0.1348095E-04    0.1216706E-05    0.1089034E-04   -0.1244418E-03   -0.3320041E-03    0.8379421E-03   -0.2619535E-03    0.2985802E-02    0.3116980E-03   -0.1044487E-02   -0.3662354E-06    0.3630688E-06
   -0.7078951E-06    0.3219659E-05   -0.7704159E-06   -0.2057028E-04   -0.3051253E-04   -0.7188083E-05    0.2393681E-05   -0.1357065E-03   -0.3169583E-04   -0.2180243E-02    0.3222832E-01    0.9240717E-02    0.3320361E-02    0.1122646E-01    0.5614033E-03   -0.1322788E-02   -0.2164627E-02   -0.1048128E-01   -0.1220409E-01    0.3722728E-05   -0.4133434E-05   -0.1244557E-04    0.6640258E-05   -0.9019409E-04   -0.1067673E-03   -0.6556610E-06   -0.3979535E-04    0.8180680E-03    0.3116980E-03    0.6494457E-02    0.7333028E-02   -0.1970041E-06   -0.1062147E-06
   -0.1988089E-05    0.1451555E-04   -0.1705704E-05   -0.5011344E-04   -0.3871380E-04   -0.2119495E-04    0.1672932E-04    0.1251112E-01    0.3067816E-03   -0.1091435E-02   -0.1611796E-02    0.5063513E-01    0.5605378E-01    0.2470974E-01   -0.7602733E-02   -0.1217889E-03   -0.7031819E-02   -0.2841360E-01   -0.3004053E-01    0.2060864E-04   -0.5988569E-05   -0.1583168E-03    0.7171311E-05    0.1708456E-04   -0.2829688E-03   -0.7526801E-04   -0.6852604E-03    0.4126231E-02   -0.1044487E-02    0.7333028E-02    0.6281656E-01   -0.5108620E-05   -0.6560447E-07
    0.1347015E-08   -0.1366647E-07    0.5202829E-09   -0.4163278E-07    0.1256790E-06   -0.1511240E-06   -0.3223662E-08   -0.3425768E-03    0.5463070E-05    0.1713102E-03    0.6387175E-02    0.1094153E-03    0.7182835E-03    0.8483115E-03   -0.1149359E-03    0.3097755E-03   -0.2805642E-03   -0.6167896E-04   -0.9405952E-05    0.2444067E-07   -0.4200685E-07   -0.1417428E-06    0.8083196E-07   -0.3810264E-06    0.1654353E-05    0.3970816E-06   -0.1742296E-06    0.7672041E-07   -0.3662354E-06   -0.1970041E-06   -0.5108620E-05    0.6058964E-06   -0.2448952E-07
   -0.4391379E-08    0.3270621E-08    0.5544170E-08   -0.1797183E-06   -0.5446267E-06   -0.3129202E-06   -0.5241520E-07    0.4373447E-02   -0.1999879E-04   -0.3511810E-03    0.4054820E-02   -0.1031619E-03   -0.2783578E-02   -0.7819489E-02    0.1636263E-03    0.6570558E-04   -0.2058688E-03    0.2512189E-02    0.4432498E-02   -0.1327282E-06   -0.1339397E-06    0.1440733E-05   -0.7248713E-08    0.2499232E-06    0.1335675E-05   -0.1701037E-06   -0.3324692E-06   -0.5873026E-06    0.3630688E-06   -0.1062147E-06   -0.6560447E-07   -0.2448952E-07    0.2072685E-05
