# omegabh2 omegach2 theta tau logA ns nrun nrunrun calPlanck acib217 xi asz143 aps100 aps143 aps143217 aps217 aksz kgal100 kgal143 kgal143217 kgal217 galfTE100 galfTE100143 galfTE100217 galfTE143 galfTE143217 galfTE217 cal0 cal2
  2.5142672E-08  -1.0240656E-07   1.7209479E-08   3.1908908E-07   6.3048405E-07   2.9930119E-07  -5.9111816E-07  -5.4308275E-07   2.2562993E-08   2.3258789E-05   5.4833513E-07   3.3553543E-06  -3.3847633E-05   1.0073400E-05   1.8239060E-05  -7.1082232E-06  -8.5531478E-06   4.0102617E-06  -4.1382529E-06  -6.1917082E-06  -2.9046758E-05  -5.5899265E-08  -7.3211406E-08  -4.1933985E-07  -4.5225693E-07  -3.8608551E-07  -2.6754705E-06   2.8601817E-09   1.3884187E-09
 -1.0240656E-07   1.4916206E-06  -1.2926121E-07  -3.6377764E-06  -4.7151968E-06  -3.9343210E-06   8.2584485E-07   2.4698076E-06  -4.0787736E-07  -1.1829638E-04   5.0682020E-06  -7.1235311E-05   7.6576618E-04   6.6261264E-04   3.0291367E-04   1.4076638E-04   1.0991950E-04   5.0716200E-05   5.7258532E-05   1.3713510E-04   3.1723180E-04   1.4595391E-06   6.7726415E-07   4.2244351E-06   3.1912170E-06   1.6298945E-06   1.5588975E-05   3.4004877E-09   1.9774967E-08
  1.7209479E-08  -1.2926121E-07   8.8091354E-08   3.8109634E-07   6.4359879E-07   4.3469741E-07  -1.3747628E-07  -2.1196492E-07   4.1243786E-08   5.2071937E-05  -4.3710167E-07   6.0238765E-07  -2.1757345E-05  -1.5212406E-05  -9.3086020E-06  -6.1647644E-05  -1.7935933E-06  -1.1929512E-05   9.8903470E-08  -1.7941920E-05  -5.3168748E-05   4.8058659E-08   1.1698843E-07  -5.7421058E-07  -4.6579050E-07  -4.6269761E-08  -1.7286084E-06  -3.0920137E-09  -1.5541785E-09
  3.1908908E-07  -3.6377764E-06   3.8109634E-07   5.2446185E-05   9.4180767E-05   7.4355285E-06   1.7074735E-07   1.3566716E-05  -1.1947126E-06  -3.6430709E-04  -2.2380807E-05   3.7904507E-04  -3.9675207E-03  -4.4323143E-03  -3.3643744E-03  -2.6011660E-03  -8.4754740E-04   1.9462971E-04  -9.6365409E-05   3.8093647E-05  -3.6491905E-04   1.0453359E-06   2.5121837E-06  -1.6931602E-05  -6.9044927E-06   8.4949096E-06  -1.3087084E-05   7.4044114E-08  -1.0645067E-07
  6.3048405E-07  -4.7151968E-06   6.4359879E-07   9.4180767E-05   2.0099897E-04   7.5384642E-06  -1.5444498E-05   1.6862475E-05   8.8140594E-06   1.3377881E-03  -3.0304703E-05   2.1022500E-04   9.1415068E-03  -3.5609316E-04  -1.1025895E-03   8.5851763E-04  -1.3411793E-03   3.1801836E-05  -5.1918668E-04  -1.1199565E-04   2.0723258E-04   1.0368105E-05   8.6861462E-06  -1.8107001E-05  -9.6205933E-06   1.0266215E-05  -2.0010510E-05   3.4332609E-07  -1.1920763E-07
  2.9930119E-07  -3.9343210E-06   4.3469741E-07   7.4355285E-06   7.5384642E-06   2.2674312E-05  -8.3863611E-06  -2.7475121E-05   1.3774647E-06  -3.0506732E-03   8.7559559E-05   6.5266261E-04  -1.5837275E-02  -2.7899591E-03   3.6549439E-03   6.0688926E-03  -1.9126243E-03   2.9257245E-05  -4.9692108E-04  -6.5050890E-04   3.1211549E-04  -6.2748257E-06  -1.1336680E-06  -2.9900448E-06  -4.5879953E-06  -3.7908144E-06  -2.8765599E-05  -1.0893006E-07  -7.2699125E-08
 -5.9111816E-07   8.2584485E-07  -1.3747628E-07   1.7074735E-07  -1.5444498E-05  -8.3863611E-06   9.9787800E-05   9.3941498E-05  -4.5891966E-07  -1.3478632E-02   1.9673833E-04   3.2050293E-03  -6.0469375E-02  -3.6275611E-02  -1.3156850E-02  -9.1253207E-04  -5.1770407E-03  -6.9118094E-04  -4.0220082E-04  -6.4082106E-04   3.5881042E-03   5.5947420E-06  -3.1214129E-06  -1.0958304E-05   3.4424834E-06   1.5249361E-05   1.2256137E-04  -2.2992852E-07  -4.5310062E-07
 -5.4308275E-07   2.4698076E-06  -2.1196492E-07   1.3566716E-05   1.6862475E-05  -2.7475121E-05   9.3941498E-05   1.5678046E-04  -1.9803882E-06  -9.9084429E-03   1.2005223E-04   2.6465075E-03  -5.2480789E-02  -3.7939875E-02  -1.9621547E-02  -1.0353599E-02  -3.8142666E-03   9.6177483E-05   4.5026341E-04   2.7571836E-04   3.2180171E-03   1.0907427E-05  -2.4293375E-06  -1.3077916E-05   1.0699176E-06   2.3073136E-05   1.4294893E-04  -1.0914627E-07  -3.4655997E-07
  2.2562993E-08  -4.0787736E-07   4.1243786E-08  -1.1947126E-06   8.8140594E-06   1.3774647E-06  -4.5891966E-07  -1.9803882E-06   6.1224628E-06   7.4842575E-04  -3.8083812E-06   9.7056183E-05   4.8496375E-03   6.3446134E-04   7.2373922E-04   1.5276679E-03  -7.5270506E-05  -1.9269109E-04   6.9746251E-06   7.0922590E-06   6.3056197E-04   1.8997853E-06   1.0049888E-06   3.7367901E-06  -9.1730600E-08  -4.5104796E-06   6.0502738E-07   3.8201795E-09  -8.7181128E-09
  2.3258789E-05  -1.1829638E-04   5.2071937E-05  -3.6430709E-04   1.3377881E-03  -3.0506732E-03  -1.3478632E-02  -9.9084429E-03   7.4842575E-04   4.5663605E+01  -4.2643429E-01  -1.1168355E+00   4.3406594E+01   6.7674455E+00  -1.0908637E+01  -5.3389073E+01   1.0904513E-02  -1.9755236E-01   6.5642567E-01  -5.6182644E+00  -3.3424405E+01  -3.1503001E-03   3.4018448E-04  -1.8396200E-03  -1.1043364E-03  -7.0136663E-03  -7.6868038E-03  -2.5435363E-04   7.8304222E-04
  5.4833513E-07   5.0682020E-06  -4.3710167E-07  -2.2380807E-05  -3.0304703E-05   8.7559559E-05   1.9673833E-04   1.2005223E-04  -3.8083812E-06  -4.2643429E-01   8.0854602E-02  -4.3785731E-02  -6.0316140E-01   8.6341858E-01   1.6604430E+00   6.4945284E-01   3.1207406E-02   5.3127519E-04   9.4394512E-03   1.0212762E-01   1.4764380E-01   5.7550824E-05   3.0210602E-05   9.7871293E-04   6.3054466E-05   2.7809600E-04   1.0065678E-03   4.6402996E-06  -2.3169853E-07
  3.3553543E-06  -7.1235311E-05   6.0238765E-07   3.7904507E-04   2.1022500E-04   6.5266261E-04   3.2050293E-03   2.6465075E-03   9.7056183E-05  -1.1168355E+00  -4.3785731E-02   3.9248023E+00  -3.2007226E+01  -4.5773232E+00   6.6797091E+00   4.8019325E+00  -2.8321127E+00  -1.9689040E-01   1.4203829E-01   2.6910866E+00   3.6349157E+00   6.7633803E-04   9.2396530E-04  -4.9505949E-03   2.2356027E-03   4.0658278E-03   7.6299674E-03   9.2297785E-05  -3.3271416E-05
 -3.3847633E-05   7.6576618E-04  -2.1757345E-05  -3.9675207E-03   9.1415068E-03  -1.5837275E-02  -6.0469375E-02  -5.2480789E-02   4.8496375E-03   4.3406594E+01  -6.0316140E-01  -3.2007226E+01   8.1972529E+02   9.4102193E+01  -3.9745841E+01  -5.4976572E+01   1.5512958E+01  -5.3530005E+00   5.8195676E+00  -1.3233892E+01  -2.9877295E+01  -2.0254481E-02  -1.6841859E-02   1.4993184E-02  -4.4241133E-02  -5.5259997E-02  -1.4960663E-01   4.2693545E-03   4.6630391E-04
  1.0073400E-05   6.6261264E-04  -1.5212406E-05  -4.4323143E-03  -3.5609316E-04  -2.7899591E-03  -3.6275611E-02  -3.7939875E-02   6.3446134E-04   6.7674455E+00   8.6341858E-01  -4.5773232E+00   9.4102193E+01   7.6190075E+01   4.6245271E+01   1.6432462E+01  -3.1935381E+00  -6.5470989E-02  -1.0158343E+00   3.3182718E+00   1.7134993E+00  -6.2993527E-03   2.5170441E-04   2.3397042E-02   9.5201476E-04   3.7170979E-03  -4.0663954E-02   2.2379546E-04   3.0768016E-04
  1.8239060E-05   3.0291367E-04  -9.3086020E-06  -3.3643744E-03  -1.1025895E-03   3.6549439E-03  -1.3156850E-02  -1.9621547E-02   7.2373922E-04  -1.0908637E+01   1.6604430E+00   6.6797091E+00  -3.9745841E+01   4.6245271E+01   8.6274639E+01   5.2777294E+01  -1.0932576E+01  -2.9061577E-01  -6.0843673E-01   4.6232265E+00   7.0186339E+00   1.0481567E-03   2.7310680E-03   1.8154658E-02   7.8109937E-03   1.7198723E-02   1.6004298E-02   5.1274248E-04  -2.4456172E-04
 -7.1082232E-06   1.4076638E-04  -6.1647644E-05  -2.6011660E-03   8.5851763E-04   6.0688926E-03  -9.1253207E-04  -1.0353599E-02   1.5276679E-03  -5.3389073E+01   6.4945284E-01   4.8019325E+00  -5.4976572E+01   1.6432462E+01   5.2777294E+01   1.0111525E+02  -8.5447377E+00   9.4056542E-02  -1.3387888E+00   5.0808262E+00   3.2404890E+01   5.9724780E-03   2.0748003E-03   1.4394587E-03   5.9506221E-03   1.9043879E-02  -3.9328657E-04   5.6115395E-04  -1.3122292E-03
 -8.5531478E-06   1.0991950E-04  -1.7935933E-06  -8.4754740E-04  -1.3411793E-03  -1.9126243E-03  -5.1770407E-03  -3.8142666E-03  -7.5270506E-05   1.0904513E-02   3.1207406E-02  -2.8321127E+00   1.5512958E+01  -3.1935381E+00  -1.0932576E+01  -8.5447377E+00   6.0424154E+00   7.0521081E-02  -1.8866028E-01  -1.9781144E+00  -2.1537353E+00   2.7687500E-04  -6.4391083E-05   3.9854711E-03  -1.9188419E-03  -3.8679162E-03  -6.6502618E-03  -5.2185895E-05  -2.2642372E-06
  4.0102617E-06   5.0716200E-05  -1.1929512E-05   1.9462971E-04   3.1801836E-05   2.9257245E-05  -6.9118094E-04   9.6177483E-05  -1.9269109E-04  -1.9755236E-01   5.3127519E-04  -1.9689040E-01  -5.3530005E+00  -6.5470989E-02  -2.9061577E-01   9.4056542E-02   7.0521081E-02   3.1996022E+00   4.6884200E-01   1.5858725E-01   3.2960314E-01   1.8110012E-04   9.8912335E-04   5.9198378E-03   1.9346239E-03  -1.7565178E-03  -1.1878739E-03   1.8408747E-04   1.3554048E-05
 -4.1382529E-06   5.7258532E-05   9.8903470E-08  -9.6365409E-05  -5.1918668E-04  -4.9692108E-04  -4.0220082E-04   4.5026341E-04   6.9746251E-06   6.5642567E-01   9.4394512E-03   1.4203829E-01   5.8195676E+00  -1.0158343E+00  -6.0843673E-01  -1.3387888E+00  -1.8866028E-01   4.6884200E-01   3.0942872E+00   2.6820895E+00   2.7240819E+00   1.3465244E-03   9.4061667E-04   3.8211192E-04  -3.4454450E-05   2.6881055E-03   1.3008086E-03  -1.9475131E-04  -4.3034382E-06
 -6.1917082E-06   1.3713510E-04  -1.7941920E-05   3.8093647E-05  -1.1199565E-04  -6.5050890E-04  -6.4082106E-04   2.7571836E-04   7.0922590E-06  -5.6182644E+00   1.0212762E-01   2.6910866E+00  -1.3233892E+01   3.3182718E+00   4.6232265E+00   5.0808262E+00  -1.9781144E+00   1.5858725E-01   2.6820895E+00   1.0762791E+01   1.9205218E+01   2.6556909E-04   1.8080781E-03  -2.6760638E-03   2.6411909E-03   2.0563690E-03  -1.8376092E-03  -3.0553598E-05   4.2964363E-04
 -2.9046758E-05   3.1723180E-04  -5.3168748E-05  -3.6491905E-04   2.0723258E-04   3.1211549E-04   3.5881042E-03   3.2180171E-03   6.3056197E-04  -3.3424405E+01   1.4764380E-01   3.6349157E+00  -2.9877295E+01   1.7134993E+00   7.0186339E+00   3.2404890E+01  -2.1537353E+00   3.2960314E-01   2.7240819E+00   1.9205218E+01   5.3297621E+01  -5.1319285E-05   1.7770969E-03  -1.6369311E-03   5.9980637E-03  -3.3250084E-03  -1.4420103E-02   1.3034714E-04   8.7012312E-04
 -5.5899265E-08   1.4595391E-06   4.8058659E-08   1.0453359E-06   1.0368105E-05  -6.2748257E-06   5.5947420E-06   1.0907427E-05   1.8997853E-06  -3.1503001E-03   5.7550824E-05   6.7633803E-04  -2.0254481E-02  -6.2993527E-03   1.0481567E-03   5.9724780E-03   2.7687500E-04   1.8110012E-04   1.3465244E-03   2.6556909E-04  -5.1319285E-05   1.4255136E-03   2.3386445E-04   5.9228562E-05  -3.5391528E-04  -8.6223618E-05  -6.2593024E-05   6.7042766E-07   3.5521026E-07
 -7.3211406E-08   6.7726415E-07   1.1698843E-07   2.5121837E-06   8.6861462E-06  -1.1336680E-06  -3.1214129E-06  -2.4293375E-06   1.0049888E-06   3.4018448E-04   3.0210602E-05   9.2396530E-04  -1.6841859E-02   2.5170441E-04   2.7310680E-03   2.0748003E-03  -6.4391083E-05   9.8912335E-04   9.4061667E-04   1.8080781E-03   1.7770969E-03   2.3386445E-04   8.5397067E-04   1.1301505E-05   7.6693893E-04   3.5513247E-05  -7.7989493E-04   1.1406924E-07   2.2680547E-08
 -4.1933985E-07   4.2244351E-06  -5.7421058E-07  -1.6931602E-05  -1.8107001E-05  -2.9900448E-06  -1.0958304E-05  -1.3077916E-05   3.7367901E-06  -1.8396200E-03   9.7871293E-04  -4.9505949E-03   1.4993184E-02   2.3397042E-02   1.8154658E-02   1.4394587E-03   3.9854711E-03   5.9198378E-03   3.8211192E-04  -2.6760638E-03  -1.6369311E-03   5.9228562E-05   1.1301505E-05   7.2430121E-03  -3.0115128E-04   6.6865632E-04   4.1116414E-03   3.4793190E-08   6.5064640E-07
 -4.5225693E-07   3.1912170E-06  -4.6579050E-07  -6.9044927E-06  -9.6205933E-06  -4.5879953E-06   3.4424834E-06   1.0699176E-06  -9.1730600E-08  -1.1043364E-03   6.3054466E-05   2.2356027E-03  -4.4241133E-02   9.5201476E-04   7.8109937E-03   5.9506221E-03  -1.9188419E-03   1.9346239E-03  -3.4454450E-05   2.6411909E-03   5.9980637E-03  -3.5391528E-04   7.6693893E-04  -3.0115128E-04   2.9606378E-03   4.8739203E-04  -1.2480384E-03   7.9168195E-08  -3.2881201E-07
 -3.8608551E-07   1.6298945E-06  -4.6269761E-08   8.4949096E-06   1.0266215E-05  -3.7908144E-06   1.5249361E-05   2.3073136E-05  -4.5104796E-06  -7.0136663E-03   2.7809600E-04   4.0658278E-03  -5.5259997E-02   3.7170979E-03   1.7198723E-02   1.9043879E-02  -3.8679162E-03  -1.7565178E-03   2.6881055E-03   2.0563690E-03  -3.3250084E-03  -8.6223618E-05   3.5513247E-05   6.6865632E-04   4.8739203E-04   6.2950408E-03   7.3865085E-03   3.2046957E-07  -8.9210853E-07
 -2.6754705E-06   1.5588975E-05  -1.7286084E-06  -1.3087084E-05  -2.0010510E-05  -2.8765599E-05   1.2256137E-04   1.4294893E-04   6.0502738E-07  -7.6868038E-03   1.0065678E-03   7.6299674E-03  -1.4960663E-01  -4.0663954E-02   1.6004298E-02  -3.9328657E-04  -6.6502618E-03  -1.1878739E-03   1.3008086E-03  -1.8376092E-03  -1.4420103E-02  -6.2593024E-05  -7.7989493E-04   4.1116414E-03  -1.2480384E-03   7.3865085E-03   6.8906596E-02  -1.7178816E-06  -4.0651059E-06
  2.8601817E-09   3.4004877E-09  -3.0920137E-09   7.4044114E-08   3.4332609E-07  -1.0893006E-07  -2.2992852E-07  -1.0914627E-07   3.8201795E-09  -2.5435363E-04   4.6402996E-06   9.2297785E-05   4.2693545E-03   2.2379546E-04   5.1274248E-04   5.6115395E-04  -5.2185895E-05   1.8408747E-04  -1.9475131E-04  -3.0553598E-05   1.3034714E-04   6.7042766E-07   1.1406924E-07   3.4793190E-08   7.9168195E-08   3.2046957E-07  -1.7178816E-06   3.7931221E-07  -4.5806281E-09
  1.3884187E-09   1.9774967E-08  -1.5541785E-09  -1.0645067E-07  -1.1920763E-07  -7.2699125E-08  -4.5310062E-07  -3.4655997E-07  -8.7181128E-09   7.8304222E-04  -2.3169853E-07  -3.3271416E-05   4.6630391E-04   3.0768016E-04  -2.4456172E-04  -1.3122292E-03  -2.2642372E-06   1.3554048E-05  -4.3034382E-06   4.2964363E-04   8.7012312E-04   3.5521026E-07   2.2680547E-08   6.5064640E-07  -3.2881201E-07  -8.9210853E-07  -4.0651059E-06  -4.5806281E-09   3.8129879E-07
