# omegabh2 omegach2 theta tau mnu nnu logA ns calPlanck acib217 xi asz143 aps100 aps143 aps143217 aps217 aksz kgal100 kgal143 kgal143217 kgal217 cal0 cal2
  4.6977787E-08   2.6399714E-07  -1.1767181E-08   1.9279211E-07   1.3137049E-06   2.0481394E-05   1.1980855E-06   9.1348171E-07   9.4768183E-09  -2.3736426E-05   4.5742228E-07   1.3804328E-05  -4.2388883E-05  -9.4911780E-05  -4.2898372E-05  -3.6731401E-05  -5.1161409E-06   8.1501517E-06   8.1306318E-06   1.1753026E-05   2.6640418E-05   7.0906445E-10  -4.5433363E-10
  2.6399714E-07   8.4290644E-06  -7.5446295E-07  -5.7643170E-07  -4.2571732E-06   4.3383325E-04   2.0679223E-05   1.1068484E-05  -1.3875855E-07   1.8225287E-03  -1.6846130E-05  -4.7166155E-04   9.5820374E-03   5.2119179E-03   1.9485816E-03   6.3665786E-06   8.3458370E-04   8.2152021E-06   6.3855886E-05   1.4220376E-04  -3.8870179E-04  -5.4790392E-09   4.5617849E-08
 -1.1767181E-08  -7.5446295E-07   2.4589622E-07   9.4514196E-08  -4.3279480E-07  -4.3625551E-05  -1.5556321E-06  -1.0301951E-06   4.2895314E-08  -2.2321792E-04   1.3183200E-06   5.9062549E-05  -1.1177552E-03  -5.4514044E-04  -1.9953802E-04   3.6803103E-05  -9.0338935E-05  -7.3018038E-06  -1.0405807E-05   3.6067939E-06   9.1551828E-05  -2.1491905E-09  -4.9798862E-09
  1.9279211E-07  -5.7643170E-07   9.4514196E-08   4.5242927E-05   2.7065150E-05   5.1504194E-05   8.8359336E-05   7.7862861E-06  -3.2016944E-07  -1.5802377E-03   3.5108532E-05   4.0235279E-04  -1.0311328E-02  -2.1204970E-03   6.6340144E-04   1.8831263E-03  -1.0217743E-03  -1.0759180E-04  -1.0217496E-04   7.0247807E-05   3.3885060E-04  -2.3272639E-08  -3.2856785E-08
  1.3137049E-06  -4.2571732E-06  -4.3279480E-07   2.7065150E-05   2.8122114E-03   1.5029380E-03   4.5993574E-05   1.0441952E-04   2.4090539E-06   1.9187836E-02  -3.8458338E-04  -3.2477970E-03   8.6010850E-02   3.2238929E-02   9.3971044E-03  -9.5941680E-03   6.9080550E-03   8.3204900E-04  -9.5606351E-04  -2.0978466E-03  -6.8415715E-03   2.8464592E-07   9.8382367E-07
  2.0481394E-05   4.3383325E-04  -4.3625551E-05   5.1504194E-05   1.5029380E-03   2.8268436E-02   1.2376633E-03   9.6535561E-04  -5.8469325E-06   1.2066010E-01  -1.5768000E-03  -2.9755081E-02   6.3599169E-01   3.2999431E-01   1.1472531E-01  -8.9721164E-03   5.6931957E-02   1.8255865E-03   8.1765443E-03   1.1066884E-02  -2.1254358E-02  -4.8444725E-07   2.7418299E-06
  1.1980855E-06   2.0679223E-05  -1.5556321E-06   8.8359336E-05   4.5993574E-05   1.2376633E-03   2.5846878E-04   4.3335260E-05   1.1702120E-05   8.8790636E-04   4.7165733E-05  -4.8210349E-04   6.4069504E-03   1.0489758E-02   8.8896853E-03   1.0749117E-02  -8.3880948E-04  -6.8398231E-04  -5.3167121E-04  -9.1426224E-05   1.1470637E-03   7.6897167E-08  -5.2638997E-08
  9.1348171E-07   1.1068484E-05  -1.0301951E-06   7.7862861E-06   1.0441952E-04   9.6535561E-04   4.3335260E-05   5.1652418E-05  -5.7144718E-08  -6.6407419E-04   1.6599166E-05   1.0624019E-04  -6.4016081E-04   5.4610688E-03   5.9678099E-03   5.4028305E-03  -4.4047560E-04   4.8532040E-04   1.5129150E-04   4.8854461E-04   1.5081948E-03  -1.3020508E-07   2.3910012E-08
  9.4768183E-09  -1.3875855E-07   4.2895314E-08  -3.2016944E-07   2.4090539E-06  -5.8469325E-06   1.1702120E-05  -5.7144718E-08   6.2829899E-06   4.6496263E-04  -1.0601744E-05  -1.5467042E-05   3.0677453E-03   4.3962437E-04   3.3830237E-04   1.7414479E-03  -7.1648030E-05  -5.2607225E-05   4.0759846E-05  -6.0323807E-05   8.0576955E-04  -7.3452241E-09  -4.4514579E-08
 -2.3736426E-05   1.8225287E-03  -2.2321792E-04  -1.5802377E-03   1.9187836E-02   1.2066010E-01   8.8790636E-04  -6.6407419E-04   4.6496263E-04   4.5057659E+01  -3.9892257E-01  -1.1453801E+00   3.8747816E+01   2.8450794E+00  -1.4296645E+01  -5.6452159E+01   7.8892095E-01   1.8840781E-01   3.6817277E-01  -5.8271511E+00  -3.3303215E+01  -6.8500847E-05   6.8841331E-04
  4.5742228E-07  -1.6846130E-05   1.3183200E-06   3.5108532E-05  -3.8458338E-04  -1.5768000E-03   4.7165733E-05   1.6599166E-05  -1.0601744E-05  -3.9892257E-01   8.3548815E-02  -4.9477185E-02  -5.7207132E-01   8.7981030E-01   1.6532152E+00   5.9705097E-01   5.2377097E-02  -4.4749900E-03   9.0823229E-03   1.0520960E-01   1.4282386E-01   1.9619240E-06  -3.1587073E-06
  1.3804328E-05  -4.7166155E-04   5.9062549E-05   4.0235279E-04  -3.2477970E-03  -2.9755081E-02  -4.8210349E-04   1.0624019E-04  -1.5467042E-05  -1.1453801E+00  -4.9477185E-02   3.9965981E+00  -3.2106813E+01  -3.8312321E+00   7.8543688E+00   6.0276270E+00  -3.0544866E+00  -1.2853530E-01   1.7571250E-01   2.7169261E+00   3.5015994E+00   1.1816161E-04  -3.2778236E-05
 -4.2388883E-05   9.5820374E-03  -1.1177552E-03  -1.0311328E-02   8.6010850E-02   6.3599169E-01   6.4069504E-03  -6.4016081E-04   3.0677453E-03   3.8747816E+01  -5.7207132E-01  -3.2106813E+01   8.0100578E+02   7.7848682E+01  -5.5668461E+01  -6.4761864E+01   1.7285852E+01  -6.6666750E+00   4.4965787E+00  -1.3529196E+01  -2.6087047E+01   3.8936151E-03   6.9596562E-04
 -9.4911780E-05   5.2119179E-03  -5.4514044E-04  -2.1204970E-03   3.2238929E-02   3.2999431E-01   1.0489758E-02   5.4610688E-03   4.3962437E-04   2.8450794E+00   8.7981030E-01  -3.8312321E+00   7.7848682E+01   6.4781418E+01   4.0945795E+01   1.6049407E+01  -4.0267201E+00  -6.5240999E-01  -1.4515696E+00   3.2385268E+00   3.8716372E+00   8.7114585E-05   1.0718289E-04
 -4.2898372E-05   1.9485816E-03  -1.9953802E-04   6.6340144E-04   9.3971044E-03   1.1472531E-01   8.8896853E-03   5.9678099E-03   3.3830237E-04  -1.4296645E+01   1.6532152E+00   7.8543688E+00  -5.5668461E+01   4.0945795E+01   8.7301976E+01   5.7700471E+01  -1.2416848E+01  -7.9394952E-01  -8.1676951E-01   5.0729789E+00   9.4008147E+00   4.6362456E-04  -3.5903404E-04
 -3.6731401E-05   6.3665786E-06   3.6803103E-05   1.8831263E-03  -9.5941680E-03  -8.9721164E-03   1.0749117E-02   5.4028305E-03   1.7414479E-03  -5.6452159E+01   5.9705097E-01   6.0276270E+00  -6.4761864E+01   1.6049407E+01   5.7700471E+01   1.1026517E+02  -1.1050952E+01  -6.9656297E-01  -1.2107819E+00   5.6226587E+00   3.4248048E+01   3.9342977E-04  -1.3200894E-03
 -5.1161409E-06   8.3458370E-04  -9.0338935E-05  -1.0217743E-03   6.9080550E-03   5.6931957E-02  -8.3880948E-04  -4.4047560E-04  -7.1648030E-05   7.8892095E-01   5.2377097E-02  -3.0544866E+00   1.7285852E+01  -4.0267201E+00  -1.2416848E+01  -1.1050952E+01   6.5018863E+00   9.9398707E-02  -1.7379577E-01  -2.3385098E+00  -3.0775470E+00  -1.1016969E-04   1.3733744E-05
  8.1501517E-06   8.2152021E-06  -7.3018038E-06  -1.0759180E-04   8.3204900E-04   1.8255865E-03  -6.8398231E-04   4.8532040E-04  -5.2607225E-05   1.8840781E-01  -4.4749900E-03  -1.2853530E-01  -6.6666750E+00  -6.5240999E-01  -7.9394952E-01  -6.9656297E-01   9.9398707E-02   3.4374413E+00   6.2747559E-01   2.3811201E-01   1.5661380E-01   1.8311661E-04   1.2454649E-05
  8.1306318E-06   6.3855886E-05  -1.0405807E-05  -1.0217496E-04  -9.5606351E-04   8.1765443E-03  -5.3167121E-04   1.5129150E-04   4.0759846E-05   3.6817277E-01   9.0823229E-03   1.7571250E-01   4.4965787E+00  -1.4515696E+00  -8.1676951E-01  -1.2107819E+00  -1.7379577E-01   6.2747559E-01   3.1785071E+00   2.7791056E+00   2.9676729E+00  -1.8239000E-04  -3.5490466E-05
  1.1753026E-05   1.4220376E-04   3.6067939E-06   7.0247807E-05  -2.0978466E-03   1.1066884E-02  -9.1426224E-05   4.8854461E-04  -6.0323807E-05  -5.8271511E+00   1.0520960E-01   2.7169261E+00  -1.3529196E+01   3.2385268E+00   5.0729789E+00   5.6226587E+00  -2.3385098E+00   2.3811201E-01   2.7791056E+00   1.0982270E+01   1.9541684E+01  -4.2107388E-05   4.1032336E-04
  2.6640418E-05  -3.8870179E-04   9.1551828E-05   3.3885060E-04  -6.8415715E-03  -2.1254358E-02   1.1470637E-03   1.5081948E-03   8.0576955E-04  -3.3303215E+01   1.4282386E-01   3.5015994E+00  -2.6087047E+01   3.8716372E+00   9.4008147E+00   3.4248048E+01  -3.0775470E+00   1.5661380E-01   2.9676729E+00   1.9541684E+01   5.3853883E+01  -3.2466494E-05   9.4877439E-04
  7.0906445E-10  -5.4790392E-09  -2.1491905E-09  -2.3272639E-08   2.8464592E-07  -4.8444725E-07   7.6897167E-08  -1.3020508E-07  -7.3452241E-09  -6.8500847E-05   1.9619240E-06   1.1816161E-04   3.8936151E-03   8.7114585E-05   4.6362456E-04   3.9342977E-04  -1.1016969E-04   1.8311661E-04  -1.8239000E-04  -4.2107388E-05  -3.2466494E-05   3.7831776E-07   4.9191564E-09
 -4.5433363E-10   4.5617849E-08  -4.9798862E-09  -3.2856785E-08   9.8382367E-07   2.7418299E-06  -5.2638997E-08   2.3910012E-08  -4.4514579E-08   6.8841331E-04  -3.1587073E-06  -3.2778236E-05   6.9596562E-04   1.0718289E-04  -3.5903404E-04  -1.3200894E-03   1.3733744E-05   1.2454649E-05  -3.5490466E-05   4.1032336E-04   9.4877439E-04   4.9191564E-09   3.9253405E-07
