# omegabh2 omegach2 theta tau logA ns r calPlanck BBdust BBsync BBalphadust BBbetadust BBalphasync BBbetasync BBdustsynccorr acib217 xi asz143 aps100 aps143 aps143217 aps217 aksz kgal100 kgal143 kgal143217 kgal217 galfTE100 galfTE100143 galfTE100217 galfTE143 galfTE143217 galfTE217 cal0 cal2
  2.0404820E-08  -8.9782572E-08   1.5308300E-08   2.6500510E-07   4.4271648E-07   2.2404346E-07   9.3084997E-08   2.0736139E-08   3.8789827E-08  -6.9812213E-07   6.6895656E-07  -1.8961518E-07   2.2253613E-07   3.5936243E-07  -2.0292982E-07  -7.7071255E-05   1.4911756E-06   1.8032853E-05  -3.2033784E-04  -2.0196033E-04  -6.1821821E-05   1.5051674E-05  -3.2233352E-05  -9.6472321E-07  -7.9807987E-06  -1.0502490E-05   1.2336583E-05  -6.4767200E-08  -5.9887346E-08  -1.3430546E-07  -2.4125102E-07  -4.7875041E-07  -2.3033869E-06   3.0817318E-09  -1.5485533E-09
 -8.9782572E-08   1.3703685E-06  -1.0964492E-07  -3.2283281E-06  -3.8605743E-06  -3.1342566E-06  -1.7643483E-06  -2.7619663E-07  -1.4200357E-07   1.6454762E-05  -6.5425438E-06   1.0518485E-06   1.9756640E-06  -1.6863087E-06   6.8702995E-07   1.7408358E-04  -2.6680067E-06  -6.8480087E-05   9.6590653E-04   8.6953732E-04   4.0246598E-04   1.2707075E-04   9.3940741E-05   6.6713254E-06   1.9317468E-05   3.5228760E-05  -1.2970407E-05   2.2284292E-07   2.2664577E-07  -9.8990309E-08   1.4502602E-06   2.3839149E-06   1.1762518E-05  -9.2325258E-09   3.9285748E-09
  1.5308300E-08  -1.0964492E-07   9.5494491E-08   3.4398822E-07   6.1826845E-07   3.7911341E-07   7.5342507E-08   4.3834302E-08   4.1344990E-08  -1.2800720E-06   3.6685787E-07   1.4995067E-08   1.2589295E-07   3.6270193E-07  -6.4667990E-07  -1.5312066E-05   2.6909285E-07   7.0856153E-06  -1.2198496E-04  -6.8453943E-05  -2.6833891E-05   4.3348488E-06  -1.5152378E-05   3.8848083E-06  -1.7974864E-06   1.9688223E-06   1.3306852E-05  -7.1405557E-08  -6.1547991E-08  -2.0801263E-07  -2.9741795E-07  -2.9737281E-07  -1.3410928E-06   1.1454313E-09  -2.7468114E-10
  2.6500510E-07  -3.2283281E-06   3.4398822E-07   4.4252692E-05   7.8957438E-05   9.3514343E-06   7.0052799E-07  -8.1628802E-07   2.7289989E-06  -7.7661495E-06  -1.4911825E-05   1.5049653E-06  -1.3924286E-05  -9.7294760E-06  -1.5814451E-05  -1.4988569E-03   1.5126207E-06   4.7905328E-04  -8.5546586E-03  -4.6404308E-03  -1.9105462E-03  -3.5494720E-04  -6.8657228E-04  -3.1807088E-05  -1.8646258E-04  -1.6564895E-04   1.1009839E-04  -5.6395328E-07   9.2788809E-07   4.1398138E-06  -2.9662895E-06  -8.4258227E-06  -3.0489208E-05  -9.2931206E-09  -2.9219502E-08
  4.4271648E-07  -3.8605743E-06   6.1826845E-07   7.8957438E-05   1.7080285E-04   1.1560806E-05  -5.6860989E-06   9.8205336E-06   4.9223089E-06   3.8362761E-06  -6.6979294E-05   1.0543283E-05  -1.4493878E-05  -2.7830749E-05  -3.1445524E-05  -2.9218316E-03   4.2550957E-05   8.3196960E-04  -1.1768728E-02  -6.4811161E-03  -6.5364274E-04   5.1649172E-03  -1.9356445E-03  -2.9609101E-04  -7.3513296E-04  -6.3394983E-04   1.6931185E-03  -1.9266220E-06   3.1345697E-06   8.5935734E-06  -3.6506844E-06  -1.3222422E-05  -2.5013685E-05   1.1023318E-07  -9.9047193E-08
  2.2404346E-07  -3.1342566E-06   3.7911341E-07   9.3514343E-06   1.1560806E-05   1.6110593E-05   8.1412354E-06   7.6748644E-07   2.5195454E-06  -3.9386659E-05   6.6748077E-06  -1.6616256E-06  -3.0258794E-06   1.7625766E-06  -1.7417973E-05  -4.2320943E-03   8.9307534E-05   9.2277161E-04  -2.2243467E-02  -6.5424494E-03   1.2819833E-03   4.6747509E-03  -2.1551371E-03   2.4106481E-04  -3.5817936E-04  -3.4578234E-04   1.2483803E-03  -1.8103529E-07   3.0163497E-07  -1.0320403E-06  -3.9825101E-06  -5.2993881E-06  -2.5923650E-05  -7.1241851E-08  -6.0998426E-08
  9.3084997E-08  -1.7643483E-06   7.5342507E-08   7.0052799E-07  -5.6860989E-06   8.1412354E-06   3.3914276E-04  -9.0860851E-07  -5.4913703E-04  -1.0023358E-03  -5.5963218E-05   2.9245274E-04  -3.9497543E-05  -1.0873442E-04  -8.2610913E-04  -1.9903074E-03   4.2103747E-05   5.5753220E-04  -9.9667113E-03  -3.3384995E-03   6.8072710E-04   1.7274912E-03  -8.9310602E-04  -5.1504702E-04  -1.7147436E-04   8.7716221E-05   1.0885797E-03   4.1191695E-06   2.6182301E-06  -1.3368980E-05   1.4535848E-05  -3.4971291E-06  -3.6722980E-05  -8.9039567E-08   1.1534724E-07
  2.0736139E-08  -2.7619663E-07   4.3834302E-08  -8.1628802E-07   9.8205336E-06   7.6748644E-07  -9.0860851E-07   6.0532627E-06  -4.0062920E-07  -5.3651843E-06  -1.0444029E-05   2.5130339E-06   2.7540453E-06  -3.7656057E-06  -4.0548467E-07   6.2876490E-04   1.6264476E-06   2.6632831E-05   3.5185902E-03   4.1506000E-04   3.4238333E-04   1.2835516E-03  -3.0098634E-05   1.8975019E-05   6.4640282E-05   6.7365408E-05   8.2133213E-04  -3.1577876E-07   7.3975031E-07   6.4605473E-07  -8.3527573E-08  -2.5853004E-07   9.3670042E-06   1.0849677E-09  -1.4983035E-08
  3.8789827E-08  -1.4200357E-07   4.1344990E-08   2.7289989E-06   4.9223089E-06   2.5195454E-06  -5.4913703E-04  -4.0062920E-07   1.0691129E+00   2.8533232E-02  -1.1970659E-01   4.4644015E-02  -8.8386032E-04   7.2021783E-03  -8.9394801E-03   2.4586812E-02   2.1527581E-03  -1.1815427E-03   1.4254644E-01   7.4167618E-02   5.4828041E-02  -1.3985878E-02  -6.7607563E-03  -1.2117813E-03  -4.7573666E-05   8.6427774E-03  -1.0379909E-02  -1.2183410E-04   1.7082099E-04   1.2845287E-04  -1.9250909E-04   1.4903626E-04   1.7036339E-03   3.1968545E-06   2.1672315E-06
 -6.9812213E-07   1.6454762E-05  -1.2800720E-06  -7.7661495E-06   3.8362761E-06  -3.9386659E-05  -1.0023358E-03  -5.3651843E-06   2.8533232E-02   1.1457920E+00  -2.6383808E-03  -1.4439484E-03   1.6658806E-02  -4.0090155E-02   4.1542867E-02   2.2834739E-02   1.2833902E-03  -7.9624390E-03  -2.2218367E-03  -1.5551531E-02  -1.7548265E-02  -5.8721070E-02   2.9971772E-02  -3.9998761E-03   1.9394758E-03  -1.3516155E-02  -4.0294719E-02  -1.7403015E-04  -4.3119338E-05   6.9378262E-04   1.2088863E-04   2.3751479E-04   1.8459102E-03  -1.4808675E-06  -7.3213005E-08
  6.6895656E-07  -6.5425438E-06   3.6685787E-07  -1.4911825E-05  -6.6979294E-05   6.6748077E-06  -5.5963218E-05  -1.0444029E-05  -1.1970659E-01  -2.6383808E-03   6.0212855E-02  -6.7575707E-04   5.8060805E-04  -3.7128220E-04  -3.9302143E-04  -1.8755280E-03   4.3047186E-05   1.9645927E-03  -3.6968374E-02  -6.9559983E-03   2.6098807E-03   3.3035401E-03   1.0748849E-03   3.4327428E-03   3.2518808E-03   3.6803571E-03   3.5752182E-04   3.6027469E-05  -6.3331569E-05  -1.2336580E-04  -8.1955365E-05  -1.1242642E-04  -5.2280401E-04   1.2781385E-07  -4.3766812E-07
 -1.8961518E-07   1.0518485E-06   1.4995067E-08   1.5049653E-06   1.0543283E-05  -1.6616256E-06   2.9245274E-04   2.5130339E-06   4.4644015E-02  -1.4439484E-03  -6.7575707E-04   9.1906661E-03   4.3883400E-05  -1.4303097E-03   9.6903968E-04   1.6605055E-03   2.0520732E-04  -2.3468981E-04   5.4173912E-03   4.7047563E-03   4.8804145E-03   1.1488107E-03  -3.1826642E-04  -1.1079840E-03  -8.4126395E-04   5.1270666E-04  -4.2923314E-04  -2.1591034E-05   8.4044563E-07  -4.2355896E-06   4.8379296E-05   2.6360344E-05   1.8520584E-04  -4.6468899E-08   5.2779824E-07
  2.2253613E-07   1.9756640E-06   1.2589295E-07  -1.3924286E-05  -1.4493878E-05  -3.0258794E-06  -3.9497543E-05   2.7540453E-06  -8.8386032E-04   1.6658806E-02   5.8060805E-04   4.3883400E-05   8.2040908E-02  -1.9942060E-04   1.2251026E-03  -1.7865643E-03   4.9918807E-04   2.5155112E-03   2.1127528E-02  -7.0426898E-03   1.0471080E-02   4.6711571E-04   1.0728069E-04  -5.9807555E-04  -1.8546351E-04   3.1282835E-03   4.6248237E-03  -4.5266056E-05   4.4188326E-05   5.5031308E-05   3.4865518E-05  -6.8219617E-05  -2.1119840E-04   1.1940057E-06   1.1820257E-06
  3.5936243E-07  -1.6863087E-06   3.6270193E-07  -9.7294760E-06  -2.7830749E-05   1.7625766E-06  -1.0873442E-04  -3.7656057E-06   7.2021783E-03  -4.0090155E-02  -3.7128220E-04  -1.4303097E-03  -1.9942060E-04   7.5884761E-02  -4.3590361E-03   4.4280795E-03   1.9012460E-04   3.1510526E-03  -7.1814857E-03   5.2206949E-03   9.2458574E-03  -3.7466038E-03  -2.7662919E-03  -6.6027353E-04  -5.4891440E-03   1.3318338E-03  -5.5222334E-04   3.2995129E-05   2.9718813E-05  -3.2308064E-05   1.6704219E-06  -1.1622475E-04   2.8858936E-04   2.0417606E-06   5.4228682E-07
 -2.0292982E-07   6.8702995E-07  -6.4667990E-07  -1.5814451E-05  -3.1445524E-05  -1.7417973E-05  -8.2610913E-04  -4.0548467E-07  -8.9394801E-03   4.1542867E-02  -3.9302143E-04   9.6903968E-04   1.2251026E-03  -4.3590361E-03   8.1293003E-02   2.9520360E-02  -3.7177628E-05  -4.8212494E-03   1.2723640E-02   1.9781947E-02  -6.0566926E-03  -3.6784897E-02   6.5129101E-03  -2.1339161E-04   3.4541273E-04  -3.2495224E-03  -2.4002433E-02   8.7190993E-06  -6.7711520E-05   1.9236578E-04  -8.4212311E-05   1.2213625E-04  -2.4259802E-04  -1.4141423E-06   1.6646549E-07
 -7.7071255E-05   1.7408358E-04  -1.5312066E-05  -1.4988569E-03  -2.9218316E-03  -4.2320943E-03  -1.9903074E-03   6.2876490E-04   2.4586812E-02   2.2834739E-02  -1.8755280E-03   1.6605055E-03  -1.7865643E-03   4.4280795E-03   2.9520360E-02   4.4729276E+01  -3.8834773E-01  -7.8679363E-01   3.4881153E+01   1.7064884E+00  -1.2947387E+01  -5.5254058E+01  -2.9703700E-01   2.1433291E-01   4.6592337E-01  -5.8546744E+00  -3.3417997E+01   6.4862788E-04   7.5153204E-05  -5.9142599E-04  -9.9337685E-04   1.1622396E-04   5.3505675E-03  -2.0403595E-04   7.2739723E-04
  1.4911756E-06  -2.6680067E-06   2.6909285E-07   1.5126207E-06   4.2550957E-05   8.9307534E-05   4.2103747E-05   1.6264476E-06   2.1527581E-03   1.2833902E-03   4.3047186E-05   2.0520732E-04   4.9918807E-04   1.9012460E-04  -3.7177628E-05  -3.8834773E-01   8.1635943E-02  -4.2703174E-02  -5.5803996E-01   9.3600144E-01   1.7141871E+00   6.3604281E-01   4.4508292E-02  -6.1990602E-03   8.6288940E-03   1.0530856E-01   1.3994084E-01  -4.5739213E-05  -4.2820710E-05  -3.7694182E-05  -3.8544197E-05  -7.2726710E-05  -1.5755735E-04   3.7312574E-06  -1.6492054E-06
  1.8032853E-05  -6.8480087E-05   7.0856153E-06   4.7905328E-04   8.3196960E-04   9.2277161E-04   5.5753220E-04   2.6632831E-05  -1.1815427E-03  -7.9624390E-03   1.9645927E-03  -2.3468981E-04   2.5155112E-03   3.1510526E-03  -4.8212494E-03  -7.8679363E-01  -4.2703174E-02   3.7807248E+00  -2.9276980E+01  -3.1922705E+00   7.4773424E+00   5.1751657E+00  -2.6542518E+00  -1.8774114E-01   1.4953633E-01   2.5872766E+00   3.2120092E+00   2.9603481E-04  -2.6153990E-04   7.1380138E-04  -6.3417953E-04   4.5308859E-04  -3.3280443E-03   1.0639935E-04  -4.0022686E-05
 -3.2033784E-04   9.6590653E-04  -1.2198496E-04  -8.5546586E-03  -1.1768728E-02  -2.2243467E-02  -9.9667113E-03   3.5185902E-03   1.4254644E-01  -2.2218367E-03  -3.6968374E-02   5.4173912E-03   2.1127528E-02  -7.1814857E-03   1.2723640E-02   3.4881153E+01  -5.5803996E-01  -2.9276980E+01   7.6694570E+02   6.6845804E+01  -5.3855788E+01  -5.8682168E+01   1.2822357E+01  -6.2154538E+00   5.4650808E+00  -1.1575890E+01  -2.3414492E+01  -7.5779583E-03  -3.7206043E-03   1.9128886E-03   4.6183301E-03   1.9899729E-02   3.6835017E-02   3.7822116E-03   4.8533299E-04
 -2.0196033E-04   8.6953732E-04  -6.8453943E-05  -4.6404308E-03  -6.4811161E-03  -6.5424494E-03  -3.3384995E-03   4.1506000E-04   7.4167618E-02  -1.5551531E-02  -6.9559983E-03   4.7047563E-03  -7.0426898E-03   5.2206949E-03   1.9781947E-02   1.7064884E+00   9.3600144E-01  -3.1922705E+00   6.6845804E+01   6.1200706E+01   4.0533256E+01   1.4770842E+01  -4.9553563E+00  -3.1112508E-01  -1.3139546E+00   3.4251440E+00   4.1806057E+00   3.3949140E-04   1.8924415E-04  -2.0900314E-05  -1.3999308E-03   4.6374835E-03   2.1539516E-02   7.1673516E-05   1.1385350E-04
 -6.1821821E-05   4.0246598E-04  -2.6833891E-05  -1.9105462E-03  -6.5364274E-04   1.2819833E-03   6.8072710E-04   3.4238333E-04   5.4828041E-02  -1.7548265E-02   2.6098807E-03   4.8804145E-03   1.0471080E-02   9.2458574E-03  -6.0566926E-03  -1.2947387E+01   1.7141871E+00   7.4773424E+00  -5.3855788E+01   4.0533256E+01   8.5188221E+01   5.2267873E+01  -1.1560934E+01  -6.8178045E-01  -6.7225236E-01   4.8419145E+00   8.0280491E+00   6.6614600E-04  -8.4444475E-04   3.5312631E-03  -1.6370659E-03   4.9968178E-03   4.3523420E-03   4.0158403E-04  -3.9165406E-04
  1.5051674E-05   1.2707075E-04   4.3348488E-06  -3.5494720E-04   5.1649172E-03   4.6747509E-03   1.7274912E-03   1.2835516E-03  -1.3985878E-02  -5.8721070E-02   3.3035401E-03   1.1488107E-03   4.6711571E-04  -3.7466038E-03  -3.6784897E-02  -5.5254058E+01   6.3604281E-01   5.1751657E+00  -5.8682168E+01   1.4770842E+01   5.2267873E+01   1.0338006E+02  -8.8412190E+00  -5.8717880E-01  -1.0831877E+00   5.5062037E+00   3.3476023E+01  -1.6822264E-06  -1.1082506E-04   4.8566612E-03   9.1344517E-04   4.4357852E-03  -1.6267793E-03   4.5367187E-04  -1.3782870E-03
 -3.2233352E-05   9.3940741E-05  -1.5152378E-05  -6.8657228E-04  -1.9356445E-03  -2.1551371E-03  -8.9310602E-04  -3.0098634E-05  -6.7607563E-03   2.9971772E-02   1.0748849E-03  -3.1826642E-04   1.0728069E-04  -2.7662919E-03   6.5129101E-03  -2.9703700E-01   4.4508292E-02  -2.6542518E+00   1.2822357E+01  -4.9553563E+00  -1.1560934E+01  -8.8412190E+00   5.7281028E+00   9.2495749E-02  -2.1620936E-01  -2.0744809E+00  -2.2669069E+00  -3.5001483E-04  -2.1977155E-05  -1.5786799E-04   1.2647534E-03  -3.4100620E-04   5.0813330E-03  -7.3619460E-05   5.0444977E-06
 -9.6472321E-07   6.6713254E-06   3.8848083E-06  -3.1807088E-05  -2.9609101E-04   2.4106481E-04  -5.1504702E-04   1.8975019E-05  -1.2117813E-03  -3.9998761E-03   3.4327428E-03  -1.1079840E-03  -5.9807555E-04  -6.6027353E-04  -2.1339161E-04   2.1433291E-01  -6.1990602E-03  -1.8774114E-01  -6.2154538E+00  -3.1112508E-01  -6.8178045E-01  -5.8717880E-01   9.2495749E-02   3.3045152E+00   5.4409784E-01   1.4574704E-01   5.8023731E-02  -6.1261094E-04   2.9451269E-04  -1.6565818E-04  -2.9044129E-04  -7.5406554E-04  -2.9518192E-03   1.6792077E-04  -6.2424445E-06
 -7.9807987E-06   1.9317468E-05  -1.7974864E-06  -1.8646258E-04  -7.3513296E-04  -3.5817936E-04  -1.7147436E-04   6.4640282E-05  -4.7573666E-05   1.9394758E-03   3.2518808E-03  -8.4126395E-04  -1.8546351E-04  -5.4891440E-03   3.4541273E-04   4.6592337E-01   8.6288940E-03   1.4953633E-01   5.4650808E+00  -1.3139546E+00  -6.7225236E-01  -1.0831877E+00  -2.1620936E-01   5.4409784E-01   3.1685375E+00   2.7113098E+00   2.7756084E+00  -2.9078290E-05  -1.4809948E-04  -6.4911610E-04   2.8029622E-04   2.2535524E-04  -2.0838996E-03  -1.9007815E-04  -3.6394424E-05
 -1.0502490E-05   3.5228760E-05   1.9688223E-06  -1.6564895E-04  -6.3394983E-04  -3.4578234E-04   8.7716221E-05   6.7365408E-05   8.6427774E-03  -1.3516155E-02   3.6803571E-03   5.1270666E-04   3.1282835E-03   1.3318338E-03  -3.2495224E-03  -5.8546744E+00   1.0530856E-01   2.5872766E+00  -1.1575890E+01   3.4251440E+00   4.8419145E+00   5.5062037E+00  -2.0744809E+00   1.4574704E-01   2.7113098E+00   1.0739183E+01   1.9282976E+01   2.5911639E-04  -2.8445668E-07  -1.0318626E-03  -8.2775834E-04   2.6349373E-04  -4.7805672E-04  -3.5582810E-05   4.1202056E-04
  1.2336583E-05  -1.2970407E-05   1.3306852E-05   1.1009839E-04   1.6931185E-03   1.2483803E-03   1.0885797E-03   8.2133213E-04  -1.0379909E-02  -4.0294719E-02   3.5752182E-04  -4.2923314E-04   4.6248237E-03  -5.5222334E-04  -2.4002433E-02  -3.3417997E+01   1.3994084E-01   3.2120092E+00  -2.3414492E+01   4.1806057E+00   8.0280491E+00   3.3476023E+01  -2.2669069E+00   5.8023731E-02   2.7756084E+00   1.9282976E+01   5.3702744E+01   1.3315217E-04   6.4325413E-04  -1.1087558E-04   1.6759758E-04  -9.1915423E-06   2.4102141E-03   5.2695117E-05   9.2317716E-04
 -6.4767200E-08   2.2284292E-07  -7.1405557E-08  -5.6395328E-07  -1.9266220E-06  -1.8103529E-07   4.1191695E-06  -3.1577876E-07  -1.2183410E-04  -1.7403015E-04   3.6027469E-05  -2.1591034E-05  -4.5266056E-05   3.2995129E-05   8.7190993E-06   6.4862788E-04  -4.5739213E-05   2.9603481E-04  -7.5779583E-03   3.3949140E-04   6.6614600E-04  -1.6822264E-06  -3.5001483E-04  -6.1261094E-04  -2.9078290E-05   2.5911639E-04   1.3315217E-04   1.4508165E-03   2.7612973E-04   1.0087669E-04  -3.7419209E-04  -9.7276897E-05  -1.3321876E-04  -7.4737806E-08   1.2533926E-07
 -5.9887346E-08   2.2664577E-07  -6.1547991E-08   9.2788809E-07   3.1345697E-06   3.0163497E-07   2.6182301E-06   7.3975031E-07   1.7082099E-04  -4.3119338E-05  -6.3331569E-05   8.4044563E-07   4.4188326E-05   2.9718813E-05  -6.7711520E-05   7.5153204E-05  -4.2820710E-05  -2.6153990E-04  -3.7206043E-03   1.8924415E-04  -8.4444475E-04  -1.1082506E-04  -2.1977155E-05   2.9451269E-04  -1.4809948E-04  -2.8445668E-07   6.4325413E-04   2.7612973E-04   8.6459866E-04   3.8121575E-05   7.3443464E-04   5.0545238E-05  -7.8721264E-04  -1.5544335E-07   6.8048623E-08
 -1.3430546E-07  -9.8990309E-08  -2.0801263E-07   4.1398138E-06   8.5935734E-06  -1.0320403E-06  -1.3368980E-05   6.4605473E-07   1.2845287E-04   6.9378262E-04  -1.2336580E-04  -4.2355896E-06   5.5031308E-05  -3.2308064E-05   1.9236578E-04  -5.9142599E-04  -3.7694182E-05   7.1380138E-04   1.9128886E-03  -2.0900314E-05   3.5312631E-03   4.8566612E-03  -1.5786799E-04  -1.6565818E-04  -6.4911610E-04  -1.0318626E-03  -1.1087558E-04   1.0087669E-04   3.8121575E-05   7.1994217E-03  -3.1929350E-04   6.4006699E-04   4.4875550E-03  -9.2243277E-09   4.7845494E-08
 -2.4125102E-07   1.4502602E-06  -2.9741795E-07  -2.9662895E-06  -3.6506844E-06  -3.9825101E-06   1.4535848E-05  -8.3527573E-08  -1.9250909E-04   1.2088863E-04  -8.1955365E-05   4.8379296E-05   3.4865518E-05   1.6704219E-06  -8.4212311E-05  -9.9337685E-04  -3.8544197E-05  -6.3417953E-04   4.6183301E-03  -1.3999308E-03  -1.6370659E-03   9.1344517E-04   1.2647534E-03  -2.9044129E-04   2.8029622E-04  -8.2775834E-04   1.6759758E-04  -3.7419209E-04   7.3443464E-04  -3.1929350E-04   2.9143897E-03   5.1226052E-04  -1.0875460E-03  -3.2048342E-08  -2.1695429E-08
 -4.7875041E-07   2.3839149E-06  -2.9737281E-07  -8.4258227E-06  -1.3222422E-05  -5.2993881E-06  -3.4971291E-06  -2.5853004E-07   1.4903626E-04   2.3751479E-04  -1.1242642E-04   2.6360344E-05  -6.8219617E-05  -1.1622475E-04   1.2213625E-04   1.1622396E-04  -7.2726710E-05   4.5308859E-04   1.9899729E-02   4.6374835E-03   4.9968178E-03   4.4357852E-03  -3.4100620E-04  -7.5406554E-04   2.2535524E-04   2.6349373E-04  -9.1915423E-06  -9.7276897E-05   5.0545238E-05   6.4006699E-04   5.1226052E-04   6.3589013E-03   7.8434602E-03   3.8423360E-08  -2.5151954E-07
 -2.3033869E-06   1.1762518E-05  -1.3410928E-06  -3.0489208E-05  -2.5013685E-05  -2.5923650E-05  -3.6722980E-05   9.3670042E-06   1.7036339E-03   1.8459102E-03  -5.2280401E-04   1.8520584E-04  -2.1119840E-04   2.8858936E-04  -2.4259802E-04   5.3505675E-03  -1.5755735E-04  -3.3280443E-03   3.6835017E-02   2.1539516E-02   4.3523420E-03  -1.6267793E-03   5.0813330E-03  -2.9518192E-03  -2.0838996E-03  -4.7805672E-04   2.4102141E-03  -1.3321876E-04  -7.8721264E-04   4.4875550E-03  -1.0875460E-03   7.8434602E-03   7.2041436E-02  -1.2954606E-06  -4.7676501E-07
  3.0817318E-09  -9.2325258E-09   1.1454313E-09  -9.2931206E-09   1.1023318E-07  -7.1241851E-08  -8.9039567E-08   1.0849677E-09   3.1968545E-06  -1.4808675E-06   1.2781385E-07  -4.6468899E-08   1.1940057E-06   2.0417606E-06  -1.4141423E-06  -2.0403595E-04   3.7312574E-06   1.0639935E-04   3.7822116E-03   7.1673516E-05   4.0158403E-04   4.5367187E-04  -7.3619460E-05   1.6792077E-04  -1.9007815E-04  -3.5582810E-05   5.2695117E-05  -7.4737806E-08  -1.5544335E-07  -9.2243277E-09  -3.2048342E-08   3.8423360E-08  -1.2954606E-06   3.7769160E-07  -2.5065293E-09
 -1.5485533E-09   3.9285748E-09  -2.7468114E-10  -2.9219502E-08  -9.9047193E-08  -6.0998426E-08   1.1534724E-07  -1.4983035E-08   2.1672315E-06  -7.3213005E-08  -4.3766812E-07   5.2779824E-07   1.1820257E-06   5.4228682E-07   1.6646549E-07   7.2739723E-04  -1.6492054E-06  -4.0022686E-05   4.8533299E-04   1.1385350E-04  -3.9165406E-04  -1.3782870E-03   5.0444977E-06  -6.2424445E-06  -3.6394424E-05   4.1202056E-04   9.2317716E-04   1.2533926E-07   6.8048623E-08   4.7845494E-08  -2.1695429E-08  -2.5151954E-07  -4.7676501E-07  -2.5065293E-09   3.8459219E-07
