# omegabh2 omegach2 theta tau logA ns calPlanck acib217 xi asz143 aps100 aps143 aps143217 aps217 aksz kgal100 kgal143 kgal143217 kgal217 galfEE100 galfEE100143 galfEE100217 galfEE143 galfEE143217 galfEE217 galfTE100 galfTE100143 galfTE100217 galfTE143 galfTE143217 galfTE217 cal0 cal2
    0.2377140E-07   -0.1277343E-06    0.1950212E-07    0.8725469E-06    0.1544383E-05    0.3615634E-06    0.1427182E-07   -0.1287756E-03    0.3054078E-05    0.2946800E-04   -0.4916581E-03   -0.2514491E-03   -0.2295466E-04    0.6686967E-04   -0.4324574E-04   -0.6611975E-05   -0.1353569E-04   -0.2253728E-04   -0.6901775E-06    0.5598630E-07    0.5829800E-07    0.1206796E-06    0.7735997E-07   -0.2061371E-07    0.3112105E-06   -0.2035717E-07   -0.7046171E-08   -0.1184937E-06   -0.2798203E-06   -0.7507853E-06   -0.2851180E-05    0.4839359E-08   -0.1198396E-07
   -0.1277343E-06    0.1884292E-05   -0.1555332E-06   -0.1215548E-04   -0.2002399E-04   -0.4847264E-05   -0.1304801E-06    0.5095809E-03   -0.1301210E-04   -0.1519693E-03    0.2964966E-02    0.1643316E-02    0.5122439E-03    0.1568420E-03    0.1558805E-03    0.5203346E-04    0.4583905E-04    0.1062305E-03    0.6860632E-04   -0.6897776E-06   -0.8000402E-06   -0.3607416E-06   -0.9425303E-06    0.2185807E-07    0.1901850E-06    0.9079084E-06    0.3134055E-06    0.4205328E-06    0.2108560E-05    0.6362797E-05    0.1667010E-04   -0.2864738E-08    0.6128712E-07
    0.1950212E-07   -0.1555332E-06    0.9992513E-07    0.1474732E-05    0.2704648E-05    0.5251652E-06    0.1413839E-07   -0.5488620E-04    0.1030534E-05    0.1583461E-04   -0.3281579E-03   -0.1458945E-03   -0.4016486E-04   -0.1027872E-05   -0.1716657E-04    0.1153462E-05   -0.1464560E-04   -0.2136196E-04   -0.7700241E-05    0.3480830E-07    0.4431872E-07    0.1231657E-06    0.8277191E-07   -0.2099236E-06   -0.3422864E-06   -0.1303510E-07    0.2260138E-06    0.5196446E-07   -0.1216426E-06   -0.9712475E-06   -0.4212717E-05    0.1503374E-08   -0.5627947E-08
    0.8725469E-06   -0.1215548E-04    0.1474732E-05    0.1829490E-03    0.3276181E-03    0.3758623E-04   -0.3441821E-05   -0.6860159E-02    0.1283477E-03    0.1756314E-02   -0.3534813E-01   -0.1568669E-01   -0.3190808E-02    0.9826661E-03   -0.2322059E-02   -0.3981664E-03   -0.6590074E-03   -0.1899452E-02   -0.2113911E-02    0.3857315E-05    0.4718504E-05    0.2331702E-05    0.4542073E-05   -0.1594697E-04   -0.1890821E-04   -0.5661669E-05   -0.3985590E-05   -0.1825755E-04   -0.2125137E-04   -0.4852044E-04   -0.1563501E-03   -0.1801166E-06   -0.9643571E-06
    0.1544383E-05   -0.2002399E-04    0.2704648E-05    0.3276181E-03    0.6157633E-03    0.6244536E-04    0.4708887E-05   -0.1279085E-01    0.2916951E-03    0.3212044E-02   -0.5907296E-01   -0.2522361E-01   -0.1140024E-02    0.8414587E-02   -0.5187323E-02   -0.8870042E-03   -0.1652482E-02   -0.3915258E-02   -0.2534171E-02    0.7159098E-05    0.8129393E-05    0.5396143E-05    0.8029249E-05   -0.3031046E-04   -0.3646441E-04   -0.8360129E-05   -0.6463010E-05   -0.3547717E-04   -0.3203647E-04   -0.8569044E-04   -0.2733015E-03   -0.1572111E-06   -0.1966904E-05
    0.3615634E-06   -0.4847264E-05    0.5251652E-06    0.3758623E-04    0.6244536E-04    0.2196182E-04    0.3069197E-06   -0.5425304E-02    0.1279203E-03    0.1253220E-02   -0.2810163E-01   -0.8592002E-02    0.1928745E-02    0.5484943E-02   -0.2610633E-02    0.3882880E-04   -0.3835890E-03   -0.1031783E-02   -0.1449730E-03    0.2856054E-05    0.3593570E-05    0.2626563E-05    0.3700816E-05   -0.1662234E-05   -0.4157476E-05   -0.4116880E-05   -0.2007425E-06   -0.1648537E-05   -0.3942123E-05   -0.1607568E-04   -0.3604294E-04   -0.1680557E-06   -0.5600781E-06
    0.1427182E-07   -0.1304801E-06    0.1413839E-07   -0.3441821E-05    0.4708887E-05    0.3069197E-06    0.5867466E-05    0.6427717E-03    0.1889603E-05    0.2177916E-04    0.3552341E-02    0.8021936E-03    0.7452520E-03    0.1420311E-02   -0.9171405E-04   -0.6401979E-05    0.8435307E-05    0.1150899E-05    0.7528943E-03    0.7819119E-06    0.6207187E-06    0.7846665E-06    0.9248906E-06    0.1892982E-05    0.9798244E-06    0.9673915E-07   -0.3684778E-06    0.1032338E-05    0.2455778E-05   -0.8187720E-06    0.6690583E-05   -0.1150788E-07   -0.5001087E-07
   -0.1287756E-03    0.5095809E-03   -0.5488620E-04   -0.6860159E-02   -0.1279085E-01   -0.5425304E-02    0.6427717E-03    0.4305360E+02   -0.5105447E+00   -0.1657414E+01    0.4180124E+02   -0.6294279E+00   -0.2256447E+02   -0.6124543E+02    0.3240980E+00    0.1295319E+00    0.1006231E+00   -0.2096493E+01   -0.1839774E+02    0.2111041E-03   -0.5452701E-03   -0.2890003E-02   -0.7603528E-03    0.1138030E-02    0.2591519E-02   -0.9236423E-03    0.6100575E-03    0.1244688E-02    0.2990484E-02    0.9704332E-03    0.1689815E-02   -0.2868661E-03    0.4311791E-02
    0.3054078E-05   -0.1301210E-04    0.1030534E-05    0.1283477E-03    0.2916951E-03    0.1279203E-03    0.1889603E-05   -0.5105447E+00    0.8191265E-01   -0.7111549E-01   -0.4297594E+00    0.1045298E+01    0.1955539E+01    0.8122024E+00    0.7284638E-01   -0.1327701E-01    0.9053124E-03    0.7677219E-01    0.6137250E-01    0.1553093E-04    0.4840479E-05   -0.7472880E-04    0.1148961E-04   -0.1682952E-03    0.3683600E-04    0.3794292E-04   -0.1355339E-05    0.4212020E-04   -0.1195780E-03    0.2274379E-04   -0.1149449E-02    0.1148809E-04   -0.2554612E-04
    0.2946800E-04   -0.1519693E-03    0.1583461E-04    0.1756314E-02    0.3212044E-02    0.1253220E-02    0.2177916E-04   -0.1657414E+01   -0.7111549E-01    0.3607280E+01   -0.2873087E+02   -0.3802679E+01    0.7543511E+01    0.6893850E+01   -0.2564883E+01   -0.1682007E+00    0.6146750E-01    0.2126038E+01    0.1891129E+01    0.2648009E-03    0.3347561E-03   -0.3730091E-03    0.2168903E-03   -0.5824338E-03   -0.1947821E-02    0.2943599E-03   -0.5754177E-03    0.3379645E-03   -0.9179255E-03    0.1548243E-02    0.8666456E-02    0.1459713E-03   -0.3636273E-03
   -0.4916581E-03    0.2964966E-02   -0.3281579E-03   -0.3534813E-01   -0.5907296E-01   -0.2810163E-01    0.3552341E-02    0.4180124E+02   -0.4297594E+00   -0.2873087E+02    0.7825364E+03    0.7022824E+02   -0.5875631E+02   -0.7167374E+02    0.1194693E+02   -0.3870970E+01    0.3160799E+01   -0.1035281E+02   -0.1581220E+02   -0.2545311E-02   -0.4317616E-02   -0.4115430E-02   -0.1316432E-02    0.1515327E-01    0.7035743E-01   -0.6559923E-03   -0.1638992E-01   -0.5637731E-02   -0.1418263E-02   -0.5784433E-02    0.7632055E-01    0.6486239E-02    0.3714644E-02
   -0.2514491E-03    0.1643316E-02   -0.1458945E-03   -0.1568669E-01   -0.2522361E-01   -0.8592002E-02    0.8021936E-03   -0.6294279E+00    0.1045298E+01   -0.3802679E+01    0.7022824E+02    0.6128200E+02    0.4584283E+02    0.1928992E+02   -0.4367869E+01   -0.3918125E+00   -0.1159762E+01    0.3338272E+01    0.3426415E+01   -0.1243731E-02   -0.1576116E-02   -0.5894976E-02   -0.1146367E-02   -0.3105338E-02    0.7281945E-02   -0.6431843E-02   -0.2575362E-02   -0.1988691E-02    0.2318043E-02    0.2663553E-02   -0.1839425E-01    0.2880146E-03    0.6364202E-04
   -0.2295466E-04    0.5122439E-03   -0.4016486E-04   -0.3190808E-02   -0.1140024E-02    0.1928745E-02    0.7452520E-03   -0.2256447E+02    0.1955539E+01    0.7543511E+01   -0.5875631E+02    0.4584283E+02    0.1021061E+03    0.7039521E+02   -0.1164285E+02   -0.7869335E+00   -0.5382511E+00    0.3567394E+01    0.3592240E+01    0.2873629E-03    0.7354792E-04   -0.6010904E-02   -0.2694859E-03   -0.7138706E-02   -0.3248990E-02   -0.3016306E-02   -0.4011649E-02    0.7747473E-02   -0.2456710E-02    0.5741269E-02   -0.1143749E-01    0.8638419E-03   -0.2898652E-02
    0.6686967E-04    0.1568420E-03   -0.1027872E-05    0.9826661E-03    0.8414587E-02    0.5484943E-02    0.1420311E-02   -0.6124543E+02    0.8122024E+00    0.6893850E+01   -0.7167374E+02    0.1928992E+02    0.7039521E+02    0.1241053E+03   -0.1033405E+02   -0.4343718E+00   -0.4064524E+00   -0.5939273E+00    0.1438793E+02   -0.3078819E-03    0.3758267E-03    0.1988519E-02    0.8120147E-03   -0.4971366E-02   -0.1354924E-01   -0.2543415E-02   -0.3887904E-02    0.1491663E-02   -0.3769648E-02    0.1808661E-02    0.4011139E-02    0.7356381E-03   -0.7808846E-02
   -0.4324574E-04    0.1558805E-03   -0.1716657E-04   -0.2322059E-02   -0.5187323E-02   -0.2610633E-02   -0.9171405E-04    0.3240980E+00    0.7284638E-01   -0.2564883E+01    0.1194693E+02   -0.4367869E+01   -0.1164285E+02   -0.1033405E+02    0.5865043E+01    0.9322350E-01   -0.6482000E-01   -0.1651423E+01   -0.1288367E+01   -0.2681381E-03   -0.3623948E-03    0.5629158E-04   -0.1850441E-03    0.1877308E-02    0.1534602E-02    0.1485147E-02    0.4795908E-04    0.2072235E-02   -0.8763554E-03   -0.1140631E-02   -0.8652710E-02   -0.1154303E-03    0.1898267E-03
   -0.6611975E-05    0.5203346E-04    0.1153462E-05   -0.3981664E-03   -0.8870042E-03    0.3882880E-04   -0.6401979E-05    0.1295319E+00   -0.1327701E-01   -0.1682007E+00   -0.3870970E+01   -0.3918125E+00   -0.7869335E+00   -0.4343718E+00    0.9322350E-01    0.3474270E+01    0.3961970E+00    0.1097915E+00    0.2692373E+00   -0.6435030E-04   -0.9101189E-04   -0.1325556E-04   -0.4484441E-04    0.1843273E-02   -0.3689368E-02   -0.1489895E-02    0.3868373E-03    0.3294453E-03    0.3618052E-05   -0.5643844E-03    0.1854298E-02    0.2784682E-03    0.7535564E-04
   -0.1353569E-04    0.4583905E-04   -0.1464560E-04   -0.6590074E-03   -0.1652482E-02   -0.3835890E-03    0.8435307E-05    0.1006231E+00    0.9053124E-03    0.6146750E-01    0.3160799E+01   -0.1159762E+01   -0.5382511E+00   -0.4064524E+00   -0.6482000E-01    0.3961970E+00    0.3320635E+01    0.2609634E+01    0.1914291E+01   -0.8143629E-05    0.9865709E-04    0.3179106E-03    0.1884909E-04    0.2488390E-02    0.2585327E-02    0.2877791E-03   -0.9497264E-04    0.1234750E-02    0.1476956E-02    0.3368045E-02    0.1179073E-01   -0.2760821E-03   -0.1748593E-03
   -0.2253728E-04    0.1062305E-03   -0.2136196E-04   -0.1899452E-02   -0.3915258E-02   -0.1031783E-02    0.1150899E-05   -0.2096493E+01    0.7677219E-01    0.2126038E+01   -0.1035281E+02    0.3338272E+01    0.3567394E+01   -0.5939273E+00   -0.1651423E+01    0.1097915E+00    0.2609634E+01    0.1692042E+02    0.2575518E+02   -0.4728346E-03    0.4507393E-05   -0.5687255E-03    0.2534580E-04    0.2492769E-02    0.4603363E-02    0.1545302E-02    0.1081433E-02   -0.1038663E-01    0.1715335E-02    0.7247293E-02    0.3360996E-01   -0.2179933E-04    0.2543557E-02
   -0.6901775E-06    0.6860632E-04   -0.7700241E-05   -0.2113911E-02   -0.2534171E-02   -0.1449730E-03    0.7528943E-03   -0.1839774E+02    0.6137250E-01    0.1891129E+01   -0.1581220E+02    0.3426415E+01    0.3592240E+01    0.1438793E+02   -0.1288367E+01    0.2692373E+00    0.1914291E+01    0.2575518E+02    0.5505203E+02   -0.7700707E-03    0.4858900E-04    0.2613388E-03   -0.1910729E-03    0.3291141E-02    0.8980295E-02    0.3280446E-02    0.2866553E-02   -0.1320856E-01    0.3575812E-02    0.6336748E-02    0.4476828E-01    0.3152453E-04    0.4598263E-02
    0.5598630E-07   -0.6897776E-06    0.3480830E-07    0.3857315E-05    0.7159098E-05    0.2856054E-05    0.7819119E-06    0.2111041E-03    0.1553093E-04    0.2648009E-03   -0.2545311E-02   -0.1243731E-02    0.2873629E-03   -0.3078819E-03   -0.2681381E-03   -0.6435030E-04   -0.8143629E-05   -0.4728346E-03   -0.7700707E-03    0.3227268E-04    0.9135984E-05   -0.1618594E-05    0.2738349E-05    0.6824262E-06   -0.2247457E-05   -0.1732951E-05    0.1360365E-05   -0.8411253E-06    0.5324363E-05    0.7072696E-05    0.1006373E-04   -0.3684588E-08   -0.1876363E-07
    0.5829800E-07   -0.8000402E-06    0.4431872E-07    0.4718504E-05    0.8129393E-05    0.3593570E-05    0.6207187E-06   -0.5452701E-03    0.4840479E-05    0.3347561E-03   -0.4317616E-02   -0.1576116E-02    0.7354792E-04    0.3758267E-03   -0.3623948E-03   -0.9101189E-04    0.9865709E-04    0.4507393E-05    0.4858900E-04    0.9135984E-05    0.2521541E-04   -0.2279326E-06    0.1240128E-04   -0.2892455E-05    0.4139322E-05    0.4102223E-07   -0.1232467E-07    0.1569229E-05    0.1592651E-05    0.7677681E-05   -0.2019613E-05   -0.9685711E-07   -0.1331782E-06
    0.1206796E-06   -0.3607416E-06    0.1231657E-06    0.2331702E-05    0.5396143E-05    0.2626563E-05    0.7846665E-06   -0.2890003E-02   -0.7472880E-04   -0.3730091E-03   -0.4115430E-02   -0.5894976E-02   -0.6010904E-02    0.1988519E-02    0.5629158E-04   -0.1325556E-04    0.3179106E-03   -0.5687255E-03    0.2613388E-03   -0.1618594E-05   -0.2279326E-06    0.1041298E-02    0.4364726E-06    0.3218413E-04    0.7536686E-04   -0.2351176E-04   -0.1853399E-04   -0.5910960E-05   -0.3075942E-07   -0.1704702E-04   -0.4166616E-04   -0.1011326E-06   -0.2980051E-06
    0.7735997E-07   -0.9425303E-06    0.8277191E-07    0.4542073E-05    0.8029249E-05    0.3700816E-05    0.9248906E-06   -0.7603528E-03    0.1148961E-04    0.2168903E-03   -0.1316432E-02   -0.1146367E-02   -0.2694859E-03    0.8120147E-03   -0.1850441E-03   -0.4484441E-04    0.1884909E-04    0.2534580E-04   -0.1910729E-03    0.2738349E-05    0.1240128E-04    0.4364726E-06    0.4766357E-04    0.5875023E-06    0.6830568E-05   -0.1350436E-05   -0.2084974E-05    0.4600064E-05   -0.1223488E-04    0.5883501E-05    0.8155644E-05   -0.7550793E-07   -0.3049458E-06
   -0.2061371E-07    0.2185807E-07   -0.2099236E-06   -0.1594697E-04   -0.3031046E-04   -0.1662234E-05    0.1892982E-05    0.1138030E-02   -0.1682952E-03   -0.5824338E-03    0.1515327E-01   -0.3105338E-02   -0.7138706E-02   -0.4971366E-02    0.1877308E-02    0.1843273E-02    0.2488390E-02    0.2492769E-02    0.3291141E-02    0.6824262E-06   -0.2892455E-05    0.3218413E-04    0.5875023E-06    0.2152732E-02   -0.5661927E-04    0.2051733E-04   -0.1764936E-05   -0.2054079E-05    0.3111104E-05   -0.6848480E-04   -0.1511682E-03   -0.2796779E-06   -0.5373044E-06
    0.3112105E-06    0.1901850E-06   -0.3422864E-06   -0.1890821E-04   -0.3646441E-04   -0.4157476E-05    0.9798244E-06    0.2591519E-02    0.3683600E-04   -0.1947821E-02    0.7035743E-01    0.7281945E-02   -0.3248990E-02   -0.1354924E-01    0.1534602E-02   -0.3689368E-02    0.2585327E-02    0.4603363E-02    0.8980295E-02   -0.2247457E-05    0.4139322E-05    0.7536686E-04    0.6830568E-05   -0.5661927E-04    0.1653759E-01    0.4547545E-04   -0.1057618E-04   -0.2686977E-05   -0.8098247E-04   -0.1235364E-03    0.3759497E-03    0.5043903E-06    0.2052199E-05
   -0.2035717E-07    0.9079084E-06   -0.1303510E-07   -0.5661669E-05   -0.8360129E-05   -0.4116880E-05    0.9673915E-07   -0.9236423E-03    0.3794292E-04    0.2943599E-03   -0.6559923E-03   -0.6431843E-02   -0.3016306E-02   -0.2543415E-02    0.1485147E-02   -0.1489895E-02    0.2877791E-03    0.1545302E-02    0.3280446E-02   -0.1732951E-05    0.4102223E-07   -0.2351176E-04   -0.1350436E-05    0.2051733E-04    0.4547545E-04    0.1418452E-02    0.2703773E-03    0.3874650E-04   -0.4295015E-03   -0.7701809E-04   -0.1571793E-03    0.1224939E-06   -0.1212776E-06
   -0.7046171E-08    0.3134055E-06    0.2260138E-06   -0.3985590E-05   -0.6463010E-05   -0.2007425E-06   -0.3684778E-06    0.6100575E-03   -0.1355339E-05   -0.5754177E-03   -0.1638992E-01   -0.2575362E-02   -0.4011649E-02   -0.3887904E-02    0.4795908E-04    0.3868373E-03   -0.9497264E-04    0.1081433E-02    0.2866553E-02    0.1360365E-05   -0.1232467E-07   -0.1853399E-04   -0.2084974E-05   -0.1764936E-05   -0.1057618E-04    0.2703773E-03    0.8398803E-03    0.1764019E-04    0.7091569E-03    0.4552773E-04   -0.7133332E-03   -0.4042215E-06    0.2638681E-06
   -0.1184937E-06    0.4205328E-06    0.5196446E-07   -0.1825755E-04   -0.3547717E-04   -0.1648537E-05    0.1032338E-05    0.1244688E-02    0.4212020E-04    0.3379645E-03   -0.5637731E-02   -0.1988691E-02    0.7747473E-02    0.1491663E-02    0.2072235E-02    0.3294453E-03    0.1234750E-02   -0.1038663E-01   -0.1320856E-01   -0.8411253E-06    0.1569229E-05   -0.5910960E-05    0.4600064E-05   -0.2054079E-05   -0.2686977E-05    0.3874650E-04    0.1764019E-04    0.7145401E-02   -0.2816838E-03    0.7291222E-03    0.4470692E-02   -0.4059759E-06   -0.1229067E-05
   -0.2798203E-06    0.2108560E-05   -0.1216426E-06   -0.2125137E-04   -0.3203647E-04   -0.3942123E-05    0.2455778E-05    0.2990484E-02   -0.1195780E-03   -0.9179255E-03   -0.1418263E-02    0.2318043E-02   -0.2456710E-02   -0.3769648E-02   -0.8763554E-03    0.3618052E-05    0.1476956E-02    0.1715335E-02    0.3575812E-02    0.5324363E-05    0.1592651E-05   -0.3075942E-07   -0.1223488E-04    0.3111104E-05   -0.8098247E-04   -0.4295015E-03    0.7091569E-03   -0.2816838E-03    0.2845074E-02    0.5385569E-03   -0.8360321E-03   -0.5222447E-06   -0.1246006E-06
   -0.7507853E-06    0.6362797E-05   -0.9712475E-06   -0.4852044E-04   -0.8569044E-04   -0.1607568E-04   -0.8187720E-06    0.9704332E-03    0.2274379E-04    0.1548243E-02   -0.5784433E-02    0.2663553E-02    0.5741269E-02    0.1808661E-02   -0.1140631E-02   -0.5643844E-03    0.3368045E-02    0.7247293E-02    0.6336748E-02    0.7072696E-05    0.7677681E-05   -0.1704702E-04    0.5883501E-05   -0.6848480E-04   -0.1235364E-03   -0.7701809E-04    0.4552773E-04    0.7291222E-03    0.5385569E-03    0.6428507E-02    0.7743846E-02    0.9450574E-06   -0.4382989E-06
   -0.2851180E-05    0.1667010E-04   -0.4212717E-05   -0.1563501E-03   -0.2733015E-03   -0.3604294E-04    0.6690583E-05    0.1689815E-02   -0.1149449E-02    0.8666456E-02    0.7632055E-01   -0.1839425E-01   -0.1143749E-01    0.4011139E-02   -0.8652710E-02    0.1854298E-02    0.1179073E-01    0.3360996E-01    0.4476828E-01    0.1006373E-04   -0.2019613E-05   -0.4166616E-04    0.8155644E-05   -0.1511682E-03    0.3759497E-03   -0.1571793E-03   -0.7133332E-03    0.4470692E-02   -0.8360321E-03    0.7743846E-02    0.6536157E-01    0.3040980E-05   -0.2154738E-05
    0.4839359E-08   -0.2864738E-08    0.1503374E-08   -0.1801166E-06   -0.1572111E-06   -0.1680557E-06   -0.1150788E-07   -0.2868661E-03    0.1148809E-04    0.1459713E-03    0.6486239E-02    0.2880146E-03    0.8638419E-03    0.7356381E-03   -0.1154303E-03    0.2784682E-03   -0.2760821E-03   -0.2179933E-04    0.3152453E-04   -0.3684588E-08   -0.9685711E-07   -0.1011326E-06   -0.7550793E-07   -0.2796779E-06    0.5043903E-06    0.1224939E-06   -0.4042215E-06   -0.4059759E-06   -0.5222447E-06    0.9450574E-06    0.3040980E-05    0.5953136E-06   -0.2587250E-07
   -0.1198396E-07    0.6128712E-07   -0.5627947E-08   -0.9643571E-06   -0.1966904E-05   -0.5600781E-06   -0.5001087E-07    0.4311791E-02   -0.2554612E-04   -0.3636273E-03    0.3714644E-02    0.6364202E-04   -0.2898652E-02   -0.7808846E-02    0.1898267E-03    0.7535564E-04   -0.1748593E-03    0.2543557E-02    0.4598263E-02   -0.1876363E-07   -0.1331782E-06   -0.2980051E-06   -0.3049458E-06   -0.5373044E-06    0.2052199E-05   -0.1212776E-06    0.2638681E-06   -0.1229067E-05   -0.1246006E-06   -0.4382989E-06   -0.2154738E-05   -0.2587250E-07    0.2068076E-05
