# omegabh2 omegach2 theta tau nnu yhe logA ns calPlanck aps100 aps143 aps217 acib217 asz143 psr cibr xi aksz dust100 dust143 dust217 dust143x217 cal0 cal2 calTE calEE
  3.3996755E-08   3.4451309E-07  -4.5997844E-08   1.6931587E-07   2.5302941E-05   4.7451494E-08   1.3014903E-06   8.8545583E-07   2.3867099E-08   4.0639256E-05   5.4402095E-05  -3.3210981E-05   4.3627955E-05   1.3749199E-05   5.7844146E-08   2.1928166E-06   2.2889363E-07  -9.0607440E-06   1.5770738E-06   8.6057351E-07   6.2637217E-09   1.3526911E-07   5.2593979E-09   4.3050127E-09   3.6070941E-08  -1.5240831E-08
  3.4451309E-07   1.4368551E-05  -2.0580778E-06  -9.9597330E-07   8.4959639E-04  -2.2946935E-06   3.2938778E-05   1.9521921E-05   1.5538251E-07   1.3883812E-02   9.4564494E-03  -2.1752006E-03   4.4671138E-03  -2.9932072E-04  -1.3962782E-05   6.8219341E-05  -2.3516345E-05   9.1753373E-04   3.9010281E-05   1.8548685E-05  -3.2587702E-05   2.5352774E-06   5.9049406E-08   6.1181004E-08   3.7059864E-06   6.6597839E-06
 -4.5997844E-08  -2.0580778E-06   4.0252901E-07   1.0637096E-07  -1.2754029E-04   8.8373401E-07  -4.5670594E-06  -2.8099864E-06  -1.6366484E-08  -2.0043269E-03  -1.2608530E-03   2.5127574E-04  -5.9558720E-04   3.3886531E-05   2.2877588E-06  -8.7545738E-06   5.9469019E-06  -1.0697473E-04  -4.6282723E-06  -2.8473912E-06   4.2427911E-06  -4.7670688E-07  -9.1481378E-09  -2.5068201E-09  -5.3734292E-07  -9.3309821E-07
  1.6931587E-07  -9.9597330E-07   1.0637096E-07   5.8583001E-05   7.0075011E-06  -1.0158056E-06   1.1284838E-04   5.0712384E-06  -5.0465486E-07  -1.0192145E-02  -5.3199627E-03   3.7787402E-03  -3.8036717E-03   3.1318121E-05   2.8053069E-06  -3.5010986E-05   3.1301839E-05  -3.3441975E-04  -2.2102772E-05   3.0090598E-05   2.5090760E-05  -1.6143871E-05  -2.7633499E-07  -2.5317777E-07  -3.7182104E-06  -2.6416711E-06
  2.5302941E-05   8.4959639E-04  -1.2754029E-04   7.0075011E-06   5.3967627E-02  -1.4498657E-04   2.0774038E-03   1.3776376E-03   9.8192698E-06   8.6562299E-01   5.6721447E-01  -1.6467832E-01   2.8515245E-01  -1.5868486E-02  -7.9121544E-04   4.4380641E-03  -1.3950097E-03   5.7729656E-02   2.4996689E-03   1.2731697E-03  -1.9795577E-03   3.0386803E-04   4.7995336E-06   6.5386637E-06   2.4577634E-04   4.5212063E-04
  4.7451494E-08  -2.2946935E-06   8.8373401E-07  -1.0158056E-06  -1.4498657E-04   1.5034444E-05  -3.7216971E-06   1.8815917E-06   2.3216033E-08   4.3447869E-03   2.1798889E-03  -8.8108883E-04   1.1847914E-03  -2.2901897E-04  -8.6325800E-06   1.1297660E-05  -2.4861776E-06   3.4489709E-04  -8.1796852E-06  -2.6317913E-06  -1.2274910E-05  -3.5172001E-06   5.7364045E-08   6.4913005E-08   1.4308684E-06   2.3658880E-06
  1.3014903E-06   3.2938778E-05  -4.5670594E-06   1.1284838E-04   2.0774038E-03  -3.7216971E-06   3.3147178E-04   5.7354419E-05   1.1584803E-05   1.7575282E-02   1.4934193E-02   9.3848135E-03   2.9118832E-03  -3.0755699E-04   2.3751267E-06   6.5892975E-05   4.0960614E-05   4.6814449E-04   4.7925915E-05   1.8632713E-05  -1.3467041E-05  -3.2984636E-05   3.1894039E-07  -4.5217269E-07   2.1395070E-06   1.4224616E-05
  8.8545583E-07   1.9521921E-05  -2.8099864E-06   5.0712384E-06   1.3776376E-03   1.8815917E-06   5.7354419E-05   5.1940364E-05   3.4036407E-07   2.8447845E-03   8.5127972E-03   1.1182357E-03   3.3299212E-03  -4.0292643E-05   4.2671947E-05   3.6902949E-05   4.0842191E-05   4.1260267E-05   8.8069248E-05   2.3347713E-05  -3.6566288E-05  -5.9229849E-06  -2.4549544E-07  -3.8066477E-08   6.4946358E-06   9.5711878E-06
  2.3867099E-08   1.5538251E-07  -1.6366484E-08  -5.0465486E-07   9.8192698E-06   2.3216033E-08   1.1584803E-05   3.4036407E-07   6.0922055E-06   2.1975154E-03   5.8723179E-04   9.9089760E-04   8.4911334E-04   1.4165135E-04   1.8003776E-06   1.0827254E-05   1.0876847E-06  -9.3802983E-05   5.2613524E-06   4.8197034E-06   3.4520856E-06   2.3484337E-06   8.3226224E-09  -5.1868685E-08  -1.5744527E-07  -2.9719282E-08
  4.0639256E-05   1.3883812E-02  -2.0043269E-03  -1.0192145E-02   8.6562299E-01   4.3447869E-03   1.7575282E-02   2.8447845E-03   2.1975154E-03   6.1458288E+02   6.7736743E+01  -5.2790785E+01   3.2848418E+01  -2.4592047E+01  -8.4862826E-01  -1.0148260E-01  -2.2428232E-01   1.2410993E+01  -1.1014728E-01   2.6044434E-01  -2.9067675E-01  -2.2877598E-01   7.4299239E-03   2.4724422E-03   7.5076347E-03   1.7938072E-02
  5.4402095E-05   9.4564494E-03  -1.2608530E-03  -5.3199627E-03   5.6721447E-01   2.1798889E-03   1.4934193E-02   8.5127972E-03   5.8723179E-04   6.7736743E+01   7.3934384E+01   6.5399086E+00   1.0347167E+01  -4.6301232E-01  -3.6219303E-02   5.1156749E-01   9.2495072E-01  -7.4087115E+00   7.5669947E-03  -2.5070742E-01   2.1936477E-02   5.5581109E-02   1.1451165E-03   9.4501209E-04   6.3355667E-03   1.1934730E-02
 -3.3210981E-05  -2.1752006E-03   2.5127574E-04   3.7787402E-03  -1.6467832E-01  -8.8108883E-04   9.3848135E-03   1.1182357E-03   9.9089760E-04  -5.2790785E+01   6.5399086E+00   1.6720936E+02  -8.0041864E+01   2.5373182E+00   3.5452913E-01  -1.0884545E+00   3.0111994E-01  -7.0875416E+00   4.0606338E-03  -2.3198509E-01   5.4709921E-01   2.9532351E-02   1.6484812E-03  -7.3494511E-03   1.2178609E-03   1.3086919E-03
  4.3627955E-05   4.4671138E-03  -5.9558720E-04  -3.8036717E-03   2.8515245E-01   1.1847914E-03   2.9118832E-03   3.3299212E-03   8.4911334E-04   3.2848418E+01   1.0347167E+01  -8.0041864E+01   5.1317400E+01   1.6243456E+00  -6.4953809E-02   7.7333359E-01  -2.3155862E-01  -2.3051161E+00   2.7722332E-03   1.3553645E-01  -4.5026726E-01  -1.3000573E-01  -4.6082940E-04   2.9723604E-03   1.3151328E-03   3.2995282E-03
  1.3749199E-05  -2.9932072E-04   3.3886531E-05   3.1318121E-05  -1.5868486E-02  -2.2901897E-04  -3.0755699E-04  -4.0292643E-05   1.4165135E-04  -2.4592047E+01  -4.6301232E-01   2.5373182E+00   1.6243456E+00   4.3052958E+00   9.7470294E-02   1.6111289E-01  -3.8711437E-02  -3.5431374E+00  -1.1248634E-02  -6.2521791E-03   1.3032973E-02   5.6262953E-02   4.6919011E-04  -1.6399890E-04  -1.7323391E-04  -3.8186122E-04
  5.7844146E-08  -1.3962782E-05   2.2877588E-06   2.8053069E-06  -7.9121544E-04  -8.6325800E-06   2.3751267E-06   4.2671947E-05   1.8003776E-06  -8.4862826E-01  -3.6219303E-02   3.5452913E-01  -6.4953809E-02   9.7470294E-02   1.6865320E-02  -1.7742098E-02   1.1827850E-02  -9.5547989E-02   5.1462211E-04  -1.5751507E-03  -2.5750753E-03   5.2514399E-03   1.8250740E-05  -3.9546716E-05   1.4892856E-05   1.1257073E-05
  2.1928166E-06   6.8219341E-05  -8.7545738E-06  -3.5010986E-05   4.4380641E-03   1.1297660E-05   6.5892975E-05   3.6902949E-05   1.0827254E-05  -1.0148260E-01   5.1156749E-01  -1.0884545E+00   7.7333359E-01   1.6111289E-01  -1.7742098E-02   7.1215283E-02   4.4416042E-03  -1.6524267E-01  -1.0288341E-04   7.1616031E-03  -3.8559035E-04  -1.7950942E-02  -8.7244652E-06   1.0435391E-04   2.5027925E-05   8.6079924E-06
  2.2889363E-07  -2.3516345E-05   5.9469019E-06   3.1301839E-05  -1.3950097E-03  -2.4861776E-06   4.0960614E-05   4.0842191E-05   1.0876847E-06  -2.2428232E-01   9.2495072E-01   3.0111994E-01  -2.3155862E-01  -3.8711437E-02   1.1827850E-02   4.4416042E-03   8.2302235E-02   3.1195704E-02   1.3878294E-03  -1.1399047E-03   1.2711084E-03   8.8669670E-04   1.8992455E-05   4.2394446E-06   2.5101917E-05   4.9692132E-06
 -9.0607440E-06   9.1753373E-04  -1.0697473E-04  -3.3441975E-04   5.7729656E-02   3.4489709E-04   4.6814449E-04   4.1260267E-05  -9.3802983E-05   1.2410993E+01  -7.4087115E+00  -7.0875416E+00  -2.3051161E+00  -3.5431374E+00  -9.5547989E-02  -1.6524267E-01   3.1195704E-02   7.2197621E+00   5.0910478E-03   7.2852805E-03  -7.9211054E-03  -4.3451726E-02  -4.1798909E-04   8.6602104E-05   2.2945030E-05   3.7688627E-04
  1.5770738E-06   3.9010281E-05  -4.6282723E-06  -2.2102772E-05   2.4996689E-03  -8.1796852E-06   4.7925915E-05   8.8069248E-05   5.2613524E-06  -1.1014728E-01   7.5669947E-03   4.0606338E-03   2.7722332E-03  -1.1248634E-02   5.1462211E-04  -1.0288341E-04   1.3878294E-03   5.0910478E-03   3.8576671E-02   2.6918174E-03  -1.1989060E-04   6.1190700E-05   3.9919245E-05  -6.2858151E-06   8.5779428E-06  -1.1812348E-05
  8.6057351E-07   1.8548685E-05  -2.8473912E-06   3.0090598E-05   1.2731697E-03  -2.6317913E-06   1.8632713E-05   2.3347713E-05   4.8197034E-06   2.6044434E-01  -2.5070742E-01  -2.3198509E-01   1.3553645E-01  -6.2521791E-03  -1.5751507E-03   7.1616031E-03  -1.1399047E-03   7.2852805E-03   2.6918174E-03   3.0397265E-02  -4.0640867E-04   4.9924522E-03  -7.8329584E-05  -4.2906753E-05  -8.5611483E-05  -1.0070423E-04
  6.2637217E-09  -3.2587702E-05   4.2427911E-06   2.5090760E-05  -1.9795577E-03  -1.2274910E-05  -1.3467041E-05  -3.6566288E-05   3.4520856E-06  -2.9067675E-01   2.1936477E-02   5.4709921E-01  -4.5026726E-01   1.3032973E-02  -2.5750753E-03  -3.8559035E-04   1.2711084E-03  -7.9211054E-03  -1.1989060E-04  -4.0640867E-04   1.0729365E-02   8.6635930E-03   4.4916651E-06   6.3034926E-05  -2.7891752E-06  -2.7323866E-05
  1.3526911E-07   2.5352774E-06  -4.7670688E-07  -1.6143871E-05   3.0386803E-04  -3.5172001E-06  -3.2984636E-05  -5.9229849E-06   2.3484337E-06  -2.2877598E-01   5.5581109E-02   2.9532351E-02  -1.3000573E-01   5.6262953E-02   5.2514399E-03  -1.7950942E-02   8.8669670E-04  -4.3451726E-02   6.1190700E-05   4.9924522E-03   8.6635930E-03   2.6302179E-02   3.1372678E-07   5.6543791E-05  -2.5868258E-05   1.3272949E-06
  5.2593979E-09   5.9049406E-08  -9.1481378E-09  -2.7633499E-07   4.7995336E-06   5.7364045E-08   3.1894039E-07  -2.4549544E-07   8.3226224E-09   7.4299239E-03   1.1451165E-03   1.6484812E-03  -4.6082940E-04   4.6919011E-04   1.8250740E-05  -8.7244652E-06   1.8992455E-05  -4.1798909E-04   3.9919245E-05  -7.8329584E-05   4.4916651E-06   3.1372678E-07   1.1529030E-06   5.4035921E-08   4.2070164E-07   7.6600163E-07
  4.3050127E-09   6.1181004E-08  -2.5068201E-09  -2.5317777E-07   6.5386637E-06   6.4913005E-08  -4.5217269E-07  -3.8066477E-08  -5.1868685E-08   2.4724422E-03   9.4501209E-04  -7.3494511E-03   2.9723604E-03  -1.6399890E-04  -3.9546716E-05   1.0435391E-04   4.2394446E-06   8.6602104E-05  -6.2858151E-06  -4.2906753E-05   6.3034926E-05   5.6543791E-05   5.4035921E-08   2.4007521E-06   3.7977818E-07   1.9970049E-07
  3.6070941E-08   3.7059864E-06  -5.3734292E-07  -3.7182104E-06   2.4577634E-04   1.4308684E-06   2.1395070E-06   6.4946358E-06  -1.5744527E-07   7.5076347E-03   6.3355667E-03   1.2178609E-03   1.3151328E-03  -1.7323391E-04   1.4892856E-05   2.5027925E-05   2.5101917E-05   2.2945030E-05   8.5779428E-06  -8.5611483E-05  -2.7891752E-06  -2.5868258E-05   4.2070164E-07   3.7977818E-07   2.3799779E-05   1.0631380E-05
 -1.5240831E-08   6.6597839E-06  -9.3309821E-07  -2.6416711E-06   4.5212063E-04   2.3658880E-06   1.4224616E-05   9.5711878E-06  -2.9719282E-08   1.7938072E-02   1.1934730E-02   1.3086919E-03   3.2995282E-03  -3.8186122E-04   1.1257073E-05   8.6079924E-06   4.9692132E-06   3.7688627E-04  -1.1812348E-05  -1.0070423E-04  -2.7323866E-05   1.3272949E-06   7.6600163E-07   1.9970049E-07   1.0631380E-05   2.9391303E-05
