# omegabh2 omegach2 theta tau mnu logA ns calPlanck acib217 xi asz143 aps100 aps143 aps143217 aps217 aksz kgal100 kgal143 kgal143217 kgal217 cal0 cal2
    0.5015135E-07   -0.2285722E-06    0.4053958E-07    0.3514899E-05    0.1022513E-04    0.6549865E-05    0.8003390E-06    0.1523809E-07   -0.2226021E-03    0.2899329E-05    0.7673194E-04   -0.9869322E-03   -0.5950486E-03   -0.1272884E-03    0.4610183E-04   -0.1006899E-03   -0.3920708E-05   -0.1196859E-04   -0.9445596E-05    0.5895646E-04    0.2356657E-08   -0.1018939E-07
   -0.2285722E-06    0.3772069E-05   -0.2585512E-06   -0.4957233E-04   -0.1576033E-03   -0.8926596E-04   -0.1050824E-04   -0.1180503E-06    0.1378696E-02   -0.3015751E-04   -0.3711488E-03    0.6134969E-02    0.3102417E-02    0.3507645E-03   -0.4587782E-03    0.5899592E-03    0.6634857E-04    0.2987964E-04    0.7586999E-04   -0.2914518E-03    0.1021068E-08    0.1238114E-06
    0.4053958E-07   -0.2585512E-06    0.1872960E-06    0.4905522E-05    0.1259167E-04    0.9366804E-05    0.1021064E-05    0.3187452E-07   -0.9980072E-04    0.3898163E-06    0.4958177E-04   -0.6455887E-03   -0.3896136E-03   -0.1087029E-03   -0.3105968E-04   -0.7478142E-04    0.1085780E-04   -0.4679238E-05   -0.1752946E-04    0.3089647E-04    0.9033703E-08   -0.6481099E-08
    0.3514899E-05   -0.4957233E-04    0.4905522E-05    0.8991668E-03    0.2807801E-02    0.1652281E-02    0.1546149E-03   -0.3821133E-05   -0.2398838E-01    0.3890934E-03    0.6829462E-02   -0.1099501E+00   -0.5724357E-01   -0.1039003E-01    0.4775263E-02   -0.1054440E-01   -0.1508641E-03    0.4463703E-04    0.6786837E-03    0.6599712E-02    0.2687804E-07   -0.2060647E-05
    0.1022513E-04   -0.1576033E-03    0.1259167E-04    0.2807801E-02    0.1265023E-01    0.5195123E-02    0.4644515E-03    0.1084374E-04   -0.6243375E-01    0.1020142E-02    0.1907148E-01   -0.3064342E+00   -0.1539477E+00   -0.1955721E-01    0.2436090E-01   -0.2998502E-01    0.8110665E-03   -0.2450851E-02    0.3176409E-02    0.2789897E-01    0.6976625E-06   -0.2466946E-05
    0.6549865E-05   -0.8926596E-04    0.9366804E-05    0.1652281E-02    0.5195123E-02    0.3066660E-02    0.2800079E-03    0.4358309E-05   -0.4474347E-01    0.8033495E-03    0.1260234E-01   -0.1998216E+00   -0.1038525E+00   -0.1542382E-01    0.1476388E-01   -0.2030866E-01   -0.4578137E-03   -0.2521281E-03    0.6115015E-03    0.1316777E-01    0.2408813E-06   -0.4014176E-05
    0.8003390E-06   -0.1050824E-04    0.1021064E-05    0.1546149E-03    0.4644515E-03    0.2800079E-03    0.4050572E-04    0.3311862E-06   -0.8279697E-02    0.1855453E-03    0.2270632E-02   -0.4411779E-01   -0.1432281E-01    0.2191794E-02    0.7203628E-02   -0.4484936E-02    0.1542956E-03   -0.1766716E-03   -0.5810244E-03    0.9986188E-03   -0.2305928E-06   -0.8363376E-06
    0.1523809E-07   -0.1180503E-06    0.3187452E-07   -0.3821133E-05    0.1084374E-04    0.4358309E-05    0.3311862E-06    0.6202734E-05    0.6971778E-03    0.2256106E-04   -0.5387466E-04    0.3284030E-02    0.1086816E-02    0.9163631E-03    0.1375388E-02    0.3488272E-04   -0.2129475E-04    0.9257285E-04   -0.1647409E-03    0.3603826E-03   -0.4907931E-07   -0.1147677E-06
   -0.2226021E-03    0.1378696E-02   -0.9980072E-04   -0.2398838E-01   -0.6243375E-01   -0.4474347E-01   -0.8279697E-02    0.6971778E-03    0.4283830E+02   -0.5061607E+00   -0.1642591E+01    0.4255850E+02    0.2230224E+00   -0.2237679E+02   -0.6132391E+02    0.1144066E+01   -0.3364591E+00   -0.2188538E+00   -0.1476507E+01   -0.1727070E+02   -0.2845424E-03    0.4506270E-02
    0.2899329E-05   -0.3015751E-04    0.3898163E-06    0.3890934E-03    0.1020142E-02    0.8033495E-03    0.1855453E-03    0.2256106E-04   -0.5061607E+00    0.8248650E-01   -0.8699476E-01   -0.3656853E+00    0.1036822E+01    0.1892748E+01    0.8150051E+00    0.5618223E-01   -0.2788519E-02    0.8148110E-02    0.6814890E-01    0.8271388E-01    0.4795452E-05   -0.1767470E-04
    0.7673194E-04   -0.3711488E-03    0.4958177E-04    0.6829462E-02    0.1907148E-01    0.1260234E-01    0.2270632E-02   -0.5387466E-04   -0.1642591E+01   -0.8699476E-01    0.3838902E+01   -0.2974526E+02   -0.4462593E+01    0.7329998E+01    0.6458005E+01   -0.2786463E+01   -0.1568227E+00    0.2187949E-01    0.2091908E+01    0.1604010E+01    0.1753923E-03   -0.4529777E-03
   -0.9869322E-03    0.6134969E-02   -0.6455887E-03   -0.1099501E+00   -0.3064342E+00   -0.1998216E+00   -0.4411779E-01    0.3284030E-02    0.4255850E+02   -0.3656853E+00   -0.2974526E+02    0.7805584E+03    0.7406274E+02   -0.5658348E+02   -0.7352747E+02    0.1684016E+02   -0.3963526E+01    0.3371780E+01   -0.1029166E+02   -0.1398121E+02    0.6411137E-02    0.4757298E-02
   -0.5950486E-03    0.3102417E-02   -0.3896136E-03   -0.5724357E-01   -0.1539477E+00   -0.1038525E+00   -0.1432281E-01    0.1086816E-02    0.2230224E+00    0.1036822E+01   -0.4462593E+01    0.7406274E+02    0.6435815E+02    0.4589611E+02    0.2001382E+02   -0.3584789E+01   -0.9039269E-01   -0.7679429E+00    0.3391788E+01    0.3426945E+01    0.6433694E-04    0.1374110E-03
   -0.1272884E-03    0.3507645E-03   -0.1087029E-03   -0.1039003E-01   -0.1955721E-01   -0.1542382E-01    0.2191794E-02    0.9163631E-03   -0.2237679E+02    0.1892748E+01    0.7329998E+01   -0.5658348E+02    0.4589611E+02    0.1000426E+03    0.7017330E+02   -0.1204782E+02   -0.4693742E+00   -0.3754646E+00    0.3475666E+01    0.3795574E+01    0.6944013E-03   -0.2935266E-02
    0.4610183E-04   -0.4587782E-03   -0.3105968E-04    0.4775263E-02    0.2436090E-01    0.1476388E-01    0.7203628E-02    0.1375388E-02   -0.6132391E+02    0.8150051E+00    0.6458005E+01   -0.7352747E+02    0.2001382E+02    0.7017330E+02    0.1247278E+03   -0.1095504E+02    0.2725887E+00   -0.4554899E-01   -0.1273764E+01    0.1344585E+02    0.6287638E-03   -0.8010706E-02
   -0.1006899E-03    0.5899592E-03   -0.7478142E-04   -0.1054440E-01   -0.2998502E-01   -0.2030866E-01   -0.4484936E-02    0.3488272E-04    0.1144066E+01    0.5618223E-01   -0.2786463E+01    0.1684016E+02   -0.3584789E+01   -0.1204782E+02   -0.1095504E+02    0.6145343E+01    0.5163199E-01   -0.4710060E-01   -0.1831408E+01   -0.1522744E+01   -0.7883902E-04    0.2889258E-03
   -0.3920708E-05    0.6634857E-04    0.1085780E-04   -0.1508641E-03    0.8110665E-03   -0.4578137E-03    0.1542956E-03   -0.2129475E-04   -0.3364591E+00   -0.2788519E-02   -0.1568227E+00   -0.3963526E+01   -0.9039269E-01   -0.4693742E+00    0.2725887E+00    0.5163199E-01    0.3526717E+01    0.4996201E+00    0.2420055E+00    0.5310979E+00    0.2724469E-03   -0.1161605E-04
   -0.1196859E-04    0.2987964E-04   -0.4679238E-05    0.4463703E-04   -0.2450851E-02   -0.2521281E-03   -0.1766716E-03    0.9257285E-04   -0.2188538E+00    0.8148110E-02    0.2187949E-01    0.3371780E+01   -0.7679429E+00   -0.3754646E+00   -0.4554899E-01   -0.4710060E-01    0.4996201E+00    0.3312432E+01    0.2632058E+01    0.1931875E+01   -0.2772041E-03   -0.2724443E-03
   -0.9445596E-05    0.7586999E-04   -0.1752946E-04    0.6786837E-03    0.3176409E-02    0.6115015E-03   -0.5810244E-03   -0.1647409E-03   -0.1476507E+01    0.6814890E-01    0.2091908E+01   -0.1029166E+02    0.3391788E+01    0.3475666E+01   -0.1273764E+01   -0.1831408E+01    0.2420055E+00    0.2632058E+01    0.1632202E+02    0.2414507E+02   -0.1872065E-04    0.2399912E-02
    0.5895646E-04   -0.2914518E-03    0.3089647E-04    0.6599712E-02    0.2789897E-01    0.1316777E-01    0.9986188E-03    0.3603826E-03   -0.1727070E+02    0.8271388E-01    0.1604010E+01   -0.1398121E+02    0.3426945E+01    0.3795574E+01    0.1344585E+02   -0.1522744E+01    0.5310979E+00    0.1931875E+01    0.2414507E+02    0.5135628E+02    0.8151580E-04    0.4311571E-02
    0.2356657E-08    0.1021068E-08    0.9033703E-08    0.2687804E-07    0.6976625E-06    0.2408813E-06   -0.2305928E-06   -0.4907931E-07   -0.2845424E-03    0.4795452E-05    0.1753923E-03    0.6411137E-02    0.6433694E-04    0.6944013E-03    0.6287638E-03   -0.7883902E-04    0.2724469E-03   -0.2772041E-03   -0.1872065E-04    0.8151580E-04    0.5987552E-06    0.3094289E-08
   -0.1018939E-07    0.1238114E-06   -0.6481099E-08   -0.2060647E-05   -0.2466946E-05   -0.4014176E-05   -0.8363376E-06   -0.1147677E-06    0.4506270E-02   -0.1767470E-04   -0.4529777E-03    0.4757298E-02    0.1374110E-03   -0.2935266E-02   -0.8010706E-02    0.2889258E-03   -0.1161605E-04   -0.2724443E-03    0.2399912E-02    0.4311571E-02    0.3094289E-08    0.2118986E-05
