# omegabh2 omegach2 theta tau mnu nnu logA ns calPlanck acib217 xi asz143 aps100 aps143 aps143217 aps217 aksz kgal100 kgal143 kgal143217 kgal217 galfEE100 galfEE100143 galfEE100217 galfEE143 galfEE143217 galfEE217 galfTE100 galfTE100143 galfTE100217 galfTE143 galfTE143217 galfTE217 cal0 cal2
    0.6136077E-07    0.2824090E-06   -0.2218937E-07    0.1259178E-05   -0.8348716E-05    0.3455469E-04    0.3465349E-05    0.1929009E-05    0.7967671E-08    0.4699375E-04   -0.1037669E-05    0.3793409E-05    0.6456141E-04   -0.3101340E-04   -0.5925556E-04   -0.9552111E-04    0.1285881E-04    0.1729124E-04    0.1110844E-04    0.1299802E-04   -0.3026892E-05    0.1431597E-06    0.1653979E-06   -0.1976920E-06    0.1659850E-06   -0.2340510E-06   -0.5800271E-07   -0.7184788E-07   -0.5804190E-07   -0.4006920E-06   -0.4221369E-06   -0.8749580E-06   -0.3168274E-05    0.1081204E-08    0.4820525E-08
    0.2824090E-06    0.9080001E-05   -0.1041055E-05    0.5094691E-05    0.1406623E-03    0.5058378E-03    0.3303251E-04    0.1465638E-04   -0.1522994E-06    0.3263342E-02   -0.5706406E-04   -0.7189374E-03    0.1360569E-01    0.6084592E-02    0.7699926E-03   -0.1812545E-02    0.1383664E-02    0.1842551E-03    0.3015930E-03    0.5399176E-03   -0.1186336E-04    0.3272875E-06    0.5561320E-06   -0.1141608E-05    0.5085110E-06   -0.3512615E-05   -0.4191541E-05    0.2220087E-06   -0.3782451E-06   -0.2002259E-05    0.7568470E-06    0.7416480E-06    0.1979608E-04   -0.5983410E-07    0.3318873E-06
   -0.2218937E-07   -0.1041055E-05    0.2157368E-06   -0.1248554E-05   -0.3003276E-04   -0.5919552E-04   -0.4964968E-05   -0.1575164E-05    0.1801675E-07   -0.4173957E-03    0.7666850E-05    0.8511280E-04   -0.1728720E-02   -0.7562233E-03   -0.9120224E-04    0.2305870E-03   -0.1744559E-03   -0.1937670E-04   -0.3740538E-04   -0.7179957E-04    0.3587814E-05   -0.6242153E-07   -0.8502411E-07   -0.1207951E-06   -0.6740240E-07    0.2333008E-06    0.1083256E-05    0.3792784E-07    0.5878433E-07    0.1137013E-06   -0.6190566E-07   -0.2170387E-06   -0.2423541E-05    0.8080511E-08   -0.4254685E-07
    0.1259178E-05    0.5094691E-05   -0.1248554E-05    0.3166984E-03    0.1749505E-02    0.9958477E-03    0.6354296E-03    0.6610218E-04   -0.2180619E-05   -0.2449192E-03   -0.1908735E-04    0.6921791E-03   -0.9817714E-02   -0.1314390E-02    0.1706209E-02    0.1265687E-02   -0.6873862E-03    0.3777867E-03    0.2735662E-04   -0.3260658E-03   -0.1138994E-02    0.5634524E-05    0.5800931E-05   -0.2899943E-05    0.5861497E-05   -0.8401495E-05    0.2796682E-04   -0.7970331E-05   -0.8070157E-05   -0.1487613E-04   -0.2547779E-04    0.5018005E-05   -0.5290457E-04   -0.1432667E-06   -0.1434199E-06
   -0.8348716E-05    0.1406623E-03   -0.3003276E-04    0.1749505E-02    0.2994048E-01    0.3684442E-02    0.3768294E-02   -0.1379266E-03    0.2208184E-04    0.4620886E-01   -0.7377204E-03   -0.1062418E-01    0.2169498E+00    0.1492957E+00    0.7535930E-01    0.4552472E-01    0.1466602E-01   -0.1539307E-02   -0.2492467E-02    0.1289349E-01    0.1612357E-01   -0.1169637E-04   -0.2352251E-04    0.8718912E-04   -0.1173272E-04   -0.4108012E-05    0.3007301E-04   -0.4722238E-04   -0.5100708E-04   -0.1015364E-04   -0.6461113E-05    0.3028839E-03    0.9336222E-03    0.6563765E-06    0.7542074E-05
    0.3455469E-04    0.5058378E-03   -0.5919552E-04    0.9958477E-03    0.3684442E-02    0.3786925E-01    0.3330036E-02    0.1556570E-02   -0.3087174E-05    0.1919942E+00   -0.3545179E-02   -0.3499829E-01    0.7409238E+00    0.3065081E+00    0.1683913E-01   -0.1339069E+00    0.7543739E-01    0.1611557E-01    0.1970827E-01    0.3330526E-01   -0.4257060E-02    0.8883733E-04    0.1042188E-03   -0.1267931E-03    0.1008618E-03   -0.2684099E-03   -0.1779690E-03   -0.1850361E-04   -0.4984489E-04   -0.1872552E-03   -0.1558566E-03   -0.2533026E-03   -0.8680431E-04   -0.2779310E-05    0.1849207E-04
    0.3465349E-05    0.3303251E-04   -0.4964968E-05    0.6354296E-03    0.3768294E-02    0.3330036E-02    0.1360784E-02    0.1723915E-03    0.7347610E-05    0.7899989E-02   -0.1063190E-03   -0.3923293E-03    0.1924742E-01    0.1458810E-01    0.8495139E-02    0.2975383E-02    0.1486341E-02    0.1073839E-02    0.3781355E-03    0.3945799E-03   -0.9319168E-03    0.1365778E-04    0.1343065E-04   -0.8666696E-05    0.1457747E-04   -0.2941555E-04    0.5114645E-04   -0.1443975E-04   -0.1534348E-04   -0.3533266E-04   -0.5186433E-04    0.3250413E-05   -0.4321420E-04   -0.1611928E-06    0.4585078E-06
    0.1929009E-05    0.1465638E-04   -0.1575164E-05    0.6610218E-04   -0.1379266E-03    0.1556570E-02    0.1723915E-03    0.8990872E-04   -0.4028191E-08    0.2090934E-02   -0.2197016E-04    0.4327486E-04    0.2890818E-04    0.3480562E-02    0.2584689E-02    0.1511961E-03   -0.2236706E-04    0.1006864E-02    0.6105816E-03    0.6453365E-03   -0.4764943E-04    0.7179894E-05    0.8105693E-05   -0.7272419E-05    0.7907095E-05   -0.1087542E-04    0.3728813E-06   -0.1017183E-05   -0.2633363E-05   -0.1019870E-04   -0.1539879E-04   -0.2179192E-04   -0.5716398E-04   -0.2609006E-06    0.1851262E-06
    0.7967671E-08   -0.1522994E-06    0.1801675E-07   -0.2180619E-05    0.2208184E-04   -0.3087174E-05    0.7347610E-05   -0.4028191E-08    0.6033197E-05    0.8539360E-03    0.1220029E-04   -0.9605462E-05    0.3795568E-02    0.7944457E-03    0.5903590E-03    0.1100773E-02    0.4808180E-04    0.2131694E-05    0.1077736E-04    0.4674490E-04    0.6988327E-03    0.8433028E-06    0.3056336E-06    0.8880827E-06    0.8874759E-06   -0.7879779E-06    0.4817173E-05    0.5200921E-06    0.7203346E-06    0.1022563E-05   -0.1023872E-05   -0.1823855E-05    0.1526133E-04    0.2431919E-07    0.1283023E-08
    0.4699375E-04    0.3263342E-02   -0.4173957E-03   -0.2449192E-03    0.4620886E-01    0.1919942E+00    0.7899989E-02    0.2090934E-02    0.8539360E-03    0.4330738E+02   -0.4961559E+00   -0.1825305E+01    0.4313030E+02    0.6593068E+00   -0.2153458E+02   -0.6043812E+02    0.7421362E+00    0.1661997E+00    0.5206736E-01   -0.1759597E+01   -0.1769440E+02    0.9559145E-04   -0.2025775E-03   -0.9851799E-03   -0.3837717E-03   -0.2228331E-02   -0.3434821E-02   -0.1233211E-02    0.2089775E-03    0.7193804E-02   -0.3603933E-05   -0.3902489E-02    0.1032886E-01   -0.3279249E-03    0.4514764E-02
   -0.1037669E-05   -0.5706406E-04    0.7666850E-05   -0.1908735E-04   -0.7377204E-03   -0.3545179E-02   -0.1063190E-03   -0.2197016E-04    0.1220029E-04   -0.4961559E+00    0.8088180E-01   -0.7476865E-01   -0.4500231E+00    0.1001486E+01    0.1875902E+01    0.7520797E+00    0.7294531E-01   -0.4062995E-02    0.8543766E-02    0.8973129E-01    0.9207064E-01   -0.1526165E-04    0.5868715E-05   -0.4739073E-04    0.1342413E-04   -0.1550500E-04   -0.2309878E-03   -0.1711957E-03   -0.4863089E-05   -0.5120718E-04   -0.7398517E-04    0.1859258E-03    0.2891807E-04    0.6669447E-05   -0.2084489E-04
    0.3793409E-05   -0.7189374E-03    0.8511280E-04    0.6921791E-03   -0.1062418E-01   -0.3499829E-01   -0.3923293E-03    0.4327486E-04   -0.9605462E-05   -0.1825305E+01   -0.7476865E-01    0.3749803E+01   -0.2952179E+02   -0.4004942E+01    0.7745256E+01    0.6931753E+01   -0.2707633E+01   -0.1477964E+00    0.3112039E-01    0.2391508E+01    0.2181660E+01    0.9062496E-04    0.9818552E-04    0.2971834E-03    0.1748248E-03    0.1494839E-03    0.3546508E-02   -0.4250929E-05    0.1898015E-03    0.2417552E-03    0.7200565E-03   -0.1476241E-02    0.1327414E-02    0.1771389E-03   -0.3741599E-03
    0.6456141E-04    0.1360569E-01   -0.1728720E-02   -0.9817714E-02    0.2169498E+00    0.7409238E+00    0.1924742E-01    0.2890818E-04    0.3795568E-02    0.4313030E+02   -0.4500231E+00   -0.2952179E+02    0.7784993E+03    0.7157904E+02   -0.5994779E+02   -0.7134049E+02    0.1520173E+02   -0.4073859E+01    0.2852937E+01   -0.1116827E+02   -0.1461922E+02   -0.4465276E-03   -0.8379857E-03    0.3212911E-02   -0.1841982E-02   -0.3456272E-02   -0.4279341E-01    0.9193889E-02   -0.5941841E-02   -0.1434243E-02    0.2848179E-02    0.1173971E-02    0.5662946E-02    0.6311127E-02    0.4631093E-02
   -0.3101340E-04    0.6084592E-02   -0.7562233E-03   -0.1314390E-02    0.1492957E+00    0.3065081E+00    0.1458810E-01    0.3480562E-02    0.7944457E-03    0.6593068E+00    0.1001486E+01   -0.4004942E+01    0.7157904E+02    0.6258839E+02    0.4554233E+02    0.1870114E+02   -0.3749764E+01   -0.3817479E+00   -0.1011920E+01    0.3889724E+01    0.4137256E+01   -0.7418986E-03   -0.6555641E-03    0.1018670E-02   -0.6303500E-03   -0.2280458E-02   -0.6371762E-02   -0.4388600E-02   -0.1156433E-02    0.1911018E-02   -0.1099805E-02    0.1036434E-01    0.3339508E-01    0.9028774E-04    0.2929381E-03
   -0.5925556E-04    0.7699926E-03   -0.9120224E-04    0.1706209E-02    0.7535930E-01    0.1683913E-01    0.8495139E-02    0.2584689E-02    0.5903590E-03   -0.2153458E+02    0.1875902E+01    0.7745256E+01   -0.5994779E+02    0.4554233E+02    0.1005935E+03    0.6803151E+02   -0.1161604E+02   -0.7247678E+00   -0.3134759E+00    0.5101102E+01    0.5702627E+01   -0.5747682E-03    0.5192501E-04   -0.3866728E-03    0.4652817E-03   -0.1258943E-02    0.6048043E-02   -0.6011997E-02   -0.1251750E-02   -0.4089300E-02   -0.1941381E-02    0.8047641E-02    0.2810901E-01    0.7094245E-03   -0.2629534E-02
   -0.9552111E-04   -0.1812545E-02    0.2305870E-03    0.1265687E-02    0.4552472E-01   -0.1339069E+00    0.2975383E-02    0.1511961E-03    0.1100773E-02   -0.6043812E+02    0.7520797E+00    0.6931753E+01   -0.7134049E+02    0.1870114E+02    0.6803151E+02    0.1207768E+03   -0.1037879E+02   -0.5455056E+00   -0.2710775E+00   -0.2879606E+00    0.1458444E+02   -0.1531074E-03    0.2471823E-03    0.2299432E-02    0.7473465E-03    0.9899520E-03    0.1010056E-01   -0.3526605E-04   -0.1710888E-02   -0.1140827E-01   -0.3355071E-03    0.1032860E-01    0.1692317E-01    0.7724062E-03   -0.7799570E-02
    0.1285881E-04    0.1383664E-02   -0.1744559E-03   -0.6873862E-03    0.1466602E-01    0.7543739E-01    0.1486341E-02   -0.2236706E-04    0.4808180E-04    0.7421362E+00    0.7294531E-01   -0.2707633E+01    0.1520173E+02   -0.3749764E+01   -0.1161604E+02   -0.1037879E+02    0.5998384E+01    0.1298756E+00   -0.2842284E-02   -0.1908007E+01   -0.1681242E+01   -0.7242451E-04   -0.1138085E-03   -0.3111354E-03   -0.3916538E-04   -0.7232235E-03   -0.9160347E-03    0.4013729E-03    0.1051282E-03    0.1115038E-02    0.7925357E-03    0.5711315E-03   -0.5341633E-03   -0.1075550E-03    0.1852285E-03
    0.1729124E-04    0.1842551E-03   -0.1937670E-04    0.3777867E-03   -0.1539307E-02    0.1611557E-01    0.1073839E-02    0.1006864E-02    0.2131694E-05    0.1661997E+00   -0.4062995E-02   -0.1477964E+00   -0.4073859E+01   -0.3817479E+00   -0.7247678E+00   -0.5455056E+00    0.1298756E+00    0.3486352E+01    0.4457081E+00    0.1400488E+00    0.1068072E+00    0.1226879E-03    0.2089438E-03   -0.2496122E-03    0.1534935E-03   -0.5546844E-04   -0.1728362E-02   -0.2992227E-03    0.3350204E-03    0.1362001E-02   -0.2912668E-03   -0.7213315E-03    0.7627203E-02    0.2977869E-03    0.9659994E-05
    0.1110844E-04    0.3015930E-03   -0.3740538E-04    0.2735662E-04   -0.2492467E-02    0.1970827E-01    0.3781355E-03    0.6105816E-03    0.1077736E-04    0.5206736E-01    0.8543766E-02    0.3112039E-01    0.2852937E+01   -0.1011920E+01   -0.3134759E+00   -0.2710775E+00   -0.2842284E-02    0.4457081E+00    0.3349998E+01    0.2571326E+01    0.1783674E+01   -0.2481205E-04    0.1576572E-03    0.1321739E-03   -0.1216948E-03    0.1447379E-02    0.1863281E-02    0.2048373E-03   -0.3508199E-03   -0.1215926E-03    0.1172425E-03    0.1481667E-02    0.1639563E-02   -0.2843756E-03   -0.2138184E-03
    0.1299802E-04    0.5399176E-03   -0.7179957E-04   -0.3260658E-03    0.1289349E-01    0.3330526E-01    0.3945799E-03    0.6453365E-03    0.4674490E-04   -0.1759597E+01    0.8973129E-01    0.2391508E+01   -0.1116827E+02    0.3889724E+01    0.5101102E+01   -0.2879606E+00   -0.1908007E+01    0.1400488E+00    0.2571326E+01    0.1729491E+02    0.2576559E+02   -0.8407454E-05    0.1951680E-05    0.5892271E-03   -0.1554413E-03    0.2178564E-02   -0.3866738E-02   -0.4858876E-03    0.1652536E-03   -0.1935118E-03    0.3222896E-02   -0.5626737E-03   -0.3602715E-02   -0.1083709E-04    0.2546741E-02
   -0.3026892E-05   -0.1186336E-04    0.3587814E-05   -0.1138994E-02    0.1612357E-01   -0.4257060E-02   -0.9319168E-03   -0.4764943E-04    0.6988327E-03   -0.1769440E+02    0.9207064E-01    0.2181660E+01   -0.1461922E+02    0.4137256E+01    0.5702627E+01    0.1458444E+02   -0.1681242E+01    0.1068072E+00    0.1783674E+01    0.2576559E+02    0.5411874E+02    0.3402400E-03   -0.1011890E-04    0.1477401E-02    0.1459727E-03    0.3007469E-02   -0.5726086E-02    0.4379554E-03    0.6968205E-03   -0.3027454E-02    0.5281045E-02   -0.2823374E-02   -0.1276820E-01    0.9359282E-04    0.4549586E-02
    0.1431597E-06    0.3272875E-06   -0.6242153E-07    0.5634524E-05   -0.1169637E-04    0.8883733E-04    0.1365778E-04    0.7179894E-05    0.8433028E-06    0.9559145E-04   -0.1526165E-04    0.9062496E-04   -0.4465276E-03   -0.7418986E-03   -0.5747682E-03   -0.1531074E-03   -0.7242451E-04    0.1226879E-03   -0.2481205E-04   -0.8407454E-05    0.3402400E-03    0.3214410E-04    0.8622629E-05   -0.1350869E-05    0.3297376E-05    0.2370089E-05    0.2606108E-05   -0.7521616E-07   -0.2129643E-05    0.2665291E-05   -0.5211390E-05   -0.1474644E-05    0.9187212E-05   -0.8984252E-08    0.1274288E-06
    0.1653979E-06    0.5561320E-06   -0.8502411E-07    0.5800931E-05   -0.2352251E-04    0.1042188E-03    0.1343065E-04    0.8105693E-05    0.3056336E-06   -0.2025775E-03    0.5868715E-05    0.9818552E-04   -0.8379857E-03   -0.6555641E-03    0.5192501E-04    0.2471823E-03   -0.1138085E-03    0.2089438E-03    0.1576572E-03    0.1951680E-05   -0.1011890E-04    0.8622629E-05    0.2495258E-04   -0.3739397E-06    0.1234064E-04    0.1344430E-05    0.2779502E-05   -0.8660475E-06   -0.2648876E-05   -0.1123715E-05   -0.1846228E-05   -0.2104338E-05   -0.7409140E-05   -0.2641579E-07    0.7304590E-08
   -0.1976920E-06   -0.1141608E-05   -0.1207951E-06   -0.2899943E-05    0.8718912E-04   -0.1267931E-03   -0.8666696E-05   -0.7272419E-05    0.8880827E-06   -0.9851799E-03   -0.4739073E-04    0.2971834E-03    0.3212911E-02    0.1018670E-02   -0.3866728E-03    0.2299432E-02   -0.3111354E-03   -0.2496122E-03    0.1321739E-03    0.5892271E-03    0.1477401E-02   -0.1350869E-05   -0.3739397E-06    0.1055741E-02    0.2822059E-05    0.1684624E-04    0.3189097E-04   -0.7411109E-05    0.4439243E-05    0.2444774E-04    0.1357511E-04    0.1092259E-04    0.7280843E-04   -0.2576507E-08   -0.2649929E-07
    0.1659850E-06    0.5085110E-06   -0.6740240E-07    0.5861497E-05   -0.1173272E-04    0.1008618E-03    0.1457747E-04    0.7907095E-05    0.8874759E-06   -0.3837717E-03    0.1342413E-04    0.1748248E-03   -0.1841982E-02   -0.6303500E-03    0.4652817E-03    0.7473465E-03   -0.3916538E-04    0.1534935E-03   -0.1216948E-03   -0.1554413E-03    0.1459727E-03    0.3297376E-05    0.1234064E-04    0.2822059E-05    0.4666902E-04    0.8555905E-06    0.9338653E-05   -0.2363371E-05   -0.2927685E-05   -0.1022172E-06   -0.3118407E-05   -0.8013370E-05   -0.1122223E-04   -0.4907099E-08    0.1565827E-07
   -0.2340510E-06   -0.3512615E-05    0.2333008E-06   -0.8401495E-05   -0.4108012E-05   -0.2684099E-03   -0.2941555E-04   -0.1087542E-04   -0.7879779E-06   -0.2228331E-02   -0.1550500E-04    0.1494839E-03   -0.3456272E-02   -0.2280458E-02   -0.1258943E-02    0.9899520E-03   -0.7232235E-03   -0.5546844E-04    0.1447379E-02    0.2178564E-02    0.3007469E-02    0.2370089E-05    0.1344430E-05    0.1684624E-04    0.8555905E-06    0.2171964E-02    0.9871432E-04   -0.2808522E-04    0.1902877E-04   -0.6137769E-05    0.3639191E-04    0.3720424E-04    0.1616793E-03   -0.1868325E-06   -0.7306803E-07
   -0.5800271E-07   -0.4191541E-05    0.1083256E-05    0.2796682E-04    0.3007301E-04   -0.1779690E-03    0.5114645E-04    0.3728813E-06    0.4817173E-05   -0.3434821E-02   -0.2309878E-03    0.3546508E-02   -0.4279341E-01   -0.6371762E-02    0.6048043E-02    0.1010056E-01   -0.9160347E-03   -0.1728362E-02    0.1863281E-02   -0.3866738E-02   -0.5726086E-02    0.2606108E-05    0.2779502E-05    0.3189097E-04    0.9338653E-05    0.9871432E-04    0.1700771E-01   -0.1899906E-05    0.5634225E-05   -0.3676817E-04   -0.6057279E-05   -0.1274448E-03   -0.5696442E-03   -0.1331624E-05   -0.1991534E-05
   -0.7184788E-07    0.2220087E-06    0.3792784E-07   -0.7970331E-05   -0.4722238E-04   -0.1850361E-04   -0.1443975E-04   -0.1017183E-05    0.5200921E-06   -0.1233211E-02   -0.1711957E-03   -0.4250929E-05    0.9193889E-02   -0.4388600E-02   -0.6011997E-02   -0.3526605E-04    0.4013729E-03   -0.2992227E-03    0.2048373E-03   -0.4858876E-03    0.4379554E-03   -0.7521616E-07   -0.8660475E-06   -0.7411109E-05   -0.2363371E-05   -0.2808522E-04   -0.1899906E-05    0.1428164E-02    0.2991187E-03    0.6005327E-04   -0.3918300E-03   -0.1068082E-03   -0.1858209E-03   -0.5052351E-07   -0.3825236E-06
   -0.5804190E-07   -0.3782451E-06    0.5878433E-07   -0.8070157E-05   -0.5100708E-04   -0.4984489E-04   -0.1534348E-04   -0.2633363E-05    0.7203346E-06    0.2089775E-03   -0.4863089E-05    0.1898015E-03   -0.5941841E-02   -0.1156433E-02   -0.1251750E-02   -0.1710888E-02    0.1051282E-03    0.3350204E-03   -0.3508199E-03    0.1652536E-03    0.6968205E-03   -0.2129643E-05   -0.2648876E-05    0.4439243E-05   -0.2927685E-05    0.1902877E-04    0.5634225E-05    0.2991187E-03    0.8421260E-03    0.2165340E-04    0.7068988E-03    0.1839879E-04   -0.6707532E-03   -0.1174358E-06   -0.6847136E-08
   -0.4006920E-06   -0.2002259E-05    0.1137013E-06   -0.1487613E-04   -0.1015364E-04   -0.1872552E-03   -0.3533266E-04   -0.1019870E-04    0.1022563E-05    0.7193804E-02   -0.5120718E-04    0.2417552E-03   -0.1434243E-02    0.1911018E-02   -0.4089300E-02   -0.1140827E-01    0.1115038E-02    0.1362001E-02   -0.1215926E-03   -0.1935118E-03   -0.3027454E-02    0.2665291E-05   -0.1123715E-05    0.2444774E-04   -0.1022172E-06   -0.6137769E-05   -0.3676817E-04    0.6005327E-04    0.2165340E-04    0.7011619E-02   -0.3054794E-03    0.8254823E-03    0.4706374E-02    0.2347307E-06    0.6424714E-07
   -0.4221369E-06    0.7568470E-06   -0.6190566E-07   -0.2547779E-04   -0.6461113E-05   -0.1558566E-03   -0.5186433E-04   -0.1539879E-04   -0.1023872E-05   -0.3603933E-05   -0.7398517E-04    0.7200565E-03    0.2848179E-02   -0.1099805E-02   -0.1941381E-02   -0.3355071E-03    0.7925357E-03   -0.2912668E-03    0.1172425E-03    0.3222896E-02    0.5281045E-02   -0.5211390E-05   -0.1846228E-05    0.1357511E-04   -0.3118407E-05    0.3639191E-04   -0.6057279E-05   -0.3918300E-03    0.7068988E-03   -0.3054794E-03    0.2877328E-02    0.4891700E-03   -0.7770544E-03    0.3914060E-06    0.6546354E-06
   -0.8749580E-06    0.7416480E-06   -0.2170387E-06    0.5018005E-05    0.3028839E-03   -0.2533026E-03    0.3250413E-05   -0.2179192E-04   -0.1823855E-05   -0.3902489E-02    0.1859258E-03   -0.1476241E-02    0.1173971E-02    0.1036434E-01    0.8047641E-02    0.1032860E-01    0.5711315E-03   -0.7213315E-03    0.1481667E-02   -0.5626737E-03   -0.2823374E-02   -0.1474644E-05   -0.2104338E-05    0.1092259E-04   -0.8013370E-05    0.3720424E-04   -0.1274448E-03   -0.1068082E-03    0.1839879E-04    0.8254823E-03    0.4891700E-03    0.6412573E-02    0.7512645E-02   -0.4658466E-06   -0.2157277E-05
   -0.3168274E-05    0.1979608E-04   -0.2423541E-05   -0.5290457E-04    0.9336222E-03   -0.8680431E-04   -0.4321420E-04   -0.5716398E-04    0.1526133E-04    0.1032886E-01    0.2891807E-04    0.1327414E-02    0.5662946E-02    0.3339508E-01    0.2810901E-01    0.1692317E-01   -0.5341633E-03    0.7627203E-02    0.1639563E-02   -0.3602715E-02   -0.1276820E-01    0.9187212E-05   -0.7409140E-05    0.7280843E-04   -0.1122223E-04    0.1616793E-03   -0.5696442E-03   -0.1858209E-03   -0.6707532E-03    0.4706374E-02   -0.7770544E-03    0.7512645E-02    0.6435243E-01   -0.3739662E-06   -0.4297950E-05
    0.1081204E-08   -0.5983410E-07    0.8080511E-08   -0.1432667E-06    0.6563765E-06   -0.2779310E-05   -0.1611928E-06   -0.2609006E-06    0.2431919E-07   -0.3279249E-03    0.6669447E-05    0.1771389E-03    0.6311127E-02    0.9028774E-04    0.7094245E-03    0.7724062E-03   -0.1075550E-03    0.2977869E-03   -0.2843756E-03   -0.1083709E-04    0.9359282E-04   -0.8984252E-08   -0.2641579E-07   -0.2576507E-08   -0.4907099E-08   -0.1868325E-06   -0.1331624E-05   -0.5052351E-07   -0.1174358E-06    0.2347307E-06    0.3914060E-06   -0.4658466E-06   -0.3739662E-06    0.5989284E-06   -0.1477491E-07
    0.4820525E-08    0.3318873E-06   -0.4254685E-07   -0.1434199E-06    0.7542074E-05    0.1849207E-04    0.4585078E-06    0.1851262E-06    0.1283023E-08    0.4514764E-02   -0.2084489E-04   -0.3741599E-03    0.4631093E-02    0.2929381E-03   -0.2629534E-02   -0.7799570E-02    0.1852285E-03    0.9659994E-05   -0.2138184E-03    0.2546741E-02    0.4549586E-02    0.1274288E-06    0.7304590E-08   -0.2649929E-07    0.1565827E-07   -0.7306803E-07   -0.1991534E-05   -0.3825236E-06   -0.6847136E-08    0.6424714E-07    0.6546354E-06   -0.2157277E-05   -0.4297950E-05   -0.1477491E-07    0.2110913E-05
