# omegabh2 omegach2 theta tau mnu logA ns calPlanck galfTE100 galfTE100143 galfTE100217 galfTE143 galfTE143217 galfTE217 cal0 cal2
  5.3194800E-08  -9.7423905E-08   2.1583832E-08   2.3788735E-07   4.3826304E-06   7.7745676E-07   1.1702473E-06  -5.7889227E-10  -9.0761414E-08  -1.0850883E-07   1.4749777E-07  -4.1916510E-07  -4.3866885E-07  -2.7201503E-06  -2.6236104E-09   2.1321346E-09
 -9.7423905E-08   2.7280644E-06  -1.1690101E-07  -1.0679149E-06  -1.0958459E-04   6.7019435E-06  -5.0863805E-06  -5.7951182E-08   5.4146118E-07   6.5664897E-07  -1.7669005E-06   2.3625093E-06   3.5564467E-06   2.0098945E-05   2.5160782E-08  -9.3948496E-09
  2.1583832E-08  -1.1690101E-07   2.1069959E-07   5.5390806E-08   8.7818347E-06  -6.5771718E-08   5.9401323E-07   1.1906999E-09  -2.4125221E-07  -1.4506659E-07   3.0434736E-07  -3.7659062E-07   2.4477765E-07  -8.7371480E-07   3.1889148E-10   3.7112522E-09
  2.3788735E-07  -1.0679149E-06   5.5390806E-08   3.6446530E-05   3.9951033E-05   7.6506252E-05   1.3488885E-05   3.3712217E-07   1.2679734E-06  -1.7967962E-06  -1.3400605E-06  -9.2175915E-06  -3.5862215E-06   4.9481610E-06  -1.2946913E-07   7.9272004E-09
  4.3826304E-06  -1.0958459E-04   8.7818347E-06   3.9951033E-05   1.0010439E-02  -3.3688420E-04   1.6506861E-04   2.3662313E-06  -1.3854123E-05  -4.0731672E-05   2.1783207E-04  -1.0274626E-04  -1.8190375E-04  -1.0993499E-03  -9.0997126E-07   6.3768301E-07
  7.7745676E-07   6.7019435E-06  -6.5771718E-08   7.6506252E-05  -3.3688420E-04   2.6559919E-04   4.2000399E-05   1.4369103E-05   3.2821112E-06  -1.8637296E-06  -1.7123534E-05  -1.1408058E-05   2.9492784E-05   2.0211571E-04  -2.0208024E-07  -6.3857593E-08
  1.1702473E-06  -5.0863805E-06   5.9401323E-07   1.3488885E-05   1.6506861E-04   4.2000399E-05   1.0138223E-04   6.5903614E-07  -7.9396177E-06  -4.1354135E-06   9.0399208E-06  -9.4622114E-06   1.9205970E-05   9.2417637E-05  -1.7065805E-07   9.2115844E-09
 -5.7889227E-10  -5.7951182E-08   1.1906999E-09   3.3712217E-07   2.3662313E-06   1.4369103E-05   6.5903614E-07   6.4627297E-06   4.6339627E-07  -8.3023065E-07  -2.8729933E-06  -3.1149871E-06   1.5799583E-07   1.4800587E-05  -2.8217622E-08   2.6511825E-09
 -9.0761414E-08   5.4146118E-07  -2.4125221E-07   1.2679734E-06  -1.3854123E-05   3.2821112E-06  -7.9396177E-06   4.6339627E-07   1.4551503E-03   2.5676151E-04   9.6675050E-05  -3.7341350E-04  -8.9736768E-05  -1.2862281E-04  -1.2682743E-07  -3.0862565E-07
 -1.0850883E-07   6.5664897E-07  -1.4506659E-07  -1.7967962E-06  -4.0731672E-05  -1.8637296E-06  -4.1354135E-06  -8.3023065E-07   2.5676151E-04   8.7683280E-04   3.5234143E-05   7.6723110E-04   7.3191263E-05  -6.7137885E-04   1.7000236E-07   1.7568223E-07
  1.4749777E-07  -1.7669005E-06   3.0434736E-07  -1.3400605E-06   2.1783207E-04  -1.7123534E-05   9.0399208E-06  -2.8729933E-06   9.6675050E-05   3.5234143E-05   7.2312390E-03  -2.7714938E-04   6.8444774E-04   4.6056870E-03   6.7394645E-07   4.0530423E-07
 -4.1916510E-07   2.3625093E-06  -3.7659062E-07  -9.2175915E-06  -1.0274626E-04  -1.1408058E-05  -9.4622114E-06  -3.1149871E-06  -3.7341350E-04   7.6723110E-04  -2.7714938E-04   2.9510061E-03   5.7022789E-04  -9.7096036E-04   3.7080344E-07   5.4141221E-07
 -4.3866885E-07   3.5564467E-06   2.4477765E-07  -3.5862215E-06  -1.8190375E-04   2.9492784E-05   1.9205970E-05   1.5799583E-07  -8.9736768E-05   7.3191263E-05   6.8444774E-04   5.7022789E-04   6.5114412E-03   7.6488821E-03   7.3872436E-07   4.9995038E-07
 -2.7201503E-06   2.0098945E-05  -8.7371480E-07   4.9481610E-06  -1.0993499E-03   2.0211571E-04   9.2417637E-05   1.4800587E-05  -1.2862281E-04  -6.7137885E-04   4.6056870E-03  -9.7096036E-04   7.6488821E-03   7.2314172E-02   1.3439332E-06  -1.2044863E-07
 -2.6236104E-09   2.5160782E-08   3.1889148E-10  -1.2946913E-07  -9.0997126E-07  -2.0208024E-07  -1.7065805E-07  -2.8217622E-08  -1.2682743E-07   1.7000236E-07   6.7394645E-07   3.7080344E-07   7.3872436E-07   1.3439332E-06   4.9485288E-07  -2.0792259E-10
  2.1321346E-09  -9.3948496E-09   3.7112522E-09   7.9272004E-09   6.3768301E-07  -6.3857593E-08   9.2115844E-09   2.6511825E-09  -3.0862565E-07   1.7568223E-07   4.0530423E-07   5.4141221E-07   4.9995038E-07  -1.2044863E-07  -2.0792259E-10   4.0831288E-07
