# omegabh2 omegach2 theta tau meffsterile nnu logA ns calPlanck acib217 xi asz143 aps100 aps143 aps143217 aps217 aksz kgal100 kgal143 kgal143217 kgal217 cal0 cal2
  4.5686489E-08   2.0282098E-07  -1.3654808E-09   2.8799851E-07  -7.0917872E-07   1.5242096E-05   1.1004337E-06   7.8237124E-07   2.0165424E-08  -4.4622336E-05   2.6437792E-07   2.6666212E-05  -2.9387978E-04  -2.3589363E-04  -9.2804283E-05  -4.3452597E-05  -2.6907826E-05   6.1783883E-06   3.4376758E-06   5.5365513E-06   2.2199093E-05   2.0701177E-09   6.4192159E-10
  2.0282098E-07   1.8898744E-05  -1.1361555E-06   2.8338171E-07  -7.0509693E-04   6.1027204E-04   2.7574654E-05   2.1232943E-05  -1.8642805E-07   3.3045311E-03  -4.8199263E-05  -8.4265990E-04   1.6769652E-02   6.9920355E-03   1.5869400E-03  -1.1486953E-03   1.5698915E-03   8.5793619E-05   2.3692797E-04  -1.0058086E-05  -1.2875460E-03   3.6695679E-08   6.4747377E-08
 -1.3654808E-09  -1.1361555E-06   2.5614805E-07   6.7824409E-08   2.9146832E-05  -4.7934627E-05  -1.6568957E-06  -1.4294543E-06  -1.5012222E-09  -2.3826247E-04   3.0794668E-06   6.1002653E-05  -1.2169172E-03  -5.9715623E-04  -1.9548239E-04   1.5283015E-05  -1.1145828E-04  -1.1967656E-05  -1.2146669E-05   1.5097390E-06   8.5377910E-05  -4.2184675E-09  -3.3633110E-09
  2.8799851E-07   2.8338171E-07   6.7824409E-08   5.2103367E-05  -2.9802849E-06   8.1524597E-05   1.0287768E-04   8.5456006E-06  -4.7840368E-07  -6.1821547E-04   2.9262966E-05   3.0329132E-04  -7.1485595E-03  -3.5500313E-03  -1.1235016E-03  -6.7620793E-04  -6.7377268E-04  -5.0617402E-05  -1.0233568E-04  -2.2565620E-04  -4.9330802E-04   1.0230815E-08   6.5275961E-09
 -7.0917872E-07  -7.0509693E-04   2.9146832E-05  -2.9802849E-06   4.9230224E-02  -1.1378267E-02  -5.4023088E-04  -6.1088660E-04   1.4958086E-05  -7.8134976E-02   1.1991099E-03   2.2466322E-02  -4.1580722E-01  -8.7861891E-02   3.2612684E-02   8.6365544E-02  -3.9168911E-02   8.3218303E-04  -6.8284235E-03   1.1382225E-02   5.3083273E-02  -1.5320767E-06  -3.6762432E-07
  1.5242096E-05   6.1027204E-04  -4.7934627E-05   8.1524597E-05  -1.1378267E-02   3.0162443E-02   1.2688850E-03   1.0988263E-03   3.1726516E-06   1.5219297E-01  -2.4347133E-03  -3.8047730E-02   7.6669334E-01   3.5298931E-01   9.2582256E-02  -3.3143999E-02   7.3106248E-02   7.8702608E-03   1.1647217E-02   8.6151920E-03  -4.0176962E-02   1.9748757E-06   3.6401900E-06
  1.1004337E-06   2.7574654E-05  -1.6568957E-06   1.0287768E-04  -5.4023088E-04   1.2688850E-03   2.8238172E-04   4.8544411E-05   1.1170106E-05   3.5995386E-03   3.9731110E-05  -6.8579474E-04   1.6437880E-02   8.2142261E-03   5.5912039E-03   4.9174628E-03   1.2756442E-04  -2.7671445E-04  -4.6450687E-04  -6.9675890E-04  -9.1948755E-04   2.3958642E-07   1.6646715E-07
  7.8237124E-07   2.1232943E-05  -1.4294543E-06   8.5456006E-06  -6.1088660E-04   1.0988263E-03   4.8544411E-05   5.8717872E-05   4.0747993E-07   1.5111293E-03  -5.0567405E-06  -4.3355383E-04   6.2178353E-03   6.2227467E-03   4.5299330E-03   2.9475809E-03   3.4822272E-04   6.6579652E-04   2.5032908E-04   1.0781228E-04  -2.6685701E-04  -2.2973709E-08   6.0396480E-08
  2.0165424E-08  -1.8642805E-07  -1.5012222E-09  -4.7840368E-07   1.4958086E-05   3.1726516E-06   1.1170106E-05   4.0747993E-07   6.1236730E-06   6.5587412E-04   8.6644436E-06  -7.2042738E-06   4.0518250E-03   8.9117418E-04   7.3371897E-04   1.4520325E-03  -5.2205912E-05   8.6286502E-06  -8.6458373E-06   1.6573401E-06   7.5368177E-04   4.5862325E-09   7.4209013E-09
 -4.4622336E-05   3.3045311E-03  -2.3826247E-04  -6.1821547E-04  -7.8134976E-02   1.5219297E-01   3.5995386E-03   1.5111293E-03   6.5587412E-04   4.5395486E+01  -4.1604249E-01  -1.1449009E+00   4.0436776E+01   3.4827968E+00  -1.3593178E+01  -5.5477463E+01   3.6881148E-01   3.4084895E-01   7.2961510E-01  -5.6772586E+00  -3.3301692E+01  -1.7668013E-04   7.2734823E-04
  2.6437792E-07  -4.8199263E-05   3.0794668E-06   2.9262966E-05   1.1991099E-03  -2.4347133E-03   3.9731110E-05  -5.0567405E-06   8.6644436E-06  -4.1604249E-01   8.1843193E-02  -4.3586999E-02  -5.6766282E-01   8.3850934E-01   1.6088761E+00   6.4217132E-01   4.3187146E-02  -1.0883543E-02   8.0345509E-03   1.0042446E-01   1.5724809E-01   2.1992256E-06  -1.9829921E-06
  2.6666212E-05  -8.4265990E-04   6.1002653E-05   3.0329132E-04   2.2466322E-02  -3.8047730E-02  -6.8579474E-04  -4.3355383E-04  -7.2042738E-06  -1.1449009E+00  -4.3586999E-02   4.1330352E+00  -3.2796480E+01  -3.5235133E+00   8.3702626E+00   6.0215311E+00  -3.2367132E+00  -2.3372204E-01   1.0325061E-01   2.7543194E+00   3.5300321E+00   1.1237308E-04  -3.6475845E-05
 -2.9387978E-04   1.6769652E-02  -1.2169172E-03  -7.1485595E-03  -4.1580722E-01   7.6669334E-01   1.6437880E-02   6.2178353E-03   4.0518250E-03   4.0436776E+01  -5.6766282E-01  -3.2796480E+01   8.1034154E+02   7.7596703E+01  -5.7140392E+01  -6.5364656E+01   1.8505402E+01  -6.0614358E+00   6.4842393E+00  -1.2039832E+01  -2.5057487E+01   3.7294408E-03   5.6700645E-04
 -2.3589363E-04   6.9920355E-03  -5.9715623E-04  -3.5500313E-03  -8.7861891E-02   3.5298931E-01   8.2142261E-03   6.2227467E-03   8.9117418E-04   3.4827968E+00   8.3850934E-01  -3.5235133E+00   7.7596703E+01   6.7178134E+01   4.2578907E+01   1.7745179E+01  -4.6325349E+00  -2.8385484E-01  -1.0304452E+00   3.7937929E+00   4.3897691E+00   1.0870251E-04   1.1680222E-04
 -9.2804283E-05   1.5869400E-03  -1.9548239E-04  -1.1235016E-03   3.2612684E-02   9.2582256E-02   5.5912039E-03   4.5299330E-03   7.3371897E-04  -1.3593178E+01   1.6088761E+00   8.3702626E+00  -5.7140392E+01   4.2578907E+01   8.8372487E+01   5.8184453E+01  -1.3457843E+01  -9.8641170E-01  -7.3943620E-01   5.3615832E+00   9.5072326E+00   4.0653047E-04  -3.8101651E-04
 -4.3452597E-05  -1.1486953E-03   1.5283015E-05  -6.7620793E-04   8.6365544E-02  -3.3143999E-02   4.9174628E-03   2.9475809E-03   1.4520325E-03  -5.5477463E+01   6.4217132E-01   6.0215311E+00  -6.5364656E+01   1.7745179E+01   5.8184453E+01   1.0776198E+02  -1.0990208E+01  -8.6808435E-01  -1.4620383E+00   5.7106465E+00   3.3821001E+01   4.2942963E-04  -1.3716487E-03
 -2.6907826E-05   1.5698915E-03  -1.1145828E-04  -6.7377268E-04  -3.9168911E-02   7.3106248E-02   1.2756442E-04   3.4822272E-04  -5.2205912E-05   3.6881148E-01   4.3187146E-02  -3.2367132E+00   1.8505402E+01  -4.6325349E+00  -1.3457843E+01  -1.0990208E+01   7.0215485E+00   1.3183869E-01  -1.9455393E-01  -2.3389592E+00  -2.7898765E+00  -7.5253841E-05   1.4604978E-05
  6.1783883E-06   8.5793619E-05  -1.1967656E-05  -5.0617402E-05   8.3218303E-04   7.8702608E-03  -2.7671445E-04   6.6579652E-04   8.6286502E-06   3.4084895E-01  -1.0883543E-02  -2.3372204E-01  -6.0614358E+00  -2.8385484E-01  -9.8641170E-01  -8.6808435E-01   1.3183869E-01   3.4405856E+00   5.8829011E-01   2.0527357E-01   4.6936440E-02   1.6959666E-04  -6.3875771E-06
  3.4376758E-06   2.3692797E-04  -1.2146669E-05  -1.0233568E-04  -6.8284235E-03   1.1647217E-02  -4.6450687E-04   2.5032908E-04  -8.6458373E-06   7.2961510E-01   8.0345509E-03   1.0325061E-01   6.4842393E+00  -1.0304452E+00  -7.3943620E-01  -1.4620383E+00  -1.9455393E-01   5.8829011E-01   3.1889366E+00   2.7230023E+00   2.6566788E+00  -1.7677420E-04  -3.2334371E-05
  5.5365513E-06  -1.0058086E-05   1.5097390E-06  -2.2565620E-04   1.1382225E-02   8.6151920E-03  -6.9675890E-04   1.0781228E-04   1.6573401E-06  -5.6772586E+00   1.0042446E-01   2.7543194E+00  -1.2039832E+01   3.7937929E+00   5.3615832E+00   5.7106465E+00  -2.3389592E+00   2.0527357E-01   2.7230023E+00   1.0876406E+01   1.9314155E+01   4.3838983E-06   4.1012615E-04
  2.2199093E-05  -1.2875460E-03   8.5377910E-05  -4.9330802E-04   5.3083273E-02  -4.0176962E-02  -9.1948755E-04  -2.6685701E-04   7.5368177E-04  -3.3301692E+01   1.5724809E-01   3.5300321E+00  -2.5057487E+01   4.3897691E+00   9.5072326E+00   3.3821001E+01  -2.7898765E+00   4.6936440E-02   2.6566788E+00   1.9314155E+01   5.3527658E+01   1.1291265E-04   9.4615288E-04
  2.0701177E-09   3.6695679E-08  -4.2184675E-09   1.0230815E-08  -1.5320767E-06   1.9748757E-06   2.3958642E-07  -2.2973709E-08   4.5862325E-09  -1.7668013E-04   2.1992256E-06   1.1237308E-04   3.7294408E-03   1.0870251E-04   4.0653047E-04   4.2942963E-04  -7.5253841E-05   1.6959666E-04  -1.7677420E-04   4.3838983E-06   1.1291265E-04   3.7514388E-07   2.1820168E-09
  6.4192159E-10   6.4747377E-08  -3.3633110E-09   6.5275961E-09  -3.6762432E-07   3.6401900E-06   1.6646715E-07   6.0396480E-08   7.4209013E-09   7.2734823E-04  -1.9829921E-06  -3.6475845E-05   5.6700645E-04   1.1680222E-04  -3.8101651E-04  -1.3716487E-03   1.4604978E-05  -6.3875771E-06  -3.2334371E-05   4.1012615E-04   9.4615288E-04   2.1820168E-09   3.8450468E-07
