# omegabh2 omegach2 theta tau mnu nnu logA ns calPlanck acib217 xi asz143 aps100 aps143 aps143217 aps217 aksz kgal100 kgal143 kgal143217 kgal217 galfTE100 galfTE100143 galfTE100217 galfTE143 galfTE143217 galfTE217 cal0 cal2
  3.1465448E-08   2.1836351E-07  -2.0958504E-08   2.5421925E-07   9.5276442E-07   1.7501714E-05   1.1778698E-06   7.6996946E-07   5.8641083E-09  -3.1841222E-06   1.0555862E-06   1.0149512E-07   9.0068867E-05   1.8990944E-05   3.1615481E-05   1.7548898E-05   4.7633472E-07   9.0370086E-06   1.0708853E-05   1.3924584E-05   1.9908282E-05  -2.4945944E-08  -3.3620988E-08  -6.3492734E-08  -2.7733121E-07  -4.6590166E-07  -1.3741218E-06  -5.7300032E-10   1.0133317E-09
  2.1836351E-07   6.9274394E-06  -7.5740665E-07  -1.0317452E-07   2.8473550E-06   3.7084522E-04   1.7583363E-05   1.0442227E-05  -5.4440720E-08   1.6017751E-03  -2.8875620E-05  -3.8173297E-04   8.9275750E-03   4.7051154E-03   1.7006610E-03   1.3852600E-04   7.2030727E-04   1.9800840E-04   1.9879859E-04   2.9894691E-04  -1.0016407E-04   1.0704497E-06   1.1000930E-07   1.0154551E-06   1.6394991E-07  -2.0116601E-06   1.3493139E-05  -1.8684486E-08   1.9302258E-08
 -2.0958504E-08  -7.5740665E-07   1.6987278E-07   4.4147677E-08  -1.4742640E-06  -4.3649209E-05  -1.8004648E-06  -1.2239479E-06  -2.2104808E-09  -2.1238745E-04   3.3862092E-06   4.8130897E-05  -1.1590444E-03  -5.4021012E-04  -1.7400811E-04   2.1707726E-05  -8.7321169E-05  -2.6029847E-05  -2.1481290E-05  -2.0468395E-05   4.2831492E-05  -3.2073838E-08   9.0185611E-08   3.3945253E-07   3.9894679E-08   2.6796983E-07  -1.6271331E-06   2.6723310E-09  -2.6428407E-09
  2.5421925E-07  -1.0317452E-07   4.4147677E-08   6.3683190E-05   3.3952568E-05   9.9265933E-05   1.2663273E-04   1.0141719E-05  -4.6361671E-07  -1.6852662E-03   5.6592842E-05   5.1585676E-04  -8.7535814E-03  -3.3874227E-03   7.2841554E-04   1.7850171E-03  -9.5758677E-04  -8.8113166E-05  -3.3729604E-04  -5.9446707E-04  -5.5375100E-04  -5.5669025E-06  -4.2077493E-06   7.7917062E-06  -5.4265194E-06   4.7483027E-06   3.3332905E-06  -4.2867778E-08  -7.9601756E-08
  9.5276442E-07   2.8473550E-06  -1.4742640E-06   3.3952568E-05   1.5773394E-03   7.4869235E-04   7.8852132E-05   4.7018920E-05   2.2005532E-06   8.5199418E-03  -1.8844512E-04  -6.6351006E-04   2.4019513E-02   2.9284739E-03  -3.2394986E-03  -6.6156446E-03   1.2962989E-03   1.1276742E-03   1.7676200E-03   1.4833226E-03  -1.4586055E-03  -2.4523746E-05  -2.4021503E-05  -1.1222849E-05  -3.1788208E-05  -1.6588131E-05   6.0004024E-06  -4.1364568E-08   4.7718766E-07
  1.7501714E-05   3.7084522E-04  -4.3649209E-05   9.9265933E-05   7.4869235E-04   2.3381220E-02   1.1636222E-03   8.1014612E-04   3.1716260E-07   9.7908653E-02  -1.6970277E-03  -1.9491201E-02   5.1809020E-01   2.5743264E-01   9.0631713E-02  -5.2842974E-03   4.2811225E-02   1.2671093E-02   1.6089435E-02   2.2131389E-02  -1.1830935E-03   3.0780825E-05  -1.6882417E-05   1.5023514E-05  -7.9642728E-05  -1.9136767E-04   1.5874373E-04  -2.1416284E-06   1.6441152E-06
  1.1778698E-06   1.7583363E-05  -1.8004648E-06   1.2663273E-04   7.8852132E-05   1.1636222E-03   3.2621923E-04   4.6957487E-05   1.1546166E-05   5.2138484E-05   6.9438122E-05   4.8220329E-05   7.7839422E-03   6.4483377E-03   8.5211015E-03   1.0736777E-02  -1.1734931E-03  -2.1674510E-06  -8.5234593E-04  -1.1893776E-03  -3.6632079E-05  -4.4403294E-06  -9.6842825E-06   1.8795946E-05  -1.2032165E-05  -1.3895797E-06   6.9875188E-05   2.6831185E-08  -2.2295779E-07
  7.6996946E-07   1.0442227E-05  -1.2239479E-06   1.0141719E-05   4.7018920E-05   8.1014612E-04   4.6957487E-05   4.2447435E-05   3.0205698E-07  -5.6745950E-04   3.7828895E-05   1.7253473E-04  -3.2693407E-03   2.8998637E-03   4.4816757E-03   4.2284885E-03  -3.8345358E-04   7.7020687E-04   4.0354951E-04   5.2952692E-04   1.0929764E-03  -1.4878618E-06  -1.0313743E-06  -3.4143829E-06  -7.9085238E-06  -8.2537245E-06  -2.6047032E-05  -1.8816736E-07   1.4010928E-08
  5.8641083E-09  -5.4440720E-08  -2.2104808E-09  -4.6361671E-07   2.2005532E-06   3.1716260E-07   1.1546166E-05   3.0205698E-07   6.2596184E-06   6.4445676E-04  -4.5715038E-06   1.2842735E-05   3.4475782E-03   6.3325959E-04   5.7235504E-04   1.6302278E-03  -1.6153845E-04  -2.0259781E-05  -6.3106642E-05  -1.4643445E-04   5.6171712E-04   2.2848951E-06  -7.0926011E-07   3.9540714E-07  -1.2607114E-06  -2.3738618E-06   1.6386248E-05   5.9505452E-09  -4.3710582E-08
 -3.1841222E-06   1.6017751E-03  -2.1238745E-04  -1.6852662E-03   8.5199418E-03   9.7908653E-02   5.2138484E-05  -5.6745950E-04   6.4445676E-04   4.5073013E+01  -4.4816930E-01  -8.8767814E-01   3.8880185E+01   2.3990464E+00  -1.3369993E+01  -5.4672061E+01  -3.7033857E-02   2.3187385E-01   5.2774599E-01  -6.2032777E+00  -3.4120737E+01   6.9674126E-03  -2.1230664E-03   4.0391694E-03   1.6515955E-03   7.6133248E-03   1.5942803E-02  -2.1136145E-04   6.6421385E-04
  1.0555862E-06  -2.8875620E-05   3.3862092E-06   5.6592842E-05  -1.8844512E-04  -1.6970277E-03   6.9438122E-05   3.7828895E-05  -4.5715038E-06  -4.4816930E-01   7.9154694E-02  -2.5249719E-02  -7.6385206E-01   8.7740634E-01   1.6956941E+00   7.0079016E-01   2.8471359E-02  -1.3388783E-03   1.4683496E-02   1.3298754E-01   2.1441610E-01  -1.3654671E-04   3.1350922E-06  -1.0660870E-04  -7.4311431E-05  -1.7812625E-04  -2.4206080E-04   6.4279307E-06  -2.8912008E-06
  1.0149512E-07  -3.8173297E-04   4.8130897E-05   5.1585676E-04  -6.6351006E-04  -1.9491201E-02   4.8220329E-05   1.7253473E-04   1.2842735E-05  -8.8767814E-01  -2.5249719E-02   3.6774861E+00  -2.8758295E+01  -3.3464484E+00   7.1344786E+00   4.8359802E+00  -2.4785041E+00  -2.9466111E-01   1.3693552E-01   2.5813236E+00   3.2199182E+00  -1.6663102E-03  -6.8299699E-04   9.6356766E-04   1.2261933E-04  -2.1871268E-03  -2.6111384E-04   1.1083375E-04  -4.1719618E-05
  9.0068867E-05   8.9275750E-03  -1.1590444E-03  -8.7535814E-03   2.4019513E-02   5.1809020E-01   7.7839422E-03  -3.2693407E-03   3.4475782E-03   3.8880185E+01  -7.6385206E-01  -2.8758295E+01   7.6366570E+02   7.1525924E+01  -5.0920724E+01  -5.9065909E+01   1.2723631E+01  -5.4089384E+00   5.5785207E+00  -1.1457403E+01  -2.4280777E+01   2.3874086E-02  -4.9619195E-03  -2.7934959E-02   1.3319080E-02   1.6550016E-02   1.1170582E-02   3.5461818E-03   6.0894488E-04
  1.8990944E-05   4.7051154E-03  -5.4021012E-04  -3.3874227E-03   2.9284739E-03   2.5743264E-01   6.4483377E-03   2.8998637E-03   6.3325959E-04   2.3990464E+00   8.7740634E-01  -3.3464484E+00   7.1525924E+01   6.2691667E+01   4.0415783E+01   1.4721769E+01  -4.1703154E+00  -1.0299108E-01  -1.3060000E+00   3.3402208E+00   3.8901109E+00   2.1574855E-03  -2.7340592E-04   3.5779790E-03   7.2047883E-04  -6.4914118E-03   3.6961758E-02   1.0516417E-04   4.6955239E-05
  3.1615481E-05   1.7006610E-03  -1.7400811E-04   7.2841554E-04  -3.2394986E-03   9.0631713E-02   8.5211015E-03   4.4816757E-03   5.7235504E-04  -1.3369993E+01   1.6956941E+00   7.1344786E+00  -5.0920724E+01   4.0415783E+01   8.3307124E+01   5.1533316E+01  -1.0692820E+01  -7.5789294E-01  -6.5177007E-01   4.9885793E+00   8.7482557E+00  -6.7370904E-03  -6.3840303E-04  -9.2283849E-04   4.1455566E-03  -1.0750889E-02   2.4361538E-02   4.8007191E-04  -4.3381074E-04
  1.7548898E-05   1.3852600E-04   2.1707726E-05   1.7850171E-03  -6.6156446E-03  -5.2842974E-03   1.0736777E-02   4.2284885E-03   1.6302278E-03  -5.4672061E+01   7.0079016E-01   4.8359802E+00  -5.9065909E+01   1.4721769E+01   5.1533316E+01   1.0073255E+02  -8.4921766E+00  -7.8138259E-01  -1.3523606E+00   5.5626103E+00   3.3674467E+01  -6.9926318E-03   1.9693075E-03  -4.1557130E-03   1.9516297E-03  -1.0806178E-02   1.2189129E-02   5.1703238E-04  -1.2887128E-03
  4.7633472E-07   7.2030727E-04  -8.7321169E-05  -9.5758677E-04   1.2962989E-03   4.2811225E-02  -1.1734931E-03  -3.8345358E-04  -1.6153845E-04  -3.7033857E-02   2.8471359E-02  -2.4785041E+00   1.2723631E+01  -4.1703154E+00  -1.0692820E+01  -8.4921766E+00   5.4256726E+00   1.4888079E-01  -1.1280334E-01  -1.7935712E+00  -1.9455583E+00   7.4536057E-04   8.9860911E-04   3.1161711E-04  -7.8086870E-04   2.4513519E-03  -3.2701888E-03  -1.0352621E-04   2.2571364E-05
  9.0370086E-06   1.9800840E-04  -2.6029847E-05  -8.8113166E-05   1.1276742E-03   1.2671093E-02  -2.1674510E-06   7.7020687E-04  -2.0259781E-05   2.3187385E-01  -1.3388783E-03  -2.9466111E-01  -5.4089384E+00  -1.0299108E-01  -7.5789294E-01  -7.8138259E-01   1.4888079E-01   3.3664815E+00   6.1551484E-01   2.3914123E-01   2.9730632E-01  -2.4781553E-04  -2.6560182E-04   3.1652997E-03  -1.4748768E-03  -4.0393920E-04  -2.1768178E-03   1.6287818E-04   1.6390395E-05
  1.0708853E-05   1.9879859E-04  -2.1481290E-05  -3.3729604E-04   1.7676200E-03   1.6089435E-02  -8.5234593E-04   4.0354951E-04  -6.3106642E-05   5.2774599E-01   1.4683496E-02   1.3693552E-01   5.5785207E+00  -1.3060000E+00  -6.5177007E-01  -1.3523606E+00  -1.1280334E-01   6.1551484E-01   3.2191108E+00   2.7657672E+00   2.8227781E+00   1.4036644E-03  -1.1798459E-03  -1.8991174E-03  -2.4963350E-03  -4.5602522E-04   2.1204533E-03  -1.7778072E-04  -3.0724355E-05
  1.3924584E-05   2.9894691E-04  -2.0468395E-05  -5.9446707E-04   1.4833226E-03   2.2131389E-02  -1.1893776E-03   5.2952692E-04  -1.4643445E-04  -6.2032777E+00   1.3298754E-01   2.5813236E+00  -1.1457403E+01   3.3402208E+00   4.9885793E+00   5.5626103E+00  -1.7935712E+00   2.3914123E-01   2.7657672E+00   1.0979840E+01   1.9737634E+01  -6.9192327E-04  -1.7676715E-03  -8.1439877E-04  -4.7295814E-03  -7.8163886E-03  -3.3070765E-03   4.6073314E-07   4.0625397E-04
  1.9908282E-05  -1.0016407E-04   4.2831492E-05  -5.5375100E-04  -1.4586055E-03  -1.1830935E-03  -3.6632079E-05   1.0929764E-03   5.6171712E-04  -3.4120737E+01   2.1441610E-01   3.2199182E+00  -2.4280777E+01   3.8901109E+00   8.7482557E+00   3.3674467E+01  -1.9455583E+00   2.9730632E-01   2.8227781E+00   1.9737634E+01   5.4622311E+01  -5.2214098E-03  -1.5071813E-03  -2.4315096E-03  -7.1712363E-03  -1.5734377E-02  -1.2195783E-02   9.7420441E-05   9.3329180E-04
 -2.4945944E-08   1.0704497E-06  -3.2073838E-08  -5.5669025E-06  -2.4523746E-05   3.0780825E-05  -4.4403294E-06  -1.4878618E-06   2.2848951E-06   6.9674126E-03  -1.3654671E-04  -1.6663102E-03   2.3874086E-02   2.1574855E-03  -6.7370904E-03  -6.9926318E-03   7.4536057E-04  -2.4781553E-04   1.4036644E-03  -6.9192327E-04  -5.2214098E-03   1.4874451E-03   2.9498103E-04   1.1934521E-04  -3.4193986E-04  -9.4256286E-05  -1.0153384E-04  -4.9528640E-08   2.2858112E-07
 -3.3620988E-08   1.1000930E-07   9.0185611E-08  -4.2077493E-06  -2.4021503E-05  -1.6882417E-05  -9.6842825E-06  -1.0313743E-06  -7.0926011E-07  -2.1230664E-03   3.1350922E-06  -6.8299699E-04  -4.9619195E-03  -2.7340592E-04  -6.3840303E-04   1.9693075E-03   8.9860911E-04  -2.6560182E-04  -1.1798459E-03  -1.7676715E-03  -1.5071813E-03   2.9498103E-04   8.7139650E-04   6.0867972E-05   7.1581380E-04   4.9466534E-05  -6.7480419E-04   7.1133469E-08   3.1574873E-08
 -6.3492734E-08   1.0154551E-06   3.3945253E-07   7.7917062E-06  -1.1222849E-05   1.5023514E-05   1.8795946E-05  -3.4143829E-06   3.9540714E-07   4.0391694E-03  -1.0660870E-04   9.6356766E-04  -2.7934959E-02   3.5779790E-03  -9.2283849E-04  -4.1557130E-03   3.1161711E-04   3.1652997E-03  -1.8991174E-03  -8.1439877E-04  -2.4315096E-03   1.1934521E-04   6.0867972E-05   7.3883091E-03  -3.3866691E-04   5.9906590E-04   4.5345766E-03  -5.9363444E-07   2.1506054E-07
 -2.7733121E-07   1.6394991E-07   3.9894679E-08  -5.4265194E-06  -3.1788208E-05  -7.9642728E-05  -1.2032165E-05  -7.9085238E-06  -1.2607114E-06   1.6515955E-03  -7.4311431E-05   1.2261933E-04   1.3319080E-02   7.2047883E-04   4.1455566E-03   1.9516297E-03  -7.8086870E-04  -1.4748768E-03  -2.4963350E-03  -4.7295814E-03  -7.1712363E-03  -3.4193986E-04   7.1581380E-04  -3.3866691E-04   2.8440848E-03   5.0480791E-04  -9.2707844E-04   5.2284705E-07  -1.9579575E-07
 -4.6590166E-07  -2.0116601E-06   2.6796983E-07   4.7483027E-06  -1.6588131E-05  -1.9136767E-04  -1.3895797E-06  -8.2537245E-06  -2.3738618E-06   7.6133248E-03  -1.7812625E-04  -2.1871268E-03   1.6550016E-02  -6.4914118E-03  -1.0750889E-02  -1.0806178E-02   2.4513519E-03  -4.0393920E-04  -4.5602522E-04  -7.8163886E-03  -1.5734377E-02  -9.4256286E-05   4.9466534E-05   5.9906590E-04   5.0480791E-04   6.4216194E-03   7.7174255E-03  -4.6655427E-07   4.5323042E-07
 -1.3741218E-06   1.3493139E-05  -1.6271331E-06   3.3332905E-06   6.0004024E-06   1.5874373E-04   6.9875188E-05  -2.6047032E-05   1.6386248E-05   1.5942803E-02  -2.4206080E-04  -2.6111384E-04   1.1170582E-02   3.6961758E-02   2.4361538E-02   1.2189129E-02  -3.2701888E-03  -2.1768178E-03   2.1204533E-03  -3.3070765E-03  -1.2195783E-02  -1.0153384E-04  -6.7480419E-04   4.5345766E-03  -9.2707844E-04   7.7174255E-03   7.0151155E-02  -6.8949362E-07   4.8361879E-07
 -5.7300032E-10  -1.8684486E-08   2.6723310E-09  -4.2867778E-08  -4.1364568E-08  -2.1416284E-06   2.6831185E-08  -1.8816736E-07   5.9505452E-09  -2.1136145E-04   6.4279307E-06   1.1083375E-04   3.5461818E-03   1.0516417E-04   4.8007191E-04   5.1703238E-04  -1.0352621E-04   1.6287818E-04  -1.7778072E-04   4.6073314E-07   9.7420441E-05  -4.9528640E-08   7.1133469E-08  -5.9363444E-07   5.2284705E-07  -4.6655427E-07  -6.8949362E-07   3.7459550E-07  -2.0896326E-09
  1.0133317E-09   1.9302258E-08  -2.6428407E-09  -7.9601756E-08   4.7718766E-07   1.6441152E-06  -2.2295779E-07   1.4010928E-08  -4.3710582E-08   6.6421385E-04  -2.8912008E-06  -4.1719618E-05   6.0894488E-04   4.6955239E-05  -4.3381074E-04  -1.2887128E-03   2.2571364E-05   1.6390395E-05  -3.0724355E-05   4.0625397E-04   9.3329180E-04   2.2858112E-07   3.1574873E-08   2.1506054E-07  -1.9579575E-07   4.5323042E-07   4.8361879E-07  -2.0896326E-09   3.8025108E-07
