# omegabh2 omegach2 theta tau nnu logA ns calPlanck acib217 xi asz143 aps100 aps143 aps143217 aps217 aksz kgal100 kgal143 kgal143217 kgal217 galfEE100 galfEE100143 galfEE100217 galfEE143 galfEE143217 galfEE217 galfTE100 galfTE100143 galfTE100217 galfTE143 galfTE143217 galfTE217 cal0 cal2
    0.3442418E-07    0.2697000E-06   -0.2330068E-07    0.9118519E-06    0.2075921E-04    0.2621266E-05    0.8880339E-06    0.8228999E-08   -0.3405476E-05    0.6458028E-06    0.1302981E-04   -0.6664548E-04    0.3254164E-05    0.6333048E-04    0.4501260E-04   -0.1347100E-04    0.8125089E-05    0.1251759E-04    0.1166084E-05   -0.1590058E-04    0.4114964E-07    0.4900358E-07   -0.6487316E-07    0.8443040E-07   -0.1387523E-06   -0.3178116E-06    0.3998866E-08   -0.6611982E-08   -0.2111141E-06   -0.1716108E-06   -0.5690603E-06   -0.2056327E-05    0.1045834E-08   -0.4474171E-08
    0.2697000E-06    0.8613359E-05   -0.8666115E-06    0.2011332E-05    0.4707939E-03    0.2564642E-04    0.1343572E-04   -0.4477094E-07    0.2598933E-02   -0.5245738E-04   -0.4367296E-03    0.9899768E-02    0.5026265E-02    0.1275553E-02   -0.8333855E-03    0.8794479E-03    0.2235910E-03    0.2559083E-03    0.3638437E-03   -0.8896867E-06    0.1076742E-07    0.2033154E-06    0.6703042E-07    0.4488140E-06   -0.2701488E-05   -0.9562559E-05    0.1290468E-05    0.9320086E-06   -0.3122857E-05    0.3421965E-05    0.4519220E-05    0.2860996E-05   -0.5606436E-07    0.2455753E-06
   -0.2330068E-07   -0.8666115E-06    0.1763654E-06   -0.3344576E-06   -0.5018821E-04   -0.2768283E-05   -0.1426071E-05   -0.3108962E-08   -0.2499362E-03    0.3772260E-05    0.5976044E-04   -0.1207213E-02   -0.5328935E-03   -0.1297814E-03    0.8510996E-04   -0.1185853E-03   -0.2708059E-04   -0.1847076E-04   -0.3054175E-04   -0.1869960E-05   -0.2240162E-07   -0.2675605E-07    0.1885358E-07   -0.7709858E-07    0.1098953E-06    0.1803946E-05   -0.1507659E-06    0.3736381E-09    0.2220019E-06   -0.5384689E-06   -0.5032742E-06   -0.5642389E-06    0.4074084E-08   -0.2427110E-07
    0.9118519E-06    0.2011332E-05   -0.3344576E-06    0.2704033E-03    0.4409197E-03    0.5425055E-03    0.3823972E-04   -0.2153076E-05   -0.1025259E-01    0.2754916E-03    0.1686245E-02   -0.3413964E-01   -0.8808447E-02    0.6128784E-02    0.1176779E-01   -0.3943092E-02    0.3197717E-03   -0.1260877E-02   -0.2153290E-02   -0.1817481E-02    0.3397468E-05    0.1572943E-05   -0.3549313E-05    0.2847036E-05   -0.7791616E-05   -0.2912209E-04   -0.7761196E-05    0.1309574E-05    0.7266892E-05   -0.1848374E-05    0.7319126E-05   -0.7607499E-04    0.3461934E-06   -0.1524626E-05
    0.2075921E-04    0.4707939E-03   -0.5018821E-04    0.4409197E-03    0.2939112E-01    0.2071912E-02    0.9995929E-03   -0.8249231E-06    0.1488462E+00   -0.3204002E-02   -0.2310863E-01    0.5451879E+00    0.2682115E+00    0.6215546E-01   -0.5060374E-01    0.4955507E-01    0.1405693E-01    0.1599506E-01    0.1927240E-01   -0.7628372E-02    0.2304298E-04    0.3469110E-04   -0.4205093E-04    0.5176974E-04   -0.2285361E-03   -0.6653939E-03    0.6985423E-04    0.5670343E-04   -0.2394909E-03    0.1502557E-03    0.1312649E-03   -0.3371068E-03   -0.3742086E-05    0.1265718E-04
    0.2621266E-05    0.2564642E-04   -0.2768283E-05    0.5425055E-03    0.2071912E-02    0.1171570E-02    0.1091537E-03    0.8196583E-05   -0.1396658E-01    0.5017954E-03    0.2227871E-02   -0.3906547E-01   -0.2833709E-02    0.1925650E-01    0.2738362E-01   -0.6699285E-02    0.9728664E-03   -0.2273726E-02   -0.4106761E-02   -0.2603627E-02    0.7320246E-05    0.4156048E-05   -0.5381688E-05    0.8914956E-05   -0.1868171E-04   -0.7095427E-04   -0.1450038E-04    0.3644883E-05    0.4445460E-05    0.2601272E-05    0.2712075E-04   -0.1130231E-03    0.6690694E-06   -0.2585557E-05
    0.8880339E-06    0.1343572E-04   -0.1426071E-05    0.3823972E-04    0.9995929E-03    0.1091537E-03    0.4981490E-04    0.2838901E-07    0.4757900E-03   -0.3806930E-05    0.2940899E-03   -0.6905596E-02    0.2742495E-02    0.4599370E-02    0.3986358E-02   -0.6747961E-03    0.7157017E-03    0.3357914E-03   -0.2700613E-05   -0.3758500E-03    0.2918219E-05    0.3302336E-05   -0.3085664E-05    0.3806860E-05   -0.1150841E-04   -0.2955713E-04    0.3673855E-05    0.3364632E-05   -0.1139438E-04    0.5932019E-05    0.8554420E-06   -0.1704141E-04   -0.2639368E-06   -0.7159203E-07
    0.8228999E-08   -0.4477094E-07   -0.3108962E-08   -0.2153076E-05   -0.8249231E-06    0.8196583E-05    0.2838901E-07    0.6247215E-05    0.8580264E-03    0.9524807E-05   -0.4803036E-04    0.3447497E-02    0.8448020E-03    0.7116780E-03    0.1319865E-02   -0.9144826E-04    0.1098543E-04    0.5916822E-05   -0.2041389E-03    0.4534577E-03    0.3994253E-06    0.4788259E-06    0.7556179E-06    0.1328427E-05    0.1896823E-05    0.4692776E-05   -0.7515498E-06   -0.8086072E-07    0.7940790E-06    0.5376651E-06    0.9200167E-06    0.2000634E-04   -0.4095793E-07   -0.4218244E-07
   -0.3405476E-05    0.2598933E-02   -0.2499362E-03   -0.1025259E-01    0.1488462E+00   -0.1396658E-01    0.4757900E-03    0.8580264E-03    0.4523158E+02   -0.5646504E+00   -0.1768201E+01    0.5043775E+02    0.5372945E+00   -0.2265286E+02   -0.6330059E+02    0.5802269E+00   -0.1351175E-01    0.1306281E+00   -0.2151526E+01   -0.1873620E+02    0.3336227E-03   -0.4361144E-03    0.2713689E-02    0.2927045E-03   -0.9788506E-03    0.2543205E-01    0.1527682E-02    0.8806857E-04    0.6473655E-02    0.1785921E-02    0.8835342E-03    0.3180519E-02   -0.2096303E-03    0.4567088E-02
    0.6458028E-06   -0.5245738E-04    0.3772260E-05    0.2754916E-03   -0.3204002E-02    0.5017954E-03   -0.3806930E-05    0.9524807E-05   -0.5646504E+00    0.8102642E-01   -0.6296538E-01   -0.6482233E+00    0.1010310E+01    0.1946618E+01    0.8761317E+00    0.5377880E-01   -0.2972252E-02    0.9998982E-02    0.1100766E+00    0.1379731E+00    0.5950983E-05   -0.8115723E-05   -0.2494967E-03   -0.1481146E-04    0.2686634E-03    0.1691382E-03   -0.6124653E-04    0.3076240E-04    0.7093567E-04    0.1009788E-03   -0.1024279E-03    0.1208778E-02    0.9198478E-05   -0.2564218E-04
    0.1302981E-04   -0.4367296E-03    0.5976044E-04    0.1686245E-02   -0.2310863E-01    0.2227871E-02    0.2940899E-03   -0.4803036E-04   -0.1768201E+01   -0.6296538E-01    0.3550052E+01   -0.2889196E+02   -0.4146624E+01    0.7118374E+01    0.6386106E+01   -0.2436735E+01   -0.1225122E+00    0.8141098E-01    0.2242078E+01    0.2054206E+01    0.1910991E-04    0.1578980E-03   -0.4178097E-04   -0.8052919E-04    0.3669494E-04   -0.1688002E-02   -0.1469271E-02    0.4624518E-03   -0.3216744E-02    0.5805378E-03   -0.1966400E-02   -0.1774907E-02    0.1743155E-03   -0.3544796E-03
   -0.6664548E-04    0.9899768E-02   -0.1207213E-02   -0.3413964E-01    0.5451879E+00   -0.3906547E-01   -0.6905596E-02    0.3447497E-02    0.5043775E+02   -0.6482233E+00   -0.2889196E+02    0.7868062E+03    0.7225078E+02   -0.5911977E+02   -0.7836877E+02    0.1294225E+02   -0.4076413E+01    0.2363135E+01   -0.1176114E+02   -0.1837204E+02   -0.3124572E-02   -0.8571096E-03   -0.2922149E-02   -0.2558175E-03   -0.1206622E-01    0.8887175E-01   -0.9632499E-02   -0.1781391E-01    0.4339795E-02   -0.5490445E-02    0.3960029E-02   -0.1904500E-01    0.6140312E-02    0.5103634E-02
    0.3254164E-05    0.5026265E-02   -0.5328935E-03   -0.8808447E-02    0.2682115E+00   -0.2833709E-02    0.2742495E-02    0.8448020E-03    0.5372945E+00    0.1010310E+01   -0.4146624E+01    0.7225078E+02    0.6415225E+02    0.4655972E+02    0.1889499E+02   -0.4043338E+01   -0.2537551E+00   -0.8775112E+00    0.4307808E+01    0.5146519E+01   -0.7826635E-03   -0.6211145E-03   -0.2280000E-02   -0.4521435E-03    0.5338818E-03    0.8683846E-02    0.4132636E-02   -0.3607819E-03    0.3341170E-02   -0.1759459E-02    0.6587870E-02    0.2662589E-01    0.2242707E-04    0.4334596E-03
    0.6333048E-04    0.1275553E-02   -0.1297814E-03    0.6128784E-02    0.6215546E-01    0.1925650E-01    0.4599370E-02    0.7116780E-03   -0.2265286E+02    0.1946618E+01    0.7118374E+01   -0.5911977E+02    0.4655972E+02    0.1004028E+03    0.6832154E+02   -0.1112157E+02   -0.6167028E+00   -0.1519088E+00    0.5435721E+01    0.7105198E+01   -0.2189248E-03    0.6606285E-04   -0.8259412E-02   -0.7290017E-03    0.5841004E-02   -0.7657433E-03   -0.9747406E-03    0.1837295E-02   -0.1069582E-01    0.2304451E-02   -0.4906043E-02    0.3607241E-01    0.6957791E-03   -0.2459994E-02
    0.4501260E-04   -0.8333855E-03    0.8510996E-04    0.1176779E-01   -0.5060374E-01    0.2738362E-01    0.3986358E-02    0.1319865E-02   -0.6330059E+02    0.8761317E+00    0.6386106E+01   -0.7836877E+02    0.1889499E+02    0.6832154E+02    0.1237323E+03   -0.9597740E+01   -0.3257077E+00   -0.2847957E+00    0.7387446E-01    0.1610883E+02   -0.4497927E-03    0.8810248E-03   -0.3830802E-02   -0.6709658E-03    0.4738689E-02   -0.4225966E-01    0.1858962E-02   -0.9832297E-03   -0.1514549E-01   -0.7244775E-02    0.1496594E-02    0.2160118E-01    0.5567840E-03   -0.7823781E-02
   -0.1347100E-04    0.8794479E-03   -0.1185853E-03   -0.3943092E-02    0.4955507E-01   -0.6699285E-02   -0.6747961E-03   -0.9144826E-04    0.5802269E+00    0.5377880E-01   -0.2436735E+01    0.1294225E+02   -0.4043338E+01   -0.1112157E+02   -0.9597740E+01    0.5652060E+01    0.1722236E+00   -0.5756450E-01   -0.1951260E+01   -0.1892516E+01   -0.2416875E-03   -0.2055725E-03   -0.3549199E-03    0.4402940E-04   -0.2385928E-03    0.4873543E-03   -0.2382791E-03    0.2763560E-03    0.2741398E-02    0.2082927E-02    0.8928702E-03   -0.1868220E-03   -0.9806779E-04    0.1029226E-03
    0.8125089E-05    0.2235910E-03   -0.2708059E-04    0.3197717E-03    0.1405693E-01    0.9728664E-03    0.7157017E-03    0.1098543E-04   -0.1351175E-01   -0.2972252E-02   -0.1225122E+00   -0.4076413E+01   -0.2537551E+00   -0.6167028E+00   -0.3257077E+00    0.1722236E+00    0.3459018E+01    0.4079560E+00    0.1981801E+00    0.2302333E+00    0.4817685E-04    0.7355746E-04   -0.2686111E-03    0.9244511E-04   -0.5209436E-03    0.1800601E-02   -0.8237005E-03    0.4799254E-03    0.1466279E-02   -0.1530845E-02   -0.1654136E-02   -0.7059747E-02    0.2784338E-03    0.1885359E-04
    0.1251759E-04    0.2559083E-03   -0.1847076E-04   -0.1260877E-02    0.1599506E-01   -0.2273726E-02    0.3357914E-03    0.5916822E-05    0.1306281E+00    0.9998982E-02    0.8141098E-01    0.2363135E+01   -0.8775112E+00   -0.1519088E+00   -0.2847957E+00   -0.5756450E-01    0.4079560E+00    0.3358502E+01    0.2573202E+01    0.1624479E+01   -0.7557116E-04    0.5856605E-04    0.7594307E-04   -0.1828990E-03    0.1125467E-02   -0.2247916E-02   -0.6471274E-04    0.5747019E-03    0.3314914E-03    0.1207058E-03    0.2123480E-02   -0.1779562E-02   -0.2959278E-03   -0.2225761E-03
    0.1166084E-05    0.3638437E-03   -0.3054175E-04   -0.2153290E-02    0.1927240E-01   -0.4106761E-02   -0.2700613E-05   -0.2041389E-03   -0.2151526E+01    0.1100766E+00    0.2242078E+01   -0.1176114E+02    0.4307808E+01    0.5435721E+01    0.7387446E-01   -0.1951260E+01    0.1981801E+00    0.2573202E+01    0.1714477E+02    0.2601854E+02   -0.7323010E-04    0.1920322E-03    0.8231434E-03   -0.1752784E-03   -0.1504041E-02   -0.1994178E-02   -0.4203696E-02    0.9509524E-03    0.3723500E-02    0.5573930E-02   -0.1889105E-02   -0.7198860E-02   -0.3914887E-04    0.2583046E-02
   -0.1590058E-04   -0.8896867E-06   -0.1869960E-05   -0.1817481E-02   -0.7628372E-02   -0.2603627E-02   -0.3758500E-03    0.4534577E-03   -0.1873620E+02    0.1379731E+00    0.2054206E+01   -0.1837204E+02    0.5146519E+01    0.7105198E+01    0.1610883E+02   -0.1892516E+01    0.2302333E+00    0.1624479E+01    0.2601854E+02    0.5547583E+02   -0.2431347E-03    0.3729737E-03   -0.1683242E-02    0.2632838E-03   -0.4200473E-02   -0.1019799E-01   -0.8694193E-02    0.7128060E-03    0.2590718E-02    0.9443444E-02   -0.7343433E-02   -0.1844084E-01   -0.8654480E-05    0.4663020E-02
    0.4114964E-07    0.1076742E-07   -0.2240162E-07    0.3397468E-05    0.2304298E-04    0.7320246E-05    0.2918219E-05    0.3994253E-06    0.3336227E-03    0.5950983E-05    0.1910991E-04   -0.3124572E-02   -0.7826635E-03   -0.2189248E-03   -0.4497927E-03   -0.2416875E-03    0.4817685E-04   -0.7557116E-04   -0.7323010E-04   -0.2431347E-03    0.3195631E-04    0.9071747E-05   -0.9913661E-06    0.2890734E-05    0.2094269E-06   -0.2606206E-05   -0.2675708E-05    0.2318726E-05   -0.9023187E-05    0.3330727E-05    0.2185562E-05   -0.2839871E-04   -0.6639750E-07    0.8319748E-07
    0.4900358E-07    0.2033154E-06   -0.2675605E-07    0.1572943E-05    0.3469110E-04    0.4156048E-05    0.3302336E-05    0.4788259E-06   -0.4361144E-03   -0.8115723E-05    0.1578980E-03   -0.8571096E-03   -0.6211145E-03    0.6606285E-04    0.8810248E-03   -0.2055725E-03    0.7355746E-04    0.5856605E-04    0.1920322E-03    0.3729737E-03    0.9071747E-05    0.2436800E-04    0.1549181E-05    0.1191594E-04   -0.4967019E-05    0.1962427E-05   -0.1903428E-05   -0.7133530E-06   -0.9034062E-05   -0.3484301E-05   -0.9712424E-05   -0.1586128E-04   -0.1285951E-07   -0.6503339E-07
   -0.6487316E-07    0.6703042E-07    0.1885358E-07   -0.3549313E-05   -0.4205093E-04   -0.5381688E-05   -0.3085664E-05    0.7556179E-06    0.2713689E-02   -0.2494967E-03   -0.4178097E-04   -0.2922149E-02   -0.2280000E-02   -0.8259412E-02   -0.3830802E-02   -0.3549199E-03   -0.2686111E-03    0.7594307E-04    0.8231434E-03   -0.1683242E-02   -0.9913661E-06    0.1549181E-05    0.1058909E-02    0.4458223E-05   -0.1326575E-04    0.3770539E-04   -0.1587688E-05    0.5129104E-06    0.1619445E-04    0.1984342E-04    0.1623421E-04    0.3781717E-04    0.6541030E-07   -0.7557414E-07
    0.8443040E-07    0.4488140E-06   -0.7709858E-07    0.2847036E-05    0.5176974E-04    0.8914956E-05    0.3806860E-05    0.1328427E-05    0.2927045E-03   -0.1481146E-04   -0.8052919E-04   -0.2558175E-03   -0.4521435E-03   -0.7290017E-03   -0.6709658E-03    0.4402940E-04    0.9244511E-04   -0.1828990E-03   -0.1752784E-03    0.2632838E-03    0.2890734E-05    0.1191594E-04    0.4458223E-05    0.4670014E-04   -0.5420789E-05   -0.1098587E-04    0.5870454E-06   -0.6176187E-05    0.2560024E-05   -0.1399106E-04   -0.6064465E-05   -0.1519091E-04   -0.3286260E-09    0.4551235E-07
   -0.1387523E-06   -0.2701488E-05    0.1098953E-06   -0.7791616E-05   -0.2285361E-03   -0.1868171E-04   -0.1150841E-04    0.1896823E-05   -0.9788506E-03    0.2686634E-03    0.3669494E-04   -0.1206622E-01    0.5338818E-03    0.5841004E-02    0.4738689E-02   -0.2385928E-03   -0.5209436E-03    0.1125467E-02   -0.1504041E-02   -0.4200473E-02    0.2094269E-06   -0.4967019E-05   -0.1326575E-04   -0.5420789E-05    0.2150578E-02    0.1209237E-03    0.4124112E-05    0.6905009E-05   -0.4946214E-04    0.1179520E-04   -0.1429786E-04    0.1409776E-05   -0.5628985E-06   -0.9669394E-06
   -0.3178116E-06   -0.9562559E-05    0.1803946E-05   -0.2912209E-04   -0.6653939E-03   -0.7095427E-04   -0.2955713E-04    0.4692776E-05    0.2543205E-01    0.1691382E-03   -0.1688002E-02    0.8887175E-01    0.8683846E-02   -0.7657433E-03   -0.4225966E-01    0.4873543E-03    0.1800601E-02   -0.2247916E-02   -0.1994178E-02   -0.1019799E-01   -0.2606206E-05    0.1962427E-05    0.3770539E-04   -0.1098587E-04    0.1209237E-03    0.1695886E-01   -0.3970425E-04   -0.7801760E-04   -0.3581506E-04   -0.9762494E-04   -0.2637743E-05    0.4300765E-03    0.1815535E-05    0.2980855E-05
    0.3998866E-08    0.1290468E-05   -0.1507659E-06   -0.7761196E-05    0.6985423E-04   -0.1450038E-04    0.3673855E-05   -0.7515498E-06    0.1527682E-02   -0.6124653E-04   -0.1469271E-02   -0.9632499E-02    0.4132636E-02   -0.9747406E-03    0.1858962E-02   -0.2382791E-03   -0.8237005E-03   -0.6471274E-04   -0.4203696E-02   -0.8694193E-02   -0.2675708E-05   -0.1903428E-05   -0.1587688E-05    0.5870454E-06    0.4124112E-05   -0.3970425E-04    0.1444967E-02    0.2961352E-03    0.9970951E-04   -0.3841758E-03   -0.3042526E-04   -0.1700132E-03   -0.3510376E-06   -0.1203128E-05
   -0.6611982E-08    0.9320086E-06    0.3736381E-09    0.1309574E-05    0.5670343E-04    0.3644883E-05    0.3364632E-05   -0.8086072E-07    0.8806857E-04    0.3076240E-04    0.4624518E-03   -0.1781391E-01   -0.3607819E-03    0.1837295E-02   -0.9832297E-03    0.2763560E-03    0.4799254E-03    0.5747019E-03    0.9509524E-03    0.7128060E-03    0.2318726E-05   -0.7133530E-06    0.5129104E-06   -0.6176187E-05    0.6905009E-05   -0.7801760E-04    0.2961352E-03    0.8402825E-03    0.5385790E-04    0.7281256E-03    0.3697474E-04   -0.8504202E-03   -0.1964322E-06    0.1691017E-07
   -0.2111141E-06   -0.3122857E-05    0.2220019E-06    0.7266892E-05   -0.2394909E-03    0.4445460E-05   -0.1139438E-04    0.7940790E-06    0.6473655E-02    0.7093567E-04   -0.3216744E-02    0.4339795E-02    0.3341170E-02   -0.1069582E-01   -0.1514549E-01    0.2741398E-02    0.1466279E-02    0.3314914E-03    0.3723500E-02    0.2590718E-02   -0.9023187E-05   -0.9034062E-05    0.1619445E-04    0.2560024E-05   -0.4946214E-04   -0.3581506E-04    0.9970951E-04    0.5385790E-04    0.7060656E-02   -0.1996191E-03    0.7353624E-03    0.4386878E-02    0.3207489E-06    0.1123576E-05
   -0.1716108E-06    0.3421965E-05   -0.5384689E-06   -0.1848374E-05    0.1502557E-03    0.2601272E-05    0.5932019E-05    0.5376651E-06    0.1785921E-02    0.1009788E-03    0.5805378E-03   -0.5490445E-02   -0.1759459E-02    0.2304451E-02   -0.7244775E-02    0.2082927E-02   -0.1530845E-02    0.1207058E-03    0.5573930E-02    0.9443444E-02    0.3330727E-05   -0.3484301E-05    0.1984342E-04   -0.1399106E-04    0.1179520E-04   -0.9762494E-04   -0.3841758E-03    0.7281256E-03   -0.1996191E-03    0.2889945E-02    0.4615644E-03   -0.1105397E-02   -0.4530806E-07    0.2618741E-05
   -0.5690603E-06    0.4519220E-05   -0.5032742E-06    0.7319126E-05    0.1312649E-03    0.2712075E-04    0.8554420E-06    0.9200167E-06    0.8835342E-03   -0.1024279E-03   -0.1966400E-02    0.3960029E-02    0.6587870E-02   -0.4906043E-02    0.1496594E-02    0.8928702E-03   -0.1654136E-02    0.2123480E-02   -0.1889105E-02   -0.7343433E-02    0.2185562E-05   -0.9712424E-05    0.1623421E-04   -0.6064465E-05   -0.1429786E-04   -0.2637743E-05   -0.3042526E-04    0.3697474E-04    0.7353624E-03    0.4615644E-03    0.6563843E-02    0.7871724E-02    0.5561219E-07   -0.2366907E-05
   -0.2056327E-05    0.2860996E-05   -0.5642389E-06   -0.7607499E-04   -0.3371068E-03   -0.1130231E-03   -0.1704141E-04    0.2000634E-04    0.3180519E-02    0.1208778E-02   -0.1774907E-02   -0.1904500E-01    0.2662589E-01    0.3607241E-01    0.2160118E-01   -0.1868220E-03   -0.7059747E-02   -0.1779562E-02   -0.7198860E-02   -0.1844084E-01   -0.2839871E-04   -0.1586128E-04    0.3781717E-04   -0.1519091E-04    0.1409776E-05    0.4300765E-03   -0.1700132E-03   -0.8504202E-03    0.4386878E-02   -0.1105397E-02    0.7871724E-02    0.6637055E-01   -0.1016364E-05   -0.5556456E-05
    0.1045834E-08   -0.5606436E-07    0.4074084E-08    0.3461934E-06   -0.3742086E-05    0.6690694E-06   -0.2639368E-06   -0.4095793E-07   -0.2096303E-03    0.9198478E-05    0.1743155E-03    0.6140312E-02    0.2242707E-04    0.6957791E-03    0.5567840E-03   -0.9806779E-04    0.2784338E-03   -0.2959278E-03   -0.3914887E-04   -0.8654480E-05   -0.6639750E-07   -0.1285951E-07    0.6541030E-07   -0.3286260E-09   -0.5628985E-06    0.1815535E-05   -0.3510376E-06   -0.1964322E-06    0.3207489E-06   -0.4530806E-07    0.5561219E-07   -0.1016364E-05    0.5921904E-06    0.4101399E-08
   -0.4474171E-08    0.2455753E-06   -0.2427110E-07   -0.1524626E-05    0.1265718E-04   -0.2585557E-05   -0.7159203E-07   -0.4218244E-07    0.4567088E-02   -0.2564218E-04   -0.3544796E-03    0.5103634E-02    0.4334596E-03   -0.2459994E-02   -0.7823781E-02    0.1029226E-03    0.1885359E-04   -0.2225761E-03    0.2583046E-02    0.4663020E-02    0.8319748E-07   -0.6503339E-07   -0.7557414E-07    0.4551235E-07   -0.9669394E-06    0.2980855E-05   -0.1203128E-05    0.1691017E-07    0.1123576E-05    0.2618741E-05   -0.2366907E-05   -0.5556456E-05    0.4101399E-08    0.2119442E-05
