# omegabh2 omegach2 theta mnu logA ns
  2.5062080E-07   7.4111212E-07   4.9588525E-07   1.1557559E-05  -2.5407655E-06   1.0139598E-07
  7.4111212E-07   6.7230403E-04   9.1269853E-04   2.2221019E-02  -2.8518980E-03  -4.1548049E-05
  4.9588525E-07   9.1269853E-04   1.3037179E-03   3.2260849E-02  -3.6004371E-03  -3.0810122E-06
  1.1557559E-05   2.2221019E-02   3.2260849E-02   8.9600288E-01  -7.9996719E-02   1.8651669E-03
 -2.5407655E-06  -2.8518980E-03  -3.6004371E-03  -7.9996719E-02   1.4660071E-02   6.7060142E-04
  1.0139598E-07  -4.1548049E-05  -3.0810122E-06   1.8651669E-03   6.7060142E-04   3.9955957E-04
