# omegabh2 omegach2 theta tau logA ns calPlanck acib217 xi asz143 aps100 aps143 aps143217 aps217 aksz kgal100 kgal143 kgal143217 kgal217 cal0 cal2
    0.3943370E-07   -0.8038782E-07    0.2617328E-07    0.6411405E-06    0.1243229E-05    0.3456399E-06    0.2789930E-07   -0.1593417E-03    0.2513338E-05    0.5919561E-04   -0.8132368E-03   -0.4458699E-03   -0.9397289E-04    0.2967436E-04   -0.7854397E-04    0.7082582E-05    0.7176966E-05    0.1305630E-04    0.4936648E-04    0.4549103E-09   -0.1406376E-07
   -0.8038782E-07    0.1439775E-05   -0.6793020E-07   -0.7243852E-05   -0.1139960E-04   -0.3380374E-05   -0.1693158E-06    0.3528886E-03   -0.9935632E-05   -0.8982820E-04    0.1471595E-02    0.8681262E-03    0.1490123E-03   -0.1978519E-03    0.1247354E-03   -0.1913245E-04    0.1663243E-06    0.9204273E-04    0.1114217E-03   -0.2328905E-07    0.4687847E-07
    0.2617328E-07   -0.6793020E-07    0.1674445E-06    0.1254701E-05    0.2595390E-05    0.4647234E-06    0.4098319E-07   -0.6046665E-04    0.2770266E-06    0.3780869E-04   -0.4454000E-03   -0.1720314E-03   -0.2012259E-04    0.2792092E-04   -0.3299929E-04    0.1360609E-04    0.7958460E-05    0.3689983E-04    0.6591802E-04   -0.2625101E-09   -0.1035451E-07
    0.6411405E-06   -0.7243852E-05    0.1254701E-05    0.1405164E-03    0.2534287E-03    0.2632426E-04   -0.4024767E-05   -0.5954710E-02    0.1449552E-03    0.1522160E-02   -0.2983665E-01   -0.1182615E-01   -0.9323398E-03    0.2042529E-02   -0.2034125E-02    0.3975888E-03    0.6239833E-03   -0.3122896E-03   -0.3672351E-03   -0.1100264E-06   -0.6137358E-06
    0.1243229E-05   -0.1139960E-04    0.2595390E-05    0.2534287E-03    0.4865005E-03    0.4378297E-04    0.3800936E-05   -0.1146915E-01    0.3133741E-03    0.2922437E-02   -0.5340221E-01   -0.2025647E-01    0.1351428E-02    0.9690719E-02   -0.4616364E-02    0.6089356E-03    0.4758360E-03   -0.7889342E-03    0.1687185E-02   -0.5219110E-07   -0.1051163E-05
    0.3456399E-06   -0.3380374E-05    0.4647234E-06    0.2632426E-04    0.4378297E-04    0.1949530E-04    0.5478178E-06   -0.5603601E-02    0.1373342E-03    0.1536585E-02   -0.3093544E-01   -0.8002842E-02    0.3409662E-02    0.6689484E-02   -0.2922133E-02    0.4318702E-03    0.1164510E-04   -0.4586696E-03    0.3393405E-03   -0.1613004E-06   -0.5889923E-06
    0.2789930E-07   -0.1693158E-06    0.4098319E-07   -0.4024767E-05    0.3800936E-05    0.5478178E-06    0.6096471E-05    0.5948905E-03    0.1730367E-05    0.3712747E-05    0.2325140E-02    0.4331979E-03    0.3499798E-03    0.1358842E-02    0.2937597E-04    0.6839440E-04   -0.1057553E-03   -0.2304312E-04    0.9873710E-03   -0.2420042E-07    0.6407985E-07
   -0.1593417E-03    0.3528886E-03   -0.6046665E-04   -0.5954710E-02   -0.1146915E-01   -0.5603601E-02    0.5948905E-03    0.4257017E+02   -0.4371964E+00   -0.1772290E+01    0.4022910E+02    0.1208287E+01   -0.2001820E+02   -0.6008143E+02    0.5136015E+00   -0.1165792E+00   -0.1021797E+00   -0.1836979E+01   -0.1780072E+02   -0.2875561E-03    0.4446387E-02
    0.2513338E-05   -0.9935632E-05    0.2770266E-06    0.1449552E-03    0.3133741E-03    0.1373342E-03    0.1730367E-05   -0.4371964E+00    0.8126636E-01   -0.8018266E-01   -0.1894464E+00    0.1011941E+01    0.1825696E+01    0.6699451E+00    0.8121040E-01    0.1154956E-01    0.1240717E-01    0.7710257E-01    0.4618285E-01    0.1070676E-04   -0.2050198E-04
    0.5919561E-04   -0.8982820E-04    0.3780869E-04    0.1522160E-02    0.2922437E-02    0.1536585E-02    0.3712747E-05   -0.1772290E+01   -0.8018266E-01    0.3783462E+01   -0.2944361E+02   -0.4207893E+01    0.7606817E+01    0.7012157E+01   -0.2822030E+01   -0.1694780E+00    0.9161797E-01    0.2310850E+01    0.2052804E+01    0.1493300E-03   -0.4158327E-03
   -0.8132368E-03    0.1471595E-02   -0.4454000E-03   -0.2983665E-01   -0.5340221E-01   -0.3093544E-01    0.2325140E-02    0.4022910E+02   -0.1894464E+00   -0.2944361E+02    0.7544122E+03    0.7506738E+02   -0.5153376E+02   -0.6599685E+02    0.1404353E+02   -0.3712797E+01    0.3106596E+01   -0.1075143E+02   -0.1581056E+02    0.6249747E-02    0.4599646E-02
   -0.4458699E-03    0.8681262E-03   -0.1720314E-03   -0.1182615E-01   -0.2025647E-01   -0.8002842E-02    0.4331979E-03    0.1208287E+01    0.1011941E+01   -0.4207893E+01    0.7506738E+02    0.6331525E+02    0.4497679E+02    0.1769210E+02   -0.4393038E+01   -0.7267051E-01   -0.1053355E+01    0.3435330E+01    0.2724371E+01    0.1716260E-03    0.9054114E-04
   -0.9397289E-04    0.1490123E-03   -0.2012259E-04   -0.9323398E-03    0.1351428E-02    0.3409662E-02    0.3499798E-03   -0.2001820E+02    0.1825696E+01    0.7606817E+01   -0.5153376E+02    0.4497679E+02    0.9803792E+02    0.6648438E+02   -0.1230873E+02   -0.1843940E+00   -0.1749153E+00    0.3758342E+01    0.3180565E+01    0.7695955E-03   -0.2884460E-02
    0.2967436E-04   -0.1978519E-03    0.2792092E-04    0.2042529E-02    0.9690719E-02    0.6689484E-02    0.1358842E-02   -0.6008143E+02    0.6699451E+00    0.7012157E+01   -0.6599685E+02    0.1769210E+02    0.6648438E+02    0.1219738E+03   -0.1082801E+02   -0.6621077E-01   -0.7147981E-01   -0.9147747E+00    0.1368533E+02    0.7835851E-03   -0.7988602E-02
   -0.7854397E-04    0.1247354E-03   -0.3299929E-04   -0.2034125E-02   -0.4616364E-02   -0.2922133E-02    0.2937597E-04    0.5136015E+00    0.8121040E-01   -0.2822030E+01    0.1404353E+02   -0.4393038E+01   -0.1230873E+02   -0.1082801E+02    0.6346438E+01    0.7959007E-01   -0.1903383E+00   -0.2008271E+01   -0.1526197E+01   -0.1017581E-03    0.2783349E-03
    0.7082582E-05   -0.1913245E-04    0.1360609E-04    0.3975888E-03    0.6089356E-03    0.4318702E-03    0.6839440E-04   -0.1165792E+00    0.1154956E-01   -0.1694780E+00   -0.3712797E+01   -0.7267051E-01   -0.1843940E+00   -0.6621077E-01    0.7959007E-01    0.3519061E+01    0.4492395E+00    0.1041304E+00    0.7524840E-01    0.2619772E-03   -0.2759689E-04
    0.7176966E-05    0.1663243E-06    0.7958460E-05    0.6239833E-03    0.4758360E-03    0.1164510E-04   -0.1057553E-03   -0.1021797E+00    0.1240717E-01    0.9161797E-01    0.3106596E+01   -0.1053355E+01   -0.1749153E+00   -0.7147981E-01   -0.1903383E+00    0.4492395E+00    0.3389371E+01    0.2691028E+01    0.1852415E+01   -0.2925493E-03   -0.2269792E-03
    0.1305630E-04    0.9204273E-04    0.3689983E-04   -0.3122896E-03   -0.7889342E-03   -0.4586696E-03   -0.2304312E-04   -0.1836979E+01    0.7710257E-01    0.2310850E+01   -0.1075143E+02    0.3435330E+01    0.3758342E+01   -0.9147747E+00   -0.2008271E+01    0.1041304E+00    0.2691028E+01    0.1717900E+02    0.2533169E+02   -0.5456382E-04    0.2376851E-02
    0.4936648E-04    0.1114217E-03    0.6591802E-04   -0.3672351E-03    0.1687185E-02    0.3393405E-03    0.9873710E-03   -0.1780072E+02    0.4618285E-01    0.2052804E+01   -0.1581056E+02    0.2724371E+01    0.3180565E+01    0.1368533E+02   -0.1526197E+01    0.7524840E-01    0.1852415E+01    0.2533169E+02    0.5363287E+02   -0.2829880E-04    0.4366251E-02
    0.4549103E-09   -0.2328905E-07   -0.2625101E-09   -0.1100264E-06   -0.5219110E-07   -0.1613004E-06   -0.2420042E-07   -0.2875561E-03    0.1070676E-04    0.1493300E-03    0.6249747E-02    0.1716260E-03    0.7695955E-03    0.7835851E-03   -0.1017581E-03    0.2619772E-03   -0.2925493E-03   -0.5456382E-04   -0.2829880E-04    0.6071046E-06   -0.1406246E-07
   -0.1406376E-07    0.4687847E-07   -0.1035451E-07   -0.6137358E-06   -0.1051163E-05   -0.5889923E-06    0.6407985E-07    0.4446387E-02   -0.2050198E-04   -0.4158327E-03    0.4599646E-02    0.9054114E-04   -0.2884460E-02   -0.7988602E-02    0.2783349E-03   -0.2759689E-04   -0.2269792E-03    0.2376851E-02    0.4366251E-02   -0.1406246E-07    0.2072287E-05
