# omegabh2 omegach2 theta tau mnu nnu logA ns calPlanck acib217 xi asz143 aps100 aps143 aps143217 aps217 aksz kgal100 kgal143 kgal143217 kgal217 galfEE100 galfEE100143 galfEE100217 galfEE143 galfEE143217 galfEE217 galfTE100 galfTE100143 galfTE100217 galfTE143 galfTE143217 galfTE217 cal0 cal2
    0.4291735E-07    0.3145504E-06   -0.3377335E-07    0.1291198E-05    0.4999923E-05    0.2700594E-04    0.3511543E-05    0.1232894E-05    0.1147826E-07    0.5171904E-04   -0.2727361E-05    0.7118600E-05    0.7194500E-04   -0.7539021E-05   -0.5163699E-04   -0.7722578E-04    0.1539697E-04    0.1253395E-04    0.4401404E-05    0.2100999E-04    0.2198997E-04    0.8516379E-07    0.8598999E-07   -0.2156984E-06    0.6841591E-07   -0.1565055E-06    0.7070715E-06   -0.1610990E-07   -0.1675992E-06   -0.6042545E-06   -0.2515830E-06   -0.3788699E-06   -0.2848370E-05    0.4349549E-09    0.5721725E-08
    0.3145504E-06    0.8499801E-05   -0.9494240E-06   -0.4893847E-06    0.3263118E-04    0.4904358E-03    0.2042871E-04    0.1488326E-04   -0.2314261E-06    0.2659335E-02   -0.5613674E-04   -0.7237366E-03    0.1244272E-01    0.5436248E-02    0.4848117E-03   -0.1574435E-02    0.1351291E-02    0.2464120E-03    0.2772707E-03    0.5176135E-03    0.3638729E-03    0.2083757E-06    0.3840588E-06   -0.1909084E-05    0.4774666E-06   -0.5971833E-05   -0.4539283E-05    0.1401687E-05    0.5152418E-06   -0.7571068E-05    0.2689640E-05   -0.3988303E-05   -0.1910922E-05   -0.8536690E-07    0.3285215E-06
   -0.3377335E-07   -0.9494240E-06    0.1947814E-06   -0.1164473E-06   -0.5796214E-05   -0.5954585E-04   -0.2528988E-05   -0.1846002E-05    0.3158466E-07   -0.3382299E-03    0.8616421E-05    0.6678773E-04   -0.1261290E-02   -0.6268184E-03   -0.6015522E-04    0.1857316E-03   -0.1449226E-03   -0.1495368E-04   -0.5538198E-04   -0.1120981E-03   -0.9939687E-04   -0.5642759E-07   -0.9415829E-07   -0.2210548E-06   -0.5123463E-07    0.6433830E-06    0.1214437E-05   -0.3153397E-07   -0.7781083E-07    0.7824683E-06   -0.2468502E-06    0.3856103E-06    0.1257625E-05    0.2066588E-07   -0.4713911E-07
    0.1291198E-05   -0.4893847E-06   -0.1164473E-06    0.2338676E-03    0.6233955E-03    0.6875841E-03    0.4567250E-03    0.5764970E-04   -0.3961655E-05    0.1404607E-02   -0.8557476E-04    0.8603651E-03   -0.2362606E-01   -0.9104673E-02   -0.6117981E-02   -0.7179081E-02   -0.2970708E-03    0.7180462E-03    0.3181636E-03   -0.2194561E-03   -0.1326936E-02    0.2607863E-05    0.4015579E-05   -0.2415368E-04    0.4477396E-05    0.4023898E-05    0.1405253E-04    0.1328217E-04    0.3150018E-06   -0.1209598E-04   -0.1919402E-04    0.3255996E-04    0.1343778E-04   -0.4154654E-06    0.1806349E-06
    0.4999923E-05    0.3263118E-04   -0.5796214E-05    0.6233955E-03    0.4549646E-02    0.3996639E-02    0.1339911E-02    0.2180458E-03    0.6098248E-05    0.1520645E-01   -0.2069230E-03    0.2168372E-03    0.3677427E-02    0.1291758E-01    0.1585937E-02   -0.1170329E-01    0.2765448E-02    0.4214582E-02    0.4077244E-02    0.8537531E-02    0.7359227E-02    0.1834551E-04    0.1826153E-04   -0.5394914E-04    0.2830817E-04    0.1324729E-04   -0.6564368E-04    0.2205037E-04   -0.2635441E-05   -0.3793606E-04   -0.2363585E-04    0.7742446E-04   -0.1511791E-03    0.7310456E-07    0.1806808E-05
    0.2700594E-04    0.4904358E-03   -0.5954585E-04    0.6875841E-03    0.3996639E-02    0.3333115E-01    0.2631202E-02    0.1228436E-02   -0.7068674E-05    0.1757442E+00   -0.4214887E-02   -0.3687280E-01    0.6799977E+00    0.2856334E+00   -0.3217122E-02   -0.1331964E+00    0.7765087E-01    0.1669562E-01    0.2005693E-01    0.3937752E-01    0.2781928E-01    0.4859506E-04    0.5844567E-04   -0.1913223E-03    0.6008406E-04   -0.3336196E-03    0.1354653E-05    0.5840814E-04   -0.1249477E-04   -0.4097080E-03   -0.4780217E-05   -0.2106011E-03   -0.6629973E-03   -0.5498594E-05    0.2181034E-04
    0.3511543E-05    0.2042871E-04   -0.2528988E-05    0.4567250E-03    0.1339911E-02    0.2631202E-02    0.9728096E-03    0.1527413E-03    0.3533449E-05    0.1030880E-01   -0.2167914E-03    0.7716919E-04   -0.9720233E-02   -0.3284689E-02   -0.7875680E-02   -0.1453619E-01    0.2301855E-02    0.1969429E-02    0.9762464E-03    0.7139055E-03   -0.7088919E-03    0.8051579E-05    0.8963397E-05   -0.5105761E-04    0.1087585E-04   -0.1846754E-04    0.2164636E-04    0.3289732E-04    0.4623080E-06   -0.4431617E-04   -0.3849458E-04    0.4376188E-04    0.2200266E-04   -0.7540164E-06    0.1116581E-05
    0.1232894E-05    0.1488326E-04   -0.1846002E-05    0.5764970E-04    0.2180458E-03    0.1228436E-02    0.1527413E-03    0.6242870E-04    0.4618232E-07    0.2490782E-02   -0.5770964E-04   -0.5896936E-04   -0.1193131E-02    0.4175336E-02    0.2352059E-02   -0.2551678E-03    0.3412384E-03    0.8033702E-03    0.5699290E-03    0.9534043E-03    0.8284614E-03    0.4004586E-05    0.5038863E-05   -0.8269249E-05    0.4619428E-05   -0.6914989E-05    0.1001812E-04    0.1073164E-05   -0.2637949E-05   -0.1129806E-04   -0.8701641E-05   -0.3238995E-05   -0.4751616E-04   -0.3771645E-06    0.3274054E-06
    0.1147826E-07   -0.2314261E-06    0.3158466E-07   -0.3961655E-05    0.6098248E-05   -0.7068674E-05    0.3533449E-05    0.4618232E-07    0.6001726E-05    0.1262155E-02    0.2273286E-04    0.5297563E-04    0.4210538E-02    0.3040554E-03    0.3312770E-03    0.1870329E-03    0.1023619E-03    0.7172903E-04    0.5433054E-04    0.7049150E-04    0.3989979E-03    0.1263216E-05    0.2731114E-06    0.1051700E-05    0.6458503E-06   -0.3718754E-05    0.2375817E-05    0.1113286E-05   -0.1085330E-05   -0.3339564E-06   -0.2225112E-05   -0.3750135E-05    0.9351170E-05    0.3201226E-07    0.2249830E-07
    0.5171904E-04    0.2659335E-02   -0.3382299E-03    0.1404607E-02    0.1520645E-01    0.1757442E+00    0.1030880E-01    0.2490782E-02    0.1262155E-02    0.4356870E+02   -0.5237259E+00   -0.1969133E+01    0.4129075E+02   -0.7592053E+00   -0.2381392E+02   -0.6226433E+02    0.1167910E+01    0.2813528E+00   -0.8701046E-01   -0.2046879E+01   -0.1806143E+02    0.4897704E-04   -0.2052774E-03   -0.8469800E-02   -0.2770972E-03   -0.1308453E-03   -0.7555551E-02   -0.4403259E-02   -0.2881359E-02   -0.4696046E-02    0.7520786E-03   -0.1316068E-01   -0.4700302E-01   -0.3959155E-03    0.4415351E-02
   -0.2727361E-05   -0.5613674E-04    0.8616421E-05   -0.8557476E-04   -0.2069230E-03   -0.4214887E-02   -0.2167914E-03   -0.5770964E-04    0.2273286E-04   -0.5237259E+00    0.8154255E-01   -0.6951631E-01   -0.4556960E+00    0.1029762E+01    0.1950371E+01    0.8291403E+00    0.6748053E-01   -0.1795950E-01    0.1148213E-02    0.8932502E-01    0.8948513E-01   -0.1385696E-04    0.4981731E-05    0.1389282E-03    0.4698246E-04    0.3284297E-03   -0.8238242E-03   -0.1527269E-03   -0.3579190E-04   -0.1702316E-03   -0.2219914E-04   -0.1259481E-03    0.3213995E-03    0.8536971E-05   -0.2128188E-04
    0.7118600E-05   -0.7237366E-03    0.6678773E-04    0.8603651E-03    0.2168372E-03   -0.3687280E-01    0.7716919E-04   -0.5896936E-04    0.5297563E-04   -0.1969133E+01   -0.6951631E-01    0.3796839E+01   -0.2837575E+02   -0.3862778E+01    0.8010022E+01    0.6988756E+01   -0.2787380E+01   -0.2106624E+00    0.2406140E-01    0.2421924E+01    0.2399053E+01   -0.1189396E-03    0.2968362E-03    0.1447174E-03   -0.1512740E-03    0.5480269E-03    0.6398327E-02   -0.2862609E-02   -0.8087011E-03    0.8675699E-03   -0.2221854E-02    0.2749763E-02    0.4713631E-02    0.2056738E-03   -0.4183731E-03
    0.7194500E-04    0.1244272E-01   -0.1261290E-02   -0.2362606E-01    0.3677427E-02    0.6799977E+00   -0.9720233E-02   -0.1193131E-02    0.4210538E-02    0.4129075E+02   -0.4556960E+00   -0.2837575E+02    0.7467817E+03    0.6918463E+02   -0.5797312E+02   -0.6547380E+02    0.1442280E+02   -0.3085375E+01    0.2040301E+01   -0.1236640E+02   -0.1768192E+02    0.3364072E-02   -0.2515003E-02   -0.4767140E-03    0.2277715E-02   -0.7237247E-02   -0.9587321E-01    0.4210709E-02    0.1393426E-02   -0.4905618E-01    0.2681256E-01   -0.5493367E-01    0.1981036E-01    0.6505577E-02    0.4362316E-02
   -0.7539021E-05    0.5436248E-02   -0.6268184E-03   -0.9104673E-02    0.1291758E-01    0.2856334E+00   -0.3284689E-02    0.4175336E-02    0.3040554E-03   -0.7592053E+00    0.1029762E+01   -0.3862778E+01    0.6918463E+02    0.6097310E+02    0.4564689E+02    0.1965282E+02   -0.3526650E+01   -0.7079876E+00   -0.1222771E+01    0.4262995E+01    0.4947846E+01   -0.6954593E-03   -0.8965241E-03    0.3798012E-02   -0.3938317E-03    0.6566374E-02   -0.3901156E-01   -0.9189547E-02    0.2184260E-02   -0.1803160E-02    0.5102539E-02   -0.4697317E-02    0.2958428E-01    0.1966637E-03    0.4700546E-03
   -0.5163699E-04    0.4848117E-03   -0.6015522E-04   -0.6117981E-02    0.1585937E-02   -0.3217122E-02   -0.7875680E-02    0.2352059E-02    0.3312770E-03   -0.2381392E+02    0.1950371E+01    0.8010022E+01   -0.5797312E+02    0.4564689E+02    0.1033643E+03    0.7056491E+02   -0.1165164E+02   -0.1371578E+01   -0.4814606E+00    0.5779815E+01    0.7302716E+01   -0.1756754E-02   -0.2728129E-03    0.2682711E-02    0.2236853E-04    0.1038001E-01   -0.1122251E-01   -0.2325842E-01   -0.5691425E-03   -0.5489217E-02   -0.4087860E-02    0.1045200E-01    0.4002189E-01    0.8564136E-03   -0.2632766E-02
   -0.7722578E-04   -0.1574435E-02    0.1857316E-03   -0.7179081E-02   -0.1170329E-01   -0.1331964E+00   -0.1453619E-01   -0.2551678E-03    0.1870329E-03   -0.6226433E+02    0.8291403E+00    0.6988756E+01   -0.6547380E+02    0.1965282E+02    0.7056491E+02    0.1237376E+03   -0.1060096E+02   -0.8311739E+00   -0.1363150E+00    0.4271745E+00    0.1578004E+02   -0.1355471E-02   -0.9463539E-03    0.1143964E-01   -0.1471230E-02    0.2302943E-02    0.1184337E-01   -0.3655720E-02    0.2619143E-02    0.6220981E-02   -0.6490883E-02    0.1825846E-01    0.7858828E-01    0.9681146E-03   -0.7752140E-02
    0.1539697E-04    0.1351291E-02   -0.1449226E-03   -0.2970708E-03    0.2765448E-02    0.7765087E-01    0.2301855E-02    0.3412384E-03    0.1023619E-03    0.1167910E+01    0.6748053E-01   -0.2787380E+01    0.1442280E+02   -0.3526650E+01   -0.1165164E+02   -0.1060096E+02    0.5842030E+01    0.3601738E+00    0.6554855E-01   -0.2017066E+01   -0.1976471E+01    0.2640978E-03   -0.4504491E-04   -0.1197862E-02    0.3863716E-03   -0.2639529E-02    0.1991566E-02    0.4160879E-02    0.3509680E-03    0.5444721E-03    0.3924479E-02   -0.9059760E-04    0.7062034E-02   -0.1310816E-03    0.2623417E-03
    0.1253395E-04    0.2464120E-03   -0.1495368E-04    0.7180462E-03    0.4214582E-02    0.1669562E-01    0.1969429E-02    0.8033702E-03    0.7172903E-04    0.2813528E+00   -0.1795950E-01   -0.2106624E+00   -0.3085375E+01   -0.7079876E+00   -0.1371578E+01   -0.8311739E+00    0.3601738E+00    0.3420648E+01    0.4319335E+00   -0.1425221E+00   -0.2682176E+00    0.9592999E-04    0.3392037E-03    0.2429835E-03    0.1648670E-03   -0.7203898E-03   -0.5407207E-02   -0.2005550E-02    0.7659617E-03    0.6818235E-03    0.1625837E-02    0.3119433E-02    0.9031121E-02    0.2786673E-03   -0.1469534E-04
    0.4401404E-05    0.2772707E-03   -0.5538198E-04    0.3181636E-03    0.4077244E-02    0.2005693E-01    0.9762464E-03    0.5699290E-03    0.5433054E-04   -0.8701046E-01    0.1148213E-02    0.2406140E-01    0.2040301E+01   -0.1222771E+01   -0.4814606E+00   -0.1363150E+00    0.6554855E-01    0.4319335E+00    0.3227248E+01    0.2352792E+01    0.1698716E+01   -0.9330731E-05    0.3055120E-03   -0.6682102E-03    0.2906630E-05    0.3716143E-03    0.6411668E-02    0.2932194E-03   -0.1410165E-02   -0.4145353E-02    0.1362280E-02   -0.6082624E-03   -0.3995098E-02   -0.2720641E-03   -0.2262833E-03
    0.2100999E-04    0.5176135E-03   -0.1120981E-03   -0.2194561E-03    0.8537531E-02    0.3937752E-01    0.7139055E-03    0.9534043E-03    0.7049150E-04   -0.2046879E+01    0.8932502E-01    0.2421924E+01   -0.1236640E+02    0.4262995E+01    0.5779815E+01    0.4271745E+00   -0.2017066E+01   -0.1425221E+00    0.2352792E+01    0.1685218E+02    0.2574394E+02    0.2557487E-03    0.5840932E-03    0.2428707E-02    0.5343162E-04    0.3229720E-02   -0.7371950E-02    0.6610445E-03   -0.2509281E-02   -0.3230844E-02   -0.1814722E-02   -0.7584736E-02   -0.1383013E-01   -0.4312638E-05    0.2544643E-02
    0.2198997E-04    0.3638729E-03   -0.9939687E-04   -0.1326936E-02    0.7359227E-02    0.2781928E-01   -0.7088919E-03    0.8284614E-03    0.3989979E-03   -0.1806143E+02    0.8948513E-01    0.2399053E+01   -0.1768192E+02    0.4947846E+01    0.7302716E+01    0.1578004E+02   -0.1976471E+01   -0.2682176E+00    0.1698716E+01    0.2574394E+02    0.5505147E+02    0.9525065E-03    0.8744093E-03    0.6299170E-02    0.1182762E-02   -0.2600929E-02   -0.1130701E-01    0.4140601E-02    0.6648844E-03   -0.1107500E-02   -0.2859662E-02   -0.1019787E-01   -0.5143464E-02    0.6761907E-04    0.4709792E-02
    0.8516379E-07    0.2083757E-06   -0.5642759E-07    0.2607863E-05    0.1834551E-04    0.4859506E-04    0.8051579E-05    0.4004586E-05    0.1263216E-05    0.4897704E-04   -0.1385696E-04   -0.1189396E-03    0.3364072E-02   -0.6954593E-03   -0.1756754E-02   -0.1355471E-02    0.2640978E-03    0.9592999E-04   -0.9330731E-05    0.2557487E-03    0.9525065E-03    0.3203981E-04    0.7650674E-05   -0.5193358E-05    0.3634881E-05    0.2528280E-06    0.1095614E-05    0.2140689E-05   -0.1869671E-05    0.5863424E-05   -0.4601221E-05   -0.7881541E-05    0.5574650E-06    0.9441022E-08    0.5392208E-07
    0.8598999E-07    0.3840588E-06   -0.9415829E-07    0.4015579E-05    0.1826153E-04    0.5844567E-04    0.8963397E-05    0.5038863E-05    0.2731114E-06   -0.2052774E-03    0.4981731E-05    0.2968362E-03   -0.2515003E-02   -0.8965241E-03   -0.2728129E-03   -0.9463539E-03   -0.4504491E-04    0.3392037E-03    0.3055120E-03    0.5840932E-03    0.8744093E-03    0.7650674E-05    0.2449950E-04   -0.4602345E-05    0.1167552E-04   -0.4903083E-06    0.1591938E-04   -0.3830830E-05   -0.5965255E-07   -0.5977936E-05   -0.9687812E-06   -0.7795493E-05   -0.3401243E-04   -0.5194380E-07    0.7888420E-07
   -0.2156984E-06   -0.1909084E-05   -0.2210548E-06   -0.2415368E-04   -0.5394914E-04   -0.1913223E-03   -0.5105761E-04   -0.8269249E-05    0.1051700E-05   -0.8469800E-02    0.1389282E-03    0.1447174E-03   -0.4767140E-03    0.3798012E-02    0.2682711E-02    0.1143964E-01   -0.1197862E-02    0.2429835E-03   -0.6682102E-03    0.2428707E-02    0.6299170E-02   -0.5193358E-05   -0.4602345E-05    0.1100630E-02   -0.8547863E-06   -0.3180028E-04   -0.7386718E-04    0.1472898E-05   -0.2252403E-04    0.2926094E-05    0.1333149E-04   -0.4487946E-05   -0.1325140E-04    0.5309333E-06   -0.5480542E-06
    0.6841591E-07    0.4774666E-06   -0.5123463E-07    0.4477396E-05    0.2830817E-04    0.6008406E-04    0.1087585E-04    0.4619428E-05    0.6458503E-06   -0.2770972E-03    0.4698246E-04   -0.1512740E-03    0.2277715E-02   -0.3938317E-03    0.2236853E-04   -0.1471230E-02    0.3863716E-03    0.1648670E-03    0.2906630E-05    0.5343162E-04    0.1182762E-02    0.3634881E-05    0.1167552E-04   -0.8547863E-06    0.4466608E-04   -0.3183570E-05    0.2116609E-04   -0.1772816E-05    0.3869979E-05    0.5279488E-05    0.1140181E-04   -0.2168278E-04   -0.2778079E-04    0.1831475E-07    0.1981367E-06
   -0.1565055E-06   -0.5971833E-05    0.6433830E-06    0.4023898E-05    0.1324729E-04   -0.3336196E-03   -0.1846754E-04   -0.6914989E-05   -0.3718754E-05   -0.1308453E-03    0.3284297E-03    0.5480269E-03   -0.7237247E-02    0.6566374E-02    0.1038001E-01    0.2302943E-02   -0.2639529E-02   -0.7203898E-03    0.3716143E-03    0.3229720E-02   -0.2600929E-02    0.2528280E-06   -0.4903083E-06   -0.3180028E-04   -0.3183570E-05    0.2118681E-02    0.2409484E-03   -0.5886082E-04   -0.6760549E-05    0.9142486E-04    0.3299626E-04    0.5998756E-04    0.3727134E-03   -0.9093440E-06   -0.7253227E-06
    0.7070715E-06   -0.4539283E-05    0.1214437E-05    0.1405253E-04   -0.6564368E-04    0.1354653E-05    0.2164636E-04    0.1001812E-04    0.2375817E-05   -0.7555551E-02   -0.8238242E-03    0.6398327E-02   -0.9587321E-01   -0.3901156E-01   -0.1122251E-01    0.1184337E-01    0.1991566E-02   -0.5407207E-02    0.6411668E-02   -0.7371950E-02   -0.1130701E-01    0.1095614E-05    0.1591938E-04   -0.7386718E-04    0.2116609E-04    0.2409484E-03    0.1768893E-01    0.3035987E-04    0.8641576E-04   -0.1271271E-03    0.1740891E-03    0.7569609E-04   -0.9207969E-03   -0.1512118E-05   -0.2968212E-05
   -0.1610990E-07    0.1401687E-05   -0.3153397E-07    0.1328217E-04    0.2205037E-04    0.5840814E-04    0.3289732E-04    0.1073164E-05    0.1113286E-05   -0.4403259E-02   -0.1527269E-03   -0.2862609E-02    0.4210709E-02   -0.9189547E-02   -0.2325842E-01   -0.3655720E-02    0.4160879E-02   -0.2005550E-02    0.2932194E-03    0.6610445E-03    0.4140601E-02    0.2140689E-05   -0.3830830E-05    0.1472898E-05   -0.1772816E-05   -0.5886082E-04    0.3035987E-04    0.1453755E-02    0.3334276E-03   -0.1764098E-04   -0.3119456E-03   -0.1583479E-03   -0.3506233E-03   -0.8900432E-06    0.6568041E-06
   -0.1675992E-06    0.5152418E-06   -0.7781083E-07    0.3150018E-06   -0.2635441E-05   -0.1249477E-04    0.4623080E-06   -0.2637949E-05   -0.1085330E-05   -0.2881359E-02   -0.3579190E-04   -0.8087011E-03    0.1393426E-02    0.2184260E-02   -0.5691425E-03    0.2619143E-02    0.3509680E-03    0.7659617E-03   -0.1410165E-02   -0.2509281E-02    0.6648844E-03   -0.1869671E-05   -0.5965255E-07   -0.2252403E-04    0.3869979E-05   -0.6760549E-05    0.8641576E-04    0.3334276E-03    0.8654225E-03    0.4601553E-04    0.7278384E-03   -0.2454064E-04   -0.6592947E-03   -0.1068764E-06    0.1151963E-06
   -0.6042545E-06   -0.7571068E-05    0.7824683E-06   -0.1209598E-04   -0.3793606E-04   -0.4097080E-03   -0.4431617E-04   -0.1129806E-04   -0.3339564E-06   -0.4696046E-02   -0.1702316E-03    0.8675699E-03   -0.4905618E-01   -0.1803160E-02   -0.5489217E-02    0.6220981E-02    0.5444721E-03    0.6818235E-03   -0.4145353E-02   -0.3230844E-02   -0.1107500E-02    0.5863424E-05   -0.5977936E-05    0.2926094E-05    0.5279488E-05    0.9142486E-04   -0.1271271E-03   -0.1764098E-04    0.4601553E-04    0.6840494E-02   -0.2518887E-03    0.9273888E-03    0.4761603E-02   -0.2050179E-06   -0.5883826E-06
   -0.2515830E-06    0.2689640E-05   -0.2468502E-06   -0.1919402E-04   -0.2363585E-04   -0.4780217E-05   -0.3849458E-04   -0.8701641E-05   -0.2225112E-05    0.7520786E-03   -0.2219914E-04   -0.2221854E-02    0.2681256E-01    0.5102539E-02   -0.4087860E-02   -0.6490883E-02    0.3924479E-02    0.1625837E-02    0.1362280E-02   -0.1814722E-02   -0.2859662E-02   -0.4601221E-05   -0.9687812E-06    0.1333149E-04    0.1140181E-04    0.3299626E-04    0.1740891E-03   -0.3119456E-03    0.7278384E-03   -0.2518887E-03    0.2822728E-02    0.5183037E-03   -0.9888237E-03   -0.5626001E-06   -0.9535135E-06
   -0.3788699E-06   -0.3988303E-05    0.3856103E-06    0.3255996E-04    0.7742446E-04   -0.2106011E-03    0.4376188E-04   -0.3238995E-05   -0.3750135E-05   -0.1316068E-01   -0.1259481E-03    0.2749763E-02   -0.5493367E-01   -0.4697317E-02    0.1045200E-01    0.1825846E-01   -0.9059760E-04    0.3119433E-02   -0.6082624E-03   -0.7584736E-02   -0.1019787E-01   -0.7881541E-05   -0.7795493E-05   -0.4487946E-05   -0.2168278E-04    0.5998756E-04    0.7569609E-04   -0.1583479E-03   -0.2454064E-04    0.9273888E-03    0.5183037E-03    0.6311952E-02    0.7455798E-02   -0.8138309E-06   -0.5649273E-05
   -0.2848370E-05   -0.1910922E-05    0.1257625E-05    0.1343778E-04   -0.1511791E-03   -0.6629973E-03    0.2200266E-04   -0.4751616E-04    0.9351170E-05   -0.4700302E-01    0.3213995E-03    0.4713631E-02    0.1981036E-01    0.2958428E-01    0.4002189E-01    0.7858828E-01    0.7062034E-02    0.9031121E-02   -0.3995098E-02   -0.1383013E-01   -0.5143464E-02    0.5574650E-06   -0.3401243E-04   -0.1325140E-04   -0.2778079E-04    0.3727134E-03   -0.9207969E-03   -0.3506233E-03   -0.6592947E-03    0.4761603E-02   -0.9888237E-03    0.7455798E-02    0.6631626E-01    0.3017519E-05   -0.1323683E-04
    0.4349549E-09   -0.8536690E-07    0.2066588E-07   -0.4154654E-06    0.7310456E-07   -0.5498594E-05   -0.7540164E-06   -0.3771645E-06    0.3201226E-07   -0.3959155E-03    0.8536971E-05    0.2056738E-03    0.6505577E-02    0.1966637E-03    0.8564136E-03    0.9681146E-03   -0.1310816E-03    0.2786673E-03   -0.2720641E-03   -0.4312638E-05    0.6761907E-04    0.9441022E-08   -0.5194380E-07    0.5309333E-06    0.1831475E-07   -0.9093440E-06   -0.1512118E-05   -0.8900432E-06   -0.1068764E-06   -0.2050179E-06   -0.5626001E-06   -0.8138309E-06    0.3017519E-05    0.6112677E-06   -0.3468016E-07
    0.5721725E-08    0.3285215E-06   -0.4713911E-07    0.1806349E-06    0.1806808E-05    0.2181034E-04    0.1116581E-05    0.3274054E-06    0.2249830E-07    0.4415351E-02   -0.2128188E-04   -0.4183731E-03    0.4362316E-02    0.4700546E-03   -0.2632766E-02   -0.7752140E-02    0.2623417E-03   -0.1469534E-04   -0.2262833E-03    0.2544643E-02    0.4709792E-02    0.5392208E-07    0.7888420E-07   -0.5480542E-06    0.1981367E-06   -0.7253227E-06   -0.2968212E-05    0.6568041E-06    0.1151963E-06   -0.5883826E-06   -0.9535135E-06   -0.5649273E-05   -0.1323683E-04   -0.3468016E-07    0.2118753E-05
