# omegabh2 omegach2 theta tau logA ns nrun calPlanck acib217 xi asz143 aps100 aps143 aps143217 aps217 aksz kgal100 kgal143 kgal143217 kgal217 galfEE100 galfEE100143 galfEE100217 galfEE143 galfEE143217 galfEE217 galfTE100 galfTE100143 galfTE100217 galfTE143 galfTE143217 galfTE217 cal0 cal2
    0.2717201E-07   -0.1373736E-06    0.2063808E-07    0.1314359E-05    0.2462711E-05    0.3402931E-06   -0.3932637E-06    0.3807774E-08   -0.5246173E-04    0.1617919E-05    0.2184580E-04   -0.2798502E-03   -0.1368094E-03   -0.1059249E-04    0.4493216E-05   -0.2997753E-04   -0.2545966E-05   -0.3983166E-05    0.5130704E-05    0.6860027E-05    0.7660619E-07    0.9921693E-07   -0.6902280E-07    0.9573346E-07   -0.8674268E-08    0.9764656E-07   -0.8413228E-07   -0.6367347E-07   -0.8028973E-07   -0.2894815E-06   -0.5958691E-06   -0.3348800E-05    0.5437015E-08   -0.2574842E-08
   -0.1373736E-06    0.2121406E-05   -0.1898576E-06   -0.1127854E-04   -0.1734364E-04   -0.5445878E-05   -0.6304837E-07   -0.2345342E-07    0.4818302E-03   -0.1113709E-04   -0.1850342E-03    0.2985261E-02    0.1734168E-02    0.4983627E-03    0.1750374E-03    0.1873632E-03   -0.2248618E-04   -0.3113134E-04    0.1727039E-04    0.1459004E-04   -0.6124408E-06   -0.6469117E-06    0.2445408E-06   -0.8315288E-06    0.8484856E-07   -0.3221140E-05    0.4370305E-06   -0.5882298E-06   -0.1111819E-05    0.1866329E-05    0.3159562E-05    0.2133740E-04   -0.2480437E-08    0.4729333E-07
    0.2063808E-07   -0.1898576E-06    0.1033833E-06    0.1194429E-05    0.2027267E-05    0.6152744E-06   -0.6349651E-07    0.1007915E-07   -0.2990316E-04   -0.6452235E-06    0.1506047E-04   -0.1483248E-03   -0.1292197E-03   -0.6749990E-04   -0.3662424E-04   -0.1358116E-04   -0.8384103E-05   -0.6722936E-05    0.6349388E-05    0.3155209E-04    0.7176597E-07    0.6712762E-07   -0.1147215E-06    0.7930403E-07   -0.6709245E-07   -0.2839086E-06    0.4325327E-07   -0.2921744E-07    0.3459939E-06   -0.4031070E-06   -0.3672251E-06   -0.3641474E-05   -0.1541593E-08    0.6039203E-08
    0.1314359E-05   -0.1127854E-04    0.1194429E-05    0.3404221E-03    0.6570200E-03    0.3537628E-04   -0.3831554E-04   -0.2123528E-05   -0.6669453E-02    0.1616006E-03    0.1696806E-02   -0.3217599E-01   -0.9101897E-02    0.3572179E-02    0.6528276E-02   -0.3697431E-02   -0.2390981E-03   -0.3982055E-03   -0.2028916E-02   -0.2628991E-02    0.7768147E-05    0.7841343E-05   -0.9435380E-05    0.5902294E-05   -0.6454859E-05    0.1704864E-04   -0.1061790E-04   -0.1971475E-05   -0.2335090E-04   -0.2555718E-04   -0.4026129E-04   -0.1838341E-03    0.1879557E-07   -0.9718159E-06
    0.2462711E-05   -0.1734364E-04    0.2027267E-05    0.6570200E-03    0.1310585E-02    0.5432886E-04   -0.8804893E-04    0.8383444E-05   -0.1051314E-01    0.3157302E-03    0.2526832E-02   -0.4291646E-01   -0.8861591E-02    0.1151007E-01    0.1838742E-01   -0.7224584E-02   -0.7875980E-03   -0.1387361E-02   -0.4325632E-02   -0.4032947E-02    0.1628289E-04    0.1562785E-04   -0.2057263E-04    0.1222147E-04   -0.1636401E-04    0.9879589E-05   -0.2031377E-04   -0.3413840E-05   -0.4769765E-04   -0.4395273E-04   -0.7481987E-04   -0.2722317E-03    0.3500305E-06   -0.1812242E-05
    0.3402931E-06   -0.5445878E-05    0.6152744E-06    0.3537628E-04    0.5432886E-04    0.2455904E-04    0.7031676E-05    0.1657323E-06   -0.6559870E-02    0.1590121E-03    0.1734327E-02   -0.3459238E-01   -0.1049933E-01    0.2784592E-02    0.6576714E-02   -0.3184282E-02    0.2011922E-03   -0.9257032E-04   -0.7779491E-03    0.2451519E-03    0.2404086E-05    0.2638004E-05   -0.4862820E-06    0.3022135E-05    0.3583590E-06    0.8706723E-05   -0.1723871E-05    0.1545724E-05    0.7072579E-05   -0.5337548E-05   -0.2947589E-05   -0.4417400E-04   -0.1780478E-06   -0.6522420E-06
   -0.3932637E-06   -0.6304837E-07   -0.6349651E-07   -0.3831554E-04   -0.8804893E-04    0.7031676E-05    0.5062488E-04    0.1051783E-06   -0.8266862E-02    0.1443253E-03    0.1906202E-02   -0.3218394E-01   -0.1376477E-01    0.2404849E-03    0.6541594E-02   -0.2988679E-02   -0.2053961E-03   -0.1837170E-03   -0.4224641E-03    0.1911960E-02   -0.4377991E-05   -0.4712463E-05    0.2918409E-05   -0.4868846E-05    0.3874490E-05    0.7449592E-05   -0.2365991E-06   -0.1396615E-05    0.9498572E-05    0.1049840E-05    0.1391780E-04    0.4501694E-04   -0.1091207E-06   -0.7253029E-06
    0.3807774E-08   -0.2345342E-07    0.1007915E-07   -0.2123528E-05    0.8383444E-05    0.1657323E-06    0.1051783E-06    0.6322343E-05    0.7465447E-03    0.1453898E-05   -0.3963716E-04    0.4978972E-02    0.7514956E-03    0.3929274E-03    0.1411245E-02   -0.5104438E-04   -0.1770591E-04   -0.1436715E-04   -0.2346357E-04    0.7519950E-03    0.8154458E-06    0.4741047E-06    0.2891876E-07    0.1064094E-05   -0.8442646E-07   -0.3670840E-05    0.3701473E-06    0.1314601E-05    0.1835975E-05    0.1341999E-05    0.1025862E-05    0.2850059E-04    0.2778159E-07   -0.3837097E-07
   -0.5246173E-04    0.4818302E-03   -0.2990316E-04   -0.6669453E-02   -0.1051314E-01   -0.6559870E-02   -0.8266862E-02    0.7465447E-03    0.4520178E+02   -0.5186200E+00   -0.1984550E+01    0.4810653E+02    0.1286914E+01   -0.2260611E+02   -0.6318889E+02    0.9596524E+00   -0.1374711E-01    0.2198839E+00   -0.2081140E+01   -0.1956805E+02   -0.4273277E-05    0.8191459E-04    0.5112711E-03    0.4759187E-03   -0.4387470E-02    0.6353347E-02    0.2183811E-02    0.3550139E-02    0.3277994E-02   -0.3587703E-03   -0.1610213E-01   -0.7339270E-02   -0.2785133E-03    0.4456259E-02
    0.1617919E-05   -0.1113709E-04   -0.6452235E-06    0.1616006E-03    0.3157302E-03    0.1590121E-03    0.1443253E-03    0.1453898E-05   -0.5186200E+00    0.8222901E-01   -0.6556364E-01   -0.6067177E+00    0.9552873E+00    0.1866688E+01    0.7502848E+00    0.7124437E-01   -0.7335965E-02    0.1542054E-01    0.1187092E+00    0.1351844E+00    0.1437803E-05   -0.9166743E-05   -0.1048443E-03   -0.6420853E-05    0.2201986E-04   -0.7971116E-03    0.3722441E-04   -0.1461259E-03    0.2158360E-03    0.1208746E-03   -0.3589621E-03    0.1435751E-03    0.7606975E-05   -0.1599549E-04
    0.2184580E-04   -0.1850342E-03    0.1506047E-04    0.1696806E-02    0.2526832E-02    0.1734327E-02    0.1906202E-02   -0.3963716E-04   -0.1984550E+01   -0.6556364E-01    0.3694950E+01   -0.2966137E+02   -0.4342749E+01    0.7611666E+01    0.6871327E+01   -0.2709983E+01   -0.2029466E+00    0.2917399E-01    0.2191674E+01    0.2025569E+01    0.5619980E-04    0.4656292E-04   -0.4171885E-03   -0.1644097E-04   -0.9693520E-04    0.6517531E-03    0.2113852E-03    0.5861577E-04   -0.6781089E-04   -0.1661102E-02    0.6223664E-03   -0.5128742E-02    0.1704378E-03   -0.3905764E-03
   -0.2798502E-03    0.2985261E-02   -0.1483248E-03   -0.3217599E-01   -0.4291646E-01   -0.3459238E-01   -0.3218394E-01    0.4978972E-02    0.4810653E+02   -0.6067177E+00   -0.2966137E+02    0.7783707E+03    0.7463526E+02   -0.6310812E+02   -0.7657224E+02    0.1549860E+02   -0.2595326E+01    0.4125846E+01   -0.9501055E+01   -0.1635099E+02   -0.6722577E-03    0.5088345E-03    0.1237898E-01    0.2226067E-03    0.5755924E-02    0.1428925E-01   -0.4779562E-02    0.4115773E-02    0.5599076E-04    0.2622223E-01   -0.3777704E-01    0.1009200E+00    0.6173234E-02    0.4596466E-02
   -0.1368094E-03    0.1734168E-02   -0.1292197E-03   -0.9101897E-02   -0.8861591E-02   -0.1049933E-01   -0.1376477E-01    0.7514956E-03    0.1286914E+01    0.9552873E+00   -0.4342749E+01    0.7463526E+02    0.6384199E+02    0.4354461E+02    0.1728180E+02   -0.3636432E+01   -0.1277898E+00   -0.8100912E+00    0.4233771E+01    0.4504444E+01    0.1337237E-03   -0.1705896E-03   -0.1228369E-02    0.6068042E-03    0.5356883E-03    0.1304260E-02    0.3373536E-02   -0.3698353E-02    0.2912051E-03   -0.2305681E-02   -0.8635125E-02    0.2594417E-01    0.4778894E-04    0.3613844E-03
   -0.1059249E-04    0.4983627E-03   -0.6749990E-04    0.3572179E-02    0.1151007E-01    0.2784592E-02    0.2404849E-03    0.3929274E-03   -0.2260611E+02    0.1866688E+01    0.7611666E+01   -0.6310812E+02    0.4354461E+02    0.9832883E+02    0.6804205E+02   -0.1176062E+02   -0.7132805E+00   -0.2221079E+00    0.4592790E+01    0.5753269E+01    0.3567112E-03   -0.9356479E-04   -0.3828664E-02    0.1703384E-03   -0.6784978E-04   -0.1476111E-01    0.2195858E-02   -0.5611277E-02    0.4966781E-02   -0.6449011E-02   -0.2654986E-02    0.3034822E-02    0.6988150E-03   -0.2648938E-02
    0.4493216E-05    0.1750374E-03   -0.3662424E-04    0.6528276E-02    0.1838742E-01    0.6576714E-02    0.6541594E-02    0.1411245E-02   -0.6318889E+02    0.7502848E+00    0.6871327E+01   -0.7657224E+02    0.1728180E+02    0.6804205E+02    0.1246227E+03   -0.1080279E+02   -0.3248914E+00   -0.5323812E+00   -0.9127377E+00    0.1587034E+02    0.6216918E-03    0.5951996E-04   -0.7137336E-03    0.2100362E-03    0.4517138E-02   -0.7959752E-02   -0.1405729E-02   -0.7182693E-02   -0.4504795E-02   -0.7790653E-02    0.2489684E-01    0.1986576E-01    0.7069019E-03   -0.7867342E-02
   -0.2997753E-04    0.1873632E-03   -0.1358116E-04   -0.3697431E-02   -0.7224584E-02   -0.3184282E-02   -0.2988679E-02   -0.5104438E-04    0.9596524E+00    0.7124437E-01   -0.2709983E+01    0.1549860E+02   -0.3636432E+01   -0.1176062E+02   -0.1080279E+02    0.6155792E+01    0.1621149E+00   -0.8917843E-01   -0.1709670E+01   -0.1455341E+01   -0.1937011E-03   -0.1396608E-03    0.9894922E-03   -0.7008136E-04    0.1012535E-02    0.9570756E-03    0.1172546E-03    0.2383847E-03   -0.1068833E-02    0.3788636E-02   -0.1501504E-02    0.3173930E-02   -0.8124184E-04    0.2615795E-03
   -0.2545966E-05   -0.2248618E-04   -0.8384103E-05   -0.2390981E-03   -0.7875980E-03    0.2011922E-03   -0.2053961E-03   -0.1770591E-04   -0.1374711E-01   -0.7335965E-02   -0.2029466E+00   -0.2595326E+01   -0.1277898E+00   -0.7132805E+00   -0.3248914E+00    0.1621149E+00    0.3434838E+01    0.4222124E+00    0.6656128E-01    0.1326761E+00    0.1669832E-03    0.4771987E-04   -0.4730887E-04    0.1165529E-03   -0.1349178E-02   -0.7575515E-03    0.8303294E-03    0.6912382E-03   -0.6488057E-03   -0.3952127E-03    0.3069262E-03    0.4332901E-02    0.2904061E-03   -0.2741387E-04
   -0.3983166E-05   -0.3113134E-04   -0.6722936E-05   -0.3982055E-03   -0.1387361E-02   -0.9257032E-04   -0.1837170E-03   -0.1436715E-04    0.2198839E+00    0.1542054E-01    0.2917399E-01    0.4125846E+01   -0.8100912E+00   -0.2221079E+00   -0.5323812E+00   -0.8917843E-01    0.4222124E+00    0.3367982E+01    0.2616802E+01    0.1716888E+01    0.1731653E-03    0.2552657E-03    0.3130089E-03    0.1483877E-03    0.4533484E-03    0.8762144E-03   -0.4006911E-03   -0.2847132E-03    0.1159608E-02   -0.1053807E-03   -0.9348689E-03    0.1881401E-02   -0.2790864E-03   -0.1618841E-03
    0.5130704E-05    0.1727039E-04    0.6349388E-05   -0.2028916E-02   -0.4325632E-02   -0.7779491E-03   -0.4224641E-03   -0.2346357E-04   -0.2081140E+01    0.1187092E+00    0.2191674E+01   -0.9501055E+01    0.4233771E+01    0.4592790E+01   -0.9127377E+00   -0.1709670E+01    0.6656128E-01    0.2616802E+01    0.1771904E+02    0.2650260E+02    0.1596480E-03    0.1758376E-03   -0.6768864E-03    0.1345792E-03    0.2799487E-03   -0.5625277E-02    0.5669981E-03    0.1582467E-02   -0.1536678E-02    0.8061588E-03   -0.1878159E-02    0.1018613E-01   -0.5932677E-04    0.2610463E-02
    0.6860027E-05    0.1459004E-04    0.3155209E-04   -0.2628991E-02   -0.4032947E-02    0.2451519E-03    0.1911960E-02    0.7519950E-03   -0.1956805E+02    0.1351844E+00    0.2025569E+01   -0.1635099E+02    0.4504444E+01    0.5753269E+01    0.1587034E+02   -0.1455341E+01    0.1326761E+00    0.1716888E+01    0.2650260E+02    0.5626139E+02    0.2217669E-03    0.2247147E-03   -0.1295876E-02   -0.4364700E-05    0.1193135E-02   -0.1498929E-01    0.1650770E-03    0.3129249E-02   -0.5246382E-03    0.3225287E-02    0.3425135E-02    0.2459675E-01   -0.3231902E-04    0.4543572E-02
    0.7660619E-07   -0.6124408E-06    0.7176597E-07    0.7768147E-05    0.1628289E-04    0.2404086E-05   -0.4377991E-05    0.8154458E-06   -0.4273277E-05    0.1437803E-05    0.5619980E-04   -0.6722577E-03    0.1337237E-03    0.3567112E-03    0.6216918E-03   -0.1937011E-03    0.1669832E-03    0.1731653E-03    0.1596480E-03    0.2217669E-03    0.3164788E-04    0.8796606E-05    0.1084055E-05    0.3985411E-05    0.2098005E-05    0.2418791E-05   -0.4192123E-06    0.1626170E-05    0.1077310E-05   -0.2966807E-05   -0.4224855E-05   -0.1714278E-05    0.6421441E-07   -0.6870257E-07
    0.9921693E-07   -0.6469117E-06    0.6712762E-07    0.7841343E-05    0.1562785E-04    0.2638004E-05   -0.4712463E-05    0.4741047E-06    0.8191459E-04   -0.9166743E-05    0.4656292E-04    0.5088345E-03   -0.1705896E-03   -0.9356479E-04    0.5951996E-04   -0.1396608E-03    0.4771987E-04    0.2552657E-03    0.1758376E-03    0.2247147E-03    0.8796606E-05    0.2563762E-04   -0.1099319E-05    0.1326062E-04    0.2807661E-05    0.6057491E-05   -0.4880337E-05    0.2363159E-05   -0.7699053E-05   -0.6649560E-06   -0.4511459E-06   -0.1886827E-04   -0.6552071E-08    0.1511075E-07
   -0.6902280E-07    0.2445408E-06   -0.1147215E-06   -0.9435380E-05   -0.2057263E-04   -0.4862820E-06    0.2918409E-05    0.2891876E-07    0.5112711E-03   -0.1048443E-03   -0.4171885E-03    0.1237898E-01   -0.1228369E-02   -0.3828664E-02   -0.7137336E-03    0.9894922E-03   -0.4730887E-04    0.3130089E-03   -0.6768864E-03   -0.1295876E-02    0.1084055E-05   -0.1099319E-05    0.1078339E-02   -0.1293306E-05    0.3205024E-06    0.2709051E-04    0.1312524E-04    0.3421073E-05    0.3161738E-04   -0.1756318E-05    0.2854553E-04   -0.1550956E-04   -0.1226887E-06   -0.1927866E-06
    0.9573346E-07   -0.8315288E-06    0.7930403E-07    0.5902294E-05    0.1222147E-04    0.3022135E-05   -0.4868846E-05    0.1064094E-05    0.4759187E-03   -0.6420853E-05   -0.1644097E-04    0.2226067E-03    0.6068042E-03    0.1703384E-03    0.2100362E-03   -0.7008136E-04    0.1165529E-03    0.1483877E-03    0.1345792E-03   -0.4364700E-05    0.3985411E-05    0.1326062E-04   -0.1293306E-05    0.4841194E-04   -0.8706621E-06    0.6459164E-05   -0.1225353E-05    0.1683919E-05    0.1637733E-05   -0.5401035E-05   -0.7751568E-05    0.5931990E-05   -0.4409624E-07    0.1180998E-07
   -0.8674268E-08    0.8484856E-07   -0.6709245E-07   -0.6454859E-05   -0.1636401E-04    0.3583590E-06    0.3874490E-05   -0.8442646E-07   -0.4387470E-02    0.2201986E-04   -0.9693520E-04    0.5755924E-02    0.5356883E-03   -0.6784978E-04    0.4517138E-02    0.1012535E-02   -0.1349178E-02    0.4533484E-03    0.2799487E-03    0.1193135E-02    0.2098005E-05    0.2807661E-05    0.3205024E-06   -0.8706621E-06    0.2189932E-02    0.1506097E-03    0.3782191E-04    0.1208229E-04   -0.4076578E-04   -0.3386225E-04   -0.6232313E-05   -0.2203423E-03   -0.7855954E-06   -0.7031473E-06
    0.9764656E-07   -0.3221140E-05   -0.2839086E-06    0.1704864E-04    0.9879589E-05    0.8706723E-05    0.7449592E-05   -0.3670840E-05    0.6353347E-02   -0.7971116E-03    0.6517531E-03    0.1428925E-01    0.1304260E-02   -0.1476111E-01   -0.7959752E-02    0.9570756E-03   -0.7575515E-03    0.8762144E-03   -0.5625277E-02   -0.1498929E-01    0.2418791E-05    0.6057491E-05    0.2709051E-04    0.6459164E-05    0.1506097E-03    0.1675961E-01   -0.7841851E-04    0.1726385E-04   -0.6841391E-04    0.4512131E-04    0.1177181E-06    0.3263698E-04   -0.1463501E-05   -0.2843509E-05
   -0.8413228E-07    0.4370305E-06    0.4325327E-07   -0.1061790E-04   -0.2031377E-04   -0.1723871E-05   -0.2365991E-06    0.3701473E-06    0.2183811E-02    0.3722441E-04    0.2113852E-03   -0.4779562E-02    0.3373536E-02    0.2195858E-02   -0.1405729E-02    0.1172546E-03    0.8303294E-03   -0.4006911E-03    0.5669981E-03    0.1650770E-03   -0.4192123E-06   -0.4880337E-05    0.1312524E-04   -0.1225353E-05    0.3782191E-04   -0.7841851E-04    0.1436074E-02    0.3010361E-03    0.1350485E-03   -0.3700302E-03    0.6907354E-05   -0.8002270E-04    0.3119637E-06   -0.1330386E-06
   -0.6367347E-07   -0.5882298E-06   -0.2921744E-07   -0.1971475E-05   -0.3413840E-05    0.1545724E-05   -0.1396615E-05    0.1314601E-05    0.3550139E-02   -0.1461259E-03    0.5861577E-04    0.4115773E-02   -0.3698353E-02   -0.5611277E-02   -0.7182693E-02    0.2383847E-03    0.6912382E-03   -0.2847132E-03    0.1582467E-02    0.3129249E-02    0.1626170E-05    0.2363159E-05    0.3421073E-05    0.1683919E-05    0.1208229E-04    0.1726385E-04    0.3010361E-03    0.8448293E-03    0.7737232E-04    0.7347155E-03    0.6432766E-04   -0.6917208E-03    0.2848684E-06    0.9438610E-06
   -0.8028973E-07   -0.1111819E-05    0.3459939E-06   -0.2335090E-04   -0.4769765E-04    0.7072579E-05    0.9498572E-05    0.1835975E-05    0.3277994E-02    0.2158360E-03   -0.6781089E-04    0.5599076E-04    0.2912051E-03    0.4966781E-02   -0.4504795E-02   -0.1068833E-02   -0.6488057E-03    0.1159608E-02   -0.1536678E-02   -0.5246382E-03    0.1077310E-05   -0.7699053E-05    0.3161738E-04    0.1637733E-05   -0.4076578E-04   -0.6841391E-04    0.1350485E-03    0.7737232E-04    0.6983438E-02   -0.2592521E-03    0.6379168E-03    0.4331378E-02    0.1546749E-06    0.2170751E-05
   -0.2894815E-06    0.1866329E-05   -0.4031070E-06   -0.2555718E-04   -0.4395273E-04   -0.5337548E-05    0.1049840E-05    0.1341999E-05   -0.3587703E-03    0.1208746E-03   -0.1661102E-02    0.2622223E-01   -0.2305681E-02   -0.6449011E-02   -0.7790653E-02    0.3788636E-02   -0.3952127E-03   -0.1053807E-03    0.8061588E-03    0.3225287E-02   -0.2966807E-05   -0.6649560E-06   -0.1756318E-05   -0.5401035E-05   -0.3386225E-04    0.4512131E-04   -0.3700302E-03    0.7347155E-03   -0.2592521E-03    0.2910112E-02    0.5047643E-03   -0.9582303E-03    0.1059169E-05    0.6513609E-06
   -0.5958691E-06    0.3159562E-05   -0.3672251E-06   -0.4026129E-04   -0.7481987E-04   -0.2947589E-05    0.1391780E-04    0.1025862E-05   -0.1610213E-01   -0.3589621E-03    0.6223664E-03   -0.3777704E-01   -0.8635125E-02   -0.2654986E-02    0.2489684E-01   -0.1501504E-02    0.3069262E-03   -0.9348689E-03   -0.1878159E-02    0.3425135E-02   -0.4224855E-05   -0.4511459E-06    0.2854553E-04   -0.7751568E-05   -0.6232313E-05    0.1177181E-06    0.6907354E-05    0.6432766E-04    0.6379168E-03    0.5047643E-03    0.6403557E-02    0.7283512E-02   -0.6535152E-06   -0.2477755E-05
   -0.3348800E-05    0.2133740E-04   -0.3641474E-05   -0.1838341E-03   -0.2722317E-03   -0.4417400E-04    0.4501694E-04    0.2850059E-04   -0.7339270E-02    0.1435751E-03   -0.5128742E-02    0.1009200E+00    0.2594417E-01    0.3034822E-02    0.1986576E-01    0.3173930E-02    0.4332901E-02    0.1881401E-02    0.1018613E-01    0.2459675E-01   -0.1714278E-05   -0.1886827E-04   -0.1550956E-04    0.5931990E-05   -0.2203423E-03    0.3263698E-04   -0.8002270E-04   -0.6917208E-03    0.4331378E-02   -0.9582303E-03    0.7283512E-02    0.6320170E-01   -0.3650714E-06   -0.6296646E-06
    0.5437015E-08   -0.2480437E-08   -0.1541593E-08    0.1879557E-07    0.3500305E-06   -0.1780478E-06   -0.1091207E-06    0.2778159E-07   -0.2785133E-03    0.7606975E-05    0.1704378E-03    0.6173234E-02    0.4778894E-04    0.6988150E-03    0.7069019E-03   -0.8124184E-04    0.2904061E-03   -0.2790864E-03   -0.5932677E-04   -0.3231902E-04    0.6421441E-07   -0.6552071E-08   -0.1226887E-06   -0.4409624E-07   -0.7855954E-06   -0.1463501E-05    0.3119637E-06    0.2848684E-06    0.1546749E-06    0.1059169E-05   -0.6535152E-06   -0.3650714E-06    0.6003425E-06   -0.3040361E-07
   -0.2574842E-08    0.4729333E-07    0.6039203E-08   -0.9718159E-06   -0.1812242E-05   -0.6522420E-06   -0.7253029E-06   -0.3837097E-07    0.4456259E-02   -0.1599549E-04   -0.3905764E-03    0.4596466E-02    0.3613844E-03   -0.2648938E-02   -0.7867342E-02    0.2615795E-03   -0.2741387E-04   -0.1618841E-03    0.2610463E-02    0.4543572E-02   -0.6870257E-07    0.1511075E-07   -0.1927866E-06    0.1180998E-07   -0.7031473E-06   -0.2843509E-05   -0.1330386E-06    0.9438610E-06    0.2170751E-05    0.6513609E-06   -0.2477755E-05   -0.6296646E-06   -0.3040361E-07    0.2073060E-05
