# omegabh2 omegach2 theta tau logA ns r calPlanck acib217 xi asz143 aps100 aps143 aps143217 aps217 aksz kgal100 kgal143 kgal143217 kgal217 cal0 cal2
    0.5206671E-07   -0.2576603E-06    0.5036289E-07    0.1917835E-05    0.3406260E-05    0.7989361E-06    0.2860012E-06    0.3662460E-07   -0.2104357E-03    0.4042795E-05    0.6061885E-04   -0.1024404E-02   -0.5704441E-03   -0.1588329E-03    0.1021219E-04   -0.8568713E-04    0.6005741E-05    0.1822443E-05   -0.1310368E-04    0.2466888E-04    0.2067150E-08   -0.2095312E-07
   -0.2576603E-06    0.4060841E-05   -0.3921329E-06   -0.2505709E-04   -0.4120868E-04   -0.1011990E-04   -0.5746438E-05   -0.3619389E-06    0.1071774E-02   -0.2045876E-04   -0.2509416E-03    0.4972308E-02    0.2848262E-02    0.9714932E-03   -0.9760820E-06    0.3926386E-03    0.3291031E-06    0.2591096E-04    0.1196360E-03   -0.1217543E-03   -0.2311162E-07    0.1157722E-06
    0.5036289E-07   -0.3921329E-06    0.2151598E-06    0.3647885E-05    0.6696692E-05    0.1288659E-05    0.5660991E-06    0.6493631E-07   -0.1273325E-03    0.2326141E-05    0.3053310E-04   -0.6953656E-03   -0.3971540E-03   -0.1655675E-03   -0.2270177E-04   -0.6222204E-04   -0.5945728E-05   -0.5693826E-05   -0.2351344E-04   -0.6912302E-05    0.2602420E-08   -0.1506276E-07
    0.1917835E-05   -0.2505709E-04    0.3647885E-05    0.2733833E-03    0.4808546E-03    0.7093521E-04    0.9550845E-05   -0.2301583E-05   -0.9624587E-02    0.1503182E-03    0.2420731E-02   -0.4670287E-01   -0.2559579E-01   -0.8711257E-02   -0.1099816E-02   -0.3321377E-02    0.5270993E-04    0.1524263E-03   -0.1073333E-02   -0.4529385E-03   -0.6244387E-07   -0.1166591E-05
    0.3406260E-05   -0.4120868E-04    0.6696692E-05    0.4808546E-03    0.8782841E-03    0.1182850E-03    0.4397080E-05    0.7087650E-05   -0.1732798E-01    0.3148426E-03    0.4461762E-02   -0.7960340E-01   -0.4352976E-01   -0.1180945E-01    0.4291798E-02   -0.6795691E-02   -0.2131964E-03   -0.7701536E-04   -0.2074080E-02    0.7669335E-03    0.1060595E-07   -0.2188008E-05
    0.7989361E-06   -0.1011990E-04    0.1288659E-05    0.7093521E-04    0.1182850E-03    0.3667503E-04    0.2862369E-04    0.1105837E-05   -0.7378108E-02    0.1735373E-03    0.1810180E-02   -0.3737227E-01   -0.1254703E-01    0.1325359E-02    0.6367757E-02   -0.3624330E-02    0.2948635E-03   -0.1680158E-03   -0.8025912E-03    0.5993621E-03   -0.1640387E-06   -0.7640386E-06
    0.2860012E-06   -0.5746438E-05    0.5660991E-06    0.9550845E-05    0.4397080E-05    0.2862369E-04    0.1425685E-02    0.2186249E-05   -0.8342619E-02    0.1244096E-03    0.2476854E-02   -0.3863161E-01   -0.8588680E-02    0.5857089E-02    0.1133909E-01   -0.3038457E-02   -0.1339977E-02   -0.3951132E-03   -0.4613187E-03    0.1845877E-02   -0.2179803E-06   -0.9496135E-06
    0.3662460E-07   -0.3619389E-06    0.6493631E-07   -0.2301583E-05    0.7087650E-05    0.1105837E-05    0.2186249E-05    0.6238692E-05    0.5637385E-03    0.5410132E-05    0.7555536E-04    0.2438938E-02    0.2545712E-03    0.4927512E-03    0.1459494E-02   -0.7886490E-04   -0.2327569E-04    0.3329748E-04    0.6317805E-04    0.8846362E-03   -0.3755853E-07   -0.3922719E-07
   -0.2104357E-03    0.1071774E-02   -0.1273325E-03   -0.9624587E-02   -0.1732798E-01   -0.7378108E-02   -0.8342619E-02    0.5637385E-03    0.4367089E+02   -0.5001198E+00   -0.1827598E+01    0.4331095E+02    0.6654134E+00   -0.2158660E+02   -0.6143875E+02    0.6513198E+00    0.7653490E-01    0.3492758E-01   -0.2028549E+01   -0.1863547E+02   -0.3016016E-03    0.4402545E-02
    0.4042795E-05   -0.2045876E-04    0.2326141E-05    0.1503182E-03    0.3148426E-03    0.1735373E-03    0.1244096E-03    0.5410132E-05   -0.5001198E+00    0.8180549E-01   -0.8167068E-01   -0.4234791E+00    0.1003740E+01    0.1843910E+01    0.7658585E+00    0.7275233E-01   -0.1031933E-01    0.6854578E-02    0.8135455E-01    0.9043224E-01    0.6209840E-05   -0.1934970E-04
    0.6061885E-04   -0.2509416E-03    0.3053310E-04    0.2420731E-02    0.4461762E-02    0.1810180E-02    0.2476854E-02    0.7555536E-04   -0.1827598E+01   -0.8167068E-01    0.3834126E+01   -0.3029475E+02   -0.4162205E+01    0.7756827E+01    0.7059404E+01   -0.2806577E+01   -0.1166564E+00    0.7706165E-01    0.2409995E+01    0.2182531E+01    0.1574164E-03   -0.3825963E-03
   -0.1024404E-02    0.4972308E-02   -0.6953656E-03   -0.4670287E-01   -0.7960340E-01   -0.3737227E-01   -0.3863161E-01    0.2438938E-02    0.4331095E+02   -0.4234791E+00   -0.3029475E+02    0.7862432E+03    0.7429455E+02   -0.5927601E+02   -0.7178104E+02    0.1443438E+02   -0.4144219E+01    0.2672040E+01   -0.1138205E+02   -0.1558260E+02    0.6394394E-02    0.4549412E-02
   -0.5704441E-03    0.2848262E-02   -0.3971540E-03   -0.2559579E-01   -0.4352976E-01   -0.1254703E-01   -0.8588680E-02    0.2545712E-03    0.6654134E+00    0.1003740E+01   -0.4162205E+01    0.7429455E+02    0.6432858E+02    0.4629293E+02    0.1975885E+02   -0.4406601E+01   -0.4534261E+00   -0.1201004E+01    0.3695548E+01    0.3757581E+01    0.1571136E-03    0.2261556E-03
   -0.1588329E-03    0.9714932E-03   -0.1655675E-03   -0.8711257E-02   -0.1180945E-01    0.1325359E-02    0.5857089E-02    0.4927512E-03   -0.2158660E+02    0.1843910E+01    0.7756827E+01   -0.5927601E+02    0.4629293E+02    0.1005514E+03    0.7007547E+02   -0.1246197E+02   -0.7142024E+00   -0.3803808E+00    0.4596054E+01    0.5146641E+01    0.6867523E-03   -0.2669236E-02
    0.1021219E-04   -0.9760820E-06   -0.2270177E-04   -0.1099816E-02    0.4291798E-02    0.6367757E-02    0.1133909E-01    0.1459494E-02   -0.6143875E+02    0.7658585E+00    0.7059404E+01   -0.7178104E+02    0.1975885E+02    0.7007547E+02    0.1246129E+03   -0.1105293E+02   -0.5118780E+00   -0.3464054E+00   -0.2668840E+00    0.1534485E+02    0.7217983E-03   -0.7771443E-02
   -0.8568713E-04    0.3926386E-03   -0.6222204E-04   -0.3321377E-02   -0.6795691E-02   -0.3624330E-02   -0.3038457E-02   -0.7886490E-04    0.6513198E+00    0.7275233E-01   -0.2806577E+01    0.1443438E+02   -0.4406601E+01   -0.1246197E+02   -0.1105293E+02    0.6366556E+01    0.4945356E-01   -0.9313780E-01   -0.2069395E+01   -0.1803956E+01   -0.1078761E-03    0.1911700E-03
    0.6005741E-05    0.3291031E-06   -0.5945728E-05    0.5270993E-04   -0.2131964E-03    0.2948635E-03   -0.1339977E-02   -0.2327569E-04    0.7653490E-01   -0.1031933E-01   -0.1166564E+00   -0.4144219E+01   -0.4534261E+00   -0.7142024E+00   -0.5118780E+00    0.4945356E-01    0.3498625E+01    0.4641903E+00    0.1668361E+00    0.2127890E+00    0.2838504E-03    0.8738166E-05
    0.1822443E-05    0.2591096E-04   -0.5693826E-05    0.1524263E-03   -0.7701536E-04   -0.1680158E-03   -0.3951132E-03    0.3329748E-04    0.3492758E-01    0.6854578E-02    0.7706165E-01    0.2672040E+01   -0.1201004E+01   -0.3803808E+00   -0.3464054E+00   -0.9313780E-01    0.4641903E+00    0.3424561E+01    0.2643910E+01    0.1810037E+01   -0.2848107E-03   -0.2145158E-03
   -0.1310368E-04    0.1196360E-03   -0.2351344E-04   -0.1073333E-02   -0.2074080E-02   -0.8025912E-03   -0.4613187E-03    0.6317805E-04   -0.2028549E+01    0.8135455E-01    0.2409995E+01   -0.1138205E+02    0.3695548E+01    0.4596054E+01   -0.2668840E+00   -0.2069395E+01    0.1668361E+00    0.2643910E+01    0.1745762E+02    0.2612336E+02   -0.2151355E-05    0.2554700E-02
    0.2466888E-04   -0.1217543E-03   -0.6912302E-05   -0.4529385E-03    0.7669335E-03    0.5993621E-03    0.1845877E-02    0.8846362E-03   -0.1863547E+02    0.9043224E-01    0.2182531E+01   -0.1558260E+02    0.3757581E+01    0.5146641E+01    0.1534485E+02   -0.1803956E+01    0.2127890E+00    0.1810037E+01    0.2612336E+02    0.5539828E+02    0.1072270E-03    0.4611763E-02
    0.2067150E-08   -0.2311162E-07    0.2602420E-08   -0.6244387E-07    0.1060595E-07   -0.1640387E-06   -0.2179803E-06   -0.3755853E-07   -0.3016016E-03    0.6209840E-05    0.1574164E-03    0.6394394E-02    0.1571136E-03    0.6867523E-03    0.7217983E-03   -0.1078761E-03    0.2838504E-03   -0.2848107E-03   -0.2151355E-05    0.1072270E-03    0.6014748E-06    0.2472409E-09
   -0.2095312E-07    0.1157722E-06   -0.1506276E-07   -0.1166591E-05   -0.2188008E-05   -0.7640386E-06   -0.9496135E-06   -0.3922719E-07    0.4402545E-02   -0.1934970E-04   -0.3825963E-03    0.4549412E-02    0.2261556E-03   -0.2669236E-02   -0.7771443E-02    0.1911700E-03    0.8738166E-05   -0.2145158E-03    0.2554700E-02    0.4611763E-02    0.2472409E-09    0.2116704E-05
