# omegabh2 omegach2 theta tau logA ns calPlanck aps100 aps143 aps217 acib217 asz143 psr cibr xi aksz dust100 dust143 dust217 dust143x217 cal0 cal2 calTE calEE
  2.5011142E-08  -1.1389155E-07   1.8466398E-08   2.3252295E-07   3.1285588E-07   3.2094013E-07   2.4649185E-08  -3.1531974E-04  -2.8876293E-04   2.5236521E-05  -1.0247819E-04   1.4103789E-05   5.6725304E-07  -1.3754576E-06   1.0343443E-06  -2.6663373E-05   2.0651170E-07   1.1925991E-07   8.3540891E-07   1.4064397E-07   3.3837980E-09   4.4110278E-10  -8.1888414E-08  -2.1423717E-07
 -1.1389155E-07   1.9087429E-06  -1.6011956E-07  -2.1041436E-06  -2.3160908E-07  -4.2343920E-06  -2.3328626E-07   2.4975966E-04   1.0754628E-03   2.2536206E-04   2.4497006E-04  -2.2855546E-05   1.1564407E-07   3.8193100E-06  -1.6953201E-06   2.5999754E-05  -5.5776744E-06  -1.1791259E-07  -3.8654841E-06  -2.9294773E-06  -4.7658325E-08  -2.2542376E-08  -4.5797043E-07  -9.1515135E-07
  1.8466398E-08  -1.6011956E-07   9.7828251E-08   2.5360950E-07   2.3845729E-07   4.9909730E-07   1.1519137E-08  -6.1473206E-05  -1.2533964E-04  -6.6316417E-05   6.4908465E-08   6.5976109E-06   3.5572291E-07  -7.9661269E-07  -6.8272395E-07  -9.5167381E-06   1.5603090E-06  -1.8385961E-07   1.8392893E-07   5.4255834E-07   5.7296157E-09   4.1478726E-09  -1.2419732E-08   4.9317261E-08
  2.3252295E-07  -2.1041436E-06   2.5360950E-07   4.4183492E-05   8.3692190E-05   6.9999712E-06   4.9577583E-09  -8.2918503E-03  -4.6644124E-03   1.5120683E-03  -2.3659201E-03   5.6710192E-05   5.7212918E-06  -5.0024153E-05   1.6203863E-06  -6.2755186E-04  -1.8849070E-06   8.0553034E-07   1.6847466E-05   9.4869052E-07  -8.2376371E-08  -8.3990311E-08  -2.3416897E-06  -1.0829169E-06
  3.1285588E-07  -2.3160908E-07   2.3845729E-07   8.3692190E-05   1.9481765E-04   3.8533331E-06   1.1816909E-05  -1.1872647E-02  -5.4044072E-03   1.2762544E-02  -6.2735917E-03   2.3952538E-04   4.6587725E-05  -1.6214309E-04   4.0962106E-05  -2.3625184E-03  -3.5323488E-05  -1.1160824E-04   6.1767327E-05  -3.1796959E-06   4.3670000E-07  -2.3883343E-07  -6.1921889E-06  -1.7523299E-06
  3.2094013E-07  -4.2343920E-06   4.9909730E-07   6.9999712E-06   3.8533331E-06   1.9678928E-05   7.3856266E-07  -2.1559929E-02  -8.3209370E-03   7.8535644E-03  -6.0507198E-03   5.9843722E-04   5.5458359E-05  -8.6416101E-05   5.9852162E-05  -1.9489745E-03   2.6710084E-05  -2.1884285E-05   4.1287701E-05  -5.6399684E-06  -2.4707140E-07  -2.0965434E-07   5.3823738E-07  -1.7588276E-06
  2.4649185E-08  -2.3328626E-07   1.1519137E-08   4.9577583E-09   1.1816909E-05   7.3856266E-07   6.1522109E-06   2.6676079E-03   3.7237863E-04   2.1034966E-03   9.5515983E-05   7.5665860E-05   3.4378489E-06  -5.6020196E-06   2.0860767E-06  -1.1420580E-04   5.3469664E-07  -6.3121494E-06   1.1918819E-05   4.9313564E-06   3.4086575E-08  -4.8924829E-08  -4.4152817E-07   3.5063443E-08
 -3.1531974E-04   2.4975966E-04  -6.1473206E-05  -8.2918503E-03  -1.1872647E-02  -2.1559929E-02   2.6676079E-03   6.0389582E+02   5.9432578E+01  -5.1008984E+01   2.8825138E+01  -2.4780684E+01  -8.0247969E-01  -1.7000603E-01  -1.3366177E-01   9.9327677E+00  -1.9544094E-01   3.0573918E-01  -2.6774876E-01  -2.0253617E-01   6.7283641E-03   2.0547025E-03  -2.5629369E-04   7.0338602E-03
 -2.8876293E-04   1.0754628E-03  -1.2533964E-04  -4.6644124E-03  -5.4044072E-03  -8.3209370E-03   3.7237863E-04   5.9432578E+01   6.7152438E+01   1.0442735E+01   6.3145621E+00  -4.4041793E-01   1.3319429E-02   3.9777770E-01   8.9623346E-01  -8.5120701E+00  -3.7422083E-02  -2.3411777E-01   3.0445903E-02   6.2294974E-02   8.1736942E-04   3.0554434E-04   1.6997309E-03   4.9224328E-03
  2.5236521E-05   2.2536206E-04  -6.6316417E-05   1.5120683E-03   1.2762544E-02   7.8535644E-03   2.1034966E-03  -5.1008984E+01   1.0442735E+01   1.7572710E+02  -8.2745516E+01   2.4388705E+00   3.6042505E-01  -1.0886017E+00   3.0046345E-01  -6.9832479E+00  -5.8283686E-02  -2.6254432E-01   5.4672500E-01  -2.0194231E-03   1.5449806E-03  -8.0563149E-03   2.4729619E-03   3.2471138E-03
 -1.0247819E-04   2.4497006E-04   6.4908465E-08  -2.3659201E-03  -6.2735917E-03  -6.0507198E-03   9.5515983E-05   2.8825138E+01   6.3145621E+00  -8.2745516E+01   5.1690214E+01   1.7196383E+00  -5.4629629E-02   7.4881517E-01  -2.3664255E-01  -2.9409420E+00   2.8317140E-02   1.5381506E-01  -4.4954307E-01  -1.2069174E-01  -5.0981875E-04   3.2434467E-03  -6.0741279E-04  -6.2488954E-05
  1.4103789E-05  -2.2855546E-05   6.5976109E-06   5.6710192E-05   2.3952538E-04   5.9843722E-04   7.5665860E-05  -2.4780684E+01  -4.4041793E-01   2.4388705E+00   1.7196383E+00   4.2872522E+00   9.8429376E-02   1.6107241E-01  -3.8558973E-02  -3.4523800E+00  -6.0047351E-03  -5.5705045E-03   1.0782890E-02   5.0354052E-02   4.2666701E-04  -1.5124199E-04  -1.0974050E-04  -2.5194904E-04
  5.6725304E-07   1.1564407E-07   3.5572291E-07   5.7212918E-06   4.6587725E-05   5.5458359E-05   3.4378489E-06  -8.0247969E-01   1.3319429E-02   3.6042505E-01  -5.4629629E-02   9.8429376E-02   1.6147916E-02  -1.6247027E-02   1.1752525E-02  -1.0136104E-01  -2.8706024E-04  -1.5481216E-03  -2.2972281E-03   5.2664934E-03   1.7442656E-05  -3.4656517E-05   2.4511015E-05   1.5578093E-05
 -1.3754576E-06   3.8193100E-06  -7.9661269E-07  -5.0024153E-05  -1.6214309E-04  -8.6416101E-05  -5.6020196E-06  -1.7000603E-01   3.9777770E-01  -1.0886017E+00   7.4881517E-01   1.6107241E-01  -1.6247027E-02   6.7903780E-02   4.8068083E-03  -1.6483631E-01   7.2349812E-04   7.5180697E-03  -9.4804450E-04  -1.8025675E-02  -9.8945456E-06   9.2105946E-05  -5.1644739E-05  -3.3878926E-05
  1.0343443E-06  -1.6953201E-06  -6.8272395E-07   1.6203863E-06   4.0962106E-05   5.9852162E-05   2.0860767E-06  -1.3366177E-01   8.9623346E-01   3.0046345E-01  -2.3664255E-01  -3.8558973E-02   1.1752525E-02   4.8068083E-03   8.1588775E-02   3.2590202E-02  -1.8424575E-04   8.0481491E-04   1.2607790E-03   1.3054332E-03   1.2221128E-05  -4.3363892E-06   1.4237757E-05   2.2902332E-05
 -2.6663373E-05   2.5999754E-05  -9.5167381E-06  -6.2755186E-04  -2.3625184E-03  -1.9489745E-03  -1.1420580E-04   9.9327677E+00  -8.5120701E+00  -6.9832479E+00  -2.9409420E+00  -3.4523800E+00  -1.0136104E-01  -1.6483631E-01   3.2590202E-02   7.3549857E+00   3.1038892E-03   3.3217212E-04  -1.6191705E-03  -4.5079027E-02  -3.4385812E-04   1.7561409E-05  -3.2004052E-04  -2.3335924E-04
  2.0651170E-07  -5.5776744E-06   1.5603090E-06  -1.8849070E-06  -3.5323488E-05   2.6710084E-05   5.3469664E-07  -1.9544094E-01  -3.7422083E-02  -5.8283686E-02   2.8317140E-02  -6.0047351E-03  -2.8706024E-04   7.2349812E-04  -1.8424575E-04   3.1038892E-03   3.8201659E-02   3.6140127E-03  -1.2364616E-04   5.3477327E-04   3.2970899E-05  -3.7547454E-07  -1.0683305E-05  -1.9123678E-05
  1.1925991E-07  -1.1791259E-07  -1.8385961E-07   8.0553034E-07  -1.1160824E-04  -2.1884285E-05  -6.3121494E-06   3.0573918E-01  -2.3411777E-01  -2.6254432E-01   1.5381506E-01  -5.5705045E-03  -1.5481216E-03   7.5180697E-03   8.0481491E-04   3.3217212E-04   3.6140127E-03   3.1645067E-02  -6.9441183E-04   5.2493299E-03  -7.9593606E-05  -4.6027617E-05  -8.8780999E-05  -9.5010465E-05
  8.3540891E-07  -3.8654841E-06   1.8392893E-07   1.6847466E-05   6.1767327E-05   4.1287701E-05   1.1918819E-05  -2.6774876E-01   3.0445903E-02   5.4672500E-01  -4.4954307E-01   1.0782890E-02  -2.2972281E-03  -9.4804450E-04   1.2607790E-03  -1.6191705E-03  -1.2364616E-04  -6.9441183E-04   1.0559540E-02   8.6845517E-03   4.5002549E-06   6.0693113E-05  -6.7580116E-07  -7.8385606E-07
  1.4064397E-07  -2.9294773E-06   5.4255834E-07   9.4869052E-07  -3.1796959E-06  -5.6399684E-06   4.9313564E-06  -2.0253617E-01   6.2294974E-02  -2.0194231E-03  -1.2069174E-01   5.0354052E-02   5.2664934E-03  -1.8025675E-02   1.3054332E-03  -4.5079027E-02   5.3477327E-04   5.2493299E-03   8.6845517E-03   2.6630298E-02  -1.9055234E-06   6.1094370E-05  -1.8490674E-05  -1.0794878E-05
  3.3837980E-09  -4.7658325E-08   5.7296157E-09  -8.2376371E-08   4.3670000E-07  -2.4707140E-07   3.4086575E-08   6.7283641E-03   8.1736942E-04   1.5449806E-03  -5.0981875E-04   4.2666701E-04   1.7442656E-05  -9.8945456E-06   1.2221128E-05  -3.4385812E-04   3.2970899E-05  -7.9593606E-05   4.5002549E-06  -1.9055234E-06   1.0867906E-06   7.7345364E-08   3.0145293E-07   6.1574374E-07
  4.4110278E-10  -2.2542376E-08   4.1478726E-09  -8.3990311E-08  -2.3883343E-07  -2.0965434E-07  -4.8924829E-08   2.0547025E-03   3.0554434E-04  -8.0563149E-03   3.2434467E-03  -1.5124199E-04  -3.4656517E-05   9.2105946E-05  -4.3363892E-06   1.7561409E-05  -3.7547454E-07  -4.6027617E-05   6.0693113E-05   6.1094370E-05   7.7345364E-08   2.4769226E-06   2.4792100E-07   1.8842437E-07
 -8.1888414E-08  -4.5797043E-07  -1.2419732E-08  -2.3416897E-06  -6.1921889E-06   5.3823738E-07  -4.4152817E-07  -2.5629369E-04   1.6997309E-03   2.4729619E-03  -6.0741279E-04  -1.0974050E-04   2.4511015E-05  -5.1644739E-05   1.4237757E-05  -3.2004052E-04  -1.0683305E-05  -8.8780999E-05  -6.7580116E-07  -1.8490674E-05   3.0145293E-07   2.4792100E-07   2.3960424E-05   8.3812382E-06
 -2.1423717E-07  -9.1515135E-07   4.9317261E-08  -1.0829169E-06  -1.7523299E-06  -1.7588276E-06   3.5063443E-08   7.0338602E-03   4.9224328E-03   3.2471138E-03  -6.2488954E-05  -2.5194904E-04   1.5578093E-05  -3.3878926E-05   2.2902332E-05  -2.3335924E-04  -1.9123678E-05  -9.5010465E-05  -7.8385606E-07  -1.0794878E-05   6.1574374E-07   1.8842437E-07   8.3812382E-06   2.3847394E-05
