# omegabh2 omegach2 theta tau Alens logA ns calPlanck acib217 xi asz143 aps100 aps143 aps143217 aps217 aksz kgal100 kgal143 kgal143217 kgal217 cal0 cal2
    0.6612860E-07   -0.4138418E-06    0.7591821E-07    0.4619298E-06    0.7039711E-05    0.1017826E-06    0.1190438E-05    0.1418320E-07   -0.2704344E-03    0.4695826E-05    0.8022801E-04   -0.1206296E-02   -0.6932729E-03   -0.1824191E-03    0.3328150E-04   -0.1079265E-03    0.1763780E-05    0.5132736E-05   -0.1779309E-04    0.9934936E-05    0.2972250E-08   -0.3166929E-07
   -0.4138418E-06    0.5738736E-05   -0.6882966E-06   -0.7300907E-05   -0.8440055E-04   -0.1307952E-05   -0.1436780E-04   -0.1961579E-07    0.1666970E-02   -0.2389680E-04   -0.4596699E-03    0.7344530E-02    0.4361140E-02    0.1393264E-02   -0.6874360E-04    0.6308944E-03    0.1115663E-04   -0.1603847E-05    0.2270314E-03    0.1956391E-03   -0.3621611E-07    0.2376312E-06
    0.7591821E-07   -0.6882966E-06    0.2617597E-06    0.8908632E-06    0.1324397E-04    0.4171448E-06    0.2026861E-05    0.1360873E-07   -0.2625782E-03    0.5504531E-05    0.7281522E-04   -0.1231332E-02   -0.6471696E-03   -0.1872904E-03    0.5455062E-05   -0.9643503E-04    0.1060747E-04    0.6188127E-05   -0.9627644E-05    0.1995366E-04    0.3836127E-08   -0.3219203E-07
    0.4619298E-06   -0.7300907E-05    0.8908632E-06    0.4161728E-03   -0.7296124E-03    0.8121396E-03    0.2768530E-04   -0.7432996E-07   -0.4050031E-02    0.8209132E-04    0.1016386E-02   -0.1974109E-01   -0.8055859E-02   -0.1013734E-03    0.2883421E-02   -0.2702113E-02    0.5369065E-04   -0.4189818E-03   -0.1137269E-02   -0.1485706E-02    0.7025091E-07   -0.5956760E-06
    0.7039711E-05   -0.8440055E-04    0.1324397E-04   -0.7296124E-03    0.3654483E-02   -0.1676121E-02    0.2103489E-03   -0.1164726E-04   -0.2738117E-01    0.2541603E-03    0.7570192E-02   -0.1257159E+00   -0.7815262E-01   -0.3347787E-01   -0.9727648E-02   -0.7099696E-02    0.9067495E-03    0.2011140E-02   -0.1676311E-02   -0.2104379E-02   -0.1491566E-06   -0.4104646E-05
    0.1017826E-06   -0.1307952E-05    0.4171448E-06    0.8121396E-03   -0.1676121E-02    0.1643419E-02    0.2043207E-04    0.1227522E-04   -0.4280881E-02    0.1736504E-03    0.1117779E-02   -0.1772561E-01   -0.4316824E-02    0.6457859E-02    0.1140654E-01   -0.4865215E-02   -0.1634678E-03   -0.1244804E-02   -0.1984915E-02   -0.8825650E-03    0.2965110E-06   -0.7291057E-06
    0.1190438E-05   -0.1436780E-04    0.2026861E-05    0.2768530E-04    0.2103489E-03    0.2043207E-04    0.4744377E-04    0.1098879E-06   -0.8969550E-02    0.1786015E-03    0.2349141E-02   -0.4373907E-01   -0.1652528E-01    0.6688557E-04    0.6510490E-02   -0.4248720E-02    0.3511390E-03   -0.1031764E-03   -0.8247124E-03    0.2143034E-03   -0.1162879E-06   -0.1014664E-05
    0.1418320E-07   -0.1961579E-07    0.1360873E-07   -0.7432996E-07   -0.1164726E-04    0.1227522E-04    0.1098879E-06    0.6211729E-05    0.9176948E-03    0.1426436E-05   -0.7114206E-05    0.3872261E-02    0.6133602E-03    0.3339955E-03    0.1013884E-02    0.3946333E-05   -0.1332689E-04    0.4550951E-04    0.3823991E-04    0.7302218E-03   -0.1871974E-07    0.3081071E-08
   -0.2704344E-03    0.1666970E-02   -0.2625782E-03   -0.4050031E-02   -0.2738117E-01   -0.4280881E-02   -0.8969550E-02    0.9176948E-03    0.4438886E+02   -0.5147393E+00   -0.1934077E+01    0.4494112E+02    0.1169046E+01   -0.2205974E+02   -0.6226272E+02    0.7449177E+00   -0.7457334E-01    0.1387608E+00   -0.1811391E+01   -0.1828202E+02   -0.3415154E-03    0.4545373E-02
    0.4695826E-05   -0.2389680E-04    0.5504531E-05    0.8209132E-04    0.2541603E-03    0.1736504E-03    0.1786015E-03    0.1426436E-05   -0.5147393E+00    0.8162914E-01   -0.6833783E-01   -0.5201695E+00    0.1013665E+01    0.1891022E+01    0.8015740E+00    0.6070148E-01   -0.8408057E-02    0.2243908E-02    0.9891336E-01    0.1075603E+00    0.7479539E-05   -0.2020511E-04
    0.8022801E-04   -0.4596699E-03    0.7281522E-04    0.1016386E-02    0.7570192E-02    0.1117779E-02    0.2349141E-02   -0.7114206E-05   -0.1934077E+01   -0.6833783E-01    0.3771254E+01   -0.2959832E+02   -0.4232195E+01    0.7712964E+01    0.7045924E+01   -0.2820305E+01   -0.1464541E+00    0.3501364E-01    0.2297317E+01    0.2062565E+01    0.1816084E-03   -0.3902868E-03
   -0.1206296E-02    0.7344530E-02   -0.1231332E-02   -0.1974109E-01   -0.1257159E+00   -0.1772561E-01   -0.4373907E-01    0.3872261E-02    0.4494112E+02   -0.5201695E+00   -0.2959832E+02    0.7683000E+03    0.7359428E+02   -0.5766828E+02   -0.7149204E+02    0.1417352E+02   -0.4188200E+01    0.3438593E+01   -0.1124320E+02   -0.1588214E+02    0.6055200E-02    0.4482892E-02
   -0.6932729E-03    0.4361140E-02   -0.6471696E-03   -0.8055859E-02   -0.7815262E-01   -0.4316824E-02   -0.1652528E-01    0.6133602E-03    0.1169046E+01    0.1013665E+01   -0.4232195E+01    0.7359428E+02    0.6585975E+02    0.4728007E+02    0.1971154E+02   -0.4271608E+01   -0.3259380E+00   -0.1337673E+01    0.3781006E+01    0.4055606E+01    0.1676651E-03    0.3086687E-03
   -0.1824191E-03    0.1393264E-02   -0.1872904E-03   -0.1013734E-03   -0.3347787E-01    0.6457859E-02    0.6688557E-04    0.3339955E-03   -0.2205974E+02    0.1891022E+01    0.7712964E+01   -0.5766828E+02    0.4728007E+02    0.1015865E+03    0.7056157E+02   -0.1254388E+02   -0.6791839E+00   -0.7237183E+00    0.4798036E+01    0.5830153E+01    0.8465326E-03   -0.2593470E-02
    0.3328150E-04   -0.6874360E-04    0.5455062E-05    0.2883421E-02   -0.9727648E-02    0.1140654E-01    0.6510490E-02    0.1013884E-02   -0.6226272E+02    0.8015740E+00    0.7045924E+01   -0.7149204E+02    0.1971154E+02    0.7056157E+02    0.1252423E+03   -0.1103403E+02   -0.2782335E+00   -0.6343704E+00   -0.5461040E+00    0.1523173E+02    0.8569940E-03   -0.7879408E-02
   -0.1079265E-03    0.6308944E-03   -0.9643503E-04   -0.2702113E-02   -0.7099696E-02   -0.4865215E-02   -0.4248720E-02    0.3946333E-05    0.7449177E+00    0.6070148E-01   -0.2820305E+01    0.1417352E+02   -0.4271608E+01   -0.1254388E+02   -0.1103403E+02    0.6393647E+01    0.6267895E-01   -0.6042300E-01   -0.1994374E+01   -0.1684483E+01   -0.1447853E-03    0.2255402E-03
    0.1763780E-05    0.1115663E-04    0.1060747E-04    0.5369065E-04    0.9067495E-03   -0.1634678E-03    0.3511390E-03   -0.1332689E-04   -0.7457334E-01   -0.8408057E-02   -0.1464541E+00   -0.4188200E+01   -0.3259380E+00   -0.6791839E+00   -0.2782335E+00    0.6267895E-01    0.3492068E+01    0.3805936E+00    0.2247001E+00    0.4682580E+00    0.2872100E-03    0.3254608E-04
    0.5132736E-05   -0.1603847E-05    0.6188127E-05   -0.4189818E-03    0.2011140E-02   -0.1244804E-02   -0.1031764E-03    0.4550951E-04    0.1387608E+00    0.2243908E-02    0.3501364E-01    0.3438593E+01   -0.1337673E+01   -0.7237183E+00   -0.6343704E+00   -0.6042300E-01    0.3805936E+00    0.3361169E+01    0.2590849E+01    0.1813300E+01   -0.2950511E-03   -0.1875522E-03
   -0.1779309E-04    0.2270314E-03   -0.9627644E-05   -0.1137269E-02   -0.1676311E-02   -0.1984915E-02   -0.8247124E-03    0.3823991E-04   -0.1811391E+01    0.9891336E-01    0.2297317E+01   -0.1124320E+02    0.3781006E+01    0.4798036E+01   -0.5461040E+00   -0.1994374E+01    0.2247001E+00    0.2590849E+01    0.1723993E+02    0.2571902E+02   -0.3568735E-05    0.2548904E-02
    0.9934936E-05    0.1956391E-03    0.1995366E-04   -0.1485706E-02   -0.2104379E-02   -0.8825650E-03    0.2143034E-03    0.7302218E-03   -0.1828202E+02    0.1075603E+00    0.2062565E+01   -0.1588214E+02    0.4055606E+01    0.5830153E+01    0.1523173E+02   -0.1684483E+01    0.4682580E+00    0.1813300E+01    0.2571902E+02    0.5448826E+02    0.1091235E-03    0.4557148E-02
    0.2972250E-08   -0.3621611E-07    0.3836127E-08    0.7025091E-07   -0.1491566E-06    0.2965110E-06   -0.1162879E-06   -0.1871974E-07   -0.3415154E-03    0.7479539E-05    0.1816084E-03    0.6055200E-02    0.1676651E-03    0.8465326E-03    0.8569940E-03   -0.1447853E-03    0.2872100E-03   -0.2950511E-03   -0.3568735E-05    0.1091235E-03    0.6067453E-06   -0.4997273E-08
   -0.3166929E-07    0.2376312E-06   -0.3219203E-07   -0.5956760E-06   -0.4104646E-05   -0.7291057E-06   -0.1014664E-05    0.3081071E-08    0.4545373E-02   -0.2020511E-04   -0.3902868E-03    0.4482892E-02    0.3086687E-03   -0.2593470E-02   -0.7879408E-02    0.2255402E-03    0.3254608E-04   -0.1875522E-03    0.2548904E-02    0.4557148E-02   -0.4997273E-08    0.2123357E-05
