# omegabh2 omegach2 theta tau logA ns nrun calPlanck acib217 xi asz143 aps100 aps143 aps143217 aps217 aksz kgal100 kgal143 kgal143217 kgal217 cal0 cal2
  5.0964790E-08  -1.2406396E-07   3.6054325E-08   5.0069166E-07   1.0500457E-06   3.2522948E-07  -6.4357259E-07   3.8387807E-08  -7.2219781E-05   1.0298074E-06   1.9445803E-05  -3.0875660E-04  -3.1989426E-04  -1.8817238E-04  -1.0953690E-04  -8.0608330E-06   1.8458036E-05   9.3301719E-07   5.1529538E-06   3.6247950E-05   2.2572661E-09  -2.9111857E-09
 -1.2406396E-07   2.3984695E-06  -2.1857043E-07  -4.5445023E-06  -4.6513783E-06  -5.5283836E-06  -9.3410484E-07  -5.9718308E-07   6.5766102E-04  -2.6640869E-06  -1.6606633E-04   2.4032409E-03   1.5851667E-03   5.6938441E-04  -1.8758129E-04   1.9940639E-04   6.5938737E-06   5.7006275E-05  -1.5450703E-05  -3.4640187E-04  -2.2167202E-08   3.0210563E-08
  3.6054325E-08  -2.1857043E-07   2.0180419E-07   6.5152902E-07   1.1897172E-06   7.4266024E-07  -1.2978422E-07   7.3207150E-08  -4.7871556E-05   5.4662649E-07   9.8666304E-06  -3.9564114E-04  -1.6769930E-04  -1.0747714E-04  -5.6439813E-05   1.3904018E-07   2.8582381E-05  -2.4844369E-06   9.9850356E-06   3.5507593E-05   5.1572339E-10  -1.5714227E-09
  5.0069166E-07  -4.5445023E-06   6.5152902E-07   4.6589952E-05   8.3434650E-05   1.2392088E-05  -7.8769138E-06  -2.0748386E-07  -9.5110360E-04  -9.6871521E-06   4.2955581E-04  -6.9067085E-03  -4.2589272E-03  -2.8451450E-03  -2.2762869E-03  -1.7273237E-04   1.4733532E-04  -4.4819724E-05   4.0006886E-04   8.4562853E-04  -4.8427978E-08  -9.2172532E-08
  1.0500457E-06  -4.6513783E-06   1.1897172E-06   8.3434650E-05   1.8742231E-04   1.1132867E-05  -3.0446741E-05   1.0882812E-05   3.8789799E-04  -2.8581841E-05  -8.3329253E-05   2.7486985E-03  -1.0397586E-03  -2.6761971E-03   1.1496645E-04   2.0117757E-04  -1.5343907E-05  -4.6437559E-04   2.3493530E-04   1.8438637E-03   7.3711778E-08  -1.5648447E-07
  3.2522948E-07  -5.5283836E-06   7.4266024E-07   1.2392088E-05   1.1132867E-05   2.4769892E-05   1.0145080E-05   1.4465248E-06  -7.5643120E-03   1.3121466E-04   1.6579778E-03  -3.4322919E-02  -1.1708857E-02   1.0402783E-03   6.9670799E-03  -3.2990826E-03   4.0370637E-04  -5.3153891E-04  -2.8433694E-04   2.8878795E-03  -8.5398922E-08  -1.4497067E-07
 -6.4357259E-07  -9.3410484E-07  -1.2978422E-07  -7.8769138E-06  -3.0446741E-05   1.0145080E-05   5.4512178E-05   1.9219186E-07  -7.9497415E-03   1.6438759E-04   2.0901691E-03  -3.6468450E-02  -1.4479986E-02   1.1720181E-03   7.2914115E-03  -3.7912711E-03  -5.5670435E-04  -6.9004022E-04  -8.6843801E-04   1.6575192E-03  -1.1223283E-07  -1.7602452E-07
  3.8387807E-08  -5.9718308E-07   7.3207150E-08  -2.0748386E-07   1.0882812E-05   1.4465248E-06   1.9219186E-07   6.2647799E-06   2.5384149E-04  -3.7820865E-06  -6.6656638E-05   3.4003004E-03   1.8574756E-04   1.6811429E-05   1.8019417E-03   2.3548947E-05  -5.1954123E-05  -3.8383498E-05  -1.2241938E-04   6.8389691E-04   1.1133246E-08  -2.5586508E-08
 -7.2219781E-05   6.5766102E-04  -4.7871556E-05  -9.5110360E-04   3.8789799E-04  -7.5643120E-03  -7.9497415E-03   2.5384149E-04   4.6680354E+01  -4.1980178E-01  -1.1376941E+00   4.0514913E+01   4.3965119E+00  -1.3055258E+01  -5.6857799E+01   3.5821092E-01   2.4653262E-01   8.7871593E-01  -5.6090706E+00  -3.3712845E+01  -1.8953689E-04   7.3363862E-04
  1.0298074E-06  -2.6640869E-06   5.4662649E-07  -9.6871521E-06  -2.8581841E-05   1.3121466E-04   1.6438759E-04  -3.7820865E-06  -4.1980178E-01   8.2447665E-02  -4.1592243E-02  -5.4069092E-01   8.5326099E-01   1.6208901E+00   6.2930061E-01   3.3634618E-02  -1.6408227E-02   8.0442283E-03   1.0757437E-01   1.6113175E-01   5.0056218E-06  -4.0851957E-06
  1.9445803E-05  -1.6606633E-04   9.8666304E-06   4.2955581E-04  -8.3329253E-05   1.6579778E-03   2.0901691E-03  -6.6656638E-05  -1.1376941E+00  -4.1592243E-02   4.2636857E+00  -3.4121249E+01  -3.8064434E+00   8.6169858E+00   6.2064094E+00  -3.3148903E+00  -2.0241923E-01   1.6938620E-01   2.8493099E+00   3.6060622E+00   1.1653558E-04  -4.3031066E-05
 -3.0875660E-04   2.4032409E-03  -3.9564114E-04  -6.9067085E-03   2.7486985E-03  -3.4322919E-02  -3.6468450E-02   3.4003004E-03   4.0514913E+01  -5.4069092E-01  -3.4121249E+01   8.1034421E+02   7.9891601E+01  -5.9116806E+01  -6.6657979E+01   1.9011597E+01  -6.3117404E+00   6.0474663E+00  -1.3433829E+01  -2.7784134E+01   3.7431097E-03   1.9439354E-04
 -3.1989426E-04   1.5851667E-03  -1.6769930E-04  -4.2589272E-03  -1.0397586E-03  -1.1708857E-02  -1.4479986E-02   1.8574756E-04   4.3965119E+00   8.5326099E-01  -3.8064434E+00   7.9891601E+01   6.8598031E+01   4.1524064E+01   1.4808190E+01  -4.2957464E+00  -5.4540164E-01  -1.2862481E+00   3.8957069E+00   3.8534534E+00   2.2297495E-04   1.0302911E-04
 -1.8817238E-04   5.6938441E-04  -1.0747714E-04  -2.8451450E-03  -2.6761971E-03   1.0402783E-03   1.1720181E-03   1.6811429E-05  -1.3055258E+01   1.6208901E+00   8.6169858E+00  -5.9116806E+01   4.1524064E+01   8.8107250E+01   5.6289521E+01  -1.3618587E+01  -1.2090054E+00  -7.1389534E-01   5.5079925E+00   8.9634994E+00   5.5468744E-04  -4.3882893E-04
 -1.0953690E-04  -1.8758129E-04  -5.6439813E-05  -2.2762869E-03   1.1496645E-04   6.9670799E-03   7.2914115E-03   1.8019417E-03  -5.6857799E+01   6.2930061E-01   6.2064094E+00  -6.6657979E+01   1.4808190E+01   5.6289521E+01   1.0829199E+02  -1.0760371E+01  -1.0076407E+00  -1.5425981E+00   5.6694497E+00   3.4122492E+01   5.6165777E-04  -1.3713353E-03
 -8.0608330E-06   1.9940639E-04   1.3904018E-07  -1.7273237E-04   2.0117757E-04  -3.2990826E-03  -3.7912711E-03   2.3548947E-05   3.5821092E-01   3.3634618E-02  -3.3148903E+00   1.9011597E+01  -4.2957464E+00  -1.3618587E+01  -1.0760371E+01   6.8633163E+00   1.5046080E-01  -1.8988135E-01  -2.2972034E+00  -2.7067779E+00  -1.1670103E-04   2.8394587E-05
  1.8458036E-05   6.5938737E-06   2.8582381E-05   1.4733532E-04  -1.5343907E-05   4.0370637E-04  -5.5670435E-04  -5.1954123E-05   2.4653262E-01  -1.6408227E-02  -2.0241923E-01  -6.3117404E+00  -5.4540164E-01  -1.2090054E+00  -1.0076407E+00   1.5046080E-01   3.3608727E+00   6.0476213E-01   2.7205544E-01   2.7061408E-01   1.5541647E-04   2.7793313E-06
  9.3301719E-07   5.7006275E-05  -2.4844369E-06  -4.4819724E-05  -4.6437559E-04  -5.3153891E-04  -6.9004022E-04  -3.8383498E-05   8.7871593E-01   8.0442283E-03   1.6938620E-01   6.0474663E+00  -1.2862481E+00  -7.1389534E-01  -1.5425981E+00  -1.8988135E-01   6.0476213E-01   3.1742811E+00   2.7344627E+00   2.4798164E+00  -1.7635654E-04  -2.8259631E-05
  5.1529538E-06  -1.5450703E-05   9.9850356E-06   4.0006886E-04   2.3493530E-04  -2.8433694E-04  -8.6843801E-04  -1.2241938E-04  -5.6090706E+00   1.0757437E-01   2.8493099E+00  -1.3433829E+01   3.8957069E+00   5.5079925E+00   5.6694497E+00  -2.2972034E+00   2.7205544E-01   2.7344627E+00   1.1154791E+01   1.9424592E+01   1.0079384E-05   4.2106869E-04
  3.6247950E-05  -3.4640187E-04   3.5507593E-05   8.4562853E-04   1.8438637E-03   2.8878795E-03   1.6575192E-03   6.8389691E-04  -3.3712845E+01   1.6113175E-01   3.6060622E+00  -2.7784134E+01   3.8534534E+00   8.9634994E+00   3.4122492E+01  -2.7067779E+00   2.7061408E-01   2.4798164E+00   1.9424592E+01   5.3249824E+01   1.0344847E-04   9.2402242E-04
  2.2572661E-09  -2.2167202E-08   5.1572339E-10  -4.8427978E-08   7.3711778E-08  -8.5398922E-08  -1.1223283E-07   1.1133246E-08  -1.8953689E-04   5.0056218E-06   1.1653558E-04   3.7431097E-03   2.2297495E-04   5.5468744E-04   5.6165777E-04  -1.1670103E-04   1.5541647E-04  -1.7635654E-04   1.0079384E-05   1.0344847E-04   3.7449238E-07  -6.0160673E-09
 -2.9111857E-09   3.0210563E-08  -1.5714227E-09  -9.2172532E-08  -1.5648447E-07  -1.4497067E-07  -1.7602452E-07  -2.5586508E-08   7.3363862E-04  -4.0851957E-06  -4.3031066E-05   1.9439354E-04   1.0302911E-04  -4.3882893E-04  -1.3713353E-03   2.8394587E-05   2.7793313E-06  -2.8259631E-05   4.2106869E-04   9.2402242E-04  -6.0160673E-09   3.9119019E-07
