# omegabh2 omegach2 theta tau mnu logA ns calPlanck aps100 aps143 aps217 acib217 asz143 psr cibr xi aksz dust100 dust143 dust217 dust143x217 cal0 cal2
  6.3449430E-08  -3.2518255E-07   6.6466778E-08   3.8029326E-07  -2.2294351E-05   2.7653952E-07   9.6444052E-07   2.4365148E-08  -1.0613604E-03  -7.4216476E-04   1.2743073E-04  -3.1401208E-04   4.2553864E-05   1.6844229E-06  -5.0726436E-06   2.7525010E-06  -7.4741516E-05   5.8195147E-07  -6.4609520E-07   1.4983124E-06  -5.3284317E-07   8.9648570E-09  -2.3118548E-08
 -3.2518255E-07   4.8799961E-06  -5.6309318E-07  -3.8375889E-06   1.4059088E-04   2.9085335E-06  -1.1441321E-05  -1.5870201E-07   3.0819587E-03   3.2106528E-03   7.7168864E-04   7.5145943E-04  -1.4983539E-04  -2.0407006E-06   1.2148331E-05  -3.6464453E-06   1.5125745E-04   7.8364020E-07  -1.6917775E-06  -2.2786218E-06   2.5376641E-06  -6.1279474E-08   7.9229671E-08
  6.6466778E-08  -5.6309318E-07   2.5835189E-07   5.2064837E-07  -3.6821122E-05   7.7301930E-08   1.6818818E-06  -3.9461291E-09  -6.7815166E-04  -5.5644560E-04  -1.0800231E-04  -1.5753790E-04   2.6272700E-05   1.2553932E-06  -2.7041115E-06   2.9440541E-06  -4.3324553E-05   1.1735743E-07  -7.2895028E-07   4.5088633E-07  -9.6087350E-07   1.2289918E-08  -1.1104251E-08
  3.8029326E-07  -3.8375889E-06   5.2064837E-07   4.5808451E-05  -6.9212090E-05   8.2951897E-05   1.1876331E-05   6.1100735E-08  -1.0405808E-02  -6.2410760E-03   5.3869749E-05  -1.9308736E-03   3.5080850E-04   1.8677458E-05  -2.7563752E-05   2.5644673E-05  -7.2449864E-04   8.1426409E-06  -1.5776170E-05  -9.6832458E-07  -2.4743871E-05   7.9618600E-08  -1.8412242E-07
 -2.2294351E-05   1.4059088E-04  -3.6821122E-05  -6.9212090E-05   3.5213732E-02   4.3248056E-05  -4.9972574E-04   1.6181076E-05   5.6043817E-01   3.3817010E-01  -8.0784061E-02   1.6033844E-01  -1.4910792E-02  -4.7107390E-04   2.5508726E-03  -1.3358628E-03   3.3760766E-02   1.4579715E-04   6.8486590E-04  -5.5850310E-04   4.8993305E-04  -1.5572878E-06   1.4705175E-05
  2.7653952E-07   2.9085335E-06   7.7301930E-08   8.2951897E-05   4.3248056E-05   2.0195003E-04  -1.2396899E-06   1.2486016E-05  -1.5309291E-02  -5.8599078E-03   1.1356648E-02  -4.9273083E-03   5.4154400E-04   7.3242419E-05  -1.0850514E-04   9.7118690E-05  -2.3705333E-03  -3.2298788E-06  -1.6419110E-04   2.1968840E-05  -6.3670159E-05   6.7793614E-07  -2.9923553E-07
  9.6444052E-07  -1.1441321E-05   1.6818818E-06   1.1876331E-05  -4.9972574E-04  -1.2396899E-06   3.9269035E-05   5.9984888E-07  -3.2098715E-02  -1.5760940E-02   8.6477220E-03  -8.8458712E-03   1.0576159E-03   8.0758553E-05  -1.5952686E-04   8.5441750E-05  -2.8097360E-03   1.8983714E-05  -1.7772683E-05   3.9347221E-05  -8.2182935E-06  -1.3523598E-07  -6.8165206E-07
  2.4365148E-08  -1.5870201E-07  -3.9461291E-09   6.1100735E-08   1.6181076E-05   1.2486016E-05   5.9984888E-07   6.3565227E-06   1.8658111E-03   2.8360704E-04   1.8121615E-03   2.6929364E-04  -1.6192366E-06   1.8621179E-06  -2.2710110E-06   4.4796544E-06  -3.0009290E-05  -1.7795529E-06  -8.6909319E-06   8.1863497E-06  -1.5673270E-06  -4.0427603E-09  -1.8656787E-08
 -1.0613604E-03   3.0819587E-03  -6.7815166E-04  -1.0405808E-02   5.6043817E-01  -1.5309291E-02  -3.2098715E-02   1.8658111E-03   6.2391589E+02   7.0455044E+01  -5.8560795E+01   3.5861484E+01  -2.4730637E+01  -8.5917620E-01   9.8755098E-02  -2.4791421E-01   1.0800061E+01  -2.1365425E-01   3.0661384E-01  -2.4546285E-01  -2.1205827E-01   6.6077282E-03   3.8171257E-03
 -7.4216476E-04   3.2106528E-03  -5.5644560E-04  -6.2410760E-03   3.3817010E-01  -5.8599078E-03  -1.5760940E-02   2.8360704E-04   7.0455044E+01   7.3567641E+01   6.9971728E+00   9.8267493E+00  -7.8514434E-01  -1.9202208E-02   4.9252140E-01   8.5787227E-01  -7.7682839E+00  -3.3149104E-02  -2.3332276E-01   4.2519646E-02   7.3419293E-02   8.4193972E-04   1.1963581E-03
  1.2743073E-04   7.7168864E-04  -1.0800231E-04   5.3869749E-05  -8.0784061E-02   1.1356648E-02   8.6477220E-03   1.8121615E-03  -5.8560795E+01   6.9971728E+00   1.8010588E+02  -8.4989358E+01   3.0928157E+00   3.9538517E-01  -1.1273384E+00   2.4592328E-01  -8.0163047E+00  -5.7529241E-02  -3.1325362E-01   5.4499001E-01   3.1729204E-02   1.7297280E-03  -8.1964316E-03
 -3.1401208E-04   7.5145943E-04  -1.5753790E-04  -1.9308736E-03   1.6033844E-01  -4.9273083E-03  -8.8458712E-03   2.6929364E-04   3.5861484E+01   9.8267493E+00  -8.4989358E+01   5.3248710E+01   1.2353275E+00  -7.7990386E-02   7.5724505E-01  -2.1429206E-01  -2.1178066E+00   1.9253147E-02   1.7507404E-01  -4.4435510E-01  -1.2946233E-01  -5.9322459E-04   3.4394571E-03
  4.2553864E-05  -1.4983539E-04   2.6272700E-05   3.5080850E-04  -1.4910792E-02   5.4154400E-04   1.0576159E-03  -1.6192366E-06  -2.4730637E+01  -7.8514434E-01   3.0928157E+00   1.2353275E+00   4.1525121E+00   9.9021136E-02   1.3049917E-01  -4.0322095E-02  -3.4394700E+00   1.3577035E-03  -5.9421804E-03   9.1670787E-03   4.9936586E-02   4.4900092E-04  -2.5376636E-04
  1.6844229E-06  -2.0407006E-06   1.2553932E-06   1.8677458E-05  -4.7107390E-04   7.3242419E-05   8.0758553E-05   1.8621179E-06  -8.5917620E-01  -1.9202208E-02   3.9538517E-01  -7.7990386E-02   9.9021136E-02   1.5889705E-02  -1.6792589E-02   1.1310975E-02  -1.0841087E-01  -3.4421095E-05  -1.5242741E-03  -2.3258410E-03   5.3835584E-03   1.7176968E-05  -3.8503217E-05
 -5.0726436E-06   1.2148331E-05  -2.7041115E-06  -2.7563752E-05   2.5508726E-03  -1.0850514E-04  -1.5952686E-04  -2.2710110E-06   9.8755098E-02   4.9252140E-01  -1.1273384E+00   7.5724505E-01   1.3049917E-01  -1.6792589E-02   6.4927304E-02   4.7535242E-03  -1.2677672E-01   4.7099636E-04   6.8673614E-03  -4.1280833E-04  -1.7678412E-02  -7.0883340E-06   1.0048128E-04
  2.7525010E-06  -3.6464453E-06   2.9440541E-06   2.5644673E-05  -1.3358628E-03   9.7118690E-05   8.5441750E-05   4.4796544E-06  -2.4791421E-01   8.5787227E-01   2.4592328E-01  -2.1429206E-01  -4.0322095E-02   1.1310975E-02   4.7535242E-03   8.1878751E-02   3.4414205E-02  -8.2891918E-05   9.2511685E-05   8.9304235E-04   8.8361640E-04   1.3724482E-05  -2.1605304E-06
 -7.4741516E-05   1.5125745E-04  -4.3324553E-05  -7.2449864E-04   3.3760766E-02  -2.3705333E-03  -2.8097360E-03  -3.0009290E-05   1.0800061E+01  -7.7682839E+00  -8.0163047E+00  -2.1178066E+00  -3.4394700E+00  -1.0841087E-01  -1.2677672E-01   3.4414205E-02   7.4684385E+00   5.5479848E-05   5.4160756E-03  -4.4714250E-03  -4.8649801E-02  -3.9648760E-04   9.8765182E-05
  5.8195147E-07   7.8364020E-07   1.1735743E-07   8.1426409E-06   1.4579715E-04  -3.2298788E-06   1.8983714E-05  -1.7795529E-06  -2.1365425E-01  -3.3149104E-02  -5.7529241E-02   1.9253147E-02   1.3577035E-03  -3.4421095E-05   4.7099636E-04  -8.2891918E-05   5.5479848E-05   3.7063767E-02   2.7674528E-03  -2.4392562E-04   3.6894584E-04   3.2979602E-05  -6.8165824E-06
 -6.4609520E-07  -1.6917775E-06  -7.2895028E-07  -1.5776170E-05   6.8486590E-04  -1.6419110E-04  -1.7772683E-05  -8.6909319E-06   3.0661384E-01  -2.3332276E-01  -3.1325362E-01   1.7507404E-01  -5.9421804E-03  -1.5242741E-03   6.8673614E-03   9.2511685E-05   5.4160756E-03   2.7674528E-03   3.0712279E-02  -7.7005800E-04   5.3039307E-03  -8.0618591E-05  -4.1392151E-05
  1.4983124E-06  -2.2786218E-06   4.5088633E-07  -9.6832458E-07  -5.5850310E-04   2.1968840E-05   3.9347221E-05   8.1863497E-06  -2.4546285E-01   4.2519646E-02   5.4499001E-01  -4.4435510E-01   9.1670787E-03  -2.3258410E-03  -4.1280833E-04   8.9304235E-04  -4.4714250E-03  -2.4392562E-04  -7.7005800E-04   1.0471606E-02   8.4943884E-03   3.7907951E-06   6.2318927E-05
 -5.3284317E-07   2.5376641E-06  -9.6087350E-07  -2.4743871E-05   4.8993305E-04  -6.3670159E-05  -8.2182935E-06  -1.5673270E-06  -2.1205827E-01   7.3419293E-02   3.1729204E-02  -1.2946233E-01   4.9936586E-02   5.3835584E-03  -1.7678412E-02   8.8361640E-04  -4.8649801E-02   3.6894584E-04   5.3039307E-03   8.4943884E-03   2.6377922E-02  -4.6608458E-06   5.7426923E-05
  8.9648570E-09  -6.1279474E-08   1.2289918E-08   7.9618600E-08  -1.5572878E-06   6.7793614E-07  -1.3523598E-07  -4.0427603E-09   6.6077282E-03   8.4193972E-04   1.7297280E-03  -5.9322459E-04   4.4900092E-04   1.7176968E-05  -7.0883340E-06   1.3724482E-05  -3.9648760E-04   3.2979602E-05  -8.0618591E-05   3.7907951E-06  -4.6608458E-06   1.0995879E-06   4.3678919E-08
 -2.3118548E-08   7.9229671E-08  -1.1104251E-08  -1.8412242E-07   1.4705175E-05  -2.9923553E-07  -6.8165206E-07  -1.8656787E-08   3.8171257E-03   1.1963581E-03  -8.1964316E-03   3.4394571E-03  -2.5376636E-04  -3.8503217E-05   1.0048128E-04  -2.1605304E-06   9.8765182E-05  -6.8165824E-06  -4.1392151E-05   6.2318927E-05   5.7426923E-05   4.3678919E-08   2.5126650E-06
