# omegabh2 omegach2 theta tau mnu logA ns calPlanck acib217 xi asz143 aps100 aps143 aps143217 aps217 aksz kgal100 kgal143 kgal143217 kgal217 cal0 cal2
  3.5475973E-08  -5.2726842E-08   1.7712644E-08   2.4066707E-07   6.0137685E-07   5.0054671E-07   2.5090440E-07   2.2991304E-08  -1.3657524E-04   2.8765270E-06   4.4724632E-05  -6.8781528E-04  -3.9208252E-04  -1.0834070E-04  -1.4184013E-05  -6.3683274E-05   7.0999213E-06  -5.6109397E-07   2.3192295E-06   5.1407861E-05  -8.4664934E-10  -8.0771216E-10
 -5.2726842E-08   1.5517219E-06  -6.9492631E-08  -1.5862288E-06  -2.1013389E-05   5.0882979E-07  -3.2373916E-06  -8.1083791E-08  -6.8133546E-05   1.7504349E-06   1.1855287E-05   1.7019270E-04   2.1017351E-04   3.0769226E-04   3.3399375E-04  -3.6012788E-05  -3.8539305E-05   3.0158356E-06   1.5811294E-05   3.2258496E-05  -7.8773981E-09  -1.3139254E-09
  1.7712644E-08  -6.9492631E-08   1.7287864E-07   1.6399187E-07   1.5762866E-06   3.5567459E-07   3.8350155E-07   1.4240700E-08   2.6896550E-05  -1.1350758E-06  -1.7746830E-06   1.3722658E-05   2.1192692E-07  -4.6520388E-05  -6.6941701E-05   4.6802831E-06   1.7229243E-05   6.9396470E-06   5.1181638E-06   4.5528020E-06   4.4187484E-09   2.4754904E-09
  2.4066707E-07  -1.5862288E-06   1.6399187E-07   6.3523389E-05   3.0636669E-05   1.2258905E-04   6.7621479E-06  -3.1723282E-07  -2.3101051E-03   9.5871161E-05   5.2540534E-04  -8.4673138E-03  -3.1771619E-03   1.1200211E-03   1.1871164E-03  -1.2264605E-03  -9.2784539E-05  -4.6702596E-05   1.9003843E-04   9.4150063E-04  -4.7835540E-08  -7.3767633E-08
  6.0137685E-07  -2.1013389E-05   1.5762866E-06   3.0636669E-05   2.1594103E-03   8.9926317E-06   4.1810458E-05   1.1069160E-06   5.2933486E-03  -2.1218351E-04  -1.6001777E-03   2.3604233E-02   1.0329283E-02  -2.5698450E-03  -5.2149135E-03   2.3122425E-03  -1.3586689E-04   4.8214491E-04  -1.4157640E-03  -3.5076813E-03  -3.2101669E-07  -2.8408878E-07
  5.0054671E-07   5.0882979E-07   3.5567459E-07   1.2258905E-04   8.9926317E-06   2.7498460E-04   4.7277666E-06   1.2147062E-05  -6.2282457E-03   2.6133725E-04   1.3969431E-03  -1.8278772E-02  -5.7622312E-03   6.3777062E-03   1.0520146E-02  -3.5333096E-03  -7.9100676E-04  -9.0010312E-04  -1.6591316E-04   3.9553444E-03   2.5058039E-08  -1.3680882E-07
  2.5090440E-07  -3.2373916E-06   3.8350155E-07   6.7621479E-06   4.1810458E-05   4.7277666E-06   1.7659601E-05   4.4620353E-07  -4.4128680E-03   9.7311511E-05   9.5326351E-04  -2.3848370E-02  -6.6332400E-03   1.6234854E-03   4.7547746E-03  -2.3489739E-03   4.8940336E-04  -3.2659753E-04  -2.7916623E-04   1.5639356E-03  -8.8750407E-08  -8.7653863E-08
  2.2991304E-08  -8.1083791E-08   1.4240700E-08  -3.1723282E-07   1.1069160E-06   1.2147062E-05   4.4620353E-07   6.4238205E-06   1.4770452E-04   7.5966274E-06   8.2810952E-05   2.1172007E-03   4.0363141E-05   6.4126668E-04   2.0171648E-03  -2.7895232E-06  -7.2025353E-05  -8.8580789E-05  -7.8020540E-05   9.2585175E-04  -1.3336402E-08   4.4950275E-09
 -1.3657524E-04  -6.8133546E-05   2.6896550E-05  -2.3101051E-03   5.2933486E-03  -6.2282457E-03  -4.4128680E-03   1.4770452E-04   4.5191629E+01  -3.9831944E-01  -7.4635659E-01   3.7887752E+01   3.2250454E+00  -1.2093579E+01  -5.4898847E+01  -4.7748595E-01   8.3532586E-02   6.4516552E-01  -5.6953424E+00  -3.3444597E+01  -2.1217211E-04   7.4179711E-04
  2.8765270E-06   1.7504349E-06  -1.1350758E-06   9.5871161E-05  -2.1218351E-04   2.6133725E-04   9.7311511E-05   7.5966274E-06  -3.9831944E-01   8.2256047E-02  -4.3862849E-02  -6.8045192E-01   8.2120273E-01   1.6253074E+00   5.9879517E-01   6.2789430E-02  -1.1965150E-02  -2.8378755E-03   8.1784502E-02   1.1914917E-01   6.3207687E-06  -2.9628384E-07
  4.4724632E-05   1.1855287E-05  -1.7746830E-06   5.2540534E-04  -1.6001777E-03   1.3969431E-03   9.5326351E-04   8.2810952E-05  -7.4635659E-01  -4.3862849E-02   3.9220608E+00  -3.1304394E+01  -3.4912814E+00   7.7532231E+00   5.2180590E+00  -2.9400499E+00  -1.7099567E-01   1.5475513E-01   2.5890387E+00   3.1517224E+00   1.2305697E-04  -3.7071766E-05
 -6.8781528E-04   1.7019270E-04   1.3722658E-05  -8.4673138E-03   2.3604233E-02  -1.8278772E-02  -2.3848370E-02   2.1172007E-03   3.7887752E+01  -6.8045192E-01  -3.1304394E+01   8.0044272E+02   7.2782067E+01  -5.8512897E+01  -6.2407683E+01   1.5523934E+01  -6.7903101E+00   5.5798663E+00  -1.2796478E+01  -2.6791778E+01   3.7235135E-03   4.6480599E-04
 -3.9208252E-04   2.1017351E-04   2.1192692E-07  -3.1771619E-03   1.0329283E-02  -5.7622312E-03  -6.6332400E-03   4.0363141E-05   3.2250454E+00   8.2120273E-01  -3.4912814E+00   7.2782067E+01   6.3259419E+01   3.9819759E+01   1.5269299E+01  -5.0980398E+00  -5.5151050E-01  -1.6459409E+00   2.8942240E+00   2.7534287E+00   1.0315362E-04   1.3134316E-04
 -1.0834070E-04   3.0769226E-04  -4.6520388E-05   1.1200211E-03  -2.5698450E-03   6.3777062E-03   1.6234854E-03   6.4126668E-04  -1.2093579E+01   1.6253074E+00   7.7532231E+00  -5.8512897E+01   3.9819759E+01   8.5366587E+01   5.3417816E+01  -1.2529304E+01  -8.0315747E-01  -1.1860122E+00   3.9198055E+00   6.6838503E+00   5.4318930E-04  -3.1744123E-04
 -1.4184013E-05   3.3399375E-04  -6.6941701E-05   1.1871164E-03  -5.2149135E-03   1.0520146E-02   4.7547746E-03   2.0171648E-03  -5.4898847E+01   5.9879517E-01   5.2180590E+00  -6.2407683E+01   1.5269299E+01   5.3417816E+01   1.0432703E+02  -9.5405236E+00  -4.7171637E-01  -1.5469616E+00   5.0204161E+00   3.2880441E+01   5.3668071E-04  -1.3441686E-03
 -6.3683274E-05  -3.6012788E-05   4.6802831E-06  -1.2264605E-03   2.3122425E-03  -3.5333096E-03  -2.3489739E-03  -2.7895232E-06  -4.7748595E-01   6.2789430E-02  -2.9400499E+00   1.5523934E+01  -5.0980398E+00  -1.2529304E+01  -9.5405236E+00   6.6023657E+00   7.3769376E-02  -1.3494176E-01  -2.0779934E+00  -2.1496372E+00  -7.7280596E-05   6.4458973E-06
  7.0999213E-06  -3.8539305E-05   1.7229243E-05  -9.2784539E-05  -1.3586689E-04  -7.9100676E-04   4.8940336E-04  -7.2025353E-05   8.3532586E-02  -1.1965150E-02  -1.7099567E-01  -6.7903101E+00  -5.5151050E-01  -8.0315747E-01  -4.7171637E-01   7.3769376E-02   3.4107974E+00   6.0267239E-01   2.4750134E-01   3.2447578E-01   1.5418236E-04   1.1598039E-05
 -5.6109397E-07   3.0158356E-06   6.9396470E-06  -4.6702596E-05   4.8214491E-04  -9.0010312E-04  -3.2659753E-04  -8.8580789E-05   6.4516552E-01  -2.8378755E-03   1.5475513E-01   5.5798663E+00  -1.6459409E+00  -1.1860122E+00  -1.5469616E+00  -1.3494176E-01   6.0267239E-01   3.1739614E+00   2.6474744E+00   2.5179639E+00  -1.9001828E-04  -6.0095941E-05
  2.3192295E-06   1.5811294E-05   5.1181638E-06   1.9003843E-04  -1.4157640E-03  -1.6591316E-04  -2.7916623E-04  -7.8020540E-05  -5.6953424E+00   8.1784502E-02   2.5890387E+00  -1.2796478E+01   2.8942240E+00   3.9198055E+00   5.0204161E+00  -2.0779934E+00   2.4750134E-01   2.6474744E+00   1.0640073E+01   1.8927057E+01  -2.1712060E-05   3.9125998E-04
  5.1407861E-05   3.2258496E-05   4.5528020E-06   9.4150063E-04  -3.5076813E-03   3.9553444E-03   1.5639356E-03   9.2585175E-04  -3.3444597E+01   1.1914917E-01   3.1517224E+00  -2.6791778E+01   2.7534287E+00   6.6838503E+00   3.2880441E+01  -2.1496372E+00   3.2447578E-01   2.5179639E+00   1.8927057E+01   5.3081023E+01   7.3856503E-05   9.1884363E-04
 -8.4664934E-10  -7.8773981E-09   4.4187484E-09  -4.7835540E-08  -3.2101669E-07   2.5058039E-08  -8.8750407E-08  -1.3336402E-08  -2.1217211E-04   6.3207687E-06   1.2305697E-04   3.7235135E-03   1.0315362E-04   5.4318930E-04   5.3668071E-04  -7.7280596E-05   1.5418236E-04  -1.9001828E-04  -2.1712060E-05   7.3856503E-05   3.7359468E-07  -1.5565723E-09
 -8.0771216E-10  -1.3139254E-09   2.4754904E-09  -7.3767633E-08  -2.8408878E-07  -1.3680882E-07  -8.7653863E-08   4.4950275E-09   7.4179711E-04  -2.9628384E-07  -3.7071766E-05   4.6480599E-04   1.3134316E-04  -3.1744123E-04  -1.3441686E-03   6.4458973E-06   1.1598039E-05  -6.0095941E-05   3.9125998E-04   9.1884363E-04  -1.5565723E-09   4.0003225E-07
