# omegabh2 omegach2 theta tau logA ns nrun r calPlanck acib217 xi asz143 aps100 aps143 aps143217 aps217 aksz kgal100 kgal143 kgal143217 kgal217 galfEE100 galfEE100143 galfEE100217 galfEE143 galfEE143217 galfEE217 galfTE100 galfTE100143 galfTE100217 galfTE143 galfTE143217 galfTE217 cal0 cal2
    0.2745494E-07   -0.1412330E-06    0.2068996E-07    0.1201908E-05    0.2256379E-05    0.3328259E-06   -0.4294298E-06    0.8157940E-06    0.1061557E-07   -0.5373921E-04    0.1565126E-05    0.1288953E-04   -0.1881537E-03   -0.1308522E-03   -0.2921513E-04    0.1619915E-04   -0.1995384E-04    0.8631832E-06   -0.5104665E-05   -0.1395587E-04   -0.1348101E-04    0.7808339E-07    0.8094069E-07   -0.5064592E-07    0.8726797E-07    0.1335029E-06    0.8501458E-07   -0.6095120E-07   -0.5946523E-07   -0.1368343E-06   -0.1964602E-06   -0.9306268E-06   -0.3181885E-05    0.3582079E-08   -0.5226497E-08
   -0.1412330E-06    0.2183058E-05   -0.1915254E-06   -0.9924249E-05   -0.1478799E-04   -0.5377283E-05   -0.3335967E-10   -0.4341385E-05   -0.1450016E-06    0.4553784E-03   -0.7016756E-05   -0.1748243E-03    0.2303032E-02    0.1555586E-02    0.5831463E-03    0.1558537E-03    0.1353999E-03   -0.1800741E-04   -0.8294689E-05    0.3151335E-04    0.1936230E-04   -0.6694020E-06   -0.7095956E-06   -0.1259311E-06   -0.8110141E-06   -0.6264806E-06   -0.5977610E-07    0.8326327E-06    0.2543387E-06    0.1165606E-05    0.8457721E-06    0.5629594E-05    0.2395546E-04    0.2024643E-08    0.6866369E-07
    0.2068996E-07   -0.1915254E-06    0.1011440E-06    0.1123146E-05    0.1939733E-05    0.5897442E-06   -0.8797904E-07    0.5322817E-06    0.2837276E-07   -0.5728255E-05   -0.8313468E-06    0.1534223E-04   -0.1533803E-03   -0.1433886E-03   -0.9045371E-04   -0.6508394E-04   -0.4939925E-05    0.6449201E-05   -0.3590388E-05   -0.3532691E-05   -0.5778744E-05    0.3706779E-07    0.6845754E-07    0.5323267E-07    0.8753135E-07   -0.1193303E-06   -0.5693352E-06   -0.2246528E-06   -0.2115833E-06   -0.3733385E-06   -0.3218287E-06   -0.8264021E-06   -0.3360355E-05    0.2704408E-08   -0.1144006E-08
    0.1201908E-05   -0.9924249E-05    0.1123146E-05    0.3004129E-03    0.5815665E-03    0.3088039E-04   -0.3824478E-04    0.2029427E-05   -0.1653491E-05   -0.6405777E-02    0.1564246E-03    0.1002545E-02   -0.2361124E-01   -0.7382357E-02    0.2823641E-02    0.7354091E-02   -0.2929145E-02   -0.1983771E-03   -0.8034346E-03   -0.3048646E-02   -0.3727731E-02    0.6800581E-05    0.6995352E-05    0.5372062E-05    0.6478308E-05    0.8056281E-05   -0.2292648E-04   -0.8530971E-05   -0.1361570E-04    0.2897190E-05   -0.2131591E-04   -0.3924348E-04   -0.1021066E-03    0.1667267E-06   -0.1227027E-05
    0.2256379E-05   -0.1478799E-04    0.1939733E-05    0.5815665E-03    0.1167442E-02    0.4614700E-04   -0.8763752E-04    0.8386480E-05    0.8940743E-05   -0.9757034E-02    0.3431963E-03    0.1151751E-02   -0.2891815E-01   -0.6201341E-02    0.1016025E-01    0.1906255E-01   -0.5574935E-02   -0.5067340E-03   -0.2124371E-02   -0.6416443E-02   -0.6565811E-02    0.1382692E-04    0.1371570E-04    0.5510551E-05    0.1298833E-04    0.1277075E-04   -0.3789838E-04   -0.1635237E-04   -0.2521265E-04    0.8120847E-05   -0.3645890E-04   -0.7983651E-04   -0.1373508E-03    0.5995364E-06   -0.2254266E-05
    0.3328259E-06   -0.5377283E-05    0.5897442E-06    0.3088039E-04    0.4614700E-04    0.2379542E-04    0.5982912E-05    0.2049691E-04    0.2674696E-06   -0.6374215E-02    0.1453604E-03    0.1716955E-02   -0.3147912E-01   -0.9366834E-02    0.3273141E-02    0.7080995E-02   -0.3169674E-02    0.2664771E-03   -0.2043542E-03   -0.7054604E-03    0.3593043E-03    0.2618906E-05    0.2622950E-05    0.1212327E-05    0.2689146E-05    0.3337810E-05    0.1281554E-05   -0.1723012E-05   -0.1042007E-05   -0.2782357E-05   -0.2845295E-05   -0.1085980E-04   -0.5037754E-04   -0.1640127E-06   -0.6637478E-06
   -0.4294298E-06   -0.3335967E-10   -0.8797904E-07   -0.3824478E-04   -0.8763752E-04    0.5982912E-05    0.5799755E-04   -0.1180443E-03    0.4619930E-06   -0.9174822E-02    0.1208096E-03    0.2415305E-02   -0.3730739E-01   -0.1508025E-01    0.7917170E-03    0.7933975E-02   -0.3755230E-02   -0.4103789E-03   -0.1576317E-03   -0.9733399E-04    0.2471446E-02   -0.3120623E-05   -0.3823476E-05    0.2910439E-06   -0.4254865E-05    0.3167870E-05    0.7683601E-05   -0.3216730E-05   -0.1078896E-05    0.3433682E-05    0.1440180E-06    0.1526837E-04    0.5586827E-04   -0.1791222E-06   -0.8336942E-06
    0.8157940E-06   -0.4341385E-05    0.5322817E-06    0.2029427E-05    0.8386480E-05    0.2049691E-04   -0.1180443E-03    0.2099755E-02   -0.2631791E-06    0.1456878E-01    0.1549894E-03   -0.2686316E-02    0.4655547E-01    0.2891491E-01    0.1221909E-01   -0.8567992E-02    0.4801259E-02   -0.5191690E-03   -0.8518942E-03    0.1631605E-02   -0.3838033E-02   -0.1674307E-04   -0.1664031E-04    0.7866737E-05   -0.1529734E-04    0.2592828E-04    0.1924203E-04    0.4885610E-04    0.2324685E-04   -0.5457416E-04    0.6814723E-04   -0.4232041E-04   -0.6096538E-04    0.1994413E-06    0.1438215E-05
    0.1061557E-07   -0.1450016E-06    0.2837276E-07   -0.1653491E-05    0.8940743E-05    0.2674696E-06    0.4619930E-06   -0.2631791E-06    0.6279580E-05    0.8725799E-03    0.1173430E-04    0.7697640E-05    0.3728533E-02    0.6323278E-03    0.5592860E-03    0.1067713E-02    0.3774518E-05    0.4906132E-04    0.3930901E-05    0.2960536E-04    0.7164720E-03    0.8009633E-06    0.5678956E-06   -0.1592459E-05    0.8163079E-06   -0.1792411E-06    0.6672669E-05   -0.8830865E-06    0.7555098E-06    0.8226683E-06    0.1885563E-05   -0.4791841E-05    0.1321239E-04   -0.5977778E-08   -0.2071629E-07
   -0.5373921E-04    0.4553784E-03   -0.5728255E-05   -0.6405777E-02   -0.9757034E-02   -0.6374215E-02   -0.9174822E-02    0.1456878E-01    0.8725799E-03    0.4489381E+02   -0.5164788E+00   -0.2036603E+01    0.4806356E+02    0.1912651E+01   -0.2195754E+02   -0.6247897E+02    0.1027387E+01   -0.9232269E-01    0.2338046E+00   -0.2192946E+01   -0.1924232E+02    0.1861035E-03    0.3872934E-03    0.3617267E-03    0.3023021E-03   -0.2188302E-02    0.1281717E-01   -0.6510128E-03   -0.2340150E-03   -0.3377463E-02    0.6603414E-03   -0.2787961E-02   -0.5765613E-02   -0.2616077E-03    0.4412500E-02
    0.1565126E-05   -0.7016756E-05   -0.8313468E-06    0.1564246E-03    0.3431963E-03    0.1453604E-03    0.1208096E-03    0.1549894E-03    0.1173430E-04   -0.5164788E+00    0.8167978E-01   -0.7210363E-01   -0.4981619E+00    0.9910356E+00    0.1878474E+01    0.8006132E+00    0.6193611E-01   -0.7581632E-02    0.2130552E-02    0.8754957E-01    0.8768519E-01    0.4796439E-05    0.1058914E-04   -0.1146396E-03    0.4705071E-05    0.6639605E-04    0.9760436E-04   -0.9069363E-04   -0.4530853E-04    0.1821246E-03   -0.6334006E-04   -0.1540766E-03   -0.2589357E-03    0.9269136E-05   -0.2056585E-04
    0.1288953E-04   -0.1748243E-03    0.1534223E-04    0.1002545E-02    0.1151751E-02    0.1716955E-02    0.2415305E-02   -0.2686316E-02    0.7697640E-05   -0.2036603E+01   -0.7210363E-01    0.3812870E+01   -0.3056445E+02   -0.4112007E+01    0.7977648E+01    0.7354545E+01   -0.2933101E+01   -0.1206136E+00    0.7240791E-02    0.2321017E+01    0.2196605E+01    0.9857562E-04    0.5646440E-04    0.3133769E-03    0.7077861E-04    0.2288722E-03    0.8919082E-03    0.1484627E-03    0.6213416E-03    0.2729407E-02    0.8300853E-04   -0.1917756E-03   -0.8567214E-03    0.1660647E-03   -0.4042938E-03
   -0.1881537E-03    0.2303032E-02   -0.1533803E-03   -0.2361124E-01   -0.2891815E-01   -0.3147912E-01   -0.3730739E-01    0.4655547E-01    0.3728533E-02    0.4806356E+02   -0.4981619E+00   -0.3056445E+02    0.7878495E+03    0.7394288E+02   -0.6403255E+02   -0.8013562E+02    0.1631697E+02   -0.3837304E+01    0.3381015E+01   -0.1000922E+02   -0.1510112E+02   -0.7839080E-03   -0.7645554E-03    0.9435770E-03    0.7770562E-03   -0.8564546E-03    0.1780557E-01   -0.7634549E-02   -0.6466755E-02   -0.3936127E-01    0.7612614E-02   -0.3286136E-02   -0.5948873E-01    0.6386678E-02    0.5355518E-02
   -0.1308522E-03    0.1555586E-02   -0.1433886E-03   -0.7382357E-02   -0.6201341E-02   -0.9366834E-02   -0.1508025E-01    0.2891491E-01    0.6323278E-03    0.1912651E+01    0.9910356E+00   -0.4112007E+01    0.7394288E+02    0.6375645E+02    0.4453767E+02    0.1683478E+02   -0.3814201E+01   -0.2024995E+00   -0.9661239E+00    0.4248780E+01    0.3780016E+01   -0.4233442E-03   -0.2990347E-03   -0.1042566E-02    0.1358933E-03    0.1008402E-02    0.6586403E-02    0.7225537E-03    0.3198182E-03    0.1213395E-02    0.3307234E-02   -0.1629031E-03    0.1078194E-01    0.2406783E-03    0.3465552E-03
   -0.2921513E-04    0.5831463E-03   -0.9045371E-04    0.2823641E-02    0.1016025E-01    0.3273141E-02    0.7917170E-03    0.1221909E-01    0.5592860E-03   -0.2195754E+02    0.1878474E+01    0.7977648E+01   -0.6403255E+02    0.4453767E+02    0.1000409E+03    0.6894277E+02   -0.1267148E+02   -0.4628978E+00   -0.5947896E+00    0.4857247E+01    0.5347321E+01    0.7969482E-04    0.1425415E-03   -0.5380021E-03    0.2644411E-03    0.2682309E-02    0.6754531E-02   -0.2435418E-03    0.2445875E-02    0.1398627E-01    0.5445619E-02    0.3361720E-02    0.1509368E-02    0.8013979E-03   -0.2679992E-02
    0.1619915E-04    0.1558537E-03   -0.6508394E-04    0.7354091E-02    0.1906255E-01    0.7080995E-02    0.7933975E-02   -0.8567992E-02    0.1067713E-02   -0.6247897E+02    0.8006132E+00    0.7354545E+01   -0.8013562E+02    0.1683478E+02    0.6894277E+02    0.1237741E+03   -0.1143524E+02   -0.1465340E+00   -0.6819053E+00    0.2298939E-01    0.1601167E+02    0.5890169E-04   -0.1443019E-03    0.1047896E-02    0.6713876E-04    0.4660071E-02   -0.1469448E-01    0.2442314E-02    0.2751650E-02    0.9254529E-02    0.5240308E-02    0.1016991E-01    0.1743970E-01    0.6856143E-03   -0.7759668E-02
   -0.1995384E-04    0.1353999E-03   -0.4939925E-05   -0.2929145E-02   -0.5574935E-02   -0.3169674E-02   -0.3755230E-02    0.4801259E-02    0.3774518E-05    0.1027387E+01    0.6193611E-01   -0.2933101E+01    0.1631697E+02   -0.3814201E+01   -0.1267148E+02   -0.1143524E+02    0.6510269E+01    0.1179501E+00   -0.4734702E-01   -0.1980745E+01   -0.1769786E+01   -0.1036559E-03    0.1087510E-04   -0.3438914E-03    0.1303452E-03   -0.1600982E-02   -0.3119588E-02   -0.7691740E-03   -0.5335220E-03   -0.1241987E-02   -0.1058138E-02   -0.2062839E-02   -0.5816559E-02   -0.1044426E-03    0.2617041E-03
    0.8631832E-06   -0.1800741E-04    0.6449201E-05   -0.1983771E-03   -0.5067340E-03    0.2664771E-03   -0.4103789E-03   -0.5191690E-03    0.4906132E-04   -0.9232269E-01   -0.7581632E-02   -0.1206136E+00   -0.3837304E+01   -0.2024995E+00   -0.4628978E+00   -0.1465340E+00    0.1179501E+00    0.3563211E+01    0.4440795E+00    0.1491635E+00    0.2846799E+00    0.7233801E-04    0.4167028E-04    0.8589740E-03    0.7137238E-04   -0.1556054E-03    0.2721023E-02    0.7274168E-03    0.7896241E-04   -0.6431738E-03   -0.4062124E-03   -0.3936705E-03    0.2032015E-02    0.3041955E-03   -0.3062437E-04
   -0.5104665E-05   -0.8294689E-05   -0.3590388E-05   -0.8034346E-03   -0.2124371E-02   -0.2043542E-03   -0.1576317E-03   -0.8518942E-03    0.3930901E-05    0.2338046E+00    0.2130552E-02    0.7240791E-02    0.3381015E+01   -0.9661239E+00   -0.5947896E+00   -0.6819053E+00   -0.4734702E-01    0.4440795E+00    0.3333545E+01    0.2590218E+01    0.1764845E+01   -0.1029182E-03   -0.2352288E-04   -0.2041129E-03   -0.1085262E-03    0.1059369E-03   -0.5554889E-03    0.6542410E-03    0.5226416E-03    0.4855749E-03   -0.8178310E-03    0.2354295E-02    0.4350060E-02   -0.2864049E-03   -0.1734989E-03
   -0.1395587E-04    0.3151335E-04   -0.3532691E-05   -0.3048646E-02   -0.6416443E-02   -0.7054604E-03   -0.9733399E-04    0.1631605E-02    0.2960536E-04   -0.2192946E+01    0.8754957E-01    0.2321017E+01   -0.1000922E+02    0.4248780E+01    0.4857247E+01    0.2298939E-01   -0.1980745E+01    0.1491635E+00    0.2590218E+01    0.1745384E+02    0.2622750E+02   -0.1772158E-03   -0.1451882E-03   -0.1308938E-02   -0.2867675E-04    0.5007964E-04   -0.6408218E-03    0.9719389E-04   -0.6565610E-03    0.1741636E-02   -0.2612747E-02   -0.1786938E-02    0.7305387E-02    0.2815656E-05    0.2583603E-02
   -0.1348101E-04    0.1936230E-04   -0.5778744E-05   -0.3727731E-02   -0.6565811E-02    0.3593043E-03    0.2471446E-02   -0.3838033E-02    0.7164720E-03   -0.1924232E+02    0.8768519E-01    0.2196605E+01   -0.1510112E+02    0.3780016E+01    0.5347321E+01    0.1601167E+02   -0.1769786E+01    0.2846799E+00    0.1764845E+01    0.2622750E+02    0.5573038E+02   -0.2804396E-03   -0.4133166E-03   -0.3440656E-02   -0.9850963E-04    0.1204488E-02   -0.2654881E-02   -0.2604385E-03   -0.1392778E-02    0.4106084E-02   -0.1963720E-02   -0.3493330E-02    0.1473757E-01    0.9872609E-04    0.4620988E-02
    0.7808339E-07   -0.6694020E-06    0.3706779E-07    0.6800581E-05    0.1382692E-04    0.2618906E-05   -0.3120623E-05   -0.1674307E-04    0.8009633E-06    0.1861035E-03    0.4796439E-05    0.9857562E-04   -0.7839080E-03   -0.4233442E-03    0.7969482E-04    0.5890169E-04   -0.1036559E-03    0.7233801E-04   -0.1029182E-03   -0.1772158E-03   -0.2804396E-03    0.3227031E-04    0.9017495E-05    0.1847581E-05    0.3729680E-05    0.7024084E-06    0.2929406E-05   -0.3176651E-05   -0.1105881E-05   -0.1333800E-05    0.7121885E-06    0.2357635E-06    0.4203437E-05    0.1151605E-08   -0.4461234E-07
    0.8094069E-07   -0.7095956E-06    0.6845754E-07    0.6995352E-05    0.1371570E-04    0.2622950E-05   -0.3823476E-05   -0.1664031E-04    0.5678956E-06    0.3872934E-03    0.1058914E-04    0.5646440E-04   -0.7645554E-03   -0.2990347E-03    0.1425415E-03   -0.1443019E-03    0.1087510E-04    0.4167028E-04   -0.2352288E-04   -0.1451882E-03   -0.4133166E-03    0.9017495E-05    0.2505785E-04    0.8724943E-06    0.1317082E-04    0.1072342E-05    0.5558549E-05   -0.3329624E-05   -0.1278646E-05   -0.5369459E-05   -0.3763228E-05    0.7267695E-06   -0.5803334E-05   -0.7303889E-07    0.1836516E-07
   -0.5064592E-07   -0.1259311E-06    0.5323267E-07    0.5372062E-05    0.5510551E-05    0.1212327E-05    0.2910439E-06    0.7866737E-05   -0.1592459E-05    0.3617267E-03   -0.1146396E-03    0.3133769E-03    0.9435770E-03   -0.1042566E-02   -0.5380021E-03    0.1047896E-02   -0.3438914E-03    0.8589740E-03   -0.2041129E-03   -0.1308938E-02   -0.3440656E-02    0.1847581E-05    0.8724943E-06    0.1055225E-02    0.1482719E-05    0.4227170E-05    0.2513647E-04    0.9531022E-05    0.4207800E-05   -0.5629916E-05   -0.1636496E-04   -0.2915376E-04   -0.5332794E-05    0.2074003E-06   -0.6956143E-06
    0.8726797E-07   -0.8110141E-06    0.8753135E-07    0.6478308E-05    0.1298833E-04    0.2689146E-05   -0.4254865E-05   -0.1529734E-04    0.8163079E-06    0.3023021E-03    0.4705071E-05    0.7077861E-04    0.7770562E-03    0.1358933E-03    0.2644411E-03    0.6713876E-04    0.1303452E-03    0.7137238E-04   -0.1085262E-03   -0.2867675E-04   -0.9850963E-04    0.3729680E-05    0.1317082E-04    0.1482719E-05    0.4782276E-04   -0.2405621E-05   -0.1104467E-05   -0.2573328E-05   -0.3894019E-05   -0.3799544E-05   -0.1634188E-05    0.5422391E-05    0.2786356E-05   -0.5310172E-07    0.2776930E-07
    0.1335029E-06   -0.6264806E-06   -0.1193303E-06    0.8056281E-05    0.1277075E-04    0.3337810E-05    0.3167870E-05    0.2592828E-04   -0.1792411E-06   -0.2188302E-02    0.6639605E-04    0.2288722E-03   -0.8564546E-03    0.1008402E-02    0.2682309E-02    0.4660071E-02   -0.1600982E-02   -0.1556054E-03    0.1059369E-03    0.5007964E-04    0.1204488E-02    0.7024084E-06    0.1072342E-05    0.4227170E-05   -0.2405621E-05    0.2172497E-02    0.1514383E-03   -0.1129345E-04    0.6188533E-05    0.3461955E-04    0.4356555E-06    0.5174381E-04    0.1550395E-03   -0.1525818E-06    0.2957506E-06
    0.8501458E-07   -0.5977610E-07   -0.5693352E-06   -0.2292648E-04   -0.3789838E-04    0.1281554E-05    0.7683601E-05    0.1924203E-04    0.6672669E-05    0.1281717E-01    0.9760436E-04    0.8919082E-03    0.1780557E-01    0.6586403E-02    0.6754531E-02   -0.1469448E-01   -0.3119588E-02    0.2721023E-02   -0.5554889E-03   -0.6408218E-03   -0.2654881E-02    0.2929406E-05    0.5558549E-05    0.2513647E-04   -0.1104467E-05    0.1514383E-03    0.1659344E-01   -0.1874278E-04   -0.8544302E-05   -0.1133284E-03   -0.4079733E-04   -0.4732512E-04    0.2830823E-04   -0.4106386E-06    0.4968081E-06
   -0.6095120E-07    0.8326327E-06   -0.2246528E-06   -0.8530971E-05   -0.1635237E-04   -0.1723012E-05   -0.3216730E-05    0.4885610E-04   -0.8830865E-06   -0.6510128E-03   -0.9069363E-04    0.1484627E-03   -0.7634549E-02    0.7225537E-03   -0.2435418E-03    0.2442314E-02   -0.7691740E-03    0.7274168E-03    0.6542410E-03    0.9719389E-04   -0.2604385E-03   -0.3176651E-05   -0.3329624E-05    0.9531022E-05   -0.2573328E-05   -0.1129345E-04   -0.1874278E-04    0.1407020E-02    0.3051505E-03    0.4392263E-04   -0.3600657E-03   -0.6755095E-04   -0.2053451E-03   -0.1233619E-06   -0.6842356E-06
   -0.5946523E-07    0.2543387E-06   -0.2115833E-06   -0.1361570E-04   -0.2521265E-04   -0.1042007E-05   -0.1078896E-05    0.2324685E-04    0.7555098E-06   -0.2340150E-03   -0.4530853E-04    0.6213416E-03   -0.6466755E-02    0.3198182E-03    0.2445875E-02    0.2751650E-02   -0.5335220E-03    0.7896241E-04    0.5226416E-03   -0.6565610E-03   -0.1392778E-02   -0.1105881E-05   -0.1278646E-05    0.4207800E-05   -0.3894019E-05    0.6188533E-05   -0.8544302E-05    0.3051505E-03    0.8614665E-03    0.2450456E-04    0.7357537E-03    0.3712700E-04   -0.7381154E-03   -0.1734428E-06   -0.5569115E-06
   -0.1368343E-06    0.1165606E-05   -0.3733385E-06    0.2897190E-05    0.8120847E-05   -0.2782357E-05    0.3433682E-05   -0.5457416E-04    0.8226683E-06   -0.3377463E-02    0.1821246E-03    0.2729407E-02   -0.3936127E-01    0.1213395E-02    0.1398627E-01    0.9254529E-02   -0.1241987E-02   -0.6431738E-03    0.4855749E-03    0.1741636E-02    0.4106084E-02   -0.1333800E-05   -0.5369459E-05   -0.5629916E-05   -0.3799544E-05    0.3461955E-04   -0.1133284E-03    0.4392263E-04    0.2450456E-04    0.7151654E-02   -0.2822553E-03    0.8389171E-03    0.4683904E-02   -0.4475222E-06   -0.5097302E-06
   -0.1964602E-06    0.8457721E-06   -0.3218287E-06   -0.2131591E-04   -0.3645890E-04   -0.2845295E-05    0.1440180E-06    0.6814723E-04    0.1885563E-05    0.6603414E-03   -0.6334006E-04    0.8300853E-04    0.7612614E-02    0.3307234E-02    0.5445619E-02    0.5240308E-02   -0.1058138E-02   -0.4062124E-03   -0.8178310E-03   -0.2612747E-02   -0.1963720E-02    0.7121885E-06   -0.3763228E-05   -0.1636496E-04   -0.1634188E-05    0.4356555E-06   -0.4079733E-04   -0.3600657E-03    0.7357537E-03   -0.2822553E-03    0.2818143E-02    0.4361006E-03   -0.1034115E-02    0.8193563E-06   -0.2355239E-06
   -0.9306268E-06    0.5629594E-05   -0.8264021E-06   -0.3924348E-04   -0.7983651E-04   -0.1085980E-04    0.1526837E-04   -0.4232041E-04   -0.4791841E-05   -0.2787961E-02   -0.1540766E-03   -0.1917756E-03   -0.3286136E-02   -0.1629031E-03    0.3361720E-02    0.1016991E-01   -0.2062839E-02   -0.3936705E-03    0.2354295E-02   -0.1786938E-02   -0.3493330E-02    0.2357635E-06    0.7267695E-06   -0.2915376E-04    0.5422391E-05    0.5174381E-04   -0.4732512E-04   -0.6755095E-04    0.3712700E-04    0.8389171E-03    0.4361006E-03    0.6497263E-02    0.7563183E-02   -0.3381928E-06   -0.1229776E-05
   -0.3181885E-05    0.2395546E-04   -0.3360355E-05   -0.1021066E-03   -0.1373508E-03   -0.5037754E-04    0.5586827E-04   -0.6096538E-04    0.1321239E-04   -0.5765613E-02   -0.2589357E-03   -0.8567214E-03   -0.5948873E-01    0.1078194E-01    0.1509368E-02    0.1743970E-01   -0.5816559E-02    0.2032015E-02    0.4350060E-02    0.7305387E-02    0.1473757E-01    0.4203437E-05   -0.5803334E-05   -0.5332794E-05    0.2786356E-05    0.1550395E-03    0.2830823E-04   -0.2053451E-03   -0.7381154E-03    0.4683904E-02   -0.1034115E-02    0.7563183E-02    0.6506657E-01   -0.2408278E-05   -0.1402986E-05
    0.3582079E-08    0.2024643E-08    0.2704408E-08    0.1667267E-06    0.5995364E-06   -0.1640127E-06   -0.1791222E-06    0.1994413E-06   -0.5977778E-08   -0.2616077E-03    0.9269136E-05    0.1660647E-03    0.6386678E-02    0.2406783E-03    0.8013979E-03    0.6856143E-03   -0.1044426E-03    0.3041955E-03   -0.2864049E-03    0.2815656E-05    0.9872609E-04    0.1151605E-08   -0.7303889E-07    0.2074003E-06   -0.5310172E-07   -0.1525818E-06   -0.4106386E-06   -0.1233619E-06   -0.1734428E-06   -0.4475222E-06    0.8193563E-06   -0.3381928E-06   -0.2408278E-05    0.6052393E-06    0.6012912E-08
   -0.5226497E-08    0.6866369E-07   -0.1144006E-08   -0.1227027E-05   -0.2254266E-05   -0.6637478E-06   -0.8336942E-06    0.1438215E-05   -0.2071629E-07    0.4412500E-02   -0.2056585E-04   -0.4042938E-03    0.5355518E-02    0.3465552E-03   -0.2679992E-02   -0.7759668E-02    0.2617041E-03   -0.3062437E-04   -0.1734989E-03    0.2583603E-02    0.4620988E-02   -0.4461234E-07    0.1836516E-07   -0.6956143E-06    0.2776930E-07    0.2957506E-06    0.4968081E-06   -0.6842356E-06   -0.5569115E-06   -0.5097302E-06   -0.2355239E-06   -0.1229776E-05   -0.1402986E-05    0.6012912E-08    0.2102311E-05
