# omegabh2 omegach2 theta tau alpha1 logA ns calPlanck acib217 xi asz143 aps100 aps143 aps143217 aps217 aksz kgal100 kgal143 kgal143217 kgal217 galfTE100 galfTE100143 galfTE100217 galfTE143 galfTE143217 galfTE217 cal0 cal2
  2.1357200E-08  -7.2509741E-08   7.6659045E-09   2.2847058E-07  -1.2363689E-08   4.2983687E-07   1.4176978E-07   1.6708866E-08  -5.7972587E-05   1.2602478E-06   1.6835474E-05  -3.5844127E-04  -2.2323092E-04  -8.0794650E-05  -9.3269316E-06  -2.6761105E-05   2.0271534E-08  -5.1228561E-06  -1.6956376E-05  -2.2008868E-05   2.1512270E-08  -4.2416846E-08  -3.8193395E-07  -1.1039723E-07  -2.5926500E-07  -2.0518326E-06   4.0971827E-09  -1.9360666E-09
 -7.2509741E-08   2.1361578E-06  -3.6006671E-07  -3.7526856E-06  -3.9508497E-07  -2.2664484E-06  -7.0737522E-06  -4.0818167E-07   4.3337810E-04   5.5025835E-06  -1.3758609E-04   1.9555335E-03   1.4025493E-03   5.5445228E-04  -2.4353812E-04   2.4424401E-04  -1.0363589E-05  -3.0123240E-05  -1.9448844E-05  -2.6214226E-04   1.8693315E-07  -3.8903463E-08   1.9497773E-06   1.8394618E-06   1.6884434E-06   4.5967210E-06   1.3456159E-08   1.9913498E-08
  7.6659045E-09  -3.6006671E-07   1.8741819E-07   4.6042988E-07   1.4849354E-07  -5.0078720E-08   1.7483603E-06   8.0289088E-08  -1.3084257E-04  -1.6885726E-06   4.0824239E-05  -4.4820337E-04  -2.4765844E-04   8.0474650E-06   2.0523354E-04  -7.5468138E-05  -4.0443202E-06  -3.3539931E-06  -2.7618521E-06   6.4844575E-05  -2.5439348E-07  -4.0547628E-07  -9.6251773E-07  -8.9069147E-07  -2.7905454E-07   1.3129687E-06  -7.5716553E-09  -4.2119998E-09
  2.2847058E-07  -3.7526856E-06   4.6042988E-07   4.4516012E-05   2.7777996E-07   7.5924145E-05   1.2527946E-05  -1.2555218E-06  -1.7757212E-03   2.3173755E-05   5.7274639E-04  -9.4278646E-03  -3.9221109E-03  -3.0404063E-04   8.5926355E-04  -9.9178672E-04  -1.1123826E-04   4.0261838E-05  -2.1764166E-04  -3.7253603E-04   3.6377271E-06   3.6405325E-06  -6.4781933E-06  -6.7082134E-06  -1.0639986E-05  -2.1056880E-05  -7.1850973E-09  -1.9567745E-07
 -1.2363689E-08  -3.9508497E-07   1.4849354E-07   2.7777996E-07   2.5755084E-07  -7.8415966E-07   2.1226917E-06   8.8748195E-08  -1.7265002E-04  -8.7396711E-07   3.6872127E-05  -4.8012588E-04  -1.9397412E-04   6.1690500E-05   2.8028224E-04  -8.6463355E-05  -4.2381956E-08   3.0015047E-06   2.1152844E-06   1.1938452E-04  -1.2310743E-07  -2.1055415E-07  -4.8015840E-07  -8.9079744E-07   3.4619552E-07   4.6964176E-06  -1.2590062E-08  -5.0266365E-09
  4.2983687E-07  -2.2664484E-06  -5.0078720E-08   7.5924145E-05  -7.8415966E-07   1.6586316E-04   4.1044119E-06   8.1544182E-06  -2.4661334E-03   8.7009155E-05   7.8731972E-04  -1.0270107E-02  -2.2609921E-03   3.4793474E-03   6.5155399E-03  -2.0833508E-03  -1.9854383E-04  -4.5987838E-04  -7.0307644E-04   1.0290559E-04   1.3245711E-05   5.2094836E-06  -6.1723300E-06  -1.1708785E-05  -1.3232906E-05  -1.2722119E-05   2.0464592E-07  -3.0618869E-07
  1.4176978E-07  -7.0737522E-06   1.7483603E-06   1.2527946E-05   2.1226917E-06   4.1044119E-06   3.6589808E-05   1.3408196E-06  -5.6521967E-03   6.4194367E-05   1.2711801E-03  -2.7324350E-02  -9.5376755E-03   7.2985256E-04   6.6121313E-03  -2.8814514E-03   2.8109162E-04  -2.3110967E-04  -3.4827344E-04   2.0179400E-03   1.6091537E-07  -4.5539099E-07  -1.0746471E-05  -7.1701940E-06   6.5773758E-06   4.7547668E-05  -1.6674860E-07  -1.4822875E-07
  1.6708866E-08  -4.0818167E-07   8.0289088E-08  -1.2555218E-06   8.8748195E-08   8.1544182E-06   1.3408196E-06   5.9588380E-06   6.0889729E-04  -6.5153331E-06   4.8367076E-05   3.2322635E-03   8.2512704E-04   6.9588285E-04   1.5306065E-03  -9.8950576E-05   1.2322234E-04   5.6791411E-05   1.4680165E-04   9.6622152E-04   2.6943468E-06  -8.5090905E-07   1.5741615E-06  -2.1815952E-06   2.8408733E-06   1.2275323E-05  -3.5412065E-09   2.2566326E-08
 -5.7972587E-05   4.3337810E-04  -1.3084257E-04  -1.7757212E-03  -1.7265002E-04  -2.4661334E-03  -5.6521967E-03   6.0889729E-04   4.3723195E+01  -3.6698870E-01  -7.5238657E-01   3.3096022E+01   2.1344140E+00  -1.2056027E+01  -5.3300323E+01  -4.7563571E-01   2.4914579E-01   7.2496015E-01  -5.6093955E+00  -3.2982517E+01  -6.2311959E-03   6.4592716E-03  -7.1407259E-03   8.6374501E-03  -5.8665861E-03  -4.2972489E-02  -2.6388676E-04   7.0435258E-04
  1.2602478E-06   5.5025835E-06  -1.6885726E-06   2.3173755E-05  -8.7396711E-07   8.7009155E-05   6.4194367E-05  -6.5153331E-06  -3.6698870E-01   8.0993425E-02  -4.9125218E-02  -4.7111067E-01   8.9458939E-01   1.6365115E+00   5.5480827E-01   5.6150386E-02  -1.5547583E-02   1.1288767E-02   1.2485418E-01   1.7022662E-01  -3.1390201E-04  -9.6110994E-05   3.2287064E-04   1.6378363E-04   1.2744680E-04   1.0337340E-03   5.0205403E-06  -8.8045039E-07
  1.6835474E-05  -1.3758609E-04   4.0824239E-05   5.7274639E-04   3.6872127E-05   7.8731972E-04   1.2711801E-03   4.8367076E-05  -7.5238657E-01  -4.9125218E-02   3.9438990E+00  -3.1191279E+01  -3.3023672E+00   7.6197666E+00   5.2125802E+00  -2.7077997E+00  -2.1126606E-01   1.0233789E-01   2.7444524E+00   3.3885227E+00  -8.6588699E-04   3.8919680E-04   6.0814005E-06   1.6892202E-03  -4.6662018E-03  -1.0146799E-02   1.0562856E-04  -3.7797466E-05
 -3.5844127E-04   1.9555335E-03  -4.4820337E-04  -9.4278646E-03  -4.8012588E-04  -1.0270107E-02  -2.7324350E-02   3.2322635E-03   3.3096022E+01  -4.7111067E-01  -3.1191279E+01   7.8044175E+02   7.1490536E+01  -5.3016969E+01  -5.5833419E+01   1.3521676E+01  -5.9090416E+00   6.9464009E+00  -1.2701319E+01  -2.4814887E+01   2.2379746E-02   1.5973407E-02   1.1414640E-02   9.9801292E-05   1.0578089E-02  -1.0230153E-01   3.3436254E-03   3.1611811E-04
 -2.2323092E-04   1.4025493E-03  -2.4765844E-04  -3.9221109E-03  -1.9397412E-04  -2.2609921E-03  -9.5376755E-03   8.2512704E-04   2.1344140E+00   8.9458939E-01  -3.3023672E+00   7.1490536E+01   6.0136774E+01   3.8988204E+01   1.4308987E+01  -4.5244148E+00  -7.4169548E-01  -1.4147678E+00   2.9464117E+00   3.4197194E+00   2.3624283E-03   1.5038380E-03   2.1300155E-02   7.0408560E-03   3.6601630E-03   1.1503881E-02   5.1871279E-05   1.0998528E-04
 -8.0794650E-05   5.5445228E-04   8.0474650E-06  -3.0404063E-04   6.1690500E-05   3.4793474E-03   7.2985256E-04   6.9588285E-04  -1.2056027E+01   1.6365115E+00   7.6197666E+00  -5.3016969E+01   3.8988204E+01   8.2449440E+01   5.0455906E+01  -1.1211781E+01  -1.2885556E+00  -7.9587050E-01   5.3108258E+00   8.6806476E+00  -7.4593878E-03  -8.4583025E-04   1.8141086E-02   9.4253722E-03  -7.5536513E-03  -3.2436156E-02   4.2867225E-04  -3.3443072E-04
 -9.3269316E-06  -2.4353812E-04   2.0523354E-04   8.5926355E-04   2.8028224E-04   6.5155399E-03   6.6121313E-03   1.5306065E-03  -5.3300323E+01   5.5480827E-01   5.2125802E+00  -5.5833419E+01   1.4308987E+01   5.0455906E+01   1.0059585E+02  -8.7496445E+00  -8.7415534E-01  -1.5598123E+00   4.9472523E+00   3.2462089E+01   4.9072594E-03  -7.7448384E-03   1.9766588E-02  -5.7737835E-03   8.5429893E-03   3.3803043E-02   5.2944821E-04  -1.2914032E-03
 -2.6761105E-05   2.4424401E-04  -7.5468138E-05  -9.9178672E-04  -8.6463355E-05  -2.0833508E-03  -2.8814514E-03  -9.8950576E-05  -4.7563571E-01   5.6150386E-02  -2.7077997E+00   1.3521676E+01  -4.5244148E+00  -1.1211781E+01  -8.7496445E+00   5.6807617E+00   9.9330027E-02  -1.9680040E-01  -1.9446841E+00  -1.8814273E+00  -6.0947435E-04  -4.7870198E-04  -3.4956891E-03  -2.9513796E-03  -1.1864071E-03  -7.3242254E-03  -6.3925491E-05   2.3477144E-05
  2.0271534E-08  -1.0363589E-05  -4.0443202E-06  -1.1123826E-04  -4.2381956E-08  -1.9854383E-04   2.8109162E-04   1.2322234E-04   2.4914579E-01  -1.5547583E-02  -2.1126606E-01  -5.9090416E+00  -7.4169548E-01  -1.2885556E+00  -8.7415534E-01   9.9330027E-02   3.3589494E+00   5.7277208E-01   2.2685778E-01   2.0623563E-01  -1.9406956E-04  -6.3173806E-04   4.3869653E-04   3.8346297E-04   2.9944939E-03  -2.9839614E-03   1.7676075E-04   2.0295414E-05
 -5.1228561E-06  -3.0123240E-05  -3.3539931E-06   4.0261838E-05   3.0015047E-06  -4.5987838E-04  -2.3110967E-04   5.6791411E-05   7.2496015E-01   1.1288767E-02   1.0233789E-01   6.9464009E+00  -1.4147678E+00  -7.9587050E-01  -1.5598123E+00  -1.9680040E-01   5.7277208E-01   3.1910614E+00   2.6979022E+00   2.7301427E+00   7.5739494E-04  -3.0428660E-04   4.6481802E-03   1.3477260E-03   1.2898021E-03  -1.0780277E-03  -1.7672975E-04  -2.1208127E-05
 -1.6956376E-05  -1.9448844E-05  -2.7618521E-06  -2.1764166E-04   2.1152844E-06  -7.0307644E-04  -3.4827344E-04   1.4680165E-04  -5.6093955E+00   1.2485418E-01   2.7444524E+00  -1.2701319E+01   2.9464117E+00   5.3108258E+00   4.9472523E+00  -1.9446841E+00   2.2685778E-01   2.6979022E+00   1.0807738E+01   1.9295488E+01   3.2322041E-03   2.9248022E-04   2.5858687E-03   3.8753100E-03  -4.0668230E-03   1.0532307E-02  -4.3709856E-06   4.3463410E-04
 -2.2008868E-05  -2.6214226E-04   6.4844575E-05  -3.7253603E-04   1.1938452E-04   1.0290559E-04   2.0179400E-03   9.6622152E-04  -3.2982517E+01   1.7022662E-01   3.3885227E+00  -2.4814887E+01   3.4197194E+00   8.6806476E+00   3.2462089E+01  -1.8814273E+00   2.0623563E-01   2.7301427E+00   1.9295488E+01   5.3711085E+01   1.0404376E-02  -2.6027500E-03   4.0002094E-03  -6.3781625E-04  -4.3848486E-03   3.4852220E-02   1.1040186E-04   9.7694386E-04
  2.1512270E-08   1.8693315E-07  -2.5439348E-07   3.6377271E-06  -1.2310743E-07   1.3245711E-05   1.6091537E-07   2.6943468E-06  -6.2311959E-03  -3.1390201E-04  -8.6588699E-04   2.2379746E-02   2.3624283E-03  -7.4593878E-03   4.9072594E-03  -6.0947435E-04  -1.9406956E-04   7.5739494E-04   3.2322041E-03   1.0404376E-02   1.4629480E-03   2.7503235E-04   8.6896613E-05  -3.7324629E-04  -2.8755259E-05  -7.0937655E-05  -1.1892215E-07  -2.9095776E-07
 -4.2416846E-08  -3.8903463E-08  -4.0547628E-07   3.6405325E-06  -2.1055415E-07   5.2094836E-06  -4.5539099E-07  -8.5090905E-07   6.4592716E-03  -9.6110994E-05   3.8919680E-04   1.5973407E-02   1.5038380E-03  -8.4583025E-04  -7.7448384E-03  -4.7870198E-04  -6.3173806E-04  -3.0428660E-04   2.9248022E-04  -2.6027500E-03   2.7503235E-04   8.9698464E-04   1.0194041E-04   7.7430371E-04   6.3980705E-05  -6.5621844E-04   2.5227233E-07   8.6373774E-08
 -3.8193395E-07   1.9497773E-06  -9.6251773E-07  -6.4781933E-06  -4.8015840E-07  -6.1723300E-06  -1.0746471E-05   1.5741615E-06  -7.1407259E-03   3.2287064E-04   6.0814005E-06   1.1414640E-02   2.1300155E-02   1.8141086E-02   1.9766588E-02  -3.4956891E-03   4.3869653E-04   4.6481802E-03   2.5858687E-03   4.0002094E-03   8.6896613E-05   1.0194041E-04   7.3672054E-03  -1.1056783E-04   7.1213289E-04   4.6448639E-03  -8.5475252E-07  -1.0970336E-06
 -1.1039723E-07   1.8394618E-06  -8.9069147E-07  -6.7082134E-06  -8.9079744E-07  -1.1708785E-05  -7.1701940E-06  -2.1815952E-06   8.6374501E-03   1.6378363E-04   1.6892202E-03   9.9801292E-05   7.0408560E-03   9.4253722E-03  -5.7737835E-03  -2.9513796E-03   3.8346297E-04   1.3477260E-03   3.8753100E-03  -6.3781625E-04  -3.7324629E-04   7.7430371E-04  -1.1056783E-04   2.9677551E-03   4.5675230E-04  -8.8221814E-04   2.3941703E-07   2.0367063E-07
 -2.5926500E-07   1.6884434E-06  -2.7905454E-07  -1.0639986E-05   3.4619552E-07  -1.3232906E-05   6.5773758E-06   2.8408733E-06  -5.8665861E-03   1.2744680E-04  -4.6662018E-03   1.0578089E-02   3.6601630E-03  -7.5536513E-03   8.5429893E-03  -1.1864071E-03   2.9944939E-03   1.2898021E-03  -4.0668230E-03  -4.3848486E-03  -2.8755259E-05   6.3980705E-05   7.1213289E-04   4.5675230E-04   6.1831626E-03   8.0914470E-03  -9.5749972E-07  -8.0958538E-07
 -2.0518326E-06   4.5967210E-06   1.3129687E-06  -2.1056880E-05   4.6964176E-06  -1.2722119E-05   4.7547668E-05   1.2275323E-05  -4.2972489E-02   1.0337340E-03  -1.0146799E-02  -1.0230153E-01   1.1503881E-02  -3.2436156E-02   3.3803043E-02  -7.3242254E-03  -2.9839614E-03  -1.0780277E-03   1.0532307E-02   3.4852220E-02  -7.0937655E-05  -6.5621844E-04   4.6448639E-03  -8.8221814E-04   8.0914470E-03   7.1931601E-02  -4.9228466E-06  -9.2119804E-07
  4.0971827E-09   1.3456159E-08  -7.5716553E-09  -7.1850973E-09  -1.2590062E-08   2.0464592E-07  -1.6674860E-07  -3.5412065E-09  -2.6388676E-04   5.0205403E-06   1.0562856E-04   3.3436254E-03   5.1871279E-05   4.2867225E-04   5.2944821E-04  -6.3925491E-05   1.7676075E-04  -1.7672975E-04  -4.3709856E-06   1.1040186E-04  -1.1892215E-07   2.5227233E-07  -8.5475252E-07   2.3941703E-07  -9.5749972E-07  -4.9228466E-06   3.6510673E-07  -1.6885674E-09
 -1.9360666E-09   1.9913498E-08  -4.2119998E-09  -1.9567745E-07  -5.0266365E-09  -3.0618869E-07  -1.4822875E-07   2.2566326E-08   7.0435258E-04  -8.8045039E-07  -3.7797466E-05   3.1611811E-04   1.0998528E-04  -3.3443072E-04  -1.2914032E-03   2.3477144E-05   2.0295414E-05  -2.1208127E-05   4.3463410E-04   9.7694386E-04  -2.9095776E-07   8.6373774E-08  -1.0970336E-06   2.0367063E-07  -8.0958538E-07  -9.2119804E-07  -1.6885674E-09   3.9286285E-07
