# omegabh2 omegach2 theta tau mnu logA ns calPlanck acib217 xi asz143 aps100 aps143 aps143217 aps217 aksz kgal100 kgal143 kgal143217 kgal217 galfTE100 galfTE100143 galfTE100217 galfTE143 galfTE143217 galfTE217 cal0 cal2
  1.7803189E-08  -4.8148890E-08   1.0438081E-08   1.8601299E-07   3.6580074E-07   3.6029832E-07   1.5026471E-07   1.3791753E-08  -7.7676166E-05   2.0259922E-06   1.7709349E-05  -3.5348760E-04  -1.8174362E-04  -3.6954217E-05   1.5143525E-05  -3.0162771E-05  -9.7939412E-07  -9.4146963E-06  -9.7661346E-06   1.4731279E-05   3.9306534E-08  -1.9427948E-08   9.2811798E-08  -1.9973830E-07  -3.1424554E-07  -2.2496483E-06   1.5391960E-09  -9.9423468E-10
 -4.8148890E-08   8.2196666E-07  -4.4716054E-08  -2.4374087E-06  -4.5664095E-06  -3.3437603E-06  -1.8938473E-06  -1.8430938E-07   1.0400164E-04   2.1059800E-07  -4.7359059E-05   6.0733951E-04   5.0421560E-04   3.1359039E-04   1.4492807E-04   7.0351784E-05   2.1848055E-05   7.1481298E-06  -4.9054837E-05  -1.6716133E-04  -6.4753456E-08   1.3389753E-07   4.0517104E-08   2.2192134E-06   1.5689379E-06   6.7944263E-06   8.5724996E-10  -7.3059927E-09
  1.0438081E-08  -4.4716054E-08   8.7021148E-08   1.1054270E-07  -2.2759558E-07   2.5975067E-07   2.1270207E-07   2.4854159E-08  -6.3311786E-05   2.7335167E-06   3.5009566E-06  -1.9370449E-04  -1.4418188E-06   6.1809751E-05   9.1453204E-05   1.0366865E-05   1.8928149E-06   1.9773012E-06   3.0704116E-07   1.7170583E-05  -1.4702698E-07   1.1310793E-07   2.1844471E-07   2.2464815E-07  -2.5609058E-07  -2.5008416E-06  -1.5034726E-10   1.2961792E-10
  1.8601299E-07  -2.4374087E-06   1.1054270E-07   5.3975961E-05   4.6899947E-05   9.9016136E-05   8.2955502E-06  -1.2393614E-06  -1.4457909E-03   3.4622158E-06   3.6211501E-04  -6.8873050E-03  -4.2821907E-03  -2.1087047E-03  -4.7469994E-04  -7.8679273E-04  -3.6744754E-05  -8.4223765E-05  -2.4739228E-04   8.7124562E-05  -8.8901436E-07   8.8907082E-08   1.7936822E-05  -3.4082421E-06   1.0231620E-05   4.9358480E-05  -2.8571282E-08   6.3578073E-08
  3.6580074E-07  -4.5664095E-06  -2.2759558E-07   4.6899947E-05   1.2667515E-03   9.9669597E-05   9.1861552E-06   7.8069031E-06   6.6003438E-04   2.6418867E-04   1.0382035E-03   5.3405018E-03   2.4467629E-03   8.2193079E-03   4.5311868E-03  -5.4903889E-04  -4.1428329E-04  -1.0249245E-03  -9.0473982E-04  -2.1570531E-03  -1.8373843E-05   2.4427623E-06   2.8865949E-05   3.9906605E-05  -9.8370507E-05  -3.4159592E-04   3.3808880E-07   8.8386551E-08
  3.6029832E-07  -3.3437603E-06   2.5975067E-07   9.9016136E-05   9.9669597E-05   2.0990757E-04   1.1790806E-05   9.1808968E-06  -2.9446105E-03   7.5027192E-05   4.0757905E-04  -7.2296779E-03  -5.6697402E-03  -9.3601989E-04   4.6541278E-03  -1.9118064E-03  -2.4619670E-04  -7.4050246E-04  -1.2112673E-03   1.0216917E-03  -2.0565582E-06  -4.2506707E-07   4.1635748E-05  -1.3001178E-06   1.9266841E-05   1.1903577E-04   1.0799926E-07   7.4349056E-08
  1.5026471E-07  -1.8938473E-06   2.1270207E-07   8.2955502E-06   9.1861552E-06   1.1790806E-05   1.3228522E-05   4.0506296E-07  -4.1424480E-03   8.9129225E-05   8.3751422E-04  -2.1434409E-02  -6.1616314E-03   1.1182762E-03   4.5268355E-03  -2.0882589E-03   1.6933965E-04  -4.9194604E-04  -4.3317512E-04   1.1673583E-03  -3.5396054E-06  -4.4239712E-07   6.0637247E-08  -6.3903430E-06  -3.9677808E-06  -1.0085540E-05  -7.0424417E-08  -3.3605704E-08
  1.3791753E-08  -1.8430938E-07   2.4854159E-08  -1.2393614E-06   7.8069031E-06   9.1808968E-06   4.0506296E-07   6.0508471E-06   6.5939839E-04   1.1901536E-05  -6.5149832E-05   4.4003862E-03   8.2877099E-04   4.9962988E-04   1.1212765E-03   7.9445766E-05   1.9625497E-05  -3.8675109E-05  -3.8983825E-05   6.8180867E-04  -2.8889648E-07  -6.1987352E-07   2.4445621E-06   5.2003411E-07  -1.5680382E-06   7.3645616E-06   1.4585841E-08  -9.2158030E-09
 -7.7676166E-05   1.0400164E-04  -6.3311786E-05  -1.4457909E-03   6.6003438E-04  -2.9446105E-03  -4.1424480E-03   6.5939839E-04   4.5426512E+01  -4.2545171E-01  -5.7448236E-01   3.4014811E+01   1.2045128E+00  -1.2922644E+01  -5.5318344E+01  -5.9588167E-01   1.9183511E-01   8.1239107E-01  -6.0098681E+00  -3.4422616E+01   3.8480310E-04  -4.8482656E-05  -1.1838573E-02  -5.1461143E-04  -3.5416447E-03   2.9120827E-02  -1.9111933E-04   6.3166137E-04
  2.0259922E-06   2.1059800E-07   2.7335167E-06   3.4622158E-06   2.6418867E-04   7.5027192E-05   8.9129225E-05   1.1901536E-05  -4.2545171E-01   8.0806071E-02  -4.2005779E-02  -5.4952053E-01   9.4579128E-01   1.7041968E+00   6.9017411E-01   4.1709435E-02  -1.7134968E-03   7.6350209E-03   1.1501867E-01   1.7822185E-01  -3.5843303E-04   3.5273773E-05  -1.4769944E-04   2.2766357E-04   4.8400316E-05  -6.7070741E-05   1.1651802E-06  -2.3802977E-06
  1.7709349E-05  -4.7359059E-05   3.5009566E-06   3.6211501E-04   1.0382035E-03   4.0757905E-04   8.3751422E-04  -6.5149832E-05  -5.7448236E-01  -4.2005779E-02   3.7950468E+00  -2.9530579E+01  -3.3790505E+00   7.1170746E+00   4.4719597E+00  -2.5208915E+00  -2.3637427E-01   1.8887556E-01   2.6101691E+00   3.1672640E+00  -1.5013217E-03   6.4792007E-04   1.8288508E-03   7.0550771E-04  -1.3817476E-03  -1.1607745E-02   1.0371015E-04  -3.1598873E-05
 -3.5348760E-04   6.0733951E-04  -1.9370449E-04  -6.8873050E-03   5.3405018E-03  -7.2296779E-03  -2.1434409E-02   4.4003862E-03   3.4014811E+01  -5.4952053E-01  -2.9530579E+01   7.6654295E+02   6.9433156E+01  -4.8901258E+01  -5.2213331E+01   1.1326362E+01  -6.3316230E+00   5.7559920E+00  -1.1822896E+01  -2.4362815E+01   3.1250246E-02  -5.8938885E-03   2.5485914E-02  -3.4970425E-03   2.2653182E-02   1.9529868E-01   3.8584814E-03   3.4321975E-04
 -1.8174362E-04   5.0421560E-04  -1.4418188E-06  -4.2821907E-03   2.4467629E-03  -5.6697402E-03  -6.1616314E-03   8.2877099E-04   1.2045128E+00   9.4579128E-01  -3.3790505E+00   6.9433156E+01   6.1527996E+01   4.0853314E+01   1.6274067E+01  -4.9357585E+00  -6.6660059E-01  -1.2687750E+00   3.2727195E+00   3.9443957E+00  -2.4274648E-03   9.2781509E-04   5.3581496E-03   7.4195759E-03   1.6125961E-03   2.9388450E-02  -3.2893014E-06   3.5890848E-05
 -3.6954217E-05   3.1359039E-04   6.1809751E-05  -2.1087047E-03   8.2193079E-03  -9.3601989E-04   1.1182762E-03   4.9962988E-04  -1.2922644E+01   1.7041968E+00   7.1170746E+00  -4.8901258E+01   4.0853314E+01   8.3885548E+01   5.1730427E+01  -1.1171370E+01  -1.0683148E+00  -6.2606650E-01   4.5009606E+00   7.7035050E+00  -1.2466149E-02   7.6186217E-04   8.0475010E-03   8.4289217E-03   7.2097710E-04   1.1494795E-02   3.3805219E-04  -4.1804107E-04
  1.5143525E-05   1.4492807E-04   9.1453204E-05  -4.7469994E-04   4.5311868E-03   4.6541278E-03   4.5268355E-03   1.1212765E-03  -5.5318344E+01   6.9017411E-01   4.4719597E+00  -5.2213331E+01   1.6274067E+01   5.1730427E+01   1.0229752E+02  -8.3081036E+00  -8.8449020E-01  -1.6069680E+00   5.0674429E+00   3.3496764E+01  -6.6781121E-03  -3.4175649E-04   2.2175714E-02   3.3416964E-03   6.6063730E-03  -1.3558604E-02   4.8209255E-04  -1.2728212E-03
 -3.0162771E-05   7.0351784E-05   1.0366865E-05  -7.8679273E-04  -5.4903889E-04  -1.9118064E-03  -2.0882589E-03   7.9445766E-05  -5.9588167E-01   4.1709435E-02  -2.5208915E+00   1.1326362E+01  -4.9357585E+00  -1.1171370E+01  -8.3081036E+00   5.6432920E+00   2.1556481E-01  -2.2092342E-01  -1.8791975E+00  -1.8206558E+00   2.1867839E-03  -4.0978641E-04  -2.1146620E-03   4.5722773E-04   1.3606699E-03  -1.4847054E-03  -7.6112995E-05   6.4247107E-06
 -9.7939412E-07   2.1848055E-05   1.8928149E-06  -3.6744754E-05  -4.1428329E-04  -2.4619670E-04   1.6933965E-04   1.9625497E-05   1.9183511E-01  -1.7134968E-03  -2.3637427E-01  -6.3316230E+00  -6.6660059E-01  -1.0683148E+00  -8.8449020E-01   2.1556481E-01   3.2919423E+00   5.3271707E-01   1.1966947E-01   2.0588732E-02   7.0323105E-04   7.0697010E-04   6.9817472E-04  -1.3651375E-03  -4.5853995E-06  -3.4848682E-03   1.8640976E-04  -6.5620682E-06
 -9.4146963E-06   7.1481298E-06   1.9773012E-06  -8.4223765E-05  -1.0249245E-03  -7.4050246E-04  -4.9194604E-04  -3.8675109E-05   8.1239107E-01   7.6350209E-03   1.8887556E-01   5.7559920E+00  -1.2687750E+00  -6.2606650E-01  -1.6069680E+00  -2.2092342E-01   5.3271707E-01   3.1808033E+00   2.7571071E+00   2.7448216E+00   2.8280107E-04  -8.0507847E-05  -2.5663307E-03  -1.1001812E-03  -2.5201155E-03  -5.1188283E-05  -1.8164409E-04  -1.9704197E-05
 -9.7661346E-06  -4.9054837E-05   3.0704116E-07  -2.4739228E-04  -9.0473982E-04  -1.2112673E-03  -4.3317512E-04  -3.8983825E-05  -6.0098681E+00   1.1501867E-01   2.6101691E+00  -1.1822896E+01   3.2727195E+00   4.5009606E+00   5.0674429E+00  -1.8791975E+00   1.1966947E-01   2.7571071E+00   1.1099784E+01   2.0028464E+01  -1.1799666E-03   1.1462326E-03  -2.5776655E-03   1.5868420E-03  -4.2681456E-03  -1.5372486E-02  -4.2590375E-05   4.4327967E-04
  1.4731279E-05  -1.6716133E-04   1.7170583E-05   8.7124562E-05  -2.1570531E-03   1.0216917E-03   1.1673583E-03   6.8180867E-04  -3.4422616E+01   1.7822185E-01   3.1672640E+00  -2.4362815E+01   3.9443957E+00   7.7035050E+00   3.3496764E+01  -1.8206558E+00   2.0588732E-02   2.7448216E+00   2.0028464E+01   5.5721824E+01  -9.8173563E-04   1.5322407E-03   5.5179430E-03   3.4419294E-03  -5.2889320E-03  -2.5033904E-02   1.0270669E-05   1.0310168E-03
  3.9306534E-08  -6.4753456E-08  -1.4702698E-07  -8.8901436E-07  -1.8373843E-05  -2.0565582E-06  -3.5396054E-06  -2.8889648E-07   3.8480310E-04  -3.5843303E-04  -1.5013217E-03   3.1250246E-02  -2.4274648E-03  -1.2466149E-02  -6.6781121E-03   2.1867839E-03   7.0323105E-04   2.8280107E-04  -1.1799666E-03  -9.8173563E-04   1.4938620E-03   2.9153994E-04   1.3615304E-04  -3.5322617E-04  -9.7395939E-05  -1.8828495E-04   6.6651386E-07  -8.3402345E-08
 -1.9427948E-08   1.3389753E-07   1.1310793E-07   8.8907082E-08   2.4427623E-06  -4.2506707E-07  -4.4239712E-07  -6.1987352E-07  -4.8482656E-05   3.5273773E-05   6.4792007E-04  -5.8938885E-03   9.2781509E-04   7.6186217E-04  -3.4175649E-04  -4.0978641E-04   7.0697010E-04  -8.0507847E-05   1.1462326E-03   1.5322407E-03   2.9153994E-04   8.5652358E-04   3.0355641E-05   7.3379523E-04   4.1768721E-05  -7.0417132E-04   3.1678674E-07   1.6919597E-07
  9.2811798E-08   4.0517104E-08   2.1844471E-07   1.7936822E-05   2.8865949E-05   4.1635748E-05   6.0637247E-08   2.4445621E-06  -1.1838573E-02  -1.4769944E-04   1.8288508E-03   2.5485914E-02   5.3581496E-03   8.0475010E-03   2.2175714E-02  -2.1146620E-03   6.9817472E-04  -2.5663307E-03  -2.5776655E-03   5.5179430E-03   1.3615304E-04   3.0355641E-05   7.3917274E-03  -2.3904928E-04   6.6117297E-04   3.9873946E-03   6.4379430E-07  -7.0652297E-07
 -1.9973830E-07   2.2192134E-06   2.2464815E-07  -3.4082421E-06   3.9906605E-05  -1.3001178E-06  -6.3903430E-06   5.2003411E-07  -5.1461143E-04   2.2766357E-04   7.0550771E-04  -3.4970425E-03   7.4195759E-03   8.4289217E-03   3.3416964E-03   4.5722773E-04  -1.3651375E-03  -1.1001812E-03   1.5868420E-03   3.4419294E-03  -3.5322617E-04   7.3379523E-04  -2.3904928E-04   2.8722793E-03   4.8315008E-04  -8.9912788E-04  -1.1800812E-08   4.0560172E-08
 -3.1424554E-07   1.5689379E-06  -2.5609058E-07   1.0231620E-05  -9.8370507E-05   1.9266841E-05  -3.9677808E-06  -1.5680382E-06  -3.5416447E-03   4.8400316E-05  -1.3817476E-03   2.2653182E-02   1.6125961E-03   7.2097710E-04   6.6063730E-03   1.3606699E-03  -4.5853995E-06  -2.5201155E-03  -4.2681456E-03  -5.2889320E-03  -9.7395939E-05   4.1768721E-05   6.6117297E-04   4.8315008E-04   6.5540585E-03   8.3186492E-03   1.0266195E-06  -7.3385008E-07
 -2.2496483E-06   6.7944263E-06  -2.5008416E-06   4.9358480E-05  -3.4159592E-04   1.1903577E-04  -1.0085540E-05   7.3645616E-06   2.9120827E-02  -6.7070741E-05  -1.1607745E-02   1.9529868E-01   2.9388450E-02   1.1494795E-02  -1.3558604E-02  -1.4847054E-03  -3.4848682E-03  -5.1188283E-05  -1.5372486E-02  -2.5033904E-02  -1.8828495E-04  -7.0417132E-04   3.9873946E-03  -8.9912788E-04   8.3186492E-03   7.0667570E-02   3.5608266E-06   3.0767856E-06
  1.5391960E-09   8.5724996E-10  -1.5034726E-10  -2.8571282E-08   3.3808880E-07   1.0799926E-07  -7.0424417E-08   1.4585841E-08  -1.9111933E-04   1.1651802E-06   1.0371015E-04   3.8584814E-03  -3.2893014E-06   3.3805219E-04   4.8209255E-04  -7.6112995E-05   1.8640976E-04  -1.8164409E-04  -4.2590375E-05   1.0270669E-05   6.6651386E-07   3.1678674E-07   6.4379430E-07  -1.1800812E-08   1.0266195E-06   3.5608266E-06   3.8226839E-07  -4.3087463E-09
 -9.9423468E-10  -7.3059927E-09   1.2961792E-10   6.3578073E-08   8.8386551E-08   7.4349056E-08  -3.3605704E-08  -9.2158030E-09   6.3166137E-04  -2.3802977E-06  -3.1598873E-05   3.4321975E-04   3.5890848E-05  -4.1804107E-04  -1.2728212E-03   6.4247107E-06  -6.5620682E-06  -1.9704197E-05   4.4327967E-04   1.0310168E-03  -8.3402345E-08   1.6919597E-07  -7.0652297E-07   4.0560172E-08  -7.3385008E-07   3.0767856E-06  -4.3087463E-09   3.7299894E-07
