# omegabh2 omegach2 theta tau Alens logA ns calPlanck acib217 xi asz143 aps100 aps143 aps143217 aps217 aksz kgal100 kgal143 kgal143217 kgal217 galfEE100 galfEE100143 galfEE100217 galfEE143 galfEE143217 galfEE217 galfTE100 galfTE100143 galfTE100217 galfTE143 galfTE143217 galfTE217 cal0 cal2
    0.3039390E-07   -0.1881850E-06    0.2686891E-07    0.7460142E-07    0.5794197E-05   -0.2319526E-06    0.5221871E-06   -0.1674774E-07   -0.1611728E-03    0.4736616E-05    0.3246329E-04   -0.7015284E-03   -0.3500657E-03   -0.6167617E-04    0.3614364E-04   -0.5375429E-04   -0.3502837E-05   -0.1159175E-04   -0.2612654E-04   -0.1217303E-04    0.6580656E-07    0.8698611E-07    0.1115109E-07    0.9392918E-07    0.1148793E-06    0.3720477E-06   -0.1125917E-06   -0.1147131E-06   -0.1206453E-06   -0.2378518E-06   -0.3447658E-06   -0.2764221E-05    0.4752925E-08   -0.1597847E-07
   -0.1881850E-06    0.2545694E-05   -0.2436214E-06   -0.1690716E-05   -0.5343520E-04    0.2887403E-05   -0.6508797E-05    0.1801550E-06    0.1003001E-02   -0.2608008E-04   -0.2191883E-03    0.4866030E-02    0.2323867E-02    0.5593648E-03   -0.4934445E-04    0.2973891E-03   -0.4751014E-04   -0.2943500E-05    0.7229113E-04    0.7324340E-04   -0.9039209E-06   -0.1076998E-05   -0.8492724E-07   -0.1041101E-05    0.3375189E-06    0.1410956E-06    0.1778461E-05    0.9140653E-06    0.1681937E-05    0.9736789E-06    0.2263064E-05    0.2875835E-04   -0.1118201E-07    0.1129070E-06
    0.2686891E-07   -0.2436214E-06    0.1092426E-06    0.1059106E-06    0.6362649E-05   -0.3064422E-06    0.7589211E-06   -0.2233128E-07   -0.6479586E-04    0.2942987E-05    0.1855347E-04   -0.5307762E-03   -0.2410794E-03   -0.7845922E-04   -0.6919643E-04   -0.2956844E-04   -0.5165852E-05    0.2364833E-05   -0.1837130E-04   -0.4182555E-04    0.7015968E-07    0.1030953E-06   -0.2447079E-06    0.1010836E-06   -0.1303451E-06   -0.3907786E-06   -0.1970125E-06   -0.1778291E-06    0.1218387E-07   -0.1073650E-06   -0.7100814E-06   -0.3930358E-05   -0.2863979E-08   -0.1136513E-07
    0.7460142E-07   -0.1690716E-05    0.1059106E-06    0.2186947E-03   -0.4523958E-03    0.4299654E-03    0.9837435E-05   -0.6170200E-06   -0.3459397E-02    0.2264045E-04    0.8555373E-03   -0.1434969E-01   -0.4907327E-02   -0.4279978E-04    0.3095396E-02   -0.1149677E-02   -0.2353494E-03    0.2862897E-03    0.9758284E-03    0.2327483E-02    0.6723460E-06    0.3379685E-06    0.5795953E-05    0.8043355E-06   -0.6178884E-05    0.2764076E-04   -0.8624027E-05   -0.2308781E-05    0.9004931E-05    0.2620599E-05   -0.1960558E-04   -0.3054107E-04   -0.1276182E-07   -0.2993424E-06
    0.5794197E-05   -0.5343520E-04    0.6362649E-05   -0.4523958E-03    0.4820197E-02   -0.1053611E-02    0.1511887E-03   -0.2026624E-04   -0.5030792E-01    0.1693477E-02    0.6892676E-02   -0.2150634E+00   -0.8161675E-01   -0.1239460E-02    0.2097273E-01   -0.1826479E-01   -0.1033718E-02   -0.4724886E-02   -0.1856552E-01   -0.2504023E-01    0.1714592E-04    0.2170796E-04   -0.7732536E-05    0.1240794E-04   -0.1112279E-04   -0.1089779E-03    0.8060593E-05    0.1502598E-04   -0.6499263E-04   -0.2277099E-04    0.8573093E-04   -0.8799323E-03    0.5852965E-06   -0.7339519E-05
   -0.2319526E-06    0.2887403E-05   -0.3064422E-06    0.4299654E-03   -0.1053611E-02    0.8884963E-03    0.1669650E-05    0.1148988E-04   -0.4170451E-02    0.1119725E-04    0.1170989E-02   -0.1035543E-01   -0.2974069E-02    0.3424590E-02    0.1137940E-01   -0.2191471E-02   -0.8846932E-03    0.2115115E-04    0.1692272E-02    0.6391101E-02    0.1520589E-06   -0.2073408E-05    0.1262381E-04    0.7715959E-08   -0.9647194E-05    0.4721384E-04   -0.1432147E-04   -0.2343361E-05    0.2611837E-04    0.8887384E-05   -0.4591072E-04   -0.2831660E-06    0.1577251E-06   -0.3213463E-06
    0.5221871E-06   -0.6508797E-05    0.7589211E-06    0.9837435E-05    0.1511887E-03    0.1669650E-05    0.2605830E-04   -0.6443203E-06   -0.6777216E-02    0.1836490E-03    0.1383468E-02   -0.3409846E-01   -0.1038477E-01    0.1729553E-02    0.5529119E-02   -0.2661745E-02    0.2840464E-03   -0.2227341E-03   -0.8408907E-03   -0.1109870E-04    0.3757980E-05    0.4145442E-05    0.1865658E-05    0.4135797E-05   -0.2750463E-05    0.6187504E-05   -0.3399599E-05   -0.1413022E-05   -0.8096340E-05   -0.2063601E-05   -0.4292028E-05   -0.7243965E-04   -0.1547954E-06   -0.6553615E-06
   -0.1674774E-07    0.1801550E-06   -0.2233128E-07   -0.6170200E-06   -0.2026624E-04    0.1148988E-04   -0.6443203E-06    0.6157690E-05    0.1196365E-02   -0.2036852E-04   -0.3099285E-04    0.5347815E-02    0.7039246E-03    0.5861026E-05    0.9281237E-03    0.9286941E-04   -0.1543597E-04   -0.1218674E-04   -0.2833961E-05    0.7181895E-03    0.7460892E-06    0.1817728E-06    0.1123326E-05    0.7221764E-06    0.1715142E-05   -0.1099687E-05   -0.1199383E-07    0.3657596E-06    0.1088608E-05    0.9047714E-06   -0.4489736E-05   -0.5587381E-06   -0.9534825E-08    0.4498396E-07
   -0.1611728E-03    0.1003001E-02   -0.6479586E-04   -0.3459397E-02   -0.5030792E-01   -0.4170451E-02   -0.6777216E-02    0.1196365E-02    0.4234431E+02   -0.4903276E+00   -0.1760261E+01    0.4429696E+02    0.1082756E+01   -0.2082802E+02   -0.5947019E+02    0.7842002E+00    0.1899580E-02    0.1647227E+00   -0.2071649E+01   -0.1833851E+02   -0.3902598E-03   -0.7865746E-03   -0.3396257E-02    0.8137757E-04   -0.4193705E-02   -0.3729383E-02   -0.1415286E-03    0.1396091E-02    0.6933759E-07    0.2837644E-02   -0.1084301E-01   -0.2479749E-01   -0.2087592E-03    0.4131450E-02
    0.4736616E-05   -0.2608008E-04    0.2942987E-05    0.2264045E-04    0.1693477E-02    0.1119725E-04    0.1836490E-03   -0.2036852E-04   -0.4903276E+00    0.8115565E-01   -0.4988424E-01   -0.7013156E+00    0.1031410E+01    0.1998361E+01    0.8048996E+00    0.2801478E-01   -0.1975947E-02    0.1465676E-01    0.1334810E+00    0.1307051E+00   -0.9957682E-05    0.2833840E-04    0.6795636E-04    0.1849609E-04   -0.1145724E-03    0.4825731E-03    0.7890253E-04    0.6144625E-04   -0.1756025E-03    0.3143355E-03    0.3508633E-03   -0.3209408E-03    0.8914986E-05   -0.1145700E-04
    0.3246329E-04   -0.2191883E-03    0.1855347E-04    0.8555373E-03    0.6892676E-02    0.1170989E-02    0.1383468E-02   -0.3099285E-04   -0.1760261E+01   -0.4988424E-01    0.3373143E+01   -0.2806728E+02   -0.4172640E+01    0.6769428E+01    0.5854017E+01   -0.2002740E+01   -0.1847997E+00    0.4317294E-01    0.2101107E+01    0.1758725E+01    0.2350993E-03    0.1472500E-03    0.7137871E-04    0.6196666E-04    0.2972445E-02   -0.3158839E-03   -0.1109345E-02   -0.5410116E-03   -0.1999123E-02   -0.8035498E-03    0.1036341E-02    0.1378858E-02    0.1375430E-03   -0.3455868E-03
   -0.7015284E-03    0.4866030E-02   -0.5307762E-03   -0.1434969E-01   -0.2150634E+00   -0.1035543E-01   -0.3409846E-01    0.5347815E-02    0.4429696E+02   -0.7013156E+00   -0.2806728E+02    0.7747515E+03    0.6879809E+02   -0.6060912E+02   -0.7028573E+02    0.1139664E+02   -0.3094760E+01    0.3253786E+01   -0.1050483E+02   -0.1288797E+02   -0.5253173E-02   -0.5063538E-02    0.3271886E-02   -0.1857097E-02   -0.2737905E-01   -0.2936948E-01    0.8803008E-02   -0.3403152E-02    0.5550611E-01   -0.1732033E-03   -0.1498767E-01    0.6574129E-01    0.6609733E-02    0.4479852E-02
   -0.3500657E-03    0.2323867E-02   -0.2410794E-03   -0.4907327E-02   -0.8161675E-01   -0.2974069E-02   -0.1038477E-01    0.7039246E-03    0.1082756E+01    0.1031410E+01   -0.4172640E+01    0.6879809E+02    0.6032699E+02    0.4313229E+02    0.1521630E+02   -0.3337690E+01   -0.1044468E+00   -0.8761967E+00    0.4093068E+01    0.4504416E+01   -0.1494923E-02   -0.1759892E-02   -0.3687700E-03   -0.1325650E-02   -0.5414454E-02    0.1056144E-02    0.1729874E-02    0.2729045E-02   -0.1744944E-03    0.5392670E-02   -0.4256766E-02    0.4016533E-01    0.7708063E-04    0.4673164E-03
   -0.6167617E-04    0.5593648E-03   -0.7845922E-04   -0.4279978E-04   -0.1239460E-02    0.3424590E-02    0.1729553E-02    0.5861026E-05   -0.2082802E+02    0.1998361E+01    0.6769428E+01   -0.6060912E+02    0.4313229E+02    0.9673389E+02    0.6212532E+02   -0.9532457E+01   -0.6909543E+00   -0.1054232E+00    0.5170952E+01    0.5577296E+01   -0.1350916E-03   -0.3730848E-04    0.1951880E-02   -0.8452577E-03    0.3219736E-02    0.3104832E-02    0.3558239E-03    0.2827129E-02   -0.7311787E-02    0.9984248E-02    0.7264924E-02    0.2066698E-01    0.5943299E-03   -0.2191265E-02
    0.3614364E-04   -0.4934445E-04   -0.6919643E-04    0.3095396E-02    0.2097273E-01    0.1137940E-01    0.5529119E-02    0.9281237E-03   -0.5947019E+02    0.8048996E+00    0.5854017E+01   -0.7028573E+02    0.1521630E+02    0.6212532E+02    0.1155820E+03   -0.8296767E+01   -0.3698368E+00   -0.3484971E+00   -0.6614516E+00    0.1468398E+02    0.7975039E-03    0.2714350E-03    0.6216978E-02   -0.9967334E-03    0.6780992E-02   -0.6395075E-03   -0.6480838E-03    0.4220931E-03   -0.3645786E-02   -0.1942164E-02    0.1470016E-01    0.6363360E-01    0.5302576E-03   -0.7300138E-02
   -0.5375429E-04    0.2973891E-03   -0.2956844E-04   -0.1149677E-02   -0.1826479E-01   -0.2191471E-02   -0.2661745E-02    0.9286941E-04    0.7842002E+00    0.2801478E-01   -0.2002740E+01    0.1139664E+02   -0.3337690E+01   -0.9532457E+01   -0.8296767E+01    0.4608570E+01    0.1661838E+00    0.3375970E-02   -0.1446207E+01   -0.1301976E+01   -0.4537098E-03   -0.1962052E-03   -0.8317531E-03   -0.2196767E-03    0.1238917E-02    0.4421180E-02    0.1094040E-02   -0.2947718E-03    0.7940049E-03    0.8596113E-03    0.3225763E-02    0.2359036E-02   -0.7528574E-04    0.1462928E-03
   -0.3502837E-05   -0.4751014E-04   -0.5165852E-05   -0.2353494E-03   -0.1033718E-02   -0.8846932E-03    0.2840464E-03   -0.1543597E-04    0.1899580E-02   -0.1975947E-02   -0.1847997E+00   -0.3094760E+01   -0.1044468E+00   -0.6909543E+00   -0.3698368E+00    0.1661838E+00    0.3413445E+01    0.4515051E+00    0.5988868E-01    0.6752866E-02    0.5967997E-04   -0.3174329E-04    0.4085239E-03   -0.1121224E-03    0.9118682E-03    0.1560565E-02    0.7572219E-03    0.3925424E-03   -0.1347064E-02   -0.1863172E-02   -0.8597375E-03    0.3996875E-02    0.2899948E-03   -0.5205818E-04
   -0.1159175E-04   -0.2943500E-05    0.2364833E-05    0.2862897E-03   -0.4724886E-02    0.2115115E-04   -0.2227341E-03   -0.1218674E-04    0.1647227E+00    0.1465676E-01    0.4317294E-01    0.3253786E+01   -0.8761967E+00   -0.1054232E+00   -0.3484971E+00    0.3375970E-02    0.4515051E+00    0.3292864E+01    0.2507118E+01    0.1622570E+01    0.1396402E-03   -0.6115048E-04    0.8153513E-03   -0.1099398E-03   -0.2978903E-03    0.3217950E-02    0.9015666E-03   -0.5713802E-03    0.1442899E-02   -0.1312341E-02    0.1210627E-02    0.2671593E-02   -0.2459373E-03   -0.1889769E-03
   -0.2612654E-04    0.7229113E-04   -0.1837130E-04    0.9758284E-03   -0.1856552E-01    0.1692272E-02   -0.8408907E-03   -0.2833961E-05   -0.2071649E+01    0.1334810E+00    0.2101107E+01   -0.1050483E+02    0.4093068E+01    0.5170952E+01   -0.6614516E+00   -0.1446207E+01    0.5988868E-01    0.2507118E+01    0.1718911E+02    0.2590393E+02   -0.1414511E-03   -0.2102023E-03    0.2518303E-02   -0.3450902E-03    0.2770286E-03   -0.7294041E-02   -0.9360649E-03   -0.1781582E-02    0.8867718E-03   -0.1885896E-02   -0.2790043E-02    0.9505190E-02    0.1552937E-04    0.2656481E-02
   -0.1217303E-04    0.7324340E-04   -0.4182555E-04    0.2327483E-02   -0.2504023E-01    0.6391101E-02   -0.1109870E-04    0.7181895E-03   -0.1833851E+02    0.1307051E+00    0.1758725E+01   -0.1288797E+02    0.4504416E+01    0.5577296E+01    0.1468398E+02   -0.1301976E+01    0.6752866E-02    0.1622570E+01    0.2590393E+02    0.5533364E+02   -0.1330911E-03   -0.5028865E-04    0.5686117E-02   -0.2600837E-03    0.1728181E-02   -0.1872579E-01   -0.8854773E-03   -0.3543709E-02    0.6778196E-02   -0.1358078E-02   -0.5873195E-02    0.7720185E-02    0.8865412E-04    0.4798089E-02
    0.6580656E-07   -0.9039209E-06    0.7015968E-07    0.6723460E-06    0.1714592E-04    0.1520589E-06    0.3757980E-05    0.7460892E-06   -0.3902598E-03   -0.9957682E-05    0.2350993E-03   -0.5253173E-02   -0.1494923E-02   -0.1350916E-03    0.7975039E-03   -0.4537098E-03    0.5967997E-04    0.1396402E-03   -0.1414511E-03   -0.1330911E-03    0.3268237E-04    0.9742538E-05    0.1851502E-05    0.3775032E-05    0.3418668E-05    0.1519232E-04   -0.1506742E-05    0.8499242E-06    0.2574028E-05   -0.1470549E-06    0.1659142E-05   -0.1739649E-04   -0.6396124E-07   -0.5726667E-08
    0.8698611E-07   -0.1076998E-05    0.1030953E-06    0.3379685E-06    0.2170796E-04   -0.2073408E-05    0.4145442E-05    0.1817728E-06   -0.7865746E-03    0.2833840E-04    0.1472500E-03   -0.5063538E-02   -0.1759892E-02   -0.3730848E-04    0.2714350E-03   -0.1962052E-03   -0.3174329E-04   -0.6115048E-04   -0.2102023E-03   -0.5028865E-04    0.9742538E-05    0.2519380E-04    0.7493324E-06    0.1239890E-04   -0.1727288E-05    0.8349996E-05    0.1314504E-05    0.3231744E-06    0.2192230E-05   -0.2672891E-05    0.1474472E-05   -0.2320601E-04   -0.5762244E-07   -0.3040298E-07
    0.1115109E-07   -0.8492724E-07   -0.2447079E-06    0.5795953E-05   -0.7732536E-05    0.1262381E-04    0.1865658E-05    0.1123326E-05   -0.3396257E-02    0.6795636E-04    0.7137871E-04    0.3271886E-02   -0.3687700E-03    0.1951880E-02    0.6216978E-02   -0.8317531E-03    0.4085239E-03    0.8153513E-03    0.2518303E-02    0.5686117E-02    0.1851502E-05    0.7493324E-06    0.1035410E-02   -0.1111719E-05   -0.2104571E-05    0.2242346E-04    0.1646534E-04    0.1631939E-05   -0.2084991E-05   -0.3904944E-05   -0.4360241E-04   -0.8141375E-04    0.3297052E-06    0.4259237E-06
    0.9392918E-07   -0.1041101E-05    0.1010836E-06    0.8043355E-06    0.1240794E-04    0.7715959E-08    0.4135797E-05    0.7221764E-06    0.8137757E-04    0.1849609E-04    0.6196666E-04   -0.1857097E-02   -0.1325650E-02   -0.8452577E-03   -0.9967334E-03   -0.2196767E-03   -0.1121224E-03   -0.1099398E-03   -0.3450902E-03   -0.2600837E-03    0.3775032E-05    0.1239890E-04   -0.1111719E-05    0.4740884E-04   -0.3784343E-05    0.8695915E-05   -0.1991554E-07   -0.2028089E-05   -0.1720228E-05   -0.3660638E-05    0.3188497E-05   -0.2643635E-04   -0.1016763E-06    0.7922753E-07
    0.1148793E-06    0.3375189E-06   -0.1303451E-06   -0.6178884E-05   -0.1112279E-04   -0.9647194E-05   -0.2750463E-05    0.1715142E-05   -0.4193705E-02   -0.1145724E-03    0.2972445E-02   -0.2737905E-01   -0.5414454E-02    0.3219736E-02    0.6780992E-02    0.1238917E-02    0.9118682E-03   -0.2978903E-03    0.2770286E-03    0.1728181E-02    0.3418668E-05   -0.1727288E-05   -0.2104571E-05   -0.3784343E-05    0.2224394E-02    0.1447185E-03   -0.1481194E-06   -0.1142743E-04    0.3647258E-04   -0.7634521E-04    0.2635902E-04    0.8556068E-04   -0.2397694E-07   -0.2178429E-06
    0.3720477E-06    0.1410956E-06   -0.3907786E-06    0.2764076E-04   -0.1089779E-03    0.4721384E-04    0.6187504E-05   -0.1099687E-05   -0.3729383E-02    0.4825731E-03   -0.3158839E-03   -0.2936948E-01    0.1056144E-02    0.3104832E-02   -0.6395075E-03    0.4421180E-02    0.1560565E-02    0.3217950E-02   -0.7294041E-02   -0.1872579E-01    0.1519232E-04    0.8349996E-05    0.2242346E-04    0.8695915E-05    0.1447185E-03    0.1680571E-01    0.7155294E-04   -0.2063709E-04    0.2193391E-03   -0.1720242E-03   -0.6824402E-04    0.7081425E-03   -0.1686377E-05   -0.2613337E-05
   -0.1125917E-06    0.1778461E-05   -0.1970125E-06   -0.8624027E-05    0.8060593E-05   -0.1432147E-04   -0.3399599E-05   -0.1199383E-07   -0.1415286E-03    0.7890253E-04   -0.1109345E-02    0.8803008E-02    0.1729874E-02    0.3558239E-03   -0.6480838E-03    0.1094040E-02    0.7572219E-03    0.9015666E-03   -0.9360649E-03   -0.8854773E-03   -0.1506742E-05    0.1314504E-05    0.1646534E-04   -0.1991554E-07   -0.1481194E-06    0.7155294E-04    0.1418641E-02    0.2964090E-03    0.4771293E-04   -0.3467998E-03   -0.9512257E-04   -0.1645983E-03    0.2101771E-06   -0.2448536E-06
   -0.1147131E-06    0.9140653E-06   -0.1778291E-06   -0.2308781E-05    0.1502598E-04   -0.2343361E-05   -0.1413022E-05    0.3657596E-06    0.1396091E-02    0.6144625E-04   -0.5410116E-03   -0.3403152E-02    0.2729045E-02    0.2827129E-02    0.4220931E-03   -0.2947718E-03    0.3925424E-03   -0.5713802E-03   -0.1781582E-02   -0.3543709E-02    0.8499242E-06    0.3231744E-06    0.1631939E-05   -0.2028089E-05   -0.1142743E-04   -0.2063709E-04    0.2964090E-03    0.8489417E-03    0.1809488E-04    0.7517576E-03    0.2641657E-04   -0.7279293E-03   -0.2513212E-07    0.2160642E-06
   -0.1206453E-06    0.1681937E-05    0.1218387E-07    0.9004931E-05   -0.6499263E-04    0.2611837E-04   -0.8096340E-05    0.1088608E-05    0.6933759E-07   -0.1756025E-03   -0.1999123E-02    0.5550611E-01   -0.1744944E-03   -0.7311787E-02   -0.3645786E-02    0.7940049E-03   -0.1347064E-02    0.1442899E-02    0.8867718E-03    0.6778196E-02    0.2574028E-05    0.2192230E-05   -0.2084991E-05   -0.1720228E-05    0.3647258E-04    0.2193391E-03    0.4771293E-04    0.1809488E-04    0.7203659E-02   -0.2983521E-03    0.8351848E-03    0.4627869E-02   -0.5348277E-06    0.2328304E-06
   -0.2378518E-06    0.9736789E-06   -0.1073650E-06    0.2620599E-05   -0.2277099E-04    0.8887384E-05   -0.2063601E-05    0.9047714E-06    0.2837644E-02    0.3143355E-03   -0.8035498E-03   -0.1732033E-03    0.5392670E-02    0.9984248E-02   -0.1942164E-02    0.8596113E-03   -0.1863172E-02   -0.1312341E-02   -0.1885896E-02   -0.1358078E-02   -0.1470549E-06   -0.2672891E-05   -0.3904944E-05   -0.3660638E-05   -0.7634521E-04   -0.1720242E-03   -0.3467998E-03    0.7517576E-03   -0.2983521E-03    0.2894250E-02    0.4873139E-03   -0.8725790E-03    0.6450534E-06    0.1548994E-05
   -0.3447658E-06    0.2263064E-05   -0.7100814E-06   -0.1960558E-04    0.8573093E-04   -0.4591072E-04   -0.4292028E-05   -0.4489736E-05   -0.1084301E-01    0.3508633E-03    0.1036341E-02   -0.1498767E-01   -0.4256766E-02    0.7264924E-02    0.1470016E-01    0.3225763E-02   -0.8597375E-03    0.1210627E-02   -0.2790043E-02   -0.5873195E-02    0.1659142E-05    0.1474472E-05   -0.4360241E-04    0.3188497E-05    0.2635902E-04   -0.6824402E-04   -0.9512257E-04    0.2641657E-04    0.8351848E-03    0.4873139E-03    0.6494556E-02    0.7865156E-02   -0.2248334E-06   -0.2719327E-05
   -0.2764221E-05    0.2875835E-04   -0.3930358E-05   -0.3054107E-04   -0.8799323E-03   -0.2831660E-06   -0.7243965E-04   -0.5587381E-06   -0.2479749E-01   -0.3209408E-03    0.1378858E-02    0.6574129E-01    0.4016533E-01    0.2066698E-01    0.6363360E-01    0.2359036E-02    0.3996875E-02    0.2671593E-02    0.9505190E-02    0.7720185E-02   -0.1739649E-04   -0.2320601E-04   -0.8141375E-04   -0.2643635E-04    0.8556068E-04    0.7081425E-03   -0.1645983E-03   -0.7279293E-03    0.4627869E-02   -0.8725790E-03    0.7865156E-02    0.6549827E-01    0.1225418E-05   -0.8577211E-05
    0.4752925E-08   -0.1118201E-07   -0.2863979E-08   -0.1276182E-07    0.5852965E-06    0.1577251E-06   -0.1547954E-06   -0.9534825E-08   -0.2087592E-03    0.8914986E-05    0.1375430E-03    0.6609733E-02    0.7708063E-04    0.5943299E-03    0.5302576E-03   -0.7528574E-04    0.2899948E-03   -0.2459373E-03    0.1552937E-04    0.8865412E-04   -0.6396124E-07   -0.5762244E-07    0.3297052E-06   -0.1016763E-06   -0.2397694E-07   -0.1686377E-05    0.2101771E-06   -0.2513212E-07   -0.5348277E-06    0.6450534E-06   -0.2248334E-06    0.1225418E-05    0.5922171E-06    0.1750422E-07
   -0.1597847E-07    0.1129070E-06   -0.1136513E-07   -0.2993424E-06   -0.7339519E-05   -0.3213463E-06   -0.6553615E-06    0.4498396E-07    0.4131450E-02   -0.1145700E-04   -0.3455868E-03    0.4479852E-02    0.4673164E-03   -0.2191265E-02   -0.7300138E-02    0.1462928E-03   -0.5205818E-04   -0.1889769E-03    0.2656481E-02    0.4798089E-02   -0.5726667E-08   -0.3040298E-07    0.4259237E-06    0.7922753E-07   -0.2178429E-06   -0.2613337E-05   -0.2448536E-06    0.2160642E-06    0.2328304E-06    0.1548994E-05   -0.2719327E-05   -0.8577211E-05    0.1750422E-07    0.2069287E-05
