# omegabh2 omegach2 theta tau logA ns nrun calPlanck aps100 aps143 aps217 acib217 asz143 psr cibr xi aksz dust100 dust143 dust217 dust143x217 cal0 cal2
  5.4132691E-08  -2.1715330E-07   4.6459067E-08   4.9117179E-07   7.7332449E-07   5.3556065E-07  -6.1566365E-07   2.5488891E-08  -2.9353047E-04  -3.6317271E-04  -7.5079704E-05  -8.7265441E-05   2.7624477E-05   3.0634597E-07  -1.5860738E-06   8.5273600E-08  -1.6711168E-05   1.5500068E-06   1.2187923E-06   6.7944398E-07   6.5291509E-07   7.6917574E-09  -7.0608612E-09
 -2.1715330E-07   4.4235968E-06  -4.4178475E-07  -3.2843747E-06   4.2078982E-06  -1.0270597E-05  -2.2757696E-06  -1.3906120E-07   2.4888297E-03   2.5473888E-03   6.7198598E-05   7.9597520E-04  -1.9089018E-04  -4.5902953E-06   1.4271063E-05  -2.5470980E-06   1.6467114E-04  -3.1676212E-06  -1.6346441E-06  -2.7440274E-06  -8.3222716E-08  -4.7155476E-08   7.9427493E-08
  4.6459067E-08  -4.4178475E-07   2.2691554E-07   5.1219781E-07   2.2586282E-07   1.2331751E-06  -1.5761926E-08   2.2858384E-08  -2.9180549E-04  -2.1518893E-04  -1.9290709E-05  -6.8503550E-05   2.6035572E-05  -2.7210438E-07  -7.3206205E-07  -2.8439005E-07  -1.2596704E-05   6.4533904E-07   9.7569923E-08   7.0070954E-07   3.3600332E-07   3.4902228E-09  -2.9106398E-09
  4.9117179E-07  -3.2843747E-06   5.1219781E-07   5.1275262E-05   9.7241964E-05   8.9059568E-06  -1.2404578E-05  -2.1717499E-07  -3.9401664E-03  -1.8503400E-03   1.0630978E-04  -1.1240447E-03  -5.5748915E-05  -1.6930562E-06  -2.5639351E-05   2.6103760E-05  -2.0718837E-04   1.8173221E-05   7.4276011E-06   5.7077402E-06   5.7794005E-06  -2.9499895E-08  -1.4152164E-07
  7.7332449E-07   4.2078982E-06   2.2586282E-07   9.7241964E-05   2.4271812E-04  -1.0185463E-05  -4.3398446E-05   1.1824625E-05   1.0130961E-02   6.1332198E-03   6.2361393E-03  -1.5864883E-04  -7.7153686E-04  -5.8343861E-06  -4.8788741E-05   4.2813513E-05  -3.8086806E-04   4.5616970E-05  -6.8778105E-05   2.7942232E-05   3.2591972E-06   5.7020986E-07   1.2895758E-08
  5.3556065E-07  -1.0270597E-05   1.2331751E-06   8.9059568E-06  -1.0185463E-05   3.6764804E-05   1.4241194E-05   7.1736770E-07  -3.5547190E-02  -1.5682351E-02   1.1093187E-02  -9.6920659E-03   1.2798156E-03   9.2327678E-05  -1.6840012E-04   9.5327639E-05  -3.0272958E-03   1.5546601E-05  -2.0087152E-05   4.5044074E-05  -6.6093304E-06  -3.2783268E-07  -7.0941105E-07
 -6.1566365E-07  -2.2757696E-06  -1.5761926E-08  -1.2404578E-05  -4.3398446E-05   1.4241194E-05   5.7682386E-05   2.0992481E-07  -3.7961032E-02  -1.6619601E-02   1.3684309E-02  -1.1348382E-02   1.1534706E-03   1.0126569E-04  -2.0444122E-04   8.8809264E-05  -3.1308594E-03  -7.2752578E-05  -6.1136906E-05   4.5547437E-05  -2.2154798E-05  -3.8540448E-07  -9.2150899E-07
  2.5488891E-08  -1.3906120E-07   2.2858384E-08  -2.1717499E-07   1.1824625E-05   7.1736770E-07   2.0992481E-07   6.2743644E-06   2.5862745E-03  -1.6414679E-04   1.6299878E-03   2.0120344E-04  -3.6524412E-06   2.2774276E-06  -1.0343050E-05  -9.9408267E-06  -5.4934446E-05   7.3518116E-06   1.5976323E-06   8.4959363E-06  -1.8125550E-06  -8.8356897E-09  -5.7861924E-08
 -2.9353047E-04   2.4888297E-03  -2.9180549E-04  -3.9401664E-03   1.0130961E-02  -3.5547190E-02  -3.7961032E-02   2.5862745E-03   6.3657485E+02   7.1943102E+01  -7.2593461E+01   4.3371272E+01  -2.5695795E+01  -9.2166273E-01   1.3490278E-01  -4.2955219E-01   1.2849135E+01  -1.2765198E-01   3.5351544E-01  -3.0287057E-01  -2.2323387E-01   6.5894897E-03   4.0138371E-03
 -3.6317271E-04   2.5473888E-03  -2.1518893E-04  -1.8503400E-03   6.1332198E-03  -1.5682351E-02  -1.6619601E-02  -1.6414679E-04   7.1943102E+01   7.3447516E+01   4.7553326E+00   1.0941173E+01  -9.9107519E-01  -3.8343371E-02   5.0470995E-01   7.9888040E-01  -6.8778204E+00  -1.4739971E-02  -2.2183727E-01   1.9406709E-02   4.0527623E-02   8.5440384E-04   9.7223575E-04
 -7.5079704E-05   6.7198598E-05  -1.9290709E-05   1.0630978E-04   6.2361393E-03   1.1093187E-02   1.3684309E-02   1.6299878E-03  -7.2593461E+01   4.7553326E+00   1.8615134E+02  -9.0294877E+01   2.9453806E+00   3.8580433E-01  -1.1260644E+00   3.6111989E-01  -7.8489832E+00  -7.7464239E-02  -3.1834416E-01   6.0140420E-01   3.0599531E-02   1.5936014E-03  -8.3210879E-03
 -8.7265441E-05   7.9597520E-04  -6.8503550E-05  -1.1240447E-03  -1.5864883E-04  -9.6920659E-03  -1.1348382E-02   2.0120344E-04   4.3371272E+01   1.0941173E+01  -9.0294877E+01   5.6952197E+01   1.2683367E+00  -8.5187581E-02   7.8186417E-01  -2.8077735E-01  -1.9717266E+00   3.2352927E-02   1.8123299E-01  -4.8185481E-01  -1.4230170E-01  -5.2101984E-04   3.5920181E-03
  2.7624477E-05  -1.9089018E-04   2.6035572E-05  -5.5748915E-05  -7.7153686E-04   1.2798156E-03   1.1534706E-03  -3.6524412E-06  -2.5695795E+01  -9.9107519E-01   2.9453806E+00   1.2683367E+00   4.2549245E+00   9.9639503E-02   1.3584078E-01  -3.9533942E-02  -3.4976815E+00  -9.6467131E-03  -1.1605320E-02   1.1133194E-02   5.2115530E-02   4.4380703E-04  -2.0583916E-04
  3.0634597E-07  -4.5902953E-06  -2.7210438E-07  -1.6930562E-06  -5.8343861E-06   9.2327678E-05   1.0126569E-04   2.2774276E-06  -9.2166273E-01  -3.8343371E-02   3.8580433E-01  -8.5187581E-02   9.9639503E-02   1.6178064E-02  -1.6954271E-02   1.2501768E-02  -1.0695147E-01  -1.9681654E-04  -1.3804735E-03  -2.2530566E-03   5.5946809E-03   1.4615970E-05  -3.7741182E-05
 -1.5860738E-06   1.4271063E-05  -7.3206205E-07  -2.5639351E-05  -4.8788741E-05  -1.6840012E-04  -2.0444122E-04  -1.0343050E-05   1.3490278E-01   5.0470995E-01  -1.1260644E+00   7.8186417E-01   1.3584078E-01  -1.6954271E-02   6.5404393E-02   2.2624140E-03  -1.3067606E-01   3.6514660E-04   6.2598331E-03  -8.9103630E-04  -1.8481904E-02  -5.6934454E-06   9.9940391E-05
  8.5273600E-08  -2.5470980E-06  -2.8439005E-07   2.6103760E-05   4.2813513E-05   9.5327639E-05   8.8809264E-05  -9.9408267E-06  -4.2955219E-01   7.9888040E-01   3.6111989E-01  -2.8077735E-01  -3.9533942E-02   1.2501768E-02   2.2624140E-03   8.2036691E-02   3.6928464E-02   4.7358785E-04   2.1113265E-04   8.8740306E-04   9.3813127E-04   9.0699793E-06  -1.2018516E-05
 -1.6711168E-05   1.6467114E-04  -1.2596704E-05  -2.0718837E-04  -3.8086806E-04  -3.0272958E-03  -3.1308594E-03  -5.4934446E-05   1.2849135E+01  -6.8778204E+00  -7.8489832E+00  -1.9717266E+00  -3.4976815E+00  -1.0695147E-01  -1.3067606E-01   3.6928464E-02   7.4812345E+00   6.1028426E-03   3.8322747E-03  -5.0814978E-03  -4.3035694E-02  -3.4088559E-04   9.6057855E-05
  1.5500068E-06  -3.1676212E-06   6.4533904E-07   1.8173221E-05   4.5616970E-05   1.5546601E-05  -7.2752578E-05   7.3518116E-06  -1.2765198E-01  -1.4739971E-02  -7.7464239E-02   3.2352927E-02  -9.6467131E-03  -1.9681654E-04   3.6514660E-04   4.7358785E-04   6.1028426E-03   3.8333275E-02   3.4073152E-03  -2.6108471E-05   9.1676510E-04   3.4248588E-05  -8.0012910E-07
  1.2187923E-06  -1.6346441E-06   9.7569923E-08   7.4276011E-06  -6.8778105E-05  -2.0087152E-05  -6.1136906E-05   1.5976323E-06   3.5351544E-01  -2.2183727E-01  -3.1834416E-01   1.8123299E-01  -1.1605320E-02  -1.3804735E-03   6.2598331E-03   2.1113265E-04   3.8322747E-03   3.4073152E-03   3.0579783E-02  -7.6293712E-04   5.4757501E-03  -7.8769345E-05  -3.9486161E-05
  6.7944398E-07  -2.7440274E-06   7.0070954E-07   5.7077402E-06   2.7942232E-05   4.5044074E-05   4.5547437E-05   8.4959363E-06  -3.0287057E-01   1.9406709E-02   6.0140420E-01  -4.8185481E-01   1.1133194E-02  -2.2530566E-03  -8.9103630E-04   8.8740306E-04  -5.0814978E-03  -2.6108471E-05  -7.6293712E-04   1.0817809E-02   8.7013739E-03   5.5875974E-06   5.8584566E-05
  6.5291509E-07  -8.3222716E-08   3.3600332E-07   5.7794005E-06   3.2591972E-06  -6.6093304E-06  -2.2154798E-05  -1.8125550E-06  -2.2323387E-01   4.0527623E-02   3.0599531E-02  -1.4230170E-01   5.2115530E-02   5.5946809E-03  -1.8481904E-02   9.3813127E-04  -4.3035694E-02   9.1676510E-04   5.4757501E-03   8.7013739E-03   2.7016343E-02  -3.9986682E-07   5.5641349E-05
  7.6917574E-09  -4.7155476E-08   3.4902228E-09  -2.9499895E-08   5.7020986E-07  -3.2783268E-07  -3.8540448E-07  -8.8356897E-09   6.5894897E-03   8.5440384E-04   1.5936014E-03  -5.2101984E-04   4.4380703E-04   1.4615970E-05  -5.6934454E-06   9.0699793E-06  -3.4088559E-04   3.4248588E-05  -7.8769345E-05   5.5875974E-06  -3.9986682E-07   1.0993239E-06   6.7342388E-08
 -7.0608612E-09   7.9427493E-08  -2.9106398E-09  -1.4152164E-07   1.2895758E-08  -7.0941105E-07  -9.2150899E-07  -5.7861924E-08   4.0138371E-03   9.7223575E-04  -8.3210879E-03   3.5920181E-03  -2.0583916E-04  -3.7741182E-05   9.9940391E-05  -1.2018516E-05   9.6057855E-05  -8.0012910E-07  -3.9486161E-05   5.8584566E-05   5.5641349E-05   6.7342388E-08   2.4782614E-06
