# omegabh2 omegach2 theta tau logA ns calPlanck
  5.0900047E-08  -7.0150884E-08   1.4602776E-08   1.9978163E-07   7.1759054E-07   1.1368189E-06  -4.2222194E-09
 -7.0150884E-08   1.2654500E-06   6.0848732E-10  -2.6104589E-06  -3.9094152E-06  -4.4239880E-06  -1.6652764E-07
  1.4602776E-08   6.0848732E-10   2.1404044E-07   1.6757294E-07   6.3868668E-07   4.1388965E-07   2.1470917E-08
  1.9978163E-07  -2.6104589E-06   1.6757294E-07   5.3161214E-05   9.6674584E-05   1.2686958E-05  -4.2563565E-07
  7.1759054E-07  -3.9094152E-06   6.3868668E-07   9.6674584E-05   2.2307601E-04   3.1962852E-05   1.0160304E-05
  1.1368189E-06  -4.4239880E-06   4.1388965E-07   1.2686958E-05   3.1962852E-05   9.8848962E-05  -3.2798728E-07
 -4.2222194E-09  -1.6652764E-07   2.1470917E-08  -4.2563565E-07   1.0160304E-05  -3.2798728E-07   6.0880717E-06
