# omegabh2 omegach2 theta mnu logA ns
  2.5776779E-07   3.1491962E-08  -7.2555533E-07  -7.7812534E-06   1.6817010E-07   9.1702119E-08
  3.1491962E-08   1.3272874E-03   1.5695465E-03   4.5928631E-02  -5.8238341E-03  -1.1517910E-04
 -7.2555533E-07   1.5695465E-03   4.2621935E-03   4.8928550E-02  -1.8763631E-03  -4.5210142E-05
 -7.7812534E-06   4.5928631E-02   4.8928550E-02   1.8155240E+00  -2.0435525E-01  -8.0299760E-04
  1.6817010E-07  -5.8238341E-03  -1.8763631E-03  -2.0435525E-01   3.7755494E-02   1.0319898E-03
  9.1702119E-08  -1.1517910E-04  -4.5210142E-05  -8.0299760E-04   1.0319898E-03   4.1035880E-04
