# omegabh2 omegach2 theta tau omegak logA ns calPlanck acib217 xi asz143 aps100 aps143 aps143217 aps217 aksz kgal100 kgal143 kgal143217 kgal217 galfTE100 galfTE100143 galfTE100217 galfTE143 galfTE143217 galfTE217 cal0 cal2
  2.3410897E-08  -1.2706077E-07   1.9104260E-08   1.5001485E-07  -1.3482538E-07   9.5870888E-08   3.1576228E-07   6.9830579E-09  -7.3733258E-05   1.2783123E-06   2.4732886E-05  -3.4048347E-04  -2.5305647E-04  -9.5456605E-05  -2.7462373E-05  -3.7832576E-05  -2.3089044E-06  -1.8916672E-06   4.3914198E-06   3.2550506E-05  -9.6437845E-08  -5.0731852E-08  -1.1873869E-07  -2.6283253E-07  -5.6065367E-07  -3.0155593E-06   3.7597938E-09  -7.4463886E-11
 -1.2706077E-07   1.9914495E-06  -1.7015118E-07  -1.8267862E-06   1.8938380E-06   9.1980046E-07  -4.5589230E-06  -9.8074277E-08   1.4311808E-04   5.4300713E-09  -9.3396795E-05   1.0585049E-03   1.3970293E-03   9.8231265E-04   7.4862059E-04   3.4278620E-05   1.1723130E-05  -7.8253186E-05  -9.4243588E-05  -1.6134760E-04   1.0080053E-06   7.3226890E-07  -9.7367294E-07   2.2905921E-06   3.9356865E-06   2.2151507E-05   2.2393152E-09   8.2842287E-09
  1.9104260E-08  -1.7015118E-07   9.8605113E-08   1.9151014E-07  -2.3597919E-07   1.0136420E-07   5.1494284E-07   1.8532916E-08  -2.1258476E-05   8.0826377E-08   1.6202306E-06  -3.6840654E-05  -1.3916363E-04  -1.3197340E-04  -7.3896607E-05   2.4639640E-06   1.1307365E-05   1.6319039E-05   1.3803136E-05   1.2773315E-05  -2.3096451E-07  -1.0999496E-07   1.4663712E-07  -3.6297533E-07  -7.1439575E-07  -4.2943595E-06   1.5371630E-09  -2.1963953E-09
  1.5001485E-07  -1.8267862E-06   1.9151014E-07   4.8166541E-05  -1.3721926E-06   9.1032242E-05   6.6476073E-06  -3.6759303E-07  -2.2511384E-03   3.1494235E-05   3.4500240E-04  -7.1462817E-03  -3.7196344E-03  -1.3798103E-03   6.3412649E-04  -7.5187947E-04   7.5175820E-05   1.7333354E-05   3.8406898E-04   1.5612041E-03   2.1801012E-06   6.0358941E-07   7.6167597E-06   1.0705758E-06  -2.7752482E-06  -3.9373725E-05   4.4671789E-08  -3.5192886E-08
 -1.3482538E-07   1.8938380E-06  -2.3597919E-07  -1.3721926E-06   3.7087621E-06   1.5714455E-06  -4.2834353E-06  -2.9510347E-08   1.7804945E-04  -4.9658278E-06  -6.6054672E-05   5.9507685E-04   1.4966322E-03   1.0396033E-03   7.4645259E-04   1.4068773E-05   4.3541679E-05  -1.0607650E-04  -5.7080478E-05  -1.7397922E-05   1.6293958E-06   1.0207952E-06   1.4986940E-07   2.6561462E-06   3.7611332E-06   2.3707033E-05  -6.3439593E-09   2.7235357E-08
  9.5870888E-08   9.1980046E-07   1.0136420E-07   9.1032242E-05   1.5714455E-06   2.1191468E-04   1.3529598E-06   1.2145425E-05  -4.3847233E-03   9.0376545E-05   4.7701406E-04  -9.0820459E-03  -3.2854869E-03   1.8240045E-03   8.8646793E-03  -2.3489387E-03  -2.2889497E-04  -7.4521856E-04  -2.2534038E-05   4.3203018E-03   8.4497945E-06   2.8234180E-06   7.3874964E-06   7.4518161E-06   1.5143898E-06  -2.9032293E-05   2.1591583E-07  -5.7296625E-08
  3.1576228E-07  -4.5589230E-06   5.1494284E-07   6.6476073E-06  -4.2834353E-06   1.3529598E-06   1.9630290E-05   1.6342277E-07  -4.1265484E-03   8.3840266E-05   9.6053385E-04  -2.2303392E-02  -7.8103525E-03  -9.0324221E-05   3.2229803E-03  -2.1570407E-03   2.1763387E-04  -2.7989465E-04  -2.8369358E-04   1.1187984E-03  -2.7473818E-06  -2.6442321E-07   4.9287214E-06  -7.9827302E-07  -8.5383187E-06  -4.4667894E-05  -5.0256605E-08  -1.0414844E-07
  6.9830579E-09  -9.8074277E-08   1.8532916E-08  -3.6759303E-07  -2.9510347E-08   1.2145425E-05   1.6342277E-07   6.4248154E-06   6.9059264E-04  -7.9483185E-06  -2.3620823E-05   3.8715557E-03   4.8624135E-04   2.8176315E-04   1.3632987E-03  -4.3018537E-05  -4.6907259E-05  -1.7199656E-05  -7.5216731E-05   7.5721269E-04   1.0712577E-06   5.6905648E-08  -1.5766985E-06   8.5085152E-07  -4.2510297E-07   2.8792824E-06  -1.2053533E-08   5.4675337E-10
 -7.3733258E-05   1.4311808E-04  -2.1258476E-05  -2.2511384E-03   1.7804945E-04  -4.3847233E-03  -4.1265484E-03   6.9059264E-04   4.4014373E+01  -3.9797985E-01  -8.5565514E-01   3.4464743E+01   6.6200516E-01  -1.4049942E+01  -5.4627797E+01  -1.4764709E-01   9.7439504E-02   6.9022093E-01  -5.7608761E+00  -3.3025122E+01  -1.8307290E-05  -1.2793602E-03   6.2296334E-03  -4.5098799E-03   8.7229618E-03  -1.4477019E-02  -3.1128910E-04   7.2172225E-04
  1.2783123E-06   5.4300713E-09   8.0826377E-08   3.1494235E-05  -4.9658278E-06   9.0376545E-05   8.3840266E-05  -7.9483185E-06  -3.9797985E-01   8.2188806E-02  -4.8848312E-02  -6.0046062E-01   9.4484729E-01   1.6741934E+00   6.2148031E-01   4.5017919E-02  -1.8645085E-03   1.0621689E-02   1.2211826E-01   1.7473333E-01  -1.6606450E-04  -1.4188845E-04   3.5592972E-04  -9.8416972E-05  -7.2562766E-05   6.8562933E-04   4.3983440E-06  -2.2103994E-06
  2.4732886E-05  -9.3396795E-05   1.6202306E-06   3.4500240E-04  -6.6054672E-05   4.7701406E-04   9.6053385E-04  -2.3620823E-05  -8.5565514E-01  -4.8848312E-02   3.8480890E+00  -3.0043195E+01  -3.1357569E+00   7.6903091E+00   5.3444380E+00  -2.7339442E+00  -2.2077080E-01   1.2210934E-01   2.6455348E+00   3.2950235E+00  -4.4025864E-04   2.1074831E-04   2.9897456E-04  -6.1603866E-04  -2.9764544E-03  -4.3462350E-03   1.2420171E-04  -3.6294170E-05
 -3.4048347E-04   1.0585049E-03  -3.6840654E-05  -7.1462817E-03   5.9507685E-04  -9.0820459E-03  -2.2303392E-02   3.8715557E-03   3.4464743E+01  -6.0046062E-01  -3.0043195E+01   7.6604472E+02   6.3793209E+01  -5.7008088E+01  -5.8480797E+01   1.4036024E+01  -5.9753361E+00   6.4130395E+00  -1.2401863E+01  -2.4142972E+01   6.2168163E-03  -4.3529223E-03   2.1017016E-02  -1.9501962E-03   3.8992372E-02   9.7867367E-02   3.4319482E-03   4.6511164E-04
 -2.5305647E-04   1.3970293E-03  -1.3916363E-04  -3.7196344E-03   1.4966322E-03  -3.2854869E-03  -7.8103525E-03   4.8624135E-04   6.6200516E-01   9.4484729E-01  -3.1357569E+00   6.3793209E+01   6.1047898E+01   4.0833385E+01   1.6427346E+01  -4.7926876E+00  -2.5797181E-01  -1.3288476E+00   3.5910519E+00   4.8363855E+00  -2.6932988E-03  -9.4987293E-04   3.4255410E-03  -3.4418005E-03   1.0088613E-02   6.0109040E-02   6.0157935E-06   5.7891050E-05
 -9.5456605E-05   9.8231265E-04  -1.3197340E-04  -1.3798103E-03   1.0396033E-03   1.8240045E-03  -9.0324221E-05   2.8176315E-04  -1.4049942E+01   1.6741934E+00   7.6903091E+00  -5.7008088E+01   4.0833385E+01   8.5504446E+01   5.4030721E+01  -1.1817251E+01  -7.6117473E-01  -8.1534854E-01   5.3022865E+00   9.4575781E+00  -4.5779166E-03  -1.2965656E-03   4.6103754E-03  -1.1986602E-03   7.7811316E-04   5.2315811E-02   4.5696874E-04  -4.0587321E-04
 -2.7462373E-05   7.4862059E-04  -7.3896607E-05   6.3412649E-04   7.4645259E-04   8.8646793E-03   3.2229803E-03   1.3632987E-03  -5.4627797E+01   6.2148031E-01   5.3444380E+00  -5.8480797E+01   1.6427346E+01   5.4030721E+01   1.0311115E+02  -9.1833014E+00  -5.2709742E-01  -1.4862847E+00   5.5165886E+00   3.3746934E+01  -6.5974326E-04   3.0331245E-03  -1.2133273E-02   7.7200083E-03  -1.6435363E-03   5.3238601E-02   6.0004070E-04  -1.3236826E-03
 -3.7832576E-05   3.4278620E-05   2.4639640E-06  -7.5187947E-04   1.4068773E-05  -2.3489387E-03  -2.1570407E-03  -4.3018537E-05  -1.4764709E-01   4.5017919E-02  -2.7339442E+00   1.4036024E+01  -4.7926876E+00  -1.1817251E+01  -9.1833014E+00   5.8981163E+00   1.3636655E-01  -1.7604750E-01  -2.1046870E+00  -2.3489815E+00   4.7056792E-04  -2.3489923E-04  -1.9705126E-04   9.9693132E-04  -3.7072707E-04  -6.2241122E-03  -8.6228768E-05   4.6443008E-06
 -2.3089044E-06   1.1723130E-05   1.1307365E-05   7.5175820E-05   4.3541679E-05  -2.2889497E-04   2.1763387E-04  -4.6907259E-05   9.7439504E-02  -1.8645085E-03  -2.2077080E-01  -5.9753361E+00  -2.5797181E-01  -7.6117473E-01  -5.2709742E-01   1.3636655E-01   3.3289895E+00   5.1461726E-01   1.8939675E-01   2.6536798E-01  -1.6864567E-03   2.6704712E-04   1.5779482E-03   9.2175748E-04  -9.1100913E-04  -3.6894638E-03   1.7706320E-04   1.1412970E-05
 -1.8916672E-06  -7.8253186E-05   1.6319039E-05   1.7333354E-05  -1.0607650E-04  -7.4521856E-04  -2.7989465E-04  -1.7199656E-05   6.9022093E-01   1.0621689E-02   1.2210934E-01   6.4130395E+00  -1.3288476E+00  -8.1534854E-01  -1.4862847E+00  -1.7604750E-01   5.1461726E-01   3.2434138E+00   2.7571712E+00   2.6996773E+00   2.6516573E-04   4.8889470E-05  -3.1558846E-04   1.0392200E-03   1.3660315E-03  -3.4111404E-03  -1.8890205E-04  -3.3059590E-05
  4.3914198E-06  -9.4243588E-05   1.3803136E-05   3.8406898E-04  -5.7080478E-05  -2.2534038E-05  -2.8369358E-04  -7.5216731E-05  -5.7608761E+00   1.2211826E-01   2.6455348E+00  -1.2401863E+01   3.5910519E+00   5.3022865E+00   5.5165886E+00  -2.1046870E+00   1.8939675E-01   2.7571712E+00   1.0863147E+01   1.9202232E+01  -2.5540524E-04  -1.0664116E-04   1.1615031E-04  -1.4593173E-03  -5.1304016E-03   3.0554125E-03  -1.4957372E-05   4.0088281E-04
  3.2550506E-05  -1.6134760E-04   1.2773315E-05   1.5612041E-03  -1.7397922E-05   4.3203018E-03   1.1187984E-03   7.5721269E-04  -3.3025122E+01   1.7473333E-01   3.2950235E+00  -2.4142972E+01   4.8363855E+00   9.4575781E+00   3.3746934E+01  -2.3489815E+00   2.6536798E-01   2.6996773E+00   1.9202232E+01   5.3053125E+01   1.4569233E-03   3.9385643E-04  -3.9797003E-03  -9.3795604E-05  -1.5021229E-02   1.1100580E-02   1.4737686E-04   9.0653379E-04
 -9.6437845E-08   1.0080053E-06  -2.3096451E-07   2.1801012E-06   1.6293958E-06   8.4497945E-06  -2.7473818E-06   1.0712577E-06  -1.8307290E-05  -1.6606450E-04  -4.4025864E-04   6.2168163E-03  -2.6932988E-03  -4.5779166E-03  -6.5974326E-04   4.7056792E-04  -1.6864567E-03   2.6516573E-04  -2.5540524E-04   1.4569233E-03   1.4843003E-03   2.8597302E-04   1.3334531E-04  -3.7497999E-04  -1.2965691E-04  -1.5152533E-04   2.3640546E-08   2.0952131E-07
 -5.0731852E-08   7.3226890E-07  -1.0999496E-07   6.0358941E-07   1.0207952E-06   2.8234180E-06  -2.6442321E-07   5.6905648E-08  -1.2793602E-03  -1.4188845E-04   2.1074831E-04  -4.3529223E-03  -9.4987293E-04  -1.2965656E-03   3.0331245E-03  -2.3489923E-04   2.6704712E-04   4.8889470E-05  -1.0664116E-04   3.9385643E-04   2.8597302E-04   8.6989051E-04   5.7964278E-05   7.4824445E-04   6.3775770E-05  -5.7737416E-04  -1.0532192E-08  -8.2735120E-09
 -1.1873869E-07  -9.7367294E-07   1.4663712E-07   7.6167597E-06   1.4986940E-07   7.3874964E-06   4.9287214E-06  -1.5766985E-06   6.2296334E-03   3.5592972E-04   2.9897456E-04   2.1017016E-02   3.4255410E-03   4.6103754E-03  -1.2133273E-02  -1.9705126E-04   1.5779482E-03  -3.1558846E-04   1.1615031E-04  -3.9797003E-03   1.3334531E-04   5.7964278E-05   7.1528146E-03  -3.2589359E-04   7.2332555E-04   4.4183372E-03   1.0676882E-06   1.7663714E-07
 -2.6283253E-07   2.2905921E-06  -3.6297533E-07   1.0705758E-06   2.6561462E-06   7.4518161E-06  -7.9827302E-07   8.5085152E-07  -4.5098799E-03  -9.8416972E-05  -6.1603866E-04  -1.9501962E-03  -3.4418005E-03  -1.1986602E-03   7.7200083E-03   9.9693132E-04   9.2175748E-04   1.0392200E-03  -1.4593173E-03  -9.3795604E-05  -3.7497999E-04   7.4824445E-04  -3.2589359E-04   2.9268729E-03   5.5152425E-04  -8.8980899E-04   6.3971460E-09  -4.2505373E-08
 -5.6065367E-07   3.9356865E-06  -7.1439575E-07  -2.7752482E-06   3.7611332E-06   1.5143898E-06  -8.5383187E-06  -4.2510297E-07   8.7229618E-03  -7.2562766E-05  -2.9764544E-03   3.8992372E-02   1.0088613E-02   7.7811316E-04  -1.6435363E-03  -3.7072707E-04  -9.1100913E-04   1.3660315E-03  -5.1304016E-03  -1.5021229E-02  -1.2965691E-04   6.3775770E-05   7.2332555E-04   5.5152425E-04   6.3864518E-03   7.9086741E-03  -2.1795087E-07   3.2591497E-07
 -3.0155593E-06   2.2151507E-05  -4.2943595E-06  -3.9373725E-05   2.3707033E-05  -2.9032293E-05  -4.4667894E-05   2.8792824E-06  -1.4477019E-02   6.8562933E-04  -4.3462350E-03   9.7867367E-02   6.0109040E-02   5.2315811E-02   5.3238601E-02  -6.2241122E-03  -3.6894638E-03  -3.4111404E-03   3.0554125E-03   1.1100580E-02  -1.5152533E-04  -5.7737416E-04   4.4183372E-03  -8.8980899E-04   7.9086741E-03   7.1281083E-02   1.3244442E-06  -6.4890056E-07
  3.7597938E-09   2.2393152E-09   1.5371630E-09   4.4671789E-08  -6.3439593E-09   2.1591583E-07  -5.0256605E-08  -1.2053533E-08  -3.1128910E-04   4.3983440E-06   1.2420171E-04   3.4319482E-03   6.0157935E-06   4.5696874E-04   6.0004070E-04  -8.6228768E-05   1.7706320E-04  -1.8890205E-04  -1.4957372E-05   1.4737686E-04   2.3640546E-08  -1.0532192E-08   1.0676882E-06   6.3971460E-09  -2.1795087E-07   1.3244442E-06   3.8019792E-07  -5.4129425E-10
 -7.4463886E-11   8.2842287E-09  -2.1963953E-09  -3.5192886E-08   2.7235357E-08  -5.7296625E-08  -1.0414844E-07   5.4675337E-10   7.2172225E-04  -2.2103994E-06  -3.6294170E-05   4.6511164E-04   5.7891050E-05  -4.0587321E-04  -1.3236826E-03   4.6443008E-06   1.1412970E-05  -3.3059590E-05   4.0088281E-04   9.0653379E-04   2.0952131E-07  -8.2735120E-09   1.7663714E-07  -4.2505373E-08   3.2591497E-07  -6.4890056E-07  -5.4129425E-10   3.8454353E-07
