# omegabh2 omegach2 theta tau omegak logA ns calPlanck alpha_JLA beta_JLA acib217 xi asz143 aps100 aps143 aps143217 aps217 aksz kgal100 kgal143 kgal143217 kgal217 cal0 cal2
  5.1089651E-08  -2.4668951E-07   4.8168657E-08   4.5129830E-07  -2.9687160E-07   5.5064270E-07   6.8377956E-07   4.6548378E-08   2.0572766E-10   2.5212713E-07  -1.5836870E-04   3.4080655E-06   4.4534502E-05  -8.5062474E-04  -5.2852435E-04  -2.2656838E-04  -7.4098893E-05  -6.3988237E-05  -1.1056659E-05  -4.3480346E-06  -3.4108727E-06   4.7621438E-05   7.1299742E-10  -4.9911052E-09
 -2.4668951E-07   4.0053568E-06  -4.1917401E-07  -5.0568208E-06   4.1881135E-06  -2.1749170E-06  -8.9412628E-06  -5.3158319E-07   1.2893042E-07   2.6067798E-06   5.9052167E-04  -2.9102002E-05  -1.4809624E-04   2.8197481E-03   1.9150787E-03   8.4429398E-04   3.9667851E-04   2.5695502E-04   1.5214323E-04   1.6649100E-05  -9.5969065E-05  -3.4962984E-04  -1.9253335E-08   9.9201921E-09
  4.8168657E-08  -4.1917401E-07   2.1068300E-07   5.6450932E-07  -6.0043403E-07   5.4515859E-07   1.2319421E-06   7.9973700E-08  -9.5645796E-09  -8.0356072E-07  -2.5331457E-05  -2.9009124E-07   2.9831988E-05  -3.7810531E-04  -3.5327437E-04  -2.0494181E-04  -1.4116114E-04  -5.7652884E-05  -3.8134736E-05  -3.9531492E-06   8.3219131E-06   4.8577023E-05  -8.0237561E-09   3.1273463E-09
  4.5129830E-07  -5.0568208E-06   5.6450932E-07   4.8101210E-05  -4.4004160E-06   8.1571573E-05   1.3456001E-05  -1.2020771E-06  -8.2364163E-07  -4.2046865E-06  -2.0666984E-03   4.2648013E-05   5.2097581E-04  -8.8358463E-03  -5.5013789E-03  -2.0524530E-03  -9.0505812E-04  -6.7191848E-04  -2.6071709E-04   1.8612438E-04  -1.0073792E-04   1.4847955E-04   3.6792451E-08  -1.5890049E-07
 -2.9687160E-07   4.1881135E-06  -6.0043403E-07  -4.4004160E-06   5.9477021E-06  -3.7122074E-07  -9.7562342E-06  -4.1585643E-07   4.6346337E-07   3.4896564E-06   5.0409301E-04  -2.4147097E-05  -2.9450747E-04   4.5553678E-03   2.6174535E-03   1.1697242E-03   8.8375985E-04   3.6874548E-04   1.8728994E-04   3.8928807E-05  -2.1209259E-04  -5.0479848E-04  -2.6382042E-08  -1.7997489E-08
  5.5064270E-07  -2.1749170E-06   5.4515859E-07   8.1571573E-05  -3.7122074E-07   1.7976655E-04   7.9547290E-06   9.6452986E-06  -8.9733993E-07   6.9611865E-06  -2.3594808E-03   4.4161000E-05   6.7150610E-04  -1.0614764E-02  -7.4459618E-03  -1.1032111E-03   2.8602236E-03  -1.3769594E-03  -8.3030066E-04  -3.7669115E-04  -1.7943475E-03  -2.9049435E-04   2.3239848E-08  -2.3668160E-07
  6.8377956E-07  -8.9412628E-06   1.2319421E-06   1.3456001E-05  -9.7562342E-06   7.9547290E-06   3.0212493E-05   1.3030155E-06  -6.3481308E-07  -2.6416133E-06  -5.7086695E-03   1.6085131E-04   1.2941281E-03  -3.0430020E-02  -1.0076640E-02   8.1946658E-04   5.0171236E-03  -3.0154928E-03  -1.5767118E-06  -4.5193045E-04  -3.4934969E-04   1.9668038E-03  -6.4765729E-08  -1.1505331E-07
  4.6548378E-08  -5.3158319E-07   7.9973700E-08  -1.2020771E-06  -4.1585643E-07   9.6452986E-06   1.3030155E-06   6.5664023E-06   1.4352569E-07   4.5131083E-06   9.9195383E-04  -8.8014650E-06  -2.5609024E-05   2.5018603E-03  -2.1930758E-04  -1.9876728E-04   5.1906035E-04   1.1375693E-04  -1.3950436E-04  -5.3699697E-05  -3.8336889E-04   1.9278050E-04  -8.6520590E-08   2.8573047E-08
  2.0572766E-10   1.2893042E-07  -9.5645796E-09  -8.2364163E-07   4.6346337E-07  -8.9733993E-07  -6.3481308E-07   1.4352569E-07   4.2583969E-05  -4.0138043E-05   1.4491108E-04  -3.4477353E-05  -3.2689880E-04   6.9176256E-03   5.5083518E-04  -6.3895341E-04   5.8649390E-04  -5.3456502E-05  -1.5186241E-04  -1.5793668E-04  -4.1871589E-04  -4.2134992E-04  -8.3766122E-08  -1.5956350E-08
  2.5212713E-07   2.6067798E-06  -8.0356072E-07  -4.2046865E-06   3.4896564E-06   6.9611865E-06  -2.6416133E-06   4.5131083E-06  -4.0138043E-05   6.4287006E-03  -1.8832342E-02   7.2871424E-04   1.7074578E-04  -1.8480003E-02  -8.3786603E-03   6.7017845E-03   1.7824097E-02   4.5482029E-03  -6.6442553E-04  -1.2138780E-03   1.3903084E-03   1.3114264E-02   7.3950526E-07  -2.7058647E-08
 -1.5836870E-04   5.9052167E-04  -2.5331457E-05  -2.0666984E-03   5.0409301E-04  -2.3594808E-03  -5.7086695E-03   9.9195383E-04   1.4491108E-04  -1.8832342E-02   4.4880733E+01  -4.2359700E-01  -4.6375829E-01   3.3405698E+01   1.0774950E+00  -1.2817660E+01  -5.4561213E+01  -1.5633875E-01  -1.8125835E-01   3.8569478E-01  -6.0736188E+00  -3.3695506E+01  -2.6429171E-04   8.2962642E-04
  3.4080655E-06  -2.9102002E-05  -2.9009124E-07   4.2648013E-05  -2.4147097E-05   4.4161000E-05   1.6085131E-04  -8.8014650E-06  -3.4477353E-05   7.2871424E-04  -4.2359700E-01   8.2439159E-02  -3.6463845E-02  -8.4205658E-01   8.3892152E-01   1.6524780E+00   6.2005513E-01   5.3642741E-02   6.8104929E-03   8.4672369E-03   1.1090815E-01   1.6186357E-01   1.0503951E-05  -3.6181987E-06
  4.4534502E-05  -1.4809624E-04   2.9831988E-05   5.2097581E-04  -2.9450747E-04   6.7150610E-04   1.2941281E-03  -2.5609024E-05  -3.2689880E-04   1.7074578E-04  -4.6375829E-01  -3.6463845E-02   3.9116180E+00  -3.0673042E+01  -3.6043687E+00   7.7473568E+00   4.9778228E+00  -2.9189670E+00  -1.9904668E-01   2.1160127E-01   2.7678307E+00   3.2132040E+00   8.8865162E-05  -5.3898965E-06
 -8.5062474E-04   2.8197481E-03  -3.7810531E-04  -8.8358463E-03   4.5553678E-03  -1.0614764E-02  -3.0430020E-02   2.5018603E-03   6.9176256E-03  -1.8480003E-02   3.3405698E+01  -8.4205658E-01  -3.0673042E+01   7.8106475E+02   7.0430319E+01  -5.9443433E+01  -5.7061741E+01   1.6059739E+01  -5.4051747E+00   5.4328624E+00  -1.4166416E+01  -2.6373843E+01   4.0014005E-03   2.3484659E-04
 -5.2852435E-04   1.9150787E-03  -3.5327437E-04  -5.5013789E-03   2.6174535E-03  -7.4459618E-03  -1.0076640E-02  -2.1930758E-04   5.5083518E-04  -8.3786603E-03   1.0774950E+00   8.3892152E-01  -3.6043687E+00   7.0430319E+01   6.2460057E+01   4.0092552E+01   1.7393734E+01  -4.3937341E+00   8.0954933E-02  -1.1754118E+00   3.1023814E+00   3.8820092E+00   1.8657176E-04   1.1819247E-04
 -2.2656838E-04   8.4429398E-04  -2.0494181E-04  -2.0524530E-03   1.1697242E-03  -1.1032111E-03   8.1946658E-04  -1.9876728E-04  -6.3895341E-04   6.7017845E-03  -1.2817660E+01   1.6524780E+00   7.7473568E+00  -5.9443433E+01   4.0092552E+01   8.5628801E+01   5.4386589E+01  -1.2491981E+01  -1.9390857E-01  -5.3570408E-01   5.4981550E+00   8.5284911E+00   4.9183005E-04  -2.9248461E-04
 -7.4098893E-05   3.9667851E-04  -1.4116114E-04  -9.0505812E-04   8.8375985E-04   2.8602236E-03   5.0171236E-03   5.1906035E-04   5.8649390E-04   1.7824097E-02  -5.4561213E+01   6.2005513E-01   4.9778228E+00  -5.7061741E+01   1.7393734E+01   5.4386589E+01   1.0434070E+02  -9.9839865E+00  -1.6290367E-02  -9.5486551E-01   6.1197305E+00   3.3830219E+01   4.9168656E-04  -1.3517402E-03
 -6.3988237E-05   2.5695502E-04  -5.7652884E-05  -6.7191848E-04   3.6874548E-04  -1.3769594E-03  -3.0154928E-03   1.1375693E-04  -5.3456502E-05   4.5482029E-03  -1.5633875E-01   5.3642741E-02  -2.9189670E+00   1.6059739E+01  -4.3937341E+00  -1.2491981E+01  -9.9839865E+00   6.4026095E+00   1.8046805E-02  -1.7838435E-01  -2.0377494E+00  -2.1849424E+00  -7.6671430E-05  -1.9611621E-05
 -1.1056659E-05   1.5214323E-04  -3.8134736E-05  -2.6071709E-04   1.8728994E-04  -8.3030066E-04  -1.5767118E-06  -1.3950436E-04  -1.5186241E-04  -6.6442553E-04  -1.8125835E-01   6.8104929E-03  -1.9904668E-01  -5.4051747E+00   8.0954933E-02  -1.9390857E-01  -1.6290367E-02   1.8046805E-02   3.2679078E+00   5.7024918E-01   2.3047768E-01   3.4472494E-01   1.7298721E-04  -2.4799846E-05
 -4.3480346E-06   1.6649100E-05  -3.9531492E-06   1.8612438E-04   3.8928807E-05  -3.7669115E-04  -4.5193045E-04  -5.3699697E-05  -1.5793668E-04  -1.2138780E-03   3.8569478E-01   8.4672369E-03   2.1160127E-01   5.4328624E+00  -1.1754118E+00  -5.3570408E-01  -9.5486551E-01  -1.7838435E-01   5.7024918E-01   3.2516087E+00   2.8767305E+00   2.9041534E+00  -2.0610121E-04  -6.3045177E-05
 -3.4108727E-06  -9.5969065E-05   8.3219131E-06  -1.0073792E-04  -2.1209259E-04  -1.7943475E-03  -3.4934969E-04  -3.8336889E-04  -4.1871589E-04   1.3903084E-03  -6.0736188E+00   1.1090815E-01   2.7678307E+00  -1.4166416E+01   3.1023814E+00   5.4981550E+00   6.1197305E+00  -2.0377494E+00   2.3047768E-01   2.8767305E+00   1.0837706E+01   1.9162433E+01  -3.0227760E-05   3.7185733E-04
  4.7621438E-05  -3.4962984E-04   4.8577023E-05   1.4847955E-04  -5.0479848E-04  -2.9049435E-04   1.9668038E-03   1.9278050E-04  -4.2134992E-04   1.3114264E-02  -3.3695506E+01   1.6186357E-01   3.2132040E+00  -2.6373843E+01   3.8820092E+00   8.5284911E+00   3.3830219E+01  -2.1849424E+00   3.4472494E-01   2.9041534E+00   1.9162433E+01   5.3119963E+01   7.8596177E-05   8.2766106E-04
  7.1299742E-10  -1.9253335E-08  -8.0237561E-09   3.6792451E-08  -2.6382042E-08   2.3239848E-08  -6.4765729E-08  -8.6520590E-08  -8.3766122E-08   7.3950526E-07  -2.6429171E-04   1.0503951E-05   8.8865162E-05   4.0014005E-03   1.8657176E-04   4.9183005E-04   4.9168656E-04  -7.6671430E-05   1.7298721E-04  -2.0610121E-04  -3.0227760E-05   7.8596177E-05   3.9559432E-07   6.7035852E-09
 -4.9911052E-09   9.9201921E-09   3.1273463E-09  -1.5890049E-07  -1.7997489E-08  -2.3668160E-07  -1.1505331E-07   2.8573047E-08  -1.5956350E-08  -2.7058647E-08   8.2962642E-04  -3.6181987E-06  -5.3898965E-06   2.3484659E-04   1.1819247E-04  -2.9248461E-04  -1.3517402E-03  -1.9611621E-05  -2.4799846E-05  -6.3045177E-05   3.7185733E-04   8.2766106E-04   6.7035852E-09   3.9002027E-07
