# omegabh2 omegach2 theta tau logA ns nrun nrunrun calPlanck acib217 xi asz143 aps100 aps143 aps143217 aps217 aksz kgal100 kgal143 kgal143217 kgal217 galfTE100 galfTE100143 galfTE100217 galfTE143 galfTE143217 galfTE217 cal0 cal2
  2.5545374E-08  -1.0580661E-07   1.7578472E-08   3.7304854E-07   7.2806097E-07   3.0653676E-07  -5.9609141E-07  -5.4434326E-07   2.0481531E-08   1.8076772E-05   5.5940742E-07   2.7665495E-06  -2.8559761E-05   1.0523802E-05   2.0518125E-05   1.0583513E-06  -1.0269302E-05   3.5881623E-06  -2.4105618E-06  -5.3668644E-06  -2.5878297E-05  -6.6642305E-08  -6.9461666E-08  -3.7846700E-07  -4.5860220E-07  -4.5944591E-07  -2.7013093E-06   2.7364564E-09   1.1332299E-09
 -1.0580661E-07   1.5247528E-06  -1.3054108E-07  -4.2289228E-06  -5.7648960E-06  -3.9829925E-06   8.2963585E-07   2.3559945E-06  -3.7991477E-07  -7.3896767E-05   2.7617088E-06  -7.7753661E-05   7.9508818E-04   6.8645800E-04   2.5811424E-04   1.1170811E-04   1.1973473E-04   4.6389553E-05   4.2675682E-05   1.1770874E-04   2.7506630E-04   1.5712860E-06   4.7981577E-07   3.7006690E-06   2.9658369E-06   2.3033188E-06   1.6372076E-05   3.4673813E-09   1.8417004E-08
  1.7578472E-08  -1.3054108E-07   8.8247159E-08   4.4693335E-07   7.5991152E-07   4.3895892E-07  -1.4924995E-07  -2.0826816E-07   3.4798963E-08   4.6936499E-05  -3.2519065E-07  -3.4024040E-07  -1.2709306E-05  -1.8351668E-05  -1.6213242E-05  -6.6267778E-05   5.2962289E-07  -1.2342895E-05   2.8745907E-06  -1.3593144E-05  -4.5694703E-05  -4.0969439E-09   1.2195199E-07  -4.3907388E-07  -4.2554643E-07  -1.8607909E-07  -1.3324477E-06  -2.9762589E-09  -1.2625535E-09
  3.7304854E-07  -4.2289228E-06   4.4693335E-07   6.2580959E-05   1.1183594E-04   8.4783498E-06   1.9184620E-07   1.5623299E-05  -1.7743768E-06  -5.3636059E-04  -2.4589330E-05   5.1691771E-04  -5.4165770E-03  -5.3405315E-03  -3.7651657E-03  -2.9889492E-03  -1.0446827E-03   2.8290994E-04   7.9194190E-05   2.4912866E-04  -1.7294326E-04   9.5561161E-07   3.1109592E-06  -7.4828501E-06  -8.1112464E-06   8.3732084E-07  -7.0627270E-07   5.2534450E-08  -1.1281799E-07
  7.2806097E-07  -5.7648960E-06   7.5991152E-07   1.1183594E-04   2.3166446E-04   9.4871749E-06  -1.5455593E-05   1.9995722E-05   7.7606901E-06   9.5361664E-04  -3.7338114E-05   4.8329686E-04   6.3869924E-03  -1.7919027E-03  -1.6269488E-03   4.4348992E-04  -1.7878584E-03   1.5476552E-04  -2.4475055E-04   2.6407210E-04   6.1732193E-04   1.0977328E-05   9.8222364E-06  -2.7566913E-06  -1.1877080E-05  -2.5381538E-06   7.7651932E-06   2.8738610E-07  -1.3324722E-07
  3.0653676E-07  -3.9829925E-06   4.3895892E-07   8.4783498E-06   9.4871749E-06   2.2795319E-05  -8.3866954E-06  -2.7373332E-05   1.3712577E-06  -2.9751437E-03   9.1038760E-05   6.1319307E-04  -1.5549586E-02  -2.9541577E-03   3.4931378E-03   5.7878781E-03  -1.8888857E-03   3.7201487E-05  -4.6563956E-04  -6.6089450E-04   2.7427602E-04  -6.7273328E-06  -6.4421213E-07  -2.2981042E-06  -3.8438497E-06  -5.2596874E-06  -3.1797280E-05  -1.0920782E-07  -4.8246957E-08
 -5.9609141E-07   8.2963585E-07  -1.4924995E-07   1.9184620E-07  -1.5455593E-05  -8.3866954E-06   9.9237306E-05   9.3757107E-05  -4.9187217E-07  -1.3395076E-02   1.9509445E-04   3.2325870E-03  -6.0659686E-02  -3.6359724E-02  -1.3353383E-02  -1.3162240E-03  -5.0315275E-03  -6.4053640E-04  -4.7904684E-04  -6.1631917E-04   3.6337808E-03   5.1148199E-06  -2.7458033E-06  -1.0881129E-05   4.4887307E-06   1.6624716E-05   1.0851427E-04  -2.2430297E-07  -4.5685497E-07
 -5.4434326E-07   2.3559945E-06  -2.0826816E-07   1.5623299E-05   1.9995722E-05  -2.7373332E-05   9.3757107E-05   1.5738690E-04  -2.2956855E-06  -1.0100309E-02   1.1083000E-04   2.8192659E-03  -5.4275117E-02  -3.8235190E-02  -1.9787951E-02  -1.0504094E-02  -3.7634537E-03   1.4539103E-04   3.4978186E-04   4.4804154E-04   3.5105768E-03   1.1364033E-05  -2.6381468E-06  -1.1392080E-05  -7.4338954E-07   2.2648681E-05   1.3896188E-04  -1.0072362E-07  -3.7603707E-07
  2.0481531E-08  -3.7991477E-07   3.4798963E-08  -1.7743768E-06   7.7606901E-06   1.3712577E-06  -4.9187217E-07  -2.2956855E-06   6.1362693E-06   7.1622883E-04  -2.2714946E-06   9.9313547E-05   4.8462893E-03   7.3584409E-04   8.3916114E-04   1.6246619E-03  -8.8240056E-05  -2.0832916E-04  -1.9247484E-05   2.2136358E-07   6.5982898E-04   2.1891345E-06   1.2424094E-06   2.8183560E-06   2.7775621E-07  -3.7813391E-06   9.0872312E-07  -9.4035744E-10  -5.2393876E-09
  1.8076772E-05  -7.3896767E-05   4.6936499E-05  -5.3636059E-04   9.5361664E-04  -2.9751437E-03  -1.3395076E-02  -1.0100309E-02   7.1622883E-04   4.5670622E+01  -4.1767288E-01  -1.1652765E+00   4.3521605E+01   6.9303780E+00  -1.0607503E+01  -5.3181148E+01  -4.5513243E-02  -1.9511709E-01   6.2731440E-01  -5.7053207E+00  -3.3545220E+01  -1.3395544E-03   1.3431535E-03  -9.1175100E-04  -3.4497668E-04  -8.7653654E-03  -5.1423097E-03  -2.6400822E-04   7.9680361E-04
  5.5940742E-07   2.7617088E-06  -3.2519065E-07  -2.4589330E-05  -3.7338114E-05   9.1038760E-05   1.9509445E-04   1.1083000E-04  -2.2714946E-06  -4.1767288E-01   8.0754877E-02  -4.4218441E-02  -6.0844891E-01   8.6246923E-01   1.6501039E+00   6.3599851E-01   3.3070109E-02   1.5643864E-03   1.0945615E-02   1.0219849E-01   1.4326240E-01   4.3360610E-05   1.8869238E-05   8.6258436E-04   8.8108298E-05   3.2999800E-04   1.1565605E-03   4.4882776E-06   2.6912257E-07
  2.7665495E-06  -7.7753661E-05  -3.4024040E-07   5.1691771E-04   4.8329686E-04   6.1319307E-04   3.2325870E-03   2.8192659E-03   9.9313547E-05  -1.1652765E+00  -4.4218441E-02   3.9270986E+00  -3.1993275E+01  -4.6284260E+00   6.6689886E+00   4.8097459E+00  -2.8079063E+00  -1.9337341E-01   1.2972566E-01   2.6797244E+00   3.6337724E+00   7.9962365E-04   1.2112526E-03  -5.4092257E-03   2.5355686E-03   4.5450486E-03   6.9747376E-03   9.2079169E-05  -3.6913632E-05
 -2.8559761E-05   7.9508818E-04  -1.2709306E-05  -5.4165770E-03   6.3869924E-03  -1.5549586E-02  -6.0659686E-02  -5.4275117E-02   4.8462893E-03   4.3521605E+01  -6.0844891E-01  -3.1993275E+01   8.1969638E+02   9.4649868E+01  -3.9612399E+01  -5.4684826E+01   1.5099678E+01  -5.4676558E+00   5.8522004E+00  -1.3131863E+01  -2.9429525E+01  -1.9758559E-02  -1.7689106E-02   8.7656127E-03  -4.5690874E-02  -6.3412499E-02  -1.2293734E-01   4.2081943E-03   5.0055349E-04
  1.0523802E-05   6.8645800E-04  -1.8351668E-05  -5.3405315E-03  -1.7919027E-03  -2.9541577E-03  -3.6359724E-02  -3.8235190E-02   7.3584409E-04   6.9303780E+00   8.6246923E-01  -4.6284260E+00   9.4649868E+01   7.6465915E+01   4.6229204E+01   1.6492258E+01  -3.2651041E+00  -1.0125121E-01  -9.3744759E-01   3.3669254E+00   1.7534503E+00  -5.3836458E-03   1.3242148E-03   2.2732624E-02   2.8622737E-03   1.6294680E-03  -3.2774743E-02   2.0802266E-04   3.2410545E-04
  2.0518125E-05   2.5811424E-04  -1.6213242E-05  -3.7651657E-03  -1.6269488E-03   3.4931378E-03  -1.3353383E-02  -1.9787951E-02   8.3916114E-04  -1.0607503E+01   1.6501039E+00   6.6689886E+00  -3.9612399E+01   4.6229204E+01   8.6008859E+01   5.2450064E+01  -1.0885758E+01  -2.6566638E-01  -5.6528559E-01   4.6045829E+00   6.8405236E+00   2.2198893E-03   3.8266263E-03   1.3501096E-02   9.6507874E-03   1.9725607E-02   1.7472428E-02   4.8697325E-04  -2.3982970E-04
  1.0583513E-06   1.1170811E-04  -6.6267778E-05  -2.9889492E-03   4.4348992E-04   5.7878781E-03  -1.3162240E-03  -1.0504094E-02   1.6246619E-03  -5.3181148E+01   6.3599851E-01   4.8097459E+00  -5.4684826E+01   1.6492258E+01   5.2450064E+01   1.0077622E+02  -8.4868457E+00   1.0884749E-01  -1.2601424E+00   5.1620896E+00   3.2429775E+01   5.4191658E-03   1.5580207E-03  -3.5785223E-04   5.9203399E-03   2.2654478E-02  -1.2709903E-03   5.4886865E-04  -1.3159399E-03
 -1.0269302E-05   1.1973473E-04   5.2962289E-07  -1.0446827E-03  -1.7878584E-03  -1.8888857E-03  -5.0315275E-03  -3.7634537E-03  -8.8240056E-05  -4.5513243E-02   3.3070109E-02  -2.8079063E+00   1.5099678E+01  -3.2651041E+00  -1.0885758E+01  -8.4868457E+00   6.0458679E+00   6.3184489E-02  -1.9324903E-01  -1.9797280E+00  -2.1380026E+00  -1.7614870E-04  -4.8595476E-04   4.2553472E-03  -2.4923012E-03  -3.5741780E-03  -4.0604093E-03  -4.5856645E-05  -6.7040736E-06
  3.5881623E-06   4.6389553E-05  -1.2342895E-05   2.8290994E-04   1.5476552E-04   3.7201487E-05  -6.4053640E-04   1.4539103E-04  -2.0832916E-04  -1.9511709E-01   1.5643864E-03  -1.9337341E-01  -5.4676558E+00  -1.0125121E-01  -2.6566638E-01   1.0884749E-01   6.3184489E-02   3.1832858E+00   4.7756853E-01   1.5458475E-01   2.9945111E-01   5.8059604E-04   8.4693462E-04   5.9600085E-03   1.5501377E-03  -1.1054484E-03  -1.5627968E-03   1.8068006E-04   1.1466935E-05
 -2.4105618E-06   4.2675682E-05   2.8745907E-06   7.9194190E-05  -2.4475055E-04  -4.6563956E-04  -4.7904684E-04   3.4978186E-04  -1.9247484E-05   6.2731440E-01   1.0945615E-02   1.2972566E-01   5.8522004E+00  -9.3744759E-01  -5.6528559E-01  -1.2601424E+00  -1.9324903E-01   4.7756853E-01   3.1132204E+00   2.6976522E+00   2.7459920E+00   1.4909485E-03   5.0718254E-04   6.6321656E-04   2.6755856E-06   2.8406467E-03   2.9530918E-03  -1.9466849E-04  -6.2831900E-07
 -5.3668644E-06   1.1770874E-04  -1.3593144E-05   2.4912866E-04   2.6407210E-04  -6.6089450E-04  -6.1631917E-04   4.4804154E-04   2.2136358E-07  -5.7053207E+00   1.0219849E-01   2.6797244E+00  -1.3131863E+01   3.3669254E+00   4.6045829E+00   5.1620896E+00  -1.9797280E+00   1.5458475E-01   2.6976522E+00   1.0793758E+01   1.9269225E+01  -1.0324687E-04   1.6606972E-03  -2.4662881E-03   3.2743934E-03   2.0382084E-03   4.5567150E-05  -2.2787014E-05   4.2981464E-04
 -2.5878297E-05   2.7506630E-04  -4.5694703E-05  -1.7294326E-04   6.1732193E-04   2.7427602E-04   3.6337808E-03   3.5105768E-03   6.5982898E-04  -3.3545220E+01   1.4326240E-01   3.6337724E+00  -2.9429525E+01   1.7534503E+00   6.8405236E+00   3.2429775E+01  -2.1380026E+00   2.9945111E-01   2.7459920E+00   1.9269225E+01   5.3404189E+01  -1.4030014E-03   1.0450187E-03  -2.0817801E-03   6.2740742E-03  -2.8693957E-03  -1.3218029E-02   1.4855569E-04   8.5710076E-04
 -6.6642305E-08   1.5712860E-06  -4.0969439E-09   9.5561161E-07   1.0977328E-05  -6.7273328E-06   5.1148199E-06   1.1364033E-05   2.1891345E-06  -1.3395544E-03   4.3360610E-05   7.9962365E-04  -1.9758559E-02  -5.3836458E-03   2.2198893E-03   5.4191658E-03  -1.7614870E-04   5.8059604E-04   1.4909485E-03  -1.0324687E-04  -1.4030014E-03   1.4228841E-03   2.3540759E-04   5.5671780E-05  -3.5006795E-04  -7.2484495E-05  -5.2566939E-05   5.8289332E-07   3.4172549E-07
 -6.9461666E-08   4.7981577E-07   1.2195199E-07   3.1109592E-06   9.8222364E-06  -6.4421213E-07  -2.7458033E-06  -2.6381468E-06   1.2424094E-06   1.3431535E-03   1.8869238E-05   1.2112526E-03  -1.7689106E-02   1.3242148E-03   3.8266263E-03   1.5580207E-03  -4.8595476E-04   8.4693462E-04   5.0718254E-04   1.6606972E-03   1.0450187E-03   2.3540759E-04   8.5196132E-04   1.8332844E-05   7.6317112E-04   4.1163514E-05  -8.0571938E-04   6.6642766E-08  -2.3561292E-08
 -3.7846700E-07   3.7006690E-06  -4.3907388E-07  -7.4828501E-06  -2.7566913E-06  -2.2981042E-06  -1.0881129E-05  -1.1392080E-05   2.8183560E-06  -9.1175100E-04   8.6258436E-04  -5.4092257E-03   8.7656127E-03   2.2732624E-02   1.3501096E-02  -3.5785223E-04   4.2553472E-03   5.9600085E-03   6.6321656E-04  -2.4662881E-03  -2.0817801E-03   5.5671780E-05   1.8332844E-05   7.2434291E-03  -2.8430764E-04   6.7384809E-04   4.1142044E-03  -1.3101252E-07   5.3040992E-07
 -4.5860220E-07   2.9658369E-06  -4.2554643E-07  -8.1112464E-06  -1.1877080E-05  -3.8438497E-06   4.4887307E-06  -7.4338954E-07   2.7775621E-07  -3.4497668E-04   8.8108298E-05   2.5355686E-03  -4.5690874E-02   2.8622737E-03   9.6507874E-03   5.9203399E-03  -2.4923012E-03   1.5501377E-03   2.6755856E-06   3.2743934E-03   6.2740742E-03  -3.5006795E-04   7.6317112E-04  -2.8430764E-04   2.9546775E-03   5.0213593E-04  -1.2747310E-03   5.7486358E-08  -2.2035034E-07
 -4.5944591E-07   2.3033188E-06  -1.8607909E-07   8.3732084E-07  -2.5381538E-06  -5.2596874E-06   1.6624716E-05   2.2648681E-05  -3.7813391E-06  -8.7653654E-03   3.2999800E-04   4.5450486E-03  -6.3412499E-02   1.6294680E-03   1.9725607E-02   2.2654478E-02  -3.5741780E-03  -1.1054484E-03   2.8406467E-03   2.0382084E-03  -2.8693957E-03  -7.2484495E-05   4.1163514E-05   6.7384809E-04   5.0213593E-04   6.3072067E-03   7.2540816E-03   3.6246808E-07  -9.5698267E-07
 -2.7013093E-06   1.6372076E-05  -1.3324477E-06  -7.0627270E-07   7.7651932E-06  -3.1797280E-05   1.0851427E-04   1.3896188E-04   9.0872312E-07  -5.1423097E-03   1.1565605E-03   6.9747376E-03  -1.2293734E-01  -3.2774743E-02   1.7472428E-02  -1.2709903E-03  -4.0604093E-03  -1.5627968E-03   2.9530918E-03   4.5567150E-05  -1.3218029E-02  -5.2566939E-05  -8.0571938E-04   4.1142044E-03  -1.2747310E-03   7.2540816E-03   6.8869681E-02  -1.1897593E-06  -3.6882152E-06
  2.7364564E-09   3.4673813E-09  -2.9762589E-09   5.2534450E-08   2.8738610E-07  -1.0920782E-07  -2.2430297E-07  -1.0072362E-07  -9.4035744E-10  -2.6400822E-04   4.4882776E-06   9.2079169E-05   4.2081943E-03   2.0802266E-04   4.8697325E-04   5.4886865E-04  -4.5856645E-05   1.8068006E-04  -1.9466849E-04  -2.2787014E-05   1.4855569E-04   5.8289332E-07   6.6642766E-08  -1.3101252E-07   5.7486358E-08   3.6246808E-07  -1.1897593E-06   3.7692571E-07  -3.5769745E-09
  1.1332299E-09   1.8417004E-08  -1.2625535E-09  -1.1281799E-07  -1.3324722E-07  -4.8246957E-08  -4.5685497E-07  -3.7603707E-07  -5.2393876E-09   7.9680361E-04   2.6912257E-07  -3.6913632E-05   5.0055349E-04   3.2410545E-04  -2.3982970E-04  -1.3159399E-03  -6.7040736E-06   1.1466935E-05  -6.2831900E-07   4.2981464E-04   8.5710076E-04   3.4172549E-07  -2.3561292E-08   5.3040992E-07  -2.2035034E-07  -9.5698267E-07  -3.6882152E-06  -3.5769745E-09   3.8220519E-07
