# omegabh2 omegach2 theta tau w logA ns calPlanck aps100 aps143 aps217 acib217 asz143 psr cibr xi aksz dust100 dust143 dust217 dust143x217 cal0 cal2 calTE calEE
  2.3063179E-08  -7.7330789E-08   1.5723315E-08   1.9228299E-07   1.3591251E-06   2.8965978E-07   2.5314812E-07   1.3666321E-08  -3.9644039E-04  -2.6895184E-04   1.0018471E-05  -8.4766772E-05   2.1311467E-05   8.4715596E-07  -1.1869994E-06   5.0675855E-07  -3.3376438E-05   3.5004632E-08  -3.7564255E-07   5.0072675E-07  -2.0513346E-07   1.0395914E-09  -1.9831493E-09  -8.9438206E-08  -2.4937978E-07
 -7.7330789E-08   1.4590753E-06  -1.0947033E-07  -1.3302893E-06  -2.3025928E-05   4.3652463E-07  -3.2760375E-06  -1.8246173E-07  -8.7707092E-05   5.8425034E-04   3.6668689E-04  -7.1293930E-06  -3.8223053E-05   2.3367156E-06  -7.4668927E-06  -3.5592357E-06   3.7818207E-05  -1.7349188E-06  -6.2815439E-07  -8.9705401E-07   2.7420443E-06  -3.6062024E-08  -1.4792178E-08  -3.5201515E-07  -6.7316444E-07
  1.5723315E-08  -1.0947033E-07   9.6092378E-08   2.2564574E-07   2.6496529E-06   3.1853316E-07   4.0284381E-07   2.0260501E-08  -7.4072465E-05  -1.2079756E-04  -6.9249144E-05   4.2958256E-06  -4.9205200E-06   4.0941737E-07  -8.7856572E-07   8.4615285E-07   8.5510341E-06   3.7743778E-07   4.1145207E-07  -3.1563415E-07  -3.7284821E-07  -1.9743760E-09   3.1600834E-09  -1.3317012E-08   1.2212350E-08
  1.9228299E-07  -1.3302893E-06   2.2564574E-07   4.4358203E-05   2.9057712E-05   8.5488657E-05   5.8660579E-06  -1.3690473E-07  -9.2093723E-03  -4.4477961E-03   2.2513131E-03  -2.4699569E-03   4.2289586E-04   2.7279555E-05  -4.5754800E-05   4.4288791E-05  -7.0713229E-04  -1.1155772E-05  -2.5562670E-05   4.5487955E-06  -1.6244952E-05   8.5050290E-08  -1.9249944E-07  -2.9904604E-06  -2.1749587E-06
  1.3591251E-06  -2.3025928E-05   2.6496529E-06   2.9057712E-05   1.1118172E-03   1.2007454E-05   5.5767296E-05   3.9420944E-06  -6.2823534E-03  -1.2284200E-02  -5.0881396E-03  -2.5623803E-04   1.2601120E-03  -1.6161029E-05   1.4645544E-04   9.5930251E-05  -1.2584741E-03   1.1430670E-04   1.8960220E-06  -3.4353756E-06  -9.3160549E-05   9.0340142E-07  -2.6017468E-07   4.2941140E-06   9.1424303E-06
  2.8965978E-07   4.3652463E-07   3.1853316E-07   8.5488657E-05   1.2007454E-05   2.0044588E-04   3.8296400E-06   1.2078517E-05  -1.4466545E-02  -6.6131038E-03   1.5174881E-02  -7.1706470E-03   8.0470915E-04   8.1898534E-05  -1.6406398E-04   1.2218632E-04  -2.3971897E-03  -5.2464750E-05  -1.5836842E-04   3.7977232E-05  -4.5099783E-05   7.9270890E-07  -4.6374837E-07  -6.6713889E-06  -3.7728729E-06
  2.5314812E-07  -3.2760375E-06   4.0284381E-07   5.8660579E-06   5.5767296E-05   3.8296400E-06   1.7805560E-05   8.2898101E-07  -2.1929693E-02  -7.3548216E-03   6.7680903E-03  -5.1033319E-03   6.7514465E-04   5.7591480E-05  -8.1729581E-05   6.7764035E-05  -1.9961022E-03   1.0429662E-05  -1.7770265E-05   2.9142607E-05  -1.0333848E-05  -2.9199426E-07  -2.4545178E-07   2.7636381E-07  -2.4231845E-06
  1.3666321E-08  -1.8246173E-07   2.0260501E-08  -1.3690473E-07   3.9420944E-06   1.2078517E-05   8.2898101E-07   6.3814752E-06   2.4153040E-03   1.6223095E-04   2.1366812E-03   1.0405904E-04  -1.8735120E-06  -2.5213185E-06   2.0896364E-06   4.0818926E-06  -5.8259040E-05  -2.6498331E-06  -2.0270808E-06   1.0300360E-05  -2.8573351E-06   9.7923083E-09  -3.4581731E-08  -1.4165476E-07  -1.0882575E-07
 -3.9644039E-04  -8.7707092E-05  -7.4072465E-05  -9.2093723E-03  -6.2823534E-03  -1.4466545E-02  -2.1929693E-02   2.4153040E-03   6.1132442E+02   5.6107551E+01  -4.8441123E+01   2.6789327E+01  -2.5601424E+01  -8.3829665E-01  -1.9443214E-01  -2.8627762E-01   1.1421871E+01  -1.9582799E-01   2.4820406E-01  -2.7223147E-01  -2.6587698E-01   6.9023032E-03   1.7956404E-03   3.1000645E-03   9.1360460E-03
 -2.6895184E-04   5.8425034E-04  -1.2079756E-04  -4.4477961E-03  -1.2284200E-02  -6.6131038E-03  -7.3548216E-03   1.6223095E-04   5.6107551E+01   6.5470464E+01   1.0893311E+01   5.4708233E+00  -3.4946475E-01  -3.3751622E-02   4.4111807E-01   8.6730264E-01  -8.3128375E+00  -2.4992188E-02  -2.2373199E-01   5.1976950E-02   6.0333344E-02   9.1110678E-04   4.0096720E-04   2.3925530E-03   5.3073543E-03
  1.0018471E-05   3.6668689E-04  -6.9249144E-05   2.2513131E-03  -5.0881396E-03   1.5174881E-02   6.7680903E-03   2.1366812E-03  -4.8441123E+01   1.0893311E+01   1.7289182E+02  -8.1585714E+01   2.2342588E+00   3.0898453E-01  -1.0497325E+00   3.3491328E-01  -7.0748652E+00  -4.1557418E-02  -2.5830109E-01   5.6522362E-01   2.2813472E-02   1.7124986E-03  -7.4061352E-03   2.6542473E-03   3.3013568E-03
 -8.4766772E-05  -7.1293930E-06   4.2958256E-06  -2.4699569E-03  -2.5623803E-04  -7.1706470E-03  -5.1033319E-03   1.0405904E-04   2.6789327E+01   5.4708233E+00  -8.1585714E+01   5.0770081E+01   1.8184371E+00  -3.3981987E-02   7.1723060E-01  -2.6047590E-01  -2.7709730E+00   1.5939193E-02   1.4418418E-01  -4.5098505E-01  -1.2377839E-01  -5.3511812E-04   2.9236065E-03  -6.8721669E-04  -1.7025124E-05
  2.1311467E-05  -3.8223053E-05  -4.9205200E-06   4.2289586E-04   1.2601120E-03   8.0470915E-04   6.7514465E-04  -1.8735120E-06  -2.5601424E+01  -3.4946475E-01   2.2342588E+00   1.8184371E+00   4.3072471E+00   1.0104392E-01   1.5060559E-01  -3.5823516E-02  -3.5589604E+00  -6.5581668E-03  -6.2649460E-03   9.2286720E-03   5.5165873E-02   4.2707057E-04  -1.8700643E-04  -1.8158537E-04  -3.1641008E-04
  8.4715596E-07   2.3367156E-06   4.0941737E-07   2.7279555E-05  -1.6161029E-05   8.1898534E-05   5.7591480E-05  -2.5213185E-06  -8.3829665E-01  -3.3751622E-02   3.0898453E-01  -3.3981987E-02   1.0104392E-01   1.6396832E-02  -1.7184535E-02   1.1806110E-02  -9.7902458E-02  -2.6954310E-04  -1.2690753E-03  -2.7516355E-03   5.3548813E-03   1.8930553E-05  -3.6525662E-05  -1.3527825E-06  -7.7026688E-06
 -1.1869994E-06  -7.4668927E-06  -8.7856572E-07  -4.5754800E-05   1.4645544E-04  -1.6406398E-04  -8.1729581E-05   2.0896364E-06  -1.9443214E-01   4.4111807E-01  -1.0497325E+00   7.1723060E-01   1.5060559E-01  -1.7184535E-02   6.8890220E-02   3.3535931E-03  -1.5948623E-01   4.3734562E-04   7.0571395E-03  -1.4283336E-04  -1.8098875E-02  -1.2631266E-05   9.3794124E-05   5.3658774E-07   2.2533343E-06
  5.0675855E-07  -3.5592357E-06   8.4615285E-07   4.4288791E-05   9.5930251E-05   1.2218632E-04   6.7764035E-05   4.0818926E-06  -2.8627762E-01   8.6730264E-01   3.3491328E-01  -2.6047590E-01  -3.5823516E-02   1.1806110E-02   3.3535931E-03   8.2261333E-02   4.2343374E-02  -2.0294325E-04   3.7672008E-04   1.1845147E-03   1.5471024E-03   1.6767301E-05  -9.8851193E-06   4.3465907E-06   1.7713445E-05
 -3.3376438E-05   3.7818207E-05   8.5510341E-06  -7.0713229E-04  -1.2584741E-03  -2.3971897E-03  -1.9961022E-03  -5.8259040E-05   1.1421871E+01  -8.3128375E+00  -7.0748652E+00  -2.7709730E+00  -3.5589604E+00  -9.7902458E-02  -1.5948623E-01   4.2343374E-02   7.4066026E+00   7.4463604E-03   3.4728637E-03  -4.4417707E-03  -4.9759847E-02  -3.6944610E-04   7.4051895E-05  -2.7752603E-04  -1.3727796E-04
  3.5004632E-08  -1.7349188E-06   3.7743778E-07  -1.1155772E-05   1.1430670E-04  -5.2464750E-05   1.0429662E-05  -2.6498331E-06  -1.9582799E-01  -2.4992188E-02  -4.1557418E-02   1.5939193E-02  -6.5581668E-03  -2.6954310E-04   4.3734562E-04  -2.0294325E-04   7.4463604E-03   3.7495891E-02   2.9707651E-03  -2.2268462E-04   3.4939415E-04   3.2076163E-05  -5.6229382E-06  -1.0743090E-05  -2.1851166E-05
 -3.7564255E-07  -6.2815439E-07   4.1145207E-07  -2.5562670E-05   1.8960220E-06  -1.5836842E-04  -1.7770265E-05  -2.0270808E-06   2.4820406E-01  -2.2373199E-01  -2.5830109E-01   1.4418418E-01  -6.2649460E-03  -1.2690753E-03   7.0571395E-03   3.7672008E-04   3.4728637E-03   2.9707651E-03   3.0905238E-02  -4.9072213E-04   5.3309738E-03  -8.3229490E-05  -4.4930440E-05  -6.8507028E-05  -8.6692495E-05
  5.0072675E-07  -8.9705401E-07  -3.1563415E-07   4.5487955E-06  -3.4353756E-06   3.7977232E-05   2.9142607E-05   1.0300360E-05  -2.7223147E-01   5.1976950E-02   5.6522362E-01  -4.5098505E-01   9.2286720E-03  -2.7516355E-03  -1.4283336E-04   1.1845147E-03  -4.4417707E-03  -2.2268462E-04  -4.9072213E-04   1.0686940E-02   8.4874758E-03   2.1606352E-06   6.2515355E-05   9.4493093E-06   1.1486098E-06
 -2.0513346E-07   2.7420443E-06  -3.7284821E-07  -1.6244952E-05  -9.3160549E-05  -4.5099783E-05  -1.0333848E-05  -2.8573351E-06  -2.6587698E-01   6.0333344E-02   2.2813472E-02  -1.2377839E-01   5.5165873E-02   5.3548813E-03  -1.8098875E-02   1.5471024E-03  -4.9759847E-02   3.4939415E-04   5.3309738E-03   8.4874758E-03   2.6429132E-02  -4.3417587E-06   5.7074670E-05  -2.2858517E-05  -1.2656990E-05
  1.0395914E-09  -3.6062024E-08  -1.9743760E-09   8.5050290E-08   9.0340142E-07   7.9270890E-07  -2.9199426E-07   9.7923083E-09   6.9023032E-03   9.1110678E-04   1.7124986E-03  -5.3511812E-04   4.2707057E-04   1.8930553E-05  -1.2631266E-05   1.6767301E-05  -3.6944610E-04   3.2076163E-05  -8.3229490E-05   2.1606352E-06  -4.3417587E-06   1.1123418E-06   3.7057092E-08   3.6441615E-07   6.7706200E-07
 -1.9831493E-09  -1.4792178E-08   3.1600834E-09  -1.9249944E-07  -2.6017468E-07  -4.6374837E-07  -2.4545178E-07  -3.4581731E-08   1.7956404E-03   4.0096720E-04  -7.4061352E-03   2.9236065E-03  -1.8700643E-04  -3.6525662E-05   9.3794124E-05  -9.8851193E-06   7.4051895E-05  -5.6229382E-06  -4.4930440E-05   6.2515355E-05   5.7074670E-05   3.7057092E-08   2.4239345E-06   2.8821202E-07   1.3791918E-07
 -8.9438206E-08  -3.5201515E-07  -1.3317012E-08  -2.9904604E-06   4.2941140E-06  -6.6713889E-06   2.7636381E-07  -1.4165476E-07   3.1000645E-03   2.3925530E-03   2.6542473E-03  -6.8721669E-04  -1.8158537E-04  -1.3527825E-06   5.3658774E-07   4.3465907E-06  -2.7752603E-04  -1.0743090E-05  -6.8507028E-05   9.4493093E-06  -2.2858517E-05   3.6441615E-07   2.8821202E-07   2.4354782E-05   8.5060527E-06
 -2.4937978E-07  -6.7316444E-07   1.2212350E-08  -2.1749587E-06   9.1424303E-06  -3.7728729E-06  -2.4231845E-06  -1.0882575E-07   9.1360460E-03   5.3073543E-03   3.3013568E-03  -1.7025124E-05  -3.1641008E-04  -7.7026688E-06   2.2533343E-06   1.7713445E-05  -1.3727796E-04  -2.1851166E-05  -8.6692495E-05   1.1486098E-06  -1.2656990E-05   6.7706200E-07   1.3791918E-07   8.5060527E-06   2.4253968E-05
