# omegabh2 omegach2 theta tau logA ns r calPlanck acib217 xi asz143 aps100 aps143 aps143217 aps217 aksz kgal100 kgal143 kgal143217 kgal217 galfTE100 galfTE100143 galfTE100217 galfTE143 galfTE143217 galfTE217 cal0 cal2
  1.7624755E-08  -5.4570942E-08   1.0424703E-08   1.7113509E-07   2.9492554E-07   1.4237300E-07   4.2087005E-08   1.9079286E-09  -7.2266121E-05   2.0207237E-06   1.6877927E-05  -3.2529611E-04  -1.4886379E-04  -1.1744920E-05   2.8217846E-05  -3.3453228E-05   4.1508975E-06  -7.4508644E-06  -1.2139438E-05   5.5115234E-06  -5.3782310E-08  -7.3782473E-08  -1.0484839E-08  -3.8385962E-07  -4.4535187E-07  -2.0688296E-06   2.8754838E-09  -2.5500815E-09
 -5.4570942E-08   9.9963139E-07  -5.2197319E-08  -1.4127921E-06  -4.1678424E-07  -2.3259950E-06  -3.4501865E-06  -3.1083184E-08   2.8156262E-05   2.7100386E-06  -5.4459163E-05   3.6035784E-04   6.0386458E-04   3.4157770E-04   2.4583224E-04   3.9293986E-05  -8.3273872E-06  -2.8407653E-05   1.9031811E-06   3.1918817E-05   2.3233071E-07   4.0499579E-07   5.4116221E-07   1.0046031E-06   1.4133437E-06   1.1683519E-05  -6.5233405E-09   1.0787307E-08
  1.0424703E-08  -5.2197319E-08   8.3985065E-08   1.3882953E-07   2.7920342E-07   2.2713823E-07   1.3354254E-07   1.9626137E-08  -4.7523988E-06   6.2486971E-07   5.2779157E-06  -9.5264593E-05  -3.6538182E-06   8.7973230E-06  -2.7044778E-05  -4.7154221E-06  -2.4887395E-06   6.5158903E-06   2.2308364E-05   5.5048139E-05  -2.6346086E-07   2.7391851E-08  -8.5481080E-08   1.4303550E-07  -2.4098831E-07  -1.9825371E-06   3.5107414E-10   1.9920198E-09
  1.7113509E-07  -1.4127921E-06   1.3882953E-07   5.8827432E-05   1.1381801E-04   6.1584523E-06  -5.3997381E-06  -3.9373234E-07  -2.6424098E-03   7.4221915E-05   3.7613547E-04  -1.1959578E-02  -3.9315836E-03  -6.1378780E-05   1.2846672E-03  -9.4997535E-04  -1.9927844E-04  -6.1732106E-04  -8.4306200E-04  -2.7584083E-04  -5.5071239E-06  -5.4072066E-06   7.9746760E-06  -6.1892904E-06   5.6369890E-06  -4.2394311E-05  -2.9786712E-08  -1.2344549E-07
  2.9492554E-07  -4.1678424E-07   2.7920342E-07   1.1381801E-04   2.5235022E-04   5.2613105E-06  -2.6599323E-05   1.0744511E-05  -5.1003604E-03   1.8712838E-04   5.1486996E-04  -1.7981898E-02  -4.7927638E-03   2.9675284E-03   7.9367447E-03  -2.5757583E-03  -6.4760007E-04  -2.1468658E-03  -2.5052955E-03   4.0750701E-04  -9.5769598E-06  -1.3269267E-05   2.2877153E-05  -1.1485754E-05   1.2906202E-05  -5.5024665E-05   1.6229307E-07  -2.4823344E-07
  1.4237300E-07  -2.3259950E-06   2.2713823E-07   6.1584523E-06   5.2613105E-06   1.4063899E-05   2.8246991E-05   5.3425857E-08  -3.6940959E-03   8.8134090E-05   8.3315772E-04  -1.9188141E-02  -5.3599753E-03   1.8000382E-03   4.1636618E-03  -1.9844473E-03   1.7540862E-04  -3.9927642E-04  -4.5982900E-04   8.2876041E-04  -9.7997706E-07  -1.9760568E-07   2.1507853E-06  -6.2768348E-07  -4.7472827E-06  -3.1795219E-05  -9.9118045E-08  -9.9531644E-08
  4.2087005E-08  -3.4501865E-06   1.3354254E-07  -5.3997381E-06  -2.6599323E-05   2.8246991E-05   1.3572635E-03   7.1853140E-08  -3.0271539E-03   3.4928123E-04   1.7847572E-03  -2.1449952E-02  -5.5254763E-03   7.3992849E-03   2.8267172E-03  -3.8208567E-03  -2.1224982E-03   4.3044712E-04   1.4264176E-03   2.0598040E-03   3.3494889E-05   3.2412387E-05  -6.0947748E-05   6.0882848E-05  -1.6123647E-05  -5.1365932E-05  -7.8356257E-07  -2.6013053E-07
  1.9079286E-09  -3.1083184E-08   1.9626137E-08  -3.9373234E-07   1.0744511E-05   5.3425857E-08   7.1853140E-08   5.7999671E-06   9.9916013E-04  -8.8997559E-06  -3.3213857E-05   5.0731799E-03   7.4828378E-04   2.2051674E-04   7.3461578E-04   7.7053259E-06   2.9560099E-05  -1.0148481E-04  -1.2841646E-04   4.0064319E-04   9.2422511E-07  -7.8780032E-07   3.1529487E-06   2.0859528E-07   7.3104460E-07   8.1521357E-06   3.4673506E-08  -5.5052553E-09
 -7.2266121E-05   2.8156262E-05  -4.7523988E-06  -2.6424098E-03  -5.1003604E-03  -3.6940959E-03  -3.0271539E-03   9.9916013E-04   4.3902521E+01  -2.9737790E-01  -8.8317850E-01   3.4916092E+01   2.1641781E+00  -1.1243282E+01  -5.3939120E+01   1.8346451E-02   1.1105244E-01   5.3493321E-01  -5.9350627E+00  -3.3430872E+01   3.4507137E-03  -3.0532545E-03   1.0541549E-02  -6.5152167E-03   1.8965407E-03   1.7278583E-02  -1.5121780E-04   6.7987192E-04
  2.0207237E-06   2.7100386E-06   6.2486971E-07   7.4221915E-05   1.8712838E-04   8.8134090E-05   3.4928123E-04  -8.8997559E-06  -2.9737790E-01   8.0028862E-02  -4.9685642E-02  -4.9234270E-01   9.1102921E-01   1.6431469E+00   4.9731440E-01   4.6594528E-02  -2.6901909E-03  -4.2884534E-03   7.5425158E-02   4.8236117E-02   3.2413874E-05   4.2320987E-05   1.0595174E-05   1.2395954E-04  -2.2660664E-04  -8.1591196E-04   4.8022060E-06  -2.6146712E-06
  1.6877927E-05  -5.4459163E-05   5.2779157E-06   3.7613547E-04   5.1486996E-04   8.3315772E-04   1.7847572E-03  -3.3213857E-05  -8.8317850E-01  -4.9685642E-02   3.8706226E+00  -3.0267302E+01  -3.3237112E+00   7.4973305E+00   5.2376472E+00  -2.6615769E+00  -2.1308468E-01   1.8328162E-01   2.7088830E+00   3.5114822E+00  -6.1661249E-04  -1.2299538E-03  -3.0515082E-03  -1.1816284E-03  -2.9477887E-03  -4.1272475E-03   8.9094990E-05  -2.4363443E-05
 -3.2529611E-04   3.6035784E-04  -9.5264593E-05  -1.1959578E-02  -1.7981898E-02  -1.9188141E-02  -2.1449952E-02   5.0731799E-03   3.4916092E+01  -4.9234270E-01  -3.0267302E+01   7.6528401E+02   6.5373722E+01  -5.6179849E+01  -5.9569968E+01   1.3525158E+01  -6.2857914E+00   5.8120115E+00  -1.1852309E+01  -2.4387907E+01   4.7882883E-03  -5.7890243E-03   1.1725673E-02   8.2839730E-03   5.2128015E-02   1.1262240E-01   3.8096728E-03   3.5877155E-04
 -1.4886379E-04   6.0386458E-04  -3.6538182E-06  -3.9315836E-03  -4.7927638E-03  -5.3599753E-03  -5.5254763E-03   7.4828378E-04   2.1641781E+00   9.1102921E-01  -3.3237112E+00   6.5373722E+01   5.9059965E+01   3.7937053E+01   1.2878117E+01  -4.8139962E+00  -1.3348968E-01  -1.2415392E+00   3.5742569E+00   4.0455520E+00  -4.7888437E-03   2.5382618E-04  -6.4400749E-03  -2.7174931E-06  -3.6122938E-04  -1.1380311E-02   5.1908266E-05   5.1028599E-05
 -1.1744920E-05   3.4157770E-04   8.7973230E-06  -6.1378780E-05   2.9675284E-03   1.8000382E-03   7.3992849E-03   2.2051674E-04  -1.1243282E+01   1.6431469E+00   7.4973305E+00  -5.6179849E+01   3.7937053E+01   8.2141968E+01   4.8466332E+01  -1.1471015E+01  -5.6320006E-01  -9.5228304E-01   4.4068762E+00   6.8768308E+00  -4.6055477E-03  -3.8694588E-03  -7.4047040E-03   6.4892516E-04  -1.0018493E-02  -3.1728506E-02   3.5379741E-04  -3.6729024E-04
  2.8217846E-05   2.4583224E-04  -2.7044778E-05   1.2846672E-03   7.9367447E-03   4.1636618E-03   2.8267172E-03   7.3461578E-04  -5.3939120E+01   4.9731440E-01   5.2376472E+00  -5.9569968E+01   1.2878117E+01   4.8466332E+01   1.0018356E+02  -9.0079409E+00  -4.7973959E-01  -1.2497112E+00   5.5820959E+00   3.3473937E+01  -7.6083461E-03  -4.2395098E-04  -2.0151951E-02   8.0584674E-03  -4.4015206E-03  -2.2425775E-02   3.9206206E-04  -1.3380760E-03
 -3.3453228E-05   3.9293986E-05  -4.7154221E-06  -9.4997535E-04  -2.5757583E-03  -1.9844473E-03  -3.8208567E-03   7.7053259E-06   1.8346451E-02   4.6594528E-02  -2.6615769E+00   1.3525158E+01  -4.8139962E+00  -1.1471015E+01  -9.0079409E+00   5.6808658E+00   1.0641870E-01  -1.6330271E-01  -2.1460483E+00  -2.6408447E+00   2.9211798E-03   2.4189788E-03   2.2266276E-03   1.6367098E-03   1.7070066E-03   9.8089686E-03  -6.3852206E-05   3.5205114E-05
  4.1508975E-06  -8.3273872E-06  -2.4887395E-06  -1.9927844E-04  -6.4760007E-04   1.7540862E-04  -2.1224982E-03   2.9560099E-05   1.1105244E-01  -2.6901909E-03  -2.1308468E-01  -6.2857914E+00  -1.3348968E-01  -5.6320006E-01  -4.7973959E-01   1.0641870E-01   3.4680046E+00   5.5359508E-01   2.1901125E-01   2.1088933E-01  -6.7815589E-04   1.1758665E-03   5.8828291E-04  -3.7936606E-05  -8.8708918E-05   1.8423935E-03   1.8705913E-04  -1.3216553E-05
 -7.4508644E-06  -2.8407653E-05   6.5158903E-06  -6.1732106E-04  -2.1468658E-03  -3.9927642E-04   4.3044712E-04  -1.0148481E-04   5.3493321E-01  -4.2884534E-03   1.8328162E-01   5.8120115E+00  -1.2415392E+00  -9.5228304E-01  -1.2497112E+00  -1.6330271E-01   5.5359508E-01   3.1246397E+00   2.8623122E+00   2.9756547E+00  -1.9039399E-04   1.1096060E-03   8.1908109E-04   1.6930104E-03   9.1185846E-05   9.6248787E-03  -1.6751642E-04  -3.0973263E-05
 -1.2139438E-05   1.9031811E-06   2.2308364E-05  -8.4306200E-04  -2.5052955E-03  -4.5982900E-04   1.4264176E-03  -1.2841646E-04  -5.9350627E+00   7.5425158E-02   2.7088830E+00  -1.1852309E+01   3.5742569E+00   4.4068762E+00   5.5820959E+00  -2.1460483E+00   2.1901125E-01   2.8623122E+00   1.1311770E+01   2.0165604E+01  -1.3957912E-03   1.6105487E-03  -7.3438525E-03   2.0262054E-03  -1.5045492E-03   1.1898304E-03  -3.7728235E-05   4.0535586E-04
  5.5115234E-06   3.1918817E-05   5.5048139E-05  -2.7584083E-04   4.0750701E-04   8.2876041E-04   2.0598040E-03   4.0064319E-04  -3.3430872E+01   4.8236117E-02   3.5114822E+00  -2.4387907E+01   4.0455520E+00   6.8768308E+00   3.3473937E+01  -2.6408447E+00   2.1088933E-01   2.9756547E+00   2.0165604E+01   5.5237164E+01  -4.4187077E-03   4.1703823E-03  -1.0340038E-02   5.4876682E-03  -7.7728202E-04  -1.2304675E-02   2.3397206E-06   9.3065968E-04
 -5.3782310E-08   2.3233071E-07  -2.6346086E-07  -5.5071239E-06  -9.5769598E-06  -9.7997706E-07   3.3494889E-05   9.2422511E-07   3.4507137E-03   3.2413874E-05  -6.1661249E-04   4.7882883E-03  -4.7888437E-03  -4.6055477E-03  -7.6083461E-03   2.9211798E-03  -6.7815589E-04  -1.9039399E-04  -1.3957912E-03  -4.4187077E-03   1.4082645E-03   2.6241467E-04   8.5373306E-05  -3.4044589E-04  -7.9675169E-05  -9.0199034E-05  -2.4774401E-07  -7.1360478E-08
 -7.3782473E-08   4.0499579E-07   2.7391851E-08  -5.4072066E-06  -1.3269267E-05  -1.9760568E-07   3.2412387E-05  -7.8780032E-07  -3.0532545E-03   4.2320987E-05  -1.2299538E-03  -5.7890243E-03   2.5382618E-04  -3.8694588E-03  -4.2395098E-04   2.4189788E-03   1.1758665E-03   1.1096060E-03   1.6105487E-03   4.1703823E-03   2.6241467E-04   8.7585345E-04  -9.9442856E-07   7.7376964E-04   3.0105387E-05  -8.6393965E-04  -2.6901806E-07  -1.3628482E-07
 -1.0484839E-08   5.4116221E-07  -8.5481080E-08   7.9746760E-06   2.2877153E-05   2.1507853E-06  -6.0947748E-05   3.1529487E-06   1.0541549E-02   1.0595174E-05  -3.0515082E-03   1.1725673E-02  -6.4400749E-03  -7.4047040E-03  -2.0151951E-02   2.2266276E-03   5.8828291E-04   8.1908109E-04  -7.3438525E-03  -1.0340038E-02   8.5373306E-05  -9.9442856E-07   7.0901321E-03  -3.9944515E-04   5.0043757E-04   3.8846027E-03  -6.8067183E-07   4.0310085E-08
 -3.8385962E-07   1.0046031E-06   1.4303550E-07  -6.1892904E-06  -1.1485754E-05  -6.2768348E-07   6.0882848E-05   2.0859528E-07  -6.5152167E-03   1.2395954E-04  -1.1816284E-03   8.2839730E-03  -2.7174931E-06   6.4892516E-04   8.0584674E-03   1.6367098E-03  -3.7936606E-05   1.6930104E-03   2.0262054E-03   5.4876682E-03  -3.4044589E-04   7.7376964E-04  -3.9944515E-04   2.9351698E-03   4.3790084E-04  -1.3664610E-03  -9.2089744E-08  -6.9398187E-09
 -4.4535187E-07   1.4133437E-06  -2.4098831E-07   5.6369890E-06   1.2906202E-05  -4.7472827E-06  -1.6123647E-05   7.3104460E-07   1.8965407E-03  -2.2660664E-04  -2.9477887E-03   5.2128015E-02  -3.6122938E-04  -1.0018493E-02  -4.4015206E-03   1.7070066E-03  -8.8708918E-05   9.1185846E-05  -1.5045492E-03  -7.7728202E-04  -7.9675169E-05   3.0105387E-05   5.0043757E-04   4.3790084E-04   6.2392564E-03   7.6380735E-03   5.1322766E-07   6.9886213E-08
 -2.0688296E-06   1.1683519E-05  -1.9825371E-06  -4.2394311E-05  -5.5024665E-05  -3.1795219E-05  -5.1365932E-05   8.1521357E-06   1.7278583E-02  -8.1591196E-04  -4.1272475E-03   1.1262240E-01  -1.1380311E-02  -3.1728506E-02  -2.2425775E-02   9.8089686E-03   1.8423935E-03   9.6248787E-03   1.1898304E-03  -1.2304675E-02  -9.0199034E-05  -8.6393965E-04   3.8846027E-03  -1.3664610E-03   7.6380735E-03   6.9752064E-02  -8.1309252E-08  -2.2974513E-06
  2.8754838E-09  -6.5233405E-09   3.5107414E-10  -2.9786712E-08   1.6229307E-07  -9.9118045E-08  -7.8356257E-07   3.4673506E-08  -1.5121780E-04   4.8022060E-06   8.9094990E-05   3.8096728E-03   5.1908266E-05   3.5379741E-04   3.9206206E-04  -6.3852206E-05   1.8705913E-04  -1.6751642E-04  -3.7728235E-05   2.3397206E-06  -2.4774401E-07  -2.6901806E-07  -6.8067183E-07  -9.2089744E-08   5.1322766E-07  -8.1309252E-08   3.7473732E-07  -1.8673322E-09
 -2.5500815E-09   1.0787307E-08   1.9920198E-09  -1.2344549E-07  -2.4823344E-07  -9.9531644E-08  -2.6013053E-07  -5.5052553E-09   6.7987192E-04  -2.6146712E-06  -2.4363443E-05   3.5877155E-04   5.1028599E-05  -3.6729024E-04  -1.3380760E-03   3.5205114E-05  -1.3216553E-05  -3.0973263E-05   4.0535586E-04   9.3065968E-04  -7.1360478E-08  -1.3628482E-07   4.0310085E-08  -6.9398187E-09   6.9886213E-08  -2.2974513E-06  -1.8673322E-09   3.7964802E-07
