# omegabh2 omegach2 theta tau logA ns calPlanck acib217 xi asz143 aps100 aps143 aps143217 aps217 aksz kgal100 kgal143 kgal143217 kgal217 cal0 cal2
  3.5568171E-08  -3.6401333E-08   1.6166019E-08   1.9872254E-07   3.8981087E-07   2.4213746E-07  -3.8755591E-10  -1.4886786E-04   4.4447912E-06   3.7680817E-05  -7.2487278E-04  -4.0290695E-04  -1.0194049E-04  -2.2332951E-05  -5.1214186E-05   6.5102562E-06   2.4053182E-07   2.5311569E-06   3.5897393E-05   5.8598292E-09  -2.4537579E-09
 -3.6401333E-08   1.0945752E-06  -2.5027872E-08  -2.9894777E-06  -3.9940892E-06  -2.2829691E-06  -3.3523428E-07   2.2166108E-05  -4.6255245E-06  -4.6844973E-05   2.7386004E-04   2.3387578E-04   7.1645280E-05   7.8772819E-05   1.0979660E-05   3.3288108E-05   2.7684709E-05   3.0698636E-05   1.6112915E-04  -7.1846416E-09   3.5086190E-08
  1.6166019E-08  -2.5027872E-08   1.6703173E-07   3.6705893E-07   9.9342784E-07   2.9033211E-07   6.4732345E-08  -3.9396561E-05   3.7560566E-06   4.5438123E-06   1.1186105E-04   6.0020811E-05   6.8223000E-05   3.7466972E-05  -8.7426383E-06   2.0653451E-05   7.6611678E-06   5.2193016E-05   7.9184684E-05   1.2360493E-08  -1.3941667E-08
  1.9872254E-07  -2.9894777E-06   3.6705893E-07   5.6091727E-05   1.0515558E-04   8.0380694E-06   3.8508402E-07  -4.6593315E-04  -3.6401319E-05   5.4533377E-04  -2.3572127E-03  -2.6806946E-03  -2.6634921E-03  -1.6008941E-03  -8.9575342E-04   4.9696392E-04   3.6921284E-04   1.1873548E-03   1.5504084E-03   5.9720049E-09  -1.2024953E-07
  3.8981087E-07  -3.9940892E-06   9.9342784E-07   1.0515558E-04   2.2697097E-04   1.0553184E-05   1.2004747E-05  -1.4672231E-03  -7.2750754E-05   5.6373698E-04   3.5750150E-03  -4.7139390E-03  -4.9745664E-03   1.9986436E-03  -2.0831810E-03   6.6385966E-04   4.2521085E-04   1.4875909E-03   4.9163013E-03   1.5523439E-07  -1.8679609E-07
  2.4213746E-07  -2.2829691E-06   2.9033211E-07   8.0380694E-06   1.0553184E-05   1.6596064E-05   9.0592649E-07  -4.6866648E-03   1.2204920E-04   1.2536175E-03  -2.6703104E-02  -7.9628166E-03   2.6581197E-03   5.4483586E-03  -2.7209657E-03   5.2892395E-04  -2.5900174E-04  -3.5312927E-04   1.1435270E-03   4.3039421E-08  -1.2494185E-07
 -3.8755591E-10  -3.3523428E-07   6.4732345E-08   3.8508402E-07   1.2004747E-05   9.0592649E-07   6.0589522E-06   3.0595940E-04  -1.5787464E-05  -1.3381845E-04   5.1924093E-03  -2.0199848E-04  -6.0770646E-04   1.2557418E-03   1.8595711E-04  -1.9242827E-06   1.0288780E-04  -2.0881522E-04   9.3992887E-04  -1.0527407E-08   1.3975169E-08
 -1.4886786E-04   2.2166108E-05  -3.9396561E-05  -4.6593315E-04  -1.4672231E-03  -4.6866648E-03   3.0595940E-04   4.5248963E+01  -3.6996797E-01  -1.3785439E+00   3.6718643E+01   2.6257054E+00  -1.4208819E+01  -5.6490762E+01   1.2933801E-02   7.5099798E-02   3.6041928E-01  -6.5354713E+00  -3.4834946E+01  -3.4535324E-04   6.7833262E-04
  4.4447912E-06  -4.6255245E-06   3.7560566E-06  -3.6401319E-05  -7.2750754E-05   1.2204920E-04  -1.5787464E-05  -3.6996797E-01   8.2981951E-02  -4.1074590E-02  -4.2451459E-01   8.5195089E-01   1.6763705E+00   5.8382676E-01   4.3474064E-02  -2.6766160E-02   1.9213600E-02   1.0585599E-01   1.1973411E-01   7.3085470E-06  -4.5375862E-06
  3.7680817E-05  -4.6844973E-05   4.5438123E-06   5.4533377E-04   5.6373698E-04   1.2536175E-03  -1.3381845E-04  -1.3785439E+00  -4.1074590E-02   3.7839925E+00  -2.8678292E+01  -3.5112457E+00   7.8200789E+00   6.2027157E+00  -2.7578672E+00  -1.7354517E-01   1.4708614E-01   2.5019726E+00   3.2390502E+00   1.3813302E-04  -9.1426670E-05
 -7.2487278E-04   2.7386004E-04   1.1186105E-04  -2.3572127E-03   3.5750150E-03  -2.6703104E-02   5.1924093E-03   3.6718643E+01  -4.2451459E-01  -2.8678292E+01   7.6994449E+02   7.6475501E+01  -4.7936732E+01  -6.1138054E+01   1.3391193E+01  -6.5790920E+00   6.8272529E+00  -7.3296414E+00  -1.5901271E+01   3.6667370E-03   1.0645821E-03
 -4.0290695E-04   2.3387578E-04   6.0020811E-05  -2.6806946E-03  -4.7139390E-03  -7.9628166E-03  -2.0199848E-04   2.6257054E+00   8.5195089E-01  -3.5112457E+00   7.6475501E+01   6.4482205E+01   3.9036114E+01   1.4238360E+01  -4.8180404E+00  -9.2733956E-01  -9.8431399E-01   4.1493024E+00   5.1580989E+00   1.6756721E-05   1.0860610E-04
 -1.0194049E-04   7.1645280E-05   6.8223000E-05  -2.6634921E-03  -4.9745664E-03   2.6581197E-03  -6.0770646E-04  -1.4208819E+01   1.6763705E+00   7.8200789E+00  -4.7936732E+01   3.9036114E+01   8.6082959E+01   5.5915083E+01  -1.2112029E+01  -1.1350230E+00  -5.1517951E-01   4.6379101E+00   7.7443564E+00   6.6431708E-04  -6.4483026E-04
 -2.2332951E-05   7.8772819E-05   3.7466972E-05  -1.6008941E-03   1.9986436E-03   5.4483586E-03   1.2557418E-03  -5.6490762E+01   5.8382676E-01   6.2027157E+00  -6.1138054E+01   1.4238360E+01   5.5915083E+01   1.0812982E+02  -9.7495806E+00  -6.5669157E-01  -9.0353668E-01   6.3269366E+00   3.5378623E+01   7.3549517E-04  -1.3939801E-03
 -5.1214186E-05   1.0979660E-05  -8.7426383E-06  -8.9575342E-04  -2.0831810E-03  -2.7209657E-03   1.8595711E-04   1.2933801E-02   4.3474064E-02  -2.7578672E+00   1.3391193E+01  -4.8180404E+00  -1.2112029E+01  -9.7495806E+00   6.1723140E+00   1.4509973E-01  -2.8408514E-01  -2.1669654E+00  -2.3615357E+00  -1.3328777E-04   3.8101958E-05
  6.5102562E-06   3.3288108E-05   2.0653451E-05   4.9696392E-04   6.6385966E-04   5.2892395E-04  -1.9242827E-06   7.5099798E-02  -2.6766160E-02  -1.7354517E-01  -6.5790920E+00  -9.2733956E-01  -1.1350230E+00  -6.5669157E-01   1.4509973E-01   3.3738675E+00   4.1785019E-01  -9.3580381E-02  -1.7599689E-02   1.8014418E-04   2.2315780E-05
  2.4053182E-07   2.7684709E-05   7.6611678E-06   3.6921284E-04   4.2521085E-04  -2.5900174E-04   1.0288780E-04   3.6041928E-01   1.9213600E-02   1.4708614E-01   6.8272529E+00  -9.8431399E-01  -5.1517951E-01  -9.0353668E-01  -2.8408514E-01   4.1785019E-01   3.3575517E+00   3.0202142E+00   3.1984621E+00  -1.7674263E-04  -3.4471812E-05
  2.5311569E-06   3.0698636E-05   5.2193016E-05   1.1873548E-03   1.4875909E-03  -3.5312927E-04  -2.0881522E-04  -6.5354713E+00   1.0585599E-01   2.5019726E+00  -7.3296414E+00   4.1493024E+00   4.6379101E+00   6.3269366E+00  -2.1669654E+00  -9.3580381E-02   3.0202142E+00   1.1544458E+01   2.0762298E+01  -2.6370479E-05   4.0458848E-04
  3.5897393E-05   1.6112915E-04   7.9184684E-05   1.5504084E-03   4.9163013E-03   1.1435270E-03   9.3992887E-04  -3.4834946E+01   1.1973411E-01   3.2390502E+00  -1.5901271E+01   5.1580989E+00   7.7443564E+00   3.5378623E+01  -2.3615357E+00  -1.7599689E-02   3.1984621E+00   2.0762298E+01   5.6887181E+01   1.4108233E-04   9.7554659E-04
  5.8598292E-09  -7.1846416E-09   1.2360493E-08   5.9720049E-09   1.5523439E-07   4.3039421E-08  -1.0527407E-08  -3.4535324E-04   7.3085470E-06   1.3813302E-04   3.6667370E-03   1.6756721E-05   6.6431708E-04   7.3549517E-04  -1.3328777E-04   1.8014418E-04  -1.7674263E-04  -2.6370479E-05   1.4108233E-04   4.0523053E-07   5.0179570E-09
 -2.4537579E-09   3.5086190E-08  -1.3941667E-08  -1.2024953E-07  -1.8679609E-07  -1.2494185E-07   1.3975169E-08   6.7833262E-04  -4.5375862E-06  -9.1426670E-05   1.0645821E-03   1.0860610E-04  -6.4483026E-04  -1.3939801E-03   3.8101958E-05   2.2315780E-05  -3.4471812E-05   4.0458848E-04   9.7554659E-04   5.0179570E-09   3.8875343E-07
