# omegabh2 omegach2 theta tau yhe logA ns calPlanck aps100 aps143 aps217 acib217 asz143 psr cibr xi aksz dust100 dust143 dust217 dust143x217 cal0 cal2 calTE calEE
  2.2474122E-08  -4.7628834E-08   1.5440047E-08   1.8744808E-07   1.3263709E-07   4.0357752E-07   2.1329047E-07   2.2524373E-08  -3.5664297E-04  -2.1572912E-04   7.2372028E-05  -1.0133661E-04   1.7955318E-05   3.4402727E-07  -1.8097285E-06  -3.4746753E-07  -2.4153678E-05   9.3122329E-07  -9.6523183E-08   6.8671598E-07   3.8829133E-07   1.1258541E-09  -4.1142668E-09  -7.4256367E-08  -2.3996129E-07
 -4.7628834E-08   8.9337270E-07  -5.4683410E-08  -1.9451063E-06  -6.5385332E-09  -2.2522517E-06  -1.9776622E-06  -1.8592132E-07   5.8396310E-04   4.3512652E-04  -2.5078461E-04   2.3162174E-04  -5.2695565E-05  -2.7836323E-06   4.7497773E-06  -5.6640929E-06   7.9840209E-05   1.6877161E-06   3.5048741E-06  -1.0718527E-06  -1.5646129E-06  -2.2532936E-08   1.6649803E-08  -2.3327803E-07  -5.9363448E-07
  1.5440047E-08  -5.4683410E-08   1.0684934E-07   2.4098574E-07   5.3500827E-07   6.1983045E-07   4.3278422E-07   1.9277383E-08  -5.3300085E-06   9.9414894E-05  -1.0530887E-04   7.2762209E-05  -1.0540172E-05  -1.1464935E-06   5.9373039E-07  -9.1679157E-07   2.1318383E-05   1.4333160E-06   1.7925973E-06  -2.8785002E-07   1.2971162E-06  -1.0623787E-08   1.1943118E-09   4.5959732E-09   1.2314802E-07
  1.8744808E-07  -1.9451063E-06   2.4098574E-07   4.4136902E-05   1.0230682E-06   8.0860167E-05   7.2065782E-06  -1.0654112E-06  -1.0083223E-02  -5.5374840E-03  -8.2227458E-04  -1.2661762E-03   2.0141872E-04   3.5305520E-05  -9.0065595E-05   3.2792505E-05   4.6613986E-05   1.3196893E-05   2.2541110E-05  -4.5125892E-06   2.8689070E-05  -3.0503131E-07  -1.6868866E-07  -2.4515104E-06  -2.2121381E-06
  1.3263709E-07  -6.5385332E-09   5.3500827E-07   1.0230682E-06   1.4443118E-05   5.3480146E-06   5.3440672E-06  -1.6291288E-07   3.7609920E-03   3.5205886E-03  -1.0251560E-03   1.6395641E-03  -5.9777062E-05  -1.0896430E-05   3.4219707E-05  -1.4445647E-05   3.6597183E-04   1.3759011E-05   1.6526541E-05  -3.0173332E-06   1.0914262E-05  -6.8126555E-08   1.5699595E-07   1.8544238E-06   2.8436999E-06
  4.0357752E-07  -2.2522517E-06   6.1983045E-07   8.0860167E-05   5.3480146E-06   1.7831837E-04   9.6944507E-06   9.4974767E-06  -9.8425200E-03  -6.7695008E-03   4.2231602E-03  -2.6270481E-03   1.8121135E-05   5.1794298E-05  -2.0356802E-04  -2.3258187E-06  -2.3314254E-04   1.6849358E-05  -3.9753851E-05   1.1960132E-05   4.3279045E-05  -1.1006319E-07  -2.2456426E-07  -5.3383113E-06  -3.2209828E-06
  2.1329047E-07  -1.9776622E-06   4.3278422E-07   7.2065782E-06   5.3440672E-06   9.6944507E-06   1.6398840E-05   2.1407093E-07  -1.8589919E-02  -5.2903975E-03   7.8244572E-03  -5.0592400E-03   4.8696628E-04   4.7565181E-05  -8.1175648E-05   4.7961768E-05  -1.7646039E-03   3.6333425E-05  -2.1408586E-05   2.6175243E-05  -1.1674378E-05  -3.0738326E-07  -3.1919940E-07   6.8710899E-07  -1.6502118E-06
  2.2524373E-08  -1.8592132E-07   1.9277383E-08  -1.0654112E-06  -1.6291288E-07   9.4974767E-06   2.1407093E-07   6.0782319E-06   4.3627110E-03   7.8094988E-04   9.5944045E-04   4.9760119E-04  -1.4627157E-04  -1.5944592E-05   6.7725197E-07  -3.8104534E-05   1.7984321E-04  -3.0256998E-06  -2.1218160E-06   6.8501006E-06  -1.2031979E-06  -2.0621029E-08  -1.3927860E-08  -3.4625734E-07  -3.1472186E-07
 -3.5664297E-04   5.8396310E-04  -5.3300085E-06  -1.0083223E-02   3.7609920E-03  -9.8425200E-03  -1.8589919E-02   4.3627110E-03   6.0542983E+02   5.9193744E+01  -4.6078115E+01   2.3953872E+01  -2.5606297E+01  -7.7224788E-01  -3.2861708E-01  -1.4275587E-02   1.0954065E+01  -2.2261345E-01   2.7345364E-01  -1.9937186E-01  -1.6367907E-01   7.0893570E-03   2.4092381E-03   1.5931539E-03   5.8636917E-03
 -2.1572912E-04   4.3512652E-04   9.9414894E-05  -5.5374840E-03   3.5205886E-03  -6.7695008E-03  -5.2903975E-03   7.8094988E-04   5.9193744E+01   6.7592464E+01   9.3885267E+00   6.1691244E+00  -3.5804754E-01  -2.2366111E-02   4.8428100E-01   9.2934379E-01  -8.3162950E+00  -4.9363063E-02  -2.4274829E-01   6.0172772E-02   5.4483553E-02   9.5132533E-04   7.2600006E-04   2.6344796E-03   6.0081685E-03
  7.2372028E-05  -2.5078461E-04  -1.0530887E-04  -8.2227458E-04  -1.0251560E-03   4.2231602E-03   7.8244572E-03   9.5944045E-04  -4.6078115E+01   9.3885267E+00   1.6661075E+02  -7.8959475E+01   2.4975832E+00   3.0242294E-01  -9.7465669E-01   2.6162472E-01  -7.1983243E+00  -5.2774548E-02  -3.0105494E-01   5.3199616E-01  -4.0259226E-02   1.6831771E-03  -7.2394070E-03   1.9864063E-03   2.0747878E-03
 -1.0133661E-04   2.3162174E-04   7.2762209E-05  -1.2661762E-03   1.6395641E-03  -2.6270481E-03  -5.0592400E-03   4.9760119E-04   2.3953872E+01   6.1691244E+00  -7.8959475E+01   4.9754215E+01   1.9653509E+00  -6.6138617E-03   6.7569406E-01  -2.0508573E-01  -2.7579751E+00   1.2787995E-02   1.7642178E-01  -4.3687884E-01  -7.6995779E-02  -5.0413253E-04   2.8750089E-03  -6.0813190E-04   1.1071604E-03
  1.7955318E-05  -5.2695565E-05  -1.0540172E-05   2.0141872E-04  -5.9777062E-05   1.8121135E-05   4.8696628E-04  -1.4627157E-04  -2.5606297E+01  -3.5804754E-01   2.4975832E+00   1.9653509E+00   4.4574115E+00   1.0525863E-01   1.6635562E-01  -4.2256276E-02  -3.6095301E+00  -1.3459636E-02  -1.1618042E-02   3.5356365E-03   4.9016260E-02   4.8052753E-04  -2.5049272E-04  -9.7631828E-06   8.8735815E-06
  3.4402727E-07  -2.7836323E-06  -1.1464935E-06   3.5305520E-05  -1.0896430E-05   5.1794298E-05   4.7565181E-05  -1.5944592E-05  -7.7224788E-01  -2.2366111E-02   3.0242294E-01  -6.6138617E-03   1.0525863E-01   1.6565232E-02  -1.6322521E-02   1.1218652E-02  -1.0680774E-01  -6.6482830E-04  -7.1790837E-04  -3.2499554E-03   5.1535845E-03   1.7534461E-05  -4.2040341E-05   1.2391967E-05   5.6189516E-06
 -1.8097285E-06   4.7497773E-06   5.9373039E-07  -9.0065595E-05   3.4219707E-05  -2.0356802E-04  -8.1175648E-05   6.7725197E-07  -3.2861708E-01   4.8428100E-01  -9.7465669E-01   6.7569406E-01   1.6635562E-01  -1.6322521E-02   6.8856246E-02   6.0606193E-03  -1.6319347E-01   1.4634540E-03   5.9410385E-03   3.4352888E-04  -1.7910032E-02  -1.4970976E-06   9.5854123E-05  -1.8065623E-05   3.4210417E-05
 -3.4746753E-07  -5.6640929E-06  -9.1679157E-07   3.2792505E-05  -1.4445647E-05  -2.3258187E-06   4.7961768E-05  -3.8104534E-05  -1.4275587E-02   9.2934379E-01   2.6162472E-01  -2.0508573E-01  -4.2256276E-02   1.1218652E-02   6.0606193E-03   8.2468988E-02   4.1077164E-02   1.5661001E-04   5.3291128E-04   4.2036400E-04  -1.0131968E-04   1.7856892E-05  -1.1869601E-05   2.2729162E-05   1.9635115E-05
 -2.4153678E-05   7.9840209E-05   2.1318383E-05   4.6613986E-05   3.6597183E-04  -2.3314254E-04  -1.7646039E-03   1.7984321E-04   1.0954065E+01  -8.3162950E+00  -7.1983243E+00  -2.7579751E+00  -3.6095301E+00  -1.0680774E-01  -1.6319347E-01   4.1077164E-02   7.4575087E+00   3.7587846E-03   5.7614951E-03  -2.5774742E-03  -4.8913094E-02  -4.1219797E-04   9.1803162E-05  -2.0863023E-04  -2.8823688E-04
  9.3122329E-07   1.6877161E-06   1.4333160E-06   1.3196893E-05   1.3759011E-05   1.6849358E-05   3.6333425E-05  -3.0256998E-06  -2.2261345E-01  -4.9363063E-02  -5.2774548E-02   1.2787995E-02  -1.3459636E-02  -6.6482830E-04   1.4634540E-03   1.5661001E-04   3.7587846E-03   3.8503676E-02   2.7210232E-03  -1.7886577E-04  -6.2911348E-04   3.6247476E-05  -4.8671793E-07  -1.4816045E-05  -2.1118711E-05
 -9.6523183E-08   3.5048741E-06   1.7925973E-06   2.2541110E-05   1.6526541E-05  -3.9753851E-05  -2.1408586E-05  -2.1218160E-06   2.7345364E-01  -2.4274829E-01  -3.0105494E-01   1.7642178E-01  -1.1618042E-02  -7.1790837E-04   5.9410385E-03   5.3291128E-04   5.7614951E-03   2.7210232E-03   3.1321887E-02  -1.1439923E-03   5.2441345E-03  -8.3903062E-05  -4.6387751E-05  -8.5919199E-05  -8.5758090E-05
  6.8671598E-07  -1.0718527E-06  -2.8785002E-07  -4.5125892E-06  -3.0173332E-06   1.1960132E-05   2.6175243E-05   6.8501006E-06  -1.9937186E-01   6.0172772E-02   5.3199616E-01  -4.3687884E-01   3.5356365E-03  -3.2499554E-03   3.4352888E-04   4.2036400E-04  -2.5774742E-03  -1.7886577E-04  -1.1439923E-03   1.0635725E-02   8.0138503E-03   4.4440965E-06   6.7165608E-05   1.4098873E-05  -1.4074240E-05
  3.8829133E-07  -1.5646129E-06   1.2971162E-06   2.8689070E-05   1.0914262E-05   4.3279045E-05  -1.1674378E-05  -1.2031979E-06  -1.6367907E-01   5.4483553E-02  -4.0259226E-02  -7.6995779E-02   4.9016260E-02   5.1535845E-03  -1.7910032E-02  -1.0131968E-04  -4.8913094E-02  -6.2911348E-04   5.2441345E-03   8.0138503E-03   2.6337355E-02  -4.7715998E-06   5.8903594E-05   4.9507405E-06  -2.1531939E-05
  1.1258541E-09  -2.2532936E-08  -1.0623787E-08  -3.0503131E-07  -6.8126555E-08  -1.1006319E-07  -3.0738326E-07  -2.0621029E-08   7.0893570E-03   9.5132533E-04   1.6831771E-03  -5.0413253E-04   4.8052753E-04   1.7534461E-05  -1.4970976E-06   1.7856892E-05  -4.1219797E-04   3.6247476E-05  -8.3903062E-05   4.4440965E-06  -4.7715998E-06   1.1491498E-06   7.2739015E-08   4.4828089E-07   6.4059683E-07
 -4.1142668E-09   1.6649803E-08   1.1943118E-09  -1.6868866E-07   1.5699595E-07  -2.2456426E-07  -3.1919940E-07  -1.3927860E-08   2.4092381E-03   7.2600006E-04  -7.2394070E-03   2.8750089E-03  -2.5049272E-04  -4.2040341E-05   9.5854123E-05  -1.1869601E-05   9.1803162E-05  -4.8671793E-07  -4.6387751E-05   6.7165608E-05   5.8903594E-05   7.2739015E-08   2.5149669E-06   3.3636431E-07   5.8965042E-08
 -7.4256367E-08  -2.3327803E-07   4.5959732E-09  -2.4515104E-06   1.8544238E-06  -5.3383113E-06   6.8710899E-07  -3.4625734E-07   1.5931539E-03   2.6344796E-03   1.9864063E-03  -6.0813190E-04  -9.7631828E-06   1.2391967E-05  -1.8065623E-05   2.2729162E-05  -2.0863023E-04  -1.4816045E-05  -8.5919199E-05   1.4098873E-05   4.9507405E-06   4.4828089E-07   3.3636431E-07   2.3325420E-05   8.0718073E-06
 -2.3996129E-07  -5.9363448E-07   1.2314802E-07  -2.2121381E-06   2.8436999E-06  -3.2209828E-06  -1.6502118E-06  -3.1472186E-07   5.8636917E-03   6.0081685E-03   2.0747878E-03   1.1071604E-03   8.8735815E-06   5.6189516E-06   3.4210417E-05   1.9635115E-05  -2.8823688E-04  -2.1118711E-05  -8.5758090E-05  -1.4074240E-05  -2.1531939E-05   6.4059683E-07   5.8965042E-08   8.0718073E-06   2.4494490E-05
