# omegabh2 omegach2 theta tau mnu logA ns calPlanck acib217 xi asz143 aps100 aps143 aps143217 aps217 aksz kgal100 kgal143 kgal143217 kgal217 cal0 cal2
    0.7173443E-07   -0.4159517E-06    0.8886081E-07    0.4635970E-06   -0.3104147E-04    0.2817467E-06    0.1235784E-05    0.3416584E-07   -0.3150797E-03    0.6088987E-05    0.7948521E-04   -0.1185453E-02   -0.7341214E-03   -0.1841770E-03    0.5221422E-04   -0.1116351E-03   -0.1815663E-05    0.2571305E-05   -0.3673069E-04   -0.1174367E-05    0.5973410E-08   -0.4219297E-07
   -0.4159517E-06    0.5446837E-05   -0.7552344E-06   -0.8580141E-05    0.3084720E-03   -0.6770388E-05   -0.1399380E-04   -0.4297507E-06    0.1984260E-02   -0.3038576E-04   -0.3706451E-03    0.6531603E-02    0.3976756E-02    0.1208434E-02   -0.6744809E-03    0.6644780E-03    0.7102764E-04    0.1370222E-03    0.4753395E-03    0.2939394E-03   -0.5343598E-07    0.3450263E-06
    0.8886081E-07   -0.7552344E-06    0.2888074E-06    0.9010471E-06   -0.6153371E-04    0.7342835E-06    0.2239043E-05    0.8344796E-07   -0.3336735E-03    0.3907976E-05    0.8806467E-04   -0.1656157E-02   -0.7882762E-03   -0.2126309E-03    0.8898436E-04   -0.1358216E-03   -0.1527905E-04   -0.1535157E-04   -0.6271976E-04   -0.1380376E-04   -0.3155898E-08   -0.5140301E-07
    0.4635970E-06   -0.8580141E-05    0.9010471E-06    0.1323788E-03    0.4255776E-03    0.2410203E-03    0.2531931E-04    0.1000031E-07   -0.6322068E-02    0.1290075E-03    0.9102089E-03   -0.2042162E-01   -0.7513984E-02    0.7949210E-03    0.6616962E-02   -0.1419208E-02    0.2515059E-03   -0.4625176E-03   -0.1146309E-02    0.4367321E-03    0.1144983E-06   -0.5747507E-06
   -0.3104147E-04    0.3084720E-03   -0.6153371E-04    0.4255776E-03    0.3786354E-01    0.1432018E-02   -0.8708510E-03    0.1844619E-04    0.1293474E+00   -0.1146539E-02   -0.3241942E-01    0.5467378E+00    0.3287079E+00    0.1290653E+00    0.2913298E-01    0.4644743E-01    0.4711375E-02   -0.7775206E-03    0.1892289E-01    0.1199915E-01    0.1919082E-05    0.2249855E-04
    0.2817467E-06   -0.6770388E-05    0.7342835E-06    0.2410203E-03    0.1432018E-02    0.4838051E-03    0.2244335E-04    0.1169493E-04   -0.8894330E-02    0.2906195E-03    0.1053422E-02   -0.2400052E-01   -0.4665070E-02    0.8298587E-02    0.1802883E-01   -0.2707179E-02    0.3618428E-03   -0.1312430E-02   -0.2249089E-02    0.2385001E-02    0.3370618E-06   -0.6079896E-06
    0.1235784E-05   -0.1399380E-04    0.2239043E-05    0.2531931E-04   -0.8708510E-03    0.2244335E-04    0.4747277E-04    0.1071669E-05   -0.1033338E-01    0.1923583E-03    0.2274029E-02   -0.4333369E-01   -0.1645755E-01    0.7688543E-03    0.8646500E-02   -0.4431019E-02    0.2023819E-03   -0.4011256E-03   -0.1335289E-02    0.4596273E-03   -0.3858631E-07   -0.1268803E-05
    0.3416584E-07   -0.4297507E-06    0.8344796E-07    0.1000031E-07    0.1844619E-04    0.1169493E-04    0.1071669E-05    0.6300166E-05    0.7094337E-03    0.1931263E-04   -0.1146824E-03    0.4004956E-02    0.8572291E-03    0.6598543E-03    0.1294014E-02   -0.1654442E-04    0.1174794E-04   -0.1441978E-04   -0.2711952E-03    0.4073297E-03   -0.1599917E-07   -0.6303568E-07
   -0.3150797E-03    0.1984260E-02   -0.3336735E-03   -0.6322068E-02    0.1293474E+00   -0.8894330E-02   -0.1033338E-01    0.7094337E-03    0.4406060E+02   -0.4707561E+00   -0.2134110E+01    0.4886620E+02    0.3329784E+01   -0.2015806E+02   -0.6039703E+02    0.7330315E+00   -0.1069802E+00   -0.8245918E-01   -0.2702112E+01   -0.1987804E+02   -0.2413398E-03    0.4183023E-02
    0.6088987E-05   -0.3038576E-04    0.3907976E-05    0.1290075E-03   -0.1146539E-02    0.2906195E-03    0.1923583E-03    0.1931263E-04   -0.4707561E+00    0.8102534E-01   -0.8318592E-01   -0.5928653E+00    0.9456656E+00    0.1757270E+01    0.6987058E+00    0.6843448E-01    0.3383758E-02    0.5371082E-02    0.7640173E-01    0.8567250E-01    0.2588641E-05   -0.1415756E-04
    0.7948521E-04   -0.3706451E-03    0.8806467E-04    0.9102089E-03   -0.3241942E-01    0.1053422E-02    0.2274029E-02   -0.1146824E-03   -0.2134110E+01   -0.8318592E-01    0.3954647E+01   -0.3025728E+02   -0.4274352E+01    0.8039326E+01    0.7411020E+01   -0.3021401E+01   -0.2013775E+00    0.4702317E-01    0.2569058E+01    0.2554241E+01    0.1952878E-03   -0.3804280E-03
   -0.1185453E-02    0.6531603E-02   -0.1656157E-02   -0.2042162E-01    0.5467378E+00   -0.2400052E-01   -0.4333369E-01    0.4004956E-02    0.4886620E+02   -0.5928653E+00   -0.3025728E+02    0.7699176E+03    0.7159872E+02   -0.6322042E+02   -0.7680511E+02    0.1499591E+02   -0.3240554E+01    0.2654044E+01   -0.1478566E+02   -0.2306985E+02    0.6092518E-02    0.3962780E-02
   -0.7341214E-03    0.3976756E-02   -0.7882762E-03   -0.7513984E-02    0.3287079E+00   -0.4665070E-02   -0.1645755E-01    0.8572291E-03    0.3329784E+01    0.9456656E+00   -0.4274352E+01    0.7159872E+02    0.6653938E+02    0.4610566E+02    0.1834049E+02   -0.4764671E+01   -0.3224334E+00   -0.1537435E+01    0.3237552E+01    0.2705286E+01    0.1068288E-03    0.5915010E-03
   -0.1841770E-03    0.1208434E-02   -0.2126309E-03    0.7949210E-03    0.1290653E+00    0.8298587E-02    0.7688543E-03    0.6598543E-03   -0.2015806E+02    0.1757270E+01    0.8039326E+01   -0.6322042E+02    0.4610566E+02    0.9895773E+02    0.6841910E+02   -0.1351736E+02   -0.6165691E+00   -0.9586800E+00    0.5033097E+01    0.6418281E+01    0.7221825E-03   -0.2163308E-02
    0.5221422E-04   -0.6744809E-03    0.8898436E-04    0.6616962E-02    0.2913298E-01    0.1802883E-01    0.8646500E-02    0.1294014E-02   -0.6039703E+02    0.6987058E+00    0.7411020E+01   -0.7680511E+02    0.1834049E+02    0.6841910E+02    0.1220281E+03   -0.1167535E+02   -0.2849148E+00   -0.6516442E+00    0.7800231E+00    0.1728901E+02    0.7105636E-03   -0.7177808E-02
   -0.1116351E-03    0.6644780E-03   -0.1358216E-03   -0.1419208E-02    0.4644743E-01   -0.2707179E-02   -0.4431019E-02   -0.1654442E-04    0.7330315E+00    0.6843448E-01   -0.3021401E+01    0.1499591E+02   -0.4764671E+01   -0.1351736E+02   -0.1167535E+02    0.6816904E+01    0.1267030E+00    0.1226462E+00   -0.2090965E+01   -0.1885840E+01   -0.1972958E-03    0.1741645E-03
   -0.1815663E-05    0.7102764E-04   -0.1527905E-04    0.2515059E-03    0.4711375E-02    0.3618428E-03    0.2023819E-03    0.1174794E-04   -0.1069802E+00    0.3383758E-02   -0.2013775E+00   -0.3240554E+01   -0.3224334E+00   -0.6165691E+00   -0.2849148E+00    0.1267030E+00    0.3514467E+01    0.5138940E+00    0.1753204E+00    0.2819268E+00    0.2793079E-03   -0.2478215E-04
    0.2571305E-05    0.1370222E-03   -0.1535157E-04   -0.4625176E-03   -0.7775206E-03   -0.1312430E-02   -0.4011256E-03   -0.1441978E-04   -0.8245918E-01    0.5371082E-02    0.4702317E-01    0.2654044E+01   -0.1537435E+01   -0.9586800E+00   -0.6516442E+00    0.1226462E+00    0.5138940E+00    0.3434157E+01    0.2668351E+01    0.1870226E+01   -0.2916125E-03   -0.2788729E-03
   -0.3673069E-04    0.4753395E-03   -0.6271976E-04   -0.1146309E-02    0.1892289E-01   -0.2249089E-02   -0.1335289E-02   -0.2711952E-03   -0.2702112E+01    0.7640173E-01    0.2569058E+01   -0.1478566E+02    0.3237552E+01    0.5033097E+01    0.7800231E+00   -0.2090965E+01    0.1753204E+00    0.2668351E+01    0.1745885E+02    0.2628905E+02    0.6170749E-06    0.2490145E-02
   -0.1174367E-05    0.2939394E-03   -0.1380376E-04    0.4367321E-03    0.1199915E-01    0.2385001E-02    0.4596273E-03    0.4073297E-03   -0.1987804E+02    0.8567250E-01    0.2554241E+01   -0.2306985E+02    0.2705286E+01    0.6418281E+01    0.1728901E+02   -0.1885840E+01    0.2819268E+00    0.1870226E+01    0.2628905E+02    0.5595295E+02    0.1033102E-03    0.4620048E-02
    0.5973410E-08   -0.5343598E-07   -0.3155898E-08    0.1144983E-06    0.1919082E-05    0.3370618E-06   -0.3858631E-07   -0.1599917E-07   -0.2413398E-03    0.2588641E-05    0.1952878E-03    0.6092518E-02    0.1068288E-03    0.7221825E-03    0.7105636E-03   -0.1972958E-03    0.2793079E-03   -0.2916125E-03    0.6170749E-06    0.1033102E-03    0.6000544E-06   -0.5796442E-08
   -0.4219297E-07    0.3450263E-06   -0.5140301E-07   -0.5747507E-06    0.2249855E-04   -0.6079896E-06   -0.1268803E-05   -0.6303568E-07    0.4183023E-02   -0.1415756E-04   -0.3804280E-03    0.3962780E-02    0.5915010E-03   -0.2163308E-02   -0.7177808E-02    0.1741645E-03   -0.2478215E-04   -0.2788729E-03    0.2490145E-02    0.4620048E-02   -0.5796442E-08    0.2081289E-05
