# omegabh2 omegach2 theta tau mnu logA ns calPlanck acib217 xi asz143 aps100 aps143 aps143217 aps217 aksz kgal100 kgal143 kgal143217 kgal217 galfEE100 galfEE100143 galfEE100217 galfEE143 galfEE143217 galfEE217 galfTE100 galfTE100143 galfTE100217 galfTE143 galfTE143217 galfTE217 cal0 cal2
    0.2414981E-07   -0.1302955E-06    0.2090211E-07    0.7931688E-06   -0.2201359E-05    0.1392075E-05    0.3642754E-06    0.2028338E-07   -0.1026333E-03    0.2413471E-05    0.3143276E-04   -0.4991431E-03   -0.2289964E-03   -0.2194953E-04    0.4139310E-04   -0.5063108E-04    0.7521365E-06   -0.7660350E-05   -0.1253012E-04    0.2908161E-05    0.4321086E-07    0.4938252E-07    0.6051374E-07    0.6765697E-07    0.1071861E-06    0.2115364E-06   -0.4056012E-07   -0.6720549E-07   -0.1338197E-06   -0.1451970E-06   -0.5020509E-06   -0.2222737E-05    0.2326038E-08   -0.1082335E-07
   -0.1302955E-06    0.2008128E-05   -0.1788255E-06   -0.8803827E-05    0.7921398E-05   -0.1285633E-04   -0.5028881E-05   -0.1100668E-06    0.2543025E-03   -0.6227984E-05   -0.1262643E-03    0.1933327E-02    0.1264022E-02    0.5655659E-03    0.3962307E-03    0.1401306E-03   -0.2870106E-04   -0.2295270E-04    0.2450951E-04    0.7499881E-04   -0.6337452E-06   -0.6839202E-06   -0.5464374E-06   -0.8339899E-06    0.1519706E-06   -0.2231392E-05   -0.6162200E-07    0.8816395E-06   -0.8366530E-06    0.2131627E-05    0.2464522E-05    0.1125634E-04    0.1857640E-07    0.4432283E-07
    0.2090211E-07   -0.1788255E-06    0.1038554E-06    0.7605559E-06   -0.4954974E-05    0.1235952E-05    0.5707979E-06    0.2461401E-07   -0.2732797E-04   -0.6476210E-06    0.1178736E-04   -0.2669624E-03   -0.1490462E-03   -0.9447668E-04   -0.4887008E-04   -0.1072882E-04    0.2903161E-05   -0.4021291E-05   -0.2955042E-04   -0.3199005E-04    0.2436298E-07    0.6414714E-07   -0.1132456E-06    0.6673111E-07   -0.5056192E-07    0.2461348E-06   -0.5064837E-07   -0.1608644E-06   -0.2530843E-06   -0.2325051E-06   -0.4155022E-06   -0.2109578E-05   -0.2939768E-08   -0.5458553E-08
    0.7931688E-06   -0.8803827E-05    0.7605559E-06    0.2969003E-03    0.3304756E-03    0.5689511E-03    0.3263782E-04   -0.1033576E-05   -0.1079945E-01    0.2484601E-03    0.2147098E-02   -0.4886092E-01   -0.1727885E-01    0.7766539E-03    0.7523500E-02   -0.4500595E-02   -0.2935781E-03   -0.6700657E-03   -0.1498961E-02    0.6765087E-03    0.4267466E-05    0.2704069E-05    0.6149892E-05    0.3646656E-05    0.4973741E-06    0.3127594E-04   -0.6610470E-05   -0.8513930E-05    0.9862226E-05   -0.2262301E-04   -0.1017620E-04   -0.4388037E-04   -0.1078292E-06   -0.9505992E-06
   -0.2201359E-05    0.7921398E-05   -0.4954974E-05    0.3304756E-03    0.8422319E-02    0.6591506E-03   -0.3147322E-04    0.5488979E-05    0.2363321E-01   -0.4898864E-03   -0.2521567E-02    0.6873953E-01    0.1927926E-01   -0.5566255E-02   -0.1998517E-01    0.8689776E-02    0.1628972E-02    0.2062971E-02    0.2275288E-02   -0.4452496E-02    0.1117850E-04   -0.3437377E-05   -0.2987246E-04   -0.3445849E-05   -0.4111211E-04    0.5710837E-04   -0.5911962E-04   -0.2744143E-04    0.1180536E-03   -0.9182808E-04    0.3152332E-04    0.3023483E-03    0.3708043E-06    0.2285627E-05
    0.1392075E-05   -0.1285633E-04    0.1235952E-05    0.5689511E-03    0.6591506E-03    0.1128675E-02    0.5193714E-04    0.1033690E-04   -0.2134496E-01    0.5455453E-03    0.4175154E-02   -0.9038171E-01   -0.3013872E-01    0.6659558E-02    0.2259637E-01   -0.9771213E-02   -0.9659150E-03   -0.1892843E-02   -0.3644639E-02    0.2604521E-02    0.8029841E-05    0.4169661E-05    0.1084581E-04    0.6552888E-05    0.7343494E-06    0.5684449E-04   -0.1360548E-04   -0.1411215E-04    0.1383397E-04   -0.3664325E-04   -0.1762079E-04   -0.4261151E-04    0.4043125E-07   -0.1977673E-05
    0.3642754E-06   -0.5028881E-05    0.5707979E-06    0.3263782E-04   -0.3147322E-04    0.5193714E-04    0.2228633E-04    0.2637344E-06   -0.4925497E-02    0.1338161E-03    0.1233434E-02   -0.2851650E-01   -0.7889851E-02    0.2029575E-02    0.4808591E-02   -0.2541276E-02    0.3633087E-03   -0.1495332E-03   -0.5341532E-03    0.3116395E-03    0.3170727E-05    0.3294363E-05    0.1475113E-05    0.3743712E-05   -0.1098006E-06    0.6589793E-05   -0.8350613E-06   -0.2802538E-05    0.4252659E-05   -0.3323521E-05   -0.3969306E-05   -0.1905464E-04   -0.2023178E-06   -0.4258737E-06
    0.2028338E-07   -0.1100668E-06    0.2461401E-07   -0.1033576E-05    0.5488979E-05    0.1033690E-04    0.2637344E-06    0.6218324E-05    0.7738382E-03    0.5711284E-06    0.3344932E-04    0.3148690E-02    0.5475477E-03    0.5440211E-03    0.1403234E-02   -0.1081901E-03   -0.3895695E-04    0.1556334E-04   -0.1345893E-03    0.4973069E-03    0.7587451E-06    0.5345886E-06    0.4278793E-06    0.1007201E-05    0.2826202E-06    0.1765316E-05   -0.2084903E-06    0.3257257E-06   -0.1354750E-05    0.2238874E-05   -0.6345591E-06    0.1365131E-04   -0.1538533E-07   -0.4456847E-07
   -0.1026333E-03    0.2543025E-03   -0.2732797E-04   -0.1079945E-01    0.2363321E-01   -0.2134496E-01   -0.4925497E-02    0.7738382E-03    0.4306503E+02   -0.5338798E+00   -0.1800730E+01    0.4358651E+02   -0.5762290E+00   -0.2319724E+02   -0.6127553E+02    0.5406673E+00   -0.5120988E-01    0.2671257E-01   -0.2303892E+01   -0.1857336E+02   -0.4180319E-03   -0.3545801E-03    0.6264504E-03   -0.3286431E-03    0.4378962E-03    0.1289492E-01   -0.4066090E-03    0.1996940E-02    0.4168869E-02    0.5931530E-02    0.2338494E-02   -0.8781039E-02   -0.3202333E-03    0.4329114E-02
    0.2413471E-05   -0.6227984E-05   -0.6476210E-06    0.2484601E-03   -0.4898864E-03    0.5455453E-03    0.1338161E-03    0.5711284E-06   -0.5338798E+00    0.8231809E-01   -0.6386800E-01   -0.5206525E+00    0.1061524E+01    0.2007379E+01    0.8598885E+00    0.5558662E-01    0.4079076E-02   -0.9837060E-03    0.9862652E-01    0.1108529E+00    0.1272756E-04    0.3547703E-04   -0.1495509E-04    0.6810781E-05    0.8542344E-04    0.1439698E-03   -0.1767626E-03   -0.8794198E-04   -0.8123048E-04   -0.2560621E-04   -0.1175930E-03    0.1097305E-04    0.1234118E-04   -0.2378597E-04
    0.3143276E-04   -0.1262643E-03    0.1178736E-04    0.2147098E-02   -0.2521567E-02    0.4175154E-02    0.1233434E-02    0.3344932E-04   -0.1800730E+01   -0.6386800E-01    0.3577407E+01   -0.2879890E+02   -0.3953548E+01    0.7218473E+01    0.6532517E+01   -0.2435167E+01   -0.1889204E+00    0.2067682E-01    0.2260833E+01    0.2146483E+01    0.3119068E-03    0.1622956E-03    0.1109904E-03    0.1978828E-03    0.4985052E-03   -0.9572865E-03   -0.4478985E-04    0.1178584E-03    0.7879202E-03   -0.9345388E-03    0.7212821E-03   -0.2144921E-02    0.1713265E-03   -0.3376345E-03
   -0.4991431E-03    0.1933327E-02   -0.2669624E-03   -0.4886092E-01    0.6873953E-01   -0.9038171E-01   -0.2851650E-01    0.3148690E-02    0.4358651E+02   -0.5206525E+00   -0.2879890E+02    0.7778431E+03    0.7140943E+02   -0.5767730E+02   -0.7100311E+02    0.1256821E+02   -0.3667504E+01    0.2851323E+01   -0.1205014E+02   -0.1801338E+02   -0.4576708E-02   -0.2990576E-02    0.1625492E-02   -0.2289861E-02   -0.1894107E-01    0.4429436E-02    0.1942273E-02   -0.3123918E-02    0.1068412E-01    0.1556359E-01    0.1395302E-01    0.1063390E+00    0.6422076E-02    0.3879480E-02
   -0.2289964E-03    0.1264022E-02   -0.1490462E-03   -0.1727885E-01    0.1927926E-01   -0.3013872E-01   -0.7889851E-02    0.5475477E-03   -0.5762290E+00    0.1061524E+01   -0.3953548E+01    0.7140943E+02    0.6145502E+02    0.4576122E+02    0.1888266E+02   -0.4149506E+01   -0.2567310E+00   -0.1182289E+01    0.3372381E+01    0.3369926E+01   -0.1860855E-02   -0.9818979E-03   -0.3998627E-02   -0.1865865E-02   -0.1645383E-02    0.1588089E-01   -0.3310929E-02   -0.1133162E-02    0.4598180E-02    0.2820048E-02    0.1216461E-01    0.4904113E-01    0.1918247E-03   -0.7889765E-05
   -0.2194953E-04    0.5655659E-03   -0.9447668E-04    0.7766539E-03   -0.5566255E-02    0.6659558E-02    0.2029575E-02    0.5440211E-03   -0.2319724E+02    0.2007379E+01    0.7218473E+01   -0.5767730E+02    0.4576122E+02    0.1013375E+03    0.6880145E+02   -0.1112929E+02   -0.5494673E+00   -0.6206074E+00    0.4427903E+01    0.5621429E+01    0.3512559E-03    0.3594700E-03   -0.3471882E-02   -0.7380227E-03    0.4161932E-02    0.6603793E-02   -0.6254711E-02   -0.2235037E-02    0.8427450E-02   -0.2094379E-02    0.8854378E-02    0.3375188E-01    0.8840170E-03   -0.2700212E-02
    0.4139310E-04    0.3962307E-03   -0.4887008E-04    0.7523500E-02   -0.1998517E-01    0.2259637E-01    0.4808591E-02    0.1403234E-02   -0.6127553E+02    0.8598885E+00    0.6532517E+01   -0.7100311E+02    0.1888266E+02    0.6880145E+02    0.1216251E+03   -0.9742657E+01   -0.4175009E+00   -0.3457011E+00   -0.1350572E+00    0.1540508E+02    0.9654275E-03    0.2157797E-03   -0.4670564E-02   -0.1733686E-03    0.2287279E-02   -0.1571803E-01   -0.6935357E-04   -0.3129338E-02    0.2999818E-02   -0.7069792E-02    0.5495264E-02    0.4389446E-01    0.7857303E-03   -0.7668827E-02
   -0.5063108E-04    0.1401306E-03   -0.1072882E-04   -0.4500595E-02    0.8689776E-02   -0.9771213E-02   -0.2541276E-02   -0.1081901E-03    0.5406673E+00    0.5558662E-01   -0.2435167E+01    0.1256821E+02   -0.4149506E+01   -0.1112929E+02   -0.9742657E+01    0.5570198E+01    0.1184205E+00   -0.1657568E-01   -0.1794986E+01   -0.1627411E+01   -0.3752239E-03   -0.1872284E-03    0.8541843E-03   -0.2810395E-03   -0.5824903E-03   -0.1609684E-02    0.6463692E-04    0.2054756E-03   -0.3415199E-02    0.1578842E-03   -0.2265329E-02   -0.3754573E-02   -0.1148259E-03    0.1435472E-03
    0.7521365E-06   -0.2870106E-04    0.2903161E-05   -0.2935781E-03    0.1628972E-02   -0.9659150E-03    0.3633087E-03   -0.3895695E-04   -0.5120988E-01    0.4079076E-02   -0.1889204E+00   -0.3667504E+01   -0.2567310E+00   -0.5494673E+00   -0.4175009E+00    0.1184205E+00    0.3543632E+01    0.4644993E+00    0.1547180E+00    0.2504970E+00    0.5005008E-04   -0.5106690E-04    0.6712318E-03   -0.7158450E-05   -0.1821251E-03    0.1253603E-02   -0.7807795E-03   -0.5552060E-04    0.1258297E-04   -0.2013984E-03    0.1463845E-02    0.4058081E-02    0.3089108E-03   -0.2581783E-05
   -0.7660350E-05   -0.2295270E-04   -0.4021291E-05   -0.6700657E-03    0.2062971E-02   -0.1892843E-02   -0.1495332E-03    0.1556334E-04    0.2671257E-01   -0.9837060E-03    0.2067682E-01    0.2851323E+01   -0.1182289E+01   -0.6206074E+00   -0.3457011E+00   -0.1657568E-01    0.4644993E+00    0.3344836E+01    0.2540152E+01    0.1739339E+01   -0.9189728E-04   -0.1922749E-04    0.6410819E-03    0.1356588E-03    0.5589626E-03   -0.7777310E-03    0.7613252E-03   -0.3699114E-03   -0.1245808E-02   -0.1521493E-02   -0.3125264E-03    0.2887193E-02   -0.2936146E-03   -0.2108434E-03
   -0.1253012E-04    0.2450951E-04   -0.2955042E-04   -0.1498961E-02    0.2275288E-02   -0.3644639E-02   -0.5341532E-03   -0.1345893E-03   -0.2303892E+01    0.9862652E-01    0.2260833E+01   -0.1205014E+02    0.3372381E+01    0.4427903E+01   -0.1350572E+00   -0.1794986E+01    0.1547180E+00    0.2540152E+01    0.1699369E+02    0.2558267E+02   -0.2273141E-03    0.1208140E-04    0.1186826E-02    0.3777045E-03   -0.1261686E-02   -0.2117060E-02    0.9281001E-03   -0.2631838E-04   -0.2193544E-02   -0.2072704E-02   -0.2142209E-02    0.1056176E-01   -0.5805759E-04    0.2518499E-02
    0.2908161E-05    0.7499881E-04   -0.3199005E-04    0.6765087E-03   -0.4452496E-02    0.2604521E-02    0.3116395E-03    0.4973069E-03   -0.1857336E+02    0.1108529E+00    0.2146483E+01   -0.1801338E+02    0.3369926E+01    0.5621429E+01    0.1540508E+02   -0.1627411E+01    0.2504970E+00    0.1739339E+01    0.2558267E+02    0.5440628E+02   -0.1596232E-03    0.4960511E-04    0.2046980E-02    0.9532143E-03   -0.3749604E-02   -0.9716002E-02    0.1305424E-02    0.1615172E-03   -0.2066899E-02   -0.1440010E-02   -0.5903904E-02    0.1443108E-01    0.1578787E-05    0.4567617E-02
    0.4321086E-07   -0.6337452E-06    0.2436298E-07    0.4267466E-05    0.1117850E-04    0.8029841E-05    0.3170727E-05    0.7587451E-06   -0.4180319E-03    0.1272756E-04    0.3119068E-03   -0.4576708E-02   -0.1860855E-02    0.3512559E-03    0.9654275E-03   -0.3752239E-03    0.5005008E-04   -0.9189728E-04   -0.2273141E-03   -0.1596232E-03    0.3213568E-04    0.8782893E-05    0.8019283E-06    0.3313458E-05   -0.6794235E-06    0.2880013E-05    0.1292467E-05   -0.1184055E-05    0.2265284E-06    0.1362588E-06   -0.3348765E-05   -0.1341701E-04   -0.3202210E-07   -0.1635374E-07
    0.4938252E-07   -0.6839202E-06    0.6414714E-07    0.2704069E-05   -0.3437377E-05    0.4169661E-05    0.3294363E-05    0.5345886E-06   -0.3545801E-03    0.3547703E-04    0.1622956E-03   -0.2990576E-02   -0.9818979E-03    0.3594700E-03    0.2157797E-03   -0.1872284E-03   -0.5106690E-04   -0.1922749E-04    0.1208140E-04    0.4960511E-04    0.8782893E-05    0.2504533E-04    0.9776129E-06    0.1262726E-04   -0.2580761E-05   -0.2645849E-05    0.7690453E-06   -0.1497921E-06   -0.1919015E-05   -0.1481583E-05   -0.4492161E-05    0.2041633E-05   -0.4878071E-07   -0.2089095E-07
    0.6051374E-07   -0.5464374E-06   -0.1132456E-06    0.6149892E-05   -0.2987246E-04    0.1084581E-04    0.1475113E-05    0.4278793E-06    0.6264504E-03   -0.1495509E-04    0.1109904E-03    0.1625492E-02   -0.3998627E-02   -0.3471882E-02   -0.4670564E-02    0.8541843E-03    0.6712318E-03    0.6410819E-03    0.1186826E-02    0.2046980E-02    0.8019283E-06    0.9776129E-06    0.1064134E-02    0.3308307E-05    0.6956509E-05    0.4374222E-04    0.7504378E-05   -0.1242486E-05    0.1825885E-04   -0.6647929E-05   -0.2720528E-04    0.2991990E-05    0.2820312E-06    0.3994836E-06
    0.6765697E-07   -0.8339899E-06    0.6673111E-07    0.3646656E-05   -0.3445849E-05    0.6552888E-05    0.3743712E-05    0.1007201E-05   -0.3286431E-03    0.6810781E-05    0.1978828E-03   -0.2289861E-02   -0.1865865E-02   -0.7380227E-03   -0.1733686E-03   -0.2810395E-03   -0.7158450E-05    0.1356588E-03    0.3777045E-03    0.9532143E-03    0.3313458E-05    0.1262726E-04    0.3308307E-05    0.4682981E-04   -0.1049274E-05    0.5945394E-05   -0.8131311E-06   -0.1970693E-05    0.6993361E-05   -0.3986142E-06   -0.3640180E-05   -0.8291356E-05   -0.6094773E-07    0.5174022E-07
    0.1071861E-06    0.1519706E-06   -0.5056192E-07    0.4973741E-06   -0.4111211E-04    0.7343494E-06   -0.1098006E-06    0.2826202E-06    0.4378962E-03    0.8542344E-04    0.4985052E-03   -0.1894107E-01   -0.1645383E-02    0.4161932E-02    0.2287279E-02   -0.5824903E-03   -0.1821251E-03    0.5589626E-03   -0.1261686E-02   -0.3749604E-02   -0.6794235E-06   -0.2580761E-05    0.6956509E-05   -0.1049274E-05    0.2203127E-02    0.2053710E-04   -0.2719923E-04   -0.9797746E-05    0.4528296E-04   -0.1790588E-05   -0.4429303E-04   -0.1297850E-03   -0.3312060E-06   -0.3643482E-06
    0.2115364E-06   -0.2231392E-05    0.2461348E-06    0.3127594E-04    0.5710837E-04    0.5684449E-04    0.6589793E-05    0.1765316E-05    0.1289492E-01    0.1439698E-03   -0.9572865E-03    0.4429436E-02    0.1588089E-01    0.6603793E-02   -0.1571803E-01   -0.1609684E-02    0.1253603E-02   -0.7777310E-03   -0.2117060E-02   -0.9716002E-02    0.2880013E-05   -0.2645849E-05    0.4374222E-04    0.5945394E-05    0.2053710E-04    0.1699034E-01   -0.1701646E-04    0.3884237E-04   -0.1100316E-03    0.1087101E-03    0.3421132E-04    0.6766390E-05    0.2173010E-06    0.6003892E-06
   -0.4056012E-07   -0.6162200E-07   -0.5064837E-07   -0.6610470E-05   -0.5911962E-04   -0.1360548E-04   -0.8350613E-06   -0.2084903E-06   -0.4066090E-03   -0.1767626E-03   -0.4478985E-04    0.1942273E-02   -0.3310929E-02   -0.6254711E-02   -0.6935357E-04    0.6463692E-04   -0.7807795E-03    0.7613252E-03    0.9281001E-03    0.1305424E-02    0.1292467E-05    0.7690453E-06    0.7504378E-05   -0.8131311E-06   -0.2719923E-04   -0.1701646E-04    0.1416344E-02    0.2828861E-03    0.5766983E-04   -0.3954081E-03   -0.7810478E-04   -0.1291801E-03   -0.8822397E-07    0.2596317E-07
   -0.6720549E-07    0.8816395E-06   -0.1608644E-06   -0.8513930E-05   -0.2744143E-04   -0.1411215E-04   -0.2802538E-05    0.3257257E-06    0.1996940E-02   -0.8794198E-04    0.1178584E-03   -0.3123918E-02   -0.1133162E-02   -0.2235037E-02   -0.3129338E-02    0.2054756E-03   -0.5552060E-04   -0.3699114E-03   -0.2631838E-04    0.1615172E-03   -0.1184055E-05   -0.1497921E-06   -0.1242486E-05   -0.1970693E-05   -0.9797746E-05    0.3884237E-04    0.2828861E-03    0.8534859E-03    0.1263230E-04    0.7353034E-03    0.7663471E-04   -0.6500417E-03   -0.7781967E-08    0.6339856E-06
   -0.1338197E-06   -0.8366530E-06   -0.2530843E-06    0.9862226E-05    0.1180536E-03    0.1383397E-04    0.4252659E-05   -0.1354750E-05    0.4168869E-02   -0.8123048E-04    0.7879202E-03    0.1068412E-01    0.4598180E-02    0.8427450E-02    0.2999818E-02   -0.3415199E-02    0.1258297E-04   -0.1245808E-02   -0.2193544E-02   -0.2066899E-02    0.2265284E-06   -0.1919015E-05    0.1825885E-04    0.6993361E-05    0.4528296E-04   -0.1100316E-03    0.5766983E-04    0.1263230E-04    0.7112638E-02   -0.3094576E-03    0.7098354E-03    0.4457691E-02    0.2548679E-07    0.1662828E-05
   -0.1451970E-06    0.2131627E-05   -0.2325051E-06   -0.2262301E-04   -0.9182808E-04   -0.3664325E-04   -0.3323521E-05    0.2238874E-05    0.5931530E-02   -0.2560621E-04   -0.9345388E-03    0.1556359E-01    0.2820048E-02   -0.2094379E-02   -0.7069792E-02    0.1578842E-03   -0.2013984E-03   -0.1521493E-02   -0.2072704E-02   -0.1440010E-02    0.1362588E-06   -0.1481583E-05   -0.6647929E-05   -0.3986142E-06   -0.1790588E-05    0.1087101E-03   -0.3954081E-03    0.7353034E-03   -0.3094576E-03    0.2888807E-02    0.5017136E-03   -0.9247817E-03   -0.4071519E-07    0.1602154E-05
   -0.5020509E-06    0.2464522E-05   -0.4155022E-06   -0.1017620E-04    0.3152332E-04   -0.1762079E-04   -0.3969306E-05   -0.6345591E-06    0.2338494E-02   -0.1175930E-03    0.7212821E-03    0.1395302E-01    0.1216461E-01    0.8854378E-02    0.5495264E-02   -0.2265329E-02    0.1463845E-02   -0.3125264E-03   -0.2142209E-02   -0.5903904E-02   -0.3348765E-05   -0.4492161E-05   -0.2720528E-04   -0.3640180E-05   -0.4429303E-04    0.3421132E-04   -0.7810478E-04    0.7663471E-04    0.7098354E-03    0.5017136E-03    0.6632927E-02    0.7820410E-02   -0.1061133E-06   -0.1863790E-06
   -0.2222737E-05    0.1125634E-04   -0.2109578E-05   -0.4388037E-04    0.3023483E-03   -0.4261151E-04   -0.1905464E-04    0.1365131E-04   -0.8781039E-02    0.1097305E-04   -0.2144921E-02    0.1063390E+00    0.4904113E-01    0.3375188E-01    0.4389446E-01   -0.3754573E-02    0.4058081E-02    0.2887193E-02    0.1056176E-01    0.1443108E-01   -0.1341701E-04    0.2041633E-05    0.2991990E-05   -0.8291356E-05   -0.1297850E-03    0.6766390E-05   -0.1291801E-03   -0.6500417E-03    0.4457691E-02   -0.9247817E-03    0.7820410E-02    0.6491773E-01   -0.2531261E-05   -0.3250167E-05
    0.2326038E-08    0.1857640E-07   -0.2939768E-08   -0.1078292E-06    0.3708043E-06    0.4043125E-07   -0.2023178E-06   -0.1538533E-07   -0.3202333E-03    0.1234118E-04    0.1713265E-03    0.6422076E-02    0.1918247E-03    0.8840170E-03    0.7857303E-03   -0.1148259E-03    0.3089108E-03   -0.2936146E-03   -0.5805759E-04    0.1578787E-05   -0.3202210E-07   -0.4878071E-07    0.2820312E-06   -0.6094773E-07   -0.3312060E-06    0.2173010E-06   -0.8822397E-07   -0.7781967E-08    0.2548679E-07   -0.4071519E-07   -0.1061133E-06   -0.2531261E-05    0.6150376E-06   -0.2532946E-07
   -0.1082335E-07    0.4432283E-07   -0.5458553E-08   -0.9505992E-06    0.2285627E-05   -0.1977673E-05   -0.4258737E-06   -0.4456847E-07    0.4329114E-02   -0.2378597E-04   -0.3376345E-03    0.3879480E-02   -0.7889765E-05   -0.2700212E-02   -0.7668827E-02    0.1435472E-03   -0.2581783E-05   -0.2108434E-03    0.2518499E-02    0.4567617E-02   -0.1635374E-07   -0.2089095E-07    0.3994836E-06    0.5174022E-07   -0.3643482E-06    0.6003892E-06    0.2596317E-07    0.6339856E-06    0.1662828E-05    0.1602154E-05   -0.1863790E-06   -0.3250167E-05   -0.2532946E-07    0.2091567E-05
