# omegabh2 omegach2 theta tau logA ns calPlanck acib217 xi asz143 aps100 aps143 aps143217 aps217 aksz kgal100 kgal143 kgal143217 kgal217 cal0 cal2
    0.6142407E-07   -0.3714357E-06    0.5931307E-07    0.2539524E-05    0.4391002E-05    0.1077986E-05    0.2018354E-07   -0.2759303E-03    0.3233255E-05    0.8676524E-04   -0.1227091E-02   -0.6436198E-03   -0.1312119E-03    0.1099090E-03   -0.1288972E-03    0.5346266E-05   -0.2154105E-05   -0.7071851E-05    0.4284733E-04    0.4963154E-08   -0.2819398E-07
   -0.3714357E-06    0.6211263E-05   -0.5894984E-06   -0.2758448E-04   -0.4195949E-04   -0.1450973E-04   -0.1963841E-06    0.1419247E-02   -0.1750710E-04   -0.4139803E-03    0.6666087E-02    0.3638081E-02    0.1061800E-02   -0.3331808E-03    0.6449162E-03    0.1720573E-04    0.3751400E-04    0.7888424E-04   -0.1875221E-03   -0.3658712E-07    0.1231192E-06
    0.5931307E-07   -0.5894984E-06    0.2323240E-06    0.3502072E-05    0.5915546E-05    0.1686878E-05    0.1798629E-07   -0.1524823E-03    0.5699118E-06    0.4971102E-04   -0.7025954E-03   -0.4620778E-03   -0.1753442E-03   -0.3355983E-06   -0.8599327E-04    0.2476550E-05    0.2002147E-05   -0.1539672E-04    0.2549811E-05    0.2877443E-08   -0.1703460E-07
    0.2539524E-05   -0.2758448E-04    0.3502072E-05    0.4614615E-03    0.8558327E-03    0.8857074E-04   -0.1310774E-05   -0.2063432E-01    0.2854408E-03    0.5341450E-02   -0.9214276E-01   -0.4002108E-01   -0.4441564E-02    0.1311660E-01   -0.1017607E-01   -0.2640785E-03   -0.4051918E-03   -0.1878027E-02    0.1436260E-02   -0.9684441E-07   -0.2431517E-05
    0.4391002E-05   -0.4195949E-04    0.5915546E-05    0.8558327E-03    0.1634948E-02    0.1439890E-03    0.9528713E-05   -0.3777620E-01    0.5827844E-03    0.9870943E-02   -0.1652306E+00   -0.6981165E-01   -0.3256428E-02    0.3138207E-01   -0.1998384E-01   -0.8861445E-03   -0.1296818E-02   -0.4195559E-02    0.3223850E-02   -0.6439222E-07   -0.4755723E-05
    0.1077986E-05   -0.1450973E-04    0.1686878E-05    0.8857074E-04    0.1439890E-03    0.4713165E-04    0.6933319E-06   -0.8949862E-02    0.1370527E-03    0.2512307E-02   -0.4575821E-01   -0.1596641E-01    0.7805833E-03    0.8174063E-02   -0.4814855E-02    0.3604452E-03   -0.2096527E-03   -0.4871995E-03    0.1340676E-02   -0.1334762E-06   -0.8384372E-06
    0.2018354E-07   -0.1963841E-06    0.1798629E-07   -0.1310774E-05    0.9528713E-05    0.6933319E-06    0.6246773E-05    0.8384526E-03    0.4296112E-05    0.2867814E-04    0.2524739E-02    0.5224172E-03    0.4046100E-03    0.1229776E-02   -0.1122638E-03   -0.4571688E-04   -0.1472063E-04   -0.8482646E-04    0.4552584E-03   -0.3480397E-07   -0.4961332E-07
   -0.2759303E-03    0.1419247E-02   -0.1524823E-03   -0.2063432E-01   -0.3777620E-01   -0.8949862E-02    0.8384526E-03    0.4449788E+02   -0.4650794E+00   -0.2059222E+01    0.4730968E+02    0.2739169E+01   -0.2058620E+02   -0.6183709E+02    0.8453736E+00   -0.4218462E-01   -0.3425232E-01   -0.2172400E+01   -0.1890579E+02   -0.2312391E-03    0.4489954E-02
    0.3233255E-05   -0.1750710E-04    0.5699118E-06    0.2854408E-03    0.5827844E-03    0.1370527E-03    0.4296112E-05   -0.4650794E+00    0.8055221E-01   -0.8844047E-01   -0.3279503E+00    0.8937634E+00    0.1606219E+01    0.6763965E+00    0.8648117E-01   -0.3591445E-02    0.4476640E-02    0.6374340E-01    0.6630484E-01    0.5798595E-05   -0.2211270E-04
    0.8676524E-04   -0.4139803E-03    0.4971102E-04    0.5341450E-02    0.9870943E-02    0.2512307E-02    0.2867814E-04   -0.2059222E+01   -0.8844047E-01    0.3998137E+01   -0.3064427E+02   -0.4122396E+01    0.8317893E+01    0.7730684E+01   -0.3231231E+01   -0.1657371E+00    0.7192816E-01    0.2518964E+01    0.2405887E+01    0.2002872E-03   -0.4092970E-03
   -0.1227091E-02    0.6666087E-02   -0.7025954E-03   -0.9214276E-01   -0.1652306E+00   -0.4575821E-01    0.2524739E-02    0.4730968E+02   -0.3279503E+00   -0.3064427E+02    0.7859998E+03    0.7630026E+02   -0.5796849E+02   -0.7731394E+02    0.1729123E+02   -0.4303563E+01    0.2753935E+01   -0.1192881E+02   -0.1808141E+02    0.6154446E-02    0.4928562E-02
   -0.6436198E-03    0.3638081E-02   -0.4620778E-03   -0.4002108E-01   -0.6981165E-01   -0.1596641E-01    0.5224172E-03    0.2739169E+01    0.8937634E+00   -0.4122396E+01    0.7630026E+02    0.6329892E+02    0.4225589E+02    0.1717953E+02   -0.4192897E+01   -0.3193064E+00   -0.1155295E+01    0.3161052E+01    0.2639589E+01    0.1280501E-03    0.2206307E-03
   -0.1312119E-03    0.1061800E-02   -0.1753442E-03   -0.4441564E-02   -0.3256428E-02    0.7805833E-03    0.4046100E-03   -0.2058620E+02    0.1606219E+01    0.8317893E+01   -0.5796849E+02    0.4225589E+02    0.9344658E+02    0.6888699E+02   -0.1360780E+02   -0.5742533E+00   -0.4167094E+00    0.4282256E+01    0.5161714E+01    0.8041945E-03   -0.2792133E-02
    0.1099090E-03   -0.3331808E-03   -0.3355983E-06    0.1311660E-01    0.3138207E-01    0.8174063E-02    0.1229776E-02   -0.6183709E+02    0.6763965E+00    0.7730684E+01   -0.7731394E+02    0.1717953E+02    0.6888699E+02    0.1256073E+03   -0.1233701E+02   -0.3203628E+00   -0.2288815E+00   -0.1457199E-01    0.1562480E+02    0.7118507E-03   -0.7880458E-02
   -0.1288972E-03    0.6449162E-03   -0.8599327E-04   -0.1017607E-01   -0.1998384E-01   -0.4814855E-02   -0.1122638E-03    0.8453736E+00    0.8648117E-01   -0.3231231E+01    0.1729123E+02   -0.4192897E+01   -0.1360780E+02   -0.1233701E+02    0.7214105E+01    0.6365445E-01   -0.9870257E-01   -0.2150392E+01   -0.1784898E+01   -0.1540662E-03    0.2729099E-03
    0.5346266E-05    0.1720573E-04    0.2476550E-05   -0.2640785E-03   -0.8861445E-03    0.3604452E-03   -0.4571688E-04   -0.4218462E-01   -0.3591445E-02   -0.1657371E+00   -0.4303563E+01   -0.3193064E+00   -0.5742533E+00   -0.3203628E+00    0.6365445E-01    0.3460460E+01    0.4364440E+00    0.3758551E-01    0.1080625E+00    0.2640483E-03   -0.2523526E-04
   -0.2154105E-05    0.3751400E-04    0.2002147E-05   -0.4051918E-03   -0.1296818E-02   -0.2096527E-03   -0.1472063E-04   -0.3425232E-01    0.4476640E-02    0.7192816E-01    0.2753935E+01   -0.1155295E+01   -0.4167094E+00   -0.2288815E+00   -0.9870257E-01    0.4364440E+00    0.3378298E+01    0.2674862E+01    0.1929198E+01   -0.2806062E-03   -0.2057399E-03
   -0.7071851E-05    0.7888424E-04   -0.1539672E-04   -0.1878027E-02   -0.4195559E-02   -0.4871995E-03   -0.8482646E-04   -0.2172400E+01    0.6374340E-01    0.2518964E+01   -0.1192881E+02    0.3161052E+01    0.4282256E+01   -0.1457199E-01   -0.2150392E+01    0.3758551E-01    0.2674862E+01    0.1736321E+02    0.2587688E+02    0.2738202E-05    0.2434231E-02
    0.4284733E-04   -0.1875221E-03    0.2549811E-05    0.1436260E-02    0.3223850E-02    0.1340676E-02    0.4552584E-03   -0.1890579E+02    0.6630484E-01    0.2405887E+01   -0.1808141E+02    0.2639589E+01    0.5161714E+01    0.1562480E+02   -0.1784898E+01    0.1080625E+00    0.1929198E+01    0.2587688E+02    0.5445712E+02    0.7874612E-04    0.4372924E-02
    0.4963154E-08   -0.3658712E-07    0.2877443E-08   -0.9684441E-07   -0.6439222E-07   -0.1334762E-06   -0.3480397E-07   -0.2312391E-03    0.5798595E-05    0.2002872E-03    0.6154446E-02    0.1280501E-03    0.8041945E-03    0.7118507E-03   -0.1540662E-03    0.2640483E-03   -0.2806062E-03    0.2738202E-05    0.7874612E-04    0.5991321E-06   -0.2916514E-10
   -0.2819398E-07    0.1231192E-06   -0.1703460E-07   -0.2431517E-05   -0.4755723E-05   -0.8384372E-06   -0.4961332E-07    0.4489954E-02   -0.2211270E-04   -0.4092970E-03    0.4928562E-02    0.2206307E-03   -0.2792133E-02   -0.7880458E-02    0.2729099E-03   -0.2523526E-04   -0.2057399E-03    0.2434231E-02    0.4372924E-02   -0.2916514E-10    0.2077117E-05
