# omegabh2 omegach2 theta tau logA ns calPlanck aps100 aps143 aps217 acib217 asz143 psr cibr xi aksz dust100 dust143 dust217 dust143x217 cal0 cal2
  3.7088541E-08  -5.7967208E-08   2.0676216E-08   1.9371824E-07   4.0369765E-07   2.3467295E-07   1.8319013E-08  -5.9325669E-04  -4.3146207E-04   1.3134218E-04  -2.0897086E-04   2.3406101E-05   1.8091000E-06  -4.6780339E-06   2.5189894E-06  -3.5182588E-05   2.2485556E-07  -3.1884509E-07   1.0184411E-06   6.6750738E-08   6.7945642E-09  -6.8045213E-09
 -5.7967208E-08   1.4865961E-06  -6.4493498E-08  -1.1525373E-06   1.1847132E-06  -3.2100197E-06  -8.0232145E-08   4.2262808E-04   2.5058059E-04   3.9213751E-04  -4.1534827E-05  -2.6024862E-05   2.4093110E-06  -7.1607476E-06  -4.2944485E-06  -1.2652395E-05  -3.6307310E-06   3.8197841E-06  -8.9995798E-07   1.2933567E-06  -3.9732367E-08  -1.4825817E-08
  2.0676216E-08  -6.4493498E-08   1.7362223E-07   1.4576212E-07   3.3258121E-07   3.6881163E-07   1.0986150E-08   1.8660920E-05   6.6918033E-05   6.1985027E-05  -3.7747715E-05   7.0992002E-06   6.7670519E-07   2.6054922E-06   5.2644565E-06  -4.0171694E-06   2.3893948E-06  -7.5951297E-07   5.0592467E-07  -1.7006566E-06   1.4709427E-08   7.3057787E-09
  1.9371824E-07  -1.1525373E-06   1.4576212E-07   4.5955141E-05   8.8700386E-05   4.7324824E-06  -3.6316451E-07  -8.4655457E-03  -2.7940607E-03   1.7476856E-03  -2.0056072E-03  -1.7927566E-04  -1.0376253E-05  -1.6799898E-05   4.7358007E-05  -3.9627915E-04  -1.7263287E-05  -1.8591300E-05   7.9351911E-06  -2.6796848E-05  -2.3838145E-07  -5.8218775E-10
  4.0369765E-07   1.1847132E-06   3.3258121E-07   8.8700386E-05   2.0898670E-04   2.7722507E-07   1.1828165E-05  -1.2438134E-02  -2.7486056E-03   1.4358786E-02  -6.4004559E-03  -1.9093585E-04   4.7832536E-06  -1.0046553E-04   1.4465572E-04  -1.9906158E-03  -6.3709318E-05  -1.6703592E-04   4.4657743E-05  -7.8420731E-05   2.5989699E-07  -3.5854096E-08
  2.3467295E-07  -3.2100197E-06   3.6881163E-07   4.7324824E-06   2.7722507E-07   1.7987786E-05   2.7717338E-07  -2.2893596E-02  -6.9770280E-03   7.3505885E-03  -5.5001124E-03   5.7551684E-04   6.4357617E-05  -8.5363069E-05   8.6392753E-05  -1.9318835E-03   4.9367708E-05  -3.5618876E-05   3.0518427E-05  -7.9066061E-06  -1.9441328E-07  -2.5905578E-07
  1.8319013E-08  -8.0232145E-08   1.0986150E-08  -3.6316451E-07   1.1828165E-05   2.7717338E-07   6.3397060E-06   2.4297151E-03   9.4056313E-04   2.1315328E-03   1.9184640E-04   4.5012929E-05  -7.9186604E-06   4.5867477E-06   3.0940000E-06  -6.1273947E-05   1.4782434E-07  -2.3050875E-05   8.2338846E-06  -1.0382420E-05   7.9773109E-08  -1.6531516E-08
 -5.9325669E-04   4.2262808E-04   1.8660920E-05  -8.4655457E-03  -1.2438134E-02  -2.2893596E-02   2.4297151E-03   6.0908186E+02   5.6472962E+01  -5.1253239E+01   2.8688130E+01  -2.4939452E+01  -9.6150333E-01  -7.3971868E-02  -5.1168695E-01   1.1105650E+01  -1.2986902E-01   2.1726742E-01  -2.2017613E-01  -2.4599741E-01   6.8251309E-03   3.0081598E-03
 -4.3146207E-04   2.5058059E-04   6.6918033E-05  -2.7940607E-03  -2.7486056E-03  -6.9770280E-03   9.4056313E-04   5.6472962E+01   7.0393003E+01   7.4105908E+00   7.7587441E+00  -2.6030230E-01  -4.8374078E-03   4.6599322E-01   8.8711396E-01  -8.5214235E+00  -3.3019955E-02  -2.5768085E-01   5.7391293E-02   8.9400155E-02   8.9361354E-04   8.0770674E-04
  1.3134218E-04   3.9213751E-04   6.1985027E-05   1.7476856E-03   1.4358786E-02   7.3505885E-03   2.1315328E-03  -5.1253239E+01   7.4105908E+00   1.7740268E+02  -8.5036770E+01   1.8103099E+00   3.5261413E-01  -1.0576951E+00   3.4350846E-01  -6.3961956E+00   2.9418419E-02  -2.5361990E-01   5.7077507E-01   2.9987525E-02   1.4138332E-03  -7.5982599E-03
 -2.0897086E-04  -4.1534827E-05  -3.7747715E-05  -2.0056072E-03  -6.4004559E-03  -5.5001124E-03   1.9184640E-04   2.8688130E+01   7.7587441E+00  -8.5036770E+01   5.3677603E+01   2.0746467E+00  -4.6417735E-02   7.3594944E-01  -2.6023068E-01  -3.1000954E+00  -2.4853296E-02   1.5699362E-01  -4.7170438E-01  -1.4735649E-01  -4.0313126E-04   3.0616074E-03
  2.3406101E-05  -2.6024862E-05   7.0992002E-06  -1.7927566E-04  -1.9093585E-04   5.7551684E-04   4.5012929E-05  -2.4939452E+01  -2.6030230E-01   1.8103099E+00   2.0746467E+00   4.3662324E+00   1.0777742E-01   1.5218760E-01  -2.8489409E-02  -3.5770019E+00  -1.4595251E-02   4.3683131E-03   3.9358054E-03   5.6317409E-02   4.7139846E-04  -2.7761819E-04
  1.8091000E-06   2.4093110E-06   6.7670519E-07  -1.0376253E-05   4.7832536E-06   6.4357617E-05  -7.9186604E-06  -9.6150333E-01  -4.8374078E-03   3.5261413E-01  -4.6417735E-02   1.0777742E-01   1.7357202E-02  -1.7004478E-02   1.3094788E-02  -1.1066900E-01  -3.8005457E-04  -8.8751885E-04  -2.8040812E-03   5.5992044E-03   1.4758352E-05  -3.7186247E-05
 -4.6780339E-06  -7.1607476E-06   2.6054922E-06  -1.6799898E-05  -1.0046553E-04  -8.5363069E-05   4.5867477E-06  -7.3971868E-02   4.6599322E-01  -1.0576951E+00   7.3594944E-01   1.5218760E-01  -1.7004478E-02   6.6038457E-02   2.2456228E-03  -1.5658610E-01  -1.0196217E-04   5.9892031E-03  -4.2192601E-04  -1.8068546E-02  -1.4767443E-06   8.7515657E-05
  2.5189894E-06  -4.2944485E-06   5.2644565E-06   4.7358007E-05   1.4465572E-04   8.6392753E-05   3.0940000E-06  -5.1168695E-01   8.8711396E-01   3.4350846E-01  -2.6023068E-01  -2.8489409E-02   1.3094788E-02   2.2456228E-03   8.1396052E-02   2.5232344E-02  -1.7915828E-04  -9.4826931E-04   1.3646274E-03   2.2668887E-03   1.1192239E-05  -2.2276557E-06
 -3.5182588E-05  -1.2652395E-05  -4.0171694E-06  -3.9627915E-04  -1.9906158E-03  -1.9318835E-03  -6.1273947E-05   1.1105650E+01  -8.5214235E+00  -6.3961956E+00  -3.1000954E+00  -3.5770019E+00  -1.1066900E-01  -1.5658610E-01   2.5232344E-02   7.5002466E+00   2.3002094E-03  -6.9986460E-03  -1.6321858E-03  -5.5831160E-02  -3.9644450E-04   7.2161623E-05
  2.2485556E-07  -3.6307310E-06   2.3893948E-06  -1.7263287E-05  -6.3709318E-05   4.9367708E-05   1.4782434E-07  -1.2986902E-01  -3.3019955E-02   2.9418419E-02  -2.4853296E-02  -1.4595251E-02  -3.8005457E-04  -1.0196217E-04  -1.7915828E-04   2.3002094E-03   3.8020063E-02   2.6364801E-03   4.2349832E-04   1.4622050E-04   2.8451435E-05   3.2642706E-07
 -3.1884509E-07   3.8197841E-06  -7.5951297E-07  -1.8591300E-05  -1.6703592E-04  -3.5618876E-05  -2.3050875E-05   2.1726742E-01  -2.5768085E-01  -2.5361990E-01   1.5699362E-01   4.3683131E-03  -8.8751885E-04   5.9892031E-03  -9.4826931E-04  -6.9986460E-03   2.6364801E-03   3.0783440E-02  -8.3719555E-04   5.4593666E-03  -7.9545916E-05  -4.8975652E-05
  1.0184411E-06  -8.9995798E-07   5.0592467E-07   7.9351911E-06   4.4657743E-05   3.0518427E-05   8.2338846E-06  -2.2017613E-01   5.7391293E-02   5.7077507E-01  -4.7170438E-01   3.9358054E-03  -2.8040812E-03  -4.2192601E-04   1.3646274E-03  -1.6321858E-03   4.2349832E-04  -8.3719555E-04   1.0981113E-02   8.9618026E-03   3.4576738E-06   6.0292080E-05
  6.6750738E-08   1.2933567E-06  -1.7006566E-06  -2.6796848E-05  -7.8420731E-05  -7.9066061E-06  -1.0382420E-05  -2.4599741E-01   8.9400155E-02   2.9987525E-02  -1.4735649E-01   5.6317409E-02   5.5992044E-03  -1.8068546E-02   2.2668887E-03  -5.5831160E-02   1.4622050E-04   5.4593666E-03   8.9618026E-03   2.7450842E-02  -3.1898848E-06   5.2440687E-05
  6.7945642E-09  -3.9732367E-08   1.4709427E-08  -2.3838145E-07   2.5989699E-07  -1.9441328E-07   7.9773109E-08   6.8251309E-03   8.9361354E-04   1.4138332E-03  -4.0313126E-04   4.7139846E-04   1.4758352E-05  -1.4767443E-06   1.1192239E-05  -3.9644450E-04   2.8451435E-05  -7.9545916E-05   3.4576738E-06  -3.1898848E-06   1.1043496E-06   6.2136441E-08
 -6.8045213E-09  -1.4825817E-08   7.3057787E-09  -5.8218775E-10  -3.5854096E-08  -2.5905578E-07  -1.6531516E-08   3.0081598E-03   8.0770674E-04  -7.5982599E-03   3.0616074E-03  -2.7761819E-04  -3.7186247E-05   8.7515657E-05  -2.2276557E-06   7.2161623E-05   3.2642706E-07  -4.8975652E-05   6.0292080E-05   5.2440687E-05   6.2136441E-08   2.4219171E-06
