# omegabh2 omegach2 theta tau logA ns r calPlanck BBdust BBsync BBalphadust BBbetadust BBalphasync BBbetasync BBdustsynccorr acib217 xi asz143 aps100 aps143 aps143217 aps217 aksz kgal100 kgal143 kgal143217 kgal217 galfTE100 galfTE100143 galfTE100217 galfTE143 galfTE143217 galfTE217 cal0 cal2
  1.9004444E-08  -5.9654929E-08   1.1115521E-08   1.3782623E-07   2.4765353E-07   1.6065868E-07   9.8616531E-08   1.6014119E-08  -7.7835629E-07   2.9516488E-07   2.4133235E-07  -2.1773880E-07  -3.1481060E-07  -3.8562954E-07   3.7114875E-07  -7.5003361E-05   1.5320281E-06   1.3499794E-05  -2.6142070E-04  -1.9404301E-04  -5.0525352E-05   2.1608166E-05  -3.0185324E-05  -1.1565022E-06  -4.5636173E-06  -1.6588125E-05   3.6378141E-07  -9.5820888E-08  -4.4827805E-08  -2.0135396E-07  -1.9198491E-07  -4.4047845E-07  -2.3898755E-06   2.5848900E-09  -2.6680921E-09
 -5.9654929E-08   1.0156539E-06  -6.1048572E-08  -1.2194812E-06  -1.4107974E-07  -2.3036508E-06  -1.5391502E-06  -9.1312314E-08  -2.0343520E-05   3.4160642E-06  -2.2111919E-06   4.9855847E-07  -2.5699862E-06  -1.4294716E-06  -4.7341920E-06   4.5494603E-05  -3.9530249E-07  -1.6533371E-05   1.4394798E-04   5.5773957E-04   4.0688156E-04   3.1608926E-04   2.2945185E-05  -1.9361742E-05  -2.0563302E-05   3.5823969E-07  -8.3580134E-06   6.8990014E-07   2.1756306E-07   1.1748640E-06   8.6273787E-07   2.3402235E-06   8.8873739E-06  -2.9184002E-09   5.6534621E-09
  1.1115521E-08  -6.1048572E-08   8.8879855E-08   1.3804528E-07   2.4687039E-07   2.5282887E-07   8.1599744E-08   1.5430563E-08   1.3907974E-06   1.8635037E-06  -1.6783461E-07   1.4890885E-07  -8.5993148E-08   1.2107667E-07   9.2001091E-07   2.8209421E-05   2.7085081E-07  -8.6866687E-07   1.2858148E-04   4.9283862E-06  -1.6676576E-05  -4.2164711E-05  -3.3960849E-06   4.7889927E-06   4.3821226E-06   1.6661420E-06  -1.0454156E-05  -2.1465475E-07  -8.9571351E-08  -1.0030956E-07  -1.2456137E-07  -5.3455793E-08  -1.0340750E-06   2.3934762E-09  -2.2645795E-09
  1.3782623E-07  -1.2194812E-06   1.3804528E-07   4.9883825E-05   9.6298814E-05   4.2747500E-06  -6.8432615E-06  -3.6813301E-07  -4.3897416E-05   4.3171059E-05  -1.4754967E-05   1.5380825E-05  -2.6271706E-05   1.2755998E-05  -1.7578383E-06  -8.1650001E-04   4.4107229E-05   2.0034999E-04  -5.1986186E-03  -3.3101004E-03  -8.9532387E-04  -6.0223521E-04  -3.8354748E-04  -3.1761168E-04  -4.0023742E-04  -6.3101133E-04  -8.5121732E-04   5.7687467E-06   1.5269339E-06  -1.5138724E-05  -2.4441848E-06  -1.0502049E-05  -3.3415361E-05   4.8553656E-08  -6.9939557E-08
  2.4765353E-07  -1.4107974E-07   2.4687039E-07   9.6298814E-05   2.1958028E-04   2.0507964E-06  -1.9158136E-05   1.1545457E-05  -1.2168270E-04   5.7251915E-05  -6.3130048E-05   3.6378011E-05  -4.0640572E-05   2.4956078E-05  -4.9715644E-05  -2.0404521E-03   1.7058346E-04   2.9302494E-04  -5.9719913E-03  -3.6464578E-03   2.7651041E-03   5.9038727E-03  -1.6290291E-03  -1.1888585E-03  -1.5058603E-03  -2.0630878E-03  -5.9156822E-04   1.4769531E-05   6.4837549E-06  -3.1505627E-05  -6.7841863E-07  -2.7180637E-05  -6.5864649E-05   2.5425168E-07  -1.8576490E-07
  1.6065868E-07  -2.3036508E-06   2.5282887E-07   4.2747500E-06   2.0507964E-06   1.3876835E-05   6.3628670E-06   2.8155177E-07   4.0499095E-05  -3.8530129E-05   9.0503132E-06   2.9078964E-06   5.8740491E-06   4.5901378E-06   2.0194984E-05  -3.8667613E-03   7.2944550E-05   6.7631375E-04  -1.8418045E-02  -5.6995380E-03   6.5866316E-04   3.9548262E-03  -1.8157074E-03   2.9365785E-04  -3.2568069E-04  -3.0095943E-04   1.1922635E-03  -4.1314090E-06   1.4709935E-08  -2.6806104E-06  -1.3631543E-06  -5.7807405E-06  -1.4954155E-05  -6.2393603E-08  -7.0539596E-08
  9.8616531E-08  -1.5391502E-06   8.1599744E-08  -6.8432615E-06  -1.9158136E-05   6.3628670E-06   3.3932545E-04  -1.7077529E-07  -4.0086721E-04  -8.1716308E-04  -9.9570823E-05   2.8110464E-04   4.2310477E-05  -5.6999159E-05  -8.3451023E-04   4.5680507E-04  -3.4046466E-05   8.1478236E-04  -4.5108735E-03  -4.2172959E-03  -9.1983388E-04  -1.3371376E-03  -6.2690010E-04   1.2786413E-05   2.1890945E-05  -6.2554002E-04  -1.7980668E-03   1.4586679E-05   6.7378977E-06  -4.6871651E-06   9.7530667E-06   1.1251551E-05   5.8710294E-05   2.8820530E-08  -1.2186607E-07
  1.6014119E-08  -9.1312314E-08   1.5430563E-08  -3.6813301E-07   1.1545457E-05   2.8155177E-07  -1.7077529E-07   6.1416345E-06   1.6800434E-05  -2.2845717E-05  -1.6749532E-05   3.0452150E-06   6.0872609E-06   2.3356763E-06  -1.3238893E-05   6.1876712E-04   1.2006590E-05  -2.5470929E-05   4.1879540E-03   8.0397316E-04   7.9536731E-04   1.4627417E-03  -7.7130313E-05  -9.6906258E-05  -3.5784995E-05  -1.2164728E-04   6.1290396E-04   8.7801527E-07   1.2955740E-06  -2.0852105E-06   6.5551786E-07  -5.9159306E-06  -6.0747426E-06   7.5909562E-09  -1.7073551E-08
 -7.7835629E-07  -2.0343520E-05   1.3907974E-06  -4.3897416E-05  -1.2168270E-04   4.0499095E-05  -4.0086721E-04   1.6800434E-05   1.0796608E+00   1.0400842E-02  -1.2053608E-01   4.3975795E-02  -4.7284768E-04   4.6838284E-03  -1.2151390E-02   1.0569117E-01  -1.0994431E-04   1.1846233E-02  -1.4425615E-01  -8.8452014E-02  -1.7153123E-02  -7.3502554E-02   1.1871980E-02  -4.2649043E-04   5.7182888E-02   1.6863292E-02  -8.0358070E-02  -1.0250910E-04   6.4944664E-05   9.5950733E-04  -2.1600790E-04  -4.5035644E-04  -4.7382085E-03  -4.5062444E-06  -5.5226879E-06
  2.9516488E-07   3.4160642E-06   1.8635037E-06   4.3171059E-05   5.7251915E-05  -3.8530129E-05  -8.1716308E-04  -2.2845717E-05   1.0400842E-02   1.1323509E+00   5.8484139E-04  -1.5972948E-03   1.5138005E-02  -3.9501074E-02   4.1663291E-02   6.5760812E-02   1.7506658E-03  -3.2535625E-02   3.4735292E-01   2.1360081E-01   4.6159673E-02  -4.5184093E-02   4.6973314E-04  -2.9076696E-02   2.0298291E-03  -5.3028584E-02  -1.1941268E-01   2.2633527E-04   2.6549933E-04   1.5310010E-03   1.7980396E-04   8.8661047E-04  -3.0034741E-04  -1.9017275E-06  -6.9805609E-06
  2.4133235E-07  -2.2111919E-06  -1.6783461E-07  -1.4754967E-05  -6.3130048E-05   9.0503132E-06  -9.9570823E-05  -1.6749532E-05  -1.2053608E-01   5.8484139E-04   6.0090573E-02  -5.9041019E-04   7.4586901E-04   7.1985140E-05   1.8186120E-03  -1.7972515E-02   5.3625511E-04   9.4564411E-03  -7.8028376E-02  -8.7524325E-03   4.8814972E-02   4.7434283E-02  -9.4986418E-03  -5.2470094E-03  -6.9351071E-03  -7.7912445E-03  -1.1555067E-02  -5.9579693E-05  -1.2227036E-04  -2.3796915E-04  -4.8651434E-05   1.7174560E-05  -1.0146220E-04  -1.9220768E-06   1.3462193E-06
 -2.1773880E-07   4.9855847E-07   1.4890885E-07   1.5380825E-05   3.6378011E-05   2.9078964E-06   2.8110464E-04   3.0452150E-06   4.3975795E-02  -1.5972948E-03  -5.9041019E-04   9.0230070E-03  -2.6576736E-04  -1.5597160E-03   6.6156977E-04   5.0120496E-03   2.5179824E-04   3.2846808E-03  -3.6511212E-02  -7.9935086E-03   1.2847874E-02   6.2695576E-04  -1.3297480E-03  -1.3784341E-03   2.6095213E-03  -3.9407020E-04  -5.4558859E-03   5.7478254E-05   1.4591671E-05   6.5769261E-05  -2.6268686E-06   1.0350604E-04   2.0806318E-04  -7.5526971E-07  -9.3426842E-08
 -3.1481060E-07  -2.5699862E-06  -8.5993148E-08  -2.6271706E-05  -4.0640572E-05   5.8740491E-06   4.2310477E-05   6.0872609E-06  -4.7284768E-04   1.5138005E-02   7.4586901E-04  -2.6576736E-04   8.1856822E-02   1.1654496E-04   2.7475295E-04  -1.1480598E-02   2.1507934E-04   1.5537583E-03  -1.4030968E-01   2.3752382E-02   9.8559808E-03   1.1872113E-02  -7.5206610E-03   8.0082897E-03  -1.5232342E-03   1.4427193E-03   8.6549716E-03  -9.0938992E-05  -5.6482413E-05  -1.9538044E-05   6.4396125E-06   2.8807397E-05   5.1794307E-04  -1.3170387E-06  -3.0139312E-06
 -3.8562954E-07  -1.4294716E-06   1.2107667E-07   1.2755998E-05   2.4956078E-05   4.5901378E-06  -5.6999159E-05   2.3356763E-06   4.6838284E-03  -3.9501074E-02   7.1985140E-05  -1.5597160E-03   1.1654496E-04   7.6517508E-02  -5.2695190E-03   2.1645621E-02  -4.6745143E-04  -3.0138227E-03   3.5924253E-02   1.2355557E-02  -4.3900318E-04  -2.1366174E-02  -2.8225813E-03   5.1626036E-04  -4.0664660E-03  -1.2635680E-02  -2.8181544E-02  -1.8390204E-05  -1.5324133E-05  -4.7962934E-04  -1.3440804E-04  -2.4109223E-04  -5.8926594E-04   1.1497393E-06   7.5323128E-07
  3.7114875E-07  -4.7341920E-06   9.2001091E-07  -1.7578383E-06  -4.9715644E-05   2.0194984E-05  -8.3451023E-04  -1.3238893E-05  -1.2151390E-02   4.1663291E-02   1.8186120E-03   6.6156977E-04   2.7475295E-04  -5.2695190E-03   8.1235136E-02  -2.4317886E-02   1.5662050E-04  -2.9927610E-04  -1.9909794E-02   2.3327207E-02   1.4993912E-02   2.1317870E-02   1.8730371E-03  -1.6683099E-03   1.5664606E-03   5.7054501E-03   2.3618608E-02  -3.1820023E-05  -2.0367321E-06   8.6444032E-05   5.9562103E-05   2.1828050E-04   3.3041310E-04  -6.6813333E-07   3.4652398E-07
 -7.5003361E-05   4.5494603E-05   2.8209421E-05  -8.1650001E-04  -2.0404521E-03  -3.8667613E-03   4.5680507E-04   6.1876712E-04   1.0569117E-01   6.5760812E-02  -1.7972515E-02   5.0120496E-03  -1.1480598E-02   2.1645621E-02  -2.4317886E-02   4.4913252E+01  -4.1681472E-01  -5.9967500E-01   3.2581888E+01   1.2011238E+00  -1.3394375E+01  -5.5617325E+01  -3.0381362E-01   2.1902269E-01   4.5507039E-01  -5.9065146E+00  -3.3618336E+01  -4.8877060E-06  -5.2115104E-04   9.4855987E-03   4.7659210E-04  -8.3337250E-04   3.0280527E-02  -1.9389999E-04   7.6446352E-04
  1.5320281E-06  -3.9530249E-07   2.7085081E-07   4.4107229E-05   1.7058346E-04   7.2944550E-05  -3.4046466E-05   1.2006590E-05  -1.0994431E-04   1.7506658E-03   5.3625511E-04   2.5179824E-04   2.1507934E-04  -4.6745143E-04   1.5662050E-04  -4.1681472E-01   8.2777537E-02  -3.8191220E-02  -5.9114699E-01   9.6674040E-01   1.7670143E+00   6.9067261E-01   3.7901868E-02  -1.5794506E-02   1.1768538E-03   1.1292662E-01   1.6713206E-01  -1.2974412E-04  -8.2362485E-05  -2.7136259E-04   1.0896407E-06  -4.3209194E-04  -2.0371763E-03   2.9955464E-06  -2.0856671E-06
  1.3499794E-05  -1.6533371E-05  -8.6866687E-07   2.0034999E-04   2.9302494E-04   6.7631375E-04   8.1478236E-04  -2.5470929E-05   1.1846233E-02  -3.2535625E-02   9.4564411E-03   3.2846808E-03   1.5537583E-03  -3.0138227E-03  -2.9927610E-04  -5.9967500E-01  -3.8191220E-02   3.7461498E+00  -2.9330932E+01  -3.1563682E+00   7.3833821E+00   4.8057643E+00  -2.5404632E+00  -1.7081741E-01   1.3438823E-01   2.5667865E+00   3.0677627E+00  -7.7758659E-04   1.5330007E-03   1.0240461E-03   4.8802618E-04   1.1583933E-03   3.3155791E-03   1.3351338E-04  -3.2472841E-05
 -2.6142070E-04   1.4394798E-04   1.2858148E-04  -5.1986186E-03  -5.9719913E-03  -1.8418045E-02  -4.5108735E-03   4.1879540E-03  -1.4425615E-01   3.4735292E-01  -7.8028376E-02  -3.6511212E-02  -1.4030968E-01   3.5924253E-02  -1.9909794E-02   3.2581888E+01  -5.9114699E-01  -2.9330932E+01   7.7309654E+02   6.3919912E+01  -5.3887347E+01  -5.6383932E+01   1.2280105E+01  -7.2165866E+00   5.9732428E+00  -1.1807720E+01  -2.0953171E+01   1.3173406E-02  -1.1797849E-02   3.6903804E-02   2.8535904E-03  -5.4360210E-03   1.1377254E-03   3.5049868E-03   6.0864128E-04
 -1.9404301E-04   5.5773957E-04   4.9283862E-06  -3.3101004E-03  -3.6464578E-03  -5.6995380E-03  -4.2172959E-03   8.0397316E-04  -8.8452014E-02   2.1360081E-01  -8.7524325E-03  -7.9935086E-03   2.3752382E-02   1.2355557E-02   2.3327207E-02   1.2011238E+00   9.6674040E-01  -3.1563682E+00   6.3919912E+01   6.0988731E+01   4.1255818E+01   1.5527232E+01  -4.9884590E+00  -4.3711009E-01  -1.3516323E+00   3.3881026E+00   4.4515797E+00   6.4211427E-04  -8.5565022E-04  -7.5291805E-03  -3.9541394E-04  -1.9945626E-03  -9.0218464E-03   2.8899692E-05   8.7116307E-05
 -5.0525352E-05   4.0688156E-04  -1.6676576E-05  -8.9532387E-04   2.7651041E-03   6.5866316E-04  -9.1983388E-04   7.9536731E-04  -1.7153123E-02   4.6159673E-02   4.8814972E-02   1.2847874E-02   9.8559808E-03  -4.3900318E-04   1.4993912E-02  -1.3394375E+01   1.7670143E+00   7.3833821E+00  -5.3887347E+01   4.1255818E+01   8.6218972E+01   5.3027771E+01  -1.1449390E+01  -9.7709468E-01  -8.8546628E-01   4.9492303E+00   8.5856339E+00  -5.2013957E-03   2.6253307E-03  -4.7138507E-04   4.4163837E-03   2.9037214E-03  -2.5321669E-02   4.4460676E-04  -3.5693393E-04
  2.1608166E-05   3.1608926E-04  -4.2164711E-05  -6.0223521E-04   5.9038727E-03   3.9548262E-03  -1.3371376E-03   1.4627417E-03  -7.3502554E-02  -4.5184093E-02   4.7434283E-02   6.2695576E-04   1.1872113E-02  -2.1366174E-02   2.1317870E-02  -5.5617325E+01   6.9067261E-01   4.8057643E+00  -5.6383932E+01   1.5527232E+01   5.3027771E+01   1.0384505E+02  -8.8421119E+00  -8.3701440E-01  -1.1257652E+00   5.6611976E+00   3.4288252E+01  -2.7788494E-03   3.4030843E-03  -1.0126630E-02   3.4289454E-03   5.8420676E-03  -3.7383118E-02   4.3536414E-04  -1.3790176E-03
 -3.0185324E-05   2.2945185E-05  -3.3960849E-06  -3.8354748E-04  -1.6290291E-03  -1.8157074E-03  -6.2690010E-04  -7.7130313E-05   1.1871980E-02   4.6973314E-04  -9.4986418E-03  -1.3297480E-03  -7.5206610E-03  -2.8225813E-03   1.8730371E-03  -3.0381362E-01   3.7901868E-02  -2.5404632E+00   1.2280105E+01  -4.9884590E+00  -1.1449390E+01  -8.8421119E+00   5.5977348E+00   9.0772934E-02  -2.0592714E-01  -2.0092975E+00  -2.1826825E+00   1.3781739E-03  -1.3036336E-03  -2.2072563E-04  -1.7444029E-03  -8.2366987E-04  -3.2178159E-03  -8.2331264E-05   9.5736905E-06
 -1.1565022E-06  -1.9361742E-05   4.7889927E-06  -3.1761168E-04  -1.1888585E-03   2.9365785E-04   1.2786413E-05  -9.6906258E-05  -4.2649043E-04  -2.9076696E-02  -5.2470094E-03  -1.3784341E-03   8.0082897E-03   5.1626036E-04  -1.6683099E-03   2.1902269E-01  -1.5794506E-02  -1.7081741E-01  -7.2165866E+00  -4.3711009E-01  -9.7709468E-01  -8.3701440E-01   9.0772934E-02   3.4795337E+00   5.6535021E-01   2.0632189E-01   1.5546605E-01   1.6417231E-06  -4.0577829E-04   5.3319664E-04  -8.9633200E-04  -1.2765215E-03  -1.2938967E-03   1.7221002E-04  -1.4675428E-05
 -4.5636173E-06  -2.0563302E-05   4.3821226E-06  -4.0023742E-04  -1.5058603E-03  -3.2568069E-04   2.1890945E-05  -3.5784995E-05   5.7182888E-02   2.0298291E-03  -6.9351071E-03   2.6095213E-03  -1.5232342E-03  -4.0664660E-03   1.5664606E-03   4.5507039E-01   1.1768538E-03   1.3438823E-01   5.9732428E+00  -1.3516323E+00  -8.8546628E-01  -1.1257652E+00  -2.0592714E-01   5.6535021E-01   3.2182707E+00   2.7472190E+00   2.8285532E+00  -5.7562383E-04  -5.2232331E-04  -4.9666909E-04  -1.0434581E-04  -1.7237098E-03  -6.8161543E-03  -1.8954218E-04  -3.7824102E-05
 -1.6588125E-05   3.5823969E-07   1.6661420E-06  -6.3101133E-04  -2.0630878E-03  -3.0095943E-04  -6.2554002E-04  -1.2164728E-04   1.6863292E-02  -5.3028584E-02  -7.7912445E-03  -3.9407020E-04   1.4427193E-03  -1.2635680E-02   5.7054501E-03  -5.9065146E+00   1.1292662E-01   2.5667865E+00  -1.1807720E+01   3.3881026E+00   4.9492303E+00   5.6611976E+00  -2.0092975E+00   2.0632189E-01   2.7472190E+00   1.0644693E+01   1.8985609E+01  -5.7293928E-04   5.8624361E-04  -3.7178082E-03  -7.8746572E-04  -3.0468811E-03  -8.2589142E-03  -2.8647469E-05   3.8321083E-04
  3.6378141E-07  -8.3580134E-06  -1.0454156E-05  -8.5121732E-04  -5.9156822E-04   1.1922635E-03  -1.7980668E-03   6.1290396E-04  -8.0358070E-02  -1.1941268E-01  -1.1555067E-02  -5.4558859E-03   8.6549716E-03  -2.8181544E-02   2.3618608E-02  -3.3618336E+01   1.6713206E-01   3.0677627E+00  -2.0953171E+01   4.4515797E+00   8.5856339E+00   3.4288252E+01  -2.1826825E+00   1.5546605E-01   2.8285532E+00   1.8985609E+01   5.2955195E+01  -8.9972428E-04   7.3621691E-04  -8.6773807E-03  -2.5866733E-04  -2.4816560E-03  -1.8046391E-02   6.8318239E-05   8.4034814E-04
 -9.5820888E-08   6.8990014E-07  -2.1465475E-07   5.7687467E-06   1.4769531E-05  -4.1314090E-06   1.4586679E-05   8.7801527E-07  -1.0250910E-04   2.2633527E-04  -5.9579693E-05   5.7478254E-05  -9.0938992E-05  -1.8390204E-05  -3.1820023E-05  -4.8877060E-06  -1.2974412E-04  -7.7758659E-04   1.3173406E-02   6.4211427E-04  -5.2013957E-03  -2.7788494E-03   1.3781739E-03   1.6417231E-06  -5.7562383E-04  -5.7293928E-04  -8.9972428E-04   1.4669852E-03   2.7324889E-04   8.1163541E-05  -3.9662138E-04  -9.9188026E-05  -6.9153114E-05  -1.5068878E-07  -6.8645527E-08
 -4.4827805E-08   2.1756306E-07  -8.9571351E-08   1.5269339E-06   6.4837549E-06   1.4709935E-08   6.7378977E-06   1.2955740E-06   6.4944664E-05   2.6549933E-04  -1.2227036E-04   1.4591671E-05  -5.6482413E-05  -1.5324133E-05  -2.0367321E-06  -5.2115104E-04  -8.2362485E-05   1.5330007E-03  -1.1797849E-02  -8.5565022E-04   2.6253307E-03   3.4030843E-03  -1.3036336E-03  -4.0577829E-04  -5.2232331E-04   5.8624361E-04   7.3621691E-04   2.7324889E-04   8.5965073E-04   5.1317259E-06   7.0876370E-04   4.9071390E-05  -7.3447197E-04   6.3685062E-08  -6.1926546E-08
 -2.0135396E-07   1.1748640E-06  -1.0030956E-07  -1.5138724E-05  -3.1505627E-05  -2.6806104E-06  -4.6871651E-06  -2.0852105E-06   9.5950733E-04   1.5310010E-03  -2.3796915E-04   6.5769261E-05  -1.9538044E-05  -4.7962934E-04   8.6444032E-05   9.4855987E-03  -2.7136259E-04   1.0240461E-03   3.6903804E-02  -7.5291805E-03  -4.7138507E-04  -1.0126630E-02  -2.2072563E-04   5.3319664E-04  -4.9666909E-04  -3.7178082E-03  -8.6773807E-03   8.1163541E-05   5.1317259E-06   7.2028458E-03  -3.1101661E-04   7.0954627E-04   4.5844571E-03   8.7848179E-07   4.2823569E-07
 -1.9198491E-07   8.6273787E-07  -1.2456137E-07  -2.4441848E-06  -6.7841863E-07  -1.3631543E-06   9.7530667E-06   6.5551786E-07  -2.1600790E-04   1.7980396E-04  -4.8651434E-05  -2.6268686E-06   6.4396125E-06  -1.3440804E-04   5.9562103E-05   4.7659210E-04   1.0896407E-06   4.8802618E-04   2.8535904E-03  -3.9541394E-04   4.4163837E-03   3.4289454E-03  -1.7444029E-03  -8.9633200E-04  -1.0434581E-04  -7.8746572E-04  -2.5866733E-04  -3.9662138E-04   7.0876370E-04  -3.1101661E-04   2.9086651E-03   5.4103727E-04  -9.7999507E-04   3.1303015E-07   2.0882138E-07
 -4.4047845E-07   2.3402235E-06  -5.3455793E-08  -1.0502049E-05  -2.7180637E-05  -5.7807405E-06   1.1251551E-05  -5.9159306E-06  -4.5035644E-04   8.8661047E-04   1.7174560E-05   1.0350604E-04   2.8807397E-05  -2.4109223E-04   2.1828050E-04  -8.3337250E-04  -4.3209194E-04   1.1583933E-03  -5.4360210E-03  -1.9945626E-03   2.9037214E-03   5.8420676E-03  -8.2366987E-04  -1.2765215E-03  -1.7237098E-03  -3.0468811E-03  -2.4816560E-03  -9.9188026E-05   4.9071390E-05   7.0954627E-04   5.4103727E-04   6.6729771E-03   8.0162157E-03  -1.9943731E-08   6.0375466E-07
 -2.3898755E-06   8.8873739E-06  -1.0340750E-06  -3.3415361E-05  -6.5864649E-05  -1.4954155E-05   5.8710294E-05  -6.0747426E-06  -4.7382085E-03  -3.0034741E-04  -1.0146220E-04   2.0806318E-04   5.1794307E-04  -5.8926594E-04   3.3041310E-04   3.0280527E-02  -2.0371763E-03   3.3155791E-03   1.1377254E-03  -9.0218464E-03  -2.5321669E-02  -3.7383118E-02  -3.2178159E-03  -1.2938967E-03  -6.8161543E-03  -8.2589142E-03  -1.8046391E-02  -6.9153114E-05  -7.3447197E-04   4.5844571E-03  -9.7999507E-04   8.0162157E-03   7.1534382E-02   2.6520814E-07   9.4690856E-07
  2.5848900E-09  -2.9184002E-09   2.3934762E-09   4.8553656E-08   2.5425168E-07  -6.2393603E-08   2.8820530E-08   7.5909562E-09  -4.5062444E-06  -1.9017275E-06  -1.9220768E-06  -7.5526971E-07  -1.3170387E-06   1.1497393E-06  -6.6813333E-07  -1.9389999E-04   2.9955464E-06   1.3351338E-04   3.5049868E-03   2.8899692E-05   4.4460676E-04   4.3536414E-04  -8.2331264E-05   1.7221002E-04  -1.8954218E-04  -2.8647469E-05   6.8318239E-05  -1.5068878E-07   6.3685062E-08   8.7848179E-07   3.1303015E-07  -1.9943731E-08   2.6520814E-07   3.6981322E-07  -9.8884859E-10
 -2.6680921E-09   5.6534621E-09  -2.2645795E-09  -6.9939557E-08  -1.8576490E-07  -7.0539596E-08  -1.2186607E-07  -1.7073551E-08  -5.5226879E-06  -6.9805609E-06   1.3462193E-06  -9.3426842E-08  -3.0139312E-06   7.5323128E-07   3.4652398E-07   7.6446352E-04  -2.0856671E-06  -3.2472841E-05   6.0864128E-04   8.7116307E-05  -3.5693393E-04  -1.3790176E-03   9.5736905E-06  -1.4675428E-05  -3.7824102E-05   3.8321083E-04   8.4034814E-04  -6.8645527E-08  -6.1926546E-08   4.2823569E-07   2.0882138E-07   6.0375466E-07   9.4690856E-07  -9.8884859E-10   3.8969731E-07
