# omegabh2 omegach2 theta tau mnu logA ns calPlanck galfEE100 galfEE100143 galfEE100217 galfEE143 galfEE143217 galfEE217
    0.2163362E-05   -0.2461226E-05   -0.1843891E-06    0.2535130E-05   -0.1248930E-02    0.2009622E-04    0.2092411E-04   -0.1183149E-07   -0.4524059E-06   -0.5877369E-06    0.4785292E-06   -0.6734989E-06    0.1523512E-07    0.6674429E-06
   -0.2461226E-05    0.3119384E-04   -0.3207925E-05   -0.8012426E-05   -0.3589735E-02    0.1453025E-04   -0.6035866E-05   -0.9905496E-07   -0.2495077E-05   -0.2621597E-05   -0.3026709E-05   -0.3003083E-05   -0.7375580E-05   -0.9596117E-05
   -0.1843891E-06   -0.3207925E-05    0.1199608E-05    0.2349237E-06    0.7916570E-03   -0.6241251E-05   -0.4252125E-05    0.2886112E-07    0.2985033E-06    0.2997089E-06    0.3291702E-07    0.4000895E-06    0.2969560E-06    0.6925761E-06
    0.2535130E-05   -0.8012426E-05    0.2349237E-06    0.4156712E-03   -0.1998736E-02    0.8293631E-03    0.7826599E-04   -0.1230781E-05    0.5510831E-05    0.6150587E-05   -0.6938958E-05    0.7692682E-05   -0.2029917E-04   -0.1977883E-04
   -0.1248930E-02   -0.3589735E-02    0.7916570E-03   -0.1998736E-02    0.2160987E+01   -0.1694809E-01   -0.2119521E-01    0.8473597E-04    0.2393958E-03    0.2998000E-03    0.8559311E-04    0.4369150E-03    0.1466301E-02    0.1202204E-02
    0.2009622E-04    0.1453025E-04   -0.6241251E-05    0.8293631E-03   -0.1694809E-01    0.1932664E-02    0.2912429E-03    0.1021006E-04   -0.2246054E-05   -0.3730583E-05   -0.1565757E-04   -0.1413744E-05   -0.7200967E-04   -0.9656540E-04
    0.2092411E-04   -0.6035866E-05   -0.4252125E-05    0.7826599E-04   -0.2119521E-01    0.2912429E-03    0.3677322E-03   -0.7621193E-06    0.1215731E-04    0.1239557E-04    0.4416926E-05    0.1382131E-04   -0.1751678E-04   -0.3941998E-04
   -0.1183149E-07   -0.9905496E-07    0.2886112E-07   -0.1230781E-05    0.8473597E-04    0.1021006E-04   -0.7621193E-06    0.6201093E-05    0.6731325E-06    0.4215510E-06    0.8113835E-06    0.9772609E-06   -0.4847385E-07    0.3459868E-06
   -0.4524059E-06   -0.2495077E-05    0.2985033E-06    0.5510831E-05    0.2393958E-03   -0.2246054E-05    0.1215731E-04    0.6731325E-06    0.3497991E-04    0.1189182E-04    0.1424867E-05    0.6527974E-05   -0.5238181E-06    0.7770264E-05
   -0.5877369E-06   -0.2621597E-05    0.2997089E-06    0.6150587E-05    0.2998000E-03   -0.3730583E-05    0.1239557E-04    0.4215510E-06    0.1189182E-04    0.2880126E-04    0.3911998E-06    0.1700374E-04    0.2713734E-05    0.3790342E-05
    0.4785292E-06   -0.3026709E-05    0.3291702E-07   -0.6938958E-05    0.8559311E-04   -0.1565757E-04    0.4416926E-05    0.8113835E-06    0.1424867E-05    0.3911998E-06    0.1043723E-02    0.1516159E-05    0.1447833E-04   -0.4666789E-05
   -0.6734989E-06   -0.3003083E-05    0.4000895E-06    0.7692682E-05    0.4369150E-03   -0.1413744E-05    0.1382131E-04    0.9772609E-06    0.6527974E-05    0.1700374E-04    0.1516159E-05    0.5291969E-04    0.1713049E-05   -0.9059454E-06
    0.1523512E-07   -0.7375580E-05    0.2969560E-06   -0.2029917E-04    0.1466301E-02   -0.7200967E-04   -0.1751678E-04   -0.4847385E-07   -0.5238181E-06    0.2713734E-05    0.1447833E-04    0.1713049E-05    0.2210211E-02    0.1034201E-03
    0.6674429E-06   -0.9596117E-05    0.6925761E-06   -0.1977883E-04    0.1202204E-02   -0.9656540E-04   -0.3941998E-04    0.3459868E-06    0.7770264E-05    0.3790342E-05   -0.4666789E-05   -0.9059454E-06    0.1034201E-03    0.1704512E-01
