# omegabh2 omegach2 theta tau Alens logA ns calPlanck acib217 xi asz143 aps100 aps143 aps143217 aps217 aksz kgal100 kgal143 kgal143217 kgal217 galfTE100 galfTE100143 galfTE100217 galfTE143 galfTE143217 galfTE217 cal0 cal2
  2.2210232E-08  -7.9518318E-08   1.2713847E-08   7.4526307E-08   3.3069518E-06   4.9042477E-08   2.2548118E-07  -3.2356957E-09  -1.1310240E-04   1.6646667E-06   1.5925364E-05  -4.5271671E-04  -2.9596107E-04  -1.2787573E-04  -1.8133847E-06  -2.9274779E-05   7.4932182E-06  -1.1096412E-05  -1.7471362E-05   2.0186470E-05  -3.8903936E-08   6.4850641E-08   2.6042697E-07  -3.6802167E-07  -4.5244898E-07  -1.7445282E-06   5.1479540E-09  -2.8041490E-10
 -7.9518318E-08   1.1505449E-06  -7.5800643E-08  -5.7230648E-07  -2.3212690E-05   1.6517468E-06  -2.7987550E-06   3.3617937E-08   3.6022345E-04  -7.9062030E-06  -3.8678514E-05   1.5883712E-03   1.0175280E-03   5.7434244E-04   1.7736650E-04   4.1220538E-05  -4.2595003E-05   2.7929471E-05   5.3005311E-05  -4.9885171E-05  -4.1180568E-07  -1.7660563E-07  -6.5294015E-08   2.4486957E-06   2.0016568E-06   9.3729485E-06  -7.2088003E-09   1.2414170E-08
  1.2713847E-08  -7.5800643E-08   8.4855217E-08   6.0666551E-08   2.5637616E-06   2.6096554E-08   3.1507919E-07  -4.6001693E-09   1.5994950E-05   3.2684507E-07  -1.2758129E-06  -2.2741842E-04  -1.2498291E-04  -6.0792549E-05  -3.5894616E-05  -2.5431481E-06   4.7877863E-06  -1.7465062E-05  -6.4954068E-05  -1.3435688E-04   1.4062603E-08   1.3333834E-07   5.1396320E-07  -2.7378408E-07  -5.2441095E-07  -1.1812711E-06   6.6443739E-10  -3.6297529E-09
  7.4526307E-08  -5.7230648E-07   6.0666551E-08   7.4516198E-05  -1.4323576E-04   1.4670003E-04   2.8670627E-06  -2.5349373E-07  -1.0458579E-03  -1.8839787E-05   1.8646056E-04   8.7476239E-04  -2.1764672E-03  -7.4065290E-04   8.3776111E-04  -5.1957801E-04  -1.2961898E-04   3.5411840E-04   1.5065163E-04   3.2900471E-04   8.8976511E-06   1.3816233E-06   6.9486510E-06  -1.3698734E-05  -5.0276205E-06   7.5872353E-05   6.0074513E-08  -6.5735701E-08
  3.3069518E-06  -2.3212690E-05   2.5637616E-06  -1.4323576E-04   3.6062086E-03  -3.5786657E-04   7.2020712E-05  -1.5764387E-05  -4.3701731E-02   7.2798072E-04   6.0989382E-03  -2.1070856E-01  -7.7471398E-02  -1.7500345E-02   2.3557179E-02  -1.4587578E-02  -4.7340077E-04  -5.8636369E-03  -6.8066753E-03   3.7131035E-03   1.5030871E-05  -9.6940699E-06  -6.9809979E-06  -6.8460561E-05  -7.0730178E-05  -3.8679074E-04   5.3069264E-07  -1.0850738E-06
  4.9042477E-08   1.6517468E-06   2.6096554E-08   1.4670003E-04  -3.5786657E-04   3.2310338E-04  -2.2895895E-06   1.1744356E-05  -1.1131314E-03  -2.9343672E-05  -3.1022573E-05   1.0425552E-02  -1.9221712E-03   5.8779579E-04   6.3667307E-03  -1.2456472E-03  -5.3545062E-04   4.4349378E-05  -7.3423458E-04   9.8669212E-04   1.7299907E-05   3.4975641E-06   1.8200569E-05  -2.0319430E-05  -3.8362958E-06   1.8452763E-04   3.6331264E-07  -1.2676662E-07
  2.2548118E-07  -2.7987550E-06   3.1507919E-07   2.8670627E-06   7.2020712E-05  -2.2895895E-06   1.5299388E-05  -7.4002576E-08  -4.3925501E-03   1.0155215E-04   6.5634064E-04  -2.3576791E-02  -7.9420530E-03  -4.0913836E-04   3.7600817E-03  -1.5951779E-03   4.0687846E-04  -4.9264567E-04  -9.2103857E-04   2.0646599E-04  -6.8528175E-07   6.4744992E-07   3.6332613E-06  -6.1690724E-06  -1.8955158E-06  -1.5556858E-05  -5.4697087E-08  -7.8522837E-08
 -3.2356957E-09   3.3617937E-08  -4.6001693E-09  -2.5349373E-07  -1.5764387E-05   1.1744356E-05  -7.4002576E-08   6.0876252E-06   9.7770605E-04  -1.2150029E-05  -1.1530487E-04   4.8618412E-03   3.7302662E-04  -1.7481325E-04   7.6385375E-04   1.7014116E-04   7.1591749E-05  -3.7997480E-05  -2.2575647E-04   3.7526349E-04  -5.8579097E-08  -5.8743180E-08   8.0545606E-07   6.4136381E-07   5.3920974E-07   7.4657137E-06   5.0465215E-08  -6.6920188E-09
 -1.1310240E-04   3.6022345E-04   1.5994950E-05  -1.0458579E-03  -4.3701731E-02  -1.1131314E-03  -4.3925501E-03   9.7770605E-04   4.3736219E+01  -3.7321141E-01  -1.0644068E+00   3.6595121E+01   3.9129416E+00  -1.1309486E+01  -5.3578042E+01   1.4907550E-01   2.9416326E-01   5.3422748E-01  -5.7905581E+00  -3.2497232E+01   1.2220477E-03   3.9225751E-03   2.5942948E-03   5.5650548E-04   4.5764540E-03   4.6983280E-02  -2.7396202E-04   6.3874134E-04
  1.6646667E-06  -7.9062030E-06   3.2684507E-07  -1.8839787E-05   7.2798072E-04  -2.9343672E-05   1.0155215E-04  -1.2150029E-05  -3.7321141E-01   7.8616384E-02  -1.3562001E-02  -7.8416074E-01   8.7533366E-01   1.7196442E+00   6.6402720E-01   1.2338071E-02  -2.5001909E-02   1.8523103E-02   1.2053635E-01   1.3248835E-01   1.1859969E-04   1.5015967E-04  -3.3242343E-04   1.0305565E-04  -4.3734794E-05  -1.8244977E-03   3.1118009E-06   8.1802835E-07
  1.5925364E-05  -3.8678514E-05  -1.2758129E-06   1.8646056E-04   6.0989382E-03  -3.1022573E-05   6.5634064E-04  -1.1530487E-04  -1.0644068E+00  -1.3562001E-02   3.4339506E+00  -2.7511393E+01  -3.5926668E+00   6.4284259E+00   4.1906995E+00  -1.9013143E+00  -1.6449393E-01   1.2831996E-01   2.3867324E+00   3.0033501E+00  -6.2372384E-04   1.5012944E-04   1.5127969E-03  -6.6923675E-04   1.2968237E-03   3.7453890E-03   8.9687965E-05  -3.8401125E-05
 -4.5271671E-04   1.5883712E-03  -2.2741842E-04   8.7476239E-04  -2.1070856E-01   1.0425552E-02  -2.3576791E-02   4.8618412E-03   3.6595121E+01  -7.8416074E-01  -2.7511393E+01   7.7449067E+02   7.4995762E+01  -4.5229706E+01  -5.1474419E+01   9.3389778E+00  -7.4726729E+00   5.9893758E+00  -9.7720346E+00  -2.0042927E+01   5.5350009E-03  -9.8507731E-03   9.6193286E-04   1.1288118E-02  -5.9531960E-03  -3.3030167E-02   3.6502290E-03   6.5359747E-04
 -2.9596107E-04   1.0175280E-03  -1.2498291E-04  -2.1764672E-03  -7.7471398E-02  -1.9221712E-03  -7.9420530E-03   3.7302662E-04   3.9129416E+00   8.7533366E-01  -3.5926668E+00   7.4995762E+01   6.0369520E+01   3.7842009E+01   1.0984063E+01  -3.7681297E+00  -6.7125574E-01  -7.7084411E-01   3.2735094E+00   2.8865415E+00  -5.9496702E-04  -9.4738947E-04   9.1164363E-03   1.5635162E-02   8.0889874E-03   1.8987283E-02   4.3281242E-05   1.7125610E-04
 -1.2787573E-04   5.7434244E-04  -6.0792549E-05  -7.4065290E-04  -1.7500345E-02   5.8779579E-04  -4.0913836E-04  -1.7481325E-04  -1.1309486E+01   1.7196442E+00   6.4284259E+00  -4.5229706E+01   3.7842009E+01   7.9481158E+01   4.6319518E+01  -8.9406931E+00  -1.1157706E+00  -3.6712340E-01   4.0905788E+00   5.6108477E+00   3.4056491E-04   6.4313710E-04   4.0509095E-03   8.7128290E-03   8.0325800E-03  -2.0731378E-02   3.3983971E-04  -2.5287440E-04
 -1.8133847E-06   1.7736650E-04  -3.5894616E-05   8.3776111E-04   2.3557179E-02   6.3667307E-03   3.7600817E-03   7.6385375E-04  -5.3578042E+01   6.6402720E-01   4.1906995E+00  -5.1474419E+01   1.0984063E+01   4.6319518E+01   9.7349346E+01  -6.9986127E+00  -7.6693481E-01  -1.3129270E+00   4.3743086E+00   3.0914473E+01  -4.5913665E-03  -6.7015479E-03   3.5941531E-03   6.3292680E-03   8.3671866E-03  -5.5868890E-02   5.5805536E-04  -1.1693715E-03
 -2.9274779E-05   4.1220538E-05  -2.5431481E-06  -5.1957801E-04  -1.4587578E-02  -1.2456472E-03  -1.5951779E-03   1.7014116E-04   1.4907550E-01   1.2338071E-02  -1.9013143E+00   9.3389778E+00  -3.7681297E+00  -8.9406931E+00  -6.9986127E+00   4.2912916E+00   3.9979411E-02  -9.8998942E-02  -1.4385944E+00  -1.6062782E+00   6.7689606E-04  -8.5020254E-05  -6.2202661E-03  -1.1111847E-03  -4.4906305E-03  -9.0889055E-03  -7.0386999E-05  -9.5527923E-06
  7.4932182E-06  -4.2595003E-05   4.7877863E-06  -1.2961898E-04  -4.7340077E-04  -5.3545062E-04   4.0687846E-04   7.1591749E-05   2.9416326E-01  -2.5001909E-02  -1.6449393E-01  -7.4726729E+00  -6.7125574E-01  -1.1157706E+00  -7.6693481E-01   3.9979411E-02   3.4155891E+00   5.3074196E-01   1.7488210E-01   1.7681928E-01  -2.1678853E-03  -1.4895820E-03   5.4734568E-03  -3.3676154E-03  -5.0899152E-03  -1.4402106E-03   1.7198916E-04   1.6614135E-05
 -1.1096412E-05   2.7929471E-05  -1.7465062E-05   3.5411840E-04  -5.8636369E-03   4.4349378E-05  -4.9264567E-04  -3.7997480E-05   5.3422748E-01   1.8523103E-02   1.2831996E-01   5.9893758E+00  -7.7084411E-01  -3.6712340E-01  -1.3129270E+00  -9.8998942E-02   5.3074196E-01   3.1408167E+00   2.7124339E+00   2.7703406E+00  -2.1362277E-03  -3.4877756E-04  -1.3851017E-03   7.9520718E-04  -3.1544661E-03   2.0076044E-03  -1.9520230E-04  -3.5303398E-05
 -1.7471362E-05   5.3005311E-05  -6.4954068E-05   1.5065163E-04  -6.8066753E-03  -7.3423458E-04  -9.2103857E-04  -2.2575647E-04  -5.7905581E+00   1.2053635E-01   2.3867324E+00  -9.7720346E+00   3.2735094E+00   4.0905788E+00   4.3743086E+00  -1.4385944E+00   1.7488210E-01   2.7124339E+00   1.0535191E+01   1.8849757E+01  -1.8954152E-03  -9.9375344E-04   6.8273590E-04   1.4910875E-03  -2.0547115E-03   5.9729018E-03  -4.2419997E-05   4.3204818E-04
  2.0186470E-05  -4.9885171E-05  -1.3435688E-04   3.2900471E-04   3.7131035E-03   9.8669212E-04   2.0646599E-04   3.7526349E-04  -3.2497232E+01   1.3248835E-01   3.0033501E+00  -2.0042927E+01   2.8865415E+00   5.6108477E+00   3.0914473E+01  -1.6062782E+00   1.7681928E-01   2.7703406E+00   1.8849757E+01   5.2274135E+01  -1.8743056E-03  -4.2269835E-03  -1.1657833E-03   2.7594512E-03  -1.2369124E-02  -6.7193850E-03   8.0848091E-05   1.0028333E-03
 -3.8903936E-08  -4.1180568E-07   1.4062603E-08   8.8976511E-06   1.5030871E-05   1.7299907E-05  -6.8528175E-07  -5.8579097E-08   1.2220477E-03   1.1859969E-04  -6.2372384E-04   5.5350009E-03  -5.9496702E-04   3.4056491E-04  -4.5913665E-03   6.7689606E-04  -2.1678853E-03  -2.1362277E-03  -1.8954152E-03  -1.8743056E-03   1.5276963E-03   2.6025295E-04   1.7854386E-04  -4.3559675E-04  -6.6829494E-05   7.3639403E-06  -3.5516874E-07   5.0987884E-07
  6.4850641E-08  -1.7660563E-07   1.3333834E-07   1.3816233E-06  -9.6940699E-06   3.4975641E-06   6.4744992E-07  -5.8743180E-08   3.9225751E-03   1.5015967E-04   1.5012944E-04  -9.8507731E-03  -9.4738947E-04   6.4313710E-04  -6.7015479E-03  -8.5020254E-05  -1.4895820E-03  -3.4877756E-04  -9.9375344E-04  -4.2269835E-03   2.6025295E-04   8.8565729E-04   1.2446197E-04   7.4446213E-04   6.3575160E-05  -5.8843860E-04  -1.4336936E-07   1.3691285E-07
  2.6042697E-07  -6.5294015E-08   5.1396320E-07   6.9486510E-06  -6.9809979E-06   1.8200569E-05   3.6332613E-06   8.0545606E-07   2.5942948E-03  -3.3242343E-04   1.5127969E-03   9.6193286E-04   9.1164363E-03   4.0509095E-03   3.5941531E-03  -6.2202661E-03   5.4734568E-03  -1.3851017E-03   6.8273590E-04  -1.1657833E-03   1.7854386E-04   1.2446197E-04   7.3870764E-03  -3.4284723E-04   6.7751119E-04   4.5095499E-03   1.1547953E-06  -6.3159955E-07
 -3.6802167E-07   2.4486957E-06  -2.7378408E-07  -1.3698734E-05  -6.8460561E-05  -2.0319430E-05  -6.1690724E-06   6.4136381E-07   5.5650548E-04   1.0305565E-04  -6.6923675E-04   1.1288118E-02   1.5635162E-02   8.7128290E-03   6.3292680E-03  -1.1111847E-03  -3.3676154E-03   7.9520718E-04   1.4910875E-03   2.7594512E-03  -4.3559675E-04   7.4446213E-04  -3.4284723E-04   2.8923620E-03   4.8619437E-04  -9.8892985E-04  -4.6449928E-07   6.9209433E-08
 -4.5244898E-07   2.0016568E-06  -5.2441095E-07  -5.0276205E-06  -7.0730178E-05  -3.8362958E-06  -1.8955158E-06   5.3920974E-07   4.5764540E-03  -4.3734794E-05   1.2968237E-03  -5.9531960E-03   8.0889874E-03   8.0325800E-03   8.3671866E-03  -4.4906305E-03  -5.0899152E-03  -3.1544661E-03  -2.0547115E-03  -1.2369124E-02  -6.6829494E-05   6.3575160E-05   6.7751119E-04   4.8619437E-04   6.4113427E-03   7.7971184E-03  -1.7729361E-07  -3.8076627E-07
 -1.7445282E-06   9.3729485E-06  -1.1812711E-06   7.5872353E-05  -3.8679074E-04   1.8452763E-04  -1.5556858E-05   7.4657137E-06   4.6983280E-02  -1.8244977E-03   3.7453890E-03  -3.3030167E-02   1.8987283E-02  -2.0731378E-02  -5.5868890E-02  -9.0889055E-03  -1.4402106E-03   2.0076044E-03   5.9729018E-03  -6.7193850E-03   7.3639403E-06  -5.8843860E-04   4.5095499E-03  -9.8892985E-04   7.7971184E-03   7.1300654E-02  -8.4682517E-07   3.1472005E-06
  5.1479540E-09  -7.2088003E-09   6.6443739E-10   6.0074513E-08   5.3069264E-07   3.6331264E-07  -5.4697087E-08   5.0465215E-08  -2.7396202E-04   3.1118009E-06   8.9687965E-05   3.6502290E-03   4.3281242E-05   3.3983971E-04   5.5805536E-04  -7.0386999E-05   1.7198916E-04  -1.9520230E-04  -4.2419997E-05   8.0848091E-05  -3.5516874E-07  -1.4336936E-07   1.1547953E-06  -4.6449928E-07  -1.7729361E-07  -8.4682517E-07   3.6485139E-07   5.2485613E-09
 -2.8041490E-10   1.2414170E-08  -3.6297529E-09  -6.5735701E-08  -1.0850738E-06  -1.2676662E-07  -7.8522837E-08  -6.6920188E-09   6.3874134E-04   8.1802835E-07  -3.8401125E-05   6.5359747E-04   1.7125610E-04  -2.5287440E-04  -1.1693715E-03  -9.5527923E-06   1.6614135E-05  -3.5303398E-05   4.3204818E-04   1.0028333E-03   5.0987884E-07   1.3691285E-07  -6.3159955E-07   6.9209433E-08  -3.8076627E-07   3.1472005E-06   5.2485613E-09   4.0114813E-07
