# omegabh2 omegach2 theta tau w wa logA ns calPlanck acib217 xi asz143 aps100 aps143 aps143217 aps217 aksz kgal100 kgal143 kgal143217 kgal217 galfTE100 galfTE100143 galfTE100217 galfTE143 galfTE143217 galfTE217 cal0 cal2
  2.0311628E-08  -7.5854493E-08   1.3009067E-08   2.9545829E-07  -6.2570006E-07   8.4741783E-06   5.4841538E-07   2.0147426E-07   2.4963846E-08  -7.9441141E-05   1.7279336E-06   2.0774765E-05  -3.7180264E-04  -2.2457536E-04  -6.2210712E-05   1.6900890E-05  -3.1924595E-05  -3.6719296E-06  -1.1166415E-05  -1.3519330E-05   5.4184008E-06  -3.0112958E-08  -1.3267852E-07  -1.6317813E-07  -2.2160246E-07  -4.3418557E-07  -1.2336189E-06   4.6006186E-09  -5.0114406E-10
 -7.5854493E-08   1.1584159E-06  -8.4536211E-08  -3.4447186E-06   8.1961990E-06  -1.0324118E-04  -4.8542667E-06  -2.7207067E-06  -3.0384851E-07   2.2889686E-04  -8.1678347E-06  -1.0363437E-04   1.4557587E-03   7.8094291E-04   1.5676281E-04  -9.5753417E-05   1.1329668E-04   1.5610917E-05   1.9830740E-05   8.5152437E-06  -2.0490855E-05   6.7246945E-07   3.2776896E-07   1.2286940E-06   8.2267627E-07   1.3236751E-06   6.6339252E-06  -1.8892529E-08  -4.6471903E-10
  1.3009067E-08  -8.4536211E-08   9.0774593E-08   3.7311891E-07  -1.4909670E-06   1.4815253E-05   7.0397210E-07   3.2103648E-07   3.5132054E-08  -1.8733854E-05  -1.7103376E-08   4.2062900E-06  -1.5956267E-04  -5.8105932E-05  -2.5119664E-05   1.7819479E-05  -5.1522952E-06   3.9190933E-06  -1.6051721E-06  -1.2999738E-05  -1.2436947E-05  -1.9931558E-08   5.8778677E-08  -7.2037016E-08   6.9505626E-08  -5.2579743E-07  -1.2174890E-06   1.3211962E-09   1.3247591E-09
  2.9545829E-07  -3.4447186E-06   3.7311891E-07   5.4016187E-05  -6.8975002E-05   4.8246997E-04   9.7586556E-05   1.0434148E-05  -9.5451690E-07  -1.5610000E-03   5.2080232E-05   5.8517974E-04  -1.2789052E-02  -4.7919339E-03  -9.6855300E-04   3.7048140E-04  -8.1180581E-04  -6.1776385E-05  -2.4928942E-04  -1.6070209E-04  -5.6831444E-04  -4.9434002E-06  -4.9512951E-06  -5.3437431E-07  -9.8288159E-06   1.3603335E-07  -3.3018825E-05   5.8955375E-08  -3.2625423E-08
 -6.2570006E-07   8.1961990E-06  -1.4909670E-06  -6.8975002E-05   6.1944770E-03  -2.2331464E-02  -1.4125218E-04  -2.5963870E-05  -8.8175321E-06   8.3679122E-04  -1.3872105E-04  -1.1429826E-03   4.1235453E-04   6.8942548E-03   6.7177765E-04  -3.0561010E-03   3.1614927E-03  -9.9656649E-04   2.5278857E-03   5.3492717E-04   8.4185772E-04  -5.2876187E-05  -1.9771273E-05   3.6148917E-05  -7.1066375E-06   2.1164967E-05   6.0302744E-04  -1.3041421E-06  -5.3020851E-07
  8.4741783E-06  -1.0324118E-04   1.4815253E-05   4.8246997E-04  -2.2331464E-02   9.4929551E-02   8.5900242E-04   2.7650631E-04   5.3063511E-05  -2.3889184E-02   1.1395582E-03   1.5500745E-02  -1.9709580E-01  -8.2865425E-02   2.4096291E-03   3.8346673E-02  -2.4139726E-02   7.7206426E-03  -8.9726766E-03  -3.3473411E-04  -7.2044596E-04   2.5914214E-04   5.5033513E-05  -2.9037340E-04  -5.1209667E-05  -1.7585432E-04  -2.9308095E-03   4.9073416E-06   2.1507041E-06
  5.4841538E-07  -4.8542667E-06   7.0397210E-07   9.7586556E-05  -1.4125218E-04   8.5900242E-04   2.0489478E-04   1.4554371E-05   9.4271429E-06  -3.3298513E-03   1.5357478E-04   1.0159836E-03  -1.9783560E-02  -7.4410096E-03   1.2589999E-03   6.3354276E-03  -2.0393960E-03  -3.9900298E-04  -8.3023709E-04  -6.9174844E-04   5.8200679E-04  -8.6629438E-06  -1.1662294E-05  -6.3541256E-06  -1.8082846E-05   3.3029001E-06  -4.0048304E-05   2.3032000E-07  -1.3914263E-07
  2.0147426E-07  -2.7207067E-06   3.2103648E-07   1.0434148E-05  -2.5963870E-05   2.7650631E-04   1.4554371E-05   1.5338187E-05   7.0271723E-07  -4.2317464E-03   8.9643062E-05   1.0352856E-03  -2.4414228E-02  -6.6731663E-03   1.3682290E-03   4.8505624E-03  -2.1882292E-03   1.7068530E-04  -4.5032739E-04  -3.4026769E-04   1.0570078E-03  -2.5281006E-06   5.1174076E-07  -5.5734329E-06   2.2410432E-06  -1.9221035E-06  -1.5806853E-05  -6.8983911E-08  -5.0224407E-08
  2.4963846E-08  -3.0384851E-07   3.5132054E-08  -9.5451690E-07  -8.8175321E-06   5.3063511E-05   9.4271429E-06   7.0271723E-07   5.9756994E-06   5.1708621E-04   8.2502997E-06   5.3779387E-05   3.0920299E-03   1.4418905E-04   5.3163134E-04   1.3765983E-03   5.0976776E-06  -3.2157169E-05   9.2452113E-05   4.3688485E-05   8.0208765E-04   1.7025345E-08  -7.7094995E-07  -2.8604747E-06   2.7576975E-07   7.1265835E-07   8.2760566E-06  -3.3876418E-09  -2.8962167E-08
 -7.9441141E-05   2.2889686E-04  -1.8733854E-05  -1.5610000E-03   8.3679122E-04  -2.3889184E-02  -3.3298513E-03  -4.2317464E-03   5.1708621E-04   4.3877750E+01  -3.7989162E-01  -8.1141775E-01   3.4102514E+01   2.1343248E+00  -1.2331346E+01  -5.3477419E+01  -2.2244647E-01   2.7504402E-01   6.5983353E-01  -5.8210945E+00  -3.3360773E+01   1.3114515E-03  -7.2966043E-04  -7.9824815E-03  -3.5899521E-03  -8.8329021E-03  -4.0741789E-03  -2.7693963E-04   6.8414248E-04
  1.7279336E-06  -8.1678347E-06  -1.7103376E-08   5.2080232E-05  -1.3872105E-04   1.1395582E-03   1.5357478E-04   8.9643062E-05   8.2502997E-06  -3.7989162E-01   7.9689662E-02  -5.0169410E-02  -4.6129382E-01   8.9152826E-01   1.6510103E+00   6.1143078E-01   4.6956332E-02  -1.9757347E-02   1.0103541E-02   9.6531273E-02   1.2629642E-01   8.5055456E-05   4.7941788E-05  -6.5417861E-05   4.6225167E-05  -2.3054020E-04  -4.0583127E-04   3.7240355E-06  -2.4133954E-06
  2.0774765E-05  -1.0363437E-04   4.2062900E-06   5.8517974E-04  -1.1429826E-03   1.5500745E-02   1.0159836E-03   1.0352856E-03   5.3779387E-05  -8.1141775E-01  -5.0169410E-02   3.8033702E+00  -2.9606908E+01  -3.5287594E+00   7.1692189E+00   5.0452203E+00  -2.6355601E+00  -2.8775454E-01   1.5751632E-01   2.5958678E+00   3.2426413E+00   7.0726336E-04   4.6887101E-04  -9.3292907E-04   7.9698740E-04   6.6985907E-04  -5.1427152E-03   1.0527510E-04  -2.4347340E-05
 -3.7180264E-04   1.4557587E-03  -1.5956267E-04  -1.2789052E-02   4.1235453E-04  -1.9709580E-01  -1.9783560E-02  -2.4414228E-02   3.0920299E-03   3.4102514E+01  -4.6129382E-01  -2.9606908E+01   7.7581138E+02   7.0668195E+01  -4.8685719E+01  -5.4121457E+01   1.2341754E+01  -5.8919972E+00   5.3810395E+00  -1.1814315E+01  -2.3643249E+01   6.5236814E-03  -8.0110124E-03   3.0968195E-02  -8.9004039E-03   3.2630783E-02   2.0654386E-01   3.8016229E-03   1.9198073E-04
 -2.2457536E-04   7.8094291E-04  -5.8105932E-05  -4.7919339E-03   6.8942548E-03  -8.2865425E-02  -7.4410096E-03  -6.6731663E-03   1.4418905E-04   2.1343248E+00   8.9152826E-01  -3.5287594E+00   7.0668195E+01   5.9767268E+01   3.8505976E+01   1.3696971E+01  -4.5977826E+00  -4.8937421E-01  -1.2730702E+00   2.8472839E+00   3.1974132E+00   2.6955944E-03   4.3955982E-03   1.5829006E-02   5.5634894E-04   1.3143038E-02   5.5878552E-02   1.0067291E-04   5.7976954E-05
 -6.2210712E-05   1.5676281E-04  -2.5119664E-05  -9.6855300E-04   6.7177765E-04   2.4096291E-03   1.2589999E-03   1.3682290E-03   5.3163134E-04  -1.2331346E+01   1.6510103E+00   7.1692189E+00  -4.8685719E+01   3.8505976E+01   8.2447590E+01   5.0623272E+01  -1.1264912E+01  -1.3055866E+00  -7.1382318E-01   4.3687198E+00   7.4202440E+00   2.0316241E-03   3.3354481E-03   4.9626680E-03   3.3351704E-05   1.9354868E-03   9.5365555E-03   4.3498166E-04  -3.4188157E-04
  1.6900890E-05  -9.5753417E-05   1.7819479E-05   3.7048140E-04  -3.0561010E-03   3.8346673E-02   6.3354276E-03   4.8505624E-03   1.3765983E-03  -5.3477419E+01   6.1143078E-01   5.0452203E+00  -5.4121457E+01   1.3696971E+01   5.0623272E+01   9.9919957E+01  -8.7285629E+00  -9.3291354E-01  -1.2799648E+00   5.3000686E+00   3.3054752E+01   4.8124543E-04   1.4229872E-03   1.1355436E-02  -3.7573283E-04   1.3324134E-02   1.9176772E-02   5.2545364E-04  -1.2619866E-03
 -3.1924595E-05   1.1329668E-04  -5.1522952E-06  -8.1180581E-04   3.1614927E-03  -2.4139726E-02  -2.0393960E-03  -2.1882292E-03   5.0976776E-06  -2.2244647E-01   4.6956332E-02  -2.6355601E+00   1.2341754E+01  -4.5977826E+00  -1.1264912E+01  -8.7285629E+00   5.6627545E+00   1.8160999E-01  -2.0118679E-01  -2.0467306E+00  -2.3157539E+00  -3.6670578E-04   1.1939211E-04   2.4275150E-04   4.7786814E-04  -2.7527101E-03  -1.2411947E-02  -7.4960259E-05  -6.0312336E-06
 -3.6719296E-06   1.5610917E-05   3.9190933E-06  -6.1776385E-05  -9.9656649E-04   7.7206426E-03  -3.9900298E-04   1.7068530E-04  -3.2157169E-05   2.7504402E-01  -1.9757347E-02  -2.8775454E-01  -5.8919972E+00  -4.8937421E-01  -1.3055866E+00  -9.3291354E-01   1.8160999E-01   3.2557472E+00   5.1806532E-01   4.4567752E-02  -7.9589636E-02  -1.0574035E-03  -5.0107086E-04  -9.6486992E-04   4.6869376E-04  -8.9136273E-04  -3.1521314E-03   1.6402563E-04   4.1180735E-06
 -1.1166415E-05   1.9830740E-05  -1.6051721E-06  -2.4928942E-04   2.5278857E-03  -8.9726766E-03  -8.3023709E-04  -4.5032739E-04   9.2452113E-05   6.5983353E-01   1.0103541E-02   1.5751632E-01   5.3810395E+00  -1.2730702E+00  -7.1382318E-01  -1.2799648E+00  -2.0118679E-01   5.1806532E-01   3.1602977E+00   2.7327201E+00   2.6894914E+00   3.3602846E-04  -1.3617665E-03  -1.8461839E-03  -4.0990825E-04  -1.7346852E-04   3.1925015E-03  -1.8076382E-04  -2.6821002E-05
 -1.3519330E-05   8.5152437E-06  -1.2999738E-05  -1.6070209E-04   5.3492717E-04  -3.3473411E-04  -6.9174844E-04  -3.4026769E-04   4.3688485E-05  -5.8210945E+00   9.6531273E-02   2.5958678E+00  -1.1814315E+01   2.8472839E+00   4.3687198E+00   5.3000686E+00  -2.0467306E+00   4.4567752E-02   2.7327201E+00   1.0718855E+01   1.9159799E+01   2.8521361E-03  -6.1288572E-05   2.8586109E-03   7.2685906E-04   5.3549975E-03   1.5567403E-02   2.7878595E-06   4.0158853E-04
  5.4184008E-06  -2.0490855E-05  -1.2436947E-05  -5.6831444E-04   8.4185772E-04  -7.2044596E-04   5.8200679E-04   1.0570078E-03   8.0208765E-04  -3.3360773E+01   1.2629642E-01   3.2426413E+00  -2.3643249E+01   3.1974132E+00   7.4202440E+00   3.3054752E+01  -2.3157539E+00  -7.9589636E-02   2.6894914E+00   1.9159799E+01   5.3534589E+01   2.3830218E-03   2.6182756E-04   1.2851157E-02   4.4618158E-03   1.1896342E-02   4.5541229E-02   1.5563779E-04   9.0532846E-04
 -3.0112958E-08   6.7246945E-07  -1.9931558E-08  -4.9434002E-06  -5.2876187E-05   2.5914214E-04  -8.6629438E-06  -2.5281006E-06   1.7025345E-08   1.3114515E-03   8.5055456E-05   7.0726336E-04   6.5236814E-03   2.6955944E-03   2.0316241E-03   4.8124543E-04  -3.6670578E-04  -1.0574035E-03   3.3602846E-04   2.8521361E-03   2.3830218E-03   1.4451051E-03   2.7719053E-04   6.0908377E-05  -3.6781634E-04  -1.9873715E-04  -4.2301935E-04   2.7828681E-07   1.5342454E-07
 -1.3267852E-07   3.2776896E-07   5.8778677E-08  -4.9512951E-06  -1.9771273E-05   5.5033513E-05  -1.1662294E-05   5.1174076E-07  -7.7094995E-07  -7.2966043E-04   4.7941788E-05   4.6887101E-04  -8.0110124E-03   4.3955982E-03   3.3354481E-03   1.4229872E-03   1.1939211E-04  -5.0107086E-04  -1.3617665E-03  -6.1288572E-05   2.6182756E-04   2.7719053E-04   8.6808311E-04   5.5936626E-05   7.3255284E-04   5.5192430E-05  -7.3358203E-04   9.6322679E-08  -5.2104651E-08
 -1.6317813E-07   1.2286940E-06  -7.2037016E-08  -5.3437431E-07   3.6148917E-05  -2.9037340E-04  -6.3541256E-06  -5.5734329E-06  -2.8604747E-06  -7.9824815E-03  -6.5417861E-05  -9.3292907E-04   3.0968195E-02   1.5829006E-02   4.9626680E-03   1.1355436E-02   2.4275150E-04  -9.6486992E-04  -1.8461839E-03   2.8586109E-03   1.2851157E-02   6.0908377E-05   5.5936626E-05   7.1470369E-03  -2.5215670E-04   5.4387576E-04   4.4677488E-03  -4.8142832E-07   2.0558981E-07
 -2.2160246E-07   8.2267627E-07   6.9505626E-08  -9.8288159E-06  -7.1066375E-06  -5.1209667E-05  -1.8082846E-05   2.2410432E-06   2.7576975E-07  -3.5899521E-03   4.6225167E-05   7.9698740E-04  -8.9004039E-03   5.5634894E-04   3.3351704E-05  -3.7573283E-04   4.7786814E-04   4.6869376E-04  -4.0990825E-04   7.2685906E-04   4.4618158E-03  -3.6781634E-04   7.3255284E-04  -2.5215670E-04   2.8975769E-03   5.5676474E-04  -5.9355718E-04   1.6998225E-07  -2.0407949E-07
 -4.3418557E-07   1.3236751E-06  -5.2579743E-07   1.3603335E-07   2.1164967E-05  -1.7585432E-04   3.3029001E-06  -1.9221035E-06   7.1265835E-07  -8.8329021E-03  -2.3054020E-04   6.6985907E-04   3.2630783E-02   1.3143038E-02   1.9354868E-03   1.3324134E-02  -2.7527101E-03  -8.9136273E-04  -1.7346852E-04   5.3549975E-03   1.1896342E-02  -1.9873715E-04   5.5192430E-05   5.4387576E-04   5.5676474E-04   6.4420549E-03   7.9513365E-03   4.1531980E-07  -4.9227481E-07
 -1.2336189E-06   6.6339252E-06  -1.2174890E-06  -3.3018825E-05   6.0302744E-04  -2.9308095E-03  -4.0048304E-05  -1.5806853E-05   8.2760566E-06  -4.0741789E-03  -4.0583127E-04  -5.1427152E-03   2.0654386E-01   5.5878552E-02   9.5365555E-03   1.9176772E-02  -1.2411947E-02  -3.1521314E-03   3.1925015E-03   1.5567403E-02   4.5541229E-02  -4.2301935E-04  -7.3358203E-04   4.4677488E-03  -5.9355718E-04   7.9513365E-03   7.2606162E-02  -1.7610647E-06  -2.7428490E-06
  4.6006186E-09  -1.8892529E-08   1.3211962E-09   5.8955375E-08  -1.3041421E-06   4.9073416E-06   2.3032000E-07  -6.8983911E-08  -3.3876418E-09  -2.7693963E-04   3.7240355E-06   1.0527510E-04   3.8016229E-03   1.0067291E-04   4.3498166E-04   5.2545364E-04  -7.4960259E-05   1.6402563E-04  -1.8076382E-04   2.7878595E-06   1.5563779E-04   2.7828681E-07   9.6322679E-08  -4.8142832E-07   1.6998225E-07   4.1531980E-07  -1.7610647E-06   3.7379113E-07  -9.2156137E-10
 -5.0114406E-10  -4.6471903E-10   1.3247591E-09  -3.2625423E-08  -5.3020851E-07   2.1507041E-06  -1.3914263E-07  -5.0224407E-08  -2.8962167E-08   6.8414248E-04  -2.4133954E-06  -2.4347340E-05   1.9198073E-04   5.7976954E-05  -3.4188157E-04  -1.2619866E-03  -6.0312336E-06   4.1180735E-06  -2.6821002E-05   4.0158853E-04   9.0532846E-04   1.5342454E-07  -5.2104651E-08   2.0558981E-07  -2.0407949E-07  -4.9227481E-07  -2.7428490E-06  -9.2156137E-10   3.8644147E-07
