# omegabh2 omegach2 theta tau logA ns calPlanck acib217 xi asz143 aps100 aps143 aps143217 aps217 aksz kgal100 kgal143 kgal143217 kgal217 galfTE100 galfTE100143 galfTE100217 galfTE143 galfTE143217 galfTE217 cal0 cal2 DES_b1 DES_b2 DES_b3 DES_b4 DES_b5 DES_m1 DES_m2 DES_m3 DES_m4 DES_AIA DES_alphaIA DES_DzL1 DES_DzL2 DES_DzL3 DES_DzL4 DES_DzL5 DES_DzS1 DES_DzS2 DES_DzS3 DES_DzS4
  1.7938403E-08  -4.3393211E-08   9.6991731E-09   1.7964836E-07   3.7126703E-07   1.4318251E-07   1.7741680E-08  -8.0416312E-05   1.6756548E-06   1.6849464E-05  -3.4426220E-04  -1.9457547E-04  -5.8997506E-05   1.6311405E-05  -3.3938281E-05   1.7559033E-06  -8.1433332E-06  -7.3074763E-06   2.4952508E-05   9.9075288E-08   1.5099282E-08  -6.5631383E-08  -2.2256392E-07  -5.5407299E-07  -2.2963532E-06   2.0503146E-09  -9.5618381E-10  -1.8949105E-07  -6.7271575E-08  -1.5722247E-07  -4.0888218E-08  -3.8119566E-07   1.8415338E-08   1.8740116E-08   2.6509139E-07   1.7254115E-07   1.0251130E-07   1.8303193E-05   1.6483825E-08  -8.6594001E-09  -7.4768455E-09   1.0122544E-08  -6.2010629E-09  -1.4695729E-08   3.8550323E-08   6.9377142E-08   1.4608146E-07
 -4.3393211E-08   7.6506470E-07  -3.8353857E-08  -1.8214522E-06  -1.9870922E-06  -1.8734438E-06  -1.3451319E-07   1.7421342E-05  -9.1808997E-07  -3.7504080E-05   5.1738741E-04   4.7962714E-04   3.4989848E-04   3.1699185E-04   2.0431799E-05  -2.0353196E-05  -2.9803137E-06  -2.6950843E-05  -6.4931711E-05   7.5470661E-08  -2.8163927E-08  -7.4174027E-07   9.1494379E-07   2.0508331E-06   9.2015126E-06   1.2161994E-08  -2.1759027E-09   2.4223156E-06  -3.8578855E-07  -1.1811890E-06  -1.4497143E-06  -2.7528597E-07   1.3078714E-08  -3.5972064E-07  -3.6093025E-06  -2.6983284E-06   1.1237446E-06  -2.3236254E-04  -1.0838480E-07  -1.3226982E-07  -5.6866235E-08  -2.8679879E-07  -1.5089842E-07   2.8858873E-07  -5.5257162E-07  -1.0779356E-06  -1.7172245E-06
  9.6991731E-09  -3.8353857E-08   8.4041036E-08   1.2810032E-07   2.9026967E-07   2.0027405E-07   1.8897588E-08   3.3174514E-05   1.7804601E-07  -6.4957225E-06   9.1584648E-05  -3.9686169E-05  -2.7985683E-05  -5.7738789E-05   4.2771924E-06   6.8924606E-06   7.3097371E-06  -1.7301032E-05  -4.5036543E-05   2.6697935E-08  -3.0275479E-08  -7.1016839E-08  -3.3423388E-07  -7.2115500E-07  -1.3189079E-06   2.3838901E-09   7.4808580E-10  -7.1056479E-07  -3.5691954E-07  -3.9558062E-07  -2.5462461E-07  -7.6112905E-07  -4.0517296E-08  -7.8926040E-08   3.0020893E-07   1.5776511E-07  -8.4227190E-08   2.2534577E-05  -9.3365839E-09   1.9065535E-08   2.5860339E-08   2.0118430E-08   2.0990940E-08  -5.4727072E-08   8.1059743E-08   1.1232781E-07   2.5927909E-07
  1.7964836E-07  -1.8214522E-06   1.2810032E-07   6.1169374E-05   1.1700274E-04   6.8880503E-06  -4.0473465E-07  -1.6068339E-03   1.9319970E-07   5.4994638E-04  -9.7098343E-03  -3.8207361E-03  -1.3203961E-03   3.1594061E-04  -1.1538488E-03  -3.6231708E-04  -3.5012339E-04   2.8298542E-05   7.3500020E-04  -1.7051867E-06   9.0485430E-07   2.3926863E-06   2.6332002E-06  -7.9006109E-06  -1.5617823E-05  -4.5020662E-08  -3.8523596E-08  -8.5254154E-05  -8.2614935E-05  -8.9222806E-05  -1.1302610E-04  -1.2886949E-04   4.6138820E-07  -4.3032920E-07  -6.7360382E-06  -6.0021851E-06   2.4951404E-05  -6.8520320E-04   2.6533159E-07  -3.9163437E-08   6.3420236E-07  -1.8765291E-07  -1.6930686E-07   3.5853681E-06  -1.0672950E-06  -3.4909294E-06  -8.4244789E-06
  3.7126703E-07  -1.9870922E-06   2.9026967E-07   1.1700274E-04   2.5564732E-04   8.4887167E-06   1.1446649E-05  -3.9237287E-03   3.1739671E-05   9.8519113E-04  -1.7720633E-02  -5.4247003E-03   6.6390104E-04   8.0246705E-03  -3.2586543E-03  -9.5545034E-04  -1.3898608E-03  -7.2602351E-04   2.9278157E-03  -4.5407000E-06   1.2252088E-06  -1.1789906E-06   7.5587801E-06  -1.6073481E-05  -1.0651703E-05   5.7553963E-08  -7.8297680E-08  -1.8325062E-04  -1.8306774E-04  -2.0160767E-04  -2.5784064E-04  -2.8304258E-04   1.6908237E-06  -1.7856221E-06  -2.4831262E-05  -1.9300391E-05   4.8595228E-05  -1.8752867E-03   1.2803637E-07  -8.1749307E-07   1.2397785E-06  -1.1023431E-06  -1.0939022E-06   6.5313964E-06  -3.5617307E-06  -9.7241100E-06  -2.2488680E-05
  1.4318251E-07  -1.8734438E-06   2.0027405E-07   6.8880503E-06   8.4887167E-06   1.3368386E-05   3.8488718E-07  -3.7747728E-03   8.3848518E-05   9.0335599E-04  -2.0932391E-02  -5.8851341E-03   1.2792034E-03   3.9297862E-03  -2.0747370E-03   2.9471839E-04  -2.7389260E-04  -8.3632776E-05   1.5822753E-03  -1.8674445E-06   1.0806001E-06   9.2660392E-07  -2.7181118E-06  -5.4605661E-06  -1.9373074E-05  -1.1790604E-07  -2.1064950E-08  -8.4345806E-06  -3.0015830E-06   5.8305908E-07   1.6871925E-08  -2.6827326E-06  -4.6731127E-07   1.0772782E-07   7.7907973E-06   5.6025580E-06  -3.3360225E-06   4.6466690E-04  -1.3069841E-07   3.6503722E-07   2.8049203E-08   8.2204103E-07  -7.3440704E-09  -1.8370073E-07   1.3321606E-06   1.9627570E-06   3.4498384E-06
  1.7741680E-08  -1.3451319E-07   1.8897588E-08  -4.0473465E-07   1.1446649E-05   3.8488718E-07   6.2125463E-06   5.1407628E-04  -1.0029944E-05  -7.3948260E-06   2.5222023E-03   4.5183911E-04   2.6764835E-04   1.5758076E-03  -9.7920177E-05   4.8007170E-05  -6.2397883E-05  -8.7565077E-05   8.3878555E-04  -1.1491752E-06  -1.4399251E-07  -2.4029191E-06   3.4013294E-07  -2.4184393E-06   5.3813311E-06  -1.3214499E-08   6.1563768E-09  -8.2451096E-06  -7.3635451E-06  -8.5221549E-06  -1.1793254E-05  -1.0605895E-05   8.6533123E-08   5.0465545E-08  -1.1522262E-06  -5.2851492E-07  -1.8950909E-06   3.8652555E-05  -1.4571478E-07  -9.3341854E-08   3.3603367E-08  -3.8611565E-08  -1.2958175E-07  -4.6646725E-07  -1.3006313E-07  -7.4945767E-08  -8.3844050E-07
 -8.0416312E-05   1.7421342E-05   3.3174514E-05  -1.6068339E-03  -3.9237287E-03  -3.7747728E-03   5.1407628E-04   4.4621950E+01  -4.0037343E-01  -9.0779625E-01   3.4757897E+01   1.5075787E+00  -1.3538167E+01  -5.5353074E+01  -1.1169915E-01   8.4227325E-02   4.0117581E-01  -6.0762483E+00  -3.3769790E+01  -1.6521578E-03   1.7017223E-03  -2.9846176E-04   6.4175581E-03  -1.0289072E-02   7.1603945E-03  -2.0089367E-04   7.4940651E-04  -4.4714542E-03   1.8956018E-03   6.0075691E-03   9.2090764E-03  -6.8462354E-03   2.5172547E-04  -1.8817556E-03   2.7238811E-03  -1.2654057E-03  -2.4233514E-02  -1.4364112E-01  -4.2778556E-04   3.8245847E-04   2.3785797E-04  -4.2086856E-04   9.5273380E-05  -7.6247356E-04  -1.0461337E-03   2.0334852E-04  -3.7942086E-04
  1.6756548E-06  -9.1808997E-07   1.7804601E-07   1.9319970E-07   3.1739671E-05   8.3848518E-05  -1.0029944E-05  -4.0037343E-01   8.1122243E-02  -3.6428953E-02  -6.1262090E-01   9.1069926E-01   1.6960230E+00   6.3892138E-01   3.3155505E-02  -1.9031598E-02   1.8522900E-02   1.3199202E-01   1.8187239E-01   1.7355572E-05  -1.6483573E-05  -7.6644840E-05  -3.3377122E-04  -4.1650027E-05  -1.8941988E-04   1.5019984E-06  -2.1055419E-06   4.2871001E-04   5.2921817E-05  -1.6344320E-04  -8.1108909E-05   2.5574156E-04   3.7679131E-05   9.6604134E-06   3.4445988E-05   1.5271640E-04   4.1330303E-04   9.8500601E-04   1.0822333E-05  -2.7625348E-05   4.9772203E-06  -2.2195833E-05  -6.0731193E-05   2.6638857E-05   1.6951274E-05   1.8586659E-05  -1.1519524E-05
  1.6849464E-05  -3.7504080E-05  -6.4957225E-06   5.4994638E-04   9.8519113E-04   9.0335599E-04  -7.3948260E-06  -9.0779625E-01  -3.6428953E-02   3.8758383E+00  -3.0616253E+01  -3.1351068E+00   7.8744708E+00   5.5615394E+00  -2.7468717E+00  -2.2981050E-01   1.3639142E-01   2.6674774E+00   3.3704154E+00  -3.3672934E-04   9.9672448E-05   3.1490493E-03  -2.0760717E-03   1.2039732E-03  -1.7694704E-03   1.2789675E-04  -2.3021168E-05  -2.0511745E-03  -1.3981750E-03  -6.7926328E-04   1.2028031E-04   6.8324963E-05  -2.5293340E-05   1.6083421E-05  -2.6096449E-04  -3.8762104E-05   1.9561207E-03  -3.3896244E-02  -3.6172034E-05  -1.6221831E-04  -3.7355171E-06   1.1892426E-04   2.0121114E-04   1.3653463E-04   5.6887486E-05   6.8598976E-05   1.6204423E-04
 -3.4426220E-04   5.1738741E-04   9.1584648E-05  -9.7098343E-03  -1.7720633E-02  -2.0932391E-02   2.5222023E-03   3.4757897E+01  -6.1262090E-01  -3.0616253E+01   7.7195950E+02   6.4804102E+01  -5.6774993E+01  -6.0872934E+01   1.4229509E+01  -6.2968026E+00   5.3955909E+00  -1.3671394E+01  -2.6011469E+01   1.6103984E-05  -4.5640964E-03  -3.6429996E-02   1.2316864E-02  -3.9771388E-02  -7.1996697E-02   3.4854726E-03   4.1531234E-04   6.2299181E-03   1.2738600E-02   1.5563579E-02   2.8494335E-03  -1.0397021E-02   2.0367786E-03  -5.0908978E-03   8.3919868E-04   6.7717380E-03   4.5726172E-02   8.6464545E-01  -2.5875854E-04   2.6451105E-03   1.6774254E-03  -2.2445778E-03  -1.6948648E-03   1.7428665E-03   2.2716924E-03   8.7928873E-04  -6.7895812E-03
 -1.9457547E-04   4.7962714E-04  -3.9686169E-05  -3.8207361E-03  -5.4247003E-03  -5.8851341E-03   4.5183911E-04   1.5075787E+00   9.1069926E-01  -3.1351068E+00   6.4804102E+01   6.0510152E+01   4.0057960E+01   1.5086802E+01  -5.1768975E+00  -5.9340818E-01  -1.2776762E+00   3.4280337E+00   4.1041640E+00  -8.2194348E-04   4.6184201E-04  -6.6507717E-03  -1.8675625E-03   3.2901542E-03   1.8294948E-02   3.8079545E-05   9.6070758E-05   4.1382321E-03   7.7310957E-03  -3.1801724E-04  -2.2134111E-03   5.2169541E-03  -4.1517362E-04   4.3323794E-04  -1.7543823E-03  -1.1558608E-03   1.3227431E-02   4.6142526E-02   2.7078372E-04  -1.7130863E-04  -1.7283978E-04  -2.3091035E-04   1.4524465E-05   2.7745436E-04  -1.8271936E-03  -2.8408762E-04  -2.7445911E-03
 -5.8997506E-05   3.4989848E-04  -2.7985683E-05  -1.3203961E-03   6.6390104E-04   1.2792034E-03   2.6764835E-04  -1.3538167E+01   1.6960230E+00   7.8744708E+00  -5.6774993E+01   4.0057960E+01   8.5739148E+01   5.3879743E+01  -1.2192414E+01  -1.3811734E+00  -4.9869240E-01   5.5160931E+00   9.2624945E+00   1.1143214E-04  -1.2258663E-03   5.6297035E-03  -1.1163630E-02   9.9432419E-03  -1.4577871E-02   4.2754703E-04  -3.4956476E-04   5.3113436E-03  -6.6838716E-04  -6.0762183E-03  -7.4955713E-03   7.1865085E-03  -2.8255077E-04   4.3586626E-04  -2.1819419E-03   1.6573355E-03   7.8175399E-03  -3.2983350E-01  -7.1593630E-06  -1.0936585E-03  -2.8458194E-04  -5.0283585E-04  -7.5661364E-04   1.9299458E-03  -1.1488696E-03  -5.3557568E-04  -1.6508042E-03
  1.6311405E-05   3.1699185E-04  -5.7738789E-05   3.1594061E-04   8.0246705E-03   3.9297862E-03   1.5758076E-03  -5.5353074E+01   6.3892138E-01   5.5615394E+00  -6.0872934E+01   1.5086802E+01   5.3879743E+01   1.0460452E+02  -9.4679848E+00  -7.6456744E-01  -1.0260621E+00   5.9175036E+00   3.4403536E+01   1.1727702E-03  -3.0505980E-03   5.9848360E-03  -9.9118831E-03   2.6259203E-02  -2.0422856E-03   5.0563209E-04  -1.3827664E-03  -2.5673382E-03  -6.6601867E-03  -1.3277561E-02  -2.3362054E-02   9.4316322E-03  -4.8120757E-05   1.9950225E-03  -5.8000815E-03   7.3611875E-04   1.9755369E-02  -2.3198544E-01   3.5230049E-04  -7.3583452E-04  -9.4822354E-04   1.3037645E-04  -2.3963440E-04   2.4242554E-03   1.3554324E-04  -1.1003367E-03  -1.0950085E-03
 -3.3938281E-05   2.0431799E-05   4.2771924E-06  -1.1538488E-03  -3.2586543E-03  -2.0747370E-03  -9.7920177E-05  -1.1169915E-01   3.3155505E-02  -2.7468717E+00   1.4229509E+01  -5.1768975E+00  -1.2192414E+01  -9.4679848E+00   5.9072377E+00   1.9044838E-01  -1.6751550E-01  -2.1358358E+00  -2.5143465E+00   9.5865446E-04  -2.3499688E-04  -2.0636678E-03   3.6707805E-04  -2.3090085E-03   1.2334355E-03  -8.1501522E-05  -3.2969892E-05   4.2035008E-03   1.6613349E-03   2.3906236E-03   3.3807874E-03   2.8719174E-03  -1.7252120E-04   3.2640265E-04   7.3322380E-04   4.6035760E-04   7.4005674E-04   1.1362907E-01   8.1372233E-05   9.2702978E-05   2.7403092E-04  -9.2338297E-05  -2.9855005E-05  -4.5689114E-04   3.5619630E-04   1.1197450E-04   4.8334814E-04
  1.7559033E-06  -2.0353196E-05   6.8924606E-06  -3.6231708E-04  -9.5545034E-04   2.9471839E-04   4.8007170E-05   8.4227325E-02  -1.9031598E-02  -2.2981050E-01  -6.2968026E+00  -5.9340818E-01  -1.3811734E+00  -7.6456744E-01   1.9044838E-01   3.2802795E+00   4.7514232E-01   1.5929698E-01   2.3298142E-01   2.7297461E-04   4.1705711E-04   2.3545807E-03   9.9571767E-05   9.9775439E-04   5.2205409E-03   1.8027515E-04   4.2598549E-06   7.2079537E-04   1.2831430E-03   2.0017791E-03   1.3419787E-03   2.3301349E-03   7.7111816E-04   3.3807590E-05   3.0313813E-04   4.3302363E-04   4.1674609E-03   8.3365311E-02  -1.5439590E-05  -2.6840215E-04  -1.5179344E-04  -1.8051014E-04   8.5669653E-05  -3.6075068E-04   1.9003711E-04  -5.9876179E-05   3.3041200E-04
 -8.1433332E-06  -2.9803137E-06   7.3097371E-06  -3.5012339E-04  -1.3898608E-03  -2.7389260E-04  -6.2397883E-05   4.0117581E-01   1.8522900E-02   1.3639142E-01   5.3955909E+00  -1.2776762E+00  -4.9869240E-01  -1.0260621E+00  -1.6751550E-01   4.7514232E-01   3.1187531E+00   2.6768499E+00   2.7133430E+00   3.6865792E-04  -5.0266771E-04  -1.0169438E-03  -1.5680185E-04  -6.4312355E-04   6.1289445E-03  -1.8351250E-04  -3.4720337E-05   6.8368715E-04   3.1952004E-03   2.2494399E-03   3.5581608E-04   3.2171687E-03  -1.4314491E-04   3.2293027E-05   1.6404173E-04   2.5398397E-04  -1.3899555E-03  -6.4766727E-02  -1.4185814E-04   1.8128628E-04  -2.7599658E-05  -4.9567732E-05   8.5120969E-05   2.4704723E-04   9.0758606E-05   1.2883820E-04   1.3246183E-04
 -7.3074763E-06  -2.6950843E-05  -1.7301032E-05   2.8298542E-05  -7.2602351E-04  -8.3632776E-05  -8.7565077E-05  -6.0762483E+00   1.3199202E-01   2.6674774E+00  -1.3671394E+01   3.4280337E+00   5.5160931E+00   5.9175036E+00  -2.1358358E+00   1.5929698E-01   2.6768499E+00   1.0746595E+01   1.9257655E+01   4.6147340E-04   4.6855075E-04  -3.5730994E-03  -2.0501427E-03   7.1453335E-04   1.5729724E-02  -3.7299208E-05   4.1761926E-04   8.4014662E-04   2.9036902E-03   7.6212221E-04   8.4319643E-04   4.2960959E-03  -5.3781808E-05   1.0900852E-03  -3.0534618E-04   8.8432163E-05   6.6757413E-03  -3.2409648E-02   4.6022085E-05  -2.2660076E-05   1.8678589E-04   3.3839610E-04   2.0314914E-04   3.9713330E-04   1.1138548E-04   3.5540194E-04   1.8102522E-04
  2.4952508E-05  -6.4931711E-05  -4.5036543E-05   7.3500020E-04   2.9278157E-03   1.5822753E-03   8.3878555E-04  -3.3769790E+01   1.8187239E-01   3.3704154E+00  -2.6011469E+01   4.1041640E+00   9.2624945E+00   3.4403536E+01  -2.5143465E+00   2.3298142E-01   2.7133430E+00   1.9257655E+01   5.3805952E+01   6.3657773E-04  -2.3680892E-04  -7.8326638E-03  -3.6305396E-03   3.0154467E-03   1.4955318E-02   3.8782022E-05   9.4973791E-04   2.7372826E-03   2.0272730E-03  -3.4323262E-03  -3.1690001E-03   4.4743907E-03  -1.4384672E-04   2.9427778E-03  -2.2024670E-03  -5.4109866E-05   2.5371158E-02   5.8934438E-02   3.5772852E-04  -2.2727965E-04   3.2718106E-04   9.3828058E-04   4.4031358E-04   5.8252643E-04   7.4156322E-04   4.2189418E-04   5.5035056E-04
  9.9075288E-08   7.5470661E-08   2.6697935E-08  -1.7051867E-06  -4.5407000E-06  -1.8674445E-06  -1.1491752E-06  -1.6521578E-03   1.7355572E-05  -3.3672934E-04   1.6103984E-05  -8.2194348E-04   1.1143214E-04   1.1727702E-03   9.5865446E-04   2.7297461E-04   3.6865792E-04   4.6147340E-04   6.3657773E-04   1.4637444E-03   2.8793633E-04   5.8388682E-05  -3.4406737E-04  -1.1268388E-04  -9.8650522E-05   8.8242521E-08  -1.8669426E-07   4.7410455E-05   3.8647798E-05   1.4836919E-06   2.7477760E-05  -5.2093910E-06   1.4984120E-05  -3.7402169E-06  -1.6298792E-05   2.0718485E-06   3.5333508E-05  -7.9087099E-04   5.1488784E-06  -8.0353269E-07   2.9176859E-06   4.8890902E-06  -1.9583974E-06   3.3325993E-06   3.6668951E-06   1.1242133E-05   4.6980648E-06
  1.5099282E-08  -2.8163927E-08  -3.0275479E-08   9.0485430E-07   1.2252088E-06   1.0806001E-06  -1.4399251E-07   1.7017223E-03  -1.6483573E-05   9.9672448E-05  -4.5640964E-03   4.6184201E-04  -1.2258663E-03  -3.0505980E-03  -2.3499688E-04   4.1705711E-04  -5.0266771E-04   4.6855075E-04  -2.3680892E-04   2.8793633E-04   8.8361855E-04  -1.4470750E-05   7.5073498E-04   2.7146382E-05  -7.0173539E-04  -1.4473286E-07   2.3132436E-07   6.7467383E-06  -1.2091871E-05  -1.7083898E-05   1.4875112E-05   3.3394090E-06  -4.9740763E-06  -9.1735881E-06  -3.7605072E-06   3.2109361E-06  -1.7850550E-05  -5.0457231E-04   1.7013539E-07   4.7403245E-07  -5.0510823E-07  -4.7562089E-06   2.2632281E-06   9.0394782E-06   7.1547106E-07   8.6691602E-06   9.8897088E-06
 -6.5631383E-08  -7.4174027E-07  -7.1016839E-08   2.3926863E-06  -1.1789906E-06   9.2660392E-07  -2.4029191E-06  -2.9846176E-04  -7.6644840E-05   3.1490493E-03  -3.6429996E-02  -6.6507717E-03   5.6297035E-03   5.9848360E-03  -2.0636678E-03   2.3545807E-03  -1.0169438E-03  -3.5730994E-03  -7.8326638E-03   5.8388682E-05  -1.4470750E-05   7.1984585E-03  -3.6763537E-04   5.4335553E-04   4.1426385E-03   3.5133100E-07  -1.3142400E-06  -8.8786640E-05  -8.5140268E-05   3.8173125E-05   6.9693864E-05  -3.8965406E-06   2.5770172E-05   1.3015218E-05  -7.1796322E-06   1.4768673E-05   2.3566490E-04   8.2504861E-05  -3.8003687E-06  -1.2708611E-06   2.9308672E-06   8.8847285E-06  -5.2134618E-06  -1.2387696E-05   1.5234808E-05   1.1919341E-05  -9.1216526E-06
 -2.2256392E-07   9.1494379E-07  -3.3423388E-07   2.6332002E-06   7.5587801E-06  -2.7181118E-06   3.4013294E-07   6.4175581E-03  -3.3377122E-04  -2.0760717E-03   1.2316864E-02  -1.8675625E-03  -1.1163630E-02  -9.9118831E-03   3.6707805E-04   9.9571767E-05  -1.5680185E-04  -2.0501427E-03  -3.6305396E-03  -3.4406737E-04   7.5073498E-04  -3.6763537E-04   2.8877440E-03   5.5957552E-04  -9.7757730E-04  -5.0851121E-07   5.4684302E-07   1.2331528E-05  -4.2715126E-05  -3.8422276E-05  -2.3635487E-05   2.3236696E-05  -2.5725892E-05  -2.2941649E-05  -5.4030807E-06  -1.3080775E-05  -9.6831340E-05   4.1925705E-04   4.7262218E-07   3.4094912E-06  -6.5677034E-06  -1.1222711E-05   5.5650255E-06   7.4063098E-06  -6.4083032E-06   9.9809936E-06  -3.1761383E-06
 -5.5407299E-07   2.0508331E-06  -7.2115500E-07  -7.9006109E-06  -1.6073481E-05  -5.4605661E-06  -2.4184393E-06  -1.0289072E-02  -4.1650027E-05   1.2039732E-03  -3.9771388E-02   3.2901542E-03   9.9432419E-03   2.6259203E-02  -2.3090085E-03   9.9775439E-04  -6.4312355E-04   7.1453335E-04   3.0154467E-03  -1.1268388E-04   2.7146382E-05   5.4335553E-04   5.5957552E-04   6.5513956E-03   8.0991606E-03   1.7447156E-07   2.3956890E-08  -1.0133419E-05  -5.9580257E-05  -1.1891199E-05   1.9812245E-05   4.0053032E-05  -2.8792900E-05   4.3212397E-06  -4.5279020E-06  -4.0028977E-05   2.0478925E-04  -2.0069052E-03  -1.0124182E-05   7.7386391E-06  -1.7548303E-06   3.0385359E-06   3.0361645E-08   1.2685578E-06   1.4422717E-05  -3.0825182E-06  -1.1991506E-05
 -2.2963532E-06   9.2015126E-06  -1.3189079E-06  -1.5617823E-05  -1.0651703E-05  -1.9373074E-05   5.3813311E-06   7.1603945E-03  -1.8941988E-04  -1.7694704E-03  -7.1996697E-02   1.8294948E-02  -1.4577871E-02  -2.0422856E-03   1.2334355E-03   5.2205409E-03   6.1289445E-03   1.5729724E-02   1.4955318E-02  -9.8650522E-05  -7.0173539E-04   4.1426385E-03  -9.7757730E-04   8.0991606E-03   7.1309793E-02  -2.8806936E-06  -5.7214085E-07  -4.7195870E-05   7.6985974E-07   1.6898858E-04  -2.0168874E-05   1.0012477E-04   3.6454612E-05  -4.5677289E-05  -3.1214194E-05   1.6604625E-05  -2.8610983E-04  -1.5625652E-02  -8.9610307E-06   2.2101360E-05  -3.6413953E-05   1.6698817E-05  -3.6027535E-05  -1.6353716E-05  -2.3334286E-05  -4.9956118E-06  -1.5005762E-04
  2.0503146E-09   1.2161994E-08   2.3838901E-09  -4.5020662E-08   5.7553963E-08  -1.1790604E-07  -1.3214499E-08  -2.0089367E-04   1.5019984E-06   1.2789675E-04   3.4854726E-03   3.8079545E-05   4.2754703E-04   5.0563209E-04  -8.1501522E-05   1.8027515E-04  -1.8351250E-04  -3.7299208E-05   3.8782022E-05   8.8242521E-08  -1.4473286E-07   3.5133100E-07  -5.0851121E-07   1.7447156E-07  -2.8806936E-06   3.7907540E-07  -8.6246566E-10  -7.8784976E-07  -7.9224689E-07   4.1282561E-08  -2.4547451E-07  -1.8410916E-07   1.1436301E-07   4.4808591E-08   1.2465663E-08   2.1932940E-07   1.1669094E-06   2.4683438E-05   1.3267871E-08  -3.7281506E-08   9.3393587E-09  -1.5648620E-07  -1.3462352E-07  -7.9837349E-08   1.2238347E-07   6.0779926E-08  -2.1088247E-07
 -9.5618381E-10  -2.1759027E-09   7.4808580E-10  -3.8523596E-08  -7.8297680E-08  -2.1064950E-08   6.1563768E-09   7.4940651E-04  -2.1055419E-06  -2.3021168E-05   4.1531234E-04   9.6070758E-05  -3.4956476E-04  -1.3827664E-03  -3.2969892E-05   4.2598549E-06  -3.4720337E-05   4.1761926E-04   9.4973791E-04  -1.8669426E-07   2.3132436E-07  -1.3142400E-06   5.4684302E-07   2.3956890E-08  -5.7214085E-07  -8.6246566E-10   3.9542515E-07   1.9742121E-07   5.0422483E-07  -1.0208235E-07   5.8971505E-07  -1.0874472E-06   9.9194922E-08   5.9852142E-08   1.9374020E-07   1.7055592E-07  -1.7503858E-06  -1.5700099E-05   2.2441221E-08  -1.4680826E-08  -3.6751689E-09   1.1512315E-07  -1.4600039E-08   1.5265458E-09  -3.1317057E-08   7.2321769E-08  -1.2169119E-08
 -1.8949105E-07   2.4223156E-06  -7.1056479E-07  -8.5254154E-05  -1.8325062E-04  -8.4345806E-06  -8.2451096E-06  -4.4714542E-03   4.2871001E-04  -2.0511745E-03   6.2299181E-03   4.1382321E-03   5.3113436E-03  -2.5673382E-03   4.2035008E-03   7.2079537E-04   6.8368715E-04   8.4014662E-04   2.7372826E-03   4.7410455E-05   6.7467383E-06  -8.8786640E-05   1.2331528E-05  -1.0133419E-05  -4.7195870E-05  -7.8784976E-07   1.9742121E-07   5.3203521E-03   1.1319391E-04   1.8470980E-04   1.8873959E-04   2.6035150E-04  -3.0870735E-06   5.9609281E-07   8.6626677E-05   4.9848299E-05  -2.6725177E-04   1.1807032E-02   1.4620047E-04   1.7539999E-05   1.4169658E-05   6.5523252E-06   1.1927544E-05  -6.2436880E-06  -1.7169392E-06   2.7030469E-05   2.3455808E-05
 -6.7271575E-08  -3.8578855E-07  -3.5691954E-07  -8.2614935E-05  -1.8306774E-04  -3.0015830E-06  -7.3635451E-06   1.8956018E-03   5.2921817E-05  -1.3981750E-03   1.2738600E-02   7.7310957E-03  -6.6838716E-04  -6.6601867E-03   1.6613349E-03   1.2831430E-03   3.1952004E-03   2.9036902E-03   2.0272730E-03   3.8647798E-05  -1.2091871E-05  -8.5140268E-05  -4.2715126E-05  -5.9580257E-05   7.6985974E-07  -7.9224689E-07   5.0422483E-07   1.1319391E-04   2.7668353E-03   1.5659940E-04   2.3643609E-04   2.2998856E-04  -8.3113974E-06   4.8706302E-06   6.9956153E-05   5.3204182E-05  -2.8600485E-04   5.8517120E-03   4.2590846E-06   7.4109424E-05  -2.2563782E-06   1.1548399E-05   7.5368431E-06  -1.4635795E-05   1.2532036E-05   2.6073545E-05   4.8481649E-05
 -1.5722247E-07  -1.1811890E-06  -3.9558062E-07  -8.9222806E-05  -2.0160767E-04   5.8305908E-07  -8.5221549E-06   6.0075691E-03  -1.6344320E-04  -6.7926328E-04   1.5563579E-02  -3.1801724E-04  -6.0762183E-03  -1.3277561E-02   2.3906236E-03   2.0017791E-03   2.2494399E-03   7.6212221E-04  -3.4323262E-03   1.4836919E-06  -1.7083898E-05   3.8173125E-05  -3.8422276E-05  -1.1891199E-05   1.6898858E-04   4.1282561E-08  -1.0208235E-07   1.8470980E-04   1.5659940E-04   1.9699406E-03   2.3633449E-04   2.0720869E-04  -4.9593897E-06   1.3820374E-05   5.2053381E-05   3.5775191E-05  -3.1707018E-04   1.1227846E-03   3.1115441E-07   2.6196419E-06   6.2571263E-05   4.9422047E-06   7.1457476E-06  -9.5447462E-06   4.9857553E-06   1.5029026E-05   3.2899101E-05
 -4.0888218E-08  -1.4497143E-06  -2.5462461E-07  -1.1302610E-04  -2.5784064E-04   1.6871925E-08  -1.1793254E-05   9.2090764E-03  -8.1108909E-05   1.2028031E-04   2.8494335E-03  -2.2134111E-03  -7.4955713E-03  -2.3362054E-02   3.3807874E-03   1.3419787E-03   3.5581608E-04   8.4319643E-04  -3.1690001E-03   2.7477760E-05   1.4875112E-05   6.9693864E-05  -2.3635487E-05   1.9812245E-05  -2.0168874E-05  -2.4547451E-07   5.8971505E-07   1.8873959E-04   2.3643609E-04   2.3633449E-04   2.7400544E-03   2.9956887E-04   1.3327524E-05   1.4037577E-05   5.7639512E-05   2.8909372E-05  -4.5589799E-04   5.7527559E-04   4.3722166E-06   2.5012124E-06   4.2226914E-07   1.1556518E-04  -4.1097719E-06   3.3052924E-06   1.1324021E-05   2.7644722E-05   5.4224234E-05
 -3.8119566E-07  -2.7528597E-07  -7.6112905E-07  -1.2886949E-04  -2.8304258E-04  -2.6827326E-06  -1.0605895E-05  -6.8462354E-03   2.5574156E-04   6.8324963E-05  -1.0397021E-02   5.2169541E-03   7.1865085E-03   9.4316322E-03   2.8719174E-03   2.3301349E-03   3.2171687E-03   4.2960959E-03   4.4743907E-03  -5.2093910E-06   3.3394090E-06  -3.8965406E-06   2.3236696E-05   4.0053032E-05   1.0012477E-04  -1.8410916E-07  -1.0874472E-06   2.6035150E-04   2.2998856E-04   2.0720869E-04   2.9956887E-04   5.8567995E-03  -2.1063920E-05   1.3486814E-05   6.8700803E-05   2.4343140E-05  -2.4608738E-04  -1.8748087E-04  -2.4170426E-06   8.2037896E-06   2.0773356E-06   1.5298596E-06   1.3531131E-04  -1.0168764E-05   2.9587707E-06   1.5933371E-05   3.8066707E-05
  1.8415338E-08   1.3078714E-08  -4.0517296E-08   4.6138820E-07   1.6908237E-06  -4.6731127E-07   8.6533123E-08   2.5172547E-04   3.7679131E-05  -2.5293340E-05   2.0367786E-03  -4.1517362E-04  -2.8255077E-04  -4.8120757E-05  -1.7252120E-04   7.7111816E-04  -1.4314491E-04  -5.3781808E-05  -1.4384672E-04   1.4984120E-05  -4.9740763E-06   2.5770172E-05  -2.5725892E-05  -2.8792900E-05   3.6454612E-05   1.1436301E-07   9.9194922E-08  -3.0870735E-06  -8.3113974E-06  -4.9593897E-06   1.3327524E-05  -2.1063920E-05   5.0912011E-04   1.8258163E-05  -3.3014071E-06   6.5607159E-06   1.1319081E-04  -2.6881221E-03  -7.9504406E-07  -3.5299917E-06  -9.8889335E-08   1.8875491E-06  -4.2415410E-06  -2.8162327E-05   4.3710200E-06   7.8683170E-07  -1.8141434E-06
  1.8740116E-08  -3.5972064E-07  -7.8926040E-08  -4.3032920E-07  -1.7856221E-06   1.0772782E-07   5.0465545E-08  -1.8817556E-03   9.6604134E-06   1.6083421E-05  -5.0908978E-03   4.3323794E-04   4.3586626E-04   1.9950225E-03   3.2640265E-04   3.3807590E-05   3.2293027E-05   1.0900852E-03   2.9427778E-03  -3.7402169E-06  -9.1735881E-06   1.3015218E-05  -2.2941649E-05   4.3212397E-06  -4.5677289E-05   4.4808591E-08   5.9852142E-08   5.9609281E-07   4.8706302E-06   1.3820374E-05   1.4037577E-05   1.3486814E-05   1.8258163E-05   5.0074404E-04   1.2063087E-05   5.0701723E-06   1.8799650E-04  -3.3430147E-03  -2.2152831E-06  -1.0127079E-06   1.7297178E-06  -9.3147160E-07  -1.2680785E-06   2.1516354E-05  -3.4873586E-05   1.4252591E-06   3.2673693E-08
  2.6509139E-07  -3.6093025E-06   3.0020893E-07  -6.7360382E-06  -2.4831262E-05   7.7907973E-06  -1.1522262E-06   2.7238811E-03   3.4445988E-05  -2.6096449E-04   8.3919868E-04  -1.7543823E-03  -2.1819419E-03  -5.8000815E-03   7.3322380E-04   3.0313813E-04   1.6404173E-04  -3.0534618E-04  -2.2024670E-03  -1.6298792E-05  -3.7605072E-06  -7.1796322E-06  -5.4030807E-06  -4.5279020E-06  -3.1214194E-05   1.2465663E-08   1.9374020E-07   8.6626677E-05   6.9956153E-05   5.2053381E-05   5.7639512E-05   6.8700803E-05  -3.3014071E-06   1.2063087E-05   3.7382299E-04   1.8744207E-05  -3.3634173E-06   1.1939331E-03  -3.5014279E-06  -8.3159578E-07   1.6885219E-06   4.2991668E-07  -6.5330003E-07   6.4786536E-06   9.6593987E-06  -4.1383365E-05   1.7736677E-05
  1.7254115E-07  -2.6983284E-06   1.5776511E-07  -6.0021851E-06  -1.9300391E-05   5.6025580E-06  -5.2851492E-07  -1.2654057E-03   1.5271640E-04  -3.8762104E-05   6.7717380E-03  -1.1558608E-03   1.6573355E-03   7.3611875E-04   4.6035760E-04   4.3302363E-04   2.5398397E-04   8.8432163E-05  -5.4109866E-05   2.0718485E-06   3.2109361E-06   1.4768673E-05  -1.3080775E-05  -4.0028977E-05   1.6604625E-05   2.1932940E-07   1.7055592E-07   4.9848299E-05   5.3204182E-05   3.5775191E-05   2.8909372E-05   2.4343140E-05   6.5607159E-06   5.0701723E-06   1.8744207E-05   4.2128196E-04  -7.0297736E-05   7.6150130E-04  -5.4075553E-08  -9.2496919E-08   8.9021750E-07  -8.6274296E-07   2.3655909E-06   1.7512295E-06   1.0869795E-05   1.1851956E-05  -9.1093902E-05
  1.0251130E-07   1.1237446E-06  -8.4227190E-08   2.4951404E-05   4.8595228E-05  -3.3360225E-06  -1.8950909E-06  -2.4233514E-02   4.1330303E-04   1.9561207E-03   4.5726172E-02   1.3227431E-02   7.8175399E-03   1.9755369E-02   7.4005674E-04   4.1674609E-03  -1.3899555E-03   6.6757413E-03   2.5371158E-02   3.5333508E-05  -1.7850550E-05   2.3566490E-04  -9.6831340E-05   2.0478925E-04  -2.8610983E-04   1.1669094E-06  -1.7503858E-06  -2.6725177E-04  -2.8600485E-04  -3.1707018E-04  -4.5589799E-04  -2.4608738E-04   1.1319081E-04   1.8799650E-04  -3.3634173E-06  -7.0297736E-05   2.7831181E-02   1.3851754E-01  -1.7659968E-05  -6.5214957E-05   2.4520916E-05  -1.4138631E-04  -4.1402261E-05   2.1067167E-04   2.0353980E-04   1.9023978E-04   1.1555323E-05
  1.8303193E-05  -2.3236254E-04   2.2534577E-05  -6.8520320E-04  -1.8752867E-03   4.6466690E-04   3.8652555E-05  -1.4364112E-01   9.8500601E-04  -3.3896244E-02   8.6464545E-01   4.6142526E-02  -3.2983350E-01  -2.3198544E-01   1.1362907E-01   8.3365311E-02  -6.4766727E-02  -3.2409648E-02   5.8934438E-02  -7.9087099E-04  -5.0457231E-04   8.2504861E-05   4.1925705E-04  -2.0069052E-03  -1.5625652E-02   2.4683438E-05  -1.5700099E-05   1.1807032E-02   5.8517120E-03   1.1227846E-03   5.7527559E-04  -1.8748087E-04  -2.6881221E-03  -3.3430147E-03   1.1939331E-03   7.6150130E-04   1.3851754E-01   4.8807788E+00   1.0797184E-03   3.1234560E-04  -1.3445896E-04  -7.5872234E-04  -1.3104040E-04  -1.2118314E-02  -2.8414882E-03   2.2300071E-03   2.6628542E-03
  1.6483825E-08  -1.0838480E-07  -9.3365839E-09   2.6533159E-07   1.2803637E-07  -1.3069841E-07  -1.4571478E-07  -4.2778556E-04   1.0822333E-05  -3.6172034E-05  -2.5875854E-04   2.7078372E-04  -7.1593630E-06   3.5230049E-04   8.1372233E-05  -1.5439590E-05  -1.4185814E-04   4.6022085E-05   3.5772852E-04   5.1488784E-06   1.7013539E-07  -3.8003687E-06   4.7262218E-07  -1.0124182E-05  -8.9610307E-06   1.3267871E-08   2.2441221E-08   1.4620047E-04   4.2590846E-06   3.1115441E-07   4.3722166E-06  -2.4170426E-06  -7.9504406E-07  -2.2152831E-06  -3.5014279E-06  -5.4075553E-08  -1.7659968E-05   1.0797184E-03   5.6023054E-05  -5.9388708E-07  -1.8040583E-08   5.9243050E-07   1.4308552E-06   2.4821266E-06  -4.4227682E-07   5.2675201E-07   5.8147892E-07
 -8.6594001E-09  -1.3226982E-07   1.9065535E-08  -3.9163437E-08  -8.1749307E-07   3.6503722E-07  -9.3341854E-08   3.8245847E-04  -2.7625348E-05  -1.6221831E-04   2.6451105E-03  -1.7130863E-04  -1.0936585E-03  -7.3583452E-04   9.2702978E-05  -2.6840215E-04   1.8128628E-04  -2.2660076E-05  -2.2727965E-04  -8.0353269E-07   4.7403245E-07  -1.2708611E-06   3.4094912E-06   7.7386391E-06   2.2101360E-05  -3.7281506E-08  -1.4680826E-08   1.7539999E-05   7.4109424E-05   2.6196419E-06   2.5012124E-06   8.2037896E-06  -3.5299917E-06  -1.0127079E-06  -8.3159578E-07  -9.2496919E-08  -6.5214957E-05   3.1234560E-04  -5.9388708E-07   4.4185103E-05   4.1972154E-07   4.6887697E-07   2.0281732E-07   1.2120315E-06   2.8637228E-06   1.6168902E-06   4.2375389E-07
 -7.4768455E-09  -5.6866235E-08   2.5860339E-08   6.3420236E-07   1.2397785E-06   2.8049203E-08   3.3603367E-08   2.3785797E-04   4.9772203E-06  -3.7355171E-06   1.6774254E-03  -1.7283978E-04  -2.8458194E-04  -9.4822354E-04   2.7403092E-04  -1.5179344E-04  -2.7599658E-05   1.8678589E-04   3.2718106E-04   2.9176859E-06  -5.0510823E-07   2.9308672E-06  -6.5677034E-06  -1.7548303E-06  -3.6413953E-05   9.3393587E-09  -3.6751689E-09   1.4169658E-05  -2.2563782E-06   6.2571263E-05   4.2226914E-07   2.0773356E-06  -9.8889335E-08   1.7297178E-06   1.6885219E-06   8.9021750E-07   2.4520916E-05  -1.3445896E-04  -1.8040583E-08   4.1972154E-07   4.3393537E-05   1.7985856E-06  -4.5748154E-07   4.4334694E-07   4.5791228E-06   3.8536639E-06  -1.4506035E-06
  1.0122544E-08  -2.8679879E-07   2.0118430E-08  -1.8765291E-07  -1.1023431E-06   8.2204103E-07  -3.8611565E-08  -4.2086856E-04  -2.2195833E-05   1.1892426E-04  -2.2445778E-03  -2.3091035E-04  -5.0283585E-04   1.3037645E-04  -9.2338297E-05  -1.8051014E-04  -4.9567732E-05   3.3839610E-04   9.3828058E-04   4.8890902E-06  -4.7562089E-06   8.8847285E-06  -1.1222711E-05   3.0385359E-06   1.6698817E-05  -1.5648620E-07   1.1512315E-07   6.5523252E-06   1.1548399E-05   4.9422047E-06   1.1556518E-04   1.5298596E-06   1.8875491E-06  -9.3147160E-07   4.2991668E-07  -8.6274296E-07  -1.4138631E-04  -7.5872234E-04   5.9243050E-07   4.6887697E-07   1.7985856E-06   8.2104720E-05   3.3445488E-07  -1.5136898E-08   1.4105751E-06   7.0674111E-06   9.9137181E-06
 -6.2010629E-09  -1.5089842E-07   2.0990940E-08  -1.6930686E-07  -1.0939022E-06  -7.3440704E-09  -1.2958175E-07   9.5273380E-05  -6.0731193E-05   2.0121114E-04  -1.6948648E-03   1.4524465E-05  -7.5661364E-04  -2.3963440E-04  -2.9855005E-05   8.5669653E-05   8.5120969E-05   2.0314914E-04   4.4031358E-04  -1.9583974E-06   2.2632281E-06  -5.2134618E-06   5.5650255E-06   3.0361645E-08  -3.6027535E-05  -1.3462352E-07  -1.4600039E-08   1.1927544E-05   7.5368431E-06   7.1457476E-06  -4.1097719E-06   1.3531131E-04  -4.2415410E-06  -1.2680785E-06  -6.5330003E-07   2.3655909E-06  -4.1402261E-05  -1.3104040E-04   1.4308552E-06   2.0281732E-07  -4.5748154E-07   3.3445488E-07   9.7152053E-05  -3.4010471E-07   1.3300813E-08  -1.5185277E-06   1.1389295E-05
 -1.4695729E-08   2.8858873E-07  -5.4727072E-08   3.5853681E-06   6.5313964E-06  -1.8370073E-07  -4.6646725E-07  -7.6247356E-04   2.6638857E-05   1.3653463E-04   1.7428665E-03   2.7745436E-04   1.9299458E-03   2.4242554E-03  -4.5689114E-04  -3.6075068E-04   2.4704723E-04   3.9713330E-04   5.8252643E-04   3.3325993E-06   9.0394782E-06  -1.2387696E-05   7.4063098E-06   1.2685578E-06  -1.6353716E-05  -7.9837349E-08   1.5265458E-09  -6.2436880E-06  -1.4635795E-05  -9.5447462E-06   3.3052924E-06  -1.0168764E-05  -2.8162327E-05   2.1516354E-05   6.4786536E-06   1.7512295E-06   2.1067167E-04  -1.2118314E-02   2.4821266E-06   1.2120315E-06   4.4334694E-07  -1.5136898E-08  -3.4010471E-07   2.0596731E-04   2.4647920E-05   2.7979802E-07  -2.2213050E-06
  3.8550323E-08  -5.5257162E-07   8.1059743E-08  -1.0672950E-06  -3.5617307E-06   1.3321606E-06  -1.3006313E-07  -1.0461337E-03   1.6951274E-05   5.6887486E-05   2.2716924E-03  -1.8271936E-03  -1.1488696E-03   1.3554324E-04   3.5619630E-04   1.9003711E-04   9.0758606E-05   1.1138548E-04   7.4156322E-04   3.6668951E-06   7.1547106E-07   1.5234808E-05  -6.4083032E-06   1.4422717E-05  -2.3334286E-05   1.2238347E-07  -3.1317057E-08  -1.7169392E-06   1.2532036E-05   4.9857553E-06   1.1324021E-05   2.9587707E-06   4.3710200E-06  -3.4873586E-05   9.6593987E-06   1.0869795E-05   2.0353980E-04  -2.8414882E-03  -4.4227682E-07   2.8637228E-06   4.5791228E-06   1.4105751E-06   1.3300813E-08   2.4647920E-05   1.1239762E-04   6.4227512E-06   5.9675518E-06
  6.9377142E-08  -1.0779356E-06   1.1232781E-07  -3.4909294E-06  -9.7241100E-06   1.9627570E-06  -7.4945767E-08   2.0334852E-04   1.8586659E-05   6.8598976E-05   8.7928873E-04  -2.8408762E-04  -5.3557568E-04  -1.1003367E-03   1.1197450E-04  -5.9876179E-05   1.2883820E-04   3.5540194E-04   4.2189418E-04   1.1242133E-05   8.6691602E-06   1.1919341E-05   9.9809936E-06  -3.0825182E-06  -4.9956118E-06   6.0779926E-08   7.2321769E-08   2.7030469E-05   2.6073545E-05   1.5029026E-05   2.7644722E-05   1.5933371E-05   7.8683170E-07   1.4252591E-06  -4.1383365E-05   1.1851956E-05   1.9023978E-04   2.2300071E-03   5.2675201E-07   1.6168902E-06   3.8536639E-06   7.0674111E-06  -1.5185277E-06   2.7979802E-07   6.4227512E-06   9.2962058E-05   1.5160910E-05
  1.4608146E-07  -1.7172245E-06   2.5927909E-07  -8.4244789E-06  -2.2488680E-05   3.4498384E-06  -8.3844050E-07  -3.7942086E-04  -1.1519524E-05   1.6204423E-04  -6.7895812E-03  -2.7445911E-03  -1.6508042E-03  -1.0950085E-03   4.8334814E-04   3.3041200E-04   1.3246183E-04   1.8102522E-04   5.5035056E-04   4.6980648E-06   9.8897088E-06  -9.1216526E-06  -3.1761383E-06  -1.1991506E-05  -1.5005762E-04  -2.1088247E-07  -1.2169119E-08   2.3455808E-05   4.8481649E-05   3.2899101E-05   5.4224234E-05   3.8066707E-05  -1.8141434E-06   3.2673693E-08   1.7736677E-05  -9.1093902E-05   1.1555323E-05   2.6628542E-03   5.8147892E-07   4.2375389E-07  -1.4506035E-06   9.9137181E-06   1.1389295E-05  -2.2213050E-06   5.9675518E-06   1.5160910E-05   3.3104092E-04
