# omegabh2 omegach2 theta tau meffsterile nnu logA ns calPlanck aps100 aps143 aps217 acib217 asz143 psr cibr xi aksz dust100 dust143 dust217 dust143x217 cal0 cal2 calTE calEE
  2.1255450E-08   3.8621397E-08   5.9313218E-09   2.5242007E-07  -2.2208141E-06   3.2738839E-06   6.2262910E-07   2.8774206E-07   2.7156397E-08  -1.8150665E-04  -1.8461518E-04   3.3931528E-05  -7.5290091E-05   1.0127816E-05   4.3128938E-07  -1.3269055E-06   7.9099050E-07  -1.7246473E-05  -6.1750333E-07   4.6518435E-07   6.1713606E-07   1.7517735E-07   1.5312455E-09  -2.7174449E-09  -6.8085125E-08  -2.0472805E-07
  3.8621397E-08   8.1788035E-06  -2.5765204E-07  -1.0830346E-06  -4.7723864E-04   1.2616254E-04   4.6641778E-06   4.6193752E-06  -3.5305513E-07   2.6332261E-03   9.0538548E-04  -1.9662123E-03   1.1461654E-03  -1.2871982E-04  -1.2547489E-05   1.1901260E-05  -6.5785444E-06   5.4651300E-04  -7.4989153E-06   1.0877279E-05  -7.9309561E-06   4.7941391E-06  -6.2294281E-08  -2.7279190E-09   7.0119428E-07   1.2898460E-06
  5.9313218E-09  -2.5765204E-07   1.0133876E-07   1.5297254E-07   6.0803527E-06  -8.7117839E-06  -7.3608771E-09  -1.4433755E-07   2.8050558E-08  -1.7312553E-04  -1.6012523E-04   1.4468451E-05  -5.5786374E-05  -4.4820732E-07   6.7785534E-07  -1.2218848E-06   5.8389349E-07   4.5715638E-06  -3.4698436E-07  -4.1189226E-07   2.4884236E-07  -6.8309200E-07   5.1365051E-10   2.1956836E-09  -9.8294648E-08  -9.9721901E-08
  2.5242007E-07  -1.0830346E-06   1.5297254E-07   5.4609297E-05  -3.6790801E-05   4.8845597E-05   1.0149052E-04   1.0472521E-05  -8.7398456E-07  -8.1223561E-03  -4.7579151E-03  -1.7655378E-04  -1.3982260E-03   3.3977697E-04  -4.2736410E-06  -2.6522219E-05  -1.4117257E-05  -3.8591953E-04  -8.3745915E-06   4.8924217E-05   1.5113900E-05   2.8063105E-05  -3.0762884E-07  -7.3089872E-08  -2.8031543E-06  -2.1877396E-06
 -2.2208141E-06  -4.7723864E-04   6.0803527E-06  -3.6790801E-05   4.0282800E-02  -3.2554802E-03  -2.1794741E-04  -3.2890702E-04   2.5424674E-05  -2.4934624E-02   6.7496513E-02   1.1685835E-01  -2.2350151E-02   4.9942745E-03   5.6138277E-04   2.5335830E-04  -2.1873929E-05  -2.7730822E-02   5.5787409E-04  -5.1764305E-04   2.4355828E-04  -1.3513632E-04   2.6512667E-06   2.4540803E-06  -3.1505867E-05  -6.7405832E-05
  3.2738839E-06   1.2616254E-04  -8.7117839E-06   4.8845597E-05  -3.2554802E-03   5.2650751E-03   3.0561498E-04   1.9674525E-04   5.4707228E-06   1.3019741E-01   6.6151176E-02  -3.6285306E-02   4.1621655E-02  -2.5321125E-03  -3.6483531E-04   8.2990964E-04  -2.7698795E-04   8.5156808E-03   5.5788410E-05   2.5592963E-04  -1.7714893E-04   1.2311108E-04   1.9239275E-08   2.0388741E-06   3.1404069E-05   6.3822663E-05
  6.2262910E-07   4.6641778E-06  -7.3608771E-09   1.0149052E-04  -2.1794741E-04   3.0561498E-04   2.2716732E-04   2.2402467E-05   1.0438141E-05  -1.8939794E-03  -3.6807570E-03   3.5503962E-03  -6.4735190E-04   5.6115268E-04  -8.0417614E-06  -4.9776609E-05  -2.4360446E-05  -9.3487879E-04  -2.4799200E-05   5.3268157E-05   3.7769457E-05   5.8126602E-05  -1.2777893E-07  -1.0704539E-07  -4.7788602E-06  -8.6652722E-07
  2.8774206E-07   4.6193752E-06  -1.4433755E-07   1.0472521E-05  -3.2890702E-04   1.9674525E-04   2.2402467E-05   2.3986471E-05   1.9027718E-07  -1.6765325E-02  -4.8456605E-03   7.4666344E-03  -4.9205526E-03   4.2383217E-04   5.1715942E-05  -9.6112453E-05   5.4348558E-05  -1.7057560E-03   2.8273667E-06  -2.8429471E-05   3.0731880E-05   3.1893107E-06  -2.4694235E-07  -2.5590209E-07   9.9369408E-07  -3.4734225E-07
  2.7156397E-08  -3.5305513E-07   2.8050558E-08  -8.7398456E-07   2.5424674E-05   5.4707228E-06   1.0438141E-05   1.9027718E-07   6.3601811E-06   5.3061670E-03   9.3455710E-04   5.4921350E-04   1.1222486E-03  -2.7891100E-05  -4.4957043E-06   9.4492116E-06  -4.5799880E-06   7.3739403E-05   6.9500446E-06   1.6272367E-05   3.3009191E-06   2.0387363E-06  -2.3177651E-08  -3.2417628E-08  -1.9172485E-07  -1.8913299E-07
 -1.8150665E-04   2.6332261E-03  -1.7312553E-04  -8.1223561E-03  -2.4934624E-02   1.3019741E-01  -1.8939794E-03  -1.6765325E-02   5.3061670E-03   6.0858853E+02   5.7498388E+01  -5.3423676E+01   3.1079922E+01  -2.4433055E+01  -8.4597567E-01  -4.2720429E-02  -2.1723122E-01   1.0874802E+01  -1.3848985E-01   3.7734618E-01  -2.6667649E-01  -2.2925772E-01   6.7595268E-03   2.4847858E-03   1.3451305E-03   8.0076991E-03
 -1.8461518E-04   9.0538548E-04  -1.6012523E-04  -4.7579151E-03   6.7496513E-02   6.6151176E-02  -3.6807570E-03  -4.8456605E-03   9.3455710E-04   5.7498388E+01   6.8164616E+01   1.0497120E+01   6.2933757E+00   1.1950860E-02   3.7254163E-03   4.5988530E-01   9.0036594E-01  -8.9249961E+00  -4.6145869E-02  -2.2157704E-01   6.9430025E-02   8.0149827E-02   8.3141479E-04   8.7049986E-04   2.9617516E-03   6.1700071E-03
  3.3931528E-05  -1.9662123E-03   1.4468451E-05  -1.7655378E-04   1.1685835E-01  -3.6285306E-02   3.5503962E-03   7.4666344E-03   5.4921350E-04  -5.3423676E+01   1.0497120E+01   1.7594020E+02  -8.3686001E+01   2.7278777E+00   3.2894429E-01  -1.0692041E+00   3.1517722E-01  -7.5217497E+00  -5.5466494E-02  -3.0393486E-01   5.6899189E-01   2.6540388E-02   1.6573255E-03  -7.9153596E-03   2.5590769E-03   2.3248480E-03
 -7.5290091E-05   1.1461654E-03  -5.5786374E-05  -1.3982260E-03  -2.2350151E-02   4.1621655E-02  -6.4735190E-04  -4.9205526E-03   1.1222486E-03   3.1079922E+01   6.2933757E+00  -8.3686001E+01   5.2565850E+01   1.5573834E+00  -4.4562863E-02   7.3507526E-01  -2.4829934E-01  -2.5449997E+00   3.5161950E-02   1.8861331E-01  -4.5770288E-01  -1.2118148E-01  -5.5744849E-04   3.3033851E-03  -5.6088887E-04   8.4002044E-04
  1.0127816E-05  -1.2871982E-04  -4.4820732E-07   3.3977697E-04   4.9942745E-03  -2.5321125E-03   5.6115268E-04   4.2383217E-04  -2.7891100E-05  -2.4433055E+01   1.1950860E-02   2.7278777E+00   1.5573834E+00   4.1712993E+00   1.0217300E-01   1.3936528E-01  -2.9673615E-02  -3.4769678E+00  -7.9030757E-03  -7.1818356E-03   9.4362282E-03   5.6812602E-02   4.3006461E-04  -2.3076704E-04  -5.0898669E-06  -9.0137234E-05
  4.3128938E-07  -1.2547489E-05   6.7785534E-07  -4.2736410E-06   5.6138277E-04  -3.6483531E-04  -8.0417614E-06   5.1715942E-05  -4.4957043E-06  -8.4597567E-01   3.7254163E-03   3.2894429E-01  -4.4562863E-02   1.0217300E-01   1.6259051E-02  -1.6801093E-02   1.2329828E-02  -1.0611714E-01  -5.0577606E-04  -1.6872026E-03  -2.4351998E-03   5.6777899E-03   1.6727053E-05  -3.4159843E-05   7.5533395E-06   3.9262344E-06
 -1.3269055E-06   1.1901260E-05  -1.2218848E-06  -2.6522219E-05   2.5335830E-04   8.2990964E-04  -4.9776609E-05  -9.6112453E-05   9.4492116E-06  -4.2720429E-02   4.5988530E-01  -1.0692041E+00   7.3507526E-01   1.3936528E-01  -1.6801093E-02   6.7132715E-02   3.4202662E-03  -1.4414873E-01   1.0738811E-03   7.7230452E-03  -2.5362579E-04  -1.7637239E-02  -1.1187324E-05   1.0062543E-04  -3.8148902E-06   1.3147102E-05
  7.9099050E-07  -6.5785444E-06   5.8389349E-07  -1.4117257E-05  -2.1873929E-05  -2.7698795E-04  -2.4360446E-05   5.4348558E-05  -4.5799880E-06  -2.1723122E-01   9.0036594E-01   3.1517722E-01  -2.4829934E-01  -2.9673615E-02   1.2329828E-02   3.4202662E-03   8.2235437E-02   2.7092470E-02  -1.0670581E-03   1.4675273E-04   1.5765031E-03   1.8611530E-03   1.1118488E-05   1.3349557E-07   8.3987570E-06   1.2371751E-05
 -1.7246473E-05   5.4651300E-04   4.5715638E-06  -3.8591953E-04  -2.7730822E-02   8.5156808E-03  -9.3487879E-04  -1.7057560E-03   7.3739403E-05   1.0874802E+01  -8.9249961E+00  -7.5217497E+00  -2.5449997E+00  -3.4769678E+00  -1.0611714E-01  -1.4414873E-01   2.7092470E-02   7.4239460E+00   1.2003798E-02   2.6349284E-03  -9.2542400E-03  -6.0118707E-02  -3.3953524E-04   1.2309862E-05  -3.4023731E-04  -2.9706738E-04
 -6.1750333E-07  -7.4989153E-06  -3.4698436E-07  -8.3745915E-06   5.5787409E-04   5.5788410E-05  -2.4799200E-05   2.8273667E-06   6.9500446E-06  -1.3848985E-01  -4.6145869E-02  -5.5466494E-02   3.5161950E-02  -7.9030757E-03  -5.0577606E-04   1.0738811E-03  -1.0670581E-03   1.2003798E-02   3.8090052E-02   3.4658560E-03  -5.2902049E-04  -2.5480948E-04   3.4084528E-05  -6.4180006E-06  -4.9082465E-07   5.6508235E-07
  4.6518435E-07   1.0877279E-05  -4.1189226E-07   4.8924217E-05  -5.1764305E-04   2.5592963E-04   5.3268157E-05  -2.8429471E-05   1.6272367E-05   3.7734618E-01  -2.2157704E-01  -3.0393486E-01   1.8861331E-01  -7.1818356E-03  -1.6872026E-03   7.7230452E-03   1.4675273E-04   2.6349284E-03   3.4658560E-03   3.0673702E-02  -1.0121313E-03   4.9509540E-03  -7.8248935E-05  -4.0514120E-05  -7.9205403E-05  -8.0583776E-05
  6.1713606E-07  -7.9309561E-06   2.4884236E-07   1.5113900E-05   2.4355828E-04  -1.7714893E-04   3.7769457E-05   3.0731880E-05   3.3009191E-06  -2.6667649E-01   6.9430025E-02   5.6899189E-01  -4.5770288E-01   9.4362282E-03  -2.4351998E-03  -2.5362579E-04   1.5765031E-03  -9.2542400E-03  -5.2902049E-04  -1.0121313E-03   1.0744411E-02   8.4449959E-03   3.2580064E-06   6.0649126E-05   9.1729303E-06   1.0083027E-07
  1.7517735E-07   4.7941391E-06  -6.8309200E-07   2.8063105E-05  -1.3513632E-04   1.2311108E-04   5.8126602E-05   3.1893107E-06   2.0387363E-06  -2.2925772E-01   8.0149827E-02   2.6540388E-02  -1.2118148E-01   5.6812602E-02   5.6777899E-03  -1.7637239E-02   1.8611530E-03  -6.0118707E-02  -2.5480948E-04   4.9509540E-03   8.4449959E-03   2.6154448E-02  -2.9154955E-06   5.5183630E-05  -1.7179580E-05  -4.2676797E-06
  1.5312455E-09  -6.2294281E-08   5.1365051E-10  -3.0762884E-07   2.6512667E-06   1.9239275E-08  -1.2777893E-07  -2.4694235E-07  -2.3177651E-08   6.7595268E-03   8.3141479E-04   1.6573255E-03  -5.5744849E-04   4.3006461E-04   1.6727053E-05  -1.1187324E-05   1.1118488E-05  -3.3953524E-04   3.4084528E-05  -7.8248935E-05   3.2580064E-06  -2.9154955E-06   1.1067175E-06   1.6627748E-08   3.2837176E-07   6.1195644E-07
 -2.7174449E-09  -2.7279190E-09   2.1956836E-09  -7.3089872E-08   2.4540803E-06   2.0388741E-06  -1.0704539E-07  -2.5590209E-07  -3.2417628E-08   2.4847858E-03   8.7049986E-04  -7.9153596E-03   3.3033851E-03  -2.3076704E-04  -3.4159843E-05   1.0062543E-04   1.3349557E-07   1.2309862E-05  -6.4180006E-06  -4.0514120E-05   6.0649126E-05   5.5183630E-05   1.6627748E-08   2.4918703E-06   2.3744869E-07   2.4540996E-07
 -6.8085125E-08   7.0119428E-07  -9.8294648E-08  -2.8031543E-06  -3.1505867E-05   3.1404069E-05  -4.7788602E-06   9.9369408E-07  -1.9172485E-07   1.3451305E-03   2.9617516E-03   2.5590769E-03  -5.6088887E-04  -5.0898669E-06   7.5533395E-06  -3.8148902E-06   8.3987570E-06  -3.4023731E-04  -4.9082465E-07  -7.9205403E-05   9.1729303E-06  -1.7179580E-05   3.2837176E-07   2.3744869E-07   2.4284507E-05   8.5276956E-06
 -2.0472805E-07   1.2898460E-06  -9.9721901E-08  -2.1877396E-06  -6.7405832E-05   6.3822663E-05  -8.6652722E-07  -3.4734225E-07  -1.8913299E-07   8.0076991E-03   6.1700071E-03   2.3248480E-03   8.4002044E-04  -9.0137234E-05   3.9262344E-06   1.3147102E-05   1.2371751E-05  -2.9706738E-04   5.6508235E-07  -8.0583776E-05   1.0083027E-07  -4.2676797E-06   6.1195644E-07   2.4540996E-07   8.5276956E-06   2.4910137E-05
