# omegabh2 omegach2 theta tau logA ns r calPlanck
  1.5012443E-06  -4.6856892E-06   3.3953113E-07   3.2394371E-06   1.2849706E-05   1.0933961E-05  -1.0350245E-05   2.2430838E-08
 -4.6856892E-06   2.2966368E-05  -1.6165034E-06  -1.2073975E-05  -1.1387923E-05  -6.2384392E-05  -2.3137147E-04   6.4299704E-08
  3.3953113E-07  -1.6165034E-06   7.6310676E-07   9.6462716E-07   4.8212779E-07   5.1528519E-06   1.9452575E-05  -2.2704526E-08
  3.2394371E-06  -1.2073975E-05   9.6462716E-07   4.6650752E-05   9.9879554E-05   3.3591533E-05  -8.4025379E-06   8.4443348E-08
  1.2849706E-05  -1.1387923E-05   4.8212779E-07   9.9879554E-05   4.1551921E-04   1.7530115E-05  -1.0593562E-03   1.3391440E-05
  1.0933961E-05  -6.2384392E-05   5.1528519E-06   3.3591533E-05   1.7530115E-05   2.8501045E-04   1.5000823E-03   3.1667491E-07
 -1.0350245E-05  -2.3137147E-04   1.9452575E-05  -8.4025379E-06  -1.0593562E-03   1.5000823E-03   2.9168824E-02   7.8526288E-06
  2.2430838E-08   6.4299704E-08  -2.2704526E-08   8.4443348E-08   1.3391440E-05   3.1667491E-07   7.8526288E-06   6.1653705E-06
