# omegabh2 omegach2 theta tau nnu logA ns calPlanck acib217 xi asz143 aps100 aps143 aps143217 aps217 aksz kgal100 kgal143 kgal143217 kgal217 cal0 cal2
  4.2136873E-08   2.2971843E-07  -5.9984384E-09   1.9541311E-07   1.5597785E-05   1.0613533E-06   6.1827509E-07   2.1127689E-08  -3.5473805E-05   1.0294516E-07   1.0948528E-05  -1.0965271E-04  -1.8070895E-04  -9.6261813E-05  -2.2021035E-05  -1.3957652E-05   4.5211422E-06  -5.6595912E-06  -1.6178827E-05  -2.6357452E-05   1.1002593E-09  -3.2427428E-09
  2.2971843E-07   1.2618784E-05  -1.0528611E-06  -1.8164772E-06   6.4292217E-04   2.5026517E-05   1.4599511E-05  -2.0083571E-07   3.2259929E-03  -5.7209540E-05  -1.0179176E-03   1.6482007E-02   9.1711080E-03   2.9473214E-03   5.3073991E-04   1.4583051E-03   4.5994555E-05   8.4417752E-05  -2.3756901E-04  -1.3285074E-03  -3.7978504E-08   9.6192274E-08
 -5.9984384E-09  -1.0528611E-06   2.6642016E-07   1.7899394E-07  -5.8635652E-05  -1.7684258E-06  -1.2552547E-06   5.2879478E-08  -2.4214309E-04   5.8358225E-06   9.6416101E-05  -1.3428126E-03  -8.4010879E-04  -2.8780864E-04  -1.2599923E-04  -1.4737447E-04  -2.2282146E-05  -1.5785719E-05   1.7243628E-05   8.6556742E-05  -1.2458592E-09  -1.0430956E-08
  1.9541311E-07  -1.8164772E-06   1.7899394E-07   5.3303724E-05  -3.5080166E-05   1.0240105E-04   3.7247343E-06  -2.1880388E-07  -1.2266221E-03   4.8111976E-05   2.1932483E-05  -5.3500926E-03  -3.6762307E-03  -1.5268244E-03  -5.8294095E-04  -7.1658777E-04   5.4568198E-05  -3.1356627E-04  -8.9927342E-04  -1.1006261E-03   2.9017150E-08  -7.4269804E-08
  1.5597785E-05   6.4292217E-04  -5.8635652E-05  -3.5080166E-05   3.6873650E-02   1.3936435E-03   9.9520523E-04  -5.6954366E-06   1.9034579E-01  -3.4869868E-03  -5.6504876E-02   9.3847751E-01   5.0522597E-01   1.5344433E-01   1.3745635E-02   8.4685329E-02   3.4218570E-03   5.0299853E-03  -1.6631295E-02  -8.4991292E-02  -1.6164046E-06   4.7909175E-06
  1.0613533E-06   2.5026517E-05  -1.7684258E-06   1.0240105E-04   1.3936435E-03   2.9120498E-04   3.9311986E-05   1.1813198E-05   5.1998957E-03  -1.6450536E-05  -2.2582550E-03   3.0284996E-02   1.3994716E-02   5.3266151E-03   4.9028443E-03   1.0676901E-03  -2.9284463E-04  -1.2647324E-03  -3.2865991E-03  -4.5323591E-03   1.4747403E-07   1.4784491E-08
  6.1827509E-07   1.4599511E-05  -1.2552547E-06   3.7247343E-06   9.9520523E-04   3.9311986E-05   4.3379277E-05   2.1205220E-07   7.5924652E-04   6.9939039E-06  -3.0412700E-04  -6.9688674E-05   6.9288835E-03   6.4934434E-03   6.0923296E-03  -3.7233424E-04   5.6951233E-04  -3.4363762E-04  -7.9957304E-04  -1.2204888E-03  -1.2027951E-07   5.0590387E-08
  2.1127689E-08  -2.0083571E-07   5.2879478E-08  -2.1880388E-07  -5.6954366E-06   1.1813198E-05   2.1205220E-07   6.2498167E-06   9.8380998E-04  -9.4684255E-06   1.9568268E-05   3.3682852E-03   1.3675858E-05  -1.0946054E-04   7.3095640E-04  -2.9522102E-06  -1.4446741E-05  -8.9214422E-05  -1.9305815E-04   3.5340940E-04   1.2967800E-08  -9.0255499E-09
 -3.5473805E-05   3.2259929E-03  -2.4214309E-04  -1.2266221E-03   1.9034579E-01   5.1998957E-03   7.5924652E-04   9.8380998E-04   4.6232466E+01  -4.3778639E-01  -1.1865943E+00   4.3427258E+01   4.4363113E+00  -1.3678892E+01  -5.6062461E+01   4.6697227E-01   2.5910264E-01   8.9956353E-01  -5.4342359E+00  -3.3171038E+01  -1.5649868E-04   8.1124193E-04
  1.0294516E-07  -5.7209540E-05   5.8358225E-06   4.8111976E-05  -3.4869868E-03  -1.6450536E-05   6.9939039E-06  -9.4684255E-06  -4.3778639E-01   8.3709716E-02  -4.8919687E-02  -4.0718912E-01   8.2202550E-01   1.5555532E+00   5.9439010E-01   4.7936076E-02   6.2887485E-03   4.6488086E-03   1.0295774E-01   1.7325410E-01   8.7387832E-06  -6.4327490E-06
  1.0948528E-05  -1.0179176E-03   9.6416101E-05   2.1932483E-05  -5.6504876E-02  -2.2582550E-03  -3.0412700E-04   1.9568268E-05  -1.1865943E+00  -4.8919687E-02   4.0046776E+00  -3.1792577E+01  -3.8889659E+00   7.7789910E+00   5.6964653E+00  -3.2424487E+00  -1.8095017E-01   1.3127770E-01   2.6719580E+00   3.5393400E+00   1.0694311E-04  -2.8952897E-05
 -1.0965271E-04   1.6482007E-02  -1.3428126E-03  -5.3500926E-03   9.3847751E-01   3.0284996E-02  -6.9688674E-05   3.3682852E-03   4.3427258E+01  -4.0718912E-01  -3.1792577E+01   8.0732109E+02   8.7164257E+01  -4.8388193E+01  -6.4527702E+01   1.8351971E+01  -7.2739199E+00   6.2620463E+00  -1.1911030E+01  -2.8460249E+01   4.2868897E-03   8.6130910E-05
 -1.8070895E-04   9.1711080E-03  -8.4010879E-04  -3.6762307E-03   5.0522597E-01   1.3994716E-02   6.9288835E-03   1.3675858E-05   4.4363113E+00   8.2202550E-01  -3.8889659E+00   8.7164257E+01   7.0598904E+01   4.2618361E+01   1.6420670E+01  -4.3970347E+00  -4.6445350E-01  -1.3633727E+00   3.4864270E+00   4.2059158E+00   1.4614409E-04   1.5929920E-04
 -9.6261813E-05   2.9473214E-03  -2.8780864E-04  -1.5268244E-03   1.5344433E-01   5.3266151E-03   6.4934434E-03  -1.0946054E-04  -1.3678892E+01   1.5555532E+00   7.7789910E+00  -4.8388193E+01   4.2618361E+01   8.4882408E+01   5.5923210E+01  -1.3129017E+01  -8.3586540E-01  -1.0639925E+00   4.9343384E+00   9.9130481E+00   4.4530168E-04  -4.3095342E-04
 -2.2021035E-05   5.3073991E-04  -1.2599923E-04  -5.8294095E-04   1.3745635E-02   4.9028443E-03   6.0923296E-03   7.3095640E-04  -5.6062461E+01   5.9439010E-01   5.6964653E+00  -6.4527702E+01   1.6420670E+01   5.5923210E+01   1.0726498E+02  -1.0728125E+01  -9.3020572E-01  -2.0794806E+00   4.7357939E+00   3.3178020E+01   3.8959457E-04  -1.3952392E-03
 -1.3957652E-05   1.4583051E-03  -1.4737447E-04  -7.1658777E-04   8.4685329E-02   1.0676901E-03  -3.7233424E-04  -2.9522102E-06   4.6697227E-01   4.7936076E-02  -3.2424487E+00   1.8351971E+01  -4.3970347E+00  -1.3129017E+01  -1.0728125E+01   7.0724670E+00   1.3062327E-01  -5.0385935E-02  -2.3593644E+00  -3.0966491E+00  -8.4924935E-05   5.1356408E-07
  4.5211422E-06   4.5994555E-05  -2.2282146E-05   5.4568198E-05   3.4218570E-03  -2.9284463E-04   5.6951233E-04  -1.4446741E-05   2.5910264E-01   6.2887485E-03  -1.8095017E-01  -7.2739199E+00  -4.6445350E-01  -8.3586540E-01  -9.3020572E-01   1.3062327E-01   3.4433507E+00   6.1179506E-01   2.7699064E-01   1.7220566E-01   1.5419800E-04   2.2128069E-05
 -5.6595912E-06   8.4417752E-05  -1.5785719E-05  -3.1356627E-04   5.0299853E-03  -1.2647324E-03  -3.4363762E-04  -8.9214422E-05   8.9956353E-01   4.6488086E-03   1.3127770E-01   6.2620463E+00  -1.3633727E+00  -1.0639925E+00  -2.0794806E+00  -5.0385935E-02   6.1179506E-01   3.2173434E+00   2.7785408E+00   2.6707263E+00  -1.5293334E-04  -4.0282719E-05
 -1.6178827E-05  -2.3756901E-04   1.7243628E-05  -8.9927342E-04  -1.6631295E-02  -3.2865991E-03  -7.9957304E-04  -1.9305815E-04  -5.4342359E+00   1.0295774E-01   2.6719580E+00  -1.1911030E+01   3.4864270E+00   4.9343384E+00   4.7357939E+00  -2.3593644E+00   2.7699064E-01   2.7785408E+00   1.0902643E+01   1.9314773E+01   9.1415438E-06   4.3276916E-04
 -2.6357452E-05  -1.3285074E-03   8.6556742E-05  -1.1006261E-03  -8.4991292E-02  -4.5323591E-03  -1.2204888E-03   3.5340940E-04  -3.3171038E+01   1.7325410E-01   3.5393400E+00  -2.8460249E+01   4.2059158E+00   9.9130481E+00   3.3178020E+01  -3.0966491E+00   1.7220566E-01   2.6707263E+00   1.9314773E+01   5.3436481E+01   5.1795454E-05   9.2168147E-04
  1.1002593E-09  -3.7978504E-08  -1.2458592E-09   2.9017150E-08  -1.6164046E-06   1.4747403E-07  -1.2027951E-07   1.2967800E-08  -1.5649868E-04   8.7387832E-06   1.0694311E-04   4.2868897E-03   1.4614409E-04   4.4530168E-04   3.8959457E-04  -8.4924935E-05   1.5419800E-04  -1.5293334E-04   9.1415438E-06   5.1795454E-05   3.7978022E-07  -9.8165145E-09
 -3.2427428E-09   9.6192274E-08  -1.0430956E-08  -7.4269804E-08   4.7909175E-06   1.4784491E-08   5.0590387E-08  -9.0255499E-09   8.1124193E-04  -6.4327490E-06  -2.8952897E-05   8.6130910E-05   1.5929920E-04  -4.3095342E-04  -1.3952392E-03   5.1356408E-07   2.2128069E-05  -4.0282719E-05   4.3276916E-04   9.2168147E-04  -9.8165145E-09   3.9266038E-07
