# omegabh2 omegach2 theta tau logA ns calPlanck acib217 xi asz143 aps100 aps143 aps143217 aps217 aksz kgal100 kgal143 kgal143217 kgal217 cal0 cal2
    0.5138458E-07   -0.2347718E-06    0.4691603E-07    0.1720237E-05    0.3061894E-05    0.7453791E-06    0.3812682E-07   -0.2202458E-03    0.3669706E-05    0.7105079E-04   -0.1036512E-02   -0.5753627E-03   -0.1332165E-03    0.4836643E-04   -0.9070286E-04    0.8551744E-05    0.2388201E-05   -0.4042070E-05    0.3214266E-04    0.3407459E-08   -0.2433553E-07
   -0.2347718E-06    0.3464586E-05   -0.3333058E-06   -0.2126890E-04   -0.3511936E-04   -0.8638240E-05   -0.3632475E-06    0.1005411E-02   -0.2171969E-04   -0.2632038E-03    0.4411178E-02    0.2591959E-02    0.7024337E-03   -0.3144879E-03    0.3644593E-03   -0.3267878E-04    0.2425131E-04    0.2554660E-03    0.2754583E-03   -0.5525097E-07    0.1626931E-06
    0.4691603E-07   -0.3333058E-06    0.2033555E-06    0.3188686E-05    0.5886458E-05    0.1145192E-05    0.5942632E-07   -0.1582017E-03    0.2246957E-05    0.5487490E-04   -0.7881048E-03   -0.3910549E-03   -0.9301622E-04    0.4320731E-04   -0.5419602E-04    0.1132572E-04   -0.2973611E-05    0.6593250E-06    0.2869542E-04    0.5257791E-08   -0.2605282E-07
    0.1720237E-05   -0.2126890E-04    0.3188686E-05    0.2506707E-03    0.4425507E-03    0.6314338E-04   -0.3198036E-05   -0.1000718E-01    0.2098536E-03    0.2715958E-02   -0.5019478E-01   -0.2357876E-01   -0.4740593E-02    0.2142117E-02   -0.3672560E-02    0.5756876E-03    0.7909405E-04   -0.2041741E-02   -0.2641482E-02    0.1729306E-06   -0.1385520E-05
    0.3061894E-05   -0.3511936E-04    0.5886458E-05    0.4425507E-03    0.8118109E-03    0.1059154E-03    0.5138795E-05   -0.1821605E-01    0.4188857E-03    0.4933953E-02   -0.8820066E-01   -0.3993096E-01   -0.4902417E-02    0.9860986E-02   -0.7293578E-02    0.7703618E-03   -0.6008065E-03   -0.3966723E-02   -0.2620660E-02    0.4089298E-06   -0.2424163E-05
    0.7453791E-06   -0.8638240E-05    0.1145192E-05    0.6314338E-04    0.1059154E-03    0.3308902E-04    0.9131258E-06   -0.7307465E-02    0.1682270E-03    0.1983228E-02   -0.3880155E-01   -0.1253271E-01    0.1806154E-02    0.6833782E-02   -0.3503536E-02    0.4742556E-03   -0.9352609E-04   -0.8220411E-03    0.6110240E-04   -0.6783767E-07   -0.8429920E-06
    0.3812682E-07   -0.3632475E-06    0.5942632E-07   -0.3198036E-05    0.5138795E-05    0.9131258E-06    0.6149951E-05    0.5289528E-03    0.2106271E-05    0.3843116E-04    0.1653624E-02    0.3129619E-03    0.3928122E-03    0.1484746E-02    0.1590139E-04   -0.1476592E-04   -0.1268374E-03   -0.7125710E-04    0.8997211E-03   -0.3994199E-07    0.1156540E-07
   -0.2202458E-03    0.1005411E-02   -0.1582017E-03   -0.1000718E-01   -0.1821605E-01   -0.7307465E-02    0.5289528E-03    0.4312308E+02   -0.4627276E+00   -0.1768365E+01    0.4211734E+02    0.1117250E+01   -0.2049456E+02   -0.6059285E+02    0.6326912E+00   -0.1678728E+00   -0.5947058E-01   -0.1885967E+01   -0.1812889E+02   -0.2501003E-03    0.4447255E-02
    0.3669706E-05   -0.2171969E-04    0.2246957E-05    0.2098536E-03    0.4188857E-03    0.1682270E-03    0.2106271E-05   -0.4627276E+00    0.8234366E-01   -0.7980770E-01   -0.2832966E+00    0.1019836E+01    0.1855831E+01    0.7038956E+00    0.7968329E-01    0.5268501E-02    0.8885400E-02    0.8702056E-01    0.6841839E-01    0.8854102E-05   -0.2030319E-04
    0.7105079E-04   -0.2632038E-03    0.5487490E-04    0.2715958E-02    0.4933953E-02    0.1983228E-02    0.3843116E-04   -0.1768365E+01   -0.7980770E-01    0.3796425E+01   -0.3017972E+02   -0.4323167E+01    0.7547075E+01    0.6904002E+01   -0.2842131E+01   -0.1468098E+00    0.1151161E+00    0.2363445E+01    0.2120959E+01    0.1441232E-03   -0.4151397E-03
   -0.1036512E-02    0.4411178E-02   -0.7881048E-03   -0.5019478E-01   -0.8820066E-01   -0.3880155E-01    0.1653624E-02    0.4211734E+02   -0.2832966E+00   -0.3017972E+02    0.7730319E+03    0.7650838E+02   -0.5366987E+02   -0.6787718E+02    0.1443464E+02   -0.3981069E+01    0.2792896E+01   -0.1172736E+02   -0.1723001E+02    0.6386210E-02    0.4826850E-02
   -0.5753627E-03    0.2591959E-02   -0.3910549E-03   -0.2357876E-01   -0.3993096E-01   -0.1253271E-01    0.3129619E-03    0.1117250E+01    0.1019836E+01   -0.4323167E+01    0.7650838E+02    0.6497692E+02    0.4614153E+02    0.1837701E+02   -0.4148812E+01   -0.2114862E+00   -0.1084621E+01    0.3865827E+01    0.3669803E+01    0.1398763E-03    0.2050877E-03
   -0.1332165E-03    0.7024337E-03   -0.9301622E-04   -0.4740593E-02   -0.4902417E-02    0.1806154E-02    0.3928122E-03   -0.2049456E+02    0.1855831E+01    0.7547075E+01   -0.5366987E+02    0.4614153E+02    0.9929710E+02    0.6711616E+02   -0.1215915E+02   -0.3078477E+00   -0.1267924E+00    0.4614395E+01    0.4740001E+01    0.7105559E-03   -0.2757549E-02
    0.4836643E-04   -0.3144879E-03    0.4320731E-04    0.2142117E-02    0.9860986E-02    0.6833782E-02    0.1484746E-02   -0.6059285E+02    0.7038956E+00    0.6904002E+01   -0.6787718E+02    0.1837701E+02    0.6711616E+02    0.1222332E+03   -0.1073349E+02   -0.7138859E-01   -0.8632298E-01   -0.4482254E+00    0.1479158E+02    0.7039789E-03   -0.7881761E-02
   -0.9070286E-04    0.3644593E-03   -0.5419602E-04   -0.3672560E-02   -0.7293578E-02   -0.3503536E-02    0.1590139E-04    0.6326912E+00    0.7968329E-01   -0.2842131E+01    0.1443464E+02   -0.4148812E+01   -0.1215915E+02   -0.1073349E+02    0.6303723E+01    0.5190768E-01   -0.2067191E+00   -0.2131419E+01   -0.1789558E+01   -0.1172279E-03    0.2649084E-03
    0.8551744E-05   -0.3267878E-04    0.1132572E-04    0.5756876E-03    0.7703618E-03    0.4742556E-03   -0.1476592E-04   -0.1678728E+00    0.5268501E-02   -0.1468098E+00   -0.3981069E+01   -0.2114862E+00   -0.3078477E+00   -0.7138859E-01    0.5190768E-01    0.3529503E+01    0.4491154E+00    0.1437106E+00    0.2046599E+00    0.2686785E-03   -0.2521128E-04
    0.2388201E-05    0.2425131E-04   -0.2973611E-05    0.7909405E-04   -0.6008065E-03   -0.9352609E-04   -0.1268374E-03   -0.5947058E-01    0.8885400E-02    0.1151161E+00    0.2792896E+01   -0.1084621E+01   -0.1267924E+00   -0.8632298E-01   -0.2067191E+00    0.4491154E+00    0.3384458E+01    0.2661104E+01    0.1828529E+01   -0.2990320E-03   -0.2321595E-03
   -0.4042070E-05    0.2554660E-03    0.6593250E-06   -0.2041741E-02   -0.3966723E-02   -0.8220411E-03   -0.7125710E-04   -0.1885967E+01    0.8702056E-01    0.2363445E+01   -0.1172736E+02    0.3865827E+01    0.4614395E+01   -0.4482254E+00   -0.2131419E+01    0.1437106E+00    0.2661104E+01    0.1713636E+02    0.2536071E+02   -0.5872522E-04    0.2389404E-02
    0.3214266E-04    0.2754583E-03    0.2869542E-04   -0.2641482E-02   -0.2620660E-02    0.6110240E-04    0.8997211E-03   -0.1812889E+02    0.6841839E-01    0.2120959E+01   -0.1723001E+02    0.3669803E+01    0.4740001E+01    0.1479158E+02   -0.1789558E+01    0.2046599E+00    0.1828529E+01    0.2536071E+02    0.5387503E+02   -0.2890794E-04    0.4383764E-02
    0.3407459E-08   -0.5525097E-07    0.5257791E-08    0.1729306E-06    0.4089298E-06   -0.6783767E-07   -0.3994199E-07   -0.2501003E-03    0.8854102E-05    0.1441232E-03    0.6386210E-02    0.1398763E-03    0.7105559E-03    0.7039789E-03   -0.1172279E-03    0.2686785E-03   -0.2990320E-03   -0.5872522E-04   -0.2890794E-04    0.6089291E-06   -0.2453321E-08
   -0.2433553E-07    0.1626931E-06   -0.2605282E-07   -0.1385520E-05   -0.2424163E-05   -0.8429920E-06    0.1156540E-07    0.4447255E-02   -0.2030319E-04   -0.4151397E-03    0.4826850E-02    0.2050877E-03   -0.2757549E-02   -0.7881761E-02    0.2649084E-03   -0.2521128E-04   -0.2321595E-03    0.2389404E-02    0.4383764E-02   -0.2453321E-08    0.2084387E-05
