# omegabh2 omegach2 theta tau omegak logA ns calPlanck aps100 aps143 aps217 acib217 asz143 psr cibr xi aksz dust100 dust143 dust217 dust143x217 cal0 cal2
  5.1812102E-08  -2.8662109E-07   5.4458417E-08   3.4761954E-07  -3.1617682E-07   2.2052373E-07   8.1591882E-07   3.7788446E-08  -7.0045199E-04  -5.6847052E-04   1.2747000E-04  -2.5457562E-04   3.8984186E-05   1.5383106E-06  -3.2468611E-06   2.5963199E-06  -6.8692079E-05   8.7259175E-07  -1.1053717E-07   1.7269101E-06   1.7760928E-07   9.6053019E-09  -1.1114960E-08
 -2.8662109E-07   4.9370434E-06  -5.4628719E-07  -3.3901895E-06   4.7135246E-06   4.4214563E-06  -1.1210550E-05  -1.7149073E-07   1.4114693E-03   2.6879227E-03   3.2456176E-04   8.6213601E-04  -9.7662348E-05  -9.9107768E-07   1.1901736E-05  -1.3487285E-05   7.8831541E-05  -5.5787315E-06  -7.1619957E-06  -7.8772948E-06  -5.9853775E-06  -8.0881645E-08  -1.0728329E-09
  5.4458417E-08  -5.4628719E-07   2.4409700E-07   3.7133484E-07  -6.6151780E-07  -3.2870791E-07   1.5368192E-06  -2.0510482E-10  -1.3418485E-04  -3.8337711E-04  -3.6639922E-05  -1.4116239E-04   2.1399603E-05   1.3273611E-06  -2.2463969E-06   3.8930401E-06  -1.8106811E-05   8.0005912E-07   1.3673599E-06   9.9529335E-07   1.1760383E-06   1.0873629E-08  -9.1945355E-09
  3.4761954E-07  -3.3901895E-06   3.7133484E-07   4.8153314E-05  -3.1884882E-06   8.9002385E-05   1.0456856E-05   2.0694668E-07  -1.0747938E-02  -6.8561600E-03   3.4358586E-03  -3.5884780E-03   3.4924432E-04   4.4036257E-05  -1.0639627E-04   2.9911330E-05  -7.6140754E-04   2.3983313E-05  -2.1943495E-05   1.5406320E-05   2.0373777E-05   1.5943005E-07  -2.3807399E-07
 -3.1617682E-07   4.7135246E-06  -6.6151780E-07  -3.1884882E-06   6.4803510E-06   4.0108891E-06  -1.0941853E-05  -1.8170468E-07   1.8944598E-03   3.1953719E-03   5.4393051E-06   1.3513537E-03  -8.6679089E-05   8.0673431E-07   1.2881827E-05  -1.6816019E-05  -1.5751576E-05  -1.0222962E-05   4.6459622E-07  -1.2775200E-05  -3.9967884E-06  -1.1497994E-07   1.3988646E-08
  2.2052373E-07   4.4214563E-06  -3.2870791E-07   8.9002385E-05   4.0108891E-06   2.1788642E-04  -5.7221851E-06   1.2353133E-05  -1.6283938E-02  -6.8321309E-03   1.5665382E-02  -6.7932273E-03   9.1804005E-04   1.2114564E-04  -2.0883826E-04   9.1945736E-05  -2.9245641E-03   5.5615498E-06  -1.5203436E-04   4.5588494E-05   1.6159938E-05   9.0727214E-07  -3.8308462E-07
  8.1591882E-07  -1.1210550E-05   1.5368192E-06   1.0456856E-05  -1.0941853E-05  -5.7221851E-06   3.6893340E-05   5.4202664E-07  -2.6713379E-02  -1.3613162E-02   8.2238015E-03  -7.9651018E-03   8.4033550E-04   7.3463100E-05  -1.3871566E-04   9.3235486E-05  -2.3418860E-03   3.6489496E-05  -7.1802665E-06   4.7279637E-05   9.2875089E-06  -2.1359534E-07  -2.9862217E-07
  3.7788446E-08  -1.7149073E-07  -2.0510482E-10   2.0694668E-07  -1.8170468E-07   1.2353133E-05   5.4202664E-07   6.0936523E-06   1.8556806E-03   3.5860170E-04   1.3174735E-03   5.1330317E-04   1.4834924E-04   2.1049917E-06   1.3465712E-05   1.2313578E-05  -2.6832372E-04  -6.5504764E-06   4.1982938E-07   9.3147585E-06   1.0523354E-06   4.2137267E-08   6.6468970E-08
 -7.0045199E-04   1.4114693E-03  -1.3418485E-04  -1.0747938E-02   1.8944598E-03  -1.6283938E-02  -2.6713379E-02   1.8556806E-03   6.1663978E+02   6.2651828E+01  -5.3080159E+01   2.8089094E+01  -2.5712448E+01  -9.0582171E-01  -8.8076346E-03  -1.0306269E-01   1.3147969E+01  -2.6941557E-01   3.2023209E-01  -2.2443937E-01  -2.9159756E-01   6.5084713E-03   2.4910698E-03
 -5.6847052E-04   2.6879227E-03  -3.8337711E-04  -6.8561600E-03   3.1953719E-03  -6.8321309E-03  -1.3613162E-02   3.5860170E-04   6.2651828E+01   7.0849960E+01   7.3490201E+00   8.9488033E+00  -6.0683133E-01  -2.0418554E-02   4.8687527E-01   8.7096102E-01  -7.7727513E+00  -2.0041310E-02  -2.2747172E-01   1.7837341E-02   2.4726033E-02   8.0645164E-04   6.5414196E-04
  1.2747000E-04   3.2456176E-04  -3.6639922E-05   3.4358586E-03   5.4393051E-06   1.5665382E-02   8.2238015E-03   1.3174735E-03  -5.3080159E+01   7.3490201E+00   1.7292431E+02  -8.1435676E+01   2.5982741E+00   3.5258393E-01  -1.0079591E+00   3.1420760E-01  -7.4297226E+00  -1.2399523E-03  -2.5200396E-01   5.3341071E-01   1.9211676E-02   1.7360259E-03  -7.6669215E-03
 -2.5457562E-04   8.6213601E-04  -1.4116239E-04  -3.5884780E-03   1.3513537E-03  -6.7932273E-03  -7.9651018E-03   5.1330317E-04   2.8089094E+01   8.9488033E+00  -8.1435676E+01   5.1024533E+01   1.5653923E+00  -5.1152437E-02   6.9431455E-01  -2.2871637E-01  -2.4480452E+00   3.6880161E-04   1.4632301E-01  -4.3667159E-01  -1.2384361E-01  -6.2004903E-04   3.1003490E-03
  3.8984186E-05  -9.7662348E-05   2.1399603E-05   3.4924432E-04  -8.6679089E-05   9.1804005E-04   8.4033550E-04   1.4834924E-04  -2.5712448E+01  -6.0683133E-01   2.5982741E+00   1.5653923E+00   4.3066807E+00   1.0202198E-01   1.4075658E-01  -4.0736999E-02  -3.5503732E+00  -3.1341120E-03  -1.2239751E-02   1.1085775E-02   5.8367725E-02   4.4416400E-04  -2.2456361E-04
  1.5383106E-06  -9.9107768E-07   1.3273611E-06   4.4036257E-05   8.0673431E-07   1.2114564E-04   7.3463100E-05   2.1049917E-06  -9.0582171E-01  -2.0418554E-02   3.5258393E-01  -5.1152437E-02   1.0202198E-01   1.6747142E-02  -1.7387661E-02   1.1803578E-02  -1.0735664E-01  -1.3449115E-04  -1.4547374E-03  -2.6061494E-03   5.7226647E-03   1.5900365E-05  -3.9266557E-05
 -3.2468611E-06   1.1901736E-05  -2.2463969E-06  -1.0639627E-04   1.2881827E-05  -2.0883826E-04  -1.3871566E-04   1.3465712E-05  -8.8076346E-03   4.8687527E-01  -1.0079591E+00   6.9431455E-01   1.4075658E-01  -1.7387661E-02   6.7027565E-02   5.1610301E-03  -1.4205569E-01   7.3533375E-04   6.1823854E-03   1.2411193E-06  -1.8643637E-02  -5.6581448E-06   9.5052098E-05
  2.5963199E-06  -1.3487285E-05   3.8930401E-06   2.9911330E-05  -1.6816019E-05   9.1945736E-05   9.3235486E-05   1.2313578E-05  -1.0306269E-01   8.7096102E-01   3.1420760E-01  -2.2871637E-01  -4.0736999E-02   1.1803578E-02   5.1610301E-03   8.2217576E-02   3.7575565E-02   5.9961866E-04   6.4138219E-04   3.4284336E-04  -2.1511730E-04   1.5040704E-05  -1.3234378E-05
 -6.8692079E-05   7.8831541E-05  -1.8106811E-05  -7.6140754E-04  -1.5751576E-05  -2.9245641E-03  -2.3418860E-03  -2.6832372E-04   1.3147969E+01  -7.7727513E+00  -7.4297226E+00  -2.4480452E+00  -3.5503732E+00  -1.0735664E-01  -1.4205569E-01   3.7575565E-02   7.3979076E+00  -1.0385884E-02   5.7460671E-03  -5.5599517E-03  -4.8740073E-02  -3.6000502E-04   6.1596926E-05
  8.7259175E-07  -5.5787315E-06   8.0005912E-07   2.3983313E-05  -1.0222962E-05   5.5615498E-06   3.6489496E-05  -6.5504764E-06  -2.6941557E-01  -2.0041310E-02  -1.2399523E-03   3.6880161E-04  -3.1341120E-03  -1.3449115E-04   7.3533375E-04   5.9961866E-04  -1.0385884E-02   3.7750336E-02   2.6503049E-03  -3.3109451E-05   1.1020949E-04   3.6740881E-05  -5.5588317E-06
 -1.1053717E-07  -7.1619957E-06   1.3673599E-06  -2.1943495E-05   4.6459622E-07  -1.5203436E-04  -7.1802665E-06   4.1982938E-07   3.2023209E-01  -2.2747172E-01  -2.5200396E-01   1.4632301E-01  -1.2239751E-02  -1.4547374E-03   6.1823854E-03   6.4138219E-04   5.7460671E-03   2.6503049E-03   3.0349803E-02  -6.7235251E-04   5.0646743E-03  -7.9143504E-05  -4.2221769E-05
  1.7269101E-06  -7.8772948E-06   9.9529335E-07   1.5406320E-05  -1.2775200E-05   4.5588494E-05   4.7279637E-05   9.3147585E-06  -2.2443937E-01   1.7837341E-02   5.3341071E-01  -4.3667159E-01   1.1085775E-02  -2.6061494E-03   1.2411193E-06   3.4284336E-04  -5.5599517E-03  -3.3109451E-05  -6.7235251E-04   1.0389116E-02   8.2382548E-03   5.0233319E-06   6.2838733E-05
  1.7760928E-07  -5.9853775E-06   1.1760383E-06   2.0373777E-05  -3.9967884E-06   1.6159938E-05   9.2875089E-06   1.0523354E-06  -2.9159756E-01   2.4726033E-02   1.9211676E-02  -1.2384361E-01   5.8367725E-02   5.7226647E-03  -1.8643637E-02  -2.1511730E-04  -4.8740073E-02   1.1020949E-04   5.0646743E-03   8.2382548E-03   2.6217023E-02  -3.2191936E-06   5.3954405E-05
  9.6053019E-09  -8.0881645E-08   1.0873629E-08   1.5943005E-07  -1.1497994E-07   9.0727214E-07  -2.1359534E-07   4.2137267E-08   6.5084713E-03   8.0645164E-04   1.7360259E-03  -6.2004903E-04   4.4416400E-04   1.5900365E-05  -5.6581448E-06   1.5040704E-05  -3.6000502E-04   3.6740881E-05  -7.9143504E-05   5.0233319E-06  -3.2191936E-06   1.1115035E-06   2.1105930E-08
 -1.1114960E-08  -1.0728329E-09  -9.1945355E-09  -2.3807399E-07   1.3988646E-08  -3.8308462E-07  -2.9862217E-07   6.6468970E-08   2.4910698E-03   6.5414196E-04  -7.6669215E-03   3.1003490E-03  -2.2456361E-04  -3.9266557E-05   9.5052098E-05  -1.3234378E-05   6.1596926E-05  -5.5588317E-06  -4.2221769E-05   6.2838733E-05   5.3954405E-05   2.1105930E-08   2.4638308E-06
