# omegabh2 omegach2 theta tau w logA ns calPlanck alpha_JLA beta_JLA acib217 xi asz143 aps100 aps143 aps143217 aps217 aksz kgal100 kgal143 kgal143217 kgal217 galfTE100 galfTE100143 galfTE100217 galfTE143 galfTE143217 galfTE217 cal0 cal2
  1.9471753E-08  -6.7712032E-08   1.2509479E-08   2.4072174E-07   1.4248622E-06   4.2187586E-07   1.7632618E-07   1.1837004E-08  -4.1549044E-09   4.8195372E-08  -4.9417713E-05   2.0648643E-06   2.0914042E-05  -3.3409898E-04  -2.1880505E-04  -5.7489809E-05  -2.1296097E-05  -2.3641619E-05  -2.3489935E-06  -8.4186038E-06  -1.4941409E-05  -9.7470900E-06  -1.0800168E-07  -1.9015836E-08   1.8683300E-07  -2.0418003E-07  -3.1481740E-07  -1.6011763E-06   2.5418891E-09   4.0429795E-11
 -6.7712032E-08   1.0626947E-06  -7.8855906E-08  -2.6791681E-06  -1.8851983E-05  -3.2849652E-06  -2.4781493E-06  -2.0483285E-07   9.2615897E-08   2.4498257E-06  -7.8045314E-05  -2.6130519E-06  -1.0254676E-04   4.9982215E-04   7.3105202E-04   2.1413741E-04   2.4814021E-04   1.2035688E-04   2.3631906E-05  -3.0449297E-05   1.5375726E-05   1.2134580E-04  -6.3200613E-07  -4.4858979E-07  -4.6434137E-07   9.3112249E-07   4.0770173E-06   1.1457466E-05  -9.1083427E-09   7.8675735E-10
  1.2509479E-08  -7.8855906E-08   8.8219335E-08   3.1357705E-07   2.4268460E-06   6.0476643E-07   2.5358400E-07   3.8304698E-08  -3.3681023E-09  -3.8416413E-07   3.6503342E-05   1.6119026E-06   3.5829395E-06   8.0542477E-05  -2.1838797E-06   2.7546712E-05  -1.7542136E-05   7.5647164E-06  -9.5999440E-06  -5.9281618E-07  -1.6657549E-05  -5.9898497E-05  -2.3142102E-07  -4.2610865E-08  -1.4749509E-07  -3.1207376E-08  -7.0609108E-07  -7.3781679E-07   1.0469152E-09   1.2683308E-09
  2.4072174E-07  -2.6791681E-06   3.1357705E-07   4.5337123E-05   5.5732700E-05   8.1426543E-05   8.2757820E-06  -1.0873199E-06   5.2841829E-07   3.6749454E-06  -6.4401461E-04   4.7367098E-05   4.7608674E-04  -6.0090199E-03  -3.4600774E-03  -2.4358424E-04  -4.7857117E-04  -9.0960906E-04   1.8460519E-04   2.3654016E-04  -2.0586681E-05  -2.9174211E-04   2.1317773E-06   2.0110279E-06   6.4186134E-06  -2.8677149E-06  -1.6849534E-05  -7.3419371E-05  -1.4991209E-08  -2.6712134E-09
  1.4248622E-06  -1.8851983E-05   2.4268460E-06   5.5732700E-05   1.2667819E-03   7.5705307E-05   4.8406152E-05   3.1483786E-06  -1.2133347E-05  -2.7238272E-04  -4.5442216E-03   9.8406858E-06   2.5364063E-03  -5.8394949E-02  -1.8469476E-02  -4.4647968E-03   2.4764201E-03  -3.1254779E-03   1.2488049E-03   6.2943778E-04   6.2073108E-04   2.2649560E-03   3.9445904E-05   2.1819930E-05  -5.4268410E-05  -2.9351768E-06   5.2829579E-05   4.4466302E-06  -3.9596853E-07  -3.1754191E-08
  4.2187586E-07  -3.2849652E-06   6.0476643E-07   8.1426543E-05   7.5705307E-05   1.7724767E-04   9.8652064E-06   1.0216453E-05   9.2421330E-07   7.9815731E-06  -4.3959828E-04   1.3595506E-04   6.8816583E-04  -3.5926565E-03  -4.2298008E-03   1.4764134E-03   2.7894555E-03  -2.0480914E-03   8.0949589E-05  -4.2578209E-05  -3.4033842E-04   8.1967153E-04   5.4936806E-06  -1.6510243E-06  -7.1191170E-06  -5.7175023E-06  -2.2955608E-05  -1.5409975E-04   1.2905775E-07  -3.1140757E-08
  1.7632618E-07  -2.4781493E-06   2.5358400E-07   8.2757820E-06   4.8406152E-05   9.8652064E-06   1.4415162E-05   3.4510461E-07   9.4219783E-08  -7.0227427E-06  -3.6620628E-03   9.5911241E-05   8.3205134E-04  -1.8472737E-02  -6.1136145E-03   1.1830345E-03   3.9360071E-03  -2.0266503E-03   2.3917255E-04  -9.0883143E-05  -2.1993172E-04   9.2392696E-04  -6.1104922E-07  -1.7271263E-06  -4.7479090E-06  -5.8959554E-06  -1.0192240E-05  -4.0937720E-05  -7.2484749E-08  -3.0262025E-08
  1.1837004E-08  -2.0483285E-07   3.8304698E-08  -1.0873199E-06   3.1483786E-06   1.0216453E-05   3.4510461E-07   6.4035489E-06  -1.0726901E-07  -2.0062301E-06   1.1923657E-03  -2.6509215E-06  -1.0946775E-05   6.0302463E-03   4.4585774E-04  -1.4944015E-04   1.9233144E-04   7.1314977E-05  -1.5640760E-05   7.2337178E-05   1.1258052E-04   7.3038221E-04   1.5146117E-06  -1.8557045E-06  -9.4551335E-06  -2.0305125E-06  -1.9457866E-07  -1.5842448E-05   2.4569279E-08  -1.1278934E-08
 -4.1549044E-09   9.2615897E-08  -3.3681023E-09   5.2841829E-07  -1.2133347E-05   9.2421330E-07   9.4219783E-08  -1.0726901E-07   4.3368634E-05  -1.3949379E-05  -2.5448059E-04   3.4054684E-05  -2.3527478E-04   3.9368363E-03   7.4808145E-04   8.0207778E-05   1.0807587E-04   2.1674037E-04   2.4242091E-05  -1.0156003E-04  -9.2458451E-05  -1.8697684E-04  -1.0169700E-05  -2.5981551E-06   1.3100584E-05  -6.9656056E-06  -8.7501538E-07   5.9087578E-07  -5.5198155E-09  -1.9791478E-08
  4.8195372E-08   2.4498257E-06  -3.8416413E-07   3.6749454E-06  -2.7238272E-04   7.9815731E-06  -7.0227427E-06  -2.0062301E-06  -1.3949379E-05   6.3990920E-03   1.4294984E-03  -7.9454974E-04   3.1482320E-04   6.5703292E-03   7.2310055E-03  -1.0710741E-02   9.3073950E-04  -3.0467596E-03  -2.3940811E-04   1.5079300E-03   4.6599826E-03   7.1078877E-03  -4.9130997E-05  -4.2506588E-05   9.6167791E-05  -7.1529337E-05  -9.1631938E-05  -1.4623972E-04  -3.8717755E-07   3.2877050E-07
 -4.9417713E-05  -7.8045314E-05   3.6503342E-05  -6.4401461E-04  -4.5442216E-03  -4.3959828E-04  -3.6620628E-03   1.1923657E-03  -2.5448059E-04   1.4294984E-03   4.4072109E+01  -3.7478186E-01  -1.1850594E+00   3.6185790E+01   2.3913382E+00  -1.3119635E+01  -5.4790697E+01  -1.8446370E-01   2.1337874E-01   1.3324224E-01  -6.0845685E+00  -3.2824324E+01  -1.0815194E-03   2.3175154E-03   1.1192608E-03   3.4725997E-03   1.2096605E-02   6.6402000E-02  -2.5009622E-04   7.0215786E-04
  2.0648643E-06  -2.6130519E-06   1.6119026E-06   4.7367098E-05   9.8406858E-06   1.3595506E-04   9.5911241E-05  -2.6509215E-06   3.4054684E-05  -7.9454974E-04  -3.7478186E-01   8.1752772E-02  -4.0813793E-02  -5.9259529E-01   9.4842976E-01   1.7390679E+00   6.3801371E-01   3.3817619E-02  -7.1786587E-03   1.1144363E-02   1.0395954E-01   1.1835064E-01  -9.5776672E-05  -6.8117498E-06  -6.0355827E-04  -6.2255566E-05   3.5136240E-04   3.0496748E-04   4.5671382E-06  -3.2110297E-07
  2.0914042E-05  -1.0254676E-04   3.5829395E-06   4.7608674E-04   2.5364063E-03   6.8816583E-04   8.3205134E-04  -1.0946775E-05  -2.3527478E-04   3.1482320E-04  -1.1850594E+00  -4.0813793E-02   3.6515567E+00  -2.9482387E+01  -3.1071295E+00   7.1554602E+00   5.6201310E+00  -2.5693324E+00  -1.3653314E-01   1.8698196E-01   2.6203580E+00   3.4577034E+00   9.5570309E-04   3.8412057E-04   1.3352585E-03   1.2864120E-03  -2.4504395E-03  -8.2509516E-03   1.2312534E-04  -5.6742928E-05
 -3.3409898E-04   4.9982215E-04   8.0542477E-05  -6.0090199E-03  -5.8394949E-02  -3.5926565E-03  -1.8472737E-02   6.0302463E-03   3.9368363E-03   6.5703292E-03   3.6185790E+01  -5.9259529E-01  -2.9482387E+01   7.9592729E+02   7.0171719E+01  -5.1110453E+01  -5.8522378E+01   1.1963678E+01  -7.4179622E+00   6.0595485E+00  -1.1406846E+01  -2.3301075E+01   1.8965528E-02   5.0165363E-03  -1.8701698E-02   2.3189052E-03   6.2968624E-02   1.5787876E-01   3.8540692E-03   4.8859971E-04
 -2.1880505E-04   7.3105202E-04  -2.1838797E-06  -3.4600774E-03  -1.8469476E-02  -4.2298008E-03  -6.1136145E-03   4.4585774E-04   7.4808145E-04   7.2310055E-03   2.3913382E+00   9.4842976E-01  -3.1071295E+00   7.0171719E+01   6.2050404E+01   4.2591507E+01   1.5658133E+01  -5.3084713E+00  -7.2992773E-01  -1.3640340E+00   3.0175030E+00   2.7255087E+00   4.6744959E-03   5.1833826E-03  -1.5353471E-02   8.0432550E-03  -5.0731632E-03   4.3327083E-02   1.8380762E-04   9.3083144E-05
 -5.7489809E-05   2.1413741E-04   2.7546712E-05  -2.4358424E-04  -4.4647968E-03   1.4764134E-03   1.1830345E-03  -1.4944015E-04   8.0207778E-05  -1.0710741E-02  -1.3119635E+01   1.7390679E+00   7.1554602E+00  -5.1110453E+01   4.2591507E+01   8.6602446E+01   5.4072605E+01  -1.1807426E+01  -9.4369829E-01  -5.5957093E-01   4.6931963E+00   7.5954172E+00   5.7182016E-03   4.9459821E-03  -6.7246610E-03   1.1175293E-02  -1.6619563E-03  -1.9058548E-02   4.4419663E-04  -3.8373747E-04
 -2.1296097E-05   2.4814021E-04  -1.7542136E-05  -4.7857117E-04   2.4764201E-03   2.7894555E-03   3.9360071E-03   1.9233144E-04   1.0807587E-04   9.3073950E-04  -5.4790697E+01   6.3801371E-01   5.6201310E+00  -5.8522378E+01   1.5658133E+01   5.4072605E+01   1.0402311E+02  -9.2555503E+00  -8.1867330E-01  -6.8397228E-01   6.0103870E+00   3.3438111E+01   7.9272252E-03   5.0415965E-04  -4.9132509E-03   5.7041770E-03  -7.4017188E-03  -1.1964875E-01   5.1947641E-04  -1.3646210E-03
 -2.3641619E-05   1.2035688E-04   7.5647164E-06  -9.0960906E-04  -3.1254779E-03  -2.0480914E-03  -2.0266503E-03   7.1314977E-05   2.1674037E-04  -3.0467596E-03  -1.8446370E-01   3.3817619E-02  -2.5693324E+00   1.1963678E+01  -5.3084713E+00  -1.1807426E+01  -9.2555503E+00   5.7237797E+00   6.5917644E-02  -3.0572645E-01  -2.1395466E+00  -2.2885670E+00  -9.7915355E-04  -1.3609939E-04   2.0342599E-03  -3.1329445E-03   1.4764031E-03   4.8281022E-03  -9.2137843E-05   2.1363720E-05
 -2.3489935E-06   2.3631906E-05  -9.5999440E-06   1.8460519E-04   1.2488049E-03   8.0949589E-05   2.3917255E-04  -1.5640760E-05   2.4242091E-05  -2.3940811E-04   2.1337874E-01  -7.1786587E-03  -1.3653314E-01  -7.4179622E+00  -7.2992773E-01  -9.4369829E-01  -8.1867330E-01   6.5917644E-02   3.4069553E+00   5.9632953E-01   2.9705469E-01   2.7755187E-01  -8.3370305E-04   1.6839987E-03   4.9435430E-03  -2.4690054E-05  -9.0621273E-04  -8.3204379E-03   1.5842344E-04  -1.7062261E-05
 -8.4186038E-06  -3.0449297E-05  -5.9281618E-07   2.3654016E-04   6.2943778E-04  -4.2578209E-05  -9.0883143E-05   7.2337178E-05  -1.0156003E-04   1.5079300E-03   1.3324224E-01   1.1144363E-02   1.8698196E-01   6.0595485E+00  -1.3640340E+00  -5.5957093E-01  -6.8397228E-01  -3.0572645E-01   5.9632953E-01   3.2363980E+00   2.8360959E+00   3.1546922E+00   1.0382601E-03   6.0366670E-04   1.6493595E-03   1.4510989E-03  -9.5128419E-04  -8.7797193E-04  -1.5935596E-04  -6.8179982E-05
 -1.4941409E-05   1.5375726E-05  -1.6657549E-05  -2.0586681E-05   6.2073108E-04  -3.4033842E-04  -2.1993172E-04   1.1258052E-04  -9.2458451E-05   4.6599826E-03  -6.0845685E+00   1.0395954E-01   2.6203580E+00  -1.1406846E+01   3.0175030E+00   4.6931963E+00   6.0103870E+00  -2.1395466E+00   2.9705469E-01   2.8360959E+00   1.0684389E+01   1.9019118E+01   5.9937020E-04  -6.6158207E-04  -5.4645097E-03  -5.3227900E-04  -7.0018644E-03   1.8948770E-03   9.5308429E-05   3.4393690E-04
 -9.7470900E-06   1.2134580E-04  -5.9898497E-05  -2.9174211E-04   2.2649560E-03   8.1967153E-04   9.2392696E-04   7.3038221E-04  -1.8697684E-04   7.1078877E-03  -3.2824324E+01   1.1835064E-01   3.4577034E+00  -2.3301075E+01   2.7255087E+00   7.5954172E+00   3.3438111E+01  -2.2885670E+00   2.7755187E-01   3.1546922E+00   1.9019118E+01   5.2167628E+01   2.3083272E-04  -4.3791236E-03  -4.4051766E-03  -6.4497416E-03  -2.1454850E-02  -1.6824107E-02   2.9961112E-04   8.3928829E-04
 -1.0800168E-07  -6.3200613E-07  -2.3142102E-07   2.1317773E-06   3.9445904E-05   5.4936806E-06  -6.1104922E-07   1.5146117E-06  -1.0169700E-05  -4.9130997E-05  -1.0815194E-03  -9.5776672E-05   9.5570309E-04   1.8965528E-02   4.6744959E-03   5.7182016E-03   7.9272252E-03  -9.7915355E-04  -8.3370305E-04   1.0382601E-03   5.9937020E-04   2.3083272E-04   1.4333456E-03   2.6330530E-04   6.0377188E-05  -3.3267570E-04  -6.9673882E-05  -4.6542356E-05   8.1122667E-08  -3.3335840E-07
 -1.9015836E-08  -4.4858979E-07  -4.2610865E-08   2.0110279E-06   2.1819930E-05  -1.6510243E-06  -1.7271263E-06  -1.8557045E-06  -2.5981551E-06  -4.2506588E-05   2.3175154E-03  -6.8117498E-06   3.8412057E-04   5.0165363E-03   5.1833826E-03   4.9459821E-03   5.0415965E-04  -1.3609939E-04   1.6839987E-03   6.0366670E-04  -6.6158207E-04  -4.3791236E-03   2.6330530E-04   8.5591679E-04   3.5985815E-05   7.0813697E-04   6.5172446E-05  -6.3683248E-04  -2.3892024E-07  -4.4574069E-07
  1.8683300E-07  -4.6434137E-07  -1.4749509E-07   6.4186134E-06  -5.4268410E-05  -7.1191170E-06  -4.7479090E-06  -9.4551335E-06   1.3100584E-05   9.6167791E-05   1.1192608E-03  -6.0355827E-04   1.3352585E-03  -1.8701698E-02  -1.5353471E-02  -6.7246610E-03  -4.9132509E-03   2.0342599E-03   4.9435430E-03   1.6493595E-03  -5.4645097E-03  -4.4051766E-03   6.0377188E-05   3.5985815E-05   7.4563881E-03  -2.4921958E-04   5.8836617E-04   4.1378973E-03  -1.9688726E-07  -3.3149429E-07
 -2.0418003E-07   9.3112249E-07  -3.1207376E-08  -2.8677149E-06  -2.9351768E-06  -5.7175023E-06  -5.8959554E-06  -2.0305125E-06  -6.9656056E-06  -7.1529337E-05   3.4725997E-03  -6.2255566E-05   1.2864120E-03   2.3189052E-03   8.0432550E-03   1.1175293E-02   5.7041770E-03  -3.1329445E-03  -2.4690054E-05   1.4510989E-03  -5.3227900E-04  -6.4497416E-03  -3.3267570E-04   7.0813697E-04  -2.4921958E-04   2.7457877E-03   5.9250153E-04  -5.9104823E-04  -2.6334590E-07   1.8091711E-07
 -3.1481740E-07   4.0770173E-06  -7.0609108E-07  -1.6849534E-05   5.2829579E-05  -2.2955608E-05  -1.0192240E-05  -1.9457866E-07  -8.7501538E-07  -9.1631938E-05   1.2096605E-02   3.5136240E-04  -2.4504395E-03   6.2968624E-02  -5.0731632E-03  -1.6619563E-03  -7.4017188E-03   1.4764031E-03  -9.0621273E-04  -9.5128419E-04  -7.0018644E-03  -2.1454850E-02  -6.9673882E-05   6.5172446E-05   5.8836617E-04   5.9250153E-04   6.4092105E-03   7.9947499E-03   1.1692372E-06   7.5327949E-07
 -1.6011763E-06   1.1457466E-05  -7.3781679E-07  -7.3419371E-05   4.4466302E-06  -1.5409975E-04  -4.0937720E-05  -1.5842448E-05   5.9087578E-07  -1.4623972E-04   6.6402000E-02   3.0496748E-04  -8.2509516E-03   1.5787876E-01   4.3327083E-02  -1.9058548E-02  -1.1964875E-01   4.8281022E-03  -8.3204379E-03  -8.7797193E-04   1.8948770E-03  -1.6824107E-02  -4.6542356E-05  -6.3683248E-04   4.1378973E-03  -5.9104823E-04   7.9947499E-03   7.1284544E-02  -1.5059637E-06   1.9044444E-06
  2.5418891E-09  -9.1083427E-09   1.0469152E-09  -1.4991209E-08  -3.9596853E-07   1.2905775E-07  -7.2484749E-08   2.4569279E-08  -5.5198155E-09  -3.8717755E-07  -2.5009622E-04   4.5671382E-06   1.2312534E-04   3.8540692E-03   1.8380762E-04   4.4419663E-04   5.1947641E-04  -9.2137843E-05   1.5842344E-04  -1.5935596E-04   9.5308429E-05   2.9961112E-04   8.1122667E-08  -2.3892024E-07  -1.9688726E-07  -2.6334590E-07   1.1692372E-06  -1.5059637E-06   3.7130082E-07   9.0123287E-09
  4.0429795E-11   7.8675735E-10   1.2683308E-09  -2.6712134E-09  -3.1754191E-08  -3.1140757E-08  -3.0262025E-08  -1.1278934E-08  -1.9791478E-08   3.2877050E-07   7.0215786E-04  -3.2110297E-07  -5.6742928E-05   4.8859971E-04   9.3083144E-05  -3.8373747E-04  -1.3646210E-03   2.1363720E-05  -1.7062261E-05  -6.8179982E-05   3.4393690E-04   8.3928829E-04  -3.3335840E-07  -4.4574069E-07  -3.3149429E-07   1.8091711E-07   7.5327949E-07   1.9044444E-06   9.0123287E-09   3.7849240E-07
