# omegabh2 omegach2 theta tau yhe logA ns calPlanck acib217 xi asz143 aps100 aps143 aps143217 aps217 aksz kgal100 kgal143 kgal143217 kgal217 galfTE100 galfTE100143 galfTE100217 galfTE143 galfTE143217 galfTE217 cal0 cal2
  1.9660485E-08  -5.0844888E-08   1.4097364E-08   2.1278200E-07   1.3219875E-07   4.5141967E-07   2.0418494E-07   1.9088236E-08  -6.1959230E-05   1.2249107E-06   1.7941267E-05  -3.5156999E-04  -1.3940537E-04  -3.4563520E-05   1.7458686E-05  -3.5677906E-05  -2.4704374E-06  -7.7440088E-06  -3.7127250E-06   1.2604649E-05  -7.2041087E-08   3.0392976E-09  -5.6891271E-07  -1.2399029E-07  -5.0194984E-07  -2.5147207E-06   2.7156686E-09  -1.1007265E-10
 -5.0844888E-08   8.7135419E-07  -4.4116873E-08  -2.5151037E-06   1.6486368E-07  -3.2138786E-06  -1.9716671E-06  -1.3189322E-07   2.4855896E-04  -4.9824996E-06  -5.2030684E-05   1.5076552E-03   5.2672295E-04   1.1616687E-04  -9.3353066E-05   7.2927376E-05  -7.5667345E-06   1.0212884E-05   3.5593699E-05   5.1256775E-06   5.0317161E-07   4.5282538E-07   2.4255263E-06   9.0451656E-07   1.0191433E-06   1.0316457E-05  -1.4620791E-08   1.2948362E-08
  1.4097364E-08  -4.4116873E-08   9.5598558E-08   2.4655770E-07   4.0900766E-07   6.0482102E-07   3.8293295E-07   1.7673942E-08   3.3276596E-05  -1.2646293E-06  -2.3255455E-05   2.9666776E-04   9.2137408E-05  -1.7276586E-06   4.5549225E-06   8.9038491E-06   1.9226659E-06   4.1069474E-06  -1.4544244E-05  -4.0470629E-05  -6.3960734E-08  -1.6521226E-07   6.5165996E-08  -3.4974489E-07   5.6000359E-08  -2.6446740E-06   3.4836158E-09  -2.9383743E-10
  2.1278200E-07  -2.5151037E-06   2.4655770E-07   5.3654936E-05   7.5815221E-07   9.7731629E-05   8.5911896E-06  -1.6073431E-06  -1.9042740E-03   2.8424025E-05   1.4889945E-04  -1.1917244E-02  -4.1378798E-03  -1.6627457E-03  -7.1426741E-04  -2.6692612E-04   1.2055399E-04   5.3698670E-05  -3.4427339E-04   8.4455126E-05   1.4868698E-06  -5.2688353E-07  -1.1891163E-05  -3.3706765E-08  -5.4559655E-07  -2.7389671E-06  -1.0270011E-07   1.6119161E-09
  1.3219875E-07   1.6486368E-07   4.0900766E-07   7.5815221E-07   1.3983077E-05   4.1967832E-06   5.7177015E-06  -2.6716974E-07   1.4582707E-03  -1.7524092E-05  -4.9922938E-05   6.0264406E-03   2.7949941E-03   1.5484481E-03  -1.2851255E-04   2.7719807E-04   9.0924336E-05   1.9432641E-04   1.9896118E-04  -4.4260494E-04  -1.3953057E-06   5.0584469E-07  -9.2495259E-07   2.3564555E-06  -2.4189777E-06   9.7527268E-06   3.3459645E-08   1.6167473E-11
  4.5141967E-07  -3.2138786E-06   6.0482102E-07   9.7731629E-05   4.1967832E-06   2.0744427E-04   1.3421173E-05   8.3798632E-06  -3.9712766E-03   4.4308860E-05   3.8262783E-04  -2.0480250E-02  -5.4616171E-03  -3.1838390E-04   5.3701998E-03  -1.5915778E-03  -2.1999974E-04  -6.6160357E-04  -1.1624481E-03   1.6826225E-03   4.0867133E-06   7.3080851E-07  -1.8934651E-05  -4.8802564E-07  -1.5977315E-06   2.9456835E-05  -1.2639681E-07  -6.6768219E-08
  2.0418494E-07  -1.9716671E-06   3.8293295E-07   8.5911896E-06   5.7177015E-06   1.3421173E-05   1.5474048E-05   5.0109980E-07  -3.0527117E-03   1.0250464E-04   5.9341339E-04  -1.9751558E-02  -4.8576346E-03   1.8411435E-03   4.0294794E-03  -1.6471223E-03   3.9938398E-04  -2.6618226E-04  -6.2788730E-04  -1.5077963E-04  -1.8205247E-06  -1.2268828E-06  -5.8292561E-06  -7.8504594E-07   7.4286192E-06  -2.1348623E-05   1.3275084E-08  -1.2367131E-07
  1.9088236E-08  -1.3189322E-07   1.7673942E-08  -1.6073431E-06  -2.6716974E-07   8.3798632E-06   5.0109980E-07   5.9558051E-06   3.7540708E-04  -1.5153754E-05   8.3530555E-05   1.8650958E-03   4.8818253E-04   4.5522152E-04   1.9013355E-03  -2.2210449E-04  -5.0816741E-05  -1.4216992E-04  -1.2469596E-04   6.6115871E-04   1.2740349E-07   5.6702169E-07  -4.3009658E-07  -7.4155285E-07  -8.7810211E-08   1.2101619E-05  -1.0475072E-08  -4.3505432E-08
 -6.1959230E-05   2.4855896E-04   3.3276596E-05  -1.9042740E-03   1.4582707E-03  -3.9712766E-03  -3.0527117E-03   3.7540708E-04   4.3134909E+01  -3.4870550E-01  -1.0750891E+00   3.8473814E+01   1.4884734E+00  -1.3178432E+01  -5.3841154E+01   2.2537227E-01   1.3988456E-01   7.8862889E-01  -5.9291188E+00  -3.2706820E+01  -6.2353620E-03  -9.1498283E-04  -7.1739108E-03   2.5118073E-03  -1.2419880E-02   1.5697525E-02  -1.6445255E-04   6.7806529E-04
  1.2249107E-06  -4.9824996E-06  -1.2646293E-06   2.8424025E-05  -1.7524092E-05   4.4308860E-05   1.0250464E-04  -1.5153754E-05  -3.4870550E-01   8.1367514E-02  -3.0310380E-02  -6.8418421E-01   9.0685780E-01   1.7099960E+00   5.6211333E-01   3.7417834E-02  -1.2953580E-02   1.4284531E-03   1.1675384E-01   1.3989385E-01  -1.2605597E-04  -2.1499327E-04  -1.6987224E-04  -2.3859451E-04   3.4152948E-04   1.4644027E-04   4.7701233E-06   4.6325369E-06
  1.7941267E-05  -5.2030684E-05  -2.3255455E-05   1.4889945E-04  -4.9922938E-05   3.8262783E-04   5.9341339E-04   8.3530555E-05  -1.0750891E+00  -3.0310380E-02   3.7926235E+00  -2.9222765E+01  -3.0834690E+00   7.9708923E+00   5.7203766E+00  -2.6260644E+00  -2.1121463E-01   1.5336308E-01   2.6323808E+00   3.3849613E+00   8.6278370E-04   9.8186945E-04   7.9758328E-04   2.8992546E-06  -5.3970716E-04   1.5728982E-03   1.2972298E-04  -4.1790852E-05
 -3.5156999E-04   1.5076552E-03   2.9666776E-04  -1.1917244E-02   6.0264406E-03  -2.0480250E-02  -1.9751558E-02   1.8650958E-03   3.8473814E+01  -6.8418421E-01  -2.9222765E+01   7.6717254E+02   7.2869285E+01  -5.4810777E+01  -6.3674102E+01   1.3578704E+01  -4.9695338E+00   4.9192271E+00  -1.1592562E+01  -2.5241453E+01  -1.3164975E-02   7.2976154E-03  -3.5036384E-03   1.0275044E-02  -1.5697957E-02   2.2049786E-02   3.7422312E-03   5.5339656E-04
 -1.3940537E-04   5.2672295E-04   9.2137408E-05  -4.1378798E-03   2.7949941E-03  -5.4616171E-03  -4.8576346E-03   4.8818253E-04   1.4884734E+00   9.0685780E-01  -3.0834690E+00   7.2869285E+01   6.3964421E+01   4.1511957E+01   1.5537478E+01  -5.3888730E+00  -4.8297768E-01  -1.3496250E+00   4.3813607E+00   6.0027546E+00  -1.8011283E-03   4.3517380E-04  -8.7575544E-03  -4.7229628E-03   7.2355120E-03   3.9036861E-02   4.8234459E-05   1.3738663E-04
 -3.4563520E-05   1.1616687E-04  -1.7276586E-06  -1.6627457E-03   1.5484481E-03  -3.1838390E-04   1.8411435E-03   4.5522152E-04  -1.3178432E+01   1.7099960E+00   7.9708923E+00  -5.4810777E+01   4.1511957E+01   8.7448345E+01   5.3783270E+01  -1.1910589E+01  -9.0404728E-01  -8.8618415E-01   5.6497752E+00   9.4052498E+00  -1.3275597E-03  -2.6346820E-03  -7.5582216E-03  -6.7443568E-03   1.7635549E-02   3.0127043E-02   5.0006929E-04  -2.8066505E-04
  1.7458686E-05  -9.3353066E-05   4.5549225E-06  -7.1426741E-04  -1.2851255E-04   5.3701998E-03   4.0294794E-03   1.9013355E-03  -5.3841154E+01   5.6211333E-01   5.7203766E+00  -6.3674102E+01   1.5537478E+01   5.3783270E+01   1.0405474E+02  -9.6824403E+00  -5.8676251E-01  -1.8301102E+00   5.5311362E+00   3.2688535E+01   1.1059815E-02   3.0758167E-03   4.0398894E-03  -5.5935294E-03   3.0122076E-02  -1.2756821E-02   4.6965297E-04  -1.3378313E-03
 -3.5677906E-05   7.2927376E-05   8.9038491E-06  -2.6692612E-04   2.7719807E-04  -1.5915778E-03  -1.6471223E-03  -2.2210449E-04   2.2537227E-01   3.7417834E-02  -2.6260644E+00   1.3578704E+01  -5.3888730E+00  -1.1910589E+01  -9.6824403E+00   5.7257124E+00   6.5139532E-02  -1.2150035E-01  -2.1305920E+00  -2.5474224E+00  -1.6256487E-03  -1.6277497E-03   4.1766843E-03  -2.1806731E-03  -3.3426365E-03   7.7788044E-04  -9.6667778E-05   4.5263059E-05
 -2.4704374E-06  -7.5667345E-06   1.9226659E-06   1.2055399E-04   9.0924336E-05  -2.1999974E-04   3.9938398E-04  -5.0816741E-05   1.3988456E-01  -1.2953580E-02  -2.1121463E-01  -4.9695338E+00  -4.8297768E-01  -9.0404728E-01  -5.8676251E-01   6.5139532E-02   3.3976348E+00   6.1616299E-01   1.4607323E-01   1.3891054E-01  -2.4462686E-04   9.2728504E-04   3.0635769E-03  -4.3790699E-04   1.9543755E-03  -1.5007841E-03   1.7934617E-04   1.3843233E-05
 -7.7440088E-06   1.0212884E-05   4.1069474E-06   5.3698670E-05   1.9432641E-04  -6.6160357E-04  -2.6618226E-04  -1.4216992E-04   7.8862889E-01   1.4284531E-03   1.5336308E-01   4.9192271E+00  -1.3496250E+00  -8.8618415E-01  -1.8301102E+00  -1.2150035E-01   6.1616299E-01   3.0928773E+00   2.5620055E+00   2.4597609E+00   3.4428610E-05  -5.0152681E-04   5.2057878E-04  -3.7955816E-04   2.9657412E-04   9.3523068E-03  -1.7284346E-04  -1.5931284E-05
 -3.7127250E-06   3.5593699E-05  -1.4544244E-05  -3.4427339E-04   1.9896118E-04  -1.1624481E-03  -6.2788730E-04  -1.2469596E-04  -5.9291188E+00   1.1675384E-01   2.6323808E+00  -1.1592562E+01   4.3813607E+00   5.6497752E+00   5.5311362E+00  -2.1305920E+00   1.4607323E-01   2.5620055E+00   1.0937419E+01   1.9656912E+01   3.2800658E-03   2.0751239E-03   1.9139355E-03  -3.8917216E-04   3.3596569E-03   1.5589810E-02  -2.4280189E-05   4.4463905E-04
  1.2604649E-05   5.1256775E-06  -4.0470629E-05   8.4455126E-05  -4.4260494E-04   1.6826225E-03  -1.5077963E-04   6.6115871E-04  -3.2706820E+01   1.3989385E-01   3.3849613E+00  -2.5241453E+01   6.0027546E+00   9.4052498E+00   3.2688535E+01  -2.5474224E+00   1.3891054E-01   2.4597609E+00   1.9656912E+01   5.3909736E+01   8.4537856E-03   4.6505173E-03   1.1621052E-02   1.4596182E-04   7.9283194E-03   2.8243028E-02   7.7251487E-06   9.7712488E-04
 -7.2041087E-08   5.0317161E-07  -6.3960734E-08   1.4868698E-06  -1.3953057E-06   4.0867133E-06  -1.8205247E-06   1.2740349E-07  -6.2353620E-03  -1.2605597E-04   8.6278370E-04  -1.3164975E-02  -1.8011283E-03  -1.3275597E-03   1.1059815E-02  -1.6256487E-03  -2.4462686E-04   3.4428610E-05   3.2800658E-03   8.4537856E-03   1.3984051E-03   2.7575991E-04   1.0417539E-04  -3.3465711E-04  -7.1769365E-05  -1.1767035E-04   2.9141568E-07   3.1091585E-07
  3.0392976E-09   4.5282538E-07  -1.6521226E-07  -5.2688353E-07   5.0584469E-07   7.3080851E-07  -1.2268828E-06   5.6702169E-07  -9.1498283E-04  -2.1499327E-04   9.8186945E-04   7.2976154E-03   4.3517380E-04  -2.6346820E-03   3.0758167E-03  -1.6277497E-03   9.2728504E-04  -5.0152681E-04   2.0751239E-03   4.6505173E-03   2.7575991E-04   8.5958154E-04   2.6506955E-05   7.2270105E-04   7.3809370E-05  -8.8760572E-04   2.6729230E-07  -1.0368949E-07
 -5.6891271E-07   2.4255263E-06   6.5165996E-08  -1.1891163E-05  -9.2495259E-07  -1.8934651E-05  -5.8292561E-06  -4.3009658E-07  -7.1739108E-03  -1.6987224E-04   7.9758328E-04  -3.5036384E-03  -8.7575544E-03  -7.5582216E-03   4.0398894E-03   4.1766843E-03   3.0635769E-03   5.2057878E-04   1.9139355E-03   1.1621052E-02   1.0417539E-04   2.6506955E-05   7.3997839E-03  -2.2435846E-04   6.7522966E-04   4.5691837E-03   2.6806231E-07   9.2995370E-07
 -1.2399029E-07   9.0451656E-07  -3.4974489E-07  -3.3706765E-08   2.3564555E-06  -4.8802564E-07  -7.8504594E-07  -7.4155285E-07   2.5118073E-03  -2.3859451E-04   2.8992546E-06   1.0275044E-02  -4.7229628E-03  -6.7443568E-03  -5.5935294E-03  -2.1806731E-03  -4.3790699E-04  -3.7955816E-04  -3.8917216E-04   1.4596182E-04  -3.3465711E-04   7.2270105E-04  -2.2435846E-04   2.8546602E-03   6.1212674E-04  -9.7139805E-04   8.7886696E-07  -5.5344371E-07
 -5.0194984E-07   1.0191433E-06   5.6000359E-08  -5.4559655E-07  -2.4189777E-06  -1.5977315E-06   7.4286192E-06  -8.7810211E-08  -1.2419880E-02   3.4152948E-04  -5.3970716E-04  -1.5697957E-02   7.2355120E-03   1.7635549E-02   3.0122076E-02  -3.3426365E-03   1.9543755E-03   2.9657412E-04   3.3596569E-03   7.9283194E-03  -7.1769365E-05   7.3809370E-05   6.7522966E-04   6.1212674E-04   6.4921504E-03   8.2086976E-03   6.3004160E-07  -1.1841464E-06
 -2.5147207E-06   1.0316457E-05  -2.6446740E-06  -2.7389671E-06   9.7527268E-06   2.9456835E-05  -2.1348623E-05   1.2101619E-05   1.5697525E-02   1.4644027E-04   1.5728982E-03   2.2049786E-02   3.9036861E-02   3.0127043E-02  -1.2756821E-02   7.7788044E-04  -1.5007841E-03   9.3523068E-03   1.5589810E-02   2.8243028E-02  -1.1767035E-04  -8.8760572E-04   4.5691837E-03  -9.7139805E-04   8.2086976E-03   7.2485587E-02  -5.3402616E-06   2.2783939E-06
  2.7156686E-09  -1.4620791E-08   3.4836158E-09  -1.0270011E-07   3.3459645E-08  -1.2639681E-07   1.3275084E-08  -1.0475072E-08  -1.6445255E-04   4.7701233E-06   1.2972298E-04   3.7422312E-03   4.8234459E-05   5.0006929E-04   4.6965297E-04  -9.6667778E-05   1.7934617E-04  -1.7284346E-04  -2.4280189E-05   7.7251487E-06   2.9141568E-07   2.6729230E-07   2.6806231E-07   8.7886696E-07   6.3004160E-07  -5.3402616E-06   3.7359659E-07   1.1875522E-09
 -1.1007265E-10   1.2948362E-08  -2.9383743E-10   1.6119161E-09   1.6167473E-11  -6.6768219E-08  -1.2367131E-07  -4.3505432E-08   6.7806529E-04   4.6325369E-06  -4.1790852E-05   5.5339656E-04   1.3738663E-04  -2.8066505E-04  -1.3378313E-03   4.5263059E-05   1.3843233E-05  -1.5931284E-05   4.4463905E-04   9.7712488E-04   3.1091585E-07  -1.0368949E-07   9.2995370E-07  -5.5344371E-07  -1.1841464E-06   2.2783939E-06   1.1875522E-09   3.8370819E-07
