# omegabh2 omegach2 theta tau logA ns nrun calPlanck acib217 xi asz143 aps100 aps143 aps143217 aps217 aksz kgal100 kgal143 kgal143217 kgal217 galfTE100 galfTE100143 galfTE100217 galfTE143 galfTE143217 galfTE217 cal0 cal2
  2.1779585E-08  -8.8168166E-08   1.5528334E-08   3.5209724E-07   6.5436537E-07   1.9152120E-07  -2.5228147E-07   1.2808954E-08  -2.8043588E-05   9.7646172E-08   1.0148059E-05  -2.0760513E-04  -1.3373511E-04  -6.1397410E-05  -6.0434859E-06  -1.6926463E-05   1.1391834E-06  -7.5877325E-06  -1.6602122E-05  -2.4108258E-05   1.6589798E-07  -4.4302482E-08   2.9893090E-07  -3.1007688E-07  -7.2668272E-07  -1.4707985E-06   4.0064118E-09  -1.6586214E-09
 -8.8168166E-08   1.3887575E-06  -1.0794390E-07  -3.3578680E-06  -3.8544592E-06  -3.4276782E-06  -8.1053213E-07  -2.8203512E-07   3.3501469E-04  -8.2574049E-06  -1.1861424E-04   1.8727105E-03   1.2347818E-03   4.0791063E-04   2.6204328E-05   1.5783502E-04  -2.4668373E-05   2.3952128E-06   2.0204794E-05  -8.3429798E-05  -9.7899677E-07   3.4639155E-07   1.2197412E-07   1.4851127E-06   2.8018479E-06   1.0569625E-05  -8.4409537E-09   3.5539155E-12
  1.5528334E-08  -1.0794390E-07   9.6853000E-08   3.6256571E-07   5.6057494E-07   3.7128648E-07   1.3873037E-08   5.1055703E-11  -7.1680549E-06  -1.5170757E-06   2.0967828E-05  -3.7360940E-04  -1.0546332E-04  -3.5540192E-06   2.2435992E-05  -2.3174741E-05   1.1973129E-06  -5.0745776E-06  -1.1219650E-05  -2.1570934E-05   4.2784707E-07   2.8145894E-07  -3.1770690E-07  -5.6337096E-08  -8.7411980E-07  -2.0179087E-06  -1.2140452E-09  -2.3974803E-09
  3.5209724E-07  -3.3578680E-06   3.6256571E-07   5.5960504E-05   1.0234738E-04   9.9930611E-06  -6.9000206E-06  -1.3230474E-06  -1.2739640E-03   1.5622895E-05   2.1650373E-04  -8.5610942E-03  -3.0892480E-03  -1.0434823E-03  -4.8094889E-04  -4.4584577E-04   5.2261379E-05   6.5387370E-05   4.0589814E-05   3.0227960E-04   5.4107001E-06  -9.2016339E-07  -6.4864035E-06  -4.2557804E-06  -3.7078534E-06  -2.1880324E-05  -3.0107163E-08   1.0339646E-07
  6.5436537E-07  -3.8544592E-06   5.6057494E-07   1.0234738E-04   2.2115186E-04   9.5432415E-06  -2.4882668E-05   8.9942758E-06  -1.2989208E-04   2.3613976E-05  -4.3277972E-04   4.3531143E-04   2.0365227E-03   1.1581252E-03   3.3480522E-03  -4.4829845E-04  -1.2871045E-04  -6.5953848E-04  -6.1508090E-04   9.8385743E-04   1.7006831E-05  -1.4806010E-06  -1.5649463E-05  -9.4306563E-06  -1.0742573E-05  -2.1201409E-05   1.0398643E-07   2.9644817E-07
  1.9152120E-07  -3.4276782E-06   3.7128648E-07   9.9930611E-06   9.5432415E-06   1.9115308E-05   9.0324180E-06   5.2746555E-07  -6.1040951E-03   1.3032070E-04   1.4677907E-03  -3.2796425E-02  -1.0466890E-02   1.4422681E-03   6.1901492E-03  -3.1683739E-03   3.1461718E-04  -3.8719716E-04  -4.1450973E-04   1.6804909E-03   8.0844130E-07  -1.0719089E-06   3.3936318E-06  -3.7651124E-06  -2.6265594E-06  -1.2405431E-05  -9.6683625E-08  -8.7766185E-08
 -2.5228147E-07  -8.1053213E-07   1.3873037E-08  -6.9000206E-06  -2.4882668E-05   9.0324180E-06   4.4437554E-05   4.2866122E-07  -6.7000205E-03   1.5347013E-04   2.0189165E-03  -3.0635070E-02  -1.4345937E-02  -6.6444936E-04   4.0929494E-03  -3.4359171E-03  -2.3247387E-04  -1.7886194E-04   4.1814654E-05   2.1413694E-03  -4.9122333E-06  -1.5869834E-06  -1.2011248E-05   3.2813347E-06   2.0553102E-06  -6.4506346E-06  -1.2594558E-07  -2.5332934E-07
  1.2808954E-08  -2.8203512E-07   5.1055703E-11  -1.3230474E-06   8.9942758E-06   5.2746555E-07   4.2866122E-07   6.1858354E-06   7.3322723E-04   3.8714920E-06  -1.0995146E-04   5.3381510E-03   1.0517862E-03   2.0563268E-04   1.0501658E-03   4.9919807E-05   1.2339662E-05  -1.3422341E-04  -1.1278982E-04   7.0496772E-04   3.4931124E-06  -4.3698093E-07  -2.3272459E-06  -1.5755541E-06  -3.5399432E-06  -2.6440946E-06   5.5563937E-09   4.1688613E-08
 -2.8043588E-05   3.3501469E-04  -7.1680549E-06  -1.2739640E-03  -1.2989208E-04  -6.1040951E-03  -6.7000205E-03   7.3322723E-04   4.4107122E+01  -3.8864237E-01  -8.7423189E-01   3.9224527E+01   4.2448646E+00  -1.1241575E+01  -5.2459353E+01   5.0213248E-02   6.3338832E-03   4.3968588E-01  -5.6431497E+00  -3.2294878E+01   6.4724437E-04   9.6113090E-04   4.9961281E-04   4.0277286E-03  -9.6885605E-03   3.2642249E-02  -1.3555421E-04   8.2674505E-04
  9.7646172E-08  -8.2574049E-06  -1.5170757E-06   1.5622895E-05   2.3613976E-05   1.3032070E-04   1.5347013E-04   3.8714920E-06  -3.8864237E-01   8.0350539E-02  -4.1003034E-02  -4.9604433E-01   8.6691285E-01   1.6325831E+00   6.1312240E-01   2.3634121E-02  -2.0183827E-02   2.0473435E-02   1.1164975E-01   1.5203462E-01  -6.3469201E-05   5.1184578E-05  -4.9312941E-04   1.4417022E-04  -6.7155255E-05   1.6888524E-03   1.7842697E-06  -1.2390786E-06
  1.0148059E-05  -1.1861424E-04   2.0967828E-05   2.1650373E-04  -4.3277972E-04   1.4677907E-03   2.0189165E-03  -1.0995146E-04  -8.7423189E-01  -4.1003034E-02   4.0445116E+00  -3.3622299E+01  -4.0937534E+00   7.9095917E+00   5.5460416E+00  -3.0905842E+00  -5.3911455E-02   2.2529104E-01   2.6499350E+00   3.2015756E+00  -1.2246516E-03  -2.0257807E-03   6.9937692E-03  -2.5552396E-03   1.9040936E-03  -7.1048973E-03   9.7316869E-05  -2.4116569E-05
 -2.0760513E-04   1.8727105E-03  -3.7360940E-04  -8.5610942E-03   4.3531143E-04  -3.2796425E-02  -3.0635070E-02   5.3381510E-03   3.9224527E+01  -4.9604433E-01  -3.3622299E+01   8.0833701E+02   8.0796984E+01  -5.5456175E+01  -6.4321254E+01   1.8523260E+01  -7.1081596E+00   5.8012774E+00  -1.2568427E+01  -2.4095309E+01   1.8667908E-02   1.8340646E-02  -1.0424543E-01   3.1501929E-02  -2.7420646E-02   8.6124919E-02   3.7797596E-03   6.6454518E-04
 -1.3373511E-04   1.2347818E-03  -1.0546332E-04  -3.0892480E-03   2.0365227E-03  -1.0466890E-02  -1.4345937E-02   1.0517862E-03   4.2448646E+00   8.6691285E-01  -4.0937534E+00   8.0796984E+01   6.6667376E+01   3.9795739E+01   1.3149175E+01  -3.7433938E+00  -5.4753316E-01  -1.2312386E+00   3.5546339E+00   4.1863735E+00   3.8679940E-03   7.0133539E-03  -2.4467672E-02   8.9090189E-03   8.6101605E-03   2.4578501E-02   3.1348008E-05   3.0342796E-04
 -6.1397410E-05   4.0791063E-04  -3.5540192E-06  -1.0434823E-03   1.1581252E-03   1.4422681E-03  -6.6444936E-04   2.0563268E-04  -1.1241575E+01   1.6325831E+00   7.9095917E+00  -5.5456175E+01   3.9795739E+01   8.5088605E+01   5.2235433E+01  -1.2767974E+01  -7.0478598E-01  -2.9949651E-01   5.0688502E+00   7.6829846E+00  -4.4731412E-03  -2.0202729E-04  -1.2017136E-02   3.2451402E-03   9.9035573E-03   1.3506424E-02   3.6708149E-04  -2.4519469E-04
 -6.0434859E-06   2.6204328E-05   2.2435992E-05  -4.8094889E-04   3.3480522E-03   6.1901492E-03   4.0929494E-03   1.0501658E-03  -5.2459353E+01   6.1312240E-01   5.5460416E+00  -6.4321254E+01   1.3149175E+01   5.2235433E+01   1.0037884E+02  -1.0052869E+01  -2.3231303E-01  -1.0898064E+00   5.1617068E+00   3.1092905E+01  -1.1516733E-03   2.3794089E-04  -1.2460805E-02  -3.1393898E-03   1.4093190E-02  -4.0013004E-02   3.1662892E-04  -1.3647662E-03
 -1.6926463E-05   1.5783502E-04  -2.3174741E-05  -4.4584577E-04  -4.4829845E-04  -3.1683739E-03  -3.4359171E-03   4.9919807E-05   5.0213248E-02   2.3634121E-02  -3.0905842E+00   1.8523260E+01  -3.7433938E+00  -1.2767974E+01  -1.0052869E+01   6.5696537E+00   1.6540306E-02  -2.6210166E-01  -2.1704810E+00  -2.3682338E+00   1.5890627E-03   6.4887559E-04  -2.0659479E-03   1.1567163E-03  -3.2412776E-03   8.5060784E-04  -5.0506238E-05  -3.9083653E-06
  1.1391834E-06  -2.4668373E-05   1.1973129E-06   5.2261379E-05  -1.2871045E-04   3.1461718E-04  -2.3247387E-04   1.2339662E-05   6.3338832E-03  -2.0183827E-02  -5.3911455E-02  -7.1081596E+00  -5.4753316E-01  -7.0478598E-01  -2.3231303E-01   1.6540306E-02   3.2969375E+00   5.6040769E-01   2.3436310E-01   2.6457672E-01  -8.3849915E-05   9.0375025E-04   2.4864615E-04   1.0414290E-03   8.3432117E-04  -1.0924142E-02   1.8070134E-04  -8.8363303E-08
 -7.5877325E-06   2.3952128E-06  -5.0745776E-06   6.5387370E-05  -6.5953848E-04  -3.8719716E-04  -1.7886194E-04  -1.3422341E-04   4.3968588E-01   2.0473435E-02   2.2529104E-01   5.8012774E+00  -1.2312386E+00  -2.9949651E-01  -1.0898064E+00  -2.6210166E-01   5.6040769E-01   3.2638595E+00   2.8668947E+00   2.9552194E+00   1.0673667E-03  -2.5155051E-04  -2.5967843E-03   1.3927614E-03  -2.4452503E-03  -6.6733330E-03  -1.6271174E-04  -3.1782874E-05
 -1.6602122E-05   2.0204794E-05  -1.1219650E-05   4.0589814E-05  -6.1508090E-04  -4.1450973E-04   4.1814654E-05  -1.1278982E-04  -5.6431497E+00   1.1164975E-01   2.6499350E+00  -1.2568427E+01   3.5546339E+00   5.0688502E+00   5.1617068E+00  -2.1704810E+00   2.3436310E-01   2.8668947E+00   1.0904576E+01   1.9295036E+01   1.2930890E-03  -2.4292201E-03   5.6870940E-03  -3.3633871E-03   2.6455690E-03   2.5133671E-03  -3.7063618E-05   4.1061918E-04
 -2.4108258E-05  -8.3429798E-05  -2.1570934E-05   3.0227960E-04   9.8385743E-04   1.6804909E-03   2.1413694E-03   7.0496772E-04  -3.2294878E+01   1.5203462E-01   3.2015756E+00  -2.4095309E+01   4.1863735E+00   7.6829846E+00   3.1092905E+01  -2.3682338E+00   2.6457672E-01   2.9552194E+00   1.9295036E+01   5.2683992E+01   2.6681043E-03  -3.4600727E-03   1.1109381E-02  -6.0405560E-03   9.2200568E-03  -1.3229109E-02   4.2520698E-05   8.4359504E-04
  1.6589798E-07  -9.7899677E-07   4.2784707E-07   5.4107001E-06   1.7006831E-05   8.0844130E-07  -4.9122333E-06   3.4931124E-06   6.4724437E-04  -6.3469201E-05  -1.2246516E-03   1.8667908E-02   3.8679940E-03  -4.4731412E-03  -1.1516733E-03   1.5890627E-03  -8.3849915E-05   1.0673667E-03   1.2930890E-03   2.6681043E-03   1.4599270E-03   2.4382943E-04   1.4523362E-04  -4.0982994E-04  -1.2555854E-04  -2.3239752E-04  -5.8384483E-07   2.7014985E-07
 -4.4302482E-08   3.4639155E-07   2.8145894E-07  -9.2016339E-07  -1.4806010E-06  -1.0719089E-06  -1.5869834E-06  -4.3698093E-07   9.6113090E-04   5.1184578E-05  -2.0257807E-03   1.8340646E-02   7.0133539E-03  -2.0202729E-04   2.3794089E-04   6.4887559E-04   9.0375025E-04  -2.5155051E-04  -2.4292201E-03  -3.4600727E-03   2.4382943E-04   8.6518427E-04   8.5244949E-05   7.4122085E-04  -4.4397027E-07  -7.7418509E-04  -2.2707050E-07   1.5651457E-08
  2.9893090E-07   1.2197412E-07  -3.1770690E-07  -6.4864035E-06  -1.5649463E-05   3.3936318E-06  -1.2011248E-05  -2.3272459E-06   4.9961281E-04  -4.9312941E-04   6.9937692E-03  -1.0424543E-01  -2.4467672E-02  -1.2017136E-02  -1.2460805E-02  -2.0659479E-03   2.4864615E-04  -2.5967843E-03   5.6870940E-03   1.1109381E-02   1.4523362E-04   8.5244949E-05   7.2839395E-03  -1.9557425E-04   6.5405415E-04   4.2431174E-03  -4.6002942E-07   1.3880055E-06
 -3.1007688E-07   1.4851127E-06  -5.6337096E-08  -4.2557804E-06  -9.4306563E-06  -3.7651124E-06   3.2813347E-06  -1.5755541E-06   4.0277286E-03   1.4417022E-04  -2.5552396E-03   3.1501929E-02   8.9090189E-03   3.2451402E-03  -3.1393898E-03   1.1567163E-03   1.0414290E-03   1.3927614E-03  -3.3633871E-03  -6.0405560E-03  -4.0982994E-04   7.4122085E-04  -1.9557425E-04   2.9256108E-03   5.3501137E-04  -1.0952996E-03   5.3727991E-07  -6.2504560E-07
 -7.2668272E-07   2.8018479E-06  -8.7411980E-07  -3.7078534E-06  -1.0742573E-05  -2.6265594E-06   2.0553102E-06  -3.5399432E-06  -9.6885605E-03  -6.7155255E-05   1.9040936E-03  -2.7420646E-02   8.6101605E-03   9.9035573E-03   1.4093190E-02  -3.2412776E-03   8.3432117E-04  -2.4452503E-03   2.6455690E-03   9.2200568E-03  -1.2555854E-04  -4.4397027E-07   6.5405415E-04   5.3501137E-04   6.4556287E-03   8.3042861E-03   9.3674428E-07  -2.0375371E-07
 -1.4707985E-06   1.0569625E-05  -2.0179087E-06  -2.1880324E-05  -2.1201409E-05  -1.2405431E-05  -6.4506346E-06  -2.6440946E-06   3.2642249E-02   1.6888524E-03  -7.1048973E-03   8.6124919E-02   2.4578501E-02   1.3506424E-02  -4.0013004E-02   8.5060784E-04  -1.0924142E-02  -6.6733330E-03   2.5133671E-03  -1.3229109E-02  -2.3239752E-04  -7.7418509E-04   4.2431174E-03  -1.0952996E-03   8.3042861E-03   7.0408834E-02   1.0779829E-06   1.6149580E-06
  4.0064118E-09  -8.4409537E-09  -1.2140452E-09  -3.0107163E-08   1.0398643E-07  -9.6683625E-08  -1.2594558E-07   5.5563937E-09  -1.3555421E-04   1.7842697E-06   9.7316869E-05   3.7797596E-03   3.1348008E-05   3.6708149E-04   3.1662892E-04  -5.0506238E-05   1.8070134E-04  -1.6271174E-04  -3.7063618E-05   4.2520698E-05  -5.8384483E-07  -2.2707050E-07  -4.6002942E-07   5.3727991E-07   9.3674428E-07   1.0779829E-06   3.7226225E-07  -3.9802289E-09
 -1.6586214E-09   3.5539155E-12  -2.3974803E-09   1.0339646E-07   2.9644817E-07  -8.7766185E-08  -2.5332934E-07   4.1688613E-08   8.2674505E-04  -1.2390786E-06  -2.4116569E-05   6.6454518E-04   3.0342796E-04  -2.4519469E-04  -1.3647662E-03  -3.9083653E-06  -8.8363303E-08  -3.1782874E-05   4.1061918E-04   8.4359504E-04   2.7014985E-07   1.5651457E-08   1.3880055E-06  -6.2504560E-07  -2.0375371E-07   1.6149580E-06  -3.9802289E-09   3.7793847E-07
