# omegabh2 omegach2 theta tau nnu logA ns calPlanck aps100 aps143 aps217 acib217 asz143 psr cibr xi aksz dust100 dust143 dust217 dust143x217 cal0 cal2 calTE calEE
  3.1218597E-08   2.0079855E-07  -1.6618611E-08   1.9537827E-07   1.6089442E-05   1.0346799E-06   7.0743320E-07   1.3744901E-08  -4.1186331E-05  -1.8859728E-05   2.6987017E-06  -9.8763366E-06   8.5561104E-06   3.9048637E-07  -6.1094098E-08   6.9471442E-07  -1.5901276E-06   6.2343062E-07  -2.3227502E-07   3.2435251E-07   4.3236036E-07   5.1523120E-09   4.0259312E-09   4.6662460E-09  -7.8788695E-08
  2.0079855E-07   6.8078149E-06  -7.1678030E-07  -5.3262084E-07   3.7137172E-04   1.6887817E-05   1.0005293E-05  -1.9558005E-08   8.0374336E-03   5.1597790E-03  -1.2772184E-03   2.5401775E-03  -1.6108136E-04  -1.0118952E-05   4.5554155E-05  -2.3824081E-05   5.1235231E-04   1.5803616E-05   6.8439658E-06  -1.1064526E-05   7.4608151E-06   4.4621598E-08   2.0185891E-07   1.7876399E-06   3.2264984E-06
 -1.6618611E-08  -7.1678030E-07   1.6214945E-07   6.0487995E-08  -4.1949539E-05  -1.6224476E-06  -1.1276430E-06   2.3762965E-08  -9.1237614E-04  -5.2741534E-04   1.7069935E-04  -2.7075170E-04   2.8925639E-05   1.9671700E-06  -5.9810761E-06   1.6602214E-06  -7.9318846E-05  -1.7628534E-06  -2.0272583E-06   9.2160752E-07  -8.6642158E-07   4.5679039E-09  -2.7568505E-08  -2.8075222E-07  -4.0238398E-07
  1.9537827E-07  -5.3262084E-07   6.0487995E-08   5.8915566E-05   4.5680476E-05   1.1688066E-04   7.2483937E-06   1.0596876E-07  -9.8042209E-03  -3.1951440E-03   3.9511564E-03  -3.5631488E-03   1.5718330E-04   5.4803349E-07  -3.0456525E-05   2.9290795E-05  -6.5958605E-04   3.0129882E-05   3.0314542E-06   3.4338163E-05   1.4104543E-05  -1.3107129E-07  -1.7349272E-07  -3.4442532E-06  -2.1308804E-06
  1.6089442E-05   3.7137172E-04  -4.1949539E-05   4.5680476E-05   2.3853867E-02   1.0907460E-03   7.8519553E-04   1.7180924E-06   4.8922686E-01   3.0267547E-01  -8.1521175E-02   1.4316486E-01  -1.2143390E-02  -8.5530658E-04   2.7847050E-03  -1.4797953E-03   3.7293661E-02   9.9898570E-04   5.5995409E-04  -4.7425033E-04   4.9882443E-04   2.6265487E-06   1.1728102E-05   1.3256653E-04   2.4685077E-04
  1.0346799E-06   1.6887817E-05  -1.6224476E-06   1.1688066E-04   1.0907460E-03   3.0806274E-04   4.1229288E-05   1.2584420E-05   5.1377587E-03   7.6172732E-03   1.2004642E-02  -1.7153562E-03   2.0859347E-06   5.2235147E-06  -4.5072955E-06   2.0952132E-05  -7.7310315E-04   1.0712096E-04  -8.3532112E-05   6.5575647E-05   3.5689770E-05   6.8533649E-07   3.1798110E-07  -2.1769918E-06   6.3749426E-06
  7.0743320E-07   1.0005293E-05  -1.1276430E-06   7.2483937E-06   7.8519553E-04   4.1229288E-05   4.0292961E-05   4.1501539E-07  -5.7983677E-03   3.1786198E-03   4.8900978E-03  -9.1340582E-04   5.1249119E-05   1.9045079E-05   6.8440383E-06   5.3646081E-06  -4.3662923E-04   4.5245793E-05   5.6487406E-07   1.7726807E-05   6.2991504E-06  -2.8260232E-07   1.2376649E-07   4.1196077E-06   5.8687208E-06
  1.3744901E-08  -1.9558005E-08   2.3762965E-08   1.0596876E-07   1.7180924E-06   1.2584420E-05   4.1501539E-07   6.1959495E-06   2.7852883E-03  -7.2199640E-05   9.3961486E-04   6.8079669E-04   4.3437114E-06  -2.1376429E-06  -1.2393139E-06  -6.7298778E-06   6.5116197E-05   1.1413120E-05  -4.7999680E-06   4.2538272E-06  -3.6457706E-06   6.5451027E-08   2.4282906E-08  -3.4339907E-07  -2.8338490E-07
 -4.1186331E-05   8.0374336E-03  -9.1237614E-04  -9.8042209E-03   4.8922686E-01   5.1377587E-03  -5.7983677E-03   2.7852883E-03   6.1143640E+02   6.1714701E+01  -5.8647516E+01   3.2617857E+01  -2.4692464E+01  -8.4588883E-01  -1.1069933E-01  -3.7669597E-01   1.2176322E+01  -2.3229281E-01   2.8454286E-01  -2.6526570E-01  -2.0362825E-01   6.6430996E-03   2.6038799E-03   4.4377994E-03   9.9715748E-03
 -1.8859728E-05   5.1597790E-03  -5.2741534E-04  -3.1951440E-03   3.0267547E-01   7.6172732E-03   3.1786198E-03  -7.2199640E-05   6.1714701E+01   6.9964211E+01   9.6047413E+00   7.0844534E+00  -3.2160471E-01  -6.9548160E-03   4.5738270E-01   8.2720323E-01  -8.0260291E+00  -3.0823787E-02  -2.1415330E-01   6.1171383E-02   8.5656333E-02   9.2947834E-04   7.6310163E-04   3.7864223E-03   6.6372980E-03
  2.6987017E-06  -1.2772184E-03   1.7069935E-04   3.9511564E-03  -8.1521175E-02   1.2004642E-02   4.8900978E-03   9.3961486E-04  -5.8647516E+01   9.6047413E+00   1.7227808E+02  -8.2837104E+01   2.3223148E+00   3.5054880E-01  -9.9351095E-01   4.5070693E-01  -6.8042729E+00  -5.4610547E-02  -2.5876394E-01   5.8768886E-01   2.0147368E-02   1.6578501E-03  -7.2430354E-03   2.1118320E-03   2.5538882E-03
 -9.8763366E-06   2.5401775E-03  -2.7075170E-04  -3.5631488E-03   1.4316486E-01  -1.7153562E-03  -9.1340582E-04   6.8079669E-04   3.2617857E+01   7.0844534E+00  -8.2837104E+01   5.2696200E+01   1.9619699E+00  -4.4017999E-02   7.1443850E-01  -3.2034626E-01  -2.8567372E+00   2.9610578E-02   1.5586788E-01  -4.6246377E-01  -1.1544749E-01  -4.4824131E-04   3.1033238E-03  -9.2885013E-05   6.5734848E-04
  8.5561104E-06  -1.6108136E-04   2.8925639E-05   1.5718330E-04  -1.2143390E-02   2.0859347E-06   5.1249119E-05   4.3437114E-06  -2.4692464E+01  -3.2160471E-01   2.3223148E+00   1.9619699E+00   4.3349408E+00   1.0748628E-01   1.5558148E-01  -3.1734453E-02  -3.6382878E+00  -4.0839464E-03  -5.6400799E-03   7.0419075E-03   5.5180942E-02   4.7889964E-04  -1.9444630E-04  -4.8410776E-04  -5.5060091E-04
  3.9048637E-07  -1.0118952E-05   1.9671700E-06   5.4803349E-07  -8.5530658E-04   5.2235147E-06   1.9045079E-05  -2.1376429E-06  -8.4588883E-01  -6.9548160E-03   3.5054880E-01  -4.4017999E-02   1.0748628E-01   1.8216097E-02  -1.7656401E-02   1.4287399E-02  -1.0857933E-01  -5.2564314E-04  -1.2786601E-03  -2.8172998E-03   5.6298612E-03   2.1100677E-05  -3.7106158E-05   8.2505177E-06  -8.1689086E-06
 -6.1094098E-08   4.5554155E-05  -5.9810761E-06  -3.0456525E-05   2.7847050E-03  -4.5072955E-06   6.8440383E-06  -1.2393139E-06  -1.1069933E-01   4.5738270E-01  -9.9351095E-01   7.1443850E-01   1.5558148E-01  -1.7656401E-02   6.8712255E-02   9.2285092E-04  -1.6719774E-01   1.3850783E-03   7.4423832E-03   8.2876087E-05  -1.7775445E-02  -9.7182248E-06   9.5690974E-05  -3.8270812E-05   3.0904764E-06
  6.9471442E-07  -2.3824081E-05   1.6602214E-06   2.9290795E-05  -1.4797953E-03   2.0952132E-05   5.3646081E-06  -6.7298778E-06  -3.7669597E-01   8.2720323E-01   4.5070693E-01  -3.2034626E-01  -3.1734453E-02   1.4287399E-02   9.2285092E-04   8.2959858E-02   3.8424747E-02  -2.1021927E-05   1.1019943E-03   1.3667953E-03   2.0117565E-03   1.1189722E-05  -8.2874153E-06   5.8210048E-06  -6.9088406E-06
 -1.5901276E-06   5.1235231E-04  -7.9318846E-05  -6.5958605E-04   3.7293661E-02  -7.7310315E-04  -4.3662923E-04   6.5116197E-05   1.2176322E+01  -8.0260291E+00  -6.8042729E+00  -2.8567372E+00  -3.6382878E+00  -1.0857933E-01  -1.6719774E-01   3.8424747E-02   7.4772522E+00   4.3469775E-03  -1.8401560E-03  -5.7497967E-03  -4.9231389E-02  -4.2204107E-04  -2.0625304E-05   1.5285410E-04   6.0062268E-04
  6.2343062E-07   1.5803616E-05  -1.7628534E-06   3.0129882E-05   9.9898570E-04   1.0712096E-04   4.5245793E-05   1.1413120E-05  -2.3229281E-01  -3.0823787E-02  -5.4610547E-02   2.9610578E-02  -4.0839464E-03  -5.2564314E-04   1.3850783E-03  -2.1021927E-05   4.3469775E-03   3.8484119E-02   2.7388019E-03   7.6983250E-05   5.2950356E-04   3.8566412E-05   4.3539190E-06  -4.3799974E-06  -5.0406193E-06
 -2.3227502E-07   6.8439658E-06  -2.0272583E-06   3.0314542E-06   5.5995409E-04  -8.3532112E-05   5.6487406E-07  -4.7999680E-06   2.8454286E-01  -2.1415330E-01  -2.5876394E-01   1.5586788E-01  -5.6400799E-03  -1.2786601E-03   7.4423832E-03   1.1019943E-03  -1.8401560E-03   2.7388019E-03   3.0904611E-02  -7.1075384E-04   4.8084312E-03  -7.6886910E-05  -4.4029004E-05  -6.6866110E-05  -6.2780180E-05
  3.2435251E-07  -1.1064526E-05   9.2160752E-07   3.4338163E-05  -4.7425033E-04   6.5575647E-05   1.7726807E-05   4.2538272E-06  -2.6526570E-01   6.1171383E-02   5.8768886E-01  -4.6246377E-01   7.0419075E-03  -2.8172998E-03   8.2876087E-05   1.3667953E-03  -5.7497967E-03   7.6983250E-05  -7.1075384E-04   1.0587921E-02   8.0948175E-03   4.0751706E-06   5.8115397E-05   3.2918318E-06   4.3472162E-06
  4.3236036E-07   7.4608151E-06  -8.6642158E-07   1.4104543E-05   4.9882443E-04   3.5689770E-05   6.2991504E-06  -3.6457706E-06  -2.0362825E-01   8.5656333E-02   2.0147368E-02  -1.1544749E-01   5.5180942E-02   5.6298612E-03  -1.7775445E-02   2.0117565E-03  -4.9231389E-02   5.2950356E-04   4.8084312E-03   8.0948175E-03   2.5823324E-02   2.7941797E-06   5.2102079E-05  -4.0993167E-06   6.9842577E-07
  5.1523120E-09   4.4621598E-08   4.5679039E-09  -1.3107129E-07   2.6265487E-06   6.8533649E-07  -2.8260232E-07   6.5451027E-08   6.6430996E-03   9.2947834E-04   1.6578501E-03  -4.4824131E-04   4.7889964E-04   2.1100677E-05  -9.7182248E-06   1.1189722E-05  -4.2204107E-04   3.8566412E-05  -7.6886910E-05   4.0751706E-06   2.7941797E-06   1.1126649E-06   4.5205710E-08   2.5083552E-07   5.6019143E-07
  4.0259312E-09   2.0185891E-07  -2.7568505E-08  -1.7349272E-07   1.1728102E-05   3.1798110E-07   1.2376649E-07   2.4282906E-08   2.6038799E-03   7.6310163E-04  -7.2430354E-03   3.1033238E-03  -1.9444630E-04  -3.7106158E-05   9.5690974E-05  -8.2874153E-06  -2.0625304E-05   4.3539190E-06  -4.4029004E-05   5.8115397E-05   5.2102079E-05   4.5205710E-08   2.4062372E-06   4.2307810E-07   2.1693041E-07
  4.6662460E-09   1.7876399E-06  -2.8075222E-07  -3.4442532E-06   1.3256653E-04  -2.1769918E-06   4.1196077E-06  -3.4339907E-07   4.4377994E-03   3.7864223E-03   2.1118320E-03  -9.2885013E-05  -4.8410776E-04   8.2505177E-06  -3.8270812E-05   5.8210048E-06   1.5285410E-04  -4.3799974E-06  -6.6866110E-05   3.2918318E-06  -4.0993167E-06   2.5083552E-07   4.2307810E-07   2.5505492E-05   1.0042587E-05
 -7.8788695E-08   3.2264984E-06  -4.0238398E-07  -2.1308804E-06   2.4685077E-04   6.3749426E-06   5.8687208E-06  -2.8338490E-07   9.9715748E-03   6.6372980E-03   2.5538882E-03   6.5734848E-04  -5.5060091E-04  -8.1689086E-06   3.0904764E-06  -6.9088406E-06   6.0062268E-04  -5.0406193E-06  -6.2780180E-05   4.3472162E-06   6.9842577E-07   5.6019143E-07   2.1693041E-07   1.0042587E-05   2.6468902E-05
