# omegabh2 omegach2 theta tau logA ns nrun calPlanck acib217 xi asz143 aps100 aps143 aps143217 aps217 aksz kgal100 kgal143 kgal143217 kgal217 cal0 cal2
  5.3669602E-08  -2.0333734E-07   4.4407695E-08   4.5671118E-07   7.3458258E-07   5.0035076E-07  -5.8695009E-07   3.0482344E-08  -7.6175390E-05   1.0567251E-06   2.5366249E-05  -3.3737059E-04  -3.3767141E-04  -1.9575401E-04  -1.2222800E-04  -1.2785236E-05   1.6328490E-05   1.0015255E-05   1.4731789E-05   4.5698962E-05   3.2268444E-09  -3.0841936E-09
 -2.0333734E-07   4.4437921E-06  -4.2349359E-07  -3.1747175E-06   4.2624596E-06  -1.0203171E-05  -2.4112969E-06  -2.9490453E-07   6.2466230E-04  -5.6848287E-06  -3.2034449E-04   3.9974350E-03   2.5262049E-03   9.7203993E-04   4.1614507E-04   2.3218426E-04  -2.4281481E-05  -7.8225496E-05  -1.9874515E-04  -4.1816139E-04  -2.0507774E-08   1.0706045E-08
  4.4407695E-08  -4.2349359E-07   2.1937113E-07   4.7751517E-07   2.3284160E-07   1.2198233E-06   1.4252411E-08   4.8409495E-08  -3.3694465E-05   4.5190104E-07   2.3076958E-05  -3.5429357E-04  -2.6814472E-04  -1.7722872E-04  -1.3827765E-04  -6.3784986E-06   1.3621315E-05   1.1251332E-05   2.7312658E-05   4.2179984E-05   4.2075558E-10   1.3746842E-10
  4.5671118E-07  -3.1747175E-06   4.7751517E-07   4.9152008E-05   9.2752859E-05   8.7035004E-06  -1.0392916E-05  -2.1444532E-07  -1.0826577E-03   2.3531674E-05   3.4957349E-04  -6.4455421E-03  -2.8986106E-03  -1.0069235E-03  -3.5202789E-04  -2.7906033E-04   8.4565533E-05  -2.3444353E-05   2.0759967E-04   4.6954535E-04   1.5730840E-08  -7.3113816E-08
  7.3458258E-07   4.2624596E-06   2.3284160E-07   9.2752859E-05   2.3267446E-04  -1.0116979E-05  -3.9712615E-05   1.1647891E-05   1.2226022E-04   4.4906901E-05  -4.7070864E-04   6.3350185E-03   4.2453424E-03   3.0670093E-03   5.8106383E-03  -1.3592596E-04  -2.3863319E-04  -8.0777994E-04  -5.2450378E-04   1.1089633E-03   1.9326706E-07  -1.3557056E-07
  5.0035076E-07  -1.0203171E-05   1.2198233E-06   8.7035004E-06  -1.0116979E-05   3.5388510E-05   1.3354978E-05   8.5231805E-07  -6.9993596E-03   1.3926020E-04   1.9719544E-03  -3.7042010E-02  -1.3802640E-02  -1.0960744E-04   5.0371722E-03  -3.3696260E-03   3.9182899E-04  -2.0836125E-04   1.7132407E-04   2.7671959E-03  -7.1611299E-08  -1.2193832E-07
 -5.8695009E-07  -2.4112969E-06   1.4252411E-08  -1.0392916E-05  -3.9712615E-05   1.3354978E-05   5.6239291E-05   1.1174037E-07  -7.1915189E-03   1.5575777E-04   2.0485742E-03  -3.5511502E-02  -1.5077055E-02   1.0172023E-04   5.5555556E-03  -3.8073140E-03  -5.8770829E-04  -6.3857153E-04  -9.4054669E-04   9.9123343E-04  -6.9553097E-08  -1.6663413E-07
  3.0482344E-08  -2.9490453E-07   4.8409495E-08  -2.1444532E-07   1.1647891E-05   8.5231805E-07   1.1174037E-07   6.2875209E-06   4.2353990E-04   4.3311054E-06   3.5484437E-06   3.2220166E-03   2.3374958E-04   4.1841312E-04   1.6558644E-03  -5.1916123E-05  -5.3446304E-05  -4.7841056E-05  -7.3860218E-05   7.2583150E-04   1.0514732E-08  -1.4836444E-08
 -7.6175390E-05   6.2466230E-04  -3.3694465E-05  -1.0826577E-03   1.2226022E-04  -6.9993596E-03  -7.1915189E-03   4.2353990E-04   4.6292310E+01  -3.9862750E-01  -1.1007393E+00   4.1488090E+01   4.7550595E+00  -1.2507088E+01  -5.6323537E+01   3.4249059E-01   2.6704349E-01   7.0712137E-01  -5.7046635E+00  -3.3650384E+01  -2.1710444E-04   7.9407643E-04
  1.0567251E-06  -5.6848287E-06   4.5190104E-07   2.3531674E-05   4.4906901E-05   1.3926020E-04   1.5575777E-04   4.3311054E-06  -3.9862750E-01   8.2949175E-02  -4.7422081E-02  -5.4913922E-01   8.4209790E-01   1.6075271E+00   6.1700113E-01   3.7953883E-02  -9.3202580E-03   2.6069236E-03   8.8342400E-02   1.2117861E-01   5.0651553E-06  -5.2427087E-06
  2.5366249E-05  -3.2034449E-04   2.3076958E-05   3.4957349E-04  -4.7070864E-04   1.9719544E-03   2.0485742E-03   3.5484437E-06  -1.1007393E+00  -4.7422081E-02   4.1888279E+00  -3.3586721E+01  -3.8392171E+00   8.2956742E+00   5.9528206E+00  -3.2812094E+00  -2.0738810E-01   1.9264089E-01   2.8470844E+00   3.5848725E+00   1.1633901E-04  -4.8278988E-05
 -3.3737059E-04   3.9974350E-03  -3.5429357E-04  -6.4455421E-03   6.3350185E-03  -3.7042010E-02  -3.5511502E-02   3.2220166E-03   4.1488090E+01  -5.4913922E-01  -3.3586721E+01   8.1834896E+02   8.0292594E+01  -5.8150567E+01  -6.7291030E+01   1.9189585E+01  -5.9583149E+00   5.6768219E+00  -1.3235159E+01  -2.6797179E+01   3.7831475E-03   6.0993433E-04
 -3.3767141E-04   2.5262049E-03  -2.6814472E-04  -2.8986106E-03   4.2453424E-03  -1.3802640E-02  -1.5077055E-02   2.3374958E-04   4.7550595E+00   8.4209790E-01  -3.8392171E+00   8.0292594E+01   6.8406790E+01   4.1772648E+01   1.4902092E+01  -4.3222221E+00  -6.0695395E-01  -1.3706114E+00   3.4781524E+00   3.3811133E+00   1.2302349E-04   1.4794449E-04
 -1.9575401E-04   9.7203993E-04  -1.7722872E-04  -1.0069235E-03   3.0670093E-03  -1.0960744E-04   1.0172023E-04   4.1841312E-04  -1.2507088E+01   1.6075271E+00   8.2956742E+00  -5.8150567E+01   4.1772648E+01   8.7511976E+01   5.5898939E+01  -1.3468205E+01  -1.1603403E+00  -8.2285264E-01   5.0715763E+00   8.2764170E+00   4.8757223E-04  -4.3429288E-04
 -1.2222800E-04   4.1614507E-04  -1.3827765E-04  -3.5202789E-04   5.8106383E-03   5.0371722E-03   5.5555556E-03   1.6558644E-03  -5.6323537E+01   6.1700113E-01   5.9528206E+00  -6.7291030E+01   1.4902092E+01   5.5898939E+01   1.0756481E+02  -1.0686414E+01  -1.0675225E+00  -1.4817732E+00   5.6478923E+00   3.4036478E+01   5.3806959E-04  -1.4212052E-03
 -1.2785236E-05   2.3218426E-04  -6.3784986E-06  -2.7906033E-04  -1.3592596E-04  -3.3696260E-03  -3.8073140E-03  -5.1916123E-05   3.4249059E-01   3.7953883E-02  -3.2812094E+00   1.9189585E+01  -4.3222221E+00  -1.3468205E+01  -1.0686414E+01   6.9243447E+00   2.0321487E-01  -1.8948163E-01  -2.3431866E+00  -2.7993133E+00  -9.2662250E-05   2.1358828E-05
  1.6328490E-05  -2.4281481E-05   1.3621315E-05   8.4565533E-05  -2.3863319E-04   3.9182899E-04  -5.8770829E-04  -5.3446304E-05   2.6704349E-01  -9.3202580E-03  -2.0738810E-01  -5.9583149E+00  -6.0695395E-01  -1.1603403E+00  -1.0675225E+00   2.0321487E-01   3.3673084E+00   6.0025321E-01   2.3391763E-01   1.8276477E-01   1.7382627E-04  -5.5404884E-06
  1.0015255E-05  -7.8225496E-05   1.1251332E-05  -2.3444353E-05  -8.0777994E-04  -2.0836125E-04  -6.3857153E-04  -4.7841056E-05   7.0712137E-01   2.6069236E-03   1.9264089E-01   5.6768219E+00  -1.3706114E+00  -8.2285264E-01  -1.4817732E+00  -1.8948163E-01   6.0025321E-01   3.2323424E+00   2.8333192E+00   2.7639357E+00  -1.8585747E-04  -2.6880755E-05
  1.4731789E-05  -1.9874515E-04   2.7312658E-05   2.0759967E-04  -5.2450378E-04   1.7132407E-04  -9.4054669E-04  -7.3860218E-05  -5.7046635E+00   8.8342400E-02   2.8470844E+00  -1.3235159E+01   3.4781524E+00   5.0715763E+00   5.6478923E+00  -2.3431866E+00   2.3391763E-01   2.8333192E+00   1.1214313E+01   1.9665857E+01  -1.0178908E-05   4.1816874E-04
  4.5698962E-05  -4.1816139E-04   4.2179984E-05   4.6954535E-04   1.1089633E-03   2.7671959E-03   9.9123343E-04   7.2583150E-04  -3.3650384E+01   1.2117861E-01   3.5848725E+00  -2.6797179E+01   3.3811133E+00   8.2764170E+00   3.4036478E+01  -2.7993133E+00   1.8276477E-01   2.7639357E+00   1.9665857E+01   5.3856885E+01   9.3491543E-05   9.0055335E-04
  3.2268444E-09  -2.0507774E-08   4.2075558E-10   1.5730840E-08   1.9326706E-07  -7.1611299E-08  -6.9553097E-08   1.0514732E-08  -2.1710444E-04   5.0651553E-06   1.1633901E-04   3.7831475E-03   1.2302349E-04   4.8757223E-04   5.3806959E-04  -9.2662250E-05   1.7382627E-04  -1.8585747E-04  -1.0178908E-05   9.3491543E-05   3.8347176E-07  -4.6388275E-09
 -3.0841936E-09   1.0706045E-08   1.3746842E-10  -7.3113816E-08  -1.3557056E-07  -1.2193832E-07  -1.6663413E-07  -1.4836444E-08   7.9407643E-04  -5.2427087E-06  -4.8278988E-05   6.0993433E-04   1.4794449E-04  -4.3429288E-04  -1.4212052E-03   2.1358828E-05  -5.5404884E-06  -2.6880755E-05   4.1816874E-04   9.0055335E-04  -4.6388275E-09   3.9019927E-07
