# omegabh2 omegach2 theta tau logA ns calPlanck aps100 aps143 aps217 acib217 asz143 psr cibr xi aksz dust100 dust143 dust217 dust143x217 cal0 cal2 calTE calEE
  2.0779769E-08  -6.6854934E-08   1.2697556E-08   3.3380915E-07   5.9932690E-07   2.1558658E-07   1.8308662E-08  -3.8195985E-04  -1.9331084E-04   5.6573880E-05  -9.5166762E-05   1.3920223E-05   6.0449602E-07  -1.4858403E-06   9.7963890E-07  -3.0873692E-05  -1.6836945E-07  -4.4182422E-07   4.8751945E-07  -5.3859940E-07  -1.5152472E-09  -5.0579267E-09  -1.0745288E-07  -2.2551535E-07
 -6.6854934E-08   1.2808851E-06  -1.1458295E-07  -3.6160875E-06  -5.1574945E-06  -2.6664206E-06  -4.0732283E-07   6.3759374E-04   1.0570892E-04   9.9806056E-05   1.0462743E-05   1.0226332E-05   8.4346214E-07   3.0084123E-06   1.7286994E-06   3.7559197E-05   7.8667074E-06   9.0470936E-06   2.0155343E-06   6.6511523E-06  -2.7145942E-08   1.6900307E-08  -2.3250112E-07  -7.0919098E-07
  1.2697556E-08  -1.1458295E-07   1.0305158E-07   4.4828142E-07   7.9018487E-07   3.6445252E-07   4.2824927E-08  -2.0043491E-04   3.2718756E-05  -4.7506591E-05   3.6158752E-05   1.4138729E-05  -6.3225780E-07   2.7591034E-06   9.4232314E-07   4.2462085E-06  -6.5159004E-07   1.3317071E-07  -3.1826695E-07  -1.5472554E-06  -5.5179506E-09  -4.0429279E-09  -4.9687378E-08   3.6765428E-08
  3.3380915E-07  -3.6160875E-06   4.4828142E-07   5.8779934E-05   1.0668283E-04   1.1087592E-05  -4.5681598E-07  -9.7644960E-03  -1.5041590E-03   2.9998347E-04  -2.2088268E-03  -5.6295764E-05  -1.3775061E-05  -1.8373203E-05   2.9473577E-06  -3.0484126E-04  -4.9656326E-05  -2.8708401E-05   1.2161217E-05  -2.2988373E-05  -2.7095052E-07  -7.8678474E-08  -4.7671804E-06  -3.5783839E-06
  5.9932690E-07  -5.1574945E-06   7.9018487E-07   1.0668283E-04   2.2278059E-04   1.5855361E-05   1.0591974E-05  -1.1498148E-02  -1.2147179E-03   7.9746617E-03  -5.5355686E-03  -1.6857577E-04   4.6935667E-06  -1.0463365E-04   6.0541530E-05  -1.3348194E-03  -8.8471684E-05  -1.0804334E-04   4.6212087E-05  -3.8399932E-05  -1.0634982E-07  -3.8037808E-07  -9.6710169E-06  -5.9045611E-06
  2.1558658E-07  -2.6664206E-06   3.6445252E-07   1.1087592E-05   1.5855361E-05   1.5937929E-05   7.5585025E-07  -2.4870602E-02  -5.9091252E-03   9.4063528E-03  -6.1870472E-03   5.1300191E-04   6.3505908E-05  -1.2279004E-04   5.3366122E-05  -2.0608446E-03   1.0568562E-06  -4.1741199E-05   3.1178333E-05  -1.1767078E-05  -4.0496995E-07  -4.4651905E-07  -2.5970099E-07  -2.2194917E-06
  1.8308662E-08  -4.0732283E-07   4.2824927E-08  -4.5681598E-07   1.0591974E-05   7.5585025E-07   6.2982858E-06   3.8794117E-03   4.2964665E-04   8.0059257E-04   7.0857165E-04  -4.5454355E-05   2.6910496E-06  -1.2111623E-05  -3.0487953E-06   5.7493709E-05   6.5473173E-06   8.3665731E-06   1.8568656E-06   3.5225594E-06  -6.1408608E-08  -1.3734603E-07  -2.3975659E-07   1.9433330E-08
 -3.8195985E-04   6.3759374E-04  -2.0043491E-04  -9.7644960E-03  -1.1498148E-02  -2.4870602E-02   3.8794117E-03   5.8001533E+02   5.4816732E+01  -5.8758640E+01   2.9449652E+01  -2.4220729E+01  -8.8105643E-01  -8.1308971E-02  -2.5790150E-01   1.2351136E+01  -2.1099705E-01   2.6899499E-01  -1.9434049E-01  -1.1268285E-01   5.9088891E-03   3.5442524E-03   4.4644146E-03   5.6529933E-03
 -1.9331084E-04   1.0570892E-04   3.2718756E-05  -1.5041590E-03  -1.2147179E-03  -5.9091252E-03   4.2964665E-04   5.4816732E+01   6.5932917E+01   1.0136534E+01   5.7159829E+00  -1.0366237E-01  -2.0902079E-02   4.6424724E-01   9.4028371E-01  -8.5078727E+00  -1.2353312E-02  -2.1362401E-01   5.7161478E-02   7.2192465E-02   6.4449189E-04   6.2921553E-04   1.0658966E-03   4.3786632E-03
  5.6573880E-05   9.9806056E-05  -4.7506591E-05   2.9998347E-04   7.9746617E-03   9.4063528E-03   8.0059257E-04  -5.8758640E+01   1.0136534E+01   1.7853938E+02  -8.4571169E+01   3.2490764E+00   3.4277962E-01  -1.0698393E+00   3.6733846E-01  -8.5060522E+00  -8.2135305E-02  -2.3970366E-01   5.9297277E-01   5.0968610E-02   1.4689787E-03  -7.7794960E-03   3.4793779E-03   4.3660691E-03
 -9.5166762E-05   1.0462743E-05   3.6158752E-05  -2.2088268E-03  -5.5355686E-03  -6.1870472E-03   7.0857165E-04   2.9449652E+01   5.7159829E+00  -8.4571169E+01   5.3153147E+01   1.7237954E+00  -2.0012474E-02   7.3356665E-01  -2.6459662E-01  -2.4290602E+00   5.5936309E-02   1.5529553E-01  -4.7892485E-01  -1.3918538E-01  -4.7378328E-04   3.1173437E-03  -1.0576826E-03  -6.5975252E-05
  1.3920223E-05   1.0226332E-05   1.4138729E-05  -5.6295764E-05  -1.6857577E-04   5.1300191E-04  -4.5454355E-05  -2.4220729E+01  -1.0366237E-01   3.2490764E+00   1.7237954E+00   4.4012250E+00   1.0715948E-01   1.5328802E-01  -4.4201189E-02  -3.6816708E+00   6.9589296E-03   5.1284129E-03   5.7947670E-03   5.3573220E-02   4.9816879E-04  -2.9179538E-04  -1.8373169E-04   1.6600872E-04
  6.0449602E-07   8.4346214E-07  -6.3225780E-07  -1.3775061E-05   4.6935667E-06   6.3505908E-05   2.6910496E-06  -8.8105643E-01  -2.0902079E-02   3.4277962E-01  -2.0012474E-02   1.0715948E-01   1.6893368E-02  -1.6776143E-02   1.1173910E-02  -1.1690145E-01   1.0326490E-04  -2.9113752E-04  -3.1789048E-03   5.2310594E-03   1.4592388E-05  -4.4147849E-05   1.3732190E-05   1.7482275E-05
 -1.4858403E-06   3.0084123E-06   2.7591034E-06  -1.8373203E-05  -1.0463365E-04  -1.2279004E-04  -1.2111623E-05  -8.1308971E-02   4.6424724E-01  -1.0698393E+00   7.3356665E-01   1.5328802E-01  -1.6776143E-02   6.8817343E-02   3.9201604E-03  -1.4746155E-01   1.6066574E-03   6.1554394E-03  -4.4712031E-04  -1.8646186E-02  -5.7470499E-06   9.8868549E-05  -4.3989243E-05   1.2685954E-05
  9.7963890E-07   1.7286994E-06   9.4232314E-07   2.9473577E-06   6.0541530E-05   5.3366122E-05  -3.0487953E-06  -2.5790150E-01   9.4028371E-01   3.6733846E-01  -2.6459662E-01  -4.4201189E-02   1.1173910E-02   3.9201604E-03   8.2851554E-02   2.8565504E-02   2.2057367E-04  -1.4415413E-04   6.2615662E-04   5.0806835E-04   8.9063763E-06  -2.1803540E-05  -1.4188827E-06   3.6181838E-05
 -3.0873692E-05   3.7559197E-05   4.2462085E-06  -3.0484126E-04  -1.3348194E-03  -2.0608446E-03   5.7493709E-05   1.2351136E+01  -8.5078727E+00  -8.5060522E+00  -2.4290602E+00  -3.6816708E+00  -1.1690145E-01  -1.4746155E-01   2.8565504E-02   7.5838467E+00  -1.2951141E-02  -1.1514372E-02  -4.5656441E-03  -5.5252320E-02  -3.2039737E-04   1.1835566E-04  -3.2451288E-04  -5.8409717E-04
 -1.6836945E-07   7.8667074E-06  -6.5159004E-07  -4.9656326E-05  -8.8471684E-05   1.0568562E-06   6.5473173E-06  -2.1099705E-01  -1.2353312E-02  -8.2135305E-02   5.5936309E-02   6.9589296E-03   1.0326490E-04   1.6066574E-03   2.2057367E-04  -1.2951141E-02   3.7069017E-02   3.6093659E-03  -1.2664595E-04   1.1339475E-03   3.3111785E-05  -1.6897532E-06  -2.5519823E-05  -1.5075114E-05
 -4.4182422E-07   9.0470936E-06   1.3317071E-07  -2.8708401E-05  -1.0804334E-04  -4.1741199E-05   8.3665731E-06   2.6899499E-01  -2.1362401E-01  -2.3970366E-01   1.5529553E-01   5.1284129E-03  -2.9113752E-04   6.1554394E-03  -1.4415413E-04  -1.1514372E-02   3.6093659E-03   2.9239396E-02  -6.7598871E-04   5.4646744E-03  -6.9814754E-05  -3.9759020E-05  -6.0441755E-05  -1.0135354E-04
  4.8751945E-07   2.0155343E-06  -3.1826695E-07   1.2161217E-05   4.6212087E-05   3.1178333E-05   1.8568656E-06  -1.9434049E-01   5.7161478E-02   5.9297277E-01  -4.7892485E-01   5.7947670E-03  -3.1789048E-03  -4.4712031E-04   6.2615662E-04  -4.5656441E-03  -1.2664595E-04  -6.7598871E-04   1.1190389E-02   8.8202597E-03   4.9082054E-06   6.4609232E-05   2.2248309E-06  -6.0221354E-06
 -5.3859940E-07   6.6511523E-06  -1.5472554E-06  -2.2988373E-05  -3.8399932E-05  -1.1767078E-05   3.5225594E-06  -1.1268285E-01   7.2192465E-02   5.0968610E-02  -1.3918538E-01   5.3573220E-02   5.2310594E-03  -1.8646186E-02   5.0806835E-04  -5.5252320E-02   1.1339475E-03   5.4646744E-03   8.8202597E-03   2.7255311E-02   5.2436057E-06   5.6438325E-05  -1.9239328E-05  -2.9586135E-05
 -1.5152472E-09  -2.7145942E-08  -5.5179506E-09  -2.7095052E-07  -1.0634982E-07  -4.0496995E-07  -6.1408608E-08   5.9088891E-03   6.4449189E-04   1.4689787E-03  -4.7378328E-04   4.9816879E-04   1.4592388E-05  -5.7470499E-06   8.9063763E-06  -3.2039737E-04   3.3111785E-05  -6.9814754E-05   4.9082054E-06   5.2436057E-06   1.0874588E-06   4.2952367E-08   2.9920257E-07   9.0401413E-07
 -5.0579267E-09   1.6900307E-08  -4.0429279E-09  -7.8678474E-08  -3.8037808E-07  -4.4651905E-07  -1.3734603E-07   3.5442524E-03   6.2921553E-04  -7.7794960E-03   3.1173437E-03  -2.9179538E-04  -4.4147849E-05   9.8868549E-05  -2.1803540E-05   1.1835566E-04  -1.6897532E-06  -3.9759020E-05   6.4609232E-05   5.6438325E-05   4.2952367E-08   2.5295433E-06   2.8698584E-07   1.9348477E-07
 -1.0745288E-07  -2.3250112E-07  -4.9687378E-08  -4.7671804E-06  -9.6710169E-06  -2.5970099E-07  -2.3975659E-07   4.4644146E-03   1.0658966E-03   3.4793779E-03  -1.0576826E-03  -1.8373169E-04   1.3732190E-05  -4.3989243E-05  -1.4188827E-06  -3.2451288E-04  -2.5519823E-05  -6.0441755E-05   2.2248309E-06  -1.9239328E-05   2.9920257E-07   2.8698584E-07   2.5344852E-05   8.9211592E-06
 -2.2551535E-07  -7.0919098E-07   3.6765428E-08  -3.5783839E-06  -5.9045611E-06  -2.2194917E-06   1.9433330E-08   5.6529933E-03   4.3786632E-03   4.3660691E-03  -6.5975252E-05   1.6600872E-04   1.7482275E-05   1.2685954E-05   3.6181838E-05  -5.8409717E-04  -1.5075114E-05  -1.0135354E-04  -6.0221354E-06  -2.9586135E-05   9.0401413E-07   1.9348477E-07   8.9211592E-06   2.4010375E-05
