# omegabh2 omegach2 theta tau w logA ns calPlanck aps100 aps143 aps217 acib217 asz143 psr cibr xi aksz dust100 dust143 dust217 dust143x217 cal0 cal2 calTE calEE
  2.0645360E-08  -9.3670262E-08   1.4893537E-08   1.8572020E-07   1.8788979E-06   2.3004509E-07   2.6461657E-07   4.2582883E-09  -6.3704144E-05  -2.3993745E-04   9.5093156E-05  -1.3131129E-04   3.7311330E-06   1.0255377E-06  -3.6944265E-06   2.1732277E-06  -1.7698244E-05  -1.2081964E-06  -2.0539568E-06   3.6270783E-07  -7.6006141E-08   1.4992380E-08  -1.1656482E-08  -1.6609374E-08  -1.8235653E-07
 -9.3670262E-08   1.9412427E-06  -1.7261956E-07  -2.0819472E-06  -3.2131555E-05   1.6141092E-07  -4.1789314E-06  -1.1173972E-07  -1.6436524E-03   4.9670117E-04   1.8320371E-04  -2.6459484E-05  -3.2251348E-05  -8.5857474E-06   2.1266922E-05  -1.1241930E-05   8.2876119E-05   2.3695852E-05   4.6243823E-06   4.3793130E-06  -1.0466234E-05  -5.3808153E-08   1.0022518E-07  -7.4832235E-07  -1.3862486E-06
  1.4893537E-08  -1.7261956E-07   1.0386707E-07   2.3585391E-07   5.0993676E-06   2.1755052E-07   4.6397541E-07   2.8811949E-08   1.1608039E-04  -3.3521566E-04  -2.3804433E-04   1.8077845E-05  -1.3086810E-05  -1.5765367E-06  -1.9703930E-06  -4.0331887E-06   8.3773538E-05  -5.6357099E-06  -2.1275218E-06  -6.4486663E-07  -7.1734864E-07   5.8244323E-09   5.5454391E-10   1.8133799E-08   8.0750570E-08
  1.8572020E-07  -2.0819472E-06   2.3585391E-07   5.3723295E-05   5.0534526E-05   1.0361967E-04   5.6467678E-06   1.8990549E-07  -1.2223158E-02  -3.4507840E-03   3.8372763E-03  -4.2445651E-03  -2.1914284E-04   2.4539022E-05  -8.8439694E-05   1.3032635E-04   3.6063957E-04  -7.5851182E-05  -4.8254656E-05   4.7829047E-05   5.0414297E-05   3.6026609E-08   1.7293566E-07  -3.1118264E-06  -9.8045523E-08
  1.8788979E-06  -3.2131555E-05   5.0993676E-06   5.0534526E-05   3.4090500E-03   4.3397474E-05   7.2804572E-05   6.2929039E-06  -5.4230696E-03  -2.5929843E-02  -3.0258598E-02   8.0026986E-03   4.3761358E-03  -8.1211484E-05   4.4545272E-04  -2.3627640E-04  -2.3212333E-03  -1.9257944E-04   1.6592481E-04   3.2137618E-05   6.6648164E-05   4.6880199E-07  -3.7601294E-07   3.3608053E-05   1.8660867E-05
  2.3004509E-07   1.6141092E-07   2.1755052E-07   1.0361967E-04   4.3397474E-05   2.3742782E-04   4.3991569E-07   1.2083603E-05  -2.3007553E-02  -3.1490594E-03   1.8469306E-02  -1.1044425E-02  -8.3795425E-04   9.8153813E-05  -2.3673059E-04   4.0621291E-04   1.5094096E-04  -1.6047565E-04  -1.6100419E-04   1.3597598E-04   8.3060566E-05   6.7799153E-07   4.6609366E-07  -7.8369573E-06   9.5199053E-07
  2.6461657E-07  -4.1789314E-06   4.6397541E-07   5.6467678E-06   7.2804572E-05   4.3991569E-07   1.8440294E-05   4.3632745E-07  -1.3308768E-02  -7.0609102E-03   5.7429173E-03  -3.5667638E-03   5.7365817E-04   6.3379198E-05  -1.1536357E-04   5.5406049E-05  -2.0913827E-03  -2.7762264E-05  -4.3163320E-06  -7.0020268E-06   1.0544688E-05  -3.2548366E-07  -6.8358016E-07   2.1668610E-06  -2.1393677E-07
  4.2582883E-09  -1.1173972E-07   2.8811949E-08   1.8990549E-07   6.2929039E-06   1.2083603E-05   4.3632745E-07   5.9010939E-06   2.6959879E-03   1.1370909E-03   2.7654658E-03   7.8063467E-05  -8.4730361E-06   2.5941658E-05  -1.9938444E-05   6.1326437E-05  -9.2197838E-05  -1.2124781E-05   1.0750789E-05   7.0854589E-06   1.1076113E-05   3.2946429E-08  -1.0779786E-07   8.8138603E-08   8.8806425E-07
 -6.3704144E-05  -1.6436524E-03   1.1608039E-04  -1.2223158E-02  -5.4230696E-03  -2.3007553E-02  -1.3308768E-02   2.6959879E-03   5.7657824E+02   6.4890755E+01  -5.7479294E+01   3.1411920E+01  -2.3911535E+01  -6.5146973E-01  -1.8254851E-01   1.7949358E-01   7.3573486E+00  -8.3242183E-02   7.5217737E-02  -2.9996113E-01  -2.9043423E-01   6.7840989E-03   2.7678111E-03  -4.7512837E-03   4.8888262E-03
 -2.3993745E-04   4.9670117E-04  -3.3521566E-04  -3.4507840E-03  -2.5929843E-02  -3.1490594E-03  -7.0609102E-03   1.1370909E-03   6.4890755E+01   7.1360526E+01   8.5076329E+00   7.0403993E+00  -5.0526325E-01   3.2537326E-03   5.1384063E-01   1.1268229E+00  -9.0628362E+00  -2.5059639E-02  -2.5942744E-01   4.2532609E-02  -4.8806190E-03   9.0179462E-04   5.7234364E-04  -2.5306751E-03   1.2707001E-03
  9.5093156E-05   1.8320371E-04  -2.3804433E-04   3.8372763E-03  -3.0258598E-02   1.8469306E-02   5.7429173E-03   2.7654658E-03  -5.7479294E+01   8.5076329E+00   1.6308132E+02  -7.5105016E+01   3.8015135E+00   3.2283998E-01  -8.3723845E-01   4.0493252E-01  -7.5020578E+00  -1.8155801E-01  -2.3276892E-01   4.9802482E-01  -3.9669391E-02   1.6355195E-03  -7.3635181E-03   3.6193501E-03   3.2103760E-03
 -1.3131129E-04  -2.6459484E-05   1.8077845E-05  -4.2445651E-03   8.0026986E-03  -1.1044425E-02  -3.5667638E-03   7.8063467E-05   3.1411920E+01   7.0403993E+00  -7.5105016E+01   4.7334770E+01   1.1012347E+00  -3.2676694E-02   6.2521563E-01  -2.7421436E-01  -2.6809368E+00   9.1438029E-02   1.2825394E-01  -4.2160318E-01  -1.1384026E-01  -6.6471431E-04   2.8658524E-03  -1.8274514E-03  -3.6509489E-04
  3.7311330E-06  -3.2251348E-05  -1.3086810E-05  -2.1914284E-04   4.3761358E-03  -8.3795425E-04   5.7365817E-04  -8.4730361E-06  -2.3911535E+01  -5.0526325E-01   3.8015135E+00   1.1012347E+00   4.1572156E+00   8.4059740E-02   1.7093781E-01  -5.7614293E-02  -3.3136991E+00   1.4260596E-02   5.2929965E-03   1.4134734E-02   4.1035097E-02   3.1180649E-04  -3.6446638E-04  -2.1848973E-04  -5.4919748E-04
  1.0255377E-06  -8.5857474E-06  -1.5765367E-06   2.4539022E-05  -8.1211484E-05   9.8153813E-05   6.3379198E-05   2.5941658E-05  -6.5146973E-01   3.2537326E-03   3.2283998E-01  -3.2676694E-02   8.4059740E-02   1.5579934E-02  -1.6236112E-02   1.1360520E-02  -9.0507827E-02   3.8360794E-04  -6.4624637E-05  -2.5106931E-03   5.1734036E-03   1.3425380E-05  -4.0696277E-05   5.5657346E-06  -7.7640382E-06
 -3.6944265E-06   2.1266922E-05  -1.9703930E-06  -8.8439694E-05   4.4545272E-04  -2.3673059E-04  -1.1536357E-04  -1.9938444E-05  -1.8254851E-01   5.1384063E-01  -8.3723845E-01   6.2521563E-01   1.7093781E-01  -1.6236112E-02   6.8257917E-02   5.8678728E-03  -1.8037452E-01   2.4888571E-03   6.7021891E-03   7.2782637E-04  -1.6853722E-02  -1.6941654E-05   8.4582951E-05  -6.3072564E-05  -4.3530030E-05
  2.1732277E-06  -1.1241930E-05  -4.0331887E-06   1.3032635E-04  -2.3627640E-04   4.0621291E-04   5.5406049E-05   6.1326437E-05   1.7949358E-01   1.1268229E+00   4.0493252E-01  -2.7421436E-01  -5.7614293E-02   1.1360520E-02   5.8678728E-03   8.4797081E-02   4.6299768E-04   1.6473909E-03   1.6920669E-03   2.9533711E-03   2.0150024E-03   1.0246166E-05   1.1590524E-06  -8.8727890E-05  -6.1395579E-05
 -1.7698244E-05   8.2876119E-05   8.3773538E-05   3.6063957E-04  -2.3212333E-03   1.5094096E-04  -2.0913827E-03  -9.2197838E-05   7.3573486E+00  -9.0628362E+00  -7.5020578E+00  -2.6809368E+00  -3.3136991E+00  -9.0507827E-02  -1.8037452E-01   4.6299768E-04   7.3525192E+00  -2.6908938E-03  -1.0045214E-03  -2.1253803E-03  -3.0323860E-02  -3.1764756E-04   2.3783361E-04  -2.2568257E-04  -1.0449678E-04
 -1.2081964E-06   2.3695852E-05  -5.6357099E-06  -7.5851182E-05  -1.9257944E-04  -1.6047565E-04  -2.7762264E-05  -1.2124781E-05  -8.3242183E-02  -2.5059639E-02  -1.8155801E-01   9.1438029E-02   1.4260596E-02   3.8360794E-04   2.4888571E-03   1.6473909E-03  -2.6908938E-03   3.6616539E-02   3.6787787E-03   9.3136665E-05   1.1686042E-03   3.6411738E-05   1.2448449E-05  -1.1559896E-05  -8.3116207E-05
 -2.0539568E-06   4.6243823E-06  -2.1275218E-06  -4.8254656E-05   1.6592481E-04  -1.6100419E-04  -4.3163320E-06   1.0750789E-05   7.5217737E-02  -2.5942744E-01  -2.3276892E-01   1.2825394E-01   5.2929965E-03  -6.4624637E-05   6.7021891E-03   1.6920669E-03  -1.0045214E-03   3.6787787E-03   3.0018604E-02  -6.5381450E-05   5.4351951E-03  -7.4660530E-05  -3.8040678E-05   2.3046746E-05  -2.4994752E-05
  3.6270783E-07   4.3793130E-06  -6.4486663E-07   4.7829047E-05   3.2137618E-05   1.3597598E-04  -7.0020268E-06   7.0854589E-06  -2.9996113E-01   4.2532609E-02   4.9802482E-01  -4.2160318E-01   1.4134734E-02  -2.5106931E-03   7.2782637E-04   2.9533711E-03  -2.1253803E-03   9.3136665E-05  -6.5381450E-05   1.0395026E-02   8.4718897E-03   3.6786018E-06   5.8642101E-05   1.2688633E-05   5.7533227E-06
 -7.6006141E-08  -1.0466234E-05  -7.1734864E-07   5.0414297E-05   6.6648164E-05   8.3060566E-05   1.0544688E-05   1.1076113E-05  -2.9043423E-01  -4.8806190E-03  -3.9669391E-02  -1.1384026E-01   4.1035097E-02   5.1734036E-03  -1.6853722E-02   2.0150024E-03  -3.0323860E-02   1.1686042E-03   5.4351951E-03   8.4718897E-03   2.4832999E-02  -4.4667114E-06   5.6086364E-05   2.0181964E-05  -5.4947658E-06
  1.4992380E-08  -5.3808153E-08   5.8244323E-09   3.6026609E-08   4.6880199E-07   6.7799153E-07  -3.2548366E-07   3.2946429E-08   6.7840989E-03   9.0179462E-04   1.6355195E-03  -6.6471431E-04   3.1180649E-04   1.3425380E-05  -1.6941654E-05   1.0246166E-05  -3.1764756E-04   3.6411738E-05  -7.4660530E-05   3.6786018E-06  -4.4667114E-06   1.0206156E-06  -4.8192184E-08   1.9372462E-07   4.0742828E-07
 -1.1656482E-08   1.0022518E-07   5.5454391E-10   1.7293566E-07  -3.7601294E-07   4.6609366E-07  -6.8358016E-07  -1.0779786E-07   2.7678111E-03   5.7234364E-04  -7.3635181E-03   2.8658524E-03  -3.6446638E-04  -4.0696277E-05   8.4582951E-05   1.1590524E-06   2.3783361E-04   1.2448449E-05  -3.8040678E-05   5.8642101E-05   5.6086364E-05  -4.8192184E-08   2.3539960E-06  -2.1338095E-07   2.5881958E-07
 -1.6609374E-08  -7.4832235E-07   1.8133799E-08  -3.1118264E-06   3.3608053E-05  -7.8369573E-06   2.1668610E-06   8.8138603E-08  -4.7512837E-03  -2.5306751E-03   3.6193501E-03  -1.8274514E-03  -2.1848973E-04   5.5657346E-06  -6.3072564E-05  -8.8727890E-05  -2.2568257E-04  -1.1559896E-05   2.3046746E-05   1.2688633E-05   2.0181964E-05   1.9372462E-07  -2.1338095E-07   2.4044724E-05   7.0743334E-06
 -1.8235653E-07  -1.3862486E-06   8.0750570E-08  -9.8045523E-08   1.8660867E-05   9.5199053E-07  -2.1393677E-07   8.8806425E-07   4.8888262E-03   1.2707001E-03   3.2103760E-03  -3.6509489E-04  -5.4919748E-04  -7.7640382E-06  -4.3530030E-05  -6.1395579E-05  -1.0449678E-04  -8.3116207E-05  -2.4994752E-05   5.7533227E-06  -5.4947658E-06   4.0742828E-07   2.5881958E-07   7.0743334E-06   2.3980811E-05
