# omegabh2 omegach2 theta tau alpha1 logA ns calPlanck acib217 xi asz143 aps100 aps143 aps143217 aps217 aksz kgal100 kgal143 kgal143217 kgal217 cal0 cal2
    0.5126858E-07   -0.6863154E-07    0.8379283E-08    0.1304233E-05   -0.1935090E-06    0.2703225E-05    0.2821705E-07   -0.1979116E-07   -0.1543468E-03    0.2839165E-05    0.3777925E-04   -0.7722853E-03   -0.4857110E-03   -0.1838069E-03   -0.8351251E-04   -0.5758355E-04    0.8960677E-05    0.1117743E-04   -0.1689210E-04    0.1920842E-04    0.8828266E-09   -0.6250408E-08
   -0.6863154E-07    0.1460279E-05   -0.7542688E-07   -0.8497892E-05   -0.7401349E-07   -0.1341914E-04   -0.3645635E-05   -0.4674011E-07    0.4133901E-03   -0.5690970E-05   -0.1047547E-03    0.1163510E-02    0.8067220E-03    0.1669109E-03   -0.1638992E-03    0.1430765E-03    0.4899332E-04    0.5798205E-04    0.6948428E-04   -0.2500869E-04   -0.1994537E-07    0.5045416E-07
    0.8379283E-08   -0.7542688E-07    0.2014445E-06    0.3339098E-06    0.2941569E-06    0.5604191E-06    0.9447277E-06    0.4837412E-07   -0.2246460E-03    0.5027980E-05    0.3190722E-04   -0.5821317E-03   -0.9083830E-04    0.1961943E-03    0.3299988E-03   -0.6400435E-04    0.2095684E-04    0.9295732E-05    0.4229209E-04    0.1433892E-03    0.7414862E-09   -0.1209538E-07
    0.1304233E-05   -0.8497892E-05    0.3339098E-06    0.2034543E-03   -0.9738335E-05    0.3849752E-03    0.1519595E-04   -0.3547662E-05   -0.4745428E-02    0.1130768E-03    0.1275100E-02   -0.2868628E-01   -0.1430391E-01   -0.5870899E-02   -0.3704483E-02   -0.1672293E-02   -0.4034268E-03   -0.4512356E-03   -0.1138373E-02   -0.1006227E-02   -0.1258162E-06   -0.5162596E-06
   -0.1935090E-06   -0.7401349E-07    0.2941569E-06   -0.9738335E-05    0.3507886E-05   -0.2235388E-04    0.4862430E-05    0.7092025E-07   -0.1324058E-03    0.9989344E-05    0.2032662E-03   -0.2294903E-03    0.9984018E-03    0.1704184E-02    0.1432002E-02   -0.3353710E-03   -0.5829542E-04   -0.3796911E-04    0.2733090E-03    0.3778767E-03    0.5472532E-08    0.8565442E-08
    0.2703225E-05   -0.1341914E-04    0.5604191E-06    0.3849752E-03   -0.2235388E-04    0.7682814E-03    0.1568562E-04    0.5371804E-05   -0.9540510E-02    0.2810421E-03    0.2081421E-02   -0.4962777E-01   -0.2652462E-01   -0.9272418E-02   -0.2318844E-02   -0.3754486E-02   -0.9382157E-03   -0.9879748E-03   -0.3155327E-02   -0.1190616E-02   -0.9449806E-07   -0.1185925E-05
    0.2821705E-07   -0.3645635E-05    0.9447277E-06    0.1519595E-04    0.4862430E-05    0.1568562E-04    0.2859764E-04    0.4246795E-06   -0.6278749E-02    0.1690785E-03    0.1937209E-02   -0.3214939E-01   -0.6376140E-02    0.6353248E-02    0.8926794E-02   -0.3726592E-02    0.2801144E-03   -0.2703367E-03    0.3117155E-04    0.1683385E-02   -0.1487139E-06   -0.5468031E-06
   -0.1979116E-07   -0.4674011E-07    0.4837412E-07   -0.3547662E-05    0.7092025E-07    0.5371804E-05    0.4246795E-06    0.6462462E-05    0.1034233E-02   -0.1716446E-05    0.8553081E-05    0.5143170E-02    0.8099323E-03    0.3766809E-03    0.6866058E-03    0.1085663E-03   -0.5897042E-04    0.1690868E-03    0.6207645E-04    0.7322848E-03   -0.5944757E-07   -0.7650666E-08
   -0.1543468E-03    0.4133901E-03   -0.2246460E-03   -0.4745428E-02   -0.1324058E-03   -0.9540510E-02   -0.6278749E-02    0.1034233E-02    0.4187360E+02   -0.4639879E+00   -0.1547701E+01    0.4705910E+02    0.1043206E+01   -0.1964696E+02   -0.5772466E+02    0.7945774E+00   -0.1220202E+00    0.4188984E+00   -0.2359372E+01   -0.1893665E+02   -0.2316286E-03    0.4082289E-02
    0.2839165E-05   -0.5690970E-05    0.5027980E-05    0.1130768E-03    0.9989344E-05    0.2810421E-03    0.1690785E-03   -0.1716446E-05   -0.4639879E+00    0.8227412E-01   -0.7376475E-01   -0.7483097E+00    0.9438062E+00    0.1834350E+01    0.6896361E+00    0.6241926E-01   -0.7173251E-02    0.4559238E-02    0.1018163E+00    0.1026703E+00    0.4727276E-06   -0.1562684E-04
    0.3777925E-04   -0.1047547E-03    0.3190722E-04    0.1275100E-02    0.2032662E-03    0.2081421E-02    0.1937209E-02    0.8553081E-05   -0.1547701E+01   -0.7376475E-01    0.3849376E+01   -0.2861790E+02   -0.3393239E+01    0.8244539E+01    0.6997336E+01   -0.3012298E+01   -0.1291099E+00    0.5820472E-01    0.2618389E+01    0.2453842E+01    0.2223610E-03   -0.3065187E-03
   -0.7722853E-03    0.1163510E-02   -0.5821317E-03   -0.2868628E-01   -0.2294903E-03   -0.4962777E-01   -0.3214939E-01    0.5143170E-02    0.4705910E+02   -0.7483097E+00   -0.2861790E+02    0.7578325E+03    0.6063798E+02   -0.6590324E+02   -0.7638728E+02    0.1638504E+02   -0.4357233E+01    0.4384767E+01   -0.1211401E+02   -0.1745623E+02    0.5304669E-02    0.5286073E-02
   -0.4857110E-03    0.8067220E-03   -0.9083830E-04   -0.1430391E-01    0.9984018E-03   -0.2652462E-01   -0.6376140E-02    0.8099323E-03    0.1043206E+01    0.9438062E+00   -0.3393239E+01    0.6063798E+02    0.6112197E+02    0.4486909E+02    0.1889130E+02   -0.4549951E+01   -0.4517737E+00   -0.1423937E+01    0.4338593E+01    0.4578176E+01    0.2938547E-04    0.2117753E-03
   -0.1838069E-03    0.1669109E-03    0.1961943E-03   -0.5870899E-02    0.1704184E-02   -0.9272418E-02    0.6353248E-02    0.3766809E-03   -0.1964696E+02    0.1834350E+01    0.8244539E+01   -0.6590324E+02    0.4486909E+02    0.1003096E+03    0.6725350E+02   -0.1347379E+02   -0.6904021E+00   -0.5042344E+00    0.5819220E+01    0.6844207E+01    0.7316338E-03   -0.2210860E-02
   -0.8351251E-04   -0.1638992E-03    0.3299988E-03   -0.3704483E-02    0.1432002E-02   -0.2318844E-02    0.8926794E-02    0.6866058E-03   -0.5772466E+02    0.6896361E+00    0.6997336E+01   -0.7638728E+02    0.1889130E+02    0.6725350E+02    0.1180714E+03   -0.1171888E+02   -0.3557182E+00   -0.7199211E+00    0.6680677E+00    0.1629720E+02    0.6420699E-03   -0.7125032E-02
   -0.5758355E-04    0.1430765E-03   -0.6400435E-04   -0.1672293E-02   -0.3353710E-03   -0.3754486E-02   -0.3726592E-02    0.1085663E-03    0.7945774E+00    0.6241926E-01   -0.3012298E+01    0.1638504E+02   -0.4549951E+01   -0.1347379E+02   -0.1171888E+02    0.6804320E+01    0.7530149E-01   -0.5279833E-01   -0.2165330E+01   -0.2115434E+01   -0.1874158E-03    0.1588314E-03
    0.8960677E-05    0.4899332E-04    0.2095684E-04   -0.4034268E-03   -0.5829542E-04   -0.9382157E-03    0.2801144E-03   -0.5897042E-04   -0.1220202E+00   -0.7173251E-02   -0.1291099E+00   -0.4357233E+01   -0.4517737E+00   -0.6904021E+00   -0.3557182E+00    0.7530149E-01    0.3698651E+01    0.5249259E+00    0.1405082E-01   -0.4516751E-01    0.3041049E-03   -0.3503244E-04
    0.1117743E-04    0.5798205E-04    0.9295732E-05   -0.4512356E-03   -0.3796911E-04   -0.9879748E-03   -0.2703367E-03    0.1690868E-03    0.4188984E+00    0.4559238E-02    0.5820472E-01    0.4384767E+01   -0.1423937E+01   -0.5042344E+00   -0.7199211E+00   -0.5279833E-01    0.5249259E+00    0.3519542E+01    0.2481389E+01    0.1534660E+01   -0.2933285E-03   -0.1244031E-03
   -0.1689210E-04    0.6948428E-04    0.4229209E-04   -0.1138373E-02    0.2733090E-03   -0.3155327E-02    0.3117155E-04    0.6207645E-04   -0.2359372E+01    0.1018163E+00    0.2618389E+01   -0.1211401E+02    0.4338593E+01    0.5819220E+01    0.6680677E+00   -0.2165330E+01    0.1405082E-01    0.2481389E+01    0.1801301E+02    0.2700445E+02    0.8656429E-05    0.2564436E-02
    0.1920842E-04   -0.2500869E-04    0.1433892E-03   -0.1006227E-02    0.3778767E-03   -0.1190616E-02    0.1683385E-02    0.7322848E-03   -0.1893665E+02    0.1026703E+00    0.2453842E+01   -0.1745623E+02    0.4578176E+01    0.6844207E+01    0.1629720E+02   -0.2115434E+01   -0.4516751E-01    0.1534660E+01    0.2700445E+02    0.5672586E+02    0.1411461E-03    0.4670654E-02
    0.8828266E-09   -0.1994537E-07    0.7414862E-09   -0.1258162E-06    0.5472532E-08   -0.9449806E-07   -0.1487139E-06   -0.5944757E-07   -0.2316286E-03    0.4727276E-06    0.2223610E-03    0.5304669E-02    0.2938547E-04    0.7316338E-03    0.6420699E-03   -0.1874158E-03    0.3041049E-03   -0.2933285E-03    0.8656429E-05    0.1411461E-03    0.5817704E-06    0.5412106E-08
   -0.6250408E-08    0.5045416E-07   -0.1209538E-07   -0.5162596E-06    0.8565442E-08   -0.1185925E-05   -0.5468031E-06   -0.7650666E-08    0.4082289E-02   -0.1562684E-04   -0.3065187E-03    0.5286073E-02    0.2117753E-03   -0.2210860E-02   -0.7125032E-02    0.1588314E-03   -0.3503244E-04   -0.1244031E-03    0.2564436E-02    0.4670654E-02    0.5412106E-08    0.2059704E-05
