# omegabh2 omegach2 theta tau nnu logA ns calPlanck galfEE100 galfEE100143 galfEE100217 galfEE143 galfEE143217 galfEE217
    0.6084598E-05    0.3193441E-04   -0.7402648E-05    0.1113666E-04    0.2715223E-02    0.1661606E-03    0.9577123E-04   -0.2009415E-06    0.2174745E-05    0.2566867E-05    0.3811036E-06    0.2545505E-05    0.2413188E-05    0.7664523E-06
    0.3193441E-04    0.3002335E-03   -0.6255101E-04    0.5213829E-04    0.2126502E-01    0.1152673E-02    0.6086009E-03   -0.1144202E-05    0.1410606E-04    0.1612962E-04   -0.2481072E-05    0.1667362E-04    0.5176128E-05    0.9972035E-05
   -0.7402648E-05   -0.6255101E-04    0.1496303E-04   -0.1238825E-04   -0.4538945E-02   -0.2666350E-03   -0.1381103E-03    0.2960635E-06   -0.3363177E-05   -0.3960675E-05    0.2802175E-06   -0.4112746E-05   -0.1817202E-05   -0.5228691E-06
    0.1113666E-04    0.5213829E-04   -0.1238825E-04    0.3514666E-03    0.4856282E-02    0.9429999E-03    0.2071405E-03   -0.1091525E-05    0.7520159E-05    0.9116502E-05    0.2408877E-05    0.1005020E-04   -0.1315399E-05   -0.1816993E-04
    0.2715223E-02    0.2126502E-01   -0.4538945E-02    0.4856282E-02    0.1601541E+01    0.8788908E-01    0.4944606E-01   -0.8991730E-04    0.1307324E-02    0.1512699E-02   -0.6034600E-04    0.1558982E-02    0.7594792E-03    0.1351990E-02
    0.1661606E-03    0.1152673E-02   -0.2666350E-03    0.9429999E-03    0.8788908E-01    0.6755779E-02    0.2910114E-02    0.3743063E-05    0.6624983E-04    0.7794113E-04   -0.1457218E-05    0.8111829E-04    0.1562291E-04   -0.1241010E-03
    0.9577123E-04    0.6086009E-03   -0.1381103E-03    0.2071405E-03    0.4944606E-01    0.2910114E-02    0.1791555E-02   -0.3736934E-05    0.6606729E-04    0.7709665E-04   -0.1225183E-05    0.8051085E-04    0.1497245E-04   -0.1255579E-04
   -0.2009415E-06   -0.1144202E-05    0.2960635E-06   -0.1091525E-05   -0.8991730E-04    0.3743063E-05   -0.3736934E-05    0.6128702E-05    0.4210181E-06    0.2999444E-06   -0.6095284E-06    0.7218296E-06    0.1791831E-05    0.3011207E-05
    0.2174745E-05    0.1410606E-04   -0.3363177E-05    0.7520159E-05    0.1307324E-02    0.6624983E-04    0.6606729E-04    0.4210181E-06    0.3775044E-04    0.1516464E-04   -0.8120157E-06    0.9866073E-05    0.1651739E-05    0.1995231E-05
    0.2566867E-05    0.1612962E-04   -0.3960675E-05    0.9116502E-05    0.1512699E-02    0.7794113E-04    0.7709665E-04    0.2999444E-06    0.1516464E-04    0.3250593E-04    0.3028948E-06    0.2058590E-04    0.2396078E-06    0.4415362E-05
    0.3811036E-06   -0.2481072E-05    0.2802175E-06    0.2408877E-05   -0.6034600E-04   -0.1457218E-05   -0.1225183E-05   -0.6095284E-06   -0.8120157E-06    0.3028948E-06    0.1044783E-02   -0.2153632E-05   -0.1026710E-05    0.4239042E-04
    0.2545505E-05    0.1667362E-04   -0.4112746E-05    0.1005020E-04    0.1558982E-02    0.8111829E-04    0.8051085E-04    0.7218296E-06    0.9866073E-05    0.2058590E-04   -0.2153632E-05    0.5592144E-04    0.3447912E-05    0.3586282E-05
    0.2413188E-05    0.5176128E-05   -0.1817202E-05   -0.1315399E-05    0.7594792E-03    0.1562291E-04    0.1497245E-04    0.1791831E-05    0.1651739E-05    0.2396078E-06   -0.1026710E-05    0.3447912E-05    0.2175979E-02    0.8153197E-04
    0.7664523E-06    0.9972035E-05   -0.5228691E-06   -0.1816993E-04    0.1351990E-02   -0.1241010E-03   -0.1255579E-04    0.3011207E-05    0.1995231E-05    0.4415362E-05    0.4239042E-04    0.3586282E-05    0.8153197E-04    0.1698877E-01
