# omegabh2 omegach2 theta tau nnu yhe logA ns calPlanck acib217 xi asz143 aps100 aps143 aps143217 aps217 aksz kgal100 kgal143 kgal143217 kgal217 galfTE100 galfTE100143 galfTE100217 galfTE143 galfTE143217 galfTE217 cal0 cal2
  3.5851023E-08   1.8924953E-07   7.2686402E-09   2.3471531E-07   1.4899899E-05   9.2687556E-07   1.2191297E-06   9.5082088E-07   3.6378214E-09   5.0883668E-05  -9.7729360E-07   4.4655740E-06   1.3947356E-04   1.0448410E-04   7.4463282E-05   9.7746593E-06   1.3443315E-05   6.1942131E-06   3.0008859E-06   2.7475476E-06  -1.7129859E-05  -1.2830613E-07  -6.2851220E-08  -7.0593769E-08  -1.9095966E-07  -4.6601776E-07  -8.8996132E-07  -4.1219690E-10   2.5562150E-09
  1.8924953E-07   2.0324804E-05  -4.7223322E-06  -3.5797891E-06   1.2624099E-03  -5.3978469E-05   2.8602009E-05   1.3060723E-05  -3.1703885E-07   5.7955841E-04  -3.5127489E-05  -2.1133147E-04   3.1656444E-03   1.4459238E-04  -1.3082452E-03  -1.5845243E-03   2.8515169E-04  -5.9488017E-05   2.6045648E-04   1.4180145E-04   7.0638337E-05  -3.2989326E-06   2.3951202E-06  -3.5729086E-06   7.8871332E-06   7.8799259E-06  -1.5770929E-06   4.4134265E-08   9.3958032E-08
  7.2686402E-09  -4.7223322E-06   1.4088908E-06   8.5873645E-07  -3.0570600E-04   1.8816198E-05  -5.2058063E-06  -1.1063578E-06   2.9064859E-08   3.8821663E-04  -4.4148209E-06   1.6831561E-06   1.0378775E-03   1.0135753E-03   6.9176732E-04   2.6800553E-04   1.1902136E-04   5.7978425E-05  -7.6854671E-06   4.6560468E-05  -8.4776606E-05   8.0203175E-07  -7.7547423E-07   6.5959313E-07  -1.9877821E-06  -2.2272072E-06   1.8835062E-06  -2.2757136E-08   1.3672134E-11
  2.3471531E-07  -3.5797891E-06   8.5873645E-07   4.5459134E-05  -1.0844637E-04   1.2682068E-05   8.2877322E-05   9.0824434E-06  -8.6267435E-07  -6.8417449E-05   7.2905855E-05  -1.5342769E-05  -3.1303409E-03  -4.8106708E-04   1.0378798E-03  -2.7174342E-04  -4.7634524E-04  -1.3016575E-05  -1.7680290E-04  -7.0211404E-04  -1.9707373E-03  -1.0051790E-06   3.9431695E-06  -8.9941832E-06   3.8996263E-06  -8.9756898E-06  -6.9859364E-06  -2.8397174E-08  -1.7972809E-07
  1.4899899E-05   1.2624099E-03  -3.0570600E-04  -1.0844637E-04   8.1893002E-02  -3.5757126E-03   1.9764904E-03   9.4448770E-04  -9.0336715E-06   2.1821660E-02  -1.8067321E-03  -1.0318625E-02   1.2415603E-01  -2.7037396E-02  -9.5720622E-02  -9.5014073E-02   1.1832634E-02  -4.8353823E-03   1.4015494E-02   5.2924725E-03   1.1672140E-03  -2.1542219E-04   1.5057641E-04  -2.9390034E-04   4.5186801E-04   4.5602634E-04  -3.9923072E-04   3.6015773E-06   4.1263979E-06
  9.2687556E-07  -5.3978469E-05   1.8816198E-05   1.2682068E-05  -3.5757126E-03   3.2129406E-04  -3.0658520E-05   2.5180863E-05   2.4059460E-07   1.2622970E-02  -2.0354371E-04  -8.8127361E-04   4.4355593E-02   3.1585056E-02   1.7199017E-02   3.8707908E-03   4.1926047E-03   1.5084925E-03   8.2215623E-04   1.9300089E-03  -1.6106307E-03   7.0258926E-06  -1.6111199E-05   4.7138416E-06  -2.5301355E-05  -4.0774980E-05   7.1253503E-05  -4.3446030E-07   3.6165022E-07
  1.2191297E-06   2.8602009E-05  -5.2058063E-06   8.2877322E-05   1.9764904E-03  -3.0658520E-05   2.4806720E-04   5.4608290E-05   9.2678234E-06   2.7335630E-03   3.1783003E-05  -5.2711800E-04   1.0401408E-02   6.8862881E-03   4.8847975E-03   3.1720420E-03  -2.6726314E-04  -3.0265307E-04  -3.2503384E-04  -9.5446142E-04  -1.7650190E-03  -6.6311067E-06   4.9309141E-06  -1.0195396E-05   1.0464457E-05  -1.2266389E-05   3.9180984E-05   4.8890554E-08  -1.1663148E-07
  9.5082088E-07   1.3060723E-05  -1.1063578E-06   9.0824434E-06   9.4448770E-04   2.5180863E-05   5.4608290E-05   5.0592293E-05   3.1618822E-07   2.2485743E-03  -3.6649759E-05   1.1198275E-04   7.4361384E-04   6.8651234E-03   5.7783402E-03   2.8919019E-03   2.0792691E-04   7.8032277E-04   3.1400166E-04   4.4486876E-04  -3.7710126E-04  -1.6977806E-06  -2.3675695E-06  -8.8143438E-06  -8.2948452E-07  -6.0311794E-06   1.9780019E-05  -1.4545160E-07   9.0068776E-08
  3.6378214E-09  -3.1703885E-07   2.9064859E-08  -8.6267435E-07  -9.0336715E-06   2.4059460E-07   9.2678234E-06   3.1618822E-07   5.8105996E-06   1.6312503E-04  -9.2452257E-06   5.7558933E-05   2.4186483E-03   4.0833324E-04   3.4161276E-04   1.8560656E-03  -7.6771577E-05  -9.2615698E-05  -1.0487115E-04   4.4876031E-05   1.1538789E-03  -7.1602296E-08  -2.4609969E-06   5.2469979E-06  -4.0603717E-06   8.0456450E-08   2.3951106E-05  -1.7218641E-08  -1.5167283E-08
  5.0883668E-05   5.7955841E-04   3.8821663E-04  -6.8417449E-05   2.1821660E-02   1.2622970E-02   2.7335630E-03   2.2485743E-03   1.6312503E-04   4.3076175E+01  -3.9143181E-01  -5.9773376E-01   3.5152778E+01   4.0662376E+00  -1.0286666E+01  -5.1732980E+01  -1.7973083E-01   1.4937353E-02   6.5078079E-01  -5.0600432E+00  -3.0818801E+01  -5.2695486E-03  -1.2555036E-03  -1.8144803E-02  -9.0175491E-04  -9.1064101E-03   6.4739370E-03  -2.1745514E-04   6.9310192E-04
 -9.7729360E-07  -3.5127489E-05  -4.4148209E-06   7.2905855E-05  -1.8067321E-03  -2.0354371E-04   3.1783003E-05  -3.6649759E-05  -9.2452257E-06  -3.9143181E-01   8.0546500E-02  -5.7779837E-02  -4.1459618E-01   8.7153780E-01   1.5963079E+00   5.8221266E-01   4.5793107E-02  -1.1370864E-02   1.6845443E-02   1.0518548E-01   1.2269886E-01   8.0624329E-05   2.9125961E-05   7.6349009E-04  -1.9565230E-04   4.0226554E-05   7.7883480E-04   4.4508468E-06  -1.7429932E-06
  4.4655740E-06  -2.1133147E-04   1.6831561E-06  -1.5342769E-05  -1.0318625E-02  -8.8127361E-04  -5.2711800E-04   1.1198275E-04   5.7558933E-05  -5.9773376E-01  -5.7779837E-02   3.8239841E+00  -3.0726400E+01  -4.0208866E+00   6.7555698E+00   4.5079001E+00  -2.6351693E+00  -1.5178802E-01   1.1397411E-01   2.4713724E+00   2.9428184E+00  -2.7352140E-03  -5.4662632E-04   2.9402283E-03   1.3021206E-04   6.3926954E-04   6.2889992E-03   1.0976040E-04  -4.8138557E-05
  1.3947356E-04   3.1656444E-03   1.0378775E-03  -3.1303409E-03   1.2415603E-01   4.4355593E-02   1.0401408E-02   7.4361384E-04   2.4186483E-03   3.5152778E+01  -4.1459618E-01  -3.0726400E+01   7.8233859E+02   7.6562342E+01  -4.7339813E+01  -5.4475157E+01   1.5383092E+01  -6.7266861E+00   5.9246994E+00  -1.0679668E+01  -2.1137129E+01   2.0347516E-02  -7.7163483E-03  -3.7649726E-02  -9.3615724E-03  -5.9347973E-02   9.8896868E-02   3.5370081E-03   5.9350032E-04
  1.0448410E-04   1.4459238E-04   1.0135753E-03  -4.8106708E-04  -2.7037396E-02   3.1585056E-02   6.8862881E-03   6.8651234E-03   4.0833324E-04   4.0662376E+00   8.7153780E-01  -4.0208866E+00   7.6562342E+01   6.5223221E+01   4.0131214E+01   1.3622741E+01  -3.4770515E+00  -5.5739335E-01  -1.1524344E+00   3.2425477E+00   3.2426433E+00   1.9829290E-03   3.8298618E-04  -3.6911714E-03  -3.4347305E-03  -2.2762803E-02   2.4647119E-02   8.2542818E-06   2.9435109E-04
  7.4463282E-05  -1.3082452E-03   6.9176732E-04   1.0378798E-03  -9.5720622E-02   1.7199017E-02   4.8847975E-03   5.7783402E-03   3.4161276E-04  -1.0286666E+01   1.5963079E+00   6.7555698E+00  -4.7339813E+01   4.0131214E+01   8.0653128E+01   4.8047360E+01  -1.0362055E+01  -6.9544984E-01  -4.3537473E-01   4.4978646E+00   6.0735800E+00  -6.4511511E-03  -3.7320533E-03   1.4246478E-02  -9.8596147E-03  -1.2035053E-02   5.1319891E-02   3.4167939E-04  -2.9205197E-04
  9.7746593E-06  -1.5845243E-03   2.6800553E-04  -2.7174342E-04  -9.5014073E-02   3.8707908E-03   3.1720420E-03   2.8919019E-03   1.8560656E-03  -5.1732980E+01   5.8221266E-01   4.5079001E+00  -5.4475157E+01   1.3622741E+01   4.8047360E+01   9.7308164E+01  -7.8617748E+00  -4.5825100E-01  -1.3246009E+00   4.3130129E+00   2.9623164E+01   2.1279019E-03  -5.9871240E-03   1.6470869E-02  -1.4293467E-02  -2.1193637E-03   1.0770043E-02   4.0160426E-04  -1.2664542E-03
  1.3443315E-05   2.8515169E-04   1.1902136E-04  -4.7634524E-04   1.1832634E-02   4.1926047E-03  -2.6726314E-04   2.0792691E-04  -7.6771577E-05  -1.7973083E-01   4.5793107E-02  -2.6351693E+00   1.5383092E+01  -3.4770515E+00  -1.0362055E+01  -7.8617748E+00   5.6578995E+00   1.5696094E-01  -1.1071844E-01  -1.8619697E+00  -1.9805603E+00   9.1904885E-04  -5.4302420E-05   4.2263360E-04   1.1222652E-03   6.0205029E-03  -8.7903116E-03  -6.4566487E-05   4.7849502E-05
  6.1942131E-06  -5.9488017E-05   5.7978425E-05  -1.3016575E-05  -4.8353823E-03   1.5084925E-03  -3.0265307E-04   7.8032277E-04  -9.2615698E-05   1.4937353E-02  -1.1370864E-02  -1.5178802E-01  -6.7266861E+00  -5.5739335E-01  -6.9544984E-01  -4.5825100E-01   1.5696094E-01   3.3996426E+00   6.3682846E-01   2.4192253E-01   4.7219742E-01  -1.7483529E-03  -1.1212273E-03   2.9062925E-03  -2.8860100E-03  -1.2431739E-03   8.9041987E-03   1.7775364E-04   1.7484263E-05
  3.0008859E-06   2.6045648E-04  -7.6854671E-06  -1.7680290E-04   1.4015494E-02   8.2215623E-04  -3.2503384E-04   3.1400166E-04  -1.0487115E-04   6.5078079E-01   1.6845443E-02   1.1397411E-01   5.9246994E+00  -1.1524344E+00  -4.3537473E-01  -1.3246009E+00  -1.1071844E-01   6.3682846E-01   3.2527803E+00   2.8095300E+00   2.8357423E+00   1.3378648E-04  -1.1491912E-03  -2.5814877E-03   1.0548141E-03  -4.4365074E-04   9.0109282E-03  -1.9173693E-04  -2.0925898E-05
  2.7475476E-06   1.4180145E-04   4.6560468E-05  -7.0211404E-04   5.2924725E-03   1.9300089E-03  -9.5446142E-04   4.4486876E-04   4.4876031E-05  -5.0600432E+00   1.0518548E-01   2.4713724E+00  -1.0679668E+01   3.2425477E+00   4.4978646E+00   4.3130129E+00  -1.8619697E+00   2.4192253E-01   2.8095300E+00   1.0527824E+01   1.8638448E+01   5.4221842E-04   3.3718687E-04   3.8571184E-03   2.9430588E-03   1.7516785E-05   2.4368174E-02  -1.8070243E-05   4.4103040E-04
 -1.7129859E-05   7.0638337E-05  -8.4776606E-05  -1.9707373E-03   1.1672140E-03  -1.6106307E-03  -1.7650190E-03  -3.7710126E-04   1.1538789E-03  -3.0818801E+01   1.2269886E-01   2.9428184E+00  -2.1137129E+01   3.2426433E+00   6.0735800E+00   2.9623164E+01  -1.9805603E+00   4.7219742E-01   2.8357423E+00   1.8638448E+01   5.1411984E+01   4.4454085E-03   2.4860284E-03   1.7280587E-02   9.8631511E-03   9.4796194E-03   5.1459406E-02   8.1960773E-05   1.0442116E-03
 -1.2830613E-07  -3.2989326E-06   8.0203175E-07  -1.0051790E-06  -2.1542219E-04   7.0258926E-06  -6.6311067E-06  -1.6977806E-06  -7.1602296E-08  -5.2695486E-03   8.0624329E-05  -2.7352140E-03   2.0347516E-02   1.9829290E-03  -6.4511511E-03   2.1279019E-03   9.1904885E-04  -1.7483529E-03   1.3378648E-04   5.4221842E-04   4.4454085E-03   1.4272580E-03   2.5173545E-04   6.9932093E-05  -3.4944244E-04  -7.4959763E-05  -3.2410915E-04  -3.6458209E-07   2.8402267E-07
 -6.2851220E-08   2.3951202E-06  -7.7547423E-07   3.9431695E-06   1.5057641E-04  -1.6111199E-05   4.9309141E-06  -2.3675695E-06  -2.4609969E-06  -1.2555036E-03   2.9125961E-05  -5.4662632E-04  -7.7163483E-03   3.8298618E-04  -3.7320533E-03  -5.9871240E-03  -5.4302420E-05  -1.1212273E-03  -1.1491912E-03   3.3718687E-04   2.4860284E-03   2.5173545E-04   8.7365590E-04   6.8654020E-05   7.5093956E-04   2.8442813E-05  -8.1691978E-04  -3.2991419E-07   1.6195009E-07
 -7.0593769E-08  -3.5729086E-06   6.5959313E-07  -8.9941832E-06  -2.9390034E-04   4.7138416E-06  -1.0195396E-05  -8.8143438E-06   5.2469979E-06  -1.8144803E-02   7.6349009E-04   2.9402283E-03  -3.7649726E-02  -3.6911714E-03   1.4246478E-02   1.6470869E-02   4.2263360E-04   2.9062925E-03  -2.5814877E-03   3.8571184E-03   1.7280587E-02   6.9932093E-05   6.8654020E-05   7.2030623E-03  -2.8298748E-04   6.2346329E-04   4.1325527E-03   8.2296282E-07  -1.3792138E-06
 -1.9095966E-07   7.8871332E-06  -1.9877821E-06   3.8996263E-06   4.5186801E-04  -2.5301355E-05   1.0464457E-05  -8.2948452E-07  -4.0603717E-06  -9.0175491E-04  -1.9565230E-04   1.3021206E-04  -9.3615724E-03  -3.4347305E-03  -9.8596147E-03  -1.4293467E-02   1.1222652E-03  -2.8860100E-03   1.0548141E-03   2.9430588E-03   9.8631511E-03  -3.4944244E-04   7.5093956E-04  -2.8298748E-04   2.9174877E-03   5.2333130E-04  -1.1050223E-03  -3.8750019E-07   1.3116207E-07
 -4.6601776E-07   7.8799259E-06  -2.2272072E-06  -8.9756898E-06   4.5602634E-04  -4.0774980E-05  -1.2266389E-05  -6.0311794E-06   8.0456450E-08  -9.1064101E-03   4.0226554E-05   6.3926954E-04  -5.9347973E-02  -2.2762803E-02  -1.2035053E-02  -2.1193637E-03   6.0205029E-03  -1.2431739E-03  -4.4365074E-04   1.7516785E-05   9.4796194E-03  -7.4959763E-05   2.8442813E-05   6.2346329E-04   5.2333130E-04   6.5781953E-03   8.4491929E-03   4.6615048E-07  -3.5985806E-08
 -8.8996132E-07  -1.5770929E-06   1.8835062E-06  -6.9859364E-06  -3.9923072E-04   7.1253503E-05   3.9180984E-05   1.9780019E-05   2.3951106E-05   6.4739370E-03   7.7883480E-04   6.2889992E-03   9.8896868E-02   2.4647119E-02   5.1319891E-02   1.0770043E-02  -8.7903116E-03   8.9041987E-03   9.0109282E-03   2.4368174E-02   5.1459406E-02  -3.2410915E-04  -8.1691978E-04   4.1325527E-03  -1.1050223E-03   8.4491929E-03   7.1326705E-02   5.6297246E-06  -1.3992668E-06
 -4.1219690E-10   4.4134265E-08  -2.2757136E-08  -2.8397174E-08   3.6015773E-06  -4.3446030E-07   4.8890554E-08  -1.4545160E-07  -1.7218641E-08  -2.1745514E-04   4.4508468E-06   1.0976040E-04   3.5370081E-03   8.2542818E-06   3.4167939E-04   4.0160426E-04  -6.4566487E-05   1.7775364E-04  -1.9173693E-04  -1.8070243E-05   8.1960773E-05  -3.6458209E-07  -3.2991419E-07   8.2296282E-07  -3.8750019E-07   4.6615048E-07   5.6297246E-06   3.7085235E-07  -1.0382634E-09
  2.5562150E-09   9.3958032E-08   1.3672134E-11  -1.7972809E-07   4.1263979E-06   3.6165022E-07  -1.1663148E-07   9.0068776E-08  -1.5167283E-08   6.9310192E-04  -1.7429932E-06  -4.8138557E-05   5.9350032E-04   2.9435109E-04  -2.9205197E-04  -1.2664542E-03   4.7849502E-05   1.7484263E-05  -2.0925898E-05   4.4103040E-04   1.0442116E-03   2.8402267E-07   1.6195009E-07  -1.3792138E-06   1.3116207E-07  -3.5985806E-08  -1.3992668E-06  -1.0382634E-09   3.9626039E-07
