# omegabh2 omegach2 theta tau logA ns calPlanck acib217 xi asz143 aps100 aps143 aps143217 aps217 aksz kgal100 kgal143 kgal143217 kgal217 galfEE100 galfEE100143 galfEE100217 galfEE143 galfEE143217 galfEE217 galfTE100 galfTE100143 galfTE100217 galfTE143 galfTE143217 galfTE217 cal0 cal2
    0.2448499E-07   -0.1383913E-06    0.2069657E-07    0.9804941E-06    0.1740334E-05    0.3835617E-06    0.1472806E-07   -0.1151425E-03    0.2589580E-05    0.2635035E-04   -0.5285648E-03   -0.2462897E-03   -0.3477717E-04    0.5167867E-04   -0.4766027E-04    0.2165864E-05   -0.7222894E-05   -0.2835466E-04   -0.1353373E-04    0.4301929E-07    0.6095499E-07    0.1287220E-06    0.7604286E-07   -0.2829604E-07    0.1465856E-06   -0.5428816E-07   -0.7278319E-07    0.1080478E-06   -0.3927965E-06   -0.7765566E-06   -0.2401378E-05    0.1789476E-08   -0.1118373E-07
   -0.1383913E-06    0.2080432E-05   -0.1836499E-06   -0.1052858E-04   -0.1623188E-04   -0.5380634E-05   -0.1399639E-06    0.4853436E-03   -0.4811671E-05   -0.1576165E-03    0.2769331E-02    0.1629200E-02    0.6400892E-03    0.1722554E-03    0.1965510E-03   -0.3014208E-04   -0.1340379E-04    0.1321309E-03    0.1094454E-03   -0.5016516E-06   -0.7388422E-06   -0.2216209E-06   -0.9143977E-06    0.1171769E-06   -0.8357511E-06    0.7898978E-06    0.2766942E-06   -0.4895794E-07    0.2156847E-05    0.5684430E-05    0.1623293E-04    0.1462484E-07    0.7969886E-07
    0.2069657E-07   -0.1836499E-06    0.1040832E-06    0.1150785E-05    0.1966709E-05    0.5993042E-06    0.8772140E-08   -0.5233131E-04    0.1865937E-05    0.1041382E-04   -0.2961760E-03   -0.1058595E-03   -0.2325382E-04   -0.1191779E-05   -0.1821090E-04    0.1020661E-05    0.1695590E-05   -0.1277491E-04   -0.1282394E-04    0.5655164E-07    0.6497005E-07    0.8924018E-07    0.7650370E-07   -0.3281722E-06    0.7891579E-07   -0.6371047E-07   -0.4575083E-07    0.1943402E-07   -0.4536388E-06   -0.6458043E-06   -0.1749080E-05   -0.4066214E-08   -0.4703406E-08
    0.9804941E-06   -0.1052858E-04    0.1150785E-05    0.2999843E-03    0.5716479E-03    0.3934349E-04   -0.1560138E-05   -0.1286995E-01    0.2047047E-03    0.2598286E-02   -0.6399773E-01   -0.2047816E-01   -0.9290724E-04    0.9625851E-02   -0.5604285E-02   -0.1849395E-03   -0.1006684E-02   -0.3239397E-02   -0.1475842E-02    0.7534863E-06    0.4338455E-05   -0.1904560E-05    0.4892887E-05   -0.8445893E-05    0.4928903E-05   -0.5058197E-05   -0.8688488E-06    0.1288122E-04   -0.1349336E-04   -0.4070274E-04   -0.1493064E-03   -0.6602648E-07   -0.1407401E-05
    0.1740334E-05   -0.1623188E-04    0.1966709E-05    0.5716479E-03    0.1127365E-02    0.6446735E-04    0.9411740E-05   -0.2463389E-01    0.4602665E-03    0.4715708E-02   -0.1163523E+00   -0.3530005E-01    0.4095297E-02    0.2535526E-01   -0.1155642E-01   -0.6991646E-03   -0.2837224E-02   -0.6925377E-02   -0.1439842E-02    0.1460364E-05    0.7090627E-05   -0.7783964E-06    0.9472308E-05   -0.1487890E-04   -0.8345129E-05   -0.8419116E-05   -0.1529183E-05    0.2553438E-04   -0.2031239E-04   -0.7535975E-04   -0.2198521E-03    0.1617579E-06   -0.2654359E-05
    0.3835617E-06   -0.5380634E-05    0.5993042E-06    0.3934349E-04    0.6446735E-04    0.2366775E-04    0.3116255E-06   -0.5361943E-02    0.1229061E-03    0.1262167E-02   -0.2897260E-01   -0.8300523E-02    0.1743683E-02    0.5165515E-02   -0.2682002E-02    0.3666291E-03   -0.1736427E-03   -0.7426599E-03    0.3200483E-03    0.2210321E-05    0.3530258E-05   -0.1182548E-05    0.4290105E-05    0.1181282E-05    0.1147907E-04   -0.2189394E-05   -0.3328253E-06    0.2015209E-05   -0.6855394E-05   -0.8115570E-05   -0.3009033E-04   -0.1806441E-06   -0.4702475E-06
    0.1472806E-07   -0.1399639E-06    0.8772140E-08   -0.1560138E-05    0.9411740E-05    0.3116255E-06    0.6331954E-05    0.9010895E-03   -0.5504292E-06   -0.8162123E-04    0.4144240E-02    0.6063482E-03    0.4260128E-04    0.9078124E-03    0.7160423E-05   -0.2333013E-04   -0.1410852E-03   -0.1490648E-03    0.6735878E-03    0.7634781E-06    0.4145881E-06    0.1267304E-05    0.1302328E-05    0.2322861E-05   -0.4386937E-05   -0.6503390E-06    0.2508164E-06   -0.8411813E-06    0.1540535E-05   -0.2436791E-05    0.2089590E-04    0.1385829E-07    0.3555814E-07
   -0.1151425E-03    0.4853436E-03   -0.5233131E-04   -0.1286995E-01   -0.2463389E-01   -0.5361943E-02    0.9010895E-03    0.4309614E+02   -0.4794559E+00   -0.1606903E+01    0.4072467E+02   -0.4188522E+00   -0.2134081E+02   -0.6079309E+02    0.5189635E+00   -0.6529463E-01    0.2642548E+00   -0.2111493E+01   -0.1859281E+02   -0.4727397E-03   -0.7896815E-03   -0.2593090E-03   -0.4660872E-03    0.2919506E-02    0.1535872E-01   -0.1274296E-03    0.2960284E-02   -0.5218755E-02    0.5453846E-02   -0.7477241E-02   -0.3536725E-04   -0.2805505E-03    0.4324233E-02
    0.2589580E-05   -0.4811671E-05    0.1865937E-05    0.2047047E-03    0.4602665E-03    0.1229061E-03   -0.5504292E-06   -0.4794559E+00    0.8168792E-01   -0.6136511E-01   -0.5783568E+00    0.1067831E+01    0.1976211E+01    0.7860678E+00    0.5433195E-01   -0.3533975E-02    0.7335221E-02    0.1218839E+00    0.1088509E+00    0.1597303E-04    0.7454565E-05    0.3429119E-04    0.1090722E-04   -0.4033726E-03   -0.2651096E-03   -0.1791138E-03   -0.5383117E-04    0.6010131E-04   -0.3789405E-04    0.4403944E-03    0.9826969E-04    0.9080022E-05   -0.1821785E-04
    0.2635035E-04   -0.1576165E-03    0.1041382E-04    0.2598286E-02    0.4715708E-02    0.1262167E-02   -0.8162123E-04   -0.1606903E+01   -0.6136511E-01    0.3609850E+01   -0.2783660E+02   -0.3855504E+01    0.7559027E+01    0.6339891E+01   -0.2443052E+01   -0.1692608E+00    0.1156598E+00    0.2302182E+01    0.2028044E+01    0.7281642E-04    0.1226756E-03    0.2805617E-03    0.7816549E-04   -0.3095723E-03   -0.4202137E-02    0.8070613E-03    0.5152085E-03    0.3007006E-02    0.4718527E-03    0.1182386E-03   -0.5455862E-02    0.1763641E-03   -0.3411272E-03
   -0.5285648E-03    0.2769331E-02   -0.2961760E-03   -0.6399773E-01   -0.1163523E+00   -0.2897260E-01    0.4144240E-02    0.4072467E+02   -0.5783568E+00   -0.2783660E+02    0.7679527E+03    0.6623633E+02   -0.6008561E+02   -0.6939275E+02    0.1198739E+02   -0.4153733E+01    0.3243640E+01   -0.1014353E+02   -0.1245033E+02   -0.1603937E-03   -0.2912012E-02   -0.1341405E-01   -0.3275008E-02    0.1990054E-01   -0.1009794E-01    0.7623024E-02   -0.6569018E-02   -0.1810025E-01   -0.5093460E-02   -0.9760154E-02    0.7932831E-01    0.6186131E-02    0.4040152E-02
   -0.2462897E-03    0.1629200E-02   -0.1058595E-03   -0.2047816E-01   -0.3530005E-01   -0.8300523E-02    0.6063482E-03   -0.4188522E+00    0.1067831E+01   -0.3855504E+01    0.6623633E+02    0.6089810E+02    0.4529961E+02    0.1819906E+02   -0.4149806E+01   -0.3477270E+00   -0.1044477E+01    0.3900258E+01    0.3921407E+01   -0.7874695E-03   -0.1641345E-02   -0.3589340E-02   -0.1262475E-02   -0.8772493E-02   -0.3892530E-02   -0.1502806E-02    0.2053610E-02   -0.9391297E-02    0.4106225E-02    0.3568459E-02    0.2757668E-01    0.1281319E-03    0.6513427E-04
   -0.3477717E-04    0.6400892E-03   -0.2325382E-04   -0.9290724E-04    0.4095297E-02    0.1743683E-02    0.4260128E-04   -0.2134081E+02    0.1976211E+01    0.7559027E+01   -0.6008561E+02    0.4529961E+02    0.1011133E+03    0.6650768E+02   -0.1123578E+02   -0.6663341E+00   -0.2300704E+00    0.5033064E+01    0.5057498E+01   -0.1819499E-04   -0.6877454E-03   -0.4916241E-03   -0.2354218E-03   -0.1367383E-01   -0.2988524E-01   -0.1963254E-02    0.3457481E-03    0.6301829E-02    0.1126552E-03    0.1879245E-01    0.2531200E-01    0.7746862E-03   -0.2619796E-02
    0.5167867E-04    0.1722554E-03   -0.1191779E-05    0.9625851E-02    0.2535526E-01    0.5165515E-02    0.9078124E-03   -0.6079309E+02    0.7860678E+00    0.6339891E+01   -0.6939275E+02    0.1819906E+02    0.6650768E+02    0.1204184E+03   -0.9692786E+01   -0.2543620E+00   -0.6125808E+00   -0.6730136E+00    0.1476856E+02    0.5492491E-03   -0.1655790E-04   -0.1990364E-02    0.2925564E-03   -0.7922824E-02   -0.3576976E-01    0.2756306E-03   -0.3846025E-02    0.9537494E-02   -0.6786661E-02    0.1729865E-01    0.3666000E-01    0.7041685E-03   -0.7650863E-02
   -0.4766027E-04    0.1965510E-03   -0.1821090E-04   -0.5604285E-02   -0.1155642E-01   -0.2682002E-02    0.7160423E-05    0.5189635E+00    0.5433195E-01   -0.2443052E+01    0.1198739E+02   -0.4149806E+01   -0.1123578E+02   -0.9692786E+01    0.5547554E+01    0.7934022E-01   -0.1592943E+00   -0.1870586E+01   -0.1658310E+01   -0.1352083E-03   -0.9339548E-04    0.1199702E-02   -0.3273132E-03    0.1139568E-02    0.3434428E-02   -0.1499798E-02   -0.2006289E-03   -0.7286377E-03    0.8505854E-03    0.9101575E-03   -0.5172868E-02   -0.1208062E-03    0.1298668E-03
    0.2165864E-05   -0.3014208E-04    0.1020661E-05   -0.1849395E-03   -0.6991646E-03    0.3666291E-03   -0.2333013E-04   -0.6529463E-01   -0.3533975E-02   -0.1692608E+00   -0.4153733E+01   -0.3477270E+00   -0.6663341E+00   -0.2543620E+00    0.7934022E-01    0.3527502E+01    0.3851615E+00    0.1444624E+00    0.2617989E+00   -0.3562330E-04    0.1831402E-04   -0.1494306E-03    0.1300498E-03   -0.7651954E-03    0.3263446E-02   -0.5991009E-04   -0.1676373E-04   -0.2403822E-02   -0.1598513E-02    0.4415219E-03   -0.7407588E-02    0.3047722E-03    0.2489858E-04
   -0.7222894E-05   -0.1340379E-04    0.1695590E-05   -0.1006684E-02   -0.2837224E-02   -0.1736427E-03   -0.1410852E-03    0.2642548E+00    0.7335221E-02    0.1156598E+00    0.3243640E+01   -0.1044477E+01   -0.2300704E+00   -0.6125808E+00   -0.1592943E+00    0.3851615E+00    0.3421554E+01    0.2779455E+01    0.1893036E+01    0.2193344E-03   -0.1002066E-04   -0.5572947E-03   -0.4636285E-04    0.1202775E-02   -0.2845782E-02    0.9051990E-03   -0.4148568E-03    0.1256421E-02   -0.4195287E-03   -0.4753475E-03   -0.4843005E-02   -0.2829408E-03   -0.1599419E-03
   -0.2835466E-04    0.1321309E-03   -0.1277491E-04   -0.3239397E-02   -0.6925377E-02   -0.7426599E-03   -0.1490648E-03   -0.2111493E+01    0.1218839E+00    0.2302182E+01   -0.1014353E+02    0.3900258E+01    0.5033064E+01   -0.6730136E+00   -0.1870586E+01    0.1444624E+00    0.2779455E+01    0.1758564E+02    0.2638012E+02    0.2363658E-03   -0.2998674E-04   -0.6937645E-03   -0.1531342E-03   -0.1935920E-02   -0.7537099E-02    0.4099926E-02    0.1130160E-02   -0.4672646E-03    0.8870420E-03   -0.7380789E-02   -0.2274569E-01    0.3362960E-05    0.2624777E-02
   -0.1353373E-04    0.1094454E-03   -0.1282394E-04   -0.1475842E-02   -0.1439842E-02    0.3200483E-03    0.6735878E-03   -0.1859281E+02    0.1088509E+00    0.2028044E+01   -0.1245033E+02    0.3921407E+01    0.5057498E+01    0.1476856E+02   -0.1658310E+01    0.2617989E+00    0.1893036E+01    0.2638012E+02    0.5595364E+02    0.4849507E-03    0.5815297E-03    0.6065823E-03    0.6126883E-03   -0.9504286E-03   -0.1505935E-01    0.6553770E-02    0.1810253E-03   -0.3079715E-02   -0.1029232E-02   -0.1050778E-01   -0.1649773E-01    0.1020803E-03    0.4748412E-02
    0.4301929E-07   -0.5016516E-06    0.5655164E-07    0.7534863E-06    0.1460364E-05    0.2210321E-05    0.7634781E-06   -0.4727397E-03    0.1597303E-04    0.7281642E-04   -0.1603937E-03   -0.7874695E-03   -0.1819499E-04    0.5492491E-03   -0.1352083E-03   -0.3562330E-04    0.2193344E-03    0.2363658E-03    0.4849507E-03    0.3127845E-04    0.8695627E-05    0.1052910E-05    0.3414740E-05   -0.4070908E-05    0.6676389E-05    0.2735831E-05   -0.4258636E-06   -0.1239170E-05   -0.4623301E-05   -0.3152048E-05   -0.2710833E-04   -0.1139860E-07   -0.4699606E-07
    0.6095499E-07   -0.7388422E-06    0.6497005E-07    0.4338455E-05    0.7090627E-05    0.3530258E-05    0.4145881E-06   -0.7896815E-03    0.7454565E-05    0.1226756E-03   -0.2912012E-02   -0.1641345E-02   -0.6877454E-03   -0.1655790E-04   -0.9339548E-04    0.1831402E-04   -0.1002066E-04   -0.2998674E-04    0.5815297E-03    0.8695627E-05    0.2545835E-04   -0.1622802E-05    0.1260249E-04    0.2766707E-06   -0.1528193E-05    0.8870174E-06   -0.3582684E-05    0.5741210E-05   -0.6119142E-05   -0.4338244E-05   -0.1211210E-04   -0.2763617E-07    0.1023612E-07
    0.1287220E-06   -0.2216209E-06    0.8924018E-07   -0.1904560E-05   -0.7783964E-06   -0.1182548E-05    0.1267304E-05   -0.2593090E-03    0.3429119E-04    0.2805617E-03   -0.1341405E-01   -0.3589340E-02   -0.4916241E-03   -0.1990364E-02    0.1199702E-02   -0.1494306E-03   -0.5572947E-03   -0.6937645E-03    0.6065823E-03    0.1052910E-05   -0.1622802E-05    0.1081698E-02   -0.1829144E-05    0.2629171E-05    0.2078023E-04   -0.9988574E-05   -0.4415057E-05    0.4500953E-04   -0.2497718E-04   -0.3353580E-04   -0.5009711E-04    0.3534769E-07    0.3935454E-06
    0.7604286E-07   -0.9143977E-06    0.7650370E-07    0.4892887E-05    0.9472308E-05    0.4290105E-05    0.1302328E-05   -0.4660872E-03    0.1090722E-04    0.7816549E-04   -0.3275008E-02   -0.1262475E-02   -0.2354218E-03    0.2925564E-03   -0.3273132E-03    0.1300498E-03   -0.4636285E-04   -0.1531342E-03    0.6126883E-03    0.3414740E-05    0.1260249E-04   -0.1829144E-05    0.4752964E-04    0.2111284E-05   -0.1969081E-05   -0.1250699E-07   -0.3351327E-06   -0.1294193E-04    0.3214983E-05    0.3331319E-05    0.2447251E-06   -0.5017427E-07    0.2795193E-07
   -0.2829604E-07    0.1171769E-06   -0.3281722E-06   -0.8445893E-05   -0.1487890E-04    0.1181282E-05    0.2322861E-05    0.2919506E-02   -0.4033726E-03   -0.3095723E-03    0.1990054E-01   -0.8772493E-02   -0.1367383E-01   -0.7922824E-02    0.1139568E-02   -0.7651954E-03    0.1202775E-02   -0.1935920E-02   -0.9504286E-03   -0.4070908E-05    0.2766707E-06    0.2629171E-05    0.2111284E-05    0.2194663E-02    0.8932676E-04    0.8288599E-05    0.4418843E-05    0.6260327E-04   -0.1157324E-04    0.2286750E-04   -0.7426748E-04   -0.4207897E-06   -0.2079414E-07
    0.1465856E-06   -0.8357511E-06    0.7891579E-07    0.4928903E-05   -0.8345129E-05    0.1147907E-04   -0.4386937E-05    0.1535872E-01   -0.2651096E-03   -0.4202137E-02   -0.1009794E-01   -0.3892530E-02   -0.2988524E-01   -0.3576976E-01    0.3434428E-02    0.3263446E-02   -0.2845782E-02   -0.7537099E-02   -0.1505935E-01    0.6676389E-05   -0.1528193E-05    0.2078023E-04   -0.1969081E-05    0.8932676E-04    0.1702576E-01    0.5650165E-04    0.5923350E-04    0.1021610E-03    0.5300743E-04   -0.2902494E-04    0.1111207E-03   -0.9522688E-06    0.1140648E-05
   -0.5428816E-07    0.7898978E-06   -0.6371047E-07   -0.5058197E-05   -0.8419116E-05   -0.2189394E-05   -0.6503390E-06   -0.1274296E-03   -0.1791138E-03    0.8070613E-03    0.7623024E-02   -0.1502806E-02   -0.1963254E-02    0.2756306E-03   -0.1499798E-02   -0.5991009E-04    0.9051990E-03    0.4099926E-02    0.6553770E-02    0.2735831E-05    0.8870174E-06   -0.9988574E-05   -0.1250699E-07    0.8288599E-05    0.5650165E-04    0.1426630E-02    0.2802688E-03    0.6680831E-04   -0.3883498E-03   -0.7283966E-04   -0.5111999E-04    0.7011902E-06    0.6049738E-06
   -0.7278319E-07    0.2766942E-06   -0.4575083E-07   -0.8688488E-06   -0.1529183E-05   -0.3328253E-06    0.2508164E-06    0.2960284E-02   -0.5383117E-04    0.5152085E-03   -0.6569018E-02    0.2053610E-02    0.3457481E-03   -0.3846025E-02   -0.2006289E-03   -0.1676373E-04   -0.4148568E-03    0.1130160E-02    0.1810253E-03   -0.4258636E-06   -0.3582684E-05   -0.4415057E-05   -0.3351327E-06    0.4418843E-05    0.5923350E-04    0.2802688E-03    0.8393735E-03    0.1283093E-04    0.7344484E-03    0.5615500E-04   -0.7523041E-03   -0.1952258E-06    0.1596470E-06
    0.1080478E-06   -0.4895794E-07    0.1943402E-07    0.1288122E-04    0.2553438E-04    0.2015209E-05   -0.8411813E-06   -0.5218755E-02    0.6010131E-04    0.3007006E-02   -0.1810025E-01   -0.9391297E-02    0.6301829E-02    0.9537494E-02   -0.7286377E-03   -0.2403822E-02    0.1256421E-02   -0.4672646E-03   -0.3079715E-02   -0.1239170E-05    0.5741210E-05    0.4500953E-04   -0.1294193E-04    0.6260327E-04    0.1021610E-03    0.6680831E-04    0.1283093E-04    0.7241082E-02   -0.2715577E-03    0.6957971E-03    0.4597841E-02   -0.1746968E-06   -0.9054058E-06
   -0.3927965E-06    0.2156847E-05   -0.4536388E-06   -0.1349336E-04   -0.2031239E-04   -0.6855394E-05    0.1540535E-05    0.5453846E-02   -0.3789405E-04    0.4718527E-03   -0.5093460E-02    0.4106225E-02    0.1126552E-03   -0.6786661E-02    0.8505854E-03   -0.1598513E-02   -0.4195287E-03    0.8870420E-03   -0.1029232E-02   -0.4623301E-05   -0.6119142E-05   -0.2497718E-04    0.3214983E-05   -0.1157324E-04    0.5300743E-04   -0.3883498E-03    0.7344484E-03   -0.2715577E-03    0.2899369E-02    0.4838332E-03   -0.9532524E-03   -0.3927470E-06   -0.1450104E-06
   -0.7765566E-06    0.5684430E-05   -0.6458043E-06   -0.4070274E-04   -0.7535975E-04   -0.8115570E-05   -0.2436791E-05   -0.7477241E-02    0.4403944E-03    0.1182386E-03   -0.9760154E-02    0.3568459E-02    0.1879245E-01    0.1729865E-01    0.9101575E-03    0.4415219E-03   -0.4753475E-03   -0.7380789E-02   -0.1050778E-01   -0.3152048E-05   -0.4338244E-05   -0.3353580E-04    0.3331319E-05    0.2286750E-04   -0.2902494E-04   -0.7283966E-04    0.5615500E-04    0.6957971E-03    0.4838332E-03    0.6398469E-02    0.7325154E-02    0.9088111E-06   -0.2426253E-05
   -0.2401378E-05    0.1623293E-04   -0.1749080E-05   -0.1493064E-03   -0.2198521E-03   -0.3009033E-04    0.2089590E-04   -0.3536725E-04    0.9826969E-04   -0.5455862E-02    0.7932831E-01    0.2757668E-01    0.2531200E-01    0.3666000E-01   -0.5172868E-02   -0.7407588E-02   -0.4843005E-02   -0.2274569E-01   -0.1649773E-01   -0.2710833E-04   -0.1211210E-04   -0.5009711E-04    0.2447251E-06   -0.7426748E-04    0.1111207E-03   -0.5111999E-04   -0.7523041E-03    0.4597841E-02   -0.9532524E-03    0.7325154E-02    0.6469438E-01    0.5273053E-06   -0.3340279E-05
    0.1789476E-08    0.1462484E-07   -0.4066214E-08   -0.6602648E-07    0.1617579E-06   -0.1806441E-06    0.1385829E-07   -0.2805505E-03    0.9080022E-05    0.1763641E-03    0.6186131E-02    0.1281319E-03    0.7746862E-03    0.7041685E-03   -0.1208062E-03    0.3047722E-03   -0.2829408E-03    0.3362960E-05    0.1020803E-03   -0.1139860E-07   -0.2763617E-07    0.3534769E-07   -0.5017427E-07   -0.4207897E-06   -0.9522688E-06    0.7011902E-06   -0.1952258E-06   -0.1746968E-06   -0.3927470E-06    0.9088111E-06    0.5273053E-06    0.6005167E-06    0.2864313E-08
   -0.1118373E-07    0.7969886E-07   -0.4703406E-08   -0.1407401E-05   -0.2654359E-05   -0.4702475E-06    0.3555814E-07    0.4324233E-02   -0.1821785E-04   -0.3411272E-03    0.4040152E-02    0.6513427E-04   -0.2619796E-02   -0.7650863E-02    0.1298668E-03    0.2489858E-04   -0.1599419E-03    0.2624777E-02    0.4748412E-02   -0.4699606E-07    0.1023612E-07    0.3935454E-06    0.2795193E-07   -0.2079414E-07    0.1140648E-05    0.6049738E-06    0.1596470E-06   -0.9054058E-06   -0.1450104E-06   -0.2426253E-05   -0.3340279E-05    0.2864313E-08    0.2121975E-05
