# omegabh2 omegach2 theta tau alpha1 logA ns calPlanck acib217 xi asz143 aps100 aps143 aps143217 aps217 aksz kgal100 kgal143 kgal143217 kgal217 cal0 cal2
  4.8504956E-08  -9.4533290E-08   1.4815791E-08   5.1705523E-07  -1.3228594E-07   1.1378631E-06   9.6568303E-08   3.7684284E-08  -1.3651033E-04   2.5105634E-06   2.5988615E-05  -5.3947849E-04  -4.7206584E-04  -2.2689069E-04  -9.1963113E-05  -3.4948469E-05  -9.8485363E-06  -8.6468700E-06  -2.2980868E-05   2.3566240E-05   2.0198116E-09  -2.4471049E-09
 -9.4533290E-08   2.5688666E-06  -3.4307205E-07  -4.3290278E-06  -6.7163780E-07  -3.1049396E-06  -7.2364167E-06  -5.3601636E-07   6.2002354E-04  -9.1119904E-06  -6.8336904E-05   1.7262690E-03   1.0246294E-03   1.9557133E-04  -5.3981194E-04   2.3865734E-04   3.0979538E-05   7.8408403E-05   7.1049355E-05  -2.7780061E-04  -3.1560329E-08  -1.7175086E-08
  1.4815791E-08  -3.4307205E-07   2.6167263E-07   4.1354797E-07   3.7883111E-07  -3.6837726E-08   1.8151338E-06   6.3618117E-08  -1.4004561E-04   3.5947672E-06   2.3393710E-05  -4.5306725E-04  -1.9854103E-04   1.6161454E-05   1.6545505E-04  -6.5129005E-05  -2.2214867E-05   1.8058810E-06   2.0281718E-05   7.8268380E-05  -1.5256613E-09   3.2563917E-09
  5.1705523E-07  -4.3290278E-06   4.1354797E-07   4.8243846E-05  -1.8617630E-06   8.6331336E-05   9.8091281E-06  -5.9608179E-07  -2.5976354E-03   2.9159126E-05   2.8264506E-04  -9.5284233E-03  -6.9572194E-03  -3.2454673E-03  -8.1441923E-04  -2.7412552E-04   2.1622661E-04   2.5253929E-05  -1.4752964E-04   9.6114955E-04   5.7509599E-08   5.4305684E-08
 -1.3228594E-07  -6.7163780E-07   3.7883111E-07  -1.8617630E-06   2.8448927E-06  -7.8288086E-06   6.2595509E-06   2.1870494E-08  -3.3076178E-04   8.7648090E-06   1.7041133E-04  -1.9551840E-03   1.5735358E-04   9.1809257E-04   1.0886144E-03  -3.0665122E-04  -1.4363166E-05  -2.2406626E-05   1.3693140E-04   2.6689641E-04  -3.1125150E-08   5.3257936E-09
  1.1378631E-06  -3.1049396E-06  -3.6837726E-08   8.6331336E-05  -7.8288086E-06   1.9638362E-04  -2.5419294E-06   1.0402499E-05  -3.2413257E-03   7.0582272E-05   3.0767410E-04  -1.2028201E-02  -1.0604930E-02  -4.7672981E-03   1.0106068E-03  -7.2422668E-04   5.4167825E-05  -5.2819688E-04  -8.8346194E-04   2.2530605E-03   1.9399605E-07   4.0292949E-08
  9.6568303E-08  -7.2364167E-06   1.8151338E-06   9.8091281E-06   6.2595509E-06  -2.5419294E-06   4.0095112E-05   1.4742594E-06  -6.5583461E-03   1.1567457E-04   1.5026400E-03  -3.0591611E-02  -8.7571656E-03   3.3784986E-03   9.1095139E-03  -3.6576403E-03   3.3530062E-04  -4.7503528E-04  -3.9654754E-04   2.2555129E-03  -1.0293096E-07   7.5200770E-09
  3.7684284E-08  -5.3601636E-07   6.3618117E-08  -5.9608179E-07   2.1870494E-08   1.0402499E-05   1.4742594E-06   6.4311446E-06   8.5592804E-04  -4.4444093E-06   2.5831663E-05   2.9150766E-03   6.2924835E-04   2.9631753E-04   1.1111653E-03  -1.2716400E-04  -2.2460942E-05  -1.3947756E-04  -7.9591667E-05   6.8464095E-04  -1.1174971E-08   4.7413937E-09
 -1.3651033E-04   6.2002354E-04  -1.4004561E-04  -2.5976354E-03  -3.3076178E-04  -3.2413257E-03  -6.5583461E-03   8.5592804E-04   4.5231223E+01  -4.0060705E-01  -5.2476382E-01   3.4815718E+01   3.1064791E+00  -1.1715632E+01  -5.4245910E+01  -3.6806450E-01   1.5075838E-01   3.3059842E-01  -6.0751889E+00  -3.4284308E+01  -1.4289255E-04   6.3417122E-04
  2.5105634E-06  -9.1119904E-06   3.5947672E-06   2.9159126E-05   8.7648090E-06   7.0582272E-05   1.1567457E-04  -4.4444093E-06  -4.0060705E-01   8.2005650E-02  -4.5690008E-02  -6.0093409E-01   8.7710456E-01   1.6466543E+00   6.3204540E-01   4.4782698E-02   9.3209451E-03   2.5210235E-02   1.0765098E-01   1.5692570E-01   4.1431991E-06  -2.8925719E-06
  2.5988615E-05  -6.8336904E-05   2.3393710E-05   2.8264506E-04   1.7041133E-04   3.0767410E-04   1.5026400E-03   2.5831663E-05  -5.2476382E-01  -4.5690008E-02   4.1493059E+00  -3.2099315E+01  -3.3497185E+00   8.5368269E+00   5.7623822E+00  -3.1997587E+00  -2.1504305E-01   1.4040895E-01   2.6860373E+00   3.0143420E+00   9.4055216E-05  -5.4779364E-05
 -5.3947849E-04   1.7262690E-03  -4.5306725E-04  -9.5284233E-03  -1.9551840E-03  -1.2028201E-02  -3.0591611E-02   2.9150766E-03   3.4815718E+01  -6.0093409E-01  -3.2099315E+01   7.9493346E+02   7.2162255E+01  -5.8842308E+01  -6.0805755E+01   1.6569056E+01  -5.7721134E+00   5.6641911E+00  -1.2328584E+01  -2.3241099E+01   4.0872133E-03   4.3899527E-04
 -4.7206584E-04   1.0246294E-03  -1.9854103E-04  -6.9572194E-03   1.5735358E-04  -1.0604930E-02  -8.7571656E-03   6.2924835E-04   3.1064791E+00   8.7710456E-01  -3.3497185E+00   7.2162255E+01   6.5192650E+01   4.1774513E+01   1.6301049E+01  -5.2666986E+00  -6.3976691E-02  -9.4435932E-01   3.8931844E+00   4.3079847E+00   2.1989118E-04   9.7223436E-05
 -2.2689069E-04   1.9557133E-04   1.6161454E-05  -3.2454673E-03   9.1809257E-04  -4.7672981E-03   3.3784986E-03   2.9631753E-04  -1.1715632E+01   1.6466543E+00   8.5368269E+00  -5.8842308E+01   4.1774513E+01   8.9429666E+01   5.6560707E+01  -1.3804017E+01  -4.9838407E-01  -3.0590004E-01   5.0453649E+00   7.3705594E+00   4.7175507E-04  -4.2698214E-04
 -9.1963113E-05  -5.3981194E-04   1.6545505E-04  -8.1441923E-04   1.0886144E-03   1.0106068E-03   9.1095139E-03   1.1111653E-03  -5.4245910E+01   6.3204540E-01   5.7623822E+00  -6.0805755E+01   1.6301049E+01   5.6560707E+01   1.0569684E+02  -1.0791302E+01  -5.6632430E-01  -8.4409226E-01   6.0143254E+00   3.3690150E+01   4.4456003E-04  -1.2711108E-03
 -3.4948469E-05   2.3865734E-04  -6.5129005E-05  -2.7412552E-04  -3.0665122E-04  -7.2422668E-04  -3.6576403E-03  -1.2716400E-04  -3.6806450E-01   4.4782698E-02  -3.1997587E+00   1.6569056E+01  -5.2666986E+00  -1.3804017E+01  -1.0791302E+01   6.8061410E+00   8.7868134E-02  -2.3006765E-01  -2.2061920E+00  -2.0790862E+00  -9.0009978E-05   3.0831477E-05
 -9.8485363E-06   3.0979538E-05  -2.2214867E-05   2.1622661E-04  -1.4363166E-05   5.4167825E-05   3.3530062E-04  -2.2460942E-05   1.5075838E-01   9.3209451E-03  -2.1504305E-01  -5.7721134E+00  -6.3976691E-02  -4.9838407E-01  -5.6632430E-01   8.7868134E-02   3.3607958E+00   5.8905849E-01   2.0011180E-01   1.1155947E-01   1.5499993E-04   2.9474246E-05
 -8.6468700E-06   7.8408403E-05   1.8058810E-06   2.5253929E-05  -2.2406626E-05  -5.2819688E-04  -4.7503528E-04  -1.3947756E-04   3.3059842E-01   2.5210235E-02   1.4040895E-01   5.6641911E+00  -9.4435932E-01  -3.0590004E-01  -8.4409226E-01  -2.3006765E-01   5.8905849E-01   3.1131567E+00   2.7029404E+00   2.7182072E+00  -1.8539766E-04  -2.3907408E-05
 -2.2980868E-05   7.1049355E-05   2.0281718E-05  -1.4752964E-04   1.3693140E-04  -8.8346194E-04  -3.9654754E-04  -7.9591667E-05  -6.0751889E+00   1.0765098E-01   2.6860373E+00  -1.2328584E+01   3.8931844E+00   5.0453649E+00   6.0143254E+00  -2.2061920E+00   2.0011180E-01   2.7029404E+00   1.1073871E+01   1.9713176E+01  -3.7266734E-05   3.9371240E-04
  2.3566240E-05  -2.7780061E-04   7.8268380E-05   9.6114955E-04   2.6689641E-04   2.2530605E-03   2.2555129E-03   6.8464095E-04  -3.4284308E+01   1.5692570E-01   3.0143420E+00  -2.3241099E+01   4.3079847E+00   7.3705594E+00   3.3690150E+01  -2.0790862E+00   1.1155947E-01   2.7182072E+00   1.9713176E+01   5.4747704E+01   2.3083551E-05   9.3903880E-04
  2.0198116E-09  -3.1560329E-08  -1.5256613E-09   5.7509599E-08  -3.1125150E-08   1.9399605E-07  -1.0293096E-07  -1.1174971E-08  -1.4289255E-04   4.1431991E-06   9.4055216E-05   4.0872133E-03   2.1989118E-04   4.7175507E-04   4.4456003E-04  -9.0009978E-05   1.5499993E-04  -1.8539766E-04  -3.7266734E-05   2.3083551E-05   3.7371458E-07  -4.5888179E-10
 -2.4471049E-09  -1.7175086E-08   3.2563917E-09   5.4305684E-08   5.3257936E-09   4.0292949E-08   7.5200770E-09   4.7413937E-09   6.3417122E-04  -2.8925719E-06  -5.4779364E-05   4.3899527E-04   9.7223436E-05  -4.2698214E-04  -1.2711108E-03   3.0831477E-05   2.9474246E-05  -2.3907408E-05   3.9371240E-04   9.3903880E-04  -4.5888179E-10   3.7310889E-07
