# omegabh2 omegach2 theta tau omegak logA ns calPlanck acib217 xi asz143 aps100 aps143 aps143217 aps217 aksz kgal100 kgal143 kgal143217 kgal217 galfTE100 galfTE100143 galfTE100217 galfTE143 galfTE143217 galfTE217 cal0 cal2
  2.9313795E-08  -1.7611282E-07   2.5605621E-08   1.0332169E-07  -1.2579695E-06  -1.2444725E-07   4.8815371E-07  -6.5125282E-09  -1.3398417E-04   3.2704957E-06   2.1799394E-05  -5.8670326E-04  -3.8250770E-04  -1.5377358E-04  -2.9813191E-05  -4.2843084E-05  -3.2616615E-07  -1.2782132E-05  -2.3506639E-05   4.5238181E-06  -1.8171347E-08  -2.4620169E-08  -8.9228417E-08  -4.1267388E-07  -4.0208037E-07  -3.3803144E-06   1.9025348E-09  -2.5691810E-09
 -1.7611282E-07   2.2509246E-06  -2.3001361E-07  -1.0717471E-06   1.0608318E-05   3.2243498E-06  -5.6968302E-06   7.8670231E-08   7.1433973E-04  -1.9774090E-05  -1.1025126E-04   3.3079050E-03   2.2554009E-03   1.0779536E-03   4.8643835E-04   1.6518387E-04  -2.3452808E-05   4.4112796E-05   8.7372573E-05  -8.6868897E-05   2.9034761E-07   1.8668934E-07   1.1102102E-06   3.0535941E-06   3.3061354E-06   2.0742385E-05   3.6508933E-09   1.4540179E-08
  2.5605621E-08  -2.3001361E-07   1.0698128E-07   9.9573733E-08  -1.5240947E-06  -2.8307570E-07   7.2478743E-07  -2.1696565E-08  -9.2440909E-05   2.8555277E-06   1.2574807E-05  -3.7263862E-04  -2.6736461E-04  -1.5275619E-04  -7.8162649E-05  -1.1377004E-05   6.9671298E-07  -1.0724591E-05  -1.8375633E-05  -1.1238619E-05  -1.2716619E-07  -1.6321466E-07  -9.2730933E-08  -2.8407406E-07  -3.9669745E-07  -3.7878775E-06  -2.9501629E-09  -2.3233910E-09
  1.0332169E-07  -1.0717471E-06   9.9573733E-08   3.0946033E-05   1.4617745E-05   5.8868811E-05   4.0679367E-06  -7.5591230E-08  -7.2421469E-04   2.0046161E-05   4.2596943E-05  -3.3378629E-03  -2.2241784E-03  -1.2737174E-03  -2.8861653E-04  -4.9262490E-05   1.9766284E-04  -1.7567717E-04  -3.4633452E-04  -4.0289458E-04  -2.6023706E-06  -4.2715827E-06   4.5797827E-06   1.4598496E-07  -9.7574651E-06  -4.4780673E-05   3.5767761E-08   1.8175780E-09
 -1.2579695E-06   1.0608318E-05  -1.5240947E-06   1.4617745E-05   2.5660608E-04   5.7832059E-05  -3.1556508E-05   4.3613625E-06   1.2579793E-02  -2.5097332E-04  -1.3759703E-03   5.6745800E-02   2.6763998E-02   9.6882849E-03  -1.0938680E-03   3.9050812E-03   6.3979697E-04   1.8830415E-03   2.7021700E-03  -2.1187645E-04  -6.0992789E-06   2.6744088E-06   1.5473582E-05   3.1599970E-05   9.3174735E-06   1.4952917E-04  -9.3928533E-09   2.2045003E-07
 -1.2444725E-07   3.2243498E-06  -2.8307570E-07   5.8868811E-05   5.7832059E-05   1.5324735E-04  -7.0790706E-06   1.2674773E-05   4.1162811E-04   6.3902144E-05  -4.0396768E-04   4.8933010E-03   1.4514817E-03   1.5881652E-03   5.1596743E-03  -1.3835939E-05   2.2397846E-04  -6.6566463E-04  -1.1622467E-03  -4.3191510E-04  -5.8666212E-06  -1.0183210E-05   9.7908144E-06   3.3049229E-06  -8.5617761E-06  -2.1031983E-05   2.7416807E-07  -2.6336013E-08
  4.8815371E-07  -5.6968302E-06   7.2478743E-07   4.0679367E-06  -3.1556508E-05  -7.0790706E-06   2.3328063E-05  -3.4634986E-07  -5.4412166E-03   1.3775709E-04   8.2177388E-04  -2.8251012E-02  -1.1717151E-02  -2.4169580E-03   1.8767794E-03  -1.8306858E-03   3.4539369E-04  -5.7668521E-04  -9.1766075E-04   6.5926084E-04   4.9327518E-07  -1.7449226E-06   1.2423885E-06  -9.1792386E-06  -1.0844709E-05  -5.3644425E-05  -1.0588505E-07  -1.0639048E-07
 -6.5125282E-09   7.8670231E-08  -2.1696565E-08  -7.5591230E-08   4.3613625E-06   1.2674773E-05  -3.4634986E-07   6.2849145E-06   1.0049577E-03   1.0461002E-05  -6.9550087E-05   4.6480119E-03   7.7688761E-04   3.5611517E-04   9.4774082E-04   1.3149921E-04   8.7773408E-05   1.2245917E-04   5.0591710E-05   4.9182303E-04  -6.7552536E-07  -9.7672376E-07  -9.9403030E-07  -1.0308118E-06   6.6465421E-07   1.4138742E-05   2.3103254E-08  -1.4376788E-08
 -1.3398417E-04   7.1433973E-04  -9.2440909E-05  -7.2421469E-04   1.2579793E-02   4.1162811E-04  -5.4412166E-03   1.0049577E-03   4.3391506E+01  -3.5167171E-01  -5.5532168E-01   3.3441346E+01   3.7453032E+00  -9.4621786E+00  -5.1619774E+01  -5.7863078E-01   1.7109945E-01   9.3378476E-01  -4.8951345E+00  -3.1505222E+01  -2.1932351E-03  -2.0544672E-03  -8.6429840E-03   1.2476101E-05   8.2776660E-03   2.4290236E-02  -2.6149375E-04   7.9483027E-04
  3.2704957E-06  -1.9774090E-05   2.8555277E-06   2.0046161E-05  -2.5097332E-04   6.3902144E-05   1.3775709E-04   1.0461002E-05  -3.5167171E-01   7.7883436E-02  -2.0894620E-02  -6.9653940E-01   8.4182403E-01   1.6770987E+00   6.1579212E-01   2.5486494E-02  -7.5691043E-03   6.4363879E-03   9.6030387E-02   9.0055563E-02  -9.7240612E-06   5.0308170E-05   1.9441760E-04   4.1570411E-05   2.4380781E-04  -1.2312924E-04   6.9054433E-06  -3.3043179E-06
  2.1799394E-05  -1.1025126E-04   1.2574807E-05   4.2596943E-05  -1.3759703E-03  -4.0396768E-04   8.2177388E-04  -6.9550087E-05  -5.5532168E-01  -2.0894620E-02   3.3978506E+00  -2.8010226E+01  -3.7977348E+00   6.0981562E+00   3.4135016E+00  -1.8398714E+00  -1.7272032E-01   9.2643529E-02   2.2331902E+00   2.5748728E+00   1.7255578E-04  -8.3898563E-04   4.6845095E-04  -1.4676935E-03  -1.4044449E-03  -1.6901995E-02   1.0899160E-04  -4.4354737E-05
 -5.8670326E-04   3.3079050E-03  -3.7263862E-04  -3.3378629E-03   5.6745800E-02   4.8933010E-03  -2.8251012E-02   4.6480119E-03   3.3441346E+01  -6.9653940E-01  -2.8010226E+01   7.7860191E+02   7.9376991E+01  -4.2187702E+01  -4.5453139E+01   9.2614222E+00  -6.3826696E+00   6.3534315E+00  -8.3035590E+00  -1.6572492E+01   1.9852180E-03   6.8259341E-03  -3.7251305E-02   2.4623082E-02   2.2644040E-02   1.6523481E-01   3.8087285E-03   6.5742512E-04
 -3.8250770E-04   2.2554009E-03  -2.6736461E-04  -2.2241784E-03   2.6763998E-02   1.4514817E-03  -1.1717151E-02   7.7688761E-04   3.7453032E+00   8.4182403E-01  -3.7977348E+00   7.9376991E+01   6.2261691E+01   3.8289584E+01   1.2132348E+01  -3.0660574E+00  -3.4149679E-01  -1.2520902E+00   3.0887900E+00   3.3311830E+00  -6.5654304E-03   1.5900567E-03  -1.0312133E-02   1.0485986E-02   1.7015694E-02   7.8611719E-02   1.3708063E-04   1.6974048E-04
 -1.5377358E-04   1.0779536E-03  -1.5275619E-04  -1.2737174E-03   9.6882849E-03   1.5881652E-03  -2.4169580E-03   3.5611517E-04  -9.4621786E+00   1.6770987E+00   6.0981562E+00  -4.2187702E+01   3.8289584E+01   7.8702807E+01   4.3852706E+01  -7.9516757E+00  -8.3090545E-01  -9.9645527E-01   2.9745398E+00   3.6123403E+00  -3.6858488E-03   4.8496548E-04   2.3854546E-03   6.0526328E-03   1.4032712E-02   1.0225430E-03   5.0006229E-04  -4.0380798E-04
 -2.9813191E-05   4.8643835E-04  -7.8162649E-05  -2.8861653E-04  -1.0938680E-03   5.1596743E-03   1.8767794E-03   9.4774082E-04  -5.1619774E+01   6.1579212E-01   3.4135016E+00  -4.5453139E+01   1.2132348E+01   4.3852706E+01   9.3399298E+01  -5.4273410E+00  -5.6083842E-01  -1.7990368E+00   2.9731540E+00   2.8385168E+01   1.9448066E-03   2.1261696E-03   9.7785543E-03   4.9963057E-03  -3.7090756E-04  -8.9837446E-03   5.5385713E-04  -1.4434945E-03
 -4.2843084E-05   1.6518387E-04  -1.1377004E-05  -4.9262490E-05   3.9050812E-03  -1.3835939E-05  -1.8306858E-03   1.3149921E-04  -5.7863078E-01   2.5486494E-02  -1.8398714E+00   9.2614222E+00  -3.0660574E+00  -7.9516757E+00  -5.4273410E+00   4.0422844E+00   4.9554817E-02  -8.3521701E-02  -1.2643257E+00  -1.0733312E+00  -2.8365875E-04   1.1019098E-03   1.0574716E-03   2.4850356E-03  -8.9327020E-04   1.9846839E-03  -7.0738224E-05   1.0283169E-05
 -3.2616615E-07  -2.3452808E-05   6.9671298E-07   1.9766284E-04   6.3979697E-04   2.2397846E-04   3.4539369E-04   8.7773408E-05   1.7109945E-01  -7.5691043E-03  -1.7272032E-01  -6.3826696E+00  -3.4149679E-01  -8.3090545E-01  -5.6083842E-01   4.9554817E-02   3.3593855E+00   5.8032809E-01   2.2253507E-01   1.3690462E-01  -1.9088155E-03  -6.2609055E-05  -2.6671843E-03  -2.0895091E-04   1.7153154E-04   1.1353764E-03   1.9392765E-04  -1.0574870E-05
 -1.2782132E-05   4.4112796E-05  -1.0724591E-05  -1.7567717E-04   1.8830415E-03  -6.6566463E-04  -5.7668521E-04   1.2245917E-04   9.3378476E-01   6.4363879E-03   9.2643529E-02   6.3534315E+00  -1.2520902E+00  -9.9645527E-01  -1.7990368E+00  -8.3521701E-02   5.8032809E-01   3.2203730E+00   2.7392238E+00   2.5680153E+00   4.4154315E-04  -1.3846141E-04   1.7283537E-03  -6.1701757E-04  -1.1416373E-03  -3.6646261E-03  -1.6735551E-04  -2.0570334E-05
 -2.3506639E-05   8.7372573E-05  -1.8375633E-05  -3.4633452E-04   2.7021700E-03  -1.1622467E-03  -9.1766075E-04   5.0591710E-05  -4.8951345E+00   9.6030387E-02   2.2331902E+00  -8.3035590E+00   3.0887900E+00   2.9745398E+00   2.9731540E+00  -1.2643257E+00   2.2253507E-01   2.7392238E+00   1.0492296E+01   1.8553107E+01   1.5644284E-03  -2.4611326E-04   9.9302483E-04  -2.6224330E-03  -5.9019133E-03  -1.2264806E-03  -1.5661677E-05   4.1194191E-04
  4.5238181E-06  -8.6868897E-05  -1.1238619E-05  -4.0289458E-04  -2.1187645E-04  -4.3191510E-04   6.5926084E-04   4.9182303E-04  -3.1505222E+01   9.0055563E-02   2.5748728E+00  -1.6572492E+01   3.3311830E+00   3.6123403E+00   2.8385168E+01  -1.0733312E+00   1.3690462E-01   2.5680153E+00   1.8553107E+01   5.2017169E+01   3.0861738E-03  -2.0824820E-04   4.0367491E-03  -5.0733769E-03  -1.5391083E-02   1.4728537E-04   1.0286570E-04   8.7901808E-04
 -1.8171347E-08   2.9034761E-07  -1.2716619E-07  -2.6023706E-06  -6.0992789E-06  -5.8666212E-06   4.9327518E-07  -6.7552536E-07  -2.1932351E-03  -9.7240612E-06   1.7255578E-04   1.9852180E-03  -6.5654304E-03  -3.6858488E-03   1.9448066E-03  -2.8365875E-04  -1.9088155E-03   4.4154315E-04   1.5644284E-03   3.0861738E-03   1.4292253E-03   2.9197441E-04   1.0046491E-04  -3.2308585E-04  -8.8452217E-05  -1.1102223E-04  -1.9404624E-07  -2.2929705E-07
 -2.4620169E-08   1.8668934E-07  -1.6321466E-07  -4.2715827E-06   2.6744088E-06  -1.0183210E-05  -1.7449226E-06  -9.7672376E-07  -2.0544672E-03   5.0308170E-05  -8.3898563E-04   6.8259341E-03   1.5900567E-03   4.8496548E-04   2.1261696E-03   1.1019098E-03  -6.2609055E-05  -1.3846141E-04  -2.4611326E-04  -2.0824820E-04   2.9197441E-04   8.6173922E-04  -3.8611853E-05   7.0234812E-04   2.0950782E-05  -6.9596502E-04   9.9493863E-09  -1.1900509E-07
 -8.9228417E-08   1.1102102E-06  -9.2730933E-08   4.5797827E-06   1.5473582E-05   9.7908144E-06   1.2423885E-06  -9.9403030E-07  -8.6429840E-03   1.9441760E-04   4.6845095E-04  -3.7251305E-02  -1.0312133E-02   2.3854546E-03   9.7785543E-03   1.0574716E-03  -2.6671843E-03   1.7283537E-03   9.9302483E-04   4.0367491E-03   1.0046491E-04  -3.8611853E-05   7.1822660E-03  -3.9559143E-04   6.9277711E-04   4.4080451E-03   1.7755614E-07  -3.1027141E-07
 -4.1267388E-07   3.0535941E-06  -2.8407406E-07   1.4598496E-07   3.1599970E-05   3.3049229E-06  -9.1792386E-06  -1.0308118E-06   1.2476101E-05   4.1570411E-05  -1.4676935E-03   2.4623082E-02   1.0485986E-02   6.0526328E-03   4.9963057E-03   2.4850356E-03  -2.0895091E-04  -6.1701757E-04  -2.6224330E-03  -5.0733769E-03  -3.2308585E-04   7.0234812E-04  -3.9559143E-04   2.8615947E-03   5.3431927E-04  -8.6099426E-04   2.4124087E-07  -1.8702810E-07
 -4.0208037E-07   3.3061354E-06  -3.9669745E-07  -9.7574651E-06   9.3174735E-06  -8.5617761E-06  -1.0844709E-05   6.6465421E-07   8.2776660E-03   2.4380781E-04  -1.4044449E-03   2.2644040E-02   1.7015694E-02   1.4032712E-02  -3.7090756E-04  -8.9327020E-04   1.7153154E-04  -1.1416373E-03  -5.9019133E-03  -1.5391083E-02  -8.8452217E-05   2.0950782E-05   6.9277711E-04   5.3431927E-04   6.2719905E-03   7.8159716E-03   5.9187567E-07  -5.0793862E-07
 -3.3803144E-06   2.0742385E-05  -3.7878775E-06  -4.4780673E-05   1.4952917E-04  -2.1031983E-05  -5.3644425E-05   1.4138742E-05   2.4290236E-02  -1.2312924E-04  -1.6901995E-02   1.6523481E-01   7.8611719E-02   1.0225430E-03  -8.9837446E-03   1.9846839E-03   1.1353764E-03  -3.6646261E-03  -1.2264806E-03   1.4728537E-04  -1.1102223E-04  -6.9596502E-04   4.4080451E-03  -8.6099426E-04   7.8159716E-03   7.0554519E-02   9.1585545E-07   1.7146406E-06
  1.9025348E-09   3.6508933E-09  -2.9501629E-09   3.5767761E-08  -9.3928533E-09   2.7416807E-07  -1.0588505E-07   2.3103254E-08  -2.6149375E-04   6.9054433E-06   1.0899160E-04   3.8087285E-03   1.3708063E-04   5.0006229E-04   5.5385713E-04  -7.0738224E-05   1.9392765E-04  -1.6735551E-04  -1.5661677E-05   1.0286570E-04  -1.9404624E-07   9.9493863E-09   1.7755614E-07   2.4124087E-07   5.9187567E-07   9.1585545E-07   3.7221782E-07  -7.3907138E-09
 -2.5691810E-09   1.4540179E-08  -2.3233910E-09   1.8175780E-09   2.2045003E-07  -2.6336013E-08  -1.0639048E-07  -1.4376788E-08   7.9483027E-04  -3.3043179E-06  -4.4354737E-05   6.5742512E-04   1.6974048E-04  -4.0380798E-04  -1.4434945E-03   1.0283169E-05  -1.0574870E-05  -2.0570334E-05   4.1194191E-04   8.7901808E-04  -2.2929705E-07  -1.1900509E-07  -3.1027141E-07  -1.8702810E-07  -5.0793862E-07   1.7146406E-06  -7.3907138E-09   3.8424912E-07
