# omegabh2 omegach2 theta tau nnu logA ns calPlanck acib217 xi asz143 aps100 aps143 aps143217 aps217 aksz kgal100 kgal143 kgal143217 kgal217 cal0 cal2
    0.5423670E-07    0.3593028E-06   -0.2320086E-07    0.8294682E-06    0.2868063E-04    0.2693395E-05    0.1306497E-05   -0.7223550E-08   -0.4998138E-05    0.2362376E-06    0.6113763E-05   -0.2091235E-03   -0.5930840E-04   -0.3603444E-04   -0.5285356E-04   -0.1352958E-05    0.1170329E-04   -0.4911792E-05    0.1222682E-04    0.7814743E-05   -0.6422330E-08   -0.1037521E-09
    0.3593028E-06    0.1372912E-04   -0.1365979E-05   -0.8598090E-05    0.7844739E-03    0.1727884E-04    0.2223763E-04   -0.5208384E-06    0.4049347E-02   -0.8603600E-04   -0.1185258E-02    0.1832536E-01    0.1038747E-01    0.2404995E-02   -0.3208366E-03    0.1885175E-02    0.2413183E-03    0.1421341E-03    0.7889115E-03    0.2487305E-03   -0.1022078E-06    0.4777600E-06
   -0.2320086E-07   -0.1365979E-05    0.3074826E-06    0.1315455E-05   -0.8309751E-04   -0.5390185E-06   -0.2270895E-05    0.8722116E-07   -0.5045372E-03    0.1353434E-04    0.1425276E-03   -0.2363387E-02   -0.1102122E-02   -0.1162314E-03    0.1453066E-03   -0.2193372E-03   -0.2928061E-04   -0.4029729E-04   -0.1004695E-03   -0.3537005E-04    0.1291597E-07   -0.6161841E-07
    0.8294682E-06   -0.8598090E-05    0.1315455E-05    0.1744892E-03    0.3877395E-04    0.3183984E-03    0.3247121E-04   -0.3855043E-05   -0.4983189E-02   -0.2385110E-04    0.1890212E-02   -0.3777892E-01   -0.1349677E-01   -0.5056537E-02   -0.2561476E-02   -0.2698089E-02    0.1222763E-02    0.1799292E-03    0.1346091E-02    0.2429223E-02   -0.4728521E-07   -0.5351463E-06
    0.2868063E-04    0.7844739E-03   -0.8309751E-04    0.3877395E-04    0.5042475E-01    0.2068306E-02    0.1662516E-02   -0.2868706E-04    0.2460034E+00   -0.5510279E-02   -0.6727113E-01    0.1062871E+01    0.6137431E+00    0.1345576E+00   -0.3540879E-01    0.1062538E+00    0.1504975E-01    0.7639273E-02    0.6038722E-01    0.3204690E-01   -0.5542807E-05    0.2956965E-04
    0.2693395E-05    0.1727884E-04   -0.5390185E-06    0.3183984E-03    0.2068306E-02    0.6917139E-03    0.1205966E-03    0.3543803E-05    0.6878881E-03   -0.2216070E-03    0.6704775E-03   -0.2187279E-01    0.2117118E-02   -0.1360379E-02   -0.9587161E-03   -0.1533019E-02    0.2669383E-02   -0.1892175E-03    0.4215150E-02    0.7243986E-02   -0.5308630E-07    0.2091969E-06
    0.1306497E-05    0.2223763E-04   -0.2270895E-05    0.3247121E-04    0.1662516E-02    0.1205966E-03    0.7475862E-04   -0.7976255E-06    0.3017345E-02   -0.9445310E-04   -0.4270902E-03    0.4125711E-02    0.1149628E-01    0.7003909E-02    0.4221531E-02    0.2145723E-03    0.9586322E-03    0.2735080E-03    0.2272331E-02    0.2533018E-02   -0.3370085E-06    0.5717514E-06
   -0.7223550E-08   -0.5208384E-06    0.8722116E-07   -0.3855043E-05   -0.2868706E-04    0.3543803E-05   -0.7976255E-06    0.6142069E-05    0.8923300E-03   -0.9372529E-05    0.2396116E-04    0.4267409E-02    0.6275621E-03    0.1189516E-03    0.9186374E-03   -0.1703921E-03   -0.7327004E-04   -0.1675839E-03   -0.5279284E-04    0.8118925E-03    0.3754779E-07    0.3233065E-07
   -0.4998138E-05    0.4049347E-02   -0.5045372E-03   -0.4983189E-02    0.2460034E+00    0.6878881E-03    0.3017345E-02    0.8923300E-03    0.4530636E+02   -0.5469592E+00   -0.1735239E+01    0.3876638E+02    0.3513137E+01   -0.2007826E+02   -0.6142470E+02    0.5536102E+00    0.4025243E+00    0.4274067E-01   -0.1972541E+01   -0.1929492E+02   -0.3958678E-03    0.4392716E-02
    0.2362376E-06   -0.8603600E-04    0.1353434E-04   -0.2385110E-04   -0.5510279E-02   -0.2216070E-03   -0.9445310E-04   -0.9372529E-05   -0.5469592E+00    0.8171386E-01   -0.8743591E-01   -0.4564396E+00    0.9138365E+00    0.1761174E+01    0.7605271E+00    0.8786826E-01   -0.1807449E-01    0.8882386E-02    0.4558921E-01    0.5806960E-01    0.1217830E-04   -0.2629143E-04
    0.6113763E-05   -0.1185258E-02    0.1425276E-03    0.1890212E-02   -0.6727113E-01    0.6704775E-03   -0.4270902E-03    0.2396116E-04   -0.1735239E+01   -0.8743591E-01    0.3930760E+01   -0.3030481E+02   -0.5008940E+01    0.7329655E+01    0.6465021E+01   -0.3122376E+01   -0.4901944E-01    0.7810294E-01    0.2546674E+01    0.2525363E+01    0.1414723E-03   -0.3295821E-03
   -0.2091235E-03    0.1832536E-01   -0.2363387E-02   -0.3777892E-01    0.1062871E+01   -0.2187279E-01    0.4125711E-02    0.4267409E-02    0.3876638E+02   -0.4564396E+00   -0.3030481E+02    0.7830793E+03    0.8794848E+02   -0.4754817E+02   -0.5535777E+02    0.1653825E+02   -0.4131868E+01    0.2814510E+01   -0.9993113E+01   -0.1178320E+02    0.6118607E-02    0.3621922E-02
   -0.5930840E-04    0.1038747E-01   -0.1102122E-02   -0.1349677E-01    0.6137431E+00    0.2117118E-02    0.1149628E-01    0.6275621E-03    0.3513137E+01    0.9138365E+00   -0.5008940E+01    0.8794848E+02    0.7014311E+02    0.4660494E+02    0.1930183E+02   -0.3072769E+01   -0.3185328E+00   -0.9205700E+00    0.3265328E+01    0.2788619E+01    0.3458446E-03    0.1842180E-03
   -0.3603444E-04    0.2404995E-02   -0.1162314E-03   -0.5056537E-02    0.1345576E+00   -0.1360379E-02    0.7003909E-02    0.1189516E-03   -0.2007826E+02    0.1761174E+01    0.7329655E+01   -0.4754817E+02    0.4660494E+02    0.9861852E+02    0.6839133E+02   -0.1231598E+02   -0.5868306E+00   -0.1829037E+00    0.3826881E+01    0.4522859E+01    0.9031619E-03   -0.2678961E-02
   -0.5285356E-04   -0.3208366E-03    0.1453066E-03   -0.2561476E-02   -0.3540879E-01   -0.9587161E-03    0.4221531E-02    0.9186374E-03   -0.6142470E+02    0.7605271E+00    0.6465021E+01   -0.5535777E+02    0.1930183E+02    0.6839133E+02    0.1237630E+03   -0.1060356E+02   -0.6293407E+00   -0.3740580E+00   -0.3210666E+00    0.1631988E+02    0.9154618E-03   -0.7547426E-02
   -0.1352958E-05    0.1885175E-02   -0.2193372E-03   -0.2698089E-02    0.1062538E+00   -0.1533019E-02    0.2145723E-03   -0.1703921E-03    0.5536102E+00    0.8786826E-01   -0.3122376E+01    0.1653825E+02   -0.3072769E+01   -0.1231598E+02   -0.1060356E+02    0.6737155E+01   -0.1039930E+00   -0.1183650E+00   -0.2125719E+01   -0.1940625E+01   -0.1307309E-03    0.2011611E-03
    0.1170329E-04    0.2413183E-03   -0.2928061E-04    0.1222763E-02    0.1504975E-01    0.2669383E-02    0.9586322E-03   -0.7327004E-04    0.4025243E+00   -0.1807449E-01   -0.4901944E-01   -0.4131868E+01   -0.3185328E+00   -0.5868306E+00   -0.6293407E+00   -0.1039930E+00    0.3389632E+01    0.4863426E+00    0.3031139E+00    0.3723061E+00    0.2442021E-03    0.9610245E-04
   -0.4911792E-05    0.1421341E-03   -0.4029729E-04    0.1799292E-03    0.7639273E-02   -0.1892175E-03    0.2735080E-03   -0.1675839E-03    0.4274067E-01    0.8882386E-02    0.7810294E-01    0.2814510E+01   -0.9205700E+00   -0.1829037E+00   -0.3740580E+00   -0.1183650E+00    0.4863426E+00    0.3276049E+01    0.2531602E+01    0.1782082E+01   -0.3056823E-03   -0.1974847E-03
    0.1222682E-04    0.7889115E-03   -0.1004695E-03    0.1346091E-02    0.6038722E-01    0.4215150E-02    0.2272331E-02   -0.5279284E-04   -0.1972541E+01    0.4558921E-01    0.2546674E+01   -0.9993113E+01    0.3265328E+01    0.3826881E+01   -0.3210666E+00   -0.2125719E+01    0.3031139E+00    0.2531602E+01    0.1763628E+02    0.2653140E+02   -0.1883138E-04    0.2544124E-02
    0.7814743E-05    0.2487305E-03   -0.3537005E-04    0.2429223E-02    0.3204690E-01    0.7243986E-02    0.2533018E-02    0.8118925E-03   -0.1929492E+02    0.5806960E-01    0.2525363E+01   -0.1178320E+02    0.2788619E+01    0.4522859E+01    0.1631988E+02   -0.1940625E+01    0.3723061E+00    0.1782082E+01    0.2653140E+02    0.5601147E+02    0.1600795E-03    0.4480613E-02
   -0.6422330E-08   -0.1022078E-06    0.1291597E-07   -0.4728521E-07   -0.5542807E-05   -0.5308630E-07   -0.3370085E-06    0.3754779E-07   -0.3958678E-03    0.1217830E-04    0.1414723E-03    0.6118607E-02    0.3458446E-03    0.9031619E-03    0.9154618E-03   -0.1307309E-03    0.2442021E-03   -0.3056823E-03   -0.1883138E-04    0.1600795E-03    0.5728967E-06   -0.1565916E-07
   -0.1037521E-09    0.4777600E-06   -0.6161841E-07   -0.5351463E-06    0.2956965E-04    0.2091969E-06    0.5717514E-06    0.3233065E-07    0.4392716E-02   -0.2629143E-04   -0.3295821E-03    0.3621922E-02    0.1842180E-03   -0.2678961E-02   -0.7547426E-02    0.2011611E-03    0.9610245E-04   -0.1974847E-03    0.2544124E-02    0.4480613E-02   -0.1565916E-07    0.2071394E-05
