# omegabh2 omegach2 theta tau nnu logA ns calPlanck acib217 xi asz143 aps100 aps143 aps143217 aps217 aksz kgal100 kgal143 kgal143217 kgal217 galfEE100 galfEE100143 galfEE100217 galfEE143 galfEE143217 galfEE217 galfTE100 galfTE100143 galfTE100217 galfTE143 galfTE143217 galfTE217 cal0 cal2
    0.5926037E-07    0.3803751E-06   -0.3603642E-07    0.1868842E-05    0.3828351E-04    0.4877566E-05    0.1940751E-05    0.1866359E-07    0.5644388E-04   -0.6690714E-06   -0.7118070E-06    0.1850404E-03    0.7571212E-04    0.2753895E-04   -0.3149737E-04    0.1944494E-04    0.1281676E-04    0.8017558E-05    0.2446250E-04    0.2398021E-04    0.1353441E-06    0.1479722E-06   -0.1907116E-07    0.1329990E-06   -0.1656573E-06   -0.2493706E-06   -0.1221730E-06   -0.1270226E-06   -0.2675813E-06   -0.4403747E-06   -0.7709544E-06   -0.2023894E-05   -0.1947100E-08    0.1066802E-07
    0.3803751E-06    0.9682749E-05   -0.1044187E-05    0.5139342E-05    0.5635686E-03    0.3549086E-04    0.1775587E-04    0.4919437E-07    0.2979195E-02   -0.6682360E-04   -0.5489300E-03    0.1275404E-01    0.5889436E-02    0.1164556E-02   -0.1027097E-02    0.1106246E-02    0.1957604E-03    0.1965254E-03    0.5393154E-03    0.1584147E-03    0.5640395E-06    0.4449843E-06   -0.1503673E-05    0.4003822E-06   -0.6302579E-05   -0.1000227E-04    0.1762691E-05    0.2180987E-05    0.9729560E-06    0.2037237E-05    0.2100187E-05    0.1675467E-04   -0.3946623E-07    0.3260682E-06
   -0.3603642E-07   -0.1044187E-05    0.2014301E-06   -0.5171828E-06   -0.6291679E-04   -0.3661363E-05   -0.1928551E-05    0.3424712E-08   -0.3372162E-03    0.7021923E-05    0.6594480E-04   -0.1519518E-02   -0.6578336E-03   -0.1222058E-03    0.1384581E-03   -0.1277436E-03   -0.1846439E-04   -0.2228656E-04   -0.6504477E-04   -0.2668650E-04   -0.7970502E-07   -0.5764411E-07    0.1282488E-06   -0.5972934E-07    0.7213906E-06    0.9726113E-06   -0.2701021E-06   -0.2002496E-06   -0.1149591E-06   -0.1129665E-06   -0.3809009E-06   -0.2633310E-05    0.3188601E-08   -0.3860372E-07
    0.1868842E-05    0.5139342E-05   -0.5171828E-06    0.2841629E-03    0.1088056E-02    0.5793009E-03    0.7914662E-04   -0.1971410E-05   -0.8217993E-02    0.2020642E-03    0.1019036E-02   -0.3368638E-01   -0.6821943E-02    0.4084384E-02    0.1021603E-01   -0.2512955E-02    0.6525695E-03   -0.6379581E-03   -0.2142538E-02   -0.1531230E-02    0.4489024E-05    0.4494985E-05    0.4060807E-05    0.4478724E-05   -0.4025807E-05   -0.2598231E-04   -0.1342148E-04   -0.1434861E-04   -0.1687575E-04   -0.2447476E-04   -0.3721589E-04   -0.7029410E-04   -0.2547102E-06   -0.1066559E-05
    0.3828351E-04    0.5635686E-03   -0.6291679E-04    0.1088056E-02    0.4186864E-01    0.3675058E-02    0.1709267E-02    0.8489175E-05    0.1838582E+00   -0.3708695E-02   -0.3107251E-01    0.7549338E+00    0.3433238E+00    0.6269280E-01   -0.7917206E-01    0.7161531E-01    0.1664743E-01    0.1621959E-01    0.4075449E-01    0.1564430E-01    0.9084154E-04    0.9393709E-04   -0.8958306E-04    0.8930486E-04   -0.4005856E-03   -0.6609088E-03    0.3653506E-04    0.3910257E-04    0.3148996E-05   -0.9080168E-04   -0.1119421E-03    0.1367622E-03   -0.3882346E-05    0.2074281E-04
    0.4877566E-05    0.3549086E-04   -0.3661363E-05    0.5793009E-03    0.3675058E-02    0.1275955E-02    0.2053533E-03    0.9191767E-05   -0.8739858E-02    0.2804608E-03    0.7155537E-03   -0.2949557E-01    0.3308899E-02    0.1410926E-01    0.2345795E-01   -0.2924478E-02    0.1508513E-02   -0.1317938E-02   -0.3133014E-02   -0.7826535E-03    0.1131744E-04    0.1043283E-04    0.3565156E-05    0.1157893E-04   -0.2917658E-04   -0.8253222E-04   -0.2054049E-04   -0.2362772E-04   -0.3665584E-04   -0.4845721E-04   -0.7063344E-04   -0.8076974E-04   -0.3801828E-06   -0.1313128E-05
    0.1940751E-05    0.1775587E-04   -0.1928551E-05    0.7914662E-04    0.1709267E-02    0.2053533E-03    0.9256711E-04    0.5136291E-06    0.2069852E-02    0.1847889E-04   -0.1318737E-03    0.2369665E-02    0.6763913E-02    0.5532409E-02    0.2442604E-02    0.4628503E-03    0.9281054E-03    0.5296819E-03    0.1243182E-02    0.1304309E-02    0.6693230E-05    0.7476024E-05   -0.1919645E-05    0.7412289E-05   -0.1400320E-04   -0.1695128E-04   -0.2601827E-05   -0.3548300E-05   -0.1221671E-05   -0.1397936E-04   -0.1623020E-04   -0.2510677E-04   -0.3814548E-06    0.4221292E-06
    0.1866359E-07    0.4919437E-07    0.3424712E-08   -0.1971410E-05    0.8489175E-05    0.9191767E-05    0.5136291E-06    0.6440097E-05    0.9117912E-03   -0.3772745E-05    0.2213465E-04    0.3895620E-02    0.6615678E-03    0.3133889E-03    0.1096546E-02    0.1408340E-04   -0.6020883E-04   -0.2248005E-04    0.2041227E-04    0.7759530E-03    0.5927443E-06    0.4103132E-06   -0.1531337E-06    0.1085259E-05   -0.2111608E-05   -0.2119169E-06    0.1218225E-05   -0.7444360E-09   -0.2759829E-05   -0.1844612E-05   -0.1967176E-06    0.1021708E-04   -0.6717686E-08    0.1048961E-07
    0.5644388E-04    0.2979195E-02   -0.3372162E-03   -0.8217993E-02    0.1838582E+00   -0.8739858E-02    0.2069852E-02    0.9117912E-03    0.4406908E+02   -0.5412419E+00   -0.1737605E+01    0.4542266E+02    0.1140695E+01   -0.2161839E+02   -0.6103594E+02    0.7035495E+00    0.1221398E-01   -0.3996575E-02   -0.2342053E+01   -0.1910708E+02   -0.1819839E-03   -0.1659644E-03   -0.2485540E-02    0.4372077E-03   -0.1855144E-03   -0.2064819E-02    0.3386883E-02    0.1848028E-02    0.4388401E-03    0.2479768E-02    0.3326552E-02    0.6869441E-02   -0.2581020E-03    0.4354074E-02
   -0.6690714E-06   -0.6682360E-04    0.7021923E-05    0.2020642E-03   -0.3708695E-02    0.2804608E-03    0.1847889E-04   -0.3772745E-05   -0.5412419E+00    0.8181677E-01   -0.6576687E-01   -0.6583638E+00    0.1014640E+01    0.1955314E+01    0.8290495E+00    0.5237967E-01   -0.6915124E-02   -0.1054989E-02    0.1065470E+00    0.1277644E+00   -0.1756076E-04   -0.8994818E-05    0.1564224E-03    0.5340564E-07    0.4856421E-04    0.5486304E-03   -0.8869865E-04   -0.4867247E-04   -0.3225389E-03   -0.2562616E-03   -0.1918905E-03   -0.1188775E-03    0.9295805E-05   -0.1645160E-04
   -0.7118070E-06   -0.5489300E-03    0.6594480E-04    0.1019036E-02   -0.3107251E-01    0.7155537E-03   -0.1318737E-03    0.2213465E-04   -0.1737605E+01   -0.6576687E-01    0.3479775E+01   -0.2784049E+02   -0.4043925E+01    0.6860239E+01    0.6185520E+01   -0.2315930E+01   -0.1299293E+00    0.1567355E-01    0.2217206E+01    0.2047341E+01    0.1748755E-03    0.6688923E-04   -0.1435348E-02   -0.2690676E-04    0.1571143E-02    0.1590195E-02    0.2468709E-03    0.2943492E-04   -0.1288091E-02   -0.1262811E-02   -0.2628799E-02   -0.8494275E-02    0.1757974E-03   -0.3599092E-03
    0.1850404E-03    0.1275404E-01   -0.1519518E-02   -0.3368638E-01    0.7549338E+00   -0.2949557E-01    0.2369665E-02    0.3895620E-02    0.4542266E+02   -0.6583638E+00   -0.2784049E+02    0.7656827E+03    0.7017400E+02   -0.5928268E+02   -0.7169620E+02    0.1320865E+02   -0.3786018E+01    0.3582460E+01   -0.9739284E+01   -0.1427347E+02   -0.2461688E-02   -0.1959440E-02    0.1046544E-01   -0.1655870E-02   -0.1566940E-01    0.1784323E-02    0.1099503E-01   -0.1988288E-02   -0.2321457E-02    0.5575603E-02    0.7226177E-02    0.5281148E-01    0.5921149E-02    0.4863461E-02
    0.7571212E-04    0.5889436E-02   -0.6578336E-03   -0.6821943E-02    0.3433238E+00    0.3308899E-02    0.6763913E-02    0.6615678E-03    0.1140695E+01    0.1014640E+01   -0.4043925E+01    0.7017400E+02    0.6216272E+02    0.4492630E+02    0.1690825E+02   -0.3393970E+01   -0.1842328E+00   -0.1182491E+01    0.3590923E+01    0.3237163E+01   -0.3008481E-03   -0.1101000E-02    0.2065280E-02   -0.7550577E-03   -0.6736258E-02   -0.1632102E-01   -0.5194388E-03    0.1113135E-02   -0.6344651E-02   -0.1808088E-02    0.6691990E-02    0.2863567E-01    0.1377575E-03    0.3028935E-03
    0.2753895E-04    0.1164556E-02   -0.1222058E-03    0.4084384E-02    0.6269280E-01    0.1410926E-01    0.5532409E-02    0.3133889E-03   -0.2161839E+02    0.1955314E+01    0.6860239E+01   -0.5928268E+02    0.4492630E+02    0.9857456E+02    0.6562260E+02   -0.1037256E+02   -0.5066660E+00   -0.7270828E+00    0.4329112E+01    0.5030160E+01   -0.7444094E-04   -0.6891886E-03   -0.9803601E-04   -0.5524778E-03   -0.3234242E-03    0.9781643E-02   -0.3339394E-02   -0.7458454E-03   -0.9898592E-02   -0.9361590E-02   -0.3394110E-02   -0.6613649E-02    0.7464179E-03   -0.2377490E-02
   -0.3149737E-04   -0.1027097E-02    0.1384581E-03    0.1021603E-01   -0.7917206E-01    0.2345795E-01    0.2442604E-02    0.1096546E-02   -0.6103594E+02    0.8290495E+00    0.6185520E+01   -0.7169620E+02    0.1690825E+02    0.6562260E+02    0.1194512E+03   -0.9291768E+01   -0.3464014E+00   -0.3200537E+00   -0.5725261E+00    0.1497534E+02    0.3548830E-03   -0.2979987E-03    0.3128570E-03   -0.4322394E-03   -0.3570352E-02    0.7185346E-02   -0.5238204E-02   -0.1658768E-02   -0.9957520E-03   -0.6366374E-02   -0.2387829E-02    0.9165007E-03    0.6034390E-03   -0.7606221E-02
    0.1944494E-04    0.1106246E-02   -0.1277436E-03   -0.2512955E-02    0.7161531E-01   -0.2924478E-02    0.4628503E-03    0.1408340E-04    0.7035495E+00    0.5237967E-01   -0.2315930E+01    0.1320865E+02   -0.3393970E+01   -0.1037256E+02   -0.9291768E+01    0.5384208E+01    0.8406066E-01    0.1769843E-01   -0.1606538E+01   -0.1401733E+01   -0.1493624E-03    0.3642941E-04    0.6459220E-03    0.2820916E-05   -0.4740438E-03   -0.2393708E-02    0.8965799E-03    0.7565978E-03    0.6071307E-03    0.1870348E-02    0.1488334E-02    0.2556624E-02   -0.1048225E-03    0.1690459E-03
    0.1281676E-04    0.1957604E-03   -0.1846439E-04    0.6525695E-03    0.1664743E-01    0.1508513E-02    0.9281054E-03   -0.6020883E-04    0.1221398E-01   -0.6915124E-02   -0.1299293E+00   -0.3786018E+01   -0.1842328E+00   -0.5066660E+00   -0.3464014E+00    0.8406066E-01    0.3452055E+01    0.4123140E+00    0.2904743E+00    0.5066778E+00    0.1283721E-03    0.9773944E-04   -0.1504853E-02    0.6930807E-04   -0.5989356E-03    0.1402568E-02   -0.1525852E-03   -0.3752937E-03    0.2287229E-03   -0.1074245E-02   -0.1775741E-02   -0.3498969E-02    0.2918485E-03    0.3767582E-04
    0.8017558E-05    0.1965254E-03   -0.2228656E-04   -0.6379581E-03    0.1621959E-01   -0.1317938E-02    0.5296819E-03   -0.2248005E-04   -0.3996575E-02   -0.1054989E-02    0.1567355E-01    0.3582460E+01   -0.1182491E+01   -0.7270828E+00   -0.3200537E+00    0.1769843E-01    0.4123140E+00    0.3354771E+01    0.2555019E+01    0.1809264E+01   -0.1442838E-03    0.4308428E-04    0.2706921E-03    0.9497567E-04   -0.1017652E-02    0.1296335E-02    0.4718160E-03   -0.1348310E-03   -0.2372810E-02    0.1614178E-02   -0.3723772E-02   -0.1324670E-01   -0.2862713E-03   -0.2030061E-03
    0.2446250E-04    0.5393154E-03   -0.6504477E-04   -0.2142538E-02    0.4075449E-01   -0.3133014E-02    0.1243182E-02    0.2041227E-04   -0.2342053E+01    0.1065470E+00    0.2217206E+01   -0.9739284E+01    0.3590923E+01    0.4329112E+01   -0.5725261E+00   -0.1606538E+01    0.2904743E+00    0.2555019E+01    0.1740930E+02    0.2625251E+02    0.6158082E-04    0.1804361E-03   -0.7005055E-03   -0.4213746E-04   -0.1077905E-05   -0.2494410E-02    0.2473041E-02   -0.5263128E-03   -0.5942111E-02   -0.1932309E-02   -0.7078387E-02   -0.6569579E-02    0.2656209E-04    0.2503495E-02
    0.2398021E-04    0.1584147E-03   -0.2668650E-04   -0.1531230E-02    0.1564430E-01   -0.7826535E-03    0.1304309E-02    0.7759530E-03   -0.1910708E+02    0.1277644E+00    0.2047341E+01   -0.1427347E+02    0.3237163E+01    0.5030160E+01    0.1497534E+02   -0.1401733E+01    0.5066778E+00    0.1809264E+01    0.2625251E+02    0.5570435E+02    0.2912798E-03    0.5090227E-03   -0.7195963E-03    0.1003528E-04   -0.1455914E-02   -0.7197542E-02    0.3373212E-02   -0.2181807E-02   -0.4176666E-02   -0.3734016E-02   -0.6192345E-02    0.2112176E-02    0.1207583E-03    0.4539866E-02
    0.1353441E-06    0.5640395E-06   -0.7970502E-07    0.4489024E-05    0.9084154E-04    0.1131744E-04    0.6693230E-05    0.5927443E-06   -0.1819839E-03   -0.1756076E-04    0.1748755E-03   -0.2461688E-02   -0.3008481E-03   -0.7444094E-04    0.3548830E-03   -0.1493624E-03    0.1283721E-03   -0.1442838E-03    0.6158082E-04    0.2912798E-03    0.3283913E-04    0.8964504E-05   -0.3044420E-06    0.3356980E-05   -0.2648823E-05    0.1166795E-04   -0.1891518E-05   -0.2130754E-05    0.1297475E-05   -0.5229276E-05   -0.1038524E-04   -0.9528103E-05   -0.3482842E-07   -0.9106712E-07
    0.1479722E-06    0.4449843E-06   -0.5764411E-07    0.4494985E-05    0.9393709E-04    0.1043283E-04    0.7476024E-05    0.4103132E-06   -0.1659644E-03   -0.8994818E-05    0.6688923E-04   -0.1959440E-02   -0.1101000E-02   -0.6891886E-03   -0.2979987E-03    0.3642941E-04    0.9773944E-04    0.4308428E-04    0.1804361E-03    0.5090227E-03    0.8964504E-05    0.2528550E-04   -0.1816595E-06    0.1268182E-04   -0.3765211E-05    0.6314811E-05   -0.7106480E-06   -0.4220644E-06    0.3981581E-05   -0.7308548E-06   -0.4906356E-05   -0.7169603E-05   -0.5727749E-07   -0.2780439E-08
   -0.1907116E-07   -0.1503673E-05    0.1282488E-06    0.4060807E-05   -0.8958306E-04    0.3565156E-05   -0.1919645E-05   -0.1531337E-06   -0.2485540E-02    0.1564224E-03   -0.1435348E-02    0.1046544E-01    0.2065280E-02   -0.9803601E-04    0.3128570E-03    0.6459220E-03   -0.1504853E-02    0.2706921E-03   -0.7005055E-03   -0.7195963E-03   -0.3044420E-06   -0.1816595E-06    0.1039779E-02   -0.8944293E-06    0.2491262E-04    0.4496511E-04    0.4172521E-07    0.4034022E-05   -0.4491835E-05    0.1358078E-04    0.6222863E-05    0.1240426E-04   -0.5760585E-07   -0.5299769E-06
    0.1329990E-06    0.4003822E-06   -0.5972934E-07    0.4478724E-05    0.8930486E-04    0.1157893E-04    0.7412289E-05    0.1085259E-05    0.4372077E-03    0.5340564E-07   -0.2690676E-04   -0.1655870E-02   -0.7550577E-03   -0.5524778E-03   -0.4322394E-03    0.2820916E-05    0.6930807E-04    0.9497567E-04   -0.4213746E-04    0.1003528E-04    0.3356980E-05    0.1268182E-04   -0.8944293E-06    0.4821113E-04   -0.1230060E-05   -0.4065435E-05    0.2472150E-05   -0.2526504E-05    0.3787500E-05   -0.2135685E-05   -0.3642823E-05   -0.1127951E-04   -0.1381297E-06    0.1188577E-06
   -0.1656573E-06   -0.6302579E-05    0.7213906E-06   -0.4025807E-05   -0.4005856E-03   -0.2917658E-04   -0.1400320E-04   -0.2111608E-05   -0.1855144E-03    0.4856421E-04    0.1571143E-02   -0.1566940E-01   -0.6736258E-02   -0.3234242E-03   -0.3570352E-02   -0.4740438E-03   -0.5989356E-03   -0.1017652E-02   -0.1077905E-05   -0.1455914E-02   -0.2648823E-05   -0.3765211E-05    0.2491262E-04   -0.1230060E-05    0.2163378E-02    0.1475675E-03    0.1008507E-05    0.7358734E-05    0.4989555E-04   -0.2502096E-04   -0.3297765E-05    0.1541188E-04    0.2756860E-06   -0.1437240E-07
   -0.2493706E-06   -0.1000227E-04    0.9726113E-06   -0.2598231E-04   -0.6609088E-03   -0.8253222E-04   -0.1695128E-04   -0.2119169E-06   -0.2064819E-02    0.5486304E-03    0.1590195E-02    0.1784323E-02   -0.1632102E-01    0.9781643E-02    0.7185346E-02   -0.2393708E-02    0.1402568E-02    0.1296335E-02   -0.2494410E-02   -0.7197542E-02    0.1166795E-04    0.6314811E-05    0.4496511E-04   -0.4065435E-05    0.1475675E-03    0.1693415E-01    0.1207430E-04   -0.5322086E-04   -0.7740977E-04   -0.9326093E-05    0.1018431E-03   -0.1550122E-03   -0.5796080E-06   -0.5589653E-06
   -0.1221730E-06    0.1762691E-05   -0.2701021E-06   -0.1342148E-04    0.3653506E-04   -0.2054049E-04   -0.2601827E-05    0.1218225E-05    0.3386883E-02   -0.8869865E-04    0.2468709E-03    0.1099503E-01   -0.5194388E-03   -0.3339394E-02   -0.5238204E-02    0.8965799E-03   -0.1525852E-03    0.4718160E-03    0.2473041E-02    0.3373212E-02   -0.1891518E-05   -0.7106480E-06    0.4172521E-07    0.2472150E-05    0.1008507E-05    0.1207430E-04    0.1422247E-02    0.2895383E-03    0.1045977E-03   -0.4156755E-03   -0.1121877E-03   -0.3045233E-04    0.1382483E-06    0.7980907E-06
   -0.1270226E-06    0.2180987E-05   -0.2002496E-06   -0.1434861E-04    0.3910257E-04   -0.2362772E-04   -0.3548300E-05   -0.7444360E-09    0.1848028E-02   -0.4867247E-04    0.2943492E-04   -0.1988288E-02    0.1113135E-02   -0.7458454E-03   -0.1658768E-02    0.7565978E-03   -0.3752937E-03   -0.1348310E-03   -0.5263128E-03   -0.2181807E-02   -0.2130754E-05   -0.4220644E-06    0.4034022E-05   -0.2526504E-05    0.7358734E-05   -0.5322086E-04    0.2895383E-03    0.8414357E-03    0.5477805E-04    0.7399007E-03    0.7221977E-04   -0.6869934E-03   -0.1584465E-06   -0.1248958E-06
   -0.2675813E-06    0.9729560E-06   -0.1149591E-06   -0.1687575E-04    0.3148996E-05   -0.3665584E-04   -0.1221671E-05   -0.2759829E-05    0.4388401E-03   -0.3225389E-03   -0.1288091E-02   -0.2321457E-02   -0.6344651E-02   -0.9898592E-02   -0.9957520E-03    0.6071307E-03    0.2287229E-03   -0.2372810E-02   -0.5942111E-02   -0.4176666E-02    0.1297475E-05    0.3981581E-05   -0.4491835E-05    0.3787500E-05    0.4989555E-04   -0.7740977E-04    0.1045977E-03    0.5477805E-04    0.7060422E-02   -0.1907064E-03    0.6444456E-03    0.4420870E-02    0.4704232E-06    0.3645464E-06
   -0.4403747E-06    0.2037237E-05   -0.1129665E-06   -0.2447476E-04   -0.9080168E-04   -0.4845721E-04   -0.1397936E-04   -0.1844612E-05    0.2479768E-02   -0.2562616E-03   -0.1262811E-02    0.5575603E-02   -0.1808088E-02   -0.9361590E-02   -0.6366374E-02    0.1870348E-02   -0.1074245E-02    0.1614178E-02   -0.1932309E-02   -0.3734016E-02   -0.5229276E-05   -0.7308548E-06    0.1358078E-04   -0.2135685E-05   -0.2502096E-04   -0.9326093E-05   -0.4156755E-03    0.7399007E-03   -0.1907064E-03    0.2904214E-02    0.5479648E-03   -0.8396995E-03   -0.1698620E-06    0.3635933E-06
   -0.7709544E-06    0.2100187E-05   -0.3809009E-06   -0.3721589E-04   -0.1119421E-03   -0.7063344E-04   -0.1623020E-04   -0.1967176E-06    0.3326552E-02   -0.1918905E-03   -0.2628799E-02    0.7226177E-02    0.6691990E-02   -0.3394110E-02   -0.2387829E-02    0.1488334E-02   -0.1775741E-02   -0.3723772E-02   -0.7078387E-02   -0.6192345E-02   -0.1038524E-04   -0.4906356E-05    0.6222863E-05   -0.3642823E-05   -0.3297765E-05    0.1018431E-03   -0.1121877E-03    0.7221977E-04    0.6444456E-03    0.5479648E-03    0.6552331E-02    0.7480738E-02    0.2729031E-06    0.3717580E-06
   -0.2023894E-05    0.1675467E-04   -0.2633310E-05   -0.7029410E-04    0.1367622E-03   -0.8076974E-04   -0.2510677E-04    0.1021708E-04    0.6869441E-02   -0.1188775E-03   -0.8494275E-02    0.5281148E-01    0.2863567E-01   -0.6613649E-02    0.9165007E-03    0.2556624E-02   -0.3498969E-02   -0.1324670E-01   -0.6569579E-02    0.2112176E-02   -0.9528103E-05   -0.7169603E-05    0.1240426E-04   -0.1127951E-04    0.1541188E-04   -0.1550122E-03   -0.3045233E-04   -0.6869934E-03    0.4420870E-02   -0.8396995E-03    0.7480738E-02    0.6535726E-01    0.3920302E-05    0.1219521E-05
   -0.1947100E-08   -0.3946623E-07    0.3188601E-08   -0.2547102E-06   -0.3882346E-05   -0.3801828E-06   -0.3814548E-06   -0.6717686E-08   -0.2581020E-03    0.9295805E-05    0.1757974E-03    0.5921149E-02    0.1377575E-03    0.7464179E-03    0.6034390E-03   -0.1048225E-03    0.2918485E-03   -0.2862713E-03    0.2656209E-04    0.1207583E-03   -0.3482842E-07   -0.5727749E-07   -0.5760585E-07   -0.1381297E-06    0.2756860E-06   -0.5796080E-06    0.1382483E-06   -0.1584465E-06    0.4704232E-06   -0.1698620E-06    0.2729031E-06    0.3920302E-05    0.5843985E-06    0.5492793E-08
    0.1066802E-07    0.3260682E-06   -0.3860372E-07   -0.1066559E-05    0.2074281E-04   -0.1313128E-05    0.4221292E-06    0.1048961E-07    0.4354074E-02   -0.1645160E-04   -0.3599092E-03    0.4863461E-02    0.3028935E-03   -0.2377490E-02   -0.7606221E-02    0.1690459E-03    0.3767582E-04   -0.2030061E-03    0.2503495E-02    0.4539866E-02   -0.9106712E-07   -0.2780439E-08   -0.5299769E-06    0.1188577E-06   -0.1437240E-07   -0.5589653E-06    0.7980907E-06   -0.1248958E-06    0.3645464E-06    0.3635933E-06    0.3717580E-06    0.1219521E-05    0.5492793E-08    0.2077836E-05
