# omegabh2 omegach2 theta tau Alens logA ns calPlanck aps100 aps143 aps217 acib217 asz143 psr cibr xi aksz dust100 dust143 dust217 dust143x217 cal0 cal2 calTE calEE
  3.7735698E-08  -1.9827270E-07   3.0377310E-08   1.2102148E-07   7.5671332E-06  -1.4011768E-07   6.1201009E-07  -7.4282624E-09  -8.5821768E-04  -4.6314971E-04   1.4435258E-04  -2.1316993E-04   3.2296542E-05   2.2678709E-06  -3.7709485E-06   2.3695983E-06  -7.1799818E-05   2.4378954E-07  -1.2706609E-06   4.0482091E-07  -1.5560749E-06   4.8138497E-09  -1.7454245E-08  -3.0252861E-07  -3.2816621E-07
 -1.9827270E-07   2.4434804E-06  -2.4561861E-07  -1.3489704E-06  -5.9034796E-05   2.6459823E-06  -6.2908323E-06  -6.4588223E-08   3.7065501E-03   2.3486134E-03  -7.5743273E-04   1.0649975E-03  -1.4748703E-04  -9.1861383E-06   1.8081215E-05  -8.2315988E-06   3.9433433E-04  -1.1039115E-06   6.9884688E-06  -1.1204723E-06   9.8187962E-06  -4.0443095E-08   9.2645832E-08   1.3207009E-06  -1.2567424E-08
  3.0377310E-08  -2.4561861E-07   1.1235613E-07   1.0417880E-07   7.7445548E-06  -2.3963633E-07   7.8928443E-07   3.5964002E-09  -4.8707632E-04  -2.7971262E-04   1.2697632E-05  -8.1638843E-05   1.5510674E-05   1.0384359E-06  -1.4403696E-06   1.2681627E-06  -5.4512939E-05  -3.3699194E-07  -1.9907392E-07  -5.6364609E-07  -2.0346425E-06   1.8101960E-09  -1.4619517E-08  -2.2551495E-07  -5.5763411E-08
  1.2102148E-07  -1.3489704E-06   1.0417880E-07   3.4406639E-05  -4.2313820E-05   6.5370153E-05   4.3924577E-06   1.2051390E-08  -3.2879178E-03  -1.3999405E-03   1.4031829E-03  -9.4594233E-04   1.0482099E-04   1.3104923E-05  -2.8056844E-05  -1.0883930E-06  -5.1987384E-04  -2.5620159E-05   1.6392653E-06   1.3026041E-06  -2.8117584E-06  -6.0099069E-08  -7.5980976E-08  -7.4894866E-07  -7.8287972E-07
  7.5671332E-06  -5.9034796E-05   7.7445548E-06  -4.2313820E-05   4.9590149E-03  -2.3088173E-04   1.8658906E-04  -1.3679368E-05  -2.8507711E-01  -1.2765313E-01   6.2231240E-02  -7.3332643E-02   7.1808358E-03   7.8532405E-04  -1.3215022E-03   1.2816251E-03  -2.2589658E-02   4.8777117E-05  -5.9512619E-04   6.4054614E-05  -6.1513308E-04   7.6717534E-07  -7.5803980E-06  -1.4740615E-04  -5.7322642E-05
 -1.4011768E-07   2.6459823E-06  -2.3963633E-07   6.5370153E-05  -2.3088173E-04   1.6431923E-04  -6.5340309E-06   1.2367090E-05   8.8898608E-03   4.8903859E-03   9.6094835E-03  -9.4166369E-04  -1.1382615E-04   3.1193384E-05  -7.7551822E-05   7.0370673E-06  -1.3196651E-03  -8.1875864E-05  -7.0957516E-05   2.3595740E-05  -3.6828099E-06   4.5162432E-07  -6.3022094E-08   1.8062674E-06   1.3962458E-06
  6.1201009E-07  -6.2908323E-06   7.8928443E-07   4.3924577E-06   1.8658906E-04  -6.5340309E-06   2.6572947E-05   2.2909468E-07  -3.1580268E-02  -1.2783194E-02   9.9517348E-03  -8.2302774E-03   8.7560521E-04   8.2716845E-05  -1.3747237E-04   8.8082787E-05  -2.8202211E-03   7.0469546E-06  -4.4263330E-05   2.8061703E-05  -4.5378032E-05  -2.5651517E-07  -5.4946492E-07  -5.1432275E-06  -4.5874891E-06
 -7.4282624E-09  -6.4588223E-08   3.5964002E-09   1.2051390E-08  -1.3679368E-05   1.2367090E-05   2.2909468E-07   6.2689510E-06   4.3855564E-03   8.2895214E-04   1.5614128E-03   5.0191940E-04  -2.5180443E-05  -2.7424429E-06  -6.9367049E-07  -1.0086196E-05  -5.1479838E-05  -5.7744755E-06   5.8247570E-06   6.1072111E-06  -2.0848788E-06  -3.1687561E-09  -6.0747502E-08   1.3847338E-07   3.5191005E-07
 -8.5821768E-04   3.7065501E-03  -4.8707632E-04  -3.2879178E-03  -2.8507711E-01   8.8898608E-03  -3.1580268E-02   4.3855564E-03   6.1186831E+02   6.3001434E+01  -5.4302921E+01   3.2145018E+01  -2.5493674E+01  -8.9655143E-01  -2.0740898E-01  -4.3608474E-01   1.1695696E+01  -7.0036342E-02   3.0897000E-01  -2.6573240E-01  -1.7369491E-01   6.4318324E-03   2.5982721E-03   1.1163807E-02   1.2560561E-02
 -4.6314971E-04   2.3486134E-03  -2.7971262E-04  -1.3999405E-03  -1.2765313E-01   4.8903859E-03  -1.2783194E-02   8.2895214E-04   6.3001434E+01   6.7000238E+01   8.9526128E+00   6.6225692E+00  -7.6439856E-01  -8.0654439E-02   4.4055854E-01   8.4987305E-01  -7.2098004E+00  -8.5431830E-03  -2.0772208E-01   6.0552600E-02   9.6522904E-02   9.2705661E-04   8.2321267E-04   6.1205733E-03   7.2066703E-03
  1.4435258E-04  -7.5743273E-04   1.2697632E-05   1.4031829E-03   6.2231240E-02   9.6094835E-03   9.9517348E-03   1.5614128E-03  -5.4302921E+01   8.9526128E+00   1.7325975E+02  -8.2686420E+01   2.7636515E+00   3.1766382E-01  -1.0519998E+00   4.1813844E-01  -7.3304341E+00  -2.6382673E-02  -2.7102569E-01   5.7677054E-01  -4.1007510E-02   1.8194634E-03  -7.4364499E-03   1.1098991E-03   2.1448251E-03
 -2.1316993E-04   1.0649975E-03  -8.1638843E-05  -9.4594233E-04  -7.3332643E-02  -9.4166369E-04  -8.2302774E-03   5.0191940E-04   3.2145018E+01   6.6225692E+00  -8.2686420E+01   5.1514817E+01   1.1923240E+00  -4.6032932E-02   7.2824455E-01  -2.7916902E-01  -1.9575362E+00   1.2490627E-02   1.7577992E-01  -4.5729925E-01  -8.6774900E-02  -6.3665265E-04   2.9982550E-03   1.2690348E-03   1.0172015E-03
  3.2296542E-05  -1.4748703E-04   1.5510674E-05   1.0482099E-04   7.1808358E-03  -1.1382615E-04   8.7560521E-04  -2.5180443E-05  -2.5493674E+01  -7.6439856E-01   2.7636515E+00   1.1923240E+00   4.2420261E+00   1.0473265E-01   1.5227633E-01  -1.8962026E-02  -3.2849014E+00  -1.0392509E-02  -4.8404881E-03   1.4285693E-02   5.8722747E-02   4.5448682E-04  -2.4202364E-04  -4.7389341E-04  -4.4602987E-04
  2.2678709E-06  -9.1861383E-06   1.0384359E-06   1.3104923E-05   7.8532405E-04   3.1193384E-05   8.2716845E-05  -2.7424429E-06  -8.9655143E-01  -8.0654439E-02   3.1766382E-01  -4.6032932E-02   1.0473265E-01   1.7598026E-02  -1.7755110E-02   1.2624487E-02  -9.6355707E-02  -8.2654983E-04  -1.0317888E-03  -2.8503750E-03   5.2205012E-03   1.9064305E-05  -3.9140435E-05  -1.8774189E-05  -1.2785137E-05
 -3.7709485E-06   1.8081215E-05  -1.4403696E-06  -2.8056844E-05  -1.3215022E-03  -7.7551822E-05  -1.3747237E-04  -6.9367049E-07  -2.0740898E-01   4.4055854E-01  -1.0519998E+00   7.2824455E-01   1.5227633E-01  -1.7755110E-02   7.1276253E-02   3.0252297E-03  -1.5161807E-01   1.6256576E-03   7.4014661E-03  -1.3628590E-04  -1.7045120E-02  -1.0451621E-05   9.8358378E-05   2.3631923E-05   1.9189195E-05
  2.3695983E-06  -8.2315988E-06   1.2681627E-06  -1.0883930E-06   1.2816251E-03   7.0370673E-06   8.8082787E-05  -1.0086196E-05  -4.3608474E-01   8.4987305E-01   4.1813844E-01  -2.7916902E-01  -1.8962026E-02   1.2624487E-02   3.0252297E-03   8.1905430E-02   1.6073659E-02  -1.6131079E-04  -1.9843433E-04   8.2914700E-04   1.3017581E-03   1.8397080E-05  -1.2619646E-05  -2.2161529E-05   8.4998129E-07
 -7.1799818E-05   3.9433433E-04  -5.4512939E-05  -5.1987384E-04  -2.2589658E-02  -1.3196651E-03  -2.8202211E-03  -5.1479838E-05   1.1695696E+01  -7.2098004E+00  -7.3304341E+00  -1.9575362E+00  -3.2849014E+00  -9.6355707E-02  -1.5161807E-01   1.6073659E-02   6.9477587E+00   5.9776062E-03   1.5997471E-03  -7.7482005E-03  -4.4250943E-02  -3.7186737E-04   9.8465881E-05   4.4922262E-04  -5.0181234E-05
  2.4378954E-07  -1.1039115E-06  -3.3699194E-07  -2.5620159E-05   4.8777117E-05  -8.1875864E-05   7.0469546E-06  -5.7744755E-06  -7.0036342E-02  -8.5431830E-03  -2.6382673E-02   1.2490627E-02  -1.0392509E-02  -8.2654983E-04   1.6256576E-03  -1.6131079E-04   5.9776062E-03   3.7935345E-02   3.0553108E-03  -7.9077163E-05  -1.6021539E-04   3.4168696E-05   6.2133786E-07  -9.6057948E-06  -1.8604403E-05
 -1.2706609E-06   6.9884688E-06  -1.9907392E-07   1.6392653E-06  -5.9512619E-04  -7.0957516E-05  -4.4263330E-05   5.8247570E-06   3.0897000E-01  -2.0772208E-01  -2.7102569E-01   1.7577992E-01  -4.8404881E-03  -1.0317888E-03   7.4014661E-03  -1.9843433E-04   1.5997471E-03   3.0553108E-03   3.0678762E-02  -1.0756043E-03   5.0032371E-03  -8.2526175E-05  -4.6469643E-05  -6.2598353E-05  -6.4762521E-05
  4.0482091E-07  -1.1204723E-06  -5.6364609E-07   1.3026041E-06   6.4054614E-05   2.3595740E-05   2.8061703E-05   6.1072111E-06  -2.6573240E-01   6.0552600E-02   5.7677054E-01  -4.5729925E-01   1.4285693E-02  -2.8503750E-03  -1.3628590E-04   8.2914700E-04  -7.7482005E-03  -7.9077163E-05  -1.0756043E-03   1.0819045E-02   8.2473924E-03   5.3352256E-06   6.1854341E-05   3.7085116E-06   9.0786592E-07
 -1.5560749E-06   9.8187962E-06  -2.0346425E-06  -2.8117584E-06  -6.1513308E-04  -3.6828099E-06  -4.5378032E-05  -2.0848788E-06  -1.7369491E-01   9.6522904E-02  -4.1007510E-02  -8.6774900E-02   5.8722747E-02   5.2205012E-03  -1.7045120E-02   1.3017581E-03  -4.4250943E-02  -1.6021539E-04   5.0032371E-03   8.2473924E-03   2.5904373E-02  -2.0905678E-06   5.6343689E-05  -6.7502644E-06  -6.0450668E-06
  4.8138497E-09  -4.0443095E-08   1.8101960E-09  -6.0099069E-08   7.6717534E-07   4.5162432E-07  -2.5651517E-07  -3.1687561E-09   6.4318324E-03   9.2705661E-04   1.8194634E-03  -6.3665265E-04   4.5448682E-04   1.9064305E-05  -1.0451621E-05   1.8397080E-05  -3.7186737E-04   3.4168696E-05  -8.2526175E-05   5.3352256E-06  -2.0905678E-06   1.1145039E-06   5.4838749E-08   3.9533855E-07   5.8738526E-07
 -1.7454245E-08   9.2645832E-08  -1.4619517E-08  -7.5980976E-08  -7.5803980E-06  -6.3022094E-08  -5.4946492E-07  -6.0747502E-08   2.5982721E-03   8.2321267E-04  -7.4364499E-03   2.9982550E-03  -2.4202364E-04  -3.9140435E-05   9.8358378E-05  -1.2619646E-05   9.8465881E-05   6.2133786E-07  -4.6469643E-05   6.1854341E-05   5.6343689E-05   5.4838749E-08   2.4232880E-06   4.5609134E-07   2.1690583E-07
 -3.0252861E-07   1.3207009E-06  -2.2551495E-07  -7.4894866E-07  -1.4740615E-04   1.8062674E-06  -5.1432275E-06   1.3847338E-07   1.1163807E-02   6.1205733E-03   1.1098991E-03   1.2690348E-03  -4.7389341E-04  -1.8774189E-05   2.3631923E-05  -2.2161529E-05   4.4922262E-04  -9.6057948E-06  -6.2598353E-05   3.7085116E-06  -6.7502644E-06   3.9533855E-07   4.5609134E-07   2.7813419E-05   9.5903534E-06
 -3.2816621E-07  -1.2567424E-08  -5.5763411E-08  -7.8287972E-07  -5.7322642E-05   1.3962458E-06  -4.5874891E-06   3.5191005E-07   1.2560561E-02   7.2066703E-03   2.1448251E-03   1.0172015E-03  -4.4602987E-04  -1.2785137E-05   1.9189195E-05   8.4998129E-07  -5.0181234E-05  -1.8604403E-05  -6.4762521E-05   9.0786592E-07  -6.0450668E-06   5.8738526E-07   2.1690583E-07   9.5903534E-06   2.4097938E-05
