# omegabh2 omegach2 theta tau mnu nnu logA ns calPlanck aps100 aps143 aps217 acib217 asz143 psr cibr xi aksz dust100 dust143 dust217 dust143x217 cal0 cal2 calTE calEE
  3.6127168E-08   3.3370694E-07  -3.3369905E-08   2.3286800E-07   1.4614639E-06   2.4768555E-05   1.4590744E-06   9.8391321E-07   1.8497058E-08   2.9389778E-04   9.9372945E-05  -1.0598944E-04   8.9862998E-05  -2.1662214E-07  -4.7038700E-07   1.6998894E-06  -9.1584642E-07   1.6259321E-05   1.0697315E-06   7.6007998E-07  -1.0026934E-07   5.7340950E-07   2.4526680E-09   1.1571636E-08   5.1308667E-08   2.8562934E-08
  3.3370694E-07   1.1720321E-05  -1.2862489E-06  -3.3672061E-07   1.3394235E-05   6.7683468E-04   2.9827676E-05   1.9142679E-05  -8.1213938E-08   1.6585685E-02   1.0024544E-02  -3.2415386E-03   5.0049484E-03  -4.9083449E-04  -3.3072268E-05   9.1464010E-05  -4.4574577E-05   1.2627956E-03   2.3002628E-05   2.3946130E-05  -1.7114649E-05   1.6937388E-05  -1.5095681E-08   4.4112420E-07   3.7438130E-06   7.3490267E-06
 -3.3369905E-08  -1.2862489E-06   2.2853591E-07   1.7327516E-08  -2.5918223E-06  -7.8103211E-05  -3.2444563E-06  -2.2293077E-06   5.9420958E-09  -1.8900640E-03  -1.1452052E-03   3.7911337E-04  -5.7174411E-04   5.5839793E-05   4.5368194E-06  -1.1259317E-05   5.6141646E-06  -1.5078681E-04  -2.1650130E-06  -2.9861101E-06   1.6891618E-06  -2.3494421E-06   3.7883708E-09  -4.8644664E-08  -5.2245145E-07  -9.1154099E-07
  2.3286800E-07  -3.3672061E-07   1.7327516E-08   6.2397994E-05   2.8356264E-05   7.0981703E-05   1.2376602E-04   8.8104861E-06  -1.6838370E-07  -8.5582432E-03  -4.3390824E-03   3.2768698E-03  -2.6609172E-03   2.0023704E-04   2.8998105E-05  -7.3269331E-05   5.7968508E-07  -9.2884290E-04  -2.7009163E-06  -3.9388898E-06   5.5758663E-06  -1.3219401E-06  -8.4037048E-08  -2.6460337E-07  -3.5250782E-06  -1.3744392E-06
  1.4614639E-06   1.3394235E-05  -2.5918223E-06   2.8356264E-05   2.1232485E-03   1.7653681E-03   9.5644800E-05   8.6485373E-05   2.9594812E-06   6.0417936E-02   2.6646190E-02  -1.8852459E-02   1.5755816E-02  -2.3299399E-03  -1.6792659E-04   2.8057570E-04  -1.2637473E-04   6.5667650E-03   6.9558423E-05   9.4026270E-05  -2.6261832E-05   1.0212048E-04  -4.2923631E-07   1.5564601E-06   2.4843747E-05   3.0529935E-05
  2.4768555E-05   6.7683468E-04  -7.8103211E-05   7.0981703E-05   1.7653681E-03   4.3108830E-02   1.9297228E-03   1.3734869E-03   2.3191405E-06   1.0639333E+00   6.0882700E-01  -2.2632242E-01   3.1647592E-01  -3.1196157E-02  -2.2431452E-03   5.7177976E-03  -2.9970059E-03   8.1374838E-02   1.3401106E-03   1.5358408E-03  -1.0407991E-03   1.2107309E-03  -4.4663164E-07   2.8012200E-05   2.6109445E-04   5.0492600E-04
  1.4590744E-06   2.9827676E-05  -3.2444563E-06   1.2376602E-04   9.5644800E-05   1.9297228E-03   3.5425627E-04   6.7651221E-05   1.1945811E-05   3.0958645E-02   1.9141601E-02   7.7371167E-03   5.5256211E-03  -8.0571406E-04   2.8595813E-06   3.5330745E-05  -7.0339073E-05   4.5551925E-04   5.6171229E-05  -4.2652913E-05  -2.3046331E-06   2.3204725E-05   5.3270566E-07   5.1187348E-07   2.5281527E-06   1.8929734E-05
  9.8391321E-07   1.9142679E-05  -2.2293077E-06   8.8104861E-06   8.6485373E-05   1.3734869E-03   6.7651221E-05   5.9374543E-05   4.0346886E-07   1.3919139E-02   1.2250480E-02  -1.0783633E-04   4.7490511E-03  -5.9909756E-04  -1.6579367E-05   7.7078017E-05  -4.1318867E-05   8.7181034E-04   6.1008757E-05   2.1480687E-05  -7.0773606E-06   2.8455880E-05  -2.8152972E-07   6.5063721E-07   8.3534471E-06   1.3321602E-05
  1.8497058E-08  -8.1213938E-08   5.9420958E-09  -1.6838370E-07   2.9594812E-06   2.3191405E-06   1.1945811E-05   4.0346886E-07   6.1663087E-06   2.6707728E-03   3.9062699E-04   1.9056055E-03   1.8599105E-04   1.6734100E-05   1.4517351E-06  -5.3308077E-07   2.3111507E-06  -3.4100359E-06   9.2601382E-06   2.4166788E-07   8.5667578E-06  -2.8076466E-06   3.1141547E-08  -5.4930386E-08  -3.9520350E-07  -1.9068103E-07
  2.9389778E-04   1.6585685E-02  -1.8900640E-03  -8.5582432E-03   6.0417936E-02   1.0639333E+00   3.0958645E-02   1.3919139E-02   2.6707728E-03   6.2667599E+02   7.4780348E+01  -6.1871617E+01   3.8898298E+01  -2.5353481E+01  -8.6091703E-01  -6.2190426E-02  -3.3215215E-01   1.1468965E+01  -1.2400593E-01   3.0253549E-01  -3.0837198E-01  -1.5854617E-01   6.3837444E-03   2.9905510E-03   8.6102726E-03   1.9471084E-02
  9.9372945E-05   1.0024544E-02  -1.1452052E-03  -4.3390824E-03   2.6646190E-02   6.0882700E-01   1.9141601E-02   1.2250480E-02   3.9062699E-04   7.4780348E+01   7.5180405E+01   6.8100340E+00   1.0266721E+01  -9.9249590E-01  -5.5268353E-02   4.9944137E-01   8.3050417E-01  -6.9640942E+00  -1.4436267E-02  -2.3325603E-01   3.4254087E-02   7.7814107E-02   9.4059641E-04   9.2041210E-04   6.3878770E-03   1.2766500E-02
 -1.0598944E-04  -3.2415386E-03   3.7911337E-04   3.2768698E-03  -1.8852459E-02  -2.2632242E-01   7.7371167E-03  -1.0783633E-04   1.9056055E-03  -6.1871617E+01   6.8100340E+00   1.7921326E+02  -8.5688015E+01   2.5650755E+00   3.6287628E-01  -1.0785040E+00   4.0423137E-01  -7.3204372E+00  -6.4065455E-02  -3.2452916E-01   5.6475671E-01  -4.6721138E-02   1.8606127E-03  -7.8497133E-03   1.4266294E-03   1.6419579E-03
  8.9862998E-05   5.0049484E-03  -5.7174411E-04  -2.6609172E-03   1.5755816E-02   3.1647592E-01   5.5256211E-03   4.7490511E-03   1.8599105E-04   3.8898298E+01   1.0266721E+01  -8.5688015E+01   5.4280492E+01   1.5307263E+00  -7.1449817E-02   7.6375624E-01  -3.1548700E-01  -2.2158519E+00   3.6105059E-02   1.9062970E-01  -4.5627129E-01  -8.6560885E-02  -6.1286982E-04   3.2772113E-03   1.1248632E-03   3.2555911E-03
 -2.1662214E-07  -4.9083449E-04   5.5839793E-05   2.0023704E-04  -2.3299399E-03  -3.1196157E-02  -8.0571406E-04  -5.9909756E-04   1.6734100E-05  -2.5353481E+01  -9.9249590E-01   2.5650755E+00   1.5307263E+00   4.3192043E+00   9.9980443E-02   1.5676968E-01  -3.9602278E-02  -3.4491227E+00  -7.6674991E-03  -6.3438420E-03   1.0585422E-02   5.0276282E-02   4.6860555E-04  -2.0807005E-04  -2.8068044E-04  -6.4718767E-04
 -4.7038700E-07  -3.3072268E-05   4.5368194E-06   2.8998105E-05  -1.6792659E-04  -2.2431452E-03   2.8595813E-06  -1.6579367E-05   1.4517351E-06  -8.6091703E-01  -5.5268353E-02   3.6287628E-01  -7.1449817E-02   9.9980443E-02   1.6682234E-02  -1.6874376E-02   1.2383127E-02  -9.9162321E-02  -2.9054713E-04  -1.3215692E-03  -2.5049742E-03   4.8599651E-03   1.8815704E-05  -3.7865183E-05  -1.2029035E-05  -2.2372521E-05
  1.6998894E-06   9.1464010E-05  -1.1259317E-05  -7.3269331E-05   2.8057570E-04   5.7177976E-03   3.5330745E-05   7.7078017E-05  -5.3308077E-07  -6.2190426E-02   4.9944137E-01  -1.0785040E+00   7.6375624E-01   1.5676968E-01  -1.6874376E-02   6.7900541E-02   2.6382287E-03  -1.4888541E-01   3.1193173E-04   7.0129484E-03  -2.8743118E-04  -1.6621038E-02  -8.1229814E-06   9.7304011E-05   3.0814212E-05   5.2730836E-05
 -9.1584642E-07  -4.4574577E-05   5.6141646E-06   5.7968508E-07  -1.2637473E-04  -2.9970059E-03  -7.0339073E-05  -4.1318867E-05   2.3111507E-06  -3.3215215E-01   8.3050417E-01   4.0423137E-01  -3.1548700E-01  -3.9602278E-02   1.2383127E-02   2.6382287E-03   8.2751473E-02   4.5078173E-02   1.7488364E-05  -4.1795540E-04   1.4308155E-03   1.0373030E-03   1.5878915E-05  -1.2248718E-05  -1.5333943E-05  -1.8875661E-05
  1.6259321E-05   1.2627956E-03  -1.5078681E-04  -9.2884290E-04   6.5667650E-03   8.1374838E-02   4.5551925E-04   8.7181034E-04  -3.4100359E-06   1.1468965E+01  -6.9640942E+00  -7.3204372E+00  -2.2158519E+00  -3.4491227E+00  -9.9162321E-02  -1.4888541E-01   4.5078173E-02   7.3573626E+00   4.2111157E-03   5.8518950E-03  -5.1647831E-03  -4.1280401E-02  -4.1265573E-04   8.0440398E-05   2.0000642E-04   6.9824672E-04
  1.0697315E-06   2.3002628E-05  -2.1650130E-06  -2.7009163E-06   6.9558423E-05   1.3401106E-03   5.6171229E-05   6.1008757E-05   9.2601382E-06  -1.2400593E-01  -1.4436267E-02  -6.4065455E-02   3.6105059E-02  -7.6674991E-03  -2.9054713E-04   3.1193173E-04   1.7488364E-05   4.2111157E-03   3.8961129E-02   3.0535992E-03  -6.6253872E-05   8.3875786E-04   3.5330729E-05   1.6142277E-06  -9.4375517E-06  -6.7067256E-06
  7.6007998E-07   2.3946130E-05  -2.9861101E-06  -3.9388898E-06   9.4026270E-05   1.5358408E-03  -4.2652913E-05   2.1480687E-05   2.4166788E-07   3.0253549E-01  -2.3325603E-01  -3.2452916E-01   1.9062970E-01  -6.3438420E-03  -1.3215692E-03   7.0129484E-03  -4.1795540E-04   5.8518950E-03   3.0535992E-03   3.1287239E-02  -9.4128669E-04   5.4702265E-03  -8.2131192E-05  -4.2208965E-05  -7.0250060E-05  -6.4847232E-05
 -1.0026934E-07  -1.7114649E-05   1.6891618E-06   5.5758663E-06  -2.6261832E-05  -1.0407991E-03  -2.3046331E-06  -7.0773606E-06   8.5667578E-06  -3.0837198E-01   3.4254087E-02   5.6475671E-01  -4.5627129E-01   1.0585422E-02  -2.5049742E-03  -2.8743118E-04   1.4308155E-03  -5.1647831E-03  -6.6253872E-05  -9.4128669E-04   1.0634865E-02   8.2974359E-03   4.8328344E-06   6.2093650E-05   5.7231245E-06  -3.9143353E-06
  5.7340950E-07   1.6937388E-05  -2.3494421E-06  -1.3219401E-06   1.0212048E-04   1.2107309E-03   2.3204725E-05   2.8455880E-05  -2.8076466E-06  -1.5854617E-01   7.7814107E-02  -4.6721138E-02  -8.6560885E-02   5.0276282E-02   4.8599651E-03  -1.6621038E-02   1.0373030E-03  -4.1280401E-02   8.3875786E-04   5.4702265E-03   8.2974359E-03   2.5905304E-02  -3.0087442E-06   6.0415610E-05  -1.0069505E-05   1.4081113E-05
  2.4526680E-09  -1.5095681E-08   3.7883708E-09  -8.4037048E-08  -4.2923631E-07  -4.4663164E-07   5.3270566E-07  -2.8152972E-07   3.1141547E-08   6.3837444E-03   9.4059641E-04   1.8606127E-03  -6.1286982E-04   4.6860555E-04   1.8815704E-05  -8.1229814E-06   1.5878915E-05  -4.1265573E-04   3.5330729E-05  -8.2131192E-05   4.8328344E-06  -3.0087442E-06   1.1090774E-06   4.3915244E-08   3.7329295E-07   6.0055619E-07
  1.1571636E-08   4.4112420E-07  -4.8644664E-08  -2.6460337E-07   1.5564601E-06   2.8012200E-05   5.1187348E-07   6.5063721E-07  -5.4930386E-08   2.9905510E-03   9.2041210E-04  -7.8497133E-03   3.2772113E-03  -2.0807005E-04  -3.7865183E-05   9.7304011E-05  -1.2248718E-05   8.0440398E-05   1.6142277E-06  -4.2208965E-05   6.2093650E-05   6.0415610E-05   4.3915244E-08   2.4789351E-06   4.7183505E-07   4.7309875E-07
  5.1308667E-08   3.7438130E-06  -5.2245145E-07  -3.5250782E-06   2.4843747E-05   2.6109445E-04   2.5281527E-06   8.3534471E-06  -3.9520350E-07   8.6102726E-03   6.3878770E-03   1.4266294E-03   1.1248632E-03  -2.8068044E-04  -1.2029035E-05   3.0814212E-05  -1.5333943E-05   2.0000642E-04  -9.4375517E-06  -7.0250060E-05   5.7231245E-06  -1.0069505E-05   3.7329295E-07   4.7183505E-07   2.5704411E-05   1.1594047E-05
  2.8562934E-08   7.3490267E-06  -9.1154099E-07  -1.3744392E-06   3.0529935E-05   5.0492600E-04   1.8929734E-05   1.3321602E-05  -1.9068103E-07   1.9471084E-02   1.2766500E-02   1.6419579E-03   3.2555911E-03  -6.4718767E-04  -2.2372521E-05   5.2730836E-05  -1.8875661E-05   6.9824672E-04  -6.7067256E-06  -6.4847232E-05  -3.9143353E-06   1.4081113E-05   6.0055619E-07   4.7309875E-07   1.1594047E-05   3.0444265E-05
