# omegabh2 omegach2 theta tau logA ns Aphiphi calPlanck acib217 xi asz143 aps100 aps143 aps143217 aps217 aksz kgal100 kgal143 kgal143217 kgal217 galfTE100 galfTE100143 galfTE100217 galfTE143 galfTE143217 galfTE217 cal0 cal2
  2.2088434E-08  -1.1346292E-07   1.7235389E-08   2.0477544E-07   2.5264611E-07   2.8165413E-07   1.1042649E-06   1.2428697E-08  -7.4755535E-05   2.2453817E-06   1.7708459E-05  -3.4056876E-04  -2.0526486E-04  -6.2389606E-05  -3.6318697E-06  -3.1740682E-05   5.0239243E-07  -7.5385923E-06  -7.7055688E-06   7.2324628E-06  -8.3678924E-08  -6.3413327E-08  -4.7119175E-08  -3.6576056E-07  -6.0270772E-07  -2.9373342E-06   2.6579542E-09  -8.6904534E-10
 -1.1346292E-07   1.8027991E-06  -1.3763133E-07  -2.2491512E-06  -5.8199873E-07  -4.1022884E-06  -1.9842977E-05  -1.8016011E-07   3.9657517E-05  -5.2393592E-06  -5.8674975E-05   1.0005683E-03   8.3319909E-04   5.9348292E-04   5.1894252E-04   6.9598116E-05  -5.2449144E-05  -3.1311980E-05  -2.2634874E-05   4.0041193E-05   2.3522213E-07  -3.7719200E-07  -1.0001386E-06   1.9909986E-06   4.0206481E-06   2.0676925E-05   5.2189195E-09   7.4108390E-09
  1.7235389E-08  -1.3763133E-07   9.6012727E-08   1.6941766E-07   1.5731642E-07   4.2851951E-07   1.8541894E-06   3.1155759E-08  -1.7066215E-05   1.4163920E-06   8.3254476E-06  -8.3444653E-05  -2.4378124E-05  -2.0067251E-05  -2.5457075E-05  -1.2071596E-06   3.9685120E-06   2.6245753E-06   9.3196522E-06   2.0613126E-05  -2.2324791E-07  -1.4568779E-07   4.7364000E-08  -3.8428709E-07  -2.2091080E-07  -3.1452835E-06  -1.3299347E-09  -4.7068411E-10
  2.0477544E-07  -2.2491512E-06   1.6941766E-07   4.6467493E-05   8.7237535E-05   6.9249848E-06  -4.9081850E-05  -7.6831418E-08  -9.7282715E-04   1.6585477E-05   3.9307813E-04  -8.5842919E-03  -3.6532441E-03  -1.3826675E-03  -6.9252398E-04  -6.5751441E-04   1.5083906E-04  -2.1176598E-04  -7.3327488E-05   3.2034099E-04   6.0454820E-07   1.0215768E-06  -1.3653337E-06  -6.9475737E-06  -1.3110492E-05  -4.5880204E-05   3.9609992E-09   3.1043699E-08
  2.5264611E-07  -5.8199873E-07   1.5731642E-07   8.7237535E-05   2.0038124E-04   3.7839083E-06  -1.7117341E-04   1.2059043E-05  -2.1225421E-03   8.9547036E-05   7.2472140E-04  -1.2687226E-02  -3.7027852E-03   2.1315487E-03   5.5138031E-03  -2.2491301E-03  -4.4543766E-05  -1.1228532E-03  -6.6239511E-04   2.4799664E-03   4.2153051E-06   1.3604802E-06  -2.1134499E-06  -8.9551805E-06  -1.9627156E-05  -4.5330352E-05   1.7170984E-07   6.3304154E-08
  2.8165413E-07  -4.1022884E-06   4.2851951E-07   6.9249848E-06   3.7839083E-06   1.8593743E-05   4.3439991E-05   4.9959890E-07  -4.0244408E-03   1.1783312E-04   9.5744237E-04  -2.3357804E-02  -6.7835460E-03   1.0649317E-03   3.7592113E-03  -2.1913782E-03   4.0335935E-04  -2.4314206E-04  -2.7516421E-04   9.0272710E-04  -1.3153880E-06   9.2989422E-07   1.9533465E-06  -5.0760478E-06  -1.0168157E-05  -5.2769274E-05  -8.9111833E-08  -8.7495774E-08
  1.1042649E-06  -1.9842977E-05   1.8541894E-06  -4.9081850E-05  -1.7117341E-04   4.3439991E-05   9.5547328E-04  -9.7301630E-06   4.9827117E-03  -8.9111088E-05  -4.5826236E-04   9.2036839E-03  -5.9351060E-03  -1.3653719E-02  -1.7979238E-02   3.3919750E-03   1.3567017E-03   1.3205288E-03   1.1403661E-03  -3.6387375E-03   1.2797972E-06   7.5701360E-06   2.9478578E-05  -2.7342364E-05  -5.6154703E-05  -2.5854888E-04  -2.5672779E-07  -1.9184918E-07
  1.2428697E-08  -1.8016011E-07   3.1155759E-08  -7.6831418E-08   1.2059043E-05   4.9959890E-07  -9.7301630E-06   6.2371632E-06   7.4312609E-04   1.4502857E-05   5.8198629E-06   3.6039682E-03   8.4982262E-04   8.5669169E-04   1.1271937E-03  -1.0556742E-04   4.0501360E-05   1.3424236E-05   3.8008576E-05   8.7888179E-04   2.0527877E-06   8.2768653E-07   2.2400368E-06   2.9623564E-07  -2.2656626E-06   3.9600165E-06   4.9934403E-09  -1.9205145E-09
 -7.4755535E-05   3.9657517E-05  -1.7066215E-05  -9.7282715E-04  -2.1225421E-03  -4.0244408E-03   4.9827117E-03   7.4312609E-04   4.4526473E+01  -3.6315178E-01  -1.1130207E+00   3.8216304E+01   1.8328911E+00  -1.2863511E+01  -5.5218497E+01   1.5250347E-01   4.4194656E-02   5.0414592E-01  -6.1509312E+00  -3.3600706E+01  -2.1494169E-03   2.2948554E-03   5.0262528E-03   6.1555277E-03  -5.4131672E-03   3.0665413E-03  -1.5117830E-04   7.6597759E-04
  2.2453817E-06  -5.2393592E-06   1.4163920E-06   1.6585477E-05   8.9547036E-05   1.1783312E-04  -8.9111088E-05   1.4502857E-05  -3.6315178E-01   8.0317816E-02  -3.7514205E-02  -6.0288286E-01   8.8870425E-01   1.6716360E+00   6.1051224E-01   3.5164079E-02  -1.8780729E-03   1.5231603E-02   1.0985865E-01   1.2234492E-01   1.2398728E-04   5.4469695E-05   7.4064949E-05  -2.9328519E-04   2.1484325E-04   1.4911985E-05   1.6982286E-06  -3.7534650E-06
  1.7708459E-05  -5.8674975E-05   8.3254476E-06   3.9307813E-04   7.2472140E-04   9.5744237E-04  -4.5826236E-04   5.8198629E-06  -1.1130207E+00  -3.7514205E-02   3.8369828E+00  -3.0587957E+01  -3.1810063E+00   7.7251924E+00   5.7162289E+00  -2.7218672E+00  -2.3914729E-01   6.3374208E-02   2.5598363E+00   3.3166053E+00   2.1305018E-04   2.1892235E-04   1.0174641E-03   9.1933277E-04   5.9466556E-04  -1.4574195E-03   1.0846449E-04  -3.8098153E-05
 -3.4056876E-04   1.0005683E-03  -8.3444653E-05  -8.5842919E-03  -1.2687226E-02  -2.3357804E-02   9.2036839E-03   3.6039682E-03   3.8216304E+01  -6.0288286E-01  -3.0587957E+01   7.8372517E+02   6.9842356E+01  -5.5866603E+01  -6.4040188E+01   1.4180287E+01  -6.7455924E+00   5.7512659E+00  -1.2329779E+01  -2.5155994E+01  -2.2125967E-03  -7.7111312E-03   2.3760623E-02   3.5321064E-03  -1.3248728E-02  -2.9478821E-02   3.7229000E-03   4.6291534E-04
 -2.0526486E-04   8.3319909E-04  -2.4378124E-05  -3.6532441E-03  -3.7027852E-03  -6.7835460E-03  -5.9351060E-03   8.4982262E-04   1.8328911E+00   8.8870425E-01  -3.1810063E+00   6.9842356E+01   5.9725698E+01   3.9113385E+01   1.4787923E+01  -4.7902921E+00  -5.9078803E-01  -1.2395171E+00   3.2587177E+00   3.8738256E+00  -3.9692394E-04   1.0754771E-03   2.6354741E-03   1.2660807E-03   1.0840807E-02   1.6688453E-02   9.7702115E-05   5.2560735E-05
 -6.2389606E-05   5.9348292E-04  -2.0067251E-05  -1.3826675E-03   2.1315487E-03   1.0649317E-03  -1.3653719E-02   8.5669169E-04  -1.2863511E+01   1.6716360E+00   7.7251924E+00  -5.5866603E+01   3.9113385E+01   8.4212245E+01   5.2933840E+01  -1.1876520E+01  -9.6038098E-01  -7.5421845E-01   4.6344830E+00   7.4505961E+00   1.6333374E-03   2.2979712E-03   6.4294187E-03   4.8284982E-04   1.6432213E-02   5.9136963E-03   3.8021354E-04  -4.2925506E-04
 -3.6318697E-06   5.1894252E-04  -2.5457075E-05  -6.9252398E-04   5.5138031E-03   3.7592113E-03  -1.7979238E-02   1.1271937E-03  -5.5218497E+01   6.1051224E-01   5.7162289E+00  -6.4040188E+01   1.4787923E+01   5.2933840E+01   1.0412070E+02  -9.5618450E+00  -6.1039683E-01  -1.3770087E+00   5.7022216E+00   3.3623739E+01   3.0004231E-03  -1.4936073E-03  -6.8591107E-03  -2.5556704E-03   1.9004454E-02  -3.8381285E-03   4.0488479E-04  -1.4102058E-03
 -3.1740682E-05   6.9598116E-05  -1.2071596E-06  -6.5751441E-04  -2.2491301E-03  -2.1913782E-03   3.3919750E-03  -1.0556742E-04   1.5250347E-01   3.5164079E-02  -2.7218672E+00   1.4180287E+01  -4.7902921E+00  -1.1876520E+01  -9.5618450E+00   5.8121944E+00   1.4569219E-01  -7.8669734E-02  -1.9882602E+00  -2.3566576E+00   1.4317947E-03  -2.7836174E-05  -1.0386498E-03  -1.1226500E-03  -2.4071884E-03   6.0103806E-03  -8.7226258E-05   4.9965895E-06
  5.0239243E-07  -5.2449144E-05   3.9685120E-06   1.5083906E-04  -4.4543766E-05   4.0335935E-04   1.3567017E-03   4.0501360E-05   4.4194656E-02  -1.8780729E-03  -2.3914729E-01  -6.7455924E+00  -5.9078803E-01  -9.6038098E-01  -6.1039683E-01   1.4569219E-01   3.4003833E+00   5.6779254E-01   2.0473551E-01   2.0310215E-01   1.8535952E-04   1.1564977E-03   1.0787420E-03   8.6909794E-04   2.9789429E-03   4.4607127E-03   1.5748428E-04  -5.0841595E-06
 -7.5385923E-06  -3.1311980E-05   2.6245753E-06  -2.1176598E-04  -1.1228532E-03  -2.4314206E-04   1.3205288E-03   1.3424236E-05   5.0414592E-01   1.5231603E-02   6.3374208E-02   5.7512659E+00  -1.2395171E+00  -7.5421845E-01  -1.3770087E+00  -7.8669734E-02   5.6779254E-01   3.1161880E+00   2.6374726E+00   2.7344291E+00   5.6744778E-04   2.0895329E-04   4.1217176E-04  -4.8989097E-04  -6.7037009E-04  -1.4119715E-03  -1.9849756E-04  -3.2850681E-05
 -7.7055688E-06  -2.2634874E-05   9.3196522E-06  -7.3327488E-05  -6.6239511E-04  -2.7516421E-04   1.1403661E-03   3.8008576E-05  -6.1509312E+00   1.0985865E-01   2.5598363E+00  -1.2329779E+01   3.2587177E+00   4.6344830E+00   5.7022216E+00  -1.9882602E+00   2.0473551E-01   2.6374726E+00   1.0745378E+01   1.9484480E+01   7.8888521E-04  -1.0840931E-04  -8.6298154E-05  -2.1291842E-03   1.3013396E-03   6.1677740E-03  -3.9617778E-05   4.0279752E-04
  7.2324628E-06   4.0041193E-05   2.0613126E-05   3.2034099E-04   2.4799664E-03   9.0272710E-04  -3.6387375E-03   8.7888179E-04  -3.3600706E+01   1.2234492E-01   3.3166053E+00  -2.5155994E+01   3.8738256E+00   7.4505961E+00   3.3623739E+01  -2.3566576E+00   2.0310215E-01   2.7344291E+00   1.9484480E+01   5.4109222E+01   1.7050141E-03  -1.6392794E-03   1.2998167E-03  -5.8950377E-03   2.3654861E-03   1.9554347E-02   2.2998089E-05   8.9741330E-04
 -8.3678924E-08   2.3522213E-07  -2.2324791E-07   6.0454820E-07   4.2153051E-06  -1.3153880E-06   1.2797972E-06   2.0527877E-06  -2.1494169E-03   1.2398728E-04   2.1305018E-04  -2.2125967E-03  -3.9692394E-04   1.6333374E-03   3.0004231E-03   1.4317947E-03   1.8535952E-04   5.6744778E-04   7.8888521E-04   1.7050141E-03   1.4647364E-03   2.5585044E-04   1.0996778E-04  -3.8587956E-04  -8.5501447E-05   1.1736151E-04   2.0096764E-07  -1.9840743E-07
 -6.3413327E-08  -3.7719200E-07  -1.4568779E-07   1.0215768E-06   1.3604802E-06   9.2989422E-07   7.5701360E-06   8.2768653E-07   2.2948554E-03   5.4469695E-05   2.1892235E-04  -7.7111312E-03   1.0754771E-03   2.2979712E-03  -1.4936073E-03  -2.7836174E-05   1.1564977E-03   2.0895329E-04  -1.0840931E-04  -1.6392794E-03   2.5585044E-04   8.5214637E-04   4.5491285E-05   7.0509008E-04   9.0639828E-05  -5.5581022E-04   1.6755818E-07   8.8385606E-09
 -4.7119175E-08  -1.0001386E-06   4.7364000E-08  -1.3653337E-06  -2.1134499E-06   1.9533465E-06   2.9478578E-05   2.2400368E-06   5.0262528E-03   7.4064949E-05   1.0174641E-03   2.3760623E-02   2.6354741E-03   6.4294187E-03  -6.8591107E-03  -1.0386498E-03   1.0787420E-03   4.1217176E-04  -8.6298154E-05   1.2998167E-03   1.0996778E-04   4.5491285E-05   7.1057980E-03  -3.1217503E-04   5.9174227E-04   4.5681747E-03   2.5310578E-07   1.1626531E-06
 -3.6576056E-07   1.9909986E-06  -3.8428709E-07  -6.9475737E-06  -8.9551805E-06  -5.0760478E-06  -2.7342364E-05   2.9623564E-07   6.1555277E-03  -2.9328519E-04   9.1933277E-04   3.5321064E-03   1.2660807E-03   4.8284982E-04  -2.5556704E-03  -1.1226500E-03   8.6909794E-04  -4.8989097E-04  -2.1291842E-03  -5.8950377E-03  -3.8587956E-04   7.0509008E-04  -3.1217503E-04   2.8853843E-03   5.6494539E-04  -9.6656374E-04   6.2922174E-07   2.3604196E-07
 -6.0270772E-07   4.0206481E-06  -2.2091080E-07  -1.3110492E-05  -1.9627156E-05  -1.0168157E-05  -5.6154703E-05  -2.2656626E-06  -5.4131672E-03   2.1484325E-04   5.9466556E-04  -1.3248728E-02   1.0840807E-02   1.6432213E-02   1.9004454E-02  -2.4071884E-03   2.9789429E-03  -6.7037009E-04   1.3013396E-03   2.3654861E-03  -8.5501447E-05   9.0639828E-05   5.9174227E-04   5.6494539E-04   6.5212022E-03   8.1372653E-03   4.3890661E-07  -4.2091208E-07
 -2.9373342E-06   2.0676925E-05  -3.1452835E-06  -4.5880204E-05  -4.5330352E-05  -5.2769274E-05  -2.5854888E-04   3.9600165E-06   3.0665413E-03   1.4911985E-05  -1.4574195E-03  -2.9478821E-02   1.6688453E-02   5.9136963E-03  -3.8381285E-03   6.0103806E-03   4.4607127E-03  -1.4119715E-03   6.1677740E-03   1.9554347E-02   1.1736151E-04  -5.5581022E-04   4.5681747E-03  -9.6656374E-04   8.1372653E-03   7.1040827E-02  -9.3949075E-08   1.7258117E-06
  2.6579542E-09   5.2189195E-09  -1.3299347E-09   3.9609992E-09   1.7170984E-07  -8.9111833E-08  -2.5672779E-07   4.9934403E-09  -1.5117830E-04   1.6982286E-06   1.0846449E-04   3.7229000E-03   9.7702115E-05   3.8021354E-04   4.0488479E-04  -8.7226258E-05   1.5748428E-04  -1.9849756E-04  -3.9617778E-05   2.2998089E-05   2.0096764E-07   1.6755818E-07   2.5310578E-07   6.2922174E-07   4.3890661E-07  -9.3949075E-08   3.7130531E-07  -3.0222418E-09
 -8.6904534E-10   7.4108390E-09  -4.7068411E-10   3.1043699E-08   6.3304154E-08  -8.7495774E-08  -1.9184918E-07  -1.9205145E-09   7.6597759E-04  -3.7534650E-06  -3.8098153E-05   4.6291534E-04   5.2560735E-05  -4.2925506E-04  -1.4102058E-03   4.9965895E-06  -5.0841595E-06  -3.2850681E-05   4.0279752E-04   8.9741330E-04  -1.9840743E-07   8.8385606E-09   1.1626531E-06   2.3604196E-07  -4.2091208E-07   1.7258117E-06  -3.0222418E-09   3.8936268E-07
