# omegabh2 omegach2 theta tau w wa logA ns calPlanck acib217 xi asz143 aps100 aps143 aps143217 aps217 aksz kgal100 kgal143 kgal143217 kgal217 galfEE100 galfEE100143 galfEE100217 galfEE143 galfEE143217 galfEE217 galfTE100 galfTE100143 galfTE100217 galfTE143 galfTE143217 galfTE217 cal0 cal2
    0.2359233E-07   -0.1224379E-06    0.1966496E-07    0.1122353E-05   -0.5388464E-06    0.1332935E-04    0.2011404E-05    0.3331003E-06   -0.1052213E-08   -0.9991801E-04    0.2191917E-05    0.1954588E-04   -0.3769686E-03   -0.1954614E-03   -0.2825116E-04    0.4236328E-04   -0.4665041E-04   -0.3306865E-05    0.3007972E-05   -0.1644066E-04   -0.3781013E-05    0.5094034E-07    0.7545691E-07    0.1590494E-06    0.4132970E-07    0.1077701E-06    0.6795233E-07   -0.1471894E-06   -0.1945038E-06   -0.2603900E-06   -0.1941221E-06   -0.1009031E-05   -0.2608998E-05    0.1331287E-08   -0.7535688E-08
   -0.1224379E-06    0.1782013E-05   -0.1423840E-06   -0.1324539E-04    0.8256360E-05   -0.1817175E-03   -0.2215489E-04   -0.4449476E-05   -0.1969903E-07    0.3795542E-03   -0.1548279E-05   -0.1013401E-03    0.1516095E-02    0.1286191E-02    0.5819130E-03    0.2285508E-03    0.2507069E-03    0.3824961E-04    0.6622764E-04    0.1331174E-03    0.3771040E-04   -0.6260311E-06   -0.6463246E-06   -0.1003053E-06   -0.4071745E-06   -0.1790304E-05   -0.1124860E-05   -0.1021188E-07    0.4227444E-06    0.1807186E-05    0.8860709E-06    0.6637011E-05    0.2134560E-04    0.8140341E-08    0.2289557E-07
    0.1966496E-07   -0.1423840E-06    0.9332953E-07    0.1589221E-05   -0.6701999E-06    0.1863959E-04    0.2882668E-05    0.4801753E-06   -0.2816932E-07   -0.4210055E-04   -0.6685229E-06    0.1969404E-04   -0.2851168E-03   -0.1883832E-03   -0.6516185E-04    0.6441892E-05   -0.3447712E-04   -0.2549642E-04   -0.7064684E-07   -0.6013344E-04   -0.1128832E-03    0.2762775E-08    0.7177205E-07    0.2213653E-06    0.1085543E-06    0.4116446E-06   -0.9568682E-06   -0.2997347E-06   -0.2817024E-06    0.2517194E-06   -0.1407065E-06   -0.1274476E-05   -0.2172581E-05   -0.5084727E-08   -0.1384634E-07
    0.1122353E-05   -0.1324539E-04    0.1589221E-05    0.2104665E-03   -0.6454888E-03    0.3239357E-02    0.3782464E-03    0.3945243E-04   -0.4241364E-05   -0.6827353E-02   -0.1149103E-04    0.1543348E-02   -0.2797501E-01   -0.1722978E-01   -0.7974029E-02   -0.8307509E-03   -0.2728661E-02   -0.8720648E-03   -0.2418327E-03   -0.2645082E-02   -0.3225632E-02    0.2860770E-05    0.4340525E-05    0.4131636E-05    0.2128676E-05    0.1041304E-04    0.2002701E-04    0.1426533E-05   -0.9390782E-05   -0.2234461E-04   -0.2061742E-04   -0.5511488E-04   -0.1345909E-03   -0.4550359E-06   -0.1141021E-05
   -0.5388464E-06    0.8256360E-05   -0.6701999E-06   -0.6454888E-03    0.9880989E-01   -0.2639267E+00   -0.1326076E-02    0.6376551E-05   -0.2623265E-04    0.1376338E-01    0.6576304E-03   -0.1089907E-01    0.5751108E-02    0.7951311E-01    0.7187143E-01    0.4429022E-01   -0.1717672E-01    0.3266854E-01   -0.2004838E-02   -0.3386008E-01   -0.5303661E-01   -0.6810869E-04   -0.1344643E-04    0.2930975E-03    0.1969306E-04    0.2776199E-03   -0.8433576E-03    0.2537060E-03    0.2944737E-03    0.5231031E-03   -0.1023514E-03   -0.4662629E-03    0.1547820E-02   -0.5674894E-05    0.8414283E-06
    0.1332935E-04   -0.1817175E-03    0.1863959E-04    0.3239357E-02   -0.2639267E+00    0.7416861E+00    0.6197808E-02    0.3881571E-03    0.7918130E-04   -0.1011024E+00   -0.2563560E-02    0.3404908E-01   -0.4580905E-01   -0.3201407E+00   -0.2447493E+00   -0.7673489E-01    0.2262676E-01   -0.9809825E-01   -0.1304950E-02    0.4688193E-01    0.1019203E+00    0.2229826E-03    0.8995094E-04   -0.5743768E-03   -0.6208863E-05   -0.5135960E-03    0.2077738E-02   -0.5838759E-03   -0.8216154E-03   -0.1559497E-02    0.1388022E-03    0.9823236E-03   -0.4798726E-02    0.1801623E-04   -0.1646025E-04
    0.2011404E-05   -0.2215489E-04    0.2882668E-05    0.3782464E-03   -0.1326076E-02    0.6197808E-02    0.7070324E-03    0.6737713E-04    0.2821666E-05   -0.1439156E-01    0.6972440E-04    0.3201213E-02   -0.5175779E-01   -0.2933128E-01   -0.9239326E-02    0.7227556E-02   -0.5757880E-02   -0.1833189E-02   -0.7076363E-03   -0.5600158E-02   -0.5330218E-02    0.5489888E-05    0.7737872E-05    0.9062672E-05    0.5940150E-05    0.1855780E-04    0.2074322E-04   -0.1097472E-05   -0.1828607E-04   -0.5231544E-04   -0.3651482E-04   -0.1031423E-03   -0.2537964E-03   -0.7192405E-06   -0.2668473E-05
    0.3331003E-06   -0.4449476E-05    0.4801753E-06    0.3945243E-04    0.6376551E-05    0.3881571E-03    0.6737713E-04    0.1999427E-04    0.4906431E-06   -0.4258757E-02    0.8581243E-04    0.1060164E-02   -0.2240732E-01   -0.7128512E-02    0.1293750E-02    0.4425436E-02   -0.2710696E-02    0.3130478E-03   -0.2996958E-03   -0.8745441E-03    0.1210456E-03    0.2900439E-05    0.2778874E-05    0.3485147E-06    0.2367251E-05    0.6599502E-05    0.9993947E-06   -0.6787408E-05   -0.3408753E-05   -0.3374585E-05   -0.3561861E-05   -0.1068403E-04   -0.2105129E-04   -0.1632297E-06   -0.3630183E-06
   -0.1052213E-08   -0.1969903E-07   -0.2816932E-07   -0.4241364E-05   -0.2623265E-04    0.7918130E-04    0.2821666E-05    0.4906431E-06    0.5764821E-05    0.9254107E-04    0.2054628E-04    0.1433522E-03    0.1459734E-02    0.6707303E-03    0.1252126E-02    0.2183364E-02   -0.9280299E-04    0.1006369E-03   -0.1883122E-04   -0.1135619E-03    0.5426446E-03    0.7492685E-06    0.5473011E-06   -0.4840371E-07    0.1520331E-05    0.9371668E-06   -0.3348027E-05   -0.1861911E-05   -0.3402268E-06   -0.7120456E-05    0.9132054E-06   -0.3799534E-05   -0.1727834E-04   -0.9653649E-09   -0.1678384E-06
   -0.9991801E-04    0.3795542E-03   -0.4210055E-04   -0.6827353E-02    0.1376338E-01   -0.1011024E+00   -0.1439156E-01   -0.4258757E-02    0.9254107E-04    0.4238497E+02   -0.5049227E+00   -0.1492775E+01    0.3907632E+02   -0.1184286E+01   -0.2251119E+02   -0.6150322E+02    0.2645062E+00   -0.2839936E+00    0.9486035E-01   -0.1964612E+01   -0.1832809E+02   -0.2153468E-02    0.1768875E-03    0.2305890E-03    0.4718907E-04    0.5172090E-02    0.2929276E-01    0.2422696E-03   -0.8809733E-03    0.9566607E-02   -0.2884381E-02   -0.5052160E-02   -0.1276800E-01   -0.4112303E-03    0.4291753E-02
    0.2191917E-05   -0.1548279E-05   -0.6685229E-06   -0.1149103E-04    0.6576304E-03   -0.2563560E-02    0.6972440E-04    0.8581243E-04    0.2054628E-04   -0.5049227E+00    0.8086977E-01   -0.6446714E-01   -0.6090962E+00    0.1080760E+01    0.1966364E+01    0.8212891E+00    0.7095008E-01    0.1148457E-01    0.1795821E-01    0.1351778E+00    0.1613520E+00    0.1307812E-04    0.4097413E-05   -0.5286766E-04    0.4310211E-04   -0.3219521E-03   -0.2512291E-03   -0.2686410E-03    0.6131779E-05    0.1147417E-04    0.8108182E-03    0.1918321E-03   -0.3449926E-02    0.3744463E-05   -0.2206811E-04
    0.1954588E-04   -0.1013401E-03    0.1969404E-04    0.1543348E-02   -0.1089907E-01    0.3404908E-01    0.3201213E-02    0.1060164E-02    0.1433522E-03   -0.1492775E+01   -0.6446714E-01    0.3717554E+01   -0.2849040E+02   -0.3891026E+01    0.7629767E+01    0.6801190E+01   -0.2549934E+01   -0.1706287E+00    0.1945510E+00    0.2531871E+01    0.2196684E+01    0.1729297E-03   -0.4742330E-04    0.8793535E-03    0.2616008E-04   -0.3261423E-02   -0.3250123E-02   -0.2067038E-03   -0.7971624E-04    0.4599910E-02   -0.5081892E-02    0.2955261E-02    0.1535657E-01    0.1754654E-03   -0.3518931E-03
   -0.3769686E-03    0.1516095E-02   -0.2851168E-03   -0.2797501E-01    0.5751108E-02   -0.4580905E-01   -0.5175779E-01   -0.2240732E-01    0.1459734E-02    0.3907632E+02   -0.6090962E+00   -0.2849040E+02    0.7502000E+03    0.6705984E+02   -0.6043027E+02   -0.6932344E+02    0.1040821E+02   -0.4372383E+01    0.1497876E+01   -0.1379956E+02   -0.1733028E+02    0.2464521E-02   -0.2147871E-03   -0.3563874E-02    0.3809838E-03    0.3438849E-01    0.5349054E-01    0.2862473E-01    0.1802106E-01   -0.2515892E-01    0.3553228E-01   -0.1193339E-01   -0.1967001E-02    0.6282316E-02    0.4255270E-02
   -0.1954614E-03    0.1286191E-02   -0.1883832E-03   -0.1722978E-01    0.7951311E-01   -0.3201407E+00   -0.2933128E-01   -0.7128512E-02    0.6707303E-03   -0.1184286E+01    0.1080760E+01   -0.3891026E+01    0.6705984E+02    0.5952963E+02    0.4504014E+02    0.1771471E+02   -0.4188510E+01   -0.4654189E-01   -0.1257396E+01    0.3280954E+01    0.3836887E+01   -0.1315490E-02   -0.1195589E-02    0.4696911E-03   -0.3374092E-03    0.1581734E-02    0.4246823E-03   -0.4785019E-02    0.4715151E-03    0.7139247E-02    0.1264318E-01    0.4101588E-03   -0.3225310E-02    0.3374015E-03    0.3983484E-04
   -0.2825116E-04    0.5819130E-03   -0.6516185E-04   -0.7974029E-02    0.7187143E-01   -0.2447493E+00   -0.9239326E-02    0.1293750E-02    0.1252126E-02   -0.2251119E+02    0.1966364E+01    0.7629767E+01   -0.6043027E+02    0.4504014E+02    0.1018808E+03    0.6996754E+02   -0.1134338E+02   -0.2072164E+00    0.9188271E-01    0.4729341E+01    0.5411092E+01    0.6457796E-03   -0.1133755E-02    0.4996074E-02    0.2837445E-03   -0.1061392E-01   -0.2586999E-01   -0.1093347E-01   -0.8895207E-03    0.2425263E-01    0.1126343E-01    0.9199162E-02   -0.5902913E-02    0.8356968E-03   -0.2857175E-02
    0.4236328E-04    0.2285508E-03    0.6441892E-05   -0.8307509E-03    0.4429022E-01   -0.7673489E-01    0.7227556E-02    0.4425436E-02    0.2183364E-02   -0.6150322E+02    0.8212891E+00    0.6801190E+01   -0.6932344E+02    0.1771471E+02    0.6996754E+02    0.1248763E+03   -0.9964555E+01   -0.1058420E+00   -0.1692725E+00   -0.1381874E+01    0.1383806E+02    0.3646160E-02   -0.1110432E-02    0.3996692E-02   -0.1822625E-03   -0.9033361E-02   -0.4843508E-01   -0.3911574E-02    0.4788737E-03    0.1020400E-01    0.3895393E-02    0.1198765E-01    0.6250714E-01    0.9948338E-03   -0.7925075E-02
   -0.4665041E-04    0.2507069E-03   -0.3447712E-04   -0.2728661E-02   -0.1717672E-01    0.2262676E-01   -0.5757880E-02   -0.2710696E-02   -0.9280299E-04    0.2645062E+00    0.7095008E-01   -0.2549934E+01    0.1040821E+02   -0.4188510E+01   -0.1134338E+02   -0.9964555E+01    0.5746909E+01    0.1335721E+00   -0.1916196E+00   -0.1839478E+01   -0.1549205E+01   -0.3803338E-03   -0.1027650E-03   -0.2089139E-02   -0.3553705E-03   -0.1915837E-02    0.1204937E-02    0.2210938E-02    0.3793272E-03   -0.1053494E-01    0.4470945E-02   -0.1845055E-02   -0.3044436E-01   -0.1571135E-03    0.1237215E-03
   -0.3306865E-05    0.3824961E-04   -0.2549642E-04   -0.8720648E-03    0.3266854E-01   -0.9809825E-01   -0.1833189E-02    0.3130478E-03    0.1006369E-03   -0.2839936E+00    0.1148457E-01   -0.1706287E+00   -0.4372383E+01   -0.4654189E-01   -0.2072164E+00   -0.1058420E+00    0.1335721E+00    0.3681537E+01    0.3971334E+00    0.1649783E+00    0.4844993E+00    0.3347174E-03    0.2882036E-03    0.2729657E-02   -0.1566994E-03    0.1619804E-02   -0.9582927E-03   -0.2186124E-02    0.7131381E-03   -0.2907660E-02    0.1935323E-03    0.1507157E-02   -0.1774972E-02    0.3054862E-03   -0.1272990E-04
    0.3007972E-05    0.6622764E-04   -0.7064684E-07   -0.2418327E-03   -0.2004838E-02   -0.1304950E-02   -0.7076363E-03   -0.2996958E-03   -0.1883122E-04    0.9486035E-01    0.1795821E-01    0.1945510E+00    0.1497876E+01   -0.1257396E+01    0.9188271E-01   -0.1692725E+00   -0.1916196E+00    0.3971334E+00    0.3270706E+01    0.2611689E+01    0.1707959E+01    0.1414260E-03    0.9860192E-04    0.1519498E-02   -0.3929197E-04    0.7395473E-03    0.6488310E-02   -0.2416884E-02   -0.1010798E-03    0.1670708E-02    0.2071764E-03    0.1137094E-03    0.1139375E-02   -0.2666166E-03   -0.1650363E-03
   -0.1644066E-04    0.1331174E-03   -0.6013344E-04   -0.2645082E-02   -0.3386008E-01    0.4688193E-01   -0.5600158E-02   -0.8745441E-03   -0.1135619E-03   -0.1964612E+01    0.1351778E+00    0.2531871E+01   -0.1379956E+02    0.3280954E+01    0.4729341E+01   -0.1381874E+01   -0.1839478E+01    0.1649783E+00    0.2611689E+01    0.1822399E+02    0.2719078E+02   -0.4988580E-03   -0.1235089E-03    0.2190516E-02    0.4171248E-03   -0.3454894E-02    0.2821735E-02    0.6817888E-03    0.4284432E-02    0.6704986E-02    0.1528791E-02    0.8443871E-02    0.2554767E-01    0.5998201E-04    0.2645980E-02
   -0.3781013E-05    0.3771040E-04   -0.1128832E-03   -0.3225632E-02   -0.5303661E-01    0.1019203E+00   -0.5330218E-02    0.1210456E-03    0.5426446E-03   -0.1832809E+02    0.1613520E+00    0.2196684E+01   -0.1733028E+02    0.3836887E+01    0.5411092E+01    0.1383806E+02   -0.1549205E+01    0.4844993E+00    0.1707959E+01    0.2719078E+02    0.5700910E+02   -0.4316005E-04   -0.2240930E-03    0.2743388E-02    0.1027350E-02   -0.2948363E-02   -0.9937535E-02    0.4106431E-02    0.6620369E-02    0.6126419E-02    0.5577988E-02    0.7556182E-02    0.4587805E-01    0.2722552E-03    0.4754194E-02
    0.5094034E-07   -0.6260311E-06    0.2762775E-08    0.2860770E-05   -0.6810869E-04    0.2229826E-03    0.5489888E-05    0.2900439E-05    0.7492685E-06   -0.2153468E-02    0.1307812E-04    0.1729297E-03    0.2464521E-02   -0.1315490E-02    0.6457796E-03    0.3646160E-02   -0.3803338E-03    0.3347174E-03    0.1414260E-03   -0.4988580E-03   -0.4316005E-04    0.3292639E-04    0.8710957E-05    0.4279889E-05    0.3418227E-05   -0.4710968E-05   -0.1086538E-04   -0.2959587E-05   -0.9483719E-06    0.4884072E-05    0.9230774E-05   -0.1674873E-05    0.1573054E-04    0.1109872E-06   -0.3293830E-06
    0.7545691E-07   -0.6463246E-06    0.7177205E-07    0.4340525E-05   -0.1344643E-04    0.8995094E-04    0.7737872E-05    0.2778874E-05    0.5473011E-06    0.1768875E-03    0.4097413E-05   -0.4742330E-04   -0.2147871E-03   -0.1195589E-02   -0.1133755E-02   -0.1110432E-02   -0.1027650E-03    0.2882036E-03    0.9860192E-04   -0.1235089E-03   -0.2240930E-03    0.8710957E-05    0.2514542E-04    0.1748983E-05    0.1188591E-04    0.2472082E-05   -0.2602988E-05   -0.7100081E-06   -0.1517081E-05    0.1394688E-04   -0.1572301E-06   -0.1052908E-05   -0.3748342E-06   -0.8802421E-08   -0.2259273E-07
    0.1590494E-06   -0.1003053E-06    0.2213653E-06    0.4131636E-05    0.2930975E-03   -0.5743768E-03    0.9062672E-05    0.3485147E-06   -0.4840371E-07    0.2305890E-03   -0.5286766E-04    0.8793535E-03   -0.3563874E-02    0.4696911E-03    0.4996074E-02    0.3996692E-02   -0.2089139E-02    0.2729657E-02    0.1519498E-02    0.2190516E-02    0.2743388E-02    0.4279889E-05    0.1748983E-05    0.1064539E-02    0.2716047E-05    0.9740007E-05    0.8028597E-04   -0.2735960E-04   -0.2542833E-04    0.2936881E-04   -0.5784154E-04   -0.3395623E-04    0.2247596E-03    0.1306215E-06   -0.9771284E-07
    0.4132970E-07   -0.4071745E-06    0.1085543E-06    0.2128676E-05    0.1969306E-04   -0.6208863E-05    0.5940150E-05    0.2367251E-05    0.1520331E-05    0.4718907E-04    0.4310211E-04    0.2616008E-04    0.3809838E-03   -0.3374092E-03    0.2837445E-03   -0.1822625E-03   -0.3553705E-03   -0.1566994E-03   -0.3929197E-04    0.4171248E-03    0.1027350E-02    0.3418227E-05    0.1188591E-04    0.2716047E-05    0.4606675E-04    0.8343190E-05   -0.2342966E-04   -0.1517775E-05   -0.3584078E-05   -0.1110074E-04    0.4066335E-05    0.2955392E-05   -0.7402591E-04   -0.2251459E-06    0.1047128E-06
    0.1077701E-06   -0.1790304E-05    0.4116446E-06    0.1041304E-04    0.2776199E-03   -0.5135960E-03    0.1855780E-04    0.6599502E-05    0.9371668E-06    0.5172090E-02   -0.3219521E-03   -0.3261423E-02    0.3438849E-01    0.1581734E-02   -0.1061392E-01   -0.9033361E-02   -0.1915837E-02    0.1619804E-02    0.7395473E-03   -0.3454894E-02   -0.2948363E-02   -0.4710968E-05    0.2472082E-05    0.9740007E-05    0.8343190E-05    0.2094520E-02    0.2924624E-03   -0.6100737E-04    0.3799381E-04   -0.1580551E-03    0.1049116E-03   -0.3744506E-04   -0.1590937E-03    0.4686601E-06    0.1142995E-06
    0.6795233E-07   -0.1124860E-05   -0.9568682E-06    0.2002701E-04   -0.8433576E-03    0.2077738E-02    0.2074322E-04    0.9993947E-06   -0.3348027E-05    0.2929276E-01   -0.2512291E-03   -0.3250123E-02    0.5349054E-01    0.4246823E-03   -0.2586999E-01   -0.4843508E-01    0.1204937E-02   -0.9582927E-03    0.6488310E-02    0.2821735E-02   -0.9937535E-02   -0.1086538E-04   -0.2602988E-05    0.8028597E-04   -0.2342966E-04    0.2924624E-03    0.1670396E-01    0.1226620E-03    0.2007544E-04    0.3075902E-03   -0.2960978E-04   -0.1950662E-03    0.4320772E-03   -0.1092875E-05    0.1080553E-05
   -0.1471894E-06   -0.1021188E-07   -0.2997347E-06    0.1426533E-05    0.2537060E-03   -0.5838759E-03   -0.1097472E-05   -0.6787408E-05   -0.1861911E-05    0.2422696E-03   -0.2686410E-03   -0.2067038E-03    0.2862473E-01   -0.4785019E-02   -0.1093347E-01   -0.3911574E-02    0.2210938E-02   -0.2186124E-02   -0.2416884E-02    0.6817888E-03    0.4106431E-02   -0.2959587E-05   -0.7100081E-06   -0.2735960E-04   -0.1517775E-05   -0.6100737E-04    0.1226620E-03    0.1381653E-02    0.2669216E-03    0.5466505E-04   -0.3806354E-03   -0.1293108E-03   -0.3019918E-03    0.2372374E-06    0.9886190E-06
   -0.1945038E-06    0.4227444E-06   -0.2817024E-06   -0.9390782E-05    0.2944737E-03   -0.8216154E-03   -0.1828607E-04   -0.3408753E-05   -0.3402268E-06   -0.8809733E-03    0.6131779E-05   -0.7971624E-04    0.1802106E-01    0.4715151E-03   -0.8895207E-03    0.4788737E-03    0.3793272E-03    0.7131381E-03   -0.1010798E-03    0.4284432E-02    0.6620369E-02   -0.9483719E-06   -0.1517081E-05   -0.2542833E-04   -0.3584078E-05    0.3799381E-04    0.2007544E-04    0.2669216E-03    0.8482355E-03   -0.5648920E-04    0.7577439E-03   -0.1820001E-04   -0.5986633E-03    0.2499824E-06    0.2282245E-06
   -0.2603900E-06    0.1807186E-05    0.2517194E-06   -0.2234461E-04    0.5231031E-03   -0.1559497E-02   -0.5231544E-04   -0.3374585E-05   -0.7120456E-05    0.9566607E-02    0.1147417E-04    0.4599910E-02   -0.2515892E-01    0.7139247E-02    0.2425263E-01    0.1020400E-01   -0.1053494E-01   -0.2907660E-02    0.1670708E-02    0.6704986E-02    0.6126419E-02    0.4884072E-05    0.1394688E-04    0.2936881E-04   -0.1110074E-04   -0.1580551E-03    0.3075902E-03    0.5466505E-04   -0.5648920E-04    0.7189169E-02   -0.2897355E-03    0.8321379E-03    0.4418989E-02    0.3981709E-06    0.6743624E-05
   -0.1941221E-06    0.8860709E-06   -0.1407065E-06   -0.2061742E-04   -0.1023514E-03    0.1388022E-03   -0.3651482E-04   -0.3561861E-05    0.9132054E-06   -0.2884381E-02    0.8108182E-03   -0.5081892E-02    0.3553228E-01    0.1264318E-01    0.1126343E-01    0.3895393E-02    0.4470945E-02    0.1935323E-03    0.2071764E-03    0.1528791E-02    0.5577988E-02    0.9230774E-05   -0.1572301E-06   -0.5784154E-04    0.4066335E-05    0.1049116E-03   -0.2960978E-04   -0.3806354E-03    0.7577439E-03   -0.2897355E-03    0.2854420E-02    0.3529406E-03   -0.8310694E-03    0.5906214E-06    0.1147672E-05
   -0.1009031E-05    0.6637011E-05   -0.1274476E-05   -0.5511488E-04   -0.4662629E-03    0.9823236E-03   -0.1031423E-03   -0.1068403E-04   -0.3799534E-05   -0.5052160E-02    0.1918321E-03    0.2955261E-02   -0.1193339E-01    0.4101588E-03    0.9199162E-02    0.1198765E-01   -0.1845055E-02    0.1507157E-02    0.1137094E-03    0.8443871E-02    0.7556182E-02   -0.1674873E-05   -0.1052908E-05   -0.3395623E-04    0.2955392E-05   -0.3744506E-04   -0.1950662E-03   -0.1293108E-03   -0.1820001E-04    0.8321379E-03    0.3529406E-03    0.6461822E-02    0.7889970E-02    0.2982231E-06    0.3812518E-06
   -0.2608998E-05    0.2134560E-04   -0.2172581E-05   -0.1345909E-03    0.1547820E-02   -0.4798726E-02   -0.2537964E-03   -0.2105129E-04   -0.1727834E-04   -0.1276800E-01   -0.3449926E-02    0.1535657E-01   -0.1967001E-02   -0.3225310E-02   -0.5902913E-02    0.6250714E-01   -0.3044436E-01   -0.1774972E-02    0.1139375E-02    0.2554767E-01    0.4587805E-01    0.1573054E-04   -0.3748342E-06    0.2247596E-03   -0.7402591E-04   -0.1590937E-03    0.4320772E-03   -0.3019918E-03   -0.5986633E-03    0.4418989E-02   -0.8310694E-03    0.7889970E-02    0.6402053E-01   -0.1336336E-05    0.1330189E-05
    0.1331287E-08    0.8140341E-08   -0.5084727E-08   -0.4550359E-06   -0.5674894E-05    0.1801623E-04   -0.7192405E-06   -0.1632297E-06   -0.9653649E-09   -0.4112303E-03    0.3744463E-05    0.1754654E-03    0.6282316E-02    0.3374015E-03    0.8356968E-03    0.9948338E-03   -0.1571135E-03    0.3054862E-03   -0.2666166E-03    0.5998201E-04    0.2722552E-03    0.1109872E-06   -0.8802421E-08    0.1306215E-06   -0.2251459E-06    0.4686601E-06   -0.1092875E-05    0.2372374E-06    0.2499824E-06    0.3981709E-06    0.5906214E-06    0.2982231E-06   -0.1336336E-05    0.5984454E-06    0.5721506E-09
   -0.7535688E-08    0.2289557E-07   -0.1384634E-07   -0.1141021E-05    0.8414283E-06   -0.1646025E-04   -0.2668473E-05   -0.3630183E-06   -0.1678384E-06    0.4291753E-02   -0.2206811E-04   -0.3518931E-03    0.4255270E-02    0.3983484E-04   -0.2857175E-02   -0.7925075E-02    0.1237215E-03   -0.1272990E-04   -0.1650363E-03    0.2645980E-02    0.4754194E-02   -0.3293830E-06   -0.2259273E-07   -0.9771284E-07    0.1047128E-06    0.1142995E-06    0.1080553E-05    0.9886190E-06    0.2282245E-06    0.6743624E-05    0.1147672E-05    0.3812518E-06    0.1330189E-05    0.5721506E-09    0.2079742E-05
