# omegabh2 omegach2 theta tau logA ns nrun r calPlanck BBdust BBsync BBalphadust BBbetadust BBalphasync BBbetasync BBdustsynccorr acib217 xi asz143 aps100 aps143 aps143217 aps217 aksz kgal100 kgal143 kgal143217 kgal217 cal0 cal2
  4.6453407E-08  -4.3299616E-08   2.6441457E-08   4.4264442E-07   1.0854093E-06   1.6461740E-07  -7.5109754E-07   4.0706934E-07   1.4926595E-08  -2.1771045E-06  -2.5762999E-06   1.2160106E-06   3.3556308E-08   5.3838201E-07  -4.0077567E-07   2.3197369E-07  -3.3689399E-05  -4.6194590E-07   1.6588425E-05  -2.8071052E-04  -2.5729664E-04  -1.5985379E-04  -1.1181567E-04  -1.5037200E-05   1.0154443E-05   7.6343449E-06  -3.2409994E-07   6.5687599E-06  -6.6390401E-11  -6.2395776E-10
 -4.3299616E-08   1.4938597E-06  -6.2525503E-08  -1.2439611E-06   1.2993297E-06  -3.2886547E-06  -7.9528361E-07  -1.9042575E-06  -5.0290121E-08  -6.8131801E-06  -5.9582403E-06  -8.5314223E-06   2.8102778E-06   3.0751026E-07   9.2827536E-08   4.0268369E-06  -2.6507022E-05   2.5993515E-06  -4.0576593E-05   3.7974143E-04   6.3399751E-04   4.5159087E-04   3.9131091E-04   3.7631409E-05   1.3964622E-05  -1.7844212E-05   1.1116221E-05   7.4791751E-05   7.5394921E-11  -6.6451818E-09
  2.6441457E-08  -6.2525503E-08   1.7862266E-07   2.5936971E-07   6.6214756E-07   3.7750019E-07  -2.0499215E-07   1.1649159E-07   2.3051213E-08   6.6902655E-07  -1.1444924E-05   8.6976105E-07   1.5033550E-07   7.2395285E-07   4.6262267E-07   7.8966038E-07   2.7629701E-05  -3.8185855E-07  -8.5796216E-06  -7.0189448E-05  -4.2792812E-05  -6.0078833E-05  -6.8084667E-05   1.3003732E-05   3.8910268E-06   7.2030211E-06  -3.2590838E-06  -1.3436821E-05  -1.2993378E-09   5.3130630E-09
  4.4264442E-07  -1.2439611E-06   2.5936971E-07   6.9968731E-05   1.4014323E-04   4.4223325E-06  -1.7564674E-05   3.5096125E-06  -3.7726379E-07  -2.2559673E-05  -2.8927670E-05  -5.0403396E-05   2.9186677E-05  -1.2123482E-05  -2.1077256E-05  -4.2114165E-05  -6.3487096E-04   1.4857686E-06  -1.4991108E-05  -1.1681414E-03  -1.3986737E-03  -1.0861409E-03  -1.4370900E-04  -9.3175056E-05   1.2454656E-05   1.0017120E-04   1.0682364E-04   1.9779554E-04   9.2130581E-09  -6.1463595E-10
  1.0854093E-06   1.2993297E-06   6.6214756E-07   1.4014323E-04   3.2254151E-04  -2.5722690E-06  -5.0729043E-05   3.2571608E-06   1.1636391E-05  -1.2637877E-04  -1.1524548E-04  -1.3252821E-04   7.9117033E-05  -2.7075197E-05  -2.8389409E-05  -6.8519948E-05  -5.4891000E-04   3.5479793E-08  -6.0049245E-04   9.1864788E-03   2.8729402E-03   1.1732985E-03   5.7240654E-03  -1.3718997E-04  -9.9063762E-05  -3.0224686E-04  -2.3290803E-04   1.9939603E-03   2.4043989E-07  -2.8809917E-08
  1.6461740E-07  -3.2886547E-06   3.7750019E-07   4.4223325E-06  -2.5722690E-06   1.9473297E-05   8.5311655E-06   6.5990486E-06   2.5073322E-07   4.7627970E-05  -2.7668679E-05   1.7711084E-05  -3.6566806E-06  -1.6305887E-05  -9.6147150E-06  -1.3473083E-05  -5.3489045E-03   9.5297495E-05   1.4021510E-03  -2.8961311E-02  -9.7544365E-03   7.0626753E-04   5.0588705E-03  -3.0568920E-03   2.7611166E-04  -3.3806509E-04  -2.6611738E-04   1.6473860E-03  -1.2496443E-07  -6.0927709E-08
 -7.5109754E-07  -7.9528361E-07  -2.0499215E-07  -1.7564674E-05  -5.0729043E-05   8.5311655E-06   5.9545247E-05  -2.5188460E-05   8.3012795E-08   5.3497953E-05   5.5747972E-05   8.2056954E-06  -2.6924864E-05  -1.8452238E-05  -7.6436620E-06   1.8585685E-05  -6.6974480E-03   1.5497601E-04   1.9233777E-03  -3.1194444E-02  -1.3386459E-02   6.1861361E-04   4.9516203E-03  -3.6308932E-03  -5.3877556E-04  -8.7483252E-04  -8.0374326E-04   1.4614873E-03  -1.0020664E-07  -1.0853649E-07
  4.0706934E-07  -1.9042575E-06   1.1649159E-07   3.5096125E-06   3.2571608E-06   6.5990486E-06  -2.5188460E-05   3.7871488E-04  -1.2493419E-06  -3.6290127E-04  -9.9126576E-04  -7.9123872E-05   3.4626850E-04  -2.6164386E-05  -1.8184958E-04  -9.4286042E-04   1.4770831E-03  -7.6979115E-05   1.3278894E-04   3.8794233E-03   1.9226028E-03  -1.3540718E-03  -1.5475809E-03   6.5174042E-04  -9.7987497E-05   2.6247844E-04   1.0836122E-03   1.5462312E-04   8.2405569E-09  -3.2349223E-08
  1.4926595E-08  -5.0290121E-08   2.3051213E-08  -3.7726379E-07   1.1636391E-05   2.5073322E-07   8.3012795E-08  -1.2493419E-06   6.1899415E-06  -1.7185384E-05  -1.1325773E-05  -5.3753445E-06   3.6673796E-06  -6.8496630E-06   9.2536261E-07   1.2284883E-06   4.3384352E-04  -6.7482107E-06   4.2391215E-06   3.7078358E-03   3.5665079E-04   2.6206379E-04   1.4562622E-03  -6.8841078E-06   2.8797095E-05  -4.4953927E-05  -4.7289788E-05   9.1748673E-04   2.3182397E-08  -5.5078931E-09
 -2.1771045E-06  -6.8131801E-06   6.6902655E-07  -2.2559673E-05  -1.2637877E-04   4.7627970E-05   5.3497953E-05  -3.6290127E-04  -1.7185384E-05   1.0623375E+00   1.0360413E-02  -1.2262044E-01   4.5736022E-02  -3.3724927E-03   4.1588523E-03  -7.5246921E-03   5.7936292E-02   4.2624279E-03   8.0591152E-03   9.7991717E-03   3.8520475E-02   1.1722347E-01   7.2376010E-03  -2.7930450E-02  -1.0783537E-02   1.4123310E-02   3.4456375E-02   5.5692366E-03  -6.8953384E-08   1.5122952E-05
 -2.5762999E-06  -5.9582403E-06  -1.1444924E-05  -2.8927670E-05  -1.1524548E-04  -2.7668679E-05   5.5747972E-05  -9.9126576E-04  -1.1325773E-05   1.0360413E-02   1.1400166E+00  -3.6334882E-03  -2.5527429E-03   1.5822263E-02  -4.1863969E-02   4.3105750E-02  -1.6730160E-02   3.3236067E-03  -3.8202077E-02   1.4396133E-01   6.1134200E-02   5.1140273E-02   3.8209007E-02   3.1357348E-02   9.9987888E-03  -1.7137175E-02  -8.0051116E-02  -1.1130460E-01   9.1120701E-06  -1.0899601E-06
  1.2160106E-06  -8.5314223E-06   8.6976105E-07  -5.0403396E-05  -1.3252821E-04   1.7711084E-05   8.2056954E-06  -7.9123872E-05  -5.3753445E-06  -1.2262044E-01  -3.6334882E-03   6.0814779E-02  -9.4368081E-04   1.1342179E-03   2.7628814E-04  -9.1578040E-04  -8.8633985E-03  -1.1017960E-03  -1.6850326E-03  -1.8385906E-02   3.8712640E-03  -2.7798255E-02  -2.5549232E-03   1.6952925E-03   5.3445619E-03  -3.3803243E-03  -2.1382849E-04   5.5987165E-03  -7.2614104E-07  -1.6590813E-06
  3.3556308E-08   2.8102778E-06   1.5033550E-07   2.9186677E-05   7.9117033E-05  -3.6566806E-06  -2.6924864E-05   3.4626850E-04   3.6673796E-06   4.5736022E-02  -2.5527429E-03  -9.4368081E-04   9.2965011E-03   1.8044923E-04  -1.3354029E-03   1.0843165E-03   6.6503309E-03  -1.0489233E-06  -9.7840978E-07   5.7527911E-03   7.8498436E-03   5.8225527E-03   2.3754479E-03  -2.5351296E-03   1.1922099E-05   1.3791005E-03   5.2109154E-03   6.0327125E-03  -2.3862756E-07   8.4221846E-07
  5.3838201E-07   3.0751026E-07   7.2395285E-07  -1.2123482E-05  -2.7075197E-05  -1.6305887E-05  -1.8452238E-05  -2.6164386E-05  -6.8496630E-06  -3.3724927E-03   1.5822263E-02   1.1342179E-03   1.8044923E-04   8.1408993E-02  -5.6919657E-04   1.9170543E-03  -1.2539178E-02   5.9361321E-04   4.6790752E-03  -3.7506724E-02   2.1445480E-02   2.9386968E-02   3.5207878E-02  -1.9148156E-03  -1.3874939E-03   7.8471859E-04   5.8552210E-03   1.8482644E-03  -1.2398974E-06  -7.7373429E-07
 -4.0077567E-07   9.2827536E-08   4.6262267E-07  -2.1077256E-05  -2.8389409E-05  -9.6147150E-06  -7.6436620E-06  -1.8184958E-04   9.2536261E-07   4.1588523E-03  -4.1863969E-02   2.7628814E-04  -1.3354029E-03  -5.6919657E-04   7.4561079E-02  -4.5530488E-03   9.5444454E-03   2.0445048E-04  -3.2319444E-03   9.1115201E-03   1.1982555E-02   7.4822938E-03   1.0646424E-02  -5.1661571E-03  -2.8166274E-03  -1.6213939E-03  -4.3009496E-03  -6.7606238E-03  -2.5169754E-07  -2.5350662E-07
  2.3197369E-07   4.0268369E-06   7.8966038E-07  -4.2114165E-05  -6.8519948E-05  -1.3473083E-05   1.8585685E-05  -9.4286042E-04   1.2284883E-06  -7.5246921E-03   4.3105750E-02  -9.1578040E-04   1.0843165E-03   1.9170543E-03  -4.5530488E-03   8.0304764E-02  -2.2198916E-02   8.1010669E-04  -3.9254552E-03   4.1723597E-02  -3.9922865E-03   9.4878929E-03   3.1193458E-02   1.9533215E-03  -3.6998338E-03   6.9876243E-03  -5.8910000E-04   1.0799690E-02  -1.3716805E-06  -1.0741408E-06
 -3.3689399E-05  -2.6507022E-05   2.7629701E-05  -6.3487096E-04  -5.4891000E-04  -5.3489045E-03  -6.6974480E-03   1.4770831E-03   4.3384352E-04   5.7936292E-02  -1.6730160E-02  -8.8633985E-03   6.6503309E-03  -1.2539178E-02   9.5444454E-03  -2.2198916E-02   4.6044244E+01  -4.0565571E-01  -1.0403734E+00   4.0250740E+01   4.0815671E+00  -1.2599882E+01  -5.5362250E+01   2.0431851E-01   6.5294404E-02   5.6130507E-01  -5.9407397E+00  -3.4450664E+01  -1.9431434E-04   7.3660317E-04
 -4.6194590E-07   2.5993515E-06  -3.8185855E-07   1.4857686E-06   3.5479793E-08   9.5297495E-05   1.5497601E-04  -7.6979115E-05  -6.7482107E-06   4.2624279E-03   3.3236067E-03  -1.1017960E-03  -1.0489233E-06   5.9361321E-04   2.0445048E-04   8.1010669E-04  -4.0565571E-01   8.1437773E-02  -4.9541231E-02  -5.1356104E-01   8.7227308E-01   1.6096722E+00   6.3878386E-01   4.2345517E-02  -3.8010226E-04   1.1872161E-02   9.0541068E-02   1.3113305E-01   2.3920609E-06  -2.6955518E-06
  1.6588425E-05  -4.0576593E-05  -8.5796216E-06  -1.4991108E-05  -6.0049245E-04   1.4021510E-03   1.9233777E-03   1.3278894E-04   4.2391215E-06   8.0591152E-03  -3.8202077E-02  -1.6850326E-03  -9.7840978E-07   4.6790752E-03  -3.2319444E-03  -3.9254552E-03  -1.0403734E+00  -4.9541231E-02   4.1589390E+00  -3.2721110E+01  -3.8768540E+00   8.1919027E+00   5.7825470E+00  -3.2593425E+00  -1.7632917E-01   1.9615231E-01   2.8811062E+00   3.7249491E+00   1.1659379E-04  -4.3672674E-05
 -2.8071052E-04   3.7974143E-04  -7.0189448E-05  -1.1681414E-03   9.1864788E-03  -2.8961311E-02  -3.1194444E-02   3.8794233E-03   3.7078358E-03   9.7991717E-03   1.4396133E-01  -1.8385906E-02   5.7527911E-03  -3.7506724E-02   9.1115201E-03   4.1723597E-02   4.0250740E+01  -5.1356104E-01  -3.2721110E+01   8.0466752E+02   7.9308995E+01  -5.5142352E+01  -6.3864086E+01   1.8630736E+01  -6.5193353E+00   5.2206170E+00  -1.4434765E+01  -2.9413317E+01   3.7937488E-03   4.9675747E-04
 -2.5729664E-04   6.3399751E-04  -4.2792812E-05  -1.3986737E-03   2.8729402E-03  -9.7544365E-03  -1.3386459E-02   1.9226028E-03   3.5665079E-04   3.8520475E-02   6.1134200E-02   3.8712640E-03   7.8498436E-03   2.1445480E-02   1.1982555E-02  -3.9922865E-03   4.0815671E+00   8.7227308E-01  -3.8768540E+00   7.9308995E+01   6.7688593E+01   4.1623898E+01   1.4937794E+01  -4.2012498E+00  -2.5420052E-01  -1.0916022E+00   3.4355136E+00   3.2667849E+00   1.0706672E-04   3.9536784E-05
 -1.5985379E-04   4.5159087E-04  -6.0078833E-05  -1.0861409E-03   1.1732985E-03   7.0626753E-04   6.1861361E-04  -1.3540718E-03   2.6206379E-04   1.1722347E-01   5.1140273E-02  -2.7798255E-02   5.8225527E-03   2.9386968E-02   7.4822938E-03   9.4878929E-03  -1.2599882E+01   1.6096722E+00   8.1919027E+00  -5.5142352E+01   4.1623898E+01   8.6812758E+01   5.5093045E+01  -1.3241487E+01  -6.7309669E-01  -5.3173759E-01   5.2276785E+00   8.6088952E+00   4.4635700E-04  -4.9899584E-04
 -1.1181567E-04   3.9131091E-04  -6.8084667E-05  -1.4370900E-04   5.7240654E-03   5.0588705E-03   4.9516203E-03  -1.5475809E-03   1.4562622E-03   7.2376010E-03   3.8209007E-02  -2.5549232E-03   2.3754479E-03   3.5207878E-02   1.0646424E-02   3.1193458E-02  -5.5362250E+01   6.3878386E-01   5.7825470E+00  -6.3864086E+01   1.4937794E+01   5.5093045E+01   1.0466113E+02  -1.0359624E+01  -4.9428208E-01  -1.2034936E+00   5.7889510E+00   3.4295517E+01   5.1026645E-04  -1.4251037E-03
 -1.5037200E-05   3.7631409E-05   1.3003732E-05  -9.3175056E-05  -1.3718997E-04  -3.0568920E-03  -3.6308932E-03   6.5174042E-04  -6.8841078E-06  -2.7930450E-02   3.1357348E-02   1.6952925E-03  -2.5351296E-03  -1.9148156E-03  -5.1661571E-03   1.9533215E-03   2.0431851E-01   4.2345517E-02  -3.2593425E+00   1.8630736E+01  -4.2012498E+00  -1.3241487E+01  -1.0359624E+01   6.9608160E+00   9.5457437E-02  -2.0439187E-01  -2.3733540E+00  -2.8079765E+00  -7.2724043E-05   4.0932957E-05
  1.0154443E-05   1.3964622E-05   3.8910268E-06   1.2454656E-05  -9.9063762E-05   2.7611166E-04  -5.3877556E-04  -9.7987497E-05   2.8797095E-05  -1.0783537E-02   9.9987888E-03   5.3445619E-03   1.1922099E-05  -1.3874939E-03  -2.8166274E-03  -3.6998338E-03   6.5294404E-02  -3.8010226E-04  -1.7632917E-01  -6.5193353E+00  -2.5420052E-01  -6.7309669E-01  -4.9428208E-01   9.5457437E-02   3.3637772E+00   5.7740437E-01   3.5627577E-01   4.9312829E-01   1.7172996E-04   1.5031006E-05
  7.6343449E-06  -1.7844212E-05   7.2030211E-06   1.0017120E-04  -3.0224686E-04  -3.3806509E-04  -8.7483252E-04   2.6247844E-04  -4.4953927E-05   1.4123310E-02  -1.7137175E-02  -3.3803243E-03   1.3791005E-03   7.8471859E-04  -1.6213939E-03   6.9876243E-03   5.6130507E-01   1.1872161E-02   1.9615231E-01   5.2206170E+00  -1.0916022E+00  -5.3173759E-01  -1.2034936E+00  -2.0439187E-01   5.7740437E-01   3.1832691E+00   2.8445148E+00   2.9081554E+00  -1.7022382E-04  -2.9073788E-05
 -3.2409994E-07   1.1116221E-05  -3.2590838E-06   1.0682364E-04  -2.3290803E-04  -2.6611738E-04  -8.0374326E-04   1.0836122E-03  -4.7289788E-05   3.4456375E-02  -8.0051116E-02  -2.1382849E-04   5.2109154E-03   5.8552210E-03  -4.3009496E-03  -5.8910000E-04  -5.9407397E+00   9.0541068E-02   2.8811062E+00  -1.4434765E+01   3.4355136E+00   5.2276785E+00   5.7889510E+00  -2.3733540E+00   3.5627577E-01   2.8445148E+00   1.1341682E+01   2.0261534E+01   4.0081553E-06   4.2575588E-04
  6.5687599E-06   7.4791751E-05  -1.3436821E-05   1.9779554E-04   1.9939603E-03   1.6473860E-03   1.4614873E-03   1.5462312E-04   9.1748673E-04   5.5692366E-03  -1.1130460E-01   5.5987165E-03   6.0327125E-03   1.8482644E-03  -6.7606238E-03   1.0799690E-02  -3.4450664E+01   1.3113305E-01   3.7249491E+00  -2.9413317E+01   3.2667849E+00   8.6088952E+00   3.4295517E+01  -2.8079765E+00   4.9312829E-01   2.9081554E+00   2.0261534E+01   5.5906246E+01   1.1917061E-04   9.4922334E-04
 -6.6390401E-11   7.5394921E-11  -1.2993378E-09   9.2130581E-09   2.4043989E-07  -1.2496443E-07  -1.0020664E-07   8.2405569E-09   2.3182397E-08  -6.8953384E-08   9.1120701E-06  -7.2614104E-07  -2.3862756E-07  -1.2398974E-06  -2.5169754E-07  -1.3716805E-06  -1.9431434E-04   2.3920609E-06   1.1659379E-04   3.7937488E-03   1.0706672E-04   4.4635700E-04   5.1026645E-04  -7.2724043E-05   1.7172996E-04  -1.7022382E-04   4.0081553E-06   1.1917061E-04   3.8003265E-07  -1.7848465E-09
 -6.2395776E-10  -6.6451818E-09   5.3130630E-09  -6.1463595E-10  -2.8809917E-08  -6.0927709E-08  -1.0853649E-07  -3.2349223E-08  -5.5078931E-09   1.5122952E-05  -1.0899601E-06  -1.6590813E-06   8.4221846E-07  -7.7373429E-07  -2.5350662E-07  -1.0741408E-06   7.3660317E-04  -2.6955518E-06  -4.3672674E-05   4.9675747E-04   3.9536784E-05  -4.9899584E-04  -1.4251037E-03   4.0932957E-05   1.5031006E-05  -2.9073788E-05   4.2575588E-04   9.4922334E-04  -1.7848465E-09   3.9144535E-07
