# omegabh2 omegach2 theta tau logA ns nrun r calPlanck acib217 xi asz143 aps100 aps143 aps143217 aps217 aksz kgal100 kgal143 kgal143217 kgal217 galfEE100 galfEE100143 galfEE100217 galfEE143 galfEE143217 galfEE217 galfTE100 galfTE100143 galfTE100217 galfTE143 galfTE143217 galfTE217 cal0 cal2
    0.2683414E-07   -0.1312115E-06    0.2031426E-07    0.9933607E-06    0.1853836E-05    0.2941655E-06   -0.3949512E-06    0.8692598E-06    0.9302099E-08   -0.4392615E-04    0.8346628E-06    0.1108599E-04   -0.1184597E-03   -0.1221921E-03   -0.4293019E-04   -0.5456106E-05   -0.1781387E-04   -0.2464765E-05   -0.5475507E-05   -0.1308459E-04   -0.6239710E-05    0.7413564E-07    0.8282766E-07    0.5555466E-07    0.8984108E-07    0.1081326E-06    0.2718512E-06   -0.1530580E-06   -0.1164645E-06   -0.4687896E-07   -0.3511553E-06   -0.6103817E-06   -0.2212791E-05    0.3847106E-08   -0.2986970E-08
   -0.1312115E-06    0.1926413E-05   -0.1626306E-06   -0.1234557E-04   -0.2030650E-04   -0.4819221E-05    0.3646464E-06   -0.2454022E-05   -0.1050473E-06    0.4339385E-03   -0.8817651E-05   -0.1621939E-03    0.2525177E-02    0.1324453E-02    0.3410650E-03    0.4604962E-05    0.2231430E-03    0.1520598E-04   -0.8218173E-05    0.5453609E-04    0.4450885E-04   -0.7135716E-06   -0.7639905E-06   -0.6854685E-06   -0.8205208E-06   -0.6011279E-06    0.1659387E-06    0.6199631E-06   -0.4771035E-07    0.9820117E-06    0.1338950E-05    0.3039824E-05    0.1363468E-04    0.1208391E-07    0.4808928E-07
    0.2031426E-07   -0.1626306E-06    0.1000763E-06    0.1605685E-05    0.2991171E-05    0.5156626E-06   -0.1276392E-06    0.6398768E-06    0.2854288E-07   -0.1586421E-04   -0.4556525E-06    0.1488181E-04   -0.1762932E-03   -0.1162884E-03   -0.5163998E-04   -0.2217608E-04   -0.1496714E-04   -0.5281201E-05    0.2666374E-05   -0.2265986E-05    0.1450215E-05    0.6096426E-07    0.6112136E-07   -0.3284181E-07    0.5731487E-07   -0.1545628E-06   -0.1808797E-06   -0.1745775E-06   -0.5907795E-07   -0.2025651E-06   -0.1786368E-06   -0.7406602E-06   -0.2279918E-05    0.5858346E-09   -0.1538692E-08
    0.9933607E-06   -0.1234557E-04    0.1605685E-05    0.1863307E-03    0.3345104E-03    0.3653025E-04   -0.1206398E-04    0.2540022E-04   -0.4219765E-05   -0.4512143E-02    0.8045873E-04    0.1423386E-02   -0.2664326E-01   -0.1147529E-01   -0.3056872E-02   -0.5149099E-03   -0.1821965E-02   -0.1535601E-03    0.2464352E-03   -0.3476176E-03   -0.1201475E-02    0.5049840E-05    0.6109729E-05    0.4813656E-05    0.6502885E-05   -0.8177340E-06   -0.1571871E-04   -0.3991198E-05    0.8074407E-06   -0.7793986E-05   -0.1063159E-04   -0.2457123E-04   -0.1106350E-03   -0.1624318E-06   -0.5719052E-06
    0.1853836E-05   -0.2030650E-04    0.2991171E-05    0.3345104E-03    0.6333132E-03    0.5891483E-04   -0.3291385E-04    0.6240640E-04    0.3803970E-05   -0.6389208E-02    0.1646494E-03    0.2101360E-02   -0.3396809E-01   -0.1500195E-01   -0.1562652E-02    0.4346633E-02   -0.3383216E-02   -0.4773490E-03    0.2259569E-04   -0.1218245E-02   -0.1477032E-02    0.9951406E-05    0.1108967E-04    0.8890593E-05    0.1364919E-04   -0.3483214E-05   -0.2699587E-04   -0.7610384E-05    0.9082984E-06   -0.1581706E-04   -0.1589266E-04   -0.4947612E-04   -0.1864808E-03   -0.5292953E-07   -0.1025832E-05
    0.2941655E-06   -0.4819221E-05    0.5156626E-06    0.3653025E-04    0.5891483E-04    0.2265954E-04    0.6015396E-05    0.9238977E-05    0.2719686E-06   -0.6226234E-02    0.1392310E-03    0.1813551E-02   -0.3334205E-01   -0.9085112E-02    0.3605327E-02    0.7314570E-02   -0.3507096E-02    0.1597544E-03   -0.1665354E-03   -0.4719478E-03    0.4966456E-03    0.2682366E-05    0.2897580E-05    0.2520500E-05    0.2847187E-05    0.1800361E-05    0.1479201E-05   -0.2012999E-05    0.1336729E-05   -0.3996815E-05   -0.2223654E-05   -0.4404820E-05   -0.3888503E-04   -0.1653045E-06   -0.5935376E-06
   -0.3949512E-06    0.3646464E-06   -0.1276392E-06   -0.1206398E-04   -0.3291385E-04    0.6015396E-05    0.5289567E-04   -0.1205591E-03    0.7154314E-06   -0.8368293E-02    0.1521312E-03    0.2581149E-02   -0.3716924E-01   -0.1421800E-01    0.2487512E-02    0.7980820E-02   -0.4077107E-02   -0.2234957E-03   -0.1302826E-03   -0.2180956E-03    0.1139764E-02   -0.2729854E-05   -0.3042110E-05   -0.1594483E-05   -0.3337491E-05    0.1404578E-05   -0.4258776E-05   -0.1556972E-05    0.2523668E-05    0.1188883E-05    0.4677225E-05    0.1684611E-04    0.2048853E-04   -0.3489582E-07   -0.9062930E-06
    0.8692598E-06   -0.2454022E-05    0.6398768E-06    0.2540022E-04    0.6240640E-04    0.9238977E-05   -0.1205591E-03    0.2106463E-02   -0.6951935E-06    0.8469797E-02   -0.3066317E-03   -0.3975581E-02    0.6543093E-01    0.2656199E-01    0.2670815E-03   -0.2262288E-02    0.5210635E-02   -0.2816736E-02   -0.7769631E-03    0.2264598E-02    0.5966671E-02   -0.1754942E-04   -0.1858937E-04    0.2194244E-04   -0.2179788E-04    0.1355598E-04    0.6870139E-04    0.4574346E-04    0.1715737E-04   -0.9460242E-05    0.6495851E-04   -0.3586075E-04    0.2848764E-04   -0.2698004E-06    0.1611291E-05
    0.9302099E-08   -0.1050473E-06    0.2854288E-07   -0.4219765E-05    0.3803970E-05    0.2719686E-06    0.7154314E-06   -0.6951935E-06    0.6254863E-05    0.7600933E-03    0.2777323E-05    0.5581458E-04    0.3772680E-02    0.5847925E-03    0.8000139E-03    0.1629264E-02   -0.1304756E-03    0.8272736E-05    0.1531217E-04   -0.9002352E-04    0.5890643E-03    0.7088403E-06    0.2788256E-06    0.5651380E-06    0.1182020E-05    0.1363831E-06    0.3880323E-05   -0.1395649E-06    0.2614028E-06   -0.6341282E-06    0.2002106E-05   -0.1729761E-05    0.4444480E-05   -0.5696581E-08   -0.5474190E-07
   -0.4392615E-04    0.4339385E-03   -0.1586421E-04   -0.4512143E-02   -0.6389208E-02   -0.6226234E-02   -0.8368293E-02    0.8469797E-02    0.7600933E-03    0.4387496E+02   -0.5107586E+00   -0.2052866E+01    0.4515573E+02    0.1034321E+01   -0.2263933E+02   -0.6198794E+02    0.1142691E+01   -0.4302086E-01    0.9569178E-01   -0.1950260E+01   -0.1810842E+02    0.9756130E-04   -0.5192969E-04   -0.1129379E-02   -0.3749647E-03    0.1590500E-02    0.7314652E-02    0.1787125E-02    0.1116487E-02    0.1172665E-01   -0.9165803E-03   -0.4321683E-02    0.2194553E-01   -0.3100445E-03    0.4451685E-02
    0.8346628E-06   -0.8817651E-05   -0.4556525E-06    0.8045873E-04    0.1646494E-03    0.1392310E-03    0.1521312E-03   -0.3066317E-03    0.2777323E-05   -0.5107586E+00    0.8047096E-01   -0.7640445E-01   -0.4499387E+00    0.9773273E+00    0.1828349E+01    0.7807326E+00    0.6998782E-01   -0.7764441E-03    0.7213748E-02    0.8227133E-01    0.8621150E-01    0.7291685E-05    0.1670966E-05   -0.9330437E-04    0.6304997E-06   -0.3649211E-04   -0.2459027E-03   -0.1436555E-03   -0.7250772E-04   -0.2205831E-03    0.7967503E-06    0.1650844E-03   -0.4181409E-03    0.4905915E-05   -0.2241372E-04
    0.1108599E-04   -0.1621939E-03    0.1488181E-04    0.1423386E-02    0.2101360E-02    0.1813551E-02    0.2581149E-02   -0.3975581E-02    0.5581458E-04   -0.2052866E+01   -0.7640445E-01    0.3897617E+01   -0.3101190E+02   -0.4280633E+01    0.8023133E+01    0.7372558E+01   -0.3036944E+01   -0.1823035E+00    0.5535327E-01    0.2456647E+01    0.2305468E+01    0.1503738E-03    0.8483060E-04    0.2888631E-03    0.1565996E-03    0.2511755E-03   -0.1479002E-02   -0.8732444E-03    0.5397083E-03   -0.1752300E-02    0.4100710E-03    0.7218103E-03   -0.4297243E-02    0.1758835E-03   -0.3954376E-03
   -0.1184597E-03    0.2525177E-02   -0.1762932E-03   -0.2664326E-01   -0.3396809E-01   -0.3334205E-01   -0.3716924E-01    0.6543093E-01    0.3772680E-02    0.4515573E+02   -0.4499387E+00   -0.3101190E+02    0.7882388E+03    0.7489038E+02   -0.6190199E+02   -0.7545805E+02    0.1680224E+02   -0.3473507E+01    0.3000075E+01   -0.1202745E+02   -0.1632791E+02   -0.1220439E-02   -0.9896590E-03    0.2663465E-02   -0.1017675E-02    0.6833534E-02   -0.1321219E-01    0.4597105E-02   -0.8481851E-02    0.3920114E-01    0.8550450E-02   -0.4335863E-02    0.5170534E-01    0.6164245E-02    0.4414594E-02
   -0.1221921E-03    0.1324453E-02   -0.1162884E-03   -0.1147529E-01   -0.1500195E-01   -0.9085112E-02   -0.1421800E-01    0.2656199E-01    0.5847925E-03    0.1034321E+01    0.9773273E+00   -0.4280633E+01    0.7489038E+02    0.6357392E+02    0.4399655E+02    0.1776876E+02   -0.3622717E+01   -0.1146772E+00   -0.8939631E+00    0.3815334E+01    0.3861250E+01   -0.1857536E-03   -0.4557203E-03   -0.9807449E-03   -0.3170961E-03    0.4829354E-03   -0.5881178E-02   -0.2298931E-03   -0.1428545E-02   -0.4705457E-02   -0.8658102E-03    0.1636796E-02    0.2843069E-01    0.8810037E-04    0.2099732E-03
   -0.4293019E-04    0.3410650E-03   -0.5163998E-04   -0.3056872E-02   -0.1562652E-02    0.3605327E-02    0.2487512E-02    0.2670815E-03    0.8000139E-03   -0.2263933E+02    0.1828349E+01    0.8023133E+01   -0.6190199E+02    0.4399655E+02    0.9935485E+02    0.7001462E+02   -0.1280673E+02   -0.5695774E+00   -0.2592349E+00    0.4813418E+01    0.5759481E+01    0.5490945E-03    0.1549753E-04    0.4178139E-03    0.3487303E-03    0.1058985E-02   -0.1235757E-01   -0.7656740E-02    0.2587493E-03   -0.1157530E-01    0.5227020E-02    0.1150582E-01   -0.4457672E-02    0.7217285E-03   -0.2769756E-02
   -0.5456106E-05    0.4604962E-05   -0.2217608E-04   -0.5149099E-03    0.4346633E-02    0.7314570E-02    0.7980820E-02   -0.2262288E-02    0.1629264E-02   -0.6198794E+02    0.7807326E+00    0.7372558E+01   -0.7545805E+02    0.1776876E+02    0.7001462E+02    0.1246103E+03   -0.1169338E+02   -0.2548725E+00   -0.3128958E+00   -0.2826218E+00    0.1508493E+02    0.6925753E-04   -0.1621587E-03    0.4787540E-02    0.1007677E-02   -0.1946523E-02   -0.8474911E-02   -0.6770034E-02    0.1763058E-03   -0.1734090E-01    0.6641320E-02    0.1022311E-01   -0.2875719E-01    0.7780549E-03   -0.7834177E-02
   -0.1781387E-04    0.2231430E-03   -0.1496714E-04   -0.1821965E-02   -0.3383216E-02   -0.3507096E-02   -0.4077107E-02    0.5210635E-02   -0.1304756E-03    0.1142691E+01    0.6998782E-01   -0.3036944E+01    0.1680224E+02   -0.3622717E+01   -0.1280673E+02   -0.1169338E+02    0.6615442E+01    0.1546678E+00   -0.1014199E+00   -0.2091457E+01   -0.1918401E+01   -0.1325426E-03   -0.4023290E-04   -0.7561254E-03   -0.7585391E-04   -0.6784472E-03    0.1937151E-02    0.1605449E-02   -0.8535596E-03    0.1415605E-02   -0.3371333E-03   -0.2033510E-02    0.1350904E-02   -0.1344774E-03    0.2529873E-03
   -0.2464765E-05    0.1520598E-04   -0.5281201E-05   -0.1535601E-03   -0.4773490E-03    0.1597544E-03   -0.2234957E-03   -0.2816736E-02    0.8272736E-05   -0.4302086E-01   -0.7764441E-03   -0.1823035E+00   -0.3473507E+01   -0.1146772E+00   -0.5695774E+00   -0.2548725E+00    0.1546678E+00    0.3498437E+01    0.4419178E+00    0.1174829E+00    0.2165299E+00    0.7178083E-04    0.1864097E-04   -0.3913366E-03    0.3806779E-04   -0.3711436E-03    0.3316346E-02   -0.1201331E-02    0.1022492E-03    0.1183805E-02   -0.7829149E-03   -0.1914534E-02   -0.3899944E-02    0.2835033E-03    0.6741220E-05
   -0.5475507E-05   -0.8218173E-05    0.2666374E-05    0.2464352E-03    0.2259569E-04   -0.1665354E-03   -0.1302826E-03   -0.7769631E-03    0.1531217E-04    0.9569178E-01    0.7213748E-02    0.5535327E-01    0.3000075E+01   -0.8939631E+00   -0.2592349E+00   -0.3128958E+00   -0.1014199E+00    0.4419178E+00    0.3334648E+01    0.2597765E+01    0.1772368E+01    0.6240601E-04    0.8325447E-04   -0.3834641E-03    0.9081449E-04   -0.6850988E-03    0.2165188E-03   -0.2856354E-03   -0.5018702E-03    0.2125442E-02   -0.1219363E-03    0.4905119E-03    0.4648583E-03   -0.2881006E-03   -0.2095610E-03
   -0.1308459E-04    0.5453609E-04   -0.2265986E-05   -0.3476176E-03   -0.1218245E-02   -0.4719478E-03   -0.2180956E-03    0.2264598E-02   -0.9002352E-04   -0.1950260E+01    0.8227133E-01    0.2456647E+01   -0.1202745E+02    0.3815334E+01    0.4813418E+01   -0.2826218E+00   -0.2091457E+01    0.1174829E+00    0.2597765E+01    0.1746810E+02    0.2584294E+02    0.1775335E-03    0.4974910E-04   -0.1051676E-02    0.2246852E-03   -0.7285676E-03   -0.5638756E-02    0.1215961E-02   -0.8100088E-03   -0.4812448E-02   -0.1577470E-02   -0.1736139E-02    0.4673542E-02   -0.1181832E-04    0.2510768E-02
   -0.6239710E-05    0.4450885E-04    0.1450215E-05   -0.1201475E-02   -0.1477032E-02    0.4966456E-03    0.1139764E-02    0.5966671E-02    0.5890643E-03   -0.1810842E+02    0.8621150E-01    0.2305468E+01   -0.1632791E+02    0.3861250E+01    0.5759481E+01    0.1508493E+02   -0.1918401E+01    0.2165299E+00    0.1772368E+01    0.2584294E+02    0.5409242E+02    0.1897075E-03    0.1298687E-03   -0.5305258E-03    0.4588359E-03   -0.2331538E-02   -0.9527532E-02    0.2156869E-02   -0.1423315E-02   -0.1377260E-01    0.6461580E-03   -0.4049007E-02   -0.2858876E-02    0.1029462E-03    0.4493638E-02
    0.7413564E-07   -0.7135716E-06    0.6096426E-07    0.5049840E-05    0.9951406E-05    0.2682366E-05   -0.2729854E-05   -0.1754942E-04    0.7088403E-06    0.9756130E-04    0.7291685E-05    0.1503738E-03   -0.1220439E-02   -0.1857536E-03    0.5490945E-03    0.6925753E-04   -0.1325426E-03    0.7178083E-04    0.6240601E-04    0.1775335E-03    0.1897075E-03    0.3218404E-04    0.9030043E-05   -0.1386855E-05    0.3696958E-05    0.3193072E-05    0.6114044E-05   -0.1025666E-05    0.3174717E-06   -0.3828280E-05   -0.1017339E-06   -0.7770366E-05   -0.2251880E-04   -0.1110839E-07   -0.6770006E-08
    0.8282766E-07   -0.7639905E-06    0.6112136E-07    0.6109729E-05    0.1108967E-04    0.2897580E-05   -0.3042110E-05   -0.1858937E-04    0.2788256E-06   -0.5192969E-04    0.1670966E-05    0.8483060E-04   -0.9896590E-03   -0.4557203E-03    0.1549753E-04   -0.1621587E-03   -0.4023290E-04    0.1864097E-04    0.8325447E-04    0.4974910E-04    0.1298687E-03    0.9030043E-05    0.2529911E-04   -0.5041729E-06    0.1290935E-04    0.2542002E-05    0.2582623E-05   -0.9430631E-06    0.5482008E-06   -0.8630016E-06   -0.5132100E-06   -0.8312541E-05   -0.2687976E-04   -0.5267121E-07    0.4305073E-08
    0.5555466E-07   -0.6854685E-06   -0.3284181E-07    0.4813656E-05    0.8890593E-05    0.2520500E-05   -0.1594483E-05    0.2194244E-04    0.5651380E-06   -0.1129379E-02   -0.9330437E-04    0.2888631E-03    0.2663465E-02   -0.9807449E-03    0.4178139E-03    0.4787540E-02   -0.7561254E-03   -0.3913366E-03   -0.3834641E-03   -0.1051676E-02   -0.5305258E-03   -0.1386855E-05   -0.5041729E-06    0.1051990E-02   -0.8146357E-06    0.9877969E-05    0.4058912E-04    0.8994496E-05    0.7184783E-05    0.5354964E-05    0.1341713E-04   -0.1395368E-04   -0.3007826E-04   -0.1001489E-06   -0.2067476E-06
    0.8984108E-07   -0.8205208E-06    0.5731487E-07    0.6502885E-05    0.1364919E-04    0.2847187E-05   -0.3337491E-05   -0.2179788E-04    0.1182020E-05   -0.3749647E-03    0.6304997E-06    0.1565996E-03   -0.1017675E-02   -0.3170961E-03    0.3487303E-03    0.1007677E-02   -0.7585391E-04    0.3806779E-04    0.9081449E-04    0.2246852E-03    0.4588359E-03    0.3696958E-05    0.1290935E-04   -0.8146357E-06    0.4750139E-04    0.2165582E-05    0.3513492E-05    0.1514255E-05   -0.5539263E-06    0.6974118E-05   -0.4061058E-05   -0.4584311E-05   -0.1228130E-05   -0.2274582E-07   -0.5971845E-07
    0.1081326E-06   -0.6011279E-06   -0.1545628E-06   -0.8177340E-06   -0.3483214E-05    0.1800361E-05    0.1404578E-05    0.1355598E-04    0.1363831E-06    0.1590500E-02   -0.3649211E-04    0.2511755E-03    0.6833534E-02    0.4829354E-03    0.1058985E-02   -0.1946523E-02   -0.6784472E-03   -0.3711436E-03   -0.6850988E-03   -0.7285676E-03   -0.2331538E-02    0.3193072E-05    0.2542002E-05    0.9877969E-05    0.2165582E-05    0.2164475E-02    0.1231585E-03    0.2822387E-04    0.1127378E-04    0.2632185E-04   -0.1959141E-05   -0.7031455E-05   -0.1051532E-03    0.2635115E-07   -0.5754602E-07
    0.2718512E-06    0.1659387E-06   -0.1808797E-06   -0.1571871E-04   -0.2699587E-04    0.1479201E-05   -0.4258776E-05    0.6870139E-04    0.3880323E-05    0.7314652E-02   -0.2459027E-03   -0.1479002E-02   -0.1321219E-01   -0.5881178E-02   -0.1235757E-01   -0.8474911E-02    0.1937151E-02    0.3316346E-02    0.2165188E-03   -0.5638756E-02   -0.9527532E-02    0.6114044E-05    0.2582623E-05    0.4058912E-04    0.3513492E-05    0.1231585E-03    0.1673920E-01    0.2941527E-04    0.6181953E-05    0.2733839E-04    0.8382095E-04    0.2044096E-04    0.1220151E-03   -0.4614730E-06   -0.1675301E-06
   -0.1530580E-06    0.6199631E-06   -0.1745775E-06   -0.3991198E-05   -0.7610384E-05   -0.2012999E-05   -0.1556972E-05    0.4574346E-04   -0.1395649E-06    0.1787125E-02   -0.1436555E-03   -0.8732444E-03    0.4597105E-02   -0.2298931E-03   -0.7656740E-02   -0.6770034E-02    0.1605449E-02   -0.1201331E-02   -0.2856354E-03    0.1215961E-02    0.2156869E-02   -0.1025666E-05   -0.9430631E-06    0.8994496E-05    0.1514255E-05    0.2822387E-04    0.2941527E-04    0.1431137E-02    0.2935852E-03    0.1049696E-03   -0.3862308E-03   -0.1071221E-03   -0.1731144E-03   -0.2229958E-06    0.1972123E-06
   -0.1164645E-06   -0.4771035E-07   -0.5907795E-07    0.8074407E-06    0.9082984E-06    0.1336729E-05    0.2523668E-05    0.1715737E-04    0.2614028E-06    0.1116487E-02   -0.7250772E-04    0.5397083E-03   -0.8481851E-02   -0.1428545E-02    0.2587493E-03    0.1763058E-03   -0.8535596E-03    0.1022492E-03   -0.5018702E-03   -0.8100088E-03   -0.1423315E-02    0.3174717E-06    0.5482008E-06    0.7184783E-05   -0.5539263E-06    0.1127378E-04    0.6181953E-05    0.2935852E-03    0.8412814E-03    0.4649421E-04    0.7217887E-03    0.3483593E-04   -0.6405791E-03   -0.1544058E-06   -0.1278981E-06
   -0.4687896E-07    0.9820117E-06   -0.2025651E-06   -0.7793986E-05   -0.1581706E-04   -0.3996815E-05    0.1188883E-05   -0.9460242E-05   -0.6341282E-06    0.1172665E-01   -0.2205831E-03   -0.1752300E-02    0.3920114E-01   -0.4705457E-02   -0.1157530E-01   -0.1734090E-01    0.1415605E-02    0.1183805E-02    0.2125442E-02   -0.4812448E-02   -0.1377260E-01   -0.3828280E-05   -0.8630016E-06    0.5354964E-05    0.6974118E-05    0.2632185E-04    0.2733839E-04    0.1049696E-03    0.4649421E-04    0.7160474E-02   -0.3024190E-03    0.7048391E-03    0.4553689E-02   -0.8670908E-06   -0.2965895E-06
   -0.3511553E-06    0.1338950E-05   -0.1786368E-06   -0.1063159E-04   -0.1589266E-04   -0.2223654E-05    0.4677225E-05    0.6495851E-04    0.2002106E-05   -0.9165803E-03    0.7967503E-06    0.4100710E-03    0.8550450E-02   -0.8658102E-03    0.5227020E-02    0.6641320E-02   -0.3371333E-03   -0.7829149E-03   -0.1219363E-03   -0.1577470E-02    0.6461580E-03   -0.1017339E-06   -0.5132100E-06    0.1341713E-04   -0.4061058E-05   -0.1959141E-05    0.8382095E-04   -0.3862308E-03    0.7217887E-03   -0.3024190E-03    0.2894011E-02    0.4721364E-03   -0.7914381E-03    0.3932453E-06    0.6164436E-06
   -0.6103817E-06    0.3039824E-05   -0.7406602E-06   -0.2457123E-04   -0.4947612E-04   -0.4404820E-05    0.1684611E-04   -0.3586075E-04   -0.1729761E-05   -0.4321683E-02    0.1650844E-03    0.7218103E-03   -0.4335863E-02    0.1636796E-02    0.1150582E-01    0.1022311E-01   -0.2033510E-02   -0.1914534E-02    0.4905119E-03   -0.1736139E-02   -0.4049007E-02   -0.7770366E-05   -0.8312541E-05   -0.1395368E-04   -0.4584311E-05   -0.7031455E-05    0.2044096E-04   -0.1071221E-03    0.3483593E-04    0.7048391E-03    0.4721364E-03    0.6539889E-02    0.7680069E-02    0.4038652E-06   -0.1350089E-05
   -0.2212791E-05    0.1363468E-04   -0.2279918E-05   -0.1106350E-03   -0.1864808E-03   -0.3888503E-04    0.2048853E-04    0.2848764E-04    0.4444480E-05    0.2194553E-01   -0.4181409E-03   -0.4297243E-02    0.5170534E-01    0.2843069E-01   -0.4457672E-02   -0.2875719E-01    0.1350904E-02   -0.3899944E-02    0.4648583E-03    0.4673542E-02   -0.2858876E-02   -0.2251880E-04   -0.2687976E-04   -0.3007826E-04   -0.1228130E-05   -0.1051532E-03    0.1220151E-03   -0.1731144E-03   -0.6405791E-03    0.4553689E-02   -0.7914381E-03    0.7680069E-02    0.6405034E-01   -0.2221021E-05   -0.1911479E-05
    0.3847106E-08    0.1208391E-07    0.5858346E-09   -0.1624318E-06   -0.5292953E-07   -0.1653045E-06   -0.3489582E-07   -0.2698004E-06   -0.5696581E-08   -0.3100445E-03    0.4905915E-05    0.1758835E-03    0.6164245E-02    0.8810037E-04    0.7217285E-03    0.7780549E-03   -0.1344774E-03    0.2835033E-03   -0.2881006E-03   -0.1181832E-04    0.1029462E-03   -0.1110839E-07   -0.5267121E-07   -0.1001489E-06   -0.2274582E-07    0.2635115E-07   -0.4614730E-06   -0.2229958E-06   -0.1544058E-06   -0.8670908E-06    0.3932453E-06    0.4038652E-06   -0.2221021E-05    0.5942307E-06   -0.3026186E-08
   -0.2986970E-08    0.4808928E-07   -0.1538692E-08   -0.5719052E-06   -0.1025832E-05   -0.5935376E-06   -0.9062930E-06    0.1611291E-05   -0.5474190E-07    0.4451685E-02   -0.2241372E-04   -0.3954376E-03    0.4414594E-02    0.2099732E-03   -0.2769756E-02   -0.7834177E-02    0.2529873E-03    0.6741220E-05   -0.2095610E-03    0.2510768E-02    0.4493638E-02   -0.6770006E-08    0.4305073E-08   -0.2067476E-06   -0.5971845E-07   -0.5754602E-07   -0.1675301E-06    0.1972123E-06   -0.1278981E-06   -0.2965895E-06    0.6164436E-06   -0.1350089E-05   -0.1911479E-05   -0.3026186E-08    0.2087535E-05
