# omegabh2 omegach2 theta tau logA ns nrun r calPlanck acib217 xi asz143 aps100 aps143 aps143217 aps217 aksz kgal100 kgal143 kgal143217 kgal217 galfTE100 galfTE100143 galfTE100217 galfTE143 galfTE143217 galfTE217 cal0 cal2
  2.2645752E-08  -9.9116188E-08   1.5521658E-08   2.9754660E-07   4.9596561E-07   2.2621161E-07  -3.1544802E-07   1.5292544E-06   1.7609979E-09  -1.9055038E-05   2.8007304E-07   1.0632812E-05  -1.1132900E-04  -1.0137700E-04  -6.8938140E-05  -3.5587635E-05  -1.6800478E-05   1.4434494E-05  -4.1405029E-06   2.4538139E-06   1.8655471E-07  -2.8816863E-07  -1.0883058E-07   4.5136349E-08  -1.2459115E-07  -4.7139924E-07  -2.4651586E-06   5.3689045E-09  -2.0097425E-09
 -9.9116188E-08   1.7484805E-06  -1.3516966E-07  -1.6667513E-06   9.4050725E-07  -4.3954894E-06  -7.3402214E-07  -7.8948135E-06  -1.0570958E-07   1.5420117E-04  -8.6473668E-06  -7.4171449E-05   8.3773937E-04   1.4283280E-03   8.5190652E-04   6.7981226E-04   4.6471631E-05  -4.4834699E-05  -1.5003786E-05   6.2083011E-05   1.1092938E-04   2.9319036E-06  -4.5545630E-07  -3.1757140E-06  -2.8695768E-07   2.0904361E-06   6.9382482E-06  -3.4462506E-09   1.4839108E-08
  1.5521658E-08  -1.3516966E-07   9.5876613E-08   1.5874613E-07   7.3938488E-08   4.3772802E-07   4.1232972E-08  -9.1108684E-08  -4.3879446E-09   5.6573162E-05   9.7429655E-07  -6.8663742E-06   8.7739462E-05  -2.0710627E-05  -5.5609319E-05  -1.4599537E-04  -2.2111693E-05   1.7642504E-05   7.6305295E-06  -1.4301146E-05  -6.7479173E-05  -6.4091681E-07  -4.0809024E-09   5.3231849E-07   4.2927427E-07  -7.6934224E-07  -3.6305280E-07   5.6661891E-09  -9.2477585E-10
  2.9754660E-07  -1.6667513E-06   1.5874613E-07   7.2650642E-05   1.4246518E-04   5.0161096E-06  -1.4753909E-05   5.9640240E-05  -9.8703250E-07   1.1581166E-03  -2.7997300E-05  -3.2280234E-04   4.5499322E-03  -7.1219037E-04  -2.5653722E-03  -2.5748781E-03   1.3215977E-04  -2.1384017E-04   1.2087307E-05  -6.8044881E-04  -2.0681247E-03   4.3324689E-06  -6.8255130E-06   1.3494958E-05  -5.9926721E-06   1.2563776E-05  -6.2402436E-05   1.2084825E-07  -9.9708664E-08
  4.9596561E-07   9.4050725E-07   7.3938488E-08   1.4246518E-04   3.1846195E-04  -2.6325927E-06  -4.0366140E-05   1.2475822E-04   9.5142155E-06   2.7701088E-03  -3.7624238E-05  -9.2010065E-04   1.4980560E-02   6.7114590E-03   1.1991436E-03   3.8759776E-03  -3.7336545E-04  -9.0554130E-04  -3.9255090E-04  -1.4543176E-03  -2.5623341E-03   1.5155632E-05  -1.8071199E-05   1.2200586E-05  -1.5847187E-05   2.1466704E-05  -1.2989754E-04   2.6852058E-07  -2.7847204E-07
  2.2621161E-07  -4.3954894E-06   4.3772802E-07   5.0161096E-06  -2.6325927E-06   2.0931091E-05   7.7133469E-06   3.1598050E-05   7.1683716E-07  -5.1119323E-03   1.2754705E-04   1.2325246E-03  -2.3460656E-02  -9.8948778E-03   6.0118557E-04   4.4145151E-03  -2.6385082E-03   5.0280600E-04  -2.5043208E-04  -6.0184956E-04   1.1947165E-03  -6.5276385E-06   9.0667597E-07   1.1096367E-05   5.3722854E-06   3.1860874E-07  -9.8595412E-06  -1.1290248E-07  -5.5309307E-08
 -3.1544802E-07  -7.3402214E-07   4.1232972E-08  -1.4753909E-05  -4.0366140E-05   7.7133469E-06   5.7669299E-05  -2.2196175E-04   1.1807033E-06  -8.5326241E-03   2.0541597E-04   1.9928231E-03  -2.9852536E-02  -1.7148274E-02  -1.2835169E-03   4.2954059E-03  -3.4857693E-03  -7.3193251E-05  -4.3798506E-04  -4.1820623E-04   2.9162092E-03  -1.6118561E-06  -1.2578597E-06   9.5033083E-06   5.7956839E-06   1.5621313E-06   5.2671314E-05  -9.9223478E-08  -1.4563451E-07
  1.5292544E-06  -7.8948135E-06  -9.1108684E-08   5.9640240E-05   1.2475822E-04   3.1598050E-05  -2.2196175E-04   3.3100304E-03  -2.2169137E-06   2.0118321E-02  -5.0112870E-04  -1.9318969E-03   7.2601578E-02   3.6428083E-02   4.1115700E-03  -2.5589647E-03   9.1343800E-03  -2.8603755E-03   1.2852983E-03   4.1248805E-03  -7.6053558E-03   7.3871234E-05   4.5697585E-05   6.5071573E-05   1.1829478E-04   5.2414674E-05   6.6583852E-05  -7.9413769E-07   6.0050307E-07
  1.7609979E-09  -1.0570958E-07  -4.3879446E-09  -9.8703250E-07   9.5142155E-06   7.1683716E-07   1.1807033E-06  -2.2169137E-06   5.9744580E-06  -6.0328758E-05   2.5661595E-05   1.6655529E-04   1.3158028E-03   4.4410560E-04   1.2853849E-03   2.6588306E-03  -3.0237567E-04  -2.6283508E-05   5.2437262E-05   4.5252807E-05   9.3993068E-04   5.9383732E-07  -1.3744675E-06  -2.2463851E-06  -2.3229285E-07  -3.5786326E-06  -3.1731115E-06  -6.5516827E-08  -5.9967685E-08
 -1.9055038E-05   1.5420117E-04   5.6573162E-05   1.1581166E-03   2.7701088E-03  -5.1119323E-03  -8.5326241E-03   2.0118321E-02  -6.0328758E-05   4.5939722E+01  -4.4491379E-01  -1.1066740E+00   3.5450299E+01   2.5014796E+00  -1.4837758E+01  -5.7314172E+01   8.6633241E-01   7.6755858E-02   4.6807593E-01  -5.9395295E+00  -3.4105717E+01   1.6311631E-03   4.0105995E-04   6.4631535E-03  -4.9589290E-03  -9.9783918E-03   3.1626021E-02  -1.7908373E-04   6.7618523E-04
  2.8007304E-07  -8.6473668E-06   9.7429655E-07  -2.7997300E-05  -3.7624238E-05   1.2754705E-04   2.0541597E-04  -5.0112870E-04   2.5661595E-05  -4.4491379E-01   8.1786009E-02  -5.4583536E-02  -4.7547201E-01   8.4998323E-01   1.6316699E+00   6.5736722E-01   5.9762642E-02  -3.7187037E-03  -3.0372091E-03   7.3807562E-02   1.4029542E-01  -2.0237261E-04  -1.2108360E-04  -4.9501674E-04   1.8625964E-04   7.4501920E-04   6.1191888E-04   6.6417801E-06  -1.5844133E-06
  1.0632812E-05  -7.4171449E-05  -6.8663742E-06  -3.2280234E-04  -9.2010065E-04   1.2325246E-03   1.9928231E-03  -1.9318969E-03   1.6655529E-04  -1.1066740E+00  -5.4583536E-02   4.0642712E+00  -3.0950972E+01  -3.5402511E+00   8.1404092E+00   6.1505084E+00  -3.1715786E+00  -1.5023947E-01   2.1279534E-01   2.7769010E+00   3.6520482E+00  -7.2542057E-04  -6.8135804E-04   2.7229542E-03   3.3584724E-03   4.4204153E-03   1.7962219E-02   9.5751797E-05  -3.8820234E-05
 -1.1132900E-04   8.3773937E-04   8.7739462E-05   4.5499322E-03   1.4980560E-02  -2.3460656E-02  -2.9852536E-02   7.2601578E-02   1.3158028E-03   3.5450299E+01  -4.7547201E-01  -3.0950972E+01   7.7623347E+02   6.9117347E+01  -5.6194891E+01  -6.2343996E+01   1.6666656E+01  -7.7945429E+00   5.2200762E+00  -1.2470019E+01  -2.4989205E+01   5.9664283E-03   1.8830128E-02   1.5537472E-02  -1.9267028E-03  -1.4107532E-02  -4.1062759E-02   3.7253332E-03   2.6061565E-04
 -1.0137700E-04   1.4283280E-03  -2.0710627E-05  -7.1219037E-04   6.7114590E-03  -9.8948778E-03  -1.7148274E-02   3.6428083E-02   4.4410560E-04   2.5014796E+00   8.4998323E-01  -3.5402511E+00   6.9117347E+01   6.4038633E+01   4.0526953E+01   1.5852427E+01  -3.7471105E+00  -6.0943689E-01  -1.3270168E+00   3.4307085E+00   4.3022483E+00  -1.3415401E-03   1.5172797E-03  -1.6901262E-03   2.0905562E-06   1.7575724E-03   1.0185834E-02   1.6572233E-04   1.6217917E-04
 -6.8938140E-05   8.5190652E-04  -5.5609319E-05  -2.5653722E-03   1.1991436E-03   6.0118557E-04  -1.2835169E-03   4.1115700E-03   1.2853849E-03  -1.4837758E+01   1.6316699E+00   8.1404092E+00  -5.6194891E+01   4.0526953E+01   8.7073452E+01   5.7671175E+01  -1.2497414E+01  -8.0857291E-01  -6.2244376E-01   5.1632904E+00   1.0083283E+01  -3.2176310E-03  -2.5954826E-03  -7.6892761E-04   1.2696540E-02   2.5751483E-02   3.6192900E-02   4.6793866E-04  -3.9024712E-04
 -3.5587635E-05   6.7981226E-04  -1.4599537E-04  -2.5748781E-03   3.8759776E-03   4.4145151E-03   4.2954059E-03  -2.5589647E-03   2.6588306E-03  -5.7314172E+01   6.5736722E-01   6.1505084E+00  -6.2343996E+01   1.5852427E+01   5.7671175E+01   1.0974104E+02  -1.0947008E+01  -5.6128961E-01  -1.0211538E+00   6.1702489E+00   3.5762985E+01  -2.5701748E-03   1.2797086E-03  -1.6382740E-03   1.1785086E-02   1.9864205E-02  -2.8938025E-02   4.6832471E-04  -1.3461565E-03
 -1.6800478E-05   4.6471631E-05  -2.2111693E-05   1.3215977E-04  -3.7336545E-04  -2.6385082E-03  -3.4857693E-03   9.1343800E-03  -3.0237567E-04   8.6633241E-01   5.9762642E-02  -3.1715786E+00   1.6666656E+01  -3.7471105E+00  -1.2497414E+01  -1.0947008E+01   6.4994394E+00   1.4878359E-01  -2.1965003E-01  -2.3165418E+00  -3.3205551E+00   1.3006961E-03   2.7568276E-04  -7.8259815E-03  -2.0341359E-03  -3.0207611E-03  -2.1759689E-02  -7.1744650E-05   1.1207793E-05
  1.4434494E-05  -4.4834699E-05   1.7642504E-05  -2.1384017E-04  -9.0554130E-04   5.0280600E-04  -7.3193251E-05  -2.8603755E-03  -2.6283508E-05   7.6755858E-02  -3.7187037E-03  -1.5023947E-01  -7.7945429E+00  -6.0943689E-01  -8.0857291E-01  -5.6128961E-01   1.4878359E-01   3.5046063E+00   5.6474497E-01   1.9090900E-01   1.7050195E-01  -7.7127207E-04  -9.9038401E-04   2.0061130E-03  -2.9377388E-03  -3.1011328E-04  -4.9703481E-03   1.9257263E-04   1.0575221E-06
 -4.1405029E-06  -1.5003786E-05   7.6305295E-06   1.2087307E-05  -3.9255090E-04  -2.5043208E-04  -4.3798506E-04   1.2852983E-03   5.2437262E-05   4.6807593E-01  -3.0372091E-03   2.1279534E-01   5.2200762E+00  -1.3270168E+00  -6.2244376E-01  -1.0211538E+00  -2.1965003E-01   5.6474497E-01   3.0436563E+00   2.5942843E+00   2.6182452E+00  -3.6109878E-04   4.8759229E-05   1.0496957E-03   7.0139853E-04  -1.0059846E-03   1.8704212E-03  -1.8981217E-04  -6.0545251E-05
  2.4538139E-06   6.2083011E-05  -1.4301146E-05  -6.8044881E-04  -1.4543176E-03  -6.0184956E-04  -4.1820623E-04   4.1248805E-03   4.5252807E-05  -5.9395295E+00   7.3807562E-02   2.7769010E+00  -1.2470019E+01   3.4307085E+00   5.1632904E+00   6.1702489E+00  -2.3165418E+00   1.9090900E-01   2.5942843E+00   1.0668319E+01   1.9346689E+01  -3.6963733E-03  -1.4997254E-03   2.3299891E-03   1.1189619E-03   3.1547534E-03   7.4421044E-03  -1.6440124E-05   4.2574867E-04
  1.8655471E-07   1.1092938E-04  -6.7479173E-05  -2.0681247E-03  -2.5623341E-03   1.1947165E-03   2.9162092E-03  -7.6053558E-03   9.3993068E-04  -3.4105717E+01   1.4029542E-01   3.6520482E+00  -2.4989205E+01   4.3022483E+00   1.0083283E+01   3.5762985E+01  -3.3205551E+00   1.7050195E-01   2.6182452E+00   1.9346689E+01   5.4314713E+01  -4.8708973E-03  -3.1500063E-03   3.3536373E-03   2.0196694E-03   4.8302761E-03  -2.5990712E-02   5.7370779E-05   1.0103189E-03
 -2.8816863E-07   2.9319036E-06  -6.4091681E-07   4.3324689E-06   1.5155632E-05  -6.5276385E-06  -1.6118561E-06   7.3871234E-05   5.9383732E-07   1.6311631E-03  -2.0237261E-04  -7.2542057E-04   5.9664283E-03  -1.3415401E-03  -3.2176310E-03  -2.5701748E-03   1.3006961E-03  -7.7127207E-04  -3.6109878E-04  -3.6963733E-03  -4.8708973E-03   1.4524587E-03   2.6431176E-04   1.2623712E-04  -3.2764485E-04  -6.7496824E-05   2.5111277E-04  -6.1774708E-07   6.5760675E-08
 -1.0883058E-07  -4.5545630E-07  -4.0809024E-09  -6.8255130E-06  -1.8071199E-05   9.0667597E-07  -1.2578597E-06   4.5697585E-05  -1.3744675E-06   4.0105995E-04  -1.2108360E-04  -6.8135804E-04   1.8830128E-02   1.5172797E-03  -2.5954826E-03   1.2797086E-03   2.7568276E-04  -9.9038401E-04   4.8759229E-05  -1.4997254E-03  -3.1500063E-03   2.6431176E-04   8.8925770E-04   5.2767356E-05   7.7420375E-04   5.6320693E-05  -6.5016522E-04  -3.9063882E-08  -1.9910432E-07
  4.5136349E-08  -3.1757140E-06   5.3231849E-07   1.3494958E-05   1.2200586E-05   1.1096367E-05   9.5033083E-06   6.5071573E-05  -2.2463851E-06   6.4631535E-03  -4.9501674E-04   2.7229542E-03   1.5537472E-02  -1.6901262E-03  -7.6892761E-04  -1.6382740E-03  -7.8259815E-03   2.0061130E-03   1.0496957E-03   2.3299891E-03   3.3536373E-03   1.2623712E-04   5.2767356E-05   6.6953060E-03  -3.1070175E-04   7.9087448E-04   4.5595458E-03  -7.8746343E-07   7.3151204E-08
 -1.2459115E-07  -2.8695768E-07   4.2927427E-07  -5.9926721E-06  -1.5847187E-05   5.3722854E-06   5.7956839E-06   1.1829478E-04  -2.3229285E-07  -4.9589290E-03   1.8625964E-04   3.3584724E-03  -1.9267028E-03   2.0905562E-06   1.2696540E-02   1.1785086E-02  -2.0341359E-03  -2.9377388E-03   7.0139853E-04   1.1189619E-03   2.0196694E-03  -3.2764485E-04   7.7420375E-04  -3.1070175E-04   2.8848761E-03   4.7831049E-04  -1.2741562E-03   1.4053196E-06  -6.8206417E-09
 -4.7139924E-07   2.0904361E-06  -7.6934224E-07   1.2563776E-05   2.1466704E-05   3.1860874E-07   1.5621313E-06   5.2414674E-05  -3.5786326E-06  -9.9783918E-03   7.4501920E-04   4.4204153E-03  -1.4107532E-02   1.7575724E-03   2.5751483E-02   1.9864205E-02  -3.0207611E-03  -3.1011328E-04  -1.0059846E-03   3.1547534E-03   4.8302761E-03  -6.7496824E-05   5.6320693E-05   7.9087448E-04   4.7831049E-04   6.0956886E-03   8.1301068E-03   9.5193449E-07  -2.2391257E-07
 -2.4651586E-06   6.9382482E-06  -3.6305280E-07  -6.2402436E-05  -1.2989754E-04  -9.8595412E-06   5.2671314E-05   6.6583852E-05  -3.1731115E-06   3.1626021E-02   6.1191888E-04   1.7962219E-02  -4.1062759E-02   1.0185834E-02   3.6192900E-02  -2.8938025E-02  -2.1759689E-02  -4.9703481E-03   1.8704212E-03   7.4421044E-03  -2.5990712E-02   2.5111277E-04  -6.5016522E-04   4.5595458E-03  -1.2741562E-03   8.1301068E-03   7.2863516E-02   8.7563547E-07  -4.7925176E-06
  5.3689045E-09  -3.4462506E-09   5.6661891E-09   1.2084825E-07   2.6852058E-07  -1.1290248E-07  -9.9223478E-08  -7.9413769E-07  -6.5516827E-08  -1.7908373E-04   6.6417801E-06   9.5751797E-05   3.7253332E-03   1.6572233E-04   4.6793866E-04   4.6832471E-04  -7.1744650E-05   1.9257263E-04  -1.8981217E-04  -1.6440124E-05   5.7370779E-05  -6.1774708E-07  -3.9063882E-08  -7.8746343E-07   1.4053196E-06   9.5193449E-07   8.7563547E-07   3.7226680E-07   9.6489958E-09
 -2.0097425E-09   1.4839108E-08  -9.2477585E-10  -9.9708664E-08  -2.7847204E-07  -5.5309307E-08  -1.4563451E-07   6.0050307E-07  -5.9967685E-08   6.7618523E-04  -1.5844133E-06  -3.8820234E-05   2.6061565E-04   1.6217917E-04  -3.9024712E-04  -1.3461565E-03   1.1207793E-05   1.0575221E-06  -6.0545251E-05   4.2574867E-04   1.0103189E-03   6.5760675E-08  -1.9910432E-07   7.3151204E-08  -6.8206417E-09  -2.2391257E-07  -4.7925176E-06   9.6489958E-09   3.8960579E-07
