# omegabh2 omegach2 theta tau logA ns calPlanck aps100 aps143 aps217 acib217 asz143 psr cibr xi aksz dust100 dust143 dust217 dust143x217 cal0 cal2 calTE calEE
  2.0159247E-08  -4.1645486E-08   8.9808958E-09   2.0918074E-07   4.1879576E-07   1.6308172E-07   1.9657524E-08  -3.9119139E-04  -2.3623253E-04   8.6787358E-05  -1.0749627E-04   1.8954935E-05   9.6249764E-07  -1.8968935E-06   3.4568676E-07  -3.4511460E-05   2.7944768E-07  -5.7756228E-07   5.3048831E-07  -4.3877417E-07   9.9810665E-10  -5.1578462E-09  -1.0449964E-07  -2.4620601E-07
 -4.1645486E-08   8.1450689E-07  -4.2506294E-08  -1.8431251E-06  -2.3848354E-06  -1.7582116E-06  -2.5337184E-07   6.8972569E-04   3.5091957E-04  -2.2519896E-04   1.4621214E-04  -4.9496655E-05  -1.0904218E-06   6.1996371E-07   2.7109578E-06   9.0594760E-05   2.1969122E-06   7.4645820E-06  -1.0694278E-07   5.1775247E-06  -3.7834564E-08   1.3500187E-08  -1.4864036E-07  -5.1391064E-07
  8.9808958E-09  -4.2506294E-08   8.8382871E-08   1.4805610E-07   2.8874452E-07   2.3779694E-07   6.9610221E-09  -1.7135477E-04  -1.0860151E-06   2.1831273E-05   4.6519868E-06   1.5039227E-05   1.4834160E-08   1.0943047E-06   5.1483728E-07  -1.8477170E-05  -5.1021950E-07   1.4982540E-07   1.2912164E-08  -7.2379508E-07  -4.8169431E-09  -2.4873550E-09  -7.1737073E-08   9.5000800E-10
  2.0918074E-07  -1.8431251E-06   1.4805610E-07   4.5364117E-05   8.3063243E-05   7.3920705E-06  -1.2420517E-06  -9.1111744E-03  -2.8605030E-03   2.6234430E-03  -3.0521208E-03   1.4918764E-04  -1.5840286E-06  -7.5988768E-06   8.7371099E-06  -7.9013525E-04  -2.1962272E-05  -3.1119215E-05   2.3300398E-05  -2.0649677E-05  -9.7470266E-08  -4.2983405E-08  -3.1535966E-06  -2.5159950E-06
  4.1879576E-07  -2.3848354E-06   2.8874452E-07   8.3063243E-05   1.8210536E-04   1.0035549E-05   9.7941707E-06  -8.7476685E-03  -3.0358979E-03   1.3068706E-02  -7.2199178E-03   1.3688102E-04   2.0370555E-05  -8.2546562E-05   6.3570923E-05  -2.3830490E-03  -4.6842204E-05  -1.3809945E-04   6.4851780E-05  -5.1355618E-05   4.0251214E-07  -2.2805435E-07  -6.5471451E-06  -3.4813662E-06
  1.6308172E-07  -1.7582116E-06   2.3779694E-07   7.3920705E-06   1.0035549E-05   1.4142197E-05   5.4271761E-07  -2.4617550E-02  -6.7651151E-03   9.4732323E-03  -6.1190366E-03   5.9294853E-04   6.7349231E-05  -1.2358203E-04   4.0826273E-05  -1.9606838E-03   9.1274918E-06  -4.6530737E-05   2.7748957E-05  -1.2631084E-05  -3.4128313E-07  -4.4876763E-07  -4.7783233E-07  -2.9343005E-06
  1.9657524E-08  -2.5337184E-07   6.9610221E-09  -1.2420517E-06   9.7941707E-06   5.4271761E-07   6.4102235E-06   4.4611777E-03   5.6872683E-04   1.5442131E-03   4.4424401E-04  -4.6125950E-05   7.8988508E-07  -1.0509766E-05  -1.4824726E-06  -3.8146330E-05   4.8862421E-06  -2.2350810E-06   3.3292266E-06  -3.0088880E-06   2.5102623E-08  -1.1269760E-07  -3.0810884E-07  -2.7421994E-09
 -3.9119139E-04   6.8972569E-04  -1.7135477E-04  -9.1111744E-03  -8.7476685E-03  -2.4617550E-02   4.4611777E-03   5.9748492E+02   5.5534091E+01  -5.8452556E+01   3.0521146E+01  -2.4362474E+01  -8.5159665E-01  -1.6388729E-01  -3.1870451E-01   1.1414503E+01  -1.7187532E-01   3.3773488E-01  -2.1300050E-01  -7.3274971E-02   6.1962792E-03   3.2359698E-03   2.9050290E-03   7.5749451E-03
 -2.3623253E-04   3.5091957E-04  -1.0860151E-06  -2.8605030E-03  -3.0358979E-03  -6.7651151E-03   5.6872683E-04   5.5534091E+01   6.6642519E+01   9.6191707E+00   6.3702144E+00  -1.2116166E-02  -2.1043998E-02   4.7594035E-01   9.0221699E-01  -8.7853256E+00  -2.8166288E-02  -2.0407021E-01   5.4194695E-02   7.2121504E-02   6.1558742E-04   5.7299994E-04   1.2343434E-03   5.1587562E-03
  8.6787358E-05  -2.2519896E-04   2.1831273E-05   2.6234430E-03   1.3068706E-02   9.4732323E-03   1.5442131E-03  -5.8452556E+01   9.6191707E+00   1.7685991E+02  -8.3658643E+01   2.8287047E+00   3.1276898E-01  -1.0327753E+00   2.9807059E-01  -7.9691975E+00  -6.1203421E-02  -2.3692767E-01   5.8486525E-01   2.3137590E-02   1.3959711E-03  -7.6587070E-03   2.4407841E-03   3.5857490E-03
 -1.0749627E-04   1.4621214E-04   4.6519868E-06  -3.0521208E-03  -7.2199178E-03  -6.1190366E-03   4.4424401E-04   3.0521146E+01   6.3702144E+00  -8.3658643E+01   5.2396040E+01   1.7795402E+00  -1.6941509E-02   7.2174645E-01  -2.1709517E-01  -2.6234479E+00   3.5879540E-02   1.5122339E-01  -4.7011612E-01  -1.2947756E-01  -4.3844926E-04   3.0423471E-03  -8.5952902E-04   1.9669794E-04
  1.8954935E-05  -4.9496655E-05   1.5039227E-05   1.4918764E-04   1.3688102E-04   5.9294853E-04  -4.6125950E-05  -2.4362474E+01  -1.2116166E-02   2.8287047E+00   1.7795402E+00   4.4001512E+00   1.0160080E-01   1.6785656E-01  -3.6158911E-02  -3.6337738E+00   2.3255228E-04  -1.1264987E-04   7.8322668E-03   4.9498557E-02   4.8605282E-04  -2.5185752E-04  -1.9845936E-04   8.5635809E-06
  9.6249764E-07  -1.0904218E-06   1.4834160E-08  -1.5840286E-06   2.0370555E-05   6.7349231E-05   7.8988508E-07  -8.5159665E-01  -2.1043998E-02   3.1276898E-01  -1.6941509E-02   1.0160080E-01   1.6548792E-02  -1.6388092E-02   1.1563207E-02  -1.0731351E-01  -4.7799474E-06  -8.2792083E-04  -3.1609350E-03   4.8227402E-03   1.5415655E-05  -3.9813212E-05   1.8658685E-05   4.2736456E-06
 -1.8968935E-06   6.1996371E-07   1.0943047E-06  -7.5988768E-06  -8.2546562E-05  -1.2358203E-04  -1.0509766E-05  -1.6388729E-01   4.7594035E-01  -1.0327753E+00   7.2174645E-01   1.6785656E-01  -1.6388092E-02   6.8787123E-02   4.7559737E-03  -1.6217340E-01   7.9085445E-04   6.6614344E-03  -1.6214730E-04  -1.7874624E-02  -5.3659335E-06   9.3581443E-05  -5.7476408E-05   1.4352946E-05
  3.4568676E-07   2.7109578E-06   5.1483728E-07   8.7371099E-06   6.3570923E-05   4.0826273E-05  -1.4824726E-06  -3.1870451E-01   9.0221699E-01   2.9807059E-01  -2.1709517E-01  -3.6158911E-02   1.1563207E-02   4.7559737E-03   8.2229442E-02   3.4703661E-02  -6.3122386E-05   2.4211719E-04   1.4102850E-04   8.9796783E-05   9.9203097E-06  -1.7920760E-05   4.1770299E-06   2.0888732E-05
 -3.4511460E-05   9.0594760E-05  -1.8477170E-05  -7.9013525E-04  -2.3830490E-03  -1.9606838E-03  -3.8146330E-05   1.1414503E+01  -8.7853256E+00  -7.9691975E+00  -2.6234479E+00  -3.6337738E+00  -1.0731351E-01  -1.6217340E-01   3.4703661E-02   7.4853940E+00  -6.9004247E-03  -8.4793326E-03  -3.5894877E-03  -4.9205634E-02  -3.3141602E-04   1.1881566E-04  -1.1874366E-04  -5.0573988E-04
  2.7944768E-07   2.1969122E-06  -5.1021950E-07  -2.1962272E-05  -4.6842204E-05   9.1274918E-06   4.8862421E-06  -1.7187532E-01  -2.8166288E-02  -6.1203421E-02   3.5879540E-02   2.3255228E-04  -4.7799474E-06   7.9085445E-04  -6.3122386E-05  -6.9004247E-03   3.7633962E-02   3.3229850E-03  -2.5182409E-04   8.3128533E-04   3.5845655E-05  -6.8021061E-06  -2.1414483E-05  -2.6171855E-05
 -5.7756228E-07   7.4645820E-06   1.4982540E-07  -3.1119215E-05  -1.3809945E-04  -4.6530737E-05  -2.2350810E-06   3.3773488E-01  -2.0407021E-01  -2.3692767E-01   1.5122339E-01  -1.1264987E-04  -8.2792083E-04   6.6614344E-03   2.4211719E-04  -8.4793326E-03   3.3229850E-03   2.9318933E-02  -6.2180940E-04   5.1846263E-03  -7.1073850E-05  -4.1576205E-05  -6.2977534E-05  -8.5596795E-05
  5.3048831E-07  -1.0694278E-07   1.2912164E-08   2.3300398E-05   6.4851780E-05   2.7748957E-05   3.3292266E-06  -2.1300050E-01   5.4194695E-02   5.8486525E-01  -4.7011612E-01   7.8322668E-03  -3.1609350E-03  -1.6214730E-04   1.4102850E-04  -3.5894877E-03  -2.5182409E-04  -6.2180940E-04   1.1118424E-02   8.7569186E-03   4.0671153E-06   6.4825196E-05   6.6491043E-06  -5.3041542E-06
 -4.3877417E-07   5.1775247E-06  -7.2379508E-07  -2.0649677E-05  -5.1355618E-05  -1.2631084E-05  -3.0088880E-06  -7.3274971E-02   7.2121504E-02   2.3137590E-02  -1.2947756E-01   4.9498557E-02   4.8227402E-03  -1.7874624E-02   8.9796783E-05  -4.9205634E-02   8.3128533E-04   5.1846263E-03   8.7569186E-03   2.6707168E-02   2.3331845E-06   5.8588170E-05   1.0873251E-08  -2.1162591E-05
  9.9810665E-10  -3.7834564E-08  -4.8169431E-09  -9.7470266E-08   4.0251214E-07  -3.4128313E-07   2.5102623E-08   6.1962792E-03   6.1558742E-04   1.3959711E-03  -4.3844926E-04   4.8605282E-04   1.5415655E-05  -5.3659335E-06   9.9203097E-06  -3.3141602E-04   3.5845655E-05  -7.1073850E-05   4.0671153E-06   2.3331845E-06   1.0914572E-06   4.7740545E-08   3.4008454E-07   8.0372304E-07
 -5.1578462E-09   1.3500187E-08  -2.4873550E-09  -4.2983405E-08  -2.2805435E-07  -4.4876763E-07  -1.1269760E-07   3.2359698E-03   5.7299994E-04  -7.6587070E-03   3.0423471E-03  -2.5185752E-04  -3.9813212E-05   9.3581443E-05  -1.7920760E-05   1.1881566E-04  -6.8021061E-06  -4.1576205E-05   6.4825196E-05   5.8588170E-05   4.7740545E-08   2.5193414E-06   3.5216676E-07   1.4256932E-07
 -1.0449964E-07  -1.4864036E-07  -7.1737073E-08  -3.1535966E-06  -6.5471451E-06  -4.7783233E-07  -3.0810884E-07   2.9050290E-03   1.2343434E-03   2.4407841E-03  -8.5952902E-04  -1.9845936E-04   1.8658685E-05  -5.7476408E-05   4.1770299E-06  -1.1874366E-04  -2.1414483E-05  -6.2977534E-05   6.6491043E-06   1.0873251E-08   3.4008454E-07   3.5216676E-07   2.4633770E-05   8.3798295E-06
 -2.4620601E-07  -5.1391064E-07   9.5000800E-10  -2.5159950E-06  -3.4813662E-06  -2.9343005E-06  -2.7421994E-09   7.5749451E-03   5.1587562E-03   3.5857490E-03   1.9669794E-04   8.5635809E-06   4.2736456E-06   1.4352946E-05   2.0888732E-05  -5.0573988E-04  -2.6171855E-05  -8.5596795E-05  -5.3041542E-06  -2.1162591E-05   8.0372304E-07   1.4256932E-07   8.3798295E-06   2.4068646E-05
