# omegabh2 omegach2 theta tau nnu yhe logA ns calPlanck acib217 xi asz143 aps100 aps143 aps143217 aps217 aksz kgal100 kgal143 kgal143217 kgal217 galfTE100 galfTE100143 galfTE100217 galfTE143 galfTE143217 galfTE217 cal0 cal2
  4.8123344E-08   2.5649125E-07  -1.4090666E-08   3.4746880E-07   2.6194231E-05   6.9650295E-07   1.5889591E-06   1.4531353E-06   1.2888409E-08   7.3461287E-05  -2.4259343E-06   4.4069300E-06   2.0272400E-04   8.2100745E-05   1.8791315E-05  -4.1390634E-05   2.1255400E-05   1.2798127E-05   1.5076346E-05   1.2831804E-05  -1.3222263E-05  -6.7860917E-09  -3.8713336E-09  -1.9215086E-07  -1.2204074E-07  -7.2011318E-07  -2.7217971E-06  -2.6947229E-09   1.0316051E-09
  2.5649125E-07   2.2415154E-05  -5.1867551E-06  -1.7594044E-07   1.3883509E-03  -5.7465209E-05   4.1733725E-05   1.5648088E-05   2.2000715E-07   6.8444189E-04  -1.2982417E-05  -2.1113654E-04   4.3214330E-03   8.6972210E-04  -7.5355574E-04  -1.3169754E-03   3.3085618E-04  -1.8921306E-04   6.3167798E-05   3.6848080E-05  -1.4151684E-04   2.4464755E-07   1.2103883E-06   7.0534905E-07   5.0068138E-06   1.3727624E-07   1.0974240E-05   1.6111532E-09   2.0444095E-08
 -1.4090666E-08  -5.1867551E-06   1.5191207E-06   1.0901521E-07  -3.3671951E-04   1.9576177E-05  -8.0149281E-06  -1.8836895E-06  -4.9849901E-08   2.5116759E-04  -7.8260634E-06   2.2010820E-06   7.1043062E-04   9.2849852E-04   6.9817092E-04   4.5569729E-04   7.0075452E-05   9.3382449E-05   4.5689483E-05   8.6465762E-05   3.5825407E-05  -1.4707211E-07  -3.8428186E-07  -3.0975879E-07  -9.3947912E-07  -3.7612387E-07   2.0632769E-07  -1.0666543E-08   7.3310871E-09
  3.4746880E-07  -1.7594044E-07   1.0901521E-07   4.5532876E-05   1.3165413E-04   5.4603851E-06   9.1594474E-05   1.3560766E-05  -2.7591448E-07  -9.2532497E-05   2.4645861E-05   1.7812694E-04  -6.0276742E-03  -1.0594087E-03   8.1042765E-04   3.8708075E-04  -6.4623494E-04   1.4310022E-04  -1.8619279E-04  -5.5101716E-04  -1.1736272E-03   2.2731283E-06   3.6848635E-06   1.9823249E-06   1.0271004E-06  -1.1879757E-05  -2.8854771E-05  -5.1487665E-08  -5.2374556E-08
  2.6194231E-05   1.3883509E-03  -3.3671951E-04   1.3165413E-04   9.3875775E-02  -3.7916080E-03   2.8231385E-03   1.3903564E-03   1.8392764E-05   5.4639582E-02  -1.1770993E-03  -1.0360448E-02   2.6229057E-01   1.3997591E-02  -9.0252814E-02  -1.3084997E-01   2.1550009E-02  -8.8001482E-03   6.5174634E-03   2.7511685E-03  -1.7788565E-02   9.4021777E-06   1.0279719E-04  -3.2227907E-05   2.5756185E-04  -2.0617245E-04  -8.1951789E-04  -4.7812189E-07   6.1006842E-07
  6.9650295E-07  -5.7465209E-05   1.9576177E-05   5.4603851E-06  -3.7916080E-03   3.2172072E-04  -5.5967253E-05   1.8214575E-05  -9.6431116E-08   1.0005010E-02  -2.7010992E-04  -8.5633832E-04   3.8356286E-02   2.9845192E-02   1.6547833E-02   7.1185222E-03   3.4578394E-03   2.0194280E-03   1.6994365E-03   2.5006121E-03   3.0567360E-04  -3.6496553E-06  -9.1870274E-06  -1.8522454E-06  -8.3420373E-06  -1.1090958E-05   6.3646817E-05  -3.2249683E-07   2.4256934E-07
  1.5889591E-06   4.1733725E-05  -8.0149281E-06   9.1594474E-05   2.8231385E-03  -5.5967253E-05   3.0094403E-04   6.9723658E-05   1.2115726E-05   3.1080674E-03   1.0656545E-05  -4.3895219E-04   9.4630372E-03   8.0066817E-03   6.3809414E-03   5.6714729E-03  -5.0849319E-04   9.7886938E-06  -4.3676694E-04  -1.1625513E-03  -1.2578609E-03   5.5143772E-06   8.1442738E-06   5.5320934E-06   1.3448392E-05  -2.9057618E-05   1.2210121E-05  -2.7378294E-08  -2.8158521E-08
  1.4531353E-06   1.5648088E-05  -1.8836895E-06   1.3560766E-05   1.3903564E-03   1.8214575E-05   6.9723658E-05   7.2117543E-05   7.3075184E-07   2.7807330E-03  -5.6879776E-05   1.8900941E-04   3.6572294E-03   7.1840452E-03   5.2272516E-03   1.8411923E-03   3.1626061E-04   9.4843530E-04   5.9127683E-04   8.2936331E-04   4.6097545E-05  -2.2711765E-06   1.8430020E-07  -2.7430717E-06   2.6537269E-06  -1.4904492E-05  -3.6425395E-05  -2.5675582E-07   2.6363912E-08
  1.2888409E-08   2.2000715E-07  -4.9849901E-08  -2.7591448E-07   1.8392764E-05  -9.6431116E-08   1.2115726E-05   7.3075184E-07   6.0312627E-06   5.5290575E-04   6.9522870E-06  -3.9861998E-05   3.4437091E-03   7.8063075E-04   7.3802633E-04   1.6957172E-03  -2.6727771E-05   1.1051976E-05  -1.6536411E-05  -9.7953056E-05   6.6834808E-04   3.3969674E-07  -1.1393169E-08  -3.6666756E-07   8.1275061E-07  -4.2476264E-07   1.6195317E-05  -9.0747819E-10  -2.7368585E-09
  7.3461287E-05   6.8444189E-04   2.5116759E-04  -9.2532497E-05   5.4639582E-02   1.0005010E-02   3.1080674E-03   2.7807330E-03   5.5290575E-04   4.3876639E+01  -4.1388596E-01  -1.1732089E+00   3.8188120E+01   3.9716039E+00  -1.2288786E+01  -5.3407797E+01   2.6912290E-01   3.7806804E-01   6.6194986E-01  -5.7037351E+00  -3.2537560E+01  -7.2695564E-04   4.3397869E-04  -7.6958355E-03  -6.5082836E-04  -6.6124716E-03   8.8167659E-03  -2.5702636E-04   7.4480063E-04
 -2.4259343E-06  -1.2982417E-05  -7.8260634E-06   2.4645861E-05  -1.1770993E-03  -2.7010992E-04   1.0656545E-05  -5.6879776E-05   6.9522870E-06  -4.1388596E-01   8.1219868E-02  -3.7338906E-02  -6.4751097E-01   8.6391709E-01   1.6755006E+00   6.4510249E-01   2.5321858E-02  -5.9217041E-03   7.3846283E-03   1.0916237E-01   1.5439964E-01   4.7897585E-05   4.8158966E-05   2.2857150E-05  -9.2168587E-05  -5.7446428E-05   3.5480581E-04   5.9625870E-06  -2.0259855E-06
  4.4069300E-06  -2.1113654E-04   2.2010820E-06   1.7812694E-04  -1.0360448E-02  -8.5633832E-04  -4.3895219E-04   1.8900941E-04  -3.9861998E-05  -1.1732089E+00  -3.7338906E-02   3.8219922E+00  -3.0423680E+01  -3.5186736E+00   7.3515598E+00   5.3620049E+00  -2.6171718E+00  -2.0882909E-01   8.9065898E-02   2.6652508E+00   3.5152778E+00  -1.4747407E-03   8.6576882E-05   1.4330969E-03   6.5943034E-04  -1.0055323E-03  -2.4946164E-03   1.2358639E-04  -4.9442667E-05
  2.0272400E-04   4.3214330E-03   7.1043062E-04  -6.0276742E-03   2.6229057E-01   3.8356286E-02   9.4630372E-03   3.6572294E-03   3.4437091E-03   3.8188120E+01  -6.4751097E-01  -3.0423680E+01   7.8654160E+02   7.5161659E+01  -5.0208895E+01  -5.7983736E+01   1.4761535E+01  -5.4428942E+00   6.8768516E+00  -1.1917218E+01  -2.4803227E+01   7.6427229E-03  -8.9873567E-03  -9.6193771E-03  -1.1587083E-02  -1.4990125E-02   3.4559534E-02   3.6685649E-03   6.7837898E-04
  8.2100745E-05   8.6972210E-04   9.2849852E-04  -1.0594087E-03   1.3997591E-02   2.9845192E-02   8.0066817E-03   7.1840452E-03   7.8063075E-04   3.9716039E+00   8.6391709E-01  -3.5186736E+00   7.5161659E+01   6.5607482E+01   4.1967659E+01   1.4972366E+01  -3.9029491E+00   4.3730334E-03  -8.4174061E-01   3.6016155E+00   3.6129927E+00   3.6790415E-03   5.1702462E-04  -1.2445371E-03  -1.4248889E-03  -6.2150300E-03   3.2179521E-02   5.1278477E-05   2.0965459E-04
  1.8791315E-05  -7.5355574E-04   6.9817092E-04   8.1042765E-04  -9.0252814E-02   1.6547833E-02   6.3809414E-03   5.2272516E-03   7.3802633E-04  -1.2288786E+01   1.6755006E+00   7.3515598E+00  -5.0208895E+01   4.1967659E+01   8.5278088E+01   5.2756617E+01  -1.1032011E+01  -4.9785083E-01  -5.0217336E-01   5.2061293E+00   8.3303184E+00  -1.7540087E-03  -5.7474925E-04   2.6065775E-03  -1.5211497E-03  -1.0009669E-02   1.3492831E-02   4.7449476E-04  -3.2102641E-04
 -4.1390634E-05  -1.3169754E-03   4.5569729E-04   3.8708075E-04  -1.3084997E-01   7.1185222E-03   5.6714729E-03   1.8411923E-03   1.6957172E-03  -5.3407797E+01   6.4510249E-01   5.3620049E+00  -5.7983736E+01   1.4972366E+01   5.2756617E+01   1.0183547E+02  -8.7840106E+00  -6.3352690E-01  -1.2189416E+00   5.4461447E+00   3.2508275E+01  -5.8313301E-04  -2.4925509E-03   9.7140169E-03   1.0310075E-03   9.0358578E-04   3.6557308E-03   5.3444333E-04  -1.3294289E-03
  2.1255400E-05   3.3085618E-04   7.0075452E-05  -6.4623494E-04   2.1550009E-02   3.4578394E-03  -5.0849319E-04   3.1626061E-04  -2.6727771E-05   2.6912290E-01   2.5321858E-02  -2.6171718E+00   1.4761535E+01  -3.9029491E+00  -1.1032011E+01  -8.7840106E+00   5.6194302E+00   1.1907504E-01  -1.1432234E-01  -1.9349939E+00  -2.3290133E+00   9.8790113E-04  -2.6419260E-04  -1.2726784E-03  -4.5374605E-04   9.8319729E-04  -3.2181354E-03  -9.8122774E-05   1.6074489E-05
  1.2798127E-05  -1.8921306E-04   9.3382449E-05   1.4310022E-04  -8.8001482E-03   2.0194280E-03   9.7886938E-06   9.4843530E-04   1.1051976E-05   3.7806804E-01  -5.9217041E-03  -2.0882909E-01  -5.4428942E+00   4.3730334E-03  -4.9785083E-01  -6.3352690E-01   1.1907504E-01   3.3631974E+00   5.9100343E-01   1.9059542E-01   9.2152085E-02   4.3651537E-05  -3.3908985E-04  -1.0242254E-03  -1.7351897E-03  -7.3041535E-04   7.0242047E-04   1.7810117E-04   1.1495322E-07
  1.5076346E-05   6.3167798E-05   4.5689483E-05  -1.8619279E-04   6.5174634E-03   1.6994365E-03  -4.3676694E-04   5.9127683E-04  -1.6536411E-05   6.6194986E-01   7.3846283E-03   8.9065898E-02   6.8768516E+00  -8.4174061E-01  -5.0217336E-01  -1.2189416E+00  -1.1432234E-01   5.9100343E-01   3.2192002E+00   2.7584649E+00   2.7691173E+00  -6.2155736E-04  -3.4470152E-04  -1.3101045E-03   2.4562421E-06   8.7921767E-04  -1.4253350E-03  -1.8551075E-04  -4.4593087E-05
  1.2831804E-05   3.6848080E-05   8.6465762E-05  -5.5101716E-04   2.7511685E-03   2.5006121E-03  -1.1625513E-03   8.2936331E-04  -9.7953056E-05  -5.7037351E+00   1.0916237E-01   2.6652508E+00  -1.1917218E+01   3.6016155E+00   5.2061293E+00   5.4461447E+00  -1.9349939E+00   1.9059542E-01   2.7584649E+00   1.0818318E+01   1.9315215E+01  -8.1606147E-04   7.9539720E-04  -1.4134114E-05   1.8457635E-03   1.5409291E-03   1.1260508E-02  -2.3030119E-05   3.8547374E-04
 -1.3222263E-05  -1.4151684E-04   3.5825407E-05  -1.1736272E-03  -1.7788565E-02   3.0567360E-04  -1.2578609E-03   4.6097545E-05   6.6834808E-04  -3.2537560E+01   1.5439964E-01   3.5152778E+00  -2.4803227E+01   3.6129927E+00   8.3303184E+00   3.2508275E+01  -2.3290133E+00   9.2152085E-02   2.7691173E+00   1.9315215E+01   5.3227923E+01  -4.0300521E-04   1.1616990E-03   5.1350528E-03   4.4341327E-03   6.3394406E-03   2.1941824E-02   8.3766211E-05   9.0215130E-04
 -6.7860917E-09   2.4464755E-07  -1.4707211E-07   2.2731283E-06   9.4021777E-06  -3.6496553E-06   5.5143772E-06  -2.2711765E-06   3.3969674E-07  -7.2695564E-04   4.7897585E-05  -1.4747407E-03   7.6427229E-03   3.6790415E-03  -1.7540087E-03  -5.8313301E-04   9.8790113E-04   4.3651537E-05  -6.2155736E-04  -8.1606147E-04  -4.0300521E-04   1.4327285E-03   2.5795050E-04   9.3325593E-05  -3.5369394E-04  -1.0341094E-04  -2.0266248E-04   7.9603165E-08  -7.3680516E-08
 -3.8713336E-09   1.2103883E-06  -3.8428186E-07   3.6848635E-06   1.0279719E-04  -9.1870274E-06   8.1442738E-06   1.8430020E-07  -1.1393169E-08   4.3397869E-04   4.8158966E-05   8.6576882E-05  -8.9873567E-03   5.1702462E-04  -5.7474925E-04  -2.4925509E-03  -2.6419260E-04  -3.3908985E-04  -3.4470152E-04   7.9539720E-04   1.1616990E-03   2.5795050E-04   8.6106432E-04   4.6158446E-05   7.4263252E-04   5.4450671E-05  -7.8187141E-04  -1.3445897E-07   1.9760919E-07
 -1.9215086E-07   7.0534905E-07  -3.0975879E-07   1.9823249E-06  -3.2227907E-05  -1.8522454E-06   5.5320934E-06  -2.7430717E-06  -3.6666756E-07  -7.6958355E-03   2.2857150E-05   1.4330969E-03  -9.6193771E-03  -1.2445371E-03   2.6065775E-03   9.7140169E-03  -1.2726784E-03  -1.0242254E-03  -1.3101045E-03  -1.4134114E-05   5.1350528E-03   9.3325593E-05   4.6158446E-05   7.1062103E-03  -3.1310717E-04   6.1863929E-04   4.4232085E-03   2.6051744E-07  -5.2368888E-07
 -1.2204074E-07   5.0068138E-06  -9.3947912E-07   1.0271004E-06   2.5756185E-04  -8.3420373E-06   1.3448392E-05   2.6537269E-06   8.1275061E-07  -6.5082836E-04  -9.2168587E-05   6.5943034E-04  -1.1587083E-02  -1.4248889E-03  -1.5211497E-03   1.0310075E-03  -4.5374605E-04  -1.7351897E-03   2.4562421E-06   1.8457635E-03   4.4341327E-03  -3.5369394E-04   7.4263252E-04  -3.1310717E-04   2.9200263E-03   5.0927961E-04  -8.2049771E-04   2.0541995E-07   3.2318128E-07
 -7.2011318E-07   1.3727624E-07  -3.7612387E-07  -1.1879757E-05  -2.0617245E-04  -1.1090958E-05  -2.9057618E-05  -1.4904492E-05  -4.2476264E-07  -6.6124716E-03  -5.7446428E-05  -1.0055323E-03  -1.4990125E-02  -6.2150300E-03  -1.0009669E-02   9.0358578E-04   9.8319729E-04  -7.3041535E-04   8.7921767E-04   1.5409291E-03   6.3394406E-03  -1.0341094E-04   5.4450671E-05   6.1863929E-04   5.0927961E-04   6.4674231E-03   8.0920382E-03   2.8827064E-07  -4.0058168E-07
 -2.7217971E-06   1.0974240E-05   2.0632769E-07  -2.8854771E-05  -8.1951789E-04   6.3646817E-05   1.2210121E-05  -3.6425395E-05   1.6195317E-05   8.8167659E-03   3.5480581E-04  -2.4946164E-03   3.4559534E-02   3.2179521E-02   1.3492831E-02   3.6557308E-03  -3.2181354E-03   7.0242047E-04  -1.4253350E-03   1.1260508E-02   2.1941824E-02  -2.0266248E-04  -7.8187141E-04   4.4232085E-03  -8.2049771E-04   8.0920382E-03   7.2535980E-02   3.6106849E-07  -5.3395549E-07
 -2.6947229E-09   1.6111532E-09  -1.0666543E-08  -5.1487665E-08  -4.7812189E-07  -3.2249683E-07  -2.7378294E-08  -2.5675582E-07  -9.0747819E-10  -2.5702636E-04   5.9625870E-06   1.2358639E-04   3.6685649E-03   5.1278477E-05   4.7449476E-04   5.3444333E-04  -9.8122774E-05   1.7810117E-04  -1.8551075E-04  -2.3030119E-05   8.3766211E-05   7.9603165E-08  -1.3445897E-07   2.6051744E-07   2.0541995E-07   2.8827064E-07   3.6106849E-07   3.7795516E-07  -4.3475935E-09
  1.0316051E-09   2.0444095E-08   7.3310871E-09  -5.2374556E-08   6.1006842E-07   2.4256934E-07  -2.8158521E-08   2.6363912E-08  -2.7368585E-09   7.4480063E-04  -2.0259855E-06  -4.9442667E-05   6.7837898E-04   2.0965459E-04  -3.2102641E-04  -1.3294289E-03   1.6074489E-05   1.1495322E-07  -4.4593087E-05   3.8547374E-04   9.0215130E-04  -7.3680516E-08   1.9760919E-07  -5.2368888E-07   3.2318128E-07  -4.0058168E-07  -5.3395549E-07  -4.3475935E-09   3.9137739E-07
