# omegabh2 omegach2 theta tau w wa logA ns calPlanck acib217 xi asz143 aps100 aps143 aps143217 aps217 aksz kgal100 kgal143 kgal143217 kgal217 cal0 cal2
  3.9660022E-08  -8.3392103E-08   2.6250383E-08   3.1262090E-07  -5.0867741E-07   9.3414768E-06   6.2239704E-07   3.1223614E-07   3.7609532E-08  -1.4164340E-04   2.3666066E-06   2.9159964E-05  -7.1521348E-04  -4.5587238E-04  -1.9507849E-04  -4.5998022E-05  -4.1860215E-05   4.1090009E-06  -9.9554659E-06  -2.2936425E-05   1.4390005E-05   2.3892505E-09  -4.8331712E-09
 -8.3392103E-08   1.7110260E-06  -1.2054750E-07  -3.3771062E-06   9.3179825E-06  -1.3929397E-04  -3.8750636E-06  -3.6024043E-06  -4.7342656E-07   1.1191606E-04  -1.7594097E-05   2.1348995E-05   9.3941126E-04   4.8594431E-04   1.0488318E-04  -1.7502497E-05   4.0557611E-05   1.6467878E-07   5.5195955E-05   9.5756997E-05   9.1705374E-05  -2.3015786E-08  -8.6184044E-09
  2.6250383E-08  -1.2054750E-07   1.9137262E-07   4.4725568E-07  -2.5932937E-06   2.4459919E-05   9.1753665E-07   4.8241555E-07   3.8481322E-08   1.5956823E-05   1.3095410E-06  -1.3304165E-05  -8.0941635E-06  -9.4213484E-05  -7.8568343E-05  -1.0097146E-04   2.4826536E-05  -1.7293400E-05   1.1974009E-06  -3.5146445E-05  -5.8637258E-05   2.0946207E-09  -6.9594225E-09
  3.1262090E-07  -3.3771062E-06   4.4725568E-07   4.0392183E-05  -4.5881326E-05   4.2392216E-04   7.2190137E-05   9.5791945E-06  -3.3078067E-07  -1.8057140E-04   4.1720390E-05  -6.4625463E-06  -8.2876381E-03  -4.4850939E-03  -2.7046088E-03  -2.5384650E-03  -7.1239406E-05   2.8212342E-04  -2.5455923E-04  -7.5550934E-04  -1.6503051E-03   2.8671233E-08  -1.6182406E-08
 -5.0867741E-07   9.3179825E-06  -2.5932937E-06  -4.5881326E-05   6.5748617E-03  -2.2689849E-02  -8.5129364E-05  -2.7726802E-05  -4.6884122E-06  -3.1715029E-03   1.8543361E-04  -5.9498697E-04  -2.4705413E-02   1.0078804E-02   6.3678379E-03  -1.8876327E-03   3.1201989E-03   2.5090300E-03  -3.8264598E-04   2.7311685E-03   9.6265278E-03  -4.5872409E-07   3.7434298E-07
  9.3414768E-06  -1.3929397E-04   2.4459919E-05   4.2392216E-04  -2.2689849E-02   9.6198047E-02   6.7303023E-04   3.3463904E-04   5.2052939E-05  -1.0338617E-02   3.1557649E-04   3.0869322E-03  -3.2996493E-02  -1.0152904E-01  -5.0413383E-02   1.3653455E-02  -1.0896500E-02  -6.6037811E-03  -2.6171385E-03  -1.6753754E-02  -3.7324376E-02   3.8113769E-06  -1.5936503E-06
  6.2239704E-07  -3.8750636E-06   9.1753665E-07   7.2190137E-05  -8.5129364E-05   6.7303023E-04   1.6008355E-04   1.1201543E-05   1.0735242E-05  -4.8288031E-04   9.7837523E-05   2.2723465E-04  -1.1304984E-02  -6.4328825E-03  -2.1013789E-03   9.1085199E-04  -9.4559689E-04   9.2540172E-05  -9.5933667E-04  -1.6584573E-03  -1.5008326E-03   2.0210448E-07  -1.3069512E-07
  3.1223614E-07  -3.6024043E-06   4.8241555E-07   9.5791945E-06  -2.7726802E-05   3.3463904E-04   1.1201543E-05   1.8163513E-05   9.0579834E-07  -4.2845223E-03   1.4080373E-04   9.7054012E-04  -2.5668361E-02  -7.2147035E-03   1.7579889E-03   4.6571341E-03  -2.3527682E-03   3.7716371E-04  -3.5330695E-04  -3.6011388E-04   9.9297060E-04  -1.6457853E-08  -3.8648515E-08
  3.7609532E-08  -4.7342656E-07   3.8481322E-08  -3.3078067E-07  -4.6884122E-06   5.2052939E-05   1.0735242E-05   9.0579834E-07   6.2238746E-06   5.2863519E-04   8.3476695E-06   8.8896451E-05   3.6294520E-03   6.5968947E-04   6.7107256E-04   1.5419327E-03  -4.6367620E-05  -4.8498883E-05   1.0101410E-05   1.1287223E-04   9.5382520E-04   1.7176410E-08  -2.4975399E-08
 -1.4164340E-04   1.1191606E-04   1.5956823E-05  -1.8057140E-04  -3.1715029E-03  -1.0338617E-02  -4.8288031E-04  -4.2845223E-03   5.2863519E-04   4.4729824E+01  -4.1905504E-01  -1.0454219E+00   3.9327855E+01   2.0854874E+00  -1.4157949E+01  -5.5386310E+01  -2.4404344E-01  -5.1599472E-02   4.3334116E-01  -5.8752605E+00  -3.3179271E+01  -1.9254660E-04   7.5967661E-04
  2.3666066E-06  -1.7594097E-05   1.3095410E-06   4.1720390E-05   1.8543361E-04   3.1557649E-04   9.7837523E-05   1.4080373E-04   8.3476695E-06  -4.1905504E-01   8.1873486E-02  -4.1126217E-02  -6.1937077E-01   9.2141113E-01   1.6607924E+00   6.5165035E-01   4.7354308E-02   4.1430603E-03   8.2209288E-03   1.1879133E-01   1.8301930E-01   3.8497313E-06  -1.1431791E-07
  2.9159964E-05   2.1348995E-05  -1.3304165E-05  -6.4625463E-06  -5.9498697E-04   3.0869322E-03   2.2723465E-04   9.7054012E-04   8.8896451E-05  -1.0454219E+00  -4.1126217E-02   3.9831027E+00  -3.1820277E+01  -3.3438941E+00   8.1209853E+00   5.9662402E+00  -2.9538915E+00  -1.6521024E-01   1.2715356E-01   2.7752887E+00   3.5463265E+00   1.0516407E-04  -3.4906249E-05
 -7.1521348E-04   9.3941126E-04  -8.0941635E-06  -8.2876381E-03  -2.4705413E-02  -3.2996493E-02  -1.1304984E-02  -2.5668361E-02   3.6294520E-03   3.9327855E+01  -6.1937077E-01  -3.1820277E+01   8.0187868E+02   7.3792125E+01  -5.9072482E+01  -6.7167518E+01   1.5363810E+01  -7.3679636E+00   6.3450984E+00  -1.2961561E+01  -2.5700458E+01   3.6609327E-03   4.9490599E-04
 -4.5587238E-04   4.8594431E-04  -9.4213484E-05  -4.4850939E-03   1.0078804E-02  -1.0152904E-01  -6.4328825E-03  -7.2147035E-03   6.5968947E-04   2.0854874E+00   9.2141113E-01  -3.3438941E+00   7.3792125E+01   6.4979821E+01   4.2587944E+01   1.7092591E+01  -5.2062413E+00  -7.8049142E-01  -1.1814491E+00   3.6260696E+00   4.6456836E+00   6.9955785E-05   1.7022440E-04
 -1.9507849E-04   1.0488318E-04  -7.8568343E-05  -2.7046088E-03   6.3678379E-03  -5.0413383E-02  -2.1013789E-03   1.7579889E-03   6.7107256E-04  -1.4157949E+01   1.6607924E+00   8.1209853E+00  -5.9072482E+01   4.2587944E+01   8.7994148E+01   5.7445756E+01  -1.2831441E+01  -8.2101485E-01  -6.4055752E-01   5.7720849E+00   1.0345597E+01   4.1308719E-04  -3.1091044E-04
 -4.5998022E-05  -1.7502497E-05  -1.0097146E-04  -2.5384650E-03  -1.8876327E-03   1.3653455E-02   9.1085199E-04   4.6571341E-03   1.5419327E-03  -5.5386310E+01   6.5165035E-01   5.9662402E+00  -6.7167518E+01   1.7092591E+01   5.7445756E+01   1.0729547E+02  -1.0085265E+01  -5.2971508E-01  -9.0058574E-01   6.2893090E+00   3.4498931E+01   4.2336336E-04  -1.3408413E-03
 -4.1860215E-05   4.0557611E-05   2.4826536E-05  -7.1239406E-05   3.1201989E-03  -1.0896500E-02  -9.4559689E-04  -2.3527682E-03  -4.6367620E-05  -2.4404344E-01   4.7354308E-02  -2.9538915E+00   1.5363810E+01  -5.2062413E+00  -1.2831441E+01  -1.0085265E+01   6.4067123E+00   2.1716642E-01  -2.2906294E-01  -2.3202423E+00  -2.5759648E+00  -8.7043999E-05  -1.4524044E-05
  4.1090009E-06   1.6467878E-07  -1.7293400E-05   2.8212342E-04   2.5090300E-03  -6.6037811E-03   9.2540172E-05   3.7716371E-04  -4.8498883E-05  -5.1599472E-02   4.1430603E-03  -1.6521024E-01  -7.3679636E+00  -7.8049142E-01  -8.2101485E-01  -5.2971508E-01   2.1716642E-01   3.4215464E+00   5.0084691E-01   1.5339455E-01   1.1650177E-01   1.5720111E-04  -5.1250797E-06
 -9.9554659E-06   5.5195955E-05   1.1974009E-06  -2.5455923E-04  -3.8264598E-04  -2.6171385E-03  -9.5933667E-04  -3.5330695E-04   1.0101410E-05   4.3334116E-01   8.2209288E-03   1.2715356E-01   6.3450984E+00  -1.1814491E+00  -6.4055752E-01  -9.0058574E-01  -2.2906294E-01   5.0084691E-01   3.1747577E+00   2.6871538E+00   2.7448989E+00  -1.7888170E-04  -4.6652804E-05
 -2.2936425E-05   9.5756997E-05  -3.5146445E-05  -7.5550934E-04   2.7311685E-03  -1.6753754E-02  -1.6584573E-03  -3.6011388E-04   1.1287223E-04  -5.8752605E+00   1.1879133E-01   2.7752887E+00  -1.2961561E+01   3.6260696E+00   5.7720849E+00   6.2893090E+00  -2.3202423E+00   1.5339455E-01   2.6871538E+00   1.0733796E+01   1.9111247E+01  -4.3551481E-05   3.9303898E-04
  1.4390005E-05   9.1705374E-05  -5.8637258E-05  -1.6503051E-03   9.6265278E-03  -3.7324376E-02  -1.5008326E-03   9.9297060E-04   9.5382520E-04  -3.3179271E+01   1.8301930E-01   3.5463265E+00  -2.5700458E+01   4.6456836E+00   1.0345597E+01   3.4498931E+01  -2.5759648E+00   1.1650177E-01   2.7448989E+00   1.9111247E+01   5.3014331E+01   3.5884736E-05   8.6985449E-04
  2.3892505E-09  -2.3015786E-08   2.0946207E-09   2.8671233E-08  -4.5872409E-07   3.8113769E-06   2.0210448E-07  -1.6457853E-08   1.7176410E-08  -1.9254660E-04   3.8497313E-06   1.0516407E-04   3.6609327E-03   6.9955785E-05   4.1308719E-04   4.2336336E-04  -8.7043999E-05   1.5720111E-04  -1.7888170E-04  -4.3551481E-05   3.5884736E-05   3.7005567E-07  -2.8909251E-09
 -4.8331712E-09  -8.6184044E-09  -6.9594225E-09  -1.6182406E-08   3.7434298E-07  -1.5936503E-06  -1.3069512E-07  -3.8648515E-08  -2.4975399E-08   7.5967661E-04  -1.1431791E-07  -3.4906249E-05   4.9490599E-04   1.7022440E-04  -3.1091044E-04  -1.3408413E-03  -1.4524044E-05  -5.1250797E-06  -4.6652804E-05   3.9303898E-04   8.6985449E-04  -2.8909251E-09   3.8748002E-07
