# omegabh2 omegach2 theta tau w logA ns calPlanck aps100 aps143 aps217 acib217 asz143 psr cibr xi aksz dust100 dust143 dust217 dust143x217 cal0 cal2
  4.0154440E-08  -1.1215328E-07   2.7947072E-08   3.1914433E-07   2.5217353E-06   5.0959110E-07   3.9696416E-07   1.5456151E-08  -6.0745642E-04  -4.7100950E-04   8.7214352E-05  -2.0649738E-04   2.2124499E-05   1.2210325E-06  -3.4495461E-06   2.1050399E-06  -3.7297703E-05   8.2072308E-07  -3.1930381E-07   8.7824807E-07  -4.7750787E-07   5.1166592E-09  -1.6645408E-08
 -1.1215328E-07   2.3371603E-06  -1.4886505E-07  -2.2714374E-06  -3.7356484E-05   1.0801601E-06  -5.1921787E-06  -4.5442379E-08   3.3355326E-04   1.1164202E-03   4.3429544E-04   1.3087518E-04  -6.3211676E-05   9.6975331E-07   1.5478929E-06   3.6323587E-06  -8.7529189E-06  -2.3056818E-06  -4.0450081E-06  -1.6758788E-06  -1.1592446E-06  -1.9418968E-08  -2.7165231E-08
  2.7947072E-08  -1.4886505E-07   1.8460681E-07   3.1669226E-07   4.7284043E-06   4.9896009E-07   6.0665398E-07   1.8456698E-08   6.3720129E-05  -8.6407206E-05  -5.7744496E-05  -9.4499314E-06   1.8079032E-05  -4.8360026E-07   1.9499195E-06  -1.4623045E-06  -3.0887177E-05   4.7163763E-07  -9.0781694E-08   9.7854635E-07   4.6698412E-07   1.0557581E-08   6.7123987E-09
  3.1914433E-07  -2.2714374E-06   3.1669226E-07   6.5157357E-05   4.4226913E-05   1.2466191E-04   9.3338247E-06  -6.0450917E-08  -1.3447989E-02  -7.0063331E-03   2.0758962E-03  -3.1095197E-03   5.3994761E-04   1.4936400E-05  -4.1135814E-05   4.0364892E-06  -1.1876783E-03   4.3706970E-06   8.3378231E-06   1.7418432E-05   9.7850809E-07  -8.1093941E-08  -2.3449776E-07
  2.5217353E-06  -3.7356484E-05   4.7284043E-06   4.4226913E-05   1.2445121E-03   3.9966415E-06   8.7422245E-05   1.6350508E-06  -3.6862765E-03  -2.2060405E-02  -5.0908059E-03  -4.7648701E-03   9.3066047E-04  -4.0283147E-06  -8.5853207E-05  -4.7750525E-05  -3.4176633E-04   4.1815943E-05   5.0660674E-05   2.5268281E-05  -2.2168962E-05   5.1334845E-07  -3.3602130E-07
  5.0959110E-07   1.0801601E-06   4.9896009E-07   1.2466191E-04   3.9966415E-06   2.8137921E-04   5.1574902E-06   1.2418710E-05  -2.0824402E-02  -9.7750370E-03   1.3770339E-02  -7.6352898E-03   8.8906984E-04   7.1902429E-05  -1.3205918E-04   1.2122804E-04  -3.5484916E-03  -1.6469265E-06  -9.3139733E-05   4.7806738E-05  -2.5877556E-05   5.0915454E-07  -6.6378155E-07
  3.9696416E-07  -5.1921787E-06   6.0665398E-07   9.3338247E-06   8.7422245E-05   5.1574902E-06   2.3012332E-05   3.7234415E-07  -2.4711509E-02  -9.6890152E-03   8.6911289E-03  -6.8730095E-03   6.1273821E-04   6.1066776E-05  -1.2105474E-04   4.2673263E-05  -1.9849632E-03   1.3461533E-05  -2.0593893E-05   3.5568501E-05  -8.1495244E-06  -3.5645817E-07  -3.5116285E-07
  1.5456151E-08  -4.5442379E-08   1.8456698E-08  -6.0450917E-08   1.6350508E-06   1.2418710E-05   3.7234415E-07   6.2245898E-06   3.4552078E-03   5.8375184E-04   1.5872542E-03   4.4054780E-04  -5.5151483E-05   4.6823319E-06   1.3437061E-06   2.5933153E-05  -8.0519537E-05   3.2750892E-06   2.6072031E-07   1.9260421E-06  -6.9305147E-06  -1.3874913E-09  -7.2435625E-08
 -6.0745642E-04   3.3355326E-04   6.3720129E-05  -1.3447989E-02  -3.6862765E-03  -2.0824402E-02  -2.4711509E-02   3.4552078E-03   6.1110516E+02   6.3322928E+01  -6.0394240E+01   3.3680032E+01  -2.5437829E+01  -8.7327177E-01   4.3078943E-03  -1.9840074E-01   1.1303381E+01  -1.3962853E-01   3.1164186E-01  -2.3984771E-01  -2.1094366E-01   6.2231181E-03   3.4679994E-03
 -4.7100950E-04   1.1164202E-03  -8.6407206E-05  -7.0063331E-03  -2.2060405E-02  -9.7750370E-03  -9.6890152E-03   5.8375184E-04   6.3322928E+01   6.9184774E+01   8.2245990E+00   7.9341977E+00  -5.6800769E-01  -8.1675502E-03   4.5794171E-01   8.8465283E-01  -8.1947305E+00  -2.5846395E-02  -2.2181379E-01   4.6761973E-02   6.7570737E-02   7.8284035E-04   9.4018633E-04
  8.7214352E-05   4.3429544E-04  -5.7744496E-05   2.0758962E-03  -5.0908059E-03   1.3770339E-02   8.6911289E-03   1.5872542E-03  -6.0394240E+01   8.2245990E+00   1.7591110E+02  -8.3904771E+01   2.2506092E+00   3.6997745E-01  -1.1035285E+00   3.8441812E-01  -6.9649619E+00  -4.2324611E-02  -2.8183707E-01   5.4430420E-01   1.9904333E-02   1.5249018E-03  -7.9527377E-03
 -2.0649738E-04   1.3087518E-04  -9.4499314E-06  -3.1095197E-03  -4.7648701E-03  -7.6352898E-03  -6.8730095E-03   4.4054780E-04   3.3680032E+01   7.9341977E+00  -8.3904771E+01   5.3158404E+01   1.9399834E+00  -6.1428564E-02   7.6762724E-01  -2.7375544E-01  -2.9926624E+00   1.3127330E-02   1.7270456E-01  -4.4921308E-01  -1.2548774E-01  -5.0949043E-04   3.2709128E-03
  2.2124499E-05  -6.3211676E-05   1.8079032E-05   5.3994761E-04   9.3066047E-04   8.8906984E-04   6.1273821E-04  -5.5151483E-05  -2.5437829E+01  -5.6800769E-01   2.2506092E+00   1.9399834E+00   4.3833775E+00   9.9998297E-02   1.5694014E-01  -4.1170298E-02  -3.5802689E+00  -4.1040660E-03  -1.3002732E-03   6.6320607E-03   5.2774296E-02   4.4880819E-04  -2.2685744E-04
  1.2210325E-06   9.6975331E-07  -4.8360026E-07   1.4936400E-05  -4.0283147E-06   7.1902429E-05   6.1066776E-05   4.6823319E-06  -8.7327177E-01  -8.1675502E-03   3.6997745E-01  -6.1428564E-02   9.9998297E-02   1.6504951E-02  -1.6551555E-02   1.2843184E-02  -1.0361760E-01  -3.8693763E-04  -1.4989907E-03  -2.5322249E-03   5.1925537E-03   1.6473894E-05  -3.7830536E-05
 -3.4495461E-06   1.5478929E-06   1.9499195E-06  -4.1135814E-05  -8.5853207E-05  -1.3205918E-04  -1.2105474E-04   1.3437061E-06   4.3078943E-03   4.5794171E-01  -1.1035285E+00   7.6762724E-01   1.5694014E-01  -1.6551555E-02   6.6933871E-02   2.7070975E-03  -1.6226271E-01   7.5818608E-04   7.7166928E-03  -2.2946670E-04  -1.7154914E-02  -4.9297589E-06   1.0223335E-04
  2.1050399E-06   3.6323587E-06  -1.4623045E-06   4.0364892E-06  -4.7750525E-05   1.2122804E-04   4.2673263E-05   2.5933153E-05  -1.9840074E-01   8.8465283E-01   3.8441812E-01  -2.7375544E-01  -4.1170298E-02   1.2843184E-02   2.7070975E-03   8.2525906E-02   3.5224733E-02  -1.8368090E-04   9.6799448E-05   1.2640357E-03   1.4866822E-03   1.7256792E-05  -4.2054556E-06
 -3.7297703E-05  -8.7529189E-06  -3.0887177E-05  -1.1876783E-03  -3.4176633E-04  -3.5484916E-03  -1.9849632E-03  -8.0519537E-05   1.1303381E+01  -8.1947305E+00  -6.9649619E+00  -2.9926624E+00  -3.5802689E+00  -1.0361760E-01  -1.6226271E-01   3.5224733E-02   7.5029509E+00   1.7494053E-03  -3.4757694E-03  -8.8209084E-04  -4.6858725E-02  -3.4715491E-04   5.3541381E-05
  8.2072308E-07  -2.3056818E-06   4.7163763E-07   4.3706970E-06   4.1815943E-05  -1.6469265E-06   1.3461533E-05   3.2750892E-06  -1.3962853E-01  -2.5846395E-02  -4.2324611E-02   1.3127330E-02  -4.1040660E-03  -3.8693763E-04   7.5818608E-04  -1.8368090E-04   1.7494053E-03   3.7807088E-02   2.7100730E-03   1.4460798E-06   4.3290648E-04   3.9360834E-05  -1.7224118E-06
 -3.1930381E-07  -4.0450081E-06  -9.0781694E-08   8.3378231E-06   5.0660674E-05  -9.3139733E-05  -2.0593893E-05   2.6072031E-07   3.1164186E-01  -2.2181379E-01  -2.8183707E-01   1.7270456E-01  -1.3002732E-03  -1.4989907E-03   7.7166928E-03   9.6799448E-05  -3.4757694E-03   2.7100730E-03   3.1043748E-02  -5.7953166E-04   5.1970744E-03  -8.0090980E-05  -4.1173760E-05
  8.7824807E-07  -1.6758788E-06   9.7854635E-07   1.7418432E-05   2.5268281E-05   4.7806738E-05   3.5568501E-05   1.9260421E-06  -2.3984771E-01   4.6761973E-02   5.4430420E-01  -4.4921308E-01   6.6320607E-03  -2.5322249E-03  -2.2946670E-04   1.2640357E-03  -8.8209084E-04   1.4460798E-06  -5.7953166E-04   1.0605900E-02   8.4941226E-03   3.6651579E-06   6.3312002E-05
 -4.7750787E-07  -1.1592446E-06   4.6698412E-07   9.7850809E-07  -2.2168962E-05  -2.5877556E-05  -8.1495244E-06  -6.9305147E-06  -2.1094366E-01   6.7570737E-02   1.9904333E-02  -1.2548774E-01   5.2774296E-02   5.1925537E-03  -1.7154914E-02   1.4866822E-03  -4.6858725E-02   4.3290648E-04   5.1970744E-03   8.4941226E-03   2.6056512E-02  -2.7316474E-06   5.6652185E-05
  5.1166592E-09  -1.9418968E-08   1.0557581E-08  -8.1093941E-08   5.1334845E-07   5.0915454E-07  -3.5645817E-07  -1.3874913E-09   6.2231181E-03   7.8284035E-04   1.5249018E-03  -5.0949043E-04   4.4880819E-04   1.6473894E-05  -4.9297589E-06   1.7256792E-05  -3.4715491E-04   3.9360834E-05  -8.0090980E-05   3.6651579E-06  -2.7316474E-06   1.1229356E-06   5.2277682E-08
 -1.6645408E-08  -2.7165231E-08   6.7123987E-09  -2.3449776E-07  -3.3602130E-07  -6.6378155E-07  -3.5116285E-07  -7.2435625E-08   3.4679994E-03   9.4018633E-04  -7.9527377E-03   3.2709128E-03  -2.2685744E-04  -3.7830536E-05   1.0223335E-04  -4.2054556E-06   5.3541381E-05  -1.7224118E-06  -4.1173760E-05   6.3312002E-05   5.6652185E-05   5.2277682E-08   2.5087567E-06
