# omegabh2 omegach2 theta tau logA ns calPlanck aps100 aps143 aps217 acib217 asz143 psr cibr xi aksz dust100 dust143 dust217 dust143x217 cal0 cal2
  7.2788404E-08  -4.5671456E-07   7.7729400E-08   5.2298404E-06   9.5139906E-06   1.5216094E-06   2.4443059E-08  -1.5368747E-03  -9.8819519E-04   2.5677872E-04  -4.4004704E-04   6.2658378E-05   3.7847761E-06  -7.3564782E-06   2.8689803E-06  -1.2412963E-04   2.0800497E-07  -1.4418482E-06   2.2213953E-06  -1.2529959E-06   4.1274710E-09  -2.7215962E-08
 -4.5671456E-07   6.3984037E-06  -7.2631152E-07  -5.1291733E-05  -8.7362625E-05  -1.7653682E-05  -1.5817966E-07   8.2442067E-03   6.2857377E-03  -8.9555161E-04   2.5201058E-03  -2.7508402E-04  -1.7608383E-05   4.5253617E-05  -1.5713223E-05   5.9621017E-04   2.4561553E-06   6.1374502E-06  -1.1272060E-05   8.9535626E-06  -5.0050703E-08   1.9001327E-07
  7.7729400E-08  -7.2631152E-07   2.7213382E-07   7.2675542E-06   1.3037693E-05   2.3903900E-06   3.4480760E-08  -1.1449343E-03  -8.8321385E-04   1.5592350E-04  -3.8482967E-04   2.9376825E-05   2.5495100E-06  -7.2872840E-06   1.5330516E-06  -8.1737790E-05   3.3096926E-07  -1.6142782E-06   1.9805679E-06  -1.2747259E-06   2.6792492E-09  -1.7817508E-08
  5.2298404E-06  -5.1291733E-05   7.2675542E-06   1.0057797E-03   1.8803030E-03   1.8452398E-04  -2.0819250E-06  -1.8097485E-01  -9.7904998E-02   4.2705512E-02  -5.2046234E-02   5.5151823E-03   4.4555420E-04  -9.3574404E-04   3.5122116E-04  -1.5239698E-02  -1.3521869E-04  -3.3953298E-04   1.9199526E-04  -2.3694661E-04  -3.7231666E-08  -4.1920667E-06
  9.5139906E-06  -8.7362625E-05   1.3037693E-05   1.8803030E-03   3.5631731E-03   3.2520124E-04   7.7262784E-06  -3.3775035E-01  -1.7969064E-01   9.0706506E-02  -9.9180267E-02   1.0475570E-02   8.7277826E-04  -1.8195928E-03   6.8854899E-04  -3.0025506E-02  -2.6305451E-04  -7.5566603E-04   3.7942700E-04  -4.6312564E-04   4.8158142E-07  -7.9344141E-06
  1.5216094E-06  -1.7653682E-05   2.3903900E-06   1.8452398E-04   3.2520124E-04   6.2915043E-05   3.9404608E-07  -5.4486011E-02  -2.7677429E-02   1.3364116E-02  -1.4912526E-02   1.5302145E-03   1.3774133E-04  -2.6663593E-04   1.2011840E-04  -4.3995644E-03   2.5828186E-06  -6.0332205E-05   6.7715967E-05  -5.2078304E-05  -3.2474885E-07  -9.9546897E-07
  2.4443059E-08  -1.5817966E-07   3.4480760E-08  -2.0819250E-06   7.7262784E-06   3.9404608E-07   6.0805082E-06   2.6129546E-03   2.1290624E-04   1.1748453E-03   6.3142853E-04   1.3100785E-05  -2.1627500E-06  -9.0238649E-07  -7.6150620E-06  -3.5131401E-05   6.3620332E-06   4.2458955E-06   4.1061994E-06   7.1777989E-07  -1.0357115E-08  -3.7757038E-08
 -1.5368747E-03   8.2442067E-03  -1.1449343E-03  -1.8097485E-01  -3.3775035E-01  -5.4486011E-02   2.6129546E-03   6.4188322E+02   7.6104246E+01  -6.4932982E+01   4.0462145E+01  -2.6268155E+01  -1.0713197E+00   7.2115643E-02  -4.3704693E-01   1.4879848E+01  -1.7412467E-01   2.9644391E-01  -2.8652116E-01  -1.7962065E-01   7.0361917E-03   3.7037762E-03
 -9.8819519E-04   6.2857377E-03  -8.8321385E-04  -9.7904998E-02  -1.7969064E-01  -2.7677429E-02   2.1290624E-04   7.6104246E+01   7.7787713E+01   5.8673725E+00   1.0990915E+01  -1.4113883E+00  -1.1866000E-01   5.2019703E-01   8.8051094E-01  -6.0553093E+00  -3.6016533E-02  -2.0442289E-01   3.3015897E-02   9.0867532E-02   7.6424167E-04   1.0452519E-03
  2.5677872E-04  -8.9555161E-04   1.5592350E-04   4.2705512E-02   9.0706506E-02   1.3364116E-02   1.1748453E-03  -6.4932982E+01   5.8673725E+00   1.7182591E+02  -8.2234149E+01   2.8206371E+00   3.3240482E-01  -1.0768502E+00   3.8593555E-01  -7.9423150E+00  -1.8993036E-02  -2.7104098E-01   5.5930726E-01  -3.4735850E-02   1.5144498E-03  -7.3336758E-03
 -4.4004704E-04   2.5201058E-03  -3.8482967E-04  -5.2046234E-02  -9.9180267E-02  -1.4912526E-02   6.3142853E-04   4.0462145E+01   1.0990915E+01  -8.2234149E+01   5.2688386E+01   1.1988194E+00  -5.7368106E-02   7.6700315E-01  -2.9184135E-01  -1.5014202E+00   6.3989054E-04   1.7438942E-01  -4.6007461E-01  -9.2933582E-02  -5.3566544E-04   2.9877560E-03
  6.2658378E-05  -2.7508402E-04   2.9376825E-05   5.5151823E-03   1.0475570E-02   1.5302145E-03   1.3100785E-05  -2.6268155E+01  -1.4113883E+00   2.8206371E+00   1.1988194E+00   4.2718733E+00   1.1345331E-01   1.4157341E-01  -2.8860830E-02  -3.4340314E+00  -9.8945219E-03  -4.6724099E-03   8.8269183E-03   5.2512085E-02   4.0168430E-04  -2.8786148E-04
  3.7847761E-06  -1.7608383E-05   2.5495100E-06   4.4555420E-04   8.7277826E-04   1.3774133E-04  -2.1627500E-06  -1.0713197E+00  -1.1866000E-01   3.3240482E-01  -5.7368106E-02   1.1345331E-01   1.8090649E-02  -1.7713971E-02   1.1514881E-02  -1.0934469E-01  -5.0364395E-04  -1.6331120E-03  -2.6751179E-03   4.9905647E-03   1.6380695E-05  -3.6022463E-05
 -7.3564782E-06   4.5253617E-05  -7.2872840E-06  -9.3574404E-04  -1.8195928E-03  -2.6663593E-04  -9.0238649E-07   7.2115643E-02   5.2019703E-01  -1.0768502E+00   7.6700315E-01   1.4157341E-01  -1.7713971E-02   7.0957367E-02   4.5566508E-03  -1.3386109E-01   7.8188848E-04   8.3707126E-03  -9.9595489E-04  -1.7737375E-02  -1.1211948E-05   8.9481500E-05
  2.8689803E-06  -1.5713223E-05   1.5330516E-06   3.5122116E-04   6.8854899E-04   1.2011840E-04  -7.6150620E-06  -4.3704693E-01   8.8051094E-01   3.8593555E-01  -2.9184135E-01  -2.8860830E-02   1.1514881E-02   4.5566508E-03   8.2180589E-02   2.3136070E-02  -1.5721856E-04  -8.2827528E-05   1.7838213E-03   1.0985427E-03   1.1320573E-05  -2.3397929E-06
 -1.2412963E-04   5.9621017E-04  -8.1737790E-05  -1.5239698E-02  -3.0025506E-02  -4.3995644E-03  -3.5131401E-05   1.4879848E+01  -6.0553093E+00  -7.9423150E+00  -1.5014202E+00  -3.4340314E+00  -1.0934469E-01  -1.3386109E-01   2.3136070E-02   7.2594396E+00   4.8853509E-03   2.7926228E-03  -6.6803495E-03  -4.2431378E-02  -2.9634382E-04   1.6672541E-04
  2.0800497E-07   2.4561553E-06   3.3096926E-07  -1.3521869E-04  -2.6305451E-04   2.5828186E-06   6.3620332E-06  -1.7412467E-01  -3.6016533E-02  -1.8993036E-02   6.3989054E-04  -9.8945219E-03  -5.0364395E-04   7.8188848E-04  -1.5721856E-04   4.8853509E-03   3.8557535E-02   3.1363793E-03   2.8289527E-04   3.3003883E-04   3.5927241E-05   1.2036813E-06
 -1.4418482E-06   6.1374502E-06  -1.6142782E-06  -3.3953298E-04  -7.5566603E-04  -6.0332205E-05   4.2458955E-06   2.9644391E-01  -2.0442289E-01  -2.7104098E-01   1.7438942E-01  -4.6724099E-03  -1.6331120E-03   8.3707126E-03  -8.2827528E-05   2.7926228E-03   3.1363793E-03   3.1673551E-02  -7.1042180E-04   5.3561548E-03  -8.3033680E-05  -4.4322118E-05
  2.2213953E-06  -1.1272060E-05   1.9805679E-06   1.9199526E-04   3.7942700E-04   6.7715967E-05   4.1061994E-06  -2.8652116E-01   3.3015897E-02   5.5930726E-01  -4.6007461E-01   8.8269183E-03  -2.6751179E-03  -9.9595489E-04   1.7838213E-03  -6.6803495E-03   2.8289527E-04  -7.1042180E-04   1.0787923E-02   8.5780166E-03   4.0833290E-06   6.2923542E-05
 -1.2529959E-06   8.9535626E-06  -1.2747259E-06  -2.3694661E-04  -4.6312564E-04  -5.2078304E-05   7.1777989E-07  -1.7962065E-01   9.0867532E-02  -3.4735850E-02  -9.2933582E-02   5.2512085E-02   4.9905647E-03  -1.7737375E-02   1.0985427E-03  -4.2431378E-02   3.3003883E-04   5.3561548E-03   8.5780166E-03   2.6546472E-02  -4.0062927E-06   6.1784850E-05
  4.1274710E-09  -5.0050703E-08   2.6792492E-09  -3.7231666E-08   4.8158142E-07  -3.2474885E-07  -1.0357115E-08   7.0361917E-03   7.6424167E-04   1.5144498E-03  -5.3566544E-04   4.0168430E-04   1.6380695E-05  -1.1211948E-05   1.1320573E-05  -2.9634382E-04   3.5927241E-05  -8.3033680E-05   4.0833290E-06  -4.0062927E-06   1.1260270E-06   7.0373510E-08
 -2.7215962E-08   1.9001327E-07  -1.7817508E-08  -4.1920667E-06  -7.9344141E-06  -9.9546897E-07  -3.7757038E-08   3.7037762E-03   1.0452519E-03  -7.3336758E-03   2.9877560E-03  -2.8786148E-04  -3.6022463E-05   8.9481500E-05  -2.3397929E-06   1.6672541E-04   1.2036813E-06  -4.4322118E-05   6.2923542E-05   6.1784850E-05   7.0373510E-08   2.4399614E-06
