# omegabh2 omegach2 theta tau meffsterile nnu logA ns calPlanck acib217 xi asz143 aps100 aps143 aps143217 aps217 aksz kgal100 kgal143 kgal143217 kgal217 cal0 cal2
  4.7506877E-08   5.2413070E-08   2.2017120E-08   4.3675180E-07  -5.1928006E-06   8.3487136E-06   1.0695338E-06   7.6265805E-07   5.1526394E-08  -7.0325764E-05   1.3538111E-06   3.0947749E-05  -4.9934042E-04  -3.6982548E-04  -1.5707780E-04  -1.0292416E-04  -3.8549837E-05   1.3968096E-05  -1.6718927E-06  -1.3724018E-05   9.8318754E-06   1.2251573E-09  -2.2614727E-11
  5.2413070E-08   1.4556347E-05  -7.9676811E-07  -2.5260297E-06  -4.8764197E-04   3.6033655E-04   1.2770027E-05   9.1692390E-06  -2.3561874E-07   2.7869331E-03  -4.9514484E-05  -5.9400977E-04   1.2489444E-02   5.2467986E-03   7.0640894E-04  -1.7415286E-03   1.2853072E-03   1.9678233E-04   3.6351147E-04   2.3093034E-04  -6.0054915E-04  -6.3700805E-09   5.5119920E-08
  2.2017120E-08  -7.9676811E-07   2.5235414E-07   4.6701296E-07  -6.3901949E-06  -2.7850023E-05  -2.8446871E-07   4.7547881E-08   6.6651471E-08  -1.7693904E-04   3.8916513E-06   2.9970032E-05  -7.8561678E-04  -5.5099450E-04  -2.6366960E-04  -8.1242779E-05  -7.5201961E-05   3.4708873E-06  -1.9490843E-05  -2.3531701E-05   3.3479778E-05   1.8110585E-09  -1.0883834E-10
  4.3675180E-07  -2.5260297E-06   4.6701296E-07   4.5836398E-05  -7.9033701E-05   1.0099962E-04   8.3990816E-05   1.7801056E-05   3.2418333E-08  -1.1356782E-03   1.2800121E-05   3.3914547E-04  -7.8116058E-03  -4.2550317E-03  -2.3044290E-03  -1.3474016E-03  -5.0495035E-04   3.1086699E-04  -6.5917028E-05  -5.2704670E-05   4.2027915E-04   6.2848213E-08   2.7029082E-09
 -5.1928006E-06  -4.8764197E-04  -6.3901949E-06  -7.9033701E-05   6.4809903E-02  -1.7611817E-03  -8.7718128E-05  -8.5903663E-04  -1.5254370E-06  -2.6019295E-02   1.2132151E-03   3.6223753E-03  -4.2103726E-02   2.0065576E-01   2.2220744E-01   2.2053045E-01  -2.0995673E-02  -1.1737138E-02  -1.0562949E-02   2.7453153E-03   1.1873492E-02  -1.6996977E-06   3.8504863E-07
  8.3487136E-06   3.6033655E-04  -2.7850023E-05   1.0099962E-04  -1.7611817E-03   1.7017370E-02   8.3467028E-04   5.3249265E-04   7.0452102E-06   9.8327862E-02  -1.2805450E-03  -2.1752322E-02   4.5756397E-01   2.4251294E-01   8.0235326E-02  -1.5393580E-02   4.4169965E-02   7.3562474E-03   7.8203729E-03   6.9947812E-03  -1.9441159E-02   1.6647202E-06   2.3864423E-06
  1.0695338E-06   1.2770027E-05  -2.8446871E-07   8.3990816E-05  -8.7718128E-05   8.3467028E-04   2.1282177E-04   4.1443260E-05   1.1672951E-05   2.0265125E-03   7.7208134E-06  -3.3733393E-04   8.5464698E-03   4.7573637E-03   2.4141358E-03   3.0327881E-03   3.1792310E-05   5.4178501E-04  -1.4307487E-04  -2.4356530E-04   1.2404222E-03   1.9138245E-07   1.2696503E-07
  7.6265805E-07   9.1692390E-06   4.7547881E-08   1.7801056E-05  -8.5903663E-04   5.3249265E-04   4.1443260E-05   5.3897860E-05   1.5825068E-06  -1.8903689E-03   5.3952928E-05   5.5176559E-04  -1.4504774E-02  -4.9763331E-03   1.5303408E-04   1.4109012E-03  -1.3560048E-03   1.0037179E-03  -1.2304235E-04  -2.5175619E-04   9.2560476E-04   8.8035849E-08   6.3458807E-09
  5.1526394E-08  -2.3561874E-07   6.6651471E-08   3.2418333E-08  -1.5254370E-06   7.0452102E-06   1.1672951E-05   1.5825068E-06   6.2403540E-06   6.6747074E-04  -2.2192054E-06  -4.7324923E-06   3.5236145E-03   4.5589848E-04   3.5969483E-04   1.3995171E-03  -9.2506457E-05   5.3513616E-05   4.1641971E-05  -2.4152765E-05   7.5959537E-04  -2.7880705E-08   7.6305432E-09
 -7.0325764E-05   2.7869331E-03  -1.7693904E-04  -1.1356782E-03  -2.6019295E-02   9.8327862E-02   2.0265125E-03  -1.8903689E-03   6.6747074E-04   4.5535126E+01  -4.0964969E-01  -9.2619474E-01   3.5397644E+01   3.0339479E+00  -1.3019257E+01  -5.5401642E+01  -1.5989887E-03   3.4275469E-03   3.9248524E-01  -6.1474360E+00  -3.4240280E+01  -3.1270432E-04   6.5929189E-04
  1.3538111E-06  -4.9514484E-05   3.8916513E-06   1.2800121E-05   1.2132151E-03  -1.2805450E-03   7.7208134E-06   5.3952928E-05  -2.2192054E-06  -4.0964969E-01   8.2311422E-02  -5.2405443E-02  -4.9966622E-01   8.5711519E-01   1.5892552E+00   6.4459276E-01   4.9822304E-02  -1.5304920E-03   1.1741029E-02   9.6106302E-02   1.4681600E-01   2.3886957E-06  -6.8094703E-08
  3.0947749E-05  -5.9400977E-04   2.9970032E-05   3.3914547E-04   3.6223753E-03  -2.1752322E-02  -3.3733393E-04   5.5176559E-04  -4.7324923E-06  -9.2619474E-01  -5.2405443E-02   4.1215543E+00  -3.2206791E+01  -3.5671713E+00   8.1564326E+00   5.6571138E+00  -3.1952766E+00  -2.4231156E-01   1.9599098E-01   2.8839779E+00   3.6436028E+00   1.0704200E-04  -2.8584932E-05
 -4.9934042E-04   1.2489444E-02  -7.8561678E-04  -7.8116058E-03  -4.2103726E-02   4.5756397E-01   8.5464698E-03  -1.4504774E-02   3.5236145E-03   3.5397644E+01  -4.9966622E-01  -3.2206791E+01   8.0527116E+02   8.1568394E+01  -4.9822549E+01  -5.3408222E+01   1.6727153E+01  -6.3694313E+00   5.6022123E+00  -1.3353379E+01  -2.5547677E+01   3.6745174E-03   2.5883240E-04
 -3.6982548E-04   5.2467986E-03  -5.5099450E-04  -4.2550317E-03   2.0065576E-01   2.4251294E-01   4.7573637E-03  -4.9763331E-03   4.5589848E-04   3.0339479E+00   8.5711519E-01  -3.5671713E+00   8.1568394E+01   6.8828102E+01   4.3509370E+01   1.8959010E+01  -4.7270725E+00  -4.7490894E-01  -1.1452771E+00   4.0749583E+00   4.9856355E+00   1.6737921E-04   1.6428790E-04
 -1.5707780E-04   7.0640894E-04  -2.6366960E-04  -2.3044290E-03   2.2220744E-01   8.0235326E-02   2.4141358E-03   1.5303408E-04   3.5969483E-04  -1.3019257E+01   1.5892552E+00   8.1564326E+00  -4.9822549E+01   4.3509370E+01   8.7424181E+01   5.7798892E+01  -1.3187064E+01  -8.8546759E-01  -3.2406336E-01   6.0412674E+00   1.0160655E+01   5.0332519E-04  -3.1038061E-04
 -1.0292416E-04  -1.7415286E-03  -8.1242779E-05  -1.3474016E-03   2.2053045E-01  -1.5393580E-02   3.0327881E-03   1.4109012E-03   1.3995171E-03  -5.5401642E+01   6.4459276E-01   5.6571138E+00  -5.3408222E+01   1.8959010E+01   5.7798892E+01   1.0828804E+02  -1.0465191E+01  -5.5628861E-01  -6.9867159E-01   6.6572976E+00   3.5174541E+01   6.6023173E-04  -1.2649624E-03
 -3.8549837E-05   1.2853072E-03  -7.5201961E-05  -5.0495035E-04  -2.0995673E-02   4.4169965E-02   3.1792310E-05  -1.3560048E-03  -9.2506457E-05  -1.5989887E-03   4.9822304E-02  -3.1952766E+00   1.6727153E+01  -4.7270725E+00  -1.3187064E+01  -1.0465191E+01   6.8796488E+00   1.1525355E-01  -2.6124044E-01  -2.4363973E+00  -2.7779596E+00  -9.2767162E-05   1.4269946E-06
  1.3968096E-05   1.9678233E-04   3.4708873E-06   3.1086699E-04  -1.1737138E-02   7.3562474E-03   5.4178501E-04   1.0037179E-03   5.3513616E-05   3.4275469E-03  -1.5304920E-03  -2.4231156E-01  -6.3694313E+00  -4.7490894E-01  -8.8546759E-01  -5.5628861E-01   1.1525355E-01   3.4118536E+00   5.7731059E-01   1.6678503E-01   2.3479479E-01   1.6961283E-04  -9.8232382E-07
 -1.6718927E-06   3.6351147E-04  -1.9490843E-05  -6.5917028E-05  -1.0562949E-02   7.8203729E-03  -1.4307487E-04  -1.2304235E-04   4.1641971E-05   3.9248524E-01   1.1741029E-02   1.9599098E-01   5.6022123E+00  -1.1452771E+00  -3.2406336E-01  -6.9867159E-01  -2.6124044E-01   5.7731059E-01   3.1983658E+00   2.6962228E+00   2.7075822E+00  -1.8468170E-04  -5.9554478E-05
 -1.3724018E-05   2.3093034E-04  -2.3531701E-05  -5.2704670E-05   2.7453153E-03   6.9947812E-03  -2.4356530E-04  -2.5175619E-04  -2.4152765E-05  -6.1474360E+00   9.6106302E-02   2.8839779E+00  -1.3353379E+01   4.0749583E+00   6.0412674E+00   6.6572976E+00  -2.4363973E+00   1.6678503E-01   2.6962228E+00   1.0993372E+01   1.9783321E+01  -4.1338479E-06   4.1760005E-04
  9.8318754E-06  -6.0054915E-04   3.3479778E-05   4.2027915E-04   1.1873492E-02  -1.9441159E-02   1.2404222E-03   9.2560476E-04   7.5959537E-04  -3.4240280E+01   1.4681600E-01   3.6436028E+00  -2.5547677E+01   4.9856355E+00   1.0160655E+01   3.5174541E+01  -2.7779596E+00   2.3479479E-01   2.7075822E+00   1.9783321E+01   5.4926075E+01   1.8831523E-04   9.9344584E-04
  1.2251573E-09  -6.3700805E-09   1.8110585E-09   6.2848213E-08  -1.6996977E-06   1.6647202E-06   1.9138245E-07   8.8035849E-08  -2.7880705E-08  -3.1270432E-04   2.3886957E-06   1.0704200E-04   3.6745174E-03   1.6737921E-04   5.0332519E-04   6.6023173E-04  -9.2767162E-05   1.6961283E-04  -1.8468170E-04  -4.1338479E-06   1.8831523E-04   3.7112023E-07   2.0834877E-09
 -2.2614727E-11   5.5119920E-08  -1.0883834E-10   2.7029082E-09   3.8504863E-07   2.3864423E-06   1.2696503E-07   6.3458807E-09   7.6305432E-09   6.5929189E-04  -6.8094703E-08  -2.8584932E-05   2.5883240E-04   1.6428790E-04  -3.1038061E-04  -1.2649624E-03   1.4269946E-06  -9.8232382E-07  -5.9554478E-05   4.1760005E-04   9.9344584E-04   2.0834877E-09   3.8930263E-07
