# omegabh2 omegach2 theta tau logA ns nrun calPlanck aps100 aps143 aps217 acib217 asz143 psr cibr xi aksz dust100 dust143 dust217 dust143x217 cal0 cal2 calTE calEE
  2.6291738E-08  -9.6099679E-08   1.6405423E-08   2.6407249E-07   4.4003098E-07   2.6243070E-07  -2.0998024E-07   1.8579013E-08  -2.3168729E-04  -2.2621130E-04  -1.3528616E-05  -7.1750777E-05   1.7411676E-05   1.1546980E-07  -6.7678175E-07  -1.7512059E-07  -1.7037570E-05   3.7171425E-07  -1.7238915E-08   6.1184431E-07   1.3111429E-07   4.8079069E-09  -2.3527005E-09  -1.0465753E-07  -2.5676755E-07
 -9.6099679E-08   1.8739956E-06  -1.4768374E-07  -1.5336663E-06   1.7197323E-06  -4.6191149E-06  -1.8023742E-06  -5.2862562E-08   1.9251763E-03   1.6101533E-03  -3.4808669E-04   6.7009903E-04  -1.1457894E-04  -2.7888229E-06   8.1276370E-06   2.9573943E-07   1.6832103E-04  -1.9268588E-06   3.2350768E-06  -3.4419991E-06   1.2832261E-06  -3.8761243E-08   4.7296751E-08  -6.0759962E-07  -8.1867855E-07
  1.6405423E-08  -1.4768374E-07   9.5419790E-08   1.6430443E-07   6.6469302E-08   4.8895257E-07   1.3003976E-07   1.6231116E-08  -1.5403285E-04  -1.3245389E-04   1.5446216E-05  -4.8636011E-05   1.2783807E-05  -3.4371407E-07   4.9843282E-07  -3.6033990E-07  -2.1079156E-05   3.4921941E-07   8.7999719E-08   5.3334860E-07  -5.3683891E-07   1.3287490E-09  -6.1580738E-10  -1.3788184E-08   4.4960778E-08
  2.6407249E-07  -1.5336663E-06   1.6430443E-07   4.6499590E-05   9.0533501E-05   4.5181450E-06  -7.9274867E-06  -2.5081236E-07  -3.7259262E-03  -1.9567102E-03  -5.0261474E-05  -8.6794547E-04   1.5028371E-05   1.3297559E-06  -1.4971497E-05   2.1797882E-05   1.0408523E-04   7.6140937E-06  -3.3372618E-06   2.7733040E-06   2.4680226E-06   2.4281904E-08  -8.5096667E-08  -3.0836405E-06  -2.5757253E-06
  4.4003098E-07   1.7197323E-06   6.6469302E-08   9.0533501E-05   2.1958076E-04  -6.2489453E-06  -3.1632708E-05   1.1818219E-05   1.2415308E-02   5.6470469E-03   4.1597221E-03   1.3531181E-03  -4.9812912E-04   3.8872813E-06  -1.6747616E-05   6.0572086E-05   3.7926639E-04   6.2658928E-06  -8.8190176E-05  -1.7799105E-06  -1.3409862E-05   7.5701412E-07  -2.3554319E-08  -8.5040270E-06  -5.1353214E-06
  2.6243070E-07  -4.6191149E-06   4.8895257E-07   4.5181450E-06  -6.2489453E-06   2.2939669E-05   1.2641686E-05   1.4883960E-07  -3.3208979E-02  -1.2477580E-02   1.1675166E-02  -9.3096841E-03   1.0669443E-03   8.4309376E-05  -1.4581187E-04   7.7025549E-05  -2.7572817E-03   1.6101502E-06  -4.2890135E-05   5.1481686E-05  -1.2274369E-05  -3.4064381E-07  -5.3803306E-07   1.4506595E-06  -1.7789456E-06
 -2.0998024E-07  -1.8023742E-06   1.3003976E-07  -7.9274867E-06  -3.1632708E-05   1.2641686E-05   4.6060035E-05  -6.4906151E-07  -3.6510261E-02  -1.6227596E-02   1.3995158E-02  -1.1673399E-02   1.1712855E-03   1.0624576E-04  -2.1705226E-04   9.0491234E-05  -3.0243338E-03  -4.5987632E-05  -4.2183494E-05   5.1284864E-05  -1.7335124E-05  -3.9247935E-07  -9.3271205E-07   3.7207248E-06   1.4603979E-06
  1.8579013E-08  -5.2862562E-08   1.6231116E-08  -2.5081236E-07   1.1818219E-05   1.4883960E-07  -6.4906151E-07   6.1178250E-06   3.8957898E-03   8.3860236E-04   1.5137089E-03   5.4078049E-04  -3.8759209E-05  -5.4393805E-07   1.3393589E-06   7.9301970E-07   9.0603771E-06   6.4686347E-07  -2.4018262E-06   3.4787145E-06  -3.6583393E-06   2.4012313E-08  -7.3933423E-08  -2.8823904E-07  -1.3011629E-07
 -2.3168729E-04   1.9251763E-03  -1.5403285E-04  -3.7259262E-03   1.2415308E-02  -3.3208979E-02  -3.6510261E-02   3.8957898E-03   6.3617578E+02   7.0065125E+01  -6.7808022E+01   4.0856936E+01  -2.5671893E+01  -9.0170812E-01   8.3915936E-02  -2.9148585E-01   1.3193404E+01  -1.9501206E-01   2.7206391E-01  -3.1335549E-01  -2.3085279E-01   7.2098454E-03   3.7313292E-03  -7.6810946E-04   8.4836271E-03
 -2.2621130E-04   1.6101533E-03  -1.3245389E-04  -1.9567102E-03   5.6470469E-03  -1.2477580E-02  -1.6227596E-02   8.3860236E-04   7.0065125E+01   7.2793833E+01   5.1576738E+00   1.0493238E+01  -8.4549841E-01  -3.4739446E-02   5.1797939E-01   8.8885293E-01  -7.3175863E+00   1.4297410E-02  -2.2001549E-01   2.7815544E-02   6.3458988E-02   8.8199537E-04   9.9526825E-04   6.6503778E-04   4.4816940E-03
 -1.3528616E-05  -3.4808669E-04   1.5446216E-05  -5.0261474E-05   4.1597221E-03   1.1675166E-02   1.3995158E-02   1.5137089E-03  -6.7808022E+01   5.1576738E+00   1.8132896E+02  -8.6544176E+01   2.9643046E+00   4.2060080E-01  -1.1464688E+00   4.5781532E-01  -8.0248370E+00  -4.6315263E-02  -2.9688687E-01   5.6065367E-01   9.5588075E-03   1.4255384E-03  -8.1156789E-03   4.6074520E-03   4.1995439E-03
 -7.1750777E-05   6.7009903E-04  -4.8636011E-05  -8.6794547E-04   1.3531181E-03  -9.3096841E-03  -1.1673399E-02   5.4078049E-04   4.0856936E+01   1.0493238E+01  -8.6544176E+01   5.4279562E+01   1.3029330E+00  -9.3288973E-02   7.7826417E-01  -3.1044402E-01  -1.9580965E+00   3.8736152E-02   1.7638086E-01  -4.5577171E-01  -1.1524585E-01  -3.4073716E-04   3.3573441E-03  -1.9976783E-03  -4.1072603E-04
  1.7411676E-05  -1.1457894E-04   1.2783807E-05   1.5028371E-05  -4.9812912E-04   1.0669443E-03   1.1712855E-03  -3.8759209E-05  -2.5671893E+01  -8.4549841E-01   2.9643046E+00   1.3029330E+00   4.4028800E+00   1.0270307E-01   1.4694711E-01  -4.7770171E-02  -3.6531922E+00  -4.4697109E-03  -6.0702824E-03   1.2576187E-02   5.6372041E-02   4.7672890E-04  -2.5447087E-04  -1.3892208E-04  -4.1804534E-04
  1.1546980E-07  -2.7888229E-06  -3.4371407E-07   1.3297559E-06   3.8872813E-06   8.4309376E-05   1.0624576E-04  -5.4393805E-07  -9.0170812E-01  -3.4739446E-02   4.2060080E-01  -9.3288973E-02   1.0270307E-01   1.6598276E-02  -1.7310048E-02   1.2147647E-02  -1.1190852E-01  -5.5798409E-04  -1.6257640E-03  -2.3297095E-03   5.2052990E-03   1.7442874E-05  -4.1283525E-05   3.4205031E-05   1.5642806E-05
 -6.7678175E-07   8.1276370E-06   4.9843282E-07  -1.4971497E-05  -1.6747616E-05  -1.4581187E-04  -2.1705226E-04   1.3393589E-06   8.3915936E-02   5.1797939E-01  -1.1464688E+00   7.7826417E-01   1.4694711E-01  -1.7310048E-02   6.7956474E-02   2.9765731E-03  -1.4117344E-01   1.5718594E-03   7.6198400E-03  -4.5505342E-04  -1.7126489E-02  -4.1129687E-06   9.5687294E-05  -7.4096412E-05  -4.0445131E-05
 -1.7512059E-07   2.9573943E-07  -3.6033990E-07   2.1797882E-05   6.0572086E-05   7.7025549E-05   9.0491234E-05   7.9301970E-07  -2.9148585E-01   8.8885293E-01   4.5781532E-01  -3.1044402E-01  -4.7770171E-02   1.2147647E-02   2.9765731E-03   8.2762279E-02   3.0726256E-02  -2.0464527E-04   3.3994950E-04   1.2588279E-03   8.2190186E-04   8.0178763E-06  -1.4661334E-05   2.3282967E-05   1.6199146E-05
 -1.7037570E-05   1.6832103E-04  -2.1079156E-05   1.0408523E-04   3.7926639E-04  -2.7572817E-03  -3.0243338E-03   9.0603771E-06   1.3193404E+01  -7.3175863E+00  -8.0248370E+00  -1.9580965E+00  -3.6531922E+00  -1.1190852E-01  -1.4117344E-01   3.0726256E-02   7.4828073E+00  -9.9832186E-04  -4.0850283E-04  -5.4379937E-03  -4.7089924E-02  -3.6093267E-04   1.6654359E-04  -3.5526396E-04  -9.6981612E-05
  3.7171425E-07  -1.9268588E-06   3.4921941E-07   7.6140937E-06   6.2658928E-06   1.6101502E-06  -4.5987632E-05   6.4686347E-07  -1.9501206E-01   1.4297410E-02  -4.6315263E-02   3.8736152E-02  -4.4697109E-03  -5.5798409E-04   1.5718594E-03  -2.0464527E-04  -9.9832186E-04   3.8257103E-02   3.6081100E-03  -3.3749796E-04   1.8629453E-04   3.2513627E-05  -6.9495700E-06  -6.2912132E-06  -7.2477352E-06
 -1.7238915E-08   3.2350768E-06   8.7999719E-08  -3.3372618E-06  -8.8190176E-05  -4.2890135E-05  -4.2183494E-05  -2.4018262E-06   2.7206391E-01  -2.2001549E-01  -2.9688687E-01   1.7638086E-01  -6.0702824E-03  -1.6257640E-03   7.6198400E-03   3.3994950E-04  -4.0850283E-04   3.6081100E-03   3.2036747E-02  -8.1437143E-04   5.3296303E-03  -8.2630428E-05  -4.4223538E-05  -9.6739766E-05  -8.7431771E-05
  6.1184431E-07  -3.4419991E-06   5.3334860E-07   2.7733040E-06  -1.7799105E-06   5.1481686E-05   5.1284864E-05   3.4787145E-06  -3.1335549E-01   2.7815544E-02   5.6065367E-01  -4.5577171E-01   1.2576187E-02  -2.3297095E-03  -4.5505342E-04   1.2588279E-03  -5.4379937E-03  -3.3749796E-04  -8.1437143E-04   1.0537723E-02   8.3434135E-03   2.6271453E-06   5.9961202E-05   5.6314159E-06  -8.1231671E-06
  1.3111429E-07   1.2832261E-06  -5.3683891E-07   2.4680226E-06  -1.3409862E-05  -1.2274369E-05  -1.7335124E-05  -3.6583393E-06  -2.3085279E-01   6.3458988E-02   9.5588075E-03  -1.1524585E-01   5.6372041E-02   5.2052990E-03  -1.7126489E-02   8.2190186E-04  -4.7089924E-02   1.8629453E-04   5.3296303E-03   8.3434135E-03   2.5855481E-02  -3.4011236E-06   5.6464574E-05  -2.2387943E-05  -2.0983396E-05
  4.8079069E-09  -3.8761243E-08   1.3287490E-09   2.4281904E-08   7.5701412E-07  -3.4064381E-07  -3.9247935E-07   2.4012313E-08   7.2098454E-03   8.8199537E-04   1.4255384E-03  -3.4073716E-04   4.7672890E-04   1.7442874E-05  -4.1129687E-06   8.0178763E-06  -3.6093267E-04   3.2513627E-05  -8.2630428E-05   2.6271453E-06  -3.4011236E-06   1.1361037E-06   6.1965374E-08   3.8689930E-07   7.0963126E-07
 -2.3527005E-09   4.7296751E-08  -6.1580738E-10  -8.5096667E-08  -2.3554319E-08  -5.3803306E-07  -9.3271205E-07  -7.3933423E-08   3.7313292E-03   9.9526825E-04  -8.1156789E-03   3.3573441E-03  -2.5447087E-04  -4.1283525E-05   9.5687294E-05  -1.4661334E-05   1.6654359E-04  -6.9495700E-06  -4.4223538E-05   5.9961202E-05   5.6464574E-05   6.1965374E-08   2.4541530E-06   1.7998281E-07   9.9154447E-08
 -1.0465753E-07  -6.0759962E-07  -1.3788184E-08  -3.0836405E-06  -8.5040270E-06   1.4506595E-06   3.7207248E-06  -2.8823904E-07  -7.6810946E-04   6.6503778E-04   4.6074520E-03  -1.9976783E-03  -1.3892208E-04   3.4205031E-05  -7.4096412E-05   2.3282967E-05  -3.5526396E-04  -6.2912132E-06  -9.6739766E-05   5.6314159E-06  -2.2387943E-05   3.8689930E-07   1.7998281E-07   2.4663097E-05   8.4902695E-06
 -2.5676755E-07  -8.1867855E-07   4.4960778E-08  -2.5757253E-06  -5.1353214E-06  -1.7789456E-06   1.4603979E-06  -1.3011629E-07   8.4836271E-03   4.4816940E-03   4.1995439E-03  -4.1072603E-04  -4.1804534E-04   1.5642806E-05  -4.0445131E-05   1.6199146E-05  -9.6981612E-05  -7.2477352E-06  -8.7431771E-05  -8.1231671E-06  -2.0983396E-05   7.0963126E-07   9.9154447E-08   8.4902695E-06   2.4630452E-05
