# omegabh2 omegach2 theta tau mnu logA ns calPlanck acib217 xi asz143 aps100 aps143 aps143217 aps217 aksz kgal100 kgal143 kgal143217 kgal217 galfTE100 galfTE100143 galfTE100217 galfTE143 galfTE143217 galfTE217 cal0 cal2
  1.7943147E-08  -4.9314053E-08   1.0819272E-08   1.7031160E-07   2.5203062E-07   3.3221849E-07   1.5593520E-07   1.5749252E-08  -7.0514621E-05   1.5719039E-06   1.7718145E-05  -3.6934906E-04  -1.8922227E-04  -4.1342852E-05   9.6937157E-06  -3.2447588E-05  -1.0286268E-06  -1.0455961E-05  -1.4351320E-05   9.8309357E-06  -2.0208414E-10  -4.2472948E-08   9.1376879E-08  -2.3353338E-07  -3.5334081E-07  -2.0048972E-06   5.1138242E-10   1.5918488E-11
 -4.9314053E-08   8.5246578E-07  -4.9867454E-08  -2.1793315E-06  -3.5272844E-06  -2.7402389E-06  -1.9716369E-06  -1.8177733E-07   9.6331588E-05   2.1970397E-06  -5.8440293E-05   6.2056433E-04   5.1043111E-04   2.6296891E-04   9.8933861E-05   8.0738956E-05   5.3229569E-06   1.1603404E-05  -8.8112098E-06  -9.9043558E-05   6.5002275E-09  -1.8919321E-08   1.1137561E-07   1.3503733E-06   1.6200097E-06   8.5464227E-06  -1.0171225E-09   4.0756925E-10
  1.0819272E-08  -4.9867454E-08   8.6868720E-08   1.2439326E-07  -4.0439351E-07   2.6725703E-07   2.2998111E-07   2.2811391E-08  -4.5235048E-06   1.3914932E-06   8.2940859E-06  -2.5664127E-04  -1.8079328E-05   3.3031379E-05   1.9339777E-06   1.6257967E-06   4.2466724E-06   1.2233976E-06  -5.2115095E-06  -1.5512995E-05  -1.8583190E-07   1.3276769E-08  -1.4107101E-08   2.6432527E-08  -2.3192199E-07  -2.0831616E-06  -1.4261793E-09  -5.9944772E-10
  1.7031160E-07  -2.1793315E-06   1.2439326E-07   4.4685725E-05   4.0500460E-05   8.1904721E-05   7.1866749E-06  -9.0802294E-07  -1.0689206E-03   4.0043206E-06   5.1696411E-04  -8.5342775E-03  -3.9304884E-03  -1.4843694E-03  -6.2369027E-04  -7.6905193E-04  -5.6274844E-05  -7.9577770E-05   1.2972669E-05   3.3837650E-04  -2.0781425E-06  -4.3638768E-07   5.4793870E-06   2.3148164E-06   8.0604115E-06  -1.0825108E-05   1.8883077E-08   5.1771496E-08
  2.5203062E-07  -3.5272844E-06  -4.0439351E-07   4.0500460E-05   1.4385898E-03   8.9763789E-05   5.2792981E-06   8.0562322E-06   7.6023231E-04   9.4381847E-05   1.6984301E-04   6.0207396E-03   3.2769978E-03   2.0580072E-03   2.4127348E-03   3.3623848E-04  -4.1992826E-04  -6.7435306E-04   2.6954221E-04   5.9948315E-04  -1.1758239E-05   1.2286530E-05   4.6567651E-06   3.6917501E-05  -5.1798542E-05  -1.6990451E-04   5.5987372E-08   1.4512916E-07
  3.3221849E-07  -2.7402389E-06   2.6725703E-07   8.1904721E-05   8.9763789E-05   1.7885711E-04   9.3137831E-06   9.7856778E-06  -2.2035384E-03   6.9066106E-05   7.1273788E-04  -1.1584005E-02  -5.1525397E-03  -1.0056502E-04   4.0857898E-03  -1.8605512E-03  -3.0104180E-04  -7.7784126E-04  -6.3822645E-04   1.7160936E-03  -4.8336667E-06  -2.2332037E-06   1.7402137E-05   7.1942796E-06   1.5257672E-05   1.5939809E-05   1.9292872E-07   1.0792731E-07
  1.5593520E-07  -1.9716369E-06   2.2998111E-07   7.1866749E-06   5.2792981E-06   9.3137831E-06   1.3628424E-05   3.8786179E-07  -4.1307240E-03   8.7213699E-05   8.8860148E-04  -2.2188388E-02  -6.2165501E-03   1.3943213E-03   4.5891866E-03  -2.1527627E-03   2.2398420E-04  -4.7896054E-04  -5.0923399E-04   1.0680576E-03  -2.5466017E-06   6.1326555E-07  -6.5020292E-07  -3.5548473E-06  -3.9252571E-06  -2.3999599E-05  -5.9960771E-08  -3.1169768E-08
  1.5749252E-08  -1.8177733E-07   2.2811391E-08  -9.0802294E-07   8.0562322E-06   9.7856778E-06   3.8786179E-07   6.0011588E-06   6.3107950E-04   5.7555726E-06  -6.3745523E-05   4.0598488E-03   7.1104270E-04   3.0972225E-04   1.0611035E-03   9.6779407E-05   3.4898802E-05  -5.2701656E-05  -4.8534808E-05   7.1536310E-04  -3.9154783E-07  -5.1108966E-07   2.9632068E-06   1.6026188E-07  -1.3064636E-06   1.1307238E-05   1.4653434E-08   1.6270182E-09
 -7.0514621E-05   9.6331588E-05  -4.5235048E-06  -1.0689206E-03   7.6023231E-04  -2.2035384E-03  -4.1307240E-03   6.3107950E-04   4.5108153E+01  -4.0601970E-01  -6.8714552E-01   3.3572385E+01   1.2386548E+00  -1.3234112E+01  -5.5508953E+01  -3.6104401E-01   1.3717906E-01   6.5667148E-01  -6.0375983E+00  -3.4202211E+01   1.1540883E-03  -8.4058361E-05  -8.0733511E-03  -2.7357921E-03   3.4290483E-03   1.8662710E-02  -1.6566610E-04   6.5080598E-04
  1.5719039E-06   2.1970397E-06   1.3914932E-06   4.0043206E-06   9.4381847E-05   6.9066106E-05   8.7213699E-05   5.7555726E-06  -4.0601970E-01   8.1716679E-02  -4.7031645E-02  -4.9636868E-01   9.5983381E-01   1.7085272E+00   6.5963539E-01   4.3422761E-02  -3.2870266E-03   4.9408385E-03   1.0911848E-01   1.5347904E-01  -2.1887515E-04  -4.6625281E-05   5.0427296E-05   1.8085343E-05   2.7639559E-04   1.3992940E-03   2.7770465E-06  -3.1698696E-06
  1.7718145E-05  -5.8440293E-05   8.2940859E-06   5.1696411E-04   1.6984301E-04   7.1273788E-04   8.8860148E-04  -6.3745523E-05  -6.8714552E-01  -4.7031645E-02   3.8261718E+00  -3.0629792E+01  -3.4889066E+00   7.1364299E+00   4.7728824E+00  -2.5903079E+00  -2.1652867E-01   1.6249151E-01   2.6116365E+00   3.1964354E+00  -9.2868891E-04   3.2170772E-04  -1.1412673E-03   5.6741341E-04  -1.6370714E-03  -9.3879658E-03   9.6284176E-05  -3.2728089E-05
 -3.6934906E-04   6.2056433E-04  -2.5664127E-04  -8.5342775E-03   6.0207396E-03  -1.1584005E-02  -2.2188388E-02   4.0598488E-03   3.3572385E+01  -4.9636868E-01  -3.0629792E+01   7.8532265E+02   7.0830933E+01  -5.1333721E+01  -5.5309956E+01   1.3097307E+01  -6.4922472E+00   5.7406662E+00  -1.2157942E+01  -2.3900293E+01   1.9896964E-02  -1.8821569E-03   3.2298418E-02  -2.3615051E-02   1.3923219E-02   1.4576774E-01   3.8128088E-03   2.5332850E-04
 -1.8922227E-04   5.1043111E-04  -1.8079328E-05  -3.9304884E-03   3.2769978E-03  -5.1525397E-03  -6.2165501E-03   7.1104270E-04   1.2386548E+00   9.5983381E-01  -3.4889066E+00   7.0830933E+01   6.1923552E+01   4.0720866E+01   1.5664987E+01  -4.7382855E+00  -5.3766425E-01  -1.3813634E+00   3.2025761E+00   3.8927941E+00  -8.3736768E-04   2.1458759E-03   7.7503280E-03   5.7852178E-03   4.4434012E-03   5.6248545E-02   6.2575621E-05   2.3812444E-05
 -4.1342852E-05   2.6296891E-04   3.3031379E-05  -1.4843694E-03   2.0580072E-03  -1.0056502E-04   1.3943213E-03   3.0972225E-04  -1.3234112E+01   1.7085272E+00   7.1364299E+00  -5.1333721E+01   4.0720866E+01   8.3874422E+01   5.2013757E+01  -1.1272749E+01  -9.3255898E-01  -7.6610685E-01   4.5424258E+00   7.7727401E+00  -7.7715690E-03   1.3784457E-04   6.5551929E-03   4.4311868E-03   4.4348484E-03   2.5617590E-02   3.7324138E-04  -4.3043012E-04
  9.6937157E-06   9.8933861E-05   1.9339777E-06  -6.2369027E-04   2.4127348E-03   4.0857898E-03   4.5891866E-03   1.0611035E-03  -5.5508953E+01   6.5963539E-01   4.7728824E+00  -5.5309956E+01   1.5664987E+01   5.2013757E+01   1.0295020E+02  -8.6058762E+00  -7.5070014E-01  -1.3620767E+00   5.3892173E+00   3.3918135E+01  -6.8627975E-03  -4.7076693E-04   1.3597651E-02   7.3683621E-03  -1.1006453E-03  -7.9443869E-03   4.4905624E-04  -1.2913049E-03
 -3.2447588E-05   8.0738956E-05   1.6257967E-06  -7.6905193E-04   3.3623848E-04  -1.8605512E-03  -2.1527627E-03   9.6779407E-05  -3.6104401E-01   4.3422761E-02  -2.5903079E+00   1.3097307E+01  -4.7382855E+00  -1.1272749E+01  -8.6058762E+00   5.6775248E+00   1.7766987E-01  -1.9737305E-01  -1.8941134E+00  -1.9347308E+00   1.4351807E-03  -7.6331505E-04  -8.4955685E-04  -3.5695350E-04   1.8231890E-03   2.7231105E-03  -7.2273536E-05   2.2175264E-06
 -1.0286268E-06   5.3229569E-06   4.2466724E-06  -5.6274844E-05  -4.1992826E-04  -3.0104180E-04   2.2398420E-04   3.4898802E-05   1.3717906E-01  -3.2870266E-03  -2.1652867E-01  -6.4922472E+00  -5.3766425E-01  -9.3255898E-01  -7.5070014E-01   1.7766987E-01   3.3653290E+00   5.2915371E-01   1.2156471E-01   7.6493763E-02   4.2769122E-04   7.9631916E-05  -6.5619957E-04  -1.2029626E-03   5.2317626E-04   3.2819032E-03   1.9013671E-04  -1.9536350E-05
 -1.0455961E-05   1.1603404E-05   1.2233976E-06  -7.9577770E-05  -6.7435306E-04  -7.7784126E-04  -4.7896054E-04  -5.2701656E-05   6.5667148E-01   4.9408385E-03   1.6249151E-01   5.7406662E+00  -1.3813634E+00  -7.6610685E-01  -1.3620767E+00  -1.9737305E-01   5.2915371E-01   3.2088028E+00   2.7347501E+00   2.6937903E+00   3.0417772E-04  -3.6770200E-04  -7.0498218E-04  -1.0557012E-03  -5.6588412E-04   2.1606790E-04  -1.9318813E-04  -4.7731263E-05
 -1.4351320E-05  -8.8112098E-06  -5.2115095E-06   1.2972669E-05   2.6954221E-04  -6.3822645E-04  -5.0923399E-04  -4.8534808E-05  -6.0375983E+00   1.0911848E-01   2.6116365E+00  -1.2157942E+01   3.2025761E+00   4.5424258E+00   5.3892173E+00  -1.8941134E+00   1.2156471E-01   2.7347501E+00   1.0939571E+01   1.9668483E+01  -1.0956212E-04   9.7876714E-04  -2.2176363E-03   1.0631409E-03  -2.7629652E-03   4.0294720E-03  -6.2747679E-05   4.0648413E-04
  9.8309357E-06  -9.9043558E-05  -1.5512995E-05   3.3837650E-04   5.9948315E-04   1.7160936E-03   1.0680576E-03   7.1536310E-04  -3.4202211E+01   1.5347904E-01   3.1964354E+00  -2.3900293E+01   3.8927941E+00   7.7727401E+00   3.3918135E+01  -1.9347308E+00   7.6493763E-02   2.6937903E+00   1.9668483E+01   5.4855686E+01   7.8207655E-04   2.1119401E-03   3.6155135E-03   3.6878648E-03  -7.8027904E-03  -1.7147064E-05  -1.9489296E-05   9.6480522E-04
 -2.0208414E-10   6.5002275E-09  -1.8583190E-07  -2.0781425E-06  -1.1758239E-05  -4.8336667E-06  -2.5466017E-06  -3.9154783E-07   1.1540883E-03  -2.1887515E-04  -9.2868891E-04   1.9896964E-02  -8.3736768E-04  -7.7715690E-03  -6.8627975E-03   1.4351807E-03   4.2769122E-04   3.0417772E-04  -1.0956212E-04   7.8207655E-04   1.4585305E-03   2.9141070E-04   1.1219567E-04  -3.4454562E-04  -1.0628579E-04  -1.6409629E-04   4.4723494E-07   9.7331178E-08
 -4.2472948E-08  -1.8919321E-08   1.3276769E-08  -4.3638768E-07   1.2286530E-05  -2.2332037E-06   6.1326555E-07  -5.1108966E-07  -8.4058361E-05  -4.6625281E-05   3.2170772E-04  -1.8821569E-03   2.1458759E-03   1.3784457E-04  -4.7076693E-04  -7.6331505E-04   7.9631916E-05  -3.6770200E-04   9.7876714E-04   2.1119401E-03   2.9141070E-04   8.7242671E-04   3.4516101E-05   7.2981546E-04   5.7274701E-05  -6.9150654E-04   5.1289960E-08   1.1037889E-07
  9.1376879E-08   1.1137561E-07  -1.4107101E-08   5.4793870E-06   4.6567651E-06   1.7402137E-05  -6.5020292E-07   2.9632068E-06  -8.0733511E-03   5.0427296E-05  -1.1412673E-03   3.2298418E-02   7.7503280E-03   6.5551929E-03   1.3597651E-02  -8.4955685E-04  -6.5619957E-04  -7.0498218E-04  -2.2176363E-03   3.6155135E-03   1.1219567E-04   3.4516101E-05   7.2551303E-03  -3.0186618E-04   6.2726678E-04   4.3168858E-03   1.7948901E-07  -4.7881110E-07
 -2.3353338E-07   1.3503733E-06   2.6432527E-08   2.3148164E-06   3.6917501E-05   7.1942796E-06  -3.5548473E-06   1.6026188E-07  -2.7357921E-03   1.8085343E-05   5.6741341E-04  -2.3615051E-02   5.7852178E-03   4.4311868E-03   7.3683621E-03  -3.5695350E-04  -1.2029626E-03  -1.0557012E-03   1.0631409E-03   3.6878648E-03  -3.4454562E-04   7.2981546E-04  -3.0186618E-04   2.8338855E-03   4.7737266E-04  -1.0154706E-03  -1.6543741E-07   4.4723301E-08
 -3.5334081E-07   1.6200097E-06  -2.3192199E-07   8.0604115E-06  -5.1798542E-05   1.5257672E-05  -3.9252571E-06  -1.3064636E-06   3.4290483E-03   2.7639559E-04  -1.6370714E-03   1.3923219E-02   4.4434012E-03   4.4348484E-03  -1.1006453E-03   1.8231890E-03   5.2317626E-04  -5.6588412E-04  -2.7629652E-03  -7.8027904E-03  -1.0628579E-04   5.7274701E-05   6.2726678E-04   4.7737266E-04   6.3891557E-03   8.0322422E-03   6.0152546E-07  -2.3117210E-07
 -2.0048972E-06   8.5464227E-06  -2.0831616E-06  -1.0825108E-05  -1.6990451E-04   1.5939809E-05  -2.3999599E-05   1.1307238E-05   1.8662710E-02   1.3992940E-03  -9.3879658E-03   1.4576774E-01   5.6248545E-02   2.5617590E-02  -7.9443869E-03   2.7231105E-03   3.2819032E-03   2.1606790E-04   4.0294720E-03  -1.7147064E-05  -1.6409629E-04  -6.9150654E-04   4.3168858E-03  -1.0154706E-03   8.0322422E-03   7.2409150E-02   3.0718187E-06   1.1669486E-06
  5.1138242E-10  -1.0171225E-09  -1.4261793E-09   1.8883077E-08   5.5987372E-08   1.9292872E-07  -5.9960771E-08   1.4653434E-08  -1.6566610E-04   2.7770465E-06   9.6284176E-05   3.8128088E-03   6.2575621E-05   3.7324138E-04   4.4905624E-04  -7.2273536E-05   1.9013671E-04  -1.9318813E-04  -6.2747679E-05  -1.9489296E-05   4.4723494E-07   5.1289960E-08   1.7948901E-07  -1.6543741E-07   6.0152546E-07   3.0718187E-06   3.8064581E-07  -3.2606328E-09
  1.5918488E-11   4.0756925E-10  -5.9944772E-10   5.1771496E-08   1.4512916E-07   1.0792731E-07  -3.1169768E-08   1.6270182E-09   6.5080598E-04  -3.1698696E-06  -3.2728089E-05   2.5332850E-04   2.3812444E-05  -4.3043012E-04  -1.2913049E-03   2.2175264E-06  -1.9536350E-05  -4.7731263E-05   4.0648413E-04   9.6480522E-04   9.7331178E-08   1.1037889E-07  -4.7881110E-07   4.4723301E-08  -2.3117210E-07   1.1669486E-06  -3.2606328E-09   3.7871045E-07
