# omegabh2 omegach2 mnu nnu logA ns
    0.8280526E-06    0.1739633E-06    0.6818243E-05   -0.3151091E-04    0.9575336E-05   -0.2995374E-06
    0.1739633E-06    0.1430212E-02    0.1356381E-03    0.7153968E-01   -0.4980045E-02   -0.5309412E-04
    0.6818243E-05    0.1356381E-03    0.3869971E+00    0.3484563E+00    0.1240693E+00    0.6289680E-03
   -0.3151091E-04    0.7153968E-01    0.3484563E+00    0.3902695E+01   -0.1340429E+00   -0.2147215E-02
    0.9575336E-05   -0.4980045E-02    0.1240693E+00   -0.1340429E+00    0.6742591E-01    0.6204841E-04
   -0.2995374E-06   -0.5309412E-04    0.6289680E-03   -0.2147215E-02    0.6204841E-04    0.3939453E-03
