# omegabh2 omegach2 theta tau meffsterile nnu logA ns calPlanck acib217 xi asz143 aps100 aps143 aps143217 aps217 aksz kgal100 kgal143 kgal143217 kgal217 galfTE100 galfTE100143 galfTE100217 galfTE143 galfTE143217 galfTE217 cal0 cal2
  2.1734349E-08   9.2031016E-08  -1.6674815E-09   2.2216538E-07  -3.4666370E-06   5.9652654E-06   6.4514496E-07   3.6407735E-07   1.3646491E-08  -3.3445404E-05   1.3656975E-07   1.3869869E-05  -2.4043557E-04  -1.5224489E-04  -5.7536025E-05  -8.6151414E-06  -1.8473653E-05   5.2507535E-06   2.3798155E-06  -5.4231289E-06  -4.8183469E-06   5.3678526E-08  -2.4982161E-08   2.4109137E-07  -3.4182880E-07  -3.2658850E-07  -1.5603874E-06   1.4296437E-09  -1.0570661E-09
  9.2031016E-08   9.5748257E-06  -3.6640651E-07  -1.9223452E-07  -5.1952856E-04   1.8769542E-04   9.0451979E-06   7.3476435E-06  -9.5052363E-08   1.1256603E-03  -1.6575178E-05  -2.3905615E-04   6.7887898E-03   1.5369227E-03  -1.8822771E-04  -1.3288337E-03   6.0769551E-04   2.1137756E-04   2.6241987E-04   2.6474195E-04  -3.1842077E-05   1.3491887E-06  -8.8260426E-07  -5.5777701E-08  -2.5350477E-06   2.6820256E-06  -4.9463303E-06   3.9221190E-09   1.2946584E-08
 -1.6674815E-09  -3.6640651E-07   1.0120272E-07   6.3916332E-08   1.1383072E-05  -1.2710900E-05  -3.3194061E-07  -3.3710321E-07   1.9090693E-08  -5.5874989E-05   1.3357281E-06   8.5533606E-06  -3.8565130E-04  -1.0134582E-04  -1.2644705E-05   2.1390736E-05  -1.9228696E-05  -1.1662047E-06  -9.0687611E-06  -5.0810856E-06   1.8374249E-05  -9.9911710E-08  -1.1844424E-08   3.7128133E-07  -1.9386215E-07  -1.9673233E-07  -2.7134644E-07   3.6500603E-10   1.2227797E-09
  2.2216538E-07  -1.9223452E-07   6.3916332E-08   5.0023950E-05  -3.7126949E-05   6.3556377E-05   9.5061924E-05   9.1766130E-06  -9.0036315E-07  -1.0550233E-03  -1.6063068E-06   3.9316604E-04  -8.4782749E-03  -4.0276845E-03  -1.2306329E-03   2.6870499E-04  -6.5803399E-04  -6.3687976E-05  -8.1043478E-05  -3.7451292E-04  -5.6357633E-04   4.0729310E-06  -9.4633358E-07   8.4497116E-06  -5.1877093E-07   2.1466159E-06  -3.1882218E-05  -5.2879573E-08  -3.0948162E-08
 -3.4666370E-06  -5.1952856E-04   1.1383072E-05  -3.7126949E-05   4.0467098E-02  -5.1587976E-03  -3.5305866E-04  -3.8386407E-04  -2.2456724E-06  -4.0736354E-02  -9.7829084E-05   6.2735337E-03  -1.5321105E-01   5.8878250E-03   3.7211651E-02   9.0393610E-02  -1.9830069E-02  -1.0333200E-02  -9.7436307E-03  -7.7216026E-03   4.1568858E-03  -3.6060197E-05   5.9535920E-05   2.0032318E-04   1.6719910E-04  -1.9934101E-04   9.4474340E-04  -2.3609858E-07  -1.4312286E-06
  5.9652654E-06   1.8769542E-04  -1.2710900E-05   6.3556377E-05  -5.1587976E-03   7.9546106E-03   4.2120369E-04   3.1044977E-04   1.6135456E-06   3.9237318E-02  -1.1110655E-03  -6.9744486E-03   2.3133894E-01   6.4006001E-02  -2.2743805E-04  -2.4396275E-02   1.8796489E-02   6.5570928E-03   9.3853228E-03   9.8451270E-03  -1.8651629E-03   6.3494640E-05  -1.1372393E-05   1.3192978E-04  -6.0747117E-05  -4.0890311E-05  -1.4768046E-04   5.3109315E-08   1.0675803E-07
  6.4514496E-07   9.0451979E-06  -3.3194061E-07   9.5061924E-05  -3.5305866E-04   4.2120369E-04   2.2068113E-04   2.4994328E-05   9.3519464E-06  -9.0868423E-04   7.3506016E-06   3.3529721E-04  -1.5007789E-03  -2.6245089E-03   3.6129703E-04   4.9420237E-03  -1.0083276E-03  -1.2160109E-04  -2.1551788E-04  -5.1876361E-04   5.5485025E-04   1.1433786E-05  -4.1480785E-06   6.2823418E-06  -8.0818689E-06  -1.6792328E-06  -5.8753821E-05   4.7868313E-08  -1.2195722E-07
  3.6407735E-07   7.3476435E-06  -3.3710321E-07   9.1766130E-06  -3.8386407E-04   3.1044977E-04   2.4994328E-05   2.6411026E-05   3.2782361E-07  -1.9513855E-03   3.2246566E-05   6.5373257E-04  -1.3681425E-02  -3.6178946E-03   1.6553294E-03   3.2231308E-03  -1.4827109E-03   5.7240444E-04   2.2295834E-05  -1.7317400E-04   3.5216745E-04   3.1640496E-06  -1.2969886E-07   7.7529974E-06  -6.1008042E-06   1.9355732E-06  -2.0210692E-05  -9.5749345E-08  -3.8499118E-08
  1.3646491E-08  -9.5052363E-08   1.9090693E-08  -9.0036315E-07  -2.2456724E-06   1.6135456E-06   9.3519464E-06   3.2782361E-07   5.7111838E-06   5.9049966E-04  -5.5148890E-06   2.3307610E-05   3.9022395E-03   8.1892488E-04   4.2074132E-04   1.3131437E-03   1.9695608E-05   5.3803478E-06   7.2575430E-05   1.3854731E-04   8.6327118E-04   8.1865526E-07  -6.8775285E-07  -7.3698725E-06  -1.8416662E-06  -3.3870525E-06  -1.5961755E-07   4.4171665E-09  -2.0561740E-08
 -3.3445404E-05   1.1256603E-03  -5.5874989E-05  -1.0550233E-03  -4.0736354E-02   3.9237318E-02  -9.0868423E-04  -1.9513855E-03   5.9049966E-04   4.3365731E+01  -3.8059247E-01  -6.0773166E-01   3.2883660E+01   1.1657617E+00  -1.2495925E+01  -5.3572029E+01  -1.4199293E-01   1.7309996E-01   3.6332727E-01  -5.5706220E+00  -3.2344854E+01  -1.5260977E-03   1.9440599E-03  -4.0860542E-03  -6.0147164E-04  -6.2189618E-03  -1.7919052E-02  -1.4602177E-04   7.2369804E-04
  1.3656975E-07  -1.6575178E-05   1.3357281E-06  -1.6063068E-06  -9.7829084E-05  -1.1110655E-03   7.3506016E-06   3.2246566E-05  -5.5148890E-06  -3.8059247E-01   8.1281915E-02  -4.0544375E-02  -6.7391275E-01   9.1359922E-01   1.6956774E+00   6.2890969E-01   3.6932337E-02  -2.4744076E-03   4.4213185E-03   1.0266030E-01   1.3445541E-01   9.3207254E-05   2.1040291E-05   2.4880591E-04  -1.2730595E-04   5.2793772E-04   1.7350713E-03   2.0593167E-06  -8.8469608E-08
  1.3869869E-05  -2.3905615E-04   8.5533606E-06   3.9316604E-04   6.2735337E-03  -6.9744486E-03   3.3529721E-04   6.5373257E-04   2.3307610E-05  -6.0773166E-01  -4.0544375E-02   3.8476755E+00  -3.0224793E+01  -3.1751994E+00   7.6385716E+00   5.0408758E+00  -2.7280857E+00  -1.9478980E-01   1.2106250E-01   2.5562278E+00   2.9878928E+00  -6.5454248E-04  -4.3016291E-04  -1.3109397E-05   1.5831392E-03   1.9704865E-04  -5.4832199E-03   9.9010883E-05  -4.3117258E-05
 -2.4043557E-04   6.7887898E-03  -3.8565130E-04  -8.4782749E-03  -1.5321105E-01   2.3133894E-01  -1.5007789E-03  -1.3681425E-02   3.9022395E-03   3.2883660E+01  -6.7391275E-01  -3.0224793E+01   7.7611693E+02   6.5849729E+01  -5.6289853E+01  -5.6834093E+01   1.4938930E+01  -5.7163765E+00   6.1209941E+00  -1.2063199E+01  -2.1506460E+01   4.3623790E-04   1.2055191E-03  -5.1583877E-03   1.8529943E-03  -4.5753140E-02  -1.1060825E-01   3.9297134E-03   4.2890665E-04
 -1.5224489E-04   1.5369227E-03  -1.0134582E-04  -4.0276845E-03   5.8878250E-03   6.4006001E-02  -2.6245089E-03  -3.6178946E-03   8.1892488E-04   1.1657617E+00   9.1359922E-01  -3.1751994E+00   6.5849729E+01   6.1226003E+01   4.0416739E+01   1.5881382E+01  -4.8072324E+00  -4.2019632E-01  -1.3068114E+00   3.5079492E+00   4.6921538E+00  -9.4106098E-04  -2.5979077E-03   7.2996542E-04  -3.9099837E-03   3.5409421E-03   3.3554416E-02   7.8431002E-05   1.0830912E-04
 -5.7536025E-05  -1.8822771E-04  -1.2644705E-05  -1.2306329E-03   3.7211651E-02  -2.2743805E-04   3.6129703E-04   1.6553294E-03   4.2074132E-04  -1.2495925E+01   1.6956774E+00   7.6385716E+00  -5.6289853E+01   4.0416739E+01   8.5474597E+01   5.2657600E+01  -1.2002255E+01  -6.4077070E-01  -7.1993162E-01   4.6089224E+00   7.4256980E+00   5.5092742E-04  -3.5209130E-03   3.3295882E-03   1.9840551E-03   1.3766369E-02   3.4123366E-02   3.4194658E-04  -3.6021577E-04
 -8.6151414E-06  -1.3288337E-03   2.1390736E-05   2.6870499E-04   9.0393610E-02  -2.4396275E-02   4.9420237E-03   3.2231308E-03   1.3131437E-03  -5.3572029E+01   6.2890969E-01   5.0408758E+00  -5.6834093E+01   1.5881382E+01   5.2657600E+01   1.0178407E+02  -9.2142930E+00  -5.6694506E-01  -9.6673788E-01   5.0802292E+00   3.2097233E+01   1.0185673E-03  -6.1949130E-03   2.0829802E-03   5.4246360E-03   9.3861669E-03   9.0558928E-03   3.5556222E-04  -1.3382659E-03
 -1.8473653E-05   6.0769551E-04  -1.9228696E-05  -6.5803399E-04  -1.9830069E-02   1.8796489E-02  -1.0083276E-03  -1.4827109E-03   1.9695608E-05  -1.4199293E-01   3.6932337E-02  -2.7280857E+00   1.4938930E+01  -4.8072324E+00  -1.2002255E+01  -9.2142930E+00   5.8886980E+00   1.1505178E-01  -1.9188712E-01  -1.9417822E+00  -2.0398215E+00   1.1489578E-03   6.9452986E-04  -6.1748359E-04   3.1903627E-04  -5.4693833E-04   7.3352286E-03  -4.4557012E-05   9.1179078E-06
  5.2507535E-06   2.1137756E-04  -1.1662047E-06  -6.3687976E-05  -1.0333200E-02   6.5570928E-03  -1.2160109E-04   5.7240444E-04   5.3803478E-06   1.7309996E-01  -2.4744076E-03  -1.9478980E-01  -5.7163765E+00  -4.2019632E-01  -6.4077070E-01  -5.6694506E-01   1.1505178E-01   3.3917157E+00   5.7693079E-01   1.8072456E-01   1.7110604E-01  -2.5822490E-05  -9.2975640E-05   9.2222818E-04  -1.0024884E-03   1.9976823E-03   1.2157263E-02   1.7807662E-04   1.3625259E-05
  2.3798155E-06   2.6241987E-04  -9.0687611E-06  -8.1043478E-05  -9.7436307E-03   9.3853228E-03  -2.1551788E-04   2.2295834E-05   7.2575430E-05   3.6332727E-01   4.4213185E-03   1.2106250E-01   6.1209941E+00  -1.3068114E+00  -7.1993162E-01  -9.6673788E-01  -1.9188712E-01   5.7693079E-01   3.2509271E+00   2.7706828E+00   3.0380881E+00  -2.5274714E-04  -4.5551980E-04  -7.6105251E-04  -2.0987180E-05  -1.6160195E-03  -2.4720428E-03  -1.9467184E-04  -2.9302799E-05
 -5.4231289E-06   2.6474195E-04  -5.0810856E-06  -3.7451292E-04  -7.7216026E-03   9.8451270E-03  -5.1876361E-04  -1.7317400E-04   1.3854731E-04  -5.5706220E+00   1.0266030E-01   2.5562278E+00  -1.2063199E+01   3.5079492E+00   4.6089224E+00   5.0802292E+00  -1.9417822E+00   1.8072456E-01   2.7706828E+00   1.0799076E+01   1.9174000E+01  -7.9384888E-04   9.6099039E-04   1.5219468E-03   1.1674134E-03  -2.7094448E-03   8.2688348E-03  -3.7688412E-05   4.0384333E-04
 -4.8183469E-06  -3.1842077E-05   1.8374249E-05  -5.6357633E-04   4.1568858E-03  -1.8651629E-03   5.5485025E-04   3.5216745E-04   8.6327118E-04  -3.2344854E+01   1.3445541E-01   2.9878928E+00  -2.1506460E+01   4.6921538E+00   7.4256980E+00   3.2097233E+01  -2.0398215E+00   1.7110604E-01   3.0380881E+00   1.9174000E+01   5.2774254E+01   1.1647053E-05   1.4870161E-03   5.4901895E-03   1.9551887E-03  -3.4038054E-03   2.4961919E-02   3.1141200E-05   8.6942159E-04
  5.3678526E-08   1.3491887E-06  -9.9911710E-08   4.0729310E-06  -3.6060197E-05   6.3494640E-05   1.1433786E-05   3.1640496E-06   8.1865526E-07  -1.5260977E-03   9.3207254E-05  -6.5454248E-04   4.3623790E-04  -9.4106098E-04   5.5092742E-04   1.0185673E-03   1.1489578E-03  -2.5822490E-05  -2.5274714E-04  -7.9384888E-04   1.1647053E-05   1.4677759E-03   2.7043572E-04   7.1801942E-05  -3.7280448E-04  -8.4875432E-05  -6.7846780E-05   2.4822790E-07   1.1190660E-07
 -2.4982161E-08  -8.8260426E-07  -1.1844424E-08  -9.4633358E-07   5.9535920E-05  -1.1372393E-05  -4.1480785E-06  -1.2969886E-07  -6.8775285E-07   1.9440599E-03   2.1040291E-05  -4.3016291E-04   1.2055191E-03  -2.5979077E-03  -3.5209130E-03  -6.1949130E-03   6.9452986E-04  -9.2975640E-05  -4.5551980E-04   9.6099039E-04   1.4870161E-03   2.7043572E-04   8.7887860E-04   5.6133314E-05   7.9591012E-04   7.2387215E-05  -7.2667041E-04   2.1211788E-08   3.2981949E-07
  2.4109137E-07  -5.5777701E-08   3.7128133E-07   8.4497116E-06   2.0032318E-04   1.3192978E-04   6.2823418E-06   7.7529974E-06  -7.3698725E-06  -4.0860542E-03   2.4880591E-04  -1.3109397E-05  -5.1583877E-03   7.2996542E-04   3.3295882E-03   2.0829802E-03  -6.1748359E-04   9.2222818E-04  -7.6105251E-04   1.5219468E-03   5.4901895E-03   7.1801942E-05   5.6133314E-05   7.2637372E-03  -3.0270172E-04   5.8739739E-04   4.4947393E-03  -8.3555639E-08   1.1602313E-06
 -3.4182880E-07  -2.5350477E-06  -1.9386215E-07  -5.1877093E-07   1.6719910E-04  -6.0747117E-05  -8.0818689E-06  -6.1008042E-06  -1.8416662E-06  -6.0147164E-04  -1.2730595E-04   1.5831392E-03   1.8529943E-03  -3.9099837E-03   1.9840551E-03   5.4246360E-03   3.1903627E-04  -1.0024884E-03  -2.0987180E-05   1.1674134E-03   1.9551887E-03  -3.7280448E-04   7.9591012E-04  -3.0270172E-04   3.0085409E-03   5.1892239E-04  -1.3593266E-03  -1.2134888E-07   1.6366921E-07
 -3.2658850E-07   2.6820256E-06  -1.9673233E-07   2.1466159E-06  -1.9934101E-04  -4.0890311E-05  -1.6792328E-06   1.9355732E-06  -3.3870525E-06  -6.2189618E-03   5.2793772E-04   1.9704865E-04  -4.5753140E-02   3.5409421E-03   1.3766369E-02   9.3861669E-03  -5.4693833E-04   1.9976823E-03  -1.6160195E-03  -2.7094448E-03  -3.4038054E-03  -8.4875432E-05   7.2387215E-05   5.8739739E-04   5.1892239E-04   6.4254170E-03   8.0757608E-03  -5.0538951E-08  -5.9028620E-07
 -1.5603874E-06  -4.9463303E-06  -2.7134644E-07  -3.1882218E-05   9.4474340E-04  -1.4768046E-04  -5.8753821E-05  -2.0210692E-05  -1.5961755E-07  -1.7919052E-02   1.7350713E-03  -5.4832199E-03  -1.1060825E-01   3.3554416E-02   3.4123366E-02   9.0558928E-03   7.3352286E-03   1.2157263E-02  -2.4720428E-03   8.2688348E-03   2.4961919E-02  -6.7846780E-05  -7.2667041E-04   4.4947393E-03  -1.3593266E-03   8.0757608E-03   7.1949455E-02   1.8123666E-06  -2.0591764E-07
  1.4296437E-09   3.9221190E-09   3.6500603E-10  -5.2879573E-08  -2.3609858E-07   5.3109315E-08   4.7868313E-08  -9.5749345E-08   4.4171665E-09  -1.4602177E-04   2.0593167E-06   9.9010883E-05   3.9297134E-03   7.8431002E-05   3.4194658E-04   3.5556222E-04  -4.4557012E-05   1.7807662E-04  -1.9467184E-04  -3.7688412E-05   3.1141200E-05   2.4822790E-07   2.1211788E-08  -8.3555639E-08  -1.2134888E-07  -5.0538951E-08   1.8123666E-06   3.7577990E-07  -3.6492673E-11
 -1.0570661E-09   1.2946584E-08   1.2227797E-09  -3.0948162E-08  -1.4312286E-06   1.0675803E-07  -1.2195722E-07  -3.8499118E-08  -2.0561740E-08   7.2369804E-04  -8.8469608E-08  -4.3117258E-05   4.2890665E-04   1.0830912E-04  -3.6021577E-04  -1.3382659E-03   9.1179078E-06   1.3625259E-05  -2.9302799E-05   4.0384333E-04   8.6942159E-04   1.1190660E-07   3.2981949E-07   1.1602313E-06   1.6366921E-07  -5.9028620E-07  -2.0591764E-07  -3.6492673E-11   3.8174817E-07
