# omegabh2 omegach2 theta tau yhe logA ns calPlanck aps100 aps143 aps217 acib217 asz143 psr cibr xi aksz dust100 dust143 dust217 dust143x217 cal0 cal2
  5.9108229E-08  -5.2124573E-08   1.0743047E-07   3.7598674E-07   2.7570879E-06   1.4317076E-06   1.2649307E-06   7.0928777E-09   4.6960102E-04   2.3959205E-04  -2.7031861E-05   1.0312031E-04  -1.7813084E-06   1.0415600E-07   2.5340884E-06   2.6149804E-07   1.8067670E-05   3.7216504E-07   2.5304053E-06  -1.8067844E-07   6.5171993E-07  -5.6288051E-09   5.2211485E-09
 -5.2124573E-08   1.5207147E-06  -6.3142110E-09  -1.3736541E-06   1.5418013E-06   1.3305954E-06  -2.5700978E-06  -2.4200699E-08   9.1125544E-04   9.3108825E-04   4.9175785E-04   6.5663239E-05  -6.2418524E-05  -2.1655426E-06   2.4786260E-06   1.0945020E-06   2.7334301E-05  -1.1026397E-06  -1.1956287E-06   8.8031392E-07  -1.2050055E-07  -2.7572088E-09   2.7002042E-08
  1.0743047E-07  -6.3142110E-09   5.4286385E-07   5.9648001E-07   1.1659514E-05   4.2287108E-06   4.7161826E-06  -6.4811040E-09   4.3388928E-03   2.7232836E-03  -4.2800940E-04   1.1784622E-03  -1.2167104E-04  -7.1343672E-06   2.4019340E-05  -1.1046751E-05   2.9395656E-04   3.0981300E-06   9.6377732E-06  -3.6495772E-06   2.9353438E-06  -2.2551328E-08   1.0495029E-07
  3.7598674E-07  -1.3736541E-06   5.9648001E-07   6.2555133E-05   1.1013636E-05   1.2615671E-04   1.0256206E-05   4.5030525E-07  -4.2137570E-03  -1.8308616E-03   1.5440419E-03  -8.4252560E-04   5.9311138E-04   2.6720828E-06   3.1157633E-05  -2.8627462E-07  -1.5194601E-03  -1.2291433E-05  -1.0342195E-05   7.6726147E-06  -7.4002015E-06  -8.7631757E-09  -7.0425228E-08
  2.7570879E-06   1.5418013E-06   1.1659514E-05   1.1013636E-05   3.6725344E-04   1.1581789E-04   1.3662261E-04  -3.6532977E-07   1.3354184E-01   9.0043812E-02  -1.1907115E-02   3.6476083E-02  -4.3593106E-03  -2.1838691E-04   6.9797697E-04  -3.4968752E-04   9.2024232E-03   1.7945930E-04   2.7916278E-04  -1.0731916E-04   1.1639983E-04  -8.9221701E-07   2.9490250E-06
  1.4317076E-06   1.3305954E-06   4.2287108E-06   1.2615671E-04   1.1581789E-04   3.1621858E-04   4.5994159E-05   1.3094758E-05   3.2784265E-02   2.2248527E-02   7.9013213E-03   6.5488131E-03   1.0742737E-04  -3.3595418E-05   2.0571420E-04  -5.9528795E-05  -1.7667328E-03  -2.1098257E-05  -5.7258820E-05   1.5440192E-05  -4.4456883E-06   3.9971129E-07   6.4489596E-07
  1.2649307E-06  -2.5700978E-06   4.7161826E-06   1.0256206E-05   1.3662261E-04   4.5994159E-05   6.8302628E-05  -1.8712657E-07   2.6754096E-02   2.5510504E-02   4.2118672E-03   7.5925373E-03  -1.0207646E-03  -1.0572816E-05   1.5677877E-04  -7.4721242E-05   1.4143146E-03   8.6291297E-05   9.7120176E-05  -1.7020167E-05   2.7541216E-05  -6.9424670E-07   6.3174162E-07
  7.0928777E-09  -2.4200699E-08  -6.4811040E-09   4.5030525E-07  -3.6532977E-07   1.3094758E-05  -1.8712657E-07   6.1195941E-06   3.8937682E-03   6.5902925E-04   8.8822978E-04   7.6523634E-04   2.6390608E-05  -4.2341121E-06   1.1752205E-05  -7.5557844E-06  -8.7551166E-05  -6.4578552E-06  -2.0095063E-06   5.6232428E-06  -5.6350076E-06  -9.9789121E-09  -2.6262807E-08
  4.6960102E-04   9.1125544E-04   4.3388928E-03  -4.2137570E-03   1.3354184E-01   3.2784265E-02   2.6754096E-02   3.8937682E-03   6.5610827E+02   9.3580334E+01  -6.2088707E+01   4.5626938E+01  -2.6979818E+01  -8.8149776E-01   1.0861338E-01  -3.0335006E-01   1.5237884E+01   6.1856981E-03   3.7796656E-01  -3.0762776E-01  -1.6969542E-01   6.4329446E-03   4.3745126E-03
  2.3959205E-04   9.3108825E-04   2.7232836E-03  -1.8308616E-03   9.0043812E-02   2.2248527E-02   2.5510504E-02   6.5902925E-04   9.3580334E+01   8.9429724E+01   5.2916184E+00   1.5814706E+01  -2.1838163E+00  -8.3786821E-02   5.7554998E-01   7.8034903E-01  -4.9839971E+00   2.1842616E-02  -1.2960201E-01   1.9329499E-02   8.7697767E-02   3.3146923E-04   1.4251383E-03
 -2.7031861E-05   4.9175785E-04  -4.2800940E-04   1.5440419E-03  -1.1907115E-02   7.9013213E-03   4.2118672E-03   8.8822978E-04  -6.2088707E+01   5.2916184E+00   1.7257997E+02  -8.4986509E+01   1.5582109E+00   3.1754733E-01  -1.0743467E+00   3.4387993E-01  -6.1205648E+00  -4.6758065E-03  -2.4789844E-01   5.6418501E-01   2.0157896E-03   1.1307131E-03  -7.6671449E-03
  1.0312031E-04   6.5663239E-05   1.1784622E-03  -8.4252560E-04   3.6476083E-02   6.5488131E-03   7.5925373E-03   7.6523634E-04   4.5626938E+01   1.5814706E+01  -8.4986509E+01   5.6952685E+01   1.6729654E+00  -6.6554255E-02   8.1201768E-01  -2.7960974E-01  -2.2195736E+00   2.4861396E-02   1.7568598E-01  -4.7005625E-01  -1.2249612E-01  -4.1353965E-04   3.5135872E-03
 -1.7813084E-06  -6.2418524E-05  -1.2167104E-04   5.9311138E-04  -4.3593106E-03   1.0742737E-04  -1.0207646E-03   2.6390608E-05  -2.6979818E+01  -2.1838163E+00   1.5582109E+00   1.6729654E+00   4.4081796E+00   9.4210007E-02   1.4870667E-01  -5.6995630E-02  -3.6503508E+00  -8.9921158E-03  -9.6617556E-03   1.2641873E-02   5.6005548E-02   4.5153143E-04  -1.6093564E-04
  1.0415600E-07  -2.1655426E-06  -7.1343672E-06   2.6720828E-06  -2.1838691E-04  -3.3595418E-05  -1.0572816E-05  -4.2341121E-06  -8.8149776E-01  -8.3786821E-02   3.1754733E-01  -6.6554255E-02   9.4210007E-02   1.6188774E-02  -1.6944697E-02   1.2230276E-02  -1.0094183E-01  -4.0922144E-04  -1.7608884E-03  -2.7010513E-03   4.9608139E-03   1.7807853E-05  -3.7558346E-05
  2.5340884E-06   2.4786260E-06   2.4019340E-05   3.1157633E-05   6.9797697E-04   2.0571420E-04   1.5677877E-04   1.1752205E-05   1.0861338E-01   5.7554998E-01  -1.0743467E+00   8.1201768E-01   1.4870667E-01  -1.6944697E-02   6.6554675E-02   1.4578758E-03  -1.4334038E-01   1.2504196E-03   8.1073625E-03  -4.9577309E-04  -1.7166190E-02  -1.2943072E-05   1.0111749E-04
  2.6149804E-07   1.0945020E-06  -1.1046751E-05  -2.8627462E-07  -3.4968752E-04  -5.9528795E-05  -7.4721242E-05  -7.5557844E-06  -3.0335006E-01   7.8034903E-01   3.4387993E-01  -2.7960974E-01  -5.6995630E-02   1.2230276E-02   1.4578758E-03   8.2246054E-02   3.6557146E-02  -6.8598441E-04   6.0522093E-04   2.2771907E-04   4.9070720E-04   6.9346126E-06  -1.6738833E-05
  1.8067670E-05   2.7334301E-05   2.9395656E-04  -1.5194601E-03   9.2024232E-03  -1.7667328E-03   1.4143146E-03  -8.7551166E-05   1.5237884E+01  -4.9839971E+00  -6.1205648E+00  -2.2195736E+00  -3.6503508E+00  -1.0094183E-01  -1.4334038E-01   3.6557146E-02   7.5533987E+00   3.7862491E-03   3.0275915E-03  -6.2978856E-03  -4.1720671E-02  -3.3901658E-04   5.3280895E-05
  3.7216504E-07  -1.1026397E-06   3.0981300E-06  -1.2291433E-05   1.7945930E-04  -2.1098257E-05   8.6291297E-05  -6.4578552E-06   6.1856981E-03   2.1842616E-02  -4.6758065E-03   2.4861396E-02  -8.9921158E-03  -4.0922144E-04   1.2504196E-03  -6.8598441E-04   3.7862491E-03   3.9819451E-02   2.7161094E-03  -1.3967796E-04  -7.8958188E-05   4.0926989E-05  -3.6765370E-06
  2.5304053E-06  -1.1956287E-06   9.6377732E-06  -1.0342195E-05   2.7916278E-04  -5.7258820E-05   9.7120176E-05  -2.0095063E-06   3.7796656E-01  -1.2960201E-01  -2.4789844E-01   1.7568598E-01  -9.6617556E-03  -1.7608884E-03   8.1073625E-03   6.0522093E-04   3.0275915E-03   2.7161094E-03   2.9947976E-02  -8.2189104E-04   4.4428012E-03  -8.0363423E-05  -3.9973397E-05
 -1.8067844E-07   8.8031392E-07  -3.6495772E-06   7.6726147E-06  -1.0731916E-04   1.5440192E-05  -1.7020167E-05   5.6232428E-06  -3.0762776E-01   1.9329499E-02   5.6418501E-01  -4.7005625E-01   1.2641873E-02  -2.7010513E-03  -4.9577309E-04   2.2771907E-04  -6.2978856E-03  -1.3967796E-04  -8.2189104E-04   1.1001396E-02   8.8749196E-03   4.4106387E-06   6.1562294E-05
  6.5171993E-07  -1.2050055E-07   2.9353438E-06  -7.4002015E-06   1.1639983E-04  -4.4456883E-06   2.7541216E-05  -5.6350076E-06  -1.6969542E-01   8.7697767E-02   2.0157896E-03  -1.2249612E-01   5.6005548E-02   4.9608139E-03  -1.7166190E-02   4.9070720E-04  -4.1720671E-02  -7.8958188E-05   4.4428012E-03   8.8749196E-03   2.6734218E-02   2.7999526E-06   6.1159627E-05
 -5.6288051E-09  -2.7572088E-09  -2.2551328E-08  -8.7631757E-09  -8.9221701E-07   3.9971129E-07  -6.9424670E-07  -9.9789121E-09   6.4329446E-03   3.3146923E-04   1.1307131E-03  -4.1353965E-04   4.5153143E-04   1.7807853E-05  -1.2943072E-05   6.9346126E-06  -3.3901658E-04   4.0926989E-05  -8.0363423E-05   4.4106387E-06   2.7999526E-06   1.1217732E-06   9.0726782E-08
  5.2211485E-09   2.7002042E-08   1.0495029E-07  -7.0425228E-08   2.9490250E-06   6.4489596E-07   6.3174162E-07  -2.6262807E-08   4.3745126E-03   1.4251383E-03  -7.6671449E-03   3.5135872E-03  -1.6093564E-04  -3.7558346E-05   1.0111749E-04  -1.6738833E-05   5.3280895E-05  -3.6765370E-06  -3.9973397E-05   6.1562294E-05   6.1159627E-05   9.0726782E-08   2.4771899E-06
