# omegabh2 omegach2 theta tau yhe logA ns calPlanck aps100 aps143 aps217 acib217 asz143 psr cibr xi aksz dust100 dust143 dust217 dust143x217 cal0 cal2
  5.8544338E-08  -5.1635844E-08   1.0624507E-07   3.7829600E-07   2.7492567E-06   1.4423949E-06   1.2550775E-06   1.1472036E-08   5.1533552E-04   2.3999899E-04  -1.4006390E-05   1.0643264E-04  -3.7018155E-06  -1.4894536E-08   2.7208404E-06   2.7700717E-08   1.8578137E-05   8.2511964E-07   2.4966131E-06  -2.9504200E-07   3.0430432E-07  -5.2973109E-09   5.6206868E-09
 -5.1635844E-08   1.1974131E-06  -1.2865848E-08  -2.9330559E-06   7.7439703E-07  -3.2966418E-06  -2.2560886E-06  -1.9798376E-07   9.0785248E-04   6.9879793E-04  -5.5312491E-05   2.0750302E-04  -5.7761222E-05  -3.0142472E-06   2.9200323E-06  -2.6330129E-06   1.3637181E-04   8.4132915E-07   3.5034916E-06  -9.0224908E-07   1.1637911E-06  -1.7494210E-08   1.7214063E-08
  1.0624507E-07  -1.2865848E-08   5.3842747E-07   6.1258819E-07   1.1558395E-05   4.2790138E-06   4.6529199E-06   2.6512337E-08   4.3114276E-03   2.6805457E-03  -4.7096110E-04   1.2313677E-03  -1.1542264E-04  -6.9755680E-06   2.4464728E-05  -1.2230336E-05   2.9394475E-04   2.9639339E-06   8.6300385E-06  -4.6376600E-06   1.4707428E-06  -1.8800090E-08   1.0553234E-07
  3.7829600E-07  -2.9330559E-06   6.1258819E-07   5.4982026E-05   9.3839524E-06   1.0375406E-04   1.2844506E-05  -4.8522989E-07  -3.0789472E-03  -1.6829503E-03  -5.4860515E-04   1.1466646E-04   5.7198201E-04  -2.6074439E-06   4.1345665E-05  -2.3113308E-05  -1.1332112E-03   1.0202770E-05   1.4563323E-05  -5.5697224E-06  -9.6055263E-06  -2.0049723E-07  -1.2405009E-07
  2.7492567E-06   7.7439703E-07   1.1558395E-05   9.3839524E-06   3.6355592E-04   1.0973755E-04   1.3594187E-04  -2.0678796E-07   1.3234135E-01   8.7997787E-02  -1.3750961E-02   3.7508628E-02  -4.2572668E-03  -1.9970232E-04   6.7284414E-04  -3.4751152E-04   9.4465042E-03   1.6241943E-04   2.8665042E-04  -1.3532276E-04   1.0401392E-04  -8.7896628E-07   2.8687730E-06
  1.4423949E-06  -3.2966418E-06   4.2790138E-06   1.0375406E-04   1.0973755E-04   2.5003113E-04   5.3000660E-05   1.0436919E-05   3.4150917E-02   2.0700427E-02   4.8083130E-04   9.7291443E-03   3.1974589E-05  -5.0082559E-05   2.2754036E-04  -1.3453716E-04  -4.0856170E-04   2.9585149E-05   1.7759235E-05  -2.8050776E-05  -9.1753896E-06  -1.6494330E-07   5.3780762E-07
  1.2550775E-06  -2.2560886E-06   4.6529199E-06   1.2844506E-05   1.3594187E-04   5.3000660E-05   6.7183933E-05   3.0044797E-07   2.5379516E-02   2.4996501E-02   5.2292925E-03   7.2720580E-03  -9.3116507E-04  -3.4407038E-06   1.4474430E-04  -6.6910488E-05   1.2650546E-03   6.7553973E-05   8.2483392E-05  -2.0677753E-05   1.9203198E-05  -6.3480363E-07   5.9276319E-07
  1.1472036E-08  -1.9798376E-07   2.6512337E-08  -4.8522989E-07  -2.0678796E-07   1.0436919E-05   3.0044797E-07   5.9836096E-06   3.6682158E-03   3.1214859E-04   3.1778874E-04   1.0308874E-03   2.0027817E-06  -8.4035306E-06   1.3709701E-05  -1.7468316E-05   2.4690743E-05  -6.7037781E-06   1.6816276E-06   3.0541817E-06  -4.9532017E-06  -6.7588861E-08  -1.8774917E-08
  5.1533552E-04   9.0785248E-04   4.3114276E-03  -3.0789472E-03   1.3234135E-01   3.4150917E-02   2.5379516E-02   3.6682158E-03   6.6046689E+02   9.3367471E+01  -6.7295352E+01   4.8655128E+01  -2.6842385E+01  -8.5825879E-01   1.2166958E-01  -2.8636346E-01   1.5050120E+01   2.2728202E-02   3.9383976E-01  -3.5387114E-01  -1.9071235E-01   6.4089013E-03   4.1742357E-03
  2.3999899E-04   6.9879793E-04   2.6805457E-03  -1.6829503E-03   8.7997787E-02   2.0700427E-02   2.4996501E-02   3.1214859E-04   9.3367471E+01   8.8590969E+01   4.5986355E+00   1.6317196E+01  -2.0983474E+00  -7.4820422E-02   5.6422548E-01   7.8199958E-01  -4.9651301E+00   1.5281097E-02  -1.2876606E-01  -9.2003122E-05   7.2700409E-02   3.4438907E-04   1.3044777E-03
 -1.4006390E-05  -5.5312491E-05  -4.7096110E-04  -5.4860515E-04  -1.3750961E-02   4.8083130E-04   5.2292925E-03   3.1778874E-04  -6.7295352E+01   4.5986355E+00   1.7157859E+02  -8.4891860E+01   1.5739259E+00   3.0870896E-01  -1.0660858E+00   3.3983846E-01  -6.1388380E+00   2.7448634E-03  -2.2899552E-01   5.6020750E-01  -7.4330330E-03   9.4464935E-04  -7.7301330E-03
  1.0643264E-04   2.0750302E-04   1.2313677E-03   1.1466646E-04   3.7508628E-02   9.7291443E-03   7.2720580E-03   1.0308874E-03   4.8655128E+01   1.6317196E+01  -8.4891860E+01   5.7281839E+01   1.7350316E+00  -5.9600616E-02   8.1219170E-01  -2.7586944E-01  -2.2256237E+00   2.1605221E-02   1.6871077E-01  -4.7242465E-01  -1.1505565E-01  -2.6082071E-04   3.5456455E-03
 -3.7018155E-06  -5.7761222E-05  -1.1542264E-04   5.7198201E-04  -4.2572668E-03   3.1974589E-05  -9.3116507E-04   2.0027817E-06  -2.6842385E+01  -2.0983474E+00   1.5739259E+00   1.7350316E+00   4.4258650E+00   9.4366156E-02   1.5535942E-01  -5.4444977E-02  -3.6675815E+00  -8.2605308E-03  -9.6817798E-03   1.2062324E-02   5.4333988E-02   4.6125396E-04  -1.5170420E-04
 -1.4894536E-08  -3.0142472E-06  -6.9755680E-06  -2.6074439E-06  -1.9970232E-04  -5.0082559E-05  -3.4407038E-06  -8.4035306E-06  -8.5825879E-01  -7.4820422E-02   3.0870896E-01  -5.9600616E-02   9.4366156E-02   1.6152952E-02  -1.6776245E-02   1.2217352E-02  -1.0055080E-01  -4.5681672E-04  -1.7459700E-03  -2.7203665E-03   4.8634181E-03   1.7994293E-05  -3.6478904E-05
  2.7208404E-06   2.9200323E-06   2.4464728E-05   4.1345665E-05   6.7284414E-04   2.2754036E-04   1.4474430E-04   1.3709701E-05   1.2166958E-01   5.6422548E-01  -1.0660858E+00   8.1219170E-01   1.5535942E-01  -1.6776245E-02   6.7264520E-02   1.6729044E-03  -1.4733712E-01   1.4100431E-03   7.9363197E-03  -4.5083120E-04  -1.7002537E-02  -7.9803243E-06   1.0120602E-04
  2.7700717E-08  -2.6330129E-06  -1.2230336E-05  -2.3113308E-05  -3.4751152E-04  -1.3453716E-04  -6.6910488E-05  -1.7468316E-05  -2.8636346E-01   7.8199958E-01   3.3983846E-01  -2.7586944E-01  -5.4444977E-02   1.2217352E-02   1.6729044E-03   8.1983671E-02   3.7198710E-02  -7.5711822E-04   3.2654131E-04   1.0854768E-04   1.0550234E-04   6.9289431E-06  -1.7819379E-05
  1.8578137E-05   1.3637181E-04   2.9394475E-04  -1.1332112E-03   9.4465042E-03  -4.0856170E-04   1.2650546E-03   2.4690743E-05   1.5050120E+01  -4.9651301E+00  -6.1388380E+00  -2.2256237E+00  -3.6675815E+00  -1.0055080E-01  -1.4733712E-01   3.7198710E-02   7.5275806E+00   1.0563436E-03   4.0416231E-03  -5.4911684E-03  -4.0295271E-02  -3.6431181E-04   4.7831895E-05
  8.2511964E-07   8.4132915E-07   2.9639339E-06   1.0202770E-05   1.6241943E-04   2.9585149E-05   6.7553973E-05  -6.7037781E-06   2.2728202E-02   1.5281097E-02   2.7448634E-03   2.1605221E-02  -8.2605308E-03  -4.5681672E-04   1.4100431E-03  -7.5711822E-04   1.0563436E-03   4.0262762E-02   2.6624930E-03  -7.8631729E-05  -1.3135270E-04   4.2736322E-05  -3.1263788E-06
  2.4966131E-06   3.5034916E-06   8.6300385E-06   1.4563323E-05   2.8665042E-04   1.7759235E-05   8.2483392E-05   1.6816276E-06   3.9383976E-01  -1.2876606E-01  -2.2899552E-01   1.6871077E-01  -9.6817798E-03  -1.7459700E-03   7.9363197E-03   3.2654131E-04   4.0416231E-03   2.6624930E-03   2.9912281E-02  -7.5478674E-04   4.6004136E-03  -7.8009365E-05  -4.0150484E-05
 -2.9504200E-07  -9.0224908E-07  -4.6376600E-06  -5.5697224E-06  -1.3532276E-04  -2.8050776E-05  -2.0677753E-05   3.0541817E-06  -3.5387114E-01  -9.2003122E-05   5.6020750E-01  -4.7242465E-01   1.2062324E-02  -2.7203665E-03  -4.5083120E-04   1.0854768E-04  -5.4911684E-03  -7.8631729E-05  -7.5478674E-04   1.0912739E-02   8.6356211E-03   1.9806980E-06   6.0403855E-05
  3.0430432E-07   1.1637911E-06   1.4707428E-06  -9.6055263E-06   1.0401392E-04  -9.1753896E-06   1.9203198E-05  -4.9532017E-06  -1.9071235E-01   7.2700409E-02  -7.4330330E-03  -1.1505565E-01   5.4333988E-02   4.8634181E-03  -1.7002537E-02   1.0550234E-04  -4.0295271E-02  -1.3135270E-04   4.6004136E-03   8.6356211E-03   2.6260266E-02  -7.6176251E-07   6.0163993E-05
 -5.2973109E-09  -1.7494210E-08  -1.8800090E-08  -2.0049723E-07  -8.7896628E-07  -1.6494330E-07  -6.3480363E-07  -6.7588861E-08   6.4089013E-03   3.4438907E-04   9.4464935E-04  -2.6082071E-04   4.6125396E-04   1.7994293E-05  -7.9803243E-06   6.9289431E-06  -3.6431181E-04   4.2736322E-05  -7.8009365E-05   1.9806980E-06  -7.6176251E-07   1.1072405E-06   8.1630417E-08
  5.6206868E-09   1.7214063E-08   1.0553234E-07  -1.2405009E-07   2.8687730E-06   5.3780762E-07   5.9276319E-07  -1.8774917E-08   4.1742357E-03   1.3044777E-03  -7.7301330E-03   3.5456455E-03  -1.5170420E-04  -3.6478904E-05   1.0120602E-04  -1.7819379E-05   4.7831895E-05  -3.1263788E-06  -4.0150484E-05   6.0403855E-05   6.0163993E-05   8.1630417E-08   2.4637093E-06
