# omegabh2 omegach2 theta tau logA ns r calPlanck aps100 aps143 aps217 acib217 asz143 psr cibr xi aksz dust100 dust143 dust217 dust143x217 cal0 cal2 calTE calEE
  2.3510118E-08  -8.4520891E-08   1.5091465E-08   2.4200799E-07   4.0910031E-07   2.6812770E-07   2.5218453E-08   2.5888668E-08  -4.0436200E-04  -2.6142753E-04   1.1658911E-04  -1.4621731E-04   1.7308682E-05   1.0202403E-06  -2.5656745E-06   1.3057517E-06  -3.1473246E-05   5.7688794E-08  -1.0786148E-06   8.9459615E-07  -5.9643290E-08   3.3932286E-09  -6.3533783E-09  -9.1329680E-08  -2.4000227E-07
 -8.4520891E-08   1.4134504E-06  -1.0055486E-07  -2.9084214E-06  -3.2923582E-06  -3.3285275E-06  -5.2810859E-06  -3.1873558E-07   1.1324877E-03   8.0352292E-04  -5.4202956E-04   4.6157553E-04  -5.2553558E-05  -5.2755447E-06   1.2093668E-05  -7.3978075E-06   1.5358680E-04   1.5192289E-06   8.6762178E-06  -2.6382042E-06  -1.3885995E-06  -4.7234228E-08   1.6545814E-08  -2.6301917E-07  -7.2590794E-07
  1.5091465E-08  -1.0055486E-07   9.4441190E-08   3.0315710E-07   5.3722776E-07   3.4684393E-07  -6.7814911E-08   2.9297762E-08  -9.4308254E-05  -1.7032098E-05   6.1456946E-05  -5.9790437E-05   2.7103947E-06   9.4325979E-08  -5.1471707E-08   2.1143540E-06  -1.2970889E-05  -1.0166066E-06  -1.7895679E-07   9.1151484E-07   4.7385124E-07   6.6701975E-10   2.1081532E-09  -4.5970829E-08   2.5208544E-08
  2.4200799E-07  -2.9084214E-06   3.0315710E-07   4.1129753E-05   7.3899259E-05   9.0128249E-06   3.0010615E-06  -4.9899060E-07  -7.2403916E-03  -3.4551806E-03   1.7937153E-03  -2.2411285E-03   2.5066012E-04   2.6067225E-05  -5.7125084E-05   3.6493798E-05  -6.5845645E-04  -2.1111590E-06  -2.1238178E-06   1.1198901E-05   1.0502479E-05  -1.1410641E-07  -1.4364788E-07  -2.3502012E-06  -1.1886640E-06
  4.0910031E-07  -3.2923582E-06   5.3722776E-07   7.3899259E-05   1.6319832E-04   1.0371035E-05  -9.9623390E-06   1.0404800E-05  -6.3688724E-03  -3.5121799E-03   1.0221681E-02  -4.7720764E-03   4.7768396E-04   6.8133242E-05  -1.3370991E-04   8.8866516E-05  -1.9682764E-03  -1.3044274E-05  -7.6406137E-05   4.1387633E-05   4.6361790E-07   3.0749255E-07  -3.1099214E-07  -5.5760131E-06  -1.7814017E-06
  2.6812770E-07  -3.3285275E-06   3.4684393E-07   9.0128249E-06   1.0371035E-05   1.8059219E-05   3.6735742E-05   8.4323026E-07  -2.3456840E-02  -7.7026347E-03   9.5215365E-03  -6.5131133E-03   5.7470438E-04   7.0440272E-05  -1.2929054E-04   7.6021524E-05  -2.1897822E-03   1.0190601E-05  -4.5108893E-05   3.5183193E-05  -3.7151329E-06  -2.2066541E-07  -2.8434081E-07  -7.6432580E-08  -2.1774648E-06
  2.5218453E-08  -5.2810859E-06  -6.7814911E-08   3.0010615E-06  -9.9623390E-06   3.6735742E-05   1.8968060E-03   2.7399979E-06  -4.3750118E-02  -7.4461008E-03   2.9958040E-02  -1.6758732E-02   6.0525768E-04   1.9571471E-04  -3.9183536E-04   1.2033371E-04  -3.8957012E-03  -1.4452501E-04  -8.7408382E-05   9.3180917E-05   1.4581383E-05  -7.8214149E-07  -1.0825685E-06   2.7997702E-06   2.7641523E-06
  2.5888668E-08  -3.1873558E-07   2.9297762E-08  -4.9899060E-07   1.0404800E-05   8.4323026E-07   2.7399979E-06   6.0858570E-06   3.1740787E-03   4.0840893E-04   1.4274271E-03   4.5363635E-04   1.1445720E-05  -5.1138418E-08   1.9235450E-06  -3.8082170E-06  -5.0435510E-05   1.9688324E-06   6.5426099E-07   6.7960958E-06  -1.7980810E-06   1.2720299E-09  -4.5506484E-08  -3.9572501E-07  -1.4771416E-07
 -4.0436200E-04   1.1324877E-03  -9.4308254E-05  -7.2403916E-03  -6.3688724E-03  -2.3456840E-02  -4.3750118E-02   3.1740787E-03   6.0945752E+02   5.7807237E+01  -5.3422322E+01   2.8541033E+01  -2.5423566E+01  -8.6271484E-01  -1.2409265E-01  -2.1250330E-01   1.0864374E+01  -2.0918354E-01   2.9267930E-01  -2.1959947E-01  -2.1712087E-01   6.5112758E-03   3.0786138E-03   3.1496856E-03   7.0531645E-03
 -2.6142753E-04   8.0352292E-04  -1.7032098E-05  -3.4551806E-03  -3.5121799E-03  -7.7026347E-03  -7.4461008E-03   4.0840893E-04   5.7807237E+01   6.6635803E+01   9.3005692E+00   6.2051592E+00  -3.3277625E-01  -2.3407363E-02   4.6214877E-01   8.8945383E-01  -8.3929130E+00  -3.6101649E-02  -2.2292578E-01   5.3315595E-02   5.3324389E-02   8.1661779E-04   6.9402514E-04   2.6046423E-03   5.1339286E-03
  1.1658911E-04  -5.4202956E-04   6.1456946E-05   1.7937153E-03   1.0221681E-02   9.5215365E-03   2.9958040E-02   1.4274271E-03  -5.3422322E+01   9.3005692E+00   1.7404748E+02  -8.2448777E+01   2.7526341E+00   3.5550766E-01  -1.1011789E+00   3.6225655E-01  -7.2796345E+00  -4.6748286E-02  -2.6215008E-01   5.4978798E-01   6.3256690E-03   1.8443870E-03  -7.7191078E-03   2.3457348E-03   2.9247028E-03
 -1.4621731E-04   4.6157553E-04  -5.9790437E-05  -2.2411285E-03  -4.7720764E-03  -6.5131133E-03  -1.6758732E-02   4.5363635E-04   2.8541033E+01   6.2051592E+00  -8.2448777E+01   5.1518499E+01   1.6659196E+00  -4.9561104E-02   7.5578731E-01  -2.6719601E-01  -2.7223470E+00   2.4430617E-02   1.6351197E-01  -4.4844004E-01  -1.1935236E-01  -6.2837807E-04   3.0753778E-03  -7.1691671E-04   8.2545666E-07
  1.7308682E-05  -5.2553558E-05   2.7103947E-06   2.5066012E-04   4.7768396E-04   5.7470438E-04   6.0525768E-04   1.1445720E-05  -2.5423566E+01  -3.3277625E-01   2.7526341E+00   1.6659196E+00   4.3531105E+00   1.0572605E-01   1.5366369E-01  -4.0201355E-02  -3.5478720E+00  -4.0207477E-03  -4.8299735E-03   7.6553398E-03   5.2534581E-02   4.6049871E-04  -2.6484471E-04  -1.8567724E-04  -2.6195977E-04
  1.0202403E-06  -5.2755447E-06   9.4325979E-08   2.6067225E-05   6.8133242E-05   7.0440272E-05   1.9571471E-04  -5.1138418E-08  -8.6271484E-01  -2.3407363E-02   3.5550766E-01  -4.9561104E-02   1.0572605E-01   1.6606327E-02  -1.6644485E-02   1.1857313E-02  -1.0463139E-01  -3.8682737E-04  -1.3457995E-03  -2.6206236E-03   5.1413573E-03   1.8525219E-05  -3.7817383E-05   5.5997343E-06   7.6132261E-06
 -2.5656745E-06   1.2093668E-05  -5.1471707E-08  -5.7125084E-05  -1.3370991E-04  -1.2929054E-04  -3.9183536E-04   1.9235450E-06  -1.2409265E-01   4.6214877E-01  -1.1011789E+00   7.5578731E-01   1.5366369E-01  -1.6644485E-02   6.8952969E-02   4.0294053E-03  -1.6035042E-01   1.3034249E-03   6.9655906E-03  -5.2475098E-04  -1.7844069E-02  -8.1553380E-06   9.7026222E-05  -1.0664029E-05  -5.5058919E-06
  1.3057517E-06  -7.3978075E-06   2.1143540E-06   3.6493798E-05   8.8866516E-05   7.6021524E-05   1.2033371E-04  -3.8082170E-06  -2.1250330E-01   8.8945383E-01   3.6225655E-01  -2.6719601E-01  -4.0201355E-02   1.1857313E-02   4.0294053E-03   8.3196211E-02   4.0643714E-02  -6.6417210E-05  -5.6038205E-05   1.1071500E-03   5.1458143E-04   1.4318572E-05  -6.0508581E-06   3.2609299E-05   3.0079857E-05
 -3.1473246E-05   1.5358680E-04  -1.2970889E-05  -6.5845645E-04  -1.9682764E-03  -2.1897822E-03  -3.8957012E-03  -5.0435510E-05   1.0864374E+01  -8.3929130E+00  -7.2796345E+00  -2.7223470E+00  -3.5478720E+00  -1.0463139E-01  -1.6035042E-01   4.0643714E-02   7.3770200E+00  -3.8180762E-04  -4.2264781E-03  -3.4738133E-03  -4.7171793E-02  -3.6942225E-04   7.3199962E-05  -3.1163153E-04  -3.0453622E-04
  5.7688794E-08   1.5192289E-06  -1.0166066E-06  -2.1111590E-06  -1.3044274E-05   1.0190601E-05  -1.4452501E-04   1.9688324E-06  -2.0918354E-01  -3.6101649E-02  -4.6748286E-02   2.4430617E-02  -4.0207477E-03  -3.8682737E-04   1.3034249E-03  -6.6417210E-05  -3.8180762E-04   3.7598166E-02   3.2849967E-03  -1.9340861E-04   1.3211487E-04   3.1015223E-05  -3.1631471E-06  -8.6077699E-06  -2.3900048E-05
 -1.0786148E-06   8.6762178E-06  -1.7895679E-07  -2.1238178E-06  -7.6406137E-05  -4.5108893E-05  -8.7408382E-05   6.5426099E-07   2.9267930E-01  -2.2292578E-01  -2.6215008E-01   1.6351197E-01  -4.8299735E-03  -1.3457995E-03   6.9655906E-03  -5.6038205E-05  -4.2264781E-03   3.2849967E-03   3.0786495E-02  -7.1320563E-04   5.4244663E-03  -8.0156075E-05  -4.4395359E-05  -7.7031637E-05  -8.4017594E-05
  8.9459615E-07  -2.6382042E-06   9.1151484E-07   1.1198901E-05   4.1387633E-05   3.5183193E-05   9.3180917E-05   6.7960958E-06  -2.1959947E-01   5.3315595E-02   5.4978798E-01  -4.4844004E-01   7.6553398E-03  -2.6206236E-03  -5.2475098E-04   1.1071500E-03  -3.4738133E-03  -1.9340861E-04  -7.1320563E-04   1.0650006E-02   8.4671017E-03   4.3389797E-06   6.2571809E-05   7.9935562E-06   2.4881187E-06
 -5.9643290E-08  -1.3885995E-06   4.7385124E-07   1.0502479E-05   4.6361790E-07  -3.7151329E-06   1.4581383E-05  -1.7980810E-06  -2.1712087E-01   5.3324389E-02   6.3256690E-03  -1.1935236E-01   5.2534581E-02   5.1413573E-03  -1.7844069E-02   5.1458143E-04  -4.7171793E-02   1.3211487E-04   5.4244663E-03   8.4671017E-03   2.6209364E-02  -4.1155573E-06   5.5591839E-05  -1.8022740E-05  -8.1004972E-06
  3.3932286E-09  -4.7234228E-08   6.6701975E-10  -1.1410641E-07   3.0749255E-07  -2.2066541E-07  -7.8214149E-07   1.2720299E-09   6.5112758E-03   8.1661779E-04   1.8443870E-03  -6.2837807E-04   4.6049871E-04   1.8525219E-05  -8.1553380E-06   1.4318572E-05  -3.6942225E-04   3.1015223E-05  -8.0156075E-05   4.3389797E-06  -4.1155573E-06   1.1055216E-06   3.9518898E-08   3.3233890E-07   6.3012167E-07
 -6.3533783E-09   1.6545814E-08   2.1081532E-09  -1.4364788E-07  -3.1099214E-07  -2.8434081E-07  -1.0825685E-06  -4.5506484E-08   3.0786138E-03   6.9402514E-04  -7.7191078E-03   3.0753778E-03  -2.6484471E-04  -3.7817383E-05   9.7026222E-05  -6.0508581E-06   7.3199962E-05  -3.1631471E-06  -4.4395359E-05   6.2571809E-05   5.5591839E-05   3.9518898E-08   2.4693411E-06   2.6057710E-07   1.9680336E-07
 -9.1329680E-08  -2.6301917E-07  -4.5970829E-08  -2.3502012E-06  -5.5760131E-06  -7.6432580E-08   2.7997702E-06  -3.9572501E-07   3.1496856E-03   2.6046423E-03   2.3457348E-03  -7.1691671E-04  -1.8567724E-04   5.5997343E-06  -1.0664029E-05   3.2609299E-05  -3.1163153E-04  -8.6077699E-06  -7.7031637E-05   7.9935562E-06  -1.8022740E-05   3.3233890E-07   2.6057710E-07   2.4001623E-05   8.5016683E-06
 -2.4000227E-07  -7.2590794E-07   2.5208544E-08  -1.1886640E-06  -1.7814017E-06  -2.1774648E-06   2.7641523E-06  -1.4771416E-07   7.0531645E-03   5.1339286E-03   2.9247028E-03   8.2545666E-07  -2.6195977E-04   7.6132261E-06  -5.5058919E-06   3.0079857E-05  -3.0453622E-04  -2.3900048E-05  -8.4017594E-05   2.4881187E-06  -8.1004972E-06   6.3012167E-07   1.9680336E-07   8.5016683E-06   2.4609821E-05
