# omegabh2 omegach2 theta tau logA ns calPlanck acib217 xi asz143 aps100 aps143 aps143217 aps217 aksz kgal100 kgal143 kgal143217 kgal217 cal0 cal2
  3.6468535E-08  -4.4417043E-08   1.9564437E-08   2.2681909E-07   4.4692722E-07   2.5004659E-07   2.1054979E-09  -1.4120350E-04   2.6047433E-06   4.3862602E-05  -7.9471033E-04  -4.2207811E-04  -1.1390121E-04  -1.0062836E-05  -6.2342480E-05   3.7638623E-06  -3.0390748E-06  -1.4211258E-06   3.8813649E-05   4.4124477E-09  -1.7257458E-09
 -4.4417043E-08   1.1917343E-06  -3.3980619E-08  -3.0187371E-06  -3.7689600E-06  -2.5040530E-06  -2.8482324E-07  -1.3656357E-05  -5.4533048E-07  -8.6511127E-05   4.9717200E-04   2.6235483E-04   3.5351086E-05   9.1592495E-05   1.0264566E-04   4.6517072E-05   2.5562953E-05  -3.0683253E-05  -4.5853794E-05  -1.4851456E-08   2.2850933E-10
  1.9564437E-08  -3.3980619E-08   1.7703364E-07   3.7839414E-07   9.4161279E-07   3.4583205E-07   2.9534533E-08  -4.5415676E-05   3.2319297E-06   2.1735596E-05  -5.8463190E-05  -7.2214184E-06   8.2844631E-05   5.9697990E-05  -2.7382307E-05   6.7221806E-07   2.5744259E-06   3.2399496E-05   5.1615065E-05   1.2807928E-08  -7.9504266E-09
  2.2681909E-07  -3.0187371E-06   3.7839414E-07   5.5176932E-05   1.0131489E-04   8.8706867E-06  -5.0310674E-07  -8.7504353E-04  -1.4941037E-06   9.3895380E-04  -8.6482880E-03  -3.3518904E-03  -7.9196519E-04  -6.0652944E-04  -1.0353934E-03   1.6988310E-04   1.0801025E-04   7.1182026E-04   9.8202715E-04  -2.4267985E-08  -5.7976483E-08
  4.4692722E-07  -3.7689600E-06   9.4161279E-07   1.0131489E-04   2.1622060E-04   1.1722647E-05   1.0337182E-05  -2.2891019E-03   3.0152740E-05   1.5200544E-03  -1.1183500E-02  -6.1229638E-03  -1.4591182E-04   4.3372197E-03  -2.3884868E-03   7.0467917E-05  -1.6244114E-04   5.3025690E-04   3.1046519E-03   1.3979158E-07  -1.2810776E-07
  2.5004659E-07  -2.5040530E-06   3.4583205E-07   8.8706867E-06   1.1722647E-05   1.6599248E-05   8.3672270E-07  -4.4818864E-03   1.0780111E-04   1.3136751E-03  -2.7344539E-02  -7.2678964E-03   2.5414447E-03   5.3038736E-03  -2.7539781E-03   4.0541312E-04  -3.0450126E-04  -1.9050636E-04   1.4606183E-03  -1.2676480E-08  -6.2556292E-08
  2.1054979E-09  -2.8482324E-07   2.9534533E-08  -5.0310674E-07   1.0337182E-05   8.3672270E-07   6.0495014E-06   5.7654782E-04  -3.8914766E-06  -6.8061435E-05   4.2819255E-03  -1.4365888E-05  -1.5447914E-04   1.0437050E-03   1.1459560E-04   2.2335749E-05   8.8301792E-05  -1.3947628E-04   7.4568660E-04   1.3322576E-08   1.6239626E-08
 -1.4120350E-04  -1.3656357E-05  -4.5415676E-05  -8.7504353E-04  -2.2891019E-03  -4.4818864E-03   5.7654782E-04   4.5843204E+01  -3.5479715E-01  -1.2607013E+00   3.7320452E+01   2.9596280E+00  -1.3622672E+01  -5.7237539E+01   1.7931772E-01   8.5691315E-02   5.0895109E-01  -6.1968434E+00  -3.4383672E+01  -2.6671915E-04   7.6146378E-04
  2.6047433E-06  -5.4533048E-07   3.2319297E-06  -1.4941037E-06   3.0152740E-05   1.0780111E-04  -3.8914766E-06  -3.5479715E-01   8.1449732E-02  -5.2638186E-02  -4.4960560E-01   8.2251011E-01   1.5779195E+00   5.4079054E-01   5.4255079E-02  -9.8167070E-03   1.0520736E-02   8.8403965E-02   1.0461456E-01   2.4919777E-06  -2.1612461E-06
  4.3862602E-05  -8.6511127E-05   2.1735596E-05   9.3895380E-04   1.5200544E-03   1.3136751E-03  -6.8061435E-05  -1.2607013E+00  -5.2638186E-02   3.9993552E+00  -3.1657412E+01  -3.3674473E+00   8.2156793E+00   6.2410091E+00  -3.0017183E+00  -1.8961082E-01   1.6405546E-01   2.7002664E+00   3.5315896E+00   1.1832455E-04  -4.7438992E-05
 -7.9471033E-04   4.9717200E-04  -5.8463190E-05  -8.6482880E-03  -1.1183500E-02  -2.7344539E-02   4.2819255E-03   3.7320452E+01  -4.4960560E-01  -3.1657412E+01   8.0914523E+02   7.7179219E+01  -5.3382254E+01  -6.2314796E+01   1.5442636E+01  -7.0299007E+00   6.7690914E+00  -1.0823068E+01  -2.1624307E+01   3.5336925E-03   5.8718442E-04
 -4.2207811E-04   2.6235483E-04  -7.2214184E-06  -3.3518904E-03  -6.1229638E-03  -7.2678964E-03  -1.4365888E-05   2.9596280E+00   8.2251011E-01  -3.3674473E+00   7.7179219E+01   6.2916571E+01   3.8944033E+01   1.4496955E+01  -4.9262920E+00  -6.2066077E-01  -8.6636016E-01   3.7019158E+00   4.1021050E+00   1.4769958E-05   9.1726542E-05
 -1.1390121E-04   3.5351086E-05   8.2844631E-05  -7.9196519E-04  -1.4591182E-04   2.5414447E-03  -1.5447914E-04  -1.3622672E+01   1.5779195E+00   8.2156793E+00  -5.3382254E+01   3.8944033E+01   8.5544457E+01   5.5508198E+01  -1.2854811E+01  -8.7168558E-01  -2.7520584E-01   5.0959407E+00   8.6600348E+00   4.3917493E-04  -4.8291966E-04
 -1.0062836E-05   9.1592495E-05   5.9697990E-05  -6.0652944E-04   4.3372197E-03   5.3038736E-03   1.0437050E-03  -5.7237539E+01   5.4079054E-01   6.2410091E+00  -6.2314796E+01   1.4496955E+01   5.5508198E+01   1.0894723E+02  -1.0391072E+01  -5.9418420E-01  -8.8607296E-01   6.4792439E+00   3.5794640E+01   5.6311735E-04  -1.4275728E-03
 -6.2342480E-05   1.0264566E-04  -2.7382307E-05  -1.0353934E-03  -2.3884868E-03  -2.7539781E-03   1.1459560E-04   1.7931772E-01   5.4255079E-02  -3.0017183E+00   1.5442636E+01  -4.9262920E+00  -1.2854811E+01  -1.0391072E+01   6.3841246E+00   1.1459361E-01  -3.2061140E-01  -2.3217045E+00  -2.6146339E+00  -1.0870634E-04   1.9864514E-05
  3.7638623E-06   4.6517072E-05   6.7221806E-07   1.6988310E-04   7.0467917E-05   4.0541312E-04   2.2335749E-05   8.5691315E-02  -9.8167070E-03  -1.8961082E-01  -7.0299007E+00  -6.2066077E-01  -8.7168558E-01  -5.9418420E-01   1.1459361E-01   3.3939505E+00   4.7631390E-01   5.7812045E-02   1.8416322E-01   1.7699292E-04   3.4843373E-05
 -3.0390748E-06   2.5562953E-05   2.5744259E-06   1.0801025E-04  -1.6244114E-04  -3.0450126E-04   8.8301792E-05   5.0895109E-01   1.0520736E-02   1.6405546E-01   6.7690914E+00  -8.6636016E-01  -2.7520584E-01  -8.8607296E-01  -3.2061140E-01   4.7631390E-01   3.2523491E+00   2.8557752E+00   2.9326801E+00  -1.9162877E-04  -5.4703863E-05
 -1.4211258E-06  -3.0683253E-05   3.2399496E-05   7.1182026E-04   5.3025690E-04  -1.9050636E-04  -1.3947628E-04  -6.1968434E+00   8.8403965E-02   2.7002664E+00  -1.0823068E+01   3.7019158E+00   5.0959407E+00   6.4792439E+00  -2.3217045E+00   5.7812045E-02   2.8557752E+00   1.1116427E+01   1.9793723E+01  -2.5419153E-05   3.8097368E-04
  3.8813649E-05  -4.5853794E-05   5.1615065E-05   9.8202715E-04   3.1046519E-03   1.4606183E-03   7.4568660E-04  -3.4383672E+01   1.0461456E-01   3.5315896E+00  -2.1624307E+01   4.1021050E+00   8.6600348E+00   3.5794640E+01  -2.6146339E+00   1.8416322E-01   2.9326801E+00   1.9793723E+01   5.4546481E+01   1.2111677E-04   8.6960295E-04
  4.4124477E-09  -1.4851456E-08   1.2807928E-08  -2.4267985E-08   1.3979158E-07  -1.2676480E-08   1.3322576E-08  -2.6671915E-04   2.4919777E-06   1.1832455E-04   3.5336925E-03   1.4769958E-05   4.3917493E-04   5.6311735E-04  -1.0870634E-04   1.7699292E-04  -1.9162877E-04  -2.5419153E-05   1.2111677E-04   3.8604803E-07   7.3915579E-09
 -1.7257458E-09   2.2850933E-10  -7.9504266E-09  -5.7976483E-08  -1.2810776E-07  -6.2556292E-08   1.6239626E-08   7.6146378E-04  -2.1612461E-06  -4.7438992E-05   5.8718442E-04   9.1726542E-05  -4.8291966E-04  -1.4275728E-03   1.9864514E-05   3.4843373E-05  -5.4703863E-05   3.8097368E-04   8.6960295E-04   7.3915579E-09   3.9057817E-07
