# omegabh2 omegach2 theta tau mnu logA ns calPlanck acib217 xi asz143 aps100 aps143 aps143217 aps217 aksz kgal100 kgal143 kgal143217 kgal217 galfTE100 galfTE100143 galfTE100217 galfTE143 galfTE143217 galfTE217 cal0 cal2
  1.7955033E-08  -5.2402350E-08   1.0224294E-08   1.5086461E-07   4.7918227E-07   2.7363034E-07   1.5030965E-07   9.0930900E-09  -8.2029921E-05   1.8725136E-06   1.5923373E-05  -3.0117745E-04  -1.8744783E-04  -4.9099250E-05   1.3255706E-05  -2.8752104E-05  -3.9674235E-06  -6.0275504E-06  -6.6753009E-06   2.4139353E-05  -9.9529971E-08  -8.0709823E-08  -2.7768378E-07  -2.7226743E-07  -5.1717636E-07  -1.4640431E-06   2.8672663E-09  -4.5046142E-10
 -5.2402350E-08   9.4668672E-07  -4.5773080E-08  -1.3261580E-06  -9.0773202E-06  -3.9736499E-07  -2.2308027E-06  -6.2097119E-08   9.1447440E-05  -1.8095912E-07  -8.1408226E-06   8.8768389E-05   6.0658637E-04   4.2423166E-04   2.2338681E-04  -1.7347137E-05   3.1121787E-06  -2.9256045E-05   3.4004990E-05   3.3023927E-05   3.8573637E-07  -1.4483078E-07   3.4174985E-07   1.2457987E-06   1.8453328E-06   8.5800624E-06  -5.5586540E-09   7.5974338E-09
  1.0224294E-08  -4.5773080E-08   8.4650573E-08   1.4670442E-07   3.5455963E-07   2.5177137E-07   2.3150523E-07  -3.1097640E-09  -9.4594318E-06  -1.0090070E-06  -4.0731038E-08   5.9595685E-05  -5.4756356E-05  -6.7059962E-05  -4.8219340E-05   1.1878357E-05  -2.8956697E-06   1.6736400E-06  -7.6632149E-07   1.3033379E-05   1.0155882E-08  -2.8588152E-07   1.8720517E-07  -6.4381850E-07  -1.5846926E-07   4.6881876E-07   2.3354599E-09  -5.5672701E-10
  1.5086461E-07  -1.3261580E-06   1.4670442E-07   5.9569923E-05   2.2319009E-05   1.1586623E-04   5.8608638E-06  -1.5690598E-07  -2.8103266E-03   2.9207381E-05   5.3805723E-04  -9.3630566E-03  -4.6271322E-03  -9.1593854E-05   2.7494223E-03  -1.1433741E-03  -3.1494514E-04  -2.9016320E-04  -5.6494524E-04   3.0677489E-04  -1.7273334E-06  -2.5110020E-06   5.0182919E-06  -7.6964306E-06  -6.0267885E-06  -1.0061479E-05   1.1180249E-07  -3.7445799E-08
  4.7918227E-07  -9.0773202E-06   3.5455963E-07   2.2319009E-05   1.4044914E-03   2.6923569E-05   2.0494887E-05   3.1059216E-06   3.4165101E-03   6.6483958E-05  -7.3124205E-04   1.5856295E-02   1.7367135E-03  -3.7736892E-04  -5.2709711E-03   7.9785934E-04   7.8407605E-04   9.2819837E-04  -5.0942365E-05   6.9198215E-04  -9.6083029E-07   4.6932063E-06   1.7010210E-05   4.7601276E-06  -2.2071787E-05  -5.5999266E-05  -1.5722438E-07   3.8065813E-07
  2.7363034E-07  -3.9736499E-07   2.5177137E-07   1.1586623E-04   2.6923569E-05   2.5928691E-04   5.5027626E-06   1.2189173E-05  -5.9464591E-03   1.1607400E-04   9.8717305E-04  -1.6855599E-02  -7.0750326E-03   3.0209947E-03   1.1877562E-02  -3.1315605E-03  -9.7118702E-04  -1.3656772E-03  -1.6200278E-03   2.1862502E-03   4.5847825E-08  -4.4119120E-06  -1.8673902E-06  -1.7469278E-05  -9.9869371E-06   7.1554645E-06   3.8990826E-07  -1.0204064E-07
  1.5030965E-07  -2.2308027E-06   2.3150523E-07   5.8608638E-06   2.0494887E-05   5.5027626E-06   1.3845464E-05   3.5592931E-07  -4.2022720E-03   8.5422860E-05   7.8434963E-04  -1.8993896E-02  -6.0682469E-03   1.2735151E-03   4.5530190E-03  -1.8340840E-03   2.5526269E-04  -2.0179800E-04  -2.9507482E-04   1.3566769E-03  -1.1163161E-06  -2.2088643E-06   1.7804317E-06  -6.8940995E-06  -6.8239573E-06  -1.5392431E-05  -4.3896276E-08  -8.5397625E-08
  9.0930900E-09  -6.2097119E-08  -3.1097640E-09  -1.5690598E-07   3.1059216E-06   1.2189173E-05   3.5592931E-07   6.2889526E-06   5.7004562E-04   4.4735696E-06  -3.6922459E-05   3.5468793E-03   5.4584590E-04   3.0008457E-04   1.4267534E-03  -3.3458871E-05  -2.1389248E-05  -4.0561567E-05   1.9780127E-05   8.2277680E-04   9.0739689E-07   1.0037767E-06  -5.2415087E-06  -1.3680963E-06  -9.0206324E-07   7.4859976E-06   1.4016851E-08  -2.4545633E-08
 -8.2029921E-05   9.1447440E-05  -9.4594318E-06  -2.8103266E-03   3.4165101E-03  -5.9464591E-03  -4.2022720E-03   5.7004562E-04   4.3917739E+01  -4.2763477E-01  -7.2421612E-01   3.6279855E+01   1.8389168E+00  -1.3499213E+01  -5.4532962E+01  -2.5277082E-01   3.4869108E-01   6.4456233E-01  -5.4346797E+00  -3.2297135E+01  -6.8693087E-04   8.3497997E-03  -3.5181232E-03   1.1923733E-02  -1.3510032E-03  -2.5195023E-02  -1.9017210E-04   6.9147069E-04
  1.8725136E-06  -1.8095912E-07  -1.0090070E-06   2.9207381E-05   6.6483958E-05   1.1607400E-04   8.5422860E-05   4.4735696E-06  -4.2763477E-01   8.0592753E-02  -3.8010883E-02  -5.5688277E-01   9.2176605E-01   1.7203353E+00   6.9769687E-01   3.6954702E-02  -1.1881676E-02   7.3850441E-03   1.0232616E-01   1.5647025E-01  -2.8646671E-05  -3.1137104E-05  -1.0297615E-04   1.5293777E-04   2.0290161E-04   1.4665353E-03   2.2498431E-06  -3.8236875E-06
  1.5923373E-05  -8.1408226E-06  -4.0731038E-08   5.3805723E-04  -7.3124205E-04   9.8717305E-04   7.8434963E-04  -3.6922459E-05  -7.2421612E-01  -3.8010883E-02   3.7604594E+00  -3.0187980E+01  -3.2494789E+00   7.3479079E+00   5.1288094E+00  -2.6105168E+00  -2.0390846E-01   8.9309328E-02   2.5070675E+00   2.9708595E+00  -4.1894015E-04  -1.9067316E-04   7.1307227E-04  -4.6077735E-05  -8.7990554E-04  -7.1566468E-03   1.0616551E-04  -2.9797842E-05
 -3.0117745E-04   8.8768389E-05   5.9595685E-05  -9.3630566E-03   1.5856295E-02  -1.6855599E-02  -1.8993896E-02   3.5468793E-03   3.6279855E+01  -5.5688277E-01  -3.0187980E+01   7.6445628E+02   6.4866946E+01  -5.7634360E+01  -6.4665611E+01   1.4369008E+01  -6.3012361E+00   5.6579904E+00  -1.1907607E+01  -2.3850324E+01   1.8134995E-02   6.8304561E-03  -2.8511479E-02   1.0775989E-03  -4.4083813E-03   6.4813519E-02   3.4696090E-03   3.9644859E-04
 -1.8744783E-04   6.0658637E-04  -5.4756356E-05  -4.6271322E-03   1.7367135E-03  -7.0750326E-03  -6.0682469E-03   5.4584590E-04   1.8389168E+00   9.2176605E-01  -3.2494789E+00   6.4866946E+01   6.1224703E+01   4.0178146E+01   1.4856470E+01  -5.0405347E+00  -1.2601134E-01  -1.2860295E+00   3.5458439E+00   4.4107094E+00   4.0962513E-03   4.0934978E-03  -4.0343416E-03   4.9877871E-05   3.7067966E-03   4.9292124E-02   4.4308975E-05   1.2010787E-04
 -4.9099250E-05   4.2423166E-04  -6.7059962E-05  -9.1593854E-05  -3.7736892E-04   3.0209947E-03   1.2735151E-03   3.0008457E-04  -1.3499213E+01   1.7203353E+00   7.3479079E+00  -5.7634360E+01   4.0178146E+01   8.4971301E+01   5.3767588E+01  -1.1653532E+01  -7.7188057E-01  -9.0936678E-01   4.4170588E+00   7.4158580E+00  -8.3091346E-04  -1.8286183E-03   1.9471694E-03   3.7265253E-03   7.1728809E-03   4.2524723E-02   4.0618088E-04  -3.6701316E-04
  1.3255706E-05   2.2338681E-04  -4.8219340E-05   2.7494223E-03  -5.2709711E-03   1.1877562E-02   4.5530190E-03   1.4267534E-03  -5.4532962E+01   6.9769687E-01   5.1288094E+00  -6.4665611E+01   1.4856470E+01   5.3767588E+01   1.0365495E+02  -9.0220448E+00  -7.9221662E-01  -1.5687016E+00   4.8880895E+00   3.2049730E+01   1.3762734E-03  -1.0677996E-02   6.2243195E-03  -1.2846070E-02   9.1672781E-03   4.7736911E-02   5.1506231E-04  -1.2976477E-03
 -2.8752104E-05  -1.7347137E-05   1.1878357E-05  -1.1433741E-03   7.9785934E-04  -3.1315605E-03  -1.8340840E-03  -3.3458871E-05  -2.5277082E-01   3.6954702E-02  -2.6105168E+00   1.4369008E+01  -5.0405347E+00  -1.1653532E+01  -9.0220448E+00   5.7026288E+00   5.3674312E-02  -1.1185777E-01  -2.0158719E+00  -2.2326384E+00  -6.5797599E-05   3.2774157E-04   5.5561066E-04   1.5058840E-03   2.1722296E-03   1.5014534E-03  -9.1395004E-05  -1.5671125E-05
 -3.9674235E-06   3.1121787E-06  -2.8956697E-06  -3.1494514E-04   7.8407605E-04  -9.7118702E-04   2.5526269E-04  -2.1389248E-05   3.4869108E-01  -1.1881676E-02  -2.0390846E-01  -6.3012361E+00  -1.2601134E-01  -7.7188057E-01  -7.9221662E-01   5.3674312E-02   3.4051601E+00   5.6623363E-01   1.9608597E-01   5.6700756E-02  -6.0929260E-04  -5.0904351E-04   3.8721430E-03  -1.7938653E-03   7.3518600E-05   4.8521354E-04   1.5891124E-04  -1.6067986E-05
 -6.0275504E-06  -2.9256045E-05   1.6736400E-06  -2.9016320E-04   9.2819837E-04  -1.3656772E-03  -2.0179800E-04  -4.0561567E-05   6.4456233E-01   7.3850441E-03   8.9309328E-02   5.6579904E+00  -1.2860295E+00  -9.0936678E-01  -1.5687016E+00  -1.1185777E-01   5.6623363E-01   3.1646438E+00   2.6582044E+00   2.6334610E+00  -1.2979313E-03  -2.3388761E-04  -1.5165810E-03   5.7559624E-04  -1.0051999E-03   3.2985392E-04  -1.9468091E-04  -3.8231904E-05
 -6.6753009E-06   3.4004990E-05  -7.6632149E-07  -5.6494524E-04  -5.0942365E-05  -1.6200278E-03  -2.9507482E-04   1.9780127E-05  -5.4346797E+00   1.0232616E-01   2.5070675E+00  -1.1907607E+01   3.5458439E+00   4.4170588E+00   4.8880895E+00  -2.0158719E+00   1.9608597E-01   2.6582044E+00   1.0635371E+01   1.8944575E+01  -1.5783633E-05   5.1341196E-04  -1.9703268E-03  -2.4462268E-03  -2.0992861E-03   8.3623025E-03  -6.2236940E-05   4.2060870E-04
  2.4139353E-05   3.3023927E-05   1.3033379E-05   3.0677489E-04   6.9198215E-04   2.1862502E-03   1.3566769E-03   8.2277680E-04  -3.2297135E+01   1.5647025E-01   2.9708595E+00  -2.3850324E+01   4.4107094E+00   7.4158580E+00   3.2049730E+01  -2.2326384E+00   5.6700756E-02   2.6334610E+00   1.8944575E+01   5.2623690E+01   4.5569695E-04  -3.2488086E-03  -1.5364779E-04  -1.0936993E-02  -5.9068864E-03   2.8691226E-02  -1.5219516E-05   9.6981247E-04
 -9.9529971E-08   3.8573637E-07   1.0155882E-08  -1.7273334E-06  -9.6083029E-07   4.5847825E-08  -1.1163161E-06   9.0739689E-07  -6.8693087E-04  -2.8646671E-05  -4.1894015E-04   1.8134995E-02   4.0962513E-03  -8.3091346E-04   1.3762734E-03  -6.5797599E-05  -6.0929260E-04  -1.2979313E-03  -1.5783633E-05   4.5569695E-04   1.4118385E-03   2.7168920E-04   8.0469615E-05  -3.6478270E-04  -4.8687180E-05  -7.6490218E-05   3.5424743E-07   1.9341284E-07
 -8.0709823E-08  -1.4483078E-07  -2.8588152E-07  -2.5110020E-06   4.6932063E-06  -4.4119120E-06  -2.2088643E-06   1.0037767E-06   8.3497997E-03  -3.1137104E-05  -1.9067316E-04   6.8304561E-03   4.0934978E-03  -1.8286183E-03  -1.0677996E-02   3.2774157E-04  -5.0904351E-04  -2.3388761E-04   5.1341196E-04  -3.2488086E-03   2.7168920E-04   8.6466348E-04   1.1131359E-05   7.5803850E-04   6.5281045E-05  -6.5067301E-04  -8.7274583E-08  -1.0695454E-07
 -2.7768378E-07   3.4174985E-07   1.8720517E-07   5.0182919E-06   1.7010210E-05  -1.8673902E-06   1.7804317E-06  -5.2415087E-06  -3.5181232E-03  -1.0297615E-04   7.1307227E-04  -2.8511479E-02  -4.0343416E-03   1.9471694E-03   6.2243195E-03   5.5561066E-04   3.8721430E-03  -1.5165810E-03  -1.9703268E-03  -1.5364779E-04   8.0469615E-05   1.1131359E-05   7.1434100E-03  -2.9495133E-04   5.4653195E-04   4.0716079E-03   3.7428317E-07  -5.2867358E-08
 -2.7226743E-07   1.2457987E-06  -6.4381850E-07  -7.6964306E-06   4.7601276E-06  -1.7469278E-05  -6.8940995E-06  -1.3680963E-06   1.1923733E-02   1.5293777E-04  -4.6077735E-05   1.0775989E-03   4.9877871E-05   3.7265253E-03  -1.2846070E-02   1.5058840E-03  -1.7938653E-03   5.7559624E-04  -2.4462268E-03  -1.0936993E-02  -3.6478270E-04   7.5803850E-04  -2.9495133E-04   2.9649265E-03   5.5853708E-04  -9.1957738E-04  -5.3673567E-07  -2.0991323E-07
 -5.1717636E-07   1.8453328E-06  -1.5846926E-07  -6.0267885E-06  -2.2071787E-05  -9.9869371E-06  -6.8239573E-06  -9.0206324E-07  -1.3510032E-03   2.0290161E-04  -8.7990554E-04  -4.4083813E-03   3.7067966E-03   7.1728809E-03   9.1672781E-03   2.1722296E-03   7.3518600E-05  -1.0051999E-03  -2.0992861E-03  -5.9068864E-03  -4.8687180E-05   6.5281045E-05   5.4653195E-04   5.5853708E-04   6.2037937E-03   7.6431592E-03   1.6234663E-07  -1.6518784E-07
 -1.4640431E-06   8.5800624E-06   4.6881876E-07  -1.0061479E-05  -5.5999266E-05   7.1554645E-06  -1.5392431E-05   7.4859976E-06  -2.5195023E-02   1.4665353E-03  -7.1566468E-03   6.4813519E-02   4.9292124E-02   4.2524723E-02   4.7736911E-02   1.5014534E-03   4.8521354E-04   3.2985392E-04   8.3623025E-03   2.8691226E-02  -7.6490218E-05  -6.5067301E-04   4.0716079E-03  -9.1957738E-04   7.6431592E-03   7.1697631E-02   2.3584642E-06  -2.5083400E-06
  2.8672663E-09  -5.5586540E-09   2.3354599E-09   1.1180249E-07  -1.5722438E-07   3.8990826E-07  -4.3896276E-08   1.4016851E-08  -1.9017210E-04   2.2498431E-06   1.0616551E-04   3.4696090E-03   4.4308975E-05   4.0618088E-04   5.1506231E-04  -9.1395004E-05   1.5891124E-04  -1.9468091E-04  -6.2236940E-05  -1.5219516E-05   3.5424743E-07  -8.7274583E-08   3.7428317E-07  -5.3673567E-07   1.6234663E-07   2.3584642E-06   3.6242232E-07  -4.6742532E-09
 -4.5046142E-10   7.5974338E-09  -5.5672701E-10  -3.7445799E-08   3.8065813E-07  -1.0204064E-07  -8.5397625E-08  -2.4545633E-08   6.9147069E-04  -3.8236875E-06  -2.9797842E-05   3.9644859E-04   1.2010787E-04  -3.6701316E-04  -1.2976477E-03  -1.5671125E-05  -1.6067986E-05  -3.8231904E-05   4.2060870E-04   9.6981247E-04   1.9341284E-07  -1.0695454E-07  -5.2867358E-08  -2.0991323E-07  -1.6518784E-07  -2.5083400E-06  -4.6742532E-09   3.8364617E-07
