# omegabh2 omegach2 theta tau mnu nnu logA ns calPlanck aps100 aps143 aps217 acib217 asz143 psr cibr xi aksz dust100 dust143 dust217 dust143x217 cal0 cal2 calTE calEE
  3.1398378E-08   1.9174799E-07  -1.9168000E-08   1.4669090E-07   1.3735130E-06   1.6115422E-05   9.1556613E-07   7.2357480E-07   1.6124018E-08   9.3742479E-06  -1.1985377E-05  -1.9690353E-05   1.8036450E-05   1.0593501E-05  -5.0655278E-08   6.4543766E-07   1.3373405E-07  -7.6421564E-06   4.3499004E-07   3.2748503E-07  -1.8100696E-09   2.8220245E-07   3.1074130E-09   2.5032645E-09   4.1798982E-09  -6.1100710E-08
  1.9174799E-07   7.9666329E-06  -8.5672794E-07  -7.8084303E-07   7.9774015E-06   4.4035865E-04   1.9149904E-05   1.1664195E-05  -1.6502361E-07   1.0848028E-02   7.4155046E-03  -2.0359637E-03   3.4758474E-03  -3.8245428E-04  -2.5184151E-05   6.9744918E-05  -1.2430505E-05   7.0349326E-04   1.8330940E-05   2.5528027E-05  -1.4226396E-05   1.0017578E-05  -6.1594079E-08   2.3805274E-07   2.5774696E-06   4.8242901E-06
 -1.9168000E-08  -8.5672794E-07   1.8526102E-07   6.4012233E-08  -1.6847817E-06  -5.1438989E-05  -2.0022022E-06  -1.4169314E-06   2.8327384E-08  -1.2774196E-03  -8.1585489E-04   2.8886351E-04  -4.2444110E-04   4.3566755E-05   2.7555088E-06  -7.2168224E-06   7.2720125E-07  -8.2024181E-05  -4.1379159E-06  -2.1744843E-06   2.0917527E-06  -1.1397988E-06  -1.2909545E-09  -2.9668133E-08  -3.6580840E-07  -6.0768197E-07
  1.4669090E-07  -7.8084303E-07   6.4012233E-08   4.2982617E-05   3.0200855E-05   2.7890598E-05   8.3773666E-05   5.9619405E-06  -1.3877927E-07  -6.4861424E-03  -3.0987055E-03   4.9359767E-04  -8.4150687E-04   3.0448752E-04   1.8182709E-05  -4.2942984E-05  -1.8454647E-05  -6.1330486E-04   2.6658530E-05  -1.6337792E-05  -3.6788014E-06  -8.6451119E-06  -3.3129308E-10  -4.1755810E-08  -2.6383208E-06  -4.9138845E-07
  1.3735130E-06   7.9774015E-06  -1.6847817E-06   3.0200855E-05   2.3370351E-03   1.4384631E-03   9.0798486E-05   7.6726269E-05   3.4570904E-06   5.5252981E-02   2.3768893E-02  -2.2183304E-02   2.0031059E-02   4.2348842E-04  -8.1193457E-05   2.9610338E-04  -1.7125215E-04   1.4937550E-03  -7.8128403E-05   4.1660329E-05  -4.6843550E-05   2.4936878E-04   7.5731841E-07   1.8258311E-06   2.7615742E-05   3.4967082E-05
  1.6115422E-05   4.4035865E-04  -5.1438989E-05   2.7890598E-05   1.4384631E-03   2.8293718E-02   1.2229965E-03   9.1086212E-04  -4.4860905E-06   6.7886051E-01   4.4321753E-01  -1.4569145E-01   2.2339219E-01  -1.9414713E-02  -1.4223194E-03   4.0235637E-03  -1.0882100E-03   4.1409067E-02   1.0602908E-03   1.3448963E-03  -8.8461134E-04   8.8942679E-04  -1.9601595E-06   1.7130682E-05   1.8604942E-04   3.5189532E-04
  9.1556613E-07   1.9149904E-05  -2.0022022E-06   8.3773666E-05   9.0798486E-05   1.2229965E-03   2.4672758E-04   4.2530114E-05   1.2032450E-05   1.7150118E-02   1.3697365E-02   3.6423550E-03   6.1877441E-03  -2.7044990E-04   1.5316196E-05   4.5790590E-05  -2.2372012E-05  -3.9616906E-04   7.5680506E-05  -7.2527834E-05  -2.7711306E-05  -2.5632740E-05   5.0368333E-07   5.5309722E-07   7.6450354E-07   1.4060210E-05
  7.2357480E-07   1.1664195E-05  -1.4169314E-06   5.9619405E-06   7.6726269E-05   9.1086212E-04   4.2530114E-05   4.5208292E-05   3.1579908E-07  -3.5368326E-04   6.9377152E-03   3.5093133E-03   1.5113726E-03  -4.0265092E-06   1.5541040E-05   1.6893573E-05   4.9090632E-06  -5.5368649E-04   4.6332124E-05   1.5435807E-05  -1.5309100E-06   2.1905491E-05  -3.6600871E-07   1.9534892E-07   6.0605436E-06   8.7811515E-06
  1.6124018E-08  -1.6502361E-07   2.8327384E-08  -1.3877927E-07   3.4570904E-06  -4.4860905E-06   1.2032450E-05   3.1579908E-07   6.3184289E-06   1.4153564E-03  -1.0803737E-04   1.4316796E-03   4.7498996E-04   2.1815745E-05   7.7909987E-06   6.7902428E-08   6.9004833E-06  -1.5075205E-05  -6.3427720E-06  -3.8407988E-06   2.2038586E-06  -1.1283803E-05   5.1968856E-09  -4.3510105E-08  -6.0129335E-07  -2.0380203E-07
  9.3742479E-06   1.0848028E-02  -1.2774196E-03  -6.4861424E-03   5.5252981E-02   6.7886051E-01   1.7150118E-02  -3.5368326E-04   1.4153564E-03   6.1030112E+02   6.6669349E+01  -6.3705599E+01   3.7302454E+01  -2.4651151E+01  -9.0087956E-01   4.3392851E-02  -2.7492606E-01   1.1972295E+01  -2.3287406E-01   3.9013001E-01  -2.5624256E-01  -1.3641555E-01   6.3058893E-03   3.9831588E-03   6.9655029E-03   1.6356788E-02
 -1.1985377E-05   7.4155046E-03  -8.1585489E-04  -3.0987055E-03   2.3768893E-02   4.4321753E-01   1.3697365E-02   6.9377152E-03  -1.0803737E-04   6.6669349E+01   7.4061685E+01   5.0268381E+00   1.0541185E+01  -6.8323252E-01  -3.9284134E-02   5.2090920E-01   8.9065030E-01  -7.6915713E+00  -1.5665425E-02  -1.8484790E-01   4.2546933E-02   9.5505313E-02   5.3290734E-04   1.1315881E-03   4.8887941E-03   1.1151842E-02
 -1.9690353E-05  -2.0359637E-03   2.8886351E-04   4.9359767E-04  -2.2183304E-02  -1.4569145E-01   3.6423550E-03   3.5093133E-03   1.4316796E-03  -6.3705599E+01   5.0268381E+00   1.7018873E+02  -8.2511106E+01   2.4749391E+00   3.4858339E-01  -1.0423049E+00   3.4330955E-01  -6.3632760E+00   2.0188828E-02  -2.8798597E-01   5.3913391E-01  -2.9474202E-02   1.5609927E-03  -7.7882037E-03   6.7059669E-04   3.8209185E-06
  1.8036450E-05   3.4758474E-03  -4.2444110E-04  -8.4150687E-04   2.0031059E-02   2.2339219E-01   6.1877441E-03   1.5113726E-03   4.7498996E-04   3.7302454E+01   1.0541185E+01  -8.2511106E+01   5.3308968E+01   1.6243194E+00  -5.6716557E-02   7.5828959E-01  -2.7005688E-01  -2.9354368E+00   1.5848939E-03   1.8506673E-01  -4.5295820E-01  -1.0818977E-01  -5.7276289E-04   3.2564894E-03   1.3321886E-03   3.6295652E-03
  1.0593501E-05  -3.8245428E-04   4.3566755E-05   3.0448752E-04   4.2348842E-04  -1.9414713E-02  -2.7044990E-04  -4.0265092E-06   2.1815745E-05  -2.4651151E+01  -6.8323252E-01   2.4749391E+00   1.6243194E+00   4.3190738E+00   1.0454702E-01   1.5251248E-01  -3.8928343E-02  -3.5353904E+00  -4.1547000E-03  -8.7367791E-03   7.2801561E-03   4.7444586E-02   5.1261520E-04  -2.8801905E-04  -1.5993578E-04  -5.9537692E-04
 -5.0655278E-08  -2.5184151E-05   2.7555088E-06   1.8182709E-05  -8.1193457E-05  -1.4223194E-03   1.5316196E-05   1.5541040E-05   7.7909987E-06  -9.0087956E-01  -3.9284134E-02   3.4858339E-01  -5.6716557E-02   1.0454702E-01   1.7148622E-02  -1.7493827E-02   1.1812249E-02  -1.0356463E-01  -2.4174838E-04  -1.4318339E-03  -2.7384530E-03   5.1366063E-03   1.8839898E-05  -4.2698597E-05   5.0682164E-06  -1.8581604E-05
  6.4543766E-07   6.9744918E-05  -7.2168224E-06  -4.2942984E-05   2.9610338E-04   4.0235637E-03   4.5790590E-05   1.6893573E-05   6.7902428E-08   4.3392851E-02   5.2090920E-01  -1.0423049E+00   7.5828959E-01   1.5251248E-01  -1.7493827E-02   6.9318766E-02   3.5441769E-03  -1.6348382E-01   6.1759008E-04   7.2522208E-03  -4.0435253E-04  -1.7668937E-02  -8.2660133E-06   9.5861123E-05   2.2146717E-05   5.2403523E-05
  1.3373405E-07  -1.2430505E-05   7.2720125E-07  -1.8454647E-05  -1.7125215E-04  -1.0882100E-03  -2.2372012E-05   4.9090632E-06   6.9004833E-06  -2.7492606E-01   8.9065030E-01   3.4330955E-01  -2.7005688E-01  -3.8928343E-02   1.1812249E-02   3.5441769E-03   8.1968121E-02   4.3158930E-02  -1.0095401E-03  -1.4115893E-04   1.2505735E-03   1.3896145E-03   1.2495695E-05  -8.7896013E-06  -3.3210369E-06  -1.0543668E-05
 -7.6421564E-06   7.0349326E-04  -8.2024181E-05  -6.1330486E-04   1.4937550E-03   4.1409067E-02  -3.9616906E-04  -5.5368649E-04  -1.5075205E-05   1.1972295E+01  -7.6915713E+00  -6.3632760E+00  -2.9354368E+00  -3.5353904E+00  -1.0356463E-01  -1.6348382E-01   4.3158930E-02   7.3934888E+00  -2.2340359E-03  -4.7877248E-03  -1.1331576E-03  -4.3099588E-02  -3.3669708E-04   7.1290833E-05   6.0417655E-05   2.1475345E-04
  4.3499004E-07   1.8330940E-05  -4.1379159E-06   2.6658530E-05  -7.8128403E-05   1.0602908E-03   7.5680506E-05   4.6332124E-05  -6.3427720E-06  -2.3287406E-01  -1.5665425E-02   2.0188828E-02   1.5848939E-03  -4.1547000E-03  -2.4174838E-04   6.1759008E-04  -1.0095401E-03  -2.2340359E-03   3.8387683E-02   2.7519407E-03  -1.2849767E-04   5.1661513E-06   3.6954762E-05  -2.6333288E-06  -3.1982309E-05  -5.8661340E-06
  3.2748503E-07   2.5528027E-05  -2.1744843E-06  -1.6337792E-05   4.1660329E-05   1.3448963E-03  -7.2527834E-05   1.5435807E-05  -3.8407988E-06   3.9013001E-01  -1.8484790E-01  -2.8798597E-01   1.8506673E-01  -8.7367791E-03  -1.4318339E-03   7.2522208E-03  -1.4115893E-04  -4.7877248E-03   2.7519407E-03   3.1120542E-02  -1.0905389E-03   5.2197661E-03  -8.0550797E-05  -4.5521356E-05  -7.5279054E-05  -5.8437449E-05
 -1.8100696E-09  -1.4226396E-05   2.0917527E-06  -3.6788014E-06  -4.6843550E-05  -8.8461134E-04  -2.7711306E-05  -1.5309100E-06   2.2038586E-06  -2.5624256E-01   4.2546933E-02   5.3913391E-01  -4.5295820E-01   7.2801561E-03  -2.7384530E-03  -4.0435253E-04   1.2505735E-03  -1.1331576E-03  -1.2849767E-04  -1.0905389E-03   1.0846804E-02   8.7927633E-03   5.6064460E-06   6.5609644E-05  -4.8141327E-06  -6.6964206E-06
  2.8220245E-07   1.0017578E-05  -1.1397988E-06  -8.6451119E-06   2.4936878E-04   8.8942679E-04  -2.5632740E-05   2.1905491E-05  -1.1283803E-05  -1.3641555E-01   9.5505313E-02  -2.9474202E-02  -1.0818977E-01   4.7444586E-02   5.1366063E-03  -1.7668937E-02   1.3896145E-03  -4.3099588E-02   5.1661513E-06   5.2197661E-03   8.7927633E-03   2.6815739E-02  -1.5023216E-06   6.3375855E-05  -2.1980172E-05   7.6134549E-06
  3.1074130E-09  -6.1594079E-08  -1.2909545E-09  -3.3129308E-10   7.5731841E-07  -1.9601595E-06   5.0368333E-07  -3.6600871E-07   5.1968856E-09   6.3058893E-03   5.3290734E-04   1.5609927E-03  -5.7276289E-04   5.1261520E-04   1.8839898E-05  -8.2660133E-06   1.2495695E-05  -3.3669708E-04   3.6954762E-05  -8.0550797E-05   5.6064460E-06  -1.5023216E-06   1.1412109E-06   6.2307193E-08   3.8669262E-07   5.0633279E-07
  2.5032645E-09   2.3805274E-07  -2.9668133E-08  -4.1755810E-08   1.8258311E-06   1.7130682E-05   5.5309722E-07   1.9534892E-07  -4.3510105E-08   3.9831588E-03   1.1315881E-03  -7.7882037E-03   3.2564894E-03  -2.8801905E-04  -4.2698597E-05   9.5861123E-05  -8.7896013E-06   7.1290833E-05  -2.6333288E-06  -4.5521356E-05   6.5609644E-05   6.3375855E-05   6.2307193E-08   2.5470759E-06   5.7623140E-07   7.0154301E-07
  4.1798982E-09   2.5774696E-06  -3.6580840E-07  -2.6383208E-06   2.7615742E-05   1.8604942E-04   7.6450354E-07   6.0605436E-06  -6.0129335E-07   6.9655029E-03   4.8887941E-03   6.7059669E-04   1.3321886E-03  -1.5993578E-04   5.0682164E-06   2.2146717E-05  -3.3210369E-06   6.0417655E-05  -3.1982309E-05  -7.5279054E-05  -4.8141327E-06  -2.1980172E-05   3.8669262E-07   5.7623140E-07   2.5586043E-05   1.0847406E-05
 -6.1100710E-08   4.8242901E-06  -6.0768197E-07  -4.9138845E-07   3.4967082E-05   3.5189532E-04   1.4060210E-05   8.7811515E-06  -2.0380203E-07   1.6356788E-02   1.1151842E-02   3.8209185E-06   3.6295652E-03  -5.9537692E-04  -1.8581604E-05   5.2403523E-05  -1.0543668E-05   2.1475345E-04  -5.8661340E-06  -5.8437449E-05  -6.6964206E-06   7.6134549E-06   5.0633279E-07   7.0154301E-07   1.0847406E-05   2.9236482E-05
