# omegabh2 omegach2 theta tau Alensf logA ns calPlanck acib217 xi asz143 aps100 aps143 aps143217 aps217 aksz kgal100 kgal143 kgal143217 kgal217 galfEE100 galfEE100143 galfEE100217 galfEE143 galfEE143217 galfEE217 galfTE100 galfTE100143 galfTE100217 galfTE143 galfTE143217 galfTE217 cal0 cal2
    0.3060263E-07   -0.1894685E-06    0.2692556E-07    0.1445197E-06    0.2279920E-05   -0.5159175E-07    0.5238093E-06    0.5499173E-08   -0.1728505E-03    0.3935785E-05    0.3593621E-04   -0.7338222E-03   -0.3535427E-03   -0.6786018E-04    0.5876617E-04   -0.5672857E-04    0.6329622E-06   -0.1174509E-04   -0.2173574E-04   -0.1008808E-05    0.6636374E-07    0.6631349E-07    0.8362711E-07    0.7803485E-07    0.8157860E-07    0.3310679E-06   -0.8931661E-07   -0.6769861E-07   -0.1856033E-06   -0.2018482E-06   -0.7124392E-06   -0.3545212E-05    0.4255852E-08   -0.1879242E-07
   -0.1894685E-06    0.2502361E-05   -0.2331913E-06   -0.2147646E-05   -0.1068649E-04    0.1541998E-05   -0.6458653E-05    0.2577196E-08    0.9501724E-03   -0.2231720E-04   -0.2024832E-03    0.4728128E-02    0.2446707E-02    0.7873010E-03    0.2420156E-04    0.3019826E-03   -0.5211818E-04    0.2956561E-04    0.1684660E-03    0.2024015E-03   -0.7585890E-06   -0.8673057E-06   -0.6671480E-07   -0.9647772E-06    0.6639804E-06   -0.1069171E-05    0.1871683E-06    0.4034540E-06    0.1645362E-05    0.1780011E-05    0.5089794E-05    0.2432790E-04   -0.8335875E-08    0.1396208E-06
    0.2692556E-07   -0.2331913E-06    0.1101822E-06    0.3220451E-06    0.1937632E-05    0.1880486E-06    0.7489183E-06   -0.6133406E-08   -0.1086863E-03    0.3044092E-05    0.2112231E-04   -0.5281994E-03   -0.2378390E-03   -0.6201440E-04    0.6949031E-05   -0.3721533E-04    0.9841855E-05   -0.3526189E-06   -0.1258437E-04   -0.1675025E-04    0.8719842E-07    0.8821788E-07   -0.2328236E-06    0.9195067E-07   -0.3947622E-07    0.1410535E-06   -0.7003982E-08   -0.2153006E-07   -0.2593149E-06   -0.3116264E-06   -0.8918512E-06   -0.3438196E-05    0.5496962E-09   -0.1479300E-07
    0.1445197E-06   -0.2147646E-05    0.3220451E-06    0.3946012E-03   -0.9460866E-05    0.7767916E-03    0.1152382E-04   -0.1936849E-05   -0.2439132E-02   -0.1731970E-04    0.6158554E-03   -0.1463660E-01   -0.4075234E-02   -0.5264289E-03    0.2141464E-02   -0.9850749E-03   -0.1109295E-03    0.3426114E-03   -0.1941925E-03   -0.8084497E-03    0.1347924E-05    0.2259572E-05    0.9174175E-05    0.1881214E-05   -0.1388859E-05    0.3306290E-04    0.1483024E-04    0.3281991E-05    0.1056976E-04   -0.5037823E-05    0.1059514E-05    0.4674590E-04   -0.1848340E-06   -0.5203719E-06
    0.2279920E-05   -0.1068649E-04    0.1937632E-05   -0.9460866E-05    0.2621270E-02   -0.3046947E-04    0.4554720E-04   -0.4249178E-06   -0.4267994E-01    0.9177407E-03    0.6330930E-02   -0.1687925E+00   -0.5516901E-01    0.7049125E-02    0.3967232E-01   -0.1442887E-01   -0.1660064E-02   -0.3613679E-02   -0.9821705E-02   -0.5879550E-02    0.6588759E-05    0.6390692E-05    0.9348646E-05    0.6660029E-05   -0.2983359E-04   -0.1869186E-04   -0.2820165E-04   -0.1386967E-04   -0.9817456E-05   -0.3414144E-04   -0.2993786E-04   -0.2213980E-03    0.2067095E-06   -0.5672171E-05
   -0.5159175E-07    0.1541998E-05    0.1880486E-06    0.7767916E-03   -0.3046947E-04    0.1571941E-02    0.6087904E-05    0.9073309E-05   -0.3119353E-02   -0.6028158E-06    0.6674777E-03   -0.1392711E-01   -0.6163782E-03    0.4076505E-02    0.1020829E-01   -0.1839683E-02   -0.7770342E-03    0.1473989E-03   -0.6696051E-03    0.3212387E-03    0.1830392E-05    0.2672427E-05    0.1909989E-04    0.3423477E-05   -0.4378760E-05    0.6412918E-04    0.2957127E-04    0.7706580E-05    0.1981109E-04   -0.2335141E-05    0.1583619E-04    0.1610432E-03   -0.2083518E-06   -0.8762831E-06
    0.5238093E-06   -0.6458653E-05    0.7489183E-06    0.1152382E-04    0.4554720E-04    0.6087904E-05    0.2601210E-04   -0.1680601E-06   -0.6546992E-02    0.1859634E-03    0.1288002E-02   -0.3456561E-01   -0.1105013E-01    0.1109071E-02    0.5159532E-02   -0.2518419E-02    0.4224192E-03   -0.2227700E-03   -0.1207434E-02   -0.7480080E-03    0.3405736E-05    0.3740544E-05    0.9680749E-06    0.3767187E-05   -0.2796841E-05    0.9323111E-05   -0.1017960E-05   -0.1395469E-05   -0.3779964E-05   -0.5500779E-05   -0.1480105E-04   -0.6046507E-04   -0.1508491E-06   -0.7472884E-06
    0.5499173E-08    0.2577196E-08   -0.6133406E-08   -0.1936849E-05   -0.4249178E-06    0.9073309E-05   -0.1680601E-06    0.6384854E-05    0.7450720E-03    0.1478003E-04   -0.7221211E-04    0.3817503E-02    0.9429538E-03    0.6634478E-03    0.1313816E-02    0.7129887E-04   -0.7426583E-04   -0.5077669E-04   -0.1530082E-03    0.6213505E-03    0.6563376E-06    0.4021782E-06    0.3309883E-06    0.1203131E-05   -0.1279887E-05    0.5151341E-06   -0.1077968E-06   -0.2121232E-07   -0.2510399E-05    0.1557307E-05    0.8952937E-06    0.1028609E-04   -0.2354475E-07   -0.3296043E-07
   -0.1728505E-03    0.9501724E-03   -0.1086863E-03   -0.2439132E-02   -0.4267994E-01   -0.3119353E-02   -0.6546992E-02    0.7450720E-03    0.4410577E+02   -0.5301632E+00   -0.1922280E+01    0.4573005E+02    0.3686555E+00   -0.2253646E+02   -0.6208316E+02    0.5688312E+00   -0.2772330E-01    0.4729844E-01   -0.2172190E+01   -0.1869615E+02   -0.1111027E-02   -0.8088163E-03   -0.3332532E-02   -0.6928409E-03    0.3481005E-02   -0.5221314E-02   -0.5741210E-03    0.1307329E-02    0.2475544E-02    0.2003870E-02    0.2530555E-02    0.1471641E-01   -0.2657663E-03    0.4505580E-02
    0.3935785E-05   -0.2231720E-04    0.3044092E-05   -0.1731970E-04    0.9177407E-03   -0.6028158E-06    0.1859634E-03    0.1478003E-04   -0.5301632E+00    0.8034087E-01   -0.5002576E-01   -0.6617556E+00    0.1017135E+01    0.1980771E+01    0.8568232E+00    0.4603912E-01   -0.1537827E-02    0.8579394E-02    0.1138768E+00    0.1218162E+00    0.2477172E-04    0.2074299E-04   -0.5202259E-05    0.1857749E-04   -0.1955805E-03    0.1759895E-03    0.3100091E-04    0.5553658E-04   -0.1166172E-03    0.3816726E-04   -0.1308500E-03   -0.3848887E-03    0.6125132E-05   -0.2309080E-04
    0.3593621E-04   -0.2024832E-03    0.2112231E-04    0.6158554E-03    0.6330930E-02    0.6674777E-03    0.1288002E-02   -0.7221211E-04   -0.1922280E+01   -0.5002576E-01    0.3416470E+01   -0.2820160E+02   -0.4202436E+01    0.6833966E+01    0.6045026E+01   -0.2010972E+01   -0.1614575E+00   -0.1982118E-01    0.2023860E+01    0.1720048E+01    0.2062879E-03    0.1000665E-03    0.9501267E-03    0.1906582E-03    0.6919629E-03    0.1085164E-02   -0.2094510E-03   -0.5906679E-03    0.1625394E-03   -0.2092277E-02   -0.2183031E-02   -0.4904644E-02    0.1681433E-03   -0.4009356E-03
   -0.7338222E-03    0.4728128E-02   -0.5281994E-03   -0.1463660E-01   -0.1687925E+00   -0.1392711E-01   -0.3456561E-01    0.3817503E-02    0.4573005E+02   -0.6617556E+00   -0.2820160E+02    0.7750706E+03    0.7397546E+02   -0.5622212E+02   -0.6799506E+02    0.1039272E+02   -0.3857643E+01    0.3258961E+01   -0.1018371E+02   -0.1419426E+02   -0.5266422E-02   -0.3946125E-02   -0.1909365E-01   -0.4785105E-02   -0.6743763E-02   -0.1664075E-01    0.2041287E-02   -0.6626478E-02    0.2992336E-01   -0.1326961E-02    0.2787936E-01    0.9718536E-01    0.6117059E-02    0.4920194E-02
   -0.3535427E-03    0.2446707E-02   -0.2378390E-03   -0.4075234E-02   -0.5516901E-01   -0.6163782E-03   -0.1105013E-01    0.9429538E-03    0.3686555E+00    0.1017135E+01   -0.4202436E+01    0.7397546E+02    0.6118313E+02    0.4366751E+02    0.1678984E+02   -0.3064270E+01   -0.2477901E+00   -0.9826921E+00    0.3805189E+01    0.4392003E+01   -0.1261337E-02   -0.1420393E-02   -0.2685481E-02   -0.1360186E-02   -0.5156521E-03   -0.8056448E-02   -0.7878223E-03   -0.1081649E-02   -0.2384647E-02    0.4187722E-02    0.7277590E-02    0.4041978E-01    0.1067086E-03    0.3009865E-03
   -0.6786018E-04    0.7873010E-03   -0.6201440E-04   -0.5264289E-03    0.7049125E-02    0.4076505E-02    0.1109071E-02    0.6634478E-03   -0.2253646E+02    0.1980771E+01    0.6833966E+01   -0.5622212E+02    0.4366751E+02    0.9759421E+02    0.6524472E+02   -0.9123523E+01   -0.6479498E+00   -0.4866427E+00    0.4042931E+01    0.4625321E+01    0.6127074E-03    0.5851706E-04    0.3154313E-02   -0.3475063E-04   -0.4180600E-02    0.4985417E-02   -0.3950888E-03    0.1445869E-03   -0.4614076E-02   -0.9701046E-04   -0.3302558E-02    0.1577575E-02    0.7079114E-03   -0.2711228E-02
    0.5876617E-04    0.2420156E-04    0.6949031E-05    0.2141464E-02    0.3967232E-01    0.1020829E-01    0.5159532E-02    0.1313816E-02   -0.6208316E+02    0.8568232E+00    0.6045026E+01   -0.6799506E+02    0.1678984E+02    0.6524472E+02    0.1198136E+03   -0.8011487E+01   -0.3633759E+00   -0.3304483E+00   -0.1038916E+01    0.1463450E+02    0.1525567E-02    0.9608200E-03    0.5631039E-02    0.8035103E-03   -0.4809673E-02    0.1173402E-01   -0.4303552E-04   -0.2680175E-03   -0.3342519E-02    0.2507384E-02    0.2805620E-02    0.1356384E-02    0.6898419E-03   -0.7879265E-02
   -0.5672857E-04    0.3019826E-03   -0.3721533E-04   -0.9850749E-03   -0.1442887E-01   -0.1839683E-02   -0.2518419E-02    0.7129887E-04    0.5688312E+00    0.4603912E-01   -0.2010972E+01    0.1039272E+02   -0.3064270E+01   -0.9123523E+01   -0.8011487E+01    0.4534399E+01    0.8237965E-01   -0.1243309E-02   -0.1282185E+01   -0.9513860E+00   -0.3847975E-03   -0.2805359E-03   -0.5683039E-03   -0.3037027E-03   -0.6101741E-03   -0.2284019E-02    0.6815599E-03    0.7987989E-03    0.4674010E-03    0.6461829E-03    0.1765209E-02    0.7251444E-02   -0.1164002E-03    0.1829265E-03
    0.6329622E-06   -0.5211818E-04    0.9841855E-05   -0.1109295E-03   -0.1660064E-02   -0.7770342E-03    0.4224192E-03   -0.7426583E-04   -0.2772330E-01   -0.1537827E-02   -0.1614575E+00   -0.3857643E+01   -0.2477901E+00   -0.6479498E+00   -0.3633759E+00    0.8237965E-01    0.3447900E+01    0.4698166E+00    0.1668378E+00    0.2597594E+00    0.8610739E-04    0.1226109E-03   -0.1478386E-03   -0.3052229E-04    0.1114175E-02   -0.4547420E-03   -0.2315867E-05    0.4159636E-03    0.1472467E-02   -0.8682867E-03   -0.2038671E-02   -0.1830771E-02    0.2736360E-03    0.2374189E-04
   -0.1174509E-04    0.2956561E-04   -0.3526189E-06    0.3426114E-03   -0.3613679E-02    0.1473989E-03   -0.2227700E-03   -0.5077669E-04    0.4729844E-01    0.8579394E-02   -0.1982118E-01    0.3258961E+01   -0.9826921E+00   -0.4866427E+00   -0.3304483E+00   -0.1243309E-02    0.4698166E+00    0.3329982E+01    0.2497724E+01    0.1708638E+01   -0.1026382E-04   -0.6322151E-04    0.4661533E-03   -0.1051355E-03   -0.3278108E-03   -0.6259181E-03    0.1540568E-02   -0.2190903E-03    0.6810312E-03   -0.1357114E-02   -0.1931910E-02   -0.2597634E-02   -0.2865666E-03   -0.1944764E-03
   -0.2173574E-04    0.1684660E-03   -0.1258437E-04   -0.1941925E-03   -0.9821705E-02   -0.6696051E-03   -0.1207434E-02   -0.1530082E-03   -0.2172190E+01    0.1138768E+00    0.2023860E+01   -0.1018371E+02    0.3805189E+01    0.4042931E+01   -0.1038916E+01   -0.1282185E+01    0.1668378E+00    0.2497724E+01    0.1689558E+02    0.2546856E+02   -0.1475743E-03   -0.4895309E-03    0.8752333E-03   -0.2726327E-03    0.3341174E-03   -0.1803446E-02    0.7096180E-03   -0.2053216E-02   -0.4641614E-03   -0.3745488E-02   -0.4801736E-02   -0.1077317E-02   -0.4238264E-04    0.2533724E-02
   -0.1008808E-05    0.2024015E-03   -0.1675025E-04   -0.8084497E-03   -0.5879550E-02    0.3212387E-03   -0.7480080E-03    0.6213505E-03   -0.1869615E+02    0.1218162E+00    0.1720048E+01   -0.1419426E+02    0.4392003E+01    0.4625321E+01    0.1463450E+02   -0.9513860E+00    0.2597594E+00    0.1708638E+01    0.2546856E+02    0.5451906E+02    0.1732198E-03   -0.5010991E-03    0.2004507E-02   -0.1661769E-03   -0.9108021E-03   -0.5646316E-02    0.2637616E-03   -0.3590715E-02   -0.6396758E-03   -0.4445125E-02   -0.7880601E-02   -0.4578973E-02    0.9550971E-05    0.4523632E-02
    0.6636374E-07   -0.7585890E-06    0.8719842E-07    0.1347924E-05    0.6588759E-05    0.1830392E-05    0.3405736E-05    0.6563376E-06   -0.1111027E-02    0.2477172E-04    0.2062879E-03   -0.5266422E-02   -0.1261337E-02    0.6127074E-03    0.1525567E-02   -0.3847975E-03    0.8610739E-04   -0.1026382E-04   -0.1475743E-03    0.1732198E-03    0.3184040E-04    0.8770858E-05   -0.1610628E-06    0.2713977E-05   -0.1646724E-05    0.3982040E-05   -0.8733664E-06   -0.9092425E-06    0.3239203E-05   -0.3150985E-05   -0.2298832E-05   -0.3723086E-05   -0.1577365E-08   -0.1401785E-06
    0.6631349E-07   -0.8673057E-06    0.8821788E-07    0.2259572E-05    0.6390692E-05    0.2672427E-05    0.3740544E-05    0.4021782E-06   -0.8088163E-03    0.2074299E-04    0.1000665E-03   -0.3946125E-02   -0.1420393E-02    0.5851706E-04    0.9608200E-03   -0.2805359E-03    0.1226109E-03   -0.6322151E-04   -0.4895309E-03   -0.5010991E-03    0.8770858E-05    0.2502337E-04   -0.1159281E-06    0.1257312E-04   -0.1487061E-05    0.8319879E-05   -0.7740271E-06   -0.1223608E-05    0.3231362E-05   -0.2258562E-05   -0.1424483E-06   -0.1248767E-04   -0.6651582E-07   -0.1269586E-06
    0.8362711E-07   -0.6671480E-07   -0.2328236E-06    0.9174175E-05    0.9348646E-05    0.1909989E-04    0.9680749E-06    0.3309883E-06   -0.3332532E-02   -0.5202259E-05    0.9501267E-03   -0.1909365E-01   -0.2685481E-02    0.3154313E-02    0.5631039E-02   -0.5683039E-03   -0.1478386E-03    0.4661533E-03    0.8752333E-03    0.2004507E-02   -0.1610628E-06   -0.1159281E-06    0.1041861E-02   -0.2991441E-05   -0.7352688E-05   -0.3402833E-04    0.2392244E-05   -0.1337635E-05   -0.2013618E-04   -0.1593429E-04   -0.1390963E-04   -0.2911616E-04    0.9110746E-08   -0.1569287E-06
    0.7803485E-07   -0.9647772E-06    0.9195067E-07    0.1881214E-05    0.6660029E-05    0.3423477E-05    0.3767187E-05    0.1203131E-05   -0.6928409E-03    0.1857749E-04    0.1906582E-03   -0.4785105E-02   -0.1360186E-02   -0.3475063E-04    0.8035103E-03   -0.3037027E-03   -0.3052229E-04   -0.1051355E-03   -0.2726327E-03   -0.1661769E-03    0.2713977E-05    0.1257312E-04   -0.2991441E-05    0.4655024E-04   -0.2159840E-05    0.2761400E-05    0.3415866E-05   -0.5412505E-06    0.3653081E-05   -0.6090383E-05   -0.1932110E-05    0.9541140E-05   -0.1100095E-06   -0.1335981E-06
    0.8157860E-07    0.6639804E-06   -0.3947622E-07   -0.1388859E-05   -0.2983359E-04   -0.4378760E-05   -0.2796841E-05   -0.1279887E-05    0.3481005E-02   -0.1955805E-03    0.6919629E-03   -0.6743763E-02   -0.5156521E-03   -0.4180600E-02   -0.4809673E-02   -0.6101741E-03    0.1114175E-02   -0.3278108E-03    0.3341174E-03   -0.9108021E-03   -0.1646724E-05   -0.1487061E-05   -0.7352688E-05   -0.2159840E-05    0.2170844E-02    0.4647136E-04    0.1591577E-05    0.1415068E-05   -0.1220323E-04    0.3540251E-04    0.2816461E-04   -0.6307543E-04   -0.5105243E-07   -0.2318776E-06
    0.3310679E-06   -0.1069171E-05    0.1410535E-06    0.3306290E-04   -0.1869186E-04    0.6412918E-04    0.9323111E-05    0.5151341E-06   -0.5221314E-02    0.1759895E-03    0.1085164E-02   -0.1664075E-01   -0.8056448E-02    0.4985417E-02    0.1173402E-01   -0.2284019E-02   -0.4547420E-03   -0.6259181E-03   -0.1803446E-02   -0.5646316E-02    0.3982040E-05    0.8319879E-05   -0.3402833E-04    0.2761400E-05    0.4647136E-04    0.1653353E-01   -0.1760920E-04   -0.1278251E-04   -0.1957330E-04    0.2440152E-05   -0.6765076E-04   -0.7036377E-05   -0.1262513E-05   -0.7968820E-06
   -0.8931661E-07    0.1871683E-06   -0.7003982E-08    0.1483024E-04   -0.2820165E-04    0.2957127E-04   -0.1017960E-05   -0.1077968E-06   -0.5741210E-03    0.3100091E-04   -0.2094510E-03    0.2041287E-02   -0.7878223E-03   -0.3950888E-03   -0.4303552E-04    0.6815599E-03   -0.2315867E-05    0.1540568E-02    0.7096180E-03    0.2637616E-03   -0.8733664E-06   -0.7740271E-06    0.2392244E-05    0.3415866E-05    0.1591577E-05   -0.1760920E-04    0.1430219E-02    0.2807054E-03    0.8426112E-04   -0.3834384E-03   -0.1073082E-03   -0.1084012E-03    0.1764010E-06   -0.2228831E-06
   -0.6769861E-07    0.4034540E-06   -0.2153006E-07    0.3281991E-05   -0.1386967E-04    0.7706580E-05   -0.1395469E-05   -0.2121232E-07    0.1307329E-02    0.5553658E-04   -0.5906679E-03   -0.6626478E-02   -0.1081649E-02    0.1445869E-03   -0.2680175E-03    0.7987989E-03    0.4159636E-03   -0.2190903E-03   -0.2053216E-02   -0.3590715E-02   -0.9092425E-06   -0.1223608E-05   -0.1337635E-05   -0.5412505E-06    0.1415068E-05   -0.1278251E-04    0.2807054E-03    0.8402884E-03    0.4927848E-04    0.7291953E-03    0.3292280E-04   -0.6114166E-03   -0.1770216E-06   -0.6190721E-08
   -0.1856033E-06    0.1645362E-05   -0.2593149E-06    0.1056976E-04   -0.9817456E-05    0.1981109E-04   -0.3779964E-05   -0.2510399E-05    0.2475544E-02   -0.1166172E-03    0.1625394E-03    0.2992336E-01   -0.2384647E-02   -0.4614076E-02   -0.3342519E-02    0.4674010E-03    0.1472467E-02    0.6810312E-03   -0.4641614E-03   -0.6396758E-03    0.3239203E-05    0.3231362E-05   -0.2013618E-04    0.3653081E-05   -0.1220323E-04   -0.1957330E-04    0.8426112E-04    0.4927848E-04    0.7106380E-02   -0.3093739E-03    0.7177226E-03    0.4467272E-02    0.4868241E-06    0.9595446E-06
   -0.2018482E-06    0.1780011E-05   -0.3116264E-06   -0.5037823E-05   -0.3414144E-04   -0.2335141E-05   -0.5500779E-05    0.1557307E-05    0.2003870E-02    0.3816726E-04   -0.2092277E-02   -0.1326961E-02    0.4187722E-02   -0.9701046E-04    0.2507384E-02    0.6461829E-03   -0.8682867E-03   -0.1357114E-02   -0.3745488E-02   -0.4445125E-02   -0.3150985E-05   -0.2258562E-05   -0.1593429E-04   -0.6090383E-05    0.3540251E-04    0.2440152E-05   -0.3834384E-03    0.7291953E-03   -0.3093739E-03    0.2857730E-02    0.4542843E-03   -0.7896231E-03   -0.3909902E-06    0.2627337E-07
   -0.7124392E-06    0.5089794E-05   -0.8918512E-06    0.1059514E-05   -0.2993786E-04    0.1583619E-04   -0.1480105E-04    0.8952937E-06    0.2530555E-02   -0.1308500E-03   -0.2183031E-02    0.2787936E-01    0.7277590E-02   -0.3302558E-02    0.2805620E-02    0.1765209E-02   -0.2038671E-02   -0.1931910E-02   -0.4801736E-02   -0.7880601E-02   -0.2298832E-05   -0.1424483E-06   -0.1390963E-04   -0.1932110E-05    0.2816461E-04   -0.6765076E-04   -0.1073082E-03    0.3292280E-04    0.7177226E-03    0.4542843E-03    0.6435171E-02    0.7845900E-02    0.3511876E-07   -0.5020600E-06
   -0.3545212E-05    0.2432790E-04   -0.3438196E-05    0.4674590E-04   -0.2213980E-03    0.1610432E-03   -0.6046507E-04    0.1028609E-04    0.1471641E-01   -0.3848887E-03   -0.4904644E-02    0.9718536E-01    0.4041978E-01    0.1577575E-02    0.1356384E-02    0.7251444E-02   -0.1830771E-02   -0.2597634E-02   -0.1077317E-02   -0.4578973E-02   -0.3723086E-05   -0.1248767E-04   -0.2911616E-04    0.9541140E-05   -0.6307543E-04   -0.7036377E-05   -0.1084012E-03   -0.6114166E-03    0.4467272E-02   -0.7896231E-03    0.7845900E-02    0.6446571E-01   -0.2185792E-06   -0.1612289E-05
    0.4255852E-08   -0.8335875E-08    0.5496962E-09   -0.1848340E-06    0.2067095E-06   -0.2083518E-06   -0.1508491E-06   -0.2354475E-07   -0.2657663E-03    0.6125132E-05    0.1681433E-03    0.6117059E-02    0.1067086E-03    0.7079114E-03    0.6898419E-03   -0.1164002E-03    0.2736360E-03   -0.2865666E-03   -0.4238264E-04    0.9550971E-05   -0.1577365E-08   -0.6651582E-07    0.9110746E-08   -0.1100095E-06   -0.5105243E-07   -0.1262513E-05    0.1764010E-06   -0.1770216E-06    0.4868241E-06   -0.3909902E-06    0.3511876E-07   -0.2185792E-06    0.5894247E-06   -0.7935711E-08
   -0.1879242E-07    0.1396208E-06   -0.1479300E-07   -0.5203719E-06   -0.5672171E-05   -0.8762831E-06   -0.7472884E-06   -0.3296043E-07    0.4505580E-02   -0.2309080E-04   -0.4009356E-03    0.4920194E-02    0.3009865E-03   -0.2711228E-02   -0.7879265E-02    0.1829265E-03    0.2374189E-04   -0.1944764E-03    0.2533724E-02    0.4523632E-02   -0.1401785E-06   -0.1269586E-06   -0.1569287E-06   -0.1335981E-06   -0.2318776E-06   -0.7968820E-06   -0.2228831E-06   -0.6190721E-08    0.9595446E-06    0.2627337E-07   -0.5020600E-06   -0.1612289E-05   -0.7935711E-08    0.2103750E-05
