# omegabh2 omegach2 theta tau mnu logA ns calPlanck galfTE100 galfTE100143 galfTE100217 galfTE143 galfTE143217 galfTE217 cal0 cal2
  4.6500079E-08  -8.4192657E-08   2.0924241E-08   2.7814722E-07   1.4358713E-06   8.6002951E-07   1.1246175E-06   2.7947851E-08  -6.5902141E-07  -1.9401146E-07  -4.2495840E-07   4.2580258E-08  -4.1310312E-07   4.9506546E-07  -9.0457997E-09   8.6849687E-09
 -8.4192657E-08   1.4742289E-06   6.7956201E-09  -3.1548471E-06  -1.3603933E-05  -5.4866938E-06  -5.5769558E-06  -4.1570798E-07   1.7309122E-06   1.1336608E-07   6.5907169E-06  -2.5513033E-06  -1.9784011E-06  -2.4562438E-06   7.7985275E-08  -7.2003530E-10
  2.0924241E-08   6.7956201E-09   2.0751445E-07   1.7787370E-07   5.3929645E-07   6.7324649E-07   4.4239268E-07   4.4776880E-08  -2.4103113E-07  -1.3425257E-07  -1.0445215E-07   6.0796682E-07   1.8166580E-06   1.7790144E-06   8.2309317E-09   7.3261134E-09
  2.7814722E-07  -3.1548471E-06   1.7787370E-07   5.7756483E-05   7.4104105E-05   1.0255173E-04   1.6098415E-05  -1.2661903E-06  -2.6092862E-06   4.5647635E-06   2.5789677E-05  -5.1457903E-06  -1.2233537E-05  -9.5142059E-05  -4.8674451E-07   2.8858406E-07
  1.4358713E-06  -1.3603933E-05   5.3929645E-07   7.4104105E-05   2.2298870E-03   1.8193694E-04   8.7273511E-05   6.7276229E-06  -4.5528414E-05   1.6494026E-05  -5.9926201E-05   5.1475336E-05   1.6370149E-04  -7.1576972E-05  -1.6604886E-06   7.7013225E-07
  8.6002951E-07  -5.4866938E-06   6.7324649E-07   1.0255173E-04   1.8193694E-04   2.3500171E-04   4.1334203E-05   1.1149040E-05  -2.0750321E-05   7.1812250E-06   9.1186223E-06  -1.7926084E-06  -4.0474354E-05  -1.1879107E-04  -8.7210555E-07   3.4350130E-07
  1.1246175E-06  -5.5769558E-06   4.4239268E-07   1.6098415E-05   8.7273511E-05   4.1334203E-05   1.0319664E-04  -5.5949838E-08  -3.7488386E-05   1.4394070E-05   4.6709989E-06   2.6151145E-05   3.8153182E-05   2.9664383E-05  -5.0963646E-07  -9.4088752E-08
  2.7947851E-08  -4.1570798E-07   4.4776880E-08  -1.2661903E-06   6.7276229E-06   1.1149040E-05  -5.5949838E-08   7.0532331E-06  -3.8965818E-06  -1.9296053E-07  -1.2328031E-05   1.0944028E-06  -1.7427351E-05   3.3487841E-06   5.6662650E-08  -8.0420572E-08
 -6.5902141E-07   1.7309122E-06  -2.4103113E-07  -2.6092862E-06  -4.5528414E-05  -2.0750321E-05  -3.7488386E-05  -3.8965818E-06   1.4252249E-03   2.4827859E-04   6.1897823E-05  -4.5576010E-04  -1.4590032E-04  -3.2615060E-04  -2.7965239E-10  -4.4268672E-07
 -1.9401146E-07   1.1336608E-07  -1.3425257E-07   4.5647635E-06   1.6494026E-05   7.1812250E-06   1.4394070E-05  -1.9296053E-07   2.4827859E-04   8.8985818E-04  -1.4587129E-04   6.7788158E-04   7.8012873E-05  -8.9842061E-04  -5.2100615E-07   4.3239750E-07
 -4.2495840E-07   6.5907169E-06  -1.0445215E-07   2.5789677E-05  -5.9926201E-05   9.1186223E-06   4.6709989E-06  -1.2328031E-05   6.1897823E-05  -1.4587129E-04   7.7746433E-03  -4.8401819E-04   1.7125619E-04   5.4471918E-03   3.1294025E-06   6.1622631E-08
  4.2580258E-08  -2.5513033E-06   6.0796682E-07  -5.1457903E-06   5.1475336E-05  -1.7926084E-06   2.6151145E-05   1.0944028E-06  -4.5576010E-04   6.7788158E-04  -4.8401819E-04   2.7521447E-03   7.1094201E-04  -9.9647336E-04   5.2615731E-07   1.3847731E-06
 -4.1310312E-07  -1.9784011E-06   1.8166580E-06  -1.2233537E-05   1.6370149E-04  -4.0474354E-05   3.8153182E-05  -1.7427351E-05  -1.4590032E-04   7.8012873E-05   1.7125619E-04   7.1094201E-04   5.9623828E-03   6.4879781E-03   1.3507587E-06   1.3795717E-06
  4.9506546E-07  -2.4562438E-06   1.7790144E-06  -9.5142059E-05  -7.1576972E-05  -1.1879107E-04   2.9664383E-05   3.3487841E-06  -3.2615060E-04  -8.9842061E-04   5.4471918E-03  -9.9647336E-04   6.4879781E-03   7.3211117E-02  -1.0306682E-06  -7.9890890E-06
 -9.0457997E-09   7.7985275E-08   8.2309317E-09  -4.8674451E-07  -1.6604886E-06  -8.7210555E-07  -5.0963646E-07   5.6662650E-08  -2.7965239E-10  -5.2100615E-07   3.1294025E-06   5.2615731E-07   1.3507587E-06  -1.0306682E-06   4.9010194E-07   1.5774553E-08
  8.6849687E-09  -7.2003530E-10   7.3261134E-09   2.8858406E-07   7.7013225E-07   3.4350130E-07  -9.4088752E-08  -8.0420572E-08  -4.4268672E-07   4.3239750E-07   6.1622631E-08   1.3847731E-06   1.3795717E-06  -7.9890890E-06   1.5774553E-08   3.8415245E-07
