# omegabh2 omegach2 theta tau logA ns calPlanck acib217 xi asz143 aps100 aps143 aps143217 aps217 aksz kgal100 kgal143 kgal143217 kgal217 cal0 cal2
    0.3725385E-07   -0.5635774E-07    0.1920048E-07    0.3278263E-06    0.6463995E-06    0.2882596E-06    0.1797838E-07   -0.2067287E-03    0.9535526E-06    0.6001665E-04   -0.8942911E-03   -0.4774944E-03   -0.1299463E-03    0.6796095E-04   -0.6952700E-04    0.7825960E-05    0.1936133E-04    0.6625312E-05    0.6952210E-04   -0.7180144E-08   -0.1871351E-07
   -0.5635774E-07    0.1277322E-05   -0.3924202E-07   -0.4972331E-05   -0.7185541E-05   -0.2871290E-05   -0.1585253E-06    0.3112910E-03    0.2987439E-05   -0.1094778E-03    0.6790638E-03    0.5735929E-03    0.1029973E-03   -0.4394119E-03    0.1789850E-03    0.6274828E-04    0.6622507E-06   -0.4679841E-04   -0.6954217E-04   -0.1561207E-08    0.5446524E-07
    0.1920048E-07   -0.3924202E-07    0.1522614E-06    0.6352005E-06    0.1493667E-05    0.3159904E-06    0.7011083E-07    0.7633006E-05    0.1988882E-05    0.6964364E-05   -0.1562857E-03   -0.8106782E-04   -0.2620940E-04   -0.7388335E-04   -0.4425179E-05    0.3413801E-04    0.9641449E-05    0.2878367E-04    0.6288107E-04    0.2761196E-08    0.1508412E-07
    0.3278263E-06   -0.4972331E-05    0.6352005E-06    0.8762571E-04    0.1572602E-03    0.1783944E-04   -0.2141772E-05   -0.4367367E-02    0.6062975E-04    0.1048195E-02   -0.1859591E-01   -0.7595099E-02   -0.2217056E-04    0.3496421E-02   -0.1687975E-02    0.6422937E-03   -0.3929525E-04   -0.7786337E-03   -0.4051695E-03   -0.4110341E-07   -0.7177858E-06
    0.6463995E-06   -0.7185541E-05    0.1493667E-05    0.1572602E-03    0.3140569E-03    0.2696397E-04    0.8181680E-05   -0.7999484E-02    0.1737216E-03    0.1831775E-02   -0.2967528E-01   -0.1194932E-01    0.2859015E-02    0.1166192E-01   -0.3561533E-02    0.1324440E-02   -0.3096283E-03   -0.1225211E-02    0.2065288E-02    0.1526664E-06   -0.1038632E-05
    0.2882596E-06   -0.2871290E-05    0.3159904E-06    0.1783944E-04    0.2696397E-04    0.1783928E-04    0.5439384E-08   -0.5217921E-02    0.9728397E-04    0.1412332E-02   -0.2813451E-01   -0.7876201E-02    0.2763078E-02    0.6550932E-02   -0.2941872E-02    0.2884960E-03   -0.1176496E-03   -0.4571915E-03    0.7891299E-03   -0.2715013E-06   -0.4500084E-06
    0.1797838E-07   -0.1585253E-06    0.7011083E-07   -0.2141772E-05    0.8181680E-05    0.5439384E-08    0.6348665E-05    0.9617593E-03   -0.4885867E-05   -0.7789795E-04    0.5373143E-02    0.8266816E-03    0.1615300E-03    0.1023033E-02    0.7704546E-04    0.8704907E-04    0.1258624E-03    0.3508414E-03    0.1409653E-02   -0.5967470E-08    0.1805464E-06
   -0.2067287E-03    0.3112910E-03    0.7633006E-05   -0.4367367E-02   -0.7999484E-02   -0.5217921E-02    0.9617593E-03    0.4422566E+02   -0.3954817E+00   -0.1998168E+01    0.4362656E+02    0.3233448E+01   -0.1850151E+02   -0.6082767E+02    0.1950999E+00   -0.4565051E+00    0.3836294E+00   -0.2482816E+01   -0.1978348E+02   -0.3220048E-03    0.4342647E-02
    0.9535526E-06    0.2987439E-05    0.1988882E-05    0.6062975E-04    0.1737216E-03    0.9728397E-04   -0.4885867E-05   -0.3954817E+00    0.8178339E-01   -0.1137220E+00   -0.2380884E+00    0.1071161E+01    0.1784774E+01    0.5936778E+00    0.1031677E+00    0.1354289E-02   -0.1116799E-01    0.5719964E-01    0.1141299E-01    0.3200086E-05   -0.1307904E-04
    0.6001665E-04   -0.1094778E-03    0.6964364E-05    0.1048195E-02    0.1831775E-02    0.1412332E-02   -0.7789795E-04   -0.1998168E+01   -0.1137220E+00    0.3886928E+01   -0.3001110E+02   -0.4507096E+01    0.6990224E+01    0.7244261E+01   -0.2874745E+01   -0.9832685E-01   -0.4784413E-01    0.2294383E+01    0.2255368E+01    0.2026390E-03   -0.4291169E-03
   -0.8942911E-03    0.6790638E-03   -0.1562857E-03   -0.1859591E-01   -0.2967528E-01   -0.2813451E-01    0.5373143E-02    0.4362656E+02   -0.2380884E+00   -0.3001110E+02    0.7631402E+03    0.7033949E+02   -0.5788643E+02   -0.7408277E+02    0.1606941E+02   -0.2750868E+01    0.4174315E+01   -0.9718796E+01   -0.1519343E+02    0.6294568E-02    0.4028298E-02
   -0.4774944E-03    0.5735929E-03   -0.8106782E-04   -0.7595099E-02   -0.1194932E-01   -0.7876201E-02    0.8266816E-03    0.3233448E+01    0.1071161E+01   -0.4507096E+01    0.7033949E+02    0.6479597E+02    0.4560360E+02    0.1476628E+02   -0.3905225E+01   -0.2100878E+00   -0.1910531E+01    0.3141568E+01    0.1953177E+01    0.1074716E-03    0.5065315E-03
   -0.1299463E-03    0.1029973E-03   -0.2620940E-04   -0.2217056E-04    0.2859015E-02    0.2763078E-02    0.1615300E-03   -0.1850151E+02    0.1784774E+01    0.6990224E+01   -0.5788643E+02    0.4560360E+02    0.9504465E+02    0.6307914E+02   -0.1161256E+02   -0.1244908E-01   -0.1714139E+01    0.2863808E+01    0.1731485E+01    0.7857508E-03   -0.2622847E-02
    0.6796095E-04   -0.4394119E-03   -0.7388335E-04    0.3496421E-02    0.1166192E-01    0.6550932E-02    0.1023033E-02   -0.6082767E+02    0.5936778E+00    0.7244261E+01   -0.7408277E+02    0.1476628E+02    0.6307914E+02    0.1210708E+03   -0.1034649E+02    0.4522013E+00   -0.1510074E+01   -0.4092369E+00    0.1524390E+02    0.8607622E-03   -0.7669788E-02
   -0.6952700E-04    0.1789850E-03   -0.4425179E-05   -0.1687975E-02   -0.3561533E-02   -0.2941872E-02    0.7704546E-04    0.1950999E+00    0.1031677E+00   -0.2874745E+01    0.1606941E+02   -0.3905225E+01   -0.1161256E+02   -0.1034649E+02    0.6326359E+01    0.8974220E-01    0.9009020E-01   -0.1789650E+01   -0.1447559E+01   -0.1037756E-03    0.1783031E-03
    0.7825960E-05    0.6274828E-04    0.3413801E-04    0.6422937E-03    0.1324440E-02    0.2884960E-03    0.8704907E-04   -0.4565051E+00    0.1354289E-02   -0.9832685E-01   -0.2750868E+01   -0.2100878E+00   -0.1244908E-01    0.4522013E+00    0.8974220E-01    0.3389166E+01    0.4020986E+00    0.2203533E-01    0.2486151E+00    0.3006424E-03   -0.8617197E-04
    0.1936133E-04    0.6622507E-06    0.9641449E-05   -0.3929525E-04   -0.3096283E-03   -0.1176496E-03    0.1258624E-03    0.3836294E+00   -0.1116799E-01   -0.4784413E-01    0.4174315E+01   -0.1910531E+01   -0.1714139E+01   -0.1510074E+01    0.9009020E-01    0.4020986E+00    0.3369182E+01    0.2524596E+01    0.1831163E+01   -0.2892003E-03   -0.1227663E-03
    0.6625312E-05   -0.4679841E-04    0.2878367E-04   -0.7786337E-03   -0.1225211E-02   -0.4571915E-03    0.3508414E-03   -0.2482816E+01    0.5719964E-01    0.2294383E+01   -0.9718796E+01    0.3141568E+01    0.2863808E+01   -0.4092369E+00   -0.1789650E+01    0.2203533E-01    0.2524596E+01    0.1776754E+02    0.2735990E+02   -0.3413570E-04    0.2630961E-02
    0.6952210E-04   -0.6954217E-04    0.6288107E-04   -0.4051695E-03    0.2065288E-02    0.7891299E-03    0.1409653E-02   -0.1978348E+02    0.1141299E-01    0.2255368E+01   -0.1519343E+02    0.1953177E+01    0.1731485E+01    0.1524390E+02   -0.1447559E+01    0.2486151E+00    0.1831163E+01    0.2735990E+02    0.5837217E+02    0.4890152E-04    0.4730073E-02
   -0.7180144E-08   -0.1561207E-08    0.2761196E-08   -0.4110341E-07    0.1526664E-06   -0.2715013E-06   -0.5967470E-08   -0.3220048E-03    0.3200086E-05    0.2026390E-03    0.6294568E-02    0.1074716E-03    0.7857508E-03    0.8607622E-03   -0.1037756E-03    0.3006424E-03   -0.2892003E-03   -0.3413570E-04    0.4890152E-04    0.6154401E-06   -0.3441814E-07
   -0.1871351E-07    0.5446524E-07    0.1508412E-07   -0.7177858E-06   -0.1038632E-05   -0.4500084E-06    0.1805464E-06    0.4342647E-02   -0.1307904E-04   -0.4291169E-03    0.4028298E-02    0.5065315E-03   -0.2622847E-02   -0.7669788E-02    0.1783031E-03   -0.8617197E-04   -0.1227663E-03    0.2630961E-02    0.4730073E-02   -0.3441814E-07    0.2136562E-05
