# omegabh2 omegach2 theta tau Alens logA ns calPlanck acib217 xi asz143 aps100 aps143 aps143217 aps217 aksz kgal100 kgal143 kgal143217 kgal217 galfTE100 galfTE100143 galfTE100217 galfTE143 galfTE143217 galfTE217 cal0 cal2
  1.9884826E-08  -7.5908388E-08   1.4078397E-08  -4.7431479E-08   1.7467617E-06  -2.1201610E-07   2.0752624E-07  -9.2464524E-09  -8.5179614E-05   4.8445732E-08   3.0428096E-05  -4.5208985E-04  -2.4417906E-04  -7.3545362E-05   2.0082680E-05  -4.2686278E-05   1.9308751E-07  -6.0402256E-06  -4.7071342E-06   1.4636702E-05  -1.0653422E-07   1.3416286E-07  -5.6546498E-07  -1.8319793E-08  -3.4549009E-07  -1.7004902E-06   2.6825235E-09  -1.7104777E-09
 -7.5908388E-08   1.1502334E-06  -7.5612537E-08  -2.4510936E-06  -1.5478304E-05  -1.9611638E-06  -2.9490309E-06   6.1877470E-08   3.1108214E-04  -8.2031629E-07  -7.4338445E-05   1.5036257E-03   1.0701931E-03   5.8055163E-04   1.6117423E-04   1.0962923E-04  -2.4797248E-05   8.0451639E-07   4.3295740E-05  -2.9500550E-05   1.3130941E-06  -2.7048593E-07  -3.2424751E-07   8.1063143E-07   2.9691360E-06   1.6605655E-05  -1.7289525E-09   9.8076203E-09
  1.4078397E-08  -7.5612537E-08   8.4531461E-08   1.1148686E-07   1.2927616E-06   2.4253809E-07   2.7595211E-07   5.0771036E-08   6.6911203E-05  -3.1799814E-06   2.8082086E-05  -5.4437671E-05  -1.1964857E-04  -5.6216109E-05  -8.5034770E-05  -3.0865155E-05  -9.8267359E-06   8.6363382E-06  -9.6484263E-06  -4.3373065E-05  -3.2726311E-07   1.4614865E-07  -9.8055633E-07  -1.0991327E-07  -9.1749882E-07  -1.7883777E-06  -1.7068774E-09  -1.4456152E-09
 -4.7431479E-08  -2.4510936E-06   1.1148686E-07   5.6541390E-04  -1.1019058E-03   1.1213647E-03   2.2092959E-05   1.9311176E-06  -1.9628097E-03   1.2144206E-04   2.0779225E-03  -1.1238157E-02  -4.5534280E-03   6.4166208E-03   2.7129308E-03  -3.7743843E-03   1.1789893E-03   1.8497604E-03   2.2968296E-03   5.0779328E-03  -2.3206816E-05   2.2886183E-05  -8.0574738E-05   1.4625567E-05  -2.5568598E-05  -2.2012023E-05   1.4840228E-07   1.3690445E-07
  1.7467617E-06  -1.5478304E-05   1.2927616E-06  -1.1019058E-03   3.1314186E-03  -2.2627083E-03   1.5007573E-05  -1.6819950E-05  -1.0604662E-02  -3.4906891E-06  -1.5822674E-03  -5.1293229E-02  -2.1063457E-02  -2.4038142E-02  -6.4161847E-03   3.6913419E-03  -2.1878097E-03  -4.5381897E-03  -5.4815242E-03  -8.6013861E-03   2.6185866E-05  -3.2533924E-05   1.3813046E-04  -6.9061896E-05   2.5003679E-05  -2.3677246E-04  -1.0871122E-06  -1.0450717E-06
 -2.1201610E-07  -1.9611638E-06   2.4253809E-07   1.1213647E-03  -2.2627083E-03   2.2596341E-03   3.3628069E-05   1.6438829E-05  -1.9927287E-03   3.0840012E-04   4.1390582E-03  -1.3451016E-02  -2.9345891E-03   1.8972719E-02   1.0962312E-02  -7.9434172E-03   2.3126590E-03   3.6096137E-03   4.7167301E-03   1.1463697E-02  -3.8890650E-05   4.9451180E-05  -1.6266576E-04   3.0063293E-05  -5.2985918E-05  -1.0354143E-05   5.0990373E-07   3.0418639E-07
  2.0752624E-07  -2.9490309E-06   2.7595211E-07   2.2092959E-05   1.5007573E-05   3.3628069E-05   1.6912150E-05  -7.0794698E-07  -4.4791448E-03   6.2207352E-05   9.3706880E-04  -2.3870653E-02  -8.5713578E-03  -9.7517291E-05   3.8063264E-03  -1.9390891E-03   3.1740328E-04  -4.3370162E-04  -8.6547987E-04   2.6442675E-04  -1.0800450E-05  -1.6597721E-06  -5.7475356E-06  -3.3031080E-06  -3.9799130E-07  -4.7728116E-06  -6.1738397E-08  -1.3066639E-07
 -9.2464524E-09   6.1877470E-08   5.0771036E-08   1.9311176E-06  -1.6819950E-05   1.6438829E-05  -7.0794698E-07   6.1609488E-06   1.2439799E-03   1.5357415E-05   7.3904572E-05   3.7330335E-03   1.6965691E-03   1.5976802E-03   1.1672299E-03   1.1322085E-05   1.7710983E-04   2.1397097E-04   2.4009544E-04   7.9118687E-04   1.5561525E-06   1.7156995E-06   2.3152992E-06  -1.5493391E-06  -3.4137192E-06   2.6928312E-06   3.6767706E-08   8.0900187E-09
 -8.5179614E-05   3.1108214E-04   6.6911203E-05  -1.9628097E-03  -1.0604662E-02  -1.9927287E-03  -4.4791448E-03   1.2439799E-03   4.5190188E+01  -3.6214510E-01  -5.9816634E-01   3.5936352E+01   2.4154720E+00  -1.1669521E+01  -5.5029372E+01  -7.4689884E-01   2.1774598E-01   5.1545474E-01  -5.7278959E+00  -3.3063239E+01  -1.5387627E-03   6.1567199E-03   2.3131581E-02   5.9316922E-03   4.8905746E-03   3.1029279E-02  -1.9886551E-04   8.6441367E-04
  4.8445732E-08  -8.2031629E-07  -3.1799814E-06   1.2144206E-04  -3.4906891E-06   3.0840012E-04   6.2207352E-05   1.5357415E-05  -3.6214510E-01   8.0920827E-02  -5.8852683E-02  -4.0016325E-01   9.9227326E-01   1.7190954E+00   6.3501950E-01   5.4176078E-02  -2.0429129E-03   4.9488687E-04   8.9507124E-02   1.0139869E-01  -4.6913227E-04  -1.4314682E-05   5.2288811E-04   3.0723812E-04  -7.7981246E-04  -8.8445336E-04   4.0774906E-06  -1.6551127E-06
  3.0428096E-05  -7.4338445E-05   2.8082086E-05   2.0779225E-03  -1.5822674E-03   4.1390582E-03   9.3706880E-04   7.3904572E-05  -5.9816634E-01  -5.8852683E-02   3.8088739E+00  -2.9973697E+01  -3.7310192E+00   7.0175025E+00   4.8275008E+00  -2.5570649E+00  -1.3518808E-01   1.0759513E-01   2.4595402E+00   2.8334449E+00  -7.8667474E-04  -2.6330802E-04   7.2138035E-04   1.6769845E-03   3.6123469E-03   6.1747964E-03   1.3047501E-04  -6.6099608E-05
 -4.5208985E-04   1.5036257E-03  -5.4437671E-05  -1.1238157E-02  -5.1293229E-02  -1.3451016E-02  -2.3870653E-02   3.7330335E-03   3.5936352E+01  -4.0016325E-01  -2.9973697E+01   7.7058280E+02   7.8388394E+01  -4.6964155E+01  -5.6593224E+01   1.0800142E+01  -7.1870197E+00   4.8108092E+00  -1.1203287E+01  -2.1158678E+01  -2.2120114E-02   1.4303716E-04   1.8602595E-02   1.0730575E-02  -9.0772314E-03   8.7877166E-02   3.6537314E-03   1.1691693E-03
 -2.4417906E-04   1.0701931E-03  -1.1964857E-04  -4.5534280E-03  -2.1063457E-02  -2.9345891E-03  -8.5713578E-03   1.6965691E-03   2.4154720E+00   9.9227326E-01  -3.7310192E+00   7.8388394E+01   6.3569302E+01   4.0110417E+01   1.3594116E+01  -4.1401854E+00   3.2881104E-02  -1.1182880E+00   4.4398029E+00   6.0648662E+00  -2.7209220E-03  -6.2654477E-03   9.7054452E-03   3.9374437E-03  -9.7902349E-03  -1.2431046E-02   1.0237501E-04   2.0056279E-04
 -7.3545362E-05   5.8055163E-04  -5.6216109E-05   6.4166208E-03  -2.4038142E-02   1.8972719E-02  -9.7517291E-05   1.5976802E-03  -1.1669521E+01   1.7190954E+00   7.0175025E+00  -4.6964155E+01   4.0110417E+01   8.3575896E+01   5.0400939E+01  -1.0450354E+01  -3.0376105E-01  -6.4949542E-01   4.9055203E+00   7.6663583E+00  -1.7335817E-02  -9.1477153E-03   6.4429212E-03   8.2928262E-03  -7.6046583E-03  -1.3714528E-02   5.1746310E-04  -3.3919953E-04
  2.0082680E-05   1.6117423E-04  -8.5034770E-05   2.7129308E-03  -6.4161847E-03   1.0962312E-02   3.8063264E-03   1.1672299E-03  -5.5029372E+01   6.3501950E-01   4.8275008E+00  -5.6593224E+01   1.3594116E+01   5.0400939E+01   1.0209730E+02  -7.6020018E+00  -4.1338245E-01  -1.0691167E+00   5.4818116E+00   3.2988862E+01  -2.9916820E-03  -1.6631980E-02  -3.0383926E-02  -9.2688975E-03   4.3877345E-04  -4.1708594E-02   5.7396650E-04  -1.4576142E-03
 -4.2686278E-05   1.0962923E-04  -3.0865155E-05  -3.7743843E-03   3.6913419E-03  -7.9434172E-03  -1.9390891E-03   1.1322085E-05  -7.4689884E-01   5.4176078E-02  -2.5570649E+00   1.0800142E+01  -4.1401854E+00  -1.0450354E+01  -7.6020018E+00   5.2659448E+00   3.7132497E-02  -1.9012998E-01  -1.9287813E+00  -1.8799995E+00   2.7253122E-03   1.5030873E-03   4.1977139E-03  -1.3151054E-03  -6.5880623E-03  -1.2958382E-02  -9.2716225E-05   1.0205686E-05
  1.9308751E-07  -2.4797248E-05  -9.8267359E-06   1.1789893E-03  -2.1878097E-03   2.3126590E-03   3.1740328E-04   1.7710983E-04   2.1774598E-01  -2.0429129E-03  -1.3518808E-01  -7.1870197E+00   3.2881104E-02  -3.0376105E-01  -4.1338245E-01   3.7132497E-02   3.3693730E+00   5.4795873E-01   2.1414811E-01   1.0710525E-01   1.7985674E-03   1.1701442E-03  -8.4682917E-04  -3.7163758E-03   4.9116404E-04   5.8424907E-03   1.3644732E-04  -3.4929419E-05
 -6.0402256E-06   8.0451639E-07   8.6363382E-06   1.8497604E-03  -4.5381897E-03   3.6096137E-03  -4.3370162E-04   2.1397097E-04   5.1545474E-01   4.9488687E-04   1.0759513E-01   4.8108092E+00  -1.1182880E+00  -6.4949542E-01  -1.0691167E+00  -1.9012998E-01   5.4795873E-01   2.9654327E+00   2.5105358E+00   2.6434798E+00  -2.3233564E-03   1.4364021E-04  -3.5675918E-03   1.0402817E-03   2.6522353E-03   1.4896883E-02  -1.8819318E-04  -2.6373766E-05
 -4.7071342E-06   4.3295740E-05  -9.6484263E-06   2.2968296E-03  -5.4815242E-03   4.7167301E-03  -8.6547987E-04   2.4009544E-04  -5.7278959E+00   8.9507124E-02   2.4595402E+00  -1.1203287E+01   4.4398029E+00   4.9055203E+00   5.4818116E+00  -1.9287813E+00   2.1414811E-01   2.5105358E+00   1.0586835E+01   1.9055986E+01   1.1299210E-03   2.0797937E-04  -5.2553089E-03   2.9115306E-03   2.1432268E-03   1.6874619E-02  -5.5210842E-05   3.5276501E-04
  1.4636702E-05  -2.9500550E-05  -4.3373065E-05   5.0779328E-03  -8.6013861E-03   1.1463697E-02   2.6442675E-04   7.9118687E-04  -3.3063239E+01   1.0139869E-01   2.8334449E+00  -2.1158678E+01   6.0648662E+00   7.6663583E+00   3.2988862E+01  -1.8799995E+00   1.0710525E-01   2.6434798E+00   1.9055986E+01   5.3142297E+01   3.8310436E-03  -1.6577802E-03  -1.6130018E-02   2.6397521E-05  -2.7627607E-03  -3.5283090E-03  -1.1481039E-05   7.4944406E-04
 -1.0653422E-07   1.3130941E-06  -3.2726311E-07  -2.3206816E-05   2.6185866E-05  -3.8890650E-05  -1.0800450E-05   1.5561525E-06  -1.5387627E-03  -4.6913227E-04  -7.8667474E-04  -2.2120114E-02  -2.7209220E-03  -1.7335817E-02  -2.9916820E-03   2.7253122E-03   1.7985674E-03  -2.3233564E-03   1.1299210E-03   3.8310436E-03   1.4089824E-03   2.4711081E-04   4.5398556E-05  -3.7948690E-04  -1.1275837E-04  -3.6007868E-04  -2.8436381E-07  -2.7973696E-07
  1.3416286E-07  -2.7048593E-07   1.4614865E-07   2.2886183E-05  -3.2533924E-05   4.9451180E-05  -1.6597721E-06   1.7156995E-06   6.1567199E-03  -1.4314682E-05  -2.6330802E-04   1.4303716E-04  -6.2654477E-03  -9.1477153E-03  -1.6631980E-02   1.5030873E-03   1.1701442E-03   1.4364021E-04   2.0797937E-04  -1.6577802E-03   2.4711081E-04   8.6808347E-04   8.3238483E-05   7.1890307E-04   1.2318202E-04  -6.1450980E-04  -5.0514036E-07  -1.1219634E-07
 -5.6546498E-07  -3.2424751E-07  -9.8055633E-07  -8.0574738E-05   1.3813046E-04  -1.6266576E-04  -5.7475356E-06   2.3152992E-06   2.3131581E-02   5.2288811E-04   7.2138035E-04   1.8602595E-02   9.7054452E-03   6.4429212E-03  -3.0383926E-02   4.1977139E-03  -8.4682917E-04  -3.5675918E-03  -5.2553089E-03  -1.6130018E-02   4.5398556E-05   8.3238483E-05   7.1596385E-03  -2.4605598E-04   4.7030492E-04   3.9364684E-03   3.4586988E-07   9.1592789E-07
 -1.8319793E-08   8.1063143E-07  -1.0991327E-07   1.4625567E-05  -6.9061896E-05   3.0063293E-05  -3.3031080E-06  -1.5493391E-06   5.9316922E-03   3.0723812E-04   1.6769845E-03   1.0730575E-02   3.9374437E-03   8.2928262E-03  -9.2688975E-03  -1.3151054E-03  -3.7163758E-03   1.0402817E-03   2.9115306E-03   2.6397521E-05  -3.7948690E-04   7.1890307E-04  -2.4605598E-04   2.8244859E-03   8.1104198E-04  -6.0076591E-04  -1.0353739E-06  -6.7883352E-08
 -3.4549009E-07   2.9691360E-06  -9.1749882E-07  -2.5568598E-05   2.5003679E-05  -5.2985918E-05  -3.9799130E-07  -3.4137192E-06   4.8905746E-03  -7.7981246E-04   3.6123469E-03  -9.0772314E-03  -9.7902349E-03  -7.6046583E-03   4.3877345E-04  -6.5880623E-03   4.9116404E-04   2.6522353E-03   2.1432268E-03  -2.7627607E-03  -1.1275837E-04   1.2318202E-04   4.7030492E-04   8.1104198E-04   6.4038975E-03   7.8647974E-03   1.3529183E-06  -2.2474275E-06
 -1.7004902E-06   1.6605655E-05  -1.7883777E-06  -2.2012023E-05  -2.3677246E-04  -1.0354143E-05  -4.7728116E-06   2.6928312E-06   3.1029279E-02  -8.8445336E-04   6.1747964E-03   8.7877166E-02  -1.2431046E-02  -1.3714528E-02  -4.1708594E-02  -1.2958382E-02   5.8424907E-03   1.4896883E-02   1.6874619E-02  -3.5283090E-03  -3.6007868E-04  -6.1450980E-04   3.9364684E-03  -6.0076591E-04   7.8647974E-03   7.0597938E-02   3.1554974E-06  -4.7435176E-06
  2.6825235E-09  -1.7289525E-09  -1.7068774E-09   1.4840228E-07  -1.0871122E-06   5.0990373E-07  -6.1738397E-08   3.6767706E-08  -1.9886551E-04   4.0774906E-06   1.3047501E-04   3.6537314E-03   1.0237501E-04   5.1746310E-04   5.7396650E-04  -9.2716225E-05   1.3644732E-04  -1.8819318E-04  -5.5210842E-05  -1.1481039E-05  -2.8436381E-07  -5.0514036E-07   3.4586988E-07  -1.0353739E-06   1.3529183E-06   3.1554974E-06   3.8633412E-07  -1.0275149E-08
 -1.7104777E-09   9.8076203E-09  -1.4456152E-09   1.3690445E-07  -1.0450717E-06   3.0418639E-07  -1.3066639E-07   8.0900187E-09   8.6441367E-04  -1.6551127E-06  -6.6099608E-05   1.1691693E-03   2.0056279E-04  -3.3919953E-04  -1.4576142E-03   1.0205686E-05  -3.4929419E-05  -2.6373766E-05   3.5276501E-04   7.4944406E-04  -2.7973696E-07  -1.1219634E-07   9.1592789E-07  -6.7883352E-08  -2.2474275E-06  -4.7435176E-06  -1.0275149E-08   3.7795039E-07
