# omegabh2 omegach2 theta mnu logA ns
  2.5526126E-07   6.8986023E-08  -2.4317554E-07  -1.2594795E-05   9.4124284E-07  -1.1229609E-07
  6.8986023E-08   1.1512732E-03   1.5025283E-03   4.2991482E-02  -5.1889482E-03  -9.2458904E-05
 -2.4317554E-07   1.5025283E-03   4.2942676E-03   4.9961967E-02  -1.8035571E-03  -3.4719827E-05
 -1.2594795E-05   4.2991482E-02   4.9961967E-02   1.8618883E+00  -2.0029186E-01  -2.5420760E-04
  9.4124284E-07  -5.1889482E-03  -1.8035571E-03  -2.0029186E-01   3.5629264E-02   9.4889792E-04
 -1.1229609E-07  -9.2458904E-05  -3.4719827E-05  -2.5420760E-04   9.4889792E-04   4.1943578E-04
