# omegabh2 omegach2 theta tau mnu logA ns calPlanck acib217 xi asz143 aps100 aps143 aps143217 aps217 aksz kgal100 kgal143 kgal143217 kgal217 cal0 cal2
  3.7480894E-08  -4.8573868E-08   2.0266264E-08   2.6310842E-07   2.9646287E-07   5.6097047E-07   2.5232560E-07   2.2669591E-08  -1.5845920E-04   2.5769269E-06   4.1177177E-05  -6.6777213E-04  -4.1898128E-04  -1.3524757E-04  -6.4079802E-06  -6.2259663E-05   1.0128105E-06  -3.4694868E-06  -7.2202030E-07   6.5434781E-05   5.6093306E-10  -2.8398757E-09
 -4.8573868E-08   1.1115466E-06  -3.6301631E-08  -2.3902814E-06  -7.4965805E-06  -2.7230949E-06  -2.4012215E-06  -2.4604355E-07   2.3641704E-04   6.9424006E-07  -6.0268060E-06   5.1128869E-04   4.0203760E-04   2.3634451E-04  -1.6886167E-04   9.0898169E-05   1.7144719E-05   4.1322180E-05   2.9159946E-05  -1.2716733E-04  -1.7721635E-08   6.8971171E-10
  2.0266264E-08  -3.6301631E-08   1.7317972E-07   2.4850519E-07   8.2506403E-07   6.7889297E-07   3.1725036E-07   4.4786496E-08  -7.6741070E-07   6.4406816E-08  -3.5626527E-06   1.6245224E-04  -3.5905344E-05  -4.2711808E-05  -1.5423588E-05  -1.1369800E-06  -6.8318362E-06   1.8184523E-05   1.0846768E-05   2.8566776E-05   1.8830600E-10  -1.2477592E-09
  2.6310842E-07  -2.3902814E-06   2.4850519E-07   4.3736189E-05   4.6011661E-05   8.0459483E-05   7.9064167E-06  -4.1261690E-07  -1.6090844E-03   4.9676797E-05   2.1405713E-04  -6.7292746E-03  -4.1259844E-03  -1.7832363E-03  -6.5421642E-04  -2.7600547E-04  -6.9077457E-05  -1.6809727E-04   6.8326112E-05   6.5128000E-04   2.2628878E-09  -5.0086716E-08
  2.9646287E-07  -7.4965805E-06   8.2506403E-07   4.6011661E-05   1.5383736E-03   8.3731146E-05   1.7705926E-05   4.3498458E-06  -1.2076669E-03  -8.7610617E-05  -6.8566545E-04   1.5066807E-02   1.8163625E-03  -7.8451922E-04   2.4443227E-03  -7.5729351E-04  -3.3938473E-05  -1.0673330E-03   9.7494924E-04   5.0896717E-03   4.6916545E-07   2.8622054E-07
  5.6097047E-07  -2.7230949E-06   6.7889297E-07   8.0459483E-05   8.3731146E-05   1.7958992E-04   1.0094091E-05   1.1227808E-05  -3.0079252E-03   1.6799806E-04   4.3538173E-04  -1.1081686E-02  -6.5289397E-03   7.8098790E-05   4.5644979E-03  -1.3345988E-03  -4.5433773E-04  -9.0035889E-04  -5.9114354E-04   1.8875032E-03   8.3964823E-08  -1.7577851E-07
  2.5232560E-07  -2.4012215E-06   3.1725036E-07   7.9064167E-06   1.7705926E-05   1.0094091E-05   1.6045959E-05   7.4839281E-07  -5.0050589E-03   8.9469611E-05   1.0536853E-03  -2.4390738E-02  -7.3963046E-03   1.2181830E-03   5.3550443E-03  -2.5617214E-03   4.0574553E-04  -3.4867880E-04  -2.1364447E-04   2.0105522E-03  -5.0515521E-08  -4.6683357E-08
  2.2669591E-08  -2.4604355E-07   4.4786496E-08  -4.1261690E-07   4.3498458E-06   1.1227808E-05   7.4839281E-07   6.2884652E-06   6.5759764E-04   8.1375088E-06   3.2598888E-05   2.9282297E-03   2.8237419E-04   5.4482837E-04   1.4171188E-03  -4.2570227E-05   1.3074609E-05  -1.5995325E-05  -5.5733813E-05   6.4146164E-04  -1.5422461E-08  -1.7588709E-08
 -1.5845920E-04   2.3641704E-04  -7.6741070E-07  -1.6090844E-03  -1.2076669E-03  -3.0079252E-03  -5.0050589E-03   6.5759764E-04   4.4514488E+01  -3.7768801E-01  -8.1498762E-01   3.7053468E+01   2.7817610E+00  -1.2100047E+01  -5.4267316E+01  -1.5051206E-01   2.0862288E-01   4.9572218E-01  -5.7912626E+00  -3.3075543E+01  -2.2061930E-04   8.0649804E-04
  2.5769269E-06   6.9424006E-07   6.4406816E-08   4.9676797E-05  -8.7610617E-05   1.6799806E-04   8.9469611E-05   8.1375088E-06  -3.7768801E-01   8.2325909E-02  -4.3410981E-02  -6.4459309E-01   8.3938394E-01   1.6157676E+00   5.7793544E-01   5.0541146E-02  -1.0874344E-02   9.0418724E-03   9.7782127E-02   1.2440550E-01   4.2912901E-06  -1.0542290E-06
  4.1177177E-05  -6.0268060E-06  -3.5626527E-06   2.1405713E-04  -6.8566545E-04   4.3538173E-04   1.0536853E-03   3.2598888E-05  -8.1498762E-01  -4.3410981E-02   3.9353590E+00  -3.0571058E+01  -3.1602330E+00   8.0403027E+00   5.5262055E+00  -2.9247409E+00  -1.3192043E-01   2.1195656E-01   2.6955516E+00   3.3019548E+00   1.0365565E-04  -5.1440355E-05
 -6.6777213E-04   5.1128869E-04   1.6245224E-04  -6.7292746E-03   1.5066807E-02  -1.1081686E-02  -2.4390738E-02   2.9282297E-03   3.7053468E+01  -6.4459309E-01  -3.0571058E+01   7.8469086E+02   6.9714356E+01  -5.7513936E+01  -6.0643608E+01   1.5441510E+01  -7.6425090E+00   4.8792398E+00  -1.3096627E+01  -2.6112871E+01   3.6488011E-03   6.9762340E-04
 -4.1898128E-04   4.0203760E-04  -3.5905344E-05  -4.1259844E-03   1.8163625E-03  -6.5289397E-03  -7.3963046E-03   2.8237419E-04   2.7817610E+00   8.3938394E-01  -3.1602330E+00   6.9714356E+01   6.2885334E+01   4.0278772E+01   1.5998807E+01  -5.1844047E+00  -5.9564677E-01  -1.3262911E+00   3.5547247E+00   3.8607349E+00   1.4333476E-04   1.4143894E-04
 -1.3524757E-04   2.3634451E-04  -4.2711808E-05  -1.7832363E-03  -7.8451922E-04   7.8098790E-05   1.2181830E-03   5.4482837E-04  -1.2100047E+01   1.6157676E+00   8.0403027E+00  -5.7513936E+01   4.0278772E+01   8.5592071E+01   5.4082353E+01  -1.2755847E+01  -7.5628440E-01  -6.3404383E-01   4.8609643E+00   7.6336574E+00   4.4939584E-04  -3.3584064E-04
 -6.4079802E-06  -1.6886167E-04  -1.5423588E-05  -6.5421642E-04   2.4443227E-03   4.5644979E-03   5.3550443E-03   1.4171188E-03  -5.4267316E+01   5.7793544E-01   5.5262055E+00  -6.0643608E+01   1.5998807E+01   5.4082353E+01   1.0480734E+02  -1.0121193E+01  -6.3132299E-01  -1.1290897E+00   5.4607140E+00   3.2780613E+01   5.1826700E-04  -1.4241671E-03
 -6.2259663E-05   9.0898169E-05  -1.1369800E-06  -2.7600547E-04  -7.5729351E-04  -1.3345988E-03  -2.5617214E-03  -4.2570227E-05  -1.5051206E-01   5.0541146E-02  -2.9247409E+00   1.5441510E+01  -5.1844047E+00  -1.2755847E+01  -1.0121193E+01   6.4212409E+00   2.4369786E-02  -2.0032063E-01  -2.1403220E+00  -2.3155285E+00  -8.1545636E-05   2.9985519E-06
  1.0128105E-06   1.7144719E-05  -6.8318362E-06  -6.9077457E-05  -3.3938473E-05  -4.5433773E-04   4.0574553E-04   1.3074609E-05   2.0862288E-01  -1.0874344E-02  -1.3192043E-01  -7.6425090E+00  -5.9564677E-01  -7.5628440E-01  -6.3132299E-01   2.4369786E-02   3.3298163E+00   4.6522842E-01   1.3440007E-01   1.2887691E-01   1.7152578E-04   8.6447197E-06
 -3.4694868E-06   4.1322180E-05   1.8184523E-05  -1.6809727E-04  -1.0673330E-03  -9.0035889E-04  -3.4867880E-04  -1.5995325E-05   4.9572218E-01   9.0418724E-03   2.1195656E-01   4.8792398E+00  -1.3262911E+00  -6.3404383E-01  -1.1290897E+00  -2.0032063E-01   4.6522842E-01   3.1422398E+00   2.7914964E+00   2.8247463E+00  -1.9427155E-04  -4.7482616E-05
 -7.2202030E-07   2.9159946E-05   1.0846768E-05   6.8326112E-05   9.7494924E-04  -5.9114354E-04  -2.1364447E-04  -5.5733813E-05  -5.7912626E+00   9.7782127E-02   2.6955516E+00  -1.3096627E+01   3.5547247E+00   4.8609643E+00   5.4607140E+00  -2.1403220E+00   1.3440007E-01   2.7914964E+00   1.1013350E+01   1.9495728E+01  -4.3792607E-05   3.6481107E-04
  6.5434781E-05  -1.2716733E-04   2.8566776E-05   6.5128000E-04   5.0896717E-03   1.8875032E-03   2.0105522E-03   6.4146164E-04  -3.3075543E+01   1.2440550E-01   3.3019548E+00  -2.6112871E+01   3.8607349E+00   7.6336574E+00   3.2780613E+01  -2.3155285E+00   1.2887691E-01   2.8247463E+00   1.9495728E+01   5.3540922E+01   4.3854962E-05   8.3888604E-04
  5.6093306E-10  -1.7721635E-08   1.8830600E-10   2.2628878E-09   4.6916545E-07   8.3964823E-08  -5.0515521E-08  -1.5422461E-08  -2.2061930E-04   4.2912901E-06   1.0365565E-04   3.6488011E-03   1.4333476E-04   4.4939584E-04   5.1826700E-04  -8.1545636E-05   1.7152578E-04  -1.9427155E-04  -4.3792607E-05   4.3854962E-05   3.7027444E-07  -2.2904121E-09
 -2.8398757E-09   6.8971171E-10  -1.2477592E-09  -5.0086716E-08   2.8622054E-07  -1.7577851E-07  -4.6683357E-08  -1.7588709E-08   8.0649804E-04  -1.0542290E-06  -5.1440355E-05   6.9762340E-04   1.4143894E-04  -3.3584064E-04  -1.4241671E-03   2.9985519E-06   8.6447197E-06  -4.7482616E-05   3.6481107E-04   8.3888604E-04  -2.2904121E-09   3.9596153E-07
