# omegabh2 omegach2 theta tau w logA ns calPlanck alpha_JLA beta_JLA acib217 xi asz143 aps100 aps143 aps143217 aps217 aksz kgal100 kgal143 kgal143217 kgal217 galfTE100 galfTE100143 galfTE100217 galfTE143 galfTE143217 galfTE217 cal0 cal2
  1.9517828E-08  -6.9220067E-08   1.2862216E-08   2.7990653E-07   1.4747896E-06   4.9108123E-07   1.7885455E-07   8.2264510E-09   4.7893744E-09  -1.0422569E-08  -4.6184694E-05   2.1613054E-06   2.0223864E-05  -3.3823048E-04  -2.2208393E-04  -6.1407565E-05  -2.7410808E-05  -2.3878906E-05  -3.2769535E-06  -7.7317288E-06  -1.5487352E-05  -1.5301466E-05  -9.9619178E-08  -1.4279691E-08   2.2158405E-07  -2.2151718E-07  -3.1352848E-07  -1.4592202E-06   2.5862542E-09  -1.0173776E-10
 -6.9220067E-08   1.0848013E-06  -8.2968432E-08  -3.2256664E-06  -1.9412220E-05  -4.2643687E-06  -2.5424861E-06  -1.7329141E-07   7.8498661E-08   2.8509985E-06  -5.4835718E-05  -3.0502790E-06  -1.0366754E-04   7.8836611E-04   7.6664229E-04   2.1552057E-04   2.2036865E-04   1.2930368E-04   1.8344992E-05  -3.4747713E-05   1.2888291E-05   1.2688192E-04  -7.6205953E-07  -5.0574520E-07  -8.5863589E-07   1.1655993E-06   3.7321203E-06   1.1803137E-05  -7.2779523E-09   5.4753333E-09
  1.2862216E-08  -8.2968432E-08   8.9337187E-08   3.7295478E-07   2.6379144E-06   7.0855307E-07   2.6704594E-07   3.4628020E-08   1.3126630E-08  -4.9788899E-07   3.0218222E-05   1.6895743E-06   6.3994252E-06   1.6284765E-06  -2.1736061E-05   2.7053050E-05  -8.4168106E-06   6.1763140E-06  -5.9994217E-06  -2.1941928E-08  -1.7617946E-05  -6.4374166E-05  -2.1420776E-07  -4.0091573E-08  -1.9619408E-07  -3.4737206E-08  -7.0351193E-07  -7.7086362E-07   6.4403963E-10  -1.6567259E-10
  2.7990653E-07  -3.2256664E-06   3.7295478E-07   5.8156320E-05   6.7854341E-05   1.0412911E-04   9.7158686E-06  -1.8162908E-06   2.8123131E-07  -3.6674420E-06  -1.4673515E-03   4.7663196E-05   5.4484978E-04  -8.6796061E-03  -4.4726034E-03  -8.2584194E-04  -2.0993895E-04  -8.4489681E-04   1.4970002E-04   3.3357261E-04   1.3908596E-04   6.9674152E-05   1.8750132E-06  -4.9155016E-09   7.1287140E-06  -1.0986730E-05  -1.3496083E-05  -7.3017552E-05  -3.5479584E-08  -6.1010750E-08
  1.4747896E-06  -1.9412220E-05   2.6379144E-06   6.7854341E-05   1.2869165E-03   9.8497705E-05   4.9781597E-05   2.8925325E-06  -1.0845244E-05  -2.8499410E-04  -4.4731311E-03   1.1727791E-04   2.4273929E-03  -6.2032140E-02  -1.9141802E-02  -2.8241063E-03   2.0035012E-03  -3.0553192E-03   1.3386208E-03   1.0513770E-03   4.6545571E-04   1.4207702E-03   4.0108386E-05   1.9270211E-05  -5.5628958E-05  -7.8328302E-06   4.9446788E-05   4.9538674E-05  -3.8210235E-07  -1.0293370E-07
  4.9108123E-07  -4.2643687E-06   7.0855307E-07   1.0412911E-04   9.8497705E-05   2.1748153E-04   1.2406809E-05   8.9093544E-06   3.5443236E-07  -7.3302032E-06  -2.0254929E-03   1.4383536E-04   7.9565109E-04  -8.9261541E-03  -6.0502516E-03   7.1928543E-04   3.6503045E-03  -1.9688551E-03   9.2167366E-05   1.8369172E-04  -9.5596655E-05   1.3787272E-03   5.3601085E-06  -5.6080317E-06  -9.2894373E-06  -1.8538231E-05  -1.7152714E-05  -1.5716426E-04   9.1093837E-08  -1.5662974E-07
  1.7885455E-07  -2.5424861E-06   2.6704594E-07   9.7158686E-06   4.9781597E-05   1.2406809E-05   1.4626238E-05   2.3918712E-07   1.8435729E-07  -5.9956843E-06  -3.8639336E-03   9.6966029E-05   8.5784025E-04  -1.9629768E-02  -6.3252559E-03   1.1895142E-03   4.1879240E-03  -2.0641761E-03   2.3362816E-04  -9.5127857E-05  -1.8224713E-04   1.0172116E-03   4.4382495E-07  -1.5983238E-06  -3.8368649E-06  -6.2539991E-06  -1.0650280E-05  -3.8963174E-05  -8.6796025E-08  -4.5735537E-08
  8.2264510E-09  -1.7329141E-07   3.4628020E-08  -1.8162908E-06   2.8925325E-06   8.9093544E-06   2.3918712E-07   6.4125941E-06  -1.5752297E-07  -2.4389059E-06   1.1747379E-03   1.1248682E-06  -2.6318760E-05   5.6864222E-03   5.5561669E-04   7.4864497E-05   4.2212319E-04   3.3228802E-05   2.9349737E-05   8.5627478E-05   7.4627771E-05   6.4222212E-04   1.8008977E-06  -1.7927456E-06  -1.0241198E-05  -7.8516997E-07  -2.3266456E-08  -1.7740940E-05   2.1396718E-08  -2.1347365E-08
  4.7893744E-09   7.8498661E-08   1.3126630E-08   2.8123131E-07  -1.0845244E-05   3.5443236E-07   1.8435729E-07  -1.5752297E-07   4.3062394E-05  -1.6411398E-05  -6.6163770E-05   3.5461462E-05  -2.6778167E-04   2.8961879E-03   6.8261658E-04  -8.7925001E-05  -1.7583800E-04   1.9245393E-04   1.1917203E-04  -1.4165529E-04  -1.1528914E-04  -4.1420358E-04  -8.1507239E-06  -2.4296514E-06   1.4337420E-05  -8.8162934E-06   1.1531463E-06   1.4571164E-05  -3.0117812E-08  -8.8001021E-10
 -1.0422569E-08   2.8509985E-06  -4.9788899E-07  -3.6674420E-06  -2.8499410E-04  -7.3302032E-06  -5.9956843E-06  -2.4389059E-06  -1.6411398E-05   6.4076408E-03   4.4666068E-03  -8.4636763E-04   7.8779274E-04  -1.6987598E-03   7.7385124E-03  -1.1667011E-02  -4.4650026E-03  -4.2192886E-03  -5.3321201E-04   1.0344740E-03   4.4021848E-03   5.2187415E-03  -2.3339150E-05  -4.3699835E-05   1.1238284E-04  -9.3165807E-05  -7.0214874E-05  -1.6043272E-04  -5.0136035E-07   2.8759582E-07
 -4.6184694E-05  -5.4835718E-05   3.0218222E-05  -1.4673515E-03  -4.4731311E-03  -2.0254929E-03  -3.8639336E-03   1.1747379E-03  -6.6163770E-05   4.4666068E-03   4.4305582E+01  -3.8667815E-01  -1.1805554E+00   3.5811634E+01   2.2966431E+00  -1.3352969E+01  -5.5019286E+01  -2.1834787E-01   1.9896891E-01   1.3980089E-01  -6.1349047E+00  -3.3018358E+01   2.2662340E-07   3.0737074E-03   2.9583468E-03   6.5164026E-03   1.3419210E-02   6.0046571E-02  -2.5741132E-04   7.1401287E-04
  2.1613054E-06  -3.0502790E-06   1.6895743E-06   4.7663196E-05   1.1727791E-04   1.4383536E-04   9.6966029E-05   1.1248682E-06   3.5461462E-05  -8.4636763E-04  -3.8667815E-01   8.1622530E-02  -4.1393195E-02  -5.7216040E-01   9.2884566E-01   1.7240727E+00   6.3898008E-01   3.5594967E-02  -4.2720215E-03   1.7997881E-02   1.1285354E-01   1.4121313E-01  -7.2881027E-06  -1.9651867E-05  -5.7104913E-04  -6.2405190E-05   1.2565909E-04   3.9014104E-04   4.0128829E-06  -2.5656096E-07
  2.0223864E-05  -1.0366754E-04   6.3994252E-06   5.4484978E-04   2.4273929E-03   7.9565109E-04   8.5784025E-04  -2.6318760E-05  -2.6778167E-04   7.8779274E-04  -1.1805554E+00  -4.1393195E-02   3.6622847E+00  -2.9751504E+01  -3.1414464E+00   7.1709187E+00   5.6481585E+00  -2.5827993E+00  -1.5030548E-01   1.7334934E-01   2.6025144E+00   3.4394172E+00   9.5310646E-04   3.4902478E-04   1.4186667E-03   1.3502735E-03  -2.4058154E-03  -8.2637190E-03   1.2046371E-04  -5.0847774E-05
 -3.3823048E-04   7.8836611E-04   1.6284765E-06  -8.6796061E-03  -6.2032140E-02  -8.9261541E-03  -1.9629768E-02   5.6864222E-03   2.8961879E-03  -1.6987598E-03   3.5811634E+01  -5.7216040E-01  -2.9751504E+01   7.9462914E+02   7.0524338E+01  -5.1974867E+01  -5.9193807E+01   1.2464414E+01  -7.3815284E+00   5.9107462E+00  -1.1306904E+01  -2.2741991E+01   1.3243324E-02   9.0338949E-05  -1.8629288E-02  -4.5115989E-03   6.3095411E-02   1.5520753E-01   3.8028289E-03   5.3565139E-04
 -2.2208393E-04   7.6664229E-04  -2.1736061E-05  -4.4726034E-03  -1.9141802E-02  -6.0502516E-03  -6.3252559E-03   5.5561669E-04   6.8261658E-04   7.7385124E-03   2.2966431E+00   9.2884566E-01  -3.1414464E+00   7.0524338E+01   6.2079126E+01   4.2077150E+01   1.5705246E+01  -5.2288552E+00  -6.2554849E-01  -1.3257605E+00   3.1301554E+00   3.1462242E+00   4.4995829E-03   4.9972482E-03  -1.4769015E-02   8.9567593E-03  -6.7348935E-03   4.4720735E-02   1.7866928E-04   1.1442162E-04
 -6.1407565E-05   2.1552057E-04   2.7053050E-05  -8.2584194E-04  -2.8241063E-03   7.1928543E-04   1.1895142E-03   7.4864497E-05  -8.7925001E-05  -1.1667011E-02  -1.3352969E+01   1.7240727E+00   7.1709187E+00  -5.1974867E+01   4.2077150E+01   8.5945085E+01   5.4149838E+01  -1.1715309E+01  -8.0916609E-01  -4.5655438E-01   4.8577910E+00   8.1590744E+00   6.1744565E-03   4.7557430E-03  -9.0013287E-03   1.3902373E-02  -5.8621571E-03  -1.2464561E-02   4.2634741E-04  -3.5310647E-04
 -2.7410808E-05   2.2036865E-04  -8.4168106E-06  -2.0993895E-04   2.0035012E-03   3.6503045E-03   4.1879240E-03   4.2212319E-04  -1.7583800E-04  -4.4650026E-03  -5.5019286E+01   6.3898008E-01   5.6481585E+00  -5.9193807E+01   1.5705246E+01   5.4149838E+01   1.0438321E+02  -9.2236316E+00  -7.0836653E-01  -6.9223580E-01   6.0754615E+00   3.3766759E+01   5.2488782E-03  -3.5700109E-04  -1.0276160E-02   5.1613685E-03  -8.1508599E-03  -1.1027366E-01   5.2081933E-04  -1.3557540E-03
 -2.3878906E-05   1.2930368E-04   6.1763140E-06  -8.4489681E-04  -3.0553192E-03  -1.9688551E-03  -2.0641761E-03   3.3228802E-05   1.9245393E-04  -4.2192886E-03  -2.1834787E-01   3.5594967E-02  -2.5827993E+00   1.2464414E+01  -5.2288552E+00  -1.1715309E+01  -9.2236316E+00   5.7112287E+00   7.1551412E-02  -2.8652979E-01  -2.1417961E+00  -2.3100869E+00  -1.1230364E-03  -1.1567134E-04   2.2834513E-03  -3.5397371E-03   1.0554095E-03   2.9382261E-03  -8.3917847E-05   8.6843778E-06
 -3.2769535E-06   1.8344992E-05  -5.9994217E-06   1.4970002E-04   1.3386208E-03   9.2167366E-05   2.3362816E-04   2.9349737E-05   1.1917203E-04  -5.3321201E-04   1.9896891E-01  -4.2720215E-03  -1.5030548E-01  -7.3815284E+00  -6.2554849E-01  -8.0916609E-01  -7.0836653E-01   7.1551412E-02   3.4193498E+00   5.9273366E-01   2.6530134E-01   2.3972249E-01  -3.7505782E-04   1.7627347E-03   4.7297533E-03   7.0827732E-04  -6.9567102E-04  -7.6203342E-03   1.5478507E-04  -1.9041756E-05
 -7.7317288E-06  -3.4747713E-05  -2.1941928E-08   3.3357261E-04   1.0513770E-03   1.8369172E-04  -9.5127857E-05   8.5627478E-05  -1.4165529E-04   1.0344740E-03   1.3980089E-01   1.7997881E-02   1.7334934E-01   5.9107462E+00  -1.3257605E+00  -4.5655438E-01  -6.9223580E-01  -2.8652979E-01   5.9273366E-01   3.2005238E+00   2.7994028E+00   3.0856271E+00   1.1286599E-03   3.1192969E-04   1.7846660E-03   1.2024644E-03  -9.2826280E-04  -1.1794096E-03  -1.6013602E-04  -7.0949334E-05
 -1.5487352E-05   1.2888291E-05  -1.7617946E-05   1.3908596E-04   4.6545571E-04  -9.5596655E-05  -1.8224713E-04   7.4627771E-05  -1.1528914E-04   4.4021848E-03  -6.1349047E+00   1.1285354E-01   2.6025144E+00  -1.1306904E+01   3.1301554E+00   4.8577910E+00   6.0754615E+00  -2.1417961E+00   2.6530134E-01   2.7994028E+00   1.0690236E+01   1.9068146E+01   1.1438178E-03  -1.2638455E-03  -3.1722775E-03  -2.3140743E-03  -7.0512754E-03   2.6900535E-03   8.1614712E-05   3.5090994E-04
 -1.5301466E-05   1.2688192E-04  -6.4374166E-05   6.9674152E-05   1.4207702E-03   1.3787272E-03   1.0172116E-03   6.4222212E-04  -4.1420358E-04   5.2187415E-03  -3.3018358E+01   1.4121313E-01   3.4394172E+00  -2.2741991E+01   3.1462242E+00   8.1590744E+00   3.3766759E+01  -2.3100869E+00   2.3972249E-01   3.0856271E+00   1.9068146E+01   5.2343703E+01   3.7613303E-04  -5.6234084E-03  -1.3559349E-03  -1.0614679E-02  -2.1888548E-02  -9.7018205E-03   2.8609725E-04   8.4478149E-04
 -9.9619178E-08  -7.6205953E-07  -2.1420776E-07   1.8750132E-06   4.0108386E-05   5.3601085E-06   4.4382495E-07   1.8008977E-06  -8.1507239E-06  -2.3339150E-05   2.2662340E-07  -7.2881027E-06   9.5310646E-04   1.3243324E-02   4.4995829E-03   6.1744565E-03   5.2488782E-03  -1.1230364E-03  -3.7505782E-04   1.1286599E-03   1.1438178E-03   3.7613303E-04   1.4313599E-03   2.5732563E-04   6.3837479E-05  -3.3810744E-04  -6.7335022E-05  -1.0246169E-05   7.0088910E-08  -3.1768695E-07
 -1.4279691E-08  -5.0574520E-07  -4.0091573E-08  -4.9155016E-09   1.9270211E-05  -5.6080317E-06  -1.5983238E-06  -1.7927456E-06  -2.4296514E-06  -4.3699835E-05   3.0737074E-03  -1.9651867E-05   3.4902478E-04   9.0338949E-05   4.9972482E-03   4.7557430E-03  -3.5700109E-04  -1.1567134E-04   1.7627347E-03   3.1192969E-04  -1.2638455E-03  -5.6234084E-03   2.5732563E-04   8.4702918E-04   2.7691259E-05   6.9888250E-04   5.1221988E-05  -6.4288226E-04  -3.4218051E-07  -5.1551433E-07
  2.2158405E-07  -8.5863589E-07  -1.9619408E-07   7.1287140E-06  -5.5628958E-05  -9.2894373E-06  -3.8368649E-06  -1.0241198E-05   1.4337420E-05   1.1238284E-04   2.9583468E-03  -5.7104913E-04   1.4186667E-03  -1.8629288E-02  -1.4769015E-02  -9.0013287E-03  -1.0276160E-02   2.2834513E-03   4.7297533E-03   1.7846660E-03  -3.1722775E-03  -1.3559349E-03   6.3837479E-05   2.7691259E-05   7.4316614E-03  -2.8157961E-04   6.2021948E-04   4.2742639E-03  -4.0745980E-07   9.8269608E-08
 -2.2151718E-07   1.1655993E-06  -3.4737206E-08  -1.0986730E-05  -7.8328302E-06  -1.8538231E-05  -6.2539991E-06  -7.8516997E-07  -8.8162934E-06  -9.3165807E-05   6.5164026E-03  -6.2405190E-05   1.3502735E-03  -4.5115989E-03   8.9567593E-03   1.3902373E-02   5.1613685E-03  -3.5397371E-03   7.0827732E-04   1.2024644E-03  -2.3140743E-03  -1.0614679E-02  -3.3810744E-04   6.9888250E-04  -2.8157961E-04   2.7552090E-03   5.5822834E-04  -5.8257938E-04  -5.1441771E-07   3.5650662E-08
 -3.1352848E-07   3.7321203E-06  -7.0351193E-07  -1.3496083E-05   4.9446788E-05  -1.7152714E-05  -1.0650280E-05  -2.3266456E-08   1.1531463E-06  -7.0214874E-05   1.3419210E-02   1.2565909E-04  -2.4058154E-03   6.3095411E-02  -6.7348935E-03  -5.8621571E-03  -8.1508599E-03   1.0554095E-03  -6.9567102E-04  -9.2826280E-04  -7.0512754E-03  -2.1888548E-02  -6.7335022E-05   5.1221988E-05   6.2021948E-04   5.5822834E-04   6.3965584E-03   8.0080059E-03   9.5713330E-07   7.0130901E-07
 -1.4592202E-06   1.1803137E-05  -7.7086362E-07  -7.3017552E-05   4.9538674E-05  -1.5716426E-04  -3.8963174E-05  -1.7740940E-05   1.4571164E-05  -1.6043272E-04   6.0046571E-02   3.9014104E-04  -8.2637190E-03   1.5520753E-01   4.4720735E-02  -1.2464561E-02  -1.1027366E-01   2.9382261E-03  -7.6203342E-03  -1.1794096E-03   2.6900535E-03  -9.7018205E-03  -1.0246169E-05  -6.4288226E-04   4.2742639E-03  -5.8257938E-04   8.0080059E-03   7.1583182E-02  -2.1628481E-06   2.5997739E-06
  2.5862542E-09  -7.2779523E-09   6.4403963E-10  -3.5479584E-08  -3.8210235E-07   9.1093837E-08  -8.6796025E-08   2.1396718E-08  -3.0117812E-08  -5.0136035E-07  -2.5741132E-04   4.0128829E-06   1.2046371E-04   3.8028289E-03   1.7866928E-04   4.2634741E-04   5.2081933E-04  -8.3917847E-05   1.5478507E-04  -1.6013602E-04   8.1614712E-05   2.8609725E-04   7.0088910E-08  -3.4218051E-07  -4.0745980E-07  -5.1441771E-07   9.5713330E-07  -2.1628481E-06   3.7198135E-07   6.8545501E-09
 -1.0173776E-10   5.4753333E-09  -1.6567259E-10  -6.1010750E-08  -1.0293370E-07  -1.5662974E-07  -4.5735537E-08  -2.1347365E-08  -8.8001021E-10   2.8759582E-07   7.1401287E-04  -2.5656096E-07  -5.0847774E-05   5.3565139E-04   1.1442162E-04  -3.5310647E-04  -1.3557540E-03   8.6843778E-06  -1.9041756E-05  -7.0949334E-05   3.5090994E-04   8.4478149E-04  -3.1768695E-07  -5.1551433E-07   9.8269608E-08   3.5650662E-08   7.0130901E-07   2.5997739E-06   6.8545501E-09   3.8165450E-07
