# omegabh2 omegach2 theta tau w logA ns calPlanck acib217 xi asz143 aps100 aps143 aps143217 aps217 aksz kgal100 kgal143 kgal143217 kgal217 cal0 cal2
    0.4935729E-07   -0.1940204E-06    0.4260282E-07    0.1769804E-05    0.6597057E-05    0.3260395E-05    0.6069875E-06    0.3241079E-07   -0.1752979E-03    0.3494548E-05    0.5444154E-04   -0.7784132E-03   -0.5386860E-03   -0.1868604E-03   -0.6013463E-04   -0.6407137E-04   -0.5376948E-05   -0.2311595E-05   -0.2288535E-04    0.5896764E-05    0.1257418E-08   -0.1766687E-07
   -0.1940204E-06    0.2903119E-05   -0.2756754E-06   -0.2139178E-04   -0.7815395E-04   -0.3655184E-04   -0.7072044E-05   -0.2853623E-06    0.5981233E-03   -0.2084214E-04   -0.1572943E-03    0.2646328E-02    0.1953915E-02    0.7734874E-03    0.4043878E-03    0.1456436E-03    0.4716964E-04    0.6011171E-04    0.3838638E-03    0.5320576E-03   -0.2364194E-07    0.1478176E-06
    0.4260282E-07   -0.2756754E-06    0.1920095E-06    0.3285589E-05    0.1076584E-04    0.6195848E-05    0.9820239E-06    0.4116213E-07   -0.1351568E-03    0.6178181E-05    0.2231769E-04   -0.4325532E-03   -0.2522715E-03   -0.6751290E-04   -0.4808110E-04   -0.3399986E-04   -0.1332570E-04   -0.4509095E-05   -0.1777667E-05    0.2644109E-04   -0.8096767E-09   -0.1901860E-07
    0.1769804E-05   -0.2139178E-04    0.3285589E-05    0.2845329E-03    0.6765206E-03    0.5114277E-03    0.6219662E-04   -0.2875718E-05   -0.9531257E-02    0.2718167E-03    0.2115167E-02   -0.4354441E-01   -0.2379562E-01   -0.7200656E-02   -0.1610692E-02   -0.2053318E-02   -0.1808268E-03    0.1764568E-03   -0.3785645E-02   -0.6393628E-02   -0.1421708E-06   -0.2214162E-05
    0.6597057E-05   -0.7815395E-04    0.1076584E-04    0.6765206E-03    0.4376913E-02    0.1186797E-02    0.2011232E-03    0.5252223E-05   -0.2452157E-01    0.8643373E-03    0.5608352E-02   -0.9312602E-01   -0.5831608E-01   -0.1473198E-01   -0.7787853E-03   -0.7058031E-02   -0.7060204E-03   -0.2663071E-02   -0.9881710E-02   -0.1190305E-01    0.3642610E-06   -0.4475016E-05
    0.3260395E-05   -0.3655184E-04    0.6195848E-05    0.5114277E-03    0.1186797E-02    0.9496669E-03    0.1074358E-03    0.6043677E-05   -0.1848302E-01    0.5708007E-03    0.3789151E-02   -0.7524504E-01   -0.4101639E-01   -0.9457316E-02    0.3878664E-02   -0.4788049E-02   -0.5441282E-03    0.1301649E-03   -0.6677010E-02   -0.8726151E-02   -0.7265671E-07   -0.4217186E-05
    0.6069875E-06   -0.7072044E-05    0.9820239E-06    0.6219662E-04    0.2011232E-03    0.1074358E-03    0.2899042E-04    0.7753875E-06   -0.6608265E-02    0.1786872E-03    0.1555984E-02   -0.3094377E-01   -0.9956540E-02    0.2382822E-02    0.6050338E-02   -0.2989385E-02    0.1289427E-03   -0.2397676E-03   -0.1366999E-02   -0.7242918E-03   -0.1374333E-06   -0.8871765E-06
    0.3241079E-07   -0.2853623E-06    0.4116213E-07   -0.2875718E-05    0.5252223E-05    0.6043677E-05    0.7753875E-06    0.6184940E-05    0.4156989E-03    0.8204429E-05   -0.6447498E-04    0.3829487E-02    0.9183671E-03    0.5656940E-03    0.1569704E-02   -0.1117367E-03    0.3467968E-04    0.4591090E-04    0.7287476E-04    0.1148228E-02    0.9019513E-08   -0.7069863E-07
   -0.1752979E-03    0.5981233E-03   -0.1351568E-03   -0.9531257E-02   -0.2452157E-01   -0.1848302E-01   -0.6608265E-02    0.4156989E-03    0.4494947E+02   -0.5251017E+00   -0.1660021E+01    0.4581497E+02    0.1483857E+01   -0.2090825E+02   -0.6186610E+02   -0.1006483E+00    0.2129808E-01    0.5063349E+00   -0.1676489E+01   -0.1860353E+02   -0.3195389E-03    0.4467412E-02
    0.3494548E-05   -0.2084214E-04    0.6178181E-05    0.2718167E-03    0.8643373E-03    0.5708007E-03    0.1786872E-03    0.8204429E-05   -0.5251017E+00    0.8165541E-01   -0.7166374E-01   -0.4343036E+00    0.1005264E+01    0.1888815E+01    0.8550833E+00    0.6652369E-01   -0.7456064E-02   -0.1555153E-01    0.4047869E-01    0.2757052E-01    0.1304845E-04   -0.3452775E-04
    0.5444154E-04   -0.1572943E-03    0.2231769E-04    0.2115167E-02    0.5608352E-02    0.3789151E-02    0.1555984E-02   -0.6447498E-04   -0.1660021E+01   -0.7166374E-01    0.3756596E+01   -0.2917870E+02   -0.3937522E+01    0.7805337E+01    0.6787684E+01   -0.2788886E+01   -0.1279995E+00    0.1317810E+00    0.2204440E+01    0.1813047E+01    0.1548968E-03   -0.3853816E-03
   -0.7784132E-03    0.2646328E-02   -0.4325532E-03   -0.4354441E-01   -0.9312602E-01   -0.7524504E-01   -0.3094377E-01    0.3829487E-02    0.4581497E+02   -0.4343036E+00   -0.2917870E+02    0.7848074E+03    0.7463629E+02   -0.5481656E+02   -0.7242799E+02    0.1159083E+02   -0.3293873E+01    0.1903343E+01   -0.9779883E+01   -0.1407962E+02    0.6868226E-02    0.4812599E-02
   -0.5386860E-03    0.1953915E-02   -0.2522715E-03   -0.2379562E-01   -0.5831608E-01   -0.4101639E-01   -0.9956540E-02    0.9183671E-03    0.1483857E+01    0.1005264E+01   -0.3937522E+01    0.7463629E+02    0.6558205E+02    0.4762147E+02    0.2068752E+02   -0.5276516E+01   -0.4695071E+00   -0.1259381E+01    0.3641568E+01    0.2909921E+01    0.1900734E-03   -0.3797654E-04
   -0.1868604E-03    0.7734874E-03   -0.6751290E-04   -0.7200656E-02   -0.1473198E-01   -0.9457316E-02    0.2382822E-02    0.5656940E-03   -0.2090825E+02    0.1888815E+01    0.7805337E+01   -0.5481656E+02    0.4762147E+02    0.1018811E+03    0.7071135E+02   -0.1289148E+02   -0.6227865E+00   -0.7161767E+00    0.3526803E+01    0.2619258E+01    0.9151553E-03   -0.3093990E-02
   -0.6013463E-04    0.4043878E-03   -0.4808110E-04   -0.1610692E-02   -0.7787853E-03    0.3878664E-02    0.6050338E-02    0.1569704E-02   -0.6186610E+02    0.8550833E+00    0.6787684E+01   -0.7242799E+02    0.2068752E+02    0.7071135E+02    0.1243969E+03   -0.1040205E+02   -0.5374744E+00   -0.8506066E+00   -0.5409360E+00    0.1443418E+02    0.7421866E-03   -0.7958009E-02
   -0.6407137E-04    0.1456436E-03   -0.3399986E-04   -0.2053318E-02   -0.7058031E-02   -0.4788049E-02   -0.2989385E-02   -0.1117367E-03   -0.1006483E+00    0.6652369E-01   -0.2788886E+01    0.1159083E+02   -0.5276516E+01   -0.1289148E+02   -0.1040205E+02    0.6490282E+01    0.1576718E+00   -0.2404548E+00   -0.2163018E+01   -0.1466491E+01   -0.1179159E-03    0.2146411E-03
   -0.5376948E-05    0.4716964E-04   -0.1332570E-04   -0.1808268E-03   -0.7060204E-03   -0.5441282E-03    0.1289427E-03    0.3467968E-04    0.2129808E-01   -0.7456064E-02   -0.1279995E+00   -0.3293873E+01   -0.4695071E+00   -0.6227865E+00   -0.5374744E+00    0.1576718E+00    0.3442658E+01    0.5152526E+00    0.2698152E+00    0.4831824E+00    0.3181152E-03    0.5327870E-05
   -0.2311595E-05    0.6011171E-04   -0.4509095E-05    0.1764568E-03   -0.2663071E-02    0.1301649E-03   -0.2397676E-03    0.4591090E-04    0.5063349E+00   -0.1555153E-01    0.1317810E+00    0.1903343E+01   -0.1259381E+01   -0.7161767E+00   -0.8506066E+00   -0.2404548E+00    0.5152526E+00    0.3287781E+01    0.2512548E+01    0.1395034E+01   -0.2626222E-03   -0.2249991E-03
   -0.2288535E-04    0.3838638E-03   -0.1777667E-05   -0.3785645E-02   -0.9881710E-02   -0.6677010E-02   -0.1366999E-02    0.7287476E-04   -0.1676489E+01    0.4047869E-01    0.2204440E+01   -0.9779883E+01    0.3641568E+01    0.3526803E+01   -0.5409360E+00   -0.2163018E+01    0.2698152E+00    0.2512548E+01    0.1667406E+02    0.2495446E+02    0.7039183E-05    0.2482352E-02
    0.5896764E-05    0.5320576E-03    0.2644109E-04   -0.6393628E-02   -0.1190305E-01   -0.8726151E-02   -0.7242918E-03    0.1148228E-02   -0.1860353E+02    0.2757052E-01    0.1813047E+01   -0.1407962E+02    0.2909921E+01    0.2619258E+01    0.1443418E+02   -0.1466491E+01    0.4831824E+00    0.1395034E+01    0.2495446E+02    0.5423001E+02    0.1918332E-03    0.4616799E-02
    0.1257418E-08   -0.2364194E-07   -0.8096767E-09   -0.1421708E-06    0.3642610E-06   -0.7265671E-07   -0.1374333E-06    0.9019513E-08   -0.3195389E-03    0.1304845E-04    0.1548968E-03    0.6868226E-02    0.1900734E-03    0.9151553E-03    0.7421866E-03   -0.1179159E-03    0.3181152E-03   -0.2626222E-03    0.7039183E-05    0.1918332E-03    0.6191134E-06    0.5756415E-08
   -0.1766687E-07    0.1478176E-06   -0.1901860E-07   -0.2214162E-05   -0.4475016E-05   -0.4217186E-05   -0.8871765E-06   -0.7069863E-07    0.4467412E-02   -0.3452775E-04   -0.3853816E-03    0.4812599E-02   -0.3797654E-04   -0.3093990E-02   -0.7958009E-02    0.2146411E-03    0.5327870E-05   -0.2249991E-03    0.2482352E-02    0.4616799E-02    0.5756415E-08    0.2139431E-05
