# omegabh2 omegach2 theta tau mnu nnu logA ns calPlanck acib217 xi asz143 aps100 aps143 aps143217 aps217 aksz kgal100 kgal143 kgal143217 kgal217 galfEE100 galfEE100143 galfEE100217 galfEE143 galfEE143217 galfEE217 galfTE100 galfTE100143 galfTE100217 galfTE143 galfTE143217 galfTE217 cal0 cal2
    0.3886349E-07    0.3026412E-06   -0.2931857E-07    0.1256637E-05    0.2587376E-05    0.2444409E-04    0.3383895E-05    0.1112618E-05    0.9259665E-08   -0.5017260E-05   -0.1536845E-06    0.3945038E-05   -0.2921306E-04    0.1309402E-05    0.1021553E-04    0.2158352E-04    0.6305916E-05    0.8560100E-05    0.3477392E-05    0.1699627E-06    0.3007928E-06    0.4727943E-07    0.7712823E-07   -0.3686806E-07    0.9406447E-07   -0.1798837E-06   -0.7489180E-07   -0.9699010E-07   -0.1889349E-06   -0.5995636E-07   -0.3211809E-06   -0.7361190E-06   -0.1568925E-05   -0.1470284E-09   -0.2631721E-09
    0.3026412E-06    0.8974604E-05   -0.9336379E-06    0.4271746E-05    0.1101718E-04    0.5018381E-03    0.3124313E-04    0.1507256E-04   -0.3236590E-07    0.2425328E-02   -0.5852798E-04   -0.4851855E-03    0.9615240E-02    0.5220229E-02    0.1056323E-02   -0.7188828E-03    0.1017841E-02    0.2468155E-03    0.2466810E-03    0.4384567E-03    0.1640732E-03    0.5344577E-07    0.5378619E-06   -0.1991568E-05    0.6014659E-06   -0.5893851E-05   -0.8359136E-05   -0.5526439E-06   -0.8603397E-06   -0.2434378E-05   -0.8274996E-06   -0.4738026E-06    0.1300281E-04   -0.5659702E-07    0.2803090E-06
   -0.2931857E-07   -0.9336379E-06    0.1807817E-06   -0.5498869E-06   -0.2736404E-05   -0.5604508E-04   -0.3344567E-05   -0.1718213E-05    0.2357587E-07   -0.2779052E-03    0.6678333E-05    0.4904764E-04   -0.9510818E-03   -0.5580473E-03   -0.1179070E-03    0.1003735E-03   -0.1046968E-03   -0.2462669E-04   -0.3014518E-04   -0.5547877E-04   -0.3204309E-04   -0.5473767E-07   -0.1052784E-06    0.4041276E-06   -0.7068164E-07    0.5423923E-06    0.8847410E-06    0.5838127E-07    0.1257811E-06   -0.1511018E-08    0.3162297E-06   -0.2953845E-06   -0.1663180E-05    0.6286164E-08   -0.3429145E-07
    0.1256637E-05    0.4271746E-05   -0.5498869E-06    0.2974275E-03    0.2639719E-03    0.7140788E-03    0.6029391E-03    0.5443643E-04   -0.1189082E-05   -0.7188158E-02    0.1717293E-03    0.1791289E-02   -0.3726838E-01   -0.1052771E-01    0.3095557E-02    0.8090140E-02   -0.3389180E-02   -0.8079780E-03   -0.6622103E-03   -0.2851533E-02   -0.3509297E-02    0.2793251E-05    0.3816834E-05   -0.1019617E-05    0.5612649E-05   -0.1137543E-04   -0.1391954E-05   -0.2215781E-05   -0.1745365E-05    0.3176029E-04   -0.1779715E-04   -0.7454588E-04   -0.1099802E-03   -0.1732947E-06   -0.1583335E-05
    0.2587376E-05    0.1101718E-04   -0.2736404E-05    0.2639719E-03    0.3056277E-02    0.2063253E-02    0.5498477E-03    0.1235081E-03    0.5586129E-06    0.1238393E-01   -0.3358178E-03   -0.2089104E-02    0.2910847E-01    0.5659210E-02   -0.1345793E-01   -0.1796505E-01    0.6856045E-02    0.3165816E-02    0.2382135E-02    0.4577085E-02    0.3760086E-02    0.8619161E-05    0.1171988E-04   -0.1440844E-04    0.7056956E-05    0.1264762E-04    0.9015194E-04   -0.1567484E-04   -0.4815442E-05    0.9737049E-05    0.1726999E-04   -0.5308932E-04   -0.9400916E-04   -0.3392564E-06    0.1813811E-05
    0.2444409E-04    0.5018381E-03   -0.5604508E-04    0.7140788E-03    0.2063253E-02    0.3261070E-01    0.2707547E-02    0.1181563E-02    0.2669165E-05    0.1426371E+00   -0.3507841E-02   -0.2683725E-01    0.5390159E+00    0.2913474E+00    0.4895525E-01   -0.4933728E-01    0.6032060E-01    0.1416989E-01    0.1578293E-01    0.2810909E-01    0.9018047E-02    0.3102613E-04    0.6205824E-04   -0.1301247E-03    0.7025944E-04   -0.3685168E-03   -0.4135777E-03   -0.5049479E-04   -0.8744297E-04   -0.1853069E-03   -0.7580183E-04   -0.1665087E-03    0.3115919E-04   -0.4002910E-05    0.1524441E-04
    0.3383895E-05    0.3124313E-04   -0.3344567E-05    0.6029391E-03    0.5498477E-03    0.2707547E-02    0.1308579E-02    0.1466311E-03    0.1024240E-04   -0.8619336E-02    0.2651533E-03    0.2403003E-02   -0.4667475E-01   -0.5620866E-02    0.1287661E-01    0.2105617E-01   -0.5195237E-02   -0.1273749E-02   -0.1709603E-02   -0.5547101E-02   -0.5511896E-02    0.6294966E-05    0.9545442E-05   -0.5886504E-05    0.1463905E-04   -0.4240030E-04   -0.3066248E-04   -0.5950155E-05   -0.6051283E-05    0.6499342E-04   -0.3697876E-04   -0.1570413E-03   -0.1812216E-03   -0.1900066E-06   -0.2527943E-05
    0.1112618E-05    0.1507256E-04   -0.1718213E-05    0.5443643E-04    0.1235081E-03    0.1181563E-02    0.1466311E-03    0.6017190E-04    0.4336613E-06   -0.1671012E-03    0.1580834E-04   -0.6268956E-04   -0.6262929E-02    0.3750409E-02    0.4067158E-02    0.4090707E-02    0.1464188E-03    0.5633554E-03    0.3422448E-03    0.1216658E-03    0.4259755E-03    0.3187166E-05    0.4932616E-05   -0.3813326E-05    0.5762061E-05   -0.1298097E-04   -0.1488234E-04   -0.1454007E-05   -0.3927321E-05   -0.2005066E-05   -0.5535772E-05   -0.1798686E-04   -0.1958245E-04   -0.2784499E-06   -0.9201135E-08
    0.9259665E-08   -0.3236590E-07    0.2357587E-07   -0.1189082E-05    0.5586129E-06    0.2669165E-05    0.1024240E-04    0.4336613E-06    0.6282890E-05    0.7033366E-03    0.7488313E-05   -0.2713288E-05    0.3114397E-02    0.8331037E-03    0.7992142E-03    0.1505218E-02   -0.4541497E-04   -0.4126599E-04   -0.1904625E-03   -0.2109589E-03    0.5619300E-03    0.5852986E-06    0.5879995E-06    0.2672021E-06    0.1120925E-05   -0.1081799E-05   -0.9530716E-06   -0.5406877E-06    0.2046371E-07    0.5424583E-05    0.4088079E-06   -0.3579840E-05    0.2375765E-05    0.3124006E-07   -0.1045776E-07
   -0.5017260E-05    0.2425328E-02   -0.2779052E-03   -0.7188158E-02    0.1238393E-01    0.1426371E+00   -0.8619336E-02   -0.1671012E-03    0.7033366E-03    0.4475719E+02   -0.5085580E+00   -0.1729978E+01    0.4709347E+02    0.1885810E+01   -0.2093103E+02   -0.6235938E+02    0.5918277E+00   -0.1271293E+00    0.2854780E+00   -0.1726581E+01   -0.1873684E+02    0.1936790E-03    0.4709024E-03    0.4735546E-02   -0.2018338E-03    0.4298035E-02    0.2146825E-02   -0.3647663E-02   -0.1318587E-03   -0.8089110E-02    0.4247788E-02    0.3674010E-02   -0.5408411E-01   -0.2290923E-03    0.4429058E-02
   -0.1536845E-06   -0.5852798E-04    0.6678333E-05    0.1717293E-03   -0.3358178E-03   -0.3507841E-02    0.2651533E-03    0.1580834E-04    0.7488313E-05   -0.5085580E+00    0.8160045E-01   -0.6901935E-01   -0.6184310E+00    0.1019948E+01    0.1937928E+01    0.7953554E+00    0.5145820E-01    0.3627840E-03    0.1179452E-02    0.1042159E+00    0.1153818E+00   -0.5336537E-05    0.7018494E-05   -0.1746063E-04    0.1902884E-04   -0.2281496E-03   -0.2139230E-03    0.2803559E-04   -0.6115092E-04   -0.4028059E-03    0.1224334E-04   -0.2835330E-03   -0.2873337E-04    0.4500561E-05   -0.1111434E-04
    0.3945038E-05   -0.4851855E-03    0.4904764E-04    0.1791289E-02   -0.2089104E-02   -0.2683725E-01    0.2403003E-02   -0.6268956E-04   -0.2713288E-05   -0.1729978E+01   -0.6901935E-01    0.3461703E+01   -0.2866707E+02   -0.4110711E+01    0.6722982E+01    0.6106315E+01   -0.2261721E+01   -0.1226608E+00    0.1446395E-01    0.2025758E+01    0.1778495E+01   -0.1966284E-03   -0.3229282E-04    0.1142252E-04    0.2079596E-03   -0.1934138E-04   -0.5306313E-03    0.8989905E-03    0.1981094E-03    0.1781314E-02   -0.1255847E-02   -0.5926550E-03   -0.1871707E-02    0.1781547E-03   -0.3731945E-03
   -0.2921306E-04    0.9615240E-02   -0.9510818E-03   -0.3726838E-01    0.2910847E-01    0.5390159E+00   -0.4667475E-01   -0.6262929E-02    0.3114397E-02    0.4709347E+02   -0.6184310E+00   -0.2866707E+02    0.7925437E+03    0.7504417E+02   -0.5817680E+02   -0.7201276E+02    0.1178951E+02   -0.4049258E+01    0.3746824E+01   -0.9201197E+01   -0.1578397E+02   -0.4901216E-03   -0.1509835E-02   -0.8062546E-02   -0.5198636E-02    0.2760888E-01    0.2977883E-01   -0.7709017E-02    0.1156521E-01   -0.5211942E-02    0.4581918E-01   -0.5739130E-02    0.5897887E-01    0.5935388E-02    0.4462073E-02
    0.1309402E-05    0.5220229E-02   -0.5580473E-03   -0.1052771E-01    0.5659210E-02    0.2913474E+00   -0.5620866E-02    0.3750409E-02    0.8331037E-03    0.1885810E+01    0.1019948E+01   -0.4110711E+01    0.7504417E+02    0.6400189E+02    0.4575807E+02    0.1736617E+02   -0.4029873E+01   -0.1114565E+00   -0.9559472E+00    0.4529913E+01    0.4255040E+01    0.5514705E-05   -0.1999489E-03   -0.4122496E-03   -0.2409740E-03   -0.2464848E-02   -0.9684353E-02   -0.4374405E-02    0.3309268E-03   -0.1875551E-01    0.1375791E-01    0.8377200E-02    0.7708532E-02    0.7393504E-04    0.5400970E-03
    0.1021553E-04    0.1056323E-02   -0.1179070E-03    0.3095557E-02   -0.1345793E-01    0.4895525E-01    0.1287661E-01    0.4067158E-02    0.7992142E-03   -0.2093103E+02    0.1937928E+01    0.6722982E+01   -0.5817680E+02    0.4575807E+02    0.9799315E+02    0.6526171E+02   -0.1052540E+02   -0.3299311E+00   -0.5900859E+00    0.4318944E+01    0.4825255E+01   -0.9901943E-03   -0.1639024E-03   -0.9073379E-03    0.1351376E-02   -0.9011958E-02   -0.1202800E-01    0.6886365E-03   -0.1107535E-02   -0.9473495E-02    0.5782220E-02   -0.3034772E-02    0.2021416E-02    0.6834498E-03   -0.2273088E-02
    0.2158352E-04   -0.7188828E-03    0.1003735E-03    0.8090140E-02   -0.1796505E-01   -0.4933728E-01    0.2105617E-01    0.4090707E-02    0.1505218E-02   -0.6235938E+02    0.7953554E+00    0.6106315E+01   -0.7201276E+02    0.1736617E+02    0.6526171E+02    0.1224873E+03   -0.9444586E+01   -0.1699263E+00   -0.7099966E+00   -0.1088709E+01    0.1466839E+02   -0.5545700E-03   -0.5825136E-03   -0.5658446E-02    0.1328720E-02   -0.1171547E-01   -0.6279268E-02    0.4814123E-02    0.7165286E-03    0.4825160E-02   -0.2748672E-03    0.2388798E-03    0.8408540E-01    0.6802031E-03   -0.7787608E-02
    0.6305916E-05    0.1017841E-02   -0.1046968E-03   -0.3389180E-02    0.6856045E-02    0.6032060E-01   -0.5195237E-02    0.1464188E-03   -0.4541497E-04    0.5918277E+00    0.5145820E-01   -0.2261721E+01    0.1178951E+02   -0.4029873E+01   -0.1052540E+02   -0.9444586E+01    0.5407978E+01    0.1904348E+00    0.4945571E-01   -0.1481276E+01   -0.1164813E+01    0.1361774E-03   -0.1092343E-03   -0.1221613E-02   -0.3398003E-03   -0.4060814E-03    0.5303860E-02   -0.1942166E-03   -0.3896073E-03    0.1992317E-03   -0.1139723E-02   -0.6779677E-03   -0.7312700E-03   -0.1442987E-03    0.2013032E-03
    0.8560100E-05    0.2468155E-03   -0.2462669E-04   -0.8079780E-03    0.3165816E-02    0.1416989E-01   -0.1273749E-02    0.5633554E-03   -0.4126599E-04   -0.1271293E+00    0.3627840E-03   -0.1226608E+00   -0.4049258E+01   -0.1114565E+00   -0.3299311E+00   -0.1699263E+00    0.1904348E+00    0.3440487E+01    0.4175809E+00    0.2430392E+00    0.4089041E+00    0.5878593E-04   -0.6055618E-04    0.4190568E-04   -0.1617453E-04   -0.8161454E-03    0.3519182E-02    0.1162164E-02    0.2053449E-03   -0.3202471E-02   -0.1048127E-02    0.7573124E-03    0.4739650E-02    0.3125697E-03    0.3260717E-05
    0.3477392E-05    0.2466810E-03   -0.3014518E-04   -0.6622103E-03    0.2382135E-02    0.1578293E-01   -0.1709603E-02    0.3422448E-03   -0.1904625E-03    0.2854780E+00    0.1179452E-02    0.1446395E-01    0.3746824E+01   -0.9559472E+00   -0.5900859E+00   -0.7099966E+00    0.4945571E-01    0.4175809E+00    0.3362909E+01    0.2599957E+01    0.1719817E+01    0.5479426E-04    0.1164437E-04   -0.3017148E-03   -0.3998121E-03    0.4634651E-03    0.1200275E-02    0.9000089E-03    0.3328663E-03    0.1283409E-02   -0.4844921E-03    0.6549067E-03   -0.6620339E-02   -0.2910303E-03   -0.1830803E-03
    0.1699627E-06    0.4384567E-03   -0.5547877E-04   -0.2851533E-02    0.4577085E-02    0.2810909E-01   -0.5547101E-02    0.1216658E-03   -0.2109589E-03   -0.1726581E+01    0.1042159E+00    0.2025758E+01   -0.9201197E+01    0.4529913E+01    0.4318944E+01   -0.1088709E+01   -0.1481276E+01    0.2430392E+00    0.2599957E+01    0.1734138E+02    0.2616415E+02    0.7502962E-04   -0.8460424E-04    0.1005554E-02   -0.6250079E-03   -0.7513740E-03   -0.1065415E-01    0.1753916E-02   -0.9000650E-04    0.1849193E-03   -0.3428336E-02    0.5309593E-02    0.8519774E-03   -0.9213509E-04    0.2691834E-02
    0.3007928E-06    0.1640732E-03   -0.3204309E-04   -0.3509297E-02    0.3760086E-02    0.9018047E-02   -0.5511896E-02    0.4259755E-03    0.5619300E-03   -0.1873684E+02    0.1153818E+00    0.1778495E+01   -0.1578397E+02    0.4255040E+01    0.4825255E+01    0.1466839E+02   -0.1164813E+01    0.4089041E+00    0.1719817E+01    0.2616415E+02    0.5628249E+02    0.2644198E-03   -0.1448131E-03   -0.7910316E-03   -0.3583704E-03   -0.4404980E-02   -0.2230661E-01    0.1456376E-02   -0.1450967E-02    0.1115100E-01   -0.7157259E-02    0.3582740E-02    0.2865469E-01   -0.9694762E-04    0.4845763E-02
    0.4727943E-07    0.5344577E-07   -0.5473767E-07    0.2793251E-05    0.8619161E-05    0.3102613E-04    0.6294966E-05    0.3187166E-05    0.5852986E-06    0.1936790E-03   -0.5336537E-05   -0.1966284E-03   -0.4901216E-03    0.5514705E-05   -0.9901943E-03   -0.5545700E-03    0.1361774E-03    0.5878593E-04    0.5479426E-04    0.7502962E-04    0.2644198E-03    0.3148191E-04    0.8444858E-05    0.5134959E-06    0.2847508E-05    0.7775147E-05    0.1029573E-04    0.3462447E-05    0.1454645E-05    0.6675051E-05   -0.5948410E-05   -0.5759654E-05   -0.3055781E-04   -0.1125485E-06    0.9679770E-07
    0.7712823E-07    0.5378619E-06   -0.1052784E-06    0.3816834E-05    0.1171988E-04    0.6205824E-04    0.9545442E-05    0.4932616E-05    0.5879995E-06    0.4709024E-03    0.7018494E-05   -0.3229282E-04   -0.1509835E-02   -0.1999489E-03   -0.1639024E-03   -0.5825136E-03   -0.1092343E-03   -0.6055618E-04    0.1164437E-04   -0.8460424E-04   -0.1448131E-03    0.8444858E-05    0.2459442E-04   -0.9456990E-06    0.1204562E-04    0.4241504E-06   -0.1019215E-04    0.4958452E-06   -0.1015747E-07    0.7136364E-05   -0.6666171E-05   -0.5841343E-05   -0.3140202E-06   -0.1309818E-06    0.3865180E-07
   -0.3686806E-07   -0.1991568E-05    0.4041276E-06   -0.1019617E-05   -0.1440844E-04   -0.1301247E-03   -0.5886504E-05   -0.3813326E-05    0.2672021E-06    0.4735546E-02   -0.1746063E-04    0.1142252E-04   -0.8062546E-02   -0.4122496E-03   -0.9073379E-03   -0.5658446E-02   -0.1221613E-02    0.4190568E-04   -0.3017148E-03    0.1005554E-02   -0.7910316E-03    0.5134959E-06   -0.9456990E-06    0.1064542E-02   -0.2024269E-05   -0.2295065E-04   -0.3012345E-05    0.2377064E-04   -0.2370475E-05    0.8151266E-05   -0.8287345E-05    0.2054965E-04   -0.8657876E-04   -0.1468412E-06    0.7305284E-06
    0.9406447E-07    0.6014659E-06   -0.7068164E-07    0.5612649E-05    0.7056956E-05    0.7025944E-04    0.1463905E-04    0.5762061E-05    0.1120925E-05   -0.2018338E-03    0.1902884E-04    0.2079596E-03   -0.5198636E-02   -0.2409740E-03    0.1351376E-02    0.1328720E-02   -0.3398003E-03   -0.1617453E-04   -0.3998121E-03   -0.6250079E-03   -0.3583704E-03    0.2847508E-05    0.1204562E-04   -0.2024269E-05    0.4774168E-04    0.1936110E-05    0.1079716E-04    0.2831511E-06    0.6890635E-06    0.5797130E-05   -0.2756526E-05   -0.5651880E-05    0.3204315E-05   -0.3912770E-07   -0.1721168E-07
   -0.1798837E-06   -0.5893851E-05    0.5423923E-06   -0.1137543E-04    0.1264762E-04   -0.3685168E-03   -0.4240030E-04   -0.1298097E-04   -0.1081799E-05    0.4298035E-02   -0.2281496E-03   -0.1934138E-04    0.2760888E-01   -0.2464848E-02   -0.9011958E-02   -0.1171547E-01   -0.4060814E-03   -0.8161454E-03    0.4634651E-03   -0.7513740E-03   -0.4404980E-02    0.7775147E-05    0.4241504E-06   -0.2295065E-04    0.1936110E-05    0.2190682E-02    0.1454413E-03   -0.2112917E-04    0.2152964E-05    0.2165303E-04    0.1419748E-04    0.3007918E-04    0.2522905E-04   -0.3319201E-06   -0.1218533E-05
   -0.7489180E-07   -0.8359136E-05    0.8847410E-06   -0.1391954E-05    0.9015194E-04   -0.4135777E-03   -0.3066248E-04   -0.1488234E-04   -0.9530716E-06    0.2146825E-02   -0.2139230E-03   -0.5306313E-03    0.2977883E-01   -0.9684353E-02   -0.1202800E-01   -0.6279268E-02    0.5303860E-02    0.3519182E-02    0.1200275E-02   -0.1065415E-01   -0.2230661E-01    0.1029573E-04   -0.1019215E-04   -0.3012345E-05    0.1079716E-04    0.1454413E-03    0.1682779E-01    0.1135921E-04   -0.4699195E-05    0.2703239E-03    0.3750303E-04   -0.2487699E-04    0.5342067E-03   -0.6004448E-06   -0.4004545E-05
   -0.9699010E-07   -0.5526439E-06    0.5838127E-07   -0.2215781E-05   -0.1567484E-04   -0.5049479E-04   -0.5950155E-05   -0.1454007E-05   -0.5406877E-06   -0.3647663E-02    0.2803559E-04    0.8989905E-03   -0.7709017E-02   -0.4374405E-02    0.6886365E-03    0.4814123E-02   -0.1942166E-03    0.1162164E-02    0.9000089E-03    0.1753916E-02    0.1456376E-02    0.3462447E-05    0.4958452E-06    0.2377064E-04    0.2831511E-06   -0.2112917E-04    0.1135921E-04    0.1444688E-02    0.2872027E-03    0.1236110E-03   -0.3796244E-03   -0.8958915E-04    0.3057757E-04    0.8624758E-06   -0.7052441E-06
   -0.1889349E-06   -0.8603397E-06    0.1257811E-06   -0.1745365E-05   -0.4815442E-05   -0.8744297E-04   -0.6051283E-05   -0.3927321E-05    0.2046371E-07   -0.1318587E-03   -0.6115092E-04    0.1981094E-03    0.1156521E-01    0.3309268E-03   -0.1107535E-02    0.7165286E-03   -0.3896073E-03    0.2053449E-03    0.3328663E-03   -0.9000650E-04   -0.1450967E-02    0.1454645E-05   -0.1015747E-07   -0.2370475E-05    0.6890635E-06    0.2152964E-05   -0.4699195E-05    0.2872027E-03    0.8335438E-03   -0.2233275E-05    0.7291692E-03    0.2286198E-05   -0.7543300E-03    0.3293493E-06   -0.6361548E-06
   -0.5995636E-07   -0.2434378E-05   -0.1511018E-08    0.3176029E-04    0.9737049E-05   -0.1853069E-03    0.6499342E-04   -0.2005066E-05    0.5424583E-05   -0.8089110E-02   -0.4028059E-03    0.1781314E-02   -0.5211942E-02   -0.1875551E-01   -0.9473495E-02    0.4825160E-02    0.1992317E-03   -0.3202471E-02    0.1283409E-02    0.1849193E-03    0.1115100E-01    0.6675051E-05    0.7136364E-05    0.8151266E-05    0.5797130E-05    0.2165303E-04    0.2703239E-03    0.1236110E-03   -0.2233275E-05    0.7119154E-02   -0.3668414E-03    0.6976866E-03    0.5019419E-02    0.8109864E-06   -0.4527726E-06
   -0.3211809E-06   -0.8274996E-06    0.3162297E-06   -0.1779715E-04    0.1726999E-04   -0.7580183E-04   -0.3697876E-04   -0.5535772E-05    0.4088079E-06    0.4247788E-02    0.1224334E-04   -0.1255847E-02    0.4581918E-01    0.1375791E-01    0.5782220E-02   -0.2748672E-03   -0.1139723E-02   -0.1048127E-02   -0.4844921E-03   -0.3428336E-02   -0.7157259E-02   -0.5948410E-05   -0.6666171E-05   -0.8287345E-05   -0.2756526E-05    0.1419748E-04    0.3750303E-04   -0.3796244E-03    0.7291692E-03   -0.3668414E-03    0.2916003E-02    0.4419041E-03   -0.1029938E-02    0.7851574E-06   -0.7313009E-06
   -0.7361190E-06   -0.4738026E-06   -0.2953845E-06   -0.7454588E-04   -0.5308932E-04   -0.1665087E-03   -0.1570413E-03   -0.1798686E-04   -0.3579840E-05    0.3674010E-02   -0.2835330E-03   -0.5926550E-03   -0.5739130E-02    0.8377200E-02   -0.3034772E-02    0.2388798E-03   -0.6779677E-03    0.7573124E-03    0.6549067E-03    0.5309593E-02    0.3582740E-02   -0.5759654E-05   -0.5841343E-05    0.2054965E-04   -0.5651880E-05    0.3007918E-04   -0.2487699E-04   -0.8958915E-04    0.2286198E-05    0.6976866E-03    0.4419041E-03    0.6388516E-02    0.7598400E-02   -0.5948203E-07    0.1736040E-05
   -0.1568925E-05    0.1300281E-04   -0.1663180E-05   -0.1099802E-03   -0.9400916E-04    0.3115919E-04   -0.1812216E-03   -0.1958245E-04    0.2375765E-05   -0.5408411E-01   -0.2873337E-04   -0.1871707E-02    0.5897887E-01    0.7708532E-02    0.2021416E-02    0.8408540E-01   -0.7312700E-03    0.4739650E-02   -0.6620339E-02    0.8519774E-03    0.2865469E-01   -0.3055781E-04   -0.3140202E-06   -0.8657876E-04    0.3204315E-05    0.2522905E-04    0.5342067E-03    0.3057757E-04   -0.7543300E-03    0.5019419E-02   -0.1029938E-02    0.7598400E-02    0.6641620E-01    0.2339058E-05   -0.5562760E-05
   -0.1470284E-09   -0.5659702E-07    0.6286164E-08   -0.1732947E-06   -0.3392564E-06   -0.4002910E-05   -0.1900066E-06   -0.2784499E-06    0.3124006E-07   -0.2290923E-03    0.4500561E-05    0.1781547E-03    0.5935388E-02    0.7393504E-04    0.6834498E-03    0.6802031E-03   -0.1442987E-03    0.3125697E-03   -0.2910303E-03   -0.9213509E-04   -0.9694762E-04   -0.1125485E-06   -0.1309818E-06   -0.1468412E-06   -0.3912770E-07   -0.3319201E-06   -0.6004448E-06    0.8624758E-06    0.3293493E-06    0.8109864E-06    0.7851574E-06   -0.5948203E-07    0.2339058E-05    0.5943185E-06   -0.1781254E-07
   -0.2631721E-09    0.2803090E-06   -0.3429145E-07   -0.1583335E-05    0.1813811E-05    0.1524441E-04   -0.2527943E-05   -0.9201135E-08   -0.1045776E-07    0.4429058E-02   -0.1111434E-04   -0.3731945E-03    0.4462073E-02    0.5400970E-03   -0.2273088E-02   -0.7787608E-02    0.2013032E-03    0.3260717E-05   -0.1830803E-03    0.2691834E-02    0.4845763E-02    0.9679770E-07    0.3865180E-07    0.7305284E-06   -0.1721168E-07   -0.1218533E-05   -0.4004545E-05   -0.7052441E-06   -0.6361548E-06   -0.4527726E-06   -0.7313009E-06    0.1736040E-05   -0.5562760E-05   -0.1781254E-07    0.2149351E-05
