# omegabh2 omegach2 theta tau w wa logA ns calPlanck aps100 aps143 aps217 acib217 asz143 psr cibr xi aksz dust100 dust143 dust217 dust143x217 cal0 cal2
  3.9505162E-08  -9.3403055E-08   2.9522440E-08   3.9354933E-07  -5.1544307E-07   1.1012167E-05   7.4537227E-07   3.5165984E-07   3.0038635E-08  -6.6470652E-04  -4.5561982E-04   1.0594850E-04  -2.0753474E-04   3.3343606E-05   1.4383193E-06  -2.8814414E-06   1.8675528E-06  -4.4942978E-05   2.5065193E-07  -1.0020485E-06   1.2170716E-06  -3.4630130E-07   6.5023875E-09  -1.0152340E-08
 -9.3403055E-08   1.8141916E-06  -1.4965560E-07  -4.9503043E-06   1.2895349E-05  -1.6843902E-04  -6.6970950E-06  -4.0205905E-06  -4.3587849E-07   5.1488000E-04   6.2590144E-04  -1.1308331E-04   2.0298525E-04  -7.8465401E-05  -4.8780697E-06   3.6238208E-06  -3.7092618E-06   1.6998228E-04   5.6207113E-08   7.8793425E-06  -1.0967949E-06   1.5620783E-06  -8.6914828E-08   1.1552891E-08
  2.9522440E-08  -1.4965560E-07   1.9061903E-07   6.5076136E-07  -2.3798048E-06   2.8324521E-05   1.2759883E-06   5.7066690E-07   4.9354508E-08  -7.1172244E-05  -7.2826504E-05   2.1572699E-05  -4.1736072E-05   1.6202595E-05   2.2477005E-07   9.7666797E-07   1.2268351E-06  -1.5369152E-05   1.8145842E-07  -1.6367142E-06   4.8902541E-07  -5.9882157E-07   1.3896352E-08   2.4572977E-09
  3.9354933E-07  -4.9503043E-06   6.5076136E-07   6.1281673E-05  -8.4614481E-05   6.8507479E-04   1.0935271E-04   1.3767340E-05  -5.4183545E-07  -1.1278731E-02  -5.6964488E-03   1.4045416E-03  -2.7089415E-03   3.8699491E-04   3.0013529E-05  -4.3885230E-05   3.6092210E-05  -4.2199183E-04   6.4790071E-06  -1.5370513E-06  -2.4153496E-06  -1.8725178E-05  -6.7193117E-08  -5.9696374E-07
 -5.1544307E-07   1.2895349E-05  -2.3798048E-06  -8.4614481E-05   6.3838668E-03  -2.3470524E-02  -1.6185690E-04  -2.9603084E-05  -9.6071612E-06   6.8734006E-03   6.4923191E-03   1.0316374E-03  -3.8157988E-03  -8.9878823E-04   3.2690963E-05  -1.9091949E-04   8.0664312E-05  -1.1686039E-04  -1.4514370E-04   3.7020053E-05   9.1207989E-05   1.6345748E-04  -1.8061054E-06   1.0162684E-06
  1.1012167E-05  -1.6843902E-04   2.8324521E-05   6.8507479E-04  -2.3470524E-02   1.0487789E-01   1.1529906E-03   3.9644824E-04   6.7563448E-05  -1.0097183E-01  -9.6796646E-02   1.3009911E-02  -2.0717163E-02   5.3885854E-03   1.8992450E-04  -2.4736567E-04   6.5962143E-05  -5.6403515E-03   8.1390746E-04  -6.8427483E-04  -1.1557822E-04  -6.2761933E-04   1.1717325E-05  -4.2364194E-06
  7.4537227E-07  -6.6970950E-06   1.2759883E-06   1.0935271E-04  -1.6185690E-04   1.1529906E-03   2.2579391E-04   1.9139941E-05   1.0172850E-05  -1.5189955E-02  -8.7696568E-03   8.7261064E-03  -5.8481709E-03   6.4198301E-04   6.9861098E-05  -1.0655635E-04   1.2059525E-04  -1.2881946E-03  -4.5791960E-07  -7.1750567E-05   1.3694329E-05  -5.6301993E-05   3.4113348E-07  -1.1590476E-06
  3.5165984E-07  -4.0205905E-06   5.7066690E-07   1.3767340E-05  -2.9603084E-05   3.9644824E-04   1.9139941E-05   2.0256336E-05   1.1201718E-06  -2.5085364E-02  -8.5638956E-03   1.0474255E-02  -7.2255041E-03   7.3456436E-04   7.5314392E-05  -1.1960638E-04   7.1068292E-05  -2.3865004E-03   2.2189673E-05  -5.1642517E-05   3.7993274E-05  -1.3782422E-05  -1.5335728E-07  -4.5243547E-07
  3.0038635E-08  -4.3587849E-07   4.9354508E-08  -5.4183545E-07  -9.6071612E-06   6.7563448E-05   1.0172850E-05   1.1201718E-06   6.1546716E-06   4.0407369E-03   4.5624494E-04   4.6580289E-04   7.9299904E-04  -7.3042010E-05  -4.1303802E-06   9.6959348E-06   9.8890055E-06   8.4401755E-05   3.3205004E-06   4.0394804E-06   4.0945818E-06  -4.5735498E-06   2.6413717E-09  -3.9719218E-09
 -6.6470652E-04   5.1488000E-04  -7.1172244E-05  -1.1278731E-02   6.8734006E-03  -1.0097183E-01  -1.5189955E-02  -2.5085364E-02   4.0407369E-03   6.1883131E+02   6.1426903E+01  -6.6142419E+01   3.5518145E+01  -2.6215644E+01  -8.8662528E-01  -3.1249845E-02  -2.2584602E-01   1.2559577E+01  -2.2401773E-01   3.2983064E-01  -2.6125946E-01  -2.1189170E-01   6.1933001E-03   3.6710358E-03
 -4.5561982E-04   6.2590144E-04  -7.2826504E-05  -5.6964488E-03   6.4923191E-03  -9.6796646E-02  -8.7696568E-03  -8.5638956E-03   4.5624494E-04   6.1426903E+01   6.9920359E+01   7.9744433E+00   7.8531682E+00  -5.2333029E-01  -1.8441433E-02   4.7822442E-01   8.7827372E-01  -8.2554824E+00  -3.9561757E-02  -2.2020548E-01   4.7203199E-02   4.9949664E-02   7.4741381E-04   7.4360806E-04
  1.0594850E-04  -1.1308331E-04   2.1572699E-05   1.4045416E-03   1.0316374E-03   1.3009911E-02   8.7261064E-03   1.0474255E-02   4.6580289E-04  -6.6142419E+01   7.9744433E+00   1.7865968E+02  -8.5045303E+01   2.5430509E+00   3.7092486E-01  -1.0707874E+00   3.5363323E-01  -7.2521955E+00  -1.6824006E-02  -3.2005656E-01   5.4872881E-01  -1.0136147E-02   1.6039375E-03  -7.9694273E-03
 -2.0753474E-04   2.0298525E-04  -4.1736072E-05  -2.7089415E-03  -3.8157988E-03  -2.0717163E-02  -5.8481709E-03  -7.2255041E-03   7.9299904E-04   3.5518145E+01   7.8531682E+00  -8.5045303E+01   5.3256702E+01   1.7504890E+00  -7.0610589E-02   7.5354519E-01  -2.6828575E-01  -2.7288634E+00   9.8459542E-03   1.9948906E-01  -4.4757228E-01  -1.1595387E-01  -5.5158253E-04   3.2049799E-03
  3.3343606E-05  -7.8465401E-05   1.6202595E-05   3.8699491E-04  -8.9878823E-04   5.3885854E-03   6.4198301E-04   7.3456436E-04  -7.3042010E-05  -2.6215644E+01  -5.2333029E-01   2.5430509E+00   1.7504890E+00   4.3724583E+00   1.0060031E-01   1.5432747E-01  -4.3557780E-02  -3.6111341E+00  -6.5811877E-04  -7.6177974E-03   7.0628977E-03   4.7228674E-02   4.4649107E-04  -2.1552704E-04
  1.4383193E-06  -4.8780697E-06   2.2477005E-07   3.0013529E-05   3.2690963E-05   1.8992450E-04   6.9861098E-05   7.5314392E-05  -4.1303802E-06  -8.8662528E-01  -1.8441433E-02   3.7092486E-01  -7.0610589E-02   1.0060031E-01   1.6353740E-02  -1.6729233E-02   1.1926548E-02  -1.0194597E-01  -5.9704314E-05  -1.1909885E-03  -2.3469911E-03   5.4668155E-03   1.7477839E-05  -3.7089626E-05
 -2.8814414E-06   3.6238208E-06   9.7666797E-07  -4.3885230E-05  -1.9091949E-04  -2.4736567E-04  -1.0655635E-04  -1.1960638E-04   9.6959348E-06  -3.1249845E-02   4.7822442E-01  -1.0707874E+00   7.5354519E-01   1.5432747E-01  -1.6729233E-02   6.6636703E-02   3.7274839E-03  -1.6276046E-01   6.1808543E-04   6.6999476E-03  -6.1849280E-04  -1.8431832E-02  -8.4663932E-06   9.3198313E-05
  1.8675528E-06  -3.7092618E-06   1.2268351E-06   3.6092210E-05   8.0664312E-05   6.5962143E-05   1.2059525E-04   7.1068292E-05   9.8890055E-06  -2.2584602E-01   8.7827372E-01   3.5363323E-01  -2.6828575E-01  -4.3557780E-02   1.1926548E-02   3.7274839E-03   8.2199581E-02   4.3159120E-02   4.0933797E-04   8.6857780E-05   1.0100340E-03   4.5603774E-04   1.3899926E-05  -8.2112072E-06
 -4.4942978E-05   1.6998228E-04  -1.5369152E-05  -4.2199183E-04  -1.1686039E-04  -5.6403515E-03  -1.2881946E-03  -2.3865004E-03   8.4401755E-05   1.2559577E+01  -8.2554824E+00  -7.2521955E+00  -2.7288634E+00  -3.6111341E+00  -1.0194597E-01  -1.6276046E-01   4.3159120E-02   7.5049875E+00   1.5503231E-04  -2.5619974E-03  -3.5641429E-03  -4.2693883E-02  -3.2868248E-04   1.0266990E-04
  2.5065193E-07   5.6207113E-08   1.8145842E-07   6.4790071E-06  -1.4514370E-04   8.1390746E-04  -4.5791960E-07   2.2189673E-05   3.3205004E-06  -2.2401773E-01  -3.9561757E-02  -1.6824006E-02   9.8459542E-03  -6.5811877E-04  -5.9704314E-05   6.1808543E-04   4.0933797E-04   1.5503231E-04   3.7989348E-02   3.0202421E-03  -1.7702605E-04   4.6333277E-04   3.5396420E-05  -7.3518320E-06
 -1.0020485E-06   7.8793425E-06  -1.6367142E-06  -1.5370513E-06   3.7020053E-05  -6.8427483E-04  -7.1750567E-05  -5.1642517E-05   4.0394804E-06   3.2983064E-01  -2.2020548E-01  -3.2005656E-01   1.9948906E-01  -7.6177974E-03  -1.1909885E-03   6.6999476E-03   8.6857780E-05  -2.5619974E-03   3.0202421E-03   3.1688754E-02  -1.2096259E-03   5.3628985E-03  -8.3914036E-05  -4.3396925E-05
  1.2170716E-06  -1.0967949E-06   4.8902541E-07  -2.4153496E-06   9.1207989E-05  -1.1557822E-04   1.3694329E-05   3.7993274E-05   4.0945818E-06  -2.6125946E-01   4.7203199E-02   5.4872881E-01  -4.4757228E-01   7.0628977E-03  -2.3469911E-03  -6.1849280E-04   1.0100340E-03  -3.5641429E-03  -1.7702605E-04  -1.2096259E-03   1.0488203E-02   8.3782103E-03   4.6566495E-06   6.3018878E-05
 -3.4630130E-07   1.5620783E-06  -5.9882157E-07  -1.8725178E-05   1.6345748E-04  -6.2761933E-04  -5.6301993E-05  -1.3782422E-05  -4.5735498E-06  -2.1189170E-01   4.9949664E-02  -1.0136147E-02  -1.1595387E-01   4.7228674E-02   5.4668155E-03  -1.8431832E-02   4.5603774E-04  -4.2693883E-02   4.6333277E-04   5.3628985E-03   8.3782103E-03   2.6717076E-02  -2.9553163E-06   5.8666281E-05
  6.5023875E-09  -8.6914828E-08   1.3896352E-08  -6.7193117E-08  -1.8061054E-06   1.1717325E-05   3.4113348E-07  -1.5335728E-07   2.6413717E-09   6.1933001E-03   7.4741381E-04   1.6039375E-03  -5.5158253E-04   4.4649107E-04   1.7477839E-05  -8.4663932E-06   1.3899926E-05  -3.2868248E-04   3.5396420E-05  -8.3914036E-05   4.6566495E-06  -2.9553163E-06   1.1145666E-06   7.3709522E-08
 -1.0152340E-08   1.1552891E-08   2.4572977E-09  -5.9696374E-07   1.0162684E-06  -4.2364194E-06  -1.1590476E-06  -4.5243547E-07  -3.9719218E-09   3.6710358E-03   7.4360806E-04  -7.9694273E-03   3.2049799E-03  -2.1552704E-04  -3.7089626E-05   9.3198313E-05  -8.2112072E-06   1.0266990E-04  -7.3518320E-06  -4.3396925E-05   6.3018878E-05   5.8666281E-05   7.3709522E-08   2.4568062E-06
