# omegabh2 omegach2 theta tau logA ns nrun r calPlanck aps100 aps143 aps217 acib217 asz143 psr cibr xi aksz dust100 dust143 dust217 dust143x217 cal0 cal2 calTE calEE
  2.6315269E-08  -8.8416401E-08   1.6546360E-08   3.7519050E-07   7.4751862E-07   2.2864618E-07  -3.7530498E-07   1.2976462E-06   2.8699772E-08  -2.4449777E-04  -1.5788938E-04  -5.6564709E-06  -4.0743610E-05   1.4008803E-05   2.2355371E-07   2.1895698E-07   8.4178032E-07  -1.6815193E-05   5.0841963E-07   2.2679648E-07   5.4698239E-07  -2.7863164E-08   3.5962080E-09   3.5960387E-09  -1.1017397E-07  -2.4975514E-07
 -8.8416401E-08   1.4867720E-06  -1.1925589E-07  -3.4961500E-06  -4.2975074E-06  -3.6285625E-06  -2.4578908E-07  -7.1417859E-06  -3.5669665E-07   1.6041251E-03   9.5899500E-04  -6.3236964E-04   5.5673905E-04  -6.0846516E-05  -5.6570373E-06   9.2909953E-06  -1.0044404E-05   1.8553371E-04  -6.6008260E-07   6.1883165E-06  -4.0466141E-06   6.1117863E-07  -4.3222107E-08   2.5114039E-09  -3.1991819E-07  -6.4234041E-07
  1.6546360E-08  -1.1925589E-07   9.9008785E-08   3.7591227E-07   6.5516350E-07   3.7070604E-07  -5.4337867E-08   6.6711841E-07   2.9263956E-08   8.0043872E-05  -3.7001828E-05  -5.5627890E-05   6.9940998E-06  -3.0758425E-06  -1.2964825E-07   6.4158636E-07   1.0670429E-06  -2.8126276E-06   2.4567635E-07  -1.6173591E-07   2.6156374E-07  -2.2572547E-07   7.5759634E-09   7.4980039E-09  -1.8632360E-08   5.6539954E-08
  3.7519050E-07  -3.4961500E-06   3.7591227E-07   4.9411611E-05   9.1769278E-05   9.6627394E-06  -9.9704258E-06   3.6062866E-05  -1.2459185E-07  -4.4672635E-03  -1.8170119E-03  -5.6040635E-04  -1.2808942E-04   2.5147168E-04   5.0128585E-06   1.3818955E-05   9.9312434E-06  -3.1935634E-04   9.0628755E-06   9.5477275E-06   7.0285066E-07  -6.8233252E-06  -3.4666421E-08   2.5161101E-08  -3.7213177E-06  -2.3814811E-06
  7.4751862E-07  -4.2975074E-06   6.5516350E-07   9.1769278E-05   2.0566046E-04   9.2546993E-06  -3.2894493E-05   9.4848222E-05   1.1603548E-05   9.1908705E-03   4.1808227E-03   1.7516782E-03   2.7095563E-03   2.0274019E-04   2.8635183E-07   7.3324007E-05   3.4669047E-05  -5.8143593E-04  -5.6451831E-06  -3.1562082E-05   1.0445938E-05  -1.3013791E-05   5.4122212E-07   3.3865270E-07  -9.0289344E-06  -3.7568607E-06
  2.2864618E-07  -3.6285625E-06   3.7070604E-07   9.6627394E-06   9.2546993E-06   2.0809603E-05   8.5585394E-06   3.0598622E-05   9.3890911E-07  -3.2480639E-02  -1.1732283E-02   1.1888231E-02  -8.7954100E-03   8.4748622E-04   9.0209813E-05  -1.6643476E-04   9.4375619E-05  -2.6859712E-03   1.7084168E-05  -5.1615633E-05   4.5640767E-05  -1.2545683E-05  -2.5946727E-07  -4.4979357E-07   4.7381890E-07  -2.3355986E-06
 -3.7530498E-07  -2.4578908E-07  -5.4337867E-08  -9.9704258E-06  -3.2894493E-05   8.5585394E-06   5.7009550E-05  -1.7879584E-04  -5.3623692E-07  -4.0197100E-02  -1.8959065E-02   1.3996526E-02  -1.2731756E-02   1.2608082E-03   1.1493653E-04  -2.6221684E-04   9.1835006E-05  -3.2427413E-03  -1.0565623E-05  -7.5569592E-05   4.9445297E-05  -2.1268441E-05  -1.4332028E-07  -1.0851764E-06   3.9189202E-06   1.5626386E-06
  1.2976462E-06  -7.1417859E-06   6.6711841E-07   3.6062866E-05   9.4848222E-05   3.0598622E-05  -1.7879584E-04   3.0602279E-03   8.2276992E-06   4.8895090E-02   4.4499728E-02  -6.1625139E-03   2.0793516E-02  -1.0775095E-03  -2.0730820E-04   7.2857068E-04  -8.2635347E-05   2.0776095E-03  -1.4173342E-04   1.2273233E-04  -5.6163103E-05  -5.3919529E-05  -5.3885905E-07   1.4761467E-06  -5.9588943E-06  -1.7105411E-06
  2.8699772E-08  -3.5669665E-07   2.9263956E-08  -1.2459185E-07   1.1603548E-05   9.3890911E-07  -5.3623692E-07   8.2276992E-06   6.2969980E-06   3.5733696E-03   5.0324870E-04   1.0250880E-03   7.0069557E-04   2.1483220E-05   8.5927361E-07   9.2703588E-06   9.5092403E-06  -4.0779162E-05  -5.8123687E-06   7.0833381E-06   8.1261845E-06   4.1660023E-06   1.0716318E-08   9.4259479E-09  -3.5913755E-07   5.5563413E-08
 -2.4449777E-04   1.6041251E-03   8.0043872E-05  -4.4672635E-03   9.1908705E-03  -3.2480639E-02  -4.0197100E-02   4.8895090E-02   3.5733696E-03   6.4791617E+02   7.4799474E+01  -6.5064305E+01   3.9734589E+01  -2.6408982E+01  -9.0970776E-01   1.2265121E-02  -2.8202008E-01   1.3238115E+01  -2.3605817E-01   3.6221276E-01  -2.8995377E-01  -1.6705309E-01   6.7931082E-03   3.5570240E-03   3.9629283E-04   8.9192880E-03
 -1.5788938E-04   9.5899500E-04  -3.7001828E-05  -1.8170119E-03   4.1808227E-03  -1.1732283E-02  -1.8959065E-02   4.4499728E-02   5.0324870E-04   7.4799474E+01   7.3058937E+01   3.6075828E+00   1.1076051E+01  -9.4587070E-01  -5.2208298E-02   5.1597252E-01   8.3666468E-01  -6.9602405E+00  -6.2883129E-02  -1.9364723E-01   2.4165909E-02   6.8016998E-02   8.9488059E-04   9.7045680E-04   1.4243095E-03   4.7048453E-03
 -5.6564709E-06  -6.3236964E-04  -5.5627890E-05  -5.6040635E-04   1.7516782E-03   1.1888231E-02   1.3996526E-02  -6.1625139E-03   1.0250880E-03  -6.5064305E+01   3.6075828E+00   1.7715074E+02  -8.5734926E+01   2.8249415E+00   3.4982616E-01  -1.0993805E+00   3.4929934E-01  -7.6039232E+00  -6.2828448E-02  -2.8294597E-01   5.6195923E-01  -6.7776360E-03   1.6651678E-03  -7.9617721E-03   3.6046081E-03   3.1869909E-03
 -4.0743610E-05   5.5673905E-04   6.9940998E-06  -1.2808942E-04   2.7095563E-03  -8.7954100E-03  -1.2731756E-02   2.0793516E-02   7.0069557E-04   3.9734589E+01   1.1076051E+01  -8.5734926E+01   5.4455653E+01   1.3801229E+00  -6.2646694E-02   7.7279093E-01  -2.6601609E-01  -2.1219286E+00   2.8518853E-02   1.8250666E-01  -4.5732237E-01  -1.0905230E-01  -5.4530118E-04   3.3862711E-03  -1.4755621E-03  -2.0479813E-04
  1.4008803E-05  -6.0846516E-05  -3.0758425E-06   2.5147168E-04   2.0274019E-04   8.4748622E-04   1.2608082E-03  -1.0775095E-03   2.1483220E-05  -2.6408982E+01  -9.4587070E-01   2.8249415E+00   1.3801229E+00   4.3299027E+00   1.0081514E-01   1.5126095E-01  -4.5140792E-02  -3.5578426E+00  -2.5611876E-03  -2.7868217E-03   1.0814265E-02   5.0366679E-02   4.2398107E-04  -2.4374492E-04  -6.4733994E-05  -3.7587067E-04
  2.2355371E-07  -5.6570373E-06  -1.2964825E-07   5.0128585E-06   2.8635183E-07   9.0209813E-05   1.1493653E-04  -2.0730820E-04   8.5927361E-07  -9.0970776E-01  -5.2208298E-02   3.4982616E-01  -6.2646694E-02   1.0081514E-01   1.5850483E-02  -1.6285593E-02   1.1942252E-02  -1.0705904E-01  -1.9833047E-04  -1.2171999E-03  -2.5316125E-03   4.8012656E-03   1.5128482E-05  -3.6290691E-05   1.9264467E-05   4.6793833E-07
  2.1895698E-07   9.2909953E-06   6.4158636E-07   1.3818955E-05   7.3324007E-05  -1.6643476E-04  -2.6221684E-04   7.2857068E-04   9.2703588E-06   1.2265121E-02   5.1597252E-01  -1.0993805E+00   7.7279093E-01   1.5126095E-01  -1.6285593E-02   6.7559282E-02   2.9462343E-03  -1.4257877E-01   9.0281058E-04   7.6125362E-03  -3.6744933E-04  -1.6892403E-02  -6.4990846E-06   9.7168916E-05  -4.2721581E-05  -2.0587416E-05
  8.4178032E-07  -1.0044404E-05   1.0670429E-06   9.9312434E-06   3.4669047E-05   9.4375619E-05   9.1835006E-05  -8.2635347E-05   9.5092403E-06  -2.8202008E-01   8.3666468E-01   3.4929934E-01  -2.6601609E-01  -4.5140792E-02   1.1942252E-02   2.9462343E-03   8.3258683E-02   3.9894702E-02  -6.2449499E-04   4.9801132E-04   7.4802193E-04   7.0080691E-04   1.0536151E-05  -1.0958489E-05   1.4463529E-05   5.3232812E-06
 -1.6815193E-05   1.8553371E-04  -2.8126276E-06  -3.1935634E-04  -5.8143593E-04  -2.6859712E-03  -3.2427413E-03   2.0776095E-03  -4.0779162E-05   1.3238115E+01  -6.9602405E+00  -7.6039232E+00  -2.1219286E+00  -3.5578426E+00  -1.0705904E-01  -1.4257877E-01   3.9894702E-02   7.4576951E+00   2.2426329E-03  -3.4879143E-03  -6.4475570E-03  -4.5480437E-02  -3.4423722E-04   7.9759556E-05  -5.7698769E-04  -2.6699507E-04
  5.0841963E-07  -6.6008260E-07   2.4567635E-07   9.0628755E-06  -5.6451831E-06   1.7084168E-05  -1.0565623E-05  -1.4173342E-04  -5.8123687E-06  -2.3605817E-01  -6.2883129E-02  -6.2828448E-02   2.8518853E-02  -2.5611876E-03  -1.9833047E-04   9.0281058E-04  -6.2449499E-04   2.2426329E-03   3.7565413E-02   3.2397580E-03  -5.2337584E-04  -1.7202470E-04   3.5471055E-05  -4.5381132E-06  -9.5487701E-06  -1.6847126E-05
  2.2679648E-07   6.1883165E-06  -1.6173591E-07   9.5477275E-06  -3.1562082E-05  -5.1615633E-05  -7.5569592E-05   1.2273233E-04   7.0833381E-06   3.6221276E-01  -1.9364723E-01  -2.8294597E-01   1.8250666E-01  -2.7868217E-03  -1.2171999E-03   7.6125362E-03   4.9801132E-04  -3.4879143E-03   3.2397580E-03   3.1219988E-02  -7.5204317E-04   5.3014883E-03  -7.8412415E-05  -4.0459297E-05  -8.6907226E-05  -9.2476221E-05
  5.4698239E-07  -4.0466141E-06   2.6156374E-07   7.0285066E-07   1.0445938E-05   4.5640767E-05   4.9445297E-05  -5.6163103E-05   8.1261845E-06  -2.8995377E-01   2.4165909E-02   5.6195923E-01  -4.5732237E-01   1.0814265E-02  -2.5316125E-03  -3.6744933E-04   7.4802193E-04  -6.4475570E-03  -5.2337584E-04  -7.5204317E-04   1.0604239E-02   8.3365331E-03   3.8661969E-06   5.9652577E-05   3.8159272E-06  -1.9969581E-06
 -2.7863164E-08   6.1117863E-07  -2.2572547E-07  -6.8233252E-06  -1.3013791E-05  -1.2545683E-05  -2.1268441E-05  -5.3919529E-05   4.1660023E-06  -1.6705309E-01   6.8016998E-02  -6.7776360E-03  -1.0905230E-01   5.0366679E-02   4.8012656E-03  -1.6892403E-02   7.0080691E-04  -4.5480437E-02  -1.7202470E-04   5.3014883E-03   8.3365331E-03   2.5645589E-02  -3.6959889E-06   5.7499590E-05  -2.1277032E-05  -1.4731251E-05
  3.5962080E-09  -4.3222107E-08   7.5759634E-09  -3.4666421E-08   5.4122212E-07  -2.5946727E-07  -1.4332028E-07  -5.3885905E-07   1.0716318E-08   6.7931082E-03   8.9488059E-04   1.6651678E-03  -5.4530118E-04   4.2398107E-04   1.5128482E-05  -6.4990846E-06   1.0536151E-05  -3.4423722E-04   3.5471055E-05  -7.8412415E-05   3.8661969E-06  -3.6959889E-06   1.0974945E-06   4.3772588E-08   3.7716876E-07   7.0318257E-07
  3.5960387E-09   2.5114039E-09   7.4980039E-09   2.5161101E-08   3.3865270E-07  -4.4979357E-07  -1.0851764E-06   1.4761467E-06   9.4259479E-09   3.5570240E-03   9.7045680E-04  -7.9617721E-03   3.3862711E-03  -2.4374492E-04  -3.6290691E-05   9.7168916E-05  -1.0958489E-05   7.9759556E-05  -4.5381132E-06  -4.0459297E-05   5.9652577E-05   5.7499590E-05   4.3772588E-08   2.4381272E-06   8.7988896E-08   1.1082537E-07
 -1.1017397E-07  -3.1991819E-07  -1.8632360E-08  -3.7213177E-06  -9.0289344E-06   4.7381890E-07   3.9189202E-06  -5.9588943E-06  -3.5913755E-07   3.9629283E-04   1.4243095E-03   3.6046081E-03  -1.4755621E-03  -6.4733994E-05   1.9264467E-05  -4.2721581E-05   1.4463529E-05  -5.7698769E-04  -9.5487701E-06  -8.6907226E-05   3.8159272E-06  -2.1277032E-05   3.7716876E-07   8.7988896E-08   2.4281574E-05   8.7563702E-06
 -2.4975514E-07  -6.4234041E-07   5.6539954E-08  -2.3814811E-06  -3.7568607E-06  -2.3355986E-06   1.5626386E-06  -1.7105411E-06   5.5563413E-08   8.9192880E-03   4.7048453E-03   3.1869909E-03  -2.0479813E-04  -3.7587067E-04   4.6793833E-07  -2.0587416E-05   5.3232812E-06  -2.6699507E-04  -1.6847126E-05  -9.2476221E-05  -1.9969581E-06  -1.4731251E-05   7.0318257E-07   1.1082537E-07   8.7563702E-06   2.4606209E-05
