# omegabh2 omegach2 theta tau mnu logA ns calPlanck acib217 xi asz143 aps100 aps143 aps143217 aps217 aksz kgal100 kgal143 kgal143217 kgal217 galfTE100 galfTE100143 galfTE100217 galfTE143 galfTE143217 galfTE217 cal0 cal2
  1.7831674E-08  -5.2087532E-08   1.0132939E-08   1.2066758E-07   4.7718234E-07   2.1919303E-07   1.4788928E-07   1.1867806E-08  -8.0012749E-05   1.8367385E-06   1.4424442E-05  -2.8956860E-04  -1.8301426E-04  -4.9747674E-05   1.3336907E-05  -2.7991435E-05  -3.8010501E-06  -5.7013755E-06  -7.7793010E-06   2.2813572E-05  -8.3990419E-08  -7.6918062E-08  -2.8857689E-07  -2.5561411E-07  -5.4451155E-07  -1.4188957E-06   2.9102349E-09  -1.5414293E-10
 -5.2087532E-08   9.4492233E-07  -4.4680118E-08  -1.0244163E-06  -9.0926542E-06   2.0197334E-07  -2.2253412E-06  -6.1558952E-08   7.5663900E-05  -4.3591361E-07  -8.2574897E-07   6.1140039E-05   5.8993514E-04   4.2424291E-04   2.4029691E-04  -2.4993761E-05   3.0993198E-06  -2.8185930E-05   3.9952707E-05   5.2218153E-05   5.1821923E-07  -1.5826719E-07   4.8013292E-07   9.7270120E-07   1.6093092E-06   9.3449690E-06  -4.5247464E-09   6.5473947E-09
  1.0132939E-08  -4.4680118E-08   8.4596100E-08   1.1189788E-07   3.4770963E-07   1.8093845E-07   2.2549566E-07  -5.5051246E-09  -1.2318543E-05  -8.4632174E-07  -2.1097653E-06   9.3149036E-05  -4.8767664E-05  -6.6679261E-05  -5.3039336E-05   1.5021488E-05  -6.4351603E-06   5.1897512E-07  -2.0145402E-06   1.7052632E-05  -3.1773902E-10  -2.7322530E-07   2.3273607E-07  -6.0626107E-07  -1.0010177E-07   2.8054332E-07   2.1133423E-09  -1.5526317E-11
  1.2066758E-07  -1.0244163E-06   1.1189788E-07   4.7140414E-05   1.6822731E-05   9.2157264E-05   4.5441473E-06   9.2845772E-08  -2.1409501E-03   1.5559753E-05   4.2030405E-04  -6.6843970E-03  -3.5711813E-03  -2.6069635E-04   1.9715865E-03  -8.3139112E-04  -2.6681295E-04  -2.3481373E-04  -3.5571831E-04   4.4403924E-04  -3.3821509E-06  -3.1165688E-06   9.0782367E-06  -2.8623461E-06  -4.7042552E-07   1.7119431E-06   7.3291533E-08  -9.8708689E-09
  4.7718234E-07  -9.0926542E-06   3.4770963E-07   1.6822731E-05   1.4116499E-03   1.6583211E-05   2.0083340E-05   3.3870686E-06   3.8018505E-03   9.9616900E-05  -7.1800481E-04   1.8667393E-02   2.7436758E-03   3.2602261E-04  -5.6365550E-03   7.7235357E-04   7.3734777E-04   1.0759956E-03   3.6340535E-04   1.0177670E-03  -1.5979063E-06   7.9548558E-06   7.3116048E-06   1.9220662E-05  -1.7663590E-05  -3.5262356E-05  -2.5061541E-07   4.2066312E-07
  2.1919303E-07   2.0197334E-07   1.8093845E-07   9.2157264E-05   1.6583211E-05   2.1442567E-04   2.8695805E-06   1.2796868E-05  -4.6854282E-03   8.7804717E-05   7.7691005E-04  -1.1771772E-02  -5.0446335E-03   2.7022583E-03   1.0460063E-02  -2.5586139E-03  -8.9466712E-04  -1.2750602E-03  -1.2221426E-03   2.4762573E-03  -2.6497562E-06  -5.3881074E-06   7.3204457E-06  -7.9854097E-06  -5.1599293E-07   2.9596105E-05   3.1508653E-07  -5.7778204E-08
  1.4788928E-07  -2.2253412E-06   2.2549566E-07   4.5441473E-06   2.0083340E-05   2.8695805E-06   1.3771209E-05   3.5158565E-07  -4.1460422E-03   8.2520210E-05   7.5647051E-04  -1.8907318E-02  -5.9889702E-03   1.1953390E-03   4.4832872E-03  -1.7927275E-03   2.7019575E-04  -2.0189055E-04  -2.9848558E-04   1.3496946E-03  -1.2712232E-06  -2.7033970E-06   1.7925221E-06  -6.5174559E-06  -5.9503477E-06  -1.4591974E-05  -5.1845689E-08  -8.1659926E-08
  1.1867806E-08  -6.1558952E-08  -5.5051246E-09   9.2845772E-08   3.3870686E-06   1.2796868E-05   3.5158565E-07   6.3309078E-06   5.4811699E-04   4.6343570E-06  -2.8800445E-05   3.3458254E-03   5.1912180E-04   3.1712209E-04   1.4628248E-03  -4.7180668E-05  -2.2444893E-05  -5.0378772E-05   9.0342047E-06   8.1474312E-04   9.7561830E-07   1.0370300E-06  -5.0710326E-06  -1.2865388E-06  -1.0530447E-06   7.0463134E-06   1.2541846E-08  -2.9010873E-08
 -8.0012749E-05   7.5663900E-05  -1.2318543E-05  -2.1409501E-03   3.8018505E-03  -4.6854282E-03  -4.1460422E-03   5.4811699E-04   4.3981471E+01  -4.2110024E-01  -6.9938915E-01   3.6168870E+01   1.8681013E+00  -1.3338442E+01  -5.4611006E+01  -2.8783262E-01   2.7660044E-01   6.2785705E-01  -5.4420267E+00  -3.2384168E+01  -2.3711076E-03   8.4551527E-03  -2.2227244E-03   1.1135834E-02  -1.6678624E-03  -3.3003512E-02  -2.0747043E-04   6.9160732E-04
  1.8367385E-06  -4.3591361E-07  -8.4632174E-07   1.5559753E-05   9.9616900E-05   8.7804717E-05   8.2520210E-05   4.6343570E-06  -4.2110024E-01   8.0158407E-02  -4.0565930E-02  -5.2212976E-01   9.2620597E-01   1.7064769E+00   6.8644428E-01   3.9412294E-02  -1.4009928E-02   7.6418610E-03   1.0242663E-01   1.5660125E-01   1.4134649E-05  -2.5619391E-05  -1.1321928E-05   1.0906880E-04   1.6275565E-04   1.5615660E-03   1.9782703E-06  -2.3626967E-06
  1.4424442E-05  -8.2574897E-07  -2.1097653E-06   4.2030405E-04  -7.1800481E-04   7.7691005E-04   7.5647051E-04  -2.8800445E-05  -6.9938915E-01  -4.0565930E-02   3.7603086E+00  -3.0037316E+01  -3.2482576E+00   7.2809958E+00   5.0747825E+00  -2.5940449E+00  -2.1032011E-01   7.6662789E-02   2.5061807E+00   2.9711837E+00  -4.2176290E-04  -1.9454919E-04   6.7286761E-04  -8.5931868E-05  -1.2215157E-03  -9.2088224E-03   1.0814790E-04  -3.1747034E-05
 -2.8956860E-04   6.1140039E-05   9.3149036E-05  -6.6843970E-03   1.8667393E-02  -1.1771772E-02  -1.8907318E-02   3.3458254E-03   3.6168870E+01  -5.2212976E-01  -3.0037316E+01   7.6063667E+02   6.4181711E+01  -5.6804682E+01  -6.4292528E+01   1.4204010E+01  -6.4153619E+00   5.8209416E+00  -1.1656856E+01  -2.3616671E+01   1.5465793E-02   7.2689690E-03  -3.4862373E-02   5.1253045E-03   6.1550353E-03   7.3131647E-02   3.4029392E-03   4.3248321E-04
 -1.8301426E-04   5.8993514E-04  -4.8767664E-05  -3.5711813E-03   2.7436758E-03  -5.0446335E-03  -5.9889702E-03   5.1912180E-04   1.8681013E+00   9.2620597E-01  -3.2482576E+00   6.4181711E+01   6.1249630E+01   4.0171004E+01   1.4764335E+01  -5.0441712E+00  -1.8512566E-01  -1.3187711E+00   3.5597749E+00   4.3531487E+00   4.1361342E-03   4.6622464E-03  -3.7166588E-03  -4.7241636E-05   3.8629420E-03   4.8124694E-02   3.5246755E-05   1.2620919E-04
 -4.9747674E-05   4.2424291E-04  -6.6679261E-05  -2.6069635E-04   3.2602261E-04   2.7022583E-03   1.1953390E-03   3.1712209E-04  -1.3338442E+01   1.7064769E+00   7.2809958E+00  -5.6804682E+01   4.0171004E+01   8.4503977E+01   5.3485106E+01  -1.1552011E+01  -8.8139461E-01  -9.5887870E-01   4.3467744E+00   7.2843186E+00  -2.7652212E-04  -1.1814240E-03   4.6934492E-03   3.2856549E-03   6.2077576E-03   3.7507063E-02   3.9038416E-04  -3.4201090E-04
  1.3336907E-05   2.4029691E-04  -5.3039336E-05   1.9715865E-03  -5.6365550E-03   1.0460063E-02   4.4832872E-03   1.4628248E-03  -5.4611006E+01   6.8644428E-01   5.0747825E+00  -6.4292528E+01   1.4764335E+01   5.3485106E+01   1.0379416E+02  -8.9699691E+00  -7.8006457E-01  -1.6057065E+00   4.7984594E+00   3.1989351E+01   3.5162532E-03  -9.8958118E-03   5.5753060E-03  -1.1640142E-02   9.7874512E-03   4.8397604E-02   5.3649234E-04  -1.3088052E-03
 -2.7991435E-05  -2.4993761E-05   1.5021488E-05  -8.3139112E-04   7.7235357E-04  -2.5586139E-03  -1.7927275E-03  -4.7180668E-05  -2.8783262E-01   3.9412294E-02  -2.5940449E+00   1.4204010E+01  -5.0441712E+00  -1.1552011E+01  -8.9699691E+00   5.6771003E+00   8.1270603E-02  -9.3776726E-02  -1.9972617E+00  -2.1833651E+00   6.1692016E-05   3.0308372E-04   5.5424806E-04   1.2251331E-03   2.3906533E-03   4.1993610E-03  -8.9332013E-05  -1.1496933E-05
 -3.8010501E-06   3.0993198E-06  -6.4351603E-06  -2.6681295E-04   7.3734777E-04  -8.9466712E-04   2.7019575E-04  -2.2444893E-05   2.7660044E-01  -1.4009928E-02  -2.1032011E-01  -6.4153619E+00  -1.8512566E-01  -8.8139461E-01  -7.8006457E-01   8.1270603E-02   3.4070990E+00   5.6394681E-01   2.0682109E-01   1.1797554E-01  -6.9856617E-04  -5.4787889E-04   3.5474604E-03  -1.7323243E-03   8.9276351E-04   1.6358709E-03   1.5339522E-04  -1.3792050E-05
 -5.7013755E-06  -2.8185930E-05   5.1897512E-07  -2.3481373E-04   1.0759956E-03  -1.2750602E-03  -2.0189055E-04  -5.0378772E-05   6.2785705E-01   7.6418610E-03   7.6662789E-02   5.8209416E+00  -1.3187711E+00  -9.5887870E-01  -1.6057065E+00  -9.3776726E-02   5.6394681E-01   3.1580498E+00   2.6520503E+00   2.6439476E+00  -1.4560356E-03  -2.7243498E-04  -1.2178017E-03   5.9850284E-04  -6.6000272E-04   1.0454250E-03  -1.9377757E-04  -3.0881982E-05
 -7.7793010E-06   3.9952707E-05  -2.0145402E-06  -3.5571831E-04   3.6340535E-04  -1.2221426E-03  -2.9848558E-04   9.0342047E-06  -5.4420267E+00   1.0242663E-01   2.5061807E+00  -1.1656856E+01   3.5597749E+00   4.3467744E+00   4.7984594E+00  -1.9972617E+00   2.0682109E-01   2.6520503E+00   1.0683723E+01   1.9023716E+01   1.2370186E-05   2.8235502E-04  -3.1253993E-03  -2.7310280E-03  -2.2785069E-03   8.5060710E-03  -4.7339467E-05   4.2232168E-04
  2.2813572E-05   5.2218153E-05   1.7052632E-05   4.4403924E-04   1.0177670E-03   2.4762573E-03   1.3496946E-03   8.1474312E-04  -3.2384168E+01   1.5660125E-01   2.9711837E+00  -2.3616671E+01   4.3531487E+00   7.2843186E+00   3.1989351E+01  -2.1833651E+00   1.1797554E-01   2.6439476E+00   1.9023716E+01   5.2799169E+01   1.3061460E-03  -3.8036792E-03  -3.7357306E-03  -1.0679586E-02  -5.8015089E-03   3.5599797E-02   1.3530628E-05   9.7056058E-04
 -8.3990419E-08   5.1821923E-07  -3.1773902E-10  -3.3821509E-06  -1.5979063E-06  -2.6497562E-06  -1.2712232E-06   9.7561830E-07  -2.3711076E-03   1.4134649E-05  -4.2176290E-04   1.5465793E-02   4.1361342E-03  -2.7652212E-04   3.5162532E-03   6.1692016E-05  -6.9856617E-04  -1.4560356E-03   1.2370186E-05   1.3061460E-03   1.4084551E-03   2.7062832E-04   8.3824773E-05  -3.7077788E-04  -5.8958247E-05  -9.3297309E-05   3.2828149E-07   1.9214950E-07
 -7.6918062E-08  -1.5826719E-07  -2.7322530E-07  -3.1165688E-06   7.9548558E-06  -5.3881074E-06  -2.7033970E-06   1.0370300E-06   8.4551527E-03  -2.5619391E-05  -1.9454919E-04   7.2689690E-03   4.6622464E-03  -1.1814240E-03  -9.8958118E-03   3.0308372E-04  -5.4787889E-04  -2.7243498E-04   2.8235502E-04  -3.8036792E-03   2.7062832E-04   8.6431436E-04   2.0953582E-06   7.5243601E-04   6.6804233E-05  -6.2601580E-04  -1.0576233E-07  -1.1787007E-07
 -2.8857689E-07   4.8013292E-07   2.3273607E-07   9.0782367E-06   7.3116048E-06   7.3204457E-06   1.7925221E-06  -5.0710326E-06  -2.2227244E-03  -1.1321928E-05   6.7286761E-04  -3.4862373E-02  -3.7166588E-03   4.6934492E-03   5.5753060E-03   5.5424806E-04   3.5474604E-03  -1.2178017E-03  -3.1253993E-03  -3.7357306E-03   8.3824773E-05   2.0953582E-06   7.1149895E-03  -3.2838695E-04   5.3350459E-04   3.9676704E-03   3.0330275E-07  -2.5170895E-07
 -2.5561411E-07   9.7270120E-07  -6.0626107E-07  -2.8623461E-06   1.9220662E-05  -7.9854097E-06  -6.5174559E-06  -1.2865388E-06   1.1135834E-02   1.0906880E-04  -8.5931868E-05   5.1253045E-03  -4.7241636E-05   3.2856549E-03  -1.1640142E-02   1.2251331E-03  -1.7323243E-03   5.9850284E-04  -2.7310280E-03  -1.0679586E-02  -3.7077788E-04   7.5243601E-04  -3.2838695E-04   2.9697402E-03   5.6990340E-04  -9.2916200E-04  -4.8813131E-07  -3.8580406E-07
 -5.4451155E-07   1.6093092E-06  -1.0010177E-07  -4.7042552E-07  -1.7663590E-05  -5.1599293E-07  -5.9503477E-06  -1.0530447E-06  -1.6678624E-03   1.6275565E-04  -1.2215157E-03   6.1550353E-03   3.8629420E-03   6.2077576E-03   9.7874512E-03   2.3906533E-03   8.9276351E-04  -6.6000272E-04  -2.2785069E-03  -5.8015089E-03  -5.8958247E-05   6.6804233E-05   5.3350459E-04   5.6990340E-04   6.2492652E-03   7.6592729E-03   2.8452823E-07  -1.8561312E-07
 -1.4188957E-06   9.3449690E-06   2.8054332E-07   1.7119431E-06  -3.5262356E-05   2.9596105E-05  -1.4591974E-05   7.0463134E-06  -3.3003512E-02   1.5615660E-03  -9.2088224E-03   7.3131647E-02   4.8124694E-02   3.7507063E-02   4.8397604E-02   4.1993610E-03   1.6358709E-03   1.0454250E-03   8.5060710E-03   3.5599797E-02  -9.3297309E-05  -6.2601580E-04   3.9676704E-03  -9.2916200E-04   7.6592729E-03   7.1495024E-02   1.9791961E-06  -2.4218718E-06
  2.9102349E-09  -4.5247464E-09   2.1133423E-09   7.3291533E-08  -2.5061541E-07   3.1508653E-07  -5.1845689E-08   1.2541846E-08  -2.0747043E-04   1.9782703E-06   1.0814790E-04   3.4029392E-03   3.5246755E-05   3.9038416E-04   5.3649234E-04  -8.9332013E-05   1.5339522E-04  -1.9377757E-04  -4.7339467E-05   1.3530628E-05   3.2828149E-07  -1.0576233E-07   3.0330275E-07  -4.8813131E-07   2.8452823E-07   1.9791961E-06   3.6053155E-07  -4.1994181E-09
 -1.5414293E-10   6.5473947E-09  -1.5526317E-11  -9.8708689E-09   4.2066312E-07  -5.7778204E-08  -8.1659926E-08  -2.9010873E-08   6.9160732E-04  -2.3626967E-06  -3.1747034E-05   4.3248321E-04   1.2620919E-04  -3.4201090E-04  -1.3088052E-03  -1.1496933E-05  -1.3792050E-05  -3.0881982E-05   4.2232168E-04   9.7056058E-04   1.9214950E-07  -1.1787007E-07  -2.5170895E-07  -3.8580406E-07  -1.8561312E-07  -2.4218718E-06  -4.1994181E-09   3.8358815E-07
