# omegabh2 omegach2 theta tau omegak logA ns calPlanck acib217 xi asz143 aps100 aps143 aps143217 aps217 aksz kgal100 kgal143 kgal143217 kgal217 galfTE100 galfTE100143 galfTE100217 galfTE143 galfTE143217 galfTE217 cal0 cal2
  2.2940154E-08  -1.2163773E-07   1.9738521E-08   2.4623335E-07  -1.3555318E-07   3.1133830E-07   3.2130846E-07   1.2154801E-08  -7.6750811E-05   1.4293801E-06   2.2153413E-05  -3.9763034E-04  -2.5054699E-04  -8.8887458E-05  -2.5934432E-05  -4.1091928E-05  -3.4804755E-06  -3.6476849E-06  -4.9632785E-07   2.7555392E-05  -1.3999663E-07  -2.2940112E-08  -7.8523895E-08  -2.7481425E-07  -7.4355281E-07  -3.0012256E-06   1.8865476E-09  -1.8452320E-10
 -1.2163773E-07   1.8428775E-06  -1.7227301E-07  -3.2054386E-06   1.9166992E-06  -2.6014533E-06  -4.3519227E-06  -2.5839458E-07   3.2435674E-04  -2.8520109E-06  -1.0531507E-04   1.6734015E-03   1.3493183E-03   8.0671743E-04   4.0672497E-04   1.3613568E-04   1.9988752E-05  -6.3732293E-05  -1.3745232E-04  -3.9101154E-04   1.5475414E-06   1.5206413E-07  -2.0420175E-06   1.4403703E-06   4.5054338E-06   1.9525839E-05   1.2119615E-08  -8.7937109E-09
  1.9738521E-08  -1.7227301E-07   1.0124658E-07   2.9774259E-07  -2.5015232E-07   3.2965282E-07   5.3459988E-07   2.7485827E-08  -1.5751946E-05   1.1143359E-06   1.0299589E-05  -2.4653259E-04  -1.0816104E-04  -7.6038300E-05  -7.4798728E-05  -1.1050204E-05   8.7921777E-06   5.5984780E-06   1.6136951E-05   1.4166498E-05  -3.1170144E-07  -1.1329153E-07   8.3394541E-07  -3.5771516E-07  -9.5610729E-07  -4.5427725E-06   4.9146863E-10  -1.8147632E-09
  2.4623335E-07  -3.2054386E-06   2.9774259E-07   5.2879823E-05  -1.6241240E-06   9.5517949E-05   1.0758941E-05  -7.1160456E-07  -1.8336522E-03   8.3172824E-07   4.7091581E-04  -9.9379812E-03  -4.9829657E-03  -1.9093487E-03   2.1651393E-04  -9.2694033E-04   6.8551096E-06  -1.1285875E-04   2.4946109E-04   1.4199914E-03   1.8727967E-06  -7.9606992E-07   2.4150093E-06  -5.6107119E-06  -1.2112023E-05  -3.1706053E-05  -8.4278788E-08   1.0553893E-07
 -1.3555318E-07   1.9166992E-06  -2.5015232E-07  -1.6241240E-06   3.6573337E-06   1.0438792E-06  -4.4268444E-06  -5.2970572E-08   4.5703522E-04  -4.0283746E-06  -4.9712446E-05   1.3302282E-03   1.2939372E-03   9.8018980E-04   3.7228887E-04   9.0064443E-05   1.2570473E-05  -1.0472086E-04  -1.6026794E-04  -3.9503553E-04   2.5551693E-06   6.6480059E-07  -3.6108146E-07   1.8143613E-06   6.9850280E-06   2.4395597E-05   2.0088724E-09   1.1884966E-08
  3.1133830E-07  -2.6014533E-06   3.2965282E-07   9.5517949E-05   1.0438792E-06   2.0646156E-04   1.0664619E-05   1.0457392E-05  -2.5008939E-03   1.4647989E-06   3.9720276E-04  -8.6124551E-03  -5.7835152E-03  -1.1939832E-03   5.2002333E-03  -1.9963839E-03  -2.9850041E-04  -8.1629256E-04  -5.3370289E-04   2.9579775E-03   9.4757276E-06  -1.2198462E-07  -4.0160943E-06  -1.1183186E-05  -1.3954423E-05  -2.0450372E-05  -4.0757939E-08   1.8095233E-07
  3.2130846E-07  -4.3519227E-06   5.3459988E-07   1.0758941E-05  -4.4268444E-06   1.0664619E-05   1.9640546E-05   4.0926031E-07  -4.4704716E-03   1.0723611E-04   9.6631686E-04  -2.5356490E-02  -7.9072340E-03   2.7657927E-04   3.4791675E-03  -2.2765329E-03   2.4370237E-04  -3.5964742E-04  -1.7519233E-04   1.5114040E-03  -5.0996549E-06  -6.5281333E-07   9.4574127E-06  -2.2149616E-06  -8.0022711E-06  -2.6811312E-05  -6.3234287E-08  -4.6134030E-08
  1.2154801E-08  -2.5839458E-07   2.7485827E-08  -7.1160456E-07  -5.2970572E-08   1.0457392E-05   4.0926031E-07   6.2133778E-06   9.0808903E-04  -2.1965210E-05  -1.4663003E-04   5.7540070E-03   4.8475273E-04  -5.1674484E-04   5.6880533E-04   1.2552521E-04  -1.3937705E-05   2.4459069E-05  -1.0413320E-04   6.2239477E-04   1.0365467E-06   7.3372705E-07  -3.9404327E-07  -7.4017089E-07   8.7795264E-07   7.3212936E-06  -1.4286501E-08   9.6747325E-09
 -7.6750811E-05   3.2435674E-04  -1.5751946E-05  -1.8336522E-03   4.5703522E-04  -2.5008939E-03  -4.4704716E-03   9.0808903E-04   4.4213946E+01  -4.2998647E-01  -7.8012576E-01   3.2456492E+01   4.8965018E-01  -1.4743681E+01  -5.4526262E+01  -6.1589854E-01  -8.4138898E-03   7.3421913E-01  -5.7556353E+00  -3.3169689E+01  -1.0227134E-03  -3.5190751E-03  -8.8813661E-03  -4.8479847E-03   9.3802413E-03  -1.9996127E-02  -2.4995874E-04   7.1108541E-04
  1.4293801E-06  -2.8520109E-06   1.1143359E-06   8.3172824E-07  -4.0283746E-06   1.4647989E-06   1.0723611E-04  -2.1965210E-05  -4.2998647E-01   8.3821806E-02  -5.9425604E-02  -6.2348650E-01   9.7263119E-01   1.7134126E+00   6.7198990E-01   4.1895145E-02   1.2718612E-02   1.8614092E-02   1.2416728E-01   1.8316343E-01  -1.1045262E-04  -7.1564296E-05  -3.4899243E-05  -8.8968666E-05  -3.5416251E-05  -1.3231514E-03   6.1113097E-06   6.5926884E-07
  2.2153413E-05  -1.0531507E-04   1.0299589E-05   4.7091581E-04  -4.9712446E-05   3.9720276E-04   9.6631686E-04  -1.4663003E-04  -7.8012576E-01  -5.9425604E-02   3.7641895E+00  -2.9477209E+01  -3.3463194E+00   7.0581678E+00   4.9522485E+00  -2.6373694E+00  -1.4532776E-01   2.2040684E-01   2.7048015E+00   3.3515773E+00  -4.2564099E-04   3.6888145E-04  -5.2096703E-04   3.4073949E-04  -3.4836058E-03  -9.4995701E-03   1.4424293E-04  -2.9435293E-05
 -3.9763034E-04   1.6734015E-03  -2.4653259E-04  -9.9379812E-03   1.3302282E-03  -8.6124551E-03  -2.5356490E-02   5.7540070E-03   3.2456492E+01  -6.2348650E-01  -2.9477209E+01   7.6850829E+02   6.6212270E+01  -5.4169003E+01  -5.4966953E+01   1.3387332E+01  -6.2584980E+00   5.7313988E+00  -1.2402911E+01  -2.1230278E+01   9.0043790E-03  -8.4048926E-03  -3.3625108E-02   2.8337123E-03   4.0374109E-02   2.6530232E-01   3.1923783E-03   4.3518084E-04
 -2.5054699E-04   1.3493183E-03  -1.0816104E-04  -4.9829657E-03   1.2939372E-03  -5.7835152E-03  -7.9072340E-03   4.8475273E-04   4.8965018E-01   9.7263119E-01  -3.3463194E+00   6.6212270E+01   6.1719034E+01   4.1219305E+01   1.6710203E+01  -4.7836388E+00  -1.3548380E-01  -1.1406532E+00   3.7170442E+00   5.0824633E+00   1.8645431E-03   3.0946293E-03  -1.4012998E-02   3.4587559E-03   1.7115247E-02   4.3777233E-02   3.2874512E-05   1.0427183E-04
 -8.8887458E-05   8.0671743E-04  -7.6038300E-05  -1.9093487E-03   9.8018980E-04  -1.1939832E-03   2.7657927E-04  -5.1674484E-04  -1.4743681E+01   1.7134126E+00   7.0581678E+00  -5.4169003E+01   4.1219305E+01   8.5321252E+01   5.4425127E+01  -1.1393496E+01  -2.9283671E-01  -4.2364986E-01   5.1665014E+00   9.2887456E+00   9.1482395E-04   1.4633482E-03  -8.0809079E-03   3.3686817E-03   5.7409543E-03   1.6927002E-02   5.4350274E-04  -3.4324688E-04
 -2.5934432E-05   4.0672497E-04  -7.4798728E-05   2.1651393E-04   3.7228887E-04   5.2002333E-03   3.4791675E-03   5.6880533E-04  -5.4526262E+01   6.7198990E-01   4.9522485E+00  -5.4966953E+01   1.6710203E+01   5.4425127E+01   1.0204694E+02  -8.1606250E+00  -3.1409162E-01  -1.3688469E+00   5.2351114E+00   3.3129688E+01   4.9511629E-03   5.1852702E-03   4.6338642E-03   1.1893042E-02   7.8388871E-03   6.5842919E-02   5.0040015E-04  -1.2789517E-03
 -4.1091928E-05   1.3613568E-04  -1.1050204E-05  -9.2694033E-04   9.0064443E-05  -1.9963839E-03  -2.2765329E-03   1.2552521E-04  -6.1589854E-01   4.1895145E-02  -2.6373694E+00   1.3387332E+01  -4.7836388E+00  -1.1393496E+01  -8.1606250E+00   5.7171580E+00   1.2481861E-01  -2.5749418E-01  -2.0836346E+00  -2.0614342E+00   1.0855630E-04  -4.3258131E-04   2.5634118E-03  -7.9864543E-04  -2.8519250E-03  -1.7557234E-03  -9.0411973E-05  -1.1380796E-05
 -3.4804755E-06   1.9988752E-05   8.7921777E-06   6.8551096E-06   1.2570473E-05  -2.9850041E-04   2.4370237E-04  -1.3937705E-05  -8.4138898E-03   1.2718612E-02  -1.4532776E-01  -6.2584980E+00  -1.3548380E-01  -2.9283671E-01  -3.1409162E-01   1.2481861E-01   3.2574119E+00   5.4942732E-01   2.8183087E-01   3.8924110E-01  -2.1550791E-04   5.7666588E-04   3.5374447E-03  -9.9480789E-04  -2.8311083E-03  -4.4644990E-03   1.8384349E-04   1.4182157E-05
 -3.6476849E-06  -6.3732293E-05   5.5984780E-06  -1.1285875E-04  -1.0472086E-04  -8.1629256E-04  -3.5964742E-04   2.4459069E-05   7.3421913E-01   1.8614092E-02   2.2040684E-01   5.7313988E+00  -1.1406532E+00  -4.2364986E-01  -1.3688469E+00  -2.5749418E-01   5.4942732E-01   3.2468873E+00   2.8417212E+00   2.7806561E+00   1.5479412E-03   3.7243842E-04   3.4223898E-03   7.0627644E-04   8.2229003E-04  -5.0763075E-03  -1.5391787E-04  -2.4020985E-05
 -4.9632785E-07  -1.3745232E-04   1.6136951E-05   2.4946109E-04  -1.6026794E-04  -5.3370289E-04  -1.7519233E-04  -1.0413320E-04  -5.7556353E+00   1.2416728E-01   2.7048015E+00  -1.2402911E+01   3.7170442E+00   5.1665014E+00   5.2351114E+00  -2.0836346E+00   2.8183087E-01   2.8417212E+00   1.1216539E+01   1.9862092E+01   7.3585579E-04   3.0364426E-03   7.6361820E-06   2.3736201E-03  -9.0985019E-03  -2.1682598E-02   3.1302863E-05   4.3134010E-04
  2.7555392E-05  -3.9101154E-04   1.4166498E-05   1.4199914E-03  -3.9503553E-04   2.9579775E-03   1.5114040E-03   6.2239477E-04  -3.3169689E+01   1.8316343E-01   3.3515773E+00  -2.1230278E+01   5.0824633E+00   9.2887456E+00   3.3129688E+01  -2.0614342E+00   3.8924110E-01   2.7806561E+00   1.9862092E+01   5.4522417E+01   3.5172191E-03   6.9827457E-03   5.1137956E-03   5.1081026E-03  -2.6146755E-02  -1.7954535E-02   1.6690822E-04   9.2617194E-04
 -1.3999663E-07   1.5475414E-06  -3.1170144E-07   1.8727967E-06   2.5551693E-06   9.4757276E-06  -5.0996549E-06   1.0365467E-06  -1.0227134E-03  -1.1045262E-04  -4.2564099E-04   9.0043790E-03   1.8645431E-03   9.1482395E-04   4.9511629E-03   1.0855630E-04  -2.1550791E-04   1.5479412E-03   7.3585579E-04   3.5172191E-03   1.4795105E-03   2.9686070E-04   1.3409610E-04  -4.0472298E-04  -1.5045323E-04   1.0424843E-05   6.6934241E-08   1.1246055E-06
 -2.2940112E-08   1.5206413E-07  -1.1329153E-07  -7.9606992E-07   6.6480059E-07  -1.2198462E-07  -6.5281333E-07   7.3372705E-07  -3.5190751E-03  -7.1564296E-05   3.6888145E-04  -8.4048926E-03   3.0946293E-03   1.4633482E-03   5.1852702E-03  -4.3258131E-04   5.7666588E-04   3.7243842E-04   3.0364426E-03   6.9827457E-03   2.9686070E-04   8.5317623E-04   7.0763445E-05   7.1010427E-04   4.7140556E-05  -3.8855431E-04   2.3869959E-07   3.3819220E-07
 -7.8523895E-08  -2.0420175E-06   8.3394541E-07   2.4150093E-06  -3.6108146E-07  -4.0160943E-06   9.4574127E-06  -3.9404327E-07  -8.8813661E-03  -3.4899243E-05  -5.2096703E-04  -3.3625108E-02  -1.4012998E-02  -8.0809079E-03   4.6338642E-03   2.5634118E-03   3.5374447E-03   3.4223898E-03   7.6361820E-06   5.1137956E-03   1.3409610E-04   7.0763445E-05   7.2021633E-03  -3.4371898E-04   6.6474494E-04   4.2936617E-03   4.1997617E-07   1.6608887E-07
 -2.7481425E-07   1.4403703E-06  -3.5771516E-07  -5.6107119E-06   1.8143613E-06  -1.1183186E-05  -2.2149616E-06  -7.4017089E-07  -4.8479847E-03  -8.8968666E-05   3.4073949E-04   2.8337123E-03   3.4587559E-03   3.3686817E-03   1.1893042E-02  -7.9864543E-04  -9.9480789E-04   7.0627644E-04   2.3736201E-03   5.1081026E-03  -4.0472298E-04   7.1010427E-04  -3.4371898E-04   2.9979866E-03   6.4569155E-04  -7.1721789E-04  -3.5404458E-07  -2.7185918E-07
 -7.4355281E-07   4.5054338E-06  -9.5610729E-07  -1.2112023E-05   6.9850280E-06  -1.3954423E-05  -8.0022711E-06   8.7795264E-07   9.3802413E-03  -3.5416251E-05  -3.4836058E-03   4.0374109E-02   1.7115247E-02   5.7409543E-03   7.8388871E-03  -2.8519250E-03  -2.8311083E-03   8.2229003E-04  -9.0985019E-03  -2.6146755E-02  -1.5045323E-04   4.7140556E-05   6.6474494E-04   6.4569155E-04   6.3905210E-03   7.9957506E-03  -2.8192720E-08  -2.6123452E-07
 -3.0012256E-06   1.9525839E-05  -4.5427725E-06  -3.1706053E-05   2.4395597E-05  -2.0450372E-05  -2.6811312E-05   7.3212936E-06  -1.9996127E-02  -1.3231514E-03  -9.4995701E-03   2.6530232E-01   4.3777233E-02   1.6927002E-02   6.5842919E-02  -1.7557234E-03  -4.4644990E-03  -5.0763075E-03  -2.1682598E-02  -1.7954535E-02   1.0424843E-05  -3.8855431E-04   4.2936617E-03  -7.1721789E-04   7.9957506E-03   7.0237837E-02   4.2341225E-06   1.0026485E-06
  1.8865476E-09   1.2119615E-08   4.9146863E-10  -8.4278788E-08   2.0088724E-09  -4.0757939E-08  -6.3234287E-08  -1.4286501E-08  -2.4995874E-04   6.1113097E-06   1.4424293E-04   3.1923783E-03   3.2874512E-05   5.4350274E-04   5.0040015E-04  -9.0411973E-05   1.8384349E-04  -1.5391787E-04   3.1302863E-05   1.6690822E-04   6.6934241E-08   2.3869959E-07   4.1997617E-07  -3.5404458E-07  -2.8192720E-08   4.2341225E-06   3.7142733E-07   6.8558956E-09
 -1.8452320E-10  -8.7937109E-09  -1.8147632E-09   1.0553893E-07   1.1884966E-08   1.8095233E-07  -4.6134030E-08   9.6747325E-09   7.1108541E-04   6.5926884E-07  -2.9435293E-05   4.3518084E-04   1.0427183E-04  -3.4324688E-04  -1.2789517E-03  -1.1380796E-05   1.4182157E-05  -2.4020985E-05   4.3134010E-04   9.2617194E-04   1.1246055E-06   3.3819220E-07   1.6608887E-07  -2.7185918E-07  -2.6123452E-07   1.0026485E-06   6.8558956E-09   3.7276574E-07
