# omegabh2 omegach2 theta tau logA ns calPlanck
  4.3186878E-08  -5.4647810E-08   1.5432639E-08   1.1591105E-07   4.8208620E-07   9.2055803E-07   1.5038551E-09
 -5.4647810E-08   1.2119998E-06  -1.4553325E-09  -2.2577278E-06  -3.1166256E-06  -4.1372427E-06  -2.0451255E-07
  1.5432639E-08  -1.4553325E-09   2.2178508E-07   5.5249238E-08   3.9475556E-07   2.0188711E-07   1.4045457E-08
  1.1591105E-07  -2.2577278E-06   5.5249238E-08   5.3951417E-05   9.6142821E-05   8.9631037E-06  -9.0068784E-07
  4.8208620E-07  -3.1166256E-06   3.9475556E-07   9.6142821E-05   2.1716852E-04   2.4554504E-05   8.6000197E-06
  9.2055803E-07  -4.1372427E-06   2.0188711E-07   8.9631037E-06   2.4554504E-05   9.5504433E-05   2.4598221E-07
  1.5038551E-09  -2.0451255E-07   1.4045457E-08  -9.0068784E-07   8.6000197E-06   2.4598221E-07   5.8897927E-06
