# omegabh2 omegach2 theta tau Alens logA ns calPlanck aps100 aps143 aps217 acib217 asz143 psr cibr xi aksz dust100 dust143 dust217 dust143x217 cal0 cal2 calTE calEE
  3.6208767E-08  -1.9721961E-07   2.9828322E-08   6.8267331E-07   5.6926753E-06   9.7011737E-07   6.0864166E-07  -6.6052843E-09  -8.2643846E-04  -4.7968313E-04   1.1643808E-04  -2.1031420E-04   3.7699213E-05   1.7220905E-06  -2.6422092E-06   1.2612719E-06  -6.8342241E-05   4.6672383E-07  -4.5543756E-07   1.0014004E-06  -7.0333220E-07   5.2055860E-09  -1.6209211E-08  -2.8996261E-07  -3.2951670E-07
 -1.9721961E-07   2.5862834E-06  -2.4597841E-07  -8.5592128E-06  -4.0839998E-05  -1.0952691E-05  -6.6703113E-06   7.1748045E-08   3.4625155E-03   2.5259183E-03  -2.4683009E-04   1.0300857E-03  -1.4768926E-04  -4.0704082E-06   1.1978498E-05  -7.9678010E-06   2.9187978E-04   3.0896804E-07   4.2203951E-06  -5.7305964E-06   3.6419911E-06  -4.2637044E-08   5.0743698E-08   1.2486341E-06   5.8654840E-09
  2.9828322E-08  -2.4597841E-07   1.1145534E-07   7.8644466E-07   5.3676780E-06   1.0568324E-06   7.6142737E-07  -1.7454398E-08  -2.5772784E-04  -2.2427266E-04  -4.1060884E-06  -8.3544252E-05   2.7327902E-05  -6.1960980E-08   1.0138128E-07   4.0325765E-07  -4.3347738E-05  -4.2308725E-07  -4.1172935E-07   3.6474012E-07  -5.4621388E-07   6.5256135E-09  -8.6820942E-09  -2.3532961E-07  -5.4027004E-08
  6.8267331E-07  -8.5592128E-06   7.8644466E-07   7.4254409E-04  -1.3383702E-03   1.4599352E-03   4.5644388E-05   1.8874912E-06  -4.5701717E-02  -2.0892370E-02   1.5562358E-02  -1.4242681E-02   1.3510226E-03   1.2630001E-04  -2.2948604E-04   1.2000103E-04  -3.4812089E-03  -7.8664917E-05  -1.2564275E-04   9.4750738E-05  -4.4390796E-05  -3.0111163E-07  -9.2708477E-07  -1.4194810E-05  -1.0573540E-05
  5.6926753E-06  -4.0839998E-05   5.3676780E-06  -1.3383702E-03   6.8169114E-03  -2.7723137E-03   9.0030573E-05  -1.6361976E-05  -1.4083580E-01  -8.5548454E-02   3.3414239E-02  -4.5324303E-02   4.9912927E-03   3.6716831E-04  -7.6693922E-04   5.5634234E-04  -1.5796424E-02   3.0117716E-04  -1.8919134E-04  -1.2385435E-05  -3.9289318E-04   2.0468307E-06  -5.9940763E-06  -1.0711617E-04  -3.4814026E-05
  9.7011737E-07  -1.0952691E-05   1.0568324E-06   1.4599352E-03  -2.7723137E-03   2.9129620E-03   7.3718595E-05   1.6387277E-05  -7.8166087E-02  -3.4969635E-02   3.7408464E-02  -2.6904269E-02   2.4388470E-03   2.5927660E-04  -4.5691500E-04   2.5015504E-04  -7.1652759E-03  -1.5784003E-04  -3.1311684E-04   1.9902374E-04  -9.5738282E-05  -7.2332557E-08  -1.7270335E-06  -2.5359931E-05  -1.8605898E-05
  6.0864166E-07  -6.6703113E-06   7.6142737E-07   4.5644388E-05   9.0030573E-05   7.3718595E-05   2.8063968E-05  -9.0818153E-08  -3.1545385E-02  -1.3511354E-02   8.2823999E-03  -8.1259687E-03   7.9787691E-04   7.3060803E-05  -1.2573417E-04   8.6155277E-05  -2.5536360E-03   2.1025429E-05  -3.5656715E-05   3.8925553E-05  -3.4945485E-05  -2.9573667E-07  -4.5947035E-07  -5.1398049E-06  -4.5635171E-06
 -6.6052843E-09   7.1748045E-08  -1.7454398E-08   1.8874912E-06  -1.6361976E-05   1.6387277E-05  -9.0818153E-08   6.2489455E-06   3.3767513E-03   3.1206573E-04   8.7442461E-04   7.9982458E-04  -2.8795802E-06  -4.9824304E-06   1.1538504E-05  -6.4998430E-06   6.1155696E-05   7.5923943E-06   8.5036792E-06   4.5356111E-06  -9.8420573E-07  -2.1499180E-09  -3.0616027E-08   6.2269006E-08   2.1373957E-07
 -8.2643846E-04   3.4625155E-03  -2.5772784E-04  -4.5701717E-02  -1.4083580E-01  -7.8166087E-02  -3.1545385E-02   3.3767513E-03   6.1470971E+02   6.7670250E+01  -5.4191663E+01   3.2307895E+01  -2.5481510E+01  -9.3450543E-01  -1.4250277E-01  -3.1284847E-01   1.1354138E+01  -2.1239718E-01   3.0213687E-01  -2.4533069E-01  -1.2542347E-01   6.4354691E-03   3.0095553E-03   8.3913846E-03   1.1459498E-02
 -4.7968313E-04   2.5259183E-03  -2.2427266E-04  -2.0892370E-02  -8.5548454E-02  -3.4969635E-02  -1.3511354E-02   3.1206573E-04   6.7670250E+01   6.8575095E+01   6.5124016E+00   7.9151042E+00  -1.0543196E+00  -9.9069463E-02   4.5805788E-01   8.8408525E-01  -6.8100430E+00  -3.8789927E-02  -2.1075604E-01   4.0255572E-02   7.4558327E-02   8.7818296E-04   7.7657299E-04   6.3035328E-03   6.9016269E-03
  1.1643808E-04  -2.4683009E-04  -4.1060884E-06   1.5562358E-02   3.3414239E-02   3.7408464E-02   8.2823999E-03   8.7442461E-04  -5.4191663E+01   6.5124016E+00   1.6532584E+02  -7.7375446E+01   2.6691751E+00   2.8693506E-01  -9.4295868E-01   2.8331318E-01  -7.5153499E+00  -1.4715468E-02  -1.9411884E-01   5.1813879E-01  -1.1388645E-01   1.4193261E-03  -7.2314942E-03   1.2553320E-03   1.8169518E-03
 -2.1031420E-04   1.0300857E-03  -8.3544252E-05  -1.4242681E-02  -4.5324303E-02  -2.6904269E-02  -8.1259687E-03   7.9982458E-04   3.2307895E+01   7.9151042E+00  -7.7375446E+01   4.8474740E+01   1.2836008E+00  -2.9142489E-02   6.7190555E-01  -2.2114469E-01  -1.7281403E+00   4.8756918E-03   1.2686636E-01  -4.3108589E-01  -5.7392498E-02  -4.2872240E-04   2.8156116E-03   1.2242965E-03   1.1663667E-03
  3.7699213E-05  -1.4768926E-04   2.7327902E-05   1.3510226E-03   4.9912927E-03   2.4388470E-03   7.9787691E-04  -2.8795802E-06  -2.5481510E+01  -1.0543196E+00   2.6691751E+00   1.2836008E+00   4.2550586E+00   1.0335776E-01   1.5657127E-01  -3.0088602E-02  -3.2564886E+00  -1.1997940E-03  -1.1087846E-02   1.0876384E-02   5.1564854E-02   4.7485748E-04  -2.5095985E-04  -3.5574902E-04  -4.6540702E-04
  1.7220905E-06  -4.0704082E-06  -6.1960980E-08   1.2630001E-04   3.6716831E-04   2.5927660E-04   7.3060803E-05  -4.9824304E-06  -9.3450543E-01  -9.9069463E-02   2.8693506E-01  -2.9142489E-02   1.0335776E-01   1.7289651E-02  -1.7027350E-02   1.1686688E-02  -9.5058214E-02   4.4542060E-04  -9.1606767E-04  -2.9560190E-03   4.5369332E-03   1.6092362E-05  -3.5983885E-05  -7.6364766E-06  -1.6976742E-05
 -2.6422092E-06   1.1978498E-05   1.0138128E-07  -2.2948604E-04  -7.6693922E-04  -4.5691500E-04  -1.2573417E-04   1.1538504E-05  -1.4250277E-01   4.5805788E-01  -9.4295868E-01   6.7190555E-01   1.5657127E-01  -1.7027350E-02   7.1208343E-02   5.8086454E-03  -1.4574916E-01   1.4163137E-04   6.3339607E-03  -1.4869995E-04  -1.7399293E-02  -3.4083322E-06   8.8552499E-05   2.9546618E-06   4.4110370E-06
  1.2612719E-06  -7.9678010E-06   4.0325765E-07   1.2000103E-04   5.5634234E-04   2.5015504E-04   8.6155277E-05  -6.4998430E-06  -3.1284847E-01   8.8408525E-01   2.8331318E-01  -2.2114469E-01  -3.0088602E-02   1.1686688E-02   5.8086454E-03   8.2835117E-02   2.1588488E-02   4.2467809E-04   4.1959113E-04   7.4447065E-04   5.2323597E-04   1.4624935E-05  -7.5878333E-06  -9.8807406E-06   8.4775438E-07
 -6.8342241E-05   2.9187978E-04  -4.3347738E-05  -3.4812089E-03  -1.5796424E-02  -7.1652759E-03  -2.5536360E-03   6.1155696E-05   1.1354138E+01  -6.8100430E+00  -7.5153499E+00  -1.7281403E+00  -3.2564886E+00  -9.5058214E-02  -1.4574916E-01   2.1588488E-02   6.7777180E+00  -2.0438350E-03   4.0090794E-03  -7.2998047E-03  -4.1991288E-02  -3.7930456E-04   1.1660139E-04   3.8813651E-04   1.2214378E-04
  4.6672383E-07   3.0896804E-07  -4.2308725E-07  -7.8664917E-05   3.0117716E-04  -1.5784003E-04   2.1025429E-05   7.5923943E-06  -2.1239718E-01  -3.8789927E-02  -1.4715468E-02   4.8756918E-03  -1.1997940E-03   4.4542060E-04   1.4163137E-04   4.2467809E-04  -2.0438350E-03   3.8187665E-02   2.8944910E-03  -1.9701204E-04   1.3074669E-04   3.4854894E-05  -6.7840049E-06  -1.4074688E-05  -3.2107199E-05
 -4.5543756E-07   4.2203951E-06  -4.1172935E-07  -1.2564275E-04  -1.8919134E-04  -3.1311684E-04  -3.5656715E-05   8.5036792E-06   3.0213687E-01  -2.1075604E-01  -1.9411884E-01   1.2686636E-01  -1.1087846E-02  -9.1606767E-04   6.3339607E-03   4.1959113E-04   4.0090794E-03   2.8944910E-03   3.0304875E-02  -5.9406469E-04   5.2680442E-03  -8.0906457E-05  -4.7995611E-05  -6.2986436E-05  -7.1175815E-05
  1.0014004E-06  -5.7305964E-06   3.6474012E-07   9.4750738E-05  -1.2385435E-05   1.9902374E-04   3.8925553E-05   4.5356111E-06  -2.4533069E-01   4.0255572E-02   5.1813879E-01  -4.3108589E-01   1.0876384E-02  -2.9560190E-03  -1.4869995E-04   7.4447065E-04  -7.2998047E-03  -1.9701204E-04  -5.9406469E-04   1.0632623E-02   8.2421617E-03   4.0246915E-06   6.5895027E-05   1.5078897E-07  -3.2612170E-06
 -7.0333220E-07   3.6419911E-06  -5.4621388E-07  -4.4390796E-05  -3.9289318E-04  -9.5738282E-05  -3.4945485E-05  -9.8420573E-07  -1.2542347E-01   7.4558327E-02  -1.1388645E-01  -5.7392498E-02   5.1564854E-02   4.5369332E-03  -1.7399293E-02   5.2323597E-04  -4.1991288E-02   1.3074669E-04   5.2680442E-03   8.2421617E-03   2.6127567E-02  -3.1517444E-06   6.4257709E-05  -1.6873179E-06  -1.3110193E-06
  5.2055860E-09  -4.2637044E-08   6.5256135E-09  -3.0111163E-07   2.0468307E-06  -7.2332557E-08  -2.9573667E-07  -2.1499180E-09   6.4354691E-03   8.7818296E-04   1.4193261E-03  -4.2872240E-04   4.7485748E-04   1.6092362E-05  -3.4083322E-06   1.4624935E-05  -3.7930456E-04   3.4854894E-05  -8.0906457E-05   4.0246915E-06  -3.1517444E-06   1.0994684E-06   6.4228479E-08   3.0259518E-07   5.1300841E-07
 -1.6209211E-08   5.0743698E-08  -8.6820942E-09  -9.2708477E-07  -5.9940763E-06  -1.7270335E-06  -4.5947035E-07  -3.0616027E-08   3.0095553E-03   7.7657299E-04  -7.2314942E-03   2.8156116E-03  -2.5095985E-04  -3.5983885E-05   8.8552499E-05  -7.5878333E-06   1.1660139E-04  -6.7840049E-06  -4.7995611E-05   6.5895027E-05   6.4257709E-05   6.4228479E-08   2.4868988E-06   4.5983991E-07   3.2796046E-07
 -2.8996261E-07   1.2486341E-06  -2.3532961E-07  -1.4194810E-05  -1.0711617E-04  -2.5359931E-05  -5.1398049E-06   6.2269006E-08   8.3913846E-03   6.3035328E-03   1.2553320E-03   1.2242965E-03  -3.5574902E-04  -7.6364766E-06   2.9546618E-06  -9.8807406E-06   3.8813651E-04  -1.4074688E-05  -6.2986436E-05   1.5078897E-07  -1.6873179E-06   3.0259518E-07   4.5983991E-07   2.8280384E-05   9.6989419E-06
 -3.2951670E-07   5.8654840E-09  -5.4027004E-08  -1.0573540E-05  -3.4814026E-05  -1.8605898E-05  -4.5635171E-06   2.1373957E-07   1.1459498E-02   6.9016269E-03   1.8169518E-03   1.1663667E-03  -4.6540702E-04  -1.6976742E-05   4.4110370E-06   8.4775438E-07   1.2214378E-04  -3.2107199E-05  -7.1175815E-05  -3.2612170E-06  -1.3110193E-06   5.1300841E-07   3.2796046E-07   9.6989419E-06   2.4338744E-05
