# omegabh2 omegach2 theta tau logA ns calPlanck aps100 aps143 aps217 acib217 asz143 psr cibr xi aksz dust100 dust143 dust217 dust143x217 cal0 cal2
  3.7180153E-08  -1.1052692E-07   2.7882578E-08   4.4821059E-07   7.8682466E-07   4.0189941E-07   2.1030451E-08  -5.7327573E-04  -4.2802683E-04   1.2698732E-04  -2.1845353E-04   1.5636366E-05   1.2709305E-06  -5.3833346E-06   1.2563912E-06  -3.3528303E-05   9.7219461E-07  -1.2789350E-06   7.9229413E-07  -5.4358894E-07   6.5963067E-09  -1.1665690E-08
 -1.1052692E-07   2.2800869E-06  -2.4592415E-07  -6.1008942E-06  -6.9483714E-06  -5.2388179E-06  -6.7314568E-08   1.3556513E-03   4.9718292E-04  -4.4209979E-04   5.6790955E-04  -1.4084536E-04  -1.0336901E-07  -4.0457349E-06  -1.0275163E-05   8.1334073E-05  -2.2181255E-05   8.7355913E-06  -5.9997363E-06  -1.3206477E-06  -1.2755263E-07  -4.9637228E-08
  2.7882578E-08  -2.4592415E-07   2.0353200E-07   1.0117334E-06   1.6318916E-06   8.3966658E-07   9.3260748E-09   4.3980452E-05  -1.2013233E-04  -1.2124262E-04   2.5128649E-05   7.3222349E-06   2.5367283E-07  -2.5429996E-06  -3.6115668E-06  -1.0664864E-05   2.1563821E-06  -2.1130460E-06  -5.5251653E-07  -6.4744757E-08   1.0181690E-08   4.3740247E-09
  4.4821059E-07  -6.1008942E-06   1.0117334E-06   6.9526264E-05   1.1960911E-04   1.8980147E-05  -1.2706381E-06  -1.9739600E-02  -5.2597428E-03  -3.5429210E-04  -2.9205203E-03   7.4233916E-04  -6.4678622E-06  -1.3086503E-05  -1.8460945E-05  -1.1061029E-03   4.9232918E-05   6.7039364E-06   3.2881223E-05   3.6156355E-05  -1.3232666E-07  -2.0931335E-07
  7.8682466E-07  -6.9483714E-06   1.6318916E-06   1.1960911E-04   2.4114315E-04   2.4221578E-05   9.6661712E-06  -3.0629811E-02  -1.0523229E-02   3.5522025E-03  -5.5847832E-03   1.2148506E-03  -9.6305555E-06  -6.6877670E-05  -7.6346498E-05  -2.4286890E-03   2.2590273E-05  -3.8059598E-05   7.8119213E-05   4.2829388E-05   2.4361766E-08  -6.5029117E-07
  4.0189941E-07  -5.2388179E-06   8.3966658E-07   1.8980147E-05   2.4221578E-05   2.3638475E-05   1.3485861E-07  -2.9149795E-02  -8.5767259E-03   9.9419408E-03  -7.6687836E-03   8.7785484E-04   5.1882908E-05  -9.5561215E-05   6.0442092E-05  -2.2908208E-03   8.6207836E-05  -3.9064479E-05   4.5719519E-05  -1.0348443E-05  -1.5459304E-07  -3.5977730E-07
  2.1030451E-08  -6.7314568E-08   9.3260748E-09  -1.2706381E-06   9.6661712E-06   1.3485861E-07   6.1707616E-06   2.6145833E-03  -7.0032097E-04   2.8622873E-04   5.3493655E-04  -1.0480311E-05  -9.7586281E-06   1.2473980E-05  -1.6361397E-05   2.6283427E-04  -3.9239995E-06   1.0640483E-05   9.8751996E-06  -4.1766881E-06  -2.5974643E-08  -6.2935582E-08
 -5.7327573E-04   1.3556513E-03   4.3980452E-05  -1.9739600E-02  -3.0629811E-02  -2.9149795E-02   2.6145833E-03   6.0739767E+02   5.8453823E+01  -6.0700856E+01   3.3954169E+01  -2.4220538E+01  -8.1396514E-01   2.0617763E-02   5.9469089E-02   1.1730598E+01  -3.6386162E-01   3.3213057E-01  -2.8830583E-01  -2.5708429E-01   6.6182287E-03   2.9485927E-03
 -4.2802683E-04   4.9718292E-04  -1.2013233E-04  -5.2597428E-03  -1.0523229E-02  -8.5767259E-03  -7.0032097E-04   5.8453823E+01   6.8299212E+01   7.4397510E+00   8.5161730E+00  -2.4670894E-01   8.9024311E-03   4.9192170E-01   9.6126092E-01  -8.0875793E+00  -4.2670378E-02  -1.8851591E-01   1.9557453E-02   5.6755926E-02   7.4180701E-04   6.5364200E-04
  1.2698732E-04  -4.4209979E-04  -1.2124262E-04  -3.5429210E-04   3.5522025E-03   9.9419408E-03   2.8622873E-04  -6.0700856E+01   7.4397510E+00   1.7291274E+02  -8.3060305E+01   2.6065621E+00   3.2640851E-01  -9.9343277E-01   2.6836089E-01  -6.7251623E+00   2.4137326E-02  -2.1305401E-01   5.5736523E-01  -2.2216229E-02   1.5567852E-03  -7.8426907E-03
 -2.1845353E-04   5.6790955E-04   2.5128649E-05  -2.9205203E-03  -5.5847832E-03  -7.6687836E-03   5.3493655E-04   3.3954169E+01   8.5161730E+00  -8.3060305E+01   5.3197085E+01   1.6681532E+00  -3.7234941E-02   7.1104392E-01  -2.3637996E-01  -3.1255258E+00   7.0008730E-03   1.3441020E-01  -4.6675391E-01  -1.1473633E-01  -6.1068947E-04   3.2582713E-03
  1.5636366E-05  -1.4084536E-04   7.3222349E-06   7.4233916E-04   1.2148506E-03   8.7785484E-04  -1.0480311E-05  -2.4220538E+01  -2.4670894E-01   2.6065621E+00   1.6681532E+00   4.1646080E+00   9.4207609E-02   1.5613844E-01  -5.5256279E-02  -3.4827771E+00   2.3006258E-03  -1.5551221E-02   9.2159686E-03   3.9136287E-02   4.4697183E-04  -1.0701939E-04
  1.2709305E-06  -1.0336901E-07   2.5367283E-07  -6.4678622E-06  -9.6305555E-06   5.1882908E-05  -9.7586281E-06  -8.1396514E-01   8.9024311E-03   3.2640851E-01  -3.7234941E-02   9.4207609E-02   1.5455242E-02  -1.5671445E-02   1.0451101E-02  -1.0056125E-01   1.1745667E-03  -1.2164692E-03  -2.8161189E-03   4.7092030E-03   1.5792700E-05  -3.8715577E-05
 -5.3833346E-06  -4.0457349E-06  -2.5429996E-06  -1.3086503E-05  -6.6877670E-05  -9.5561215E-05   1.2473980E-05   2.0617763E-02   4.9192170E-01  -9.9343277E-01   7.1104392E-01   1.5613844E-01  -1.5671445E-02   6.5637039E-02   6.2432286E-03  -1.5477006E-01  -1.2557280E-03   5.5949175E-03  -1.6492148E-04  -1.7579217E-02  -6.0143416E-06   9.5780570E-05
  1.2563912E-06  -1.0275163E-05  -3.6115668E-06  -1.8460945E-05  -7.6346498E-05   6.0442092E-05  -1.6361397E-05   5.9469089E-02   9.6126092E-01   2.6836089E-01  -2.3637996E-01  -5.5256279E-02   1.0451101E-02   6.2432286E-03   8.4672385E-02   6.6981517E-02  -1.1300060E-04  -2.2044750E-04   3.9064784E-04  -4.1534464E-04   1.5777143E-05  -1.9547259E-05
 -3.3528303E-05   8.1334073E-05  -1.0664864E-05  -1.1061029E-03  -2.4286890E-03  -2.2908208E-03   2.6283427E-04   1.1730598E+01  -8.0875793E+00  -6.7251623E+00  -3.1255258E+00  -3.4827771E+00  -1.0056125E-01  -1.5477006E-01   6.6981517E-02   7.5070111E+00  -1.8703973E-02   7.6246672E-04   5.6588635E-03  -3.5215269E-02  -2.6813968E-04   1.9192937E-05
  9.7219461E-07  -2.2181255E-05   2.1563821E-06   4.9232918E-05   2.2590273E-05   8.6207836E-05  -3.9239995E-06  -3.6386162E-01  -4.2670378E-02   2.4137326E-02   7.0008730E-03   2.3006258E-03   1.1745667E-03  -1.2557280E-03  -1.1300060E-04  -1.8703973E-02   3.8019573E-02   2.8652610E-03  -8.3633068E-04   4.2088204E-04   2.8546803E-05  -2.0965040E-05
 -1.2789350E-06   8.7355913E-06  -2.1130460E-06   6.7039364E-06  -3.8059598E-05  -3.9064479E-05   1.0640483E-05   3.3213057E-01  -1.8851591E-01  -2.1305401E-01   1.3441020E-01  -1.5551221E-02  -1.2164692E-03   5.5949175E-03  -2.2044750E-04   7.6246672E-04   2.8652610E-03   2.9018721E-02  -6.7899361E-04   4.6544485E-03  -7.8623562E-05  -4.6807929E-05
  7.9229413E-07  -5.9997363E-06  -5.5251653E-07   3.2881223E-05   7.8119213E-05   4.5719519E-05   9.8751996E-06  -2.8830583E-01   1.9557453E-02   5.5736523E-01  -4.6675391E-01   9.2159686E-03  -2.8161189E-03  -1.6492148E-04   3.9064784E-04   5.6588635E-03  -8.3633068E-04  -6.7899361E-04   1.0752081E-02   8.1859003E-03   2.6788371E-06   5.7806830E-05
 -5.4358894E-07  -1.3206477E-06  -6.4744757E-08   3.6156355E-05   4.2829388E-05  -1.0348443E-05  -4.1766881E-06  -2.5708429E-01   5.6755926E-02  -2.2216229E-02  -1.1473633E-01   3.9136287E-02   4.7092030E-03  -1.7579217E-02  -4.1534464E-04  -3.5215269E-02   4.2088204E-04   4.6544485E-03   8.1859003E-03   2.5310815E-02  -8.4762720E-06   5.7616112E-05
  6.5963067E-09  -1.2755263E-07   1.0181690E-08  -1.3232666E-07   2.4361766E-08  -1.5459304E-07  -2.5974643E-08   6.6182287E-03   7.4180701E-04   1.5567852E-03  -6.1068947E-04   4.4697183E-04   1.5792700E-05  -6.0143416E-06   1.5777143E-05  -2.6813968E-04   2.8546803E-05  -7.8623562E-05   2.6788371E-06  -8.4762720E-06   1.0937664E-06   2.4692608E-08
 -1.1665690E-08  -4.9637228E-08   4.3740247E-09  -2.0931335E-07  -6.5029117E-07  -3.5977730E-07  -6.2935582E-08   2.9485927E-03   6.5364200E-04  -7.8426907E-03   3.2582713E-03  -1.0701939E-04  -3.8715577E-05   9.5780570E-05  -1.9547259E-05   1.9192937E-05  -2.0965040E-05  -4.6807929E-05   5.7806830E-05   5.7616112E-05   2.4692608E-08   2.3317526E-06
