# omegabh2 omegach2 theta tau yhe logA ns calPlanck acib217 xi asz143 aps100 aps143 aps143217 aps217 aksz kgal100 kgal143 kgal143217 kgal217 galfEE100 galfEE100143 galfEE100217 galfEE143 galfEE143217 galfEE217 galfTE100 galfTE100143 galfTE100217 galfTE143 galfTE143217 galfTE217 cal0 cal2
    0.3669227E-07   -0.6687924E-07    0.7111508E-07    0.1158917E-05    0.1721046E-05    0.2616207E-05    0.9276012E-06   -0.8123817E-08    0.4509894E-04   -0.1321076E-05   -0.3067584E-06    0.1296921E-03    0.9547816E-04    0.5164745E-04    0.2345955E-04    0.1017840E-04    0.7619940E-05    0.9242307E-06    0.3697695E-05   -0.1755888E-04    0.4303271E-07    0.5490408E-07    0.3647849E-07    0.7201160E-07   -0.1259344E-06   -0.4304819E-07    0.6715723E-08   -0.1298061E-06   -0.2405712E-06   -0.2162832E-06   -0.5310600E-06   -0.1140980E-05   -0.2800504E-09    0.2919683E-08
   -0.6687924E-07    0.1113418E-05   -0.6001347E-07   -0.5228502E-05    0.1282718E-06   -0.7648740E-05   -0.2648617E-05    0.3849500E-08    0.1751304E-03   -0.1449932E-05   -0.1070514E-03    0.8277022E-03    0.8061479E-03    0.2596922E-03    0.7230622E-04    0.1402783E-03   -0.3917726E-05   -0.1729109E-04   -0.7915923E-05    0.2876192E-04   -0.4799799E-06   -0.5301841E-06    0.5178079E-06   -0.5368450E-06    0.1292328E-06   -0.1658991E-05    0.9989050E-07    0.4185565E-07   -0.3316383E-06    0.1038944E-05    0.1712342E-05    0.7412887E-05   -0.2002788E-07    0.1826101E-07
    0.7111508E-07   -0.6001347E-07    0.2883606E-06    0.2359992E-05    0.5875746E-05    0.5981078E-05    0.2765206E-05   -0.2003720E-07    0.4876222E-03   -0.1354964E-04   -0.7839753E-04    0.1846929E-02    0.9075709E-03    0.1548176E-03   -0.1300520E-03    0.1680032E-03    0.4438748E-04    0.3425229E-04    0.5091865E-04   -0.7011664E-04    0.4758683E-07    0.8839082E-07    0.2528564E-07    0.1190965E-06   -0.7056797E-06   -0.1718197E-05   -0.1142263E-06   -0.2359127E-06   -0.9197640E-06    0.1523233E-06   -0.7286956E-06   -0.3986812E-06   -0.1594421E-07    0.3561141E-07
    0.1158917E-05   -0.5228502E-05    0.2359992E-05    0.2848294E-03    0.5352797E-04    0.5645643E-03    0.4643645E-04   -0.2045307E-05   -0.5697654E-02    0.6281842E-04    0.2121248E-02   -0.2972167E-01   -0.5324234E-02    0.6742135E-02    0.1041813E-01   -0.4029710E-02   -0.6528373E-03   -0.6312318E-03   -0.1438350E-02   -0.1794647E-02    0.1555259E-05    0.1504730E-05   -0.4666422E-05    0.3042341E-05   -0.1981894E-04   -0.5742080E-04   -0.6352993E-05   -0.4278663E-05    0.9087590E-05   -0.1880229E-04   -0.5530838E-05   -0.3645731E-04   -0.1085631E-06   -0.7081835E-06
    0.1721046E-05    0.1282718E-06    0.5875746E-05    0.5352797E-04    0.1693036E-03    0.1452590E-03    0.7213278E-04   -0.6944550E-06    0.1375632E-01   -0.3340650E-03   -0.2510453E-02    0.5128268E-01    0.2929394E-01    0.6920415E-02   -0.2481330E-02    0.4920416E-02    0.1005282E-02    0.9175663E-03    0.1865082E-02   -0.1223485E-02    0.1290325E-05    0.2579286E-05    0.2842834E-05    0.3107977E-05   -0.1799868E-04   -0.5708464E-04    0.2160052E-05   -0.3715293E-05   -0.2422309E-04    0.7834737E-06   -0.1548783E-04    0.2946506E-04   -0.6536133E-06    0.1242902E-05
    0.2616207E-05   -0.7648740E-05    0.5981078E-05    0.5645643E-03    0.1452590E-03    0.1162985E-02    0.1011816E-03    0.8259231E-05   -0.8262530E-02    0.1243535E-03    0.3455642E-02   -0.4134313E-01   -0.5183220E-03    0.1949364E-01    0.2665194E-01   -0.7513163E-02   -0.1453414E-02   -0.1689246E-02   -0.2921025E-02   -0.1949926E-02    0.2679845E-05    0.2690560E-05   -0.6579530E-05    0.7189483E-05   -0.4626853E-04   -0.1217285E-03   -0.1235567E-04   -0.9800179E-05    0.5499308E-05   -0.3360541E-04   -0.1584677E-04   -0.3424385E-04   -0.1551628E-06   -0.1124580E-05
    0.9276012E-06   -0.2648617E-05    0.2765206E-05    0.4643645E-04    0.7213278E-04    0.1011816E-03    0.4645000E-04   -0.1436647E-06    0.1433446E-02   -0.4073117E-04    0.3901257E-04   -0.1183298E-02    0.6416922E-02    0.5566330E-02    0.4442152E-02   -0.2847065E-03    0.6699263E-03    0.2276190E-03    0.3395430E-03   -0.2472979E-03    0.3040063E-05    0.3752385E-05   -0.3116891E-05    0.4152232E-05   -0.5242102E-05   -0.2579826E-04    0.4862267E-06   -0.2304799E-05   -0.5478653E-05   -0.2705733E-05   -0.8466048E-05    0.8771165E-05   -0.3605743E-06    0.1128746E-06
   -0.8123817E-08    0.3849500E-08   -0.2003720E-07   -0.2045307E-05   -0.6944550E-06    0.8259231E-05   -0.1436647E-06    0.6182321E-05    0.4919280E-03    0.1039503E-04   -0.1061675E-04    0.3432653E-02    0.4847120E-03    0.6829261E-03    0.1532902E-02   -0.5343639E-04   -0.5935782E-04   -0.1923433E-04    0.1596688E-04    0.9850290E-03    0.5069475E-06    0.4591618E-06    0.1626357E-06    0.1153511E-05   -0.6182771E-06    0.6307726E-05    0.1465655E-06    0.3141003E-06   -0.3892285E-05    0.1332750E-05   -0.2081091E-05    0.8477520E-05    0.1461900E-07    0.1453196E-08
    0.4509894E-04    0.1751304E-03    0.4876222E-03   -0.5697654E-02    0.1375632E-01   -0.8262530E-02    0.1433446E-02    0.4919280E-03    0.4300151E+02   -0.4819760E+00   -0.1946563E+01    0.4539733E+02    0.2289362E+01   -0.1992413E+02   -0.5892175E+02    0.5455908E+00   -0.9500042E-01    0.3823434E+00   -0.2205023E+01   -0.1902318E+02    0.5064106E-03    0.3419096E-03   -0.6879293E-03    0.5141127E-04   -0.3266907E-02   -0.7979285E-02    0.4227155E-03    0.3501069E-02   -0.2622056E-02    0.7426690E-02   -0.2288437E-02   -0.3227466E-02   -0.3483585E-03    0.4203572E-02
   -0.1321076E-05   -0.1449932E-05   -0.1354964E-04    0.6281842E-04   -0.3340650E-03    0.1243535E-03   -0.4073117E-04    0.1039503E-04   -0.4819760E+00    0.8123959E-01   -0.7623638E-01   -0.5223974E+00    0.9708591E+00    0.1855860E+01    0.7222240E+00    0.6795272E-01   -0.2179513E-02    0.1185989E-02    0.8656659E-01    0.8635547E-01   -0.4329977E-05   -0.1907427E-04    0.6849733E-04    0.4333316E-05    0.1189158E-03   -0.3581105E-03   -0.5626097E-04   -0.1100434E-03    0.4038460E-03   -0.3043791E-03   -0.1543248E-03   -0.3918602E-03    0.7594363E-05   -0.1418801E-04
   -0.3067584E-06   -0.1070514E-03   -0.7839753E-04    0.2121248E-02   -0.2510453E-02    0.3455642E-02    0.3901257E-04   -0.1061675E-04   -0.1946563E+01   -0.7623638E-01    0.3736694E+01   -0.2988412E+02   -0.4069300E+01    0.7586923E+01    0.6891552E+01   -0.2659334E+01   -0.2279454E+00    0.5243952E-01    0.2228070E+01    0.1969531E+01    0.1944671E-03    0.1858682E-03   -0.1647710E-02    0.5800745E-04   -0.6219026E-03    0.1079742E-02   -0.9707811E-03   -0.3267784E-03    0.4455829E-03   -0.1307446E-02    0.1087450E-02    0.4160721E-03    0.1337138E-03   -0.4211565E-03
    0.1296921E-03    0.8277022E-03    0.1846929E-02   -0.2972167E-01    0.5128268E-01   -0.4134313E-01   -0.1183298E-02    0.3432653E-02    0.4539733E+02   -0.5223974E+00   -0.2988412E+02    0.7848467E+03    0.7392839E+02   -0.5805582E+02   -0.7043967E+02    0.1406769E+02   -0.3171477E+01    0.2874428E+01   -0.1144452E+02   -0.1509344E+02   -0.3195744E-02   -0.1553064E-02    0.2454037E-01   -0.2104235E-02    0.2002285E-02   -0.4720008E-01    0.2337471E-01    0.6966911E-02   -0.2154075E-01    0.2547738E-01    0.1905675E-01    0.1368729E+00    0.6484887E-02    0.5026809E-02
    0.9547816E-04    0.8061479E-03    0.9075709E-03   -0.5324234E-02    0.2929394E-01   -0.5183220E-03    0.6416922E-02    0.4847120E-03    0.2289362E+01    0.9708591E+00   -0.4069300E+01    0.7392839E+02    0.6520141E+02    0.4627901E+02    0.1764803E+02   -0.3723230E+01   -0.1984616E+00   -0.7794702E+00    0.3884063E+01    0.3174121E+01   -0.2974805E-03   -0.4590744E-03    0.3448359E-02    0.8007182E-05   -0.2474777E-02   -0.2841102E-01    0.4331535E-02   -0.8809522E-04    0.4421977E-02   -0.3580857E-02    0.8784383E-02    0.2507141E-01   -0.7962022E-04    0.1988846E-03
    0.5164745E-04    0.2596922E-03    0.1548176E-03    0.6742135E-02    0.6920415E-02    0.1949364E-01    0.5566330E-02    0.6829261E-03   -0.1992413E+02    0.1855860E+01    0.7586923E+01   -0.5805582E+02    0.4627901E+02    0.9984724E+02    0.6592477E+02   -0.1149418E+02   -0.7919997E+00   -0.2710853E+00    0.4546426E+01    0.4274125E+01    0.2538075E-03   -0.1295107E-03   -0.4507702E-03    0.4538589E-03    0.8991393E-03   -0.2242035E-01   -0.2081627E-02   -0.4721732E-02    0.1567161E-01   -0.1443136E-01    0.6665875E-02    0.2880676E-02    0.4865682E-03   -0.2571271E-02
    0.2345955E-04    0.7230622E-04   -0.1300520E-03    0.1041813E-01   -0.2481330E-02    0.2665194E-01    0.4442152E-02    0.1532902E-02   -0.5892175E+02    0.7222240E+00    0.6891552E+01   -0.7043967E+02    0.1764803E+02    0.6592477E+02    0.1179496E+03   -0.1001813E+02   -0.3437102E+00   -0.6750887E+00   -0.1466011E+00    0.1514092E+02   -0.5099662E-03   -0.2291472E-03   -0.1555311E-02    0.4484269E-03    0.3651043E-02    0.4765570E-02    0.2018272E-02   -0.5187992E-02    0.5133877E-02   -0.1453238E-01    0.8465391E-02    0.1853592E-01    0.6413153E-03   -0.7375065E-02
    0.1017840E-04    0.1402783E-03    0.1680032E-03   -0.4029710E-02    0.4920416E-02   -0.7513163E-02   -0.2847065E-03   -0.5343639E-04    0.5455908E+00    0.6795272E-01   -0.2659334E+01    0.1406769E+02   -0.3723230E+01   -0.1149418E+02   -0.1001813E+02    0.5949278E+01    0.2338356E+00   -0.5901535E-01   -0.1601689E+01   -0.1067806E+01   -0.4685682E-03   -0.3356443E-03    0.2384110E-02   -0.1138213E-03    0.5276313E-03    0.4136571E-02    0.2753900E-03    0.4932399E-03   -0.3310982E-02    0.1467021E-02   -0.4042661E-02   -0.1115193E-01   -0.8836491E-04    0.2625090E-03
    0.7619940E-05   -0.3917726E-05    0.4438748E-04   -0.6528373E-03    0.1005282E-02   -0.1453414E-02    0.6699263E-03   -0.5935782E-04   -0.9500042E-01   -0.2179513E-02   -0.2279454E+00   -0.3171477E+01   -0.1984616E+00   -0.7919997E+00   -0.3437102E+00    0.2338356E+00    0.3555896E+01    0.5070334E+00    0.2827300E+00    0.4728206E+00    0.5316303E-04   -0.1318117E-03    0.1758483E-03    0.2264929E-04   -0.5274217E-03    0.1168171E-02   -0.7027139E-03    0.9102315E-03    0.3772175E-03    0.2065610E-02   -0.3331418E-03   -0.8799866E-02    0.2780680E-03    0.7703957E-05
    0.9242307E-06   -0.1729109E-04    0.3425229E-04   -0.6312318E-03    0.9175663E-03   -0.1689246E-02    0.2276190E-03   -0.1923433E-04    0.3823434E+00    0.1185989E-02    0.5243952E-01    0.2874428E+01   -0.7794702E+00   -0.2710853E+00   -0.6750887E+00   -0.5901535E-01    0.5070334E+00    0.3472226E+01    0.2743030E+01    0.1806414E+01   -0.1513758E-03    0.1012072E-03    0.5498694E-03    0.3775246E-04    0.5835827E-03    0.1002814E-02   -0.5105910E-03    0.6226112E-03   -0.3358463E-02    0.3636896E-03    0.1497566E-03   -0.7590320E-03   -0.3032255E-03   -0.1878175E-03
    0.3697695E-05   -0.7915923E-05    0.5091865E-04   -0.1438350E-02    0.1865082E-02   -0.2921025E-02    0.3395430E-03    0.1596688E-04   -0.2205023E+01    0.8656659E-01    0.2228070E+01   -0.1144452E+02    0.3884063E+01    0.4546426E+01   -0.1466011E+00   -0.1601689E+01    0.2827300E+00    0.2743030E+01    0.1700504E+02    0.2549149E+02   -0.1950334E-04    0.1991096E-03    0.3527927E-03   -0.2937564E-03   -0.1581509E-02   -0.6327298E-02   -0.2886778E-02    0.3580463E-03   -0.5508896E-02    0.2504104E-03    0.1202943E-02    0.9151679E-02   -0.8807338E-04    0.2448072E-02
   -0.1755888E-04    0.2876192E-04   -0.7011664E-04   -0.1794647E-02   -0.1223485E-02   -0.1949926E-02   -0.2472979E-03    0.9850290E-03   -0.1902318E+02    0.8635547E-01    0.1969531E+01   -0.1509344E+02    0.3174121E+01    0.4274125E+01    0.1514092E+02   -0.1067806E+01    0.4728206E+00    0.1806414E+01    0.2549149E+02    0.5478702E+02   -0.6513682E-04    0.1055869E-03    0.2302073E-02   -0.1212054E-03   -0.2984269E-02   -0.1252791E-01   -0.5326520E-02   -0.1726928E-02   -0.9616268E-02    0.9470286E-03   -0.2231228E-02    0.1237415E-01    0.3755020E-04    0.4469121E-02
    0.4303271E-07   -0.4799799E-06    0.4758683E-07    0.1555259E-05    0.1290325E-05    0.2679845E-05    0.3040063E-05    0.5069475E-06    0.5064106E-03   -0.4329977E-05    0.1944671E-03   -0.3195744E-02   -0.2974805E-03    0.2538075E-03   -0.5099662E-03   -0.4685682E-03    0.5316303E-04   -0.1513758E-03   -0.1950334E-04   -0.6513682E-04    0.3216448E-04    0.8415138E-05   -0.1219864E-05    0.3570436E-05    0.3677331E-05    0.7513202E-07   -0.9364065E-06    0.4051901E-06    0.1086531E-05   -0.1050021E-05   -0.4954623E-05   -0.7435332E-06    0.3907920E-09    0.1590554E-07
    0.5490408E-07   -0.5301841E-06    0.8839082E-07    0.1504730E-05    0.2579286E-05    0.2690560E-05    0.3752385E-05    0.4591618E-06    0.3419096E-03   -0.1907427E-04    0.1858682E-03   -0.1553064E-02   -0.4590744E-03   -0.1295107E-03   -0.2291472E-03   -0.3356443E-03   -0.1318117E-03    0.1012072E-03    0.1991096E-03    0.1055869E-03    0.8415138E-05    0.2482996E-04   -0.1492700E-05    0.1231378E-04   -0.1228555E-05    0.2765927E-05   -0.4239018E-06   -0.3501721E-05    0.3169226E-05   -0.7900719E-05   -0.9047355E-05   -0.5027994E-05   -0.5216387E-07   -0.1157204E-07
    0.3647849E-07    0.5178079E-06    0.2528564E-07   -0.4666422E-05    0.2842834E-05   -0.6579530E-05   -0.3116891E-05    0.1626357E-06   -0.6879293E-03    0.6849733E-04   -0.1647710E-02    0.2454037E-01    0.3448359E-02   -0.4507702E-03   -0.1555311E-02    0.2384110E-02    0.1758483E-03    0.5498694E-03    0.3527927E-03    0.2302073E-02   -0.1219864E-05   -0.1492700E-05    0.1059469E-02   -0.2225405E-05   -0.2662354E-05    0.4783922E-04   -0.9276594E-06    0.1303488E-05    0.5794084E-04   -0.9814823E-05   -0.2590889E-04   -0.1126003E-03    0.2897290E-06    0.1580775E-06
    0.7201160E-07   -0.5368450E-06    0.1190965E-06    0.3042341E-05    0.3107977E-05    0.7189483E-05    0.4152232E-05    0.1153511E-05    0.5141127E-04    0.4333316E-05    0.5800745E-04   -0.2104235E-02    0.8007182E-05    0.4538589E-03    0.4484269E-03   -0.1138213E-03    0.2264929E-04    0.3775246E-04   -0.2937564E-03   -0.1212054E-03    0.3570436E-05    0.1231378E-04   -0.2225405E-05    0.4679733E-04    0.2000122E-05    0.1116794E-04    0.3919452E-06   -0.1766201E-05    0.1527588E-05   -0.6789270E-06   -0.5614317E-05   -0.8734853E-06   -0.1423570E-06   -0.7546229E-07
   -0.1259344E-06    0.1292328E-06   -0.7056797E-06   -0.1981894E-04   -0.1799868E-04   -0.4626853E-04   -0.5242102E-05   -0.6182771E-06   -0.3266907E-02    0.1189158E-03   -0.6219026E-03    0.2002285E-02   -0.2474777E-02    0.8991393E-03    0.3651043E-02    0.5276313E-03   -0.5274217E-03    0.5835827E-03   -0.1581509E-02   -0.2984269E-02    0.3677331E-05   -0.1228555E-05   -0.2662354E-05    0.2000122E-05    0.2160770E-02    0.2203787E-03    0.6831396E-05    0.8108143E-05    0.9150100E-05    0.2969781E-04    0.8066639E-05    0.5012298E-04   -0.6395019E-06   -0.1008017E-05
   -0.4304819E-07   -0.1658991E-05   -0.1718197E-05   -0.5742080E-04   -0.5708464E-04   -0.1217285E-03   -0.2579826E-04    0.6307726E-05   -0.7979285E-02   -0.3581105E-03    0.1079742E-02   -0.4720008E-01   -0.2841102E-01   -0.2242035E-01    0.4765570E-02    0.4136571E-02    0.1168171E-02    0.1002814E-02   -0.6327298E-02   -0.1252791E-01    0.7513202E-07    0.2765927E-05    0.4783922E-04    0.1116794E-04    0.2203787E-03    0.1668301E-01    0.9739704E-04   -0.5693406E-04   -0.1515366E-03   -0.7909903E-04   -0.1341527E-03   -0.3757774E-03   -0.4455140E-06   -0.3135822E-05
    0.6715723E-08    0.9989050E-07   -0.1142263E-06   -0.6352993E-05    0.2160052E-05   -0.1235567E-04    0.4862267E-06    0.1465655E-06    0.4227155E-03   -0.5626097E-04   -0.9707811E-03    0.2337471E-01    0.4331535E-02   -0.2081627E-02    0.2018272E-02    0.2753900E-03   -0.7027139E-03   -0.5105910E-03   -0.2886778E-02   -0.5326520E-02   -0.9364065E-06   -0.4239018E-06   -0.9276594E-06    0.3919452E-06    0.6831396E-05    0.9739704E-04    0.1419372E-02    0.3084520E-03    0.1544280E-03   -0.3582759E-03   -0.1043185E-03   -0.1171880E-03    0.1528829E-06   -0.7264020E-06
   -0.1298061E-06    0.4185565E-07   -0.2359127E-06   -0.4278663E-05   -0.3715293E-05   -0.9800179E-05   -0.2304799E-05    0.3141003E-06    0.3501069E-02   -0.1100434E-03   -0.3267784E-03    0.6966911E-02   -0.8809522E-04   -0.4721732E-02   -0.5187992E-02    0.4932399E-03    0.9102315E-03    0.6226112E-03    0.3580463E-03   -0.1726928E-02    0.4051901E-06   -0.3501721E-05    0.1303488E-05   -0.1766201E-05    0.8108143E-05   -0.5693406E-04    0.3084520E-03    0.8498745E-03    0.3319475E-04    0.7373830E-03    0.2006224E-04   -0.6068411E-03   -0.2164804E-06   -0.9886136E-07
   -0.2405712E-06   -0.3316383E-06   -0.9197640E-06    0.9087590E-05   -0.2422309E-04    0.5499308E-05   -0.5478653E-05   -0.3892285E-05   -0.2622056E-02    0.4038460E-03    0.4455829E-03   -0.2154075E-01    0.4421977E-02    0.1567161E-01    0.5133877E-02   -0.3310982E-02    0.3772175E-03   -0.3358463E-02   -0.5508896E-02   -0.9616268E-02    0.1086531E-05    0.3169226E-05    0.5794084E-04    0.1527588E-05    0.9150100E-05   -0.1515366E-03    0.1544280E-03    0.3319475E-04    0.7039356E-02   -0.3297790E-03    0.5890689E-03    0.4429166E-02    0.4738884E-06   -0.2237613E-05
   -0.2162832E-06    0.1038944E-05    0.1523233E-06   -0.1880229E-04    0.7834737E-06   -0.3360541E-04   -0.2705733E-05    0.1332750E-05    0.7426690E-02   -0.3043791E-03   -0.1307446E-02    0.2547738E-01   -0.3580857E-02   -0.1443136E-01   -0.1453238E-01    0.1467021E-02    0.2065610E-02    0.3636896E-03    0.2504104E-03    0.9470286E-03   -0.1050021E-05   -0.7900719E-05   -0.9814823E-05   -0.6789270E-06    0.2969781E-04   -0.7909903E-04   -0.3582759E-03    0.7373830E-03   -0.3297790E-03    0.2900348E-02    0.5086838E-03   -0.8539599E-03    0.6389161E-06    0.6090280E-06
   -0.5310600E-06    0.1712342E-05   -0.7286956E-06   -0.5530838E-05   -0.1548783E-04   -0.1584677E-04   -0.8466048E-05   -0.2081091E-05   -0.2288437E-02   -0.1543248E-03    0.1087450E-02    0.1905675E-01    0.8784383E-02    0.6665875E-02    0.8465391E-02   -0.4042661E-02   -0.3331418E-03    0.1497566E-03    0.1202943E-02   -0.2231228E-02   -0.4954623E-05   -0.9047355E-05   -0.2590889E-04   -0.5614317E-05    0.8066639E-05   -0.1341527E-03   -0.1043185E-03    0.2006224E-04    0.5890689E-03    0.5086838E-03    0.6272098E-02    0.7032416E-02   -0.3084142E-06   -0.1881111E-05
   -0.1140980E-05    0.7412887E-05   -0.3986812E-06   -0.3645731E-04    0.2946506E-04   -0.3424385E-04    0.8771165E-05    0.8477520E-05   -0.3227466E-02   -0.3918602E-03    0.4160721E-03    0.1368729E+00    0.2507141E-01    0.2880676E-02    0.1853592E-01   -0.1115193E-01   -0.8799866E-02   -0.7590320E-03    0.9151679E-02    0.1237415E-01   -0.7435332E-06   -0.5027994E-05   -0.1126003E-03   -0.8734853E-06    0.5012298E-04   -0.3757774E-03   -0.1171880E-03   -0.6068411E-03    0.4429166E-02   -0.8539599E-03    0.7032416E-02    0.6382600E-01    0.1424498E-05   -0.3615206E-05
   -0.2800504E-09   -0.2002788E-07   -0.1594421E-07   -0.1085631E-06   -0.6536133E-06   -0.1551628E-06   -0.3605743E-06    0.1461900E-07   -0.3483585E-03    0.7594363E-05    0.1337138E-03    0.6484887E-02   -0.7962022E-04    0.4865682E-03    0.6413153E-03   -0.8836491E-04    0.2780680E-03   -0.3032255E-03   -0.8807338E-04    0.3755020E-04    0.3907920E-09   -0.5216387E-07    0.2897290E-06   -0.1423570E-06   -0.6395019E-06   -0.4455140E-06    0.1528829E-06   -0.2164804E-06    0.4738884E-06    0.6389161E-06   -0.3084142E-06    0.1424498E-05    0.5936197E-06   -0.6080646E-09
    0.2919683E-08    0.1826101E-07    0.3561141E-07   -0.7081835E-06    0.1242902E-05   -0.1124580E-05    0.1128746E-06    0.1453196E-08    0.4203572E-02   -0.1418801E-04   -0.4211565E-03    0.5026809E-02    0.1988846E-03   -0.2571271E-02   -0.7375065E-02    0.2625090E-03    0.7703957E-05   -0.1878175E-03    0.2448072E-02    0.4469121E-02    0.1590554E-07   -0.1157204E-07    0.1580775E-06   -0.7546229E-07   -0.1008017E-05   -0.3135822E-05   -0.7264020E-06   -0.9886136E-07   -0.2237613E-05    0.6090280E-06   -0.1881111E-05   -0.3615206E-05   -0.6080646E-09    0.2071558E-05
