# omegabh2 omegach2 theta tau mnu logA ns calPlanck acib217 xi asz143 aps100 aps143 aps143217 aps217 aksz kgal100 kgal143 kgal143217 kgal217 galfTE100 galfTE100143 galfTE100217 galfTE143 galfTE143217 galfTE217 cal0 cal2
  1.9854764E-08  -8.3538305E-08   1.3253855E-08   1.5924760E-07  -4.2868788E-07   2.5586993E-07   2.2010429E-07   2.8612427E-08  -2.1600629E-05   6.8238266E-07   1.1399207E-05  -2.4498428E-04  -1.9319469E-04  -8.1919329E-05  -3.2374326E-05  -2.3367631E-05  -1.0442396E-05  -8.7361583E-06  -3.1939171E-05  -6.6422427E-05   1.8845469E-07  -1.1181684E-07   1.1492984E-06  -4.9490491E-07  -2.9037994E-07  -1.1667905E-06   1.1896446E-09  -3.0159053E-09
 -8.3538305E-08   1.4438283E-06  -1.0485314E-07  -1.8231161E-06   6.8666452E-07  -2.2481374E-07  -3.4394706E-06  -4.9079886E-08  -1.2371088E-04  -1.2917174E-05   4.8527835E-05   7.5250376E-04   7.9643354E-04   3.9719281E-04   5.0194480E-04  -9.2798660E-05   4.6766578E-05  -7.3104694E-06   3.2432809E-04   7.5369093E-04  -1.1497253E-06   9.7995870E-07  -1.7562296E-06   2.8826457E-06   2.0760218E-06   4.6885938E-06   3.4267478E-09   1.2168743E-08
  1.3253855E-08  -1.0485314E-07   8.6919335E-08   3.4920844E-07  -7.6526799E-07   5.3360129E-07   3.6044363E-07  -1.8074292E-09   2.7335857E-05   5.8546303E-06  -3.4019430E-05   5.4991525E-04   5.2838501E-05  -2.1515340E-05  -8.5647244E-05   1.1516738E-05   2.1488923E-05   8.2447842E-06  -2.4146151E-05  -8.1565242E-05   2.8262319E-07   1.6279390E-07   1.1742201E-06  -3.0355792E-07  -1.6950792E-07  -5.0702979E-06   8.8901746E-09  -2.1361131E-09
  1.5924760E-07  -1.8231161E-06   3.4920844E-07   5.1021709E-05   7.8454450E-06   9.9813230E-05   6.4871669E-06   1.0781523E-06  -3.1499714E-04   4.3511166E-05  -6.2471212E-04   8.5039891E-05  -2.0963342E-03  -2.2847943E-03  -1.3444330E-03  -6.3393727E-05   3.1696994E-04  -5.8092682E-04  -1.5289270E-03  -2.0020604E-03  -1.7439023E-06   5.3269384E-06  -1.4877207E-05   2.2810364E-05   2.3361039E-06  -8.0529508E-05   1.1390874E-07  -1.3989996E-07
 -4.2868788E-07   6.8666452E-07  -7.6526799E-07   7.8454450E-06   9.8861623E-04   1.8344729E-05   1.2482196E-06   3.3867035E-06   2.6217980E-03   7.0477680E-05  -3.5282888E-04   8.3119770E-03   7.4959002E-03   4.7312275E-03  -3.5720513E-03  -5.6700531E-04   2.6336854E-03   1.7255860E-03   3.3879518E-03   7.2953295E-03  -4.3892089E-05   8.2908974E-06  -1.0404865E-04   4.8010133E-05  -1.2998841E-04  -1.6367817E-04  -7.5004368E-07   5.2929163E-07
  2.5586993E-07  -2.2481374E-07   5.3360129E-07   9.9813230E-05   1.8344729E-05   2.3106730E-04   3.9136966E-06   1.4122807E-05  -3.0296479E-03   1.3664065E-04  -1.2088890E-03  -1.1555681E-03  -2.4373143E-03  -5.9769737E-04   6.1498115E-03  -8.0751523E-04   2.8647709E-04  -1.9219960E-03  -3.2174007E-03  -6.7444678E-04   2.0283777E-06   1.5910832E-05  -2.7178468E-05   5.1775539E-05  -2.7576219E-06  -1.4808876E-04   3.7021831E-07  -2.2424732E-07
  2.2010429E-07  -3.4394706E-06   3.6044363E-07   6.4871669E-06   1.2482196E-06   3.9136966E-06   1.6241200E-05   3.5073886E-07  -1.4101032E-03   9.8753488E-05   4.8713627E-04  -1.6003661E-02  -5.5424171E-03   7.3280846E-04   1.2623364E-03  -1.5063959E-03  -3.2878219E-05  -1.5184198E-04  -1.4586197E-03  -2.4906579E-03   4.2861477E-07  -2.3412678E-06   1.0215589E-05  -2.9007880E-06  -2.9195091E-06  -4.4695647E-06  -1.1313026E-07  -1.2559647E-07
  2.8612427E-08  -4.9079886E-08  -1.8074292E-09   1.0781523E-06   3.3867035E-06   1.4122807E-05   3.5073886E-07   5.9734141E-06   1.5718663E-04   1.9256343E-05   1.1640687E-05   1.8804739E-04  -1.7407299E-04   5.8953472E-04   1.7181550E-03   1.5587427E-04  -1.1813982E-04  -5.1170141E-05  -2.9334761E-04   3.2963420E-04   2.4520443E-06   4.9553498E-07  -2.6437836E-06   2.9693491E-07  -4.9555942E-06   5.9547675E-06  -1.8162172E-08  -7.6378411E-09
 -2.1600629E-05  -1.2371088E-04   2.7335857E-05  -3.1499714E-04   2.6217980E-03  -3.0296479E-03  -1.4101032E-03   1.5718663E-04   4.4641001E+01  -3.2741748E-01  -9.2383377E-01   3.2733181E+01   1.6386083E+00  -1.2470819E+01  -5.5222600E+01  -6.4304164E-01   6.8179838E-02   7.4872203E-01  -6.1721013E+00  -3.5115474E+01  -7.9024944E-04  -1.2256427E-02  -5.0329919E-03  -2.8862824E-03  -6.8130491E-03   6.9910657E-04  -3.7621782E-04   5.3141221E-04
  6.8238266E-07  -1.2917174E-05   5.8546303E-06   4.3511166E-05   7.0477680E-05   1.3664065E-04   9.8753488E-05   1.9256343E-05  -3.2741748E-01   7.8500594E-02  -5.3641429E-02  -2.7836197E-01   9.7309835E-01   1.6671227E+00   5.7636747E-01   5.1126141E-02   2.1562394E-02   1.2876018E-02   1.0266819E-01   1.3072175E-01  -1.2956010E-04   2.2911314E-04   4.3717669E-04   4.1333827E-04   2.8572781E-04  -2.0355255E-03   1.0474709E-05   8.6060419E-06
  1.1399207E-05   4.8527835E-05  -3.4019430E-05  -6.2471212E-04  -3.5282888E-04  -1.2088890E-03   4.8713627E-04   1.1640687E-05  -9.2383377E-01  -5.3641429E-02   3.7935181E+00  -2.8092306E+01  -2.5934688E+00   7.6778593E+00   5.4936932E+00  -2.7121969E+00  -3.7264656E-01   2.3501014E-01   2.7810844E+00   3.5402069E+00   4.3035427E-04  -2.5502324E-04   2.2927093E-03   2.7641171E-04   2.1593547E-03   7.1803502E-03   7.3449541E-05  -7.0858808E-05
 -2.4498428E-04   7.5250376E-04   5.4991525E-04   8.5039891E-05   8.3119770E-03  -1.1555681E-03  -1.6003661E-02   1.8804739E-04   3.2733181E+01  -2.7836197E-01  -2.8092306E+01   7.2426824E+02   6.6081008E+01  -4.5310281E+01  -5.6699021E+01   1.0063592E+01  -3.9398527E+00   6.4362467E+00  -8.3105927E+00  -1.8798897E+01   1.5301512E-02  -5.6059211E-03  -3.1887442E-02   3.4940687E-02   2.0921665E-03  -1.8410698E-01   3.7482866E-03   7.1000765E-04
 -1.9319469E-04   7.9643354E-04   5.2838501E-05  -2.0963342E-03   7.4959002E-03  -2.4373143E-03  -5.5424171E-03  -1.7407299E-04   1.6386083E+00   9.7309835E-01  -2.5934688E+00   6.6081008E+01   5.8580508E+01   4.1314709E+01   1.4169758E+01  -5.5151551E+00   2.0796673E-01  -1.1024810E+00   4.6026336E+00   6.0180970E+00   4.1237689E-03   9.5629464E-03   7.4346592E-03   1.2228151E-02   2.0403601E-02   4.1479162E-04   2.6426100E-04   4.1172281E-04
 -8.1919329E-05   3.9719281E-04  -2.1515340E-05  -2.2847943E-03   4.7312275E-03  -5.9769737E-04   7.3280846E-04   5.8953472E-04  -1.2470819E+01   1.6671227E+00   7.6778593E+00  -4.5310281E+01   4.1314709E+01   8.5497031E+01   5.2140152E+01  -1.2041153E+01  -2.5314748E-01  -3.3810700E-01   5.9220027E+00   1.0136524E+01   2.0645552E-03   9.3202665E-03   1.7304761E-02   1.4813266E-02   1.6202970E-02   9.1131326E-03   5.8698238E-04  -7.3978211E-05
 -3.2374326E-05   5.0194480E-04  -8.5647244E-05  -1.3444330E-03  -3.5720513E-03   6.1498115E-03   1.2623364E-03   1.7181550E-03  -5.5222600E+01   5.7636747E-01   5.4936932E+00  -5.6699021E+01   1.4169758E+01   5.2140152E+01   1.0296589E+02  -8.7752468E+00  -6.4941917E-02  -1.1206695E+00   6.3345781E+00   3.6571949E+01   6.0383307E-03   1.4076689E-02   1.7888804E-02  -1.3342664E-04   8.3832512E-05  -6.1319636E-03   5.9307469E-04  -1.0331761E-03
 -2.3367631E-05  -9.2798660E-05   1.1516738E-05  -6.3393727E-05  -5.6700531E-04  -8.0751523E-04  -1.5063959E-03   1.5587427E-04  -6.4304164E-01   5.1126141E-02  -2.7121969E+00   1.0063592E+01  -5.5151551E+00  -1.2041153E+01  -8.7752468E+00   5.9459737E+00   1.4254609E-01  -3.9867281E-01  -2.3937366E+00  -2.4559513E+00  -3.4065995E-03  -4.4546424E-04  -8.8898349E-03   1.2705692E-03  -1.9840102E-03  -2.6042100E-02  -4.7305202E-05   1.2199531E-05
 -1.0442396E-05   4.6766578E-05   2.1488923E-05   3.1696994E-04   2.6336854E-03   2.8647709E-04  -3.2878219E-05  -1.1813982E-04   6.8179838E-02   2.1562394E-02  -3.7264656E-01  -3.9398527E+00   2.0796673E-01  -2.5314748E-01  -6.4941917E-02   1.4254609E-01   3.2863398E+00   5.2049200E-01  -4.7723670E-02  -2.7736664E-01   3.6531270E-04   1.5368946E-03   4.9428374E-03   5.4927162E-04  -2.1332384E-03  -8.0928455E-03   1.6210044E-04  -2.9422462E-05
 -8.7361583E-06  -7.3104694E-06   8.2447842E-06  -5.8092682E-04   1.7255860E-03  -1.9219960E-03  -1.5184198E-04  -5.1170141E-05   7.4872203E-01   1.2876018E-02   2.3501014E-01   6.4362467E+00  -1.1024810E+00  -3.3810700E-01  -1.1206695E+00  -3.9867281E-01   5.2049200E-01   3.0110386E+00   2.7025981E+00   2.4896203E+00   6.3173620E-05  -1.1051751E-03  -4.1209106E-03   8.3695076E-04  -3.8032788E-04  -2.8611392E-03  -1.3570728E-04  -8.2465081E-05
 -3.1939171E-05   3.2432809E-04  -2.4146151E-05  -1.5289270E-03   3.3879518E-03  -3.2174007E-03  -1.4586197E-03  -2.9334761E-04  -6.1721013E+00   1.0266819E-01   2.7810844E+00  -8.3105927E+00   4.6026336E+00   5.9220027E+00   6.3345781E+00  -2.3937366E+00  -4.7723670E-02   2.7025981E+00   1.1423073E+01   2.0479896E+01   9.1707187E-04   2.8483730E-03  -1.9178274E-03   6.7785851E-03   1.2121600E-02   3.0858890E-02   8.9580486E-05   3.6716657E-04
 -6.6422427E-05   7.5369093E-04  -8.1565242E-05  -2.0020604E-03   7.2953295E-03  -6.7444678E-04  -2.4906579E-03   3.2963420E-04  -3.5115474E+01   1.3072175E-01   3.5402069E+00  -1.8798897E+01   6.0180970E+00   1.0136524E+01   3.6571949E+01  -2.4559513E+00  -2.7736664E-01   2.4896203E+00   2.0479896E+01   5.6896679E+01   2.5748008E-03   1.2595452E-02  -4.1718242E-03   1.5893481E-02   3.0684499E-02   8.5740241E-02   3.6691919E-04   9.2367304E-04
  1.8845469E-07  -1.1497253E-06   2.8262319E-07  -1.7439023E-06  -4.3892089E-05   2.0283777E-06   4.2861477E-07   2.4520443E-06  -7.9024944E-04  -1.2956010E-04   4.3035427E-04   1.5301512E-02   4.1237689E-03   2.0645552E-03   6.0383307E-03  -3.4065995E-03   3.6531270E-04   6.3173620E-05   9.1707187E-04   2.5748008E-03   1.3128390E-03   2.6936550E-04   8.5245351E-05  -3.7684559E-04  -8.0559282E-05   8.0910636E-05   9.0475773E-07  -7.0534254E-07
 -1.1181684E-07   9.7995870E-07   1.6279390E-07   5.3269384E-06   8.2908974E-06   1.5910832E-05  -2.3412678E-06   4.9553498E-07  -1.2256427E-02   2.2911314E-04  -2.5502324E-04  -5.6059211E-03   9.5629464E-03   9.3202665E-03   1.4076689E-02  -4.4546424E-04   1.5368946E-03  -1.1051751E-03   2.8483730E-03   1.2595452E-02   2.6936550E-04   8.6387387E-04   6.8787088E-05   6.9358662E-04   8.4413591E-05  -3.5263486E-04  -9.5006704E-08  -9.2069710E-08
  1.1492984E-06  -1.7562296E-06   1.1742201E-06  -1.4877207E-05  -1.0404865E-04  -2.7178468E-05   1.0215589E-05  -2.6437836E-06  -5.0329919E-03   4.3717669E-04   2.2927093E-03  -3.1887442E-02   7.4346592E-03   1.7304761E-02   1.7888804E-02  -8.8898349E-03   4.9428374E-03  -4.1209106E-03  -1.9178274E-03  -4.1718242E-03   8.5245351E-05   6.8787088E-05   7.6070822E-03  -3.1836646E-04   6.3630610E-04   3.6294029E-03   3.2183168E-06  -2.2942432E-07
 -4.9490491E-07   2.8826457E-06  -3.0355792E-07   2.2810364E-05   4.8010133E-05   5.1775539E-05  -2.9007880E-06   2.9693491E-07  -2.8862824E-03   4.1333827E-04   2.7641171E-04   3.4940687E-02   1.2228151E-02   1.4813266E-02  -1.3342664E-04   1.2705692E-03   5.4927162E-04   8.3695076E-04   6.7785851E-03   1.5893481E-02  -3.7684559E-04   6.9358662E-04  -3.1836646E-04   3.0020137E-03   7.5861196E-04  -1.0618107E-03   8.3394733E-07   1.4685228E-06
 -2.9037994E-07   2.0760218E-06  -1.6950792E-07   2.3361039E-06  -1.2998841E-04  -2.7576219E-06  -2.9195091E-06  -4.9555942E-06  -6.8130491E-03   2.8572781E-04   2.1593547E-03   2.0921665E-03   2.0403601E-02   1.6202970E-02   8.3832512E-05  -1.9840102E-03  -2.1332384E-03  -3.8032788E-04   1.2121600E-02   3.0684499E-02  -8.0559282E-05   8.4413591E-05   6.3630610E-04   7.5861196E-04   6.3051502E-03   7.0928597E-03   1.0302265E-06   8.7719803E-07
 -1.1667905E-06   4.6885938E-06  -5.0702979E-06  -8.0529508E-05  -1.6367817E-04  -1.4808876E-04  -4.4695647E-06   5.9547675E-06   6.9910657E-04  -2.0355255E-03   7.1803502E-03  -1.8410698E-01   4.1479162E-04   9.1131326E-03  -6.1319636E-03  -2.6042100E-02  -8.0928455E-03  -2.8611392E-03   3.0858890E-02   8.5740241E-02   8.0910636E-05  -3.5263486E-04   3.6294029E-03  -1.0618107E-03   7.0928597E-03   7.1019346E-02   2.2805082E-07   3.7701918E-06
  1.1896446E-09   3.4267478E-09   8.8901746E-09   1.1390874E-07  -7.5004368E-07   3.7021831E-07  -1.1313026E-07  -1.8162172E-08  -3.7621782E-04   1.0474709E-05   7.3449541E-05   3.7482866E-03   2.6426100E-04   5.8698238E-04   5.9307469E-04  -4.7305202E-05   1.6210044E-04  -1.3570728E-04   8.9580486E-05   3.6691919E-04   9.0475773E-07  -9.5006704E-08   3.2183168E-06   8.3394733E-07   1.0302265E-06   2.2805082E-07   3.6291267E-07   1.1441125E-08
 -3.0159053E-09   1.2168743E-08  -2.1361131E-09  -1.3989996E-07   5.2929163E-07  -2.2424732E-07  -1.2559647E-07  -7.6378411E-09   5.3141221E-04   8.6060419E-06  -7.0858808E-05   7.1000765E-04   4.1172281E-04  -7.3978211E-05  -1.0331761E-03   1.2199531E-05  -2.9422462E-05  -8.2465081E-05   3.6716657E-04   9.2367304E-04  -7.0534254E-07  -9.2069710E-08  -2.2942432E-07   1.4685228E-06   8.7719803E-07   3.7701918E-06   1.1441125E-08   3.5899314E-07
