# omegabh2 omegach2 theta tau logA ns nrun calPlanck acib217 xi asz143 aps100 aps143 aps143217 aps217 aksz kgal100 kgal143 kgal143217 kgal217 galfTE100 galfTE100143 galfTE100217 galfTE143 galfTE143217 galfTE217 cal0 cal2
  1.9332772E-08  -5.0996813E-08   1.1299055E-08   2.6354962E-07   5.5560613E-07   1.0311726E-07  -2.6807468E-07   8.6521733E-09  -3.9471289E-06  -1.0689319E-07   7.4144658E-06  -1.4859550E-04  -1.0758010E-04  -5.7895512E-05  -2.5853819E-05  -1.1010142E-05   8.9306698E-07  -7.4700092E-06  -1.6223206E-05  -3.5356953E-05   1.3152691E-07   2.6898210E-08   4.1019203E-07  -1.4516255E-07  -6.7586687E-07  -7.5145496E-07   4.3749229E-09   1.9405704E-10
 -5.0996813E-08   8.4824291E-07  -4.4092557E-08  -1.9738305E-06  -2.1184668E-06  -2.1522337E-06  -5.9694930E-07  -1.6773992E-07   2.8201347E-04  -9.3455549E-06  -7.6416601E-05   1.2355283E-03   7.7571748E-04   2.2496107E-04  -1.2960874E-05   8.8624272E-05  -2.9856570E-05  -1.0563515E-05  -2.0139531E-05  -1.1650347E-04  -8.5836180E-07  -3.4905938E-07   2.7584686E-07   9.1273508E-07   1.6613394E-06   5.3386045E-06  -1.3552709E-08  -4.3696716E-09
  1.1299055E-08  -4.4092557E-08   8.8261127E-08   2.1271268E-07   4.0712484E-07   2.1293759E-07  -2.2865024E-08  -5.4025556E-09   2.2678204E-05  -2.3788946E-06   2.0737923E-05  -2.5146208E-04  -6.9409398E-05   1.9983397E-05   1.2423614E-05  -1.9806180E-05  -6.5980321E-06  -4.4995164E-06  -1.0072903E-05  -2.9923921E-05   2.1909724E-07   4.1767306E-07  -2.9817234E-07   1.4862573E-07  -9.7626413E-07  -1.5765083E-06  -5.2997090E-10   5.2058249E-10
  2.6354962E-07  -1.9738305E-06   2.1271268E-07   5.3988139E-05   1.0132973E-04   6.8193911E-06  -8.2640279E-06  -1.5399595E-06  -1.1095839E-03   1.7360409E-06   1.2245500E-04  -9.1574310E-03  -2.1149286E-03  -4.7430660E-04  -2.5477965E-04  -2.1016817E-04   1.7709121E-04   9.2360393E-06  -2.8882896E-05   3.5368759E-04   3.4672810E-06   1.7758723E-06   4.8352367E-08  -1.4530236E-06  -4.9370429E-06   6.4603444E-06  -1.6616763E-08   2.0605226E-07
  5.5560613E-07  -2.1184668E-06   4.0712484E-07   1.0132973E-04   2.2253783E-04   5.4167645E-06  -2.8176494E-05   8.4975348E-06   3.1851233E-04  -1.0587184E-05  -6.7692562E-04   1.7927579E-03   4.2272688E-03   2.0621312E-03   3.5873603E-03  -1.1906332E-05   1.0052543E-04  -7.2543911E-04  -8.2760348E-04   8.8801505E-04   1.4343589E-05   5.5051966E-06   2.2331497E-06  -2.1909616E-06  -1.6175787E-05   1.7303920E-05   1.1241407E-07   5.1072626E-07
  1.0311726E-07  -2.1522337E-06   2.1293759E-07   6.8193911E-06   5.4167645E-06   1.6012408E-05   8.7908798E-06   1.8920541E-07  -6.1572166E-03   1.2881503E-04   1.4501353E-03  -3.2774133E-02  -9.6895709E-03   2.1420103E-03   6.7548494E-03  -3.0312821E-03   4.4570049E-04  -3.5829987E-04  -4.4633349E-04   1.6537459E-03   1.1689688E-06   1.2054559E-06   2.7684435E-06  -6.3687425E-06  -1.7506299E-06   7.5388989E-06  -7.4464732E-08  -8.2809332E-08
 -2.6807468E-07  -5.9694930E-07  -2.2865024E-08  -8.2640279E-06  -2.8176494E-05   8.7908798E-06   4.5392265E-05   3.9640426E-08  -7.1098556E-03   1.7167231E-04   2.2564038E-03  -3.3238951E-02  -1.4648923E-02   2.4056952E-04   4.8571232E-03  -3.6656766E-03  -1.3003021E-04  -1.6865312E-04   7.6265522E-06   2.0848666E-03  -4.6093905E-06  -2.6871809E-06  -1.5177150E-05  -2.1882290E-06   1.2203800E-07  -1.6097215E-05  -1.3103765E-07  -3.4152436E-07
  8.6521733E-09  -1.6773992E-07  -5.4025556E-09  -1.5399595E-06   8.4975348E-06   1.8920541E-07   3.9640426E-08   6.0084305E-06   7.7068276E-04   1.3323151E-06  -1.6426188E-04   6.8327492E-03   1.5716132E-03   3.4929154E-04   1.1697175E-03   7.3338463E-05   3.6393294E-05  -1.1205774E-04  -1.5053022E-04   5.9386605E-04   4.2798441E-06   6.7139620E-07  -2.0545987E-06  -1.7562815E-06  -3.6384698E-06  -3.8479689E-06   6.8512117E-09   4.0486850E-08
 -3.9471289E-06   2.8201347E-04   2.2678204E-05  -1.1095839E-03   3.1851233E-04  -6.1572166E-03  -7.1098556E-03   7.7068276E-04   4.4017947E+01  -4.1126022E-01  -9.3383984E-01   4.2322085E+01   4.4747454E+00  -1.2028052E+01  -5.2837860E+01   6.2250458E-02  -2.7611475E-01   4.8710522E-01  -5.2476779E+00  -3.1417643E+01   1.3824236E-03   2.3142867E-03  -2.2109538E-03   7.3876373E-03  -9.2182197E-03   2.1438124E-03  -1.1971190E-04   8.7280348E-04
 -1.0689319E-07  -9.3455549E-06  -2.3788946E-06   1.7360409E-06  -1.0587184E-05   1.2881503E-04   1.7167231E-04   1.3323151E-06  -4.1126022E-01   7.9885763E-02  -3.8567561E-02  -5.4354052E-01   8.3606610E-01   1.6170071E+00   6.2728165E-01   3.1276169E-02  -2.7489314E-02   1.7399853E-02   1.1071106E-01   1.6214666E-01  -7.2287279E-05   5.3094874E-05  -7.7151942E-04   1.3089114E-04  -2.6717810E-04   1.3527806E-03   1.1825711E-07  -2.3832591E-06
  7.4144658E-06  -7.6416601E-05   2.0737923E-05   1.2245500E-04  -6.7692562E-04   1.4501353E-03   2.2564038E-03  -1.6426188E-04  -9.3383984E-01  -3.8567561E-02   4.0358585E+00  -3.3672815E+01  -4.4038936E+00   7.8831721E+00   5.6436749E+00  -3.0861261E+00  -3.3748192E-02   2.1246994E-01   2.5295453E+00   3.0346093E+00  -1.8623113E-04  -2.6591635E-03   8.8212819E-03  -5.1808461E-03   2.9297428E-03  -5.4487274E-03   9.8319601E-05  -4.0328059E-05
 -1.4859550E-04   1.2355283E-03  -2.5146208E-04  -9.1574310E-03   1.7927579E-03  -3.2774133E-02  -3.3238951E-02   6.8327492E-03   4.2322085E+01  -5.4354052E-01  -3.3672815E+01   8.1793769E+02   8.5049303E+01  -5.6112483E+01  -6.7882901E+01   1.8289750E+01  -7.5747441E+00   5.5714174E+00  -1.1267195E+01  -2.3266962E+01   1.3633934E-02   5.5133415E-03  -1.3489512E-01   2.3896896E-02  -4.7560919E-02   7.3999921E-02   3.9133640E-03   9.4902647E-04
 -1.0758010E-04   7.7571748E-04  -6.9409398E-05  -2.1149286E-03   4.2272688E-03  -9.6895709E-03  -1.4648923E-02   1.5716132E-03   4.4747454E+00   8.3606610E-01  -4.4038936E+00   8.5049303E+01   6.5314089E+01   3.7440583E+01   1.1640476E+01  -3.1655322E+00  -6.5372460E-01  -1.2637852E+00   3.3552309E+00   3.9624452E+00   6.0107758E-03   7.8731118E-03  -3.5865244E-02   9.2420348E-03   5.6658369E-03   1.8408702E-03   4.7857352E-05   2.9718804E-04
 -5.7895512E-05   2.2496107E-04   1.9983397E-05  -4.7430660E-04   2.0621312E-03   2.1420103E-03   2.4056952E-04   3.4929154E-04  -1.2028052E+01   1.6170071E+00   7.8831721E+00  -5.6112483E+01   3.7440583E+01   8.3661256E+01   5.2272918E+01  -1.2428224E+01  -7.2930422E-01  -3.6373814E-01   4.7350237E+00   7.5552239E+00  -1.2624527E-03  -5.5411230E-04  -1.4693902E-02  -3.6918055E-03   9.7245819E-03   1.0442100E-02   3.1270895E-04  -3.6276283E-04
 -2.5853819E-05  -1.2960874E-05   1.2423614E-05  -2.5477965E-04   3.5873603E-03   6.7548494E-03   4.8571232E-03   1.1697175E-03  -5.2837860E+01   6.2728165E-01   5.6436749E+00  -6.7882901E+01   1.1640476E+01   5.2272918E+01   1.0079413E+02  -9.8867132E+00   1.8872201E-01  -1.1151857E+00   4.6531007E+00   3.0238384E+01   2.2342466E-03  -8.6045553E-04  -7.2531661E-03  -1.0612686E-02   1.3895276E-02  -2.0214452E-03   2.8499565E-04  -1.4806800E-03
 -1.1010142E-05   8.8624272E-05  -1.9806180E-05  -2.1016817E-04  -1.1906332E-05  -3.0312821E-03  -3.6656766E-03   7.3338463E-05   6.2250458E-02   3.1276169E-02  -3.0861261E+00   1.8289750E+01  -3.1655322E+00  -1.2428224E+01  -9.8867132E+00   6.4686739E+00  -4.1565340E-02  -3.1207634E-01  -2.0837710E+00  -2.2670908E+00   5.0723669E-04   7.2184822E-04  -2.1411286E-03   4.1726730E-03  -3.5098010E-03   4.6610558E-03  -5.4179509E-05   9.8672326E-06
  8.9306698E-07  -2.9856570E-05  -6.5980321E-06   1.7709121E-04   1.0052543E-04   4.4570049E-04  -1.3003021E-04   3.6393294E-05  -2.7611475E-01  -2.7489314E-02  -3.3748192E-02  -7.5747441E+00  -6.5372460E-01  -7.2930422E-01   1.8872201E-01  -4.1565340E-02   3.3297865E+00   5.5281770E-01   2.4455794E-01   4.9132442E-01   4.6334769E-04   1.0324372E-03  -1.6235928E-03   2.3058070E-03  -1.1511698E-04  -1.8976288E-02   1.6677944E-04  -2.0279444E-06
 -7.4700092E-06  -1.0563515E-05  -4.4995164E-06   9.2360393E-06  -7.2543911E-04  -3.5829987E-04  -1.6865312E-04  -1.1205774E-04   4.8710522E-01   1.7399853E-02   2.1246994E-01   5.5714174E+00  -1.2637852E+00  -3.6373814E-01  -1.1151857E+00  -3.1207634E-01   5.5281770E-01   3.3007697E+00   2.8813038E+00   2.9933717E+00   2.2782818E-03  -1.2925733E-03  -7.2800490E-03   1.0415716E-03  -2.4272912E-03  -6.2552962E-03  -1.6496998E-04  -1.7121334E-05
 -1.6223206E-05  -2.0139531E-05  -1.0072903E-05  -2.8882896E-05  -8.2760348E-04  -4.4633349E-04   7.6265522E-06  -1.5053022E-04  -5.2476779E+00   1.1071106E-01   2.5295453E+00  -1.1267195E+01   3.3552309E+00   4.7350237E+00   4.6531007E+00  -2.0837710E+00   2.4455794E-01   2.8813038E+00   1.0675780E+01   1.8761975E+01   3.5136830E-03  -4.2563925E-03   5.8266147E-04  -5.6447163E-03   1.5636117E-03  -2.9136540E-03  -2.0132793E-05   4.2383706E-04
 -3.5356953E-05  -1.1650347E-04  -2.9923921E-05   3.5368759E-04   8.8801505E-04   1.6537459E-03   2.0848666E-03   5.9386605E-04  -3.1417643E+01   1.6214666E-01   3.0346093E+00  -2.3266962E+01   3.9624452E+00   7.5552239E+00   3.0238384E+01  -2.2670908E+00   4.9132442E-01   2.9933717E+00   1.8761975E+01   5.1253089E+01   4.0099336E-03  -6.3539839E-03   7.4725628E-03  -1.0430420E-02   8.8512631E-03  -4.4900429E-03   6.5229824E-05   8.2671044E-04
  1.3152691E-07  -8.5836180E-07   2.1909724E-07   3.4672810E-06   1.4343589E-05   1.1689688E-06  -4.6093905E-06   4.2798441E-06   1.3824236E-03  -7.2287279E-05  -1.8623113E-04   1.3633934E-02   6.0107758E-03  -1.2624527E-03   2.2342466E-03   5.0723669E-04   4.6334769E-04   2.2782818E-03   3.5136830E-03   4.0099336E-03   1.4847150E-03   2.3896300E-04   1.5127236E-04  -4.3472622E-04  -1.3270972E-04  -2.4593139E-05  -8.6829315E-07   3.9050667E-07
  2.6898210E-08  -3.4905938E-07   4.1767306E-07   1.7758723E-06   5.5051966E-06   1.2054559E-06  -2.6871809E-06   6.7139620E-07   2.3142867E-03   5.3094874E-05  -2.6591635E-03   5.5133415E-03   7.8731118E-03  -5.5411230E-04  -8.6045553E-04   7.2184822E-04   1.0324372E-03  -1.2925733E-03  -4.2563925E-03  -6.3539839E-03   2.3896300E-04   8.7931329E-04   9.7015325E-05   7.4176561E-04  -9.9312210E-06  -7.9574186E-04  -4.5294218E-07   2.5629478E-07
  4.1019203E-07   2.7584686E-07  -2.9817234E-07   4.8352367E-08   2.2331497E-06   2.7684435E-06  -1.5177150E-05  -2.0545987E-06  -2.2109538E-03  -7.7151942E-04   8.8212819E-03  -1.3489512E-01  -3.5865244E-02  -1.4693902E-02  -7.2531661E-03  -2.1411286E-03  -1.6235928E-03  -7.2800490E-03   5.8266147E-04   7.4725628E-03   1.5127236E-04   9.7015325E-05   7.2653839E-03  -1.9286541E-04   6.5657646E-04   4.3939171E-03  -7.9169766E-08   1.7337391E-06
 -1.4516255E-07   9.1273508E-07   1.4862573E-07  -1.4530236E-06  -2.1909616E-06  -6.3687425E-06  -2.1882290E-06  -1.7562815E-06   7.3876373E-03   1.3089114E-04  -5.1808461E-03   2.3896896E-02   9.2420348E-03  -3.6918055E-03  -1.0612686E-02   4.1726730E-03   2.3058070E-03   1.0415716E-03  -5.6447163E-03  -1.0430420E-02  -4.3472622E-04   7.4176561E-04  -1.9286541E-04   2.9269215E-03   5.2288740E-04  -1.2387905E-03   5.1673299E-07  -2.5550494E-07
 -6.7586687E-07   1.6613394E-06  -9.7626413E-07  -4.9370429E-06  -1.6175787E-05  -1.7506299E-06   1.2203800E-07  -3.6384698E-06  -9.2182197E-03  -2.6717810E-04   2.9297428E-03  -4.7560919E-02   5.6658369E-03   9.7245819E-03   1.3895276E-02  -3.5098010E-03  -1.1511698E-04  -2.4272912E-03   1.5636117E-03   8.8512631E-03  -1.3270972E-04  -9.9312210E-06   6.5657646E-04   5.2288740E-04   6.3834869E-03   8.2427428E-03   2.7337550E-07  -4.4605230E-07
 -7.5145496E-07   5.3386045E-06  -1.5765083E-06   6.4603444E-06   1.7303920E-05   7.5388989E-06  -1.6097215E-05  -3.8479689E-06   2.1438124E-03   1.3527806E-03  -5.4487274E-03   7.3999921E-02   1.8408702E-03   1.0442100E-02  -2.0214452E-03   4.6610558E-03  -1.8976288E-02  -6.2552962E-03  -2.9136540E-03  -4.4900429E-03  -2.4593139E-05  -7.9574186E-04   4.3939171E-03  -1.2387905E-03   8.2427428E-03   6.9498346E-02  -9.6601735E-07   3.7030507E-07
  4.3749229E-09  -1.3552709E-08  -5.2997090E-10  -1.6616763E-08   1.1241407E-07  -7.4464732E-08  -1.3103765E-07   6.8512117E-09  -1.1971190E-04   1.1825711E-07   9.8319601E-05   3.9133640E-03   4.7857352E-05   3.1270895E-04   2.8499565E-04  -5.4179509E-05   1.6677944E-04  -1.6496998E-04  -2.0132793E-05   6.5229824E-05  -8.6829315E-07  -4.5294218E-07  -7.9169766E-08   5.1673299E-07   2.7337550E-07  -9.6601735E-07   3.6724438E-07  -2.9582635E-09
  1.9405704E-10  -4.3696716E-09   5.2058249E-10   2.0605226E-07   5.1072626E-07  -8.2809332E-08  -3.4152436E-07   4.0486850E-08   8.7280348E-04  -2.3832591E-06  -4.0328059E-05   9.4902647E-04   2.9718804E-04  -3.6276283E-04  -1.4806800E-03   9.8672326E-06  -2.0279444E-06  -1.7121334E-05   4.2383706E-04   8.2671044E-04   3.9050667E-07   2.5629478E-07   1.7337391E-06  -2.5550494E-07  -4.4605230E-07   3.7030507E-07  -2.9582635E-09   3.7653149E-07
