# omegabh2 omegach2 theta mnu logA ns
  2.5139974E-07   6.3166966E-07   3.7669403E-07   8.9390423E-06  -1.9416220E-06   1.3122325E-07
  6.3166966E-07   6.6407612E-04   8.9780526E-04   2.1807288E-02  -2.8100010E-03  -4.1084093E-05
  3.7669403E-07   8.9780526E-04   1.2763899E-03   3.1586771E-02  -3.5317177E-03  -3.5086905E-06
  8.9390423E-06   2.1807288E-02   3.1586771E-02   8.7961164E-01  -7.7950947E-02   1.9081371E-03
 -1.9416220E-06  -2.8100010E-03  -3.5317177E-03  -7.7950947E-02   1.4440300E-02   6.6845069E-04
  1.3122325E-07  -4.1084093E-05  -3.5086905E-06   1.9081371E-03   6.6845069E-04   4.0229057E-04
