# omegabh2 omegach2 theta tau omegak logA ns calPlanck acib217 xi asz143 aps100 aps143 aps143217 aps217 aksz kgal100 kgal143 kgal143217 kgal217 cal0 cal2
  4.9540269E-08  -2.3186647E-07   4.7204858E-08   3.6010260E-07  -2.9030263E-07   3.7618558E-07   7.0038993E-07   4.6027640E-08  -1.6589593E-04   3.7722207E-06   4.7347210E-05  -8.0346141E-04  -5.1307051E-04  -1.5523538E-04  -4.9455906E-05  -7.2199637E-05   1.0672494E-05  -7.8111838E-06  -2.0447134E-05   3.5366775E-05   4.0627343E-09  -5.1970724E-09
 -2.3186647E-07   3.7239856E-06  -3.9096643E-07  -4.5815431E-06   4.0309302E-06  -1.6161402E-06  -8.7018251E-06  -5.2695189E-07   4.5193722E-04  -2.1434586E-05  -9.6579454E-05   2.0716000E-03   1.8693365E-03   6.6734763E-04   4.7664628E-04   2.3499266E-04   8.2652284E-06   2.0715437E-06   8.7332677E-05  -4.8064899E-05  -3.6197216E-08   8.3488042E-09
  4.7204858E-08  -3.9096643E-07   2.2609530E-07   4.6697894E-07  -5.8587229E-07   4.6910729E-07   1.1757983E-06   1.0674541E-07  -3.1979827E-05   2.4173413E-06   1.5838708E-05  -4.5515491E-04  -2.2734563E-04  -8.1089724E-05  -6.9248279E-05  -4.3263803E-05   1.6392834E-06  -1.2985897E-05  -1.4030593E-05   3.7458770E-06   1.0795482E-08   4.9523029E-09
  3.6010260E-07  -4.5815431E-06   4.6697894E-07   4.3951894E-05  -3.9133005E-06   7.5503586E-05   1.3055948E-05  -4.2837772E-07  -1.9553434E-03   3.2719063E-05   4.4556954E-04  -6.3115563E-03  -4.5333839E-03  -1.3007404E-03  -3.1593883E-04  -6.0316232E-04  -5.7064698E-05  -4.8150290E-04  -4.1536326E-04   2.0456242E-04   6.0199882E-08  -9.5414427E-08
 -2.9030263E-07   4.0309302E-06  -5.8587229E-07  -3.9133005E-06   6.2608495E-06   5.3245921E-07  -9.7127447E-06  -3.9500809E-07   5.0237783E-04  -2.1615479E-05  -1.1774924E-04   2.6778685E-03   2.3906533E-03   1.0587337E-03   9.4370430E-04   2.7039147E-04  -5.1871449E-05  -3.0129898E-05   2.8057935E-05  -1.4888966E-04  -5.0939796E-08   4.2555114E-09
  3.7618558E-07  -1.6161402E-06   4.6910729E-07   7.5503586E-05   5.3245921E-07   1.6930657E-04   7.3080278E-06   1.0297509E-05  -3.0344407E-03   7.2406430E-05   6.9034868E-04  -6.2120033E-03  -4.0641349E-03   1.1069661E-03   5.3619769E-03  -1.2343414E-03  -2.6406076E-04  -1.2622909E-03  -1.2327019E-03   1.1803536E-03   1.5548043E-07  -2.4926420E-07
  7.0038993E-07  -8.7018251E-06   1.1757983E-06   1.3055948E-05  -9.7127447E-06   7.3080278E-06   3.1483257E-05   1.3939508E-06  -6.0053070E-03   1.5105636E-04   1.3880935E-03  -3.2021183E-02  -1.1116940E-02   8.6906656E-04   4.9038994E-03  -3.1401194E-03   3.2682194E-04  -4.4971417E-04  -4.0033548E-04   1.9177692E-03  -7.6624650E-08  -1.0646595E-07
  4.6027640E-08  -5.2695189E-07   1.0674541E-07  -4.2837772E-07  -3.9500809E-07   1.0297509E-05   1.3939508E-06   6.2490616E-06   6.5909942E-04   6.3251236E-06   2.9023239E-05   3.1597680E-03   1.3805108E-04   1.0730383E-04   9.2628508E-04   1.4830786E-04   6.6046981E-05   1.4430344E-04   1.4993518E-05   6.1147148E-04  -1.9938215E-08  -4.2829857E-08
 -1.6589593E-04   4.5193722E-04  -3.1979827E-05  -1.9553434E-03   5.0237783E-04  -3.0344407E-03  -6.0053070E-03   6.5909942E-04   4.5794081E+01  -4.2730653E-01  -9.9655686E-01   4.1286688E+01   3.5482521E+00  -1.3350112E+01  -5.6008875E+01  -7.5610781E-02  -1.2686984E-01   6.1578917E-01  -5.8765303E+00  -3.3629771E+01  -1.8549178E-04   8.5153804E-04
  3.7722207E-06  -2.1434586E-05   2.4173413E-06   3.2719063E-05  -2.1615479E-05   7.2406430E-05   1.5105636E-04   6.3251236E-06  -4.2730653E-01   8.0430556E-02  -5.7808957E-02  -5.7555558E-01   7.8355033E-01   1.5171657E+00   6.1381341E-01   6.5689186E-02  -8.2550536E-03   9.6757235E-03   1.0559020E-01   1.7170652E-01   1.5236611E-06  -2.9725878E-06
  4.7347210E-05  -9.6579454E-05   1.5838708E-05   4.4556954E-04  -1.1774924E-04   6.9034868E-04   1.3880935E-03   2.9023239E-05  -9.9655686E-01  -5.7808957E-02   4.0277562E+00  -3.2082336E+01  -3.9717983E+00   7.5908970E+00   5.4185054E+00  -2.9294389E+00  -1.9646814E-01   1.2195921E-01   2.6681187E+00   3.5266109E+00   8.6484864E-05  -4.8887867E-05
 -8.0346141E-04   2.0716000E-03  -4.5515491E-04  -6.3115563E-03   2.6778685E-03  -6.2120033E-03  -3.2021183E-02   3.1597680E-03   4.1286688E+01  -5.7555558E-01  -3.2082336E+01   8.0932127E+02   7.3891742E+01  -5.7929430E+01  -6.7254255E+01   1.7539359E+01  -7.6086307E+00   5.6645672E+00  -1.3070318E+01  -2.8864294E+01   3.9011413E-03   7.1987339E-04
 -5.1307051E-04   1.8693365E-03  -2.2734563E-04  -4.5333839E-03   2.3906533E-03  -4.0641349E-03  -1.1116940E-02   1.3805108E-04   3.5482521E+00   7.8355033E-01  -3.9717983E+00   7.3891742E+01   6.2779336E+01   3.7411730E+01   1.4144163E+01  -4.5346096E+00  -8.2799337E-01  -1.3469131E+00   2.9209497E+00   3.0143073E+00   1.4592373E-05   2.6637383E-04
 -1.5523538E-04   6.6734763E-04  -8.1089724E-05  -1.3007404E-03   1.0587337E-03   1.1069661E-03   8.6906656E-04   1.0730383E-04  -1.3350112E+01   1.5171657E+00   7.5908970E+00  -5.7929430E+01   3.7411730E+01   8.0742725E+01   5.3022307E+01  -1.2121787E+01  -1.0595018E+00  -8.9178751E-01   4.7144143E+00   8.9074514E+00   2.8547796E-04  -3.3708035E-04
 -4.9455906E-05   4.7664628E-04  -6.9248279E-05  -3.1593883E-04   9.4370430E-04   5.3619769E-03   4.9038994E-03   9.2628508E-04  -5.6008875E+01   6.1381341E-01   5.4185054E+00  -6.7254255E+01   1.4144163E+01   5.3022307E+01   1.0437310E+02  -9.4000025E+00  -6.7328174E-01  -1.5233043E+00   5.4709879E+00   3.3965835E+01   3.5244577E-04  -1.4313897E-03
 -7.2199637E-05   2.3499266E-04  -4.3263803E-05  -6.0316232E-04   2.7039147E-04  -1.2343414E-03  -3.1401194E-03   1.4830786E-04  -7.5610781E-02   6.5689186E-02  -2.9294389E+00   1.7539359E+01  -4.5346096E+00  -1.2121787E+01  -9.4000025E+00   6.3236367E+00   2.1251280E-01  -8.8630143E-02  -2.0947263E+00  -2.5503611E+00  -2.3065516E-05  -2.8303193E-05
  1.0672494E-05   8.2652284E-06   1.6392834E-06  -5.7064698E-05  -5.1871449E-05  -2.6406076E-04   3.2682194E-04   6.6046981E-05  -1.2686984E-01  -8.2550536E-03  -1.9646814E-01  -7.6086307E+00  -8.2799337E-01  -1.0595018E+00  -6.7328174E-01   2.1251280E-01   3.4602044E+00   5.7110172E-01   2.3537316E-01   4.9424441E-01   1.9576543E-04   3.5069892E-06
 -7.8111838E-06   2.0715437E-06  -1.2985897E-05  -4.8150290E-04  -3.0129898E-05  -1.2622909E-03  -4.4971417E-04   1.4430344E-04   6.1578917E-01   9.6757235E-03   1.2195921E-01   5.6645672E+00  -1.3469131E+00  -8.9178751E-01  -1.5233043E+00  -8.8630143E-02   5.7110172E-01   3.1406183E+00   2.7731617E+00   2.8110013E+00  -1.6417597E-04  -3.7819626E-05
 -2.0447134E-05   8.7332677E-05  -1.4030593E-05  -4.1536326E-04   2.8057935E-05  -1.2327019E-03  -4.0033548E-04   1.4993518E-05  -5.8765303E+00   1.0559020E-01   2.6681187E+00  -1.3070318E+01   2.9209497E+00   4.7144143E+00   5.4709879E+00  -2.0947263E+00   2.3537316E-01   2.7731617E+00   1.0981563E+01   1.9585502E+01  -3.9834679E-05   3.9952701E-04
  3.5366775E-05  -4.8064899E-05   3.7458770E-06   2.0456242E-04  -1.4888966E-04   1.1803536E-03   1.9177692E-03   6.1147148E-04  -3.3629771E+01   1.7170652E-01   3.5266109E+00  -2.8864294E+01   3.0143073E+00   8.9074514E+00   3.3965835E+01  -2.5503611E+00   4.9424441E-01   2.8110013E+00   1.9585502E+01   5.3673306E+01   4.6010852E-05   8.3533703E-04
  4.0627343E-09  -3.6197216E-08   1.0795482E-08   6.0199882E-08  -5.0939796E-08   1.5548043E-07  -7.6624650E-08  -1.9938215E-08  -1.8549178E-04   1.5236611E-06   8.6484864E-05   3.9011413E-03   1.4592373E-05   2.8547796E-04   3.5244577E-04  -2.3065516E-05   1.9576543E-04  -1.6417597E-04  -3.9834679E-05   4.6010852E-05   3.7241387E-07  -1.0080470E-09
 -5.1970724E-09   8.3488042E-09   4.9523029E-09  -9.5414427E-08   4.2555114E-09  -2.4926420E-07  -1.0646595E-07  -4.2829857E-08   8.5153804E-04  -2.9725878E-06  -4.8887867E-05   7.1987339E-04   2.6637383E-04  -3.3708035E-04  -1.4313897E-03  -2.8303193E-05   3.5069892E-06  -3.7819626E-05   3.9952701E-04   8.3533703E-04  -1.0080470E-09   3.8944269E-07
