# omegabh2 omegach2 theta mnu logA ns
  2.4254569E-07   1.9543162E-07  -1.2586840E-09  -3.8168250E-06  -1.0578521E-06  -2.1783774E-07
  1.9543162E-07   1.2490560E-05   1.9944798E-07  -5.5164098E-04  -2.7155830E-04  -2.0877688E-05
 -1.2586840E-09   1.9944798E-07   3.7110461E-07   3.3704839E-06  -1.1312897E-06  -7.7032766E-08
 -3.8168250E-06  -5.5164098E-04   3.3704839E-06   3.1107204E-02   1.3443558E-02   1.0192030E-03
 -1.0578521E-06  -2.7155830E-04  -1.1312897E-06   1.3443558E-02   7.1240062E-03   7.4298710E-04
 -2.1783774E-07  -2.0877688E-05  -7.7032766E-08   1.0192030E-03   7.4298710E-04   3.7653264E-04
