# omegabh2 omegach2 theta tau w wa logA ns calPlanck aps100 aps143 aps217 acib217 asz143 psr cibr xi aksz dust100 dust143 dust217 dust143x217 cal0 cal2
  4.2257546E-08  -1.5357139E-07   3.5417971E-08   2.5576186E-07  -1.6808423E-06   2.0458794E-05   2.9082791E-07   4.8184900E-07   1.9041023E-08  -6.6535866E-04  -4.7750135E-04   7.3354569E-05  -1.9504512E-04   3.4315967E-05   1.0622082E-06  -2.7403736E-06   5.9975492E-07  -4.2633954E-05   6.6686150E-07  -4.9888887E-07   1.0034085E-06  -3.7172186E-07   5.5723164E-09  -1.4521284E-08
 -1.5357139E-07   3.2349599E-06  -2.8178739E-07  -2.4886687E-06   3.7127253E-05  -3.7604304E-04   2.5446291E-06  -6.9934129E-06  -1.4129343E-07  -2.2696560E-04   9.0296406E-04   1.2307651E-03  -2.6672195E-04  -3.5716485E-05   4.0228488E-06  -6.3864580E-06   5.5726189E-06  -3.8230035E-05  -7.2436966E-06  -3.3011229E-06   2.6892270E-06   2.3207369E-06  -5.4350088E-08  -7.0366710E-09
  3.5417971E-08  -2.8178739E-07   2.0387851E-07   3.6199020E-07  -4.9722899E-06   4.9115540E-05   2.8738898E-07   8.5669645E-07   1.9072390E-08  -7.6713214E-05  -1.1984951E-04  -8.5682653E-05  -7.9621417E-06   1.2467858E-05  -3.7558434E-07   1.3155122E-06  -3.4552280E-07   2.0771958E-06   1.1977127E-06   3.3004032E-08   4.9959925E-08  -4.2529500E-07   7.9279571E-09  -2.7844553E-09
  2.5576186E-07  -2.4886687E-06   3.6199020E-07   4.3126794E-05  -2.9431216E-05   2.9632795E-04   7.9885333E-05   7.6368313E-06  -2.8641022E-07  -7.3170645E-03  -4.0376901E-03   1.6721113E-03  -2.3378769E-03   1.3786861E-04   1.8431364E-05  -4.4462893E-05   1.7159694E-05  -3.9842510E-04  -1.8045099E-06  -1.7200211E-05   4.3967442E-06  -1.7940986E-05  -2.0435704E-08  -2.8965860E-07
 -1.6808423E-06   3.7127253E-05  -4.9722899E-06  -2.9431216E-05   6.8767583E-03  -2.7597240E-02   2.1146811E-05  -8.0257009E-05  -4.9156993E-06  -8.3108860E-03   1.2055889E-02   3.0656657E-02  -1.4759258E-02   1.0420126E-04   1.1930654E-04  -2.5384539E-04   2.8613706E-04  -3.2382891E-03  -1.4430420E-04  -1.0050152E-04   1.5293331E-04   8.5537147E-05  -1.0802166E-06  -5.1583077E-07
  2.0458794E-05  -3.7604304E-04   4.9115540E-05   2.9632795E-04  -2.7597240E-02   1.3899080E-01  -2.4186425E-04   8.3104901E-04   2.8686318E-05   3.0246454E-02  -1.3843969E-01  -2.0177178E-01   6.1789265E-02   5.8977366E-04  -7.6897191E-04   1.0590596E-03  -1.5128857E-03   1.6617930E-02   1.1844760E-03   6.5808242E-04  -7.4374029E-04  -5.3416056E-04   8.0364707E-06   2.0906250E-06
  2.9082791E-07   2.5446291E-06   2.8738898E-07   7.9885333E-05   2.1146811E-05  -2.4186425E-04   1.9440374E-04  -2.2542173E-06   1.1854768E-05  -1.0601446E-02  -4.8370180E-03   1.4612859E-02  -7.1241794E-03   2.4961835E-04   7.1222381E-05  -1.5499162E-04   1.0097025E-04  -1.8854932E-03  -5.1285520E-05  -1.4664128E-04   4.3789702E-05  -4.6903339E-05   5.2849214E-07  -6.4172146E-07
  4.8184900E-07  -6.9934129E-06   8.5669645E-07   7.6368313E-06  -8.0257009E-05   8.3104901E-04  -2.2542173E-06   2.6494220E-05   4.7127954E-07  -2.3428615E-02  -9.1344967E-03   7.3460051E-03  -5.9626590E-03   6.6866443E-04   5.8720229E-05  -9.9197555E-05   4.8186468E-05  -2.0230731E-03   3.3129312E-05  -2.0399937E-05   2.6401634E-05  -1.6983258E-05  -2.4867181E-07  -3.8131906E-07
  1.9041023E-08  -1.4129343E-07   1.9072390E-08  -2.8641022E-07  -4.9156993E-06   2.8686318E-05   1.1854768E-05   4.7127954E-07   6.3151787E-06   3.1801077E-03   4.4700065E-04   1.4511740E-03   3.7990949E-04  -2.7292274E-05  -1.3167096E-06   1.0506703E-06   8.8608187E-06   6.1853183E-06  -5.4823798E-06  -2.9762834E-06   7.4925326E-06  -1.7538324E-06   1.3792630E-08  -3.5346447E-08
 -6.6535866E-04  -2.2696560E-04  -7.6713214E-05  -7.3170645E-03  -8.3108860E-03   3.0246454E-02  -1.0601446E-02  -2.3428615E-02   3.1801077E-03   6.1582521E+02   6.0565531E+01  -5.9391429E+01   3.2438115E+01  -2.5240263E+01  -8.4536305E-01  -1.0899006E-01  -3.0851738E-01   1.1802801E+01  -1.8756554E-01   2.8669845E-01  -2.4036584E-01  -1.7190517E-01   6.6573962E-03   3.1450758E-03
 -4.7750135E-04   9.0296406E-04  -1.1984951E-04  -4.0376901E-03   1.2055889E-02  -1.3843969E-01  -4.8370180E-03  -9.1344967E-03   4.4700065E-04   6.0565531E+01   6.9199310E+01   8.3742135E+00   7.3910812E+00  -5.7522578E-01  -1.2966791E-02   4.6097832E-01   8.7716880E-01  -8.0253018E+00  -3.1584979E-02  -2.1938372E-01   5.5447949E-02   6.7123220E-02   7.7048942E-04   8.4720465E-04
  7.3354569E-05   1.2307651E-03  -8.5682653E-05   1.6721113E-03   3.0656657E-02  -2.0177178E-01   1.4612859E-02   7.3460051E-03   1.4511740E-03  -5.9391429E+01   8.3742135E+00   1.7915664E+02  -8.5146866E+01   2.2545715E+00   3.5446652E-01  -1.0786158E+00   3.4899285E-01  -7.3137384E+00  -2.5359014E-02  -2.9865998E-01   5.5751661E-01  -1.5943338E-02   1.5866018E-03  -7.8651016E-03
 -1.9504512E-04  -2.6672195E-04  -7.9621417E-06  -2.3378769E-03  -1.4759258E-02   6.1789265E-02  -7.1241794E-03  -5.9626590E-03   3.7990949E-04   3.2438115E+01   7.3910812E+00  -8.5146866E+01   5.3150042E+01   1.7995734E+00  -5.9484064E-02   7.4269382E-01  -2.6784019E-01  -2.6495498E+00   6.3202862E-03   1.8239222E-01  -4.5018540E-01  -1.0769671E-01  -5.4333479E-04   3.2141877E-03
  3.4315967E-05  -3.5716485E-05   1.2467858E-05   1.3786861E-04   1.0420126E-04   5.8977366E-04   2.4961835E-04   6.6866443E-04  -2.7292274E-05  -2.5240263E+01  -5.7522578E-01   2.2545715E+00   1.7995734E+00   4.2618352E+00   9.7277984E-02   1.5188397E-01  -4.3543218E-02  -3.5221801E+00  -2.1381426E-03  -1.5065837E-03   7.6391776E-03   4.9989861E-02   4.2637936E-04  -2.0546327E-04
  1.0622082E-06   4.0228488E-06  -3.7558434E-07   1.8431364E-05   1.1930654E-04  -7.6897191E-04   7.1222381E-05   5.8720229E-05  -1.3167096E-06  -8.4536305E-01  -1.2966791E-02   3.5446652E-01  -5.9484064E-02   9.7277984E-02   1.6309001E-02  -1.6914533E-02   1.2174565E-02  -1.0066159E-01  -2.3733718E-04  -1.2834685E-03  -2.4835655E-03   5.4246360E-03   1.6751825E-05  -3.5980181E-05
 -2.7403736E-06  -6.3864580E-06   1.3155122E-06  -4.4462893E-05  -2.5384539E-04   1.0590596E-03  -1.5499162E-04  -9.9197555E-05   1.0506703E-06  -1.0899006E-01   4.6097832E-01  -1.0786158E+00   7.4269382E-01   1.5188397E-01  -1.6914533E-02   6.7157991E-02   3.5668297E-03  -1.5623927E-01   9.9522407E-04   7.4039376E-03  -1.2870120E-04  -1.7644892E-02  -9.2916551E-06   9.7491941E-05
  5.9975492E-07   5.5726189E-06  -3.4552280E-07   1.7159694E-05   2.8613706E-04  -1.5128857E-03   1.0097025E-04   4.8186468E-05   8.8608187E-06  -3.0851738E-01   8.7716880E-01   3.4899285E-01  -2.6784019E-01  -4.3543218E-02   1.2174565E-02   3.5668297E-03   8.3053878E-02   4.8449744E-02   2.0223076E-04   4.5555428E-04   1.1667081E-03   9.5522695E-04   1.2010273E-05  -4.1043433E-06
 -4.2633954E-05  -3.8230035E-05   2.0771958E-06  -3.9842510E-04  -3.2382891E-03   1.6617930E-02  -1.8854932E-03  -2.0230731E-03   6.1853183E-06   1.1802801E+01  -8.0253018E+00  -7.3137384E+00  -2.6495498E+00  -3.5221801E+00  -1.0066159E-01  -1.5623927E-01   4.8449744E-02   7.4681794E+00   1.7787706E-03  -2.8811610E-03  -5.1556346E-03  -4.4960651E-02  -3.3942700E-04   5.0112540E-05
  6.6686150E-07  -7.2436966E-06   1.1977127E-06  -1.8045099E-06  -1.4430420E-04   1.1844760E-03  -5.1285520E-05   3.3129312E-05  -5.4823798E-06  -1.8756554E-01  -3.1584979E-02  -2.5359014E-02   6.3202862E-03  -2.1381426E-03  -2.3733718E-04   9.9522407E-04   2.0223076E-04   1.7787706E-03   3.8032676E-02   3.0763254E-03   1.3920479E-05   2.5456874E-04   3.5844485E-05  -3.1595187E-06
 -4.9888887E-07  -3.3011229E-06   3.3004032E-08  -1.7200211E-05  -1.0050152E-04   6.5808242E-04  -1.4664128E-04  -2.0399937E-05  -2.9762834E-06   2.8669845E-01  -2.1938372E-01  -2.9865998E-01   1.8239222E-01  -1.5065837E-03  -1.2834685E-03   7.4039376E-03   4.5555428E-04  -2.8811610E-03   3.0763254E-03   3.1156445E-02  -9.4977070E-04   5.1887114E-03  -8.0006142E-05  -4.4066822E-05
  1.0034085E-06   2.6892270E-06   4.9959925E-08   4.3967442E-06   1.5293331E-04  -7.4374029E-04   4.3789702E-05   2.6401634E-05   7.4925326E-06  -2.4036584E-01   5.5447949E-02   5.5751661E-01  -4.5018540E-01   7.6391776E-03  -2.4835655E-03  -1.2870120E-04   1.1667081E-03  -5.1556346E-03   1.3920479E-05  -9.4977070E-04   1.0597711E-02   8.2529358E-03   4.5160359E-06   6.3019044E-05
 -3.7172186E-07   2.3207369E-06  -4.2529500E-07  -1.7940986E-05   8.5537147E-05  -5.3416056E-04  -4.6903339E-05  -1.6983258E-05  -1.7538324E-06  -1.7190517E-01   6.7123220E-02  -1.5943338E-02  -1.0769671E-01   4.9989861E-02   5.4246360E-03  -1.7644892E-02   9.5522695E-04  -4.4960651E-02   2.5456874E-04   5.1887114E-03   8.2529358E-03   2.6159079E-02  -2.2338907E-06   5.7715971E-05
  5.5723164E-09  -5.4350088E-08   7.9279571E-09  -2.0435704E-08  -1.0802166E-06   8.0364707E-06   5.2849214E-07  -2.4867181E-07   1.3792630E-08   6.6573962E-03   7.7048942E-04   1.5866018E-03  -5.4333479E-04   4.2637936E-04   1.6751825E-05  -9.2916551E-06   1.2010273E-05  -3.3942700E-04   3.5844485E-05  -8.0006142E-05   4.5160359E-06  -2.2338907E-06   1.1023033E-06   6.6159691E-08
 -1.4521284E-08  -7.0366710E-09  -2.7844553E-09  -2.8965860E-07  -5.1583077E-07   2.0906250E-06  -6.4172146E-07  -3.8131906E-07  -3.5346447E-08   3.1450758E-03   8.4720465E-04  -7.8651016E-03   3.2141877E-03  -2.0546327E-04  -3.5980181E-05   9.7491941E-05  -4.1043433E-06   5.0112540E-05  -3.1595187E-06  -4.4066822E-05   6.3019044E-05   5.7715971E-05   6.6159691E-08   2.4823750E-06
