# omegabh2 omegach2 theta tau logA ns r calPlanck BBdust BBsync BBalphadust BBbetadust BBalphasync BBbetasync BBdustsynccorr acib217 xi asz143 aps100 aps143 aps143217 aps217 aksz kgal100 kgal143 kgal143217 kgal217 galfTE100 galfTE100143 galfTE100217 galfTE143 galfTE143217 galfTE217 cal0 cal2
  1.7815410E-08  -5.3354286E-08   1.0746066E-08   2.0286429E-07   3.8047719E-07   1.3746459E-07   5.4338027E-08   1.0951261E-08   1.7205300E-06   6.4825675E-07   1.2316628E-07  -1.6103539E-07   8.2440743E-08   4.6911066E-07  -3.2942123E-07  -7.4101162E-05   1.2431538E-06   1.6392038E-05  -3.0134438E-04  -1.8576544E-04  -6.2431224E-05   1.1150349E-05  -2.8024055E-05  -9.1113114E-07  -5.4110072E-06  -4.3544595E-06   2.1508025E-05  -9.7696663E-08  -7.1674076E-08  -1.4053414E-07  -1.5363850E-07  -4.4743402E-07  -2.0468337E-06   2.9846825E-09  -9.1173034E-10
 -5.3354286E-08   8.8315745E-07  -4.9013394E-08  -2.4153597E-06  -3.0255818E-06  -2.0008597E-06  -1.2693990E-06  -1.3009506E-07  -2.5254837E-06   3.6656299E-06  -3.9158836E-06  -6.5919584E-08   3.2039402E-06  -1.4130263E-06   2.0917254E-06   1.5889191E-04  -1.8301216E-06  -4.4427438E-05   4.4203281E-04   5.5640838E-04   2.3923029E-04   1.9292471E-05   6.0302795E-05  -4.2760759E-07   9.1512737E-07   7.0492881E-06  -5.6608349E-05  -1.7659937E-07   2.3772273E-07  -3.7185934E-07   1.3574447E-06   1.6337803E-06   8.6375211E-06  -1.3238220E-08  -6.9444671E-10
  1.0746066E-08  -4.9013394E-08   8.7523319E-08   2.1903550E-07   4.6773648E-07   2.3557202E-07   3.0529860E-08   2.5465220E-08   5.6914024E-06  -1.9225029E-06  -3.5636426E-07   5.5209416E-07   1.8505609E-07   2.8294602E-07  -1.5061465E-06  -9.2480197E-06   3.3762596E-07   3.8767143E-06  -1.2395788E-04  -1.3699225E-05   1.7590469E-06   1.3894778E-05  -1.2075155E-05   9.6934423E-06   1.6712649E-06   6.3174257E-06   1.8485825E-05   6.4701649E-08  -6.8604656E-08  -1.9124173E-07  -1.8920716E-07  -5.9588547E-08  -8.3460386E-07   1.5010181E-09   1.3191557E-09
  2.0286429E-07  -2.4153597E-06   2.1903550E-07   5.1728746E-05   9.4496424E-05   7.7988486E-06  -1.7701632E-06  -1.3037633E-06   5.0747017E-05   2.7168908E-05  -3.0795881E-05   5.8825974E-06  -1.0500429E-05  -7.9585823E-06  -7.0873424E-06  -1.8392069E-03   9.1131475E-06   4.1590373E-04  -6.6449344E-03  -4.1033327E-03  -1.2027628E-03   4.4272758E-04  -7.3830886E-04  -4.9766582E-05  -1.3901835E-04  -2.9215097E-04   3.4482078E-05   1.0196490E-06   2.4281953E-06   5.0903892E-06   1.2273715E-06  -5.2036715E-06  -2.3507666E-05   2.3577007E-08  -5.9058602E-08
  3.8047719E-07  -3.0255818E-06   4.6773648E-07   9.4496424E-05   2.0228604E-04   1.0251823E-05  -1.0485446E-05   9.3304035E-06   9.7195203E-05   6.6447442E-05  -8.7987894E-05   2.0958793E-05   9.9437375E-06  -2.8346163E-05  -9.3511647E-06  -4.0061614E-03   6.4074296E-05   8.7753073E-04  -9.8303100E-03  -6.0969617E-03   9.0173798E-04   7.3808876E-03  -2.1157732E-03  -4.0009763E-04  -6.9073632E-04  -8.1497877E-04   1.7648375E-03   4.5325793E-07   6.7556737E-06   8.9893731E-06   6.1707804E-06  -1.0288730E-05   6.3355490E-06   1.9476206E-07  -1.6505073E-07
  1.3746459E-07  -2.0008597E-06   2.3557202E-07   7.7988486E-06   1.0251823E-05   1.3437249E-05   7.2401670E-06   4.1056415E-07   3.3070389E-05   4.1437874E-06  -2.0662530E-06   1.7133776E-06  -1.4814126E-05  -1.2831167E-06  -1.3946371E-05  -4.2543121E-03   8.6285422E-05   8.8403867E-04  -2.1226692E-02  -5.7858193E-03   1.7522114E-03   4.9884523E-03  -2.0434035E-03   2.5482734E-04  -3.0810233E-04  -2.8338320E-04   1.3621985E-03   1.7970187E-06  -3.9984704E-07   6.0450093E-07  -2.6201241E-06  -2.9975872E-06  -2.1570770E-05  -7.7632026E-08  -6.4981803E-08
  5.4338027E-08  -1.2693990E-06   3.0529860E-08  -1.7701632E-06  -1.0485446E-05   7.2401670E-06   3.5490886E-04  -1.4398473E-06  -4.1915317E-04  -8.7580500E-04  -5.9242889E-05   3.1828249E-04  -1.3579381E-05  -1.4528982E-04  -8.5020714E-04  -3.5631234E-03   2.7588035E-05   7.9689533E-04  -1.5230935E-02  -3.6290868E-03   1.2186605E-03   4.5871039E-03  -1.0547026E-03  -1.1647012E-03  -3.2811053E-04   3.1573335E-04   1.6549948E-03   1.3875748E-05   4.8230915E-06  -1.6913180E-05   1.0369841E-05   1.0887250E-05   1.2261559E-05  -2.2529064E-07  -7.7155032E-08
  1.0951261E-08  -1.3009506E-07   2.5465220E-08  -1.3037633E-06   9.3304035E-06   4.1056415E-07  -1.4398473E-06   6.1251478E-06  -4.5106788E-06   3.6584501E-06  -8.1055688E-06   4.7076513E-06   1.1851880E-05  -6.2384929E-06   2.1181322E-06   4.3142196E-04   3.9632607E-06   8.7929833E-05   3.3151691E-03   4.8369461E-04   6.7482692E-04   1.7670964E-03  -4.8056207E-05   2.9348806E-06   4.8910178E-05   1.2135874E-04   9.7072373E-04   2.9364218E-07   1.0446065E-06  -1.2281122E-07   8.6227300E-07  -1.2640016E-06   2.1328402E-05   1.6995422E-08  -1.5304205E-08
  1.7205300E-06  -2.5254837E-06   5.6914024E-06   5.0747017E-05   9.7195203E-05   3.3070389E-05  -4.1915317E-04  -4.5106788E-06   1.0653847E+00   1.4260691E-02  -1.2057623E-01   4.4930593E-02  -7.5360583E-04   9.4342152E-03  -1.2177087E-02   3.7802477E-02   4.0941528E-03   8.6605039E-03   1.8915987E-02   9.3930490E-02   1.2132024E-01  -1.5909426E-02  -2.6034522E-02   1.0187533E-02  -1.6393782E-04   5.0345786E-03  -4.8781296E-02  -5.2686232E-04   3.5121748E-04   3.0064032E-04   5.3897784E-04   4.0658154E-04   4.5155920E-04   1.2558118E-07  -4.8058604E-06
  6.4825675E-07   3.6656299E-06  -1.9225029E-06   2.7168908E-05   6.6447442E-05   4.1437874E-06  -8.7580500E-04   3.6584501E-06   1.4260691E-02   1.1585037E+00  -1.5853519E-03  -2.2937234E-03   1.9511243E-02  -4.1367558E-02   4.2093340E-02  -2.9186858E-02   3.4601884E-03  -2.2349211E-02  -3.8724740E-02  -2.6400070E-03   7.5701728E-03  -2.9740564E-02   3.1703933E-02  -3.5410517E-03   1.3145212E-02   4.5661984E-03   2.5632253E-02  -4.5836073E-05   2.0923544E-05  -1.0860911E-04  -2.4723881E-04   2.9381357E-04   2.1404631E-03  -2.8291496E-06  -8.2798080E-07
  1.2316628E-07  -3.9158836E-06  -3.5636426E-07  -3.0795881E-05  -8.7987894E-05  -2.0662530E-06  -5.9242889E-05  -8.1055688E-06  -1.2057623E-01  -1.5853519E-03   6.0386364E-02  -5.5413418E-04   4.9025506E-04  -9.3391017E-05   3.0467608E-05  -9.6818092E-03  -2.6001540E-04   3.4998324E-03   3.1628442E-02  -1.8159652E-02   2.3262381E-03   1.7129026E-02   1.4107831E-03   1.2059427E-03   4.0379463E-03   5.8794358E-03   1.4690805E-02   1.3843865E-04  -6.5294514E-05  -1.4109242E-04  -1.2456091E-04  -6.5757725E-05  -4.5306803E-04   1.4900173E-06   6.7173894E-07
 -1.6103539E-07  -6.5919584E-08   5.5209416E-07   5.8825974E-06   2.0958793E-05   1.7133776E-06   3.1828249E-04   4.7076513E-06   4.4930593E-02  -2.2937234E-03  -5.5413418E-04   9.3307648E-03   2.7486905E-04  -1.2691857E-03   9.8307684E-04   4.9090283E-03   1.7361375E-04   1.1057206E-03   1.6558059E-04   3.5834952E-04   5.1976990E-03  -1.9451256E-03   2.8359105E-04  -1.6905862E-03  -1.4193308E-03  -3.2834705E-03  -9.2121921E-03  -2.3588259E-05   3.8286708E-05   7.3250781E-05   1.2787866E-04   1.4684017E-05   4.6247986E-05  -2.8638522E-07   9.3321336E-08
  8.2440743E-08   3.2039402E-06   1.8505609E-07  -1.0500429E-05   9.9437375E-06  -1.4814126E-05  -1.3579381E-05   1.1851880E-05  -7.5360583E-04   1.9511243E-02   4.9025506E-04   2.7486905E-04   8.1789197E-02  -1.5845415E-03   2.3112270E-03  -2.9013190E-03   3.8178203E-04   1.7286807E-03   8.9466783E-02   2.0053237E-03   2.0462345E-02   1.5874992E-02  -1.5189705E-03  -3.4892659E-03   1.3860814E-03   3.5797098E-03   1.0169674E-02  -4.1425865E-05   2.2410324E-05   1.7004002E-04   7.4576669E-05  -1.0214078E-04  -5.0441071E-04   2.2641093E-06   1.4337259E-06
  4.6911066E-07  -1.4130263E-06   2.8294602E-07  -7.9585823E-06  -2.8346163E-05  -1.2831167E-06  -1.4528982E-04  -6.2384929E-06   9.4342152E-03  -4.1367558E-02  -9.3391017E-05  -1.2691857E-03  -1.5845415E-03   7.6081996E-02  -4.0257326E-03   3.3051759E-03   4.7590778E-04   4.4917231E-03  -3.2876768E-02  -5.0120881E-03   7.0060549E-03  -1.5021696E-02   2.8419607E-03   8.5513094E-04  -4.9931730E-03   1.5115784E-03   3.2340737E-03  -5.5716479E-05  -7.8086686E-05   1.3595987E-04  -7.7673452E-05   1.8581614E-05   1.0925711E-03   3.0123981E-06   1.0681711E-06
 -3.2942123E-07   2.0917254E-06  -1.5061465E-06  -7.0873424E-06  -9.3511647E-06  -1.3946371E-05  -8.5020714E-04   2.1181322E-06  -1.2177087E-02   4.2093340E-02   3.0467608E-05   9.8307684E-04   2.3112270E-03  -4.0257326E-03   8.1341534E-02   3.8302115E-02   4.3944085E-04  -4.7676495E-03   8.4451367E-03   1.5281088E-02  -2.2051025E-03  -6.3328681E-02   9.1761406E-03   3.6065765E-03   6.8945636E-03   1.9666289E-03  -1.9095830E-02  -1.0741159E-04  -4.8513659E-05   2.6611850E-04   1.7990513E-04  -1.0659236E-05  -9.6027406E-04  -1.6191281E-06   1.1530362E-06
 -7.4101162E-05   1.5889191E-04  -9.2480197E-06  -1.8392069E-03  -4.0061614E-03  -4.2543121E-03  -3.5631234E-03   4.3142196E-04   3.7802477E-02  -2.9186858E-02  -9.6818092E-03   4.9090283E-03  -2.9013190E-03   3.3051759E-03   3.8302115E-02   4.4859847E+01  -3.8872282E-01  -9.3806509E-01   3.7630186E+01   2.0801888E+00  -1.3087877E+01  -5.5287535E+01  -2.7148209E-01   3.5270867E-01   5.4547473E-01  -5.9626345E+00  -3.3837151E+01  -8.3148578E-04  -3.2508820E-04  -4.1182469E-03  -3.4869508E-03   1.8580397E-03   1.9683423E-02  -1.4147002E-04   7.4373255E-04
  1.2431538E-06  -1.8301216E-06   3.3762596E-07   9.1131475E-06   6.4074296E-05   8.6285422E-05   2.7588035E-05   3.9632607E-06   4.0941528E-03   3.4601884E-03  -2.6001540E-04   1.7361375E-04   3.8178203E-04   4.7590778E-04   4.3944085E-04  -3.8872282E-01   8.1572361E-02  -4.3192400E-02  -5.7309653E-01   9.3198127E-01   1.7154304E+00   6.3297000E-01   4.7202950E-02  -9.0186545E-03   6.0175499E-03   1.0278587E-01   1.4376211E-01  -7.2164042E-05  -6.5454347E-06  -1.3476104E-05   1.1986659E-04  -1.4986036E-04  -7.7826834E-05   3.9312324E-06  -9.8402136E-07
  1.6392038E-05  -4.4427438E-05   3.8767143E-06   4.1590373E-04   8.7753073E-04   8.8403867E-04   7.9689533E-04   8.7929833E-05   8.6605039E-03  -2.2349211E-02   3.4998324E-03   1.1057206E-03   1.7286807E-03   4.4917231E-03  -4.7676495E-03  -9.3806509E-01  -4.3192400E-02   3.7128932E+00  -2.8866763E+01  -3.0720989E+00   7.3921420E+00   5.3484651E+00  -2.5998806E+00  -2.0185422E-01   1.2469798E-01   2.5409517E+00   3.2433632E+00  -3.4228966E-04  -4.4481239E-04   5.6719884E-04  -9.2910020E-04  -1.0839048E-03  -4.6936495E-04   1.0860370E-04  -5.5453466E-05
 -3.0134438E-04   4.4203281E-04  -1.2395788E-04  -6.6449344E-03  -9.8303100E-03  -2.1226692E-02  -1.5230935E-02   3.3151691E-03   1.8915987E-02  -3.8724740E-02   3.1628442E-02   1.6558059E-04   8.9466783E-02  -3.2876768E-02   8.4451367E-03   3.7630186E+01  -5.7309653E-01  -2.8866763E+01   7.6268248E+02   6.5795169E+01  -5.4018959E+01  -6.2320899E+01   1.2449764E+01  -5.4782546E+00   5.7874500E+00  -1.1475256E+01  -2.4551559E+01   3.7252542E-03  -3.1635773E-03   5.0840499E-03   6.0903800E-03   2.0801966E-02   2.3265336E-02   3.7274281E-03   6.5334121E-04
 -1.8576544E-04   5.5640838E-04  -1.3699225E-05  -4.1033327E-03  -6.0969617E-03  -5.7858193E-03  -3.6290868E-03   4.8369461E-04   9.3930490E-02  -2.6400070E-03  -1.8159652E-02   3.5834952E-04   2.0053237E-03  -5.0120881E-03   1.5281088E-02   2.0801888E+00   9.3198127E-01  -3.0720989E+00   6.5795169E+01   6.0245773E+01   4.0221597E+01   1.3951610E+01  -4.9639138E+00  -4.0212608E-01  -1.2110002E+00   3.5454500E+00   4.3115644E+00  -7.0127478E-04   8.6342593E-04  -1.2496582E-03  -7.2768821E-04  -2.1701652E-04   8.1052732E-03   4.4246587E-05   1.8451855E-04
 -6.2431224E-05   2.3923029E-04   1.7590469E-06  -1.2027628E-03   9.0173798E-04   1.7522114E-03   1.2186605E-03   6.7482692E-04   1.2132024E-01   7.5701728E-03   2.3262381E-03   5.1976990E-03   2.0462345E-02   7.0060549E-03  -2.2051025E-03  -1.3087877E+01   1.7154304E+00   7.3921420E+00  -5.4018959E+01   4.0221597E+01   8.5053639E+01   5.2253660E+01  -1.1406194E+01  -7.9766515E-01  -7.5859813E-01   4.6512124E+00   8.1477564E+00  -1.5500154E-04   2.6353677E-04   6.4396363E-03   2.1007597E-03  -1.6652991E-03  -9.9806386E-03   3.9745102E-04  -3.8236302E-04
  1.1150349E-05   1.9292471E-05   1.3894778E-05   4.4272758E-04   7.3808876E-03   4.9884523E-03   4.5871039E-03   1.7670964E-03  -1.5909426E-02  -2.9740564E-02   1.7129026E-02  -1.9451256E-03   1.5874992E-02  -1.5021696E-02  -6.3328681E-02  -5.5287535E+01   6.3297000E-01   5.3484651E+00  -6.2320899E+01   1.3951610E+01   5.2253660E+01   1.0334562E+02  -8.8200203E+00  -8.0372328E-01  -1.2024752E+00   5.5508856E+00   3.3777000E+01   2.7461808E-03   1.0245925E-03   1.0403044E-02   4.9084744E-03   2.3865795E-03  -2.2687968E-02   3.7965746E-04  -1.3921420E-03
 -2.8024055E-05   6.0302795E-05  -1.2075155E-05  -7.3830886E-04  -2.1157732E-03  -2.0434035E-03  -1.0547026E-03  -4.8056207E-05  -2.6034522E-02   3.1703933E-02   1.4107831E-03   2.8359105E-04  -1.5189705E-03   2.8419607E-03   9.1761406E-03  -2.7148209E-01   4.7202950E-02  -2.5998806E+00   1.2449764E+01  -4.9639138E+00  -1.1406194E+01  -8.8200203E+00   5.6638074E+00   1.3400610E-01  -2.3905287E-01  -2.0482042E+00  -2.2577938E+00   8.9140809E-04   1.0525797E-03  -7.7958323E-04   1.6001542E-03   4.3103072E-04   6.3116938E-03  -6.1902851E-05   6.0097459E-06
 -9.1113114E-07  -4.2760759E-07   9.6934423E-06  -4.9766582E-05  -4.0009763E-04   2.5482734E-04  -1.1647012E-03   2.9348806E-06   1.0187533E-02  -3.5410517E-03   1.2059427E-03  -1.6905862E-03  -3.4892659E-03   8.5513094E-04   3.6065765E-03   3.5270867E-01  -9.0186545E-03  -2.0185422E-01  -5.4782546E+00  -4.0212608E-01  -7.9766515E-01  -8.0372328E-01   1.3400610E-01   3.3558316E+00   5.6010472E-01   1.0570253E-01  -9.4564372E-02  -1.2482105E-03   6.2454861E-04  -5.0771599E-04   1.2863128E-03   8.6412870E-04  -5.5207659E-04   1.9194367E-04  -1.8931724E-06
 -5.4110072E-06   9.1512737E-07   1.6712649E-06  -1.3901835E-04  -6.9073632E-04  -3.0810233E-04  -3.2811053E-04   4.8910178E-05  -1.6393782E-04   1.3145212E-02   4.0379463E-03  -1.4193308E-03   1.3860814E-03  -4.9931730E-03   6.8945636E-03   5.4547473E-01   6.0175499E-03   1.2469798E-01   5.7874500E+00  -1.2110002E+00  -7.5859813E-01  -1.2024752E+00  -2.3905287E-01   5.6010472E-01   3.1287454E+00   2.6780280E+00   2.7275567E+00  -1.3861878E-03  -7.0302179E-04  -2.1761048E-03   8.4648964E-04   4.4973738E-05  -3.8604266E-03  -1.8198826E-04  -2.8648644E-05
 -4.3544595E-06   7.0492881E-06   6.3174257E-06  -2.9215097E-04  -8.1497877E-04  -2.8338320E-04   3.1573335E-04   1.2135874E-04   5.0345786E-03   4.5661984E-03   5.8794358E-03  -3.2834705E-03   3.5797098E-03   1.5115784E-03   1.9666289E-03  -5.9626345E+00   1.0278587E-01   2.5409517E+00  -1.1475256E+01   3.5454500E+00   4.6512124E+00   5.5508856E+00  -2.0482042E+00   1.0570253E-01   2.6780280E+00   1.0799625E+01   1.9490924E+01  -2.2666728E-03  -8.4941138E-04  -3.4766771E-03  -5.1802580E-04  -2.1202632E-03   3.4430612E-03  -4.9627145E-05   4.1306800E-04
  2.1508025E-05  -5.6608349E-05   1.8485825E-05   3.4482078E-05   1.7648375E-03   1.3621985E-03   1.6549948E-03   9.7072373E-04  -4.8781296E-02   2.5632253E-02   1.4690805E-02  -9.2121921E-03   1.0169674E-02   3.2340737E-03  -1.9095830E-02  -3.3837151E+01   1.4376211E-01   3.2433632E+00  -2.4551559E+01   4.3115644E+00   8.1477564E+00   3.3777000E+01  -2.2577938E+00  -9.4564372E-02   2.7275567E+00   1.9490924E+01   5.4470540E+01  -2.1637447E-03  -7.4781117E-04   8.0784032E-04   1.9733455E-03  -4.9360061E-03   9.6550939E-04  -8.4660936E-06   9.1016580E-04
 -9.7696663E-08  -1.7659937E-07   6.4701649E-08   1.0196490E-06   4.5325793E-07   1.7970187E-06   1.3875748E-05   2.9364218E-07  -5.2686232E-04  -4.5836073E-05   1.3843865E-04  -2.3588259E-05  -4.1425865E-05  -5.5716479E-05  -1.0741159E-04  -8.3148578E-04  -7.2164042E-05  -3.4228966E-04   3.7252542E-03  -7.0127478E-04  -1.5500154E-04   2.7461808E-03   8.9140809E-04  -1.2482105E-03  -1.3861878E-03  -2.2666728E-03  -2.1637447E-03   1.4751307E-03   2.7618690E-04   1.1215365E-04  -3.7275880E-04  -1.0887414E-04  -2.0532051E-04   1.6795622E-07   3.3190646E-08
 -7.1674076E-08   2.3772273E-07  -6.8604656E-08   2.4281953E-06   6.7556737E-06  -3.9984704E-07   4.8230915E-06   1.0446065E-06   3.5121748E-04   2.0923544E-05  -6.5294514E-05   3.8286708E-05   2.2410324E-05  -7.8086686E-05  -4.8513659E-05  -3.2508820E-04  -6.5454347E-06  -4.4481239E-04  -3.1635773E-03   8.6342593E-04   2.6353677E-04   1.0245925E-03   1.0525797E-03   6.2454861E-04  -7.0302179E-04  -8.4941138E-04  -7.4781117E-04   2.7618690E-04   8.5370950E-04   3.7142186E-05   7.2984315E-04   2.7599549E-05  -8.7762780E-04   1.2148105E-07   1.3307488E-07
 -1.4053414E-07  -3.7185934E-07  -1.9124173E-07   5.0903892E-06   8.9893731E-06   6.0450093E-07  -1.6913180E-05  -1.2281122E-07   3.0064032E-04  -1.0860911E-04  -1.4109242E-04   7.3250781E-05   1.7004002E-04   1.3595987E-04   2.6611850E-04  -4.1182469E-03  -1.3476104E-05   5.6719884E-04   5.0840499E-03  -1.2496582E-03   6.4396363E-03   1.0403044E-02  -7.7958323E-04  -5.0771599E-04  -2.1761048E-03  -3.4766771E-03   8.0784032E-04   1.1215365E-04   3.7142186E-05   7.2562058E-03  -3.1465856E-04   7.0093976E-04   4.8224944E-03   5.2663479E-07   2.9544501E-07
 -1.5363850E-07   1.3574447E-06  -1.8920716E-07   1.2273715E-06   6.1707804E-06  -2.6201241E-06   1.0369841E-05   8.6227300E-07   5.3897784E-04  -2.4723881E-04  -1.2456091E-04   1.2787866E-04   7.4576669E-05  -7.7673452E-05   1.7990513E-04  -3.4869508E-03   1.1986659E-04  -9.2910020E-04   6.0903800E-03  -7.2768821E-04   2.1007597E-03   4.9084744E-03   1.6001542E-03   1.2863128E-03   8.4648964E-04  -5.1802580E-04   1.9733455E-03  -3.7275880E-04   7.2984315E-04  -3.1465856E-04   2.9094505E-03   4.7751513E-04  -1.2147019E-03   3.2756604E-07   4.7173179E-08
 -4.4743402E-07   1.6337803E-06  -5.9588547E-08  -5.2036715E-06  -1.0288730E-05  -2.9975872E-06   1.0887250E-05  -1.2640016E-06   4.0658154E-04   2.9381357E-04  -6.5757725E-05   1.4684017E-05  -1.0214078E-04   1.8581614E-05  -1.0659236E-05   1.8580397E-03  -1.4986036E-04  -1.0839048E-03   2.0801966E-02  -2.1701652E-04  -1.6652991E-03   2.3865795E-03   4.3103072E-04   8.6412870E-04   4.4973738E-05  -2.1202632E-03  -4.9360061E-03  -1.0887414E-04   2.7599549E-05   7.0093976E-04   4.7751513E-04   6.3503875E-03   7.7796043E-03  -2.9023340E-07  -6.3200944E-07
 -2.0468337E-06   8.6375211E-06  -8.3460386E-07  -2.3507666E-05   6.3355490E-06  -2.1570770E-05   1.2261559E-05   2.1328402E-05   4.5155920E-04   2.1404631E-03  -4.5306803E-04   4.6247986E-05  -5.0441071E-04   1.0925711E-03  -9.6027406E-04   1.9683423E-02  -7.7826834E-05  -4.6936495E-04   2.3265336E-02   8.1052732E-03  -9.9806386E-03  -2.2687968E-02   6.3116938E-03  -5.5207659E-04  -3.8604266E-03   3.4430612E-03   9.6550939E-04  -2.0532051E-04  -8.7762780E-04   4.8224944E-03  -1.2147019E-03   7.7796043E-03   7.2872989E-02  -3.0079670E-07  -1.6697993E-07
  2.9846825E-09  -1.3238220E-08   1.5010181E-09   2.3577007E-08   1.9476206E-07  -7.7632026E-08  -2.2529064E-07   1.6995422E-08   1.2558118E-07  -2.8291496E-06   1.4900173E-06  -2.8638522E-07   2.2641093E-06   3.0123981E-06  -1.6191281E-06  -1.4147002E-04   3.9312324E-06   1.0860370E-04   3.7274281E-03   4.4246587E-05   3.9745102E-04   3.7965746E-04  -6.1902851E-05   1.9194367E-04  -1.8198826E-04  -4.9627145E-05  -8.4660936E-06   1.6795622E-07   1.2148105E-07   5.2663479E-07   3.2756604E-07  -2.9023340E-07  -3.0079670E-07   3.8127325E-07  -4.3719151E-09
 -9.1173034E-10  -6.9444671E-10   1.3191557E-09  -5.9058602E-08  -1.6505073E-07  -6.4981803E-08  -7.7155032E-08  -1.5304205E-08  -4.8058604E-06  -8.2798080E-07   6.7173894E-07   9.3321336E-08   1.4337259E-06   1.0681711E-06   1.1530362E-06   7.4373255E-04  -9.8402136E-07  -5.5453466E-05   6.5334121E-04   1.8451855E-04  -3.8236302E-04  -1.3921420E-03   6.0097459E-06  -1.8931724E-06  -2.8648644E-05   4.1306800E-04   9.1016580E-04   3.3190646E-08   1.3307488E-07   2.9544501E-07   4.7173179E-08  -6.3200944E-07  -1.6697993E-07  -4.3719151E-09   3.8329004E-07
