# omegabh2 omegach2 theta tau nnu logA ns calPlanck acib217 xi asz143 aps100 aps143 aps143217 aps217 aksz kgal100 kgal143 kgal143217 kgal217 galfTE100 galfTE100143 galfTE100217 galfTE143 galfTE143217 galfTE217 cal0 cal2
  4.8636276E-08   3.2820609E-07  -3.4673337E-08   3.1568085E-07   3.0971352E-05   1.6582637E-06   1.4813651E-06   2.1771001E-08   7.9088209E-05  -1.2933734E-06   8.5986465E-06   1.7055545E-04   4.5568646E-05   2.5629220E-05  -4.3120837E-05   2.7557047E-05   1.4124483E-05   2.6291465E-05   2.5462706E-05  -1.0070270E-05  -2.7436833E-08  -7.5286056E-09  -3.5859154E-07  -3.5727810E-07  -7.7237913E-07  -2.7497527E-06   1.3763341E-09   1.2994243E-09
  3.2820609E-07   8.5180670E-06  -9.2647406E-07   3.7675406E-07   4.8816274E-04   2.3319470E-05   1.5243576E-05   3.3468547E-08   2.1344953E-03  -3.0113668E-05  -3.7258323E-04   9.7724180E-03   5.9012329E-03   2.2816769E-03   2.3905484E-04   8.4758534E-04   1.8432854E-04   3.3618932E-04   5.7214885E-04  -3.7412467E-05   3.1541857E-07   4.9587268E-08  -5.6764679E-06   1.0919277E-07   5.1201811E-07   1.4463368E-05  -3.4811312E-08   5.1257656E-08
 -3.4673337E-08  -9.2647406E-07   1.8838718E-07  -1.1961959E-08  -5.6418270E-05  -2.3843972E-06  -1.7715780E-06   7.9930445E-09  -2.8193741E-04   4.4336009E-06   3.9167313E-05  -1.0776964E-03  -6.5025443E-04  -2.3154166E-04   3.7571494E-05  -8.9549464E-05  -1.6259134E-05  -4.0192945E-05  -6.1198476E-05   2.9947555E-05  -9.3105321E-08  -9.0537973E-08   5.5082566E-07   7.6857914E-08  -4.4648463E-07  -2.5849199E-06   7.9903434E-09  -7.2897218E-09
  3.1568085E-07   3.7675406E-07  -1.1961959E-08   4.2716593E-05   1.5588784E-04   8.7416167E-05   1.2594383E-05   1.8824425E-07  -3.8888031E-04   2.0899405E-05   4.0772151E-04  -6.2722549E-03  -2.2524939E-03   5.9649884E-04   4.3594603E-04  -6.4009647E-04  -5.7938705E-05  -2.1565943E-04  -3.6988014E-04  -3.0591051E-04   1.5629404E-06   1.1203122E-06  -5.3661147E-06  -1.9643885E-06  -9.7317207E-06  -3.5686417E-05   2.3538829E-08  -2.4179980E-09
  3.0971352E-05   4.8816274E-04  -5.6418270E-05   1.5588784E-04   3.4950195E-02   1.6407113E-03   1.3758230E-03   1.0604224E-05   1.6297494E-01  -2.6501722E-03  -1.9496324E-02   6.2473202E-01   3.3279087E-01   1.0762414E-01  -3.9604718E-02   6.0762651E-02   1.6601438E-02   2.9972842E-02   4.0234537E-02  -1.2119032E-02   2.2430275E-06   3.1417527E-05  -3.3043265E-04  -9.6245946E-05  -1.6678387E-04  -1.2169509E-05  -2.3711802E-06   2.8138095E-06
  1.6582637E-06   2.3319470E-05  -2.3843972E-06   8.7416167E-05   1.6407113E-03   2.6673497E-04   6.7269458E-05   1.2765988E-05   4.6170350E-03  -3.8492084E-06  -2.6804873E-04   1.5040087E-02   1.1845757E-02   9.3924659E-03   7.0560007E-03   1.2431527E-04   1.7100040E-04  -1.0316050E-04   7.3840856E-05   3.7696579E-04   3.4634733E-06  -6.7933752E-07  -2.7662540E-05  -8.3054323E-06  -2.1299870E-05  -1.0401165E-06   1.1698024E-07   9.3056902E-08
  1.4813651E-06   1.5243576E-05  -1.7715780E-06   1.2594383E-05   1.3758230E-03   6.7269458E-05   7.2391268E-05   9.2822565E-07   2.8934329E-03  -3.1051254E-05   1.9917467E-04   1.7889084E-03   5.5578839E-03   4.5120844E-03   1.4707650E-03   5.6714443E-04   9.9473492E-04   1.1313593E-03   1.4538717E-03   7.0290609E-04   5.0581780E-07   2.6903862E-06  -1.1801144E-05  -7.6103205E-06  -1.4544716E-05  -4.4887439E-05  -1.8499289E-07   3.6733378E-08
  2.1771001E-08   3.3468547E-08   7.9930445E-09   1.8824425E-07   1.0604224E-05   1.2765988E-05   9.2822565E-07   6.1030520E-06   6.8979820E-04  -4.2590518E-06  -5.3558493E-05   3.2733512E-03   4.7093415E-04   3.0517834E-04   1.2988414E-03  -6.6343642E-05   5.5554123E-05   7.8331255E-07  -7.6510833E-05   6.0828509E-04   2.6717028E-07  -8.3822650E-07  -3.0462693E-08  -1.6322923E-06   5.5198712E-07   2.1470713E-05   1.4864822E-08  -9.7254154E-09
  7.9088209E-05   2.1344953E-03  -2.8193741E-04  -3.8888031E-04   1.6297494E-01   4.6170350E-03   2.8934329E-03   6.8979820E-04   4.4590882E+01  -3.9928224E-01  -9.6060756E-01   3.8898984E+01   3.3456424E+00  -1.2436534E+01  -5.4442166E+01   9.5412133E-02   2.2188392E-01   6.7467254E-01  -5.6942935E+00  -3.3258094E+01  -7.2383971E-04   6.4703496E-04  -3.8455129E-04  -2.9623275E-03  -6.0958770E-04   1.9789270E-02  -2.4779066E-04   7.3677025E-04
 -1.2933734E-06  -3.0113668E-05   4.4336009E-06   2.0899405E-05  -2.6501722E-03  -3.8492084E-06  -3.1051254E-05  -4.2590518E-06  -3.9928224E-01   7.9796626E-02  -3.5550931E-02  -6.4141915E-01   9.0503766E-01   1.6925967E+00   6.5202461E-01   2.7239677E-02  -3.1797624E-03   8.2680965E-03   1.1832363E-01   1.6933669E-01   1.8681364E-04   1.4793540E-05   9.4695859E-05  -1.3069707E-04   1.2889101E-04   4.5109795E-04   5.3991211E-06  -1.7545089E-06
  8.5986465E-06  -3.7258323E-04   3.9167313E-05   4.0772151E-04  -1.9496324E-02  -2.6804873E-04   1.9917467E-04  -5.3558493E-05  -9.6060756E-01  -3.5550931E-02   3.7375757E+00  -3.0058849E+01  -3.6085243E+00   7.2369304E+00   4.9887296E+00  -2.5170332E+00  -2.7286289E-01   1.5774054E-01   2.5167527E+00   3.1641791E+00  -1.4029022E-03  -3.4229975E-04  -1.1464197E-03  -9.1861349E-04  -5.1238611E-04  -1.1929325E-03   1.0325947E-04  -4.2572965E-05
  1.7055545E-04   9.7724180E-03  -1.0776964E-03  -6.2722549E-03   6.2473202E-01   1.5040087E-02   1.7889084E-03   3.2733512E-03   3.8898984E+01  -6.4141915E-01  -3.0058849E+01   7.9610814E+02   7.5193727E+01  -5.2287647E+01  -5.8941011E+01   1.3387140E+01  -5.7087540E+00   5.8740560E+00  -1.1773252E+01  -2.6145895E+01   1.9407131E-02   1.0085587E-02   1.5226025E-02   2.4926610E-02   1.6478404E-02   7.3260827E-02   3.7301482E-03   3.3508963E-04
  4.5568646E-05   5.9012329E-03  -6.5025443E-04  -2.2524939E-03   3.3279087E-01   1.1845757E-02   5.5578839E-03   4.7093415E-04   3.3456424E+00   9.0503766E-01  -3.6085243E+00   7.5193727E+01   6.4992267E+01   4.1183437E+01   1.4359972E+01  -4.2598468E+00  -6.6453626E-02  -1.3259214E+00   3.5931057E+00   3.6731674E+00   3.2549356E-03  -3.8330751E-04   4.2344548E-03   2.2330075E-03   7.0030421E-03   4.0393884E-02   1.2971780E-04   9.7179120E-05
  2.5629220E-05   2.2816769E-03  -2.3154166E-04   5.9649884E-04   1.0762414E-01   9.3924659E-03   4.5120844E-03   3.0517834E-04  -1.2436534E+01   1.6925967E+00   7.2369304E+00  -5.2287647E+01   4.1183437E+01   8.4811464E+01   5.1855086E+01  -1.1026055E+01  -7.5615731E-01  -6.7542333E-01   4.7662399E+00   7.6529965E+00   6.0994494E-04  -2.7141738E-03   6.0344459E-03  -5.6581024E-03   6.5101099E-03   4.5411756E-02   4.7484807E-04  -3.9764729E-04
 -4.3120837E-05   2.3905484E-04   3.7571494E-05   4.3594603E-04  -3.9604718E-02   7.0560007E-03   1.4707650E-03   1.2988414E-03  -5.4442166E+01   6.5202461E-01   4.9887296E+00  -5.8941011E+01   1.4359972E+01   5.1855086E+01   1.0216287E+02  -8.7040069E+00  -5.9229652E-01  -1.3428592E+00   5.0787812E+00   3.2576990E+01   4.3494879E-04  -3.3343110E-03   4.5360954E-03   4.6647650E-04   7.1688338E-03   2.5876182E-02   5.5399718E-04  -1.3813202E-03
  2.7557047E-05   8.4758534E-04  -8.9549464E-05  -6.4009647E-04   6.0762651E-02   1.2431527E-04   5.6714443E-04  -6.6343642E-05   9.5412133E-02   2.7239677E-02  -2.5170332E+00   1.3387140E+01  -4.2598468E+00  -1.1026055E+01  -8.7040069E+00   5.4938598E+00   1.7052462E-01  -9.4197580E-02  -1.8211888E+00  -2.0608744E+00   1.1941408E-03   1.2099537E-03  -2.4144616E-04   1.0322304E-03   5.9120012E-04  -5.0415930E-03  -8.4356788E-05   3.6735446E-06
  1.4124483E-05   1.8432854E-04  -1.6259134E-05  -5.7938705E-05   1.6601438E-02   1.7100040E-04   9.9473492E-04   5.5554123E-05   2.2188392E-01  -3.1797624E-03  -2.7286289E-01  -5.7087540E+00  -6.6453626E-02  -7.5615731E-01  -5.9229652E-01   1.7052462E-01   3.3327376E+00   6.1580701E-01   2.2883981E-01   1.7087544E-01   3.8733263E-04   4.0697135E-04   7.2524059E-04  -5.7726802E-04  -1.7365642E-03  -3.5228903E-03   1.7781232E-04  -5.5085376E-07
  2.6291465E-05   3.3618932E-04  -4.0192945E-05  -2.1565943E-04   2.9972842E-02  -1.0316050E-04   1.1313593E-03   7.8331255E-07   6.7467254E-01   8.2680965E-03   1.5774054E-01   5.8740560E+00  -1.3259214E+00  -6.7542333E-01  -1.3428592E+00  -9.4197580E-02   6.1580701E-01   3.1709797E+00   2.6620356E+00   2.5844243E+00   6.9059070E-04   3.0658911E-04  -2.4235855E-04  -1.9713746E-04   1.7531314E-03   6.4826831E-03  -1.6987010E-04  -2.5148961E-05
  2.5462706E-05   5.7214885E-04  -6.1198476E-05  -3.6988014E-04   4.0234537E-02   7.3840856E-05   1.4538717E-03  -7.6510833E-05  -5.6942935E+00   1.1832363E-01   2.5167527E+00  -1.1773252E+01   3.5931057E+00   4.7662399E+00   5.0787812E+00  -1.8211888E+00   2.2883981E-01   2.6620356E+00   1.0736395E+01   1.9218219E+01  -6.9957158E-04   8.6704197E-04  -3.4220926E-03   1.8833292E-03  -1.8370524E-03   2.2497845E-03  -2.0534305E-05   4.2174828E-04
 -1.0070270E-05  -3.7412467E-05   2.9947555E-05  -3.0591051E-04  -1.2119032E-02   3.7696579E-04   7.0290609E-04   6.0828509E-04  -3.3258094E+01   1.6933669E-01   3.1641791E+00  -2.6145895E+01   3.6731674E+00   7.6529965E+00   3.2576990E+01  -2.0608744E+00   1.7087544E-01   2.5844243E+00   1.9218219E+01   5.3695155E+01  -8.8730496E-04   1.0686901E-03  -3.0531864E-03   5.5422192E-03  -5.5544520E-03  -7.0312787E-03   7.8432612E-05   9.4383306E-04
 -2.7436833E-08   3.1541857E-07  -9.3105321E-08   1.5629404E-06   2.2430275E-06   3.4634733E-06   5.0581780E-07   2.6717028E-07  -7.2383971E-04   1.8681364E-04  -1.4029022E-03   1.9407131E-02   3.2549356E-03   6.0994494E-04   4.3494879E-04   1.1941408E-03   3.8733263E-04   6.9059070E-04  -6.9957158E-04  -8.8730496E-04   1.4586213E-03   2.7573078E-04   1.1547288E-04  -3.6153621E-04  -7.8507578E-05  -1.2890518E-04   2.8708090E-07  -1.9257969E-08
 -7.5286056E-09   4.9587268E-08  -9.0537973E-08   1.1203122E-06   3.1417527E-05  -6.7933752E-07   2.6903862E-06  -8.3822650E-07   6.4703496E-04   1.4793540E-05  -3.4229975E-04   1.0085587E-02  -3.8330751E-04  -2.7141738E-03  -3.3343110E-03   1.2099537E-03   4.0697135E-04   3.0658911E-04   8.6704197E-04   1.0686901E-03   2.7573078E-04   8.8088004E-04   5.5680612E-05   7.5402724E-04   6.6859508E-05  -8.7376351E-04   2.0653800E-07   1.1723175E-07
 -3.5859154E-07  -5.6764679E-06   5.5082566E-07  -5.3661147E-06  -3.3043265E-04  -2.7662540E-05  -1.1801144E-05  -3.0462693E-08  -3.8455129E-04   9.4695859E-05  -1.1464197E-03   1.5226025E-02   4.2344548E-03   6.0344459E-03   4.5360954E-03  -2.4144616E-04   7.2524059E-04  -2.4235855E-04  -3.4220926E-03  -3.0531864E-03   1.1547288E-04   5.5680612E-05   7.3072397E-03  -2.8999709E-04   7.6767383E-04   4.7265435E-03  -1.6321869E-07  -1.7404503E-07
 -3.5727810E-07   1.0919277E-07   7.6857914E-08  -1.9643885E-06  -9.6245946E-05  -8.3054323E-06  -7.6103205E-06  -1.6322923E-06  -2.9623275E-03  -1.3069707E-04  -9.1861349E-04   2.4926610E-02   2.2330075E-03  -5.6581024E-03   4.6647650E-04   1.0322304E-03  -5.7726802E-04  -1.9713746E-04   1.8833292E-03   5.5422192E-03  -3.6153621E-04   7.5402724E-04  -2.8999709E-04   2.8319378E-03   5.0155369E-04  -1.0934989E-03  -4.6777820E-08  -8.4652472E-08
 -7.7237913E-07   5.1201811E-07  -4.4648463E-07  -9.7317207E-06  -1.6678387E-04  -2.1299870E-05  -1.4544716E-05   5.5198712E-07  -6.0958770E-04   1.2889101E-04  -5.1238611E-04   1.6478404E-02   7.0030421E-03   6.5101099E-03   7.1688338E-03   5.9120012E-04  -1.7365642E-03   1.7531314E-03  -1.8370524E-03  -5.5544520E-03  -7.8507578E-05   6.6859508E-05   7.6767383E-04   5.0155369E-04   6.3991791E-03   7.8751058E-03  -7.4189114E-07  -5.5637071E-07
 -2.7497527E-06   1.4463368E-05  -2.5849199E-06  -3.5686417E-05  -1.2169509E-05  -1.0401165E-06  -4.4887439E-05   2.1470713E-05   1.9789270E-02   4.5109795E-04  -1.1929325E-03   7.3260827E-02   4.0393884E-02   4.5411756E-02   2.5876182E-02  -5.0415930E-03  -3.5228903E-03   6.4826831E-03   2.2497845E-03  -7.0312787E-03  -1.2890518E-04  -8.7376351E-04   4.7265435E-03  -1.0934989E-03   7.8751058E-03   7.1513836E-02  -2.1052289E-06   7.0222662E-07
  1.3763341E-09  -3.4811312E-08   7.9903434E-09   2.3538829E-08  -2.3711802E-06   1.1698024E-07  -1.8499289E-07   1.4864822E-08  -2.4779066E-04   5.3991211E-06   1.0325947E-04   3.7301482E-03   1.2971780E-04   4.7484807E-04   5.5399718E-04  -8.4356788E-05   1.7781232E-04  -1.6987010E-04  -2.0534305E-05   7.8432612E-05   2.8708090E-07   2.0653800E-07  -1.6321869E-07  -4.6777820E-08  -7.4189114E-07  -2.1052289E-06   3.7579233E-07  -7.7346571E-09
  1.2994243E-09   5.1257656E-08  -7.2897218E-09  -2.4179980E-09   2.8138095E-06   9.3056902E-08   3.6733378E-08  -9.7254154E-09   7.3677025E-04  -1.7545089E-06  -4.2572965E-05   3.3508963E-04   9.7179120E-05  -3.9764729E-04  -1.3813202E-03   3.6735446E-06  -5.5085376E-07  -2.5148961E-05   4.2174828E-04   9.4383306E-04  -1.9257969E-08   1.1723175E-07  -1.7404503E-07  -8.4652472E-08  -5.5637071E-07   7.0222662E-07  -7.7346571E-09   3.9140470E-07
