# omegabh2 omegach2 theta tau logA ns r calPlanck acib217 xi asz143 aps100 aps143 aps143217 aps217 aksz kgal100 kgal143 kgal143217 kgal217 galfTE100 galfTE100143 galfTE100217 galfTE143 galfTE143217 galfTE217 cal0 cal2
  2.0280132E-08  -8.9292103E-08   1.5422496E-08   2.4577449E-07   4.0817075E-07   2.3108232E-07   1.9284902E-07   2.3560191E-08  -6.0646665E-05   1.2614285E-06   2.2927997E-05  -3.8066948E-04  -2.0611783E-04  -4.6475295E-05   2.1959537E-06  -3.7775585E-05  -1.3492888E-06  -8.5497287E-06  -1.1084755E-05   5.0026102E-06  -4.4209210E-08  -7.5550555E-08  -2.6528646E-08  -3.4980337E-07  -5.2475329E-07  -2.5539496E-06   1.4690781E-09  -5.3793355E-10
 -8.9292103E-08   1.3856994E-06  -1.2424016E-07  -3.2042537E-06  -3.7474556E-06  -3.2722146E-06  -4.0348362E-06  -2.8392249E-07   5.2351617E-05  -3.7921782E-06  -8.9586623E-05   1.3487676E-03   8.7292579E-04   2.5154327E-04   1.7398648E-04   1.2276663E-04  -1.6325580E-05   4.5599898E-05   6.3890660E-05   8.0583223E-05   4.6683041E-07   3.8114331E-07  -5.9099723E-08   1.3791080E-06   2.2017683E-06   1.5893252E-05  -1.0389702E-08  -4.0579091E-09
  1.5422496E-08  -1.2424016E-07   9.2699527E-08   3.1201924E-07   5.0988028E-07   3.9556145E-07   2.0846194E-07   3.8929114E-08  -7.6253918E-06  -5.0973711E-07   1.4051724E-05  -2.0942637E-04  -1.0189464E-04  -3.2495357E-05  -1.2720121E-05  -1.4945364E-05   5.7460007E-06  -1.4437531E-06  -4.1026703E-06   1.5273831E-06  -1.4017833E-07  -6.4916704E-08  -1.2269774E-07  -4.6118894E-07  -4.5626316E-07  -3.0640405E-06  -1.2097867E-09   2.8869939E-10
  2.4577449E-07  -3.2042537E-06   3.1201924E-07   4.4720791E-05   7.8821529E-05   9.7047623E-06   9.8689364E-07  -1.1562876E-06  -1.3047223E-03   2.5167947E-05   6.6996134E-04  -1.1408094E-02  -4.2231061E-03  -3.5908441E-04   1.5572533E-04  -8.8876440E-04   6.8628631E-05  -8.5886511E-05  -1.8438168E-04  -1.9256505E-04  -1.5552154E-06  -1.4434971E-06   5.0420510E-07  -5.2641768E-06  -1.2866833E-05  -5.9217810E-05  -6.1843815E-08  -1.4220034E-08
  4.0817075E-07  -3.7474556E-06   5.0988028E-07   7.8821529E-05   1.6861366E-04   1.1683544E-05  -7.8441342E-06   8.9737865E-06  -2.7926520E-03   7.3586154E-05   1.2852757E-03  -1.9055803E-02  -5.8650175E-03   2.2191176E-03   6.1071598E-03  -2.3136872E-03  -2.8952100E-04  -9.7383396E-04  -1.0995167E-03   7.7914082E-04  -4.2556261E-07  -2.4672052E-06  -1.7703269E-06  -9.0601794E-06  -2.2737933E-05  -7.4138208E-05   6.0484546E-08  -8.7646658E-08
  2.3108232E-07  -3.2722146E-06   3.9556145E-07   9.7047623E-06   1.1683544E-05   1.6863778E-05   2.5063670E-05   7.0120342E-07  -4.0624383E-03   8.4773867E-05   9.7584244E-04  -2.3254721E-02  -7.2147959E-03   9.4954526E-04   4.3483943E-03  -2.1701022E-03   3.0865970E-04  -4.9768206E-04  -4.6664456E-04   9.7395005E-04  -7.9383240E-07   1.2827300E-06   7.8653836E-07  -2.9819644E-06  -3.4207410E-06  -4.6523790E-05  -7.7707071E-08  -3.5508811E-08
  1.9284902E-07  -4.0348362E-06   2.0846194E-07   9.8689364E-07  -7.8441342E-06   2.5063670E-05   1.1825209E-03   2.2932845E-06  -3.2556711E-03   1.3891824E-05   1.6532370E-03  -3.0122462E-02  -1.2402950E-02  -3.1007610E-03   1.0822938E-03  -2.5892231E-03  -1.5079954E-03  -6.4229088E-04  -4.0715005E-04   3.4894730E-04   1.0541492E-05   7.2413707E-06  -1.7195616E-05   4.2547204E-05  -5.2280746E-05  -1.6941633E-04  -3.0169243E-07  -1.5310542E-07
  2.3560191E-08  -2.8392249E-07   3.8929114E-08  -1.1562876E-06   8.9737865E-06   7.0120342E-07   2.2932845E-06   5.9263142E-06   6.4490985E-04  -4.6230553E-06   6.1742551E-05   2.6830869E-03   3.0322013E-04   3.0563070E-04   1.1382503E-03  -2.5207224E-05  -5.2420549E-05  -1.5912248E-04  -1.6526037E-04   5.4473513E-04   9.0397163E-07   9.8671706E-08  -4.8665396E-07  -1.8696138E-07   2.5117955E-07   7.7840576E-06   2.4542187E-08  -1.3978549E-08
 -6.0646665E-05   5.2351617E-05  -7.6253918E-06  -1.3047223E-03  -2.7926520E-03  -4.0624383E-03  -3.2556711E-03   6.4490985E-04   4.4246738E+01  -3.7992440E-01  -9.5488809E-01   3.6631903E+01   2.0577056E+00  -1.2992932E+01  -5.4908216E+01  -1.3930121E-01   1.3675213E-01   6.1398084E-01  -5.7766470E+00  -3.3040895E+01   8.3422285E-04  -1.1002182E-04   2.6892571E-03   3.5760990E-04  -3.3225710E-03   1.7721391E-02  -1.7727835E-04   7.1067173E-04
  1.2614285E-06  -3.7921782E-06  -5.0973711E-07   2.5167947E-05   7.3586154E-05   8.4773867E-05   1.3891824E-05  -4.6230553E-06  -3.7992440E-01   8.1162422E-02  -3.0780481E-02  -6.3233215E-01   9.3557432E-01   1.7249940E+00   6.3793239E-01   3.2901163E-02  -6.4298309E-03   1.5442010E-02   1.2348077E-01   1.4755292E-01   7.8641084E-05   2.3870289E-05  -3.5643769E-05  -8.9338690E-05  -1.6785818E-04   4.1260436E-04   3.5390612E-06  -2.4373463E-06
  2.2927997E-05  -8.9586623E-05   1.4051724E-05   6.6996134E-04   1.2852757E-03   9.7584244E-04   1.6532370E-03   6.1742551E-05  -9.5488809E-01  -3.0780481E-02   3.7607141E+00  -2.9870726E+01  -3.2620706E+00   7.5218773E+00   5.1603793E+00  -2.5611480E+00  -1.7278290E-01   1.4892522E-01   2.6302470E+00   3.3812952E+00   2.9503064E-04   8.3050067E-04   2.3922894E-03   2.4573853E-04   3.1246961E-04  -3.2297803E-03   1.1491575E-04  -3.0861282E-05
 -3.8066948E-04   1.3487676E-03  -2.0942637E-04  -1.1408094E-02  -1.9055803E-02  -2.3254721E-02  -3.0122462E-02   2.6830869E-03   3.6631903E+01  -6.3233215E-01  -2.9870726E+01   7.7647757E+02   6.7729838E+01  -5.5346855E+01  -6.0611667E+01   1.2563789E+01  -6.3963663E+00   6.3856794E+00  -1.1714003E+01  -2.4497056E+01   2.7356314E-03  -1.6521216E-02  -1.2425780E-02   5.2170187E-03  -4.0548175E-03   7.3433072E-02   3.6425508E-03   3.9614615E-04
 -2.0611783E-04   8.7292579E-04  -1.0189464E-04  -4.2231061E-03  -5.8650175E-03  -7.2147959E-03  -1.2402950E-02   3.0322013E-04   2.0577056E+00   9.3557432E-01  -3.2620706E+00   6.7729838E+01   6.1237261E+01   4.0264509E+01   1.4404379E+01  -4.8996426E+00  -4.6856233E-01  -1.1547301E+00   3.5358716E+00   3.9927712E+00   8.2520241E-04  -8.1708588E-04  -6.6104051E-04  -2.1119290E-03   2.9602700E-05   4.4594817E-02   1.7766439E-05   7.7899207E-05
 -4.6475295E-05   2.5154327E-04  -3.2495357E-05  -3.5908441E-04   2.2191176E-03   9.4954526E-04  -3.1007610E-03   3.0563070E-04  -1.2992932E+01   1.7249940E+00   7.5218773E+00  -5.5346855E+01   4.0264509E+01   8.4792195E+01   5.2057889E+01  -1.1446179E+01  -7.7729311E-01  -5.5362104E-01   5.1428955E+00   8.1918429E+00   1.8152337E-03   2.0765712E-03   3.0510378E-03  -3.2354529E-03  -9.3856116E-04   1.5190230E-02   3.9372426E-04  -4.0375316E-04
  2.1959537E-06   1.7398648E-04  -1.2720121E-05   1.5572533E-04   6.1071598E-03   4.3483943E-03   1.0822938E-03   1.1382503E-03  -5.4908216E+01   6.3793239E-01   5.1603793E+00  -6.0611667E+01   1.4404379E+01   5.2057889E+01   1.0274782E+02  -8.7766728E+00  -6.1197651E-01  -1.3836300E+00   5.1657020E+00   3.2866952E+01  -1.6615376E-03  -7.6319920E-04  -5.6391790E-03  -1.7544640E-03   5.9496651E-03  -1.9579442E-02   4.2775131E-04  -1.3581979E-03
 -3.7775585E-05   1.2276663E-04  -1.4945364E-05  -8.8876440E-04  -2.3136872E-03  -2.1701022E-03  -2.5892231E-03  -2.5207224E-05  -1.3930121E-01   3.2901163E-02  -2.5611480E+00   1.2563789E+01  -4.8996426E+00  -1.1446179E+01  -8.7766728E+00   5.5838017E+00   7.9460294E-02  -1.6612632E-01  -2.0293588E+00  -2.3213990E+00   5.6833577E-04  -4.5128852E-04  -6.9644534E-05   8.1680065E-04   8.1373624E-04   5.3811350E-03  -8.5708171E-05  -6.8936354E-06
 -1.3492888E-06  -1.6325580E-05   5.7460007E-06   6.8628631E-05  -2.8952100E-04   3.0865970E-04  -1.5079954E-03  -5.2420549E-05   1.3675213E-01  -6.4298309E-03  -1.7278290E-01  -6.3963663E+00  -4.6856233E-01  -7.7729311E-01  -6.1197651E-01   7.9460294E-02   3.3374345E+00   5.7673886E-01   2.4205869E-01   2.2741026E-01   2.5933013E-04   5.4877790E-05  -1.2427163E-03   1.6279538E-05   3.1067669E-04  -2.5369900E-03   1.8016008E-04   1.8820987E-05
 -8.5497287E-06   4.5599898E-05  -1.4437531E-06  -8.5886511E-05  -9.7383396E-04  -4.9768206E-04  -6.4229088E-04  -1.5912248E-04   6.1398084E-01   1.5442010E-02   1.4892522E-01   6.3856794E+00  -1.1547301E+00  -5.5362104E-01  -1.3836300E+00  -1.6612632E-01   5.7673886E-01   3.1821215E+00   2.7182574E+00   2.6559061E+00  -5.6357740E-04  -5.9192282E-04  -5.0331339E-04   3.1402592E-04  -9.3591010E-04  -5.1249827E-03  -1.6415516E-04  -3.3164935E-05
 -1.1084755E-05   6.3890660E-05  -4.1026703E-06  -1.8438168E-04  -1.0995167E-03  -4.6664456E-04  -4.0715005E-04  -1.6526037E-04  -5.7766470E+00   1.2348077E-01   2.6302470E+00  -1.1714003E+01   3.5358716E+00   5.1428955E+00   5.1657020E+00  -2.0293588E+00   2.4205869E-01   2.7182574E+00   1.0846359E+01   1.9367762E+01  -4.3349004E-04  -7.2946572E-05   9.8757815E-05  -1.6159898E-04  -1.1681047E-03   2.1788348E-03  -1.1671067E-05   4.3598498E-04
  5.0026102E-06   8.0583223E-05   1.5273831E-06  -1.9256505E-04   7.7914082E-04   9.7395005E-04   3.4894730E-04   5.4473513E-04  -3.3040895E+01   1.4755292E-01   3.3812952E+00  -2.4497056E+01   3.9927712E+00   8.1918429E+00   3.2866952E+01  -2.3213990E+00   2.2741026E-01   2.6559061E+00   1.9367762E+01   5.3596646E+01  -7.5604579E-04   5.2854550E-04  -8.1927177E-04   2.4236695E-04  -6.1554054E-04  -4.5124003E-03   7.8285993E-05   9.6875659E-04
 -4.4209210E-08   4.6683041E-07  -1.4017833E-07  -1.5552154E-06  -4.2556261E-07  -7.9383240E-07   1.0541492E-05   9.0397163E-07   8.3422285E-04   7.8641084E-05   2.9503064E-04   2.7356314E-03   8.2520241E-04   1.8152337E-03  -1.6615376E-03   5.6833577E-04   2.5933013E-04  -5.6357740E-04  -4.3349004E-04  -7.5604579E-04   1.4447893E-03   2.6248564E-04   6.6041230E-05  -3.8341611E-04  -1.2438798E-04  -1.5925029E-04   7.3453370E-08   1.7485752E-07
 -7.5550555E-08   3.8114331E-07  -6.4916704E-08  -1.4434971E-06  -2.4672052E-06   1.2827300E-06   7.2413707E-06   9.8671706E-08  -1.1002182E-04   2.3870289E-05   8.3050067E-04  -1.6521216E-02  -8.1708588E-04   2.0765712E-03  -7.6319920E-04  -4.5128852E-04   5.4877790E-05  -5.9192282E-04  -7.2946572E-05   5.2854550E-04   2.6248564E-04   8.7311893E-04   3.7041447E-05   7.5148181E-04   3.7360694E-05  -7.1949589E-04  -1.4339798E-07  -2.8094487E-08
 -2.6528646E-08  -5.9099723E-08  -1.2269774E-07   5.0420510E-07  -1.7703269E-06   7.8653836E-07  -1.7195616E-05  -4.8665396E-07   2.6892571E-03  -3.5643769E-05   2.3922894E-03  -1.2425780E-02  -6.6104051E-04   3.0510378E-03  -5.6391790E-03  -6.9644534E-05  -1.2427163E-03  -5.0331339E-04   9.8757815E-05  -8.1927177E-04   6.6041230E-05   3.7041447E-05   7.1296201E-03  -2.6455031E-04   6.5098753E-04   4.5110169E-03   4.3767673E-07   1.1096643E-07
 -3.4980337E-07   1.3791080E-06  -4.6118894E-07  -5.2641768E-06  -9.0601794E-06  -2.9819644E-06   4.2547204E-05  -1.8696138E-07   3.5760990E-04  -8.9338690E-05   2.4573853E-04   5.2170187E-03  -2.1119290E-03  -3.2354529E-03  -1.7544640E-03   8.1680065E-04   1.6279538E-05   3.1402592E-04  -1.6159898E-04   2.4236695E-04  -3.8341611E-04   7.5148181E-04  -2.6455031E-04   2.9255006E-03   5.7380352E-04  -8.1026605E-04  -6.3046445E-09  -3.8780152E-07
 -5.2475329E-07   2.2017683E-06  -4.5626316E-07  -1.2866833E-05  -2.2737933E-05  -3.4207410E-06  -5.2280746E-05   2.5117955E-07  -3.3225710E-03  -1.6785818E-04   3.1246961E-04  -4.0548175E-03   2.9602700E-05  -9.3856116E-04   5.9496651E-03   8.1373624E-04   3.1067669E-04  -9.3591010E-04  -1.1681047E-03  -6.1554054E-04  -1.2438798E-04   3.7360694E-05   6.5098753E-04   5.7380352E-04   6.5443196E-03   8.3228764E-03   9.5441532E-07  -4.8659048E-07
 -2.5539496E-06   1.5893252E-05  -3.0640405E-06  -5.9217810E-05  -7.4138208E-05  -4.6523790E-05  -1.6941633E-04   7.7840576E-06   1.7721391E-02   4.1260436E-04  -3.2297803E-03   7.3433072E-02   4.4594817E-02   1.5190230E-02  -1.9579442E-02   5.3811350E-03  -2.5369900E-03  -5.1249827E-03   2.1788348E-03  -4.5124003E-03  -1.5925029E-04  -7.1949589E-04   4.5110169E-03  -8.1026605E-04   8.3228764E-03   7.2801645E-02   7.2308421E-07  -2.9046684E-07
  1.4690781E-09  -1.0389702E-08  -1.2097867E-09  -6.1843815E-08   6.0484546E-08  -7.7707071E-08  -3.0169243E-07   2.4542187E-08  -1.7727835E-04   3.5390612E-06   1.1491575E-04   3.6425508E-03   1.7766439E-05   3.9372426E-04   4.2775131E-04  -8.5708171E-05   1.8016008E-04  -1.6415516E-04  -1.1671067E-05   7.8285993E-05   7.3453370E-08  -1.4339798E-07   4.3767673E-07  -6.3046445E-09   9.5441532E-07   7.2308421E-07   3.7207055E-07   1.0799600E-09
 -5.3793355E-10  -4.0579091E-09   2.8869939E-10  -1.4220034E-08  -8.7646658E-08  -3.5508811E-08  -1.5310542E-07  -1.3978549E-08   7.1067173E-04  -2.4373463E-06  -3.0861282E-05   3.9614615E-04   7.7899207E-05  -4.0375316E-04  -1.3581979E-03  -6.8936354E-06   1.8820987E-05  -3.3164935E-05   4.3598498E-04   9.6875659E-04   1.7485752E-07  -2.8094487E-08   1.1096643E-07  -3.8780152E-07  -4.8659048E-07  -2.9046684E-07   1.0799600E-09   3.9203292E-07
