# omegabh2 omegach2 theta tau logA ns nrun nrunrun calPlanck acib217 xi asz143 aps100 aps143 aps143217 aps217 aksz kgal100 kgal143 kgal143217 kgal217 galfTE100 galfTE100143 galfTE100217 galfTE143 galfTE143217 galfTE217 cal0 cal2
  2.1528408E-08  -5.6521642E-08   1.1937086E-08   2.4052576E-07   5.4048168E-07   1.6649219E-07  -5.3905082E-07  -4.1560399E-07   7.8314444E-09   2.8979065E-05   1.3281395E-06   4.3815595E-06   3.2036654E-05   4.0594866E-05   4.1423705E-05  -1.4177443E-05  -6.5353807E-06   9.9488949E-07  -1.3745662E-06   2.2257094E-06  -2.3885763E-05  -1.5004429E-08  -1.5681905E-08  -1.9582551E-07  -2.4138046E-07  -4.9619331E-07  -1.9511632E-06   2.9369517E-09   1.5723508E-09
 -5.6521642E-08   9.1554994E-07  -5.7014299E-08  -2.6827402E-06  -3.5855192E-06  -2.3324737E-06   3.1819401E-07   1.0983365E-06  -1.9834184E-07  -2.5567130E-04   6.8049577E-06  -3.1173112E-05  -3.1793320E-04   3.4922645E-04   2.9160003E-04   3.1893337E-04   8.1580867E-05   3.1481044E-05   2.2086457E-05   9.5605847E-05   3.7733494E-04   8.1944773E-07   4.8099081E-07   3.0352001E-06   1.7931578E-06   3.4888111E-06   8.2957271E-06   1.0699675E-08   2.6434836E-08
  1.1937086E-08  -5.7014299E-08   8.0827887E-08   2.4738184E-07   4.8907318E-07   2.1092561E-07  -4.1467283E-08   5.8294146E-08   1.6570027E-08   3.1635643E-05   3.8300501E-08   2.2494368E-06   1.4240158E-04   2.6931095E-05   2.9620652E-05  -3.0689522E-05  -1.0273428E-05  -1.3188501E-05  -1.0183424E-06  -4.5383068E-06  -2.3638694E-05   2.6221328E-07   3.0111120E-07  -6.8365632E-07   1.8506822E-08  -4.0492552E-07  -6.3855761E-07   2.9214226E-10  -2.7327353E-09
  2.4052576E-07  -2.6827402E-06   2.4738184E-07   6.0015303E-05   1.0851660E-04   4.3064387E-06   2.2294973E-06   2.0667722E-05  -2.4006450E-06  -3.0452816E-04  -5.2259081E-05   3.9317273E-04  -2.6562727E-03  -5.4272039E-03  -4.4352682E-03  -3.4920000E-03  -1.0064769E-03   3.6403789E-04   1.3871434E-04   8.5080692E-05  -7.2795739E-04   5.9519325E-06   7.6534959E-07  -1.6652247E-05  -3.8724451E-06  -3.2729841E-07   2.7715280E-05   2.5649560E-08  -1.5715850E-07
  5.4048168E-07  -3.5855192E-06   4.8907318E-07   1.0851660E-04   2.2771792E-04   3.7741144E-06  -1.1772202E-05   2.8138863E-05   6.9735401E-06   2.5744118E-04  -6.3910004E-05   4.2353818E-04   9.7777925E-03  -2.6800277E-03  -2.4709242E-03   8.9394096E-04  -1.7573952E-03   6.0883035E-05  -2.7234931E-04   1.5053019E-05   3.3920287E-04   2.1933698E-05   8.3111477E-06  -8.0758312E-06   1.8898784E-06  -5.6013982E-06   3.7925471E-05   3.2929362E-07  -1.9996552E-07
  1.6649219E-07  -2.3324737E-06   2.1092561E-07   4.3064387E-06   3.7741144E-06   1.8278543E-05  -6.4492941E-06  -2.3121583E-05   9.9095023E-07  -2.8966743E-03   1.0124142E-04   3.6253831E-04  -1.2103508E-02  -1.9140941E-03   3.5713345E-03   5.8723653E-03  -1.7989732E-03   4.4400037E-05  -4.0895241E-04  -6.5079818E-04   1.3390222E-04  -3.3829415E-06   3.2321813E-07   2.7603090E-06   1.9941708E-06  -8.9812209E-06  -4.9371446E-06  -1.3240503E-07  -7.9373111E-08
 -5.3905082E-07   3.1819401E-07  -4.1467283E-08   2.2294973E-06  -1.1772202E-05  -6.4492941E-06   9.8035311E-05   9.2856653E-05  -2.1473882E-07  -1.2707123E-02   1.5140384E-04   3.2341989E-03  -6.2299673E-02  -3.7961900E-02  -1.4488801E-02  -2.4800167E-03  -5.0965372E-03  -3.9609819E-04  -5.6568605E-04  -1.1174426E-03   2.6533277E-03   4.1988423E-06  -2.5422586E-06  -2.1046393E-05  -1.2066227E-06   1.6741898E-05   1.0543176E-04  -2.7592111E-07  -4.4949125E-07
 -4.1560399E-07   1.0983365E-06   5.8294146E-08   2.0667722E-05   2.8138863E-05  -2.3121583E-05   9.2856653E-05   1.5613308E-04  -1.9784665E-06  -1.0051410E-02   9.2590401E-05   3.0724549E-03  -5.9400997E-02  -4.1737211E-02  -2.1088041E-02  -1.1894148E-02  -3.9432423E-03   3.9618274E-04   2.8955234E-04  -6.8727742E-05   2.7992383E-03   1.2335907E-05  -4.7906156E-06  -2.5716626E-05  -6.3218069E-06   3.2338493E-05   1.2885688E-04  -1.2143498E-07  -3.5504304E-07
  7.8314444E-09  -1.9834184E-07   1.6570027E-08  -2.4006450E-06   6.9735401E-06   9.9095023E-07  -2.1473882E-07  -1.9784665E-06   6.1847943E-06   4.8869257E-04   1.6848745E-06   1.1798077E-04   5.3461112E-03   7.4601297E-04   8.7223489E-04   1.9203121E-03  -7.8295848E-05  -3.0356587E-04  -3.8219025E-05   6.9884067E-05   8.8848522E-04   3.5104842E-06   2.9472926E-06   8.9244573E-06   3.7400092E-06  -5.4659164E-06  -3.2841989E-06   2.6881801E-08  -5.4230685E-09
  2.8979065E-05  -2.5567130E-04   3.1635643E-05  -3.0452816E-04   2.5744118E-04  -2.8966743E-03  -1.2707123E-02  -1.0051410E-02   4.8869257E-04   4.6810184E+01  -4.3262892E-01  -9.8281386E-01   4.3517005E+01   7.0050748E+00  -1.1704301E+01  -5.5394739E+01  -1.9468485E-02  -4.1406213E-01   7.1147949E-01  -5.4703162E+00  -3.3836459E+01  -4.4541972E-03   1.9881822E-03  -1.5786312E-02   3.0452667E-03  -1.6691300E-02  -1.9054187E-02  -2.5094043E-04   7.9623784E-04
  1.3281395E-06   6.8049577E-06   3.8300501E-08  -5.2259081E-05  -6.3910004E-05   1.0124142E-04   1.5140384E-04   9.2590401E-05   1.6848745E-06  -4.3262892E-01   8.0839230E-02  -4.9243498E-02  -5.7478235E-01   8.6064879E-01   1.6446802E+00   6.5563136E-01   3.6878231E-02   8.9191182E-04   5.7202326E-03   1.0265781E-01   1.4525060E-01   2.0238572E-04   1.2154913E-04   9.4877966E-04   1.7373876E-04   2.4146976E-04   7.6257099E-04   5.8569559E-06   6.9353367E-07
  4.3815595E-06  -3.1173112E-05   2.2494368E-06   3.9317273E-04   4.2353818E-04   3.6253831E-04   3.2341989E-03   3.0724549E-03   1.1798077E-04  -9.8281386E-01  -4.9243498E-02   3.8704416E+00  -3.1699450E+01  -4.7726755E+00   6.2982878E+00   4.4838924E+00  -2.7522333E+00  -1.9730391E-01   1.4564688E-01   2.6731297E+00   3.6071775E+00   1.4163262E-03   1.3708550E-03  -6.3606327E-03   2.4778445E-03   3.6311142E-03  -4.2513556E-03   8.0686710E-05  -1.3362828E-05
  3.2036654E-05  -3.1793320E-04   1.4240158E-04  -2.6562727E-03   9.7777925E-03  -1.2103508E-02  -6.2299673E-02  -5.9400997E-02   5.3461112E-03   4.3517005E+01  -5.7478235E-01  -3.1699450E+01   8.2196223E+02   9.6920202E+01  -3.8523229E+01  -5.5024979E+01   1.6008874E+01  -5.3399936E+00   5.6591359E+00  -1.2817540E+01  -2.9637656E+01  -2.6334688E-02  -1.0297408E-02   2.2815216E-02  -4.0713434E-02  -2.1370406E-02   4.0578114E-02   4.3701021E-03   1.6523915E-04
  4.0594866E-05   3.4922645E-04   2.6931095E-05  -5.4272039E-03  -2.6800277E-03  -1.9140941E-03  -3.7961900E-02  -4.1737211E-02   7.4601297E-04   7.0050748E+00   8.6064879E-01  -4.7726755E+00   9.6920202E+01   7.7609803E+01   4.6618330E+01   1.7132361E+01  -2.9186449E+00  -3.0364105E-01  -9.4311188E-01   3.2473126E+00   1.1418966E+00  -9.4903250E-03   1.0637638E-03   2.8292908E-02  -1.4635563E-03  -5.2082997E-03  -3.2714515E-02   2.0856110E-04   2.7971841E-04
  4.1423705E-05   2.9160003E-04   2.9620652E-05  -4.4352682E-03  -2.4709242E-03   3.5713345E-03  -1.4488801E-02  -2.1088041E-02   8.7223489E-04  -1.1704301E+01   1.6446802E+00   6.2982878E+00  -3.8523229E+01   4.6618330E+01   8.5714446E+01   5.4209234E+01  -1.0528144E+01  -3.5116269E-01  -7.1362350E-01   4.4976594E+00   7.1832898E+00   4.0545254E-03   5.2032274E-03   1.6540394E-02   6.4544203E-03   9.8779112E-03  -1.7934725E-02   4.9480086E-04  -1.7845827E-04
 -1.4177443E-05   3.1893337E-04  -3.0689522E-05  -3.4920000E-03   8.9394096E-04   5.8723653E-03  -2.4800167E-03  -1.1894148E-02   1.9203121E-03  -5.5394739E+01   6.5563136E-01   4.4838924E+00  -5.5024979E+01   1.7132361E+01   5.4209234E+01   1.0517603E+02  -8.4796637E+00   3.0252347E-01  -1.4251911E+00   4.9202039E+00   3.3269583E+01   8.7049771E-03  -7.1163799E-04   1.7204596E-02  -2.0725381E-03   2.2827104E-02  -1.2697406E-02   5.1653441E-04  -1.2757417E-03
 -6.5353807E-06   8.1580867E-05  -1.0273428E-05  -1.0064769E-03  -1.7573952E-03  -1.7989732E-03  -5.0965372E-03  -3.9432423E-03  -7.8295848E-05  -1.9468485E-02   3.6878231E-02  -2.7522333E+00   1.6008874E+01  -2.9186449E+00  -1.0528144E+01  -8.4796637E+00   5.9238456E+00   7.8433174E-02  -1.4210749E-01  -1.8272910E+00  -1.9546701E+00   2.2430281E-04  -1.4207193E-04   5.1871503E-03  -1.8736406E-03  -7.9774309E-04   7.3254670E-04  -2.4041267E-05  -2.7484680E-05
  9.9488949E-07   3.1481044E-05  -1.3188501E-05   3.6403789E-04   6.0883035E-05   4.4400037E-05  -3.9609819E-04   3.9618274E-04  -3.0356587E-04  -4.1406213E-01   8.9191182E-04  -1.9730391E-01  -5.3399936E+00  -3.0364105E-01  -3.5116269E-01   3.0252347E-01   7.8433174E-02   3.2238661E+00   4.6822588E-01   1.7546476E-01   4.5685254E-01   9.6026601E-04   9.3246964E-04   6.2381199E-03   1.0176219E-03  -2.4521509E-03  -6.5658653E-03   2.0580372E-04   2.2285946E-05
 -1.3745662E-06   2.2086457E-05  -1.0183424E-06   1.3871434E-04  -2.7234931E-04  -4.0895241E-04  -5.6568605E-04   2.8955234E-04  -3.8219025E-05   7.1147949E-01   5.7202326E-03   1.4564688E-01   5.6591359E+00  -9.4311188E-01  -7.1362350E-01  -1.4251911E+00  -1.4210749E-01   4.6822588E-01   3.0779551E+00   2.7222234E+00   2.7592296E+00   2.8408762E-03   1.3490960E-03  -1.3857804E-03  -1.2903698E-04   3.6062320E-03   1.7307707E-03  -1.9176087E-04   1.3240922E-05
  2.2257094E-06   9.5605847E-05  -4.5383068E-06   8.5080692E-05   1.5053019E-05  -6.5079818E-04  -1.1174426E-03  -6.8727742E-05   6.9884067E-05  -5.4703162E+00   1.0265781E-01   2.6731297E+00  -1.2817540E+01   3.2473126E+00   4.4976594E+00   4.9202039E+00  -1.8272910E+00   1.7546476E-01   2.7222234E+00   1.0865194E+01   1.9269759E+01   1.6526633E-03   2.3857638E-03  -5.1420661E-04   2.0727957E-03   3.3983001E-03   2.3668118E-03  -3.5285369E-05   4.4294672E-04
 -2.3885763E-05   3.7733494E-04  -2.3638694E-05  -7.2795739E-04   3.3920287E-04   1.3390222E-04   2.6533277E-03   2.7992383E-03   8.8848522E-04  -3.3836459E+01   1.4525060E-01   3.6071775E+00  -2.9637656E+01   1.1418966E+00   7.1832898E+00   3.3269583E+01  -1.9546701E+00   4.5685254E-01   2.7592296E+00   1.9269759E+01   5.3616997E+01   2.1905077E-03   2.1182843E-03   1.2926936E-02   4.8629437E-03   3.3557245E-03   5.0525993E-03   1.2905650E-04   8.6993086E-04
 -1.5004429E-08   8.1944773E-07   2.6221328E-07   5.9519325E-06   2.1933698E-05  -3.3829415E-06   4.1988423E-06   1.2335907E-05   3.5104842E-06  -4.4541972E-03   2.0238572E-04   1.4163262E-03  -2.6334688E-02  -9.4903250E-03   4.0545254E-03   8.7049771E-03   2.2430281E-04   9.6026601E-04   2.8408762E-03   1.6526633E-03   2.1905077E-03   1.4321747E-03   2.2156198E-04   4.2030277E-05  -3.6474461E-04  -5.3939836E-05  -7.5605724E-05   7.5348143E-07   4.5466752E-07
 -1.5681905E-08   4.8099081E-07   3.0111120E-07   7.6534959E-07   8.3111477E-06   3.2321813E-07  -2.5422586E-06  -4.7906156E-06   2.9472926E-06   1.9881822E-03   1.2154913E-04   1.3708550E-03  -1.0297408E-02   1.0637638E-03   5.2032274E-03  -7.1163799E-04  -1.4207193E-04   9.3246964E-04   1.3490960E-03   2.3857638E-03   2.1182843E-03   2.2156198E-04   8.6717220E-04   9.7952116E-06   7.9050975E-04   2.6670840E-05  -8.1881809E-04   2.7675183E-07  -1.0751271E-07
 -1.9582551E-07   3.0352001E-06  -6.8365632E-07  -1.6652247E-05  -8.0758312E-06   2.7603090E-06  -2.1046393E-05  -2.5716626E-05   8.9244573E-06  -1.5786312E-02   9.4877966E-04  -6.3606327E-03   2.2815216E-02   2.8292908E-02   1.6540394E-02   1.7204596E-02   5.1871503E-03   6.2381199E-03  -1.3857804E-03  -5.1420661E-04   1.2926936E-02   4.2030277E-05   9.7952116E-06   7.2467189E-03  -3.0389213E-04   7.5070507E-04   3.9093992E-03   5.2335714E-07   3.7725816E-07
 -2.4138046E-07   1.7931578E-06   1.8506822E-08  -3.8724451E-06   1.8898784E-06   1.9941708E-06  -1.2066227E-06  -6.3218069E-06   3.7400092E-06   3.0452667E-03   1.7373876E-04   2.4778445E-03  -4.0713434E-02  -1.4635563E-03   6.4544203E-03  -2.0725381E-03  -1.8736406E-03   1.0176219E-03  -1.2903698E-04   2.0727957E-03   4.8629437E-03  -3.6474461E-04   7.9050975E-04  -3.0389213E-04   2.9964235E-03   4.0745624E-04  -1.6199986E-03   3.2339078E-07  -3.9717543E-07
 -4.9619331E-07   3.4888111E-06  -4.0492552E-07  -3.2729841E-07  -5.6013982E-06  -8.9812209E-06   1.6741898E-05   3.2338493E-05  -5.4659164E-06  -1.6691300E-02   2.4146976E-04   3.6311142E-03  -2.1370406E-02  -5.2082997E-03   9.8779112E-03   2.2827104E-02  -7.9774309E-04  -2.4521509E-03   3.6062320E-03   3.3983001E-03   3.3557245E-03  -5.3939836E-05   2.6670840E-05   7.5070507E-04   4.0745624E-04   6.3704843E-03   7.4937646E-03   8.1914120E-07  -1.5732392E-06
 -1.9511632E-06   8.2957271E-06  -6.3855761E-07   2.7715280E-05   3.7925471E-05  -4.9371446E-06   1.0543176E-04   1.2885688E-04  -3.2841989E-06  -1.9054187E-02   7.6257099E-04  -4.2513556E-03   4.0578114E-02  -3.2714515E-02  -1.7934725E-02  -1.2697406E-02   7.3254670E-04  -6.5658653E-03   1.7307707E-03   2.3668118E-03   5.0525993E-03  -7.5605724E-05  -8.1881809E-04   3.9093992E-03  -1.6199986E-03   7.4937646E-03   6.8744942E-02  -5.4643025E-07  -5.0251681E-06
  2.9369517E-09   1.0699675E-08   2.9214226E-10   2.5649560E-08   3.2929362E-07  -1.3240503E-07  -2.7592111E-07  -1.2143498E-07   2.6881801E-08  -2.5094043E-04   5.8569559E-06   8.0686710E-05   4.3701021E-03   2.0856110E-04   4.9480086E-04   5.1653441E-04  -2.4041267E-05   2.0580372E-04  -1.9176087E-04  -3.5285369E-05   1.2905650E-04   7.5348143E-07   2.7675183E-07   5.2335714E-07   3.2339078E-07   8.1914120E-07  -5.4643025E-07   3.7711886E-07  -9.8557419E-09
  1.5723508E-09   2.6434836E-08  -2.7327353E-09  -1.5715850E-07  -1.9996552E-07  -7.9373111E-08  -4.4949125E-07  -3.5504304E-07  -5.4230685E-09   7.9623784E-04   6.9353367E-07  -1.3362828E-05   1.6523915E-04   2.7971841E-04  -1.7845827E-04  -1.2757417E-03  -2.7484680E-05   2.2285946E-05   1.3240922E-05   4.4294672E-04   8.6993086E-04   4.5466752E-07  -1.0751271E-07   3.7725816E-07  -3.9717543E-07  -1.5732392E-06  -5.0251681E-06  -9.8557419E-09   3.8182179E-07
