# omegabh2 omegach2 theta tau nnu yhe logA ns calPlanck aps100 aps143 aps217 acib217 asz143 psr cibr xi aksz dust100 dust143 dust217 dust143x217 cal0 cal2 calTE calEE
  4.5180903E-08   4.2864864E-07  -6.2967740E-08   3.2022337E-07   3.5937933E-05   3.8831310E-08   1.8781591E-06   1.3684064E-06   2.9623670E-08   3.5350977E-04   8.9049277E-05  -1.2896285E-04   1.0405210E-04  -3.0168480E-06  -7.3962615E-07   2.8522868E-06  -1.3422348E-06   2.3506593E-05   1.9407044E-06   7.3000907E-07  -2.6844252E-07  -1.7265316E-07   8.4764561E-09   1.6382947E-08   9.2447050E-08   1.1470618E-07
  4.2864864E-07   1.3474741E-05  -2.0685579E-06  -1.0447193E-06   8.6543961E-04  -2.3813392E-06   3.0767908E-05   2.3045516E-05  -2.4838052E-07   1.6619289E-02   8.7693762E-03  -3.8331214E-03   4.7287531E-03  -5.3864785E-04  -3.4615766E-05   8.6829084E-05  -3.5503949E-05   1.3413118E-03   3.3334216E-05   2.5015081E-05  -2.5378115E-05   2.5521930E-06   5.4420384E-08   3.3249829E-07   3.8038311E-06   7.3050727E-06
 -6.2967740E-08  -2.0685579E-06   4.2355699E-07   6.7129036E-08  -1.3875465E-04   8.9324299E-07  -4.7382678E-06  -3.5909370E-06   3.4303677E-08  -2.4491736E-03  -1.2476469E-03   5.8660388E-04  -6.9831199E-04   7.2600797E-05   4.8387233E-06  -1.2131206E-05   5.7214389E-06  -1.8383376E-04  -4.4288212E-06  -3.1371700E-06   3.3202810E-06  -1.1031360E-06  -1.4079683E-08  -5.6705135E-08  -5.9362857E-07  -1.1046949E-06
  3.2022337E-07  -1.0447193E-06   6.7129036E-08   3.7479820E-05   1.1085235E-04   1.9200914E-07   7.0737444E-05   1.1580095E-05  -5.5646719E-07  -4.7093231E-03  -3.4921945E-03  -1.8082589E-04  -1.1690317E-03   1.3797910E-04   4.4767705E-06  -6.7716082E-06   1.1360156E-05  -4.3720225E-05  -7.0814331E-06   2.8811831E-05   6.1424365E-06   2.2143307E-06  -1.3507415E-07  -1.4890128E-07  -1.6658689E-06  -3.6480104E-07
  3.5937933E-05   8.6543961E-04  -1.3875465E-04   1.1085235E-04   6.1380947E-02  -1.5291886E-04   2.3918134E-03   1.8435197E-03   4.9972904E-06   1.1156076E+00   5.6463085E-01  -2.7252945E-01   3.2278350E-01  -3.3648662E-02  -2.1517690E-03   5.8259335E-03  -2.4064602E-03   9.1617222E-02   2.4521832E-03   1.3810595E-03  -1.7035508E-03   5.4870421E-05   7.3889130E-06   2.5313528E-05   2.8514012E-04   5.6597988E-04
  3.8831310E-08  -2.3813392E-06   8.9324299E-07   1.9200914E-07  -1.5291886E-04   1.4682959E-05  -1.6380906E-06   1.1294602E-06   1.4586245E-07   2.7251305E-03   1.8611459E-03  -3.2612201E-04   9.5583799E-04  -1.1911266E-04  -1.3826271E-06   8.5642344E-07  -1.2863889E-05   3.2099259E-04  -4.3938522E-06   1.5182241E-06  -1.5766296E-05  -4.3342123E-06  -1.0895021E-08  -1.0813375E-07   1.2207291E-06   1.9454101E-06
  1.8781591E-06   3.0767908E-05  -4.7382678E-06   7.0737444E-05   2.3918134E-03  -1.6380906E-06   2.4205606E-04   8.3193157E-05   1.0319617E-05   3.7303974E-02   1.6496813E-02  -3.8253629E-03   9.1934205E-03  -9.3634794E-04  -4.5443489E-05   1.6154103E-04  -3.8816738E-05   2.5392961E-03   6.8264887E-05   2.4431749E-05  -4.7835488E-05  -2.2221604E-05   5.1521632E-07   4.2498285E-07   7.2137933E-06   2.1546579E-05
  1.3684064E-06   2.3045516E-05  -3.5909370E-06   1.1580095E-05   1.8435197E-03   1.1294602E-06   8.3193157E-05   7.3610410E-05   9.9684819E-07   1.3591708E-02   1.0620606E-02  -1.9160471E-03   5.2563848E-03  -5.0460112E-04  -2.5494716E-06   1.0160203E-04   8.4548428E-07   1.2677612E-03   8.9561858E-05   6.8701636E-06  -3.4208887E-05  -2.4959933E-05   5.0272820E-08   5.3029713E-07   8.9934693E-06   1.6248767E-05
  2.9623670E-08  -2.4838052E-07   3.4303677E-08  -5.5646719E-07   4.9972904E-06   1.4586245E-07   1.0319617E-05   9.9684819E-07   6.0252181E-06   3.1561603E-03   3.6621865E-04   6.8861906E-04   8.1497377E-04   3.0979322E-05   2.6002740E-06   4.3032267E-06   5.6329716E-06   2.4476015E-05   5.2150257E-06   2.2727472E-06  -8.7860799E-07  -5.7452158E-06   3.4157568E-09  -6.1584833E-08   5.5316703E-08   3.9888946E-07
  3.5350977E-04   1.6619289E-02  -2.4491736E-03  -4.7093231E-03   1.1156076E+00   2.7251305E-03   3.7303974E-02   1.3591708E-02   3.1561603E-03   6.2860168E+02   6.8765257E+01  -5.5174259E+01   3.3123831E+01  -2.5818608E+01  -9.0516427E-01  -1.5946509E-01  -3.3691992E-01   1.3065229E+01  -5.3586152E-02   3.4302036E-01  -2.7633376E-01  -1.7801409E-01   7.1535117E-03   2.4277718E-03   9.4003028E-03   1.8857865E-02
  8.9049277E-05   8.7693762E-03  -1.2476469E-03  -3.4921945E-03   5.6463085E-01   1.8611459E-03   1.6496813E-02   1.0620606E-02   3.6621865E-04   6.8765257E+01   7.2061344E+01   5.1354038E+00   1.0833053E+01  -6.9881158E-01  -4.5018912E-02   4.8464716E-01   8.7693215E-01  -7.3187230E+00  -4.0684022E-03  -2.1686969E-01   1.2871419E-02   5.9444553E-02   1.0008884E-03   9.2629069E-04   5.8449863E-03   1.1229943E-02
 -1.2896285E-04  -3.8331214E-03   5.8660388E-04  -1.8082589E-04  -2.7252945E-01  -3.2612201E-04  -3.8253629E-03  -1.9160471E-03   6.8861906E-04  -5.5174259E+01   5.1354038E+00   1.7002718E+02  -8.1097066E+01   3.0524593E+00   3.5323374E-01  -1.0727334E+00   3.5046098E-01  -7.0959794E+00  -2.5336642E-02  -2.2205011E-01   5.3740093E-01  -6.5800420E-03   1.8204703E-03  -7.7493317E-03   2.2703140E-03   1.1781696E-03
  1.0405210E-04   4.7287531E-03  -6.9831199E-04  -1.1690317E-03   3.2278350E-01   9.5583799E-04   9.1934205E-03   5.2563848E-03   8.1497377E-04   3.3123831E+01   1.0833053E+01  -8.1097066E+01   5.1343943E+01   1.2954238E+00  -6.1000987E-02   7.6126946E-01  -2.3729547E-01  -2.1744038E+00   2.5808090E-02   1.3882568E-01  -4.3839744E-01  -1.0303851E-01  -5.8989970E-04   3.2194606E-03   3.2038230E-04   3.1748001E-03
 -3.0168480E-06  -5.3864785E-04   7.2600797E-05   1.3797910E-04  -3.3648662E-02  -1.1911266E-04  -9.3634794E-04  -5.0460112E-04   3.0979322E-05  -2.5818608E+01  -6.9881158E-01   3.0524593E+00   1.2954238E+00   4.3259879E+00   1.0589792E-01   1.5176697E-01  -3.4534036E-02  -3.5708988E+00  -1.2556052E-02  -6.5066107E-03   1.4642750E-02   5.9394047E-02   4.2116801E-04  -1.7516188E-04  -5.1078987E-04  -5.7623282E-04
 -7.3962615E-07  -3.4615766E-05   4.8387233E-06   4.4767705E-06  -2.1517690E-03  -1.3826271E-06  -4.5443489E-05  -2.5494716E-06   2.6002740E-06  -9.0516427E-01  -4.5018912E-02   3.5323374E-01  -6.1000987E-02   1.0589792E-01   1.7256473E-02  -1.7441686E-02   1.2283007E-02  -1.0204601E-01   1.1207477E-04  -1.1549750E-03  -2.7605771E-03   5.0152320E-03   1.7890319E-05  -4.4308125E-05  -1.1517310E-07  -1.2095508E-07
  2.8522868E-06   8.6829084E-05  -1.2131206E-05  -6.7716082E-06   5.8259335E-03   8.5642344E-07   1.6154103E-04   1.0160203E-04   4.3032267E-06  -1.5946509E-01   4.8464716E-01  -1.0727334E+00   7.6126946E-01   1.5176697E-01  -1.7441686E-02   7.1633444E-02   4.3882928E-03  -1.5956953E-01   5.0027036E-04   6.6826268E-03  -1.3050770E-04  -1.7948096E-02  -1.2526284E-05   1.1371561E-04  -5.6449263E-06   2.1096547E-05
 -1.3422348E-06  -3.5503949E-05   5.7214389E-06   1.1360156E-05  -2.4064602E-03  -1.2863889E-05  -3.8816738E-05   8.4548428E-07   5.6329716E-06  -3.3691992E-01   8.7693215E-01   3.5046098E-01  -2.3729547E-01  -3.4534036E-02   1.2283007E-02   4.3882928E-03   8.2316148E-02   2.4449680E-02   4.2953129E-04  -3.6460561E-04   5.7947741E-04  -2.4309549E-04   1.4253872E-05  -9.1369058E-06   2.4284183E-06  -9.1100046E-06
  2.3506593E-05   1.3413118E-03  -1.8383376E-04  -4.3720225E-05   9.1617222E-02   3.2099259E-04   2.5392961E-03   1.2677612E-03   2.4476015E-05   1.3065229E+01  -7.3187230E+00  -7.0959794E+00  -2.1744038E+00  -3.5708988E+00  -1.0204601E-01  -1.5956953E-01   2.4449680E-02   7.2346620E+00   4.4365996E-03   7.1783274E-03  -9.5209712E-03  -4.7497640E-02  -3.8559411E-04   4.3534027E-05   3.9498566E-04   6.7148170E-04
  1.9407044E-06   3.3334216E-05  -4.4288212E-06  -7.0814331E-06   2.4521832E-03  -4.3938522E-06   6.8264887E-05   8.9561858E-05   5.2150257E-06  -5.3586152E-02  -4.0684022E-03  -2.5336642E-02   2.5808090E-02  -1.2556052E-02   1.1207477E-04   5.0027036E-04   4.2953129E-04   4.4365996E-03   3.8455211E-02   3.3796333E-03  -3.3263431E-04  -2.4147346E-04   3.6837565E-05  -5.4106722E-06  -1.6899121E-05  -1.4589236E-05
  7.3000907E-07   2.5015081E-05  -3.1371700E-06   2.8811831E-05   1.3810595E-03   1.5182241E-06   2.4431749E-05   6.8701636E-06   2.2727472E-06   3.4302036E-01  -2.1686969E-01  -2.2205011E-01   1.3882568E-01  -6.5066107E-03  -1.1549750E-03   6.6826268E-03  -3.6460561E-04   7.1783274E-03   3.3796333E-03   3.1261069E-02  -5.1635733E-04   5.4497771E-03  -8.0540949E-05  -4.4471958E-05  -8.6494063E-05  -9.3618604E-05
 -2.6844252E-07  -2.5378115E-05   3.3202810E-06   6.1424365E-06  -1.7035508E-03  -1.5766296E-05  -4.7835488E-05  -3.4208887E-05  -8.7860799E-07  -2.7633376E-01   1.2871419E-02   5.3740093E-01  -4.3839744E-01   1.4642750E-02  -2.7605771E-03  -1.3050770E-04   5.7947741E-04  -9.5209712E-03  -3.3263431E-04  -5.1635733E-04   1.0504885E-02   8.3124798E-03   4.1685111E-06   6.2654096E-05   1.1454335E-06  -2.2415524E-05
 -1.7265316E-07   2.5521930E-06  -1.1031360E-06   2.2143307E-06   5.4870421E-05  -4.3342123E-06  -2.2221604E-05  -2.4959933E-05  -5.7452158E-06  -1.7801409E-01   5.9444553E-02  -6.5800420E-03  -1.0303851E-01   5.9394047E-02   5.0152320E-03  -1.7948096E-02  -2.4309549E-04  -4.7497640E-02  -2.4147346E-04   5.4497771E-03   8.3124798E-03   2.6227050E-02  -2.6365432E-06   5.4786247E-05  -2.9450728E-05  -1.3415192E-05
  8.4764561E-09   5.4420384E-08  -1.4079683E-08  -1.3507415E-07   7.3889130E-06  -1.0895021E-08   5.1521632E-07   5.0272820E-08   3.4157568E-09   7.1535117E-03   1.0008884E-03   1.8204703E-03  -5.8989970E-04   4.2116801E-04   1.7890319E-05  -1.2526284E-05   1.4253872E-05  -3.8559411E-04   3.6837565E-05  -8.0540949E-05   4.1685111E-06  -2.6365432E-06   1.1190772E-06   3.3540563E-08   3.6611966E-07   7.1850168E-07
  1.6382947E-08   3.3249829E-07  -5.6705135E-08  -1.4890128E-07   2.5313528E-05  -1.0813375E-07   4.2498285E-07   5.3029713E-07  -6.1584833E-08   2.4277718E-03   9.2629069E-04  -7.7493317E-03   3.2194606E-03  -1.7516188E-04  -4.4308125E-05   1.1371561E-04  -9.1369058E-06   4.3534027E-05  -5.4106722E-06  -4.4471958E-05   6.2654096E-05   5.4786247E-05   3.3540563E-08   2.4574899E-06   3.0246267E-07   3.6555707E-07
  9.2447050E-08   3.8038311E-06  -5.9362857E-07  -1.6658689E-06   2.8514012E-04   1.2207291E-06   7.2137933E-06   8.9934693E-06   5.5316703E-08   9.4003028E-03   5.8449863E-03   2.2703140E-03   3.2038230E-04  -5.1078987E-04  -1.1517310E-07  -5.6449263E-06   2.4284183E-06   3.9498566E-04  -1.6899121E-05  -8.6494063E-05   1.1454335E-06  -2.9450728E-05   3.6611966E-07   3.0246267E-07   2.4613540E-05   1.1220003E-05
  1.1470618E-07   7.3050727E-06  -1.1046949E-06  -3.6480104E-07   5.6597988E-04   1.9454101E-06   2.1546579E-05   1.6248767E-05   3.9888946E-07   1.8857865E-02   1.1229943E-02   1.1781696E-03   3.1748001E-03  -5.7623282E-04  -1.2095508E-07   2.1096547E-05  -9.1100046E-06   6.7148170E-04  -1.4589236E-05  -9.3618604E-05  -2.2415524E-05  -1.3415192E-05   7.1850168E-07   3.6555707E-07   1.1220003E-05   3.0314296E-05
