# omegam omegab H0 A ns DES_b1 DES_b2 DES_b3 DES_b4 DES_b5 DES_m1 DES_m2 DES_m3 DES_m4 DES_AIA DES_alphaIA DES_DzL1 DES_DzL2 DES_DzL3 DES_DzL4 DES_DzL5 DES_DzS1 DES_DzS2 DES_DzS3 DES_DzS4
  2.5523825E-04  -1.3893414E-05   9.2820700E-03  -6.9585019E-03  -5.5183433E-04   9.1805874E-04   1.0200898E-03   1.0253356E-03   1.2606085E-03   1.4028600E-03  -1.8758208E-06  -1.3193307E-07   2.5750945E-06   7.3625294E-06  -2.5960864E-04  -1.7314673E-03  -4.2074110E-07  -1.2350524E-06  -3.8765045E-06  -6.2395885E-06  -3.0670485E-06   8.2880467E-07   1.9796175E-06   1.3186410E-06   1.3586238E-05
 -1.3893414E-05   3.1280588E-06  -1.6795934E-03   5.4373093E-04   4.4498325E-05  -5.2545953E-05  -5.7923539E-05  -5.8315805E-05  -7.4221946E-05  -8.5288517E-05  -1.2142397E-07   3.4112523E-07  -1.2468707E-07  -1.8202501E-07   1.6611817E-05   1.5742864E-04   7.1998995E-08   5.1573638E-08   4.6618000E-07   1.0705781E-07   7.3807508E-08  -1.2274547E-07  -2.9785339E-07   4.6373553E-08  -1.0688280E-06
  9.2820700E-03  -1.6795934E-03   1.4343937E+00  -3.7316073E-01  -3.0396034E-02   3.4874993E-02   3.7346567E-02   3.8758777E-02   4.9340674E-02   5.6731811E-02   6.2637563E-05  -6.9756960E-05   2.3470959E-04   1.9903672E-04  -9.7240383E-03  -9.2776661E-02  -4.7878382E-05  -1.2487000E-04  -2.9892247E-04  -1.3474669E-04  -8.2385666E-05   1.7759181E-04   1.2503422E-04  -1.0675152E-04   6.0302959E-04
 -6.9585019E-03   5.4373093E-04  -3.7316073E-01   2.5818001E-01   1.5176178E-02  -3.7330137E-02  -4.3135385E-02  -4.3841753E-02  -5.3830228E-02  -5.9247786E-02   9.6621181E-06  -1.2122719E-04  -1.1421108E-03  -1.1668557E-03   7.9440909E-03  -3.7094737E-03   6.0378292E-05   1.3248044E-04   2.8589578E-04   2.3987227E-04   1.1982345E-04  -2.2517341E-05  -2.1622405E-04  -5.3658952E-04  -1.6083510E-03
 -5.5183433E-04   4.4498325E-05  -3.0396034E-02   1.5176178E-02   2.4839592E-03  -1.4650779E-03  -1.6590755E-03  -1.5587791E-03  -1.8050970E-03  -1.7241014E-03   3.7854718E-06   4.2213140E-06  -7.8579759E-06  -1.3680899E-05   7.7435013E-04   4.2834685E-03  -7.9464080E-07  -2.3387080E-06   5.6289878E-06   1.7451063E-06   8.6811732E-07  -7.0922270E-06  -6.8871234E-06  -2.9855793E-07  -3.2501502E-05
  9.1805874E-04  -5.2545953E-05   3.4874993E-02  -3.7330137E-02  -1.4650779E-03   1.2111645E-02   7.7094018E-03   7.9145585E-03   9.7441523E-03   1.0586676E-02   1.7933150E-05   6.8074000E-05   3.1783341E-04   2.9014542E-04  -1.3304908E-03   1.8570577E-02   1.2358777E-04  -2.8497110E-05  -4.8832100E-05  -3.9458687E-05  -4.1026640E-05   2.8223656E-06   7.1970378E-05   1.4143694E-04   3.4104964E-04
  1.0200898E-03  -5.7923539E-05   3.7346567E-02  -4.3135385E-02  -1.6590755E-03   7.7094018E-03   1.1727520E-02   9.3241606E-03   1.1428769E-02   1.2482008E-02  -5.8772111E-06   4.7698212E-05   3.8137694E-04   3.5684450E-04  -1.4738384E-03   1.3206120E-02  -1.2211146E-05   3.3530973E-05  -6.4178173E-05  -3.8664926E-05  -2.5590209E-05   3.4786662E-06   6.9942697E-05   1.7318498E-04   4.5768293E-04
  1.0253356E-03  -5.8315805E-05   3.8758777E-02  -4.3841753E-02  -1.5587791E-03   7.9145585E-03   9.3241606E-03   1.1236187E-02   1.1665513E-02   1.2776963E-02  -1.6050946E-05   4.7620837E-05   3.8385978E-04   3.6985348E-04  -1.3683899E-03   1.2254391E-02  -1.6028564E-05  -3.6641778E-05  -8.2590665E-06  -5.0985805E-05  -2.8701736E-05  -1.1083272E-05   5.6941438E-05   1.8395487E-04   4.6128008E-04
  1.2606085E-03  -7.4221946E-05   4.9340674E-02  -5.3830228E-02  -1.8050970E-03   9.7441523E-03   1.1428769E-02   1.1665513E-02   1.6594299E-02   1.5733889E-02  -9.1884129E-06   4.1547969E-05   4.4206531E-04   4.3268961E-04  -1.9155332E-03   1.0812142E-02  -1.7612777E-05  -4.4226293E-05  -8.4544490E-05   4.1664172E-05  -2.6246283E-05   3.0307194E-06   7.1009236E-05   2.2057462E-04   5.7604182E-04
  1.4028600E-03  -8.5288517E-05   5.6731811E-02  -5.9247786E-02  -1.7241014E-03   1.0586676E-02   1.2482008E-02   1.2776963E-02   1.5733889E-02   2.2448071E-02  -7.3125490E-06   6.4115207E-05   4.5628324E-04   4.6406217E-04  -1.7602835E-03   1.0968834E-02  -1.3656607E-05  -4.9563903E-05  -8.8788567E-05  -7.5239030E-05   8.3189836E-05   8.1931714E-06   7.4665800E-05   2.2035581E-04   5.8298914E-04
 -1.8758208E-06  -1.2142397E-07   6.2637563E-05   9.6621181E-06   3.7854718E-06   1.7933150E-05  -5.8772111E-06  -1.6050946E-05  -9.1884129E-06  -7.3125490E-06   5.2930884E-04   5.7386099E-06   1.5825634E-06  -4.9658749E-07  -1.8981924E-05  -3.1357385E-03   3.3779722E-06   8.7917032E-07   8.8220180E-08   3.7804727E-06   1.8389885E-06  -1.7120223E-05   5.9312183E-06   2.0473100E-06   3.3742810E-06
 -1.3193307E-07   3.4112523E-07  -6.9756960E-05  -1.2122719E-04   4.2213140E-06   6.8074000E-05   4.7698212E-05   4.7620837E-05   4.1547969E-05   6.4115207E-05   5.7386099E-06   5.1222611E-04   8.4691645E-06  -5.4360677E-07   2.2644988E-04  -1.9556963E-03   1.6838751E-06   9.9486358E-07   3.1135353E-06  -1.1167842E-06  -1.6797462E-06   9.5840919E-06  -2.1137695E-05   4.8538610E-06   3.4502816E-06
  2.5750945E-06  -1.2468707E-07   2.3470959E-04  -1.1421108E-03  -7.8579759E-06   3.1783341E-04   3.8137694E-04   3.8385978E-04   4.4206531E-04   4.5628324E-04   1.5825634E-06   8.4691645E-06   4.6214039E-04   4.3397256E-05  -8.5747376E-05   2.6163944E-03  -2.9270939E-06   1.3520921E-06   1.3631621E-06   3.0559359E-06  -7.0514866E-07   2.1829826E-06   1.3247395E-05  -2.3384818E-05   4.4607580E-05
  7.3625294E-06  -1.8202501E-07   1.9903672E-04  -1.1668557E-03  -1.3680899E-05   2.9014542E-04   3.5684450E-04   3.6985348E-04   4.3268961E-04   4.6406217E-04  -4.9658749E-07  -5.4360677E-07   4.3397256E-05   4.7983708E-04  -1.6136824E-04   1.9241267E-03  -1.9384273E-06  -1.8127634E-06  -7.0403468E-08   3.5544662E-07  -1.1462482E-06   4.8544197E-07   1.0657336E-05   2.1446105E-05  -5.2765976E-05
 -2.5960864E-04   1.6611817E-05  -9.7240383E-03   7.9440909E-03   7.7435013E-04  -1.3304908E-03  -1.4738384E-03  -1.3683899E-03  -1.9155332E-03  -1.7602835E-03  -1.8981924E-05   2.2644988E-04  -8.5747376E-05  -1.6136824E-04   3.1888616E-02   1.1571387E-01  -5.5994792E-05  -7.1347195E-05   3.5883884E-05  -1.7468557E-04  -5.3758033E-05   2.3506273E-04   2.5749234E-04   1.5732432E-04  -1.2648852E-04
 -1.7314673E-03   1.5742864E-04  -9.2776661E-02  -3.7094737E-03   4.2834685E-03   1.8570577E-02   1.3206120E-02   1.2254391E-02   1.0812142E-02   1.0968834E-02  -3.1357385E-03  -1.9556963E-03   2.6163944E-03   1.9241267E-03   1.1571387E-01   6.2651332E+00   1.6658316E-03   4.9245595E-04  -1.4947224E-04  -1.2842583E-03  -7.6386374E-04  -9.7152679E-03  -1.7329881E-03   1.9879654E-03   2.0912351E-03
 -4.2074110E-07   7.1998995E-08  -4.7878382E-05   6.0378292E-05  -7.9464080E-07   1.2358777E-04  -1.2211146E-05  -1.6028564E-05  -1.7612777E-05  -1.3656607E-05   3.3779722E-06   1.6838751E-06  -2.9270939E-06  -1.9384273E-06  -5.5994792E-05   1.6658316E-03   5.9133467E-05   7.3178601E-07  -3.6758809E-07   6.6395988E-07  -5.7229261E-07   6.3306072E-06   3.8316267E-07  -3.2199616E-07  -1.6200716E-06
 -1.2350524E-06   5.1573638E-08  -1.2487000E-04   1.3248044E-04  -2.3387080E-06  -2.8497110E-05   3.3530973E-05  -3.6641778E-05  -4.4226293E-05  -4.9563903E-05   8.7917032E-07   9.9486358E-07   1.3520921E-06  -1.8127634E-06  -7.1347195E-05   4.9245595E-04   7.3178601E-07   4.5771569E-05   1.1367558E-06   1.4592558E-06  -7.9148805E-07   9.5203316E-07   4.2664736E-06  -3.6364148E-07  -1.9322164E-06
 -3.8765045E-06   4.6618000E-07  -2.9892247E-04   2.8589578E-04   5.6289878E-06  -4.8832100E-05  -6.4178173E-05  -8.2590665E-06  -8.4544490E-05  -8.8788567E-05   8.8220180E-08   3.1135353E-06   1.3631621E-06  -7.0403468E-08   3.5883884E-05  -1.4947224E-04  -3.6758809E-07   1.1367558E-06   4.5029098E-05   1.8197121E-06  -5.9148131E-07  -1.5180140E-06   5.4890672E-06   3.8492455E-06  -3.5084068E-06
 -6.2395885E-06   1.0705781E-07  -1.3474669E-04   2.3987227E-04   1.7451063E-06  -3.9458687E-05  -3.8664926E-05  -5.0985805E-05   4.1664172E-05  -7.5239030E-05   3.7804727E-06  -1.1167842E-06   3.0559359E-06   3.5544662E-07  -1.7468557E-04  -1.2842583E-03   6.6395988E-07   1.4592558E-06   1.8197121E-06   8.2365964E-05   1.9179080E-06  -2.1106999E-07   3.7119923E-07   7.2973147E-06   9.0640434E-06
 -3.0670485E-06   7.3807508E-08  -8.2385666E-05   1.1982345E-04   8.6811732E-07  -4.1026640E-05  -2.5590209E-05  -2.8701736E-05  -2.6246283E-05   8.3189836E-05   1.8389885E-06  -1.6797462E-06  -7.0514866E-07  -1.1462482E-06  -5.3758033E-05  -7.6386374E-04  -5.7229261E-07  -7.9148805E-07  -5.9148131E-07   1.9179080E-06   9.4333622E-05   8.2463458E-07  -3.6962913E-08  -9.0399587E-07   7.3660682E-06
  8.2880467E-07  -1.2274547E-07   1.7759181E-04  -2.2517341E-05  -7.0922270E-06   2.8223656E-06   3.4786662E-06  -1.1083272E-05   3.0307194E-06   8.1931714E-06  -1.7120223E-05   9.5840919E-06   2.1829826E-06   4.8544197E-07   2.3506273E-04  -9.7152679E-03   6.3306072E-06   9.5203316E-07  -1.5180140E-06  -2.1106999E-07   8.2463458E-07   2.1155610E-04   1.5237774E-05   1.6995455E-06  -1.4594800E-06
  1.9796175E-06  -2.9785339E-07   1.2503422E-04  -2.1622405E-04  -6.8871234E-06   7.1970378E-05   6.9942697E-05   5.6941438E-05   7.1009236E-05   7.4665800E-05   5.9312183E-06  -2.1137695E-05   1.3247395E-05   1.0657336E-05   2.5749234E-04  -1.7329881E-03   3.8316267E-07   4.2664736E-06   5.4890672E-06   3.7119923E-07  -3.6962913E-08   1.5237774E-05   1.2315483E-04   6.8177742E-06   9.2319080E-06
  1.3186410E-06   4.6373553E-08  -1.0675152E-04  -5.3658952E-04  -2.9855793E-07   1.4143694E-04   1.7318498E-04   1.8395487E-04   2.2057462E-04   2.2035581E-04   2.0473100E-06   4.8538610E-06  -2.3384818E-05   2.1446105E-05   1.5732432E-04   1.9879654E-03  -3.2199616E-07  -3.6364148E-07   3.8492455E-06   7.2973147E-06  -9.0399587E-07   1.6995455E-06   6.8177742E-06   9.9258301E-05   2.6289339E-05
  1.3586238E-05  -1.0688280E-06   6.0302959E-04  -1.6083510E-03  -3.2501502E-05   3.4104964E-04   4.5768293E-04   4.6128008E-04   5.7604182E-04   5.8298914E-04   3.3742810E-06   3.4502816E-06   4.4607580E-05  -5.2765976E-05  -1.2648852E-04   2.0912351E-03  -1.6200716E-06  -1.9322164E-06  -3.5084068E-06   9.0640434E-06   7.3660682E-06  -1.4594800E-06   9.2319080E-06   2.6289339E-05   3.6869505E-04
