# omegabh2 omegach2 theta tau w logA ns calPlanck acib217 xi asz143 aps100 aps143 aps143217 aps217 aksz kgal100 kgal143 kgal143217 kgal217 galfEE100 galfEE100143 galfEE100217 galfEE143 galfEE143217 galfEE217 galfTE100 galfTE100143 galfTE100217 galfTE143 galfTE143217 galfTE217 cal0 cal2
    0.2500187E-07   -0.1385060E-06    0.2058755E-07    0.9478250E-06   -0.1367931E-05    0.1646616E-05    0.3879945E-06    0.1917816E-08   -0.1397046E-03    0.2835093E-05    0.3344986E-04   -0.5931387E-03   -0.2618500E-03   -0.2310462E-04    0.7228456E-04   -0.4980050E-04    0.1328846E-05   -0.5889199E-05   -0.8132999E-05    0.1925955E-04    0.5204720E-07    0.5836735E-07    0.3805986E-07    0.7608119E-07    0.2129903E-06    0.2087602E-06   -0.6997057E-07   -0.6731357E-07   -0.1479432E-06   -0.2964329E-06   -0.4433501E-06   -0.2743066E-05    0.2561784E-08   -0.1098882E-07
   -0.1385060E-06    0.2115757E-05   -0.1813156E-06   -0.1044030E-04   -0.1228730E-06   -0.1599758E-04   -0.5400058E-05   -0.1235211E-06    0.6429977E-03   -0.1217432E-04   -0.2035605E-03    0.3326152E-02    0.1664623E-02    0.2993586E-03   -0.1471432E-03    0.2230717E-03   -0.6073371E-05    0.1819683E-04    0.1757133E-04   -0.1219088E-03   -0.6905958E-06   -0.7692540E-06   -0.4059237E-06   -0.8687448E-06   -0.3352513E-06    0.1147076E-05    0.9545660E-06   -0.5198983E-07    0.5960888E-06    0.1267389E-05    0.1847679E-05    0.1779344E-04    0.8912256E-08    0.4624707E-07
    0.2058755E-07   -0.1813156E-06    0.9872675E-07    0.1077349E-05   -0.2654011E-06    0.1841530E-05    0.5641838E-06    0.1215490E-07   -0.4063095E-04    0.5170092E-06    0.1501206E-04   -0.2112086E-03   -0.1472448E-03   -0.5207992E-04   -0.1463913E-04   -0.2435399E-04   -0.2649856E-05    0.1872997E-05    0.3492098E-05    0.7933135E-05    0.4992202E-07    0.5549927E-07    0.1041069E-06    0.7921976E-07   -0.5136028E-07   -0.3001677E-06   -0.1586526E-06   -0.1906877E-07    0.1615518E-06   -0.4631173E-08   -0.7211416E-07   -0.2129013E-05    0.2300955E-09   -0.4124490E-08
    0.9478250E-06   -0.1044030E-04    0.1077349E-05    0.2931011E-03    0.6456766E-03    0.5561234E-03    0.3681074E-04   -0.2214956E-05   -0.1293179E-01    0.3805674E-03    0.2159567E-02   -0.5261587E-01   -0.1803419E-01    0.2985237E-02    0.9460259E-02   -0.4148792E-02    0.5412841E-04   -0.6663139E-03   -0.1535249E-02    0.5743069E-03    0.3334203E-05    0.3523277E-05    0.3424365E-05    0.4642565E-05    0.6722270E-05   -0.1491265E-04   -0.6306418E-05   -0.5753083E-05    0.1033427E-04   -0.1753323E-04   -0.1068635E-04   -0.7305839E-04   -0.1095589E-07   -0.1065276E-05
   -0.1367931E-05   -0.1228730E-06   -0.2654011E-06    0.6456766E-03    0.8085799E-01    0.1278894E-02    0.2467913E-04    0.6897356E-05    0.4394960E-01   -0.9844680E-03   -0.2831481E-02    0.7437192E-01   -0.2227927E-01   -0.4928117E-01   -0.7148310E-01    0.1953278E-01   -0.1039285E-02   -0.7415746E-04   -0.6603696E-02   -0.1615329E-01   -0.2801876E-05   -0.1070287E-04   -0.1003689E-03   -0.2467365E-04    0.1579873E-07   -0.4795810E-03    0.8185889E-04    0.4426974E-04   -0.2710896E-04    0.2616537E-03   -0.1327710E-03    0.2749376E-04   -0.1980162E-06    0.3313568E-05
    0.1646616E-05   -0.1599758E-04    0.1841530E-05    0.5561234E-03    0.1278894E-02    0.1091570E-02    0.5938606E-04    0.7686237E-05   -0.2444156E-01    0.7886449E-03    0.3829129E-02   -0.9050995E-01   -0.2991552E-01    0.1015574E-01    0.2490397E-01   -0.8616575E-02   -0.2571437E-04   -0.1667912E-02   -0.3598824E-02    0.1963442E-02    0.5929372E-05    0.5756923E-05    0.5846357E-05    0.9384916E-05    0.1118420E-04   -0.3103938E-04   -0.1243979E-04   -0.1052714E-04    0.1917795E-04   -0.3028369E-04   -0.1724286E-04   -0.9752944E-04    0.2719892E-06   -0.2266686E-05
    0.3879945E-06   -0.5400058E-05    0.5641838E-06    0.3681074E-04    0.2467913E-04    0.5938606E-04    0.2304027E-04    0.2468406E-06   -0.5364620E-02    0.1353126E-03    0.1322196E-02   -0.2882017E-01   -0.8321808E-02    0.2359908E-02    0.5437794E-02   -0.2660125E-02    0.2765054E-03   -0.1375908E-03   -0.3291264E-03    0.7217619E-03    0.2931319E-05    0.3271836E-05    0.1769333E-05    0.3728943E-05    0.4425579E-05   -0.9010775E-06   -0.2329118E-05    0.1163479E-06   -0.4107113E-06   -0.3074247E-05   -0.4746859E-05   -0.4014830E-04   -0.1646882E-06   -0.4070099E-06
    0.1917816E-08   -0.1235211E-06    0.1215490E-07   -0.2214956E-05    0.6897356E-05    0.7686237E-05    0.2468406E-06    0.6197546E-05    0.8733151E-03   -0.3062321E-05   -0.6081335E-06    0.4630023E-02    0.8377314E-03    0.5558248E-03    0.1408276E-02   -0.3506602E-04    0.4216363E-04    0.4597983E-04   -0.4866206E-04    0.5521895E-03    0.6716584E-06    0.5514958E-06    0.4401142E-06    0.1331687E-05   -0.4097917E-06    0.1120951E-06   -0.1037718E-05    0.7080286E-06   -0.1602767E-05    0.1354627E-05    0.8564875E-06    0.6068258E-05    0.9574251E-08   -0.6436308E-07
   -0.1397046E-03    0.6429977E-03   -0.4063095E-04   -0.1293179E-01    0.4394960E-01   -0.2444156E-01   -0.5364620E-02    0.8733151E-03    0.4286036E+02   -0.5087842E+00   -0.1465362E+01    0.4173989E+02   -0.2573405E+00   -0.2114356E+02   -0.6000963E+02    0.1902618E+00   -0.5340844E-01   -0.1505591E+00   -0.2137683E+01   -0.1832974E+02   -0.5958546E-03   -0.7961976E-03   -0.7920562E-03   -0.8959063E-03   -0.2716880E-02    0.1107802E-01   -0.1723304E-02    0.8885992E-03    0.6639327E-04    0.5479985E-02    0.3424144E-03   -0.2325682E-03   -0.2584158E-03    0.4293781E-02
    0.2835093E-05   -0.1217432E-04    0.5170092E-06    0.3805674E-03   -0.9844680E-03    0.7886449E-03    0.1353126E-03   -0.3062321E-05   -0.5087842E+00    0.8086291E-01   -0.6178426E-01   -0.6196157E+00    0.1036376E+01    0.1950261E+01    0.8102854E+00    0.6050439E-01   -0.5288958E-02    0.7694645E-02    0.1157670E+00    0.1182999E+00    0.1234150E-04    0.1024315E-04    0.2143068E-04    0.1069781E-04    0.2539315E-04   -0.3127714E-03    0.6587946E-04    0.5736699E-04   -0.2362179E-03    0.1310995E-03    0.2122999E-03   -0.1301458E-03    0.9037431E-05   -0.1859648E-04
    0.3344986E-04   -0.2035605E-03    0.1501206E-04    0.2159567E-02   -0.2831481E-02    0.3829129E-02    0.1322196E-02   -0.6081335E-06   -0.1465362E+01   -0.6178426E-01    0.3518609E+01   -0.2785308E+02   -0.3879970E+01    0.7163671E+01    0.5997795E+01   -0.2333515E+01   -0.1516523E+00    0.3578629E-01    0.2157451E+01    0.1819834E+01    0.1255886E-03    0.2475418E-03   -0.1748557E-04    0.3081928E-03   -0.1480760E-03   -0.4685706E-03    0.9955228E-05   -0.8152494E-03   -0.1717124E-03   -0.1055341E-02   -0.9712437E-03   -0.4325836E-02    0.1620971E-03   -0.3228145E-03
   -0.5931387E-03    0.3326152E-02   -0.2112086E-03   -0.5261587E-01    0.7437192E-01   -0.9050995E-01   -0.2882017E-01    0.4630023E-02    0.4173989E+02   -0.6196157E+00   -0.2785308E+02    0.7589974E+03    0.6577348E+02   -0.5878308E+02   -0.6796821E+02    0.1129857E+02   -0.3528047E+01    0.2309656E+01   -0.1132758E+02   -0.1375919E+02   -0.3234848E-02   -0.3582828E-02    0.8195549E-02   -0.4272928E-02   -0.6636475E-02   -0.1385646E-04    0.3187291E-02    0.1127354E-02    0.8221874E-02    0.1559159E-01    0.6324817E-02    0.7156079E-01    0.6109676E-02    0.4239442E-02
   -0.2618500E-03    0.1664623E-02   -0.1472448E-03   -0.1803419E-01   -0.2227927E-01   -0.2991552E-01   -0.8321808E-02    0.8377314E-03   -0.2573405E+00    0.1036376E+01   -0.3879970E+01    0.6577348E+02    0.6010573E+02    0.4443759E+02    0.1790933E+02   -0.4023606E+01   -0.2848638E+00   -0.1132613E+01    0.3556483E+01    0.3792501E+01   -0.1039194E-02   -0.1118157E-02    0.2830400E-02   -0.1492330E-02   -0.4268189E-02   -0.1012432E-01    0.1024238E-02    0.1013743E-02    0.1413814E-02    0.4614401E-02    0.1658127E-01    0.3993181E-01    0.1352967E-03    0.1188288E-03
   -0.2310462E-04    0.2993586E-03   -0.5207992E-04    0.2985237E-02   -0.4928117E-01    0.1015574E-01    0.2359908E-02    0.5558248E-03   -0.2114356E+02    0.1950261E+01    0.7163671E+01   -0.5878308E+02    0.4443759E+02    0.9869111E+02    0.6539551E+02   -0.1067494E+02   -0.6406034E+00   -0.4231091E+00    0.4391134E+01    0.4643173E+01    0.1201008E-03    0.5680661E-03    0.1701335E-02    0.3187792E-03   -0.2030657E-02   -0.1557388E-01    0.2204384E-02   -0.1533493E-02   -0.5189639E-02   -0.5589730E-03    0.9131409E-02    0.8628133E-02    0.7909112E-03   -0.2472084E-02
    0.7228456E-04   -0.1471432E-03   -0.1463913E-04    0.9460259E-02   -0.7148310E-01    0.2490397E-01    0.5437794E-02    0.1408276E-02   -0.6000963E+02    0.8102854E+00    0.5997795E+01   -0.6796821E+02    0.1790933E+02    0.6539551E+02    0.1187937E+03   -0.9025614E+01   -0.2335692E+00   -0.1052376E+00   -0.8723530E+00    0.1407209E+02    0.7858808E-03    0.1128728E-02    0.5495054E-03    0.1532187E-02    0.1708066E-02   -0.2015267E-01    0.2518014E-02   -0.1748816E-02    0.9469650E-03   -0.9857632E-02    0.4190483E-02    0.1057783E-01    0.6987802E-03   -0.7560603E-02
   -0.4980050E-04    0.2230717E-03   -0.2435399E-04   -0.4148792E-02    0.1953278E-01   -0.8616575E-02   -0.2660125E-02   -0.3506602E-04    0.1902618E+00    0.6050439E-01   -0.2333515E+01    0.1129857E+02   -0.4023606E+01   -0.1067494E+02   -0.9025614E+01    0.5396012E+01    0.6747377E-01   -0.4599945E-01   -0.1677156E+01   -0.1353098E+01   -0.2657872E-03   -0.3610393E-03   -0.3037084E-03   -0.4546218E-03    0.1943138E-04    0.1677980E-02    0.2197813E-03    0.1063741E-02   -0.5099334E-03    0.1657892E-02    0.2776057E-04    0.2944698E-02   -0.1247035E-03    0.1196409E-03
    0.1328846E-05   -0.6073371E-05   -0.2649856E-05    0.5412841E-04   -0.1039285E-02   -0.2571437E-04    0.2765054E-03    0.4216363E-04   -0.5340844E-01   -0.5288958E-02   -0.1516523E+00   -0.3528047E+01   -0.2848638E+00   -0.6406034E+00   -0.2335692E+00    0.6747377E-01    0.3413139E+01    0.4401534E+00    0.1906138E+00    0.2999769E+00   -0.1258496E-03    0.2834767E-04    0.1621680E-03    0.1980978E-04    0.2506449E-03    0.1394434E-02   -0.9446405E-03   -0.2953429E-03    0.7026401E-03   -0.2593539E-03   -0.3281250E-03   -0.3315421E-02    0.2959214E-03    0.1091205E-04
   -0.5889199E-05    0.1819683E-04    0.1872997E-05   -0.6663139E-03   -0.7415746E-04   -0.1667912E-02   -0.1375908E-03    0.4597983E-04   -0.1505591E+00    0.7694645E-02    0.3578629E-01    0.2309656E+01   -0.1132613E+01   -0.4231091E+00   -0.1052376E+00   -0.4599945E-01    0.4401534E+00    0.3380245E+01    0.2659045E+01    0.1951418E+01   -0.5554829E-04    0.1112592E-03    0.7034038E-03    0.1604216E-04   -0.9310491E-03    0.4513982E-02   -0.6349023E-03   -0.8118849E-03    0.4585483E-03    0.5151636E-03   -0.1223702E-03   -0.9762832E-03   -0.3116879E-03   -0.2230876E-03
   -0.8132999E-05    0.1757133E-04    0.3492098E-05   -0.1535249E-02   -0.6603696E-02   -0.3598824E-02   -0.3291264E-03   -0.4866206E-04   -0.2137683E+01    0.1157670E+00    0.2157451E+01   -0.1132758E+02    0.3556483E+01    0.4391134E+01   -0.8723530E+00   -0.1677156E+01    0.1906138E+00    0.2659045E+01    0.1716952E+02    0.2582161E+02   -0.3176646E-03   -0.1080693E-03    0.1742031E-02   -0.1191950E-03   -0.3123435E-02   -0.5819283E-02   -0.5660756E-03   -0.2026042E-02   -0.6355990E-03   -0.3777282E-03    0.9985232E-03    0.1061776E-01   -0.6487558E-04    0.2555485E-02
    0.1925955E-04   -0.1219088E-03    0.7933135E-05    0.5743069E-03   -0.1615329E-01    0.1963442E-02    0.7217619E-03    0.5521895E-03   -0.1832974E+02    0.1182999E+00    0.1819834E+01   -0.1375919E+02    0.3792501E+01    0.4643173E+01    0.1407209E+02   -0.1353098E+01    0.2999769E+00    0.1951418E+01    0.2582161E+02    0.5480666E+02   -0.2095271E-03    0.9596307E-04    0.3470830E-02    0.1651311E-03   -0.3186764E-02   -0.1582912E-01   -0.7205105E-03   -0.3026174E-02   -0.2520414E-02   -0.2519107E-02   -0.1383581E-02    0.1579957E-01    0.3319394E-04    0.4613295E-02
    0.5204720E-07   -0.6905958E-06    0.4992202E-07    0.3334203E-05   -0.2801876E-05    0.5929372E-05    0.2931319E-05    0.6716584E-06   -0.5958546E-03    0.1234150E-04    0.1255886E-03   -0.3234848E-02   -0.1039194E-02    0.1201008E-03    0.7858808E-03   -0.2657872E-03   -0.1258496E-03   -0.5554829E-04   -0.3176646E-03   -0.2095271E-03    0.3154768E-04    0.8921202E-05    0.2213313E-05    0.3381854E-05    0.9180900E-06    0.8270531E-05   -0.3369509E-05   -0.7262309E-06   -0.4710824E-06   -0.6371360E-06   -0.1451410E-05   -0.9176935E-05   -0.4737426E-07   -0.1146027E-06
    0.5836735E-07   -0.7692540E-06    0.5549927E-07    0.3523277E-05   -0.1070287E-04    0.5756923E-05    0.3271836E-05    0.5514958E-06   -0.7961976E-03    0.1024315E-04    0.2475418E-03   -0.3582828E-02   -0.1118157E-02    0.5680661E-03    0.1128728E-02   -0.3610393E-03    0.2834767E-04    0.1112592E-03   -0.1080693E-03    0.9596307E-04    0.8921202E-05    0.2505723E-04    0.4688840E-06    0.1220978E-04   -0.5568325E-06    0.6078976E-05    0.6074105E-06   -0.1479862E-05   -0.1077690E-05   -0.2291189E-05   -0.2133629E-05   -0.1008510E-04   -0.8382321E-07   -0.1427562E-06
    0.3805986E-07   -0.4059237E-06    0.1041069E-06    0.3424365E-05   -0.1003689E-03    0.5846357E-05    0.1769333E-05    0.4401142E-06   -0.7920562E-03    0.2143068E-04   -0.1748557E-04    0.8195549E-02    0.2830400E-02    0.1701335E-02    0.5495054E-03   -0.3037084E-03    0.1621680E-03    0.7034038E-03    0.1742031E-02    0.3470830E-02    0.2213313E-05    0.4688840E-06    0.1063251E-02   -0.2466747E-05    0.5452576E-05    0.1144607E-04    0.4410881E-05   -0.3943754E-06    0.1188508E-04   -0.4695930E-05    0.3625834E-05    0.2509618E-05   -0.1857668E-06    0.1452967E-06
    0.7608119E-07   -0.8687448E-06    0.7921976E-07    0.4642565E-05   -0.2467365E-04    0.9384916E-05    0.3728943E-05    0.1331687E-05   -0.8959063E-03    0.1069781E-04    0.3081928E-03   -0.4272928E-02   -0.1492330E-02    0.3187792E-03    0.1532187E-02   -0.4546218E-03    0.1980978E-04    0.1604216E-04   -0.1191950E-03    0.1651311E-03    0.3381854E-05    0.1220978E-04   -0.2466747E-05    0.4672970E-04   -0.3521443E-06    0.7051838E-05    0.5588240E-06    0.1903567E-06    0.3188824E-08   -0.2752050E-05    0.4636627E-05   -0.2461905E-05   -0.1005456E-06   -0.1866005E-06
    0.2129903E-06   -0.3352513E-06   -0.5136028E-07    0.6722270E-05    0.1579873E-07    0.1118420E-04    0.4425579E-05   -0.4097917E-06   -0.2716880E-02    0.2539315E-04   -0.1480760E-03   -0.6636475E-02   -0.4268189E-02   -0.2030657E-02    0.1708066E-02    0.1943138E-04    0.2506449E-03   -0.9310491E-03   -0.3123435E-02   -0.3186764E-02    0.9180900E-06   -0.5568325E-06    0.5452576E-05   -0.3521443E-06    0.2141541E-02    0.5678240E-04   -0.1485083E-04    0.2631058E-05    0.3256994E-04   -0.1193168E-04    0.3298858E-04   -0.3585065E-04   -0.4030217E-07   -0.6438076E-06
    0.2087602E-06    0.1147076E-05   -0.3001677E-06   -0.1491265E-04   -0.4795810E-03   -0.3103938E-04   -0.9010775E-06    0.1120951E-06    0.1107802E-01   -0.3127714E-03   -0.4685706E-03   -0.1385646E-04   -0.1012432E-01   -0.1557388E-01   -0.2015267E-01    0.1677980E-02    0.1394434E-02    0.4513982E-02   -0.5819283E-02   -0.1582912E-01    0.8270531E-05    0.6078976E-05    0.1144607E-04    0.7051838E-05    0.5678240E-04    0.1700083E-01   -0.1890613E-04   -0.9651869E-05   -0.1228589E-03   -0.1397854E-06   -0.1560800E-03   -0.3359416E-03   -0.6907573E-06   -0.1217568E-05
   -0.6997057E-07    0.9545660E-06   -0.1586526E-06   -0.6306418E-05    0.8185889E-04   -0.1243979E-04   -0.2329118E-05   -0.1037718E-05   -0.1723304E-02    0.6587946E-04    0.9955228E-05    0.3187291E-02    0.1024238E-02    0.2204384E-02    0.2518014E-02    0.2197813E-03   -0.9446405E-03   -0.6349023E-03   -0.5660756E-03   -0.7205105E-03   -0.3369509E-05    0.6074105E-06    0.4410881E-05    0.5588240E-06   -0.1485083E-04   -0.1890613E-04    0.1423730E-02    0.2923480E-03    0.8422704E-04   -0.3806508E-03   -0.9882700E-04   -0.3754512E-04    0.1200807E-06   -0.2537265E-06
   -0.6731357E-07   -0.5198983E-07   -0.1906877E-07   -0.5753083E-05    0.4426974E-04   -0.1052714E-04    0.1163479E-06    0.7080286E-06    0.8885992E-03    0.5736699E-04   -0.8152494E-03    0.1127354E-02    0.1013743E-02   -0.1533493E-02   -0.1748816E-02    0.1063741E-02   -0.2953429E-03   -0.8118849E-03   -0.2026042E-02   -0.3026174E-02   -0.7262309E-06   -0.1479862E-05   -0.3943754E-06    0.1903567E-06    0.2631058E-05   -0.9651869E-05    0.2923480E-03    0.8485054E-03    0.4217903E-04    0.7251715E-03    0.4241539E-04   -0.6471940E-03   -0.4289587E-06   -0.1217469E-06
   -0.1479432E-06    0.5960888E-06    0.1615518E-06    0.1033427E-04   -0.2710896E-04    0.1917795E-04   -0.4107113E-06   -0.1602767E-05    0.6639327E-04   -0.2362179E-03   -0.1717124E-03    0.8221874E-02    0.1413814E-02   -0.5189639E-02    0.9469650E-03   -0.5099334E-03    0.7026401E-03    0.4585483E-03   -0.6355990E-03   -0.2520414E-02   -0.4710824E-06   -0.1077690E-05    0.1188508E-04    0.3188824E-08    0.3256994E-04   -0.1228589E-03    0.8422704E-04    0.4217903E-04    0.7080627E-02   -0.2914031E-03    0.7875590E-03    0.4543673E-02    0.6996790E-06   -0.5159691E-06
   -0.2964329E-06    0.1267389E-05   -0.4631173E-08   -0.1753323E-04    0.2616537E-03   -0.3028369E-04   -0.3074247E-05    0.1354627E-05    0.5479985E-02    0.1310995E-03   -0.1055341E-02    0.1559159E-01    0.4614401E-02   -0.5589730E-03   -0.9857632E-02    0.1657892E-02   -0.2593539E-03    0.5151636E-03   -0.3777282E-03   -0.2519107E-02   -0.6371360E-06   -0.2291189E-05   -0.4695930E-05   -0.2752050E-05   -0.1193168E-04   -0.1397854E-06   -0.3806508E-03    0.7251715E-03   -0.2914031E-03    0.2885774E-02    0.5003134E-03   -0.8551168E-03   -0.5979305E-06    0.3322288E-06
   -0.4433501E-06    0.1847679E-05   -0.7211416E-07   -0.1068635E-04   -0.1327710E-03   -0.1724286E-04   -0.4746859E-05    0.8564875E-06    0.3424144E-03    0.2122999E-03   -0.9712437E-03    0.6324817E-02    0.1658127E-01    0.9131409E-02    0.4190483E-02    0.2776057E-04   -0.3281250E-03   -0.1223702E-03    0.9985232E-03   -0.1383581E-02   -0.1451410E-05   -0.2133629E-05    0.3625834E-05    0.4636627E-05    0.3298858E-04   -0.1560800E-03   -0.9882700E-04    0.4241539E-04    0.7875590E-03    0.5003134E-03    0.6510101E-02    0.8010358E-02   -0.2209499E-06   -0.1215520E-06
   -0.2743066E-05    0.1779344E-04   -0.2129013E-05   -0.7305839E-04    0.2749376E-04   -0.9752944E-04   -0.4014830E-04    0.6068258E-05   -0.2325682E-03   -0.1301458E-03   -0.4325836E-02    0.7156079E-01    0.3993181E-01    0.8628133E-02    0.1057783E-01    0.2944698E-02   -0.3315421E-02   -0.9762832E-03    0.1061776E-01    0.1579957E-01   -0.9176935E-05   -0.1008510E-04    0.2509618E-05   -0.2461905E-05   -0.3585065E-04   -0.3359416E-03   -0.3754512E-04   -0.6471940E-03    0.4543673E-02   -0.8551168E-03    0.8010358E-02    0.6532945E-01    0.1153808E-05   -0.1512004E-05
    0.2561784E-08    0.8912256E-08    0.2300955E-09   -0.1095589E-07   -0.1980162E-06    0.2719892E-06   -0.1646882E-06    0.9574251E-08   -0.2584158E-03    0.9037431E-05    0.1620971E-03    0.6109676E-02    0.1352967E-03    0.7909112E-03    0.6987802E-03   -0.1247035E-03    0.2959214E-03   -0.3116879E-03   -0.6487558E-04    0.3319394E-04   -0.4737426E-07   -0.8382321E-07   -0.1857668E-06   -0.1005456E-06   -0.4030217E-07   -0.6907573E-06    0.1200807E-06   -0.4289587E-06    0.6996790E-06   -0.5979305E-06   -0.2209499E-06    0.1153808E-05    0.5984435E-06    0.4273280E-08
   -0.1098882E-07    0.4624707E-07   -0.4124490E-08   -0.1065276E-05    0.3313568E-05   -0.2266686E-05   -0.4070099E-06   -0.6436308E-07    0.4293781E-02   -0.1859648E-04   -0.3228145E-03    0.4239442E-02    0.1188288E-03   -0.2472084E-02   -0.7560603E-02    0.1196409E-03    0.1091205E-04   -0.2230876E-03    0.2555485E-02    0.4613295E-02   -0.1146027E-06   -0.1427562E-06    0.1452967E-06   -0.1866005E-06   -0.6438076E-06   -0.1217568E-05   -0.2537265E-06   -0.1217469E-06   -0.5159691E-06    0.3322288E-06   -0.1215520E-06   -0.1512004E-05    0.4273280E-08    0.2082890E-05
