# omegabh2 omegach2 theta nnu logA ns
    0.8311187E-06    0.1424545E-05    0.8298664E-06    0.1238589E-04   -0.2474188E-05    0.1431012E-06
    0.1424545E-05    0.1245576E-02   -0.5243081E-03    0.8708635E-01    0.4955412E-03   -0.1255687E-03
    0.8298664E-06   -0.5243081E-03    0.8473232E-03   -0.6329124E-01   -0.3258284E-02   -0.6597045E-04
    0.1238589E-04    0.8708635E-01   -0.6329124E-01    0.7310151E+01    0.1663177E+00   -0.3683972E-02
   -0.2474188E-05    0.4955412E-03   -0.3258284E-02    0.1663177E+00    0.1620081E-01    0.7952337E-03
    0.1431012E-06   -0.1255687E-03   -0.6597045E-04   -0.3683972E-02    0.7952337E-03    0.4088216E-03
