# omegabh2 omegach2 theta tau w logA ns calPlanck acib217 xi asz143 aps100 aps143 aps143217 aps217 aksz kgal100 kgal143 kgal143217 kgal217 cal0 cal2
  3.9830456E-08  -1.3871451E-07   3.0898482E-08   2.7880753E-07   4.6295300E-06   3.7128770E-07   4.4904943E-07   2.5692721E-08  -1.4812076E-04   1.5896077E-06   3.6356057E-05  -6.2006827E-04  -4.3128705E-04  -1.6938944E-04  -1.9982015E-05  -5.3963578E-05   6.2397441E-06  -3.9989618E-06  -1.0516901E-05   3.7201409E-05   2.6385453E-10  -4.1813741E-09
 -1.3871451E-07   3.1260745E-06  -2.5736718E-07  -2.6830564E-06  -8.7509133E-05   1.9078929E-06  -6.7968938E-06  -1.5317155E-07   1.7719733E-05   7.2473014E-07   2.3525333E-05  -8.8180337E-04   7.1155125E-04   8.2125699E-04   6.4128228E-04  -4.5398772E-05   1.3103588E-05  -1.0686370E-05   1.3374326E-05   4.2255977E-05  -1.9911873E-08  -3.8918822E-09
  3.0898482E-08  -2.5736718E-07   1.9506794E-07   3.1184047E-07   1.0775205E-05   2.4550764E-07   8.0139705E-07   2.9135009E-08   3.2348149E-05  -3.0215991E-06   2.9068628E-06  -1.1389621E-04  -1.5437645E-04  -1.5501261E-04  -1.0927476E-04   6.0476312E-06   8.9678952E-06   5.7338131E-06  -1.7058089E-05  -4.5299598E-05   1.2502177E-09  -5.8905426E-10
  2.7880753E-07  -2.6830564E-06   3.1184047E-07   4.7075190E-05   7.8772201E-05   8.7126054E-05   8.6647122E-06  -3.4376394E-07  -2.1231805E-03   7.1654004E-06   4.6337208E-04  -9.2016892E-03  -5.4702619E-03  -2.0687159E-03   2.8052272E-04  -7.4449153E-04  -9.2275645E-05  -2.3094579E-04  -3.5661644E-04   1.5007202E-04  -1.6242802E-08  -5.8014114E-08
  4.6295300E-06  -8.7509133E-05   1.0775205E-05   7.8772201E-05   4.5938826E-03  -3.6736476E-05   1.9784610E-04   6.8951114E-06  -2.2564562E-03  -8.3813435E-06   4.5253076E-04  -5.7098766E-03  -2.0104812E-02  -1.9401458E-02  -1.2202229E-02  -5.6863819E-04   7.2565661E-04  -3.0760240E-04   3.1166969E-04   7.9358557E-04   4.9052156E-07  -3.9157125E-09
  3.7128770E-07   1.9078929E-06   2.4550764E-07   8.7126054E-05  -3.6736476E-05   2.0607925E-04   2.9353510E-07   1.1480844E-05  -4.7649284E-03   6.9658179E-05   1.2284253E-03  -1.9966057E-02  -8.6840062E-03   9.9078506E-04   8.5485243E-03  -2.6052243E-03  -5.3817946E-04  -1.2372652E-03  -1.2563116E-03   1.8025425E-03   8.2680832E-08  -1.1306508E-07
  4.4904943E-07  -6.7968938E-06   8.0139705E-07   8.6647122E-06   1.9784610E-04   2.9353510E-07   2.5699547E-05   5.5013351E-07  -4.4749700E-03   9.6235494E-05   9.4100465E-04  -2.2654819E-02  -8.0025224E-03   1.5213300E-04   3.7267250E-03  -2.2513651E-03   3.6857627E-04  -2.7615537E-04  -3.3864545E-04   1.1299606E-03  -8.6847827E-08  -8.1189579E-08
  2.5692721E-08  -1.5317155E-07   2.9135009E-08  -3.4376394E-07   6.8951114E-06   1.1480844E-05   5.5013351E-07   6.2233829E-06   6.2028355E-04   3.4976215E-06   1.1895611E-04   2.7180112E-03   3.0856999E-04   6.8713642E-04   1.5241376E-03  -9.0325715E-05   1.2550941E-06  -3.9064975E-05   3.1233223E-05   7.8769680E-04  -1.2964893E-09   1.3590825E-08
 -1.4812076E-04   1.7719733E-05   3.2348149E-05  -2.1231805E-03  -2.2564562E-03  -4.7649284E-03  -4.4749700E-03   6.2028355E-04   4.4968284E+01  -4.1097802E-01  -7.6664717E-01   3.7439808E+01   2.9206220E+00  -1.3027744E+01  -5.5247757E+01  -2.0005423E-01   2.6018676E-01   7.8753658E-01  -5.2344688E+00  -3.2450149E+01  -1.8554914E-04   7.9447400E-04
  1.5896077E-06   7.2473014E-07  -3.0215991E-06   7.1654004E-06  -8.3813435E-06   6.9658179E-05   9.6235494E-05   3.4976215E-06  -4.1097802E-01   8.1539621E-02  -5.0883749E-02  -5.9997001E-01   8.7584463E-01   1.6323303E+00   6.5568142E-01   4.7695949E-02   6.2599530E-04  -3.3720268E-03   8.4142255E-02   1.2392045E-01   4.8546281E-06  -3.8839732E-06
  3.6356057E-05   2.3525333E-05   2.9068628E-06   4.6337208E-04   4.5253076E-04   1.2284253E-03   9.4100465E-04   1.1895611E-04  -7.6664717E-01  -5.0883749E-02   4.0243135E+00  -3.1595272E+01  -3.4442192E+00   7.9828726E+00   5.2763685E+00  -2.9431901E+00  -2.2260647E-01   2.1029043E-01   2.7568498E+00   3.4354127E+00   8.8893528E-05  -3.7904418E-05
 -6.2006827E-04  -8.8180337E-04  -1.1389621E-04  -9.2016892E-03  -5.7098766E-03  -1.9966057E-02  -2.2654819E-02   2.7180112E-03   3.7439808E+01  -5.9997001E-01  -3.1595272E+01   8.0534702E+02   7.4594915E+01  -5.5423564E+01  -5.9334377E+01   1.4975249E+01  -5.9471007E+00   5.6306526E+00  -1.2896460E+01  -2.5686260E+01   4.0354577E-03   6.8639975E-04
 -4.3128705E-04   7.1155125E-04  -1.5437645E-04  -5.4702619E-03  -2.0104812E-02  -8.6840062E-03  -8.0025224E-03   3.0856999E-04   2.9206220E+00   8.7584463E-01  -3.4442192E+00   7.4594915E+01   6.3834309E+01   4.0888502E+01   1.5768340E+01  -4.9524359E+00  -4.6860483E-01  -1.5300990E+00   3.1167706E+00   3.4698318E+00   1.5818287E-04   1.5877621E-04
 -1.6938944E-04   8.2125699E-04  -1.5501261E-04  -2.0687159E-03  -1.9401458E-02   9.9078506E-04   1.5213300E-04   6.8713642E-04  -1.3027744E+01   1.6323303E+00   7.9828726E+00  -5.5423564E+01   4.0888502E+01   8.6364163E+01   5.4966535E+01  -1.2582557E+01  -8.3762848E-01  -8.7448915E-01   4.8026311E+00   8.2013768E+00   4.6222961E-04  -3.8972583E-04
 -1.9982015E-05   6.4128228E-04  -1.0927476E-04   2.8052272E-04  -1.2202229E-02   8.5485243E-03   3.7267250E-03   1.5241376E-03  -5.5247757E+01   6.5568142E-01   5.2763685E+00  -5.9334377E+01   1.5768340E+01   5.4966535E+01   1.0545932E+02  -9.6106672E+00  -8.5954984E-01  -1.6007809E+00   4.7796398E+00   3.2426891E+01   4.6748260E-04  -1.3631967E-03
 -5.3963578E-05  -4.5398772E-05   6.0476312E-06  -7.4449153E-04  -5.6863819E-04  -2.6052243E-03  -2.2513651E-03  -9.0325715E-05  -2.0005423E-01   4.7695949E-02  -2.9431901E+00   1.4975249E+01  -4.9524359E+00  -1.2582557E+01  -9.6106672E+00   6.3133663E+00   1.8031027E-01  -2.1457429E-01  -2.2129627E+00  -2.5043114E+00  -6.3189697E-05  -1.2832915E-05
  6.2397441E-06   1.3103588E-05   8.9678952E-06  -9.2275645E-05   7.2565661E-04  -5.3817946E-04   3.6857627E-04   1.2550941E-06   2.6018676E-01   6.2599530E-04  -2.2260647E-01  -5.9471007E+00  -4.6860483E-01  -8.3762848E-01  -8.5954984E-01   1.8031027E-01   3.3531669E+00   5.6907283E-01   1.3307683E-01   2.0450643E-02   1.7315723E-04  -9.3616958E-06
 -3.9989618E-06  -1.0686370E-05   5.7338131E-06  -2.3094579E-04  -3.0760240E-04  -1.2372652E-03  -2.7615537E-04  -3.9064975E-05   7.8753658E-01  -3.3720268E-03   2.1029043E-01   5.6306526E+00  -1.5300990E+00  -8.7448915E-01  -1.6007809E+00  -2.1457429E-01   5.6907283E-01   3.2427279E+00   2.7321872E+00   2.6592937E+00  -1.9676503E-04  -4.0687623E-05
 -1.0516901E-05   1.3374326E-05  -1.7058089E-05  -3.5661644E-04   3.1166969E-04  -1.2563116E-03  -3.3864545E-04   3.1233223E-05  -5.2344688E+00   8.4142255E-02   2.7568498E+00  -1.2896460E+01   3.1167706E+00   4.8026311E+00   4.7796398E+00  -2.2129627E+00   1.3307683E-01   2.7321872E+00   1.0717497E+01   1.8977912E+01  -4.7948270E-05   3.9869712E-04
  3.7201409E-05   4.2255977E-05  -4.5299598E-05   1.5007202E-04   7.9358557E-04   1.8025425E-03   1.1299606E-03   7.8769680E-04  -3.2450149E+01   1.2392045E-01   3.4354127E+00  -2.5686260E+01   3.4698318E+00   8.2013768E+00   3.2426891E+01  -2.5043114E+00   2.0450643E-02   2.6592937E+00   1.8977912E+01   5.2659311E+01   2.5739135E-05   8.6910126E-04
  2.6385453E-10  -1.9911873E-08   1.2502177E-09  -1.6242802E-08   4.9052156E-07   8.2680832E-08  -8.6847827E-08  -1.2964893E-09  -1.8554914E-04   4.8546281E-06   8.8893528E-05   4.0354577E-03   1.5818287E-04   4.6222961E-04   4.6748260E-04  -6.3189697E-05   1.7315723E-04  -1.9676503E-04  -4.7948270E-05   2.5739135E-05   3.8491379E-07  -3.7235423E-09
 -4.1813741E-09  -3.8918822E-09  -5.8905426E-10  -5.8014114E-08  -3.9157125E-09  -1.1306508E-07  -8.1189579E-08   1.3590825E-08   7.9447400E-04  -3.8839732E-06  -3.7904418E-05   6.8639975E-04   1.5877621E-04  -3.8972583E-04  -1.3631967E-03  -1.2832915E-05  -9.3616958E-06  -4.0687623E-05   3.9869712E-04   8.6910126E-04  -3.7235423E-09   3.8550177E-07
