# omegabh2 omegach2 theta tau logA ns calPlanck
  6.5657757E-08  -2.0392305E-07   3.5951379E-08   3.3187744E-07   8.9221741E-07   1.6963892E-06   2.5880918E-08
 -2.0392305E-07   4.2608179E-06  -3.6006772E-07  -2.2710643E-06   6.7956865E-06  -1.0059034E-05  -1.3402031E-07
  3.5951379E-08  -3.6006772E-07   2.5951918E-07   2.7789688E-07  -8.0085109E-08   1.2926074E-06   4.2500923E-08
  3.3187744E-07  -2.2710643E-06   2.7789688E-07   4.0551330E-05   8.0957827E-05   1.6184196E-05   3.3911036E-08
  8.9221741E-07   6.7956865E-06  -8.0085109E-08   8.0957827E-05   2.6684969E-04   3.4272888E-05   1.3117652E-05
  1.6963892E-06  -1.0059034E-05   1.2926074E-06   1.6184196E-05   3.4272888E-05   1.2563622E-04   1.0446581E-06
  2.5880918E-08  -1.3402031E-07   4.2500923E-08   3.3911036E-08   1.3117652E-05   1.0446581E-06   6.3498226E-06
