# omegabh2 omegach2 theta tau logA ns nrun galfTE100 galfTE100143 galfTE100217 galfTE143 galfTE143217 galfTE217 cal0 cal2 calPlanck
  6.6438650E-08  -2.6572239E-07   3.8605487E-08   1.7495267E-07   1.7094253E-07   2.3056201E-06   1.3783555E-06  -1.1077207E-07   3.9916192E-08   4.0479564E-08  -3.6390875E-07  -7.3277452E-07  -3.5756398E-06   2.4426947E-09   2.7017147E-09   2.5937820E-08
 -2.6572239E-07   4.7934148E-06  -3.9404495E-07  -4.8383451E-07   1.4222716E-05  -2.0355576E-05  -2.0043605E-05   7.3206503E-07  -5.4668636E-07  -3.0391378E-06   1.9726702E-06   3.8823419E-06   3.3774352E-05   4.8335798E-09   7.1016009E-09  -1.3490324E-07
  3.8605487E-08  -3.9404495E-07   2.5573598E-07   1.4553537E-07  -6.1964475E-07   1.7512463E-06   1.0320966E-06  -7.3388055E-08  -2.3763139E-07  -7.5629541E-07  -3.5443507E-07  -4.2692431E-07  -4.2253351E-06   1.8272322E-09   1.8105787E-09   1.0905118E-08
  1.7495267E-07  -4.8383451E-07   1.4553537E-07   3.2603056E-05   7.3211361E-05  -1.9682947E-06  -3.4362629E-05  -4.8452528E-06   9.2704309E-08   2.4522222E-06  -3.9235384E-06  -6.6440590E-06  -1.8633332E-05  -1.4654671E-08   4.5075927E-09  -2.2007635E-07
  1.7094253E-07   1.4222716E-05  -6.1964475E-07   7.3211361E-05   2.9275862E-04  -6.2927794E-05  -2.0151084E-04  -8.0836037E-06  -5.3000591E-06  -3.6246588E-06  -9.6682112E-06  -3.2981834E-06   1.1941887E-04   1.4448906E-07   1.3948105E-07   1.2037454E-05
  2.3056201E-06  -2.0355576E-05   1.7512463E-06  -1.9682947E-06  -6.2927794E-05   2.5242406E-04   2.7239151E-04   5.7916041E-06   6.6820121E-06   1.4697633E-05   3.3709451E-06   1.7348118E-05   2.8631097E-05  -3.3379218E-08  -1.1795863E-08   2.2425552E-06
  1.3783555E-06  -2.0043605E-05   1.0320966E-06  -3.4362629E-05  -2.0151084E-04   2.7239151E-04   5.8824628E-04   2.5781428E-05   1.2435962E-05   1.4270736E-05   4.6452828E-05   5.3373196E-05   1.2067582E-04  -2.4137688E-08  -1.3369664E-07   2.2772771E-06
 -1.1077207E-07   7.3206503E-07  -7.3388055E-08  -4.8452528E-06  -8.0836037E-06   5.7916041E-06   2.5781428E-05   1.4587741E-03   2.7555666E-04   7.7104298E-05  -3.7365281E-04  -1.1735938E-04  -1.4507962E-04   2.5828824E-07  -4.8375331E-08  -5.5263389E-07
  3.9916192E-08  -5.4668636E-07  -2.3763139E-07   9.2704309E-08  -5.3000591E-06   6.6820121E-06   1.2435962E-05   2.7555666E-04   8.7169208E-04   6.3790183E-05   7.2048056E-04   1.6702504E-06  -7.0661324E-04   3.6727138E-08  -7.9682764E-08  -1.6710762E-06
  4.0479564E-08  -3.0391378E-06  -7.5629541E-07   2.4522222E-06  -3.6246588E-06   1.4697633E-05   1.4270736E-05   7.7104298E-05   6.3790183E-05   7.2592717E-03  -2.4787360E-04   7.0875002E-04   4.1676054E-03   3.9272314E-07  -3.1734756E-07   1.6862182E-07
 -3.6390875E-07   1.9726702E-06  -3.5443507E-07  -3.9235384E-06  -9.6682112E-06   3.3709451E-06   4.6452828E-05  -3.7365281E-04   7.2048056E-04  -2.4787360E-04   2.9014638E-03   4.8192448E-04  -1.0380415E-03  -7.4050395E-08   8.6723873E-08  -1.2992560E-06
 -7.3277452E-07   3.8823419E-06  -4.2692431E-07  -6.6440590E-06  -3.2981834E-06   1.7348118E-05   5.3373196E-05  -1.1735938E-04   1.6702504E-06   7.0875002E-04   4.8192448E-04   6.4272940E-03   7.7073850E-03   3.9868813E-07  -2.0610607E-07  -1.2216918E-06
 -3.5756398E-06   3.3774352E-05  -4.2253351E-06  -1.8633332E-05   1.1941887E-04   2.8631097E-05   1.2067582E-04  -1.4507962E-04  -7.0661324E-04   4.1676054E-03  -1.0380415E-03   7.7073850E-03   7.2164090E-02  -7.2316831E-07  -3.5282966E-07   7.9540781E-06
  2.4426947E-09   4.8335798E-09   1.8272322E-09  -1.4654671E-08   1.4448906E-07  -3.3379218E-08  -2.4137688E-08   2.5828824E-07   3.6727138E-08   3.9272314E-07  -7.4050395E-08   3.9868813E-07  -7.2316831E-07   4.8507078E-07  -9.4189230E-09   1.4827216E-08
  2.7017147E-09   7.1016009E-09   1.8105787E-09   4.5075927E-09   1.3948105E-07  -1.1795863E-08  -1.3369664E-07  -4.8375331E-08  -7.9682764E-08  -3.1734756E-07   8.6723873E-08  -2.0610607E-07  -3.5282966E-07  -9.4189230E-09   4.1956115E-07  -8.9604567E-09
  2.5937820E-08  -1.3490324E-07   1.0905118E-08  -2.2007635E-07   1.2037454E-05   2.2425552E-06   2.2772771E-06  -5.5263389E-07  -1.6710762E-06   1.6862182E-07  -1.2992560E-06  -1.2216918E-06   7.9540781E-06   1.4827216E-08  -8.9604567E-09   6.2247152E-06
