# omegabh2 omegach2 theta tau w wa logA ns alpha_JLA beta_JLA calPlanck acib217 xi asz143 aps100 aps143 aps143217 aps217 aksz kgal100 kgal143 kgal143217 kgal217 cal0 cal2
  4.3349155E-08  -1.5395039E-07   3.4311011E-08   3.6381359E-07  -1.2275775E-06   2.0315083E-05   4.9815876E-07   4.8247909E-07  -1.2757529E-09  -2.4767209E-07   1.6673404E-08  -1.2764578E-04   2.3700041E-06   4.0209297E-05  -6.8039110E-04  -4.6725008E-04  -1.8137689E-04  -5.9235122E-05  -5.7700640E-05   2.7196501E-06  -2.6573720E-06  -1.1956114E-05   1.8325196E-05   1.8845088E-09  -2.2072373E-09
 -1.5395039E-07   3.1710802E-06  -2.5375741E-07  -3.2398496E-06   4.4324288E-05  -4.1485427E-04   1.0480109E-06  -6.8280625E-06  -4.0475899E-08  -2.5385810E-07  -7.3712916E-08   9.2765911E-05   2.4884938E-06  -8.3041485E-05   7.1554078E-04   1.0692793E-03   6.8876187E-04   4.5672727E-04   1.7020082E-05  -2.4505079E-05  -6.6919037E-05  -7.0398966E-05  -5.3066906E-05  -1.2509638E-08  -4.2613564E-09
  3.4311011E-08  -2.5375741E-07   2.0508865E-07   3.9663327E-07  -5.4139576E-06   5.1409679E-05   4.7381575E-07   8.1600461E-07  -2.4794858E-08  -5.2567073E-07   4.4277430E-08  -1.7110617E-05   1.9637643E-07   1.2390845E-05  -1.9342955E-04  -1.8080962E-04  -1.0607680E-04  -6.5732261E-05   1.3526297E-05   3.6831772E-06   9.5538128E-06  -1.7284013E-06   5.5526769E-07   4.3447699E-10  -2.6693515E-09
  3.6381359E-07  -3.2398496E-06   3.9663327E-07   6.1645428E-05  -4.9032214E-05   4.7752798E-04   1.1392180E-04   1.0670076E-05   7.6300683E-07  -2.3141574E-06  -7.5589124E-07  -2.0899970E-03   4.9089869E-05   3.8582942E-04  -1.0618909E-02  -6.3710312E-03  -2.3359895E-03  -6.5108098E-04  -8.0618034E-04  -1.4098077E-05  -2.3980380E-04  -4.7820256E-04  -1.9794756E-04  -6.4343778E-08  -2.2035738E-08
 -1.2275775E-06   4.4324288E-05  -5.4139576E-06  -4.9032214E-05   1.0905768E-02  -4.0685205E-02   2.3152377E-06  -8.4838209E-05  -5.0386665E-05  -7.9995082E-04  -3.3108897E-06  -3.8926799E-03   5.4833904E-04   3.1563502E-03  -6.1803681E-02   1.3232225E-03   1.8740132E-02   1.2572200E-02  -7.9252822E-03  -3.3388170E-05  -1.3428632E-03   9.3642201E-04  -1.8785453E-05  -7.5002440E-07   3.5231052E-07
  2.0315083E-05  -4.1485427E-04   5.1409679E-05   4.7752798E-04  -4.0685205E-02   1.8765979E-01   1.6808334E-05   8.8136417E-04   1.4884112E-04   2.1527015E-03   2.4380316E-05  -4.3406415E-03  -1.7814368E-03  -4.0443117E-03   1.3467460E-01  -1.1469011E-01  -1.2285631E-01  -7.8541559E-02   2.6795775E-02   1.7093556E-03   7.7535981E-03  -5.7978946E-03   6.9310344E-05   2.3804247E-06  -1.4619132E-06
  4.9815876E-07   1.0480109E-06   4.7381575E-07   1.1392180E-04   2.3152377E-06   1.6808334E-05   2.5588385E-04   3.3468421E-06   1.7421333E-06  -4.5826575E-06   1.0694841E-05  -4.5416683E-03   1.3798839E-04   5.6836552E-04  -1.5892986E-02  -9.0038008E-03  -2.5900722E-04   6.4032751E-03  -2.5194776E-03  -2.8923848E-04  -1.2018942E-03  -1.7646708E-03   9.8928807E-04   2.3344836E-08  -6.2527418E-08
  4.8247909E-07  -6.8280625E-06   8.1600461E-07   1.0670076E-05  -8.4838209E-05   8.8136417E-04   3.3468421E-06   2.5990375E-05   2.5583299E-08   1.1405396E-06   1.9302437E-07  -4.4687948E-03   9.1075709E-05   1.2492190E-03  -2.6486316E-02  -9.3857605E-03  -6.1429092E-05   3.3988135E-03  -2.3412448E-03   4.5542921E-04  -1.1555109E-04  -7.1423191E-06   1.5827776E-03  -1.0595531E-07  -4.5309610E-08
 -1.2757529E-09  -4.0475899E-08  -2.4794858E-08   7.6300683E-07  -5.0386665E-05   1.4884112E-04   1.7421333E-06   2.5583299E-08   4.3618442E-05  -3.1345768E-05   1.2633744E-07  -7.7749716E-04   5.5871553E-06  -6.1881557E-05  -3.6689901E-04  -4.4256117E-04  -3.9429665E-04   7.5435919E-04   1.5840687E-04  -4.1292400E-05   4.3042284E-05   1.0994234E-04   6.2173089E-04  -2.7352403E-08   4.0048457E-08
 -2.4767209E-07  -2.5385810E-07  -5.2567073E-07  -2.3141574E-06  -7.9995082E-04   2.1527015E-03  -4.5826575E-06   1.1405396E-06  -3.1345768E-05   6.4498267E-03   4.4678120E-07   7.2442832E-03   1.0961448E-04   2.3073979E-03  -2.5353534E-02   3.2956740E-03   5.1303519E-03  -8.9492335E-03  -2.4731167E-03   1.0643731E-03  -7.7382095E-04   1.6433918E-03  -3.0048640E-03   4.9143733E-07  -3.2724673E-07
  1.6673404E-08  -7.3712916E-08   4.4277430E-08  -7.5589124E-07  -3.3108897E-06   2.4380316E-05   1.0694841E-05   1.9302437E-07   1.2633744E-07   4.4678120E-07   6.1241370E-06   6.0936962E-04  -6.0673709E-06  -4.3902810E-06   4.1369538E-03   5.7802362E-04   4.4731396E-04   1.5333667E-03  -7.0206151E-05   9.5682929E-05   4.4192367E-05  -5.8207749E-06   8.4008181E-04   8.7977943E-10   4.5888984E-09
 -1.2764578E-04   9.2765911E-05  -1.7110617E-05  -2.0899970E-03  -3.8926799E-03  -4.3406415E-03  -4.5416683E-03  -4.4687948E-03  -7.7749716E-04   7.2442832E-03   6.0936962E-04   4.4557800E+01  -3.8432543E-01  -7.9850374E-01   3.5584000E+01   2.1659400E+00  -1.2789774E+01  -5.4782158E+01  -1.4175209E-01   2.3118645E-01   6.4593939E-01  -5.5751683E+00  -3.3022208E+01  -1.8901250E-04   7.2081236E-04
  2.3700041E-06   2.4884938E-06   1.9637643E-07   4.9089869E-05   5.4833904E-04  -1.7814368E-03   1.3798839E-04   9.1075709E-05   5.5871553E-06   1.0961448E-04  -6.0673709E-06  -3.8432543E-01   8.0690483E-02  -3.9386132E-02  -5.8926650E-01   8.4518160E-01   1.5959036E+00   5.9241077E-01   4.4255431E-02  -6.2159615E-03   5.8581332E-03   1.1077108E-01   1.5603088E-01   5.0851636E-06   2.0076808E-07
  4.0209297E-05  -8.3041485E-05   1.2390845E-05   3.8582942E-04   3.1563502E-03  -4.0443117E-03   5.6836552E-04   1.2492190E-03  -6.1881557E-05   2.3073979E-03  -4.3902810E-06  -7.9850374E-01  -3.9386132E-02   3.9573929E+00  -3.1717891E+01  -3.1439130E+00   8.1132784E+00   5.3958450E+00  -2.9470062E+00  -1.6260310E-01   1.8056959E-01   2.7355726E+00   3.3438073E+00   1.0399212E-04  -4.0128749E-05
 -6.8039110E-04   7.1554078E-04  -1.9342955E-04  -1.0618909E-02  -6.1803681E-02   1.3467460E-01  -1.5892986E-02  -2.6486316E-02  -3.6689901E-04  -2.5353534E-02   4.1369538E-03   3.5584000E+01  -5.8926650E-01  -3.1717891E+01   8.0659717E+02   7.1603333E+01  -5.7248283E+01  -5.9210515E+01   1.5679184E+01  -6.8450249E+00   5.7649199E+00  -1.2733375E+01  -2.3888197E+01   3.8018220E-03   5.3504736E-04
 -4.6725008E-04   1.0692793E-03  -1.8080962E-04  -6.3710312E-03   1.3232225E-03  -1.1469011E-01  -9.0038008E-03  -9.3857605E-03  -4.4256117E-04   3.2956740E-03   5.7802362E-04   2.1659400E+00   8.4518160E-01  -3.1439130E+00   7.1603333E+01   6.3431413E+01   4.0705700E+01   1.6650713E+01  -5.0037716E+00  -4.3890477E-01  -1.2280494E+00   3.9176225E+00   5.0378259E+00   1.3367555E-04   1.1975570E-04
 -1.8137689E-04   6.8876187E-04  -1.0607680E-04  -2.3359895E-03   1.8740132E-02  -1.2285631E-01  -2.5900722E-04  -6.1429092E-05  -3.9429665E-04   5.1303519E-03   4.4731396E-04  -1.2789774E+01   1.5959036E+00   8.1132784E+00  -5.7248283E+01   4.0705700E+01   8.5097162E+01   5.4245361E+01  -1.2557458E+01  -8.4858708E-01  -7.2444361E-01   5.3626612E+00   9.1257728E+00   4.6706386E-04  -3.5274317E-04
 -5.9235122E-05   4.5672727E-04  -6.5732261E-05  -6.5108098E-04   1.2572200E-02  -7.8541559E-02   6.4032751E-03   3.3988135E-03   7.5435919E-04  -8.9492335E-03   1.5333667E-03  -5.4782158E+01   5.9241077E-01   5.3958450E+00  -5.9210515E+01   1.6650713E+01   5.4245361E+01   1.0490086E+02  -9.6739579E+00  -7.7063635E-01  -1.3398556E+00   5.3453541E+00   3.3409504E+01   4.7891192E-04  -1.3530967E-03
 -5.7700640E-05   1.7020082E-05   1.3526297E-05  -8.0618034E-04  -7.9252822E-03   2.6795775E-02  -2.5194776E-03  -2.3412448E-03   1.5840687E-04  -2.4731167E-03  -7.0206151E-05  -1.4175209E-01   4.4255431E-02  -2.9470062E+00   1.5679184E+01  -5.0037716E+00  -1.2557458E+01  -9.6739579E+00   6.2971107E+00   1.0393296E-01  -2.5135198E-01  -2.3243223E+00  -2.6256217E+00  -7.5209233E-05   6.9469072E-07
  2.7196501E-06  -2.4505079E-05   3.6831772E-06  -1.4098077E-05  -3.3388170E-05   1.7093556E-03  -2.8923848E-04   4.5542921E-04  -4.1292400E-05   1.0643731E-03   9.5682929E-05   2.3118645E-01  -6.2159615E-03  -1.6260310E-01  -6.8450249E+00  -4.3890477E-01  -8.4858708E-01  -7.7063635E-01   1.0393296E-01   3.3678309E+00   5.4407876E-01   2.3936656E-01   2.0954215E-01   1.8050843E-04   4.2309894E-06
 -2.6573720E-06  -6.6919037E-05   9.5538128E-06  -2.3980380E-04  -1.3428632E-03   7.7535981E-03  -1.2018942E-03  -1.1555109E-04   4.3042284E-05  -7.7382095E-04   4.4192367E-05   6.4593939E-01   5.8581332E-03   1.8056959E-01   5.7649199E+00  -1.2280494E+00  -7.2444361E-01  -1.3398556E+00  -2.5135198E-01   5.4407876E-01   3.2017021E+00   2.8069741E+00   2.7814834E+00  -1.8455792E-04  -4.1447994E-05
 -1.1956114E-05  -7.0398966E-05  -1.7284013E-06  -4.7820256E-04   9.3642201E-04  -5.7978946E-03  -1.7646708E-03  -7.1423191E-06   1.0994234E-04   1.6433918E-03  -5.8207749E-06  -5.5751683E+00   1.1077108E-01   2.7355726E+00  -1.2733375E+01   3.9176225E+00   5.3626612E+00   5.3453541E+00  -2.3243223E+00   2.3936656E-01   2.8069741E+00   1.1134971E+01   1.9596967E+01  -2.8255989E-05   4.2647759E-04
  1.8325196E-05  -5.3066906E-05   5.5526769E-07  -1.9794756E-04  -1.8785453E-05   6.9310344E-05   9.8928807E-04   1.5827776E-03   6.2173089E-04  -3.0048640E-03   8.4008181E-04  -3.3022208E+01   1.5603088E-01   3.3438073E+00  -2.3888197E+01   5.0378259E+00   9.1257728E+00   3.3409504E+01  -2.6256217E+00   2.0954215E-01   2.7814834E+00   1.9596967E+01   5.3842317E+01   4.6560580E-05   9.5346383E-04
  1.8845088E-09  -1.2509638E-08   4.3447699E-10  -6.4343778E-08  -7.5002440E-07   2.3804247E-06   2.3344836E-08  -1.0595531E-07  -2.7352403E-08   4.9143733E-07   8.7977943E-10  -1.8901250E-04   5.0851636E-06   1.0399212E-04   3.8018220E-03   1.3367555E-04   4.6706386E-04   4.7891192E-04  -7.5209233E-05   1.8050843E-04  -1.8455792E-04  -2.8255989E-05   4.6560580E-05   3.8078057E-07   1.9338621E-09
 -2.2072373E-09  -4.2613564E-09  -2.6693515E-09  -2.2035738E-08   3.5231052E-07  -1.4619132E-06  -6.2527418E-08  -4.5309610E-08   4.0048457E-08  -3.2724673E-07   4.5888984E-09   7.2081236E-04   2.0076808E-07  -4.0128749E-05   5.3504736E-04   1.1975570E-04  -3.5274317E-04  -1.3530967E-03   6.9469072E-07   4.2309894E-06  -4.1447994E-05   4.2647759E-04   9.5346383E-04   1.9338621E-09   3.9389505E-07
