# omegabh2 omegach2 theta tau Alens logA ns calPlanck
  1.5803490E-06  -5.4285862E-06   3.1157954E-07   3.0466318E-06   1.1331015E-04   1.2037635E-05   1.2641438E-05  -2.7504166E-08
 -5.4285862E-06   2.5151408E-05  -1.3875945E-06  -1.2554719E-05  -4.7983622E-04  -2.0699521E-05  -5.7321213E-05   2.6122164E-07
  3.1157954E-07  -1.3875945E-06   7.3991004E-07   7.1922115E-07   1.0996112E-05   8.3375969E-07   4.1643299E-06   1.3576941E-08
  3.0466318E-06  -1.2554719E-05   7.1922115E-07   4.2852627E-05   1.5574379E-04   8.9235048E-05   3.2983797E-05  -1.7236847E-07
  1.1331015E-04  -4.7983622E-04   1.0996112E-05   1.5574379E-04   5.5806991E-02   6.2114417E-04   1.6127864E-03  -2.5474971E-05
  1.2037635E-05  -2.0699521E-05   8.3375969E-07   8.9235048E-05   6.2114417E-04   3.5113992E-04   7.5869240E-05   1.2605996E-05
  1.2641438E-05  -5.7321213E-05   4.1643299E-06   3.2983797E-05   1.6127864E-03   7.5869240E-05   2.2376070E-04  -6.7256000E-07
 -2.7504166E-08   2.6122164E-07   1.3576941E-08  -1.7236847E-07  -2.5474971E-05   1.2605996E-05  -6.7256000E-07   6.2496466E-06
