# omegabh2 omegach2 theta tau logA ns calPlanck aps100 aps143 aps217 acib217 asz143 psr cibr xi aksz dust100 dust143 dust217 dust143x217 cal0 cal2 calTE calEE
  2.0700994E-08  -6.5533805E-08   1.2574416E-08   3.0372654E-07   5.4144947E-07   2.1179373E-07   1.8216260E-08  -3.8317096E-04  -1.9352944E-04   4.9515553E-05  -9.0940234E-05   1.4088519E-05   5.9021043E-07  -1.4485045E-06   8.3602620E-07  -3.0399223E-05  -2.0208033E-07  -3.5648481E-07   4.6381329E-07  -5.0024446E-07  -2.1373221E-09  -5.1132794E-09  -1.0579915E-07  -2.2414354E-07
 -6.5533805E-08   1.2556789E-06  -1.1289207E-07  -3.2910721E-06  -4.5839373E-06  -2.5957256E-06  -4.1113979E-07   5.8320953E-04   9.8916261E-05   9.5797591E-05   1.6594672E-05   1.9275496E-05   1.5186939E-06   2.1421877E-06   2.3818851E-06   2.2212313E-05   8.3785681E-06   9.1902297E-06   1.8189340E-06   7.2902259E-06  -2.8179663E-08   1.2732894E-08  -2.5331536E-07  -7.1551108E-07
  1.2574416E-08  -1.1289207E-07   1.0320450E-07   4.1986631E-07   7.3844652E-07   3.5846384E-07   4.3363353E-08  -1.7285978E-04   4.1179127E-05  -4.7868277E-05   3.4217658E-05   1.1730089E-05  -7.5966704E-07   2.7033676E-06   8.6421323E-07   6.4873987E-06  -6.2963035E-07   2.2897817E-07  -2.3926508E-07  -1.4495227E-06  -5.3886025E-09  -3.7587179E-09  -4.8671958E-08   3.9961259E-08
  3.0372654E-07  -3.2910721E-06   4.1986631E-07   5.1860282E-05   9.3633451E-05   1.0113483E-05  -5.2532258E-07  -9.2922552E-03  -1.1055024E-03   7.9824916E-04  -2.1911631E-03  -2.9075441E-05  -3.7161571E-06  -2.3017853E-05   5.4383440E-06  -3.6785242E-04  -5.0409482E-05  -3.4384953E-05   1.6090216E-05  -1.3357236E-05  -1.9717564E-07   3.8481194E-08  -4.3569091E-06  -3.1705945E-06
  5.4144947E-07  -4.5839373E-06   7.3844652E-07   9.3633451E-05   1.9819120E-04   1.4083762E-05   1.0513575E-05  -1.0777460E-02  -3.8438281E-04   8.9679407E-03  -5.5141575E-03  -1.1488534E-04   2.3667648E-05  -1.1550822E-04   6.5641624E-05  -1.4699849E-03  -8.8355545E-05  -1.1953339E-04   5.4011085E-05  -1.7111231E-05   2.9315044E-08  -1.7344768E-07  -8.9171291E-06  -5.0606495E-06
  2.1179373E-07  -2.5957256E-06   3.5846384E-07   1.0113483E-05   1.4083762E-05   1.5810221E-05   7.5049015E-07  -2.4668432E-02  -5.7605703E-03   9.6223419E-03  -6.2838293E-03   4.9635644E-04   6.2571239E-05  -1.1992916E-04   5.4553466E-05  -2.0744180E-03  -8.2685539E-07  -4.3261917E-05   3.3021644E-05  -1.3494309E-05  -4.0429027E-07  -4.2406271E-07  -2.4466074E-07  -2.2547875E-06
  1.8216260E-08  -4.1113979E-07   4.3363353E-08  -5.2532258E-07   1.0513575E-05   7.5049015E-07   6.3277239E-06   3.9232488E-03   4.9978431E-04   8.2145489E-04   6.9489021E-04  -5.3272201E-05   1.4970830E-06  -1.1240543E-05  -2.8000404E-06   6.3402177E-05   6.7666391E-06   6.8211050E-06   2.2521847E-06   3.6281606E-06  -5.7915492E-08  -1.3453497E-07  -2.6123731E-07   1.3935332E-08
 -3.8317096E-04   5.8320953E-04  -1.7285978E-04  -9.2922552E-03  -1.0777460E-02  -2.4668432E-02   3.9232488E-03   5.7530818E+02   5.3871827E+01  -5.8434165E+01   2.9257482E+01  -2.3910110E+01  -8.7901235E-01  -6.8174273E-02  -2.6370094E-01   1.2405152E+01  -2.0354940E-01   2.7942754E-01  -1.9753428E-01  -1.1173244E-01   5.8935751E-03   3.3528617E-03   4.5431072E-03   5.7523930E-03
 -1.9352944E-04   9.8916261E-05   4.1179127E-05  -1.1055024E-03  -3.8438281E-04  -5.7605703E-03   4.9978431E-04   5.3871827E+01   6.5718627E+01   1.0198391E+01   5.6409231E+00  -9.2434525E-02  -2.0463662E-02   4.6302173E-01   9.4198894E-01  -8.4745869E+00  -1.1387628E-02  -2.0922058E-01   5.7439026E-02   7.4789190E-02   6.0618228E-04   5.8616968E-04   1.0105025E-03   4.3294929E-03
  4.9515553E-05   9.5797591E-05  -4.7868277E-05   7.9824916E-04   8.9679407E-03   9.6223419E-03   8.2145489E-04  -5.8434165E+01   1.0198391E+01   1.7899001E+02  -8.4859196E+01   3.1327861E+00   3.4384610E-01  -1.0812484E+00   3.6771450E-01  -8.5438618E+00  -8.6181556E-02  -2.3409650E-01   5.9298965E-01   4.7168059E-02   1.3845423E-03  -7.8760461E-03   3.5339764E-03   4.3558425E-03
 -9.0940234E-05   1.6594672E-05   3.4217658E-05  -2.1911631E-03  -5.5141575E-03  -6.2838293E-03   6.9489021E-04   2.9257482E+01   5.6409231E+00  -8.4859196E+01   5.3316701E+01   1.7925207E+00  -2.1387938E-02   7.4194668E-01  -2.6631126E-01  -2.4127819E+00   5.8025994E-02   1.5229897E-01  -4.7786608E-01  -1.3750826E-01  -4.2303211E-04   3.1859283E-03  -1.0790357E-03  -3.3399400E-05
  1.4088519E-05   1.9275496E-05   1.1730089E-05  -2.9075441E-05  -1.1488534E-04   4.9635644E-04  -5.3272201E-05  -2.3910110E+01  -9.2434525E-02   3.1327861E+00   1.7925207E+00   4.3954566E+00   1.0648541E-01   1.5303373E-01  -4.7313802E-02  -3.6878368E+00   7.7571347E-03   4.1898240E-03   5.5063559E-03   5.3915465E-02   5.0531520E-04  -2.8432791E-04  -1.8940363E-04   1.7312672E-04
  5.9021043E-07   1.5186939E-06  -7.5966704E-07  -3.7161571E-06   2.3667648E-05   6.2571239E-05   1.4970830E-06  -8.7901235E-01  -2.0463662E-02   3.4384610E-01  -2.1387938E-02   1.0648541E-01   1.6867080E-02  -1.6836370E-02   1.1039691E-02  -1.1633866E-01   1.4754763E-04  -2.9293444E-04  -3.1534246E-03   5.2468996E-03   1.4214687E-05  -4.4254234E-05   1.3433532E-05   1.8431109E-05
 -1.4485045E-06   2.1421877E-06   2.7033676E-06  -2.3017853E-05  -1.1550822E-04  -1.1992916E-04  -1.1240543E-05  -6.8174273E-02   4.6302173E-01  -1.0812484E+00   7.4194668E-01   1.5303373E-01  -1.6836370E-02   6.8858039E-02   3.8102661E-03  -1.4761881E-01   1.6783454E-03   6.1109805E-03  -5.7148799E-04  -1.8695769E-02  -4.9322513E-06   9.8639414E-05  -4.4463718E-05   1.4765994E-05
  8.3602620E-07   2.3818851E-06   8.6421323E-07   5.4383440E-06   6.5641624E-05   5.4553466E-05  -2.8000404E-06  -2.6370094E-01   9.4198894E-01   3.6771450E-01  -2.6631126E-01  -4.7313802E-02   1.1039691E-02   3.8102661E-03   8.2884341E-02   3.1580758E-02   2.5081123E-04  -4.1670104E-05   5.7802827E-04   5.1007330E-04   6.8596866E-06  -2.4041261E-05  -5.8356994E-07   4.0712960E-05
 -3.0399223E-05   2.2212313E-05   6.4873987E-06  -3.6785242E-04  -1.4699849E-03  -2.0744180E-03   6.3402177E-05   1.2405152E+01  -8.4745869E+00  -8.5438618E+00  -2.4127819E+00  -3.6878368E+00  -1.1633866E-01  -1.4761881E-01   3.1580758E-02   7.6076396E+00  -1.4193485E-02  -1.2200462E-02  -5.3566842E-03  -5.5966604E-02  -3.1751026E-04   1.2076268E-04  -3.1767038E-04  -5.9242175E-04
 -2.0208033E-07   8.3785681E-06  -6.2963035E-07  -5.0409482E-05  -8.8355545E-05  -8.2685539E-07   6.7666391E-06  -2.0354940E-01  -1.1387628E-02  -8.6181556E-02   5.8025994E-02   7.7571347E-03   1.4754763E-04   1.6783454E-03   2.5081123E-04  -1.4193485E-02   3.7138922E-02   3.6474410E-03  -1.0498313E-04   1.1841431E-03   3.3063222E-05  -1.0534884E-06  -2.3902436E-05  -1.3161482E-05
 -3.5648481E-07   9.1902297E-06   2.2897817E-07  -3.4384953E-05  -1.1953339E-04  -4.3261917E-05   6.8211050E-06   2.7942754E-01  -2.0922058E-01  -2.3409650E-01   1.5229897E-01   4.1898240E-03  -2.9293444E-04   6.1109805E-03  -4.1670104E-05  -1.2200462E-02   3.6474410E-03   2.9084610E-02  -6.3960552E-04   5.4573655E-03  -6.8987753E-05  -3.8570267E-05  -6.1141333E-05  -1.0023395E-04
  4.6381329E-07   1.8189340E-06  -2.3926508E-07   1.6090216E-05   5.4011085E-05   3.3021644E-05   2.2521847E-06  -1.9753428E-01   5.7439026E-02   5.9298965E-01  -4.7786608E-01   5.5063559E-03  -3.1534246E-03  -5.7148799E-04   5.7802827E-04  -5.3566842E-03  -1.0498313E-04  -6.3960552E-04   1.1124248E-02   8.8119259E-03   4.1771871E-06   6.3413470E-05   1.4397938E-06  -7.4568613E-06
 -5.0024446E-07   7.2902259E-06  -1.4495227E-06  -1.3357236E-05  -1.7111231E-05  -1.3494309E-05   3.6281606E-06  -1.1173244E-01   7.4789190E-02   4.7168059E-02  -1.3750826E-01   5.3915465E-02   5.2468996E-03  -1.8695769E-02   5.1007330E-04  -5.5966604E-02   1.1841431E-03   5.4573655E-03   8.8119259E-03   2.7322489E-02   5.0418543E-06   5.6307181E-05  -2.0830775E-05  -3.1506182E-05
 -2.1373221E-09  -2.8179663E-08  -5.3886025E-09  -1.9717564E-07   2.9315044E-08  -4.0429027E-07  -5.7915492E-08   5.8935751E-03   6.0618228E-04   1.3845423E-03  -4.2303211E-04   5.0531520E-04   1.4214687E-05  -4.9322513E-06   6.8596866E-06  -3.1751026E-04   3.3063222E-05  -6.8987753E-05   4.1771871E-06   5.0418543E-06   1.0830046E-06   3.3139507E-08   3.1116321E-07   9.1553379E-07
 -5.1132794E-09   1.2732894E-08  -3.7587179E-09   3.8481194E-08  -1.7344768E-07  -4.2406271E-07  -1.3453497E-07   3.3528617E-03   5.8616968E-04  -7.8760461E-03   3.1859283E-03  -2.8432791E-04  -4.4254234E-05   9.8639414E-05  -2.4041261E-05   1.2076268E-04  -1.0534884E-06  -3.8570267E-05   6.3413470E-05   5.6307181E-05   3.3139507E-08   2.5228792E-06   2.8510620E-07   1.8939437E-07
 -1.0579915E-07  -2.5331536E-07  -4.8671958E-08  -4.3569091E-06  -8.9171291E-06  -2.4466074E-07  -2.6123731E-07   4.5431072E-03   1.0105025E-03   3.5339764E-03  -1.0790357E-03  -1.8940363E-04   1.3433532E-05  -4.4463718E-05  -5.8356994E-07  -3.1767038E-04  -2.3902436E-05  -6.1141333E-05   1.4397938E-06  -2.0830775E-05   3.1116321E-07   2.8510620E-07   2.5505492E-05   8.9628364E-06
 -2.2414354E-07  -7.1551108E-07   3.9961259E-08  -3.1705945E-06  -5.0606495E-06  -2.2547875E-06   1.3935332E-08   5.7523930E-03   4.3294929E-03   4.3558425E-03  -3.3399400E-05   1.7312672E-04   1.8431109E-05   1.4765994E-05   4.0712960E-05  -5.9242175E-04  -1.3161482E-05  -1.0023395E-04  -7.4568613E-06  -3.1506182E-05   9.1553379E-07   1.8939437E-07   8.9628364E-06   2.4091126E-05
