# omegabh2 omegach2 theta tau mnu nnu logA ns calPlanck acib217 xi asz143 aps100 aps143 aps143217 aps217 aksz kgal100 kgal143 kgal143217 kgal217 galfTE100 galfTE100143 galfTE100217 galfTE143 galfTE143217 galfTE217 cal0 cal2
  5.0566678E-08   3.1482395E-07  -2.8666352E-08   4.6978738E-07  -5.4601234E-06   3.1041803E-05   1.9329190E-06   1.5337094E-06   6.6215428E-09   7.2402995E-05  -1.0991612E-06  -3.1494713E-07   2.7470633E-04   5.9707654E-05   1.5766667E-06  -7.4785984E-05   2.3828058E-05   1.1269272E-05   1.5482893E-05   1.3829131E-05  -1.5615671E-05  -1.0581474E-07  -1.2050535E-07  -3.0821671E-07  -2.8729363E-07  -4.7659847E-07  -1.4088136E-06   1.5941169E-09   2.8311942E-09
  3.1482395E-07   8.3459214E-06  -9.3369655E-07  -4.1596262E-08   1.9518551E-05   4.8385795E-04   2.1461299E-05   1.5097665E-05  -1.5473745E-07   2.5220851E-03  -5.0643035E-05  -4.2834180E-04   1.1557712E-02   5.9925371E-03   1.8592840E-03  -5.5576469E-04   1.0966823E-03   2.6031580E-04   4.0623953E-04   5.0847501E-04  -1.7674272E-04  -1.2171212E-07  -2.0204547E-07  -2.8224230E-06  -1.0817731E-06   1.8236120E-06   1.8064324E-05  -4.8406436E-08   6.2488284E-08
 -2.8666352E-08  -9.3369655E-07   1.8998451E-07  -1.0728076E-07  -5.5242410E-06  -5.5327107E-05  -2.5453762E-06  -1.6506088E-06   1.3064458E-08  -2.9542088E-04   5.5674535E-06   6.3882195E-05  -1.4399796E-03  -7.1746588E-04  -1.9378789E-04   7.0884774E-05  -1.3111518E-04  -3.1708012E-05  -3.9960106E-05  -4.9860515E-05   3.3731480E-05  -1.1799573E-07  -9.1681988E-08  -9.9106547E-08   2.9312909E-08  -2.6651683E-07  -2.7135140E-06   4.8234406E-09  -7.6760487E-09
  4.6978738E-07  -4.1596262E-08  -1.0728076E-07   5.6904641E-05   7.0842485E-05   2.3818494E-04   1.1137672E-04   1.9707335E-05  -1.1851753E-06  -3.6228244E-04  -3.2796094E-05   1.5176280E-04  -1.7256020E-03  -2.6880275E-03  -1.9630544E-03  -1.0495698E-03  -1.3080127E-04  -5.8928767E-05  -2.1009073E-04  -6.7170565E-04  -1.2110405E-03   3.0969437E-06   4.1947136E-06  -1.1983255E-07   3.8252394E-06  -1.1839587E-05  -3.8184082E-05  -4.3279433E-08  -9.6369613E-08
 -5.4601234E-06   1.9518551E-05  -5.5242410E-06   7.0842485E-05   7.7150049E-03  -1.7073365E-03   1.9785523E-04  -1.8914663E-04   1.6594940E-05   4.8529741E-03   2.2035805E-05  -2.8057269E-03   6.2802994E-02   3.9689082E-02   2.7287230E-02   2.1888781E-02   3.5049766E-03  -2.6130261E-03  -8.6729681E-04  -2.5365888E-03  -2.0784541E-03   4.3167998E-05   2.4128552E-05   3.6591167E-07   4.2129619E-05   7.9828959E-05   3.1429058E-04  -1.0318892E-07   3.1900813E-08
  3.1041803E-05   4.8385795E-04  -5.5327107E-05   2.3818494E-04  -1.7073365E-03   3.4867376E-02   1.7732151E-03   1.3754051E-03  -4.1959436E-06   1.6815977E-01  -3.3776838E-03  -2.3597447E-02   7.1714772E-01   3.4126624E-01   9.2669980E-02  -6.1926230E-02   6.6744658E-02   1.7151410E-02   2.6946125E-02   3.0677041E-02  -2.2087416E-02  -4.3400348E-05  -3.6372357E-05  -2.3312534E-04  -1.0960374E-04  -7.4876514E-05   4.9508605E-04  -2.8457263E-06   3.5709138E-06
  1.9329190E-06   2.1461299E-05  -2.5453762E-06   1.1137672E-04   1.9785523E-04   1.7732151E-03   3.0227550E-04   8.0447560E-05   9.8713866E-06   5.1912861E-03  -1.4349376E-04  -7.1707519E-04   3.0110065E-02   1.1123809E-02   3.4854060E-03   2.4898953E-03   1.9717803E-03   1.1839896E-04   3.4861742E-04  -7.6475611E-05  -7.8863048E-04   7.0528456E-06   7.0647053E-06  -1.7369205E-05   8.6955828E-06  -2.0718631E-05  -6.1504081E-06  -3.6129975E-08  -8.8236645E-08
  1.5337094E-06   1.5097665E-05  -1.6506088E-06   1.9707335E-05  -1.8914663E-04   1.3754051E-03   8.0447560E-05   7.3175474E-05   2.4106523E-08   2.3907506E-03  -3.5388393E-05   1.8966390E-05   5.2334353E-03   5.3451962E-03   4.0158645E-03   1.2652654E-03   4.2707888E-04   9.6891547E-04   5.8877321E-04   5.9231139E-04  -1.8377135E-04  -3.2428156E-06  -1.9856974E-06  -8.6074606E-06  -6.0875784E-06  -8.7117031E-06  -7.0195154E-06  -1.5014250E-07   5.4050054E-08
  6.6215428E-09  -1.5473745E-07   1.3064458E-08  -1.1851753E-06   1.6594940E-05  -4.1959436E-06   9.8713866E-06   2.4106523E-08   6.3323955E-06   4.7405422E-04   1.3798653E-06   5.6344836E-05   3.6355302E-03   4.7043832E-04   4.6117345E-04   1.5610469E-03  -7.6623622E-07  -7.3896042E-05   1.0352728E-04   2.0077647E-04   1.0905275E-03   1.1322673E-06   3.0058691E-08  -3.6272021E-06   2.1006817E-06   1.1190030E-07   1.4191173E-05   1.5544997E-08  -2.6623676E-08
  7.2402995E-05   2.5220851E-03  -2.9542088E-04  -3.6228244E-04   4.8529741E-03   1.6815977E-01   5.1912861E-03   2.3907506E-03   4.7405422E-04   4.5270599E+01  -4.2567023E-01  -7.9410764E-01   3.9708291E+01   3.4595483E+00  -1.2507577E+01  -5.5236781E+01  -4.3046079E-02   3.1700459E-01   7.7314467E-01  -5.3408688E+00  -3.2835310E+01   2.3588023E-03   2.9764211E-03   6.7265670E-04  -2.5050841E-03  -5.0395612E-03  -1.6855568E-02  -2.5523606E-04   7.5777161E-04
 -1.0991612E-06  -5.0643035E-05   5.5674535E-06  -3.2796094E-05   2.2035805E-05  -3.3776838E-03  -1.4349376E-04  -3.5388393E-05   1.3798653E-06  -4.2567023E-01   8.0713752E-02  -3.6462421E-02  -6.3285112E-01   8.9224327E-01   1.6810115E+00   6.5075950E-01   3.0954063E-02  -1.8799661E-02   4.4867132E-03   1.1688620E-01   1.8782119E-01  -1.8567374E-05   1.5269620E-05  -2.2511592E-04   8.4414814E-05  -1.2707664E-04   9.8616425E-05   4.9395347E-06   3.4525986E-06
 -3.1494713E-07  -4.2834180E-04   6.3882195E-05   1.5176280E-04  -2.8057269E-03  -2.3597447E-02  -7.1707519E-04   1.8966390E-05   5.6344836E-05  -7.9410764E-01  -3.6462421E-02   3.7617711E+00  -3.0309617E+01  -3.7298564E+00   7.1429983E+00   4.8654219E+00  -2.5299781E+00  -2.0409559E-01   1.0387949E-01   2.4868129E+00   3.0548766E+00  -4.6993232E-04  -7.6682359E-04   3.1566293E-03  -2.8461645E-05  -1.8576859E-03  -1.9580946E-03   1.1436563E-04  -3.9679997E-05
  2.7470633E-04   1.1557712E-02  -1.4399796E-03  -1.7256020E-03   6.2802994E-02   7.1714772E-01   3.0110065E-02   5.2334353E-03   3.6355302E-03   3.9708291E+01  -6.3285112E-01  -3.0309617E+01   7.7794385E+02   7.6696479E+01  -5.0922560E+01  -6.0317284E+01   1.3621708E+01  -6.1276261E+00   5.9821727E+00  -1.1212991E+01  -2.4569782E+01   1.8202250E-02   7.5088984E-03  -2.0723565E-02   5.5172110E-03   1.9428539E-02   9.8572742E-02   3.5517556E-03   6.7587388E-04
  5.9707654E-05   5.9925371E-03  -7.1746588E-04  -2.6880275E-03   3.9689082E-02   3.4126624E-01   1.1123809E-02   5.3451962E-03   4.7043832E-04   3.4595483E+00   8.9224327E-01  -3.7298564E+00   7.6696479E+01   6.4539679E+01   4.0413417E+01   1.3916495E+01  -3.7467996E+00  -3.4424847E-01  -1.0374332E+00   3.8144704E+00   4.2100254E+00  -1.8702649E-03  -1.6818979E-03  -1.1328847E-02  -6.6431328E-04   8.6592759E-03   4.0078810E-02  -5.2714299E-05   2.5778783E-04
  1.5766667E-06   1.8592840E-03  -1.9378789E-04  -1.9630544E-03   2.7287230E-02   9.2669980E-02   3.4854060E-03   4.0158645E-03   4.6117345E-04  -1.2507577E+01   1.6810115E+00   7.1429983E+00  -5.0922560E+01   4.0413417E+01   8.3378660E+01   5.1143094E+01  -1.0633246E+01  -9.1543245E-01  -6.5965418E-01   4.9334904E+00   8.4353266E+00  -1.8634744E-03  -3.5653196E-03  -2.8641428E-03  -1.8779154E-03  -3.9502876E-03   2.4966203E-02   3.6070802E-04  -2.3446856E-04
 -7.4785984E-05  -5.5576469E-04   7.0884774E-05  -1.0495698E-03   2.1888781E-02  -6.1926230E-02   2.4898953E-03   1.2652654E-03   1.5610469E-03  -5.5236781E+01   6.5075950E-01   4.8654219E+00  -6.0317284E+01   1.3916495E+01   5.1143094E+01   1.0270524E+02  -8.2652295E+00  -6.4544400E-01  -1.4224457E+00   4.8408610E+00   3.2775593E+01  -4.2808273E-03  -7.2781817E-03  -4.0619810E-03  -1.3421997E-04   6.9819012E-03   3.2041182E-02   4.4387746E-04  -1.3981152E-03
  2.3828058E-05   1.0966823E-03  -1.3111518E-04  -1.3080127E-04   3.5049766E-03   6.6744658E-02   1.9717803E-03   4.2707888E-04  -7.6623622E-07  -4.3046079E-02   3.0954063E-02  -2.5299781E+00   1.3621708E+01  -3.7467996E+00  -1.0633246E+01  -8.2652295E+00   5.3936363E+00   1.1393377E-01  -9.6614349E-02  -1.8116337E+00  -2.0476941E+00  -2.6413121E-04   8.1331368E-04  -3.3029019E-03   1.8212225E-03  -5.3959830E-04  -9.9630675E-04  -6.0620026E-05   5.6793030E-06
  1.1269272E-05   2.6031580E-04  -3.1708012E-05  -5.8928767E-05  -2.6130261E-03   1.7151410E-02   1.1839896E-04   9.6891547E-04  -7.3896042E-05   3.1700459E-01  -1.8799661E-02  -2.0409559E-01  -6.1276261E+00  -3.4424847E-01  -9.1543245E-01  -6.4544400E-01   1.1393377E-01   3.3757461E+00   5.4462292E-01   9.3478883E-02  -1.3296116E-01  -5.0395522E-04   7.4211853E-04   2.6150119E-04  -7.5517752E-04  -2.0585721E-03  -3.3986560E-03   1.7280242E-04  -1.4572905E-05
  1.5482893E-05   4.0623953E-04  -3.9960106E-05  -2.1009073E-04  -8.6729681E-04   2.6946125E-02   3.4861742E-04   5.8877321E-04   1.0352728E-04   7.7314467E-01   4.4867132E-03   1.0387949E-01   5.9821727E+00  -1.0374332E+00  -6.5965418E-01  -1.4224457E+00  -9.6614349E-02   5.4462292E-01   3.1727450E+00   2.6339884E+00   2.5446434E+00   2.0677386E-03   4.0738215E-04  -6.4272658E-04   1.1626364E-04  -1.1064796E-03  -2.4253639E-03  -1.8037082E-04  -3.5013755E-05
  1.3829131E-05   5.0847501E-04  -4.9860515E-05  -6.7170565E-04  -2.5365888E-03   3.0677041E-02  -7.6475611E-05   5.9231139E-04   2.0077647E-04  -5.3408688E+00   1.1688620E-01   2.4868129E+00  -1.1212991E+01   3.8144704E+00   4.9334904E+00   4.8408610E+00  -1.8116337E+00   9.3478883E-02   2.6339884E+00   1.0565853E+01   1.8794666E+01   5.7020009E-04  -9.5183851E-04   3.1162121E-04   8.0453591E-04   1.5411816E-03   8.7285755E-03  -2.1033987E-05   4.3507286E-04
 -1.5615671E-05  -1.7674272E-04   3.3731480E-05  -1.2110405E-03  -2.0784541E-03  -2.2087416E-02  -7.8863048E-04  -1.8377135E-04   1.0905275E-03  -3.2835310E+01   1.8782119E-01   3.0548766E+00  -2.4569782E+01   4.2100254E+00   8.4353266E+00   3.2775593E+01  -2.0476941E+00  -1.3296116E-01   2.5446434E+00   1.8794666E+01   5.2511907E+01  -3.3063115E-04  -2.0678757E-03   1.3298105E-03   3.0214447E-03   6.5097997E-03   4.0039935E-02   1.0333357E-04   9.2172258E-04
 -1.0581474E-07  -1.2171212E-07  -1.1799573E-07   3.0969437E-06   4.3167998E-05  -4.3400348E-05   7.0528456E-06  -3.2428156E-06   1.1322673E-06   2.3588023E-03  -1.8567374E-05  -4.6993232E-04   1.8202250E-02  -1.8702649E-03  -1.8634744E-03  -4.2808273E-03  -2.6413121E-04  -5.0395522E-04   2.0677386E-03   5.7020009E-04  -3.3063115E-04   1.4588527E-03   2.7148278E-04   1.0212075E-04  -3.7826666E-04  -1.0612034E-04  -1.8900923E-04  -3.9253871E-07  -7.3004513E-08
 -1.2050535E-07  -2.0204547E-07  -9.1681988E-08   4.1947136E-06   2.4128552E-05  -3.6372357E-05   7.0647053E-06  -1.9856974E-06   3.0058691E-08   2.9764211E-03   1.5269620E-05  -7.6682359E-04   7.5088984E-03  -1.6818979E-03  -3.5653196E-03  -7.2781817E-03   8.1331368E-04   7.4211853E-04   4.0738215E-04  -9.5183851E-04  -2.0678757E-03   2.7148278E-04   8.6349777E-04   2.2522929E-05   7.3560977E-04   5.5242166E-05  -7.8329465E-04  -4.3033158E-08  -1.1021270E-07
 -3.0821671E-07  -2.8224230E-06  -9.9106547E-08  -1.1983255E-07   3.6591167E-07  -2.3312534E-04  -1.7369205E-05  -8.6074606E-06  -3.6272021E-06   6.7265670E-04  -2.2511592E-04   3.1566293E-03  -2.0723565E-02  -1.1328847E-02  -2.8641428E-03  -4.0619810E-03  -3.3029019E-03   2.6150119E-04  -6.4272658E-04   3.1162121E-04   1.3298105E-03   1.0212075E-04   2.2522929E-05   7.1817538E-03  -3.3024695E-04   6.1502724E-04   4.4126001E-03  -2.1809054E-07   2.2072067E-09
 -2.8729363E-07  -1.0817731E-06   2.9312909E-08   3.8252394E-06   4.2129619E-05  -1.0960374E-04   8.6955828E-06  -6.0875784E-06   2.1006817E-06  -2.5050841E-03   8.4414814E-05  -2.8461645E-05   5.5172110E-03  -6.6431328E-04  -1.8779154E-03  -1.3421997E-04   1.8212225E-03  -7.5517752E-04   1.1626364E-04   8.0453591E-04   3.0214447E-03  -3.7826666E-04   7.3560977E-04  -3.3024695E-04   2.8970596E-03   4.6009550E-04  -1.0513933E-03   1.7560981E-07  -2.2395866E-07
 -4.7659847E-07   1.8236120E-06  -2.6651683E-07  -1.1839587E-05   7.9828959E-05  -7.4876514E-05  -2.0718631E-05  -8.7117031E-06   1.1190030E-07  -5.0395612E-03  -1.2707664E-04  -1.8576859E-03   1.9428539E-02   8.6592759E-03  -3.9502876E-03   6.9819012E-03  -5.3959830E-04  -2.0585721E-03  -1.1064796E-03   1.5411816E-03   6.5097997E-03  -1.0612034E-04   5.5242166E-05   6.1502724E-04   4.6009550E-04   6.3620900E-03   7.6739670E-03  -4.5724825E-07   2.2542041E-07
 -1.4088136E-06   1.8064324E-05  -2.7135140E-06  -3.8184082E-05   3.1429058E-04   4.9508605E-04  -6.1504081E-06  -7.0195154E-06   1.4191173E-05  -1.6855568E-02   9.8616425E-05  -1.9580946E-03   9.8572742E-02   4.0078810E-02   2.4966203E-02   3.2041182E-02  -9.9630675E-04  -3.3986560E-03  -2.4253639E-03   8.7285755E-03   4.0039935E-02  -1.8900923E-04  -7.8329465E-04   4.4126001E-03  -1.0513933E-03   7.6739670E-03   7.2173672E-02  -9.8559595E-07  -8.1609291E-07
  1.5941169E-09  -4.8406436E-08   4.8234406E-09  -4.3279433E-08  -1.0318892E-07  -2.8457263E-06  -3.6129975E-08  -1.5014250E-07   1.5544997E-08  -2.5523606E-04   4.9395347E-06   1.1436563E-04   3.5517556E-03  -5.2714299E-05   3.6070802E-04   4.4387746E-04  -6.0620026E-05   1.7280242E-04  -1.8037082E-04  -2.1033987E-05   1.0333357E-04  -3.9253871E-07  -4.3033158E-08  -2.1809054E-07   1.7560981E-07  -4.5724825E-07  -9.8559595E-07   3.8056692E-07  -3.3843093E-09
  2.8311942E-09   6.2488284E-08  -7.6760487E-09  -9.6369613E-08   3.1900813E-08   3.5709138E-06  -8.8236645E-08   5.4050054E-08  -2.6623676E-08   7.5777161E-04   3.4525986E-06  -3.9679997E-05   6.7587388E-04   2.5778783E-04  -2.3446856E-04  -1.3981152E-03   5.6793030E-06  -1.4572905E-05  -3.5013755E-05   4.3507286E-04   9.2172258E-04  -7.3004513E-08  -1.1021270E-07   2.2072067E-09  -2.2395866E-07   2.2542041E-07  -8.1609291E-07  -3.3843093E-09   3.9392445E-07
