# omegabh2 omegach2 theta tau logA ns calPlanck aps100 aps143 aps217 acib217 asz143 psr cibr xi aksz dust100 dust143 dust217 dust143x217 cal0 cal2 calTE calEE
  2.2581825E-08  -7.5475933E-08   1.3762697E-08   3.0707097E-07   5.5933994E-07   2.4258824E-07   2.7879342E-08  -3.8780277E-04  -2.5574301E-04   8.9064016E-05  -1.1252097E-04   1.9094574E-05   8.7151061E-07  -1.7357178E-06   6.3789267E-07  -3.9156599E-05   2.0955065E-07  -6.1100346E-07   5.6942369E-07  -4.5651639E-07   2.6363388E-09  -5.2639362E-09  -1.0293562E-07  -2.4169853E-07
 -7.5475933E-08   1.3050691E-06  -1.0762256E-07  -3.3963848E-06  -4.5816080E-06  -2.9344985E-06  -3.5026702E-07   7.8922847E-04   5.7168918E-04  -2.0651115E-04   1.9010301E-04  -5.4051817E-05  -2.1398349E-06   2.0442737E-06   2.1177892E-07   1.4484275E-04   3.2373608E-06   8.6198970E-06   3.1421084E-07   6.3702289E-06  -4.6482611E-08   2.0329901E-08  -1.2681741E-07  -6.4885896E-07
  1.3762697E-08  -1.0762256E-07   9.7568774E-08   3.2401420E-07   5.5060751E-07   3.7503524E-07   3.0850028E-08  -1.1238615E-04  -3.3337078E-05  -4.0074997E-06   1.1283176E-05   8.3459060E-06  -1.5749938E-08   6.7941880E-07   2.9350286E-07  -1.7955271E-05  -5.5532278E-07  -4.4692525E-07  -1.7361419E-07  -9.6949087E-07  -2.0911172E-09   3.9867471E-10  -6.4002569E-08   2.9797652E-08
  3.0707097E-07  -3.3963848E-06   3.2401420E-07   5.5192372E-05   9.9756896E-05   1.1032892E-05  -8.5370670E-07  -9.6428176E-03  -4.0686098E-03   8.3472683E-04  -2.2771115E-03   1.8141277E-04  -4.5830468E-06  -1.8469675E-05  -9.6774520E-09  -9.1566796E-04  -1.1579712E-05  -2.0857319E-05   9.4284881E-06  -2.1159350E-05  -1.5313818E-07  -1.8644078E-07  -3.3504026E-06  -2.2610428E-06
  5.5933994E-07  -4.5816080E-06   5.5060751E-07   9.9756896E-05   2.1102667E-04   1.5160905E-05   1.0290234E-05  -9.0920708E-03  -5.1363025E-03   8.9922320E-03  -5.2745359E-03   2.1999593E-04   1.5312683E-05  -9.2015380E-05   3.9360944E-05  -2.5007331E-03  -2.6758321E-05  -1.1627084E-04   3.5508609E-05  -5.5393652E-05   3.0522624E-07  -4.5584456E-07  -6.9362047E-06  -3.4474520E-06
  2.4258824E-07  -2.9344985E-06   3.7503524E-07   1.1032892E-05   1.5160905E-05   1.6689181E-05   7.6480131E-07  -2.3824933E-02  -7.4166084E-03   8.9512849E-03  -6.0000455E-03   5.9202391E-04   6.8920821E-05  -1.2667835E-04   4.7652461E-05  -2.0402870E-03   6.9558092E-06  -4.5699804E-05   2.5586888E-05  -1.3826697E-05  -2.7549218E-07  -4.2876004E-07  -3.2893619E-07  -2.4824658E-06
  2.7879342E-08  -3.5026702E-07   3.0850028E-08  -8.5370670E-07   1.0290234E-05   7.6480131E-07   6.3812552E-06   4.5207587E-03   4.4318983E-04   1.2678273E-03   5.8006994E-04  -2.8312955E-05   2.7670405E-06  -7.9642923E-06  -1.8692369E-06  -3.2779725E-05   2.3671613E-06  -9.7521321E-07   1.6987630E-06  -5.7495712E-06   2.6974126E-08  -1.0452150E-07  -2.7871673E-07  -8.8640746E-11
 -3.8780277E-04   7.8922847E-04  -1.1238615E-04  -9.6428176E-03  -9.0920708E-03  -2.3824933E-02   4.5207587E-03   5.9777933E+02   5.6931308E+01  -5.5110398E+01   2.8836361E+01  -2.4712311E+01  -8.5003573E-01  -1.4936846E-01  -2.8093504E-01   1.1104731E+01  -1.9294479E-01   3.0291382E-01  -2.0437296E-01  -1.3283370E-01   6.1285119E-03   3.1617722E-03   3.8019782E-03   7.1354668E-03
 -2.5574301E-04   5.7168918E-04  -3.3337078E-05  -4.0686098E-03  -5.1363025E-03  -7.4166084E-03   4.4318983E-04   5.6931308E+01   6.7250319E+01   9.0666047E+00   6.5055995E+00  -7.1590531E-02  -1.5747276E-02   4.7659088E-01   9.0112335E-01  -8.6584567E+00  -4.2298829E-02  -2.1790390E-01   5.6271442E-02   6.4535212E-02   6.6518496E-04   7.0257423E-04   1.6484394E-03   5.1328458E-03
  8.9064016E-05  -2.0651115E-04  -4.0074997E-06   8.3472683E-04   8.9922320E-03   8.9512849E-03   1.2678273E-03  -5.5110398E+01   9.0666047E+00   1.7598514E+02  -8.3267901E+01   2.7085240E+00   3.1266997E-01  -1.0376596E+00   2.9466208E-01  -7.5469157E+00  -7.2738246E-02  -2.4244760E-01   5.7469373E-01   1.3497463E-02   1.5390472E-03  -7.6222321E-03   2.2516829E-03   3.3245126E-03
 -1.1252097E-04   1.9010301E-04   1.1283176E-05  -2.2771115E-03  -5.2745359E-03  -6.0000455E-03   5.8006994E-04   2.8836361E+01   6.5055995E+00  -8.3267901E+01   5.2137544E+01   1.7924687E+00  -1.5851764E-02   7.2080203E-01  -2.2293621E-01  -2.7273232E+00   3.4147170E-02   1.5158206E-01  -4.6800785E-01  -1.3184168E-01  -5.1620393E-04   2.9809939E-03  -7.6687238E-04   2.5210814E-04
  1.9094574E-05  -5.4051817E-05   8.3459060E-06   1.8141277E-04   2.1999593E-04   5.9202391E-04  -2.8312955E-05  -2.4712311E+01  -7.1590531E-02   2.7085240E+00   1.7924687E+00   4.3831554E+00   1.0371914E-01   1.6471952E-01  -3.2845358E-02  -3.5966273E+00  -1.4466516E-03   3.8399681E-04   6.7965804E-03   4.8855228E-02   4.6230113E-04  -2.5040345E-04  -2.1683054E-04  -9.1022857E-05
  8.7151061E-07  -2.1398349E-06  -1.5749938E-08  -4.5830468E-06   1.5312683E-05   6.8920821E-05   2.7670405E-06  -8.5003573E-01  -1.5747276E-02   3.1266997E-01  -1.5851764E-02   1.0371914E-01   1.6587834E-02  -1.6361877E-02   1.1693840E-02  -1.0829350E-01   8.4904490E-07  -1.0542686E-03  -3.1581100E-03   4.7972112E-03   1.7216615E-05  -4.0137254E-05   1.9115045E-05   3.4545663E-06
 -1.7357178E-06   2.0442737E-06   6.7941880E-07  -1.8469675E-05  -9.2015380E-05  -1.2667835E-04  -7.9642923E-06  -1.4936846E-01   4.7659088E-01  -1.0376596E+00   7.2080203E-01   1.6471952E-01  -1.6361877E-02   6.8763309E-02   4.5720530E-03  -1.6260452E-01   4.4745130E-04   6.7090911E-03  -7.1972503E-05  -1.7803849E-02  -7.3845741E-06   9.6922306E-05  -5.0047900E-05   6.9197168E-06
  6.3789267E-07   2.1177892E-07   2.9350286E-07  -9.6774520E-09   3.9360944E-05   4.7652461E-05  -1.8692369E-06  -2.8093504E-01   9.0112335E-01   2.9466208E-01  -2.2293621E-01  -3.2845358E-02   1.1693840E-02   4.5720530E-03   8.2220276E-02   3.3269673E-02   1.3356193E-04  -3.2195727E-04   5.0547144E-04   4.5505499E-04   1.5577863E-05  -1.1990661E-05   5.9083127E-06   5.7942289E-06
 -3.9156599E-05   1.4484275E-04  -1.7955271E-05  -9.1566796E-04  -2.5007331E-03  -2.0402870E-03  -3.2779725E-05   1.1104731E+01  -8.6584567E+00  -7.5469157E+00  -2.7273232E+00  -3.5966273E+00  -1.0829350E-01  -1.6260452E-01   3.3269673E-02   7.4067658E+00  -1.6843684E-03  -6.8670199E-03  -2.5896088E-03  -4.6418266E-02  -3.3000295E-04   8.5076972E-05  -2.0694546E-04  -3.9581539E-04
  2.0955065E-07   3.2373608E-06  -5.5532278E-07  -1.1579712E-05  -2.6758321E-05   6.9558092E-06   2.3671613E-06  -1.9294479E-01  -4.2298829E-02  -7.2738246E-02   3.4147170E-02  -1.4466516E-03   8.4904490E-07   4.4745130E-04   1.3356193E-04  -1.6843684E-03   3.8057892E-02   3.6013568E-03  -2.5355839E-04   9.8981691E-04   3.5563602E-05  -6.6969179E-06  -2.5209811E-05  -2.4271823E-05
 -6.1100346E-07   8.6198970E-06  -4.4692525E-07  -2.0857319E-05  -1.1627084E-04  -4.5699804E-05  -9.7521321E-07   3.0291382E-01  -2.1790390E-01  -2.4244760E-01   1.5158206E-01   3.8399681E-04  -1.0542686E-03   6.7090911E-03  -3.2195727E-04  -6.8670199E-03   3.6013568E-03   2.9769637E-02  -6.6849286E-04   5.1904743E-03  -7.4377135E-05  -4.3690583E-05  -6.6287638E-05  -8.9245375E-05
  5.6942369E-07   3.1421084E-07  -1.7361419E-07   9.4284881E-06   3.5508609E-05   2.5586888E-05   1.6987630E-06  -2.0437296E-01   5.6271442E-02   5.7469373E-01  -4.6800785E-01   6.7965804E-03  -3.1581100E-03  -7.1972503E-05   5.0547144E-04  -2.5896088E-03  -2.5355839E-04  -6.6849286E-04   1.1221951E-02   8.8852108E-03   3.8174810E-06   6.7817930E-05   7.8254103E-06  -6.1003035E-06
 -4.5651639E-07   6.3702289E-06  -9.6949087E-07  -2.1159350E-05  -5.5393652E-05  -1.3826697E-05  -5.7495712E-06  -1.3283370E-01   6.4535212E-02   1.3497463E-02  -1.3184168E-01   4.8855228E-02   4.7972112E-03  -1.7803849E-02   4.5505499E-04  -4.6418266E-02   9.8981691E-04   5.1904743E-03   8.8852108E-03   2.6717572E-02  -3.5907184E-08   6.1149739E-05  -2.7695498E-06  -2.4539418E-05
  2.6363388E-09  -4.6482611E-08  -2.0911172E-09  -1.5313818E-07   3.0522624E-07  -2.7549218E-07   2.6974126E-08   6.1285119E-03   6.6518496E-04   1.5390472E-03  -5.1620393E-04   4.6230113E-04   1.7216615E-05  -7.3845741E-06   1.5577863E-05  -3.3000295E-04   3.5563602E-05  -7.4377135E-05   3.8174810E-06  -3.5907184E-08   1.0977590E-06   4.8873328E-08   3.4263180E-07   7.2993280E-07
 -5.2639362E-09   2.0329901E-08   3.9867471E-10  -1.8644078E-07  -4.5584456E-07  -4.2876004E-07  -1.0452150E-07   3.1617722E-03   7.0257423E-04  -7.6222321E-03   2.9809939E-03  -2.5040345E-04  -4.0137254E-05   9.6922306E-05  -1.1990661E-05   8.5076972E-05  -6.6969179E-06  -4.3690583E-05   6.7817930E-05   6.1149739E-05   4.8873328E-08   2.5486408E-06   3.5265616E-07   1.4528703E-07
 -1.0293562E-07  -1.2681741E-07  -6.4002569E-08  -3.3504026E-06  -6.9362047E-06  -3.2893619E-07  -2.7871673E-07   3.8019782E-03   1.6484394E-03   2.2516829E-03  -7.6687238E-04  -2.1683054E-04   1.9115045E-05  -5.0047900E-05   5.9083127E-06  -2.0694546E-04  -2.5209811E-05  -6.6287638E-05   7.8254103E-06  -2.7695498E-06   3.4263180E-07   3.5265616E-07   2.4419449E-05   8.3246201E-06
 -2.4169853E-07  -6.4885896E-07   2.9797652E-08  -2.2610428E-06  -3.4474520E-06  -2.4824658E-06  -8.8640746E-11   7.1354668E-03   5.1328458E-03   3.3245126E-03   2.5210814E-04  -9.1022857E-05   3.4545663E-06   6.9197168E-06   5.7942289E-06  -3.9581539E-04  -2.4271823E-05  -8.9245375E-05  -6.1003035E-06  -2.4539418E-05   7.2993280E-07   1.4528703E-07   8.3246201E-06   2.4042156E-05
