# omegabh2 omegach2 theta tau mnu logA ns calPlanck acib217 xi asz143 aps100 aps143 aps143217 aps217 aksz kgal100 kgal143 kgal143217 kgal217 galfEE100 galfEE100143 galfEE100217 galfEE143 galfEE143217 galfEE217 galfTE100 galfTE100143 galfTE100217 galfTE143 galfTE143217 galfTE217 cal0 cal2
    0.2959472E-07   -0.1768790E-06    0.3106129E-07    0.1390095E-06   -0.1354339E-04   -0.1917091E-07    0.4992077E-06   -0.4450444E-08   -0.1350865E-03    0.3227129E-05    0.3568893E-04   -0.5226696E-03   -0.2775803E-03   -0.3081011E-04    0.4148713E-04   -0.5441002E-04   -0.6180842E-05   -0.8368253E-05   -0.2317977E-04   -0.1311766E-04    0.4629867E-07    0.7489867E-07   -0.2233380E-07    0.5809529E-07    0.2010311E-06    0.1525167E-06   -0.6012969E-07   -0.6383635E-07   -0.7929204E-07   -0.1281131E-06   -0.7391642E-06   -0.2363709E-05    0.5344253E-08   -0.1764405E-07
   -0.1768790E-06    0.2396932E-05   -0.2645560E-06   -0.7402187E-05    0.1046520E-03   -0.9534667E-05   -0.6314783E-05   -0.3048994E-07    0.6665148E-03   -0.1608983E-04   -0.2235998E-03    0.4009458E-02    0.1983934E-02    0.4653480E-03    0.1194907E-03    0.3164935E-03    0.1262607E-04    0.1670515E-04    0.1519209E-03    0.2051662E-03   -0.6932275E-06   -0.9173209E-06    0.4587861E-06   -0.8652940E-06   -0.1098813E-05   -0.1910982E-05   -0.7097602E-07    0.3132461E-06    0.5421939E-06    0.1073583E-05    0.5306575E-05    0.1729270E-04   -0.7105934E-08    0.1145988E-06
    0.3106129E-07   -0.2645560E-06    0.1200744E-06    0.1008310E-06   -0.2776890E-04   -0.2456113E-06    0.8432490E-06   -0.1049989E-07   -0.1002885E-03    0.2655072E-05    0.3430947E-04   -0.5215778E-03   -0.2223093E-03   -0.1749606E-04    0.1381066E-04   -0.5485992E-04   -0.5835979E-05    0.7558246E-07    0.1789846E-05    0.1360193E-04    0.5039172E-07    0.8346394E-07   -0.5789587E-07    0.8212947E-07   -0.4067576E-07   -0.7757505E-07   -0.9242105E-07    0.7664588E-08   -0.1839896E-06    0.1259871E-07   -0.7787538E-06   -0.2286355E-05    0.2666743E-08   -0.1157988E-07
    0.1390095E-06   -0.7402187E-05    0.1008310E-06    0.2962967E-03    0.1770203E-02    0.5590941E-03    0.2271591E-04   -0.2506031E-05   -0.3510148E-02   -0.1530376E-04    0.1139216E-02   -0.2319741E-01   -0.8276562E-02   -0.7609620E-03    0.2722537E-02   -0.2437668E-02   -0.4966872E-03   -0.3054700E-03   -0.1346090E-02   -0.9893422E-03    0.3471618E-05    0.4327414E-05    0.2953411E-05    0.4704582E-05   -0.1780655E-05    0.3210947E-04    0.3879445E-05   -0.1966760E-05   -0.6913701E-07   -0.1564314E-04   -0.9863909E-05    0.1834935E-04   -0.2910844E-06   -0.5278283E-06
   -0.1354339E-04    0.1046520E-03   -0.2776890E-04    0.1770203E-02    0.3199188E-01    0.3710646E-02   -0.3256803E-03    0.2999998E-04    0.5447801E-01   -0.1251156E-02   -0.1511714E-01    0.2253508E+00    0.1262430E+00    0.4013546E-01    0.2874375E-01    0.1166778E-01   -0.6545949E-02   -0.3616012E-02    0.4274370E-03    0.5868447E-02   -0.2106782E-05   -0.1385001E-04    0.7763316E-04   -0.9003488E-05   -0.4293821E-04    0.7988497E-04    0.6137867E-04    0.1235353E-04    0.7038800E-04   -0.6700988E-04    0.2670571E-03    0.1435413E-02   -0.2176119E-05    0.9095046E-05
   -0.1917091E-07   -0.9534667E-05   -0.2456113E-06    0.5590941E-03    0.3710646E-02    0.1091574E-02    0.2974761E-04    0.7375753E-05   -0.5744303E-02   -0.1254171E-04    0.1803303E-02   -0.3015011E-01   -0.1002320E-01    0.2786749E-02    0.1183560E-01   -0.4923328E-02   -0.1239709E-02   -0.1138346E-02   -0.2653867E-02    0.3210757E-03    0.6601985E-05    0.7192601E-05    0.6380438E-05    0.8903936E-05   -0.7590282E-05    0.6104657E-04    0.7635181E-05   -0.1597305E-05    0.1452001E-05   -0.2392057E-04   -0.5936273E-05    0.9908924E-04   -0.3215323E-06   -0.8980997E-06
    0.4992077E-06   -0.6314783E-05    0.8432490E-06    0.2271591E-04   -0.3256803E-03    0.2974761E-04    0.2574153E-04   -0.1017323E-06   -0.5584461E-02    0.1374555E-03    0.1462472E-02   -0.3029282E-01   -0.8659785E-02    0.2477252E-02    0.5448300E-02   -0.2989227E-02    0.1775350E-03   -0.1828384E-03   -0.8656523E-03   -0.2820823E-03    0.3336864E-05    0.3739053E-05   -0.1291084E-05    0.3700743E-05    0.1264669E-05    0.6408680E-05    0.7729911E-06   -0.9396860E-06    0.2656024E-05   -0.3753732E-05   -0.1462895E-04   -0.4583443E-04   -0.1190623E-06   -0.6613227E-06
   -0.4450444E-08   -0.3048994E-07   -0.1049989E-07   -0.2506031E-05    0.2999998E-04    0.7375753E-05   -0.1017323E-06    0.6214596E-05    0.8147707E-03    0.2904430E-06   -0.3722962E-04    0.4925896E-02    0.9212252E-03    0.4914988E-03    0.1317707E-02    0.3205589E-04   -0.2831335E-04   -0.4599085E-04    0.4046935E-04    0.8892335E-03    0.9078966E-06    0.6141937E-06   -0.2669336E-06    0.1064718E-05   -0.3482513E-06    0.2092471E-05    0.1890932E-06    0.9122183E-06    0.2257304E-05    0.2200221E-05    0.1724863E-05    0.1600518E-04    0.1016585E-07    0.9548538E-08
   -0.1350865E-03    0.6665148E-03   -0.1002885E-03   -0.3510148E-02    0.5447801E-01   -0.5744303E-02   -0.5584461E-02    0.8147707E-03    0.4322890E+02   -0.5086287E+00   -0.1429650E+01    0.3834514E+02   -0.5816121E+00   -0.2162152E+02   -0.6069254E+02    0.1629828E-01   -0.5987300E-01   -0.3730784E-01   -0.1973826E+01   -0.1835715E+02   -0.9493964E-04   -0.2880450E-03   -0.1028879E-02    0.4214468E-04   -0.9978879E-03   -0.6722494E-02   -0.6700355E-04    0.2754388E-02    0.3821456E-02    0.3298138E-02   -0.4840803E-03    0.1963894E-02   -0.3218667E-03    0.4366667E-02
    0.3227129E-05   -0.1608983E-04    0.2655072E-05   -0.1530376E-04   -0.1251156E-02   -0.1254171E-04    0.1374555E-03    0.2904430E-06   -0.5086287E+00    0.8168548E-01   -0.8346804E-01   -0.3237046E+00    0.1043657E+01    0.1886572E+01    0.7745223E+00    0.8322040E-01   -0.3260118E-02    0.1178765E-01    0.1012810E+00    0.1171307E+00    0.2612450E-04    0.2040603E-04    0.8310636E-04   -0.9324416E-06    0.1003938E-03   -0.9046439E-04    0.4843245E-04   -0.5227909E-04   -0.1584630E-03   -0.1911743E-03    0.9771556E-05   -0.4964619E-03    0.7839985E-05   -0.1586875E-04
    0.3568893E-04   -0.2235998E-03    0.3430947E-04    0.1139216E-02   -0.1511714E-01    0.1803303E-02    0.1462472E-02   -0.3722962E-04   -0.1429650E+01   -0.8346804E-01    0.3776227E+01   -0.2892144E+02   -0.3751054E+01    0.7656707E+01    0.6650804E+01   -0.2752281E+01   -0.1557323E+00    0.5171403E-01    0.2322549E+01    0.1910039E+01   -0.2413783E-04    0.1377137E-03   -0.3692035E-03    0.9478026E-04   -0.8352066E-03    0.1031708E-02   -0.4668936E-03   -0.1547741E-03    0.2559394E-03   -0.8067440E-03   -0.1479077E-02    0.3343622E-02    0.1975224E-03   -0.3895408E-03
   -0.5226696E-03    0.4009458E-02   -0.5215778E-03   -0.2319741E-01    0.2253508E+00   -0.3015011E-01   -0.3029282E-01    0.4925896E-02    0.3834514E+02   -0.3237046E+00   -0.2892144E+02    0.7558023E+03    0.6432661E+02   -0.5841152E+02   -0.6710019E+02    0.1349050E+02   -0.3484394E+01    0.2755727E+01   -0.1154833E+02   -0.1415657E+02   -0.1750869E-02   -0.2459984E-02   -0.2760941E-02   -0.3349654E-02    0.1253211E-01   -0.1651473E-01    0.1185149E-01    0.7390664E-02   -0.3219900E-02    0.2480876E-01    0.2486260E-01    0.3367895E-01    0.6072161E-02    0.4240386E-02
   -0.2775803E-03    0.1983934E-02   -0.2223093E-03   -0.8276562E-02    0.1262430E+00   -0.1002320E-01   -0.8659785E-02    0.9212252E-03   -0.5816121E+00    0.1043657E+01   -0.3751054E+01    0.6432661E+02    0.6051145E+02    0.4545752E+02    0.1909720E+02   -0.4623100E+01   -0.1795626E+00   -0.9380362E+00    0.4258966E+01    0.4850830E+01   -0.6651138E-03   -0.7865695E-03    0.4497886E-02   -0.9654266E-03    0.5883776E-02   -0.7544628E-02    0.2310270E-02    0.2946792E-02   -0.7555334E-02    0.4857647E-03    0.6815963E-02    0.9999889E-02    0.8108427E-04    0.3062932E-03
   -0.3081011E-04    0.4653480E-03   -0.1749606E-04   -0.7609620E-03    0.4013546E-01    0.2786749E-02    0.2477252E-02    0.4914988E-03   -0.2162152E+02    0.1886572E+01    0.7656707E+01   -0.5841152E+02    0.4545752E+02    0.1000206E+03    0.6817420E+02   -0.1203585E+02   -0.5422561E+00   -0.1428090E+00    0.5074377E+01    0.5606027E+01    0.2391651E-03    0.3450349E-03    0.3469679E-02   -0.3068004E-03    0.3846910E-02   -0.8710556E-02    0.6265204E-03   -0.8263573E-03   -0.7147248E-02   -0.3631264E-02    0.9260986E-03    0.4035072E-02    0.8120911E-03   -0.2614357E-02
    0.4148713E-04    0.1194907E-03    0.1381066E-04    0.2722537E-02    0.2874375E-01    0.1183560E-01    0.5448300E-02    0.1317707E-02   -0.6069254E+02    0.7745223E+00    0.6650804E+01   -0.6710019E+02    0.1909720E+02    0.6817420E+02    0.1218781E+03   -0.1018102E+02   -0.2757574E+00   -0.1377074E+00   -0.8394986E-02    0.1531564E+02    0.4101394E-03    0.4597108E-03    0.2445398E-02   -0.1066227E-04    0.2310208E-02   -0.7502736E-03   -0.2755790E-03   -0.2864349E-02   -0.6237023E-02   -0.3065011E-02    0.3158519E-02    0.1339733E-01    0.8076550E-03   -0.7710504E-02
   -0.5441002E-04    0.3164935E-03   -0.5485992E-04   -0.2437668E-02    0.1166778E-01   -0.4923328E-02   -0.2989227E-02    0.3205589E-04    0.1629828E-01    0.8322040E-01   -0.2752281E+01    0.1349050E+02   -0.4623100E+01   -0.1203585E+02   -0.1018102E+02    0.6148203E+01    0.1014968E+00   -0.9514227E-01   -0.1988556E+01   -0.1419817E+01   -0.3493736E-03   -0.4241894E-03   -0.3570178E-04   -0.3088203E-03    0.2661685E-03    0.2604805E-02   -0.4049962E-04   -0.6755317E-03    0.1613450E-02   -0.3021294E-03    0.1967020E-02    0.2993150E-02   -0.1497490E-03    0.1863271E-03
   -0.6180842E-05    0.1262607E-04   -0.5835979E-05   -0.4966872E-03   -0.6545949E-02   -0.1239709E-02    0.1775350E-03   -0.2831335E-04   -0.5987300E-01   -0.3260118E-02   -0.1557323E+00   -0.3484394E+01   -0.1795626E+00   -0.5422561E+00   -0.2757574E+00    0.1014968E+00    0.3526353E+01    0.4592307E+00    0.2086002E+00    0.3692060E+00    0.7966141E-04    0.3241501E-04   -0.3024393E-04    0.2512112E-04    0.1002014E-02   -0.9953815E-03   -0.7541220E-03   -0.1987159E-03   -0.4361258E-03   -0.1589801E-02   -0.4045139E-03    0.4449621E-02    0.3006213E-03    0.1954468E-04
   -0.8368253E-05    0.1670515E-04    0.7558246E-07   -0.3054700E-03   -0.3616012E-02   -0.1138346E-02   -0.1828384E-03   -0.4599085E-04   -0.3730784E-01    0.1178765E-01    0.5171403E-01    0.2755727E+01   -0.9380362E+00   -0.1428090E+00   -0.1377074E+00   -0.9514227E-01    0.4592307E+00    0.3367841E+01    0.2607764E+01    0.1821432E+01    0.4800073E-04    0.2727486E-04   -0.5213547E-03   -0.4979031E-04   -0.3076964E-03    0.7241172E-03   -0.1715541E-02   -0.3961381E-03   -0.2485450E-03    0.1249131E-02    0.7925030E-03   -0.3824232E-04   -0.2811709E-03   -0.2076250E-03
   -0.2317977E-04    0.1519209E-03    0.1789846E-05   -0.1346090E-02    0.4274370E-03   -0.2653867E-02   -0.8656523E-03    0.4046935E-04   -0.1973826E+01    0.1012810E+00    0.2322549E+01   -0.1154833E+02    0.4258966E+01    0.5074377E+01   -0.8394986E-02   -0.1988556E+01    0.2086002E+00    0.2607764E+01    0.1735960E+02    0.2587319E+02   -0.5387117E-03   -0.2200115E-03    0.4816985E-03   -0.3274998E-03   -0.1116233E-03    0.2609422E-03    0.4384676E-03    0.1208981E-02   -0.3081417E-02    0.1258306E-02    0.3191787E-02    0.1073553E-01   -0.5309265E-05    0.2558748E-02
   -0.1311766E-04    0.2051662E-03    0.1360193E-04   -0.9893422E-03    0.5868447E-02    0.3210757E-03   -0.2820823E-03    0.8892335E-03   -0.1835715E+02    0.1171307E+00    0.1910039E+01   -0.1415657E+02    0.4850830E+01    0.5606027E+01    0.1531564E+02   -0.1419817E+01    0.3692060E+00    0.1821432E+01    0.2587319E+02    0.5473320E+02   -0.7998767E-03   -0.3436756E-03    0.1255233E-02   -0.6124729E-03   -0.9653028E-03    0.2903553E-02    0.1839223E-02    0.9154417E-03   -0.3178618E-02    0.3441986E-02    0.4141961E-02    0.1266973E-01    0.8384759E-04    0.4600035E-02
    0.4629867E-07   -0.6932275E-06    0.5039172E-07    0.3471618E-05   -0.2106782E-05    0.6601985E-05    0.3336864E-05    0.9078966E-06   -0.9493964E-04    0.2612450E-04   -0.2413783E-04   -0.1750869E-02   -0.6651138E-03    0.2391651E-03    0.4101394E-03   -0.3493736E-03    0.7966141E-04    0.4800073E-04   -0.5387117E-03   -0.7998767E-03    0.3184884E-04    0.8758098E-05    0.4923093E-06    0.3658161E-05    0.3316220E-05   -0.1398667E-05   -0.2176520E-05   -0.1580097E-05    0.1261339E-05    0.5258428E-06   -0.2432208E-05   -0.1443713E-04   -0.7092816E-07   -0.5522105E-07
    0.7489867E-07   -0.9173209E-06    0.8346394E-07    0.4327414E-05   -0.1385001E-04    0.7192601E-05    0.3739053E-05    0.6141937E-06   -0.2880450E-03    0.2040603E-04    0.1377137E-03   -0.2459984E-02   -0.7865695E-03    0.3450349E-03    0.4597108E-03   -0.4241894E-03    0.3241501E-04    0.2727486E-04   -0.2200115E-03   -0.3436756E-03    0.8758098E-05    0.2499565E-04   -0.4245843E-06    0.1265305E-04    0.2689706E-05    0.1776786E-05   -0.2519300E-05   -0.1034209E-05   -0.6742028E-06   -0.2599028E-05   -0.9909963E-05   -0.3289211E-04   -0.5743260E-07   -0.5922146E-07
   -0.2233380E-07    0.4587861E-06   -0.5789587E-07    0.2953411E-05    0.7763316E-04    0.6380438E-05   -0.1291084E-05   -0.2669336E-06   -0.1028879E-02    0.8310636E-04   -0.3692035E-03   -0.2760941E-02    0.4497886E-02    0.3469679E-02    0.2445398E-02   -0.3570178E-04   -0.3024393E-04   -0.5213547E-03    0.4816985E-03    0.1255233E-02    0.4923093E-06   -0.4245843E-06    0.1049374E-02   -0.2503286E-06    0.5161065E-05   -0.5199978E-04   -0.4049167E-05    0.2914504E-05   -0.2921083E-04    0.1436950E-04    0.4003142E-04   -0.3719228E-04   -0.2108087E-06    0.2519175E-06
    0.5809529E-07   -0.8652940E-06    0.8212947E-07    0.4704582E-05   -0.9003488E-05    0.8903936E-05    0.3700743E-05    0.1064718E-05    0.4214468E-04   -0.9324416E-06    0.9478026E-04   -0.3349654E-02   -0.9654266E-03   -0.3068004E-03   -0.1066227E-04   -0.3088203E-03    0.2512112E-04   -0.4979031E-04   -0.3274998E-03   -0.6124729E-03    0.3658161E-05    0.1265305E-04   -0.2503286E-06    0.4746143E-04   -0.1085673E-05    0.1376874E-04   -0.2612389E-05   -0.1968024E-05    0.5613361E-05   -0.3200715E-05   -0.1885765E-05   -0.1300003E-04   -0.1327837E-06   -0.1095956E-06
    0.2010311E-06   -0.1098813E-05   -0.4067576E-07   -0.1780655E-05   -0.4293821E-04   -0.7590282E-05    0.1264669E-05   -0.3482513E-06   -0.9978879E-03    0.1003938E-03   -0.8352066E-03    0.1253211E-01    0.5883776E-02    0.3846910E-02    0.2310208E-02    0.2661685E-03    0.1002014E-02   -0.3076964E-03   -0.1116233E-03   -0.9653028E-03    0.3316220E-05    0.2689706E-05    0.5161065E-05   -0.1085673E-05    0.2212246E-02    0.1196662E-03   -0.5001794E-05   -0.3519493E-05   -0.6434544E-05   -0.2387460E-04    0.5119979E-05   -0.4563660E-04    0.2552265E-06   -0.1198843E-06
    0.1525167E-06   -0.1910982E-05   -0.7757505E-07    0.3210947E-04    0.7988497E-04    0.6104657E-04    0.6408680E-05    0.2092471E-05   -0.6722494E-02   -0.9046439E-04    0.1031708E-02   -0.1651473E-01   -0.7544628E-02   -0.8710556E-02   -0.7502736E-03    0.2604805E-02   -0.9953815E-03    0.7241172E-03    0.2609422E-03    0.2903553E-02   -0.1398667E-05    0.1776786E-05   -0.5199978E-04    0.1376874E-04    0.1196662E-03    0.1654262E-01   -0.1192695E-05   -0.1731653E-04   -0.9966213E-05   -0.4749665E-04   -0.4845487E-04   -0.4209812E-03    0.7571938E-07    0.8998932E-07
   -0.6012969E-07   -0.7097602E-07   -0.9242105E-07    0.3879445E-05    0.6137867E-04    0.7635181E-05    0.7729911E-06    0.1890932E-06   -0.6700355E-04    0.4843245E-04   -0.4668936E-03    0.1185149E-01    0.2310270E-02    0.6265204E-03   -0.2755790E-03   -0.4049962E-04   -0.7541220E-03   -0.1715541E-02    0.4384676E-03    0.1839223E-02   -0.2176520E-05   -0.2519300E-05   -0.4049167E-05   -0.2612389E-05   -0.5001794E-05   -0.1192695E-05    0.1446726E-02    0.2941466E-03    0.7012797E-04   -0.3795826E-03   -0.1011337E-03   -0.1284756E-03    0.1479910E-07    0.2091353E-06
   -0.6383635E-07    0.3132461E-06    0.7664588E-08   -0.1966760E-05    0.1235353E-04   -0.1597305E-05   -0.9396860E-06    0.9122183E-06    0.2754388E-02   -0.5227909E-04   -0.1547741E-03    0.7390664E-02    0.2946792E-02   -0.8263573E-03   -0.2864349E-02   -0.6755317E-03   -0.1987159E-03   -0.3961381E-03    0.1208981E-02    0.9154417E-03   -0.1580097E-05   -0.1034209E-05    0.2914504E-05   -0.1968024E-05   -0.3519493E-05   -0.1731653E-04    0.2941466E-03    0.8472162E-03    0.1605647E-04    0.7478158E-03    0.5315772E-04   -0.6887297E-03   -0.3925289E-06    0.1575126E-06
   -0.7929204E-07    0.5421939E-06   -0.1839896E-06   -0.6913701E-07    0.7038800E-04    0.1452001E-05    0.2656024E-05    0.2257304E-05    0.3821456E-02   -0.1584630E-03    0.2559394E-03   -0.3219900E-02   -0.7555334E-02   -0.7147248E-02   -0.6237023E-02    0.1613450E-02   -0.4361258E-03   -0.2485450E-03   -0.3081417E-02   -0.3178618E-02    0.1261339E-05   -0.6742028E-06   -0.2921083E-04    0.5613361E-05   -0.6434544E-05   -0.9966213E-05    0.7012797E-04    0.1605647E-04    0.7111002E-02   -0.2892883E-03    0.7843749E-03    0.4944760E-02   -0.1525561E-06    0.3624869E-06
   -0.1281131E-06    0.1073583E-05    0.1259871E-07   -0.1564314E-04   -0.6700988E-04   -0.2392057E-04   -0.3753732E-05    0.2200221E-05    0.3298138E-02   -0.1911743E-03   -0.8067440E-03    0.2480876E-01    0.4857647E-03   -0.3631264E-02   -0.3065011E-02   -0.3021294E-03   -0.1589801E-02    0.1249131E-02    0.1258306E-02    0.3441986E-02    0.5258428E-06   -0.2599028E-05    0.1436950E-04   -0.3200715E-05   -0.2387460E-04   -0.4749665E-04   -0.3795826E-03    0.7478158E-03   -0.2892883E-03    0.2882037E-02    0.5195064E-03   -0.9164981E-03   -0.1974761E-06    0.1034493E-05
   -0.7391642E-06    0.5306575E-05   -0.7787538E-06   -0.9863909E-05    0.2670571E-03   -0.5936273E-05   -0.1462895E-04    0.1724863E-05   -0.4840803E-03    0.9771556E-05   -0.1479077E-02    0.2486260E-01    0.6815963E-02    0.9260986E-03    0.3158519E-02    0.1967020E-02   -0.4045139E-03    0.7925030E-03    0.3191787E-02    0.4141961E-02   -0.2432208E-05   -0.9909963E-05    0.4003142E-04   -0.1885765E-05    0.5119979E-05   -0.4845487E-04   -0.1011337E-03    0.5315772E-04    0.7843749E-03    0.5195064E-03    0.6476621E-02    0.7584201E-02    0.4049801E-06    0.4667944E-06
   -0.2363709E-05    0.1729270E-04   -0.2286355E-05    0.1834935E-04    0.1435413E-02    0.9908924E-04   -0.4583443E-04    0.1600518E-04    0.1963894E-02   -0.4964619E-03    0.3343622E-02    0.3367895E-01    0.9999889E-02    0.4035072E-02    0.1339733E-01    0.2993150E-02    0.4449621E-02   -0.3824232E-04    0.1073553E-01    0.1266973E-01   -0.1443713E-04   -0.3289211E-04   -0.3719228E-04   -0.1300003E-04   -0.4563660E-04   -0.4209812E-03   -0.1284756E-03   -0.6887297E-03    0.4944760E-02   -0.9164981E-03    0.7584201E-02    0.6492802E-01    0.3252585E-06   -0.2146456E-05
    0.5344253E-08   -0.7105934E-08    0.2666743E-08   -0.2910844E-06   -0.2176119E-05   -0.3215323E-06   -0.1190623E-06    0.1016585E-07   -0.3218667E-03    0.7839985E-05    0.1975224E-03    0.6072161E-02    0.8108427E-04    0.8120911E-03    0.8076550E-03   -0.1497490E-03    0.3006213E-03   -0.2811709E-03   -0.5309265E-05    0.8384759E-04   -0.7092816E-07   -0.5743260E-07   -0.2108087E-06   -0.1327837E-06    0.2552265E-06    0.7571938E-07    0.1479910E-07   -0.3925289E-06   -0.1525561E-06   -0.1974761E-06    0.4049801E-06    0.3252585E-06    0.6101960E-06   -0.1377170E-07
   -0.1764405E-07    0.1145988E-06   -0.1157988E-07   -0.5278283E-06    0.9095046E-05   -0.8980997E-06   -0.6613227E-06    0.9548538E-08    0.4366667E-02   -0.1586875E-04   -0.3895408E-03    0.4240386E-02    0.3062932E-03   -0.2614357E-02   -0.7710504E-02    0.1863271E-03    0.1954468E-04   -0.2076250E-03    0.2558748E-02    0.4600035E-02   -0.5522105E-07   -0.5922146E-07    0.2519175E-06   -0.1095956E-06   -0.1198843E-06    0.8998932E-07    0.2091353E-06    0.1575126E-06    0.3624869E-06    0.1034493E-05    0.4667944E-06   -0.2146456E-05   -0.1377170E-07    0.2099674E-05
