# omegabh2 omegach2 theta tau nnu logA ns nrun calPlanck acib217 xi asz143 aps100 aps143 aps143217 aps217 aksz kgal100 kgal143 kgal143217 kgal217 galfTE100 galfTE100143 galfTE100217 galfTE143 galfTE143217 galfTE217 cal0 cal2
  3.3185260E-08   3.3045645E-07  -3.5427100E-08   2.0780779E-07   2.3921916E-05   1.3483723E-06   9.5892268E-07   1.0792131E-07  -5.6322385E-09  -4.5390865E-06  -1.0538928E-06   1.0709518E-05   7.1950517E-05   1.4126800E-05   2.5763162E-05   4.3130288E-05   2.4397663E-05   6.4920780E-06   1.1414492E-05   2.3735048E-05   2.9036046E-05   1.0139619E-07  -1.4700499E-07  -5.3127075E-07  -7.9809154E-08  -5.3218841E-07  -1.8099530E-06   2.8707757E-09  -1.3873303E-09
  3.3045645E-07   1.0671042E-05  -1.2209634E-06  -1.3244725E-06   6.1228333E-04   2.2920672E-05   2.0689524E-05   1.0046485E-05  -1.4153136E-07   1.8668037E-03  -5.3459437E-05   1.0958238E-04   3.1924437E-03   2.6626547E-03   1.5108583E-03  -1.3742736E-04   6.9143769E-04   2.1144387E-04   2.9641871E-04   5.0184160E-04  -7.4739153E-05   4.7688677E-07  -1.4078828E-06   3.2496949E-06  -3.5286665E-07   1.3292435E-06   1.1023054E-05  -2.0668143E-08   4.1333167E-08
 -3.5427100E-08  -1.2209634E-06   2.2797134E-07   1.5659327E-07  -7.3402637E-05  -2.5642451E-06  -2.4996988E-06  -1.3088731E-06  -7.6746366E-09  -2.1127067E-04   7.3243756E-06  -2.3706495E-05  -1.5815992E-05  -1.7206855E-04  -9.0943345E-05   4.5874133E-05  -8.4007207E-05  -3.2372311E-05  -2.1081910E-05  -3.8901504E-05   7.9411063E-06  -1.3789611E-07   3.4859355E-07  -1.1334847E-06   4.6372066E-07  -4.6796717E-07  -1.1223247E-06   2.7577501E-09  -9.0147393E-09
  2.0780779E-07  -1.3244725E-06   1.5659327E-07   4.9857252E-05  -2.3800678E-05   9.8176326E-05   1.3664186E-06  -9.7300648E-06  -5.7622146E-07   1.2627589E-04   6.8664482E-05  -3.5809108E-05   2.0669229E-03  -7.3318028E-04   5.5057018E-04  -9.5008221E-04  -2.0521835E-04  -5.0358519E-04   1.2570471E-05  -4.0622556E-04  -1.1232810E-03  -8.9606459E-06  -4.3763272E-06   4.9487599E-06  -1.4309173E-05   2.4599289E-05   5.0566116E-05   1.4367096E-07   1.0130640E-08
  2.3921916E-05   6.1228333E-04  -7.3402637E-05  -2.3800678E-05   3.8600918E-02   1.4286766E-03   1.4420634E-03   6.6519608E-04  -4.6942612E-07   9.3556211E-02  -3.0671904E-03   6.9679751E-03   2.1304887E-01   1.3246822E-01   7.7521481E-02  -2.1319094E-03   4.4047709E-02   1.1100145E-02   1.7503744E-02   2.9951091E-02   7.5906997E-03   1.2821914E-04  -1.0580662E-04   3.3213005E-05  -8.2563711E-05  -6.2851957E-05   1.1532411E-04  -1.7103558E-06   2.0697948E-06
  1.3483723E-06   2.2920672E-05  -2.5642451E-06   9.8176326E-05   1.4286766E-03   2.8599968E-04   4.9926893E-05  -4.6885537E-06   1.1404255E-05   6.2006615E-03   8.1023944E-05  -9.9399903E-05   2.2830592E-02   1.0835498E-02   8.9614785E-03   2.2254275E-03   9.9156350E-04  -6.6646756E-04   5.1933735E-04   8.8664764E-04  -2.5729422E-04  -9.2016397E-06  -1.4900268E-05   1.5345169E-05  -2.6344237E-05   5.5005242E-05   1.2161931E-04   4.7788133E-07   1.4747159E-07
  9.5892268E-07   2.0689524E-05  -2.4996988E-06   1.3664186E-06   1.4420634E-03   4.9926893E-05   6.8531684E-05   3.2039638E-05   4.2256811E-08  -1.7472831E-03   1.2314142E-05   1.0699964E-03  -1.1167027E-02  -1.2263979E-03   5.1675220E-03   5.9697641E-03  -7.5536883E-04   3.2493340E-04   1.0268541E-04   3.7590890E-04   1.2029986E-03   9.3177695E-06   6.0516398E-07  -1.0002555E-05  -2.4227594E-06  -1.9066203E-06  -1.0495519E-05  -1.4856449E-07  -1.4065129E-08
  1.0792131E-07   1.0046485E-05  -1.3088731E-06  -9.7300648E-06   6.6519608E-04  -4.6885537E-06   3.2039638E-05   5.5505533E-05  -1.0517682E-07  -4.8114750E-03   8.0606640E-05   1.4723173E-03  -2.3673000E-02  -1.0081297E-02   2.4907008E-04   4.0148179E-03  -2.1695193E-03  -2.4426385E-04  -6.4334191E-04  -4.5473623E-04   8.4858637E-04   9.3973726E-06  -1.0681226E-06   7.8987104E-06  -4.1722301E-06   1.0454472E-06  -5.1607954E-05  -1.4626370E-07  -2.4413303E-07
 -5.6322385E-09  -1.4153136E-07  -7.6746366E-09  -5.7622146E-07  -4.6942612E-07   1.1404255E-05   4.2256811E-08  -1.0517682E-07   6.3715338E-06   1.1839708E-03   2.1087837E-05  -4.2312347E-05   5.5979039E-03   1.6493814E-03   1.0441333E-03   6.6209388E-04   2.7696205E-05  -1.5748518E-05   4.8568134E-05   2.2215519E-04   8.4111323E-04   5.5950086E-06   1.4845486E-07   1.4146621E-06   2.6340527E-06   3.5783654E-06  -9.7636474E-07   4.6413916E-08   1.4509622E-08
 -4.5390865E-06   1.8668037E-03  -2.1127067E-04   1.2627589E-04   9.3556211E-02   6.2006615E-03  -1.7472831E-03  -4.8114750E-03   1.1839708E-03   4.7245325E+01  -3.5920124E-01  -8.4898914E-01   4.1199078E+01   5.2467188E+00  -1.0016295E+01  -5.5927303E+01   2.6107010E-01   9.8784766E-02   3.8291193E-01  -6.3481821E+00  -3.4988685E+01  -1.9207377E-03   1.9029247E-03   7.5381905E-03   3.5171074E-03   1.3314671E-02   5.0760078E-02  -1.6143345E-04   9.3547382E-04
 -1.0538928E-06  -5.3459437E-05   7.3243756E-06   6.8664482E-05  -3.0671904E-03   8.1023944E-05   1.2314142E-05   8.0606640E-05   2.1087837E-05  -3.5920124E-01   7.9542602E-02  -4.4354109E-02  -7.4040474E-01   8.4347404E-01   1.5916188E+00   5.7127012E-01   2.7518717E-02  -3.1948510E-03   1.1799318E-02   9.8933083E-02   1.2567186E-01   1.7879622E-04  -1.4660417E-04   3.0652283E-04   1.3719972E-04   5.7039752E-04  -1.9801947E-03  -3.8601236E-06  -2.5413470E-06
  1.0709518E-05   1.0958238E-04  -2.3706495E-05  -3.5809108E-05   6.9679751E-03  -9.9399903E-05   1.0699964E-03   1.4723173E-03  -4.2312347E-05  -8.4898914E-01  -4.4354109E-02   3.9858174E+00  -3.1480713E+01  -3.5288246E+00   7.9990953E+00   5.6582708E+00  -2.9313584E+00  -1.9661657E-01   3.4475628E-02   2.5794649E+00   3.2418330E+00   9.6779844E-04  -1.3595107E-03  -2.8182056E-03   3.4259626E-04  -7.4227889E-03  -1.9589144E-02   1.4501334E-04  -2.3836451E-05
  7.1950517E-05   3.1924437E-03  -1.5815992E-05   2.0669229E-03   2.1304887E-01   2.2830592E-02  -1.1167027E-02  -2.3673000E-02   5.5979039E-03   4.1199078E+01  -7.4040474E-01  -3.1480713E+01   8.0101572E+02   7.1161721E+01  -5.9978464E+01  -6.6893882E+01   1.6581336E+01  -6.4491169E+00   6.6815417E+00  -1.4114512E+01  -3.0447068E+01   1.8217866E-02   2.7246520E-02  -4.7381603E-02   4.0035496E-02   7.7259620E-02   1.8536200E-01   3.9034201E-03   2.2042861E-04
  1.4126800E-05   2.6626547E-03  -1.7206855E-04  -7.3318028E-04   1.3246822E-01   1.0835498E-02  -1.2263979E-03  -1.0081297E-02   1.6493814E-03   5.2467188E+00   8.4347404E-01  -3.5288246E+00   7.1161721E+01   6.4067723E+01   4.0504226E+01   1.2544312E+01  -4.4892366E+00  -3.3789764E-01  -9.8485348E-01   3.0775549E+00   1.8464205E+00   1.3415341E-03   8.0842116E-03  -9.6237369E-03   1.2537239E-02  -8.7356644E-03   5.3476358E-03   5.3987700E-05  -3.0752003E-05
  2.5763162E-05   1.5108583E-03  -9.0943345E-05   5.5057018E-04   7.7521481E-02   8.9614785E-03   5.1675220E-03   2.4907008E-04   1.0441333E-03  -1.0016295E+01   1.5916188E+00   7.9990953E+00  -5.9978464E+01   4.0504226E+01   8.5067562E+01   5.1082589E+01  -1.2736620E+01  -5.3867854E-01  -4.5852752E-01   4.9227268E+00   6.4774787E+00   1.2617236E-03  -3.1655676E-03  -8.1819613E-03   1.0696889E-02   4.1722237E-03  -5.2400169E-02   3.7010644E-04  -4.8339851E-04
  4.3130288E-05  -1.3742736E-04   4.5874133E-05  -9.5008221E-04  -2.1319094E-03   2.2254275E-03   5.9697641E-03   4.0148179E-03   6.6209388E-04  -5.5927303E+01   5.7127012E-01   5.6582708E+00  -6.6893882E+01   1.2544312E+01   5.1082589E+01   1.0392313E+02  -1.0400114E+01  -1.9085578E-01  -8.4836701E-01   6.5988065E+00   3.4425332E+01  -2.8741227E-03  -3.5947762E-03  -2.4007649E-02   1.3675489E-03  -1.1025001E-02  -7.1741455E-02   4.5809677E-04  -1.6041047E-03
  2.4397663E-05   6.9143769E-04  -8.4007207E-05  -2.0521835E-04   4.4047709E-02   9.9156350E-04  -7.5536883E-04  -2.1695193E-03   2.7696205E-05   2.6107010E-01   2.7518717E-02  -2.9313584E+00   1.6581336E+01  -4.4892366E+00  -1.2736620E+01  -1.0400114E+01   6.3950333E+00   2.3670978E-01   6.4639099E-02  -1.7269393E+00  -1.6089871E+00   6.5801164E-04  -2.6269494E-03   9.4830000E-03  -1.6506678E-03   6.4294829E-03   2.5383182E-02  -1.2955683E-04   7.1212005E-05
  6.4920780E-06   2.1144387E-04  -3.2372311E-05  -5.0358519E-04   1.1100145E-02  -6.6646756E-04   3.2493340E-04  -2.4426385E-04  -1.5748518E-05   9.8784766E-02  -3.1948510E-03  -1.9661657E-01  -6.4491169E+00  -3.3789764E-01  -5.3867854E-01  -1.9085578E-01   2.3670978E-01   3.2687631E+00   5.4189621E-01   1.0931592E-01  -2.5335664E-02   1.1307833E-03   5.5848031E-04   2.7289084E-03  -1.7226309E-03  -2.5934018E-03   8.2248640E-03   1.6042405E-04  -1.2523223E-06
  1.1414492E-05   2.9641871E-04  -2.1081910E-05   1.2570471E-05   1.7503744E-02   5.1933735E-04   1.0268541E-04  -6.4334191E-04   4.8568134E-05   3.8291193E-01   1.1799318E-02   3.4475628E-02   6.6815417E+00  -9.8485348E-01  -4.5852752E-01  -8.4836701E-01   6.4639099E-02   5.4189621E-01   3.0892839E+00   2.3871793E+00   2.4197191E+00  -6.1959216E-05  -8.8430969E-04   4.2056908E-03   1.8610538E-03   1.9945879E-03  -3.7313409E-03  -1.4827608E-04  -5.8007173E-05
  2.3735048E-05   5.0184160E-04  -3.8901504E-05  -4.0622556E-04   2.9951091E-02   8.8664764E-04   3.7590890E-04  -4.5473623E-04   2.2215519E-04  -6.3481821E+00   9.8933083E-02   2.5794649E+00  -1.4114512E+01   3.0775549E+00   4.9227268E+00   6.5988065E+00  -1.7269393E+00   1.0931592E-01   2.3871793E+00   1.0134452E+01   1.8605645E+01   3.8662169E-03   2.1686569E-05   5.2657410E-04   1.6816146E-03  -1.5876006E-02  -1.8617153E-02   4.0588050E-05   3.4253970E-04
  2.9036046E-05  -7.4739153E-05   7.9411063E-06  -1.1232810E-03   7.5906997E-03  -2.5729422E-04   1.2029986E-03   8.4858637E-04   8.4111323E-04  -3.4988685E+01   1.2567186E-01   3.2418330E+00  -3.0447068E+01   1.8464205E+00   6.4774787E+00   3.4425332E+01  -1.6089871E+00  -2.5335664E-02   2.4197191E+00   1.8605645E+01   5.3079675E+01   7.5835468E-03   2.8429956E-03  -3.0816218E-03   6.7631341E-04  -3.3613977E-02  -2.6292502E-02   1.2732928E-04   7.0466595E-04
  1.0139619E-07   4.7688677E-07  -1.3789611E-07  -8.9606459E-06   1.2821914E-04  -9.2016397E-06   9.3177695E-06   9.3973726E-06   5.5950086E-06  -1.9207377E-03   1.7879622E-04   9.6779844E-04   1.8217866E-02   1.3415341E-03   1.2617236E-03  -2.8741227E-03   6.5801164E-04   1.1307833E-03  -6.1959216E-05   3.8662169E-03   7.5835468E-03   1.4513662E-03   2.6907116E-04   3.2213134E-05  -3.9046859E-04  -1.1176023E-04   8.1148099E-05  -1.2498719E-07   5.2410522E-08
 -1.4700499E-07  -1.4078828E-06   3.4859355E-07  -4.3763272E-06  -1.0580662E-04  -1.4900268E-05   6.0516398E-07  -1.0681226E-06   1.4845486E-07   1.9029247E-03  -1.4660417E-04  -1.3595107E-03   2.7246520E-02   8.0842116E-03  -3.1655676E-03  -3.5947762E-03  -2.6269494E-03   5.5848031E-04  -8.8430969E-04   2.1686569E-05   2.8429956E-03   2.6907116E-04   8.7657409E-04   1.4172701E-04   7.7202485E-04   3.4815558E-05  -6.1241611E-04  -2.2338866E-07   1.0167366E-06
 -5.3127075E-07   3.2496949E-06  -1.1334847E-06   4.9487599E-06   3.3213005E-05   1.5345169E-05  -1.0002555E-05   7.8987104E-06   1.4146621E-06   7.5381905E-03   3.0652283E-04  -2.8182056E-03  -4.7381603E-02  -9.6237369E-03  -8.1819613E-03  -2.4007649E-02   9.4830000E-03   2.7289084E-03   4.2056908E-03   5.2657410E-04  -3.0816218E-03   3.2213134E-05   1.4172701E-04   7.1800703E-03  -2.7175451E-04   7.1167135E-04   5.0088017E-03  -8.2924717E-07   4.8793231E-07
 -7.9809154E-08  -3.5286665E-07   4.6372066E-07  -1.4309173E-05  -8.2563711E-05  -2.6344237E-05  -2.4227594E-06  -4.1722301E-06   2.6340527E-06   3.5171074E-03   1.3719972E-04   3.4259626E-04   4.0035496E-02   1.2537239E-02   1.0696889E-02   1.3675489E-03  -1.6506678E-03  -1.7226309E-03   1.8610538E-03   1.6816146E-03   6.7631341E-04  -3.9046859E-04   7.7202485E-04  -2.7175451E-04   3.0488988E-03   5.3763341E-04  -1.1322172E-03  -6.1605720E-07   1.4717145E-06
 -5.3218841E-07   1.3292435E-06  -4.6796717E-07   2.4599289E-05  -6.2851957E-05   5.5005242E-05  -1.9066203E-06   1.0454472E-06   3.5783654E-06   1.3314671E-02   5.7039752E-04  -7.4227889E-03   7.7259620E-02  -8.7356644E-03   4.1722237E-03  -1.1025001E-02   6.4294829E-03  -2.5934018E-03   1.9945879E-03  -1.5876006E-02  -3.3613977E-02  -1.1176023E-04   3.4815558E-05   7.1167135E-04   5.3763341E-04   6.7372652E-03   7.8618133E-03  -1.6283987E-06   2.4208849E-08
 -1.8099530E-06   1.1023054E-05  -1.1223247E-06   5.0566116E-05   1.1532411E-04   1.2161931E-04  -1.0495519E-05  -5.1607954E-05  -9.7636474E-07   5.0760078E-02  -1.9801947E-03  -1.9589144E-02   1.8536200E-01   5.3476358E-03  -5.2400169E-02  -7.1741455E-02   2.5383182E-02   8.2248640E-03  -3.7313409E-03  -1.8617153E-02  -2.6292502E-02   8.1148099E-05  -6.1241611E-04   5.0088017E-03  -1.1322172E-03   7.8618133E-03   7.1841475E-02  -2.2850462E-06   6.4129955E-06
  2.8707757E-09  -2.0668143E-08   2.7577501E-09   1.4367096E-07  -1.7103558E-06   4.7788133E-07  -1.4856449E-07  -1.4626370E-07   4.6413916E-08  -1.6143345E-04  -3.8601236E-06   1.4501334E-04   3.9034201E-03   5.3987700E-05   3.7010644E-04   4.5809677E-04  -1.2955683E-04   1.6042405E-04  -1.4827608E-04   4.0588050E-05   1.2732928E-04  -1.2498719E-07  -2.2338866E-07  -8.2924717E-07  -6.1605720E-07  -1.6283987E-06  -2.2850462E-06   3.8087935E-07  -9.2666631E-09
 -1.3873303E-09   4.1333167E-08  -9.0147393E-09   1.0130640E-08   2.0697948E-06   1.4747159E-07  -1.4065129E-08  -2.4413303E-07   1.4509622E-08   9.3547382E-04  -2.5413470E-06  -2.3836451E-05   2.2042861E-04  -3.0752003E-05  -4.8339851E-04  -1.6041047E-03   7.1212005E-05  -1.2523223E-06  -5.8007173E-05   3.4253970E-04   7.0466595E-04   5.2410522E-08   1.0167366E-06   4.8793231E-07   1.4717145E-06   2.4208849E-08   6.4129955E-06  -9.2666631E-09   3.9123012E-07
