# omegabh2 omegach2 theta tau mnu logA ns calPlanck acib217 xi asz143 aps100 aps143 aps143217 aps217 aksz kgal100 kgal143 kgal143217 kgal217 cal0 cal2
  7.7997168E-08  -4.7520786E-07   9.1696370E-08   1.6819549E-06  -3.0899914E-05   2.4926182E-06   1.4690551E-06  -4.3614351E-09  -2.4693782E-04   3.8531250E-06   7.6806675E-05  -1.4163247E-03  -8.9500286E-04  -4.0729750E-04  -1.9938181E-04  -1.0154846E-04  -6.2163908E-06  -3.8051267E-06  -7.6381122E-06   5.8767064E-05  -1.2402287E-10  -7.1320769E-09
 -4.7520786E-07   6.3078462E-06  -7.9463605E-07  -3.5855332E-05   1.8447513E-04  -5.7347806E-05  -1.7127600E-05   2.9022749E-08   1.6472313E-03  -3.0889932E-05  -4.3658790E-04   9.5675081E-03   5.8442193E-03   2.6434633E-03   1.2225868E-03   6.1865235E-04   7.2855683E-05   7.6735387E-05   1.5087522E-04  -2.3050999E-04  -4.4097340E-09   5.5594848E-08
  9.1696370E-08  -7.9463605E-07   2.8829694E-07   2.7199483E-06  -5.1520671E-05   3.9567463E-06   2.4735910E-06  -2.0029005E-08  -2.3317110E-04   3.3869764E-06   6.6758677E-05  -1.4487550E-03  -8.7087382E-04  -4.4703317E-04  -2.3476529E-04  -8.7357694E-05  -6.1212466E-06  -1.4129390E-06  -7.4959978E-06   4.3945366E-05  -1.3021342E-09  -9.2644120E-09
  1.6819549E-06  -3.5855332E-05   2.7199483E-06   7.5478359E-04   3.5675218E-03   1.3834000E-03   1.0624850E-04  -5.2806622E-06  -1.4826888E-02   2.7473741E-04   4.9751049E-03  -9.3857438E-02  -4.0148593E-02  -6.7388943E-03   1.7757668E-03  -6.6341582E-03   6.0831442E-05   1.2002066E-05  -1.2949926E-04   3.0599666E-03  -4.3886367E-07  -4.9473905E-07
 -3.0899914E-05   1.8447513E-04  -5.1520671E-05   3.5675218E-03   6.0417069E-02   7.2197951E-03  -5.6682514E-04   9.8275971E-06   4.0884512E-02  -1.6010141E-04  -3.0770275E-03   1.7205972E-01   2.5381282E-01   2.2989627E-01   1.6764528E-01   3.4279154E-03   8.3925655E-03   3.8026727E-03   7.1271065E-03  -1.0621987E-03  -1.6502778E-06   1.9827935E-06
  2.4926182E-06  -5.7347806E-05   3.9567463E-06   1.3834000E-03   7.2197951E-03   2.5786837E-03   1.7118108E-04   2.0578008E-06  -2.5713469E-02   5.2921068E-04   8.7611769E-03  -1.5852867E-01  -6.4606605E-02  -4.7987637E-03   1.1671769E-02  -1.2517105E-02   1.1640973E-05  -4.1805522E-04  -6.0418274E-04   6.5166235E-03  -6.6195177E-07  -8.9962834E-07
  1.4690551E-06  -1.7127600E-05   2.4735910E-06   1.0624850E-04  -5.6682514E-04   1.7118108E-04   5.8328190E-05  -4.5039137E-07  -9.1275251E-03   1.7640895E-04   2.2324933E-03  -5.0600401E-02  -2.3236956E-02  -6.0580557E-03   1.1933765E-03  -4.0592058E-03   1.4444785E-04  -3.2772815E-04  -4.7863856E-04   2.1582802E-03  -1.5964148E-07  -2.7191406E-07
 -4.3614351E-09   2.9022749E-08  -2.0029005E-08  -5.2806622E-06   9.8275971E-06   2.0578008E-06  -4.5039137E-07   6.1999269E-06   9.0172881E-04   8.2634268E-06  -4.1396492E-05   5.3697936E-03   1.3163885E-03   9.8956957E-04   1.4692976E-03   4.2444537E-06   5.4571802E-05   1.3210038E-05  -4.4281209E-05   5.4117247E-04   2.0697093E-08  -9.9146525E-09
 -2.4693782E-04   1.6472313E-03  -2.3317110E-04  -1.4826888E-02   4.0884512E-02  -2.5713469E-02  -9.1275251E-03   9.0172881E-04   4.5933261E+01  -3.8916379E-01  -1.0609730E+00   4.1809778E+01   4.3263137E+00  -1.2398171E+01  -5.5418916E+01   1.8478465E-01   2.0598153E-01   6.1706152E-01  -5.8539652E+00  -3.3940046E+01  -1.6294988E-04   7.1389758E-04
  3.8531250E-06  -3.0889932E-05   3.3869764E-06   2.7473741E-04  -1.6010141E-04   5.2921068E-04   1.7640895E-04   8.2634268E-06  -3.8916379E-01   8.1830733E-02  -3.6170247E-02  -6.4340175E-01   8.8707147E-01   1.6729361E+00   6.2228285E-01   3.9326575E-02  -6.8937867E-03   1.0274065E-02   1.0885045E-01   1.4519538E-01   2.1267663E-06  -1.0241227E-06
  7.6806675E-05  -4.3658790E-04   6.6758677E-05   4.9751049E-03  -3.0770275E-03   8.7611769E-03   2.2324933E-03  -4.1396492E-05  -1.0609730E+00  -3.6170247E-02   3.9424681E+00  -3.1241560E+01  -3.9897393E+00   7.4191131E+00   5.1489491E+00  -2.8030604E+00  -2.1162810E-01   1.9511343E-01   2.6702952E+00   3.3449564E+00   1.0531602E-04  -5.9816622E-05
 -1.4163247E-03   9.5675081E-03  -1.4487550E-03  -9.3857438E-02   1.7205972E-01  -1.5852867E-01  -5.0600401E-02   5.3697936E-03   4.1809778E+01  -6.4340175E-01  -3.1241560E+01   8.0138755E+02   8.2491637E+01  -4.9258718E+01  -5.8353998E+01   1.5232494E+01  -6.8096822E+00   5.2156568E+00  -1.2243424E+01  -2.6360813E+01   3.8938637E-03   7.3795893E-04
 -8.9500286E-04   5.8442193E-03  -8.7087382E-04  -4.0148593E-02   2.5381282E-01  -6.4606605E-02  -2.3236956E-02   1.3163885E-03   4.3263137E+00   8.8707147E-01  -3.9897393E+00   8.2491637E+01   7.0014654E+01   4.4516374E+01   1.7465864E+01  -3.9908859E+00  -3.9813161E-01  -1.5384032E+00   3.0410751E+00   2.9860415E+00   1.4732127E-04   1.7585303E-04
 -4.0729750E-04   2.6434633E-03  -4.4703317E-04  -6.7388943E-03   2.2989627E-01  -4.7987637E-03  -6.0580557E-03   9.8956957E-04  -1.2398171E+01   1.6729361E+00   7.4191131E+00  -4.9258718E+01   4.4516374E+01   8.7852019E+01   5.5404776E+01  -1.1577337E+01  -7.2538858E-01  -6.9124220E-01   4.7993883E+00   7.8739127E+00   4.0995330E-04  -3.9804251E-04
 -1.9938181E-04   1.2225868E-03  -2.3476529E-04   1.7757668E-03   1.6764528E-01   1.1671769E-02   1.1933765E-03   1.4692976E-03  -5.5418916E+01   6.2228285E-01   5.1489491E+00  -5.8353998E+01   1.7465864E+01   5.5404776E+01   1.0618073E+02  -9.3331057E+00  -5.4862804E-01  -1.3612499E+00   5.3220686E+00   3.3557049E+01   4.5563791E-04  -1.3339376E-03
 -1.0154846E-04   6.1865235E-04  -8.7357694E-05  -6.6341582E-03   3.4279154E-03  -1.2517105E-02  -4.0592058E-03   4.2444537E-06   1.8478465E-01   3.9326575E-02  -2.8030604E+00   1.5232494E+01  -3.9908859E+00  -1.1577337E+01  -9.3331057E+00   6.0416219E+00   1.0297834E-01  -2.2060636E-01  -2.0417816E+00  -2.2705123E+00  -7.2901193E-05   4.7520254E-05
 -6.2163908E-06   7.2855683E-05  -6.1212466E-06   6.0831442E-05   8.3925655E-03   1.1640973E-05   1.4444785E-04   5.4571802E-05   2.0598153E-01  -6.8937867E-03  -2.1162810E-01  -6.8096822E+00  -3.9813161E-01  -7.2538858E-01  -5.4862804E-01   1.0297834E-01   3.3800060E+00   5.5415835E-01   1.2305850E-01   8.8671547E-02   1.7218237E-04  -6.4320847E-06
 -3.8051267E-06   7.6735387E-05  -1.4129390E-06   1.2002066E-05   3.8026727E-03  -4.1805522E-04  -3.2772815E-04   1.3210038E-05   6.1706152E-01   1.0274065E-02   1.9511343E-01   5.2156568E+00  -1.5384032E+00  -6.9124220E-01  -1.3612499E+00  -2.2060636E-01   5.5415835E-01   3.2121359E+00   2.7857433E+00   2.7881671E+00  -1.7747032E-04  -2.1930310E-05
 -7.6381122E-06   1.5087522E-04  -7.4959978E-06  -1.2949926E-04   7.1271065E-03  -6.0418274E-04  -4.7863856E-04  -4.4281209E-05  -5.8539652E+00   1.0885045E-01   2.6702952E+00  -1.2243424E+01   3.0410751E+00   4.7993883E+00   5.3220686E+00  -2.0417816E+00   1.2305850E-01   2.7857433E+00   1.0864216E+01   1.9381861E+01  -1.9453049E-05   4.1384577E-04
  5.8767064E-05  -2.3050999E-04   4.3945366E-05   3.0599666E-03  -1.0621987E-03   6.5166235E-03   2.1582802E-03   5.4117247E-04  -3.3940046E+01   1.4519538E-01   3.3449564E+00  -2.6360813E+01   2.9860415E+00   7.8739127E+00   3.3557049E+01  -2.2705123E+00   8.8671547E-02   2.7881671E+00   1.9381861E+01   5.3992552E+01   5.5863852E-05   9.4101514E-04
 -1.2402287E-10  -4.4097340E-09  -1.3021342E-09  -4.3886367E-07  -1.6502778E-06  -6.6195177E-07  -1.5964148E-07   2.0697093E-08  -1.6294988E-04   2.1267663E-06   1.0531602E-04   3.8938637E-03   1.4732127E-04   4.0995330E-04   4.5563791E-04  -7.2901193E-05   1.7218237E-04  -1.7747032E-04  -1.9453049E-05   5.5863852E-05   3.7957051E-07  -2.3926646E-09
 -7.1320769E-09   5.5594848E-08  -9.2644120E-09  -4.9473905E-07   1.9827935E-06  -8.9962834E-07  -2.7191406E-07  -9.9146525E-09   7.1389758E-04  -1.0241227E-06  -5.9816622E-05   7.3795893E-04   1.7585303E-04  -3.9804251E-04  -1.3339376E-03   4.7520254E-05  -6.4320847E-06  -2.1930310E-05   4.1384577E-04   9.4101514E-04  -2.3926646E-09   3.8450511E-07
