# omegabh2 omegach2 theta tau logA ns nrun calPlanck
  8.6583021E-07  -1.1334198E-07  -1.2014735E-07   2.8768753E-06   2.1481679E-05  -9.0621502E-06  -2.2046346E-05   5.7237719E-08
 -1.1334198E-07   2.3511825E-06   2.8109291E-07   2.2160744E-07   7.9178514E-06  -9.0420790E-06  -1.1840165E-05   2.3891127E-08
 -1.2014735E-07   2.8109291E-07   6.5194295E-07  -5.6545417E-07  -2.7388834E-06   1.2723809E-06   2.3842932E-06  -1.2657214E-09
  2.8768753E-06   2.2160744E-07  -5.6545417E-07   4.3949706E-05   1.4624903E-04  -4.0183126E-05  -1.1296815E-04   2.1300591E-08
  2.1481679E-05   7.9178514E-06  -2.7388834E-06   1.4624903E-04   7.7991873E-04  -2.8480461E-04  -7.1545242E-04   1.2611724E-05
 -9.0621502E-06  -9.0420790E-06   1.2723809E-06  -4.0183126E-05  -2.8480461E-04   3.0670001E-04   4.9130075E-04  -6.2185490E-07
 -2.2046346E-05  -1.1840165E-05   2.3842932E-06  -1.1296815E-04  -7.1545242E-04   4.9130075E-04   1.1430949E-03  -4.9997757E-08
  5.7237719E-08   2.3891127E-08  -1.2657214E-09   2.1300591E-08   1.2611724E-05  -6.2185490E-07  -4.9997757E-08   5.7081535E-06
