# omegabh2 omegach2 theta tau w logA ns calPlanck aps100 aps143 aps217 acib217 asz143 psr cibr xi aksz dust100 dust143 dust217 dust143x217 cal0 cal2 calTE calEE
  2.1779708E-08  -6.2863914E-08   1.2150933E-08   2.4878880E-07   1.8481040E-06   4.8701964E-07   2.2058713E-07   3.6716549E-08  -3.7742250E-04  -2.4545358E-04   9.5886587E-05  -1.2616621E-04   1.6090010E-05   9.2102069E-07  -2.7206801E-06   5.1071991E-07  -3.0620176E-05   4.9224630E-07  -4.6959960E-07   6.9455126E-07  -9.9848907E-09   4.9252641E-09  -1.0065305E-08  -1.0434236E-07  -2.5342623E-07
 -6.2863914E-08   1.1523795E-06  -8.7257695E-08  -2.7706552E-06  -2.7745054E-05  -3.6558580E-06  -2.5969812E-06  -3.4623679E-07   4.5244416E-04   5.4519223E-04  -2.3988110E-04   2.4097571E-04  -2.8192818E-05  -3.0391222E-06   1.0361617E-05   1.1387611E-06   9.6067113E-05  -2.7705658E-06   2.5622648E-06  -4.7256901E-07   2.7231194E-08  -4.8956225E-08   4.6992315E-08  -2.5214000E-07  -7.0721993E-07
  1.2150933E-08  -8.7257695E-08   9.3781876E-08   3.4159305E-07   4.1208879E-06   6.7893520E-07   3.2233775E-07   5.0852494E-08   1.9269731E-05  -1.6671386E-05   1.9921173E-05  -1.7044378E-05   5.3699919E-06   1.0710238E-06  -1.9180871E-06   3.5250895E-07  -7.2869027E-06   6.0372888E-07  -2.4645647E-07   5.4591226E-07   9.2234202E-07   7.3661591E-09   7.6363792E-09  -2.1293747E-08   7.9799969E-08
  2.4878880E-07  -2.7706552E-06   3.4159305E-07   4.4815336E-05   9.4147336E-05   8.1524057E-05   8.8072413E-06  -5.4088957E-07  -4.6648745E-03  -3.4819107E-03   1.3518439E-03  -2.4371270E-03  -1.0339845E-04   9.1741382E-06  -6.2105875E-05   2.1846127E-05  -4.0218302E-04   8.7451284E-06   2.2358617E-05   4.1077728E-06  -6.9475602E-06  -5.3186482E-08  -4.8907850E-07  -2.2389836E-06  -9.6392896E-07
  1.8481040E-06  -2.7745054E-05   4.1208879E-06   9.4147336E-05   2.7850365E-03   1.5379870E-04   6.3796055E-05   1.1359255E-05  -4.9768841E-03  -1.7124859E-02   7.6180922E-03  -8.2495214E-03  -1.4040465E-03   1.0029549E-04  -1.9381150E-04   3.5598393E-04   8.2327516E-04   1.7707888E-04  -1.1076103E-04  -1.0693014E-05  -1.9398398E-04   1.2045226E-06  -6.0424241E-07   6.3562878E-06   1.6610723E-05
  4.8701964E-07  -3.6558580E-06   6.7893520E-07   8.1524057E-05   1.5379870E-04   1.7992742E-04   1.2142178E-05   1.1415929E-05  -4.4556752E-03  -3.9866814E-03   8.9605269E-03  -5.6862333E-03  -1.7423091E-04   3.4997604E-05  -1.4265356E-04   9.8084717E-05  -1.3121945E-03  -1.4249563E-05  -5.4080243E-05   4.7246258E-05  -1.2391888E-05   4.8401703E-07  -6.4199005E-07  -4.9805912E-06  -1.4134063E-06
  2.2058713E-07  -2.5969812E-06   3.2233775E-07   8.8072413E-06   6.3796055E-05   1.2142178E-05   1.5738365E-05   1.0048383E-06  -2.1513077E-02  -7.1211742E-03   8.1293108E-03  -5.4370060E-03   6.0963360E-04   7.3611319E-05  -1.2932666E-04   6.0889931E-05  -2.0822979E-03   1.3339855E-05  -2.0501600E-05   2.0031258E-05  -5.2685687E-06  -2.7743687E-07  -4.8270957E-07  -5.6640717E-07  -2.1714835E-06
  3.6716549E-08  -3.4623679E-07   5.0852494E-08  -5.4088957E-07   1.1359255E-05   1.1415929E-05   1.0048383E-06   6.5713859E-06   2.3344973E-03   6.1950946E-04   1.0208497E-03   4.7702193E-04   4.8693455E-05   8.5990104E-07   5.8125335E-06   1.4892881E-05   1.0120046E-05  -1.9481798E-06  -3.6025013E-07   1.1670562E-05   4.5332306E-06   1.9539898E-08   4.4279643E-08  -3.2216683E-07  -1.6742399E-07
 -3.7742250E-04   4.5244416E-04   1.9269731E-05  -4.6648745E-03  -4.9768841E-03  -4.4556752E-03  -2.1513077E-02   2.3344973E-03   6.1229171E+02   5.8727258E+01  -4.6406499E+01   2.5417773E+01  -2.5213990E+01  -8.0088712E-01  -1.7323644E-01  -1.6125526E-01   1.0745445E+01  -1.3155078E-01   2.2547369E-01  -1.8842726E-01  -2.1046459E-01   6.9476479E-03   3.8972574E-03   1.9827721E-03   8.3124238E-03
 -2.4545358E-04   5.4519223E-04  -1.6671386E-05  -3.4819107E-03  -1.7124859E-02  -3.9866814E-03  -7.1211742E-03   6.1950946E-04   5.8727258E+01   6.7107666E+01   9.3366739E+00   6.1109490E+00  -4.3614140E-01  -4.3808783E-03   4.2228528E-01   8.9694441E-01  -8.1741531E+00  -4.4272209E-02  -2.1831449E-01   4.6566095E-02   6.6998056E-02   6.9699556E-04   6.5238142E-04   2.1938774E-03   4.5445497E-03
  9.5886587E-05  -2.3988110E-04   1.9921173E-05   1.3518439E-03   7.6180922E-03   8.9605269E-03   8.1293108E-03   1.0208497E-03  -4.6406499E+01   9.3366739E+00   1.6907140E+02  -8.0129851E+01   2.6033856E+00   2.9455294E-01  -9.5328846E-01   3.2166137E-01  -6.4962384E+00  -9.4388625E-02  -2.6934581E-01   5.3361387E-01  -4.7394718E-02   1.6663779E-03  -7.7371580E-03   2.9259565E-03   1.9425733E-03
 -1.2616621E-04   2.4097571E-04  -1.7044378E-05  -2.4371270E-03  -8.2495214E-03  -5.6862333E-03  -5.4370060E-03   4.7702193E-04   2.5417773E+01   6.1109490E+00  -8.0129851E+01   5.0424356E+01   1.7772860E+00  -2.0650247E-02   7.0243417E-01  -2.2191679E-01  -3.0572914E+00   3.7281782E-02   1.7163393E-01  -4.4520030E-01  -1.0740668E-01  -5.9042491E-04   3.0344451E-03  -1.0721763E-03   1.5905159E-04
  1.6090010E-05  -2.8192818E-05   5.3699919E-06  -1.0339845E-04  -1.4040465E-03  -1.7423091E-04   6.0963360E-04   4.8693455E-05  -2.5213990E+01  -4.3614140E-01   2.6033856E+00   1.7772860E+00   4.3195565E+00   9.9344755E-02   1.6361349E-01  -2.8098391E-02  -3.5243605E+00  -6.1808372E-03   1.4989483E-03   5.3494239E-03   4.7350791E-02   4.2278711E-04  -2.9521815E-04  -1.3530121E-04  -3.5745570E-04
  9.2102069E-07  -3.0391222E-06   1.0710238E-06   9.1741382E-06   1.0029549E-04   3.4997604E-05   7.3611319E-05   8.5990104E-07  -8.0088712E-01  -4.3808783E-03   2.9455294E-01  -2.0650247E-02   9.9344755E-02   1.5956827E-02  -1.5635686E-02   1.2053375E-02  -1.0326761E-01  -1.4490935E-03  -1.2450367E-03  -2.9910058E-03   4.4855319E-03   1.5712453E-05  -3.9882537E-05   9.0282872E-06   9.8300942E-07
 -2.7206801E-06   1.0361617E-05  -1.9180871E-06  -6.2105875E-05  -1.9381150E-04  -1.4265356E-04  -1.2932666E-04   5.8125335E-06  -1.7323644E-01   4.2228528E-01  -9.5328846E-01   7.0243417E-01   1.6361349E-01  -1.5635686E-02   6.7384804E-02   4.7475522E-03  -1.6330358E-01   2.2299724E-03   7.8708652E-03  -6.3603953E-04  -1.7758992E-02  -6.2399042E-06   8.7315019E-05  -2.9102558E-05  -1.4413971E-05
  5.1071991E-07   1.1387611E-06   3.5250895E-07   2.1846127E-05   3.5598393E-04   9.8084717E-05   6.0889931E-05   1.4892881E-05  -1.6125526E-01   8.9694441E-01   3.2166137E-01  -2.2191679E-01  -2.8098391E-02   1.2053375E-02   4.7475522E-03   8.0901709E-02   2.8910850E-02  -8.6679213E-04   4.9619980E-04   3.3542513E-04   1.7144193E-04   1.4756153E-05  -1.4450876E-05   8.2905632E-06   2.3433746E-05
 -3.0620176E-05   9.6067113E-05  -7.2869027E-06  -4.0218302E-04   8.2327516E-04  -1.3121945E-03  -2.0822979E-03   1.0120046E-05   1.0745445E+01  -8.1741531E+00  -6.4962384E+00  -3.0572914E+00  -3.5243605E+00  -1.0326761E-01  -1.6330358E-01   2.8910850E-02   7.2619545E+00   4.2450372E-03  -1.4466368E-02   1.3083037E-03  -4.8445860E-02  -3.0772390E-04   9.9827614E-05  -3.4513719E-05   8.5533197E-06
  4.9224630E-07  -2.7705658E-06   6.0372888E-07   8.7451284E-06   1.7707888E-04  -1.4249563E-05   1.3339855E-05  -1.9481798E-06  -1.3155078E-01  -4.4272209E-02  -9.4388625E-02   3.7281782E-02  -6.1808372E-03  -1.4490935E-03   2.2299724E-03  -8.6679213E-04   4.2450372E-03   3.8804639E-02   3.7862669E-03  -5.7516352E-05   2.1307646E-04   3.3537572E-05  -1.4308530E-06  -2.4890091E-05  -1.9134512E-05
 -4.6959960E-07   2.5622648E-06  -2.4645647E-07   2.2358617E-05  -1.1076103E-04  -5.4080243E-05  -2.0501600E-05  -3.6025013E-07   2.2547369E-01  -2.1831449E-01  -2.6934581E-01   1.7163393E-01   1.4989483E-03  -1.2450367E-03   7.8708652E-03   4.9619980E-04  -1.4466368E-02   3.7862669E-03   3.1513608E-02  -7.8639125E-04   5.0929943E-03  -8.1380584E-05  -4.5560666E-05  -8.3680015E-05  -8.6128686E-05
  6.9455126E-07  -4.7256901E-07   5.4591226E-07   4.1077728E-06  -1.0693014E-05   4.7246258E-05   2.0031258E-05   1.1670562E-05  -1.8842726E-01   4.6566095E-02   5.3361387E-01  -4.4520030E-01   5.3494239E-03  -2.9910058E-03  -6.3603953E-04   3.3542513E-04   1.3083037E-03  -5.7516352E-05  -7.8639125E-04   1.0786091E-02   8.8123478E-03   4.6578172E-06   6.5039339E-05   1.2478734E-05   6.7121860E-06
 -9.9848907E-09   2.7231194E-08   9.2234202E-07  -6.9475602E-06  -1.9398398E-04  -1.2391888E-05  -5.2685687E-06   4.5332306E-06  -2.1046459E-01   6.6998056E-02  -4.7394718E-02  -1.0740668E-01   4.7350791E-02   4.4855319E-03  -1.7758992E-02   1.7144193E-04  -4.8445860E-02   2.1307646E-04   5.0929943E-03   8.8123478E-03   2.6716955E-02  -5.2477921E-06   6.2971923E-05  -9.9558829E-06   2.9867460E-06
  4.9252641E-09  -4.8956225E-08   7.3661591E-09  -5.3186482E-08   1.2045226E-06   4.8401703E-07  -2.7743687E-07   1.9539898E-08   6.9476479E-03   6.9699556E-04   1.6663779E-03  -5.9042491E-04   4.2278711E-04   1.5712453E-05  -6.2399042E-06   1.4756153E-05  -3.0772390E-04   3.3537572E-05  -8.1380584E-05   4.6578172E-06  -5.2477921E-06   1.1195886E-06   7.1111828E-08   3.9954034E-07   7.0758562E-07
 -1.0065305E-08   4.6992315E-08   7.6363792E-09  -4.8907850E-07  -6.0424241E-07  -6.4199005E-07  -4.8270957E-07   4.4279643E-08   3.8972574E-03   6.5238142E-04  -7.7371580E-03   3.0344451E-03  -2.9521815E-04  -3.9882537E-05   8.7315019E-05  -1.4450876E-05   9.9827614E-05  -1.4308530E-06  -4.5560666E-05   6.5039339E-05   6.2971923E-05   7.1111828E-08   2.5144666E-06   2.9191853E-07   3.6975849E-07
 -1.0434236E-07  -2.5214000E-07  -2.1293747E-08  -2.2389836E-06   6.3562878E-06  -4.9805912E-06  -5.6640717E-07  -3.2216683E-07   1.9827721E-03   2.1938774E-03   2.9259565E-03  -1.0721763E-03  -1.3530121E-04   9.0282872E-06  -2.9102558E-05   8.2905632E-06  -3.4513719E-05  -2.4890091E-05  -8.3680015E-05   1.2478734E-05  -9.9558829E-06   3.9954034E-07   2.9191853E-07   2.3737099E-05   8.9500382E-06
 -2.5342623E-07  -7.0721993E-07   7.9799969E-08  -9.6392896E-07   1.6610723E-05  -1.4134063E-06  -2.1714835E-06  -1.6742399E-07   8.3124238E-03   4.5445497E-03   1.9425733E-03   1.5905159E-04  -3.5745570E-04   9.8300942E-07  -1.4413971E-05   2.3433746E-05   8.5533197E-06  -1.9134512E-05  -8.6128686E-05   6.7121860E-06   2.9867460E-06   7.0758562E-07   3.6975849E-07   8.9500382E-06   2.4681567E-05
