# omegabh2 omegach2 theta tau logA ns r calPlanck acib217 xi asz143 aps100 aps143 aps143217 aps217 aksz kgal100 kgal143 kgal143217 kgal217 cal0 cal2
  4.3906519E-08  -1.4552832E-07   3.8177376E-08   2.9174077E-07   4.1013566E-07   4.8487671E-07   4.2847648E-07   3.5208410E-08  -5.7357102E-05  -1.8126455E-06   5.1446962E-05  -6.8610310E-04  -3.8294076E-04  -1.9061881E-04  -8.4287798E-05  -8.9346910E-05   6.8524927E-06   1.7195781E-05   1.1430380E-05   1.3265386E-05  -3.8443111E-09   1.1817256E-09
 -1.4552832E-07   2.8798311E-06  -2.6194059E-07  -2.2195011E-06   2.3941439E-06  -6.6695345E-06  -9.8075023E-06  -1.1075870E-07   8.8319013E-05   1.8800991E-05  -1.0943856E-04   1.6153832E-03   7.1093088E-04   1.1324455E-03   6.3134090E-04   5.4369439E-05  -5.9355621E-05  -1.0656158E-04  -2.6873961E-04  -4.5811091E-04   4.3877426E-09  -5.7357200E-08
  3.8177376E-08  -2.6194059E-07   1.9211405E-07   2.9283658E-07   2.3803347E-07   8.6226592E-07   1.2508463E-06   4.8182196E-08   3.8598736E-06  -9.2835530E-06   3.1790091E-05  -6.1049450E-04  -2.1318945E-04  -2.7754980E-04  -7.3890386E-05  -3.2934835E-05   7.4061818E-06   8.0893511E-06   3.1808756E-06   2.6413981E-06  -9.9963618E-09   1.3017166E-08
  2.9174077E-07  -2.2195011E-06   2.9283658E-07   7.0171740E-05   1.3408911E-04   8.9422604E-06   1.7279525E-06  -6.6355219E-07  -2.0225193E-03   1.1489298E-04   5.1137044E-04  -1.3203174E-02  -3.9382474E-03   1.0626271E-03   8.3934056E-05  -1.4669014E-03  -2.2857513E-04  -9.2827625E-04  -9.3336349E-04   1.4082883E-04  -1.1823690E-08   2.1815488E-07
  4.1013566E-07   2.3941439E-06   2.3803347E-07   1.3408911E-04   3.0169062E-04   4.8577940E-07  -2.2633275E-05   1.1129979E-05  -3.9921909E-03   3.0814578E-04   7.8801625E-04  -2.0620203E-02  -5.3819065E-03   7.3922890E-03   7.7870767E-03  -4.0446603E-03  -1.0637304E-03  -2.5199647E-03  -3.1074360E-03   5.2267194E-04   1.3009722E-07   2.4669044E-07
  4.8487671E-07  -6.6695345E-06   8.6226592E-07   8.9422604E-06   4.8577940E-07   2.6172736E-05   4.5968174E-05   3.4511589E-07  -3.5827317E-03   2.2659343E-05   1.6633081E-03  -2.9525799E-02  -7.8755785E-03   3.3194649E-04   3.1233605E-03  -2.8086751E-03   3.1149041E-04   2.2400877E-05   3.6730553E-04   1.9192681E-03  -1.5867307E-07   9.8020194E-08
  4.2847648E-07  -9.8075023E-06   1.2508463E-06   1.7279525E-06  -2.2633275E-05   4.5968174E-05   1.5676260E-03   1.4969079E-06  -3.4931772E-04  -4.4643604E-04   2.7081596E-03   2.4701321E-05  -1.4372797E-02  -6.9819541E-03   4.6250826E-03  -7.3954173E-03  -5.3732449E-03   2.6571106E-05   5.3039713E-04   2.9886318E-04  -9.0194202E-08   4.5948208E-07
  3.5208410E-08  -1.1075870E-07   4.8182196E-08  -6.6355219E-07   1.1129979E-05   3.4511589E-07   1.4969079E-06   6.1772064E-06   4.1064532E-04  -5.2978371E-06   6.1697166E-05   2.3120536E-03   9.7002793E-05   4.6410804E-04   1.8054237E-03  -2.3347361E-04  -5.0982698E-05   7.4762973E-05   7.7094864E-06   9.3042270E-04   3.1249203E-09  -3.3383726E-08
 -5.7357102E-05   8.8319013E-05   3.8598736E-06  -2.0225193E-03  -3.9921909E-03  -3.5827317E-03  -3.4931772E-04   4.1064532E-04   3.9862423E+01  -3.2379253E-01  -6.0258868E-01   3.4297384E+01   1.5761987E-02  -1.2252641E+01  -5.0084240E+01  -2.0100849E-01  -3.0059502E-02   4.3171732E-01  -5.6160510E+00  -3.0630326E+01  -9.5882213E-05   6.1395088E-04
 -1.8126455E-06   1.8800991E-05  -9.2835530E-06   1.1489298E-04   3.0814578E-04   2.2659343E-05  -4.4643604E-04  -5.2978371E-06  -3.2379253E-01   8.0630731E-02  -5.3049726E-02  -3.2501452E-01   1.0424732E+00   1.6826562E+00   5.8960525E-01   1.8151441E-02   3.9263813E-03   7.7765481E-03   1.1056085E-01   1.1615542E-01  -1.8475948E-06  -8.3187912E-06
  5.1446962E-05  -1.0943856E-04   3.1790091E-05   5.1137044E-04   7.8801625E-04   1.6633081E-03   2.7081596E-03   6.1697166E-05  -6.0258868E-01  -5.3049726E-02   3.8539245E+00  -2.9857065E+01  -3.4669481E+00   7.3113781E+00   5.0037893E+00  -2.8647579E+00  -2.9731169E-01   1.5367038E-01   2.6087728E+00   3.2619482E+00   6.6273965E-05   2.2037177E-05
 -6.8610310E-04   1.6153832E-03  -6.1049450E-04  -1.3203174E-02  -2.0620203E-02  -2.9525799E-02   2.4701321E-05   2.3120536E-03   3.4297384E+01  -3.2501452E-01  -2.9857065E+01   7.7646087E+02   6.9243049E+01  -5.3526619E+01  -6.0412033E+01   1.4489525E+01  -7.1298585E+00   5.0316988E+00  -1.1893187E+01  -2.7037959E+01   4.0123442E-03  -4.7467905E-04
 -3.8294076E-04   7.1093088E-04  -2.1318945E-04  -3.9382474E-03  -5.3819065E-03  -7.8755785E-03  -1.4372797E-02   9.7002793E-05   1.5761987E-02   1.0424732E+00  -3.4669481E+00   6.9243049E+01   6.2400072E+01   4.1356448E+01   1.8301985E+01  -4.9591409E+00  -6.4704684E-01  -8.4902523E-01   4.6094924E+00   5.4133669E+00   1.4710868E-05  -4.2655360E-05
 -1.9061881E-04   1.1324455E-03  -2.7754980E-04   1.0626271E-03   7.3922890E-03   3.3194649E-04  -6.9819541E-03   4.6410804E-04  -1.2252641E+01   1.6826562E+00   7.3113781E+00  -5.3526619E+01   4.1356448E+01   8.4952392E+01   5.3907470E+01  -1.2767165E+01  -1.0620979E+00  -5.9962981E-01   4.7488614E+00   7.5735180E+00   8.0310754E-05  -3.8691357E-04
 -8.4287798E-05   6.3134090E-04  -7.3890386E-05   8.3934056E-05   7.7870767E-03   3.1233605E-03   4.6250826E-03   1.8054237E-03  -5.0084240E+01   5.8960525E-01   5.0037893E+00  -6.0412033E+01   1.8301985E+01   5.3907470E+01   1.0021863E+02  -9.6354709E+00  -7.6793773E-01  -8.8312291E-01   5.6525320E+00   3.1241263E+01   2.1405924E-04  -1.0965636E-03
 -8.9346910E-05   5.4369439E-05  -3.2934835E-05  -1.4669014E-03  -4.0446603E-03  -2.8086751E-03  -7.3954173E-03  -2.3347361E-04  -2.0100849E-01   1.8151441E-02  -2.8647579E+00   1.4489525E+01  -4.9591409E+00  -1.2767165E+01  -9.6354709E+00   6.2696656E+00   2.8503595E-01  -3.7649438E-01  -2.3390200E+00  -2.5474900E+00  -2.6874549E-05  -4.7973160E-05
  6.8524927E-06  -5.9355621E-05   7.4061818E-06  -2.2857513E-04  -1.0637304E-03   3.1149041E-04  -5.3732449E-03  -5.0982698E-05  -3.0059502E-02   3.9263813E-03  -2.9731169E-01  -7.1298585E+00  -6.4704684E-01  -1.0620979E+00  -7.6793773E-01   2.8503595E-01   3.3679909E+00   5.8678322E-01   1.6045336E-01   1.2301989E-01   1.4541162E-04  -3.0530798E-05
  1.7195781E-05  -1.0656158E-04   8.0893511E-06  -9.2827625E-04  -2.5199647E-03   2.2400877E-05   2.6571106E-05   7.4762973E-05   4.3171732E-01   7.7765481E-03   1.5367038E-01   5.0316988E+00  -8.4902523E-01  -5.9962981E-01  -8.8312291E-01  -3.7649438E-01   5.8678322E-01   3.0491038E+00   2.6889488E+00   2.6356078E+00  -1.8249911E-04  -8.9170067E-05
  1.1430380E-05  -2.6873961E-04   3.1808756E-06  -9.3336349E-04  -3.1074360E-03   3.6730553E-04   5.3039713E-04   7.7094864E-06  -5.6160510E+00   1.1056085E-01   2.6087728E+00  -1.1893187E+01   4.6094924E+00   4.7488614E+00   5.6525320E+00  -2.3390200E+00   1.6045336E-01   2.6889488E+00   1.1396586E+01   1.9859705E+01  -6.3685860E-05   4.3825169E-04
  1.3265386E-05  -4.5811091E-04   2.6413981E-06   1.4082883E-04   5.2267194E-04   1.9192681E-03   2.9886318E-04   9.3042270E-04  -3.0630326E+01   1.1615542E-01   3.2619482E+00  -2.7037959E+01   5.4133669E+00   7.5735180E+00   3.1241263E+01  -2.5474900E+00   1.2301989E-01   2.6356078E+00   1.9859705E+01   5.2702178E+01  -1.6767133E-05   1.0512296E-03
 -3.8443111E-09   4.3877426E-09  -9.9963618E-09  -1.1823690E-08   1.3009722E-07  -1.5867307E-07  -9.0194202E-08   3.1249203E-09  -9.5882213E-05  -1.8475948E-06   6.6273965E-05   4.0123442E-03   1.4710868E-05   8.0310754E-05   2.1405924E-04  -2.6874549E-05   1.4541162E-04  -1.8249911E-04  -6.3685860E-05  -1.6767133E-05   3.4959566E-07   1.0034180E-08
  1.1817256E-09  -5.7357200E-08   1.3017166E-08   2.1815488E-07   2.4669044E-07   9.8020194E-08   4.5948208E-07  -3.3383726E-08   6.1395088E-04  -8.3187912E-06   2.2037177E-05  -4.7467905E-04  -4.2655360E-05  -3.8691357E-04  -1.0965636E-03  -4.7973160E-05  -3.0530798E-05  -8.9170067E-05   4.3825169E-04   1.0512296E-03   1.0034180E-08   4.0702081E-07
