# omegabh2 omegach2 theta tau Alens logA ns calPlanck aps100 aps143 aps217 acib217 asz143 psr cibr xi aksz dust100 dust143 dust217 dust143x217 cal0 cal2
  4.9746395E-08  -1.0396113E-07   3.1085647E-08   5.6886617E-08   8.4218173E-06   2.9164710E-08   4.7845852E-07   5.3712500E-09  -1.2194523E-03  -6.7289191E-04   1.7050522E-04  -3.0793923E-04   4.3080903E-05   3.2766037E-06  -7.3575463E-06   2.2113858E-06  -7.4977594E-05   3.3243609E-07  -2.1097858E-06   1.2292268E-06  -4.9552226E-07  -8.0273916E-10  -2.3800136E-08
 -1.0396113E-07   1.6154343E-06  -8.4848197E-08  -2.9811814E-06  -2.5847576E-05  -2.2226670E-06  -3.9448955E-06  -7.7678895E-08   1.5092312E-03   1.2875166E-03   8.5631046E-05   4.3041847E-04  -4.0779673E-06  -1.6380023E-06   1.0566214E-05  -2.0876181E-06   6.1216526E-05   1.2205618E-07  -1.9280897E-06  -2.3921195E-06  -1.0636094E-07   2.3161229E-08   2.5402741E-08
  3.1085647E-08  -8.4848197E-08   1.7369144E-07   2.7387329E-08   6.7513370E-06   8.0298554E-08   4.9922011E-07   1.0215802E-08  -2.5579849E-04  -1.8603401E-04   1.7108646E-04  -1.7426154E-04  -2.7040856E-06   9.0281584E-07  -4.2503701E-06   2.0879606E-08  -1.9670361E-05   7.9707865E-07  -2.2997481E-07   5.2811370E-08  -4.1282349E-07   8.7333860E-10  -4.8070950E-08
  5.6886617E-08  -2.9811814E-06   2.7387329E-08   6.9262890E-04  -1.4762183E-03   1.3631955E-03   2.7059041E-05  -2.8151927E-06  -2.8622432E-02  -9.6724978E-03   2.0895893E-02  -1.5342418E-02   1.0541268E-03   7.6941651E-05  -2.5847522E-04   2.1520104E-04  -1.0312501E-03  -3.8919866E-05  -1.8240654E-04   8.5867980E-05  -2.2892710E-05   3.2085501E-07  -1.5425974E-06
  8.4218173E-06  -2.5847576E-05   6.7513370E-06  -1.4762183E-03   8.5670734E-03  -2.9705754E-03   8.4538106E-05  -5.9764008E-07  -3.0761651E-01  -1.5570611E-01   1.4741517E-02  -5.5444804E-02   9.2090330E-03   7.0000322E-04  -1.3974927E-03  -2.3767497E-04  -2.1190634E-02  -6.7895574E-05  -2.2730711E-04   1.2353083E-04  -2.5959484E-04  -2.2892212E-06  -4.7890578E-06
  2.9164710E-08  -2.2226670E-06   8.0298554E-08   1.3631955E-03  -2.9705754E-03   2.7208336E-03   4.3413058E-05   6.8118312E-06  -4.8753845E-02  -1.4483747E-02   4.8620632E-02  -3.0079975E-02   2.0373324E-03   1.7579978E-04  -5.4923549E-04   4.3560760E-04  -3.5518308E-03  -1.0270678E-04  -4.4079574E-04   1.7698083E-04  -6.1530430E-05   1.1817685E-06  -3.1924231E-06
  4.7845852E-07  -3.9448955E-06   4.9922011E-07   2.7059041E-05   8.4538106E-05   4.3413058E-05   2.2271327E-05   1.7279215E-07  -3.1098759E-02  -1.2791844E-02   1.0151809E-02  -8.8019466E-03   6.8225937E-04   7.3294745E-05  -1.4402646E-04   6.4022086E-05  -2.2022133E-03   1.3882714E-05  -4.5645027E-05   4.1887735E-05  -3.9199858E-05  -3.7501249E-07  -5.9265999E-07
  5.3712500E-09  -7.7678895E-08   1.0215802E-08  -2.8151927E-06  -5.9764008E-07   6.8118312E-06   1.7279215E-07   6.2410372E-06   4.2156464E-03   1.2104084E-03   9.5692903E-04   1.0124146E-03  -1.3067904E-04  -4.3553405E-06   6.1119682E-06  -1.0042774E-05  -2.2546604E-04  -3.5155316E-06   1.0528429E-05   4.1745976E-07  -3.9795755E-06  -7.7127115E-08  -4.0528942E-08
 -1.2194523E-03   1.5092312E-03  -2.5579849E-04  -2.8622432E-02  -3.0761651E-01  -4.8753845E-02  -3.1098759E-02   4.2156464E-03   6.4264247E+02   7.2032616E+01  -5.5738656E+01   3.7031170E+01  -2.6971612E+01  -1.0017572E+00  -1.3741489E-01  -4.3689054E-01   1.2411867E+01  -9.8205683E-02   3.6310361E-01  -2.9101303E-01  -1.3305336E-01   6.6873027E-03   3.8850562E-03
 -6.7289191E-04   1.2875166E-03  -1.8603401E-04  -9.6724978E-03  -1.5570611E-01  -1.4483747E-02  -1.2791844E-02   1.2104084E-03   7.2032616E+01   7.4123719E+01   6.8650824E+00   9.7907741E+00  -1.2192364E+00  -9.5329551E-02   4.5774406E-01   9.0499076E-01  -6.6834272E+00   2.9615041E-02  -1.9218399E-01   2.6728290E-02   1.0191499E-01   9.8670490E-04   8.3319929E-04
  1.7050522E-04   8.5631046E-05   1.7108646E-04   2.0895893E-02   1.4741517E-02   4.8620632E-02   1.0151809E-02   9.5692903E-04  -5.5738656E+01   6.8650824E+00   1.7126146E+02  -8.0305672E+01   3.4638567E+00   3.0678485E-01  -1.0189634E+00   2.5398574E-01  -8.5568854E+00  -4.7148701E-02  -2.8548358E-01   5.6445214E-01  -3.7854703E-02   1.8775467E-03  -7.1897244E-03
 -3.0793923E-04   4.3041847E-04  -1.7426154E-04  -1.5342418E-02  -5.5444804E-02  -3.0079975E-02  -8.8019466E-03   1.0124146E-03   3.7031170E+01   9.7907741E+00  -8.0305672E+01   5.0486547E+01   5.9037638E-01  -5.3094322E-02   7.3240257E-01  -2.0934546E-01  -1.1622429E+00   3.8124183E-02   1.8546502E-01  -4.5195486E-01  -9.4457801E-02  -6.6131706E-04   2.8808598E-03
  4.3080903E-05  -4.0779673E-06  -2.7040856E-06   1.0541268E-03   9.2090330E-03   2.0373324E-03   6.8225937E-04  -1.3067904E-04  -2.6971612E+01  -1.2192364E+00   3.4638567E+00   5.9037638E-01   4.1989145E+00   1.1587472E-01   1.3981531E-01  -4.1554411E-03  -3.1681669E+00   1.3740245E-03  -9.8789336E-03   1.4134007E-02   5.2998805E-02   4.5918350E-04  -3.5352035E-04
  3.2766037E-06  -1.6380023E-06   9.0281584E-07   7.6941651E-05   7.0000322E-04   1.7579978E-04   7.3294745E-05  -4.3553405E-06  -1.0017572E+00  -9.5329551E-02   3.0678485E-01  -5.3094322E-02   1.1587472E-01   1.7695361E-02  -1.6378135E-02   1.3152438E-02  -9.7581460E-02  -1.0650474E-04  -1.0168172E-03  -2.5177567E-03   4.7532837E-03   1.9269448E-05  -3.7077344E-05
 -7.3575463E-06   1.0566214E-05  -4.2503701E-06  -2.5847522E-04  -1.3974927E-03  -5.4923549E-04  -1.4402646E-04   6.1119682E-06  -1.3741489E-01   4.5774406E-01  -1.0189634E+00   7.3240257E-01   1.3981531E-01  -1.6378135E-02   6.9692355E-02   4.1153138E-03  -1.3489686E-01   1.5894691E-03   7.1638047E-03  -1.2316019E-03  -1.7398404E-02  -1.2886810E-05   7.7724293E-05
  2.2113858E-06  -2.0876181E-06   2.0879606E-08   2.1520104E-04  -2.3767497E-04   4.3560760E-04   6.4022086E-05  -1.0042774E-05  -4.3689054E-01   9.0499076E-01   2.5398574E-01  -2.0934546E-01  -4.1554411E-03   1.3152438E-02   4.1153138E-03   8.3545041E-02   2.9479511E-02   1.2280899E-03  -7.2837087E-04   6.1478823E-04   1.1692976E-03   2.3827479E-05  -9.9722657E-06
 -7.4977594E-05   6.1216526E-05  -1.9670361E-05  -1.0312501E-03  -2.1190634E-02  -3.5518308E-03  -2.2022133E-03  -2.2546604E-04   1.2411867E+01  -6.6834272E+00  -8.5568854E+00  -1.1622429E+00  -3.1681669E+00  -9.7581460E-02  -1.3489686E-01   2.9479511E-02   6.8355039E+00  -1.7715026E-02  -6.1178805E-03  -1.1139550E-02  -4.5026955E-02  -3.3492537E-04   2.1210442E-04
  3.3243609E-07   1.2205618E-07   7.9707865E-07  -3.8919866E-05  -6.7895574E-05  -1.0270678E-04   1.3882714E-05  -3.5155316E-06  -9.8205683E-02   2.9615041E-02  -4.7148701E-02   3.8124183E-02   1.3740245E-03  -1.0650474E-04   1.5894691E-03   1.2280899E-03  -1.7715026E-02   3.7588911E-02   4.0351341E-03  -1.7168222E-04   9.4337595E-04   3.2326154E-05  -6.9672490E-06
 -2.1097858E-06  -1.9280897E-06  -2.2997481E-07  -1.8240654E-04  -2.2730711E-04  -4.4079574E-04  -4.5645027E-05   1.0528429E-05   3.6310361E-01  -1.9218399E-01  -2.8548358E-01   1.8546502E-01  -9.8789336E-03  -1.0168172E-03   7.1638047E-03  -7.2837087E-04  -6.1178805E-03   4.0351341E-03   3.1192429E-02  -5.8793010E-04   5.9934528E-03  -8.6597823E-05  -3.7752587E-05
  1.2292268E-06  -2.3921195E-06   5.2811370E-08   8.5867980E-05   1.2353083E-04   1.7698083E-04   4.1887735E-05   4.1745976E-07  -2.9101303E-01   2.6728290E-02   5.6445214E-01  -4.5195486E-01   1.4134007E-02  -2.5177567E-03  -1.2316019E-03   6.1478823E-04  -1.1139550E-02  -1.7168222E-04  -5.8793010E-04   1.0467062E-02   8.4803520E-03   3.3330682E-06   5.8021185E-05
 -4.9552226E-07  -1.0636094E-07  -4.1282349E-07  -2.2892710E-05  -2.5959484E-04  -6.1530430E-05  -3.9199858E-05  -3.9795755E-06  -1.3305336E-01   1.0191499E-01  -3.7854703E-02  -9.4457801E-02   5.2998805E-02   4.7532837E-03  -1.7398404E-02   1.1692976E-03  -4.5026955E-02   9.4337595E-04   5.9934528E-03   8.4803520E-03   2.6175112E-02  -3.8700438E-06   6.0624611E-05
 -8.0273916E-10   2.3161229E-08   8.7333860E-10   3.2085501E-07  -2.2892212E-06   1.1817685E-06  -3.7501249E-07  -7.7127115E-08   6.6873027E-03   9.8670490E-04   1.8775467E-03  -6.6131706E-04   4.5918350E-04   1.9269448E-05  -1.2886810E-05   2.3827479E-05  -3.3492537E-04   3.2326154E-05  -8.6597823E-05   3.3330682E-06  -3.8700438E-06   1.1335989E-06   1.4653368E-08
 -2.3800136E-08   2.5402741E-08  -4.8070950E-08  -1.5425974E-06  -4.7890578E-06  -3.1924231E-06  -5.9265999E-07  -4.0528942E-08   3.8850562E-03   8.3319929E-04  -7.1897244E-03   2.8808598E-03  -3.5352035E-04  -3.7077344E-05   7.7724293E-05  -9.9722657E-06   2.1210442E-04  -6.9672490E-06  -3.7752587E-05   5.8021185E-05   6.0624611E-05   1.4653368E-08   2.3523092E-06
