# omegabh2 omegach2 theta tau nnu logA ns calPlanck acib217 xi asz143 aps100 aps143 aps143217 aps217 aksz kgal100 kgal143 kgal143217 kgal217 galfTE100 galfTE100143 galfTE100217 galfTE143 galfTE143217 galfTE217 cal0 cal2
  2.9269568E-08   2.0242061E-07  -1.9655069E-08   1.6428040E-07   1.5940182E-05   9.6048507E-07   6.6313666E-07   7.5181698E-09   1.0742578E-05   4.1472208E-07  -3.7789524E-06   1.6367746E-04   2.1837646E-05   8.4718667E-06  -3.0420147E-06   7.2237379E-06   5.2464100E-06   3.5766273E-06   1.9545926E-06  -2.7930408E-06   2.7027970E-08  -1.4939097E-07  -2.3855367E-07  -3.1369914E-07  -5.1042962E-07  -1.0929828E-06   9.0556262E-10   4.8781373E-10
  2.0242061E-07   6.9419251E-06  -7.4713655E-07   1.0482634E-08   3.6763294E-04   1.7787426E-05   9.7798032E-06  -7.7193468E-08   1.9191528E-03  -4.8494470E-05  -4.2394022E-04   1.0882648E-02   4.5888526E-03   1.1116270E-03  -2.4460785E-04   7.4202145E-04   5.0373332E-05   2.6593972E-04   3.2623941E-04  -1.2661372E-04   2.3679547E-06   1.0903328E-06   1.3474109E-06   1.1208641E-06   1.1532569E-06   2.4261696E-05  -9.3416390E-09   5.5361449E-08
 -1.9655069E-08  -7.4713655E-07   1.6403172E-07  -3.0585391E-08  -4.2553886E-05  -1.8659607E-06  -1.1333685E-06   1.9928839E-08  -2.2772411E-04   7.9853618E-06   4.4208952E-05  -1.1689995E-03  -4.6643626E-04  -4.1209163E-05   8.9503331E-05  -9.6377970E-05  -9.0196656E-06  -3.5150919E-05  -3.6847737E-05   2.3895228E-05  -3.2286346E-07  -1.2582267E-07  -3.6210286E-07  -1.5918815E-07  -4.7464799E-07  -2.8767527E-06   9.0147584E-11  -6.2161943E-09
  1.6428040E-07   1.0482634E-08  -3.0585391E-08   4.9804876E-05   7.1838188E-05   9.9211205E-05   7.1787573E-06  -2.2502386E-07  -1.2608387E-03   5.5378831E-05   2.3446663E-04  -1.1620329E-02  -1.8159413E-03   5.8980894E-04   4.0031542E-04  -4.3906208E-04   1.1605506E-04  -3.9074106E-04  -5.5694063E-04  -2.5708060E-04   2.7961138E-06   2.9200639E-06  -5.4676684E-06  -2.6753371E-06   3.4133058E-06  -1.1881979E-05   4.6352922E-08  -6.5598160E-08
  1.5940182E-05   3.6763294E-04  -4.2553886E-05   7.1838188E-05   2.2727612E-02   1.0941249E-03   7.4462828E-04  -2.0353613E-06   1.0550927E-01  -2.8306162E-03  -2.3192479E-02   6.3171395E-01   2.5813017E-01   5.8301940E-02  -1.6006506E-02   4.5371769E-02   8.1446991E-03   1.8944668E-02   2.3507225E-02   1.9124481E-03   1.4674188E-04   3.1253419E-05  -5.0521922E-05  -2.9632438E-05  -6.0422269E-05   8.0257194E-04  -1.0127445E-06   2.5969844E-06
  9.6048507E-07   1.7787426E-05  -1.8659607E-06   9.9211205E-05   1.0941249E-03   2.7245871E-04   3.9121714E-05   1.2136585E-05   1.0967217E-03   4.8124995E-05  -6.4796999E-04   4.9653131E-03   8.6255053E-03   6.7642105E-03   6.9940100E-03   1.7763114E-04   2.4885317E-04  -6.7305705E-04  -8.5371142E-04   1.2723563E-03   5.4800064E-06   6.0280868E-06  -1.9649284E-05  -9.8737834E-07   1.0260096E-05   4.1243044E-05   1.9099692E-07   7.6857636E-08
  6.6313666E-07   9.7798032E-06  -1.1333685E-06   7.1787573E-06   7.4462828E-04   3.9121714E-05   3.8686581E-05   3.1264474E-07  -4.9715030E-04  -1.0310105E-07  -4.6549517E-05   4.0225428E-04   2.7358132E-03   3.1206141E-03   3.5682759E-03  -2.9832267E-04   6.8200217E-04   3.3187536E-04   3.2281809E-04   1.0401890E-03   5.8942831E-06   1.5063873E-06  -6.1843024E-06  -5.2405118E-06  -1.1774751E-05   3.4187200E-06  -1.2943955E-07   2.0744005E-09
  7.5181698E-09  -7.7193468E-08   1.9928839E-08  -2.2502386E-07  -2.0353613E-06   1.2136585E-05   3.1264474E-07   6.2950703E-06   1.7630135E-04   1.2782821E-06  -4.4276615E-07   2.2740689E-03   1.7221105E-04   4.0436734E-04   1.8360234E-03  -5.9568735E-05   9.5293636E-05  -8.9251827E-06  -5.4891168E-05   1.0384406E-03  -1.7521617E-06  -7.9940050E-07  -5.4639555E-06   4.3923139E-07   7.3557370E-07   1.5415698E-06  -8.5691872E-09   2.6973655E-08
  1.0742578E-05   1.9191528E-03  -2.2772411E-04  -1.2608387E-03   1.0550927E-01   1.0967217E-03  -4.9715030E-04   1.7630135E-04   4.4896341E+01  -4.1008270E-01  -1.1071889E+00   3.8350582E+01   2.5948668E+00  -1.3371787E+01  -5.5556468E+01   1.1970045E-01   4.4302105E-01   4.4984931E-01  -6.2823019E+00  -3.4310039E+01   4.4481695E-03   3.9620444E-03   9.1306133E-03  -2.5673853E-03  -1.7514227E-03   3.2485085E-03  -1.5889999E-04   6.6676951E-04
  4.1472208E-07  -4.8494470E-05   7.9853618E-06   5.5378831E-05  -2.8306162E-03   4.8124995E-05  -1.0310105E-07   1.2782821E-06  -4.1008270E-01   8.0756706E-02  -3.0942972E-02  -7.4550292E-01   8.6167355E-01   1.6738291E+00   6.3644317E-01   4.0621264E-02  -2.6187062E-02   9.8050166E-03   1.1880335E-01   1.6213539E-01  -5.2552122E-05  -5.5553372E-05  -9.5288676E-05   2.4905731E-04   1.7271882E-04   1.0429851E-03   3.7240782E-06   1.5598802E-06
 -3.7789524E-06  -4.2394022E-04   4.4208952E-05   2.3446663E-04  -2.3192479E-02  -6.4796999E-04  -4.6549517E-05  -4.4276615E-07  -1.1071889E+00  -3.0942972E-02   3.7457168E+00  -2.9481848E+01  -3.3533919E+00   7.4442975E+00   5.4121409E+00  -2.5482250E+00  -2.0620096E-01   6.6838181E-02   2.5754295E+00   3.3845841E+00   1.0193736E-03   1.2480079E-03  -5.5951478E-03   1.6676693E-03  -1.6819465E-03  -8.1485539E-03   1.2084058E-04  -3.7210753E-05
  1.6367746E-04   1.0882648E-02  -1.1689995E-03  -1.1620329E-02   6.3171395E-01   4.9653131E-03   4.0225428E-04   2.2740689E-03   3.8350582E+01  -7.4550292E-01  -2.9481848E+01   7.7167775E+02   7.1712691E+01  -5.4774719E+01  -6.2008551E+01   1.3967904E+01  -5.7570672E+00   7.0932902E+00  -9.6274861E+00  -2.1881061E+01  -4.1078298E-03  -1.3638726E-02   6.2874132E-02  -4.5373143E-02   1.3738225E-02   1.0644021E-01   3.7449667E-03   5.3671935E-04
  2.1837646E-05   4.5888526E-03  -4.6643626E-04  -1.8159413E-03   2.5813017E-01   8.6255053E-03   2.7358132E-03   1.7221105E-04   2.5948668E+00   8.6167355E-01  -3.3533919E+00   7.1712691E+01   6.1111096E+01   3.8816584E+01   1.3937055E+01  -3.9074394E+00  -3.7579777E-01  -8.0585646E-01   3.8497064E+00   4.3433972E+00  -9.0220569E-04  -1.1163625E-03   3.8037336E-05   6.2679305E-04   1.0262109E-02   4.3574996E-02   6.6301222E-05   1.7311332E-04
  8.4718667E-06   1.1116270E-03  -4.1209163E-05   5.8980894E-04   5.8301940E-02   6.7642105E-03   3.1206141E-03   4.0436734E-04  -1.3371787E+01   1.6738291E+00   7.4442975E+00  -5.4774719E+01   3.8816584E+01   8.2853942E+01   5.2102456E+01  -1.0714040E+01  -1.1348083E+00  -6.4386054E-01   5.2443834E+00   9.0384429E+00  -1.2108573E-03  -3.8481915E-04  -4.3547238E-03   9.4299118E-03   4.5884868E-03   3.5554627E-02   4.6765615E-04  -2.3085070E-04
 -3.0420147E-06  -2.4460785E-04   8.9503331E-05   4.0031542E-04  -1.6006506E-02   6.9940100E-03   3.5682759E-03   1.8360234E-03  -5.5556468E+01   6.3644317E-01   5.4121409E+00  -6.2008551E+01   1.3937055E+01   5.2102456E+01   1.0364968E+02  -8.7747772E+00  -8.5536645E-01  -9.9197374E-01   6.4318098E+00   3.5749300E+01  -7.0867668E-03  -2.1829973E-03  -7.5062518E-03   1.0383823E-02   5.6045545E-03   1.2795532E-02   4.4554336E-04  -1.1508553E-03
  7.2237379E-06   7.4202145E-04  -9.6377970E-05  -4.3906208E-04   4.5371769E-02   1.7763114E-04  -2.9832267E-04  -5.9568735E-05   1.1970045E-01   4.0621264E-02  -2.5482250E+00   1.3967904E+01  -3.9074394E+00  -1.0714040E+01  -8.7747772E+00   5.4691724E+00   1.1468007E-01  -1.1686287E-01  -1.8568802E+00  -2.1631909E+00   2.4785115E-04  -8.0112566E-04   4.2423719E-04  -2.4612269E-05   2.2402045E-03   1.5956528E-03  -9.2221081E-05   4.4351099E-06
  5.2464100E-06   5.0373332E-05  -9.0196656E-06   1.1605506E-04   8.1446991E-03   2.4885317E-04   6.8200217E-04   9.5293636E-05   4.4302105E-01  -2.6187062E-02  -2.0620096E-01  -5.7570672E+00  -3.7579777E-01  -1.1348083E+00  -8.5536645E-01   1.1468007E-01   3.3559917E+00   4.8864192E-01   5.7493874E-02  -2.0068130E-01   1.4924780E-03   6.1684953E-05  -2.1715315E-03  -2.7696575E-04   2.4853396E-04   1.7913953E-03   1.7547968E-04  -1.9924062E-05
  3.5766273E-06   2.6593972E-04  -3.5150919E-05  -3.9074106E-04   1.8944668E-02  -6.7305705E-04   3.3187536E-04  -8.9251827E-06   4.4984931E-01   9.8050166E-03   6.6838181E-02   7.0932902E+00  -8.0585646E-01  -6.4386054E-01  -9.9197374E-01  -1.1686287E-01   4.8864192E-01   3.2575334E+00   2.8374484E+00   2.9111146E+00   1.4230767E-03  -6.7517520E-04   9.3055930E-04  -3.5144685E-04   1.5977298E-03   4.8830260E-03  -1.8009105E-04  -5.3551519E-05
  1.9545926E-06   3.2623941E-04  -3.6847737E-05  -5.5694063E-04   2.3507225E-02  -8.5371142E-04   3.2281809E-04  -5.4891168E-05  -6.2823019E+00   1.1880335E-01   2.5754295E+00  -9.6274861E+00   3.8497064E+00   5.2443834E+00   6.4318098E+00  -1.8568802E+00   5.7493874E-02   2.8374484E+00   1.0971701E+01   1.9658373E+01   2.1604040E-03  -2.0529237E-04  -8.8938855E-03   1.3722983E-03   6.8429464E-05  -5.1153833E-04  -4.7275157E-05   3.7908178E-04
 -2.7930408E-06  -1.2661372E-04   2.3895228E-05  -2.5708060E-04   1.9124481E-03   1.2723563E-03   1.0401890E-03   1.0384406E-03  -3.4310039E+01   1.6213539E-01   3.3845841E+00  -2.1881061E+01   4.3433972E+00   9.0384429E+00   3.5749300E+01  -2.1631909E+00  -2.0068130E-01   2.9111146E+00   1.9658373E+01   5.4508657E+01  -4.9569579E-04  -4.3737934E-03  -1.6143001E-02   2.0651841E-03   1.9526643E-04  -7.0615826E-03   2.7078442E-06   8.8051823E-04
  2.7027970E-08   2.3679547E-06  -3.2286346E-07   2.7961138E-06   1.4674188E-04   5.4800064E-06   5.8942831E-06  -1.7521617E-06   4.4481695E-03  -5.2552122E-05   1.0193736E-03  -4.1078298E-03  -9.0220569E-04  -1.2108573E-03  -7.0867668E-03   2.4785115E-04   1.4924780E-03   1.4230767E-03   2.1604040E-03  -4.9569579E-04   1.4477415E-03   2.5515473E-04   7.5621899E-05  -3.8357920E-04  -1.1876225E-04   1.2215738E-04   2.7887922E-08   5.2701963E-08
 -1.4939097E-07   1.0903328E-06  -1.2582267E-07   2.9200639E-06   3.1253419E-05   6.0280868E-06   1.5063873E-06  -7.9940050E-07   3.9620444E-03  -5.5553372E-05   1.2480079E-03  -1.3638726E-02  -1.1163625E-03  -3.8481915E-04  -2.1829973E-03  -8.0112566E-04   6.1684953E-05  -6.7517520E-04  -2.0529237E-04  -4.3737934E-03   2.5515473E-04   8.8319717E-04   6.1563921E-05   7.7187695E-04   8.9416951E-05  -7.9830554E-04  -2.4452885E-07   7.8181251E-09
 -2.3855367E-07   1.3474109E-06  -3.6210286E-07  -5.4676684E-06  -5.0521922E-05  -1.9649284E-05  -6.1843024E-06  -5.4639555E-06   9.1306133E-03  -9.5288676E-05  -5.5951478E-03   6.2874132E-02   3.8037336E-05  -4.3547238E-03  -7.5062518E-03   4.2423719E-04  -2.1715315E-03   9.3055930E-04  -8.8938855E-03  -1.6143001E-02   7.5621899E-05   6.1563921E-05   7.1980538E-03  -2.5400322E-04   6.5666555E-04   4.5628177E-03  -7.3315141E-07   4.5420059E-07
 -3.1369914E-07   1.1208641E-06  -1.5918815E-07  -2.6753371E-06  -2.9632438E-05  -9.8737834E-07  -5.2405118E-06   4.3923139E-07  -2.5673853E-03   2.4905731E-04   1.6676693E-03  -4.5373143E-02   6.2679305E-04   9.4299118E-03   1.0383823E-02  -2.4612269E-05  -2.7696575E-04  -3.5144685E-04   1.3722983E-03   2.0651841E-03  -3.8357920E-04   7.7187695E-04  -2.5400322E-04   2.9144645E-03   6.0163866E-04  -8.7167176E-04  -7.7154163E-07   1.6281290E-07
 -5.1042962E-07   1.1532569E-06  -4.7464799E-07   3.4133058E-06  -6.0422269E-05   1.0260096E-05  -1.1774751E-05   7.3557370E-07  -1.7514227E-03   1.7271882E-04  -1.6819465E-03   1.3738225E-02   1.0262109E-02   4.5884868E-03   5.6045545E-03   2.2402045E-03   2.4853396E-04   1.5977298E-03   6.8429464E-05   1.9526643E-04  -1.1876225E-04   8.9416951E-05   6.5666555E-04   6.0163866E-04   6.3726667E-03   8.0389690E-03  -2.9840852E-07  -2.6186019E-07
 -1.0929828E-06   2.4261696E-05  -2.8767527E-06  -1.1881979E-05   8.0257194E-04   4.1243044E-05   3.4187200E-06   1.5415698E-06   3.2485085E-03   1.0429851E-03  -8.1485539E-03   1.0644021E-01   4.3574996E-02   3.5554627E-02   1.2795532E-02   1.5956528E-03   1.7913953E-03   4.8830260E-03  -5.1153833E-04  -7.0615826E-03   1.2215738E-04  -7.9830554E-04   4.5628177E-03  -8.7167176E-04   8.0389690E-03   7.1532080E-02   3.0218363E-10   1.5213825E-06
  9.0556262E-10  -9.3416390E-09   9.0147584E-11   4.6352922E-08  -1.0127445E-06   1.9099692E-07  -1.2943955E-07  -8.5691872E-09  -1.5889999E-04   3.7240782E-06   1.2084058E-04   3.7449667E-03   6.6301222E-05   4.6765615E-04   4.4554336E-04  -9.2221081E-05   1.7547968E-04  -1.8009105E-04  -4.7275157E-05   2.7078442E-06   2.7887922E-08  -2.4452885E-07  -7.3315141E-07  -7.7154163E-07  -2.9840852E-07   3.0218363E-10   3.7978419E-07  -2.2050940E-09
  4.8781373E-10   5.5361449E-08  -6.2161943E-09  -6.5598160E-08   2.5969844E-06   7.6857636E-08   2.0744005E-09   2.6973655E-08   6.6676951E-04   1.5598802E-06  -3.7210753E-05   5.3671935E-04   1.7311332E-04  -2.3085070E-04  -1.1508553E-03   4.4351099E-06  -1.9924062E-05  -5.3551519E-05   3.7908178E-04   8.8051823E-04   5.2701963E-08   7.8181251E-09   4.5420059E-07   1.6281290E-07  -2.6186019E-07   1.5213825E-06  -2.2050940E-09   3.8065879E-07
