# omegabh2 omegach2 theta tau nnu logA ns calPlanck acib217 xi asz143 aps100 aps143 aps143217 aps217 aksz kgal100 kgal143 kgal143217 kgal217 cal0 cal2
  4.7183758E-08   2.1920127E-07  -6.7992508E-09   2.8776418E-07   1.7295998E-05   1.3006163E-06   8.2355327E-07   1.9261983E-08  -6.1799485E-05  -1.1869644E-06   2.1347013E-05  -3.3547831E-04  -2.6130109E-04  -1.3699275E-04  -3.2165848E-05  -1.3050787E-05   1.5739345E-05   5.7676125E-06  -7.9987407E-06   1.1584135E-05  -1.8260476E-09  -2.8845730E-09
  2.1920127E-07   9.8256539E-06  -9.2076585E-07  -2.2051004E-07   5.1720043E-04   2.4839620E-05   1.3248102E-05  -6.2451159E-08   2.6310542E-03  -4.8996111E-05  -5.3156314E-04   1.2072357E-02   7.2748733E-03   2.8692876E-03   3.5516751E-04   1.0542980E-03   9.3669281E-05   1.5455889E-04   1.9637087E-04  -6.0940444E-04  -6.8250588E-10   6.6016967E-08
 -6.7992508E-09  -9.2076585E-07   2.6437969E-07   1.1446648E-07  -5.3108419E-05  -1.9259841E-06  -1.2852528E-06   2.5385975E-08  -2.4752359E-04   4.8650878E-06   4.8524628E-05  -1.0623051E-03  -7.1639968E-04  -2.8451551E-04  -1.0203488E-04  -1.2902467E-04  -1.4785416E-05  -1.2456122E-05  -1.0935765E-05   1.0799808E-04  -5.1039911E-10   5.9000787E-10
  2.8776418E-07  -2.2051004E-07   1.1446648E-07   6.4176574E-05   8.1333018E-05   1.2919423E-04   9.8495282E-06   4.0643083E-07  -2.3640523E-03   4.5976538E-05   2.1107254E-04  -6.5973423E-03  -3.1467978E-03  -1.5317639E-04   1.5734187E-03  -1.2075299E-03   5.7849675E-05  -1.5299369E-05  -4.4011105E-04   4.3335544E-04  -2.1420865E-07  -1.5376582E-07
  1.7295998E-05   5.1720043E-04  -5.3108419E-05   8.1333018E-05   3.2180739E-02   1.5086784E-03   1.0291122E-03  -1.7371455E-06   1.5577387E-01  -2.9112821E-03  -3.1340239E-02   6.9285041E-01   4.1323898E-01   1.5722188E-01   1.5128428E-02   6.6884910E-02   5.9384828E-03   1.2176988E-02   1.0022049E-02  -4.3499715E-02  -5.5143576E-07   3.0772562E-06
  1.3006163E-06   2.4839620E-05  -1.9259841E-06   1.2919423E-04   1.5086784E-03   3.5405504E-04   5.3559651E-05   1.3064977E-05   1.5094125E-03   1.4147954E-05  -8.3985507E-04   1.9416185E-02   1.2397545E-02   9.1729552E-03   9.7611268E-03  -4.3539885E-04  -1.0651842E-04  -2.8023189E-04  -9.4823081E-04   7.5463668E-04  -2.9034429E-07  -1.6750177E-07
  8.2355327E-07   1.3248102E-05  -1.2852528E-06   9.8495282E-06   1.0291122E-03   5.3559651E-05   5.0964810E-05   2.2036401E-07   2.6353339E-04  -1.1170844E-05   4.1199816E-05  -2.4962432E-03   5.6485623E-03   6.2727883E-03   5.6247437E-03  -3.3870237E-04   6.0684861E-04   2.2546841E-04  -5.4766204E-05  -1.0765657E-04  -1.7541669E-07  -1.9916815E-08
  1.9261983E-08  -6.2451159E-08   2.5385975E-08   4.0643083E-07  -1.7371455E-06   1.3064977E-05   2.2036401E-07   6.1390814E-06   5.2171506E-04   2.5223078E-06   6.5688233E-05   2.6625144E-03  -3.8536206E-05   2.4299729E-04   1.3139525E-03   1.4033913E-05  -5.7747632E-05  -3.2745495E-05  -9.5183290E-06   7.9938732E-04  -6.4406363E-09  -1.6375897E-08
 -6.1799485E-05   2.6310542E-03  -2.4752359E-04  -2.3640523E-03   1.5577387E-01   1.5094125E-03   2.6353339E-04   5.2171506E-04   4.5423001E+01  -4.1285041E-01  -1.0859977E+00   4.0675122E+01   5.2328065E+00  -1.1883179E+01  -5.4154600E+01   4.3073614E-02   3.1514601E-01   6.2199378E-01  -5.6293890E+00  -3.3387015E+01  -1.8284138E-04   7.3970120E-04
 -1.1869644E-06  -4.8996111E-05   4.8650878E-06   4.5976538E-05  -2.9112821E-03   1.4147954E-05  -1.1170844E-05   2.5223078E-06  -4.1285041E-01   8.1781448E-02  -4.2046558E-02  -6.5693979E-01   8.4997031E-01   1.6225477E+00   6.5846884E-01   4.2205796E-02  -9.3864971E-03   9.7184164E-03   1.0368131E-01   1.4476915E-01   2.8017650E-06  -1.3322995E-06
  2.1347013E-05  -5.3156314E-04   4.8524628E-05   2.1107254E-04  -3.1340239E-02  -8.3985507E-04   4.1199816E-05   6.5688233E-05  -1.0859977E+00  -4.2046558E-02   4.0340925E+00  -3.1939471E+01  -3.6137043E+00   8.0213686E+00   5.6197455E+00  -3.0361964E+00  -1.8201588E-01   1.9387064E-01   2.8110415E+00   3.6051808E+00   9.4482739E-05  -4.8302002E-05
 -3.3547831E-04   1.2072357E-02  -1.0623051E-03  -6.5973423E-03   6.9285041E-01   1.9416185E-02  -2.4962432E-03   2.6625144E-03   4.0675122E+01  -6.5693979E-01  -3.1939471E+01   7.9940260E+02   8.1284819E+01  -5.2131549E+01  -6.0063069E+01   1.6003400E+01  -6.6345764E+00   5.6072828E+00  -1.2696332E+01  -2.6389610E+01   3.9712889E-03   9.1147964E-04
 -2.6130109E-04   7.2748733E-03  -7.1639968E-04  -3.1467978E-03   4.1323898E-01   1.2397545E-02   5.6485623E-03  -3.8536206E-05   5.2328065E+00   8.4997031E-01  -3.6137043E+00   8.1284819E+01   6.9527772E+01   4.3487580E+01   1.5801540E+01  -4.3345777E+00  -5.5595833E-01  -1.1410781E+00   3.9997004E+00   3.4956351E+00   1.6711996E-04   2.1341104E-04
 -1.3699275E-04   2.8692876E-03  -2.8451551E-04  -1.5317639E-04   1.5722188E-01   9.1729552E-03   6.2727883E-03   2.4299729E-04  -1.1883179E+01   1.6225477E+00   8.0213686E+00  -5.2131549E+01   4.3487580E+01   8.7351765E+01   5.5062118E+01  -1.2471435E+01  -1.0237313E+00  -5.2828646E-01   5.7349359E+00   8.7614078E+00   4.1765989E-04  -3.2430232E-04
 -3.2165848E-05   3.5516751E-04  -1.0203488E-04   1.5734187E-03   1.5128428E-02   9.7611268E-03   5.6247437E-03   1.3139525E-03  -5.4154600E+01   6.5846884E-01   5.6197455E+00  -6.0063069E+01   1.5801540E+01   5.5062118E+01   1.0351363E+02  -9.6967939E+00  -9.0633457E-01  -1.2377139E+00   5.6642316E+00   3.2992263E+01   4.5823524E-04  -1.3409790E-03
 -1.3050787E-05   1.0542980E-03  -1.2902467E-04  -1.2075299E-03   6.6884910E-02  -4.3539885E-04  -3.3870237E-04   1.4033913E-05   4.3073614E-02   4.2205796E-02  -3.0361964E+00   1.6003400E+01  -4.3345777E+00  -1.2471435E+01  -9.6967939E+00   6.6280811E+00   6.8711378E-02  -2.6534754E-01  -2.3292371E+00  -2.6206304E+00  -6.6013955E-05   1.6501113E-05
  1.5739345E-05   9.3669281E-05  -1.4785416E-05   5.7849675E-05   5.9384828E-03  -1.0651842E-04   6.0684861E-04  -5.7747632E-05   3.1514601E-01  -9.3864971E-03  -1.8201588E-01  -6.6345764E+00  -5.5595833E-01  -1.0237313E+00  -9.0633457E-01   6.8711378E-02   3.3655607E+00   6.3446326E-01   2.4483748E-01   1.2878386E-01   1.5318592E-04   1.7523864E-05
  5.7676125E-06   1.5455889E-04  -1.2456122E-05  -1.5299369E-05   1.2176988E-02  -2.8023189E-04   2.2546841E-04  -3.2745495E-05   6.2199378E-01   9.7184164E-03   1.9387064E-01   5.6072828E+00  -1.1410781E+00  -5.2828646E-01  -1.2377139E+00  -2.6534754E-01   6.3446326E-01   3.2424875E+00   2.7893107E+00   2.7342672E+00  -1.9231226E-04  -5.4980660E-05
 -7.9987407E-06   1.9637087E-04  -1.0935765E-05  -4.4011105E-04   1.0022049E-02  -9.4823081E-04  -5.4766204E-05  -9.5183290E-06  -5.6293890E+00   1.0368131E-01   2.8110415E+00  -1.2696332E+01   3.9997004E+00   5.7349359E+00   5.6642316E+00  -2.3292371E+00   2.4483748E-01   2.7893107E+00   1.0988953E+01   1.9397626E+01  -1.7272437E-05   3.7433636E-04
  1.1584135E-05  -6.0940444E-04   1.0799808E-04   4.3335544E-04  -4.3499715E-02   7.5463668E-04  -1.0765657E-04   7.9938732E-04  -3.3387015E+01   1.4476915E-01   3.6051808E+00  -2.6389610E+01   3.4956351E+00   8.7614078E+00   3.2992263E+01  -2.6206304E+00   1.2878386E-01   2.7342672E+00   1.9397626E+01   5.3731642E+01   9.4578674E-05   8.5491042E-04
 -1.8260476E-09  -6.8250588E-10  -5.1039911E-10  -2.1420865E-07  -5.5143576E-07  -2.9034429E-07  -1.7541669E-07  -6.4406363E-09  -1.8284138E-04   2.8017650E-06   9.4482739E-05   3.9712889E-03   1.6711996E-04   4.1765989E-04   4.5823524E-04  -6.6013955E-05   1.5318592E-04  -1.9231226E-04  -1.7272437E-05   9.4578674E-05   3.7632462E-07   1.2631105E-08
 -2.8845730E-09   6.6016967E-08   5.9000787E-10  -1.5376582E-07   3.0772562E-06  -1.6750177E-07  -1.9916815E-08  -1.6375897E-08   7.3970120E-04  -1.3322995E-06  -4.8302002E-05   9.1147964E-04   2.1341104E-04  -3.2430232E-04  -1.3409790E-03   1.6501113E-05   1.7523864E-05  -5.4980660E-05   3.7433636E-04   8.5491042E-04   1.2631105E-08   3.7940238E-07
