# omegabh2 omegach2 theta tau w logA ns calPlanck aps100 aps143 aps217 acib217 asz143 psr cibr xi aksz dust100 dust143 dust217 dust143x217 cal0 cal2
  3.8287271E-08  -7.7138573E-08   2.4460392E-08   3.1885211E-07   1.8967413E-06   6.2469672E-07   3.0908515E-07   2.9097971E-08  -5.4806885E-04  -4.5399589E-04   7.0652830E-05  -1.9637455E-04   2.0000728E-05   1.0867334E-06  -3.1995449E-06   1.8159296E-06  -3.7966986E-05   7.9719858E-07  -6.6319634E-07   9.6013153E-07  -5.7089140E-07   8.3543452E-09  -1.5195860E-08
 -7.7138573E-08   1.5175345E-06  -7.8705713E-08  -3.3594319E-06  -2.3034825E-05  -3.7978493E-06  -3.3968489E-06  -2.8390669E-07   3.9743224E-04   8.2083862E-04  -3.9816394E-05   2.9199208E-04  -3.1046218E-05  -1.2218001E-06   6.2902008E-06  -6.0970887E-06   7.7221676E-05  -5.7078970E-06   1.3146320E-06  -3.3354349E-06  -2.2686466E-06  -5.4506612E-08  -3.7204372E-08
  2.4460392E-08  -7.8705713E-08   1.8099737E-07   3.8095799E-07   3.3712421E-06   8.7715775E-07   4.3852893E-07   4.7962909E-08   3.1674591E-05  -4.0799722E-05  -4.7952611E-05   2.7981701E-05   2.8121768E-05   5.8742626E-07   7.9478190E-07  -2.2265432E-06  -5.0970771E-05  -2.3426728E-08  -1.2986068E-06   3.9615120E-07   5.9264735E-07   1.0970603E-08   5.8096206E-09
  3.1885211E-07  -3.3594319E-06   3.8095799E-07   4.6650977E-05   6.1053760E-05   8.3150702E-05   1.0768256E-05  -7.5961444E-07  -7.6705054E-03  -5.8802116E-03  -7.3729556E-04  -1.8608207E-03   2.7920067E-04  -4.5836332E-07  -1.5324517E-05   7.2814326E-06  -6.0684347E-04   4.1589573E-05   3.2230707E-05   1.2295686E-05   1.7420349E-06  -1.0346699E-07  -3.1801344E-08
  1.8967413E-06  -2.3034825E-05   3.3712421E-06   6.1053760E-05   9.8755977E-04   8.5585041E-05   5.5636609E-05   6.1143871E-06   2.1415868E-03  -1.5012535E-02   6.2853234E-03  -9.3472275E-03   3.9884912E-04  -1.8360309E-06  -1.6600405E-04  -8.3465073E-06  -2.2505071E-03   1.2822772E-04  -8.4718770E-05   1.2861997E-04   7.6043173E-05   1.7211460E-06   5.4966291E-07
  6.2469672E-07  -3.7978493E-06   8.7715775E-07   8.3150702E-05   8.5585041E-05   1.8010009E-04   1.3938574E-05   1.0045841E-05  -8.7311915E-03  -8.2835636E-03   6.7690420E-03  -4.8335631E-03   4.7682191E-04   4.3329020E-05  -6.7131934E-05   1.2793669E-04  -2.0490811E-03   5.9277782E-05  -2.5430129E-05   3.8057794E-05  -1.7095716E-05   3.6490534E-07  -2.2326631E-07
  3.0908515E-07  -3.3968489E-06   4.3852893E-07   1.0768256E-05   5.5636609E-05   1.3938574E-05   1.9102381E-05   9.3872505E-07  -2.4703525E-02  -8.8329181E-03   9.5759089E-03  -7.1571907E-03   4.4457203E-04   6.1606613E-05  -1.3191977E-04   5.2345910E-05  -2.1362834E-03   2.6170469E-05  -2.4162976E-05   3.7814852E-05  -7.1039170E-06  -3.1728044E-07  -3.7289004E-07
  2.9097971E-08  -2.8390669E-07   4.7962909E-08  -7.5961444E-07   6.1143871E-06   1.0045841E-05   9.3872505E-07   6.0429334E-06   3.2850019E-03   5.3105937E-04   1.6823004E-03   2.9099300E-04  -6.2821515E-05   9.5006715E-06  -1.9162577E-06   3.9801770E-05  -5.2063735E-05   2.5225553E-07   4.2602999E-06   3.7551757E-06  -2.3541156E-06  -2.5146223E-08  -6.7980054E-08
 -5.4806885E-04   3.9743224E-04   3.1674591E-05  -7.6705054E-03   2.1415868E-03  -8.7311915E-03  -2.4703525E-02   3.2850019E-03   6.0953693E+02   6.1558197E+01  -5.9423591E+01   3.0827160E+01  -2.5660906E+01  -8.9522363E-01  -4.3932950E-02  -2.1244403E-01   1.2153139E+01  -1.5419358E-01   1.8478961E-01  -2.1787513E-01  -2.2287163E-01   6.5933196E-03   3.5124404E-03
 -4.5399589E-04   8.2083862E-04  -4.0799722E-05  -5.8802116E-03  -1.5012535E-02  -8.2835636E-03  -8.8329181E-03   5.3105937E-04   6.1558197E+01   6.8231617E+01   1.0540658E+01   6.3011452E+00  -3.4525014E-01   5.9495190E-03   4.3209972E-01   9.0099401E-01  -8.0848359E+00  -5.0813986E-02  -2.2223491E-01   6.3937466E-02   8.7396634E-02   8.1286150E-04   9.3073904E-04
  7.0652830E-05  -3.9816394E-05  -4.7952611E-05  -7.3729556E-04   6.2853234E-03   6.7690420E-03   9.5759089E-03   1.6823004E-03  -5.9423591E+01   1.0540658E+01   1.7675892E+02  -8.4510030E+01   2.1895889E+00   3.5207333E-01  -1.0841599E+00   3.8893536E-01  -6.8159787E+00  -3.0273067E-02  -2.8020012E-01   5.6265325E-01   2.4702260E-02   1.5324094E-03  -7.9325888E-03
 -1.9637455E-04   2.9199208E-04   2.7981701E-05  -1.8608207E-03  -9.3472275E-03  -4.8335631E-03  -7.1571907E-03   2.9099300E-04   3.0827160E+01   6.3011452E+00  -8.4510030E+01   5.3402580E+01   2.1231796E+00  -4.6374072E-02   7.5474856E-01  -2.7179556E-01  -2.9846489E+00  -3.3141775E-03   1.7487930E-01  -4.5421561E-01  -1.1430095E-01  -5.6023912E-04   3.2934740E-03
  2.0000728E-05  -3.1046218E-05   2.8121768E-05   2.7920067E-04   3.9884912E-04   4.7682191E-04   4.4457203E-04  -6.2821515E-05  -2.5660906E+01  -3.4525014E-01   2.1895889E+00   2.1231796E+00   4.4668368E+00   1.0544142E-01   1.6117207E-01  -3.2306740E-02  -3.6577208E+00  -1.0547021E-02   6.2947137E-03   6.0802487E-03   5.6062814E-02   4.2763387E-04  -2.1102296E-04
  1.0867334E-06  -1.2218001E-06   5.8742626E-07  -4.5836332E-07  -1.8360309E-06   4.3329020E-05   6.1606613E-05   9.5006715E-06  -8.9522363E-01   5.9495190E-03   3.5207333E-01  -4.6374072E-02   1.0544142E-01   1.6776344E-02  -1.6159278E-02   1.3387105E-02  -1.0676084E-01  -7.5560652E-04  -8.3434812E-04  -2.4929070E-03   5.5314678E-03   1.5715974E-05  -3.5630854E-05
 -3.1995449E-06   6.2902008E-06   7.9478190E-07  -1.5324517E-05  -1.6600405E-04  -6.7131934E-05  -1.3191977E-04  -1.9162577E-06  -4.3932950E-02   4.3209972E-01  -1.0841599E+00   7.5474856E-01   1.6117207E-01  -1.6159278E-02   6.6124231E-02   2.7138112E-03  -1.6268704E-01   2.9881867E-04   6.9117357E-03  -2.6793646E-04  -1.7092814E-02  -5.1880946E-06   1.0182071E-04
  1.8159296E-06  -6.0970887E-06  -2.2265432E-06   7.2814326E-06  -8.3465073E-06   1.2793669E-04   5.2345910E-05   3.9801770E-05  -2.1244403E-01   9.0099401E-01   3.8893536E-01  -2.7179556E-01  -3.2306740E-02   1.3387105E-02   2.7138112E-03   8.3757993E-02   3.5824124E-02  -8.1426508E-04  -1.3821026E-04   1.5458948E-03   1.8105754E-03   1.8971534E-05   4.4406687E-06
 -3.7966986E-05   7.7221676E-05  -5.0970771E-05  -6.0684347E-04  -2.2505071E-03  -2.0490811E-03  -2.1362834E-03  -5.2063735E-05   1.2153139E+01  -8.0848359E+00  -6.8159787E+00  -2.9846489E+00  -3.6577208E+00  -1.0676084E-01  -1.6268704E-01   3.5824124E-02   7.4613062E+00   4.4574934E-03  -1.4151089E-02  -3.8981582E-03  -5.5640928E-02  -3.1606294E-04   5.0806914E-05
  7.9719858E-07  -5.7078970E-06  -2.3426728E-08   4.1589573E-05   1.2822772E-04   5.9277782E-05   2.6170469E-05   2.5225553E-07  -1.5419358E-01  -5.0813986E-02  -3.0273067E-02  -3.3141775E-03  -1.0547021E-02  -7.5560652E-04   2.9881867E-04  -8.1426508E-04   4.4574934E-03   3.7743379E-02   2.8394505E-03   1.9877955E-04   6.2356622E-04   3.8287913E-05  -1.8255115E-06
 -6.6319634E-07   1.3146320E-06  -1.2986068E-06   3.2230707E-05  -8.4718770E-05  -2.5430129E-05  -2.4162976E-05   4.2602999E-06   1.8478961E-01  -2.2223491E-01  -2.8020012E-01   1.7487930E-01   6.2947137E-03  -8.3434812E-04   6.9117357E-03  -1.3821026E-04  -1.4151089E-02   2.8394505E-03   3.0624643E-02  -4.6799176E-04   5.7926263E-03  -8.1681121E-05  -3.9863896E-05
  9.6013153E-07  -3.3354349E-06   3.9615120E-07   1.2295686E-05   1.2861997E-04   3.8057794E-05   3.7814852E-05   3.7551757E-06  -2.1787513E-01   6.3937466E-02   5.6265325E-01  -4.5421561E-01   6.0802487E-03  -2.4929070E-03  -2.6793646E-04   1.5458948E-03  -3.8981582E-03   1.9877955E-04  -4.6799176E-04   1.0543857E-02   8.3339307E-03   3.3817025E-06   6.0733697E-05
 -5.7089140E-07  -2.2686466E-06   5.9264735E-07   1.7420349E-06   7.6043173E-05  -1.7095716E-05  -7.1039170E-06  -2.3541156E-06  -2.2287163E-01   8.7396634E-02   2.4702260E-02  -1.1430095E-01   5.6062814E-02   5.5314678E-03  -1.7092814E-02   1.8105754E-03  -5.5640928E-02   6.2356622E-04   5.7926263E-03   8.3339307E-03   2.6171364E-02  -4.5835824E-06   5.5136837E-05
  8.3543452E-09  -5.4506612E-08   1.0970603E-08  -1.0346699E-07   1.7211460E-06   3.6490534E-07  -3.1728044E-07  -2.5146223E-08   6.5933196E-03   8.1286150E-04   1.5324094E-03  -5.6023912E-04   4.2763387E-04   1.5715974E-05  -5.1880946E-06   1.8971534E-05  -3.1606294E-04   3.8287913E-05  -8.1681121E-05   3.3817025E-06  -4.5835824E-06   1.1406383E-06   5.0441033E-08
 -1.5195860E-08  -3.7204372E-08   5.8096206E-09  -3.1801344E-08   5.4966291E-07  -2.2326631E-07  -3.7289004E-07  -6.7980054E-08   3.5124404E-03   9.3073904E-04  -7.9325888E-03   3.2934740E-03  -2.1102296E-04  -3.5630854E-05   1.0182071E-04   4.4406687E-06   5.0806914E-05  -1.8255115E-06  -3.9863896E-05   6.0733697E-05   5.5136837E-05   5.0441033E-08   2.4633795E-06
