# omegabh2 omegach2 theta tau logA ns nrun r calPlanck aps100 aps143 aps217 acib217 asz143 psr cibr xi aksz dust100 dust143 dust217 dust143x217 cal0 cal2
  4.7772302E-08  -4.9841711E-08   2.3813482E-08   4.5554260E-07   1.1284295E-06   1.5424246E-07  -8.6399752E-07   2.5647604E-06   1.5783967E-08  -2.0759889E-04  -2.0101067E-04  -5.3378250E-05  -3.7313448E-05   1.8286971E-05  -7.9080901E-08  -2.5531502E-07  -8.2823491E-07  -2.0666003E-05   5.9888783E-07   8.3055171E-07   4.9363247E-07   7.7324432E-07   1.3465224E-09  -4.1201761E-09
 -4.9841711E-08   1.5480311E-06  -6.0099253E-08  -1.3551862E-06   1.1622107E-06  -3.4491000E-06  -7.0519599E-07  -4.1700287E-06  -6.6838947E-08   4.8338861E-04   6.5707008E-04   2.9206638E-04   1.0452594E-04  -2.5319325E-05   2.2496872E-06  -1.7551845E-07   6.2970379E-07   1.2382874E-05   5.0971747E-06   7.2568554E-08  -5.2335783E-07   2.1347090E-06  -8.2914225E-09   4.0537390E-09
  2.3813482E-08  -6.0099253E-08   1.6737502E-07   1.8756256E-07   4.9227581E-07   3.1775685E-07  -2.0256647E-07   6.9201633E-07   1.9408824E-08  -1.6891783E-06   1.0155232E-05  -2.0486400E-04   8.1268263E-05   8.3427897E-06  -7.4022379E-07   2.9422875E-06   1.0131487E-06   1.7529890E-05   1.2457060E-06   6.9672445E-07   2.2661670E-07   2.2466396E-07  -5.3498064E-11   1.1961387E-08
  4.5554260E-07  -1.3551862E-06   1.8756256E-07   6.8556556E-05   1.3726379E-04   4.3618999E-06  -1.8651276E-05   3.6793761E-05  -3.8947965E-07  -2.6152499E-03   3.2837652E-04   5.6999381E-04  -6.5090964E-04  -1.4986719E-04   2.6529119E-07  -4.3528023E-05  -3.0353902E-06  -1.1344721E-04   1.9398362E-06  -1.7364666E-05  -4.6294054E-06   5.2877033E-06  -7.3330482E-09  -2.8550349E-07
  1.1284295E-06   1.1622107E-06   4.9227581E-07   1.3726379E-04   3.1763821E-04  -3.0344020E-06  -5.4828278E-05   9.5239820E-05   1.1715725E-05   7.9984797E-03   7.4476973E-03   6.3861224E-03   4.7233270E-04  -4.9490600E-04   1.4255080E-05  -7.5893578E-05   1.9025017E-05  -5.4212749E-04   2.3274662E-05  -1.1337726E-04  -2.0455607E-06  -1.0433612E-06   7.3183581E-07  -4.2378381E-07
  1.5424246E-07  -3.4491000E-06   3.1775685E-07   4.3618999E-06  -3.0344020E-06   2.0587818E-05   9.4183532E-06   1.7073112E-05   3.4787111E-07  -3.2162051E-02  -1.1484554E-02   1.0141148E-02  -8.0548793E-03   9.3277703E-04   7.3412907E-05  -1.3491636E-04   7.0540492E-05  -2.4638386E-03  -2.2910657E-06  -4.2294305E-05   3.9991503E-05  -1.4457358E-05  -4.0764219E-07  -4.7839494E-07
 -8.6399752E-07  -7.0519599E-07  -2.0256647E-07  -1.8651276E-05  -5.4828278E-05   9.4183532E-06   7.3226560E-05  -1.9983368E-04   1.5367148E-07  -4.1421436E-02  -1.9081728E-02   1.5768009E-02  -1.3036423E-02   1.4528501E-03   1.1885547E-04  -2.2862915E-04   1.1366798E-04  -3.4617140E-03  -5.2853003E-05  -6.2228042E-05   4.9401558E-05  -3.9664761E-05  -2.5608899E-07  -1.0046255E-06
  2.5647604E-06  -4.1700287E-06   6.9201633E-07   3.6793761E-05   9.5239820E-05   1.7073112E-05  -1.9983368E-04   2.8530385E-03  -6.6963537E-07   8.8651734E-02   3.1419702E-02  -3.3989909E-02   2.3388445E-02  -4.1460476E-03  -2.2745534E-04   4.1215527E-04  -1.2513304E-04   9.6756189E-03   1.8591029E-05   1.6589621E-04  -8.3949933E-05   4.7022556E-05   6.7541159E-07   2.8402723E-06
  1.5783967E-08  -6.6838947E-08   1.9408824E-08  -3.8947965E-07   1.1715725E-05   3.4787111E-07   1.5367148E-07  -6.6963537E-07   6.3174459E-06   2.1213739E-03   3.8921969E-04   1.1737431E-03   6.4970745E-04   4.4269755E-05   1.9043396E-06   8.6939265E-06   5.6236032E-06  -3.9780629E-05   3.6630298E-06   7.6738280E-07   2.1279335E-06  -8.8786019E-06   1.0991555E-08  -4.0274635E-08
 -2.0759889E-04   4.8338861E-04  -1.6891783E-06  -2.6152499E-03   7.9984797E-03  -3.2162051E-02  -4.1421436E-02   8.8651734E-02   2.1213739E-03   6.3801418E+02   7.6051605E+01  -7.1091190E+01   4.2718474E+01  -2.5612974E+01  -8.7848645E-01   1.4942574E-01  -2.3217001E-01   1.3566507E+01  -7.6110769E-02   3.0545139E-01  -2.8054315E-01  -1.7396662E-01   7.1885367E-03   4.3547351E-03
 -2.0101067E-04   6.5707008E-04   1.0155232E-05   3.2837652E-04   7.4476973E-03  -1.1484554E-02  -1.9081728E-02   3.1419702E-02   3.8921969E-04   7.6051605E+01   7.3487537E+01   1.5140622E+00   1.2290835E+01  -9.2521527E-01  -2.8386511E-02   5.4163877E-01   8.3585442E-01  -6.6082206E+00  -3.7064066E-03  -2.3777182E-01   2.1944427E-02   4.7180833E-02   1.0888228E-03   1.2861231E-03
 -5.3378250E-05   2.9206638E-04  -2.0486400E-04   5.6999381E-04   6.3861224E-03   1.0141148E-02   1.5768009E-02  -3.3989909E-02   1.1737431E-03  -7.1091190E+01   1.5140622E+00   1.8274122E+02  -8.9496963E+01   2.3537728E+00   3.8993500E-01  -1.1510204E+00   3.3174575E-01  -6.9325425E+00  -2.7178211E-02  -3.2686743E-01   5.8604591E-01   1.8835563E-02   1.6027750E-03  -8.0925248E-03
 -3.7313448E-05   1.0452594E-04   8.1268263E-05  -6.5090964E-04   4.7233270E-04  -8.0548793E-03  -1.3036423E-02   2.3388445E-02   6.4970745E-04   4.2718474E+01   1.2290835E+01  -8.9496963E+01   5.6973309E+01   1.6506118E+00  -8.8401063E-02   8.1362146E-01  -2.6311070E-01  -2.4793399E+00   2.0842874E-02   1.9570928E-01  -4.7246735E-01  -1.3626379E-01  -4.4929792E-04   3.5187722E-03
  1.8286971E-05  -2.5319325E-05   8.3427897E-06  -1.4986719E-04  -4.9490600E-04   9.3277703E-04   1.4528501E-03  -4.1460476E-03   4.4269755E-05  -2.5612974E+01  -9.2521527E-01   2.3537728E+00   1.6506118E+00   4.2712200E+00   9.4691897E-02   1.4661680E-01  -4.9949071E-02  -3.6332661E+00  -7.4525756E-03  -7.5967287E-03   8.6205182E-03   4.5798363E-02   4.1430663E-04  -2.0485219E-04
 -7.9080901E-08   2.2496872E-06  -7.4022379E-07   2.6529119E-07   1.4255080E-05   7.3412907E-05   1.1885547E-04  -2.2745534E-04   1.9043396E-06  -8.7848645E-01  -2.8386511E-02   3.8993500E-01  -8.8401063E-02   9.4691897E-02   1.5734344E-02  -1.6163118E-02   1.2277061E-02  -1.0588478E-01   1.0361210E-05  -1.4461083E-03  -2.2012862E-03   5.0733783E-03   1.6280584E-05  -3.8693430E-05
 -2.5531502E-07  -1.7551845E-07   2.9422875E-06  -4.3528023E-05  -7.5893578E-05  -1.3491636E-04  -2.2862915E-04   4.1215527E-04   8.6939265E-06   1.4942574E-01   5.4163877E-01  -1.1510204E+00   8.1362146E-01   1.4661680E-01  -1.6163118E-02   6.4745023E-02   3.2375249E-03  -1.4800445E-01   5.8824166E-04   6.8332783E-03  -1.0616765E-03  -1.7869978E-02  -4.4316774E-06   1.0202587E-04
 -8.2823491E-07   6.2970379E-07   1.0131487E-06  -3.0353902E-06   1.9025017E-05   7.0540492E-05   1.1366798E-04  -1.2513304E-04   5.6236032E-06  -2.3217001E-01   8.3585442E-01   3.3174575E-01  -2.6311070E-01  -4.9949071E-02   1.2277061E-02   3.2375249E-03   8.1863062E-02   4.4426037E-02   8.3911339E-04  -7.0727378E-05   1.0837199E-03   8.5510977E-04   1.2823002E-05  -1.3298943E-06
 -2.0666003E-05   1.2382874E-05   1.7529890E-05  -1.1344721E-04  -5.4212749E-04  -2.4638386E-03  -3.4617140E-03   9.6756189E-03  -3.9780629E-05   1.3566507E+01  -6.6082206E+00  -6.9325425E+00  -2.4793399E+00  -3.6332661E+00  -1.0588478E-01  -1.4800445E-01   4.4426037E-02   7.4812219E+00   1.5620647E-03   7.3037802E-03  -3.4019504E-03  -3.8582383E-02  -3.6677020E-04   3.8226889E-05
  5.9888783E-07   5.0971747E-06   1.2457060E-06   1.9398362E-06   2.3274662E-05  -2.2910657E-06  -5.2853003E-05   1.8591029E-05   3.6630298E-06  -7.6110769E-02  -3.7064066E-03  -2.7178211E-02   2.0842874E-02  -7.4525756E-03   1.0361210E-05   5.8824166E-04   8.3911339E-04   1.5620647E-03   3.8755111E-02   3.6087264E-03  -1.8597206E-04   6.1322034E-04   3.6937714E-05  -2.9009426E-06
  8.3055171E-07   7.2568554E-08   6.9672445E-07  -1.7364666E-05  -1.1337726E-04  -4.2294305E-05  -6.2228042E-05   1.6589621E-04   7.6738280E-07   3.0545139E-01  -2.3777182E-01  -3.2686743E-01   1.9570928E-01  -7.5967287E-03  -1.4461083E-03   6.8332783E-03  -7.0727378E-05   7.3037802E-03   3.6087264E-03   3.1472457E-02  -1.1756997E-03   5.1395822E-03  -8.1744445E-05  -4.4836816E-05
  4.9363247E-07  -5.2335783E-07   2.2661670E-07  -4.6294054E-06  -2.0455607E-06   3.9991503E-05   4.9401558E-05  -8.3949933E-05   2.1279335E-06  -2.8054315E-01   2.1944427E-02   5.8604591E-01  -4.7246735E-01   8.6205182E-03  -2.2012862E-03  -1.0616765E-03   1.0837199E-03  -3.4019504E-03  -1.8597206E-04  -1.1756997E-03   1.0651178E-02   8.6460209E-03   4.5063527E-06   6.1224020E-05
  7.7324432E-07   2.1347090E-06   2.2466396E-07   5.2877033E-06  -1.0433612E-06  -1.4457358E-05  -3.9664761E-05   4.7022556E-05  -8.8786019E-06  -1.7396662E-01   4.7180833E-02   1.8835563E-02  -1.3626379E-01   4.5798363E-02   5.0733783E-03  -1.7869978E-02   8.5510977E-04  -3.8582383E-02   6.1322034E-04   5.1395822E-03   8.6460209E-03   2.6648565E-02  -4.5462695E-06   5.7672415E-05
  1.3465224E-09  -8.2914225E-09  -5.3498064E-11  -7.3330482E-09   7.3183581E-07  -4.0764219E-07  -2.5608899E-07   6.7541159E-07   1.0991555E-08   7.1885367E-03   1.0888228E-03   1.6027750E-03  -4.4929792E-04   4.1430663E-04   1.6280584E-05  -4.4316774E-06   1.2823002E-05  -3.6677020E-04   3.6937714E-05  -8.1744445E-05   4.5063527E-06  -4.5462695E-06   1.1250541E-06   8.6326590E-08
 -4.1201761E-09   4.0537390E-09   1.1961387E-08  -2.8550349E-07  -4.2378381E-07  -4.7839494E-07  -1.0046255E-06   2.8402723E-06  -4.0274635E-08   4.3547351E-03   1.2861231E-03  -8.0925248E-03   3.5187722E-03  -2.0485219E-04  -3.8693430E-05   1.0202587E-04  -1.3298943E-06   3.8226889E-05  -2.9009426E-06  -4.4836816E-05   6.1224020E-05   5.7672415E-05   8.6326590E-08   2.5166246E-06
