# omegabh2 omegach2 theta tau mnu nnu logA ns calPlanck acib217 xi asz143 aps100 aps143 aps143217 aps217 aksz kgal100 kgal143 kgal143217 kgal217 galfTE100 galfTE100143 galfTE100217 galfTE143 galfTE143217 galfTE217 cal0 cal2
  3.0122711E-08   2.0128984E-07  -1.8940575E-08   2.5451894E-07   6.6108074E-07   1.6331373E-05   1.1427467E-06   7.2971033E-07   1.0417203E-08   7.0532425E-06   1.2028442E-07   1.1107438E-06   6.0193608E-05  -2.1341336E-05  -1.6873773E-05  -2.1422345E-05   7.0126469E-06   7.9265146E-06   5.0551350E-06  -6.4803594E-07  -6.9522481E-06  -1.1862537E-07  -9.4136033E-08  -1.2944182E-08  -2.1742421E-07  -3.6746691E-07  -8.0549868E-07   1.4539340E-09  -9.6143758E-10
  2.0128984E-07   6.3228411E-06  -6.9646439E-07  -1.7157963E-06   6.2066266E-06   3.4921104E-04   1.2649353E-05   9.8947245E-06  -7.8139406E-08   1.9293726E-03  -4.1860692E-05  -3.1504615E-04   9.7174579E-03   4.3975306E-03   1.3833106E-03  -3.3028852E-04   8.0835705E-04   1.4574644E-04   3.3834837E-04   3.6032950E-04  -1.1784504E-04   3.4085600E-07   2.3643981E-07   1.5777838E-07   2.0878921E-06   1.3232665E-06   1.6829631E-05  -2.9404679E-08   2.7799502E-08
 -1.8940575E-08  -6.9646439E-07   1.6218326E-07   1.3764126E-07  -1.2324887E-06  -4.1245510E-05  -1.4128503E-06  -1.1770366E-06   7.5278938E-09  -2.0745940E-04   4.1526644E-06   2.8042699E-05  -9.5557472E-04  -5.0189056E-04  -1.7778833E-04   3.1633622E-05  -9.0278370E-05  -2.3536748E-05  -4.4731548E-05  -6.9137664E-05  -3.7177946E-05  -1.1414072E-07  -1.9778029E-08  -2.3212524E-07  -2.6299905E-07  -7.7922698E-07  -2.1368302E-06   3.5438495E-09  -4.0017958E-09
  2.5451894E-07  -1.7157963E-06   1.3764126E-07   5.6764021E-05   5.2553800E-05   6.1319332E-05   1.0515233E-04   1.0999366E-05  -1.8134609E-06  -1.0666564E-03   1.1548513E-05   3.9704698E-04  -1.1220368E-02  -3.8947201E-03  -1.8129217E-03  -1.4670315E-03  -4.2353123E-04   2.0173787E-04  -1.6609927E-04   4.9690702E-05   1.6219302E-04  -5.4199817E-06  -7.2831736E-07  -2.0634826E-06  -4.8118973E-06  -3.2014571E-06  -2.4920609E-05  -7.6215996E-08   7.2761713E-10
  6.6108074E-07   6.2066266E-06  -1.2324887E-06   5.2553800E-05   1.3061653E-03   6.2819566E-04   1.2640364E-04   3.0470224E-05   2.0303546E-06   2.1745134E-03  -1.2514965E-04  -6.6682884E-04   1.2941149E-02   3.9027413E-03  -6.9089798E-04   4.5923991E-04   1.6386184E-03   9.2497486E-05  -4.5346216E-04  -1.2471908E-03  -2.7099508E-03   6.0420518E-06   3.2241363E-07  -2.1240565E-05  -1.6491917E-05   1.0164153E-06  -5.8557931E-05   1.7046138E-07   7.2596635E-08
  1.6331373E-05   3.4921104E-04  -4.1245510E-05   6.1319332E-05   6.2819566E-04   2.2380929E-02   1.0333546E-03   7.7182385E-04   1.7862870E-06   1.1287305E-01  -2.5313666E-03  -1.7788214E-02   5.4940562E-01   2.4098408E-01   6.4286205E-02  -2.9645395E-02   4.8059492E-02   1.0511986E-02   2.0787749E-02   2.2481538E-02  -6.0817776E-03  -1.9663715E-05   2.3151500E-06   2.7585568E-05   8.4841003E-05   4.3876385E-05   8.0600547E-04  -1.7577692E-06   1.4483118E-06
  1.1427467E-06   1.2649353E-05  -1.4128503E-06   1.0515233E-04   1.2640364E-04   1.0333546E-03   2.6172261E-04   4.7473648E-05   8.1395265E-06   2.5676319E-03  -4.1910761E-05  -1.2703584E-04   5.5373812E-03   4.3489791E-03   1.9826335E-03   1.5577635E-03   6.0534775E-04   4.2941552E-04   1.3683696E-05   3.6061953E-04   1.0256041E-03  -8.7153168E-06  -1.6996155E-06  -2.8405697E-06  -7.1660123E-06  -5.1050462E-06   4.7721831E-06  -1.0438716E-07   7.3532173E-09
  7.2971033E-07   9.8947245E-06  -1.1770366E-06   1.0999366E-05   3.0470224E-05   7.7182385E-04   4.7473648E-05   4.0399460E-05   3.0922395E-07  -1.1762112E-04   8.8725640E-06   1.5910232E-04  -2.9488637E-03   2.1476988E-03   3.1637401E-03   2.9880022E-03  -2.1093549E-04   6.2754583E-04   3.5045008E-04   4.1664408E-04   7.9457447E-04  -5.8488447E-06   1.0542363E-06   6.2974848E-06   3.1943055E-06  -1.7361205E-06   1.6881648E-05  -1.4979453E-07  -1.5685980E-08
  1.0417203E-08  -7.8139406E-08   7.5278938E-09  -1.8134609E-06   2.0303546E-06   1.7862870E-06   8.1395265E-06   3.0922395E-07   5.9366372E-06   6.4553879E-04   4.2686881E-07  -2.0196220E-05   3.3697452E-03   4.5254681E-04   4.0025225E-04   1.2984063E-03   3.8641379E-06  -6.0303458E-05   1.8243512E-05  -6.6470109E-05   5.8976376E-04   5.4455290E-07   8.1469667E-08   1.1969131E-06  -6.5183291E-07  -4.9354807E-07   9.3687692E-06  -1.4870960E-08  -2.0830901E-08
  7.0532425E-06   1.9293726E-03  -2.0745940E-04  -1.0666564E-03   2.1745134E-03   1.1287305E-01   2.5676319E-03  -1.1762112E-04   6.4553879E-04   4.4680008E+01  -4.0582175E-01  -8.3500812E-01   3.5723543E+01   2.2121039E+00  -1.2431287E+01  -5.4576561E+01  -3.8362984E-02   3.0555697E-01   6.1660196E-01  -5.9064691E+00  -3.3459456E+01   1.7382179E-03   1.6390664E-03  -3.1722846E-03   5.3908431E-04  -1.1042333E-02  -2.9149566E-02  -1.7541492E-04   7.2942346E-04
  1.2028442E-07  -4.1860692E-05   4.1526644E-06   1.1548513E-05  -1.2514965E-04  -2.5313666E-03  -4.1910761E-05   8.8725640E-06   4.2686881E-07  -4.0582175E-01   8.1849885E-02  -3.9319439E-02  -5.7614020E-01   9.2066626E-01   1.7081678E+00   6.4501395E-01   3.4031602E-02  -9.6863876E-03   1.4035004E-02   1.2425309E-01   1.6813065E-01   2.3928881E-05  -5.8500651E-06   3.4170925E-05   4.4969373E-05  -1.4756228E-04  -1.6319852E-03   4.5943755E-06  -1.6710761E-06
  1.1107438E-06  -3.1504615E-04   2.8042699E-05   3.9704698E-04  -6.6682884E-04  -1.7788214E-02  -1.2703584E-04   1.5910232E-04  -2.0196220E-05  -8.3500812E-01  -3.9319439E-02   3.7931388E+00  -3.0279071E+01  -3.7186571E+00   7.0570998E+00   4.7723718E+00  -2.4831145E+00  -2.1603098E-01   1.0046456E-01   2.5287684E+00   3.1309825E+00  -9.4122659E-05  -2.1263732E-04  -1.8032427E-03  -9.1142342E-04  -9.4567801E-04  -2.8480075E-03   1.0108748E-04  -3.8780499E-05
  6.0193608E-05   9.7174579E-03  -9.5557472E-04  -1.1220368E-02   1.2941149E-02   5.4940562E-01   5.5373812E-03  -2.9488637E-03   3.3697452E-03   3.5723543E+01  -5.7614020E-01  -3.0279071E+01   7.8532243E+02   7.5970943E+01  -4.8312908E+01  -5.4627953E+01   1.2764374E+01  -6.3062767E+00   6.4914671E+00  -1.0919492E+01  -2.1885914E+01   5.0828946E-03   1.2990875E-03   2.4092846E-02   1.6213311E-02   2.3006348E-02   5.8236669E-02   3.6637547E-03   4.3390692E-04
 -2.1341336E-05   4.3975306E-03  -5.0189056E-04  -3.8947201E-03   3.9027413E-03   2.4098408E-01   4.3489791E-03   2.1476988E-03   4.5254681E-04   2.2121039E+00   9.2066626E-01  -3.7186571E+00   7.5970943E+01   6.4105064E+01   4.0902830E+01   1.5359966E+01  -4.2214100E+00  -4.7433508E-01  -1.1024393E+00   3.5619745E+00   4.2025153E+00   3.5711210E-03   3.8849121E-04  -5.6948285E-03   3.4382772E-03   1.2363898E-03   3.1362234E-03   5.8622052E-05   9.7347785E-05
 -1.6873773E-05   1.3833106E-03  -1.7778833E-04  -1.8129217E-03  -6.9089798E-04   6.4286205E-02   1.9826335E-03   3.1637401E-03   4.0025225E-04  -1.2431287E+01   1.7081678E+00   7.0570998E+00  -4.8312908E+01   4.0902830E+01   8.3370352E+01   5.0683030E+01  -1.0557625E+01  -9.4940783E-01  -5.7587012E-01   4.9898785E+00   7.9175841E+00   1.7895296E-03  -8.2736530E-04  -1.0884955E-02   1.6381723E-03  -2.1087608E-03  -2.7861625E-02   3.8194603E-04  -3.9461540E-04
 -2.1422345E-05  -3.3028852E-04   3.1633622E-05  -1.4670315E-03   4.5923991E-04  -2.9645395E-02   1.5577635E-03   2.9880022E-03   1.2984063E-03  -5.4576561E+01   6.4501395E-01   4.7723718E+00  -5.4627953E+01   1.5359966E+01   5.0683030E+01   1.0140173E+02  -8.2235439E+00  -8.5816714E-01  -1.3776912E+00   5.4053755E+00   3.3283021E+01  -6.2436493E-05  -1.5774602E-03  -7.4688915E-03   2.4356767E-03   1.5929507E-02   4.4017037E-02   3.7127759E-04  -1.3873631E-03
  7.0126469E-06   8.0835705E-04  -9.0278370E-05  -4.2353123E-04   1.6386184E-03   4.8059492E-02   6.0534775E-04  -2.1093549E-04   3.8641379E-06  -3.8362984E-02   3.4031602E-02  -2.4831145E+00   1.2764374E+01  -4.2214100E+00  -1.0557625E+01  -8.2235439E+00   5.3602004E+00   1.5295546E-01  -7.3061831E-02  -1.8391486E+00  -2.0472022E+00   6.1271011E-04  -2.0436426E-05   2.1023982E-03   3.1602561E-04   1.3167928E-03   5.3521755E-03  -7.0719277E-05   1.3280537E-05
  7.9265146E-06   1.4574644E-04  -2.3536748E-05   2.0173787E-04   9.2497486E-05   1.0511986E-02   4.2941552E-04   6.2754583E-04  -6.0303458E-05   3.0555697E-01  -9.6863876E-03  -2.1603098E-01  -6.3062767E+00  -4.7433508E-01  -9.4940783E-01  -8.5816714E-01   1.5295546E-01   3.3022874E+00   5.3217101E-01   1.1223734E-01  -9.0215625E-03  -1.0542107E-04  -4.3784515E-05   2.0115755E-03  -1.4940666E-03   6.3132812E-04   3.0800316E-03   1.6807042E-04   1.0789494E-06
  5.0551350E-06   3.3834837E-04  -4.4731548E-05  -1.6609927E-04  -4.5346216E-04   2.0787749E-02   1.3683696E-05   3.5045008E-04   1.8243512E-05   6.1660196E-01   1.4035004E-02   1.0046456E-01   6.4914671E+00  -1.1024393E+00  -5.7587012E-01  -1.3776912E+00  -7.3061831E-02   5.3217101E-01   3.1702437E+00   2.6545829E+00   2.6883670E+00   1.1590105E-03   3.0345862E-04   3.5544440E-03  -8.8817822E-04  -2.5626591E-04   7.3626085E-04  -1.9518714E-04  -2.4742615E-05
 -6.4803594E-07   3.6032950E-04  -6.9137664E-05   4.9690702E-05  -1.2471908E-03   2.2481538E-02   3.6061953E-04   4.1664408E-04  -6.6470109E-05  -5.9064691E+00   1.2425309E-01   2.5287684E+00  -1.0919492E+01   3.5619745E+00   4.9898785E+00   5.4053755E+00  -1.8391486E+00   1.1223734E-01   2.6545829E+00   1.0610182E+01   1.9058915E+01   1.9057005E-03  -3.1961791E-05   4.0547024E-03  -1.5861872E-03  -1.5162829E-03   3.4215630E-03  -3.6137321E-05   4.1358960E-04
 -6.9522481E-06  -1.1784504E-04  -3.7177946E-05   1.6219302E-04  -2.7099508E-03  -6.0817776E-03   1.0256041E-03   7.9457447E-04   5.8976376E-04  -3.3459456E+01   1.6813065E-01   3.1309825E+00  -2.1885914E+01   4.2025153E+00   7.9175841E+00   3.3283021E+01  -2.0472022E+00  -9.0215625E-03   2.6883670E+00   1.9058915E+01   5.3189298E+01   1.2621689E-03  -1.0795674E-03   9.0824407E-03  -1.7820990E-03   5.5908681E-03   3.2753803E-02   3.7686195E-05   9.0738120E-04
 -1.1862537E-07   3.4085600E-07  -1.1414072E-07  -5.4199817E-06   6.0420518E-06  -1.9663715E-05  -8.7153168E-06  -5.8488447E-06   5.4455290E-07   1.7382179E-03   2.3928881E-05  -9.4122659E-05   5.0828946E-03   3.5711210E-03   1.7895296E-03  -6.2436493E-05   6.1271011E-04  -1.0542107E-04   1.1590105E-03   1.9057005E-03   1.2621689E-03   1.4609328E-03   2.4655475E-04   1.1005500E-04  -3.9001380E-04  -1.2726946E-04   3.7223759E-05  -9.1436153E-08   7.6704147E-08
 -9.4136033E-08   2.3643981E-07  -1.9778029E-08  -7.2831736E-07   3.2241363E-07   2.3151500E-06  -1.6996155E-06   1.0542363E-06   8.1469667E-08   1.6390664E-03  -5.8500651E-06  -2.1263732E-04   1.2990875E-03   3.8849121E-04  -8.2736530E-04  -1.5774602E-03  -2.0436426E-05  -4.3784515E-05   3.0345862E-04  -3.1961791E-05  -1.0795674E-03   2.4655475E-04   8.5563871E-04   2.0723320E-05   7.3825011E-04   7.0164258E-05  -6.8743479E-04   7.7829969E-08   1.6764065E-07
 -1.2944182E-08   1.5777838E-07  -2.3212524E-07  -2.0634826E-06  -2.1240565E-05   2.7585568E-05  -2.8405697E-06   6.2974848E-06   1.1969131E-06  -3.1722846E-03   3.4170925E-05  -1.8032427E-03   2.4092846E-02  -5.6948285E-03  -1.0884955E-02  -7.4688915E-03   2.1023982E-03   2.0115755E-03   3.5544440E-03   4.0547024E-03   9.0824407E-03   1.1005500E-04   2.0723320E-05   7.1866296E-03  -2.9214370E-04   6.5569577E-04   4.3702758E-03   5.1773151E-07   3.1358243E-07
 -2.1742421E-07   2.0878921E-06  -2.6299905E-07  -4.8118973E-06  -1.6491917E-05   8.4841003E-05  -7.1660123E-06   3.1943055E-06  -6.5183291E-07   5.3908431E-04   4.4969373E-05  -9.1142342E-04   1.6213311E-02   3.4382772E-03   1.6381723E-03   2.4356767E-03   3.1602561E-04  -1.4940666E-03  -8.8817822E-04  -1.5861872E-03  -1.7820990E-03  -3.9001380E-04   7.3825011E-04  -2.9214370E-04   2.9313604E-03   5.9908530E-04  -1.0546626E-03   1.6418924E-07   2.5899653E-07
 -3.6746691E-07   1.3232665E-06  -7.7922698E-07  -3.2014571E-06   1.0164153E-06   4.3876385E-05  -5.1050462E-06  -1.7361205E-06  -4.9354807E-07  -1.1042333E-02  -1.4756228E-04  -9.4567801E-04   2.3006348E-02   1.2363898E-03  -2.1087608E-03   1.5929507E-02   1.3167928E-03   6.3132812E-04  -2.5626591E-04  -1.5162829E-03   5.5908681E-03  -1.2726946E-04   7.0164258E-05   6.5569577E-04   5.9908530E-04   6.3794018E-03   7.6757992E-03   5.9026749E-07  -2.2060915E-07
 -8.0549868E-07   1.6829631E-05  -2.1368302E-06  -2.4920609E-05  -5.8557931E-05   8.0600547E-04   4.7721831E-06   1.6881648E-05   9.3687692E-06  -2.9149566E-02  -1.6319852E-03  -2.8480075E-03   5.8236669E-02   3.1362234E-03  -2.7861625E-02   4.4017037E-02   5.3521755E-03   3.0800316E-03   7.3626085E-04   3.4215630E-03   3.2753803E-02   3.7223759E-05  -6.8743479E-04   4.3702758E-03  -1.0546626E-03   7.6757992E-03   7.3268877E-02   5.2103610E-07  -1.2281452E-06
  1.4539340E-09  -2.9404679E-08   3.5438495E-09  -7.6215996E-08   1.7046138E-07  -1.7577692E-06  -1.0438716E-07  -1.4979453E-07  -1.4870960E-08  -1.7541492E-04   4.5943755E-06   1.0108748E-04   3.6637547E-03   5.8622052E-05   3.8194603E-04   3.7127759E-04  -7.0719277E-05   1.6807042E-04  -1.9518714E-04  -3.6137321E-05   3.7686195E-05  -9.1436153E-08   7.7829969E-08   5.1773151E-07   1.6418924E-07   5.9026749E-07   5.2103610E-07   3.7518354E-07  -3.9170119E-09
 -9.6143758E-10   2.7799502E-08  -4.0017958E-09   7.2761713E-10   7.2596635E-08   1.4483118E-06   7.3532173E-09  -1.5685980E-08  -2.0830901E-08   7.2942346E-04  -1.6710761E-06  -3.8780499E-05   4.3390692E-04   9.7347785E-05  -3.9461540E-04  -1.3873631E-03   1.3280537E-05   1.0789494E-06  -2.4742615E-05   4.1358960E-04   9.0738120E-04   7.6704147E-08   1.6764065E-07   3.1358243E-07   2.5899653E-07  -2.2060915E-07  -1.2281452E-06  -3.9170119E-09   3.8395756E-07
