# omegabh2 omegach2 theta tau Alens logA ns calPlanck acib217 xi asz143 aps100 aps143 aps143217 aps217 aksz kgal100 kgal143 kgal143217 kgal217 cal0 cal2
  6.6698372E-08  -4.0593419E-07   7.1842034E-08   2.4045242E-07   7.9179913E-06  -3.6356366E-07   1.1662929E-06  -2.5776907E-09  -1.9780096E-04   3.2617001E-06   6.7767986E-05  -1.1828518E-03  -7.5341499E-04  -3.1867913E-04  -1.5333611E-04  -9.0316421E-05   1.5006252E-05  -1.2654730E-06  -9.7413614E-06   3.8586262E-05   2.4674575E-09  -6.7614813E-09
 -4.0593419E-07   5.6196762E-06  -6.6898930E-07  -2.4176764E-06  -9.6143708E-05   8.4615564E-06  -1.4102042E-05   6.0572578E-08   9.6025994E-04  -1.1418074E-05  -3.4056055E-04   6.7784838E-03   4.5005631E-03   2.3057870E-03   1.3475127E-03   4.9703130E-04  -9.4639266E-05   1.3378457E-05   1.4564770E-04   3.6051001E-05  -1.1900536E-08   5.9499859E-08
  7.1842034E-08  -6.6898930E-07   2.6617468E-07   3.7749004E-07   1.2612084E-05  -5.7296049E-07   1.9574961E-06   1.0843477E-08  -1.3741684E-04   1.5317866E-06   5.1693158E-05  -9.7711492E-04  -6.4275883E-04  -3.0332401E-04  -1.8510908E-04  -6.8355569E-05   2.2633362E-05   6.6610150E-06  -1.0622999E-05   2.9052132E-05   1.4137646E-09  -8.3801188E-09
  2.4045242E-07  -2.4176764E-06   3.7749004E-07   3.5412185E-05  -2.7718085E-05   6.4637305E-05   7.1300733E-06  -3.3708410E-07  -1.0973589E-03   4.3411804E-05   2.7390883E-04  -6.8418069E-03  -2.6692012E-03  -6.0050578E-04  -2.1722340E-04  -4.0826418E-04   8.4902904E-05  -3.2280951E-05   8.9211830E-05   5.6488409E-04   6.5573658E-09   2.2158285E-08
  7.9179913E-06  -9.6143708E-05   1.2612084E-05  -2.7718085E-05   2.5803027E-03  -3.1270616E-04   2.5394663E-04  -1.3798213E-05  -2.3506303E-02   2.0929844E-04   7.4022527E-03  -1.4007248E-01  -9.8247222E-02  -5.1491101E-02  -3.1819762E-02  -1.0191976E-02   2.6131916E-03   2.6838538E-05  -1.5489593E-03   1.7645845E-03  -1.3974708E-08  -1.2033916E-06
 -3.6356366E-07   8.4615564E-06  -5.7296049E-07   6.4637305E-05  -3.1270616E-04   1.7765287E-04  -2.0740703E-05   1.2097514E-05  -7.4888263E-05   1.0738779E-04  -2.0564279E-04   2.8961849E-03   6.7688912E-03   7.1035093E-03   8.5770095E-03  -3.9483168E-04  -5.4403390E-04  -7.6701227E-04  -4.0395528E-05   2.6013425E-03   1.3521119E-07   2.1468261E-07
  1.1662929E-06  -1.4102042E-05   1.9574961E-06   7.1300733E-06   2.5394663E-04  -2.0740703E-05   4.6212772E-05  -1.7117984E-07  -7.1578170E-03   1.1057631E-04   1.9995289E-03  -4.2694833E-02  -1.8150051E-02  -3.9647970E-03   2.1198571E-03  -3.5983860E-03   6.4617206E-04  -2.6793284E-04  -4.3998480E-04   1.6682766E-03  -9.7152921E-08  -2.1412038E-07
 -2.5776907E-09   6.0572578E-08   1.0843477E-08  -3.3708410E-07  -1.3798213E-05   1.2097514E-05  -1.7117984E-07   6.2547533E-06   6.8187072E-04  -3.3880442E-06   4.3285567E-05   2.2137246E-03   7.9142835E-04   6.0267107E-04   1.4555998E-03   4.4209608E-05  -3.7020490E-05  -7.1050877E-05   1.1362481E-05   8.0219489E-04  -8.9283714E-09   1.1665154E-08
 -1.9780096E-04   9.6025994E-04  -1.3741684E-04  -1.0973589E-03  -2.3506303E-02  -7.4888263E-05  -7.1578170E-03   6.8187072E-04   4.5767663E+01  -4.0103673E-01  -9.9047853E-01   3.6682770E+01   2.9565531E+00  -1.3005806E+01  -5.5776522E+01   4.8401915E-02   2.0391114E-01   4.7644499E-01  -5.9716216E+00  -3.4192300E+01  -2.1470015E-04   7.2366450E-04
  3.2617001E-06  -1.1418074E-05   1.5317866E-06   4.3411804E-05   2.0929844E-04   1.0738779E-04   1.1057631E-04  -3.3880442E-06  -4.0103673E-01   8.1856271E-02  -4.2433398E-02  -5.5599539E-01   8.8792123E-01   1.6857022E+00   6.3960737E-01   4.4702480E-02  -2.6537726E-03   6.0711466E-03   1.0300054E-01   1.4779161E-01   5.4014240E-06   1.5026373E-06
  6.7767986E-05  -3.4056055E-04   5.1693158E-05   2.7390883E-04   7.4022527E-03  -2.0564279E-04   1.9995289E-03   4.3285567E-05  -9.9047853E-01  -4.2433398E-02   3.9135127E+00  -3.0983554E+01  -3.8998748E+00   7.2650757E+00   5.0819122E+00  -2.8138926E+00  -2.1875920E-01   1.6824269E-01   2.7355284E+00   3.5470711E+00   1.0598705E-04  -3.0648826E-05
 -1.1828518E-03   6.7784838E-03  -9.7711492E-04  -6.8418069E-03  -1.4007248E-01   2.8961849E-03  -4.2694833E-02   2.2137246E-03   3.6682770E+01  -5.5599539E-01  -3.0983554E+01   7.8158753E+02   7.6671900E+01  -4.9891431E+01  -5.5568451E+01   1.5742436E+01  -6.1224150E+00   4.9420881E+00  -1.3274933E+01  -2.7313423E+01   3.9170649E-03   4.4250982E-04
 -7.5341499E-04   4.5005631E-03  -6.4275883E-04  -2.6692012E-03  -9.8247222E-02   6.7688912E-03  -1.8150051E-02   7.9142835E-04   2.9565531E+00   8.8792123E-01  -3.8998748E+00   7.6671900E+01   6.7354642E+01   4.2965730E+01   1.7684452E+01  -4.1525790E+00  -5.3278574E-01  -1.6469992E+00   2.9690746E+00   3.4754744E+00   1.0902255E-04   2.1411157E-04
 -3.1867913E-04   2.3057870E-03  -3.0332401E-04  -6.0050578E-04  -5.1491101E-02   7.1035093E-03  -3.9647970E-03   6.0267107E-04  -1.3005806E+01   1.6857022E+00   7.2650757E+00  -4.9891431E+01   4.2965730E+01   8.6781995E+01   5.4939203E+01  -1.1608183E+01  -9.3732317E-01  -9.0515252E-01   4.7191279E+00   8.6332143E+00   4.5883270E-04  -2.6526244E-04
 -1.5333611E-04   1.3475127E-03  -1.8510908E-04  -2.1722340E-04  -3.1819762E-02   8.5770095E-03   2.1198571E-03   1.4555998E-03  -5.5776522E+01   6.3960737E-01   5.0819122E+00  -5.5568451E+01   1.7684452E+01   5.4939203E+01   1.0599655E+02  -9.3130278E+00  -8.6082634E-01  -1.4175279E+00   5.4736614E+00   3.4422821E+01   4.8444039E-04  -1.3185418E-03
 -9.0316421E-05   4.9703130E-04  -6.8355569E-05  -4.0826418E-04  -1.0191976E-02  -3.9483168E-04  -3.5983860E-03   4.4209608E-05   4.8401915E-02   4.4702480E-02  -2.8138926E+00   1.5742436E+01  -4.1525790E+00  -1.1608183E+01  -9.3130278E+00   6.1005639E+00   1.1659434E-01  -1.5845393E-01  -2.0967107E+00  -2.4647754E+00  -6.9053156E-05   4.3530371E-06
  1.5006252E-05  -9.4639266E-05   2.2633362E-05   8.4902904E-05   2.6131916E-03  -5.4403390E-04   6.4617206E-04  -3.7020490E-05   2.0391114E-01  -2.6537726E-03  -2.1875920E-01  -6.1224150E+00  -5.3278574E-01  -9.3732317E-01  -8.6082634E-01   1.1659434E-01   3.3704992E+00   5.5986471E-01   1.5961862E-01   9.2356179E-02   1.6526031E-04  -5.7756843E-07
 -1.2654730E-06   1.3378457E-05   6.6610150E-06  -3.2280951E-05   2.6838538E-05  -7.6701227E-04  -2.6793284E-04  -7.1050877E-05   4.7644499E-01   6.0711466E-03   1.6824269E-01   4.9420881E+00  -1.6469992E+00  -9.0515252E-01  -1.4175279E+00  -1.5845393E-01   5.5986471E-01   3.1022899E+00   2.6879186E+00   2.7908508E+00  -1.8515647E-04  -4.8634812E-05
 -9.7413614E-06   1.4564770E-04  -1.0622999E-05   8.9211830E-05  -1.5489593E-03  -4.0395528E-05  -4.3998480E-04   1.1362481E-05  -5.9716216E+00   1.0300054E-01   2.7355284E+00  -1.3274933E+01   2.9690746E+00   4.7191279E+00   5.4736614E+00  -2.0967107E+00   1.5961862E-01   2.6879186E+00   1.0954208E+01   1.9640127E+01  -2.4798698E-05   4.1949055E-04
  3.8586262E-05   3.6051001E-05   2.9052132E-05   5.6488409E-04   1.7645845E-03   2.6013425E-03   1.6682766E-03   8.0219489E-04  -3.4192300E+01   1.4779161E-01   3.5470711E+00  -2.7313423E+01   3.4754744E+00   8.6332143E+00   3.4422821E+01  -2.4647754E+00   9.2356179E-02   2.7908508E+00   1.9640127E+01   5.4541812E+01   7.0254745E-05   9.3538384E-04
  2.4674575E-09  -1.1900536E-08   1.4137646E-09   6.5573658E-09  -1.3974708E-08   1.3521119E-07  -9.7152921E-08  -8.9283714E-09  -2.1470015E-04   5.4014240E-06   1.0598705E-04   3.9170649E-03   1.0902255E-04   4.5883270E-04   4.8444039E-04  -6.9053156E-05   1.6526031E-04  -1.8515647E-04  -2.4798698E-05   7.0254745E-05   3.8156284E-07   5.2008742E-09
 -6.7614813E-09   5.9499859E-08  -8.3801188E-09   2.2158285E-08  -1.2033916E-06   2.1468261E-07  -2.1412038E-07   1.1665154E-08   7.2366450E-04   1.5026373E-06  -3.0648826E-05   4.4250982E-04   2.1411157E-04  -2.6526244E-04  -1.3185418E-03   4.3530371E-06  -5.7756843E-07  -4.8634812E-05   4.1949055E-04   9.3538384E-04   5.2008742E-09   3.8650895E-07
