# omegabh2 omegach2 theta tau yhe logA ns calPlanck acib217 xi asz143 aps100 aps143 aps143217 aps217 aksz kgal100 kgal143 kgal143217 kgal217 galfTE100 galfTE100143 galfTE100217 galfTE143 galfTE143217 galfTE217 cal0 cal2
  3.2282230E-08  -4.9346259E-08   5.8149878E-08   2.7184963E-07   1.4230054E-06   8.8918820E-07   7.1000210E-07   3.1957281E-08   7.0590839E-05  -9.9607221E-07  -8.4207034E-06   2.2338306E-04   9.5671752E-05   2.7138434E-05  -1.7112431E-05   2.0943137E-05   1.0050362E-05   1.7794742E-05   2.4406504E-06  -3.4901699E-05  -1.3296719E-07  -1.4593931E-08   5.7884933E-08  -4.7907553E-07  -4.7131143E-07   6.9020381E-07  -2.9165254E-09  -1.9856716E-10
 -4.9346259E-08   8.6945465E-07  -3.2362664E-08  -2.0690417E-06   4.3145427E-07  -2.4656551E-06  -1.9330172E-06  -2.3370851E-07   1.7939536E-04  -7.0704086E-06  -7.4651659E-05   1.0860175E-03   6.0524390E-04   9.3261474E-05   4.7766330E-05   1.0818906E-04   2.9521632E-06  -1.7346375E-05   3.0098356E-05  -7.5076542E-06   8.4985923E-07   1.0381958E-06  -1.6644636E-07   2.7822774E-06   1.4990982E-06   3.4780178E-06   3.1977866E-09   1.7935001E-08
  5.8149878E-08  -3.2362664E-08   2.5497367E-07   6.6414726E-07   4.9807470E-06   2.4413606E-06   2.2736055E-06   2.1787728E-09   4.7498708E-04  -8.3561837E-06  -7.8492793E-05   1.8778894E-03   1.0264347E-03   3.5161254E-04  -8.0596969E-05   1.4872766E-04   5.1119929E-05   6.2322216E-05   5.5139982E-05  -9.8670248E-05   6.4651324E-08   4.8537661E-07  -7.4577793E-08  -6.6173002E-07   2.8300399E-09   3.5213834E-06  -1.4007083E-08   6.5851578E-09
  2.7184963E-07  -2.0690417E-06   6.6414726E-07   4.7330505E-05   1.0513115E-05   9.0866984E-05   1.0840992E-05  -4.7228047E-07  -7.4715107E-04   1.2346742E-05   1.1096856E-04  -2.6811482E-03  -1.1305103E-03  -1.7617582E-04   3.4277522E-04  -8.2289385E-05   2.8641695E-05   4.4915526E-04   3.9050203E-05   3.6925019E-04   2.9046346E-06  -7.6396047E-06   1.3380528E-05  -2.0669489E-05  -4.3902167E-06  -2.3459602E-05  -1.8929596E-07  -5.9765792E-08
  1.4230054E-06   4.3145427E-07   4.9807470E-06   1.0513115E-05   1.4688546E-04   5.5221120E-05   5.9171225E-05   2.8761362E-07   1.3716614E-02  -2.5349976E-04  -2.3615600E-03   5.4236146E-02   2.9909307E-02   9.4881357E-03  -1.7918768E-03   4.8769190E-03   1.6058826E-03   2.4695250E-03   1.9106157E-03  -2.5457498E-03   1.3674472E-06   1.0655275E-05   1.1281744E-05  -3.2834494E-06  -6.9312014E-06   1.3353549E-04  -4.5352293E-07   2.4603979E-07
  8.8918820E-07  -2.4656551E-06   2.4413606E-06   9.0866984E-05   5.5221120E-05   2.1100043E-04   3.0051402E-05   1.0037757E-05  -3.6307448E-05   4.7659159E-05  -5.0019400E-04   1.0172837E-02   8.0594869E-03   5.9457815E-03   8.0366562E-03   3.3991786E-04   2.2703434E-04   7.8307473E-04   7.0760293E-04   3.1582776E-03   7.7190133E-06  -1.0233952E-05   2.3057296E-05  -3.7327227E-05  -1.0551159E-05   9.5046358E-06  -3.3448009E-07  -5.0678631E-08
  7.1000210E-07  -1.9330172E-06   2.2736055E-06   1.0840992E-05   5.9171225E-05   3.0051402E-05   3.7921669E-05   6.3665449E-07   1.5686036E-03   3.9515277E-05  -2.5024072E-04   3.6072716E-03   7.2052643E-03   6.6106229E-03   3.5210446E-03   6.1775038E-06   9.7937792E-04   6.7601360E-04   2.1624906E-04  -2.8996227E-04  -3.2583282E-07   1.6423003E-06   9.3623085E-06  -6.0338207E-06  -5.6011326E-07   5.1704225E-05  -2.3450295E-07   2.3144243E-08
  3.1957281E-08  -2.3370851E-07   2.1787728E-09  -4.7228047E-07   2.8761362E-07   1.0037757E-05   6.3665449E-07   5.6688776E-06  -3.4311292E-04   2.8619082E-05  -6.5233450E-05   3.5427972E-03   1.2351681E-03   1.2334434E-03   2.4761900E-03  -3.0404474E-05   3.4660888E-05  -4.6390923E-05   2.4953303E-04   1.5710710E-03  -9.6980378E-08   1.2034976E-07  -1.4806756E-06   1.0642102E-07   5.0315005E-07   1.2300988E-05   2.3472657E-09   1.0301685E-09
  7.0590839E-05   1.7939536E-04   4.7498708E-04  -7.4715107E-04   1.3716614E-02  -3.6307448E-05   1.5686036E-03  -3.4311292E-04   4.5461911E+01  -4.2466687E-01  -1.5118682E+00   3.8695137E+01   4.1841004E+00  -1.3882530E+01  -5.6104713E+01   6.1322928E-01   2.6946384E-01   3.6154157E-01  -6.2607314E+00  -3.4121272E+01  -5.0033555E-03  -1.2698221E-03  -6.9516863E-03  -4.0050363E-03  -1.0683566E-02  -4.0202457E-02  -2.0755119E-04   6.8023722E-04
 -9.9607221E-07  -7.0704086E-06  -8.3561837E-06   1.2346742E-05  -2.5349976E-04   4.7659159E-05   3.9515277E-05   2.8619082E-05  -4.2466687E-01   8.1499591E-02  -3.6441629E-02  -6.3086982E-01   8.6896766E-01   1.6954390E+00   6.6000486E-01   2.1317794E-02   1.0572729E-02  -1.8082191E-03   1.0323011E-01   1.6130028E-01  -3.2481483E-05  -4.2655231E-04  -5.7492292E-04  -4.6368230E-04  -5.3634249E-05   6.8887286E-04   8.7212165E-07  -1.4418457E-06
 -8.4207034E-06  -7.4651659E-05  -7.8492793E-05   1.1096856E-04  -2.3615600E-03  -5.0019400E-04  -2.5024072E-04  -6.5233450E-05  -1.5118682E+00  -3.6441629E-02   3.8714575E+00  -3.1367709E+01  -4.1019821E+00   7.2365586E+00   5.7471017E+00  -2.6649014E+00  -2.3901401E-01   1.3349564E-01   2.6024119E+00   3.6070040E+00   6.5263941E-04  -9.5964985E-04   1.2338279E-03  -2.4652060E-03  -1.6770132E-04  -1.0311777E-02   1.4710890E-04  -3.7262033E-05
  2.2338306E-04   1.0860175E-03   1.8778894E-03  -2.6811482E-03   5.4236146E-02   1.0172837E-02   3.6072716E-03   3.5427972E-03   3.8695137E+01  -6.3086982E-01  -3.1367709E+01   7.6684842E+02   8.1711696E+01  -5.2486894E+01  -5.9998767E+01   1.5752971E+01  -6.5361706E+00   5.8989337E+00  -1.0857099E+01  -2.4760596E+01  -2.3701688E-02   2.2075867E-02   1.1656943E-02   3.3736702E-02   4.4212565E-03   1.4936638E-01   2.8523258E-03   3.4520645E-04
  9.5671752E-05   6.0524390E-04   1.0264347E-03  -1.1305103E-03   2.9909307E-02   8.0594869E-03   7.2052643E-03   1.2351681E-03   4.1841004E+00   8.6896766E-01  -4.1019821E+00   8.1711696E+01   6.5511879E+01   4.0832434E+01   1.4727675E+01  -3.6018349E+00   1.9759869E-01  -8.1987574E-01   3.1291865E+00   2.5248196E+00  -2.8221845E-03   3.0055004E-04   1.3636637E-02  -2.7966058E-03   2.7222141E-03  -2.7975329E-02  -5.6601447E-05   2.7984151E-05
  2.7138434E-05   9.3261474E-05   3.5161254E-04  -1.7617582E-04   9.4881357E-03   5.9457815E-03   6.6106229E-03   1.2334434E-03  -1.3882530E+01   1.6954390E+00   7.2365586E+00  -5.2486894E+01   4.0832434E+01   8.5549015E+01   5.4697215E+01  -1.1154081E+01  -1.2075825E-01  -6.8179236E-01   4.8880091E+00   9.0894975E+00   2.3875325E-03  -9.6044976E-03  -5.4228349E-03  -5.7302982E-03  -5.5634220E-03  -3.7465321E-02   3.6908310E-04  -3.7087900E-04
 -1.7112431E-05   4.7766330E-05  -8.0596969E-05   3.4277522E-04  -1.7918768E-03   8.0366562E-03   3.5210446E-03   2.4761900E-03  -5.6104713E+01   6.6000486E-01   5.7471017E+00  -5.9998767E+01   1.4727675E+01   5.4697215E+01   1.0590898E+02  -9.2747624E+00  -3.5220965E-01  -8.5687305E-01   6.4660904E+00   3.5373587E+01   5.6089059E-03  -2.2067059E-04  -2.4254404E-03   1.0538801E-02   1.3329294E-02   2.5420422E-02   4.4758108E-04  -1.3132334E-03
  2.0943137E-05   1.0818906E-04   1.4872766E-04  -8.2289385E-05   4.8769190E-03   3.3991786E-04   6.1775038E-06  -3.0404474E-05   6.1322928E-01   2.1317794E-02  -2.6649014E+00   1.5752971E+01  -3.6018349E+00  -1.1154081E+01  -9.2747624E+00   5.6560805E+00   1.0681920E-01  -1.5535282E-01  -1.9298941E+00  -2.3105842E+00   1.1173021E-03   1.7404174E-03  -5.8434002E-03   1.8824327E-03   1.6813791E-03   2.5436454E-02  -1.2241562E-04   5.3950667E-05
  1.0050362E-05   2.9521632E-06   5.1119929E-05   2.8641695E-05   1.6058826E-03   2.2703434E-04   9.7937792E-04   3.4660888E-05   2.6946384E-01   1.0572729E-02  -2.3901401E-01  -6.5361706E+00   1.9759869E-01  -1.2075825E-01  -3.5220965E-01   1.0681920E-01   3.3125678E+00   4.7383129E-01  -9.7598993E-03  -2.1324294E-01   1.0814469E-03  -6.6464545E-04   2.0474651E-03  -1.8779503E-03  -2.5297959E-03   9.8370552E-03   1.4403585E-04  -1.2695225E-05
  1.7794742E-05  -1.7346375E-05   6.2322216E-05   4.4915526E-04   2.4695250E-03   7.8307473E-04   6.7601360E-04  -4.6390923E-05   3.6154157E-01  -1.8082191E-03   1.3349564E-01   5.8989337E+00  -8.1987574E-01  -6.8179236E-01  -8.5687305E-01  -1.5535282E-01   4.7383129E-01   3.2644349E+00   2.8443996E+00   3.0038844E+00   1.2071469E-03  -4.9862855E-04   1.3548640E-03  -2.9961646E-03   9.6434400E-04   1.3790616E-02  -2.1718234E-04  -4.6728006E-05
  2.4406504E-06   3.0098356E-05   5.5139982E-05   3.9050203E-05   1.9106157E-03   7.0760293E-04   2.1624906E-04   2.4953303E-04  -6.2607314E+00   1.0323011E-01   2.6024119E+00  -1.0857099E+01   3.1291865E+00   4.8880091E+00   6.4660904E+00  -1.9298941E+00  -9.7598993E-03   2.8443996E+00   1.0598639E+01   1.9094155E+01   1.1610863E-03   7.5093015E-06   8.2889590E-03  -7.3298738E-03   1.2154543E-03   1.1797683E-02  -1.2407363E-05   3.8932789E-04
 -3.4901699E-05  -7.5076542E-06  -9.8670248E-05   3.6925019E-04  -2.5457498E-03   3.1582776E-03  -2.8996227E-04   1.5710710E-03  -3.4121272E+01   1.6130028E-01   3.6070040E+00  -2.4760596E+01   2.5248196E+00   9.0894975E+00   3.5373587E+01  -2.3105842E+00  -2.1324294E-01   3.0038844E+00   1.9094155E+01   5.3357638E+01   3.9444907E-03   1.8232777E-03   2.2233369E-02  -6.2382529E-03   2.5344802E-03   4.2792562E-02   1.1793335E-04   9.3519860E-04
 -1.3296719E-07   8.4985923E-07   6.4651324E-08   2.9046346E-06   1.3674472E-06   7.7190133E-06  -3.2583282E-07  -9.6980378E-08  -5.0033555E-03  -3.2481483E-05   6.5263941E-04  -2.3701688E-02  -2.8221845E-03   2.3875325E-03   5.6089059E-03   1.1173021E-03   1.0814469E-03   1.2071469E-03   1.1610863E-03   3.9444907E-03   1.4269420E-03   2.7331692E-04   1.4128693E-04  -3.7149159E-04  -1.6369269E-05   5.8596133E-05  -1.7589717E-07  -6.7447269E-08
 -1.4593931E-08   1.0381958E-06   4.8537661E-07  -7.6396047E-06   1.0655275E-05  -1.0233952E-05   1.6423003E-06   1.2034976E-07  -1.2698221E-03  -4.2655231E-04  -9.5964985E-04   2.2075867E-02   3.0055004E-04  -9.6044976E-03  -2.2067059E-04   1.7404174E-03  -6.6464545E-04  -4.9862855E-04   7.5093015E-06   1.8232777E-03   2.7331692E-04   8.7511042E-04   5.8234845E-05   7.2849732E-04   4.2224338E-05  -6.8828751E-04  -1.0737219E-07  -3.0199145E-07
  5.7884933E-08  -1.6644636E-07  -7.4577793E-08   1.3380528E-05   1.1281744E-05   2.3057296E-05   9.3623085E-06  -1.4806756E-06  -6.9516863E-03  -5.7492292E-04   1.2338279E-03   1.1656943E-02   1.3636637E-02  -5.4228349E-03  -2.4254404E-03  -5.8434002E-03   2.0474651E-03   1.3548640E-03   8.2889590E-03   2.2233369E-02   1.4128693E-04   5.8234845E-05   7.4682171E-03  -2.6865752E-04   5.6459431E-04   4.4843196E-03  -1.4927009E-07   2.3006069E-07
 -4.7907553E-07   2.7822774E-06  -6.6173002E-07  -2.0669489E-05  -3.2834494E-06  -3.7327227E-05  -6.0338207E-06   1.0642102E-07  -4.0050363E-03  -4.6368230E-04  -2.4652060E-03   3.3736702E-02  -2.7966058E-03  -5.7302982E-03   1.0538801E-02   1.8824327E-03  -1.8779503E-03  -2.9961646E-03  -7.3298738E-03  -6.2382529E-03  -3.7149159E-04   7.2849732E-04  -2.6865752E-04   2.8810433E-03   4.8512786E-04  -1.1110672E-03   2.1108169E-08   4.5964806E-07
 -4.7131143E-07   1.4990982E-06   2.8300399E-09  -4.3902167E-06  -6.9312014E-06  -1.0551159E-05  -5.6011326E-07   5.0315005E-07  -1.0683566E-02  -5.3634249E-05  -1.6770132E-04   4.4212565E-03   2.7222141E-03  -5.5634220E-03   1.3329294E-02   1.6813791E-03  -2.5297959E-03   9.6434400E-04   1.2154543E-03   2.5344802E-03  -1.6369269E-05   4.2224338E-05   5.6459431E-04   4.8512786E-04   6.2724591E-03   7.1347538E-03  -1.0797558E-06  -2.9634768E-07
  6.9020381E-07   3.4780178E-06   3.5213834E-06  -2.3459602E-05   1.3353549E-04   9.5046358E-06   5.1704225E-05   1.2300988E-05  -4.0202457E-02   6.8887286E-04  -1.0311777E-02   1.4936638E-01  -2.7975329E-02  -3.7465321E-02   2.5420422E-02   2.5436454E-02   9.8370552E-03   1.3790616E-02   1.1797683E-02   4.2792562E-02   5.8596133E-05  -6.8828751E-04   4.4843196E-03  -1.1110672E-03   7.1347538E-03   7.1790067E-02   3.9973142E-06   6.8033879E-07
 -2.9165254E-09   3.1977866E-09  -1.4007083E-08  -1.8929596E-07  -4.5352293E-07  -3.3448009E-07  -2.3450295E-07   2.3472657E-09  -2.0755119E-04   8.7212165E-07   1.4710890E-04   2.8523258E-03  -5.6601447E-05   3.6908310E-04   4.4758108E-04  -1.2241562E-04   1.4403585E-04  -2.1718234E-04  -1.2407363E-05   1.1793335E-04  -1.7589717E-07  -1.0737219E-07  -1.4927009E-07   2.1108169E-08  -1.0797558E-06   3.9973142E-06   3.7135905E-07   1.0477494E-08
 -1.9856716E-10   1.7935001E-08   6.5851578E-09  -5.9765792E-08   2.4603979E-07  -5.0678631E-08   2.3144243E-08   1.0301685E-09   6.8023722E-04  -1.4418457E-06  -3.7262033E-05   3.4520645E-04   2.7984151E-05  -3.7087900E-04  -1.3132334E-03   5.3950667E-05  -1.2695225E-05  -4.6728006E-05   3.8932789E-04   9.3519860E-04  -6.7447269E-08  -3.0199145E-07   2.3006069E-07   4.5964806E-07  -2.9634768E-07   6.8033879E-07   1.0477494E-08   3.8511638E-07
