# omegabh2 omegach2 theta tau Alens logA ns calPlanck aps100 aps143 aps217 acib217 asz143 psr cibr xi aksz dust100 dust143 dust217 dust143x217 cal0 cal2
  6.3517628E-08  -2.8881147E-07   5.9625031E-08   2.9548585E-07   1.4006256E-05   1.3167334E-07   9.7998755E-07   2.5008414E-08  -9.2923844E-04  -7.1098444E-04   3.1539337E-04  -3.9819510E-04   4.6775832E-05   4.0559630E-06  -7.0910075E-06   3.0364361E-06  -1.0827493E-04   3.0753749E-08  -3.2253559E-06   1.5143558E-06  -2.2259833E-06   1.5061535E-08  -3.2972909E-08
 -2.8881147E-07   3.8807990E-06  -4.2093289E-07  -3.2098821E-06  -1.0342858E-04   2.5826477E-06  -9.6844335E-06   4.2711683E-08   7.4561419E-04   2.6978829E-03  -9.8726791E-04   1.4432579E-03  -1.6620257E-04  -1.1798650E-05   3.2634787E-05  -1.2213363E-05   3.5431554E-04  -2.5030670E-06   2.3297011E-06  -4.7550198E-06   1.3381735E-06  -1.3644153E-07   1.8052303E-07
  5.9625031E-08  -4.2093289E-07   2.2807832E-07   2.2432770E-07   1.8640203E-05  -3.6019999E-07   1.4279476E-06  -3.1104630E-08  -7.2177186E-04  -4.9381403E-04   2.4046764E-04  -3.0344977E-04   3.0148103E-05   3.0388275E-06  -5.9115324E-06   3.2284412E-06  -6.9226733E-05   3.3975293E-06  -3.8032357E-07  -2.7702362E-07  -1.4881783E-06   1.6679512E-08  -7.5391546E-08
  2.9548585E-07  -3.2098821E-06   2.2432770E-07   7.8356050E-05  -1.2792536E-04   1.4498471E-04   1.0425422E-05  -1.6196821E-06  -1.0043488E-02  -6.6754497E-03   2.1805047E-03  -1.7242754E-03   1.2032289E-03   2.7680288E-05   1.2373244E-04   4.0376606E-05  -9.4699230E-04   6.3488677E-06   9.1915433E-06   2.5836385E-05  -2.8825146E-05   1.8190377E-07   4.1163484E-07
  1.4006256E-05  -1.0342858E-04   1.8640203E-05  -1.2792536E-04   9.3354067E-03  -4.9313334E-04   3.2719176E-04  -1.4014944E-05  -2.7633377E-01  -2.1974767E-01   8.9307056E-02  -1.2580686E-01   4.8751946E-03   1.0114157E-03  -3.2460281E-03   2.4212646E-04  -2.6901906E-02   8.3930457E-05  -8.3523692E-04   2.3806787E-04  -7.8771833E-04   2.3844852E-06  -1.6942352E-05
  1.3167334E-07   2.5826477E-06  -3.6019999E-07   1.4498471E-04  -4.9313334E-04   3.1538034E-04  -2.8094524E-06   8.7565566E-06  -1.4971098E-02  -6.1878702E-03   1.0421613E-02  -2.4260398E-03   2.2640686E-03   6.3996971E-05   2.2749189E-04   1.2999986E-04  -2.0432778E-03  -5.8140258E-06  -8.6581050E-05   7.8120893E-05  -3.5642176E-05   9.3095484E-07   1.2200693E-06
  9.7998755E-07  -9.6844335E-06   1.4279476E-06   1.0425422E-05   3.2719176E-04  -2.8094524E-06   3.6874847E-05  -1.6746172E-07  -2.9920929E-02  -1.5404901E-02   1.2246445E-02  -1.1049177E-02   1.0095380E-03   1.1493155E-04  -2.1566503E-04   9.6887836E-05  -3.2315197E-03   5.8280705E-05  -6.7609906E-05   5.5422129E-05  -2.8503016E-05   3.9690497E-08  -7.3864403E-07
  2.5008414E-08   4.2711683E-08  -3.1104630E-08  -1.6196821E-06  -1.4014944E-05   8.7565566E-06  -1.6746172E-07   5.9243118E-06   3.2010083E-03   8.3487972E-04   1.3242043E-03   3.1521955E-04   8.4018432E-05   1.9010492E-06  -1.3045638E-05   2.2428024E-05   3.9893083E-05   7.4508808E-06  -9.3457792E-06   1.4469877E-05   2.1588965E-05   1.4155132E-07   6.7198379E-08
 -9.2923844E-04   7.4561419E-04  -7.2177186E-04  -1.0043488E-02  -2.7633377E-01  -1.4971098E-02  -2.9920929E-02   3.2010083E-03   6.1815854E+02   6.2868998E+01  -5.6322512E+01   3.2489456E+01  -2.6045089E+01  -9.7750225E-01  -3.4422748E-01  -2.9591885E-01   1.3218745E+01  -1.6809479E-01   4.9156266E-01  -2.8296388E-01  -6.6833980E-02   5.9641695E-03   2.2148297E-03
 -7.1098444E-04   2.6978829E-03  -4.9381403E-04  -6.6754497E-03  -2.1974767E-01  -6.1878702E-03  -1.5404901E-02   8.3487972E-04   6.2868998E+01   6.8474822E+01   7.1574666E+00   8.1850023E+00  -7.9230683E-01  -1.0240297E-01   4.0903163E-01   9.5192233E-01  -5.4578330E+00  -3.5504558E-04  -1.7944641E-01  -2.6998759E-03   4.9065546E-02   9.4612189E-04   1.4651635E-04
  3.1539337E-04  -9.8726791E-04   2.4046764E-04   2.1805047E-03   8.9307056E-02   1.0421613E-02   1.2246445E-02   1.3242043E-03  -5.6322512E+01   7.1574666E+00   1.7323113E+02  -8.1110436E+01   3.5320906E+00   2.6252009E-01  -9.0889689E-01   4.0482960E-01  -8.1969088E+00  -4.8621880E-03  -3.1821608E-01   5.4880286E-01  -1.5818921E-01   2.0217659E-03  -7.5496601E-03
 -3.9819510E-04   1.4432579E-03  -3.0344977E-04  -1.7242754E-03  -1.2580686E-01  -2.4260398E-03  -1.1049177E-02   3.1521955E-04   3.2489456E+01   8.1850023E+00  -8.1110436E+01   4.9937142E+01   8.0097121E-01  -9.8210350E-03   6.5576094E-01  -2.5149373E-01  -7.1906087E-01  -1.5310022E-03   1.6351965E-01  -4.3420530E-01  -3.3956969E-02  -6.4663041E-04   3.2593093E-03
  4.6775832E-05  -1.6620257E-04   3.0148103E-05   1.2032289E-03   4.8751946E-03   2.2640686E-03   1.0095380E-03   8.4018432E-05  -2.6045089E+01  -7.9230683E-01   3.5320906E+00   8.0097121E-01   4.3341975E+00   1.2073871E-01   1.6428588E-01  -8.7812193E-04  -3.2856167E+00  -4.3970920E-03  -1.0627506E-02   2.1804629E-02   5.7208701E-02   5.2969762E-04  -1.3322693E-04
  4.0559630E-06  -1.1798650E-05   3.0388275E-06   2.7680288E-05   1.0114157E-03   6.3996971E-05   1.1493155E-04   1.9010492E-06  -9.7750225E-01  -1.0240297E-01   2.6252009E-01  -9.8210350E-03   1.2073871E-01   1.9272619E-02  -1.6069282E-02   1.2085790E-02  -1.1995467E-01   3.3556296E-04  -6.7414783E-04  -2.5480956E-03   4.7854350E-03   1.7087934E-05  -2.2053360E-05
 -7.0910075E-06   3.2634787E-05  -5.9115324E-06   1.2373244E-04  -3.2460281E-03   2.2749189E-04  -2.1566503E-04  -1.3045638E-05  -3.4422748E-01   4.0903163E-01  -9.0889689E-01   6.5576094E-01   1.6428588E-01  -1.6069282E-02   7.0701651E-02   7.0211019E-03  -1.0735056E-01  -9.0615186E-04   6.5436804E-03  -4.8010011E-04  -1.6755345E-02   4.1714879E-06   9.0292240E-05
  3.0364361E-06  -1.2213363E-05   3.2284412E-06   4.0376606E-05   2.4212646E-04   1.2999986E-04   9.6887836E-05   2.2428024E-05  -2.9591885E-01   9.5192233E-01   4.0482960E-01  -2.5149373E-01  -8.7812193E-04   1.2085790E-02   7.0211019E-03   8.2616339E-02   5.0030118E-03  -4.9259453E-04   7.2211082E-04   1.0302805E-03   4.6569595E-05   2.6017397E-05  -1.0144365E-05
 -1.0827493E-04   3.5431554E-04  -6.9226733E-05  -9.4699230E-04  -2.6901906E-02  -2.0432778E-03  -3.2315197E-03   3.9893083E-05   1.3218745E+01  -5.4578330E+00  -8.1969088E+00  -7.1906087E-01  -3.2856167E+00  -1.1995467E-01  -1.0735056E-01   5.0030118E-03   6.4350467E+00  -6.8891769E-03   1.9788557E-02  -1.3299595E-02  -4.2662479E-02  -4.4562928E-04   1.0152537E-04
  3.0753749E-08  -2.5030670E-06   3.3975293E-06   6.3488677E-06   8.3930457E-05  -5.8140258E-06   5.8280705E-05   7.4508808E-06  -1.6809479E-01  -3.5504558E-04  -4.8621880E-03  -1.5310022E-03  -4.3970920E-03   3.3556296E-04  -9.0615186E-04  -4.9259453E-04  -6.8891769E-03   3.7059421E-02   2.7599006E-03   2.5830092E-04   1.2971871E-03   3.1060197E-05   9.2167409E-07
 -3.2253559E-06   2.3297011E-06  -3.8032357E-07   9.1915433E-06  -8.3523692E-04  -8.6581050E-05  -6.7609906E-05  -9.3457792E-06   4.9156266E-01  -1.7944641E-01  -3.1821608E-01   1.6351965E-01  -1.0627506E-02  -6.7414783E-04   6.5436804E-03   7.2211082E-04   1.9788557E-02   2.7599006E-03   2.9628944E-02   9.4794716E-05   6.9217826E-03  -7.3117843E-05  -2.8178966E-05
  1.5143558E-06  -4.7550198E-06  -2.7702362E-07   2.5836385E-05   2.3806787E-04   7.8120893E-05   5.5422129E-05   1.4469877E-05  -2.8296388E-01  -2.6998759E-03   5.4880286E-01  -4.3420530E-01   2.1804629E-02  -2.5480956E-03  -4.8010011E-04   1.0302805E-03  -1.3299595E-02   2.5830092E-04   9.4794716E-05   1.0194427E-02   8.2962659E-03   7.8502545E-06   5.3750215E-05
 -2.2259833E-06   1.3381735E-06  -1.4881783E-06  -2.8825146E-05  -7.8771833E-04  -3.5642176E-05  -2.8503016E-05   2.1588965E-05  -6.6833980E-02   4.9065546E-02  -1.5818921E-01  -3.3956969E-02   5.7208701E-02   4.7854350E-03  -1.6755345E-02   4.6569595E-05  -4.2662479E-02   1.2971871E-03   6.9217826E-03   8.2962659E-03   2.6615677E-02  -1.3179241E-06   6.0296420E-05
  1.5061535E-08  -1.3644153E-07   1.6679512E-08   1.8190377E-07   2.3844852E-06   9.3095484E-07   3.9690497E-08   1.4155132E-07   5.9641695E-03   9.4612189E-04   2.0217659E-03  -6.4663041E-04   5.2969762E-04   1.7087934E-05   4.1714879E-06   2.6017397E-05  -4.4562928E-04   3.1060197E-05  -7.3117843E-05   7.8502545E-06  -1.3179241E-06   1.1050650E-06   6.6050843E-08
 -3.2972909E-08   1.8052303E-07  -7.5391546E-08   4.1163484E-07  -1.6942352E-05   1.2200693E-06  -7.3864403E-07   6.7198379E-08   2.2148297E-03   1.4651635E-04  -7.5496601E-03   3.2593093E-03  -1.3322693E-04  -2.2053360E-05   9.0292240E-05  -1.0144365E-05   1.0152537E-04   9.2167409E-07  -2.8178966E-05   5.3750215E-05   6.0296420E-05   6.6050843E-08   2.4116971E-06
