# omegabh2 omegach2 theta mnu logA ns
  2.4636674E-07   5.2096393E-07  -1.9779668E-09   4.7088552E-06  -3.1365001E-06  -9.8322312E-08
  5.2096393E-07   4.5007446E-04   1.7995897E-07   1.3165149E-02  -3.3842335E-03  -7.2845892E-05
 -1.9779668E-09   1.7995897E-07   3.6034015E-07   1.4778758E-05  -9.9171607E-08   6.5870700E-08
  4.7088552E-06   1.3165149E-02   1.4778758E-05   5.5522161E-01  -8.7045575E-02   5.1259146E-04
 -3.1365001E-06  -3.3842335E-03  -9.9171607E-08  -8.7045575E-02   2.7594742E-02   1.0017590E-03
 -9.8322312E-08  -7.2845892E-05   6.5870700E-08   5.1259146E-04   1.0017590E-03   3.9697890E-04
