# omegabh2 omegach2 theta tau nnu logA ns calPlanck acib217 xi asz143 aps100 aps143 aps143217 aps217 aksz kgal100 kgal143 kgal143217 kgal217 cal0 cal2
  6.9811464E-08   2.0129246E-07   1.2717860E-09   6.3686498E-07   3.3095009E-05   2.0221757E-06   1.9674310E-06   1.3567166E-08   2.4575129E-05  -1.0371484E-06   4.1144923E-06   1.2718635E-04  -9.0987938E-05  -7.8998456E-05  -8.4526225E-05   1.3252169E-05   1.7450158E-05   1.0991823E-05   6.7981148E-07  -1.2417708E-05   8.7943349E-10   6.0621823E-10
  2.0129246E-07   8.5922369E-06  -7.9702418E-07  -3.3755413E-07   3.9714907E-04   2.1839825E-05   8.6034673E-06  -7.4530866E-08   1.7872274E-03  -4.5042849E-05  -4.2520895E-04   7.7812966E-03   4.9871293E-03   1.5536865E-03   4.6317743E-04   6.7281292E-04   5.5833343E-05   1.0140810E-04   1.8539990E-04  -4.1054836E-04  -2.5675296E-08   2.2371541E-08
  1.2717860E-09  -7.9702418E-07   2.5803594E-07   1.3190472E-07  -3.7655962E-05  -1.6290144E-06  -5.5779137E-07   1.9788871E-08  -1.3952728E-04   2.6603980E-06   4.2984516E-05  -6.0899113E-04  -5.4840562E-04  -2.1196155E-04  -1.4003781E-04  -6.6113032E-05   7.2678105E-06  -6.4380122E-07  -4.1675918E-05  -1.8337754E-06   5.6845942E-11  -6.3771381E-09
  6.3686498E-07  -3.3755413E-07   1.3190472E-07   6.2634462E-05   2.9102193E-04   1.2439211E-04   2.3561086E-05  -6.7862431E-07  -5.6608567E-04   7.7780274E-06   7.7924614E-05  -4.6875668E-03  -2.1262925E-03  -1.2775141E-03  -9.5304345E-04  -3.7005641E-04   1.8169350E-04  -6.0113339E-05  -2.8018764E-04  -5.5275517E-04   3.6840214E-08  -2.5508133E-08
  3.3095009E-05   3.9714907E-04  -3.7655962E-05   2.9102193E-04   3.4810234E-02   1.7016923E-03   1.5331544E-03   2.6863744E-06   1.5245902E-01  -3.2507160E-03  -3.4889966E-02   6.9483185E-01   3.4710706E-01   7.4798579E-02  -3.2911825E-02   6.0945300E-02   1.2187875E-02   1.5277795E-02   1.8983530E-02  -2.8035349E-02   3.9371132E-07   3.4413694E-06
  2.0221757E-06   2.1839825E-05  -1.6290144E-06   1.2439211E-04   1.7016923E-03   3.3572398E-04   7.3562514E-05   1.1125069E-05   4.0272048E-03  -5.3443925E-05  -1.0162728E-03   1.5516362E-02   1.0536294E-02   4.7370910E-03   4.8325916E-03   1.9659867E-04   1.1417556E-04  -3.5778760E-04  -6.6270242E-04  -1.2682077E-03   1.1226578E-07  -2.3990679E-09
  1.9674310E-06   8.6034673E-06  -5.5779137E-07   2.3561086E-05   1.5331544E-03   7.3562514E-05   9.7972428E-05   4.1889037E-07   2.6198530E-03  -4.4106333E-05  -4.4906019E-04   8.2273434E-03   6.8336102E-03   3.3633409E-03   8.8056790E-04   3.7207613E-04   9.8475631E-04   4.6414422E-04   5.2836837E-04   8.8874898E-05  -7.2755678E-08   7.2989117E-08
  1.3567166E-08  -7.4530866E-08   1.9788871E-08  -6.7862431E-07   2.6863744E-06   1.1125069E-05   4.1889037E-07   6.2638262E-06   9.6022181E-04   7.6465170E-06  -4.5768083E-06   3.8643822E-03   7.2721491E-04   7.4263862E-04   1.1843509E-03  -7.5712833E-05  -3.3896923E-05   2.6010671E-05   1.3375187E-06   5.5625606E-04  -2.4500422E-08  -7.6735844E-09
  2.4575129E-05   1.7872274E-03  -1.3952728E-04  -5.6608567E-04   1.5245902E-01   4.0272048E-03   2.6198530E-03   9.6022181E-04   4.5470861E+01  -3.6405000E-01  -1.1434979E+00   4.0044972E+01   3.9789513E+00  -1.1816867E+01  -5.4596694E+01   2.8440986E-01   3.3775778E-01   5.9294558E-01  -5.9379921E+00  -3.4118973E+01  -2.3308657E-04   7.9453549E-04
 -1.0371484E-06  -4.5042849E-05   2.6603980E-06   7.7780274E-06  -3.2507160E-03  -5.3443925E-05  -4.4106333E-05   7.6465170E-06  -3.6405000E-01   8.1491945E-02  -4.3822354E-02  -5.2781478E-01   8.5749586E-01   1.6124627E+00   5.5307210E-01   3.8210258E-02  -5.0660212E-03   2.1739177E-02   1.1867335E-01   1.6061902E-01   4.5730977E-06  -3.2379262E-08
  4.1144923E-06  -4.2520895E-04   4.2984516E-05   7.7924614E-05  -3.4889966E-02  -1.0162728E-03  -4.4906019E-04  -4.5768083E-06  -1.1434979E+00  -4.3822354E-02   3.9314144E+00  -3.0002088E+01  -3.8484266E+00   7.6670493E+00   5.4602902E+00  -2.8718268E+00  -2.1544756E-01   9.1465236E-02   2.5304873E+00   3.2375112E+00   1.1517851E-04  -5.6171155E-05
  1.2718635E-04   7.7812966E-03  -6.0899113E-04  -4.6875668E-03   6.9483185E-01   1.5516362E-02   8.2273434E-03   3.8643822E-03   4.0044972E+01  -5.2781478E-01  -3.0002088E+01   7.8674220E+02   7.8371828E+01  -4.7195847E+01  -5.7008445E+01   1.4712192E+01  -5.9599942E+00   6.3800568E+00  -1.0627283E+01  -2.4575549E+01   4.1710017E-03   7.1298007E-04
 -9.0987938E-05   4.9871293E-03  -5.4840562E-04  -2.1262925E-03   3.4710706E-01   1.0536294E-02   6.8336102E-03   7.2721491E-04   3.9789513E+00   8.5749586E-01  -3.8484266E+00   7.8371828E+01   6.6703763E+01   4.0734823E+01   1.4704306E+01  -4.1056926E+00  -4.9201585E-01  -9.5528358E-01   4.3031053E+00   5.2296966E+00   7.8085655E-05   2.5823051E-04
 -7.8998456E-05   1.5536865E-03  -2.1196155E-04  -1.2775141E-03   7.4798579E-02   4.7370910E-03   3.3633409E-03   7.4263862E-04  -1.1816867E+01   1.6124627E+00   7.6670493E+00  -4.7195847E+01   4.0734823E+01   8.3880324E+01   5.1441306E+01  -1.1947930E+01  -9.9340718E-01  -4.3065056E-01   5.5276628E+00   9.2141690E+00   4.8225434E-04  -3.1836112E-04
 -8.4526225E-05   4.6317743E-04  -1.4003781E-04  -9.5304345E-04  -3.2911825E-02   4.8325916E-03   8.8056790E-04   1.1843509E-03  -5.4596694E+01   5.5307210E-01   5.4602902E+00  -5.7008445E+01   1.4704306E+01   5.1441306E+01   1.0197347E+02  -9.4336533E+00  -1.0042707E+00  -1.2332808E+00   5.8935893E+00   3.4433520E+01   5.0521081E-04  -1.4156027E-03
  1.3252169E-05   6.7281292E-04  -6.6113032E-05  -3.7005641E-04   6.0945300E-02   1.9659867E-04   3.7207613E-04  -7.5712833E-05   2.8440986E-01   3.8210258E-02  -2.8718268E+00   1.4712192E+01  -4.1056926E+00  -1.1947930E+01  -9.4336533E+00   6.1772054E+00   1.8740311E-01  -1.4777587E-01  -2.1041393E+00  -2.5969149E+00  -6.4002065E-05   2.0544261E-05
  1.7450158E-05   5.5833343E-05   7.2678105E-06   1.8169350E-04   1.2187875E-02   1.1417556E-04   9.8475631E-04  -3.3896923E-05   3.3775778E-01  -5.0660212E-03  -2.1544756E-01  -5.9599942E+00  -4.9201585E-01  -9.9340718E-01  -1.0042707E+00   1.8740311E-01   3.3005702E+00   6.2232532E-01   2.4163723E-01   1.5532202E-01   1.6371050E-04   1.0594596E-05
  1.0991823E-05   1.0140810E-04  -6.4380122E-07  -6.0113339E-05   1.5277795E-02  -3.5778760E-04   4.6414422E-04   2.6010671E-05   5.9294558E-01   2.1739177E-02   9.1465236E-02   6.3800568E+00  -9.5528358E-01  -4.3065056E-01  -1.2332808E+00  -1.4777587E-01   6.2232532E-01   3.2308173E+00   2.7863759E+00   2.8088984E+00  -1.7356152E-04  -2.8944528E-05
  6.7981148E-07   1.8539990E-04  -4.1675918E-05  -2.8018764E-04   1.8983530E-02  -6.6270242E-04   5.2836837E-04   1.3375187E-06  -5.9379921E+00   1.1867335E-01   2.5304873E+00  -1.0627283E+01   4.3031053E+00   5.5276628E+00   5.8935893E+00  -2.1041393E+00   2.4163723E-01   2.7863759E+00   1.0903328E+01   1.9501300E+01  -1.8245834E-05   3.7707064E-04
 -1.2417708E-05  -4.1054836E-04  -1.8337754E-06  -5.5275517E-04  -2.8035349E-02  -1.2682077E-03   8.8874898E-05   5.5625606E-04  -3.4118973E+01   1.6061902E-01   3.2375112E+00  -2.4575549E+01   5.2296966E+00   9.2141690E+00   3.4433520E+01  -2.5969149E+00   1.5532202E-01   2.8088984E+00   1.9501300E+01   5.4246771E+01   1.0846594E-04   8.0021853E-04
  8.7943349E-10  -2.5675296E-08   5.6845942E-11   3.6840214E-08   3.9371132E-07   1.1226578E-07  -7.2755678E-08  -2.4500422E-08  -2.3308657E-04   4.5730977E-06   1.1517851E-04   4.1710017E-03   7.8085655E-05   4.8225434E-04   5.0521081E-04  -6.4002065E-05   1.6371050E-04  -1.7356152E-04  -1.8245834E-05   1.0846594E-04   3.9163167E-07   2.7177889E-10
  6.0621823E-10   2.2371541E-08  -6.3771381E-09  -2.5508133E-08   3.4413694E-06  -2.3990679E-09   7.2989117E-08  -7.6735844E-09   7.9453549E-04  -3.2379262E-08  -5.6171155E-05   7.1298007E-04   2.5823051E-04  -3.1836112E-04  -1.4156027E-03   2.0544261E-05   1.0594596E-05  -2.8944528E-05   3.7707064E-04   8.0021853E-04   2.7177889E-10   3.7216622E-07
