# omegabh2 omegach2 theta tau yhe logA ns calPlanck acib217 xi asz143 aps100 aps143 aps143217 aps217 aksz kgal100 kgal143 kgal143217 kgal217 cal0 cal2
  6.2291165E-08  -3.9580162E-08   1.1409178E-07   2.8365480E-07   2.8236390E-06   1.3121148E-06   1.3495888E-06   1.3563067E-08   8.9283081E-05  -8.1397559E-07  -4.9496469E-06   3.3821870E-04   1.9830491E-04   1.0889395E-04   2.0783248E-05   1.3908260E-05   1.8074600E-05   1.1473688E-05   2.2707801E-05   4.7680434E-06  -4.4742698E-09   3.1961391E-09
 -3.9580162E-08   1.2090603E-06   3.9406217E-09  -2.3548809E-06   1.3469397E-06  -2.1209748E-06  -2.0166391E-06  -3.0227121E-07   1.8883709E-04  -8.1736296E-06  -8.7033916E-06   2.9900940E-04   4.9938374E-04   2.1381717E-04   7.7861015E-05   8.4235387E-05  -1.3432292E-05   1.5975261E-05   2.7002493E-05  -4.3658303E-05  -2.2363660E-08   1.6898387E-08
  1.1409178E-07   3.9406217E-09   5.4055043E-07   4.9594114E-07   1.1104937E-05   3.9387206E-06   4.5705944E-06  -2.7561095E-08   8.5718968E-04  -1.6246422E-05  -2.0883648E-04   3.7958190E-03   2.4377522E-03   8.6697918E-04   1.5126510E-04   3.3704555E-04   5.0265272E-05   5.4683470E-05   5.9133869E-05  -1.7042937E-04  -2.2080849E-08   2.1730308E-08
  2.8365480E-07  -2.3548809E-06   4.9594114E-07   4.4146386E-05   5.9573360E-06   8.1940653E-05   1.0505402E-05  -6.3088714E-07  -5.1619816E-04   4.0464589E-06  -4.2521160E-05  -1.0853069E-03  -2.7020665E-03  -2.2566891E-03  -1.7555093E-03  -1.7701212E-04   3.7121814E-04   1.6626426E-04   1.8497402E-04   4.8773532E-04  -1.0724805E-07  -9.2253737E-10
  2.8236390E-06   1.3469397E-06   1.1104937E-05   5.9573360E-06   3.3927500E-04   9.8777936E-05   1.3045281E-04  -1.2585182E-06   2.4360133E-02  -5.2303746E-04  -5.9848306E-03   1.1701525E-01   7.5552256E-02   2.8960382E-02   9.1540283E-03   9.7492620E-03   1.6984646E-03   1.5475537E-03   2.0702995E-03  -4.4434112E-03  -3.7218846E-07   6.4085962E-07
  1.3121148E-06  -2.1209748E-06   3.9387206E-06   8.1940653E-05   9.8777936E-05   2.0439591E-04   4.8191177E-05   9.5306899E-06   4.9191319E-03  -9.7408318E-05  -1.6986460E-03   3.2947538E-02   1.6038984E-02   5.8082149E-03   5.5506941E-03   1.2655668E-03   8.4986468E-04   3.9351770E-04   4.7209934E-04   1.0291758E-03  -3.0830254E-07   1.0863743E-07
  1.3495888E-06  -2.0166391E-06   4.5705944E-06   1.0505402E-05   1.3045281E-04   4.8191177E-05   6.6903189E-05   3.1840510E-07   5.1262060E-03  -1.1091580E-04  -1.2369832E-03   2.0940779E-02   2.0793643E-02   1.2034775E-02   7.9403885E-03   1.2751769E-03   1.0202032E-03   1.2190523E-04   2.4141708E-05  -1.4094048E-03  -2.3252772E-07   7.7994798E-08
  1.3563067E-08  -3.0227121E-07  -2.7561095E-08  -6.3088714E-07  -1.2585182E-06   9.5306899E-06   3.1840510E-07   5.9583800E-06   6.2082753E-04  -5.9862157E-06  -6.2366887E-05   4.6213934E-03   2.9130966E-04   1.5905951E-04   1.5519094E-03  -1.1864693E-04   2.4704799E-05   8.9033499E-05  -1.3079906E-04   3.7776620E-04  -6.2137798E-08  -4.2386110E-08
  8.9283081E-05   1.8883709E-04   8.5718968E-04  -5.1619816E-04   2.4360133E-02   4.9191319E-03   5.1262060E-03   6.2082753E-04   4.7464667E+01  -4.7438760E-01  -9.3722884E-01   4.3208137E+01   6.8559112E+00  -1.1447565E+01  -5.5571743E+01   1.6093957E-01   3.1621240E-01   1.1491722E+00  -4.9792461E+00  -3.2863960E+01  -2.6991854E-04   8.4920769E-04
 -8.1397559E-07  -8.1736296E-06  -1.6246422E-05   4.0464589E-06  -5.2303746E-04  -9.7408318E-05  -1.1091580E-04  -5.9862157E-06  -4.7438760E-01   8.4188099E-02  -2.8147228E-02  -7.0417070E-01   7.9688439E-01   1.6081557E+00   6.7513417E-01   2.2647416E-02  -4.8236868E-03   1.3201884E-02   1.2541286E-01   1.8649799E-01   3.5173036E-06  -6.3615797E-06
 -4.9496469E-06  -8.7033916E-06  -2.0883648E-04  -4.2521160E-05  -5.9848306E-03  -1.6986460E-03  -1.2369832E-03  -6.2366887E-05  -9.3722884E-01  -2.8147228E-02   4.1404212E+00  -3.2749983E+01  -4.6390633E+00   7.7216079E+00   5.0413227E+00  -3.2365429E+00  -2.6266518E-01   1.4822174E-01   2.6623168E+00   3.1784735E+00   1.3065600E-04  -5.3545060E-05
  3.3821870E-04   2.9900940E-04   3.7958190E-03  -1.0853069E-03   1.1701525E-01   3.2947538E-02   2.0940779E-02   4.6213934E-03   4.3208137E+01  -7.0417070E-01  -3.2749983E+01   8.0699348E+02   1.0213068E+02  -4.1076912E+01  -5.0045104E+01   1.7644493E+01  -6.0409288E+00   5.9580793E+00  -1.2068763E+01  -2.7350696E+01   3.2975174E-03   7.1579190E-04
  1.9830491E-04   4.9938374E-04   2.4377522E-03  -2.7020665E-03   7.5552256E-02   1.6038984E-02   2.0793643E-02   2.9130966E-04   6.8559112E+00   7.9688439E-01  -4.6390633E+00   1.0213068E+02   8.4315361E+01   5.0077238E+01   2.1457494E+01  -3.1995140E+00   1.3847132E-01  -7.1780484E-01   4.5414103E+00   4.3935784E+00   1.5307834E-04   2.1960178E-04
  1.0889395E-04   2.1381717E-04   8.6697918E-04  -2.2566891E-03   2.8960382E-02   5.8082149E-03   1.2034775E-02   1.5905951E-04  -1.1447565E+01   1.6081557E+00   7.7216079E+00  -4.1076912E+01   5.0077238E+01   9.0155813E+01   5.8056695E+01  -1.2356890E+01  -7.0474053E-01  -4.8071750E-01   5.8190431E+00   8.6663604E+00   5.1248497E-04  -4.3896897E-04
  2.0783248E-05   7.7861015E-05   1.5126510E-04  -1.7555093E-03   9.1540283E-03   5.5506941E-03   7.9403885E-03   1.5519094E-03  -5.5571743E+01   6.7513417E-01   5.0413227E+00  -5.0045104E+01   2.1457494E+01   5.8056695E+01   1.0886850E+02  -9.5837042E+00  -7.1619800E-01  -1.6146478E+00   5.0863498E+00   3.2559594E+01   5.7455448E-04  -1.5092607E-03
  1.3908260E-05   8.4235387E-05   3.3704555E-04  -1.7701212E-04   9.7492620E-03   1.2655668E-03   1.2751769E-03  -1.1864693E-04   1.6093957E-01   2.2647416E-02  -3.2365429E+00   1.7644493E+01  -3.1995140E+00  -1.2356890E+01  -9.5837042E+00   6.8229652E+00   1.4733711E-01  -2.4780646E-01  -2.2481602E+00  -2.3657759E+00  -1.0558843E-04   4.6694026E-05
  1.8074600E-05  -1.3432292E-05   5.0265272E-05   3.7121814E-04   1.6984646E-03   8.4986468E-04   1.0202032E-03   2.4704799E-05   3.1621240E-01  -4.8236868E-03  -2.6266518E-01  -6.0409288E+00   1.3847132E-01  -7.0474053E-01  -7.1619800E-01   1.4733711E-01   3.3393507E+00   5.6037721E-01   2.5438098E-01   2.8169872E-01   1.6312719E-04   1.9824554E-05
  1.1473688E-05   1.5975261E-05   5.4683470E-05   1.6626426E-04   1.5475537E-03   3.9351770E-04   1.2190523E-04   8.9033499E-05   1.1491722E+00   1.3201884E-02   1.4822174E-01   5.9580793E+00  -7.1780484E-01  -4.8071750E-01  -1.6146478E+00  -2.4780646E-01   5.6037721E-01   3.2771128E+00   2.8507558E+00   2.5539194E+00  -2.1950865E-04  -3.4717602E-05
  2.2707801E-05   2.7002493E-05   5.9133869E-05   1.8497402E-04   2.0702995E-03   4.7209934E-04   2.4141708E-05  -1.3079906E-04  -4.9792461E+00   1.2541286E-01   2.6623168E+00  -1.2068763E+01   4.5414103E+00   5.8190431E+00   5.0863498E+00  -2.2481602E+00   2.5438098E-01   2.8507558E+00   1.0788130E+01   1.8750942E+01  -4.1763878E-05   3.9084954E-04
  4.7680434E-06  -4.3658303E-05  -1.7042937E-04   4.8773532E-04  -4.4434112E-03   1.0291758E-03  -1.4094048E-03   3.7776620E-04  -3.2863960E+01   1.8649799E-01   3.1784735E+00  -2.7350696E+01   4.3935784E+00   8.6663604E+00   3.2559594E+01  -2.3657759E+00   2.8169872E-01   2.5539194E+00   1.8750942E+01   5.2311421E+01   6.3914491E-05   8.8262517E-04
 -4.4742698E-09  -2.2363660E-08  -2.2080849E-08  -1.0724805E-07  -3.7218846E-07  -3.0830254E-07  -2.3252772E-07  -6.2137798E-08  -2.6991854E-04   3.5173036E-06   1.3065600E-04   3.2975174E-03   1.5307834E-04   5.1248497E-04   5.7455448E-04  -1.0558843E-04   1.6312719E-04  -2.1950865E-04  -4.1763878E-05   6.3914491E-05   3.9619969E-07   4.9869698E-11
  3.1961391E-09   1.6898387E-08   2.1730308E-08  -9.2253737E-10   6.4085962E-07   1.0863743E-07   7.7994798E-08  -4.2386110E-08   8.4920769E-04  -6.3615797E-06  -5.3545060E-05   7.1579190E-04   2.1960178E-04  -4.3896897E-04  -1.5092607E-03   4.6694026E-05   1.9824554E-05  -3.4717602E-05   3.9084954E-04   8.8262517E-04   4.9869698E-11   3.8986291E-07
