# omegabh2 omegach2 theta mnu logA ns
  2.5633159E-07   6.5004036E-07  -3.3904662E-09   8.1075263E-06  -3.4743063E-06  -7.4107444E-08
  6.5004036E-07   4.5916491E-04   2.3288783E-07   1.4622337E-02  -3.4771669E-03  -6.8693213E-05
 -3.3904662E-09   2.3288783E-07   3.5785046E-07   4.7994935E-06  -1.4526417E-06  -1.2622572E-07
  8.1075263E-06   1.4622337E-02   4.7994935E-06   5.8690455E-01  -1.0065947E-01   4.1254862E-04
 -3.4743063E-06  -3.4771669E-03  -1.4526417E-06  -1.0065947E-01   2.8171463E-02   9.5886028E-04
 -7.4107444E-08  -6.8693213E-05  -1.2622572E-07   4.1254862E-04   9.5886028E-04   3.8924405E-04
