# omegabh2 omegach2 theta tau mnu logA ns calPlanck acib217 xi asz143 aps100 aps143 aps143217 aps217 aksz kgal100 kgal143 kgal143217 kgal217 galfTE100 galfTE100143 galfTE100217 galfTE143 galfTE143217 galfTE217 cal0 cal2
  1.7823924E-08  -5.2053233E-08   1.0125004E-08   1.2092285E-07   4.7924393E-07   2.1976351E-07   1.4775526E-07   1.1856128E-08  -8.0060294E-05   1.8404895E-06   1.4420895E-05  -2.8909633E-04  -1.8286150E-04  -4.9562966E-05   1.3393434E-05  -2.8001005E-05  -3.8185814E-06  -5.7037811E-06  -7.7668301E-06   2.2867364E-05  -8.2967605E-08  -7.6936463E-08  -2.8911364E-07  -2.5475948E-07  -5.4471744E-07  -1.4163961E-06   2.9043629E-09  -1.4832938E-10
 -5.2053233E-08   9.4526420E-07  -4.4698950E-08  -1.0265786E-06  -9.1405605E-06   1.9832046E-07  -2.2261406E-06  -6.1729495E-08   7.6143245E-05  -4.3970106E-07  -7.2974255E-07   5.8743439E-05   5.8869430E-04   4.2329452E-04   2.3903459E-04  -2.4737569E-05   3.2138697E-06  -2.8182697E-05   4.0070407E-05   5.2287453E-05   5.0933144E-07  -1.6453168E-07   4.8162147E-07   9.5884159E-07   1.6098896E-06   9.3154968E-06  -4.4104495E-09   6.5437404E-09
  1.0125004E-08  -4.4698950E-08   8.4590766E-08   1.1200617E-07   3.4821751E-07   1.8133919E-07   2.2555398E-07  -5.3933676E-09  -1.2177152E-05  -8.3962471E-07  -2.0862174E-06   9.3621309E-05  -4.8749809E-05  -6.6313308E-05  -5.2896980E-05   1.4976663E-05  -6.5031887E-06   5.7698910E-07  -2.0775575E-06   1.6824283E-05   5.8597930E-10  -2.7086046E-07   2.2822927E-07  -6.0033695E-07  -1.0384796E-07   2.7510640E-07   2.1070312E-09  -1.5102879E-11
  1.2092285E-07  -1.0265786E-06   1.1200617E-07   4.7128850E-05   1.6794874E-05   9.2123808E-05   4.5462272E-06   9.0567801E-08  -2.1362318E-03   1.5596166E-05   4.2033357E-04  -6.6643818E-03  -3.5626964E-03  -2.5765161E-04   1.9712898E-03  -8.3368000E-04  -2.6775760E-04  -2.3484935E-04  -3.5561702E-04   4.4028765E-04  -3.3348181E-06  -3.1376613E-06   9.0158805E-06  -2.9028006E-06  -5.0172288E-07   1.4891400E-06   7.3119858E-08  -9.9149732E-09
  4.7924393E-07  -9.1405605E-06   3.4821751E-07   1.6794874E-05   1.4200606E-03   1.6436195E-05   2.0165971E-05   3.4095909E-06   3.8393942E-03   9.9815162E-05  -7.0356931E-04   1.8766332E-02   2.7716321E-03   3.2491051E-04  -5.7148799E-03   7.7565109E-04   7.3695095E-04   1.0820562E-03   4.0531682E-04   1.0621479E-03  -1.7884747E-06   7.7718235E-06   7.4710833E-06   1.8853608E-05  -1.7945234E-05  -3.5267045E-05  -2.4590084E-07   4.2377884E-07
  2.1976351E-07   1.9832046E-07   1.8133919E-07   9.2123808E-05   1.6436195E-05   2.1433782E-04   2.8695289E-06   1.2790651E-05  -4.6773027E-03   8.7765232E-05   7.7867132E-04  -1.1749420E-02  -5.0251149E-03   2.7099598E-03   1.0461286E-02  -2.5643880E-03  -8.9549325E-04  -1.2760968E-03  -1.2195272E-03   2.4740270E-03  -2.6023575E-06  -5.4447071E-06   7.1222851E-06  -8.0649797E-06  -5.4374803E-07   2.9214216E-05   3.1534159E-07  -5.7919922E-08
  1.4775526E-07  -2.2261406E-06   2.2555398E-07   4.5462272E-06   2.0165971E-05   2.8695289E-06   1.3772879E-05   3.5140243E-07  -4.1445488E-03   8.2602281E-05   7.5529878E-04  -1.8892864E-02  -5.9805112E-03   1.1996205E-03   4.4843262E-03  -1.7930454E-03   2.6987013E-04  -2.0056948E-04  -2.9844158E-04   1.3481493E-03  -1.2465069E-06  -2.6733886E-06   1.8126984E-06  -6.4707353E-06  -5.9459484E-06  -1.4581717E-05  -5.2250685E-08  -8.1570491E-08
  1.1856128E-08  -6.1729495E-08  -5.3933676E-09   9.0567801E-08   3.4095909E-06   1.2790651E-05   3.5140243E-07   6.3301943E-06   5.4668926E-04   4.5896573E-06  -2.7961795E-05   3.3413621E-03   5.2207108E-04   3.2010881E-04   1.4665306E-03  -4.8345297E-05  -2.2255418E-05  -5.0782912E-05   9.9266009E-06   8.1693495E-04   9.6171073E-07   1.0374068E-06  -5.1031370E-06  -1.2718244E-06  -1.0314707E-06   7.0819944E-06   1.2824406E-08  -2.9063587E-08
 -8.0060294E-05   7.6143245E-05  -1.2177152E-05  -2.1362318E-03   3.8393942E-03  -4.6773027E-03  -4.1445488E-03   5.4668926E-04   4.3976129E+01  -4.2125254E-01  -6.9967904E-01   3.6173183E+01   1.8668082E+00  -1.3338286E+01  -5.4597101E+01  -2.9012358E-01   2.7735338E-01   6.2902821E-01  -5.4432524E+00  -3.2384470E+01  -2.3790881E-03   8.4749526E-03  -2.3114622E-03   1.1150814E-02  -1.7442948E-03  -3.3300442E-02  -2.0721635E-04   6.9082826E-04
  1.8404895E-06  -4.3970106E-07  -8.3962471E-07   1.5596166E-05   9.9815162E-05   8.7765232E-05   8.2602281E-05   4.5896573E-06  -4.2125254E-01   8.0176079E-02  -4.0668090E-02  -5.2191520E-01   9.2634509E-01   1.7066628E+00   6.8622873E-01   3.9544833E-02  -1.3995035E-02   7.5870002E-03   1.0228975E-01   1.5658492E-01   1.2991523E-05  -2.5456801E-05  -1.0724139E-05   1.1075896E-04   1.5921137E-04   1.5507635E-03   2.0051666E-06  -2.3416266E-06
  1.4420895E-05  -7.2974255E-07  -2.0862174E-06   4.2033357E-04  -7.0356931E-04   7.7867132E-04   7.5529878E-04  -2.7961795E-05  -6.9967904E-01  -4.0668090E-02   3.7599347E+00  -3.0032393E+01  -3.2491550E+00   7.2780086E+00   5.0738884E+00  -2.5932563E+00  -2.1000894E-01   7.6485117E-02   2.5052810E+00   2.9711503E+00  -4.1597112E-04  -1.9475343E-04   7.1642372E-04  -9.6024020E-05  -1.2220815E-03  -9.1527207E-03   1.0810004E-04  -3.1652810E-05
 -2.8909633E-04   5.8743439E-05   9.3621309E-05  -6.6643818E-03   1.8766332E-02  -1.1749420E-02  -1.8892864E-02   3.3413621E-03   3.6173183E+01  -5.2191520E-01  -3.0032393E+01   7.6073614E+02   6.4197540E+01  -5.6793875E+01  -6.4302321E+01   1.4197714E+01  -6.4155034E+00   5.8265700E+00  -1.1636740E+01  -2.3583654E+01   1.5319645E-02   7.1546759E-03  -3.5115420E-02   5.0979024E-03   6.3045347E-03   7.3105718E-02   3.4054768E-03   4.3442274E-04
 -1.8286150E-04   5.8869430E-04  -4.8749809E-05  -3.5626964E-03   2.7716321E-03  -5.0251149E-03  -5.9805112E-03   5.2207108E-04   1.8668082E+00   9.2634509E-01  -3.2491550E+00   6.4197540E+01   6.1250772E+01   4.0175661E+01   1.4765875E+01  -5.0447951E+00  -1.8661956E-01  -1.3179669E+00   3.5569568E+00   4.3517631E+00   4.0680556E-03   4.6072048E-03  -3.6092690E-03  -1.1479382E-04   3.9351888E-03   4.8293009E-02   3.6006477E-05   1.2642086E-04
 -4.9562966E-05   4.2329452E-04  -6.6313308E-05  -2.5765161E-04   3.2491051E-04   2.7099598E-03   1.1996205E-03   3.2010881E-04  -1.3338286E+01   1.7066628E+00   7.2780086E+00  -5.6793875E+01   4.0175661E+01   8.4504526E+01   5.3476006E+01  -1.1548171E+01  -8.7949838E-01  -9.6089840E-01   4.3410018E+00   7.2806963E+00  -3.2586808E-04  -1.1913153E-03   4.8449781E-03   3.3035369E-03   6.2650452E-03   3.7559996E-02   3.9121043E-04  -3.4139389E-04
  1.3393434E-05   2.3903459E-04  -5.2896980E-05   1.9712898E-03  -5.7148799E-03   1.0461286E-02   4.4843262E-03   1.4665306E-03  -5.4597101E+01   6.8622873E-01   5.0738884E+00  -6.4302321E+01   1.4765875E+01   5.3476006E+01   1.0376561E+02  -8.9659915E+00  -7.7943962E-01  -1.6086803E+00   4.7963371E+00   3.1984557E+01   3.5148817E-03  -9.9183766E-03   5.7256231E-03  -1.1623388E-02   1.0035493E-02   4.8914768E-02   5.3625717E-04  -1.3073682E-03
 -2.8001005E-05  -2.4737569E-05   1.4976663E-05  -8.3368000E-04   7.7565109E-04  -2.5643880E-03  -1.7930454E-03  -4.8345297E-05  -2.9012358E-01   3.9544833E-02  -2.5932563E+00   1.4197714E+01  -5.0447951E+00  -1.1548171E+01  -8.9659915E+00   5.6768892E+00   8.0833964E-02  -9.4055323E-02  -1.9967384E+00  -2.1829957E+00   5.8559580E-05   3.0593122E-04   4.9779289E-04   1.2436635E-03   2.3520127E-03   4.1330993E-03  -8.9170896E-05  -1.1643300E-05
 -3.8185814E-06   3.2138697E-06  -6.5031887E-06  -2.6775760E-04   7.3695095E-04  -8.9549325E-04   2.6987013E-04  -2.2255418E-05   2.7735338E-01  -1.3995035E-02  -2.1000894E-01  -6.4155034E+00  -1.8661956E-01  -8.7949838E-01  -7.7943962E-01   8.0833964E-02   3.4071754E+00   5.6413850E-01   2.0625521E-01   1.1649038E-01  -7.0853006E-04  -5.5121138E-04   3.5241915E-03  -1.7246249E-03   8.5815040E-04   1.5637144E-03   1.5345115E-04  -1.3819853E-05
 -5.7037811E-06  -2.8182697E-05   5.7698910E-07  -2.3484935E-04   1.0820562E-03  -1.2760968E-03  -2.0056948E-04  -5.0782912E-05   6.2902821E-01   7.5870002E-03   7.6485117E-02   5.8265700E+00  -1.3179669E+00  -9.6089840E-01  -1.6086803E+00  -9.4055323E-02   5.6413850E-01   3.1574548E+00   2.6516763E+00   2.6434699E+00  -1.4586126E-03  -2.8304984E-04  -1.2388818E-03   5.8471599E-04  -7.1084472E-04   1.0247712E-03  -1.9380388E-04  -3.0864523E-05
 -7.7668301E-06   4.0070407E-05  -2.0775575E-06  -3.5561702E-04   4.0531682E-04  -1.2195272E-03  -2.9844158E-04   9.9266009E-06  -5.4432524E+00   1.0228975E-01   2.5052810E+00  -1.1636740E+01   3.5569568E+00   4.3410018E+00   4.7963371E+00  -1.9967384E+00   2.0625521E-01   2.6516763E+00   1.0681592E+01   1.9023687E+01   2.0502845E-05   2.6095941E-04  -3.0573337E-03  -2.7785886E-03  -2.3566246E-03   8.5885919E-03  -4.7412006E-05   4.2256921E-04
  2.2867364E-05   5.2287453E-05   1.6824283E-05   4.4028765E-04   1.0621479E-03   2.4740270E-03   1.3481493E-03   8.1693495E-04  -3.2384470E+01   1.5658492E-01   2.9711503E+00  -2.3583654E+01   4.3517631E+00   7.2806963E+00   3.1984557E+01  -2.1829957E+00   1.1649038E-01   2.6434699E+00   1.9023687E+01   5.2801204E+01   1.3055605E-03  -3.8413728E-03  -3.5538476E-03  -1.0761873E-02  -5.8841922E-03   3.5835534E-02   1.3585850E-05   9.7101936E-04
 -8.2967605E-08   5.0933144E-07   5.8597930E-10  -3.3348181E-06  -1.7884747E-06  -2.6023575E-06  -1.2465069E-06   9.6171073E-07  -2.3790881E-03   1.2991523E-05  -4.1597112E-04   1.5319645E-02   4.0680556E-03  -3.2586808E-04   3.5148817E-03   5.8559580E-05  -7.0853006E-04  -1.4586126E-03   2.0502845E-05   1.3055605E-03   1.4088864E-03   2.7073947E-04   8.4613810E-05  -3.7066285E-04  -5.9189631E-05  -9.5643464E-05   3.2508665E-07   1.9170947E-07
 -7.6936463E-08  -1.6453168E-07  -2.7086046E-07  -3.1376613E-06   7.7718235E-06  -5.4447071E-06  -2.6733886E-06   1.0374068E-06   8.4749526E-03  -2.5456801E-05  -1.9475343E-04   7.1546759E-03   4.6072048E-03  -1.1913153E-03  -9.9183766E-03   3.0593122E-04  -5.5121138E-04  -2.8304984E-04   2.6095941E-04  -3.8413728E-03   2.7073947E-04   8.6422432E-04   2.1373971E-06   7.5233173E-04   6.6899025E-05  -6.2645640E-04  -1.0842352E-07  -1.1417940E-07
 -2.8911364E-07   4.8162147E-07   2.2822927E-07   9.0158805E-06   7.4710833E-06   7.1222851E-06   1.8126984E-06  -5.1031370E-06  -2.3114622E-03  -1.0724139E-05   7.1642372E-04  -3.5115420E-02  -3.6092690E-03   4.8449781E-03   5.7256231E-03   4.9779289E-04   3.5241915E-03  -1.2388818E-03  -3.0573337E-03  -3.5538476E-03   8.4613810E-05   2.1373971E-06   7.1144375E-03  -3.2890604E-04   5.3281591E-04   3.9682194E-03   3.0640031E-07  -2.3550938E-07
 -2.5475948E-07   9.5884159E-07  -6.0033695E-07  -2.9028006E-06   1.8853608E-05  -8.0649797E-06  -6.4707353E-06  -1.2718244E-06   1.1150814E-02   1.1075896E-04  -9.6024020E-05   5.0979024E-03  -1.1479382E-04   3.3035369E-03  -1.1623388E-02   1.2436635E-03  -1.7246249E-03   5.8471599E-04  -2.7785886E-03  -1.0761873E-02  -3.7066285E-04   7.5233173E-04  -3.2890604E-04   2.9693476E-03   5.6975974E-04  -9.3057049E-04  -4.8733216E-07  -3.8310993E-07
 -5.4471744E-07   1.6098896E-06  -1.0384796E-07  -5.0172288E-07  -1.7945234E-05  -5.4374803E-07  -5.9459484E-06  -1.0314707E-06  -1.7442948E-03   1.5921137E-04  -1.2220815E-03   6.3045347E-03   3.9351888E-03   6.2650452E-03   1.0035493E-02   2.3520127E-03   8.5815040E-04  -7.1084472E-04  -2.3566246E-03  -5.8841922E-03  -5.9189631E-05   6.6899025E-05   5.3281591E-04   5.6975974E-04   6.2494560E-03   7.6594447E-03   2.9182561E-07  -2.0191820E-07
 -1.4163961E-06   9.3154968E-06   2.7510640E-07   1.4891400E-06  -3.5267045E-05   2.9214216E-05  -1.4581717E-05   7.0819944E-06  -3.3300442E-02   1.5507635E-03  -9.1527207E-03   7.3105718E-02   4.8293009E-02   3.7559996E-02   4.8914768E-02   4.1330993E-03   1.5637144E-03   1.0247712E-03   8.5885919E-03   3.5835534E-02  -9.5643464E-05  -6.2645640E-04   3.9682194E-03  -9.3057049E-04   7.6594447E-03   7.1490435E-02   1.9720086E-06  -2.4384241E-06
  2.9043629E-09  -4.4104495E-09   2.1070312E-09   7.3119858E-08  -2.4590084E-07   3.1534159E-07  -5.2250685E-08   1.2824406E-08  -2.0721635E-04   2.0051666E-06   1.0810004E-04   3.4054768E-03   3.6006477E-05   3.9121043E-04   5.3625717E-04  -8.9170896E-05   1.5345115E-04  -1.9380388E-04  -4.7412006E-05   1.3585850E-05   3.2508665E-07  -1.0842352E-07   3.0640031E-07  -4.8733216E-07   2.9182561E-07   1.9720086E-06   3.6054396E-07  -4.1675557E-09
 -1.4832938E-10   6.5437404E-09  -1.5102879E-11  -9.9149732E-09   4.2377884E-07  -5.7919922E-08  -8.1570491E-08  -2.9063587E-08   6.9082826E-04  -2.3416266E-06  -3.1652810E-05   4.3442274E-04   1.2642086E-04  -3.4139389E-04  -1.3073682E-03  -1.1643300E-05  -1.3819853E-05  -3.0864523E-05   4.2256921E-04   9.7101936E-04   1.9170947E-07  -1.1417940E-07  -2.3550938E-07  -3.8310993E-07  -2.0191820E-07  -2.4384241E-06  -4.1675557E-09   3.8351826E-07
