# omegabh2 omegach2 theta tau logA ns calPlanck
  1.8740400E-07  -5.5796794E-07   3.1136080E-08   4.2813165E-07   2.1259510E-06   1.2882964E-06   2.6289225E-08
 -5.5796794E-07   4.1490094E-06  -7.3057965E-08  -7.1734303E-06  -1.2106799E-05  -1.1841006E-05  -5.0902694E-07
  3.1136080E-08  -7.3057965E-08   6.2114181E-07   6.9049949E-07   1.6670155E-06   1.4163746E-06   1.3509643E-07
  4.2813165E-07  -7.1734303E-06   6.9049949E-07   6.7247024E-05   1.1463883E-04   2.2105676E-05   8.1127490E-08
  2.1259510E-06  -1.2106799E-05   1.6670155E-06   1.1463883E-04   2.5106974E-04   4.0434136E-05   1.1391266E-05
  1.2882964E-06  -1.1841006E-05   1.4163746E-06   2.2105676E-05   4.0434136E-05   1.1237235E-04   1.0342769E-06
  2.6289225E-08  -5.0902694E-07   1.3509643E-07   8.1127490E-08   1.1391266E-05   1.0342769E-06   6.4434853E-06
