# omegabh2 omegach2 theta tau logA ns calPlanck acib217 xi asz143 aps100 aps143 aps143217 aps217 aksz kgal100 kgal143 kgal143217 kgal217 cal0 cal2
    0.4032875E-07   -0.8348262E-07    0.2320900E-07    0.1123416E-05    0.2175150E-05    0.3366231E-06    0.1519418E-07   -0.1843738E-03    0.2502537E-05    0.6281963E-04   -0.9130716E-03   -0.4479778E-03   -0.7442025E-04    0.6405721E-04   -0.8282499E-04    0.5756794E-05    0.1216536E-05   -0.4747895E-05    0.2935575E-04    0.1844745E-08   -0.2037187E-07
   -0.8348262E-07    0.1858574E-05   -0.8445521E-07   -0.6729129E-05   -0.9175742E-05   -0.4039165E-05   -0.5345107E-07    0.2546251E-03   -0.1990361E-05   -0.9545613E-04    0.9800897E-03    0.7952403E-03    0.2012929E-03   -0.1048382E-03    0.1407197E-03    0.2897561E-04   -0.3445162E-04    0.2672532E-04    0.8214677E-04   -0.1365395E-07    0.4257255E-07
    0.2320900E-07   -0.8445521E-07    0.1742781E-06    0.8968546E-06    0.1761278E-05    0.4534125E-06   -0.5639184E-08    0.2369544E-04   -0.3489681E-06    0.1863472E-04   -0.1789253E-03   -0.7019598E-04    0.7504536E-05   -0.3006952E-04   -0.3789684E-04   -0.1317878E-05   -0.2490181E-05    0.5820869E-05   -0.7550078E-05   -0.1540136E-08    0.7133165E-08
    0.1123416E-05   -0.6729129E-05    0.8968546E-06    0.3308769E-03    0.6409700E-03    0.3153082E-04   -0.2000154E-05   -0.1386044E-01    0.2880402E-03    0.3214666E-02   -0.6274379E-01   -0.2309600E-01   -0.1015763E-03    0.9129058E-02   -0.5955394E-02    0.1080560E-03   -0.1476161E-03   -0.1246654E-02    0.3253450E-03   -0.1252907E-06   -0.1742551E-05
    0.2175150E-05   -0.9175742E-05    0.1761278E-05    0.6409700E-03    0.1279649E-02    0.5209689E-04    0.8531573E-05   -0.2724382E-01    0.6056980E-03    0.6565895E-02   -0.1189753E+00   -0.4281014E-01    0.4319666E-02    0.2485614E-01   -0.1299055E-01    0.9603681E-04   -0.1001680E-02   -0.3007294E-02    0.2129527E-02    0.6112257E-07   -0.3566425E-05
    0.3366231E-06   -0.4039165E-05    0.4534125E-06    0.3153082E-04    0.5209689E-04    0.2063698E-04    0.3455532E-06   -0.5706940E-02    0.1113111E-03    0.1532996E-02   -0.2915921E-01   -0.7744594E-02    0.3387236E-02    0.7572311E-02   -0.3306125E-02    0.3073275E-03   -0.2748736E-04   -0.4338995E-03    0.4785663E-03   -0.1608947E-06   -0.5709952E-06
    0.1519418E-07   -0.5345107E-07   -0.5639184E-08   -0.2000154E-05    0.8531573E-05    0.3455532E-06    0.6239522E-05    0.7022541E-03   -0.3432992E-05    0.1007347E-03    0.3032802E-02    0.4369248E-03    0.7426117E-03    0.1626671E-02   -0.2106240E-03    0.1993079E-04   -0.5614076E-04   -0.1398460E-03    0.5495548E-03    0.3456285E-07   -0.5628476E-07
   -0.1843738E-03    0.2546251E-03    0.2369544E-04   -0.1386044E-01   -0.2724382E-01   -0.5706940E-02    0.7022541E-03    0.4399561E+02   -0.4686677E+00   -0.1851403E+01    0.4425092E+02    0.1420647E+01   -0.2100848E+02   -0.6193278E+02    0.7655073E+00   -0.1042382E+00   -0.4990406E-01   -0.1964756E+01   -0.1851538E+02   -0.2452999E-03    0.4486576E-02
    0.2502537E-05   -0.1990361E-05   -0.3489681E-06    0.2880402E-03    0.6056980E-03    0.1113111E-03   -0.3432992E-05   -0.4686677E+00    0.8073359E-01   -0.8320531E-01   -0.3832751E+00    0.9450072E+00    0.1736707E+01    0.6886318E+00    0.8819939E-01   -0.7722619E-02    0.5122556E-02    0.8051028E-01    0.9402200E-01    0.4403530E-05   -0.1438116E-04
    0.6281963E-04   -0.9545613E-04    0.1863472E-04    0.3214666E-02    0.6565895E-02    0.1532996E-02    0.1007347E-03   -0.1851403E+01   -0.8320531E-01    0.3910730E+01   -0.2980623E+02   -0.3976033E+01    0.8070774E+01    0.7442998E+01   -0.3089068E+01   -0.1152021E+00    0.7699982E-01    0.2479721E+01    0.2217809E+01    0.1861919E-03   -0.4038067E-03
   -0.9130716E-03    0.9800897E-03   -0.1789253E-03   -0.6274379E-01   -0.1189753E+00   -0.2915921E-01    0.3032802E-02    0.4425092E+02   -0.3832751E+00   -0.2980623E+02    0.7732618E+03    0.7425189E+02   -0.5600847E+02   -0.7252333E+02    0.1501957E+02   -0.4382793E+01    0.2845614E+01   -0.1206443E+02   -0.1747526E+02    0.6312135E-02    0.4360920E-02
   -0.4479778E-03    0.7952403E-03   -0.7019598E-04   -0.2309600E-01   -0.4281014E-01   -0.7744594E-02    0.4369248E-03    0.1420647E+01    0.9450072E+00   -0.3976033E+01    0.7425189E+02    0.6257351E+02    0.4406873E+02    0.1833559E+02   -0.4601206E+01   -0.5174041E+00   -0.1228352E+01    0.3292983E+01    0.3094735E+01    0.1302860E-03    0.2475074E-03
   -0.7442025E-04    0.2012929E-03    0.7504536E-05   -0.1015763E-03    0.4319666E-02    0.3387236E-02    0.7426117E-03   -0.2100848E+02    0.1736707E+01    0.8070774E+01   -0.5600847E+02    0.4406873E+02    0.9719170E+02    0.6944609E+02   -0.1340323E+02   -0.5949550E+00   -0.3265268E+00    0.4673387E+01    0.5467384E+01    0.7426001E-03   -0.2624445E-02
    0.6405721E-04   -0.1048382E-03   -0.3006952E-04    0.9129058E-02    0.2485614E-01    0.7572311E-02    0.1626671E-02   -0.6193278E+02    0.6886318E+00    0.7442998E+01   -0.7252333E+02    0.1833559E+02    0.6944609E+02    0.1263278E+03   -0.1226880E+02   -0.1080402E+00   -0.1997844E+00   -0.2757964E+00    0.1529297E+02    0.7351161E-03   -0.7930163E-02
   -0.8282499E-04    0.1407197E-03   -0.3789684E-04   -0.5955394E-02   -0.1299055E-01   -0.3306125E-02   -0.2106240E-03    0.7655073E+00    0.8819939E-01   -0.3089068E+01    0.1501957E+02   -0.4601206E+01   -0.1340323E+02   -0.1226880E+02    0.6997950E+01    0.3289348E-01   -0.1171229E+00   -0.2179908E+01   -0.1854597E+01   -0.1524553E-03    0.2562568E-03
    0.5756794E-05    0.2897561E-04   -0.1317878E-05    0.1080560E-03    0.9603681E-04    0.3073275E-03    0.1993079E-04   -0.1042382E+00   -0.7722619E-02   -0.1152021E+00   -0.4382793E+01   -0.5174041E+00   -0.5949550E+00   -0.1080402E+00    0.3289348E-01    0.3502581E+01    0.4339127E+00    0.1013365E+00    0.1724653E+00    0.3070882E-03   -0.1401236E-04
    0.1216536E-05   -0.3445162E-04   -0.2490181E-05   -0.1476161E-03   -0.1001680E-02   -0.2748736E-04   -0.5614076E-04   -0.4990406E-01    0.5122556E-02    0.7699982E-01    0.2845614E+01   -0.1228352E+01   -0.3265268E+00   -0.1997844E+00   -0.1171229E+00    0.4339127E+00    0.3455988E+01    0.2631904E+01    0.1798672E+01   -0.2875268E-03   -0.2407711E-03
   -0.4747895E-05    0.2672532E-04    0.5820869E-05   -0.1246654E-02   -0.3007294E-02   -0.4338995E-03   -0.1398460E-03   -0.1964756E+01    0.8051028E-01    0.2479721E+01   -0.1206443E+02    0.3292983E+01    0.4673387E+01   -0.2757964E+00   -0.2179908E+01    0.1013365E+00    0.2631904E+01    0.1727157E+02    0.2566739E+02   -0.2459537E-05    0.2466030E-02
    0.2935575E-04    0.8214677E-04   -0.7550078E-05    0.3253450E-03    0.2129527E-02    0.4785663E-03    0.5495548E-03   -0.1851538E+02    0.9402200E-01    0.2217809E+01   -0.1747526E+02    0.3094735E+01    0.5467384E+01    0.1529297E+02   -0.1854597E+01    0.1724653E+00    0.1798672E+01    0.2566739E+02    0.5424602E+02    0.8627432E-04    0.4443620E-02
    0.1844745E-08   -0.1365395E-07   -0.1540136E-08   -0.1252907E-06    0.6112257E-07   -0.1608947E-06    0.3456285E-07   -0.2452999E-03    0.4403530E-05    0.1861919E-03    0.6312135E-02    0.1302860E-03    0.7426001E-03    0.7351161E-03   -0.1524553E-03    0.3070882E-03   -0.2875268E-03   -0.2459537E-05    0.8627432E-04    0.6074071E-06    0.1261765E-08
   -0.2037187E-07    0.4257255E-07    0.7133165E-08   -0.1742551E-05   -0.3566425E-05   -0.5709952E-06   -0.5628476E-07    0.4486576E-02   -0.1438116E-04   -0.4038067E-03    0.4360920E-02    0.2475074E-03   -0.2624445E-02   -0.7930163E-02    0.2562568E-03   -0.1401236E-04   -0.2407711E-03    0.2466030E-02    0.4443620E-02    0.1261765E-08    0.2106302E-05
