# omegabh2 omegach2 theta tau omegak logA ns calPlanck acib217 xi asz143 aps100 aps143 aps143217 aps217 aksz kgal100 kgal143 kgal143217 kgal217 galfTE100 galfTE100143 galfTE100217 galfTE143 galfTE143217 galfTE217 cal0 cal2
  2.3049902E-08  -1.2177816E-07   1.9728419E-08   2.2495890E-07  -1.3173697E-07   2.7240779E-07   3.1802261E-07   1.3240438E-08  -7.6139795E-05   1.4441494E-06   2.1947798E-05  -3.9568656E-04  -2.5122830E-04  -8.8118813E-05  -2.4767865E-05  -4.0961707E-05  -4.7881202E-06  -4.5050776E-06  -3.8658949E-07   2.8874525E-05  -1.1592909E-07  -2.8692509E-08  -1.2199447E-07  -2.9667482E-07  -7.9686407E-07  -3.1446649E-06   1.9966077E-09   3.4283658E-11
 -1.2177816E-07   1.8442248E-06  -1.7215479E-07  -2.8989960E-06   1.8845265E-06  -2.0313970E-06  -4.3126790E-06  -2.7116194E-07   2.9794448E-04  -2.1105611E-06  -1.0906761E-04   1.5757693E-03   1.3710970E-03   8.2030471E-04   4.2310364E-04   1.3461239E-04   2.8739026E-05  -7.1283422E-05  -1.5246490E-04  -4.0914924E-04   1.1616016E-06   1.8384561E-07  -2.2038383E-06   1.4670768E-06   5.1819744E-06   2.0301166E-05   9.7237845E-09  -1.1096756E-08
  1.9728419E-08  -1.7215479E-07   1.0090698E-07   2.7022288E-07  -2.4534926E-07   2.8241591E-07   5.2731583E-07   2.9963379E-08  -6.0059604E-06   6.2163145E-07   1.0006996E-05  -2.6055458E-04  -1.2154372E-04  -9.4700445E-05  -9.0193190E-05  -8.0951955E-06   6.3893779E-06   4.3604784E-06   1.4547348E-05   1.2241827E-05  -2.5762077E-07  -8.2994396E-08   8.6008680E-07  -3.7220121E-07  -9.8410688E-07  -4.8058802E-06   4.5702634E-10  -7.7868822E-12
  2.2495890E-07  -2.8989960E-06   2.7022288E-07   4.5338444E-05  -1.5100847E-06   8.1707394E-05   9.5264493E-06  -5.4617334E-07  -1.8356993E-03   7.9397801E-06   3.9404632E-04  -6.2968193E-03  -4.2381164E-03  -1.5851310E-03   3.2220023E-04  -8.2050273E-04  -1.3544531E-04   3.2344559E-06   5.2700315E-04   1.9046536E-03   4.7321265E-06  -9.6220418E-07   3.3089298E-06  -5.1618181E-06  -1.2334698E-05  -3.0327251E-05  -4.0523825E-08   1.1944330E-07
 -1.3173697E-07   1.8845265E-06  -2.4534926E-07  -1.5100847E-06   3.6715680E-06   1.2233277E-06  -4.3228563E-06  -3.6063115E-08   4.3017661E-04  -1.2037683E-06  -5.2271949E-05   1.3574041E-03   1.3274549E-03   1.0063809E-03   3.5156347E-04   9.1059666E-05   2.6181249E-05  -1.0661502E-04  -1.5558064E-04  -3.6351631E-04   2.4232593E-06   6.5713111E-07  -9.4830362E-07   1.5802023E-06   7.7415797E-06   2.5739755E-05   5.8538176E-10   1.5957079E-08
  2.7240779E-07  -2.0313970E-06   2.8241591E-07   8.1707394E-05   1.2233277E-06   1.8115958E-04   8.4697630E-06   1.0771037E-05  -2.5364077E-03   7.0168810E-06   2.6144699E-04  -2.1414783E-03  -4.4915512E-03  -7.7512189E-04   5.3267059E-03  -1.7681262E-03  -5.5613787E-04  -6.8930131E-04  -1.0138479E-04   3.8238597E-03   1.3468283E-05  -7.0255065E-07  -2.1090100E-06  -1.0608869E-05  -1.1835969E-05  -2.3351898E-05   3.1330529E-08   2.2836775E-07
  3.1802261E-07  -4.3126790E-06   5.2731583E-07   9.5264493E-06  -4.3228563E-06   8.4697630E-06   1.9395643E-05   4.7193968E-07  -4.3572348E-03   1.0427383E-04   9.7616887E-04  -2.4487672E-02  -7.9522682E-03   2.3310582E-04   3.3915862E-03  -2.2584272E-03   1.9346757E-04  -3.2601352E-04  -1.3904049E-04   1.5405656E-03  -4.2296762E-06  -7.9333367E-07   8.3567494E-06  -1.3818275E-06  -1.0653483E-05  -2.7376958E-05  -5.9974910E-08  -4.3286862E-08
  1.3240438E-08  -2.7116194E-07   2.9963379E-08  -5.4617334E-07  -3.6063115E-08   1.0771037E-05   4.7193968E-07   6.2283456E-06   9.2313149E-04  -2.7780276E-05  -1.3462670E-04   5.5755904E-03   3.6767708E-04  -6.5442057E-04   5.2109327E-04   1.3355955E-04  -1.4512479E-05  -1.2498138E-05  -1.5198420E-04   5.7996990E-04   8.2643217E-07   5.4448394E-07   9.4764099E-08  -9.6841748E-07   1.0525160E-06   4.3262217E-06  -1.8910220E-08   1.8545183E-08
 -7.6139795E-05   2.9794448E-04  -6.0059604E-06  -1.8356993E-03   4.3017661E-04  -2.5364077E-03  -4.3572348E-03   9.2313149E-04   4.4226988E+01  -4.3499416E-01  -8.1176526E-01   3.2339128E+01   3.3281380E-01  -1.5071329E+01  -5.4442305E+01  -6.3118115E-01   2.3486402E-02   7.4945168E-01  -5.7628427E+00  -3.3249240E+01   6.1632656E-05  -2.7186724E-03  -6.0510389E-03  -6.8155022E-03   8.7363524E-03  -1.3957351E-02  -2.6551861E-04   7.1278164E-04
  1.4441494E-06  -2.1105611E-06   6.2163145E-07   7.9397801E-06  -1.2037683E-06   7.0168810E-06   1.0427383E-04  -2.7780276E-05  -4.3499416E-01   8.4365737E-02  -6.2724147E-02  -6.2057630E-01   9.8228835E-01   1.7156806E+00   6.7338232E-01   4.2982372E-02   1.2345118E-02   1.6936476E-02   1.2312948E-01   1.8632191E-01  -1.1909963E-04  -2.2009616E-05   3.3952515E-05  -3.4958602E-05   7.6893786E-05  -1.1966336E-03   5.4045251E-06   1.4880354E-08
  2.1947798E-05  -1.0906761E-04   1.0006996E-05   3.9404632E-04  -5.2271949E-05   2.6144699E-04   9.7616887E-04  -1.3462670E-04  -8.1176526E-01  -6.2724147E-02   3.7856146E+00  -2.9688070E+01  -3.3714918E+00   7.0562083E+00   5.0238868E+00  -2.6480384E+00  -1.4028438E-01   2.0030028E-01   2.7059273E+00   3.3778324E+00  -3.6000301E-04   6.1551916E-04  -1.3404204E-03   8.6429523E-04  -3.9385523E-03  -8.4231226E-03   1.4099262E-04  -3.1561445E-05
 -3.9568656E-04   1.5757693E-03  -2.6055458E-04  -6.2968193E-03   1.3574041E-03  -2.1414783E-03  -2.4487672E-02   5.5755904E-03   3.2339128E+01  -6.2057630E-01  -2.9688070E+01   7.6786922E+02   6.6536508E+01  -5.4662341E+01  -5.5059543E+01   1.3404938E+01  -6.3289036E+00   5.6983709E+00  -1.2548419E+01  -2.1495564E+01   9.0456231E-03  -1.0400549E-02  -2.7226706E-02  -7.3408758E-03   4.8038842E-02   2.3324343E-01   3.1106929E-03   4.5377170E-04
 -2.5122830E-04   1.3710970E-03  -1.2154372E-04  -4.2381164E-03   1.3274549E-03  -4.4915512E-03  -7.9522682E-03   3.6767708E-04   3.3281380E-01   9.8228835E-01  -3.3714918E+00   6.6536508E+01   6.1928197E+01   4.1333394E+01   1.6783666E+01  -4.7681621E+00  -1.7283891E-01  -1.1555234E+00   3.7565282E+00   5.2016058E+00   4.7381447E-04   3.0143304E-03  -1.0049559E-02   2.4894745E-03   1.7908013E-02   4.4896694E-02   2.5068830E-05   9.9364674E-05
 -8.8118813E-05   8.2030471E-04  -9.4700445E-05  -1.5851310E-03   1.0063809E-03  -7.7512189E-04   2.3310582E-04  -6.5442057E-04  -1.5071329E+01   1.7156806E+00   7.0562083E+00  -5.4662341E+01   4.1333394E+01   8.5389522E+01   5.4704673E+01  -1.1394745E+01  -3.0815137E-01  -5.1815004E-01   5.1859002E+00   9.5476639E+00  -4.6469567E-04   2.6516898E-03  -7.8567210E-03   5.8402839E-03   7.9179207E-03   2.1345189E-02   5.2618161E-04  -3.6809472E-04
 -2.4767865E-05   4.2310364E-04  -9.0193190E-05   3.2220023E-04   3.5156347E-04   5.3267059E-03   3.3915862E-03   5.2109327E-04  -5.4442305E+01   6.7338232E-01   5.0238868E+00  -5.5059543E+01   1.6783666E+01   5.4704673E+01   1.0172675E+02  -8.1511345E+00  -3.6520972E-01  -1.4303901E+00   5.2347886E+00   3.3179828E+01   2.3117467E-03   4.0821906E-03   3.7212895E-04   1.4884714E-02   1.0019453E-02   5.8755771E-02   5.1494453E-04  -1.2756724E-03
 -4.0961707E-05   1.3461239E-04  -8.0951955E-06  -8.2050273E-04   9.1059666E-05  -1.7681262E-03  -2.2584272E-03   1.3355955E-04  -6.3118115E-01   4.2982372E-02  -2.6480384E+00   1.3404938E+01  -4.7681621E+00  -1.1394745E+01  -8.1511345E+00   5.7208586E+00   1.3246429E-01  -2.5126691E-01  -2.0877345E+00  -2.0630840E+00   4.2060208E-04  -4.6440750E-04   2.9411312E-03  -1.1043722E-03  -2.6450749E-03  -3.2957771E-03  -8.7394023E-05  -1.3030300E-05
 -4.7881202E-06   2.8739026E-05   6.3893779E-06  -1.3544531E-04   2.6181249E-05  -5.5613787E-04   1.9346757E-04  -1.4512479E-05   2.3486402E-02   1.2345118E-02  -1.4028438E-01  -6.3289036E+00  -1.7283891E-01  -3.0815137E-01  -3.6520972E-01   1.3246429E-01   3.2444585E+00   5.4317464E-01   2.7538710E-01   3.6572435E-01  -2.2008693E-04   4.7217312E-04   3.9411791E-03  -8.7477277E-04  -2.7208524E-03  -4.1217772E-03   1.8401283E-04   1.6097922E-05
 -4.5050776E-06  -7.1283422E-05   4.3604784E-06   3.2344559E-06  -1.0661502E-04  -6.8930131E-04  -3.2601352E-04  -1.2498138E-05   7.4945168E-01   1.6936476E-02   2.0030028E-01   5.6983709E+00  -1.1555234E+00  -5.1815004E-01  -1.4303901E+00  -2.5126691E-01   5.4317464E-01   3.2458504E+00   2.8239346E+00   2.7540996E+00   1.7310760E-03   7.8405317E-04   3.6136608E-03   1.1186191E-03   8.9503736E-04  -5.6371671E-03  -1.6135511E-04  -2.5880323E-05
 -3.8658949E-07  -1.5246490E-04   1.4547348E-05   5.2700315E-04  -1.5558064E-04  -1.0138479E-04  -1.3904049E-04  -1.5198420E-04  -5.7628427E+00   1.2312948E-01   2.7059273E+00  -1.2548419E+01   3.7565282E+00   5.1859002E+00   5.2347886E+00  -2.0877345E+00   2.7538710E-01   2.8239346E+00   1.1196214E+01   1.9837459E+01   7.1061434E-04   3.5554860E-03   1.4223325E-03   2.9533285E-03  -9.3067532E-03  -2.0742758E-02   2.4997986E-05   4.2674212E-04
  2.8874525E-05  -4.0914924E-04   1.2241827E-05   1.9046536E-03  -3.6351631E-04   3.8238597E-03   1.5405656E-03   5.7996990E-04  -3.3249240E+01   1.8632191E-01   3.3778324E+00  -2.1495564E+01   5.2016058E+00   9.5476639E+00   3.3179828E+01  -2.0630840E+00   3.6572435E-01   2.7540996E+00   1.9837459E+01   5.4553169E+01   2.8332054E-03   6.8704124E-03   6.5816423E-03   6.6934997E-03  -2.5591523E-02  -2.1408629E-02   1.6746673E-04   9.1715041E-04
 -1.1592909E-07   1.1616016E-06  -2.5762077E-07   4.7321265E-06   2.4232593E-06   1.3468283E-05  -4.2296762E-06   8.2643217E-07   6.1632656E-05  -1.1909963E-04  -3.6000301E-04   9.0456231E-03   4.7381447E-04  -4.6469567E-04   2.3117467E-03   4.2060208E-04  -2.2008693E-04   1.7310760E-03   7.1061434E-04   2.8332054E-03   1.4771413E-03   2.9657105E-04   1.4956523E-04  -4.0161957E-04  -1.5765160E-04  -4.3384402E-05   1.1300760E-07   1.0870254E-06
 -2.8692509E-08   1.8384561E-07  -8.2994396E-08  -9.6220418E-07   6.5713111E-07  -7.0255065E-07  -7.9333367E-07   5.4448394E-07  -2.7186724E-03  -2.2009616E-05   6.1551916E-04  -1.0400549E-02   3.0143304E-03   2.6516898E-03   4.0821906E-03  -4.6440750E-04   4.7217312E-04   7.8405317E-04   3.5554860E-03   6.8704124E-03   2.9657105E-04   8.5407754E-04   7.2208883E-05   7.1533639E-04   4.8098959E-05  -4.3433648E-04   2.6709160E-07   3.2353029E-07
 -1.2199447E-07  -2.2038383E-06   8.6008680E-07   3.3089298E-06  -9.4830362E-07  -2.1090100E-06   8.3567494E-06   9.4764099E-08  -6.0510389E-03   3.3952515E-05  -1.3404204E-03  -2.7226706E-02  -1.0049559E-02  -7.8567210E-03   3.7212895E-04   2.9411312E-03   3.9411791E-03   3.6136608E-03   1.4223325E-03   6.5816423E-03   1.4956523E-04   7.2208883E-05   7.2351737E-03  -3.5099383E-04   6.4873410E-04   4.2192187E-03   4.8415140E-07   5.1550835E-07
 -2.9667482E-07   1.4670768E-06  -3.7220121E-07  -5.1618181E-06   1.5802023E-06  -1.0608869E-05  -1.3818275E-06  -9.6841748E-07  -6.8155022E-03  -3.4958602E-05   8.6429523E-04  -7.3408758E-03   2.4894745E-03   5.8402839E-03   1.4884714E-02  -1.1043722E-03  -8.7477277E-04   1.1186191E-03   2.9533285E-03   6.6934997E-03  -4.0161957E-04   7.1533639E-04  -3.5099383E-04   3.0165714E-03   6.5368739E-04  -8.0314511E-04  -3.3329171E-07  -2.8312100E-07
 -7.9686407E-07   5.1819744E-06  -9.8410688E-07  -1.2334698E-05   7.7415797E-06  -1.1835969E-05  -1.0653483E-05   1.0525160E-06   8.7363524E-03   7.6893786E-05  -3.9385523E-03   4.8038842E-02   1.7908013E-02   7.9179207E-03   1.0019453E-02  -2.6450749E-03  -2.7208524E-03   8.9503736E-04  -9.3067532E-03  -2.5591523E-02  -1.5765160E-04   4.8098959E-05   6.4873410E-04   6.5368739E-04   6.3614345E-03   7.8946326E-03  -3.6748402E-08  -2.0065394E-07
 -3.1446649E-06   2.0301166E-05  -4.8058802E-06  -3.0327251E-05   2.5739755E-05  -2.3351898E-05  -2.7376958E-05   4.3262217E-06  -1.3957351E-02  -1.1966336E-03  -8.4231226E-03   2.3324343E-01   4.4896694E-02   2.1345189E-02   5.8755771E-02  -3.2957771E-03  -4.1217772E-03  -5.6371671E-03  -2.0742758E-02  -2.1408629E-02  -4.3384402E-05  -4.3433648E-04   4.2192187E-03  -8.0314511E-04   7.8946326E-03   6.9735165E-02   3.7131343E-06   1.1165789E-06
  1.9966077E-09   9.7237845E-09   4.5702634E-10  -4.0523825E-08   5.8538176E-10   3.1330529E-08  -5.9974910E-08  -1.8910220E-08  -2.6551861E-04   5.4045251E-06   1.4099262E-04   3.1106929E-03   2.5068830E-05   5.2618161E-04   5.1494453E-04  -8.7394023E-05   1.8401283E-04  -1.6135511E-04   2.4997986E-05   1.6746673E-04   1.1300760E-07   2.6709160E-07   4.8415140E-07  -3.3329171E-07  -3.6748402E-08   3.7131343E-06   3.6993261E-07   6.3118244E-09
  3.4283658E-11  -1.1096756E-08  -7.7868822E-12   1.1944330E-07   1.5957079E-08   2.2836775E-07  -4.3286862E-08   1.8545183E-08   7.1278164E-04   1.4880354E-08  -3.1561445E-05   4.5377170E-04   9.9364674E-05  -3.6809472E-04  -1.2756724E-03  -1.3030300E-05   1.6097922E-05  -2.5880323E-05   4.2674212E-04   9.1715041E-04   1.0870254E-06   3.2353029E-07   5.1550835E-07  -2.8312100E-07  -2.0065394E-07   1.1165789E-06   6.3118244E-09   3.7005072E-07
