# omegabh2 omegach2 theta tau logA ns nrun calPlanck acib217 xi asz143 aps100 aps143 aps143217 aps217 aksz kgal100 kgal143 kgal143217 kgal217 cal0 cal2
    0.7252728E-07   -0.2918248E-06    0.5997772E-07    0.3442370E-05    0.6599782E-05    0.8608497E-06   -0.1094833E-05    0.2255992E-07   -0.1569952E-03    0.2325494E-05    0.4045613E-04   -0.5221231E-03   -0.4487038E-03   -0.1841644E-03   -0.3400729E-04   -0.5272305E-04    0.8001932E-05    0.1407331E-05   -0.1633407E-04   -0.7371600E-05    0.1050963E-07   -0.2339738E-07
   -0.2918248E-06    0.4692764E-05   -0.4732265E-06   -0.2140905E-04   -0.3215978E-04   -0.1158453E-04    0.1060456E-05   -0.2244440E-06    0.8312240E-03   -0.3245332E-04   -0.2153766E-03    0.3604892E-02    0.2059105E-02    0.4051453E-03    0.6364716E-04    0.3452191E-03   -0.8610071E-04    0.1385536E-04    0.5299791E-04    0.3251588E-04   -0.5386267E-07    0.1132693E-06
    0.5997772E-07   -0.4732265E-06    0.2277795E-06    0.3325322E-05    0.5852564E-05    0.1510845E-05   -0.4093359E-06    0.2108574E-07   -0.1313739E-03    0.3940512E-05    0.2321373E-04   -0.4211738E-03   -0.3488992E-03   -0.1157501E-03   -0.5483108E-04   -0.4193377E-04   -0.1828399E-05   -0.3793105E-05    0.5963922E-06    0.3879570E-04    0.7385406E-08   -0.8331884E-08
    0.3442370E-05   -0.2140905E-04    0.3325322E-05    0.5009495E-03    0.9661367E-03    0.6957261E-04   -0.8102283E-04   -0.1495329E-05   -0.1369115E-01    0.2340334E-03    0.3247304E-02   -0.5989336E-01   -0.2475179E-01   -0.3835314E-02    0.7700609E-02   -0.5045176E-02    0.5404878E-03   -0.6466764E-03   -0.1851320E-02   -0.1469902E-02    0.3260078E-06   -0.2249225E-05
    0.6599782E-05   -0.3215978E-04    0.5852564E-05    0.9661367E-03    0.1917881E-02    0.1104686E-03   -0.1753657E-03    0.9046196E-05   -0.2512819E-01    0.4526133E-03    0.5853603E-02   -0.1002023E+00   -0.4084682E-01   -0.2619735E-02    0.2192035E-01   -0.9804349E-02    0.5864339E-03   -0.1691060E-02   -0.3983422E-02   -0.1474535E-02    0.9090810E-06   -0.4331159E-05
    0.8608497E-06   -0.1158453E-04    0.1510845E-05    0.6957261E-04    0.1104686E-03    0.4148068E-04    0.1899366E-05    0.7421629E-06   -0.8016794E-02    0.2131624E-03    0.2164982E-02   -0.4160602E-01   -0.1309276E-01    0.2822684E-02    0.7149518E-02   -0.4127819E-02    0.5546842E-03   -0.2779745E-03   -0.3999250E-03    0.1053470E-02   -0.6376452E-07   -0.7936855E-06
   -0.1094833E-05    0.1060456E-05   -0.4093359E-06   -0.8102283E-04   -0.1753657E-03    0.1899366E-05    0.6734971E-04    0.1696366E-06   -0.5560944E-02    0.1278371E-03    0.1670188E-02   -0.2872975E-01   -0.9580845E-02    0.2627849E-02    0.5798439E-02   -0.2860314E-02   -0.3855688E-03   -0.4272308E-03   -0.3640081E-03    0.1426202E-02   -0.3726965E-06   -0.1728863E-06
    0.2255992E-07   -0.2244440E-06    0.2108574E-07   -0.1495329E-05    0.9046196E-05    0.7421629E-06    0.1696366E-06    0.6268521E-05    0.4548884E-03    0.1791372E-04    0.7584691E-04    0.3430662E-02    0.5988648E-03    0.1096957E-02    0.1902152E-02   -0.1327424E-03   -0.7624431E-05    0.6893819E-05   -0.8338087E-04    0.7472206E-03    0.1349051E-07   -0.3661375E-07
   -0.1569952E-03    0.8312240E-03   -0.1313739E-03   -0.1369115E-01   -0.2512819E-01   -0.8016794E-02   -0.5560944E-02    0.4548884E-03    0.4499290E+02   -0.5214356E+00   -0.1932821E+01    0.4990756E+02    0.2917368E+01   -0.2080005E+02   -0.6183069E+02    0.8871092E+00    0.2899749E+00    0.2012482E+00   -0.2196014E+01   -0.1923048E+02   -0.1850762E-03    0.4489582E-02
    0.2325494E-05   -0.3245332E-04    0.3940512E-05    0.2340334E-03    0.4526133E-03    0.2131624E-03    0.1278371E-03    0.1791372E-04   -0.5214356E+00    0.8190344E-01   -0.6493613E-01   -0.5391516E+00    0.9730927E+00    0.1854194E+01    0.7959134E+00    0.5490135E-01   -0.8518891E-02    0.5435026E-02    0.9241065E-01    0.1051920E+00    0.7372058E-05   -0.2209934E-04
    0.4045613E-04   -0.2153766E-03    0.2321373E-04    0.3247304E-02    0.5853603E-02    0.2164982E-02    0.1670188E-02    0.7584691E-04   -0.1932821E+01   -0.6493613E-01    0.3873637E+01   -0.3166186E+02   -0.4769877E+01    0.7755449E+01    0.6928145E+01   -0.2970417E+01   -0.2018191E+00    0.8084494E-01    0.2484883E+01    0.2353222E+01    0.1677846E-03   -0.3565840E-03
   -0.5221231E-03    0.3604892E-02   -0.4211738E-03   -0.5989336E-01   -0.1002023E+00   -0.4160602E-01   -0.2872975E-01    0.3430662E-02    0.4990756E+02   -0.5391516E+00   -0.3166186E+02    0.8115968E+03    0.8721847E+02   -0.5702869E+02   -0.7533641E+02    0.1637327E+02   -0.3190337E+01    0.3249748E+01   -0.1377664E+02   -0.2173553E+02    0.6341037E-02    0.4388745E-02
   -0.4487038E-03    0.2059105E-02   -0.3488992E-03   -0.2475179E-01   -0.4084682E-01   -0.1309276E-01   -0.9580845E-02    0.5988648E-03    0.2917368E+01    0.9730927E+00   -0.4769877E+01    0.8721847E+02    0.6781401E+02    0.4518833E+02    0.1729093E+02   -0.3550336E+01   -0.5253207E+00   -0.9512362E+00    0.3484436E+01    0.2662546E+01    0.2245042E-03    0.2927676E-03
   -0.1841644E-03    0.4051453E-03   -0.1157501E-03   -0.3835314E-02   -0.2619735E-02    0.2822684E-02    0.2627849E-02    0.1096957E-02   -0.2080005E+02    0.1854194E+01    0.7755449E+01   -0.5702869E+02    0.4518833E+02    0.9885392E+02    0.6801633E+02   -0.1272567E+02   -0.9298160E+00   -0.2613269E+00    0.4897830E+01    0.5512320E+01    0.8100713E-03   -0.2578024E-02
   -0.3400729E-04    0.6364716E-04   -0.5483108E-04    0.7700609E-02    0.2192035E-01    0.7149518E-02    0.5798439E-02    0.1902152E-02   -0.6183069E+02    0.7959134E+00    0.6928145E+01   -0.7533641E+02    0.1729093E+02    0.6801633E+02    0.1230686E+03   -0.1120580E+02   -0.7848034E+00   -0.4376948E+00   -0.2828087E+00    0.1546650E+02    0.6805279E-03   -0.7805824E-02
   -0.5272305E-04    0.3452191E-03   -0.4193377E-04   -0.5045176E-02   -0.9804349E-02   -0.4127819E-02   -0.2860314E-02   -0.1327424E-03    0.8871092E+00    0.5490135E-01   -0.2970417E+01    0.1637327E+02   -0.3550336E+01   -0.1272567E+02   -0.1120580E+02    0.6652359E+01    0.1446441E+00   -0.4969027E-01   -0.2077175E+01   -0.1864146E+01   -0.1492777E-03    0.2170478E-03
    0.8001932E-05   -0.8610071E-04   -0.1828399E-05    0.5404878E-03    0.5864339E-03    0.5546842E-03   -0.3855688E-03   -0.7624431E-05    0.2899749E+00   -0.8518891E-02   -0.2018191E+00   -0.3190337E+01   -0.5253207E+00   -0.9298160E+00   -0.7848034E+00    0.1446441E+00    0.3457695E+01    0.4507043E+00   -0.5686954E-04   -0.2966860E-01    0.2731323E-03    0.3348987E-04
    0.1407331E-05    0.1385536E-04   -0.3793105E-05   -0.6466764E-03   -0.1691060E-02   -0.2779745E-03   -0.4272308E-03    0.6893819E-05    0.2012482E+00    0.5435026E-02    0.8084494E-01    0.3249748E+01   -0.9512362E+00   -0.2613269E+00   -0.4376948E+00   -0.4969027E-01    0.4507043E+00    0.3353676E+01    0.2578266E+01    0.1637603E+01   -0.2632456E-03   -0.2184321E-03
   -0.1633407E-04    0.5299791E-04    0.5963922E-06   -0.1851320E-02   -0.3983422E-02   -0.3999250E-03   -0.3640081E-03   -0.8338087E-04   -0.2196014E+01    0.9241065E-01    0.2484883E+01   -0.1377664E+02    0.3484436E+01    0.4897830E+01   -0.2828087E+00   -0.2077175E+01   -0.5686954E-04    0.2578266E+01    0.1753634E+02    0.2628783E+02    0.9841083E-05    0.2557259E-02
   -0.7371600E-05    0.3251588E-04    0.3879570E-04   -0.1469902E-02   -0.1474535E-02    0.1053470E-02    0.1426202E-02    0.7472206E-03   -0.1923048E+02    0.1051920E+00    0.2353222E+01   -0.2173553E+02    0.2662546E+01    0.5512320E+01    0.1546650E+02   -0.1864146E+01   -0.2966860E-01    0.1637603E+01    0.2628783E+02    0.5583541E+02    0.7653859E-04    0.4580259E-02
    0.1050963E-07   -0.5386267E-07    0.7385406E-08    0.3260078E-06    0.9090810E-06   -0.6376452E-07   -0.3726965E-06    0.1349051E-07   -0.1850762E-03    0.7372058E-05    0.1677846E-03    0.6341037E-02    0.2245042E-03    0.8100713E-03    0.6805279E-03   -0.1492777E-03    0.2731323E-03   -0.2632456E-03    0.9841083E-05    0.7653859E-04    0.5984824E-06    0.1084588E-07
   -0.2339738E-07    0.1132693E-06   -0.8331884E-08   -0.2249225E-05   -0.4331159E-05   -0.7936855E-06   -0.1728863E-06   -0.3661375E-07    0.4489582E-02   -0.2209934E-04   -0.3565840E-03    0.4388745E-02    0.2927676E-03   -0.2578024E-02   -0.7805824E-02    0.2170478E-03    0.3348987E-04   -0.2184321E-03    0.2557259E-02    0.4580259E-02    0.1084588E-07    0.2105401E-05
