# omegabh2 omegach2 theta tau logA ns galfEE100 galfEE100143 galfEE100217 galfEE143 galfEE143217 galfEE217 calPlanck
    0.4590595E-06   -0.2918243E-06   -0.7071488E-07    0.5247688E-05    0.1736944E-04    0.2686109E-06   -0.8763692E-06   -0.1014871E-05   -0.6383219E-06   -0.1115522E-05    0.2899877E-06   -0.3270463E-05    0.1282684E-08
   -0.2918243E-06    0.2355870E-05    0.3437817E-06   -0.9183640E-05   -0.1432405E-04   -0.5758531E-05   -0.2705735E-06   -0.3939354E-06    0.7755607E-06   -0.5863722E-06   -0.1429097E-05   -0.1360581E-05    0.1901712E-06
   -0.7071488E-07    0.3437817E-06    0.7512685E-06   -0.5131552E-05   -0.1091122E-04    0.1455624E-06    0.1962345E-06    0.1372514E-06   -0.7129132E-07    0.3686388E-06   -0.1903256E-05   -0.2540606E-05    0.4515513E-07
    0.5247688E-05   -0.9183640E-05   -0.5131552E-05    0.3737013E-02    0.7579180E-02    0.8038391E-04   -0.1248000E-03   -0.1341569E-03   -0.1429662E-03   -0.1362852E-03   -0.6930774E-04   -0.1622533E-03   -0.4869225E-05
    0.1736944E-04   -0.1432405E-04   -0.1091122E-04    0.7579180E-02    0.1555528E-01    0.1605693E-03   -0.2671556E-03   -0.2893238E-03   -0.3019188E-03   -0.2924895E-03   -0.1431195E-03   -0.4370406E-03    0.3680894E-05
    0.2686109E-06   -0.5758531E-05    0.1455624E-06    0.8038391E-04    0.1605693E-03    0.1198100E-03    0.1153806E-04    0.1547392E-04   -0.1007294E-04    0.2009230E-04   -0.3253156E-04   -0.3191497E-04   -0.4128288E-06
   -0.8763692E-06   -0.2705735E-06    0.1962345E-06   -0.1248000E-03   -0.2671556E-03    0.1153806E-04    0.4079868E-04    0.1873528E-04    0.5277725E-05    0.1246555E-04   -0.7823742E-05    0.1164729E-04    0.4516566E-06
   -0.1014871E-05   -0.3939354E-06    0.1372514E-06   -0.1341569E-03   -0.2893238E-03    0.1547392E-04    0.1873528E-04    0.3670201E-04    0.5641727E-05    0.2282323E-04    0.2762582E-05    0.1724005E-04    0.3516633E-06
   -0.6383219E-06    0.7755607E-06   -0.7129132E-07   -0.1429662E-03   -0.3019188E-03   -0.1007294E-04    0.5277725E-05    0.5641727E-05    0.1075956E-02   -0.5822053E-05    0.2710150E-04   -0.1587218E-04   -0.1253547E-05
   -0.1115522E-05   -0.5863722E-06    0.3686388E-06   -0.1362852E-03   -0.2924895E-03    0.2009230E-04    0.1246555E-04    0.2282323E-04   -0.5822053E-05    0.5961678E-04   -0.5384180E-05    0.1580625E-04    0.1601252E-05
    0.2899877E-06   -0.1429097E-05   -0.1903256E-05   -0.6930774E-04   -0.1431195E-03   -0.3253156E-04   -0.7823742E-05    0.2762582E-05    0.2710150E-04   -0.5384180E-05    0.2076885E-02   -0.1123277E-03    0.3736446E-05
   -0.3270463E-05   -0.1360581E-05   -0.2540606E-05   -0.1622533E-03   -0.4370406E-03   -0.3191497E-04    0.1164729E-04    0.1724005E-04   -0.1587218E-04    0.1580625E-04   -0.1123277E-03    0.1664383E-01   -0.4000497E-05
    0.1282684E-08    0.1901712E-06    0.4515513E-07   -0.4869225E-05    0.3680894E-05   -0.4128288E-06    0.4516566E-06    0.3516633E-06   -0.1253547E-05    0.1601252E-05    0.3736446E-05   -0.4000497E-05    0.6107415E-05
