# omegabh2 omegach2 theta tau w logA ns calPlanck aps100 aps143 aps217 acib217 asz143 psr cibr xi aksz dust100 dust143 dust217 dust143x217 cal0 cal2 calTE calEE
  2.1894788E-08  -7.6692634E-08   1.2339077E-08   1.6742955E-07   1.4144808E-06   2.5237785E-07   2.3829693E-07   2.1485518E-08  -3.3766423E-04  -2.5602533E-04   4.5714083E-05  -1.0174652E-04   1.6023312E-05   8.7449374E-07  -2.1761355E-06   3.6694121E-07  -2.5627193E-05  -7.1742257E-08   1.3500339E-07   6.8333313E-07   4.0157192E-07   1.6594753E-09  -3.8844242E-09  -8.6580834E-08  -2.3781549E-07
 -7.6692634E-08   1.4561543E-06  -1.1029819E-07  -1.2419410E-06  -2.3387968E-05   7.3095640E-07  -3.1996753E-06  -1.3826862E-07   2.0209022E-04   6.3518602E-04   4.0109196E-04  -5.5032409E-06  -3.8279328E-06  -6.1096895E-07   3.9156549E-06  -6.1668454E-06  -4.3662866E-05  -2.5738348E-06  -3.3829228E-06   1.6401473E-06  -9.3329696E-07  -4.9785003E-09   1.6015094E-08  -3.9543172E-07  -7.3024263E-07
  1.2339077E-08  -1.1029819E-07   9.6826216E-08   2.0201346E-07   2.6337944E-06   3.1896790E-07   3.4927689E-07   4.4278593E-08  -1.3851600E-05   1.7149756E-05  -1.9288017E-05   2.7898167E-05   8.5756992E-06   7.9238682E-07  -3.2310690E-07   7.4880549E-07  -2.1662347E-06  -7.1104705E-08   5.6699860E-08  -3.1069058E-07   7.4611534E-07   2.8027350E-09  -3.0529110E-09  -4.5296376E-09   8.3578952E-08
  1.6742955E-07  -1.2419410E-06   2.0201346E-07   4.2172097E-05   2.0238543E-05   8.1871533E-05   4.9928537E-06   1.8240911E-07  -7.7541622E-03  -3.4646936E-03   7.8475612E-04  -1.3545730E-03   1.1056241E-04   2.1470976E-05  -5.0946050E-05   1.9659526E-05  -4.8599994E-04  -1.0352358E-05   3.2591605E-06  -2.5588293E-06   1.2010651E-06  -1.1902611E-07  -1.2267178E-07  -3.1783817E-06  -1.6174943E-06
  1.4144808E-06  -2.3387968E-05   2.6337944E-06   2.0238543E-05   1.1215947E-03  -6.9721294E-06   5.4439004E-05   3.7288611E-06  -2.2459367E-02  -1.2705977E-02  -4.5448076E-03  -9.1628696E-04   1.2451066E-03   6.5593690E-05  -1.0152889E-04  -4.8010490E-06   1.3921668E-04   4.4232387E-05   2.3358996E-05  -1.1033875E-05   3.0613472E-05   1.9062418E-07  -5.3194237E-08   9.3961455E-06   1.0321921E-05
  2.5237785E-07   7.3095640E-07   3.1896790E-07   8.1871533E-05  -6.9721294E-06   1.9586542E-04   1.4058123E-06   1.2902364E-05  -1.0642794E-02  -4.8256886E-03   1.0783065E-02  -4.3122015E-03   1.7363843E-04   7.4636616E-05  -1.7190802E-04   6.6340368E-05  -1.8332435E-03  -4.0109867E-05  -1.0019383E-04   1.7138844E-05  -1.9582830E-05   4.4051243E-07  -3.4220557E-07  -7.9969825E-06  -2.8554126E-06
  2.3829693E-07  -3.1996753E-06   3.4927689E-07   4.9928537E-06   5.4439004E-05   1.4058123E-06   1.7139634E-05   4.2758323E-07  -2.1162936E-02  -7.1805172E-03   7.1868898E-03  -5.4054504E-03   3.5033501E-04   5.7220649E-05  -1.1277617E-04   6.9677553E-05  -1.6372226E-03   2.0131753E-05  -1.5952550E-05   2.2891129E-05  -3.7776057E-06  -3.4191783E-07  -3.5386696E-07   2.6514901E-07  -2.2406008E-06
  2.1485518E-08  -1.3826862E-07   4.4278593E-08   1.8240911E-07   3.7288611E-06   1.2902364E-05   4.2758323E-07   6.3334408E-06   2.9268469E-03  -8.5476495E-05   1.3332702E-03   3.8688181E-04  -8.5382433E-05   3.3726206E-07  -1.2997997E-05   7.3470097E-07   1.4485845E-04   3.4887092E-06   1.5801247E-06   3.6965970E-06  -2.7412623E-06  -6.7947656E-10  -7.5720307E-08  -6.2137937E-07  -2.1283350E-07
 -3.3766423E-04   2.0209022E-04  -1.3851600E-05  -7.7541622E-03  -2.2459367E-02  -1.0642794E-02  -2.1162936E-02   2.9268469E-03   5.9275657E+02   5.4576479E+01  -5.5548363E+01   2.8376343E+01  -2.5041025E+01  -7.9499430E-01  -2.5618012E-01  -1.7253874E-01   1.1763834E+01  -1.9521653E-01   2.6126357E-01  -2.1811612E-01  -1.2230062E-01   6.4429135E-03   3.1617171E-03   1.3324055E-03   6.9670561E-03
 -2.5602533E-04   6.3518602E-04   1.7149756E-05  -3.4646936E-03  -1.2705977E-02  -4.8256886E-03  -7.1805172E-03  -8.5476495E-05   5.4576479E+01   6.7344363E+01   9.2989635E+00   5.9727642E+00  -1.7124472E-01  -7.1613575E-03   4.5924802E-01   9.4645632E-01  -8.3934761E+00  -2.8342569E-02  -2.3228663E-01   5.6273885E-02   6.2397573E-02   8.7598454E-04   7.1713759E-04   2.5054785E-03   5.2690334E-03
  4.5714083E-05   4.0109196E-04  -1.9288017E-05   7.8475612E-04  -4.5448076E-03   1.0783065E-02   7.1868898E-03   1.3332702E-03  -5.5548363E+01   9.2989635E+00   1.7569044E+02  -8.2883847E+01   2.2989546E+00   3.1523599E-01  -1.0064281E+00   3.2415539E-01  -6.8208819E+00   5.7477488E-03  -2.8477607E-01   5.3574053E-01  -6.2483321E-02   1.8727488E-03  -7.8473817E-03   2.7879122E-03   2.7306370E-03
 -1.0174652E-04  -5.5032409E-06   2.7898167E-05  -1.3545730E-03  -9.1628696E-04  -4.3122015E-03  -5.4054504E-03   3.8688181E-04   2.8376343E+01   5.9727642E+00  -8.2883847E+01   5.1554276E+01   1.9705916E+00  -3.2552006E-02   7.1591413E-01  -2.4444828E-01  -2.9958298E+00  -9.6527941E-04   1.7136786E-01  -4.4129483E-01  -9.2735405E-02  -6.1226620E-04   3.1126687E-03  -7.3113251E-04   3.8688565E-04
  1.6023312E-05  -3.8279328E-06   8.5756992E-06   1.1056241E-04   1.2451066E-03   1.7363843E-04   3.5033501E-04  -8.5382433E-05  -2.5041025E+01  -1.7124472E-01   2.2989546E+00   1.9705916E+00   4.3618006E+00   9.7808464E-02   1.6958310E-01  -3.8992042E-02  -3.5728753E+00  -7.1140100E-03  -5.1517839E-03   7.3751960E-03   4.7527070E-02   4.7049576E-04  -1.9677385E-04  -9.0129740E-05  -1.1704741E-04
  8.7449374E-07  -6.1096895E-07   7.9238682E-07   2.1470976E-05   6.5593690E-05   7.4636616E-05   5.7220649E-05   3.3726206E-07  -7.9499430E-01  -7.1613575E-03   3.1523599E-01  -3.2552006E-02   9.7808464E-02   1.6483733E-02  -1.6461431E-02   1.2158874E-02  -9.9835452E-02  -2.3080499E-04  -1.3773842E-03  -2.8605001E-03   4.9368615E-03   1.7255638E-05  -3.7818312E-05   2.5996777E-05   1.3637354E-05
 -2.1761355E-06   3.9156549E-06  -3.2310690E-07  -5.0946050E-05  -1.0152889E-04  -1.7190802E-04  -1.1277617E-04  -1.2997997E-05  -2.5618012E-01   4.5924802E-01  -1.0064281E+00   7.1591413E-01   1.6958310E-01  -1.6461431E-02   6.8311313E-02   4.1586546E-03  -1.7596455E-01   4.5232084E-04   7.4020512E-03   1.0298953E-04  -1.7183199E-02  -5.6491958E-06   9.6472347E-05  -3.8872249E-05  -5.8163509E-06
  3.6694121E-07  -6.1668454E-06   7.4880549E-07   1.9659526E-05  -4.8010490E-06   6.6340368E-05   6.9677553E-05   7.3470097E-07  -1.7253874E-01   9.4645632E-01   3.2415539E-01  -2.4444828E-01  -3.8992042E-02   1.2158874E-02   4.1586546E-03   8.3130292E-02   3.2958948E-02   3.1172295E-04   2.7233788E-04   1.1240033E-03   1.4388602E-03   1.4105836E-05  -7.2315521E-06   2.7834837E-05   3.6914297E-05
 -2.5627193E-05  -4.3662866E-05  -2.1662347E-06  -4.8599994E-04   1.3921668E-04  -1.8332435E-03  -1.6372226E-03   1.4485845E-04   1.1763834E+01  -8.3934761E+00  -6.8208819E+00  -2.9958298E+00  -3.5728753E+00  -9.9835452E-02  -1.7596455E-01   3.2958948E-02   7.3815998E+00   3.7490074E-03  -2.7657239E-03  -1.0369381E-03  -4.0742648E-02  -4.0127574E-04   3.0611875E-05  -3.4924743E-04  -3.0869360E-04
 -7.1742257E-08  -2.5738348E-06  -7.1104705E-08  -1.0352358E-05   4.4232387E-05  -4.0109867E-05   2.0131753E-05   3.4887092E-06  -1.9521653E-01  -2.8342569E-02   5.7477488E-03  -9.6527941E-04  -7.1140100E-03  -2.3080499E-04   4.5232084E-04   3.1172295E-04   3.7490074E-03   3.7820344E-02   2.7674532E-03  -6.3436169E-05   1.8672708E-04   3.5373579E-05  -3.8797205E-06  -4.8823513E-06  -8.3057599E-06
  1.3500339E-07  -3.3829228E-06   5.6699860E-08   3.2591605E-06   2.3358996E-05  -1.0019383E-04  -1.5952550E-05   1.5801247E-06   2.6126357E-01  -2.3228663E-01  -2.8477607E-01   1.7136786E-01  -5.1517839E-03  -1.3773842E-03   7.4020512E-03   2.7233788E-04  -2.7657239E-03   2.7674532E-03   3.1358929E-02  -7.4699801E-04   5.4451538E-03  -8.2391823E-05  -4.3978386E-05  -9.0008369E-05  -8.6386707E-05
  6.8333313E-07   1.6401473E-06  -3.1069058E-07  -2.5588293E-06  -1.1033875E-05   1.7138844E-05   2.2891129E-05   3.6965970E-06  -2.1811612E-01   5.6273885E-02   5.3574053E-01  -4.4129483E-01   7.3751960E-03  -2.8605001E-03   1.0298953E-04   1.1240033E-03  -1.0369381E-03  -6.3436169E-05  -7.4699801E-04   1.0611304E-02   8.2332495E-03   4.5377143E-06   6.5232093E-05  -2.2715364E-06  -8.7074906E-06
  4.0157192E-07  -9.3329696E-07   7.4611534E-07   1.2010651E-06   3.0613472E-05  -1.9582830E-05  -3.7776057E-06  -2.7412623E-06  -1.2230062E-01   6.2397573E-02  -6.2483321E-02  -9.2735405E-02   4.7527070E-02   4.9368615E-03  -1.7183199E-02   1.4388602E-03  -4.0742648E-02   1.8672708E-04   5.4451538E-03   8.2332495E-03   2.5921796E-02  -4.3824004E-06   5.9483729E-05  -2.0427496E-05  -1.4307766E-05
  1.6594753E-09  -4.9785003E-09   2.8027350E-09  -1.1902611E-07   1.9062418E-07   4.4051243E-07  -3.4191783E-07  -6.7947656E-10   6.4429135E-03   8.7598454E-04   1.8727488E-03  -6.1226620E-04   4.7049576E-04   1.7255638E-05  -5.6491958E-06   1.4105836E-05  -4.0127574E-04   3.5373579E-05  -8.2391823E-05   4.5377143E-06  -4.3824004E-06   1.1268007E-06   4.2830761E-08   3.8007381E-07   6.6486997E-07
 -3.8844242E-09   1.6015094E-08  -3.0529110E-09  -1.2267178E-07  -5.3194237E-08  -3.4220557E-07  -3.5386696E-07  -7.5720307E-08   3.1617171E-03   7.1713759E-04  -7.8473817E-03   3.1126687E-03  -1.9677385E-04  -3.7818312E-05   9.6472347E-05  -7.2315521E-06   3.0611875E-05  -3.8797205E-06  -4.3978386E-05   6.5232093E-05   5.9483729E-05   4.2830761E-08   2.5185819E-06   1.7065672E-07   7.9035195E-08
 -8.6580834E-08  -3.9543172E-07  -4.5296376E-09  -3.1783817E-06   9.3961455E-06  -7.9969825E-06   2.6514901E-07  -6.2137937E-07   1.3324055E-03   2.5054785E-03   2.7879122E-03  -7.3113251E-04  -9.0129740E-05   2.5996777E-05  -3.8872249E-05   2.7834837E-05  -3.4924743E-04  -4.8823513E-06  -9.0008369E-05  -2.2715364E-06  -2.0427496E-05   3.8007381E-07   1.7065672E-07   2.4044130E-05   8.3633354E-06
 -2.3781549E-07  -7.3024263E-07   8.3578952E-08  -1.6174943E-06   1.0321921E-05  -2.8554126E-06  -2.2406008E-06  -2.1283350E-07   6.9670561E-03   5.2690334E-03   2.7306370E-03   3.8688565E-04  -1.1704741E-04   1.3637354E-05  -5.8163509E-06   3.6914297E-05  -3.0869360E-04  -8.3057599E-06  -8.6386707E-05  -8.7074906E-06  -1.4307766E-05   6.6486997E-07   7.9035195E-08   8.3633354E-06   2.4239398E-05
