# omegabh2 omegach2 theta tau w logA ns calPlanck acib217 xi asz143 aps100 aps143 aps143217 aps217 aksz kgal100 kgal143 kgal143217 kgal217 cal0 cal2
  4.3759231E-08  -1.3968908E-07   3.5715361E-08   4.3759658E-07  -8.3035225E-06   7.1898065E-07   4.5385942E-07   2.7127373E-08  -1.6927216E-04   1.9065559E-06   4.5825807E-05  -8.5977935E-04  -5.0174565E-04  -1.9831187E-04  -2.5964490E-05  -5.6530878E-05   5.5107382E-06  -1.8205916E-06   3.3618180E-07   6.3832447E-05  -1.3250318E-09  -3.4296385E-10
 -1.3968908E-07   2.5554980E-06  -2.5841688E-07  -5.6658242E-06   8.1500677E-05  -6.4233981E-06  -5.7596617E-06  -4.6508207E-07   4.8297419E-04  -2.9368298E-06  -8.3133371E-05   1.9375024E-03   1.1908567E-03   6.0230256E-04  -1.2064936E-04   1.5843009E-04   3.7528508E-05   4.5102281E-05   6.6209962E-06  -2.3069556E-04  -1.7589028E-08   1.0253893E-08
  3.5715361E-08  -2.5841688E-07   2.0344856E-07   7.1427038E-07  -1.1623529E-05   1.1848960E-06   8.5684311E-07   7.2222305E-08  -2.9162454E-05   1.0977935E-07   3.0411422E-05  -4.4844135E-04  -2.7206131E-04  -8.8876967E-05  -3.0756381E-05  -2.3782453E-05   8.8017667E-07  -3.1797068E-07  -2.1336690E-05  -3.1022947E-05  -2.7155042E-10  -9.8514364E-10
  4.3759658E-07  -5.6658242E-06   7.1427038E-07   6.0747951E-05   1.5801977E-04   1.0741058E-04   1.5999211E-05  -2.7273176E-08  -3.0616708E-03   4.8056368E-05   6.2711156E-04  -1.2357731E-02  -5.8785834E-03  -1.7162304E-03   7.6254392E-04  -8.3244806E-04  -2.2451450E-04  -6.2269532E-05   4.4632016E-04   1.8394832E-03  -3.8483792E-08  -2.4985501E-08
 -8.3035225E-06   8.1500677E-05  -1.1623529E-05   1.5801977E-04   7.6690912E-02   5.5946000E-04  -1.9776166E-04   2.6111135E-05   7.3411612E-03   6.3523289E-04  -2.6206609E-02   2.9045468E-01   1.0220910E-01   2.7138264E-02   1.5578060E-02   2.0913026E-02  -7.3551505E-03   6.3106669E-03  -4.1743105E-04   2.1840682E-02  -3.0620050E-06   4.0556947E-06
  7.1898065E-07  -6.4233981E-06   1.1848960E-06   1.0741058E-04   5.5946000E-04   2.2267742E-04   1.9582567E-05   1.0575062E-05  -5.3117534E-03   1.3501602E-04   1.0458832E-03  -1.6989634E-02  -7.8579693E-03   5.2043891E-05   6.4448620E-03  -2.1737656E-03  -5.2683174E-04  -6.4730065E-04   4.6296675E-04   4.5172265E-03   2.2841250E-08  -2.5509063E-08
  4.5385942E-07  -5.7596617E-06   8.5684311E-07   1.5999211E-05  -1.9776166E-04   1.9582567E-05   2.4374420E-05   1.2230908E-06  -5.9021849E-03   1.0581254E-04   1.2939135E-03  -3.1059562E-02  -9.7247021E-03   7.7201039E-04   5.6693762E-03  -2.7317477E-03   4.7165320E-04  -4.4148661E-04  -3.7348937E-04   1.8842450E-03  -6.7738713E-08  -1.0155238E-07
  2.7127373E-08  -4.6508207E-07   7.2222305E-08  -2.7273176E-08   2.6111135E-05   1.0575062E-05   1.2230908E-06   5.8870377E-06   6.9706420E-04  -7.3218228E-08  -5.8057581E-06   3.7691926E-03   6.9926106E-04   2.1115159E-04   9.9509711E-04  -5.6595289E-05   7.1545685E-05  -3.9528398E-05   7.1184154E-05   7.9996325E-04  -7.6317298E-09   5.4833995E-09
 -1.6927216E-04   4.8297419E-04  -2.9162454E-05  -3.0616708E-03   7.3411612E-03  -5.3117534E-03  -5.9021849E-03   6.9706420E-04   4.5313640E+01  -3.7105809E-01  -9.5756627E-01   3.8295412E+01   3.4318313E+00  -1.2601813E+01  -5.5355080E+01  -3.0411875E-02   1.6116162E-01   5.8411933E-01  -5.7174470E+00  -3.3490691E+01  -2.0820794E-04   7.5450612E-04
  1.9065559E-06  -2.9368298E-06   1.0977935E-07   4.8056368E-05   6.3523289E-04   1.3501602E-04   1.0581254E-04  -7.3218228E-08  -3.7105809E-01   8.1924586E-02  -5.3803552E-02  -5.6610537E-01   9.1780836E-01   1.6298648E+00   5.6981117E-01   4.7478271E-02   5.0513240E-03   8.3174861E-03   1.0402978E-01   1.3753799E-01   7.3807113E-08  -1.9588365E-06
  4.5825807E-05  -8.3133371E-05   3.0411422E-05   6.2711156E-04  -2.6206609E-02   1.0458832E-03   1.2939135E-03  -5.8057581E-06  -9.5756627E-01  -5.3803552E-02   4.0037377E+00  -3.1991171E+01  -3.4671519E+00   7.7354116E+00   5.6240608E+00  -2.9622756E+00  -1.3505124E-01   1.4150627E-01   2.7236447E+00   3.3824088E+00   1.2510571E-04  -6.3810210E-05
 -8.5977935E-04   1.9375024E-03  -4.4844135E-04  -1.2357731E-02   2.9045468E-01  -1.6989634E-02  -3.1059562E-02   3.7691926E-03   3.8295412E+01  -5.6610537E-01  -3.1991171E+01   8.0984061E+02   7.6313398E+01  -5.4440546E+01  -6.0951357E+01   1.5300465E+01  -7.7501859E+00   5.8313974E+00  -1.2776631E+01  -2.6081767E+01   3.8908033E-03   4.2681203E-04
 -5.0174565E-04   1.1908567E-03  -2.7206131E-04  -5.8785834E-03   1.0220910E-01  -7.8579693E-03  -9.7247021E-03   6.9926106E-04   3.4318313E+00   9.1780836E-01  -3.4671519E+00   7.6313398E+01   6.6350004E+01   4.2554063E+01   1.5790280E+01  -5.1364640E+00  -5.9298382E-01  -1.1455462E+00   3.7435559E+00   3.8481955E+00   3.8248369E-05   5.7177354E-05
 -1.9831187E-04   6.0230256E-04  -8.8876967E-05  -1.7162304E-03   2.7138264E-02   5.2043891E-05   7.7201039E-04   2.1115159E-04  -1.2601813E+01   1.6298648E+00   7.7354116E+00  -5.4440546E+01   4.2554063E+01   8.5965216E+01   5.4306900E+01  -1.2701695E+01  -5.4340100E-01  -6.8645784E-01   5.1071087E+00   8.2467976E+00   4.3893157E-04  -5.7732599E-04
 -2.5964490E-05  -1.2064936E-04  -3.0756381E-05   7.6254392E-04   1.5578060E-02   6.4448620E-03   5.6693762E-03   9.9509711E-04  -5.5355080E+01   5.6981117E-01   5.6240608E+00  -6.0951357E+01   1.5790280E+01   5.4306900E+01   1.0568436E+02  -1.0035120E+01  -4.8035280E-01  -1.1765033E+00   5.5821393E+00   3.3420512E+01   5.5773313E-04  -1.5481233E-03
 -5.6530878E-05   1.5843009E-04  -2.3782453E-05  -8.3244806E-04   2.0913026E-02  -2.1737656E-03  -2.7317477E-03  -5.6595289E-05  -3.0411875E-02   4.7478271E-02  -2.9622756E+00   1.5300465E+01  -5.1364640E+00  -1.2701695E+01  -1.0035120E+01   6.3485712E+00   1.7511616E-02  -2.4218759E-01  -2.2359090E+00  -2.4392988E+00  -9.0836745E-05   5.2286612E-05
  5.5107382E-06   3.7528508E-05   8.8017667E-07  -2.2451450E-04  -7.3551505E-03  -5.2683174E-04   4.7165320E-04   7.1545685E-05   1.6116162E-01   5.0513240E-03  -1.3505124E-01  -7.7501859E+00  -5.9298382E-01  -5.4340100E-01  -4.8035280E-01   1.7511616E-02   3.4048242E+00   5.4931280E-01   1.7502848E-01   3.6862499E-02   1.5922230E-04  -1.7316501E-05
 -1.8205916E-06   4.5102281E-05  -3.1797068E-07  -6.2269532E-05   6.3106669E-03  -6.4730065E-04  -4.4148661E-04  -3.9528398E-05   5.8411933E-01   8.3174861E-03   1.4150627E-01   5.8313974E+00  -1.1455462E+00  -6.8645784E-01  -1.1765033E+00  -2.4218759E-01   5.4931280E-01   3.1948635E+00   2.6878571E+00   2.5898373E+00  -1.9779797E-04  -6.6033051E-05
  3.3618180E-07   6.6209962E-06  -2.1336690E-05   4.4632016E-04  -4.1743105E-04   4.6296675E-04  -3.7348937E-04   7.1184154E-05  -5.7174470E+00   1.0402978E-01   2.7236447E+00  -1.2776631E+01   3.7435559E+00   5.1071087E+00   5.5821393E+00  -2.2359090E+00   1.7502848E-01   2.6878571E+00   1.0794318E+01   1.9135049E+01  -2.3182889E-05   4.0661108E-04
  6.3832447E-05  -2.3069556E-04  -3.1022947E-05   1.8394832E-03   2.1840682E-02   4.5172265E-03   1.8842450E-03   7.9996325E-04  -3.3490691E+01   1.3753799E-01   3.3824088E+00  -2.6081767E+01   3.8481955E+00   8.2467976E+00   3.3420512E+01  -2.4392988E+00   3.6862499E-02   2.5898373E+00   1.9135049E+01   5.3296337E+01   6.7172586E-05   9.3917194E-04
 -1.3250318E-09  -1.7589028E-08  -2.7155042E-10  -3.8483792E-08  -3.0620050E-06   2.2841250E-08  -6.7738713E-08  -7.6317298E-09  -2.0820794E-04   7.3807113E-08   1.2510571E-04   3.8908033E-03   3.8248369E-05   4.3893157E-04   5.5773313E-04  -9.0836745E-05   1.5922230E-04  -1.9779797E-04  -2.3182889E-05   6.7172586E-05   3.8885029E-07  -2.8337467E-09
 -3.4296385E-10   1.0253893E-08  -9.8514364E-10  -2.4985501E-08   4.0556947E-06  -2.5509063E-08  -1.0155238E-07   5.4833995E-09   7.5450612E-04  -1.9588365E-06  -6.3810210E-05   4.2681203E-04   5.7177354E-05  -5.7732599E-04  -1.5481233E-03   5.2286612E-05  -1.7316501E-05  -6.6033051E-05   4.0661108E-04   9.3917194E-04  -2.8337467E-09   4.0858744E-07
