# omegabh2 omegach2 theta tau logA ns calPlanck galfEE100 galfEE100143 galfEE100217 galfEE143 galfEE143217 galfEE217
    0.1103450E-05   -0.3366776E-05    0.3748752E-06    0.4082893E-05    0.1361257E-04    0.8888723E-05    0.1929047E-07    0.9266860E-07    0.5409151E-07    0.3192206E-06    0.1630774E-07    0.1206167E-05    0.5056231E-06
   -0.3366776E-05    0.1568806E-04   -0.1299339E-05   -0.5683842E-04   -0.1107994E-03   -0.4423756E-04   -0.1437211E-06   -0.3346650E-05   -0.3772487E-05   -0.9084908E-06   -0.3844150E-05   -0.4452909E-05   -0.6646025E-05
    0.3748752E-06   -0.1299339E-05    0.7889053E-06    0.9381191E-05    0.1975477E-04    0.4482734E-05    0.5586824E-07    0.1316997E-06    0.1315586E-06   -0.3084852E-07    0.1781816E-06   -0.3732127E-06   -0.3472922E-06
    0.4082893E-05   -0.5683842E-04    0.9381191E-05    0.6514521E-03    0.1122846E-02    0.1723489E-03   -0.4176766E-05    0.2550698E-04    0.3031897E-04    0.2336574E-05    0.3176354E-04    0.2174846E-04    0.8369080E-04
    0.1361257E-04   -0.1107994E-03    0.1975477E-04    0.1122846E-02    0.2029402E-02    0.3421411E-03    0.3865726E-05    0.4210293E-04    0.4880741E-04    0.4237309E-05    0.5196283E-04    0.3265396E-04    0.1069134E-03
    0.8888723E-05   -0.4423756E-04    0.4482734E-05    0.1723489E-03    0.3421411E-03    0.2285103E-03    0.4616032E-06    0.2425130E-04    0.2764348E-04   -0.3055962E-05    0.2902919E-04   -0.1042818E-04   -0.4236604E-04
    0.1929047E-07   -0.1437211E-06    0.5586824E-07   -0.4176766E-05    0.3865726E-05    0.4616032E-06    0.6233065E-05    0.8507352E-06    0.5184800E-06    0.6553272E-06    0.1057047E-05    0.3015675E-06   -0.4195659E-06
    0.9266860E-07   -0.3346650E-05    0.1316997E-06    0.2550698E-04    0.4210293E-04    0.2425130E-04    0.8507352E-06    0.3594176E-04    0.1314737E-04   -0.1497224E-05    0.7706562E-05   -0.2614534E-05   -0.1084914E-05
    0.5409151E-07   -0.3772487E-05    0.1315586E-06    0.3031897E-04    0.4880741E-04    0.2764348E-04    0.5184800E-06    0.1314737E-04    0.3025112E-04   -0.1032549E-05    0.1779056E-04   -0.4367442E-06    0.1674177E-05
    0.3192206E-06   -0.9084908E-06   -0.3084852E-07    0.2336574E-05    0.4237309E-05   -0.3055962E-05    0.6553272E-06   -0.1497224E-05   -0.1032549E-05    0.1064494E-02   -0.1313426E-05    0.2028531E-04   -0.3609681E-04
    0.1630774E-07   -0.3844150E-05    0.1781816E-06    0.3176354E-04    0.5196283E-04    0.2902919E-04    0.1057047E-05    0.7706562E-05    0.1779056E-04   -0.1313426E-05    0.5343224E-04   -0.2964206E-05    0.1877448E-05
    0.1206167E-05   -0.4452909E-05   -0.3732127E-06    0.2174846E-04    0.3265396E-04   -0.1042818E-04    0.3015675E-06   -0.2614534E-05   -0.4367442E-06    0.2028531E-04   -0.2964206E-05    0.2203818E-02    0.9982442E-04
    0.5056231E-06   -0.6646025E-05   -0.3472922E-06    0.8369080E-04    0.1069134E-03   -0.4236604E-04   -0.4195659E-06   -0.1084914E-05    0.1674177E-05   -0.3609681E-04    0.1877448E-05    0.9982442E-04    0.1717301E-01
