# omegabh2 omegach2 theta tau omegak logA ns calPlanck acib217 xi asz143 aps100 aps143 aps143217 aps217 aksz kgal100 kgal143 kgal143217 kgal217 cal0 cal2
    0.5737841E-07   -0.3100756E-06    0.5770984E-07    0.1564124E-05   -0.3334404E-06    0.2570339E-05    0.9151531E-06    0.3276518E-07   -0.2010843E-03    0.5423147E-05    0.7973006E-04   -0.1181892E-02   -0.6412203E-03   -0.1660980E-03   -0.5408161E-04   -0.8477648E-04   -0.4488274E-05    0.6808638E-05   -0.3755265E-05    0.2764707E-04    0.3441478E-10   -0.2091696E-07
   -0.3100756E-06    0.4713671E-05   -0.5131408E-06   -0.2011936E-04    0.4655100E-05   -0.2949048E-04   -0.1153931E-04   -0.1952071E-06    0.1234783E-02   -0.5108460E-04   -0.3631696E-03    0.6565532E-02    0.3441136E-02    0.8440951E-03    0.2588979E-03    0.2602144E-03   -0.4747039E-04   -0.1239295E-03    0.1036161E-03    0.1215395E-03   -0.7095342E-08    0.1794324E-06
    0.5770984E-07   -0.5131408E-06    0.2352206E-06    0.3047246E-05   -0.6503647E-06    0.5092674E-05    0.1576412E-05   -0.8801853E-08   -0.3321533E-03    0.6668671E-05    0.7435327E-04   -0.1348199E-02   -0.5127183E-03   -0.9757003E-04    0.1468557E-03   -0.7189591E-04    0.1191649E-04   -0.1441658E-04   -0.2182644E-06    0.4901776E-04    0.7996485E-08   -0.3815706E-07
    0.1564124E-05   -0.2011936E-04    0.3047246E-05    0.2170372E-03   -0.1514485E-04    0.3759536E-03    0.5911473E-04   -0.4132952E-05   -0.1077257E-01    0.3436166E-03    0.2023295E-02   -0.5606529E-01   -0.2429752E-01   -0.5654848E-02   -0.3013535E-03   -0.1718586E-02    0.1138029E-04    0.9165862E-03   -0.1183036E-02   -0.1575335E-02   -0.4448710E-06   -0.1544883E-05
   -0.3334404E-06    0.4655100E-05   -0.6503647E-06   -0.1514485E-04    0.6863067E-05   -0.1955880E-04   -0.1143306E-04   -0.3758865E-07    0.1313353E-02   -0.2973057E-04   -0.3525553E-03    0.5988630E-02    0.3491948E-02    0.1331417E-02    0.2144835E-03    0.2886905E-03   -0.6408185E-04   -0.8638577E-04    0.1753277E-03    0.1118734E-03    0.1326904E-07    0.2005624E-06
    0.2570339E-05   -0.2949048E-04    0.5092674E-05    0.3759536E-03   -0.1955880E-04    0.6891938E-03    0.8981523E-04    0.3877826E-05   -0.1778390E-01    0.6415127E-03    0.3742457E-02   -0.9508348E-01   -0.3900725E-01   -0.4816340E-02    0.5140342E-02   -0.4046984E-02   -0.4755978E-03    0.1051019E-02   -0.2108212E-02   -0.1215317E-02   -0.7212784E-06   -0.2599712E-05
    0.9151531E-06   -0.1153931E-04    0.1576412E-05    0.5911473E-04   -0.1143306E-04    0.8981523E-04    0.3930555E-04    0.3904189E-06   -0.7389541E-02    0.2347126E-03    0.2066901E-02   -0.4216885E-01   -0.1378329E-01    0.1456020E-02    0.4963838E-02   -0.3114447E-02    0.1968540E-03    0.9822915E-04   -0.7348847E-03    0.3082753E-04   -0.1588751E-06   -0.8591804E-06
    0.3276518E-07   -0.1952071E-06   -0.8801853E-08   -0.4132952E-05   -0.3758865E-07    0.3877826E-05    0.3904189E-06    0.6329236E-05    0.1221312E-02    0.3536332E-05    0.2921566E-03    0.1540802E-02    0.5327217E-03    0.1163687E-02    0.1049743E-02   -0.2117448E-03   -0.6187023E-04    0.5420734E-04    0.2137997E-03    0.7402999E-03   -0.5418196E-07    0.2078830E-07
   -0.2010843E-03    0.1234783E-02   -0.3321533E-03   -0.1077257E-01    0.1313353E-02   -0.1778390E-01   -0.7389541E-02    0.1221312E-02    0.4210913E+02   -0.5154563E+00   -0.1070386E+01    0.4017282E+02    0.1511952E+01   -0.1831646E+02   -0.5681534E+02   -0.5923598E+00   -0.1382175E+00   -0.8519803E-01   -0.2273454E+01   -0.1841483E+02   -0.2881543E-03    0.4094407E-02
    0.5423147E-05   -0.5108460E-04    0.6668671E-05    0.3436166E-03   -0.2973057E-04    0.6415127E-03    0.2347126E-03    0.3536332E-05   -0.5154563E+00    0.8233331E-01   -0.6207990E-01   -0.9188992E+00    0.8587660E+00    0.1832822E+01    0.7421889E+00    0.9045287E-01   -0.1074720E-01    0.4257894E-03    0.6991230E-01    0.7956148E-01    0.2660797E-05   -0.1630544E-04
    0.7973006E-04   -0.3631696E-03    0.7435327E-04    0.2023295E-02   -0.3525553E-03    0.3742457E-02    0.2066901E-02    0.2921566E-03   -0.1070386E+01   -0.6207990E-01    0.3843250E+01   -0.2901120E+02   -0.3843295E+01    0.7915704E+01    0.5984850E+01   -0.2866411E+01   -0.2117426E+00    0.4904238E-01    0.2535243E+01    0.2178813E+01    0.1692106E-03   -0.2629522E-03
   -0.1181892E-02    0.6565532E-02   -0.1348199E-02   -0.5606529E-01    0.5988630E-02   -0.9508348E-01   -0.4216885E-01    0.1540802E-02    0.4017282E+02   -0.9188992E+00   -0.2901120E+02    0.7701119E+03    0.7001728E+02   -0.6287811E+02   -0.6175796E+02    0.1222204E+02   -0.3338887E+01    0.4022993E+01   -0.1224017E+02   -0.1771025E+02    0.6350326E-02    0.3121141E-02
   -0.6412203E-03    0.3441136E-02   -0.5127183E-03   -0.2429752E-01    0.3491948E-02   -0.3900725E-01   -0.1378329E-01    0.5327217E-03    0.1511952E+01    0.8587660E+00   -0.3843295E+01    0.7001728E+02    0.6375758E+02    0.4493346E+02    0.2025025E+02   -0.5092084E+01   -0.4855049E+00   -0.1245291E+01    0.3144881E+01    0.2815078E+01   -0.5831469E-04    0.2621900E-03
   -0.1660980E-03    0.8440951E-03   -0.9757003E-04   -0.5654848E-02    0.1331417E-02   -0.4816340E-02    0.1456020E-02    0.1163687E-02   -0.1831646E+02    0.1832822E+01    0.7915704E+01   -0.6287811E+02    0.4493346E+02    0.9930635E+02    0.6560161E+02   -0.1251309E+02   -0.1036277E+01   -0.6338863E+00    0.4222240E+01    0.4018826E+01    0.5103480E-03   -0.1953879E-02
   -0.5408161E-04    0.2588979E-03    0.1468557E-03   -0.3013535E-03    0.2144835E-03    0.5140342E-02    0.4963838E-02    0.1049743E-02   -0.5681534E+02    0.7421889E+00    0.5984850E+01   -0.6175796E+02    0.2025025E+02    0.6560161E+02    0.1170702E+03   -0.1000609E+02   -0.3337286E+00   -0.2587115E+00   -0.3843998E+00    0.1359649E+02    0.6877621E-03   -0.7069274E-02
   -0.8477648E-04    0.2602144E-03   -0.7189591E-04   -0.1718586E-02    0.2886905E-03   -0.4046984E-02   -0.3114447E-02   -0.2117448E-03   -0.5923598E+00    0.9045287E-01   -0.2866411E+01    0.1222204E+02   -0.5092084E+01   -0.1251309E+02   -0.1000609E+02    0.6577825E+01    0.2501938E+00   -0.6199309E-01   -0.1935331E+01   -0.1229102E+01   -0.1084545E-03    0.7574625E-04
   -0.4488274E-05   -0.4747039E-04    0.1191649E-04    0.1138029E-04   -0.6408185E-04   -0.4755978E-03    0.1968540E-03   -0.6187023E-04   -0.1382175E+00   -0.1074720E-01   -0.2117426E+00   -0.3338887E+01   -0.4855049E+00   -0.1036277E+01   -0.3337286E+00    0.2501938E+00    0.3402161E+01    0.4632173E+00    0.2038920E+00    0.3458307E+00    0.2518573E-03   -0.1345001E-04
    0.6808638E-05   -0.1239295E-03   -0.1441658E-04    0.9165862E-03   -0.8638577E-04    0.1051019E-02    0.9822915E-04    0.5420734E-04   -0.8519803E-01    0.4257894E-03    0.4904238E-01    0.4022993E+01   -0.1245291E+01   -0.6338863E+00   -0.2587115E+00   -0.6199309E-01    0.4632173E+00    0.3265080E+01    0.2554384E+01    0.1934900E+01   -0.2464074E-03   -0.2045512E-03
   -0.3755265E-05    0.1036161E-03   -0.2182644E-06   -0.1183036E-02    0.1753277E-03   -0.2108212E-02   -0.7348847E-03    0.2137997E-03   -0.2273454E+01    0.6991230E-01    0.2535243E+01   -0.1224017E+02    0.3144881E+01    0.4222240E+01   -0.3843998E+00   -0.1935331E+01    0.2038920E+00    0.2554384E+01    0.1736251E+02    0.2626790E+02    0.1444413E-04    0.2448086E-02
    0.2764707E-04    0.1215395E-03    0.4901776E-04   -0.1575335E-02    0.1118734E-03   -0.1215317E-02    0.3082753E-04    0.7402999E-03   -0.1841483E+02    0.7956148E-01    0.2178813E+01   -0.1771025E+02    0.2815078E+01    0.4018826E+01    0.1359649E+02   -0.1229102E+01    0.3458307E+00    0.1934900E+01    0.2626790E+02    0.5538220E+02    0.7031399E-04    0.4519847E-02
    0.3441478E-10   -0.7095342E-08    0.7996485E-08   -0.4448710E-06    0.1326904E-07   -0.7212784E-06   -0.1588751E-06   -0.5418196E-07   -0.2881543E-03    0.2660797E-05    0.1692106E-03    0.6350326E-02   -0.5831469E-04    0.5103480E-03    0.6877621E-03   -0.1084545E-03    0.2518573E-03   -0.2464074E-03    0.1444413E-04    0.7031399E-04    0.6023545E-06   -0.1541246E-07
   -0.2091696E-07    0.1794324E-06   -0.3815706E-07   -0.1544883E-05    0.2005624E-06   -0.2599712E-05   -0.8591804E-06    0.2078830E-07    0.4094407E-02   -0.1630544E-04   -0.2629522E-03    0.3121141E-02    0.2621900E-03   -0.1953879E-02   -0.7069274E-02    0.7574625E-04   -0.1345001E-04   -0.2045512E-03    0.2448086E-02    0.4519847E-02   -0.1541246E-07    0.2020206E-05
