# omegabh2 omegach2 theta tau mnu logA ns calPlanck acib217 xi asz143 aps100 aps143 aps143217 aps217 aksz kgal100 kgal143 kgal143217 kgal217 cal0 cal2
    0.5303008E-07   -0.2468715E-06    0.5217974E-07    0.1763217E-05   -0.4311884E-05    0.3089516E-05    0.7740309E-06    0.6692955E-08   -0.2381845E-03    0.4225395E-05    0.7093773E-04   -0.1092013E-02   -0.5926819E-03   -0.1263657E-03    0.4802102E-04   -0.9374049E-04   -0.3841699E-05   -0.4259938E-05   -0.2583774E-04    0.6115349E-05    0.4842483E-08   -0.2478137E-07
   -0.2468715E-06    0.4210649E-05   -0.4267906E-06   -0.1733109E-04    0.5926966E-05   -0.2479840E-04   -0.1004731E-04   -0.7603721E-07    0.7626280E-03   -0.1407604E-04   -0.2810985E-03    0.3639117E-02    0.2372335E-02    0.7817440E-03    0.2069270E-03    0.2432719E-03   -0.7090907E-05    0.4129210E-04    0.9092803E-04    0.4930170E-04   -0.2995536E-07    0.9383444E-07
    0.5217974E-07   -0.4267906E-06    0.2282130E-06    0.2391221E-05   -0.7738680E-05    0.4012309E-05    0.1357033E-05    0.2281260E-08   -0.1559557E-03    0.3577414E-05    0.3690226E-04   -0.6794426E-03   -0.3806341E-03   -0.1127480E-03   -0.1185036E-04   -0.5385001E-04    0.1934611E-04   -0.1127498E-04   -0.2031218E-04    0.1152333E-04    0.7243579E-08   -0.1424736E-07
    0.1763217E-05   -0.1733109E-04    0.2391221E-05    0.4022471E-03    0.3295488E-03    0.7605967E-03    0.5940026E-04   -0.6819399E-06   -0.1913051E-01    0.3362667E-03    0.4666402E-02   -0.7764436E-01   -0.2774533E-01    0.2514107E-02    0.1592500E-01   -0.7240805E-02    0.1313674E-03   -0.2415886E-03   -0.9308290E-03    0.2128438E-02    0.1574197E-06   -0.2011320E-05
   -0.4311884E-05    0.5926966E-05   -0.7738680E-05    0.3295488E-03    0.1093134E-01    0.6362597E-03   -0.4129777E-04    0.4392269E-05    0.2982989E-01   -0.5262068E-04   -0.5544626E-02    0.1291681E+00    0.6597633E-01    0.2711486E-01   -0.1228876E-01    0.1131769E-01   -0.3130569E-04   -0.3118689E-03    0.4864041E-02    0.3551026E-02   -0.1321556E-06    0.4828871E-05
    0.3089516E-05   -0.2479840E-04    0.4012309E-05    0.7605967E-03    0.6362597E-03    0.1485616E-02    0.9365266E-04    0.1100523E-04   -0.3652815E-01    0.7387060E-03    0.8519272E-02   -0.1409265E+00   -0.4768025E-01    0.1072763E-01    0.3811765E-01   -0.1485735E-01   -0.4591595E-04   -0.9121220E-03   -0.2144333E-02    0.5680277E-02    0.5400472E-06   -0.3877786E-05
    0.7740309E-06   -0.1004731E-04    0.1357033E-05    0.5940026E-04   -0.4129777E-04    0.9365266E-04    0.3602605E-04    0.2700418E-06   -0.6867984E-02    0.1623260E-03    0.1921341E-02   -0.3654980E-01   -0.1248645E-01    0.1533968E-02    0.5755273E-02   -0.3262164E-02    0.3683685E-03   -0.2063647E-03   -0.8883523E-03    0.7740568E-04   -0.1696007E-06   -0.6692284E-06
    0.6692955E-08   -0.7603721E-07    0.2281260E-08   -0.6819399E-06    0.4392269E-05    0.1100523E-04    0.2700418E-06    0.6300976E-05    0.9267502E-03    0.1813667E-04   -0.9515947E-04    0.4454787E-02    0.1065759E-02    0.8000240E-03    0.1185600E-02   -0.2042202E-04   -0.1344325E-04    0.1275486E-04   -0.4641774E-04    0.5735122E-03    0.1209540E-07   -0.7544652E-08
   -0.2381845E-03    0.7626280E-03   -0.1559557E-03   -0.1913051E-01    0.2982989E-01   -0.3652815E-01   -0.6867984E-02    0.9267502E-03    0.4384245E+02   -0.5107516E+00   -0.1899471E+01    0.4591837E+02    0.1396311E+01   -0.2137256E+02   -0.6082688E+02    0.6534326E+00    0.7360604E-01   -0.1406690E+00   -0.2494872E+01   -0.1910408E+02   -0.2193175E-03    0.4411235E-02
    0.4225395E-05   -0.1407604E-04    0.3577414E-05    0.3362667E-03   -0.5262068E-04    0.7387060E-03    0.1623260E-03    0.1813667E-04   -0.5107516E+00    0.8214932E-01   -0.6585894E-01   -0.4467594E+00    0.1007008E+01    0.1924532E+01    0.8029021E+00    0.5967029E-01    0.4697821E-02    0.2927136E-02    0.8700567E-01    0.8718008E-01    0.1177390E-04   -0.2639936E-04
    0.7093773E-04   -0.2810985E-03    0.3690226E-04    0.4666402E-02   -0.5544626E-02    0.8519272E-02    0.1921341E-02   -0.9515947E-04   -0.1899471E+01   -0.6585894E-01    0.3672663E+01   -0.2896039E+02   -0.4096280E+01    0.7514381E+01    0.6854901E+01   -0.2708773E+01   -0.1431914E+00    0.9988543E-01    0.2330709E+01    0.2086520E+01    0.1698700E-03   -0.3804102E-03
   -0.1092013E-02    0.3639117E-02   -0.6794426E-03   -0.7764436E-01    0.1291681E+00   -0.1409265E+00   -0.3654980E-01    0.4454787E-02    0.4591837E+02   -0.4467594E+00   -0.2896039E+02    0.7616900E+03    0.7496123E+02   -0.5472594E+02   -0.7196035E+02    0.1444381E+02   -0.3743733E+01    0.2955035E+01   -0.9990370E+01   -0.1505868E+02    0.6084500E-02    0.4855301E-02
   -0.5926819E-03    0.2372335E-02   -0.3806341E-03   -0.2774533E-01    0.6597633E-01   -0.4768025E-01   -0.1248645E-01    0.1065759E-02    0.1396311E+01    0.1007008E+01   -0.4096280E+01    0.7496123E+02    0.6551395E+02    0.4655267E+02    0.1886416E+02   -0.3904258E+01    0.5533764E-01   -0.1297368E+01    0.4112796E+01    0.3979254E+01    0.2467273E-03    0.2142134E-03
   -0.1263657E-03    0.7817440E-03   -0.1127480E-03    0.2514107E-02    0.2711486E-01    0.1072763E-01    0.1533968E-02    0.8000240E-03   -0.2137256E+02    0.1924532E+01    0.7514381E+01   -0.5472594E+02    0.4655267E+02    0.1006532E+03    0.6823330E+02   -0.1193568E+02   -0.2001563E+00   -0.3676432E+00    0.5103189E+01    0.5574435E+01    0.8178628E-03   -0.2680427E-02
    0.4802102E-04    0.2069270E-03   -0.1185036E-04    0.1592500E-01   -0.1228876E-01    0.3811765E-01    0.5755273E-02    0.1185600E-02   -0.6082688E+02    0.8029021E+00    0.6854901E+01   -0.7196035E+02    0.1886416E+02    0.6823330E+02    0.1212526E+03   -0.1051122E+02   -0.4576933E+00    0.6489502E-01    0.9867633E+00    0.1658171E+02    0.6236030E-03   -0.7625580E-02
   -0.9374049E-04    0.2432719E-03   -0.5385001E-04   -0.7240805E-02    0.1131769E-01   -0.1485735E-01   -0.3262164E-02   -0.2042202E-04    0.6534326E+00    0.5967029E-01   -0.2708773E+01    0.1444381E+02   -0.3904258E+01   -0.1193568E+02   -0.1051122E+02    0.6080843E+01    0.6630436E-01   -0.4447567E-01   -0.1872426E+01   -0.1528813E+01   -0.1094729E-03    0.1777897E-03
   -0.3841699E-05   -0.7090907E-05    0.1934611E-04    0.1313674E-03   -0.3130569E-04   -0.4591595E-04    0.3683685E-03   -0.1344325E-04    0.7360604E-01    0.4697821E-02   -0.1431914E+00   -0.3743733E+01    0.5533764E-01   -0.2001563E+00   -0.4576933E+00    0.6630436E-01    0.3516634E+01    0.4462841E+00    0.2194654E+00    0.3416586E+00    0.3047571E-03    0.3986459E-04
   -0.4259938E-05    0.4129210E-04   -0.1127498E-04   -0.2415886E-03   -0.3118689E-03   -0.9121220E-03   -0.2063647E-03    0.1275486E-04   -0.1406690E+00    0.2927136E-02    0.9988543E-01    0.2955035E+01   -0.1297368E+01   -0.3676432E+00    0.6489502E-01   -0.4447567E-01    0.4462841E+00    0.3340426E+01    0.2464818E+01    0.1592813E+01   -0.2755284E-03   -0.2777919E-03
   -0.2583774E-04    0.9092803E-04   -0.2031218E-04   -0.9308290E-03    0.4864041E-02   -0.2144333E-02   -0.8883523E-03   -0.4641774E-04   -0.2494872E+01    0.8700567E-01    0.2330709E+01   -0.9990370E+01    0.4112796E+01    0.5103189E+01    0.9867633E+00   -0.1872426E+01    0.2194654E+00    0.2464818E+01    0.1688958E+02    0.2543859E+02    0.6188922E-04    0.2396634E-02
    0.6115349E-05    0.4930170E-04    0.1152333E-04    0.2128438E-02    0.3551026E-02    0.5680277E-02    0.7740568E-04    0.5735122E-03   -0.1910408E+02    0.8718008E-01    0.2086520E+01   -0.1505868E+02    0.3979254E+01    0.5574435E+01    0.1658171E+02   -0.1528813E+01    0.3416586E+00    0.1592813E+01    0.2543859E+02    0.5452040E+02    0.1293589E-03    0.4445038E-02
    0.4842483E-08   -0.2995536E-07    0.7243579E-08    0.1574197E-06   -0.1321556E-06    0.5400472E-06   -0.1696007E-06    0.1209540E-07   -0.2193175E-03    0.1177390E-04    0.1698700E-03    0.6084500E-02    0.2467273E-03    0.8178628E-03    0.6236030E-03   -0.1094729E-03    0.3047571E-03   -0.2755284E-03    0.6188922E-04    0.1293589E-03    0.6076259E-06    0.1035878E-07
   -0.2478137E-07    0.9383444E-07   -0.1424736E-07   -0.2011320E-05    0.4828871E-05   -0.3877786E-05   -0.6692284E-06   -0.7544652E-08    0.4411235E-02   -0.2639936E-04   -0.3804102E-03    0.4855301E-02    0.2142134E-03   -0.2680427E-02   -0.7625580E-02    0.1777897E-03    0.3986459E-04   -0.2777919E-03    0.2396634E-02    0.4445038E-02    0.1035878E-07    0.2104533E-05
