# omegabh2 omegach2 theta tau nnu logA ns calPlanck aps100 aps143 aps217 acib217 asz143 psr cibr xi aksz dust100 dust143 dust217 dust143x217 cal0 cal2 calTE calEE
  3.6577930E-08   3.1707778E-07  -3.0103410E-08   1.7958402E-07   2.3306836E-05   1.3023108E-06   9.2246595E-07   4.6258130E-09   1.7099994E-04   7.8915207E-05  -2.0013835E-05   3.7267250E-05   3.6677249E-07   9.4610594E-08   1.5706637E-06   5.5697096E-08   1.6178067E-07   2.7623482E-07   6.4219546E-07   3.8902284E-07   3.6932810E-07   5.3101002E-09   1.5392509E-08   4.6515387E-08  -6.7128073E-09
  3.1707778E-07   1.0154743E-05  -1.1636399E-06  -2.3406830E-06   5.9949230E-04   2.1172250E-05   1.7161962E-05  -3.5795014E-07   1.3346939E-02   9.2261890E-03  -2.5711665E-03   4.5062743E-03  -3.6275859E-04  -3.4235224E-05   1.1776367E-04  -3.2553625E-05   1.0225629E-03   2.7584234E-05   1.8690472E-05  -2.0033709E-05  -4.5628812E-06  -1.4551199E-08   4.6811374E-07   4.1190509E-06   6.4328775E-06
 -3.0103410E-08  -1.1636399E-06   2.1898072E-07   2.3107988E-07  -7.1159325E-05  -2.3047490E-06  -2.0151668E-06   7.9172358E-08  -1.6124747E-03  -1.0167852E-03   3.9990116E-04  -5.6335523E-04   5.4628469E-05   5.3043659E-06  -1.3849301E-05   4.8759015E-06  -1.5641450E-04  -4.1667847E-06  -2.7695597E-06   2.2404132E-06  -2.2812934E-07   1.2448574E-08  -6.5007670E-08  -5.8290633E-07  -8.0636526E-07
  1.7958402E-07  -2.3406830E-06   2.3107988E-07   4.8936740E-05  -1.5956720E-05   9.0354289E-05   6.0545687E-06  -6.5752203E-07  -5.5388392E-03  -5.6334564E-03  -8.0320345E-04  -2.4781230E-03  -4.4701924E-04  -2.5828118E-05  -6.5879849E-05  -3.8364291E-05   3.4719892E-04   3.6440132E-05   2.6849434E-05   3.6136158E-05   2.1169502E-05  -3.7894699E-07   6.8399392E-08  -2.6857111E-06  -1.6335577E-06
  2.3306836E-05   5.9949230E-04  -7.1159325E-05  -1.5956720E-05   3.8664085E-02   1.5265590E-03   1.2341197E-03  -1.4053141E-05   8.5082373E-01   5.6030442E-01  -1.4580066E-01   2.6523726E-01  -2.5874209E-02  -2.2466407E-03   6.9164159E-03  -2.4221699E-03   6.7399066E-02   1.8257517E-03   9.8282788E-04  -1.0339004E-03  -2.7344065E-04   1.5487469E-06   2.9268807E-05   2.6858805E-04   4.4675804E-04
  1.3023108E-06   2.1172250E-05  -2.3047490E-06   9.0354289E-05   1.5265590E-03   2.5863463E-04   5.7793378E-05   9.4432985E-06   2.5566411E-02   1.3803422E-02   5.7706400E-04   4.8546728E-03  -1.5597026E-03  -7.6699778E-05   6.2591872E-05  -1.0622646E-04   1.9752771E-03   1.5286870E-04   2.1915019E-05   5.0428655E-05   4.8518639E-05  -1.3433553E-07   1.2343249E-06   4.6773490E-06   1.5496643E-05
  9.2246595E-07   1.7161962E-05  -2.0151668E-06   6.0545687E-06   1.2341197E-03   5.7793378E-05   5.3464484E-05   3.7255579E-07   8.5014448E-03   1.1292051E-02   4.6835894E-03   1.9596981E-03  -4.7418778E-04  -2.9826183E-05   1.3600581E-04  -2.8432254E-05   3.6502329E-04   7.3070194E-05  -1.7114449E-06   1.2263174E-05  -2.4819539E-05  -1.1436140E-07   7.2113121E-07   7.7468564E-06   1.1904248E-05
  4.6258130E-09  -3.5795014E-07   7.9172358E-08  -6.5752203E-07  -1.4053141E-05   9.4432985E-06   3.7255579E-07   5.9082920E-06   2.9795820E-03   3.1765525E-04   1.5816023E-03   3.2215616E-04   1.4717564E-05   1.0092913E-05  -2.7672041E-05   8.4803253E-06  -8.1531278E-05   1.0579954E-05   5.0472014E-06   6.7474894E-06   1.1274891E-05  -6.3954320E-09  -8.8348388E-08  -6.5268146E-07  -2.1655744E-07
  1.7099994E-04   1.3346939E-02  -1.6124747E-03  -5.5388392E-03   8.5082373E-01   2.5566411E-02   8.5014448E-03   2.9795820E-03   5.9243629E+02   6.6511776E+01  -6.3773196E+01   3.8657082E+01  -2.2902277E+01  -8.1697961E-01   7.4145238E-02  -4.4080215E-01   1.1842098E+01  -1.7946289E-01   2.6810553E-01  -3.0800806E-01  -2.6804567E-01   6.1845415E-03   3.0511043E-03   8.6781984E-03   1.1427884E-02
  7.8915207E-05   9.2261890E-03  -1.0167852E-03  -5.6334564E-03   5.6030442E-01   1.3803422E-02   1.1292051E-02   3.1765525E-04   6.6511776E+01   7.4778654E+01   7.9460294E+00   9.4825002E+00  -4.0724139E-01  -1.6416904E-02   4.9750646E-01   8.3933643E-01  -7.3396131E+00   9.7972587E-03  -2.3264254E-01   3.5294074E-02   7.6538966E-02   1.0197936E-03   5.7235493E-04   4.8739180E-03   9.6001185E-03
 -2.0013835E-05  -2.5711665E-03   3.9990116E-04  -8.0320345E-04  -1.4580066E-01   5.7706400E-04   4.6835894E-03   1.5816023E-03  -6.3773196E+01   7.9460294E+00   1.7226838E+02  -8.3701865E+01   2.3962085E+00   3.6813612E-01  -1.0396504E+00   4.5195090E-01  -7.2199460E+00   1.0705692E-03  -2.6652233E-01   5.8627976E-01  -2.3882494E-03   1.7472730E-03  -7.6443150E-03   1.4940734E-03   2.1851064E-04
  3.7267250E-05   4.5062743E-03  -5.6335523E-04  -2.4781230E-03   2.6523726E-01   4.8546728E-03   1.9596981E-03   3.2215616E-04   3.8657082E+01   9.4825002E+00  -8.3701865E+01   5.4017909E+01   1.7242193E+00  -5.7151236E-02   7.5608536E-01  -3.0576921E-01  -2.2020253E+00   1.1093467E-02   1.5697874E-01  -4.7658638E-01  -1.1925808E-01  -5.2002181E-04   3.2061793E-03   1.1824706E-03   3.3972313E-03
  3.6677249E-07  -3.6275859E-04   5.4628469E-05  -4.4701924E-04  -2.5874209E-02  -1.5597026E-03  -4.7418778E-04   1.4717564E-05  -2.2902277E+01  -4.0724139E-01   2.3962085E+00   1.7242193E+00   4.1369043E+00   1.0883502E-01   1.4728565E-01  -1.0483677E-02  -3.5215853E+00   5.5388563E-03  -6.1716379E-03   7.6888448E-03   5.2530661E-02   4.9576731E-04  -1.7413583E-04  -5.5666608E-04  -6.1327093E-04
  9.4610594E-08  -3.4235224E-05   5.3043659E-06  -2.5828118E-05  -2.2466407E-03  -7.6699778E-05  -2.9826183E-05   1.0092913E-05  -8.1697961E-01  -1.6416904E-02   3.6813612E-01  -5.7151236E-02   1.0883502E-01   1.8948033E-02  -1.8076963E-02   1.4514911E-02  -1.1312665E-01   3.9467533E-04  -1.6986667E-03  -2.6853753E-03   5.7667909E-03   2.2965944E-05  -3.9247983E-05  -2.4773989E-05  -2.1786069E-05
  1.5706637E-06   1.1776367E-04  -1.3849301E-05  -6.5879849E-05   6.9164159E-03   6.2591872E-05   1.3600581E-04  -2.7672041E-05   7.4145238E-02   4.9750646E-01  -1.0396504E+00   7.5608536E-01   1.4728565E-01  -1.8076963E-02   6.9457250E-02   9.4847241E-04  -1.5468713E-01   9.6406325E-04   7.6413518E-03  -3.2233853E-04  -1.7760751E-02  -3.7666145E-06   1.0135842E-04   1.1208744E-05   5.9352087E-05
  5.5697096E-08  -3.2553625E-05   4.8759015E-06  -3.8364291E-05  -2.4221699E-03  -1.0622646E-04  -2.8432254E-05   8.4803253E-06  -4.4080215E-01   8.3933643E-01   4.5195090E-01  -3.0576921E-01  -1.0483677E-02   1.4514911E-02   9.4847241E-04   8.1510870E-02   7.8506836E-03   1.9830570E-03   1.0126973E-03   1.6451703E-03   3.9175312E-03   1.8342400E-05  -1.3121757E-05  -6.2634408E-05  -1.8147207E-05
  1.6178067E-07   1.0225629E-03  -1.5641450E-04   3.4719892E-04   6.7399066E-02   1.9752771E-03   3.6502329E-04  -8.1531278E-05   1.1842098E+01  -7.3396131E+00  -7.2199460E+00  -2.2020253E+00  -3.5215853E+00  -1.1312665E-01  -1.5468713E-01   7.8506836E-03   7.3867372E+00   2.6364588E-03   5.6828354E-03  -5.2188056E-03  -4.1386245E-02  -4.7017429E-04   1.2185270E-04   5.8907414E-04   1.0360533E-03
  2.7623482E-07   2.7584234E-05  -4.1667847E-06   3.6440132E-05   1.8257517E-03   1.5286870E-04   7.3070194E-05   1.0579954E-05  -1.7946289E-01   9.7972587E-03   1.0705692E-03   1.1093467E-02   5.5388563E-03   3.9467533E-04   9.6406325E-04   1.9830570E-03   2.6364588E-03   3.7655436E-02   2.5626344E-03   1.7285496E-04   1.1384984E-03   4.5782085E-05   1.7031858E-06  -1.6318392E-05   1.1961252E-05
  6.4219546E-07   1.8690472E-05  -2.7695597E-06   2.6849434E-05   9.8282788E-04   2.1915019E-05  -1.7114449E-06   5.0472014E-06   2.6810553E-01  -2.3264254E-01  -2.6652233E-01   1.5697874E-01  -6.1716379E-03  -1.6986667E-03   7.6413518E-03   1.0126973E-03   5.6828354E-03   2.5626344E-03   2.9388541E-02  -5.2912706E-04   4.7230703E-03  -7.2607448E-05  -3.3072079E-05  -7.3174424E-05  -5.5692705E-05
  3.8902284E-07  -2.0033709E-05   2.2404132E-06   3.6136158E-05  -1.0339004E-03   5.0428655E-05   1.2263174E-05   6.7474894E-06  -3.0800806E-01   3.5294074E-02   5.8627976E-01  -4.7658638E-01   7.6888448E-03  -2.6853753E-03  -3.2233853E-04   1.6451703E-03  -5.2188056E-03   1.7285496E-04  -5.2912706E-04   1.0777633E-02   8.2743956E-03   5.6318476E-06   5.8101008E-05  -1.5128994E-05  -2.2160574E-05
  3.6932810E-07  -4.5628812E-06  -2.2812934E-07   2.1169502E-05  -2.7344065E-04   4.8518639E-05  -2.4819539E-05   1.1274891E-05  -2.6804567E-01   7.6538966E-02  -2.3882494E-03  -1.1925808E-01   5.2530661E-02   5.7667909E-03  -1.7760751E-02   3.9175312E-03  -4.1386245E-02   1.1384984E-03   4.7230703E-03   8.2743956E-03   2.6075472E-02   1.0424169E-06   5.6265237E-05  -4.3790996E-05  -1.6364792E-05
  5.3101002E-09  -1.4551199E-08   1.2448574E-08  -3.7894699E-07   1.5487469E-06  -1.3433553E-07  -1.1436140E-07  -6.3954320E-09   6.1845415E-03   1.0197936E-03   1.7472730E-03  -5.2002181E-04   4.9576731E-04   2.2965944E-05  -3.7666145E-06   1.8342400E-05  -4.7017429E-04   4.5782085E-05  -7.2607448E-05   5.6318476E-06   1.0424169E-06   1.0882269E-06   5.9271880E-08   2.6875053E-07   4.5426417E-07
  1.5392509E-08   4.6811374E-07  -6.5007670E-08   6.8399392E-08   2.9268807E-05   1.2343249E-06   7.2113121E-07  -8.8348388E-08   3.0511043E-03   5.7235493E-04  -7.6443150E-03   3.2061793E-03  -1.7413583E-04  -3.9247983E-05   1.0135842E-04  -1.3121757E-05   1.2185270E-04   1.7031858E-06  -3.3072079E-05   5.8101008E-05   5.6265237E-05   5.9271880E-08   2.3671636E-06   2.6010978E-07   3.1322255E-07
  4.6515387E-08   4.1190509E-06  -5.8290633E-07  -2.6857111E-06   2.6858805E-04   4.6773490E-06   7.7468564E-06  -6.5268146E-07   8.6781984E-03   4.8739180E-03   1.4940734E-03   1.1824706E-03  -5.5666608E-04  -2.4773989E-05   1.1208744E-05  -6.2634408E-05   5.8907414E-04  -1.6318392E-05  -7.3174424E-05  -1.5128994E-05  -4.3790996E-05   2.6875053E-07   2.6010978E-07   2.6610011E-05   1.1352972E-05
 -6.7128073E-09   6.4328775E-06  -8.0636526E-07  -1.6335577E-06   4.4675804E-04   1.5496643E-05   1.1904248E-05  -2.1655744E-07   1.1427884E-02   9.6001185E-03   2.1851064E-04   3.3972313E-03  -6.1327093E-04  -2.1786069E-05   5.9352087E-05  -1.8147207E-05   1.0360533E-03   1.1961252E-05  -5.5692705E-05  -2.2160574E-05  -1.6364792E-05   4.5426417E-07   3.1322255E-07   1.1352972E-05   2.8489541E-05
