# omegabh2 omegach2 theta tau mnu nnu logA ns calPlanck acib217 xi asz143 aps100 aps143 aps143217 aps217 aksz kgal100 kgal143 kgal143217 kgal217 cal0 cal2
  5.4907770E-08   4.2613667E-07  -2.7953274E-08   2.9731655E-07   2.2780994E-06   3.1544908E-05   1.8073575E-06   1.2964840E-06   8.7170002E-09   1.4915090E-05  -9.2041400E-07  -1.4696274E-06   1.7315115E-04   6.0570979E-06  -2.8018611E-05  -3.8778112E-05   1.8141085E-05   7.1829193E-06   1.3079669E-05   1.3501590E-05   1.5609176E-05   2.8669899E-10   1.2762575E-09
  4.2613667E-07   1.5449258E-05  -1.5093521E-06  -1.3511797E-08   1.8169155E-05   8.7648960E-04   3.8914763E-05   2.4885841E-05  -1.8133365E-07   3.9513991E-03  -7.3004410E-05  -1.1366147E-03   2.1476601E-02   1.1591769E-02   3.8473417E-03   3.5540507E-04   1.9461316E-03   1.7175006E-04   2.9791134E-04   3.1260999E-04  -7.6383896E-04   2.3521108E-09   1.0433341E-07
 -2.7953274E-08  -1.5093521E-06   3.2692525E-07   7.5519729E-08  -2.8019878E-06  -9.0857741E-05  -3.4706785E-06  -2.4939334E-06   3.0051880E-08  -4.3929274E-04   7.8889832E-06   1.3170475E-04  -2.4799521E-03  -1.2506480E-03  -3.9473835E-04  -1.2876567E-05  -2.1229832E-04  -2.1516314E-05  -3.0663792E-05  -2.5818218E-05   9.6190673E-05  -1.5533777E-09  -1.1754653E-08
  2.9731655E-07  -1.3511797E-08   7.5519729E-08   6.3199185E-05   4.7051882E-05   1.2227557E-04   1.2627176E-04   1.1957367E-05  -1.8788781E-07  -1.6581833E-03   3.5496605E-05   3.0574661E-04  -7.7531359E-03  -2.6545914E-03  -2.0269628E-06   1.4377238E-03  -9.1725704E-04  -8.2989572E-05  -2.7564214E-04  -3.6695732E-04  -7.5778240E-05   5.0010943E-08  -5.7475039E-08
  2.2780994E-06   1.8169155E-05  -2.8019878E-06   4.7051882E-05   3.2214078E-03   3.2182636E-03   1.4458082E-04   1.6874489E-04   3.8329649E-06   2.3808722E-02  -5.0222638E-04  -4.6339202E-03   1.0936040E-01   5.0347265E-02   1.4146935E-02  -5.5049325E-03   1.0831827E-02   1.5597607E-03   1.1455659E-03   1.8467202E-03  -3.5364139E-03   3.7134656E-07   9.7513418E-07
  3.1544908E-05   8.7648960E-04  -9.0857741E-05   1.2227557E-04   3.2182636E-03   5.6506945E-02   2.4667766E-03   1.8593367E-03  -5.8623087E-06   2.5749172E-01  -4.9924768E-03  -7.1504621E-02   1.3809408E+00   7.2735278E-01   2.2912216E-01   6.7621788E-03   1.2684275E-01   1.1621828E-02   2.1746855E-02   2.2361008E-02  -4.8783762E-02   8.0969837E-08   6.4380459E-06
  1.8073575E-06   3.8914763E-05  -3.4706785E-06   1.2627176E-04   1.4458082E-04   2.4667766E-03   3.8042236E-04   8.5893612E-05   1.1999591E-05   6.2295869E-03  -6.6526213E-05  -2.2325168E-03   4.0459055E-02   2.5472158E-02   1.2806637E-02   1.0388818E-02   2.0163283E-03  -8.0962180E-05  -3.4040364E-04  -3.2929254E-04  -2.7941301E-04   2.6433475E-07   1.1613432E-07
  1.2964840E-06   2.4885841E-05  -2.4939334E-06   1.1957367E-05   1.6874489E-04   1.8593367E-03   8.5893612E-05   8.0467320E-05   1.0583847E-08   4.2533902E-03  -9.0858818E-05  -1.2832248E-03   2.2283456E-02   1.7244081E-02   8.7658326E-03   4.8377139E-03   1.8155805E-03   7.5294328E-04   5.3868981E-04   6.2464798E-04  -2.2194037E-04  -1.2773318E-07   1.2724777E-07
  8.7170002E-09  -1.8133365E-07   3.0051880E-08  -1.8788781E-07   3.8329649E-06  -5.8623087E-06   1.1999591E-05   1.0583847E-08   6.3480752E-06   6.6277413E-04  -1.4580688E-06   9.6352012E-06   3.1476281E-03   5.7505029E-04   4.7978700E-04   1.4648942E-03  -9.2249670E-05   6.3575606E-06   2.8741880E-05   4.3189045E-05   8.9225500E-04  -3.9653838E-09  -1.1076786E-08
  1.4915090E-05   3.9513991E-03  -4.3929274E-04  -1.6581833E-03   2.3808722E-02   2.5749172E-01   6.2295869E-03   4.2533902E-03   6.6277413E-04   4.6291211E+01  -4.0131701E-01  -1.2140153E+00   4.3269228E+01   5.1555661E+00  -1.2611219E+01  -5.6088340E+01   7.6054909E-01   3.1157326E-01   6.0719961E-01  -5.7950802E+00  -3.3957353E+01  -1.4170308E-04   7.1993774E-04
 -9.2041400E-07  -7.3004410E-05   7.8889832E-06   3.5496605E-05  -5.0222638E-04  -4.9924768E-03  -6.6526213E-05  -9.0858818E-05  -1.4580688E-06  -4.0131701E-01   8.2178317E-02  -4.6793580E-02  -5.7759110E-01   8.3491806E-01   1.5979213E+00   5.8921401E-01   3.9809299E-02  -1.2250826E-02   4.8016268E-03   9.7826705E-02   1.3734611E-01   3.7910416E-06  -1.6475861E-06
 -1.4696274E-06  -1.1366147E-03   1.3170475E-04   3.0574661E-04  -4.6339202E-03  -7.1504621E-02  -2.2325168E-03  -1.2832248E-03   9.6352012E-06  -1.2140153E+00  -4.6793580E-02   4.0955399E+00  -3.2596157E+01  -4.3124019E+00   7.6797870E+00   5.8044982E+00  -3.1883270E+00  -2.1685475E-01   1.5279937E-01   2.7387216E+00   3.5195930E+00   1.2131577E-04  -4.8147123E-05
  1.7315115E-04   2.1476601E-02  -2.4799521E-03  -7.7531359E-03   1.0936040E-01   1.3809408E+00   4.0459055E-02   2.2283456E-02   3.1476281E-03   4.3269228E+01  -5.7759110E-01  -3.2596157E+01   8.1932883E+02   8.8164582E+01  -4.7816708E+01  -6.3208477E+01   1.9086477E+01  -6.4585028E+00   5.5269750E+00  -1.3079191E+01  -2.7612171E+01   3.8911714E-03   7.0286884E-04
  6.0570979E-06   1.1591769E-02  -1.2506480E-03  -2.6545914E-03   5.0347265E-02   7.2735278E-01   2.5472158E-02   1.7244081E-02   5.7505029E-04   5.1555661E+00   8.3491806E-01  -4.3124019E+00   8.8164582E+01   7.2537945E+01   4.4179890E+01   1.6984661E+01  -3.3198894E+00  -4.1992014E-01  -1.2137684E+00   3.4913471E+00   3.3887809E+00   1.1774584E-04   1.7132102E-04
 -2.8018611E-05   3.8473417E-03  -3.9473835E-04  -2.0269628E-06   1.4146935E-02   2.2912216E-01   1.2806637E-02   8.7658326E-03   4.7978700E-04  -1.2611219E+01   1.5979213E+00   7.6797870E+00  -4.7816708E+01   4.4179890E+01   8.7440752E+01   5.6861920E+01  -1.2411190E+01  -9.6379837E-01  -7.6118429E-01   5.1368274E+00   8.7098924E+00   4.9476964E-04  -3.6693192E-04
 -3.8778112E-05   3.5540507E-04  -1.2876567E-05   1.4377238E-03  -5.5049325E-03   6.7621788E-03   1.0388818E-02   4.8377139E-03   1.4648942E-03  -5.6088340E+01   5.8921401E-01   5.8044982E+00  -6.3208477E+01   1.6984661E+01   5.6861920E+01   1.0890650E+02  -1.0695226E+01  -8.2478382E-01  -1.3392993E+00   5.7073142E+00   3.4285671E+01   4.3856656E-04  -1.3479855E-03
  1.8141085E-05   1.9461316E-03  -2.1229832E-04  -9.1725704E-04   1.0831827E-02   1.2684275E-01   2.0163283E-03   1.8155805E-03  -9.2249670E-05   7.6054909E-01   3.9809299E-02  -3.1883270E+00   1.9086477E+01  -3.3198894E+00  -1.2411190E+01  -1.0695226E+01   6.7710413E+00   1.4631137E-01  -1.4650764E-01  -2.2453776E+00  -2.7838548E+00  -9.2238732E-05   3.9340960E-05
  7.1829193E-06   1.7175006E-04  -2.1516314E-05  -8.2989572E-05   1.5597607E-03   1.1621828E-02  -8.0962180E-05   7.5294328E-04   6.3575606E-06   3.1157326E-01  -1.2250826E-02  -2.1685475E-01  -6.4585028E+00  -4.1992014E-01  -9.6379837E-01  -8.2478382E-01   1.4631137E-01   3.3712629E+00   5.5715718E-01   1.3159136E-01   2.6266435E-02   1.6809760E-04  -3.4880888E-07
  1.3079669E-05   2.9791134E-04  -3.0663792E-05  -2.7564214E-04   1.1455659E-03   2.1746855E-02  -3.4040364E-04   5.3868981E-04   2.8741880E-05   6.0719961E-01   4.8016268E-03   1.5279937E-01   5.5269750E+00  -1.2137684E+00  -7.6118429E-01  -1.3392993E+00  -1.4650764E-01   5.5715718E-01   3.2049179E+00   2.7656222E+00   2.8202708E+00  -1.9893503E-04  -3.3446649E-05
  1.3501590E-05   3.1260999E-04  -2.5818218E-05  -3.6695732E-04   1.8467202E-03   2.2361008E-02  -3.2929254E-04   6.2464798E-04   4.3189045E-05  -5.7950802E+00   9.7826705E-02   2.7387216E+00  -1.3079191E+01   3.4913471E+00   5.1368274E+00   5.7073142E+00  -2.2453776E+00   1.3159136E-01   2.7656222E+00   1.1011121E+01   1.9641588E+01  -3.2450162E-05   4.2031389E-04
  1.5609176E-05  -7.6383896E-04   9.6190673E-05  -7.5778240E-05  -3.5364139E-03  -4.8783762E-02  -2.7941301E-04  -2.2194037E-04   8.9225500E-04  -3.3957353E+01   1.3734611E-01   3.5195930E+00  -2.7612171E+01   3.3887809E+00   8.7098924E+00   3.4285671E+01  -2.7838548E+00   2.6266435E-02   2.8202708E+00   1.9641588E+01   5.4504673E+01   2.8728415E-05   9.4508024E-04
  2.8669899E-10   2.3521108E-09  -1.5533777E-09   5.0010943E-08   3.7134656E-07   8.0969837E-08   2.6433475E-07  -1.2773318E-07  -3.9653838E-09  -1.4170308E-04   3.7910416E-06   1.2131577E-04   3.8911714E-03   1.1774584E-04   4.9476964E-04   4.3856656E-04  -9.2238732E-05   1.6809760E-04  -1.9893503E-04  -3.2450162E-05   2.8728415E-05   3.8522999E-07   1.4819030E-10
  1.2762575E-09   1.0433341E-07  -1.1754653E-08  -5.7475039E-08   9.7513418E-07   6.4380459E-06   1.1613432E-07   1.2724777E-07  -1.1076786E-08   7.1993774E-04  -1.6475861E-06  -4.8147123E-05   7.0286884E-04   1.7132102E-04  -3.6693192E-04  -1.3479855E-03   3.9340960E-05  -3.4880888E-07  -3.3446649E-05   4.2031389E-04   9.4508024E-04   1.4819030E-10   3.8892276E-07
