# omegabh2 omegach2 theta tau w logA ns alpha_JLA beta_JLA calPlanck acib217 xi asz143 aps100 aps143 aps143217 aps217 aksz kgal100 kgal143 kgal143217 kgal217 galfTE100 galfTE100143 galfTE100217 galfTE143 galfTE143217 galfTE217 cal0 cal2
  2.0068615E-08  -8.4125719E-08   1.4661638E-08   1.8186611E-07   1.8013844E-06   2.3996423E-07   2.1229627E-07  -9.9239624E-09   3.9213532E-08   1.7074855E-09  -6.4351541E-05   1.6585926E-06   1.3660430E-05  -2.6920210E-04  -1.9813775E-04  -6.3714488E-05  -1.0515016E-06  -2.3664661E-05   3.1830227E-07  -2.8411360E-06  -1.1616826E-05   2.1216110E-06  -9.5464009E-08  -3.7520391E-08   1.1030832E-07  -2.4028927E-07  -1.1291225E-07  -1.7230132E-06   2.5924592E-10  -4.5131152E-10
 -8.4125719E-08   1.4137407E-06  -1.1187608E-07  -1.7724594E-06  -2.7039419E-05  -1.0146500E-07  -3.2685940E-06   1.6906701E-07   2.3192704E-06  -1.2204076E-08  -1.1005767E-05  -1.5761055E-07  -4.2117669E-05   3.3701424E-04   7.2859607E-04   4.4830510E-04   3.7496565E-04   3.3044659E-05  -3.4950933E-05  -6.9108660E-05  -2.2410925E-05   6.5192251E-05  -1.1913761E-07  -1.4764054E-07  -4.8327646E-07   1.5102317E-06   1.9589325E-06   1.2754346E-05   7.3408206E-09   6.6144719E-09
  1.4661638E-08  -1.1187608E-07   9.2059049E-08   1.9912297E-07   3.2471521E-06   2.5041910E-07   3.3980491E-07  -3.2468727E-08  -2.7286679E-07   1.7068929E-08   1.4257860E-05   6.4940105E-07  -6.8880817E-07   1.2949610E-04  -3.1067115E-05  -3.2452169E-05  -3.3501302E-05   1.2409072E-05   2.1171263E-06   1.1326115E-05  -8.0749532E-06  -4.0276433E-05  -2.3864867E-07  -8.4720758E-08  -3.2808946E-07  -1.6581074E-07  -4.4329887E-07  -2.7479562E-06   2.4320883E-10  -3.0815377E-09
  1.8186611E-07  -1.7724594E-06   1.9912297E-07   4.9033855E-05   3.8614249E-05   9.2752332E-05   6.0693785E-06   2.2048245E-07   6.7973811E-08  -5.4216741E-07  -1.2967125E-03   4.5479278E-05   3.7164616E-04  -7.6883472E-03  -2.8534281E-03   4.2447199E-04   8.3771540E-04  -1.0654666E-03  -2.3382319E-05  -3.1801215E-05  -1.3744348E-04   6.5446526E-05   5.1524914E-06  -7.3219336E-09   1.9951926E-06  -5.4077281E-07  -6.9124843E-06  -6.1427843E-05  -4.1238689E-08  -2.3155282E-08
  1.8013844E-06  -2.7039419E-05   3.2471521E-06   3.8614249E-05   1.4716895E-03   1.0052962E-05   6.7535556E-05  -1.4923281E-05  -2.2028821E-04  -8.2401970E-07  -2.0983088E-03  -1.2153620E-04   6.6720600E-04  -2.6652835E-02  -1.9179773E-02  -1.5027316E-02  -8.0397114E-03  -2.6291507E-04   1.3353126E-03   2.8647738E-04  -3.0487077E-04  -5.9130475E-04   1.1575361E-05   9.2516967E-06  -2.4259412E-05  -4.1045487E-05   3.9052900E-05  -1.4581870E-04  -3.4804334E-07  -2.9235760E-07
  2.3996423E-07  -1.0146500E-07   2.5041910E-07   9.2752332E-05   1.0052962E-05   2.1261333E-04   2.4440502E-06   1.3516323E-06   4.5062146E-06   1.1775337E-05  -2.5213448E-03   1.2933256E-04   5.1907768E-04  -6.6154582E-03  -2.2237589E-03   4.1901907E-03   7.6450314E-03  -2.8385447E-03  -5.0392882E-04  -7.1039392E-04  -7.2067638E-04   2.0139655E-03   1.2053845E-05  -1.1300398E-06  -5.2157159E-08   5.1599046E-06  -9.4900378E-06  -9.7023251E-05   1.1884515E-07  -5.3911177E-08
  2.1229627E-07  -3.2685940E-06   3.3980491E-07   6.0693785E-06   6.7535556E-05   2.4440502E-06   1.6358154E-05  -2.2424341E-07  -4.0816551E-06  -6.2620198E-08  -3.6051734E-03   9.2133767E-05   7.7267231E-04  -1.9974336E-02  -6.2979656E-03   8.8896782E-04   3.5157880E-03  -1.8591864E-03   3.6261203E-04  -1.3171414E-04  -2.1805773E-04   8.8952034E-04   4.1509098E-08  -1.0821956E-06  -2.7188429E-06  -6.2052758E-06  -7.8547047E-06  -4.0836034E-05  -9.7524006E-08  -4.7826515E-08
 -9.9239624E-09   1.6906701E-07  -3.2468727E-08   2.2048245E-07  -1.4923281E-05   1.3516323E-06  -2.2424341E-07   4.3733126E-05  -2.1303466E-05   2.7922651E-07  -6.0375343E-04   5.1877897E-06  -7.2553886E-05   1.4752529E-03   1.8157965E-04  -1.7981722E-04   5.5983247E-04  -3.1290924E-05  -4.5040273E-05   9.7498322E-05   1.8886224E-04   7.6109933E-04  -5.8560693E-06  -1.2689657E-07   1.1830693E-05  -3.5379945E-06   3.9554207E-06   7.5232321E-06  -7.8903952E-09  -1.2325536E-08
  3.9213532E-08   2.3192704E-06  -2.7286679E-07   6.7973811E-08  -2.2028821E-04   4.5062146E-06  -4.0816551E-06  -2.1303466E-05   6.4834070E-03  -6.1987626E-07   1.9349654E-03  -4.8278884E-04   3.8101420E-04  -2.8318544E-03   1.4561498E-05  -8.8144697E-03  -2.4096800E-03  -9.7061546E-04  -2.5127781E-05  -7.6526010E-04  -4.4816387E-04  -1.5188313E-04   3.4811318E-06  -2.5189951E-05   8.4857468E-05  -4.6942901E-05  -4.8639445E-05   3.0974129E-05   2.5094369E-08   5.6742337E-07
  1.7074855E-09  -1.2204076E-08   1.7068929E-08  -5.4216741E-07  -8.2401970E-07   1.1775337E-05  -6.2620198E-08   2.7922651E-07  -6.1987626E-07   6.3563894E-06   8.3167797E-04  -3.9290070E-06  -3.2570498E-05   5.9762549E-03   7.9167220E-04   2.9593714E-04   9.6776440E-04  -3.8825163E-05  -2.5582263E-05   3.0177661E-05   8.0782891E-05   9.4804340E-04   1.0385821E-06  -9.2677807E-08  -2.3530995E-06   7.0703998E-07  -8.5055721E-07  -5.8562927E-07   2.2263586E-08  -5.0704295E-09
 -6.4351541E-05  -1.1005767E-05   1.4257860E-05  -1.2967125E-03  -2.0983088E-03  -2.5213448E-03  -3.6051734E-03  -6.0375343E-04   1.9349654E-03   8.3167797E-04   4.4306422E+01  -3.8194821E-01  -9.1062151E-01   3.4602846E+01   1.4465939E+00  -1.3084940E+01  -5.5301735E+01  -6.2086808E-02   1.8231943E-01   2.7035077E-01  -6.1392966E+00  -3.3467921E+01  -2.7940837E-03   1.0925298E-03   5.7795934E-03   3.0423351E-03   1.0389331E-02   4.0587010E-02  -2.1524755E-04   6.9752850E-04
  1.6585926E-06  -1.5761055E-07   6.4940105E-07   4.5479278E-05  -1.2153620E-04   1.2933256E-04   9.2133767E-05   5.1877897E-06  -4.8278884E-04  -3.9290070E-06  -3.8194821E-01   8.1145023E-02  -3.3887622E-02  -7.0606715E-01   9.1576117E-01   1.7255259E+00   6.3681029E-01   3.5453794E-02  -7.2864610E-03   6.7146247E-03   1.1163178E-01   1.4237977E-01  -1.8397262E-05  -2.3574571E-05  -5.3932041E-04  -6.8533735E-05  -2.2736116E-04  -1.1684209E-03   5.3962052E-06  -2.1654992E-06
  1.3660430E-05  -4.2117669E-05  -6.8880817E-07   3.7164616E-04   6.6720600E-04   5.1907768E-04   7.7267231E-04  -7.2553886E-05   3.8101420E-04  -3.2570498E-05  -9.1062151E-01  -3.3887622E-02   3.6979234E+00  -2.9687585E+01  -3.0356032E+00   7.3170348E+00   5.2039863E+00  -2.5352807E+00  -2.0028959E-01   1.2292397E-01   2.6468517E+00   3.3454021E+00   6.9722008E-04  -3.5569344E-05   9.9660825E-04   8.0979209E-04  -7.8733967E-04   1.4403431E-03   1.0464031E-04  -2.9237913E-05
 -2.6920210E-04   3.3701424E-04   1.2949610E-04  -7.6883472E-03  -2.6652835E-02  -6.6154582E-03  -1.9974336E-02   1.4752529E-03  -2.8318544E-03   5.9762549E-03   3.4602846E+01  -7.0606715E-01  -2.9687585E+01   7.9778206E+02   6.7782592E+01  -5.4387817E+01  -5.7148573E+01   1.2335475E+01  -6.8883669E+00   6.2350406E+00  -1.1667756E+01  -2.1577340E+01  -5.2059881E-03   2.2534287E-03  -2.1045529E-02   9.8240669E-04   2.3470214E-02   1.9014831E-02   3.9312425E-03   3.8291482E-04
 -1.9813775E-04   7.2859607E-04  -3.1067115E-05  -2.8534281E-03  -1.9179773E-02  -2.2237589E-03  -6.2979656E-03   1.8157965E-04   1.4561498E-05   7.9167220E-04   1.4465939E+00   9.1576117E-01  -3.0356032E+00   6.7782592E+01   6.0691887E+01   4.0810709E+01   1.5880208E+01  -5.1593619E+00  -6.3914498E-01  -1.2793576E+00   3.4163899E+00   3.9720362E+00   2.6550640E-03   3.8403701E-03  -1.3875598E-02   7.6458375E-03  -2.3515177E-03   3.1952284E-02   1.4816467E-04   1.8860074E-05
 -6.3714488E-05   4.4830510E-04  -3.2452169E-05   4.2447199E-04  -1.5027316E-02   4.1901907E-03   8.8896782E-04  -1.7981722E-04  -8.8144697E-03   2.9593714E-04  -1.3084940E+01   1.7255259E+00   7.3170348E+00  -5.4387817E+01   4.0810709E+01   8.5218591E+01   5.3019384E+01  -1.1503312E+01  -8.9566558E-01  -7.7292909E-01   4.8680540E+00   7.9289674E+00   4.4445766E-03   1.7814055E-03  -1.0626623E-02   6.9210213E-03  -8.0887691E-03  -1.5120638E-02   4.7137928E-04  -3.9452338E-04
 -1.0515016E-06   3.7496565E-04  -3.3501302E-05   8.3771540E-04  -8.0397114E-03   7.6450314E-03   3.5157880E-03   5.5983247E-04  -2.4096800E-03   9.6776440E-04  -5.5301735E+01   6.3681029E-01   5.2039863E+00  -5.7148573E+01   1.5880208E+01   5.3019384E+01   1.0476753E+02  -9.1793055E+00  -7.3156944E-01  -9.1066413E-01   5.8731935E+00   3.3734085E+01   4.9936485E-03  -1.0452851E-03  -1.1582915E-02   2.9336318E-03  -1.1258526E-02  -5.4618732E-02   5.2395110E-04  -1.3914155E-03
 -2.3664661E-05   3.3044659E-05   1.2409072E-05  -1.0654666E-03  -2.6291507E-04  -2.8385447E-03  -1.8591864E-03  -3.1290924E-05  -9.7061546E-04  -3.8825163E-05  -6.2086808E-02   3.5453794E-02  -2.5352807E+00   1.2335475E+01  -5.1593619E+00  -1.1503312E+01  -9.1793055E+00   5.6031436E+00   1.2890757E-01  -2.1106914E-01  -2.0929951E+00  -2.3377546E+00  -1.1866449E-03   1.0978810E-04   1.8744272E-03  -1.9554715E-03   2.2876217E-04  -6.3477590E-03  -7.9250518E-05   1.3495364E-05
  3.1830227E-07  -3.4950933E-05   2.1171263E-06  -2.3382319E-05   1.3353126E-03  -5.0392882E-04   3.6261203E-04  -4.5040273E-05  -2.5127781E-05  -2.5582263E-05   1.8231943E-01  -7.2864610E-03  -2.0028959E-01  -6.8883669E+00  -6.3914498E-01  -8.9566558E-01  -7.3156944E-01   1.2890757E-01   3.3601801E+00   5.6456656E-01   1.2988607E-01   4.4594026E-02  -3.9781135E-04   1.2798613E-03   1.7327262E-03  -4.4805767E-04  -1.5075078E-03  -3.9875848E-03   1.5086258E-04   8.8244900E-07
 -2.8411360E-06  -6.9108660E-05   1.1326115E-05  -3.1801215E-05   2.8647738E-04  -7.1039392E-04  -1.3171414E-04   9.7498322E-05  -7.6526010E-04   3.0177661E-05   2.7035077E-01   6.7146247E-03   1.2292397E-01   6.2350406E+00  -1.2793576E+00  -7.7292909E-01  -9.1066413E-01  -2.1106914E-01   5.6456656E-01   3.1535546E+00   2.6919221E+00   2.8743474E+00  -4.5556077E-04   4.4759737E-04  -1.0710057E-03   7.1455986E-04  -3.1054631E-04  -2.6286054E-03  -1.8306350E-04  -5.7064562E-05
 -1.1616826E-05  -2.2410925E-05  -8.0749532E-06  -1.3744348E-04  -3.0487077E-04  -7.2067638E-04  -2.1805773E-04   1.8886224E-04  -4.4816387E-04   8.0782891E-05  -6.1392966E+00   1.1163178E-01   2.6468517E+00  -1.1667756E+01   3.4163899E+00   4.8680540E+00   5.8731935E+00  -2.0929951E+00   1.2988607E-01   2.6919221E+00   1.0810104E+01   1.9431617E+01   3.0347108E-04  -4.7696619E-05  -7.3929187E-03   1.0538344E-03  -4.1200951E-03   1.4158240E-03   8.0613080E-06   3.8448035E-04
  2.1216110E-06   6.5192251E-05  -4.0276433E-05   6.5446526E-05  -5.9130475E-04   2.0139655E-03   8.8952034E-04   7.6109933E-04  -1.5188313E-04   9.4804340E-04  -3.3467921E+01   1.4237977E-01   3.3454021E+00  -2.1577340E+01   3.9720362E+00   7.9289674E+00   3.3734085E+01  -2.3377546E+00   4.4594026E-02   2.8743474E+00   1.9431617E+01   5.3830560E+01   2.7109550E-03  -1.4275925E-03  -1.2260248E-02  -1.2529395E-03  -1.3507988E-02  -1.2796558E-02   1.3432472E-04   9.1962516E-04
 -9.5464009E-08  -1.1913761E-07  -2.3864867E-07   5.1524914E-06   1.1575361E-05   1.2053845E-05   4.1509098E-08  -5.8560693E-06   3.4811318E-06   1.0385821E-06  -2.7940837E-03  -1.8397262E-05   6.9722008E-04  -5.2059881E-03   2.6550640E-03   4.4445766E-03   4.9936485E-03  -1.1866449E-03  -3.9781135E-04  -4.5556077E-04   3.0347108E-04   2.7109550E-03   1.4552755E-03   2.7289737E-04   6.2572777E-05  -3.4703009E-04  -9.2430424E-05  -1.2415381E-04   3.5275155E-08  -2.5608620E-07
 -3.7520391E-08  -1.4764054E-07  -8.4720758E-08  -7.3219336E-09   9.2516967E-06  -1.1300398E-06  -1.0821956E-06  -1.2689657E-07  -2.5189951E-05  -9.2677807E-08   1.0925298E-03  -2.3574571E-05  -3.5569344E-05   2.2534287E-03   3.8403701E-03   1.7814055E-03  -1.0452851E-03   1.0978810E-04   1.2798613E-03   4.4759737E-04  -4.7696619E-05  -1.4275925E-03   2.7289737E-04   8.6513947E-04   5.2621904E-05   7.2447168E-04   5.7000532E-05  -7.5180118E-04  -3.1576302E-07  -4.7379785E-07
  1.1030832E-07  -4.8327646E-07  -3.2808946E-07   1.9951926E-06  -2.4259412E-05  -5.2157159E-08  -2.7188429E-06   1.1830693E-05   8.4857468E-05  -2.3530995E-06   5.7795934E-03  -5.3932041E-04   9.9660825E-04  -2.1045529E-02  -1.3875598E-02  -1.0626623E-02  -1.1582915E-02   1.8744272E-03   1.7327262E-03  -1.0710057E-03  -7.3929187E-03  -1.2260248E-02   6.2572777E-05   5.2621904E-05   7.3681469E-03  -2.6164234E-04   6.1441884E-04   3.8617768E-03   3.8596825E-07  -8.5070840E-07
 -2.4028927E-07   1.5102317E-06  -1.6581074E-07  -5.4077281E-07  -4.1045487E-05   5.1599046E-06  -6.2052758E-06  -3.5379945E-06  -4.6942901E-05   7.0703998E-07   3.0423351E-03  -6.8533735E-05   8.0979209E-04   9.8240669E-04   7.6458375E-03   6.9210213E-03   2.9336318E-03  -1.9554715E-03  -4.4805767E-04   7.1455986E-04   1.0538344E-03  -1.2529395E-03  -3.4703009E-04   7.2447168E-04  -2.6164234E-04   2.8468274E-03   4.9092959E-04  -1.0208139E-03  -3.6051631E-07  -1.4003845E-07
 -1.1291225E-07   1.9589325E-06  -4.4329887E-07  -6.9124843E-06   3.9052900E-05  -9.4900378E-06  -7.8547047E-06   3.9554207E-06  -4.8639445E-05  -8.5055721E-07   1.0389331E-02  -2.2736116E-04  -7.8733967E-04   2.3470214E-02  -2.3515177E-03  -8.0887691E-03  -1.1258526E-02   2.2876217E-04  -1.5075078E-03  -3.1054631E-04  -4.1200951E-03  -1.3507988E-02  -9.2430424E-05   5.7000532E-05   6.1441884E-04   4.9092959E-04   6.3476158E-03   7.8086214E-03  -2.0663705E-07   5.1792282E-08
 -1.7230132E-06   1.2754346E-05  -2.7479562E-06  -6.1427843E-05  -1.4581870E-04  -9.7023251E-05  -4.0836034E-05   7.5232321E-06   3.0974129E-05  -5.8562927E-07   4.0587010E-02  -1.1684209E-03   1.4403431E-03   1.9014831E-02   3.1952284E-02  -1.5120638E-02  -5.4618732E-02  -6.3477590E-03  -3.9875848E-03  -2.6286054E-03   1.4158240E-03  -1.2796558E-02  -1.2415381E-04  -7.5180118E-04   3.8617768E-03  -1.0208139E-03   7.8086214E-03   7.0809971E-02  -8.0166193E-07  -1.3862752E-06
  2.5924592E-10   7.3408206E-09   2.4320883E-10  -4.1238689E-08  -3.4804334E-07   1.1884515E-07  -9.7524006E-08  -7.8903952E-09   2.5094369E-08   2.2263586E-08  -2.1524755E-04   5.3962052E-06   1.0464031E-04   3.9312425E-03   1.4816467E-04   4.7137928E-04   5.2395110E-04  -7.9250518E-05   1.5086258E-04  -1.8306350E-04   8.0613080E-06   1.3432472E-04   3.5275155E-08  -3.1576302E-07   3.8596825E-07  -3.6051631E-07  -2.0663705E-07  -8.0166193E-07   3.7764126E-07   5.1632199E-09
 -4.5131152E-10   6.6144719E-09  -3.0815377E-09  -2.3155282E-08  -2.9235760E-07  -5.3911177E-08  -4.7826515E-08  -1.2325536E-08   5.6742337E-07  -5.0704295E-09   6.9752850E-04  -2.1654992E-06  -2.9237913E-05   3.8291482E-04   1.8860074E-05  -3.9452338E-04  -1.3914155E-03   1.3495364E-05   8.8244900E-07  -5.7064562E-05   3.8448035E-04   9.1962516E-04  -2.5608620E-07  -4.7379785E-07  -8.5070840E-07  -1.4003845E-07   5.1792282E-08  -1.3862752E-06   5.1632199E-09   3.8499896E-07
