# omegabh2 omegach2 theta tau logA ns calPlanck acib217 xi asz143 aps100 aps143 aps143217 aps217 aksz kgal100 kgal143 kgal143217 kgal217 galfTE100 galfTE100143 galfTE100217 galfTE143 galfTE143217 galfTE217 cal0 cal2 DES_b1 DES_b2 DES_b3 DES_b4 DES_b5 DES_m1 DES_m2 DES_m3 DES_m4 DES_AIA DES_alphaIA DES_DzL1 DES_DzL2 DES_DzL3 DES_DzL4 DES_DzL5 DES_DzS1 DES_DzS2 DES_DzS3 DES_DzS4
  1.9262161E-08  -6.1279364E-08   1.2029180E-08   2.3822634E-07   4.6286491E-07   1.8991943E-07   2.5248599E-08  -8.1989986E-05   1.9751726E-06   1.6805083E-05  -3.7213389E-04  -2.1018669E-04  -7.2285240E-05   4.5786811E-06  -3.3423343E-05   3.6125271E-06  -7.0364625E-06  -5.2021635E-06   2.7653250E-05   1.2762172E-07   2.2730065E-08  -7.2272703E-08  -3.1215374E-07  -6.0166952E-07  -2.2693141E-06   1.1602420E-09  -8.0508757E-10  -2.0561037E-07  -8.0208844E-08  -1.4649565E-07  -5.0742408E-08  -4.3049728E-07   1.4399628E-08   3.0156062E-08   3.5619615E-07   2.1176343E-07  -2.9114022E-08   2.1852776E-05   4.1189508E-08  -6.6742094E-09  -1.2887155E-08   6.1722318E-09   3.1898944E-10  -1.8223591E-08   4.5371041E-08   8.4605711E-08   1.8419020E-07
 -6.1279364E-08   9.7441685E-07  -6.8644096E-08  -3.0229438E-06  -4.3097524E-06  -2.4432645E-06  -2.9676194E-07   9.3631483E-05  -2.9980772E-06  -5.7702529E-05   1.0541072E-03   7.0091838E-04   4.4571143E-04   3.0208479E-04   6.6816200E-05  -2.3518941E-05   2.4609421E-05  -3.0212698E-05  -1.4245768E-04  -2.5959483E-07   5.2473378E-09  -8.7886495E-07   1.6114335E-06   2.6472734E-06   1.2439761E-05   9.2168341E-09  -5.6838597E-09   3.4916853E-06   6.5956338E-07   2.6138118E-08   3.5764612E-07   1.7525660E-06   1.7267818E-07  -4.7876974E-07  -4.3505340E-06  -3.1255135E-06   5.8205345E-07  -2.9954609E-04  -2.3807775E-07  -2.2108614E-07  -1.6852857E-08  -2.4858112E-07  -2.2307226E-07   3.5017878E-07  -6.5694711E-07  -1.2893324E-06  -2.0580712E-06
  1.2029180E-08  -6.8644096E-08   8.7699036E-08   2.8375470E-07   5.5565209E-07   2.7604265E-07   2.8327732E-08   2.0165280E-05   7.9247317E-07  -4.0541013E-06  -7.0415544E-06  -6.8328310E-05  -4.0566645E-05  -6.0639875E-05   5.0906522E-06   2.3626142E-06   5.1621429E-06  -1.9354088E-05  -4.2398905E-05   1.7766391E-07  -6.7120749E-11  -2.2362271E-07  -4.4736551E-07  -8.7247441E-07  -2.3191201E-06   1.1598504E-09   9.0474145E-10  -7.8213723E-07  -3.6248797E-07  -5.5179296E-07  -4.3661341E-07  -9.3830456E-07  -2.4926910E-08  -1.1502633E-07   3.6497217E-07   1.8295019E-07   2.7117382E-07   3.3101874E-05   1.3617291E-08   1.6096528E-08   8.8255847E-09   2.1380505E-08   2.1960461E-08  -6.7960695E-08   8.3651442E-08   1.6429942E-07   3.2154787E-07
  2.3822634E-07  -3.0229438E-06   2.8375470E-07   4.8979481E-05   8.8198478E-05   9.6163257E-06  -8.2683524E-07  -1.2340122E-03  -1.0036153E-05   4.0279245E-04  -7.6490564E-03  -4.4412489E-03  -3.0315567E-03  -1.6658161E-03  -5.0450619E-04  -7.7033327E-05  -2.0006832E-04   1.6181523E-04   7.6290533E-04  -2.8691001E-06   7.3331101E-07   3.5405697E-06   3.2454341E-06  -1.4034968E-05  -2.8983169E-05  -5.4307591E-08  -5.2237917E-08  -6.3181360E-05  -6.2307431E-05  -6.5532716E-05  -7.9271562E-05  -9.6378293E-05  -1.8703373E-06   1.2411371E-06   2.1927305E-06  -1.7200461E-06   1.4617386E-05  -3.4070824E-06   1.0970155E-06   4.4426371E-07  -3.0852598E-07  -3.4367362E-07   1.1554997E-07   2.8561787E-06   1.2315487E-06  -9.5570576E-07  -1.2624530E-06
  4.6286491E-07  -4.3097524E-06   5.5565209E-07   8.8198478E-05   1.8721444E-04   1.3678666E-05   9.8191215E-06  -2.7295103E-03   3.5981623E-06   6.9103150E-04  -1.2361032E-02  -6.7456099E-03  -2.9915585E-03   3.3510583E-03  -1.6932388E-03  -3.6111280E-04  -9.3498013E-04  -4.2387683E-04   2.5651451E-03  -7.2200372E-06   1.9153205E-06   1.9378398E-06   1.0972976E-05  -2.9612862E-05  -3.4253083E-05   1.1081408E-08  -1.1397239E-07  -1.3689805E-04  -1.3640250E-04  -1.4462747E-04  -1.7765765E-04  -2.0484285E-04  -2.5600798E-06   4.5620297E-07  -5.8850807E-06  -9.7847205E-06   2.3858963E-05  -4.9316679E-04   1.4269046E-06  -6.6043560E-08  -4.5364886E-07  -1.2969519E-06  -4.5369787E-07   4.9672130E-06   1.2139861E-06  -3.7395746E-06  -7.8138145E-06
  1.8991943E-07  -2.4432645E-06   2.7604265E-07   9.6163257E-06   1.3678666E-05   1.4880715E-05   8.3515625E-07  -3.9020328E-03   9.2186499E-05   8.5262172E-04  -2.2089800E-02  -6.6251892E-03   6.3051654E-04   3.5693729E-03  -2.0266764E-03   3.5548345E-04  -3.2452393E-04  -1.1689828E-04   1.6941880E-03  -6.9449357E-07   1.2855822E-06   4.3716964E-07  -5.0227943E-06  -6.6093170E-06  -3.2065695E-05  -1.2640449E-07  -1.7360797E-08  -1.1052650E-05  -6.1264540E-06  -1.9276296E-06  -4.9125405E-06  -7.4088185E-06  -1.1917072E-06   3.3479016E-07   9.9212480E-06   6.1207925E-06  -1.4841079E-06   6.3763690E-04   3.8222362E-07   5.4116796E-07   2.2558713E-08   7.3740371E-07   2.1108189E-07  -4.6665456E-07   1.4550864E-06   2.3991977E-06   5.1248910E-06
  2.5248599E-08  -2.9676194E-07   2.8327732E-08  -8.2683524E-07   9.8191215E-06   8.3515625E-07   6.0859609E-06   6.7012459E-04  -1.2962467E-05   1.0964059E-05   2.4687902E-03   1.6464809E-04   5.4056431E-05   1.3040005E-03  -5.1801222E-05   5.7797324E-05  -4.8291200E-05  -1.1001720E-04   6.5865046E-04  -1.1217253E-06   2.1071397E-07  -1.5840278E-06   1.0843985E-06  -3.2905804E-06   1.5714160E-07  -2.1492293E-08   5.2892105E-09  -8.9271477E-06  -6.5971795E-06  -6.3950365E-06  -9.0713567E-06  -7.8630352E-06   9.2062947E-08  -2.1651400E-07  -1.6493745E-07   1.3126599E-07  -2.4108765E-06   1.0700800E-04  -1.8517288E-07  -1.3190182E-07   6.1696006E-08  -5.8243032E-08   1.9540574E-08  -5.5221348E-07   6.0873261E-08   4.1889227E-07  -3.5006022E-07
 -8.1989986E-05   9.3631483E-05   2.0165280E-05  -1.2340122E-03  -2.7295103E-03  -3.9020328E-03   6.7012459E-04   4.4831307E+01  -3.8958568E-01  -8.7905587E-01   3.5263982E+01   1.4308524E+00  -1.3267283E+01  -5.5411192E+01  -1.5859163E-01   5.5480354E-02   4.5581553E-01  -6.0698110E+00  -3.3926584E+01  -4.2035293E-04   8.3310647E-04   1.9507293E-04   8.7797496E-03  -8.2712830E-03  -8.9017852E-03  -1.9579131E-04   7.3598505E-04  -7.5791910E-03  -1.1677980E-03   3.4709489E-03   6.2322990E-03  -9.6909565E-03   1.0404157E-03  -8.5514481E-04   2.1046351E-03  -1.4257309E-03  -2.8351195E-02  -2.0860857E-01  -1.4230437E-04  -1.1980047E-04   4.3320949E-04  -1.0163904E-03  -3.5141714E-04   1.0637352E-04  -8.8765193E-04   5.1345906E-05  -4.8291739E-04
  1.9751726E-06  -2.9980772E-06   7.9247317E-07  -1.0036153E-05   3.5981623E-06   9.2186499E-05  -1.2962467E-05  -3.8958568E-01   8.1809668E-02  -3.0790244E-02  -7.0057629E-01   9.1245023E-01   1.7213505E+00   6.3405282E-01   2.9150977E-02  -2.0719292E-02   1.5341980E-02   1.2670318E-01   1.6214814E-01   1.7781271E-05  -7.9612385E-05  -7.9456786E-05  -5.1326964E-04  -8.3754108E-05  -1.0721568E-03   3.2894817E-06  -1.2499741E-07   4.0618509E-04   1.5712617E-04  -2.0602968E-04   7.8805878E-05   2.5631253E-04   2.9436299E-05  -5.0188727E-07   7.6750535E-05   1.5192962E-04   4.8591719E-04   4.2262603E-03   1.1977282E-05  -1.2827596E-05  -7.2647501E-06  -2.9446748E-05  -5.8881825E-05   4.9178320E-05   2.8014341E-05   1.1485514E-05  -4.8093731E-06
  1.6805083E-05  -5.7702529E-05  -4.0541013E-06   4.0279245E-04   6.9103150E-04   8.5262172E-04   1.0964059E-05  -8.7905587E-01  -3.0790244E-02   3.8507834E+00  -3.0516804E+01  -3.1424636E+00   7.8254940E+00   5.3999469E+00  -2.6617290E+00  -2.0382734E-01   1.7033958E-01   2.6668092E+00   3.3228938E+00  -1.4110392E-04   4.3216826E-04   2.9749017E-03  -1.4735778E-03   1.6023062E-03  -1.3797463E-03   1.2790714E-04  -2.0127277E-05  -3.1743957E-04  -1.3017571E-03   4.8249928E-04  -1.0963774E-03  -1.3138847E-03  -3.1781042E-04   6.0292691E-05   2.5236294E-04   1.9264846E-04  -1.0568939E-03  -7.6148810E-02  -1.2674628E-04  -1.7814897E-04  -5.1477206E-06   1.4198405E-04   1.0682122E-04   4.9603204E-04  -1.2420122E-04   1.2156219E-04   5.0764984E-04
 -3.7213389E-04   1.0541072E-03  -7.0415544E-06  -7.6490564E-03  -1.2361032E-02  -2.2089800E-02   2.4687902E-03   3.5263982E+01  -7.0057629E-01  -3.0516804E+01   7.8010541E+02   6.5058627E+01  -5.6575016E+01  -5.8935229E+01   1.3081479E+01  -6.8041747E+00   5.5169819E+00  -1.3442699E+01  -2.5436112E+01   1.2034715E-02  -5.1249163E-03  -3.0948658E-02   1.3377302E-02  -4.4551816E-02  -1.3155752E-01   3.5483278E-03   4.3654400E-04  -1.7398139E-02   1.8385559E-02   6.0476247E-03   6.6125636E-03   4.5437326E-03   2.9800131E-03  -6.5963536E-03  -7.6909779E-03  -2.9759135E-04   6.5634875E-02   1.2268384E+00  -7.5486574E-04   2.5969128E-03   3.6795239E-04  -1.1512481E-03  -1.0220509E-03   2.3894784E-04   4.0576828E-03   3.8413181E-04  -1.4469502E-02
 -2.1018669E-04   7.0091838E-04  -6.8328310E-05  -4.4412489E-03  -6.7456099E-03  -6.6251892E-03   1.6464809E-04   1.4308524E+00   9.1245023E-01  -3.1424636E+00   6.5058627E+01   6.0177684E+01   4.0015100E+01   1.5146873E+01  -4.9531869E+00  -6.5408883E-01  -1.3321597E+00   3.3803266E+00   4.0566599E+00   1.6490030E-03   4.7609102E-05  -3.2957054E-03  -1.6281100E-03   2.6698021E-03  -2.3874629E-03   1.0794715E-04   1.3176049E-04   3.9119636E-03   8.2074252E-03  -8.0529723E-04   8.2206921E-04   6.0905177E-03  -1.3930196E-03   8.9496577E-04  -2.6129840E-03  -2.3755318E-03   1.5886307E-02   1.7004173E-01   6.7472739E-05   1.2409689E-04  -7.2703116E-05  -7.0476795E-04  -5.9015831E-04   2.6304983E-04  -1.8120787E-03  -1.1880190E-03  -4.6007657E-03
 -7.2285240E-05   4.4571143E-04  -4.0566645E-05  -3.0315567E-03  -2.9915585E-03   6.3051654E-04   5.4056431E-05  -1.3267283E+01   1.7213505E+00   7.8254940E+00  -5.6575016E+01   4.0015100E+01   8.5856579E+01   5.3236235E+01  -1.1791566E+01  -1.3988733E+00  -4.8264724E-01   5.3575828E+00   8.6961788E+00   6.7841746E-04  -7.4189461E-04   8.4436847E-03  -1.0656220E-02   1.0477780E-02  -3.1792625E-02   4.8337818E-04  -3.0591114E-04   1.5004681E-02   2.3728418E-03  -1.5773466E-03  -4.2955300E-03   4.4765215E-03  -2.2614563E-03   8.3853374E-04  -1.4305356E-03   1.3859717E-03   9.0674297E-03  -3.1485620E-01  -1.9292251E-04  -6.7186820E-04  -4.9821460E-04  -4.5999447E-04  -1.3330563E-03   3.1896683E-03  -1.3203024E-03  -8.6618238E-04  -1.2146703E-03
  4.5786811E-06   3.0208479E-04  -6.0639875E-05  -1.6658161E-03   3.3510583E-03   3.5693729E-03   1.3040005E-03  -5.5411192E+01   6.3405282E-01   5.3999469E+00  -5.8935229E+01   1.5146873E+01   5.3236235E+01   1.0398850E+02  -9.0191138E+00  -7.1919810E-01  -9.9926876E-01   5.8753156E+00   3.4433496E+01   4.2426735E-04   2.1648312E-04   7.5851452E-03  -9.2154289E-03   2.2366534E-02   1.2950811E-02   5.0667646E-04  -1.3540978E-03   7.6058966E-03  -3.7020920E-03  -5.7329926E-03  -1.8600774E-02   1.5034244E-02  -2.6138811E-03   1.0291034E-03  -4.9435349E-03   1.0853563E-03   2.2554637E-02  -1.1752321E-01  -1.1486301E-04  -1.3805626E-04  -1.0359937E-03   8.6741997E-04  -1.6465912E-04   2.0006941E-03  -5.6159175E-04  -1.1693958E-03  -4.8399185E-04
 -3.3423343E-05   6.6816200E-05   5.0906522E-06  -5.0450619E-04  -1.6932388E-03  -2.0266764E-03  -5.1801222E-05  -1.5859163E-01   2.9150977E-02  -2.6617290E+00   1.3081479E+01  -4.9531869E+00  -1.1791566E+01  -9.0191138E+00   5.6749458E+00   1.3707027E-01  -2.4441689E-01  -2.1567368E+00  -2.4833155E+00   2.3902302E-04  -1.1247547E-03  -1.9453866E-03  -3.9309307E-04  -2.8511391E-03   1.1741698E-03  -9.2106709E-05  -2.5836525E-05   1.5857589E-03   1.2487380E-03  -1.5661558E-04   3.0772187E-03   2.3136868E-03   6.1273589E-04   2.3943551E-04   5.4676366E-05   1.5479400E-04   3.9632709E-03   7.8943132E-02   4.1022151E-05   5.8368212E-05   1.7917712E-04  -5.9388284E-05   2.0884136E-04  -6.9718312E-04   6.2314145E-04   1.5411877E-04   2.8628076E-05
  3.6125271E-06  -2.3518941E-05   2.3626142E-06  -7.7033327E-05  -3.6111280E-04   3.5548345E-04   5.7797324E-05   5.5480354E-02  -2.0719292E-02  -2.0382734E-01  -6.8041747E+00  -6.5408883E-01  -1.3988733E+00  -7.1919810E-01   1.3707027E-01   3.3491624E+00   4.7587080E-01   1.6797488E-01   2.5562762E-01   4.2912602E-05   1.7295491E-04   3.7534215E-03   4.5851401E-05   3.4124872E-03   6.9793219E-03   1.8338923E-04   4.1171816E-07   2.0802340E-03   1.1828196E-03   1.4365536E-03   2.2631297E-05   1.7527707E-03   6.6553628E-04   7.3051740E-05   4.1253538E-04   4.9964233E-04   2.1798548E-03   5.8003586E-02   1.5060828E-04  -2.7040889E-04  -1.4705370E-04  -2.5298966E-04   1.0536291E-04  -2.9783950E-04   1.5129999E-04  -2.1517716E-04   3.2479304E-04
 -7.0364625E-06   2.4609421E-05   5.1621429E-06  -2.0006832E-04  -9.3498013E-04  -3.2452393E-04  -4.8291200E-05   4.5581553E-01   1.5341980E-02   1.7033958E-01   5.5169819E+00  -1.3321597E+00  -4.8264724E-01  -9.9926876E-01  -2.4441689E-01   4.7587080E-01   3.1410683E+00   2.6790370E+00   2.6577497E+00  -6.6409658E-05  -4.7465669E-04  -2.2868032E-03   6.5311310E-04   1.1465871E-03   6.8306801E-03  -1.7522986E-04  -3.6456873E-05  -6.3431951E-04   4.0478402E-03   1.1526043E-03  -7.2035165E-05   2.8129790E-03  -4.4828248E-05  -1.0152517E-04   2.6964555E-05   4.6011307E-04  -5.1343742E-04  -9.3383603E-02  -2.7586532E-04   1.5997632E-04  -9.9946288E-05   4.0013721E-06   1.8885088E-04   3.6893518E-04   1.4303614E-04   9.8167686E-05   2.7748180E-04
 -5.2021635E-06  -3.0212698E-05  -1.9354088E-05   1.6181523E-04  -4.2387683E-04  -1.1689828E-04  -1.1001720E-04  -6.0698110E+00   1.2670318E-01   2.6668092E+00  -1.3442699E+01   3.3803266E+00   5.3575828E+00   5.8753156E+00  -2.1567368E+00   1.6797488E-01   2.6790370E+00   1.0713671E+01   1.9182303E+01   9.3330105E-04   3.6471094E-04  -5.5956443E-03  -1.6459995E-03   2.7744552E-03   2.1022749E-02  -1.7298346E-05   4.2486029E-04   2.7490606E-04   2.8214976E-03   6.1198471E-04  -2.4958063E-04   4.5720633E-03  -5.5068053E-04   9.7420591E-04   4.1441731E-04   5.4416269E-04   5.7458082E-03  -2.9605020E-02  -2.5145731E-04   5.4544166E-05   1.0952568E-04   3.2647635E-04   3.3442159E-04   6.0453078E-04  -1.4937647E-05   2.5189673E-04   1.8878178E-04
  2.7653250E-05  -1.4245768E-04  -4.2398905E-05   7.6290533E-04   2.5651451E-03   1.6941880E-03   6.5865046E-04  -3.3926584E+01   1.6214814E-01   3.3228938E+00  -2.5436112E+01   4.0566599E+00   8.6961788E+00   3.4433496E+01  -2.4833155E+00   2.5562762E-01   2.6577497E+00   1.9182303E+01   5.3750208E+01   3.8895187E-04  -1.0235956E-04  -1.0369930E-02  -3.1117301E-03   6.2875686E-03   3.5431300E-02   6.6399002E-05   9.4972796E-04   5.9840669E-03   3.6787845E-03  -8.4493593E-04  -2.1043869E-03   6.8124535E-03  -1.4078527E-03   2.3623854E-03  -6.6272825E-04   6.2795234E-04   2.8137754E-02   1.0865714E-01  -2.7168433E-04   3.1009212E-04   3.7962281E-05   1.3282877E-03   8.0650725E-04   1.9729107E-04   4.8176195E-04   5.2788943E-04   7.9752797E-04
  1.2762172E-07  -2.5959483E-07   1.7766391E-07  -2.8691001E-06  -7.2200372E-06  -6.9449357E-07  -1.1217253E-06  -4.2035293E-04   1.7781271E-05  -1.4110392E-04   1.2034715E-02   1.6490030E-03   6.7841746E-04   4.2426735E-04   2.3902302E-04   4.2912602E-05  -6.6409658E-05   9.3330105E-04   3.8895187E-04   1.4670302E-03   2.8248643E-04   6.2939128E-05  -3.6589009E-04  -1.4047182E-04  -1.1552001E-04   2.4191772E-07   1.0258810E-07   2.6738085E-05   1.1331826E-05   1.1181173E-07   2.4778235E-05   5.0753782E-06   2.1460254E-05  -3.1126803E-06  -9.5469623E-06   6.5012354E-06   3.1027813E-05  -1.7884475E-04   1.8246268E-06  -3.0079535E-06   1.6299596E-06   3.5226098E-06  -1.8371376E-06  -2.0555585E-06   9.3947707E-06   1.5074230E-05   8.5763338E-06
  2.2730065E-08   5.2473378E-09  -6.7120749E-11   7.3331101E-07   1.9153205E-06   1.2855822E-06   2.1071397E-07   8.3310647E-04  -7.9612385E-05   4.3216826E-04  -5.1249163E-03   4.7609102E-05  -7.4189461E-04   2.1648312E-04  -1.1247547E-03   1.7295491E-04  -4.7465669E-04   3.6471094E-04  -1.0235956E-04   2.8248643E-04   8.7058438E-04  -1.2262895E-05   7.3037676E-04   4.5889636E-06  -6.4673443E-04  -2.4923623E-07   1.4370012E-07  -9.3315178E-06  -4.0125529E-06  -1.8817431E-05   8.2302495E-06   1.4341136E-05  -2.7966141E-06  -5.7204627E-06  -6.5009242E-06   6.7194227E-06  -1.3437513E-05  -1.1949616E-03   2.0951454E-07   1.9664156E-06  -1.0113110E-06  -8.6462522E-06   3.7747985E-06   1.0757738E-05  -4.2764532E-08   8.9799392E-06   1.0163159E-05
 -7.2272703E-08  -8.7886495E-07  -2.2362271E-07   3.5405697E-06   1.9378398E-06   4.3716964E-07  -1.5840278E-06   1.9507293E-04  -7.9456786E-05   2.9749017E-03  -3.0948658E-02  -3.2957054E-03   8.4436847E-03   7.5851452E-03  -1.9453866E-03   3.7534215E-03  -2.2868032E-03  -5.5956443E-03  -1.0369930E-02   6.2939128E-05  -1.2262895E-05   7.2014047E-03  -3.5656435E-04   6.1883765E-04   4.1695619E-03   9.3670177E-07  -1.3833962E-06  -9.3507186E-05  -9.8465196E-05   4.4556012E-05   7.9834818E-05  -1.0701561E-04   2.6132764E-05   1.8742936E-05  -5.3219723E-06   2.3906875E-05   3.0140107E-04   7.4289962E-04   8.4082796E-07  -4.8338671E-08   5.2416290E-06   1.3280636E-05  -5.6125501E-06  -1.3604924E-05   2.1027063E-05   1.4602494E-05   6.8864362E-06
 -3.1215374E-07   1.6114335E-06  -4.4736551E-07   3.2454341E-06   1.0972976E-05  -5.0227943E-06   1.0843985E-06   8.7797496E-03  -5.1326964E-04  -1.4735778E-03   1.3377302E-02  -1.6281100E-03  -1.0656220E-02  -9.2154289E-03  -3.9309307E-04   4.5851401E-05   6.5311310E-04  -1.6459995E-03  -3.1117301E-03  -3.6589009E-04   7.3037676E-04  -3.5656435E-04   2.8884993E-03   5.5772255E-04  -8.2097479E-04  -7.9281428E-07   6.1519006E-07   3.2973714E-05  -3.6113649E-05  -4.7436779E-05  -4.3212861E-05   4.0120555E-05  -2.9516069E-05  -1.7489630E-05  -1.7307629E-05  -1.9160390E-05  -1.4483212E-04  -1.1135233E-03  -7.8482180E-07   7.1844359E-06  -7.8827282E-06  -1.0961239E-05   4.5964271E-06   7.7257797E-06  -8.6941471E-06   1.2242935E-05  -8.3009777E-06
 -6.0166952E-07   2.6472734E-06  -8.7247441E-07  -1.4034968E-05  -2.9612862E-05  -6.6093170E-06  -3.2905804E-06  -8.2712830E-03  -8.3754108E-05   1.6023062E-03  -4.4551816E-02   2.6698021E-03   1.0477780E-02   2.2366534E-02  -2.8511391E-03   3.4124872E-03   1.1465871E-03   2.7744552E-03   6.2875686E-03  -1.4047182E-04   4.5889636E-06   6.1883765E-04   5.5772255E-04   6.4821827E-03   8.2618269E-03   3.7571161E-07   9.1648939E-08   2.4894631E-05  -6.2575895E-05   1.6391936E-05   4.1179688E-06   1.3351252E-04  -4.8010495E-05   5.2035110E-08  -5.4849836E-06  -5.0141224E-05   2.0304166E-04  -2.2335234E-03  -5.0214020E-06   8.1566259E-06  -1.1406521E-06   4.5221692E-06  -1.8565853E-06   5.1787268E-06   1.1529755E-05  -1.0202031E-05  -4.0430796E-06
 -2.2693141E-06   1.2439761E-05  -2.3191201E-06  -2.8983169E-05  -3.4253083E-05  -3.2065695E-05   1.5714160E-07  -8.9017852E-03  -1.0721568E-03  -1.3797463E-03  -1.3155752E-01  -2.3874629E-03  -3.1792625E-02   1.2950811E-02   1.1741698E-03   6.9793219E-03   6.8306801E-03   2.1022749E-02   3.5431300E-02  -1.1552001E-04  -6.4673443E-04   4.1695619E-03  -8.2097479E-04   8.2618269E-03   7.1639649E-02  -2.6959974E-06  -6.0424977E-07   1.5134957E-05  -3.3522653E-05   1.2415393E-04  -4.5336952E-05   9.0237878E-05   2.2386620E-05  -7.0531931E-05  -1.2448765E-05  -3.6227077E-06   2.1107595E-04  -1.5486515E-02   1.1811657E-06   1.4319695E-05  -3.9289494E-05   2.3701633E-05  -4.1328735E-05  -2.7348409E-05  -2.8457511E-05  -1.0811025E-05  -1.3453384E-04
  1.1602420E-09   9.2168341E-09   1.1598504E-09  -5.4307591E-08   1.1081408E-08  -1.2640449E-07  -2.1492293E-08  -1.9579131E-04   3.2894817E-06   1.2790714E-04   3.5483278E-03   1.0794715E-04   4.8337818E-04   5.0667646E-04  -9.2106709E-05   1.8338923E-04  -1.7522986E-04  -1.7298346E-05   6.6399002E-05   2.4191772E-07  -2.4923623E-07   9.3670177E-07  -7.9281428E-07   3.7571161E-07  -2.6959974E-06   3.7518270E-07  -4.5944210E-10  -7.2879676E-07  -6.1272478E-07   9.4419279E-08  -5.1518094E-07  -1.5813614E-07   1.0262924E-08  -3.7583978E-08   9.2318279E-09   1.2095090E-07   7.9963195E-07   2.6199868E-05  -1.2610009E-09  -3.0846850E-08   2.9995952E-09  -1.4122271E-07  -1.5362744E-07  -7.2808092E-08   1.3583809E-07   8.5125094E-08  -3.1098472E-07
 -8.0508757E-10  -5.6838597E-09   9.0474145E-10  -5.2237917E-08  -1.1397239E-07  -1.7360797E-08   5.2892105E-09   7.3598505E-04  -1.2499741E-07  -2.0127277E-05   4.3654400E-04   1.3176049E-04  -3.0591114E-04  -1.3540978E-03  -2.5836525E-05   4.1171816E-07  -3.6456873E-05   4.2486029E-04   9.4972796E-04   1.0258810E-07   1.4370012E-07  -1.3833962E-06   6.1519006E-07   9.1648939E-08  -6.0424977E-07  -4.5944210E-10   3.9522603E-07   2.4889085E-07   3.9400511E-07  -7.8934237E-08   6.7057773E-07  -1.2270942E-06   1.1768652E-07   1.2491170E-07   2.4334912E-07   1.5442269E-07  -1.0182599E-06  -1.8145898E-05   4.6514844E-09   5.8499409E-09  -2.4965789E-08   1.3814696E-07  -3.5344383E-08  -1.6305492E-08  -4.9421760E-08   1.3469616E-07   1.2352990E-07
 -2.0561037E-07   3.4916853E-06  -7.8213723E-07  -6.3181360E-05  -1.3689805E-04  -1.1052650E-05  -8.9271477E-06  -7.5791910E-03   4.0618509E-04  -3.1743957E-04  -1.7398139E-02   3.9119636E-03   1.5004681E-02   7.6058966E-03   1.5857589E-03   2.0802340E-03  -6.3431951E-04   2.7490606E-04   5.9840669E-03   2.6738085E-05  -9.3315178E-06  -9.3507186E-05   3.2973714E-05   2.4894631E-05   1.5134957E-05  -7.2879676E-07   2.4889085E-07   5.2616896E-03   1.0215574E-04   1.7039704E-04   1.5293093E-04   1.8629982E-04  -9.3062783E-06   3.5098452E-06   7.0908793E-05   3.6761314E-05  -1.0329073E-04   1.1321675E-02   1.4493444E-04   1.9317557E-05   1.3466511E-05   5.0919900E-06   9.0966428E-06   3.9996234E-06   3.7176821E-06   1.9885036E-05   7.1007858E-06
 -8.0208844E-08   6.5956338E-07  -3.6248797E-07  -6.2307431E-05  -1.3640250E-04  -6.1264540E-06  -6.5971795E-06  -1.1677980E-03   1.5712617E-04  -1.3017571E-03   1.8385559E-02   8.2074252E-03   2.3728418E-03  -3.7020920E-03   1.2487380E-03   1.1828196E-03   4.0478402E-03   2.8214976E-03   3.6787845E-03   1.1331826E-05  -4.0125529E-06  -9.8465196E-05  -3.6113649E-05  -6.2575895E-05  -3.3522653E-05  -6.1272478E-07   3.9400511E-07   1.0215574E-04   2.7247853E-03   1.0546366E-04   1.9442146E-04   1.4921839E-04   5.3437414E-06  -2.5894713E-06   5.8312826E-05   4.6223200E-05  -3.1830328E-04   5.0798797E-03   2.8572557E-06   7.1797820E-05   2.4404302E-06   1.6307591E-05   2.7392023E-06  -2.2000137E-05   8.4977636E-06   2.2478794E-05   3.2503716E-05
 -1.4649565E-07   2.6138118E-08  -5.5179296E-07  -6.5532716E-05  -1.4462747E-04  -1.9276296E-06  -6.3950365E-06   3.4709489E-03  -2.0602968E-04   4.8249928E-04   6.0476247E-03  -8.0529723E-04  -1.5773466E-03  -5.7329926E-03  -1.5661558E-04   1.4365536E-03   1.1526043E-03   6.1198471E-04  -8.4493593E-04   1.1181173E-07  -1.8817431E-05   4.4556012E-05  -4.7436779E-05   1.6391936E-05   1.2415393E-04   9.4419279E-08  -7.8934237E-08   1.7039704E-04   1.0546366E-04   1.9231033E-03   1.5817465E-04   1.3566617E-04  -1.7616379E-05   1.4553505E-05   3.9338640E-05   2.3641994E-05  -3.6621802E-04   1.2087091E-03   1.3377033E-07   3.4284233E-06   6.3769525E-05   5.1368524E-06   4.5068086E-06  -8.4485195E-06   3.1402632E-06   1.1067613E-05   3.0912438E-05
 -5.0742408E-08   3.5764612E-07  -4.3661341E-07  -7.9271562E-05  -1.7765765E-04  -4.9125405E-06  -9.0713567E-06   6.2322990E-03   7.8805878E-05  -1.0963774E-03   6.6125636E-03   8.2206921E-04  -4.2955300E-03  -1.8600774E-02   3.0772187E-03   2.2631297E-05  -7.2035165E-05  -2.4958063E-04  -2.1043869E-03   2.4778235E-05   8.2302495E-06   7.9834818E-05  -4.3212861E-05   4.1179688E-06  -4.5336952E-05  -5.1518094E-07   6.7057773E-07   1.5293093E-04   1.9442146E-04   1.5817465E-04   2.5921230E-03   2.3111950E-04   2.6189994E-05   2.5587401E-05   3.6714513E-05   2.5623686E-05  -4.1911936E-04  -6.6373652E-04   3.5315920E-06   1.2277410E-07   3.1924899E-06   1.1275547E-04  -6.6918146E-06   1.7920644E-06   7.2116917E-06   2.1125682E-05   3.7797126E-05
 -4.3049728E-07   1.7525660E-06  -9.3830456E-07  -9.6378293E-05  -2.0484285E-04  -7.4088185E-06  -7.8630352E-06  -9.6909565E-03   2.5631253E-04  -1.3138847E-03   4.5437326E-03   6.0905177E-03   4.4765215E-03   1.5034244E-02   2.3136868E-03   1.7527707E-03   2.8129790E-03   4.5720633E-03   6.8124535E-03   5.0753782E-06   1.4341136E-05  -1.0701561E-04   4.0120555E-05   1.3351252E-04   9.0237878E-05  -1.5813614E-07  -1.2270942E-06   1.8629982E-04   1.4921839E-04   1.3566617E-04   2.3111950E-04   5.6559943E-03  -1.9367990E-05   2.3341555E-05   5.4193463E-05   2.3543750E-05  -9.5983354E-05   1.8273225E-04  -1.0405590E-06   4.6070984E-06  -3.5536006E-06   9.7537686E-07   1.2891660E-04  -2.1655033E-05  -1.1824885E-05   3.6017821E-06   1.6590330E-05
  1.4399628E-08   1.7267818E-07  -2.4926910E-08  -1.8703373E-06  -2.5600798E-06  -1.1917072E-06   9.2062947E-08   1.0404157E-03   2.9436299E-05  -3.1781042E-04   2.9800131E-03  -1.3930196E-03  -2.2614563E-03  -2.6138811E-03   6.1273589E-04   6.6553628E-04  -4.4828248E-05  -5.5068053E-04  -1.4078527E-03   2.1460254E-05  -2.7966141E-06   2.6132764E-05  -2.9516069E-05  -4.8010495E-05   2.2386620E-05   1.0262924E-08   1.1768652E-07  -9.3062783E-06   5.3437414E-06  -1.7616379E-05   2.6189994E-05  -1.9367990E-05   5.0449338E-04   1.5710088E-05  -4.1561195E-06   7.4031960E-06   1.0843892E-04  -2.6074981E-03  -6.4436992E-07  -3.3042212E-06   9.4657810E-07   8.6766661E-07  -2.3332937E-06  -2.8180330E-05   6.9583726E-06   4.6139388E-07  -1.4285953E-06
  3.0156062E-08  -4.7876974E-07  -1.1502633E-07   1.2411371E-06   4.5620297E-07   3.3479016E-07  -2.1651400E-07  -8.5514481E-04  -5.0188727E-07   6.0292691E-05  -6.5963536E-03   8.9496577E-04   8.3853374E-04   1.0291034E-03   2.3943551E-04   7.3051740E-05  -1.0152517E-04   9.7420591E-04   2.3623854E-03  -3.1126803E-06  -5.7204627E-06   1.8742936E-05  -1.7489630E-05   5.2035110E-08  -7.0531931E-05  -3.7583978E-08   1.2491170E-07   3.5098452E-06  -2.5894713E-06   1.4553505E-05   2.5587401E-05   2.3341555E-05   1.5710088E-05   5.0038353E-04   1.3653824E-05   8.6480453E-06   1.7533240E-04  -3.1656548E-03  -2.9420430E-06  -2.0688773E-06   1.6638095E-07  -1.7552474E-06  -3.0211108E-06   2.1214412E-05  -3.5142905E-05  -1.4031782E-07  -1.0785850E-06
  3.5619615E-07  -4.3505340E-06   3.6497217E-07   2.1927305E-06  -5.8850807E-06   9.9212480E-06  -1.6493745E-07   2.1046351E-03   7.6750535E-05   2.5236294E-04  -7.6909779E-03  -2.6129840E-03  -1.4305356E-03  -4.9435349E-03   5.4676366E-05   4.1253538E-04   2.6964555E-05   4.1441731E-04  -6.6272825E-04  -9.5469623E-06  -6.5009242E-06  -5.3219723E-06  -1.7307629E-05  -5.4849836E-06  -1.2448765E-05   9.2318279E-09   2.4334912E-07   7.0908793E-05   5.8312826E-05   3.9338640E-05   3.6714513E-05   5.4193463E-05  -4.1561195E-06   1.3653824E-05   3.7211504E-04   1.7366074E-05  -1.1104415E-05   1.3680847E-03  -3.1334953E-06  -1.6938707E-06   1.9993865E-06  -2.2308360E-07   9.8129306E-07   4.3019105E-06   9.1462479E-06  -4.3143663E-05   1.8544662E-05
  2.1176343E-07  -3.1255135E-06   1.8295019E-07  -1.7200461E-06  -9.7847205E-06   6.1207925E-06   1.3126599E-07  -1.4257309E-03   1.5192962E-04   1.9264846E-04  -2.9759135E-04  -2.3755318E-03   1.3859717E-03   1.0853563E-03   1.5479400E-04   4.9964233E-04   4.6011307E-04   5.4416269E-04   6.2795234E-04   6.5012354E-06   6.7194227E-06   2.3906875E-05  -1.9160390E-05  -5.0141224E-05  -3.6227077E-06   1.2095090E-07   1.5442269E-07   3.6761314E-05   4.6223200E-05   2.3641994E-05   2.5623686E-05   2.3543750E-05   7.4031960E-06   8.6480453E-06   1.7366074E-05   4.2452611E-04  -4.6885387E-05   9.8223552E-04   2.9557709E-07   2.4408733E-07   3.8509050E-07   1.1335758E-06   1.9391836E-06   2.4693150E-06   1.1921550E-05   1.3324227E-05  -9.4359189E-05
 -2.9114022E-08   5.8205345E-07   2.7117382E-07   1.4617386E-05   2.3858963E-05  -1.4841079E-06  -2.4108765E-06  -2.8351195E-02   4.8591719E-04  -1.0568939E-03   6.5634875E-02   1.5886307E-02   9.0674297E-03   2.2554637E-02   3.9632709E-03   2.1798548E-03  -5.1343742E-04   5.7458082E-03   2.8137754E-02   3.1027813E-05  -1.3437513E-05   3.0140107E-04  -1.4483212E-04   2.0304166E-04   2.1107595E-04   7.9963195E-07  -1.0182599E-06  -1.0329073E-04  -3.1830328E-04  -3.6621802E-04  -4.1911936E-04  -9.5983354E-05   1.0843892E-04   1.7533240E-04  -1.1104415E-05  -4.6885387E-05   2.6912825E-02   1.3740743E-01  -1.0663329E-05  -5.8672224E-05   2.3948320E-05  -1.3760474E-04  -3.8864346E-05   2.2301112E-04   1.9747351E-04   2.0503019E-04  -2.0120717E-05
  2.1852776E-05  -2.9954609E-04   3.3101874E-05  -3.4070824E-06  -4.9316679E-04   6.3763690E-04   1.0700800E-04  -2.0860857E-01   4.2262603E-03  -7.6148810E-02   1.2268384E+00   1.7004173E-01  -3.1485620E-01  -1.1752321E-01   7.8943132E-02   5.8003586E-02  -9.3383603E-02  -2.9605020E-02   1.0865714E-01  -1.7884475E-04  -1.1949616E-03   7.4289962E-04  -1.1135233E-03  -2.2335234E-03  -1.5486515E-02   2.6199868E-05  -1.8145898E-05   1.1321675E-02   5.0798797E-03   1.2087091E-03  -6.6373652E-04   1.8273225E-04  -2.6074981E-03  -3.1656548E-03   1.3680847E-03   9.8223552E-04   1.3740743E-01   4.8166866E+00   1.1223774E-03   3.3178711E-04   1.2363727E-06  -8.1517506E-04  -2.0228582E-04  -1.2171251E-02  -3.1319259E-03   2.3948702E-03   2.3260399E-03
  4.1189508E-08  -2.3807775E-07   1.3617291E-08   1.0970155E-06   1.4269046E-06   3.8222362E-07  -1.8517288E-07  -1.4230437E-04   1.1977282E-05  -1.2674628E-04  -7.5486574E-04   6.7472739E-05  -1.9292251E-04  -1.1486301E-04   4.1022151E-05   1.5060828E-04  -2.7586532E-04  -2.5145731E-04  -2.7168433E-04   1.8246268E-06   2.0951454E-07   8.4082796E-07  -7.8482180E-07  -5.0214020E-06   1.1811657E-06  -1.2610009E-09   4.6514844E-09   1.4493444E-04   2.8572557E-06   1.3377033E-07   3.5315920E-06  -1.0405590E-06  -6.4436992E-07  -2.9420430E-06  -3.1334953E-06   2.9557709E-07  -1.0663329E-05   1.1223774E-03   5.6049225E-05  -4.9260361E-07   4.3107724E-07   5.8142077E-07   2.3011112E-06   2.3347940E-06  -1.8893343E-08   8.8274644E-07   5.4938881E-07
 -6.6742094E-09  -2.2108614E-07   1.6096528E-08   4.4426371E-07  -6.6043560E-08   5.4116796E-07  -1.3190182E-07  -1.1980047E-04  -1.2827596E-05  -1.7814897E-04   2.5969128E-03   1.2409689E-04  -6.7186820E-04  -1.3805626E-04   5.8368212E-05  -2.7040889E-04   1.5997632E-04   5.4544166E-05   3.1009212E-04  -3.0079535E-06   1.9664156E-06  -4.8338671E-08   7.1844359E-06   8.1566259E-06   1.4319695E-05  -3.0846850E-08   5.8499409E-09   1.9317557E-05   7.1797820E-05   3.4284233E-06   1.2277410E-07   4.6070984E-06  -3.3042212E-06  -2.0688773E-06  -1.6938707E-06   2.4408733E-07  -5.8672224E-05   3.3178711E-04  -4.9260361E-07   4.4005794E-05   6.1237661E-07   2.8677399E-07  -3.5659381E-07   1.0201782E-06   2.6588752E-06   1.5752732E-06   5.9082601E-07
 -1.2887155E-08  -1.6852857E-08   8.8255847E-09  -3.0852598E-07  -4.5364886E-07   2.2558713E-08   6.1696006E-08   4.3320949E-04  -7.2647501E-06  -5.1477206E-06   3.6795239E-04  -7.2703116E-05  -4.9821460E-04  -1.0359937E-03   1.7917712E-04  -1.4705370E-04  -9.9946288E-05   1.0952568E-04   3.7962281E-05   1.6299596E-06  -1.0113110E-06   5.2416290E-06  -7.8827282E-06  -1.1406521E-06  -3.9289494E-05   2.9995952E-09  -2.4965789E-08   1.3466511E-05   2.4404302E-06   6.3769525E-05   3.1924899E-06  -3.5536006E-06   9.4657810E-07   1.6638095E-07   1.9993865E-06   3.8509050E-07   2.3948320E-05   1.2363727E-06   4.3107724E-07   6.1237661E-07   4.2959491E-05   1.8550674E-06  -4.5063370E-07   2.3342019E-08   5.2803921E-06   3.7478818E-06  -1.7094802E-06
  6.1722318E-09  -2.4858112E-07   2.1380505E-08  -3.4367362E-07  -1.2969519E-06   7.3740371E-07  -5.8243032E-08  -1.0163904E-03  -2.9446748E-05   1.4198405E-04  -1.1512481E-03  -7.0476795E-04  -4.5999447E-04   8.6741997E-04  -5.9388284E-05  -2.5298966E-04   4.0013721E-06   3.2647635E-04   1.3282877E-03   3.5226098E-06  -8.6462522E-06   1.3280636E-05  -1.0961239E-05   4.5221692E-06   2.3701633E-05  -1.4122271E-07   1.3814696E-07   5.0919900E-06   1.6307591E-05   5.1368524E-06   1.1275547E-04   9.7537686E-07   8.6766661E-07  -1.7552474E-06  -2.2308360E-07   1.1335758E-06  -1.3760474E-04  -8.1517506E-04   5.8142077E-07   2.8677399E-07   1.8550674E-06   8.2058848E-05   7.8247262E-07  -1.1448331E-07   1.7302521E-06   7.2119659E-06   1.0156600E-05
  3.1898944E-10  -2.2307226E-07   2.1960461E-08   1.1554997E-07  -4.5369787E-07   2.1108189E-07   1.9540574E-08  -3.5141714E-04  -5.8881825E-05   1.0682122E-04  -1.0220509E-03  -5.9015831E-04  -1.3330563E-03  -1.6465912E-04   2.0884136E-04   1.0536291E-04   1.8885088E-04   3.3442159E-04   8.0650725E-04  -1.8371376E-06   3.7747985E-06  -5.6125501E-06   4.5964271E-06  -1.8565853E-06  -4.1328735E-05  -1.5362744E-07  -3.5344383E-08   9.0966428E-06   2.7392023E-06   4.5068086E-06  -6.6918146E-06   1.2891660E-04  -2.3332937E-06  -3.0211108E-06   9.8129306E-07   1.9391836E-06  -3.8864346E-05  -2.0228582E-04   2.3011112E-06  -3.5659381E-07  -4.5063370E-07   7.8247262E-07   9.7869278E-05  -1.2565402E-07   3.4410642E-07  -2.0787959E-06   1.2445063E-05
 -1.8223591E-08   3.5017878E-07  -6.7960695E-08   2.8561787E-06   4.9672130E-06  -4.6665456E-07  -5.5221348E-07   1.0637352E-04   4.9178320E-05   4.9603204E-04   2.3894784E-04   2.6304983E-04   3.1896683E-03   2.0006941E-03  -6.9718312E-04  -2.9783950E-04   3.6893518E-04   6.0453078E-04   1.9729107E-04  -2.0555585E-06   1.0757738E-05  -1.3604924E-05   7.7257797E-06   5.1787268E-06  -2.7348409E-05  -7.2808092E-08  -1.6305492E-08   3.9996234E-06  -2.2000137E-05  -8.4485195E-06   1.7920644E-06  -2.1655033E-05  -2.8180330E-05   2.1214412E-05   4.3019105E-06   2.4693150E-06   2.2301112E-04  -1.2171251E-02   2.3347940E-06   1.0201782E-06   2.3342019E-08  -1.1448331E-07  -1.2565402E-07   2.0659693E-04   2.6929172E-05   2.8904157E-07  -1.7753884E-06
  4.5371041E-08  -6.5694711E-07   8.3651442E-08   1.2315487E-06   1.2139861E-06   1.4550864E-06   6.0873261E-08  -8.8765193E-04   2.8014341E-05  -1.2420122E-04   4.0576828E-03  -1.8120787E-03  -1.3203024E-03  -5.6159175E-04   6.2314145E-04   1.5129999E-04   1.4303614E-04  -1.4937647E-05   4.8176195E-04   9.3947707E-06  -4.2764532E-08   2.1027063E-05  -8.6941471E-06   1.1529755E-05  -2.8457511E-05   1.3583809E-07  -4.9421760E-08   3.7176821E-06   8.4977636E-06   3.1402632E-06   7.2116917E-06  -1.1824885E-05   6.9583726E-06  -3.5142905E-05   9.1462479E-06   1.1921550E-05   1.9747351E-04  -3.1319259E-03  -1.8893343E-08   2.6588752E-06   5.2803921E-06   1.7302521E-06   3.4410642E-07   2.6929172E-05   1.1375024E-04   6.9784618E-06   5.4388992E-06
  8.4605711E-08  -1.2893324E-06   1.6429942E-07  -9.5570576E-07  -3.7395746E-06   2.3991977E-06   4.1889227E-07   5.1345906E-05   1.1485514E-05   1.2156219E-04   3.8413181E-04  -1.1880190E-03  -8.6618238E-04  -1.1693958E-03   1.5411877E-04  -2.1517716E-04   9.8167686E-05   2.5189673E-04   5.2788943E-04   1.5074230E-05   8.9799392E-06   1.4602494E-05   1.2242935E-05  -1.0202031E-05  -1.0811025E-05   8.5125094E-08   1.3469616E-07   1.9885036E-05   2.2478794E-05   1.1067613E-05   2.1125682E-05   3.6017821E-06   4.6139388E-07  -1.4031782E-07  -4.3143663E-05   1.3324227E-05   2.0503019E-04   2.3948702E-03   8.8274644E-07   1.5752732E-06   3.7478818E-06   7.2119659E-06  -2.0787959E-06   2.8904157E-07   6.9784618E-06   9.3634410E-05   1.3106038E-05
  1.8419020E-07  -2.0580712E-06   3.2154787E-07  -1.2624530E-06  -7.8138145E-06   5.1248910E-06  -3.5006022E-07  -4.8291739E-04  -4.8093731E-06   5.0764984E-04  -1.4469502E-02  -4.6007657E-03  -1.2146703E-03  -4.8399185E-04   2.8628076E-05   3.2479304E-04   2.7748180E-04   1.8878178E-04   7.9752797E-04   8.5763338E-06   1.0163159E-05   6.8864362E-06  -8.3009777E-06  -4.0430796E-06  -1.3453384E-04  -3.1098472E-07   1.2352990E-07   7.1007858E-06   3.2503716E-05   3.0912438E-05   3.7797126E-05   1.6590330E-05  -1.4285953E-06  -1.0785850E-06   1.8544662E-05  -9.4359189E-05  -2.0120717E-05   2.3260399E-03   5.4938881E-07   5.9082601E-07  -1.7094802E-06   1.0156600E-05   1.2445063E-05  -1.7753884E-06   5.4388992E-06   1.3106038E-05   3.3404383E-04
