# omegabh2 omegach2 theta tau logA ns calPlanck
  1.3172193E-06  -4.5647183E-06   2.9067429E-07   2.8789132E-06   1.0529639E-05   9.6567243E-06   2.4322853E-08
 -4.5647183E-06   2.2019888E-05  -1.3868513E-06  -1.2114861E-05  -1.6244943E-05  -4.6084281E-05   3.6013332E-08
  2.9067429E-07  -1.3868513E-06   7.5194271E-07   8.6814116E-07   8.2201367E-07   3.9322551E-06   4.0746459E-08
  2.8789132E-06  -1.2114861E-05   8.6814116E-07   4.2701700E-05   8.7668340E-05   3.1213582E-05  -1.9295653E-07
  1.0529639E-05  -1.6244943E-05   8.2201367E-07   8.7668340E-05   3.4018644E-04   5.8684315E-05   1.2776237E-05
  9.6567243E-06  -4.6084281E-05   3.9322551E-06   3.1213582E-05   5.8684315E-05   1.8158366E-04  -1.0179846E-07
  2.4322853E-08   3.6013332E-08   4.0746459E-08  -1.9295653E-07   1.2776237E-05  -1.0179846E-07   6.2820158E-06
