# omegabh2 omegach2 theta tau logA ns calPlanck aps100 aps143 aps217 acib217 asz143 psr cibr xi aksz dust100 dust143 dust217 dust143x217 cal0 cal2 calTE calEE
  1.9452184E-08  -3.2360766E-08   9.3111323E-09   2.3312194E-07   4.5103175E-07   1.3898387E-07   3.3114939E-09  -3.4967733E-04  -2.2531854E-04   2.0527511E-05  -7.3052566E-05   1.0248303E-05   5.4081877E-07  -1.2262440E-06   2.4936168E-07  -2.7411154E-05   3.0772890E-08   4.3365475E-07   3.5178444E-07  -7.0294486E-07  -5.5897412E-09  -2.4444886E-09  -1.1349652E-07  -2.4186183E-07
 -3.2360766E-08   7.7671018E-07  -3.6964300E-08  -1.8314901E-06  -2.3717571E-06  -1.6262164E-06  -2.0925464E-07   5.5662775E-04   1.1949480E-04  -3.2110042E-04   9.7571704E-05   6.1392082E-06   3.7001688E-07   3.3812544E-06   8.6983131E-06   9.1669583E-05   2.8621773E-06   6.8958644E-06   1.2577028E-06   6.6678718E-06  -5.4266990E-09  -5.3558584E-09  -3.7925232E-07  -6.8699577E-07
  9.3111323E-09  -3.6964300E-08   8.8001730E-08   2.2090490E-07   4.4649496E-07   2.8093000E-07   1.4046985E-08  -3.9004816E-04  -3.4107144E-05   7.3941414E-05  -4.9003426E-05   2.6825726E-05   1.7591624E-08   2.3446000E-07   1.9049765E-06  -2.1660001E-05  -9.8591372E-07  -1.1710539E-06  -7.6446037E-08  -6.2592032E-07  -2.7293320E-09  -1.7431780E-08  -5.3797921E-08   2.9652764E-09
  2.3312194E-07  -1.8314901E-06   2.2090490E-07   4.9146010E-05   8.9381927E-05   8.2182468E-06  -1.7535755E-06  -1.2170027E-02  -2.9562054E-03   7.2861293E-03  -5.3652696E-03  -9.8440257E-05   4.7851236E-05  -1.1293010E-04   2.9687554E-05  -4.8718897E-04  -7.6470440E-05  -4.7553539E-05   2.1584779E-05  -3.1583164E-05  -2.4635303E-07  -2.6676474E-07  -5.1135313E-06  -3.2187949E-06
  4.5103175E-07  -2.3717571E-06   4.4649496E-07   8.9381927E-05   1.9074281E-04   1.1947689E-05   8.2435263E-06  -1.7694750E-02  -4.9997282E-03   2.1420976E-02  -1.1746153E-02  -2.4241934E-04   1.1249828E-04  -2.7133379E-04   5.0274594E-05  -1.6710089E-03  -1.5981583E-04  -1.4142276E-04   5.9728021E-05  -6.7677137E-05  -1.1635552E-07  -9.3153702E-07  -1.0636074E-05  -5.2996615E-06
  1.3898387E-07  -1.6262164E-06   2.8093000E-07   8.2182468E-06   1.1947689E-05   1.3890761E-05   4.8872612E-07  -2.5696537E-02  -5.5462462E-03   9.3563752E-03  -5.9664686E-03   4.2973770E-04   7.2041685E-05  -1.0715314E-04   9.9727345E-05  -1.8662892E-03   1.5399302E-05  -4.3174550E-05   1.9630831E-05  -3.2230102E-05  -4.5907593E-07  -4.8470514E-07  -1.5379682E-07  -2.0165154E-06
  3.3114939E-09  -2.0925464E-07   1.4046985E-08  -1.7535755E-06   8.2435263E-06   4.8872612E-07   6.1903958E-06   3.9440682E-03   2.3283553E-04   8.7193484E-04   7.2226242E-04  -9.1405593E-05  -5.6222287E-06   4.5235633E-06  -3.1942640E-05   1.3330598E-05   1.1370969E-05   7.2508432E-06   6.0399209E-07  -7.1779436E-06  -1.0093776E-07  -1.6010569E-07  -1.6340159E-07  -3.8311847E-08
 -3.4967733E-04   5.5662775E-04  -3.9004816E-04  -1.2170027E-02  -1.7694750E-02  -2.5696537E-02   3.9440682E-03   6.2007927E+02   5.8268468E+01  -5.7222222E+01   2.9699686E+01  -2.5143866E+01  -9.3795274E-01  -1.2141738E-01  -3.2561651E-01   1.1981412E+01  -1.4696284E-01   3.6537541E-01  -1.9440321E-01  -8.7430033E-02   5.9299245E-03   3.4185318E-03   5.1180333E-03   6.2284043E-03
 -2.2531854E-04   1.1949480E-04  -3.4107144E-05  -2.9562054E-03  -4.9997282E-03  -5.5462462E-03   2.3283553E-04   5.8268468E+01   6.4799186E+01   1.1048564E+01   5.0058431E+00   2.5147640E-02  -4.2709330E-02   4.8670468E-01   8.9349686E-01  -8.4440268E+00  -3.0659269E-02  -1.7054338E-01   5.7361967E-02   7.8167920E-02   5.0854821E-04   3.6268975E-04   8.1630716E-04   5.0902508E-03
  2.0527511E-05  -3.2110042E-04   7.3941414E-05   7.2861293E-03   2.1420976E-02   9.3563752E-03   8.7193484E-04  -5.7222222E+01   1.1048564E+01   1.8285016E+02  -8.6782311E+01   2.9057970E+00   3.5724738E-01  -1.0578985E+00   4.4966643E-01  -7.6726112E+00  -8.8991569E-02  -1.5808921E-01   5.6483029E-01   1.2976921E-02   1.2507201E-03  -8.3326693E-03   2.4979096E-03   6.6485999E-03
 -7.3052566E-05   9.7571704E-05  -4.9003426E-05  -5.3652696E-03  -1.1746153E-02  -5.9664686E-03   7.2226242E-04   2.9699686E+01   5.0058431E+00  -8.6782311E+01   5.3599493E+01   1.8730192E+00  -3.4109683E-02   7.0712940E-01  -3.1307464E-01  -2.6249251E+00   5.8591065E-02   9.7136493E-02  -4.4974231E-01  -9.9851762E-02  -3.0976569E-04   3.4484912E-03  -3.3881778E-04  -1.0528220E-03
  1.0248303E-05   6.1392082E-06   2.6825726E-05  -9.8440257E-05  -2.4241934E-04   4.2973770E-04  -9.1405593E-05  -2.5143866E+01   2.5147640E-02   2.9057970E+00   1.8730192E+00   4.6242023E+00   1.1090831E-01   1.6649026E-01  -3.1025475E-02  -3.7806570E+00   2.3826118E-03  -1.0489127E-03   6.7339324E-03   5.3241720E-02   5.1877976E-04  -3.4339003E-04  -1.5031746E-04   2.3207881E-04
  5.4081877E-07   3.7001688E-07   1.7591624E-08   4.7851236E-05   1.1249828E-04   7.2041685E-05  -5.6222287E-06  -9.3795274E-01  -4.2709330E-02   3.5724738E-01  -3.4109683E-02   1.1090831E-01   1.7286571E-02  -1.7131491E-02   1.1564239E-02  -1.1674722E-01  -7.6228409E-04   1.2501524E-04  -3.0337137E-03   5.7433684E-03   1.2143489E-05  -4.5575803E-05   1.8988289E-05   3.6335003E-05
 -1.2262440E-06   3.3812544E-06   2.3446000E-07  -1.1293010E-04  -2.7133379E-04  -1.0715314E-04   4.5235633E-06  -1.2141738E-01   4.8670468E-01  -1.0578985E+00   7.0712940E-01   1.6649026E-01  -1.7131491E-02   6.8949942E-02   4.4458066E-03  -1.4845299E-01   2.2267533E-03   4.3444898E-03   1.5838080E-04  -1.8804372E-02   6.8445298E-08   9.2295446E-05  -9.7821343E-05  -3.7894995E-05
  2.4936168E-07   8.6983131E-06   1.9049765E-06   2.9687554E-05   5.0274594E-05   9.9727345E-05  -3.1942640E-05  -3.2561651E-01   8.9349686E-01   4.4966643E-01  -3.1307464E-01  -3.1025475E-02   1.1564239E-02   4.4458066E-03   8.3202109E-02   2.0206518E-02  -1.7529994E-03   2.1131616E-03   8.0804374E-04   7.1132932E-04   3.0182559E-06  -3.1860371E-05  -3.4451722E-05   3.9816419E-05
 -2.7411154E-05   9.1669583E-05  -2.1660001E-05  -4.8718897E-04  -1.6710089E-03  -1.8662892E-03   1.3330598E-05   1.1981412E+01  -8.4440268E+00  -7.6726112E+00  -2.6249251E+00  -3.7806570E+00  -1.1674722E-01  -1.4845299E-01   2.0206518E-02   7.4026466E+00   2.2167138E-03  -7.7535021E-03  -7.2691297E-04  -5.7646587E-02  -3.0009608E-04   2.4795524E-04  -2.1836328E-04  -7.3293840E-04
  3.0772890E-08   2.8621773E-06  -9.8591372E-07  -7.6470440E-05  -1.5981583E-04   1.5399302E-05   1.1370969E-05  -1.4696284E-01  -3.0659269E-02  -8.8991569E-02   5.8591065E-02   2.3826118E-03  -7.6228409E-04   2.2267533E-03  -1.7529994E-03   2.2167138E-03   3.5501031E-02   2.7014384E-03  -6.0213306E-04   8.5187826E-05   3.2921763E-05  -1.4309473E-05  -1.5049134E-05  -1.1648365E-05
  4.3365475E-07   6.8958644E-06  -1.1710539E-06  -4.7553539E-05  -1.4142276E-04  -4.3174550E-05   7.2508432E-06   3.6537541E-01  -1.7054338E-01  -1.5808921E-01   9.7136493E-02  -1.0489127E-03   1.2501524E-04   4.3444898E-03   2.1131616E-03  -7.7535021E-03   2.7014384E-03   2.7622669E-02  -4.2556759E-05   6.1433420E-03  -6.3810184E-05  -3.8161275E-05  -1.0260264E-04  -1.2498331E-04
  3.5178444E-07   1.2577028E-06  -7.6446037E-08   2.1584779E-05   5.9728021E-05   1.9630831E-05   6.0399209E-07  -1.9440321E-01   5.7361967E-02   5.6483029E-01  -4.4974231E-01   6.7339324E-03  -3.0337137E-03   1.5838080E-04   8.0804374E-04  -7.2691297E-04  -6.0213306E-04  -4.2556759E-05   1.0305863E-02   7.9695715E-03   2.8416244E-06   5.6680619E-05  -5.1603874E-06  -4.3495677E-06
 -7.0294486E-07   6.6678718E-06  -6.2592032E-07  -3.1583164E-05  -6.7677137E-05  -3.2230102E-05  -7.1779436E-06  -8.7430033E-02   7.8167920E-02   1.2976921E-02  -9.9851762E-02   5.3241720E-02   5.7433684E-03  -1.8804372E-02   7.1132932E-04  -5.7646587E-02   8.5187826E-05   6.1433420E-03   7.9695715E-03   2.7202949E-02   4.2302069E-06   5.0404004E-05  -4.1555666E-06  -1.2031814E-05
 -5.5897412E-09  -5.4266990E-09  -2.7293320E-09  -2.4635303E-07  -1.1635552E-07  -4.5907593E-07  -1.0093776E-07   5.9299245E-03   5.0854821E-04   1.2507201E-03  -3.0976569E-04   5.1877976E-04   1.2143489E-05   6.8445298E-08   3.0182559E-06  -3.0009608E-04   3.2921763E-05  -6.3810184E-05   2.8416244E-06   4.2302069E-06   1.0743070E-06   2.5258548E-08   4.3114271E-07   1.0485966E-06
 -2.4444886E-09  -5.3558584E-09  -1.7431780E-08  -2.6676474E-07  -9.3153702E-07  -4.8470514E-07  -1.6010569E-07   3.4185318E-03   3.6268975E-04  -8.3326693E-03   3.4484912E-03  -3.4339003E-04  -4.5575803E-05   9.2295446E-05  -3.1860371E-05   2.4795524E-04  -1.4309473E-05  -3.8161275E-05   5.6680619E-05   5.0404004E-05   2.5258548E-08   2.4845632E-06   4.9088398E-07   1.0659993E-07
 -1.1349652E-07  -3.7925232E-07  -5.3797921E-08  -5.1135313E-06  -1.0636074E-05  -1.5379682E-07  -1.6340159E-07   5.1180333E-03   8.1630716E-04   2.4979096E-03  -3.3881778E-04  -1.5031746E-04   1.8988289E-05  -9.7821343E-05  -3.4451722E-05  -2.1836328E-04  -1.5049134E-05  -1.0260264E-04  -5.1603874E-06  -4.1555666E-06   4.3114271E-07   4.9088398E-07   2.5921386E-05   8.9279232E-06
 -2.4186183E-07  -6.8699577E-07   2.9652764E-09  -3.2187949E-06  -5.2996615E-06  -2.0165154E-06  -3.8311847E-08   6.2284043E-03   5.0902508E-03   6.6485999E-03  -1.0528220E-03   2.3207881E-04   3.6335003E-05  -3.7894995E-05   3.9816419E-05  -7.3293840E-04  -1.1648365E-05  -1.2498331E-04  -4.3495677E-06  -1.2031814E-05   1.0485966E-06   1.0659993E-07   8.9279232E-06   2.4959265E-05
