# omegabh2 omegach2 theta tau mnu nnu logA ns calPlanck acib217 xi asz143 aps100 aps143 aps143217 aps217 aksz kgal100 kgal143 kgal143217 kgal217 cal0 cal2
  4.9158250E-08   2.3933926E-07  -8.6875688E-09   2.9379227E-07   8.6977796E-07   1.9036415E-05   1.3865168E-06   9.0158551E-07   2.2220774E-08  -3.3474897E-05   3.9721430E-07   1.4923811E-05  -2.0942445E-04  -1.9086095E-04  -7.5206818E-05  -3.1085392E-05  -1.8917001E-05   9.3045026E-06   3.4876800E-06  -6.4252453E-06   1.4073056E-06  -6.8806828E-10   1.0434023E-09
  2.3933926E-07   9.1607182E-06  -8.9702442E-07  -1.9328722E-06   1.8178922E-05   5.1262759E-04   1.9107695E-05   1.4541070E-05  -3.7385449E-07   2.3577697E-03  -4.8201104E-05  -6.1987421E-04   1.3110354E-02   7.3913270E-03   2.7023187E-03   5.4330818E-04   1.0957652E-03   9.3141305E-05   2.8193801E-04   3.2147302E-04  -3.1729886E-04  -1.7123993E-08   7.2362690E-08
 -8.6875688E-09  -8.9702442E-07   2.7279335E-07   2.1244343E-07  -2.1852018E-06  -5.5304478E-05  -1.6579879E-06  -1.4969359E-06   2.1909662E-08  -2.5482497E-04   4.3072507E-06   7.5330694E-05  -1.4674926E-03  -8.4775606E-04  -3.1460452E-04  -9.1231036E-05  -1.2590118E-04  -8.7303437E-06  -4.1083778E-05  -4.7769894E-05   2.1953369E-05   4.7552635E-09  -1.1900188E-08
  2.9379227E-07  -1.9328722E-06   2.1244343E-07   4.5145865E-05   6.1487754E-05   4.2945000E-05   8.4455273E-05   9.4567338E-06  -3.4766106E-07  -4.7547523E-04   3.8812853E-06   3.4525434E-04  -3.9525451E-03  -3.3505072E-03  -1.0679228E-03  -2.4442922E-04  -6.0607665E-04   5.7894618E-05  -1.4197450E-05  -2.3031543E-04  -5.6160282E-04  -2.8057853E-08   1.1562141E-08
  8.6977796E-07   1.8178922E-05  -2.1852018E-06   6.1487754E-05   1.8162101E-03   1.6189565E-03   1.8584720E-04   6.9940312E-05   7.0029499E-06   1.0307673E-02  -3.1538309E-07  -2.4381153E-03   5.1508413E-02   3.6884879E-02   2.0427774E-02   9.9498886E-03   1.2108991E-03  -6.8291649E-04  -6.8431790E-04  -1.8105152E-04  -3.0923680E-03   1.0200012E-07   3.4793902E-07
  1.9036415E-05   5.1262759E-04  -5.5304478E-05   4.2945000E-05   1.6189565E-03   3.3211089E-02   1.4249129E-03   1.1161314E-03  -4.8499683E-06   1.5288510E-01  -2.9593749E-03  -3.8482740E-02   8.1294836E-01   4.4589638E-01   1.6849512E-01   3.9512335E-02   6.5020603E-02   7.8228720E-03   1.4907294E-02   1.3493642E-02  -3.4755609E-02  -3.2853291E-07   4.4218268E-06
  1.3865168E-06   1.9107695E-05  -1.6579879E-06   8.4455273E-05   1.8584720E-04   1.4249129E-03   2.4434579E-04   5.7731798E-05   1.1074364E-05   4.1653594E-03  -6.8939278E-05  -1.0149289E-03   3.1448035E-02   1.3283765E-02   7.1514847E-03   7.5485698E-03   8.2507936E-04  -2.8469223E-05   1.7250020E-04  -2.8240957E-04  -3.1906344E-04   9.6606812E-08   1.5037474E-07
  9.0158551E-07   1.4541070E-05  -1.4969359E-06   9.4567338E-06   6.9940312E-05   1.1161314E-03   5.7731798E-05   5.4241461E-05   6.4449799E-07   7.8708139E-04  -1.2030612E-05  -2.3176031E-04   1.1228760E-03   7.0909415E-03   6.8884140E-03   6.3116214E-03  -3.8029970E-04   6.4115729E-04   1.0821983E-04   2.7240039E-05  -9.3703613E-05  -1.3667388E-07   9.2894021E-08
  2.2220774E-08  -3.7385449E-07   2.1909662E-08  -3.4766106E-07   7.0029499E-06  -4.8499683E-06   1.1074364E-05   6.4449799E-07   6.3343821E-06   4.6544965E-04   3.5158736E-06  -6.1700164E-05   4.5255179E-03   3.8706955E-04   1.7597847E-04   1.4008973E-03   2.7856059E-05  -9.6728163E-06   4.9921032E-05  -3.5360138E-05   8.4570638E-04   5.0547369E-09  -9.3039253E-09
 -3.3474897E-05   2.3577697E-03  -2.5482497E-04  -4.7547523E-04   1.0307673E-02   1.5288510E-01   4.1653594E-03   7.8708139E-04   4.6544965E-04   4.6132213E+01  -4.0925592E-01  -1.1353222E+00   4.1196246E+01   4.3025397E+00  -1.2819373E+01  -5.6011351E+01   3.7805717E-01   1.8746906E-01   5.7900127E-01  -5.7128800E+00  -3.3897856E+01  -1.8477356E-04   7.9170682E-04
  3.9721430E-07  -4.8201104E-05   4.3072507E-06   3.8812853E-06  -3.1538309E-07  -2.9593749E-03  -6.8939278E-05  -1.2030612E-05   3.5158736E-06  -4.0925592E-01   8.1955934E-02  -4.1920284E-02  -6.3257326E-01   8.7153059E-01   1.6259768E+00   6.1166105E-01   4.2880724E-02  -4.1392847E-03   1.4470233E-02   1.1980612E-01   1.7570173E-01   9.1948745E-07  -1.6253029E-06
  1.4923811E-05  -6.1987421E-04   7.5330694E-05   3.4525434E-04  -2.4381153E-03  -3.8482740E-02  -1.0149289E-03  -2.3176031E-04  -6.1700164E-05  -1.1353222E+00  -4.1920284E-02   4.0219206E+00  -3.2131637E+01  -3.9318933E+00   7.8625098E+00   5.6666413E+00  -3.0411610E+00  -2.3589117E-01   1.4018373E-01   2.7058065E+00   3.4736501E+00   1.0191733E-04  -5.2462295E-05
 -2.0942445E-04   1.3110354E-02  -1.4674926E-03  -3.9525451E-03   5.1508413E-02   8.1294836E-01   3.1448035E-02   1.1228760E-03   4.5255179E-03   4.1196246E+01  -6.3257326E-01  -3.2131637E+01   8.1346081E+02   8.4880861E+01  -5.0992735E+01  -6.0221282E+01   1.6919186E+01  -5.9092397E+00   5.5782757E+00  -1.2351063E+01  -2.6491214E+01   4.2265106E-03   5.9273587E-04
 -1.9086095E-04   7.3913270E-03  -8.4775606E-04  -3.3505072E-03   3.6884879E-02   4.4589638E-01   1.3283765E-02   7.0909415E-03   3.8706955E-04   4.3025397E+00   8.7153059E-01  -3.9318933E+00   8.4880861E+01   7.1204885E+01   4.4396632E+01   1.7356044E+01  -4.0977820E+00  -4.3265583E-01  -1.0122082E+00   3.8075296E+00   3.6112418E+00   1.6815194E-04   5.4665942E-05
 -7.5206818E-05   2.7023187E-03  -3.1460452E-04  -1.0679228E-03   2.0427774E-02   1.6849512E-01   7.1514847E-03   6.8884140E-03   1.7597847E-04  -1.2819373E+01   1.6259768E+00   7.8625098E+00  -5.0992735E+01   4.4396632E+01   8.8022948E+01   5.6055697E+01  -1.2407477E+01  -9.7562407E-01  -4.8327599E-01   5.6015689E+00   9.3317603E+00   3.9198922E-04  -4.5825867E-04
 -3.1085392E-05   5.4330818E-04  -9.1231036E-05  -2.4442922E-04   9.9498886E-03   3.9512335E-02   7.5485698E-03   6.3116214E-03   1.4008973E-03  -5.6011351E+01   6.1166105E-01   5.6666413E+00  -6.0221282E+01   1.7356044E+01   5.6055697E+01   1.0718904E+02  -1.0154229E+01  -7.8983451E-01  -1.2302402E+00   5.7470737E+00   3.4423827E+01   4.8947356E-04  -1.4745113E-03
 -1.8917001E-05   1.0957652E-03  -1.2590118E-04  -6.0607665E-04   1.2108991E-03   6.5020603E-02   8.2507936E-04  -3.8029970E-04   2.7856059E-05   3.7805717E-01   4.2880724E-02  -3.0411610E+00   1.6919186E+01  -4.0977820E+00  -1.2407477E+01  -1.0154229E+01   6.5126040E+00   1.8892747E-01  -1.3830972E-01  -2.1905443E+00  -2.6139656E+00  -9.9274089E-05   4.1487244E-05
  9.3045026E-06   9.3141305E-05  -8.7303437E-06   5.7894618E-05  -6.8291649E-04   7.8228720E-03  -2.8469223E-05   6.4115729E-04  -9.6728163E-06   1.8746906E-01  -4.1392847E-03  -2.3589117E-01  -5.9092397E+00  -4.3265583E-01  -9.7562407E-01  -7.8983451E-01   1.8892747E-01   3.3356347E+00   6.0287611E-01   2.0305504E-01   1.7840657E-01   1.6424326E-04   1.0671764E-05
  3.4876800E-06   2.8193801E-04  -4.1083778E-05  -1.4197450E-05  -6.8431790E-04   1.4907294E-02   1.7250020E-04   1.0821983E-04   4.9921032E-05   5.7900127E-01   1.4470233E-02   1.4018373E-01   5.5782757E+00  -1.0122082E+00  -4.8327599E-01  -1.2302402E+00  -1.3830972E-01   6.0287611E-01   3.1519075E+00   2.7172500E+00   2.7419616E+00  -1.7378592E-04  -2.4945263E-05
 -6.4252453E-06   3.2147302E-04  -4.7769894E-05  -2.3031543E-04  -1.8105152E-04   1.3493642E-02  -2.8240957E-04   2.7240039E-05  -3.5360138E-05  -5.7128800E+00   1.1980612E-01   2.7058065E+00  -1.2351063E+01   3.8075296E+00   5.6015689E+00   5.7470737E+00  -2.1905443E+00   2.0305504E-01   2.7172500E+00   1.0886829E+01   1.9229897E+01   3.9491979E-07   3.9806286E-04
  1.4073056E-06  -3.1729886E-04   2.1953369E-05  -5.6160282E-04  -3.0923680E-03  -3.4755609E-02  -3.1906344E-04  -9.3703613E-05   8.4570638E-04  -3.3897856E+01   1.7570173E-01   3.4736501E+00  -2.6491214E+01   3.6112418E+00   9.3317603E+00   3.4423827E+01  -2.6139656E+00   1.7840657E-01   2.7419616E+00   1.9229897E+01   5.3547738E+01   9.2640851E-05   8.4810964E-04
 -6.8806828E-10  -1.7123993E-08   4.7552635E-09  -2.8057853E-08   1.0200012E-07  -3.2853291E-07   9.6606812E-08  -1.3667388E-07   5.0547369E-09  -1.8477356E-04   9.1948745E-07   1.0191733E-04   4.2265106E-03   1.6815194E-04   3.9198922E-04   4.8947356E-04  -9.9274089E-05   1.6424326E-04  -1.7378592E-04   3.9491979E-07   9.2640851E-05   3.8564673E-07  -8.5685156E-09
  1.0434023E-09   7.2362690E-08  -1.1900188E-08   1.1562141E-08   3.4793902E-07   4.4218268E-06   1.5037474E-07   9.2894021E-08  -9.3039253E-09   7.9170682E-04  -1.6253029E-06  -5.2462295E-05   5.9273587E-04   5.4665942E-05  -4.5825867E-04  -1.4745113E-03   4.1487244E-05   1.0671764E-05  -2.4945263E-05   3.9806286E-04   8.4810964E-04  -8.5685156E-09   3.8603728E-07
