# omegabh2 omegach2 theta tau nnu logA ns calPlanck acib217 xi asz143 aps100 aps143 aps143217 aps217 aksz kgal100 kgal143 kgal143217 kgal217 cal0 cal2
    0.1333375E-06    0.6892528E-06   -0.3935207E-07    0.4724841E-05    0.8814676E-04    0.1156050E-04    0.4719012E-05    0.3847081E-07    0.2560133E-03   -0.4119168E-05   -0.1948925E-04    0.7940593E-03    0.1943216E-03   -0.3536986E-04   -0.2792655E-03    0.6464302E-04    0.2575537E-04    0.7542084E-05    0.1188937E-04   -0.3991909E-04    0.6761568E-08    0.3409833E-07
    0.6892528E-06    0.1519489E-04   -0.1413021E-05    0.6355424E-05    0.1029251E-02    0.5125759E-04    0.3590488E-04   -0.4491019E-06    0.5532504E-02   -0.1026107E-03   -0.1304200E-02    0.2306001E-01    0.1168664E-01    0.2342924E-02   -0.2443998E-02    0.2216735E-02    0.3306363E-03    0.4298001E-04    0.6153760E-03   -0.2369388E-04    0.2094634E-07    0.7646182E-06
   -0.3935207E-07   -0.1413021E-05    0.3098543E-06    0.6503687E-06   -0.9405176E-04   -0.2013727E-05   -0.2974686E-05    0.8101695E-07   -0.4870283E-03    0.1088807E-04    0.1314968E-03   -0.2107429E-02   -0.1154741E-02   -0.2340249E-03    0.1520324E-03   -0.2035937E-03   -0.3151652E-04    0.1378459E-04   -0.2285981E-04    0.3622131E-04    0.5143205E-09   -0.6770857E-07
    0.4724841E-05    0.6355424E-05    0.6503687E-06    0.3841144E-03    0.3040559E-02    0.7881262E-03    0.2092641E-03   -0.1368920E-05    0.5202878E-02   -0.5886651E-04   -0.6960996E-03    0.2350716E-01    0.1838796E-03   -0.5867421E-02   -0.1130069E-01    0.2364877E-02    0.1067469E-02    0.4428303E-03    0.3436980E-03   -0.7961885E-03    0.2972898E-06    0.6690888E-06
    0.8814676E-04    0.1029251E-02   -0.9405176E-04    0.3040559E-02    0.9573041E-01    0.8842413E-02    0.4278430E-02    0.3818587E-05    0.4427723E+00   -0.7741847E-02   -0.9708234E-01    0.1846035E+01    0.8288219E+00    0.1270132E+00   -0.2502216E+00    0.1693908E+00    0.2887074E-01    0.4489190E-02    0.3896287E-01   -0.2028665E-01    0.6474579E-05    0.5913718E-04
    0.1156050E-04    0.5125759E-04   -0.2013727E-05    0.7881262E-03    0.8842413E-02    0.1744275E-02    0.5185631E-03    0.8848339E-05    0.2532303E-01   -0.3170730E-03   -0.4642893E-02    0.1101798E+00    0.3219394E-01   -0.2226521E-02   -0.2383448E-01    0.9703569E-02    0.2709055E-02    0.2297011E-03    0.1436392E-02   -0.7425095E-03    0.9779664E-06    0.3345931E-05
    0.4719012E-05    0.3590488E-04   -0.2974686E-05    0.2092641E-03    0.4278430E-02    0.5185631E-03    0.2276317E-03    0.1366065E-05    0.1305114E-01   -0.2163504E-03   -0.2417795E-02    0.4938697E-01    0.2356027E-01    0.5901096E-02   -0.5577344E-02    0.4043187E-02    0.1578432E-02    0.1140219E-03    0.6705038E-03   -0.1313101E-02    0.1707996E-06    0.1765756E-05
    0.3847081E-07   -0.4491019E-06    0.8101695E-07   -0.1368920E-05    0.3818587E-05    0.8848339E-05    0.1366065E-05    0.6287812E-05    0.8745767E-03    0.1879438E-05    0.3802616E-04    0.2331904E-02    0.2174222E-03    0.3445788E-03    0.1083538E-02    0.4169251E-04    0.2040810E-04   -0.9563315E-04   -0.2750168E-03    0.3652630E-03    0.2694688E-07   -0.4773954E-08
    0.2560133E-03    0.5532504E-02   -0.4870283E-03    0.5202878E-02    0.4427723E+00    0.2532303E-01    0.1305114E-01    0.8745767E-03    0.4598931E+02   -0.5431487E+00   -0.2081099E+01    0.5128975E+02    0.3773271E+01   -0.2048497E+02   -0.6212306E+02    0.1210524E+01    0.1418826E+00    0.1454169E+00   -0.2191042E+01   -0.1914961E+02   -0.1350433E-03    0.4749368E-02
   -0.4119168E-05   -0.1026107E-03    0.1088807E-04   -0.5886651E-04   -0.7741847E-02   -0.3170730E-03   -0.2163504E-03    0.1879438E-05   -0.5431487E+00    0.8007304E-01   -0.6557120E-01   -0.4874771E+00    0.9308845E+00    0.1806971E+01    0.8041329E+00    0.6419344E-01   -0.1589239E-01   -0.5744250E-02    0.6312466E-01    0.7394858E-01    0.7872260E-05   -0.3023725E-04
   -0.1948925E-04   -0.1304200E-02    0.1314968E-03   -0.6960996E-03   -0.9708234E-01   -0.4642893E-02   -0.2417795E-02    0.3802616E-04   -0.2081099E+01   -0.6557120E-01    0.3916975E+01   -0.3234253E+02   -0.4880998E+01    0.7821580E+01    0.7220871E+01   -0.3105529E+01   -0.1467784E+00    0.1136876E+00    0.2217370E+01    0.1844562E+01    0.1350353E-03   -0.4820569E-03
    0.7940593E-03    0.2306001E-01   -0.2107429E-02    0.2350716E-01    0.1846035E+01    0.1101798E+00    0.4938697E-01    0.2331904E-02    0.5128975E+02   -0.4874771E+00   -0.3234253E+02    0.8257467E+03    0.9183914E+02   -0.5497646E+02   -0.7697141E+02    0.1803005E+02   -0.3196952E+01    0.2240310E+01   -0.9041754E+01   -0.1178487E+02    0.6908010E-02    0.6378761E-02
    0.1943216E-03    0.1168664E-01   -0.1154741E-02    0.1838796E-03    0.8288219E+00    0.3219394E-01    0.2356027E-01    0.2174222E-03    0.3773271E+01    0.9308845E+00   -0.4880998E+01    0.9183914E+02    0.7244361E+02    0.4769080E+02    0.1825067E+02   -0.2797308E+01   -0.1952461E+00   -0.1566429E+01    0.4548412E+01    0.5245321E+01    0.4210266E-03    0.8924657E-03
   -0.3536986E-04    0.2342924E-02   -0.2340249E-03   -0.5867421E-02    0.1270132E+00   -0.2226521E-02    0.5901096E-02    0.3445788E-03   -0.2048497E+02    0.1806971E+01    0.7821580E+01   -0.5497646E+02    0.4769080E+02    0.1003093E+03    0.6916638E+02   -0.1235280E+02   -0.9069928E+00   -0.7890921E+00    0.4182282E+01    0.4416179E+01    0.8207029E-03   -0.2655901E-02
   -0.2792655E-03   -0.2443998E-02    0.1520324E-03   -0.1130069E-01   -0.2502216E+00   -0.2383448E-01   -0.5577344E-02    0.1083538E-02   -0.6212306E+02    0.8041329E+00    0.7220871E+01   -0.7697141E+02    0.1825067E+02    0.6916638E+02    0.1239612E+03   -0.1133226E+02   -0.5878507E+00   -0.7312041E+00   -0.3853724E+00    0.1479458E+02    0.6510740E-03   -0.8018935E-02
    0.6464302E-04    0.2216735E-02   -0.2035937E-03    0.2364877E-02    0.1693908E+00    0.9703569E-02    0.4043187E-02    0.4169251E-04    0.1210524E+01    0.6419344E-01   -0.3105529E+01    0.1803005E+02   -0.2797308E+01   -0.1235280E+02   -0.1133226E+02    0.6803033E+01    0.1616692E+00   -0.1159581E-01   -0.1923558E+01   -0.1600660E+01   -0.1377501E-03    0.3035762E-03
    0.2575537E-04    0.3306363E-03   -0.3151652E-04    0.1067469E-02    0.2887074E-01    0.2709055E-02    0.1578432E-02    0.2040810E-04    0.1418826E+00   -0.1589239E-01   -0.1467784E+00   -0.3196952E+01   -0.1952461E+00   -0.9069928E+00   -0.5878507E+00    0.1616692E+00    0.3343193E+01    0.4708530E+00    0.2646899E+00    0.2516198E+00    0.2735202E-03   -0.2202850E-04
    0.7542084E-05    0.4298001E-04    0.1378459E-04    0.4428303E-03    0.4489190E-02    0.2297011E-03    0.1140219E-03   -0.9563315E-04    0.1454169E+00   -0.5744250E-02    0.1136876E+00    0.2240310E+01   -0.1566429E+01   -0.7890921E+00   -0.7312041E+00   -0.1159581E-01    0.4708530E+00    0.3387975E+01    0.2490743E+01    0.1583618E+01   -0.2691909E-03   -0.2321509E-03
    0.1188937E-04    0.6153760E-03   -0.2285981E-04    0.3436980E-03    0.3896287E-01    0.1436392E-02    0.6705038E-03   -0.2750168E-03   -0.2191042E+01    0.6312466E-01    0.2217370E+01   -0.9041754E+01    0.4548412E+01    0.4182282E+01   -0.3853724E+00   -0.1923558E+01    0.2646899E+00    0.2490743E+01    0.1724604E+02    0.2627557E+02    0.1930771E-04    0.2508065E-02
   -0.3991909E-04   -0.2369388E-04    0.3622131E-04   -0.7961885E-03   -0.2028665E-01   -0.7425095E-03   -0.1313101E-02    0.3652630E-03   -0.1914961E+02    0.7394858E-01    0.1844562E+01   -0.1178487E+02    0.5245321E+01    0.4416179E+01    0.1479458E+02   -0.1600660E+01    0.2516198E+00    0.1583618E+01    0.2627557E+02    0.5634277E+02    0.4826681E-04    0.4560170E-02
    0.6761568E-08    0.2094634E-07    0.5143205E-09    0.2972898E-06    0.6474579E-05    0.9779664E-06    0.1707996E-06    0.2694688E-07   -0.1350433E-03    0.7872260E-05    0.1350353E-03    0.6908010E-02    0.4210266E-03    0.8207029E-03    0.6510740E-03   -0.1377501E-03    0.2735202E-03   -0.2691909E-03    0.1930771E-04    0.4826681E-04    0.5991216E-06   -0.7743193E-09
    0.3409833E-07    0.7646182E-06   -0.6770857E-07    0.6690888E-06    0.5913718E-04    0.3345931E-05    0.1765756E-05   -0.4773954E-08    0.4749368E-02   -0.3023725E-04   -0.4820569E-03    0.6378761E-02    0.8924657E-03   -0.2655901E-02   -0.8018935E-02    0.3035762E-03   -0.2202850E-04   -0.2321509E-03    0.2508065E-02    0.4560170E-02   -0.7743193E-09    0.2162221E-05
