# omegabh2 omegach2 theta tau logA ns r calPlanck BBdust BBsync BBalphadust BBbetadust BBalphasync BBbetasync BBdustsynccorr aps100 aps143 aps217 acib217 asz143 psr cibr xi aksz dust100 dust143 dust217 dust143x217 cal0 cal2
  4.3871843E-08  -1.4490276E-07   3.7043350E-08   5.1345431E-07   9.0928635E-07   4.8651190E-07   1.8627907E-07   4.8481326E-08  -4.6193681E-07   2.6848859E-06   9.4009904E-07  -2.5924605E-07   3.1292662E-07  -4.1415347E-07   2.0844099E-07  -7.3289325E-04  -5.1666463E-04   1.5885248E-04  -2.4031249E-04   3.5889131E-05   1.3761969E-06  -3.6643731E-06   9.0578073E-07  -6.0136121E-05   5.0233859E-07  -5.0419031E-07   1.4169692E-06  -2.4199052E-07   6.0990653E-09  -1.3677252E-08
 -1.4490276E-07   2.4756886E-06  -2.3673884E-07  -6.1557662E-06  -7.8230639E-06  -5.7048583E-06  -2.2905241E-06  -5.2530346E-07   3.5052838E-06  -1.1346107E-05  -1.3680134E-05   2.8152884E-06  -1.4811131E-06  -1.5796450E-06  -1.4296287E-06   1.2298135E-03   1.2529858E-03  -9.4613474E-04   8.0463972E-04  -8.4290858E-05  -5.0407700E-06   1.2391211E-05  -5.9020931E-06   2.2918106E-04  -6.9952121E-09   8.0646397E-06  -3.7507616E-06   4.0711612E-06  -9.5695601E-08   7.4832833E-08
  3.7043350E-08  -2.3673884E-07   2.0629571E-07   7.6998149E-07   1.3304056E-06   8.0484010E-07   2.1206176E-07   5.0023309E-08   8.8916247E-07   4.8925255E-07   8.1034188E-07  -2.5979592E-07   2.2575752E-06  -2.2843109E-07   4.2041023E-07  -7.7665576E-05  -2.2816479E-04   3.3217269E-05  -9.5949640E-05   1.1743744E-05   6.6692916E-07  -1.4827538E-06   1.9069662E-07  -1.2727724E-05  -2.7450337E-07  -1.8701337E-06   3.7622756E-07  -9.0366702E-07   1.6733830E-08  -5.0818284E-09
  5.1345431E-07  -6.1557662E-06   7.6998149E-07   6.0729772E-05   1.0604910E-04   1.7913684E-05   3.3296813E-06  -2.7559920E-07  -9.1485611E-05   3.9553375E-05   1.0598314E-05   6.3454676E-06  -4.6648830E-06   2.4735879E-05  -3.2811073E-06  -1.2775695E-02  -7.3177616E-03   3.0762186E-03  -3.7528985E-03   6.2981847E-04   2.8637097E-05  -4.3113555E-05   2.3154407E-05  -1.1312522E-03   9.6023404E-06   2.7924938E-06   9.7573696E-06  -2.3082255E-05   1.1012866E-08  -4.3594465E-07
  9.0928635E-07  -7.8230639E-06   1.3304056E-06   1.0604910E-04   2.1731587E-04   2.4133582E-05   2.0100573E-07   1.0466890E-05  -1.9198800E-04   5.2532110E-05  -1.8180738E-05   2.0065568E-05  -4.4227925E-07   5.2935605E-05  -3.0285820E-05  -1.7827014E-02  -1.1681757E-02   1.1687801E-02  -7.3638353E-03   1.1282759E-03   7.1652865E-05  -1.2266342E-04   6.7544816E-05  -2.6979911E-03   6.4529703E-06  -6.4743732E-05   3.3583587E-05  -4.9185721E-05   4.6088989E-07  -8.4622576E-07
  4.8651190E-07  -5.7048583E-06   8.0484010E-07   1.7913684E-05   2.4133582E-05   2.4689043E-05   1.0111035E-05   1.3762146E-06  -5.5512152E-05   5.2468960E-05   3.4306325E-05  -1.1477071E-06   1.1626047E-06  -4.8070067E-06   1.5328102E-06  -2.6917997E-02  -1.0458922E-02   1.1207634E-02  -8.1539982E-03   7.4254503E-04   6.9189032E-05  -1.3687660E-04   6.7366687E-05  -2.5467940E-03   2.0981246E-05  -3.8187243E-05   4.1415407E-05  -1.6163806E-05  -1.6821815E-07  -5.5399422E-07
  1.8627907E-07  -2.2905241E-06   2.1206176E-07   3.3296813E-06   2.0100573E-07   1.0111035E-05   3.2134583E-04   1.2233982E-07  -5.7899819E-04  -8.5838049E-04  -6.1048377E-05   2.7632865E-04   2.8209611E-05  -1.6537926E-04  -7.8546506E-04  -1.1744074E-02  -5.1878751E-03   1.6927312E-03  -1.8966472E-03   4.2107271E-04   2.5823585E-05  -4.7505906E-05  -6.1903162E-05  -9.7004262E-04  -3.3634669E-05  -6.3916540E-06  -5.9110543E-06  -3.4337380E-05  -1.4643152E-08  -4.4206042E-07
  4.8481326E-08  -5.2530346E-07   5.0023309E-08  -2.7559920E-07   1.0466890E-05   1.3762146E-06   1.2233982E-07   6.1084921E-06  -4.9253558E-06   3.8458000E-06  -4.6644586E-06   1.5713239E-06   1.9424837E-06   3.8759419E-06  -9.9602526E-06   2.9008987E-03  -3.8391606E-05   1.3449920E-03   3.5430289E-04  -1.1023240E-05  -1.9705031E-06  -2.7322597E-06   1.9518832E-06  -1.1286720E-05  -2.8477278E-07   2.7736369E-06   5.6983768E-06  -1.4177050E-06  -6.7719780E-09  -8.0048382E-08
 -4.6193681E-07   3.5052838E-06   8.8916247E-07  -9.1485611E-05  -1.9198800E-04  -5.5512152E-05  -5.7899819E-04  -4.9253558E-06   1.0654850E+00   1.9516746E-02  -1.1903238E-01   4.4667803E-02  -1.1863608E-04   5.9549890E-03  -1.3845785E-02   2.0012229E-01  -3.0554255E-02  -2.9328883E-01   1.6661658E-01  -4.5899532E-03  -5.0702086E-04   1.4111431E-03  -1.9403968E-03   2.5377692E-02   8.8045600E-04   1.3671390E-03  -1.9499907E-03  -3.5976126E-04  -1.5351287E-06   1.4270987E-05
  2.6848859E-06  -1.1346107E-05   4.8925255E-07   3.9553375E-05   5.2532110E-05   5.2468960E-05  -8.5838049E-04   3.8458000E-06   1.9516746E-02   1.1403472E+00  -6.8542912E-03  -2.8009680E-03   1.6041160E-02  -3.9911593E-02   4.2977855E-02  -5.5359288E-02  -7.8297636E-02   9.4110838E-02  -8.0154867E-02   1.0149021E-02  -1.0503915E-04  -2.0224941E-03  -3.1137377E-03   8.9131329E-03  -1.8292739E-03  -2.1688549E-03   1.1491219E-03   1.5149434E-03   7.0024829E-06  -6.0178860E-06
  9.4009904E-07  -1.3680134E-05   8.1034188E-07   1.0598314E-05  -1.8180738E-05   3.4306325E-05  -6.1048377E-05  -4.6644586E-06  -1.1903238E-01  -6.8542912E-03   5.9092372E-02  -7.2118905E-04   9.4015828E-04   7.2187846E-04   8.2285166E-05   2.3854131E-03   3.9544489E-03   5.2757873E-02  -3.0758549E-02   3.2732151E-03   1.1630107E-04  -3.9827758E-04   2.8904426E-04  -7.3651539E-03  -5.0998550E-05   1.2608130E-04   3.4319245E-04   3.7983220E-04   1.3252292E-06  -5.0733927E-06
 -2.5924605E-07   2.8152884E-06  -2.5979592E-07   6.3454676E-06   2.0065568E-05  -1.1477071E-06   2.7632865E-04   1.5713239E-06   4.4667803E-02  -2.8009680E-03  -7.2118905E-04   9.1887061E-03   1.3674575E-04  -1.5112274E-03   7.3290623E-04  -1.7586621E-02  -9.5877307E-03  -7.7839955E-03   3.4327404E-03   1.0507213E-03   2.4493482E-05  -9.4896864E-06  -3.6421411E-04   2.6329985E-05   7.9165067E-05   2.9693987E-05  -5.4617959E-05  -6.3858901E-05  -8.6981170E-07  -5.5940489E-07
  3.1292662E-07  -1.4811131E-06   2.2575752E-06  -4.6648830E-06  -4.4227925E-07   1.1626047E-06   2.8209611E-05   1.9424837E-06  -1.1863608E-04   1.6041160E-02   9.4015828E-04   1.3674575E-04   8.1998880E-02   6.0097455E-06  -2.0771036E-04  -1.5727103E-03   2.1546190E-02   1.7067733E-02  -6.5274547E-03   5.3673578E-03   1.4386299E-04   3.3176367E-04   1.2761513E-03  -6.1507069E-03   1.1015147E-04  -2.8832873E-04   4.1516700E-05  -7.5162707E-05  -3.2019890E-07  -2.9734110E-07
 -4.1415347E-07  -1.5796450E-06  -2.2843109E-07   2.4735879E-05   5.2935605E-05  -4.8070067E-06  -1.6537926E-04   3.8759419E-06   5.9549890E-03  -3.9911593E-02   7.2187846E-04  -1.5112274E-03   6.0097455E-06   7.4465651E-02  -4.2325233E-03   3.3338311E-02   1.1840731E-02   4.1794757E-02  -6.8900140E-03   2.9489585E-03   3.9252454E-04  -2.6582028E-04   6.6395405E-04   4.2015980E-04   1.8987301E-04   2.4892209E-05  -1.2845487E-04  -6.6822550E-05   8.7242304E-07  -1.1033211E-06
  2.0844099E-07  -1.4296287E-06   4.2041023E-07  -3.2811073E-06  -3.0285820E-05   1.5328102E-06  -7.8546506E-04  -9.9602526E-06  -1.3845785E-02   4.2977855E-02   8.2285166E-05   7.3290623E-04  -2.0771036E-04  -4.2325233E-03   7.9239115E-02  -9.9150826E-02  -1.9428432E-02   2.7276503E-02  -2.6408397E-02   4.1724560E-03  -1.9056746E-04   2.2977991E-04   2.2644722E-04   8.4236238E-03  -8.7678890E-05  -4.4211718E-04   1.4496670E-04  -1.5343594E-04   2.0099732E-06  -5.6074125E-06
 -7.3289325E-04   1.2298135E-03  -7.7665576E-05  -1.2775695E-02  -1.7827014E-02  -2.6917997E-02  -1.1744074E-02   2.9008987E-03   2.0012229E-01  -5.5359288E-02   2.3854131E-03  -1.7586621E-02  -1.5727103E-03   3.3338311E-02  -9.9150826E-02   6.1390117E+02   6.3683944E+01  -5.4251042E+01   3.1498182E+01  -2.5326170E+01  -8.3565214E-01  -8.0284170E-02  -3.0014912E-01   1.1397532E+01  -1.6500928E-01   2.2605550E-01  -2.5138111E-01  -2.6055453E-01   6.9975528E-03   3.1663099E-03
 -5.1666463E-04   1.2529858E-03  -2.2816479E-04  -7.3177616E-03  -1.1681757E-02  -1.0458922E-02  -5.1878751E-03  -3.8391606E-05  -3.0554255E-02  -7.8297636E-02   3.9544489E-03  -9.5877307E-03   2.1546190E-02   1.1840731E-02  -1.9428432E-02   6.3683944E+01   6.9704662E+01   7.3323003E+00   8.4075893E+00  -4.3531334E-01  -2.4253805E-03   4.6140933E-01   8.6895652E-01  -8.0658718E+00  -4.9423882E-02  -2.3548871E-01   4.1127644E-02   6.6258399E-02   8.9030787E-04   8.2421109E-04
  1.5885248E-04  -9.4613474E-04   3.3217269E-05   3.0762186E-03   1.1687801E-02   1.1207634E-02   1.6927312E-03   1.3449920E-03  -2.9328883E-01   9.4110838E-02   5.2757873E-02  -7.7839955E-03   1.7067733E-02   4.1794757E-02   2.7276503E-02  -5.4251042E+01   7.3323003E+00   1.7347782E+02  -8.2861505E+01   2.5056022E+00   3.3435157E-01  -1.0516710E+00   3.2688468E-01  -6.9227294E+00  -3.4288121E-03  -2.6711511E-01   5.4903386E-01   2.4244941E-02   1.7238726E-03  -7.7993719E-03
 -2.4031249E-04   8.0463972E-04  -9.5949640E-05  -3.7528985E-03  -7.3638353E-03  -8.1539982E-03  -1.8966472E-03   3.5430289E-04   1.6661658E-01  -8.0154867E-02  -3.0758549E-02   3.4327404E-03  -6.5274547E-03  -6.8900140E-03  -2.6408397E-02   3.1498182E+01   8.4075893E+00  -8.2861505E+01   5.2473176E+01   1.6809472E+00  -4.4598866E-02   7.3455286E-01  -2.5230593E-01  -2.8347035E+00  -6.7487633E-03   1.5599196E-01  -4.5211733E-01  -1.3279721E-01  -5.6648544E-04   3.2004535E-03
  3.5889131E-05  -8.4290858E-05   1.1743744E-05   6.2981847E-04   1.1282759E-03   7.4254503E-04   4.2107271E-04  -1.1023240E-05  -4.5899532E-03   1.0149021E-02   3.2732151E-03   1.0507213E-03   5.3673578E-03   2.9489585E-03   4.1724560E-03  -2.5326170E+01  -4.3531334E-01   2.5056022E+00   1.6809472E+00   4.2823055E+00   1.0070899E-01   1.5090568E-01  -3.5390422E-02  -3.5208974E+00  -6.2736470E-03  -1.0047695E-02   7.7360474E-03   4.9689659E-02   4.2282784E-04  -2.2800072E-04
  1.3761969E-06  -5.0407700E-06   6.6692916E-07   2.8637097E-05   7.1652865E-05   6.9189032E-05   2.5823585E-05  -1.9705031E-06  -5.0702086E-04  -1.0503915E-04   1.1630107E-04   2.4493482E-05   1.4386299E-04   3.9252454E-04  -1.9056746E-04  -8.3565214E-01  -2.4253805E-03   3.3435157E-01  -4.4598866E-02   1.0070899E-01   1.5818215E-02  -1.5889472E-02   1.1667630E-02  -1.0544326E-01  -3.0153674E-04  -1.3701397E-03  -2.5422424E-03   5.1046357E-03   1.7069703E-05  -3.6768428E-05
 -3.6643731E-06   1.2391211E-05  -1.4827538E-06  -4.3113555E-05  -1.2266342E-04  -1.3687660E-04  -4.7505906E-05  -2.7322597E-06   1.4111431E-03  -2.0224941E-03  -3.9827758E-04  -9.4896864E-06   3.3176367E-04  -2.6582028E-04   2.2977991E-04  -8.0284170E-02   4.6140933E-01  -1.0516710E+00   7.3455286E-01   1.5090568E-01  -1.5889472E-02   6.5700798E-02   4.2971357E-03  -1.5322200E-01  -1.1131418E-04   6.8749181E-03  -3.3979644E-04  -1.7403589E-02  -9.1278819E-06   9.6927056E-05
  9.0578073E-07  -5.9020931E-06   1.9069662E-07   2.3154407E-05   6.7544816E-05   6.7366687E-05  -6.1903162E-05   1.9518832E-06  -1.9403968E-03  -3.1137377E-03   2.8904426E-04  -3.6421411E-04   1.2761513E-03   6.6395405E-04   2.2644722E-04  -3.0014912E-01   8.6895652E-01   3.2688468E-01  -2.5230593E-01  -3.5390422E-02   1.1667630E-02   4.2971357E-03   8.1878561E-02   4.0953631E-02  -2.7163718E-04   9.8615025E-04   1.2420389E-03   1.3188954E-03   1.0801768E-05  -5.7625237E-06
 -6.0136121E-05   2.2918106E-04  -1.2727724E-05  -1.1312522E-03  -2.6979911E-03  -2.5467940E-03  -9.7004262E-04  -1.1286720E-05   2.5377692E-02   8.9131329E-03  -7.3651539E-03   2.6329985E-05  -6.1507069E-03   4.2015980E-04   8.4236238E-03   1.1397532E+01  -8.0658718E+00  -6.9227294E+00  -2.8347035E+00  -3.5208974E+00  -1.0544326E-01  -1.5322200E-01   4.0953631E-02   7.4637207E+00   4.0881331E-03   8.8451083E-04  -1.8162819E-03  -4.6864941E-02  -3.3903370E-04   6.1971730E-05
  5.0233859E-07  -6.9952121E-09  -2.7450337E-07   9.6023404E-06   6.4529703E-06   2.0981246E-05  -3.3634669E-05  -2.8477278E-07   8.8045600E-04  -1.8292739E-03  -5.0998550E-05   7.9165067E-05   1.1015147E-04   1.8987301E-04  -8.7678890E-05  -1.6500928E-01  -4.9423882E-02  -3.4288121E-03  -6.7487633E-03  -6.2736470E-03  -3.0153674E-04  -1.1131418E-04  -2.7163718E-04   4.0881331E-03   3.7717404E-02   2.7639755E-03   1.4277234E-05   4.9009832E-04   3.6848123E-05  -6.3744262E-06
 -5.0419031E-07   8.0646397E-06  -1.8701337E-06   2.7924938E-06  -6.4743732E-05  -3.8187243E-05  -6.3916540E-06   2.7736369E-06   1.3671390E-03  -2.1688549E-03   1.2608130E-04   2.9693987E-05  -2.8832873E-04   2.4892209E-05  -4.4211718E-04   2.2605550E-01  -2.3548871E-01  -2.6711511E-01   1.5599196E-01  -1.0047695E-02  -1.3701397E-03   6.8749181E-03   9.8615025E-04   8.8451083E-04   2.7639755E-03   3.1045714E-02  -6.3450980E-04   5.2125559E-03  -8.4675568E-05  -4.1594531E-05
  1.4169692E-06  -3.7507616E-06   3.7622756E-07   9.7573696E-06   3.3583587E-05   4.1415407E-05  -5.9110543E-06   5.6983768E-06  -1.9499907E-03   1.1491219E-03   3.4319245E-04  -5.4617959E-05   4.1516700E-05  -1.2845487E-04   1.4496670E-04  -2.5138111E-01   4.1127644E-02   5.4903386E-01  -4.5211733E-01   7.7360474E-03  -2.5422424E-03  -3.3979644E-04   1.2420389E-03  -1.8162819E-03   1.4277234E-05  -6.3450980E-04   1.0671242E-02   8.6320218E-03   3.5678243E-06   6.2872464E-05
 -2.4199052E-07   4.0711612E-06  -9.0366702E-07  -2.3082255E-05  -4.9185721E-05  -1.6163806E-05  -3.4337380E-05  -1.4177050E-06  -3.5976126E-04   1.5149434E-03   3.7983220E-04  -6.3858901E-05  -7.5162707E-05  -6.6822550E-05  -1.5343594E-04  -2.6055453E-01   6.6258399E-02   2.4244941E-02  -1.3279721E-01   4.9689659E-02   5.1046357E-03  -1.7403589E-02   1.3188954E-03  -4.6864941E-02   4.9009832E-04   5.2125559E-03   8.6320218E-03   2.6180346E-02  -5.2630057E-06   5.6969802E-05
  6.0990653E-09  -9.5695601E-08   1.6733830E-08   1.1012866E-08   4.6088989E-07  -1.6821815E-07  -1.4643152E-08  -6.7719780E-09  -1.5351287E-06   7.0024829E-06   1.3252292E-06  -8.6981170E-07  -3.2019890E-07   8.7242304E-07   2.0099732E-06   6.9975528E-03   8.9030787E-04   1.7238726E-03  -5.6648544E-04   4.2282784E-04   1.7069703E-05  -9.1278819E-06   1.0801768E-05  -3.3903370E-04   3.6848123E-05  -8.4675568E-05   3.5678243E-06  -5.2630057E-06   1.1217008E-06   4.7350474E-08
 -1.3677252E-08   7.4832833E-08  -5.0818284E-09  -4.3594465E-07  -8.4622576E-07  -5.5399422E-07  -4.4206042E-07  -8.0048382E-08   1.4270987E-05  -6.0178860E-06  -5.0733927E-06  -5.5940489E-07  -2.9734110E-07  -1.1033211E-06  -5.6074125E-06   3.1663099E-03   8.2421109E-04  -7.7993719E-03   3.2004535E-03  -2.2800072E-04  -3.6768428E-05   9.6927056E-05  -5.7625237E-06   6.1971730E-05  -6.3744262E-06  -4.1594531E-05   6.2872464E-05   5.6969802E-05   4.7350474E-08   2.4971979E-06
