# omegabh2 omegach2 theta tau w logA ns calPlanck acib217 xi asz143 aps100 aps143 aps143217 aps217 aksz kgal100 kgal143 kgal143217 kgal217 cal0 cal2
  3.9160978E-08  -1.0502582E-07   2.8584552E-08   2.7187769E-07   2.1370188E-06   4.3656517E-07   3.7118513E-07   2.0607243E-08  -1.3161354E-04   1.9710046E-06   3.9311466E-05  -6.6152477E-04  -4.4113678E-04  -1.6675541E-04  -4.4635176E-05  -5.5000736E-05   8.4499214E-06  -2.7071603E-06  -8.5196889E-06   3.2969547E-05   1.2608721E-09  -1.0337617E-09
 -1.0502582E-07   2.4887052E-06  -1.6645028E-07  -2.2501868E-06  -3.8962717E-05   1.0938608E-06  -5.4636263E-06  -2.3231961E-07   5.9275344E-05   3.0333346E-06  -2.1362707E-05   1.8903686E-05   9.1247383E-04   8.1433024E-04   5.6400673E-04  -4.3088814E-05   4.2706954E-06  -3.9005853E-05  -6.5063572E-05  -1.4957485E-04   9.5765335E-09  -4.0198527E-09
  2.8584552E-08  -1.6645028E-07   1.8894488E-07   2.2232885E-07   4.6228130E-06   2.9197959E-07   6.1003507E-07   2.5108971E-08  -2.7438371E-05  -2.4577547E-07  -3.1625849E-06  -1.4820858E-05  -1.2322744E-04  -1.5221022E-04  -7.3127484E-05   1.3463850E-05   1.0051288E-05   6.1859622E-06   1.8999066E-05   4.6799165E-05  -9.4546852E-10   2.9191653E-09
  2.7187769E-07  -2.2501868E-06   2.2232885E-07   6.4891897E-05   4.5293932E-05   1.2409815E-04   8.4847403E-06  -9.0218135E-08  -2.1979005E-03   2.8101821E-05   5.7645161E-04  -1.0603779E-02  -6.0767405E-03  -2.1637429E-03   9.0833911E-05  -1.0011915E-03  -1.6671638E-04  -2.5737612E-04  -2.0502430E-04   6.2557778E-04   9.1723728E-09  -8.7749572E-08
  2.1370188E-06  -3.8962717E-05   4.6228130E-06   4.5293932E-05   1.3943010E-03   4.4699646E-06   8.8157173E-05   3.2051246E-06  -7.1416489E-05  -6.5835711E-05   3.0635445E-05   1.3787460E-02  -1.6787134E-02  -1.7341596E-02  -1.3474734E-02   1.2528039E-03   3.3694248E-04   1.3963774E-04   9.0213652E-04   2.2266213E-03  -1.4028532E-07   1.6673453E-07
  4.3656517E-07   1.0938608E-06   2.9197959E-07   1.2409815E-04   4.4699646E-06   2.7881593E-04   2.7775703E-06   1.1859548E-05  -5.3585301E-03   1.2563095E-04   1.1504292E-03  -2.0090903E-02  -8.8917338E-03   3.5568446E-04   8.0518847E-03  -2.9195848E-03  -6.9426271E-04  -1.2461461E-03  -9.0912739E-04   3.1572310E-03   2.0136990E-07  -1.9541124E-07
  3.7118513E-07  -5.4636263E-06   6.1003507E-07   8.4847403E-06   8.8157173E-05   2.7775703E-06   2.2909693E-05   4.0472444E-07  -4.5382874E-03   9.3037457E-05   1.1579009E-03  -2.5577732E-02  -8.3731023E-03   2.9413636E-04   3.8756858E-03  -2.4188398E-03   3.5985303E-04  -1.6126264E-04   6.0108469E-05   1.8095478E-03  -1.3964727E-07  -5.9230124E-08
  2.0607243E-08  -2.3231961E-07   2.5108971E-08  -9.0218135E-08   3.2051246E-06   1.1859548E-05   4.0472444E-07   6.1709423E-06   3.4236182E-04   9.3342053E-06   3.0919544E-05   2.6717784E-03   4.6511914E-04   4.5879894E-04   1.5400488E-03   1.5245457E-05  -2.6003351E-05  -8.9623224E-06   1.1778924E-04   1.1448240E-03  -2.5738563E-09   3.6403270E-09
 -1.3161354E-04   5.9275344E-05  -2.7438371E-05  -2.1979005E-03  -7.1416489E-05  -5.3585301E-03  -4.5382874E-03   3.4236182E-04   4.4186803E+01  -3.9017048E-01  -8.6748124E-01   3.6478299E+01   2.1710873E+00  -1.2964338E+01  -5.4433718E+01  -5.5286027E-02   2.0438739E-01   5.7939262E-01  -5.6752958E+00  -3.2819233E+01  -2.0070850E-04   7.6004629E-04
  1.9710046E-06   3.0333346E-06  -2.4577547E-07   2.8101821E-05  -6.5835711E-05   1.2563095E-04   9.3037457E-05   9.3342053E-06  -3.9017048E-01   8.1801358E-02  -4.4145207E-02  -5.6232428E-01   8.7944127E-01   1.6336766E+00   6.1096457E-01   4.4569953E-02  -7.4243377E-03   7.9214896E-03   1.0708136E-01   1.4846067E-01   2.8466191E-06  -2.7496363E-06
  3.9311466E-05  -2.1362707E-05  -3.1625849E-06   5.7645161E-04   3.0635445E-05   1.1504292E-03   1.1579009E-03   3.0919544E-05  -8.6748124E-01  -4.4145207E-02   4.0004368E+00  -3.1840629E+01  -3.5630743E+00   7.9780509E+00   5.5973848E+00  -2.9546533E+00  -1.6062671E-01   2.0345583E-01   2.6862430E+00   3.2723492E+00   1.0251270E-04  -3.5687910E-05
 -6.6152477E-04   1.8903686E-05  -1.4820858E-05  -1.0603779E-02   1.3787460E-02  -2.0090903E-02  -2.5577732E-02   2.6717784E-03   3.6478299E+01  -5.6232428E-01  -3.1840629E+01   7.8640357E+02   7.2968891E+01  -5.7836422E+01  -6.2797088E+01   1.6224780E+01  -6.6636139E+00   5.2722847E+00  -1.2255984E+01  -2.3128675E+01   3.6433577E-03   8.0366027E-04
 -4.4113678E-04   9.1247383E-04  -1.2322744E-04  -6.0767405E-03  -1.6787134E-02  -8.8917338E-03  -8.3731023E-03   4.6511914E-04   2.1710873E+00   8.7944127E-01  -3.5630743E+00   7.2968891E+01   6.4016971E+01   4.0816774E+01   1.6306084E+01  -5.0500646E+00  -5.5476008E-01  -1.4217972E+00   3.4644032E+00   4.6075434E+00   8.8720817E-05   1.0804229E-04
 -1.6675541E-04   8.1433024E-04  -1.5221022E-04  -2.1637429E-03  -1.7341596E-02   3.5568446E-04   2.9413636E-04   4.5879894E-04  -1.2964338E+01   1.6336766E+00   7.9780509E+00  -5.7836422E+01   4.0816774E+01   8.5793971E+01   5.4697488E+01  -1.2769357E+01  -8.7074266E-01  -6.2143991E-01   5.2701838E+00   8.7919907E+00   4.1941916E-04  -4.0919470E-04
 -4.4635176E-05   5.6400673E-04  -7.3127484E-05   9.0833911E-05  -1.3474734E-02   8.0518847E-03   3.8756858E-03   1.5400488E-03  -5.4433718E+01   6.1096457E-01   5.5973848E+00  -6.2797088E+01   1.6306084E+01   5.4697488E+01   1.0441631E+02  -9.9923819E+00  -7.6843121E-01  -1.2051322E+00   5.6506542E+00   3.3313678E+01   4.9059575E-04  -1.3976118E-03
 -5.5000736E-05  -4.3088814E-05   1.3463850E-05  -1.0011915E-03   1.2528039E-03  -2.9195848E-03  -2.4188398E-03   1.5245457E-05  -5.5286027E-02   4.4569953E-02  -2.9546533E+00   1.6224780E+01  -5.0500646E+00  -1.2769357E+01  -9.9923819E+00   6.4676057E+00   5.9025351E-02  -2.3473969E-01  -2.2591915E+00  -2.5654569E+00  -8.1275318E-05   3.8764691E-06
  8.4499214E-06   4.2706954E-06   1.0051288E-05  -1.6671638E-04   3.3694248E-04  -6.9426271E-04   3.5985303E-04  -2.6003351E-05   2.0438739E-01  -7.4243377E-03  -1.6062671E-01  -6.6636139E+00  -5.5476008E-01  -8.7074266E-01  -7.6843121E-01   5.9025351E-02   3.2807665E+00   5.8964852E-01   2.5314903E-01   2.2860067E-01   1.6672971E-04  -2.2585770E-06
 -2.7071603E-06  -3.9005853E-05   6.1859622E-06  -2.5737612E-04   1.3963774E-04  -1.2461461E-03  -1.6126264E-04  -8.9623224E-06   5.7939262E-01   7.9214896E-03   2.0345583E-01   5.2722847E+00  -1.4217972E+00  -6.2143991E-01  -1.2051322E+00  -2.3473969E-01   5.8964852E-01   3.2082019E+00   2.7657821E+00   2.7425446E+00  -1.7953334E-04  -4.5914685E-05
 -8.5196889E-06  -6.5063572E-05   1.8999066E-05  -2.0502430E-04   9.0213652E-04  -9.0912739E-04   6.0108469E-05   1.1778924E-04  -5.6752958E+00   1.0708136E-01   2.6862430E+00  -1.2255984E+01   3.4644032E+00   5.2701838E+00   5.6506542E+00  -2.2591915E+00   2.5314903E-01   2.7657821E+00   1.0849750E+01   1.9273806E+01  -3.2656607E-05   4.0417020E-04
  3.2969547E-05  -1.4957485E-04   4.6799165E-05   6.2557778E-04   2.2266213E-03   3.1572310E-03   1.8095478E-03   1.1448240E-03  -3.2819233E+01   1.4846067E-01   3.2723492E+00  -2.3128675E+01   4.6075434E+00   8.7919907E+00   3.3313678E+01  -2.5654569E+00   2.2860067E-01   2.7425446E+00   1.9273806E+01   5.3310895E+01   6.4186700E-05   8.9699572E-04
  1.2608721E-09   9.5765335E-09  -9.4546852E-10   9.1723728E-09  -1.4028532E-07   2.0136990E-07  -1.3964727E-07  -2.5738563E-09  -2.0070850E-04   2.8466191E-06   1.0251270E-04   3.6433577E-03   8.8720817E-05   4.1941916E-04   4.9059575E-04  -8.1275318E-05   1.6672971E-04  -1.7953334E-04  -3.2656607E-05   6.4186700E-05   3.7524273E-07   3.7108692E-09
 -1.0337617E-09  -4.0198527E-09   2.9191653E-09  -8.7749572E-08   1.6673453E-07  -1.9541124E-07  -5.9230124E-08   3.6403270E-09   7.6004629E-04  -2.7496363E-06  -3.5687910E-05   8.0366027E-04   1.0804229E-04  -4.0919470E-04  -1.3976118E-03   3.8764691E-06  -2.2585770E-06  -4.5914685E-05   4.0417020E-04   8.9699572E-04   3.7108692E-09   3.8760511E-07
