# omegabh2 omegach2 theta tau mnu nnu logA ns calPlanck acib217 xi asz143 aps100 aps143 aps143217 aps217 aksz kgal100 kgal143 kgal143217 kgal217 cal0 cal2
    0.5841061E-07    0.3859400E-06   -0.2617413E-07    0.1811730E-05    0.6983146E-05    0.3260541E-04    0.4756859E-05    0.1502395E-05    0.5130955E-07   -0.1430143E-04   -0.1071141E-05    0.1566799E-04   -0.1601532E-03   -0.7904459E-04   -0.2649713E-04    0.2161924E-04   -0.5199750E-06    0.2180327E-04    0.1592604E-04   -0.5475733E-06   -0.1193499E-04    0.2333748E-08   -0.1292622E-07
    0.3859400E-06    0.1382181E-04   -0.1349859E-05    0.6867443E-05    0.5912996E-04    0.7953057E-03    0.4772997E-04    0.2292265E-04    0.8776077E-07    0.4566465E-02   -0.9183580E-04   -0.1237216E-02    0.2055445E-01    0.9533284E-02    0.1586570E-02   -0.1382525E-02    0.1852855E-02    0.2285451E-03    0.3562093E-03    0.1920503E-03   -0.8159945E-03   -0.4361208E-07    0.3787379E-06
   -0.2617413E-07   -0.1349859E-05    0.3035104E-06   -0.6243193E-06   -0.7296026E-05   -0.8303254E-04   -0.4403184E-05   -0.2326024E-05   -0.1369039E-07   -0.5428474E-03    0.8992394E-05    0.1508895E-03   -0.2560868E-02   -0.1037854E-02   -0.8378965E-04    0.2780752E-03   -0.2233805E-03   -0.1742672E-04   -0.4266078E-04    0.1705266E-04    0.1881941E-03   -0.3973570E-09   -0.3147309E-07
    0.1811730E-05    0.6867443E-05   -0.6243193E-06    0.3717184E-03    0.6034918E-03    0.1162382E-02    0.7584133E-03    0.8057479E-04    0.6270247E-06   -0.9648411E-02    0.2256215E-03    0.1925912E-02   -0.3186361E-01   -0.8938185E-02    0.5170371E-02    0.1100878E-01   -0.2574901E-02    0.1404583E-02   -0.1201533E-03   -0.3136964E-03    0.1986276E-02    0.2657737E-06   -0.1153354E-05
    0.6983146E-05    0.5912996E-04   -0.7296026E-05    0.6034918E-03    0.6922210E-02    0.8161564E-02    0.1353528E-02    0.4152539E-03    0.1016962E-04    0.5217728E-01   -0.9309934E-03   -0.9088620E-02    0.1752281E+00    0.8023184E-01    0.3949176E-02   -0.3608230E-01    0.1980913E-01    0.4342486E-03    0.1325220E-02    0.2783097E-02   -0.5169501E-02    0.7809079E-06    0.5712323E-05
    0.3260541E-04    0.7953057E-03   -0.8303254E-04    0.1162382E-02    0.8161564E-02    0.5444037E-01    0.4305771E-02    0.1899959E-02    0.2153454E-04    0.2971837E+00   -0.5753144E-02   -0.8119471E-01    0.1345095E+01    0.6140528E+00    0.8805052E-01   -0.1090667E+00    0.1259699E+00    0.1599840E-01    0.1970062E-01    0.7366574E-02   -0.5717534E-01   -0.8707068E-06    0.2347261E-04
    0.4756859E-05    0.4772997E-04   -0.4403184E-05    0.7584133E-03    0.1353528E-02    0.4305771E-02    0.1659504E-02    0.2177377E-03    0.1394919E-04   -0.8041414E-02    0.2695580E-03    0.1111487E-02   -0.9588425E-02    0.6839343E-02    0.1805549E-01    0.2508908E-01   -0.1806572E-02    0.2792014E-02   -0.8201172E-04   -0.8917224E-03    0.2679575E-02    0.5297274E-06   -0.1626678E-05
    0.1502395E-05    0.2292265E-04   -0.2326024E-05    0.8057479E-04    0.4152539E-03    0.1899959E-02    0.2177377E-03    0.8887665E-04    0.1586499E-05    0.4603011E-02   -0.6765970E-04   -0.1353958E-02    0.1679516E-01    0.1423051E-01    0.6354189E-02    0.2950680E-02    0.1463740E-02    0.8390371E-03    0.5704217E-03    0.9103541E-04   -0.8098059E-03   -0.1811035E-06    0.2930830E-06
    0.5130955E-07    0.8776077E-07   -0.1369039E-07    0.6270247E-06    0.1016962E-04    0.2153454E-04    0.1394919E-04    0.1586499E-05    0.6241871E-05    0.9340022E-03   -0.3106566E-05    0.7673666E-04    0.3999097E-02    0.5878033E-03    0.7071256E-03    0.1385824E-02   -0.1695020E-03   -0.1762971E-03   -0.4600489E-04   -0.1598766E-03    0.2760278E-03   -0.7345412E-07   -0.1034184E-06
   -0.1430143E-04    0.4566465E-02   -0.5428474E-03   -0.9648411E-02    0.5217728E-01    0.2971837E+00   -0.8041414E-02    0.4603011E-02    0.9340022E-03    0.4626691E+02   -0.5578508E+00   -0.1958142E+01    0.4872163E+02    0.3248908E+01   -0.2160848E+02   -0.6321796E+02    0.1209384E+01   -0.2352082E+00    0.2092648E+00   -0.1501864E+01   -0.1865771E+02   -0.3921920E-03    0.4621410E-02
   -0.1071141E-05   -0.9183580E-04    0.8992394E-05    0.2256215E-03   -0.9309934E-03   -0.5753144E-02    0.2695580E-03   -0.6765970E-04   -0.3106566E-05   -0.5578508E+00    0.8225110E-01   -0.6061355E-01   -0.7003406E+00    0.8861516E+00    0.1802247E+01    0.7976528E+00    0.6889233E-01   -0.1399432E-02    0.1722652E-02    0.7989992E-01    0.9302954E-01    0.7610757E-05   -0.2529321E-04
    0.1566799E-04   -0.1237216E-02    0.1508895E-03    0.1925912E-02   -0.9088620E-02   -0.8119471E-01    0.1111487E-02   -0.1353958E-02    0.7673666E-04   -0.1958142E+01   -0.6061355E-01    0.3968765E+01   -0.3197764E+02   -0.5120841E+01    0.7680320E+01    0.6689174E+01   -0.3103322E+01   -0.1139482E+00    0.7045546E-01    0.2608488E+01    0.2489380E+01    0.2028548E-03   -0.3186424E-03
   -0.1601532E-03    0.2055445E-01   -0.2560868E-02   -0.3186361E-01    0.1752281E+00    0.1345095E+01   -0.9588425E-02    0.1679516E-01    0.3999097E-02    0.4872163E+02   -0.7003406E+00   -0.3197764E+02    0.8130630E+03    0.8891604E+02   -0.5698804E+02   -0.6890103E+02    0.1816725E+02   -0.3584430E+01    0.3236430E+01   -0.1353245E+02   -0.2014292E+02    0.5881743E-02    0.4204827E-02
   -0.7904459E-04    0.9533284E-02   -0.1037854E-02   -0.8938185E-02    0.8023184E-01    0.6140528E+00    0.6839343E-02    0.1423051E-01    0.5878033E-03    0.3248908E+01    0.8861516E+00   -0.5120841E+01    0.8891604E+02    0.6911661E+02    0.4392620E+02    0.1782656E+02   -0.2476296E+01   -0.2702541E+00   -0.1137514E+01    0.3399830E+01    0.3380357E+01    0.8983643E-04    0.5230530E-03
   -0.2649713E-04    0.1586570E-02   -0.8378965E-04    0.5170371E-02    0.3949176E-02    0.8805052E-01    0.1805549E-01    0.6354189E-02    0.7071256E-03   -0.2160848E+02    0.1802247E+01    0.7680320E+01   -0.5698804E+02    0.4392620E+02    0.9717471E+02    0.6826097E+02   -0.1185763E+02   -0.5513431E+00   -0.5189688E+00    0.4678142E+01    0.6246435E+01    0.8606889E-03   -0.2309680E-02
    0.2161924E-04   -0.1382525E-02    0.2780752E-03    0.1100878E-01   -0.3608230E-01   -0.1090667E+00    0.2508908E-01    0.2950680E-02    0.1385824E-02   -0.6321796E+02    0.7976528E+00    0.6689174E+01   -0.6890103E+02    0.1782656E+02    0.6826097E+02    0.1250056E+03   -0.1105548E+02    0.7097650E-03   -0.4788151E+00   -0.7087104E+00    0.1565559E+02    0.9354138E-03   -0.7768004E-02
   -0.5199750E-06    0.1852855E-02   -0.2233805E-03   -0.2574901E-02    0.1980913E-01    0.1259699E+00   -0.1806572E-02    0.1463740E-02   -0.1695020E-03    0.1209384E+01    0.6889233E-01   -0.3103322E+01    0.1816725E+02   -0.2476296E+01   -0.1185763E+02   -0.1105548E+02    0.6692660E+01    0.1235250E+00   -0.1098545E+00   -0.2392877E+01   -0.2427660E+01   -0.1449584E-03    0.1646490E-03
    0.2180327E-04    0.2285451E-03   -0.1742672E-04    0.1404583E-02    0.4342486E-03    0.1599840E-01    0.2792014E-02    0.8390371E-03   -0.1762971E-03   -0.2352082E+00   -0.1399432E-02   -0.1139482E+00   -0.3584430E+01   -0.2702541E+00   -0.5513431E+00    0.7097650E-03    0.1235250E+00    0.3532757E+01    0.4230991E+00    0.1703328E+00    0.3017072E+00    0.3169348E-03   -0.1762850E-04
    0.1592604E-04    0.3562093E-03   -0.4266078E-04   -0.1201533E-03    0.1325220E-02    0.1970062E-01   -0.8201172E-04    0.5704217E-03   -0.4600489E-04    0.2092648E+00    0.1722652E-02    0.7045546E-01    0.3236430E+01   -0.1137514E+01   -0.5189688E+00   -0.4788151E+00   -0.1098545E+00    0.4230991E+00    0.3365582E+01    0.2653000E+01    0.1656603E+01   -0.2821515E-03   -0.2310568E-03
   -0.5475733E-06    0.1920503E-03    0.1705266E-04   -0.3136964E-03    0.2783097E-02    0.7366574E-02   -0.8917224E-03    0.9103541E-04   -0.1598766E-03   -0.1501864E+01    0.7989992E-01    0.2608488E+01   -0.1353245E+02    0.3399830E+01    0.4678142E+01   -0.7087104E+00   -0.2392877E+01    0.1703328E+00    0.2653000E+01    0.1774178E+02    0.2614058E+02    0.4575830E-04    0.2639275E-02
   -0.1193499E-04   -0.8159945E-03    0.1881941E-03    0.1986276E-02   -0.5169501E-02   -0.5717534E-01    0.2679575E-02   -0.8098059E-03    0.2760278E-03   -0.1865771E+02    0.9302954E-01    0.2489380E+01   -0.2014292E+02    0.3380357E+01    0.6246435E+01    0.1565559E+02   -0.2427660E+01    0.3017072E+00    0.1656603E+01    0.2614058E+02    0.5536284E+02    0.1957881E-03    0.4652580E-02
    0.2333748E-08   -0.4361208E-07   -0.3973570E-09    0.2657737E-06    0.7809079E-06   -0.8707068E-06    0.5297274E-06   -0.1811035E-06   -0.7345412E-07   -0.3921920E-03    0.7610757E-05    0.2028548E-03    0.5881743E-02    0.8983643E-04    0.8606889E-03    0.9354138E-03   -0.1449584E-03    0.3169348E-03   -0.2821515E-03    0.4575830E-04    0.1957881E-03    0.6044127E-06    0.9195703E-08
   -0.1292622E-07    0.3787379E-06   -0.3147309E-07   -0.1153354E-05    0.5712323E-05    0.2347261E-04   -0.1626678E-05    0.2930830E-06   -0.1034184E-06    0.4621410E-02   -0.2529321E-04   -0.3186424E-03    0.4204827E-02    0.5230530E-03   -0.2309680E-02   -0.7768004E-02    0.1646490E-03   -0.1762850E-04   -0.2310568E-03    0.2639275E-02    0.4652580E-02    0.9195703E-08    0.2131730E-05
