# omegabh2 omegach2 theta tau logA ns nrun r calPlanck acib217 xi asz143 aps100 aps143 aps143217 aps217 aksz kgal100 kgal143 kgal143217 kgal217 galfTE100 galfTE100143 galfTE100217 galfTE143 galfTE143217 galfTE217 cal0 cal2
  2.2374203E-08  -9.6733002E-08   1.5457254E-08   2.7315149E-07   4.5899929E-07   2.2115313E-07  -3.0870322E-07   1.5060376E-06   5.4591247E-09  -2.1879678E-05   3.4754748E-07   1.1977976E-05  -1.4556584E-04  -1.0089672E-04  -6.1411962E-05  -2.7525737E-05  -1.7570090E-05   1.4143222E-05  -3.5969900E-06   2.8923290E-06   1.2214548E-06  -2.5306470E-07  -1.0026354E-07   8.1028975E-08  -9.6097684E-08  -4.5251495E-07  -2.4776730E-06   4.9082007E-09  -1.9762235E-09
 -9.6733002E-08   1.7276644E-06  -1.3448218E-07  -1.6581427E-06   8.5795606E-07  -4.3656986E-06  -7.8941129E-07  -7.6998104E-06  -1.3115211E-07   1.3907938E-04  -7.9817946E-06  -8.8040757E-05   1.1908596E-03   1.4617763E-03   8.3673067E-04   6.7578521E-04   5.8199588E-05  -2.6299573E-05  -4.1349453E-06   7.1172256E-05   1.3767542E-04   2.7028864E-06  -4.6675127E-07  -3.8598108E-06  -4.8871752E-07   2.5846697E-06   7.7773556E-06  -2.5577057E-09   9.2963995E-09
  1.5457254E-08  -1.3448218E-07   9.5966687E-08   1.6750809E-07   9.2828878E-08   4.3370313E-07   3.8519276E-08  -1.0606656E-07  -5.3342060E-09   5.5057651E-05   8.8119228E-07  -5.8540853E-06   9.7339251E-05  -1.8087017E-05  -5.3337913E-05  -1.4183655E-04  -2.1644010E-05   1.5647414E-05   6.5655778E-06  -1.4989951E-05  -7.0975329E-05  -6.5023977E-07  -2.5761514E-08   5.3777221E-07   4.9274791E-07  -8.2186215E-07  -3.0339740E-07   7.1374164E-09  -9.4839787E-10
  2.7315149E-07  -1.6581427E-06   1.6750809E-07   6.1806135E-05   1.2032251E-04   4.6638061E-06  -1.3379524E-05   6.0153160E-05  -1.0359926E-06   4.6509174E-04  -2.4681419E-05  -3.2133257E-04   6.6048647E-03  -3.2772917E-04  -2.0192922E-03  -1.2728909E-03   1.4967941E-04  -5.5230817E-05   1.4531489E-04  -4.6137915E-04  -1.3374560E-03   3.6392347E-06  -4.1196449E-06   5.1231472E-06  -5.2244938E-06   2.2336781E-05  -5.3281180E-05   8.5373417E-08  -1.4201681E-07
  4.5899929E-07   8.5795606E-07   9.2828878E-08   1.2032251E-04   2.7278118E-04  -3.2042264E-06  -3.7692995E-05   1.2757650E-04   9.3102972E-06   1.4731827E-03  -3.1826652E-05  -9.0414126E-04   2.0739852E-02   7.6546083E-03   2.3918947E-03   6.4521596E-03  -3.6480036E-04  -5.1897669E-04  -7.7108403E-05  -9.4923011E-04  -1.0599860E-03   1.2260535E-05  -1.2531549E-05  -5.8905423E-06  -1.3910638E-05   3.9891329E-05  -1.1816226E-04   2.1740423E-07  -3.7512166E-07
  2.2115313E-07  -4.3656986E-06   4.3370313E-07   4.6638061E-06  -3.2042264E-06   2.0894784E-05   7.8557602E-06   3.2811941E-05   7.4239379E-07  -5.1455940E-03   1.2696956E-04   1.2931129E-03  -2.4049820E-02  -9.9470434E-03   7.9971625E-04   4.6448451E-03  -2.6968781E-03   4.0820924E-04  -2.9773337E-04  -6.1249580E-04   1.1833759E-03  -5.5441756E-06   1.1704318E-06   1.2378133E-05   6.1923978E-06  -9.0421458E-07  -1.0100142E-05  -1.1523331E-07  -3.5111639E-08
 -3.0870322E-07  -7.8941129E-07   3.8519276E-08  -1.3379524E-05  -3.7692995E-05   7.8557602E-06   5.7541522E-05  -2.2203054E-04   1.1821280E-06  -8.4599780E-03   2.1086950E-04   1.9677627E-03  -2.9693759E-02  -1.7001315E-02  -1.1918599E-03   4.2686955E-03  -3.4877806E-03  -1.3402306E-04  -5.0338389E-04  -5.1470441E-04   2.7301667E-03  -2.0835308E-06  -1.5595269E-06   9.6281229E-06   5.9001915E-06  -3.2990405E-06   5.1417948E-05  -9.0185751E-08  -1.4888515E-07
  1.5060376E-06  -7.6998104E-06  -1.0606656E-07   6.0153160E-05   1.2757650E-04   3.2811941E-05  -2.2203054E-04   3.3391240E-03  -1.4505200E-06   1.8780971E-02  -5.1168565E-04  -1.7531529E-03   6.8580909E-02   3.4684048E-02   3.0492992E-03  -2.3641641E-03   9.0188715E-03  -2.5886492E-03   1.4319190E-03   4.3867293E-03  -6.2346469E-03   7.8691920E-05   4.3635125E-05   6.9232539E-05   1.2178795E-04   7.9223364E-05   8.9677195E-05  -8.4756959E-07   6.0743326E-07
  5.4591247E-09  -1.3115211E-07  -5.3342060E-09  -1.0359926E-06   9.3102972E-06   7.4239379E-07   1.1821280E-06  -1.4505200E-06   5.9544039E-06   1.8715573E-05   2.4392850E-05   1.8618566E-04   1.6950250E-03   4.8504802E-04   1.3399441E-03   2.6306527E-03  -3.2720304E-04  -2.8876593E-05   5.2646301E-05   5.2373646E-05   9.0633773E-04   1.4263539E-07  -1.3434665E-06  -2.2274329E-06   1.1265334E-07  -5.0095513E-06  -6.5944392E-06  -5.8612581E-08  -5.5936869E-08
 -2.1879678E-05   1.3907938E-04   5.5057651E-05   4.6509174E-04   1.4731827E-03  -5.1455940E-03  -8.4599780E-03   1.8780971E-02   1.8715573E-05   4.6003591E+01  -4.4762226E-01  -1.0456808E+00   3.4509259E+01   2.4009599E+00  -1.4779144E+01  -5.7340199E+01   8.7456546E-01   7.5141312E-02   4.5840024E-01  -5.8935373E+00  -3.4050545E+01   2.4370008E-03   9.2290984E-04   4.4469871E-03  -3.6523561E-03  -6.2486136E-03   3.9417179E-02  -2.0136544E-04   6.7709613E-04
  3.4754748E-07  -7.9817946E-06   8.8119228E-07  -2.4681419E-05  -3.1826652E-05   1.2696956E-04   2.1086950E-04  -5.1168565E-04   2.4392850E-05  -4.4762226E-01   8.2237504E-02  -5.4017873E-02  -4.6865046E-01   8.5227857E-01   1.6418944E+00   6.6052115E-01   5.8365958E-02  -2.4612091E-03  -1.7796113E-03   7.5972621E-02   1.4120140E-01  -2.2084475E-04  -1.3992185E-04  -3.9028342E-04   1.3671249E-04   6.3970757E-04   6.1863176E-04   7.9649517E-06  -1.9198931E-06
  1.1977976E-05  -8.8040757E-05  -5.8540853E-06  -3.2133257E-04  -9.0414126E-04   1.2931129E-03   1.9677627E-03  -1.7531529E-03   1.8618566E-04  -1.0456808E+00  -5.4017873E-02   4.0267086E+00  -3.0774097E+01  -3.4592028E+00   8.0195471E+00   5.9886457E+00  -3.1501684E+00  -1.3604044E-01   1.9028632E-01   2.7520836E+00   3.6130901E+00  -7.3860039E-04  -1.0328139E-03   2.5033903E-03   2.4325924E-03   4.8880872E-03   1.9076049E-02   9.0231799E-05  -3.6371663E-05
 -1.4556584E-04   1.1908596E-03   9.7339251E-05   6.6048647E-03   2.0739852E-02  -2.4049820E-02  -2.9693759E-02   6.8580909E-02   1.6950250E-03   3.4509259E+01  -4.6865046E-01  -3.0774097E+01   7.7093785E+02   6.9083656E+01  -5.5045363E+01  -6.0396860E+01   1.6507991E+01  -7.9217485E+00   5.1636352E+00  -1.2471897E+01  -2.4713601E+01   9.8210790E-03   2.2432076E-02   9.7339959E-03   9.6690694E-03  -9.7858887E-03  -4.5309827E-02   3.6724293E-03   2.0591050E-04
 -1.0089672E-04   1.4617763E-03  -1.8087017E-05  -3.2772917E-04   7.6546083E-03  -9.9470434E-03  -1.7001315E-02   3.4684048E-02   4.8504802E-04   2.4009599E+00   8.5227857E-01  -3.4592028E+00   6.9083656E+01   6.4168163E+01   4.0995285E+01   1.6215386E+01  -3.9169385E+00  -5.8398143E-01  -1.2497739E+00   3.5642264E+00   4.5300729E+00  -2.3906733E-03   1.1204216E-03  -1.2958585E-04  -3.4827023E-04   4.1197999E-03   5.5628146E-03   2.0401199E-04   1.7173932E-04
 -6.1411962E-05   8.3673067E-04  -5.3337913E-05  -2.0192922E-03   2.3918947E-03   7.9971625E-04  -1.1918599E-03   3.0492992E-03   1.3399441E-03  -1.4779144E+01   1.6418944E+00   8.0195471E+00  -5.5045363E+01   4.0995285E+01   8.7050855E+01   5.7408155E+01  -1.2524742E+01  -7.0995927E-01  -6.5289866E-01   5.1374843E+00   1.0066067E+01  -4.0710127E-03  -4.6279880E-03   1.4625467E-03   8.1390854E-03   2.5563849E-02   3.5817102E-02   5.0170739E-04  -3.7916139E-04
 -2.7525737E-05   6.7578521E-04  -1.4183655E-04  -1.2728909E-03   6.4521596E-03   4.6448451E-03   4.2686955E-03  -2.3641641E-03   2.6306527E-03  -5.7340199E+01   6.6052115E-01   5.9886457E+00  -6.0396860E+01   1.6215386E+01   5.7408155E+01   1.0961564E+02  -1.0968382E+01  -5.1573818E-01  -1.0358298E+00   6.0611300E+00   3.5640588E+01  -3.5689127E-03  -5.6840842E-04  -5.0938297E-05   7.3835900E-03   1.6242582E-02  -3.6444711E-02   5.0054761E-04  -1.3363507E-03
 -1.7570090E-05   5.8199588E-05  -2.1644010E-05   1.4967941E-04  -3.6480036E-04  -2.6968781E-03  -3.4877806E-03   9.0188715E-03  -3.2720304E-04   8.7456546E-01   5.8365958E-02  -3.1501684E+00   1.6507991E+01  -3.9169385E+00  -1.2524742E+01  -1.0968382E+01   6.5121508E+00   1.5644942E-01  -1.9602275E-01  -2.3182905E+00  -3.3565208E+00   1.1599978E-03   5.6332079E-04  -7.6451636E-03  -1.6439557E-03  -3.8943541E-03  -2.2062184E-02  -6.7019803E-05   5.4960148E-06
  1.4143222E-05  -2.6299573E-05   1.5647414E-05  -5.5230817E-05  -5.1897669E-04   4.0820924E-04  -1.3402306E-04  -2.5886492E-03  -2.8876593E-05   7.5141312E-02  -2.4612091E-03  -1.3604044E-01  -7.9217485E+00  -5.8398143E-01  -7.0995927E-01  -5.1573818E-01   1.5644942E-01   3.4695264E+00   5.5203428E-01   1.8784391E-01   1.7860027E-01  -4.7684430E-04  -1.2147098E-03   2.4945334E-03  -3.3685211E-03  -2.6678792E-04  -3.3686651E-03   1.8510500E-04   1.1031512E-05
 -3.5969900E-06  -4.1349453E-06   6.5655778E-06   1.4531489E-04  -7.7108403E-05  -2.9773337E-04  -5.0338389E-04   1.4319190E-03   5.2646301E-05   4.5840024E-01  -1.7796113E-03   1.9028632E-01   5.1636352E+00  -1.2497739E+00  -6.5289866E-01  -1.0358298E+00  -1.9602275E-01   5.5203428E-01   3.0322168E+00   2.6007844E+00   2.6337639E+00  -3.6024953E-04  -8.2993184E-05   1.4340845E-03   5.5818218E-04  -4.8910675E-04   3.2097130E-03  -1.9762827E-04  -5.9912616E-05
  2.8923290E-06   7.1172256E-05  -1.4989951E-05  -4.6137915E-04  -9.4923011E-04  -6.1249580E-04  -5.1470441E-04   4.3867293E-03   5.2373646E-05  -5.8935373E+00   7.5972621E-02   2.7520836E+00  -1.2471897E+01   3.5642264E+00   5.1374843E+00   6.0611300E+00  -2.3182905E+00   1.8784391E-01   2.6007844E+00   1.0692304E+01   1.9364283E+01  -4.5304034E-03  -1.9583575E-03   1.9869155E-03   8.4811230E-04   3.9589312E-03   7.6943660E-03  -1.9219546E-05   4.2676897E-04
  1.2214548E-06   1.3767542E-04  -7.0975329E-05  -1.3374560E-03  -1.0599860E-03   1.1833759E-03   2.7301667E-03  -6.2346469E-03   9.0633773E-04  -3.4050545E+01   1.4120140E-01   3.6130901E+00  -2.4713601E+01   4.5300729E+00   1.0066067E+01   3.5640588E+01  -3.3565208E+00   1.7860027E-01   2.6337639E+00   1.9364283E+01   5.4337737E+01  -6.7083706E-03  -4.1191330E-03   4.2655023E-03   1.7208098E-03   2.6228918E-03  -3.4736281E-02   7.2715679E-05   1.0138850E-03
 -2.5306470E-07   2.7028864E-06  -6.5023977E-07   3.6392347E-06   1.2260535E-05  -5.5441756E-06  -2.0835308E-06   7.8691920E-05   1.4263539E-07   2.4370008E-03  -2.2084475E-04  -7.3860039E-04   9.8210790E-03  -2.3906733E-03  -4.0710127E-03  -3.5689127E-03   1.1599978E-03  -4.7684430E-04  -3.6024953E-04  -4.5304034E-03  -6.7083706E-03   1.4509177E-03   2.6044594E-04   1.2027849E-04  -3.3224363E-04  -6.6164110E-05   2.6662402E-04  -4.7302290E-07  -8.0937749E-08
 -1.0026354E-07  -4.6675127E-07  -2.5761514E-08  -4.1196449E-06  -1.2531549E-05   1.1704318E-06  -1.5595269E-06   4.3635125E-05  -1.3434665E-06   9.2290984E-04  -1.3992185E-04  -1.0328139E-03   2.2432076E-02   1.1204216E-03  -4.6279880E-03  -5.6840842E-04   5.6332079E-04  -1.2147098E-03  -8.2993184E-05  -1.9583575E-03  -4.1191330E-03   2.6044594E-04   8.9135299E-04   5.1060430E-05   7.6637069E-04   5.6961020E-05  -6.4853374E-04  -6.2849436E-08  -2.2828068E-07
  8.1028975E-08  -3.8598108E-06   5.3777221E-07   5.1231472E-06  -5.8905423E-06   1.2378133E-05   9.6281229E-06   6.9232539E-05  -2.2274329E-06   4.4469871E-03  -3.9028342E-04   2.5033903E-03   9.7339959E-03  -1.2958585E-04   1.4625467E-03  -5.0938297E-05  -7.6451636E-03   2.4945334E-03   1.4340845E-03   1.9869155E-03   4.2655023E-03   1.2027849E-04   5.1060430E-05   6.7200317E-03  -3.1464935E-04   8.3188096E-04   4.7586057E-03  -9.5102700E-07  -1.7660213E-08
 -9.6097684E-08  -4.8871752E-07   4.9274791E-07  -5.2244938E-06  -1.3910638E-05   6.1923978E-06   5.9001915E-06   1.2178795E-04   1.1265334E-07  -3.6523561E-03   1.3671249E-04   2.4325924E-03   9.6690694E-03  -3.4827023E-04   8.1390854E-03   7.3835900E-03  -1.6439557E-03  -3.3685211E-03   5.5818218E-04   8.4811230E-04   1.7208098E-03  -3.3224363E-04   7.6637069E-04  -3.1464935E-04   2.8780231E-03   4.8522133E-04  -1.2648249E-03   1.3697892E-06   9.7164550E-08
 -4.5251495E-07   2.5846697E-06  -8.2186215E-07   2.2336781E-05   3.9891329E-05  -9.0421458E-07  -3.2990405E-06   7.9223364E-05  -5.0095513E-06  -6.2486136E-03   6.3970757E-04   4.8880872E-03  -9.7858887E-03   4.1197999E-03   2.5563849E-02   1.6242582E-02  -3.8943541E-03  -2.6678792E-04  -4.8910675E-04   3.9589312E-03   2.6228918E-03  -6.6164110E-05   5.6961020E-05   8.3188096E-04   4.8522133E-04   6.0704477E-03   8.0662514E-03   1.0294749E-06  -2.9218545E-07
 -2.4776730E-06   7.7773556E-06  -3.0339740E-07  -5.3281180E-05  -1.1816226E-04  -1.0100142E-05   5.1417948E-05   8.9677195E-05  -6.5944392E-06   3.9417179E-02   6.1863176E-04   1.9076049E-02  -4.5309827E-02   5.5628146E-03   3.5817102E-02  -3.6444711E-02  -2.2062184E-02  -3.3686651E-03   3.2097130E-03   7.6943660E-03  -3.4736281E-02   2.6662402E-04  -6.4853374E-04   4.7586057E-03  -1.2648249E-03   8.0662514E-03   7.2955021E-02   1.8637046E-06  -4.7539003E-06
  4.9082007E-09  -2.5577057E-09   7.1374164E-09   8.5373417E-08   2.1740423E-07  -1.1523331E-07  -9.0185751E-08  -8.4756959E-07  -5.8612581E-08  -2.0136544E-04   7.9649517E-06   9.0231799E-05   3.6724293E-03   2.0401199E-04   5.0170739E-04   5.0054761E-04  -6.7019803E-05   1.8510500E-04  -1.9762827E-04  -1.9219546E-05   7.2715679E-05  -4.7302290E-07  -6.2849436E-08  -9.5102700E-07   1.3697892E-06   1.0294749E-06   1.8637046E-06   3.6921092E-07   1.0883630E-08
 -1.9762235E-09   9.2963995E-09  -9.4839787E-10  -1.4201681E-07  -3.7512166E-07  -3.5111639E-08  -1.4888515E-07   6.0743326E-07  -5.5936869E-08   6.7709613E-04  -1.9198931E-06  -3.6371663E-05   2.0591050E-04   1.7173932E-04  -3.7916139E-04  -1.3363507E-03   5.4960148E-06   1.1031512E-05  -5.9912616E-05   4.2676897E-04   1.0138850E-03  -8.0937749E-08  -2.2828068E-07  -1.7660213E-08   9.7164550E-08  -2.9218545E-07  -4.7539003E-06   1.0883630E-08   3.8946990E-07
