# omegabh2 omegach2 theta tau w wa logA ns calPlanck acib217 xi asz143 aps100 aps143 aps143217 aps217 aksz kgal100 kgal143 kgal143217 kgal217 galfTE100 galfTE100143 galfTE100217 galfTE143 galfTE143217 galfTE217 cal0 cal2
  2.0713736E-08  -7.8174868E-08   1.2023499E-08   2.8852131E-07   2.4533870E-08   5.2949635E-06   5.5386487E-07   2.2274423E-07   3.7102248E-08  -7.7847884E-05   2.0896880E-06   3.7658757E-05  -5.2623368E-04  -1.8851250E-04   2.1503364E-06   4.0983410E-05  -5.4177431E-05   5.7140199E-06  -6.9369161E-06   1.3674862E-05   4.9598476E-05  -6.8588834E-08  -2.7446690E-07   3.4783001E-07  -4.7574895E-07  -5.7001024E-07  -1.1710384E-06   2.6789508E-09  -2.4733919E-09
 -7.8174868E-08   1.1576752E-06  -8.9878293E-08  -3.6245530E-06   5.2816224E-06  -8.9709409E-05  -5.3692062E-06  -2.6950943E-06  -3.4979388E-07   2.5819431E-04   1.8936972E-06  -1.9002176E-04   1.8558071E-03   7.9944798E-04   1.1053999E-04  -2.0406807E-04   2.0361498E-04  -3.5881698E-05   5.0766458E-05  -1.0276956E-04  -3.3104780E-04  -1.8294643E-06   3.6562034E-07  -4.3678989E-06   1.7165147E-06   1.8811307E-06   4.7365908E-06  -3.5409263E-08   8.3303991E-09
  1.2023499E-08  -8.9878293E-08   8.7097287E-08   4.0681834E-07  -1.9822026E-06   1.6400866E-05   7.7490585E-07   3.1633474E-07   4.0871913E-08  -2.6181593E-05  -6.4460159E-07   6.2472773E-06  -1.8983152E-04  -8.4550169E-05  -5.2279152E-05   3.0265585E-05   4.7032556E-06   2.0634285E-05  -1.6046724E-05  -2.0445364E-05  -1.2842236E-05   4.5662784E-08   1.6839909E-07   3.3190450E-07   7.4563585E-08  -3.8462987E-07  -3.8376783E-06  -4.1338726E-09   1.7057925E-09
  2.8852131E-07  -3.6245530E-06   4.0681834E-07   5.6827428E-05  -3.3416975E-05   3.7955728E-04   1.0214795E-04   1.0891961E-05  -1.2854417E-06  -1.7405980E-03   3.9712723E-05   9.9828709E-04  -1.6581937E-02  -4.8258346E-03  -4.0783282E-04  -8.8126018E-05  -9.3411151E-04   4.9217804E-04  -2.7111686E-04   6.0297548E-04   1.6826665E-03   3.9300671E-06  -1.6203953E-06   3.4170139E-05   5.8981192E-07  -1.7685264E-05  -5.3900160E-05   6.4052913E-08   6.1986354E-08
  2.4533870E-08   5.2816224E-06  -1.9822026E-06  -3.3416975E-05   5.8537947E-03  -2.0793840E-02  -7.9872889E-05  -8.2016128E-06  -1.0457553E-05  -1.7255650E-02  -5.6973250E-04  -5.7025618E-04   2.3470550E-02  -5.1571270E-03  -2.9520456E-02  -5.3482787E-03  -2.0208411E-03  -3.0369961E-03   2.2826704E-03   1.8233054E-02   4.1104559E-02   4.7010656E-05  -3.6484356E-05   1.1932192E-04   2.8727415E-06   8.8157657E-05   3.1660065E-04  -5.3020530E-07   9.2979951E-07
  5.2949635E-06  -8.9709409E-05   1.6400866E-05   3.7955728E-04  -2.0793840E-02   8.7604835E-02   7.1784838E-04   2.0382338E-04   7.0786986E-05   3.0672072E-02   3.0592483E-03   1.2229195E-02  -1.8906270E-01  -3.7463977E-02   1.2635023E-01   7.2454751E-02  -7.8361693E-03   1.7287836E-02  -4.7287647E-03  -6.1060097E-02  -1.2682864E-01  -6.8135126E-05  -2.2339203E-05  -1.8925764E-04  -2.8983482E-04  -4.9195693E-04  -1.9035150E-03   4.4270594E-06  -3.3601805E-06
  5.5386487E-07  -5.3692062E-06   7.7490585E-07   1.0214795E-04  -7.9872889E-05   7.1784838E-04   2.1221269E-04   1.6114680E-05   9.3764016E-06  -3.3137486E-03   6.1743738E-05   1.9572536E-03  -2.3406663E-02  -6.8680271E-03   1.6362319E-03   5.9188624E-03  -2.7243423E-03   7.2361353E-04  -7.5504766E-04   8.1385796E-04   4.7849606E-03   6.0613104E-07  -9.0988765E-06   7.1779586E-05   3.3465571E-06  -2.9512970E-05  -9.0882769E-05   1.4868679E-07   2.2507176E-08
  2.2274423E-07  -2.6950943E-06   3.1633474E-07   1.0891961E-05  -8.2016128E-06   2.0382338E-04   1.6114680E-05   1.5352906E-05   8.3690983E-07  -4.3307155E-03   1.1243302E-04   1.3893165E-03  -2.5960028E-02  -7.3983079E-03   2.7013501E-03   5.1186765E-03  -2.3333815E-03   2.8057834E-04  -3.6346479E-04  -4.7000224E-05   1.6867689E-03   7.0323799E-06   1.3761908E-06   1.5860547E-05  -5.3088578E-06  -6.3562453E-06  -3.5786646E-05   3.5845685E-08  -7.5679888E-08
  3.7102248E-08  -3.4979388E-07   4.0871913E-08  -1.2854417E-06  -1.0457553E-05   7.0786986E-05   9.3764016E-06   8.3690983E-07   6.3910208E-06   7.2321647E-04  -3.0265104E-05   1.8689840E-04   4.1993713E-03   3.7450916E-04   3.0997130E-04   1.6947204E-03  -2.9089555E-04   4.2594056E-05   1.6210012E-04   1.5633563E-04   1.0279700E-03  -7.5286650E-07  -2.2794257E-06   6.0760099E-06  -1.0026841E-06  -6.4634516E-07   1.0799546E-06  -2.0593671E-08  -3.7018331E-08
 -7.7847884E-05   2.5819431E-04  -2.6181593E-05  -1.7405980E-03  -1.7255650E-02   3.0672072E-02  -3.3137486E-03  -4.3307155E-03   7.2321647E-04   4.3120835E+01  -3.9978820E-01  -1.0125407E+00   3.6696396E+01   1.7623888E+00  -1.3123395E+01  -5.2859916E+01  -2.3059137E-01  -3.6139268E-02   1.0280694E+00  -5.4406647E+00  -3.1840872E+01  -6.7156298E-03   4.2327551E-03  -1.1092066E-02   7.6309628E-03   3.7232013E-03  -1.3754446E-02  -2.7844118E-04   8.0728111E-04
  2.0896880E-06   1.8936972E-06  -6.4460159E-07   3.9712723E-05  -5.6973250E-04   3.0592483E-03   6.1743738E-05   1.1243302E-04  -3.0265104E-05  -3.9978820E-01   8.1036795E-02  -4.8519900E-02  -6.2600493E-01   8.5814167E-01   1.6734125E+00   6.1176349E-01   6.5115724E-02  -9.2757144E-03  -3.7913619E-02   3.8720041E-02   6.3764413E-02  -5.2377723E-05  -4.1510870E-04   1.6728166E-03  -7.0683034E-04  -5.2016341E-04   1.3827132E-03   8.1287978E-06  -3.3767140E-06
  3.7658757E-05  -1.9002176E-04   6.2472773E-06   9.9828709E-04  -5.7025618E-04   1.2229195E-02   1.9572536E-03   1.3893165E-03   1.8689840E-04  -1.0125407E+00  -4.8519900E-02   3.7802032E+00  -3.0872551E+01  -3.6388911E+00   7.0341512E+00   5.1282769E+00  -2.6470025E+00  -1.0032961E-01   2.0812036E-01   2.7468071E+00   3.5461796E+00   3.8136947E-03   7.6068667E-04  -4.7463560E-04   1.1939620E-03  -1.6957480E-03  -1.6531997E-02   1.3345432E-04  -1.4885594E-05
 -5.2623368E-04   1.8558071E-03  -1.8983152E-04  -1.6581937E-02   2.3470550E-02  -1.8906270E-01  -2.3406663E-02  -2.5960028E-02   4.1993713E-03   3.6696396E+01  -6.2600493E-01  -3.0872551E+01   7.8398398E+02   6.4421786E+01  -5.9941482E+01  -6.0871344E+01   1.4112468E+01  -7.5077938E+00   5.5376595E+00  -1.4105373E+01  -2.7604680E+01  -2.4467766E-02   5.2934518E-03   1.0445940E-02   6.7980856E-03   6.0284640E-02   1.2242961E-01   3.0732869E-03   7.0857983E-05
 -1.8851250E-04   7.9944798E-04  -8.4550169E-05  -4.8258346E-03  -5.1571270E-03  -3.7463977E-02  -6.8680271E-03  -7.3983079E-03   3.7450916E-04   1.7623888E+00   8.5814167E-01  -3.6388911E+00   6.4421786E+01   6.1469528E+01   3.8959713E+01   1.4382081E+01  -4.4142871E+00  -6.2658663E-01  -2.1140536E+00   2.1533230E+00   3.4364862E+00  -1.0163789E-02  -2.8932667E-03   1.7441493E-02   3.6864653E-03   8.0008694E-03   1.0262684E-01  -3.5047578E-05   2.0865394E-04
  2.1503364E-06   1.1053999E-04  -5.2279152E-05  -4.0783282E-04  -2.9520456E-02   1.2635023E-01   1.6362319E-03   2.7013501E-03   3.0997130E-04  -1.3123395E+01   1.6734125E+00   7.0341512E+00  -5.9941482E+01   3.8959713E+01   8.3385814E+01   5.0956492E+01  -1.0911020E+01  -1.1761185E+00  -1.8515387E+00   3.0951367E+00   6.5706735E+00   7.8926005E-03  -7.1667941E-03   3.6887423E-02  -6.8063804E-03   6.0476530E-03   4.3672537E-02   3.8652536E-04  -2.8846941E-04
  4.0983410E-05  -2.0406807E-04   3.0265585E-05  -8.8126018E-05  -5.3482787E-03   7.2454751E-02   5.9188624E-03   5.1186765E-03   1.6947204E-03  -5.2859916E+01   6.1176349E-01   5.1282769E+00  -6.0871344E+01   1.4382081E+01   5.0956492E+01   9.8785675E+01  -8.4364096E+00  -6.0948564E-01  -1.8435927E+00   4.6002523E+00   3.1505448E+01   1.3202785E-02  -4.7864871E-03   1.2297525E-02  -3.2317173E-03   8.4171856E-03   4.2888744E-02   4.8989481E-04  -1.3648353E-03
 -5.4177431E-05   2.0361498E-04   4.7032556E-06  -9.3411151E-04  -2.0208411E-03  -7.8361693E-03  -2.7243423E-03  -2.3333815E-03  -2.9089555E-04  -2.3059137E-01   6.5115724E-02  -2.6470025E+00   1.4112468E+01  -4.4142871E+00  -1.0911020E+01  -8.4364096E+00   5.5692210E+00   1.3962632E-01  -1.8521393E-01  -2.0889349E+00  -2.5287498E+00  -3.4202153E-03  -8.9875140E-04  -2.0395537E-03  -3.7546519E-03  -7.4276724E-03  -1.1729315E-02  -8.7404663E-05  -2.6148533E-05
  5.7140199E-06  -3.5881698E-05   2.0634285E-05   4.9217804E-04  -3.0369961E-03   1.7287836E-02   7.2361353E-04   2.8057834E-04   4.2594056E-05  -3.6139268E-02  -9.2757144E-03  -1.0032961E-01  -7.5077938E+00  -6.2658663E-01  -1.1761185E+00  -6.0948564E-01   1.3962632E-01   3.5325044E+00   5.9510511E-01   4.2868290E-01   6.3810560E-01  -1.3420209E-03  -5.9377617E-04  -1.5688478E-03   5.4246872E-04  -6.1915726E-03  -9.0344571E-03   2.2237686E-04   8.4759503E-06
 -6.9369161E-06   5.0766458E-05  -1.6046724E-05  -2.7111686E-04   2.2826704E-03  -4.7287647E-03  -7.5504766E-04  -3.6346479E-04   1.6210012E-04   1.0280694E+00  -3.7913619E-02   2.0812036E-01   5.5376595E+00  -2.1140536E+00  -1.8515387E+00  -1.8435927E+00  -1.8521393E-01   5.9510511E-01   3.1380799E+00   2.5582660E+00   2.2993790E+00   3.9933845E-03   1.7448201E-04  -3.3538256E-03   1.4893443E-03   3.4735701E-03   4.7013480E-03  -1.6970823E-04  -6.3091897E-05
  1.3674862E-05  -1.0276956E-04  -2.0445364E-05   6.0297548E-04   1.8233054E-02  -6.1060097E-02   8.1385796E-04  -4.7000224E-05   1.5633563E-04  -5.4406647E+00   3.8720041E-02   2.7468071E+00  -1.4105373E+01   2.1533230E+00   3.0951367E+00   4.6002523E+00  -2.0889349E+00   4.2868290E-01   2.5582660E+00   1.0666830E+01   1.9039844E+01   5.6908435E-03   1.1476689E-03   3.1672410E-03   3.4095016E-03  -1.2630525E-04   7.0509608E-03   3.6142468E-05   3.9388350E-04
  4.9598476E-05  -3.3104780E-04  -1.2842236E-05   1.6826665E-03   4.1104559E-02  -1.2682864E-01   4.7849606E-03   1.6867689E-03   1.0279700E-03  -3.1840872E+01   6.3764413E-02   3.5461796E+00  -2.7604680E+01   3.4364862E+00   6.5706735E+00   3.1505448E+01  -2.5287498E+00   6.3810560E-01   2.2993790E+00   1.9039844E+01   5.2597209E+01   9.2964077E-03  -6.5798177E-04   1.6120129E-02   3.5864127E-03   2.3783855E-03   2.7877647E-02   1.8768740E-04   8.6075069E-04
 -6.8588834E-08  -1.8294643E-06   4.5662784E-08   3.9300671E-06   4.7010656E-05  -6.8135126E-05   6.0613104E-07   7.0323799E-06  -7.5286650E-07  -6.7156298E-03  -5.2377723E-05   3.8136947E-03  -2.4467766E-02  -1.0163789E-02   7.8926005E-03   1.3202785E-02  -3.4202153E-03  -1.3420209E-03   3.9933845E-03   5.6908435E-03   9.2964077E-03   1.5000926E-03   3.1342033E-04   1.5697089E-04  -3.0290270E-04  -2.1685867E-05  -4.5683009E-04  -2.4006476E-08  -6.8592484E-07
 -2.7446690E-07   3.6562034E-07   1.6839909E-07  -1.6203953E-06  -3.6484356E-05  -2.2339203E-05  -9.0988765E-06   1.3761908E-06  -2.2794257E-06   4.2327551E-03  -4.1510870E-04   7.6068667E-04   5.2934518E-03  -2.8932667E-03  -7.1667941E-03  -4.7864871E-03  -8.9875140E-04  -5.9377617E-04   1.7448201E-04   1.1476689E-03  -6.5798177E-04   3.1342033E-04   8.8048396E-04   1.1812722E-04   7.8860092E-04   9.5810319E-05  -9.1654859E-04  -5.6689758E-07  -8.1357466E-07
  3.4783001E-07  -4.3678989E-06   3.3190450E-07   3.4170139E-05   1.1932192E-04  -1.8925764E-04   7.1779586E-05   1.5860547E-05   6.0760099E-06  -1.1092066E-02   1.6728166E-03  -4.7463560E-04   1.0445940E-02   1.7441493E-02   3.6887423E-02   1.2297525E-02  -2.0395537E-03  -1.5688478E-03  -3.3538256E-03   3.1672410E-03   1.6120129E-02   1.5697089E-04   1.1812722E-04   7.3941707E-03  -1.6105632E-04   5.1250707E-04   4.4495312E-03  -1.3015004E-06  -7.6375277E-07
 -4.7574895E-07   1.7165147E-06   7.4563585E-08   5.8981192E-07   2.8727415E-06  -2.8983482E-04   3.3465571E-06  -5.3088578E-06  -1.0026841E-06   7.6309628E-03  -7.0683034E-04   1.1939620E-03   6.7980856E-03   3.6864653E-03  -6.8063804E-03  -3.2317173E-03  -3.7546519E-03   5.4246872E-04   1.4893443E-03   3.4095016E-03   3.5864127E-03  -3.0290270E-04   7.8860092E-04  -1.6105632E-04   2.9291117E-03   4.1147427E-04  -1.3010695E-03  -4.3021921E-07  -2.3339820E-09
 -5.7001024E-07   1.8811307E-06  -3.8462987E-07  -1.7685264E-05   8.8157657E-05  -4.9195693E-04  -2.9512970E-05  -6.3562453E-06  -6.4634516E-07   3.7232013E-03  -5.2016341E-04  -1.6957480E-03   6.0284640E-02   8.0008694E-03   6.0476530E-03   8.4171856E-03  -7.4276724E-03  -6.1915726E-03   3.4735701E-03  -1.2630525E-04   2.3783855E-03  -2.1685867E-05   9.5810319E-05   5.1250707E-04   4.1147427E-04   6.1419056E-03   7.8885609E-03  -1.5441206E-06  -1.3125326E-07
 -1.1710384E-06   4.7365908E-06  -3.8376783E-06  -5.3900160E-05   3.1660065E-04  -1.9035150E-03  -9.0882769E-05  -3.5786646E-05   1.0799546E-06  -1.3754446E-02   1.3827132E-03  -1.6531997E-02   1.2242961E-01   1.0262684E-01   4.3672537E-02   4.2888744E-02  -1.1729315E-02  -9.0344571E-03   4.7013480E-03   7.0509608E-03   2.7877647E-02  -4.5683009E-04  -9.1654859E-04   4.4495312E-03  -1.3010695E-03   7.8885609E-03   7.3008451E-02  -2.0583316E-06  -6.2704374E-06
  2.6789508E-09  -3.5409263E-08  -4.1338726E-09   6.4052913E-08  -5.3020530E-07   4.4270594E-06   1.4868679E-07   3.5845685E-08  -2.0593671E-08  -2.7844118E-04   8.1287978E-06   1.3345432E-04   3.0732869E-03  -3.5047578E-05   3.8652536E-04   4.8989481E-04  -8.7404663E-05   2.2237686E-04  -1.6970823E-04   3.6142468E-05   1.8768740E-04  -2.4006476E-08  -5.6689758E-07  -1.3015004E-06  -4.3021921E-07  -1.5441206E-06  -2.0583316E-06   3.7767377E-07   9.7492228E-09
 -2.4733919E-09   8.3303991E-09   1.7057925E-09   6.1986354E-08   9.2979951E-07  -3.3601805E-06   2.2507176E-08  -7.5679888E-08  -3.7018331E-08   8.0728111E-04  -3.3767140E-06  -1.4885594E-05   7.0857983E-05   2.0865394E-04  -2.8846941E-04  -1.3648353E-03  -2.6148533E-05   8.4759503E-06  -6.3091897E-05   3.9388350E-04   8.6075069E-04  -6.8592484E-07  -8.1357466E-07  -7.6375277E-07  -2.3339820E-09  -1.3125326E-07  -6.2704374E-06   9.7492228E-09   3.9746180E-07
