# omegabh2 omegach2 theta tau logA ns nrun r calPlanck BBdust BBsync BBalphadust BBbetadust BBalphasync BBbetasync BBdustsynccorr acib217 xi asz143 aps100 aps143 aps143217 aps217 aksz kgal100 kgal143 kgal143217 kgal217 cal0 cal2
  4.6215842E-08  -4.1706728E-08   2.6315657E-08   3.8236738E-07   9.6674109E-07   1.6150447E-07  -7.4438892E-07   4.0045305E-07   1.5161173E-08  -1.9519255E-06  -2.5582576E-06   1.2388686E-06   3.8272630E-08   6.3306618E-07  -5.2222965E-07   1.4854562E-07  -3.0639645E-05  -4.8717156E-07   1.7412686E-05  -2.7004599E-04  -2.5491309E-04  -1.5442160E-04  -1.1090645E-04  -1.6565034E-05   1.0152671E-05   9.5882245E-06   1.2671445E-06   8.2217792E-06   4.0392511E-11  -5.3009540E-10
 -4.1706728E-08   1.4928224E-06  -6.0931482E-08  -1.0448453E-06   1.7035523E-06  -3.2717379E-06  -8.2191847E-07  -1.8748168E-06  -5.3841288E-08  -6.5565717E-06  -7.0782036E-06  -8.8066477E-06   2.8155107E-06  -1.3145760E-07  -1.4737109E-07   4.3972152E-06  -3.5620306E-05   3.5018393E-06  -4.4355732E-05   3.5318572E-04   6.3624725E-04   4.5666952E-04   3.9146365E-04   3.4755375E-05   1.8768112E-05  -2.1438905E-05   6.8310725E-08   5.9187303E-05  -3.3941982E-10  -7.7640286E-09
  2.6315657E-08  -6.0931482E-08   1.7874369E-07   2.0639230E-07   5.5788758E-07   3.7663801E-07  -1.9787050E-07   1.1536995E-07   2.2137072E-08  -1.0704449E-06  -1.1461071E-05   1.1349912E-06   8.6362937E-08   9.7057712E-07   2.5244809E-07   8.1610994E-07   3.0915618E-05  -4.7516308E-07  -8.0804389E-06  -4.6619109E-05  -4.1900736E-05  -5.8473681E-05  -6.8046198E-05   9.6699438E-06   4.8351271E-06   9.8295966E-06  -1.1223640E-06  -1.3471434E-05  -5.0954628E-10   5.2315826E-09
  3.8236738E-07  -1.0448453E-06   2.0639230E-07   5.8015120E-05   1.1609030E-04   3.9417339E-06  -1.4847844E-05   3.0725490E-06  -3.4350096E-07  -2.0157434E-06   2.1271023E-06  -4.8014756E-05   2.8369246E-05  -8.0557579E-06  -1.1312227E-05  -3.6503921E-05  -3.8754300E-04   3.2936195E-06  -1.4793581E-04  -6.0364983E-04  -1.5395200E-03  -1.5101875E-03  -7.3257575E-04   5.1315433E-05  -4.6581841E-05   4.5986522E-05  -1.6190075E-04  -3.0898781E-04  -9.0231586E-09  -1.8688570E-08
  9.6674109E-07   1.7035523E-06   5.5788758E-07   1.1609030E-04   2.7418115E-04  -3.5263921E-06  -4.5200009E-05   2.2714492E-06   1.1711366E-05  -8.9864253E-05  -5.7337078E-05  -1.2748442E-04   7.6843865E-05  -1.9512348E-05  -8.8703363E-06  -5.9086344E-05  -1.6794334E-05   1.7019467E-06  -8.7751122E-04   1.0038703E-02   2.4706314E-03   2.0190079E-04   4.4630875E-03   1.7436211E-04  -2.1215823E-04  -4.2588053E-04  -8.7527103E-04   7.9439046E-04   2.0182692E-07  -7.3310173E-08
  1.6150447E-07  -3.2717379E-06   3.7663801E-07   3.9417339E-06  -3.5263921E-06   1.9439680E-05   8.5581909E-06   6.4282012E-06   2.5575936E-07   4.8544613E-05  -3.6947024E-05   1.9803205E-05  -3.7740981E-06  -1.2667043E-05  -1.0005230E-05  -1.5685512E-05  -5.2723150E-03   9.2363287E-05   1.4206966E-03  -2.9029335E-02  -9.7889181E-03   6.8980419E-04   5.0111331E-03  -3.0625676E-03   2.7130482E-04  -3.0997201E-04  -2.3648505E-04   1.6399683E-03  -1.3075782E-07  -5.9074401E-08
 -7.4438892E-07  -8.2191847E-07  -1.9787050E-07  -1.4847844E-05  -4.5200009E-05   8.5581909E-06   5.9166818E-05  -2.5041820E-05   9.8849271E-08   4.7886385E-05   4.2765581E-05   7.9859427E-06  -2.7764808E-05  -1.7186213E-05  -1.3099256E-05   1.8663259E-05  -6.7796093E-03   1.5349814E-04   1.9133894E-03  -3.1185050E-02  -1.3297821E-02   6.4599570E-04   5.1243083E-03  -3.6404919E-03  -5.0662973E-04  -9.2424127E-04  -8.2092757E-04   1.4581727E-03  -9.8017287E-08  -1.1436454E-07
  4.0045305E-07  -1.8748168E-06   1.1536995E-07   3.0725490E-06   2.2714492E-06   6.4282012E-06  -2.5041820E-05   3.7797933E-04  -1.2735200E-06  -3.3081720E-04  -9.7485684E-04  -8.6157957E-05   3.5007685E-04  -2.6783794E-05  -1.7247887E-04  -9.4538667E-04   1.8253735E-03  -8.8123552E-05   3.4311569E-04   4.3758156E-03   1.5685368E-03  -1.0582810E-03  -1.7093549E-03   5.6386851E-04  -1.7365516E-04   4.0998421E-04   1.1908484E-03   9.4902099E-05   2.0136509E-08  -4.0814104E-08
  1.5161173E-08  -5.3841288E-08   2.2137072E-08  -3.4350096E-07   1.1711366E-05   2.5575936E-07   9.8849271E-08  -1.2735200E-06   6.1974008E-06  -2.2258689E-05  -1.2959446E-05  -4.8519112E-06   3.2026611E-06  -6.3819527E-06   1.2213623E-06   5.0381917E-07   4.4915460E-04  -8.7071696E-06   4.1690249E-06   3.5205025E-03   2.8584072E-04   1.9343037E-04   1.4251544E-03   7.5466624E-06   2.9541858E-05  -5.5502633E-05  -8.6850604E-05   8.4877792E-04   2.2435911E-08  -8.4015249E-09
 -1.9519255E-06  -6.5565717E-06  -1.0704449E-06  -2.0157434E-06  -8.9864253E-05   4.8544613E-05   4.7886385E-05  -3.3081720E-04  -2.2258689E-05   1.0641668E+00   8.8943342E-03  -1.2260242E-01   4.6143633E-02  -4.0705745E-03   3.4690846E-03  -7.9098010E-03   5.2595603E-02   3.8190665E-03   8.8626958E-03   7.8657701E-03   3.1683763E-02   1.1192765E-01   2.1482529E-02  -3.7054811E-02  -7.1302836E-03   8.1814377E-03   3.4858570E-02   8.7489420E-03   1.4201119E-06   1.5947686E-05
 -2.5582576E-06  -7.0782036E-06  -1.1461071E-05   2.1271023E-06  -5.7337078E-05  -3.6947024E-05   4.2765581E-05  -9.7485684E-04  -1.2959446E-05   8.8943342E-03   1.1431276E+00  -3.2526546E-03  -2.5504555E-03   1.5977966E-02  -4.1965938E-02   4.3393115E-02  -2.3457673E-02   3.3332149E-03  -4.2668564E-02   1.6703965E-01   5.3180550E-02   3.2175459E-02   3.4852932E-02   3.8992458E-02   9.5671051E-03  -1.8158346E-02  -7.9047066E-02  -1.0569257E-01   7.0488015E-06  -1.0760427E-06
  1.2388686E-06  -8.8066477E-06   1.1349912E-06  -4.8014756E-05  -1.2748442E-04   1.9803205E-05   7.9859427E-06  -8.6157957E-05  -4.8519112E-06  -1.2260242E-01  -3.2526546E-03   6.0670805E-02  -1.0059375E-03   1.1696511E-03   3.9363857E-04  -6.6054299E-04  -9.6162578E-03  -1.0738857E-03  -9.5477855E-04  -1.1636216E-02   1.5709201E-03  -2.8748073E-02  -4.5580029E-03   1.0159000E-03   5.1895629E-03  -1.2223405E-03   2.3447521E-03   9.6953850E-03  -9.4876895E-07  -1.3917372E-06
  3.8272630E-08   2.8155107E-06   8.6362937E-08   2.8369246E-05   7.6843865E-05  -3.7740981E-06  -2.7764808E-05   3.5007685E-04   3.2026611E-06   4.6143633E-02  -2.5504555E-03  -1.0059375E-03   9.3381473E-03   2.0385269E-04  -1.3217120E-03   1.1026398E-03   6.1827214E-03  -2.9036699E-05   3.7949392E-05   4.3695164E-03   6.5721787E-03   4.2283502E-03   2.0524440E-03  -2.4361835E-03   1.2479972E-04   1.1004387E-03   5.1837288E-03   5.5327027E-03  -2.6738838E-07   7.8962140E-07
  6.3306618E-07  -1.3145760E-07   9.7057712E-07  -8.0557579E-06  -1.9512348E-05  -1.2667043E-05  -1.7186213E-05  -2.6783794E-05  -6.3819527E-06  -4.0705745E-03   1.5977966E-02   1.1696511E-03   2.0385269E-04   8.1586067E-02  -5.5346224E-04   1.9334809E-03  -1.5642034E-02   8.3831302E-04   4.7531222E-03  -4.4268912E-02   2.0162846E-02   3.2532275E-02   3.6584989E-02  -1.1111381E-03  -1.1767037E-03   9.4928485E-04   6.3668295E-03   3.6945782E-03  -1.0707641E-06  -5.8147202E-07
 -5.2222965E-07  -1.4737109E-07   2.5244809E-07  -1.1312227E-05  -8.8703363E-06  -1.0005230E-05  -1.3099256E-05  -1.7247887E-04   1.2213623E-06   3.4690846E-03  -4.1965938E-02   3.9363857E-04  -1.3217120E-03  -5.5346224E-04   7.4658490E-02  -4.8502402E-03   1.6441801E-02   1.3881426E-04  -2.2662387E-03   2.4370493E-02   2.0457942E-02   1.3677836E-02   9.3141282E-03  -6.8656804E-03  -4.1638344E-03  -1.7498651E-03  -4.7233744E-03  -1.0282341E-02  -2.0322742E-07  -2.4011093E-07
  1.4854562E-07   4.3972152E-06   8.1610994E-07  -3.6503921E-05  -5.9086344E-05  -1.5685512E-05   1.8663259E-05  -9.4538667E-04   5.0381917E-07  -7.9098010E-03   4.3393115E-02  -6.6054299E-04   1.1026398E-03   1.9334809E-03  -4.8502402E-03   8.0590761E-02  -2.5990907E-02   6.6283437E-04  -4.4664344E-03   3.0831596E-02  -4.0263869E-03   4.8149313E-03   3.2499583E-02   3.0087516E-03  -4.0862732E-03   6.9226704E-03   1.0947340E-03   1.7112380E-02  -1.8129209E-06  -1.0752891E-06
 -3.0639645E-05  -3.5620306E-05   3.0915618E-05  -3.8754300E-04  -1.6794334E-05  -5.2723150E-03  -6.7796093E-03   1.8253735E-03   4.4915460E-04   5.2595603E-02  -2.3457673E-02  -9.6162578E-03   6.1827214E-03  -1.5642034E-02   1.6441801E-02  -2.5990907E-02   4.6073929E+01  -4.0848215E-01  -1.0084976E+00   3.9530573E+01   3.7815033E+00  -1.2754022E+01  -5.5481834E+01   2.0500030E-01   6.1554370E-02   5.4316946E-01  -5.9195797E+00  -3.4446538E+01  -1.9021372E-04   7.3939058E-04
 -4.8717156E-07   3.5018393E-06  -4.7516308E-07   3.2936195E-06   1.7019467E-06   9.2363287E-05   1.5349814E-04  -8.8123552E-05  -8.7071696E-06   3.8190665E-03   3.3332149E-03  -1.0738857E-03  -2.9036699E-05   8.3831302E-04   1.3881426E-04   6.6283437E-04  -4.0848215E-01   8.1417195E-02  -5.1268624E-02  -5.1203212E-01   8.7095701E-01   1.6070366E+00   6.4273451E-01   4.3902943E-02   1.1165727E-04   1.2286841E-02   8.8462216E-02   1.2947795E-01   2.5656703E-06  -2.5263613E-06
  1.7412686E-05  -4.4355732E-05  -8.0804389E-06  -1.4793581E-04  -8.7751122E-04   1.4206966E-03   1.9133894E-03   3.4311569E-04   4.1690249E-06   8.8626958E-03  -4.2668564E-02  -9.5477855E-04   3.7949392E-05   4.7531222E-03  -2.2662387E-03  -4.4664344E-03  -1.0084976E+00  -5.1268624E-02   4.1473707E+00  -3.2595735E+01  -3.8704991E+00   8.1324796E+00   5.7289102E+00  -3.2517561E+00  -1.7451402E-01   1.8686314E-01   2.8527505E+00   3.6718771E+00   1.1655068E-04  -4.6657199E-05
 -2.7004599E-04   3.5318572E-04  -4.6619109E-05  -6.0364983E-04   1.0038703E-02  -2.9029335E-02  -3.1185050E-02   4.3758156E-03   3.5205025E-03   7.8657701E-03   1.6703965E-01  -1.1636216E-02   4.3695164E-03  -4.4268912E-02   2.4370493E-02   3.0831596E-02   3.9530573E+01  -5.1203212E-01  -3.2595735E+01   8.0249835E+02   7.8898916E+01  -5.4856132E+01  -6.3243195E+01   1.8622514E+01  -6.5439936E+00   5.2567231E+00  -1.4126679E+01  -2.8578009E+01   3.7950224E-03   4.9733079E-04
 -2.5491309E-04   6.3624725E-04  -4.1900736E-05  -1.5395200E-03   2.4706314E-03  -9.7889181E-03  -1.3297821E-02   1.5685368E-03   2.8584072E-04   3.1683763E-02   5.3180550E-02   1.5709201E-03   6.5721787E-03   2.0162846E-02   2.0457942E-02  -4.0263869E-03   3.7815033E+00   8.7095701E-01  -3.8704991E+00   7.8898916E+01   6.7481535E+01   4.1539427E+01   1.5146083E+01  -4.1791486E+00  -2.6252741E-01  -1.0852307E+00   3.4703656E+00   3.4861571E+00   1.0238614E-04   2.9729429E-05
 -1.5442160E-04   4.5666952E-04  -5.8473681E-05  -1.5101875E-03   2.0190079E-04   6.8980419E-04   6.4599570E-04  -1.0582810E-03   1.9343037E-04   1.1192765E-01   3.2175459E-02  -2.8748073E-02   4.2283502E-03   3.2532275E-02   1.3677836E-02   4.8149313E-03  -1.2754022E+01   1.6070366E+00   8.1324796E+00  -5.4856132E+01   4.1539427E+01   8.6588844E+01   5.5154676E+01  -1.3181749E+01  -6.5203842E-01  -5.3711676E-01   5.1508575E+00   8.5832908E+00   4.4256226E-04  -5.0974622E-04
 -1.1090645E-04   3.9146365E-04  -6.8046198E-05  -7.3257575E-04   4.4630875E-03   5.0111331E-03   5.1243083E-03  -1.7093549E-03   1.4251544E-03   2.1482529E-02   3.4852932E-02  -4.5580029E-03   2.0524440E-03   3.6584989E-02   9.3141282E-03   3.2499583E-02  -5.5481834E+01   6.4273451E-01   5.7289102E+00  -6.3243195E+01   1.5146083E+01   5.5154676E+01   1.0477732E+02  -1.0319888E+01  -4.7512638E-01  -1.1959448E+00   5.7142600E+00   3.4250008E+01   4.9886140E-04  -1.4386656E-03
 -1.6565034E-05   3.4755375E-05   9.6699438E-06   5.1315433E-05   1.7436211E-04  -3.0625676E-03  -3.6404919E-03   5.6386851E-04   7.5466624E-06  -3.7054811E-02   3.8992458E-02   1.0159000E-03  -2.4361835E-03  -1.1111381E-03  -6.8656804E-03   3.0087516E-03   2.0500030E-01   4.3902943E-02  -3.2517561E+00   1.8622514E+01  -4.1791486E+00  -1.3181749E+01  -1.0319888E+01   6.9529381E+00   8.8711090E-02  -2.0240128E-01  -2.3608901E+00  -2.7959079E+00  -6.7567353E-05   4.5324267E-05
  1.0152671E-05   1.8768112E-05   4.8351271E-06  -4.6581841E-05  -2.1215823E-04   2.7130482E-04  -5.0662973E-04  -1.7365516E-04   2.9541858E-05  -7.1302836E-03   9.5671051E-03   5.1895629E-03   1.2479972E-04  -1.1767037E-03  -4.1638344E-03  -4.0862732E-03   6.1554370E-02   1.1165727E-04  -1.7451402E-01  -6.5439936E+00  -2.6252741E-01  -6.5203842E-01  -4.7512638E-01   8.8711090E-02   3.3675089E+00   5.7614429E-01   3.4496064E-01   4.7420646E-01   1.7124255E-04   1.3411468E-05
  9.5882245E-06  -2.1438905E-05   9.8295966E-06   4.5986522E-05  -4.2588053E-04  -3.0997201E-04  -9.2424127E-04   4.0998421E-04  -5.5502633E-05   8.1814377E-03  -1.8158346E-02  -1.2223405E-03   1.1004387E-03   9.4928485E-04  -1.7498651E-03   6.9226704E-03   5.4316946E-01   1.2286841E-02   1.8686314E-01   5.2567231E+00  -1.0852307E+00  -5.3711676E-01  -1.1959448E+00  -2.0240128E-01   5.7614429E-01   3.1830346E+00   2.8383004E+00   2.9086479E+00  -1.7032936E-04  -2.9934132E-05
  1.2671445E-06   6.8310725E-08  -1.1223640E-06  -1.6190075E-04  -8.7527103E-04  -2.3648505E-04  -8.2092757E-04   1.1908484E-03  -8.6850604E-05   3.4858570E-02  -7.9047066E-02   2.3447521E-03   5.1837288E-03   6.3668295E-03  -4.7233744E-03   1.0947340E-03  -5.9195797E+00   8.8462216E-02   2.8527505E+00  -1.4126679E+01   3.4703656E+00   5.1508575E+00   5.7142600E+00  -2.3608901E+00   3.4496064E-01   2.8383004E+00   1.1306491E+01   2.0221097E+01   3.2243845E-06   4.2568000E-04
  8.2217792E-06   5.9187303E-05  -1.3471434E-05  -3.0898781E-04   7.9439046E-04   1.6399683E-03   1.4581727E-03   9.4902099E-05   8.4877792E-04   8.7489420E-03  -1.0569257E-01   9.6953850E-03   5.5327027E-03   3.6945782E-03  -1.0282341E-02   1.7112380E-02  -3.4446538E+01   1.2947795E-01   3.6718771E+00  -2.8578009E+01   3.4861571E+00   8.5832908E+00   3.4250008E+01  -2.7959079E+00   4.7420646E-01   2.9086479E+00   2.0221097E+01   5.5904097E+01   1.1143468E-04   9.5037899E-04
  4.0392511E-11  -3.3941982E-10  -5.0954628E-10  -9.0231586E-09   2.0182692E-07  -1.3075782E-07  -9.8017287E-08   2.0136509E-08   2.2435911E-08   1.4201119E-06   7.0488015E-06  -9.4876895E-07  -2.6738838E-07  -1.0707641E-06  -2.0322742E-07  -1.8129209E-06  -1.9021372E-04   2.5656703E-06   1.1655068E-04   3.7950224E-03   1.0238614E-04   4.4256226E-04   4.9886140E-04  -6.7567353E-05   1.7124255E-04  -1.7032936E-04   3.2243845E-06   1.1143468E-04   3.8003032E-07  -2.6860042E-09
 -5.3009540E-10  -7.7640286E-09   5.2315826E-09  -1.8688570E-08  -7.3310173E-08  -5.9074401E-08  -1.1436454E-07  -4.0814104E-08  -8.4015249E-09   1.5947686E-05  -1.0760427E-06  -1.3917372E-06   7.8962140E-07  -5.8147202E-07  -2.4011093E-07  -1.0752891E-06   7.3939058E-04  -2.5263613E-06  -4.6657199E-05   4.9733079E-04   2.9729429E-05  -5.0974622E-04  -1.4386656E-03   4.5324267E-05   1.3411468E-05  -2.9934132E-05   4.2568000E-04   9.5037899E-04  -2.6860042E-09   3.9312000E-07
