# omegabh2 omegach2 theta tau logA ns calPlanck acib217 xi asz143 aps100 aps143 aps143217 aps217 aksz kgal100 kgal143 kgal143217 kgal217 galfTE100 galfTE100143 galfTE100217 galfTE143 galfTE143217 galfTE217 cal0 cal2
  2.0000284E-08  -7.2621819E-08   1.2616827E-08   1.0923682E-06   2.1080985E-06   2.3871241E-07   1.2024659E-08  -9.4908358E-05   2.7530934E-06   1.3199800E-05  -4.0734538E-04  -2.3586546E-04  -7.7727917E-05   3.0761765E-06  -2.9789757E-05  -5.8049940E-06  -1.7804867E-05  -2.8513776E-05  -8.1577032E-06  -6.6140978E-08  -1.5661875E-07   5.8242532E-08  -4.3664317E-07  -8.0560764E-07  -2.5169178E-06   2.4512750E-09  -2.9334961E-09
 -7.2621819E-08   1.1699213E-06  -7.0468995E-08  -9.9330593E-06  -1.6972813E-05  -3.0590648E-06  -4.1444826E-09   2.7680624E-04  -1.1514753E-05  -7.6361904E-05   1.9197198E-03   9.2294616E-04   3.1540182E-04   1.7392362E-04   1.0932291E-04   2.5165495E-05   7.7311346E-05   1.0131717E-04   6.5827573E-05   4.7725115E-07   5.9418718E-07   3.6223767E-07   1.3848571E-06   3.9247718E-06   1.1687483E-05  -1.8358601E-09   4.7878918E-09
  1.2616827E-08  -7.0468995E-08   8.8348713E-08   1.0290037E-06   1.9682839E-06   3.2441712E-07   1.1238102E-09   5.0765403E-06  -8.1051782E-07   1.3720609E-05  -1.9438207E-04  -1.3326455E-04  -6.5208278E-05  -3.1883023E-05  -1.1709136E-05  -6.6332237E-06  -3.4676547E-06  -2.2867417E-05  -5.7819088E-05   1.8129781E-07  -1.5753309E-07  -1.3140486E-07  -5.0127157E-07   2.8827512E-08  -1.1769904E-06  -3.7603395E-09  -4.6695147E-09
  1.0923682E-06  -9.9330593E-06   1.0290037E-06   4.8190871E-04   9.3079151E-04   4.6801807E-05  -3.6210635E-06  -1.6320689E-02   4.9132818E-04   1.2814415E-03  -6.7052030E-02  -2.8364274E-02  -4.5461916E-03   7.0978991E-03  -5.8447930E-03  -1.5375095E-03  -3.0184262E-03  -5.2083472E-03  -2.1166934E-03   9.3451117E-06  -5.3252683E-06   1.5678506E-05  -3.5536576E-05  -3.6686691E-05  -1.0668911E-04   4.7672608E-08  -5.8281076E-07
  2.1080985E-06  -1.6972813E-05   1.9682839E-06   9.3079151E-04   1.8309291E-03   8.4188775E-05   5.0965503E-06  -3.2220028E-02   9.9934205E-04   2.1892679E-03  -1.2561168E-01  -5.3599298E-02  -6.3226321E-03   1.9958080E-02  -1.1811588E-02  -3.3244445E-03  -6.3983903E-03  -1.0955413E-02  -3.0898265E-03   1.8079327E-05  -1.0545049E-05   2.9604903E-05  -7.5563340E-05  -7.4438987E-05  -1.7328079E-04   2.7545062E-07  -1.1856676E-06
  2.3871241E-07  -3.0590648E-06   3.2441712E-07   4.6801807E-05   8.4188775E-05   1.7593081E-05  -1.7820802E-07  -5.3129512E-03   1.3470767E-04   8.6319135E-04  -2.7109260E-02  -8.5753997E-03   2.9972330E-04   4.3973686E-03  -2.0219558E-03   1.6074255E-04  -6.7842453E-04  -8.6348460E-04   7.6589157E-04  -1.3676914E-06  -1.5009498E-06  -9.9286718E-07  -4.5938876E-06  -8.9994613E-06  -4.5574182E-05  -7.5703754E-08  -9.1396731E-08
  1.2024659E-08  -4.1444826E-09   1.1238102E-09  -3.6210635E-06   5.0965503E-06  -1.7820802E-07   6.0932431E-06   5.3509970E-04   5.2514289E-07  -3.2232685E-05   3.4999154E-03   5.0704115E-04   4.4767875E-04   1.4389314E-03   9.5718280E-05   8.6100206E-06   2.1844345E-05  -2.5825961E-05   7.9015077E-04  -1.0440092E-06   9.7748535E-08  -1.8406242E-06  -2.2062339E-06  -2.8760789E-06   1.0560354E-05   1.9901627E-08  -1.0981780E-09
 -9.4908358E-05   2.7680624E-04   5.0765403E-06  -1.6320689E-02  -3.2220028E-02  -5.3129512E-03   5.3509970E-04   4.3575768E+01  -3.9838210E-01  -1.0130371E+00   3.6168697E+01   2.6674597E+00  -1.2362007E+01  -5.3716031E+01   8.6274541E-02   1.6354722E-01   4.6098315E-01  -5.8635001E+00  -3.2784262E+01  -1.4102276E-04   2.3132104E-03   2.4044388E-03   6.2350194E-04   1.3928428E-03   2.1785952E-02  -1.7770182E-04   7.4514196E-04
  2.7530934E-06  -1.1514753E-05  -8.1051782E-07   4.9132818E-04   9.9934205E-04   1.3470767E-04   5.2514289E-07  -3.9838210E-01   7.8004686E-02  -3.2669419E-02  -7.5643819E-01   8.9354060E-01   1.6808810E+00   6.6952509E-01   1.7390292E-02  -2.9698566E-03  -3.1152323E-04   1.0042432E-01   1.4560328E-01  -1.3646201E-04  -2.6305796E-05   9.4923119E-05   3.8767055E-04   8.2061893E-05   5.8273788E-04   7.0348729E-06  -1.7586358E-06
  1.3199800E-05  -7.6361904E-05   1.3720609E-05   1.2814415E-03   2.1892679E-03   8.6319135E-04  -3.2232685E-05  -1.0130371E+00  -3.2669419E-02   3.4957661E+00  -2.9082251E+01  -3.7998711E+00   6.3776994E+00   4.5385445E+00  -2.0479073E+00  -2.3280773E-01   1.3928674E-01   2.3610968E+00   2.9506328E+00  -3.5377372E-04  -7.3085479E-04  -1.4972217E-03  -2.0053320E-03   8.1373065E-04   2.0631011E-03   8.5724927E-05  -5.6486611E-05
 -4.0734538E-04   1.9197198E-03  -1.9438207E-04  -6.7052030E-02  -1.2561168E-01  -2.7109260E-02   3.4999154E-03   3.6168697E+01  -7.5643819E-01  -2.9082251E+01   7.8129617E+02   7.3061451E+01  -5.1133833E+01  -5.6311934E+01   1.1564925E+01  -5.6717980E+00   5.9487751E+00  -1.0966528E+01  -2.1954862E+01   1.4933182E-02   1.8971191E-02   4.8004877E-02   1.8726890E-02  -2.7486683E-02  -4.4003254E-02   3.7744933E-03   5.7117300E-04
 -2.3586546E-04   9.2294616E-04  -1.3326455E-04  -2.8364274E-02  -5.3599298E-02  -8.5753997E-03   5.0704115E-04   2.6674597E+00   8.9354060E-01  -3.7998711E+00   7.3061451E+01   6.0361591E+01   3.7478143E+01   1.2114747E+01  -3.3834116E+00  -4.7066276E-01  -9.8563276E-01   3.2626249E+00   3.8346112E+00  -2.1655169E-03   5.3361063E-03   1.9263979E-02   1.6190917E-02   9.5276297E-03   6.7140851E-02   6.0038743E-05   1.8865019E-04
 -7.7727917E-05   3.1540182E-04  -6.5208278E-05  -4.5461916E-03  -6.3226321E-03   2.9972330E-04   4.4767875E-04  -1.2362007E+01   1.6808810E+00   6.3776994E+00  -5.1133833E+01   3.7478143E+01   7.9715730E+01   4.8407693E+01  -9.0932778E+00  -8.4489050E-01  -4.5733675E-01   3.7998470E+00   6.4421110E+00  -3.6118570E-03   3.0122248E-03   1.1303152E-02   1.4848897E-02   5.0698286E-03   3.5926700E-02   3.8893344E-04  -3.7963202E-04
  3.0761765E-06   1.7392362E-04  -3.1883023E-05   7.0978991E-03   1.9958080E-02   4.3973686E-03   1.4389314E-03  -5.3716031E+01   6.6952509E-01   4.5385445E+00  -5.6311934E+01   1.2114747E+01   4.8407693E+01   9.8903878E+01  -7.2458859E+00  -6.9328665E-01  -8.6345425E-01   4.8825785E+00   3.1792805E+01  -1.9279219E-04   2.5895100E-04   1.9073576E-03   8.7728516E-03   2.5870932E-03  -8.0377197E-03   3.7082918E-04  -1.3896209E-03
 -2.9789757E-05   1.0932291E-04  -1.1709136E-05  -5.8447930E-03  -1.1811588E-02  -2.0219558E-03   9.5718280E-05   8.6274541E-02   1.7390292E-02  -2.0479073E+00   1.1564925E+01  -3.3834116E+00  -9.0932778E+00  -7.2458859E+00   4.4610397E+00   1.7730895E-01  -1.8189794E-01  -1.4914609E+00  -1.5449328E+00  -5.6128107E-05  -2.1969380E-05  -3.8858507E-03   1.2780923E-03   5.5911042E-04  -1.5719928E-03  -4.9467793E-05   2.0656602E-05
 -5.8049940E-06   2.5165495E-05  -6.6332237E-06  -1.5375095E-03  -3.3244445E-03   1.6074255E-04   8.6100206E-06   1.6354722E-01  -2.9698566E-03  -2.3280773E-01  -5.6717980E+00  -4.7066276E-01  -8.4489050E-01  -6.9328665E-01   1.7730895E-01   3.3958225E+00   6.2857681E-01   1.9106661E-01   1.9240472E-01   1.4858306E-03   8.0670771E-04  -1.7083868E-03   2.4388875E-04  -2.4178537E-03   4.0169074E-03   1.9021117E-04  -4.0760706E-06
 -1.7804867E-05   7.7311346E-05  -3.4676547E-06  -3.0184262E-03  -6.3983903E-03  -6.7842453E-04   2.1844345E-05   4.6098315E-01  -3.1152323E-04   1.3928674E-01   5.9487751E+00  -9.8563276E-01  -4.5733675E-01  -8.6345425E-01  -1.8189794E-01   6.2857681E-01   3.1599765E+00   2.6849199E+00   2.8367509E+00   1.5458311E-04  -6.3348336E-04   7.9728786E-04  -3.5748312E-04   5.1264535E-04   1.4989109E-02  -1.7766334E-04  -5.0538798E-05
 -2.8513776E-05   1.0131717E-04  -2.2867417E-05  -5.2083472E-03  -1.0955413E-02  -8.6348460E-04  -2.5825961E-05  -5.8635001E+00   1.0042432E-01   2.3610968E+00  -1.0966528E+01   3.2626249E+00   3.7998470E+00   4.8825785E+00  -1.4914609E+00   1.9106661E-01   2.6849199E+00   1.0671933E+01   1.9230444E+01  -1.0322806E-03  -1.3949013E-03   2.2393879E-03  -6.3973920E-04   3.6277809E-03   2.6651694E-02  -4.3902900E-05   3.8629783E-04
 -8.1577032E-06   6.5827573E-05  -5.7819088E-05  -2.1166934E-03  -3.0898265E-03   7.6589157E-04   7.9015077E-04  -3.2784262E+01   1.4560328E-01   2.9506328E+00  -2.1954862E+01   3.8346112E+00   6.4421110E+00   3.1792805E+01  -1.5449328E+00   1.9240472E-01   2.8367509E+00   1.9230444E+01   5.3272269E+01  -1.3129872E-03  -1.4330272E-03   4.2468069E-03  -3.1540598E-03   7.2476995E-04   2.0793962E-02   2.1777873E-05   8.5824287E-04
 -6.6140978E-08   4.7725115E-07   1.8129781E-07   9.3451117E-06   1.8079327E-05  -1.3676914E-06  -1.0440092E-06  -1.4102276E-04  -1.3646201E-04  -3.5377372E-04   1.4933182E-02  -2.1655169E-03  -3.6118570E-03  -1.9279219E-04  -5.6128107E-05   1.4858306E-03   1.5458311E-04  -1.0322806E-03  -1.3129872E-03   1.4370751E-03   2.7538299E-04   9.7905067E-05  -3.2417887E-04  -9.8054823E-05   3.8080544E-05  -2.5627140E-08  -2.2714152E-07
 -1.5661875E-07   5.9418718E-07  -1.5753309E-07  -5.3252683E-06  -1.0545049E-05  -1.5009498E-06   9.7748535E-08   2.3132104E-03  -2.6305796E-05  -7.3085479E-04   1.8971191E-02   5.3361063E-03   3.0122248E-03   2.5895100E-04  -2.1969380E-05   8.0670771E-04  -6.3348336E-04  -1.3949013E-03  -1.4330272E-03   2.7538299E-04   8.7309932E-04   2.9181788E-05   7.4890022E-04   4.9339908E-05  -7.6291566E-04   9.2709576E-08   3.9350567E-07
  5.8242532E-08   3.6223767E-07  -1.3140486E-07   1.5678506E-05   2.9604903E-05  -9.9286718E-07  -1.8406242E-06   2.4044388E-03   9.4923119E-05  -1.4972217E-03   4.8004877E-02   1.9263979E-02   1.1303152E-02   1.9073576E-03  -3.8858507E-03  -1.7083868E-03   7.9728786E-04   2.2393879E-03   4.2468069E-03   9.7905067E-05   2.9181788E-05   7.0194287E-03  -1.9780066E-04   6.7060237E-04   4.3649632E-03  -1.2312851E-07  -3.6912280E-07
 -4.3664317E-07   1.3848571E-06  -5.0127157E-07  -3.5536576E-05  -7.5563340E-05  -4.5938876E-06  -2.2062339E-06   6.2350194E-04   3.8767055E-04  -2.0053320E-03   1.8726890E-02   1.6190917E-02   1.4848897E-02   8.7728516E-03   1.2780923E-03   2.4388875E-04  -3.5748312E-04  -6.3973920E-04  -3.1540598E-03  -3.2417887E-04   7.4890022E-04  -1.9780066E-04   2.8832591E-03   5.6148955E-04  -1.1837633E-03   4.1640286E-07   5.8597315E-07
 -8.0560764E-07   3.9247718E-06   2.8827512E-08  -3.6686691E-05  -7.4438987E-05  -8.9994613E-06  -2.8760789E-06   1.3928428E-03   8.2061893E-05   8.1373065E-04  -2.7486683E-02   9.5276297E-03   5.0698286E-03   2.5870932E-03   5.5911042E-04  -2.4178537E-03   5.1264535E-04   3.6277809E-03   7.2476995E-04  -9.8054823E-05   4.9339908E-05   6.7060237E-04   5.6148955E-04   6.3904849E-03   7.8721176E-03  -1.0198619E-06  -5.2987080E-07
 -2.5169178E-06   1.1687483E-05  -1.1769904E-06  -1.0668911E-04  -1.7328079E-04  -4.5574182E-05   1.0560354E-05   2.1785952E-02   5.8273788E-04   2.0631011E-03  -4.4003254E-02   6.7140851E-02   3.5926700E-02  -8.0377197E-03  -1.5719928E-03   4.0169074E-03   1.4989109E-02   2.6651694E-02   2.0793962E-02   3.8080544E-05  -7.6291566E-04   4.3649632E-03  -1.1837633E-03   7.8721176E-03   7.1459826E-02  -6.9998952E-07  -3.8039163E-06
  2.4512750E-09  -1.8358601E-09  -3.7603395E-09   4.7672608E-08   2.7545062E-07  -7.5703754E-08   1.9901627E-08  -1.7770182E-04   7.0348729E-06   8.5724927E-05   3.7744933E-03   6.0038743E-05   3.8893344E-04   3.7082918E-04  -4.9467793E-05   1.9021117E-04  -1.7766334E-04  -4.3902900E-05   2.1777873E-05  -2.5627140E-08   9.2709576E-08  -1.2312851E-07   4.1640286E-07  -1.0198619E-06  -6.9998952E-07   3.7873188E-07   1.1535469E-09
 -2.9334961E-09   4.7878918E-09  -4.6695147E-09  -5.8281076E-07  -1.1856676E-06  -9.1396731E-08  -1.0981780E-09   7.4514196E-04  -1.7586358E-06  -5.6486611E-05   5.7117300E-04   1.8865019E-04  -3.7963202E-04  -1.3896209E-03   2.0656602E-05  -4.0760706E-06  -5.0538798E-05   3.8629783E-04   8.5824287E-04  -2.2714152E-07   3.9350567E-07  -3.6912280E-07   5.8597315E-07  -5.2987080E-07  -3.8039163E-06   1.1535469E-09   3.7726217E-07
