# omegabh2 omegach2 theta tau mnu logA ns calPlanck aps100 aps143 aps217 acib217 asz143 psr cibr xi aksz dust100 dust143 dust217 dust143x217 cal0 cal2 calTE calEE
  2.8442317E-08  -1.2664336E-07   2.4850895E-08   2.2192370E-07  -7.5975429E-06   2.6392219E-07   3.9036411E-07   1.1288859E-08  -4.0812085E-04  -3.2507512E-04   1.0952448E-04  -1.5938872E-04   2.0908201E-05   1.1005193E-06  -2.7393847E-06   6.1463608E-07  -4.4251320E-05   1.4786144E-07  -4.0319061E-07   9.3698646E-07   6.6602919E-08   4.4594919E-09  -1.0110796E-08  -1.1672117E-07  -2.5325158E-07
 -1.2664336E-07   1.9185084E-06  -1.9553910E-07  -1.9405273E-06   4.0769021E-05   3.3443833E-07  -4.5113416E-06  -8.5517893E-08   8.2129010E-04   1.2861734E-03  -6.3813711E-05   5.2644336E-04  -5.4381954E-05  -8.3076842E-07   1.0037197E-05   8.9991413E-07   8.4704145E-05   1.2266734E-06   6.3385562E-07  -5.4352247E-06  -4.1192146E-06  -4.0234149E-08   2.2731736E-09  -1.8598678E-07  -5.9750015E-07
  2.4850895E-08  -1.9553910E-07   1.1303167E-07   3.3072533E-07  -1.3679460E-05   3.9856618E-07   6.2123599E-07   2.2190069E-08  -9.4863600E-05  -2.2367942E-04  -2.9235667E-05  -4.9204714E-05   4.4841734E-07   9.4626675E-08  -1.2820389E-06   2.7012766E-07  -1.5324534E-05  -4.9754065E-07  -7.2521114E-07   1.9043412E-07  -4.2706531E-07   3.9631058E-09   5.4938591E-09  -1.0023646E-07   1.5990599E-08
  2.2192370E-07  -1.9405273E-06   3.3072533E-07   4.3629418E-05   1.1334268E-05   8.3255653E-05   6.8245048E-06   1.9894033E-07  -9.4488454E-03  -3.0600420E-03   4.2956575E-03  -3.2031344E-03   3.8116891E-04   3.4186938E-05  -7.5880104E-05   2.5321902E-05  -1.0074280E-03  -4.6032274E-07  -2.0810674E-05   1.4179674E-05   5.2923787E-06  -2.2921571E-08  -4.0603693E-07  -2.8012460E-06  -1.3799634E-06
 -7.5975429E-06   4.0769021E-05  -1.3679460E-05   1.1334268E-05   1.5749121E-02   4.9655967E-05  -1.6203180E-04   5.5194070E-07   2.1784598E-01   1.2310032E-01  -5.1477125E-02   6.9187102E-02  -2.1866774E-03  -5.5403745E-04   1.7049626E-03  -9.3047440E-04   1.5774586E-02  -2.4228191E-04   4.6561081E-04  -2.8537140E-04  -5.0480760E-05  -6.6169862E-07   3.4067205E-06   9.0488234E-05   3.1417813E-05
  2.6392219E-07   3.3443833E-07   3.9856618E-07   8.3255653E-05   4.9655967E-05   1.9547960E-04   2.8617590E-06   1.2023499E-05  -1.1745658E-02  -1.6820153E-03   1.7797474E-02  -7.4058329E-03   7.3811715E-04   1.0048200E-04  -1.9725307E-04   1.1294994E-04  -2.9646580E-03  -2.2242622E-05  -1.4701743E-04   4.3634425E-05  -5.9197965E-06   6.5633326E-07  -8.9719810E-07  -6.7398833E-06  -2.2289317E-06
  3.9036411E-07  -4.5113416E-06   6.2123599E-07   6.8245048E-06  -1.6203180E-04   2.8617590E-06   2.1221084E-05   4.2453481E-07  -2.3320525E-02  -9.3196744E-03   9.6024211E-03  -7.1561983E-03   5.6085554E-04   6.2460849E-05  -1.3766787E-04   4.4834135E-05  -2.1636596E-03   1.0252884E-05  -3.3470710E-05   3.7185107E-05  -7.8193854E-06  -2.4923750E-07  -3.7661583E-07  -5.1644703E-07  -2.4315582E-06
  1.1288859E-08  -8.5517893E-08   2.2190069E-08   1.9894033E-07   5.5194070E-07   1.2023499E-05   4.2453481E-07   5.9083837E-06   3.4118593E-03   6.7097599E-04   1.8194924E-03   2.6348860E-04   5.9394480E-06   1.3195682E-06  -5.6340357E-06   9.2066616E-06  -3.6448751E-05  -2.5480859E-06  -5.3805039E-06   7.1927962E-06   2.7820829E-06   7.0465766E-08  -4.1911293E-08  -3.7682679E-07  -9.4146627E-08
 -4.0812085E-04   8.2129010E-04  -9.4863600E-05  -9.4488454E-03   2.1784598E-01  -1.1745658E-02  -2.3320525E-02   3.4118593E-03   6.0583091E+02   5.9684455E+01  -5.6487331E+01   2.8940457E+01  -2.5488603E+01  -8.1012817E-01  -1.6690734E-01  -1.5576647E-01   1.1396504E+01  -2.0373761E-01   2.3695814E-01  -2.0016284E-01  -1.6023110E-01   6.6892641E-03   3.3647811E-03   2.8257154E-03   8.3607662E-03
 -3.2507512E-04   1.2861734E-03  -2.2367942E-04  -3.0600420E-03   1.2310032E-01  -1.6820153E-03  -9.3196744E-03   6.7097599E-04   5.9684455E+01   6.7175693E+01   8.5394266E+00   7.1253774E+00  -3.7839797E-01  -2.9742535E-02   4.8051293E-01   8.6127492E-01  -8.3882239E+00  -3.2687153E-02  -2.3662406E-01   4.8422578E-02   5.1087204E-02   8.5175329E-04   7.7213193E-04   3.1187358E-03   4.5985284E-03
  1.0952448E-04  -6.3813711E-05  -2.9235667E-05   4.2956575E-03  -5.1477125E-02   1.7797474E-02   9.6024211E-03   1.8194924E-03  -5.6487331E+01   8.5394266E+00   1.7665717E+02  -8.3468313E+01   2.5689662E+00   3.5559018E-01  -1.0436126E+00   3.2588938E-01  -7.6673435E+00  -2.8060675E-02  -3.2218118E-01   5.5037213E-01  -3.8960942E-02   1.7363304E-03  -7.4542450E-03   2.7763617E-03   1.1724766E-03
 -1.5938872E-04   5.2644336E-04  -4.9204714E-05  -3.2031344E-03   6.9187102E-02  -7.4058329E-03  -7.1561983E-03   2.6348860E-04   2.8940457E+01   7.1253774E+00  -8.3468313E+01   5.2096013E+01   1.8019235E+00  -5.3633077E-02   7.2731750E-01  -2.4594723E-01  -2.6708918E+00   1.2916611E-02   1.8347140E-01  -4.4757528E-01  -9.5457383E-02  -6.0511540E-04   2.9787506E-03  -4.8902998E-04   7.5034437E-04
  2.0908201E-05  -5.4381954E-05   4.4841734E-07   3.8116891E-04  -2.1866774E-03   7.3811715E-04   5.6085554E-04   5.9394480E-06  -2.5488603E+01  -3.7839797E-01   2.5689662E+00   1.8019235E+00   4.3370038E+00   1.0106898E-01   1.5108721E-01  -3.7080949E-02  -3.5456664E+00  -2.4223889E-03  -5.9932324E-03   6.8825631E-03   5.2620486E-02   4.3278585E-04  -2.3117558E-04  -3.3645922E-05  -3.0198865E-04
  1.1005193E-06  -8.3076842E-07   9.4626675E-08   3.4186938E-05  -5.5403745E-04   1.0048200E-04   6.2460849E-05   1.3195682E-06  -8.1012817E-01  -2.9742535E-02   3.5559018E-01  -5.3633077E-02   1.0106898E-01   1.6407676E-02  -1.6981441E-02   1.1580998E-02  -1.0319521E-01   2.5770249E-04  -1.3269697E-03  -2.7310205E-03   5.0985365E-03   1.9092128E-05  -4.1239903E-05   1.1119536E-05   4.9190675E-06
 -2.7393847E-06   1.0037197E-05  -1.2820389E-06  -7.5880104E-05   1.7049626E-03  -1.9725307E-04  -1.3766787E-04  -5.6340357E-06  -1.6690734E-01   4.8051293E-01  -1.0436126E+00   7.2731750E-01   1.5108721E-01  -1.6981441E-02   6.8041145E-02   4.8652185E-03  -1.5681295E-01  -1.3570507E-04   7.4978214E-03   1.9769144E-04  -1.7077307E-02  -1.1698839E-05   1.0251925E-04  -2.1219534E-05  -2.2217131E-05
  6.1463608E-07   8.9991413E-07   2.7012766E-07   2.5321902E-05  -9.3047440E-04   1.1294994E-04   4.4834135E-05   9.2066616E-06  -1.5576647E-01   8.6127492E-01   3.2588938E-01  -2.4594723E-01  -3.7080949E-02   1.1580998E-02   4.8652185E-03   8.1506243E-02   4.0590999E-02  -1.0894924E-05   2.0944737E-04   1.0456104E-03   5.5841635E-04   1.6301212E-05  -8.7243497E-06   6.9531926E-06   8.3103897E-06
 -4.4251320E-05   8.4704145E-05  -1.5324534E-05  -1.0074280E-03   1.5774586E-02  -2.9646580E-03  -2.1636596E-03  -3.6448751E-05   1.1396504E+01  -8.3882239E+00  -7.6673435E+00  -2.6708918E+00  -3.5456664E+00  -1.0319521E-01  -1.5681295E-01   4.0590999E-02   7.5161745E+00  -6.0404592E-04   1.7894321E-03  -1.2873362E-03  -4.2853719E-02  -3.4905205E-04   9.2116256E-05  -3.5574146E-04   3.9088893E-05
  1.4786144E-07   1.2266734E-06  -4.9754065E-07  -4.6032274E-07  -2.4228191E-04  -2.2242622E-05   1.0252884E-05  -2.5480859E-06  -2.0373761E-01  -3.2687153E-02  -2.8060675E-02   1.2916611E-02  -2.4223889E-03   2.5770249E-04  -1.3570507E-04  -1.0894924E-05  -6.0404592E-04   3.7841172E-02   2.8727254E-03  -1.0478510E-04   7.0582407E-04   3.7544183E-05  -5.4297986E-06  -1.1502301E-05  -1.5821263E-05
 -4.0319061E-07   6.3385562E-07  -7.2521114E-07  -2.0810674E-05   4.6561081E-04  -1.4701743E-04  -3.3470710E-05  -5.3805039E-06   2.3695814E-01  -2.3662406E-01  -3.2218118E-01   1.8347140E-01  -5.9932324E-03  -1.3269697E-03   7.4978214E-03   2.0944737E-04   1.7894321E-03   2.8727254E-03   3.1188639E-02  -8.0646098E-04   5.1840717E-03  -8.2130188E-05  -4.0342916E-05  -8.2139821E-05  -8.3271852E-05
  9.3698646E-07  -5.4352247E-06   1.9043412E-07   1.4179674E-05  -2.8537140E-04   4.3634425E-05   3.7185107E-05   7.1927962E-06  -2.0016284E-01   4.8422578E-02   5.5037213E-01  -4.4757528E-01   6.8825631E-03  -2.7310205E-03   1.9769144E-04   1.0456104E-03  -1.2873362E-03  -1.0478510E-04  -8.0646098E-04   1.0670787E-02   8.1037899E-03   4.2412873E-06   6.5385875E-05   8.9992242E-06  -3.8791071E-06
  6.6602919E-08  -4.1192146E-06  -4.2706531E-07   5.2923787E-06  -5.0480760E-05  -5.9197965E-06  -7.8193854E-06   2.7820829E-06  -1.6023110E-01   5.1087204E-02  -3.8960942E-02  -9.5457383E-02   5.2620486E-02   5.0985365E-03  -1.7077307E-02   5.5841635E-04  -4.2853719E-02   7.0582407E-04   5.1840717E-03   8.1037899E-03   2.5605691E-02  -2.9008897E-06   5.5236658E-05  -6.3594043E-06  -1.0004598E-06
  4.4594919E-09  -4.0234149E-08   3.9631058E-09  -2.2921571E-08  -6.6169862E-07   6.5633326E-07  -2.4923750E-07   7.0465766E-08   6.6892641E-03   8.5175329E-04   1.7363304E-03  -6.0511540E-04   4.3278585E-04   1.9092128E-05  -1.1698839E-05   1.6301212E-05  -3.4905205E-04   3.7544183E-05  -8.2130188E-05   4.2412873E-06  -2.9008897E-06   1.1137821E-06   3.9916779E-08   3.9718420E-07   6.5566267E-07
 -1.0110796E-08   2.2731736E-09   5.4938591E-09  -4.0603693E-07   3.4067205E-06  -8.9719810E-07  -3.7661583E-07  -4.1911293E-08   3.3647811E-03   7.7213193E-04  -7.4542450E-03   2.9787506E-03  -2.3117558E-04  -4.1239903E-05   1.0251925E-04  -8.7243497E-06   9.2116256E-05  -5.4297986E-06  -4.0342916E-05   6.5385875E-05   5.5236658E-05   3.9916779E-08   2.4663965E-06   3.9348981E-07   2.7594242E-07
 -1.1672117E-07  -1.8598678E-07  -1.0023646E-07  -2.8012460E-06   9.0488234E-05  -6.7398833E-06  -5.1644703E-07  -3.7682679E-07   2.8257154E-03   3.1187358E-03   2.7763617E-03  -4.8902998E-04  -3.3645922E-05   1.1119536E-05  -2.1219534E-05   6.9531926E-06  -3.5574146E-04  -1.1502301E-05  -8.2139821E-05   8.9992242E-06  -6.3594043E-06   3.9718420E-07   3.9348981E-07   2.4620146E-05   8.1934077E-06
 -2.5325158E-07  -5.9750015E-07   1.5990599E-08  -1.3799634E-06   3.1417813E-05  -2.2289317E-06  -2.4315582E-06  -9.4146627E-08   8.3607662E-03   4.5985284E-03   1.1724766E-03   7.5034437E-04  -3.0198865E-04   4.9190675E-06  -2.2217131E-05   8.3103897E-06   3.9088893E-05  -1.5821263E-05  -8.3271852E-05  -3.8791071E-06  -1.0004598E-06   6.5566267E-07   2.7594242E-07   8.1934077E-06   2.3734943E-05
