# omegabh2 omegach2 theta tau alpha1 logA ns calPlanck acib217 xi asz143 aps100 aps143 aps143217 aps217 aksz kgal100 kgal143 kgal143217 kgal217 galfEE100 galfEE100143 galfEE100217 galfEE143 galfEE143217 galfEE217 galfTE100 galfTE100143 galfTE100217 galfTE143 galfTE143217 galfTE217 cal0 cal2
    0.2157428E-07   -0.4981287E-07    0.4866318E-08    0.5246167E-06   -0.2368820E-07    0.1096562E-05    0.6051947E-07    0.2197148E-07   -0.8980994E-04    0.2704628E-05    0.2223187E-04   -0.2994570E-03   -0.1692876E-03   -0.5262002E-05    0.4665247E-04   -0.3494867E-04   -0.5202999E-06   -0.2113579E-05   -0.2355127E-05    0.9323620E-05    0.3644101E-07    0.6439039E-07   -0.1709067E-07    0.5525158E-07    0.1156094E-06    0.4897844E-06    0.6190093E-07    0.5832763E-07    0.6489478E-07   -0.1076602E-06   -0.2117589E-06   -0.1458655E-05    0.5443298E-08   -0.1146388E-07
   -0.4981287E-07    0.1181168E-05   -0.1316852E-06   -0.6523533E-05   -0.2042870E-06   -0.1014576E-04   -0.3584564E-05   -0.1596986E-06    0.2409240E-03   -0.8629608E-05   -0.1554713E-03    0.1897135E-02    0.6609425E-03   -0.9891665E-04   -0.1305311E-03    0.1864598E-03    0.2412246E-04   -0.1574710E-04   -0.1537388E-03   -0.2168398E-03   -0.3127446E-06   -0.1932356E-06   -0.1204090E-06   -0.2205134E-06   -0.5657717E-06   -0.3445560E-06    0.3883484E-06   -0.4856278E-07    0.5953804E-06   -0.7020694E-06    0.8257911E-06    0.4746689E-05   -0.6808515E-08    0.6961349E-08
    0.4866318E-08   -0.1316852E-06    0.1284548E-06    0.8472967E-06    0.1137705E-06    0.1310958E-05    0.8348572E-06    0.2448267E-07   -0.8237653E-04   -0.2625866E-07    0.7964860E-05   -0.2871104E-03   -0.1003784E-03    0.2453882E-04    0.1417323E-03   -0.2587245E-04   -0.1217313E-04    0.5311959E-05   -0.2238748E-05    0.3665797E-04   -0.4410794E-07   -0.1278902E-06   -0.3034753E-06   -0.1391308E-06    0.5342776E-07   -0.5046201E-06   -0.1103550E-06   -0.1870341E-06   -0.4228040E-06    0.1909800E-06   -0.9336132E-06   -0.2304965E-05   -0.7933288E-08    0.1738110E-08
    0.5246167E-06   -0.6523533E-05    0.8472967E-06    0.1455736E-03   -0.2667038E-06    0.2666090E-03    0.2192802E-04   -0.3430282E-05   -0.3702780E-02    0.9778120E-04    0.1645765E-02   -0.2733316E-01   -0.1123229E-01   -0.2129518E-02   -0.7960153E-03   -0.1726596E-02   -0.5375313E-04   -0.3012683E-03    0.7494153E-03    0.3023818E-04    0.2796486E-05    0.2720628E-05   -0.1407962E-05    0.1432367E-05    0.1387379E-04   -0.4438148E-04    0.4726659E-05    0.3431785E-05    0.1663983E-04   -0.7091358E-05   -0.7342855E-06   -0.3821197E-04   -0.6034083E-07   -0.6471026E-06
   -0.2368820E-07   -0.2042870E-06    0.1137705E-06   -0.2667038E-06    0.4048654E-06   -0.1527590E-05    0.1581944E-05    0.2626555E-07   -0.1302401E-03   -0.7704724E-06    0.1090729E-04   -0.3244998E-03   -0.1321065E-04    0.1441290E-03    0.2832466E-03   -0.5637736E-04   -0.2138442E-04    0.3150359E-04    0.5297476E-04    0.1843240E-03   -0.2395591E-06   -0.3373491E-06   -0.2011341E-06   -0.4351523E-06    0.3121497E-06   -0.3957147E-06   -0.4531286E-06   -0.6481166E-07    0.2911806E-06    0.1624777E-06   -0.9734752E-06    0.2110278E-05   -0.1378603E-07    0.1719009E-07
    0.1096562E-05   -0.1014576E-04    0.1310958E-05    0.2666090E-03   -0.1527590E-05    0.5200229E-03    0.3125832E-04    0.4973023E-05   -0.6739403E-02    0.2024737E-03    0.2930431E-02   -0.4865294E-01   -0.1905647E-01   -0.2405117E-02    0.3322662E-02   -0.3681078E-02   -0.4214652E-03   -0.1265158E-02    0.4353141E-03    0.5326248E-03    0.5832261E-05    0.5428521E-05   -0.2582500E-05    0.4397504E-05    0.2723991E-04   -0.7058442E-04    0.8136266E-05    0.8646769E-05    0.3208055E-04   -0.6548794E-05    0.3744906E-06   -0.5870749E-04   -0.2504835E-08   -0.1473149E-05
    0.6051947E-07   -0.3584564E-05    0.8348572E-06    0.2192802E-04    0.1581944E-05    0.3125832E-04    0.2320625E-04    0.2612634E-06   -0.4621919E-02    0.1122841E-03    0.1118685E-02   -0.2274812E-01   -0.6064878E-02    0.3243119E-02    0.6141670E-02   -0.2462191E-02    0.1207393E-03    0.8481319E-04   -0.2022689E-03    0.6506789E-03    0.1591533E-05    0.6041779E-06   -0.9539584E-06    0.2734662E-06    0.3167596E-05   -0.9763524E-05   -0.2074319E-05    0.1887799E-05   -0.3584518E-05    0.2704192E-05   -0.6856011E-05    0.1303532E-05   -0.2077806E-06   -0.3334337E-06
    0.2197148E-07   -0.1596986E-06    0.2448267E-07   -0.3430282E-05    0.2626555E-07    0.4973023E-05    0.2612634E-06    0.6063676E-05    0.8612808E-03   -0.1334173E-04    0.1533207E-04    0.1854901E-02    0.6563465E-03    0.6059875E-04    0.1098510E-02   -0.2876543E-04   -0.1071384E-03   -0.3682255E-04   -0.8673602E-04    0.5634024E-03    0.5519224E-06    0.1145665E-06    0.5705809E-06    0.1005062E-05    0.1738893E-05    0.9270483E-05   -0.1603220E-05    0.8730455E-06   -0.1655107E-05    0.4610337E-05   -0.6263248E-06    0.8012746E-05   -0.4306918E-07   -0.3167378E-07
   -0.8980994E-04    0.2409240E-03   -0.8237653E-04   -0.3702780E-02   -0.1302401E-03   -0.6739403E-02   -0.4621919E-02    0.8612808E-03    0.4280133E+02   -0.5158235E+00   -0.1614901E+01    0.3817623E+02   -0.9942479E+00   -0.2284849E+02   -0.6154689E+02    0.3244357E+00    0.3178570E-01   -0.1859869E+00   -0.2100171E+01   -0.1774720E+02   -0.1020766E-02   -0.5415733E-03   -0.4700922E-02    0.4036071E-03    0.1363473E-02   -0.1102298E-01   -0.3546182E-02   -0.2101767E-02   -0.8267862E-03   -0.8289747E-02   -0.1480020E-02   -0.4411709E-01   -0.2227252E-03    0.4496871E-02
    0.2704628E-05   -0.8629608E-05   -0.2625866E-07    0.9778120E-04   -0.7704724E-06    0.2024737E-03    0.1122841E-03   -0.1334173E-04   -0.5158235E+00    0.8016434E-01   -0.6905173E-01   -0.7189842E+00    0.1039600E+01    0.1930005E+01    0.8330079E+00    0.6841921E-01   -0.1035808E-01    0.1422284E-01    0.9884110E-01    0.9269599E-01    0.2701967E-04   -0.1189648E-04   -0.1368865E-03    0.9599512E-05    0.1354803E-03   -0.3168441E-03   -0.1027655E-03    0.2204869E-03   -0.6465145E-03    0.4699301E-03    0.5869049E-03   -0.4011473E-03    0.1471657E-05   -0.1911913E-04
    0.2223187E-04   -0.1554713E-03    0.7964860E-05    0.1645765E-02    0.1090729E-04    0.2930431E-02    0.1118685E-02    0.1533207E-04   -0.1614901E+01   -0.6905173E-01    0.3612677E+01   -0.2637085E+02   -0.3112441E+01    0.7572928E+01    0.6579832E+01   -0.2529279E+01   -0.1184524E+00    0.8472847E-01    0.2484816E+01    0.2294992E+01    0.3188698E-03    0.2454534E-03    0.1075533E-02    0.2277778E-03   -0.1754765E-02    0.3229659E-02    0.1580830E-02   -0.2130466E-03    0.2671313E-03   -0.2410458E-02   -0.3090181E-02   -0.4529109E-02    0.1956590E-03   -0.3715958E-03
   -0.2994570E-03    0.1897135E-02   -0.2871104E-03   -0.2733316E-01   -0.3244998E-03   -0.4865294E-01   -0.2274812E-01    0.1854901E-02    0.3817623E+02   -0.7189842E+00   -0.2637085E+02    0.7226153E+03    0.5675441E+02   -0.6004125E+02   -0.6228402E+02    0.9591320E+01   -0.5708712E+01    0.2285668E+01   -0.1226435E+02   -0.1832829E+02   -0.3311354E-02   -0.2595744E-02   -0.1161665E-01   -0.4459924E-02   -0.1774545E-01   -0.9342383E-01   -0.1282715E-01   -0.9042542E-02    0.3851106E-01   -0.1528780E-01    0.1910760E-01    0.7765312E-01    0.5976337E-02    0.2933728E-02
   -0.1692876E-03    0.6609425E-03   -0.1003784E-03   -0.1123229E-01   -0.1321065E-04   -0.1905647E-01   -0.6064878E-02    0.6563465E-03   -0.9942479E+00    0.1039600E+01   -0.3112441E+01    0.5675441E+02    0.5920450E+02    0.4647799E+02    0.2046546E+02   -0.5020752E+01   -0.5613124E+00   -0.1367032E+01    0.3388826E+01    0.3295450E+01   -0.5918339E-03   -0.1765178E-02   -0.5356857E-02   -0.1145223E-02   -0.6210440E-02   -0.2397620E-01   -0.9056054E-02   -0.2604431E-02   -0.1894051E-01   -0.4258796E-02    0.1413742E-01    0.1430277E-01    0.8942836E-04    0.4680621E-04
   -0.5262002E-05   -0.9891665E-04    0.2453882E-04   -0.2129518E-02    0.1441290E-03   -0.2405117E-02    0.3243119E-02    0.6059875E-04   -0.2284849E+02    0.1930005E+01    0.7572928E+01   -0.6004125E+02    0.4647799E+02    0.1007915E+03    0.6998356E+02   -0.1164138E+02   -0.8083530E+00   -0.3017844E+00    0.4889179E+01    0.5544607E+01    0.1011908E-02   -0.7782402E-03   -0.4577765E-02    0.1603716E-03   -0.1338860E-01   -0.5491938E-02   -0.3028962E-02   -0.1723733E-03   -0.2751586E-01   -0.5326370E-02    0.1164220E-01    0.1695341E-01    0.6359353E-03   -0.2690135E-02
    0.4665247E-04   -0.1305311E-03    0.1417323E-03   -0.7960153E-03    0.2832466E-03    0.3322662E-02    0.6141670E-02    0.1098510E-02   -0.6154689E+02    0.8330079E+00    0.6579832E+01   -0.6228402E+02    0.2046546E+02    0.6998356E+02    0.1240533E+03   -0.1003688E+02   -0.5846265E+00   -0.1684966E+00   -0.4131613E+00    0.1429061E+02    0.1505558E-02   -0.1485908E-03    0.2272499E-02   -0.5215665E-03   -0.1313754E-01    0.1422874E-01    0.6504455E-02    0.5283373E-03   -0.7144559E-02   -0.1526181E-03    0.3470253E-02    0.1099981E+00    0.5904820E-03   -0.8055187E-02
   -0.3494867E-04    0.1864598E-03   -0.2587245E-04   -0.1726596E-02   -0.5637736E-04   -0.3681078E-02   -0.2462191E-02   -0.2876543E-04    0.3244357E+00    0.6841921E-01   -0.2529279E+01    0.9591320E+01   -0.5020752E+01   -0.1164138E+02   -0.1003688E+02    0.5709578E+01    0.9064932E-01   -0.1624131E-01   -0.1865407E+01   -0.1517387E+01   -0.3543027E-03   -0.2958437E-03    0.1189268E-02   -0.1947403E-03    0.4017705E-02    0.4554246E-02   -0.1406699E-02    0.6864560E-03   -0.8282822E-04    0.5863600E-02    0.2031232E-02   -0.6238961E-02   -0.1305836E-03    0.1969887E-03
   -0.5202999E-06    0.2412246E-04   -0.1217313E-04   -0.5375313E-04   -0.2138442E-04   -0.4214652E-03    0.1207393E-03   -0.1071384E-03    0.3178570E-01   -0.1035808E-01   -0.1184524E+00   -0.5708712E+01   -0.5613124E+00   -0.8083530E+00   -0.5846265E+00    0.9064932E-01    0.3548329E+01    0.4018906E+00    0.1763802E-01    0.5019600E-01    0.2866244E-04    0.1204242E-03    0.9168479E-03    0.2082954E-03    0.1643923E-02    0.2050648E-02    0.5649960E-03    0.1285289E-02   -0.7491593E-04    0.4781225E-03    0.6390390E-03   -0.7132271E-02    0.2834540E-03   -0.1249239E-04
   -0.2113579E-05   -0.1574710E-04    0.5311959E-05   -0.3012683E-03    0.3150359E-04   -0.1265158E-02    0.8481319E-04   -0.3682255E-04   -0.1859869E+00    0.1422284E-01    0.8472847E-01    0.2285668E+01   -0.1367032E+01   -0.3017844E+00   -0.1684966E+00   -0.1624131E-01    0.4018906E+00    0.3324970E+01    0.2627111E+01    0.2004641E+01    0.1937675E-03   -0.5025389E-04    0.9540115E-03    0.1961016E-03    0.2719766E-02    0.2152158E-02    0.9468528E-03    0.6885254E-03   -0.1924603E-02    0.1431961E-02    0.3363082E-02    0.7043497E-02   -0.2903259E-03   -0.1544322E-03
   -0.2355127E-05   -0.1537388E-03   -0.2238748E-05    0.7494153E-03    0.5297476E-04    0.4353141E-03   -0.2022689E-03   -0.8673602E-04   -0.2100171E+01    0.9884110E-01    0.2484816E+01   -0.1226435E+02    0.3388826E+01    0.4889179E+01   -0.4131613E+00   -0.1865407E+01    0.1763802E-01    0.2627111E+01    0.1711875E+02    0.2556873E+02    0.5776083E-03    0.2068096E-03    0.1059090E-02    0.4133308E-03    0.4327838E-02   -0.8095339E-02    0.1761527E-02   -0.4963095E-04   -0.1076188E-02    0.7928965E-03   -0.4164222E-02   -0.6585150E-02    0.2421405E-05    0.2495538E-02
    0.9323620E-05   -0.2168398E-03    0.3665797E-04    0.3023818E-04    0.1843240E-03    0.5326248E-03    0.6506789E-03    0.5634024E-03   -0.1774720E+02    0.9269599E-01    0.2294992E+01   -0.1832829E+02    0.3295450E+01    0.5544607E+01    0.1429061E+02   -0.1517387E+01    0.5019600E-01    0.2004641E+01    0.2556873E+02    0.5373167E+02    0.1184038E-02    0.8288662E-03    0.2703593E-02    0.6970579E-03    0.5347186E-02   -0.1123871E-01    0.1801479E-02   -0.1233163E-02    0.5057651E-02    0.5196702E-02   -0.8062453E-02    0.8406887E-02    0.5431946E-04    0.4467697E-02
    0.3644101E-07   -0.3127446E-06   -0.4410794E-07    0.2796486E-05   -0.2395591E-06    0.5832261E-05    0.1591533E-05    0.5519224E-06   -0.1020766E-02    0.2701967E-04    0.3188698E-03   -0.3311354E-02   -0.5918339E-03    0.1011908E-02    0.1505558E-02   -0.3543027E-03    0.2866244E-04    0.1937675E-03    0.5776083E-03    0.1184038E-02    0.3169385E-04    0.8337568E-05    0.1713700E-06    0.4444009E-05   -0.2160617E-05   -0.2598368E-04   -0.1353473E-05   -0.3845900E-06    0.2984200E-06    0.5962812E-05   -0.2200629E-05    0.9775824E-05   -0.1083568E-06    0.6583065E-07
    0.6439039E-07   -0.1932356E-06   -0.1278902E-06    0.2720628E-05   -0.3373491E-06    0.5428521E-05    0.6041779E-06    0.1145665E-06   -0.5415733E-03   -0.1189648E-04    0.2454534E-03   -0.2595744E-02   -0.1765178E-02   -0.7782402E-03   -0.1485908E-03   -0.2958437E-03    0.1204242E-03   -0.5025389E-04    0.2068096E-03    0.8288662E-03    0.8337568E-05    0.2449535E-04    0.7410238E-06    0.1246112E-04    0.2603871E-05   -0.5240968E-05    0.6034706E-05   -0.5842008E-06    0.6424127E-05   -0.7942175E-06    0.5555397E-06   -0.1199837E-04    0.1099755E-07    0.5303623E-07
   -0.1709067E-07   -0.1204090E-06   -0.3034753E-06   -0.1407962E-05   -0.2011341E-06   -0.2582500E-05   -0.9539584E-06    0.5705809E-06   -0.4700922E-02   -0.1368865E-03    0.1075533E-02   -0.1161665E-01   -0.5356857E-02   -0.4577765E-02    0.2272499E-02    0.1189268E-02    0.9168479E-03    0.9540115E-03    0.1059090E-02    0.2703593E-02    0.1713700E-06    0.7410238E-06    0.1034643E-02   -0.3204302E-05   -0.5249592E-04    0.9323951E-04   -0.1943913E-04    0.1345495E-04   -0.1098496E-03    0.1598213E-04   -0.2717883E-05    0.1933003E-04    0.5981224E-06   -0.9505203E-06
    0.5525158E-07   -0.2205134E-06   -0.1391308E-06    0.1432367E-05   -0.4351523E-06    0.4397504E-05    0.2734662E-06    0.1005062E-05    0.4036071E-03    0.9599512E-05    0.2277778E-03   -0.4459924E-02   -0.1145223E-02    0.1603716E-03   -0.5215665E-03   -0.1947403E-03    0.2082954E-03    0.1961016E-03    0.4133308E-03    0.6970579E-03    0.4444009E-05    0.1246112E-04   -0.3204302E-05    0.4766004E-04    0.1621524E-05    0.5903296E-05    0.3867136E-05   -0.3778290E-05    0.1879556E-04   -0.4067322E-05    0.7386287E-05    0.3158189E-05   -0.2742198E-07    0.1973576E-06
    0.1156094E-06   -0.5657717E-06    0.5342776E-07    0.1387379E-04    0.3121497E-06    0.2723991E-04    0.3167596E-05    0.1738893E-05    0.1363473E-02    0.1354803E-03   -0.1754765E-02   -0.1774545E-01   -0.6210440E-02   -0.1338860E-01   -0.1313754E-01    0.4017705E-02    0.1643923E-02    0.2719766E-02    0.4327838E-02    0.5347186E-02   -0.2160617E-05    0.2603871E-05   -0.5249592E-04    0.1621524E-05    0.2130895E-02    0.2192106E-03    0.5057071E-05    0.1424137E-04    0.7246205E-04    0.3759871E-04    0.1007777E-03    0.9437223E-04    0.2292703E-06    0.4853944E-06
    0.4897844E-06   -0.3445560E-06   -0.5046201E-06   -0.4438148E-04   -0.3957147E-06   -0.7058442E-04   -0.9763524E-05    0.9270483E-05   -0.1102298E-01   -0.3168441E-03    0.3229659E-02   -0.9342383E-01   -0.2397620E-01   -0.5491938E-02    0.1422874E-01    0.4554246E-02    0.2050648E-02    0.2152158E-02   -0.8095339E-02   -0.1123871E-01   -0.2598368E-04   -0.5240968E-05    0.9323951E-04    0.5903296E-05    0.2192106E-03    0.1640462E-01    0.8407528E-04   -0.3103056E-04   -0.1368640E-04    0.6709400E-04   -0.6626330E-04    0.2498776E-04    0.2100218E-05   -0.4127882E-05
    0.6190093E-07    0.3883484E-06   -0.1103550E-06    0.4726659E-05   -0.4531286E-06    0.8136266E-05   -0.2074319E-05   -0.1603220E-05   -0.3546182E-02   -0.1027655E-03    0.1580830E-02   -0.1282715E-01   -0.9056054E-02   -0.3028962E-02    0.6504455E-02   -0.1406699E-02    0.5649960E-03    0.9468528E-03    0.1761527E-02    0.1801479E-02   -0.1353473E-05    0.6034706E-05   -0.1943913E-04    0.3867136E-05    0.5057071E-05    0.8407528E-04    0.1389067E-02    0.2952434E-03    0.1021944E-03   -0.3594162E-03   -0.1075728E-03   -0.9399640E-04    0.6082601E-06   -0.7838888E-06
    0.5832763E-07   -0.4856278E-07   -0.1870341E-06    0.3431785E-05   -0.6481166E-07    0.8646769E-05    0.1887799E-05    0.8730455E-06   -0.2101767E-02    0.2204869E-03   -0.2130466E-03   -0.9042542E-02   -0.2604431E-02   -0.1723733E-03    0.5283373E-03    0.6864560E-03    0.1285289E-02    0.6885254E-03   -0.4963095E-04   -0.1233163E-02   -0.3845900E-06   -0.5842008E-06    0.1345495E-04   -0.3778290E-05    0.1424137E-04   -0.3103056E-04    0.2952434E-03    0.8589901E-03    0.2994210E-05    0.7499902E-03   -0.2376292E-04   -0.7803255E-03   -0.6191966E-06   -0.1028112E-05
    0.6489478E-07    0.5953804E-06   -0.4228040E-06    0.1663983E-04    0.2911806E-06    0.3208055E-04   -0.3584518E-05   -0.1655107E-05   -0.8267862E-03   -0.6465145E-03    0.2671313E-03    0.3851106E-01   -0.1894051E-01   -0.2751586E-01   -0.7144559E-02   -0.8282822E-04   -0.7491593E-04   -0.1924603E-02   -0.1076188E-02    0.5057651E-02    0.2984200E-06    0.6424127E-05   -0.1098496E-03    0.1879556E-04    0.7246205E-04   -0.1368640E-04    0.1021944E-03    0.2994210E-05    0.7267362E-02   -0.4614487E-03    0.5536133E-03    0.4182567E-02   -0.7694734E-06   -0.3661359E-06
   -0.1076602E-06   -0.7020694E-06    0.1909800E-06   -0.7091358E-05    0.1624777E-06   -0.6548794E-05    0.2704192E-05    0.4610337E-05   -0.8289747E-02    0.4699301E-03   -0.2410458E-02   -0.1528780E-01   -0.4258796E-02   -0.5326370E-02   -0.1526181E-03    0.5863600E-02    0.4781225E-03    0.1431961E-02    0.7928965E-03    0.5196702E-02    0.5962812E-05   -0.7942175E-06    0.1598213E-04   -0.4067322E-05    0.3759871E-04    0.6709400E-04   -0.3594162E-03    0.7499902E-03   -0.4614487E-03    0.2874834E-02    0.3753675E-03   -0.1069664E-02   -0.1116941E-05   -0.1643486E-06
   -0.2117589E-06    0.8257911E-06   -0.9336132E-06   -0.7342855E-06   -0.9734752E-06    0.3744906E-06   -0.6856011E-05   -0.6263248E-06   -0.1480020E-02    0.5869049E-03   -0.3090181E-02    0.1910760E-01    0.1413742E-01    0.1164220E-01    0.3470253E-02    0.2031232E-02    0.6390390E-03    0.3363082E-02   -0.4164222E-02   -0.8062453E-02   -0.2200629E-05    0.5555397E-06   -0.2717883E-05    0.7386287E-05    0.1007777E-03   -0.6626330E-04   -0.1075728E-03   -0.2376292E-04    0.5536133E-03    0.3753675E-03    0.6272372E-02    0.7333609E-02   -0.7250488E-07   -0.1829517E-05
   -0.1458655E-05    0.4746689E-05   -0.2304965E-05   -0.3821197E-04    0.2110278E-05   -0.5870749E-04    0.1303532E-05    0.8012746E-05   -0.4411709E-01   -0.4011473E-03   -0.4529109E-02    0.7765312E-01    0.1430277E-01    0.1695341E-01    0.1099981E+00   -0.6238961E-02   -0.7132271E-02    0.7043497E-02   -0.6585150E-02    0.8406887E-02    0.9775824E-05   -0.1199837E-04    0.1933003E-04    0.3158189E-05    0.9437223E-04    0.2498776E-04   -0.9399640E-04   -0.7803255E-03    0.4182567E-02   -0.1069664E-02    0.7333609E-02    0.6250774E-01   -0.2681155E-05   -0.6244752E-05
    0.5443298E-08   -0.6808515E-08   -0.7933288E-08   -0.6034083E-07   -0.1378603E-07   -0.2504835E-08   -0.2077806E-06   -0.4306918E-07   -0.2227252E-03    0.1471657E-05    0.1956590E-03    0.5976337E-02    0.8942836E-04    0.6359353E-03    0.5904820E-03   -0.1305836E-03    0.2834540E-03   -0.2903259E-03    0.2421405E-05    0.5431946E-04   -0.1083568E-06    0.1099755E-07    0.5981224E-06   -0.2742198E-07    0.2292703E-06    0.2100218E-05    0.6082601E-06   -0.6191966E-06   -0.7694734E-06   -0.1116941E-05   -0.7250488E-07   -0.2681155E-05    0.5947101E-06   -0.2871445E-07
   -0.1146388E-07    0.6961349E-08    0.1738110E-08   -0.6471026E-06    0.1719009E-07   -0.1473149E-05   -0.3334337E-06   -0.3167378E-07    0.4496871E-02   -0.1911913E-04   -0.3715958E-03    0.2933728E-02    0.4680621E-04   -0.2690135E-02   -0.8055187E-02    0.1969887E-03   -0.1249239E-04   -0.1544322E-03    0.2495538E-02    0.4467697E-02    0.6583065E-07    0.5303623E-07   -0.9505203E-06    0.1973576E-06    0.4853944E-06   -0.4127882E-05   -0.7838888E-06   -0.1028112E-05   -0.3661359E-06   -0.1643486E-06   -0.1829517E-05   -0.6244752E-05   -0.2871445E-07    0.2111178E-05
