# omegabh2 omegach2 theta tau logA ns nrun r calPlanck BBdust BBsync BBalphadust BBbetadust BBalphasync BBbetasync BBdustsynccorr acib217 xi asz143 aps100 aps143 aps143217 aps217 aksz kgal100 kgal143 kgal143217 kgal217 galfTE100 galfTE100143 galfTE100217 galfTE143 galfTE143217 galfTE217 cal0 cal2
  2.3581960E-08  -1.1258869E-07   1.7644655E-08   2.9284966E-07   4.7902316E-07   2.4308036E-07  -2.5962534E-07   2.5760728E-07   1.2667590E-08  -3.8864422E-07   1.2623246E-06   5.2253978E-07  -2.1480761E-07   1.0589984E-07  -3.1624273E-07  -1.8163700E-09  -2.9026288E-05   6.2580014E-07   1.0361840E-05  -1.6794753E-04  -1.3790353E-04  -6.0166448E-05  -2.5714598E-05  -1.5178003E-05   1.9719828E-06  -4.1190299E-06  -1.0104465E-05  -1.2622018E-05  -8.3173173E-08  -7.5601219E-08  -1.3939165E-07  -2.9032303E-07  -5.3177923E-07  -2.3546280E-06   3.2936044E-09  -1.3337518E-09
 -1.1258869E-07   1.9271795E-06  -1.5986554E-07  -2.4108774E-06  -1.7509242E-07  -4.6263273E-06  -1.1015429E-06  -2.4194226E-06  -1.3036219E-07  -8.1948228E-07   1.2039875E-06  -1.1133364E-05   2.8056144E-06   6.7600462E-07   2.3429511E-06  -5.0866136E-06   2.5166421E-04  -2.8370130E-06  -1.4623211E-04   2.1502260E-03   1.5032146E-03   6.7047774E-04   4.1708428E-04   1.4527911E-04  -3.4263706E-05  -1.3761665E-05  -2.6215533E-07  -5.0835358E-05   4.4025284E-07   2.8240612E-07   5.6258742E-07   1.6099581E-06   2.0634536E-06   1.5765289E-05   3.0213442E-09   6.5696088E-09
  1.7644655E-08  -1.5986554E-07   9.8783242E-08   2.6429260E-07   2.5428322E-07   5.0807124E-07   7.0391681E-08   1.8553875E-07   1.9105002E-08   5.6475023E-07  -1.4650441E-06   1.2621614E-06  -3.8306526E-07  -4.2681216E-07   8.3968317E-08  -6.4598731E-09  -4.9738011E-06   2.7581828E-07   1.4599873E-05  -2.0955262E-04  -1.2745310E-04  -4.4973365E-05  -3.8435415E-05  -1.3937946E-05   2.0657915E-06  -2.0686657E-07  -2.8155399E-06  -1.2390426E-05   5.0843937E-08  -9.2797854E-09  -3.5524039E-07  -1.7646170E-07  -4.2032167E-07  -2.3152767E-06  -7.6883886E-10  -5.5247361E-10
  2.9284966E-07  -2.4108774E-06   2.6429260E-07   5.8149816E-05   1.1199358E-04   6.5702943E-06  -1.0200742E-05   1.1804392E-06  -4.1882889E-07  -3.6619880E-05  -4.6422411E-05  -9.8339094E-06   1.0440590E-05  -9.4219123E-06  -4.8065463E-06  -1.9964905E-05  -5.4718075E-04  -4.0876222E-07   7.7176644E-05  -4.4097344E-03  -1.5322339E-03  -7.1806112E-04   1.6739953E-04  -3.0218658E-04   8.9223368E-05  -1.4824302E-04  -3.0472513E-04  -3.8511192E-04  -2.1134905E-06   6.1148290E-07  -2.4581213E-06  -2.4127420E-06  -7.7093346E-06  -3.0096001E-05   1.5515226E-08  -6.7399478E-08
  4.7902316E-07  -1.7509242E-07   2.5428322E-07   1.1199358E-04   2.5714311E-04  -8.6685163E-07  -3.3043627E-05  -2.1361321E-06   1.1246339E-05  -8.0552683E-05  -5.9915024E-05  -8.0693880E-05   3.5816913E-05  -1.1160731E-05   8.3413864E-06  -6.2729882E-05   4.6682928E-04   1.2306292E-05  -5.7889498E-04   4.5649683E-03   4.8461393E-03   3.1394077E-03   6.5716410E-03  -4.4282415E-04  -7.2288060E-05  -8.1819127E-04  -9.3362035E-04   4.4138148E-04  -2.2352358E-06   3.7217134E-07  -6.8911116E-06  -4.7375867E-06  -1.0501557E-05  -9.7194377E-06   1.9533145E-07  -1.2575824E-07
  2.4308036E-07  -4.6263273E-06   5.0807124E-07   6.5702943E-06  -8.6685163E-07   2.1454534E-05   1.0129664E-05   7.0122600E-06   4.4187393E-07  -6.6729085E-06  -1.2534845E-05   2.9532828E-05  -5.8944204E-06  -4.7219377E-06  -3.2382558E-06   7.1612496E-06  -5.5210684E-03   1.0745487E-04   1.5053340E-03  -3.0828701E-02  -1.0588291E-02   6.6431849E-04   4.8382434E-03  -3.0279191E-03   2.4410573E-04  -3.6937297E-04  -3.1773819E-04   1.6052184E-03  -1.4860419E-06   3.6083818E-07  -1.1404931E-06  -2.5020949E-06  -1.9696275E-06  -2.7333473E-05  -1.0676910E-07  -1.0133501E-07
 -2.5962534E-07  -1.1015429E-06   7.0391681E-08  -1.0200742E-05  -3.3043627E-05   1.0129664E-05   4.7964293E-05  -2.1568195E-05   3.3824410E-07   2.0614414E-05   2.8714010E-05   1.5027724E-05  -2.1751372E-05  -2.1890468E-05   5.5128450E-06   5.6230910E-05  -7.0210397E-03   1.3039192E-04   2.0000745E-03  -3.3315875E-02  -1.5438051E-02  -1.3675351E-03   4.0773522E-03  -3.5474310E-03  -4.6252689E-04  -5.3801101E-04  -4.4375376E-04   1.8664454E-03   1.0890257E-06  -2.1842460E-07   5.5691798E-06   3.1790415E-06   1.2194521E-05   2.9250235E-05  -1.1198261E-07  -1.3586896E-07
  2.5760728E-07  -2.4194226E-06   1.8553875E-07   1.1804392E-06  -2.1361321E-06   7.0122600E-06  -2.1568195E-05   3.8425556E-04  -5.8407052E-07  -4.9601881E-04  -1.0059700E-03  -4.5868236E-05   3.0901680E-04   3.7130769E-05  -1.2093324E-04  -9.2359913E-04   1.8625204E-03  -2.8962482E-05  -2.2957465E-04   7.2682657E-03   3.7588672E-03   8.8699856E-04  -1.5487390E-03   6.6132027E-04   2.3568841E-04   5.2884204E-04   9.3377598E-04   5.1253743E-04   6.6870648E-06  -5.9408012E-08   4.7804263E-06  -4.9718260E-06  -9.8507771E-07   1.8559205E-06  -2.4090757E-08   9.8585855E-09
  1.2667590E-08  -1.3036219E-07   1.9105002E-08  -4.1882889E-07   1.1246339E-05   4.4187393E-07   3.3824410E-07  -5.8407052E-07   6.1697101E-06  -1.6566402E-06   5.9184058E-06  -1.4352574E-05   2.3043945E-06  -2.6504121E-07   6.6642700E-06  -1.0008700E-06   4.7141729E-04   5.3745835E-06   1.9439341E-05   2.6727608E-03   4.3051412E-04   4.7064710E-04   1.4658758E-03  -5.6976843E-05   2.6556455E-05  -8.8169938E-06   5.9411404E-05   9.5342218E-04   8.7483363E-07  -3.9001586E-07  -7.4110648E-07  -1.2058912E-06   1.6860671E-06   1.3619570E-05  -8.2018096E-09  -1.2403252E-08
 -3.8864422E-07  -8.1948228E-07   5.6475023E-07  -3.6619880E-05  -8.0552683E-05  -6.6729085E-06   2.0614414E-05  -4.9601881E-04  -1.6566402E-06   1.0595513E+00   2.9912252E-02  -1.1789753E-01   4.3909598E-02   3.5288565E-04   2.1931155E-03  -9.5361929E-03  -1.9492048E-02   3.7980453E-04  -9.7471182E-03   1.2070244E-01   3.5645313E-02   3.0284911E-03   1.6339325E-03   9.2088985E-03   8.8722345E-03  -7.3737500E-03   2.2846611E-03   2.9285928E-02  -8.8904080E-05   8.3934500E-05  -3.6536072E-04   8.6459039E-05   1.5042850E-04  -1.0690850E-03  -4.0506670E-06   2.7606203E-06
  1.2623246E-06   1.2039875E-06  -1.4650441E-06  -4.6422411E-05  -5.9915024E-05  -1.2534845E-05   2.8714010E-05  -1.0059700E-03   5.9184058E-06   2.9912252E-02   1.1274332E+00  -2.4613201E-03  -2.1608889E-03   1.7824251E-02  -4.0846050E-02   4.4395340E-02  -7.9890632E-02   4.1996480E-03   1.3366566E-03  -1.9609620E-01   5.9223948E-02   1.2950101E-01   1.3592446E-01  -6.5288777E-03   2.0856335E-02  -3.4482806E-03   1.5773990E-03   2.5474992E-02   5.0778942E-05  -2.8714420E-04  -7.4785393E-05   1.0786429E-04   4.4345345E-04  -1.1477633E-03   5.8312774E-06  -1.0904157E-06
  5.2253978E-07  -1.1133364E-05   1.2621614E-06  -9.8339094E-06  -8.0693880E-05   2.9532828E-05   1.5027724E-05  -4.5868236E-05  -1.4352574E-05  -1.1789753E-01  -2.4613201E-03   5.9293761E-02  -5.1420898E-04   4.5361413E-04   4.3224617E-04  -4.8629365E-04   6.9643036E-03  -4.7170881E-04   1.4218535E-03  -5.4868385E-02  -2.0575877E-02  -2.0066994E-02  -2.2444858E-02  -1.9775102E-03  -9.3254123E-04   2.2431540E-03  -3.4061877E-03  -1.1997546E-02   2.2841670E-05  -4.4824597E-05  -1.6071638E-05  -7.9009950E-05  -8.7831137E-05   4.3332754E-04  -3.3966171E-07   2.2197256E-08
 -2.1480761E-07   2.8056144E-06  -3.8306526E-07   1.0440590E-05   3.5816913E-05  -5.8944204E-06  -2.1751372E-05   3.0901680E-04   2.3043945E-06   4.3909598E-02  -2.1608889E-03  -5.1420898E-04   9.1834952E-03  -2.3437595E-04  -1.6690504E-03   7.6173288E-04   1.0248298E-03  -9.8594451E-05  -9.2253303E-04   1.6776067E-02   1.1904824E-02   5.9024131E-03   5.5262315E-03  -6.3050741E-05  -5.6506952E-04  -2.4254781E-04   3.5439713E-05   1.5199219E-03  -4.2074421E-06  -1.6874022E-05  -1.3158875E-06  -2.5629450E-05  -1.3125125E-05  -3.3923153E-05  -4.5778485E-07   2.4618266E-07
  1.0589984E-07   6.7600462E-07  -4.2681216E-07  -9.4219123E-06  -1.1160731E-05  -4.7219377E-06  -2.1890468E-05   3.7130769E-05  -2.6504121E-07   3.5288565E-04   1.7824251E-02   4.5361413E-04  -2.3437595E-04   8.1942333E-02   4.0826549E-05   2.7387197E-04  -1.7870843E-03  -3.5331257E-04  -4.3155027E-04   8.5961294E-03  -2.0219122E-03  -3.2081508E-03   9.4103956E-03   4.7407237E-04   5.7858428E-05   1.3108365E-03  -2.8679522E-03  -4.4591667E-03   4.6237726E-05   2.5886958E-06   1.1691617E-04   4.0038034E-05   1.0050363E-04   1.3738051E-04  -1.4827112E-07  -2.0769439E-07
 -3.1624273E-07   2.3429511E-06   8.3968317E-08  -4.8065463E-06   8.3413864E-06  -3.2382558E-06   5.5128450E-06  -1.2093324E-04   6.6642700E-06   2.1931155E-03  -4.0846050E-02   4.3224617E-04  -1.6690504E-03   4.0826549E-05   7.5007369E-02  -5.1242107E-03   4.8635710E-03  -3.3866214E-04   2.2046285E-03   3.1864713E-02   2.1377991E-03   5.3213652E-03   2.8152989E-03  -2.6878700E-03  -5.2978358E-03   2.7767447E-04  -6.1415789E-04  -2.5204269E-03  -2.6184569E-05  -1.1943829E-05  -8.5668147E-07  -4.2832434E-05  -7.3673260E-05  -1.5980059E-04   1.2699065E-07   4.0011347E-07
 -1.8163700E-09  -5.0866136E-06  -6.4598731E-09  -1.9964905E-05  -6.2729882E-05   7.1612496E-06   5.6230910E-05  -9.2359913E-04  -1.0008700E-06  -9.5361929E-03   4.4395340E-02  -4.8629365E-04   7.6173288E-04   2.7387197E-04  -5.1242107E-03   8.0409623E-02  -3.4242447E-04   2.3938950E-04   4.0774098E-03  -8.6509490E-03  -1.8446990E-02   3.9919810E-03  -7.5433425E-03  -8.9864511E-04   4.1116234E-04  -6.2072219E-04  -7.6463154E-04  -2.8163342E-03  -4.4533495E-05  -6.1404234E-06   1.9579528E-05   3.9336050E-05  -7.8787715E-05  -4.7096506E-04   2.0746302E-06  -3.3622824E-07
 -2.9026288E-05   2.5166421E-04  -4.9738011E-06  -5.4718075E-04   4.6682928E-04  -5.5210684E-03  -7.0210397E-03   1.8625204E-03   4.7141729E-04  -1.9492048E-02  -7.9890632E-02   6.9643036E-03   1.0248298E-03  -1.7870843E-03   4.8635710E-03  -3.4242447E-04   4.5268611E+01  -4.0190098E-01  -1.0154710E+00   3.9030896E+01   3.9005359E+00  -1.2563560E+01  -5.4910945E+01   1.5324953E-01   2.9408646E-01   5.9791452E-01  -5.7575571E+00  -3.3483934E+01   1.3668612E-03   6.1766518E-04   1.9042717E-03  -1.6958807E-03  -3.3320718E-03  -6.4625970E-03  -1.6528082E-04   7.3823123E-04
  6.2580014E-07  -2.8370130E-06   2.7581828E-07  -4.0876222E-07   1.2306292E-05   1.0745487E-04   1.3039192E-04  -2.8962482E-05   5.3745835E-06   3.7980453E-04   4.1996480E-03  -4.7170881E-04  -9.8594451E-05  -3.5331257E-04  -3.3866214E-04   2.3938950E-04  -4.0190098E-01   8.1513599E-02  -4.2048141E-02  -5.9045548E-01   8.5529505E-01   1.6232778E+00   6.1368449E-01   4.6002541E-02  -8.5416370E-03   9.0924028E-03   1.0447269E-01   1.4961717E-01  -5.4683774E-05   2.0822016E-05  -1.7742571E-04   3.7013432E-05   1.5919072E-04  -2.4170918E-04   3.2568779E-06  -1.1221578E-06
  1.0361840E-05  -1.4623211E-04   1.4599873E-05   7.7176644E-05  -5.7889498E-04   1.5053340E-03   2.0000745E-03  -2.2957465E-04   1.9439341E-05  -9.7471182E-03   1.3366566E-03   1.4218535E-03  -9.2253303E-04  -4.3155027E-04   2.2046285E-03   4.0774098E-03  -1.0154710E+00  -4.2048141E-02   4.0276130E+00  -3.1805473E+01  -3.6641392E+00   7.9943704E+00   5.7160091E+00  -3.1016582E+00  -2.3060257E-01   1.5766710E-01   2.7029764E+00   3.3640267E+00   4.4027149E-04   3.9793618E-05   1.2557403E-03   3.1047156E-04  -3.9700729E-04   3.3850286E-04   1.0584941E-04  -5.1976625E-05
 -1.6794753E-04   2.1502260E-03  -2.0955262E-04  -4.4097344E-03   4.5649683E-03  -3.0828701E-02  -3.3315875E-02   7.2682657E-03   2.6727608E-03   1.2070244E-01  -1.9609620E-01  -5.4868385E-02   1.6776067E-02   8.5961294E-03   3.1864713E-02  -8.6509490E-03   3.9030896E+01  -5.9045548E-01  -3.1805473E+01   7.9869369E+02   7.8020589E+01  -5.4557297E+01  -6.2594532E+01   1.7188773E+01  -5.9116937E+00   5.6913877E+00  -1.2279581E+01  -2.5322471E+01   4.4619242E-03  -3.9231131E-03  -1.3870309E-03   7.6106547E-04  -1.1476727E-02   2.7273382E-02   3.7910673E-03   5.6466521E-04
 -1.3790353E-04   1.5032146E-03  -1.2745310E-04  -1.5322339E-03   4.8461393E-03  -1.0588291E-02  -1.5438051E-02   3.7588672E-03   4.3051412E-04   3.5645313E-02   5.9223948E-02  -2.0575877E-02   1.1904824E-02  -2.0219122E-03   2.1377991E-03  -1.8446990E-02   3.9005359E+00   8.5529505E-01  -3.6641392E+00   7.8020589E+01   6.5845968E+01   4.0439766E+01   1.4371872E+01  -4.1855047E+00  -2.6316953E-01  -1.1036633E+00   3.7425635E+00   3.9488434E+00   1.3839320E-04   6.8286257E-04  -2.0086519E-03   3.4332563E-03  -8.2174804E-05   1.9143889E-02   1.1565120E-04   1.5624114E-04
 -6.0166448E-05   6.7047774E-04  -4.4973365E-05  -7.1806112E-04   3.1394077E-03   6.6431849E-04  -1.3675351E-03   8.8699856E-04   4.7064710E-04   3.0284911E-03   1.2950101E-01  -2.0066994E-02   5.9024131E-03  -3.2081508E-03   5.3213652E-03   3.9919810E-03  -1.2563560E+01   1.6232778E+00   7.9943704E+00  -5.4557297E+01   4.0439766E+01   8.5211089E+01   5.3784776E+01  -1.2631657E+01  -9.1186435E-01  -5.4587595E-01   5.2994833E+00   8.6488142E+00  -3.8191291E-04   6.0029410E-04   2.3244626E-03   5.8596994E-03   3.8028212E-03   8.3487941E-03   4.1620243E-04  -3.7542873E-04
 -2.5714598E-05   4.1708428E-04  -3.8435415E-05   1.6739953E-04   6.5716410E-03   4.8382434E-03   4.0773522E-03  -1.5487390E-03   1.4658758E-03   1.6339325E-03   1.3592446E-01  -2.2444858E-02   5.5262315E-03   9.4103956E-03   2.8152989E-03  -7.5433425E-03  -5.4910945E+01   6.1368449E-01   5.7160091E+00  -6.2594532E+01   1.4371872E+01   5.3784776E+01   1.0424282E+02  -1.0183715E+01  -7.7804485E-01  -1.2056746E+00   5.6991277E+00   3.3494389E+01  -6.0404950E-04  -8.9267730E-04   2.4939140E-04   5.9456418E-03   8.2437374E-03   2.2743800E-02   4.3866024E-04  -1.3754844E-03
 -1.5178003E-05   1.4527911E-04  -1.3937946E-05  -3.0218658E-04  -4.4282415E-04  -3.0279191E-03  -3.5474310E-03   6.6132027E-04  -5.6976843E-05   9.2088985E-03  -6.5288777E-03  -1.9775102E-03  -6.3050741E-05   4.7407237E-04  -2.6878700E-03  -8.9864511E-04   1.5324953E-01   4.6002541E-02  -3.1016582E+00   1.7188773E+01  -4.1855047E+00  -1.2631657E+01  -1.0183715E+01   6.6481153E+00   1.8194788E-01  -1.6835248E-01  -2.2096578E+00  -2.5066046E+00  -8.8565454E-05   1.8351644E-04  -2.7954828E-03  -7.0098098E-04  -1.8359826E-04  -5.8676029E-03  -7.3302554E-05   2.8307861E-05
  1.9719828E-06  -3.4263706E-05   2.0657915E-06   8.9223368E-05  -7.2288060E-05   2.4410573E-04  -4.6252689E-04   2.3568841E-04   2.6556455E-05   8.8722345E-03   2.0856335E-02  -9.3254123E-04  -5.6506952E-04   5.7858428E-05  -5.2978358E-03   4.1116234E-04   2.9408646E-01  -8.5416370E-03  -2.3060257E-01  -5.9116937E+00  -2.6316953E-01  -9.1186435E-01  -7.7804485E-01   1.8194788E-01   3.3179563E+00   5.7279622E-01   1.8494940E-01   6.9664328E-02  -9.0370928E-04   2.0128213E-04  -6.6863414E-04  -8.4966755E-04  -1.6911032E-03  -4.0781281E-03   1.7462353E-04  -3.1428207E-06
 -4.1190299E-06  -1.3761665E-05  -2.0686657E-07  -1.4824302E-04  -8.1819127E-04  -3.6937297E-04  -5.3801101E-04   5.2884204E-04  -8.8169938E-06  -7.3737500E-03  -3.4482806E-03   2.2431540E-03  -2.4254781E-04   1.3108365E-03   2.7767447E-04  -6.2072219E-04   5.9791452E-01   9.0924028E-03   1.5766710E-01   5.6913877E+00  -1.1036633E+00  -5.4587595E-01  -1.2056746E+00  -1.6835248E-01   5.7279622E-01   3.1473159E+00   2.7062510E+00   2.6840285E+00   2.4205059E-04  -2.8167221E-04   8.3989550E-04  -6.5725946E-04  -9.8365145E-04   1.6583471E-03  -1.7621471E-04  -4.1385615E-05
 -1.0104465E-05  -2.6215533E-07  -2.8155399E-06  -3.0472513E-04  -9.3362035E-04  -3.1773819E-04  -4.4375376E-04   9.3377598E-04   5.9411404E-05   2.2846611E-03   1.5773990E-03  -3.4061877E-03   3.5439713E-05  -2.8679522E-03  -6.1415789E-04  -7.6463154E-04  -5.7575571E+00   1.0447269E-01   2.7029764E+00  -1.2279581E+01   3.7425635E+00   5.2994833E+00   5.6991277E+00  -2.2096578E+00   1.8494940E-01   2.7062510E+00   1.0814843E+01   1.9242011E+01   5.9831527E-04  -6.1201073E-04  -1.7055388E-04  -6.9897597E-04  -2.1626888E-03   9.8491374E-03  -2.2233742E-05   3.9200560E-04
 -1.2622018E-05  -5.0835358E-05  -1.2390426E-05  -3.8511192E-04   4.4138148E-04   1.6052184E-03   1.8664454E-03   5.1253743E-04   9.5342218E-04   2.9285928E-02   2.5474992E-02  -1.1997546E-02   1.5199219E-03  -4.4591667E-03  -2.5204269E-03  -2.8163342E-03  -3.3483934E+01   1.4961717E-01   3.3640267E+00  -2.5322471E+01   3.9488434E+00   8.6488142E+00   3.3494389E+01  -2.5066046E+00   6.9664328E-02   2.6840285E+00   1.9242011E+01   5.3588431E+01  -2.0216844E-04  -1.6537996E-03  -3.6941428E-04   2.4441016E-05  -3.4978031E-03   2.1484374E-02   4.5823089E-05   8.9406779E-04
 -8.3173173E-08   4.4025284E-07   5.0843937E-08  -2.1134905E-06  -2.2352358E-06  -1.4860419E-06   1.0890257E-06   6.6870648E-06   8.7483363E-07  -8.8904080E-05   5.0778942E-05   2.2841670E-05  -4.2074421E-06   4.6237726E-05  -2.6184569E-05  -4.4533495E-05   1.3668612E-03  -5.4683774E-05   4.4027149E-04   4.4619242E-03   1.3839320E-04  -3.8191291E-04  -6.0404950E-04  -8.8565454E-05  -9.0370928E-04   2.4205059E-04   5.9831527E-04  -2.0216844E-04   1.4638061E-03   2.7943481E-04   8.3703967E-05  -3.6357032E-04  -8.9858435E-05  -1.3061620E-04   3.4342105E-08  -1.1487130E-07
 -7.5601219E-08   2.8240612E-07  -9.2797854E-09   6.1148290E-07   3.7217134E-07   3.6083818E-07  -2.1842460E-07  -5.9408012E-08  -3.9001586E-07   8.3934500E-05  -2.8714420E-04  -4.4824597E-05  -1.6874022E-05   2.5886958E-06  -1.1943829E-05  -6.1404234E-06   6.1766518E-04   2.0822016E-05   3.9793618E-05  -3.9231131E-03   6.8286257E-04   6.0029410E-04  -8.9267730E-04   1.8351644E-04   2.0128213E-04  -2.8167221E-04  -6.1201073E-04  -1.6537996E-03   2.7943481E-04   8.7155653E-04   2.5048501E-05   7.3422980E-04   5.2528191E-05  -7.5462769E-04  -1.8650457E-07  -1.2266298E-07
 -1.3939165E-07   5.6258742E-07  -3.5524039E-07  -2.4581213E-06  -6.8911116E-06  -1.1404931E-06   5.5691798E-06   4.7804263E-06  -7.4110648E-07  -3.6536072E-04  -7.4785393E-05  -1.6071638E-05  -1.3158875E-06   1.1691617E-04  -8.5668147E-07   1.9579528E-05   1.9042717E-03  -1.7742571E-04   1.2557403E-03  -1.3870309E-03  -2.0086519E-03   2.3244626E-03   2.4939140E-04  -2.7954828E-03  -6.6863414E-04   8.3989550E-04  -1.7055388E-04  -3.6941428E-04   8.3703967E-05   2.5048501E-05   7.1739912E-03  -3.0897709E-04   6.5819300E-04   4.4816471E-03  -5.7195277E-07  -1.8752780E-07
 -2.9032303E-07   1.6099581E-06  -1.7646170E-07  -2.4127420E-06  -4.7375867E-06  -2.5020949E-06   3.1790415E-06  -4.9718260E-06  -1.2058912E-06   8.6459039E-05   1.0786429E-04  -7.9009950E-05  -2.5629450E-05   4.0038034E-05  -4.2832434E-05   3.9336050E-05  -1.6958807E-03   3.7013432E-05   3.1047156E-04   7.6106547E-04   3.4332563E-03   5.8596994E-03   5.9456418E-03  -7.0098098E-04  -8.4966755E-04  -6.5725946E-04  -6.9897597E-04   2.4441016E-05  -3.6357032E-04   7.3422980E-04  -3.0897709E-04   2.8938963E-03   5.1293565E-04  -8.9130297E-04  -1.6130501E-07   8.8230324E-08
 -5.3177923E-07   2.0634536E-06  -4.2032167E-07  -7.7093346E-06  -1.0501557E-05  -1.9696275E-06   1.2194521E-05  -9.8507771E-07   1.6860671E-06   1.5042850E-04   4.4345345E-04  -8.7831137E-05  -1.3125125E-05   1.0050363E-04  -7.3673260E-05  -7.8787715E-05  -3.3320718E-03   1.5919072E-04  -3.9700729E-04  -1.1476727E-02  -8.2174804E-05   3.8028212E-03   8.2437374E-03  -1.8359826E-04  -1.6911032E-03  -9.8365145E-04  -2.1626888E-03  -3.4978031E-03  -8.9858435E-05   5.2528191E-05   6.5819300E-04   5.1293565E-04   6.4312219E-03   7.9470693E-03  -3.9567874E-07  -3.4781619E-07
 -2.3546280E-06   1.5765289E-05  -2.3152767E-06  -3.0096001E-05  -9.7194377E-06  -2.7333473E-05   2.9250235E-05   1.8559205E-06   1.3619570E-05  -1.0690850E-03  -1.1477633E-03   4.3332754E-04  -3.3923153E-05   1.3738051E-04  -1.5980059E-04  -4.7096506E-04  -6.4625970E-03  -2.4170918E-04   3.3850286E-04   2.7273382E-02   1.9143889E-02   8.3487941E-03   2.2743800E-02  -5.8676029E-03  -4.0781281E-03   1.6583471E-03   9.8491374E-03   2.1484374E-02  -1.3061620E-04  -7.5462769E-04   4.4816471E-03  -8.9130297E-04   7.9470693E-03   7.1930965E-02  -8.7793113E-08  -1.6163400E-06
  3.2936044E-09   3.0213442E-09  -7.6883886E-10   1.5515226E-08   1.9533145E-07  -1.0676910E-07  -1.1198261E-07  -2.4090757E-08  -8.2018096E-09  -4.0506670E-06   5.8312774E-06  -3.3966171E-07  -4.5778485E-07  -1.4827112E-07   1.2699065E-07   2.0746302E-06  -1.6528082E-04   3.2568779E-06   1.0584941E-04   3.7910673E-03   1.1565120E-04   4.1620243E-04   4.3866024E-04  -7.3302554E-05   1.7462353E-04  -1.7621471E-04  -2.2233742E-05   4.5823089E-05   3.4342105E-08  -1.8650457E-07  -5.7195277E-07  -1.6130501E-07  -3.9567874E-07  -8.7793113E-08   3.7412086E-07  -8.0527894E-10
 -1.3337518E-09   6.5696088E-09  -5.5247361E-10  -6.7399478E-08  -1.2575824E-07  -1.0133501E-07  -1.3586896E-07   9.8585855E-09  -1.2403252E-08   2.7606203E-06  -1.0904157E-06   2.2197256E-08   2.4618266E-07  -2.0769439E-07   4.0011347E-07  -3.3622824E-07   7.3823123E-04  -1.1221578E-06  -5.1976625E-05   5.6466521E-04   1.5624114E-04  -3.7542873E-04  -1.3754844E-03   2.8307861E-05  -3.1428207E-06  -4.1385615E-05   3.9200560E-04   8.9406779E-04  -1.1487130E-07  -1.2266298E-07  -1.8752780E-07   8.8230324E-08  -3.4781619E-07  -1.6163400E-06  -8.0527894E-10   3.8654056E-07
