# omegabh2 omegach2 theta mnu logA ns
  2.4608782E-07   1.7577089E-07  -2.8085167E-09  -3.1925943E-06  -6.0131567E-07  -2.9760345E-07
  1.7577089E-07   1.5043792E-05   1.9076258E-07  -6.8637155E-04  -3.4554254E-04  -1.8876229E-05
 -2.8085167E-09   1.9076258E-07   3.6954963E-07   3.5680586E-06  -1.0077342E-06  -7.9685344E-08
 -3.1925943E-06  -6.8637155E-04   3.5680586E-06   3.8226600E-02   1.7307944E-02   9.1284030E-04
 -6.0131567E-07  -3.4554254E-04  -1.0077342E-06   1.7307944E-02   9.1650216E-03   6.5603667E-04
 -2.9760345E-07  -1.8876229E-05  -7.9685344E-08   9.1284030E-04   6.5603667E-04   3.7469526E-04
