# omegabh2 omegach2 theta tau logA ns calPlanck aps100 aps143 aps217 acib217 asz143 psr cibr xi aksz dust100 dust143 dust217 dust143x217 cal0 cal2 calTE calEE
  2.2567396E-08  -7.5387052E-08   1.3747064E-08   3.0741044E-07   5.6005313E-07   2.4239327E-07   2.7842394E-08  -3.8836505E-04  -2.5529993E-04   8.9285444E-05  -1.1261631E-04   1.9091769E-05   8.7250393E-07  -1.7377472E-06   6.3760791E-07  -3.9128339E-05   2.0826155E-07  -6.1432990E-07   5.7069669E-07  -4.5954009E-07   2.6081276E-09  -5.2631256E-09  -1.0301163E-07  -2.4154051E-07
 -7.5387052E-08   1.3042389E-06  -1.0752740E-07  -3.3959306E-06  -4.5846338E-06  -2.9318760E-06  -3.5102005E-07   7.9416888E-04   5.6940621E-04  -2.0863479E-04   1.9128668E-04  -5.4136323E-05  -2.1247194E-06   2.0529919E-06   2.2142998E-07   1.4472940E-04   3.2488022E-06   8.6562077E-06   2.8794258E-07   6.3662335E-06  -4.6421793E-08   2.0213094E-08  -1.2736694E-07  -6.4941276E-07
  1.3747064E-08  -1.0752740E-07   9.7579257E-08   3.2443983E-07   5.5153273E-07   3.7505372E-07   3.0829240E-08  -1.1504292E-04  -3.3027008E-05  -3.2272746E-06   1.0900016E-05   8.5711539E-06  -1.8132876E-08   7.0244017E-07   3.0556334E-07  -1.8035376E-05  -5.5400415E-07  -4.4204433E-07  -1.6734463E-07  -9.7511277E-07  -2.1375037E-09   3.3100040E-10  -6.3935832E-08   2.9683932E-08
  3.0741044E-07  -3.3959306E-06   3.2443983E-07   5.5226705E-05   9.9830556E-05   1.1036202E-05  -8.5137547E-07  -9.6647398E-03  -4.0476976E-03   8.7564114E-04  -2.3027925E-03   1.8145439E-04  -4.6270477E-06  -1.8387350E-05   3.5439146E-07  -9.1447437E-04  -1.1924040E-05  -2.1125956E-05   9.7196390E-06  -2.1293271E-05  -1.5309315E-07  -1.8614941E-07  -3.3631144E-06  -2.2764238E-06
  5.6005313E-07  -4.5846338E-06   5.5153273E-07   9.9830556E-05   2.1116695E-04   1.5178407E-05   1.0292150E-05  -9.1502313E-03  -5.1018193E-03   9.0763795E-03  -5.3294846E-03   2.1960750E-04   1.5255478E-05  -9.2090233E-05   4.0243759E-05  -2.4990632E-03  -2.7297081E-05  -1.1661924E-04   3.6104164E-05  -5.5465158E-05   3.0395647E-07  -4.5639160E-07  -6.9596510E-06  -3.4737340E-06
  2.4239327E-07  -2.9318760E-06   3.7505372E-07   1.1036202E-05   1.5178407E-05   1.6685816E-05   7.6695440E-07  -2.3862419E-02  -7.4083383E-03   8.9670060E-03  -6.0079534E-03   5.9296165E-04   6.8904082E-05  -1.2666132E-04   4.7582019E-05  -2.0413813E-03   6.9584461E-06  -4.5779162E-05   2.5690800E-05  -1.3837003E-05  -2.7674436E-07  -4.2963925E-07  -3.3043920E-07  -2.4815801E-06
  2.7842394E-08  -3.5102005E-07   3.0829240E-08  -8.5137547E-07   1.0292150E-05   7.6695440E-07   6.3812304E-06   4.5121989E-03   4.4274992E-04   1.2705844E-03   5.7771754E-04  -2.8463845E-05   2.7594885E-06  -8.0558709E-06  -1.8436384E-06  -3.2966187E-05   2.4623530E-06  -9.3224671E-07   1.7394002E-06  -5.6426336E-06   2.6433476E-08  -1.0466395E-07  -2.7837106E-07   8.0460124E-10
 -3.8836505E-04   7.9416888E-04  -1.1504292E-04  -9.6647398E-03  -9.1502313E-03  -2.3862419E-02   4.5121989E-03   5.9777012E+02   5.6918404E+01  -5.5187549E+01   2.8874756E+01  -2.4708990E+01  -8.5006956E-01  -1.4965102E-01  -2.8115744E-01   1.1114802E+01  -1.9294755E-01   3.0309802E-01  -2.0451778E-01  -1.3179533E-01   6.1276168E-03   3.1675539E-03   3.7907330E-03   7.1246822E-03
 -2.5529993E-04   5.6940621E-04  -3.3027008E-05  -4.0476976E-03  -5.1018193E-03  -7.4083383E-03   4.4274992E-04   5.6918404E+01   6.7240469E+01   9.0770291E+00   6.5029221E+00  -7.1727447E-02  -1.5859935E-02   4.7648076E-01   9.0140287E-01  -8.6596938E+00  -4.1932943E-02  -2.1771336E-01   5.6183241E-02   6.4658815E-02   6.6445243E-04   7.0036811E-04   1.6402740E-03   5.1266039E-03
  8.9285444E-05  -2.0863479E-04  -3.2272746E-06   8.7564114E-04   9.0763795E-03   8.9670060E-03   1.2705844E-03  -5.5187549E+01   9.0770291E+00   1.7600733E+02  -8.3280186E+01   2.7147738E+00   3.1268871E-01  -1.0375129E+00   2.9498043E-01  -7.5566216E+00  -7.2675283E-02  -2.4245225E-01   5.7496378E-01   1.3852855E-02   1.5377546E-03  -7.6229029E-03   2.2621542E-03   3.3320470E-03
 -1.1261631E-04   1.9128668E-04   1.0900016E-05  -2.3027925E-03  -5.3294846E-03  -6.0079534E-03   5.7771754E-04   2.8874756E+01   6.5029221E+00  -8.3280186E+01   5.2147086E+01   1.7906474E+00  -1.5816383E-02   7.2074138E-01  -2.2289712E-01  -2.7248610E+00   3.4344623E-02   1.5167159E-01  -4.6811120E-01  -1.3183579E-01  -5.1565383E-04   2.9823123E-03  -7.6972582E-04   2.4983058E-04
  1.9091769E-05  -5.4136323E-05   8.5711539E-06   1.8145439E-04   2.1960750E-04   5.9296165E-04  -2.8463845E-05  -2.4708990E+01  -7.1727447E-02   2.7147738E+00   1.7906474E+00   4.3837381E+00   1.0370872E-01   1.6471374E-01  -3.2911854E-02  -3.5975273E+00  -1.3688287E-03   4.2310266E-04   6.8222433E-03   4.8898943E-02   4.6286092E-04  -2.5067190E-04  -2.1605753E-04  -8.8073281E-05
  8.7250393E-07  -2.1247194E-06  -1.8132876E-08  -4.6270477E-06   1.5255478E-05   6.8904082E-05   2.7594885E-06  -8.5006956E-01  -1.5859935E-02   3.1268871E-01  -1.5816383E-02   1.0370872E-01   1.6588396E-02  -1.6362386E-02   1.1691498E-02  -1.0833013E-01   1.4520699E-08  -1.0454812E-03  -3.1587234E-03   4.8002212E-03   1.7179433E-05  -4.0151805E-05   1.9078593E-05   3.5449635E-06
 -1.7377472E-06   2.0529919E-06   7.0244017E-07  -1.8387350E-05  -9.2090233E-05  -1.2666132E-04  -8.0558709E-06  -1.4965102E-01   4.7648076E-01  -1.0375129E+00   7.2074138E-01   1.6471374E-01  -1.6362386E-02   6.8762459E-02   4.5739692E-03  -1.6252077E-01   4.6157728E-04   6.7057833E-03  -7.3735534E-05  -1.7809745E-02  -7.3624449E-06   9.6890459E-05  -5.0100984E-05   7.0284442E-06
  6.3760791E-07   2.2142998E-07   3.0556334E-07   3.5439146E-07   4.0243759E-05   4.7582019E-05  -1.8436384E-06  -2.8115744E-01   9.0140287E-01   2.9498043E-01  -2.2289712E-01  -3.2911854E-02   1.1691498E-02   4.5739692E-03   8.2223234E-02   3.3220979E-02   1.2735249E-04  -3.1377797E-04   4.9781544E-04   4.4762202E-04   1.5476210E-05  -1.2130908E-05   5.8533916E-06   6.1391871E-06
 -3.9128339E-05   1.4472940E-04  -1.8035376E-05  -9.1447437E-04  -2.4990632E-03  -2.0413813E-03  -3.2966187E-05   1.1114802E+01  -8.6596938E+00  -7.5566216E+00  -2.7248610E+00  -3.5975273E+00  -1.0833013E-01  -1.6252077E-01   3.3220979E-02   7.4084707E+00  -1.8157492E-03  -6.9122315E-03  -2.5997900E-03  -4.6487618E-02  -3.3007342E-04   8.5812110E-05  -2.0677310E-04  -3.9850463E-04
  2.0826155E-07   3.2488022E-06  -5.5400415E-07  -1.1924040E-05  -2.7297081E-05   6.9584461E-06   2.4623530E-06  -1.9294755E-01  -4.1932943E-02  -7.2675283E-02   3.4344623E-02  -1.3688287E-03   1.4520699E-08   4.6157728E-04   1.2735249E-04  -1.8157492E-03   3.8045779E-02   3.5982170E-03  -2.5318430E-04   9.8744979E-04   3.5552991E-05  -6.6729944E-06  -2.5163701E-05  -2.4285354E-05
 -6.1432990E-07   8.6562077E-06  -4.4204433E-07  -2.1125956E-05  -1.1661924E-04  -4.5779162E-05  -9.3224671E-07   3.0309802E-01  -2.1771336E-01  -2.4245225E-01   1.5167159E-01   4.2310266E-04  -1.0454812E-03   6.7057833E-03  -3.1377797E-04  -6.9122315E-03   3.5982170E-03   2.9764379E-02  -6.6821355E-04   5.1933589E-03  -7.4314923E-05  -4.3645025E-05  -6.6185700E-05  -8.9318898E-05
  5.7069669E-07   2.8794258E-07  -1.6734463E-07   9.7196390E-06   3.6104164E-05   2.5690800E-05   1.7394002E-06  -2.0451778E-01   5.6183241E-02   5.7496378E-01  -4.6811120E-01   6.8222433E-03  -3.1587234E-03  -7.3735534E-05   4.9781544E-04  -2.5997900E-03  -2.5318430E-04  -6.6821355E-04   1.1220728E-02   8.8828771E-03   3.8423870E-06   6.7765546E-05   7.7839401E-06  -6.0794147E-06
 -4.5954009E-07   6.3662335E-06  -9.7511277E-07  -2.1293271E-05  -5.5465158E-05  -1.3837003E-05  -5.6426336E-06  -1.3179533E-01   6.4658815E-02   1.3852855E-02  -1.3183579E-01   4.8898943E-02   4.8002212E-03  -1.7809745E-02   4.4762202E-04  -4.6487618E-02   9.8744979E-04   5.1933589E-03   8.8828771E-03   2.6721229E-02   4.3871745E-08   6.1083239E-05  -2.7980711E-06  -2.4517620E-05
  2.6081276E-09  -4.6421793E-08  -2.1375037E-09  -1.5309315E-07   3.0395647E-07  -2.7674436E-07   2.6433476E-08   6.1276168E-03   6.6445243E-04   1.5377546E-03  -5.1565383E-04   4.6286092E-04   1.7179433E-05  -7.3624449E-06   1.5476210E-05  -3.3007342E-04   3.5552991E-05  -7.4314923E-05   3.8423870E-06   4.3871745E-08   1.0977351E-06   4.8982346E-08   3.4214485E-07   7.3184898E-07
 -5.2631256E-09   2.0213094E-08   3.3100040E-10  -1.8614941E-07  -4.5639160E-07  -4.2963925E-07  -1.0466395E-07   3.1675539E-03   7.0036811E-04  -7.6229029E-03   2.9823123E-03  -2.5067190E-04  -4.0151805E-05   9.6890459E-05  -1.2130908E-05   8.5812110E-05  -6.6729944E-06  -4.3645025E-05   6.7765546E-05   6.1083239E-05   4.8982346E-08   2.5482112E-06   3.5217693E-07   1.4576736E-07
 -1.0301163E-07  -1.2736694E-07  -6.3935832E-08  -3.3631144E-06  -6.9596510E-06  -3.3043920E-07  -2.7837106E-07   3.7907330E-03   1.6402740E-03   2.2621542E-03  -7.6972582E-04  -2.1605753E-04   1.9078593E-05  -5.0100984E-05   5.8533916E-06  -2.0677310E-04  -2.5163701E-05  -6.6185700E-05   7.7839401E-06  -2.7980711E-06   3.4214485E-07   3.5217693E-07   2.4427386E-05   8.3287586E-06
 -2.4154051E-07  -6.4941276E-07   2.9683932E-08  -2.2764238E-06  -3.4737340E-06  -2.4815801E-06   8.0460124E-10   7.1246822E-03   5.1266039E-03   3.3320470E-03   2.4983058E-04  -8.8073281E-05   3.5449635E-06   7.0284442E-06   6.1391871E-06  -3.9850463E-04  -2.4285354E-05  -8.9318898E-05  -6.0794147E-06  -2.4517620E-05   7.3184898E-07   1.4576736E-07   8.3287586E-06   2.4042945E-05
