# omegabh2 omegach2 theta tau mnu nnu logA ns calPlanck aps100 aps143 aps217 acib217 asz143 psr cibr xi aksz dust100 dust143 dust217 dust143x217 cal0 cal2 calTE calEE
  4.9463447E-08   3.3388132E-07  -3.3327400E-08   3.3184541E-07  -5.4061574E-06   3.2392304E-05   1.7580088E-06   1.5644295E-06   2.1487085E-08   3.1312641E-04   1.3125953E-04  -1.1962224E-04   8.1457985E-05  -1.3485938E-05  -8.2196578E-07   2.0576716E-06   8.0488544E-07   3.5765097E-05  -1.7233230E-07  -2.8768106E-07   9.4286954E-08   4.7869394E-08   1.8180783E-09   1.7080299E-08   8.5846980E-08   1.8054887E-07
  3.3388132E-07   1.0552974E-05  -1.2392324E-06   3.2111110E-07   4.5807819E-05   6.4037197E-04   2.8835165E-05   1.9768261E-05  -9.1498180E-08   1.7107321E-02   1.0099241E-02  -3.7012156E-03   4.8059431E-03  -7.4349254E-04  -4.3488022E-05   8.6453781E-05  -3.4579281E-05   1.4088940E-03   9.1037039E-06   1.7767625E-05  -1.6786062E-05   1.7592594E-05  -4.3937583E-08   4.5969187E-07   4.0323019E-06   7.8695252E-06
 -3.3327400E-08  -1.2392324E-06   2.3060020E-07  -1.1829199E-07  -8.3858653E-06  -7.6653095E-05  -3.4394014E-06  -2.3264786E-06   2.4053792E-08  -2.1293722E-03  -1.2351829E-03   3.1817959E-04  -5.1790156E-04   8.9135615E-05   5.2613916E-06  -8.9633960E-06   5.2833023E-06  -1.5432394E-04  -1.1328716E-06  -1.0679118E-06   1.5206338E-06  -2.1621896E-06   1.0825687E-10  -5.8449065E-08  -5.5448421E-07  -9.6731666E-07
  3.3184541E-07   3.2111110E-07  -1.1829199E-07   4.1684059E-05   6.2738323E-05   1.8716731E-04   8.1953970E-05   1.4142158E-05  -1.2385455E-06  -4.6947626E-03   1.1614875E-03  -5.1649577E-04  -3.8563308E-04   7.2958349E-05  -1.0154185E-05   3.4673654E-05   5.0181231E-05  -2.0215066E-04  -1.9380842E-05  -2.5934535E-05   1.3602464E-05   4.0205445E-06  -7.8986314E-08   2.2297153E-07  -8.9848341E-07   7.7680201E-07
 -5.4061574E-06   4.5807819E-05  -8.3858653E-06   6.2738323E-05   7.6874392E-03  -3.2211304E-04   2.4316011E-04  -1.5737254E-04   1.1211712E-05   1.1057503E-01   8.3564191E-02   1.4929073E-02   1.9246703E-02  -3.5756448E-03  -5.0320691E-05   1.9896289E-04  -9.6438111E-05   8.8792077E-04  -1.0754676E-04  -5.6461394E-04   6.0955868E-05   1.7804739E-04   2.9797433E-06   5.9885953E-06   3.7316260E-05   1.4683356E-05
  3.2392304E-05   6.4037197E-04  -7.6653095E-05   1.8716731E-04  -3.2211304E-04   4.6153570E-02   2.1653326E-03   1.7209102E-03   7.9494341E-06   1.1306312E+00   6.4684790E-01  -2.6018597E-01   3.1609292E-01  -4.8603257E-02  -2.8677515E-03   5.8755688E-03  -1.8912031E-03   9.0493280E-02   1.8591439E-04   7.6658383E-04  -1.0614298E-03   8.8151615E-04  -1.0359223E-06   3.2035012E-05   2.8239730E-04   5.9883159E-04
  1.7580088E-06   2.8835165E-05  -3.4394014E-06   8.1953970E-05   2.4316011E-04   2.1653326E-03   2.6556660E-04   8.5510047E-05   9.6532066E-06   4.2461275E-02   3.1349613E-02  -3.3539221E-03   1.0885024E-02  -2.0195891E-03  -1.1355483E-04   2.4119455E-04   5.2266335E-05   2.7221480E-03  -2.7337642E-05  -1.1083482E-04  -6.0447438E-07   2.8825883E-05   4.1466158E-07   1.5570381E-06   9.2667955E-06   2.6056524E-05
  1.5644295E-06   1.9768261E-05  -2.3264786E-06   1.4142158E-05  -1.5737254E-04   1.7209102E-03   8.5510047E-05   8.4055361E-05   9.2225833E-07   1.8957060E-02   1.5331669E-02  -1.2024380E-03   5.2802918E-03  -1.2220396E-03  -3.7348002E-05   1.0845070E-04   4.8247852E-06   1.3453005E-03   1.4744967E-06  -5.8470155E-06  -8.3182022E-06   3.6235204E-07  -3.0803391E-07   8.0705275E-07   9.7993640E-06   1.9682678E-05
  2.1487085E-08  -9.1498180E-08   2.4053792E-08  -1.2385455E-06   1.1211712E-05   7.9494341E-06   9.6532066E-06   9.2225833E-07   6.1604125E-06   3.1508136E-03   5.3458124E-04   1.3773876E-03   4.7173920E-04  -7.9532442E-05  -2.4531554E-06  -2.4963826E-06  -1.1243040E-06   8.2212784E-05   8.7676864E-06  -4.1295956E-06   1.6198480E-06  -8.2273182E-06   2.7595546E-08  -1.3308750E-07  -2.0648865E-07   2.2130523E-08
  3.1312641E-04   1.7107321E-02  -2.1293722E-03  -4.6947626E-03   1.1057503E-01   1.1306312E+00   4.2461275E-02   1.8957060E-02   3.1508136E-03   6.4104948E+02   7.4309305E+01  -6.1063104E+01   3.6895052E+01  -2.6318319E+01  -9.2680881E-01  -7.8936736E-02  -2.8893850E-01   1.2661927E+01  -1.4564518E-01   3.2957597E-01  -2.5951338E-01  -1.3786080E-01   6.7735988E-03   3.4193693E-03   9.1187123E-03   2.1304126E-02
  1.3125953E-04   1.0099241E-02  -1.2351829E-03   1.1614875E-03   8.3564191E-02   6.4684790E-01   3.1349613E-02   1.5331669E-02   5.3458124E-04   7.4309305E+01   7.6066507E+01   6.7104924E+00   1.0491015E+01  -1.1469257E+00  -6.8164426E-02   5.0535301E-01   8.6247095E-01  -6.7889197E+00  -4.0620349E-02  -2.4198475E-01   2.7434048E-02   7.5709779E-02   8.6831444E-04   1.0509108E-03   6.0979241E-03   1.3212789E-02
 -1.1962224E-04  -3.7012156E-03   3.1817959E-04  -5.1649577E-04   1.4929073E-02  -2.6018597E-01  -3.3539221E-03  -1.2024380E-03   1.3773876E-03  -6.1063104E+01   6.7104924E+00   1.7537088E+02  -8.4347515E+01   2.7839040E+00   3.0007537E-01  -1.0241638E+00   3.6324335E-01  -7.5249708E+00  -4.7546297E-02  -3.0432688E-01   5.6976790E-01  -5.7484928E-02   1.7808347E-03  -7.7555450E-03   1.3634069E-03  -3.7403137E-04
  8.1457985E-05   4.8059431E-03  -5.1790156E-04  -3.8563308E-04   1.9246703E-02   3.1609292E-01   1.0885024E-02   5.2802918E-03   4.7173920E-04   3.6895052E+01   1.0491015E+01  -8.4347515E+01   5.3690477E+01   1.3177037E+00  -3.0527420E-02   7.2995494E-01  -2.7831095E-01  -2.0455318E+00   1.8103496E-02   1.7731791E-01  -4.5863136E-01  -6.8483857E-02  -6.1539166E-04   3.2513219E-03   1.1590019E-03   4.1630052E-03
 -1.3485938E-05  -7.4349254E-04   8.9135615E-05   7.2958349E-05  -3.5756448E-03  -4.8603257E-02  -2.0195891E-03  -1.2220396E-03  -7.9532442E-05  -2.6318319E+01  -1.1469257E+00   2.7839040E+00   1.3177037E+00   4.2942260E+00   1.0900082E-01   1.4490520E-01  -3.2980993E-02  -3.5099698E+00  -6.1735083E-03  -4.6603581E-03   9.4530658E-03   5.3361696E-02   4.5320676E-04  -2.2625113E-04  -5.1612837E-04  -8.4904656E-04
 -8.2196578E-07  -4.3488022E-05   5.2613916E-06  -1.0154185E-05  -5.0320691E-05  -2.8677515E-03  -1.1355483E-04  -3.7348002E-05  -2.4531554E-06  -9.2680881E-01  -6.8164426E-02   3.0007537E-01  -3.0527420E-02   1.0900082E-01   1.6998174E-02  -1.6697538E-02   1.1731161E-02  -1.1298933E-01  -6.0059216E-04  -1.3123347E-03  -2.7403480E-03   5.0948917E-03   1.9408919E-05  -3.6524617E-05   9.5203312E-06  -2.8855504E-05
  2.0576716E-06   8.6453781E-05  -8.9633960E-06   3.4673654E-05   1.9896289E-04   5.8755688E-03   2.4119455E-04   1.0845070E-04  -2.4963826E-06  -7.8936736E-02   5.0535301E-01  -1.0241638E+00   7.2995494E-01   1.4490520E-01  -1.6697538E-02   6.9450600E-02   4.8075193E-03  -1.3593559E-01   6.8098327E-04   7.9248895E-03  -4.9916492E-04  -1.7283993E-02  -1.4798206E-05   9.5274339E-05  -2.6136215E-05   5.5099811E-05
  8.0488544E-07  -3.4579281E-05   5.2833023E-06   5.0181231E-05  -9.6438111E-05  -1.8912031E-03   5.2266335E-05   4.8247852E-06  -1.1243040E-06  -2.8893850E-01   8.6247095E-01   3.6324335E-01  -2.7831095E-01  -3.2980993E-02   1.1731161E-02   4.8075193E-03   8.4781284E-02   3.9890216E-02  -9.9112393E-04  -4.6070048E-05   1.1463056E-03   4.5071309E-04   1.6483176E-05  -6.0301960E-06   2.4054422E-05  -2.1588951E-06
  3.5765097E-05   1.4088940E-03  -1.5432394E-04  -2.0215066E-04   8.8792077E-04   9.0493280E-02   2.7221480E-03   1.3453005E-03   8.2212784E-05   1.2661927E+01  -6.7889197E+00  -7.5249708E+00  -2.0455318E+00  -3.5099698E+00  -1.1298933E-01  -1.3593559E-01   3.9890216E-02   7.3096059E+00   1.0430249E-02  -5.4675095E-03  -6.2016602E-03  -5.2178408E-02  -3.6450266E-04   1.0160079E-04   3.9192096E-04   9.8826375E-04
 -1.7233230E-07   9.1037039E-06  -1.1328716E-06  -1.9380842E-05  -1.0754676E-04   1.8591439E-04  -2.7337642E-05   1.4744967E-06   8.7676864E-06  -1.4564518E-01  -4.0620349E-02  -4.7546297E-02   1.8103496E-02  -6.1735083E-03  -6.0059216E-04   6.8098327E-04  -9.9112393E-04   1.0430249E-02   3.9406610E-02   4.1658787E-03   2.5330308E-05   8.1616253E-04   3.1509463E-05  -7.8423092E-06  -4.7008583E-06  -2.3722098E-05
 -2.8768106E-07   1.7767625E-05  -1.0679118E-06  -2.5934535E-05  -5.6461394E-04   7.6658383E-04  -1.1083482E-04  -5.8470155E-06  -4.1295956E-06   3.2957597E-01  -2.4198475E-01  -3.0432688E-01   1.7731791E-01  -4.6603581E-03  -1.3123347E-03   7.9248895E-03  -4.6070048E-05  -5.4675095E-03   4.1658787E-03   3.2068159E-02  -6.4515374E-04   5.6702946E-03  -8.1281957E-05  -4.3345006E-05  -6.8468252E-05  -6.3704842E-05
  9.4286954E-08  -1.6786062E-05   1.5206338E-06   1.3602464E-05   6.0955868E-05  -1.0614298E-03  -6.0447438E-07  -8.3182022E-06   1.6198480E-06  -2.5951338E-01   2.7434048E-02   5.6976790E-01  -4.5863136E-01   9.4530658E-03  -2.7403480E-03  -4.9916492E-04   1.1463056E-03  -6.2016602E-03   2.5330308E-05  -6.4515374E-04   1.0527034E-02   8.0870190E-03   6.0931622E-06   6.1805521E-05  -9.0754585E-06  -1.7123725E-05
  4.7869394E-08   1.7592594E-05  -2.1621896E-06   4.0205445E-06   1.7804739E-04   8.8151615E-04   2.8825883E-05   3.6235204E-07  -8.2273182E-06  -1.3786080E-01   7.5709779E-02  -5.7484928E-02  -6.8483857E-02   5.3361696E-02   5.0948917E-03  -1.7283993E-02   4.5071309E-04  -5.2178408E-02   8.1616253E-04   5.6702946E-03   8.0870190E-03   2.6106413E-02   1.7015431E-06   6.3024897E-05  -1.6483589E-06   1.0101276E-05
  1.8180783E-09  -4.3937583E-08   1.0825687E-10  -7.8986314E-08   2.9797433E-06  -1.0359223E-06   4.1466158E-07  -3.0803391E-07   2.7595546E-08   6.7735988E-03   8.6831444E-04   1.7808347E-03  -6.1539166E-04   4.5320676E-04   1.9408919E-05  -1.4798206E-05   1.6483176E-05  -3.6450266E-04   3.1509463E-05  -8.1281957E-05   6.0931622E-06   1.7015431E-06   1.1226088E-06   7.8918728E-08   4.3047076E-07   6.0616780E-07
  1.7080299E-08   4.5969187E-07  -5.8449065E-08   2.2297153E-07   5.9885953E-06   3.2035012E-05   1.5570381E-06   8.0705275E-07  -1.3308750E-07   3.4193693E-03   1.0509108E-03  -7.7555450E-03   3.2513219E-03  -2.2625113E-04  -3.6524617E-05   9.5274339E-05  -6.0301960E-06   1.0160079E-04  -7.8423092E-06  -4.3345006E-05   6.1805521E-05   6.3024897E-05   7.8918728E-08   2.4821151E-06   3.5748412E-07   5.2874287E-07
  8.5846980E-08   4.0323019E-06  -5.5448421E-07  -8.9848341E-07   3.7316260E-05   2.8239730E-04   9.2667955E-06   9.7993640E-06  -2.0648865E-07   9.1187123E-03   6.0979241E-03   1.3634069E-03   1.1590019E-03  -5.1612837E-04   9.5203312E-06  -2.6136215E-05   2.4054422E-05   3.9192096E-04  -4.7008583E-06  -6.8468252E-05  -9.0754585E-06  -1.6483589E-06   4.3047076E-07   3.5748412E-07   2.6003423E-05   1.1385589E-05
  1.8054887E-07   7.8695252E-06  -9.6731666E-07   7.7680201E-07   1.4683356E-05   5.9883159E-04   2.6056524E-05   1.9682678E-05   2.2130523E-08   2.1304126E-02   1.3212789E-02  -3.7403137E-04   4.1630052E-03  -8.4904656E-04  -2.8855504E-05   5.5099811E-05  -2.1588951E-06   9.8826375E-04  -2.3722098E-05  -6.3704842E-05  -1.7123725E-05   1.0101276E-05   6.0616780E-07   5.2874287E-07   1.1385589E-05   3.1238556E-05
