# omegabh2 omegach2 theta tau logA ns calPlanck acib217 xi asz143 aps100 aps143 aps143217 aps217 aksz kgal100 kgal143 kgal143217 kgal217 galfTE100 galfTE100143 galfTE100217 galfTE143 galfTE143217 galfTE217 cal0 cal2
  2.1978759E-08  -1.1667205E-07   1.6816654E-08   2.2032878E-07   2.7147139E-07   2.9098386E-07   1.4972410E-08  -7.6241222E-05   1.0094845E-06   1.4953062E-05  -3.2511253E-04  -2.3758276E-04  -1.1587565E-04  -3.1307519E-05  -2.4702114E-05  -5.0861048E-07  -3.5918178E-06  -7.5665026E-06   1.6857277E-05  -8.6135748E-08   4.4981703E-08  -2.0911901E-07  -2.0977206E-07  -5.7757248E-07  -2.2018782E-06   2.8017783E-09  -1.1847273E-09
 -1.1667205E-07   1.8550358E-06  -1.4712833E-07  -2.5569412E-06  -8.8598811E-07  -4.3094769E-06  -1.3987451E-07   1.3774474E-04   1.5405492E-06  -8.1882613E-05   1.2232376E-03   1.2611056E-03   8.2825445E-04   5.6856788E-04   2.8319935E-05  -2.1813720E-05  -5.3042015E-05  -4.7393504E-05  -8.9563947E-05   7.9385738E-07  -3.6991882E-07   3.0741761E-07   1.1960591E-06   3.7565906E-06   1.3232534E-05  -5.5542324E-09   7.0760553E-09
  1.6816654E-08  -1.4712833E-07   9.5420082E-08   2.4038689E-07   2.6030241E-07   4.7277706E-07   2.2194246E-08  -2.1634459E-05   1.2291000E-06   3.8572980E-06  -8.1212424E-05  -8.5094989E-05  -3.1760055E-05  -2.5040372E-05  -1.1972538E-06   1.1733696E-06   8.6635763E-06  -3.3260596E-06  -3.1667918E-06  -3.2422754E-08  -3.6211886E-08  -5.9243418E-08  -1.8026686E-07  -6.8611796E-07  -2.2122631E-06   6.7883496E-10   7.9085881E-11
  2.2032878E-07  -2.5569412E-06   2.4038689E-07   4.9318831E-05   9.1099877E-05   8.1788006E-06  -7.0059720E-07  -2.8010212E-03   6.0547219E-05   2.6422927E-04  -9.6767763E-03  -3.9394530E-03  -3.1143098E-04   1.6804609E-03  -7.7526013E-04  -8.7215454E-05  -3.0704063E-04  -3.9343468E-04   4.9871908E-04  -2.0549394E-06  -3.5780164E-06  -1.2332076E-05  -3.9883622E-06  -1.0388028E-05  -5.2422749E-05  -1.1472305E-08  -5.9998035E-08
  2.7147139E-07  -8.8598811E-07   2.6030241E-07   9.1099877E-05   2.0588784E-04   5.6963361E-06   1.1085443E-05  -5.6501949E-03   1.7504934E-04   4.5894409E-04  -1.6530549E-02  -4.2072982E-03   4.0588567E-03   1.0871926E-02  -2.5750725E-03  -4.9637243E-04  -1.4892835E-03  -1.6848613E-03   1.9748215E-03   4.4489347E-07  -7.2184608E-06  -1.9720801E-05  -9.2068311E-06  -1.2829384E-05  -7.0049016E-05   1.0224615E-07  -1.4342047E-07
  2.9098386E-07  -4.3094769E-06   4.7277706E-07   8.1788006E-06   5.6963361E-06   1.8937721E-05   5.6993269E-07  -4.1201517E-03   7.3581608E-05   7.7320098E-04  -2.2081629E-02  -7.5840757E-03  -1.0053645E-04   3.8096620E-03  -1.9685506E-03   2.1726064E-04  -2.1177380E-04  -4.7540603E-04   8.9244429E-04  -1.5932382E-06  -1.6913446E-06   4.8691240E-06  -6.0056842E-06  -7.4129595E-06  -2.0004759E-05  -1.0871509E-07  -7.1303991E-08
  1.4972410E-08  -1.3987451E-07   2.2194246E-08  -7.0059720E-07   1.1085443E-05   5.6993269E-07   6.3322726E-06   6.6257929E-04   4.4429307E-06   2.8896883E-05   2.3974729E-03   3.7011785E-04   5.2112678E-04   1.4894274E-03  -1.3835937E-04   1.4872362E-05  -6.5992029E-05  -1.5262851E-04   5.7441381E-04   9.9555322E-07   2.3281040E-08   2.8713030E-06  -2.6370163E-06  -6.4192434E-07   5.1272986E-06  -1.0846446E-08  -1.2787734E-08
 -7.6241222E-05   1.3774474E-04  -2.1634459E-05  -2.8010212E-03  -5.6501949E-03  -4.1201517E-03   6.6257929E-04   4.3663801E+01  -3.6517982E-01  -6.4700878E-01   3.4541641E+01   2.0389534E+00  -1.1942598E+01  -5.3545154E+01  -2.4944717E-01   5.1444214E-02   4.7242268E-01  -5.9069343E+00  -3.3091969E+01  -2.2975706E-03   1.2618278E-03   2.2737706E-03   5.3608568E-03  -4.4591310E-03   1.1724444E-02  -1.9759950E-04   6.6791118E-04
  1.0094845E-06   1.5405492E-06   1.2291000E-06   6.0547219E-05   1.7504934E-04   7.3581608E-05   4.4429307E-06  -3.6517982E-01   8.3151581E-02  -3.7358262E-02  -5.8465399E-01   9.7103338E-01   1.7634089E+00   6.1698617E-01   4.3225397E-02  -2.9220800E-03   1.2464697E-02   1.3002819E-01   1.6065074E-01  -7.1807798E-06   6.1977613E-05  -1.2883336E-04   1.1526414E-06  -2.2064043E-05  -1.3906878E-03   5.6702794E-06   3.4084024E-07
  1.4953062E-05  -8.1882613E-05   3.8572980E-06   2.6422927E-04   4.5894409E-04   7.7320098E-04   2.8896883E-05  -6.4700878E-01  -3.7358262E-02   3.7633721E+00  -2.9266964E+01  -3.2410963E+00   7.3385684E+00   4.9425142E+00  -2.6334506E+00  -2.0311190E-01   2.0288951E-01   2.6255414E+00   3.1167899E+00   9.8165658E-05  -6.0441275E-04   1.0452520E-03  -1.7946295E-04   7.9788734E-04   2.4728490E-03   1.2608237E-04  -5.5527366E-05
 -3.2511253E-04   1.2232376E-03  -8.1212424E-05  -9.6767763E-03  -1.6530549E-02  -2.2081629E-02   2.3974729E-03   3.4541641E+01  -5.8465399E-01  -2.9266964E+01   7.7291768E+02   7.0062352E+01  -5.0387331E+01  -5.6626515E+01   1.2447714E+01  -5.9683427E+00   5.7193122E+00  -1.2001877E+01  -2.3283259E+01   3.4942018E-04   3.6915017E-03  -1.2195032E-02   2.9664694E-03  -6.7381179E-03   2.6211811E-02   3.7524221E-03   6.4689550E-04
 -2.3758276E-04   1.2611056E-03  -8.5094989E-05  -3.9394530E-03  -4.2072982E-03  -7.5840757E-03   3.7011785E-04   2.0389534E+00   9.7103338E-01  -3.2410963E+00   7.0062352E+01   6.2346808E+01   4.2067521E+01   1.5076401E+01  -5.0217849E+00  -3.9805934E-01  -1.3087577E+00   3.2956303E+00   3.8131440E+00   2.7068751E-03   3.3781047E-03   3.8814167E-03   4.5151713E-03   1.3470570E-03  -2.0729428E-02   8.5147958E-05   1.3108697E-04
 -1.1587565E-04   8.2825445E-04  -3.1760055E-05  -3.1143098E-04   4.0588567E-03  -1.0053645E-04   5.2112678E-04  -1.1942598E+01   1.7634089E+00   7.3385684E+00  -5.0387331E+01   4.2067521E+01   8.6348876E+01   5.1728652E+01  -1.1559964E+01  -7.9857427E-01  -5.5484947E-01   4.9911302E+00   7.4848292E+00   2.6741385E-03  -2.9270003E-04   7.7728912E-03   2.3601449E-03   7.1386078E-03  -1.6075261E-02   5.0290951E-04  -3.7638241E-04
 -3.1307519E-05   5.6856788E-04  -2.5040372E-05   1.6804609E-03   1.0871926E-02   3.8096620E-03   1.4894274E-03  -5.3545154E+01   6.1698617E-01   4.9425142E+00  -5.6626515E+01   1.5076401E+01   5.1728652E+01   1.0164459E+02  -9.1020236E+00  -5.0949756E-01  -1.1628375E+00   5.2077173E+00   3.2350744E+01   5.6683421E-03  -2.7638832E-03   2.4414388E-03  -4.7514110E-03   1.6174937E-02  -1.2836874E-02   4.8818689E-04  -1.2992959E-03
 -2.4702114E-05   2.8319935E-05  -1.1972538E-06  -7.7526013E-04  -2.5750725E-03  -1.9685506E-03  -1.3835937E-04  -2.4944717E-01   4.3225397E-02  -2.6334506E+00   1.2447714E+01  -5.0217849E+00  -1.1559964E+01  -9.1020236E+00   5.8065286E+00   1.4868041E-01  -2.1058474E-01  -1.9751019E+00  -2.1077768E+00  -9.4586522E-04   7.3532235E-04  -3.2447993E-03   1.1024791E-04  -1.4190231E-03  -1.0863276E-03  -8.5908854E-05   1.9485833E-05
 -5.0861048E-07  -2.1813720E-05   1.1733696E-06  -8.7215454E-05  -4.9637243E-04   2.1726064E-04   1.4872362E-05   5.1444214E-02  -2.9220800E-03  -2.0311190E-01  -5.9683427E+00  -3.9805934E-01  -7.9857427E-01  -5.0949756E-01   1.4868041E-01   3.3013971E+00   5.7360631E-01   2.2671781E-01   2.5478931E-01  -2.6197299E-04   2.1679368E-04   6.7435322E-04  -1.0682149E-03   1.6823425E-04   1.9583836E-03   1.7722727E-04  -1.2948916E-05
 -3.5918178E-06  -5.3042015E-05   8.6635763E-06  -3.0704063E-04  -1.4892835E-03  -2.1177380E-04  -6.5992029E-05   4.7242268E-01   1.2464697E-02   2.0288951E-01   5.7193122E+00  -1.3087577E+00  -5.5484947E-01  -1.1628375E+00  -2.1058474E-01   5.7360631E-01   3.1599191E+00   2.7781595E+00   2.8542817E+00   3.9079408E-04   3.1644985E-04   3.1666113E-04  -4.4303832E-04  -7.4065078E-04   6.4160733E-04  -1.6481414E-04  -3.9623454E-05
 -7.5665026E-06  -4.7393504E-05  -3.3260596E-06  -3.9343468E-04  -1.6848613E-03  -4.7540603E-04  -1.5262851E-04  -5.9069343E+00   1.3002819E-01   2.6255414E+00  -1.2001877E+01   3.2956303E+00   4.9911302E+00   5.2077173E+00  -1.9751019E+00   2.2671781E-01   2.7781595E+00   1.0920737E+01   1.9525402E+01   6.9074465E-04   8.8718800E-04  -4.1856729E-04  -1.4164793E-04  -4.1516065E-04  -1.2427216E-03   6.4580522E-06   4.0707500E-04
  1.6857277E-05  -8.9563947E-05  -3.1667918E-06   4.9871908E-04   1.9748215E-03   8.9244429E-04   5.7441381E-04  -3.3091969E+01   1.6065074E-01   3.1167899E+00  -2.3283259E+01   3.8131440E+00   7.4848292E+00   3.2350744E+01  -2.1077768E+00   2.5478931E-01   2.8542817E+00   1.9525402E+01   5.3882263E+01   2.3846439E-03   7.8314105E-04  -1.3218481E-03  -3.0758451E-03  -1.4498263E-03  -4.2139106E-03   8.9750363E-05   9.4529954E-04
 -8.6135748E-08   7.9385738E-07  -3.2422754E-08  -2.0549394E-06   4.4489347E-07  -1.5932382E-06   9.9555322E-07  -2.2975706E-03  -7.1807798E-06   9.8165658E-05   3.4942018E-04   2.7068751E-03   2.6741385E-03   5.6683421E-03  -9.4586522E-04  -2.6197299E-04   3.9079408E-04   6.9074465E-04   2.3846439E-03   1.4782695E-03   2.7655465E-04   1.3986343E-04  -3.3730071E-04  -7.9400172E-05  -3.9882331E-05  -1.4037894E-07  -2.4033909E-07
  4.4981703E-08  -3.6991882E-07  -3.6211886E-08  -3.5780164E-06  -7.2184608E-06  -1.6913446E-06   2.3281040E-08   1.2618278E-03   6.1977613E-05  -6.0441275E-04   3.6915017E-03   3.3781047E-03  -2.9270003E-04  -2.7638832E-03   7.3532235E-04   2.1679368E-04   3.1644985E-04   8.8718800E-04   7.8314105E-04   2.7655465E-04   8.6973414E-04   5.3657228E-05   7.4643918E-04   6.5311053E-05  -7.2331695E-04  -9.2629719E-08   7.2235770E-08
 -2.0911901E-07   3.0741761E-07  -5.9243418E-08  -1.2332076E-05  -1.9720801E-05   4.8691240E-06   2.8713030E-06   2.2737706E-03  -1.2883336E-04   1.0452520E-03  -1.2195032E-02   3.8814167E-03   7.7728912E-03   2.4414388E-03  -3.2447993E-03   6.7435322E-04   3.1666113E-04  -4.1856729E-04  -1.3218481E-03   1.3986343E-04   5.3657228E-05   7.2384834E-03  -2.6822151E-04   7.2748948E-04   4.7647716E-03  -7.8902166E-07  -1.7198701E-07
 -2.0977206E-07   1.1960591E-06  -1.8026686E-07  -3.9883622E-06  -9.2068311E-06  -6.0056842E-06  -2.6370163E-06   5.3608568E-03   1.1526414E-06  -1.7946295E-04   2.9664694E-03   4.5151713E-03   2.3601449E-03  -4.7514110E-03   1.1024791E-04  -1.0682149E-03  -4.4303832E-04  -1.4164793E-04  -3.0758451E-03  -3.3730071E-04   7.4643918E-04  -2.6822151E-04   2.8311187E-03   5.4671310E-04  -1.0029420E-03   1.3174668E-08   4.4629374E-07
 -5.7757248E-07   3.7565906E-06  -6.8611796E-07  -1.0388028E-05  -1.2829384E-05  -7.4129595E-06  -6.4192434E-07  -4.4591310E-03  -2.2064043E-05   7.9788734E-04  -6.7381179E-03   1.3470570E-03   7.1386078E-03   1.6174937E-02  -1.4190231E-03   1.6823425E-04  -7.4065078E-04  -4.1516065E-04  -1.4498263E-03  -7.9400172E-05   6.5311053E-05   7.2748948E-04   5.4671310E-04   6.4361689E-03   7.8660397E-03   3.0509294E-08  -5.0733446E-07
 -2.2018782E-06   1.3232534E-05  -2.2122631E-06  -5.2422749E-05  -7.0049016E-05  -2.0004759E-05   5.1272986E-06   1.1724444E-02  -1.3906878E-03   2.4728490E-03   2.6211811E-02  -2.0729428E-02  -1.6075261E-02  -1.2836874E-02  -1.0863276E-03   1.9583836E-03   6.4160733E-04  -1.2427216E-03  -4.2139106E-03  -3.9882331E-05  -7.2331695E-04   4.7647716E-03  -1.0029420E-03   7.8660397E-03   7.2415050E-02  -2.8180005E-07  -3.3927514E-06
  2.8017783E-09  -5.5542324E-09   6.7883496E-10  -1.1472305E-08   1.0224615E-07  -1.0871509E-07  -1.0846446E-08  -1.9759950E-04   5.6702794E-06   1.2608237E-04   3.7524221E-03   8.5147958E-05   5.0290951E-04   4.8818689E-04  -8.5908854E-05   1.7722727E-04  -1.6481414E-04   6.4580522E-06   8.9750363E-05  -1.4037894E-07  -9.2629719E-08  -7.8902166E-07   1.3174668E-08   3.0509294E-08  -2.8180005E-07   3.7955658E-07  -5.2865813E-11
 -1.1847273E-09   7.0760553E-09   7.9085881E-11  -5.9998035E-08  -1.4342047E-07  -7.1303991E-08  -1.2787734E-08   6.6791118E-04   3.4084024E-07  -5.5527366E-05   6.4689550E-04   1.3108697E-04  -3.7638241E-04  -1.2992959E-03   1.9485833E-05  -1.2948916E-05  -3.9623454E-05   4.0707500E-04   9.4529954E-04  -2.4033909E-07   7.2235770E-08  -1.7198701E-07   4.4629374E-07  -5.0733446E-07  -3.3927514E-06  -5.2865813E-11   3.8476331E-07
