# omegabh2 omegach2 theta tau mnu nnu logA ns calPlanck aps100 aps143 aps217 acib217 asz143 psr cibr xi aksz dust100 dust143 dust217 dust143x217 cal0 cal2
  5.3121310E-08   4.2580610E-07  -2.8067857E-08   2.2009197E-07   2.4133350E-06   3.0442713E-05   1.6717714E-06   1.2302908E-06   1.2340622E-08   1.6808720E-04   1.4261871E-05  -1.2280567E-04   7.0278975E-05   2.5422838E-06  -7.3428346E-08   1.2723301E-06  -1.0854961E-07   9.6610868E-06   1.1097800E-06   1.2430751E-06  -7.2151758E-08   3.6118393E-07  -1.5918835E-09   1.0934772E-08
  4.2580610E-07   1.6169649E-05  -1.6204396E-06  -2.7446154E-08   1.8716605E-05   9.1374673E-04   4.0942875E-05   2.5461057E-05  -1.4886626E-07   2.2487629E-02   1.3748024E-02  -4.1065291E-03   6.6957035E-03  -6.5765524E-04  -3.4238301E-05   1.1313612E-04  -4.3702868E-05   1.4365222E-03   2.9553411E-05   2.6787717E-05  -2.3418183E-05   1.7473475E-05  -2.5750076E-08   6.8593046E-07
 -2.8067857E-08  -1.6204396E-06   3.4811212E-07   5.9903028E-08  -3.1437593E-06  -9.7258574E-05  -3.7923540E-06  -2.6342616E-06   2.3983155E-08  -2.4742173E-03  -1.4838864E-03   5.6634509E-04  -7.9500372E-04   6.5117289E-05   3.7294899E-06  -1.2572533E-05   4.4960531E-06  -1.6199943E-04  -3.4531660E-06  -2.7280430E-06   3.1880454E-06  -2.1753213E-06   5.9064585E-09  -7.6404122E-08
  2.2009197E-07  -2.7446154E-08   5.9903028E-08   4.6099905E-05   3.9879676E-05   8.2850105E-05   9.2538913E-05   7.9721113E-06   5.0796405E-08  -5.8135758E-03  -3.5690035E-03  -9.5415468E-05  -7.4363103E-04   2.3867777E-04   2.1514304E-05  -8.2061228E-06   3.6773896E-05  -3.7798224E-04  -6.6038737E-06   6.9574315E-06  -8.0225316E-06  -2.3797576E-05  -5.6093803E-08  -2.0145148E-07
  2.4133350E-06   1.8716605E-05  -3.1437593E-06   3.9879676E-05   3.0283018E-03   3.0134038E-03   1.3262526E-04   1.4902979E-04   3.1109288E-06   1.0407710E-01   4.1814431E-02  -3.7865551E-02   3.5636694E-02  -9.5943335E-04  -2.7203921E-04   8.1787899E-04  -3.0843515E-04   9.2925391E-03   1.4407132E-05   1.3338378E-04  -1.3184221E-04  -6.0355001E-05   6.6148721E-07   3.8967204E-06
  3.0442713E-05   9.1374673E-04  -9.7258574E-05   8.2850105E-05   3.0134038E-03   5.7536999E-02   2.4968779E-03   1.8176823E-03  -5.0240222E-06   1.4396827E+00   8.4833982E-01  -2.9533798E-01   4.3123121E-01  -4.2186141E-02  -2.2808747E-03   7.2646058E-03  -2.3357267E-03   9.5909643E-02   1.9113308E-03   1.9336492E-03  -1.5342331E-03   1.1376337E-03  -1.0405520E-06   4.3757345E-05
  1.6717714E-06   4.0942875E-05  -3.7923540E-06   9.2538913E-05   1.3262526E-04   2.4968779E-03   3.2026377E-04   8.0461637E-05   1.2689097E-05   4.8417501E-02   2.8409020E-02  -2.7423958E-03   1.3988494E-02  -1.0967468E-03  -8.2651324E-06   2.0187660E-04   5.4580171E-06   1.8979171E-03   3.1454894E-05  -2.2118846E-05  -5.0296275E-05  -1.4109228E-05   4.5076058E-07   1.3431585E-06
  1.2302908E-06   2.5461057E-05  -2.6342616E-06   7.9721113E-06   1.4902979E-04   1.8176823E-03   8.0461637E-05   7.5878777E-05   1.8259537E-07   2.1880748E-02   1.8889020E-02  -3.9433910E-04   7.2457440E-03  -8.6336627E-04  -1.1453579E-05   1.0973121E-04  -1.3271267E-05   1.1568612E-03   7.8881943E-05   3.8960478E-05  -1.6643505E-05   2.9064434E-05  -3.7183911E-07   1.0281240E-06
  1.2340622E-08  -1.4886626E-07   2.3983155E-08   5.0796405E-08   3.1109288E-06  -5.0240222E-06   1.2689097E-05   1.8259537E-07   6.3950716E-06   2.0703973E-03   1.0627943E-04   1.2872580E-03   4.8421938E-04  -1.9854932E-06   2.0249163E-06  -6.7224258E-06   2.4531256E-06  -2.4054214E-05  -5.7360155E-06  -4.3310824E-06   5.9875694E-06   2.7510907E-08  -1.3511326E-08   5.7067374E-09
  1.6808720E-04   2.2487629E-02  -2.4742173E-03  -5.8135758E-03   1.0407710E-01   1.4396827E+00   4.8417501E-02   2.1880748E-02   2.0703973E-03   6.5173092E+02   8.1544525E+01  -6.6469713E+01   4.3468601E+01  -2.5695285E+01  -8.9574079E-01   2.0562182E-01  -2.5338534E-01   1.4148464E+01  -1.8997710E-01   3.2739617E-01  -2.8680609E-01  -2.0641164E-01   6.7266852E-03   4.6009732E-03
  1.4261871E-05   1.3748024E-02  -1.4838864E-03  -3.5690035E-03   4.1814431E-02   8.4833982E-01   2.8409020E-02   1.8889020E-02   1.0627943E-04   8.1544525E+01   8.1479023E+01   4.6195109E+00   1.3326761E+01  -1.0710954E+00  -5.3055596E-02   5.9164544E-01   8.4710299E-01  -6.5817903E+00   9.0685707E-04  -2.0439684E-01   3.5351897E-02   8.1972895E-02   8.7713789E-04   1.4237050E-03
 -1.2280567E-04  -4.1065291E-03   5.6634509E-04  -9.5415468E-05  -3.7865551E-02  -2.9533798E-01  -2.7423958E-03  -3.9433910E-04   1.2872580E-03  -6.6469713E+01   4.6195109E+00   1.8170179E+02  -8.8153426E+01   2.5969687E+00   3.9394289E-01  -1.1207573E+00   3.3774876E-01  -8.1121816E+00  -5.4693253E-02  -2.4332278E-01   5.9451153E-01   5.6533860E-02   1.5532092E-03  -8.2522557E-03
  7.0278975E-05   6.6957035E-03  -7.9500372E-04  -7.4363103E-04   3.5636694E-02   4.3123121E-01   1.3988494E-02   7.2457440E-03   4.8421938E-04   4.3468601E+01   1.3326761E+01  -8.8153426E+01   5.6947740E+01   1.3917688E+00  -8.9933962E-02   7.9354437E-01  -2.7443351E-01  -1.6935779E+00   3.7697553E-02   1.5732969E-01  -4.8066789E-01  -1.4047992E-01  -5.3092172E-04   3.6151667E-03
  2.5422838E-06  -6.5765524E-04   6.5117289E-05   2.3867777E-04  -9.5943335E-04  -4.2186141E-02  -1.0967468E-03  -8.6336627E-04  -1.9854932E-06  -2.5695285E+01  -1.0710954E+00   2.5969687E+00   1.3917688E+00   4.2407002E+00   1.0361059E-01   1.3281601E-01  -3.6248179E-02  -3.5182941E+00  -1.3705005E-03  -6.2850839E-03   6.9995069E-03   4.9849478E-02   4.4019040E-04  -2.8578364E-04
 -7.3428346E-08  -3.4238301E-05   3.7294899E-06   2.1514304E-05  -2.7203921E-04  -2.2808747E-03  -8.2651324E-06  -1.1453579E-05   2.0249163E-06  -8.9574079E-01  -5.3055596E-02   3.9394289E-01  -8.9933962E-02   1.0361059E-01   1.6658507E-02  -1.7304704E-02   1.1920537E-02  -1.1014751E-01  -2.7146345E-04  -1.4173367E-03  -2.1813429E-03   5.6993840E-03   1.8320411E-05  -3.9795471E-05
  1.2723301E-06   1.1313612E-04  -1.2572533E-05  -8.2061228E-06   8.1787899E-04   7.2646058E-03   2.0187660E-04   1.0973121E-04  -6.7224258E-06   2.0562182E-01   5.9164544E-01  -1.1207573E+00   7.9354437E-01   1.3281601E-01  -1.7304704E-02   6.6070091E-02   4.2815850E-03  -1.2490828E-01   8.6130219E-04   6.7877626E-03  -1.0722327E-03  -1.8140393E-02  -6.9331656E-06   9.5741949E-05
 -1.0854961E-07  -4.3702868E-05   4.4960531E-06   3.6773896E-05  -3.0843515E-04  -2.3357267E-03   5.4580171E-06  -1.3271267E-05   2.4531256E-06  -2.5338534E-01   8.4710299E-01   3.3774876E-01  -2.7443351E-01  -3.6248179E-02   1.1920537E-02   4.2815850E-03   8.3151168E-02   3.7433012E-02  -6.5445569E-04   2.0330707E-04   1.3110148E-03   1.0453898E-03   1.4894057E-05  -8.3012497E-06
  9.6610868E-06   1.4365222E-03  -1.6199943E-04  -3.7798224E-04   9.2925391E-03   9.5909643E-02   1.8979171E-03   1.1568612E-03  -2.4054214E-05   1.4148464E+01  -6.5817903E+00  -8.1121816E+00  -1.6935779E+00  -3.5182941E+00  -1.1014751E-01  -1.2490828E-01   3.7433012E-02   7.5133353E+00   9.1109575E-04   4.1839092E-03  -6.3552553E-03  -4.6174357E-02  -3.3233979E-04   2.0336383E-04
  1.1097800E-06   2.9553411E-05  -3.4531660E-06  -6.6038737E-06   1.4407132E-05   1.9113308E-03   3.1454894E-05   7.8881943E-05  -5.7360155E-06  -1.8997710E-01   9.0685707E-04  -5.4693253E-02   3.7697553E-02  -1.3705005E-03  -2.7146345E-04   8.6130219E-04  -6.5445569E-04   9.1109575E-04   3.7889549E-02   3.0085982E-03  -2.7940156E-04   5.8701340E-04   3.2443718E-05  -5.6358367E-06
  1.2430751E-06   2.6787717E-05  -2.7280430E-06   6.9574315E-06   1.3338378E-04   1.9336492E-03  -2.2118846E-05   3.8960478E-05  -4.3310824E-06   3.2739617E-01  -2.0439684E-01  -2.4332278E-01   1.5732969E-01  -6.2850839E-03  -1.4173367E-03   6.7877626E-03   2.0330707E-04   4.1839092E-03   3.0085982E-03   3.1069766E-02  -7.7362360E-04   5.2369045E-03  -8.2172423E-05  -4.7661708E-05
 -7.2151758E-08  -2.3418183E-05   3.1880454E-06  -8.0225316E-06  -1.3184221E-04  -1.5342331E-03  -5.0296275E-05  -1.6643505E-05   5.9875694E-06  -2.8680609E-01   3.5351897E-02   5.9451153E-01  -4.8066789E-01   6.9995069E-03  -2.1813429E-03  -1.0722327E-03   1.3110148E-03  -6.3552553E-03  -2.7940156E-04  -7.7362360E-04   1.0861959E-02   8.7829871E-03   3.8200665E-06   5.9546067E-05
  3.6118393E-07   1.7473475E-05  -2.1753213E-06  -2.3797576E-05  -6.0355001E-05   1.1376337E-03  -1.4109228E-05   2.9064434E-05   2.7510907E-08  -2.0641164E-01   8.1972895E-02   5.6533860E-02  -1.4047992E-01   4.9849478E-02   5.6993840E-03  -1.8140393E-02   1.0453898E-03  -4.6174357E-02   5.8701340E-04   5.2369045E-03   8.7829871E-03   2.6733539E-02  -4.5302480E-06   5.7409472E-05
 -1.5918835E-09  -2.5750076E-08   5.9064585E-09  -5.6093803E-08   6.6148721E-07  -1.0405520E-06   4.5076058E-07  -3.7183911E-07  -1.3511326E-08   6.7266852E-03   8.7713789E-04   1.5532092E-03  -5.3092172E-04   4.4019040E-04   1.8320411E-05  -6.9331656E-06   1.4894057E-05  -3.3233979E-04   3.2443718E-05  -8.2172423E-05   3.8200665E-06  -4.5302480E-06   1.1135261E-06   5.4717744E-08
  1.0934772E-08   6.8593046E-07  -7.6404122E-08  -2.0145148E-07   3.8967204E-06   4.3757345E-05   1.3431585E-06   1.0281240E-06   5.7067374E-09   4.6009732E-03   1.4237050E-03  -8.2522557E-03   3.6151667E-03  -2.8578364E-04  -3.9795471E-05   9.5741949E-05  -8.3012497E-06   2.0336383E-04  -5.6358367E-06  -4.7661708E-05   5.9546067E-05   5.7409472E-05   5.4717744E-08   2.5119311E-06
