# omegabh2 omegach2 theta tau nnu logA ns galfTE100 galfTE100143 galfTE100217 galfTE143 galfTE143217 galfTE217 cal0 cal2 calPlanck
  1.6180771E-07   1.9175714E-06  -2.2296662E-07   3.1826232E-07   1.5709759E-04   4.6841330E-06   6.3070733E-06  -5.8018041E-08  -1.0847661E-08  -3.6705907E-07  -1.0319902E-06  -1.9388751E-06  -7.8826415E-06   6.5715430E-10  -9.1371672E-10  -1.6857380E-08
  1.9175714E-06   5.0195464E-05  -5.9238938E-06  -7.8021433E-07   3.3926507E-03   9.4949154E-05   8.9418008E-05   5.9384407E-07   3.6130396E-06  -1.2654092E-05   1.9320844E-07  -1.2998559E-05  -7.8108247E-07   2.2339134E-08  -3.7781952E-08  -3.7171695E-07
 -2.2296662E-07  -5.9238938E-06   9.4499058E-07   4.0903377E-08  -4.1203277E-04  -1.1110739E-05  -1.0837098E-05   2.1610155E-07  -5.4313337E-07   1.4444699E-06  -2.4934838E-07   1.9580725E-06  -1.5908488E-07  -1.4495856E-09   7.7999940E-09   3.6655945E-08
  3.1826232E-07  -7.8021433E-07   4.0903377E-08   3.5602812E-05   8.0310863E-05   7.4130434E-05   1.8250618E-05  -3.1448135E-06  -3.5618968E-06   2.4696534E-06  -6.2103453E-06  -4.9398086E-06   8.5016443E-06  -1.2887113E-09   1.9820547E-08   2.2503385E-07
  1.5709759E-04   3.3926507E-03  -4.1203277E-04   8.0310863E-05   2.4988297E-01   6.4573067E-03   7.3746536E-03  -2.2352263E-05   1.5092249E-04  -8.2414838E-04  -2.7194498E-04  -1.4264137E-03  -2.7530147E-03   2.1824919E-06  -3.8391086E-06  -2.4675628E-05
  4.6841330E-06   9.4949154E-05  -1.1110739E-05   7.4130434E-05   6.4573067E-03   4.1379807E-04   2.2499160E-04  -8.2299753E-06   2.3186867E-06  -5.0103107E-06  -6.7790813E-06  -1.3029978E-05   9.5235456E-05  -1.0737812E-08   1.7106680E-07   1.1948089E-05
  6.3070733E-06   8.9418008E-05  -1.0837098E-05   1.8250618E-05   7.3746536E-03   2.2499160E-04   3.4183733E-04  -1.0445633E-05  -3.6555667E-06  -1.1893265E-05  -3.1523591E-05  -4.2431446E-05  -1.2252834E-04  -2.6762863E-09  -8.1889262E-08  -1.7621983E-07
 -5.8018041E-08   5.9384407E-07   2.1610155E-07  -3.1448135E-06  -2.2352263E-05  -8.2299753E-06  -1.0445633E-05   1.4315228E-03   2.7111263E-04   7.6477561E-05  -3.5393142E-04  -8.6364561E-05  -1.0711383E-04   1.0275186E-07  -4.6402511E-07  -1.8582737E-08
 -1.0847661E-08   3.6130396E-06  -5.4313337E-07  -3.5618968E-06   1.5092249E-04   2.3186867E-06  -3.6555667E-06   2.7111263E-04   8.6810819E-04  -4.4052586E-06   7.3058613E-04   3.2553363E-05  -7.8870025E-04   2.8067353E-07   3.5708812E-08  -1.2863168E-08
 -3.6705907E-07  -1.2654092E-05   1.4444699E-06   2.4696534E-06  -8.2414838E-04  -5.0103107E-06  -1.1893265E-05   7.6477561E-05  -4.4052586E-06   7.2392119E-03  -3.4265939E-04   5.5973759E-04   4.4567291E-03   1.5481999E-07   5.0887626E-07   7.3358667E-07
 -1.0319902E-06   1.9320844E-07  -2.4934838E-07  -6.2103453E-06  -2.7194498E-04  -6.7790813E-06  -3.1523591E-05  -3.5393142E-04   7.3058613E-04  -3.4265939E-04   2.9764228E-03   4.9070696E-04  -9.4180690E-04   1.4342551E-07   6.5358234E-07   8.8218661E-07
 -1.9388751E-06  -1.2998559E-05   1.9580725E-06  -4.9398086E-06  -1.4264137E-03  -1.3029978E-05  -4.2431446E-05  -8.6364561E-05   3.2553363E-05   5.5973759E-04   4.9070696E-04   6.3319863E-03   7.8296233E-03  -5.3890292E-07  -3.1391905E-07   2.8954564E-06
 -7.8826415E-06  -7.8108247E-07  -1.5908488E-07   8.5016443E-06  -2.7530147E-03   9.5235456E-05  -1.2252834E-04  -1.0711383E-04  -7.8870025E-04   4.4567291E-03  -9.4180690E-04   7.8296233E-03   7.2641293E-02  -2.9428404E-06   1.7278615E-06   7.8176078E-06
  6.5715430E-10   2.2339134E-08  -1.4495856E-09  -1.2887113E-09   2.1824919E-06  -1.0737812E-08  -2.6762863E-09   1.0275186E-07   2.8067353E-07   1.5481999E-07   1.4342551E-07  -5.3890292E-07  -2.9428404E-06   4.7931255E-07  -1.6086423E-09  -1.9094416E-08
 -9.1371672E-10  -3.7781952E-08   7.7999940E-09   1.9820547E-08  -3.8391086E-06   1.7106680E-07  -8.1889262E-08  -4.6402511E-07   3.5708812E-08   5.0887626E-07   6.5358234E-07  -3.1391905E-07   1.7278615E-06  -1.6086423E-09   4.1780937E-07   2.5748043E-08
 -1.6857380E-08  -3.7171695E-07   3.6655945E-08   2.2503385E-07  -2.4675628E-05   1.1948089E-05  -1.7621983E-07  -1.8582737E-08  -1.2863168E-08   7.3358667E-07   8.8218661E-07   2.8954564E-06   7.8176078E-06  -1.9094416E-08   2.5748043E-08   6.0246113E-06
