# omegabh2 omegach2 theta tau omegak logA ns calPlanck aps100 aps143 aps217 acib217 asz143 psr cibr xi aksz dust100 dust143 dust217 dust143x217 cal0 cal2 calTE calEE
  3.1592021E-08  -1.5532950E-07   2.2836844E-08   8.2710115E-08  -1.3985354E-06  -1.1609009E-07   4.7563926E-07   5.5273715E-10  -6.0879803E-04  -3.7887837E-04   1.2655880E-04  -1.9382319E-04   2.7822984E-05   1.4932317E-06  -2.7209666E-06   2.0523632E-06  -6.4562040E-05  -1.6670804E-07  -3.4529999E-07   1.2975345E-06   1.0040552E-07   1.5659214E-09  -4.9507933E-09  -1.8657709E-07  -2.7424258E-07
 -1.5532950E-07   2.2222769E-06  -1.9039001E-07  -8.1010844E-07   9.9936887E-06   3.3853694E-06  -5.2992868E-06  -4.0290183E-08   2.9359280E-03   1.6664102E-03  -5.1441702E-04   8.2666877E-04  -1.2158614E-04  -4.4999166E-06   1.0046227E-05  -1.1758343E-05   2.2890957E-04  -6.8579058E-06   5.6495670E-07  -3.0573077E-06   1.4731885E-06  -4.6131336E-08   7.5573653E-08   2.8975668E-07  -5.6846342E-07
  2.2836844E-08  -1.9039001E-07   1.0226629E-07   9.0770148E-08  -1.3686263E-06  -1.9419924E-07   5.8019807E-07  -1.5344892E-08  -3.6185052E-04  -9.2422202E-05   6.3247398E-05  -8.5067527E-05   1.8363004E-05  -1.3770735E-07   1.5211677E-06   3.3285364E-06  -4.1202948E-05  -7.2801727E-07  -3.0906869E-07   3.3733902E-07  -8.0220213E-07  -2.5613948E-09  -1.2415910E-08  -1.2506954E-07  -3.1547886E-08
  8.2710115E-08  -8.1010844E-07   9.0770148E-08   2.7067913E-05   1.0380594E-05   5.2345576E-05   3.0566294E-06   2.1799718E-07  -2.3171014E-03  -1.4846332E-03   1.8766511E-03  -1.2497905E-03  -4.0848406E-05   2.0708358E-05  -5.4738447E-05  -1.3069553E-06  -8.9510595E-05  -4.2100880E-06  -1.8478554E-05   2.6200227E-06   2.0458100E-06  -3.5823790E-08  -9.9738301E-08  -8.3532651E-07  -5.1771492E-07
 -1.3985354E-06   9.9936887E-06  -1.3686263E-06   1.0380594E-05   2.5174203E-04   4.6091891E-05  -3.2399622E-05   3.4222410E-06   6.8969975E-02   2.7809947E-02  -1.2456623E-02   1.6784580E-02  -2.5286749E-03  -1.0947611E-04   1.8359470E-04  -1.7166280E-04   5.6495329E-03  -6.6543176E-05   8.0027780E-05  -7.7270448E-05   5.6100567E-05  -1.0020716E-07   1.4757838E-06   2.3370005E-05   1.2060321E-05
 -1.1609009E-07   3.3853694E-06  -1.9419924E-07   5.2345576E-05   4.6091891E-05   1.4144641E-04  -7.0808315E-06   1.3001237E-05   4.4576952E-03   1.9736254E-03   1.0977975E-02  -2.0168881E-03  -2.8182294E-04   4.6620020E-05  -1.2903949E-04  -4.6901742E-05  -9.0760613E-04  -1.0713698E-05  -1.0629137E-04   3.0109478E-05  -5.0565048E-07   2.8580346E-07   5.4979985E-08  -9.7147062E-07  -3.2219088E-07
  4.7563926E-07  -5.2992868E-06   5.8019807E-07   3.0566294E-06  -3.2399622E-05  -7.0808315E-06   2.2519076E-05   2.6230126E-07  -2.7638048E-02  -1.0178579E-02   9.3734124E-03  -7.7653740E-03   5.9243333E-04   7.1164627E-05  -1.3523294E-04   1.0580298E-04  -2.1693396E-03   3.2106517E-05  -2.8812180E-05   3.9070244E-05  -1.0773188E-05  -1.8236363E-07  -4.9951772E-07  -2.2273322E-06  -2.8548085E-06
  5.5273715E-10  -4.0290183E-08  -1.5344892E-08   2.1799718E-07   3.4222410E-06   1.3001237E-05   2.6230126E-07   6.3512415E-06   2.5050935E-03   5.1979464E-04   1.4417610E-03   6.0585774E-04  -3.1783534E-05  -6.7434664E-06   6.6931051E-06  -2.1512848E-05  -8.5134874E-05   1.8456399E-05   1.2667133E-05   8.3217256E-06   1.9005373E-06  -6.5886214E-08   1.9539289E-08  -2.1049758E-08  -2.1272679E-08
 -6.0879803E-04   2.9359280E-03  -3.6185052E-04  -2.3171014E-03   6.8969975E-02   4.4576952E-03  -2.7638048E-02   2.5050935E-03   6.1865638E+02   5.7779256E+01  -6.1671057E+01   3.4412349E+01  -2.5866617E+01  -9.5018045E-01  -2.1011590E-01  -4.9327892E-01   1.1947521E+01  -1.6851669E-01   4.0414569E-01  -3.0613315E-01  -2.1903454E-01   5.9248425E-03   3.0408892E-03   7.8607584E-03   7.0157694E-03
 -3.7887837E-04   1.6664102E-03  -9.2422202E-05  -1.4846332E-03   2.7809947E-02   1.9736254E-03  -1.0178579E-02   5.1979464E-04   5.7779256E+01   6.6560304E+01   5.2981617E+00   8.0822591E+00  -5.9269990E-01  -4.5857156E-02   4.0221551E-01   9.3183756E-01  -7.0130582E+00  -5.3910572E-02  -2.0800745E-01   2.0377317E-02   7.5446352E-02   6.1855848E-04   6.6162732E-04   4.7100755E-03   5.1980855E-03
  1.2655880E-04  -5.1441702E-04   6.3247398E-05   1.8766511E-03  -1.2456623E-02   1.0977975E-02   9.3734124E-03   1.4417610E-03  -6.1671057E+01   5.2981617E+00   1.6579382E+02  -7.9584683E+01   2.8299537E+00   3.0541456E-01  -9.5304928E-01   4.0052572E-01  -6.5150868E+00  -6.0927159E-02  -2.4191869E-01   5.4208921E-01  -6.6267090E-02   1.5783512E-03  -7.2421528E-03   2.3878931E-03   2.6628275E-03
 -1.9382319E-04   8.2666877E-04  -8.5067527E-05  -1.2497905E-03   1.6784580E-02  -2.0168881E-03  -7.7653740E-03   6.0585774E-04   3.4412349E+01   8.0822591E+00  -7.9584683E+01   5.0534038E+01   1.3462539E+00  -3.2058326E-02   6.8809715E-01  -2.9278529E-01  -2.3915182E+00   3.2890352E-02   1.5350023E-01  -4.4507005E-01  -7.9899441E-02  -5.4887183E-04   2.9838136E-03   3.6764409E-04   3.7460856E-04
  2.7822984E-05  -1.2158614E-04   1.8363004E-05  -4.0848406E-05  -2.5286749E-03  -2.8182294E-04   5.9243333E-04  -3.1783534E-05  -2.5866617E+01  -5.9269990E-01   2.8299537E+00   1.3462539E+00   4.2146895E+00   1.0861534E-01   1.5896505E-01  -1.0588912E-02  -3.2492464E+00  -2.2772166E-03  -6.2384401E-03   8.2282579E-03   4.9342923E-02   4.5253907E-04  -2.7149979E-04  -4.6233892E-04  -3.6568314E-04
  1.4932317E-06  -4.4999166E-06  -1.3770735E-07   2.0708358E-05  -1.0947611E-04   4.6620020E-05   7.1164627E-05  -6.7434664E-06  -9.5018045E-01  -4.5857156E-02   3.0541456E-01  -3.2058326E-02   1.0861534E-01   1.8317971E-02  -1.7263823E-02   1.3485357E-02  -9.9463693E-02  -7.2107975E-04  -1.3133367E-03  -2.8964232E-03   4.9754631E-03   1.7504959E-05  -3.7229673E-05   7.1034368E-07  -1.2866280E-05
 -2.7209666E-06   1.0046227E-05   1.5211677E-06  -5.4738447E-05   1.8359470E-04  -1.2903949E-04  -1.3523294E-04   6.6931051E-06  -2.1011590E-01   4.0221551E-01  -9.5304928E-01   6.8809715E-01   1.5896505E-01  -1.7263823E-02   7.0246042E-02   3.3331750E-03  -1.4524666E-01   9.7738627E-04   7.5513074E-03  -8.1815597E-05  -1.7187019E-02  -7.6174809E-06   9.3097436E-05  -3.1991350E-05  -3.9595497E-06
  2.0523632E-06  -1.1758343E-05   3.3285364E-06  -1.3069553E-06  -1.7166280E-04  -4.6901742E-05   1.0580298E-04  -2.1512848E-05  -4.9327892E-01   9.3183756E-01   4.0052572E-01  -2.9278529E-01  -1.0588912E-02   1.3485357E-02   3.3331750E-03   8.5593220E-02   2.4163575E-02  -1.9353095E-03   4.8910220E-04   1.4813016E-03   2.3107553E-03   1.3072725E-05  -1.1736596E-05  -5.0260045E-06  -3.0182657E-05
 -6.4562040E-05   2.2890957E-04  -4.1202948E-05  -8.9510595E-05   5.6495329E-03  -9.0760613E-04  -2.1693396E-03  -8.5134874E-05   1.1947521E+01  -7.0130582E+00  -6.5150868E+00  -2.3915182E+00  -3.2492464E+00  -9.9463693E-02  -1.4524666E-01   2.4163575E-02   6.7438975E+00   3.2737904E-03   3.5333404E-03  -3.2438886E-04  -4.3049560E-02  -3.5638371E-04   6.6465941E-05   4.2668194E-04   2.5441531E-04
 -1.6670804E-07  -6.8579058E-06  -7.2801727E-07  -4.2100880E-06  -6.6543176E-05  -1.0713698E-05   3.2106517E-05   1.8456399E-05  -1.6851669E-01  -5.3910572E-02  -6.0927159E-02   3.2890352E-02  -2.2772166E-03  -7.2107975E-04   9.7738627E-04  -1.9353095E-03   3.2737904E-03   3.9026205E-02   2.8570520E-03  -1.6733193E-04   3.1951147E-04   3.4148012E-05  -1.9286997E-06   4.4317399E-06  -2.2020264E-06
 -3.4529999E-07   5.6495670E-07  -3.0906869E-07  -1.8478554E-05   8.0027780E-05  -1.0629137E-04  -2.8812180E-05   1.2667133E-05   4.0414569E-01  -2.0800745E-01  -2.4191869E-01   1.5350023E-01  -6.2384401E-03  -1.3133367E-03   7.5513074E-03   4.8910220E-04   3.5333404E-03   2.8570520E-03   3.0617002E-02  -6.7278738E-04   4.9758641E-03  -7.4917816E-05  -4.3084031E-05  -9.0823142E-05  -8.2614502E-05
  1.2975345E-06  -3.0573077E-06   3.3733902E-07   2.6200227E-06  -7.7270448E-05   3.0109478E-05   3.9070244E-05   8.3217256E-06  -3.0613315E-01   2.0377317E-02   5.4208921E-01  -4.4507005E-01   8.2282579E-03  -2.8964232E-03  -8.1815597E-05   1.4813016E-03  -3.2438886E-04  -1.6733193E-04  -6.7278738E-04   1.0363922E-02   7.7380853E-03   3.1283206E-06   6.1501829E-05  -9.4216065E-06  -1.0353075E-06
  1.0040552E-07   1.4731885E-06  -8.0220213E-07   2.0458100E-06   5.6100567E-05  -5.0565048E-07  -1.0773188E-05   1.9005373E-06  -2.1903454E-01   7.5446352E-02  -6.6267090E-02  -7.9899441E-02   4.9342923E-02   4.9754631E-03  -1.7187019E-02   2.3107553E-03  -4.3049560E-02   3.1951147E-04   4.9758641E-03   7.7380853E-03   2.4938150E-02  -2.2854298E-06   5.5421393E-05  -1.7364956E-05  -1.1317908E-05
  1.5659214E-09  -4.6131336E-08  -2.5613948E-09  -3.5823790E-08  -1.0020716E-07   2.8580346E-07  -1.8236363E-07  -6.5886214E-08   5.9248425E-03   6.1855848E-04   1.5783512E-03  -5.4887183E-04   4.5253907E-04   1.7504959E-05  -7.6174809E-06   1.3072725E-05  -3.5638371E-04   3.4148012E-05  -7.4917816E-05   3.1283206E-06  -2.2854298E-06   1.0736329E-06   3.2808294E-08   4.0238526E-07   5.5586955E-07
 -4.9507933E-09   7.5573653E-08  -1.2415910E-08  -9.9738301E-08   1.4757838E-06   5.4979985E-08  -4.9951772E-07   1.9539289E-08   3.0408892E-03   6.6162732E-04  -7.2421528E-03   2.9838136E-03  -2.7149979E-04  -3.7229673E-05   9.3097436E-05  -1.1736596E-05   6.6465941E-05  -1.9286997E-06  -4.3084031E-05   6.1501829E-05   5.5421393E-05   3.2808294E-08   2.4527497E-06   3.2253086E-07   2.2133106E-07
 -1.8657709E-07   2.8975668E-07  -1.2506954E-07  -8.3532651E-07   2.3370005E-05  -9.7147062E-07  -2.2273322E-06  -2.1049758E-08   7.8607584E-03   4.7100755E-03   2.3878931E-03   3.6764409E-04  -4.6233892E-04   7.1034368E-07  -3.1991350E-05  -5.0260045E-06   4.2668194E-04   4.4317399E-06  -9.0823142E-05  -9.4216065E-06  -1.7364956E-05   4.0238526E-07   3.2253086E-07   2.6173578E-05   9.7340592E-06
 -2.7424258E-07  -5.6846342E-07  -3.1547886E-08  -5.1771492E-07   1.2060321E-05  -3.2219088E-07  -2.8548085E-06  -2.1272679E-08   7.0157694E-03   5.1980855E-03   2.6628275E-03   3.7460856E-04  -3.6568314E-04  -1.2866280E-05  -3.9595497E-06  -3.0182657E-05   2.5441531E-04  -2.2020264E-06  -8.2614502E-05  -1.0353075E-06  -1.1317908E-05   5.5586955E-07   2.2133106E-07   9.7340592E-06   2.4112402E-05
