# omegabh2 omegach2 theta tau mnu nnu logA ns calPlanck aps100 aps143 aps217 acib217 asz143 psr cibr xi aksz dust100 dust143 dust217 dust143x217 cal0 cal2 calTE calEE
  5.1025873E-08   3.3750973E-07  -3.2026028E-08   2.8879894E-07  -7.9090954E-06   3.3319318E-05   1.6942468E-06   1.6256127E-06   2.5719855E-08   3.0154205E-04   1.2862309E-04  -1.0820836E-04   8.9179762E-05  -7.3485792E-06  -7.7786729E-07   1.9981625E-06  -2.2910814E-07   2.6986072E-05   7.2441500E-07   1.4619405E-07  -1.1267742E-07   3.9416174E-07   2.8738145E-09   1.3668418E-08   8.3924520E-08   1.8685624E-07
  3.3750973E-07   1.1417973E-05  -1.3090026E-06   4.8419544E-07   2.5863314E-05   6.7790813E-04   3.1466638E-05   2.0246901E-05  -1.3879593E-08   1.8934873E-02   1.0699997E-02  -3.3357591E-03   5.0455094E-03  -7.1145958E-04  -4.4840498E-05   9.5684254E-05  -3.3542990E-05   1.3377754E-03   1.4572647E-05   2.3118848E-05  -1.9700026E-05   1.6120472E-05  -1.1219783E-08   3.9428795E-07   4.1767657E-06   8.0996747E-06
 -3.2026028E-08  -1.3090026E-06   2.3770748E-07  -1.0638630E-07  -9.7386409E-06  -7.9674257E-05  -3.5653609E-06  -2.3328965E-06   2.1636609E-08  -2.3618402E-03  -1.3021475E-03   3.5043764E-04  -5.7050947E-04   8.4700341E-05   5.5843924E-06  -1.0248457E-05   4.6339980E-06  -1.5499075E-04  -2.1961143E-06  -2.0923702E-06   1.8428732E-06  -2.7323180E-06  -3.9424507E-09  -5.0190936E-08  -5.8775406E-07  -9.8459180E-07
  2.8879894E-07   4.8419544E-07  -1.0638630E-07   4.2043904E-05   9.0520175E-06   1.5268320E-04   8.5056679E-05   1.1201373E-05  -4.7468642E-07  -4.2662432E-03  -5.0259466E-04   1.0467824E-03  -1.1326625E-03   2.2198647E-04   6.8391650E-06  -1.3149663E-05   1.4337395E-05  -4.6628285E-04  -7.4395656E-06  -2.5448245E-05   1.5147519E-05   9.4036553E-06   2.6102312E-08   6.8931129E-08  -1.7716333E-06   4.1172475E-07
 -7.9090954E-06   2.5863314E-05  -9.7386409E-06   9.0520175E-06   1.4060761E-02  -1.2758573E-03   3.0131382E-05  -2.0751530E-04   6.7271966E-06   2.0950057E-01   1.1514530E-01  -4.9300471E-02   5.5967859E-02  -6.7980603E-03  -5.2935319E-04   1.2303649E-03  -3.0464254E-04   1.1489648E-02   1.4521866E-04   5.4406609E-05  -5.0451930E-05   1.0081838E-04   4.6183928E-07   8.0306322E-06   6.8566544E-05   4.9220606E-06
  3.3319318E-05   6.7790813E-04  -7.9674257E-05   1.5268320E-04  -1.2758573E-03   4.8515495E-02   2.1877632E-03   1.7872049E-03   1.0022590E-05   1.2395091E+00   6.8235742E-01  -2.5289207E-01   3.3943448E-01  -4.4339018E-02  -2.9129224E-03   6.4648033E-03  -2.2255152E-03   8.6496644E-02   9.6149038E-04   1.3994200E-03  -1.3253354E-03   1.0176005E-03   2.9054196E-07   2.7850794E-05   3.0569424E-04   6.2799338E-04
  1.6942468E-06   3.1466638E-05  -3.5653609E-06   8.5056679E-05   3.0131382E-05   2.1877632E-03   2.8382082E-04   8.0673112E-05   1.1752528E-05   4.4345388E-02   2.8363775E-02   1.7147501E-03   9.7036554E-03  -1.3399739E-03  -6.7292231E-05   1.6191930E-04  -2.5683888E-05   1.6408228E-03  -1.7018061E-07  -9.5303277E-05  -5.5351968E-06   3.3925858E-05   6.7614019E-07   1.0546543E-06   7.5777545E-06   2.5765219E-05
  1.6256127E-06   2.0246901E-05  -2.3328965E-06   1.1201373E-05  -2.0751530E-04   1.7872049E-03   8.0673112E-05   8.7091362E-05   9.5616410E-07   2.2023059E-02   1.6380923E-02  -1.6424021E-03   6.3499498E-03  -9.8257190E-04  -4.2980008E-05   1.3444510E-04  -2.1470494E-05   1.1494809E-03   4.8518867E-05   2.8584210E-05  -2.0038745E-05   1.5313719E-05  -2.6944651E-07   6.4797149E-07   1.0644936E-05   2.1087864E-05
  2.5719855E-08  -1.3879593E-08   2.1636609E-08  -4.7468642E-07   6.7271966E-06   1.0022590E-05   1.1752528E-05   9.5616410E-07   6.2919641E-06   2.2182051E-03   1.7702728E-04   1.6761744E-03   4.4108857E-04   1.5915347E-05   4.3383144E-06  -6.3752824E-06  -5.6307677E-06  -3.5024312E-05   5.7825958E-07  -4.6664375E-06   2.3475158E-06  -8.1394618E-06   1.5504370E-08  -9.3461079E-08  -1.5274007E-07   8.5685177E-08
  3.0154205E-04   1.8934873E-02  -2.3618402E-03  -4.2662432E-03   2.0950057E-01   1.2395091E+00   4.4345388E-02   2.2023059E-02   2.2182051E-03   6.3845887E+02   7.3485045E+01  -6.0665190E+01   3.7575914E+01  -2.6617405E+01  -9.4457016E-01  -5.9469381E-02  -3.6257187E-01   1.3760997E+01  -1.3616369E-01   3.3984121E-01  -2.7974990E-01  -1.5550985E-01   6.3608712E-03   3.3993240E-03   1.0480018E-02   2.2885108E-02
  1.2862309E-04   1.0699997E-02  -1.3021475E-03  -5.0259466E-04   1.1514530E-01   6.8235742E-01   2.8363775E-02   1.6380923E-02   1.7702728E-04   7.3485045E+01   7.6562949E+01   5.9363777E+00   1.1182774E+01  -1.1273168E+00  -6.6237465E-02   5.0965263E-01   8.4524936E-01  -6.9692310E+00  -3.1127607E-02  -2.2364287E-01   2.9501856E-02   8.7831329E-02   7.6863814E-04   1.1360867E-03   7.0157773E-03   1.3747908E-02
 -1.0820836E-04  -3.3357591E-03   3.5043764E-04   1.0467824E-03  -4.9300471E-02  -2.5289207E-01   1.7147501E-03  -1.6424021E-03   1.6761744E-03  -6.0665190E+01   5.9363777E+00   1.7260950E+02  -8.2564623E+01   2.7218330E+00   3.0732876E-01  -9.9953836E-01   3.4332817E-01  -7.6234077E+00  -4.5146899E-02  -2.9133605E-01   5.5120129E-01  -6.7830662E-02   1.7149065E-03  -7.5302808E-03   8.6233824E-04   6.0957927E-05
  8.9179762E-05   5.0455094E-03  -5.7050947E-04  -1.1326625E-03   5.5967859E-02   3.3943448E-01   9.7036554E-03   6.3499498E-03   4.4108857E-04   3.7575914E+01   1.1182774E+01  -8.2564623E+01   5.2981290E+01   1.4325455E+00  -3.6774819E-02   7.3050194E-01  -2.7593140E-01  -2.0830337E+00   1.8974351E-02   1.7913334E-01  -4.5165487E-01  -7.3168806E-02  -5.5018830E-04   3.1355546E-03   1.9017166E-03   4.3733849E-03
 -7.3485792E-06  -7.1145958E-04   8.4700341E-05   2.2198647E-04  -6.7980603E-03  -4.4339018E-02  -1.3399739E-03  -9.8257190E-04   1.5915347E-05  -2.6617405E+01  -1.1273168E+00   2.7218330E+00   1.4325455E+00   4.3438760E+00   1.0703264E-01   1.5145101E-01  -4.0394391E-02  -3.5832455E+00  -7.2232479E-03  -1.8021742E-03   9.5921398E-03   5.1840555E-02   4.5962595E-04  -2.3839007E-04  -4.3480516E-04  -7.4022243E-04
 -7.7786729E-07  -4.4840498E-05   5.5843924E-06   6.8391650E-06  -5.2935319E-04  -2.9129224E-03  -6.7292231E-05  -4.2980008E-05   4.3383144E-06  -9.4457016E-01  -6.6237465E-02   3.0732876E-01  -3.6774819E-02   1.0703264E-01   1.6996384E-02  -1.6855347E-02   1.2088504E-02  -1.0748480E-01  -6.4849267E-04  -1.1946786E-03  -2.9141787E-03   4.8985069E-03   1.8384781E-05  -4.0563179E-05  -3.5296540E-06  -2.7422772E-05
  1.9981625E-06   9.5684254E-05  -1.0248457E-05  -1.3149663E-05   1.2303649E-03   6.4648033E-03   1.6191930E-04   1.3444510E-04  -6.3752824E-06  -5.9469381E-02   5.0965263E-01  -9.9953836E-01   7.3050194E-01   1.5145101E-01  -1.6855347E-02   6.8859835E-02   2.9125393E-03  -1.5071522E-01   7.2801079E-04   8.0757836E-03  -2.1997502E-04  -1.6930813E-02  -1.1313644E-05   9.5431360E-05   1.7880151E-05   6.7965796E-05
 -2.2910814E-07  -3.3542990E-05   4.6339980E-06   1.4337395E-05  -3.0464254E-04  -2.2255152E-03  -2.5683888E-05  -2.1470494E-05  -5.6307677E-06  -3.6257187E-01   8.4524936E-01   3.4332817E-01  -2.7593140E-01  -4.0394391E-02   1.2088504E-02   2.9125393E-03   8.4230255E-02   4.3154263E-02  -9.6658308E-04   8.9262659E-05   9.3274581E-04   9.7585767E-04   1.1770247E-05  -1.0171468E-05  -1.5242232E-06  -9.6684264E-06
  2.6986072E-05   1.3377754E-03  -1.5499075E-04  -4.6628285E-04   1.1489648E-02   8.6496644E-02   1.6408228E-03   1.1494809E-03  -3.5024312E-05   1.3760997E+01  -6.9692310E+00  -7.6234077E+00  -2.0830337E+00  -3.5832455E+00  -1.0748480E-01  -1.5071522E-01   4.3154263E-02   7.4345555E+00   7.2313657E-03  -5.2938010E-03  -7.1922448E-03  -4.6308632E-02  -3.7541433E-04   1.0951395E-04   3.7539195E-04   8.8446686E-04
  7.2441500E-07   1.4572647E-05  -2.1961143E-06  -7.4395656E-06   1.4521866E-04   9.6149038E-04  -1.7018061E-07   4.8518867E-05   5.7825958E-07  -1.3616369E-01  -3.1127607E-02  -4.5146899E-02   1.8974351E-02  -7.2232479E-03  -6.4849267E-04   7.2801079E-04  -9.6658308E-04   7.2313657E-03   3.8818231E-02   3.3547123E-03   1.6222133E-04   9.2700214E-04   3.3764157E-05  -6.9140147E-07  -9.2007451E-06  -1.2226598E-05
  1.4619405E-07   2.3118848E-05  -2.0923702E-06  -2.5448245E-05   5.4406609E-05   1.3994200E-03  -9.5303277E-05   2.8584210E-05  -4.6664375E-06   3.3984121E-01  -2.2364287E-01  -2.9133605E-01   1.7913334E-01  -1.8021742E-03  -1.1946786E-03   8.0757836E-03   8.9262659E-05  -5.2938010E-03   3.3547123E-03   3.1393929E-02  -7.7231867E-04   5.2855819E-03  -7.8453173E-05  -4.1749672E-05  -5.1640895E-05  -5.3451705E-05
 -1.1267742E-07  -1.9700026E-05   1.8428732E-06   1.5147519E-05  -5.0451930E-05  -1.3253354E-03  -5.5351968E-06  -2.0038745E-05   2.3475158E-06  -2.7974990E-01   2.9501856E-02   5.5120129E-01  -4.5165487E-01   9.5921398E-03  -2.9141787E-03  -2.1997502E-04   9.3274581E-04  -7.1922448E-03   1.6222133E-04  -7.7231867E-04   1.0587458E-02   8.1898623E-03   4.5038213E-06   6.2620590E-05  -1.0173895E-05  -1.9928831E-05
  3.9416174E-07   1.6120472E-05  -2.7323180E-06   9.4036553E-06   1.0081838E-04   1.0176005E-03   3.3925858E-05   1.5313719E-05  -8.1394618E-06  -1.5550985E-01   8.7831329E-02  -6.7830662E-02  -7.3168806E-02   5.1840555E-02   4.8985069E-03  -1.6930813E-02   9.7585767E-04  -4.6308632E-02   9.2700214E-04   5.2855819E-03   8.1898623E-03   2.6054454E-02  -1.8395070E-07   6.2109747E-05  -8.6940398E-06   1.1774803E-05
  2.8738145E-09  -1.1219783E-08  -3.9424507E-09   2.6102312E-08   4.6183928E-07   2.9054196E-07   6.7614019E-07  -2.6944651E-07   1.5504370E-08   6.3608712E-03   7.6863814E-04   1.7149065E-03  -5.5018830E-04   4.5962595E-04   1.8384781E-05  -1.1313644E-05   1.1770247E-05  -3.7541433E-04   3.3764157E-05  -7.8453173E-05   4.5038213E-06  -1.8395070E-07   1.0931714E-06   5.3030066E-08   2.9295555E-07   5.8688400E-07
  1.3668418E-08   3.9428795E-07  -5.0190936E-08   6.8931129E-08   8.0306322E-06   2.7850794E-05   1.0546543E-06   6.4797149E-07  -9.3461079E-08   3.3993240E-03   1.1360867E-03  -7.5302808E-03   3.1355546E-03  -2.3839007E-04  -4.0563179E-05   9.5431360E-05  -1.0171468E-05   1.0951395E-04  -6.9140147E-07  -4.1749672E-05   6.2620590E-05   6.2109747E-05   5.3030066E-08   2.4346708E-06   3.9866751E-07   4.0597270E-07
  8.3924520E-08   4.1767657E-06  -5.8775406E-07  -1.7716333E-06   6.8566544E-05   3.0569424E-04   7.5777545E-06   1.0644936E-05  -1.5274007E-07   1.0480018E-02   7.0157773E-03   8.6233824E-04   1.9017166E-03  -4.3480516E-04  -3.5296540E-06   1.7880151E-05  -1.5242232E-06   3.7539195E-04  -9.2007451E-06  -5.1640895E-05  -1.0173895E-05  -8.6940398E-06   2.9295555E-07   3.9866751E-07   2.6808939E-05   1.2249901E-05
  1.8685624E-07   8.0996747E-06  -9.8459180E-07   4.1172475E-07   4.9220606E-06   6.2799338E-04   2.5765219E-05   2.1087864E-05   8.5685177E-08   2.2885108E-02   1.3747908E-02   6.0957927E-05   4.3733849E-03  -7.4022243E-04  -2.7422772E-05   6.7965796E-05  -9.6684264E-06   8.8446686E-04  -1.2226598E-05  -5.3451705E-05  -1.9928831E-05   1.1774803E-05   5.8688400E-07   4.0597270E-07   1.2249901E-05   3.2127245E-05
