# omegabh2 omegach2 theta tau logA ns calPlanck acib217 xi asz143 aps100 aps143 aps143217 aps217 aksz kgal100 kgal143 kgal143217 kgal217 cal0 cal2
    0.4023235E-07   -0.8913238E-07    0.2807632E-07    0.1101272E-05    0.2089291E-05    0.3799525E-06    0.2181023E-08   -0.1721361E-03    0.3369046E-05    0.5624302E-04   -0.8706538E-03   -0.4493113E-03   -0.9126807E-04    0.9223822E-05   -0.7860215E-04   -0.7292938E-06    0.5114904E-05    0.7479152E-05    0.4767390E-04   -0.1880508E-08   -0.1384826E-07
   -0.8913238E-07    0.1631204E-05   -0.9245461E-07   -0.1255271E-04   -0.2118562E-04   -0.4063684E-05   -0.5865187E-07    0.3989283E-03   -0.8206188E-05   -0.1107901E-03    0.1748458E-02    0.1148321E-02    0.3460905E-03    0.2324073E-04    0.1781531E-03   -0.2189046E-04   -0.3216338E-04    0.8433950E-05   -0.4756694E-04   -0.3475390E-08    0.4879020E-07
    0.2807632E-07   -0.9245461E-07    0.1756493E-06    0.2155099E-05    0.4265697E-05    0.5357012E-06   -0.3626425E-08   -0.6242090E-04    0.1414639E-05    0.2001167E-04   -0.5142505E-03   -0.1712871E-03   -0.3882759E-04    0.1984103E-05   -0.4323472E-04    0.9318960E-07    0.9383067E-05   -0.5125882E-06    0.2263685E-05   -0.5762728E-08   -0.6294674E-08
    0.1101272E-05   -0.1255271E-04    0.2155099E-05    0.2566358E-03    0.4663916E-03    0.4421576E-04   -0.6339689E-05   -0.8953919E-02    0.1448939E-03    0.1957256E-02   -0.4351151E-01   -0.1978887E-01   -0.5829585E-02    0.8421051E-04   -0.2947419E-02    0.4421120E-03    0.1001115E-02   -0.3916985E-04    0.4611046E-03   -0.5835938E-06   -0.1081230E-05
    0.2089291E-05   -0.2118562E-04    0.4265697E-05    0.4663916E-03    0.8779114E-03    0.7622685E-04   -0.1594904E-06   -0.1661842E-01    0.3098680E-03    0.3698098E-02   -0.7826256E-01   -0.3493043E-01   -0.7725461E-02    0.5960091E-02   -0.6282710E-02    0.4989026E-03    0.1144324E-02   -0.5689217E-03    0.2484444E-02   -0.8481459E-06   -0.1998351E-05
    0.3799525E-06   -0.4063684E-05    0.5357012E-06    0.4421576E-04    0.7622685E-04    0.2143916E-04   -0.8916702E-07   -0.5505006E-02    0.1279598E-03    0.1445892E-02   -0.2979328E-01   -0.9119108E-02    0.1984455E-02    0.5239289E-02   -0.2850113E-02    0.3830716E-03   -0.2896835E-04   -0.5706661E-03    0.4024644E-03   -0.1884910E-06   -0.5378976E-06
    0.2181023E-08   -0.5865187E-07   -0.3626425E-08   -0.6339689E-05   -0.1594904E-06   -0.8916702E-07    0.6240772E-05    0.1017199E-02   -0.4926452E-05   -0.1917228E-04    0.3652498E-02    0.6457212E-03    0.2925067E-03    0.1000328E-02    0.5045219E-04   -0.1368819E-04   -0.1277477E-03   -0.1341354E-03    0.6421981E-03    0.3850135E-07    0.2648977E-07
   -0.1721361E-03    0.3989283E-03   -0.6242090E-04   -0.8953919E-02   -0.1661842E-01   -0.5505006E-02    0.1017199E-02    0.4434045E+02   -0.5046878E+00   -0.1772290E+01    0.4016707E+02   -0.2574518E+00   -0.2212216E+02   -0.6238883E+02    0.5102950E+00    0.1391848E+00    0.8170844E-02   -0.2535295E+01   -0.1948346E+02   -0.3552184E-03    0.4376621E-02
    0.3369046E-05   -0.8206188E-05    0.1414639E-05    0.1448939E-03    0.3098680E-03    0.1279598E-03   -0.4926452E-05   -0.5046878E+00    0.8090047E-01   -0.8038854E-01   -0.3632177E+00    0.1018309E+01    0.1834580E+01    0.7449045E+00    0.8087490E-01   -0.9038051E-02   -0.4318508E-02    0.9355847E-01    0.1166924E+00    0.6099223E-05   -0.1587411E-04
    0.5624302E-04   -0.1107901E-03    0.2001167E-04    0.1957256E-02    0.3698098E-02    0.1445892E-02   -0.1917228E-04   -0.1772290E+01   -0.8038854E-01    0.3798900E+01   -0.2919365E+02   -0.3997550E+01    0.7798251E+01    0.7139499E+01   -0.2889197E+01   -0.8875751E-01    0.7898038E-01    0.2304533E+01    0.2088460E+01    0.1984333E-03   -0.3960489E-03
   -0.8706538E-03    0.1748458E-02   -0.5142505E-03   -0.4351151E-01   -0.7826256E-01   -0.2979328E-01    0.3652498E-02    0.4016707E+02   -0.3632177E+00   -0.2919365E+02    0.7724015E+03    0.7268599E+02   -0.5403716E+02   -0.6502799E+02    0.1405006E+02   -0.4381850E+01    0.3380068E+01   -0.1046001E+02   -0.1470405E+02    0.5928113E-02    0.3987860E-02
   -0.4493113E-03    0.1148321E-02   -0.1712871E-03   -0.1978887E-01   -0.3493043E-01   -0.9119108E-02    0.6457212E-03   -0.2574518E+00    0.1018309E+01   -0.3997550E+01    0.7268599E+02    0.6402462E+02    0.4682880E+02    0.2072526E+02   -0.4303081E+01   -0.3563911E+00   -0.1263300E+01    0.3557898E+01    0.3789723E+01    0.1669480E-03    0.1281075E-03
   -0.9126807E-04    0.3460905E-03   -0.3882759E-04   -0.5829585E-02   -0.7725461E-02    0.1984455E-02    0.2925067E-03   -0.2212216E+02    0.1834580E+01    0.7798251E+01   -0.5403716E+02    0.4682880E+02    0.1007163E+03    0.7069974E+02   -0.1261407E+02   -0.5938721E+00   -0.6392954E+00    0.4448866E+01    0.5529654E+01    0.9047790E-03   -0.2641987E-02
    0.9223822E-05    0.2324073E-04    0.1984103E-05    0.8421051E-04    0.5960091E-02    0.5239289E-02    0.1000328E-02   -0.6238883E+02    0.7449045E+00    0.7139499E+01   -0.6502799E+02    0.2072526E+02    0.7069974E+02    0.1267329E+03   -0.1121540E+02   -0.5841975E+00   -0.2670344E+00    0.5086214E+00    0.1677666E+02    0.9755452E-03   -0.7696336E-02
   -0.7860215E-04    0.1781531E-03   -0.4323472E-04   -0.2947419E-02   -0.6282710E-02   -0.2850113E-02    0.5045219E-04    0.5102950E+00    0.8087490E-01   -0.2889197E+01    0.1405006E+02   -0.4303081E+01   -0.1261407E+02   -0.1121540E+02    0.6369925E+01    0.1321259E-01   -0.1189312E+00   -0.1921609E+01   -0.1483358E+01   -0.1557587E-03    0.2268166E-03
   -0.7292938E-06   -0.2189046E-04    0.9318960E-07    0.4421120E-03    0.4989026E-03    0.3830716E-03   -0.1368819E-04    0.1391848E+00   -0.9038051E-02   -0.8875751E-01   -0.4381850E+01   -0.3563911E+00   -0.5938721E+00   -0.5841975E+00    0.1321259E-01    0.3549058E+01    0.4269530E+00    0.1964651E+00    0.2907830E+00    0.2932998E-03   -0.1417301E-04
    0.5114904E-05   -0.3216338E-04    0.9383067E-05    0.1001115E-02    0.1144324E-02   -0.2896835E-04   -0.1277477E-03    0.8170844E-02   -0.4318508E-02    0.7898038E-01    0.3380068E+01   -0.1263300E+01   -0.6392954E+00   -0.2670344E+00   -0.1189312E+00    0.4269530E+00    0.3359736E+01    0.2488901E+01    0.1556118E+01   -0.2983719E-03   -0.3034138E-03
    0.7479152E-05    0.8433950E-05   -0.5125882E-06   -0.3916985E-04   -0.5689217E-03   -0.5706661E-03   -0.1341354E-03   -0.2535295E+01    0.9355847E-01    0.2304533E+01   -0.1046001E+02    0.3557898E+01    0.4448866E+01    0.5086214E+00   -0.1921609E+01    0.1964651E+00    0.2488901E+01    0.1680442E+02    0.2501312E+02    0.1013217E-04    0.2248913E-02
    0.4767390E-04   -0.4756694E-04    0.2263685E-05    0.4611046E-03    0.2484444E-02    0.4024644E-03    0.6421981E-03   -0.1948346E+02    0.1166924E+00    0.2088460E+01   -0.1470405E+02    0.3789723E+01    0.5529654E+01    0.1677666E+02   -0.1483358E+01    0.2907830E+00    0.1556118E+01    0.2501312E+02    0.5335790E+02    0.1542316E-03    0.4157980E-02
   -0.1880508E-08   -0.3475390E-08   -0.5762728E-08   -0.5835938E-06   -0.8481459E-06   -0.1884910E-06    0.3850135E-07   -0.3552184E-03    0.6099223E-05    0.1984333E-03    0.5928113E-02    0.1669480E-03    0.9047790E-03    0.9755452E-03   -0.1557587E-03    0.2932998E-03   -0.2983719E-03    0.1013217E-04    0.1542316E-03    0.6057119E-06   -0.1565054E-07
   -0.1384826E-07    0.4879020E-07   -0.6294674E-08   -0.1081230E-05   -0.1998351E-05   -0.5378976E-06    0.2648977E-07    0.4376621E-02   -0.1587411E-04   -0.3960489E-03    0.3987860E-02    0.1281075E-03   -0.2641987E-02   -0.7696336E-02    0.2268166E-03   -0.1417301E-04   -0.3034138E-03    0.2248913E-02    0.4157980E-02   -0.1565054E-07    0.2057624E-05
