# omegabh2 omegach2 theta tau Alens logA ns calPlanck acib217 xi asz143 aps100 aps143 aps143217 aps217 aksz kgal100 kgal143 kgal143217 kgal217 cal0 cal2
  7.1647274E-08  -3.2064740E-07   6.5146162E-08   1.8146626E-07   1.5223318E-05  -2.4913820E-07   1.0878791E-06  -1.1131984E-08  -3.1856916E-04   6.0654131E-06   4.5241638E-05  -1.3320552E-03  -8.8005917E-04  -3.9843742E-04  -6.8147334E-05  -8.6666454E-05  -7.6801488E-07  -3.4983412E-06  -2.3529109E-05   6.4002524E-05  -6.0621601E-09  -1.0832306E-08
 -3.2064740E-07   4.1893127E-06  -4.6277226E-07  -1.7260970E-06  -1.1091372E-04   6.3171314E-06  -1.1038305E-05  -3.1973717E-08   9.7491991E-04  -9.5754657E-06  -1.3412354E-04   5.0667090E-03   3.6796912E-03   2.0780515E-03   6.7223237E-04   3.2478078E-04  -2.0583068E-05   3.3030471E-05   2.8453318E-05  -2.8175674E-04   1.8912808E-09   3.7604450E-08
  6.5146162E-08  -4.6277226E-07   2.5553180E-07   1.4741922E-07   1.6783701E-05  -5.7052974E-07   1.6180864E-06  -5.5725424E-09  -1.7530503E-04   1.1283001E-06   2.4318861E-05  -6.2452860E-04  -5.7297187E-04  -3.3200941E-04  -1.2055376E-04  -6.8102452E-05   3.6181952E-05   5.5237930E-06   2.5233834E-05   9.1128091E-05   1.7103426E-09  -1.0768548E-08
  1.8146626E-07  -1.7260970E-06   1.4741922E-07   4.0453455E-05  -2.9014332E-05   7.6918275E-05   6.2079728E-06   6.0579810E-08  -2.7326214E-03   1.4025549E-05   4.2659673E-04  -1.0656464E-02  -4.9163977E-03  -6.0504881E-04   1.8749590E-03  -4.8065940E-04   9.3390409E-05  -3.9531877E-05  -4.3893006E-05   1.6329770E-03   9.7504159E-09   6.4309015E-08
  1.5223318E-05  -1.1091372E-04   1.6783701E-05  -2.9014332E-05   8.7220495E-03  -3.2790996E-04   3.4932166E-04  -1.9447967E-05  -9.4960033E-02   1.8178455E-03   1.3323930E-02  -3.6781302E-01  -2.3131010E-01  -9.4644031E-02  -6.0195848E-03  -2.7810071E-02  -8.4795310E-03  -6.0416180E-03  -1.0183360E-02   1.3487240E-02  -3.3697617E-06  -4.9080291E-06
 -2.4913820E-07   6.3171314E-06  -5.7052974E-07   7.6918275E-05  -3.2790996E-04   1.9873952E-04  -1.4275075E-05   1.3211179E-05  -4.2873921E-03   4.9417921E-05   3.1290113E-04  -9.6619225E-03  -1.3079480E-03   4.8051676E-03   1.1706686E-02  -7.6925082E-04   2.1870370E-04  -7.3376492E-04  -8.3530356E-04   4.2166655E-03   1.3927699E-07   2.1591005E-07
  1.0878791E-06  -1.1038305E-05   1.6180864E-06   6.2079728E-06   3.4932166E-04  -1.4275075E-05   4.0364231E-05   2.3657089E-07  -7.7906962E-03   1.6001152E-04   1.1085559E-03  -4.0279566E-02  -1.8430181E-02  -5.6981743E-03   2.1389301E-03  -2.4775896E-03   5.3053490E-04  -4.6655407E-04  -7.3469803E-04   1.7282468E-03  -1.1098454E-07  -2.5731788E-07
 -1.1131984E-08  -3.1973717E-08  -5.5725424E-09   6.0579810E-08  -1.9447967E-05   1.3211179E-05   2.3657089E-07   6.5903492E-06   3.9009807E-04  -6.0037444E-06  -8.1861134E-05   2.1164972E-03   4.9903539E-04   2.1241368E-04   2.0044579E-03   8.1262269E-05   2.1682990E-04  -5.4049825E-05  -1.4225187E-04   7.9116776E-04  -1.0719246E-08  -1.6351452E-08
 -3.1856916E-04   9.7491991E-04  -1.7530503E-04  -2.7326214E-03  -9.4960033E-02  -4.2873921E-03  -7.7906962E-03   3.9009807E-04   4.7615136E+01  -3.2911514E-01  -1.6739530E+00   4.9859681E+01   9.8680633E+00  -8.3627250E+00  -5.5530221E+01  -1.2651869E-01  -5.8176686E-02   6.9012430E-01  -5.9652253E+00  -3.5663382E+01  -1.8961387E-04   7.5218848E-04
  6.0654131E-06  -9.5754657E-06   1.1283001E-06   1.4025549E-05   1.8178455E-03   4.9417921E-05   1.6001152E-04  -6.0037444E-06  -3.2911514E-01   7.6007822E-02  -2.1305774E-02  -7.0305661E-01   7.5267194E-01   1.5440671E+00   5.0450553E-01   9.0780143E-03  -1.6322134E-02   1.1228979E-02   1.1299227E-01   1.1467083E-01   6.1678077E-06  -7.0023689E-07
  4.5241638E-05  -1.3412354E-04   2.4318861E-05   4.2659673E-04   1.3323930E-02   3.1290113E-04   1.1085559E-03  -8.1861134E-05  -1.6739530E+00  -2.1305774E-02   3.4659801E+00  -3.0233322E+01  -4.3529323E+00   5.8791026E+00   4.6952124E+00  -1.8779655E+00  -2.1623377E-01   1.6950230E-01   2.4172593E+00   3.4333861E+00   6.2227324E-05  -6.1179451E-05
 -1.3320552E-03   5.0667090E-03  -6.2452860E-04  -1.0656464E-02  -3.6781302E-01  -9.6619225E-03  -4.0279566E-02   2.1164972E-03   4.9859681E+01  -7.0305661E-01  -3.0233322E+01   8.2374688E+02   8.8457850E+01  -3.9299820E+01  -6.2840078E+01   1.1740337E+01  -7.2382311E+00   5.6039510E+00  -1.3936066E+01  -3.4583159E+01   3.9541151E-03   8.2060562E-04
 -8.8005917E-04   3.6796912E-03  -5.7297187E-04  -4.9163977E-03  -2.3131010E-01  -1.3079480E-03  -1.8430181E-02   4.9903539E-04   9.8680633E+00   7.5267194E-01  -4.3529323E+00   8.8457850E+01   6.4961555E+01   3.5696849E+01   5.1392643E+00  -1.9799947E+00  -5.6967638E-01  -1.3802198E+00   2.7917937E+00  -2.9892503E-01   1.9135791E-04   4.0922394E-04
 -3.9843742E-04   2.0780515E-03  -3.3200941E-04  -6.0504881E-04  -9.4644031E-02   4.8051676E-03  -5.6981743E-03   2.1241368E-04  -8.3627250E+00   1.5440671E+00   5.8791026E+00  -3.9299820E+01   3.5696849E+01   7.2575977E+01   4.0485988E+01  -7.0852343E+00  -9.7935028E-01  -6.3048841E-01   3.4100604E+00   4.2076554E+00   4.8693979E-04  -2.0510998E-04
 -6.8147334E-05   6.7223237E-04  -1.2055376E-04   1.8749590E-03  -6.0195848E-03   1.1706686E-02   2.1389301E-03   2.0044579E-03  -5.5530221E+01   5.0450553E-01   4.6952124E+00  -6.2840078E+01   5.1392643E+00   4.0485988E+01   9.6329830E+01  -5.2718116E+00  -4.6901198E-02  -1.5354367E+00   4.2969346E+00   3.3521207E+01   4.9844016E-04  -1.2428472E-03
 -8.6666454E-05   3.2478078E-04  -6.8102452E-05  -4.8065940E-04  -2.7810071E-02  -7.6925082E-04  -2.4775896E-03   8.1262269E-05  -1.2651869E-01   9.0780143E-03  -1.8779655E+00   1.1740337E+01  -1.9799947E+00  -7.0852343E+00  -5.2718116E+00   3.9145088E+00   1.1289449E-01  -4.8715366E-02  -1.4563962E+00  -1.4698714E+00  -4.8002266E-05  -1.1727587E-05
 -7.6801488E-07  -2.0583068E-05   3.6181952E-05   9.3390409E-05  -8.4795310E-03   2.1870370E-04   5.3053490E-04   2.1682990E-04  -5.8176686E-02  -1.6322134E-02  -2.1623377E-01  -7.2382311E+00  -5.6967638E-01  -9.7935028E-01  -4.6901198E-02   1.1289449E-01   3.3983996E+00   4.8766686E-01   1.1444017E-01   1.8406858E-01   1.6189153E-04  -1.7742612E-06
 -3.4983412E-06   3.3030471E-05   5.5237930E-06  -3.9531877E-05  -6.0416180E-03  -7.3376492E-04  -4.6655407E-04  -5.4049825E-05   6.9012430E-01   1.1228979E-02   1.6950230E-01   5.6039510E+00  -1.3802198E+00  -6.3048841E-01  -1.5354367E+00  -4.8715366E-02   4.8766686E-01   3.0862732E+00   2.5595750E+00   2.4173786E+00  -1.9679365E-04  -5.7593125E-05
 -2.3529109E-05   2.8453318E-05   2.5233834E-05  -4.3893006E-05  -1.0183360E-02  -8.3530356E-04  -7.3469803E-04  -1.4225187E-04  -5.9652253E+00   1.1299227E-01   2.4172593E+00  -1.3936066E+01   2.7917937E+00   3.4100604E+00   4.2969346E+00  -1.4563962E+00   1.1444017E-01   2.5595750E+00   1.0967260E+01   1.9872931E+01  -6.7811587E-05   4.5043508E-04
  6.4002524E-05  -2.8175674E-04   9.1128091E-05   1.6329770E-03   1.3487240E-02   4.2166655E-03   1.7282468E-03   7.9116776E-04  -3.5663382E+01   1.1467083E-01   3.4333861E+00  -3.4583159E+01  -2.9892503E-01   4.2076554E+00   3.3521207E+01  -1.4698714E+00   1.8406858E-01   2.4173786E+00   1.9872931E+01   5.6206434E+01   5.9835366E-06   9.5540274E-04
 -6.0621601E-09   1.8912808E-09   1.7103426E-09   9.7504159E-09  -3.3697617E-06   1.3927699E-07  -1.1098454E-07  -1.0719246E-08  -1.8961387E-04   6.1678077E-06   6.2227324E-05   3.9541151E-03   1.9135791E-04   4.8693979E-04   4.9844016E-04  -4.8002266E-05   1.6189153E-04  -1.9679365E-04  -6.7811587E-05   5.9835366E-06   3.8055803E-07  -4.5787262E-09
 -1.0832306E-08   3.7604450E-08  -1.0768548E-08   6.4309015E-08  -4.9080291E-06   2.1591005E-07  -2.5731788E-07  -1.6351452E-08   7.5218848E-04  -7.0023689E-07  -6.1179451E-05   8.2060562E-04   4.0922394E-04  -2.0510998E-04  -1.2428472E-03  -1.1727587E-05  -1.7742612E-06  -5.7593125E-05   4.5043508E-04   9.5540274E-04  -4.5787262E-09   3.9721297E-07
