# omegabh2 omegach2 theta tau nnu logA ns calPlanck acib217 xi asz143 aps100 aps143 aps143217 aps217 aksz kgal100 kgal143 kgal143217 kgal217 galfEE100 galfEE100143 galfEE100217 galfEE143 galfEE143217 galfEE217 galfTE100 galfTE100143 galfTE100217 galfTE143 galfTE143217 galfTE217 cal0 cal2
    0.5453868E-07    0.3324536E-06   -0.3300953E-07    0.1556008E-05    0.3436175E-04    0.4158488E-05    0.1756534E-05    0.2641086E-07    0.1288204E-03   -0.1755568E-05   -0.3920303E-05    0.1900591E-03    0.4349719E-04   -0.3163857E-04   -0.1196829E-03    0.2167321E-04    0.1963811E-04    0.1203438E-04   -0.4468309E-05   -0.6559979E-04    0.1250202E-06    0.1307485E-06    0.7707066E-07    0.1557325E-06   -0.2938278E-06   -0.8520895E-06   -0.8376739E-07   -0.1482289E-06    0.1726606E-06   -0.6735426E-06   -0.7968034E-06   -0.1267120E-05   -0.2820629E-08    0.7864052E-08
    0.3324536E-06    0.8860852E-05   -0.9469159E-06   -0.3798439E-05    0.5126943E-03    0.1575912E-04    0.1574343E-04   -0.3726655E-07    0.3125490E-02   -0.7001598E-04   -0.4852810E-03    0.1292603E-01    0.5990805E-02    0.1242039E-02   -0.1136950E-02    0.1052554E-02    0.3166148E-03    0.2199427E-03    0.6557402E-03    0.7030827E-04    0.6229864E-06    0.2259829E-06   -0.1566822E-05    0.4847279E-06   -0.8773645E-05   -0.4114248E-05    0.4258695E-05    0.2572021E-05   -0.4230661E-05   -0.1449563E-05    0.7196858E-05    0.4705025E-04    0.1257143E-08    0.2946642E-06
   -0.3300953E-07   -0.9469159E-06    0.1889083E-06    0.5524571E-06   -0.5819598E-04   -0.1282020E-05   -0.1788384E-05    0.1819244E-07   -0.3667747E-03    0.9081576E-05    0.6886472E-04   -0.1662016E-02   -0.6581988E-03   -0.3642196E-04    0.2037746E-03   -0.1442269E-03   -0.3233355E-04   -0.2220047E-04   -0.1030189E-03   -0.7237823E-04   -0.8225714E-07   -0.4373536E-07    0.1174316E-06   -0.7975093E-07    0.1430832E-05    0.3990677E-06   -0.4169677E-06   -0.2416770E-06    0.1415990E-06   -0.2103504E-07   -0.1374513E-05   -0.6862644E-05   -0.2040881E-08   -0.5407770E-07
    0.1556008E-05   -0.3798439E-05    0.5524571E-06    0.2037323E-03    0.6838030E-03    0.3901322E-03    0.6720767E-04   -0.3767530E-05   -0.1062064E-02    0.1333556E-03    0.6848432E-03   -0.3276755E-01   -0.1033338E-01   -0.2643547E-02   -0.3824932E-02   -0.3270446E-03    0.5431245E-03    0.2542115E-03   -0.2162203E-02   -0.5101282E-02    0.7093838E-05    0.9114889E-05    0.4257015E-05    0.7420220E-05   -0.2068403E-04   -0.4694827E-04   -0.1850344E-04   -0.3211671E-05    0.6726491E-05   -0.1412040E-04   -0.6788205E-04   -0.1777681E-03   -0.6105054E-06   -0.5477292E-06
    0.3436175E-04    0.5126943E-03   -0.5819598E-04    0.6838030E-03    0.3821803E-01    0.2765125E-02    0.1546205E-02    0.9894339E-05    0.2151493E+00   -0.3928558E-02   -0.2995247E-01    0.7922634E+00    0.3381789E+00    0.5454232E-01   -0.1115707E+00    0.7059581E-01    0.2370963E-01    0.1721585E-01    0.3357315E-01   -0.1737536E-01    0.9549985E-04    0.8468577E-04   -0.5004985E-04    0.9838423E-04   -0.6380243E-03   -0.7636135E-03    0.1106860E-03    0.6269254E-04   -0.1177040E-03   -0.3585844E-03    0.7722836E-04    0.1846684E-02   -0.9971558E-06    0.1979746E-04
    0.4158488E-05    0.1575912E-04   -0.1282020E-05    0.3901322E-03    0.2765125E-02    0.8364623E-03    0.1771703E-03    0.5085521E-05    0.6131460E-02    0.1153733E-03   -0.1328231E-04   -0.2205322E-01   -0.2789804E-02    0.3740115E-03   -0.5233090E-02    0.1697908E-02    0.1910829E-02    0.6877697E-03   -0.3167968E-02   -0.8666088E-02    0.1703909E-04    0.1942412E-04    0.7492406E-05    0.1733802E-04   -0.6392283E-04   -0.1260595E-03   -0.2443653E-04   -0.2998505E-05    0.4513993E-05   -0.3853555E-04   -0.1217483E-03   -0.2093202E-03   -0.8952203E-06   -0.4895444E-06
    0.1756534E-05    0.1574343E-04   -0.1788384E-05    0.6720767E-04    0.1546205E-02    0.1771703E-03    0.8474275E-04    0.5061949E-06    0.3835012E-02    0.5370966E-05    0.6746913E-04    0.6718052E-03    0.5697835E-02    0.5292249E-02    0.7222708E-03    0.3030478E-03    0.1304042E-02    0.4926621E-03    0.4889838E-03   -0.8215465E-03    0.6883751E-05    0.7216025E-05    0.1349032E-05    0.7564106E-05   -0.2528729E-04   -0.4008710E-04   -0.2290021E-05   -0.8669725E-06    0.6586813E-05   -0.2539034E-04   -0.1041025E-04    0.2679503E-04   -0.3117186E-06    0.4162584E-06
    0.2641086E-07   -0.3726655E-07    0.1819244E-07   -0.3767530E-05    0.9894339E-05    0.5085521E-05    0.5061949E-06    0.6238342E-05    0.7961847E-03   -0.6154596E-05   -0.4748996E-04    0.5542206E-02    0.7123433E-03    0.1158703E-03    0.9432925E-03    0.1935842E-03    0.7605362E-04    0.2324164E-04   -0.2977539E-04    0.8154567E-03    0.7192932E-06    0.5161458E-06    0.1574579E-05    0.7949598E-06    0.4563502E-07   -0.5297644E-05    0.1147741E-05   -0.1607951E-05    0.9168250E-06   -0.2866165E-05   -0.2745850E-05    0.1500013E-04    0.3925911E-07   -0.5973835E-08
    0.1288204E-03    0.3125490E-02   -0.3667747E-03   -0.1062064E-02    0.2151493E+00    0.6131460E-02    0.3835012E-02    0.7961847E-03    0.4459693E+02   -0.5006547E+00   -0.1959835E+01    0.4490784E+02    0.9252705E+00   -0.2163224E+02   -0.6188528E+02    0.7848994E+00    0.2462019E+00    0.2275651E+00   -0.2333119E+01   -0.1972064E+02    0.1375412E-03   -0.7172559E-03    0.3812723E-04    0.7544393E-03    0.9302803E-04   -0.2778765E-01    0.5321833E-02   -0.2934421E-02    0.1457547E-02   -0.4236053E-02    0.2196279E-02    0.7564480E-02   -0.1675659E-03    0.4375692E-02
   -0.1755568E-05   -0.7001598E-04    0.9081576E-05    0.1333556E-03   -0.3928558E-02    0.1153733E-03    0.5370966E-05   -0.6154596E-05   -0.5006547E+00    0.8224563E-01   -0.7573961E-01   -0.3908616E+00    0.1051059E+01    0.1923358E+01    0.7505301E+00    0.7052199E-01   -0.1832023E-01   -0.1416187E-01    0.9929349E-01    0.1114693E+00    0.1630520E-04    0.2632645E-05    0.9632980E-04    0.1239625E-04    0.1641474E-03   -0.1284410E-04   -0.1756248E-03    0.1210244E-03   -0.7013808E-03    0.4453904E-04    0.4400100E-03    0.3493837E-03    0.5381395E-05   -0.8262902E-05
   -0.3920303E-05   -0.4852810E-03    0.6886472E-04    0.6848432E-03   -0.2995247E-01   -0.1328231E-04    0.6746913E-04   -0.4748996E-04   -0.1959835E+01   -0.7573961E-01    0.3812092E+01   -0.3112533E+02   -0.4241206E+01    0.7575572E+01    0.7037985E+01   -0.2663141E+01   -0.1099287E+00   -0.1304297E-01    0.2327886E+01    0.2152174E+01    0.1617676E-03    0.2472118E-03   -0.2482894E-02    0.7243677E-05    0.1844216E-02    0.2679052E-02    0.1031403E-02    0.9001697E-03   -0.2400812E-02   -0.9261461E-03   -0.5310523E-02   -0.1333284E-01    0.1570575E-03   -0.4069730E-03
    0.1900591E-03    0.1292603E-01   -0.1662016E-02   -0.3276755E-01    0.7922634E+00   -0.2205322E-01    0.6718052E-03    0.5542206E-02    0.4490784E+02   -0.3908616E+00   -0.3112533E+02    0.7999980E+03    0.7830086E+02   -0.5952119E+02   -0.7104526E+02    0.1609305E+02   -0.4158968E+01    0.3739491E+01   -0.1092211E+02   -0.1552114E+02   -0.4409755E-02   -0.2796366E-02    0.2219136E-01    0.2106578E-02   -0.4019503E-02   -0.7261143E-01    0.4094916E-02   -0.1025668E-01    0.2093389E-01    0.1999661E-02    0.3477788E-01    0.2027720E+00    0.6295925E-02    0.5392034E-02
    0.4349719E-04    0.5990805E-02   -0.6581988E-03   -0.1033338E-01    0.3381789E+00   -0.2789804E-02    0.5697835E-02    0.7123433E-03    0.9252705E+00    0.1051059E+01   -0.4241206E+01    0.7830086E+02    0.6374734E+02    0.4638499E+02    0.1786263E+02   -0.3238092E+01   -0.3920190E+00   -0.1253254E+01    0.3966069E+01    0.4073151E+01   -0.9985190E-03   -0.1062558E-02    0.4167048E-02   -0.6107015E-03   -0.1121480E-01   -0.3546447E-01    0.1090604E-02    0.3522776E-02   -0.9623524E-02   -0.6926881E-03    0.1989000E-01    0.5753870E-01    0.2197124E-03    0.5331960E-03
   -0.3163857E-04    0.1242039E-02   -0.3642196E-04   -0.2643547E-02    0.5454232E-01    0.3740115E-03    0.5292249E-02    0.1158703E-03   -0.2163224E+02    0.1923358E+01    0.7575572E+01   -0.5952119E+02    0.4638499E+02    0.1011940E+03    0.6792072E+02   -0.1129938E+02   -0.5767515E+00   -0.1206028E+01    0.4531571E+01    0.5221612E+01    0.1582018E-03    0.5668489E-03   -0.9683106E-03    0.8731035E-04   -0.5166469E-03   -0.2179616E-02   -0.4764996E-02    0.7002764E-02   -0.1933143E-01   -0.6853086E-03    0.1532031E-01    0.8491723E-02    0.6823122E-03   -0.2332396E-02
   -0.1196829E-03   -0.1136950E-02    0.2037746E-03   -0.3824932E-02   -0.1115707E+00   -0.5233090E-02    0.7222708E-03    0.9432925E-03   -0.6188528E+02    0.7505301E+00    0.7037985E+01   -0.7104526E+02    0.1786263E+02    0.6792072E+02    0.1227504E+03   -0.1030670E+02   -0.5377491E+00   -0.7262261E+00   -0.3574718E+00    0.1596229E+02   -0.5622230E-03    0.9326637E-03    0.2483712E-03   -0.1020224E-02   -0.4082574E-02    0.3906129E-01   -0.7064796E-02    0.5740789E-02   -0.1074305E-01   -0.2339604E-02    0.2037421E-03    0.5232029E-03    0.5851941E-03   -0.7703626E-02
    0.2167321E-04    0.1052554E-02   -0.1442269E-03   -0.3270446E-03    0.7059581E-01    0.1697908E-02    0.3030478E-03    0.1935842E-03    0.7848994E+00    0.7052199E-01   -0.2663141E+01    0.1609305E+02   -0.3238092E+01   -0.1129938E+02   -0.1030670E+02    0.5836837E+01    0.1127218E-01   -0.3214037E-01   -0.1797372E+01   -0.1556678E+01    0.1064473E-03   -0.6941254E-04    0.5973814E-03    0.4740449E-04   -0.9554329E-03    0.1998080E-02   -0.6933982E-03   -0.1113473E-02   -0.2716934E-03    0.1620887E-02    0.1958128E-02    0.1299573E-01   -0.1003151E-03    0.1802989E-03
    0.1963811E-04    0.3166148E-03   -0.3233355E-04    0.5431245E-03    0.2370963E-01    0.1910829E-02    0.1304042E-02    0.7605362E-04    0.2462019E+00   -0.1832023E-01   -0.1099287E+00   -0.4158968E+01   -0.3920190E+00   -0.5767515E+00   -0.5377491E+00    0.1127218E-01    0.3623336E+01    0.4217250E+00    0.2674538E+00    0.5087452E+00    0.1491782E-03    0.2489413E-03   -0.3496034E-02    0.1325808E-03    0.2599056E-02    0.1173483E-01   -0.2083369E-03   -0.1261265E-02    0.4124138E-02   -0.2403594E-02   -0.5709555E-02    0.1841797E-02    0.2862121E-03    0.4645833E-04
    0.1203438E-04    0.2199427E-03   -0.2220047E-04    0.2542115E-03    0.1721585E-01    0.6877697E-03    0.4926621E-03    0.2324164E-04    0.2275651E+00   -0.1416187E-01   -0.1304297E-01    0.3739491E+01   -0.1253254E+01   -0.1206028E+01   -0.7262261E+00   -0.3214037E-01    0.4217250E+00    0.3339283E+01    0.2567044E+01    0.1736354E+01   -0.1759138E-03    0.1460324E-03   -0.1891532E-03   -0.7552395E-04    0.8343604E-03    0.8566562E-02    0.9511604E-03   -0.1761947E-04   -0.1710254E-02    0.1242932E-02   -0.1659683E-02   -0.8948342E-02   -0.3064640E-03   -0.2110967E-03
   -0.4468309E-05    0.6557402E-03   -0.1030189E-03   -0.2162203E-02    0.3357315E-01   -0.3167968E-02    0.4889838E-03   -0.2977539E-04   -0.2333119E+01    0.9929349E-01    0.2327886E+01   -0.1092211E+02    0.3966069E+01    0.4531571E+01   -0.3574718E+00   -0.1797372E+01    0.2674538E+00    0.2567044E+01    0.1791830E+02    0.2701211E+02    0.2480667E-04    0.5777008E-04   -0.5735682E-02    0.2474337E-03   -0.1426438E-02    0.2951774E-02    0.5732554E-02    0.3060319E-02   -0.9046349E-02    0.5300430E-04   -0.8497929E-02   -0.5368910E-02   -0.3740612E-04    0.2644506E-02
   -0.6559979E-04    0.7030827E-04   -0.7237823E-04   -0.5101282E-02   -0.1737536E-01   -0.8666088E-02   -0.8215465E-03    0.8154567E-03   -0.1972064E+02    0.1114693E+00    0.2152174E+01   -0.1552114E+02    0.4073151E+01    0.5221612E+01    0.1596229E+02   -0.1556678E+01    0.5087452E+00    0.1736354E+01    0.2701211E+02    0.5724019E+02    0.3395905E-03    0.5677910E-03   -0.9048918E-02    0.6028155E-03   -0.5106242E-02    0.1345137E-01    0.4709764E-02    0.4122477E-02   -0.2551456E-02    0.5321506E-02   -0.1272160E-01    0.7331767E-02    0.5046332E-04    0.4731373E-02
    0.1250202E-06    0.6229864E-06   -0.8225714E-07    0.7093838E-05    0.9549985E-04    0.1703909E-04    0.6883751E-05    0.7192932E-06    0.1375412E-03    0.1630520E-04    0.1617676E-03   -0.4409755E-02   -0.9985190E-03    0.1582018E-03   -0.5622230E-03    0.1064473E-03    0.1491782E-03   -0.1759138E-03    0.2480667E-04    0.3395905E-03    0.3255638E-04    0.8054355E-05    0.8089771E-07    0.1936152E-05    0.3833780E-06    0.1444659E-05   -0.3173023E-05   -0.6170414E-06    0.3984461E-05   -0.1335601E-05   -0.1421462E-04    0.2073982E-04   -0.8110439E-07    0.5054294E-08
    0.1307485E-06    0.2259829E-06   -0.4373536E-07    0.9114889E-05    0.8468577E-04    0.1942412E-04    0.7216025E-05    0.5161458E-06   -0.7172559E-03    0.2632645E-05    0.2472118E-03   -0.2796366E-02   -0.1062558E-02    0.5668489E-03    0.9326637E-03   -0.6941254E-04    0.2489413E-03    0.1460324E-03    0.5777008E-04    0.5677910E-03    0.8054355E-05    0.2536866E-04    0.1909319E-06    0.1240319E-04   -0.5735160E-05   -0.3579187E-05    0.1723335E-05    0.2134100E-05    0.5659541E-05    0.7484284E-06   -0.1428365E-04   -0.1573844E-04    0.1309677E-07   -0.9048606E-09
    0.7707066E-07   -0.1566822E-05    0.1174316E-06    0.4257015E-05   -0.5004985E-04    0.7492406E-05    0.1349032E-05    0.1574579E-05    0.3812723E-04    0.9632980E-04   -0.2482894E-02    0.2219136E-01    0.4167048E-02   -0.9683106E-03    0.2483712E-03    0.5973814E-03   -0.3496034E-02   -0.1891532E-03   -0.5735682E-02   -0.9048918E-02    0.8089771E-07    0.1909319E-06    0.1070894E-02   -0.2665000E-05   -0.1412998E-04    0.4466401E-05   -0.7964091E-05   -0.3992760E-04   -0.3471754E-04   -0.4138166E-04    0.3233193E-05    0.1646216E-04   -0.3156818E-06   -0.1500302E-05
    0.1557325E-06    0.4847279E-06   -0.7975093E-07    0.7420220E-05    0.9838423E-04    0.1733802E-04    0.7564106E-05    0.7949598E-06    0.7544393E-03    0.1239625E-04    0.7243677E-05    0.2106578E-02   -0.6107015E-03    0.8731035E-04   -0.1020224E-02    0.4740449E-04    0.1325808E-03   -0.7552395E-04    0.2474337E-03    0.6028155E-03    0.1936152E-05    0.1240319E-04   -0.2665000E-05    0.4817613E-04   -0.2462285E-06   -0.1068569E-04   -0.2673044E-05   -0.1027290E-05   -0.3505842E-05    0.6472496E-05   -0.1729676E-05   -0.3090301E-04   -0.7619648E-09    0.4943561E-06
   -0.2938278E-06   -0.8773645E-05    0.1430832E-05   -0.2068403E-04   -0.6380243E-03   -0.6392283E-04   -0.2528729E-04    0.4563502E-07    0.9302803E-04    0.1641474E-03    0.1844216E-02   -0.4019503E-02   -0.1121480E-01   -0.5166469E-03   -0.4082574E-02   -0.9554329E-03    0.2599056E-02    0.8343604E-03   -0.1426438E-02   -0.5106242E-02    0.3833780E-06   -0.5735160E-05   -0.1412998E-04   -0.2462285E-06    0.2152203E-02    0.1812430E-03   -0.7990829E-05    0.6792519E-05    0.1132739E-03    0.1428413E-04    0.2511590E-04    0.3546225E-03    0.1789816E-05   -0.7474342E-06
   -0.8520895E-06   -0.4114248E-05    0.3990677E-06   -0.4694827E-04   -0.7636135E-03   -0.1260595E-03   -0.4008710E-04   -0.5297644E-05   -0.2778765E-01   -0.1284410E-04    0.2679052E-02   -0.7261143E-01   -0.3546447E-01   -0.2179616E-02    0.3906129E-01    0.1998080E-02    0.1173483E-01    0.8566562E-02    0.2951774E-02    0.1345137E-01    0.1444659E-05   -0.3579187E-05    0.4466401E-05   -0.1068569E-04    0.1812430E-03    0.1632260E-01   -0.9123688E-04   -0.3747997E-04   -0.6679461E-04    0.4993586E-04    0.8056522E-04    0.3282884E-03   -0.1590965E-05   -0.2657955E-05
   -0.8376739E-07    0.4258695E-05   -0.4169677E-06   -0.1850344E-04    0.1106860E-03   -0.2443653E-04   -0.2290021E-05    0.1147741E-05    0.5321833E-02   -0.1756248E-03    0.1031403E-02    0.4094916E-02    0.1090604E-02   -0.4764996E-02   -0.7064796E-02   -0.6933982E-03   -0.2083369E-03    0.9511604E-03    0.5732554E-02    0.4709764E-02   -0.3173023E-05    0.1723335E-05   -0.7964091E-05   -0.2673044E-05   -0.7990829E-05   -0.9123688E-04    0.1411741E-02    0.3423267E-03    0.6475121E-04   -0.3784557E-03   -0.1412522E-03   -0.2385894E-03   -0.3861136E-06    0.1152509E-06
   -0.1482289E-06    0.2572021E-05   -0.2416770E-06   -0.3211671E-05    0.6269254E-04   -0.2998505E-05   -0.8669725E-06   -0.1607951E-05   -0.2934421E-02    0.1210244E-03    0.9001697E-03   -0.1025668E-01    0.3522776E-02    0.7002764E-02    0.5740789E-02   -0.1113473E-02   -0.1261265E-02   -0.1761947E-04    0.3060319E-02    0.4122477E-02   -0.6170414E-06    0.2134100E-05   -0.3992760E-04   -0.1027290E-05    0.6792519E-05   -0.3747997E-04    0.3423267E-03    0.8449228E-03    0.4545000E-04    0.7139125E-03    0.5494890E-04   -0.7469744E-03   -0.2938054E-06   -0.3164167E-06
    0.1726606E-06   -0.4230661E-05    0.1415990E-06    0.6726491E-05   -0.1177040E-03    0.4513993E-05    0.6586813E-05    0.9168250E-06    0.1457547E-02   -0.7013808E-03   -0.2400812E-02    0.2093389E-01   -0.9623524E-02   -0.1933143E-01   -0.1074305E-01   -0.2716934E-03    0.4124138E-02   -0.1710254E-02   -0.9046349E-02   -0.2551456E-02    0.3984461E-05    0.5659541E-05   -0.3471754E-04   -0.3505842E-05    0.1132739E-03   -0.6679461E-04    0.6475121E-04    0.4545000E-04    0.6971081E-02   -0.3203782E-03    0.6040896E-03    0.3967445E-02    0.1569487E-05    0.1906246E-06
   -0.6735426E-06   -0.1449563E-05   -0.2103504E-07   -0.1412040E-04   -0.3585844E-03   -0.3853555E-04   -0.2539034E-04   -0.2866165E-05   -0.4236053E-02    0.4453904E-04   -0.9261461E-03    0.1999661E-02   -0.6926881E-03   -0.6853086E-03   -0.2339604E-02    0.1620887E-02   -0.2403594E-02    0.1242932E-02    0.5300430E-04    0.5321506E-02   -0.1335601E-05    0.7484284E-06   -0.4138166E-04    0.6472496E-05    0.1428413E-04    0.4993586E-04   -0.3784557E-03    0.7139125E-03   -0.3203782E-03    0.2843800E-02    0.4872111E-03   -0.9283824E-03    0.4317509E-06    0.7351720E-06
   -0.7968034E-06    0.7196858E-05   -0.1374513E-05   -0.6788205E-04    0.7722836E-04   -0.1217483E-03   -0.1041025E-04   -0.2745850E-05    0.2196279E-02    0.4400100E-03   -0.5310523E-02    0.3477788E-01    0.1989000E-01    0.1532031E-01    0.2037421E-03    0.1958128E-02   -0.5709555E-02   -0.1659683E-02   -0.8497929E-02   -0.1272160E-01   -0.1421462E-04   -0.1428365E-04    0.3233193E-05   -0.1729676E-05    0.2511590E-04    0.8056522E-04   -0.1412522E-03    0.5494890E-04    0.6040896E-03    0.4872111E-03    0.6559017E-02    0.7564472E-02    0.2223003E-05   -0.8176794E-06
   -0.1267120E-05    0.4705025E-04   -0.6862644E-05   -0.1777681E-03    0.1846684E-02   -0.2093202E-03    0.2679503E-04    0.1500013E-04    0.7564480E-02    0.3493837E-03   -0.1333284E-01    0.2027720E+00    0.5753870E-01    0.8491723E-02    0.5232029E-03    0.1299573E-01    0.1841797E-02   -0.8948342E-02   -0.5368910E-02    0.7331767E-02    0.2073982E-04   -0.1573844E-04    0.1646216E-04   -0.3090301E-04    0.3546225E-03    0.3282884E-03   -0.2385894E-03   -0.7469744E-03    0.3967445E-02   -0.9283824E-03    0.7564472E-02    0.6484595E-01    0.7517886E-05    0.3622063E-06
   -0.2820629E-08    0.1257143E-08   -0.2040881E-08   -0.6105054E-06   -0.9971558E-06   -0.8952203E-06   -0.3117186E-06    0.3925911E-07   -0.1675659E-03    0.5381395E-05    0.1570575E-03    0.6295925E-02    0.2197124E-03    0.6823122E-03    0.5851941E-03   -0.1003151E-03    0.2862121E-03   -0.3064640E-03   -0.3740612E-04    0.5046332E-04   -0.8110439E-07    0.1309677E-07   -0.3156818E-06   -0.7619648E-09    0.1789816E-05   -0.1590965E-05   -0.3861136E-06   -0.2938054E-06    0.1569487E-05    0.4317509E-06    0.2223003E-05    0.7517886E-05    0.5893241E-06    0.2853560E-07
    0.7864052E-08    0.2946642E-06   -0.5407770E-07   -0.5477292E-06    0.1979746E-04   -0.4895444E-06    0.4162584E-06   -0.5973835E-08    0.4375692E-02   -0.8262902E-05   -0.4069730E-03    0.5392034E-02    0.5331960E-03   -0.2332396E-02   -0.7703626E-02    0.1802989E-03    0.4645833E-04   -0.2110967E-03    0.2644506E-02    0.4731373E-02    0.5054294E-08   -0.9048606E-09   -0.1500302E-05    0.4943561E-06   -0.7474342E-06   -0.2657955E-05    0.1152509E-06   -0.3164167E-06    0.1906246E-06    0.7351720E-06   -0.8176794E-06    0.3622063E-06    0.2853560E-07    0.2125912E-05
