# omegabh2 omegach2 theta tau alpha1 logA ns calPlanck acib217 xi asz143 aps100 aps143 aps143217 aps217 aksz kgal100 kgal143 kgal143217 kgal217 cal0 cal2
  5.0988197E-08  -3.6714035E-08  -4.6058896E-09   5.6073304E-07  -1.7823437E-07   1.4097875E-06  -1.7809786E-07   2.5544388E-08  -9.6713054E-05   2.1434316E-06   1.8212648E-05  -4.5827624E-04  -4.7817184E-04  -2.6404034E-04  -1.5259403E-04  -2.1331872E-05  -8.6689449E-06  -1.2511696E-05  -4.5376934E-05  -3.6608188E-05   1.6645654E-09  -6.4794220E-09
 -3.6714035E-08   1.5337077E-06  -1.1487012E-07  -8.4572701E-07  -2.9872409E-07   2.2931328E-06  -3.9987540E-06  -1.1668859E-07   7.4782394E-05   3.0508034E-06   9.7681547E-06  -1.2957655E-04   2.2459904E-04   1.9824370E-04   8.5278363E-05   2.0061717E-05  -2.1542037E-05   3.9099040E-05   4.4981814E-05  -4.7052913E-05  -1.1428321E-08  -6.1267636E-09
 -4.6058896E-09  -1.1487012E-07   2.2239971E-07  -3.3220251E-07   3.4669538E-07  -1.2255610E-06   1.2566102E-06  -1.1269872E-08  -4.9924305E-07  -2.4440626E-06   3.6316912E-05  -4.5306299E-05  -1.2449803E-05   4.0699711E-05   6.5491405E-05  -6.5294130E-05  -1.5464186E-05   1.7370078E-05   5.1727877E-05   5.2889052E-05  -3.0800311E-09   1.0838038E-09
  5.6073304E-07  -8.4572701E-07  -3.3220251E-07   6.9991548E-05  -3.7224377E-06   1.4090027E-04  -1.7490753E-06  -6.8249989E-07  -3.0463441E-03   1.7209762E-05   2.2938578E-04  -9.5003367E-03  -8.0896699E-03  -3.9048618E-03  -1.6318625E-04  -7.6095255E-04   7.7182800E-05   8.0671611E-05  -3.4616953E-04   5.6896657E-04   2.2935546E-08  -2.1622406E-08
 -1.7823437E-07  -2.9872409E-07   3.4669538E-07  -3.7224377E-06   2.6068806E-06  -1.1143780E-05   5.6222001E-06  -7.5925443E-08  -3.4944232E-05  -3.2601465E-06   1.7973816E-04  -8.2339386E-04   7.0535003E-04   9.6204824E-04   8.9874124E-04  -3.3280811E-04  -8.4680043E-06  -3.4379618E-05   2.0565039E-04   2.7440038E-04  -3.1743538E-08   1.9838887E-08
  1.4097875E-06   2.2931328E-06  -1.2255610E-06   1.4090027E-04  -1.1143780E-05   3.2786344E-04  -2.1503492E-05   1.1558500E-05  -4.9354789E-03   4.0156846E-05   5.2925561E-04  -1.8923666E-02  -1.5802790E-02  -6.4674709E-03   3.4733925E-03  -2.3532810E-03  -3.2784796E-04  -6.2013225E-04  -1.8617418E-03   1.0420140E-03   1.1472150E-07  -1.3709102E-07
 -1.7809786E-07  -3.9987540E-06   1.2566102E-06  -1.7490753E-06   5.6222001E-06  -2.1503492E-05   3.2289322E-05   3.3966072E-07  -5.1116149E-03   6.8045014E-05   1.4404250E-03  -2.4183213E-02  -6.1731070E-03   3.7930665E-03   7.9725261E-03  -3.2746175E-03   4.2839371E-04  -3.9709256E-04  -1.6026597E-04   1.9433232E-03  -1.4649765E-07  -2.9915820E-08
  2.5544388E-08  -1.1668859E-07  -1.1269872E-08  -6.8249989E-07  -7.5925443E-08   1.1558500E-05   3.3966072E-07   6.5357835E-06   1.0838495E-03  -2.2058505E-05   8.5779306E-05   2.2423112E-03   4.2581065E-04   2.2585351E-04   1.0859900E-03  -1.6441986E-04  -1.1957237E-05  -2.1503892E-04  -2.9740216E-04   3.0413367E-04  -4.0430395E-08  -1.1137775E-08
 -9.6713054E-05   7.4782394E-05  -4.9924305E-07  -3.0463441E-03  -3.4944232E-05  -4.9354789E-03  -5.1116149E-03   1.0838495E-03   4.5530824E+01  -3.7677390E-01  -2.9046603E-01   3.1867747E+01   3.5817308E+00  -9.6485993E+00  -5.3126776E+01  -7.3336391E-01   9.9154224E-02  -8.0283875E-03  -6.4265580E+00  -3.4851627E+01  -9.1212409E-05   6.4642759E-04
  2.1434316E-06   3.0508034E-06  -2.4440626E-06   1.7209762E-05  -3.2601465E-06   4.0156846E-05   6.8045014E-05  -2.2058505E-05  -3.7677390E-01   8.2361101E-02  -4.3536992E-02  -5.2594782E-01   9.3001352E-01   1.6679758E+00   5.9696296E-01   3.9055295E-02   6.8715993E-03   3.0665094E-02   1.2520823E-01   1.6435171E-01   1.3152605E-06   1.3239543E-06
  1.8212648E-05   9.7681547E-06   3.6316912E-05   2.2938578E-04   1.7973816E-04   5.2925561E-04   1.4404250E-03   8.5779306E-05  -2.9046603E-01  -4.3536992E-02   4.1844692E+00  -3.3138258E+01  -3.4303191E+00   8.5660336E+00   5.4931797E+00  -3.2127108E+00  -2.3126469E-01   1.4134218E-01   2.6821960E+00   2.8739619E+00   7.2375504E-05  -4.5039378E-05
 -4.5827624E-04  -1.2957655E-04  -4.5306299E-05  -9.5003367E-03  -8.2339386E-04  -1.8923666E-02  -2.4183213E-02   2.2423112E-03   3.1867747E+01  -5.2594782E-01  -3.3138258E+01   8.0834160E+02   7.3072847E+01  -6.0088552E+01  -5.9896023E+01   1.7298347E+01  -5.5057026E+00   4.9378022E+00  -1.2827499E+01  -2.2130226E+01   4.3460681E-03   3.2275261E-04
 -4.7817184E-04   2.2459904E-04  -1.2449803E-05  -8.0896699E-03   7.0535003E-04  -1.5802790E-02  -6.1731070E-03   4.2581065E-04   3.5817308E+00   9.3001352E-01  -3.4303191E+00   7.3072847E+01   6.5600704E+01   4.1970120E+01   1.5000397E+01  -5.0643660E+00  -1.5963636E-01  -8.3771603E-01   4.1221395E+00   4.1208171E+00   2.0059994E-04   1.8086696E-04
 -2.6404034E-04   1.9824370E-04   4.0699711E-05  -3.9048618E-03   9.6204824E-04  -6.4674709E-03   3.7930665E-03   2.2585351E-04  -9.6485993E+00   1.6679758E+00   8.5660336E+00  -6.0088552E+01   4.1970120E+01   8.9099829E+01   5.3344318E+01  -1.3799013E+01  -6.6587246E-01  -1.3427636E-01   5.2606587E+00   6.2426554E+00   3.0535711E-04  -2.9842218E-04
 -1.5259403E-04   8.5278363E-05   6.5491405E-05  -1.6318625E-04   8.9874124E-04   3.4733925E-03   7.9725261E-03   1.0859900E-03  -5.3126776E+01   5.9696296E-01   5.4931797E+00  -5.9896023E+01   1.5000397E+01   5.3344318E+01   1.0202156E+02  -1.0264854E+01  -4.9209158E-01  -3.9825398E-01   6.1720611E+00   3.2982892E+01   2.8313450E-04  -1.2940734E-03
 -2.1331872E-05   2.0061717E-05  -6.5294130E-05  -7.6095255E-04  -3.3280811E-04  -2.3532810E-03  -3.2746175E-03  -1.6441986E-04  -7.3336391E-01   3.9055295E-02  -3.2127108E+00   1.7298347E+01  -5.0643660E+00  -1.3799013E+01  -1.0264854E+01   6.7765337E+00   9.5921672E-02  -2.0643863E-01  -2.1202948E+00  -1.6952996E+00  -7.4663285E-05   2.9305475E-05
 -8.6689449E-06  -2.1542037E-05  -1.5464186E-05   7.7182800E-05  -8.4680043E-06  -3.2784796E-04   4.2839371E-04  -1.1957237E-05   9.9154224E-02   6.8715993E-03  -2.3126469E-01  -5.5057026E+00  -1.5963636E-01  -6.6587246E-01  -4.9209158E-01   9.5921672E-02   3.2890335E+00   5.6112178E-01   1.9698754E-01   1.1081622E-01   1.7140449E-04   2.1253740E-05
 -1.2511696E-05   3.9099040E-05   1.7370078E-05   8.0671611E-05  -3.4379618E-05  -6.2013225E-04  -3.9709256E-04  -2.1503892E-04  -8.0283875E-03   3.0665094E-02   1.4134218E-01   4.9378022E+00  -8.3771603E-01  -1.3427636E-01  -3.9825398E-01  -2.0643863E-01   5.6112178E-01   3.0780286E+00   2.7591312E+00   2.9848258E+00  -1.7712562E-04  -1.3604813E-05
 -4.5376934E-05   4.4981814E-05   5.1727877E-05  -3.4616953E-04   2.0565039E-04  -1.8617418E-03  -1.6026597E-04  -2.9740216E-04  -6.4265580E+00   1.2520823E-01   2.6821960E+00  -1.2827499E+01   4.1221395E+00   5.2606587E+00   6.1720611E+00  -2.1202948E+00   1.9698754E-01   2.7591312E+00   1.1345382E+01   2.0293747E+01  -4.0460792E-05   4.3614994E-04
 -3.6608188E-05  -4.7052913E-05   5.2889052E-05   5.6896657E-04   2.7440038E-04   1.0420140E-03   1.9433232E-03   3.0413367E-04  -3.4851627E+01   1.6435171E-01   2.8739619E+00  -2.2130226E+01   4.1208171E+00   6.2426554E+00   3.2982892E+01  -1.6952996E+00   1.1081622E-01   2.9848258E+00   2.0293747E+01   5.5875532E+01  -4.0471954E-06   9.8940552E-04
  1.6645654E-09  -1.1428321E-08  -3.0800311E-09   2.2935546E-08  -3.1743538E-08   1.1472150E-07  -1.4649765E-07  -4.0430395E-08  -9.1212409E-05   1.3152605E-06   7.2375504E-05   4.3460681E-03   2.0059994E-04   3.0535711E-04   2.8313450E-04  -7.4663285E-05   1.7140449E-04  -1.7712562E-04  -4.0460792E-05  -4.0471954E-06   3.7551690E-07   3.1383428E-09
 -6.4794220E-09  -6.1267636E-09   1.0838038E-09  -2.1622406E-08   1.9838887E-08  -1.3709102E-07  -2.9915820E-08  -1.1137775E-08   6.4642759E-04   1.3239543E-06  -4.5039378E-05   3.2275261E-04   1.8086696E-04  -2.9842218E-04  -1.2940734E-03   2.9305475E-05   2.1253740E-05  -1.3604813E-05   4.3614994E-04   9.8940552E-04   3.1383428E-09   3.6948793E-07
