# omegabh2 omegach2 theta tau yhe logA ns calPlanck acib217 xi asz143 aps100 aps143 aps143217 aps217 aksz kgal100 kgal143 kgal143217 kgal217 cal0 cal2
  7.6787436E-08  -2.5453845E-07   1.5594107E-07   6.0101332E-07   3.4570093E-06   1.4720455E-06   2.1009375E-06  -6.4953156E-08   2.1884002E-04  -3.4406636E-06  -3.9981066E-05   8.2566028E-04   1.9342562E-04   1.5527662E-06  -9.3225014E-05   5.2943498E-05  -1.1787599E-05   1.7426793E-05  -6.0544742E-05  -2.7132697E-04  -7.1621634E-09  -6.7439557E-09
 -2.5453845E-07   3.9901169E-06  -6.0655814E-07  -4.4002864E-06  -8.9401866E-06  -1.0108151E-06  -1.2736776E-05   3.8318879E-07  -4.4549883E-04   3.8649960E-05  -9.4742560E-05  -4.3368515E-03   2.7137545E-04   5.8656084E-04   3.3956261E-04   5.5703770E-05   3.0043322E-04   6.5039325E-05   2.9584428E-05   6.2793105E-04  -4.6479339E-08   3.0819400E-08
  1.5594107E-07  -6.0655814E-07   6.6288496E-07   1.2982481E-06   1.2893351E-05   4.4499977E-06   6.8401088E-06  -1.4639945E-07   8.0261242E-04  -1.8308706E-05  -1.7915947E-04   3.9502052E-03   2.4375659E-03   1.1549386E-03   5.3933066E-04   3.2110460E-04  -1.8300678E-05   7.6815646E-05   6.1946309E-05  -2.8924627E-04  -4.6919238E-09   4.5457218E-09
  6.0101332E-07  -4.4002864E-06   1.2982481E-06   7.3472124E-05   2.0201811E-05   1.3836833E-04   2.5792150E-05  -1.5616781E-06   9.3951002E-04  -3.5187793E-05   5.9126031E-04  -9.7498205E-03  -2.3868504E-03   2.7741970E-03   1.5889092E-03  -2.7988686E-03  -1.1416245E-04  -1.2294689E-03  -2.2657620E-03  -4.1789742E-03  -2.1328517E-07   1.5901576E-07
  3.4570093E-06  -8.9401866E-06   1.2893351E-05   2.0201811E-05   3.5642403E-04   1.0339953E-04   1.6429037E-04  -4.9428463E-06   2.3669922E-02  -7.7789227E-04  -6.1533380E-03   1.1236359E-01   6.8393000E-02   2.3317897E-02   1.0912402E-02   9.9203074E-03   1.6678185E-04   1.7350886E-03   2.6400676E-03  -5.1847572E-03  -5.1982550E-07   5.2231395E-07
  1.4720455E-06  -1.0108151E-06   4.4499977E-06   1.3836833E-04   1.0339953E-04   3.2861122E-04   5.5876128E-05   1.1528105E-05   3.4629923E-03   1.8742310E-05  -8.7796208E-04   6.8797210E-03   1.4442410E-02   1.7848155E-02   1.7706524E-02  -3.0378837E-03   1.0984863E-03  -2.2578508E-03  -4.6785337E-03  -6.0383906E-03  -6.7547177E-08   1.0375387E-07
  2.1009375E-06  -1.2736776E-05   6.8401088E-06   2.5792150E-05   1.6429037E-04   5.5876128E-05   1.0669284E-04  -3.6899738E-06   7.4183492E-03  -3.9645497E-04  -8.8522751E-04   2.9536337E-02   1.9332850E-02   9.1348483E-03   7.9126204E-03   9.3658448E-04  -5.1345284E-04  -1.7775959E-04   1.4745504E-04  -3.7646819E-03  -2.1319305E-07   1.2185540E-07
 -6.4953156E-08   3.8318879E-07  -1.4639945E-07  -1.5616781E-06  -4.9428463E-06   1.1528105E-05  -3.6899738E-06   7.2718621E-06  -5.3888272E-04   6.4149954E-05  -1.0395616E-04   5.5327941E-03   5.1565818E-06   9.6489270E-04   2.8988383E-03   3.4528761E-04   3.9069670E-04  -1.8835874E-05  -2.1065290E-04   1.0193968E-03   1.8390091E-07  -1.5930508E-07
  2.1884002E-04  -4.4549883E-04   8.0261242E-04   9.3951002E-04   2.3669922E-02   3.4629923E-03   7.4183492E-03  -5.3888272E-04   4.3103441E+01  -4.6320359E-01  -1.3233502E+00   4.1714233E+01   3.6116792E+00  -1.4948941E+01  -5.2866395E+01   5.5483865E-01  -3.1377532E-01   1.0350510E+00  -4.3901335E+00  -3.0728902E+01  -2.6727020E-04   6.7027106E-04
 -3.4406636E-06   3.8649960E-05  -1.8308706E-05  -3.5187793E-05  -7.7789227E-04   1.8742310E-05  -3.9645497E-04   6.4149954E-05  -4.6320359E-01   8.4120982E-02  -4.9863131E-02  -4.1114321E-01   8.3534452E-01   1.6101500E+00   6.8173207E-01   5.7259534E-02  -9.1318299E-03   2.4605220E-02   7.3212715E-02   1.2342784E-01   7.2131016E-06  -1.0346618E-05
 -3.9981066E-05  -9.4742560E-05  -1.7915947E-04   5.9126031E-04  -6.1533380E-03  -8.7796208E-04  -8.8522751E-04  -1.0395616E-04  -1.3233502E+00  -4.9863131E-02   3.9702402E+00  -3.1342898E+01  -3.7717670E+00   7.5202378E+00   5.7086090E+00  -3.2332661E+00  -2.7914641E-01  -2.2158739E-01   2.4760490E+00   3.1552508E+00   1.9055526E-04  -1.2826585E-05
  8.2566028E-04  -4.3368515E-03   3.9502052E-03  -9.7498205E-03   1.1236359E-01   6.8797210E-03   2.9536337E-02   5.5327941E-03   4.1714233E+01  -4.1114321E-01  -3.1342898E+01   7.6178679E+02   7.6783455E+01  -5.0792796E+01  -6.3231800E+01   1.9913248E+01  -6.6352172E+00   1.1459753E+01  -7.0561118E+00  -2.0421153E+01   2.4084052E-03   3.1805688E-04
  1.9342562E-04   2.7137545E-04   2.4375659E-03  -2.3868504E-03   6.8393000E-02   1.4442410E-02   1.9332850E-02   5.1565818E-06   3.6116792E+00   8.3534452E-01  -3.7717670E+00   7.6783455E+01   7.3872856E+01   4.7696637E+01   2.1648271E+01  -1.5716979E+00  -1.9422651E-01  -4.9975832E-01   5.0987524E+00   6.8999027E+00   1.3618598E-04   1.5136006E-04
  1.5527662E-06   5.8656084E-04   1.1549386E-03   2.7741970E-03   2.3317897E-02   1.7848155E-02   9.1348483E-03   9.6489270E-04  -1.4948941E+01   1.6101500E+00   7.5202378E+00  -5.0792796E+01   4.7696637E+01   9.0708139E+01   6.3411615E+01  -1.0925296E+01  -1.1562548E+00  -1.1647901E+00   4.3055859E+00   8.5981337E+00   7.4337043E-04  -2.7820842E-04
 -9.3225014E-05   3.3956261E-04   5.3933066E-04   1.5889092E-03   1.0912402E-02   1.7706524E-02   7.9126204E-03   2.8988383E-03  -5.2866395E+01   6.8173207E-01   5.7086090E+00  -6.3231800E+01   2.1648271E+01   6.3411615E+01   1.0876708E+02  -9.3636642E+00  -2.9517739E-01  -2.2188350E+00   3.1584548E+00   2.9952871E+01   8.3146535E-04  -1.0635116E-03
  5.2943498E-05   5.5703770E-05   3.2110460E-04  -2.7988686E-03   9.9203074E-03  -3.0378837E-03   9.3658448E-04   3.4528761E-04   5.5483865E-01   5.7259534E-02  -3.2332661E+00   1.9913248E+01  -1.5716979E+00  -1.0925296E+01  -9.3636642E+00   6.6144693E+00   2.7229235E-01   1.4676827E-01  -1.8174074E+00  -1.9108351E+00  -1.7754179E-04   2.4884761E-05
 -1.1787599E-05   3.0043322E-04  -1.8300678E-05  -1.1416245E-04   1.6678185E-04   1.0984863E-03  -5.1345284E-04   3.9069670E-04  -3.1377532E-01  -9.1318299E-03  -2.7914641E-01  -6.6352172E+00  -1.9422651E-01  -1.1562548E+00  -2.9517739E-01   2.7229235E-01   3.4449539E+00   4.4937849E-01   2.9683251E-01   8.3478307E-01   1.9048653E-04   9.7033819E-06
  1.7426793E-05   6.5039325E-05   7.6815646E-05  -1.2294689E-03   1.7350886E-03  -2.2578508E-03  -1.7775959E-04  -1.8835874E-05   1.0350510E+00   2.4605220E-02  -2.2158739E-01   1.1459753E+01  -4.9975832E-01  -1.1647901E+00  -2.2188350E+00   1.4676827E-01   4.4937849E-01   3.3713847E+00   2.5733821E+00   1.9032941E+00  -2.5636816E-04  -1.2083909E-04
 -6.0544742E-05   2.9584428E-05   6.1946309E-05  -2.2657620E-03   2.6400676E-03  -4.6785337E-03   1.4745504E-04  -2.1065290E-04  -4.3901335E+00   7.3212715E-02   2.4760490E+00  -7.0561118E+00   5.0987524E+00   4.3055859E+00   3.1584548E+00  -1.8174074E+00   2.9683251E-01   2.5733821E+00   1.0765922E+01   1.8451049E+01  -4.9843575E-05   2.4903923E-04
 -2.7132697E-04   6.2793105E-04  -2.8924627E-04  -4.1789742E-03  -5.1847572E-03  -6.0383906E-03  -3.7646819E-03   1.0193968E-03  -3.0728902E+01   1.2342784E-01   3.1552508E+00  -2.0421153E+01   6.8999027E+00   8.5981337E+00   2.9952871E+01  -1.9108351E+00   8.3478307E-01   1.9032941E+00   1.8451049E+01   5.1166802E+01   5.1453652E-05   6.1356829E-04
 -7.1621634E-09  -4.6479339E-08  -4.6919238E-09  -2.1328517E-07  -5.1982550E-07  -6.7547177E-08  -2.1319305E-07   1.8390091E-07  -2.6727020E-04   7.2131016E-06   1.9055526E-04   2.4084052E-03   1.3618598E-04   7.4337043E-04   8.3146535E-04  -1.7754179E-04   1.9048653E-04  -2.5636816E-04  -4.9843575E-05   5.1453652E-05   4.1035864E-07   3.1592612E-09
 -6.7439557E-09   3.0819400E-08   4.5457218E-09   1.5901576E-07   5.2231395E-07   1.0375387E-07   1.2185540E-07  -1.5930508E-07   6.7027106E-04  -1.0346618E-05  -1.2826585E-05   3.1805688E-04   1.5136006E-04  -2.7820842E-04  -1.0635116E-03   2.4884761E-05   9.7033819E-06  -1.2083909E-04   2.4903923E-04   6.1356829E-04   3.1592612E-09   3.6077594E-07
