# omegabh2 omegach2 theta tau logA ns nrun r calPlanck BBdust BBsync BBalphadust BBbetadust BBalphasync BBbetasync BBdustsynccorr acib217 xi asz143 aps100 aps143 aps143217 aps217 aksz kgal100 kgal143 kgal143217 kgal217 cal0 cal2
  5.0006010E-08  -1.1785372E-07   3.7052079E-08   5.1170531E-07   1.0985083E-06   3.2404652E-07  -7.0167446E-07   3.9889725E-07   3.8170003E-08  -1.7379871E-07  -2.1619155E-06   1.3077677E-06  -6.9435342E-08   6.0345479E-07  -3.3226304E-07  -1.7434751E-07  -4.7151575E-05   1.8733557E-07   2.2418533E-05  -3.4951095E-04  -2.9574232E-04  -1.6864999E-04  -1.0463809E-04  -2.1387316E-05   8.1341367E-06   3.9534926E-06   2.1663678E-06   1.8691595E-05   1.8995551E-09  -3.8827436E-10
 -1.1785372E-07   2.2962059E-06  -2.1030604E-07  -4.7665539E-06  -5.2733208E-06  -5.1323929E-06  -3.5810199E-07  -2.7911466E-06  -5.0738488E-07   7.3790738E-06  -1.7172842E-06  -1.5506961E-05   2.2338429E-06  -2.9582626E-08   1.4607311E-06   5.4177337E-06   3.2725333E-04  -3.9993918E-06  -9.0674646E-05   1.8622581E-03   1.1343261E-03   4.3948718E-04  -4.9213329E-05   1.7565256E-04   4.6388454E-05   5.4233990E-05   6.9717284E-05  -5.9239227E-05  -1.7540503E-08   8.2264806E-09
  3.7052079E-08  -2.1030604E-07   2.0266393E-07   6.4519077E-07   1.2095385E-06   7.2405777E-07  -1.6665793E-07   2.8803615E-07   7.0447864E-08  -2.0376643E-06  -1.1005390E-05   1.7426971E-06  -2.2303720E-07   6.6303164E-07   1.0906920E-06   3.5755509E-07  -1.1426522E-05   8.2617858E-07   2.3223790E-06  -1.6658807E-04  -1.2776901E-04  -7.7400074E-05  -4.7550395E-05  -6.9058464E-06  -4.1492765E-06  -3.5166451E-06  -1.2902144E-05  -1.0099050E-05   2.8121355E-09   3.1031924E-09
  5.1170531E-07  -4.7665539E-06   6.4519077E-07   4.9754700E-05   8.9646920E-05   1.2058972E-05  -1.0741181E-05   6.5155254E-06  -3.3883118E-07  -4.4762449E-05  -5.3760740E-06   6.4437763E-06   9.8851125E-06  -7.5344838E-06  -1.5621614E-05  -3.7404388E-05  -1.6337313E-04  -5.1518935E-06   5.5000515E-05  -3.0447531E-03  -3.0858391E-03  -2.5903474E-03  -2.2141861E-03   3.2461845E-05   5.0622983E-05   6.4899464E-05  -2.0517689E-05  -1.6997362E-04   1.6646782E-09  -1.7610658E-08
  1.0985083E-06  -5.2733208E-06   1.2095385E-06   8.9646920E-05   1.9842090E-04   1.1527314E-05  -3.4926149E-05   9.2987858E-06   1.0529057E-05  -1.2700798E-04  -2.8731172E-05  -3.2203592E-05   3.3569857E-05  -1.0306388E-06  -2.3356744E-05  -7.0372607E-05   1.6737796E-03  -2.6366388E-05  -4.8946776E-04   7.7210826E-03   1.0171166E-04  -2.2486966E-03  -3.3423384E-04   4.5921033E-04   5.1512225E-05  -2.2488744E-04  -5.3698859E-04   2.6284263E-04   1.5507955E-07  -2.7956254E-08
  3.2404652E-07  -5.1323929E-06   7.2405777E-07   1.2058972E-05   1.1527314E-05   2.3600654E-05   7.9062635E-06   8.5216028E-06   1.2646902E-06  -4.2246620E-06  -2.2403297E-05   3.5976137E-05  -2.2601614E-06  -8.3338843E-06  -7.3391589E-06  -1.6072977E-05  -6.1666821E-03   1.1872744E-04   1.5878361E-03  -3.2988464E-02  -1.0724957E-02   1.1967485E-03   6.3195582E-03  -3.4733940E-03   1.6613735E-04  -4.9938044E-04  -3.3235703E-04   1.9712636E-03  -9.7047449E-08  -9.7005852E-08
 -7.0167446E-07  -3.5810199E-07  -1.6665793E-07  -1.0741181E-05  -3.4926149E-05   7.9062635E-06   5.6286014E-05  -2.1927967E-05   1.4612661E-07   5.2410300E-05   5.6850200E-05   3.5679948E-06  -2.1343139E-05   6.1790625E-06   6.9255102E-06   3.1106132E-05  -7.3843584E-03   1.5696795E-04   1.9477539E-03  -3.2024486E-02  -1.3257712E-02   1.1545552E-03   6.2808471E-03  -3.7587648E-03  -5.2124151E-04  -7.9815988E-04  -6.4926889E-04   1.9079035E-03  -8.9391394E-08  -1.5849267E-07
  3.9889725E-07  -2.7911466E-06   2.8803615E-07   6.5155254E-06   9.2987858E-06   8.5216028E-06  -2.1927967E-05   3.5133207E-04  -1.9546152E-07  -4.3783255E-04  -9.9354246E-04  -6.3835796E-05   3.1745663E-04  -6.0070838E-05  -1.6769259E-04  -8.5928070E-04   1.1865360E-03  -2.6784511E-05   1.5853615E-04   1.8105310E-03   2.2708863E-03   3.2028194E-04  -5.7380201E-04   2.3628257E-04  -4.0940205E-04  -7.0628628E-05   8.4469829E-04   3.8290143E-04  -8.6819573E-09   3.3932340E-10
  3.8170003E-08  -5.0738488E-07   7.0447864E-08  -3.3883118E-07   1.0529057E-05   1.2646902E-06   1.4612661E-07  -1.9546152E-07   6.1718750E-06  -1.9289491E-05   2.6036574E-07  -3.7560760E-06   2.5318779E-06   4.2246722E-06  -1.1001087E-06  -5.8963947E-06   5.6771907E-04  -5.8886814E-06   4.6303230E-05   2.9894565E-03   2.1471742E-04   2.3966974E-04   1.2530237E-03  -2.4116605E-05   3.5033108E-05  -3.9088665E-05  -1.1305726E-04   6.7639778E-04   6.1990903E-09  -1.1800417E-08
 -1.7379871E-07   7.3790738E-06  -2.0376643E-06  -4.4762449E-05  -1.2700798E-04  -4.2246620E-06   5.2410300E-05  -4.3783255E-04  -1.9289491E-05   1.0798395E+00   1.4139735E-02  -1.2094774E-01   4.6358288E-02  -3.8036036E-03   4.6595646E-03  -7.6240845E-03   2.6876321E-02   2.8438635E-03   2.9850786E-03   3.7357562E-02  -1.6619078E-02   2.6599584E-02  -2.4626082E-02  -1.5853309E-02  -1.6598830E-02   4.4880040E-03   3.3883595E-02   4.4181800E-02  -7.9015578E-09   9.0949243E-06
 -2.1619155E-06  -1.7172842E-06  -1.1005390E-05  -5.3760740E-06  -2.8731172E-05  -2.2403297E-05   5.6850200E-05  -9.9354246E-04   2.6036574E-07   1.4139735E-02   1.1466944E+00  -2.7944748E-03  -2.1232770E-03   1.4874758E-02  -4.1167888E-02   4.1426546E-02   6.2601641E-03   2.3668801E-03  -7.8161026E-03  -5.9139934E-02   5.8852097E-02   1.0231920E-01   3.9062825E-02  -6.0240374E-03  -3.4213823E-03  -1.1456817E-02  -4.2648011E-02  -7.6848859E-02   4.6118908E-06  -2.8513600E-06
  1.3077677E-06  -1.5506961E-05   1.7426971E-06   6.4437763E-06  -3.2203592E-05   3.5976137E-05   3.5679948E-06  -6.3835796E-05  -3.7560760E-06  -1.2094774E-01  -2.7944748E-03   6.0394867E-02  -8.0022173E-04   9.7395310E-04   2.6422508E-04  -3.2022808E-04   4.4755635E-03  -8.9682449E-04   3.2831107E-03  -5.1309750E-02  -1.4080359E-02  -2.2560548E-02  -1.3654192E-02   1.0618767E-04   5.9021652E-03  -1.2771210E-03   7.4798213E-04  -5.3183691E-03  -8.3334794E-08  -1.3019807E-07
 -6.9435342E-08   2.2338429E-06  -2.2303720E-07   9.8851125E-06   3.3569857E-05  -2.2601614E-06  -2.1343139E-05   3.1745663E-04   2.5318779E-06   4.6358288E-02  -2.1232770E-03  -8.0022173E-04   9.3743906E-03   9.3937509E-05  -1.2982311E-03   1.2887378E-03   5.5597912E-03  -8.9524655E-05   5.4166407E-04   6.4192895E-03   3.9887191E-04  -2.8826193E-05  -1.7670922E-03  -1.2458098E-03  -9.8052252E-05   1.8686768E-03   4.9309017E-03   6.5437414E-03  -2.3782609E-07   6.0035087E-07
  6.0345479E-07  -2.9582626E-08   6.6303164E-07  -7.5344838E-06  -1.0306388E-06  -8.3338843E-06   6.1790625E-06  -6.0070838E-05   4.2246722E-06  -3.8036036E-03   1.4874758E-02   9.7395310E-04   9.3937509E-05   8.2369189E-02   2.5284857E-05   1.1807204E-03  -5.6819703E-03   1.7384122E-05   6.3111400E-03  -2.2392260E-02  -4.3108699E-03   9.7893567E-03   2.0837716E-02  -1.6006086E-03  -1.6109963E-03   1.6565076E-04  -2.5663296E-03  -1.6108332E-02  -6.2508604E-07  -2.3802225E-06
 -3.3226304E-07   1.4607311E-06   1.0906920E-06  -1.5621614E-05  -2.3356744E-05  -7.3391589E-06   6.9255102E-06  -1.6769259E-04  -1.1001087E-06   4.6595646E-03  -4.1167888E-02   2.6422508E-04  -1.2982311E-03   2.5284857E-05   7.3936302E-02  -4.8348407E-03   1.5049126E-03  -4.2265267E-04  -2.2834195E-03   7.8082294E-05  -1.4030227E-03  -8.6908427E-03   1.0888798E-02  -3.8738511E-03  -2.0480979E-04  -9.7567663E-04  -4.8466299E-03  -5.1631957E-03   1.5830793E-07  -1.1073762E-06
 -1.7434751E-07   5.4177337E-06   3.5755509E-07  -3.7404388E-05  -7.0372607E-05  -1.6072977E-05   3.1106132E-05  -8.5928070E-04  -5.8963947E-06  -7.6240845E-03   4.1426546E-02  -3.2022808E-04   1.2887378E-03   1.1807204E-03  -4.8348407E-03   8.1365271E-02  -3.1807005E-02   1.0676698E-03  -1.2059040E-03  -3.3825021E-02  -2.0101331E-03   2.3749609E-02   4.8666426E-02  -7.3889815E-05   3.2261412E-04   2.1401209E-03  -1.2352167E-03   1.0577651E-02   1.9086710E-07  -8.6722579E-07
 -4.7151575E-05   3.2725333E-04  -1.1426522E-05  -1.6337313E-04   1.6737796E-03  -6.1666821E-03  -7.3843584E-03   1.1865360E-03   5.6771907E-04   2.6876321E-02   6.2601641E-03   4.4755635E-03   5.5597912E-03  -5.6819703E-03   1.5049126E-03  -3.1807005E-02   4.5671511E+01  -4.1034256E-01  -1.1139881E+00   4.0197538E+01   4.2210014E+00  -1.2884057E+01  -5.5278438E+01   3.7516816E-01   2.0781411E-01   5.5662573E-01  -5.8931451E+00  -3.3984552E+01  -1.7597907E-04   7.3027860E-04
  1.8733557E-07  -3.9993918E-06   8.2617858E-07  -5.1518935E-06  -2.6366388E-05   1.1872744E-04   1.5696795E-04  -2.6784511E-05  -5.8886814E-06   2.8438635E-03   2.3668801E-03  -8.9682449E-04  -8.9524655E-05   1.7384122E-05  -4.2265267E-04   1.0676698E-03  -4.1034256E-01   8.2033566E-02  -4.8898295E-02  -5.9673883E-01   8.6526125E-01   1.6095877E+00   6.3528316E-01   4.2312289E-02   9.8490753E-05   8.5027479E-03   8.5924798E-02   1.2783401E-01   3.9021000E-06  -3.2544218E-06
  2.2418533E-05  -9.0674646E-05   2.3223790E-06   5.5000515E-05  -4.8946776E-04   1.5878361E-03   1.9477539E-03   1.5853615E-04   4.6303230E-05   2.9850786E-03  -7.8161026E-03   3.2831107E-03   5.4166407E-04   6.3111400E-03  -2.2834195E-03  -1.2059040E-03  -1.1139881E+00  -4.8898295E-02   4.1702423E+00  -3.2703825E+01  -3.9419361E+00   8.2180890E+00   5.9433180E+00  -3.2835761E+00  -1.9535208E-01   1.8992215E-01   2.8430036E+00   3.6811945E+00   1.1248000E-04  -4.7845232E-05
 -3.4951095E-04   1.8622581E-03  -1.6658807E-04  -3.0447531E-03   7.7210826E-03  -3.2988464E-02  -3.2024486E-02   1.8105310E-03   2.9894565E-03   3.7357562E-02  -5.9139934E-02  -5.1309750E-02   6.4192895E-03  -2.2392260E-02   7.8082294E-05  -3.3825021E-02   4.0197538E+01  -5.9673883E-01  -3.2703825E+01   8.0316900E+02   8.0419606E+01  -5.5670900E+01  -6.4071470E+01   1.8640250E+01  -6.1318980E+00   5.5677187E+00  -1.3485108E+01  -2.7723015E+01   3.7626093E-03   4.9923273E-04
 -2.9574232E-04   1.1343261E-03  -1.2776901E-04  -3.0858391E-03   1.0171166E-04  -1.0724957E-02  -1.3257712E-02   2.2708863E-03   2.1471742E-04  -1.6619078E-02   5.8852097E-02  -1.4080359E-02   3.9887191E-04  -4.3108699E-03  -1.4030227E-03  -2.0101331E-03   4.2210014E+00   8.6526125E-01  -3.9419361E+00   8.0419606E+01   6.8231231E+01   4.1634360E+01   1.4925352E+01  -4.1643165E+00  -2.3907786E-01  -1.0618171E+00   3.4297990E+00   3.3243342E+00   1.1819731E-04   7.7957143E-05
 -1.6864999E-04   4.3948718E-04  -7.7400074E-05  -2.5903474E-03  -2.2486966E-03   1.1967485E-03   1.1545552E-03   3.2028194E-04   2.3966974E-04   2.6599584E-02   1.0231920E-01  -2.2560548E-02  -2.8826193E-05   9.7893567E-03  -8.6908427E-03   2.3749609E-02  -1.2884057E+01   1.6095877E+00   8.2180890E+00  -5.5670900E+01   4.1634360E+01   8.6999005E+01   5.5813124E+01  -1.3345021E+01  -7.2439606E-01  -5.0952444E-01   5.1379244E+00   8.6313179E+00   4.5506525E-04  -4.7918318E-04
 -1.0463809E-04  -4.9213329E-05  -4.7550395E-05  -2.2141861E-03  -3.3423384E-04   6.3195582E-03   6.2808471E-03  -5.7380201E-04   1.2530237E-03  -2.4626082E-02   3.9062825E-02  -1.3654192E-02  -1.7670922E-03   2.0837716E-02   1.0888798E-02   4.8666426E-02  -5.5278438E+01   6.3528316E-01   5.9433180E+00  -6.4071470E+01   1.4925352E+01   5.5813124E+01   1.0551169E+02  -1.0757790E+01  -7.1230126E-01  -1.1963900E+00   5.7157232E+00   3.3879929E+01   4.7092542E-04  -1.4041082E-03
 -2.1387316E-05   1.7565256E-04  -6.9058464E-06   3.2461845E-05   4.5921033E-04  -3.4733940E-03  -3.7587648E-03   2.3628257E-04  -2.4116605E-05  -1.5853309E-02  -6.0240374E-03   1.0618767E-04  -1.2458098E-03  -1.6006086E-03  -3.8738511E-03  -7.3889815E-05   3.7516816E-01   4.2312289E-02  -3.2835761E+00   1.8640250E+01  -4.1643165E+00  -1.3345021E+01  -1.0757790E+01   7.0346647E+00   1.2241495E-01  -2.1635057E-01  -2.3825227E+00  -2.8702689E+00  -6.5978944E-05   4.4437465E-05
  8.1341367E-06   4.6388454E-05  -4.1492765E-06   5.0622983E-05   5.1512225E-05   1.6613735E-04  -5.2124151E-04  -4.0940205E-04   3.5033108E-05  -1.6598830E-02  -3.4213823E-03   5.9021652E-03  -9.8052252E-05  -1.6109963E-03  -2.0480979E-04   3.2261412E-04   2.0781411E-01   9.8490753E-05  -1.9535208E-01  -6.1318980E+00  -2.3907786E-01  -7.2439606E-01  -7.1230126E-01   1.2241495E-01   3.3628262E+00   5.8228121E-01   3.0053965E-01   3.1078968E-01   1.7041602E-04   6.3990471E-06
  3.9534926E-06   5.4233990E-05  -3.5166451E-06   6.4899464E-05  -2.2488744E-04  -4.9938044E-04  -7.9815988E-04  -7.0628628E-05  -3.9088665E-05   4.4880040E-03  -1.1456817E-02  -1.2771210E-03   1.8686768E-03   1.6565076E-04  -9.7567663E-04   2.1401209E-03   5.5662573E-01   8.5027479E-03   1.8992215E-01   5.5677187E+00  -1.0618171E+00  -5.0952444E-01  -1.1963900E+00  -2.1635057E-01   5.8228121E-01   3.1909129E+00   2.8108983E+00   2.8893286E+00  -1.7208627E-04  -3.8141112E-05
  2.1663678E-06   6.9717284E-05  -1.2902144E-05  -2.0517689E-05  -5.3698859E-04  -3.3235703E-04  -6.4926889E-04   8.4469829E-04  -1.1305726E-04   3.3883595E-02  -4.2648011E-02   7.4798213E-04   4.9309017E-03  -2.5663296E-03  -4.8466299E-03  -1.2352167E-03  -5.8931451E+00   8.5924798E-02   2.8430036E+00  -1.3485108E+01   3.4297990E+00   5.1379244E+00   5.7157232E+00  -2.3825227E+00   3.0053965E-01   2.8108983E+00   1.1160554E+01   1.9956180E+01  -1.7663187E-06   4.1182896E-04
  1.8691595E-05  -5.9239227E-05  -1.0099050E-05  -1.6997362E-04   2.6284263E-04   1.9712636E-03   1.9079035E-03   3.8290143E-04   6.7639778E-04   4.4181800E-02  -7.6848859E-02  -5.3183691E-03   6.5437414E-03  -1.6108332E-02  -5.1631957E-03   1.0577651E-02  -3.3984552E+01   1.2783401E-01   3.6811945E+00  -2.7723015E+01   3.3243342E+00   8.6313179E+00   3.3879929E+01  -2.8702689E+00   3.1078968E-01   2.8893286E+00   1.9956180E+01   5.5047595E+01   8.2851052E-05   9.3072156E-04
  1.8995551E-09  -1.7540503E-08   2.8121355E-09   1.6646782E-09   1.5507955E-07  -9.7047449E-08  -8.9391394E-08  -8.6819573E-09   6.1990903E-09  -7.9015578E-09   4.6118908E-06  -8.3334794E-08  -2.3782609E-07  -6.2508604E-07   1.5830793E-07   1.9086710E-07  -1.7597907E-04   3.9021000E-06   1.1248000E-04   3.7626093E-03   1.1819731E-04   4.5506525E-04   4.7092542E-04  -6.5978944E-05   1.7041602E-04  -1.7208627E-04  -1.7663187E-06   8.2851052E-05   3.7817859E-07  -1.2820172E-09
 -3.8827436E-10   8.2264806E-09   3.1031924E-09  -1.7610658E-08  -2.7956254E-08  -9.7005852E-08  -1.5849267E-07   3.3932340E-10  -1.1800417E-08   9.0949243E-06  -2.8513600E-06  -1.3019807E-07   6.0035087E-07  -2.3802225E-06  -1.1073762E-06  -8.6722579E-07   7.3027860E-04  -3.2544218E-06  -4.7845232E-05   4.9923273E-04   7.7957143E-05  -4.7918318E-04  -1.4041082E-03   4.4437465E-05   6.3990471E-06  -3.8141112E-05   4.1182896E-04   9.3072156E-04  -1.2820172E-09   3.9067886E-07
