# omegabh2 omegach2 theta tau nnu logA ns calPlanck acib217 xi asz143 aps100 aps143 aps143217 aps217 aksz kgal100 kgal143 kgal143217 kgal217 galfTE100 galfTE100143 galfTE100217 galfTE143 galfTE143217 galfTE217 cal0 cal2
  2.6331596E-08   1.8681806E-07  -1.4908459E-08   1.7868983E-07   1.4256314E-05   8.9634761E-07   5.5848006E-07   6.8267423E-09   1.6900592E-05   3.2209354E-07   1.1241746E-06   8.5899273E-05   1.9808664E-05  -5.8212090E-06  -2.7998032E-05   6.6264840E-06   9.6024031E-06   2.1579258E-07   3.1062352E-06  -1.3191408E-05  -6.7131197E-08  -2.9713139E-08  -2.3594246E-07  -7.0045627E-08  -6.3046478E-07  -1.1957438E-06   5.0260521E-09  -2.4967339E-10
  1.8681806E-07   7.0228360E-06  -6.7913559E-07  -2.3806310E-06   3.7330644E-04   1.0988073E-05   9.3549422E-06  -3.9830564E-07   2.3030055E-03  -5.6665319E-05  -4.7509280E-04   1.0353841E-02   4.9887085E-03   6.5569013E-04  -1.0755835E-03   9.3674774E-04   2.9623296E-04   2.7316620E-04   4.2289057E-04  -2.2334612E-04  -8.7584294E-07  -1.1096517E-06   1.0298929E-06   4.5973278E-07  -3.2760716E-06   1.4126362E-05  -2.3967836E-08   5.8464064E-08
 -1.4908459E-08  -6.7913559E-07   1.4878924E-07   1.5741121E-07  -3.8924006E-05  -1.1871434E-06  -9.7309893E-07   1.2714694E-08  -2.3781690E-04   4.4553010E-06   5.8626958E-05  -1.0465188E-03  -5.3396316E-04  -7.4323892E-05   8.3695654E-05  -9.4621360E-05  -2.9164538E-05  -3.1231956E-05  -3.0417388E-05   6.2950146E-05   6.3750146E-08   1.4267935E-07  -5.1501437E-07   4.6987790E-07   1.8122095E-07  -2.1899366E-06   2.3055213E-09  -5.0102963E-09
  1.7868983E-07  -2.3806310E-06   1.5741121E-07   5.0526784E-05  -1.3557175E-05   9.2605339E-05   6.9260178E-06  -1.1225781E-06  -2.8704393E-03   6.5556374E-05   5.2963260E-04  -8.0777042E-03  -4.2578723E-03  -1.8884151E-04   1.3783320E-03  -4.4839718E-04  -2.6103620E-04  -2.0151515E-05   1.2623985E-04   1.0038480E-03  -3.1263348E-06   3.7876867E-06  -4.2365740E-07   3.9837629E-06  -4.9351406E-06   9.8205128E-06   1.1425397E-07  -1.1252896E-07
  1.4256314E-05   3.7330644E-04  -3.8924006E-05  -1.3557175E-05   2.2525949E-02   8.2839447E-04   6.7963713E-04  -1.3043612E-05   1.3006034E-01  -2.9198755E-03  -2.6480184E-02   5.8133865E-01   2.7759044E-01   3.1270902E-02  -6.5708538E-02   5.3378942E-02   1.6274425E-02   1.6775648E-02   2.6395798E-02  -1.1019260E-02  -5.6415522E-05  -3.8683463E-05   8.2577442E-05   8.2018760E-07  -2.5023066E-04   7.0665188E-04  -1.3051611E-06   3.4292130E-06
  8.9634761E-07   1.0988073E-05  -1.1871434E-06   9.2605339E-05   8.2839447E-04   2.3089439E-04   3.4361503E-05   8.9578366E-06   1.5777643E-04   2.3335357E-05  -5.0942385E-06   1.2267453E-02   3.7400959E-03   2.6745651E-03   4.0333366E-03   5.9654499E-04  -2.1288791E-04   9.7985304E-05   6.7146323E-04   2.3455432E-03  -5.5734568E-06   3.8053649E-06   2.0423606E-06   3.1132641E-06  -1.6467910E-05   4.8365048E-05   3.3449034E-07  -1.4020031E-07
  5.5848006E-07   9.3549422E-06  -9.7309893E-07   6.9260178E-06   6.7963713E-04   3.4361503E-05   3.3931160E-05  -6.8511548E-08   1.3310276E-04   7.9535689E-06   5.6343987E-05  -4.2682799E-03   3.0433669E-03   2.7517922E-03   2.4249919E-03  -5.4358159E-04   7.1308063E-04   1.8510966E-04   6.4439470E-04   8.7946494E-04  -3.1849638E-06  -5.0772608E-07   2.5692576E-06   3.1771195E-07  -8.7930315E-06   8.2437075E-06  -9.8512290E-08   6.8339908E-08
  6.8267423E-09  -3.9830564E-07   1.2714694E-08  -1.1225781E-06  -1.3043612E-05   8.9578366E-06  -6.8511548E-08   6.0853224E-06   9.0297248E-04  -3.3626918E-06  -1.5476179E-05   3.9116248E-03   2.0027159E-04  -9.8151247E-05   4.7316840E-04   4.2447948E-05  -2.8639073E-05   2.8989387E-05  -2.1325368E-05   5.7153134E-04   2.1972156E-06  -1.9347741E-07  -4.3855493E-07  -2.8413337E-06   1.5426900E-06  -2.3744284E-06   4.7713334E-09  -2.2727108E-08
  1.6900592E-05   2.3030055E-03  -2.3781690E-04  -2.8704393E-03   1.3006034E-01   1.5777643E-04   1.3310276E-04   9.0297248E-04   4.4147077E+01  -3.9054681E-01  -6.3562540E-01   3.6254673E+01   3.0576288E+00  -1.1870263E+01  -5.3345690E+01  -2.8506645E-01   2.0158729E-01   6.6476094E-01  -5.2779138E+00  -3.2195613E+01  -7.9124364E-04  -2.4255059E-03  -1.6673598E-02  -3.9185609E-03  -1.8232482E-03  -3.5786349E-02  -1.9968905E-04   8.0590022E-04
  3.2209354E-07  -5.6665319E-05   4.4553010E-06   6.5556374E-05  -2.9198755E-03   2.3335357E-05   7.9535689E-06  -3.3626918E-06  -3.9054681E-01   8.2380747E-02  -4.5651385E-02  -6.5037831E-01   8.4524876E-01   1.6667283E+00   6.0755833E-01   6.0581864E-02  -9.9420371E-03   1.4679602E-02   8.3587650E-02   9.2189831E-02  -1.8807007E-04  -6.9456488E-05   3.2966003E-05  -3.3232158E-04   1.4791781E-04   6.5857636E-04   6.4733139E-06  -5.8173719E-06
  1.1241746E-06  -4.7509280E-04   5.8626958E-05   5.2963260E-04  -2.6480184E-02  -5.0942385E-06   5.6343987E-05  -1.5476179E-05  -6.3562540E-01  -4.5651385E-02   3.9914081E+00  -3.1804367E+01  -3.2826015E+00   8.0372310E+00   5.4316763E+00  -3.0234257E+00  -2.4563782E-01   1.4377640E-01   2.5679879E+00   3.0030978E+00   9.6893874E-05  -6.5519449E-04   1.0423650E-03  -1.2480148E-03   3.8584000E-03  -1.6890452E-03   1.1063171E-04  -2.5321591E-05
  8.5899273E-05   1.0353841E-02  -1.0465188E-03  -8.0777042E-03   5.8133865E-01   1.2267453E-02  -4.2682799E-03   3.9116248E-03   3.6254673E+01  -6.5037831E-01  -3.1804367E+01   7.9816396E+02   7.0257757E+01  -6.0924428E+01  -6.3770690E+01   1.6264215E+01  -5.4109734E+00   6.3096621E+00  -1.0065055E+01  -1.9991439E+01   1.3397087E-02   8.7943062E-03  -5.6882330E-03   2.0557267E-03  -1.4393772E-02  -9.0857208E-02   3.5630420E-03   4.2470263E-04
  1.9808664E-05   4.9887085E-03  -5.3396316E-04  -4.2578723E-03   2.7759044E-01   3.7400959E-03   3.0433669E-03   2.0027159E-04   3.0576288E+00   8.4524876E-01  -3.2826015E+00   7.0257757E+01   6.3241340E+01   4.0700478E+01   1.5202648E+01  -5.1451131E+00  -2.8611031E-01  -7.1576572E-01   4.1573695E+00   5.1730032E+00   1.6061026E-03  -2.6578483E-03   6.0368602E-03  -6.1267107E-03   9.7064091E-03   2.5634695E-02  -1.1320473E-04   2.1908513E-04
 -5.8212090E-06   6.5569013E-04  -7.4323892E-05  -1.8884151E-04   3.1270902E-02   2.6745651E-03   2.7517922E-03  -9.8151247E-05  -1.1870263E+01   1.6667283E+00   8.0372310E+00  -6.0924428E+01   4.0700478E+01   8.7176074E+01   5.3622035E+01  -1.2697396E+01  -9.5751991E-01  -2.3176914E-01   4.7619837E+00   7.1004566E+00  -4.0179812E-03  -2.1069375E-03   9.6604237E-03  -2.3221933E-03   1.8358307E-02  -2.0851983E-02   3.1336707E-04  -3.5758521E-04
 -2.7998032E-05  -1.0755835E-03   8.3695654E-05   1.3783320E-03  -6.5708538E-02   4.0333366E-03   2.4249919E-03   4.7316840E-04  -5.3345690E+01   6.0755833E-01   5.4316763E+00  -6.3770690E+01   1.5202648E+01   5.3622035E+01   1.0183285E+02  -9.9164426E+00  -6.3387119E-01  -9.7182581E-01   5.2299126E+00   3.2204953E+01   4.4363213E-06   1.0151430E-03   2.2125014E-02   6.7744610E-03   1.1361455E-02   1.4279816E-02   3.4528677E-04  -1.3953799E-03
  6.6264840E-06   9.3674774E-04  -9.4621360E-05  -4.4839718E-04   5.3378942E-02   5.9654499E-04  -5.4358159E-04   4.2447948E-05  -2.8506645E-01   6.0581864E-02  -3.0234257E+00   1.6264215E+01  -5.1451131E+00  -1.2697396E+01  -9.9164426E+00   6.6322896E+00   2.2228673E-01  -2.4778767E-01  -2.2864830E+00  -2.6063623E+00   3.8316420E-04   1.7489931E-03   5.4628256E-04   1.1104245E-03  -3.0754213E-03   9.9682302E-03  -3.7891613E-05  -2.1824601E-05
  9.6024031E-06   2.9623296E-04  -2.9164538E-05  -2.6103620E-04   1.6274425E-02  -2.1288791E-04   7.1308063E-04  -2.8639073E-05   2.0158729E-01  -9.9420371E-03  -2.4563782E-01  -5.4109734E+00  -2.8611031E-01  -9.5751991E-01  -6.3387119E-01   2.2228673E-01   3.3768913E+00   5.6002653E-01   2.2059034E-01   1.7201538E-01   8.2187303E-04   1.0193688E-03   1.2262164E-03  -2.2671763E-03  -3.9874236E-03   4.7428163E-03   1.7689062E-04   1.6042046E-05
  2.1579258E-07   2.7316620E-04  -3.1231956E-05  -2.0151515E-05   1.6775648E-02   9.7985304E-05   1.8510966E-04   2.8989387E-05   6.6476094E-01   1.4679602E-02   1.4377640E-01   6.3096621E+00  -7.1576572E-01  -2.3176914E-01  -9.7182581E-01  -2.4778767E-01   5.6002653E-01   3.1946249E+00   2.7466542E+00   2.6577365E+00   1.3068375E-05  -7.8056153E-04   9.8988743E-04  -1.9568548E-03  -3.1568719E-03  -3.2564811E-03  -1.8633733E-04  -6.2469966E-05
  3.1062352E-06   4.2289057E-04  -3.0417388E-05   1.2623985E-04   2.6395798E-02   6.7146323E-04   6.4439470E-04  -2.1325368E-05  -5.2779138E+00   8.3587650E-02   2.5679879E+00  -1.0065055E+01   4.1573695E+00   4.7619837E+00   5.2299126E+00  -2.2864830E+00   2.2059034E-01   2.7466542E+00   1.0803451E+01   1.9036161E+01   2.3939374E-03  -2.4236685E-03   2.2023557E-03  -8.8576020E-03   3.0678180E-03   2.9953915E-02  -2.8652026E-05   3.7770587E-04
 -1.3191408E-05  -2.2334612E-04   6.2950146E-05   1.0038480E-03  -1.1019260E-02   2.3455432E-03   8.7946494E-04   5.7153134E-04  -3.2195613E+01   9.2189831E-02   3.0030978E+00  -1.9991439E+01   5.1730032E+00   7.1004566E+00   3.2204953E+01  -2.6063623E+00   1.7201538E-01   2.6577365E+00   1.9036161E+01   5.2592141E+01   4.9213570E-03  -1.6698650E-03   1.4093209E-02  -9.6661720E-03   2.4032043E-03   7.4752420E-02   4.4184504E-05   8.1291981E-04
 -6.7131197E-08  -8.7584294E-07   6.3750146E-08  -3.1263348E-06  -5.6415522E-05  -5.5734568E-06  -3.1849638E-06   2.1972156E-06  -7.9124364E-04  -1.8807007E-04   9.6893874E-05   1.3397087E-02   1.6061026E-03  -4.0179812E-03   4.4363213E-06   3.8316420E-04   8.2187303E-04   1.3068375E-05   2.3939374E-03   4.9213570E-03   1.4324789E-03   2.9246617E-04   2.2415576E-05  -3.3531657E-04  -6.0518881E-05  -2.6794253E-04   9.9545600E-09  -6.5642821E-08
 -2.9713139E-08  -1.1096517E-06   1.4267935E-07   3.7876867E-06  -3.8683463E-05   3.8053649E-06  -5.0772608E-07  -1.9347741E-07  -2.4255059E-03  -6.9456488E-05  -6.5519449E-04   8.7943062E-03  -2.6578483E-03  -2.1069375E-03   1.0151430E-03   1.7489931E-03   1.0193688E-03  -7.8056153E-04  -2.4236685E-03  -1.6698650E-03   2.9246617E-04   8.8501642E-04   3.8568585E-05   7.3615116E-04   7.3408857E-05  -9.3098516E-04  -3.7980596E-07  -1.1286520E-07
 -2.3594246E-07   1.0298929E-06  -5.1501437E-07  -4.2365740E-07   8.2577442E-05   2.0423606E-06   2.5692576E-06  -4.3855493E-07  -1.6673598E-02   3.2966003E-05   1.0423650E-03  -5.6882330E-03   6.0368602E-03   9.6604237E-03   2.2125014E-02   5.4628256E-04   1.2262164E-03   9.8988743E-04   2.2023557E-03   1.4093209E-02   2.2415576E-05   3.8568585E-05   7.3464843E-03  -3.6516589E-04   4.3633052E-04   4.6879662E-03  -2.0584924E-07   3.2213471E-07
 -7.0045627E-08   4.5973278E-07   4.6987790E-07   3.9837629E-06   8.2018760E-07   3.1132641E-06   3.1771195E-07  -2.8413337E-06  -3.9185609E-03  -3.3232158E-04  -1.2480148E-03   2.0557267E-03  -6.1267107E-03  -2.3221933E-03   6.7744610E-03   1.1104245E-03  -2.2671763E-03  -1.9568548E-03  -8.8576020E-03  -9.6661720E-03  -3.3531657E-04   7.3615116E-04  -3.6516589E-04   2.8528752E-03   5.9666720E-04  -1.1352430E-03  -7.6687372E-07  -8.4490140E-07
 -6.3046478E-07  -3.2760716E-06   1.8122095E-07  -4.9351406E-06  -2.5023066E-04  -1.6467910E-05  -8.7930315E-06   1.5426900E-06  -1.8232482E-03   1.4791781E-04   3.8584000E-03  -1.4393772E-02   9.7064091E-03   1.8358307E-02   1.1361455E-02  -3.0754213E-03  -3.9874236E-03  -3.1568719E-03   3.0678180E-03   2.4032043E-03  -6.0518881E-05   7.3408857E-05   4.3633052E-04   5.9666720E-04   6.3938542E-03   7.2898610E-03   5.5241029E-07   5.6735616E-07
 -1.1957438E-06   1.4126362E-05  -2.1899366E-06   9.8205128E-06   7.0665188E-04   4.8365048E-05   8.2437075E-06  -2.3744284E-06  -3.5786349E-02   6.5857636E-04  -1.6890452E-03  -9.0857208E-02   2.5634695E-02  -2.0851983E-02   1.4279816E-02   9.9682302E-03   4.7428163E-03  -3.2564811E-03   2.9953915E-02   7.4752420E-02  -2.6794253E-04  -9.3098516E-04   4.6879662E-03  -1.1352430E-03   7.2898610E-03   6.9724755E-02  -3.1140657E-07   4.4643039E-06
  5.0260521E-09  -2.3967836E-08   2.3055213E-09   1.1425397E-07  -1.3051611E-06   3.3449034E-07  -9.8512290E-08   4.7713334E-09  -1.9968905E-04   6.4733139E-06   1.1063171E-04   3.5630420E-03  -1.1320473E-04   3.1336707E-04   3.4528677E-04  -3.7891613E-05   1.7689062E-04  -1.8633733E-04  -2.8652026E-05   4.4184504E-05   9.9545600E-09  -3.7980596E-07  -2.0584924E-07  -7.6687372E-07   5.5241029E-07  -3.1140657E-07   3.7982564E-07   6.5991088E-09
 -2.4967339E-10   5.8464064E-08  -5.0102963E-09  -1.1252896E-07   3.4292130E-06  -1.4020031E-07   6.8339908E-08  -2.2727108E-08   8.0590022E-04  -5.8173719E-06  -2.5321591E-05   4.2470263E-04   2.1908513E-04  -3.5758521E-04  -1.3953799E-03  -2.1824601E-05   1.6042046E-05  -6.2469966E-05   3.7770587E-04   8.1291981E-04  -6.5642821E-08  -1.1286520E-07   3.2213471E-07  -8.4490140E-07   5.6735616E-07   4.4643039E-06   6.5991088E-09   3.8625795E-07
