# omegabh2 omegach2 theta tau meffsterile nnu logA ns calPlanck acib217 xi asz143 aps100 aps143 aps143217 aps217 aksz kgal100 kgal143 kgal143217 kgal217 galfTE100 galfTE100143 galfTE100217 galfTE143 galfTE143217 galfTE217 cal0 cal2
  2.0854366E-08   1.7213069E-08   6.8349340E-09   1.9657312E-07  -1.2479649E-06   3.2752609E-06   4.7745637E-07   2.6697704E-07   1.5858375E-08  -4.9053322E-05   7.4746082E-07   1.6684824E-05  -2.2371559E-04  -1.4453723E-04  -4.0320077E-05   8.5163569E-06  -2.2166902E-05  -2.4283112E-07  -4.8601083E-06  -7.4124743E-06  -1.9215716E-06  -1.1464352E-07  -7.0816759E-08  -1.3970582E-07  -3.3488445E-07  -5.3385698E-07  -1.9736328E-06   3.7468044E-09  -1.1348276E-09
  1.7213069E-08   9.1850160E-06  -2.4448976E-07  -7.0847093E-07  -5.8475997E-04   1.0816413E-04   5.0397892E-06   4.3024399E-06  -4.9073236E-07   9.8261637E-04  -1.7988450E-05  -8.8108516E-05   4.1398622E-03   9.7457207E-04  -2.8513786E-04  -1.1698834E-03   2.8400479E-04   8.9173590E-05   1.7631288E-04   2.0163621E-04  -3.5487063E-04  -9.5049077E-08  -1.8936005E-06  -2.3160553E-06  -2.7777369E-07   2.3659236E-06   1.5064290E-05  -6.0773318E-10   2.2615584E-08
  6.8349340E-09  -2.4448976E-07   9.2228256E-08   6.0540885E-08   7.6113198E-06  -6.7064087E-06  -1.5488591E-07  -8.0415630E-08   1.4974925E-08  -6.2009908E-05   1.6883221E-06   6.3892243E-06  -1.7045418E-04  -7.2802762E-05   9.8847061E-06   7.6330257E-05  -9.8641022E-06  -8.2781724E-07  -1.3262762E-05  -2.0655082E-05  -1.5580771E-05  -9.3971192E-09  -1.2729462E-07   5.1551243E-07  -2.9361353E-07  -2.9519917E-07  -9.7690680E-07   2.0761760E-09  -3.7796524E-09
  1.9657312E-07  -7.0847093E-07   6.0540885E-08   5.9990594E-05  -1.7620786E-06   3.9893389E-05   1.1701644E-04   8.3408337E-06  -2.7035247E-07  -2.0214161E-03   6.0939065E-05   6.5803235E-04  -1.3081776E-02  -3.5764959E-03   2.1854496E-04   1.3008401E-03  -1.2196475E-03  -1.6527057E-04  -3.4494979E-04  -1.7205827E-04   1.7357936E-04  -2.8022771E-06   3.4479809E-06   8.0063479E-06   2.0697450E-07  -6.4810476E-06  -6.4357821E-06   6.1612831E-08  -1.6242045E-07
 -1.2479649E-06  -5.8475997E-04   7.6113198E-06  -1.7620786E-06   4.9679778E-02  -3.1711555E-03  -1.5924023E-04  -3.6630907E-04   3.5458412E-05  -2.7546367E-02  -2.0699925E-04   7.8474522E-04  -1.2096246E-01   4.0564514E-02   5.9358420E-02   9.1023871E-02  -1.1658536E-02  -7.4654501E-03  -7.8081551E-03  -5.6736669E-03   2.7015643E-02   6.4239223E-05   1.3928884E-04   1.1302880E-04   2.1323588E-05  -1.4744687E-04  -4.9850696E-04  -1.7444601E-06  -1.0587615E-06
  3.2752609E-06   1.0816413E-04  -6.7064087E-06   3.9893389E-05  -3.1711555E-03   4.2490770E-03   2.3015148E-04   1.6128744E-04  -1.3991362E-07   3.0932125E-02  -9.2699553E-04  -3.2571238E-03   1.2369811E-01   4.3373854E-02  -2.2299098E-03  -2.3080091E-02   1.0090471E-02   2.0445234E-03   5.4722190E-03   6.0202724E-03  -5.2492222E-03  -6.0356775E-06  -5.3687027E-06  -5.9761731E-05  -1.8324936E-05  -6.1102247E-06   3.8600639E-05  -8.5674632E-07   3.2282070E-07
  4.7745637E-07   5.0397892E-06  -1.5488591E-07   1.1701644E-04  -1.5924023E-04   2.3015148E-04   2.6758304E-04   1.5998784E-05   1.1598483E-05  -2.7044234E-03   1.2867426E-04   1.2628331E-03  -1.8662946E-02  -2.6774077E-03   4.2088294E-03   7.8601317E-03  -3.2620165E-03  -5.7127407E-04  -1.0682383E-03  -4.3819752E-04   1.5668351E-03  -2.3304473E-07   4.1510735E-06   7.7481356E-06  -3.0130568E-06  -8.5652864E-06   4.0001757E-05   3.0377509E-07  -3.0910115E-07
  2.6697704E-07   4.3024399E-06  -8.0415630E-08   8.3408337E-06  -3.6630907E-04   1.6128744E-04   1.5998784E-05   2.1987416E-05   4.3518377E-08  -3.2208817E-03   5.2328358E-05   7.5554200E-04  -1.6303372E-02  -5.0174349E-03   7.9117383E-04   3.5708465E-03  -1.5580117E-03   3.2097689E-04  -1.2943210E-04  -1.3856340E-04   9.1317961E-04  -1.9823363E-06  -2.5859887E-08  -1.0974340E-06  -2.3706283E-06  -2.5598547E-06  -1.1368882E-05  -5.9705466E-08  -4.8427845E-08
  1.5858375E-08  -4.9073236E-07   1.4974925E-08  -2.7035247E-07   3.5458412E-05  -1.3991362E-07   1.1598483E-05   4.3518377E-08   6.1521266E-06   7.0538693E-04  -4.6998428E-06   5.8777665E-05   3.2742700E-03   8.5389902E-04   6.2276416E-04   1.3935963E-03  -1.7230313E-04   1.9574647E-06   7.1942216E-06   8.4516801E-05   8.4154981E-04   1.8127725E-06  -2.3860576E-07  -1.6784193E-06  -6.1962176E-07   3.0302711E-06   1.8692136E-05   3.5404816E-08   1.6354871E-09
 -4.9053322E-05   9.8261637E-04  -6.2009908E-05  -2.0214161E-03  -2.7546367E-02   3.0932125E-02  -2.7044234E-03  -3.2208817E-03   7.0538693E-04   4.4778877E+01  -3.9567009E-01  -8.3063658E-01   3.7654130E+01   3.0227812E+00  -1.2487131E+01  -5.4516395E+01  -4.3731692E-01   1.8190799E-01   8.0818194E-01  -5.6843348E+00  -3.3407822E+01  -3.0293671E-03   7.0290309E-04   6.7755702E-03   1.1959206E-03   1.4993944E-02   2.7908704E-02  -2.6611012E-04   7.0638974E-04
  7.4746082E-07  -1.7988450E-05   1.6883221E-06   6.0939065E-05  -2.0699925E-04  -9.2699553E-04   1.2867426E-04   5.2328358E-05  -4.6998428E-06  -3.9567009E-01   8.1616641E-02  -4.0590145E-02  -5.0328812E-01   9.1177619E-01   1.6725511E+00   6.0851361E-01   4.3034259E-02  -7.7419580E-03   5.7008062E-03   1.1829248E-01   1.6023478E-01   6.0373832E-05  -5.9433464E-05   1.5865683E-04  -2.0552637E-04  -1.5149671E-04  -2.2330339E-04   6.9907970E-06  -2.4562118E-06
  1.6684824E-05  -8.8108516E-05   6.3892243E-06   6.5803235E-04   7.8474522E-04  -3.2571238E-03   1.2628331E-03   7.5554200E-04   5.8777665E-05  -8.3063658E-01  -4.0590145E-02   3.9223599E+00  -3.1355134E+01  -3.3118456E+00   7.7759977E+00   5.4249219E+00  -2.8053434E+00  -1.9903392E-01   1.6712566E-01   2.7014729E+00   3.3391367E+00  -1.4952765E-05  -4.4824675E-04  -1.7684434E-03  -1.3824737E-03  -1.9497430E-03  -1.0581854E-03   1.0799606E-04  -3.6685233E-05
 -2.2371559E-04   4.1398622E-03  -1.7045418E-04  -1.3081776E-02  -1.2096246E-01   1.2369811E-01  -1.8662946E-02  -1.6303372E-02   3.2742700E-03   3.7654130E+01  -5.0328812E-01  -3.1355134E+01   7.8911343E+02   7.1615395E+01  -5.5357806E+01  -6.3427755E+01   1.4723888E+01  -6.2231934E+00   5.6657170E+00  -1.2989146E+01  -2.6205051E+01  -1.7422918E-02  -1.0314285E-02   3.2881088E-02  -4.2860801E-03   3.0534650E-02   7.1258302E-02   3.6459369E-03   5.6956612E-04
 -1.4453723E-04   9.7457207E-04  -7.2802762E-05  -3.5764959E-03   4.0564514E-02   4.3373854E-02  -2.6774077E-03  -5.0174349E-03   8.5389902E-04   3.0227812E+00   9.1177619E-01  -3.3118456E+00   7.1615395E+01   6.1365277E+01   3.9642642E+01   1.3697760E+01  -4.8433938E+00  -4.0657106E-01  -1.2914688E+00   3.3788046E+00   3.3056234E+00   3.8061418E-04  -6.8033190E-04  -2.0562797E-04  -8.9958405E-04  -1.0580279E-02  -4.5585857E-03   5.9178244E-05   1.2084325E-04
 -4.0320077E-05  -2.8513786E-04   9.8847061E-06   2.1854496E-04   5.9358420E-02  -2.2299098E-03   4.2088294E-03   7.9117383E-04   6.2276416E-04  -1.2487131E+01   1.6725511E+00   7.7759977E+00  -5.5357806E+01   3.9642642E+01   8.4197715E+01   5.1887035E+01  -1.2029759E+01  -1.0107594E+00  -6.8158120E-01   5.4180869E+00   8.7203459E+00   2.8193177E-03  -1.4843251E-03  -1.8676096E-04  -6.0899945E-03  -1.3476927E-02  -1.6713803E-02   4.3951067E-04  -2.8662081E-04
  8.5163569E-06  -1.1698834E-03   7.6330257E-05   1.3008401E-03   9.1023871E-02  -2.3080091E-02   7.8601317E-03   3.5708465E-03   1.3935963E-03  -5.4516395E+01   6.0851361E-01   5.4249219E+00  -6.3427755E+01   1.3697760E+01   5.1887035E+01   1.0243862E+02  -9.1831023E+00  -8.8354612E-01  -1.5444609E+00   5.5685320E+00   3.3604143E+01   5.6456007E-03  -1.1830169E-03  -4.6190738E-03  -2.8693855E-03  -2.4860391E-02  -1.8409363E-02   4.7011141E-04  -1.2427319E-03
 -2.2166902E-05   2.8400479E-04  -9.8641022E-06  -1.2196475E-03  -1.1658536E-02   1.0090471E-02  -3.2620165E-03  -1.5580117E-03  -1.7230313E-04  -4.3731692E-01   4.3034259E-02  -2.8053434E+00   1.4723888E+01  -4.8433938E+00  -1.2029759E+01  -9.1831023E+00   6.0208507E+00   1.6084247E-01  -2.0923342E-01  -2.1191480E+00  -2.2036713E+00   1.2269628E-04   4.6105541E-04   1.9768480E-03   2.8933053E-03   5.3362884E-03   3.3614422E-03  -7.4205947E-05  -2.0576293E-05
 -2.4283112E-07   8.9173590E-05  -8.2781724E-07  -1.6527057E-04  -7.4654501E-03   2.0445234E-03  -5.7127407E-04   3.2097689E-04   1.9574647E-06   1.8190799E-01  -7.7419580E-03  -1.9903392E-01  -6.2231934E+00  -4.0657106E-01  -1.0107594E+00  -8.8354612E-01   1.6084247E-01   3.3160866E+00   5.7047984E-01   2.5476606E-01   2.8193115E-01  -1.7259981E-04   2.2218726E-04  -1.9972940E-03   2.2253499E-04  -8.7933514E-04  -1.0128923E-02   1.7393462E-04  -3.0349426E-06
 -4.8601083E-06   1.7631288E-04  -1.3262762E-05  -3.4494979E-04  -7.8081551E-03   5.4722190E-03  -1.0682383E-03  -1.2943210E-04   7.1942216E-06   8.0818194E-01   5.7008062E-03   1.6712566E-01   5.6657170E+00  -1.2914688E+00  -6.8158120E-01  -1.5444609E+00  -2.0923342E-01   5.7047984E-01   3.1749872E+00   2.6663230E+00   2.6229439E+00  -9.5085466E-05   6.0203452E-04   8.3979612E-04   9.1594269E-04   3.3284233E-03   7.2675561E-03  -1.8349009E-04  -3.3111747E-05
 -7.4124743E-06   2.0163621E-04  -2.0655082E-05  -1.7205827E-04  -5.6736669E-03   6.0202724E-03  -4.3819752E-04  -1.3856340E-04   8.4516801E-05  -5.6843348E+00   1.1829248E-01   2.7014729E+00  -1.2989146E+01   3.3788046E+00   5.4180869E+00   5.5685320E+00  -2.1191480E+00   2.5476606E-01   2.6663230E+00   1.0670464E+01   1.9070427E+01   2.2462669E-04  -2.7754926E-04  -3.1602363E-03  -1.2744088E-03  -1.8035180E-03   6.7829731E-03   1.4207614E-05   4.0605441E-04
 -1.9215716E-06  -3.5487063E-04  -1.5580771E-05   1.7357936E-04   2.7015643E-02  -5.2492222E-03   1.5668351E-03   9.1317961E-04   8.4154981E-04  -3.3407822E+01   1.6023478E-01   3.3391367E+00  -2.6205051E+01   3.3056234E+00   8.7203459E+00   3.3604143E+01  -2.2036713E+00   2.8193115E-01   2.6229439E+00   1.9070427E+01   5.3470365E+01   2.4413544E-03   1.5391642E-04  -1.1166318E-02   2.5876334E-04  -1.0747360E-02  -8.0659415E-03   1.7220687E-04   9.4201524E-04
 -1.1464352E-07  -9.5049077E-08  -9.3971192E-09  -2.8022771E-06   6.4239223E-05  -6.0356775E-06  -2.3304473E-07  -1.9823363E-06   1.8127725E-06  -3.0293671E-03   6.0373832E-05  -1.4952765E-05  -1.7422918E-02   3.8061418E-04   2.8193177E-03   5.6456007E-03   1.2269628E-04  -1.7259981E-04  -9.5085466E-05   2.2462669E-04   2.4413544E-03   1.4431814E-03   2.7472895E-04   9.4476465E-05  -3.5476781E-04  -1.0365400E-04  -1.1039015E-04  -2.4419347E-07   2.1057298E-07
 -7.0816759E-08  -1.8936005E-06  -1.2729462E-07   3.4479809E-06   1.3928884E-04  -5.3687027E-06   4.1510735E-06  -2.5859887E-08  -2.3860576E-07   7.0290309E-04  -5.9433464E-05  -4.4824675E-04  -1.0314285E-02  -6.8033190E-04  -1.4843251E-03  -1.1830169E-03   4.6105541E-04   2.2218726E-04   6.0203452E-04  -2.7754926E-04   1.5391642E-04   2.7472895E-04   8.7728313E-04   1.0554243E-05   7.5832762E-04   6.3867913E-05  -8.8920042E-04  -2.9668140E-07   1.2536169E-07
 -1.3970582E-07  -2.3160553E-06   5.1551243E-07   8.0063479E-06   1.1302880E-04  -5.9761731E-05   7.7481356E-06  -1.0974340E-06  -1.6784193E-06   6.7755702E-03   1.5865683E-04  -1.7684434E-03   3.2881088E-02  -2.0562797E-04  -1.8676096E-04  -4.6190738E-03   1.9768480E-03  -1.9972940E-03   8.3979612E-04  -3.1602363E-03  -1.1166318E-02   9.4476465E-05   1.0554243E-05   7.0692760E-03  -3.5066514E-04   5.1229138E-04   4.4166987E-03   3.2296923E-07   1.8200308E-07
 -3.3488445E-07  -2.7777369E-07  -2.9361353E-07   2.0697450E-07   2.1323588E-05  -1.8324936E-05  -3.0130568E-06  -2.3706283E-06  -6.1962176E-07   1.1959206E-03  -2.0552637E-04  -1.3824737E-03  -4.2860801E-03  -8.9958405E-04  -6.0899945E-03  -2.8693855E-03   2.8933053E-03   2.2253499E-04   9.1594269E-04  -1.2744088E-03   2.5876334E-04  -3.5476781E-04   7.5832762E-04  -3.5066514E-04   2.9278549E-03   5.5662244E-04  -1.2450521E-03  -4.2494590E-07   1.9867164E-07
 -5.3385698E-07   2.3659236E-06  -2.9519917E-07  -6.4810476E-06  -1.4744687E-04  -6.1102247E-06  -8.5652864E-06  -2.5598547E-06   3.0302711E-06   1.4993944E-02  -1.5149671E-04  -1.9497430E-03   3.0534650E-02  -1.0580279E-02  -1.3476927E-02  -2.4860391E-02   5.3362884E-03  -8.7933514E-04   3.3284233E-03  -1.8035180E-03  -1.0747360E-02  -1.0365400E-04   6.3867913E-05   5.1229138E-04   5.5662244E-04   6.6641980E-03   8.3622638E-03   1.7923727E-07  -4.1388622E-07
 -1.9736328E-06   1.5064290E-05  -9.7690680E-07  -6.4357821E-06  -4.9850696E-04   3.8600639E-05   4.0001757E-05  -1.1368882E-05   1.8692136E-05   2.7908704E-02  -2.2330339E-04  -1.0581854E-03   7.1258302E-02  -4.5585857E-03  -1.6713803E-02  -1.8409363E-02   3.3614422E-03  -1.0128923E-02   7.2675561E-03   6.7829731E-03  -8.0659415E-03  -1.1039015E-04  -8.8920042E-04   4.4166987E-03  -1.2450521E-03   8.3622638E-03   7.2565618E-02  -1.2464756E-07  -1.6606459E-06
  3.7468044E-09  -6.0773318E-10   2.0761760E-09   6.1612831E-08  -1.7444601E-06  -8.5674632E-07   3.0377509E-07  -5.9705466E-08   3.5404816E-08  -2.6611012E-04   6.9907970E-06   1.0799606E-04   3.6459369E-03   5.9178244E-05   4.3951067E-04   4.7011141E-04  -7.4205947E-05   1.7393462E-04  -1.8349009E-04   1.4207614E-05   1.7220687E-04  -2.4419347E-07  -2.9668140E-07   3.2296923E-07  -4.2494590E-07   1.7923727E-07  -1.2464756E-07   3.7376207E-07   3.0484356E-09
 -1.1348276E-09   2.2615584E-08  -3.7796524E-09  -1.6242045E-07  -1.0587615E-06   3.2282070E-07  -3.0910115E-07  -4.8427845E-08   1.6354871E-09   7.0638974E-04  -2.4562118E-06  -3.6685233E-05   5.6956612E-04   1.2084325E-04  -2.8662081E-04  -1.2427319E-03  -2.0576293E-05  -3.0349426E-06  -3.3111747E-05   4.0605441E-04   9.4201524E-04   2.1057298E-07   1.2536169E-07   1.8200308E-07   1.9867164E-07  -4.1388622E-07  -1.6606459E-06   3.0484356E-09   3.9247060E-07
