# omegabh2 omegach2 theta tau logA ns calPlanck acib217 xi asz143 aps100 aps143 aps143217 aps217 aksz kgal100 kgal143 kgal143217 kgal217 galfEE100 galfEE100143 galfEE100217 galfEE143 galfEE143217 galfEE217 galfTE100 galfTE100143 galfTE100217 galfTE143 galfTE143217 galfTE217 cal0 cal2
    0.2004570E-07   -0.7446070E-07    0.1182959E-07    0.5646471E-06    0.1038978E-05    0.1936441E-06    0.5915197E-08   -0.6892099E-04    0.1530757E-05    0.2065590E-04   -0.2705724E-03   -0.1713535E-03   -0.5468659E-04   -0.3130651E-05   -0.4668966E-04    0.5226761E-05   -0.6729128E-05    0.1149594E-04    0.3013544E-04   -0.1608388E-09   -0.2586689E-07   -0.1642062E-06    0.9273238E-07    0.2597678E-06   -0.1756437E-06   -0.3348367E-07   -0.1664635E-06   -0.5472312E-06   -0.8491956E-07   -0.3588766E-06   -0.3462517E-05    0.5523930E-08   -0.6261400E-08
   -0.7446070E-07    0.1230408E-05   -0.6087930E-07   -0.7226590E-05   -0.1175507E-04   -0.2759720E-05   -0.4452679E-07    0.3969523E-03   -0.1061381E-04    0.1854575E-04    0.2504744E-03    0.6231623E-03    0.3245566E-03   -0.3981660E-04    0.3635388E-04    0.8831533E-04    0.1523424E-03    0.2139217E-03    0.1660549E-03   -0.1840949E-06   -0.2450424E-06    0.3594217E-06   -0.8343869E-06    0.1939753E-05    0.9065160E-08    0.2063513E-05    0.1107327E-06    0.4581079E-05   -0.8640262E-06    0.2599293E-05    0.2080014E-04   -0.3604511E-07    0.5987974E-07
    0.1182959E-07   -0.6087930E-07    0.8287977E-07    0.8953063E-06    0.1681062E-05    0.2638097E-06   -0.1456802E-07   -0.4975573E-04    0.9124775E-06    0.7458215E-05   -0.1024929E-04   -0.2063190E-04   -0.1524971E-04    0.3884297E-04   -0.1723352E-04   -0.2609036E-05   -0.1181319E-05    0.2052721E-04    0.4415887E-04   -0.8031084E-07   -0.4908549E-07   -0.7855359E-06    0.4256951E-07   -0.1596280E-06   -0.6960698E-06   -0.4100870E-06   -0.6650131E-07   -0.7964678E-07    0.6781934E-06   -0.4939225E-06   -0.2441294E-05   -0.6274822E-08   -0.3536246E-08
    0.5646471E-06   -0.7226590E-05    0.8953063E-06    0.1464649E-03    0.2674194E-03    0.2154924E-04   -0.4112412E-05   -0.8134133E-02    0.2570308E-03    0.1203135E-02   -0.2437686E-01   -0.6938195E-02    0.4091161E-02    0.7197277E-02   -0.1813170E-02   -0.1323269E-02   -0.7921075E-03   -0.1293973E-02   -0.7663408E-03    0.7434118E-06   -0.4907577E-06   -0.9311378E-05    0.7449931E-05   -0.3310829E-04   -0.1780343E-04   -0.1383831E-04   -0.8123395E-06   -0.2910934E-04    0.6310425E-05    0.5318446E-05   -0.1528426E-03   -0.5765781E-07   -0.8840676E-06
    0.1038978E-05   -0.1175507E-04    0.1681062E-05    0.2674194E-03    0.5144990E-03    0.3485947E-04    0.2312274E-05   -0.1655937E-01    0.5738772E-03    0.2155591E-02   -0.4007431E-01   -0.9855726E-02    0.1229053E-01    0.2019289E-01   -0.3774324E-02   -0.2696382E-02   -0.1750977E-02   -0.2824370E-02    0.2235124E-03    0.7340777E-06   -0.1557333E-05   -0.2599941E-04    0.1462310E-04   -0.5922013E-04   -0.2501545E-04   -0.3006509E-04   -0.5961957E-05   -0.5475512E-04    0.1062042E-04    0.7207216E-05   -0.3059381E-03    0.4702496E-07   -0.1887656E-05
    0.1936441E-06   -0.2759720E-05    0.2638097E-06    0.2154924E-04    0.3485947E-04    0.1501158E-04    0.3732529E-07   -0.4390869E-02    0.9021608E-04    0.1191189E-02   -0.2233374E-01   -0.5346731E-02    0.2838905E-02    0.5451241E-02   -0.2375952E-02    0.1509720E-03   -0.4009316E-03   -0.3367928E-03    0.3966621E-03    0.1642362E-05    0.1593042E-05    0.2413303E-05    0.3815583E-05   -0.6408090E-05    0.1891048E-05   -0.4287369E-05   -0.1194255E-05   -0.1313485E-04    0.2277486E-05   -0.6130557E-05   -0.1755894E-04   -0.9026497E-07   -0.6901220E-06
    0.5915197E-08   -0.4452679E-07   -0.1456802E-07   -0.4112412E-05    0.2312274E-05    0.3732529E-07    0.5237169E-05    0.2105140E-03    0.1324180E-04   -0.1076911E-03    0.4832657E-02    0.7903117E-03    0.6110401E-03    0.1341585E-02    0.1877170E-03   -0.4750311E-04   -0.4575168E-04   -0.2569084E-03    0.4637317E-03    0.1512031E-06    0.2408255E-06   -0.2144614E-05    0.1195323E-05    0.7320340E-06    0.4731446E-05   -0.3512789E-05   -0.1951638E-05   -0.3536889E-06    0.1937023E-06   -0.3448722E-05   -0.1562296E-04    0.2240809E-07   -0.1382716E-06
   -0.6892099E-04    0.3969523E-03   -0.4975573E-04   -0.8134133E-02   -0.1655937E-01   -0.4390869E-02    0.2105140E-03    0.4277349E+02   -0.4323936E+00   -0.9585630E+00    0.3241361E+02   -0.8694903E+00   -0.1896681E+02   -0.5924599E+02   -0.6099806E+00   -0.2858632E+00    0.2107570E+00   -0.2043268E+01   -0.1893107E+02   -0.4263716E-03   -0.8680895E-03    0.6849813E-03   -0.1792792E-02   -0.6105695E-02    0.1812389E-01    0.2113161E-02    0.5304440E-02    0.2280801E-02    0.1282346E-01    0.7053364E-02   -0.4143623E-01   -0.5229601E-03    0.4145980E-02
    0.1530757E-05   -0.1061381E-04    0.9124775E-06    0.2570308E-03    0.5738772E-03    0.9021608E-04    0.1324180E-04   -0.4323936E+00    0.7995651E-01   -0.1034562E+00   -0.9490775E-01    0.8863007E+00    0.1618021E+01    0.6130328E+00    0.1286379E+00    0.2123132E-01    0.5725702E-02    0.7358230E-01    0.6143710E-01    0.1534444E-04   -0.7128406E-05    0.1321682E-03   -0.4160738E-05    0.9628383E-03   -0.4504151E-03   -0.5082374E-03    0.1764842E-03   -0.2890742E-03    0.6533417E-03    0.3146064E-04    0.7084694E-03    0.1679515E-04   -0.5842411E-05
    0.2065590E-04    0.1854575E-04    0.7458215E-05    0.1203135E-02    0.2155591E-02    0.1191189E-02   -0.1076911E-03   -0.9585630E+00   -0.1034562E+00    0.3860336E+01   -0.3070903E+02   -0.3609282E+01    0.7722866E+01    0.6557200E+01   -0.3044730E+01   -0.3201003E+00   -0.1343342E+00    0.2422044E+01    0.2248265E+01   -0.3421814E-03   -0.2221810E-03    0.1491067E-03    0.2447781E-03   -0.1860240E-02   -0.6853985E-02   -0.1686949E-02   -0.1416875E-02   -0.3478134E-02   -0.6644482E-03    0.8580406E-02    0.8661840E-02    0.1193208E-03   -0.3176920E-03
   -0.2705724E-03    0.2504744E-03   -0.1024929E-04   -0.2437686E-01   -0.4007431E-01   -0.2233374E-01    0.4832657E-02    0.3241361E+02   -0.9490775E-01   -0.3070903E+02    0.8208803E+03    0.7153064E+02   -0.5644672E+02   -0.6665059E+02    0.1561948E+02   -0.3894348E+01    0.3184181E+01   -0.1309635E+02   -0.1569878E+02   -0.4161511E-02   -0.1891103E-02   -0.2204054E-01   -0.2125825E-02   -0.6174164E-02    0.1281556E+00   -0.2988111E-03    0.2878360E-01    0.1134404E+00   -0.3898241E-01   -0.1520108E+00   -0.9122553E-01    0.7017206E-02    0.3420978E-02
   -0.1713535E-03    0.6231623E-03   -0.2063190E-04   -0.6938195E-02   -0.9855726E-02   -0.5346731E-02    0.7903117E-03   -0.8694903E+00    0.8863007E+00   -0.3609282E+01    0.7153064E+02    0.5630770E+02    0.3951768E+02    0.1876570E+02   -0.4796145E+01   -0.7266838E-01   -0.7518600E+00    0.4232757E+01    0.5387644E+01   -0.1028549E-02   -0.6417232E-03    0.5449244E-02   -0.1727637E-02    0.5935654E-02    0.2039379E-01   -0.2773768E-02    0.1170808E-01    0.3637690E-02   -0.1886540E-03   -0.2837854E-01    0.2602719E-01    0.2589049E-04    0.6406629E-03
   -0.5468659E-04    0.3245566E-03   -0.1524971E-04    0.4091161E-02    0.1229053E-01    0.2838905E-02    0.6110401E-03   -0.1896681E+02    0.1618021E+01    0.7722866E+01   -0.5644672E+02    0.3951768E+02    0.8929947E+02    0.6396531E+02   -0.1178806E+02   -0.6991443E+00   -0.6019882E+00    0.5443835E+01    0.6648681E+01   -0.1828048E-02   -0.4647798E-03    0.8014015E-02    0.5954457E-03    0.1226139E-01   -0.2346715E-02   -0.1829791E-01    0.4358441E-02    0.4049676E-02    0.6418452E-02    0.1375416E-01    0.8759144E-01    0.5751495E-03   -0.1992865E-02
   -0.3130651E-05   -0.3981660E-04    0.3884297E-04    0.7197277E-02    0.2019289E-01    0.5451241E-02    0.1341585E-02   -0.5924599E+02    0.6130328E+00    0.6557200E+01   -0.6665059E+02    0.1876570E+02    0.6396531E+02    0.1195323E+03   -0.9922184E+01   -0.2018783E+00   -0.6695991E+00    0.7351074E+00    0.1714276E+02   -0.9464226E-03    0.1141734E-02    0.4321599E-02    0.2996454E-02    0.4329624E-02   -0.1128405E-01   -0.8757340E-02   -0.8476474E-02    0.5805329E-02   -0.2429181E-01   -0.7423266E-02    0.1165908E+00    0.7917559E-03   -0.7121298E-02
   -0.4668966E-04    0.3635388E-04   -0.1723352E-04   -0.1813170E-02   -0.3774324E-02   -0.2375952E-02    0.1877170E-03   -0.6099806E+00    0.1286379E+00   -0.3044730E+01    0.1561948E+02   -0.4796145E+01   -0.1178806E+02   -0.9922184E+01    0.6590196E+01    0.1234003E+00   -0.7173093E-01   -0.2603822E+01   -0.2353906E+01    0.6127526E-03    0.9711227E-04   -0.1892816E-02   -0.5370239E-03    0.4372129E-02   -0.4558742E-03   -0.1222161E-03    0.3808518E-03    0.8051416E-02    0.7489679E-03    0.2316052E-02   -0.7830454E-02    0.1376322E-04    0.5582735E-04
    0.5226761E-05    0.8831533E-04   -0.2609036E-05   -0.1323269E-02   -0.2696382E-02    0.1509720E-03   -0.4750311E-04   -0.2858632E+00    0.2123132E-01   -0.3201003E+00   -0.3894348E+01   -0.7266838E-01   -0.6991443E+00   -0.2018783E+00    0.1234003E+00    0.3344341E+01    0.4671414E+00    0.2172819E-01   -0.2480907E-01    0.1182138E-03   -0.4234092E-03    0.1641334E-02   -0.2361031E-03   -0.8932377E-03   -0.2856587E-02    0.3117482E-02    0.3941584E-03   -0.1119574E-02    0.9560955E-03   -0.1125181E-01   -0.7510153E-02    0.2286090E-03   -0.7655422E-04
   -0.6729128E-05    0.1523424E-03   -0.1181319E-05   -0.7921075E-03   -0.1750977E-02   -0.4009316E-03   -0.4575168E-04    0.2107570E+00    0.5725702E-02   -0.1343342E+00    0.3184181E+01   -0.7518600E+00   -0.6019882E+00   -0.6695991E+00   -0.7173093E-01    0.4671414E+00    0.3302037E+01    0.2142312E+01    0.1145584E+01   -0.2665826E-03   -0.3547780E-03    0.2032137E-02   -0.1655509E-03    0.7566804E-03   -0.3729650E-02   -0.5399000E-03   -0.6153815E-03   -0.4772634E-02    0.3105102E-02    0.4324991E-02    0.8599027E-02   -0.3358662E-03   -0.2633000E-03
    0.1149594E-04    0.2139217E-03    0.2052721E-04   -0.1293973E-02   -0.2824370E-02   -0.3367928E-03   -0.2569084E-03   -0.2043268E+01    0.7358230E-01    0.2422044E+01   -0.1309635E+02    0.4232757E+01    0.5443835E+01    0.7351074E+00   -0.2603822E+01    0.2172819E-01    0.2142312E+01    0.1640817E+02    0.2490499E+02   -0.3079653E-03    0.2453556E-03    0.1180373E-02   -0.5183801E-03    0.2418069E-02   -0.4195534E-02    0.7539877E-03    0.1995547E-02   -0.1781915E-01    0.6652798E-02   -0.1635935E-02   -0.2808724E-02   -0.7501847E-04    0.2470070E-02
    0.3013544E-04    0.1660549E-03    0.4415887E-04   -0.7663408E-03    0.2235124E-03    0.3966621E-03    0.4637317E-03   -0.1893107E+02    0.6143710E-01    0.2248265E+01   -0.1569878E+02    0.5387644E+01    0.6648681E+01    0.1714276E+02   -0.2353906E+01   -0.2480907E-01    0.1145584E+01    0.2490499E+02    0.5338018E+02   -0.7149240E-03    0.1644066E-02   -0.3413336E-02    0.1112063E-03    0.5166830E-02    0.7021968E-02    0.2056179E-02    0.3387772E-03   -0.1073205E-01    0.8361742E-02   -0.1421824E-01   -0.1385604E-01    0.4191211E-04    0.4369044E-02
   -0.1608388E-09   -0.1840949E-06   -0.8031084E-07    0.7434118E-06    0.7340777E-06    0.1642362E-05    0.1512031E-06   -0.4263716E-03    0.1534444E-04   -0.3421814E-03   -0.4161511E-02   -0.1028549E-02   -0.1828048E-02   -0.9464226E-03    0.6127526E-03    0.1182138E-03   -0.2665826E-03   -0.3079653E-03   -0.7149240E-03    0.3502049E-04    0.9658429E-05    0.7860451E-05    0.2626474E-05    0.8143291E-05    0.9529474E-05    0.6684233E-06   -0.4273664E-05    0.8333657E-05   -0.4071279E-05   -0.7284042E-05    0.6040707E-04   -0.1231262E-07    0.7363115E-07
   -0.2586689E-07   -0.2450424E-06   -0.4908549E-07   -0.4907577E-06   -0.1557333E-05    0.1593042E-05    0.2408255E-06   -0.8680895E-03   -0.7128406E-05   -0.2221810E-03   -0.1891103E-02   -0.6417232E-03   -0.4647798E-03    0.1141734E-02    0.9711227E-04   -0.4234092E-03   -0.3547780E-03    0.2453556E-03    0.1644066E-02    0.9658429E-05    0.2539736E-04   -0.8447251E-05    0.1169548E-04    0.5287464E-06    0.1353909E-04    0.3365199E-05   -0.4035426E-05    0.1001422E-05   -0.7168655E-05   -0.1539998E-04   -0.2229635E-04   -0.2880596E-08    0.5111331E-06
   -0.1642062E-06    0.3594217E-06   -0.7855359E-06   -0.9311378E-05   -0.2599941E-04    0.2413303E-05   -0.2144614E-05    0.6849813E-03    0.1321682E-03    0.1491067E-03   -0.2204054E-01    0.5449244E-02    0.8014015E-02    0.4321599E-02   -0.1892816E-02    0.1641334E-02    0.2032137E-02    0.1180373E-02   -0.3413336E-02    0.7860451E-05   -0.8447251E-05    0.1071724E-02    0.2554754E-05    0.1658798E-04   -0.2687538E-04    0.2869204E-04   -0.1879238E-04    0.6093096E-04   -0.6764471E-04   -0.4054901E-04    0.3225104E-03    0.1716666E-07   -0.5969905E-06
    0.9273238E-07   -0.8343869E-06    0.4256951E-07    0.7449931E-05    0.1462310E-04    0.3815583E-05    0.1195323E-05   -0.1792792E-02   -0.4160738E-05    0.2447781E-03   -0.2125825E-02   -0.1727637E-02    0.5954457E-03    0.2996454E-02   -0.5370239E-03   -0.2361031E-03   -0.1655509E-03   -0.5183801E-03    0.1112063E-03    0.2626474E-05    0.1169548E-04    0.2554754E-05    0.4646051E-04   -0.3858107E-05    0.3453728E-05    0.1259273E-04   -0.3775009E-05   -0.5212886E-04   -0.5396192E-05   -0.1474905E-04   -0.2749202E-04   -0.3319603E-07   -0.1976535E-06
    0.2597678E-06    0.1939753E-05   -0.1596280E-06   -0.3310829E-04   -0.5922013E-04   -0.6408090E-05    0.7320340E-06   -0.6105695E-02    0.9628383E-03   -0.1860240E-02   -0.6174164E-02    0.5935654E-02    0.1226139E-01    0.4329624E-02    0.4372129E-02   -0.8932377E-03    0.7566804E-03    0.2418069E-02    0.5166830E-02    0.8143291E-05    0.5287464E-06    0.1658798E-04   -0.3858107E-05    0.2119515E-02    0.3302578E-03    0.1195044E-04    0.8170176E-04   -0.1164856E-03    0.1335217E-04   -0.2675477E-04   -0.3864880E-03   -0.6743216E-06    0.8179814E-06
   -0.1756437E-06    0.9065160E-08   -0.6960698E-06   -0.1780343E-04   -0.2501545E-04    0.1891048E-05    0.4731446E-05    0.1812389E-01   -0.4504151E-03   -0.6853985E-02    0.1281556E+00    0.2039379E-01   -0.2346715E-02   -0.1128405E-01   -0.4558742E-03   -0.2856587E-02   -0.3729650E-02   -0.4195534E-02    0.7021968E-02    0.9529474E-05    0.1353909E-04   -0.2687538E-04    0.3453728E-05    0.3302578E-03    0.1535397E-01    0.1247825E-03    0.1595409E-03    0.2727330E-03    0.1548871E-03   -0.3231921E-03   -0.1058130E-02   -0.9327803E-06    0.7533563E-05
   -0.3348367E-07    0.2063513E-05   -0.4100870E-06   -0.1383831E-04   -0.3006509E-04   -0.4287369E-05   -0.3512789E-05    0.2113161E-02   -0.5082374E-03   -0.1686949E-02   -0.2988111E-03   -0.2773768E-02   -0.1829791E-01   -0.8757340E-02   -0.1222161E-03    0.3117482E-02   -0.5399000E-03    0.7539877E-03    0.2056179E-02    0.6684233E-06    0.3365199E-05    0.2869204E-04    0.1259273E-04    0.1195044E-04    0.1247825E-03    0.1377514E-02    0.2859110E-03    0.7613065E-04   -0.3676848E-03   -0.1118688E-03   -0.2808167E-04   -0.1203770E-05    0.3929546E-06
   -0.1664635E-06    0.1107327E-06   -0.6650131E-07   -0.8123395E-06   -0.5961957E-05   -0.1194255E-05   -0.1951638E-05    0.5304440E-02    0.1764842E-03   -0.1416875E-02    0.2878360E-01    0.1170808E-01    0.4358441E-02   -0.8476474E-02    0.3808518E-03    0.3941584E-03   -0.6153815E-03    0.1995547E-02    0.3387772E-03   -0.4273664E-05   -0.4035426E-05   -0.1879238E-04   -0.3775009E-05    0.8170176E-04    0.1595409E-03    0.2859110E-03    0.8156057E-03    0.7895615E-04    0.7423918E-03   -0.2840065E-04   -0.5616358E-03    0.5081343E-06    0.1895683E-06
   -0.5472312E-06    0.4581079E-05   -0.7964678E-07   -0.2910934E-04   -0.5475512E-04   -0.1313485E-04   -0.3536889E-06    0.2280801E-02   -0.2890742E-03   -0.3478134E-02    0.1134404E+00    0.3637690E-02    0.4049676E-02    0.5805329E-02    0.8051416E-02   -0.1119574E-02   -0.4772634E-02   -0.1781915E-01   -0.1073205E-01    0.8333657E-05    0.1001422E-05    0.6093096E-04   -0.5212886E-04   -0.1164856E-03    0.2727330E-03    0.7613065E-04    0.7895615E-04    0.6654085E-02   -0.3539983E-03    0.5802259E-03    0.3904402E-02    0.1515500E-05    0.2288665E-05
   -0.8491956E-07   -0.8640262E-06    0.6781934E-06    0.6310425E-05    0.1062042E-04    0.2277486E-05    0.1937023E-06    0.1282346E-01    0.6533417E-03   -0.6644482E-03   -0.3898241E-01   -0.1886540E-03    0.6418452E-02   -0.2429181E-01    0.7489679E-03    0.9560955E-03    0.3105102E-02    0.6652798E-02    0.8361742E-02   -0.4071279E-05   -0.7168655E-05   -0.6764471E-04   -0.5396192E-05    0.1335217E-04    0.1548871E-03   -0.3676848E-03    0.7423918E-03   -0.3539983E-03    0.2946638E-02    0.3852257E-03   -0.6840058E-03    0.2057378E-05    0.3914297E-05
   -0.3588766E-06    0.2599293E-05   -0.4939225E-06    0.5318446E-05    0.7207216E-05   -0.6130557E-05   -0.3448722E-05    0.7053364E-02    0.3146064E-04    0.8580406E-02   -0.1520108E+00   -0.2837854E-01    0.1375416E-01   -0.7423266E-02    0.2316052E-02   -0.1125181E-01    0.4324991E-02   -0.1635935E-02   -0.1421824E-01   -0.7284042E-05   -0.1539998E-04   -0.4054901E-04   -0.1474905E-04   -0.2675477E-04   -0.3231921E-03   -0.1118688E-03   -0.2840065E-04    0.5802259E-03    0.3852257E-03    0.6152425E-02    0.6416703E-02   -0.2300168E-06   -0.1907605E-06
   -0.3462517E-05    0.2080014E-04   -0.2441294E-05   -0.1528426E-03   -0.3059381E-03   -0.1755894E-04   -0.1562296E-04   -0.4143623E-01    0.7084694E-03    0.8661840E-02   -0.9122553E-01    0.2602719E-01    0.8759144E-01    0.1165908E+00   -0.7830454E-02   -0.7510153E-02    0.8599027E-02   -0.2808724E-02   -0.1385604E-01    0.6040707E-04   -0.2229635E-04    0.3225104E-03   -0.2749202E-04   -0.3864880E-03   -0.1058130E-02   -0.2808167E-04   -0.5616358E-03    0.3904402E-02   -0.6840058E-03    0.6416703E-02    0.5876353E-01   -0.5336021E-05   -0.6519648E-05
    0.5523930E-08   -0.3604511E-07   -0.6274822E-08   -0.5765781E-07    0.4702496E-07   -0.9026497E-07    0.2240809E-07   -0.5229601E-03    0.1679515E-04    0.1193208E-03    0.7017206E-02    0.2589049E-04    0.5751495E-03    0.7917559E-03    0.1376322E-04    0.2286090E-03   -0.3358662E-03   -0.7501847E-04    0.4191211E-04   -0.1231262E-07   -0.2880596E-08    0.1716666E-07   -0.3319603E-07   -0.6743216E-06   -0.9327803E-06   -0.1203770E-05    0.5081343E-06    0.1515500E-05    0.2057378E-05   -0.2300168E-06   -0.5336021E-05    0.6009867E-06   -0.4979460E-07
   -0.6261400E-08    0.5987974E-07   -0.3536246E-08   -0.8840676E-06   -0.1887656E-05   -0.6901220E-06   -0.1382716E-06    0.4145980E-02   -0.5842411E-05   -0.3176920E-03    0.3420978E-02    0.6406629E-03   -0.1992865E-02   -0.7121298E-02    0.5582735E-04   -0.7655422E-04   -0.2633000E-03    0.2470070E-02    0.4369044E-02    0.7363115E-07    0.5111331E-06   -0.5969905E-06   -0.1976535E-06    0.8179814E-06    0.7533563E-05    0.3929546E-06    0.1895683E-06    0.2288665E-05    0.3914297E-05   -0.1907605E-06   -0.6519648E-05   -0.4979460E-07    0.2029095E-05
