# omegabh2 omegach2 theta tau omegak logA ns calPlanck acib217 xi asz143 aps100 aps143 aps143217 aps217 aksz kgal100 kgal143 kgal143217 kgal217 galfTE100 galfTE100143 galfTE100217 galfTE143 galfTE143217 galfTE217 cal0 cal2
  2.2978565E-08  -1.2064677E-07   1.9731943E-08   2.2317532E-07  -1.3528959E-07   2.7016677E-07   3.1631733E-07   1.2680877E-08  -7.7143806E-05   1.4292313E-06   2.2075875E-05  -3.9136992E-04  -2.4840172E-04  -8.7159152E-05  -2.3537441E-05  -4.1020764E-05  -4.3951492E-06  -4.7796296E-06  -3.7188630E-07   2.8835948E-05  -1.3474101E-07  -2.8593565E-08  -8.8042851E-08  -2.7464603E-07  -7.7799900E-07  -3.0100832E-06   2.1522806E-09  -1.8076114E-10
 -1.2064677E-07   1.8295821E-06  -1.7201478E-07  -2.8723287E-06   1.9177475E-06  -2.0003095E-06  -4.2862364E-06  -2.6826335E-07   3.0681649E-04  -2.3143035E-06  -1.0433943E-04   1.5060493E-03   1.3228835E-03   8.0801256E-04   4.1576293E-04   1.3037044E-04   2.6587532E-05  -6.9141025E-05  -1.5435923E-04  -4.1614599E-04   1.4647454E-06   1.9358368E-07  -2.1332553E-06   1.4394826E-06   4.9284139E-06   1.8994360E-05   9.9285497E-09  -9.5307363E-09
  1.9731943E-08  -1.7201478E-07   1.0123001E-07   2.7313036E-07  -2.5083025E-07   2.8567185E-07   5.2863091E-07   2.8495041E-08  -8.4515592E-06   1.0707077E-06   1.0343505E-05  -2.6681158E-04  -1.1389677E-04  -7.9518407E-05  -8.6363271E-05  -8.3144229E-06   6.9682374E-06   4.5630030E-06   1.4151749E-05   8.8840793E-06  -3.1403735E-07  -1.2248359E-07   9.4109940E-07  -3.9329560E-07  -1.0164596E-06  -4.6284396E-06   3.5214269E-10  -1.0356727E-09
  2.2317532E-07  -2.8723287E-06   2.7313036E-07   4.5577804E-05  -1.6272386E-06   8.2272956E-05   9.5335117E-06  -4.9907555E-07  -1.7966303E-03   1.0591426E-05   3.8803909E-04  -6.5016811E-03  -4.0878436E-03  -1.3975815E-03   3.5733213E-04  -8.2550627E-04  -8.8387949E-05  -1.1152029E-05   5.0914283E-04   1.8652796E-03   3.9982048E-06  -1.2073659E-06   1.6908573E-06  -5.6722402E-06  -1.2587107E-05  -2.2955914E-05  -3.9237198E-08   1.2407297E-07
 -1.3528959E-07   1.9177475E-06  -2.5083025E-07  -1.6272386E-06   3.6589384E-06   1.0450509E-06  -4.4166702E-06  -4.2909549E-08   4.4529727E-04  -2.0229095E-06  -5.7822106E-05   1.3800112E-03   1.3270723E-03   1.0116685E-03   3.7618596E-04   9.7227421E-05   2.3558155E-05  -1.0412750E-04  -1.6391106E-04  -3.9898053E-04   2.3758181E-06   6.3492702E-07  -6.4959613E-07   1.8466471E-06   7.7684842E-06   2.4717306E-05   7.2851349E-10   1.2365283E-08
  2.7016677E-07  -2.0003095E-06   2.8567185E-07   8.2272956E-05   1.0450509E-06   1.8230670E-04   8.4609731E-06   1.0804819E-05  -2.4724650E-03   1.7306472E-05   2.0910971E-04  -2.3659177E-03  -4.1684293E-03  -4.2494310E-04   5.3595555E-03  -1.7450381E-03  -4.8102413E-04  -6.7831074E-04  -1.2291169E-04   3.7495916E-03   1.2828723E-05  -1.1675548E-06  -5.7403062E-06  -1.0913537E-05  -1.3463267E-05  -7.7396578E-06   2.7389291E-08   2.3405629E-07
  3.1631733E-07  -4.2862364E-06   5.2863091E-07   9.5335117E-06  -4.4166702E-06   8.4609731E-06   1.9437656E-05   4.3720450E-07  -4.4038375E-03   1.0902226E-04   9.6760780E-04  -2.4925621E-02  -7.8305934E-03   3.7600508E-04   3.4792483E-03  -2.2733632E-03   2.0749105E-04  -3.4571923E-04  -1.4291065E-04   1.5297645E-03  -4.9069811E-06  -1.1411640E-06   9.2328622E-06  -2.2105635E-06  -9.8825589E-06  -2.7121939E-05  -5.6970414E-08  -4.2386693E-08
  1.2680877E-08  -2.6826335E-07   2.8495041E-08  -4.9907555E-07  -4.2909549E-08   1.0804819E-05   4.3720450E-07   6.1949982E-06   9.0094724E-04  -2.4236199E-05  -1.5809436E-04   5.6694674E-03   4.4254366E-04  -6.2523736E-04   5.1985058E-04   1.5494109E-04  -1.6522854E-05   5.2536932E-06  -1.3754038E-04   6.0184991E-04   7.7756521E-07   5.3470447E-07  -2.9316133E-07  -7.5258244E-07   7.3323998E-07   5.7732575E-06  -2.2529352E-08   1.6365350E-08
 -7.7143806E-05   3.0681649E-04  -8.4515592E-06  -1.7966303E-03   4.4529727E-04  -2.4724650E-03  -4.4038375E-03   9.0094724E-04   4.4294019E+01  -4.3058181E-01  -8.0349840E-01   3.2309899E+01   4.8773497E-01  -1.4846477E+01  -5.4596880E+01  -6.2654978E-01   4.4723896E-02   7.1962019E-01  -5.7987853E+00  -3.3307112E+01  -4.0339958E-04  -2.6431848E-03  -7.0505633E-03  -5.9323913E-03   9.9893954E-03  -1.3943610E-02  -2.6077136E-04   7.0592474E-04
  1.4292313E-06  -2.3143035E-06   1.0707077E-06   1.0591426E-05  -2.0229095E-06   1.7306472E-05   1.0902226E-04  -2.4236199E-05  -4.3058181E-01   8.4075286E-02  -6.2347311E-02  -6.1512601E-01   9.8041500E-01   1.7113399E+00   6.7056533E-01   4.1855873E-02   1.1372614E-02   1.7348204E-02   1.2402118E-01   1.8377872E-01  -9.8937002E-05  -6.1606353E-05  -1.7878317E-05  -1.0164125E-04  -2.5443012E-05  -1.2604997E-03   5.4136529E-06   4.7510024E-07
  2.2075875E-05  -1.0433943E-04   1.0343505E-05   3.8803909E-04  -5.7822106E-05   2.0910971E-04   9.6760780E-04  -1.5809436E-04  -8.0349840E-01  -6.2347311E-02   3.7802852E+00  -2.9652950E+01  -3.3912469E+00   7.0221625E+00   4.9725367E+00  -2.6419060E+00  -1.3691317E-01   2.0961446E-01   2.7151939E+00   3.3887011E+00  -3.3003159E-04   5.7977614E-04  -3.8386365E-04   5.1775135E-04  -3.9987696E-03  -9.7528700E-03   1.4455507E-04  -3.2657562E-05
 -3.9136992E-04   1.5060493E-03  -2.6681158E-04  -6.5016811E-03   1.3800112E-03  -2.3659177E-03  -2.4925621E-02   5.6694674E-03   3.2309899E+01  -6.1512601E-01  -2.9652950E+01   7.6937857E+02   6.6320209E+01  -5.4387086E+01  -5.4913847E+01   1.3521353E+01  -6.2875882E+00   5.8257096E+00  -1.2514709E+01  -2.1439996E+01   8.5368439E-03  -8.3356042E-03  -3.6813329E-02  -4.6574587E-03   4.3032157E-02   2.5241588E-01   3.1931320E-03   4.6899502E-04
 -2.4840172E-04   1.3228835E-03  -1.1389677E-04  -4.0878436E-03   1.3270723E-03  -4.1684293E-03  -7.8305934E-03   4.4254366E-04   4.8773497E-01   9.8041500E-01  -3.3912469E+00   6.6320209E+01   6.1791493E+01   4.1222158E+01   1.6623396E+01  -4.7421272E+00  -1.2449853E-01  -1.1159354E+00   3.6742396E+00   4.9665042E+00   7.4529906E-04   2.7264091E-03  -1.2847863E-02   2.1345006E-03   1.7717032E-02   4.6089157E-02   2.5425227E-05   1.0306076E-04
 -8.7159152E-05   8.0801256E-04  -7.9518407E-05  -1.3975815E-03   1.0116685E-03  -4.2494310E-04   3.7600508E-04  -6.2523736E-04  -1.4846477E+01   1.7113399E+00   7.0221625E+00  -5.4387086E+01   4.1222158E+01   8.5130430E+01   5.4407378E+01  -1.1384752E+01  -2.7043063E-01  -4.5567503E-01   5.1562330E+00   9.3294727E+00   3.9181104E-04   1.6146301E-03  -7.9461826E-03   3.3677787E-03   6.2217898E-03   1.7672554E-02   5.3328316E-04  -3.5986157E-04
 -2.3537441E-05   4.1576293E-04  -8.6363271E-05   3.5733213E-04   3.7618596E-04   5.3595555E-03   3.4792483E-03   5.1985058E-04  -5.4596880E+01   6.7056533E-01   4.9725367E+00  -5.4913847E+01   1.6623396E+01   5.4407378E+01   1.0197368E+02  -8.1314369E+00  -3.5292999E-01  -1.3703366E+00   5.2711013E+00   3.3262710E+01   3.4812234E-03   3.8304948E-03   9.3205555E-04   1.3714650E-02   9.0008544E-03   5.7658982E-02   5.1360175E-04  -1.2693329E-03
 -4.1020764E-05   1.3037044E-04  -8.3144229E-06  -8.2550627E-04   9.7227421E-05  -1.7450381E-03  -2.2733632E-03   1.5494109E-04  -6.2654978E-01   4.1855873E-02  -2.6419060E+00   1.3521353E+01  -4.7421272E+00  -1.1384752E+01  -8.1314369E+00   5.7146924E+00   1.1856729E-01  -2.5612263E-01  -2.0817619E+00  -2.0498912E+00   3.2011998E-04  -4.2632391E-04   2.6499308E-03  -9.9371739E-04  -2.8520026E-03  -1.9505401E-03  -9.2583767E-05  -1.3317099E-05
 -4.3951492E-06   2.6587532E-05   6.9682374E-06  -8.8387949E-05   2.3558155E-05  -4.8102413E-04   2.0749105E-04  -1.6522854E-05   4.4723896E-02   1.1372614E-02  -1.3691317E-01  -6.2875882E+00  -1.2449853E-01  -2.7043063E-01  -3.5292999E-01   1.1856729E-01   3.2578587E+00   5.4011839E-01   2.7104855E-01   3.4402505E-01  -1.8623742E-04   4.5297676E-04   3.8104450E-03  -8.4354481E-04  -2.9651494E-03  -3.8100415E-03   1.8320822E-04   1.5962835E-05
 -4.7796296E-06  -6.9141025E-05   4.5630030E-06  -1.1152029E-05  -1.0412750E-04  -6.7831074E-04  -3.4571923E-04   5.2536932E-06   7.1962019E-01   1.7348204E-02   2.0961446E-01   5.8257096E+00  -1.1159354E+00  -4.5567503E-01  -1.3703366E+00  -2.5612263E-01   5.4011839E-01   3.2492355E+00   2.8389295E+00   2.7985851E+00   1.7023339E-03   7.1964249E-04   3.6276376E-03   1.1107402E-03   7.3728182E-04  -4.6747822E-03  -1.6036285E-04  -2.6004039E-05
 -3.7188630E-07  -1.5435923E-04   1.4151749E-05   5.0914283E-04  -1.6391106E-04  -1.2291169E-04  -1.4291065E-04  -1.3754038E-04  -5.7987853E+00   1.2402118E-01   2.7151939E+00  -1.2514709E+01   3.6742396E+00   5.1562330E+00   5.2711013E+00  -2.0817619E+00   2.7104855E-01   2.8389295E+00   1.1226789E+01   1.9898066E+01   9.4315741E-04   3.4285640E-03   1.3869218E-03   2.5769568E-03  -1.0152721E-02  -2.1976137E-02   2.8115793E-05   4.2662927E-04
  2.8835948E-05  -4.1614599E-04   8.8840793E-06   1.8652796E-03  -3.9898053E-04   3.7495916E-03   1.5297645E-03   6.0184991E-04  -3.3307112E+01   1.8377872E-01   3.3887011E+00  -2.1439996E+01   4.9665042E+00   9.3294727E+00   3.3262710E+01  -2.0498912E+00   3.4402505E-01   2.7985851E+00   1.9898066E+01   5.4648199E+01   3.4184138E-03   6.7669790E-03   6.7201282E-03   5.5292784E-03  -2.7889078E-02  -2.1573618E-02   1.6638946E-04   9.2242159E-04
 -1.3474101E-07   1.4647454E-06  -3.1403735E-07   3.9982048E-06   2.3758181E-06   1.2828723E-05  -4.9069811E-06   7.7756521E-07  -4.0339958E-04  -9.8937002E-05  -3.3003159E-04   8.5368439E-03   7.4529906E-04   3.9181104E-04   3.4812234E-03   3.2011998E-04  -1.8623742E-04   1.7023339E-03   9.4315741E-04   3.4184138E-03   1.4784516E-03   2.9579533E-04   1.4137362E-04  -4.0260728E-04  -1.4420113E-04  -2.3160338E-06   1.2916415E-07   1.1740655E-06
 -2.8593565E-08   1.9358368E-07  -1.2248359E-07  -1.2073659E-06   6.3492702E-07  -1.1675548E-06  -1.1411640E-06   5.3470447E-07  -2.6431848E-03  -6.1606353E-05   5.7977614E-04  -8.3356042E-03   2.7264091E-03   1.6146301E-03   3.8304948E-03  -4.2632391E-04   4.5297676E-04   7.1964249E-04   3.4285640E-03   6.7669790E-03   2.9579533E-04   8.5046532E-04   6.6066759E-05   7.1265018E-04   5.1039080E-05  -4.1662230E-04   2.5713414E-07   3.1632135E-07
 -8.8042851E-08  -2.1332553E-06   9.4109940E-07   1.6908573E-06  -6.4959613E-07  -5.7403062E-06   9.2328622E-06  -2.9316133E-07  -7.0505633E-03  -1.7878317E-05  -3.8386365E-04  -3.6813329E-02  -1.2847863E-02  -7.9461826E-03   9.3205555E-04   2.6499308E-03   3.8104450E-03   3.6276376E-03   1.3869218E-03   6.7201282E-03   1.4137362E-04   6.6066759E-05   7.2195981E-03  -3.4500295E-04   6.6113709E-04   4.2066713E-03   3.6740687E-07   2.9654142E-07
 -2.7464603E-07   1.4394826E-06  -3.9329560E-07  -5.6722402E-06   1.8466471E-06  -1.0913537E-05  -2.2105635E-06  -7.5258244E-07  -5.9323913E-03  -1.0164125E-04   5.1775135E-04  -4.6574587E-03   2.1345006E-03   3.3677787E-03   1.3714650E-02  -9.9371739E-04  -8.4354481E-04   1.1107402E-03   2.5769568E-03   5.5292784E-03  -4.0260728E-04   7.1265018E-04  -3.4500295E-04   3.0190296E-03   6.4961735E-04  -7.7250000E-04  -4.1561410E-07  -3.7388520E-07
 -7.7799900E-07   4.9284139E-06  -1.0164596E-06  -1.2587107E-05   7.7684842E-06  -1.3463267E-05  -9.8825589E-06   7.3323998E-07   9.9893954E-03  -2.5443012E-05  -3.9987696E-03   4.3032157E-02   1.7717032E-02   6.2217898E-03   9.0008544E-03  -2.8520026E-03  -2.9651494E-03   7.3728182E-04  -1.0152721E-02  -2.7889078E-02  -1.4420113E-04   5.1039080E-05   6.6113709E-04   6.4961735E-04   6.3736676E-03   7.9737964E-03  -1.7688165E-07  -2.2584633E-07
 -3.0100832E-06   1.8994360E-05  -4.6284396E-06  -2.2955914E-05   2.4717306E-05  -7.7396578E-06  -2.7121939E-05   5.7732575E-06  -1.3943610E-02  -1.2604997E-03  -9.7528700E-03   2.5241588E-01   4.6089157E-02   1.7672554E-02   5.7658982E-02  -1.9505401E-03  -3.8100415E-03  -4.6747822E-03  -2.1976137E-02  -2.1573618E-02  -2.3160338E-06  -4.1662230E-04   4.2066713E-03  -7.7250000E-04   7.9737964E-03   6.9778727E-02   3.9660097E-06   1.2719557E-06
  2.1522806E-09   9.9285497E-09   3.5214269E-10  -3.9237198E-08   7.2851349E-10   2.7389291E-08  -5.6970414E-08  -2.2529352E-08  -2.6077136E-04   5.4136529E-06   1.4455507E-04   3.1931320E-03   2.5425227E-05   5.3328316E-04   5.1360175E-04  -9.2583767E-05   1.8320822E-04  -1.6036285E-04   2.8115793E-05   1.6638946E-04   1.2916415E-07   2.5713414E-07   3.6740687E-07  -4.1561410E-07  -1.7688165E-07   3.9660097E-06   3.7246453E-07   6.3362966E-09
 -1.8076114E-10  -9.5307363E-09  -1.0356727E-09   1.2407297E-07   1.2365283E-08   2.3405629E-07  -4.2386693E-08   1.6365350E-08   7.0592474E-04   4.7510024E-07  -3.2657562E-05   4.6899502E-04   1.0306076E-04  -3.5986157E-04  -1.2693329E-03  -1.3317099E-05   1.5962835E-05  -2.6004039E-05   4.2662927E-04   9.2242159E-04   1.1740655E-06   3.1632135E-07   2.9654142E-07  -3.7388520E-07  -2.2584633E-07   1.2719557E-06   6.3362966E-09   3.7141348E-07
