# omegabh2 omegach2 theta tau logA ns r calPlanck acib217 xi asz143 aps100 aps143 aps143217 aps217 aksz kgal100 kgal143 kgal143217 kgal217 cal0 cal2
    0.3836420E-07   -0.6704784E-07    0.2523979E-07    0.6803621E-06    0.1341302E-05    0.3080766E-06    0.5391203E-08    0.1991216E-07   -0.1641488E-03    0.2675228E-05    0.5064520E-04   -0.7424906E-03   -0.4322711E-03   -0.1071518E-03    0.2950813E-04   -0.6456354E-04    0.8556172E-05    0.3899883E-05   -0.3449423E-05    0.2641036E-04    0.3136972E-08   -0.1589046E-07
   -0.6704784E-07    0.1453330E-05   -0.5196915E-07   -0.8280872E-05   -0.1322080E-04   -0.3432391E-05   -0.1943049E-05   -0.1154856E-06    0.3416329E-03   -0.2299028E-05   -0.6922198E-04    0.1383613E-02    0.8599299E-03    0.3025977E-03   -0.1095782E-03    0.1274209E-03   -0.4192617E-05    0.9608080E-05    0.7505451E-04    0.2924073E-04   -0.3908849E-08    0.4507319E-07
    0.2523979E-07   -0.5196915E-07    0.1705394E-06    0.1449867E-05    0.3037956E-05    0.4156663E-06    0.1443717E-06    0.3772627E-07   -0.3860227E-04   -0.9570168E-06    0.1191422E-04   -0.2628373E-03   -0.1846477E-03   -0.1142938E-03   -0.1627214E-05   -0.2347399E-04   -0.1069906E-04   -0.1186135E-04   -0.2433619E-04   -0.2546490E-04   -0.7733596E-09   -0.6596280E-08
    0.6803621E-06   -0.8280872E-05    0.1449867E-05    0.1617071E-03    0.2933144E-03    0.2758318E-04   -0.1564442E-04   -0.3916252E-05   -0.4309209E-02    0.2507987E-04    0.1137479E-02   -0.2183594E-01   -0.1295546E-01   -0.5131026E-02   -0.1604765E-02   -0.1431423E-02    0.1649442E-03    0.1993457E-03   -0.1093122E-02   -0.1750241E-02   -0.1601877E-06   -0.6728801E-06
    0.1341302E-05   -0.1322080E-04    0.3037956E-05    0.2933144E-03    0.5633301E-03    0.4591689E-04   -0.3754754E-04    0.4542124E-05   -0.8337438E-02    0.1128848E-03    0.2391255E-02   -0.3945684E-01   -0.2283033E-01   -0.5977893E-02    0.3058123E-02   -0.3597007E-02    0.5147402E-04   -0.1870755E-04   -0.2031969E-02   -0.1322764E-02   -0.1837577E-06   -0.1358666E-05
    0.3080766E-06   -0.3432391E-05    0.4156663E-06    0.2758318E-04    0.4591689E-04    0.1946031E-04    0.1723143E-04    0.5155068E-06   -0.5465765E-02    0.1296401E-03    0.1318618E-02   -0.2689487E-01   -0.7307623E-02    0.2936767E-02    0.6580203E-02   -0.2907331E-02    0.3696922E-03   -0.9747217E-04   -0.7203615E-03    0.1911810E-03   -0.1812575E-06   -0.5910885E-06
    0.5391203E-08   -0.1943049E-05    0.1443717E-06   -0.1564442E-04   -0.3754754E-04    0.1723143E-04    0.1422079E-02    0.1611550E-05   -0.9317130E-02    0.9663776E-05    0.2209727E-02   -0.2690897E-01   -0.5126080E-02    0.5600976E-02    0.1352287E-01   -0.2580139E-02   -0.1046575E-02   -0.5958744E-03    0.9431148E-03    0.5858484E-02    0.5197449E-07   -0.4286445E-06
    0.1991216E-07   -0.1154856E-06    0.3772627E-07   -0.3916252E-05    0.4542124E-05    0.5155068E-06    0.1611550E-05    0.6286640E-05    0.6402228E-03    0.6442321E-05    0.1023668E-03    0.2192431E-02    0.3585890E-03    0.5874491E-03    0.1413128E-02   -0.7802869E-04    0.1890358E-04    0.4019832E-04    0.1230413E-03    0.9060507E-03   -0.5729455E-07   -0.4353601E-07
   -0.1641488E-03    0.3416329E-03   -0.3860227E-04   -0.4309209E-02   -0.8337438E-02   -0.5465765E-02   -0.9317130E-02    0.6402228E-03    0.4325879E+02   -0.5143102E+00   -0.1820196E+01    0.4318407E+02    0.3442431E+00   -0.2194625E+02   -0.6112762E+02    0.5176984E+00    0.7820356E-02   -0.5655172E-01   -0.2208513E+01   -0.1862447E+02   -0.2989224E-03    0.4305211E-02
    0.2675228E-05   -0.2299028E-05   -0.9570168E-06    0.2507987E-04    0.1128848E-03    0.1296401E-03    0.9663776E-05    0.6442321E-05   -0.5143102E+00    0.8192244E-01   -0.8099770E-01   -0.4008120E+00    0.1043278E+01    0.1863217E+01    0.7980409E+00    0.6865666E-01   -0.1030089E-01    0.3297454E-02    0.1016429E+00    0.1261441E+00    0.5445850E-05   -0.1893975E-04
    0.5064520E-04   -0.6922198E-04    0.1191422E-04    0.1137479E-02    0.2391255E-02    0.1318618E-02    0.2209727E-02    0.1023668E-03   -0.1820196E+01   -0.8099770E-01    0.3810921E+01   -0.2983625E+02   -0.4096416E+01    0.7732157E+01    0.7054908E+01   -0.2771746E+01   -0.5366510E-01    0.1441360E+00    0.2489271E+01    0.2249353E+01    0.1694214E-03   -0.3744541E-03
   -0.7424906E-03    0.1383613E-02   -0.2628373E-03   -0.2183594E-01   -0.3945684E-01   -0.2689487E-01   -0.2690897E-01    0.2192431E-02    0.4318407E+02   -0.4008120E+00   -0.2983625E+02    0.7749321E+03    0.7129316E+02   -0.5960946E+02   -0.7343291E+02    0.1386861E+02   -0.4398696E+01    0.2342774E+01   -0.1197093E+02   -0.1605086E+02    0.6331397E-02    0.4466180E-02
   -0.4322711E-03    0.8599299E-03   -0.1846477E-03   -0.1295546E-01   -0.2283033E-01   -0.7307623E-02   -0.5126080E-02    0.3585890E-03    0.3442431E+00    0.1043278E+01   -0.4096416E+01    0.7129316E+02    0.6385011E+02    0.4631932E+02    0.1937989E+02   -0.4657953E+01   -0.4685424E+00   -0.1422583E+01    0.3738187E+01    0.3986653E+01    0.1153560E-03    0.2394306E-03
   -0.1071518E-03    0.3025977E-03   -0.1142938E-03   -0.5131026E-02   -0.5977893E-02    0.2936767E-02    0.5600976E-02    0.5874491E-03   -0.2194625E+02    0.1863217E+01    0.7732157E+01   -0.5960946E+02    0.4631932E+02    0.1003520E+03    0.7014252E+02   -0.1254459E+02   -0.5817261E+00   -0.3805291E+00    0.5189271E+01    0.6177170E+01    0.6749202E-03   -0.2563965E-02
    0.2950813E-04   -0.1095782E-03   -0.1627214E-05   -0.1604765E-02    0.3058123E-02    0.6580203E-02    0.1352287E-01    0.1413128E-02   -0.6112762E+02    0.7980409E+00    0.7054908E+01   -0.7343291E+02    0.1937989E+02    0.7014252E+02    0.1238180E+03   -0.1095541E+02   -0.3365847E+00   -0.2624382E+00   -0.5273761E-01    0.1539185E+02    0.7247740E-03   -0.7621616E-02
   -0.6456354E-04    0.1274209E-03   -0.2347399E-04   -0.1431423E-02   -0.3597007E-02   -0.2907331E-02   -0.2580139E-02   -0.7802869E-04    0.5176984E+00    0.6865666E-01   -0.2771746E+01    0.1386861E+02   -0.4657953E+01   -0.1254459E+02   -0.1095541E+02    0.6299129E+01    0.9100692E-02   -0.9261533E-01   -0.2060796E+01   -0.1730870E+01   -0.1257519E-03    0.1755012E-03
    0.8556172E-05   -0.4192617E-05   -0.1069906E-04    0.1649442E-03    0.5147402E-04    0.3696922E-03   -0.1046575E-02    0.1890358E-04    0.7820356E-02   -0.1030089E-01   -0.5366510E-01   -0.4398696E+01   -0.4685424E+00   -0.5817261E+00   -0.3365847E+00    0.9100692E-02    0.3460418E+01    0.4334443E+00    0.1917809E+00    0.2884897E+00    0.2834386E-03    0.1020333E-04
    0.3899883E-05    0.9608080E-05   -0.1186135E-04    0.1993457E-03   -0.1870755E-04   -0.9747217E-04   -0.5958744E-03    0.4019832E-04   -0.5655172E-01    0.3297454E-02    0.1441360E+00    0.2342774E+01   -0.1422583E+01   -0.3805291E+00   -0.2624382E+00   -0.9261533E-01    0.4334443E+00    0.3395388E+01    0.2608728E+01    0.1768837E+01   -0.2745372E-03   -0.2317527E-03
   -0.3449423E-05    0.7505451E-04   -0.2433619E-04   -0.1093122E-02   -0.2031969E-02   -0.7203615E-03    0.9431148E-03    0.1230413E-03   -0.2208513E+01    0.1016429E+00    0.2489271E+01   -0.1197093E+02    0.3738187E+01    0.5189271E+01   -0.5273761E-01   -0.2060796E+01    0.1917809E+00    0.2608728E+01    0.1748177E+02    0.2612908E+02    0.1884323E-04    0.2537594E-02
    0.2641036E-04    0.2924073E-04   -0.2546490E-04   -0.1750241E-02   -0.1322764E-02    0.1911810E-03    0.5858484E-02    0.9060507E-03   -0.1862447E+02    0.1261441E+00    0.2249353E+01   -0.1605086E+02    0.3986653E+01    0.6177170E+01    0.1539185E+02   -0.1730870E+01    0.2884897E+00    0.1768837E+01    0.2612908E+02    0.5530311E+02    0.1178331E-03    0.4614334E-02
    0.3136972E-08   -0.3908849E-08   -0.7733596E-09   -0.1601877E-06   -0.1837577E-06   -0.1812575E-06    0.5197449E-07   -0.5729455E-07   -0.2989224E-03    0.5445850E-05    0.1694214E-03    0.6331397E-02    0.1153560E-03    0.6749202E-03    0.7247740E-03   -0.1257519E-03    0.2834386E-03   -0.2745372E-03    0.1884323E-04    0.1178331E-03    0.6074890E-06    0.1280479E-08
   -0.1589046E-07    0.4507319E-07   -0.6596280E-08   -0.6728801E-06   -0.1358666E-05   -0.5910885E-06   -0.4286445E-06   -0.4353601E-07    0.4305211E-02   -0.1893975E-04   -0.3744541E-03    0.4466180E-02    0.2394306E-03   -0.2563965E-02   -0.7621616E-02    0.1755012E-03    0.1020333E-04   -0.2317527E-03    0.2537594E-02    0.4614334E-02    0.1280479E-08    0.2091864E-05
