# omegabh2 omegach2 theta tau omegak logA ns calPlanck aps100 aps143 aps217 acib217 asz143 psr cibr xi aksz dust100 dust143 dust217 dust143x217 cal0 cal2 calTE calEE
  2.6624838E-08  -1.3630417E-07   2.0562766E-08   2.1027797E-07  -1.5600204E-07   1.9988738E-07   3.6351044E-07   1.3611109E-08  -4.3007880E-04  -2.9213755E-04   4.4703300E-05  -1.1069729E-04   2.6311976E-05   1.1105250E-06  -1.6591818E-06   1.5481310E-06  -4.0549258E-05   8.1652176E-07   4.6108622E-08   6.5534297E-07  -7.3798124E-09   4.1377177E-09  -4.3402251E-09  -9.4261181E-08  -2.1557320E-07
 -1.3630417E-07   2.1242114E-06  -1.9994472E-07  -1.9070355E-06   2.0575990E-06   9.9069353E-07  -4.8652414E-06  -8.4931621E-08   1.2478070E-03   1.2753658E-03   1.4413391E-04   3.7001742E-04  -6.1805798E-05  -2.0621996E-06   6.9972698E-06  -4.4150495E-06   1.0095240E-04  -9.4276315E-06  -8.1138696E-07  -2.0629742E-06  -5.9049446E-07  -1.4669673E-08   1.9890853E-08  -1.1578390E-07  -6.0097716E-07
  2.0562766E-08  -1.9994472E-07   1.0024090E-07   2.2034705E-07  -2.7015674E-07   5.6287206E-08   5.6960999E-07  -1.5267878E-09  -3.4960942E-04  -1.2584330E-04   2.4265813E-05  -5.3029074E-05   2.4234242E-05   9.0002334E-07   4.1405357E-07   2.0506040E-06  -2.3322779E-05   9.1266934E-07   7.6966968E-07   2.3245399E-07  -9.0925961E-08   2.4273549E-09  -7.6121101E-09  -3.2144616E-08   6.4659769E-08
  2.1027797E-07  -1.9070355E-06   2.2034705E-07   4.5012581E-05  -1.6566179E-06   8.5273008E-05   7.1747380E-06  -1.9286477E-07  -1.1278923E-02  -3.0661955E-03   3.6119979E-03  -2.8444269E-03   5.4343751E-04   3.4786646E-05  -6.8677672E-05   3.5902729E-05  -1.4354405E-03   2.8655892E-05  -2.9996712E-05   1.9919708E-05   1.0268797E-05   3.2343330E-08  -1.1884177E-07  -2.5798745E-06  -1.5724210E-06
 -1.5600204E-07   2.0575990E-06  -2.7015674E-07  -1.6566179E-06   3.9145279E-06   1.1604959E-06  -4.9949524E-06  -8.6513646E-08   2.8294280E-03   1.6365760E-03  -3.0960425E-04   7.1126124E-04  -1.0887615E-04  -5.8595980E-06   8.8930138E-06  -1.3273777E-05   2.0088698E-04  -1.0293152E-05  -3.7299748E-06  -3.3548469E-06  -4.7726785E-08  -1.3118864E-08   6.6959029E-08   2.4233735E-07  -3.1308589E-07
  1.9988738E-07   9.9069353E-07   5.6287206E-08   8.5273008E-05   1.1604959E-06   1.9987897E-04   2.0675707E-06   1.1475474E-05  -1.6895240E-02  -2.8286773E-03   1.6661930E-02  -7.2428099E-03   1.0620393E-03   1.0286841E-04  -1.9406484E-04   1.2068537E-04  -3.4300452E-03   2.3179669E-05  -1.5937495E-04   5.7391996E-05  -1.3047420E-06   7.7392927E-07  -5.0790154E-07  -5.9703315E-06  -2.7229783E-06
  3.6351044E-07  -4.8652414E-06   5.6960999E-07   7.1747380E-06  -4.9949524E-06   2.0675707E-06   2.0831628E-05   3.2041736E-07  -2.3056527E-02  -8.5619256E-03   8.5093176E-03  -6.3047217E-03   5.7751768E-04   6.7908852E-05  -1.1784850E-04   6.8089392E-05  -2.0796365E-03   3.5292499E-05  -1.9759290E-05   3.1334353E-05  -1.1211817E-05  -2.8644827E-07  -2.7999550E-07  -1.3704616E-07  -1.7993793E-06
  1.3611109E-08  -8.4931621E-08  -1.5267878E-09  -1.9286477E-07  -8.6513646E-08   1.1475474E-05   3.2041736E-07   6.0135366E-06   2.4923690E-03  -1.7234740E-04   1.5622717E-03   1.2433653E-04  -9.0121247E-06   2.1637410E-06  -9.8382423E-06   4.6366757E-06   1.5014819E-04   4.3520081E-06  -6.9865376E-07   4.8984811E-06  -3.0790992E-06   3.3073586E-08  -1.3008961E-07  -4.8814133E-07  -2.2794913E-07
 -4.3007880E-04   1.2478070E-03  -3.4960942E-04  -1.1278923E-02   2.8294280E-03  -1.6895240E-02  -2.3056527E-02   2.4923690E-03   5.9487321E+02   5.5151661E+01  -5.1753499E+01   2.6721814E+01  -2.4668351E+01  -8.5761776E-01  -8.8370377E-02  -2.4334227E-01   1.1063757E+01  -2.3663710E-01   3.4044335E-01  -2.2085043E-01  -2.2762568E-01   6.1110361E-03   2.1793162E-03   2.2604298E-03   6.7759633E-03
 -2.9213755E-04   1.2753658E-03  -1.2584330E-04  -3.0661955E-03   1.6365760E-03  -2.8286773E-03  -8.5619256E-03  -1.7234740E-04   5.5151661E+01   6.6265819E+01   1.1314408E+01   5.2032809E+00  -2.0228767E-01  -1.3975280E-02   4.4813540E-01   8.7874536E-01  -8.5935419E+00  -5.4170647E-02  -2.3894149E-01   6.5246050E-02   5.6944854E-02   8.7554086E-04   6.7307373E-04   1.7390440E-03   4.6716203E-03
  4.4703300E-05   1.4413391E-04   2.4265813E-05   3.6119979E-03  -3.0960425E-04   1.6661930E-02   8.5093176E-03   1.5622717E-03  -5.1753499E+01   1.1314408E+01   1.8044587E+02  -8.5327615E+01   2.4984689E+00   3.5455807E-01  -1.0825400E+00   4.7560134E-01  -7.5162861E+00  -2.1435370E-02  -3.3022336E-01   5.7921503E-01   8.8530932E-03   2.2789861E-03  -7.7620814E-03   2.8698486E-03   3.8996355E-03
 -1.1069729E-04   3.7001742E-04  -5.3029074E-05  -2.8444269E-03   7.1126124E-04  -7.2428099E-03  -6.3047217E-03   1.2433653E-04   2.6721814E+01   5.2032809E+00  -8.5327615E+01   5.2848341E+01   1.8463918E+00  -4.8302948E-02   7.5218521E-01  -3.2180398E-01  -2.6485317E+00   1.9333676E-03   1.7434991E-01  -4.6489061E-01  -1.3316859E-01  -7.6676473E-04   3.1241744E-03  -9.7897650E-04  -6.4225655E-04
  2.6311976E-05  -6.1805798E-05   2.4234242E-05   5.4343751E-04  -1.0887615E-04   1.0620393E-03   5.7751768E-04  -9.0121247E-06  -2.4668351E+01  -2.0228767E-01   2.4984689E+00   1.8463918E+00   4.3804255E+00   1.0137056E-01   1.5885612E-01  -5.0594351E-02  -3.5774623E+00  -3.5898366E-03  -1.3698715E-02   6.9517661E-03   5.0091489E-02   5.2164359E-04  -2.3339815E-04  -1.0196031E-04  -2.4506938E-04
  1.1105250E-06  -2.0621996E-06   9.0002334E-07   3.4786646E-05  -5.8595980E-06   1.0286841E-04   6.7908852E-05   2.1637410E-06  -8.5761776E-01  -1.3975280E-02   3.5455807E-01  -4.8302948E-02   1.0137056E-01   1.6971490E-02  -1.7128066E-02   1.2507089E-02  -1.0327143E-01  -3.7186290E-04  -1.7175197E-03  -2.9386544E-03   4.7479666E-03   2.1941324E-05  -4.0952821E-05   2.8393745E-05   1.5127576E-05
 -1.6591818E-06   6.9972698E-06   4.1405357E-07  -6.8677672E-05   8.8930138E-06  -1.9406484E-04  -1.1784850E-04  -9.8382423E-06  -8.8370377E-02   4.4813540E-01  -1.0825400E+00   7.5218521E-01   1.5885612E-01  -1.7128066E-02   6.9608661E-02   2.5013794E-03  -1.6748598E-01   8.8768953E-04   7.2003973E-03  -2.2630016E-04  -1.7699562E-02  -9.5299920E-06   1.0178709E-04  -4.6991314E-05  -2.8618713E-05
  1.5481310E-06  -4.4150495E-06   2.0506040E-06   3.5902729E-05  -1.3273777E-05   1.2068537E-04   6.8089392E-05   4.6366757E-06  -2.4334227E-01   8.7874536E-01   4.7560134E-01  -3.2180398E-01  -5.0594351E-02   1.2507089E-02   2.5013794E-03   8.3149036E-02   4.0479546E-02  -2.8420205E-04  -1.1411195E-04   1.1735704E-03   1.2773143E-04   1.7091535E-05  -1.4209693E-05   2.3645283E-05   2.5178198E-05
 -4.0549258E-05   1.0095240E-04  -2.3322779E-05  -1.4354405E-03   2.0088698E-04  -3.4300452E-03  -2.0796365E-03   1.5014819E-04   1.1063757E+01  -8.5935419E+00  -7.5162861E+00  -2.6485317E+00  -3.5774623E+00  -1.0327143E-01  -1.6748598E-01   4.0479546E-02   7.4878075E+00   4.5802714E-03   7.0468409E-03  -4.9440519E-03  -4.1581906E-02  -4.4132362E-04   3.1430793E-05  -2.3909040E-04  -3.9108859E-04
  8.1652176E-07  -9.4276315E-06   9.1266934E-07   2.8655892E-05  -1.0293152E-05   2.3179669E-05   3.5292499E-05   4.3520081E-06  -2.3663710E-01  -5.4170647E-02  -2.1435370E-02   1.9333676E-03  -3.5898366E-03  -3.7186290E-04   8.8768953E-04  -2.8420205E-04   4.5802714E-03   3.8726538E-02   2.6262012E-03   2.7886819E-04   1.2430358E-05   3.3294650E-05   2.2941240E-06  -1.6615688E-05  -1.1872921E-05
  4.6108622E-08  -8.1138696E-07   7.6966968E-07  -2.9996712E-05  -3.7299748E-06  -1.5937495E-04  -1.9759290E-05  -6.9865376E-07   3.4044335E-01  -2.3894149E-01  -3.3022336E-01   1.7434991E-01  -1.3698715E-02  -1.7175197E-03   7.2003973E-03  -1.1411195E-04   7.0468409E-03   2.6262012E-03   3.0902952E-02  -6.6192758E-04   5.1038769E-03  -8.1871057E-05  -3.4311971E-05  -7.8822103E-05  -7.7160558E-05
  6.5534297E-07  -2.0629742E-06   2.3245399E-07   1.9919708E-05  -3.3548469E-06   5.7391996E-05   3.1334353E-05   4.8984811E-06  -2.2085043E-01   6.5246050E-02   5.7921503E-01  -4.6489061E-01   6.9517661E-03  -2.9386544E-03  -2.2630016E-04   1.1735704E-03  -4.9440519E-03   2.7886819E-04  -6.6192758E-04   1.0968462E-02   8.7100295E-03   4.5605526E-06   6.2805033E-05   1.3859290E-06   1.4566393E-06
 -7.3798124E-09  -5.9049446E-07  -9.0925961E-08   1.0268797E-05  -4.7726785E-08  -1.3047420E-06  -1.1211817E-05  -3.0790992E-06  -2.2762568E-01   5.6944854E-02   8.8530932E-03  -1.3316859E-01   5.0091489E-02   4.7479666E-03  -1.7699562E-02   1.2773143E-04  -4.1581906E-02   1.2430358E-05   5.1038769E-03   8.7100295E-03   2.5991680E-02  -3.1747198E-06   5.6450068E-05  -1.1088428E-05  -6.1763580E-06
  4.1377177E-09  -1.4669673E-08   2.4273549E-09   3.2343330E-08  -1.3118864E-08   7.7392927E-07  -2.8644827E-07   3.3073586E-08   6.1110361E-03   8.7554086E-04   2.2789861E-03  -7.6676473E-04   5.2164359E-04   2.1941324E-05  -9.5299920E-06   1.7091535E-05  -4.4132362E-04   3.3294650E-05  -8.1871057E-05   4.5605526E-06  -3.1747198E-06   1.1241084E-06  -2.5281970E-08   3.3933192E-07   6.1337760E-07
 -4.3402251E-09   1.9890853E-08  -7.6121101E-09  -1.1884177E-07   6.6959029E-08  -5.0790154E-07  -2.7999550E-07  -1.3008961E-07   2.1793162E-03   6.7307373E-04  -7.7620814E-03   3.1241744E-03  -2.3339815E-04  -4.0952821E-05   1.0178709E-04  -1.4209693E-05   3.1430793E-05   2.2941240E-06  -3.4311971E-05   6.2805033E-05   5.6450068E-05  -2.5281970E-08   2.4488024E-06   1.1641331E-07  -7.3134059E-09
 -9.4261181E-08  -1.1578390E-07  -3.2144616E-08  -2.5798745E-06   2.4233735E-07  -5.9703315E-06  -1.3704616E-07  -4.8814133E-07   2.2604298E-03   1.7390440E-03   2.8698486E-03  -9.7897650E-04  -1.0196031E-04   2.8393745E-05  -4.6991314E-05   2.3645283E-05  -2.3909040E-04  -1.6615688E-05  -7.8822103E-05   1.3859290E-06  -1.1088428E-05   3.3933192E-07   1.1641331E-07   2.4056822E-05   7.9805081E-06
 -2.1557320E-07  -6.0097716E-07   6.4659769E-08  -1.5724210E-06  -3.1308589E-07  -2.7229783E-06  -1.7993793E-06  -2.2794913E-07   6.7759633E-03   4.6716203E-03   3.8996355E-03  -6.4225655E-04  -2.4506938E-04   1.5127576E-05  -2.8618713E-05   2.5178198E-05  -3.9108859E-04  -1.1872921E-05  -7.7160558E-05   1.4566393E-06  -6.1763580E-06   6.1337760E-07  -7.3134059E-09   7.9805081E-06   2.3518471E-05
