# omegabh2 omegach2 theta tau w wa logA ns calPlanck aps100 aps143 aps217 acib217 asz143 psr cibr xi aksz dust100 dust143 dust217 dust143x217 cal0 cal2
  3.8590464E-08  -8.0840432E-08   2.8025130E-08   2.7367060E-07  -5.3741987E-07   9.6349487E-06   5.4532946E-07   3.1676716E-07   3.4197745E-08  -6.7443907E-04  -4.7649884E-04   9.5415061E-05  -1.8148810E-04   3.0655551E-05   1.4850353E-06  -4.0231550E-06   7.0339215E-07  -4.7649797E-05  -5.6266190E-07  -5.6110235E-07   6.2663767E-07   7.8434067E-08   3.4089338E-09  -1.5494962E-08
 -8.0840432E-08   1.7029852E-06  -1.1730727E-07  -3.7008963E-06   1.0252402E-05  -1.4449639E-04  -4.5541247E-06  -3.6687439E-06  -4.9544501E-07  -2.8416667E-04   6.3651555E-04  -2.0112052E-04   2.6537287E-04   1.2602815E-05  -2.2306196E-06   9.3278091E-06  -5.0941238E-06   4.8039246E-05  -4.9382507E-07   6.9081050E-06  -1.4284527E-06   1.9443860E-06  -9.1539289E-08  -2.1787453E-08
  2.8025130E-08  -1.1730727E-07   1.9339528E-07   4.6126022E-07  -2.2200635E-06   2.4817676E-05   8.9958645E-07   5.1434164E-07   1.6723745E-08   7.5664221E-05  -1.0002774E-04  -9.6799966E-05  -2.0943330E-05  -1.2426058E-05  -3.0999900E-07  -5.1973004E-07   6.6027167E-07   6.0553461E-06  -2.0580500E-06  -1.7426209E-06   9.7044274E-08  -8.5620913E-07   6.3713802E-09   5.8220398E-09
  2.7367060E-07  -3.7008963E-06   4.6126022E-07   4.2705970E-05  -4.7609357E-05   4.6460161E-04   7.7223386E-05   1.0352187E-05   4.2356302E-07  -4.8129706E-03  -4.9501574E-03   5.1879961E-04  -2.1986413E-03   1.9683713E-05  -1.0231433E-05  -2.2036248E-05   8.6340613E-06   9.0503594E-05  -3.4252888E-06  -3.6224434E-06   1.6039605E-05  -7.1790998E-06  -3.2874509E-08  -7.5518485E-08
 -5.3741987E-07   1.0252402E-05  -2.2200635E-06  -4.7609357E-05   6.4304349E-03  -2.2409604E-02  -8.2261526E-05  -2.3344065E-05  -4.0333575E-06  -3.0290579E-03  -3.7467867E-03   6.3863829E-03  -8.5543078E-03  -1.6039676E-03  -8.1384604E-05  -8.4587155E-05  -2.1625382E-04   2.7042987E-03  -1.0266252E-04   5.8534351E-05   2.2460649E-06  -2.0249744E-04  -2.2075903E-07  -1.2228822E-06
  9.6349487E-06  -1.4449639E-04   2.4817676E-05   4.6460161E-04  -2.2409604E-02   9.6750644E-02   7.2819727E-04   3.2768388E-04   4.9526553E-05   7.4830202E-03  -3.6041863E-02   9.0853654E-03  -3.8872464E-03   5.8990552E-03   3.1270640E-04  -6.2037264E-04   1.0983912E-03  -1.4162005E-02   3.1746523E-04  -7.6453231E-04   1.3358782E-04   5.9609050E-04   8.0493060E-06   1.0035531E-06
  5.4532946E-07  -4.5541247E-06   8.9958645E-07   7.7223386E-05  -8.2261526E-05   7.2819727E-04   1.6990327E-04   1.3230881E-05   1.1754882E-05  -5.2651803E-03  -8.2008567E-03   7.2399507E-03  -4.8448082E-03   2.7039604E-04  -4.2616966E-07  -6.7369496E-05   1.4869126E-05  -6.5879777E-04  -2.7899610E-05  -9.0132349E-05   4.1900762E-05  -3.6435545E-05   4.3951383E-07  -4.0150867E-07
  3.1676716E-07  -3.6687439E-06   5.1434164E-07   1.0352187E-05  -2.3344065E-05   3.2768388E-04   1.3230881E-05   1.9039540E-05   1.1418269E-06  -2.3243659E-02  -8.2839331E-03   9.5505299E-03  -6.5951662E-03   5.4309410E-04   6.5056994E-05  -1.2607566E-04   6.7261762E-05  -2.1820991E-03   1.1201608E-05  -3.9905172E-05   2.9024168E-05  -1.6952115E-05  -2.2611091E-07  -3.8242728E-07
  3.4197745E-08  -4.9544501E-07   1.6723745E-08   4.2356302E-07  -4.0333575E-06   4.9526553E-05   1.1754882E-05   1.1418269E-06   6.0795619E-06   3.5054872E-03   1.4060381E-04   9.8048916E-04   6.2646201E-04   3.6152689E-05  -3.2613961E-06   7.7123770E-06  -1.0044826E-05  -1.2422674E-05  -1.1258960E-06   1.1585476E-06   1.9052809E-06  -7.9316370E-06   2.3923096E-08  -9.5957683E-08
 -6.7443907E-04  -2.8416667E-04   7.5664221E-05  -4.8129706E-03  -3.0290579E-03   7.4830202E-03  -5.2651803E-03  -2.3243659E-02   3.5054872E-03   6.1667607E+02   6.7379212E+01  -6.5111078E+01   3.6185673E+01  -2.4951627E+01  -8.7182882E-01   1.0546828E-01  -1.1062119E-01   1.0057920E+01  -2.5445630E-01   2.9148595E-01  -2.3173758E-01  -1.9801304E-01   6.5858240E-03   3.7692172E-03
 -4.7649884E-04   6.3651555E-04  -1.0002774E-04  -4.9501574E-03  -3.7467867E-03  -3.6041863E-02  -8.2008567E-03  -8.2839331E-03   1.4060381E-04   6.7379212E+01   6.8559482E+01   8.1131256E+00   7.1135161E+00  -8.0497920E-01  -3.6021343E-02   4.7524609E-01   8.5594549E-01  -7.9264332E+00  -1.9649995E-02  -1.9156412E-01   6.6257463E-02   7.1882831E-02   8.7885876E-04   1.0490092E-03
  9.5415061E-05  -2.0112052E-04  -9.6799966E-05   5.1879961E-04   6.3863829E-03   9.0853654E-03   7.2399507E-03   9.5505299E-03   9.8048916E-04  -6.5111078E+01   8.1131256E+00   1.7535239E+02  -8.3216190E+01   2.8430967E+00   3.4736252E-01  -1.0337043E+00   3.0531208E-01  -7.2554549E+00  -7.0585011E-03  -2.6349829E-01   5.4706235E-01   1.6109719E-02   1.4532707E-03  -7.9313324E-03
 -1.8148810E-04   2.6537287E-04  -2.0943330E-05  -2.1986413E-03  -8.5543078E-03  -3.8872464E-03  -4.8448082E-03  -6.5951662E-03   6.2646201E-04   3.6185673E+01   7.1135161E+00  -8.3216190E+01   5.2082942E+01   1.4218747E+00  -6.0515715E-02   7.2920165E-01  -2.5331552E-01  -2.6841438E+00   7.1933991E-03   1.7358887E-01  -4.4742922E-01  -1.3338835E-01  -5.0480009E-04   3.2093187E-03
  3.0655551E-05   1.2602815E-05  -1.2426058E-05   1.9683713E-05  -1.6039676E-03   5.8990552E-03   2.7039604E-04   5.4309410E-04   3.6152689E-05  -2.4951627E+01  -8.0497920E-01   2.8430967E+00   1.4218747E+00   4.2606658E+00   9.8923467E-02   1.4261694E-01  -4.6957242E-02  -3.4626997E+00  -3.6314876E-03  -1.2879166E-03   9.3591959E-03   4.9723132E-02   4.2478033E-04  -2.7203367E-04
  1.4850353E-06  -2.2306196E-06  -3.0999900E-07  -1.0231433E-05  -8.1384604E-05   3.1270640E-04  -4.2616966E-07   6.5056994E-05  -3.2613961E-06  -8.7182882E-01  -3.6021343E-02   3.4736252E-01  -6.0515715E-02   9.8923467E-02   1.5731540E-02  -1.6170763E-02   1.1079620E-02  -9.6569977E-02  -3.7124849E-04  -1.6743419E-03  -2.5341905E-03   4.8488444E-03   1.8311114E-05  -3.8808171E-05
 -4.0231550E-06   9.3278091E-06  -5.1973004E-07  -2.2036248E-05  -8.4587155E-05  -6.2037264E-04  -6.7369496E-05  -1.2607566E-04   7.7123770E-06   1.0546828E-01   4.7524609E-01  -1.0337043E+00   7.2920165E-01   1.4261694E-01  -1.6170763E-02   6.6219892E-02   5.3806982E-03  -1.5217475E-01   1.8277757E-04   7.8658272E-03  -3.0663786E-04  -1.8153341E-02  -7.7582702E-06   9.7029145E-05
  7.0339215E-07  -5.0941238E-06   6.6027167E-07   8.6340613E-06  -2.1625382E-04   1.0983912E-03   1.4869126E-05   6.7261762E-05  -1.0044826E-05  -1.1062119E-01   8.5594549E-01   3.0531208E-01  -2.5331552E-01  -4.6957242E-02   1.1079620E-02   5.3806982E-03   8.1983088E-02   5.8043615E-02  -1.2465403E-04   1.4120351E-04   1.3631738E-03  -4.6959108E-05   1.9043301E-05   4.7427260E-06
 -4.7649797E-05   4.8039246E-05   6.0553461E-06   9.0503594E-05   2.7042987E-03  -1.4162005E-02  -6.5879777E-04  -2.1820991E-03  -1.2422674E-05   1.0057920E+01  -7.9264332E+00  -7.2554549E+00  -2.6841438E+00  -3.4626997E+00  -9.6569977E-02  -1.5217475E-01   5.8043615E-02   7.4716980E+00   6.3039920E-04  -1.4415074E-02  -2.2767156E-03  -4.6823165E-02  -2.8598084E-04   1.2999907E-04
 -5.6266190E-07  -4.9382507E-07  -2.0580500E-06  -3.4252888E-06  -1.0266252E-04   3.1746523E-04  -2.7899610E-05   1.1201608E-05  -1.1258960E-06  -2.5445630E-01  -1.9649995E-02  -7.0585011E-03   7.1933991E-03  -3.6314876E-03  -3.7124849E-04   1.8277757E-04  -1.2465403E-04   6.3039920E-04   3.8182950E-02   2.5006986E-03  -7.3304417E-05   4.9228205E-04   3.6308039E-05  -5.6379732E-06
 -5.6110235E-07   6.9081050E-06  -1.7426209E-06  -3.6224434E-06   5.8534351E-05  -7.6453231E-04  -9.0132349E-05  -3.9905172E-05   1.1585476E-06   2.9148595E-01  -1.9156412E-01  -2.6349829E-01   1.7358887E-01  -1.2879166E-03  -1.6743419E-03   7.8658272E-03   1.4120351E-04  -1.4415074E-02   2.5006986E-03   3.0871517E-02  -6.1119018E-04   5.1807633E-03  -8.2261627E-05  -4.0233125E-05
  6.2663767E-07  -1.4284527E-06   9.7044274E-08   1.6039605E-05   2.2460649E-06   1.3358782E-04   4.1900762E-05   2.9024168E-05   1.9052809E-06  -2.3173758E-01   6.6257463E-02   5.4706235E-01  -4.4742922E-01   9.3591959E-03  -2.5341905E-03  -3.0663786E-04   1.3631738E-03  -2.2767156E-03  -7.3304417E-05  -6.1119018E-04   1.0698853E-02   8.8019472E-03   2.7965302E-06   6.3500226E-05
  7.8434067E-08   1.9443860E-06  -8.5620913E-07  -7.1790998E-06  -2.0249744E-04   5.9609050E-04  -3.6435545E-05  -1.6952115E-05  -7.9316370E-06  -1.9801304E-01   7.1882831E-02   1.6109719E-02  -1.3338835E-01   4.9723132E-02   4.8488444E-03  -1.8153341E-02  -4.6959108E-05  -4.6823165E-02   4.9228205E-04   5.1807633E-03   8.8019472E-03   2.6870629E-02  -5.8751927E-06   5.9974331E-05
  3.4089338E-09  -9.1539289E-08   6.3713802E-09  -3.2874509E-08  -2.2075903E-07   8.0493060E-06   4.3951383E-07  -2.2611091E-07   2.3923096E-08   6.5858240E-03   8.7885876E-04   1.4532707E-03  -5.0480009E-04   4.2478033E-04   1.8311114E-05  -7.7582702E-06   1.9043301E-05  -2.8598084E-04   3.6308039E-05  -8.2261627E-05   2.7965302E-06  -5.8751927E-06   1.1274199E-06   3.3365589E-08
 -1.5494962E-08  -2.1787453E-08   5.8220398E-09  -7.5518485E-08  -1.2228822E-06   1.0035531E-06  -4.0150867E-07  -3.8242728E-07  -9.5957683E-08   3.7692172E-03   1.0490092E-03  -7.9313324E-03   3.2093187E-03  -2.7203367E-04  -3.8808171E-05   9.7029145E-05   4.7427260E-06   1.2999907E-04  -5.6379732E-06  -4.0233125E-05   6.3500226E-05   5.9974331E-05   3.3365589E-08   2.4949897E-06
