# logA ns ombh2 omch2 omk tau theta_MC_100 A_planck amp_143 amp_217 amp_143x217 n_143 n_217 n_143x217
2.762079577451601368e-04 -8.305221428937916965e-06 -1.639394176458465555e-07 5.260307007451065334e-06 1.041381547372803058e-04 1.191928552484087888e-04 -2.723916908652159474e-07 1.169284802386033933e-05 -1.446502856762929817e-03 -1.467211387732565838e-03 -1.642564173822135291e-03 2.159695070061768069e-04 3.728405753878436956e-04 8.224836572803183267e-04
-8.305221428937916965e-06 4.120413978733987318e-05 1.125630171139593081e-06 -1.180197663344467121e-05 -7.186648948135382505e-05 9.078763142109152613e-06 1.572697134266609100e-06 2.541848921817172882e-07 -9.001830313755291441e-03 -8.595765089435046177e-03 -8.814270521710635548e-03 -3.861350129113829701e-05 1.125246971377700817e-03 2.246624797258965460e-03
-1.639394176458465555e-07 1.125630171139593081e-06 6.703387064342604747e-08 -3.613025159030280756e-07 -3.194680520576413276e-06 2.296470852280379807e-07 6.283335405106187699e-08 1.708399274008625970e-08 -3.378058325480091527e-04 -3.237711194186468334e-04 -3.306194922160534929e-04 -7.657042038627878360e-06 3.543813846275313295e-05 7.158874366981682802e-05
5.260307007451065334e-06 -1.180197663344467121e-05 -3.613025159030280756e-07 4.662792248948503577e-06 2.287486971243003902e-05 -2.525988819049273845e-06 -5.158841754853807841e-07 -6.343722382115238741e-08 1.638978664990973447e-03 1.585977157795892805e-03 1.614994031664335888e-03 3.819300630316556166e-05 -1.610258597881711307e-04 -3.337407330799041397e-04
1.041381547372803058e-04 -7.186648948135382505e-05 -3.194680520576413276e-06 2.287486971243003902e-05 4.545605499221191926e-04 2.798057371430196340e-05 -3.421099603701220134e-06 3.096226916412622268e-06 2.436372538065260593e-02 2.345719511139658653e-02 2.398359476292274278e-02 2.383029365810839515e-04 -2.680651399522916960e-03 -5.630524121136411264e-03
1.191928552484087888e-04 9.078763142109152613e-06 2.296470852280379807e-07 -2.525988819049273845e-06 2.798057371430196340e-05 6.278825534376586198e-05 3.325356571439291690e-07 -3.040256129005731397e-08 -1.587904248863756433e-03 -1.544275631251584542e-03 -1.568695682211097451e-03 -1.248920936744826454e-07 1.854061431467761097e-04 4.259194239363036229e-04
-2.723916908652159474e-07 1.572697134266609100e-06 6.283335405106187699e-08 -5.158841754853807841e-07 -3.421099603701220134e-06 3.325356571439291690e-07 2.104669896676578795e-07 7.880864202208925558e-09 -2.392926772953457831e-04 -2.305982877380362414e-04 -2.339598680008592863e-04 -5.227551107919196264e-06 2.194313731771418237e-05 5.021979790497971291e-05
1.169284802386033933e-05 2.541848921817172882e-07 1.708399274008625970e-08 -6.343722382115238741e-08 3.096226916412622268e-06 -3.040256129005731397e-08 7.880864202208925558e-09 5.951740021345369564e-06 5.961921695304279041e-05 1.967533715781988926e-05 -3.472789063521608489e-05 -1.979550612294202558e-06 7.059007921011926145e-06 -1.937563250565556804e-05
-1.446502856762929817e-03 -9.001830313755291441e-03 -3.378058325480091527e-04 1.638978664990973447e-03 2.436372538065260593e-02 -1.587904248863756433e-03 -2.392926772953457831e-04 5.961921695304279041e-05 5.317872969536218797e+00 4.561075415155581680e+00 4.871360879982594483e+00 -7.447570646991877319e-02 -7.572737198862002916e-01 -1.542573492269209812e+00
-1.467211387732565405e-03 -8.595765089435046177e-03 -3.237711194186468334e-04 1.585977157795892805e-03 2.345719511139658653e-02 -1.544275631251584542e-03 -2.305982877380362414e-04 1.967533715781987909e-05 4.561075415155580792e+00 4.825317197045161599e+00 4.696804047807448868e+00 -1.263551208703393158e-01 -8.057414649243935800e-01 -1.556687714230897912e+00
-1.642564173822135508e-03 -8.814270521710635548e-03 -3.306194922160534929e-04 1.614994031664335888e-03 2.398359476292274278e-02 -1.568695682211097451e-03 -2.339598680008592863e-04 -3.472789063521608489e-05 4.871360879982594483e+00 4.696804047807448868e+00 4.909432689420926366e+00 -1.343660430151519258e-01 -7.960731138512600058e-01 -1.574564288033240889e+00
2.159695070061768340e-04 -3.861350129113829701e-05 -7.657042038627878360e-06 3.819300630316555488e-05 2.383029365810839786e-04 -1.248920936744814808e-07 -5.227551107919196264e-06 -1.979550612294204252e-06 -7.447570646991877319e-02 -1.263551208703393158e-01 -1.343660430151519536e-01 5.861639150138288346e-02 2.659912441942669306e-02 9.337060822927092940e-02
3.728405753878436956e-04 1.125246971377700817e-03 3.543813846275313295e-05 -1.610258597881711036e-04 -2.680651399522916960e-03 1.854061431467761097e-04 2.194313731771418237e-05 7.059007921011924451e-06 -7.572737198862002916e-01 -8.057414649243935800e-01 -7.960731138512600058e-01 2.659912441942668612e-02 2.113454050754700331e-01 3.451556914310657254e-01
8.224836572803183267e-04 2.246624797258965026e-03 7.158874366981682802e-05 -3.337407330799041397e-04 -5.630524121136411264e-03 4.259194239363036229e-04 5.021979790497971291e-05 -1.937563250565556804e-05 -1.542573492269209812e+00 -1.556687714230897912e+00 -1.574564288033240889e+00 9.337060822927092940e-02 3.451556914310657254e-01 8.355239849515450068e-01
