# omegabh2 omegach2 theta tau logA ns nrun calPlanck aps100 aps143 aps217 acib217 asz143 psr cibr xi aksz dust100 dust143 dust217 dust143x217 cal0 cal2 calTE calEE
  2.3298379E-08  -4.1678045E-08   1.1175367E-08   2.4633852E-07   5.7095605E-07   1.2357719E-07  -2.6505906E-07   2.8192424E-08  -1.7731170E-04  -1.7840082E-04   9.9876208E-06  -6.8113752E-05   1.0607791E-05   1.8478542E-07  -7.8256558E-07   3.8867615E-07  -9.9840503E-06   3.1359522E-07  -2.6505050E-07   7.1507641E-07   5.4016380E-08   5.0483049E-09   3.6754034E-09  -1.1764331E-07  -2.7767644E-07
 -4.1678045E-08   8.6553088E-07  -4.5499629E-08  -1.7586696E-06  -1.7417102E-06  -2.0322755E-06  -5.7345179E-07  -1.6391818E-07   7.1036644E-04   6.0159090E-04  -6.0941468E-04   4.7480180E-04  -6.1733912E-05  -3.0267314E-06   6.6209162E-06  -7.7763950E-07   9.0946034E-05  -2.5581218E-07   7.0141943E-06  -3.3382733E-06   6.3462329E-07  -5.1476236E-08   1.7012424E-08  -2.3017205E-07  -4.7085511E-07
  1.1175367E-08  -4.5499629E-08   8.5518092E-08   1.7456943E-07   3.7206207E-07   2.3235344E-07   1.5751687E-08   2.1923668E-08  -6.5992276E-05  -3.7750887E-05   5.8871560E-05  -3.9565557E-05   2.8519512E-06  -5.3754566E-07   1.1953417E-06   9.0549438E-07  -8.1181251E-06   3.5067463E-08   5.3596342E-07   5.9935383E-07  -9.5133540E-07  -4.9240439E-09   5.3398134E-09  -3.7075135E-08   1.9787163E-09
  2.4633852E-07  -1.7586696E-06   1.7456943E-07   4.5279146E-05   8.5111421E-05   4.9727577E-06  -8.4988075E-06  -1.2218458E-06  -2.1717871E-03  -1.2033572E-03  -8.8415062E-04  -4.0896341E-04  -5.1006663E-05  -6.3613704E-06  -1.1293298E-05  -1.4910846E-05   1.7579840E-04   4.5779615E-06   3.1408675E-05   1.2492733E-05   2.9784589E-05  -1.3642238E-07   1.2380295E-07  -3.3600848E-06  -2.3066268E-06
  5.7095605E-07  -1.7417102E-06   3.7206207E-07   8.5111421E-05   1.9304429E-04   2.1464242E-06  -2.9147262E-05   9.3043485E-06   1.5445111E-02   5.2884106E-03   9.7387387E-04   1.9997480E-03  -4.4529727E-04  -3.0901930E-05   2.7934545E-05  -2.3444890E-05   3.4301187E-04   2.0453540E-05  -1.6706042E-05   2.1191410E-05   2.6320512E-05   4.4060919E-07   4.6375263E-07  -8.2299082E-06  -3.9074891E-06
  1.2357719E-07  -2.0322755E-06   2.3235344E-07   4.9727577E-06   2.1464242E-06   1.6184673E-05   9.0306304E-06   3.3632869E-07  -2.9815999E-02  -9.7200767E-03   1.0878532E-02  -7.8335276E-03   9.5638774E-04   8.6101303E-05  -1.3224386E-04   6.2360938E-05  -2.6772759E-03   1.7352006E-05  -4.1230956E-05   5.1044552E-05  -1.3722907E-06  -2.9649226E-07  -2.7679154E-07   8.3886964E-07  -2.5404375E-06
 -2.6505906E-07  -5.7345179E-07   1.5751687E-08  -8.4988075E-06  -2.9147262E-05   9.0306304E-06   4.3270543E-05  -6.9532078E-07  -3.2999977E-02  -1.4821295E-02   1.1880342E-02  -9.9220364E-03   1.1967770E-03   1.1756654E-04  -2.1827346E-04   8.1814814E-05  -3.1182858E-03  -3.2888830E-05  -2.5332952E-05   4.9380257E-05   1.0140644E-05  -3.2641363E-07  -7.4553734E-07   3.5176610E-06   1.2706794E-06
  2.8192424E-08  -1.6391818E-07   2.1923668E-08  -1.2218458E-06   9.3043485E-06   3.3632869E-07  -6.9532078E-07   6.0109751E-06   5.7884063E-03   1.2929417E-03   9.7330951E-04   8.2539041E-04  -3.2093774E-06  -6.7556815E-06   2.0872589E-05  -2.6298052E-06  -5.2429346E-05   9.5283448E-06  -3.8905881E-06   5.7977703E-06  -5.1554983E-06   6.3625194E-08   3.9537945E-08  -3.3540746E-07  -2.0061222E-07
 -1.7731170E-04   7.1036644E-04  -6.5992276E-05  -2.1717871E-03   1.5445111E-02  -2.9815999E-02  -3.2999977E-02   5.7884063E-03   6.2629547E+02   7.0979769E+01  -6.4154081E+01   3.8973359E+01  -2.4568338E+01  -9.3373881E-01   1.7631680E-01  -2.3841457E-01   1.2330029E+01  -1.8043878E-01   2.3394074E-01  -2.9437273E-01  -2.4114141E-01   6.8842808E-03   3.3003173E-03  -2.2147839E-03   7.2782844E-03
 -1.7840082E-04   6.0159090E-04  -3.7750887E-05  -1.2033572E-03   5.2884106E-03  -9.7200767E-03  -1.4821295E-02   1.2929417E-03   7.0979769E+01   7.2647657E+01   6.9501455E+00   9.0677796E+00  -1.0627320E+00  -5.3915629E-02   5.2785581E-01   8.9771827E-01  -7.2610988E+00  -6.6348787E-04  -2.4428880E-01   3.6356721E-02   3.2366193E-02   8.0177264E-04   9.0595278E-04  -3.8811795E-05   5.2508723E-03
  9.9876208E-06  -6.0941468E-04   5.8871560E-05  -8.8415062E-04   9.7387387E-04   1.0878532E-02   1.1880342E-02   9.7330951E-04  -6.4154081E+01   6.9501455E+00   1.7907809E+02  -8.4577201E+01   2.6295818E+00   4.0662393E-01  -1.1587599E+00   3.9116793E-01  -7.5746811E+00   2.4890582E-02  -2.9396596E-01   5.4152760E-01  -1.9917161E-02   1.4762871E-03  -7.9316618E-03   3.9517428E-03   4.7030624E-03
 -6.8113752E-05   4.7480180E-04  -3.9565557E-05  -4.0896341E-04   1.9997480E-03  -7.8335276E-03  -9.9220364E-03   8.2539041E-04   3.8973359E+01   9.0677796E+00  -8.4577201E+01   5.2493485E+01   1.3662289E+00  -8.4287710E-02   7.6540205E-01  -2.7268825E-01  -1.9751424E+00  -5.3835510E-05   1.6263321E-01  -4.4152467E-01  -1.0348417E-01  -4.6293581E-04   3.2466689E-03  -1.9949291E-03  -6.0288887E-04
  1.0607791E-05  -6.1733912E-05   2.8519512E-06  -5.1006663E-05  -4.4529727E-04   9.5638774E-04   1.1967770E-03  -3.2093774E-06  -2.4568338E+01  -1.0627320E+00   2.6295818E+00   1.3662289E+00   4.2873959E+00   1.0504810E-01   1.3456630E-01  -4.9618284E-02  -3.5071114E+00  -9.8451086E-03  -1.1855418E-02   1.2462691E-02   5.6080366E-02   4.7146436E-04  -1.8320837E-04   7.0880249E-05  -1.9375559E-04
  1.8478542E-07  -3.0267314E-06  -5.3754566E-07  -6.3613704E-06  -3.0901930E-05   8.6101303E-05   1.1756654E-04  -6.7556815E-06  -9.3373881E-01  -5.3915629E-02   4.0662393E-01  -8.4287710E-02   1.0504810E-01   1.6984332E-02  -1.7981787E-02   1.1777202E-02  -1.0850591E-01   2.3995152E-04  -1.4531961E-03  -2.5310033E-03   5.2043705E-03   1.5748148E-05  -4.1640129E-05   3.5095299E-05   2.2884388E-06
 -7.8256558E-07   6.6209162E-06   1.1953417E-06  -1.1293298E-05   2.7934545E-05  -1.3224386E-04  -2.1827346E-04   2.0872589E-05   1.7631680E-01   5.2785581E-01  -1.1587599E+00   7.6540205E-01   1.3456630E-01  -1.7981787E-02   6.7762834E-02   3.1459020E-03  -1.3445034E-01  -1.8033407E-04   6.8244139E-03  -1.6051088E-04  -1.6858698E-02  -5.3231886E-06   1.0126031E-04  -6.7600935E-05  -1.5519065E-05
  3.8867615E-07  -7.7763950E-07   9.0549438E-07  -1.4910846E-05  -2.3444890E-05   6.2360938E-05   8.1814814E-05  -2.6298052E-06  -2.3841457E-01   8.9771827E-01   3.9116793E-01  -2.7268825E-01  -4.9618284E-02   1.1777202E-02   3.1459020E-03   8.0838488E-02   3.2157670E-02   5.9469753E-04   1.0902581E-03   8.7291984E-04   5.5839189E-04   7.6686751E-06  -1.4965742E-05   1.8211823E-05  -4.1568616E-06
 -9.9840503E-06   9.0946034E-05  -8.1181251E-06   1.7579840E-04   3.4301187E-04  -2.6772759E-03  -3.1182858E-03  -5.2429346E-05   1.2330029E+01  -7.2610988E+00  -7.5746811E+00  -1.9751424E+00  -3.5071114E+00  -1.0850591E-01  -1.3445034E-01   3.2157670E-02   7.2700688E+00  -8.8196947E-04   9.3108848E-03  -8.0943280E-03  -4.5059221E-02  -3.0485859E-04   4.9120837E-05  -2.9545108E-04  -2.7967386E-04
  3.1359522E-07  -2.5581218E-07   3.5067463E-08   4.5779615E-06   2.0453540E-05   1.7352006E-05  -3.2888830E-05   9.5283448E-06  -1.8043878E-01  -6.6348787E-04   2.4890582E-02  -5.3835510E-05  -9.8451086E-03   2.3995152E-04  -1.8033407E-04   5.9469753E-04  -8.8196947E-04   3.7578058E-02   2.9921542E-03  -5.6918369E-04  -3.0340513E-04   3.6250986E-05  -1.5154915E-05  -6.4660064E-06   1.3240944E-08
 -2.6505050E-07   7.0141943E-06   5.3596342E-07   3.1408675E-05  -1.6706042E-05  -4.1230956E-05  -2.5332952E-05  -3.8905881E-06   2.3394074E-01  -2.4428880E-01  -2.9396596E-01   1.6263321E-01  -1.1855418E-02  -1.4531961E-03   6.8244139E-03   1.0902581E-03   9.3108848E-03   2.9921542E-03   3.2132050E-02  -8.7487201E-04   5.2801802E-03  -8.5888342E-05  -4.4006938E-05  -9.8223859E-05  -9.3580510E-05
  7.1507641E-07  -3.3382733E-06   5.9935383E-07   1.2492733E-05   2.1191410E-05   5.1044552E-05   4.9380257E-05   5.7977703E-06  -2.9437273E-01   3.6356721E-02   5.4152760E-01  -4.4152467E-01   1.2462691E-02  -2.5310033E-03  -1.6051088E-04   8.7291984E-04  -8.0943280E-03  -5.6918369E-04  -8.7487201E-04   1.0550145E-02   8.2168803E-03   3.5455097E-06   6.5111669E-05   7.1447605E-06  -1.6577032E-06
  5.4016380E-08   6.3462329E-07  -9.5133540E-07   2.9784589E-05   2.6320512E-05  -1.3722907E-06   1.0140644E-05  -5.1554983E-06  -2.4114141E-01   3.2366193E-02  -1.9917161E-02  -1.0348417E-01   5.6080366E-02   5.2043705E-03  -1.6858698E-02   5.5839189E-04  -4.5059221E-02  -3.0340513E-04   5.2801802E-03   8.2168803E-03   2.5253376E-02  -4.8913552E-06   6.0927587E-05  -2.2473393E-05  -2.2258301E-05
  5.0483049E-09  -5.1476236E-08  -4.9240439E-09  -1.3642238E-07   4.4060919E-07  -2.9649226E-07  -3.2641363E-07   6.3625194E-08   6.8842808E-03   8.0177264E-04   1.4762871E-03  -4.6293581E-04   4.7146436E-04   1.5748148E-05  -5.3231886E-06   7.6686751E-06  -3.0485859E-04   3.6250986E-05  -8.5888342E-05   3.5455097E-06  -4.8913552E-06   1.1360523E-06   5.0445111E-08   3.8412262E-07   6.2687028E-07
  3.6754034E-09   1.7012424E-08   5.3398134E-09   1.2380295E-07   4.6375263E-07  -2.7679154E-07  -7.4553734E-07   3.9537945E-08   3.3003173E-03   9.0595278E-04  -7.9316618E-03   3.2466689E-03  -1.8320837E-04  -4.1640129E-05   1.0126031E-04  -1.4965742E-05   4.9120837E-05  -1.5154915E-05  -4.4006938E-05   6.5111669E-05   6.0927587E-05   5.0445111E-08   2.5281641E-06   7.4131350E-08  -7.7860886E-08
 -1.1764331E-07  -2.3017205E-07  -3.7075135E-08  -3.3600848E-06  -8.2299082E-06   8.3886964E-07   3.5176610E-06  -3.3540746E-07  -2.2147839E-03  -3.8811795E-05   3.9517428E-03  -1.9949291E-03   7.0880249E-05   3.5095299E-05  -6.7600935E-05   1.8211823E-05  -2.9545108E-04  -6.4660064E-06  -9.8223859E-05   7.1447605E-06  -2.2473393E-05   3.8412262E-07   7.4131350E-08   2.4238306E-05   7.6827392E-06
 -2.7767644E-07  -4.7085511E-07   1.9787163E-09  -2.3066268E-06  -3.9074891E-06  -2.5404375E-06   1.2706794E-06  -2.0061222E-07   7.2782844E-03   5.2508723E-03   4.7030624E-03  -6.0288887E-04  -1.9375559E-04   2.2884388E-06  -1.5519065E-05  -4.1568616E-06  -2.7967386E-04   1.3240944E-08  -9.3580510E-05  -1.6577032E-06  -2.2258301E-05   6.2687028E-07  -7.7860886E-08   7.6827392E-06   2.4002687E-05
