# omegabh2 omegach2 theta tau mnu logA ns calPlanck acib217 xi asz143 aps100 aps143 aps143217 aps217 aksz kgal100 kgal143 kgal143217 kgal217 cal0 cal2
    0.4082229E-07   -0.1053560E-06    0.2749602E-07    0.1188695E-05    0.2911704E-05    0.2245929E-05    0.4078867E-06    0.1333662E-07   -0.1779365E-03    0.2887845E-05    0.5395656E-04   -0.8206938E-03   -0.4539988E-03   -0.1030698E-03    0.2400152E-04   -0.6649478E-04    0.3340878E-05   -0.2619558E-05   -0.5871361E-05    0.3645557E-04    0.1901415E-08   -0.1546898E-07
   -0.1053560E-06    0.1869339E-05   -0.9105938E-07   -0.1523363E-04   -0.4552833E-04   -0.2630834E-04   -0.4562794E-05   -0.2316169E-06    0.4789902E-03   -0.1140143E-04   -0.1121436E-03    0.1689154E-02    0.9518771E-03    0.5539070E-04   -0.2950741E-03    0.2311708E-03    0.4890757E-04    0.2864147E-04    0.5783420E-04   -0.7488983E-04   -0.5345753E-08    0.5108737E-07
    0.2749602E-07   -0.9105938E-07    0.1652868E-06    0.1776153E-05    0.2946846E-05    0.3551737E-05    0.4770783E-06    0.2326961E-07   -0.3583118E-04    0.2286808E-05    0.7807529E-05   -0.1451214E-03   -0.1494709E-03   -0.6424603E-04   -0.4925225E-04   -0.1912364E-05   -0.7394689E-05   -0.1162182E-04   -0.1528923E-04   -0.6566704E-06   -0.3853571E-09    0.3002034E-09
    0.1188695E-05   -0.1523363E-04    0.1776153E-05    0.2783433E-03    0.7496062E-03    0.5128149E-03    0.4749801E-04   -0.1464244E-05   -0.8128461E-02    0.1859740E-03    0.1974222E-02   -0.3831864E-01   -0.1598688E-01   -0.1455182E-02    0.3200860E-02   -0.3112857E-02   -0.1457359E-03   -0.5037719E-03   -0.8576447E-03    0.6307842E-03   -0.2523384E-06   -0.7158092E-06
    0.2911704E-05   -0.4552833E-04    0.2946846E-05    0.7496062E-03    0.5180680E-02    0.1406113E-02    0.1247345E-03    0.1330716E-04   -0.1796902E-01    0.5150090E-03    0.5099204E-02   -0.9089259E-01   -0.2846643E-01    0.1308863E-01    0.2389030E-01   -0.9678524E-02   -0.1705578E-02   -0.4871381E-02   -0.3863559E-02    0.5096308E-02    0.2971659E-06    0.2803761E-06
    0.2245929E-05   -0.2630834E-04    0.3551737E-05    0.5128149E-03    0.1406113E-02    0.9742088E-03    0.8320006E-04    0.8340966E-05   -0.1497656E-01    0.3984473E-03    0.3812582E-02   -0.6688863E-01   -0.2815923E-01    0.6512371E-03    0.1113109E-01   -0.6603894E-02   -0.4474471E-03   -0.1446871E-02   -0.1803778E-02    0.2859945E-02   -0.2224033E-06   -0.1345801E-05
    0.4078867E-06   -0.4562794E-05    0.4770783E-06    0.4749801E-04    0.1247345E-03    0.8320006E-04    0.2218089E-04    0.6937614E-06   -0.5626184E-02    0.1384996E-03    0.1460202E-02   -0.2949645E-01   -0.8227249E-02    0.3021507E-02    0.6548755E-02   -0.3042633E-02    0.2682415E-03   -0.1468879E-03   -0.5152473E-03    0.5712863E-03   -0.1973308E-06   -0.5415938E-06
    0.1333662E-07   -0.2316169E-06    0.2326961E-07   -0.1464244E-05    0.1330716E-04    0.8340966E-05    0.6937614E-06    0.5967764E-05    0.9555909E-03    0.9139770E-06    0.5018463E-04    0.3866054E-02    0.4869709E-03    0.5167990E-03    0.9648481E-03   -0.6317344E-04    0.2981786E-04    0.8153180E-05    0.7496279E-04    0.7809068E-03    0.2200517E-07   -0.2167143E-08
   -0.1779365E-03    0.4789902E-03   -0.3583118E-04   -0.8128461E-02   -0.1796902E-01   -0.1497656E-01   -0.5626184E-02    0.9555909E-03    0.4356431E+02   -0.4953355E+00   -0.1742702E+01    0.4357473E+02    0.2562014E+00   -0.2173947E+02   -0.6142742E+02    0.5526119E+00   -0.4598800E-01    0.9015142E-02   -0.2378453E+01   -0.1919157E+02   -0.1470504E-03    0.4222750E-02
    0.2887845E-05   -0.1140143E-04    0.2286808E-05    0.1859740E-03    0.5150090E-03    0.3984473E-03    0.1384996E-03    0.9139770E-06   -0.4953355E+00    0.8153465E-01   -0.7447353E-01   -0.5513992E+00    0.9944178E+00    0.1854865E+01    0.7496886E+00    0.7976621E-01   -0.6828608E-02    0.5132122E-02    0.9776949E-01    0.1167217E+00    0.1992869E-05   -0.1252823E-04
    0.5395656E-04   -0.1121436E-03    0.7807529E-05    0.1974222E-02    0.5099204E-02    0.3812582E-02    0.1460202E-02    0.5018463E-04   -0.1742702E+01   -0.7447353E-01    0.3771523E+01   -0.2874857E+02   -0.3977342E+01    0.7791935E+01    0.6969599E+01   -0.2819444E+01   -0.1297267E+00    0.8704794E-01    0.2378859E+01    0.2138346E+01    0.1744309E-03   -0.3846632E-03
   -0.8206938E-03    0.1689154E-02   -0.1451214E-03   -0.3831864E-01   -0.9089259E-01   -0.6688863E-01   -0.2949645E-01    0.3866054E-02    0.4357473E+02   -0.5513992E+00   -0.2874857E+02    0.7617814E+03    0.6795168E+02   -0.6037045E+02   -0.7211856E+02    0.1385056E+02   -0.4897924E+01    0.2611769E+01   -0.1236979E+02   -0.1761370E+02    0.6304052E-02    0.4317876E-02
   -0.4539988E-03    0.9518771E-03   -0.1494709E-03   -0.1598688E-01   -0.2846643E-01   -0.2815923E-01   -0.8227249E-02    0.4869709E-03    0.2562014E+00    0.9944178E+00   -0.3977342E+01    0.6795168E+02    0.6203917E+02    0.4494047E+02    0.1890298E+02   -0.4327629E+01   -0.3291808E+00   -0.1066610E+01    0.3760974E+01    0.4081652E+01    0.7013093E-04    0.2904304E-03
   -0.1030698E-03    0.5539070E-04   -0.6424603E-04   -0.1455182E-02    0.1308863E-01    0.6512371E-03    0.3021507E-02    0.5167990E-03   -0.2173947E+02    0.1854865E+01    0.7791935E+01   -0.6037045E+02    0.4494047E+02    0.9939901E+02    0.6874413E+02   -0.1232742E+02   -0.7223397E+00   -0.3522392E+00    0.5265830E+01    0.6575406E+01    0.6197281E-03   -0.2412614E-02
    0.2400152E-04   -0.2950741E-03   -0.4925225E-04    0.3200860E-02    0.2389030E-01    0.1113109E-01    0.6548755E-02    0.9648481E-03   -0.6142742E+02    0.7496886E+00    0.6969599E+01   -0.7211856E+02    0.1890298E+02    0.6874413E+02    0.1236971E+03   -0.1096759E+02   -0.4195761E+00   -0.3182944E+00    0.6035464E+00    0.1698578E+02    0.5573191E-03   -0.7415385E-02
   -0.6649478E-04    0.2311708E-03   -0.1912364E-05   -0.3112857E-02   -0.9678524E-02   -0.6603894E-02   -0.3042633E-02   -0.6317344E-04    0.5526119E+00    0.7976621E-01   -0.2819444E+01    0.1385056E+02   -0.4327629E+01   -0.1232742E+02   -0.1096759E+02    0.6315139E+01    0.9094574E-01   -0.1298337E+00   -0.2118512E+01   -0.1827418E+01   -0.1321087E-03    0.1945804E-03
    0.3340878E-05    0.4890757E-04   -0.7394689E-05   -0.1457359E-03   -0.1705578E-02   -0.4474471E-03    0.2682415E-03    0.2981786E-04   -0.4598800E-01   -0.6828608E-02   -0.1297267E+00   -0.4897924E+01   -0.3291808E+00   -0.7223397E+00   -0.4195761E+00    0.9094574E-01    0.3512024E+01    0.4573288E+00    0.3237749E+00    0.5289332E+00    0.2749161E-03    0.2301064E-04
   -0.2619558E-05    0.2864147E-04   -0.1162182E-04   -0.5037719E-03   -0.4871381E-02   -0.1446871E-02   -0.1468879E-03    0.8153180E-05    0.9015142E-02    0.5132122E-02    0.8704794E-01    0.2611769E+01   -0.1066610E+01   -0.3522392E+00   -0.3182944E+00   -0.1298337E+00    0.4573288E+00    0.3363105E+01    0.2621250E+01    0.1852937E+01   -0.2929678E-03   -0.2200319E-03
   -0.5871361E-05    0.5783420E-04   -0.1528923E-04   -0.8576447E-03   -0.3863559E-02   -0.1803778E-02   -0.5152473E-03    0.7496279E-04   -0.2378453E+01    0.9776949E-01    0.2378859E+01   -0.1236979E+02    0.3760974E+01    0.5265830E+01    0.6035464E+00   -0.2118512E+01    0.3237749E+00    0.2621250E+01    0.1711022E+02    0.2573725E+02   -0.1610099E-04    0.2494645E-02
    0.3645557E-04   -0.7488983E-04   -0.6566704E-06    0.6307842E-03    0.5096308E-02    0.2859945E-02    0.5712863E-03    0.7809068E-03   -0.1919157E+02    0.1167217E+00    0.2138346E+01   -0.1761370E+02    0.4081652E+01    0.6575406E+01    0.1698578E+02   -0.1827418E+01    0.5289332E+00    0.1852937E+01    0.2573725E+02    0.5481412E+02    0.5792440E-04    0.4550570E-02
    0.1901415E-08   -0.5345753E-08   -0.3853571E-09   -0.2523384E-06    0.2971659E-06   -0.2224033E-06   -0.1973308E-06    0.2200517E-07   -0.1470504E-03    0.1992869E-05    0.1744309E-03    0.6304052E-02    0.7013093E-04    0.6197281E-03    0.5573191E-03   -0.1321087E-03    0.2749161E-03   -0.2929678E-03   -0.1610099E-04    0.5792440E-04    0.6063205E-06    0.1469262E-07
   -0.1546898E-07    0.5108737E-07    0.3002034E-09   -0.7158092E-06    0.2803761E-06   -0.1345801E-05   -0.5415938E-06   -0.2167143E-08    0.4222750E-02   -0.1252823E-04   -0.3846632E-03    0.4317876E-02    0.2904304E-03   -0.2412614E-02   -0.7415385E-02    0.1945804E-03    0.2301064E-04   -0.2200319E-03    0.2494645E-02    0.4550570E-02    0.1469262E-07    0.2081178E-05
