# omegabh2 omegach2 theta tau logA ns calPlanck acib217 xi asz143 aps100 aps143 aps143217 aps217 aksz kgal100 kgal143 kgal143217 kgal217 galfTE100 galfTE100143 galfTE100217 galfTE143 galfTE143217 galfTE217 cal0 cal2 DES_m1 DES_m2 DES_m3 DES_m4 DES_AIA DES_alphaIA DES_DzS1 DES_DzS2 DES_DzS3 DES_DzS4
  1.6971925E-08  -4.2483188E-08   1.0389543E-08   2.0173505E-07   4.2158196E-07   1.3614262E-07   1.9225903E-08  -7.2386629E-05   5.5312852E-07   1.7594991E-05  -2.8603152E-04  -1.8714761E-04  -6.0140030E-05   2.3283337E-05  -3.3605844E-05  -6.0390287E-06  -1.0591543E-05  -1.4224020E-05   3.8358081E-06  -4.1617469E-08  -1.1826112E-07  -1.4869140E-07  -3.3787722E-07  -5.8641565E-07  -2.0059491E-06   2.7684796E-09  -1.3196349E-09  -1.9898168E-08   7.7611788E-08   1.3136753E-07   9.0696452E-08  -4.3334178E-06   5.2681210E-06  -3.0919385E-08   4.7767339E-09   6.6332073E-08   1.6807693E-07
 -4.2483188E-08   7.3290772E-07  -4.0705045E-08  -2.2283639E-06  -3.1879664E-06  -1.8056969E-06  -2.3964576E-07   1.8401454E-04  -2.6811213E-06  -2.7303103E-05   5.1624577E-04   4.4865520E-04   1.7826488E-04  -9.6691848E-06   5.7355353E-05  -7.2539988E-06   2.0506847E-05   3.6954284E-05  -6.2297607E-05  -5.5813087E-07   2.8549135E-07  -6.2414805E-07  -2.3624457E-07   1.4957629E-06   7.2169800E-06  -5.8085469E-09   6.7280960E-09   5.9160925E-07  -5.0926349E-07  -2.0656285E-06  -1.8696678E-06   6.7656048E-05  -3.7862650E-05   4.4727263E-07  -2.9806298E-07  -1.1849162E-06  -2.2250187E-06
  1.0389543E-08  -4.0705045E-08   8.3697278E-08   2.3704973E-07   5.2401308E-07   2.3817739E-07   2.9783534E-08  -1.8659597E-06   5.7738110E-07   5.9433268E-06  -1.3370701E-04  -4.4553999E-05  -1.1619836E-05  -4.4781017E-05  -2.3635519E-06   1.6058540E-06  -1.0073216E-05  -1.5983314E-06   1.5308631E-05  -7.0695175E-08  -3.0712541E-07   1.3483181E-07  -5.5429813E-07  -2.5187391E-07   1.1575574E-07   5.2232458E-09   3.5292249E-09  -1.8998748E-07   5.8740860E-10   1.6784914E-07   3.0659621E-08  -4.3158872E-06  -2.6639061E-06   3.6691974E-08   1.0442817E-07   6.5555547E-08   2.7984596E-07
  2.0173505E-07  -2.2283639E-06   2.3704973E-07   4.4453123E-05   8.1695824E-05   7.9651148E-06  -6.0543417E-07  -2.3490649E-03  -4.0626313E-05   4.8500805E-04  -4.4778843E-03  -5.6371768E-03  -2.5448872E-03   1.9079433E-04  -4.1416390E-04   1.8567206E-04  -3.1821614E-04  -3.1111052E-04   7.8717889E-04   4.0291385E-06  -1.3727395E-06  -4.9050631E-06  -3.8410731E-06  -2.1009858E-05  -6.1184495E-05   6.0565476E-08  -4.1448409E-08  -4.2407215E-06   3.4511723E-06  -4.1318180E-06  -1.4121756E-06   8.8868574E-06   5.8733002E-05  -1.6853799E-07  -2.2413858E-06   3.0044149E-07   2.3616776E-06
  4.2158196E-07  -3.1879664E-06   5.2401308E-07   8.1695824E-05   1.7793684E-04   1.1347726E-05   1.0239454E-05  -3.2040950E-03  -2.5589313E-05   8.8130537E-04  -4.5565593E-03  -8.9457825E-03  -1.9860488E-03   4.1511440E-03  -1.3765001E-03   5.9452022E-05  -1.3049902E-03  -1.5848493E-03   1.2108697E-03   8.5233799E-06  -4.7758342E-06  -2.0729495E-05  -7.1672938E-06  -3.8681058E-05  -1.0313885E-04   2.3260256E-07  -8.3485332E-08  -7.1318884E-06   3.9954805E-06  -1.3321838E-05  -5.7772517E-06   1.2385035E-04   1.5872244E-05   1.2852751E-06  -5.1373480E-06  -2.7239766E-06  -3.4395785E-07
  1.3614262E-07  -1.8056969E-06   2.3817739E-07   7.9651148E-06   1.1347726E-05   1.3606422E-05   5.8966496E-07  -4.1127915E-03   8.2327147E-05   9.1911859E-04  -2.3451214E-02  -6.4796236E-03   1.3530406E-03   4.3670578E-03  -2.0332308E-03   3.6798284E-04  -2.7570838E-04  -3.0704595E-04   1.3499239E-03   1.8758243E-06  -2.8729294E-06   1.0074648E-06  -6.6148794E-08  -2.3751055E-06  -1.8309406E-05  -6.9837223E-08  -6.8099526E-08  -1.2978778E-06   1.4510254E-06   5.7139370E-06   2.4583318E-06  -1.4156405E-04   1.3820115E-04  -4.6503039E-07   1.6655033E-07   1.5853958E-06   5.2242084E-06
  1.9225903E-08  -2.3964576E-07   2.9783534E-08  -6.0543417E-07   1.0239454E-05   5.8966496E-07   6.0447334E-06   1.3398655E-03   8.7554405E-06  -6.9207653E-06   3.5735791E-03   5.7537384E-04   4.6271678E-04   3.5156330E-04   2.4371434E-05   6.6519879E-05  -5.2439985E-05  -2.4990854E-04  -3.3901617E-05   1.6090598E-06  -5.9217342E-07  -4.8149991E-06   2.2225732E-06  -2.4663567E-07   4.1107012E-06  -1.5035835E-08  -3.8410320E-09  -2.4188982E-07  -7.8755608E-07  -4.0257104E-07   6.4260037E-07  -2.6986560E-05  -4.4460897E-06   2.4106466E-07  -1.6305633E-07  -1.9434726E-07   3.4826742E-08
 -7.2386629E-05   1.8401454E-04  -1.8659597E-06  -2.3490649E-03  -3.2040950E-03  -4.1127915E-03   1.3398655E-03   4.5015130E+01  -3.3402829E-01  -8.9948242E-01   3.5813006E+01   2.5906911E+00  -1.2144808E+01  -5.4906983E+01  -1.9996652E-01   2.4936018E-01   4.1874681E-01  -6.3092448E+00  -3.4624914E+01   2.3012902E-03   5.9978704E-03  -9.6614935E-03   7.0365844E-03   6.4108873E-03   2.0899957E-02  -2.2864852E-04   6.9469978E-04   1.8328837E-04   1.3272013E-03  -2.7045516E-03  -1.0227558E-03   4.5306777E-02   1.2809940E-01  -1.1460035E-04  -8.7710881E-04   1.5991926E-03  -5.3342453E-04
  5.5312852E-07  -2.6811213E-06   5.7738110E-07  -4.0626313E-05  -2.5589313E-05   8.2327147E-05   8.7554405E-06  -3.3402829E-01   8.2228974E-02  -4.4457293E-02  -4.4930438E-01   9.7176540E-01   1.7461248E+00   5.9398795E-01   4.0363194E-02  -1.3960368E-02   9.3353978E-03   1.0285368E-01   1.0262451E-01  -4.0414438E-05  -3.3420031E-05  -3.5225079E-05   2.2988057E-04   2.4028595E-04  -1.1089817E-03   6.0383397E-06  -1.7403415E-06   6.9959404E-05  -2.8853849E-06   2.0397452E-04  -2.2373119E-05   1.8903972E-04  -1.1495037E-03   3.1471847E-05   3.3647881E-05   7.5894274E-06   4.3451363E-05
  1.7594991E-05  -2.7303103E-05   5.9433268E-06   4.8500805E-04   8.8130537E-04   9.1911859E-04  -6.9207653E-06  -8.9948242E-01  -4.4457293E-02   3.8195760E+00  -3.1260957E+01  -3.6539586E+00   7.2688562E+00   5.4241152E+00  -2.7422021E+00  -1.2328696E-01   2.6645822E-01   2.7729260E+00   3.4804179E+00  -1.7424455E-03  -1.1330438E-03   4.0272918E-03  -1.9847437E-03   3.2485312E-03   2.1548401E-02   1.0740761E-04  -3.8960262E-05  -5.7012090E-04   3.9563982E-04  -9.0318514E-04  -3.3133422E-04  -3.6640600E-03   3.4966673E-02   1.6759459E-04  -1.0673596E-04   1.8413832E-04   4.2108116E-05
 -2.8603152E-04   5.1624577E-04  -1.3370701E-04  -4.4778843E-03  -4.5565593E-03  -2.3451214E-02   3.5735791E-03   3.5813006E+01  -4.4930438E-01  -3.1260957E+01   7.8857833E+02   7.3891158E+01  -5.0821900E+01  -5.9459451E+01   1.4309114E+01  -6.1167426E+00   4.7172265E+00  -1.5198175E+01  -2.9368994E+01   1.1671645E-02   5.4461596E-03  -3.8562692E-02   3.1043196E-02  -1.9154584E-02  -1.3690475E-01   3.6655474E-03   3.3874468E-04   1.1607077E-03  -3.6710509E-05  -4.5497157E-03   6.0185706E-03   3.9780683E-01   1.8309620E-01   3.3144251E-03   3.6434540E-03   4.7306587E-05  -5.6765173E-03
 -1.8714761E-04   4.4865520E-04  -4.4553999E-05  -5.6371768E-03  -8.9457825E-03  -6.4796236E-03   5.7537384E-04   2.5906911E+00   9.7176540E-01  -3.6539586E+00   7.3891158E+01   6.3164554E+01   4.1020098E+01   1.4088064E+01  -4.8141509E+00  -3.0981770E-01  -1.4123919E+00   3.2097986E+00   3.2712013E+00  -3.0073134E-03   9.2465837E-04   2.8793077E-03   9.5884962E-03   3.1316263E-03   8.3176342E-03   8.4670216E-05   1.0164373E-04  -7.2222642E-05  -1.3289944E-04  -1.3503513E-03   1.8415860E-04   1.9562433E-02  -2.4268180E-01   2.4078531E-03   1.4340656E-03   1.3997147E-03   2.1817662E-03
 -6.0140030E-05   1.7826488E-04  -1.1619836E-05  -2.5448872E-03  -1.9860488E-03   1.3530406E-03   4.6271678E-04  -1.2144808E+01   1.7461248E+00   7.2688562E+00  -5.0821900E+01   4.1020098E+01   8.5860658E+01   5.2192219E+01  -1.1779892E+01  -7.6689604E-01  -4.3104316E-01   5.1840144E+00   8.0189576E+00  -6.9399211E-03  -1.8148765E-03   1.4307396E-02   5.8563524E-03   1.5692528E-02   4.6496982E-02   5.3460223E-04  -3.7752877E-04   6.3977580E-04   8.6300926E-04  -1.1527880E-04  -1.1790617E-03  -2.1062301E-03  -1.5382158E-01   2.7371402E-03   1.4488857E-03   2.7009273E-05   6.0973032E-04
  2.3283337E-05  -9.6691848E-06  -4.4781017E-05   1.9079433E-04   4.1511440E-03   4.3670578E-03   3.5156330E-04  -5.4906983E+01   5.9398795E-01   5.4241152E+00  -5.9459451E+01   1.4088064E+01   5.2192219E+01   1.0277911E+02  -9.3317202E+00  -7.7616447E-01  -7.8584526E-01   6.6201223E+00   3.5320936E+01  -9.1282606E-03  -1.0930657E-02   2.9695851E-02  -6.0700014E-03   2.4978529E-03   2.9042725E-02   5.3490837E-04  -1.3077184E-03   1.9928360E-03  -8.6593088E-04   3.2208153E-04   2.4100502E-03  -4.8613824E-02  -2.5787152E-01   1.4407915E-03   1.9677207E-03  -2.3065861E-03  -7.1001700E-04
 -3.3605844E-05   5.7355353E-05  -2.3635519E-06  -4.1416390E-04  -1.3765001E-03  -2.0332308E-03   2.4371434E-05  -1.9996652E-01   4.0363194E-02  -2.7422021E+00   1.4309114E+01  -4.8141509E+00  -1.1779892E+01  -9.3317202E+00   5.8391159E+00   8.1250078E-02  -3.1371433E-01  -2.2540540E+00  -2.4450402E+00   3.1050676E-03   1.9031633E-03  -4.7117585E-03   8.6519235E-05   4.9094993E-04  -1.1662133E-02  -8.5309593E-05   1.7419192E-05  -1.0798134E-04  -3.8016493E-05   9.8456278E-04  -3.0247639E-04  -3.3781100E-03  -6.7363106E-02  -5.7057024E-04  -4.1742340E-04  -1.8183508E-04  -1.8266576E-04
 -6.0390287E-06  -7.2539988E-06   1.6058540E-06   1.8567206E-04   5.9452022E-05   3.6798284E-04   6.6519879E-05   2.4936018E-01  -1.3960368E-02  -1.2328696E-01  -6.1167426E+00  -3.0981770E-01  -7.6689604E-01  -7.7616447E-01   8.1250078E-02   3.1858939E+00   5.1164119E-01   2.2314707E-01   1.9093219E-01  -1.5562699E-03   1.9935014E-04  -1.8146343E-03  -9.1083114E-04  -4.7555247E-03  -3.3463686E-03   1.7201634E-04  -1.5478249E-05   2.3693715E-04   1.0819174E-03  -5.9816370E-05   3.3148820E-04   7.7968114E-04   7.5087833E-03  -3.7902000E-04  -4.3744283E-04  -1.3349441E-04   2.8257719E-04
 -1.0591543E-05   2.0506847E-05  -1.0073216E-05  -3.1821614E-04  -1.3049902E-03  -2.7570838E-04  -5.2439985E-05   4.1874681E-01   9.3353978E-03   2.6645822E-01   4.7172265E+00  -1.4123919E+00  -4.3104316E-01  -7.8584526E-01  -3.1371433E-01   5.1164119E-01   3.2510828E+00   2.7619423E+00   2.6742317E+00  -1.0636199E-03  -1.0166149E-04   8.6636413E-04   2.5578716E-03  -3.4711683E-03  -1.2927675E-02  -1.8549575E-04  -5.8392519E-05   9.1197111E-05  -1.2409274E-04  -5.3340463E-04   2.4305347E-04   2.2086477E-02   6.9205509E-02   7.0401842E-05   1.2958652E-04   3.1332834E-04   6.8555078E-04
 -1.4224020E-05   3.6954284E-05  -1.5983314E-06  -3.1111052E-04  -1.5848493E-03  -3.0704595E-04  -2.4990854E-04  -6.3092448E+00   1.0285368E-01   2.7729260E+00  -1.5198175E+01   3.2097986E+00   5.1840144E+00   6.6201223E+00  -2.2540540E+00   2.2314707E-01   2.7619423E+00   1.0890700E+01   1.9403363E+01  -3.9477789E-03  -1.7558769E-03   8.2835955E-03   1.9330701E-04  -2.1712953E-03   1.7138784E-02  -5.8382029E-05   3.7547323E-04  -2.3817974E-04  -5.4392438E-04  -4.5137653E-04   5.0821981E-04   4.0427766E-03  -1.6151078E-02   3.8246486E-04   6.2520487E-04   8.3411449E-04   1.8889931E-03
  3.8358081E-06  -6.2297607E-05   1.5308631E-05   7.8717889E-04   1.2108697E-03   1.3499239E-03  -3.3901617E-05  -3.4624914E+01   1.0262451E-01   3.4804179E+00  -2.9368994E+01   3.2712013E+00   8.0189576E+00   3.5320936E+01  -2.4450402E+00   1.9093219E-01   2.6742317E+00   1.9403363E+01   5.4248860E+01  -4.3418888E-03  -3.3230337E-03   9.9776611E-03  -1.9805478E-03  -8.0326319E-03   1.8332379E-02   2.3302717E-05   8.5882810E-04  -1.5635134E-03  -2.3459066E-03   4.2623525E-04   1.2813114E-03  -4.8771217E-02  -1.6920339E-01   4.1716630E-04   1.8778322E-03   3.9479028E-04   3.5276151E-03
 -4.1617469E-08  -5.5813087E-07  -7.0695175E-08   4.0291385E-06   8.5233799E-06   1.8758243E-06   1.6090598E-06   2.3012902E-03  -4.0414438E-05  -1.7424455E-03   1.1671645E-02  -3.0073134E-03  -6.9399211E-03  -9.1282606E-03   3.1050676E-03  -1.5562699E-03  -1.0636199E-03  -3.9477789E-03  -4.3418888E-03   1.4638221E-03   2.9224053E-04   1.2022675E-04  -3.8067227E-04  -6.5143481E-05  -2.6006601E-04   1.2010972E-07   2.5996134E-07  -4.3265758E-06  -4.2244398E-06   1.0242566E-05  -5.2334498E-06  -3.5502848E-04  -2.6685527E-03   7.3080700E-06   6.5404266E-06   6.7090260E-06  -2.3820903E-05
 -1.1826112E-07   2.8549135E-07  -3.0712541E-07  -1.3727395E-06  -4.7758342E-06  -2.8729294E-06  -5.9217342E-07   5.9978704E-03  -3.3420031E-05  -1.1330438E-03   5.4461596E-03   9.2465837E-04  -1.8148765E-03  -1.0930657E-02   1.9031633E-03   1.9935014E-04  -1.0166149E-04  -1.7558769E-03  -3.3230337E-03   2.9224053E-04   8.9682769E-04   1.7128605E-05   7.9511744E-04   1.4215887E-04  -6.9093284E-04  -1.6359560E-07   4.6824222E-07  -5.4714245E-06   1.6555327E-06  -4.3826137E-06   5.1073740E-06  -4.7103121E-06   1.0322853E-03  -6.0003999E-06   5.8843916E-08  -4.7729109E-07  -3.9373876E-06
 -1.4869140E-07  -6.2414805E-07   1.3483181E-07  -4.9050631E-06  -2.0729495E-05   1.0074648E-06  -4.8149991E-06  -9.6614935E-03  -3.5225079E-05   4.0272918E-03  -3.8562692E-02   2.8793077E-03   1.4307396E-02   2.9695851E-02  -4.7117585E-03  -1.8146343E-03   8.6636413E-04   8.2835955E-03   9.9776611E-03   1.2022675E-04   1.7128605E-05   7.0950925E-03  -4.0226204E-04   5.6526577E-04   4.4033149E-03   5.2116399E-07  -1.0297698E-06   1.4932963E-05  -1.7920640E-05   1.2027796E-05  -1.0086634E-05  -1.4046775E-03  -1.8860216E-03  -1.6892647E-05  -2.2793226E-05   8.1655700E-06   1.4330868E-05
 -3.3787722E-07  -2.3624457E-07  -5.5429813E-07  -3.8410731E-06  -7.1672938E-06  -6.6148794E-08   2.2225732E-06   7.0365844E-03   2.2988057E-04  -1.9847437E-03   3.1043196E-02   9.5884962E-03   5.8563524E-03  -6.0700014E-03   8.6519235E-05  -9.1083114E-04   2.5578716E-03   1.9330701E-04  -1.9805478E-03  -3.8067227E-04   7.9511744E-04  -4.0226204E-04   2.9594754E-03   5.8868326E-04  -9.4533522E-04  -1.2593235E-06   2.4162089E-07  -1.3624053E-05   2.9858964E-06   1.2803218E-05   1.9551324E-05   3.3607487E-05   1.6962881E-03   1.3760160E-05   7.4013910E-06  -6.1904819E-06   3.4577869E-06
 -5.8641565E-07   1.4957629E-06  -2.5187391E-07  -2.1009858E-05  -3.8681058E-05  -2.3751055E-06  -2.4663567E-07   6.4108873E-03   2.4028595E-04   3.2485312E-03  -1.9154584E-02   3.1316263E-03   1.5692528E-02   2.4978529E-03   4.9094993E-04  -4.7555247E-03  -3.4711683E-03  -2.1712953E-03  -8.0326319E-03  -6.5143481E-05   1.4215887E-04   5.6526577E-04   5.8868326E-04   6.4175859E-03   7.8363690E-03   4.7080161E-07   1.5793609E-06  -4.9024317E-05   1.7854162E-05   1.6857186E-06   3.3876129E-05   6.7128956E-04   3.1850718E-03   1.2524260E-06  -2.1866696E-07  -1.1043028E-06  -3.1309296E-05
 -2.0059491E-06   7.2169800E-06   1.1575574E-07  -6.1184495E-05  -1.0313885E-04  -1.8309406E-05   4.1107012E-06   2.0899957E-02  -1.1089817E-03   2.1548401E-02  -1.3690475E-01   8.3176342E-03   4.6496982E-02   2.9042725E-02  -1.1662133E-02  -3.3463686E-03  -1.2927675E-02   1.7138784E-02   1.8332379E-02  -2.6006601E-04  -6.9093284E-04   4.4033149E-03  -9.4533522E-04   7.8363690E-03   7.0862290E-02   4.2051586E-06   3.5276638E-06  -1.1032931E-04  -2.2757239E-05  -5.8976147E-05   3.4567909E-05  -1.6722101E-03   2.9730424E-03  -9.2423604E-05  -4.6093055E-06   1.2535235E-05  -1.1643062E-05
  2.7684796E-09  -5.8085469E-09   5.2232458E-09   6.0565476E-08   2.3260256E-07  -6.9837223E-08  -1.5035835E-08  -2.2864852E-04   6.0383397E-06   1.0740761E-04   3.6655474E-03   8.4670216E-05   5.3460223E-04   5.3490837E-04  -8.5309593E-05   1.7201634E-04  -1.8549575E-04  -5.8382029E-05   2.3302717E-05   1.2010972E-07  -1.6359560E-07   5.2116399E-07  -1.2593235E-06   4.7080161E-07   4.2051586E-06   3.8266582E-07  -1.6943195E-09  -1.2916979E-07   1.4121512E-07  -9.3687856E-09  -1.2256005E-07  -1.2912183E-06   1.4969513E-05   1.1547648E-07  -6.8428792E-08   1.9764949E-09   1.2713683E-07
 -1.3196349E-09   6.7280960E-09   3.5292249E-09  -4.1448409E-08  -8.3485332E-08  -6.8099526E-08  -3.8410320E-09   6.9469978E-04  -1.7403415E-06  -3.8960262E-05   3.3874468E-04   1.0164373E-04  -3.7752877E-04  -1.3077184E-03   1.7419192E-05  -1.5478249E-05  -5.8392519E-05   3.7547323E-04   8.5882810E-04   2.5996134E-07   4.6824222E-07  -1.0297698E-06   2.4162089E-07   1.5793609E-06   3.5276638E-06  -1.6943195E-09   3.7095943E-07   1.8889264E-08   1.6933410E-07   5.0108219E-09  -1.0231959E-07  -1.0410015E-05  -3.8264414E-05  -4.4597468E-08   1.3732533E-07   3.3110720E-08   3.5170704E-07
 -1.9898168E-08   5.9160925E-07  -1.8998748E-07  -4.2407215E-06  -7.1318884E-06  -1.2978778E-06  -2.4188982E-07   1.8328837E-04   6.9959404E-05  -5.7012090E-04   1.1607077E-03  -7.2222642E-05   6.3977580E-04   1.9928360E-03  -1.0798134E-04   2.3693715E-04   9.1197111E-05  -2.3817974E-04  -1.5635134E-03  -4.3265758E-06  -5.4714245E-06   1.4932963E-05  -1.3624053E-05  -4.9024317E-05  -1.1032931E-04  -1.2916979E-07   1.8889264E-08   5.1822351E-04   5.5173614E-06   2.5329213E-06   6.7261840E-06   3.4376702E-04  -1.7555380E-03  -3.0008775E-05  -1.7935958E-07  -1.5328218E-06   6.0830567E-06
  7.7611788E-08  -5.0926349E-07   5.8740860E-10   3.4511723E-06   3.9954805E-06   1.4510254E-06  -7.8755608E-07   1.3272013E-03  -2.8853849E-06   3.9563982E-04  -3.6710509E-05  -1.3289944E-04   8.6300926E-04  -8.6593088E-04  -3.8016493E-05   1.0819174E-03  -1.2409274E-04  -5.4392438E-04  -2.3459066E-03  -4.2244398E-06   1.6555327E-06  -1.7920640E-05   2.9858964E-06   1.7854162E-05  -2.2757239E-05   1.4121512E-07   1.6933410E-07   5.5173614E-06   4.9960683E-04   4.2254333E-06   3.1083221E-06   6.3271572E-04  -1.5698427E-03   2.2809972E-05  -3.0013689E-05   4.3349267E-06   1.1169898E-05
  1.3136753E-07  -2.0656285E-06   1.6784914E-07  -4.1318180E-06  -1.3321838E-05   5.7139370E-06  -4.0257104E-07  -2.7045516E-03   2.0397452E-04  -9.0318514E-04  -4.5497157E-03  -1.3503513E-03  -1.1527880E-04   3.2208153E-04   9.8456278E-04  -5.9816370E-05  -5.3340463E-04  -4.5137653E-04   4.2623525E-04   1.0242566E-05  -4.3826137E-06   1.2027796E-05   1.2803218E-05   1.6857186E-06  -5.8976147E-05  -9.3687856E-09   5.0108219E-09   2.5329213E-06   4.2254333E-06   3.9495508E-04   2.1328829E-05   7.4041661E-05  -5.0975551E-04   1.3920776E-05   1.0108580E-05  -4.7115873E-05   2.4084816E-05
  9.0696452E-08  -1.8696678E-06   3.0659621E-08  -1.4121756E-06  -5.7772517E-06   2.4583318E-06   6.4260037E-07  -1.0227558E-03  -2.2373119E-05  -3.3133422E-04   6.0185706E-03   1.8415860E-04  -1.1790617E-03   2.4100502E-03  -3.0247639E-04   3.3148820E-04   2.4305347E-04   5.0821981E-04   1.2813114E-03  -5.2334498E-06   5.1073740E-06  -1.0086634E-05   1.9551324E-05   3.3876129E-05   3.4567909E-05  -1.2256005E-07  -1.0231959E-07   6.7261840E-06   3.1083221E-06   2.1328829E-05   4.3971114E-04   6.9557185E-04   2.1400100E-03   1.1335394E-05   1.1847176E-05  -8.6329885E-07  -9.1550445E-05
 -4.3334178E-06   6.7656048E-05  -4.3158872E-06   8.8868574E-06   1.2385035E-04  -1.4156405E-04  -2.6986560E-05   4.5306777E-02   1.8903972E-04  -3.6640600E-03   3.9780683E-01   1.9562433E-02  -2.1062301E-03  -4.8613824E-02  -3.3781100E-03   7.7968114E-04   2.2086477E-02   4.0427766E-03  -4.8771217E-02  -3.5502848E-04  -4.7103121E-06  -1.4046775E-03   3.3607487E-05   6.7128956E-04  -1.6722101E-03  -1.2912183E-06  -1.0410015E-05   3.4376702E-04   6.3271572E-04   7.4041661E-05   6.9557185E-04   2.4354121E-01   5.5480865E-01   1.2185303E-03   9.6815039E-04  -4.2880814E-05  -8.5529791E-04
  5.2681210E-06  -3.7862650E-05  -2.6639061E-06   5.8733002E-05   1.5872244E-05   1.3820115E-04  -4.4460897E-06   1.2809940E-01  -1.1495037E-03   3.4966673E-02   1.8309620E-01  -2.4268180E-01  -1.5382158E-01  -2.5787152E-01  -6.7363106E-02   7.5087833E-03   6.9205509E-02  -1.6151078E-02  -1.6920339E-01  -2.6685527E-03   1.0322853E-03  -1.8860216E-03   1.6962881E-03   3.1850718E-03   2.9730424E-03   1.4969513E-05  -3.8264414E-05  -1.7555380E-03  -1.5698427E-03  -5.0975551E-04   2.1400100E-03   5.5480865E-01   4.2208583E+00  -7.3649076E-03  -4.6874217E-04   3.7758315E-04  -1.5008179E-03
 -3.0919385E-08   4.4727263E-07   3.6691974E-08  -1.6853799E-07   1.2852751E-06  -4.6503039E-07   2.4106466E-07  -1.1460035E-04   3.1471847E-05   1.6759459E-04   3.3144251E-03   2.4078531E-03   2.7371402E-03   1.4407915E-03  -5.7057024E-04  -3.7902000E-04   7.0401842E-05   3.8246486E-04   4.1716630E-04   7.3080700E-06  -6.0003999E-06  -1.6892647E-05   1.3760160E-05   1.2524260E-06  -9.2423604E-05   1.1547648E-07  -4.4597468E-08  -3.0008775E-05   2.2809972E-05   1.3920776E-05   1.1335394E-05   1.2185303E-03  -7.3649076E-03   2.1498795E-04   2.8163486E-05   2.0135260E-06   2.5921429E-06
  4.7767339E-09  -2.9806298E-07   1.0442817E-07  -2.2413858E-06  -5.1373480E-06   1.6655033E-07  -1.6305633E-07  -8.7710881E-04   3.3647881E-05  -1.0673596E-04   3.6434540E-03   1.4340656E-03   1.4488857E-03   1.9677207E-03  -4.1742340E-04  -4.3744283E-04   1.2958652E-04   6.2520487E-04   1.8778322E-03   6.5404266E-06   5.8843916E-08  -2.2793226E-05   7.4013910E-06  -2.1866696E-07  -4.6093055E-06  -6.8428792E-08   1.3732533E-07  -1.7935958E-07  -3.0013689E-05   1.0108580E-05   1.1847176E-05   9.6815039E-04  -4.6874217E-04   2.8163486E-05   1.3459319E-04   5.5947548E-06   2.8602143E-06
  6.6332073E-08  -1.1849162E-06   6.5555547E-08   3.0044149E-07  -2.7239766E-06   1.5853958E-06  -1.9434726E-07   1.5991926E-03   7.5894274E-06   1.8413832E-04   4.7306587E-05   1.3997147E-03   2.7009273E-05  -2.3065861E-03  -1.8183508E-04  -1.3349441E-04   3.1332834E-04   8.3411449E-04   3.9479028E-04   6.7090260E-06  -4.7729109E-07   8.1655700E-06  -6.1904819E-06  -1.1043028E-06   1.2535235E-05   1.9764949E-09   3.3110720E-08  -1.5328218E-06   4.3349267E-06  -4.7115873E-05  -8.6329885E-07  -4.2880814E-05   3.7758315E-04   2.0135260E-06   5.5947548E-06   1.0439261E-04   5.0850542E-06
  1.6807693E-07  -2.2250187E-06   2.7984596E-07   2.3616776E-06  -3.4395785E-07   5.2242084E-06   3.4826742E-08  -5.3342453E-04   4.3451363E-05   4.2108116E-05  -5.6765173E-03   2.1817662E-03   6.0973032E-04  -7.1001700E-04  -1.8266576E-04   2.8257719E-04   6.8555078E-04   1.8889931E-03   3.5276151E-03  -2.3820903E-05  -3.9373876E-06   1.4330868E-05   3.4577869E-06  -3.1309296E-05  -1.1643062E-05   1.2713683E-07   3.5170704E-07   6.0830567E-06   1.1169898E-05   2.4084816E-05  -9.1550445E-05  -8.5529791E-04  -1.5008179E-03   2.5921429E-06   2.8602143E-06   5.0850542E-06   4.0197111E-04
