# omegabh2 omegach2 theta tau logA ns galfTE100 galfTE100143 galfTE100217 galfTE143 galfTE143217 galfTE217 cal0 cal2 calPlanck
  6.3598431E-08  -2.0615301E-07   3.4809150E-08   2.9000627E-07   7.8437810E-07   1.6838885E-06  -2.0255748E-08  -1.2228400E-07  -1.9161225E-07  -6.9469042E-07  -8.4755425E-07  -3.3223101E-06   5.3546732E-10   1.3272509E-09   2.5662873E-08
 -2.0615301E-07   4.0014945E-06  -3.2876508E-07  -2.1482511E-06   5.8005791E-06  -1.0446544E-05   3.4629270E-07   9.7076954E-09   9.3534607E-07   3.8807135E-06   5.2079895E-06   3.3241946E-05  -1.0567534E-08  -1.5534766E-09  -1.5999739E-07
  3.4809150E-08  -3.2876508E-07   2.4043353E-07   1.4853446E-07  -3.3683553E-07   1.1747839E-06   2.6758595E-07   5.7459094E-08  -5.6769805E-08  -6.0178558E-07  -1.4451087E-07  -2.5191721E-06  -2.1315173E-09  -5.3538360E-09   1.6872992E-08
  2.9000627E-07  -2.1482511E-06   1.4853446E-07   3.6943382E-05   7.4458716E-05   1.5203513E-05  -2.5560366E-06  -2.2037045E-06   9.2505179E-06   8.7178071E-07  -4.7048723E-06  -1.9537798E-07   2.0875882E-08   4.8531565E-08   7.3657929E-08
  7.8437810E-07   5.8005791E-06  -3.3683553E-07   7.4458716E-05   2.4629817E-04   3.5358763E-05  -3.9148415E-06  -4.6030882E-06   2.1860324E-05   1.2301868E-05   1.9878209E-05   1.7460020E-04   3.9425213E-08   1.3265545E-07   1.2549024E-05
  1.6838885E-06  -1.0446544E-05   1.1747839E-06   1.5203513E-05   3.5358763E-05   1.2386717E-04  -8.6548949E-06  -3.9523002E-06   6.4254827E-06  -2.5430022E-05   1.2586659E-06   2.5230089E-05  -1.0242676E-07   7.6792749E-08   1.1541085E-06
 -2.0255748E-08   3.4629270E-07   2.6758595E-07  -2.5560366E-06  -3.9148415E-06  -8.6548949E-06   1.4662855E-03   2.8390960E-04   7.1209795E-05  -3.8809190E-04  -1.2598590E-04  -1.5283102E-04   1.7917493E-07  -2.7321620E-07   3.8613867E-07
 -1.2228400E-07   9.7076954E-09   5.7459094E-08  -2.2037045E-06  -4.6030882E-06  -3.9523002E-06   2.8390960E-04   8.9776917E-04   3.5672201E-05   7.6968853E-04   4.1259715E-05  -7.3881289E-04   1.1613508E-08  -6.9219855E-08  -3.6585732E-08
 -1.9161225E-07   9.3534607E-07  -5.6769805E-08   9.2505179E-06   2.1860324E-05   6.4254827E-06   7.1209795E-05   3.5672201E-05   7.2066577E-03  -3.1167308E-04   6.6079667E-04   4.6022921E-03   1.3708976E-06  -3.6479737E-07  -1.3334495E-06
 -6.9469042E-07   3.8807135E-06  -6.0178558E-07   8.7178071E-07   1.2301868E-05  -2.5430022E-05  -3.8809190E-04   7.6968853E-04  -3.1167308E-04   2.9721093E-03   5.2326813E-04  -8.2752654E-04   1.1741208E-08   5.1892316E-07  -2.2481123E-07
 -8.4755425E-07   5.2079895E-06  -1.4451087E-07  -4.7048723E-06   1.9878209E-05   1.2586659E-06  -1.2598590E-04   4.1259715E-05   6.6079667E-04   5.2326813E-04   6.4845585E-03   8.2597481E-03  -1.4009719E-07  -4.4086236E-07  -3.1404751E-07
 -3.3223101E-06   3.3241946E-05  -2.5191721E-06  -1.9537798E-07   1.7460020E-04   2.5230089E-05  -1.5283102E-04  -7.3881289E-04   4.6022921E-03  -8.2752654E-04   8.2597481E-03   7.2969038E-02   9.7544266E-07  -6.7482819E-07   3.9287167E-06
  5.3546732E-10  -1.0567534E-08  -2.1315173E-09   2.0875882E-08   3.9425213E-08  -1.0242676E-07   1.7917493E-07   1.1613508E-08   1.3708976E-06   1.1741208E-08  -1.4009719E-07   9.7544266E-07   4.9247123E-07   2.0386829E-09  -6.5532509E-10
  1.3272509E-09  -1.5534766E-09  -5.3538360E-09   4.8531565E-08   1.3265545E-07   7.6792749E-08  -2.7321620E-07  -6.9219855E-08  -3.6479737E-07   5.1892316E-07  -4.4086236E-07  -6.7482819E-07   2.0386829E-09   4.1840951E-07   1.3295908E-08
  2.5662873E-08  -1.5999739E-07   1.6872992E-08   7.3657929E-08   1.2549024E-05   1.1541085E-06   3.8613867E-07  -3.6585732E-08  -1.3334495E-06  -2.2481123E-07  -3.1404751E-07   3.9287167E-06  -6.5532509E-10   1.3295908E-08   6.1795483E-06
