# omegabh2 omegach2 theta tau logA ns calPlanck acib217 xi asz143 aps100 aps143 aps143217 aps217 aksz kgal100 kgal143 kgal143217 kgal217 galfTE100 galfTE100143 galfTE100217 galfTE143 galfTE143217 galfTE217 cal0 cal2
  1.9923108E-08  -7.2021074E-08   1.2574813E-08   1.0550948E-06   2.0350856E-06   2.3607885E-07   1.2061365E-08  -9.3906920E-05   2.7377553E-06   1.3350273E-05  -4.0362789E-04  -2.3277584E-04  -7.5920167E-05   3.7122270E-06  -2.9874778E-05  -5.6237938E-06  -1.7514243E-05  -2.7589176E-05  -7.5400915E-06  -7.7110204E-08  -1.5574093E-07   7.7317196E-08  -4.2485306E-07  -8.0449493E-07  -2.4806587E-06   2.4567416E-09  -2.9019225E-09
 -7.2021074E-08   1.1655189E-06  -7.0201899E-08  -9.6555329E-06  -1.6433936E-05  -3.0404657E-06  -6.3645403E-09   2.6907052E-04  -1.1473708E-05  -7.5702900E-05   1.8853597E-03   9.0430828E-04   3.0475515E-04   1.7244890E-04   1.0728195E-04   2.7084102E-05   7.8000969E-05   9.9918735E-05   6.7740370E-05   5.0283601E-07   5.6749435E-07   3.5216155E-07   1.3079476E-06   3.9099907E-06   1.1544803E-05  -1.9496216E-09   4.4350918E-09
  1.2574813E-08  -7.0201899E-08   8.8109119E-08   1.0400678E-06   1.9917315E-06   3.2383703E-07   1.3079558E-09   3.5571138E-06  -6.9791011E-07   1.2975468E-05  -1.8836014E-04  -1.3124750E-04  -6.4775388E-05  -3.0235462E-05  -1.1587537E-05  -6.3512465E-06  -3.6218841E-06  -2.2663693E-05  -5.7003907E-05   1.7860808E-07  -1.4935562E-07  -1.3160581E-07  -4.9071585E-07   2.9225274E-09  -1.2514434E-06  -3.8108316E-09  -4.8123208E-09
  1.0550948E-06  -9.6555329E-06   1.0400678E-06   4.6302934E-04   8.9404385E-04   4.5720570E-05  -3.4765060E-06  -1.6041682E-02   4.7708060E-04   1.3826678E-03  -6.5358117E-02  -2.7535497E-02  -3.8886770E-03   7.5155675E-03  -5.8260541E-03  -1.6109452E-03  -2.9864719E-03  -4.9860139E-03  -1.9049823E-03   8.0543104E-06  -4.0336021E-06   1.9946304E-05  -3.3365001E-05  -3.3680741E-05  -9.1438724E-05   7.1172127E-08  -5.6214843E-07
  2.0350856E-06  -1.6433936E-05   1.9917315E-06   8.9404385E-04   1.7594219E-03   8.2073935E-05   5.3919084E-06  -3.1639074E-02   9.7070142E-04   2.3979616E-03  -1.2238921E-01  -5.1963839E-02  -5.0225865E-03   2.0763080E-02  -1.1786383E-02  -3.4583518E-03  -6.3295569E-03  -1.0509373E-02  -2.6787588E-03   1.5294885E-05  -8.1685095E-06   3.8502329E-05  -7.1280356E-05  -6.8396219E-05  -1.4286483E-04   3.2201339E-07  -1.1428145E-06
  2.3607885E-07  -3.0404657E-06   3.2383703E-07   4.5720570E-05   8.2073935E-05   1.7520476E-05  -1.7375521E-07  -5.2822985E-03   1.3361053E-04   8.6195191E-04  -2.6982746E-02  -8.5140965E-03   3.0393013E-04   4.3770710E-03  -2.0100161E-03   1.5325102E-04  -6.7478983E-04  -8.4589988E-04   7.8068425E-04  -1.4723331E-06  -1.3270154E-06  -8.3360335E-07  -4.1805492E-06  -8.7801995E-06  -4.5007502E-05  -7.7051793E-08  -8.9799153E-08
  1.2061365E-08  -6.3645403E-09   1.3079558E-09  -3.4765060E-06   5.3919084E-06  -1.7375521E-07   6.1003592E-06   5.5282235E-04   4.9624800E-07  -2.9333738E-05   3.4522986E-03   5.1187845E-04   4.5111163E-04   1.4253826E-03   9.2668767E-05   1.0565325E-05   2.2157124E-05  -2.3873461E-05   7.8357217E-04  -1.1380813E-06   3.7613060E-08  -1.7246006E-06  -2.1234447E-06  -2.8730549E-06   1.0528487E-05   2.0135419E-08   5.4423127E-11
 -9.3906920E-05   2.6907052E-04   3.5571138E-06  -1.6041682E-02  -3.1639074E-02  -5.2822985E-03   5.5282235E-04   4.3643094E+01  -3.9912525E-01  -1.0179333E+00   3.6330813E+01   2.6199379E+00  -1.2413739E+01  -5.3807357E+01   8.2162764E-02   1.5345220E-01   4.5146222E-01  -5.8978777E+00  -3.2870025E+01   3.2382298E-06   2.2038121E-03   2.1298134E-03   5.3063314E-04   1.4129945E-03   2.1791241E-02  -1.7935844E-04   7.4566799E-04
  2.7377553E-06  -1.1473708E-05  -6.9791011E-07   4.7708060E-04   9.7070142E-04   1.3361053E-04   4.9624800E-07  -3.9912525E-01   7.7977918E-02  -3.2874689E-02  -7.4951491E-01   8.9543023E-01   1.6806162E+00   6.7108859E-01   1.7868461E-02  -3.4638629E-03   7.9701932E-05   1.0086083E-01   1.4660427E-01  -1.3305570E-04  -3.4405351E-05   9.4949494E-05   3.8811479E-04   9.8195253E-05   6.0057434E-04   6.8253534E-06  -1.7104224E-06
  1.3350273E-05  -7.5702900E-05   1.2975468E-05   1.3826678E-03   2.3979616E-03   8.6195191E-04  -2.9333738E-05  -1.0179333E+00  -3.2874689E-02   3.4938911E+00  -2.9103213E+01  -3.8045475E+00   6.3657451E+00   4.5321811E+00  -2.0468264E+00  -2.3176095E-01   1.3805794E-01   2.3599889E+00   2.9569067E+00  -2.0914451E-04  -6.8218238E-04  -1.4754537E-03  -2.0183088E-03   7.4861531E-04   1.5052762E-03   8.4798508E-05  -5.7246694E-05
 -4.0362789E-04   1.8853597E-03  -1.8836014E-04  -6.5358117E-02  -1.2238921E-01  -2.6982746E-02   3.4522986E-03   3.6330813E+01  -7.4951491E-01  -2.9103213E+01   7.8176072E+02   7.3086052E+01  -5.1064520E+01  -5.6478841E+01   1.1551037E+01  -5.6762977E+00   5.9349274E+00  -1.1056472E+01  -2.2202491E+01   1.4060246E-02   1.8357361E-02   4.9069850E-02   1.8858052E-02  -2.5810446E-02  -4.2282092E-02   3.7917352E-03   5.8519000E-04
 -2.3277584E-04   9.0430828E-04  -1.3124750E-04  -2.7535497E-02  -5.1963839E-02  -8.5140965E-03   5.1187845E-04   2.6199379E+00   8.9543023E-01  -3.8045475E+00   7.3086052E+01   6.0381169E+01   3.7506941E+01   1.2166079E+01  -3.3891365E+00  -4.8691424E-01  -9.9745170E-01   3.2412678E+00   3.8271990E+00  -1.7990221E-03   5.1448351E-03   1.8707018E-02   1.5760805E-02   9.8931884E-03   6.6665064E-02   5.9713506E-05   1.9056406E-04
 -7.5920167E-05   3.0475515E-04  -6.4775388E-05  -3.8886770E-03  -5.0225865E-03   3.0393013E-04   4.5111163E-04  -1.2413739E+01   1.6806162E+00   6.3657451E+00  -5.1064520E+01   3.7506941E+01   7.9694623E+01   4.8449700E+01  -9.0845879E+00  -8.6364812E-01  -4.5926272E-01   3.7911053E+00   6.4706250E+00  -2.8785433E-03   2.9537863E-03   1.0820490E-02   1.4610746E-02   5.1048748E-03   3.4515257E-02   3.8273731E-04  -3.8181362E-04
  3.7122270E-06   1.7244890E-04  -3.0235462E-05   7.5155675E-03   2.0763080E-02   4.3770710E-03   1.4253826E-03  -5.3807357E+01   6.7108859E-01   4.5321811E+00  -5.6478841E+01   1.2166079E+01   4.8449700E+01   9.9000568E+01  -7.2320759E+00  -6.9206393E-01  -8.5942620E-01   4.8987992E+00   3.1866365E+01   2.6131548E-04   5.1396036E-04   1.6544872E-03   8.7213999E-03   2.2825313E-03  -9.7057523E-03   3.7209330E-04  -1.3944579E-03
 -2.9874778E-05   1.0728195E-04  -1.1587537E-05  -5.8260541E-03  -1.1786383E-02  -2.0100161E-03   9.2668767E-05   8.2162764E-02   1.7868461E-02  -2.0468264E+00   1.1551037E+01  -3.3891365E+00  -9.0845879E+00  -7.2320759E+00   4.4600975E+00   1.8133998E-01  -1.8138908E-01  -1.4901504E+00  -1.5457877E+00  -1.9929832E-04  -9.1970231E-05  -3.8287273E-03   1.2690816E-03   4.8597931E-04  -1.3003401E-03  -4.8417200E-05   2.0845178E-05
 -5.6237938E-06   2.7084102E-05  -6.3512465E-06  -1.6109452E-03  -3.4583518E-03   1.5325102E-04   1.0565325E-05   1.5345220E-01  -3.4638629E-03  -2.3176095E-01  -5.6762977E+00  -4.8691424E-01  -8.6364812E-01  -6.9206393E-01   1.8133998E-01   3.3910836E+00   6.2630796E-01   1.8883293E-01   1.9840818E-01   1.6091090E-03   8.5593177E-04  -1.8333648E-03   3.1453296E-04  -2.3968705E-03   3.9063461E-03   1.8988967E-04  -4.0785459E-06
 -1.7514243E-05   7.8000969E-05  -3.6218841E-06  -2.9864719E-03  -6.3295569E-03  -6.7478983E-04   2.2157124E-05   4.5146222E-01   7.9701932E-05   1.3805794E-01   5.9349274E+00  -9.9745170E-01  -4.5926272E-01  -8.5942620E-01  -1.8138908E-01   6.2630796E-01   3.1604444E+00   2.6823720E+00   2.8385762E+00   2.1413863E-04  -6.1696950E-04   6.6388797E-04  -3.0538441E-04   5.5219493E-04   1.4777177E-02  -1.7770040E-04  -5.0900460E-05
 -2.7589176E-05   9.9918735E-05  -2.2663693E-05  -4.9860139E-03  -1.0509373E-02  -8.4589988E-04  -2.3873461E-05  -5.8978777E+00   1.0086083E-01   2.3599889E+00  -1.1056472E+01   3.2412678E+00   3.7911053E+00   4.8987992E+00  -1.4901504E+00   1.8883293E-01   2.6823720E+00   1.0670372E+01   1.9252066E+01  -8.9272909E-04  -1.3708755E-03   2.2701762E-03  -5.5717590E-04   3.8011531E-03   2.5580335E-02  -4.4831909E-05   3.8746393E-04
 -7.5400915E-06   6.7740370E-05  -5.7003907E-05  -1.9049823E-03  -2.6787588E-03   7.8068425E-04   7.8357217E-04  -3.2870025E+01   1.4660427E-01   2.9569067E+00  -2.2202491E+01   3.8271990E+00   6.4706250E+00   3.1866365E+01  -1.5457877E+00   1.9840818E-01   2.8385762E+00   1.9252066E+01   5.3363621E+01  -1.3262186E-03  -1.3721261E-03   4.4243970E-03  -2.8709270E-03   8.0299787E-04   1.9280220E-02   2.2713986E-05   8.6155198E-04
 -7.7110204E-08   5.0283601E-07   1.7860808E-07   8.0543104E-06   1.5294885E-05  -1.4723331E-06  -1.1380813E-06   3.2382298E-06  -1.3305570E-04  -2.0914451E-04   1.4060246E-02  -1.7990221E-03  -2.8785433E-03   2.6131548E-04  -1.9929832E-04   1.6091090E-03   2.1413863E-04  -8.9272909E-04  -1.3262186E-03   1.4361338E-03   2.7546848E-04   1.0246524E-04  -3.2327811E-04  -9.5368963E-05   4.5520403E-05  -1.1534489E-08  -2.1565779E-07
 -1.5574093E-07   5.6749435E-07  -1.4935562E-07  -4.0336021E-06  -8.1685095E-06  -1.3270154E-06   3.7613060E-08   2.2038121E-03  -3.4405351E-05  -6.8218238E-04   1.8357361E-02   5.1448351E-03   2.9537863E-03   5.1396036E-04  -9.1970231E-05   8.5593177E-04  -6.1696950E-04  -1.3708755E-03  -1.3721261E-03   2.7546848E-04   8.7297116E-04   2.8297565E-05   7.4967040E-04   5.1552604E-05  -7.6118910E-04   7.5999670E-08   3.9537517E-07
  7.7317196E-08   3.5216155E-07  -1.3160581E-07   1.9946304E-05   3.8502329E-05  -8.3360335E-07  -1.7246006E-06   2.1298134E-03   9.4949494E-05  -1.4754537E-03   4.9069850E-02   1.8707018E-02   1.0820490E-02   1.6544872E-03  -3.8287273E-03  -1.8333648E-03   6.6388797E-04   2.2701762E-03   4.4243970E-03   1.0246524E-04   2.8297565E-05   7.0217957E-03  -1.9950402E-04   6.6374131E-04   4.3940057E-03  -6.7154894E-08  -4.2217923E-07
 -4.2485306E-07   1.3079476E-06  -4.9071585E-07  -3.3365001E-05  -7.1280356E-05  -4.1805492E-06  -2.1234447E-06   5.3063314E-04   3.8811479E-04  -2.0183088E-03   1.8858052E-02   1.5760805E-02   1.4610746E-02   8.7213999E-03   1.2690816E-03   3.1453296E-04  -3.0538441E-04  -5.5717590E-04  -2.8709270E-03  -3.2327811E-04   7.4967040E-04  -1.9950402E-04   2.8796897E-03   5.6117241E-04  -1.1916536E-03   3.8795228E-07   5.8719099E-07
 -8.0449493E-07   3.9099907E-06   2.9225274E-09  -3.3680741E-05  -6.8396219E-05  -8.7801995E-06  -2.8730549E-06   1.4129945E-03   9.8195253E-05   7.4861531E-04  -2.5810446E-02   9.8931884E-03   5.1048748E-03   2.2825313E-03   4.8597931E-04  -2.3968705E-03   5.5219493E-04   3.8011531E-03   8.0299787E-04  -9.5368963E-05   5.1552604E-05   6.6374131E-04   5.6117241E-04   6.3882986E-03   7.8728343E-03  -9.9905740E-07  -6.0551728E-07
 -2.4806587E-06   1.1544803E-05  -1.2514434E-06  -9.1438724E-05  -1.4286483E-04  -4.5007502E-05   1.0528487E-05   2.1791241E-02   6.0057434E-04   1.5052762E-03  -4.2282092E-02   6.6665064E-02   3.4515257E-02  -9.7057523E-03  -1.3003401E-03   3.9063461E-03   1.4777177E-02   2.5580335E-02   1.9280220E-02   4.5520403E-05  -7.6118910E-04   4.3940057E-03  -1.1916536E-03   7.8728343E-03   7.1475336E-02  -7.3821297E-07  -3.8340453E-06
  2.4567416E-09  -1.9496216E-09  -3.8108316E-09   7.1172127E-08   3.2201339E-07  -7.7051793E-08   2.0135419E-08  -1.7935844E-04   6.8253534E-06   8.4798508E-05   3.7917352E-03   5.9713506E-05   3.8273731E-04   3.7209330E-04  -4.8417200E-05   1.8988967E-04  -1.7770040E-04  -4.4831909E-05   2.2713986E-05  -1.1534489E-08   7.5999670E-08  -6.7154894E-08   3.8795228E-07  -9.9905740E-07  -7.3821297E-07   3.7882196E-07   1.2707169E-09
 -2.9019225E-09   4.4350918E-09  -4.8123208E-09  -5.6214843E-07  -1.1428145E-06  -8.9799153E-08   5.4423127E-11   7.4566799E-04  -1.7104224E-06  -5.7246694E-05   5.8519000E-04   1.9056406E-04  -3.8181362E-04  -1.3944579E-03   2.0845178E-05  -4.0785459E-06  -5.0900460E-05   3.8746393E-04   8.6155198E-04  -2.1565779E-07   3.9537517E-07  -4.2217923E-07   5.8719099E-07  -6.0551728E-07  -3.8340453E-06   1.2707169E-09   3.7795751E-07
