# omegabh2 omegach2 theta tau logA ns calPlanck aps100 aps143 aps217 acib217 asz143 psr cibr xi aksz dust100 dust143 dust217 dust143x217 cal0 cal2 calTE calEE
  2.0161405E-08  -4.2324117E-08   9.1204734E-09   2.3230001E-07   4.6370023E-07   1.6542526E-07   1.9606700E-08  -3.9060245E-04  -2.3497844E-04   9.8773768E-05  -1.1352012E-04   1.8840343E-05   9.8117369E-07  -1.9277751E-06   4.7309883E-07  -3.5168267E-05   2.7325108E-07  -5.9773258E-07   5.8261556E-07  -4.3853253E-07   1.2314500E-09  -5.2235166E-09  -1.0709159E-07  -2.4807792E-07
 -4.2324117E-08   8.3079054E-07  -4.4034758E-08  -2.1120407E-06  -2.8590613E-06  -1.8052947E-06  -2.4692137E-07   6.7737252E-04   3.5746697E-04  -1.9403146E-04   1.3642517E-04  -5.1565891E-05  -1.5753030E-06   1.5720277E-06   2.3972627E-06   9.5500787E-05   1.9551503E-06   7.1746974E-06   5.2919984E-08   4.5694537E-06  -3.5187830E-08   1.6469772E-08  -1.2909574E-07  -5.0397311E-07
  9.1204734E-09  -4.4034758E-08   8.8579453E-08   1.6424278E-07   3.1810974E-07   2.4281873E-07   6.8764748E-09  -1.9172827E-04  -9.5196754E-06   1.9591587E-05   6.9762393E-06   1.6745845E-05   1.1071448E-07   1.1881632E-06   5.3229577E-07  -1.9358851E-05  -5.9073429E-07  -5.3932932E-09  -5.8495076E-08  -8.6745879E-07  -4.7513691E-09  -2.2517356E-09  -6.9990354E-08  -2.2714618E-10
  2.3230001E-07  -2.1120407E-06   1.6424278E-07   5.2654390E-05   9.6882194E-05   8.2370870E-06  -1.2040748E-06  -9.8272754E-03  -3.0909922E-03   2.5377804E-03  -3.1615331E-03   1.8073663E-04  -5.7670326E-06  -9.5374998E-06   1.2396157E-05  -7.9625041E-04  -1.9498162E-05  -2.5717432E-05   1.9616613E-05  -2.4936286E-05  -1.5355198E-07  -1.7694718E-07  -3.6895776E-06  -3.0531534E-06
  4.6370023E-07  -2.8590613E-06   3.1810974E-07   9.6882194E-05   2.0823023E-04   1.1631668E-05   9.8051835E-06  -1.0247348E-02  -3.6285634E-03   1.2863460E-02  -7.3783706E-03   2.0468557E-04   1.3884957E-05  -8.6565810E-05   6.9343492E-05  -2.4119492E-03  -4.1455039E-05  -1.2682170E-04   5.6254505E-05  -6.1969744E-05   2.9099304E-07  -4.7850982E-07  -7.5087834E-06  -4.6003474E-06
  1.6542526E-07  -1.8052947E-06   2.4281873E-07   8.2370870E-06   1.1631668E-05   1.4207394E-05   5.5764197E-07  -2.4730435E-02  -6.8981622E-03   9.2708172E-03  -6.0487220E-03   6.1044046E-04   6.8375029E-05  -1.2573692E-04   3.9848442E-05  -1.9456794E-03   1.0830836E-05  -4.3938584E-05   2.7004081E-05  -1.0288824E-05  -3.4423085E-07  -4.6197551E-07  -4.8936441E-07  -2.8896101E-06
  1.9606700E-08  -2.4692137E-07   6.8764748E-09  -1.2040748E-06   9.8051835E-06   5.5764197E-07   6.3793771E-06   4.3771800E-03   4.5579391E-04   1.4637371E-03   4.8974171E-04  -4.0947763E-05   2.3907079E-06  -1.2221739E-05  -2.3645648E-06  -4.7427903E-05   5.6096532E-06  -1.7641472E-07   2.4591362E-06  -2.9683651E-06   1.6290157E-08  -1.1499984E-07  -2.6750731E-07  -1.2844353E-08
 -3.9060245E-04   6.7737252E-04  -1.9172827E-04  -9.8272754E-03  -1.0247348E-02  -2.4730435E-02   4.3771800E-03   6.0318484E+02   5.6924665E+01  -5.8938756E+01   3.1023322E+01  -2.4710512E+01  -8.4711592E-01  -1.8195190E-01  -2.9985664E-01   1.1289972E+01  -1.7730565E-01   3.2647018E-01  -2.1529791E-01  -7.3273450E-02   6.2009572E-03   3.4020671E-03   2.8972896E-03   7.2400380E-03
 -2.3497844E-04   3.5746697E-04  -9.5196754E-06  -3.0909922E-03  -3.6285634E-03  -6.8981622E-03   4.5579391E-04   5.6924665E+01   6.7022786E+01   9.3771698E+00   6.5520120E+00  -6.1154023E-02  -2.2062877E-02   4.7603792E-01   9.0349716E-01  -8.8135578E+00  -2.9954663E-02  -2.1018632E-01   5.1571692E-02   6.8380667E-02   6.5252058E-04   6.0404595E-04   1.3044095E-03   5.1916012E-03
  9.8773768E-05  -1.9403146E-04   1.9591587E-05   2.5377804E-03   1.2863460E-02   9.2708172E-03   1.4637371E-03  -5.8938756E+01   9.3771698E+00   1.7685610E+02  -8.3737488E+01   2.9521214E+00   3.1085817E-01  -1.0242537E+00   2.9837947E-01  -7.8845474E+00  -5.9117990E-02  -2.4132151E-01   5.8729108E-01   2.7396888E-02   1.4772594E-03  -7.5995638E-03   2.3899660E-03   3.4805078E-03
 -1.1352012E-04   1.3642517E-04   6.9762393E-06  -3.1615331E-03  -7.3783706E-03  -6.0487220E-03   4.8974171E-04   3.1023322E+01   6.5520120E+00  -8.3737488E+01   5.2448075E+01   1.6884570E+00  -1.5460665E-02   7.1505454E-01  -2.1479701E-01  -2.6406022E+00   3.4659442E-02   1.5306923E-01  -4.7256313E-01  -1.3246416E-01  -4.8641792E-04   3.0011157E-03  -8.2613425E-04   2.3310588E-04
  1.8840343E-05  -5.1565891E-05   1.6745845E-05   1.8073663E-04   2.0468557E-04   6.1044046E-04  -4.0947763E-05  -2.4710512E+01  -6.1154023E-02   2.9521214E+00   1.6884570E+00   4.4035029E+00   1.0182329E-01   1.6776076E-01  -3.3955418E-02  -3.6179956E+00  -8.4260904E-04   9.9063896E-04   8.3013082E-03   4.9012349E-02   4.7554688E-04  -2.6245906E-04  -1.9930047E-04   1.2660947E-05
  9.8117369E-07  -1.5753030E-06   1.1071448E-07  -5.7670326E-06   1.3884957E-05   6.8375029E-05   2.3907079E-06  -8.4711592E-01  -2.2062877E-02   3.1085817E-01  -1.5460665E-02   1.0182329E-01   1.6556999E-02  -1.6366666E-02   1.1646825E-02  -1.0751092E-01  -5.9526611E-05  -7.9087883E-04  -3.2009328E-03   4.7935562E-03   1.5539374E-05  -4.0084194E-05   1.8069378E-05   3.8091090E-06
 -1.9277751E-06   1.5720277E-06   1.1881632E-06  -9.5374998E-06  -8.6565810E-05  -1.2573692E-04  -1.2221739E-05  -1.8195190E-01   4.7603792E-01  -1.0242537E+00   7.1505454E-01   1.6776076E-01  -1.6366666E-02   6.8855748E-02   4.8862518E-03  -1.6184225E-01   7.3990663E-04   6.6716548E-03  -6.5422532E-05  -1.7901472E-02  -6.2950991E-06   9.3995154E-05  -5.5709882E-05   1.3933255E-05
  4.7309883E-07   2.3972627E-06   5.3229577E-07   1.2396157E-05   6.9343492E-05   3.9848442E-05  -2.3645648E-06  -2.9985664E-01   9.0349716E-01   2.9837947E-01  -2.1479701E-01  -3.3955418E-02   1.1646825E-02   4.8862518E-03   8.2207665E-02   3.1785002E-02  -1.2104742E-04   1.6645615E-04   1.2702775E-04   8.1451834E-06   1.1477482E-05  -1.6642471E-05   2.9166213E-06   1.6499000E-05
 -3.5168267E-05   9.5500787E-05  -1.9358851E-05  -7.9625041E-04  -2.4119492E-03  -1.9456794E-03  -4.7427903E-05   1.1289972E+01  -8.8135578E+00  -7.8845474E+00  -2.6406022E+00  -3.6179956E+00  -1.0751092E-01  -1.6184225E-01   3.1785002E-02   7.4561248E+00  -5.2567793E-03  -7.6879216E-03  -2.9309013E-03  -4.8146215E-02  -3.2980598E-04   1.1522522E-04  -1.2909629E-04  -4.9774887E-04
  2.7325108E-07   1.9551503E-06  -5.9073429E-07  -1.9498162E-05  -4.1455039E-05   1.0830836E-05   5.6096532E-06  -1.7730565E-01  -2.9954663E-02  -5.9117990E-02   3.4659442E-02  -8.4260904E-04  -5.9526611E-05   7.3990663E-04  -1.2104742E-04  -5.2567793E-03   3.7588296E-02   3.3776637E-03  -2.6292548E-04   8.0065358E-04   3.5626309E-05  -7.1519180E-06  -2.3335577E-05  -2.7097831E-05
 -5.9773258E-07   7.1746974E-06  -5.3932932E-09  -2.5717432E-05  -1.2682170E-04  -4.3938584E-05  -1.7641472E-07   3.2647018E-01  -2.1018632E-01  -2.4132151E-01   1.5306923E-01   9.9063896E-04  -7.9087883E-04   6.6716548E-03   1.6645615E-04  -7.6879216E-03   3.3776637E-03   2.9518440E-02  -6.4862498E-04   5.2064423E-03  -7.1851440E-05  -4.2785555E-05  -6.2738917E-05  -8.9078047E-05
  5.8261556E-07   5.2919984E-08  -5.8495076E-08   1.9616613E-05   5.6254505E-05   2.7004081E-05   2.4591362E-06  -2.1529791E-01   5.1571692E-02   5.8729108E-01  -4.7256313E-01   8.3013082E-03  -3.2009328E-03  -6.5422532E-05   1.2702775E-04  -2.9309013E-03  -2.6292548E-04  -6.4862498E-04   1.1191760E-02   8.7874378E-03   4.6695064E-06   6.5751536E-05   7.2031139E-06  -5.0310108E-06
 -4.3853253E-07   4.5694537E-06  -8.6745879E-07  -2.4936286E-05  -6.1969744E-05  -1.0288824E-05  -2.9683651E-06  -7.3273450E-02   6.8380667E-02   2.7396888E-02  -1.3246416E-01   4.9012349E-02   4.7935562E-03  -1.7901472E-02   8.1451834E-06  -4.8146215E-02   8.0065358E-04   5.2064423E-03   8.7874378E-03   2.6682399E-02   2.4792739E-06   5.8620335E-05   2.0265498E-07  -2.1451392E-05
  1.2314500E-09  -3.5187830E-08  -4.7513691E-09  -1.5355198E-07   2.9099304E-07  -3.4423085E-07   1.6290157E-08   6.2009572E-03   6.5252058E-04   1.4772594E-03  -4.8641792E-04   4.7554688E-04   1.5539374E-05  -6.2950991E-06   1.1477482E-05  -3.2980598E-04   3.5626309E-05  -7.1851440E-05   4.6695064E-06   2.4792739E-06   1.0932166E-06   5.5349187E-08   3.2501885E-07   7.9910026E-07
 -5.2235166E-09   1.6469772E-08  -2.2517356E-09  -1.7694718E-07  -4.7850982E-07  -4.6197551E-07  -1.1499984E-07   3.4020671E-03   6.0404595E-04  -7.5995638E-03   3.0011157E-03  -2.6245906E-04  -4.0084194E-05   9.3995154E-05  -1.6642471E-05   1.1522522E-04  -7.1519180E-06  -4.2785555E-05   6.5751536E-05   5.8620335E-05   5.5349187E-08   2.5263200E-06   3.5444946E-07   1.4946229E-07
 -1.0709159E-07  -1.2909574E-07  -6.9990354E-08  -3.6895776E-06  -7.5087834E-06  -4.8936441E-07  -2.6750731E-07   2.8972896E-03   1.3044095E-03   2.3899660E-03  -8.2613425E-04  -1.9930047E-04   1.8069378E-05  -5.5709882E-05   2.9166213E-06  -1.2909629E-04  -2.3335577E-05  -6.2738917E-05   7.2031139E-06   2.0265498E-07   3.2501885E-07   3.5444946E-07   2.4558753E-05   8.3981798E-06
 -2.4807792E-07  -5.0397311E-07  -2.2714618E-10  -3.0531534E-06  -4.6003474E-06  -2.8896101E-06  -1.2844353E-08   7.2400380E-03   5.1916012E-03   3.4805078E-03   2.3310588E-04   1.2660947E-05   3.8091090E-06   1.3933255E-05   1.6499000E-05  -4.9774887E-04  -2.7097831E-05  -8.9078047E-05  -5.0310108E-06  -2.1451392E-05   7.9910026E-07   1.4946229E-07   8.3981798E-06   2.4013261E-05
