# omegabh2 omegach2 theta tau logA ns nrun r calPlanck BBdust BBsync BBalphadust BBbetadust BBalphasync BBbetasync BBdustsynccorr acib217 xi asz143 aps100 aps143 aps143217 aps217 aksz kgal100 kgal143 kgal143217 kgal217 cal0 cal2
  4.5617685E-08  -3.8719464E-08   2.5793088E-08   3.7241013E-07   9.5560197E-07   1.5768407E-07  -7.2824466E-07   3.6049888E-07   1.7720166E-08  -1.8705409E-06  -2.5299622E-06   1.0328640E-06   1.6234654E-08   6.4657206E-07  -7.3622642E-07   1.9109991E-07  -3.2272143E-05  -3.5279392E-07   1.8675938E-05  -3.1841493E-04  -2.5773473E-04  -1.5360289E-04  -1.0701879E-04  -1.9033622E-05   1.1863656E-05   9.9964968E-06   4.5384120E-06   1.2975896E-05   3.9585627E-10  -1.0794221E-10
 -3.8719464E-08   1.1641490E-06  -4.2080690E-08  -2.5079639E-06  -2.6536086E-06  -2.5242057E-06  -3.2448892E-07  -1.3130992E-06  -2.2908730E-07  -5.4420157E-06  -5.1253348E-06  -4.1274397E-06   8.2750234E-07   7.8710240E-08  -1.3803021E-07   4.8796491E-06   5.8644836E-05   2.9997547E-06  -2.7302784E-05   4.0324512E-04   5.0819902E-04   3.1776542E-04   9.8981718E-05   7.9292216E-05   3.1793401E-05   2.0733509E-05   4.1410271E-05   1.7824264E-05  -9.6944938E-09  -5.1260798E-09
  2.5793088E-08  -4.2080690E-08   1.7830995E-07   2.8741743E-07   7.8416403E-07   3.3700372E-07  -1.9606487E-07   5.7107980E-08   2.8137771E-08  -2.3457739E-06  -1.3945851E-05   7.0840846E-07   3.1934583E-08   1.0422290E-06   4.7924708E-07   1.2039334E-06   2.2706077E-05  -4.3108756E-07  -1.1323065E-05  -3.5685818E-05  -3.4356028E-05  -6.3345682E-05  -5.9356794E-05   7.1496900E-06   5.5316395E-06   8.0041971E-06  -9.7342132E-08  -2.7671510E-06   5.1125031E-11   5.9581319E-09
  3.7241013E-07  -2.5079639E-06   2.8741743E-07   5.1825110E-05   9.7401238E-05   7.1705642E-06  -1.2717034E-05   4.9156764E-06  -1.0718077E-06   1.3935755E-05  -9.6800045E-06  -3.9822579E-05   2.3381761E-05  -6.2349769E-06  -2.1159676E-05  -3.9911813E-05   3.8296678E-04  -1.7101008E-05  -8.8098855E-05   9.4933193E-06  -1.8416850E-03  -2.3074177E-03  -2.3230583E-03   2.3136148E-04   2.2317973E-07   1.6469866E-04   6.8599684E-06  -5.0117634E-04  -3.4041105E-08  -1.7696637E-09
  9.5560197E-07  -2.6536086E-06   7.8416403E-07   9.7401238E-05   2.1797546E-04   6.0778181E-06  -3.8748411E-05   7.6684742E-06   9.5326455E-06  -3.8646366E-05  -6.9741032E-05  -9.3922924E-05   6.0447248E-05  -1.7308222E-07  -3.1753955E-05  -5.5991487E-05   2.0322900E-03  -4.4315000E-05  -7.1502130E-04   1.1699467E-02   1.4110214E-03  -2.1211327E-03  -1.5918484E-04   7.5778232E-04  -3.6284220E-05  -3.2765897E-06  -3.1896566E-04   3.1838880E-04   1.0406912E-07  -2.0475709E-08
  1.5768407E-07  -2.5242057E-06   3.3700372E-07   7.1705642E-06   6.0778181E-06   1.7789227E-05   7.4579251E-06   4.9751323E-06   5.8761396E-07   4.0726082E-05  -4.0354984E-05   1.0975911E-05   6.4591660E-08  -6.7988523E-06  -8.6120520E-06  -2.0605547E-05  -5.4603895E-03   9.1479543E-05   1.3753790E-03  -2.9022193E-02  -9.5459333E-03   8.9592037E-04   5.5877396E-03  -3.1963523E-03   2.5435744E-04  -3.8848902E-04  -3.3124907E-04   1.6926545E-03  -1.0396130E-07  -5.5592957E-08
 -7.2824466E-07  -3.2448892E-07  -1.9606487E-07  -1.2717034E-05  -3.8748411E-05   7.4579251E-06   5.7390289E-05  -2.4308994E-05   2.7123424E-07   6.3281336E-05   3.4694306E-05   3.1327125E-07  -2.3677498E-05  -1.1508944E-05  -4.2663767E-06   5.3980480E-06  -6.8751809E-03   1.4985173E-04   1.8278833E-03  -3.0603920E-02  -1.3027286E-02   6.4321423E-04   5.4387946E-03  -3.5889687E-03  -5.2820964E-04  -1.0277967E-03  -9.0558639E-04   1.4774629E-03  -8.1912589E-08  -1.1054572E-07
  3.6049888E-07  -1.3130992E-06   5.7107980E-08   4.9156764E-06   7.6684742E-06   4.9751323E-06  -2.4308994E-05   3.6699103E-04  -1.1534777E-06  -3.4861340E-04  -9.8741840E-04  -8.4537952E-05   3.4353306E-04  -4.1357373E-05  -1.7052299E-04  -9.1318129E-04   1.9081024E-03  -5.9422151E-05   1.4807356E-04   5.3676849E-03   2.0293567E-03  -6.6177711E-04  -1.7129533E-03   6.0438658E-04  -3.0413348E-04   4.3644685E-04   9.9493313E-04  -2.0903398E-04   1.2972211E-08  -7.8802053E-08
  1.7720166E-08  -2.2908730E-07   2.8137771E-08  -1.0718077E-06   9.5326455E-06   5.8761396E-07   2.7123424E-07  -1.1534777E-06   6.1158910E-06  -1.4693788E-05  -1.0797276E-05  -2.8638180E-06   3.2156755E-06   2.9976058E-06   7.5943738E-07   1.5946920E-06   5.4143955E-04  -1.1855369E-05  -1.5688670E-07   3.7540515E-03   2.3082529E-04   3.5170632E-05   1.2074895E-03   5.3434054E-05   4.5327439E-05  -3.3921222E-05  -6.1803659E-05   8.3757658E-04   1.6151497E-08  -4.7606301E-09
 -1.8705409E-06  -5.4420157E-06  -2.3457739E-06   1.3935755E-05  -3.8646366E-05   4.0726082E-05   6.3281336E-05  -3.4861340E-04  -1.4693788E-05   1.0669474E+00   8.7080807E-03  -1.2362423E-01   4.6215000E-02  -4.1762735E-03   2.5673115E-03  -7.9583768E-03   3.4641084E-02   4.0982237E-03   6.4698485E-03  -2.8620255E-03  -8.4826955E-03   6.0794012E-02   1.3527079E-02  -2.7151194E-02  -1.0213653E-02   1.1099330E-02   4.9576798E-02   4.4283794E-02   1.4378944E-06   1.6915675E-05
 -2.5299622E-06  -5.1253348E-06  -1.3945851E-05  -9.6800045E-06  -6.9741032E-05  -4.0354984E-05   3.4694306E-05  -9.8741840E-04  -1.0797276E-05   8.7080807E-03   1.1505142E+00  -3.7462066E-03  -2.8224624E-03   1.5153751E-02  -4.0751690E-02   4.4145884E-02  -4.3321750E-02   3.5659590E-03  -3.2260750E-02   7.1859379E-02   4.8137324E-02   8.5631624E-02   6.7280018E-02   3.4365500E-02   6.7233214E-03  -2.9793519E-02  -8.7339672E-02  -9.9323563E-02   9.9372621E-06  -3.4081750E-06
  1.0328640E-06  -4.1274397E-06   7.0840846E-07  -3.9822579E-05  -9.3922924E-05   1.0975911E-05   3.1327125E-07  -8.4537952E-05  -2.8638180E-06  -1.2362423E-01  -3.7462066E-03   6.0800595E-02  -1.0400050E-03   1.4478933E-03   6.3245205E-04  -7.8163187E-04  -1.0786520E-02  -9.1218618E-04  -6.8334620E-04  -2.2802206E-02   7.2358566E-03  -1.6599278E-02   7.8744803E-03   1.1684914E-03   6.2048563E-03  -2.4202427E-03  -2.1023022E-03   6.0062195E-04  -1.2026716E-06  -1.9251179E-06
  1.6234654E-08   8.2750234E-07   3.1934583E-08   2.3381761E-05   6.0447248E-05   6.4591660E-08  -2.3677498E-05   3.4353306E-04   3.2156755E-06   4.6215000E-02  -2.8224624E-03  -1.0400050E-03   9.3335608E-03   3.2102157E-04  -1.3514608E-03   1.1021823E-03   6.3035095E-03  -1.9196298E-05  -2.6419880E-04   1.3064639E-02   1.5717642E-03  -1.4369590E-03  -2.2025432E-03  -9.3553176E-04   7.3905551E-05   1.7514049E-03   5.9598870E-03   7.2716940E-03  -4.2164818E-07   9.5148748E-07
  6.4657206E-07   7.8710240E-08   1.0422290E-06  -6.2349769E-06  -1.7308222E-07  -6.7988523E-06  -1.1508944E-05  -4.1357373E-05   2.9976058E-06  -4.1762735E-03   1.5153751E-02   1.4478933E-03   3.2102157E-04   8.1621609E-02  -7.6987043E-04   1.8799815E-03  -1.8576308E-02   8.6424481E-04   6.0068608E-03  -5.5291739E-02   8.5211779E-03   2.3852963E-02   3.2898571E-02   1.2354142E-03  -1.6402683E-03   1.2830710E-03   5.8499932E-03   2.7444833E-03  -1.3134650E-06  -1.7765218E-06
 -7.3622642E-07  -1.3803021E-07   4.7924708E-07  -2.1159676E-05  -3.1753955E-05  -8.6120520E-06  -4.2663767E-06  -1.7052299E-04   7.5943738E-07   2.5673115E-03  -4.0751690E-02   6.3245205E-04  -1.3514608E-03  -7.6987043E-04   7.4069623E-02  -4.7069265E-03   9.8118836E-03   6.9642670E-04  -3.4891575E-03   3.4838825E-02   2.8939983E-02   2.3922374E-02   1.4756306E-02  -6.1681028E-03  -5.8479509E-03  -4.3201681E-04  -4.0436121E-04  -1.2032915E-03   3.0596053E-08   1.6183294E-07
  1.9109991E-07   4.8796491E-06   1.2039334E-06  -3.9911813E-05  -5.5991487E-05  -2.0605547E-05   5.3980480E-06  -9.1318129E-04   1.5946920E-06  -7.9583768E-03   4.4145884E-02  -7.8163187E-04   1.1021823E-03   1.8799815E-03  -4.7069265E-03   8.0287595E-02  -2.9057061E-02   7.8481305E-04  -3.7896412E-03   2.0529477E-02   9.4829092E-03   1.9173506E-02   4.8535620E-02   1.4346989E-03  -3.3253829E-03   4.3242333E-03  -2.1640487E-03   1.1755520E-02  -1.2277146E-06  -1.5229868E-06
 -3.2272143E-05   5.8644836E-05   2.2706077E-05   3.8296678E-04   2.0322900E-03  -5.4603895E-03  -6.8751809E-03   1.9081024E-03   5.4143955E-04   3.4641084E-02  -4.3321750E-02  -1.0786520E-02   6.3035095E-03  -1.8576308E-02   9.8118836E-03  -2.9057061E-02   4.5986932E+01  -4.0538192E-01  -1.0075262E+00   3.9396856E+01   3.7670311E+00  -1.2672500E+01  -5.5266880E+01   1.6983422E-01   1.5002571E-01   5.1529811E-01  -5.9790069E+00  -3.4511125E+01  -1.6511658E-04   7.3595167E-04
 -3.5279392E-07   2.9997547E-06  -4.3108756E-07  -1.7101008E-05  -4.4315000E-05   9.1479543E-05   1.4985173E-04  -5.9422151E-05  -1.1855369E-05   4.0982237E-03   3.5659590E-03  -9.1218618E-04  -1.9196298E-05   8.6424481E-04   6.9642670E-04   7.8481305E-04  -4.0538192E-01   8.1416944E-02  -5.3023037E-02  -5.1396399E-01   8.7531438E-01   1.6089780E+00   6.3904394E-01   4.5935584E-02   1.2244145E-03   1.2915992E-02   8.4124433E-02   1.2232620E-01   2.3258595E-06  -2.3098280E-06
  1.8675938E-05  -2.7302784E-05  -1.1323065E-05  -8.8098855E-05  -7.1502130E-04   1.3753790E-03   1.8278833E-03   1.4807356E-04  -1.5688670E-07   6.4698485E-03  -3.2260750E-02  -6.8334620E-04  -2.6419880E-04   6.0068608E-03  -3.4891575E-03  -3.7896412E-03  -1.0075262E+00  -5.3023037E-02   4.1301511E+00  -3.2599505E+01  -3.9534936E+00   8.0027648E+00   5.6888915E+00  -3.2238715E+00  -1.6190397E-01   1.8456521E-01   2.8306803E+00   3.6427377E+00   1.1330721E-04  -4.8463922E-05
 -3.1841493E-04   4.0324512E-04  -3.5685818E-05   9.4933193E-06   1.1699467E-02  -2.9022193E-02  -3.0603920E-02   5.3676849E-03   3.7540515E-03  -2.8620255E-03   7.1859379E-02  -2.2802206E-02   1.3064639E-02  -5.5291739E-02   3.4838825E-02   2.0529477E-02   3.9396856E+01  -5.1396399E-01  -3.2599505E+01   8.0444243E+02   7.9185024E+01  -5.4433492E+01  -6.2437097E+01   1.8633052E+01  -6.4654904E+00   5.2720416E+00  -1.4222371E+01  -2.8852994E+01   3.8354808E-03   4.6023309E-04
 -2.5773473E-04   5.0819902E-04  -3.4356028E-05  -1.8416850E-03   1.4110214E-03  -9.5459333E-03  -1.3027286E-02   2.0293567E-03   2.3082529E-04  -8.4826955E-03   4.8137324E-02   7.2358566E-03   1.5717642E-03   8.5211779E-03   2.8939983E-02   9.4829092E-03   3.7670311E+00   8.7531438E-01  -3.9534936E+00   7.9185024E+01   6.7651706E+01   4.1569908E+01   1.5187986E+01  -4.1280696E+00  -2.4633742E-01  -1.0633743E+00   3.3256325E+00   3.2199912E+00   9.2092528E-05   2.2259156E-05
 -1.5360289E-04   3.1776542E-04  -6.3345682E-05  -2.3074177E-03  -2.1211327E-03   8.9592037E-04   6.4321423E-04  -6.6177711E-04   3.5170632E-05   6.0794012E-02   8.5631624E-02  -1.6599278E-02  -1.4369590E-03   2.3852963E-02   2.3922374E-02   1.9173506E-02  -1.2672500E+01   1.6089780E+00   8.0027648E+00  -5.4433492E+01   4.1569908E+01   8.6475227E+01   5.5019792E+01  -1.3045673E+01  -6.0175196E-01  -5.1712523E-01   4.9038622E+00   8.1855542E+00   4.1472676E-04  -5.0831920E-04
 -1.0701879E-04   9.8981718E-05  -5.9356794E-05  -2.3230583E-03  -1.5918484E-04   5.5877396E-03   5.4387946E-03  -1.7129533E-03   1.2074895E-03   1.3527079E-02   6.7280018E-02   7.8744803E-03  -2.2025432E-03   3.2898571E-02   1.4756306E-02   4.8535620E-02  -5.5266880E+01   6.3904394E-01   5.6888915E+00  -6.2437097E+01   1.5187986E+01   5.5019792E+01   1.0444957E+02  -1.0236233E+01  -5.6537295E-01  -1.1427643E+00   5.6786846E+00   3.4065870E+01   4.5283836E-04  -1.4363436E-03
 -1.9033622E-05   7.9292216E-05   7.1496900E-06   2.3136148E-04   7.5778232E-04  -3.1963523E-03  -3.5889687E-03   6.0438658E-04   5.3434054E-05  -2.7151194E-02   3.4365500E-02   1.1684914E-03  -9.3553176E-04   1.2354142E-03  -6.1681028E-03   1.4346989E-03   1.6983422E-01   4.5935584E-02  -3.2238715E+00   1.8633052E+01  -4.1280696E+00  -1.3045673E+01  -1.0236233E+01   6.9300064E+00   5.5731933E-02  -2.0036942E-01  -2.3251554E+00  -2.7146573E+00  -6.3767509E-05   4.1936311E-05
  1.1863656E-05   3.1793401E-05   5.5316395E-06   2.2317973E-07  -3.6284220E-05   2.5435744E-04  -5.2820964E-04  -3.0413348E-04   4.5327439E-05  -1.0213653E-02   6.7233214E-03   6.2048563E-03   7.3905551E-05  -1.6402683E-03  -5.8479509E-03  -3.3253829E-03   1.5002571E-01   1.2244145E-03  -1.6190397E-01  -6.4654904E+00  -2.4633742E-01  -6.0175196E-01  -5.6537295E-01   5.5731933E-02   3.3778977E+00   5.7164841E-01   3.4376687E-01   4.1790933E-01   1.7841614E-04   1.4710733E-05
  9.9964968E-06   2.0733509E-05   8.0041971E-06   1.6469866E-04  -3.2765897E-06  -3.8848902E-04  -1.0277967E-03   4.3644685E-04  -3.3921222E-05   1.1099330E-02  -2.9793519E-02  -2.4202427E-03   1.7514049E-03   1.2830710E-03  -4.3201681E-04   4.3242333E-03   5.1529811E-01   1.2915992E-02   1.8456521E-01   5.2720416E+00  -1.0633743E+00  -5.1712523E-01  -1.1427643E+00  -2.0036942E-01   5.7164841E-01   3.1783482E+00   2.8360193E+00   2.9297829E+00  -1.7021367E-04  -3.0255920E-05
  4.5384120E-06   4.1410271E-05  -9.7342132E-08   6.8599684E-06  -3.1896566E-04  -3.3124907E-04  -9.0558639E-04   9.9493313E-04  -6.1803659E-05   4.9576798E-02  -8.7339672E-02  -2.1023022E-03   5.9598870E-03   5.8499932E-03  -4.0436121E-04  -2.1640487E-03  -5.9790069E+00   8.4124433E-02   2.8306803E+00  -1.4222371E+01   3.3256325E+00   4.9038622E+00   5.6786846E+00  -2.3251554E+00   3.4376687E-01   2.8360193E+00   1.1291373E+01   2.0246375E+01   9.7985573E-07   4.1960759E-04
  1.2975896E-05   1.7824264E-05  -2.7671510E-06  -5.0117634E-04   3.1838880E-04   1.6926545E-03   1.4774629E-03  -2.0903398E-04   8.3757658E-04   4.4283794E-02  -9.9323563E-02   6.0062195E-04   7.2716940E-03   2.7444833E-03  -1.2032915E-03   1.1755520E-02  -3.4511125E+01   1.2232620E-01   3.6427377E+00  -2.8852994E+01   3.2199912E+00   8.1855542E+00   3.4065870E+01  -2.7146573E+00   4.1790933E-01   2.9297829E+00   2.0246375E+01   5.6009259E+01   8.9401973E-05   9.4604569E-04
  3.9585627E-10  -9.6944938E-09   5.1125031E-11  -3.4041105E-08   1.0406912E-07  -1.0396130E-07  -8.1912589E-08   1.2972211E-08   1.6151497E-08   1.4378944E-06   9.9372621E-06  -1.2026716E-06  -4.2164818E-07  -1.3134650E-06   3.0596053E-08  -1.2277146E-06  -1.6511658E-04   2.3258595E-06   1.1330721E-04   3.8354808E-03   9.2092528E-05   4.1472676E-04   4.5283836E-04  -6.3767509E-05   1.7841614E-04  -1.7021367E-04   9.7985573E-07   8.9401973E-05   3.7998569E-07  -2.4824222E-09
 -1.0794221E-10  -5.1260798E-09   5.9581319E-09  -1.7696637E-09  -2.0475709E-08  -5.5592957E-08  -1.1054572E-07  -7.8802053E-08  -4.7606301E-09   1.6915675E-05  -3.4081750E-06  -1.9251179E-06   9.5148748E-07  -1.7765218E-06   1.6183294E-07  -1.5229868E-06   7.3595167E-04  -2.3098280E-06  -4.8463922E-05   4.6023309E-04   2.2259156E-05  -5.0831920E-04  -1.4363436E-03   4.1936311E-05   1.4710733E-05  -3.0255920E-05   4.1960759E-04   9.4604569E-04  -2.4824222E-09   3.9414125E-07
