# omegabh2 omegach2 theta tau w logA ns calPlanck acib217 xi asz143 aps100 aps143 aps143217 aps217 aksz kgal100 kgal143 kgal143217 kgal217 galfTE100 galfTE100143 galfTE100217 galfTE143 galfTE143217 galfTE217 cal0 cal2
  1.9304091E-08  -7.6789952E-08   1.2703129E-08   1.4500266E-07   1.3250646E-06   2.1672034E-07   1.9216761E-07   1.5344874E-08  -6.2663452E-05   2.2180367E-06   1.2701615E-05  -2.6651513E-04  -1.8198440E-04  -4.9726475E-05  -1.0150491E-05  -2.3656372E-05  -4.6244432E-06  -1.0379229E-05  -1.5713486E-05  -2.4584687E-06  -3.2357832E-08  -8.1583524E-08   3.5204220E-09  -2.5566035E-07  -5.0564523E-07  -2.2250843E-06   2.0707821E-09  -1.1130330E-09
 -7.6789952E-08   1.3231385E-06  -9.9798385E-08  -1.3331835E-06  -2.1376652E-05   4.7858230E-07  -3.0963486E-06  -5.1426859E-08   1.0544966E-04  -4.3302940E-06  -4.2727801E-05   5.5982048E-04   6.4510694E-04   4.4883045E-04   3.9261227E-04  -9.6303638E-06  -1.9456876E-05  -1.9384802E-06  -3.7582943E-05  -6.3841547E-05  -2.7757409E-07   5.8668999E-07  -1.7843815E-06   2.5445429E-06   2.2026297E-06   7.3221339E-06   5.6437244E-09   2.6382092E-09
  1.2703129E-08  -9.9798385E-08   8.9504319E-08   1.1077320E-07   2.0830190E-06   7.4694202E-08   3.5135011E-07   1.3319520E-08   5.1945956E-05   8.9181225E-07   8.4659444E-06  -8.2145139E-05  -4.1813169E-05  -2.5491145E-05  -1.2038552E-04   1.4325950E-05   4.8336337E-06  -6.5370282E-06  -7.1502150E-06  -5.1232224E-05   4.0274629E-09  -8.7803431E-08  -1.9425827E-07  -3.6969291E-08  -2.2070999E-07  -1.5111336E-06   3.8059216E-10  -2.3471899E-09
  1.4500266E-07  -1.3331835E-06   1.1077320E-07   4.9514785E-05   2.6420904E-05   9.4635982E-05   5.6587253E-06  -5.2920614E-07  -1.9715487E-03   6.3708615E-05   3.7037963E-04  -1.2098323E-02  -3.7193460E-03  -1.1319000E-04   8.1136696E-04  -7.7105967E-04  -4.1163753E-05  -3.4353814E-04  -2.5174792E-04   4.4497407E-04   4.6530469E-06  -1.5660628E-06   2.8787141E-06  -6.6361052E-06  -4.8065020E-06   5.1212486E-06   2.7274003E-08  -3.5879181E-08
  1.3250646E-06  -2.1376652E-05   2.0830190E-06   2.6420904E-05   1.0781114E-03   6.9096461E-06   4.8820845E-05   2.8353064E-06  -1.8792133E-03   1.1292702E-04   1.9081422E-03  -2.3831482E-02  -1.1081088E-02  -1.8888307E-03  -3.8114802E-03   5.1534595E-04   5.3619929E-04   2.9942756E-04   6.9307492E-04   1.2415083E-03   3.5364487E-05  -2.2726835E-05   1.7939714E-05  -6.7334649E-05  -2.4794432E-05  -1.5281304E-04  -7.7209002E-08  -1.7483183E-07
  2.1672034E-07   4.7858230E-07   7.4694202E-08   9.4635982E-05   6.9096461E-06   2.1541522E-04   2.4716267E-06   1.0857054E-05  -3.6048567E-03   2.1825126E-04   4.5311675E-04  -2.0517318E-02  -3.9598352E-03   4.2338650E-03   7.8654125E-03  -2.1755216E-03  -2.1047603E-04  -1.3767019E-03  -1.2957272E-03   1.4493373E-03   5.0016870E-06  -6.2079245E-06   6.3792738E-07  -9.0539698E-06   6.7041845E-07   1.7837571E-05   2.2733384E-07  -8.2266583E-08
  1.9216761E-07  -3.0963486E-06   3.5135011E-07   5.6587253E-06   4.8820845E-05   2.4716267E-06   1.6304456E-05   1.2310470E-07  -4.0446817E-03   1.1050467E-04   8.6272699E-04  -2.1468048E-02  -6.1431239E-03   1.3126663E-03   3.8542992E-03  -1.8445869E-03   3.9338330E-04  -3.8243322E-04  -2.6748647E-04   1.1664173E-03   2.0169593E-06   6.4009086E-07   5.6893117E-06  -5.4471061E-06  -4.9827114E-06  -8.6163291E-06  -5.2629533E-08  -4.5190931E-08
  1.5344874E-08  -5.1426859E-08   1.3319520E-08  -5.2920614E-07   2.8353064E-06   1.0857054E-05   1.2310470E-07   5.9919963E-06   8.0010631E-04   2.4702576E-05  -7.6639728E-05   3.3317175E-03   9.8677469E-04   8.2169656E-04   1.1336745E-03   6.6245573E-05   1.0275238E-04  -3.8706719E-05  -3.4312352E-05   5.5095319E-04  -1.4984231E-06  -1.9623087E-06  -5.8995941E-07  -9.7148466E-07   3.0474828E-06   2.8442310E-06   7.7166534E-09   4.2228724E-09
 -6.2663452E-05   1.0544966E-04   5.1945956E-05  -1.9715487E-03  -1.8792133E-03  -3.6048567E-03  -4.0446817E-03   8.0010631E-04   4.4594540E+01  -3.6127099E-01  -8.3165059E-01   3.3857773E+01   2.4139209E+00  -1.1420261E+01  -5.4236422E+01  -3.3285987E-01   1.6950337E-01   3.6295348E-01  -6.3211540E+00  -3.4135608E+01  -4.2946923E-03  -2.1656723E-03  -6.2472284E-03   6.1375960E-04   3.1528612E-04  -5.2964186E-03  -2.1047128E-04   7.2691062E-04
  2.2180367E-06  -4.3302940E-06   8.9181225E-07   6.3708615E-05   1.1292702E-04   2.1825126E-04   1.1050467E-04   2.4702576E-05  -3.6127099E-01   8.1192579E-02  -4.1594236E-02  -5.3068672E-01   9.2405717E-01   1.7038054E+00   6.1730637E-01   3.1366054E-02   1.2758438E-04   2.3144236E-03   8.9471609E-02   1.0874172E-01   2.9704606E-04   1.6056643E-04   3.1168854E-04  -1.1420232E-04   4.5907439E-04   1.7501311E-03   6.8125891E-06  -1.7612248E-06
  1.2701615E-05  -4.2727801E-05   8.4659444E-06   3.7037963E-04   1.9081422E-03   4.5311675E-04   8.6272699E-04  -7.6639728E-05  -8.3165059E-01  -4.1594236E-02   3.9246879E+00  -3.0678508E+01  -3.1533289E+00   8.0631392E+00   5.5629366E+00  -2.7592934E+00  -2.2885783E-01   1.3332268E-01   2.6165943E+00   3.1599494E+00   5.1322041E-05   1.9311556E-05  -5.9389643E-04   2.5215188E-03  -1.9770513E-03  -5.6137620E-03   1.2393647E-04  -4.6087272E-05
 -2.6651513E-04   5.5982048E-04  -8.2145139E-05  -1.2098323E-02  -2.3831482E-02  -2.0517318E-02  -2.1468048E-02   3.3317175E-03   3.3857773E+01  -5.3068672E-01  -3.0678508E+01   7.6854985E+02   6.7428583E+01  -5.7566528E+01  -6.1167012E+01   1.4176143E+01  -6.2545138E+00   5.5304393E+00  -1.1729417E+01  -2.1792534E+01   1.0452752E-02  -2.5730668E-03   1.3539879E-02  -1.7487244E-02   3.2927932E-02  -2.9074688E-02   3.3185579E-03   6.4749336E-04
 -1.8198440E-04   6.4510694E-04  -4.1813169E-05  -3.7193460E-03  -1.1081088E-02  -3.9598352E-03  -6.1431239E-03   9.8677469E-04   2.4139209E+00   9.2405717E-01  -3.1533289E+00   6.7428583E+01   6.1154098E+01   4.0570938E+01   1.4470770E+01  -5.1332662E+00  -3.6134771E-01  -1.5167359E+00   3.0511700E+00   3.3002071E+00   2.1990030E-03   8.9421826E-04   5.0505513E-03  -4.4753021E-03   1.3665033E-02   2.8554797E-02   3.9180203E-05   1.0693805E-04
 -4.9726475E-05   4.4883045E-04  -2.5491145E-05  -1.1319000E-04  -1.8888307E-03   4.2338650E-03   1.3126663E-03   8.2169656E-04  -1.1420261E+01   1.7038054E+00   8.0631392E+00  -5.7566528E+01   4.0570938E+01   8.7126183E+01   5.2308415E+01  -1.2365753E+01  -7.1187345E-01  -9.2855186E-01   4.4673584E+00   6.3786619E+00   2.5905977E-03   1.5287056E-03   8.3125830E-03   1.2966541E-03   1.8483384E-02   3.4314689E-02   5.0761462E-04  -4.0548668E-04
 -1.0150491E-05   3.9261227E-04  -1.2038552E-04   8.1136696E-04  -3.8114802E-03   7.8654125E-03   3.8542992E-03   1.1336745E-03  -5.4236422E+01   6.1730637E-01   5.5629366E+00  -6.1167012E+01   1.4470770E+01   5.2308415E+01   1.0244048E+02  -9.2352798E+00  -6.1893859E-01  -1.1354416E+00   5.9553615E+00   3.3470734E+01   3.4571040E-03   1.1596706E-03   1.1175251E-02   2.3994313E-03   1.4212939E-02   9.8928584E-03   5.1979531E-04  -1.3595256E-03
 -2.3656372E-05  -9.6303638E-06   1.4325950E-05  -7.7105967E-04   5.1534595E-04  -2.1755216E-03  -1.8445869E-03   6.6245573E-05  -3.3285987E-01   3.1366054E-02  -2.7592934E+00   1.4176143E+01  -5.1332662E+00  -1.2365753E+01  -9.2352798E+00   5.8068287E+00   1.1441655E-01  -8.8468772E-02  -1.9567628E+00  -1.9486483E+00  -4.1619302E-05   2.7414114E-04  -2.7151348E-03  -7.6452696E-04  -7.2384154E-04   8.9702318E-03  -8.6631131E-05   2.6478325E-06
 -4.6244432E-06  -1.9456876E-05   4.8336337E-06  -4.1163753E-05   5.3619929E-04  -2.1047603E-04   3.9338330E-04   1.0275238E-04   1.6950337E-01   1.2758438E-04  -2.2885783E-01  -6.2545138E+00  -3.6134771E-01  -7.1187345E-01  -6.1893859E-01   1.1441655E-01   3.3304695E+00   5.9554147E-01   1.6134979E-01   8.1106294E-02   4.9102856E-05  -5.3678589E-05   6.9787788E-05  -2.5221017E-03   3.0379348E-04   6.7932223E-04   1.7016110E-04  -9.6498472E-06
 -1.0379229E-05  -1.9384802E-06  -6.5370282E-06  -3.4353814E-04   2.9942756E-04  -1.3767019E-03  -3.8243322E-04  -3.8706719E-05   3.6295348E-01   2.3144236E-03   1.3332268E-01   5.5304393E+00  -1.5167359E+00  -9.2855186E-01  -1.1354416E+00  -8.8468772E-02   5.9554147E-01   3.1234369E+00   2.6495887E+00   2.7929627E+00   1.6884854E-03  -7.6690886E-04  -1.3934617E-03  -1.4737120E-03   9.2748301E-04  -1.9884528E-03  -1.7203071E-04  -4.3218995E-05
 -1.5713486E-05  -3.7582943E-05  -7.1502150E-06  -2.5174792E-04   6.9307492E-04  -1.2957272E-03  -2.6748647E-04  -3.4312352E-05  -6.3211540E+00   8.9471609E-02   2.6165943E+00  -1.1729417E+01   3.0511700E+00   4.4673584E+00   5.9553615E+00  -1.9567628E+00   1.6134979E-01   2.6495887E+00   1.0699965E+01   1.9491723E+01   3.3985651E-03   9.8394402E-04   9.9613520E-04   1.4401933E-03  -7.5256772E-04   7.3299379E-03  -3.9062358E-05   3.9377261E-04
 -2.4584687E-06  -6.3841547E-05  -5.1232224E-05   4.4497407E-04   1.2415083E-03   1.4493373E-03   1.1664173E-03   5.5095319E-04  -3.4135608E+01   1.0874172E-01   3.1599494E+00  -2.1792534E+01   3.3002071E+00   6.3786619E+00   3.3470734E+01  -1.9486483E+00   8.1106294E-02   2.7929627E+00   1.9491723E+01   5.4448502E+01   5.3062610E-03   1.6204591E-03   7.3889902E-03  -1.2122044E-04  -1.5705794E-03   1.6172604E-02  -3.4677268E-06   8.9673773E-04
 -3.2357832E-08  -2.7757409E-07   4.0274629E-09   4.6530469E-06   3.5364487E-05   5.0016870E-06   2.0169593E-06  -1.4984231E-06  -4.2946923E-03   2.9704606E-04   5.1322041E-05   1.0452752E-02   2.1990030E-03   2.5905977E-03   3.4571040E-03  -4.1619302E-05   4.9102856E-05   1.6884854E-03   3.3985651E-03   5.3062610E-03   1.4618435E-03   2.8960918E-04   6.4306941E-05  -3.2581191E-04  -1.0210768E-04  -6.1562370E-05   2.5536467E-07  -2.8643996E-07
 -8.1583524E-08   5.8668999E-07  -8.7803431E-08  -1.5660628E-06  -2.2726835E-05  -6.2079245E-06   6.4009086E-07  -1.9623087E-06  -2.1656723E-03   1.6056643E-04   1.9311556E-05  -2.5730668E-03   8.9421826E-04   1.5287056E-03   1.1596706E-03   2.7414114E-04  -5.3678589E-05  -7.6690886E-04   9.8394402E-04   1.6204591E-03   2.8960918E-04   8.7407572E-04   5.6391366E-05   7.3684487E-04   9.5749474E-05  -5.3574229E-04  -3.1071703E-08  -1.0351167E-08
  3.5204220E-09  -1.7843815E-06  -1.9425827E-07   2.8787141E-06   1.7939714E-05   6.3792738E-07   5.6893117E-06  -5.8995941E-07  -6.2472284E-03   3.1168854E-04  -5.9389643E-04   1.3539879E-02   5.0505513E-03   8.3125830E-03   1.1175251E-02  -2.7151348E-03   6.9787788E-05  -1.3934617E-03   9.9613520E-04   7.3889902E-03   6.4306941E-05   5.6391366E-05   7.1941070E-03  -3.0762594E-04   6.4076440E-04   4.4478107E-03   4.3840389E-07   5.3900699E-07
 -2.5566035E-07   2.5445429E-06  -3.6969291E-08  -6.6361052E-06  -6.7334649E-05  -9.0539698E-06  -5.4471061E-06  -9.7148466E-07   6.1375960E-04  -1.1420232E-04   2.5215188E-03  -1.7487244E-02  -4.4753021E-03   1.2966541E-03   2.3994313E-03  -7.6452696E-04  -2.5221017E-03  -1.4737120E-03   1.4401933E-03  -1.2122044E-04  -3.2581191E-04   7.3684487E-04  -3.0762594E-04   2.8964393E-03   5.2765476E-04  -6.4524700E-04  -1.7753034E-07   3.4829840E-08
 -5.0564523E-07   2.2026297E-06  -2.2070999E-07  -4.8065020E-06  -2.4794432E-05   6.7041845E-07  -4.9827114E-06   3.0474828E-06   3.1528612E-04   4.5907439E-04  -1.9770513E-03   3.2927932E-02   1.3665033E-02   1.8483384E-02   1.4212939E-02  -7.2384154E-04   3.0379348E-04   9.2748301E-04  -7.5256772E-04  -1.5705794E-03  -1.0210768E-04   9.5749474E-05   6.4076440E-04   5.2765476E-04   6.3608665E-03   7.8523903E-03  -3.8034315E-07   5.9939831E-07
 -2.2250843E-06   7.3221339E-06  -1.5111336E-06   5.1212486E-06  -1.5281304E-04   1.7837571E-05  -8.6163291E-06   2.8442310E-06  -5.2964186E-03   1.7501311E-03  -5.6137620E-03  -2.9074688E-02   2.8554797E-02   3.4314689E-02   9.8928584E-03   8.9702318E-03   6.7932223E-04  -1.9884528E-03   7.3299379E-03   1.6172604E-02  -6.1562370E-05  -5.3574229E-04   4.4478107E-03  -6.4524700E-04   7.8523903E-03   7.1652678E-02  -5.1511326E-07  -2.1137104E-06
  2.0707821E-09   5.6437244E-09   3.8059216E-10   2.7274003E-08  -7.7209002E-08   2.2733384E-07  -5.2629533E-08   7.7166534E-09  -2.1047128E-04   6.8125891E-06   1.2393647E-04   3.3185579E-03   3.9180203E-05   5.0761462E-04   5.1979531E-04  -8.6631131E-05   1.7016110E-04  -1.7203071E-04  -3.9062358E-05  -3.4677268E-06   2.5536467E-07  -3.1071703E-08   4.3840389E-07  -1.7753034E-07  -3.8034315E-07  -5.1511326E-07   3.7267556E-07  -5.3987116E-09
 -1.1130330E-09   2.6382092E-09  -2.3471899E-09  -3.5879181E-08  -1.7483183E-07  -8.2266583E-08  -4.5190931E-08   4.2228724E-09   7.2691062E-04  -1.7612248E-06  -4.6087272E-05   6.4749336E-04   1.0693805E-04  -4.0548668E-04  -1.3595256E-03   2.6478325E-06  -9.6498472E-06  -4.3218995E-05   3.9377261E-04   8.9673773E-04  -2.8643996E-07  -1.0351167E-08   5.3900699E-07   3.4829840E-08   5.9939831E-07  -2.1137104E-06  -5.3987116E-09   3.8538430E-07
