# omegabh2 omegach2 theta tau logA ns nrun r calPlanck acib217 xi asz143 aps100 aps143 aps143217 aps217 aksz kgal100 kgal143 kgal143217 kgal217 galfEE100 galfEE100143 galfEE100217 galfEE143 galfEE143217 galfEE217 galfTE100 galfTE100143 galfTE100217 galfTE143 galfTE143217 galfTE217 cal0 cal2
    0.2219653E-07   -0.6799668E-07    0.1298291E-07    0.5759548E-06    0.1154458E-05    0.1372212E-06   -0.3800794E-06    0.7626587E-06    0.3406008E-08   -0.4325237E-04    0.1072606E-05    0.5033937E-05   -0.6062375E-04   -0.5739435E-04   -0.1787977E-04    0.9414598E-05   -0.1043439E-04   -0.3410099E-05   -0.6163079E-05   -0.1680085E-05    0.1284294E-04    0.4493840E-07    0.6084670E-07    0.1098848E-07    0.6587076E-07    0.1375960E-06    0.5157352E-06   -0.1530175E-06   -0.4379604E-07    0.8202233E-07   -0.2362287E-06   -0.4317868E-06   -0.1437094E-05    0.2855722E-08   -0.6189329E-09
   -0.6799668E-07    0.1079378E-05   -0.6521767E-07   -0.6694213E-05   -0.1088492E-04   -0.2714437E-05    0.1328692E-06   -0.1348705E-05   -0.5627309E-07    0.2861368E-03   -0.5723064E-05   -0.1066612E-03    0.1611264E-02    0.7073551E-03    0.1534848E-03   -0.6416582E-04    0.1536630E-03    0.1210109E-04   -0.2499468E-04   -0.5989810E-04   -0.8899599E-04   -0.4132788E-06   -0.4426839E-06   -0.5905733E-06   -0.5209444E-06   -0.2438421E-06   -0.1869734E-05    0.3566561E-06   -0.3427691E-07    0.3254860E-07    0.1383316E-05    0.7611357E-06    0.2047810E-05    0.1537551E-08    0.1838286E-07
    0.1298291E-07   -0.6521767E-07    0.8876180E-07    0.9772121E-06    0.1948668E-05    0.2751654E-06   -0.1077842E-06    0.4726197E-06    0.2263572E-07    0.1087671E-04   -0.6826391E-06    0.1073520E-04   -0.9377161E-04   -0.5643571E-04   -0.2347816E-04   -0.2818775E-04   -0.2170752E-05   -0.4308634E-05    0.4952010E-05    0.1476667E-04    0.1664456E-04    0.2468321E-07    0.2725377E-07   -0.7408637E-07    0.2603718E-07   -0.4689500E-06   -0.1242154E-06   -0.1107501E-06   -0.7229254E-07   -0.3365725E-06   -0.1179965E-06   -0.4029428E-06   -0.2030476E-05    0.3242041E-08    0.5781681E-08
    0.5759548E-06   -0.6694213E-05    0.9772121E-06    0.1484259E-03    0.2712782E-03    0.2235627E-04   -0.1075791E-04    0.1479675E-04   -0.4498166E-05   -0.2647253E-02    0.1079387E-03    0.6605510E-03   -0.2214597E-01   -0.6912360E-02   -0.1687632E-02   -0.1440483E-02   -0.9051252E-03    0.3365337E-03    0.2258923E-03   -0.4266824E-03   -0.2062004E-02    0.3627001E-05    0.4126998E-05    0.6228807E-05    0.4170002E-05   -0.9528507E-05   -0.1006230E-04   -0.6379066E-05    0.1517502E-05    0.1185257E-05   -0.6042489E-05   -0.8998128E-05   -0.5093279E-04   -0.1614684E-06   -0.3959146E-06
    0.1154458E-05   -0.1088492E-04    0.1948668E-05    0.2712782E-03    0.5279439E-03    0.3502761E-04   -0.3077384E-04    0.4356338E-04    0.3350640E-05   -0.3337998E-02    0.2279147E-03    0.8416812E-03   -0.2898707E-01   -0.7486658E-02    0.1087749E-02    0.2993307E-02   -0.1694527E-02    0.5715247E-03    0.4589559E-04   -0.1245578E-02   -0.2903340E-02    0.7418145E-05    0.7595078E-05    0.1103753E-04    0.9273588E-05   -0.1901151E-04   -0.2144022E-04   -0.9042928E-05    0.4844757E-05   -0.2154406E-05   -0.1786471E-05   -0.2408246E-04   -0.7212555E-04   -0.4154825E-07   -0.6867663E-06
    0.1372212E-06   -0.2714437E-05    0.2751654E-06    0.2235627E-04    0.3502761E-04    0.1745989E-04    0.6752044E-05    0.5199950E-05    0.5168549E-07   -0.5781361E-02    0.1302457E-03    0.1710270E-02   -0.3093362E-01   -0.7700893E-02    0.4212493E-02    0.7456374E-02   -0.3353531E-02    0.1962813E-03   -0.1835579E-03   -0.3898921E-03    0.4361192E-03    0.1904888E-05    0.2075941E-05    0.3528594E-05    0.2169184E-05    0.2339326E-06   -0.1128742E-05   -0.1811502E-05    0.1177978E-05   -0.4317708E-05   -0.1483414E-05   -0.3200459E-05   -0.1949580E-04   -0.1148568E-06   -0.5516204E-06
   -0.3800794E-06    0.1328692E-06   -0.1077842E-06   -0.1075791E-04   -0.3077384E-04    0.6752044E-05    0.5262942E-04   -0.1200016E-03    0.7333721E-06   -0.8066274E-02    0.1148176E-03    0.2612713E-02   -0.3630077E-01   -0.1527079E-01    0.1645083E-02    0.7712840E-02   -0.4228359E-02   -0.2835050E-03    0.6055070E-04   -0.3996303E-03    0.6717247E-03   -0.2855088E-05   -0.3004629E-05   -0.8950058E-06   -0.2305047E-05    0.3385962E-05   -0.9114606E-05   -0.2206957E-05   -0.1243136E-05    0.2061199E-05   -0.8939165E-06    0.1601094E-04    0.2315003E-04    0.5942654E-08   -0.9274884E-06
    0.7626587E-06   -0.1348705E-05    0.4726197E-06    0.1479675E-04    0.4356338E-04    0.5199950E-05   -0.1200016E-03    0.2132957E-02   -0.9846821E-06    0.8250050E-02   -0.4437292E-03   -0.3520234E-02    0.6841008E-01    0.2738392E-01    0.1846434E-02    0.1676485E-02    0.4949010E-02   -0.3358047E-02   -0.1297916E-02    0.1756777E-02    0.5194102E-02   -0.1934064E-04   -0.1922509E-04    0.2517616E-04   -0.2892389E-04    0.1774140E-04    0.7170776E-04    0.5724955E-04    0.2300100E-04   -0.7130050E-04    0.6103388E-04   -0.6029473E-04   -0.7054866E-04   -0.2318734E-06    0.1647662E-05
    0.3406008E-08   -0.5627309E-07    0.2263572E-07   -0.4498166E-05    0.3350640E-05    0.5168549E-07    0.7333721E-06   -0.9846821E-06    0.6217665E-05    0.6257676E-03   -0.1633966E-05    0.1171886E-03    0.3220644E-02    0.4025504E-03    0.8457082E-03    0.1919400E-02   -0.1261086E-03    0.4136269E-04    0.8768177E-04    0.4078623E-04    0.7554137E-03    0.5797954E-06    0.2050614E-06    0.4285854E-06    0.1170266E-05    0.4119872E-06    0.2503352E-05    0.1170577E-05    0.1308209E-05   -0.1719947E-05    0.3877665E-05   -0.2099689E-05    0.1423731E-04    0.2471185E-07   -0.4794431E-07
   -0.4325237E-04    0.2861368E-03    0.1087671E-04   -0.2647253E-02   -0.3337998E-02   -0.5781361E-02   -0.8066274E-02    0.8250050E-02    0.6257676E-03    0.4369371E+02   -0.4832186E+00   -0.2141856E+01    0.4643680E+02    0.1482443E+01   -0.2226461E+02   -0.6191632E+02    0.1061326E+01   -0.5473179E-01    0.1114151E+00   -0.2018544E+01   -0.1820408E+02    0.7758562E-03    0.4840999E-03   -0.1141043E-02    0.2106998E-03   -0.2505559E-02    0.1142162E-01   -0.7797242E-04    0.6981894E-03    0.5025839E-02   -0.3452274E-03    0.3589321E-02    0.2878153E-01   -0.2889753E-03    0.4400614E-02
    0.1072606E-05   -0.5723064E-05   -0.6826391E-06    0.1079387E-03    0.2279147E-03    0.1302457E-03    0.1148176E-03   -0.4437292E-03   -0.1633966E-05   -0.4832186E+00    0.8055220E-01   -0.7302765E-01   -0.5887307E+00    0.1003535E+01    0.1863579E+01    0.7713096E+00    0.6144296E-01   -0.2237461E-02    0.7498954E-02    0.7848838E-01    0.6170925E-01   -0.6700553E-05    0.8408741E-05    0.3022039E-04    0.4706517E-05    0.1129609E-03   -0.5738895E-03   -0.1732843E-03   -0.1404107E-03   -0.3280127E-03   -0.9044362E-04   -0.1259671E-03   -0.4713225E-04    0.7454370E-06   -0.1999242E-04
    0.5033937E-05   -0.1066612E-03    0.1073520E-04    0.6605510E-03    0.8416812E-03    0.1710270E-02    0.2612713E-02   -0.3520234E-02    0.1171886E-03   -0.2141856E+01   -0.7302765E-01    0.3913932E+01   -0.3084947E+02   -0.4263386E+01    0.8230846E+01    0.7684535E+01   -0.3051305E+01   -0.1955526E+00    0.6881446E-01    0.2411322E+01    0.2186559E+01    0.8422646E-04   -0.6233161E-04    0.5696609E-03    0.8145964E-04   -0.5911329E-03   -0.2695696E-02   -0.1596757E-02    0.1205914E-03   -0.1587311E-02   -0.6230334E-04    0.6159655E-03   -0.3188705E-02    0.1735632E-03   -0.4445769E-03
   -0.6062375E-04    0.1611264E-02   -0.9377161E-04   -0.2214597E-01   -0.2898707E-01   -0.3093362E-01   -0.3630077E-01    0.6841008E-01    0.3220644E-02    0.4643680E+02   -0.5887307E+00   -0.3084947E+02    0.7926274E+03    0.7360686E+02   -0.6589816E+02   -0.7828079E+02    0.1610809E+02   -0.2580436E+01    0.3218233E+01   -0.1193054E+02   -0.1575372E+02   -0.1702068E-03   -0.1735030E-02   -0.7016642E-02    0.9771390E-04    0.1102229E-02    0.1754930E-01    0.5683327E-02   -0.8439246E-02    0.3762042E-01   -0.2864290E-02    0.3283234E-01    0.1493680E+00    0.6302789E-02    0.4511414E-02
   -0.5739435E-04    0.7073551E-03   -0.5643571E-04   -0.6912360E-02   -0.7486658E-02   -0.7700893E-02   -0.1527079E-01    0.2738392E-01    0.4025504E-03    0.1482443E+01    0.1003535E+01   -0.4263386E+01    0.7360686E+02    0.6448705E+02    0.4479515E+02    0.1730716E+02   -0.3808427E+01   -0.2146261E-01   -0.6849837E+00    0.3871570E+01    0.3585986E+01    0.1583966E-03    0.4064154E-04    0.1201806E-02    0.1833695E-03    0.1427257E-02   -0.1132081E-01   -0.3391213E-03   -0.5170957E-02   -0.1035579E-01   -0.8684786E-02    0.5717437E-02    0.4884026E-01    0.1110884E-04    0.2637044E-03
   -0.1787977E-04    0.1534848E-03   -0.2347816E-04   -0.1687632E-02    0.1087749E-02    0.4212493E-02    0.1645083E-02    0.1846434E-02    0.8457082E-03   -0.2226461E+02    0.1863579E+01    0.8230846E+01   -0.6589816E+02    0.4479515E+02    0.1013833E+03    0.7059562E+02   -0.1308970E+02   -0.5519682E+00   -0.2103432E+00    0.4566444E+01    0.4848576E+01    0.2565763E-03   -0.1796941E-03    0.4896218E-02    0.4274476E-03    0.2062233E-02   -0.2982901E-01   -0.8538032E-02   -0.2328162E-02   -0.1511244E-01   -0.2009981E-02    0.3265629E-02    0.1655297E-01    0.6349923E-03   -0.2804950E-02
    0.9414598E-05   -0.6416582E-04   -0.2818775E-04   -0.1440483E-02    0.2993307E-02    0.7456374E-02    0.7712840E-02    0.1676485E-02    0.1919400E-02   -0.6191632E+02    0.7713096E+00    0.7684535E+01   -0.7828079E+02    0.1730716E+02    0.7059562E+02    0.1251946E+03   -0.1176707E+02   -0.1366024E+00   -0.3666874E+00   -0.1911384E+00    0.1503546E+02   -0.8672740E-03   -0.1024603E-02    0.7542478E-02    0.3130906E-03    0.2640520E-02   -0.2265331E-01   -0.1687742E-02    0.1107160E-02   -0.1067369E-01    0.2596612E-02   -0.2398808E-02   -0.1664274E-01    0.7467645E-03   -0.7840245E-02
   -0.1043439E-04    0.1536630E-03   -0.2170752E-05   -0.9051252E-03   -0.1694527E-02   -0.3353531E-02   -0.4228359E-02    0.4949010E-02   -0.1261086E-03    0.1061326E+01    0.6144296E-01   -0.3051305E+01    0.1610809E+02   -0.3808427E+01   -0.1308970E+02   -0.1176707E+02    0.6656753E+01    0.1223609E+00   -0.9127138E-01   -0.2074977E+01   -0.1775488E+01   -0.5506471E-04    0.1092211E-03   -0.1496968E-02   -0.5749828E-04    0.1362625E-03    0.6670412E-02    0.1451942E-02    0.4020740E-03    0.2820419E-02    0.1236490E-02   -0.2303435E-02   -0.6290277E-02   -0.1560433E-03    0.2545040E-03
   -0.3410099E-05    0.1210109E-04   -0.4308634E-05    0.3365337E-03    0.5715247E-03    0.1962813E-03   -0.2835050E-03   -0.3358047E-02    0.4136269E-04   -0.5473179E-01   -0.2237461E-02   -0.1955526E+00   -0.2580436E+01   -0.2146261E-01   -0.5519682E+00   -0.1366024E+00    0.1223609E+00    0.3472151E+01    0.4249424E+00    0.1301330E+00    0.2643608E+00    0.3697614E-04    0.7909422E-04   -0.6701910E-03    0.2457441E-03    0.1626484E-04    0.2513179E-02   -0.1054421E-02    0.8465757E-04    0.9515121E-03   -0.1607082E-03   -0.3656626E-02   -0.1141511E-01    0.3255110E-03    0.1103039E-04
   -0.6163079E-05   -0.2499468E-04    0.4952010E-05    0.2258923E-03    0.4589559E-04   -0.1835579E-03    0.6055070E-04   -0.1297916E-02    0.8768177E-04    0.1114151E+00    0.7498954E-02    0.6881446E-01    0.3218233E+01   -0.6849837E+00   -0.2103432E+00   -0.3666874E+00   -0.9127138E-01    0.4249424E+00    0.3281181E+01    0.2704164E+01    0.1933376E+01    0.1257152E-03    0.1403019E-03   -0.5826093E-03    0.1160515E-03   -0.6666234E-03   -0.1170969E-02   -0.4972541E-03   -0.6014785E-03    0.1942242E-02   -0.1741797E-03    0.9179325E-03   -0.7938676E-02   -0.2631155E-03   -0.1966772E-03
   -0.1680085E-05   -0.5989810E-04    0.1476667E-04   -0.4266824E-03   -0.1245578E-02   -0.3898921E-03   -0.3996303E-03    0.1756777E-02    0.4078623E-04   -0.2018544E+01    0.7848838E-01    0.2411322E+01   -0.1193054E+02    0.3871570E+01    0.4566444E+01   -0.1911384E+00   -0.2074977E+01    0.1301330E+00    0.2704164E+01    0.1755561E+02    0.2590203E+02    0.1121903E-03   -0.1237125E-03   -0.9748965E-03    0.2239186E-03   -0.1416181E-02   -0.3059092E-02    0.4422747E-04   -0.4502864E-02   -0.1000826E-01   -0.4532108E-02   -0.8869905E-03   -0.3867713E-02   -0.3764755E-04    0.2480145E-02
    0.1284294E-04   -0.8899599E-04    0.1664456E-04   -0.2062004E-02   -0.2903340E-02    0.4361192E-03    0.6717247E-03    0.5194102E-02    0.7554137E-03   -0.1820408E+02    0.6170925E-01    0.2186559E+01   -0.1575372E+02    0.3585986E+01    0.4848576E+01    0.1503546E+02   -0.1775488E+01    0.2643608E+00    0.1933376E+01    0.2590203E+02    0.5423452E+02   -0.1854911E-03   -0.2756288E-03   -0.2369764E-02    0.2285426E-03   -0.9504945E-03   -0.7574540E-03    0.1623945E-02   -0.6229156E-02   -0.2071275E-01   -0.3208041E-02   -0.3835050E-02   -0.2364230E-01    0.9632957E-04    0.4494497E-02
    0.4493840E-07   -0.4132788E-06    0.2468321E-07    0.3627001E-05    0.7418145E-05    0.1904888E-05   -0.2855088E-05   -0.1934064E-04    0.5797954E-06    0.7758562E-03   -0.6700553E-05    0.8422646E-04   -0.1702068E-03    0.1583966E-03    0.2565763E-03   -0.8672740E-03   -0.5506471E-04    0.3697614E-04    0.1257152E-03    0.1121903E-03   -0.1854911E-03    0.3225583E-04    0.8840125E-05   -0.5419357E-06    0.4231033E-05   -0.5785933E-06   -0.3049317E-05    0.1071369E-05    0.1392411E-05   -0.3048962E-05   -0.1973061E-05   -0.3039524E-05   -0.8492338E-05   -0.5398368E-07   -0.1496019E-07
    0.6084670E-07   -0.4426839E-06    0.2725377E-07    0.4126998E-05    0.7595078E-05    0.2075941E-05   -0.3004629E-05   -0.1922509E-04    0.2050614E-06    0.4840999E-03    0.8408741E-05   -0.6233161E-04   -0.1735030E-02    0.4064154E-04   -0.1796941E-03   -0.1024603E-02    0.1092211E-03    0.7909422E-04    0.1403019E-03   -0.1237125E-03   -0.2756288E-03    0.8840125E-05    0.2542973E-04   -0.5966259E-07    0.1288832E-04   -0.7812139E-06   -0.3632542E-06    0.7789009E-06    0.2422032E-05    0.2342187E-05   -0.2748948E-05   -0.1255132E-04   -0.3004290E-04   -0.1196705E-06    0.1542485E-07
    0.1098848E-07   -0.5905733E-06   -0.7408637E-07    0.6228807E-05    0.1103753E-04    0.3528594E-05   -0.8950058E-06    0.2517616E-04    0.4285854E-06   -0.1141043E-02    0.3022039E-04    0.5696609E-03   -0.7016642E-02    0.1201806E-02    0.4896218E-02    0.7542478E-02   -0.1496968E-02   -0.6701910E-03   -0.5826093E-03   -0.9748965E-03   -0.2369764E-02   -0.5419357E-06   -0.5966259E-07    0.1065299E-02   -0.1348252E-05    0.2481706E-04   -0.3752195E-04    0.2596918E-04    0.3633427E-04    0.1928416E-04    0.2851294E-04   -0.5898126E-04    0.1866872E-04   -0.3124715E-06   -0.4113937E-06
    0.6587076E-07   -0.5209444E-06    0.2603718E-07    0.4170002E-05    0.9273588E-05    0.2169184E-05   -0.2305047E-05   -0.2892389E-04    0.1170266E-05    0.2106998E-03    0.4706517E-05    0.8145964E-04    0.9771390E-04    0.1833695E-03    0.4274476E-03    0.3130906E-03   -0.5749828E-04    0.2457441E-03    0.1160515E-03    0.2239186E-03    0.2285426E-03    0.4231033E-05    0.1288832E-04   -0.1348252E-05    0.4693017E-04    0.4890022E-05    0.3797397E-05    0.4667098E-06   -0.3015118E-06    0.1001115E-05   -0.6293618E-05   -0.9043958E-05   -0.4717582E-05   -0.3358789E-07   -0.7176680E-07
    0.1375960E-06   -0.2438421E-06   -0.4689500E-06   -0.9528507E-05   -0.1901151E-04    0.2339326E-06    0.3385962E-05    0.1774140E-04    0.4119872E-06   -0.2505559E-02    0.1129609E-03   -0.5911329E-03    0.1102229E-02    0.1427257E-02    0.2062233E-02    0.2640520E-02    0.1362625E-03    0.1626484E-04   -0.6666234E-03   -0.1416181E-02   -0.9504945E-03   -0.5785933E-06   -0.7812139E-06    0.2481706E-04    0.4890022E-05    0.2188988E-02    0.1092432E-03    0.1303711E-04    0.3807171E-06    0.5788590E-04    0.4863667E-07    0.5119864E-05   -0.1095268E-03    0.1159190E-06   -0.3955859E-06
    0.5157352E-06   -0.1869734E-05   -0.1242154E-06   -0.1006230E-04   -0.2144022E-04   -0.1128742E-05   -0.9114606E-05    0.7170776E-04    0.2503352E-05    0.1142162E-01   -0.5738895E-03   -0.2695696E-02    0.1754930E-01   -0.1132081E-01   -0.2982901E-01   -0.2265331E-01    0.6670412E-02    0.2513179E-02   -0.1170969E-02   -0.3059092E-02   -0.7574540E-03   -0.3049317E-05   -0.3632542E-06   -0.3752195E-04    0.3797397E-05    0.1092432E-03    0.1701780E-01    0.7188014E-04    0.7624537E-05    0.2065146E-04    0.1382327E-03   -0.5885051E-04    0.1031787E-03   -0.1160424E-05    0.2596764E-05
   -0.1530175E-06    0.3566561E-06   -0.1107501E-06   -0.6379066E-05   -0.9042928E-05   -0.1811502E-05   -0.2206957E-05    0.5724955E-04    0.1170577E-05   -0.7797242E-04   -0.1732843E-03   -0.1596757E-02    0.5683327E-02   -0.3391213E-03   -0.8538032E-02   -0.1687742E-02    0.1451942E-02   -0.1054421E-02   -0.4972541E-03    0.4422747E-04    0.1623945E-02    0.1071369E-05    0.7789009E-06    0.2596918E-04    0.4667098E-06    0.1303711E-04    0.7188014E-04    0.1448810E-02    0.3032580E-03    0.1252820E-03   -0.3842954E-03   -0.6249713E-04   -0.3154994E-03   -0.3085501E-06    0.2848499E-06
   -0.4379604E-07   -0.3427691E-07   -0.7229254E-07    0.1517502E-05    0.4844757E-05    0.1177978E-05   -0.1243136E-05    0.2300100E-04    0.1308209E-05    0.6981894E-03   -0.1404107E-03    0.1205914E-03   -0.8439246E-02   -0.5170957E-02   -0.2328162E-02    0.1107160E-02    0.4020740E-03    0.8465757E-04   -0.6014785E-03   -0.4502864E-02   -0.6229156E-02    0.1392411E-05    0.2422032E-05    0.3633427E-04   -0.3015118E-06    0.3807171E-06    0.7624537E-05    0.3032580E-03    0.8451332E-03    0.6877351E-04    0.7297254E-03    0.7269474E-04   -0.5697290E-03   -0.3070027E-06   -0.4238116E-06
    0.8202233E-07    0.3254860E-07   -0.3365725E-06    0.1185257E-05   -0.2154406E-05   -0.4317708E-05    0.2061199E-05   -0.7130050E-04   -0.1719947E-05    0.5025839E-02   -0.3280127E-03   -0.1587311E-02    0.3762042E-01   -0.1035579E-01   -0.1511244E-01   -0.1067369E-01    0.2820419E-02    0.9515121E-03    0.1942242E-02   -0.1000826E-01   -0.2071275E-01   -0.3048962E-05    0.2342187E-05    0.1928416E-04    0.1001115E-05    0.5788590E-04    0.2065146E-04    0.1252820E-03    0.6877351E-04    0.7166227E-02   -0.2499410E-03    0.6904240E-03    0.4400070E-02   -0.8073387E-06   -0.2270725E-05
   -0.2362287E-06    0.1383316E-05   -0.1179965E-06   -0.6042489E-05   -0.1786471E-05   -0.1483414E-05   -0.8939165E-06    0.6103388E-04    0.3877665E-05   -0.3452274E-03   -0.9044362E-04   -0.6230334E-04   -0.2864290E-02   -0.8684786E-02   -0.2009981E-02    0.2596612E-02    0.1236490E-02   -0.1607082E-03   -0.1741797E-03   -0.4532108E-02   -0.3208041E-02   -0.1973061E-05   -0.2748948E-05    0.2851294E-04   -0.6293618E-05    0.4863667E-07    0.1382327E-03   -0.3842954E-03    0.7297254E-03   -0.2499410E-03    0.2888311E-02    0.5469002E-03   -0.7624760E-03    0.5473859E-06    0.2642122E-06
   -0.4317868E-06    0.7611357E-06   -0.4029428E-06   -0.8998128E-05   -0.2408246E-04   -0.3200459E-05    0.1601094E-04   -0.6029473E-04   -0.2099689E-05    0.3589321E-02   -0.1259671E-03    0.6159655E-03    0.3283234E-01    0.5717437E-02    0.3265629E-02   -0.2398808E-02   -0.2303435E-02   -0.3656626E-02    0.9179325E-03   -0.8869905E-03   -0.3835050E-02   -0.3039524E-05   -0.1255132E-04   -0.5898126E-04   -0.9043958E-05    0.5119864E-05   -0.5885051E-04   -0.6249713E-04    0.7269474E-04    0.6904240E-03    0.5469002E-03    0.6672991E-02    0.7674990E-02    0.9742795E-06   -0.7645757E-06
   -0.1437094E-05    0.2047810E-05   -0.2030476E-05   -0.5093279E-04   -0.7212555E-04   -0.1949580E-04    0.2315003E-04   -0.7054866E-04    0.1423731E-04    0.2878153E-01   -0.4713225E-04   -0.3188705E-02    0.1493680E+00    0.4884026E-01    0.1655297E-01   -0.1664274E-01   -0.6290277E-02   -0.1141511E-01   -0.7938676E-02   -0.3867713E-02   -0.2364230E-01   -0.8492338E-05   -0.3004290E-04    0.1866872E-04   -0.4717582E-05   -0.1095268E-03    0.1031787E-03   -0.3154994E-03   -0.5697290E-03    0.4400070E-02   -0.7624760E-03    0.7674990E-02    0.6450441E-01   -0.1928203E-06   -0.4626971E-05
    0.2855722E-08    0.1537551E-08    0.3242041E-08   -0.1614684E-06   -0.4154825E-07   -0.1148568E-06    0.5942654E-08   -0.2318734E-06    0.2471185E-07   -0.2889753E-03    0.7454370E-06    0.1735632E-03    0.6302789E-02    0.1110884E-04    0.6349923E-03    0.7467645E-03   -0.1560433E-03    0.3255110E-03   -0.2631155E-03   -0.3764755E-04    0.9632957E-04   -0.5398368E-07   -0.1196705E-06   -0.3124715E-06   -0.3358789E-07    0.1159190E-06   -0.1160424E-05   -0.3085501E-06   -0.3070027E-06   -0.8073387E-06    0.5473859E-06    0.9742795E-06   -0.1928203E-06    0.5917681E-06   -0.1316969E-07
   -0.6189329E-09    0.1838286E-07    0.5781681E-08   -0.3959146E-06   -0.6867663E-06   -0.5516204E-06   -0.9274884E-06    0.1647662E-05   -0.4794431E-07    0.4400614E-02   -0.1999242E-04   -0.4445769E-03    0.4511414E-02    0.2637044E-03   -0.2804950E-02   -0.7840245E-02    0.2545040E-03    0.1103039E-04   -0.1966772E-03    0.2480145E-02    0.4494497E-02   -0.1496019E-07    0.1542485E-07   -0.4113937E-06   -0.7176680E-07   -0.3955859E-06    0.2596764E-05    0.2848499E-06   -0.4238116E-06   -0.2270725E-05    0.2642122E-06   -0.7645757E-06   -0.4626971E-05   -0.1316969E-07    0.2073423E-05
