# omegabh2 omegach2 theta tau logA ns calPlanck aps100 aps143 aps217 acib217 asz143 psr cibr xi aksz dust100 dust143 dust217 dust143x217 cal0 cal2
  3.3843487E-08  -3.8366609E-08   1.6530844E-08   2.6044673E-07   5.6865149E-07   2.3091369E-07   1.7560955E-08  -5.8549545E-04  -4.1529902E-04   1.2977098E-04  -2.0356307E-04   1.7518623E-05   1.4667449E-06  -5.6666588E-06   5.7741401E-07  -3.9124364E-05   4.4024394E-07  -1.0853622E-06   5.9710585E-07  -6.1269756E-07   2.6238871E-09  -1.2484958E-08
 -3.8366609E-08   9.8718939E-07  -1.5432248E-08  -2.0450259E-06  -2.1047256E-06  -2.0472326E-06  -1.7400021E-07   6.4257402E-04   3.0621322E-04  -3.2133955E-04   2.8035019E-04  -7.5827782E-05  -2.1265787E-06  -3.2891800E-06  -7.2607069E-06   2.8289568E-05  -1.0148763E-05   3.7282043E-06  -4.7495742E-06  -1.3771251E-06  -6.4536847E-08  -4.6403830E-08
  1.6530844E-08  -1.5432248E-08   1.6572601E-07   2.4436774E-07   7.1158346E-07   2.7706700E-07   3.5584756E-08   2.9254571E-04  -3.1253481E-05  -2.8779812E-05   1.0139493E-05  -7.7637477E-06   7.2349928E-07  -2.1333605E-06  -9.2895922E-07   1.0716187E-06  -4.2800265E-07  -1.4974215E-06  -3.5262384E-07  -9.2769891E-07   4.8634702E-09  -3.5873925E-09
  2.6044673E-07  -2.0450259E-06   2.4436774E-07   5.1467492E-05   9.5680128E-05   8.3830783E-06  -3.8174405E-07  -1.4131811E-02  -6.1796307E-03  -2.2166513E-03  -1.5986178E-03   2.9868859E-04  -1.5171526E-05   7.6940660E-06   6.9498932E-06  -1.1347966E-04   2.7707172E-05   9.8931711E-06   1.3654719E-05  -1.9361290E-06  -1.4585704E-07  -5.9732665E-08
  5.6865149E-07  -2.1047256E-06   7.1158346E-07   9.5680128E-05   2.0868883E-04   1.1415517E-05   1.1022293E-05  -2.1420625E-02  -1.1466854E-02   5.9497862E-04  -3.8492494E-03   5.3266906E-04  -3.3141877E-05  -8.0739443E-06   4.4704209E-07  -8.3100410E-04  -8.9843334E-06  -4.9425827E-05   4.8849231E-05  -3.5008680E-05   1.5457730E-07  -3.8259611E-07
  2.3091369E-07  -2.0472326E-06   2.7706700E-07   8.3830783E-06   1.1415517E-05   1.5770952E-05   5.2314162E-07  -2.6710669E-02  -8.5494814E-03   9.5053779E-03  -7.1300678E-03   7.2580876E-04   5.8029113E-05  -9.5151709E-05   7.2092502E-05  -2.0520955E-03   4.6855808E-05  -3.3293694E-05   4.2792320E-05  -1.4497073E-05  -2.2846902E-07  -3.4475054E-07
  1.7560955E-08  -1.7400021E-07   3.5584756E-08  -3.8174405E-07   1.1022293E-05   5.2314162E-07   6.1752053E-06   2.6845379E-03  -1.6671003E-04   1.9674472E-04   5.9729947E-04   3.8439456E-05  -1.1462200E-05   2.7858476E-05  -2.9621012E-06   1.7235552E-04  -1.2660658E-05   8.6411436E-06   1.1846982E-05  -6.6087046E-06  -9.0033003E-09  -5.9557987E-08
 -5.8549545E-04   6.4257402E-04   2.9254571E-04  -1.4131811E-02  -2.1420625E-02  -2.6710669E-02   2.6845379E-03   6.1806367E+02   5.9909170E+01  -5.4198459E+01   3.1596351E+01  -2.4999678E+01  -7.7118349E-01  -2.1253992E-01  -3.3969939E-02   1.1454147E+01  -3.2997610E-01   3.5814484E-01  -2.8057673E-01  -1.7283375E-01   6.5141604E-03   2.8471929E-03
 -4.1529902E-04   3.0621322E-04  -3.1253481E-05  -6.1796307E-03  -1.1466854E-02  -8.5494814E-03  -1.6671003E-04   5.9909170E+01   6.9729505E+01   6.4436849E+00   1.0020760E+01  -1.7491017E-01   2.1686136E-02   4.7563709E-01   9.4305767E-01  -8.5366486E+00  -4.7463720E-02  -1.6732653E-01   4.2868194E-03   7.7258894E-02   6.1180217E-04   6.2440976E-04
  1.2977098E-04  -3.2133955E-04  -2.8779812E-05  -2.2166513E-03   5.9497862E-04   9.5053779E-03   1.9674472E-04  -5.4198459E+01   6.4436849E+00   1.7604215E+02  -8.4884683E+01   2.1899715E+00   3.1801763E-01  -1.0137911E+00   2.6218029E-01  -6.3637103E+00   2.9868890E-03  -2.2687670E-01   5.6623730E-01  -4.8891892E-02   1.6773106E-03  -7.9973943E-03
 -2.0356307E-04   2.8035019E-04   1.0139493E-05  -1.5986178E-03  -3.8492494E-03  -7.1300678E-03   5.9729947E-04   3.1596351E+01   1.0020760E+01  -8.4884683E+01   5.4417374E+01   1.8712054E+00  -3.2162770E-02   7.2838331E-01  -2.2696355E-01  -3.4064715E+00   7.1517492E-03   1.4214852E-01  -4.7339957E-01  -1.0285693E-01  -6.2514244E-04   3.3400536E-03
  1.7518623E-05  -7.5827782E-05  -7.7637477E-06   2.9868859E-04   5.3266906E-04   7.2580876E-04   3.8439456E-05  -2.4999678E+01  -1.7491017E-01   2.1899715E+00   1.8712054E+00   4.2455515E+00   9.3976816E-02   1.6807123E-01  -5.8114512E-02  -3.5072934E+00   1.9910089E-03  -1.1530604E-02   1.0808774E-02   4.1020517E-02   4.3188029E-04  -7.2295163E-05
  1.4667449E-06  -2.1265787E-06   7.2349928E-07  -1.5171526E-05  -3.3141877E-05   5.8029113E-05  -1.1462200E-05  -7.7118349E-01   2.1686136E-02   3.1801763E-01  -3.2162770E-02   9.3976816E-02   1.5592082E-02  -1.5590659E-02   1.0698855E-02  -1.0214911E-01   1.0112051E-03  -1.2574141E-03  -2.8656110E-03   4.6661720E-03   1.6803132E-05  -3.7985181E-05
 -5.6666588E-06  -3.2891800E-06  -2.1333605E-06   7.6940660E-06  -8.0739443E-06  -9.5151709E-05   2.7858476E-05  -2.1253992E-01   4.7563709E-01  -1.0137911E+00   7.2838331E-01   1.6807123E-01  -1.5590659E-02   6.5708735E-02   4.5706629E-03  -1.6049752E-01  -5.2065242E-04   6.5596151E-03  -3.8128453E-05  -1.6712614E-02  -1.2790700E-05   9.5019598E-05
  5.7741401E-07  -7.2607069E-06  -9.2895922E-07   6.9498932E-06   4.4704209E-07   7.2092502E-05  -2.9621012E-06  -3.3969939E-02   9.4305767E-01   2.6218029E-01  -2.2696355E-01  -5.8114512E-02   1.0698855E-02   4.5706629E-03   8.3845491E-02   6.2400428E-02   4.8228564E-05   7.2066770E-04   3.7734317E-04   7.8470818E-04   4.0436102E-06  -1.9079840E-05
 -3.9124364E-05   2.8289568E-05   1.0716187E-06  -1.1347966E-04  -8.3100410E-04  -2.0520955E-03   1.7235552E-04   1.1454147E+01  -8.5366486E+00  -6.3637103E+00  -3.4064715E+00  -3.5072934E+00  -1.0214911E-01  -1.6049752E-01   6.2400428E-02   7.5749293E+00  -1.6231270E-02  -2.3988650E-03   8.1534183E-03  -3.4655873E-02  -2.9274341E-04   4.8719602E-07
  4.4024394E-07  -1.0148763E-05  -4.2800265E-07   2.7707172E-05  -8.9843334E-06   4.6855808E-05  -1.2660658E-05  -3.2997610E-01  -4.7463720E-02   2.9868890E-03   7.1517492E-03   1.9910089E-03   1.0112051E-03  -5.2065242E-04   4.8228564E-05  -1.6231270E-02   3.7872915E-02   2.9594240E-03  -5.7028494E-04   2.1262763E-04   3.1382177E-05  -1.8900995E-05
 -1.0853622E-06   3.7282043E-06  -1.4974215E-06   9.8931711E-06  -4.9425827E-05  -3.3293694E-05   8.6411436E-06   3.5814484E-01  -1.6732653E-01  -2.2687670E-01   1.4214852E-01  -1.1530604E-02  -1.2574141E-03   6.5596151E-03   7.2066770E-04  -2.3988650E-03   2.9594240E-03   2.9779520E-02  -5.9546523E-04   4.7094880E-03  -7.8255684E-05  -4.6244065E-05
  5.9710585E-07  -4.7495742E-06  -3.5262384E-07   1.3654719E-05   4.8849231E-05   4.2792320E-05   1.1846982E-05  -2.8057673E-01   4.2868194E-03   5.6623730E-01  -4.7339957E-01   1.0808774E-02  -2.8656110E-03  -3.8128453E-05   3.7734317E-04   8.1534183E-03  -5.7028494E-04  -5.9546523E-04   1.0925962E-02   8.3346799E-03   2.7439876E-06   5.9172111E-05
 -6.1269756E-07  -1.3771251E-06  -9.2769891E-07  -1.9361290E-06  -3.5008680E-05  -1.4497073E-05  -6.6087046E-06  -1.7283375E-01   7.7258894E-02  -4.8891892E-02  -1.0285693E-01   4.1020517E-02   4.6661720E-03  -1.6712614E-02   7.8470818E-04  -3.4655873E-02   2.1262763E-04   4.7094880E-03   8.3346799E-03   2.5525253E-02  -6.2847926E-06   6.2828121E-05
  2.6238871E-09  -6.4536847E-08   4.8634702E-09  -1.4585704E-07   1.5457730E-07  -2.2846902E-07  -9.0033003E-09   6.5141604E-03   6.1180217E-04   1.6773106E-03  -6.2514244E-04   4.3188029E-04   1.6803132E-05  -1.2790700E-05   4.0436102E-06  -2.9274341E-04   3.1382177E-05  -7.8255684E-05   2.7439876E-06  -6.2847926E-06   1.0884131E-06   2.5046309E-08
 -1.2484958E-08  -4.6403830E-08  -3.5873925E-09  -5.9732665E-08  -3.8259611E-07  -3.4475054E-07  -5.9557987E-08   2.8471929E-03   6.2440976E-04  -7.9973943E-03   3.3400536E-03  -7.2295163E-05  -3.7985181E-05   9.5019598E-05  -1.9079840E-05   4.8719602E-07  -1.8900995E-05  -4.6244065E-05   5.9172111E-05   6.2828121E-05   2.5046309E-08   2.3784557E-06
