# omegabh2 omegach2 theta tau Alens logA ns calPlanck acib217 xi asz143 aps100 aps143 aps143217 aps217 aksz kgal100 kgal143 kgal143217 kgal217 cal0 cal2
    0.8081926E-07   -0.4815738E-06    0.8221747E-07    0.5633346E-06    0.1578964E-04    0.1933560E-06    0.1381400E-05    0.3703101E-08   -0.4541976E-03    0.9785348E-05    0.9255016E-04   -0.1604902E-02   -0.7504242E-03   -0.5874369E-04    0.2233397E-03   -0.1402338E-03    0.6489147E-05   -0.1766075E-04   -0.5498429E-04    0.8311364E-05    0.6893750E-08   -0.5229334E-07
   -0.4815738E-06    0.6157592E-05   -0.7018814E-06   -0.6941682E-05   -0.1288229E-03    0.1139185E-06   -0.1534828E-04   -0.8127456E-08    0.2501265E-02   -0.5861857E-04   -0.4727566E-03    0.8326745E-02    0.4214285E-02    0.5148797E-03   -0.1134154E-02    0.7514628E-03   -0.4498738E-04    0.8004295E-04    0.3654502E-03    0.1501818E-03   -0.6203802E-07    0.3073848E-06
    0.8221747E-07   -0.7018814E-06    0.2575614E-06    0.8053798E-06    0.1952578E-04    0.2684835E-06    0.2085631E-05    0.1061950E-07   -0.4142914E-03    0.8622168E-05    0.7645936E-04   -0.1306750E-02   -0.6268637E-03   -0.2620372E-04    0.2630091E-03   -0.1329243E-03    0.1550426E-04   -0.2092806E-04   -0.6131489E-04   -0.4223797E-05    0.6694892E-08   -0.4848715E-07
    0.5633346E-06   -0.6941682E-05    0.8053798E-06    0.4261767E-03   -0.8403204E-03    0.8366789E-03    0.2705511E-04    0.1142417E-05   -0.6821028E-02    0.1557087E-03    0.1001194E-02   -0.2557591E-01   -0.9245967E-02    0.1375379E-02    0.6914627E-02   -0.2649614E-02    0.5262552E-04   -0.4180632E-03   -0.1557270E-02   -0.7307645E-04   -0.4616240E-07   -0.7171960E-06
    0.1578964E-04   -0.1288229E-03    0.1952578E-04   -0.8403204E-03    0.9606591E-02   -0.1977901E-02    0.3489592E-03   -0.1707618E-04   -0.1127842E+00    0.2647201E-02    0.2191772E-01   -0.3933168E+00   -0.1670905E+00    0.1493773E-02    0.6232809E-01   -0.3694087E-01    0.1340913E-02   -0.5270120E-02   -0.1912249E-01   -0.1236030E-01    0.2257438E-05   -0.1456791E-04
    0.1933560E-06    0.1139185E-06    0.2684835E-06    0.8366789E-03   -0.1977901E-02    0.1703904E-02    0.1801860E-04    0.1522163E-04   -0.8715635E-02    0.2534336E-03    0.1045704E-02   -0.2891430E-01   -0.7290746E-02    0.7854506E-02    0.1836717E-01   -0.4716238E-02   -0.3520852E-03   -0.1263969E-02   -0.2873968E-02    0.1780898E-02    0.2654932E-07   -0.8862146E-06
    0.1381400E-05   -0.1534828E-04    0.2085631E-05    0.2705511E-04    0.3489592E-03    0.1801860E-04    0.4933474E-04    0.2050722E-06   -0.1125765E-01    0.2840567E-03    0.2307067E-02   -0.4529874E-01   -0.1544606E-01    0.3061474E-02    0.9413281E-02   -0.4308656E-02    0.5813714E-03   -0.3461444E-03   -0.1394822E-02    0.3017837E-04   -0.1365437E-07   -0.1227169E-05
    0.3703101E-08   -0.8127456E-08    0.1061950E-07    0.1142417E-05   -0.1707618E-04    0.1522163E-04    0.2050722E-06    0.6424071E-05    0.8012999E-03    0.4551015E-05   -0.1760120E-04    0.3922219E-02    0.8617715E-03    0.6996977E-03    0.1537873E-02   -0.9224460E-04   -0.3419397E-04    0.1041104E-05   -0.2127263E-04    0.7846537E-03   -0.3547131E-08    0.4154485E-08
   -0.4541976E-03    0.2501265E-02   -0.4142914E-03   -0.6821028E-02   -0.1127842E+00   -0.8715635E-02   -0.1125765E-01    0.8012999E-03    0.4261904E+02   -0.5069481E+00   -0.2227538E+01    0.5098156E+02    0.3687760E+01   -0.2090013E+02   -0.5697698E+02    0.9972658E+00   -0.8976003E-01    0.2431982E+00   -0.1834797E+01   -0.1766773E+02   -0.3036659E-03    0.4334767E-02
    0.9785348E-05   -0.5861857E-04    0.8622168E-05    0.1557087E-03    0.2647201E-02    0.2534336E-03    0.2840567E-03    0.4551015E-05   -0.5069481E+00    0.7914081E-01   -0.4511702E-01   -0.8049352E+00    0.9273053E+00    0.1874945E+01    0.7815668E+00    0.3053824E-01   -0.2715802E-02    0.5450313E-02    0.9949241E-01    0.8796756E-01    0.6303522E-05   -0.2341601E-04
    0.9255016E-04   -0.4727566E-03    0.7645936E-04    0.1001194E-02    0.2191772E-01    0.1045704E-02    0.2307067E-02   -0.1760120E-04   -0.2227538E+01   -0.4511702E-01    0.3379586E+01   -0.2782502E+02   -0.4235411E+01    0.6732650E+01    0.5921703E+01   -0.2166714E+01   -0.1201885E+00    0.3617808E-01    0.2179785E+01    0.2068024E+01    0.1722535E-03   -0.3943597E-03
   -0.1604902E-02    0.8326745E-02   -0.1306750E-02   -0.2557591E-01   -0.3933168E+00   -0.2891430E-01   -0.4529874E-01    0.3922219E-02    0.5098156E+02   -0.8049352E+00   -0.2782502E+02    0.7679203E+03    0.6765271E+02   -0.6154711E+02   -0.7224348E+02    0.1216112E+02   -0.4386030E+01    0.3358078E+01   -0.1143207E+02   -0.1826595E+02    0.6131189E-02    0.4957638E-02
   -0.7504242E-03    0.4214285E-02   -0.6268637E-03   -0.9245967E-02   -0.1670905E+00   -0.7290746E-02   -0.1544606E-01    0.8617715E-03    0.3687760E+01    0.9273053E+00   -0.4235411E+01    0.6765271E+02    0.5688687E+02    0.3928588E+02    0.1254288E+02   -0.2789946E+01   -0.4781810E+00   -0.9058997E+00    0.3652560E+01    0.2862797E+01    0.2525656E-04    0.6185779E-03
   -0.5874369E-04    0.5148797E-03   -0.2620372E-04    0.1375379E-02    0.1493773E-02    0.7854506E-02    0.3061474E-02    0.6996977E-03   -0.2090013E+02    0.1874945E+01    0.6732650E+01   -0.6154711E+02    0.3928588E+02    0.9021519E+02    0.5903969E+02   -0.9663050E+01   -0.6287658E+00   -0.3332786E+00    0.4512867E+01    0.4505678E+01    0.6458064E-03   -0.2516780E-02
    0.2233397E-03   -0.1134154E-02    0.2630091E-03    0.6914627E-02    0.6232809E-01    0.1836717E-01    0.9413281E-02    0.1537873E-02   -0.5697698E+02    0.7815668E+00    0.5921703E+01   -0.7224348E+02    0.1254288E+02    0.5903969E+02    0.1062264E+03   -0.8551552E+01   -0.2755973E+00   -0.5945924E+00   -0.9284711E+00    0.1329355E+02    0.6747892E-03   -0.7251079E-02
   -0.1402338E-03    0.7514628E-03   -0.1329243E-03   -0.2649614E-02   -0.3694087E-01   -0.4716238E-02   -0.4308656E-02   -0.9224460E-04    0.9972658E+00    0.3053824E-01   -0.2166714E+01    0.1216112E+02   -0.2789946E+01   -0.9663050E+01   -0.8551552E+01    0.5064692E+01    0.3924207E-01   -0.3871078E-01   -0.1451783E+01   -0.1125476E+01   -0.1207059E-03    0.2331767E-03
    0.6489147E-05   -0.4498738E-04    0.1550426E-04    0.5262552E-04    0.1340913E-02   -0.3520852E-03    0.5813714E-03   -0.3419397E-04   -0.8976003E-01   -0.2715802E-02   -0.1201885E+00   -0.4386030E+01   -0.4781810E+00   -0.6287658E+00   -0.2755973E+00    0.3924207E-01    0.3519762E+01    0.4468860E+00    0.1558561E+00    0.2814221E+00    0.2872281E-03   -0.4402284E-05
   -0.1766075E-04    0.8004295E-04   -0.2092806E-04   -0.4180632E-03   -0.5270120E-02   -0.1263969E-02   -0.3461444E-03    0.1041104E-05    0.2431982E+00    0.5450313E-02    0.3617808E-01    0.3358078E+01   -0.9058997E+00   -0.3332786E+00   -0.5945924E+00   -0.3871078E-01    0.4468860E+00    0.3420056E+01    0.2620965E+01    0.1752850E+01   -0.2980611E-03   -0.2104718E-03
   -0.5498429E-04    0.3654502E-03   -0.6131489E-04   -0.1557270E-02   -0.1912249E-01   -0.2873968E-02   -0.1394822E-02   -0.2127263E-04   -0.1834797E+01    0.9949241E-01    0.2179785E+01   -0.1143207E+02    0.3652560E+01    0.4512867E+01   -0.9284711E+00   -0.1451783E+01    0.1558561E+00    0.2620965E+01    0.1704132E+02    0.2542948E+02   -0.3947430E-04    0.2557456E-02
    0.8311364E-05    0.1501818E-03   -0.4223797E-05   -0.7307645E-04   -0.1236030E-01    0.1780898E-02    0.3017837E-04    0.7846537E-03   -0.1766773E+02    0.8796756E-01    0.2068024E+01   -0.1826595E+02    0.2862797E+01    0.4505678E+01    0.1329355E+02   -0.1125476E+01    0.2814221E+00    0.1752850E+01    0.2542948E+02    0.5389087E+02    0.3203596E-04    0.4616054E-02
    0.6893750E-08   -0.6203802E-07    0.6694892E-08   -0.4616240E-07    0.2257438E-05    0.2654932E-07   -0.1365437E-07   -0.3547131E-08   -0.3036659E-03    0.6303522E-05    0.1722535E-03    0.6131189E-02    0.2525656E-04    0.6458064E-03    0.6747892E-03   -0.1207059E-03    0.2872281E-03   -0.2980611E-03   -0.3947430E-04    0.3203596E-04    0.6073195E-06   -0.1939800E-08
   -0.5229334E-07    0.3073848E-06   -0.4848715E-07   -0.7171960E-06   -0.1456791E-04   -0.8862146E-06   -0.1227169E-05    0.4154485E-08    0.4334767E-02   -0.2341601E-04   -0.3943597E-03    0.4957638E-02    0.6185779E-03   -0.2516780E-02   -0.7251079E-02    0.2331767E-03   -0.4402284E-05   -0.2104718E-03    0.2557456E-02    0.4616054E-02   -0.1939800E-08    0.2095651E-05
