# Alens logA ns ombh2 omch2 tau theta_MC_100 A_planck amp_143 amp_217 amp_143x217 n_143 n_217 n_143x217
7.958479834505928843e-03 -4.299366652596626364e-04 3.991547172629205330e-04 1.697874515829839645e-05 -1.327880315817576930e-04 -6.435053818612465886e-05 1.955224031134873022e-05 -1.659229588153114909e-05 -1.055114317659215512e-01 -1.004926717666656949e-01 -1.032612347044830486e-01 -1.566187448981438100e-03 1.202343337917691386e-02 2.601791010208110225e-02
-4.299366652596626364e-04 2.913984028161172718e-04 -9.577129415825459699e-06 -2.300605104018562866e-07 5.007020389531079321e-06 1.270189308309891741e-04 -3.002893258146667968e-07 1.149566170065131782e-05 -1.052220808887657138e-03 -1.234564753335133267e-03 -1.301302880847413079e-03 1.478357975470495579e-04 3.849410302596843248e-04 6.966025333102269764e-04
3.991547172629205330e-04 -9.577129415825459699e-06 4.671623504725842872e-05 1.376092715145596690e-06 -1.393006459281795021e-05 1.079288143098339192e-05 1.924895142828191485e-06 2.375156963846217032e-07 -9.573273507657867332e-03 -9.026415928039295891e-03 -9.263456061970348765e-03 -1.069056482425486635e-04 1.185331333338437119e-03 2.518837288914492489e-03
1.697874515829839645e-05 -2.300605104018562866e-07 1.376092715145596690e-06 7.800586037033042672e-08 -4.510331501005322504e-07 3.081590980137057722e-07 7.739752011119707758e-08 2.087007692076868601e-09 -3.759006997081883921e-04 -3.552627596220812346e-04 -3.644419762840997489e-04 -9.098532921578890792e-06 4.018482327864867748e-05 8.567707072121409520e-05
-1.327880315817576930e-04 5.007020389531079321e-06 -1.393006459281795021e-05 -4.510331501005322504e-07 5.377416534734090858e-06 -3.401156357218244091e-06 -6.348227617948661198e-07 -6.278022881594723867e-08 2.022515937434688806e-03 1.944357513236544916e-03 1.975803872827924888e-03 4.404722065490580563e-05 -2.177716659331794895e-04 -4.734548183960768158e-04
-6.435053818612465886e-05 1.270189308309891470e-04 1.079288143098339192e-05 3.081590980137057722e-07 -3.401156357218244091e-06 6.745610840568033284e-05 4.527625913072860976e-07 -6.228155658911651574e-08 -2.035641128493495718e-03 -2.017473194164566899e-03 -2.007760609116369249e-03 -3.142858469248022114e-05 2.773495196106985205e-04 5.414567309312951458e-04
1.955224031134873022e-05 -3.002893258146667968e-07 1.924895142828191485e-06 7.739752011119707758e-08 -6.348227617948661198e-07 4.527625913072860976e-07 2.274091204892444107e-07 2.526954662059687917e-09 -3.122024790095078708e-04 -2.894990516402344886e-04 -2.979352039507946609e-04 -6.463139370740102966e-06 3.121997738782388048e-05 6.975673650489372163e-05
-1.659229588153114909e-05 1.149566170065131782e-05 2.375156963846217032e-07 2.087007692076868601e-09 -6.278022881594723867e-08 -6.228155658911651574e-08 2.526954662059687917e-09 5.921638781991058350e-06 1.835433873110515991e-04 1.303859212067769093e-04 8.580928929140545138e-05 -4.982782454079497485e-06 -9.787032459446715611e-06 -2.546381871544577678e-05
-1.055114317659215373e-01 -1.052220808887657138e-03 -9.573273507657867332e-03 -3.759006997081883921e-04 2.022515937434688806e-03 -2.035641128493495718e-03 -3.122024790095078708e-04 1.835433873110515991e-04 5.019763128606844482e+00 4.247081220514008493e+00 4.544113599651050883e+00 -3.492921512414644269e-02 -7.164963590258203174e-01 -1.512429768711509581e+00
-1.004926717666656949e-01 -1.234564753335133267e-03 -9.026415928039295891e-03 -3.552627596220812346e-04 1.944357513236544916e-03 -2.017473194164566899e-03 -2.894990516402344886e-04 1.303859212067769093e-04 4.247081220514008493e+00 4.506102737380978773e+00 4.355382025023451398e+00 -8.808521682579581458e-02 -7.672848621596681795e-01 -1.516779008120839878e+00
-1.032612347044830486e-01 -1.301302880847412862e-03 -9.263456061970348765e-03 -3.644419762840997489e-04 1.975803872827924888e-03 -2.007760609116368816e-03 -2.979352039507946609e-04 8.580928929140543783e-05 4.544113599651050883e+00 4.355382025023451398e+00 4.552255227507769675e+00 -9.647805488696820087e-02 -7.515677366416467775e-01 -1.535057706375315023e+00
-1.566187448981438100e-03 1.478357975470495850e-04 -1.069056482425486770e-04 -9.098532921578890792e-06 4.404722065490580563e-05 -3.142858469248021436e-05 -6.463139370740103813e-06 -4.982782454079495791e-06 -3.492921512414643576e-02 -8.808521682579581458e-02 -9.647805488696820087e-02 5.864275311030017757e-02 1.997421222968683019e-02 8.349614261940570270e-02
1.202343337917691386e-02 3.849410302596843248e-04 1.185331333338437119e-03 4.018482327864867748e-05 -2.177716659331794895e-04 2.773495196106985205e-04 3.121997738782388048e-05 -9.787032459446717305e-06 -7.164963590258203174e-01 -7.672848621596679575e-01 -7.515677366416467775e-01 1.997421222968683366e-02 2.070578532402365668e-01 3.389904298282217510e-01
2.601791010208110225e-02 6.966025333102271932e-04 2.518837288914492489e-03 8.567707072121409520e-05 -4.734548183960767074e-04 5.414567309312951458e-04 6.975673650489372163e-05 -2.546381871544578694e-05 -1.512429768711509581e+00 -1.516779008120839878e+00 -1.535057706375315023e+00 8.349614261940570270e-02 3.389904298282217510e-01 8.499060859669135271e-01
