# omegabh2 omegach2 theta tau logA ns nrun calPlanck acib217 xi asz143 aps100 aps143 aps143217 aps217 aksz kgal100 kgal143 kgal143217 kgal217 cal0 cal2
    0.4871337E-07   -0.7125842E-07    0.3255818E-07    0.8606663E-06    0.1847826E-05    0.2419858E-06   -0.7118351E-06    0.9448907E-08   -0.6712928E-04    0.1339994E-05    0.3137446E-04   -0.3028501E-03   -0.2594483E-03   -0.1289047E-03   -0.9224062E-04   -0.3699408E-04    0.2068468E-04    0.1264308E-04    0.1055278E-04   -0.5631133E-05    0.1060521E-07   -0.1261521E-07
   -0.7125842E-07    0.1460219E-05   -0.6060407E-07   -0.8231540E-05   -0.1334293E-04   -0.3397389E-05    0.1115306E-06   -0.2008955E-06    0.2300517E-03   -0.4528508E-05   -0.1072110E-03    0.1342374E-02    0.6951811E-03    0.1307503E-03   -0.3339344E-04    0.1826427E-03   -0.7032491E-04   -0.7639026E-05   -0.2959802E-05   -0.3843887E-04   -0.3920144E-07    0.3616619E-07
    0.3255818E-07   -0.6060407E-07    0.1637185E-06    0.1452745E-05    0.3047650E-05    0.4305608E-06   -0.3499199E-06    0.6567380E-08    0.4547019E-04   -0.1001362E-05    0.1528138E-04   -0.4921145E-03   -0.1936393E-03   -0.1178878E-03   -0.1611030E-03   -0.2603775E-04   -0.1231384E-04    0.9073568E-05   -0.9019767E-05   -0.6263925E-04    0.2092704E-08   -0.2006607E-08
    0.8606663E-06   -0.8231540E-05    0.1452745E-05    0.1628223E-03    0.2995122E-03    0.2684730E-04   -0.1672899E-04   -0.4137480E-05   -0.1506997E-02   -0.3522483E-04    0.2042444E-02   -0.3414922E-01   -0.1046783E-01   -0.3631379E-02   -0.3834611E-02   -0.1908191E-02    0.1151387E-02    0.6510336E-03    0.1011245E-02   -0.1028317E-03   -0.2606403E-06   -0.1519550E-06
    0.1847826E-05   -0.1334293E-04    0.3047650E-05    0.2995122E-03    0.5847821E-03    0.4334608E-04   -0.4522409E-04    0.3636797E-05   -0.8106535E-03    0.2881388E-04    0.3584258E-02   -0.5034220E-01   -0.1242860E-01   -0.1178407E-02   -0.2055190E-02   -0.4094210E-02    0.1664504E-02    0.1337488E-02    0.1978190E-02    0.5867758E-04   -0.3496738E-06   -0.3702873E-06
    0.2419858E-06   -0.3397389E-05    0.4305608E-06    0.2684730E-04    0.4334608E-04    0.2078803E-04    0.6290698E-05    0.5668179E-06   -0.5753988E-02    0.1476068E-03    0.1997212E-02   -0.3666643E-01   -0.8800559E-02    0.3979792E-02    0.6346222E-02   -0.4040749E-02    0.3692431E-03   -0.2429953E-03    0.4897575E-03    0.1896085E-02   -0.1907139E-06   -0.4775306E-06
   -0.7118351E-06    0.1115306E-06   -0.3499199E-06   -0.1672899E-04   -0.4522409E-04    0.6290698E-05    0.5320632E-04    0.6387311E-06   -0.8028988E-02    0.8843720E-04    0.1938537E-02   -0.3382424E-01   -0.1345414E-01    0.8501463E-03    0.8517546E-02   -0.2974983E-02   -0.5320302E-03   -0.3306543E-03   -0.6058303E-03    0.1716202E-02   -0.4594635E-06   -0.5239424E-06
    0.9448907E-08   -0.2008955E-06    0.6567380E-08   -0.4137480E-05    0.3636797E-05    0.5668179E-06    0.6387311E-06    0.6332903E-05    0.8968007E-03    0.3489806E-04    0.7351927E-04    0.4293281E-02    0.1569280E-02    0.1676840E-02    0.1737681E-02   -0.2657128E-03   -0.1460822E-03    0.2641400E-03    0.1746203E-03    0.5254235E-03   -0.6960605E-07   -0.6411711E-07
   -0.6712928E-04    0.2300517E-03    0.4547019E-04   -0.1506997E-02   -0.8106535E-03   -0.5753988E-02   -0.8028988E-02    0.8968007E-03    0.4549194E+02   -0.5319601E+00   -0.1642079E+01    0.4753014E+02    0.1630783E+01   -0.2016155E+02   -0.6109078E+02    0.1726658E+00    0.2024238E+00    0.3595649E+00   -0.2279106E+01   -0.1926440E+02   -0.1163083E-03    0.4682920E-02
    0.1339994E-05   -0.4528508E-05   -0.1001362E-05   -0.3522483E-04    0.2881388E-04    0.1476068E-03    0.8843720E-04    0.3489806E-04   -0.5319601E+00    0.8387240E-01   -0.5900041E-01   -0.3747840E+00    0.1022286E+01    0.1900490E+01    0.8208788E+00    0.5726406E-01    0.1193790E-01    0.5659775E-02    0.9682326E-01    0.1164858E+00    0.4099078E-05   -0.2586400E-04
    0.3137446E-04   -0.1072110E-03    0.1528138E-04    0.2042444E-02    0.3584258E-02    0.1997212E-02    0.1938537E-02    0.7351927E-04   -0.1642079E+01   -0.5900041E-01    0.3810488E+01   -0.3052271E+02   -0.4427565E+01    0.7976661E+01    0.6652409E+01   -0.3033311E+01   -0.3197107E+00    0.1239591E+00    0.2404516E+01    0.1989475E+01    0.1295507E-03   -0.3566092E-03
   -0.3028501E-03    0.1342374E-02   -0.4921145E-03   -0.3414922E-01   -0.5034220E-01   -0.3666643E-01   -0.3382424E-01    0.4293281E-02    0.4753014E+02   -0.3747840E+00   -0.3052271E+02    0.7820496E+03    0.8346187E+02   -0.5202337E+02   -0.6922409E+02    0.1607134E+02   -0.2336403E+01    0.2416169E+01   -0.1496419E+02   -0.2089898E+02    0.6465583E-02    0.5056902E-02
   -0.2594483E-03    0.6951811E-03   -0.1936393E-03   -0.1046783E-01   -0.1242860E-01   -0.8800559E-02   -0.1345414E-01    0.1569280E-02    0.1630783E+01    0.1022286E+01   -0.4427565E+01    0.8346187E+02    0.6795640E+02    0.4721677E+02    0.2011456E+02   -0.4143103E+01   -0.1970073E+00   -0.1107630E+01    0.3725892E+01    0.4336456E+01    0.2685983E-03    0.3821048E-03
   -0.1289047E-03    0.1307503E-03   -0.1178878E-03   -0.3631379E-02   -0.1178407E-02    0.3979792E-02    0.8501463E-03    0.1676840E-02   -0.2016155E+02    0.1900490E+01    0.7976661E+01   -0.5202337E+02    0.4721677E+02    0.1007410E+03    0.6796052E+02   -0.1305165E+02   -0.7812002E+00   -0.4161635E+00    0.4924001E+01    0.4902161E+01    0.7179492E-03   -0.2688245E-02
   -0.9224062E-04   -0.3339344E-04   -0.1611030E-03   -0.3834611E-02   -0.2055190E-02    0.6346222E-02    0.8517546E-02    0.1737681E-02   -0.6109078E+02    0.8208788E+00    0.6652409E+01   -0.6922409E+02    0.2011456E+02    0.6796052E+02    0.1204219E+03   -0.1058579E+02   -0.9346978E+00   -0.7419241E+00    0.3178263E+00    0.1550277E+02    0.5284725E-03   -0.7963571E-02
   -0.3699408E-04    0.1826427E-03   -0.2603775E-04   -0.1908191E-02   -0.4094210E-02   -0.4040749E-02   -0.2974983E-02   -0.2657128E-03    0.1726658E+00    0.5726406E-01   -0.3033311E+01    0.1607134E+02   -0.4143103E+01   -0.1305165E+02   -0.1058579E+02    0.6923907E+01    0.2778993E+00   -0.3470039E-01   -0.2410226E+01   -0.2075445E+01   -0.1068144E-03    0.1146706E-03
    0.2068468E-04   -0.7032491E-04   -0.1231384E-04    0.1151387E-02    0.1664504E-02    0.3692431E-03   -0.5320302E-03   -0.1460822E-03    0.2024238E+00    0.1193790E-01   -0.3197107E+00   -0.2336403E+01   -0.1970073E+00   -0.7812002E+00   -0.9346978E+00    0.2778993E+00    0.3481701E+01    0.4799274E+00    0.2457573E-01   -0.1044243E+00    0.2266244E-03    0.2160650E-04
    0.1264308E-04   -0.7639026E-05    0.9073568E-05    0.6510336E-03    0.1337488E-02   -0.2429953E-03   -0.3306543E-03    0.2641400E-03    0.3595649E+00    0.5659775E-02    0.1239591E+00    0.2416169E+01   -0.1107630E+01   -0.4161635E+00   -0.7419241E+00   -0.3470039E-01    0.4799274E+00    0.3328637E+01    0.2674834E+01    0.1757616E+01   -0.2859096E-03   -0.1408783E-03
    0.1055278E-04   -0.2959802E-05   -0.9019767E-05    0.1011245E-02    0.1978190E-02    0.4897575E-03   -0.6058303E-03    0.1746203E-03   -0.2279106E+01    0.9682326E-01    0.2404516E+01   -0.1496419E+02    0.3725892E+01    0.4924001E+01    0.3178263E+00   -0.2410226E+01    0.2457573E-01    0.2674834E+01    0.1726055E+02    0.2595950E+02   -0.8467950E-04    0.2623385E-02
   -0.5631133E-05   -0.3843887E-04   -0.6263925E-04   -0.1028317E-03    0.5867758E-04    0.1896085E-02    0.1716202E-02    0.5254235E-03   -0.1926440E+02    0.1164858E+00    0.1989475E+01   -0.2089898E+02    0.4336456E+01    0.4902161E+01    0.1550277E+02   -0.2075445E+01   -0.1044243E+00    0.1757616E+01    0.2595950E+02    0.5511863E+02   -0.2374700E-04    0.4644928E-02
    0.1060521E-07   -0.3920144E-07    0.2092704E-08   -0.2606403E-06   -0.3496738E-06   -0.1907139E-06   -0.4594635E-06   -0.6960605E-07   -0.1163083E-03    0.4099078E-05    0.1295507E-03    0.6465583E-02    0.2685983E-03    0.7179492E-03    0.5284725E-03   -0.1068144E-03    0.2266244E-03   -0.2859096E-03   -0.8467950E-04   -0.2374700E-04    0.5736250E-06    0.2683996E-07
   -0.1261521E-07    0.3616619E-07   -0.2006607E-08   -0.1519550E-06   -0.3702873E-06   -0.4775306E-06   -0.5239424E-06   -0.6411711E-07    0.4682920E-02   -0.2586400E-04   -0.3566092E-03    0.5056902E-02    0.3821048E-03   -0.2688245E-02   -0.7963571E-02    0.1146706E-03    0.2160650E-04   -0.1408783E-03    0.2623385E-02    0.4644928E-02    0.2683996E-07    0.2180308E-05
