# omegabh2 omegach2 theta tau w logA ns alpha_JLA beta_JLA calPlanck acib217 xi asz143 aps100 aps143 aps143217 aps217 aksz kgal100 kgal143 kgal143217 kgal217 cal0 cal2
  3.9625424E-08  -1.0918121E-07   2.7734308E-08   2.2831481E-07   2.7853955E-06   3.5487330E-07   3.6683056E-07  -3.0418170E-08  -3.7614539E-07   2.9753679E-08  -1.1976639E-04   1.9501107E-06   4.2003252E-05  -6.8469610E-04  -4.3468185E-04  -1.6572163E-04  -5.8624389E-05  -5.2873559E-05   5.5515471E-06   2.4476282E-06   2.4263740E-06   4.2452971E-05  -8.8827575E-12  -1.0143187E-09
 -1.0918121E-07   2.4577173E-06  -1.7343723E-07  -2.0164509E-06  -4.6610561E-05   1.7599159E-06  -5.3977472E-06   2.3951160E-07   5.3796734E-06  -1.2968971E-07  -1.5140549E-04   2.5430661E-06  -2.0028474E-05  -1.2386998E-06   8.5539312E-04   6.7361809E-04   7.2216210E-04  -1.7788688E-05  -2.5471284E-05  -7.5800713E-05   2.4564271E-05   1.7803073E-04  -1.6270902E-09   4.9033725E-10
  2.7734308E-08  -1.7343723E-07   1.9311009E-07   2.5871937E-07   6.0763075E-06   3.1718893E-07   6.5378468E-07  -7.1077853E-08  -8.3396412E-07   1.4622644E-08   1.7879024E-05   4.3551630E-07   8.1949134E-06  -1.6496221E-04  -9.3426706E-05  -3.2458899E-05  -6.7101553E-05  -1.2874234E-05   4.0982423E-06   1.5587757E-05   1.4637728E-05   2.9815680E-06  -2.1320996E-09   3.4936521E-09
  2.2831481E-07  -2.0164509E-06   2.5871937E-07   4.4823775E-05   4.0145619E-05   8.5059255E-05   7.0796266E-06  -7.1167919E-07   6.2003992E-07   1.6012174E-07  -1.9598947E-03   4.3080332E-05   4.2170389E-04  -9.0652664E-03  -4.4314718E-03  -1.0034421E-03   7.5972861E-04  -6.9748800E-04   4.4039317E-05   1.0227811E-04   5.7811166E-05   7.1899394E-04  -6.2513909E-08  -4.9727304E-08
  2.7853955E-06  -4.6610561E-05   6.0763075E-06   4.0145619E-05   1.8318687E-03  -1.9572734E-05   1.0844636E-04  -1.6966603E-05  -2.9149022E-04   5.2816137E-06   4.0356856E-03   1.1591937E-06   1.9429806E-03  -1.8670486E-02  -2.0394719E-02  -8.7892824E-03  -1.3949645E-02  -1.8549675E-03   2.7139358E-04   1.1835048E-03  -5.3644684E-04  -3.5437589E-03   4.5089050E-08   2.3368553E-07
  3.5487330E-07   1.7599159E-06   3.1718893E-07   8.5059255E-05  -1.9572734E-05   2.0497394E-04   1.6711368E-07  -9.9353764E-07   1.1524989E-05   1.3150135E-05  -4.7338923E-03   1.3994685E-04   7.8364823E-04  -1.7397335E-02  -6.5526545E-03   2.0141856E-03   9.2573470E-03  -2.3175584E-03  -3.3440667E-04  -7.6607644E-04  -5.7370506E-04   3.1025477E-03   5.9580012E-08  -8.9569466E-08
  3.6683056E-07  -5.3977472E-06   6.5378468E-07   7.0796266E-06   1.0844636E-04   1.6711368E-07   2.2646475E-05  -6.3662137E-07  -1.2797344E-05   4.8666897E-07  -4.1241615E-03   8.5043397E-05   1.1730093E-03  -2.5330554E-02  -8.1519789E-03   7.1859502E-04   3.6709213E-03  -2.4014153E-03   3.9982912E-04  -6.5287113E-05  -1.6123210E-04   1.1804034E-03  -1.1036275E-07  -9.4259305E-08
 -3.0418170E-08   2.3951160E-07  -7.1077853E-08  -7.1167919E-07  -1.6966603E-05  -9.9353764E-07  -6.3662137E-07   4.3687520E-05  -2.7184741E-05  -6.6311327E-08  -9.1160090E-05  -6.8789013E-06   8.9747996E-05  -2.5922566E-03   7.1859364E-05   3.1743093E-04   3.4042363E-04  -1.4155675E-06   1.0400471E-05  -1.3245547E-04  -9.4577399E-05  -9.6107661E-05   7.1200587E-09  -3.2378247E-08
 -3.7614539E-07   5.3796734E-06  -8.3396412E-07   6.2003992E-07  -2.9149022E-04   1.1524989E-05  -1.2797344E-05  -2.7184741E-05   6.5614152E-03  -1.1424762E-06  -4.2316709E-04  -2.7583163E-04   1.2433864E-03  -1.3751133E-02  -5.1133348E-03  -4.0440549E-03   1.9134382E-03  -1.8725282E-04  -4.5300488E-04   7.0686997E-04   8.8474361E-04   7.0900413E-04  -3.8283666E-07  -6.5917261E-07
  2.9753679E-08  -1.2968971E-07   1.4622644E-08   1.6012174E-07   5.2816137E-06   1.3150135E-05   4.8666897E-07  -6.6311327E-08  -1.1424762E-06   6.5076195E-06   6.7347805E-04   4.1026857E-06  -7.5127167E-06   2.7695746E-03   1.4386154E-04   2.8901176E-04   1.2327306E-03   1.2417051E-05  -1.6869354E-05  -6.0468877E-05  -9.4042169E-05   6.1477075E-04   7.2814873E-09   2.5867597E-09
 -1.1976639E-04  -1.5140549E-04   1.7879024E-05  -1.9598947E-03   4.0356856E-03  -4.7338923E-03  -4.1241615E-03  -9.1160090E-05  -4.2316709E-04   6.7347805E-04   4.5157087E+01  -3.7629701E-01  -9.5474390E-01   4.0276065E+01   2.4560045E+00  -1.3069899E+01  -5.5626452E+01   1.2638541E-01   1.0593775E-01   6.5767852E-01  -5.9881622E+00  -3.3894957E+01  -1.8062187E-04   7.1713434E-04
  1.9501107E-06   2.5430661E-06   4.3551630E-07   4.3080332E-05   1.1591937E-06   1.3994685E-04   8.5043397E-05  -6.8789013E-06  -2.7583163E-04   4.1026857E-06  -3.7629701E-01   8.2221629E-02  -5.0369350E-02  -5.4651454E-01   8.8338377E-01   1.6352351E+00   5.9343462E-01   5.2588020E-02  -4.6829187E-03   6.7838359E-03   8.6671553E-02   1.0792359E-01   4.0608763E-06  -4.3216673E-06
  4.2003252E-05  -2.0028474E-05   8.1949134E-06   4.2170389E-04   1.9429806E-03   7.8364823E-04   1.1730093E-03   8.9747996E-05   1.2433864E-03  -7.5127167E-06  -9.5474390E-01  -5.0369350E-02   4.0265272E+00  -3.1710396E+01  -3.4905425E+00   8.0610902E+00   5.6430379E+00  -2.9898547E+00  -1.6789771E-01   1.5079515E-01   2.6813349E+00   3.3478279E+00   1.0634537E-04  -5.6838253E-05
 -6.8469610E-04  -1.2386998E-06  -1.6496221E-04  -9.0652664E-03  -1.8670486E-02  -1.7397335E-02  -2.5330554E-02  -2.5922566E-03  -1.3751133E-02   2.7695746E-03   4.0276065E+01  -5.4651454E-01  -3.1710396E+01   7.9417947E+02   7.2886787E+01  -5.7591989E+01  -6.5454491E+01   1.6098504E+01  -6.2215855E+00   5.8618402E+00  -1.2644668E+01  -2.7326733E+01   3.7500709E-03   7.8009927E-04
 -4.3468185E-04   8.5539312E-04  -9.3426706E-05  -4.4314718E-03  -2.0394719E-02  -6.5526545E-03  -8.1519789E-03   7.1859364E-05  -5.1133348E-03   1.4386154E-04   2.4560045E+00   8.8338377E-01  -3.4905425E+00   7.2886787E+01   6.3677204E+01   4.0914056E+01   1.6160961E+01  -4.9384853E+00  -4.1788159E-01  -1.3595500E+00   3.1788548E+00   3.5917747E+00   1.4151228E-04   1.3041258E-04
 -1.6572163E-04   6.7361809E-04  -3.2458899E-05  -1.0034421E-03  -8.7892824E-03   2.0141856E-03   7.1859502E-04   3.1743093E-04  -4.0440549E-03   2.8901176E-04  -1.3069899E+01   1.6352351E+00   8.0610902E+00  -5.7591989E+01   4.0914056E+01   8.6864265E+01   5.5194154E+01  -1.2756813E+01  -7.4325105E-01  -8.8052037E-01   4.6933770E+00   8.0245321E+00   4.8228923E-04  -4.1934293E-04
 -5.8624389E-05   7.2216210E-04  -6.7101553E-05   7.5972861E-04  -1.3949645E-02   9.2573470E-03   3.6709213E-03   3.4042363E-04   1.9134382E-03   1.2327306E-03  -5.5626452E+01   5.9343462E-01   5.6430379E+00  -6.5454491E+01   1.6160961E+01   5.5194154E+01   1.0632091E+02  -1.0227439E+01  -6.1443620E-01  -1.5915260E+00   5.6244424E+00   3.4091659E+01   5.1095501E-04  -1.3240620E-03
 -5.2873559E-05  -1.7788688E-05  -1.2874234E-05  -6.9748800E-04  -1.8549675E-03  -2.3175584E-03  -2.4014153E-03  -1.4155675E-06  -1.8725282E-04   1.2417051E-05   1.2638541E-01   5.2588020E-02  -2.9898547E+00   1.6098504E+01  -4.9384853E+00  -1.2756813E+01  -1.0227439E+01   6.4047553E+00   9.1520591E-02  -1.8536108E-01  -2.2234406E+00  -2.6129522E+00  -9.1027640E-05   1.4563484E-05
  5.5515471E-06  -2.5471284E-05   4.0982423E-06   4.4039317E-05   2.7139358E-04  -3.3440667E-04   3.9982912E-04   1.0400471E-05  -4.5300488E-04  -1.6869354E-05   1.0593775E-01  -4.6829187E-03  -1.6789771E-01  -6.2215855E+00  -4.1788159E-01  -7.4325105E-01  -6.1443620E-01   9.1520591E-02   3.3208511E+00   5.4701328E-01   1.9666889E-01   1.7341472E-01   1.7156526E-04  -6.3575857E-06
  2.4476282E-06  -7.5800713E-05   1.5587757E-05   1.0227811E-04   1.1835048E-03  -7.6607644E-04  -6.5287113E-05  -1.3245547E-04   7.0686997E-04  -6.0468877E-05   6.5767852E-01   6.7838359E-03   1.5079515E-01   5.8618402E+00  -1.3595500E+00  -8.8052037E-01  -1.5915260E+00  -1.8536108E-01   5.4701328E-01   3.1806199E+00   2.7079315E+00   2.6561595E+00  -1.8748930E-04  -5.3542595E-05
  2.4263740E-06   2.4564271E-05   1.4637728E-05   5.7811166E-05  -5.3644684E-04  -5.7370506E-04  -1.6123210E-04  -9.4577399E-05   8.8474361E-04  -9.4042169E-05  -5.9881622E+00   8.6671553E-02   2.6813349E+00  -1.2644668E+01   3.1788548E+00   4.6933770E+00   5.6244424E+00  -2.2234406E+00   1.9666889E-01   2.7079315E+00   1.0809807E+01   1.9364109E+01  -3.1807119E-05   3.6825674E-04
  4.2452971E-05   1.7803073E-04   2.9815680E-06   7.1899394E-04  -3.5437589E-03   3.1025477E-03   1.1804034E-03  -9.6107661E-05   7.0900413E-04   6.1477075E-04  -3.3894957E+01   1.0792359E-01   3.3478279E+00  -2.7326733E+01   3.5917747E+00   8.0245321E+00   3.4091659E+01  -2.6129522E+00   1.7341472E-01   2.6561595E+00   1.9364109E+01   5.3982607E+01   4.1482245E-05   8.8526469E-04
 -8.8827575E-12  -1.6270902E-09  -2.1320996E-09  -6.2513909E-08   4.5089050E-08   5.9580012E-08  -1.1036275E-07   7.1200587E-09  -3.8283666E-07   7.2814873E-09  -1.8062187E-04   4.0608763E-06   1.0634537E-04   3.7500709E-03   1.4151228E-04   4.8228923E-04   5.1095501E-04  -9.1027640E-05   1.7156526E-04  -1.8748930E-04  -3.1807119E-05   4.1482245E-05   3.7697493E-07   3.8104431E-09
 -1.0143187E-09   4.9033725E-10   3.4936521E-09  -4.9727304E-08   2.3368553E-07  -8.9569466E-08  -9.4259305E-08  -3.2378247E-08  -6.5917261E-07   2.5867597E-09   7.1713434E-04  -4.3216673E-06  -5.6838253E-05   7.8009927E-04   1.3041258E-04  -4.1934293E-04  -1.3240620E-03   1.4563484E-05  -6.3575857E-06  -5.3542595E-05   3.6825674E-04   8.8526469E-04   3.8104431E-09   3.8695159E-07
