# omegabh2 omegach2 theta tau nnu yhe logA ns calPlanck acib217 xi asz143 aps100 aps143 aps143217 aps217 aksz kgal100 kgal143 kgal143217 kgal217 cal0 cal2
  8.6309754E-08   5.1779033E-07  -2.2775485E-08   6.7540435E-07   5.0361953E-05   1.0932936E-06   3.2308523E-06   2.6468068E-06   5.5510609E-08   1.0142988E-04  -1.8643546E-06  -1.0524448E-05   8.1128656E-04   2.3408851E-04   7.6338773E-05  -5.0913889E-06   3.8412840E-05   2.5385752E-05   1.6368424E-05   2.5222846E-05  -7.1412964E-07   6.5460251E-09   2.9033590E-09
  5.1779033E-07   4.8330757E-05  -1.2035195E-05   1.7165006E-06   3.3138813E-03  -1.6506311E-04   8.3133426E-05   4.0585804E-05   1.6241059E-07  -1.2119283E-03  -5.3085605E-06  -7.9169643E-06   4.1346027E-03  -4.8570515E-03  -5.0934252E-03  -4.1634240E-03  -8.1538298E-05   6.5245969E-06   1.8094621E-04   6.0121849E-04   2.0690424E-03   5.2979978E-08   3.2967733E-08
 -2.2775485E-08  -1.2035195E-05   3.6025330E-06  -2.1429358E-07  -8.3687361E-04   5.3324204E-05  -1.7273951E-05  -5.9946685E-06  -1.1019534E-07   1.1829374E-03  -1.6892009E-05  -2.0894179E-04   3.5919433E-03   3.8617092E-03   2.2429139E-03   1.3035386E-03   4.0728879E-04   7.9139314E-05   1.9266726E-05  -5.1418357E-05  -6.8153028E-04  -1.5813257E-08   1.8003032E-08
  6.7540435E-07   1.7165006E-06  -2.1429358E-07   4.2294527E-05   4.4358467E-04   1.9429311E-06   9.0377879E-05   2.8575431E-05   7.0473075E-08  -1.8602951E-05  -3.3666353E-05  -8.0415540E-05   4.4937009E-03  -8.9616710E-04  -1.3363186E-03  -8.9940007E-04  -4.6599212E-05   1.9949950E-04  -2.0738474E-04  -2.8818615E-04  -1.2091436E-04   5.7534518E-08   4.8332767E-08
  5.0361953E-05   3.3138813E-03  -8.3687361E-04   4.4358467E-04   2.3835088E-01  -1.1463528E-02   6.4390550E-03   3.4512730E-03   5.1990330E-05  -7.5633709E-02  -4.1093385E-04   6.3655485E-04   3.9698348E-01  -3.3289333E-01  -3.4838771E-01  -2.8120538E-01  -1.1201263E-02   1.7210883E-04   1.1735934E-02   3.9471184E-02   1.3775062E-01   6.9046845E-06   2.2604909E-06
  1.0932936E-06  -1.6506311E-04   5.3324204E-05   1.9429311E-06  -1.1463528E-02   9.2488259E-04  -1.7859614E-04  -8.4806825E-06  -1.8866577E-06   2.9985245E-02  -4.6615682E-04  -5.9646650E-03   1.2266666E-01   9.7660881E-02   4.9866398E-02   2.4708922E-02   1.1233326E-02   1.8418918E-03   1.6686948E-03   1.8341693E-03  -1.1084790E-02  -2.5941088E-07   5.8369275E-07
  3.2308523E-06   8.3133426E-05  -1.7273951E-05   9.0377879E-05   6.4390550E-03  -1.7859614E-04   3.7881162E-04   1.6426395E-04   1.3108918E-05   4.6386365E-03  -1.2512388E-04  -1.8916620E-03   5.5812070E-02   1.2728326E-02   2.1446441E-05  -6.7573448E-04   1.7816799E-03   3.3743640E-04  -3.4671770E-04   3.3493412E-04   2.5321487E-03   4.2488015E-07   2.6687724E-07
  2.6468068E-06   4.0585804E-05  -5.9946685E-06   2.8575431E-05   3.4512730E-03  -8.4806825E-06   1.6426395E-04   1.3995229E-04   2.3764806E-06   4.8483418E-03  -8.8119173E-05  -1.1073222E-03   3.9554156E-02   2.0890587E-02   1.0814701E-02   6.0872387E-03   1.3670670E-03   1.0177441E-03   6.3945924E-04   1.7542787E-03   1.6993499E-03   1.1442090E-07   2.3679390E-07
  5.5510609E-08   1.6241059E-07  -1.1019534E-07   7.0473075E-08   5.1990330E-05  -1.8866577E-06   1.3108918E-05   2.3764806E-06   6.4060662E-06   1.0252701E-03   7.5762830E-06  -7.0292608E-05   3.8634029E-03   5.2151639E-04   2.2571043E-04   7.0869427E-04   1.7324715E-05  -9.8194111E-05  -9.3467884E-05  -2.5528171E-04   1.6084231E-04   1.4964213E-08  -1.8112605E-08
  1.0142988E-04  -1.2119283E-03   1.1829374E-03  -1.8602951E-05  -7.5633709E-02   2.9985245E-02   4.6386365E-03   4.8483418E-03   1.0252701E-03   4.5728657E+01  -4.2518316E-01  -1.2747699E+00   4.6887267E+01   8.1089276E+00  -1.0473230E+01  -5.2523803E+01   6.7080404E-01   4.5894734E-01   1.2157125E+00  -4.9013462E+00  -3.2412225E+01  -2.3531506E-04   7.8921505E-04
 -1.8643546E-06  -5.3085605E-06  -1.6892009E-05  -3.3666353E-05  -4.1093385E-04  -4.6615682E-04  -1.2512388E-04  -8.8119173E-05   7.5762830E-06  -4.2518316E-01   8.2222964E-02  -3.8630202E-02  -7.4225107E-01   7.5651010E-01   1.5784385E+00   6.0641339E-01   2.3812952E-02  -1.6791503E-02   2.0864170E-03   8.5168540E-02   1.3253060E-01   2.2211120E-06  -3.1700409E-06
 -1.0524448E-05  -7.9169643E-06  -2.0894179E-04  -8.0415540E-05   6.3655485E-04  -5.9646650E-03  -1.8916620E-03  -1.1073222E-03  -7.0292608E-05  -1.2747699E+00  -3.8630202E-02   4.1771654E+00  -3.4036046E+01  -4.6078532E+00   7.5284818E+00   5.1497447E+00  -3.1476412E+00  -1.7787348E-01   1.1876024E-01   2.8376575E+00   3.6531228E+00   1.2815700E-04  -6.2538689E-05
  8.1128656E-04   4.1346027E-03   3.5919433E-03   4.4937009E-03   3.9698348E-01   1.2266666E-01   5.5812070E-02   3.9554156E-02   3.8634029E-03   4.6887267E+01  -7.4225107E-01  -3.4036046E+01   8.5593583E+02   1.0243447E+02  -4.2396146E+01  -5.3657559E+01   1.9023634E+01  -5.4136368E+00   6.7147963E+00  -1.3188202E+01  -3.0139674E+01   3.8096244E-03   6.8342691E-04
  2.3408851E-04  -4.8570515E-03   3.8617092E-03  -8.9616710E-04  -3.3289333E-01   9.7660881E-02   1.2728326E-02   2.0890587E-02   5.2151639E-04   8.1089276E+00   7.5651010E-01  -4.6078532E+00   1.0243447E+02   8.2842117E+01   4.9059019E+01   2.0388341E+01  -3.0367838E+00  -1.8020083E-01  -7.7041086E-01   4.6651309E+00   3.4476977E+00   6.5858904E-05   2.5656017E-04
  7.6338773E-05  -5.0934252E-03   2.2429139E-03  -1.3363186E-03  -3.4838771E-01   4.9866398E-02   2.1446441E-05   1.0814701E-02   2.2571043E-04  -1.0473230E+01   1.5784385E+00   7.5284818E+00  -4.2396146E+01   4.9059019E+01   8.9319649E+01   5.6022033E+01  -1.1941845E+01  -8.0051680E-01  -5.6939818E-01   5.7610807E+00   8.4691786E+00   4.2568789E-04  -3.5047727E-04
 -5.0913889E-06  -4.1634240E-03   1.3035386E-03  -8.9940007E-04  -2.8120538E-01   2.4708922E-02  -6.7573448E-04   6.0872387E-03   7.0869427E-04  -5.2523803E+01   6.0641339E-01   5.1497447E+00  -5.3657559E+01   2.0388341E+01   5.6022033E+01   1.0285520E+02  -9.5814511E+00  -7.6389149E-01  -1.7036639E+00   5.3724193E+00   3.2329069E+01   5.6456694E-04  -1.2828475E-03
  3.8412840E-05  -8.1538298E-05   4.0728879E-04  -4.6599212E-05  -1.1201263E-02   1.1233326E-02   1.7816799E-03   1.3670670E-03   1.7324715E-05   6.7080404E-01   2.3812952E-02  -3.1476412E+00   1.9023634E+01  -3.0367838E+00  -1.1941845E+01  -9.5814511E+00   6.6740822E+00   1.2533835E-01  -1.5494308E-01  -2.2975546E+00  -2.7909846E+00  -1.0390750E-04   4.1332423E-05
  2.5385752E-05   6.5245969E-06   7.9139314E-05   1.9949950E-04   1.7210883E-04   1.8418918E-03   3.3743640E-04   1.0177441E-03  -9.8194111E-05   4.5894734E-01  -1.6791503E-02  -1.7787348E-01  -5.4136368E+00  -1.8020083E-01  -8.0051680E-01  -7.6389149E-01   1.2533835E-01   3.3062902E+00   5.5470495E-01   1.7332329E-01  -4.9194909E-02   1.7144417E-04   9.6463128E-06
  1.6368424E-05   1.8094621E-04   1.9266726E-05  -2.0738474E-04   1.1735934E-02   1.6686948E-03  -3.4671770E-04   6.3945924E-04  -9.3467884E-05   1.2157125E+00   2.0864170E-03   1.1876024E-01   6.7147963E+00  -7.7041086E-01  -5.6939818E-01  -1.7036639E+00  -1.5494308E-01   5.5470495E-01   3.1749534E+00   2.6221529E+00   2.2286586E+00  -1.8134489E-04  -2.5643374E-05
  2.5222846E-05   6.0121849E-04  -5.1418357E-05  -2.8818615E-04   3.9471184E-02   1.8341693E-03   3.3493412E-04   1.7542787E-03  -2.5528171E-04  -4.9013462E+00   8.5168540E-02   2.8376575E+00  -1.3188202E+01   4.6651309E+00   5.7610807E+00   5.3724193E+00  -2.2975546E+00   1.7332329E-01   2.6221529E+00   1.0916824E+01   1.8832305E+01   3.2038216E-06   3.9414892E-04
 -7.1412964E-07   2.0690424E-03  -6.8153028E-04  -1.2091436E-04   1.3775062E-01  -1.1084790E-02   2.5321487E-03   1.6993499E-03   1.6084231E-04  -3.2412225E+01   1.3253060E-01   3.6531228E+00  -3.0139674E+01   3.4476977E+00   8.4691786E+00   3.2329069E+01  -2.7909846E+00  -4.9194909E-02   2.2286586E+00   1.8832305E+01   5.1995472E+01   1.1849700E-04   8.2101237E-04
  6.5460251E-09   5.2979978E-08  -1.5813257E-08   5.7534518E-08   6.9046845E-06  -2.5941088E-07   4.2488015E-07   1.1442090E-07   1.4964213E-08  -2.3531506E-04   2.2211120E-06   1.2815700E-04   3.8096244E-03   6.5858904E-05   4.2568789E-04   5.6456694E-04  -1.0390750E-04   1.7144417E-04  -1.8134489E-04   3.2038216E-06   1.1849700E-04   3.8189651E-07   4.6556001E-09
  2.9033590E-09   3.2967733E-08   1.8003032E-08   4.8332767E-08   2.2604909E-06   5.8369275E-07   2.6687724E-07   2.3679390E-07  -1.8112605E-08   7.8921505E-04  -3.1700409E-06  -6.2538689E-05   6.8342691E-04   2.5656017E-04  -3.5047727E-04  -1.2828475E-03   4.1332423E-05   9.6463128E-06  -2.5643374E-05   3.9414892E-04   8.2101237E-04   4.6556001E-09   3.8373258E-07
