# omegabh2 omegach2 theta tau meffsterile nnu logA ns calPlanck acib217 xi asz143 aps100 aps143 aps143217 aps217 aksz kgal100 kgal143 kgal143217 kgal217 galfTE100 galfTE100143 galfTE100217 galfTE143 galfTE143217 galfTE217 cal0 cal2
  1.9161780E-08   3.9633281E-08   2.2391424E-09   2.0702151E-07  -2.2037459E-06   3.5053772E-06   5.2092738E-07   2.6577980E-07   1.5288097E-08  -4.1650198E-05   1.3562770E-07   1.6432911E-05  -2.8767132E-04  -1.6299726E-04  -5.5320225E-05  -1.2084917E-06  -2.3376539E-05   3.7969310E-06   7.0127692E-07  -5.9305209E-06  -5.3269476E-07   5.9169679E-09  -2.4409410E-08   1.3814702E-07  -2.9804824E-07  -3.2743556E-07  -1.3427189E-06   1.3862867E-09  -1.1850630E-09
  3.9633281E-08   8.1263666E-06  -2.3579185E-07  -5.1570248E-07  -5.0647855E-04   1.0466300E-04   5.3159262E-06   4.2951216E-06  -9.4102587E-08   7.2463640E-04  -3.8796492E-06  -1.5634794E-04   3.8477221E-03   6.5909915E-04  -2.6184340E-04  -1.2303917E-03   4.3378219E-04   1.4982956E-04   1.8737172E-04   1.6457450E-04  -1.7459681E-05   4.5032441E-07  -8.5091280E-07  -1.3077005E-06  -2.1804740E-06   3.7411033E-06  -5.3655934E-06  -8.3589459E-10   1.1768224E-08
  2.2391424E-09  -2.3579185E-07   9.0711451E-08   1.0648787E-07   8.5318234E-06  -6.2389501E-06  -1.5477662E-08  -8.8823619E-08   1.9874578E-08  -2.2945608E-05   5.6149728E-07   7.5051267E-07  -1.6009256E-04  -2.8056934E-05  -8.4757587E-06  -1.8058550E-06   8.8349201E-07   2.8635847E-06  -2.8909814E-06   6.7716673E-06   2.6544960E-05  -5.0842144E-08   2.8817287E-08   3.6754553E-07  -1.8133998E-07  -2.9119766E-07  -2.1558786E-07   1.0623046E-09   1.1977717E-09
  2.0702151E-07  -5.1570248E-07   1.0648787E-07   4.8741304E-05  -3.8539183E-05   4.3525301E-05   9.1988113E-05   8.4143396E-06  -8.6324397E-07  -1.3117777E-03   2.2921762E-06   3.6521288E-04  -8.9352592E-03  -4.1921710E-03  -1.2829474E-03   7.0458575E-04  -7.1085648E-04  -8.7459539E-05  -1.3742831E-04  -4.4678897E-04  -6.2950608E-04   2.8226585E-06  -1.7087969E-06   4.7280149E-06  -3.6481056E-07   6.8393775E-07  -2.6381335E-05  -3.8270685E-08  -5.6430525E-08
 -2.2037459E-06  -5.0647855E-04   8.5318234E-06  -3.8539183E-05   4.2285520E-02  -3.2299896E-03  -2.7807363E-04  -3.3164800E-04  -3.1841209E-06  -3.6423544E-02  -4.9626842E-04   3.3408564E-03  -5.2965692E-02   3.0688080E-02   4.1557769E-02   1.0116492E-01  -1.7823805E-02  -8.9359216E-03  -8.5717376E-03  -6.5472897E-03   5.2707814E-03  -3.4778873E-05   3.3089824E-05   2.8773382E-04   1.3153230E-04  -2.6639274E-04   9.0299137E-04   2.1649009E-07  -1.2403584E-06
  3.5053772E-06   1.0466300E-04  -6.2389501E-06   4.3525301E-05  -3.2299896E-03   4.0865604E-03   2.3751326E-04   1.6402434E-04   2.2457967E-06   1.9271151E-02  -7.2626765E-04  -3.0594706E-03   1.1734387E-01   2.6060181E-02  -2.5852013E-03  -1.2331353E-02   8.8109764E-03   3.8201553E-03   5.3738641E-03   4.2404585E-03  -1.5007879E-03   8.7926210E-06  -2.5326595E-05   1.0182657E-04  -5.3095657E-05  -3.3929219E-05  -9.4443067E-05   1.6344386E-07   8.0205704E-08
  5.2092738E-07   5.3159262E-06  -1.5477662E-08   9.1988113E-05  -2.7807363E-04   2.3751326E-04   2.0808718E-04   1.7927910E-05   9.4079241E-06  -2.4520903E-03   3.4249223E-05   4.1487741E-04  -6.9020585E-03  -4.3607699E-03   2.7272833E-04   6.4550366E-03  -1.4174124E-03  -2.9795459E-04  -4.6530858E-04  -8.4411942E-04   6.1365533E-04   7.3336203E-06  -6.1483861E-06  -3.2620959E-06  -7.5661512E-06  -4.5957770E-06  -5.6899479E-05   7.8384499E-08  -1.8413022E-07
  2.6577980E-07   4.2951216E-06  -8.8823619E-08   8.4143396E-06  -3.3164800E-04   1.6402434E-04   1.7927910E-05   2.1210893E-05   4.1417266E-07  -2.5984812E-03   4.2331380E-05   7.8515871E-04  -1.8007601E-02  -5.0055416E-03   1.4544594E-03   3.5408461E-03  -1.8061190E-03   4.8591268E-04  -1.6213189E-04  -4.0964414E-04   2.9581279E-04   1.2707397E-06   1.4942190E-07   5.5961541E-06  -4.5376233E-06   7.5223534E-07  -1.3692528E-05  -8.1164902E-08  -4.0974771E-08
  1.5288097E-08  -9.4102587E-08   1.9874578E-08  -8.6324397E-07  -3.1841209E-06   2.2457967E-06   9.4079241E-06   4.1417266E-07   5.7271883E-06   5.0102230E-04  -3.0394543E-06   2.7365511E-05   3.8521804E-03   8.4809413E-04   5.1489535E-04   1.3957995E-03   3.8352536E-05   4.9460967E-07   7.1965999E-05   1.3863400E-04   8.9952204E-04   1.0379650E-06  -7.4831020E-07  -7.5080194E-06  -1.9105989E-06  -4.0692963E-06  -3.7342330E-06   6.0562450E-09  -2.5860766E-08
 -4.1650198E-05   7.2463640E-04  -2.2945608E-05  -1.3117777E-03  -3.6423544E-02   1.9271151E-02  -2.4520903E-03  -2.5984812E-03   5.0102230E-04   4.3448594E+01  -3.8981838E-01  -6.1069600E-01   3.2073909E+01   8.3550862E-01  -1.2781253E+01  -5.3871071E+01  -2.1476123E-01   1.4266507E-01   3.1602897E-01  -5.7174329E+00  -3.2547299E+01  -2.5772167E-03   1.3874202E-03  -5.9450447E-03   4.6423139E-04  -5.6909389E-03  -1.9180996E-02  -1.7921852E-04   7.1344888E-04
  1.3562770E-07  -3.8796492E-06   5.6149728E-07   2.2921762E-06  -4.9626842E-04  -7.2626765E-04   3.4249223E-05   4.2331380E-05  -3.0394543E-06  -3.8981838E-01   8.1422647E-02  -4.0641795E-02  -6.7088776E-01   9.2291606E-01   1.7058406E+00   6.4994397E-01   3.9876989E-02  -4.5986899E-03   4.8477930E-03   1.0274609E-01   1.4029706E-01   7.0732313E-05  -2.4550737E-06   6.7714095E-05  -1.2854944E-04   5.9938630E-04   1.5247406E-03   2.0414907E-06  -3.9360130E-07
  1.6432911E-05  -1.5634794E-04   7.5051267E-07   3.6521288E-04   3.3408564E-03  -3.0594706E-03   4.1487741E-04   7.8515871E-04   2.7365511E-05  -6.1069600E-01  -4.0641795E-02   3.8419686E+00  -2.9939592E+01  -3.0106843E+00   7.7387203E+00   5.1460415E+00  -2.7233314E+00  -1.9613029E-01   1.1868829E-01   2.5702336E+00   3.0082715E+00  -8.1601616E-04  -2.2734351E-04   5.5303205E-04   1.6800412E-03  -1.6025033E-04  -5.5343849E-03   1.0117882E-04  -4.1382167E-05
 -2.8767132E-04   3.8477221E-03  -1.6009256E-04  -8.9352592E-03  -5.2965692E-02   1.1734387E-01  -6.9020585E-03  -1.8007601E-02   3.8521804E-03   3.2073909E+01  -6.7088776E-01  -2.9939592E+01   7.6722827E+02   6.3715730E+01  -5.6765552E+01  -5.6969063E+01   1.4756033E+01  -5.7528223E+00   6.0388205E+00  -1.2220613E+01  -2.1458661E+01   3.2320078E-03  -4.1905597E-03  -8.5249105E-03  -8.4715869E-03  -4.9274258E-02  -6.7045630E-02   3.9808687E-03   4.3828996E-04
 -1.6299726E-04   6.5909915E-04  -2.8056934E-05  -4.1921710E-03   3.0688080E-02   2.6060181E-02  -4.3607699E-03  -5.0055416E-03   8.4809413E-04   8.3550862E-01   9.2291606E-01  -3.0106843E+00   6.3715730E+01   6.1061192E+01   4.0836055E+01   1.6398353E+01  -5.0199733E+00  -4.2854317E-01  -1.2963410E+00   3.6099665E+00   4.8803995E+00  -2.3452833E-03  -4.3228874E-03  -6.9493719E-04  -4.2578752E-03   5.2227717E-03   4.3477179E-02   8.6717019E-05   9.1640818E-05
 -5.5320225E-05  -2.6184340E-04  -8.4757587E-06  -1.2829474E-03   4.1557769E-02  -2.5852013E-03   2.7272833E-04   1.4544594E-03   5.1489535E-04  -1.2781253E+01   1.7058406E+00   7.7387203E+00  -5.6765552E+01   4.0836055E+01   8.6259600E+01   5.3520536E+01  -1.2058780E+01  -6.7277181E-01  -7.1490447E-01   4.6982774E+00   7.6194782E+00  -5.6111137E-04  -4.3968520E-03  -7.9033462E-04   2.1290161E-03   1.4513674E-02   3.7992896E-02   3.6104838E-04  -3.6418939E-04
 -1.2084917E-06  -1.2303917E-03  -1.8058550E-06   7.0458575E-04   1.0116492E-01  -1.2331353E-02   6.4550366E-03   3.5408461E-03   1.3957995E-03  -5.3871071E+01   6.4994397E-01   5.1460415E+00  -5.6969063E+01   1.6398353E+01   5.3520536E+01   1.0256823E+02  -9.2261551E+00  -5.2789867E-01  -9.3363637E-01   5.3283159E+00   3.2450750E+01   1.7839401E-03  -5.4950094E-03   2.9279363E-03   4.6193459E-03   8.0905987E-03   1.4470330E-02   4.2054815E-04  -1.3358230E-03
 -2.3376539E-05   4.3378219E-04   8.8349201E-07  -7.1085648E-04  -1.7823805E-02   8.8109764E-03  -1.4174124E-03  -1.8061190E-03   3.8352536E-05  -2.1476123E-01   3.9876989E-02  -2.7233314E+00   1.4756033E+01  -5.0199733E+00  -1.2058780E+01  -9.2261551E+00   5.8649332E+00   1.0462789E-01  -1.9467597E-01  -1.9856478E+00  -2.0607521E+00   1.1010580E-03   3.9167925E-04  -4.8739917E-04  -4.3867447E-04  -2.5224239E-04   4.6633487E-03  -4.7804718E-05   6.5741102E-06
  3.7969310E-06   1.4982956E-04   2.8635847E-06  -8.7459539E-05  -8.9359216E-03   3.8201553E-03  -2.9795459E-04   4.8591268E-04   4.9460967E-07   1.4266507E-01  -4.5986899E-03  -1.9613029E-01  -5.7528223E+00  -4.2854317E-01  -6.7277181E-01  -5.2789867E-01   1.0462789E-01   3.3700496E+00   5.6258008E-01   1.5352872E-01   1.4848093E-01   1.6372847E-05  -7.1450355E-05   1.4300345E-03  -7.6525586E-04   1.6968689E-03   1.0365273E-02   1.7418207E-04   8.5387127E-06
  7.0127692E-07   1.8737172E-04  -2.8909814E-06  -1.3742831E-04  -8.5717376E-03   5.3738641E-03  -4.6530858E-04  -1.6213189E-04   7.1965999E-05   3.1602897E-01   4.8477930E-03   1.1868829E-01   6.0388205E+00  -1.2963410E+00  -7.1490447E-01  -9.3363637E-01  -1.9467597E-01   5.6258008E-01   3.2395539E+00   2.7677941E+00   3.0558608E+00  -1.6096642E-04  -6.0053834E-04  -1.1856759E-03   1.6086026E-04  -2.3895336E-03  -4.1502973E-03  -1.9404881E-04  -2.9144639E-05
 -5.9305209E-06   1.6457450E-04   6.7716673E-06  -4.4678897E-04  -6.5472897E-03   4.2404585E-03  -8.4411942E-04  -4.0964414E-04   1.3863400E-04  -5.7174329E+00   1.0274609E-01   2.5702336E+00  -1.2220613E+01   3.6099665E+00   4.6982774E+00   5.3283159E+00  -1.9856478E+00   1.5352872E-01   2.7677941E+00   1.0868418E+01   1.9345385E+01  -1.4006054E-03   8.1530719E-04   2.0270959E-03   1.1228982E-03  -2.7295278E-03   8.3278762E-03  -3.5699758E-05   4.0949427E-04
 -5.3269476E-07  -1.7459681E-05   2.6544960E-05  -6.2950608E-04   5.2707814E-03  -1.5007879E-03   6.1365533E-04   2.9581279E-04   8.9952204E-04  -3.2547299E+01   1.4029706E-01   3.0082715E+00  -2.1458661E+01   4.8803995E+00   7.6194782E+00   3.2450750E+01  -2.0607521E+00   1.4848093E-01   3.0558608E+00   1.9345385E+01   5.3098668E+01   1.1278032E-04   1.5155492E-03   8.8919287E-03   1.2232302E-03  -3.6362988E-03   2.4874179E-02   4.5622093E-05   8.9073335E-04
  5.9169679E-09   4.5032441E-07  -5.0842144E-08   2.8226585E-06  -3.4778873E-05   8.7926210E-06   7.3336203E-06   1.2707397E-06   1.0379650E-06  -2.5772167E-03   7.0732313E-05  -8.1601616E-04   3.2320078E-03  -2.3452833E-03  -5.6111137E-04   1.7839401E-03   1.1010580E-03   1.6372847E-05  -1.6096642E-04  -1.4006054E-03   1.1278032E-04   1.4640994E-03   2.7132089E-04   5.7442009E-05  -3.7826121E-04  -9.6880852E-05  -6.9825846E-05   2.5781503E-07   5.9338551E-08
 -2.4409410E-08  -8.5091280E-07   2.8817287E-08  -1.7087969E-06   3.3089824E-05  -2.5326595E-05  -6.1483861E-06   1.4942190E-07  -7.4831020E-07   1.3874202E-03  -2.4550737E-06  -2.2734351E-04  -4.1905597E-03  -4.3228874E-03  -4.3968520E-03  -5.4950094E-03   3.9167925E-04  -7.1450355E-05  -6.0053834E-04   8.1530719E-04   1.5155492E-03   2.7132089E-04   8.8565744E-04   3.1013364E-05   7.9681569E-04   4.9207623E-05  -7.8495822E-04  -4.4076525E-09   3.4378823E-07
  1.3814702E-07  -1.3077005E-06   3.6754553E-07   4.7280149E-06   2.8773382E-04   1.0182657E-04  -3.2620959E-06   5.5961541E-06  -7.5080194E-06  -5.9450447E-03   6.7714095E-05   5.5303205E-04  -8.5249105E-03  -6.9493719E-04  -7.9033462E-04   2.9279363E-03  -4.8739917E-04   1.4300345E-03  -1.1856759E-03   2.0270959E-03   8.8919287E-03   5.7442009E-05   3.1013364E-05   7.3141841E-03  -3.0413190E-04   6.0933949E-04   4.5294258E-03  -1.0846025E-07   1.2966119E-06
 -2.9804824E-07  -2.1804740E-06  -1.8133998E-07  -3.6481056E-07   1.3153230E-04  -5.3095657E-05  -7.5661512E-06  -4.5376233E-06  -1.9105989E-06   4.6423139E-04  -1.2854944E-04   1.6800412E-03  -8.4715869E-03  -4.2578752E-03   2.1290161E-03   4.6193459E-03  -4.3867447E-04  -7.6525586E-04   1.6086026E-04   1.1228982E-03   1.2232302E-03  -3.7826121E-04   7.9681569E-04  -3.0413190E-04   3.0087096E-03   4.8209801E-04  -1.4761444E-03  -1.8664694E-07   2.5048597E-07
 -3.2743556E-07   3.7411033E-06  -2.9119766E-07   6.8393775E-07  -2.6639274E-04  -3.3929219E-05  -4.5957770E-06   7.5223534E-07  -4.0692963E-06  -5.6909389E-03   5.9938630E-04  -1.6025033E-04  -4.9274258E-02   5.2227717E-03   1.4513674E-02   8.0905987E-03  -2.5224239E-04   1.6968689E-03  -2.3895336E-03  -2.7295278E-03  -3.6362988E-03  -9.6880852E-05   4.9207623E-05   6.0933949E-04   4.8209801E-04   6.3845012E-03   8.0655904E-03  -6.4920463E-08  -4.1527386E-07
 -1.3427189E-06  -5.3655934E-06  -2.1558786E-07  -2.6381335E-05   9.0299137E-04  -9.4443067E-05  -5.6899479E-05  -1.3692528E-05  -3.7342330E-06  -1.9180996E-02   1.5247406E-03  -5.5343849E-03  -6.7045630E-02   4.3477179E-02   3.7992896E-02   1.4470330E-02   4.6633487E-03   1.0365273E-02  -4.1502973E-03   8.3278762E-03   2.4874179E-02  -6.9825846E-05  -7.8495822E-04   4.5294258E-03  -1.4761444E-03   8.0655904E-03   7.1859465E-02   2.1663462E-06  -1.4093170E-07
  1.3862867E-09  -8.3589459E-10   1.0623046E-09  -3.8270685E-08   2.1649009E-07   1.6344386E-07   7.8384499E-08  -8.1164902E-08   6.0562450E-09  -1.7921852E-04   2.0414907E-06   1.0117882E-04   3.9808687E-03   8.6717019E-05   3.6104838E-04   4.2054815E-04  -4.7804718E-05   1.7418207E-04  -1.9404881E-04  -3.5699758E-05   4.5622093E-05   2.5781503E-07  -4.4076525E-09  -1.0846025E-07  -1.8664694E-07  -6.4920463E-08   2.1663462E-06   3.7851017E-07  -1.5721304E-09
 -1.1850630E-09   1.1768224E-08   1.1977717E-09  -5.6430525E-08  -1.2403584E-06   8.0205704E-08  -1.8413022E-07  -4.0974771E-08  -2.5860766E-08   7.1344888E-04  -3.9360130E-07  -4.1382167E-05   4.3828996E-04   9.1640818E-05  -3.6418939E-04  -1.3358230E-03   6.5741102E-06   8.5387127E-06  -2.9144639E-05   4.0949427E-04   8.9073335E-04   5.9338551E-08   3.4378823E-07   1.2966119E-06   2.5048597E-07  -4.1527386E-07  -1.4093170E-07  -1.5721304E-09   3.8143527E-07
