# omegabh2 omegach2 theta tau mnu nnu logA ns calPlanck acib217 xi asz143 aps100 aps143 aps143217 aps217 aksz kgal100 kgal143 kgal143217 kgal217 cal0 cal2
  5.4726985E-08   4.2236471E-07  -2.6831245E-08   2.2239128E-07   2.2270616E-06   3.1208417E-05   1.6456561E-06   1.2750054E-06   8.0133256E-09   1.7334372E-05  -9.8876706E-07  -5.5557991E-07   1.6744797E-04   9.6363627E-06  -2.6885560E-05  -4.2809034E-05   1.8326794E-05   6.3513296E-06   1.2016708E-05   1.4177138E-05   1.5131608E-05  -4.2334790E-11   9.4772522E-10
  4.2236471E-07   1.5330288E-05  -1.4948307E-06  -5.4381933E-07   1.8171226E-05   8.6793253E-04   3.7518669E-05   2.4399055E-05  -1.7933917E-07   4.0203857E-03  -7.0738590E-05  -1.1117953E-03   2.1452910E-02   1.1570065E-02   3.8844288E-03   2.2180041E-04   1.9434472E-03   1.2888545E-04   2.7229679E-04   3.2303657E-04  -7.9891266E-04  -5.2939499E-09   9.8282881E-08
 -2.6831245E-08  -1.4948307E-06   3.2556380E-07   1.1607884E-07  -2.9295386E-06  -8.9761089E-05  -3.3420341E-06  -2.4371393E-06   2.9588687E-08  -4.5106218E-04   7.6850032E-06   1.3091083E-04  -2.4927887E-03  -1.2463584E-03  -3.8813448E-04   1.5637153E-05  -2.1694154E-04  -1.9200270E-05  -2.9005172E-05  -2.7136413E-05   1.0072897E-04  -1.2113506E-09  -1.0381416E-08
  2.2239128E-07  -5.4381933E-07   1.1607884E-07   4.7091156E-05   3.2702923E-05   6.6311616E-05   9.2420484E-05   8.6541111E-06  -2.0369623E-07  -1.3758113E-03   2.7455701E-05   3.0815807E-04  -6.8374791E-03  -2.0720951E-03   7.2687787E-05   1.2040355E-03  -8.9006759E-04  -7.4521578E-05  -2.9231606E-04  -2.0682163E-04   8.8765781E-05   3.2913832E-08  -5.1503972E-08
  2.2270616E-06   1.8171226E-05  -2.9295386E-06   3.2702923E-05   3.2889608E-03   3.2543349E-03   1.1479309E-04   1.6936620E-04   3.5587714E-06   2.5965453E-02  -5.5561880E-04  -4.6540127E-03   1.1187397E-01   5.2800741E-02   1.4035970E-02  -7.7098669E-03   1.1163503E-02   1.7183904E-03   1.0859279E-03   1.9492188E-03  -4.4664672E-03   3.5485475E-07   9.5653502E-07
  3.1208417E-05   8.6793253E-04  -8.9761089E-05   6.6311616E-05   3.2543349E-03   5.5915304E-02   2.3297420E-03   1.8253743E-03  -6.2080526E-06   2.6266981E-01  -4.8899177E-03  -7.0216561E-02   1.3854681E+00   7.2792499E-01   2.3092223E-01  -3.3040535E-03   1.2760784E-01   9.3436209E-03   2.0222634E-02   2.3024485E-02  -5.0914586E-02  -1.2460928E-07   6.0356123E-06
  1.6456561E-06   3.7518669E-05  -3.3420341E-06   9.2420484E-05   1.1479309E-04   2.3297420E-03   3.0841248E-04   7.7913575E-05   1.1920356E-05   6.8733765E-03  -8.1009393E-05  -2.1365888E-03   4.1747346E-02   2.6495317E-02   1.3025705E-02   9.7046050E-03   2.0186587E-03  -1.5971249E-04  -4.3688911E-04   5.0936153E-05   8.7195982E-05   2.1872235E-07   1.1301969E-07
  1.2750054E-06   2.4399055E-05  -2.4371393E-06   8.6541111E-06   1.6936620E-04   1.8253743E-03   7.7913575E-05   7.8683423E-05  -5.9242856E-09   4.3851803E-03  -8.6532386E-05  -1.2300878E-03   2.2537121E-02   1.7280261E-02   8.8257253E-03   4.4785146E-03   1.8495571E-03   6.7412491E-04   4.7563723E-04   6.5539610E-04  -2.3960746E-04  -1.2348209E-07   1.1583888E-07
  8.0133256E-09  -1.7933917E-07   2.9588687E-08  -2.0369623E-07   3.5587714E-06  -6.2080526E-06   1.1920356E-05  -5.9242856E-09   6.3212932E-06   6.1028818E-04  -3.9774197E-06   1.8814704E-05   2.9316425E-03   5.3964262E-04   4.5285276E-04   1.5251809E-03  -1.0474425E-04   1.9516046E-05   2.9854882E-05   5.9053163E-05   9.6167103E-04   1.0987737E-09  -9.4734899E-09
  1.7334372E-05   4.0203857E-03  -4.5106218E-04  -1.3758113E-03   2.5965453E-02   2.6266981E-01   6.8733765E-03   4.3851803E-03   6.1028818E-04   4.6165378E+01  -3.9885028E-01  -1.2630350E+00   4.3442564E+01   5.2270199E+00  -1.2597089E+01  -5.6022146E+01   8.3518833E-01   3.2880569E-01   5.7560697E-01  -5.8038845E+00  -3.3824219E+01  -1.3970271E-04   7.3770522E-04
 -9.8876706E-07  -7.0738590E-05   7.6850032E-06   2.7455701E-05  -5.5561880E-04  -4.8899177E-03  -8.1009393E-05  -8.6532386E-05  -3.9774197E-06  -3.9885028E-01   8.2425742E-02  -4.7305836E-02  -5.7540582E-01   8.4455162E-01   1.6042004E+00   5.8894864E-01   3.7731788E-02  -1.1087112E-02   5.3869505E-03   9.7717919E-02   1.3470967E-01   3.1979720E-06  -1.3999952E-06
 -5.5557991E-07  -1.1117953E-03   1.3091083E-04   3.0815807E-04  -4.6540127E-03  -7.0216561E-02  -2.1365888E-03  -1.2300878E-03   1.8814704E-05  -1.2630350E+00  -4.7305836E-02   4.1118263E+00  -3.2777116E+01  -4.3806554E+00   7.6949204E+00   5.9014263E+00  -3.1913730E+00  -2.0686109E-01   1.4913022E-01   2.7391878E+00   3.5378446E+00   1.2394216E-04  -5.2657714E-05
  1.6744797E-04   2.1452910E-02  -2.4927887E-03  -6.8374791E-03   1.1187397E-01   1.3854681E+00   4.1747346E-02   2.2537121E-02   2.9316425E-03   4.3442564E+01  -5.7540582E-01  -3.2777116E+01   8.2085925E+02   8.8241258E+01  -4.8224646E+01  -6.3933820E+01   1.9267299E+01  -6.5628508E+00   5.5746190E+00  -1.3122117E+01  -2.7674186E+01   3.8341301E-03   7.5302492E-04
  9.6363627E-06   1.1570065E-02  -1.2463584E-03  -2.0720951E-03   5.2800741E-02   7.2792499E-01   2.6495317E-02   1.7280261E-02   5.3964262E-04   5.2270199E+00   8.4455162E-01  -4.3806554E+00   8.8241258E+01   7.2620550E+01   4.4157435E+01   1.6748110E+01  -3.2515174E+00  -4.3713213E-01  -1.2234735E+00   3.4374248E+00   3.2751231E+00   9.9630415E-05   1.7099492E-04
 -2.6885560E-05   3.8844288E-03  -3.8813448E-04   7.2687787E-05   1.4035970E-02   2.3092223E-01   1.3025705E-02   8.8257253E-03   4.5285276E-04  -1.2597089E+01   1.6042004E+00   7.6949204E+00  -4.8224646E+01   4.4157435E+01   8.7546917E+01   5.6920027E+01  -1.2420375E+01  -9.4900756E-01  -7.5137609E-01   5.1003716E+00   8.5753286E+00   4.8242002E-04  -3.8200670E-04
 -4.2809034E-05   2.2180041E-04   1.5637153E-05   1.2040355E-03  -7.7098669E-03  -3.3040535E-03   9.7046050E-03   4.4785146E-03   1.5251809E-03  -5.6022146E+01   5.8894864E-01   5.9014263E+00  -6.3933820E+01   1.6748110E+01   5.6920027E+01   1.0899757E+02  -1.0796934E+01  -8.7492497E-01  -1.2909708E+00   5.7278230E+00   3.4140079E+01   4.3883758E-04  -1.3812374E-03
  1.8326794E-05   1.9434472E-03  -2.1694154E-04  -8.9006759E-04   1.1163503E-02   1.2760784E-01   2.0186587E-03   1.8495571E-03  -1.0474425E-04   8.3518833E-01   3.7731788E-02  -3.1913730E+00   1.9267299E+01  -3.2515174E+00  -1.2420375E+01  -1.0796934E+01   6.7610384E+00   1.4829123E-01  -1.4458507E-01  -2.2417275E+00  -2.8032160E+00  -9.1595873E-05   4.3488237E-05
  6.3513296E-06   1.2888545E-04  -1.9200270E-05  -7.4521578E-05   1.7183904E-03   9.3436209E-03  -1.5971249E-04   6.7412491E-04   1.9516046E-05   3.2880569E-01  -1.1087112E-02  -2.0686109E-01  -6.5628508E+00  -4.3713213E-01  -9.4900756E-01  -8.7492497E-01   1.4829123E-01   3.3772464E+00   5.6064031E-01   1.4665698E-01   3.2169702E-02   1.6915103E-04  -6.8752646E-08
  1.2016708E-05   2.7229679E-04  -2.9005172E-05  -2.9231606E-04   1.0859279E-03   2.0222634E-02  -4.3688911E-04   4.7563723E-04   2.9854882E-05   5.7560697E-01   5.3869505E-03   1.4913022E-01   5.5746190E+00  -1.2234735E+00  -7.5137609E-01  -1.2909708E+00  -1.4458507E-01   5.6064031E-01   3.2077330E+00   2.7579095E+00   2.8134824E+00  -1.9855816E-04  -3.6836624E-05
  1.4177138E-05   3.2303657E-04  -2.7136413E-05  -2.0682163E-04   1.9492188E-03   2.3024485E-02   5.0936153E-05   6.5539610E-04   5.9053163E-05  -5.8038845E+00   9.7717919E-02   2.7391878E+00  -1.3122117E+01   3.4374248E+00   5.1003716E+00   5.7278230E+00  -2.2417275E+00   1.4665698E-01   2.7579095E+00   1.1004551E+01   1.9630044E+01  -3.3323520E-05   4.1350807E-04
  1.5131608E-05  -7.9891266E-04   1.0072897E-04   8.8765781E-05  -4.4664672E-03  -5.0914586E-02   8.7195982E-05  -2.3960746E-04   9.6167103E-04  -3.3824219E+01   1.3470967E-01   3.5378446E+00  -2.7674186E+01   3.2751231E+00   8.5753286E+00   3.4140079E+01  -2.8032160E+00   3.2169702E-02   2.8134824E+00   1.9630044E+01   5.4378391E+01   2.3418635E-05   9.2848248E-04
 -4.2334790E-11  -5.2939499E-09  -1.2113506E-09   3.2913832E-08   3.5485475E-07  -1.2460928E-07   2.1872235E-07  -1.2348209E-07   1.0987737E-09  -1.3970271E-04   3.1979720E-06   1.2394216E-04   3.8341301E-03   9.9630415E-05   4.8242002E-04   4.3883758E-04  -9.1595873E-05   1.6915103E-04  -1.9855816E-04  -3.3323520E-05   2.3418635E-05   3.8481104E-07   1.8212340E-10
  9.4772522E-10   9.8282881E-08  -1.0381416E-08  -5.1503972E-08   9.5653502E-07   6.0356123E-06   1.1301969E-07   1.1583888E-07  -9.4734899E-09   7.3770522E-04  -1.3999952E-06  -5.2657714E-05   7.5302492E-04   1.7099492E-04  -3.8200670E-04  -1.3812374E-03   4.3488237E-05  -6.8752646E-08  -3.6836624E-05   4.1350807E-04   9.2848248E-04   1.8212340E-10   3.8956871E-07
