# omegabh2 omegach2 theta tau logA ns nrun calPlanck acib217 xi asz143 aps100 aps143 aps143217 aps217 aksz kgal100 kgal143 kgal143217 kgal217 galfTE100 galfTE100143 galfTE100217 galfTE143 galfTE143217 galfTE217 cal0 cal2
  1.9699953E-08  -5.6771699E-08   1.1918624E-08   2.5189125E-07   5.1276813E-07   1.1361328E-07  -2.6552139E-07   6.6185797E-09  -1.4966891E-05  -1.8467573E-07   6.4170225E-06  -1.3154231E-04  -1.0725642E-04  -6.2420424E-05  -1.7914484E-05  -8.7020169E-06   1.3048881E-06  -7.1565597E-06  -1.4887334E-05  -2.8741707E-05   7.8729787E-08   3.2486956E-08   3.9357461E-07  -2.1084367E-07  -6.9130260E-07  -7.3489556E-07   4.4588136E-09  -2.8244522E-10
 -5.6771699E-08   1.0165465E-06  -5.7536493E-08  -8.0492856E-07   1.0542003E-06  -2.5258697E-06  -8.5638376E-07  -3.8246465E-08   2.2647334E-04  -5.1202201E-06  -6.7953052E-05   1.1250354E-03   9.5246745E-04   5.0155863E-04   2.3983083E-04   3.2536343E-05  -4.7896862E-05  -3.5096485E-05  -2.2243847E-05  -7.1593606E-05  -5.5876464E-07  -4.2832986E-07   8.4269240E-07   6.8508920E-07   2.4036997E-06   7.5746475E-06  -1.2313734E-08  -4.9364566E-09
  1.1918624E-08  -5.7536493E-08   8.8054924E-08   1.5294029E-07   2.2209420E-07   2.3734260E-07  -3.3474591E-08  -1.7760177E-08   1.1010727E-05  -2.2620044E-06   1.3452509E-05  -1.7841524E-04  -6.9953672E-05  -1.3398034E-05  -5.1928013E-06  -7.9368950E-06  -4.6070479E-06   2.3208826E-06  -2.9801893E-06  -1.4887631E-05   2.1088707E-07   4.0941946E-07  -3.4366349E-07   1.2889967E-07  -1.1222927E-06  -1.8954877E-06   8.3923970E-11   6.6658707E-10
  2.5189125E-07  -8.0492856E-07   1.5294029E-07   6.6160012E-05   1.3251773E-04   3.8317597E-06  -1.1228907E-05  -3.4704631E-07  -1.3096705E-03  -9.3385831E-06   4.6144762E-05  -9.9520723E-03  -9.1400862E-04   3.9193273E-04   1.3234792E-03  -5.3749025E-04   3.0476596E-05  -2.5662165E-04  -1.6475913E-04   5.6351124E-04   3.0160124E-06  -2.1077011E-06   7.0532532E-06  -4.5293926E-06   6.3804906E-07   4.0711180E-05  -6.1507243E-09   2.2856853E-07
  5.1276813E-07   1.0542003E-06   2.2209420E-07   1.3251773E-04   3.0306075E-04  -2.5160170E-06  -3.5573236E-05   1.1608677E-05  -1.7798280E-04  -1.7174746E-05  -8.1948796E-04   2.3157248E-05   7.2931557E-03   4.9490317E-03   7.6599133E-03  -9.1382649E-04  -1.7492858E-04  -1.4250317E-03  -1.2568875E-03   1.2318994E-03   1.2016575E-05  -5.9542575E-06   2.0700581E-05  -1.2214114E-05   3.3101974E-06   1.0452358E-04   1.4912103E-07   5.6139083E-07
  1.1361328E-07  -2.5258697E-06   2.3734260E-07   3.8317597E-06  -2.5160170E-06   1.6727112E-05   9.3076731E-06  -1.3463451E-07  -5.9487262E-03   1.1476038E-04   1.4077637E-03  -3.1401191E-02  -1.0029059E-02   1.4909897E-03   6.2172107E-03  -2.8875466E-03   4.8262982E-04  -2.5695901E-04  -4.3009512E-04   1.5262129E-03  -9.2138061E-09   2.1344590E-06  -1.4350316E-06  -2.9081309E-06  -4.2204343E-06   3.0663151E-06  -6.1273725E-08  -7.5570092E-08
 -2.6552139E-07  -8.5638376E-07  -3.3474591E-08  -1.1228907E-05  -3.5573236E-05   9.3076731E-06   4.6139638E-05  -2.4571705E-07  -6.9416858E-03   1.8621269E-04   2.2022924E-03  -3.2063182E-02  -1.5119025E-02   5.4032929E-05   4.4195227E-03  -3.5576944E-03  -2.3772837E-04  -1.5162046E-04  -8.5719135E-05   1.8068876E-03  -3.7872782E-06  -2.8090709E-06  -1.5797236E-05  -1.4316254E-06  -1.2541365E-06  -2.2894431E-05  -1.1108153E-07  -3.3608119E-07
  6.6185797E-09  -3.8246465E-08  -1.7760177E-08  -3.4704631E-07   1.1608677E-05  -1.3463451E-07  -2.4571705E-07   6.1236068E-06   8.5847955E-04   3.7701416E-06  -1.6367433E-04   6.9839696E-03   1.6360306E-03   5.4309123E-04   1.2128024E-03   2.9460139E-05   6.3701585E-05  -1.4101988E-04  -2.0964486E-04   4.6879091E-04   3.1529072E-06  -8.7592140E-07  -1.3539920E-06  -2.5726897E-06  -8.4323507E-07   6.3759701E-07   1.4744774E-08   4.5793410E-08
 -1.4966891E-05   2.2647334E-04   1.1010727E-05  -1.3096705E-03  -1.7798280E-04  -5.9487262E-03  -6.9416858E-03   8.5847955E-04   4.4533684E+01  -4.3796364E-01  -8.3518106E-01   4.1368737E+01   4.2286992E+00  -1.2324966E+01  -5.3492701E+01  -9.0302263E-02  -2.9230935E-01   6.1461923E-01  -5.1142647E+00  -3.1409113E+01  -4.0850500E-05   1.0501448E-03  -4.4844871E-03   4.3051881E-03  -8.3212052E-03   9.7155394E-03  -1.5193017E-04   8.7229975E-04
 -1.8467573E-07  -5.1202201E-06  -2.2620044E-06  -9.3385831E-06  -1.7174746E-05   1.1476038E-04   1.8621269E-04   3.7701416E-06  -4.3796364E-01   8.0467350E-02  -4.2262724E-02  -5.2819498E-01   8.2801943E-01   1.6240037E+00   6.6722057E-01   3.5095749E-02  -2.5309918E-02   1.6267630E-02   1.0423070E-01   1.6627963E-01   4.8767488E-05   1.2329839E-04  -8.0296019E-04   2.7113977E-04  -3.7509988E-04   1.2927746E-03   6.7483668E-07  -3.9685006E-06
  6.4170225E-06  -6.7953052E-05   1.3452509E-05   4.6144762E-05  -8.1948796E-04   1.4077637E-03   2.2022924E-03  -1.6367433E-04  -8.3518106E-01  -4.2262724E-02   3.9896957E+00  -3.2983074E+01  -4.3609119E+00   7.6854605E+00   5.4519075E+00  -3.0646674E+00  -6.4764369E-02   2.2008937E-01   2.5385236E+00   3.0069378E+00  -7.1131311E-04  -2.1866433E-03   7.5190288E-03  -4.6996037E-03   1.8648985E-03  -6.3786841E-03   9.8420133E-05  -3.9194346E-05
 -1.3154231E-04   1.1250354E-03  -1.7841524E-04  -9.9520723E-03   2.3157248E-05  -3.1401191E-02  -3.2063182E-02   6.9839696E-03   4.1368737E+01  -5.2819498E-01  -3.2983074E+01   8.0649698E+02   8.3397914E+01  -5.5286178E+01  -6.6961048E+01   1.7814915E+01  -7.3356325E+00   5.4699719E+00  -1.1067231E+01  -2.2270703E+01   1.0648444E-02   4.0043679E-03  -1.1312604E-01   2.0434037E-02  -2.5924604E-02   7.7501582E-02   3.8131047E-03   1.0221251E-03
 -1.0725642E-04   9.5246745E-04  -6.9953672E-05  -9.1400862E-04   7.2931557E-03  -1.0029059E-02  -1.5119025E-02   1.6360306E-03   4.2286992E+00   8.2801943E-01  -4.3609119E+00   8.3397914E+01   6.5360123E+01   3.7633249E+01   1.2220037E+01  -3.2752133E+00  -5.6025642E-01  -1.2544235E+00   3.3915232E+00   4.1101876E+00   6.1792263E-03   8.9477595E-03  -2.6853717E-02   1.0860584E-02   7.4524149E-03   1.0010917E-02   4.6547549E-06   2.6803514E-04
 -6.2420424E-05   5.0155863E-04  -1.3398034E-05   3.9193273E-04   4.9490317E-03   1.4909897E-03   5.4032929E-05   5.4309123E-04  -1.2324966E+01   1.6240037E+00   7.6854605E+00  -5.5286178E+01   3.7633249E+01   8.3300369E+01   5.2482673E+01  -1.2345844E+01  -7.0859102E-01  -3.7082269E-01   4.7428179E+00   7.7367295E+00  -4.0151123E-04   2.5230384E-03  -1.4449944E-02   1.7758817E-03   7.0317011E-03   1.1423457E-02   2.8950660E-04  -3.6760317E-04
 -1.7914484E-05   2.3983083E-04  -5.1928013E-06   1.3234792E-03   7.6599133E-03   6.2172107E-03   4.4195227E-03   1.2128024E-03  -5.3492701E+01   6.6722057E-01   5.4519075E+00  -6.6961048E+01   1.2220037E+01   5.2482673E+01   1.0115672E+02  -9.7008916E+00   2.3581089E-01  -1.2502815E+00   4.6597473E+00   3.0567690E+01   3.5267595E-03   1.2099902E-03  -2.0983346E-03  -6.0691466E-03   1.5292078E-02  -2.2401425E-03   2.9998287E-04  -1.4507139E-03
 -8.7020169E-06   3.2536343E-05  -7.9368950E-06  -5.3749025E-04  -9.1382649E-04  -2.8875466E-03  -3.5576944E-03   2.9460139E-05  -9.0302263E-02   3.5095749E-02  -3.0646674E+00   1.7814915E+01  -3.2752133E+00  -1.2345844E+01  -9.7008916E+00   6.5077634E+00  -2.9593175E-03  -3.1451487E-01  -2.1279613E+00  -2.2856133E+00   1.2273109E-03   3.6671960E-05  -2.2644789E-03   3.4292016E-03  -4.0414355E-03  -1.5965439E-03  -4.6424718E-05   8.3493427E-07
  1.3048881E-06  -4.7896862E-05  -4.6070479E-06   3.0476596E-05  -1.7492858E-04   4.8262982E-04  -2.3772837E-04   6.3701585E-05  -2.9230935E-01  -2.5309918E-02  -6.4764369E-02  -7.3356325E+00  -5.6025642E-01  -7.0859102E-01   2.3581089E-01  -2.9593175E-03   3.3594040E+00   5.3728490E-01   2.2356053E-01   4.5278176E-01   7.2955536E-04   7.9282094E-04  -8.0915457E-04   2.1192321E-03  -4.4534615E-04  -1.5052303E-02   1.7813959E-04   4.6229541E-06
 -7.1565597E-06  -3.5096485E-05   2.3208826E-06  -2.5662165E-04  -1.4250317E-03  -2.5695901E-04  -1.5162046E-04  -1.4101988E-04   6.1461923E-01   1.6267630E-02   2.2008937E-01   5.4699719E+00  -1.2544235E+00  -3.7082269E-01  -1.2502815E+00  -3.1451487E-01   5.3728490E-01   3.2482317E+00   2.8581374E+00   2.9171455E+00   1.9173813E-03  -7.7157513E-04  -5.6983285E-03   9.2869566E-04  -2.0341609E-03  -5.3099517E-03  -1.7009221E-04  -1.0015096E-05
 -1.4887334E-05  -2.2243847E-05  -2.9801893E-06  -1.6475913E-04  -1.2568875E-03  -4.3009512E-04  -8.5719135E-05  -2.0964486E-04  -5.1142647E+00   1.0423070E-01   2.5385236E+00  -1.1067231E+01   3.3915232E+00   4.7428179E+00   4.6597473E+00  -2.1279613E+00   2.2356053E-01   2.8581374E+00   1.0647203E+01   1.8642744E+01   2.7876760E-03  -2.8527585E-03   2.5690027E-03  -4.8865551E-03   6.5555014E-04  -5.5481651E-03  -2.9312615E-05   4.1956348E-04
 -2.8741707E-05  -7.1593606E-05  -1.4887631E-05   5.6351124E-04   1.2318994E-03   1.5262129E-03   1.8068876E-03   4.6879091E-04  -3.1409113E+01   1.6627963E-01   3.0069378E+00  -2.2270703E+01   4.1101876E+00   7.7367295E+00   3.0567690E+01  -2.2856133E+00   4.5278176E-01   2.9171455E+00   1.8642744E+01   5.1016533E+01   3.0779825E-03  -4.3163727E-03   1.1232300E-02  -8.2846931E-03   7.7590816E-03  -1.0440567E-02   5.9239122E-05   8.2502665E-04
  7.8729787E-08  -5.5876464E-07   2.1088707E-07   3.0160124E-06   1.2016575E-05  -9.2138061E-09  -3.7872782E-06   3.1529072E-06  -4.0850500E-05   4.8767488E-05  -7.1131311E-04   1.0648444E-02   6.1792263E-03  -4.0151123E-04   3.5267595E-03   1.2273109E-03   7.2955536E-04   1.9173813E-03   2.7876760E-03   3.0779825E-03   1.4698504E-03   2.4497721E-04   1.3297610E-04  -4.2653241E-04  -1.2963367E-04  -1.1812805E-04  -7.7968321E-07   3.9021587E-07
  3.2486956E-08  -4.2832986E-07   4.0941946E-07  -2.1077011E-06  -5.9542575E-06   2.1344590E-06  -2.8090709E-06  -8.7592140E-07   1.0501448E-03   1.2329839E-04  -2.1866433E-03   4.0043679E-03   8.9477595E-03   2.5230384E-03   1.2099902E-03   3.6671960E-05   7.9282094E-04  -7.7157513E-04  -2.8527585E-03  -4.3163727E-03   2.4497721E-04   8.7035622E-04   8.0765030E-05   7.3531309E-04  -2.4408978E-06  -7.1414483E-04  -4.2030855E-07   2.7379811E-07
  3.9357461E-07   8.4269240E-07  -3.4366349E-07   7.0532532E-06   2.0700581E-05  -1.4350316E-06  -1.5797236E-05  -1.3539920E-06  -4.4844871E-03  -8.0296019E-04   7.5190288E-03  -1.1312604E-01  -2.6853717E-02  -1.4449944E-02  -2.0983346E-03  -2.2644789E-03  -8.0915457E-04  -5.6983285E-03   2.5690027E-03   1.1232300E-02   1.3297610E-04   8.0765030E-05   7.3261577E-03  -1.7701723E-04   6.4716099E-04   4.2758916E-03  -3.0709727E-07   1.6611088E-06
 -2.1084367E-07   6.8508920E-07   1.2889967E-07  -4.5293926E-06  -1.2214114E-05  -2.9081309E-06  -1.4316254E-06  -2.5726897E-06   4.3051881E-03   2.7113977E-04  -4.6996037E-03   2.0434037E-02   1.0860584E-02   1.7758817E-03  -6.0691466E-03   3.4292016E-03   2.1192321E-03   9.2869566E-04  -4.8865551E-03  -8.2846931E-03  -4.2653241E-04   7.3531309E-04  -1.7701723E-04   2.9253357E-03   5.6788036E-04  -1.0283420E-03   3.8719579E-07  -3.2128972E-07
 -6.9130260E-07   2.4036997E-06  -1.1222927E-06   6.3804906E-07   3.3101974E-06  -4.2204343E-06  -1.2541365E-06  -8.4323507E-07  -8.3212052E-03  -3.7509988E-04   1.8648985E-03  -2.5924604E-02   7.4524149E-03   7.0317011E-03   1.5292078E-02  -4.0414355E-03  -4.4534615E-04  -2.0341609E-03   6.5555014E-04   7.7590816E-03  -1.2963367E-04  -2.4408978E-06   6.4716099E-04   5.6788036E-04   6.4702358E-03   8.4092381E-03  -1.6341572E-08  -3.0226526E-07
 -7.3489556E-07   7.5746475E-06  -1.8954877E-06   4.0711180E-05   1.0452358E-04   3.0663151E-06  -2.2894431E-05   6.3759701E-07   9.7155394E-03   1.2927746E-03  -6.3786841E-03   7.7501582E-02   1.0010917E-02   1.1423457E-02  -2.2401425E-03  -1.5965439E-03  -1.5052303E-02  -5.3099517E-03  -5.5481651E-03  -1.0440567E-02  -1.1812805E-04  -7.1414483E-04   4.2758916E-03  -1.0283420E-03   8.4092381E-03   6.9604142E-02  -8.8327722E-07   7.0503495E-07
  4.4588136E-09  -1.2313734E-08   8.3923970E-11  -6.1507243E-09   1.4912103E-07  -6.1273725E-08  -1.1108153E-07   1.4744774E-08  -1.5193017E-04   6.7483668E-07   9.8420133E-05   3.8131047E-03   4.6547549E-06   2.8950660E-04   2.9998287E-04  -4.6424718E-05   1.7813959E-04  -1.7009221E-04  -2.9312615E-05   5.9239122E-05  -7.7968321E-07  -4.2030855E-07  -3.0709727E-07   3.8719579E-07  -1.6341572E-08  -8.8327722E-07   3.7506657E-07  -5.8738844E-09
 -2.8244522E-10  -4.9364566E-09   6.6658707E-10   2.2856853E-07   5.6139083E-07  -7.5570092E-08  -3.3608119E-07   4.5793410E-08   8.7229975E-04  -3.9685006E-06  -3.9194346E-05   1.0221251E-03   2.6803514E-04  -3.6760317E-04  -1.4507139E-03   8.3493427E-07   4.6229541E-06  -1.0015096E-05   4.1956348E-04   8.2502665E-04   3.9021587E-07   2.7379811E-07   1.6611088E-06  -3.2128972E-07  -3.0226526E-07   7.0503495E-07  -5.8738844E-09   3.7692782E-07
