# omegabh2 omegach2 theta tau logA ns calPlanck aps100 aps143 aps217 acib217 asz143 psr cibr xi aksz dust100 dust143 dust217 dust143x217 cal0 cal2
  3.4268610E-08  -4.3797905E-08   1.7293717E-08   2.7100335E-07   5.7939608E-07   2.4432338E-07   1.8508756E-08  -5.8292681E-04  -4.1758313E-04   1.3048568E-04  -2.0636871E-04   1.7389414E-05   1.4803292E-06  -5.6731647E-06   7.5402934E-07  -3.9544552E-05   4.4115116E-07  -1.0955997E-06   6.4542642E-07  -5.7826368E-07   2.8851548E-09  -1.2221791E-08
 -4.3797905E-08   1.0617416E-06  -2.3329582E-08  -2.2206821E-06  -2.3382681E-06  -2.2211740E-06  -1.9493584E-07   6.2701917E-04   3.3166072E-04  -3.4394281E-04   3.0385654E-04  -7.3162480E-05  -2.3815469E-06  -2.2862575E-06  -8.3628564E-06   3.5413893E-05  -1.0152593E-05   4.4823824E-06  -4.6649325E-06  -1.1006196E-06  -6.8897605E-08  -4.4016125E-08
  1.7293717E-08  -2.3329582E-08   1.6707366E-07   2.6871359E-07   7.3932084E-07   2.9650561E-07   3.4383771E-08   2.9338825E-04  -3.4194459E-05  -3.5421194E-05   1.0017369E-05  -7.3685777E-06   7.0602147E-07  -2.1201893E-06  -7.4518151E-07   5.3657649E-07  -3.3930465E-07  -1.3659716E-06  -3.3553533E-07  -7.9326594E-07   4.9043441E-09  -3.4904858E-09
  2.7100335E-07  -2.2206821E-06   2.6871359E-07   5.1491377E-05   9.5390696E-05   8.7846298E-06  -3.8183438E-07  -1.3987954E-02  -6.1590020E-03  -1.8827670E-03  -1.7476064E-03   2.8684395E-04  -1.1732938E-05   5.7785658E-07   1.2020445E-05  -1.3674275E-04   2.8032072E-05   7.6960973E-06   1.3106413E-05  -2.1223023E-06  -1.3168448E-07  -8.4632164E-08
  5.7939608E-07  -2.3382681E-06   7.3932084E-07   9.5390696E-05   2.0766214E-04   1.1919835E-05   1.1008533E-05  -2.1074187E-02  -1.1317711E-02   1.2667554E-03  -4.0650673E-03   5.1480429E-04  -2.6037010E-05  -2.1296625E-05   9.3013790E-06  -8.8192908E-04  -7.5395756E-06  -5.2091244E-05   4.6968513E-05  -3.4688390E-05   1.7623204E-07  -4.2766161E-07
  2.4432338E-07  -2.2211740E-06   2.9650561E-07   8.7846298E-06   1.1919835E-05   1.6195587E-05   5.6687420E-07  -2.6565224E-02  -8.5748702E-03   9.5938569E-03  -7.1855440E-03   7.1645383E-04   5.9288072E-05  -9.8585114E-05   7.5447131E-05  -2.0775687E-03   4.6953165E-05  -3.4462039E-05   4.2646440E-05  -1.4692643E-05  -2.1668363E-07  -3.4464335E-07
  1.8508756E-08  -1.9493584E-07   3.4383771E-08  -3.8183438E-07   1.1008533E-05   5.6687420E-07   6.1894954E-06   2.7341528E-03  -1.3575198E-04   2.4479692E-04   6.0592673E-04   3.6456285E-05  -1.1129825E-05   2.6938061E-05  -3.0477553E-06   1.5856514E-04  -1.2272561E-05   8.5305702E-06   1.1269449E-05  -6.9345283E-06  -9.3306694E-09  -6.0151604E-08
 -5.8292681E-04   6.2701917E-04   2.9338825E-04  -1.3987954E-02  -2.1074187E-02  -2.6565224E-02   2.7341528E-03   6.1695693E+02   5.9981971E+01  -5.4498447E+01   3.1713390E+01  -2.4956353E+01  -7.7104117E-01  -2.0244859E-01  -3.8710814E-02   1.1393238E+01  -3.2651688E-01   3.5085483E-01  -2.8154794E-01  -1.7755382E-01   6.4917888E-03   2.8527035E-03
 -4.1758313E-04   3.3166072E-04  -3.4194459E-05  -6.1590020E-03  -1.1317711E-02  -8.5748702E-03  -1.3575198E-04   5.9981971E+01   6.9771374E+01   6.4303875E+00   9.9562953E+00  -1.8740984E-01   1.9275680E-02   4.7690099E-01   9.4060256E-01  -8.5135767E+00  -4.6619035E-02  -1.7174313E-01   6.1814088E-03   7.6596337E-02   6.1989487E-04   6.2805377E-04
  1.3048568E-04  -3.4394281E-04  -3.5421194E-05  -1.8827670E-03   1.2667554E-03   9.5938569E-03   2.4479692E-04  -5.4498447E+01   6.4303875E+00   1.7583799E+02  -8.4739972E+01   2.2485167E+00   3.2079034E-01  -1.0177111E+00   2.6184417E-01  -6.4177220E+00   2.1610900E-03  -2.3239789E-01   5.6521417E-01  -4.4692905E-02   1.7028082E-03  -7.9877043E-03
 -2.0636871E-04   3.0385654E-04   1.0017369E-05  -1.7476064E-03  -4.0650673E-03  -7.1855440E-03   6.0592673E-04   3.1713390E+01   9.9562953E+00  -8.4739972E+01   5.4311789E+01   1.8452364E+00  -3.4133027E-02   7.3064262E-01  -2.2702965E-01  -3.3661473E+00   6.7584762E-03   1.4512259E-01  -4.7205817E-01  -1.0420108E-01  -6.3893532E-04   3.3349080E-03
  1.7389414E-05  -7.3162480E-05  -7.3685777E-06   2.8684395E-04   5.1480429E-04   7.1645383E-04   3.6456285E-05  -2.4956353E+01  -1.8740984E-01   2.2485167E+00   1.8452364E+00   4.2458494E+00   9.4056608E-02   1.6743446E-01  -5.7228363E-02  -3.5053270E+00   2.3310144E-03  -1.0938798E-02   1.1083286E-02   4.1622964E-02   4.3391461E-04  -7.6665311E-05
  1.4803292E-06  -2.3815469E-06   7.0602147E-07  -1.1732938E-05  -2.6037010E-05   5.9288072E-05  -1.1129825E-05  -7.7104117E-01   1.9275680E-02   3.2079034E-01  -3.4133027E-02   9.4056608E-02   1.5610293E-02  -1.5645838E-02   1.0708304E-02  -1.0227207E-01   9.9009743E-04  -1.2834047E-03  -2.8399939E-03   4.6813080E-03   1.7084991E-05  -3.7870802E-05
 -5.6731647E-06  -2.2862575E-06  -2.1201893E-06   5.7785658E-07  -2.1296625E-05  -9.8585114E-05   2.6938061E-05  -2.0244859E-01   4.7690099E-01  -1.0177111E+00   7.3064262E-01   1.6743446E-01  -1.5645838E-02   6.5829570E-02   4.6621980E-03  -1.5976937E-01  -5.1029652E-04   6.6772610E-03  -6.4848344E-05  -1.6757432E-02  -1.3001848E-05   9.5047234E-05
  7.5402934E-07  -8.3628564E-06  -7.4518151E-07   1.2020445E-05   9.3013790E-06   7.5447131E-05  -3.0477553E-06  -3.8710814E-02   9.4060256E-01   2.6184417E-01  -2.2702965E-01  -5.7228363E-02   1.0708304E-02   4.6621980E-03   8.3804751E-02   6.0831425E-02   1.3322754E-04   6.7876550E-04   3.6372471E-04   6.8704971E-04   4.9710085E-06  -1.9086580E-05
 -3.9544552E-05   3.5413893E-05   5.3657649E-07  -1.3674275E-04  -8.8192908E-04  -2.0775687E-03   1.5856514E-04   1.1393238E+01  -8.5135767E+00  -6.4177220E+00  -3.3661473E+00  -3.5053270E+00  -1.0227207E-01  -1.5976937E-01   6.0831425E-02   7.5661123E+00  -1.5706791E-02  -2.2481308E-03   7.3194283E-03  -3.5553976E-02  -2.9524704E-04   8.4862197E-07
  4.4115116E-07  -1.0152593E-05  -3.3930465E-07   2.8032072E-05  -7.5395756E-06   4.6953165E-05  -1.2272561E-05  -3.2651688E-01  -4.6619035E-02   2.1610900E-03   6.7584762E-03   2.3310144E-03   9.9009743E-04  -5.1029652E-04   1.3322754E-04  -1.5706791E-02   3.7957124E-02   2.9577566E-03  -5.5248581E-04   2.4604190E-04   3.1982379E-05  -1.8344481E-05
 -1.0955997E-06   4.4823824E-06  -1.3659716E-06   7.6960973E-06  -5.2091244E-05  -3.4462039E-05   8.5305702E-06   3.5085483E-01  -1.7174313E-01  -2.3239789E-01   1.4512259E-01  -1.0938798E-02  -1.2834047E-03   6.6772610E-03   6.7876550E-04  -2.2481308E-03   2.9577566E-03   2.9852437E-02  -6.0520526E-04   4.7022904E-03  -7.8756169E-05  -4.5734703E-05
  6.4542642E-07  -4.6649325E-06  -3.3553533E-07   1.3106413E-05   4.6968513E-05   4.2646440E-05   1.1269449E-05  -2.8154794E-01   6.1814088E-03   5.6521417E-01  -4.7205817E-01   1.1083286E-02  -2.8399939E-03  -6.4848344E-05   3.6372471E-04   7.3194283E-03  -5.5248581E-04  -6.0520526E-04   1.0909667E-02   8.3503102E-03   2.8798327E-06   5.9202510E-05
 -5.7826368E-07  -1.1006196E-06  -7.9326594E-07  -2.1223023E-06  -3.4688390E-05  -1.4692643E-05  -6.9345283E-06  -1.7755382E-01   7.6596337E-02  -4.4692905E-02  -1.0420108E-01   4.1622964E-02   4.6813080E-03  -1.6757432E-02   6.8704971E-04  -3.5553976E-02   2.4604190E-04   4.7022904E-03   8.3503102E-03   2.5554722E-02  -5.9750354E-06   6.2530414E-05
  2.8851548E-09  -6.8897605E-08   4.9043441E-09  -1.3168448E-07   1.7623204E-07  -2.1668363E-07  -9.3306694E-09   6.4917888E-03   6.1989487E-04   1.7028082E-03  -6.3893532E-04   4.3391461E-04   1.7084991E-05  -1.3001848E-05   4.9710085E-06  -2.9524704E-04   3.1982379E-05  -7.8756169E-05   2.8798327E-06  -5.9750354E-06   1.0913530E-06   2.4100467E-08
 -1.2221791E-08  -4.4016125E-08  -3.4904858E-09  -8.4632164E-08  -4.2766161E-07  -3.4464335E-07  -6.0151604E-08   2.8527035E-03   6.2805377E-04  -7.9877043E-03   3.3349080E-03  -7.6665311E-05  -3.7870802E-05   9.5047234E-05  -1.9086580E-05   8.4862197E-07  -1.8344481E-05  -4.5734703E-05   5.9202510E-05   6.2530414E-05   2.4100467E-08   2.3772751E-06
