# omegabh2 omegach2 theta tau logA ns nrun calPlanck acib217 xi asz143 aps100 aps143 aps143217 aps217 aksz kgal100 kgal143 kgal143217 kgal217 cal0 cal2
  5.3128883E-08  -1.1519255E-07   4.1859133E-08   5.1327932E-07   9.5364206E-07   3.5279411E-07  -7.2165891E-07  -2.7167350E-08   2.7286051E-05   2.4753311E-06   4.4063225E-05  -2.8776027E-04  -1.8497798E-04  -2.1759164E-05  -1.5240904E-04  -4.7588825E-05   2.6070110E-05   1.6475120E-05   1.4094347E-05  -2.1889555E-05  -4.7108117E-10  -6.5638366E-09
 -1.1519255E-07   2.8696066E-06  -2.4581871E-07  -2.4035272E-06   1.6889721E-06  -6.8630455E-06  -1.0893268E-06  -4.1970327E-07   2.7138873E-04  -1.3288282E-05  -4.1987612E-04   2.0023779E-03   2.2608891E-04  -8.1706638E-04  -7.0705189E-04   6.3117254E-04  -1.4926770E-04  -1.4039013E-04  -3.7873655E-04  -6.1254823E-04  -2.2566374E-08   7.3452777E-08
  4.1859133E-08  -2.4581871E-07   2.0627818E-07   5.1052417E-07   7.0903688E-07   9.9175344E-07  -1.8475783E-07   4.1190270E-08  -9.4136013E-05   1.7730066E-06   6.4583325E-05  -7.2379711E-04  -1.3861936E-04   8.7365053E-05   9.5104904E-05  -7.1202021E-05   2.7396791E-05  -1.3316641E-05  -7.1739818E-06   2.8702687E-05   4.5417662E-09  -1.0233473E-08
  5.1327932E-07  -2.4035272E-06   5.1052417E-07   5.7342956E-05   1.0998559E-04   7.3512489E-06  -1.2096267E-05  -1.4918932E-06  -3.8423391E-03   6.2709684E-06   8.4186235E-04  -6.4934556E-03  -1.5433375E-03   9.3300609E-04   3.1064663E-03  -1.3625503E-03   2.7994850E-04  -5.8353666E-04   3.3273171E-04   2.7463438E-03   2.6425740E-07  -3.1649942E-07
  9.5364206E-07   1.6889721E-06   7.0903688E-07   1.0998559E-04   2.5555503E-04  -2.8159265E-06  -3.6347197E-05   8.5561040E-06  -5.2107904E-03  -1.0875286E-05   7.1355494E-04  -4.0781258E-03   3.6383950E-04   3.3207630E-03   8.8907411E-03  -1.6398262E-03   5.8469292E-04  -1.5497612E-03  -5.3464750E-04   4.8673632E-03   5.7714019E-07  -4.6735793E-07
  3.5279411E-07  -6.8630455E-06   9.9175344E-07   7.3512489E-06  -2.8159265E-06   2.8988030E-05   1.0077879E-05   1.6480406E-06  -7.1642281E-03   1.6701447E-04   2.1722444E-03  -3.2234983E-02  -8.6297345E-03   4.2447455E-03   8.2850323E-03  -4.1936143E-03   4.1782729E-04  -1.0704298E-05   3.9016950E-04   3.5778602E-03  -2.9121549E-08  -3.1854222E-07
 -7.2165891E-07  -1.0893268E-06  -1.8475783E-07  -1.2096267E-05  -3.6347197E-05   1.0077879E-05   5.7467962E-05   2.0987864E-06  -8.1099890E-03   2.9976925E-04   1.0294080E-03  -2.4847488E-02  -1.1297625E-02   1.5753344E-03   5.6275547E-03  -2.9196822E-03  -9.2855859E-04  -5.0993158E-04  -8.5360784E-04   2.1132287E-03   1.6206025E-07  -2.8395946E-07
 -2.7167350E-08  -4.1970327E-07   4.1190270E-08  -1.4918932E-06   8.5561040E-06   1.6480406E-06   2.0987864E-06   6.6813937E-06   9.0022983E-04   1.5247212E-05   5.0130533E-05   2.6297123E-03   1.9117427E-04   8.1973477E-04   1.1702787E-03  -9.9873800E-05   1.6849290E-04   2.7417029E-04  -8.3152909E-06   5.5678823E-04  -2.5307661E-08  -3.3764050E-08
  2.7286051E-05   2.7138873E-04  -9.4136013E-05  -3.8423391E-03  -5.2107904E-03  -7.1642281E-03  -8.1099890E-03   9.0022983E-04   4.7566982E+01  -5.6552482E-01  -8.6124478E-01   3.9565492E+01   1.7849487E+00  -1.6443779E+01  -5.8233059E+01   3.6479538E-01   6.2416437E-01   9.6601282E-01  -5.4793067E+00  -3.3561312E+01  -5.4308598E-04   9.0327516E-04
  2.4753311E-06  -1.3288282E-05   1.7730066E-06   6.2709684E-06  -1.0875286E-05   1.6701447E-04   2.9976925E-04   1.5247212E-05  -5.6552482E-01   7.8800649E-02  -5.8629603E-02  -1.9597867E-01   8.5210062E-01   1.6329619E+00   8.0718244E-01   3.6190432E-02  -5.4981603E-02   5.7504924E-03   6.6532601E-02   1.9901931E-01   1.4173962E-05  -9.4146827E-06
  4.4063225E-05  -4.1987612E-04   6.4583325E-05   8.4186235E-04   7.1355494E-04   2.1722444E-03   1.0294080E-03   5.0130533E-05  -8.6124478E-01  -5.8629603E-02   4.3649663E+00  -3.5673246E+01  -3.9617549E+00   8.3207047E+00   5.8837736E+00  -3.3701834E+00  -1.3594014E-01   2.6046974E-01   2.9545656E+00   3.6270362E+00   7.0281588E-05  -4.8982484E-05
 -2.8776027E-04   2.0023779E-03  -7.2379711E-04  -6.4934556E-03  -4.0781258E-03  -3.2234983E-02  -2.4847488E-02   2.6297123E-03   3.9565492E+01  -1.9597867E-01  -3.5673246E+01   8.0257593E+02   8.3918460E+01  -5.4274384E+01  -6.5994288E+01   1.9254940E+01  -5.5546873E+00   8.0917987E+00  -9.9758399E+00  -2.2916595E+01   2.9897227E-03   1.5175969E-04
 -1.8497798E-04   2.2608891E-04  -1.3861936E-04  -1.5433375E-03   3.6383950E-04  -8.6297345E-03  -1.1297625E-02   1.9117427E-04   1.7849487E+00   8.5210062E-01  -3.9617549E+00   8.3918460E+01   6.8067829E+01   4.2781804E+01   1.8233098E+01  -4.6167013E+00  -1.0908148E+00  -1.1441743E+00   3.2458543E+00   4.1008250E+00   3.4157624E-04   1.0992496E-04
 -2.1759164E-05  -8.1706638E-04   8.7365053E-05   9.3300609E-04   3.3207630E-03   4.2447455E-03   1.5753344E-03   8.1973477E-04  -1.6443779E+01   1.6329619E+00   8.3207047E+00  -5.4274384E+01   4.2781804E+01   8.9868040E+01   6.1140077E+01  -1.3712431E+01  -1.9569025E+00   5.3229630E-03   5.6266789E+00   1.0288445E+01   7.3436777E-04  -5.7839832E-04
 -1.5240904E-04  -7.0705189E-04   9.5104904E-05   3.1064663E-03   8.8907411E-03   8.2850323E-03   5.6275547E-03   1.1702787E-03  -5.8233059E+01   8.0718244E-01   5.8837736E+00  -6.5994288E+01   1.8233098E+01   6.1140077E+01   1.1169327E+02  -1.0853186E+01  -1.2878378E+00  -1.0844453E+00   6.2747691E+00   3.4734761E+01   9.6802409E-04  -1.5459722E-03
 -4.7588825E-05   6.3117254E-04  -7.1202021E-05  -1.3625503E-03  -1.6398262E-03  -4.1936143E-03  -2.9196822E-03  -9.9873800E-05   3.6479538E-01   3.6190432E-02  -3.3701834E+00   1.9254940E+01  -4.6167013E+00  -1.3712431E+01  -1.0853186E+01   6.9007750E+00   1.1402196E-01  -3.4739274E-01  -2.5436535E+00  -2.9973174E+00  -9.2779189E-05   3.6642556E-05
  2.6070110E-05  -1.4926770E-04   2.7396791E-05   2.7994850E-04   5.8469292E-04   4.1782729E-04  -9.2855859E-04   1.6849290E-04   6.2416437E-01  -5.4981603E-02  -1.3594014E-01  -5.5546873E+00  -1.0908148E+00  -1.9569025E+00  -1.2878378E+00   1.1402196E-01   3.0748137E+00   4.7379589E-01   1.6629699E-01   5.0833953E-02   1.4586563E-04   2.3684991E-05
  1.6475120E-05  -1.4039013E-04  -1.3316641E-05  -5.8353666E-04  -1.5497612E-03  -1.0704298E-05  -5.0993158E-04   2.7417029E-04   9.6601282E-01   5.7504924E-03   2.6046974E-01   8.0917987E+00  -1.1441743E+00   5.3229630E-03  -1.0844453E+00  -3.4739274E-01   4.7379589E-01   3.2502368E+00   2.8247484E+00   2.5682427E+00  -1.6973377E-04  -7.2468298E-05
  1.4094347E-05  -3.7873655E-04  -7.1739818E-06   3.3273171E-04  -5.3464750E-04   3.9016950E-04  -8.5360784E-04  -8.3152909E-06  -5.4793067E+00   6.6532601E-02   2.9545656E+00  -9.9758399E+00   3.2458543E+00   5.6266789E+00   6.2747691E+00  -2.5436535E+00   1.6629699E-01   2.8247484E+00   1.0873137E+01   1.9091961E+01  -5.5125549E-08   4.0696084E-04
 -2.1889555E-05  -6.1254823E-04   2.8702687E-05   2.7463438E-03   4.8673632E-03   3.5778602E-03   2.1132287E-03   5.5678823E-04  -3.3561312E+01   1.9901931E-01   3.6270362E+00  -2.2916595E+01   4.1008250E+00   1.0288445E+01   3.4734761E+01  -2.9973174E+00   5.0833953E-02   2.5682427E+00   1.9091961E+01   5.2451428E+01   2.5721899E-04   8.5309466E-04
 -4.7108117E-10  -2.2566374E-08   4.5417662E-09   2.6425740E-07   5.7714019E-07  -2.9121549E-08   1.6206025E-07  -2.5307661E-08  -5.4308598E-04   1.4173962E-05   7.0281588E-05   2.9897227E-03   3.4157624E-04   7.3436777E-04   9.6802409E-04  -9.2779189E-05   1.4586563E-04  -1.6973377E-04  -5.5125549E-08   2.5721899E-04   3.5720546E-07  -2.4384703E-08
 -6.5638366E-09   7.3452777E-08  -1.0233473E-08  -3.1649942E-07  -4.6735793E-07  -3.1854222E-07  -2.8395946E-07  -3.3764050E-08   9.0327516E-04  -9.4146827E-06  -4.8982484E-05   1.5175969E-04   1.0992496E-04  -5.7839832E-04  -1.5459722E-03   3.6642556E-05   2.3684991E-05  -7.2468298E-05   4.0696084E-04   8.5309466E-04  -2.4384703E-08   4.1014463E-07
