# omegabh2 omegach2 theta tau logA ns calPlanck
  2.9144789E-07  -3.7259223E-07  -2.4850885E-08  -4.0809362E-07   2.1736648E-06   3.0469510E-07  -6.8336033E-08
 -3.7259223E-07   1.8389863E-06   2.7738942E-07  -2.3997765E-06  -5.0619838E-06  -4.3160514E-06  -6.6584644E-08
 -2.4850885E-08   2.7738942E-07   6.2582872E-07   2.2162223E-08   1.5553987E-07   1.9181081E-07  -2.2086437E-08
 -4.0809362E-07  -2.3997765E-06   2.2162223E-08   5.9290312E-05   9.8035852E-05   7.0145402E-06  -9.5355787E-07
  2.1736648E-06  -5.0619838E-06   1.5553987E-07   9.8035852E-05   2.3319039E-04   1.6064881E-05   8.5118122E-06
  3.0469510E-07  -4.3160514E-06   1.9181081E-07   7.0145402E-06   1.6064881E-05   8.7196975E-05   4.8002859E-07
 -6.8336033E-08  -6.6584644E-08  -2.2086437E-08  -9.5355787E-07   8.5118122E-06   4.8002859E-07   6.0501963E-06
