# omegabh2 omegach2 theta tau w logA ns calPlanck acib217 xi asz143 aps100 aps143 aps143217 aps217 aksz kgal100 kgal143 kgal143217 kgal217 cal0 cal2
  4.0059951E-08  -8.0195685E-08   2.8082964E-08   3.9423515E-07   1.6623362E-06   7.6238997E-07   3.2527908E-07   2.6025008E-08  -1.5426046E-04   2.0309011E-06   4.7849601E-05  -7.8292870E-04  -4.6445073E-04  -1.6323141E-04  -3.4520336E-05  -5.7469011E-05  -4.3872405E-07  -9.7209471E-06  -6.0827121E-06   5.3036620E-05   2.5664035E-09  -1.2774364E-09
 -8.0195685E-08   1.5801148E-06  -1.0847344E-07  -4.2049632E-06  -2.4292308E-05  -5.5110853E-06  -3.5023444E-06  -3.4792536E-07   3.7480080E-04  -4.3555670E-06  -8.1923674E-05   1.6272278E-03   6.9837477E-04   2.1642895E-04  -2.6831091E-04   1.3823805E-04   1.7857843E-05   2.0341762E-05   6.8426647E-06  -1.2645766E-04  -1.9620517E-08   1.8079323E-08
  2.8082964E-08  -1.0847344E-07   1.8450208E-07   5.4050288E-07   3.6269370E-06   1.0888138E-06   5.2901453E-07   3.1446551E-08  -6.3468995E-05  -5.1874371E-07   1.6744042E-05  -4.1104072E-04  -1.9193324E-04  -1.0848219E-04  -2.8648939E-05  -1.6702079E-05  -1.0016746E-05   6.7214366E-06   2.3648006E-05   6.6952414E-05  -3.4056450E-09   4.8086559E-09
  3.9423515E-07  -4.2049632E-06   5.4050288E-07   5.9329939E-05   7.9440370E-05   1.0639514E-04   1.3505028E-05  -7.5769230E-07  -4.0468432E-03   3.2910145E-05   6.4362774E-04  -1.4713789E-02  -6.8040347E-03  -2.6854025E-03   1.1746460E-03  -6.7055371E-04   2.5391160E-04  -4.1564184E-05   2.6465008E-04   1.8357588E-03  -1.1948768E-08  -1.0511542E-07
  1.6623362E-06  -2.4292308E-05   3.6269370E-06   7.9440370E-05   1.1361460E-03   1.2061989E-04   5.6880839E-05   6.5825484E-06  -7.1170869E-03   1.3683335E-05   1.7085840E-03  -3.0156485E-02  -1.3041008E-02  -3.6583669E-03   6.3453359E-03  -3.2715893E-03   5.0171842E-04  -6.5993490E-04  -9.6278556E-04   1.9744160E-03   2.7553179E-07  -1.2732299E-08
  7.6238997E-07  -5.5110853E-06   1.0888138E-06   1.0639514E-04   1.2061989E-04   2.2178946E-04   1.9244432E-05   1.0118479E-05  -7.9782746E-03   1.1399824E-04   9.5372173E-04  -2.4428216E-02  -1.1589030E-02  -2.9914530E-03   7.6090419E-03  -1.6145086E-03   3.7652112E-04  -7.6905541E-04  -4.5331510E-04   4.2260458E-03   1.3363253E-07  -2.5214862E-07
  3.2527908E-07  -3.5023444E-06   5.2901453E-07   1.3505028E-05   5.6880839E-05   1.9244432E-05   1.8903065E-05   9.6491016E-07  -5.7169515E-03   9.9909577E-05   1.2286954E-03  -2.7965409E-02  -7.7853950E-03   1.5026402E-03   6.2959172E-03  -2.7190339E-03   3.0228488E-04  -4.6555499E-04  -3.1118656E-04   1.8670754E-03  -6.5171804E-08  -1.2665912E-07
  2.6025008E-08  -3.4792536E-07   3.1446551E-08  -7.5769230E-07   6.5825484E-06   1.0118479E-05   9.6491016E-07   6.2119242E-06   4.0986380E-04   4.3709335E-06  -7.9252507E-05   2.9456133E-03   2.0095470E-04   6.0091427E-05   1.4085460E-03   1.0780571E-04   9.1552122E-05  -7.2667958E-05  -2.7181002E-04   4.3570045E-04   2.2906368E-08  -5.4052095E-08
 -1.5426046E-04   3.7480080E-04  -6.3468995E-05  -4.0468432E-03  -7.1170869E-03  -7.9782746E-03  -5.7169515E-03   4.0986380E-04   4.6370175E+01  -4.2580842E-01  -6.4940946E-01   3.9680392E+01   2.0701313E+00  -1.3385332E+01  -5.6997123E+01  -1.3319292E-01   1.1837380E-01   6.3837879E-01  -5.8550034E+00  -3.4223888E+01  -1.7963920E-04   7.2288463E-04
  2.0309011E-06  -4.3555670E-06  -5.1874371E-07   3.2910145E-05   1.3683335E-05   1.1399824E-04   9.9909577E-05   4.3709335E-06  -4.2580842E-01   8.1510185E-02  -5.2008366E-02  -5.3650996E-01   8.8495814E-01   1.6308484E+00   6.7268799E-01   4.5965535E-02  -8.0903439E-03  -1.0130519E-04   8.1751472E-02   1.3316732E-01   4.5380023E-06  -2.7279679E-06
  4.7849601E-05  -8.1923674E-05   1.6744042E-05   6.4362774E-04   1.7085840E-03   9.5372173E-04   1.2286954E-03  -7.9252507E-05  -6.4940946E-01  -5.2008366E-02   3.9174053E+00  -3.0361607E+01  -3.5060702E+00   7.6079302E+00   4.9877847E+00  -2.9080715E+00  -2.0031030E-01   2.4134260E-01   2.5908709E+00   3.0093724E+00   8.6876978E-05  -6.2189247E-05
 -7.8292870E-04   1.6272278E-03  -4.1104072E-04  -1.4713789E-02  -3.0156485E-02  -2.4428216E-02  -2.7965409E-02   2.9456133E-03   3.9680392E+01  -5.3650996E-01  -3.0361607E+01   7.9105140E+02   7.4209246E+01  -5.0335821E+01  -6.0804181E+01   1.3744506E+01  -5.5048058E+00   5.1926922E+00  -1.2554969E+01  -2.6012055E+01   4.1285048E-03   4.4662779E-04
 -4.6445073E-04   6.9837477E-04  -1.9193324E-04  -6.8040347E-03  -1.3041008E-02  -1.1589030E-02  -7.7853950E-03   2.0095470E-04   2.0701313E+00   8.8495814E-01  -3.5060702E+00   7.4209246E+01   6.3509963E+01   4.1117665E+01   1.6996080E+01  -5.2384807E+00  -3.5688265E-01  -1.1410816E+00   3.3061447E+00   4.0042155E+00   1.3659912E-04   6.1996779E-05
 -1.6323141E-04   2.1642895E-04  -1.0848219E-04  -2.6854025E-03  -3.6583669E-03  -2.9914530E-03   1.5026402E-03   6.0091427E-05  -1.3385332E+01   1.6308484E+00   7.6079302E+00  -5.0335821E+01   4.1117665E+01   8.5599470E+01   5.5179026E+01  -1.2702949E+01  -7.4285069E-01  -5.4646450E-01   4.5218147E+00   7.9728886E+00   4.4291026E-04  -4.5179657E-04
 -3.4520336E-05  -2.6831091E-04  -2.8648939E-05   1.1746460E-03   6.3453359E-03   7.6090419E-03   6.2959172E-03   1.4085460E-03  -5.6997123E+01   6.7268799E-01   4.9877847E+00  -6.0804181E+01   1.6996080E+01   5.5179026E+01   1.0741187E+02  -9.8254285E+00  -4.8937252E-01  -1.1574812E+00   5.5598558E+00   3.4468589E+01   4.7923196E-04  -1.3489802E-03
 -5.7469011E-05   1.3823805E-04  -1.6702079E-05  -6.7055371E-04  -3.2715893E-03  -1.6145086E-03  -2.7190339E-03   1.0780571E-04  -1.3319292E-01   4.5965535E-02  -2.9080715E+00   1.3744506E+01  -5.2384807E+00  -1.2702949E+01  -9.8254285E+00   6.4452403E+00   8.0377455E-02  -3.2972322E-01  -2.2483157E+00  -2.4558798E+00  -6.9084388E-05   1.9051049E-05
 -4.3872405E-07   1.7857843E-05  -1.0016746E-05   2.5391160E-04   5.0171842E-04   3.7652112E-04   3.0228488E-04   9.1552122E-05   1.1837380E-01  -8.0903439E-03  -2.0031030E-01  -5.5048058E+00  -3.5688265E-01  -7.4285069E-01  -4.8937252E-01   8.0377455E-02   3.3056491E+00   5.4642003E-01   1.1409011E-01   1.0233674E-01   1.7925545E-04  -4.8370193E-06
 -9.7209471E-06   2.0341762E-05   6.7214366E-06  -4.1564184E-05  -6.5993490E-04  -7.6905541E-04  -4.6555499E-04  -7.2667958E-05   6.3837879E-01  -1.0130519E-04   2.4134260E-01   5.1926922E+00  -1.1410816E+00  -5.4646450E-01  -1.1574812E+00  -3.2972322E-01   5.4642003E-01   3.2273874E+00   2.9172172E+00   2.9781770E+00  -1.8574536E-04  -1.9322302E-05
 -6.0827121E-06   6.8426647E-06   2.3648006E-05   2.6465008E-04  -9.6278556E-04  -4.5331510E-04  -3.1118656E-04  -2.7181002E-04  -5.8550034E+00   8.1751472E-02   2.5908709E+00  -1.2554969E+01   3.3061447E+00   4.5218147E+00   5.5598558E+00  -2.2483157E+00   1.1409011E-01   2.9172172E+00   1.0906434E+01   1.9403463E+01  -8.0936476E-05   4.0717363E-04
  5.3036620E-05  -1.2645766E-04   6.6952414E-05   1.8357588E-03   1.9744160E-03   4.2260458E-03   1.8670754E-03   4.3570045E-04  -3.4223888E+01   1.3316732E-01   3.0093724E+00  -2.6012055E+01   4.0042155E+00   7.9728886E+00   3.4468589E+01  -2.4558798E+00   1.0233674E-01   2.9781770E+00   1.9403463E+01   5.4171118E+01  -3.0785213E-05   9.1373923E-04
  2.5664035E-09  -1.9620517E-08  -3.4056450E-09  -1.1948768E-08   2.7553179E-07   1.3363253E-07  -6.5171804E-08   2.2906368E-08  -1.7963920E-04   4.5380023E-06   8.6876978E-05   4.1285048E-03   1.3659912E-04   4.4291026E-04   4.7923196E-04  -6.9084388E-05   1.7925545E-04  -1.8574536E-04  -8.0936476E-05  -3.0785213E-05   3.8384841E-07  -2.4293862E-09
 -1.2774364E-09   1.8079323E-08   4.8086559E-09  -1.0511542E-07  -1.2732299E-08  -2.5214862E-07  -1.2665912E-07  -5.4052095E-08   7.2288463E-04  -2.7279679E-06  -6.2189247E-05   4.4662779E-04   6.1996779E-05  -4.5179657E-04  -1.3489802E-03   1.9051049E-05  -4.8370193E-06  -1.9322302E-05   4.0717363E-04   9.1373923E-04  -2.4293862E-09   3.9093444E-07
