# omegabh2 omegach2 theta tau logA ns nrun calPlanck acib217 xi asz143 aps100 aps143 aps143217 aps217 aksz kgal100 kgal143 kgal143217 kgal217 cal0 cal2
  5.2894949E-08  -1.2053794E-07   4.0947735E-08   5.6339052E-07   1.0415419E-06   3.6040597E-07  -7.1759337E-07  -2.6243033E-08   1.8913628E-05   2.2009500E-06   4.5031860E-05  -3.1241139E-04  -2.0484368E-04  -3.8484265E-05  -1.4460986E-04  -4.5695835E-05   2.2552156E-05   1.6763777E-05   1.7061509E-05  -1.6737141E-05  -1.3442749E-09  -7.6304859E-09
 -1.2053794E-07   2.9202000E-06  -2.3545455E-07  -2.4319259E-06   1.6895293E-06  -6.8745591E-06  -1.0231228E-06  -4.3074970E-07   1.8085369E-04  -1.5623273E-05  -4.0664183E-04   1.8461676E-03   2.1453419E-04  -7.2125072E-04  -5.5526823E-04   6.0062052E-04  -9.9069756E-05  -1.2095373E-04  -3.9176875E-04  -5.4038034E-04  -8.7657654E-09   8.0069767E-08
  4.0947735E-08  -2.3545455E-07   2.0695542E-07   6.5451210E-07   1.0205766E-06   9.6860290E-07  -2.1930729E-07   3.7298631E-08  -1.0572399E-04   7.6673065E-07   6.4749111E-05  -7.3168424E-04  -1.3639747E-04   6.2139561E-05   9.3271236E-05  -6.6068001E-05   3.3195111E-05  -1.5291141E-05   2.2722590E-06   5.9050834E-05   6.5996391E-09  -7.8750922E-09
  5.6339052E-07  -2.4319259E-06   6.5451210E-07   7.2013204E-05   1.3974534E-04   8.2318744E-06  -1.4826107E-05  -1.4965428E-06  -3.7883988E-03  -3.0547988E-05   8.8117872E-04  -7.1809601E-03  -2.2303802E-03   1.4107829E-04   2.5617234E-03  -1.4060445E-03   5.5825997E-04  -4.3235415E-04   4.1266622E-04   3.1334032E-03   3.1531233E-07  -2.3107783E-07
  1.0415419E-06   1.6895293E-06   1.0205766E-06   1.3974534E-04   3.1598040E-04  -1.2538904E-06  -4.1980752E-05   8.4992903E-06  -4.9961519E-03  -7.4231112E-05   6.9045755E-04  -3.8639486E-03  -5.7055649E-05   2.0620739E-03   7.6815581E-03  -1.7095207E-03   1.0073634E-03  -1.3289596E-03  -3.3144947E-04   5.7708585E-03   6.8483195E-07  -2.6182757E-07
  3.6040597E-07  -6.8745591E-06   9.6860290E-07   8.2318744E-06  -1.2538904E-06   2.8869726E-05   9.8288818E-06   1.5436903E-06  -6.9000458E-03   1.5525208E-04   2.1890459E-03  -3.2406285E-02  -8.9138579E-03   3.8980856E-03   7.9411004E-03  -4.1533355E-03   3.9501209E-04   1.8524613E-06   3.1764671E-04   3.2457849E-03  -4.6468323E-08  -3.1740500E-07
 -7.1759337E-07  -1.0231228E-06  -2.1930729E-07  -1.4826107E-05  -4.1980752E-05   9.8288818E-06   5.7570435E-05   1.9638475E-06  -8.2007196E-03   3.0008207E-04   1.0777077E-03  -2.5846372E-02  -1.1691828E-02   1.7710223E-03   6.0488121E-03  -2.9070555E-03  -9.4214669E-04  -4.6124002E-04  -9.9383113E-04   1.7380041E-03   1.4063600E-07  -2.9908799E-07
 -2.6243033E-08  -4.3074970E-07   3.7298631E-08  -1.4965428E-06   8.4992903E-06   1.5436903E-06   1.9638475E-06   6.6406239E-06   1.0382695E-03   2.3222275E-05   4.7042386E-06   3.2646854E-03   5.6835527E-04   8.9277503E-04   9.6607358E-04  -6.7440241E-05   5.9358477E-05   2.0751329E-04   1.0361489E-05   4.9804755E-04  -3.5249023E-08  -2.4672520E-08
  1.8913628E-05   1.8085369E-04  -1.0572399E-04  -3.7883988E-03  -4.9961519E-03  -6.9000458E-03  -8.2007196E-03   1.0382695E-03   4.7295485E+01  -5.4476569E-01  -9.0768542E-01   4.0839485E+01   2.3942628E+00  -1.6037025E+01  -5.7944835E+01   3.7330417E-01   5.1707976E-01   8.1619596E-01  -5.3702478E+00  -3.3158461E+01  -5.3051594E-04   9.2150407E-04
  2.2009500E-06  -1.5623273E-05   7.6673065E-07  -3.0547988E-05  -7.4231112E-05   1.5525208E-04   3.0008207E-04   2.3222275E-05  -5.4476569E-01   7.8347728E-02  -5.9904509E-02  -2.1480881E-01   8.6981500E-01   1.6250943E+00   7.8942436E-01   3.6593999E-02  -5.2045709E-02   7.8795322E-03   6.9626026E-02   1.9066778E-01   1.2523250E-05  -9.5017942E-06
  4.5031860E-05  -4.0664183E-04   6.4749111E-05   8.8117872E-04   6.9045755E-04   2.1890459E-03   1.0777077E-03   4.7042386E-06  -9.0768542E-01  -5.9904509E-02   4.3286217E+00  -3.5630321E+01  -4.2117596E+00   8.1062051E+00   5.7702726E+00  -3.3008609E+00  -1.1029909E-01   2.9325302E-01   2.9013665E+00   3.5685837E+00   7.3194924E-05  -5.3194185E-05
 -3.1241139E-04   1.8461676E-03  -7.3168424E-04  -7.1809601E-03  -3.8639486E-03  -3.2406285E-02  -2.5846372E-02   3.2646854E-03   4.0839485E+01  -2.1480881E-01  -3.5630321E+01   8.0181413E+02   8.5840446E+01  -5.4362919E+01  -6.6672303E+01   1.9074937E+01  -5.8149754E+00   7.2727991E+00  -9.9294917E+00  -2.3164915E+01   2.8937393E-03   2.8778296E-04
 -2.0484368E-04   2.1453419E-04  -1.3639747E-04  -2.2303802E-03  -5.7055649E-05  -8.9138579E-03  -1.1691828E-02   5.6835527E-04   2.3942628E+00   8.6981500E-01  -4.2117596E+00   8.5840446E+01   6.9177355E+01   4.2781062E+01   1.7459526E+01  -4.4151970E+00  -1.0557831E+00  -1.2380864E+00   3.2434913E+00   3.9546432E+00   3.0595415E-04   1.4499032E-04
 -3.8484265E-05  -7.2125072E-04   6.2139561E-05   1.4107829E-04   2.0620739E-03   3.8980856E-03   1.7710223E-03   8.9277503E-04  -1.6037025E+01   1.6250943E+00   8.1062051E+00  -5.4362919E+01   4.2781062E+01   8.9324523E+01   6.0466089E+01  -1.3542466E+01  -1.8524298E+00   9.2959800E-02   5.3787055E+00   9.7636833E+00   6.8233549E-04  -5.7021323E-04
 -1.4460986E-04  -5.5526823E-04   9.3271236E-05   2.5617234E-03   7.6815581E-03   7.9411004E-03   6.0488121E-03   9.6607358E-04  -5.7944835E+01   7.8942436E-01   5.7702726E+00  -6.6672303E+01   1.7459526E+01   6.0466089E+01   1.1116900E+02  -1.0801334E+01  -1.2980130E+00  -9.3956155E-01   5.9562297E+00   3.4024513E+01   9.0690268E-04  -1.5649223E-03
 -4.5695835E-05   6.0062052E-04  -6.6068001E-05  -1.4060445E-03  -1.7095207E-03  -4.1533355E-03  -2.9070555E-03  -6.7440241E-05   3.7330417E-01   3.6593999E-02  -3.3008609E+00   1.9074937E+01  -4.4151970E+00  -1.3542466E+01  -1.0801334E+01   6.8069896E+00   1.1698529E-01  -3.6330236E-01  -2.4183245E+00  -2.8022092E+00  -8.1474322E-05   3.7285897E-05
  2.2552156E-05  -9.9069756E-05   3.3195111E-05   5.5825997E-04   1.0073634E-03   3.9501209E-04  -9.4214669E-04   5.9358477E-05   5.1707976E-01  -5.2045709E-02  -1.1029909E-01  -5.8149754E+00  -1.0557831E+00  -1.8524298E+00  -1.2980130E+00   1.1698529E-01   3.1512774E+00   5.0939655E-01   2.1110776E-01   1.9895897E-01   1.6313434E-04   2.2372779E-05
  1.6763777E-05  -1.2095373E-04  -1.5291141E-05  -4.3235415E-04  -1.3289596E-03   1.8524613E-06  -4.6124002E-04   2.0751329E-04   8.1619596E-01   7.8795322E-03   2.9325302E-01   7.2727991E+00  -1.2380864E+00   9.2959800E-02  -9.3956155E-01  -3.6330236E-01   5.0939655E-01   3.2218123E+00   2.7926538E+00   2.5922307E+00  -1.6384425E-04  -7.9883498E-05
  1.7061509E-05  -3.9176875E-04   2.2722590E-06   4.1266622E-04  -3.3144947E-04   3.1764671E-04  -9.9383113E-04   1.0361489E-05  -5.3702478E+00   6.9626026E-02   2.9013665E+00  -9.9294917E+00   3.2434913E+00   5.3787055E+00   5.9562297E+00  -2.4183245E+00   2.1110776E-01   2.7926538E+00   1.0836235E+01   1.8958654E+01  -2.5532706E-06   3.8631666E-04
 -1.6737141E-05  -5.4038034E-04   5.9050834E-05   3.1334032E-03   5.7708585E-03   3.2457849E-03   1.7380041E-03   4.9804755E-04  -3.3158461E+01   1.9066778E-01   3.5685837E+00  -2.3164915E+01   3.9546432E+00   9.7636833E+00   3.4024513E+01  -2.8022092E+00   1.9895897E-01   2.5922307E+00   1.8958654E+01   5.1986385E+01   2.6081769E-04   8.1486179E-04
 -1.3442749E-09  -8.7657654E-09   6.5996391E-09   3.1531233E-07   6.8483195E-07  -4.6468323E-08   1.4063600E-07  -3.5249023E-08  -5.3051594E-04   1.2523250E-05   7.3194924E-05   2.8937393E-03   3.0595415E-04   6.8233549E-04   9.0690268E-04  -8.1474322E-05   1.6313434E-04  -1.6384425E-04  -2.5532706E-06   2.6081769E-04   3.5385673E-07  -2.1157262E-08
 -7.6304859E-09   8.0069767E-08  -7.8750922E-09  -2.3107783E-07  -2.6182757E-07  -3.1740500E-07  -2.9908799E-07  -2.4672520E-08   9.2150407E-04  -9.5017942E-06  -5.3194185E-05   2.8778296E-04   1.4499032E-04  -5.7021323E-04  -1.5649223E-03   3.7285897E-05   2.2372779E-05  -7.9883498E-05   3.8631666E-04   8.1486179E-04  -2.1157262E-08   4.0728854E-07
