# omegabh2 omegach2 theta tau yhe logA ns calPlanck aps100 aps143 aps217 acib217 asz143 psr cibr xi aksz dust100 dust143 dust217 dust143x217 cal0 cal2 calTE calEE
  3.4279115E-08  -5.5643064E-08   7.7130362E-08   1.8291157E-07   1.8912012E-06   7.6689073E-07   8.8797618E-07   1.6386526E-09   3.6604681E-04   2.5124636E-04  -1.7196472E-05   1.0419427E-04  -3.9283987E-06   2.4185842E-07   1.4356023E-06  -2.4183071E-07   3.1173441E-05   1.3206688E-06   1.3295565E-07  -4.0080447E-07   5.3973512E-07   3.9911891E-09   9.8743097E-09   1.7149470E-07   2.0844458E-07
 -5.5643064E-08   1.0525254E-06  -6.3772546E-08  -1.0790917E-06  -1.5928780E-07   1.1786120E-07  -2.3252292E-06  -8.6236723E-08   9.2951270E-04   5.3247738E-04   3.4110272E-05   1.2857883E-04  -9.6744371E-06  -1.0298281E-06   5.7191018E-06  -1.1635875E-06   2.4231170E-06  -1.1666438E-06   2.5196457E-07  -1.2788535E-06  -2.4761306E-06  -6.0827937E-09  -1.3064220E-08  -3.7478802E-07  -6.7995788E-07
  7.7130362E-08  -6.3772546E-08   4.1198822E-07   2.9073434E-07   9.4151487E-06   2.7818999E-06   3.7729657E-06  -2.8480478E-08   4.0128410E-03   2.3692280E-03  -6.4285393E-04   1.1495918E-03  -1.1290735E-04  -6.1950184E-06   1.7828290E-05  -9.1267832E-06   2.9604271E-04   4.2209505E-06   4.6167117E-06  -5.4258761E-06   3.6907103E-06   3.4536018E-09   8.2720287E-08   1.1960106E-06   2.2723666E-06
  1.8291157E-07  -1.0790917E-06   2.9073434E-07   4.6851878E-05   5.0536160E-06   9.2865302E-05   6.7974430E-06   2.0906695E-07  -8.2367253E-03  -1.2675518E-03   3.4393485E-03  -1.9844879E-03   3.1950012E-04   2.6579195E-05  -4.6462473E-05   5.2366154E-05  -8.1203324E-04   3.7302757E-06  -1.6946853E-05   9.4342944E-06   7.1173121E-06  -1.0043528E-07  -6.4674414E-08  -2.3652685E-06  -3.0139233E-08
  1.8912012E-06  -1.5928780E-07   9.4151487E-06   5.0536160E-06   2.7106324E-04   7.5013893E-05   1.0170005E-04  -6.9399286E-07   1.1511407E-01   6.8243547E-02  -1.7658706E-02   3.2722031E-02  -3.1135906E-03  -1.6790370E-04   4.9079004E-04  -2.6312085E-04   8.4988899E-03   1.1520783E-04   1.4260742E-04  -1.5148316E-04   1.1703984E-04   1.4173140E-07   2.1924161E-06   3.5451140E-05   6.4669822E-05
  7.6689073E-07   1.1786120E-07   2.7818999E-06   9.2865302E-05   7.5013893E-05   2.3327396E-04   3.1329851E-05   1.2503167E-05   1.5363333E-02   1.7418186E-02   1.1761168E-02   2.4705655E-03   1.6165056E-04   2.8896293E-05   3.3903704E-05   9.0982224E-05  -8.6458602E-04   1.9260006E-05  -7.3210346E-05   1.9767925E-05   3.1179076E-05   4.4040696E-07   2.9051625E-07   2.8702817E-06   1.6130026E-05
  8.8797618E-07  -2.3252292E-06   3.7729657E-06   6.7974430E-06   1.0170005E-04   3.1329851E-05   5.2920707E-05  -1.9405632E-08   2.1051585E-02   1.8970782E-02   1.4546176E-03   6.4766253E-03  -8.3114241E-04  -1.2842641E-06   6.2923266E-05  -1.8530177E-05   1.6338335E-03   5.0026272E-05   2.8860988E-05  -2.7224532E-05   4.5653996E-05  -3.0609310E-07   5.3957769E-07   1.3709991E-05   2.1984030E-05
  1.6386526E-09  -8.6236723E-08  -2.8480478E-08   2.0906695E-07  -6.9399286E-07   1.2503167E-05  -1.9405632E-08   6.2628476E-06   1.3862628E-03   4.5407928E-04   1.9682759E-03   1.3806268E-04   9.4265914E-05  -5.6192190E-06   1.7434156E-05   1.0627629E-06  -1.2258638E-04   2.9522365E-06   9.9128125E-06   1.5012302E-05   3.5872450E-06  -1.9305575E-08  -5.8501648E-08  -3.1767506E-07  -3.5716845E-07
  3.6604681E-04   9.2951270E-04   4.0128410E-03  -8.2367253E-03   1.1511407E-01   1.5363333E-02   2.1051585E-02   1.3862628E-03   6.4933892E+02   8.3079400E+01  -6.0948945E+01   4.2420788E+01  -2.6314998E+01  -9.3598972E-01  -8.3088484E-02  -6.4125087E-01   1.3783592E+01  -1.7254205E-01   2.8760932E-01  -3.1044121E-01  -8.4714411E-02   6.8817646E-03   3.7381830E-03   1.5959362E-02   3.3840437E-02
  2.5124636E-04   5.3247738E-04   2.3692280E-03  -1.2675518E-03   6.8243547E-02   1.7418186E-02   1.8970782E-02   4.5407928E-04   8.3079400E+01   8.0998920E+01   5.8313446E+00   1.3447838E+01  -1.3519855E+00  -4.4837266E-02   5.1794593E-01   8.0727900E-01  -6.1880314E+00  -8.5064239E-04  -1.8649593E-01   2.0604028E-02   9.8549344E-02   9.5102238E-04   1.2860070E-03   1.0822684E-02   2.0517443E-02
 -1.7196472E-05   3.4110272E-05  -6.4285393E-04   3.4393485E-03  -1.7658706E-02   1.1761168E-02   1.4546176E-03   1.9682759E-03  -6.0948945E+01   5.8313446E+00   1.7663062E+02  -8.5524073E+01   2.2868540E+00   3.8094757E-01  -1.0886159E+00   4.8035156E-01  -7.2567100E+00  -4.3486466E-02  -3.3539398E-01   5.5298994E-01  -5.2164022E-02   1.7046334E-03  -7.9056944E-03   1.9005889E-03  -1.1682151E-03
  1.0419427E-04   1.2857883E-04   1.1495918E-03  -1.9844879E-03   3.2722031E-02   2.4705655E-03   6.4766253E-03   1.3806268E-04   4.2420788E+01   1.3447838E+01  -8.5524073E+01   5.5445860E+01   1.3037555E+00  -9.7904489E-02   7.8409403E-01  -3.4560167E-01  -1.6671893E+00   4.9178200E-02   1.9463773E-01  -4.4757312E-01  -7.6994711E-02  -5.4180847E-04   3.5956487E-03   2.6295261E-03   7.8456360E-03
 -3.9283987E-06  -9.6744371E-06  -1.1290735E-04   3.1950012E-04  -3.1135906E-03   1.6165056E-04  -8.3114241E-04   9.4265914E-05  -2.6314998E+01  -1.3519855E+00   2.2868540E+00   1.3037555E+00   4.2204730E+00   9.5644888E-02   1.5475173E-01  -2.7276601E-02  -3.3744442E+00  -1.3053712E-04  -4.9808945E-03   1.5431962E-02   4.8773921E-02   4.1489678E-04  -1.6141457E-04  -6.0168253E-04  -1.0585201E-03
  2.4185842E-07  -1.0298281E-06  -6.1950184E-06   2.6579195E-05  -1.6790370E-04   2.8896293E-05  -1.2842641E-06  -5.6192190E-06  -9.3598972E-01  -4.4837266E-02   3.8094757E-01  -9.7904489E-02   9.5644888E-02   1.6523576E-02  -1.7050499E-02   1.3886460E-02  -9.9185748E-02   3.4327868E-05  -1.5714015E-03  -2.2931263E-03   4.9141974E-03   1.6289167E-05  -4.1808023E-05  -1.3142174E-05  -4.3505006E-05
  1.4356023E-06   5.7191018E-06   1.7828290E-05  -4.6462473E-05   4.9079004E-04   3.3903704E-05   6.2923266E-05   1.7434156E-05  -8.3088484E-02   5.1794593E-01  -1.0886159E+00   7.8409403E-01   1.5475173E-01  -1.7050499E-02   6.8204438E-02   1.7281890E-03  -1.3845838E-01   3.4592063E-04   7.0207779E-03   7.9378619E-05  -1.6975908E-02  -5.1745527E-06   1.1003535E-04   2.5790998E-05   9.7198741E-05
 -2.4183071E-07  -1.1635875E-06  -9.1267832E-06   5.2366154E-05  -2.6312085E-04   9.0982224E-05  -1.8530177E-05   1.0627629E-06  -6.4125087E-01   8.0727900E-01   4.8035156E-01  -3.4560167E-01  -2.7276601E-02   1.3886460E-02   1.7281890E-03   8.3839130E-02   1.1289764E-02  -4.9059132E-04   2.2467192E-04   1.3755152E-03   8.4124098E-04   1.5554585E-05  -2.1685630E-05  -1.0401509E-05  -8.1186820E-05
  3.1173441E-05   2.4231170E-06   2.9604271E-04  -8.1203324E-04   8.4988899E-03  -8.6458602E-04   1.6338335E-03  -1.2258638E-04   1.3783592E+01  -6.1880314E+00  -7.2567100E+00  -1.6671893E+00  -3.3744442E+00  -9.9185748E-02  -1.3845838E-01   1.1289764E-02   7.3329697E+00  -4.1840323E-05   7.8361295E-03  -1.3208606E-02  -4.7091210E-02  -3.5933488E-04   1.1435754E-05   7.9991962E-04   1.7073383E-03
  1.3206688E-06  -1.1666438E-06   4.2209505E-06   3.7302757E-06   1.1520783E-04   1.9260006E-05   5.0026272E-05   2.9522365E-06  -1.7254205E-01  -8.5064239E-04  -4.3486466E-02   4.9178200E-02  -1.3053712E-04   3.4327868E-05   3.4592063E-04  -4.9059132E-04  -4.1840323E-05   3.8406304E-02   2.1122140E-03  -8.8514360E-04  -4.2491683E-05   3.6713940E-05  -9.2960361E-06  -4.6622556E-06   1.7839148E-05
  1.3295565E-07   2.5196457E-07   4.6167117E-06  -1.6946853E-05   1.4260742E-04  -7.3210346E-05   2.8860988E-05   9.9128125E-06   2.8760932E-01  -1.8649593E-01  -3.3539398E-01   1.9463773E-01  -4.9808945E-03  -1.5714015E-03   7.0207779E-03   2.2467192E-04   7.8361295E-03   2.1122140E-03   3.0153417E-02  -8.6682262E-04   5.8448098E-03  -8.0934615E-05  -4.2382747E-05  -6.2181125E-05  -3.8020459E-05
 -4.0080447E-07  -1.2788535E-06  -5.4258761E-06   9.4342944E-06  -1.5148316E-04   1.9767925E-05  -2.7224532E-05   1.5012302E-05  -3.1044121E-01   2.0604028E-02   5.5298994E-01  -4.4757312E-01   1.5431962E-02  -2.2931263E-03   7.9378619E-05   1.3755152E-03  -1.3208606E-02  -8.8514360E-04  -8.6682262E-04   1.0266676E-02   7.8372076E-03   4.4235651E-06   5.8272107E-05  -5.3600085E-06  -3.5529419E-05
  5.3973512E-07  -2.4761306E-06   3.6907103E-06   7.1173121E-06   1.1703984E-04   3.1179076E-05   4.5653996E-05   3.5872450E-06  -8.4714411E-02   9.8549344E-02  -5.2164022E-02  -7.6994711E-02   4.8773921E-02   4.9141974E-03  -1.6975908E-02   8.4124098E-04  -4.7091210E-02  -4.2491683E-05   5.8448098E-03   7.8372076E-03   2.5916160E-02  -5.3179854E-06   5.1635106E-05   5.7390128E-06   2.3930755E-05
  3.9911891E-09  -6.0827937E-09   3.4536018E-09  -1.0043528E-07   1.4173140E-07   4.4040696E-07  -3.0609310E-07  -1.9305575E-08   6.8817646E-03   9.5102238E-04   1.7046334E-03  -5.4180847E-04   4.1489678E-04   1.6289167E-05  -5.1745527E-06   1.5554585E-05  -3.5933488E-04   3.6713940E-05  -8.0934615E-05   4.4235651E-06  -5.3179854E-06   1.1182656E-06   7.0133111E-08   2.7873781E-07   5.2754081E-07
  9.8743097E-09  -1.3064220E-08   8.2720287E-08  -6.4674414E-08   2.1924161E-06   2.9051625E-07   5.3957769E-07  -5.8501648E-08   3.7381830E-03   1.2860070E-03  -7.9056944E-03   3.5956487E-03  -1.6141457E-04  -4.1808023E-05   1.1003535E-04  -2.1685630E-05   1.1435754E-05  -9.2960361E-06  -4.2382747E-05   5.8272107E-05   5.1635106E-05   7.0133111E-08   2.4870852E-06   5.0141683E-07   6.5565457E-07
  1.7149470E-07  -3.7478802E-07   1.1960106E-06  -2.3652685E-06   3.5451140E-05   2.8702817E-06   1.3709991E-05  -3.1767506E-07   1.5959362E-02   1.0822684E-02   1.9005889E-03   2.6295261E-03  -6.0168253E-04  -1.3142174E-05   2.5790998E-05  -1.0401509E-05   7.9991962E-04  -4.6622556E-06  -6.2181125E-05  -5.3600085E-06   5.7390128E-06   2.7873781E-07   5.0141683E-07   2.8615411E-05   1.6676989E-05
  2.0844458E-07  -6.7995788E-07   2.2723666E-06  -3.0139233E-08   6.4669822E-05   1.6130026E-05   2.1984030E-05  -3.5716845E-07   3.3840437E-02   2.0517443E-02  -1.1682151E-03   7.8456360E-03  -1.0585201E-03  -4.3505006E-05   9.7198741E-05  -8.1186820E-05   1.7073383E-03   1.7839148E-05  -3.8020459E-05  -3.5529419E-05   2.3930755E-05   5.2754081E-07   6.5565457E-07   1.6676989E-05   3.9875531E-05
