# omegabh2 omegach2 theta tau Alens logA ns calPlanck aps100 aps143 aps217 acib217 asz143 psr cibr xi aksz dust100 dust143 dust217 dust143x217 cal0 cal2 calTE calEE
  2.4191880E-08  -7.9073982E-08   1.3187631E-08   4.2880468E-08   1.9072502E-06  -5.7763784E-08   2.6366228E-07  -6.6330753E-09  -3.5395923E-04  -2.8397418E-04   5.0863716E-05  -1.2870643E-04   8.2650007E-06   6.9540238E-07  -2.5673601E-06   1.0033488E-06  -2.2949029E-05   8.8558010E-07  -1.3584251E-07   4.7624444E-07  -3.3662422E-07   4.7199275E-10  -1.0446549E-08  -1.5642437E-07  -2.8099696E-07
 -7.9073982E-08   1.1848988E-06  -7.3726186E-08  -4.8934322E-07  -2.0998193E-05   1.9455938E-06  -2.8764055E-06   4.7699470E-08   1.2562042E-03   9.7716326E-04  -6.9087874E-05   3.9365549E-04  -2.3385401E-05  -1.2714561E-06   5.5705193E-06  -4.9088798E-07   1.0400578E-04  -3.7461308E-06  -1.8268377E-06  -2.0808284E-06   1.7218509E-06   7.9566814E-09   4.6021447E-08   4.0944083E-07  -1.1089275E-07
  1.3187631E-08  -7.3726186E-08   8.6292381E-08   1.0901090E-07   1.4166912E-06   1.4145766E-07   2.9454585E-07   3.5458547E-09  -1.0652491E-07  -7.0822203E-05  -3.5228590E-05  -2.7882442E-05  -4.9981549E-06  -5.9973135E-08  -5.3126909E-08   1.0473405E-06   4.1208635E-06  -2.2008010E-07   5.6294838E-07   3.4874832E-07  -1.0416515E-07   4.6529001E-10  -7.0997748E-10  -1.0982285E-07  -1.5350253E-08
  4.2880468E-08  -4.8934322E-07   1.0901090E-07   6.3895261E-05  -1.2064723E-04   1.2583340E-04   2.4840568E-06  -1.7328792E-07  -2.0335626E-03  -1.6141890E-03  -7.4262935E-05  -2.0550562E-04   6.7893970E-05   8.7231418E-06  -4.1404926E-06   2.4405611E-06  -1.0722889E-04   1.7805108E-05   2.0237708E-05  -3.8691394E-06  -3.1062345E-06   4.0377771E-08   2.0914380E-08  -2.0579472E-06  -8.6112809E-07
  1.9072502E-06  -2.0998193E-05   1.4166912E-06  -1.2064723E-04   1.3762873E-03  -3.3244550E-04   5.8988931E-05  -1.7399968E-05  -5.2145646E-02  -2.8068525E-02  -5.8711827E-03  -1.1427938E-02   1.0342029E-03   5.5075900E-05  -2.7420762E-04   1.2093876E-04  -3.6671915E-03  -9.7227389E-06   1.5753127E-04   2.0870566E-05   7.4110359E-05  -1.9431831E-06  -1.8464629E-06  -2.8790985E-05  -1.6877563E-05
 -5.7763784E-08   1.9455938E-06   1.4145766E-07   1.2583340E-04  -3.3244550E-04   2.8318155E-04  -4.0618079E-06   1.1850431E-05   4.3554812E-03   1.2818657E-03   7.6899545E-03  -4.1988147E-04   2.0482977E-04   4.5624898E-05  -2.4314781E-05   5.6372016E-05  -8.2624672E-04   5.9624507E-06  -5.7619769E-05  -8.2043530E-07  -4.3377389E-05   7.5143666E-07  -1.7753286E-08  -2.0553733E-06   1.1035551E-06
  2.6366228E-07  -2.8764055E-06   2.9454585E-07   2.4840568E-06   5.8988931E-05  -4.0618079E-06   1.7698591E-05  -9.8801940E-08  -2.3565339E-02  -8.3967645E-03   7.4923404E-03  -6.1864131E-03   5.4442234E-04   6.1164909E-05  -9.6052114E-05   7.1233822E-05  -2.2318684E-03   4.4679506E-05  -9.6562436E-06   3.6388293E-05  -1.0946987E-05  -4.0775353E-07  -2.6908977E-07  -1.5838480E-06  -4.0229205E-06
 -6.6330753E-09   4.7699470E-08   3.5458547E-09  -1.7328792E-07  -1.7399968E-05   1.1850431E-05  -9.8801940E-08   5.9573494E-06   2.8644801E-03   7.1453398E-04   1.6499285E-03   5.8321991E-04   7.5421263E-05   2.6580421E-06   1.4549634E-05   8.0776099E-06  -6.7829085E-05   1.0932064E-06  -1.7088976E-07   8.8658976E-07  -1.5694338E-05   1.0068271E-08  -9.7568181E-08   2.3980868E-07   2.4397758E-07
 -3.5395923E-04   1.2562042E-03  -1.0652491E-07  -2.0335626E-03  -5.2145646E-02   4.3554812E-03  -2.3565339E-02   2.8644801E-03   5.9943488E+02   4.9980078E+01  -5.5802066E+01   2.9786984E+01  -2.5315949E+01  -8.7423430E-01  -3.1674469E-01  -5.0908825E-01   1.1976168E+01  -2.6752345E-01   2.4052956E-01  -2.9796931E-01  -2.5017156E-01   6.5542460E-03   2.1660351E-03   3.0287467E-03   9.5658496E-03
 -2.8397418E-04   9.7716326E-04  -7.0822203E-05  -1.6141890E-03  -2.8068525E-02   1.2818657E-03  -8.3967645E-03   7.1453398E-04   4.9980078E+01   6.5732095E+01   1.0770897E+01   6.2166097E+00   4.4724598E-02   6.7675525E-03   3.9949271E-01   8.7228087E-01  -8.3732957E+00  -6.2933253E-02  -2.3949730E-01   3.1966401E-02   5.7462410E-02   7.3837714E-04   3.7325667E-04   2.7290454E-03   5.1912692E-03
  5.0863716E-05  -6.9087874E-05  -3.5228590E-05  -7.4262935E-05  -5.8711827E-03   7.6899545E-03   7.4923404E-03   1.6499285E-03  -5.5802066E+01   1.0770897E+01   1.6741119E+02  -7.8799928E+01   2.6425964E+00   3.3548021E-01  -1.0338486E+00   3.9975818E-01  -6.8213542E+00   3.6618497E-03  -2.3135969E-01   5.3618268E-01   1.5847208E-02   1.3923916E-03  -7.3076267E-03   3.6938891E-03   1.7703056E-03
 -1.2870643E-04   3.9365549E-04  -2.7882442E-05  -2.0550562E-04  -1.1427938E-02  -4.1988147E-04  -6.1864131E-03   5.8321991E-04   2.9786984E+01   6.2166097E+00  -7.8799928E+01   4.9348631E+01   1.6377826E+00  -4.5280577E-02   7.1334278E-01  -2.7563579E-01  -2.7359920E+00  -1.4805333E-02   1.3748544E-01  -4.3290306E-01  -1.1156557E-01  -3.7994227E-04   2.9222883E-03  -1.1803323E-03   9.5128805E-04
  8.2650007E-06  -2.3385401E-05  -4.9981549E-06   6.7893970E-05   1.0342029E-03   2.0482977E-04   5.4442234E-04   7.5421263E-05  -2.5315949E+01   4.4724598E-02   2.6425964E+00   1.6377826E+00   4.2937954E+00   1.0472782E-01   1.5935450E-01  -2.2317243E-02  -3.4707561E+00  -6.3100419E-03  -7.6160455E-03   1.1171855E-02   5.6451986E-02   4.3270012E-04  -1.8598879E-04  -2.1530582E-04  -2.6828941E-04
  6.9540238E-07  -1.2714561E-06  -5.9973135E-08   8.7231418E-06   5.5075900E-05   4.5624898E-05   6.1164909E-05   2.6580421E-06  -8.7423430E-01   6.7675525E-03   3.3548021E-01  -4.5280577E-02   1.0472782E-01   1.7156591E-02  -1.7117178E-02   1.3060729E-02  -1.0546515E-01  -2.2284252E-04  -1.0567484E-03  -2.3995371E-03   5.7549122E-03   1.6711432E-05  -3.5923281E-05   6.5665108E-06   1.0550213E-05
 -2.5673601E-06   5.5705193E-06  -5.3126909E-08  -4.1404926E-06  -2.7420762E-04  -2.4314781E-05  -9.6052114E-05   1.4549634E-05  -3.1674469E-01   3.9949271E-01  -1.0338486E+00   7.1334278E-01   1.5935450E-01  -1.7117178E-02   6.9394411E-02   3.2487072E-03  -1.5197706E-01   3.3126866E-04   6.7532086E-03  -4.7339466E-04  -1.8221641E-02  -1.1432640E-05   9.1720360E-05  -3.6398435E-05  -1.4295586E-05
  1.0033488E-06  -4.9088798E-07   1.0473405E-06   2.4405611E-06   1.2093876E-04   5.6372016E-05   7.1233822E-05   8.0776099E-06  -5.0908825E-01   8.7228087E-01   3.9975818E-01  -2.7563579E-01  -2.2317243E-02   1.3060729E-02   3.2487072E-03   8.2481509E-02   2.7260072E-02   3.4266033E-04   9.0892732E-04   1.2581259E-03   1.5214950E-03   5.2090346E-06  -1.1470622E-05  -7.7496531E-06   6.9741264E-06
 -2.2949029E-05   1.0400578E-04   4.1208635E-06  -1.0722889E-04  -3.6671915E-03  -8.2624672E-04  -2.2318684E-03  -6.7829085E-05   1.1976168E+01  -8.3732957E+00  -6.8213542E+00  -2.7359920E+00  -3.4707561E+00  -1.0546515E-01  -1.5197706E-01   2.7260072E-02   7.1494560E+00   2.3218946E-03   5.5645381E-03  -1.1886574E-03  -4.6926912E-02  -3.3062447E-04   6.7702592E-05  -6.4035465E-05  -6.6419619E-05
  8.8558010E-07  -3.7461308E-06  -2.2008010E-07   1.7805108E-05  -9.7227389E-06   5.9624507E-06   4.4679506E-05   1.0932064E-06  -2.6752345E-01  -6.2933253E-02   3.6618497E-03  -1.4805333E-02  -6.3100419E-03  -2.2284252E-04   3.3126866E-04   3.4266033E-04   2.3218946E-03   3.9193479E-02   2.7827969E-03   3.0211119E-04   3.2044719E-04   3.2822102E-05   4.8644584E-07  -2.4200859E-05  -4.3431512E-05
 -1.3584251E-07  -1.8268377E-06   5.6294838E-07   2.0237708E-05   1.5753127E-04  -5.7619769E-05  -9.6562436E-06  -1.7088976E-07   2.4052956E-01  -2.3949730E-01  -2.3135969E-01   1.3748544E-01  -7.6160455E-03  -1.0567484E-03   6.7532086E-03   9.0892732E-04   5.5645381E-03   2.7827969E-03   3.0116614E-02  -9.3492723E-04   4.4008382E-03  -8.0593354E-05  -4.9134369E-05  -8.4431850E-05  -8.4010013E-05
  4.7624444E-07  -2.0808284E-06   3.4874832E-07  -3.8691394E-06   2.0870566E-05  -8.2043530E-07   3.6388293E-05   8.8658976E-07  -2.9796931E-01   3.1966401E-02   5.3618268E-01  -4.3290306E-01   1.1171855E-02  -2.3995371E-03  -4.7339466E-04   1.2581259E-03  -1.1886574E-03   3.0211119E-04  -9.3492723E-04   1.0177777E-02   8.0032284E-03   2.5375076E-06   6.0254581E-05   1.0115294E-05  -1.2584622E-05
 -3.3662422E-07   1.7218509E-06  -1.0416515E-07  -3.1062345E-06   7.4110359E-05  -4.3377389E-05  -1.0946987E-05  -1.5694338E-05  -2.5017156E-01   5.7462410E-02   1.5847208E-02  -1.1156557E-01   5.6451986E-02   5.7549122E-03  -1.8221641E-02   1.5214950E-03  -4.6926912E-02   3.2044719E-04   4.4008382E-03   8.0032284E-03   2.5613446E-02  -2.2067408E-06   5.3964987E-05  -1.3540141E-05  -1.0824321E-05
  4.7199275E-10   7.9566814E-09   4.6529001E-10   4.0377771E-08  -1.9431831E-06   7.5143666E-07  -4.0775353E-07   1.0068271E-08   6.5542460E-03   7.3837714E-04   1.3923916E-03  -3.7994227E-04   4.3270012E-04   1.6711432E-05  -1.1432640E-05   5.2090346E-06  -3.3062447E-04   3.2822102E-05  -8.0593354E-05   2.5375076E-06  -2.2067408E-06   1.0872789E-06   6.1548035E-08   4.3598292E-07   6.8655976E-07
 -1.0446549E-08   4.6021447E-08  -7.0997748E-10   2.0914380E-08  -1.8464629E-06  -1.7753286E-08  -2.6908977E-07  -9.7568181E-08   2.1660351E-03   3.7325667E-04  -7.3076267E-03   2.9222883E-03  -1.8598879E-04  -3.5923281E-05   9.1720360E-05  -1.1470622E-05   6.7702592E-05   4.8644584E-07  -4.9134369E-05   6.0254581E-05   5.3964987E-05   6.1548035E-08   2.3987003E-06   2.3087906E-07   1.1255936E-07
 -1.5642437E-07   4.0944083E-07  -1.0982285E-07  -2.0579472E-06  -2.8790985E-05  -2.0553733E-06  -1.5838480E-06   2.3980868E-07   3.0287467E-03   2.7290454E-03   3.6938891E-03  -1.1803323E-03  -2.1530582E-04   6.5665108E-06  -3.6398435E-05  -7.7496531E-06  -6.4035465E-05  -2.4200859E-05  -8.4431850E-05   1.0115294E-05  -1.3540141E-05   4.3598292E-07   2.3087906E-07   2.5439733E-05   9.1520654E-06
 -2.8099696E-07  -1.1089275E-07  -1.5350253E-08  -8.6112809E-07  -1.6877563E-05   1.1035551E-06  -4.0229205E-06   2.4397758E-07   9.5658496E-03   5.1912692E-03   1.7703056E-03   9.5128805E-04  -2.6828941E-04   1.0550213E-05  -1.4295586E-05   6.9741264E-06  -6.6419619E-05  -4.3431512E-05  -8.4010013E-05  -1.2584622E-05  -1.0824321E-05   6.8655976E-07   1.1255936E-07   9.1520654E-06   2.4278583E-05
