# omegabh2 omegach2 theta tau Alens logA ns acib217 xi asz143 aps100 aps143 aps143217 aps217 aksz kgal100 kgal143 kgal143217 kgal217 galfEE100 galfEE100143 galfEE100217 galfEE143 galfEE143217 galfEE217 galfTE100 galfTE100143 galfTE100217 galfTE143 galfTE143217 galfTE217 cal0 cal2 calPlanck
    0.3206124E-07   -0.1994208E-06    0.2728457E-07   -0.1446596E-07    0.6007328E-05   -0.4049415E-06    0.5506802E-06   -0.1852354E-03    0.4383952E-05    0.3843993E-04   -0.7990091E-03   -0.3614512E-03   -0.4374116E-04    0.8544611E-04   -0.6277386E-04    0.1885388E-05   -0.9921784E-05   -0.2994792E-04   -0.7838563E-05    0.5861272E-07    0.6906611E-07    0.7064775E-07    0.8590026E-07    0.2642131E-07    0.2563905E-06   -0.5001497E-07   -0.1124065E-06   -0.6709544E-07   -0.4249082E-06   -0.7280163E-06   -0.3646514E-05    0.3196344E-08   -0.1764339E-07    0.6940213E-10
   -0.1994208E-06    0.2682173E-05   -0.2526692E-06   -0.7683420E-06   -0.5707908E-04    0.4827132E-05   -0.7022721E-05    0.1049882E-02   -0.2468151E-04   -0.2509018E-03    0.5500902E-02    0.2483935E-02    0.4857045E-03   -0.3201294E-03    0.3862451E-03   -0.1801503E-04    0.2715403E-04    0.1892648E-03    0.1844135E-03   -0.9177374E-06   -0.1034010E-05   -0.5699916E-06   -0.1138448E-05    0.9198151E-06    0.1788081E-05    0.7137866E-06    0.5635701E-06    0.3088594E-06    0.2600509E-05    0.5285851E-05    0.2557988E-04    0.3879726E-09    0.1239902E-06    0.1305682E-07
    0.2728457E-07   -0.2526692E-06    0.1108294E-06    0.1750580E-06    0.5956055E-05   -0.1850347E-06    0.7877597E-06   -0.8805135E-04    0.1379145E-05    0.3130040E-04   -0.5875470E-03   -0.2419000E-03   -0.3474754E-04    0.2616841E-04   -0.4985260E-04    0.3803130E-05    0.2180028E-06   -0.1678521E-04   -0.2180047E-04    0.6782837E-07    0.9352422E-07    0.7390260E-07    0.1199155E-06   -0.2859260E-06   -0.9098568E-07   -0.2035410E-06   -0.2116545E-06   -0.2187600E-06   -0.4644859E-06   -0.8136188E-06   -0.3411865E-05   -0.8346850E-09   -0.1095491E-07   -0.1392888E-07
   -0.1446596E-07   -0.7683420E-06    0.1750580E-06    0.3857190E-03   -0.8590759E-03    0.7683910E-03    0.6594438E-05   -0.8117536E-03    0.1786290E-04    0.3355875E-03   -0.7044002E-02   -0.3106606E-02   -0.9804757E-03   -0.1514149E-02   -0.2752429E-04   -0.2022499E-03   -0.5843729E-03   -0.1886837E-04    0.8123020E-03   -0.2341451E-05   -0.1029479E-05   -0.1144665E-05   -0.1083517E-05    0.1142635E-04   -0.1116862E-04   -0.6595963E-05   -0.4150565E-05   -0.1176449E-04    0.6582891E-06   -0.1848397E-04   -0.4382493E-04    0.8572485E-07    0.6222771E-07    0.4560832E-06
    0.6007328E-05   -0.5707908E-04    0.5956055E-05   -0.8590759E-03    0.5668504E-02   -0.1863706E-02    0.1634108E-03   -0.6463997E-01    0.1611553E-02    0.9822303E-02   -0.2572296E+00   -0.9141145E-01    0.4828291E-02    0.4951050E-01   -0.2164524E-01    0.1846400E-03   -0.1211392E-02   -0.1206676E-01   -0.9034619E-02    0.2490057E-04    0.2314605E-04    0.1459971E-04    0.2451894E-04   -0.5717273E-04    0.4416140E-05    0.2730284E-05    0.9797247E-05    0.2385140E-04   -0.8125584E-04   -0.1260862E-03   -0.5736603E-03    0.1546282E-06   -0.7848597E-05   -0.1314583E-04
   -0.4049415E-06    0.4827132E-05   -0.1850347E-06    0.7683910E-03   -0.1863706E-02    0.1573938E-02   -0.4790931E-05    0.3901634E-03    0.2711319E-04    0.1331185E-03    0.1281282E-02    0.2798309E-03    0.1477701E-02    0.1933601E-02    0.1052379E-03   -0.7657723E-03   -0.1622897E-02   -0.2237984E-03    0.3494376E-02   -0.6153090E-05   -0.4361998E-05   -0.4923719E-05   -0.3679458E-05    0.2395943E-04   -0.1824932E-04   -0.1094300E-04   -0.9243528E-05   -0.2499993E-04    0.3370411E-05   -0.2738048E-04   -0.1241924E-04    0.3207525E-06    0.2413878E-06    0.1329602E-04
    0.5506802E-06   -0.7022721E-05    0.7877597E-06    0.6594438E-05    0.1634108E-03   -0.4790931E-05    0.2794816E-04   -0.7084597E-02    0.1943519E-03    0.1442558E-02   -0.3580182E-01   -0.1080207E-01    0.2172816E-02    0.6474553E-02   -0.2910794E-02    0.4110243E-03   -0.1942315E-03   -0.9245343E-03    0.4014877E-05    0.3426159E-05    0.4403944E-05    0.2270348E-05    0.4549756E-05   -0.2453090E-05   -0.1075117E-05   -0.3311132E-05   -0.1130297E-05   -0.2303239E-05   -0.6561703E-05   -0.1709979E-04   -0.7342585E-04   -0.1545473E-06   -0.6713388E-06    0.1349545E-06
   -0.1852354E-03    0.1049882E-02   -0.8805135E-04   -0.8117536E-03   -0.6463997E-01    0.3901634E-03   -0.7084597E-02    0.4358427E+02   -0.5016111E+00   -0.1857590E+01    0.4607431E+02    0.7759344E+00   -0.2159447E+02   -0.6126750E+02    0.7411937E+00   -0.7266233E-01    0.2142879E+00   -0.1922049E+01   -0.1837524E+02   -0.3116484E-03   -0.5462666E-03   -0.3902475E-02   -0.7320103E-03    0.7570037E-03    0.8309555E-02    0.3507011E-02    0.5299823E-02    0.9612355E-02    0.3616518E-02    0.1502741E-02    0.7843417E-02   -0.3676899E-03    0.4371813E-02    0.7190243E-03
    0.4383952E-05   -0.2468151E-04    0.1379145E-05    0.1786290E-04    0.1611553E-02    0.2711319E-04    0.1943519E-03   -0.5016111E+00    0.8001363E-01   -0.6238707E-01   -0.6400395E+00    0.9884752E+00    0.1909743E+01    0.7957389E+00    0.4599787E-01    0.8582075E-02    0.7122067E-02    0.9976756E-01    0.9831666E-01    0.3974416E-05    0.1581046E-04    0.1116319E-03    0.2423256E-04    0.7820717E-04   -0.1717251E-03   -0.8525598E-04    0.1069906E-04   -0.4034179E-04    0.1351678E-04   -0.1684183E-03   -0.5318617E-03    0.9959508E-05   -0.1771903E-04   -0.3055018E-05
    0.3843993E-04   -0.2509018E-03    0.3130040E-04    0.3355875E-03    0.9822303E-02    0.1331185E-03    0.1442558E-02   -0.1857590E+01   -0.6238707E-01    0.3528553E+01   -0.2874310E+02   -0.4041030E+01    0.7140610E+01    0.6320489E+01   -0.2250418E+01   -0.1286609E+00    0.3704014E-01    0.2260173E+01    0.2145948E+01    0.1760410E-03    0.1383488E-03    0.6793104E-03    0.3543331E-04   -0.5850084E-03   -0.7528780E-03   -0.8301603E-03   -0.1607594E-03    0.4245764E-03    0.1027882E-03   -0.2224235E-02   -0.7537187E-02    0.1714091E-03   -0.3392114E-03    0.7280963E-06
   -0.7990091E-03    0.5500902E-02   -0.5875470E-03   -0.7044002E-02   -0.2572296E+00    0.1281282E-02   -0.3580182E-01    0.4607431E+02   -0.6400395E+00   -0.2874310E+02    0.7808028E+03    0.7188640E+02   -0.6029658E+02   -0.7296488E+02    0.1216753E+02   -0.3970593E+01    0.3290020E+01   -0.1084375E+02   -0.1583937E+02   -0.3494346E-02   -0.5323820E-02   -0.4026943E-02   -0.5031935E-02    0.4971295E-02   -0.1745485E-01    0.1327365E-01    0.4446759E-02    0.2169314E-02    0.1193148E-01    0.3260577E-01    0.1330504E+00    0.6050574E-02    0.4458734E-02    0.3199416E-02
   -0.3614512E-03    0.2483935E-02   -0.2419000E-03   -0.3106606E-02   -0.9141145E-01    0.2798309E-03   -0.1080207E-01    0.7759344E+00    0.9884752E+00   -0.4041030E+01    0.7188640E+02    0.6084341E+02    0.4356236E+02    0.1679777E+02   -0.3692941E+01   -0.1353527E+00   -0.9809089E+00    0.3935568E+01    0.4004507E+01   -0.1205697E-02   -0.1642927E-02   -0.5309609E-03   -0.2006288E-02    0.3032479E-02   -0.4421137E-02    0.2100631E-02    0.3390323E-02   -0.1664103E-02    0.8577692E-02    0.1070795E-01    0.5351114E-01    0.1493091E-03    0.2830218E-03    0.2865403E-03
   -0.4374116E-04    0.4857045E-03   -0.3474754E-04   -0.9804757E-03    0.4828291E-02    0.1477701E-02    0.2172816E-02   -0.2159447E+02    0.1909743E+01    0.7140610E+01   -0.6029658E+02    0.4356236E+02    0.9749294E+02    0.6526401E+02   -0.1040939E+02   -0.2316477E+00   -0.2886436E+00    0.4803763E+01    0.5533676E+01   -0.8280728E-04   -0.1749474E-03    0.5979625E-02   -0.6235860E-03    0.6058218E-03   -0.8027597E-02   -0.1152302E-02    0.5370506E-03    0.2045168E-02    0.3880457E-02   -0.1911154E-02   -0.6258566E-02    0.7740144E-03   -0.2411688E-02    0.1033732E-03
    0.8544611E-04   -0.3201294E-03    0.2616841E-04   -0.1514149E-02    0.4951050E-01    0.1933601E-02    0.6474553E-02   -0.6126750E+02    0.7957389E+00    0.6320489E+01   -0.7296488E+02    0.1679777E+02    0.6526401E+02    0.1199507E+03   -0.9103564E+01   -0.2388777E+00   -0.5130741E+00   -0.7334443E+00    0.1486374E+02    0.3708735E-03    0.2770231E-03    0.5435847E-02    0.1742922E-03   -0.2561215E-02   -0.1448902E-01   -0.4024894E-02   -0.6260620E-02   -0.9550803E-02   -0.2433018E-02   -0.1112132E-03    0.7354399E-02    0.7566638E-03   -0.7637845E-02    0.1171502E-02
   -0.6277386E-04    0.3862451E-03   -0.4985260E-04   -0.2752429E-04   -0.2164524E-01    0.1052379E-03   -0.2910794E-02    0.7411937E+00    0.4599787E-01   -0.2250418E+01    0.1216753E+02   -0.3692941E+01   -0.1040939E+02   -0.9103564E+01    0.5079581E+01    0.7437437E-01   -0.5811707E-01   -0.1699994E+01   -0.1538198E+01   -0.3300022E-03   -0.2330406E-03   -0.2445790E-03   -0.8746199E-04    0.8317645E-03    0.1084726E-03   -0.1444438E-03   -0.4345340E-03    0.4192084E-03   -0.3426636E-03    0.2892156E-02    0.6453824E-02   -0.8855202E-04    0.1682673E-03    0.2201646E-04
    0.1885388E-05   -0.1801503E-04    0.3803130E-05   -0.2022499E-03    0.1846400E-03   -0.7657723E-03    0.4110243E-03   -0.7266233E-01    0.8582075E-02   -0.1286609E+00   -0.3970593E+01   -0.1353527E+00   -0.2316477E+00   -0.2388777E+00    0.7437437E-01    0.3537061E+01    0.4080132E+00    0.1373073E+00    0.2209711E+00    0.1770395E-04    0.1044386E-03   -0.2629096E-03    0.2635615E-03    0.2365162E-03    0.1107073E-02   -0.1443223E-03    0.2727755E-03    0.8450326E-03   -0.1069034E-02    0.9206641E-03   -0.7414519E-02    0.3170052E-03    0.1522925E-04   -0.2758042E-04
   -0.9921784E-05    0.2715403E-04    0.2180028E-06   -0.5843729E-03   -0.1211392E-02   -0.1622897E-02   -0.1942315E-03    0.2142879E+00    0.7122067E-02    0.3704014E-01    0.3290020E+01   -0.9809089E+00   -0.2886436E+00   -0.5130741E+00   -0.5811707E-01    0.4080132E+00    0.3356709E+01    0.2551208E+01    0.1686555E+01    0.5575676E-04   -0.9620907E-04    0.6804961E-03    0.7945826E-04    0.7362218E-04    0.1800571E-02    0.9159575E-03    0.1820012E-03    0.4785592E-03    0.2051872E-03    0.7538379E-03   -0.2087681E-02   -0.2821789E-03   -0.1893642E-03    0.1012315E-04
   -0.2994792E-04    0.1892648E-03   -0.1678521E-04   -0.1886837E-04   -0.1206676E-01   -0.2237984E-03   -0.9245343E-03   -0.1922049E+01    0.9976756E-01    0.2260173E+01   -0.1084375E+02    0.3935568E+01    0.4803763E+01   -0.7334443E+00   -0.1699994E+01    0.1373073E+00    0.2551208E+01    0.1715377E+02    0.2577219E+02   -0.2425644E-04   -0.5416243E-03    0.1737369E-02   -0.4129269E-03   -0.5224082E-03   -0.2998055E-02   -0.1060065E-02    0.1025249E-02   -0.8747758E-02    0.5629050E-02   -0.6298936E-03   -0.6828566E-02    0.6152300E-05    0.2569357E-02   -0.6486433E-04
   -0.7838563E-05    0.1844135E-03   -0.2180047E-04    0.8123020E-03   -0.9034619E-02    0.3494376E-02    0.4014877E-05   -0.1837524E+02    0.9831666E-01    0.2145948E+01   -0.1583937E+02    0.4004507E+01    0.5533676E+01    0.1486374E+02   -0.1538198E+01    0.2209711E+00    0.1686555E+01    0.2577219E+02    0.5491271E+02   -0.6886275E-04   -0.5585394E-03    0.4401224E-02   -0.2120485E-03   -0.1021415E-02   -0.8308079E-02   -0.2738321E-02   -0.1294441E-02   -0.1760636E-01    0.7630071E-02   -0.8736311E-03   -0.1541847E-01    0.1243192E-03    0.4606363E-02    0.7108496E-03
    0.5861272E-07   -0.9177374E-06    0.6782837E-07   -0.2341451E-05    0.2490057E-04   -0.6153090E-05    0.3426159E-05   -0.3116484E-03    0.3974416E-05    0.1760410E-03   -0.3494346E-02   -0.1205697E-02   -0.8280728E-04    0.3708735E-03   -0.3300022E-03    0.1770395E-04    0.5575676E-04   -0.2425644E-04   -0.6886275E-04    0.3221823E-04    0.8767269E-05    0.2804208E-05    0.3114929E-05   -0.3185096E-05   -0.2386339E-05   -0.3827479E-05   -0.1539499E-05   -0.5633059E-05    0.2877508E-05   -0.1262186E-05    0.4410628E-06   -0.4422596E-07   -0.2855317E-07    0.5963329E-06
    0.6906611E-07   -0.1034010E-05    0.9352422E-07   -0.1029479E-05    0.2314605E-04   -0.4361998E-05    0.4403944E-05   -0.5462666E-03    0.1581046E-04    0.1383488E-03   -0.5323820E-02   -0.1642927E-02   -0.1749474E-03    0.2770231E-03   -0.2330406E-03    0.1044386E-03   -0.9620907E-04   -0.5416243E-03   -0.5585394E-03    0.8767269E-05    0.2536812E-04    0.2448746E-05    0.1219348E-04    0.1531288E-05    0.4468446E-05    0.1573767E-06   -0.1968022E-05   -0.3801708E-05   -0.1762014E-05    0.8044027E-06    0.1666143E-04   -0.8180250E-07   -0.7885240E-07    0.4218147E-06
    0.7064775E-07   -0.5699916E-06    0.7390260E-07   -0.1144665E-05    0.1459971E-04   -0.4923719E-05    0.2270348E-05   -0.3902475E-02    0.1116319E-03    0.6793104E-03   -0.4026943E-02   -0.5309609E-03    0.5979625E-02    0.5435847E-02   -0.2445790E-03   -0.2629096E-03    0.6804961E-03    0.1737369E-02    0.4401224E-02    0.2804208E-05    0.2448746E-05    0.1045486E-02    0.2775166E-05    0.1137095E-04    0.2293141E-04   -0.2916552E-05   -0.5821992E-05   -0.2050455E-05    0.1075922E-04   -0.1564727E-04   -0.7984246E-04   -0.9353669E-07    0.8323608E-07   -0.3346032E-06
    0.8590026E-07   -0.1138448E-05    0.1199155E-06   -0.1083517E-05    0.2451894E-04   -0.3679458E-05    0.4549756E-05   -0.7320103E-03    0.2423256E-04    0.3543331E-04   -0.5031935E-02   -0.2006288E-02   -0.6235860E-03    0.1742922E-03   -0.8746199E-04    0.2635615E-03    0.7945826E-04   -0.4129269E-03   -0.2120485E-03    0.3114929E-05    0.1219348E-04    0.2775166E-05    0.4747165E-04    0.1442267E-05    0.1779305E-05   -0.4650521E-06   -0.3378531E-05    0.7406519E-06   -0.5356320E-05   -0.7618006E-05   -0.7274458E-05   -0.5074498E-07   -0.1073335E-06    0.9372207E-06
    0.2642131E-07    0.9198151E-06   -0.2859260E-06    0.1142635E-04   -0.5717273E-04    0.2395943E-04   -0.2453090E-05    0.7570037E-03    0.7820717E-04   -0.5850084E-03    0.4971295E-02    0.3032479E-02    0.6058218E-03   -0.2561215E-02    0.8317645E-03    0.2365162E-03    0.7362218E-04   -0.5224082E-03   -0.1021415E-02   -0.3185096E-05    0.1531288E-05    0.1137095E-04    0.1442267E-05    0.2163366E-02    0.9258361E-04    0.1142998E-04    0.1077148E-04    0.1923390E-04    0.2339360E-05   -0.5688274E-05   -0.2732347E-04    0.2220780E-06   -0.2008611E-06   -0.1209801E-06
    0.2563905E-06    0.1788081E-05   -0.9098568E-07   -0.1116862E-04    0.4416140E-05   -0.1824932E-04   -0.1075117E-05    0.8309555E-02   -0.1717251E-03   -0.7528780E-03   -0.1745485E-01   -0.4421137E-02   -0.8027597E-02   -0.1448902E-01    0.1084726E-03    0.1107073E-02    0.1800571E-02   -0.2998055E-02   -0.8308079E-02   -0.2386339E-05    0.4468446E-05    0.2293141E-04    0.1779305E-05    0.9258361E-04    0.1695850E-01   -0.1268266E-04   -0.1129591E-04   -0.1334591E-03   -0.7376819E-05   -0.8584473E-04    0.2997478E-03   -0.2544551E-06   -0.2758974E-06    0.1397308E-05
   -0.5001497E-07    0.7137866E-06   -0.2035410E-06   -0.6595963E-05    0.2730284E-05   -0.1094300E-04   -0.3311132E-05    0.3507011E-02   -0.8525598E-04   -0.8301603E-03    0.1327365E-01    0.2100631E-02   -0.1152302E-02   -0.4024894E-02   -0.1444438E-03   -0.1443223E-03    0.9159575E-03   -0.1060065E-02   -0.2738321E-02   -0.3827479E-05    0.1573767E-06   -0.2916552E-05   -0.4650521E-06    0.1142998E-04   -0.1268266E-04    0.1418916E-02    0.2975539E-03    0.1492039E-03   -0.3905195E-03   -0.9653764E-04   -0.1013794E-03    0.1509341E-06   -0.6236101E-07    0.1213040E-06
   -0.1124065E-06    0.5635701E-06   -0.2116545E-06   -0.4150565E-05    0.9797247E-05   -0.9243528E-05   -0.1130297E-05    0.5299823E-02    0.1069906E-04   -0.1607594E-03    0.4446759E-02    0.3390323E-02    0.5370506E-03   -0.6260620E-02   -0.4345340E-03    0.2727755E-03    0.1820012E-03    0.1025249E-02   -0.1294441E-02   -0.1539499E-05   -0.1968022E-05   -0.5821992E-05   -0.3378531E-05    0.1077148E-04   -0.1129591E-04    0.2975539E-03    0.8457233E-03    0.6948714E-04    0.7211016E-03    0.5967901E-04   -0.6134070E-03   -0.1813468E-06    0.5444868E-06   -0.5971487E-06
   -0.6709544E-07    0.3088594E-06   -0.2187600E-06   -0.1176449E-04    0.2385140E-04   -0.2499993E-04   -0.2303239E-05    0.9612355E-02   -0.4034179E-04    0.4245764E-03    0.2169314E-02   -0.1664103E-02    0.2045168E-02   -0.9550803E-02    0.4192084E-03    0.8450326E-03    0.4785592E-03   -0.8747758E-02   -0.1760636E-01   -0.5633059E-05   -0.3801708E-05   -0.2050455E-05    0.7406519E-06    0.1923390E-04   -0.1334591E-03    0.1492039E-03    0.6948714E-04    0.7105289E-02   -0.3156668E-03    0.7073507E-03    0.4450113E-02   -0.7057095E-06   -0.9457057E-06   -0.3646994E-06
   -0.4249082E-06    0.2600509E-05   -0.4644859E-06    0.6582891E-06   -0.8125584E-04    0.3370411E-05   -0.6561703E-05    0.3616518E-02    0.1351678E-04    0.1027882E-03    0.1193148E-01    0.8577692E-02    0.3880457E-02   -0.2433018E-02   -0.3426636E-03   -0.1069034E-02    0.2051872E-03    0.5629050E-02    0.7630071E-02    0.2877508E-05   -0.1762014E-05    0.1075922E-04   -0.5356320E-05    0.2339360E-05   -0.7376819E-05   -0.3905195E-03    0.7211016E-03   -0.3156668E-03    0.2852134E-02    0.4576965E-03   -0.8468338E-03   -0.2818467E-06    0.1322328E-05   -0.1096126E-05
   -0.7280163E-06    0.5285851E-05   -0.8136188E-06   -0.1848397E-04   -0.1260862E-03   -0.2738048E-04   -0.1709979E-04    0.1502741E-02   -0.1684183E-03   -0.2224235E-02    0.3260577E-01    0.1070795E-01   -0.1911154E-02   -0.1112132E-03    0.2892156E-02    0.9206641E-03    0.7538379E-03   -0.6298936E-03   -0.8736311E-03   -0.1262186E-05    0.8044027E-06   -0.1564727E-04   -0.7618006E-05   -0.5688274E-05   -0.8584473E-04   -0.9653764E-04    0.5967901E-04    0.7073507E-03    0.4576965E-03    0.6350752E-02    0.7668728E-02   -0.2965062E-06    0.2638922E-06   -0.2383794E-06
   -0.3646514E-05    0.2557988E-04   -0.3411865E-05   -0.4382493E-04   -0.5736603E-03   -0.1241924E-04   -0.7342585E-04    0.7843417E-02   -0.5318617E-03   -0.7537187E-02    0.1330504E+00    0.5351114E-01   -0.6258566E-02    0.7354399E-02    0.6453824E-02   -0.7414519E-02   -0.2087681E-02   -0.6828566E-02   -0.1541847E-01    0.4410628E-06    0.1666143E-04   -0.7984246E-04   -0.7274458E-05   -0.2732347E-04    0.2997478E-03   -0.1013794E-03   -0.6134070E-03    0.4450113E-02   -0.8468338E-03    0.7668728E-02    0.6565957E-01    0.1211580E-06   -0.4933511E-05    0.1013099E-04
    0.3196344E-08    0.3879726E-09   -0.8346850E-09    0.8572485E-07    0.1546282E-06    0.3207525E-06   -0.1545473E-06   -0.3676899E-03    0.9959508E-05    0.1714091E-03    0.6050574E-02    0.1493091E-03    0.7740144E-03    0.7566638E-03   -0.8855202E-04    0.3170052E-03   -0.2821789E-03    0.6152300E-05    0.1243192E-03   -0.4422596E-07   -0.8180250E-07   -0.9353669E-07   -0.5074498E-07    0.2220780E-06   -0.2544551E-06    0.1509341E-06   -0.1813468E-06   -0.7057095E-06   -0.2818467E-06   -0.2965062E-06    0.1211580E-06    0.5966071E-06   -0.1142564E-07   -0.3540426E-07
   -0.1764339E-07    0.1239902E-06   -0.1095491E-07    0.6222771E-07   -0.7848597E-05    0.2413878E-06   -0.6713388E-06    0.4371813E-02   -0.1771903E-04   -0.3392114E-03    0.4458734E-02    0.2830218E-03   -0.2411688E-02   -0.7637845E-02    0.1682673E-03    0.1522925E-04   -0.1893642E-03    0.2569357E-02    0.4606363E-02   -0.2855317E-07   -0.7885240E-07    0.8323608E-07   -0.1073335E-06   -0.2008611E-06   -0.2758974E-06   -0.6236101E-07    0.5444868E-06   -0.9457057E-06    0.1322328E-05    0.2638922E-06   -0.4933511E-05   -0.1142564E-07    0.2086974E-05   -0.3121861E-07
    0.6940213E-10    0.1305682E-07   -0.1392888E-07    0.4560832E-06   -0.1314583E-04    0.1329602E-04    0.1349545E-06    0.7190243E-03   -0.3055018E-05    0.7280963E-06    0.3199416E-02    0.2865403E-03    0.1033732E-03    0.1171502E-02    0.2201646E-04   -0.2758042E-04    0.1012315E-04   -0.6486433E-04    0.7108496E-03    0.5963329E-06    0.4218147E-06   -0.3346032E-06    0.9372207E-06   -0.1209801E-06    0.1397308E-05    0.1213040E-06   -0.5971487E-06   -0.3646994E-06   -0.1096126E-05   -0.2383794E-06    0.1013099E-04   -0.3540426E-07   -0.3121861E-07    0.6159864E-05
