# omegabh2 omegach2 theta tau logA ns calPlanck galfTE100 galfTE100143 galfTE100217 galfTE143 galfTE143217 galfTE217 cal0
    0.5277184E-07   -0.8670288E-07    0.2014322E-07    0.3154991E-06    0.9289293E-06    0.1195407E-05   -0.1223762E-09   -0.2108399E-06   -0.1294651E-06   -0.3483166E-06   -0.3782373E-06   -0.1133670E-05   -0.4233508E-05    0.1691996E-08
   -0.8670288E-07    0.1667956E-05   -0.3972364E-07   -0.1144225E-04   -0.1952285E-04   -0.5367044E-05   -0.5680535E-07   -0.2869950E-06    0.1509302E-06    0.2800554E-05    0.2074948E-05    0.2797254E-05    0.9946676E-05   -0.1109444E-07
    0.2014322E-07   -0.3972364E-07    0.2254787E-06    0.1857689E-05    0.3976092E-05    0.4284536E-06   -0.1310207E-07   -0.2113754E-06   -0.1048732E-06    0.6607375E-08   -0.7338768E-06   -0.3664714E-06   -0.1536599E-05    0.4785133E-08
    0.3154991E-06   -0.1144225E-04    0.1857689E-05    0.2841231E-03    0.5026688E-03    0.3153988E-04   -0.6773628E-05   -0.2084447E-05    0.3302305E-05   -0.5470173E-05   -0.1460206E-04   -0.3042045E-04   -0.1096873E-03   -0.1578907E-07
    0.9289293E-06   -0.1952285E-04    0.3976092E-05    0.5026688E-03    0.9405884E-03    0.7081224E-04   -0.1270800E-05   -0.4000739E-05    0.6040418E-05   -0.6354727E-05   -0.1922856E-04   -0.5417156E-04   -0.1396455E-03    0.1974862E-06
    0.1195407E-05   -0.5367044E-05    0.4284536E-06    0.3153988E-04    0.7081224E-04    0.1052137E-03   -0.4564412E-06   -0.1639044E-04   -0.7589565E-05   -0.1712130E-04   -0.1428949E-04   -0.7910331E-05   -0.4292792E-04    0.3146774E-07
   -0.1223762E-09   -0.5680535E-07   -0.1310207E-07   -0.6773628E-05   -0.1270800E-05   -0.4564412E-06    0.6328892E-05    0.8358750E-06    0.9923308E-08   -0.1645745E-05    0.1663143E-05   -0.3186431E-05    0.1062240E-04   -0.3031922E-07
   -0.2108399E-06   -0.2869950E-06   -0.2113754E-06   -0.2084447E-05   -0.4000739E-05   -0.1639044E-04    0.8358750E-06    0.1438378E-02    0.2986910E-03    0.2586819E-04   -0.3895074E-03   -0.7905964E-04   -0.2907232E-03    0.2758830E-06
   -0.1294651E-06    0.1509302E-06   -0.1048732E-06    0.3302305E-05    0.6040418E-05   -0.7589565E-05    0.9923308E-08    0.2986910E-03    0.8450908E-03    0.9756647E-04    0.7101802E-03    0.9956849E-04   -0.7043069E-03   -0.1852343E-06
   -0.3483166E-06    0.2800554E-05    0.6607375E-08   -0.5470173E-05   -0.6354727E-05   -0.1712130E-04   -0.1645745E-05    0.2586819E-04    0.9756647E-04    0.7207567E-02   -0.2635591E-03    0.7266408E-03    0.4412905E-02   -0.9802452E-06
   -0.3782373E-06    0.2074948E-05   -0.7338768E-06   -0.1460206E-04   -0.1922856E-04   -0.1428949E-04    0.1663143E-05   -0.3895074E-03    0.7101802E-03   -0.2635591E-03    0.2855275E-02    0.4882373E-03   -0.4872385E-03   -0.1486480E-06
   -0.1133670E-05    0.2797254E-05   -0.3664714E-06   -0.3042045E-04   -0.5417156E-04   -0.7910331E-05   -0.3186431E-05   -0.7905964E-04    0.9956849E-04    0.7266408E-03    0.4882373E-03    0.6449445E-02    0.7323414E-02    0.2045530E-05
   -0.4233508E-05    0.9946676E-05   -0.1536599E-05   -0.1096873E-03   -0.1396455E-03   -0.4292792E-04    0.1062240E-04   -0.2907232E-03   -0.7043069E-03    0.4412905E-02   -0.4872385E-03    0.7323414E-02    0.6363968E-01    0.3437035E-05
    0.1691996E-08   -0.1109444E-07    0.4785133E-08   -0.1578907E-07    0.1974862E-06    0.3146774E-07   -0.3031922E-07    0.2758830E-06   -0.1852343E-06   -0.9802452E-06   -0.1486480E-06    0.2045530E-05    0.3437035E-05    0.1007574E-05
