# omegabh2 omegach2 theta tau mnu logA ns calPlanck acib217 xi asz143 aps100 aps143 aps143217 aps217 aksz kgal100 kgal143 kgal143217 kgal217 galfTE100 galfTE100143 galfTE100217 galfTE143 galfTE143217 galfTE217 cal0 cal2
  1.7799865E-08  -4.8113725E-08   1.0453412E-08   1.8572876E-07   3.6518663E-07   3.5967959E-07   1.5035062E-07   1.3747802E-08  -7.7735438E-05   2.0280323E-06   1.7725917E-05  -3.5360410E-04  -1.8170094E-04  -3.6845252E-05   1.5307097E-05  -3.0161602E-05  -9.5374720E-07  -9.4387505E-06  -9.8054674E-06   1.4660688E-05   3.9058351E-08  -2.0163463E-08   9.4004898E-08  -2.0062163E-07  -3.1579833E-07  -2.2536314E-06   1.5532749E-09  -1.0019975E-09
 -4.8113725E-08   8.2155104E-07  -4.4752135E-08  -2.4368352E-06  -4.5487899E-06  -3.3435437E-06  -1.8934062E-06  -1.8418350E-07   1.0306503E-04   2.3757341E-07  -4.7367368E-05   6.0618742E-04   5.0535757E-04   3.1502366E-04   1.4626204E-04   7.0168311E-05   2.1564201E-05   7.1730450E-06  -4.8906437E-05  -1.6639039E-04  -6.6337840E-08   1.2954074E-07   2.9752509E-08   2.2160463E-06   1.5776560E-06   6.7681345E-06   6.3687333E-10  -7.4372061E-09
  1.0453412E-08  -4.4752135E-08   8.7037165E-08   1.1052486E-07  -2.2746808E-07   2.5965278E-07   2.1332369E-07   2.4877390E-08  -6.3931566E-05   2.7297449E-06   3.6462869E-06  -1.9693999E-04  -1.8296982E-06   6.1725140E-05   9.2071891E-05   1.0175461E-05   1.9267785E-06   1.9330501E-06   4.8666350E-07   1.7801857E-05  -1.4668720E-07   1.1514660E-07   2.1369750E-07   2.3057871E-07  -2.5552541E-07  -2.5206089E-06  -1.7585427E-10   1.4977461E-10
  1.8572876E-07  -2.4368352E-06   1.1052486E-07   5.3980869E-05   4.6700707E-05   9.9022178E-05   8.3048864E-06  -1.2419545E-06  -1.4420724E-03   3.7288490E-06   3.6239151E-04  -6.8939730E-03  -4.2832196E-03  -2.0989857E-03  -4.7317137E-04  -7.9070045E-04  -3.5669980E-05  -8.1876877E-05  -2.4876801E-04   7.8915804E-05  -9.2876723E-07   7.4557618E-08   1.7960161E-05  -3.4335813E-06   1.0252964E-05   4.9482760E-05  -2.8299058E-08   6.3414885E-08
  3.6518663E-07  -4.5487899E-06  -2.2746808E-07   4.6700707E-05   1.2586797E-03   9.9215206E-05   9.1856937E-06   7.7611695E-06   6.6958036E-04   2.6437311E-04   1.0457735E-03   5.1560337E-03   2.4696626E-03   8.2793570E-03   4.5540253E-03  -5.9075760E-04  -4.0088643E-04  -1.0067260E-03  -8.9967054E-04  -2.1704491E-03  -1.8319289E-05   2.3841888E-06   2.8419106E-05   3.9762288E-05  -9.7925619E-05  -3.4069852E-04   3.3390476E-07   8.5703757E-08
  3.5967959E-07  -3.3435437E-06   2.5965278E-07   9.9022178E-05   9.9215206E-05   2.0990640E-04   1.1809795E-05   9.1752750E-06  -2.9421079E-03   7.5812429E-05   4.0827621E-04  -7.2603236E-03  -5.6706723E-03  -9.1045773E-04   4.6659208E-03  -1.9202078E-03  -2.4098193E-04  -7.3248613E-04  -1.2089503E-03   1.0164161E-03  -2.1938870E-06  -4.3208957E-07   4.1590620E-05  -1.2630931E-06   1.9325031E-05   1.1884024E-04   1.0757477E-07   7.4157923E-08
  1.5035062E-07  -1.8934062E-06   2.1332369E-07   8.3048864E-06   9.1856937E-06   1.1809795E-05   1.3228841E-05   4.0376653E-07  -4.1420756E-03   8.9131418E-05   8.3791348E-04  -2.1430658E-02  -6.1636395E-03   1.1127551E-03   4.5209336E-03  -2.0869938E-03   1.6960876E-04  -4.9318705E-04  -4.3235049E-04   1.1685167E-03  -3.5448779E-06  -4.3497236E-07   1.0745919E-07  -6.3962350E-06  -3.9948676E-06  -1.0072368E-05  -6.9931042E-08  -3.3942702E-08
  1.3747802E-08  -1.8418350E-07   2.4877390E-08  -1.2419545E-06   7.7611695E-06   9.1752750E-06   4.0376653E-07   6.0506113E-06   6.5806011E-04   1.2043715E-05  -6.4868021E-05   4.3912077E-03   8.2887303E-04   5.0372419E-04   1.1250558E-03   7.8954853E-05   2.1203362E-05  -3.7184350E-05  -3.6967988E-05   6.8577669E-04  -3.0980663E-07  -5.9981267E-07   2.4211108E-06   5.6356502E-07  -1.5801611E-06   7.1398606E-06   1.4393273E-08  -9.1653153E-09
 -7.7735438E-05   1.0306503E-04  -6.3931566E-05  -1.4420724E-03   6.6958036E-04  -2.9421079E-03  -4.1420756E-03   6.5806011E-04   4.5422048E+01  -4.2538743E-01  -5.7385091E-01   3.3989956E+01   1.1998655E+00  -1.2922814E+01  -5.5318803E+01  -5.9501350E-01   1.9451794E-01   8.1391060E-01  -6.0073420E+00  -3.4413030E+01   3.8681693E-04   1.3298626E-05  -1.1890361E-02  -5.0747417E-04  -3.5071922E-03   2.9366082E-02  -1.9150500E-04   6.3207486E-04
  2.0280323E-06   2.3757341E-07   2.7297449E-06   3.7288490E-06   2.6437311E-04   7.5812429E-05   8.9131418E-05   1.2043715E-05  -4.2538743E-01   8.0807265E-02  -4.1873104E-02  -5.4921248E-01   9.4600453E-01   1.7045866E+00   6.9034256E-01   4.1537415E-02  -1.7094994E-03   7.7003307E-03   1.1528414E-01   1.7855005E-01  -3.5827194E-04   3.5920700E-05  -1.4562160E-04   2.2888674E-04   5.0151216E-05  -7.9441959E-05   1.1754595E-06  -2.3827438E-06
  1.7725917E-05  -4.7367368E-05   3.6462869E-06   3.6239151E-04   1.0457735E-03   4.0827621E-04   8.3791348E-04  -6.4868021E-05  -5.7385091E-01  -4.1873104E-02   3.7953884E+00  -2.9519968E+01  -3.3772585E+00   7.1196814E+00   4.4711095E+00  -2.5212467E+00  -2.3753163E-01   1.8939477E-01   2.6117898E+00   3.1689256E+00  -1.4963749E-03   6.5022257E-04   1.8319080E-03   7.0046555E-04  -1.4061523E-03  -1.1679342E-02   1.0378395E-04  -3.1687755E-05
 -3.5360410E-04   6.0618742E-04  -1.9693999E-04  -6.8939730E-03   5.1560337E-03  -7.2603236E-03  -2.1430658E-02   4.3912077E-03   3.3989956E+01  -5.4921248E-01  -2.9519968E+01   7.6638476E+02   6.9411172E+01  -4.8862527E+01  -5.2170444E+01   1.1319781E+01  -6.3249062E+00   5.7517404E+00  -1.1829678E+01  -2.4365743E+01   3.1275965E-02  -5.8045203E-03   2.4958854E-02  -3.2895072E-03   2.2900153E-02   1.9439794E-01   3.8569514E-03   3.4331309E-04
 -1.8170094E-04   5.0535757E-04  -1.8296982E-06  -4.2832196E-03   2.4696626E-03  -5.6706723E-03  -6.1636395E-03   8.2887303E-04   1.1998655E+00   9.4600453E-01  -3.3772585E+00   6.9411172E+01   6.1531641E+01   4.0866421E+01   1.6284837E+01  -4.9360855E+00  -6.6490166E-01  -1.2668310E+00   3.2758872E+00   3.9497845E+00  -2.4145064E-03   1.0000486E-03   5.2669357E-03   7.5645457E-03   1.6554176E-03   2.9076561E-02  -3.3277805E-06   3.6033345E-05
 -3.6845252E-05   3.1502366E-04   6.1725140E-05  -2.0989857E-03   8.2793570E-03  -9.1045773E-04   1.1127551E-03   5.0372419E-04  -1.2922814E+01   1.7045866E+00   7.1196814E+00  -4.8862527E+01   4.0866421E+01   8.3902232E+01   5.1737411E+01  -1.1171740E+01  -1.0702648E+00  -6.2158902E-01   4.5106529E+00   7.7157981E+00  -1.2456650E-02   7.7896233E-04   8.0116272E-03   8.4878229E-03   7.4248378E-04   1.1074299E-02   3.3842067E-04  -4.1814474E-04
  1.5307097E-05   1.4626204E-04   9.2071891E-05  -4.7317137E-04   4.5540253E-03   4.6659208E-03   4.5209336E-03   1.1250558E-03  -5.5318803E+01   6.9034256E-01   4.4711095E+00  -5.2170444E+01   1.6284837E+01   5.1737411E+01   1.0230926E+02  -8.3067123E+00  -8.8797832E-01  -1.6074849E+00   5.0670282E+00   3.3494161E+01  -6.7081507E-03  -4.1321409E-04   2.2098743E-02   3.3552303E-03   6.6715510E-03  -1.3988434E-02   4.8281073E-04  -1.2724379E-03
 -3.0161602E-05   7.0168311E-05   1.0175461E-05  -7.9070045E-04  -5.9075760E-04  -1.9202078E-03  -2.0869938E-03   7.8954853E-05  -5.9501350E-01   4.1537415E-02  -2.5212467E+00   1.1319781E+01  -4.9360855E+00  -1.1171740E+01  -8.3067123E+00   5.6410505E+00   2.1567293E-01  -2.2139565E-01  -1.8808761E+00  -1.8230261E+00   2.1967313E-03  -4.1513873E-04  -2.0797579E-03   4.4116516E-04   1.3606002E-03  -1.4438896E-03  -7.6186393E-05   6.5145447E-06
 -9.5374720E-07   2.1564201E-05   1.9267785E-06  -3.5669980E-05  -4.0088643E-04  -2.4098193E-04   1.6960876E-04   2.1203362E-05   1.9451794E-01  -1.7094994E-03  -2.3753163E-01  -6.3249062E+00  -6.6490166E-01  -1.0702648E+00  -8.8797832E-01   2.1567293E-01   3.2927533E+00   5.3244557E-01   1.1796112E-01   1.7234422E-02   6.9533932E-04   7.0762867E-04   6.8713494E-04  -1.3869201E-03  -2.8640064E-05  -3.5280026E-03   1.8640132E-04  -6.4100714E-06
 -9.4387505E-06   7.1730450E-06   1.9330501E-06  -8.1876877E-05  -1.0067260E-03  -7.3248613E-04  -4.9318705E-04  -3.7184350E-05   8.1391060E-01   7.7003307E-03   1.8939477E-01   5.7517404E+00  -1.2668310E+00  -6.2158902E-01  -1.6074849E+00  -2.2139565E-01   5.3244557E-01   3.1811168E+00   2.7569101E+00   2.7436095E+00   2.7735063E-04  -7.2954910E-05  -2.5932480E-03  -1.1121750E-03  -2.5268403E-03  -1.8543669E-04  -1.8182939E-04  -1.9920107E-05
 -9.8054674E-06  -4.8906437E-05   4.8666350E-07  -2.4876801E-04  -8.9967054E-04  -1.2089503E-03  -4.3235049E-04  -3.6967988E-05  -6.0073420E+00   1.1528414E-01   2.6117898E+00  -1.1829678E+01   3.2758872E+00   4.5106529E+00   5.0670282E+00  -1.8808761E+00   1.1796112E-01   2.7569101E+00   1.1100952E+01   2.0027618E+01  -1.1722991E-03   1.1595824E-03  -2.6086986E-03   1.6063400E-03  -4.3257775E-03  -1.5645787E-02  -4.2618446E-05   4.4293160E-04
  1.4660688E-05  -1.6639039E-04   1.7801857E-05   7.8915804E-05  -2.1704491E-03   1.0164161E-03   1.1685167E-03   6.8577669E-04  -3.4413030E+01   1.7855005E-01   3.1689256E+00  -2.4365743E+01   3.9497845E+00   7.7157981E+00   3.3494161E+01  -1.8230261E+00   1.7234422E-02   2.7436095E+00   2.0027618E+01   5.5710047E+01  -9.7092188E-04   1.5246138E-03   5.5549653E-03   3.5092983E-03  -5.4270800E-03  -2.5492779E-02   1.0299626E-05   1.0300981E-03
  3.9058351E-08  -6.6337840E-08  -1.4668720E-07  -9.2876723E-07  -1.8319289E-05  -2.1938870E-06  -3.5448779E-06  -3.0980663E-07   3.8681693E-04  -3.5827194E-04  -1.4963749E-03   3.1275965E-02  -2.4145064E-03  -1.2456650E-02  -6.7081507E-03   2.1967313E-03   6.9533932E-04   2.7735063E-04  -1.1722991E-03  -9.7092188E-04   1.4941061E-03   2.9152231E-04   1.3676480E-04  -3.5370645E-04  -9.7397672E-05  -1.8623439E-04   6.6521340E-07  -7.9048079E-08
 -2.0163463E-08   1.2954074E-07   1.1514660E-07   7.4557618E-08   2.3841888E-06  -4.3208957E-07  -4.3497236E-07  -5.9981267E-07   1.3298626E-05   3.5920700E-05   6.5022257E-04  -5.8045203E-03   1.0000486E-03   7.7896233E-04  -4.1321409E-04  -4.1513873E-04   7.0762867E-04  -7.2954910E-05   1.1595824E-03   1.5246138E-03   2.9152231E-04   8.5636585E-04   3.0551447E-05   7.3325633E-04   4.0951978E-05  -7.0640224E-04   3.1749973E-07   1.7467172E-07
  9.4004898E-08   2.9752509E-08   2.1369750E-07   1.7960161E-05   2.8419106E-05   4.1590620E-05   1.0745919E-07   2.4211108E-06  -1.1890361E-02  -1.4562160E-04   1.8319080E-03   2.4958854E-02   5.2669357E-03   8.0116272E-03   2.2098743E-02  -2.0797579E-03   6.8713494E-04  -2.5932480E-03  -2.6086986E-03   5.5549653E-03   1.3676480E-04   3.0551447E-05   7.3920355E-03  -2.3928473E-04   6.5977115E-04   3.9827570E-03   6.4102951E-07  -7.0975204E-07
 -2.0062163E-07   2.2160463E-06   2.3057871E-07  -3.4335813E-06   3.9762288E-05  -1.2630931E-06  -6.3962350E-06   5.6356502E-07  -5.0747417E-04   2.2888674E-04   7.0046555E-04  -3.2895072E-03   7.5645457E-03   8.4878229E-03   3.3552303E-03   4.4116516E-04  -1.3869201E-03  -1.1121750E-03   1.6063400E-03   3.5092983E-03  -3.5370645E-04   7.3325633E-04  -2.3928473E-04   2.8720692E-03   4.8273759E-04  -9.0190626E-04  -6.2239053E-09   5.3758069E-08
 -3.1579833E-07   1.5776560E-06  -2.5552541E-07   1.0252964E-05  -9.7925619E-05   1.9325031E-05  -3.9948676E-06  -1.5801611E-06  -3.5071922E-03   5.0151216E-05  -1.4061523E-03   2.2900153E-02   1.6554176E-03   7.4248378E-04   6.6715510E-03   1.3606002E-03  -2.8640064E-05  -2.5268403E-03  -4.3257775E-03  -5.4270800E-03  -9.7397672E-05   4.0951978E-05   6.5977115E-04   4.8273759E-04   6.5549136E-03   8.3202714E-03   1.0275140E-06  -7.2992171E-07
 -2.2536314E-06   6.7681345E-06  -2.5206089E-06   4.9482760E-05  -3.4069852E-04   1.1884024E-04  -1.0072368E-05   7.1398606E-06   2.9366082E-02  -7.9441959E-05  -1.1679342E-02   1.9439794E-01   2.9076561E-02   1.1074299E-02  -1.3988434E-02  -1.4438896E-03  -3.5280026E-03  -1.8543669E-04  -1.5645787E-02  -2.5492779E-02  -1.8623439E-04  -7.0640224E-04   3.9827570E-03  -9.0190626E-04   8.3202714E-03   7.0681478E-02   3.5767047E-06   3.0967738E-06
  1.5532749E-09   6.3687333E-10  -1.7585427E-10  -2.8299058E-08   3.3390476E-07   1.0757477E-07  -6.9931042E-08   1.4393273E-08  -1.9150500E-04   1.1754595E-06   1.0378395E-04   3.8569514E-03  -3.3277805E-06   3.3842067E-04   4.8281073E-04  -7.6186393E-05   1.8640132E-04  -1.8182939E-04  -4.2618446E-05   1.0299626E-05   6.6521340E-07   3.1749973E-07   6.4102951E-07  -6.2239053E-09   1.0275140E-06   3.5767047E-06   3.8229044E-07  -4.2476613E-09
 -1.0019975E-09  -7.4372061E-09   1.4977461E-10   6.3414885E-08   8.5703757E-08   7.4157923E-08  -3.3942702E-08  -9.1653153E-09   6.3207486E-04  -2.3827438E-06  -3.1687755E-05   3.4331309E-04   3.6033345E-05  -4.1814474E-04  -1.2724379E-03   6.5145447E-06  -6.4100714E-06  -1.9920107E-05   4.4293160E-04   1.0300981E-03  -7.9048079E-08   1.7467172E-07  -7.0975204E-07   5.3758069E-08  -7.2992171E-07   3.0967738E-06  -4.2476613E-09   3.7298555E-07
