# omegabh2 omegach2 theta tau logA ns nrun calPlanck acib217 xi asz143 aps100 aps143 aps143217 aps217 aksz kgal100 kgal143 kgal143217 kgal217 galfEE100 galfEE100143 galfEE100217 galfEE143 galfEE143217 galfEE217 galfTE100 galfTE100143 galfTE100217 galfTE143 galfTE143217 galfTE217 cal0 cal2
    0.2155301E-07   -0.6537399E-07    0.1317444E-07    0.4981437E-06    0.9710888E-06    0.1588307E-06   -0.3373931E-06   -0.7685137E-09   -0.1557854E-04    0.7470262E-06    0.1004495E-04   -0.5905565E-05   -0.9036474E-04   -0.2794001E-04   -0.3303771E-04   -0.1387112E-04   -0.3132620E-05   -0.5729371E-06   -0.2336628E-05   -0.1461347E-04    0.4856062E-07    0.9068389E-07   -0.2779604E-06    0.1117668E-06    0.1842942E-06   -0.7171372E-06   -0.1584625E-06   -0.8396868E-07    0.4702052E-06   -0.4229984E-06   -0.9457399E-06   -0.1254156E-05    0.3765098E-08    0.8297489E-09
   -0.6537399E-07    0.1028553E-05   -0.7389050E-07   -0.6324109E-05   -0.1014421E-04   -0.2626605E-05   -0.1344952E-06   -0.3493556E-07    0.2288277E-03   -0.1326997E-04   -0.1099678E-03    0.6836093E-03    0.9132308E-03    0.2730912E-03    0.1896010E-03    0.8504071E-04   -0.8903923E-04    0.5922685E-05    0.4947553E-05    0.1423644E-03   -0.3614555E-06   -0.3402376E-06    0.4601286E-06   -0.4020039E-06    0.2908858E-06   -0.2409224E-05    0.2417620E-07   -0.3679719E-06   -0.3305628E-05    0.1273350E-05    0.1330726E-05    0.5224330E-05   -0.2733198E-07    0.3279298E-07
    0.1317444E-07   -0.7389050E-07    0.8382795E-07    0.8912147E-06    0.1725915E-05    0.3224205E-06   -0.1086429E-06    0.1519329E-07   -0.8773874E-04    0.1414736E-05    0.7459529E-05   -0.2202069E-04   -0.5522411E-04    0.2913127E-04    0.1226468E-03   -0.8966356E-05   -0.1086788E-04   -0.1588548E-04   -0.1196162E-04    0.2963621E-04   -0.5274914E-08    0.7286888E-07   -0.1004044E-06    0.6722207E-07    0.3342997E-06   -0.8184421E-06   -0.4943182E-07   -0.4322437E-06    0.1023258E-05   -0.5825209E-06   -0.3366395E-06   -0.1958302E-06    0.1533821E-08    0.2315585E-08
    0.4981437E-06   -0.6324109E-05    0.8912147E-06    0.1501188E-03    0.2738688E-03    0.2247446E-04   -0.6217360E-05   -0.4990135E-05   -0.1562033E-02    0.8995037E-04    0.1046992E-02   -0.1649980E-01   -0.7554832E-02   -0.1177214E-02   -0.1995585E-02   -0.1743568E-02    0.2818711E-03   -0.8554128E-03   -0.1131924E-02   -0.3419396E-02    0.1400423E-05    0.1517285E-06   -0.1294465E-04    0.4336928E-05    0.1113216E-04    0.4054655E-04   -0.4089349E-05   -0.1219203E-04   -0.1432883E-04   -0.2520499E-04   -0.2188688E-04   -0.3713522E-04   -0.3200682E-06   -0.1741969E-06
    0.9710888E-06   -0.1014421E-04    0.1725915E-05    0.2738688E-03    0.5321596E-03    0.3553646E-04   -0.2063200E-04    0.2894801E-05   -0.2676953E-02    0.2264872E-03    0.1399428E-02   -0.1880980E-01   -0.6778012E-02    0.3031502E-02    0.3145705E-02   -0.3286426E-02    0.1722876E-03   -0.1660794E-02   -0.1927068E-02   -0.4110374E-02    0.3315427E-05    0.6976669E-06   -0.2658315E-04    0.1068955E-04    0.1376008E-04    0.3567981E-04   -0.1543711E-04   -0.2758340E-04   -0.3926375E-04   -0.4461965E-04   -0.4251503E-04   -0.1501182E-04   -0.3946746E-06   -0.5118816E-06
    0.1588307E-06   -0.2626605E-05    0.3224205E-06    0.2247446E-04    0.3553646E-04    0.1715945E-04    0.7179367E-05    0.6940635E-07   -0.4981536E-02    0.1559954E-03    0.1300487E-02   -0.2638784E-01   -0.7019927E-02    0.3431810E-02    0.5879551E-02   -0.3226284E-02    0.4326278E-03   -0.4881912E-03   -0.9036387E-03   -0.3807164E-03    0.1287424E-05    0.1888560E-05    0.1813023E-06    0.2021218E-05    0.7815658E-06    0.2200596E-04   -0.4508453E-05   -0.2911438E-05    0.8557261E-05   -0.1022466E-04    0.1317793E-04    0.3378542E-05   -0.1063717E-06   -0.4677319E-06
   -0.3373931E-06   -0.1344952E-06   -0.1086429E-06   -0.6217360E-05   -0.2063200E-04    0.7179367E-05    0.4487354E-04    0.9514914E-06   -0.9208590E-02    0.1527474E-03    0.1750938E-02   -0.3125236E-01   -0.1051579E-01    0.2605536E-02    0.1013474E-01   -0.3810683E-02   -0.2203732E-03   -0.4310593E-03   -0.6598409E-03    0.2408917E-02   -0.3902812E-05   -0.4128776E-05   -0.5606031E-06   -0.4286983E-05   -0.1458617E-05    0.4159773E-04   -0.2692006E-05   -0.6210069E-05    0.2872327E-05    0.3778416E-05    0.4224806E-04    0.5287543E-04   -0.1264742E-06   -0.8219480E-06
   -0.7685137E-09   -0.3493556E-07    0.1519329E-07   -0.4990135E-05    0.2894801E-05    0.6940635E-07    0.9514914E-06    0.6494504E-05   -0.1425528E-03    0.2772626E-04   -0.4182049E-04    0.4365252E-02    0.1449231E-02    0.1338693E-02    0.2571279E-02   -0.2165883E-04    0.7132943E-04    0.2144371E-03    0.2732519E-03    0.1376637E-02    0.5856836E-06    0.3711511E-06    0.1687543E-05    0.1304404E-05   -0.3402721E-05   -0.1143451E-04   -0.4187301E-05   -0.1593498E-05   -0.1050044E-05    0.6811627E-06    0.6087869E-05    0.2568022E-04    0.4142570E-07   -0.1708424E-06
   -0.1557854E-04    0.2288277E-03   -0.8773874E-04   -0.1562033E-02   -0.2676953E-02   -0.4981536E-02   -0.9208590E-02   -0.1425528E-03    0.4507086E+02   -0.4900545E+00   -0.1609741E+01    0.4516984E+02   -0.1502112E+01   -0.2229758E+02   -0.6270089E+02    0.7883611E+00   -0.8876618E-02    0.3723692E+00   -0.1727034E+01   -0.1950110E+02    0.1648314E-02    0.4236599E-03    0.7170189E-02    0.2966022E-03   -0.9430325E-02   -0.1933957E-01    0.7106576E-02    0.1048972E-03    0.1292966E-01   -0.6900396E-02   -0.8130573E-02   -0.2773488E-01   -0.1878543E-03    0.4673107E-02
    0.7470262E-06   -0.1326997E-04    0.1414736E-05    0.8995037E-04    0.2264872E-03    0.1559954E-03    0.1527474E-03    0.2772626E-04   -0.4900545E+00    0.8180866E-01   -0.9447038E-01   -0.2601829E+00    0.1039130E+01    0.1830233E+01    0.7438798E+00    0.7721801E-01    0.1771092E-01   -0.6651461E-03    0.6011549E-01    0.4514608E-01   -0.2546524E-04   -0.8212726E-05   -0.2436583E-03   -0.1941399E-04    0.1950075E-03    0.4573877E-03    0.8907527E-04    0.9779461E-04    0.4032262E-04   -0.1838805E-03   -0.5165065E-03   -0.1089577E-02    0.9050955E-05   -0.1659954E-04
    0.1004495E-04   -0.1099678E-03    0.7459529E-05    0.1046992E-02    0.1399428E-02    0.1300487E-02    0.1750938E-02   -0.4182049E-04   -0.1609741E+01   -0.9447038E-01    0.3503353E+01   -0.2713566E+02   -0.4159175E+01    0.6567399E+01    0.6185056E+01   -0.2628427E+01   -0.3023069E+00   -0.3465188E-02    0.2017296E+01    0.1975855E+01   -0.9806132E-04    0.1640334E-03    0.8545955E-03    0.1664355E-03   -0.1919730E-02   -0.1787884E-02    0.2451779E-02   -0.3072131E-03    0.2870019E-02   -0.2217257E-02    0.3599418E-02    0.1674309E-01    0.1803469E-03   -0.3480846E-03
   -0.5905565E-05    0.6836093E-03   -0.2202069E-04   -0.1649980E-01   -0.1880980E-01   -0.2638784E-01   -0.3125236E-01    0.4365252E-02    0.4516984E+02   -0.2601829E+00   -0.2713566E+02    0.7711916E+03    0.7138255E+02   -0.5139648E+02   -0.7163451E+02    0.1396354E+02   -0.1707045E+01    0.4667097E+01   -0.7164070E+01   -0.1504387E+02    0.7487645E-03   -0.5879447E-03    0.9341406E-02    0.1747122E-02    0.1558080E-01   -0.4591716E-01   -0.1328656E-01    0.1439366E-01    0.7009182E-02    0.5439550E-02   -0.5615194E-01    0.6868133E-01    0.6503769E-02    0.4416355E-02
   -0.9036474E-04    0.9132308E-03   -0.5522411E-04   -0.7554832E-02   -0.6778012E-02   -0.7019927E-02   -0.1051579E-01    0.1449231E-02   -0.1502112E+01    0.1039130E+01   -0.4159175E+01    0.7138255E+02    0.6408718E+02    0.4618642E+02    0.2184124E+02   -0.4386632E+01    0.6159051E+00   -0.1216451E+01    0.3947569E+01    0.4972862E+01   -0.6594354E-03   -0.2614862E-03    0.4102118E-02    0.7190218E-03    0.1071200E-02   -0.1725825E-01    0.7794334E-03   -0.8146081E-03    0.1258678E-02   -0.1310261E-02   -0.1797161E-01   -0.4765790E-02    0.2645966E-03    0.2240391E-03
   -0.2794001E-04    0.2730912E-03    0.2913127E-04   -0.1177214E-02    0.3031502E-02    0.3431810E-02    0.2605536E-02    0.1338693E-02   -0.2229758E+02    0.1830233E+01    0.6567399E+01   -0.5139648E+02    0.4618642E+02    0.9557998E+02    0.6769275E+02   -0.1184567E+02   -0.1872906E+00   -0.7789715E+00    0.3107263E+01    0.4200232E+01   -0.1519737E-02   -0.1787950E-03   -0.1903490E-02    0.3104239E-04   -0.1174766E-03   -0.1494265E-02    0.5936223E-02   -0.3162731E-02    0.1917433E-01   -0.1291273E-01    0.9318944E-03    0.3638707E-01    0.7732349E-03   -0.2618991E-02
   -0.3303771E-04    0.1896010E-03    0.1226468E-03   -0.1995585E-02    0.3145705E-02    0.5879551E-02    0.1013474E-01    0.2571279E-02   -0.6270089E+02    0.7438798E+00    0.6185056E+01   -0.7163451E+02    0.2184124E+02    0.6769275E+02    0.1233316E+03   -0.1085792E+02   -0.1086416E+00   -0.7422553E+00   -0.1526936E+01    0.1511805E+02   -0.2501724E-02   -0.8522316E-03   -0.6716038E-02   -0.1550370E-03    0.9526645E-02    0.3410192E-01   -0.3970378E-02   -0.9517168E-02   -0.1181305E-01   -0.5737451E-02    0.2568325E-01    0.8588023E-01    0.6987898E-03   -0.8096063E-02
   -0.1387112E-04    0.8504071E-04   -0.8966356E-05   -0.1743568E-02   -0.3286426E-02   -0.3226284E-02   -0.3810683E-02   -0.2165883E-04    0.7883611E+00    0.7721801E-01   -0.2628427E+01    0.1396354E+02   -0.4386632E+01   -0.1184567E+02   -0.1085792E+02    0.6427107E+01    0.9145342E-01    0.1119055E+00   -0.1737777E+01   -0.1700176E+01    0.3620675E-03    0.7551133E-04   -0.3303341E-03   -0.8848150E-04    0.3903617E-02   -0.6360821E-04   -0.9803253E-03    0.3403197E-02   -0.3859408E-02    0.5097922E-02   -0.9876739E-02   -0.3118711E-01   -0.1464195E-03    0.1665402E-03
   -0.3132620E-05   -0.8903923E-04   -0.1086788E-04    0.2818711E-03    0.1722876E-03    0.4326278E-03   -0.2203732E-03    0.7132943E-04   -0.8876618E-02    0.1771092E-01   -0.3023069E+00   -0.1707045E+01    0.6159051E+00   -0.1872906E+00   -0.1086416E+00    0.9145342E-01    0.3467175E+01    0.4389532E+00   -0.4538268E-01   -0.2736381E+00    0.3960794E-03   -0.2805775E-03    0.7694987E-03    0.3957477E-03   -0.2094834E-02   -0.2931932E-02    0.2770611E-02    0.1323101E-02   -0.1816544E-02   -0.1696655E-03    0.1528221E-02   -0.3694529E-02    0.3053904E-03   -0.8933107E-04
   -0.5729371E-06    0.5922685E-05   -0.1588548E-04   -0.8554128E-03   -0.1660794E-02   -0.4881912E-03   -0.4310593E-03    0.2144371E-03    0.3723692E+00   -0.6651461E-03   -0.3465188E-02    0.4667097E+01   -0.1216451E+01   -0.7789715E+00   -0.7422553E+00    0.1119055E+00    0.4389532E+00    0.3267953E+01    0.2285368E+01    0.1392107E+01    0.1537425E-03   -0.6290765E-04    0.2169815E-02    0.1241841E-03    0.6920969E-03    0.1668702E-02    0.6296555E-03   -0.4351800E-03   -0.5873552E-02   -0.1970308E-02    0.2704620E-02    0.1826036E-01   -0.2791218E-03   -0.1564491E-03
   -0.2336628E-05    0.4947553E-05   -0.1196162E-04   -0.1131924E-02   -0.1927068E-02   -0.9036387E-03   -0.6598409E-03    0.2732519E-03   -0.1727034E+01    0.6011549E-01    0.2017296E+01   -0.7164070E+01    0.3947569E+01    0.3107263E+01   -0.1526936E+01   -0.1737777E+01   -0.4538268E-01    0.2285368E+01    0.1691184E+02    0.2597901E+02   -0.1694255E-03    0.3388337E-03    0.4283493E-02    0.5745810E-03   -0.2014155E-04   -0.2084230E-01    0.3505746E-02    0.3281796E-02   -0.9287671E-02    0.2155124E-02   -0.5379670E-02    0.1908221E-01   -0.2798343E-04    0.2600346E-02
   -0.1461347E-04    0.1423644E-03    0.2963621E-04   -0.3419396E-02   -0.4110374E-02   -0.3807164E-03    0.2408917E-02    0.1376637E-02   -0.1950110E+02    0.4514608E-01    0.1975855E+01   -0.1504387E+02    0.4972862E+01    0.4200232E+01    0.1511805E+02   -0.1700176E+01   -0.2736381E+00    0.1392107E+01    0.2597901E+02    0.5654392E+02   -0.2729631E-03    0.2419532E-03    0.2126516E-02    0.2940933E-03   -0.1228975E-02   -0.5214634E-01   -0.2525732E-02    0.5649134E-02   -0.1207364E-01    0.1154797E-01   -0.1210185E-01    0.1659727E-01   -0.1009442E-03    0.4374890E-02
    0.4856062E-07   -0.3614555E-06   -0.5274914E-08    0.1400423E-05    0.3315427E-05    0.1287424E-05   -0.3902812E-05    0.5856836E-06    0.1648314E-02   -0.2546524E-04   -0.9806132E-04    0.7487645E-03   -0.6594354E-03   -0.1519737E-02   -0.2501724E-02    0.3620675E-03    0.3960794E-03    0.1537425E-03   -0.1694255E-03   -0.2729631E-03    0.2997944E-04    0.7638738E-05    0.2732235E-05    0.3027929E-05    0.1263447E-04   -0.1477298E-04    0.4467720E-05    0.8656693E-06    0.1677671E-04   -0.4494868E-05    0.8639439E-06    0.1024518E-04    0.8693002E-07    0.1725389E-06
    0.9068389E-07   -0.3402376E-06    0.7286888E-07    0.1517285E-06    0.6976669E-06    0.1888560E-05   -0.4128776E-05    0.3711511E-06    0.4236599E-03   -0.8212726E-05    0.1640334E-03   -0.5879447E-03   -0.2614862E-03   -0.1787950E-03   -0.8522316E-03    0.7551133E-04   -0.2805775E-03   -0.6290765E-04    0.3388337E-03    0.2419532E-03    0.7638738E-05    0.2557391E-04   -0.2317518E-05    0.1231273E-04    0.1080794E-05   -0.1930006E-04   -0.7527150E-05    0.4300167E-05   -0.1704542E-04   -0.6417791E-06   -0.1916881E-04   -0.7519096E-04    0.3316394E-07    0.2293068E-07
   -0.2779604E-06    0.4601286E-06   -0.1004044E-06   -0.1294465E-04   -0.2658315E-04    0.1813023E-06   -0.5606031E-06    0.1687543E-05    0.7170189E-02   -0.2436583E-03    0.8545955E-03    0.9341406E-02    0.4102118E-02   -0.1903490E-02   -0.6716038E-02   -0.3303341E-03    0.7694987E-03    0.2169815E-02    0.4283493E-02    0.2126516E-02    0.2732235E-05   -0.2317518E-05    0.1097311E-02   -0.9260991E-05   -0.3980740E-04    0.9763458E-04    0.4233596E-04   -0.4759125E-05   -0.4134791E-04    0.3501532E-04    0.1276472E-03    0.2556996E-03   -0.3838860E-06    0.3598752E-07
    0.1117668E-06   -0.4020039E-06    0.6722207E-07    0.4336928E-05    0.1068955E-04    0.2021218E-05   -0.4286983E-05    0.1304404E-05    0.2966022E-03   -0.1941399E-04    0.1664355E-03    0.1747122E-02    0.7190218E-03    0.3104239E-04   -0.1550370E-03   -0.8848150E-04    0.3957477E-03    0.1241841E-03    0.5745810E-03    0.2940933E-03    0.3027929E-05    0.1231273E-04   -0.9260991E-05    0.4633480E-04   -0.3328166E-05    0.1918220E-04   -0.8626128E-05    0.3829687E-06    0.5452505E-05    0.5734894E-05   -0.4037843E-05    0.3343028E-05    0.1805154E-06   -0.8779196E-07
    0.1842942E-06    0.2908858E-06    0.3342997E-06    0.1113216E-04    0.1376008E-04    0.7815658E-06   -0.1458617E-05   -0.3402721E-05   -0.9430325E-02    0.1950075E-03   -0.1919730E-02    0.1558080E-01    0.1071200E-02   -0.1174766E-03    0.9526645E-02    0.3903617E-02   -0.2094834E-02    0.6920969E-03   -0.2014155E-04   -0.1228975E-02    0.1263447E-04    0.1080794E-05   -0.3980740E-04   -0.3328166E-05    0.2113860E-02    0.5837633E-04    0.3744268E-04    0.2372765E-04    0.4131724E-04   -0.3828789E-04   -0.3007895E-04   -0.4972062E-03   -0.9785057E-06   -0.2155058E-05
   -0.7171372E-06   -0.2409224E-05   -0.8184421E-06    0.4054655E-04    0.3567981E-04    0.2200596E-04    0.4159773E-04   -0.1143451E-04   -0.1933957E-01    0.4573877E-03   -0.1787884E-02   -0.4591716E-01   -0.1725825E-01   -0.1494265E-02    0.3410192E-01   -0.6360821E-04   -0.2931932E-02    0.1668702E-02   -0.2084230E-01   -0.5214634E-01   -0.1477298E-04   -0.1930006E-04    0.9763458E-04    0.1918220E-04    0.5837633E-04    0.1639171E-01   -0.1023398E-03    0.7329663E-04   -0.7698002E-04    0.8997487E-04    0.1660363E-03    0.6488517E-03    0.4168236E-06   -0.1070129E-04
   -0.1584625E-06    0.2417620E-07   -0.4943182E-07   -0.4089349E-05   -0.1543711E-04   -0.4508453E-05   -0.2692006E-05   -0.4187301E-05    0.7106576E-02    0.8907527E-04    0.2451779E-02   -0.1328656E-01    0.7794334E-03    0.5936223E-02   -0.3970378E-02   -0.9803253E-03    0.2770611E-02    0.6296555E-03    0.3505746E-02   -0.2525732E-02    0.4467720E-05   -0.7527150E-05    0.4233596E-04   -0.8626128E-05    0.3744268E-04   -0.1023398E-03    0.1511002E-02    0.3272163E-03    0.1895616E-03   -0.3862739E-03    0.1555369E-04    0.2750738E-04    0.1786885E-05   -0.2986570E-06
   -0.8396868E-07   -0.3679719E-06   -0.4322437E-06   -0.1219203E-04   -0.2758340E-04   -0.2911438E-05   -0.6210069E-05   -0.1593498E-05    0.1048972E-03    0.9779461E-04   -0.3072131E-03    0.1439366E-01   -0.8146081E-03   -0.3162731E-02   -0.9517168E-02    0.3403197E-02    0.1323101E-02   -0.4351800E-03    0.3281796E-02    0.5649134E-02    0.8656693E-06    0.4300167E-05   -0.4759125E-05    0.3829687E-06    0.2372765E-04    0.7329663E-04    0.3272163E-03    0.8195558E-03    0.1225622E-03    0.6919982E-03    0.8932754E-04   -0.4464579E-03    0.3598670E-06    0.6374604E-06
    0.4702052E-06   -0.3305628E-05    0.1023258E-05   -0.1432883E-04   -0.3926375E-04    0.8557261E-05    0.2872327E-05   -0.1050044E-05    0.1292966E-01    0.4032262E-04    0.2870019E-02    0.7009182E-02    0.1258678E-02    0.1917433E-01   -0.1181305E-01   -0.3859408E-02   -0.1816544E-02   -0.5873552E-02   -0.9287671E-02   -0.1207364E-01    0.1677671E-04   -0.1704542E-04   -0.4134791E-04    0.5452505E-05    0.4131724E-04   -0.7698002E-04    0.1895616E-03    0.1225622E-03    0.6752580E-02   -0.1236810E-03    0.8068873E-03    0.3808132E-02    0.1487147E-05    0.3742701E-05
   -0.4229984E-06    0.1273350E-05   -0.5825209E-06   -0.2520499E-04   -0.4461965E-04   -0.1022466E-04    0.3778416E-05    0.6811627E-06   -0.6900396E-02   -0.1838805E-03   -0.2217257E-02    0.5439550E-02   -0.1310261E-02   -0.1291273E-01   -0.5737451E-02    0.5097922E-02   -0.1696655E-03   -0.1970308E-02    0.2155124E-02    0.1154797E-01   -0.4494868E-05   -0.6417791E-06    0.3501532E-04    0.5734894E-05   -0.3828789E-04    0.8997487E-04   -0.3862739E-03    0.6919982E-03   -0.1236810E-03    0.2874031E-02    0.4895202E-03   -0.6301899E-03    0.1248667E-05   -0.1445948E-06
   -0.9457399E-06    0.1330726E-05   -0.3366395E-06   -0.2188688E-04   -0.4251503E-04    0.1317793E-04    0.4224806E-04    0.6087869E-05   -0.8130573E-02   -0.5165065E-03    0.3599418E-02   -0.5615194E-01   -0.1797161E-01    0.9318944E-03    0.2568325E-01   -0.9876739E-02    0.1528221E-02    0.2704620E-02   -0.5379670E-02   -0.1210185E-01    0.8639439E-06   -0.1916881E-04    0.1276472E-03   -0.4037843E-05   -0.3007895E-04    0.1660363E-03    0.1555369E-04    0.8932754E-04    0.8068873E-03    0.4895202E-03    0.6467295E-02    0.7558140E-02   -0.2809089E-05   -0.5054036E-05
   -0.1254156E-05    0.5224330E-05   -0.1958302E-06   -0.3713522E-04   -0.1501182E-04    0.3378542E-05    0.5287543E-04    0.2568022E-04   -0.2773488E-01   -0.1089577E-02    0.1674309E-01    0.6868133E-01   -0.4765790E-02    0.3638707E-01    0.8588023E-01   -0.3118711E-01   -0.3694529E-02    0.1826036E-01    0.1908221E-01    0.1659727E-01    0.1024518E-04   -0.7519096E-04    0.2556996E-03    0.3343028E-05   -0.4972062E-03    0.6488517E-03    0.2750738E-04   -0.4464579E-03    0.3808132E-02   -0.6301899E-03    0.7558140E-02    0.6358951E-01   -0.1350973E-05   -0.7504678E-05
    0.3765098E-08   -0.2733198E-07    0.1533821E-08   -0.3200682E-06   -0.3946746E-06   -0.1063717E-06   -0.1264742E-06    0.4142570E-07   -0.1878543E-03    0.9050955E-05    0.1803469E-03    0.6503769E-02    0.2645966E-03    0.7732349E-03    0.6987898E-03   -0.1464195E-03    0.3053904E-03   -0.2791218E-03   -0.2798343E-04   -0.1009442E-03    0.8693002E-07    0.3316394E-07   -0.3838860E-06    0.1805154E-06   -0.9785057E-06    0.4168236E-06    0.1786885E-05    0.3598670E-06    0.1487147E-05    0.1248667E-05   -0.2809089E-05   -0.1350973E-05    0.5975833E-06   -0.3987082E-07
    0.8297489E-09    0.3279298E-07    0.2315585E-08   -0.1741969E-06   -0.5118816E-06   -0.4677319E-06   -0.8219480E-06   -0.1708424E-06    0.4673107E-02   -0.1659954E-04   -0.3480846E-03    0.4416355E-02    0.2240391E-03   -0.2618991E-02   -0.8096063E-02    0.1665402E-03   -0.8933107E-04   -0.1564491E-03    0.2600346E-02    0.4374890E-02    0.1725389E-06    0.2293068E-07    0.3598752E-07   -0.8779196E-07   -0.2155058E-05   -0.1070129E-04   -0.2986570E-06    0.6374604E-06    0.3742701E-05   -0.1445948E-06   -0.5054036E-05   -0.7504678E-05   -0.3987082E-07    0.2102899E-05
