# omegabh2 omegach2 theta tau omegak logA ns calPlanck alpha_JLA beta_JLA acib217 xi asz143 aps100 aps143 aps143217 aps217 aksz kgal100 kgal143 kgal143217 kgal217 cal0 cal2
  5.1630426E-08  -2.5458345E-07   4.8856624E-08   5.2376183E-07  -3.0182843E-07   6.7044370E-07   7.0337078E-07   4.3189348E-08  -1.7257694E-08   1.8462804E-07  -1.5991016E-04   3.3533941E-06   4.4857344E-05  -8.3417230E-04  -5.3809110E-04  -2.2846058E-04  -7.2875902E-05  -6.6078539E-05  -1.1364142E-05  -3.6963105E-06  -6.6341083E-06   4.1932884E-05   3.8747464E-10  -5.4140334E-09
 -2.5458345E-07   4.1230296E-06  -4.2607768E-07  -6.1928711E-06   4.2869156E-06  -4.0507370E-06  -9.2925325E-06  -4.8236356E-07   1.9889142E-07   2.6523142E-06   5.3378768E-04  -2.7917003E-05  -1.6251865E-04   2.9533805E-03   2.0303815E-03   8.8749170E-04   5.3778041E-04   3.1065572E-04   1.3614626E-04   1.8764062E-05  -6.3215535E-05  -2.6940610E-04  -1.4491036E-08   1.1228709E-08
  4.8856624E-08  -4.2607768E-07   2.1056596E-07   6.5314944E-07  -6.0441829E-07   6.8831583E-07   1.2499493E-06   7.3047194E-08  -1.6767495E-08  -8.5682111E-07  -1.8686970E-05  -1.0524623E-06   3.1117638E-05  -3.3446497E-04  -3.7376685E-04  -2.2200175E-04  -1.4468606E-04  -6.1006808E-05  -4.0422575E-05  -4.2481968E-06  -3.0244703E-08   2.3413899E-05  -8.0078865E-09   1.2798977E-09
  5.2376183E-07  -6.1928711E-06   6.5314944E-07   5.9325840E-05  -5.3784757E-06   1.0033706E-04   1.6886265E-05  -1.5788850E-06  -1.2581500E-06  -3.9935127E-06  -2.1339321E-03   4.4640929E-05   6.3105038E-04  -1.1455829E-02  -6.9093524E-03  -2.5443903E-03  -1.5666991E-03  -9.6565710E-04  -2.3471144E-04   2.2771261E-04  -2.3584537E-04  -1.5866740E-04  -4.5935587E-09  -1.7376479E-07
 -3.0182843E-07   4.2869156E-06  -6.0441829E-07  -5.3784757E-06   6.0246174E-06  -1.9753605E-06  -1.0042396E-05  -3.6966486E-07   5.2315295E-07   3.2036361E-06   4.6335978E-04  -2.3151500E-05  -3.0544608E-04   4.6416590E-03   2.6654931E-03   1.1586071E-03   9.4909958E-04   4.1821031E-04   1.8162885E-04   4.2489516E-05  -1.6996355E-04  -4.0119797E-04  -2.3231502E-08  -1.2834363E-08
  6.7044370E-07  -4.0507370E-06   6.8831583E-07   1.0033706E-04  -1.9753605E-06   2.1122156E-04   1.3620731E-05   9.0262554E-06  -1.5370236E-06   5.5722442E-06  -2.8245324E-03   5.2846113E-05   9.3017126E-04  -1.5390095E-02  -9.9128023E-03  -1.7050087E-03   2.2021408E-03  -1.9058123E-03  -7.7442356E-04  -2.1618384E-04  -1.7891878E-03  -2.7155150E-04  -2.2476760E-08  -2.5922747E-07
  7.0337078E-07  -9.2925325E-06   1.2499493E-06   1.6886265E-05  -1.0042396E-05   1.3620731E-05   3.1234183E-05   1.1702934E-06  -8.2847765E-07  -3.3523628E-06  -5.5106546E-03   1.5309390E-04   1.3461630E-03  -3.0461964E-02  -1.0350622E-02   6.3300977E-04   4.6124455E-03  -3.1636440E-03   1.4083955E-05  -4.3081675E-04  -4.1424122E-04   1.7127854E-03  -7.7760369E-08  -1.2050304E-07
  4.3189348E-08  -4.8236356E-07   7.3047194E-08  -1.5788850E-06  -3.6966486E-07   9.0262554E-06   1.1702934E-06   6.5685332E-06   1.7091256E-07   3.6606268E-06   9.1230071E-04  -7.3123603E-06   5.6967335E-06   2.5868104E-03  -1.4909347E-04  -5.7601138E-05   6.5773103E-04   7.7784683E-05  -1.2016024E-04  -3.0186802E-05  -2.9604632E-04   3.8303989E-04  -7.3928538E-08   3.0491270E-08
 -1.7257694E-08   1.9889142E-07  -1.6767495E-08  -1.2581500E-06   5.2315295E-07  -1.5370236E-06  -8.2847765E-07   1.7091256E-07   4.2861137E-05  -4.0066452E-05   2.4768026E-04  -3.7028386E-05  -3.8783070E-04   6.8855090E-03   7.9787862E-04  -8.0724127E-04   3.9842372E-04  -2.4087331E-05  -1.8662046E-04  -1.6711768E-04  -3.9842622E-04  -4.0463749E-04  -7.3382102E-08  -2.0735191E-08
  1.8462804E-07   2.6523142E-06  -8.5682111E-07  -3.9935127E-06   3.2036361E-06   5.5722442E-06  -3.3523628E-06   3.6606268E-06  -4.0066452E-05   6.4370896E-03  -1.8428557E-02   7.6400244E-04   2.6325575E-04  -2.1361101E-02  -8.8906493E-03   6.1270065E-03   1.6419112E-02   4.7240691E-03  -1.0059011E-03  -1.1013232E-03   2.1635805E-03   1.3946505E-02   4.7741575E-07   4.2783936E-08
 -1.5991016E-04   5.3378768E-04  -1.8686970E-05  -2.1339321E-03   4.6335978E-04  -2.8245324E-03  -5.5106546E-03   9.1230071E-04   2.4768026E-04  -1.8428557E-02   4.5180529E+01  -4.2841880E-01  -4.7398424E-01   3.3530684E+01   1.0124080E+00  -1.3046311E+01  -5.4987738E+01  -1.7961524E-01  -1.1096186E-01   4.3230720E-01  -6.0396709E+00  -3.3863387E+01  -2.6647190E-04   8.1101737E-04
  3.3533941E-06  -2.7917003E-05  -1.0524623E-06   4.4640929E-05  -2.3151500E-05   5.2846113E-05   1.5309390E-04  -7.3123603E-06  -3.7028386E-05   7.6400244E-04  -4.2841880E-01   8.1973298E-02  -3.7508828E-02  -8.4257096E-01   8.4597616E-01   1.6446472E+00   6.2972271E-01   5.2241065E-02   8.3025014E-03   7.8969296E-03   1.1114911E-01   1.6830633E-01   1.0820433E-05  -3.3705667E-06
  4.4857344E-05  -1.6251865E-04   3.1117638E-05   6.3105038E-04  -3.0544608E-04   9.3017126E-04   1.3461630E-03   5.6967335E-06  -3.8783070E-04   2.6325575E-04  -4.7398424E-01  -3.7508828E-02   3.9101788E+00  -3.0781942E+01  -3.5992242E+00   7.7838330E+00   5.0397777E+00  -2.9490802E+00  -1.9332814E-01   2.1798785E-01   2.7316855E+00   3.1862657E+00   8.4285881E-05  -4.7546358E-06
 -8.3417230E-04   2.9533805E-03  -3.3446497E-04  -1.1455829E-02   4.6416590E-03  -1.5390095E-02  -3.0461964E-02   2.5868104E-03   6.8855090E-03  -2.1361101E-02   3.3530684E+01  -8.4257096E-01  -3.0781942E+01   7.8230749E+02   6.9873238E+01  -6.0343464E+01  -5.7309844E+01   1.6186600E+01  -5.4219757E+00   5.3238408E+00  -1.4126268E+01  -2.6554707E+01   3.9888837E-03   2.1045603E-04
 -5.3809110E-04   2.0303815E-03  -3.7376685E-04  -6.9093524E-03   2.6654931E-03  -9.9128023E-03  -1.0350622E-02  -1.4909347E-04   7.9787862E-04  -8.8906493E-03   1.0124080E+00   8.4597616E-01  -3.5992242E+00   6.9873238E+01   6.2748857E+01   4.0523804E+01   1.7791058E+01  -4.4395519E+00   1.7892487E-01  -1.1789600E+00   3.1010079E+00   4.0201299E+00   1.7381167E-04   1.3512604E-04
 -2.2846058E-04   8.8749170E-04  -2.2200175E-04  -2.5443903E-03   1.1586071E-03  -1.7050087E-03   6.3300977E-04  -5.7601138E-05  -8.0724127E-04   6.1270065E-03  -1.3046311E+01   1.6446472E+00   7.7838330E+00  -6.0343464E+01   4.0523804E+01   8.6125737E+01   5.5154909E+01  -1.2696092E+01  -1.0738076E-01  -5.7550159E-01   5.3709427E+00   8.7047570E+00   4.7782959E-04  -2.6780520E-04
 -7.2875902E-05   5.3778041E-04  -1.4468606E-04  -1.5666991E-03   9.4909958E-04   2.2021408E-03   4.6124455E-03   6.5773103E-04   3.9842372E-04   1.6419112E-02  -5.4987738E+01   6.2972271E-01   5.0397777E+00  -5.7309844E+01   1.7791058E+01   5.5154909E+01   1.0518008E+02  -1.0064890E+01  -4.3620343E-02  -1.0365686E+00   6.0234724E+00   3.4086770E+01   4.8431731E-04  -1.3221550E-03
 -6.6078539E-05   3.1065572E-04  -6.1006808E-05  -9.6565710E-04   4.1821031E-04  -1.9058123E-03  -3.1636440E-03   7.7784683E-05  -2.4087331E-05   4.7240691E-03  -1.7961524E-01   5.2241065E-02  -2.9490802E+00   1.6186600E+01  -4.4395519E+00  -1.2696092E+01  -1.0064890E+01   6.4648543E+00   1.1388204E-03  -1.9459584E-01  -2.0211295E+00  -2.1732727E+00  -7.2084660E-05  -2.5869405E-05
 -1.1364142E-05   1.3614626E-04  -4.0422575E-05  -2.3471144E-04   1.8162885E-04  -7.7442356E-04   1.4083955E-05  -1.2016024E-04  -1.8662046E-04  -1.0059011E-03  -1.1096186E-01   8.3025014E-03  -1.9332814E-01  -5.4219757E+00   1.7892487E-01  -1.0738076E-01  -4.3620343E-02   1.1388204E-03   3.2476160E+00   5.4925105E-01   2.2353321E-01   2.9640001E-01   1.7625134E-04  -2.3735770E-05
 -3.6963105E-06   1.8764062E-05  -4.2481968E-06   2.2771261E-04   4.2489516E-05  -2.1618384E-04  -4.3081675E-04  -3.0186802E-05  -1.6711768E-04  -1.1013232E-03   4.3230720E-01   7.8969296E-03   2.1798785E-01   5.3238408E+00  -1.1789600E+00  -5.7550159E-01  -1.0365686E+00  -1.9459584E-01   5.4925105E-01   3.2230847E+00   2.8729809E+00   2.8970351E+00  -2.0107885E-04  -6.1244544E-05
 -6.6341083E-06  -6.3215535E-05  -3.0244703E-08  -2.3584537E-04  -1.6996355E-04  -1.7891878E-03  -4.1424122E-04  -2.9604632E-04  -3.9842622E-04   2.1635805E-03  -6.0396709E+00   1.1114911E-01   2.7316855E+00  -1.4126268E+01   3.1010079E+00   5.3709427E+00   6.0234724E+00  -2.0211295E+00   2.2353321E-01   2.8729809E+00   1.0816881E+01   1.9162520E+01  -2.9012448E-05   3.7432989E-04
  4.1932884E-05  -2.6940610E-04   2.3413899E-05  -1.5866740E-04  -4.0119797E-04  -2.7155150E-04   1.7127854E-03   3.8303989E-04  -4.0463749E-04   1.3946505E-02  -3.3863387E+01   1.6830633E-01   3.1862657E+00  -2.6554707E+01   4.0201299E+00   8.7047570E+00   3.4086770E+01  -2.1732727E+00   2.9640001E-01   2.8970351E+00   1.9162520E+01   5.3300630E+01   8.0645242E-05   8.4250857E-04
  3.8747464E-10  -1.4491036E-08  -8.0078865E-09  -4.5935587E-09  -2.3231502E-08  -2.2476760E-08  -7.7760369E-08  -7.3928538E-08  -7.3382102E-08   4.7741575E-07  -2.6647190E-04   1.0820433E-05   8.4285881E-05   3.9888837E-03   1.7381167E-04   4.7782959E-04   4.8431731E-04  -7.2084660E-05   1.7625134E-04  -2.0107885E-04  -2.9012448E-05   8.0645242E-05   3.9465719E-07   6.4215679E-09
 -5.4140334E-09   1.1228709E-08   1.2798977E-09  -1.7376479E-07  -1.2834363E-08  -2.5922747E-07  -1.2050304E-07   3.0491270E-08  -2.0735191E-08   4.2783936E-08   8.1101737E-04  -3.3705667E-06  -4.7546358E-06   2.1045603E-04   1.3512604E-04  -2.6780520E-04  -1.3221550E-03  -2.5869405E-05  -2.3735770E-05  -6.1244544E-05   3.7432989E-04   8.4250857E-04   6.4215679E-09   3.8864535E-07
