# omegabh2 omegach2 theta tau logA ns calPlanck acib217 xi asz143 aps100 aps143 aps143217 aps217 aksz kgal100 kgal143 kgal143217 kgal217 cal0 cal2
    0.4608305E-07   -0.2227029E-06    0.4365012E-07    0.7364898E-06    0.1084431E-05    0.6644779E-06    0.2162302E-07   -0.1879300E-03    0.3108955E-05    0.4665349E-04   -0.8442452E-03   -0.4734493E-03   -0.1479846E-03    0.1002057E-04   -0.6367691E-04    0.5153136E-05    0.2346804E-05   -0.1625769E-04    0.2928303E-04    0.1914765E-09   -0.1568630E-07
   -0.2227029E-06    0.4276171E-05   -0.4395326E-06   -0.8403913E-05   -0.6860894E-05   -0.9958517E-05   -0.1636223E-06    0.3794280E-03   -0.5917741E-05   -0.1569620E-03    0.1829527E-02    0.1732064E-02    0.8420208E-03    0.3912955E-03    0.1699205E-03    0.5331293E-04   -0.1918033E-04    0.5482375E-04    0.3513480E-04   -0.2217455E-07    0.6608640E-07
    0.4365012E-07   -0.4395326E-06    0.2230485E-06    0.1156828E-05    0.1561305E-05    0.1298068E-05    0.5176006E-07   -0.3677754E-04    0.3261565E-06    0.1980662E-04   -0.4060209E-03   -0.2519414E-03   -0.1359243E-03   -0.8881811E-04   -0.2228780E-04    0.2015529E-05   -0.7630319E-05   -0.2781903E-04   -0.8671138E-05    0.2927983E-08   -0.2390112E-08
    0.7364898E-06   -0.8403913E-05    0.1156828E-05    0.1379052E-03    0.2541931E-03    0.2765644E-04   -0.5673706E-06   -0.7131886E-02    0.1142968E-03    0.1564486E-02   -0.3150638E-01   -0.1240835E-01   -0.7964174E-03    0.4879942E-02   -0.2602095E-02    0.8873490E-04   -0.4210533E-03   -0.1311220E-02   -0.2579023E-04   -0.4821223E-07   -0.8113282E-06
    0.1084431E-05   -0.6860894E-05    0.1561305E-05    0.2541931E-03    0.5183012E-03    0.2996201E-04    0.1159310E-04   -0.1321219E-01    0.2834849E-03    0.2638535E-02   -0.5208256E-01   -0.1853382E-01    0.3271270E-02    0.1608574E-01   -0.5411797E-02   -0.3506958E-04   -0.1283760E-02   -0.2840285E-02    0.1654662E-02    0.5689171E-07   -0.1585176E-05
    0.6644779E-06   -0.9958517E-05    0.1298068E-05    0.2765644E-04    0.2996201E-04    0.3461156E-04    0.1993962E-06   -0.5788857E-02    0.1369308E-03    0.1494421E-02   -0.3059884E-01   -0.9814973E-02    0.1748831E-02    0.5587445E-02   -0.2973510E-02    0.2465181E-03   -0.1399618E-03   -0.9066516E-03    0.1090252E-03   -0.1773132E-06   -0.5987420E-06
    0.2162302E-07   -0.1636223E-06    0.5176006E-07   -0.5673706E-06    0.1159310E-04    0.1993962E-06    0.6524052E-05    0.9558687E-03    0.9334126E-05   -0.9980341E-04    0.4729687E-02    0.8445224E-03    0.2714456E-03    0.9205144E-03    0.1306848E-03   -0.2717082E-04    0.4940587E-04   -0.6158849E-05    0.7303071E-03   -0.1852024E-07   -0.2241325E-07
   -0.1879300E-03    0.3794280E-03   -0.3677754E-04   -0.7131886E-02   -0.1321219E-01   -0.5788857E-02    0.9558687E-03    0.4396692E+02   -0.5067503E+00   -0.1915513E+01    0.4644855E+02    0.8462019E+00   -0.2198741E+02   -0.6172731E+02    0.6269667E+00   -0.7596637E-01    0.3144376E-01   -0.1944155E+01   -0.1853739E+02   -0.2061277E-03    0.4461351E-02
    0.3108955E-05   -0.5917741E-05    0.3261565E-06    0.1142968E-03    0.2834849E-03    0.1369308E-03    0.9334126E-05   -0.5067503E+00    0.8156835E-01   -0.6483810E-01   -0.5704751E+00    0.1001424E+01    0.1904300E+01    0.7959267E+00    0.6730185E-01   -0.5116572E-02    0.4834340E-02    0.9483428E-01    0.1006013E+00    0.6681903E-05   -0.1906674E-04
    0.4665349E-04   -0.1569620E-03    0.1980662E-04    0.1564486E-02    0.2638535E-02    0.1494421E-02   -0.9980341E-04   -0.1915513E+01   -0.6483810E-01    0.3668581E+01   -0.2890371E+02   -0.3692542E+01    0.7806192E+01    0.7099773E+01   -0.2712720E+01   -0.1325722E+00   -0.8851219E-02    0.2206308E+01    0.2075014E+01    0.1678829E-03   -0.3910052E-03
   -0.8442452E-03    0.1829527E-02   -0.4060209E-03   -0.3150638E-01   -0.5208256E-01   -0.3059884E-01    0.4729687E-02    0.4644855E+02   -0.5704751E+00   -0.2890371E+02    0.7756162E+03    0.6673099E+02   -0.6326618E+02   -0.7738140E+02    0.1453268E+02   -0.4178260E+01    0.3485134E+01   -0.1009306E+02   -0.1732754E+02    0.6597157E-02    0.4156449E-02
   -0.4734493E-03    0.1732064E-02   -0.2519414E-03   -0.1240835E-01   -0.1853382E-01   -0.9814973E-02    0.8445224E-03    0.8462019E+00    0.1001424E+01   -0.3692542E+01    0.6673099E+02    0.6202289E+02    0.4569658E+02    0.1862737E+02   -0.4393388E+01   -0.4598455E+00   -0.1263079E+01    0.3903463E+01    0.3650834E+01    0.1593615E-03    0.1990177E-03
   -0.1479846E-03    0.8420208E-03   -0.1359243E-03   -0.7964174E-03    0.3271270E-02    0.1748831E-02    0.2714456E-03   -0.2198741E+02    0.1904300E+01    0.7806192E+01   -0.6326618E+02    0.4569658E+02    0.1009475E+03    0.6973457E+02   -0.1223718E+02   -0.6944526E+00   -0.7880032E+00    0.4186620E+01    0.4863728E+01    0.7073113E-03   -0.2709417E-02
    0.1002057E-04    0.3912955E-03   -0.8881811E-04    0.4879942E-02    0.1608574E-01    0.5587445E-02    0.9205144E-03   -0.6172731E+02    0.7959267E+00    0.7099773E+01   -0.7738140E+02    0.1862737E+02    0.6973457E+02    0.1241965E+03   -0.1083441E+02   -0.4142420E+00   -0.6170971E+00   -0.7537184E+00    0.1474800E+02    0.6266254E-03   -0.7880097E-02
   -0.6367691E-04    0.1699205E-03   -0.2228780E-04   -0.2602095E-02   -0.5411797E-02   -0.2973510E-02    0.1306848E-03    0.6269667E+00    0.6730185E-01   -0.2712720E+01    0.1453268E+02   -0.4393388E+01   -0.1223718E+02   -0.1083441E+02    0.6176783E+01    0.1387147E+00    0.3423384E-02   -0.1869639E+01   -0.1631866E+01   -0.9928313E-04    0.1990523E-03
    0.5153136E-05    0.5331293E-04    0.2015529E-05    0.8873490E-04   -0.3506958E-04    0.2465181E-03   -0.2717082E-04   -0.7596637E-01   -0.5116572E-02   -0.1325722E+00   -0.4178260E+01   -0.4598455E+00   -0.6944526E+00   -0.4142420E+00    0.1387147E+00    0.3485526E+01    0.4214751E+00    0.1235636E+00    0.2582258E+00    0.2914166E-03    0.5059009E-05
    0.2346804E-05   -0.1918033E-04   -0.7630319E-05   -0.4210533E-03   -0.1283760E-02   -0.1399618E-03    0.4940587E-04    0.3144376E-01    0.4834340E-02   -0.8851219E-02    0.3485134E+01   -0.1263079E+01   -0.7880032E+00   -0.6170971E+00    0.3423384E-02    0.4214751E+00    0.3319056E+01    0.2572777E+01    0.1945662E+01   -0.2782868E-03   -0.1734976E-03
   -0.1625769E-04    0.5482375E-04   -0.2781903E-04   -0.1311220E-02   -0.2840285E-02   -0.9066516E-03   -0.6158849E-05   -0.1944155E+01    0.9483428E-01    0.2206308E+01   -0.1009306E+02    0.3903463E+01    0.4186620E+01   -0.7537184E+00   -0.1869639E+01    0.1235636E+00    0.2572777E+01    0.1735101E+02    0.2621734E+02   -0.4033991E-04    0.2611272E-02
    0.2928303E-04    0.3513480E-04   -0.8671138E-05   -0.2579023E-04    0.1654662E-02    0.1090252E-03    0.7303071E-03   -0.1853739E+02    0.1006013E+00    0.2075014E+01   -0.1732754E+02    0.3650834E+01    0.4863728E+01    0.1474800E+02   -0.1631866E+01    0.2582258E+00    0.1945662E+01    0.2621734E+02    0.5556421E+02   -0.3585153E-04    0.4635945E-02
    0.1914765E-09   -0.2217455E-07    0.2927983E-08   -0.4821223E-07    0.5689171E-07   -0.1773132E-06   -0.1852024E-07   -0.2061277E-03    0.6681903E-05    0.1678829E-03    0.6597157E-02    0.1593615E-03    0.7073113E-03    0.6266254E-03   -0.9928313E-04    0.2914166E-03   -0.2782868E-03   -0.4033991E-04   -0.3585153E-04    0.6148475E-06   -0.1441122E-07
   -0.1568630E-07    0.6608640E-07   -0.2390112E-08   -0.8113282E-06   -0.1585176E-05   -0.5987420E-06   -0.2241325E-07    0.4461351E-02   -0.1906674E-04   -0.3910052E-03    0.4156449E-02    0.1990177E-03   -0.2709417E-02   -0.7880097E-02    0.1990523E-03    0.5059009E-05   -0.1734976E-03    0.2611272E-02    0.4635945E-02   -0.1441122E-07    0.2133048E-05
