# omegabh2 omegach2 theta tau logA ns nrun r calPlanck acib217 xi asz143 aps100 aps143 aps143217 aps217 aksz kgal100 kgal143 kgal143217 kgal217 galfTE100 galfTE100143 galfTE100217 galfTE143 galfTE143217 galfTE217 cal0 cal2
  2.0446973E-08  -5.2042836E-08   1.0599601E-08   2.5042836E-07   5.6780607E-07   1.0102956E-07  -3.4308820E-07   1.1549742E-06   1.9668361E-08  -4.6320263E-05   6.7643769E-07   7.5433921E-06  -1.1070732E-04  -7.6323367E-05  -1.9524368E-05   2.6560562E-05  -8.8779141E-06   5.2556505E-07  -3.4331872E-06  -4.7158967E-06   1.3592169E-05   4.1261787E-08  -1.7124353E-08  -2.0989088E-07  -1.9812433E-07  -4.2894929E-07  -1.9759884E-06   2.6674369E-09  -1.2672999E-09
 -5.2042836E-08   8.7838048E-07  -4.7623067E-08  -2.1344628E-06  -2.5176265E-06  -2.1853430E-06  -2.2962798E-07  -4.2388661E-06  -2.0835912E-07   2.3503514E-04  -3.4333042E-06  -8.5139414E-05   9.8405563E-04   6.4756307E-04   1.2710515E-04  -1.3748785E-04   1.2676291E-04   3.3780681E-05  -2.4735334E-05  -1.4444971E-05  -1.1148777E-04  -4.9452502E-07   9.6793297E-08   1.6243823E-06   1.0172721E-06   2.0655684E-06   8.7360431E-06  -4.1559858E-09   1.0176230E-08
  1.0599601E-08  -4.7623067E-08   8.2834322E-08   2.3671802E-07   4.6148101E-07   2.2719992E-07   1.8815563E-08   3.4807708E-07   1.0319041E-08  -1.0717281E-05   1.2713312E-06   5.8824359E-07  -9.2290997E-05  -3.0277121E-05   1.8040818E-05  -7.8579422E-06  -2.3624182E-07  -2.7543482E-06  -6.0678133E-06  -1.9519377E-05  -1.8697551E-05  -1.1414460E-07   6.3116071E-08  -3.9320840E-07   1.2722988E-07   5.3881974E-09  -5.6641971E-07  -2.1557132E-10   1.8201877E-09
  2.5042836E-07  -2.1344628E-06   2.3671802E-07   4.9637394E-05   9.3828940E-05   5.7674862E-06  -1.0439828E-05   4.2450648E-05  -9.5027745E-07  -4.9641947E-04   1.4601300E-05  -1.9142553E-04   1.0136117E-03   2.9357989E-04  -1.5849600E-06   6.5360721E-04   3.6746457E-05  -1.1791592E-04   1.2784258E-04  -2.6378740E-04  -5.7860840E-04   2.3754174E-06   1.0148801E-06   3.9918593E-06  -7.5621528E-06   2.1376743E-06  -1.6202892E-05   2.0242877E-09  -1.0307600E-07
  5.6780607E-07  -2.5176265E-06   4.6148101E-07   9.3828940E-05   2.1023919E-04   3.9924004E-06  -3.2128029E-05   1.0121709E-04   9.8376531E-06   4.9490394E-04   5.5412538E-05  -1.1181369E-03   1.4134425E-02   7.1851643E-03   3.5082170E-03   5.9052861E-03   5.9436539E-04  -2.9919352E-04  -4.7827484E-04  -1.1684978E-03  -5.1888880E-04   5.0720796E-06   2.6034973E-06   1.1645729E-05  -1.6703760E-05   1.0861715E-05  -1.1305747E-05   1.8534749E-07  -1.5551056E-07
  1.0102956E-07  -2.1853430E-06   2.2719992E-07   5.7674862E-06   3.9924004E-06   1.5842792E-05   7.4485314E-06   2.1301817E-05   4.0888985E-07  -5.5248145E-03   1.0512310E-04   1.4007686E-03  -2.9380431E-02  -8.8097682E-03   1.9192435E-03   6.1701547E-03  -2.9663936E-03   1.1316922E-04  -3.7091235E-04  -4.3595169E-04   1.5335244E-03   4.6338887E-07  -1.3147520E-06  -6.2277904E-06  -2.5504598E-06  -6.9735515E-06  -3.0431135E-05  -8.3774567E-08  -1.0585680E-07
 -3.4308820E-07  -2.2962798E-07   1.8815563E-08  -1.0439828E-05  -3.2128029E-05   7.4485314E-06   5.4816061E-05  -1.5642899E-04   3.8274716E-07  -6.8563166E-03   1.2964624E-04   2.2671559E-03  -3.6567785E-02  -1.8029738E-02  -2.1029555E-03   2.9304271E-03  -3.6455957E-03  -3.5926775E-04  -3.1114547E-04  -7.1942778E-04   1.0644168E-03  -1.2921357E-06  -6.3485217E-06   3.3387440E-06  -4.1892525E-06   1.3996367E-05   4.9630177E-05  -5.7559161E-08  -1.7465245E-07
  1.1549742E-06  -4.2388661E-06   3.4807708E-07   4.2450648E-05   1.0121709E-04   2.1301817E-05  -1.5642899E-04   2.6117968E-03   1.8582836E-06   1.0427856E-02  -6.6518040E-05  -4.4531026E-03   4.4772812E-02   3.4496332E-02   5.7497004E-03   6.3323422E-04   6.9051978E-03  -7.9103319E-04  -7.7078144E-04  -2.0114726E-03  -6.1533755E-03   4.0224744E-05   3.6500780E-05  -1.0273674E-04   1.1489521E-04  -4.4506265E-05  -3.3828550E-04  -2.8939041E-07   1.5969735E-07
  1.9668361E-08  -2.0835912E-07   1.0319041E-08  -9.5027745E-07   9.8376531E-06   4.0888985E-07   3.8274716E-07   1.8582836E-06   6.1026293E-06   5.4929911E-04   1.2174633E-05  -1.0606324E-05   2.6842270E-03   5.6877974E-04   5.7346501E-04   1.2360570E-03   1.0746675E-04   3.0165721E-05  -9.2548507E-05  -1.3340893E-04   5.6141072E-04   7.1611308E-07  -5.0102380E-08  -1.4956570E-07  -1.2917639E-06   2.3187811E-06   3.9360500E-06   1.4736524E-08   2.3536339E-09
 -4.6320263E-05   2.3503514E-04  -1.0717281E-05  -4.9641947E-04   4.9490394E-04  -5.5248145E-03  -6.8563166E-03   1.0427856E-02   5.4929911E-04   4.4909884E+01  -3.7801490E-01  -1.1837402E+00   4.1938466E+01   4.3353019E+00  -1.2534313E+01  -5.4441583E+01   3.7611699E-01   2.4348960E-01   4.1099622E-01  -5.9661133E+00  -3.3624419E+01  -1.4770136E-03   3.2391521E-03   1.2051637E-02   1.6227451E-04   1.8782744E-03   6.9619632E-03  -9.8312045E-05   7.2003796E-04
  6.7643769E-07  -3.4333042E-06   1.2713312E-06   1.4601300E-05   5.5412538E-05   1.0512310E-04   1.2964624E-04  -6.6518040E-05   1.2174633E-05  -3.7801490E-01   8.3296835E-02  -5.5678204E-02  -5.4540118E-01   8.5020320E-01   1.6263551E+00   5.7200154E-01   6.7042243E-02  -1.3893350E-02   2.3596638E-03   8.2849671E-02   1.0031267E-01  -4.0586007E-06  -1.0893360E-04   1.9743196E-04   1.8285883E-05   3.0481895E-04   5.6619588E-04   3.4971590E-06  -3.0367044E-06
  7.5433921E-06  -8.5139414E-05   5.8824359E-07  -1.9142553E-04  -1.1181369E-03   1.4007686E-03   2.2671559E-03  -4.4531026E-03  -1.0606324E-05  -1.1837402E+00  -5.5678204E-02   4.0693387E+00  -3.2764236E+01  -3.9546007E+00   7.6017705E+00   5.6630946E+00  -3.0637227E+00  -2.3214561E-01   1.2039410E-01   2.6989181E+00   3.5251380E+00  -4.9293023E-04  -6.4017321E-04  -2.0090754E-03  -1.9845589E-03  -3.0417495E-03  -5.3566001E-03   9.2834263E-05  -3.6751661E-05
 -1.1070732E-04   9.8405563E-04  -9.2290997E-05   1.0136117E-03   1.4134425E-02  -2.9380431E-02  -3.6567785E-02   4.4772812E-02   2.6842270E-03   4.1938466E+01  -5.4540118E-01  -3.2764236E+01   8.0439571E+02   7.9892945E+01  -5.4270286E+01  -6.4521516E+01   1.7403613E+01  -5.9895759E+00   6.2222486E+00  -1.3133266E+01  -2.8899692E+01  -3.6084790E-03   4.4539660E-03   3.9096997E-02   8.1607393E-03   3.4367739E-02   3.0089037E-02   3.7673379E-03   4.6838864E-04
 -7.6323367E-05   6.4756307E-04  -3.0277121E-05   2.9357989E-04   7.1851643E-03  -8.8097682E-03  -1.8029738E-02   3.4496332E-02   5.6877974E-04   4.3353019E+00   8.5020320E-01  -3.9546007E+00   7.9892945E+01   6.6474718E+01   4.0306765E+01   1.4096819E+01  -3.9411216E+00  -3.3752940E-01  -1.1963311E+00   3.6825320E+00   3.6258641E+00  -4.2211419E-03   1.3231069E-03   5.7130665E-03   8.4853248E-03  -2.0717201E-03  -5.4442780E-03   8.5389500E-05   2.0252225E-04
 -1.9524368E-05   1.2710515E-04   1.8040818E-05  -1.5849600E-06   3.5082170E-03   1.9192435E-03  -2.1029555E-03   5.7497004E-03   5.7346501E-04  -1.2534313E+01   1.6263551E+00   7.6017705E+00  -5.4270286E+01   4.0306765E+01   8.4244162E+01   5.2841294E+01  -1.2020706E+01  -9.5183754E-01  -7.2547492E-01   5.0024884E+00   8.2061295E+00  -4.5537916E-03  -4.4799883E-03  -2.1115888E-03  -2.2499949E-04  -1.0325445E-02  -3.3309804E-02   3.8011578E-04  -3.4071858E-04
  2.6560562E-05  -1.3748785E-04  -7.8579422E-06   6.5360721E-04   5.9052861E-03   6.1701547E-03   2.9304271E-03   6.3323422E-04   1.2360570E-03  -5.4441583E+01   5.7200154E-01   5.6630946E+00  -6.4521516E+01   1.4096819E+01   5.2841294E+01   1.0280640E+02  -1.0137000E+01  -6.6004615E-01  -9.4615294E-01   5.8945904E+00   3.3640557E+01  -5.6186016E-04  -6.1075114E-03  -2.3183730E-02  -3.8100698E-03  -1.2251157E-02  -3.8124571E-02   3.3704561E-04  -1.3253006E-03
 -8.8779141E-06   1.2676291E-04  -2.3624182E-07   3.6746457E-05   5.9436539E-04  -2.9663936E-03  -3.6455957E-03   6.9051978E-03   1.0746675E-04   3.7611699E-01   6.7042243E-02  -3.0637227E+00   1.7403613E+01  -3.9411216E+00  -1.2020706E+01  -1.0137000E+01   6.5752592E+00   1.0459424E-01  -2.1333452E-01  -2.2368018E+00  -2.7229757E+00   1.7433482E-03   1.7990682E-03   4.0422359E-03   3.5569248E-03   3.8992182E-03   5.9678424E-03  -5.7749608E-05   1.2004562E-05
  5.2556505E-07   3.3780681E-05  -2.7543482E-06  -1.1791592E-04  -2.9919352E-04   1.1316922E-04  -3.5926775E-04  -7.9103319E-04   3.0165721E-05   2.4348960E-01  -1.3893350E-02  -2.3214561E-01  -5.9895759E+00  -3.3752940E-01  -9.5183754E-01  -6.6004615E-01   1.0459424E-01   3.3744322E+00   5.6776892E-01   1.9769492E-01   2.0283269E-01   3.0519234E-04   2.9591780E-04  -8.1121110E-04  -6.6941367E-05  -2.1151038E-03  -8.5986935E-03   1.8563292E-04   3.2794042E-07
 -3.4331872E-06  -2.4735334E-05  -6.0678133E-06   1.2784258E-04  -4.7827484E-04  -3.7091235E-04  -3.1114547E-04  -7.7078144E-04  -9.2548507E-05   4.1099622E-01   2.3596638E-03   1.2039410E-01   6.2222486E+00  -1.1963311E+00  -7.2547492E-01  -9.4615294E-01  -2.1333452E-01   5.6776892E-01   3.1998325E+00   2.7072000E+00   2.7143918E+00   5.4615464E-05  -6.4816454E-04   3.4155538E-05   2.3966019E-04   2.6750365E-04   4.5354005E-03  -1.9465040E-04  -5.9719153E-05
 -4.7158967E-06  -1.4444971E-05  -1.9519377E-05  -2.6378740E-04  -1.1684978E-03  -4.3595169E-04  -7.1942778E-04  -2.0114726E-03  -1.3340893E-04  -5.9661133E+00   8.2849671E-02   2.6989181E+00  -1.3133266E+01   3.6825320E+00   5.0024884E+00   5.8945904E+00  -2.2368018E+00   1.9769492E-01   2.7072000E+00   1.0913765E+01   1.9568926E+01  -8.6115185E-04   2.6784769E-04  -3.0545004E-03   1.1761902E-03  -2.4172531E-03   6.0803880E-03  -5.2714236E-05   4.1251439E-04
  1.3592169E-05  -1.1148777E-04  -1.8697551E-05  -5.7860840E-04  -5.1888880E-04   1.5335244E-03   1.0644168E-03  -6.1533755E-03   5.6141072E-04  -3.3624419E+01   1.0031267E-01   3.5251380E+00  -2.8899692E+01   3.6258641E+00   8.2061295E+00   3.3640557E+01  -2.7229757E+00   2.0283269E-01   2.7143918E+00   1.9568926E+01   5.4204879E+01  -1.3050968E-03  -1.3336063E-05  -9.4455329E-03   3.9528140E-03  -3.2609107E-03   1.6738015E-03  -1.2720692E-05   9.5118964E-04
  4.1261787E-08  -4.9452502E-07  -1.1414460E-07   2.3754174E-06   5.0720796E-06   4.6338887E-07  -1.2921357E-06   4.0224744E-05   7.1611308E-07  -1.4770136E-03  -4.0586007E-06  -4.9293023E-04  -3.6084790E-03  -4.2211419E-03  -4.5537916E-03  -5.6186016E-04   1.7433482E-03   3.0519234E-04   5.4615464E-05  -8.6115185E-04  -1.3050968E-03   1.4843088E-03   2.6336602E-04   1.1352862E-04  -4.0416568E-04  -1.2318319E-04  -8.2418554E-05   1.1715844E-07   7.4469400E-08
 -1.7124353E-08   9.6793297E-08   6.3116071E-08   1.0148801E-06   2.6034973E-06  -1.3147520E-06  -6.3485217E-06   3.6500780E-05  -5.0102380E-08   3.2391521E-03  -1.0893360E-04  -6.4017321E-04   4.4539660E-03   1.3231069E-03  -4.4799883E-03  -6.1075114E-03   1.7990682E-03   2.9591780E-04  -6.4816454E-04   2.6784769E-04  -1.3336063E-05   2.6336602E-04   8.7502799E-04   1.8260911E-05   7.4748950E-04   2.5217906E-05  -6.4690666E-04  -7.2824568E-09   7.8064757E-08
 -2.0989088E-07   1.6243823E-06  -3.9320840E-07   3.9918593E-06   1.1645729E-05  -6.2277904E-06   3.3387440E-06  -1.0273674E-04  -1.4956570E-07   1.2051637E-02   1.9743196E-04  -2.0090754E-03   3.9096997E-02   5.7130665E-03  -2.1115888E-03  -2.3183730E-02   4.0422359E-03  -8.1121110E-04   3.4155538E-05  -3.0545004E-03  -9.4455329E-03   1.1352862E-04   1.8260911E-05   7.0709191E-03  -3.4331002E-04   6.9597677E-04   4.5119245E-03  -1.6053848E-07   8.1424445E-07
 -1.9812433E-07   1.0172721E-06   1.2722988E-07  -7.5621528E-06  -1.6703760E-05  -2.5504598E-06  -4.1892525E-06   1.1489521E-04  -1.2917639E-06   1.6227451E-04   1.8285883E-05  -1.9845589E-03   8.1607393E-03   8.4853248E-03  -2.2499949E-04  -3.8100698E-03   3.5569248E-03  -6.6941367E-05   2.3966019E-04   1.1761902E-03   3.9528140E-03  -4.0416568E-04   7.4748950E-04  -3.4331002E-04   2.8948298E-03   5.1182931E-04  -8.5955607E-04  -2.7775858E-08   8.8192073E-08
 -4.2894929E-07   2.0655684E-06   5.3881974E-09   2.1376743E-06   1.0861715E-05  -6.9735515E-06   1.3996367E-05  -4.4506265E-05   2.3187811E-06   1.8782744E-03   3.0481895E-04  -3.0417495E-03   3.4367739E-02  -2.0717201E-03  -1.0325445E-02  -1.2251157E-02   3.8992182E-03  -2.1151038E-03   2.6750365E-04  -2.4172531E-03  -3.2609107E-03  -1.2318319E-04   2.5217906E-05   6.9597677E-04   5.1182931E-04   6.3376360E-03   8.2234975E-03  -6.7117628E-07   4.9862947E-08
 -1.9759884E-06   8.7360431E-06  -5.6641971E-07  -1.6202892E-05  -1.1305747E-05  -3.0431135E-05   4.9630177E-05  -3.3828550E-04   3.9360500E-06   6.9619632E-03   5.6619588E-04  -5.3566001E-03   3.0089037E-02  -5.4442780E-03  -3.3309804E-02  -3.8124571E-02   5.9678424E-03  -8.5986935E-03   4.5354005E-03   6.0803880E-03   1.6738015E-03  -8.2418554E-05  -6.4690666E-04   4.5119245E-03  -8.5955607E-04   8.2234975E-03   7.3108629E-02  -8.7532343E-07  -1.3049791E-06
  2.6674369E-09  -4.1559858E-09  -2.1557132E-10   2.0242877E-09   1.8534749E-07  -8.3774567E-08  -5.7559161E-08  -2.8939041E-07   1.4736524E-08  -9.8312045E-05   3.4971590E-06   9.2834263E-05   3.7673379E-03   8.5389500E-05   3.8011578E-04   3.3704561E-04  -5.7749608E-05   1.8563292E-04  -1.9465040E-04  -5.2714236E-05  -1.2720692E-05   1.1715844E-07  -7.2824568E-09  -1.6053848E-07  -2.7775858E-08  -6.7117628E-07  -8.7532343E-07   3.8306015E-07   4.1871361E-09
 -1.2672999E-09   1.0176230E-08   1.8201877E-09  -1.0307600E-07  -1.5551056E-07  -1.0585680E-07  -1.7465245E-07   1.5969735E-07   2.3536339E-09   7.2003796E-04  -3.0367044E-06  -3.6751661E-05   4.6838864E-04   2.0252225E-04  -3.4071858E-04  -1.3253006E-03   1.2004562E-05   3.2794042E-07  -5.9719153E-05   4.1251439E-04   9.5118964E-04   7.4469400E-08   7.8064757E-08   8.1424445E-07   8.8192073E-08   4.9862947E-08  -1.3049791E-06   4.1871361E-09   3.8995471E-07
