# omegabh2 omegach2 theta tau alpha1 logA ns calPlanck acib217 xi asz143 aps100 aps143 aps143217 aps217 aksz kgal100 kgal143 kgal143217 kgal217 galfEE100 galfEE100143 galfEE100217 galfEE143 galfEE143217 galfEE217 galfTE100 galfTE100143 galfTE100217 galfTE143 galfTE143217 galfTE217 cal0 cal2
    0.2227910E-07   -0.4475529E-07    0.9639198E-09    0.7825143E-06   -0.2533688E-07    0.1620351E-05    0.3989237E-07    0.1414737E-07   -0.1032320E-03    0.2425359E-05    0.2295427E-04   -0.3937828E-03   -0.2095186E-03   -0.2271159E-04    0.5481997E-04   -0.3594677E-04   -0.9356182E-06   -0.8142362E-05   -0.1068781E-04    0.6250090E-05    0.4694631E-07    0.7281253E-07   -0.7034929E-08    0.7620840E-07    0.1127916E-06    0.2922219E-06   -0.3961830E-07   -0.2733848E-07    0.1111070E-06   -0.1492933E-06   -0.4747465E-06   -0.2074039E-05    0.5055253E-08   -0.9035670E-08
   -0.4475529E-07    0.1338095E-05   -0.1721782E-06   -0.4419569E-05   -0.2374118E-06   -0.5157109E-05   -0.4213766E-05   -0.6418050E-07    0.1341775E-03   -0.4409146E-05   -0.7995201E-04    0.1378916E-02    0.6850803E-03    0.2404722E-03    0.1543314E-03    0.1091966E-03   -0.1996241E-04   -0.1360564E-04   -0.1637245E-04    0.1055060E-04   -0.2459993E-06   -0.1560040E-06   -0.1781683E-06   -0.1819760E-06   -0.9668891E-06   -0.1095856E-05    0.6584706E-06    0.6230658E-07    0.5586789E-06    0.1760209E-06    0.1635319E-05    0.7315458E-05    0.5771140E-08    0.1295605E-07
    0.9639198E-09   -0.1721782E-06    0.1421638E-06    0.9341730E-07    0.1168063E-06   -0.3804876E-06    0.1009215E-05    0.1122839E-07   -0.4578506E-04    0.3794831E-06    0.7540682E-05   -0.1583152E-03   -0.2690498E-04    0.3621814E-04    0.7489307E-04   -0.1310815E-04    0.3786842E-05    0.5178517E-05    0.1266027E-05    0.2585705E-04   -0.7880227E-07   -0.1408290E-06   -0.1174423E-06   -0.1553607E-06    0.8852247E-07   -0.2027729E-06   -0.8764309E-07   -0.2639336E-06    0.3748883E-07   -0.2759689E-06   -0.2409909E-06   -0.8464595E-06   -0.2452792E-08   -0.1468382E-08
    0.7825143E-06   -0.4419569E-05    0.9341730E-07    0.2766646E-03   -0.1152632E-05    0.5409092E-03    0.1865192E-04   -0.1765825E-05   -0.1220785E-01    0.2766860E-03    0.2352964E-02   -0.4334738E-01   -0.1794318E-01    0.1527668E-02    0.9610934E-02   -0.4160617E-02   -0.6342525E-03   -0.9310556E-03   -0.1887916E-02   -0.8799993E-03    0.3767293E-05    0.4986502E-05    0.7904088E-05    0.3107358E-05    0.7048799E-05   -0.3169135E-04   -0.3285590E-05    0.2649006E-05    0.2373438E-04   -0.6080678E-05   -0.2236590E-04   -0.5731045E-04    0.2478316E-06   -0.1685767E-05
   -0.2533688E-07   -0.2374118E-06    0.1168063E-06   -0.1152632E-05    0.3209038E-06   -0.3439156E-05    0.1607161E-05    0.3713114E-08   -0.1954634E-04    0.5319797E-07    0.7931437E-05   -0.1511555E-03    0.5130250E-04    0.1151316E-03    0.8969397E-04   -0.2404878E-04    0.7737264E-05    0.1732814E-04    0.1454546E-04    0.6148710E-04   -0.2462783E-06   -0.3560693E-06   -0.1000916E-06   -0.4276725E-06   -0.3156501E-07    0.2940822E-06   -0.2456095E-06   -0.1221097E-06    0.2176745E-06   -0.1490868E-06   -0.4768512E-08    0.2492685E-05   -0.9236731E-08    0.7261229E-08
    0.1620351E-05   -0.5157109E-05   -0.3804876E-06    0.5409092E-03   -0.3439156E-05    0.1096765E-02    0.2179230E-04    0.8793951E-05   -0.2387230E-01    0.6049175E-03    0.4430865E-02   -0.7838281E-01   -0.3252022E-01    0.6349554E-02    0.2493315E-01   -0.8732100E-02   -0.1804326E-02   -0.2572231E-02   -0.4475775E-02   -0.7225523E-03    0.8042834E-05    0.1018987E-04    0.1716346E-04    0.7419821E-05    0.1051854E-04   -0.6156165E-04   -0.4771290E-05    0.6482690E-05    0.4971154E-04   -0.6710456E-05   -0.4134563E-04   -0.8878569E-04    0.7310672E-06   -0.3380272E-05
    0.3989237E-07   -0.4213766E-05    0.1009215E-05    0.1865192E-04    0.1607161E-05    0.2179230E-04    0.2606044E-04   -0.4507819E-07   -0.4815764E-02    0.1315376E-03    0.1033640E-02   -0.2433686E-01   -0.5948146E-02    0.3159890E-02    0.5751770E-02   -0.2295821E-02    0.2699044E-03   -0.8668145E-04   -0.6518112E-03    0.1773224E-03    0.1201367E-05    0.5400447E-06   -0.3080072E-06    0.2285275E-06    0.3578945E-05   -0.2924703E-06   -0.2198879E-05    0.1332570E-05   -0.1650167E-05    0.9669565E-06   -0.7820119E-06   -0.6209280E-05   -0.1532598E-06   -0.4224731E-06
    0.1414737E-07   -0.6418050E-07    0.1122839E-07   -0.1765825E-05    0.3713114E-08    0.8793951E-05   -0.4507819E-07    0.6143064E-05    0.9428695E-03    0.3317339E-05   -0.4150150E-04    0.3660181E-02    0.7679146E-03    0.3937150E-03    0.1097334E-02    0.7479481E-07   -0.1303842E-03   -0.7418906E-04   -0.9326110E-04    0.5504829E-03    0.5649463E-06    0.2300182E-06    0.9534245E-06    0.7464530E-06    0.3302953E-06    0.2222554E-05   -0.2176198E-06    0.6012988E-06   -0.2525185E-06    0.3057931E-05    0.9788757E-06    0.8401455E-05   -0.6291402E-08    0.2390230E-07
   -0.1032320E-03    0.1341775E-03   -0.4578506E-04   -0.1220785E-01   -0.1954634E-04   -0.2387230E-01   -0.4815764E-02    0.9428695E-03    0.4307218E+02   -0.5193867E+00   -0.1666368E+01    0.4129048E+02   -0.2245723E+00   -0.2251866E+02   -0.6139127E+02    0.4499818E+00    0.1897338E-01    0.1063220E+00   -0.1725996E+01   -0.1779489E+02   -0.7822466E-03   -0.8942223E-03   -0.5803339E-03    0.2311718E-03   -0.4015507E-02   -0.2189475E-03   -0.9303057E-03    0.2582505E-03    0.4523424E-04   -0.2956286E-02   -0.2439064E-02   -0.1732499E-01   -0.2621462E-03    0.4368493E-02
    0.2425359E-05   -0.4409146E-05    0.3794831E-06    0.2766860E-03    0.5319797E-07    0.6049175E-03    0.1315376E-03    0.3317339E-05   -0.5193867E+00    0.7954560E-01   -0.5905408E-01   -0.8117245E+00    0.9904919E+00    0.1922931E+01    0.8319555E+00    0.6158585E-01   -0.1368806E-01    0.4084863E-02    0.9858384E-01    0.9918312E-01    0.2802269E-04    0.1653578E-04   -0.2880080E-04    0.8523788E-05    0.1202944E-03    0.9892591E-04   -0.3901904E-04    0.7205512E-04   -0.8173555E-04    0.1178947E-03    0.1932400E-04   -0.3104001E-03    0.3286946E-05   -0.1986094E-04
    0.2295427E-04   -0.7995201E-04    0.7540682E-05    0.2352964E-02    0.7931437E-05    0.4430865E-02    0.1033640E-02   -0.4150150E-04   -0.1666368E+01   -0.5905408E-01    0.3529183E+01   -0.2671779E+02   -0.3566278E+01    0.7397496E+01    0.6288994E+01   -0.2342871E+01   -0.1384194E+00    0.7085867E-01    0.2273145E+01    0.2013679E+01    0.1424215E-03    0.1408521E-03   -0.5217275E-03    0.1577181E-03   -0.5512036E-03    0.1323345E-04    0.7623867E-03   -0.2077819E-04   -0.2717052E-03   -0.2058905E-03    0.2224793E-03   -0.5959443E-02    0.1824911E-03   -0.3696304E-03
   -0.3937828E-03    0.1378916E-02   -0.1583152E-03   -0.4334738E-01   -0.1511555E-03   -0.7838281E-01   -0.2433686E-01    0.3660181E-02    0.4129048E+02   -0.8117245E+00   -0.2671779E+02    0.7350409E+03    0.6018147E+02   -0.6325477E+02   -0.6683406E+02    0.1000784E+02   -0.4924499E+01    0.3172127E+01   -0.1107802E+02   -0.1582342E+02   -0.2137808E-02   -0.2387055E-02    0.9679327E-03   -0.3007016E-02   -0.5189702E-03   -0.2849745E-01    0.5128732E-03    0.1209845E-02    0.2029442E-01    0.4268151E-02   -0.8104218E-02    0.3838676E-01    0.5698039E-02    0.3570185E-02
   -0.2095186E-03    0.6850803E-03   -0.2690498E-04   -0.1794318E-01    0.5130250E-04   -0.3252022E-01   -0.5948146E-02    0.7679146E-03   -0.2245723E+00    0.9904919E+00   -0.3566278E+01    0.6018147E+02    0.5812098E+02    0.4335150E+02    0.1790580E+02   -0.4080412E+01   -0.4011869E+00   -0.1269295E+01    0.3459075E+01    0.3733839E+01   -0.6921116E-03   -0.1344314E-02   -0.1072767E-02   -0.1147056E-02   -0.1310775E-03   -0.2523164E-02    0.6335086E-03    0.1935604E-03   -0.1736512E-02   -0.2063963E-02    0.5122103E-02    0.1068373E-01    0.4442596E-04    0.2631609E-03
   -0.2271159E-04    0.2404722E-03    0.3621814E-04    0.1527668E-02    0.1151316E-03    0.6349554E-02    0.3159890E-02    0.3937150E-03   -0.2251866E+02    0.1922931E+01    0.7397496E+01   -0.6325477E+02    0.4335150E+02    0.9842303E+02    0.6725290E+02   -0.1062920E+02   -0.9854638E+00   -0.5207612E+00    0.4187939E+01    0.4759833E+01    0.7204046E-03   -0.1158208E-04   -0.4616867E-02   -0.3670259E-04   -0.2994547E-02    0.7524457E-02    0.1349825E-02   -0.1188132E-02   -0.5777109E-02   -0.2533814E-02    0.6290168E-02   -0.2792919E-02    0.6191762E-03   -0.2658753E-02
    0.5481997E-04    0.1543314E-03    0.7489307E-04    0.9610934E-02    0.8969397E-04    0.2493315E-01    0.5751770E-02    0.1097334E-02   -0.6139127E+02    0.8319555E+00    0.6288994E+01   -0.6683406E+02    0.1790580E+02    0.6725290E+02    0.1218334E+03   -0.9298934E+01   -0.6412717E+00   -0.4958709E+00   -0.1331869E+01    0.1363526E+02    0.7927057E-03    0.6603339E-03   -0.1604686E-02   -0.3640736E-03   -0.9232219E-03    0.4910016E-02    0.1949749E-02   -0.1430575E-02   -0.2664678E-02    0.1932253E-03    0.8978497E-02    0.4347430E-01    0.6372252E-03   -0.7837184E-02
   -0.3594677E-04    0.1091966E-03   -0.1310815E-04   -0.4160617E-02   -0.2404878E-04   -0.8732100E-02   -0.2295821E-02    0.7479481E-07    0.4499818E+00    0.6158585E-01   -0.2342871E+01    0.1000784E+02   -0.4080412E+01   -0.1062920E+02   -0.9298934E+01    0.5263867E+01    0.1046887E+00   -0.5514766E-01   -0.1650360E+01   -0.1359301E+01   -0.2328892E-03   -0.1548857E-03    0.7940011E-03   -0.1450908E-03    0.2051958E-02    0.2553244E-03   -0.1499170E-02   -0.3116489E-03   -0.1005959E-02    0.1624786E-02   -0.1090629E-02   -0.4780675E-03   -0.1299535E-03    0.1855995E-03
   -0.9356182E-06   -0.1996241E-04    0.3786842E-05   -0.6342525E-03    0.7737264E-05   -0.1804326E-02    0.2699044E-03   -0.1303842E-03    0.1897338E-01   -0.1368806E-01   -0.1384194E+00   -0.4924499E+01   -0.4011869E+00   -0.9854638E+00   -0.6412717E+00    0.1046887E+00    0.3481285E+01    0.4425662E+00    0.2952914E+00    0.4500455E+00    0.1035078E-03    0.1808668E-04    0.4870119E-03    0.5339430E-04    0.8698113E-03    0.1187160E-02   -0.6154008E-03    0.1147765E-02   -0.2126865E-04    0.1330877E-02   -0.9137698E-04   -0.5444639E-02    0.2686899E-03    0.2025814E-04
   -0.8142362E-05   -0.1360564E-04    0.5178517E-05   -0.9310556E-03    0.1732814E-04   -0.2572231E-02   -0.8668145E-04   -0.7418906E-04    0.1063220E+00    0.4084863E-02    0.7085867E-01    0.3172127E+01   -0.1269295E+01   -0.5207612E+00   -0.4958709E+00   -0.5514766E-01    0.4425662E+00    0.3438498E+01    0.2637447E+01    0.1799776E+01    0.1677687E-03    0.3142999E-04    0.1377763E-02    0.1747819E-03    0.4152902E-03   -0.2613995E-03    0.7903029E-03    0.6506961E-04    0.2362648E-03    0.3324618E-04    0.2337678E-02    0.4711156E-02   -0.2951117E-03   -0.2052583E-03
   -0.1068781E-04   -0.1637245E-04    0.1266027E-05   -0.1887916E-02    0.1454546E-04   -0.4475775E-02   -0.6518112E-03   -0.9326110E-04   -0.1725996E+01    0.9858384E-01    0.2273145E+01   -0.1107802E+02    0.3459075E+01    0.4187939E+01   -0.1331869E+01   -0.1650360E+01    0.2952914E+00    0.2637447E+01    0.1727985E+02    0.2578168E+02    0.1152380E-03   -0.1020942E-03    0.6344351E-03    0.1688431E-03    0.3347101E-02   -0.4768276E-02    0.9977048E-03    0.5423209E-03   -0.5442658E-03    0.1776592E-02   -0.2870315E-02   -0.8108726E-02   -0.6525965E-05    0.2591642E-02
    0.6250090E-05    0.1055060E-04    0.2585705E-04   -0.8799993E-03    0.6148710E-04   -0.7225523E-03    0.1773224E-03    0.5504829E-03   -0.1779489E+02    0.9918312E-01    0.2013679E+01   -0.1582342E+02    0.3733839E+01    0.4759833E+01    0.1363526E+02   -0.1359301E+01    0.4500455E+00    0.1799776E+01    0.2578168E+02    0.5464580E+02    0.6127845E-03    0.1719909E-03   -0.2810642E-05    0.1750608E-03    0.7032156E-02   -0.5272219E-02    0.9059265E-03   -0.8483927E-03    0.1230610E-02    0.4487551E-02   -0.4710609E-02   -0.2907592E-02    0.8092303E-04    0.4685310E-02
    0.4694631E-07   -0.2459993E-06   -0.7880227E-07    0.3767293E-05   -0.2462783E-06    0.8042834E-05    0.1201367E-05    0.5649463E-06   -0.7822466E-03    0.2802269E-04    0.1424215E-03   -0.2137808E-02   -0.6921116E-03    0.7204046E-03    0.7927057E-03   -0.2328892E-03    0.1035078E-03    0.1677687E-03    0.1152380E-03    0.6127845E-03    0.3217048E-04    0.8408260E-05   -0.3202647E-05    0.3622658E-05    0.1511481E-05   -0.8739026E-05   -0.1347936E-05   -0.5938288E-06   -0.6600579E-06    0.1290206E-05   -0.8986375E-06   -0.1377097E-04   -0.4542758E-07   -0.2465990E-07
    0.7281253E-07   -0.1560040E-06   -0.1408290E-06    0.4986502E-05   -0.3560693E-06    0.1018987E-04    0.5400447E-06    0.2300182E-06   -0.8942223E-03    0.1653578E-04    0.1408521E-03   -0.2387055E-02   -0.1344314E-02   -0.1158208E-04    0.6603339E-03   -0.1548857E-03    0.1808668E-04    0.3142999E-04   -0.1020942E-03    0.1719909E-03    0.8408260E-05    0.2482092E-04   -0.1871021E-05    0.1276181E-04   -0.9592915E-06   -0.2224978E-05    0.2088050E-05   -0.4535297E-06    0.4146621E-05   -0.2609578E-05   -0.9139346E-06   -0.9073269E-05   -0.3012748E-07   -0.1193104E-06
   -0.7034929E-08   -0.1781683E-06   -0.1174423E-06    0.7904088E-05   -0.1000916E-06    0.1716346E-04   -0.3080072E-06    0.9534245E-06   -0.5803339E-03   -0.2880080E-04   -0.5217275E-03    0.9679327E-03   -0.1072767E-02   -0.4616867E-02   -0.1604686E-02    0.7940011E-03    0.4870119E-03    0.1377763E-02    0.6344351E-03   -0.2810642E-05   -0.3202647E-05   -0.1871021E-05    0.1046579E-02   -0.3649676E-05    0.2187749E-05    0.5287507E-04   -0.1434456E-04    0.2129225E-05   -0.7676224E-04    0.8944625E-05   -0.2200729E-04   -0.5810957E-04   -0.6193819E-07   -0.6699427E-06
    0.7620840E-07   -0.1819760E-06   -0.1553607E-06    0.3107358E-05   -0.4276725E-06    0.7419821E-05    0.2285275E-06    0.7464530E-06    0.2311718E-03    0.8523788E-05    0.1577181E-03   -0.3007016E-02   -0.1147056E-02   -0.3670259E-04   -0.3640736E-03   -0.1450908E-03    0.5339430E-04    0.1747819E-03    0.1688431E-03    0.1750608E-03    0.3622658E-05    0.1276181E-04   -0.3649676E-05    0.4775877E-04   -0.2633934E-05    0.3916391E-05    0.1341849E-05   -0.2924055E-05    0.4405744E-05   -0.6737072E-05    0.2465832E-05   -0.2059399E-05   -0.1397365E-07    0.1111417E-06
    0.1127916E-06   -0.9668891E-06    0.8852247E-07    0.7048799E-05   -0.3156501E-07    0.1051854E-04    0.3578945E-05    0.3302953E-06   -0.4015507E-02    0.1202944E-03   -0.5512036E-03   -0.5189702E-03   -0.1310775E-03   -0.2994547E-02   -0.9232219E-03    0.2051958E-02    0.8698113E-03    0.4152902E-03    0.3347101E-02    0.7032156E-02    0.1511481E-05   -0.9592915E-06    0.2187749E-05   -0.2633934E-05    0.2146852E-02    0.1009601E-03   -0.5533227E-05    0.5928297E-06    0.2550995E-04    0.2020098E-04    0.1532988E-04   -0.1400691E-03   -0.5401460E-07   -0.1157691E-06
    0.2922219E-06   -0.1095856E-05   -0.2027729E-06   -0.3169135E-04    0.2940822E-06   -0.6156165E-04   -0.2924703E-06    0.2222554E-05   -0.2189475E-03    0.9892591E-04    0.1323345E-04   -0.2849745E-01   -0.2523164E-02    0.7524457E-02    0.4910016E-02    0.2553244E-03    0.1187160E-02   -0.2613995E-03   -0.4768276E-02   -0.5272219E-02   -0.8739026E-05   -0.2224978E-05    0.5287507E-04    0.3916391E-05    0.1009601E-03    0.1631727E-01    0.9787074E-05   -0.1372385E-04   -0.1250332E-03    0.6324598E-04    0.3445610E-05   -0.4897646E-03    0.1507736E-05   -0.8546581E-06
   -0.3961830E-07    0.6584706E-06   -0.8764309E-07   -0.3285590E-05   -0.2456095E-06   -0.4771290E-05   -0.2198879E-05   -0.2176198E-06   -0.9303057E-03   -0.3901904E-04    0.7623867E-03    0.5128732E-03    0.6335086E-03    0.1349825E-02    0.1949749E-02   -0.1499170E-02   -0.6154008E-03    0.7903029E-03    0.9977048E-03    0.9059265E-03   -0.1347936E-05    0.2088050E-05   -0.1434456E-04    0.1341849E-05   -0.5533227E-05    0.9787074E-05    0.1409294E-02    0.2941498E-03    0.7937722E-04   -0.3631240E-03   -0.5686821E-04   -0.1521750E-04    0.3503249E-06   -0.2134547E-06
   -0.2733848E-07    0.6230658E-07   -0.2639336E-06    0.2649006E-05   -0.1221097E-06    0.6482690E-05    0.1332570E-05    0.6012988E-06    0.2582505E-03    0.7205512E-04   -0.2077819E-04    0.1209845E-02    0.1935604E-03   -0.1188132E-02   -0.1430575E-02   -0.3116489E-03    0.1147765E-02    0.6506961E-04    0.5423209E-03   -0.8483927E-03   -0.5938288E-06   -0.4535297E-06    0.2129225E-05   -0.2924055E-05    0.5928297E-06   -0.1372385E-04    0.2941498E-03    0.8493883E-03    0.1191231E-04    0.7410324E-03    0.2782783E-04   -0.7475719E-03   -0.5844819E-07   -0.1749341E-06
    0.1111070E-06    0.5586789E-06    0.3748883E-07    0.2373438E-04    0.2176745E-06    0.4971154E-04   -0.1650167E-05   -0.2525185E-06    0.4523424E-04   -0.8173555E-04   -0.2717052E-03    0.2029442E-01   -0.1736512E-02   -0.5777109E-02   -0.2664678E-02   -0.1005959E-02   -0.2126865E-04    0.2362648E-03   -0.5442658E-03    0.1230610E-02   -0.6600579E-06    0.4146621E-05   -0.7676224E-04    0.4405744E-05    0.2550995E-04   -0.1250332E-03    0.7937722E-04    0.1191231E-04    0.7190441E-02   -0.3645530E-03    0.6581143E-03    0.4691953E-02   -0.9392868E-07    0.1007073E-06
   -0.1492933E-06    0.1760209E-06   -0.2759689E-06   -0.6080678E-05   -0.1490868E-06   -0.6710456E-05    0.9669565E-06    0.3057931E-05   -0.2956286E-02    0.1178947E-03   -0.2058905E-03    0.4268151E-02   -0.2063963E-02   -0.2533814E-02    0.1932253E-03    0.1624786E-02    0.1330877E-02    0.3324618E-04    0.1776592E-02    0.4487551E-02    0.1290206E-05   -0.2609578E-05    0.8944625E-05   -0.6737072E-05    0.2020098E-04    0.6324598E-04   -0.3631240E-03    0.7410324E-03   -0.3645530E-03    0.2878264E-02    0.4052247E-03   -0.1144380E-02    0.1940779E-06    0.5300502E-07
   -0.4747465E-06    0.1635319E-05   -0.2409909E-06   -0.2236590E-04   -0.4768512E-08   -0.4134563E-04   -0.7820119E-06    0.9788757E-06   -0.2439064E-02    0.1932400E-04    0.2224793E-03   -0.8104218E-02    0.5122103E-02    0.6290168E-02    0.8978497E-02   -0.1090629E-02   -0.9137698E-04    0.2337678E-02   -0.2870315E-02   -0.4710609E-02   -0.8986375E-06   -0.9139346E-06   -0.2200729E-04    0.2465832E-05    0.1532988E-04    0.3445610E-05   -0.5686821E-04    0.2782783E-04    0.6581143E-03    0.4052247E-03    0.6451632E-02    0.7461118E-02   -0.9688775E-07   -0.2265140E-05
   -0.2074039E-05    0.7315458E-05   -0.8464595E-06   -0.5731045E-04    0.2492685E-05   -0.8878569E-04   -0.6209280E-05    0.8401455E-05   -0.1732499E-01   -0.3104001E-03   -0.5959443E-02    0.3838676E-01    0.1068373E-01   -0.2792919E-02    0.4347430E-01   -0.4780675E-03   -0.5444639E-02    0.4711156E-02   -0.8108726E-02   -0.2907592E-02   -0.1377097E-04   -0.9073269E-05   -0.5810957E-04   -0.2059399E-05   -0.1400691E-03   -0.4897646E-03   -0.1521750E-04   -0.7475719E-03    0.4691953E-02   -0.1144380E-02    0.7461118E-02    0.6421883E-01   -0.1834694E-05   -0.6735410E-05
    0.5055253E-08    0.5771140E-08   -0.2452792E-08    0.2478316E-06   -0.9236731E-08    0.7310672E-06   -0.1532598E-06   -0.6291402E-08   -0.2621462E-03    0.3286946E-05    0.1824911E-03    0.5698039E-02    0.4442596E-04    0.6191762E-03    0.6372252E-03   -0.1299535E-03    0.2686899E-03   -0.2951117E-03   -0.6525965E-05    0.8092303E-04   -0.4542758E-07   -0.3012748E-07   -0.6193819E-07   -0.1397365E-07   -0.5401460E-07    0.1507736E-05    0.3503249E-06   -0.5844819E-07   -0.9392868E-07    0.1940779E-06   -0.9688775E-07   -0.1834694E-05    0.5811610E-06   -0.1113414E-07
   -0.9035670E-08    0.1295605E-07   -0.1468382E-08   -0.1685767E-05    0.7261229E-08   -0.3380272E-05   -0.4224731E-06    0.2390230E-07    0.4368493E-02   -0.1986094E-04   -0.3696304E-03    0.3570185E-02    0.2631609E-03   -0.2658753E-02   -0.7837184E-02    0.1855995E-03    0.2025814E-04   -0.2052583E-03    0.2591642E-02    0.4685310E-02   -0.2465990E-07   -0.1193104E-06   -0.6699427E-06    0.1111417E-06   -0.1157691E-06   -0.8546581E-06   -0.2134547E-06   -0.1749341E-06    0.1007073E-06    0.5300502E-07   -0.2265140E-05   -0.6735410E-05   -0.1113414E-07    0.2106478E-05
