# logA ns ombh2 omch2 tau theta_MC_100 A_planck calTE
3.887212211460399237e-04 4.032124169995036678e-05 8.238338910364637811e-07 3.393580469151467476e-06 1.218863028982058170e-04 -1.316832218708846105e-08 9.085646158032661622e-07 8.520613511495657368e-05
4.032124169995036678e-05 9.149016730513442051e-05 1.168491941313508284e-06 -8.139927277646604134e-06 1.892177290087524612e-05 9.360981739950070236e-07 1.815388881979992843e-07 6.297447343145529098e-06
8.238338910364637811e-07 1.168491941313508284e-06 4.460521635913607755e-08 -1.501411388402857924e-07 3.160558597176509403e-07 2.471433906325821153e-08 7.878478420735779290e-10 1.227569119706929681e-07
3.393580469151467476e-06 -8.139927277646604134e-06 -1.501411388402857924e-07 3.114464083194793270e-06 -2.153498220352045218e-06 -2.501396059985121754e-07 2.121119402796510984e-08 -6.668517239728892540e-07
1.218863028982058170e-04 1.892177290087524612e-05 3.160558597176509403e-07 -2.153498220352045218e-06 6.099805629681943442e-05 2.637731421628851781e-07 2.790855276965390880e-07 -1.340474622738355202e-06
-1.316832218708846105e-08 9.360981739950070236e-07 2.471433906325821153e-08 -2.501396059985121754e-07 2.637731421628851781e-07 1.866543470224874672e-07 -5.129070944720146107e-09 -3.624102813109995692e-08
9.085646158032661622e-07 1.815388881979992843e-07 7.878478420735779290e-10 2.121119402796510984e-08 2.790855276965391410e-07 -5.129070944720146107e-09 6.287760264228185622e-06 2.168357854562776810e-07
8.520613511495657368e-05 6.297447343145529098e-06 1.227569119706929681e-07 -6.668517239728892540e-07 -1.340474622738355202e-06 -3.624102813109995692e-08 2.168357854562776810e-07 8.499670549500717846e-05
