# omegabh2 omegach2 theta tau w wa logA ns calPlanck aps100 aps143 aps217 acib217 asz143 psr cibr xi aksz dust100 dust143 dust217 dust143x217 cal0 cal2 calTE calEE
  2.3764379E-08  -8.6646179E-08   1.5502965E-08   2.5122752E-07  -1.5396358E-07   7.7420394E-06   3.8901153E-07   2.7741661E-07   1.8142182E-08  -3.7786564E-04  -2.7447102E-04   4.8513009E-05  -1.0954082E-04   1.9283272E-05   9.7884405E-07  -2.4012300E-06   3.8982916E-07  -3.2418262E-05   9.1576353E-07   3.2145931E-07   7.3293612E-07   4.0501831E-07   9.0384685E-10  -6.6176499E-09  -8.9143044E-08  -2.6443122E-07
 -8.6646179E-08   1.5926505E-06  -1.3017664E-07  -2.2949102E-06   1.4673560E-05  -1.6061488E-04  -9.4953471E-07  -3.6809420E-06  -9.3791671E-08   1.8717269E-04   7.3330183E-04   1.1709118E-04   2.1809671E-04   5.9956471E-06  -2.3857177E-06   1.1752040E-05  -7.9834331E-07   1.9866755E-05  -9.7316340E-06  -2.1206355E-06  -5.2586877E-07  -2.6377901E-06  -2.5010488E-08   2.8411413E-08  -4.4692981E-07  -6.8189540E-07
  1.5502965E-08  -1.3017664E-07   9.5342969E-08   2.8674041E-07  -2.0563968E-06   2.0191962E-05   4.1175766E-07   4.0933464E-07   3.1315974E-08   5.0484023E-05  -2.6644017E-05  -1.3786203E-04   6.9174174E-05   1.4167618E-06   8.5052856E-08   6.1590112E-07   3.7188902E-07  -4.7552405E-06   1.1659767E-06   3.2231686E-07  -6.6502393E-07  -3.0174277E-07   8.1745549E-10   4.5271276E-09  -1.8684452E-08   3.4127832E-08
  2.5122752E-07  -2.2949102E-06   2.8674041E-07   6.3567762E-05  -2.7706025E-05   2.8085164E-04   1.2119273E-04   8.3737676E-06  -2.1131922E-07  -1.1975568E-02  -5.7508170E-03   3.8023494E-03  -3.4687420E-03   3.9169740E-04   5.3572389E-05  -1.0338090E-04   2.8709070E-05  -7.6186541E-04   3.7781307E-06   1.6296070E-06   6.5119381E-06   5.7594740E-06  -1.1956573E-07  -4.4222313E-07  -3.7376433E-06  -2.1855082E-06
 -1.5396358E-07   1.4673560E-05  -2.0563968E-06  -2.7706025E-05   6.3747754E-03  -2.3643322E-02  -3.3408676E-05  -2.5844699E-05  -6.3207232E-06  -3.0823821E-02  -9.5997990E-03   1.0430741E-02  -5.2985598E-03   1.4008260E-03   4.2189922E-06  -7.9518102E-05  -5.1532282E-05  -3.3487456E-03   5.7450382E-05  -4.6387063E-05  -7.3649396E-05  -8.0842510E-05  -2.4180917E-07  -1.5673095E-06  -1.3668220E-05  -2.1658636E-05
  7.7420394E-06  -1.6061488E-04   2.0191962E-05   2.8085164E-04  -2.3643322E-02   1.0459969E-01   2.4871153E-04   3.4253017E-04   3.1038015E-05   7.8286901E-02  -1.1805299E-02  -5.2369602E-02   1.2978481E-02   2.0371574E-04   2.2470959E-04  -2.1013270E-05   2.3962032E-04   4.2774689E-03   5.6137684E-04   4.2891443E-04   2.2118712E-04   3.3597853E-04   2.6251590E-06   2.8013527E-06   7.9901420E-05   1.1743044E-04
  3.8901153E-07  -9.4953471E-07   4.1175766E-07   1.2119273E-04  -3.3408676E-05   2.4871153E-04   2.6735831E-04   6.6839589E-06   1.1669977E-05  -1.5314248E-02  -8.2326174E-03   1.5565005E-02  -7.7671738E-03   6.8362805E-04   1.3201285E-04  -2.5814999E-04   9.6233890E-05  -2.2948673E-03  -4.4912813E-05  -9.2939472E-05   2.9927369E-05  -9.4528821E-06   3.9806914E-07  -9.9893023E-07  -8.9447304E-06  -3.5592627E-06
  2.7741661E-07  -3.6809420E-06   4.0933464E-07   8.3737676E-06  -2.5844699E-05   3.4253017E-04   6.6839589E-06   1.9076901E-05   3.3344737E-07  -2.2168656E-02  -7.9853199E-03   8.0906928E-03  -5.9064299E-03   5.6506259E-04   7.3607269E-05  -1.3672319E-04   4.8947779E-05  -2.0412123E-03   3.7372487E-05  -1.9114276E-05   2.8553574E-05   1.6052050E-06  -2.9435449E-07  -3.2803055E-07   4.0922619E-07  -2.3230853E-06
  1.8142182E-08  -9.3791671E-08   3.1315974E-08  -2.1131922E-07  -6.3207232E-06   3.1038015E-05   1.1669977E-05   3.3344737E-07   6.1244583E-06   4.7152331E-03   4.3963579E-04   1.1728282E-03   5.2280115E-04  -1.0766225E-04   7.1163536E-07  -1.2643088E-05   2.7028722E-06   3.7852405E-05  -6.2357575E-06   6.6992176E-07   4.0196197E-06  -3.8823454E-07   1.2926297E-08  -6.1214915E-08  -4.2401311E-07  -5.6105321E-08
 -3.7786564E-04   1.8717269E-04   5.0484023E-05  -1.1975568E-02  -3.0823821E-02   7.8286901E-02  -1.5314248E-02  -2.2168656E-02   4.7152331E-03   6.0755241E+02   5.7785714E+01  -5.5934437E+01   3.1406190E+01  -2.4178783E+01  -8.8728727E-01  -6.0519079E-02  -2.8970101E-01   1.0149940E+01  -1.6155079E-01   2.7098952E-01  -2.3570328E-01  -1.9583899E-01   6.8969176E-03   3.2664338E-03   3.2862063E-03   9.1574584E-03
 -2.7447102E-04   7.3330183E-04  -2.6644017E-05  -5.7508170E-03  -9.5997990E-03  -1.1805299E-02  -8.2326174E-03  -7.9853199E-03   4.3963579E-04   5.7785714E+01   6.7596944E+01   8.7832552E+00   6.6253063E+00  -9.4347065E-02  -2.9796235E-02   4.5846280E-01   9.0194309E-01  -8.5352547E+00  -3.5679065E-02  -2.3659226E-01   5.7768576E-02   8.3181664E-02   9.6343008E-04   6.6878178E-04   2.5100430E-03   5.7549040E-03
  4.8513009E-05   1.1709118E-04  -1.3786203E-04   3.8023494E-03   1.0430741E-02  -5.2369602E-02   1.5565005E-02   8.0906928E-03   1.1728282E-03  -5.5934437E+01   8.7832552E+00   1.7346105E+02  -8.2210317E+01   2.8427226E+00   3.2279254E-01  -1.0313799E+00   3.3381188E-01  -7.3617470E+00  -6.1279047E-02  -2.5750853E-01   5.5350415E-01  -1.8730800E-02   1.6972914E-03  -7.6273858E-03   2.8264602E-03   3.7616836E-03
 -1.0954082E-04   2.1809671E-04   6.9174174E-05  -3.4687420E-03  -5.2985598E-03   1.2978481E-02  -7.7671738E-03  -5.9064299E-03   5.2280115E-04   3.1406190E+01   6.6253063E+00  -8.2210317E+01   5.1512730E+01   1.6056682E+00  -3.3881848E-02   7.2513935E-01  -2.3541302E-01  -2.7790102E+00   2.5137606E-02   1.6082871E-01  -4.5310757E-01  -1.0836412E-01  -5.2704385E-04   3.0304397E-03  -9.2371206E-04  -4.5120588E-04
  1.9283272E-05   5.9956471E-06   1.4167618E-06   3.9169740E-04   1.4008260E-03   2.0371574E-04   6.8362805E-04   5.6506259E-04  -1.0766225E-04  -2.4178783E+01  -9.4347065E-02   2.8427226E+00   1.6056682E+00   4.2598481E+00   1.0505028E-01   1.5627200E-01  -3.0650607E-02  -3.5778275E+00  -9.7974891E-04   1.2274573E-03   7.6407955E-03   5.0298513E-02   4.6233530E-04  -2.4893412E-04  -1.6858364E-04  -4.9461971E-04
  9.7884405E-07  -2.3857177E-06   8.5052856E-08   5.3572389E-05   4.2189922E-06   2.2470959E-04   1.3201285E-04   7.3607269E-05   7.1163536E-07  -8.8728727E-01  -2.9796235E-02   3.2279254E-01  -3.3881848E-02   1.0505028E-01   1.6720861E-02  -1.6941551E-02   1.1208510E-02  -1.0892907E-01  -2.1806840E-04  -1.1042902E-03  -2.7756389E-03   5.2890939E-03   1.7140866E-05  -3.7048223E-05   8.8281008E-06   3.6637129E-06
 -2.4012300E-06   1.1752040E-05   6.1590112E-07  -1.0338090E-04  -7.9518102E-05  -2.1013270E-05  -2.5814999E-04  -1.3672319E-04  -1.2643088E-05  -6.0519079E-02   4.5846280E-01  -1.0313799E+00   7.2513935E-01   1.5627200E-01  -1.6941551E-02   6.9505654E-02   5.2460674E-03  -1.5654633E-01   1.9708887E-04   7.5462860E-03  -3.5606874E-04  -1.7834151E-02  -7.8177052E-06   9.3945608E-05  -1.1162545E-05  -1.8709887E-05
  3.8982916E-07  -7.9834331E-07   3.7188902E-07   2.8709070E-05  -5.1532282E-05   2.3962032E-04   9.6233890E-05   4.8947779E-05   2.7028722E-06  -2.8970101E-01   9.0194309E-01   3.3381188E-01  -2.3541302E-01  -3.0650607E-02   1.1208510E-02   5.2460674E-03   8.1765125E-02   3.3438912E-02  -8.7166801E-04  -3.3563633E-05   1.1330584E-03   7.3976663E-04   1.3833020E-05  -4.0844060E-06   2.5309980E-05   3.3877228E-05
 -3.2418262E-05   1.9866755E-05  -4.7552405E-06  -7.6186541E-04  -3.3487456E-03   4.2774689E-03  -2.2948673E-03  -2.0412123E-03   3.7852405E-05   1.0149940E+01  -8.5352547E+00  -7.3617470E+00  -2.7790102E+00  -3.5778275E+00  -1.0892907E-01  -1.5654633E-01   3.3438912E-02   7.4763458E+00  -2.5606074E-03  -7.5568530E-03  -1.3444181E-04  -4.9770739E-02  -4.0150922E-04   1.2532842E-04  -2.4847012E-04  -8.2334848E-05
  9.1576353E-07  -9.7316340E-06   1.1659767E-06   3.7781307E-06   5.7450382E-05   5.6137684E-04  -4.4912813E-05   3.7372487E-05  -6.2357575E-06  -1.6155079E-01  -3.5679065E-02  -6.1279047E-02   2.5137606E-02  -9.7974891E-04  -2.1806840E-04   1.9708887E-04  -8.7166801E-04  -2.5606074E-03   3.7826108E-02   3.0685785E-03  -1.3882533E-04   8.2247516E-04   3.7289546E-05  -4.7806012E-06   5.9505287E-06  -1.1643888E-05
  3.2145931E-07  -2.1206355E-06   3.2231686E-07   1.6296070E-06  -4.6387063E-05   4.2891443E-04  -9.2939472E-05  -1.9114276E-05   6.6992176E-07   2.7098952E-01  -2.3659226E-01  -2.5750853E-01   1.6082871E-01   1.2274573E-03  -1.1042902E-03   7.5462860E-03  -3.3563633E-05  -7.5568530E-03   3.0685785E-03   3.0460673E-02  -7.2908185E-04   4.9611227E-03  -8.0027489E-05  -4.3129726E-05  -8.3590688E-05  -9.2314044E-05
  7.3293612E-07  -5.2586877E-07  -6.6502393E-07   6.5119381E-06  -7.3649396E-05   2.2118712E-04   2.9927369E-05   2.8553574E-05   4.0196197E-06  -2.3570328E-01   5.7768576E-02   5.5350415E-01  -4.5310757E-01   7.6407955E-03  -2.7756389E-03  -3.5606874E-04   1.1330584E-03  -1.3444181E-04  -1.3882533E-04  -7.2908185E-04   1.0741084E-02   8.4606132E-03   3.4083139E-06   6.2746535E-05   8.9308047E-06  -8.7545599E-07
  4.0501831E-07  -2.6377901E-06  -3.0174277E-07   5.7594740E-06  -8.0842510E-05   3.3597853E-04  -9.4528821E-06   1.6052050E-06  -3.8823454E-07  -1.9583899E-01   8.3181664E-02  -1.8730800E-02  -1.0836412E-01   5.0298513E-02   5.2890939E-03  -1.7834151E-02   7.3976663E-04  -4.9770739E-02   8.2247516E-04   4.9611227E-03   8.4606132E-03   2.6130597E-02  -2.4741928E-06   5.8354263E-05  -2.1818741E-05  -1.8972260E-05
  9.0384685E-10  -2.5010488E-08   8.1745549E-10  -1.1956573E-07  -2.4180917E-07   2.6251590E-06   3.9806914E-07  -2.9435449E-07   1.2926297E-08   6.8969176E-03   9.6343008E-04   1.6972914E-03  -5.2704385E-04   4.6233530E-04   1.7140866E-05  -7.8177052E-06   1.3833020E-05  -4.0150922E-04   3.7289546E-05  -8.0027489E-05   3.4083139E-06  -2.4741928E-06   1.1389277E-06   3.8638673E-08   4.6956252E-07   7.0082596E-07
 -6.6176499E-09   2.8411413E-08   4.5271276E-09  -4.4222313E-07  -1.5673095E-06   2.8013527E-06  -9.9893023E-07  -3.2803055E-07  -6.1214915E-08   3.2664338E-03   6.6878178E-04  -7.6273858E-03   3.0304397E-03  -2.4893412E-04  -3.7048223E-05   9.3945608E-05  -4.0844060E-06   1.2532842E-04  -4.7806012E-06  -4.3129726E-05   6.2746535E-05   5.8354263E-05   3.8638673E-08   2.4435562E-06   3.2005585E-07   8.9802598E-08
 -8.9143044E-08  -4.4692981E-07  -1.8684452E-08  -3.7376433E-06  -1.3668220E-05   7.9901420E-05  -8.9447304E-06   4.0922619E-07  -4.2401311E-07   3.2862063E-03   2.5100430E-03   2.8264602E-03  -9.2371206E-04  -1.6858364E-04   8.8281008E-06  -1.1162545E-05   2.5309980E-05  -2.4847012E-04   5.9505287E-06  -8.3590688E-05   8.9308047E-06  -2.1818741E-05   4.6956252E-07   3.2005585E-07   2.3942245E-05   8.3809941E-06
 -2.6443122E-07  -6.8189540E-07   3.4127832E-08  -2.1855082E-06  -2.1658636E-05   1.1743044E-04  -3.5592627E-06  -2.3230853E-06  -5.6105321E-08   9.1574584E-03   5.7549040E-03   3.7616836E-03  -4.5120588E-04  -4.9461971E-04   3.6637129E-06  -1.8709887E-05   3.3877228E-05  -8.2334848E-05  -1.1643888E-05  -9.2314044E-05  -8.7545599E-07  -1.8972260E-05   7.0082596E-07   8.9802598E-08   8.3809941E-06   2.4771529E-05
