# omegabh2 omegach2 theta tau logA ns calPlanck acib217 xi asz143 aps100 aps143 aps143217 aps217 aksz kgal100 kgal143 kgal143217 kgal217 cal0 cal2
    0.6095143E-07   -0.3468647E-06    0.5762808E-07    0.2536791E-05    0.4450811E-05    0.9937792E-06    0.1726087E-07   -0.2578971E-03    0.2661300E-05    0.7514088E-04   -0.1100454E-02   -0.6443460E-03   -0.1863299E-03    0.5050835E-04   -0.1079332E-03   -0.2003974E-05   -0.3141589E-05   -0.7722424E-05    0.4700040E-04    0.3614201E-08   -0.2712686E-07
   -0.3468647E-06    0.5273905E-05   -0.5042788E-06   -0.3364487E-04   -0.5640184E-04   -0.1277968E-04   -0.3019919E-06    0.1623304E-02   -0.1396690E-04   -0.4627807E-03    0.6996479E-02    0.3815831E-02    0.1127008E-02   -0.5532948E-03    0.7068352E-03    0.1038113E-03    0.7105384E-04    0.7380255E-04   -0.2426723E-03   -0.4038598E-07    0.2060961E-06
    0.5762808E-07   -0.5042788E-06    0.2197351E-06    0.4469727E-05    0.8093903E-05    0.1555561E-05    0.4000694E-07   -0.2038761E-03    0.2545805E-05    0.6261318E-04   -0.9420394E-03   -0.4716183E-03   -0.1142446E-03    0.6566335E-04   -0.9817375E-04   -0.2094232E-04   -0.2039042E-04   -0.1855140E-04    0.2867707E-04    0.5006537E-08   -0.2167515E-07
    0.2536791E-05   -0.3364487E-04    0.4469727E-05    0.3470595E-03    0.6104894E-03    0.9415814E-04   -0.3340717E-05   -0.1709436E-01    0.1781531E-03    0.4033255E-02   -0.7166478E-01   -0.3372164E-01   -0.8291670E-02    0.6308136E-02   -0.6023137E-02   -0.7291381E-03   -0.5669573E-03   -0.1092377E-02    0.1736134E-02   -0.2245271E-07   -0.2060589E-05
    0.4450811E-05   -0.5640184E-04    0.8093903E-05    0.6104894E-03    0.1104543E-02    0.1588292E-03    0.4802573E-05   -0.2982537E-01    0.3636811E-03    0.6990269E-02   -0.1197745E+00   -0.5694492E-01   -0.1140616E-01    0.1637643E-01   -0.1117681E-01   -0.1407608E-02   -0.1350690E-02   -0.2475889E-02    0.4108287E-02    0.1021012E-06   -0.3694769E-05
    0.9937792E-06   -0.1277968E-04    0.1555561E-05    0.9415814E-04    0.1588292E-03    0.4281304E-04    0.4723459E-06   -0.8888538E-02    0.1156537E-03    0.2445551E-02   -0.4276990E-01   -0.1517004E-01    0.6587986E-03    0.7947768E-02   -0.4613742E-02    0.4021580E-04   -0.3048511E-03   -0.6691057E-03    0.1218112E-02   -0.1035700E-06   -0.9982816E-06
    0.1726087E-07   -0.3019919E-06    0.4000694E-07   -0.3340717E-05    0.4802573E-05    0.4723459E-06    0.6045658E-05    0.1079112E-02   -0.1563644E-05   -0.5045811E-04    0.4570309E-02    0.7464242E-03    0.3616915E-03    0.9045834E-03    0.5942087E-04    0.5026263E-04    0.6921154E-04   -0.6674094E-04    0.5257686E-03   -0.1620697E-07   -0.3010539E-10
   -0.2578971E-03    0.1623304E-02   -0.2038761E-03   -0.1709436E-01   -0.2982537E-01   -0.8888538E-02    0.1079112E-02    0.4390782E+02   -0.4357573E+00   -0.1742519E+01    0.4350121E+02    0.2527262E+01   -0.1938618E+02   -0.6050172E+02    0.5513740E+00   -0.7017072E-02    0.5633605E-01   -0.2021807E+01   -0.1901920E+02   -0.3013162E-03    0.4365470E-02
    0.2661300E-05   -0.1396690E-04    0.2545805E-05    0.1781531E-03    0.3636811E-03    0.1156537E-03   -0.1563644E-05   -0.4357573E+00    0.7983211E-01   -0.1074933E+00   -0.6970431E-01    0.8837823E+00    0.1499581E+01    0.5925915E+00    0.1074852E+00   -0.4272427E-02   -0.1761084E-02    0.4130710E-01    0.5268114E-01    0.4260946E-05   -0.1597615E-04
    0.7514088E-04   -0.4627807E-03    0.6261318E-04    0.4033255E-02    0.6990269E-02    0.2445551E-02   -0.5045811E-04   -0.1742519E+01   -0.1074933E+00    0.3981810E+01   -0.3028158E+02   -0.3969208E+01    0.8234654E+01    0.7452591E+01   -0.3232173E+01   -0.1907959E+00    0.9175150E-01    0.2576648E+01    0.2425946E+01    0.1933235E-03   -0.3607093E-03
   -0.1100454E-02    0.6996479E-02   -0.9420394E-03   -0.7166478E-01   -0.1197745E+00   -0.4276990E-01    0.4570309E-02    0.4350121E+02   -0.6970431E-01   -0.3028158E+02    0.7654206E+03    0.7463717E+02   -0.5369910E+02   -0.7079257E+02    0.1625693E+02   -0.3575353E+01    0.2551223E+01   -0.1357063E+02   -0.2085410E+02    0.6003870E-02    0.3947783E-02
   -0.6443460E-03    0.3815831E-02   -0.4716183E-03   -0.3372164E-01   -0.5694492E-01   -0.1517004E-01    0.7464242E-03    0.2527262E+01    0.8837823E+00   -0.3969208E+01    0.7463717E+02    0.6161385E+02    0.4102079E+02    0.1726811E+02   -0.4287562E+01   -0.2011667E+00   -0.1146998E+01    0.3204836E+01    0.2704349E+01    0.1075716E-03    0.2492673E-03
   -0.1863299E-03    0.1127008E-02   -0.1142446E-03   -0.8291670E-02   -0.1140616E-01    0.6587986E-03    0.3616915E-03   -0.1938618E+02    0.1499581E+01    0.8234654E+01   -0.5369910E+02    0.4102079E+02    0.9092280E+02    0.6712183E+02   -0.1333041E+02   -0.6541993E+00   -0.3501306E+00    0.4117833E+01    0.4993473E+01    0.7688665E-03   -0.2638503E-02
    0.5050835E-04   -0.5532948E-03    0.6566335E-04    0.6308136E-02    0.1637643E-01    0.7947768E-02    0.9045834E-03   -0.6050172E+02    0.5925915E+00    0.7452591E+01   -0.7079257E+02    0.1726811E+02    0.6712183E+02    0.1234029E+03   -0.1196029E+02   -0.2613731E+00   -0.2621528E+00    0.3874345E-01    0.1600340E+02    0.8366958E-03   -0.7636604E-02
   -0.1079332E-03    0.7068352E-03   -0.9817375E-04   -0.6023137E-02   -0.1117681E-01   -0.4613742E-02    0.5942087E-04    0.5513740E+00    0.1074852E+00   -0.3232173E+01    0.1625693E+02   -0.4287562E+01   -0.1333041E+02   -0.1196029E+02    0.7123043E+01    0.7269610E-01   -0.1065250E+00   -0.2247580E+01   -0.1952128E+01   -0.1494997E-03    0.2265193E-03
   -0.2003974E-05    0.1038113E-03   -0.2094232E-04   -0.7291381E-03   -0.1407608E-02    0.4021580E-04    0.5026263E-04   -0.7017072E-02   -0.4272427E-02   -0.1907959E+00   -0.3575353E+01   -0.2011667E+00   -0.6541993E+00   -0.2613731E+00    0.7269610E-01    0.3482247E+01    0.4823205E+00    0.2198710E+00    0.3682926E+00    0.2867164E-03    0.1823795E-04
   -0.3141589E-05    0.7105384E-04   -0.2039042E-04   -0.5669573E-03   -0.1350690E-02   -0.3048511E-03    0.6921154E-04    0.5633605E-01   -0.1761084E-02    0.9175150E-01    0.2551223E+01   -0.1146998E+01   -0.3501306E+00   -0.2621528E+00   -0.1065250E+00    0.4823205E+00    0.3303652E+01    0.2489190E+01    0.1714613E+01   -0.2679038E-03   -0.2125876E-03
   -0.7722424E-05    0.7380255E-04   -0.1855140E-04   -0.1092377E-02   -0.2475889E-02   -0.6691057E-03   -0.6674094E-04   -0.2021807E+01    0.4130710E-01    0.2576648E+01   -0.1357063E+02    0.3204836E+01    0.4117833E+01    0.3874345E-01   -0.2247580E+01    0.2198710E+00    0.2489190E+01    0.1723293E+02    0.2588126E+02    0.1941068E-05    0.2514175E-02
    0.4700040E-04   -0.2426723E-03    0.2867707E-04    0.1736134E-02    0.4108287E-02    0.1218112E-02    0.5257686E-03   -0.1901920E+02    0.5268114E-01    0.2425946E+01   -0.2085410E+02    0.2704349E+01    0.4993473E+01    0.1600340E+02   -0.1952128E+01    0.3682926E+00    0.1714613E+01    0.2588126E+02    0.5496536E+02    0.6110958E-04    0.4511562E-02
    0.3614201E-08   -0.4038598E-07    0.5006537E-08   -0.2245271E-07    0.1021012E-06   -0.1035700E-06   -0.1620697E-07   -0.3013162E-03    0.4260946E-05    0.1933235E-03    0.6003870E-02    0.1075716E-03    0.7688665E-03    0.8366958E-03   -0.1494997E-03    0.2867164E-03   -0.2679038E-03    0.1941068E-05    0.6110958E-04    0.6014396E-06   -0.1935145E-07
   -0.2712686E-07    0.2060961E-06   -0.2167515E-07   -0.2060589E-05   -0.3694769E-05   -0.9982816E-06   -0.3010539E-10    0.4365470E-02   -0.1597615E-04   -0.3607093E-03    0.3947783E-02    0.2492673E-03   -0.2638503E-02   -0.7636604E-02    0.2265193E-03    0.1823795E-04   -0.2125876E-03    0.2514175E-02    0.4511562E-02   -0.1935145E-07    0.2087536E-05
