# omegabh2 omegach2 theta tau nnu logA ns calPlanck acib217 xi asz143 aps100 aps143 aps143217 aps217 aksz kgal100 kgal143 kgal143217 kgal217 cal0 cal2
    0.9580397E-07    0.3682434E-06   -0.9171592E-08    0.3285612E-05    0.5262086E-04    0.7725492E-05    0.2993245E-05    0.3174023E-07    0.6414295E-04   -0.1201497E-05    0.1083565E-04    0.8765074E-04   -0.8519523E-04   -0.5750066E-04   -0.1193709E-03    0.4067555E-06    0.1957134E-04    0.8818367E-05    0.6066313E-06   -0.1409178E-04    0.4602276E-08    0.1304338E-07
    0.3682434E-06    0.1402206E-04   -0.1330567E-05    0.1057020E-05    0.7851037E-03    0.3625789E-04    0.2167948E-04   -0.3373528E-06    0.4019263E-02   -0.9836996E-04   -0.1010045E-02    0.1706232E-01    0.9600398E-02    0.2200099E-02   -0.6099419E-03    0.1667328E-02    0.2460681E-03    0.4929673E-05    0.4169702E-03   -0.2522254E-04   -0.7132824E-08    0.4717371E-06
   -0.9171592E-08   -0.1330567E-05    0.3090690E-06    0.5668942E-06   -0.7187476E-04   -0.1853152E-05   -0.1588858E-05    0.6446150E-07   -0.3375726E-03    0.1007029E-04    0.9846799E-04   -0.1544389E-02   -0.9799686E-03   -0.2580474E-03   -0.6164123E-04   -0.1533935E-03   -0.2541543E-04    0.7779683E-05   -0.2649671E-04    0.2673345E-04    0.3160287E-08   -0.3388069E-07
    0.3285612E-05    0.1057020E-05    0.5668942E-06    0.4282512E-03    0.1679925E-02    0.8608732E-03    0.1330774E-03   -0.4439428E-06   -0.8337960E-02    0.1668496E-03    0.1542318E-02   -0.3116032E-01   -0.1626615E-01   -0.3113499E-02    0.3488074E-02   -0.3202279E-02    0.2470343E-03   -0.1609220E-03   -0.1205802E-02    0.2329001E-03   -0.7692398E-07   -0.8272104E-06
    0.5262086E-04    0.7851037E-03   -0.7187476E-04    0.1679925E-02    0.6530691E-01    0.5348301E-02    0.2711304E-02   -0.1518358E-05    0.2963081E+00   -0.6302986E-02   -0.7050873E-01    0.1256404E+01    0.6030711E+00    0.1038215E+00   -0.1121808E+00    0.1188581E+00    0.2052360E-01    0.6720450E-02    0.2804629E-01   -0.1207031E-01    0.1464460E-05    0.3571865E-04
    0.7725492E-05    0.3625789E-04   -0.1853152E-05    0.8608732E-03    0.5348301E-02    0.1844151E-02    0.3225423E-03    0.1122944E-04   -0.6687368E-02    0.1546489E-03    0.6900390E-03   -0.1590583E-01   -0.7114367E-02    0.2773694E-02    0.1137278E-01   -0.3283742E-02    0.8734403E-03   -0.8846675E-03   -0.1939524E-02    0.1709005E-02    0.1311998E-06   -0.5978634E-06
    0.2993245E-05    0.2167948E-04   -0.1588858E-05    0.1330774E-03    0.2711304E-02    0.3225423E-03    0.1507291E-03    0.7332309E-06    0.6076411E-02   -0.9405396E-04   -0.1264916E-02    0.2077404E-01    0.1272047E-01    0.5078270E-02   -0.1205964E-03    0.1567045E-02    0.1091654E-02    0.2597515E-03    0.2581991E-03   -0.7292290E-03   -0.8717381E-07    0.8096744E-06
    0.3174023E-07   -0.3373528E-06    0.6446150E-07   -0.4439428E-06   -0.1518358E-05    0.1122944E-04    0.7332309E-06    0.6362564E-05    0.7751960E-03    0.3995299E-05    0.4147681E-04    0.2849248E-02    0.3826666E-03    0.5040188E-03    0.1241907E-02   -0.6926512E-04    0.1918534E-04   -0.3325963E-04   -0.1254852E-03    0.5393491E-03    0.1522049E-07   -0.5476034E-07
    0.6414295E-04    0.4019263E-02   -0.3375726E-03   -0.8337960E-02    0.2963081E+00   -0.6687368E-02    0.6076411E-02    0.7751960E-03    0.4544092E+02   -0.5403510E+00   -0.2127096E+01    0.4949504E+02    0.3505912E+01   -0.2099451E+02   -0.6203819E+02    0.1171629E+01    0.1299730E+00    0.1616096E+00   -0.1917331E+01   -0.1861602E+02   -0.2227342E-03    0.4641896E-02
   -0.1201497E-05   -0.9836996E-04    0.1007029E-04    0.1668496E-03   -0.6302986E-02    0.1546489E-03   -0.9405396E-04    0.3995299E-05   -0.5403510E+00    0.8138092E-01   -0.6568201E-01   -0.5944398E+00    0.9210616E+00    0.1824237E+01    0.8078331E+00    0.5431822E-01   -0.1425836E-01    0.3692987E-03    0.6763483E-01    0.7097231E-01    0.5262973E-05   -0.2669962E-04
    0.1083565E-04   -0.1010045E-02    0.9846799E-04    0.1542318E-02   -0.7050873E-01    0.6900390E-03   -0.1264916E-02    0.4147681E-04   -0.2127096E+01   -0.6568201E-01    0.3906553E+01   -0.3159760E+02   -0.4854988E+01    0.7667755E+01    0.7040537E+01   -0.2958274E+01   -0.1824498E+00    0.1092933E+00    0.2335563E+01    0.2096812E+01    0.1486419E-03   -0.4362158E-03
    0.8765074E-04    0.1706232E-01   -0.1544389E-02   -0.3116032E-01    0.1256404E+01   -0.1590583E-01    0.2077404E-01    0.2849248E-02    0.4949504E+02   -0.5944398E+00   -0.3159760E+02    0.8218272E+03    0.8797813E+02   -0.5485307E+02   -0.7220725E+02    0.1658488E+02   -0.3096581E+01    0.2357463E+01   -0.9745790E+01   -0.1314368E+02    0.6690681E-02    0.5956107E-02
   -0.8519523E-04    0.9600398E-02   -0.9799686E-03   -0.1626615E-01    0.6030711E+00   -0.7114367E-02    0.1272047E-01    0.3826666E-03    0.3505912E+01    0.9210616E+00   -0.4854988E+01    0.8797813E+02    0.7020981E+02    0.4649301E+02    0.1844556E+02   -0.3098136E+01   -0.2014071E+00   -0.1356806E+01    0.4165142E+01    0.4540688E+01    0.1959988E-03    0.7237154E-03
   -0.5750066E-04    0.2200099E-02   -0.2580474E-03   -0.3113499E-02    0.1038215E+00    0.2773694E-02    0.5078270E-02    0.5040188E-03   -0.2099451E+02    0.1824237E+01    0.7667755E+01   -0.5485307E+02    0.4649301E+02    0.9919917E+02    0.6907863E+02   -0.1218844E+02   -0.8718451E+00   -0.5039805E+00    0.4363133E+01    0.4801717E+01    0.6851832E-03   -0.2604295E-02
   -0.1193709E-03   -0.6099419E-03   -0.6164123E-04    0.3488074E-02   -0.1121808E+00    0.1137278E-01   -0.1205964E-03    0.1241907E-02   -0.6203819E+02    0.8078331E+00    0.7040537E+01   -0.7220725E+02    0.1844556E+02    0.6907863E+02    0.1240595E+03   -0.1106095E+02   -0.4824861E+00   -0.4559644E+00   -0.4397299E+00    0.1491913E+02    0.6775938E-03   -0.7864245E-02
    0.4067555E-06    0.1667328E-02   -0.1533935E-03   -0.3202279E-02    0.1188581E+00   -0.3283742E-02    0.1567045E-02   -0.6926512E-04    0.1171629E+01    0.5431822E-01   -0.2958274E+01    0.1658488E+02   -0.3098136E+01   -0.1218844E+02   -0.1106095E+02    0.6627390E+01    0.1435895E+00   -0.4463291E-01   -0.1941986E+01   -0.1725843E+01   -0.1325637E-03    0.2441057E-03
    0.1957134E-04    0.2460681E-03   -0.2541543E-04    0.2470343E-03    0.2052360E-01    0.8734403E-03    0.1091654E-02    0.1918534E-04    0.1299730E+00   -0.1425836E-01   -0.1824498E+00   -0.3096581E+01   -0.2014071E+00   -0.8718451E+00   -0.4824861E+00    0.1435895E+00    0.3458146E+01    0.4466024E+00    0.1176819E+00    0.9021331E-01    0.3014073E-03   -0.2594896E-04
    0.8818367E-05    0.4929673E-05    0.7779683E-05   -0.1609220E-03    0.6720450E-02   -0.8846675E-03    0.2597515E-03   -0.3325963E-04    0.1616096E+00    0.3692987E-03    0.1092933E+00    0.2357463E+01   -0.1356806E+01   -0.5039805E+00   -0.4559644E+00   -0.4463291E-01    0.4466024E+00    0.3414115E+01    0.2611961E+01    0.1636706E+01   -0.2662941E-03   -0.2163540E-03
    0.6066313E-06    0.4169702E-03   -0.2649671E-04   -0.1205802E-02    0.2804629E-01   -0.1939524E-02    0.2581991E-03   -0.1254852E-03   -0.1917331E+01    0.6763483E-01    0.2335563E+01   -0.9745790E+01    0.4165142E+01    0.4363133E+01   -0.4397299E+00   -0.1941986E+01    0.1176819E+00    0.2611961E+01    0.1750818E+02    0.2626858E+02    0.1490277E-05    0.2570059E-02
   -0.1409178E-04   -0.2522254E-04    0.2673345E-04    0.2329001E-03   -0.1207031E-01    0.1709005E-02   -0.7292290E-03    0.5393491E-03   -0.1861602E+02    0.7097231E-01    0.2096812E+01   -0.1314368E+02    0.4540688E+01    0.4801717E+01    0.1491913E+02   -0.1725843E+01    0.9021331E-01    0.1636706E+01    0.2626858E+02    0.5565293E+02    0.5941256E-04    0.4571518E-02
    0.4602276E-08   -0.7132824E-08    0.3160287E-08   -0.7692398E-07    0.1464460E-05    0.1311998E-06   -0.8717381E-07    0.1522049E-07   -0.2227342E-03    0.5262973E-05    0.1486419E-03    0.6690681E-02    0.1959988E-03    0.6851832E-03    0.6775938E-03   -0.1325637E-03    0.3014073E-03   -0.2662941E-03    0.1490277E-05    0.5941256E-04    0.6073561E-06   -0.4463028E-08
    0.1304338E-07    0.4717371E-06   -0.3388069E-07   -0.8272104E-06    0.3571865E-04   -0.5978634E-06    0.8096744E-06   -0.5476034E-07    0.4641896E-02   -0.2669962E-04   -0.4362158E-03    0.5956107E-02    0.7237154E-03   -0.2604295E-02   -0.7864245E-02    0.2441057E-03   -0.2594896E-04   -0.2163540E-03    0.2570059E-02    0.4571518E-02   -0.4463028E-08    0.2122432E-05
