# omegabh2 omegach2 theta tau nnu logA ns calPlanck aps100 aps143 aps217 acib217 asz143 psr cibr xi aksz dust100 dust143 dust217 dust143x217 cal0 cal2 calTE calEE
  4.0860452E-08   2.0214551E-07  -1.8322873E-08   3.4599862E-07   2.2856543E-05   1.3569322E-06   1.1787950E-06   7.4494132E-09   9.8772132E-05  -2.8553606E-05  -3.8632953E-05   2.0415214E-05   1.8491668E-06   6.5676487E-08  -1.1588159E-07  -3.2501286E-07   1.6964958E-05   4.1949030E-07   1.4037247E-08   4.9814066E-08   2.5156605E-07   4.1899042E-09   5.6407544E-09   8.0002757E-08   5.3959636E-08
  2.0214551E-07   6.7202819E-06  -6.8728678E-07  -1.1721579E-07   3.6960048E-04   1.7446340E-05   1.0064464E-05  -1.2368540E-07   9.1712113E-03   5.4404449E-03  -9.3246752E-04   2.0977877E-03  -3.4104112E-04  -1.8782830E-05   4.4386398E-05  -1.1910735E-05   7.2750021E-04   5.6436104E-06  -1.5436927E-06  -6.5913116E-06   8.2453349E-07   3.4685923E-08   1.8802838E-07   1.7998801E-06   3.5652709E-06
 -1.8322873E-08  -6.8728678E-07   1.5726877E-07   1.0134669E-07  -4.0685522E-05  -1.5583223E-06  -1.1123037E-06   1.0656177E-10  -9.9784622E-04  -5.7196727E-04   1.6615904E-04  -2.6697620E-04   3.1359422E-05   2.1182145E-06  -6.2907994E-06   1.7725570E-06  -6.7060754E-05  -6.9127392E-07  -7.7348101E-07   1.0134088E-06   1.5556178E-07   1.8644253E-10  -1.9430842E-08  -2.4493035E-07  -3.8933742E-07
  3.4599862E-07  -1.1721579E-07   1.0134669E-07   6.2269648E-05   1.6173208E-04   1.2414704E-04   1.5767873E-05  -3.7969888E-07  -8.7170875E-03  -3.9744152E-03   4.8023498E-03  -3.7735309E-03   2.5445940E-05   4.0085023E-05  -8.9887721E-05   3.7536037E-05  -3.6314437E-04  -9.1079922E-07  -3.8753896E-05   9.2689184E-06  -2.2659424E-05   4.0968633E-08  -3.4094119E-07  -1.8223663E-06  -3.6776558E-07
  2.2856543E-05   3.6960048E-04  -4.0685522E-05   1.6173208E-04   2.7904076E-02   1.3279524E-03   1.0776492E-03  -7.5032783E-06   6.0049933E-01   3.1371352E-01  -9.7878777E-02   1.4973811E-01  -1.9305530E-02  -1.3405125E-03   3.0646473E-03  -1.1321518E-03   5.0398218E-02   3.9730672E-04   6.4017741E-04  -4.7207286E-04   2.6848787E-04   1.5327244E-06   1.3658292E-05   1.7334510E-04   3.2834899E-04
  1.3569322E-06   1.7446340E-05  -1.5583223E-06   1.2414704E-04   1.3279524E-03   3.2228417E-04   5.8901562E-05   1.1008526E-05   1.2319472E-02   8.1986888E-03   1.5160653E-02  -3.1723226E-03  -4.5576597E-04   6.6762830E-05  -1.0070530E-04   8.6621506E-05  -1.2569861E-04  -4.2562839E-06  -1.9129902E-04   2.7266649E-05  -5.2304357E-05   9.6656856E-07  -2.0520791E-07   1.2127089E-06   1.1072147E-05
  1.1787950E-06   1.0064464E-05  -1.1123037E-06   1.5767873E-05   1.0776492E-03   5.8901562E-05   6.1409868E-05  -2.8937308E-08   2.9370852E-05   2.6046218E-03   3.4556896E-03   3.9826656E-05  -2.1302988E-04   7.9479382E-06   1.0145640E-06  -2.3126603E-05   1.4871906E-04   2.6871951E-05   3.1067790E-05   1.0729549E-05   8.9393110E-06  -3.6452106E-07   2.0378949E-07   6.9317881E-06   1.0681660E-05
  7.4494132E-09  -1.2368540E-07   1.0656177E-10  -3.7969888E-07  -7.5032783E-06   1.1008526E-05  -2.8937308E-08   6.0268826E-06   2.8233723E-03   4.6525302E-04   1.7526011E-03   3.9598593E-04   1.2555963E-04   3.6940424E-06   7.2649949E-06   1.8652890E-08  -2.2096322E-04  -2.5357029E-07  -7.2460634E-06   7.2641480E-06  -2.6998119E-06   5.0565052E-08  -3.8888771E-08  -4.3895358E-07  -3.7428536E-07
  9.8772132E-05   9.1712113E-03  -9.9784622E-04  -8.7170875E-03   6.0049933E-01   1.2319472E-02   2.9370852E-05   2.8233723E-03   6.1592447E+02   7.0158121E+01  -4.9033690E+01   3.0563283E+01  -2.4822942E+01  -8.7995508E-01   5.8578497E-02  -1.3838087E-01   1.0465986E+01  -3.6523943E-01   2.2798533E-01  -2.5174574E-01  -2.8865546E-01   6.8441729E-03   2.8603041E-03   4.2986110E-03   1.4321030E-02
 -2.8553606E-05   5.4404449E-03  -5.7196727E-04  -3.9744152E-03   3.1371352E-01   8.1986888E-03   2.6046218E-03   4.6525302E-04   7.0158121E+01   7.1257664E+01   6.1009044E+00   9.2277382E+00  -6.0284325E-01  -6.1845654E-02   5.3347103E-01   9.0787512E-01  -7.7577490E+00  -5.9959381E-02  -2.3035218E-01   3.7753000E-02   4.4823563E-02   1.1068963E-03   8.7668559E-04   3.9886000E-03   8.2053019E-03
 -3.8632953E-05  -9.3246752E-04   1.6615904E-04   4.8023498E-03  -9.7878777E-02   1.5160653E-02   3.4556896E-03   1.7526011E-03  -4.9033690E+01   6.1009044E+00   1.6478008E+02  -7.8103411E+01   2.4624464E+00   3.0821856E-01  -9.9682610E-01   2.8543751E-01  -6.7997944E+00  -4.9153580E-02  -2.0826334E-01   5.1893136E-01  -2.6299307E-02   1.4649297E-03  -7.3740854E-03   1.3722354E-03   3.4503397E-05
  2.0415214E-05   2.0977877E-03  -2.6697620E-04  -3.7735309E-03   1.4973811E-01  -3.1723226E-03   3.9826656E-05   3.9598593E-04   3.0563283E+01   9.2277382E+00  -7.8103411E+01   5.0101128E+01   1.6436174E+00  -3.5802183E-02   7.2034973E-01  -2.2957915E-01  -2.7479059E+00   2.2968391E-02   1.3683176E-01  -4.4126885E-01  -1.1280801E-01  -4.0905158E-04   2.9299680E-03   5.6099007E-04   2.4862621E-03
  1.8491668E-06  -3.4104112E-04   3.1359422E-05   2.5445940E-05  -1.9305530E-02  -4.5576597E-04  -2.1302988E-04   1.2555963E-04  -2.4822942E+01  -6.0284325E-01   2.4624464E+00   1.6436174E+00   4.3321244E+00   1.0379404E-01   1.5141372E-01  -3.8679684E-02  -3.4741107E+00   9.8136108E-03  -1.0136829E-02   7.9142635E-03   5.2095793E-02   5.0495286E-04  -2.4982228E-04  -1.9780686E-04  -3.9808592E-04
  6.5676487E-08  -1.8782830E-05   2.1182145E-06   4.0085023E-05  -1.3405125E-03   6.6762830E-05   7.9479382E-06   3.6940424E-06  -8.7995508E-01  -6.1845654E-02   3.0821856E-01  -3.5802183E-02   1.0379404E-01   1.6732408E-02  -1.7551572E-02   1.1189108E-02  -1.0251680E-01  -5.1365355E-05  -1.3631593E-03  -2.8863412E-03   5.2617208E-03   1.7888298E-05  -3.7945132E-05   1.0772726E-05  -1.2719428E-05
 -1.1588159E-07   4.4386398E-05  -6.2907994E-06  -8.9887721E-05   3.0646473E-03  -1.0070530E-04   1.0145640E-06   7.2649949E-06   5.8578497E-02   5.3347103E-01  -9.9682610E-01   7.2034973E-01   1.5141372E-01  -1.7551572E-02   7.0813584E-02   5.4250415E-03  -1.5209312E-01   1.2482243E-03   6.9109341E-03  -2.6010429E-04  -1.8607408E-02  -4.3285570E-06   8.9025149E-05  -4.0880206E-06   5.2452145E-05
 -3.2501286E-07  -1.1910735E-05   1.7725570E-06   3.7536037E-05  -1.1321518E-03   8.6621506E-05  -2.3126603E-05   1.8652890E-08  -1.3838087E-01   9.0787512E-01   2.8543751E-01  -2.2957915E-01  -3.8679684E-02   1.1189108E-02   5.4250415E-03   8.3943508E-02   4.3237331E-02  -9.8613702E-04  -3.5124766E-04   7.6388761E-04   1.1580280E-04   1.9815346E-05  -8.4806544E-06   2.5157413E-05   3.1350911E-05
  1.6964958E-05   7.2750021E-04  -6.7060754E-05  -3.6314437E-04   5.0398218E-02  -1.2569861E-04   1.4871906E-04  -2.2096322E-04   1.0465986E+01  -7.7577490E+00  -6.7997944E+00  -2.7479059E+00  -3.4741107E+00  -1.0251680E-01  -1.5209312E-01   4.3237331E-02   7.3157926E+00  -1.0755032E-03  -1.9137787E-04   7.2078887E-04  -4.3212225E-02  -4.0848836E-04   1.0235309E-04   2.1554049E-05   5.2288756E-04
  4.1949030E-07   5.6436104E-06  -6.9127392E-07  -9.1079922E-07   3.9730672E-04  -4.2562839E-06   2.6871951E-05  -2.5357029E-07  -3.6523943E-01  -5.9959381E-02  -4.9153580E-02   2.2968391E-02   9.8136108E-03  -5.1365355E-05   1.2482243E-03  -9.8613702E-04  -1.0755032E-03   3.8580300E-02   2.5598472E-03  -8.4295139E-05   4.0305345E-04   3.1839876E-05  -1.5894989E-06  -1.7417226E-05  -1.4820895E-05
  1.4037247E-08  -1.5436927E-06  -7.7348101E-07  -3.8753896E-05   6.4017741E-04  -1.9129902E-04   3.1067790E-05  -7.2460634E-06   2.2798533E-01  -2.3035218E-01  -2.0826334E-01   1.3683176E-01  -1.0136829E-02  -1.3631593E-03   6.9109341E-03  -3.5124766E-04  -1.9137787E-04   2.5598472E-03   3.0913862E-02  -9.4573755E-04   4.4146282E-03  -8.0819635E-05  -4.9457390E-05  -5.4188310E-05  -3.9786217E-05
  4.9814066E-08  -6.5913116E-06   1.0134088E-06   9.2689184E-06  -4.7207286E-04   2.7266649E-05   1.0729549E-05   7.2641480E-06  -2.5174574E-01   3.7753000E-02   5.1893136E-01  -4.4126885E-01   7.9142635E-03  -2.8863412E-03  -2.6010429E-04   7.6388761E-04   7.2078887E-04  -8.4295139E-05  -9.4573755E-04   1.0738309E-02   8.4842665E-03   3.5500900E-06   6.6579207E-05  -2.5477022E-06  -1.3555351E-05
  2.5156605E-07   8.2453349E-07   1.5556178E-07  -2.2659424E-05   2.6848787E-04  -5.2304357E-05   8.9393110E-06  -2.6998119E-06  -2.8865546E-01   4.4823563E-02  -2.6299307E-02  -1.1280801E-01   5.2095793E-02   5.2617208E-03  -1.8607408E-02   1.1580280E-04  -4.3212225E-02   4.0305345E-04   4.4146282E-03   8.4842665E-03   2.6215492E-02   2.4541345E-07   6.2931675E-05  -5.0395350E-06  -3.6851000E-06
  4.1899042E-09   3.4685923E-08   1.8644253E-10   4.0968633E-08   1.5327244E-06   9.6656856E-07  -3.6452106E-07   5.0565052E-08   6.8441729E-03   1.1068963E-03   1.4649297E-03  -4.0905158E-04   5.0495286E-04   1.7888298E-05  -4.3285570E-06   1.9815346E-05  -4.0848836E-04   3.1839876E-05  -8.0819635E-05   3.5500900E-06   2.4541345E-07   1.1119604E-06   3.5408941E-08   3.0073321E-07   5.3703320E-07
  5.6407544E-09   1.8802838E-07  -1.9430842E-08  -3.4094119E-07   1.3658292E-05  -2.0520791E-07   2.0378949E-07  -3.8888771E-08   2.8603041E-03   8.7668559E-04  -7.3740854E-03   2.9299680E-03  -2.4982228E-04  -3.7945132E-05   8.9025149E-05  -8.4806544E-06   1.0235309E-04  -1.5894989E-06  -4.9457390E-05   6.6579207E-05   6.2931675E-05   3.5408941E-08   2.5142333E-06   2.7882553E-07   2.1969965E-07
  8.0002757E-08   1.7998801E-06  -2.4493035E-07  -1.8223663E-06   1.7334510E-04   1.2127089E-06   6.9317881E-06  -4.3895358E-07   4.2986110E-03   3.9886000E-03   1.3722354E-03   5.6099007E-04  -1.9780686E-04   1.0772726E-05  -4.0880206E-06   2.5157413E-05   2.1554049E-05  -1.7417226E-05  -5.4188310E-05  -2.5477022E-06  -5.0395350E-06   3.0073321E-07   2.7882553E-07   2.5285384E-05   1.0174710E-05
  5.3959636E-08   3.5652709E-06  -3.8933742E-07  -3.6776558E-07   3.2834899E-04   1.1072147E-05   1.0681660E-05  -3.7428536E-07   1.4321030E-02   8.2053019E-03   3.4503397E-05   2.4862621E-03  -3.9808592E-04  -1.2719428E-05   5.2452145E-05   3.1350911E-05   5.2288756E-04  -1.4820895E-05  -3.9786217E-05  -1.3555351E-05  -3.6851000E-06   5.3703320E-07   2.1969965E-07   1.0174710E-05   2.7696598E-05
