# omegabh2 omegach2 theta tau w logA ns calPlanck aps100 aps143 aps217 acib217 asz143 psr cibr xi aksz dust100 dust143 dust217 dust143x217 cal0 cal2 calTE calEE
  2.3907998E-08  -1.0142407E-07   1.6293702E-08   1.7966689E-07  -2.5854575E-06   1.8129012E-07   3.0603566E-07   1.7623668E-09  -3.6337753E-04  -2.7852112E-04   4.7525954E-05  -1.1529270E-04   1.6290376E-05   1.0522355E-06  -2.4642197E-06   1.2643364E-06  -2.7748530E-05   4.4084809E-07   1.3939311E-07   5.0617050E-07   1.5683599E-07   3.9671332E-09  -1.1179574E-08  -7.9469593E-08  -2.5378568E-07
 -1.0142407E-07   1.8139386E-06  -1.5171511E-07  -1.6770994E-06   4.0087043E-06   8.2127468E-07  -4.0601950E-06  -7.4837290E-08   2.3639462E-04   7.0043243E-04   2.3222783E-04   1.5059780E-04  -1.6859675E-05  -1.1191260E-06   4.9042394E-06  -5.6661716E-06   1.8839718E-05   3.3874515E-06  -2.4158071E-06   2.3186954E-07  -1.7560485E-06  -2.8383854E-08   4.8394052E-08  -4.5489286E-07  -8.0700019E-07
  1.6293702E-08  -1.5171511E-07   9.7134195E-08   2.0105428E-07  -2.8439191E-06   1.6121658E-07   4.6128379E-07   1.5174567E-08   6.3780236E-05  -2.8999526E-05  -7.4222411E-05   6.7890229E-06   3.1075200E-06  -1.2437893E-08   4.8356790E-07   1.8427487E-06  -7.3858501E-06  -6.0348259E-07   6.0222876E-07   2.1303301E-07   3.8531175E-07   2.1519619E-09  -6.8014887E-11  -3.9380284E-08   5.5496933E-08
  1.7966689E-07  -1.6770994E-06   2.0105428E-07   3.8411419E-05  -2.1597528E-05   7.2695617E-05   5.6483996E-06  -1.3500004E-07  -9.3472268E-03  -3.7048466E-03   1.9700045E-03  -2.4430335E-03   1.2267526E-04   8.6724152E-06  -1.1479726E-05   2.3589527E-05  -4.5734815E-04   6.6903595E-06   1.5809043E-06   1.7154264E-05  -7.8482175E-06  -2.4660609E-08  -1.5975326E-07  -2.2637949E-06  -1.3867496E-06
 -2.5854575E-06   4.0087043E-06  -2.8439191E-06  -2.1597528E-05   8.5032170E-02  -1.6424089E-05  -1.5733302E-05   1.9231556E-05   1.3597963E-01   6.0161958E-02  -2.7954834E-02   2.7261072E-02  -4.9880119E-03  -2.0347661E-04  -7.9537908E-04  -1.2106099E-03   2.6396965E-02  -1.3005115E-03  -2.7302433E-04  -2.3224587E-04   3.1630850E-04  -7.0753466E-06   3.8686455E-06   1.1059238E-04   5.6974065E-05
  1.8129012E-07   8.2127468E-07   1.6121658E-07   7.2695617E-05  -1.6424089E-05   1.7539626E-04   9.3234898E-07   1.1902460E-05  -1.4866077E-02  -4.3361726E-03   1.4009725E-02  -6.3819280E-03   3.8670832E-04   6.2333221E-05  -9.1995643E-05   9.5509226E-05  -2.1819861E-03   1.5806945E-05  -1.0117746E-04   5.4396657E-05  -3.4005156E-05   5.5444872E-07  -4.3043326E-07  -5.9765088E-06  -2.0963471E-06
  3.0603566E-07  -4.0601950E-06   4.6128379E-07   5.6483996E-06  -1.5733302E-05   9.3234898E-07   1.9142355E-05   4.9230295E-07  -2.1854537E-02  -7.3360577E-03   7.9439313E-03  -5.7951133E-03   6.1159239E-04   6.1762576E-05  -1.0311395E-04   6.8705410E-05  -1.9837414E-03   5.3634379E-07  -2.5347672E-05   2.6205432E-05  -1.1222327E-05  -2.5117340E-07  -4.9960226E-07   2.8851385E-07  -1.9599805E-06
  1.7623668E-09  -7.4837290E-08   1.5174567E-08  -1.3500004E-07   1.9231556E-05   1.1902460E-05   4.9230295E-07   6.1273532E-06   2.2913432E-03   3.9439680E-04   2.0535034E-03   2.9197117E-04   7.1054487E-05   9.5476893E-06  -9.8925841E-06   1.1694012E-05  -1.6954805E-04   3.9127602E-06  -2.5951033E-06   3.6648995E-06  -2.2664573E-06   1.1136031E-08  -1.1861268E-07  -3.9180139E-07   9.0599384E-08
 -3.6337753E-04   2.3639462E-04   6.3780236E-05  -9.3472268E-03   1.3597963E-01  -1.4866077E-02  -2.1854537E-02   2.2913432E-03   6.1394181E+02   5.5764053E+01  -6.2825844E+01   3.4062394E+01  -2.5234759E+01  -8.3143402E-01  -2.0994753E-01  -2.6091335E-01   1.1090548E+01  -1.8811688E-01   3.6130848E-01  -3.0924738E-01  -1.6994133E-01   6.5357143E-03   3.0244722E-03   2.2652310E-05   5.3416927E-03
 -2.7852112E-04   7.0043243E-04  -2.8999526E-05  -3.7048466E-03   6.0161958E-02  -4.3361726E-03  -7.3360577E-03   3.9439680E-04   5.5764053E+01   6.5312209E+01   8.6095677E+00   6.5402325E+00  -2.2243647E-01  -2.0639643E-02   4.5289200E-01   9.2179601E-01  -8.1882071E+00  -3.5405201E-02  -2.4780799E-01   4.7770079E-02   6.0743990E-02   8.6649547E-04   7.6037885E-04   1.9623853E-03   4.7461688E-03
  4.7525954E-05   2.3222783E-04  -7.4222411E-05   1.9700045E-03  -2.7954834E-02   1.4009725E-02   7.9439313E-03   2.0535034E-03  -6.2825844E+01   8.6095677E+00   1.7212396E+02  -8.0013892E+01   3.5370745E+00   3.3469166E-01  -9.7910234E-01   3.2630966E-01  -8.3839592E+00  -5.5869129E-02  -2.6451508E-01   5.3380301E-01  -2.0099149E-02   1.6056806E-03  -7.7229345E-03   2.5369615E-03   2.8040321E-03
 -1.1529270E-04   1.5059780E-04   6.7890229E-06  -2.4430335E-03   2.7261072E-02  -6.3819280E-03  -5.7951133E-03   2.9197117E-04   3.4062394E+01   6.5402325E+00  -8.0013892E+01   4.9712023E+01   1.2230531E+00  -3.7378837E-02   6.8862759E-01  -2.3927802E-01  -2.1625118E+00   2.7994526E-02   1.5657360E-01  -4.4127042E-01  -1.1407445E-01  -4.8211903E-04   2.9438582E-03  -6.5333542E-04   2.6740583E-04
  1.6290376E-05  -1.6859675E-05   3.1075200E-06   1.2267526E-04  -4.9880119E-03   3.8670832E-04   6.1159239E-04   7.1054487E-05  -2.5234759E+01  -2.2243647E-01   3.5370745E+00   1.2230531E+00   4.3734412E+00   1.0317550E-01   1.5760671E-01  -3.7756751E-02  -3.5593301E+00  -3.1740618E-03  -7.1180511E-03   1.4729178E-02   5.3410812E-02   4.6684719E-04  -2.8916220E-04  -1.1306623E-04  -2.8756213E-04
  1.0522355E-06  -1.1191260E-06  -1.2437893E-08   8.6724152E-06  -2.0347661E-04   6.2333221E-05   6.1762576E-05   9.5476893E-06  -8.3143402E-01  -2.0639643E-02   3.3469166E-01  -3.7378837E-02   1.0317550E-01   1.6296233E-02  -1.6427483E-02   1.1532870E-02  -1.0375064E-01  -2.3695630E-04  -1.2511580E-03  -2.6815927E-03   5.0623849E-03   1.8990926E-05  -3.8802355E-05   2.5429462E-05   6.1077469E-06
 -2.4642197E-06   4.9042394E-06   4.8356790E-07  -1.1479726E-05  -7.9537908E-04  -9.1995643E-05  -1.0311395E-04  -9.8925841E-06  -2.0994753E-01   4.5289200E-01  -9.7910234E-01   6.8862759E-01   1.5760671E-01  -1.6427483E-02   6.8519031E-02   4.2188675E-03  -1.6063089E-01   6.0979934E-04   6.7665353E-03   1.2052872E-04  -1.7614974E-02  -1.0056848E-05   9.0396971E-05  -3.9638553E-05  -1.1225523E-05
  1.2643364E-06  -5.6661716E-06   1.8427487E-06   2.3589527E-05  -1.2106099E-03   9.5509226E-05   6.8705410E-05   1.1694012E-05  -2.6091335E-01   9.2179601E-01   3.2630966E-01  -2.3927802E-01  -3.7756751E-02   1.1532870E-02   4.2188675E-03   8.1866050E-02   3.4154816E-02  -7.3705675E-04  -8.3517193E-04   1.2824804E-03   1.1708075E-03   1.5627141E-05  -2.6069684E-06   4.1966170E-05   1.8461733E-05
 -2.7748530E-05   1.8839718E-05  -7.3858501E-06  -4.5734815E-04   2.6396965E-02  -2.1819861E-03  -1.9837414E-03  -1.6954805E-04   1.1090548E+01  -8.1882071E+00  -8.3839592E+00  -2.1625118E+00  -3.5593301E+00  -1.0375064E-01  -1.6063089E-01   3.4154816E-02   7.3524974E+00   1.9506743E-04   4.1802304E-03  -6.0480457E-03  -4.3241840E-02  -4.1522919E-04   1.8222252E-04  -1.3711472E-04  -1.0236965E-04
  4.4084809E-07   3.3874515E-06  -6.0348259E-07   6.6903595E-06  -1.3005115E-03   1.5806945E-05   5.3634379E-07   3.9127602E-06  -1.8811688E-01  -3.5405201E-02  -5.5869129E-02   2.7994526E-02  -3.1740618E-03  -2.3695630E-04   6.0979934E-04  -7.3705675E-04   1.9506743E-04   3.8807010E-02   2.4297046E-03  -1.5045157E-04   2.8732840E-04   3.7382174E-05   2.5280542E-07  -2.9873131E-05  -3.5677229E-05
  1.3939311E-07  -2.4158071E-06   6.0222876E-07   1.5809043E-06  -2.7302433E-04  -1.0117746E-04  -2.5347672E-05  -2.5951033E-06   3.6130848E-01  -2.4780799E-01  -2.6451508E-01   1.5657360E-01  -7.1180511E-03  -1.2511580E-03   6.7665353E-03  -8.3517193E-04   4.1802304E-03   2.4297046E-03   3.1157631E-02  -8.1991753E-04   5.1083564E-03  -7.9380925E-05  -4.5683482E-05  -7.4241970E-05  -8.5193091E-05
  5.0617050E-07   2.3186954E-07   2.1303301E-07   1.7154264E-05  -2.3224587E-04   5.4396657E-05   2.6205432E-05   3.6648995E-06  -3.0924738E-01   4.7770079E-02   5.3380301E-01  -4.4127042E-01   1.4729178E-02  -2.6815927E-03   1.2052872E-04   1.2824804E-03  -6.0480457E-03  -1.5045157E-04  -8.1991753E-04   1.0743250E-02   8.5977976E-03   3.4304477E-06   6.5306362E-05   7.3933354E-08  -3.9029572E-06
  1.5683599E-07  -1.7560485E-06   3.8531175E-07  -7.8482175E-06   3.1630850E-04  -3.4005156E-05  -1.1222327E-05  -2.2664573E-06  -1.6994133E-01   6.0743990E-02  -2.0099149E-02  -1.1407445E-01   5.3410812E-02   5.0623849E-03  -1.7614974E-02   1.1708075E-03  -4.3241840E-02   2.8732840E-04   5.1083564E-03   8.5977976E-03   2.6375022E-02  -1.4536330E-06   6.2185719E-05  -8.9381011E-06  -1.4989988E-05
  3.9671332E-09  -2.8383854E-08   2.1519619E-09  -2.4660609E-08  -7.0753466E-06   5.5444872E-07  -2.5117340E-07   1.1136031E-08   6.5357143E-03   8.6649547E-04   1.6056806E-03  -4.8211903E-04   4.6684719E-04   1.8990926E-05  -1.0056848E-05   1.5627141E-05  -4.1522919E-04   3.7382174E-05  -7.9380925E-05   3.4304477E-06  -1.4536330E-06   1.0981539E-06   4.2464497E-08   3.0950834E-07   6.0983251E-07
 -1.1179574E-08   4.8394052E-08  -6.8014887E-11  -1.5975326E-07   3.8686455E-06  -4.3043326E-07  -4.9960226E-07  -1.1861268E-07   3.0244722E-03   7.6037885E-04  -7.7229345E-03   2.9438582E-03  -2.8916220E-04  -3.8802355E-05   9.0396971E-05  -2.6069684E-06   1.8222252E-04   2.5280542E-07  -4.5683482E-05   6.5306362E-05   6.2185719E-05   4.2464497E-08   2.4933491E-06   2.3168577E-07   2.2477652E-07
 -7.9469593E-08  -4.5489286E-07  -3.9380284E-08  -2.2637949E-06   1.1059238E-04  -5.9765088E-06   2.8851385E-07  -3.9180139E-07   2.2652310E-05   1.9623853E-03   2.5369615E-03  -6.5333542E-04  -1.1306623E-04   2.5429462E-05  -3.9638553E-05   4.1966170E-05  -1.3711472E-04  -2.9873131E-05  -7.4241970E-05   7.3933354E-08  -8.9381011E-06   3.0950834E-07   2.3168577E-07   2.4064909E-05   8.4050532E-06
 -2.5378568E-07  -8.0700019E-07   5.5496933E-08  -1.3867496E-06   5.6974065E-05  -2.0963471E-06  -1.9599805E-06   9.0599384E-08   5.3416927E-03   4.7461688E-03   2.8040321E-03   2.6740583E-04  -2.8756213E-04   6.1077469E-06  -1.1225523E-05   1.8461733E-05  -1.0236965E-04  -3.5677229E-05  -8.5193091E-05  -3.9029572E-06  -1.4989988E-05   6.0983251E-07   2.2477652E-07   8.4050532E-06   2.4781111E-05
