# omegabh2 omegach2 theta tau logA ns calPlanck acib217 xi asz143 aps100 aps143 aps143217 aps217 aksz kgal100 kgal143 kgal143217 kgal217 galfTE100 galfTE100143 galfTE100217 galfTE143 galfTE143217 galfTE217 cal0 cal2
  1.7796005E-08  -4.2171887E-08   9.0051038E-09   1.6860153E-07   3.2133774E-07   1.2830932E-07  -1.0247073E-10  -5.8576301E-05   9.0214135E-07   1.1448288E-05  -1.4802506E-04  -1.4929495E-04  -5.3000010E-05  -2.0127327E-06  -3.1889730E-05  -1.3024382E-05  -2.2849766E-05  -2.7770086E-05  -1.9891166E-05   2.4855202E-08   4.0905563E-08  -1.8531089E-09  -1.3657709E-07  -2.0053394E-07  -2.5850247E-06   4.4705800E-09  -2.0953359E-09
 -4.2171887E-08   7.5868625E-07  -3.9721846E-08  -1.7358000E-06  -1.8837195E-06  -1.8847889E-06  -7.9580434E-08   9.0392696E-05  -1.0315712E-05  -6.3014475E-05   1.0696566E-03   6.4137368E-04   8.3026799E-05   1.3967255E-04   3.6534579E-05   5.7073087E-05   2.7041646E-05   1.6309292E-05   6.2225885E-05   2.7259161E-07  -2.0436129E-07  -5.2256054E-07  -9.9591270E-07  -2.4162092E-07   1.6506685E-05  -1.7289472E-08  -5.4371093E-09
  9.0051038E-09  -3.9721846E-08   8.1261917E-08   1.5342060E-07   2.8939966E-07   1.8595088E-07   2.7359804E-09   8.8337510E-05   1.0313680E-06  -1.4999561E-05   4.8738819E-04  -3.0382477E-05  -5.4894798E-05  -1.8643466E-04   2.8692331E-05  -1.7862897E-05   3.5178808E-05   1.2176506E-05  -2.7138122E-05  -2.3584408E-07   5.8737244E-08   7.4888819E-07   3.9029266E-07   4.8698936E-07  -1.0897276E-06  -8.4895403E-09   4.8432805E-11
  1.6860153E-07  -1.7358000E-06   1.5342060E-07   4.8057720E-05   8.8241744E-05   6.4587493E-06  -1.4671838E-06  -9.8258707E-04   9.8869549E-06   4.4332096E-04  -4.0022349E-04  -9.9431577E-04   5.5291229E-05  -6.0014314E-04  -1.3409312E-03  -1.8495183E-04  -7.6024367E-05   4.6483700E-04   6.2022135E-04   1.3431107E-05   2.0178805E-07   2.7228068E-05  -1.3317769E-05  -1.3996198E-05  -1.0690348E-04  -1.1165493E-09  -5.5136167E-08
  3.2133774E-07  -1.8837195E-06   2.8939966E-07   8.8241744E-05   1.9089752E-04   6.8608843E-06   8.6904153E-06  -4.2246138E-04  -6.8818042E-06   5.7516477E-04   1.0951638E-02   1.8678757E-03   2.0375195E-03   2.8031824E-03  -3.1269306E-03  -5.0951292E-04  -8.9553300E-04   4.9804915E-05   1.5031674E-03   2.1840162E-05  -7.9971882E-06   4.9422988E-05  -3.8203481E-05  -3.6568253E-05  -2.2230901E-04   1.4817277E-07  -5.8034577E-08
  1.2830932E-07  -1.8847889E-06   1.8595088E-07   6.4587493E-06   6.8608843E-06   1.4200799E-05  -3.7000392E-08  -4.5554774E-03   9.6557821E-05   9.6320409E-04  -2.2771441E-02  -5.9743678E-03   2.4931881E-03   5.2572441E-03  -2.3059572E-03  -8.1626363E-05  -3.2303278E-04  -2.8886028E-04   1.1094977E-03  -3.5845107E-06   2.8865396E-06  -5.5936428E-09   5.5223422E-06   1.4202107E-05  -2.8587047E-05  -4.5578463E-08  -9.2773560E-08
 -1.0247073E-10  -7.9580434E-08   2.7359804E-09  -1.4671838E-06   8.6904153E-06  -3.7000392E-08   5.8874622E-06   1.0824937E-03  -2.0570664E-05  -2.2132247E-05   5.8956470E-03   1.3083506E-03   4.9619676E-04   9.4325636E-04   3.8206210E-05  -1.0212633E-05  -1.3860804E-04  -1.2586029E-04   4.5577367E-04  -2.6387710E-06  -3.5419073E-06   6.3670896E-07  -3.7010176E-06  -2.6249965E-06  -2.1670364E-05   2.5876502E-08   4.8157877E-08
 -5.8576301E-05   9.0392696E-05   8.8337510E-05  -9.8258707E-04  -4.2246138E-04  -4.5554774E-03   1.0824937E-03   4.4867186E+01  -3.6676776E-01  -7.5111196E-01   3.8472627E+01   1.9424986E+00  -1.1656444E+01  -5.4466172E+01  -3.2147135E-01   7.0821979E-02   3.0042522E-01  -5.9883384E+00  -3.3556472E+01  -3.4125441E-03  -5.4895870E-03  -4.9530908E-03   5.9286426E-03  -7.6010417E-03  -1.8692620E-02  -2.3291153E-04   8.1315992E-04
  9.0214135E-07  -1.0315712E-05   1.0313680E-06   9.8869549E-06  -6.8818042E-06   9.6557821E-05  -2.0570664E-05  -3.6676776E-01   7.9941132E-02  -2.8722508E-02  -5.8605167E-01   8.8757258E-01   1.6724283E+00   5.2618597E-01   5.4605696E-02  -1.4002846E-02   6.6318590E-03   1.3221297E-01   2.1746692E-01  -1.4325784E-04   1.6385826E-04  -8.8777642E-04   5.7803905E-04   6.6996753E-04   1.9710353E-03   3.4246827E-06   1.0064957E-05
  1.1448288E-05  -6.3014475E-05  -1.4999561E-05   4.4332096E-04   5.7516477E-04   9.6320409E-04  -2.2132247E-05  -7.5111196E-01  -2.8722508E-02   4.0109665E+00  -3.0258651E+01  -3.2018879E+00   8.3635229E+00   5.2890346E+00  -2.7421954E+00  -3.6322347E-01   2.2968078E-01   2.8731097E+00   3.4063068E+00  -3.7536287E-03  -2.4835807E-03  -8.2082109E-04  -3.0973553E-03  -3.9329364E-04   1.0023851E-02   1.3846601E-04  -4.6926759E-05
 -1.4802506E-04   1.0696566E-03   4.8738819E-04  -4.0022349E-04   1.0951638E-02  -2.2771441E-02   5.8956470E-03   3.8472627E+01  -5.8605167E-01  -3.0258651E+01   7.8214848E+02   7.2966832E+01  -5.3670258E+01  -5.9084000E+01   1.1634531E+01  -4.9050035E+00   4.2134403E+00  -1.3257388E+01  -2.5502914E+01   2.6277753E-02  -6.6689862E-03   1.6190757E-02   2.7186935E-02   7.5918243E-02   4.5139136E-02   3.6327282E-03   5.2688513E-04
 -1.4929495E-04   6.4137368E-04  -3.0382477E-05  -9.9431577E-04   1.8678757E-03  -5.9743678E-03   1.3083506E-03   1.9424986E+00   8.8757258E-01  -3.2018879E+00   7.2966832E+01   5.9779610E+01   3.8741912E+01   1.3965204E+01  -4.6790846E+00  -1.1127403E-01  -1.1570461E+00   3.4879387E+00   5.0661841E+00   4.6330651E-03  -5.9386746E-04  -7.2822739E-04  -9.3037835E-03   1.8259591E-02  -1.5893428E-03   1.5681122E-04   2.7185512E-04
 -5.3000010E-05   8.3026799E-05  -5.4894798E-05   5.5291229E-05   2.0375195E-03   2.4931881E-03   4.9619676E-04  -1.1656444E+01   1.6724283E+00   8.3635229E+00  -5.3670258E+01   3.8741912E+01   8.5575480E+01   4.9485688E+01  -1.1674416E+01  -1.1618234E+00  -3.2739364E-01   5.7239107E+00   9.3052305E+00  -1.0521067E-02  -8.9744558E-04  -2.2724927E-02   4.1840186E-03   2.6753478E-02   4.5748409E-02   4.8791897E-04  -2.3755882E-04
 -2.0127327E-06   1.3967255E-04  -1.8643466E-04  -6.0014314E-04   2.8031824E-03   5.2572441E-03   9.4325636E-04  -5.4466172E+01   5.2618597E-01   5.2890346E+00  -5.9084000E+01   1.3965204E+01   4.9485688E+01   1.0094689E+02  -9.0299074E+00  -6.5376705E-01  -8.9186994E-01   5.5243186E+00   3.3146010E+01  -3.1823499E-03  -3.0603177E-03  -1.7242068E-02  -7.6284253E-03   2.0095223E-02   3.5648518E-04   5.6075602E-04  -1.6188552E-03
 -3.1889730E-05   3.6534579E-05   2.8692331E-05  -1.3409312E-03  -3.1269306E-03  -2.3059572E-03   3.8206210E-05  -3.2147135E-01   5.4605696E-02  -2.7421954E+00   1.1634531E+01  -4.6790846E+00  -1.1674416E+01  -9.0299074E+00   5.8454625E+00   1.5433361E-01  -2.7979240E-01  -2.0730489E+00  -2.0321043E+00   1.2286922E-03   3.4104299E-03   3.4009184E-03   7.0596419E-03  -6.2147597E-03   4.8030429E-03  -1.1552160E-04   5.5015190E-05
 -1.3024382E-05   5.7073087E-05  -1.7862897E-05  -1.8495183E-04  -5.0951292E-04  -8.1626363E-05  -1.0212633E-05   7.0821979E-02  -1.4002846E-02  -3.6322347E-01  -4.9050035E+00  -1.1127403E-01  -1.1618234E+00  -6.5376705E-01   1.5433361E-01   3.1530948E+00   5.6752464E-01   2.5717995E-01   5.0862625E-01  -2.0397727E-04   1.4268809E-03   4.5786156E-03   1.7054873E-03  -3.4380974E-03  -1.0915275E-02   1.6240832E-04   3.7743464E-05
 -2.2849766E-05   2.7041646E-05   3.5178808E-05  -7.6024367E-05  -8.9553300E-04  -3.2303278E-04  -1.3860804E-04   3.0042522E-01   6.6318590E-03   2.2968078E-01   4.2134403E+00  -1.1570461E+00  -3.2739364E-01  -8.9186994E-01  -2.7979240E-01   5.6752464E-01   3.1963976E+00   2.8450534E+00   3.1555170E+00   2.5067861E-04  -1.5174302E-03   4.4829589E-04   1.1778751E-03  -4.8398340E-04  -1.8386584E-02  -1.8884982E-04  -2.2686550E-05
 -2.7770086E-05   1.6309292E-05   1.2176506E-05   4.6483700E-04   4.9804915E-05  -2.8886028E-04  -1.2586029E-04  -5.9883384E+00   1.3221297E-01   2.8731097E+00  -1.3257388E+01   3.4879387E+00   5.7239107E+00   5.5243186E+00  -2.0730489E+00   2.5717995E-01   2.8450534E+00   1.1243446E+01   2.0051083E+01  -7.7475801E-04  -3.2993178E-03   1.6603591E-03  -1.0896844E-02  -4.2377135E-03   1.3772931E-03   6.9148172E-05   4.8312799E-04
 -1.9891166E-05   6.2225885E-05  -2.7138122E-05   6.2022135E-04   1.5031674E-03   1.1094977E-03   4.5577367E-04  -3.3556472E+01   2.1746692E-01   3.4063068E+00  -2.5502914E+01   5.0661841E+00   9.3052305E+00   3.3146010E+01  -2.0321043E+00   5.0862625E-01   3.1555170E+00   2.0051083E+01   5.4578598E+01   3.4551790E-03   4.7747557E-04   2.0374414E-02  -2.4691823E-02  -4.0256566E-03   1.7173394E-02   2.0998589E-04   1.0346515E-03
  2.4855202E-08   2.7259161E-07  -2.3584408E-07   1.3431107E-05   2.1840162E-05  -3.5845107E-06  -2.6387710E-06  -3.4125441E-03  -1.4325784E-04  -3.7536287E-03   2.6277753E-02   4.6330651E-03  -1.0521067E-02  -3.1823499E-03   1.2286922E-03  -2.0397727E-04   2.5067861E-04  -7.7475801E-04   3.4551790E-03   1.4493411E-03   2.7779028E-04  -1.4607670E-05  -3.6658855E-04  -1.7582863E-04  -7.5809898E-04  -3.4666411E-09  -4.4071104E-07
  4.0905563E-08  -2.0436129E-07   5.8737244E-08   2.0178805E-07  -7.9971882E-06   2.8865396E-06  -3.5419073E-06  -5.4895870E-03   1.6385826E-04  -2.4835807E-03  -6.6689862E-03  -5.9386746E-04  -8.9744558E-04  -3.0603177E-03   3.4104299E-03   1.4268809E-03  -1.5174302E-03  -3.2993178E-03   4.7747557E-04   2.7779028E-04   8.6296908E-04  -1.2199704E-04   7.3445092E-04  -2.9566033E-05  -7.5521751E-04  -9.5813217E-08   4.0588309E-07
 -1.8531089E-09  -5.2256054E-07   7.4888819E-07   2.7228068E-05   4.9422988E-05  -5.5936428E-09   6.3670896E-07  -4.9530908E-03  -8.8777642E-04  -8.2082109E-04   1.6190757E-02  -7.2822739E-04  -2.2724927E-02  -1.7242068E-02   3.4009184E-03   4.5786156E-03   4.4829589E-04   1.6603591E-03   2.0374414E-02  -1.4607670E-05  -1.2199704E-04   6.7670245E-03  -4.2854190E-04   3.5574854E-04   3.4932798E-03  -5.0703846E-07   1.1482272E-06
 -1.3657709E-07  -9.9591270E-07   3.9029266E-07  -1.3317769E-05  -3.8203481E-05   5.5223422E-06  -3.7010176E-06   5.9286426E-03   5.7803905E-04  -3.0973553E-03   2.7186935E-02  -9.3037835E-03   4.1840186E-03  -7.6284253E-03   7.0596419E-03   1.7054873E-03   1.1778751E-03  -1.0896844E-02  -2.4691823E-02  -3.6658855E-04   7.3445092E-04  -4.2854190E-04   2.9668689E-03   6.0024192E-04  -3.5830497E-04   1.1455147E-06  -1.7843270E-07
 -2.0053394E-07  -2.4162092E-07   4.8698936E-07  -1.3996198E-05  -3.6568253E-05   1.4202107E-05  -2.6249965E-06  -7.6010417E-03   6.6996753E-04  -3.9329364E-04   7.5918243E-02   1.8259591E-02   2.6753478E-02   2.0095223E-02  -6.2147597E-03  -3.4380974E-03  -4.8398340E-04  -4.2377135E-03  -4.0256566E-03  -1.7582863E-04  -2.9566033E-05   3.5574854E-04   6.0024192E-04   6.9089135E-03   8.2334306E-03   1.6857081E-06  -4.2381461E-07
 -2.5850247E-06   1.6506685E-05  -1.0897276E-06  -1.0690348E-04  -2.2230901E-04  -2.8587047E-05  -2.1670364E-05  -1.8692620E-02   1.9710353E-03   1.0023851E-02   4.5139136E-02  -1.5893428E-03   4.5748409E-02   3.5648518E-04   4.8030429E-03  -1.0915275E-02  -1.8386584E-02   1.3772931E-03   1.7173394E-02  -7.5809898E-04  -7.5521751E-04   3.4932798E-03  -3.5830497E-04   8.2334306E-03   7.3364755E-02   5.7959247E-06   1.3391019E-07
  4.4705800E-09  -1.7289472E-08  -8.4895403E-09  -1.1165493E-09   1.4817277E-07  -4.5578463E-08   2.5876502E-08  -2.3291153E-04   3.4246827E-06   1.3846601E-04   3.6327282E-03   1.5681122E-04   4.8791897E-04   5.6075602E-04  -1.1552160E-04   1.6240832E-04  -1.8884982E-04   6.9148172E-05   2.0998589E-04  -3.4666411E-09  -9.5813217E-08  -5.0703846E-07   1.1455147E-06   1.6857081E-06   5.7959247E-06   3.8099670E-07  -1.1436319E-08
 -2.0953359E-09  -5.4371093E-09   4.8432805E-11  -5.5136167E-08  -5.8034577E-08  -9.2773560E-08   4.8157877E-08   8.1315992E-04   1.0064957E-05  -4.6926759E-05   5.2688513E-04   2.7185512E-04  -2.3755882E-04  -1.6188552E-03   5.5015190E-05   3.7743464E-05  -2.2686550E-05   4.8312799E-04   1.0346515E-03  -4.4071104E-07   4.0588309E-07   1.1482272E-06  -1.7843270E-07  -4.2381461E-07   1.3391019E-07  -1.1436319E-08   4.0363310E-07
