# omegabh2 omegach2 theta tau meffsterile nnu logA ns calPlanck acib217 xi asz143 aps100 aps143 aps143217 aps217 aksz kgal100 kgal143 kgal143217 kgal217 galfTE100 galfTE100143 galfTE100217 galfTE143 galfTE143217 galfTE217 cal0 cal2
  2.2182602E-08   7.5778630E-08   6.2815714E-10   2.3629827E-07  -3.4520705E-06   5.3122450E-06   6.3745728E-07   3.5710821E-07   1.2222666E-08  -4.0116930E-05   6.4267814E-07   1.4556577E-05  -2.4608817E-04  -1.5402596E-04  -5.0848317E-05  -1.0439462E-05  -2.1146038E-05   5.3375775E-06  -3.1700531E-06  -7.6762163E-06  -2.4665963E-06  -8.5966187E-08  -7.8618685E-08  -2.3383611E-08  -2.6109288E-07  -3.7148372E-07  -1.6074578E-06   2.1499116E-09  -6.6287095E-10
  7.5778630E-08   9.7303618E-06  -3.5454849E-07  -1.3742504E-06  -5.5947037E-04   1.6652086E-04   6.0363633E-06   6.7374903E-06  -7.7391658E-08   9.7947341E-04  -2.5564177E-05  -2.3424314E-04   5.5806879E-03   1.2683918E-03  -3.7803761E-04  -1.2562641E-03   4.9817092E-04   7.0314393E-05   1.7737912E-04   1.2674908E-04  -6.3916813E-05   4.7577636E-07  -5.0927962E-07  -1.5239877E-06  -4.8162780E-07   1.2940437E-06   4.2720612E-06  -2.6224780E-08   1.0612799E-08
  6.2815714E-10  -3.5454849E-07   9.9539729E-08   1.0391515E-07   1.1468705E-05  -1.1295722E-05  -2.1279305E-07  -2.5934772E-07   2.4195664E-08  -5.5482736E-05   1.1206555E-06   1.2689615E-05  -3.1533795E-04  -9.4220352E-05  -5.8213388E-06   3.5451031E-05  -2.2139715E-05   7.0791429E-07  -7.9478351E-06  -4.7990748E-06   1.5146024E-05  -9.8298476E-08  -1.3667834E-08   2.5621871E-07  -2.4657954E-07  -1.9656170E-07  -6.3987489E-07   8.3758920E-10  -5.5731826E-11
  2.3629827E-07  -1.3742504E-06   1.0391515E-07   5.1146400E-05   1.8147321E-05   4.9948363E-05   9.5516855E-05   9.3548396E-06  -1.0718863E-06  -1.1304945E-03   2.4218085E-05   4.7759285E-04  -1.0087225E-02  -3.6602105E-03  -7.9497141E-04  -1.1984924E-04  -6.7797767E-04   1.0506052E-04  -2.1337936E-04  -3.2788082E-04  -5.4381359E-04  -1.5632679E-06  -2.6287886E-06   4.7064839E-06  -1.8250548E-06  -4.7154534E-06  -3.6775242E-05  -2.8994275E-10  -9.0137525E-08
 -3.4520705E-06  -5.5947037E-04   1.1468705E-05   1.8147321E-05   4.5297508E-02  -4.6627363E-03  -2.3135309E-04  -4.0948053E-04  -5.5908135E-06  -3.0901963E-02   6.1406473E-04   5.9046780E-03  -1.1424858E-01   3.1341774E-02   6.4362604E-02   9.7398813E-02  -1.4603787E-02  -2.9510977E-03  -4.8023137E-03  -7.5626201E-04   4.9406983E-03  -4.3540013E-05   2.0551249E-05   2.0603577E-04  -3.8500650E-06   7.8738468E-05   1.9692789E-04   7.3778992E-07  -4.4375085E-08
  5.3122450E-06   1.6652086E-04  -1.1295722E-05   4.9948363E-05  -4.6627363E-03   6.9349405E-03   3.5641771E-04   2.7458684E-04   3.2673417E-06   3.5577679E-02  -9.3628880E-04  -6.1150949E-03   1.8524898E-01   6.0832604E-02   5.2751425E-03  -1.9448518E-02   1.4269963E-02   2.7432477E-03   6.9997339E-03   6.6761724E-03  -3.5552681E-03   7.3466227E-06  -1.1450644E-06   3.9489349E-05  -4.3791526E-05   3.4596743E-05  -1.4435929E-05  -6.2569912E-07   2.9872649E-07
  6.3745728E-07   6.0363633E-06  -2.1279305E-07   9.5516855E-05  -2.3135309E-04   3.5641771E-04   2.1708332E-04   2.3998066E-05   9.2577634E-06  -1.0606297E-03   5.1491240E-05   5.2699279E-04  -7.9743822E-03  -2.5257045E-03   1.2810689E-03   4.2795775E-03  -1.2092142E-03   5.1961014E-05  -5.8735691E-04  -7.0542700E-04   5.2911100E-04  -1.6275934E-06  -6.7589033E-06  -5.3931234E-06  -1.1511525E-05  -7.3329354E-06  -5.5964479E-05   8.0652195E-08  -1.7518393E-07
  3.5710821E-07   6.7374903E-06  -2.5934772E-07   9.3548396E-06  -4.0948053E-04   2.7458684E-04   2.3998066E-05   2.6245059E-05   5.8961115E-07  -2.3645848E-03   5.1762343E-05   7.2819419E-04  -1.6052803E-02  -3.8137611E-03   1.7958306E-03   3.4954465E-03  -1.6573295E-03   4.2982258E-04  -5.5160523E-05  -9.4688905E-05   6.5616139E-04   8.8478312E-07   1.2800200E-06  -3.4740232E-07  -2.1193804E-06  -7.0336314E-07  -2.1130857E-05  -8.7802504E-08  -6.3659182E-08
  1.2222666E-08  -7.7391658E-08   2.4195664E-08  -1.0718863E-06  -5.5908135E-06   3.2673417E-06   9.2577634E-06   5.8961115E-07   5.8753999E-06   6.1966421E-04  -6.3927362E-07   1.4041228E-05   3.1221331E-03   7.5024672E-04   5.1896986E-04   1.2828474E-03   3.8687194E-05   2.9717385E-06   6.2774266E-05   1.1273552E-04   9.0761599E-04   6.7126696E-07  -4.6172597E-07  -7.1233238E-06  -2.7193313E-06  -9.2542322E-07   4.6806621E-07  -8.7944974E-09  -8.9487423E-09
 -4.0116930E-05   9.7947341E-04  -5.5482736E-05  -1.1304945E-03  -3.0901963E-02   3.5577679E-02  -1.0606297E-03  -2.3645848E-03   6.1966421E-04   4.4212858E+01  -3.9693486E-01  -7.2778525E-01   3.5458609E+01   1.9891428E+00  -1.2588453E+01  -5.4371310E+01  -3.2403496E-01   1.1936122E-01   4.0646882E-01  -5.8063963E+00  -3.2930484E+01   2.5594613E-03   3.6189000E-03  -1.5396584E-03   1.6947951E-03  -8.1562959E-03   1.5225425E-03  -1.4264100E-04   7.2978588E-04
  6.4267814E-07  -2.5564177E-05   1.1206555E-06   2.4218085E-05   6.1406473E-04  -9.3628880E-04   5.1491240E-05   5.1762343E-05  -6.3927362E-07  -3.9693486E-01   8.1244774E-02  -4.6110664E-02  -5.9431030E-01   9.0335326E-01   1.6700571E+00   6.2956540E-01   4.7592352E-02  -4.9341141E-03   6.3383225E-03   1.0732108E-01   1.4541800E-01   2.2132078E-05  -5.8916655E-06   8.7610952E-05  -1.1151891E-04   1.2789387E-05   3.0282756E-04   2.3741539E-06  -1.5341652E-06
  1.4556577E-05  -2.3424314E-04   1.2689615E-05   4.7759285E-04   5.9046780E-03  -6.1150949E-03   5.2699279E-04   7.2819419E-04   1.4041228E-05  -7.2778525E-01  -4.6110664E-02   3.8625613E+00  -3.0412650E+01  -3.3158074E+00   7.5161437E+00   5.1842316E+00  -2.7427766E+00  -2.0282142E-01   1.5045836E-01   2.6017807E+00   3.1256053E+00  -1.1901087E-03  -3.3781871E-04   5.6279991E-04   1.1329252E-03   1.2450990E-03  -7.8989097E-03   9.8907390E-05  -3.9865597E-05
 -2.4608817E-04   5.5806879E-03  -3.1533795E-04  -1.0087225E-02  -1.1424858E-01   1.8524898E-01  -7.9743822E-03  -1.6052803E-02   3.1221331E-03   3.5458609E+01  -5.9431030E-01  -3.0412650E+01   7.7598359E+02   6.8310037E+01  -5.4949351E+01  -6.0461258E+01   1.4616199E+01  -6.0131819E+00   5.6810423E+00  -1.2699654E+01  -2.3850172E+01   1.0402991E-02   1.0708551E-02  -3.6622583E-03   3.0565891E-03  -2.6505699E-03   3.4222410E-02   3.7940823E-03   6.1667024E-04
 -1.5402596E-04   1.2683918E-03  -9.4220352E-05  -3.6602105E-03   3.1341774E-02   6.0832604E-02  -2.5257045E-03  -3.8137611E-03   7.5024672E-04   1.9891428E+00   9.0335326E-01  -3.3158074E+00   6.8310037E+01   6.2107778E+01   4.0643802E+01   1.5247599E+01  -4.9159682E+00  -4.1054883E-01  -1.3228956E+00   3.2779387E+00   4.0086183E+00   7.0438220E-05  -3.6993931E-04   4.0593321E-03  -3.2314275E-03   3.5930988E-04   4.0796099E-02  -3.3495822E-05   1.2189011E-04
 -5.0848317E-05  -3.7803761E-04  -5.8213388E-06  -7.9497141E-04   6.4362604E-02   5.2751425E-03   1.2810689E-03   1.7958306E-03   5.1896986E-04  -1.2588453E+01   1.6700571E+00   7.5161437E+00  -5.4949351E+01   4.0643802E+01   8.4749700E+01   5.2527930E+01  -1.1878174E+01  -6.8913508E-01  -6.6533067E-01   4.7425268E+00   7.7158690E+00  -1.3881165E-03  -2.0995430E-03   2.4519698E-03  -1.8035502E-03   7.0982191E-03   1.5703441E-03   2.7884202E-04  -3.5717436E-04
 -1.0439462E-05  -1.2562641E-03   3.5451031E-05  -1.1984924E-04   9.7398813E-02  -1.9448518E-02   4.2795775E-03   3.4954465E-03   1.2828474E-03  -5.4371310E+01   6.2956540E-01   5.1842316E+00  -6.0461258E+01   1.5247599E+01   5.2527930E+01   1.0269647E+02  -9.0736382E+00  -5.2314368E-01  -1.0548163E+00   5.4390025E+00   3.2874865E+01  -3.8313109E-03  -5.6666239E-03  -6.0905066E-04  -1.4882626E-03   1.5781589E-02  -4.1346122E-03   3.1238732E-04  -1.3363054E-03
 -2.1146038E-05   4.9817092E-04  -2.2139715E-05  -6.7797767E-04  -1.4603787E-02   1.4269963E-02  -1.2092142E-03  -1.6573295E-03   3.8687194E-05  -3.2403496E-01   4.7592352E-02  -2.7427766E+00   1.4616199E+01  -4.9159682E+00  -1.1878174E+01  -9.0736382E+00   5.9109050E+00   7.8554280E-02  -1.9520838E-01  -1.9774835E+00  -2.0281669E+00   5.3314339E-04  -4.0325260E-06   1.7761349E-04   2.5496785E-04   2.1534871E-04   7.2398839E-03  -4.7684912E-05  -6.1900367E-06
  5.3375775E-06   7.0314393E-05   7.0791429E-07   1.0506052E-04  -2.9510977E-03   2.7432477E-03   5.1961014E-05   4.2982258E-04   2.9717385E-06   1.1936122E-01  -4.9341141E-03  -2.0282142E-01  -6.0131819E+00  -4.1054883E-01  -6.8913508E-01  -5.2314368E-01   7.8554280E-02   3.3182222E+00   5.4302746E-01   1.2585927E-01   1.1137571E-01  -7.1746264E-04  -3.2678421E-05   4.8034068E-04  -1.2061332E-04  -1.3419545E-03  -9.4229677E-04   1.8286638E-04   3.2461718E-06
 -3.1700531E-06   1.7737912E-04  -7.9478351E-06  -2.1337936E-04  -4.8023137E-03   6.9997339E-03  -5.8735691E-04  -5.5160523E-05   6.2774266E-05   4.0646882E-01   6.3383225E-03   1.5045836E-01   5.6810423E+00  -1.3228956E+00  -6.6533067E-01  -1.0548163E+00  -1.9520838E-01   5.4302746E-01   3.2141380E+00   2.7438440E+00   2.9054996E+00  -1.0914298E-04  -4.2306847E-04  -2.6334476E-04  -1.0543508E-04  -8.0640176E-04  -5.2050148E-03  -1.8022249E-04  -3.4647867E-05
 -7.6762163E-06   1.2674908E-04  -4.7990748E-06  -3.2788082E-04  -7.5626201E-04   6.6761724E-03  -7.0542700E-04  -9.4688905E-05   1.1273552E-04  -5.8063963E+00   1.0732108E-01   2.6017807E+00  -1.2699654E+01   3.2779387E+00   4.7425268E+00   5.4390025E+00  -1.9774835E+00   1.2585927E-01   2.7438440E+00   1.0774663E+01   1.9151314E+01  -8.6038954E-04  -1.4163851E-04   9.0772670E-04   1.1937613E-04  -4.3040875E-05   2.0106459E-03  -4.3708638E-05   3.9975807E-04
 -2.4665963E-06  -6.3916813E-05   1.5146024E-05  -5.4381359E-04   4.9406983E-03  -3.5552681E-03   5.2911100E-04   6.5616139E-04   9.0761599E-04  -3.2930484E+01   1.4541800E-01   3.1256053E+00  -2.3850172E+01   4.0086183E+00   7.7158690E+00   3.2874865E+01  -2.0281669E+00   1.1137571E-01   2.9054996E+00   1.9151314E+01   5.2910169E+01  -1.6338657E-03  -1.9793525E-03   2.9226537E-03  -1.3098060E-03   1.4629344E-03   6.7578938E-03   8.6128260E-06   8.9105768E-04
 -8.5966187E-08   4.7577636E-07  -9.8298476E-08  -1.5632679E-06  -4.3540013E-05   7.3466227E-06  -1.6275934E-06   8.8478312E-07   6.7126696E-07   2.5594613E-03   2.2132078E-05  -1.1901087E-03   1.0402991E-02   7.0438220E-05  -1.3881165E-03  -3.8313109E-03   5.3314339E-04  -7.1746264E-04  -1.0914298E-04  -8.6038954E-04  -1.6338657E-03   1.4414115E-03   2.7231879E-04   6.6294413E-05  -3.7933431E-04  -1.0037819E-04  -9.4275917E-05  -7.9976115E-08   2.0842438E-07
 -7.8618685E-08  -5.0927962E-07  -1.3667834E-08  -2.6287886E-06   2.0551249E-05  -1.1450644E-06  -6.7589033E-06   1.2800200E-06  -4.6172597E-07   3.6189000E-03  -5.8916655E-06  -3.3781871E-04   1.0708551E-02  -3.6993931E-04  -2.0995430E-03  -5.6666239E-03  -4.0325260E-06  -3.2678421E-05  -4.2306847E-04  -1.4163851E-04  -1.9793525E-03   2.7231879E-04   8.6514055E-04   2.9358044E-05   7.5311026E-04   2.6777613E-05  -7.4230621E-04   7.9084683E-09   1.5498301E-07
 -2.3383611E-08  -1.5239877E-06   2.5621871E-07   4.7064839E-06   2.0603577E-04   3.9489349E-05  -5.3931234E-06  -3.4740232E-07  -7.1233238E-06  -1.5396584E-03   8.7610952E-05   5.6279991E-04  -3.6622583E-03   4.0593321E-03   2.4519698E-03  -6.0905066E-04   1.7761349E-04   4.8034068E-04  -2.6334476E-04   9.0772670E-04   2.9226537E-03   6.6294413E-05   2.9358044E-05   7.2958420E-03  -2.9861984E-04   6.9235685E-04   4.7028477E-03  -3.8956285E-07   3.3792814E-07
 -2.6109288E-07  -4.8162780E-07  -2.4657954E-07  -1.8250548E-06  -3.8500650E-06  -4.3791526E-05  -1.1511525E-05  -2.1193804E-06  -2.7193313E-06   1.6947951E-03  -1.1151891E-04   1.1329252E-03   3.0565891E-03  -3.2314275E-03  -1.8035502E-03  -1.4882626E-03   2.5496785E-04  -1.2061332E-04  -1.0543508E-04   1.1937613E-04  -1.3098060E-03  -3.7933431E-04   7.5311026E-04  -2.9861984E-04   2.9513541E-03   4.9486945E-04  -1.2385451E-03   9.5731806E-08   1.9393606E-07
 -3.7148372E-07   1.2940437E-06  -1.9656170E-07  -4.7154534E-06   7.8738468E-05   3.4596743E-05  -7.3329354E-06  -7.0336314E-07  -9.2542322E-07  -8.1562959E-03   1.2789387E-05   1.2450990E-03  -2.6505699E-03   3.5930988E-04   7.0982191E-03   1.5781589E-02   2.1534871E-04  -1.3419545E-03  -8.0640176E-04  -4.3040875E-05   1.4629344E-03  -1.0037819E-04   2.6777613E-05   6.9235685E-04   4.9486945E-04   6.4831669E-03   8.0962370E-03   1.5512243E-07  -9.5425420E-07
 -1.6074578E-06   4.2720612E-06  -6.3987489E-07  -3.6775242E-05   1.9692789E-04  -1.4435929E-05  -5.5964479E-05  -2.1130857E-05   4.6806621E-07   1.5225425E-03   3.0282756E-04  -7.8989097E-03   3.4222410E-02   4.0796099E-02   1.5703441E-03  -4.1346122E-03   7.2398839E-03  -9.4229677E-04  -5.2050148E-03   2.0106459E-03   6.7578938E-03  -9.4275917E-05  -7.4230621E-04   4.7028477E-03  -1.2385451E-03   8.0962370E-03   7.2189984E-02   1.2334478E-06  -4.0980016E-07
  2.1499116E-09  -2.6224780E-08   8.3758920E-10  -2.8994275E-10   7.3778992E-07  -6.2569912E-07   8.0652195E-08  -8.7802504E-08  -8.7944974E-09  -1.4264100E-04   2.3741539E-06   9.8907390E-05   3.7940823E-03  -3.3495822E-05   2.7884202E-04   3.1238732E-04  -4.7684912E-05   1.8286638E-04  -1.8022249E-04  -4.3708638E-05   8.6128260E-06  -7.9976115E-08   7.9084683E-09  -3.8956285E-07   9.5731806E-08   1.5512243E-07   1.2334478E-06   3.7357882E-07  -1.5931733E-09
 -6.6287095E-10   1.0612799E-08  -5.5731826E-11  -9.0137525E-08  -4.4375085E-08   2.9872649E-07  -1.7518393E-07  -6.3659182E-08  -8.9487423E-09   7.2978588E-04  -1.5341652E-06  -3.9865597E-05   6.1667024E-04   1.2189011E-04  -3.5717436E-04  -1.3363054E-03  -6.1900367E-06   3.2461718E-06  -3.4647867E-05   3.9975807E-04   8.9105768E-04   2.0842438E-07   1.5498301E-07   3.3792814E-07   1.9393606E-07  -9.5425420E-07  -4.0980016E-07  -1.5931733E-09   3.8602180E-07
