# omegabh2 omegach2 theta tau alpha1 logA ns calPlanck aps100 aps143 aps217 acib217 asz143 psr cibr xi aksz dust100 dust143 dust217 dust143x217 cal0 cal2
  5.2707371E-08  -3.5118524E-08  -3.8582777E-09   5.8708814E-07  -1.8615163E-07   1.5056347E-06  -2.1561198E-07   3.3139651E-08  -6.0276921E-04  -4.4085649E-04  -2.2068563E-05  -1.8076842E-04   1.5666698E-05   6.1110886E-07  -3.3274616E-06   3.3394523E-06  -1.3738294E-05   1.8390851E-06   3.7264210E-07   1.4833767E-06   1.1826937E-06   7.2480676E-09  -7.8536359E-09
 -3.5118524E-08   1.5256617E-06  -1.1359432E-07  -9.4179983E-07  -2.8099952E-07   2.2313618E-06  -3.9579165E-06  -3.0567367E-08   3.8408052E-04   4.8372920E-04   6.8107277E-04  -2.3006997E-04  -3.8942744E-05   1.8425998E-06  -3.4252827E-06   5.0820154E-06   1.3110594E-05  -7.0626876E-07  -2.9932394E-06   8.3491056E-07  -1.4923231E-06   1.2356515E-08  -3.8495562E-08
 -3.8582777E-09  -1.1359432E-07   2.2728891E-07  -3.9240047E-07   3.4507631E-07  -1.2672436E-06   1.3690615E-06   2.3062561E-08  -3.0257213E-04  -1.3110737E-04   1.9298709E-04  -6.9112550E-05   1.9097613E-05   1.7488546E-06  -3.1197588E-06  -1.9149416E-06  -5.4973720E-05  -2.1437791E-06  -5.8908203E-07  -5.6984075E-07  -4.9711814E-07  -4.6794405E-09  -1.1093489E-08
  5.8708814E-07  -9.4179983E-07  -3.9240047E-07   6.9746087E-05  -4.1241620E-06   1.4158537E-04  -3.6429173E-06  -2.2387327E-07  -9.0428178E-03  -6.7290407E-03  -2.6893012E-03  -1.4460902E-03  -1.7295004E-04  -2.0246520E-05  -2.8477848E-05  -6.7650942E-06   1.2467086E-04  -1.7762988E-06   1.2165445E-05   2.5643989E-06  -1.1136060E-05  -7.9368414E-08  -9.5121360E-08
 -1.8615163E-07  -2.8099952E-07   3.4507631E-07  -4.1241620E-06   2.6327184E-06  -1.1860495E-05   6.1232043E-06   3.9739888E-08  -8.8045338E-04   1.7887144E-04   1.2247639E-03  -3.0168303E-04   8.3989426E-05   1.0476014E-05  -1.5635381E-05  -5.5266823E-06  -2.6243475E-04  -1.6885997E-05  -8.3080944E-06  -4.5663817E-08   4.8060693E-07  -4.2780987E-08  -3.6647630E-08
  1.5056347E-06   2.2313618E-06  -1.2672436E-06   1.4158537E-04  -1.1860495E-05   3.3228174E-04  -2.6490184E-05   1.2312412E-05  -1.2627215E-02  -1.1345255E-02   3.0302596E-03  -4.2879545E-03  -3.3236764E-04  -1.6336952E-05  -1.0564008E-04   4.7849674E-05  -6.0033362E-04  -7.3108861E-06  -5.5730147E-05   2.7555618E-05  -3.1082532E-05   6.9862776E-07  -4.1141772E-07
 -2.1561198E-07  -3.9579165E-06   1.3690615E-06  -3.6429173E-06   6.1232043E-06  -2.6490184E-05   3.5854367E-05   2.1283607E-07  -3.0096216E-02  -8.7201937E-03   1.0629928E-02  -6.4490939E-03   9.8713243E-04   9.4329028E-05  -1.4019868E-04   5.6693337E-05  -2.8378005E-03  -1.6359153E-05  -3.9371966E-05   2.1237755E-05  -1.2181340E-05  -5.2629719E-07  -3.2995724E-07
  3.3139651E-08  -3.0567367E-08   2.3062561E-08  -2.2387327E-07   3.9739888E-08   1.2312412E-05   2.1283607E-07   6.3820027E-06   1.9969904E-03   2.2332294E-04   1.1876941E-03   7.8313555E-04   1.0999114E-04  -2.8656857E-07   5.1647914E-06  -3.2768698E-07  -9.8950531E-05   1.9346041E-06   9.5393994E-06   2.3706325E-06  -7.9238278E-08   3.5602786E-08  -8.5009150E-08
 -6.0276921E-04   3.8408052E-04  -3.0257213E-04  -9.0428178E-03  -8.8045338E-04  -1.2627215E-02  -3.0096216E-02   1.9969904E-03   6.2013111E+02   6.5164519E+01  -5.2455865E+01   2.8600689E+01  -2.5804329E+01  -9.2771845E-01   1.9849594E-02  -2.7434307E-01   1.2089458E+01  -2.4584216E-01   2.3706791E-01  -2.1848017E-01  -3.0404132E-01   6.9239422E-03   2.4777325E-03
 -4.4085649E-04   4.8372920E-04  -1.3110737E-04  -6.7290407E-03   1.7887144E-04  -1.1345255E-02  -8.7201937E-03   2.2332294E-04   6.5164519E+01   6.8345599E+01   7.6324011E+00   7.5350671E+00  -7.8690636E-01  -3.2256361E-02   4.4002012E-01   8.1285312E-01  -7.8073528E+00  -6.5379071E-02  -2.5997395E-01   5.1651395E-02   5.8941792E-02   9.9436886E-04   8.8328291E-04
 -2.2068563E-05   6.8107277E-04   1.9298709E-04  -2.6893012E-03   1.2247639E-03   3.0302596E-03   1.0629928E-02   1.1876941E-03  -5.2455865E+01   7.6324011E+00   1.7704677E+02  -8.4066989E+01   2.1655317E+00   4.0036753E-01  -1.1157740E+00   3.8403741E-01  -7.1007266E+00  -5.2254292E-02  -2.7034752E-01   5.3727038E-01   6.2709785E-03   1.6353454E-03  -7.8790035E-03
 -1.8076842E-04  -2.3006997E-04  -6.9112550E-05  -1.4460902E-03  -3.0168303E-04  -4.2879545E-03  -6.4490939E-03   7.8313555E-04   2.8600689E+01   7.5350671E+00  -8.4066989E+01   5.3218811E+01   2.0302563E+00  -7.6043731E-02   7.7417207E-01  -3.0725523E-01  -2.9592738E+00   1.6989859E-02   1.6625147E-01  -4.5022089E-01  -1.3158703E-01  -5.0760231E-04   3.2078757E-03
  1.5666698E-05  -3.8942744E-05   1.9097613E-05  -1.7295004E-04   8.3989426E-05  -3.3236764E-04   9.8713243E-04   1.0999114E-04  -2.5804329E+01  -7.8690636E-01   2.1655317E+00   2.0302563E+00   4.3331138E+00   1.0291406E-01   1.4419368E-01  -4.5430794E-02  -3.5525913E+00  -2.3289019E-03   4.6344491E-04   2.5044158E-03   5.1864572E-02   4.4367459E-04  -2.0821753E-04
  6.1110886E-07   1.8425998E-06   1.7488546E-06  -2.0246520E-05   1.0476014E-05  -1.6336952E-05   9.4329028E-05  -2.8656857E-07  -9.2771845E-01  -3.2256361E-02   4.0036753E-01  -7.6043731E-02   1.0291406E-01   1.6542206E-02  -1.6866579E-02   1.1799936E-02  -1.0762571E-01  -3.3322491E-04  -1.5373148E-03  -2.4430844E-03   5.3091775E-03   1.5830058E-05  -3.8831527E-05
 -3.3274616E-06  -3.4252827E-06  -3.1197588E-06  -2.8477848E-05  -1.5635381E-05  -1.0564008E-04  -1.4019868E-04   5.1647914E-06   1.9849594E-02   4.4002012E-01  -1.1157740E+00   7.7417207E-01   1.4419368E-01  -1.6866579E-02   6.5463172E-02   2.7386909E-03  -1.4339634E-01   7.9500625E-05   7.5340601E-03  -1.0033095E-03  -1.7981111E-02  -1.5461252E-06   9.6974439E-05
  3.3394523E-06   5.0820154E-06  -1.9149416E-06  -6.7650942E-06  -5.5266823E-06   4.7849674E-05   5.6693337E-05  -3.2768698E-07  -2.7434307E-01   8.1285312E-01   3.8403741E-01  -3.0725523E-01  -4.5430794E-02   1.1799936E-02   2.7386909E-03   8.1948241E-02   4.7919323E-02  -1.3886329E-03  -2.1338635E-04   1.6618795E-03   1.7529728E-03   1.4472847E-05  -5.7607480E-06
 -1.3738294E-05   1.3110594E-05  -5.4973720E-05   1.2467086E-04  -2.6243475E-04  -6.0033362E-04  -2.8378005E-03  -9.8950531E-05   1.2089458E+01  -7.8073528E+00  -7.1007266E+00  -2.9592738E+00  -3.5525913E+00  -1.0762571E-01  -1.4339634E-01   4.7919323E-02   7.4740518E+00   8.4354098E-03   3.4695269E-03   3.8376203E-04  -4.8446672E-02  -3.8390608E-04  -2.0432229E-05
  1.8390851E-06  -7.0626876E-07  -2.1437791E-06  -1.7762988E-06  -1.6885997E-05  -7.3108861E-06  -1.6359153E-05   1.9346041E-06  -2.4584216E-01  -6.5379071E-02  -5.2254292E-02   1.6989859E-02  -2.3289019E-03  -3.3322491E-04   7.9500625E-05  -1.3886329E-03   8.4354098E-03   3.8161826E-02   3.5032292E-03  -3.7152355E-04   1.7820743E-04   3.3557858E-05  -8.4002690E-06
  3.7264210E-07  -2.9932394E-06  -5.8908203E-07   1.2165445E-05  -8.3080944E-06  -5.5730147E-05  -3.9371966E-05   9.5393994E-06   2.3706791E-01  -2.5997395E-01  -2.7034752E-01   1.6625147E-01   4.6344491E-04  -1.5373148E-03   7.5340601E-03  -2.1338635E-04   3.4695269E-03   3.5032292E-03   3.1202483E-02  -8.0528865E-04   5.0000520E-03  -7.7867005E-05  -4.4026744E-05
  1.4833767E-06   8.3491056E-07  -5.6984075E-07   2.5643989E-06  -4.5663817E-08   2.7555618E-05   2.1237755E-05   2.3706325E-06  -2.1848017E-01   5.1651395E-02   5.3727038E-01  -4.5022089E-01   2.5044158E-03  -2.4430844E-03  -1.0033095E-03   1.6618795E-03   3.8376203E-04  -3.7152355E-04  -8.0528865E-04   1.0632400E-02   8.7427157E-03   3.6316648E-06   6.4938711E-05
  1.1826937E-06  -1.4923231E-06  -4.9711814E-07  -1.1136060E-05   4.8060693E-07  -3.1082532E-05  -1.2181340E-05  -7.9238278E-08  -3.0404132E-01   5.8941792E-02   6.2709785E-03  -1.3158703E-01   5.1864572E-02   5.3091775E-03  -1.7981111E-02   1.7529728E-03  -4.8446672E-02   1.7820743E-04   5.0000520E-03   8.7427157E-03   2.6751556E-02  -6.5385215E-06   6.0005109E-05
  7.2480676E-09   1.2356515E-08  -4.6794405E-09  -7.9368414E-08  -4.2780987E-08   6.9862776E-07  -5.2629719E-07   3.5602786E-08   6.9239422E-03   9.9436886E-04   1.6353454E-03  -5.0760231E-04   4.4367459E-04   1.5830058E-05  -1.5461252E-06   1.4472847E-05  -3.8390608E-04   3.3557858E-05  -7.7867005E-05   3.6316648E-06  -6.5385215E-06   1.1103001E-06   3.4224055E-08
 -7.8536359E-09  -3.8495562E-08  -1.1093489E-08  -9.5121360E-08  -3.6647630E-08  -4.1141772E-07  -3.2995724E-07  -8.5009150E-08   2.4777325E-03   8.8328291E-04  -7.8790035E-03   3.2078757E-03  -2.0821753E-04  -3.8831527E-05   9.6974439E-05  -5.7607480E-06  -2.0432229E-05  -8.4002690E-06  -4.4026744E-05   6.4938711E-05   6.0005109E-05   3.4224055E-08   2.5031591E-06
