# omegabh2 omegach2 theta mnu logA ns
  2.5181577E-07   2.9196525E-09  -5.9283980E-07  -8.5080707E-06   6.6569316E-07   1.0900614E-07
  2.9196525E-09   1.3771507E-03   1.5540616E-03   4.5170888E-02  -5.5947154E-03  -1.1818646E-04
 -5.9283980E-07   1.5540616E-03   4.2602379E-03   4.9392498E-02  -1.1927869E-03  -4.6780000E-05
 -8.5080707E-06   4.5170888E-02   4.9392498E-02   1.8298191E+00  -1.7687604E-01  -6.2822343E-04
  6.6569316E-07  -5.5947154E-03  -1.1927869E-03  -1.7687604E-01   3.5147699E-02   9.9746474E-04
  1.0900614E-07  -1.1818646E-04  -4.6780000E-05  -6.2822343E-04   9.9746474E-04   4.0589634E-04
