# omegabh2 omegach2 theta tau logA ns calPlanck acib217 xi asz143 aps100 aps143 aps143217 aps217 aksz kgal100 kgal143 kgal143217 kgal217 galfEE100 galfEE100143 galfEE100217 galfEE143 galfEE143217 galfEE217 galfTE100 galfTE100143 galfTE100217 galfTE143 galfTE143217 galfTE217 cal0 cal2
    0.2340802E-07   -0.1222280E-06    0.1904010E-07    0.7286257E-06    0.1283224E-05    0.3404265E-06    0.1920576E-07   -0.1194559E-03    0.3033849E-05    0.2588153E-04   -0.4638652E-03   -0.2425232E-03   -0.2558515E-04    0.5590458E-04   -0.3964062E-04   -0.7076423E-05   -0.1382218E-04   -0.2543704E-04   -0.5205036E-05    0.4802863E-07    0.5255768E-07    0.9731691E-07    0.6806548E-07   -0.4710254E-07    0.3567810E-06   -0.1067944E-07    0.1246692E-07   -0.7039033E-07   -0.2215813E-06   -0.7173856E-06   -0.2767315E-05    0.4862457E-08   -0.1148379E-07
   -0.1222280E-06    0.1810264E-05   -0.1475288E-06   -0.1009073E-04   -0.1623083E-04   -0.4603088E-05   -0.1959955E-06    0.4288208E-03   -0.1238362E-04   -0.1179725E-03    0.2696108E-02    0.1519104E-02    0.5111324E-03    0.2296964E-03    0.1174337E-03    0.4434302E-04    0.4204095E-04    0.1282110E-03    0.1027174E-03   -0.6354310E-06   -0.7691837E-06   -0.3902801E-06   -0.8300384E-06   -0.1275450E-07   -0.3092160E-06    0.7563269E-06    0.4496687E-06    0.7291293E-07    0.1875695E-05    0.6306793E-05    0.1519711E-04   -0.3180778E-08    0.6019381E-07
    0.1904010E-07   -0.1475288E-06    0.9955100E-07    0.1240535E-05    0.2271729E-05    0.4981605E-06    0.2015898E-07   -0.4319895E-04    0.6984743E-06    0.1052947E-04   -0.2615642E-03   -0.1313209E-03   -0.4912457E-04   -0.1550704E-04   -0.1340308E-04    0.1711418E-05   -0.1231677E-04   -0.1986863E-04   -0.4956475E-05    0.2903328E-07    0.3559400E-07    0.1263999E-06    0.7634267E-07   -0.2618000E-06   -0.3351832E-06   -0.4742901E-07    0.2320946E-06    0.8149049E-07   -0.3732599E-07   -0.9295347E-06   -0.4555719E-05    0.2384070E-08   -0.4332952E-08
    0.7286257E-06   -0.1009073E-04    0.1240535E-05    0.1446168E-03    0.2577500E-03    0.3147731E-04   -0.2694154E-05   -0.5255585E-02    0.1286904E-03    0.1259246E-02   -0.2922503E-01   -0.1288151E-01   -0.2455325E-02   -0.1801819E-03   -0.1700416E-02   -0.4286543E-03   -0.6650423E-03   -0.2023236E-02   -0.2498717E-02    0.3405850E-05    0.4085656E-05    0.2169734E-05    0.3092849E-05   -0.1861206E-04   -0.8746407E-05    0.4580342E-06   -0.3372169E-05   -0.1466438E-04   -0.1487682E-04   -0.4165567E-04   -0.1246014E-03   -0.1406261E-06   -0.8272004E-06
    0.1283224E-05   -0.1623083E-04    0.2271729E-05    0.2577500E-03    0.4883179E-03    0.5115342E-04    0.5983384E-05   -0.9907551E-02    0.3008847E-03    0.2246724E-02   -0.4711409E-01   -0.2000950E-01    0.2140628E-03    0.6230900E-02   -0.4002318E-02   -0.9665385E-03   -0.1622352E-02   -0.4090152E-02   -0.3141717E-02    0.6474771E-05    0.7073260E-05    0.5032504E-05    0.5597353E-05   -0.3670945E-04   -0.1900414E-04    0.3043015E-05   -0.5140914E-05   -0.3055973E-04   -0.2079904E-04   -0.7480099E-04   -0.2233899E-03   -0.8744822E-07   -0.1695610E-05
    0.3404265E-06   -0.4603088E-05    0.4981605E-06    0.3147731E-04    0.5115342E-04    0.2118847E-04    0.4438964E-06   -0.5294473E-02    0.1288086E-03    0.1161115E-02   -0.2725100E-01   -0.8189127E-02    0.2116577E-02    0.5485725E-02   -0.2486866E-02    0.4159919E-04   -0.3537877E-03   -0.1096615E-02   -0.2176783E-03    0.2573075E-05    0.3448898E-05    0.2864529E-05    0.3442700E-05   -0.2280997E-05   -0.1880001E-05   -0.3373590E-05   -0.8165431E-06   -0.3795127E-06   -0.3628659E-05   -0.1613812E-04   -0.2977770E-04   -0.1614866E-06   -0.5720890E-06
    0.1920576E-07   -0.1959955E-06    0.2015898E-07   -0.2694154E-05    0.5983384E-05    0.4438964E-06    0.5834492E-05    0.5817422E-03    0.5707974E-05    0.8530864E-05    0.3592641E-02    0.7705573E-03    0.7479772E-03    0.1437283E-02   -0.8151524E-04   -0.6198186E-05    0.2935242E-04    0.1810705E-04    0.7973669E-03    0.8197911E-06    0.6915057E-06    0.8798306E-06    0.1027488E-05    0.1569134E-05   -0.1253194E-07   -0.1574260E-06   -0.5213444E-06    0.2535357E-06    0.1782256E-05   -0.2232723E-05    0.1805126E-05   -0.1583787E-07   -0.5088520E-07
   -0.1194559E-03    0.4288208E-03   -0.4319895E-04   -0.5255585E-02   -0.9907551E-02   -0.5294473E-02    0.5817422E-03    0.4305832E+02   -0.5090377E+00   -0.1608751E+01    0.4112931E+02   -0.7294247E+00   -0.2254790E+02   -0.6134271E+02    0.2936428E+00    0.1698103E+00    0.1079631E+00   -0.1971885E+01   -0.1822117E+02    0.1065077E-03   -0.7356014E-03   -0.2885820E-02   -0.8688586E-03    0.3040119E-02    0.2348365E-04   -0.1376328E-02    0.2899855E-03   -0.3537865E-02    0.1995572E-02   -0.2438870E-02    0.8824474E-04   -0.2892040E-03    0.4345851E-02
    0.3033849E-05   -0.1238362E-04    0.6984743E-06    0.1286904E-03    0.3008847E-03    0.1288086E-03    0.5707974E-05   -0.5090377E+00    0.8172564E-01   -0.7427691E-01   -0.4049254E+00    0.1042307E+01    0.1946717E+01    0.8076541E+00    0.7407063E-01   -0.1436184E-01    0.1077373E-02    0.6890660E-01    0.5119414E-01    0.1828299E-04    0.1187921E-04   -0.1227569E-03    0.1739633E-04   -0.1285443E-03    0.1827803E-03    0.5824769E-04   -0.1403428E-04    0.1950409E-03   -0.1194309E-03    0.3890346E-04   -0.9454186E-03    0.1153743E-04   -0.2678872E-04
    0.2588153E-04   -0.1179725E-03    0.1052947E-04    0.1259246E-02    0.2246724E-02    0.1161115E-02    0.8530864E-05   -0.1608751E+01   -0.7427691E-01    0.3606360E+01   -0.2874035E+02   -0.3810934E+01    0.7464189E+01    0.6806765E+01   -0.2545687E+01   -0.1802047E+00    0.6399451E-01    0.2129647E+01    0.1895239E+01    0.2426939E-03    0.2700677E-03   -0.4202230E-03    0.1885974E-03   -0.1100906E-02   -0.9803153E-03    0.2135918E-03   -0.4127204E-03    0.2641137E-03   -0.1720648E-03    0.1133656E-02    0.8448787E-02    0.1469912E-03   -0.3634479E-03
   -0.4638652E-03    0.2696108E-02   -0.2615642E-03   -0.2922503E-01   -0.4711409E-01   -0.2725100E-01    0.3592641E-02    0.4112931E+02   -0.4049254E+00   -0.2874035E+02    0.7834218E+03    0.7105240E+02   -0.5786583E+02   -0.7063531E+02    0.1158631E+02   -0.3795332E+01    0.3304739E+01   -0.9967411E+01   -0.1521720E+02   -0.1928206E-02   -0.3850991E-02   -0.3266239E-02   -0.8549244E-03    0.2167064E-01    0.5834670E-01   -0.3810692E-02   -0.1771867E-01   -0.7704748E-02   -0.1076182E-01   -0.1230309E-01    0.5066786E-01    0.6475832E-02    0.3621599E-02
   -0.2425232E-03    0.1519104E-02   -0.1313209E-03   -0.1288151E-01   -0.2000950E-01   -0.8189127E-02    0.7705573E-03   -0.7294247E+00    0.1042307E+01   -0.3810934E+01    0.7105240E+02    0.6132944E+02    0.4583268E+02    0.1945197E+02   -0.4462865E+01   -0.4329946E+00   -0.1186202E+01    0.3358308E+01    0.3509713E+01   -0.9827514E-03   -0.1423919E-02   -0.7296101E-02   -0.1033316E-02   -0.1204819E-02    0.6476014E-02   -0.5812890E-02   -0.2778677E-02    0.1629232E-02    0.8918067E-03    0.2467247E-02   -0.1466890E-01    0.2853298E-03    0.5599629E-04
   -0.2558515E-04    0.5111324E-03   -0.4912457E-04   -0.2455325E-02    0.2140628E-03    0.2116577E-02    0.7479772E-03   -0.2254790E+02    0.1946717E+01    0.7464189E+01   -0.5786583E+02    0.4583268E+02    0.1017383E+03    0.7024568E+02   -0.1163202E+02   -0.8699150E+00   -0.5469362E+00    0.3459888E+01    0.3475939E+01    0.4281249E-03    0.1035490E-03   -0.7461618E-02   -0.7099936E-04   -0.6695691E-02    0.2143742E-02   -0.2539728E-02   -0.3639143E-02    0.1349470E-01   -0.1507423E-02    0.3714614E-02   -0.6349622E-02    0.8612999E-03   -0.2939110E-02
    0.5590458E-04    0.2296964E-03   -0.1550704E-04   -0.1801819E-03    0.6230900E-02    0.5485725E-02    0.1437283E-02   -0.6134271E+02    0.8076541E+00    0.6806765E+01   -0.7063531E+02    0.1945197E+02    0.7024568E+02    0.1242430E+03   -0.1029987E+02   -0.5091519E+00   -0.4364774E+00   -0.6904510E+00    0.1434496E+02   -0.1462864E-03    0.4896849E-03    0.1874623E-02    0.9860805E-03   -0.7801109E-02   -0.9463157E-02   -0.1891118E-02   -0.2949093E-02    0.7048195E-02   -0.2499910E-02    0.3664745E-02    0.5440425E-02    0.7423073E-03   -0.7853335E-02
   -0.3964062E-04    0.1174337E-03   -0.1340308E-04   -0.1700416E-02   -0.4002318E-02   -0.2486866E-02   -0.8151524E-04    0.2936428E+00    0.7407063E-01   -0.2545687E+01    0.1158631E+02   -0.4462865E+01   -0.1163202E+02   -0.1029987E+02    0.5846965E+01    0.1132542E+00   -0.7042167E-01   -0.1679040E+01   -0.1345058E+01   -0.2151617E-03   -0.2591606E-03    0.3180595E-03   -0.1212229E-03    0.2395726E-02    0.5140204E-03    0.1254695E-02   -0.1079512E-03    0.1899678E-02   -0.1512370E-02   -0.6730319E-03   -0.9724900E-02   -0.1150003E-03    0.1865912E-03
   -0.7076423E-05    0.4434302E-04    0.1711418E-05   -0.4286543E-03   -0.9665385E-03    0.4159919E-04   -0.6198186E-05    0.1698103E+00   -0.1436184E-01   -0.1802047E+00   -0.3795332E+01   -0.4329946E+00   -0.8699150E+00   -0.5091519E+00    0.1132542E+00    0.3467311E+01    0.3900771E+00    0.7878703E-01    0.2209324E+00   -0.4798958E-04   -0.7343639E-04   -0.2393055E-04   -0.5913229E-06    0.2182366E-02   -0.3760410E-02   -0.1963689E-02    0.7893417E-04    0.3166368E-03   -0.3298362E-04   -0.2396036E-03    0.1698351E-02    0.2812712E-03    0.7848239E-04
   -0.1382218E-04    0.4204095E-04   -0.1231677E-04   -0.6650423E-03   -0.1622352E-02   -0.3537877E-03    0.2935242E-04    0.1079631E+00    0.1077373E-02    0.6399451E-01    0.3304739E+01   -0.1186202E+01   -0.5469362E+00   -0.4364774E+00   -0.7042167E-01    0.3900771E+00    0.3322526E+01    0.2618660E+01    0.1932446E+01    0.7926920E-05    0.9578662E-04    0.1737966E-03    0.8834649E-04    0.2376021E-02    0.2606823E-02    0.1960578E-03   -0.8882356E-04    0.7998397E-03    0.1656789E-02    0.3517033E-02    0.1213687E-01   -0.2759419E-03   -0.1803067E-03
   -0.2543704E-04    0.1282110E-03   -0.1986863E-04   -0.2023236E-02   -0.4090152E-02   -0.1096615E-02    0.1810705E-04   -0.1971885E+01    0.6890660E-01    0.2129647E+01   -0.9967411E+01    0.3358308E+01    0.3459888E+01   -0.6904510E+00   -0.1679040E+01    0.7878703E-01    0.2618660E+01    0.1688201E+02    0.2567236E+02   -0.4203834E-03    0.1091269E-03   -0.1292353E-02    0.1080454E-03    0.2436732E-02    0.5806884E-02    0.1107388E-02    0.1105286E-02   -0.9937895E-02    0.2912904E-02    0.8537404E-02    0.3179101E-01   -0.3254910E-04    0.2529324E-02
   -0.5205036E-05    0.1027174E-03   -0.4956475E-05   -0.2498717E-02   -0.3141717E-02   -0.2176783E-03    0.7973669E-03   -0.1822117E+02    0.5119414E-01    0.1895239E+01   -0.1521720E+02    0.3509713E+01    0.3475939E+01    0.1434496E+02   -0.1345058E+01    0.2209324E+00    0.1932446E+01    0.2567236E+02    0.5485585E+02   -0.6584041E-03    0.3531676E-03   -0.5566517E-03    0.9703365E-05    0.2553034E-02    0.1122397E-01    0.2623242E-02    0.3289659E-02   -0.9431011E-02    0.5372936E-02    0.1067821E-01    0.4339467E-01    0.5378123E-05    0.4573377E-02
    0.4802863E-07   -0.6354310E-06    0.2903328E-07    0.3405850E-05    0.6474771E-05    0.2573075E-05    0.8197911E-06    0.1065077E-03    0.1828299E-04    0.2426939E-03   -0.1928206E-02   -0.9827514E-03    0.4281249E-03   -0.1462864E-03   -0.2151617E-03   -0.4798958E-04    0.7926920E-05   -0.4203834E-03   -0.6584041E-03    0.3225412E-04    0.9021005E-05   -0.8246134E-06    0.2597947E-05    0.3410492E-06   -0.1600054E-05   -0.2687871E-05    0.9264531E-06   -0.2044121E-05    0.5690314E-05    0.5726708E-05    0.6562009E-05    0.1039124E-07   -0.3802372E-07
    0.5255768E-07   -0.7691837E-06    0.3559400E-07    0.4085656E-05    0.7073260E-05    0.3448898E-05    0.6915057E-06   -0.7356014E-03    0.1187921E-04    0.2700677E-03   -0.3850991E-02   -0.1423919E-02    0.1035490E-03    0.4896849E-03   -0.2591606E-03   -0.7343639E-04    0.9578662E-04    0.1091269E-03    0.3531676E-03    0.9021005E-05    0.2505817E-04    0.4169677E-06    0.1240231E-04   -0.3425008E-05    0.8235668E-05   -0.1214404E-05   -0.3788467E-06    0.3073030E-05    0.1329848E-05    0.6781835E-05   -0.1786305E-05   -0.9925952E-07   -0.1353064E-06
    0.9731691E-07   -0.3902801E-06    0.1263999E-06    0.2169734E-05    0.5032504E-05    0.2864529E-05    0.8798306E-06   -0.2885820E-02   -0.1227569E-03   -0.4202230E-03   -0.3266239E-02   -0.7296101E-02   -0.7461618E-02    0.1874623E-02    0.3180595E-03   -0.2393055E-04    0.1737966E-03   -0.1292353E-02   -0.5566517E-03   -0.8246134E-06    0.4169677E-06    0.1043719E-02   -0.1455560E-07    0.3252371E-04    0.8265640E-04   -0.1783681E-04   -0.2094121E-04   -0.1616103E-04   -0.3136592E-05   -0.1986420E-04   -0.2105019E-04   -0.6980499E-07   -0.4649777E-06
    0.6806548E-07   -0.8300384E-06    0.7634267E-07    0.3092849E-05    0.5597353E-05    0.3442700E-05    0.1027488E-05   -0.8688586E-03    0.1739633E-04    0.1885974E-03   -0.8549244E-03   -0.1033316E-02   -0.7099936E-04    0.9860805E-03   -0.1212229E-03   -0.5913229E-06    0.8834649E-04    0.1080454E-03    0.9703365E-05    0.2597947E-05    0.1240231E-04   -0.1455560E-07    0.4742267E-04    0.1138263E-05    0.8424434E-05   -0.1350285E-05   -0.1810695E-05    0.6444111E-05   -0.1097414E-04    0.5324897E-05    0.5182487E-05   -0.6727591E-07   -0.2906923E-06
   -0.4710254E-07   -0.1275450E-07   -0.2618000E-06   -0.1861206E-04   -0.3670945E-04   -0.2280997E-05    0.1569134E-05    0.3040119E-02   -0.1285443E-03   -0.1100906E-02    0.2167064E-01   -0.1204819E-02   -0.6695691E-02   -0.7801109E-02    0.2395726E-02    0.2182366E-02    0.2376021E-02    0.2436732E-02    0.2553034E-02    0.3410492E-06   -0.3425008E-05    0.3252371E-04    0.1138263E-05    0.2144622E-02   -0.5766652E-04    0.1766253E-04   -0.3216869E-05   -0.2001787E-04    0.4266418E-05   -0.7389383E-04   -0.1660907E-03   -0.2049575E-06   -0.4031057E-06
    0.3567810E-06   -0.3092160E-06   -0.3351832E-06   -0.8746407E-05   -0.1900414E-04   -0.1880001E-05   -0.1253194E-07    0.2348365E-04    0.1827803E-03   -0.9803153E-03    0.5834670E-01    0.6476014E-02    0.2143742E-02   -0.9463157E-02    0.5140204E-03   -0.3760410E-02    0.2606823E-02    0.5806884E-02    0.1122397E-01   -0.1600054E-05    0.8235668E-05    0.8265640E-04    0.8424434E-05   -0.5766652E-04    0.1650955E-01    0.5286194E-04   -0.9658819E-05   -0.4141499E-04   -0.9078499E-04   -0.1587576E-03    0.5023369E-03    0.7091097E-06    0.2143728E-05
   -0.1067944E-07    0.7563269E-06   -0.4742901E-07    0.4580342E-06    0.3043015E-05   -0.3373590E-05   -0.1574260E-06   -0.1376328E-02    0.5824769E-04    0.2135918E-03   -0.3810692E-02   -0.5812890E-02   -0.2539728E-02   -0.1891118E-02    0.1254695E-02   -0.1963689E-02    0.1960578E-03    0.1107388E-02    0.2623242E-02   -0.2687871E-05   -0.1214404E-05   -0.1783681E-04   -0.1350285E-05    0.1766253E-04    0.5286194E-04    0.1411732E-02    0.2725956E-03    0.4553674E-04   -0.4157153E-03   -0.7528435E-04   -0.1981197E-03   -0.1475081E-06   -0.3181861E-06
    0.1246692E-07    0.4496687E-06    0.2320946E-06   -0.3372169E-05   -0.5140914E-05   -0.8165431E-06   -0.5213444E-06    0.2899855E-03   -0.1403428E-04   -0.4127204E-03   -0.1771867E-01   -0.2778677E-02   -0.3639143E-02   -0.2949093E-02   -0.1079512E-03    0.7893417E-04   -0.8882356E-04    0.1105286E-02    0.3289659E-02    0.9264531E-06   -0.3788467E-06   -0.2094121E-04   -0.1810695E-05   -0.3216869E-05   -0.9658819E-05    0.2725956E-03    0.8388428E-03    0.1439323E-04    0.7070240E-03    0.6048082E-04   -0.7218126E-03   -0.4720584E-06    0.2762800E-06
   -0.7039033E-07    0.7291293E-07    0.8149049E-07   -0.1466438E-04   -0.3055973E-04   -0.3795127E-06    0.2535357E-06   -0.3537865E-02    0.1950409E-03    0.2641137E-03   -0.7704748E-02    0.1629232E-02    0.1349470E-01    0.7048195E-02    0.1899678E-02    0.3166368E-03    0.7998397E-03   -0.9937895E-02   -0.9431011E-02   -0.2044121E-05    0.3073030E-05   -0.1616103E-04    0.6444111E-05   -0.2001787E-04   -0.4141499E-04    0.4553674E-04    0.1439323E-04    0.7126631E-02   -0.2820295E-03    0.6973701E-03    0.4481449E-02   -0.4275811E-06   -0.1405158E-05
   -0.2215813E-06    0.1875695E-05   -0.3732599E-07   -0.1487682E-04   -0.2079904E-04   -0.3628659E-05    0.1782256E-05    0.1995572E-02   -0.1194309E-03   -0.1720648E-03   -0.1076182E-01    0.8918067E-03   -0.1507423E-02   -0.2499910E-02   -0.1512370E-02   -0.3298362E-04    0.1656789E-02    0.2912904E-02    0.5372936E-02    0.5690314E-05    0.1329848E-05   -0.3136592E-05   -0.1097414E-04    0.4266418E-05   -0.9078499E-04   -0.4157153E-03    0.7070240E-03   -0.2820295E-03    0.2842310E-02    0.5512166E-03   -0.8470331E-03   -0.5638393E-06   -0.5349859E-07
   -0.7173856E-06    0.6306793E-05   -0.9295347E-06   -0.4165567E-04   -0.7480099E-04   -0.1613812E-04   -0.2232723E-05   -0.2438870E-02    0.3890346E-04    0.1133656E-02   -0.1230309E-01    0.2467247E-02    0.3714614E-02    0.3664745E-02   -0.6730319E-03   -0.2396036E-03    0.3517033E-02    0.8537404E-02    0.1067821E-01    0.5726708E-05    0.6781835E-05   -0.1986420E-04    0.5324897E-05   -0.7389383E-04   -0.1587576E-03   -0.7528435E-04    0.6048082E-04    0.6973701E-03    0.5512166E-03    0.6398081E-02    0.7674877E-02    0.7257005E-06   -0.2447490E-06
   -0.2767315E-05    0.1519711E-04   -0.4555719E-05   -0.1246014E-03   -0.2233899E-03   -0.2977770E-04    0.1805126E-05    0.8824474E-04   -0.9454186E-03    0.8448787E-02    0.5066786E-01   -0.1466890E-01   -0.6349622E-02    0.5440425E-02   -0.9724900E-02    0.1698351E-02    0.1213687E-01    0.3179101E-01    0.4339467E-01    0.6562009E-05   -0.1786305E-05   -0.2105019E-04    0.5182487E-05   -0.1660907E-03    0.5023369E-03   -0.1981197E-03   -0.7218126E-03    0.4481449E-02   -0.8470331E-03    0.7674877E-02    0.6534607E-01    0.2929297E-05   -0.1728826E-05
    0.4862457E-08   -0.3180778E-08    0.2384070E-08   -0.1406261E-06   -0.8744822E-07   -0.1614866E-06   -0.1583787E-07   -0.2892040E-03    0.1153743E-04    0.1469912E-03    0.6475832E-02    0.2853298E-03    0.8612999E-03    0.7423073E-03   -0.1150003E-03    0.2812712E-03   -0.2759419E-03   -0.3254910E-04    0.5378123E-05    0.1039124E-07   -0.9925952E-07   -0.6980499E-07   -0.6727591E-07   -0.2049575E-06    0.7091097E-06   -0.1475081E-06   -0.4720584E-06   -0.4275811E-06   -0.5638393E-06    0.7257005E-06    0.2929297E-05    0.5965192E-06   -0.3127419E-07
   -0.1148379E-07    0.6019381E-07   -0.4332952E-08   -0.8272004E-06   -0.1695610E-05   -0.5720890E-06   -0.5088520E-07    0.4345851E-02   -0.2678872E-04   -0.3634479E-03    0.3621599E-02    0.5599629E-04   -0.2939110E-02   -0.7853335E-02    0.1865912E-03    0.7848239E-04   -0.1803067E-03    0.2529324E-02    0.4573377E-02   -0.3802372E-07   -0.1353064E-06   -0.4649777E-06   -0.2906923E-06   -0.4031057E-06    0.2143728E-05   -0.3181861E-06    0.2762800E-06   -0.1405158E-05   -0.5349859E-07   -0.2447490E-06   -0.1728826E-05   -0.3127419E-07    0.2074798E-05
