# omegabh2 omegach2 theta tau logA ns nrun calPlanck galfTE100 galfTE100143 galfTE100217 galfTE143 galfTE143217 galfTE217 cal0
    0.6353842E-07   -0.2311953E-06    0.3854886E-07    0.1130552E-05    0.2305872E-05    0.2013747E-05    0.8100362E-06    0.2136572E-07   -0.6032334E-07   -0.8877042E-07   -0.1201611E-06   -0.4675792E-06   -0.8141993E-06   -0.3154389E-05    0.1241878E-09
   -0.2311953E-06    0.4501601E-05   -0.3608165E-06   -0.5403934E-05    0.2142812E-05   -0.1604874E-04   -0.1028446E-04   -0.9615752E-07    0.9456791E-06    0.1436461E-05   -0.2643444E-06    0.3556446E-05    0.5124885E-05    0.3222574E-04   -0.1025824E-08
    0.3854886E-07   -0.3608165E-06    0.2591161E-06    0.8219977E-06    0.8360386E-06    0.1583719E-05    0.7425229E-06    0.1914723E-08   -0.1115152E-06   -0.2022510E-06   -0.3283729E-06   -0.2747885E-06   -0.2394708E-06   -0.2008892E-05   -0.1613077E-08
    0.1130552E-05   -0.5403934E-05    0.8219977E-06    0.4651810E-03    0.9763675E-03    0.5477406E-04   -0.4853285E-04   -0.8052053E-06   -0.2762781E-05   -0.6265244E-06    0.2541976E-04   -0.1255286E-04    0.5542603E-05    0.5700382E-04    0.1121576E-06
    0.2305872E-05    0.2142812E-05    0.8360386E-06    0.9763675E-03    0.2165562E-02    0.8216690E-04   -0.1527185E-03    0.1166714E-04   -0.1280814E-05    0.3551559E-05    0.6206977E-04   -0.1331245E-04    0.4489806E-04    0.3048433E-03    0.3019961E-06
    0.2013747E-05   -0.1604874E-04    0.1583719E-05    0.5477406E-04    0.8216690E-04    0.1997056E-03    0.1300115E-03    0.9592269E-06   -0.1173577E-04   -0.7452992E-05    0.1709536E-04   -0.1052978E-04    0.1999236E-04    0.6531489E-04   -0.9222935E-07
    0.8100362E-06   -0.1028446E-04    0.7425229E-06   -0.4853285E-04   -0.1527185E-03    0.1300115E-03    0.1798802E-03    0.4488229E-06   -0.5021437E-05   -0.3432024E-05    0.1235715E-04    0.4107049E-05    0.2149162E-04    0.3491333E-04   -0.1396366E-06
    0.2136572E-07   -0.9615752E-07    0.1914723E-08   -0.8052053E-06    0.1166714E-04    0.9592269E-06    0.4488229E-06    0.6414980E-05   -0.2986904E-06   -0.5492172E-07    0.1870686E-05    0.1250014E-05    0.3132941E-05    0.1376464E-04   -0.3019059E-07
   -0.6032334E-07    0.9456791E-06   -0.1115152E-06   -0.2762781E-05   -0.1280814E-05   -0.1173577E-04   -0.5021437E-05   -0.2986904E-06    0.1456340E-02    0.2988452E-03    0.1044472E-03   -0.3872007E-03   -0.1016110E-03   -0.4650741E-04    0.3529895E-06
   -0.8877042E-07    0.1436461E-05   -0.2022510E-06   -0.6265244E-06    0.3551559E-05   -0.7452992E-05   -0.3432024E-05   -0.5492172E-07    0.2988452E-03    0.8549240E-03    0.4601618E-04    0.7312417E-03    0.3118885E-04   -0.6519899E-03    0.2874601E-06
   -0.1201611E-06   -0.2643444E-06   -0.3283729E-06    0.2541976E-04    0.6206977E-04    0.1709536E-04    0.1235715E-04    0.1870686E-05    0.1044472E-03    0.4601618E-04    0.7186354E-02   -0.3478905E-03    0.7399082E-03    0.4370311E-02   -0.4185697E-06
   -0.4675792E-06    0.3556446E-05   -0.2747885E-06   -0.1255286E-04   -0.1331245E-04   -0.1052978E-04    0.4107049E-05    0.1250014E-05   -0.3872007E-03    0.7312417E-03   -0.3478905E-03    0.2869113E-02    0.5233307E-03   -0.9083011E-03    0.7007310E-06
   -0.8141993E-06    0.5124885E-05   -0.2394708E-06    0.5542603E-05    0.4489806E-04    0.1999236E-04    0.2149162E-04    0.3132941E-05   -0.1016110E-03    0.3118885E-04    0.7399082E-03    0.5233307E-03    0.6501850E-02    0.7652883E-02   -0.2560367E-06
   -0.3154389E-05    0.3222574E-04   -0.2008892E-05    0.5700382E-04    0.3048433E-03    0.6531489E-04    0.3491333E-04    0.1376464E-04   -0.4650741E-04   -0.6519899E-03    0.4370311E-02   -0.9083011E-03    0.7652883E-02    0.6450773E-01   -0.2332404E-05
    0.1241878E-09   -0.1025824E-08   -0.1613077E-08    0.1121576E-06    0.3019961E-06   -0.9222935E-07   -0.1396366E-06   -0.3019059E-07    0.3529895E-06    0.2874601E-06   -0.4185697E-06    0.7007310E-06   -0.2560367E-06   -0.2332404E-05    0.9871602E-06
