# omegabh2 omegach2 theta tau nnu logA ns calPlanck aps100 aps143 aps217 acib217 asz143 psr cibr xi aksz dust100 dust143 dust217 dust143x217 cal0 cal2 calTE calEE
  3.6657530E-08   3.1958165E-07  -3.0661987E-08   1.5096402E-07   2.3389734E-05   1.2480577E-06   9.2044597E-07   2.7514573E-09   1.6092536E-04   7.7381017E-05  -1.6044238E-05   3.8022636E-05   1.3108714E-06   2.3701044E-07   1.5555939E-06   2.7311860E-07   1.1238834E-07   2.6662793E-07   7.0565421E-07   3.4276948E-07   3.4776676E-07   5.5982629E-09   1.5453209E-08   4.5774414E-08  -3.9047601E-09
  3.1958165E-07   1.0130201E-05  -1.1690243E-06  -1.9222903E-06   5.9979777E-04   2.1824782E-05   1.7206041E-05  -4.2479054E-07   1.3237125E-02   9.1376094E-03  -2.7109746E-03   4.5741978E-03  -3.4948902E-04  -3.5535120E-05   1.1991375E-04  -3.5136308E-05   1.0022865E-03   2.5798077E-05   2.1051608E-05  -2.0087357E-05  -3.7408373E-06  -2.4374845E-08   4.6875685E-07   4.1798247E-06   6.5623830E-06
 -3.0661987E-08  -1.1690243E-06   2.2061503E-07   1.8338595E-07  -7.1695110E-05  -2.3943919E-06  -2.0380103E-06   9.0396205E-08  -1.6142356E-03  -1.0236825E-03   4.1558924E-04  -5.7404230E-04   5.2912831E-05   5.4148539E-06  -1.3962164E-05   5.2273371E-06  -1.5285853E-04  -4.1644342E-06  -2.8325810E-06   2.2164314E-06  -5.6496553E-07   1.2795759E-08  -6.6234809E-08  -5.8643762E-07  -8.2174999E-07
  1.5096402E-07  -1.9222903E-06   1.8338595E-07   4.0178414E-05  -1.3443377E-05   7.4031440E-05   5.0406210E-06  -4.9325176E-07  -3.9587263E-03  -5.0692622E-03  -3.4597864E-04  -2.3507944E-03  -5.1385249E-04  -2.7260093E-05  -5.9712611E-05  -2.4934773E-05   5.3527633E-04   4.7882368E-05   3.4035097E-05   3.2886743E-05   1.7596605E-05  -3.4540895E-07   7.6917212E-08  -2.3976121E-06  -1.5411711E-06
  2.3389734E-05   5.9979777E-04  -7.1695110E-05  -1.3443377E-05   3.8710508E-02   1.5233449E-03   1.2347436E-03  -1.8594221E-05   8.4974867E-01   5.5485646E-01  -1.5458774E-01   2.6976370E-01  -2.5562010E-02  -2.3056293E-03   7.0487079E-03  -2.4817051E-03   6.7441706E-02   1.7738588E-03   1.1432476E-03  -1.0565474E-03  -2.5038288E-04   1.0377492E-06   2.9516561E-05   2.7254833E-04   4.5357487E-04
  1.2480577E-06   2.1824782E-05  -2.3943919E-06   7.4031440E-05   1.5233449E-03   2.2736104E-04   5.5614466E-05   9.4788407E-06   2.7900887E-02   1.4570490E-02   1.2520964E-03   5.2849584E-03  -1.5552811E-03  -7.6993579E-05   7.5585003E-05  -9.2390722E-05   2.1317174E-03   1.7366884E-04   4.2678858E-05   4.2641441E-05   4.6500832E-05  -6.7314924E-08   1.2166186E-06   5.4626168E-06   1.5997093E-05
  9.2044597E-07   1.7206041E-05  -2.0380103E-06   5.0406210E-06   1.2347436E-03   5.5614466E-05   5.3364665E-05   2.6448084E-07   8.6970756E-03   1.1069082E-02   4.4904275E-03   2.0903073E-03  -4.4727608E-04  -2.9977506E-05   1.4072347E-04  -2.5116038E-05   3.9041534E-04   7.4473553E-05   6.8343240E-06   1.2460315E-05  -2.1226284E-05  -1.2356145E-07   7.3960279E-07   7.8650975E-06   1.2057954E-05
  2.7514573E-09  -4.2479054E-07   9.0396205E-08  -4.9325176E-07  -1.8594221E-05   9.4788407E-06   2.6448084E-07   5.8483173E-06   2.7740700E-03   2.7340264E-04   1.6664776E-03   3.0922920E-04   6.5062909E-05   1.3245952E-05  -3.0905003E-05   6.0818252E-06  -1.6898460E-04   1.1766777E-05   5.3210712E-06   6.2883122E-06   1.3300406E-05   5.3236745E-09  -1.0791047E-07  -6.5006030E-07  -2.3336050E-07
  1.6092536E-04   1.3237125E-02  -1.6142356E-03  -3.9587263E-03   8.4974867E-01   2.7900887E-02   8.6970756E-03   2.7740700E-03   5.9423418E+02   6.6147609E+01  -6.3043651E+01   3.8368696E+01  -2.3101285E+01  -8.1506056E-01   6.3753999E-02  -4.4026993E-01   1.2157670E+01  -1.8096017E-01   2.7593160E-01  -3.1580521E-01  -2.8829541E-01   6.1911934E-03   2.9609829E-03   9.0024862E-03   1.1770934E-02
  7.7381017E-05   9.1376094E-03  -1.0236825E-03  -5.0692622E-03   5.5485646E-01   1.4570490E-02   1.1069082E-02   2.7340264E-04   6.6147609E+01   7.4119040E+01   7.2212048E+00   9.7285738E+00  -4.7646722E-01  -2.4021092E-02   4.9756581E-01   8.2073202E-01  -7.2225274E+00   9.5155218E-03  -2.2708472E-01   3.5232490E-02   7.8615163E-02   1.0110683E-03   6.2484900E-04   4.9517185E-03   9.5964433E-03
 -1.6044238E-05  -2.7109746E-03   4.1558924E-04  -3.4597864E-04  -1.5458774E-01   1.2520964E-03   4.4904275E-03   1.6664776E-03  -6.3043651E+01   7.2212048E+00   1.7154328E+02  -8.3519409E+01   2.3388178E+00   3.5610623E-01  -1.0396678E+00   4.2300246E-01  -7.1037107E+00  -2.0148601E-03  -2.6936353E-01   5.9001196E-01   4.9344022E-03   1.7594047E-03  -7.5634179E-03   1.9329779E-03  -2.4731859E-06
  3.8022636E-05   4.5741978E-03  -5.7404230E-04  -2.3507944E-03   2.6976370E-01   5.2849584E-03   2.0903073E-03   3.0922920E-04   3.8368696E+01   9.7285738E+00  -8.3519409E+01   5.4022933E+01   1.7317341E+00  -5.2836747E-02   7.5566464E-01  -2.9881213E-01  -2.2732681E+00   1.2922879E-02   1.6001695E-01  -4.7880755E-01  -1.2257392E-01  -5.3281275E-04   3.1734021E-03   8.9535443E-04   3.4531974E-03
  1.3108714E-06  -3.4948902E-04   5.2912831E-05  -5.1385249E-04  -2.5562010E-02  -1.5552811E-03  -4.4727608E-04   6.5062909E-05  -2.3101285E+01  -4.7646722E-01   2.3388178E+00   1.7317341E+00   4.1397415E+00   1.0841126E-01   1.4780241E-01  -1.1106217E-02  -3.5372187E+00   5.6458142E-03  -5.6518794E-03   8.2275829E-03   5.3095951E-02   4.9089455E-04  -1.6315090E-04  -6.0586655E-04  -6.6406482E-04
  2.3701044E-07  -3.5535120E-05   5.4148539E-06  -2.7260093E-05  -2.3056293E-03  -7.6993579E-05  -2.9977506E-05   1.3245952E-05  -8.1506056E-01  -2.4021092E-02   3.5610623E-01  -5.2836747E-02   1.0841126E-01   1.8877992E-02  -1.7989903E-02   1.4341232E-02  -1.1295707E-01   5.6065456E-04  -1.5694830E-03  -2.7217144E-03   5.7575007E-03   2.3458694E-05  -4.0347429E-05  -2.4125682E-05  -2.2522523E-05
  1.5555939E-06   1.1991375E-04  -1.3962164E-05  -5.9712611E-05   7.0487079E-03   7.5585003E-05   1.4072347E-04  -3.0905003E-05   6.3753999E-02   4.9756581E-01  -1.0396678E+00   7.5566464E-01   1.4780241E-01  -1.7989903E-02   6.9379113E-02   1.0394909E-03  -1.5629483E-01   6.2939090E-04   7.5252912E-03  -2.6609665E-04  -1.7655947E-02  -4.6610764E-06   1.0428960E-04   4.4589292E-06   5.7638614E-05
  2.7311860E-07  -3.5136308E-05   5.2273371E-06  -2.4934773E-05  -2.4817051E-03  -9.2390722E-05  -2.5116038E-05   6.0818252E-06  -4.4026993E-01   8.2073202E-01   4.2300246E-01  -2.9881213E-01  -1.1106217E-02   1.4341232E-02   1.0394909E-03   8.1232342E-02   9.8390315E-03   2.1534256E-03   1.0993763E-03   1.6183221E-03   4.0587313E-03   1.9715950E-05  -1.3561227E-05  -5.9862432E-05  -2.0316717E-05
  1.1238834E-07   1.0022865E-03  -1.5285853E-04   5.3527633E-04   6.7441706E-02   2.1317174E-03   3.9041534E-04  -1.6898460E-04   1.2157670E+01  -7.2225274E+00  -7.1037107E+00  -2.2732681E+00  -3.5372187E+00  -1.1295707E-01  -1.5629483E-01   9.8390315E-03   7.3967152E+00   1.9730165E-03   4.4039174E-03  -5.6224429E-03  -4.2490983E-02  -4.6609072E-04   1.0880990E-04   6.2162571E-04   1.0871235E-03
  2.6662793E-07   2.5798077E-05  -4.1644342E-06   4.7882368E-05   1.7738588E-03   1.7366884E-04   7.4473553E-05   1.1766777E-05  -1.8096017E-01   9.5155218E-03  -2.0148601E-03   1.2922879E-02   5.6458142E-03   5.6065456E-04   6.2939090E-04   2.1534256E-03   1.9730165E-03   3.7848318E-02   2.6619539E-03   1.1135171E-04   1.2935578E-03   4.6191188E-05   9.8617043E-07  -2.3670245E-05   8.2392836E-06
  7.0565421E-07   2.1051608E-05  -2.8325810E-06   3.4035097E-05   1.1432476E-03   4.2678858E-05   6.8343240E-06   5.3210712E-06   2.7593160E-01  -2.2708472E-01  -2.6936353E-01   1.6001695E-01  -5.6518794E-03  -1.5694830E-03   7.5252912E-03   1.0993763E-03   4.4039174E-03   2.6619539E-03   2.9285187E-02  -6.0589731E-04   4.6583703E-03  -7.2731779E-05  -3.3524151E-05  -7.5737966E-05  -5.2658069E-05
  3.4276948E-07  -2.0087357E-05   2.2164314E-06   3.2886743E-05  -1.0565474E-03   4.2641441E-05   1.2460315E-05   6.2883122E-06  -3.1580521E-01   3.5232490E-02   5.9001196E-01  -4.7880755E-01   8.2275829E-03  -2.7217144E-03  -2.6609665E-04   1.6183221E-03  -5.6224429E-03   1.1135171E-04  -6.0589731E-04   1.0832472E-02   8.2848514E-03   5.4215332E-06   5.8635595E-05  -1.0951995E-05  -2.0906347E-05
  3.4776676E-07  -3.7408373E-06  -5.6496553E-07   1.7596605E-05  -2.5038288E-04   4.6500832E-05  -2.1226284E-05   1.3300406E-05  -2.8829541E-01   7.8615163E-02   4.9344022E-03  -1.2257392E-01   5.3095951E-02   5.7575007E-03  -1.7655947E-02   4.0587313E-03  -4.2490983E-02   1.2935578E-03   4.6583703E-03   8.2848514E-03   2.5915611E-02   8.5922415E-07   5.5284462E-05  -4.0794975E-05  -1.4199282E-05
  5.5982629E-09  -2.4374845E-08   1.2795759E-08  -3.4540895E-07   1.0377492E-06  -6.7314924E-08  -1.2356145E-07   5.3236745E-09   6.1911934E-03   1.0110683E-03   1.7594047E-03  -5.3281275E-04   4.9089455E-04   2.3458694E-05  -4.6610764E-06   1.9715950E-05  -4.6609072E-04   4.6191188E-05  -7.2731779E-05   5.4215332E-06   8.5922415E-07   1.0943247E-06   5.7355299E-08   2.5291048E-07   4.1361337E-07
  1.5453209E-08   4.6875685E-07  -6.6234809E-08   7.6917212E-08   2.9516561E-05   1.2166186E-06   7.3960279E-07  -1.0791047E-07   2.9609829E-03   6.2484900E-04  -7.5634179E-03   3.1734021E-03  -1.6315090E-04  -4.0347429E-05   1.0428960E-04  -1.3561227E-05   1.0880990E-04   9.8617043E-07  -3.3524151E-05   5.8635595E-05   5.5284462E-05   5.7355299E-08   2.3666715E-06   2.7129420E-07   3.3631437E-07
  4.5774414E-08   4.1798247E-06  -5.8643762E-07  -2.3976121E-06   2.7254833E-04   5.4626168E-06   7.8650975E-06  -6.5006030E-07   9.0024862E-03   4.9517185E-03   1.9329779E-03   8.9535443E-04  -6.0586655E-04  -2.4125682E-05   4.4589292E-06  -5.9862432E-05   6.2162571E-04  -2.3670245E-05  -7.5737966E-05  -1.0951995E-05  -4.0794975E-05   2.5291048E-07   2.7129420E-07   2.6573188E-05   1.1406686E-05
 -3.9047601E-09   6.5623830E-06  -8.2174999E-07  -1.5411711E-06   4.5357487E-04   1.5997093E-05   1.2057954E-05  -2.3336050E-07   1.1770934E-02   9.5964433E-03  -2.4731859E-06   3.4531974E-03  -6.6406482E-04  -2.2522523E-05   5.7638614E-05  -2.0316717E-05   1.0871235E-03   8.2392836E-06  -5.2658069E-05  -2.0906347E-05  -1.4199282E-05   4.1361337E-07   3.3631437E-07   1.1406686E-05   2.8656030E-05
