# omegabh2 omegach2 theta tau mnu nnu logA ns calPlanck acib217 xi asz143 aps100 aps143 aps143217 aps217 aksz kgal100 kgal143 kgal143217 kgal217 galfTE100 galfTE100143 galfTE100217 galfTE143 galfTE143217 galfTE217 cal0 cal2
  3.1502040E-08   2.1948592E-07  -2.0628069E-08   2.5280471E-07   9.5071571E-07   1.7576117E-05   1.1775267E-06   7.7142241E-07   7.9869850E-09  -8.5578993E-06   1.2305106E-06  -6.2321800E-08   8.3372766E-05   1.7207423E-05   3.4876720E-05   2.6076677E-05   8.2576228E-07   1.0258122E-05   1.1263705E-05   1.3397604E-05   2.1121504E-05   3.2503059E-09  -3.2146952E-08  -4.2700846E-08  -2.7834572E-07  -4.5891715E-07  -1.2683895E-06  -5.5787446E-10   3.3147189E-10
  2.1948592E-07   6.2495352E-06  -6.6042053E-07   9.7263530E-08   2.2136486E-06   3.3335596E-04   1.6269981E-05   9.3326622E-06  -4.5741807E-08   1.3181606E-03  -2.1063434E-05  -3.5709213E-04   7.7399114E-03   4.0161885E-03   1.4413349E-03   1.3701724E-04   6.3800572E-04   1.6773165E-04   1.5944468E-04   2.0422344E-04  -1.4731383E-04   1.1484722E-06   1.4154618E-07   1.7729059E-06  -1.4202270E-07  -1.9057223E-06   1.0135636E-05  -1.4783996E-08   8.5134141E-09
 -2.0628069E-08  -6.6042053E-07   1.5660645E-07   1.0537847E-08  -1.4437388E-06  -3.8147291E-05  -1.6210571E-06  -1.0566935E-06  -2.5342991E-09  -1.7748869E-04   2.1989377E-06   4.3971620E-05  -1.0143723E-03  -4.4206276E-04  -1.4123048E-04   2.7774042E-05  -7.5778932E-05  -2.0890101E-05  -1.5597869E-05  -6.9116813E-06   5.2384061E-05  -7.6730526E-08   8.6007175E-08   1.8933343E-07   1.0487542E-07   2.0069675E-07  -1.2623411E-06   1.2315877E-09  -1.8766028E-09
  2.5280471E-07   9.7263530E-08   1.0537847E-08   6.3505929E-05   3.5087484E-05   1.1053315E-04   1.2665629E-04   1.0388268E-05  -4.8786511E-07  -1.3896692E-03   5.9009691E-05   4.7925865E-04  -7.6584819E-03  -3.1335165E-03   9.2053938E-04   1.5756389E-03  -9.1576233E-04  -5.6089338E-05  -2.8986949E-04  -6.7192612E-04  -8.1606261E-04  -5.3094139E-06  -4.3350660E-06   8.5863854E-06  -5.3013363E-06   5.1124907E-06   4.7850500E-06  -4.6424826E-08  -9.0052199E-08
  9.5071571E-07   2.2136486E-06  -1.4437388E-06   3.5087484E-05   1.5975529E-03   7.2645916E-04   7.9987439E-05   4.6332813E-05   2.5000293E-06   7.4112819E-03  -1.6568727E-04  -8.3399067E-04   2.4597037E-02   2.7645311E-03  -3.2576749E-03  -5.3559432E-03   1.5706894E-03   1.5133806E-03   1.6242939E-03   1.2122706E-03  -1.3386266E-03  -2.3358055E-05  -2.2687587E-05  -1.3687082E-05  -2.6804852E-05  -1.1048276E-05   8.0767481E-06   1.1656465E-07   3.8287850E-07
  1.7576117E-05   3.3335596E-04  -3.8147291E-05   1.1053315E-04   7.2645916E-04   2.1295895E-02   1.0917879E-03   7.4766441E-04   1.0637572E-06   8.0513390E-02  -1.2057859E-03  -1.8071372E-02   4.4927730E-01   2.1770853E-01   7.6893398E-02  -3.5757925E-03   3.8358379E-02   1.1121507E-02   1.3626760E-02   1.6668495E-02  -3.1569073E-03   4.4174275E-05  -1.5099377E-05   6.3318282E-05  -9.8561133E-05  -1.8232606E-04   8.2325144E-05  -1.7179843E-06   9.4257538E-07
  1.1775267E-06   1.6269981E-05  -1.6210571E-06   1.2665629E-04   7.9987439E-05   1.0917879E-03   3.2260394E-04   4.4620039E-05   1.1482495E-05   1.2126944E-04   8.2093946E-05   6.3774459E-05   6.7261246E-03   5.2697676E-03   8.1813541E-03   1.0174365E-02  -1.3564444E-03   1.6671559E-05  -8.4983381E-04  -1.6013282E-03  -7.9712311E-04  -4.3297444E-06  -9.9348787E-06   2.2788666E-05  -1.2195536E-05  -2.3218314E-06   5.5682657E-05   1.3876738E-08  -2.6010942E-07
  7.7142241E-07   9.3326622E-06  -1.0566935E-06   1.0388268E-05   4.6332813E-05   7.4766441E-04   4.4620039E-05   4.0549203E-05   3.1291264E-07  -1.2645994E-03   5.6616972E-05   2.3046179E-04  -5.6940195E-03   1.6993539E-03   4.2591602E-03   4.5619475E-03  -5.5211869E-04   7.3108030E-04   3.1965321E-04   3.6993307E-04   1.1495550E-03  -8.6863567E-07  -9.4067519E-07  -1.5140953E-06  -8.0796435E-06  -7.7422143E-06  -2.3441009E-05  -1.6585941E-07  -1.3282393E-08
  7.9869850E-09  -4.5741807E-08  -2.5342991E-09  -4.8786511E-07   2.5000293E-06   1.0637572E-06   1.1482495E-05   3.1291264E-07   6.2357974E-06   7.3168008E-04  -1.0311726E-05   2.1618794E-05   3.3787945E-03   6.3520759E-04   5.2591130E-04   1.5526470E-03  -1.8530942E-04  -1.4786186E-05  -6.4254950E-05  -1.6424576E-04   5.0432181E-04   2.0206102E-06  -8.1749143E-07   4.4786823E-07  -1.0600032E-06  -3.4065316E-06   1.2522310E-05   4.6963734E-10  -3.7950930E-08
 -8.5578993E-06   1.3181606E-03  -1.7748869E-04  -1.3896692E-03   7.4112819E-03   8.0513390E-02   1.2126944E-04  -1.2645994E-03   7.3168008E-04   4.5096298E+01  -4.4619749E-01  -8.5790454E-01   3.8782307E+01   2.1632669E+00  -1.3634093E+01  -5.4943899E+01  -5.1379558E-02   1.7925099E-01   4.7964979E-01  -6.1881797E+00  -3.4056149E+01   7.3180818E-03  -2.3961246E-03   2.6106069E-03   1.1568653E-03   7.9914254E-03   1.3419794E-02  -1.8699796E-04   6.7066616E-04
  1.2305106E-06  -2.1063434E-05   2.1989377E-06   5.9009691E-05  -1.6568727E-04  -1.2057859E-03   8.2093946E-05   5.6616972E-05  -1.0311726E-05  -4.4619749E-01   7.9416763E-02  -2.5067882E-02  -7.7676275E-01   8.8002580E-01   1.7028073E+00   7.0332728E-01   3.0185927E-02  -2.3303179E-03   1.5644664E-02   1.3076726E-01   2.0644209E-01  -1.5235074E-04   2.3166761E-05  -1.0129941E-04  -9.1719493E-06  -1.8997159E-04   8.3953095E-06   5.6383305E-06  -3.0680752E-06
 -6.2321800E-08  -3.5709213E-04   4.3971620E-05   4.7925865E-04  -8.3399067E-04  -1.8071372E-02   6.3774459E-05   2.3046179E-04   2.1618794E-05  -8.5790454E-01  -2.5067882E-02   3.7013043E+00  -2.8728136E+01  -3.2124464E+00   7.2998042E+00   4.9426643E+00  -2.5432192E+00  -2.9416878E-01   1.3155785E-01   2.5977352E+00   3.2385952E+00  -1.8967159E-03  -5.6468002E-04   7.2850997E-04  -4.3982992E-06  -2.4501139E-03  -4.3991980E-04   1.1114955E-04  -4.0578469E-05
  8.3372766E-05   7.7399114E-03  -1.0143723E-03  -7.6584819E-03   2.4597037E-02   4.4927730E-01   6.7261246E-03  -5.6940195E-03   3.3787945E-03   3.8782307E+01  -7.7676275E-01  -2.8728136E+01   7.5981532E+02   6.9977676E+01  -5.2247683E+01  -5.9879597E+01   1.2897697E+01  -5.4607047E+00   5.5590894E+00  -1.1606143E+01  -2.4880518E+01   2.2820090E-02  -6.2154397E-03  -2.7458901E-02   1.5215334E-02   1.6201383E-02  -5.9056459E-03   3.5835546E-03   5.3166823E-04
  1.7207423E-05   4.0161885E-03  -4.4206276E-04  -3.1335165E-03   2.7645311E-03   2.1770853E-01   5.2697676E-03   1.6993539E-03   6.3520759E-04   2.1632669E+00   8.8002580E-01  -3.2124464E+00   6.9977676E+01   6.1957360E+01   4.0429093E+01   1.4940699E+01  -4.4062099E+00  -1.8463088E-01  -1.3134806E+00   3.2862751E+00   3.8498523E+00   2.2695029E-03  -1.5956388E-04   6.0833360E-03  -7.6512537E-05  -6.5234081E-03   4.1131489E-02   1.1266730E-04   3.2402829E-05
  3.4876720E-05   1.4413349E-03  -1.4123048E-04   9.2053938E-04  -3.2576749E-03   7.6893398E-02   8.1813541E-03   4.2591602E-03   5.2591130E-04  -1.3634093E+01   1.7028073E+00   7.2998042E+00  -5.2247683E+01   4.0429093E+01   8.4104780E+01   5.2396233E+01  -1.1056740E+01  -7.9354214E-01  -6.6494135E-01   4.9979210E+00   8.8733123E+00  -7.7710976E-03  -1.7218162E-04   1.5264786E-03   3.8937211E-03  -1.2751432E-02   2.8355277E-02   4.6740958E-04  -4.2925370E-04
  2.6076677E-05   1.3701724E-04   2.7774042E-05   1.5756389E-03  -5.3559432E-03  -3.5757925E-03   1.0174365E-02   4.5619475E-03   1.5526470E-03  -5.4943899E+01   7.0332728E-01   4.9426643E+00  -5.9879597E+01   1.4940699E+01   5.2396233E+01   1.0163477E+02  -8.7864632E+00  -7.1539428E-01  -1.3030170E+00   5.6357997E+00   3.3888519E+01  -7.8291409E-03   2.1008455E-03   3.4871873E-05   1.6883876E-03  -1.3225634E-02   1.6090304E-02   4.9066962E-04  -1.2776310E-03
  8.2576228E-07   6.3800572E-04  -7.5778932E-05  -9.1576233E-04   1.5706894E-03   3.8358379E-02  -1.3564444E-03  -5.5211869E-04  -1.8530942E-04  -5.1379558E-02   3.0185927E-02  -2.5432192E+00   1.2897697E+01  -4.4062099E+00  -1.1056740E+01  -8.7864632E+00   5.5548666E+00   1.3459380E-01  -1.1647881E-01  -1.8544104E+00  -2.0491051E+00   1.0160534E-03   6.9158507E-04  -4.7580887E-04  -6.9427884E-04   2.5265196E-03  -3.8398081E-03  -1.0787355E-04   1.7066255E-05
  1.0258122E-05   1.6773165E-04  -2.0890101E-05  -5.6089338E-05   1.5133806E-03   1.1121507E-02   1.6671559E-05   7.3108030E-04  -1.4786186E-05   1.7925099E-01  -2.3303179E-03  -2.9416878E-01  -5.4607047E+00  -1.8463088E-01  -7.9354214E-01  -7.1539428E-01   1.3459380E-01   3.3531925E+00   6.1175592E-01   2.2507162E-01   3.2005557E-01  -7.9315561E-05  -2.5855192E-04   3.0167541E-03  -1.2567952E-03  -7.3516068E-04  -3.8278115E-03   1.6602005E-04   1.5197794E-05
  1.1263705E-05   1.5944468E-04  -1.5597869E-05  -2.8986949E-04   1.6242939E-03   1.3626760E-02  -8.4983381E-04   3.1965321E-04  -6.4254950E-05   4.7964979E-01   1.5644664E-02   1.3155785E-01   5.5590894E+00  -1.3134806E+00  -6.6494135E-01  -1.3030170E+00  -1.1647881E-01   6.1175592E-01   3.2173084E+00   2.7674358E+00   2.8443224E+00   1.4043276E-03  -1.2099440E-03  -1.7097466E-03  -2.4610609E-03  -6.5467722E-04   3.2980392E-03  -1.7620172E-04  -2.9811086E-05
  1.3397604E-05   2.0422344E-04  -6.9116813E-06  -6.7192612E-04   1.2122706E-03   1.6668495E-02  -1.6013282E-03   3.6993307E-04  -1.6424576E-04  -6.1881797E+00   1.3076726E-01   2.5977352E+00  -1.1606143E+01   3.2862751E+00   4.9979210E+00   5.6357997E+00  -1.8544104E+00   2.2507162E-01   2.7674358E+00   1.0964001E+01   1.9674448E+01  -7.0960896E-04  -1.1221033E-03  -1.3181751E-04  -4.6839379E-03  -7.9570834E-03  -1.9004925E-03   5.1794575E-06   4.0027187E-04
  2.1121504E-05  -1.4731383E-04   5.2384061E-05  -8.1606261E-04  -1.3386266E-03  -3.1569073E-03  -7.9712311E-04   1.1495550E-03   5.0432181E-04  -3.4056149E+01   2.0644209E-01   3.2385952E+00  -2.4880518E+01   3.8498523E+00   8.8733123E+00   3.3888519E+01  -2.0491051E+00   3.2005557E-01   2.8443224E+00   1.9674448E+01   5.4406618E+01  -5.6315364E-03  -4.8874905E-04   5.3740353E-05  -6.8972756E-03  -1.6029636E-02  -1.2016291E-02   8.9703984E-05   9.1622390E-04
  3.2503059E-09   1.1484722E-06  -7.6730526E-08  -5.3094139E-06  -2.3358055E-05   4.4174275E-05  -4.3297444E-06  -8.6863567E-07   2.0206102E-06   7.3180818E-03  -1.5235074E-04  -1.8967159E-03   2.2820090E-02   2.2695029E-03  -7.7710976E-03  -7.8291409E-03   1.0160534E-03  -7.9315561E-05   1.4043276E-03  -7.0960896E-04  -5.6315364E-03   1.4876188E-03   2.9691176E-04   1.2952516E-04  -3.4569315E-04  -9.7475307E-05  -1.1165768E-04  -8.6326145E-08   2.5543981E-07
 -3.2146952E-08   1.4154618E-07   8.6007175E-08  -4.3350660E-06  -2.2687587E-05  -1.5099377E-05  -9.9348787E-06  -9.4067519E-07  -8.1749143E-07  -2.3961246E-03   2.3166761E-05  -5.6468002E-04  -6.2154397E-03  -1.5956388E-04  -1.7218162E-04   2.1008455E-03   6.9158507E-04  -2.5855192E-04  -1.2099440E-03  -1.1221033E-03  -4.8874905E-04   2.9691176E-04   8.7155195E-04   6.4382726E-05   7.1201454E-04   4.8413495E-05  -6.5446646E-04   1.4390906E-07   8.5176440E-08
 -4.2700846E-08   1.7729059E-06   1.8933343E-07   8.5863854E-06  -1.3687082E-05   6.3318282E-05   2.2788666E-05  -1.5140953E-06   4.4786823E-07   2.6106069E-03  -1.0129941E-04   7.2850997E-04  -2.7458901E-02   6.0833360E-03   1.5264786E-03   3.4871873E-05  -4.7580887E-04   3.0167541E-03  -1.7097466E-03  -1.3181751E-04   5.3740353E-05   1.2952516E-04   6.4382726E-05   7.4091388E-03  -3.5001722E-04   5.9103171E-04   4.5377673E-03  -7.3047058E-07   3.0196335E-07
 -2.7834572E-07  -1.4202270E-07   1.0487542E-07  -5.3013363E-06  -2.6804852E-05  -9.8561133E-05  -1.2195536E-05  -8.0796435E-06  -1.0600032E-06   1.1568653E-03  -9.1719493E-06  -4.3982992E-06   1.5215334E-02  -7.6512537E-05   3.8937211E-03   1.6883876E-03  -6.9427884E-04  -1.2567952E-03  -2.4610609E-03  -4.6839379E-03  -6.8972756E-03  -3.4569315E-04   7.1201454E-04  -3.5001722E-04   2.8456538E-03   5.2621652E-04  -8.6385548E-04   5.4768402E-07  -1.4380886E-07
 -4.5891715E-07  -1.9057223E-06   2.0069675E-07   5.1124907E-06  -1.1048276E-05  -1.8232606E-04  -2.3218314E-06  -7.7422143E-06  -3.4065316E-06   7.9914254E-03  -1.8997159E-04  -2.4501139E-03   1.6201383E-02  -6.5234081E-03  -1.2751432E-02  -1.3225634E-02   2.5265196E-03  -7.3516068E-04  -6.5467722E-04  -7.9570834E-03  -1.6029636E-02  -9.7475307E-05   4.8413495E-05   5.9103171E-04   5.2621652E-04   6.4304507E-03   7.6773345E-03  -5.0759783E-07   2.6750640E-07
 -1.2683895E-06   1.0135636E-05  -1.2623411E-06   4.7850500E-06   8.0767481E-06   8.2325144E-05   5.5682657E-05  -2.3441009E-05   1.2522310E-05   1.3419794E-02   8.3953095E-06  -4.3991980E-04  -5.9056459E-03   4.1131489E-02   2.8355277E-02   1.6090304E-02  -3.8398081E-03  -3.8278115E-03   3.2980392E-03  -1.9004925E-03  -1.2016291E-02  -1.1165768E-04  -6.5446646E-04   4.5377673E-03  -8.6385548E-04   7.6773345E-03   6.9732290E-02  -1.3284204E-06   3.8908484E-07
 -5.5787446E-10  -1.4783996E-08   1.2315877E-09  -4.6424826E-08   1.1656465E-07  -1.7179843E-06   1.3876738E-08  -1.6585941E-07   4.6963734E-10  -1.8699796E-04   5.6383305E-06   1.1114955E-04   3.5835546E-03   1.1266730E-04   4.6740958E-04   4.9066962E-04  -1.0787355E-04   1.6602005E-04  -1.7620172E-04   5.1794575E-06   8.9703984E-05  -8.6326145E-08   1.4390906E-07  -7.3047058E-07   5.4768402E-07  -5.0759783E-07  -1.3284204E-06   3.7447957E-07  -1.4187871E-09
  3.3147189E-10   8.5134141E-09  -1.8766028E-09  -9.0052199E-08   3.8287850E-07   9.4257538E-07  -2.6010942E-07  -1.3282393E-08  -3.7950930E-08   6.7066616E-04  -3.0680752E-06  -4.0578469E-05   5.3166823E-04   3.2402829E-05  -4.2925370E-04  -1.2776310E-03   1.7066255E-05   1.5197794E-05  -2.9811086E-05   4.0027187E-04   9.1622390E-04   2.5543981E-07   8.5176440E-08   3.0196335E-07  -1.4380886E-07   2.6750640E-07   3.8908484E-07  -1.4187871E-09   3.7912955E-07
