# omegabh2 omegach2 theta tau nnu yhe logA ns calPlanck acib217 xi asz143 aps100 aps143 aps143217 aps217 aksz kgal100 kgal143 kgal143217 kgal217 cal0 cal2
  8.6342795E-08   7.3872212E-07  -8.1100689E-08   6.8711553E-07   6.5655464E-05   4.3854460E-08   3.4884068E-06   2.7048732E-06   6.9108955E-08   1.0127628E-04  -2.8401866E-06  -2.6400496E-07   3.3377189E-04   7.6358620E-05   8.8258873E-06  -6.7023094E-05   1.8739692E-05   1.6794364E-05   2.7769117E-05   9.1989432E-06  -2.5670184E-05   2.4158639E-09   9.4489668E-11
  7.3872212E-07   1.9436708E-05  -2.5651424E-06   2.3531909E-06   1.3112351E-03  -2.9010808E-06   5.1970901E-05   3.9639995E-05   9.7108738E-08   4.3675204E-03  -9.3485376E-05  -6.8597163E-04   1.7852058E-02   1.1107189E-02   3.8389877E-03  -1.9329351E-04   1.4307337E-03   3.0266519E-04   5.8711232E-04   8.6045435E-04  -2.7899667E-04  -4.0535857E-08   6.7153809E-08
 -8.1100689E-08  -2.5651424E-06   5.4306569E-07  -3.9676155E-07  -1.7975988E-04   8.7372625E-07  -6.7788019E-06  -5.2079635E-06  -2.2069075E-08  -5.0068526E-04   1.2441242E-05   8.7983429E-05  -2.1355956E-03  -1.4858427E-03  -5.3640375E-04  -1.0486361E-04  -1.6347690E-04  -3.2984915E-05  -6.1349320E-05  -1.0043481E-04   1.1223913E-05  -2.0218152E-11  -9.1647733E-09
  6.8711553E-07   2.3531909E-06  -3.9676155E-07   4.2857857E-05   5.0714118E-04   7.0075093E-07   9.1868184E-05   2.9835195E-05   7.8938137E-09  -3.0888711E-06   1.0869629E-05  -1.3447572E-04  -3.2356437E-04  -1.0515081E-03  -2.1215156E-04  -4.4348163E-04   3.6990667E-04   1.9128059E-04   1.1432388E-04  -7.4725695E-04  -1.4830595E-03   1.6441296E-08  -1.0176058E-07
  6.5655464E-05   1.3112351E-03  -1.7975988E-04   5.0714118E-04   1.0015764E-01  -1.7714444E-04   4.3071458E-03   3.4214615E-03   4.1857595E-05   3.1673291E-01  -6.6088286E-03  -5.1642333E-02   1.3088382E+00   7.8722434E-01   2.8124705E-01   3.3956158E-03   1.0132127E-01   2.5795533E-02   4.0774654E-02   4.6461978E-02  -4.5675037E-02   5.8292942E-07   2.9589235E-06
  4.3854460E-08  -2.9010808E-06   8.7372625E-07   7.0075093E-07  -1.7714444E-04   1.5621772E-05  -1.1597772E-06   9.5004586E-07   2.1258760E-07   4.0512290E-04  -7.7173317E-06  -1.9358291E-04   5.1894703E-03   1.2903138E-03   8.7991477E-04   8.7595562E-04   3.1805541E-04   2.0206004E-05   1.0703473E-04  -1.0051125E-04  -2.9938898E-04   6.3683639E-08  -7.5211072E-09
  3.4884068E-06   5.1970901E-05  -6.7788019E-06   9.1868184E-05   4.3071458E-03  -1.1597772E-06   3.4060782E-04   1.6320963E-04   1.2173349E-05   1.0489416E-02  -1.7506566E-04  -2.1923128E-03   4.7248116E-02   2.6311881E-02   1.1692067E-02   5.1529697E-03   3.7002577E-03   1.0885992E-03   8.1597631E-04  -6.1630824E-04  -3.3164429E-03   1.9882618E-07  -1.1860337E-07
  2.7048732E-06   3.9639995E-05  -5.2079635E-06   2.9835195E-05   3.4214615E-03   9.5004586E-07   1.6320963E-04   1.4199864E-04   2.6119493E-06   6.3813250E-03  -1.1508574E-04  -7.2944709E-04   2.0018299E-02   1.9731094E-02   1.1982188E-02   5.6563722E-03   9.9655146E-04   1.1742212E-03   1.0336090E-03   8.5541074E-04  -8.1275786E-04  -9.0219280E-09  -1.3652294E-08
  6.9108955E-08   9.7108738E-08  -2.2069075E-08   7.8938137E-09   4.1857595E-05   2.1258760E-07   1.2173349E-05   2.6119493E-06   5.8551059E-06   5.9211383E-04  -2.3374900E-06  -4.6518498E-05   2.9529129E-03   4.3286612E-04   3.9778057E-04   1.4880505E-03   6.6410272E-05   1.3605686E-04  -1.4792980E-04  -2.0366771E-04   4.8644560E-04   4.2474505E-08  -2.9654385E-08
  1.0127628E-04   4.3675204E-03  -5.0068526E-04  -3.0888711E-06   3.1673291E-01   4.0512290E-04   1.0489416E-02   6.3813250E-03   5.9211383E-04   4.5339666E+01  -3.8617474E-01  -1.0692463E+00   4.1114131E+01   4.8948791E+00  -1.1592847E+01  -5.3933391E+01   1.9701831E-01   7.2428059E-01   1.1154866E+00  -5.0419289E+00  -3.2721991E+01  -1.1923188E-04   7.1220980E-04
 -2.8401866E-06  -9.3485376E-05   1.2441242E-05   1.0869629E-05  -6.6088286E-03  -7.7173317E-06  -1.7506566E-04  -1.1508574E-04  -2.3374900E-06  -3.8617474E-01   8.1386901E-02  -3.6534305E-02  -7.6580945E-01   7.9504485E-01   1.5918872E+00   5.6246350E-01   4.1504119E-02  -1.7043489E-02  -4.0909060E-03   9.7254656E-02   1.2884217E-01   3.4135216E-06  -5.9080174E-08
 -2.6400496E-07  -6.8597163E-04   8.7983429E-05  -1.3447572E-04  -5.1642333E-02  -1.9358291E-04  -2.1923128E-03  -7.2944709E-04  -4.6518498E-05  -1.0692463E+00  -3.6534305E-02   4.0070869E+00  -3.2823628E+01  -4.0349181E+00   7.6432776E+00   5.4237289E+00  -2.8933405E+00  -1.5391711E-01   1.5181751E-01   2.6994569E+00   3.3932583E+00   8.2640696E-05  -3.0258424E-05
  3.3377189E-04   1.7852058E-02  -2.1355956E-03  -3.2356437E-04   1.3088382E+00   5.1894703E-03   4.7248116E-02   2.0018299E-02   2.9529129E-03   4.1114131E+01  -7.6580945E-01  -3.2823628E+01   8.2516816E+02   8.4252301E+01  -5.3250902E+01  -6.2071269E+01   1.6999533E+01  -5.8019828E+00   6.2580668E+00  -1.1594576E+01  -2.3766800E+01   4.2712385E-03   5.7289934E-04
  7.6358620E-05   1.1107189E-02  -1.4858427E-03  -1.0515081E-03   7.8722434E-01   1.2903138E-03   2.6311881E-02   1.9731094E-02   4.3286612E-04   4.8948791E+00   7.9504485E-01  -4.0349181E+00   8.4252301E+01   6.9898178E+01   4.2155751E+01   1.5965728E+01  -3.7167593E+00  -1.8349700E-01  -1.4210041E+00   3.5107328E+00   3.6328015E+00   2.1648324E-04   1.2880253E-04
  8.8258873E-06   3.8389877E-03  -5.3640375E-04  -2.1215156E-04   2.8124705E-01   8.7991477E-04   1.1692067E-02   1.1982188E-02   3.9778057E-04  -1.1592847E+01   1.5918872E+00   7.6432776E+00  -5.3250902E+01   4.2155751E+01   8.5361477E+01   5.3962630E+01  -1.1845505E+01  -9.1693851E-01  -1.1277003E+00   4.4850922E+00   7.2778584E+00   4.6928166E-04  -3.4225115E-04
 -6.7023094E-05  -1.9329351E-04  -1.0486361E-04  -4.4348163E-04   3.3956158E-03   8.7595562E-04   5.1529697E-03   5.6563722E-03   1.4880505E-03  -5.3933391E+01   5.6246350E-01   5.4237289E+00  -6.2071269E+01   1.5965728E+01   5.3962630E+01   1.0365780E+02  -9.5974957E+00  -1.1867333E+00  -2.0934755E+00   4.2429688E+00   3.1740045E+01   4.1097411E-04  -1.3112256E-03
  1.8739692E-05   1.4307337E-03  -1.6347690E-04   3.6990667E-04   1.0132127E-01   3.1805541E-04   3.7002577E-03   9.9655146E-04   6.6410272E-05   1.9701831E-01   4.1504119E-02  -2.8933405E+00   1.6999533E+01  -3.7167593E+00  -1.1845505E+01  -9.5974957E+00   6.3050209E+00   9.4739306E-02  -1.2506392E-01  -1.9393851E+00  -2.2920188E+00  -8.3310529E-05   1.9208853E-06
  1.6794364E-05   3.0266519E-04  -3.2984915E-05   1.9128059E-04   2.5795533E-02   2.0206004E-05   1.0885992E-03   1.1742212E-03   1.3605686E-04   7.2428059E-01  -1.7043489E-02  -1.5391711E-01  -5.8019828E+00  -1.8349700E-01  -9.1693851E-01  -1.1867333E+00   9.4739306E-02   3.4571423E+00   5.8137710E-01   2.5198816E-01  -3.7711556E-02   1.6318797E-04   3.4262631E-05
  2.7769117E-05   5.8711232E-04  -6.1349320E-05   1.1432388E-04   4.0774654E-02   1.0703473E-04   8.1597631E-04   1.0336090E-03  -1.4792980E-04   1.1154866E+00  -4.0909060E-03   1.5181751E-01   6.2580668E+00  -1.4210041E+00  -1.1277003E+00  -2.0934755E+00  -1.2506392E-01   5.8137710E-01   3.2755911E+00   2.7387397E+00   2.3627267E+00  -1.9755408E-04  -4.0552884E-05
  9.1989432E-06   8.6045435E-04  -1.0043481E-04  -7.4725695E-04   4.6461978E-02  -1.0051125E-04  -6.1630824E-04   8.5541074E-04  -2.0366771E-04  -5.0419289E+00   9.7254656E-02   2.6994569E+00  -1.1594576E+01   3.5107328E+00   4.4850922E+00   4.2429688E+00  -1.9393851E+00   2.5198816E-01   2.7387397E+00   1.1061380E+01   1.9264994E+01  -5.1749431E-05   4.5046016E-04
 -2.5670184E-05  -2.7899667E-04   1.1223913E-05  -1.4830595E-03  -4.5675037E-02  -2.9938898E-04  -3.3164429E-03  -8.1275786E-04   4.8644560E-04  -3.2721991E+01   1.2884217E-01   3.3932583E+00  -2.3766800E+01   3.6328015E+00   7.2778584E+00   3.1740045E+01  -2.2920188E+00  -3.7711556E-02   2.3627267E+00   1.9264994E+01   5.3431870E+01   6.8455251E-06   9.8036123E-04
  2.4158639E-09  -4.0535857E-08  -2.0218152E-11   1.6441296E-08   5.8292942E-07   6.3683639E-08   1.9882618E-07  -9.0219280E-09   4.2474505E-08  -1.1923188E-04   3.4135216E-06   8.2640696E-05   4.2712385E-03   2.1648324E-04   4.6928166E-04   4.1097411E-04  -8.3310529E-05   1.6318797E-04  -1.9755408E-04  -5.1749431E-05   6.8455251E-06   3.7231629E-07   2.9041967E-09
  9.4489668E-11   6.7153809E-08  -9.1647733E-09  -1.0176058E-07   2.9589235E-06  -7.5211072E-09  -1.1860337E-07  -1.3652294E-08  -2.9654385E-08   7.1220980E-04  -5.9080174E-08  -3.0258424E-05   5.7289934E-04   1.2880253E-04  -3.4225115E-04  -1.3112256E-03   1.9208853E-06   3.4262631E-05  -4.0552884E-05   4.5046016E-04   9.8036123E-04   2.9041967E-09   3.9278085E-07
