# omegabh2 omegach2 theta tau logA ns r calPlanck acib217 xi asz143 aps100 aps143 aps143217 aps217 aksz kgal100 kgal143 kgal143217 kgal217 cal0 cal2
    0.5349983E-07   -0.2745665E-06    0.4908325E-07    0.1632942E-05    0.2766820E-05    0.7927159E-06    0.2036252E-06    0.2004708E-07   -0.2072351E-03    0.4335889E-05    0.5756357E-04   -0.9626308E-03   -0.5460726E-03   -0.1472590E-03    0.3653410E-05   -0.7614193E-04    0.6090934E-05    0.8494989E-06   -0.9913016E-05    0.2205206E-04    0.2500546E-08   -0.1900944E-07
   -0.2745665E-06    0.4767521E-05   -0.4656275E-06   -0.1596231E-04   -0.2092698E-04   -0.1112575E-04   -0.6963371E-05   -0.1597439E-06    0.4856209E-03   -0.1467373E-04   -0.2113832E-03    0.3013057E-02    0.2447537E-02    0.1024827E-02    0.6824579E-03    0.2341360E-03   -0.5031792E-04    0.5594513E-04    0.1321395E-03    0.1876413E-03   -0.5108769E-07    0.4478522E-07
    0.4908325E-07   -0.4656275E-06    0.2209830E-06    0.2147768E-05    0.3448259E-05    0.1382387E-05    0.5756907E-06    0.3650724E-07   -0.8702892E-04    0.3840267E-05    0.2481607E-04   -0.4258165E-03   -0.2771266E-03   -0.8604762E-04   -0.3408077E-04   -0.3625675E-04    0.8146786E-05   -0.5860502E-05    0.2922753E-06    0.1218520E-04    0.6111155E-08   -0.1405611E-09
    0.1632942E-05   -0.1596231E-04    0.2147768E-05    0.3057642E-03    0.5719241E-03    0.5213827E-04   -0.3154217E-04   -0.8615906E-06   -0.1422888E-01    0.2652162E-03    0.3058762E-02   -0.5923248E-01   -0.2541940E-01   -0.2166119E-02    0.8503616E-02   -0.5445213E-02    0.6158754E-04   -0.1514394E-03   -0.2064934E-02   -0.7718225E-03   -0.1065112E-07   -0.1757367E-05
    0.2766820E-05   -0.2092698E-04    0.3448259E-05    0.5719241E-03    0.1118776E-02    0.7687915E-04   -0.8257140E-04    0.1035405E-04   -0.2716410E-01    0.5507530E-03    0.5789372E-02   -0.1073526E+00   -0.4364186E-01    0.1416151E-02    0.2422631E-01   -0.1137839E-01   -0.3129348E-03   -0.7403394E-03   -0.4290185E-02   -0.1688550E-04    0.1035904E-06   -0.3563263E-05
    0.7927159E-06   -0.1112575E-04    0.1382387E-05    0.5213827E-04    0.7687915E-04    0.3755893E-04    0.2844685E-04    0.4451966E-06   -0.6227879E-02    0.1613291E-03    0.1631830E-02   -0.3414740E-01   -0.1159930E-01    0.1029603E-02    0.4777789E-02   -0.3059068E-02    0.4096500E-03   -0.3130746E-03   -0.9125625E-03   -0.6165861E-04   -0.1153232E-06   -0.5854999E-06
    0.2036252E-06   -0.6963371E-05    0.5756907E-06   -0.3154217E-04   -0.8257140E-04    0.2844685E-04    0.1213871E-02    0.1678369E-05   -0.6773552E-03    0.1751072E-03    0.1057445E-02   -0.1981295E-01   -0.3164521E-02    0.3538868E-02   -0.1228525E-03   -0.1503250E-02   -0.6620692E-03   -0.5240133E-03   -0.6154770E-03   -0.1089633E-02   -0.4596299E-06   -0.2730092E-06
    0.2004708E-07   -0.1597439E-06    0.3650724E-07   -0.8615906E-06    0.1035405E-04    0.4451966E-06    0.1678369E-05    0.6202976E-05    0.9540477E-03   -0.6949175E-06    0.4899653E-04    0.3243084E-02    0.5466233E-03    0.4528086E-03    0.1028745E-02   -0.8529610E-04   -0.1015646E-04   -0.1171411E-04   -0.5829279E-05    0.5323962E-03   -0.1900765E-07   -0.4263313E-07
   -0.2072351E-03    0.4856209E-03   -0.8702892E-04   -0.1422888E-01   -0.2716410E-01   -0.6227879E-02   -0.6773552E-03    0.9540477E-03    0.4348484E+02   -0.4859665E+00   -0.1791451E+01    0.4536454E+02    0.1529279E+01   -0.2074826E+02   -0.6076166E+02    0.5485568E+00    0.1299057E-01    0.7147938E-01   -0.2030556E+01   -0.1844089E+02   -0.2310846E-03    0.4383482E-02
    0.4335889E-05   -0.1467373E-04    0.3840267E-05    0.2652162E-03    0.5507530E-03    0.1613291E-03    0.1751072E-03   -0.6949175E-06   -0.4859665E+00    0.8077386E-01   -0.6493348E-01   -0.6105582E+00    0.9817532E+00    0.1865840E+01    0.7444470E+00    0.6092548E-01   -0.3456002E-02    0.2043224E-02    0.1092884E+00    0.1123274E+00    0.6877228E-05   -0.1759541E-04
    0.5756357E-04   -0.2113832E-03    0.2481607E-04    0.3058762E-02    0.5789372E-02    0.1631830E-02    0.1057445E-02    0.4899653E-04   -0.1791451E+01   -0.6493348E-01    0.3694358E+01   -0.2907559E+02   -0.3967653E+01    0.7749502E+01    0.6729719E+01   -0.2609701E+01   -0.1741273E+00    0.1428819E-01    0.2247865E+01    0.2071650E+01    0.1823345E-03   -0.3620718E-03
   -0.9626308E-03    0.3013057E-02   -0.4258165E-03   -0.5923248E-01   -0.1073526E+00   -0.3414740E-01   -0.1981295E-01    0.3243084E-02    0.4536454E+02   -0.6105582E+00   -0.2907559E+02    0.7767147E+03    0.7047837E+02   -0.6202565E+02   -0.7352333E+02    0.1349389E+02   -0.3908281E+01    0.3578435E+01   -0.9588824E+01   -0.1450758E+02    0.6276140E-02    0.4781994E-02
   -0.5460726E-03    0.2447537E-02   -0.2771266E-03   -0.2541940E-01   -0.4364186E-01   -0.1159930E-01   -0.3164521E-02    0.5466233E-03    0.1529279E+01    0.9817532E+00   -0.3967653E+01    0.7047837E+02    0.6257894E+02    0.4491753E+02    0.1765676E+02   -0.4102690E+01   -0.2463600E+00   -0.1007474E+01    0.4046334E+01    0.3777907E+01    0.1462790E-03    0.2440033E-03
   -0.1472590E-03    0.1024827E-02   -0.8604762E-04   -0.2166119E-02    0.1416151E-02    0.1029603E-02    0.3538868E-02    0.4528086E-03   -0.2074826E+02    0.1865840E+01    0.7749502E+01   -0.6202565E+02    0.4491753E+02    0.9965686E+02    0.6723038E+02   -0.1188544E+02   -0.7087998E+00   -0.5040657E+00    0.4869659E+01    0.5333159E+01    0.7597662E-03   -0.2554488E-02
    0.3653410E-05    0.6824579E-03   -0.3408077E-04    0.8503616E-02    0.2422631E-01    0.4777789E-02   -0.1228525E-03    0.1028745E-02   -0.6076166E+02    0.7444470E+00    0.6729719E+01   -0.7352333E+02    0.1765676E+02    0.6723038E+02    0.1220315E+03   -0.1028509E+02   -0.4697304E+00   -0.4131113E+00   -0.5391022E+00    0.1482921E+02    0.6731241E-03   -0.7703834E-02
   -0.7614193E-04    0.2341360E-03   -0.3625675E-04   -0.5445213E-02   -0.1137839E-01   -0.3059068E-02   -0.1503250E-02   -0.8529610E-04    0.5485568E+00    0.6092548E-01   -0.2609701E+01    0.1349389E+02   -0.4102690E+01   -0.1188544E+02   -0.1028509E+02    0.5906885E+01    0.1301355E+00   -0.7033884E-01   -0.1706627E+01   -0.1359107E+01   -0.1229203E-03    0.2081914E-03
    0.6090934E-05   -0.5031792E-04    0.8146786E-05    0.6158754E-04   -0.3129348E-03    0.4096500E-03   -0.6620692E-03   -0.1015646E-04    0.1299057E-01   -0.3456002E-02   -0.1741273E+00   -0.3908281E+01   -0.2463600E+00   -0.7087998E+00   -0.4697304E+00    0.1301355E+00    0.3466486E+01    0.4307226E+00    0.1665625E+00    0.2504691E+00    0.2855612E-03    0.1176116E-04
    0.8494989E-06    0.5594513E-04   -0.5860502E-05   -0.1514394E-03   -0.7403394E-03   -0.3130746E-03   -0.5240133E-03   -0.1171411E-04    0.7147938E-01    0.2043224E-02    0.1428819E-01    0.3578435E+01   -0.1007474E+01   -0.5040657E+00   -0.4131113E+00   -0.7033884E-01    0.4307226E+00    0.3408209E+01    0.2678723E+01    0.1939770E+01   -0.2954101E-03   -0.1916833E-03
   -0.9913016E-05    0.1321395E-03    0.2922753E-06   -0.2064934E-02   -0.4290185E-02   -0.9125625E-03   -0.6154770E-03   -0.5829279E-05   -0.2030556E+01    0.1092884E+00    0.2247865E+01   -0.9588824E+01    0.4046334E+01    0.4869659E+01   -0.5391022E+00   -0.1706627E+01    0.1665625E+00    0.2678723E+01    0.1721778E+02    0.2568406E+02   -0.3944659E-05    0.2510922E-02
    0.2205206E-04    0.1876413E-03    0.1218520E-04   -0.7718225E-03   -0.1688550E-04   -0.6165861E-04   -0.1089633E-02    0.5323962E-03   -0.1844089E+02    0.1123274E+00    0.2071650E+01   -0.1450758E+02    0.3777907E+01    0.5333159E+01    0.1482921E+02   -0.1359107E+01    0.2504691E+00    0.1939770E+01    0.2568406E+02    0.5414420E+02    0.5693757E-04    0.4481856E-02
    0.2500546E-08   -0.5108769E-07    0.6111155E-08   -0.1065112E-07    0.1035904E-06   -0.1153232E-06   -0.4596299E-06   -0.1900765E-07   -0.2310846E-03    0.6877228E-05    0.1823345E-03    0.6276140E-02    0.1462790E-03    0.7597662E-03    0.6731241E-03   -0.1229203E-03    0.2855612E-03   -0.2954101E-03   -0.3944659E-05    0.5693757E-04    0.6116315E-06    0.4967129E-08
   -0.1900944E-07    0.4478522E-07   -0.1405611E-09   -0.1757367E-05   -0.3563263E-05   -0.5854999E-06   -0.2730092E-06   -0.4263313E-07    0.4383482E-02   -0.1759541E-04   -0.3620718E-03    0.4781994E-02    0.2440033E-03   -0.2554488E-02   -0.7703834E-02    0.2081914E-03    0.1176116E-04   -0.1916833E-03    0.2510922E-02    0.4481856E-02    0.4967129E-08    0.2091287E-05
