# omegabh2 omegach2 theta tau alpha1 logA ns calPlanck acib217 xi asz143 aps100 aps143 aps143217 aps217 aksz kgal100 kgal143 kgal143217 kgal217 galfEE100 galfEE100143 galfEE100217 galfEE143 galfEE143217 galfEE217 galfTE100 galfTE100143 galfTE100217 galfTE143 galfTE143217 galfTE217 cal0 cal2
    0.2454591E-07   -0.1106785E-06    0.1350172E-07    0.9929766E-06   -0.1169909E-07    0.1859207E-05    0.2631937E-06    0.1759261E-07   -0.1145420E-03    0.2983538E-05    0.2740431E-04   -0.4794103E-03   -0.2501781E-03   -0.3219841E-04    0.5057470E-04   -0.3884622E-04   -0.8543980E-06   -0.9687497E-05   -0.1370397E-04    0.2414680E-05    0.5033888E-07    0.7285662E-07   -0.2501831E-07    0.8224727E-07    0.1306490E-06    0.2579547E-06   -0.5880770E-07   -0.6767912E-07    0.7857443E-07   -0.2425908E-06   -0.5584097E-06   -0.2325843E-05    0.4805235E-08   -0.1039618E-07
   -0.1106785E-06    0.3138512E-05   -0.5067388E-06   -0.1039106E-04   -0.6302234E-06   -0.1227702E-04   -0.1027787E-04   -0.2174286E-06    0.4508825E-03   -0.1426397E-04   -0.2035371E-03    0.3600790E-02    0.1843239E-02    0.5146344E-03    0.1548855E-03    0.2475245E-03   -0.1594185E-04    0.6784520E-05    0.5853233E-04    0.7867619E-04   -0.2246381E-06   -0.2515068E-06   -0.1219995E-06   -0.4115895E-06   -0.1221973E-05   -0.1399036E-05    0.1225282E-05    0.5016208E-06    0.2343571E-05    0.1671681E-05    0.4654609E-05    0.1720574E-04    0.1503305E-07    0.4329927E-07
    0.1350172E-07   -0.5067388E-06    0.2045172E-06    0.1178292E-05    0.1916356E-06    0.8849336E-06    0.2130336E-05    0.3289422E-07   -0.8368396E-04    0.1563357E-05    0.3418453E-04   -0.5653823E-03   -0.2375234E-03   -0.1374124E-04    0.5467697E-04   -0.4638274E-04   -0.1032249E-06    0.9375882E-06   -0.7703033E-05    0.1324769E-04   -0.9739814E-07   -0.1362172E-06   -0.1309876E-06   -0.1130489E-06    0.1832455E-06   -0.9183361E-07   -0.2760294E-06   -0.3086755E-06   -0.1318080E-06   -0.4375378E-06   -0.8320886E-06   -0.2519617E-05   -0.5203182E-08   -0.4264223E-08
    0.9929766E-06   -0.1039106E-04    0.1178292E-05    0.2955024E-03    0.5226120E-07    0.5622781E-03    0.3863856E-04   -0.1427100E-05   -0.1304616E-01    0.2944200E-03    0.2571366E-02   -0.5006831E-01   -0.2141745E-01    0.3165295E-03    0.9506053E-02   -0.4660939E-02   -0.5842824E-03   -0.1075088E-02   -0.2727826E-02   -0.1758982E-02    0.3647000E-05    0.5022292E-05    0.2898870E-05    0.4079326E-05    0.2121303E-05   -0.2976214E-04   -0.2442258E-05   -0.3612035E-06    0.1218007E-04   -0.1711708E-04   -0.3554297E-04   -0.6146356E-04    0.1797769E-06   -0.1702430E-05
   -0.1169909E-07   -0.6302234E-06    0.1916356E-06    0.5226120E-07    0.4381751E-06   -0.2109265E-05    0.2948580E-05    0.3205342E-07   -0.4580532E-04    0.1406846E-05    0.3423493E-04   -0.5730359E-03   -0.1756742E-03    0.4400277E-04    0.5221225E-04   -0.5846075E-04   -0.1986043E-05    0.1608115E-04    0.1036441E-04    0.3920001E-04   -0.2848599E-06   -0.3667120E-06   -0.2414959E-07   -0.3796501E-06    0.1741746E-06    0.7985104E-06   -0.5248130E-06   -0.7443769E-07   -0.2553677E-06   -0.2377672E-06   -0.8866705E-06   -0.3894132E-06   -0.1463918E-07    0.7167420E-08
    0.1859207E-05   -0.1227702E-04    0.8849336E-06    0.5622781E-03   -0.2109265E-05    0.1119929E-02    0.4555223E-04    0.9140298E-05   -0.2483318E-01    0.6161210E-03    0.4504147E-02   -0.8580546E-01   -0.3643828E-01    0.4574555E-02    0.2473678E-01   -0.9278667E-02   -0.1676241E-02   -0.2820760E-02   -0.6008432E-02   -0.2194632E-02    0.8147815E-05    0.1022499E-04    0.5600709E-05    0.8959732E-05   -0.1268806E-06   -0.5963655E-04   -0.1116484E-05    0.1684106E-05    0.3118944E-04   -0.2525635E-04   -0.5931002E-04   -0.6840043E-04    0.6330343E-06   -0.3355860E-05
    0.2631937E-06   -0.1027787E-04    0.2130336E-05    0.3863856E-04    0.2948580E-05    0.4555223E-04    0.4641030E-04    0.4723121E-06   -0.5698542E-02    0.1578165E-03    0.1471577E-02   -0.3174680E-01   -0.9948998E-02    0.2158579E-02    0.5558525E-02   -0.2800583E-02    0.2250580E-03   -0.1365974E-03   -0.8691235E-03   -0.6358330E-04    0.9281698E-06    0.8897125E-06   -0.8540848E-06    0.1181249E-05    0.4237149E-05    0.4188033E-05   -0.4163350E-05   -0.2893185E-07   -0.7986388E-05   -0.3176935E-05   -0.1108586E-04   -0.3744213E-04   -0.2067910E-06   -0.4972627E-06
    0.1759261E-07   -0.2174286E-06    0.3289422E-07   -0.1427100E-05    0.3205342E-07    0.9140298E-05    0.4723121E-06    0.6201102E-05    0.8915634E-03    0.3945893E-05   -0.3739639E-04    0.3520806E-02    0.6257512E-03    0.3419318E-03    0.1080550E-02    0.1132534E-04   -0.1384185E-03   -0.8240670E-04   -0.1323100E-03    0.5658009E-03    0.6595558E-06    0.3510782E-06    0.2197757E-06    0.8864848E-06    0.3626901E-06    0.2095346E-05    0.6093113E-07    0.7286573E-06   -0.8194445E-06    0.2888235E-05    0.4782616E-06    0.8291147E-05   -0.4320687E-08    0.1376172E-07
   -0.1145420E-03    0.4508825E-03   -0.8368396E-04   -0.1304616E-01   -0.4580532E-04   -0.2483318E-01   -0.5698542E-02    0.8915634E-03    0.4325538E+02   -0.5096283E+00   -0.1722314E+01    0.4121627E+02    0.9691733E-01   -0.2238668E+02   -0.6158275E+02    0.4743402E+00    0.2137525E-01    0.1249182E+00   -0.1593158E+01   -0.1764917E+02   -0.8857077E-03   -0.8830330E-03   -0.7748171E-03   -0.1100218E-03   -0.3770135E-02   -0.6947465E-02   -0.3245412E-03    0.1737936E-03    0.1826230E-02   -0.3753302E-02   -0.9408630E-03   -0.1264191E-01   -0.2887483E-03    0.4427406E-02
    0.2983538E-05   -0.1426397E-04    0.1563357E-05    0.2944200E-03    0.1406846E-05    0.6161210E-03    0.1578165E-03    0.3945893E-05   -0.5096283E+00    0.7945220E-01   -0.5737993E-01   -0.7874811E+00    0.9873104E+00    0.1925837E+01    0.8244109E+00    0.6025817E-01   -0.1546893E-01    0.2870563E-02    0.9252555E-01    0.8427155E-01    0.3706884E-04    0.1203478E-04   -0.6525741E-04    0.6899150E-05    0.1663710E-04    0.1462652E-03   -0.1695638E-04    0.4749665E-04   -0.1348922E-05    0.1344657E-03    0.3542474E-04   -0.5634447E-03    0.3812052E-05   -0.2049380E-04
    0.2740431E-04   -0.2035371E-03    0.3418453E-04    0.2571366E-02    0.3423493E-04    0.4504147E-02    0.1471577E-02   -0.3739639E-04   -0.1722314E+01   -0.5737993E-01    0.3542357E+01   -0.2700155E+02   -0.3611535E+01    0.7468583E+01    0.6385848E+01   -0.2364158E+01   -0.1155179E+00    0.9119820E-01    0.2285195E+01    0.2030438E+01    0.1864543E-03    0.1972361E-03   -0.3215684E-03    0.1817822E-03   -0.7440400E-03    0.1186901E-02    0.4572904E-03   -0.6167586E-04   -0.1130313E-02   -0.1381798E-03    0.9100284E-04   -0.4078741E-02    0.1797878E-03   -0.3779120E-03
   -0.4794103E-03    0.3600790E-02   -0.5653823E-03   -0.5006831E-01   -0.5730359E-03   -0.8580546E-01   -0.3174680E-01    0.3520806E-02    0.4121627E+02   -0.7874811E+00   -0.2700155E+02    0.7404779E+03    0.6188391E+02   -0.6276239E+02   -0.6699591E+02    0.1056670E+02   -0.4694508E+01    0.3199911E+01   -0.1068648E+02   -0.1492676E+02   -0.3230380E-02   -0.3714374E-02    0.4872107E-02   -0.4206850E-02   -0.2753150E-02   -0.2974487E-01    0.4283618E-02    0.8867595E-03    0.1304943E-01    0.7007892E-02   -0.7119238E-02   -0.8506503E-02    0.5809050E-02    0.3608414E-02
   -0.2501781E-03    0.1843239E-02   -0.2375234E-03   -0.2141745E-01   -0.1756742E-03   -0.3643828E-01   -0.9948998E-02    0.6257512E-03    0.9691733E-01    0.9873104E+00   -0.3611535E+01    0.6188391E+02    0.5938490E+02    0.4401409E+02    0.1801811E+02   -0.4055645E+01   -0.3889532E+00   -0.1266146E+01    0.3463267E+01    0.3531246E+01   -0.5327657E-03   -0.1455692E-02   -0.3915283E-03   -0.1433387E-02   -0.3241117E-03   -0.3486615E-03    0.1450378E-02    0.9052653E-03    0.1401356E-02    0.5402021E-03    0.5725573E-02    0.1131105E-01    0.7258181E-04    0.2095108E-03
   -0.3219841E-04    0.5146344E-03   -0.1374124E-04    0.3165295E-03    0.4400277E-04    0.4574555E-02    0.2158579E-02    0.3419318E-03   -0.2238668E+02    0.1925837E+01    0.7468583E+01   -0.6276239E+02    0.4401409E+02    0.9937187E+02    0.6771243E+02   -0.1074052E+02   -0.8905313E+00   -0.4388300E+00    0.4158834E+01    0.4486668E+01    0.1178146E-02    0.4758694E-04   -0.4145869E-02   -0.1505587E-03   -0.4539465E-02    0.1314177E-01    0.1164768E-02   -0.3654756E-03   -0.2426883E-02    0.3923312E-03    0.7452065E-02    0.6806126E-03    0.6339727E-03   -0.2733933E-02
    0.5057470E-04    0.1548855E-03    0.5467697E-04    0.9506053E-02    0.5221225E-04    0.2473678E-01    0.5558525E-02    0.1080550E-02   -0.6158275E+02    0.8244109E+00    0.6385848E+01   -0.6699591E+02    0.1801811E+02    0.6771243E+02    0.1222732E+03   -0.9357586E+01   -0.5456595E+00   -0.4588189E+00   -0.1431142E+01    0.1350787E+02    0.1273202E-02    0.7318104E-03   -0.1444250E-02    0.8330473E-05   -0.3023336E-03    0.1427561E-01    0.3267303E-03   -0.4154139E-04   -0.2612486E-02    0.3369191E-02    0.7972447E-02    0.4017289E-01    0.6659129E-03   -0.7920147E-02
   -0.3884622E-04    0.2475245E-03   -0.4638274E-04   -0.4660939E-02   -0.5846075E-04   -0.9278667E-02   -0.2800583E-02    0.1132534E-04    0.4743402E+00    0.6025817E-01   -0.2364158E+01    0.1056670E+02   -0.4055645E+01   -0.1074052E+02   -0.9357586E+01    0.5295578E+01    0.7196581E-01   -0.7402567E-01   -0.1691428E+01   -0.1404562E+01   -0.2204499E-03   -0.2187347E-03    0.8230662E-03   -0.1706212E-03    0.2051579E-02   -0.7396566E-03   -0.1115612E-02   -0.3096586E-03   -0.1038549E-02    0.1488334E-02   -0.6103568E-03   -0.1083530E-02   -0.1228912E-03    0.1909022E-03
   -0.8543980E-06   -0.1594185E-04   -0.1032249E-06   -0.5842824E-03   -0.1986043E-05   -0.1676241E-02    0.2250580E-03   -0.1384185E-03    0.2137525E-01   -0.1546893E-01   -0.1155179E+00   -0.4694508E+01   -0.3889532E+00   -0.8905313E+00   -0.5456595E+00    0.7196581E-01    0.3464355E+01    0.4109812E+00    0.2606732E+00    0.4057179E+00    0.7589284E-04    0.8018654E-04    0.1796191E-03    0.9670195E-04    0.6144538E-03    0.1918821E-02   -0.6574736E-03    0.7654594E-03    0.1058282E-02    0.1159442E-02   -0.3574469E-04   -0.1503036E-02    0.2837196E-03    0.2315237E-04
   -0.9687497E-05    0.6784520E-05    0.9375882E-06   -0.1075088E-02    0.1608115E-04   -0.2820760E-02   -0.1365974E-03   -0.8240670E-04    0.1249182E+00    0.2870563E-02    0.9119820E-01    0.3199911E+01   -0.1266146E+01   -0.4388300E+00   -0.4588189E+00   -0.7402567E-01    0.4109812E+00    0.3404376E+01    0.2613414E+01    0.1785073E+01    0.1212080E-03    0.9877598E-05    0.1207013E-02    0.1141539E-03    0.2310614E-03   -0.1480597E-03    0.5062677E-03   -0.1613163E-03    0.1685437E-03    0.3661314E-04    0.1792975E-02    0.3050938E-02   -0.2877403E-03   -0.1935168E-03
   -0.1370397E-04    0.5853233E-04   -0.7703033E-05   -0.2727826E-02    0.1036441E-04   -0.6008432E-02   -0.8691235E-03   -0.1323100E-03   -0.1593158E+01    0.9252555E-01    0.2285195E+01   -0.1068648E+02    0.3463267E+01    0.4158834E+01   -0.1431142E+01   -0.1691428E+01    0.2606732E+00    0.2613414E+01    0.1728291E+02    0.2573073E+02   -0.5970193E-05   -0.9171346E-04    0.1064304E-02    0.3855826E-04    0.1368136E-02   -0.3820064E-02    0.1425312E-02   -0.1818076E-04   -0.2311640E-02    0.1314897E-02   -0.4928779E-02   -0.9749084E-02    0.1317589E-04    0.2605600E-02
    0.2414680E-05    0.7867619E-04    0.1324769E-04   -0.1758982E-02    0.3920001E-04   -0.2194632E-02   -0.6358330E-04    0.5658009E-03   -0.1764917E+02    0.8427155E-01    0.2030438E+01   -0.1492676E+02    0.3531246E+01    0.4486668E+01    0.1350787E+02   -0.1404562E+01    0.4057179E+00    0.1785073E+01    0.2573073E+02    0.5444291E+02    0.3744124E-03    0.2207947E-03    0.1329249E-02    0.1324485E-03    0.3805373E-02   -0.6797773E-03    0.2003767E-02   -0.1425558E-02   -0.2469980E-02    0.3783694E-02   -0.8925851E-02   -0.3775618E-02    0.1141566E-03    0.4652494E-02
    0.5033888E-07   -0.2246381E-06   -0.9739814E-07    0.3647000E-05   -0.2848599E-06    0.8147815E-05    0.9281698E-06    0.6595558E-06   -0.8857077E-03    0.3706884E-04    0.1864543E-03   -0.3230380E-02   -0.5327657E-03    0.1178146E-02    0.1273202E-02   -0.2204499E-03    0.7589284E-04    0.1212080E-03   -0.5970193E-05    0.3744124E-03    0.3210977E-04    0.8679176E-05   -0.8068750E-06    0.3740750E-05    0.4692011E-06   -0.6714251E-05   -0.6146193E-06   -0.1793520E-05   -0.1416233E-05   -0.9277394E-06   -0.7668036E-06   -0.8236535E-05   -0.4365728E-07   -0.7384963E-07
    0.7285662E-07   -0.2515068E-06   -0.1362172E-06    0.5022292E-05   -0.3667120E-06    0.1022499E-04    0.8897125E-06    0.3510782E-06   -0.8830330E-03    0.1203478E-04    0.1972361E-03   -0.3714374E-02   -0.1455692E-02    0.4758694E-04    0.7318104E-03   -0.2187347E-03    0.8018654E-04    0.9877598E-05   -0.9171346E-04    0.2207947E-03    0.8679176E-05    0.2510306E-04   -0.1463642E-05    0.1293785E-04   -0.1027523E-05   -0.1935491E-05    0.1171923E-05   -0.5663309E-06    0.4702032E-05   -0.2511055E-05   -0.1419841E-05   -0.8116103E-05   -0.4150096E-07   -0.1144219E-06
   -0.2501831E-07   -0.1219995E-06   -0.1309876E-06    0.2898870E-05   -0.2414959E-07    0.5600709E-05   -0.8540848E-06    0.2197757E-06   -0.7748171E-03   -0.6525741E-04   -0.3215684E-03    0.4872107E-02   -0.3915283E-03   -0.4145869E-02   -0.1444250E-02    0.8230662E-03    0.1796191E-03    0.1207013E-02    0.1064304E-02    0.1329249E-02   -0.8068750E-06   -0.1463642E-05    0.1042605E-02   -0.2526946E-05   -0.2436025E-05    0.5532573E-04   -0.1079527E-04    0.2300011E-05   -0.7370784E-04    0.1380107E-04   -0.9314678E-05   -0.5032184E-04    0.1595687E-07   -0.6297815E-06
    0.8224727E-07   -0.4115895E-06   -0.1130489E-06    0.4079326E-05   -0.3796501E-06    0.8959732E-05    0.1181249E-05    0.8864848E-06   -0.1100218E-03    0.6899150E-05    0.1817822E-03   -0.4206850E-02   -0.1433387E-02   -0.1505587E-03    0.8330473E-05   -0.1706212E-03    0.9670195E-04    0.1141539E-03    0.3855826E-04    0.1324485E-03    0.3740750E-05    0.1293785E-04   -0.2526946E-05    0.4772259E-04   -0.3463855E-05    0.1103500E-05    0.1245999E-05   -0.3200826E-05    0.9135869E-06   -0.6238534E-05   -0.2704164E-06   -0.2889561E-05   -0.2460172E-08    0.4581559E-07
    0.1306490E-06   -0.1221973E-05    0.1832455E-06    0.2121303E-05    0.1741746E-06   -0.1268806E-06    0.4237149E-05    0.3626901E-06   -0.3770135E-02    0.1663710E-04   -0.7440400E-03   -0.2753150E-02   -0.3241117E-03   -0.4539465E-02   -0.3023336E-03    0.2051579E-02    0.6144538E-03    0.2310614E-03    0.1368136E-02    0.3805373E-02    0.4692011E-06   -0.1027523E-05   -0.2436025E-05   -0.3463855E-05    0.2167513E-02    0.8947834E-04   -0.9612990E-05   -0.4360304E-05    0.3870529E-05    0.1065680E-04   -0.3728604E-05   -0.1130698E-03   -0.1799282E-06   -0.5640180E-06
    0.2579547E-06   -0.1399036E-05   -0.9183361E-07   -0.2976214E-04    0.7985104E-06   -0.5963655E-04    0.4188033E-05    0.2095346E-05   -0.6947465E-02    0.1462652E-03    0.1186901E-02   -0.2974487E-01   -0.3486615E-03    0.1314177E-01    0.1427561E-01   -0.7396566E-03    0.1918821E-02   -0.1480597E-03   -0.3820064E-02   -0.6797773E-03   -0.6714251E-05   -0.1935491E-05    0.5532573E-04    0.1103500E-05    0.8947834E-04    0.1642488E-01    0.2237963E-05   -0.1728309E-04   -0.1438932E-03    0.4277713E-04   -0.1970592E-04   -0.3218669E-03    0.1493863E-05   -0.1491864E-05
   -0.5880770E-07    0.1225282E-05   -0.2760294E-06   -0.2442258E-05   -0.5248130E-06   -0.1116484E-05   -0.4163350E-05    0.6093113E-07   -0.3245412E-03   -0.1695638E-04    0.4572904E-03    0.4283618E-02    0.1450378E-02    0.1164768E-02    0.3267303E-03   -0.1115612E-02   -0.6574736E-03    0.5062677E-03    0.1425312E-02    0.2003767E-02   -0.6146193E-06    0.1171923E-05   -0.1079527E-04    0.1245999E-05   -0.9612990E-05    0.2237963E-05    0.1415449E-02    0.2949153E-03    0.7180436E-04   -0.3680182E-03   -0.5003862E-04   -0.1754609E-04    0.3092409E-06    0.1513187E-06
   -0.6767912E-07    0.5016208E-06   -0.3086755E-06   -0.3612035E-06   -0.7443769E-07    0.1684106E-05   -0.2893185E-07    0.7286573E-06    0.1737936E-03    0.4749665E-04   -0.6167586E-04    0.8867595E-03    0.9052653E-03   -0.3654756E-03   -0.4154139E-04   -0.3096586E-03    0.7654594E-03   -0.1613163E-03   -0.1818076E-04   -0.1425558E-02   -0.1793520E-05   -0.5663309E-06    0.2300011E-05   -0.3200826E-05   -0.4360304E-05   -0.1728309E-04    0.2949153E-03    0.8532216E-03    0.3758534E-04    0.7471015E-03    0.3580252E-04   -0.7118284E-03   -0.1371923E-06   -0.2439511E-06
    0.7857443E-07    0.2343571E-05   -0.1318080E-06    0.1218007E-04   -0.2553677E-06    0.3118944E-04   -0.7986388E-05   -0.8194445E-06    0.1826230E-02   -0.1348922E-05   -0.1130313E-02    0.1304943E-01    0.1401356E-02   -0.2426883E-02   -0.2612486E-02   -0.1038549E-02    0.1058282E-02    0.1685437E-03   -0.2311640E-02   -0.2469980E-02   -0.1416233E-05    0.4702032E-05   -0.7370784E-04    0.9135869E-06    0.3870529E-05   -0.1438932E-03    0.7180436E-04    0.3758534E-04    0.7227777E-02   -0.3397980E-03    0.6530912E-03    0.4631850E-02   -0.2473029E-06   -0.2092292E-06
   -0.2425908E-06    0.1671681E-05   -0.4375378E-06   -0.1711708E-04   -0.2377672E-06   -0.2525635E-04   -0.3176935E-05    0.2888235E-05   -0.3753302E-02    0.1344657E-03   -0.1381798E-03    0.7007892E-02    0.5402021E-03    0.3923312E-03    0.3369191E-02    0.1488334E-02    0.1159442E-02    0.3661314E-04    0.1314897E-02    0.3783694E-02   -0.9277394E-06   -0.2511055E-05    0.1380107E-04   -0.6238534E-05    0.1065680E-04    0.4277713E-04   -0.3680182E-03    0.7471015E-03   -0.3397980E-03    0.2880821E-02    0.4129710E-03   -0.1053867E-02    0.1510372E-06   -0.2482859E-06
   -0.5584097E-06    0.4654609E-05   -0.8320886E-06   -0.3554297E-04   -0.8866705E-06   -0.5931002E-04   -0.1108586E-04    0.4782616E-06   -0.9408630E-03    0.3542474E-04    0.9100284E-04   -0.7119238E-02    0.5725573E-02    0.7452065E-02    0.7972447E-02   -0.6103568E-03   -0.3574469E-04    0.1792975E-02   -0.4928779E-02   -0.8925851E-02   -0.7668036E-06   -0.1419841E-05   -0.9314678E-05   -0.2704164E-06   -0.3728604E-05   -0.1970592E-04   -0.5003862E-04    0.3580252E-04    0.6530912E-03    0.4129710E-03    0.6460944E-02    0.7557467E-02   -0.2111584E-06   -0.2701273E-05
   -0.2325843E-05    0.1720574E-04   -0.2519617E-05   -0.6146356E-04   -0.3894132E-06   -0.6840043E-04   -0.3744213E-04    0.8291147E-05   -0.1264191E-01   -0.5634447E-03   -0.4078741E-02   -0.8506503E-02    0.1131105E-01    0.6806126E-03    0.4017289E-01   -0.1083530E-02   -0.1503036E-02    0.3050938E-02   -0.9749084E-02   -0.3775618E-02   -0.8236535E-05   -0.8116103E-05   -0.5032184E-04   -0.2889561E-05   -0.1130698E-03   -0.3218669E-03   -0.1754609E-04   -0.7118284E-03    0.4631850E-02   -0.1053867E-02    0.7557467E-02    0.6441461E-01   -0.2351331E-05   -0.5986971E-05
    0.4805235E-08    0.1503305E-07   -0.5203182E-08    0.1797769E-06   -0.1463918E-07    0.6330343E-06   -0.2067910E-06   -0.4320687E-08   -0.2887483E-03    0.3812052E-05    0.1797878E-03    0.5809050E-02    0.7258181E-04    0.6339727E-03    0.6659129E-03   -0.1228912E-03    0.2837196E-03   -0.2877403E-03    0.1317589E-04    0.1141566E-03   -0.4365728E-07   -0.4150096E-07    0.1595687E-07   -0.2460172E-08   -0.1799282E-06    0.1493863E-05    0.3092409E-06   -0.1371923E-06   -0.2473029E-06    0.1510372E-06   -0.2111584E-06   -0.2351331E-05    0.5844298E-06   -0.1224860E-07
   -0.1039618E-07    0.4329927E-07   -0.4264223E-08   -0.1702430E-05    0.7167420E-08   -0.3355860E-05   -0.4972627E-06    0.1376172E-07    0.4427406E-02   -0.2049380E-04   -0.3779120E-03    0.3608414E-02    0.2095108E-03   -0.2733933E-02   -0.7920147E-02    0.1909022E-03    0.2315237E-04   -0.1935168E-03    0.2605600E-02    0.4652494E-02   -0.7384963E-07   -0.1144219E-06   -0.6297815E-06    0.4581559E-07   -0.5640180E-06   -0.1491864E-05    0.1513187E-06   -0.2439511E-06   -0.2092292E-06   -0.2482859E-06   -0.2701273E-05   -0.5986971E-05   -0.1224860E-07    0.2109095E-05
