# omegabh2 omegach2 theta tau logA ns calPlanck acib217 xi asz143 aps100 aps143 aps143217 aps217 aksz kgal100 kgal143 kgal143217 kgal217 cal0 cal2
  3.6435915E-08  -4.2804448E-08   1.9462348E-08   1.9635748E-07   3.9127798E-07   2.4679990E-07   2.1951777E-09  -1.4561405E-04   2.5030546E-06   4.5975850E-05  -8.0676291E-04  -4.2244165E-04  -1.0778165E-04  -1.5164220E-06  -6.5105777E-05   1.7775718E-06  -2.8296645E-06   2.2382320E-06   4.6365177E-05   4.3244117E-09  -1.6187441E-09
 -4.2804448E-08   1.1721032E-06  -3.1568308E-08  -2.5925726E-06  -2.9959922E-06  -2.4500053E-06  -2.9683049E-07  -1.5924268E-05  -5.7620659E-07  -8.5526994E-05   5.6179208E-04   2.2056317E-04  -1.0016181E-05   5.3077600E-05   1.0653852E-04   4.2091508E-05   3.1145786E-05  -2.1254142E-05  -3.6265726E-05  -1.3742316E-08  -9.4160265E-10
  1.9462348E-08  -3.1568308E-08   1.7705766E-07   3.4262243E-07   8.7942965E-07   3.3850277E-07   3.1023360E-08  -5.6023735E-05   3.5680163E-06   2.1982626E-05  -8.0425059E-05   6.5435755E-06   9.9201435E-05   7.8328633E-05  -2.6350054E-05   1.9365557E-06   2.0240442E-06   3.4971110E-05   5.9487096E-05   1.2846792E-08  -8.9882734E-09
  1.9635748E-07  -2.5925726E-06   3.4262243E-07   4.5443960E-05   8.3905781E-05   7.5361932E-06  -1.9896432E-07  -1.1426094E-03   2.9046717E-06   8.7886688E-04  -8.7046040E-03  -2.2257769E-03  -1.3703799E-04   2.7923612E-04  -1.1262713E-03   1.6024967E-04   4.1966828E-05   9.3934849E-04   1.6115447E-03  -2.4118970E-08  -4.5546817E-08
  3.9127798E-07  -2.9959922E-06   8.7942965E-07   8.3905781E-05   1.8518951E-04   9.2974620E-06   1.0882065E-05  -2.8270531E-03   4.0508581E-05   1.3985250E-03  -1.1263996E-02  -4.0555137E-03   1.0593620E-03   6.0449157E-03  -2.5492431E-03   3.5876939E-05  -3.3775731E-04   9.1887518E-04   4.2006042E-03   1.5261634E-07  -1.1788983E-07
  2.4679990E-07  -2.4500053E-06   3.3850277E-07   7.5361932E-06   9.2974620E-06   1.6521707E-05   8.8170096E-07  -4.4487912E-03   1.1286732E-04   1.2963444E-03  -2.7200174E-02  -7.1585652E-03   2.6638012E-03   5.2318241E-03  -2.7546281E-03   4.2476568E-04  -2.9408605E-04  -1.7180212E-04   1.4759048E-03  -8.8811365E-09  -5.8504426E-08
  2.1951777E-09  -2.9683049E-07   3.1023360E-08  -1.9896432E-07   1.0882065E-05   8.8170096E-07   6.0287718E-06   5.9785550E-04  -2.2130135E-06  -7.9498652E-05   4.2762758E-03  -3.6151911E-05  -1.6395698E-04   1.0000603E-03   1.3028340E-04   2.5990401E-05   6.5742112E-05  -1.8253388E-04   6.5197407E-04   1.9032813E-08   1.2474821E-08
 -1.4561405E-04  -1.5924268E-05  -5.6023735E-05  -1.1426094E-03  -2.8270531E-03  -4.4487912E-03   5.9785550E-04   4.5624611E+01  -3.5635499E-01  -1.3077466E+00   3.6576598E+01   2.8237409E+00  -1.3877581E+01  -5.7079993E+01   2.7799222E-01   1.4933435E-01   5.0223971E-01  -6.2403618E+00  -3.4303419E+01  -2.6364668E-04   7.6321433E-04
  2.5030546E-06  -5.7620659E-07   3.5680163E-06   2.9046717E-06   4.0508581E-05   1.1286732E-04  -2.2130135E-06  -3.5635499E-01   8.1597345E-02  -5.1910351E-02  -4.5504983E-01   8.2660233E-01   1.5896092E+00   5.4746530E-01   5.3276927E-02  -1.0071216E-02   9.1399129E-03   8.5420441E-02   9.9562526E-02   2.7219749E-06  -2.5310370E-06
  4.5975850E-05  -8.5526994E-05   2.1982626E-05   8.7886688E-04   1.3985250E-03   1.2963444E-03  -7.9498652E-05  -1.3077466E+00  -5.1910351E-02   4.0144877E+00  -3.1810703E+01  -3.3687504E+00   8.2871815E+00   6.3174019E+00  -3.0142963E+00  -1.8632024E-01   1.6743515E-01   2.7018194E+00   3.5281966E+00   1.1745161E-04  -5.2518725E-05
 -8.0676291E-04   5.6179208E-04  -8.0425059E-05  -8.7046040E-03  -1.1263996E-02  -2.7200174E-02   4.2762758E-03   3.6576598E+01  -4.5504983E-01  -3.1810703E+01   8.1093349E+02   7.6703139E+01  -5.3938579E+01  -6.1198693E+01   1.5675173E+01  -6.8498314E+00   6.6887477E+00  -1.1165744E+01  -2.1744895E+01   3.5648737E-03   6.0368949E-04
 -4.2244165E-04   2.2056317E-04   6.5435755E-06  -2.2257769E-03  -4.0555137E-03  -7.1585652E-03  -3.6151911E-05   2.8237409E+00   8.2660233E-01  -3.3687504E+00   7.6703139E+01   6.2945636E+01   3.9125797E+01   1.4804250E+01  -4.8651855E+00  -5.6426483E-01  -9.3176341E-01   3.4746666E+00   3.7510846E+00   2.1327684E-05   7.7172488E-05
 -1.0778165E-04  -1.0016181E-05   9.9201435E-05  -1.3703799E-04   1.0593620E-03   2.6638012E-03  -1.6395698E-04  -1.3877581E+01   1.5896092E+00   8.2871815E+00  -5.3938579E+01   3.9125797E+01   8.6265189E+01   5.6083964E+01  -1.2885075E+01  -8.2900840E-01  -3.2663728E-01   4.9687969E+00   8.4518635E+00   4.5190892E-04  -5.0839203E-04
 -1.5164220E-06   5.3077600E-05   7.8328633E-05   2.7923612E-04   6.0449157E-03   5.2318241E-03   1.0000603E-03  -5.7079993E+01   5.4746530E-01   6.3174019E+00  -6.1198693E+01   1.4804250E+01   5.6083964E+01   1.0900782E+02  -1.0512841E+01  -6.6832761E-01  -8.7492049E-01   6.5208154E+00   3.5664022E+01   5.7443785E-04  -1.4471126E-03
 -6.5105777E-05   1.0653852E-04  -2.6350054E-05  -1.1262713E-03  -2.5492431E-03  -2.7546281E-03   1.3028340E-04   2.7799222E-01   5.3276927E-02  -3.0142963E+00   1.5675173E+01  -4.8651855E+00  -1.2885075E+01  -1.0512841E+01   6.3827618E+00   9.2807212E-02  -3.1843367E-01  -2.3100556E+00  -2.6051244E+00  -1.1181895E-04   2.7695779E-05
  1.7775718E-06   4.2091508E-05   1.9365557E-06   1.6024967E-04   3.5876939E-05   4.2476568E-04   2.5990401E-05   1.4933435E-01  -1.0071216E-02  -1.8632024E-01  -6.8498314E+00  -5.6426483E-01  -8.2900840E-01  -6.6832761E-01   9.2807212E-02   3.4076353E+00   4.8396795E-01   7.3323098E-02   2.0208276E-01   1.7997561E-04   3.7072773E-05
 -2.8296645E-06   3.1145786E-05   2.0240442E-06   4.1966828E-05  -3.3775731E-04  -2.9408605E-04   6.5742112E-05   5.0223971E-01   9.1399129E-03   1.6743515E-01   6.6887477E+00  -9.3176341E-01  -3.2663728E-01  -8.7492049E-01  -3.1843367E-01   4.8396795E-01   3.2533452E+00   2.8525070E+00   2.9061488E+00  -1.8854569E-04  -5.7165978E-05
  2.2382320E-06  -2.1254142E-05   3.4971110E-05   9.3934849E-04   9.1887518E-04  -1.7180212E-04  -1.8253388E-04  -6.2403618E+00   8.5420441E-02   2.7018194E+00  -1.1165744E+01   3.4746666E+00   4.9687969E+00   6.5208154E+00  -2.3100556E+00   7.3323098E-02   2.8525070E+00   1.1041059E+01   1.9640113E+01  -2.4082590E-05   3.6903375E-04
  4.6365177E-05  -3.6265726E-05   5.9487096E-05   1.6115447E-03   4.2006042E-03   1.4759048E-03   6.5197407E-04  -3.4303419E+01   9.9562526E-02   3.5281966E+00  -2.1744895E+01   3.7510846E+00   8.4518635E+00   3.5664022E+01  -2.6051244E+00   2.0208276E-01   2.9061488E+00   1.9640113E+01   5.4173500E+01   1.1733839E-04   8.4939016E-04
  4.3244117E-09  -1.3742316E-08   1.2846792E-08  -2.4118970E-08   1.5261634E-07  -8.8811365E-09   1.9032813E-08  -2.6364668E-04   2.7219749E-06   1.1745161E-04   3.5648737E-03   2.1327684E-05   4.5190892E-04   5.7443785E-04  -1.1181895E-04   1.7997561E-04  -1.8854569E-04  -2.4082590E-05   1.1733839E-04   3.8621556E-07   7.2115203E-09
 -1.6187441E-09  -9.4160265E-10  -8.9882734E-09  -4.5546817E-08  -1.1788983E-07  -5.8504426E-08   1.2474821E-08   7.6321433E-04  -2.5310370E-06  -5.2518725E-05   6.0368949E-04   7.7172488E-05  -5.0839203E-04  -1.4471126E-03   2.7695779E-05   3.7072773E-05  -5.7165978E-05   3.6903375E-04   8.4939016E-04   7.2115203E-09   3.8845989E-07
