# omegabh2 omegach2 theta mnu logA ns
  2.5664268E-07   2.3353278E-07  -2.0591483E-07  -2.0188322E-06  -1.4938190E-07   5.8224604E-08
  2.3353278E-07   1.3389116E-03   1.5786594E-03   4.6303142E-02  -5.8260806E-03  -1.0989031E-04
 -2.0591483E-07   1.5786594E-03   4.2791337E-03   4.9472693E-02  -1.8196653E-03  -4.2472089E-05
 -2.0188322E-06   4.6303142E-02   4.9472693E-02   1.8310436E+00  -2.0366396E-01  -4.9345177E-04
 -1.4938190E-07  -5.8260806E-03  -1.8196653E-03  -2.0366396E-01   3.7693370E-02   1.0084978E-03
  5.8224604E-08  -1.0989031E-04  -4.2472089E-05  -4.9345177E-04   1.0084978E-03   4.1664935E-04
