# omegabh2 omegach2 theta tau nnu yhe logA ns calPlanck acib217 xi asz143 aps100 aps143 aps143217 aps217 aksz kgal100 kgal143 kgal143217 kgal217 galfEE100 galfEE100143 galfEE100217 galfEE143 galfEE143217 galfEE217 galfTE100 galfTE100143 galfTE100217 galfTE143 galfTE143217 galfTE217 cal0 cal2
    0.5859845E-07    0.2529062E-06   -0.9439990E-08    0.2091825E-05    0.2987454E-04    0.9170516E-06    0.5145180E-05    0.1896635E-05    0.3670301E-08    0.7192760E-04   -0.1480652E-05    0.1602795E-06    0.2307423E-03    0.5341226E-04   -0.2991343E-05   -0.5480576E-04    0.2104109E-04    0.1498604E-04    0.1467560E-04    0.8450475E-05   -0.2839878E-04    0.1252082E-06    0.1517507E-06   -0.7906359E-07    0.1459158E-06   -0.2315098E-06   -0.4784055E-06   -0.5851228E-07   -0.1247417E-06   -0.2481638E-06   -0.4807898E-06   -0.1143805E-05   -0.3483240E-05   -0.1529558E-08    0.2953634E-08
    0.2529062E-06    0.2165014E-04   -0.5301532E-05   -0.5776168E-05    0.1355297E-02   -0.5839726E-04    0.2970185E-04    0.1528782E-04    0.8699983E-07    0.3934450E-03   -0.1867345E-04   -0.1218804E-03    0.3203937E-02   -0.7754175E-03   -0.1743145E-02   -0.1753703E-02    0.3826858E-03   -0.4620875E-04    0.2323514E-04   -0.2961706E-04    0.1229977E-04    0.1584997E-05    0.1969701E-05   -0.2226756E-06    0.1978842E-05    0.3466910E-07    0.2182563E-06    0.1693313E-05    0.1693370E-06   -0.7728733E-05    0.3176026E-05   -0.7340580E-06    0.6567023E-05    0.6260709E-07    0.3183449E-07
   -0.9439990E-08   -0.5301532E-05    0.1627930E-05    0.2567834E-05   -0.3443427E-03    0.2060741E-04   -0.3367909E-05   -0.1764894E-05    0.2252149E-08    0.4856247E-03   -0.7377589E-05   -0.7368170E-04    0.1386946E-02    0.1303363E-02    0.6661494E-03    0.2220203E-03    0.1055613E-03    0.6073876E-04    0.4535050E-04    0.9361007E-04   -0.1988095E-04   -0.4487375E-06   -0.5412270E-06   -0.1326593E-06   -0.5852341E-06   -0.7946223E-06   -0.2113165E-05   -0.3760252E-06   -0.4785245E-08    0.1373275E-05   -0.7896354E-06    0.3388090E-06   -0.1296997E-05   -0.3604005E-07    0.5289640E-07
    0.2091825E-05   -0.5776168E-05    0.2567834E-05    0.3343261E-03    0.4403286E-03    0.6203880E-04    0.6633740E-03    0.8397302E-04   -0.3312613E-05   -0.6665591E-02    0.1433251E-03    0.1321734E-02   -0.3073175E-01   -0.7444102E-02    0.4170703E-02    0.8161446E-02   -0.2766957E-02    0.1299753E-03   -0.2140942E-03   -0.2382987E-02   -0.3195128E-02    0.4940556E-05    0.5856262E-05   -0.4896962E-05    0.5643714E-05   -0.1397456E-04   -0.2340009E-04   -0.2686360E-05   -0.6717583E-05    0.2117507E-05   -0.3124791E-04   -0.4875960E-04   -0.1466577E-03   -0.1894208E-06   -0.1013013E-05
    0.2987454E-04    0.1355297E-02   -0.3443427E-03    0.4403286E-03    0.9386711E-01   -0.3767756E-02    0.3446021E-02    0.1545454E-02    0.8136372E-05    0.1857714E-01   -0.1127287E-02   -0.2634283E-02    0.1397543E+00   -0.1042346E+00   -0.1413515E+00   -0.1312077E+00    0.2275390E-01    0.1059069E-03    0.4451284E-02   -0.3285028E-02   -0.7724260E-02    0.1592782E-03    0.1916602E-03   -0.4740484E-04    0.1931343E-03   -0.1104916E-04   -0.9044197E-04    0.8071295E-04   -0.2455276E-04   -0.5222468E-03    0.2207109E-04   -0.4707971E-03   -0.9150247E-03    0.4241296E-05   -0.4601664E-06
    0.9170516E-06   -0.5839726E-04    0.2060741E-04    0.6203880E-04   -0.3767756E-02    0.3283167E-03    0.5412280E-04    0.2527919E-04    0.7540402E-08    0.1419728E-01   -0.2681695E-03   -0.2376266E-02    0.4892615E-01    0.3124289E-01    0.1087994E-01   -0.4961174E-03    0.4397958E-02    0.1378929E-02    0.1228604E-02    0.2127978E-02   -0.1067631E-02   -0.4039749E-05   -0.4844987E-05   -0.5030852E-05   -0.5197359E-05   -0.2218337E-04   -0.5206689E-04   -0.3582048E-05   -0.1045619E-05    0.1358844E-04   -0.1320433E-04    0.2502962E-05   -0.1595198E-04   -0.7321753E-06    0.1355736E-05
    0.5145180E-05    0.2970185E-04   -0.3367909E-05    0.6633740E-03    0.3446021E-02    0.5412280E-04    0.1433501E-02    0.2124907E-03    0.6069749E-05   -0.8702626E-02    0.2505416E-03    0.1818196E-02   -0.3660743E-01   -0.7354622E-02    0.1003716E-01    0.1725400E-01   -0.4298391E-02    0.2985646E-03   -0.5732189E-03   -0.4664641E-02   -0.5168984E-02    0.1383005E-04    0.1621716E-04   -0.9965360E-05    0.1689481E-04   -0.3480416E-04   -0.5519926E-04   -0.4180078E-05   -0.1528202E-04   -0.1593608E-04   -0.5765164E-04   -0.1011319E-03   -0.2672566E-03   -0.1530351E-06   -0.1669787E-05
    0.1896635E-05    0.1528782E-04   -0.1764894E-05    0.8397302E-04    0.1545454E-02    0.2527919E-04    0.2124907E-03    0.9113711E-04    0.3193230E-06    0.2066813E-02   -0.4104325E-04   -0.6070117E-04    0.1617136E-02    0.3957596E-02    0.2611946E-02    0.1178147E-02    0.4284489E-03    0.9930110E-03    0.6315145E-03    0.1154487E-03   -0.8789330E-03    0.6959070E-05    0.8221498E-05   -0.5377241E-05    0.8003071E-05   -0.1064261E-04   -0.2379231E-04    0.3890753E-06   -0.1548443E-05   -0.9978980E-05   -0.1230297E-04   -0.3082195E-04   -0.8735764E-04   -0.3440024E-06    0.6816467E-07
    0.3670301E-08    0.8699983E-07    0.2252149E-08   -0.3312613E-05    0.8136372E-05    0.7540402E-08    0.6069749E-05    0.3193230E-06    0.6202512E-05    0.9679373E-03    0.7513471E-05   -0.1153508E-04    0.4019617E-02    0.8918705E-03    0.5727018E-03    0.1113162E-02    0.1015043E-04    0.2094941E-04   -0.1747285E-04    0.2862768E-04    0.7079702E-03    0.6327575E-06    0.5469589E-06    0.6854014E-06    0.1212075E-05   -0.1175910E-06    0.2364950E-05   -0.1101924E-05   -0.6873667E-06   -0.1190015E-05    0.3957921E-06   -0.5859410E-07    0.1132420E-04    0.7212624E-08    0.1446945E-07
    0.7192760E-04    0.3934450E-03    0.4856247E-03   -0.6665591E-02    0.1857714E-01    0.1419728E-01   -0.8702626E-02    0.2066813E-02    0.9679373E-03    0.4434554E+02   -0.5225046E+00   -0.1924807E+01    0.4600456E+02    0.2244559E+01   -0.2149011E+02   -0.6135104E+02    0.9066932E+00    0.1503793E+00    0.1699393E+00   -0.1790081E+01   -0.1842150E+02   -0.3241619E-03   -0.3980854E-03   -0.2235270E-03    0.1465484E-03   -0.2402665E-02   -0.1604620E-01   -0.2623702E-02   -0.3253199E-02    0.3418765E-02   -0.1985923E-02   -0.9864525E-03    0.1120163E-02   -0.3511146E-03    0.4419005E-02
   -0.1480652E-05   -0.1867345E-04   -0.7377589E-05    0.1433251E-03   -0.1127287E-02   -0.2681695E-03    0.2505416E-03   -0.4104325E-04    0.7513471E-05   -0.5225046E+00    0.8095191E-01   -0.6332684E-01   -0.6416226E+00    0.9594558E+00    0.1892136E+01    0.7922032E+00    0.5780159E-01   -0.1084136E-01    0.2786486E-02    0.9461707E-01    0.1058555E+00    0.2795036E-07    0.1866529E-04    0.1578581E-04   -0.2895236E-05    0.5664830E-05    0.1368319E-03    0.6469401E-05    0.3090907E-04   -0.3477610E-04    0.1398245E-03    0.1472268E-03   -0.5575924E-03    0.7804456E-05   -0.1899159E-04
    0.1602795E-06   -0.1218804E-03   -0.7368170E-04    0.1321734E-02   -0.2634283E-02   -0.2376266E-02    0.1818196E-02   -0.6070117E-04   -0.1153508E-04   -0.1924807E+01   -0.6332684E-01    0.3597291E+01   -0.2876257E+02   -0.4230575E+01    0.7235924E+01    0.6530122E+01   -0.2489133E+01   -0.1913832E+00    0.2726615E-01    0.2197409E+01    0.2022260E+01    0.2003481E-03    0.1693047E-03   -0.3390271E-03    0.2769967E-03    0.3886356E-04    0.2406795E-02    0.5338640E-03    0.3199929E-03    0.1296518E-02   -0.4062923E-03    0.1072205E-02   -0.4387305E-03    0.1857712E-03   -0.3731668E-03
    0.2307423E-03    0.3203937E-02    0.1386946E-02   -0.3073175E-01    0.1397543E+00    0.4892615E-01   -0.3660743E-01    0.1617136E-02    0.4019617E-02    0.4600456E+02   -0.6416226E+00   -0.2876257E+02    0.7757356E+03    0.7379669E+02   -0.5818159E+02   -0.7028697E+02    0.1350383E+02   -0.3200457E+01    0.3546447E+01   -0.1006415E+02   -0.1459811E+02   -0.3140938E-02   -0.2106609E-02    0.8405097E-03   -0.2122579E-02   -0.4290686E-02   -0.8985015E-02    0.3586277E-02   -0.8298207E-02    0.5123269E-02    0.1927279E-02   -0.3443878E-02    0.6356805E-01    0.5867047E-02    0.4582031E-02
    0.5341226E-04   -0.7754175E-03    0.1303363E-02   -0.7444102E-02   -0.1042346E+00    0.3124289E-01   -0.7354622E-02    0.3957596E-02    0.8918705E-03    0.2244559E+01    0.9594558E+00   -0.4230575E+01    0.7379669E+02    0.6334145E+02    0.4450010E+02    0.1676184E+02   -0.3236059E+01   -0.1534011E-01   -0.8792479E+00    0.3805219E+01    0.3623891E+01   -0.8745600E-03   -0.8416517E-03   -0.1256886E-02   -0.6818402E-03   -0.1818786E-02   -0.1652712E-01    0.1831869E-02    0.2981886E-02   -0.1801659E-02    0.6416347E-02    0.7696591E-02    0.2117220E-01   -0.5437200E-05    0.4155121E-03
   -0.2991343E-05   -0.1743145E-02    0.6661494E-03    0.4170703E-02   -0.1413515E+00    0.1087994E-01    0.1003716E-01    0.2611946E-02    0.5727018E-03   -0.2149011E+02    0.1892136E+01    0.7235924E+01   -0.5818159E+02    0.4450010E+02    0.9868193E+02    0.6660871E+02   -0.1084438E+02   -0.6508535E+00   -0.2935873E+00    0.4312937E+01    0.5070257E+01   -0.5290711E-04    0.3574349E-03   -0.1450208E-02    0.6314453E-04   -0.2585006E-02    0.3951593E-02    0.4688567E-02    0.3828947E-02    0.1779023E-02    0.5859633E-02    0.1075992E-01    0.4104454E-02    0.7200877E-03   -0.2512430E-02
   -0.5480576E-04   -0.1753703E-02    0.2220203E-03    0.8161446E-02   -0.1312077E+00   -0.4961174E-03    0.1725400E-01    0.1178147E-02    0.1113162E-02   -0.6135104E+02    0.7922032E+00    0.6530122E+01   -0.7028697E+02    0.1676184E+02    0.6660871E+02    0.1207634E+03   -0.9855743E+01   -0.3916724E+00   -0.3139432E+00   -0.8029208E+00    0.1495705E+02    0.3070427E-03    0.4261482E-03   -0.2825295E-03    0.4252150E-04   -0.2872890E-03    0.2029532E-01    0.5732379E-02    0.5036856E-02   -0.3255329E-02    0.4598848E-02    0.7455110E-02    0.1894200E-01    0.7602180E-03   -0.7629437E-02
    0.2104109E-04    0.3826858E-03    0.1055613E-03   -0.2766957E-02    0.2275390E-01    0.4397958E-02   -0.4298391E-02    0.4284489E-03    0.1015043E-04    0.9066932E+00    0.5780159E-01   -0.2489133E+01    0.1350383E+02   -0.3236059E+01   -0.1084438E+02   -0.9855743E+01    0.5681330E+01    0.1162052E+00   -0.7600050E-01   -0.1617888E+01   -0.1425960E+01   -0.2488123E-03   -0.2676600E-03    0.6406440E-05   -0.3525420E-03    0.3564310E-03   -0.3284896E-02   -0.1063125E-02   -0.7593837E-03   -0.1757487E-02   -0.2280756E-03   -0.1911810E-03   -0.3367681E-02   -0.1250269E-03    0.2200295E-03
    0.1498604E-04   -0.4620875E-04    0.6073876E-04    0.1299753E-03    0.1059069E-03    0.1378929E-02    0.2985646E-03    0.9930110E-03    0.2094941E-04    0.1503793E+00   -0.1084136E-01   -0.1913832E+00   -0.3200457E+01   -0.1534011E-01   -0.6508535E+00   -0.3916724E+00    0.1162052E+00    0.3534644E+01    0.4544552E+00    0.9507434E-01    0.1275829E+00    0.1052567E-03    0.6751046E-04    0.1522097E-03    0.2175769E-03   -0.6511785E-03    0.2202219E-02   -0.4289867E-03    0.7024221E-05   -0.9219400E-03   -0.3112410E-03   -0.8652998E-03   -0.2001455E-02    0.2969777E-03    0.1122690E-05
    0.1467560E-04    0.2323514E-04    0.4535050E-04   -0.2140942E-03    0.4451284E-02    0.1228604E-02   -0.5732189E-03    0.6315145E-03   -0.1747285E-04    0.1699393E+00    0.2786486E-02    0.2726615E-01    0.3546447E+01   -0.8792479E+00   -0.2935873E+00   -0.3139432E+00   -0.7600050E-01    0.4544552E+00    0.3340679E+01    0.2507204E+01    0.1686869E+01   -0.3338858E-04    0.2367579E-05   -0.6253473E-03    0.2553162E-04   -0.3507411E-03    0.5985884E-03    0.2262514E-03   -0.5013178E-03   -0.1183996E-03   -0.1547213E-03    0.3417568E-03    0.1323300E-03   -0.2840273E-03   -0.1981548E-03
    0.8450475E-05   -0.2961706E-04    0.9361007E-04   -0.2382987E-02   -0.3285028E-02    0.2127978E-02   -0.4664641E-02    0.1154487E-03    0.2862768E-04   -0.1790081E+01    0.9461707E-01    0.2197409E+01   -0.1006415E+02    0.3805219E+01    0.4312937E+01   -0.8029208E+00   -0.1617888E+01    0.9507434E-01    0.2507204E+01    0.1714036E+02    0.2575703E+02    0.1426125E-04   -0.4365090E-04   -0.7984278E-03   -0.6648906E-04    0.8162411E-03    0.2289484E-02    0.1167388E-02    0.1368192E-02    0.1793257E-02    0.1615271E-02    0.2975804E-02    0.5515180E-02   -0.2855286E-04    0.2628444E-02
   -0.2839878E-04    0.1229977E-04   -0.1988095E-04   -0.3195128E-02   -0.7724260E-02   -0.1067631E-02   -0.5168984E-02   -0.8789330E-03    0.7079702E-03   -0.1842150E+02    0.1058555E+00    0.2022260E+01   -0.1459811E+02    0.3623891E+01    0.5070257E+01    0.1495705E+02   -0.1425960E+01    0.1275829E+00    0.1686869E+01    0.2575703E+02    0.5480501E+02    0.2781786E-03    0.1327786E-03   -0.6440219E-03   -0.1290572E-03    0.2591653E-02    0.8092028E-02    0.2262605E-02    0.3680250E-02    0.1706156E-02    0.3364548E-02    0.1992843E-02    0.5690512E-02    0.7933729E-04    0.4661007E-02
    0.1252082E-06    0.1584997E-05   -0.4487375E-06    0.4940556E-05    0.1592782E-03   -0.4039749E-05    0.1383005E-04    0.6959070E-05    0.6327575E-06   -0.3241619E-03    0.2795036E-07    0.2003481E-03   -0.3140938E-02   -0.8745600E-03   -0.5290711E-04    0.3070427E-03   -0.2488123E-03    0.1052567E-03   -0.3338858E-04    0.1426125E-04    0.2781786E-03    0.3248491E-04    0.9100000E-05   -0.4630465E-06    0.3495024E-05   -0.2856703E-05    0.3560448E-06   -0.3071305E-06   -0.2057751E-06   -0.3447456E-05    0.2846638E-06   -0.3468693E-05   -0.1848738E-04   -0.4361735E-07   -0.5088010E-07
    0.1517507E-06    0.1969701E-05   -0.5412270E-06    0.5856262E-05    0.1916602E-03   -0.4844987E-05    0.1621716E-04    0.8221498E-05    0.5469589E-06   -0.3980854E-03    0.1866529E-04    0.1693047E-03   -0.2106609E-02   -0.8416517E-03    0.3574349E-03    0.4261482E-03   -0.2676600E-03    0.6751046E-04    0.2367579E-05   -0.4365090E-04    0.1327786E-03    0.9100000E-05    0.2509755E-04    0.1828942E-05    0.1267996E-04    0.2154968E-05    0.3485813E-05   -0.7560081E-06   -0.1140411E-05    0.2550012E-05   -0.2378241E-05   -0.5142098E-05   -0.1085812E-04   -0.4056580E-07   -0.5470377E-07
   -0.7906359E-07   -0.2226756E-06   -0.1326593E-06   -0.4896962E-05   -0.4740484E-04   -0.5030852E-05   -0.9965360E-05   -0.5377241E-05    0.6854014E-06   -0.2235270E-03    0.1578581E-04   -0.3390271E-03    0.8405097E-03   -0.1256886E-02   -0.1450208E-02   -0.2825295E-03    0.6406440E-05    0.1522097E-03   -0.6253473E-03   -0.7984278E-03   -0.6440219E-03   -0.4630465E-06    0.1828942E-05    0.1069442E-02    0.1666326E-05    0.2582843E-04    0.6960599E-04   -0.2823181E-05    0.6350874E-05    0.9195574E-05    0.7297498E-05    0.7746127E-05   -0.2811477E-04    0.1392944E-06   -0.7320865E-07
    0.1459158E-06    0.1978842E-05   -0.5852341E-06    0.5643714E-05    0.1931343E-03   -0.5197359E-05    0.1689481E-04    0.8003071E-05    0.1212075E-05    0.1465484E-03   -0.2895236E-05    0.2769967E-03   -0.2122579E-02   -0.6818402E-03    0.6314453E-04    0.4252150E-04   -0.3525420E-03    0.2175769E-03    0.2553162E-04   -0.6648906E-04   -0.1290572E-03    0.3495024E-05    0.1267996E-04    0.1666326E-05    0.4783564E-04    0.3938243E-06    0.4207072E-05   -0.2120792E-07   -0.2443153E-05   -0.1534129E-05   -0.3192762E-05   -0.2289154E-05    0.3252158E-05   -0.3521307E-07   -0.7672096E-07
   -0.2315098E-06    0.3466910E-07   -0.7946223E-06   -0.1397456E-04   -0.1104916E-04   -0.2218337E-04   -0.3480416E-04   -0.1064261E-04   -0.1175910E-06   -0.2402665E-02    0.5664830E-05    0.3886356E-04   -0.4290686E-02   -0.1818786E-02   -0.2585006E-02   -0.2872890E-03    0.3564310E-03   -0.6511785E-03   -0.3507411E-03    0.8162411E-03    0.2591653E-02   -0.2856703E-05    0.2154968E-05    0.2582843E-04    0.3938243E-06    0.2167458E-02    0.9508135E-04    0.3882114E-05   -0.5719690E-05   -0.5532612E-05    0.8750556E-05   -0.7171978E-06   -0.5301021E-04    0.4132075E-07   -0.1648671E-07
   -0.4784055E-06    0.2182563E-06   -0.2113165E-05   -0.2340009E-04   -0.9044197E-04   -0.5206689E-04   -0.5519926E-04   -0.2379231E-04    0.2364950E-05   -0.1604620E-01    0.1368319E-03    0.2406795E-02   -0.8985015E-02   -0.1652712E-01    0.3951593E-02    0.2029532E-01   -0.3284896E-02    0.2202219E-02    0.5985884E-03    0.2289484E-02    0.8092028E-02    0.3560448E-06    0.3485813E-05    0.6960599E-04    0.4207072E-05    0.9508135E-04    0.1703413E-01   -0.8056028E-05    0.1466573E-04   -0.4700859E-04    0.2917415E-04    0.1338965E-04    0.2223622E-04    0.1616282E-05   -0.1420380E-05
   -0.5851228E-07    0.1693313E-05   -0.3760252E-06   -0.2686360E-05    0.8071295E-04   -0.3582048E-05   -0.4180078E-05    0.3890753E-06   -0.1101924E-05   -0.2623702E-02    0.6469401E-05    0.5338640E-03    0.3586277E-02    0.1831869E-02    0.4688567E-02    0.5732379E-02   -0.1063125E-02   -0.4289867E-03    0.2262514E-03    0.1167388E-02    0.2262605E-02   -0.3071305E-06   -0.7560081E-06   -0.2823181E-05   -0.2120792E-07    0.3882114E-05   -0.8056028E-05    0.1453126E-02    0.3064036E-03    0.1159071E-03   -0.3863161E-03   -0.6746140E-04   -0.6430504E-04    0.1655134E-07   -0.1339135E-06
   -0.1247417E-06    0.1693370E-06   -0.4785245E-08   -0.6717583E-05   -0.2455276E-04   -0.1045619E-05   -0.1528202E-04   -0.1548443E-05   -0.6873667E-06   -0.3253199E-02    0.3090907E-04    0.3199929E-03   -0.8298207E-02    0.2981886E-02    0.3828947E-02    0.5036856E-02   -0.7593837E-03    0.7024221E-05   -0.5013178E-03    0.1368192E-02    0.3680250E-02   -0.2057751E-06   -0.1140411E-05    0.6350874E-05   -0.2443153E-05   -0.5719690E-05    0.1466573E-04    0.3064036E-03    0.8623550E-03    0.2944210E-04    0.7520023E-03    0.3506180E-04   -0.6550605E-03   -0.4728816E-07   -0.1393454E-06
   -0.2481638E-06   -0.7728733E-05    0.1373275E-05    0.2117507E-05   -0.5222468E-03    0.1358844E-04   -0.1593608E-04   -0.9978980E-05   -0.1190015E-05    0.3418765E-02   -0.3477610E-04    0.1296518E-02    0.5123269E-02   -0.1801659E-02    0.1779023E-02   -0.3255329E-02   -0.1757487E-02   -0.9219400E-03   -0.1183996E-03    0.1793257E-02    0.1706156E-02   -0.3447456E-05    0.2550012E-05    0.9195574E-05   -0.1534129E-05   -0.5532612E-05   -0.4700859E-04    0.1159071E-03    0.2944210E-04    0.7086725E-02   -0.3247177E-03    0.7071044E-03    0.4579705E-02    0.1171803E-06    0.1081036E-05
   -0.4807898E-06    0.3176026E-05   -0.7896354E-06   -0.3124791E-04    0.2207109E-04   -0.1320433E-04   -0.5765164E-04   -0.1230297E-04    0.3957921E-06   -0.1985923E-02    0.1398245E-03   -0.4062923E-03    0.1927279E-02    0.6416347E-02    0.5859633E-02    0.4598848E-02   -0.2280756E-03   -0.3112410E-03   -0.1547213E-03    0.1615271E-02    0.3364548E-02    0.2846638E-06   -0.2378241E-05    0.7297498E-05   -0.3192762E-05    0.8750556E-05    0.2917415E-04   -0.3863161E-03    0.7520023E-03   -0.3247177E-03    0.2924510E-02    0.4568333E-03   -0.9477779E-03    0.1754175E-06    0.4296324E-08
   -0.1143805E-05   -0.7340580E-06    0.3388090E-06   -0.4875960E-04   -0.4707971E-03    0.2502962E-05   -0.1011319E-03   -0.3082195E-04   -0.5859410E-07   -0.9864525E-03    0.1472268E-03    0.1072205E-02   -0.3443878E-02    0.7696591E-02    0.1075992E-01    0.7455110E-02   -0.1911810E-03   -0.8652998E-03    0.3417568E-03    0.2975804E-02    0.1992843E-02   -0.3468693E-05   -0.5142098E-05    0.7746127E-05   -0.2289154E-05   -0.7171978E-06    0.1338965E-04   -0.6746140E-04    0.3506180E-04    0.7071044E-03    0.4568333E-03    0.6376401E-02    0.7872373E-02   -0.7713844E-07   -0.8656183E-07
   -0.3483240E-05    0.6567023E-05   -0.1296997E-05   -0.1466577E-03   -0.9150247E-03   -0.1595198E-04   -0.2672566E-03   -0.8735764E-04    0.1132420E-04    0.1120163E-02   -0.5575924E-03   -0.4387305E-03    0.6356805E-01    0.2117220E-01    0.4104454E-02    0.1894200E-01   -0.3367681E-02   -0.2001455E-02    0.1323300E-03    0.5515180E-02    0.5690512E-02   -0.1848738E-04   -0.1085812E-04   -0.2811477E-04    0.3252158E-05   -0.5301021E-04    0.2223622E-04   -0.6430504E-04   -0.6550605E-03    0.4579705E-02   -0.9477779E-03    0.7872373E-02    0.6595793E-01    0.9308115E-06   -0.2361586E-05
   -0.1529558E-08    0.6260709E-07   -0.3604005E-07   -0.1894208E-06    0.4241296E-05   -0.7321753E-06   -0.1530351E-06   -0.3440024E-06    0.7212624E-08   -0.3511146E-03    0.7804456E-05    0.1857712E-03    0.5867047E-02   -0.5437200E-05    0.7200877E-03    0.7602180E-03   -0.1250269E-03    0.2969777E-03   -0.2840273E-03   -0.2855286E-04    0.7933729E-04   -0.4361735E-07   -0.4056580E-07    0.1392944E-06   -0.3521307E-07    0.4132075E-07    0.1616282E-05    0.1655134E-07   -0.4728816E-07    0.1171803E-06    0.1754175E-06   -0.7713844E-07    0.9308115E-06    0.5957864E-06   -0.1060785E-07
    0.2953634E-08    0.3183449E-07    0.5289640E-07   -0.1013013E-05   -0.4601664E-06    0.1355736E-05   -0.1669787E-05    0.6816467E-07    0.1446945E-07    0.4419005E-02   -0.1899159E-04   -0.3731668E-03    0.4582031E-02    0.4155121E-03   -0.2512430E-02   -0.7629437E-02    0.2200295E-03    0.1122690E-05   -0.1981548E-03    0.2628444E-02    0.4661007E-02   -0.5088010E-07   -0.5470377E-07   -0.7320865E-07   -0.7672096E-07   -0.1648671E-07   -0.1420380E-05   -0.1339135E-06   -0.1393454E-06    0.1081036E-05    0.4296324E-08   -0.8656183E-07   -0.2361586E-05   -0.1060785E-07    0.2102357E-05
