# omegabh2 omegach2 theta tau logA ns nrun r calPlanck acib217 xi asz143 aps100 aps143 aps143217 aps217 aksz kgal100 kgal143 kgal143217 kgal217 cal0 cal2
  4.9188007E-08  -5.0219948E-08   2.4411520E-08   4.9732895E-07   1.2203286E-06   1.5335354E-07  -8.9591316E-07   1.8301247E-06   2.0451846E-08  -8.8241821E-06   2.2371471E-07   1.2950764E-05  -2.2147470E-04  -2.1604889E-04  -1.6154994E-04  -1.5196595E-04   2.0181038E-06   5.2888872E-06  -5.9247265E-08   1.7879975E-06  -2.5146021E-06  -1.6672609E-09   3.4642574E-10
 -5.0219948E-08   1.2090912E-06  -3.6504659E-08  -2.7415528E-06  -3.1383699E-06  -2.6011121E-06  -1.4014729E-07  -3.9218632E-06  -2.5814852E-07   1.3869018E-04  -8.1734834E-06  -1.1465994E-05   1.0232948E-03   5.1490962E-04   1.4945614E-04  -1.1719640E-05   5.9957968E-05   1.0772248E-05   4.2305850E-05   9.4514578E-05   8.7207269E-05  -9.8407662E-09   1.6359613E-08
  2.4411520E-08  -3.6504659E-08   1.6686110E-07   3.0147175E-07   7.8815552E-07   3.0921851E-07  -1.5996595E-07  -1.8271520E-07   1.6415973E-08   1.2010464E-05   1.4960053E-06   1.6317409E-05  -2.7354070E-04  -3.6819910E-05   1.4181802E-05  -5.2452165E-05   1.5345784E-06  -1.0268521E-05  -1.6233434E-05  -4.7241925E-06  -3.0204646E-05  -1.0194802E-10  -2.9199760E-09
  4.9732895E-07  -2.7415528E-06   3.0147175E-07   5.8693023E-05   1.1050385E-04   8.0010488E-06  -1.6470826E-05   3.8628094E-05  -1.3524157E-06   7.6517837E-04   1.2435073E-06   5.0403640E-05  -3.1627521E-03  -1.9513713E-03  -2.4348407E-03  -4.1229582E-03   5.8756732E-04   2.4642449E-04   1.4172098E-04   1.4931256E-04  -5.6484387E-04  -1.0923914E-07  -1.1136120E-07
  1.2203286E-06  -3.1383699E-06   7.8815552E-07   1.1050385E-04   2.4100203E-04   7.8561803E-06  -4.6971106E-05   9.4112264E-05   8.0489946E-06   2.6272075E-03   1.7907235E-05  -3.1912246E-04   5.8079201E-03   1.9527015E-03  -1.4624679E-03  -3.4640200E-03   1.3858277E-03   2.8513011E-04  -3.2849658E-05   3.3078207E-04   5.1274476E-04  -1.1090646E-07  -1.6379497E-07
  1.5335354E-07  -2.6011121E-06   3.0921851E-07   8.0010488E-06   7.8561803E-06   1.7840129E-05   7.4686745E-06   1.7783774E-05   8.1206298E-07  -5.6460494E-03   1.4865696E-04   1.5251111E-03  -3.1744647E-02  -9.4778704E-03   2.4370553E-03   6.1826576E-03  -3.0955477E-03   2.6402795E-04  -4.4336117E-04  -4.1980555E-04   1.4091385E-03  -7.7345480E-08  -1.6054904E-07
 -8.9591316E-07  -1.4014729E-07  -1.5996595E-07  -1.6470826E-05  -4.6971106E-05   7.4686745E-06   6.6836913E-05  -1.5658825E-04   5.0606312E-07  -7.8970538E-03   1.4436785E-04   1.9772099E-03  -3.3478874E-02  -1.4916798E-02   7.7348172E-04   7.3113995E-03  -4.4296216E-03  -6.1156473E-04  -7.4605668E-04  -1.0872879E-03   1.4699747E-03   7.2004783E-09  -1.1824881E-07
  1.8301247E-06  -3.9218632E-06  -1.8271520E-07   3.8628094E-05   9.4112264E-05   1.7783774E-05  -1.5658825E-04   2.3276357E-03   5.9077972E-07   5.6193685E-03  -2.9473295E-05  -1.4262693E-03   2.7548276E-02   2.3892848E-02   1.0634753E-02   3.2222699E-03   5.6001936E-03  -7.7517073E-04   8.9240440E-04   3.0451087E-03   1.3700454E-03  -1.0373842E-06  -1.4103123E-07
  2.0451846E-08  -2.5814852E-07   1.6415973E-08  -1.3524157E-06   8.0489946E-06   8.1206298E-07   5.0606312E-07   5.9077972E-07   5.7682599E-06   3.4867531E-04   1.6773660E-05   7.9640860E-05   2.7226016E-03   4.5472846E-04   9.0055704E-04   1.6263240E-03  -6.4829036E-05  -1.4396851E-05   3.1222859E-05   8.0237147E-05   9.3675687E-04  -1.2773432E-08  -2.7264776E-09
 -8.8241821E-06   1.3869018E-04   1.2010464E-05   7.6517837E-04   2.6272075E-03  -5.6460494E-03  -7.8970538E-03   5.6193685E-03   3.4867531E-04   4.5831872E+01  -4.0439296E-01  -1.0762072E+00   4.2038609E+01   2.9383906E+00  -1.3662418E+01  -5.6420744E+01   6.6817804E-01   2.0988557E-01   7.2644753E-01  -5.9667196E+00  -3.3951054E+01  -1.9334641E-04   7.6201019E-04
  2.2371471E-07  -8.1734834E-06   1.4960053E-06   1.2435073E-06   1.7907235E-05   1.4865696E-04   1.4436785E-04  -2.9473295E-05   1.6773660E-05  -4.0439296E-01   8.0717468E-02  -2.6188453E-02  -6.5353779E-01   8.2296155E-01   1.6325500E+00   6.4415935E-01   2.0244839E-02  -1.6691265E-02  -1.6044004E-04   1.0533035E-01   1.5229229E-01   2.6190013E-06  -4.2524193E-06
  1.2950764E-05  -1.1465994E-05   1.6317409E-05   5.0403640E-05  -3.1912246E-04   1.5251111E-03   1.9772099E-03  -1.4262693E-03   7.9640860E-05  -1.0762072E+00  -2.6188453E-02   4.0537156E+00  -3.2888863E+01  -3.7197494E+00   8.2724323E+00   5.7051353E+00  -3.0722378E+00  -1.8972524E-01   1.4656246E-01   2.6831282E+00   3.3322974E+00   8.4052107E-05  -3.9064579E-05
 -2.2147470E-04   1.0232948E-03  -2.7354070E-04  -3.1627521E-03   5.8079201E-03  -3.1744647E-02  -3.3478874E-02   2.7548276E-02   2.7226016E-03   4.2038609E+01  -6.5353779E-01  -3.2888863E+01   8.0979000E+02   8.1309020E+01  -5.6701110E+01  -6.6057675E+01   1.7336112E+01  -6.0674017E+00   6.3297950E+00  -1.2617449E+01  -2.6590030E+01   3.8615892E-03   5.9957331E-04
 -2.1604889E-04   5.1490962E-04  -3.6819910E-05  -1.9513713E-03   1.9527015E-03  -9.4778704E-03  -1.4916798E-02   2.3892848E-02   4.5472846E-04   2.9383906E+00   8.2296155E-01  -3.7197494E+00   8.1309020E+01   6.7230873E+01   4.1163373E+01   1.7309969E+01  -4.4805227E+00  -5.9979896E-01  -1.2884481E+00   3.7148607E+00   4.5893805E+00   1.8338946E-04   1.4696924E-04
 -1.6154994E-04   1.4945614E-04   1.4181802E-05  -2.4348407E-03  -1.4624679E-03   2.4370553E-03   7.7348172E-04   1.0634753E-02   9.0055704E-04  -1.3662418E+01   1.6325500E+00   8.2724323E+00  -5.6701110E+01   4.1163373E+01   8.6555997E+01   5.6418811E+01  -1.3114793E+01  -1.0127587E+00  -1.0292031E+00   5.1796679E+00   9.1663988E+00   4.1210976E-04  -3.6432308E-04
 -1.5196595E-04  -1.1719640E-05  -5.2452165E-05  -4.1229582E-03  -3.4640200E-03   6.1826576E-03   7.3113995E-03   3.2222699E-03   1.6263240E-03  -5.6420744E+01   6.4415935E-01   5.7051353E+00  -6.6057675E+01   1.7309969E+01   5.6418811E+01   1.0771608E+02  -1.0820074E+01  -6.2904836E-01  -1.7670688E+00   5.6972337E+00   3.4469277E+01   4.9683525E-04  -1.3257487E-03
  2.0181038E-06   5.9957968E-05   1.5345784E-06   5.8756732E-04   1.3858277E-03  -3.0955477E-03  -4.4296216E-03   5.6001936E-03  -6.4829036E-05   6.6817804E-01   2.0244839E-02  -3.0722378E+00   1.7336112E+01  -4.4805227E+00  -1.3114793E+01  -1.0820074E+01   6.7204756E+00   1.3336811E-01  -1.1252674E-01  -2.1901795E+00  -2.8165384E+00  -7.5161335E-05  -1.2434079E-05
  5.2888872E-06   1.0772248E-05  -1.0268521E-05   2.4642449E-04   2.8513011E-04   2.6402795E-04  -6.1156473E-04  -7.7517073E-04  -1.4396851E-05   2.0988557E-01  -1.6691265E-02  -1.8972524E-01  -6.0674017E+00  -5.9979896E-01  -1.0127587E+00  -6.2904836E-01   1.3336811E-01   3.4451653E+00   5.2214002E-01   1.5120837E-01   7.8081045E-02   1.7485545E-04  -1.1083366E-06
 -5.9247265E-08   4.2305850E-05  -1.6233434E-05   1.4172098E-04  -3.2849658E-05  -4.4336117E-04  -7.4605668E-04   8.9240440E-04   3.1222859E-05   7.2644753E-01  -1.6044004E-04   1.4656246E-01   6.3297950E+00  -1.2884481E+00  -1.0292031E+00  -1.7670688E+00  -1.1252674E-01   5.2214002E-01   3.1721309E+00   2.7531647E+00   2.7206693E+00  -2.0118335E-04  -3.0433959E-05
  1.7879975E-06   9.4514578E-05  -4.7241925E-06   1.4931256E-04   3.3078207E-04  -4.1980555E-04  -1.0872879E-03   3.0451087E-03   8.0237147E-05  -5.9667196E+00   1.0533035E-01   2.6831282E+00  -1.2617449E+01   3.7148607E+00   5.1796679E+00   5.6972337E+00  -2.1901795E+00   1.5120837E-01   2.7531647E+00   1.1006886E+01   1.9620150E+01  -5.5201369E-05   4.0031554E-04
 -2.5146021E-06   8.7207269E-05  -3.0204646E-05  -5.6484387E-04   5.1274476E-04   1.4091385E-03   1.4699747E-03   1.3700454E-03   9.3675687E-04  -3.3951054E+01   1.5229229E-01   3.3322974E+00  -2.6590030E+01   4.5893805E+00   9.1663988E+00   3.4469277E+01  -2.8165384E+00   7.8081045E-02   2.7206693E+00   1.9620150E+01   5.4210768E+01   1.5926670E-05   9.0137448E-04
 -1.6672609E-09  -9.8407662E-09  -1.0194802E-10  -1.0923914E-07  -1.1090646E-07  -7.7345480E-08   7.2004783E-09  -1.0373842E-06  -1.2773432E-08  -1.9334641E-04   2.6190013E-06   8.4052107E-05   3.8615892E-03   1.8338946E-04   4.1210976E-04   4.9683525E-04  -7.5161335E-05   1.7485545E-04  -2.0118335E-04  -5.5201369E-05   1.5926670E-05   3.7646538E-07  -3.9824173E-09
  3.4642574E-10   1.6359613E-08  -2.9199760E-09  -1.1136120E-07  -1.6379497E-07  -1.6054904E-07  -1.1824881E-07  -1.4103123E-07  -2.7264776E-09   7.6201019E-04  -4.2524193E-06  -3.9064579E-05   5.9957331E-04   1.4696924E-04  -3.6432308E-04  -1.3257487E-03  -1.2434079E-05  -1.1083366E-06  -3.0433959E-05   4.0031554E-04   9.0137448E-04  -3.9824173E-09   3.8784118E-07
