# omegabh2 omegach2 theta tau nnu logA ns calPlanck aps100 aps143 aps217 acib217 asz143 psr cibr xi aksz dust100 dust143 dust217 dust143x217 cal0 cal2 calTE calEE
  3.5031846E-08   3.0626506E-07  -2.9094120E-08   1.8275188E-07   2.2449738E-05   1.2773435E-06   8.9769621E-07   9.4380128E-09   1.3464000E-04   5.2671113E-05  -2.3748781E-05   3.5726957E-05   2.3354526E-06   2.0076202E-07   8.5371467E-07   2.7938650E-07   1.0353789E-05   1.2695471E-06   1.5593312E-07   1.6237966E-07   4.9412969E-07   6.7645992E-09   1.0200080E-08   4.2035064E-08  -9.0645015E-09
  3.0626506E-07   1.0163064E-05  -1.1321952E-06  -2.6438236E-06   5.9485164E-04   2.0641450E-05   1.7126351E-05  -3.3709804E-07   1.4662607E-02   8.4387754E-03  -2.9827043E-03   4.6895643E-03  -3.8414630E-04  -3.1440792E-05   1.0207561E-04  -4.8958658E-05   1.0290562E-03   1.6636024E-05   2.9634990E-05  -2.2811002E-05   1.1659269E-06  -6.8446095E-09   3.7618695E-07   3.8317350E-06   6.5939917E-06
 -2.9094120E-08  -1.1321952E-06   2.1418967E-07   2.6814127E-07  -6.9074256E-05  -2.1994734E-06  -1.9939902E-06   6.1939256E-08  -1.6693749E-03  -9.4212793E-04   3.2841712E-04  -5.1636585E-04   5.3796278E-05   4.4366701E-06  -1.2798611E-05   4.7905366E-06  -1.3261692E-04  -2.2631583E-06  -4.5451262E-06   2.2071703E-06  -2.7695360E-08   8.5468168E-09  -4.8335223E-08  -5.2335962E-07  -8.0614319E-07
  1.8275188E-07  -2.6438236E-06   2.6814127E-07   5.1051144E-05  -3.0236312E-05   9.2749000E-05   6.8433776E-06  -9.0904421E-07  -1.1338365E-02  -4.7324201E-03   2.8764388E-03  -3.8548086E-03   1.6821184E-04   2.5098973E-06  -5.4809465E-05   2.1858382E-05  -2.7721551E-04   3.0702618E-05   3.2885785E-05   3.4544133E-05   2.6402010E-05  -3.4085583E-07  -2.4767076E-07  -3.2751202E-06  -2.8249735E-06
  2.2449738E-05   5.9485164E-04  -6.9074256E-05  -3.0236312E-05   3.7970502E-02   1.4914638E-03   1.2146261E-03  -1.1018360E-05   8.9987797E-01   5.1091696E-01  -1.6429886E-01   2.6926942E-01  -2.5521003E-02  -1.9632516E-03   5.8779235E-03  -2.8391691E-03   6.6152888E-02   1.2225075E-03   1.6383994E-03  -1.1715819E-03   2.0288123E-04   1.1554183E-06   2.2452241E-05   2.5274606E-04   4.5079705E-04
  1.2773435E-06   2.0641450E-05  -2.1994734E-06   9.2749000E-05   1.4914638E-03   2.6061144E-04   5.8740337E-05   9.2664941E-06   1.9787012E-02   1.3078171E-02   4.9507290E-03   3.3358028E-03  -4.3615642E-04  -3.8311193E-05   9.0349095E-05  -4.7734313E-05   1.2249139E-03   1.2161409E-04   6.0766238E-05   3.4862582E-05   5.7911804E-05   7.2544654E-08   4.9067079E-07   3.5309496E-06   1.3496521E-05
  8.9769621E-07   1.7126351E-05  -1.9939902E-06   6.8433776E-06   1.2146261E-03   5.8740337E-05   5.2765302E-05   2.9456479E-07   7.1538458E-03   9.4046961E-03   3.1226059E-03   2.5092265E-03  -3.6994348E-04  -6.1708982E-06   8.2409640E-05  -2.6179134E-05   3.6629538E-04   5.4596315E-05   2.6604057E-05   2.5116399E-06   5.2758569E-06  -2.8710649E-07   4.9229178E-07   7.4853054E-06   1.1703965E-05
  9.4380128E-09  -3.3709804E-07   6.1939256E-08  -9.0904421E-07  -1.1018360E-05   9.2664941E-06   2.9456479E-07   6.0194131E-06   2.8555478E-03  -1.0461985E-05   9.1594151E-04   5.8815054E-04   4.8664573E-05   1.6184754E-06  -5.4671400E-06  -1.3039855E-06   3.2322942E-06   1.5027464E-05   2.6844673E-06   6.0921267E-06   4.7894943E-06   4.6359674E-08  -1.6170992E-08  -3.5445988E-07  -3.2162581E-07
  1.3464000E-04   1.4662607E-02  -1.6693749E-03  -1.1338365E-02   8.9987797E-01   1.9787012E-02   7.1538458E-03   2.8555478E-03   6.1747773E+02   6.7475603E+01  -6.0730988E+01   3.6955930E+01  -2.4777286E+01  -8.7630797E-01  -2.4013760E-02  -4.7116381E-01   1.2412157E+01  -1.7577506E-01   2.5310569E-01  -2.9560293E-01  -2.1297743E-01   6.7875752E-03   2.9805309E-03   6.9865305E-03   1.5998087E-02
  5.2671113E-05   8.4387754E-03  -9.4212793E-04  -4.7324201E-03   5.1091696E-01   1.3078171E-02   9.4046961E-03  -1.0461985E-05   6.7475603E+01   7.2972626E+01   7.5753226E+00   9.6224900E+00  -5.9182514E-01  -3.5124633E-02   4.9924962E-01   7.9366786E-01  -7.4971388E+00  -3.2055575E-02  -2.0891599E-01   3.5891604E-02   7.1462500E-02   8.3906452E-04   8.1758404E-04   5.7076713E-03   9.7675697E-03
 -2.3748781E-05  -2.9827043E-03   3.2841712E-04   2.8764388E-03  -1.6429886E-01   4.9507290E-03   3.1226059E-03   9.1594151E-04  -6.0730988E+01   7.5753226E+00   1.7146152E+02  -8.2882813E+01   2.4696854E+00   3.3191271E-01  -9.8904483E-01   4.2032305E-01  -6.7226994E+00  -4.5403246E-02  -2.3646262E-01   5.8475194E-01   6.8183610E-03   1.5517473E-03  -7.4003719E-03   1.9991461E-03   1.5693201E-03
  3.5726957E-05   4.6895643E-03  -5.1636585E-04  -3.8548086E-03   2.6926942E-01   3.3358028E-03   2.5092265E-03   5.8815054E-04   3.6955930E+01   9.6224900E+00  -8.2882813E+01   5.3355227E+01   1.6874636E+00  -4.5668344E-02   7.2412270E-01  -3.1332994E-01  -2.5887258E+00   2.9246443E-02   1.4269119E-01  -4.6633266E-01  -1.1099744E-01  -4.0082631E-04   3.1520589E-03   9.0323045E-04   2.5909566E-03
  2.3354526E-06  -3.8414630E-04   5.3796278E-05   1.6821184E-04  -2.5521003E-02  -4.3615642E-04  -3.6994348E-04   4.8664573E-05  -2.4777286E+01  -5.9182514E-01   2.4696854E+00   1.6874636E+00   4.2815442E+00   1.0712643E-01   1.5207902E-01  -2.3298625E-02  -3.5654064E+00  -6.9008059E-03  -5.3620819E-03   8.8840087E-03   5.5026233E-02   4.6960876E-04  -2.2527393E-04  -5.5114760E-04  -6.6350535E-04
  2.0076202E-07  -3.1440792E-05   4.4366701E-06   2.5098973E-06  -1.9632516E-03  -3.8311193E-05  -6.1708982E-06   1.6184754E-06  -8.7630797E-01  -3.5124633E-02   3.3191271E-01  -4.5668344E-02   1.0712643E-01   1.8370182E-02  -1.7996080E-02   1.4224414E-02  -1.0859823E-01  -3.4235054E-04  -1.2805618E-03  -2.8818950E-03   5.5143523E-03   1.9877437E-05  -3.9262406E-05   3.6183747E-06  -2.5011573E-05
  8.5371467E-07   1.0207561E-04  -1.2798611E-05  -5.4809465E-05   5.8779235E-03   9.0349095E-05   8.2409640E-05  -5.4671400E-06  -2.4013760E-02   4.9924962E-01  -9.8904483E-01   7.2412270E-01   1.5207902E-01  -1.7996080E-02   6.9674934E-02   9.4018259E-04  -1.5854287E-01   8.4301760E-04   7.1873090E-03   3.3572392E-04  -1.7372672E-02  -7.4333451E-06   1.0292641E-04  -1.8162693E-05   4.2965930E-05
  2.7938650E-07  -4.8958658E-05   4.7905366E-06   2.1858382E-05  -2.8391691E-03  -4.7734313E-05  -2.6179134E-05  -1.3039855E-06  -4.7116381E-01   7.9366786E-01   4.2032305E-01  -3.1332994E-01  -2.3298625E-02   1.4224414E-02   9.4018259E-04   8.2188942E-02   2.6872692E-02  -2.5654017E-04   1.2259878E-03   1.5808174E-03   2.6705708E-03   8.7826410E-06  -5.3970718E-06  -1.1003504E-05  -4.3480968E-05
  1.0353789E-05   1.0290562E-03  -1.3261692E-04  -2.7721551E-04   6.6152888E-02   1.2249139E-03   3.6629538E-04   3.2322942E-06   1.2412157E+01  -7.4971388E+00  -6.7226994E+00  -2.5887258E+00  -3.5654064E+00  -1.0859823E-01  -1.5854287E-01   2.6872692E-02   7.3822322E+00   4.0046455E-03  -5.0119178E-04  -5.3056671E-03  -4.7924100E-02  -4.0233575E-04   6.1685689E-05   2.9501799E-04   1.0187533E-03
  1.2695471E-06   1.6636024E-05  -2.2631583E-06   3.0702618E-05   1.2225075E-03   1.2161409E-04   5.4596315E-05   1.5027464E-05  -1.7577506E-01  -3.2055575E-02  -4.5403246E-02   2.9246443E-02  -6.9008059E-03  -3.4235054E-04   8.4301760E-04  -2.5654017E-04   4.0046455E-03   3.8355338E-02   2.9799897E-03   7.8202806E-06   5.6665804E-04   3.8969608E-05   4.9642510E-06  -1.3479791E-05  -4.6308291E-06
  1.5593312E-07   2.9634990E-05  -4.5451262E-06   3.2885785E-05   1.6383994E-03   6.0766238E-05   2.6604057E-05   2.6844673E-06   2.5310569E-01  -2.0891599E-01  -2.3646262E-01   1.4269119E-01  -5.3620819E-03  -1.2805618E-03   7.1873090E-03   1.2259878E-03  -5.0119178E-04   2.9799897E-03   2.9970576E-02  -4.2508214E-04   5.2070627E-03  -7.3886370E-05  -4.0864581E-05  -6.8782095E-05  -5.1051781E-05
  1.6237966E-07  -2.2811002E-05   2.2071703E-06   3.4544133E-05  -1.1715819E-03   3.4862582E-05   2.5116399E-06   6.0921267E-06  -2.9560293E-01   3.5891604E-02   5.8475194E-01  -4.6633266E-01   8.8840087E-03  -2.8818950E-03   3.3572392E-04   1.5808174E-03  -5.3056671E-03   7.8202806E-06  -4.2508214E-04   1.0597476E-02   7.9022982E-03   2.8178483E-06   5.8158183E-05  -8.4976050E-06  -1.2095723E-05
  4.9412969E-07   1.1659269E-06  -2.7695360E-08   2.6402010E-05   2.0288123E-04   5.7911804E-05   5.2758569E-06   4.7894943E-06  -2.1297743E-01   7.1462500E-02   6.8183610E-03  -1.1099744E-01   5.5026233E-02   5.5143523E-03  -1.7372672E-02   2.6705708E-03  -4.7924100E-02   5.6665804E-04   5.2070627E-03   7.9022982E-03   2.5386939E-02   3.7408295E-07   4.9836594E-05  -1.3966209E-05  -1.0045865E-05
  6.7645992E-09  -6.8446095E-09   8.5468168E-09  -3.4085583E-07   1.1554183E-06   7.2544654E-08  -2.8710649E-07   4.6359674E-08   6.7875752E-03   8.3906452E-04   1.5517473E-03  -4.0082631E-04   4.6960876E-04   1.9877437E-05  -7.4333451E-06   8.7826410E-06  -4.0233575E-04   3.8969608E-05  -7.3886370E-05   2.8178483E-06   3.7408295E-07   1.1037897E-06   3.0180604E-08   2.3206461E-07   5.5368580E-07
  1.0200080E-08   3.7618695E-07  -4.8335223E-08  -2.4767076E-07   2.2452241E-05   4.9067079E-07   4.9229178E-07  -1.6170992E-08   2.9805309E-03   8.1758404E-04  -7.4003719E-03   3.1520589E-03  -2.2527393E-04  -3.9262406E-05   1.0292641E-04  -5.3970718E-06   6.1685689E-05   4.9642510E-06  -4.0864581E-05   5.8158183E-05   4.9836594E-05   3.0180604E-08   2.4145198E-06   4.0063634E-07   2.6616841E-07
  4.2035064E-08   3.8317350E-06  -5.2335962E-07  -3.2751202E-06   2.5274606E-04   3.5309496E-06   7.4853054E-06  -3.5445988E-07   6.9865305E-03   5.7076713E-03   1.9991461E-03   9.0323045E-04  -5.5114760E-04   3.6183747E-06  -1.8162693E-05  -1.1003504E-05   2.9501799E-04  -1.3479791E-05  -6.8782095E-05  -8.4976050E-06  -1.3966209E-05   2.3206461E-07   4.0063634E-07   2.6518780E-05   1.1725111E-05
 -9.0645015E-09   6.5939917E-06  -8.0614319E-07  -2.8249735E-06   4.5079705E-04   1.3496521E-05   1.1703965E-05  -3.2162581E-07   1.5998087E-02   9.7675697E-03   1.5693201E-03   2.5909566E-03  -6.6350535E-04  -2.5011573E-05   4.2965930E-05  -4.3480968E-05   1.0187533E-03  -4.6308291E-06  -5.1051781E-05  -1.2095723E-05  -1.0045865E-05   5.5368580E-07   2.6616841E-07   1.1725111E-05   2.9381989E-05
