# omegabh2 omegach2 theta tau nnu logA ns calPlanck aps100 aps143 aps217 acib217 asz143 psr cibr xi aksz dust100 dust143 dust217 dust143x217 cal0 cal2 calTE calEE
  2.6909393E-08   1.9225832E-07  -1.4655105E-08   1.8423785E-07   1.4272147E-05   9.1233769E-07   5.6508949E-07   1.4955887E-08  -1.9133839E-05  -6.5335327E-06  -4.2604726E-05   1.6885385E-05   3.0787189E-06  -2.9425139E-08   5.4254502E-07   8.7926246E-07  -4.2956813E-07   7.4060592E-07   3.4277120E-07   1.6130636E-07   4.2574277E-07   2.6488407E-10   5.3188821E-09  -3.4658671E-08  -9.0566442E-08
  1.9225832E-07   9.6185983E-06  -9.4538686E-07  -1.6982903E-06   5.1442081E-04   1.8923194E-05   1.1642027E-05  -3.9902368E-07   1.4389907E-02   8.1399164E-03  -3.2447561E-03   4.3807391E-03  -3.9452459E-04  -3.1471350E-05   1.0148284E-04  -3.5630909E-05   9.1913441E-04  -2.1901727E-06   9.7923255E-06  -1.8791998E-05  -7.9717871E-06   2.4965650E-08   3.9932631E-07   2.5465023E-06   5.5871021E-06
 -1.4655105E-08  -9.4538686E-07   1.7874349E-07   1.1795488E-07  -5.3500277E-05  -1.9218218E-06  -1.2078099E-06   1.9153501E-08  -1.3715749E-03  -8.6166670E-04   3.2570071E-04  -4.4973205E-04   3.2467040E-05   2.4595900E-06  -1.0482657E-05   2.0814705E-06  -9.1648577E-05   9.2123318E-07  -1.0894415E-07   2.0315068E-06   8.0949770E-07  -1.0494831E-08  -4.2775130E-08  -3.3870967E-07  -6.2888674E-07
  1.8423785E-07  -1.6982903E-06   1.1795488E-07   6.2343186E-05  -1.5404821E-05   1.2053204E-04   6.0212750E-06  -6.8519651E-08  -1.1833056E-02  -4.3886019E-03   4.9287623E-03  -3.8121969E-03   2.4736046E-04   3.3439634E-05  -1.0107843E-04   1.2865285E-05  -1.1948519E-03   1.1458071E-05  -3.2123947E-05   1.7574002E-05   1.4297567E-05  -1.2044370E-07  -3.0153074E-07  -4.3204677E-06  -2.5849933E-06
  1.4272147E-05   5.1442081E-04  -5.3500277E-05  -1.5404821E-05   3.0706305E-02   1.1696484E-03   8.2407124E-04  -1.8883763E-05   7.9794658E-01   4.5308405E-01  -2.0845077E-01   2.5606707E-01  -2.2354560E-02  -1.8230578E-03   5.7676905E-03  -1.8697937E-03   5.6523903E-02   2.2897974E-04   9.1893510E-04  -1.0353425E-03  -1.5147215E-04   1.2022385E-06   2.3293144E-05   1.5796403E-04   3.6344495E-04
  9.1233769E-07   1.8923194E-05  -1.9218218E-06   1.2053204E-04   1.1696484E-03   3.1486323E-04   3.7790275E-05   1.1843073E-05   1.5093828E-02   1.2145524E-02   1.3418726E-02  -3.3597203E-04  -4.8093528E-04   3.2184904E-05  -7.1000862E-05   1.0762342E-05  -1.2217630E-03  -1.4025670E-05  -1.5094974E-04   2.5594023E-05   2.4624586E-05   6.0612341E-07   4.1848294E-08  -3.4714239E-06   1.0110698E-05
  5.6508949E-07   1.1642027E-05  -1.2078099E-06   6.0212750E-06   8.2407124E-04   3.7790275E-05   3.6943160E-05  -1.5918281E-07  -1.7673550E-03   5.1252863E-03   2.0433586E-03   1.1982370E-03  -1.6287406E-04   3.3768494E-06   4.3936235E-05   2.2084018E-05  -9.4202032E-05   4.1911975E-05   1.5499681E-05   3.8724522E-06   5.8040677E-06  -3.7709495E-07   2.8373841E-07   3.8232772E-06   6.7225677E-06
  1.4955887E-08  -3.9902368E-07   1.9153501E-08  -6.8519651E-08  -1.8883763E-05   1.1843073E-05  -1.5918281E-07   6.3349317E-06   2.1575241E-03   3.0361371E-04   3.0453253E-03  -4.5274269E-04  -3.4370130E-05   6.4586936E-06  -2.5695933E-05   1.8969564E-05  -8.4895434E-05  -6.7482068E-06  -7.9954525E-06   1.1119462E-05   8.0336379E-06   4.3198396E-08  -1.6600779E-07  -6.7632298E-07  -4.2085708E-07
 -1.9133839E-05   1.4389907E-02  -1.3715749E-03  -1.1833056E-02   7.9794658E-01   1.5093828E-02  -1.7673550E-03   2.1575241E-03   6.2816330E+02   7.1135137E+01  -5.1293745E+01   3.0524848E+01  -2.5360855E+01  -8.2797191E-01  -5.7591359E-02  -3.4758226E-01   1.1879031E+01  -1.9734778E-01   2.4550805E-01  -1.9512550E-01  -1.9672349E-01   6.9102325E-03   3.6553721E-03   5.1837621E-03   1.6766804E-02
 -6.5335327E-06   8.1399164E-03  -8.6166670E-04  -4.3886019E-03   4.5308405E-01   1.2145524E-02   5.1252863E-03   3.0361371E-04   7.1135137E+01   7.3421619E+01   8.7872737E+00   7.9307235E+00  -1.0391787E+00  -1.4416646E-02   4.5514983E-01   8.6863339E-01  -7.2708969E+00  -1.4631857E-02  -1.9556434E-01   5.6230714E-02   8.6464458E-02   8.6233167E-04   7.8076505E-04   4.2777151E-03   9.5129732E-03
 -4.2604726E-05  -3.2447561E-03   3.2570071E-04   4.9287623E-03  -2.0845077E-01   1.3418726E-02   2.0433586E-03   3.0453253E-03  -5.1293745E+01   8.7872737E+00   1.7863623E+02  -8.6128252E+01   1.7925259E+00   3.6097339E-01  -1.1339876E+00   4.9080626E-01  -6.6146133E+00  -6.9995209E-03  -2.8230798E-01   5.6467822E-01   4.7657534E-02   1.7409740E-03  -8.1099894E-03   1.0717152E-03  -5.9135956E-04
  1.6885385E-05   4.3807391E-03  -4.4973205E-04  -3.8121969E-03   2.5606707E-01  -3.3597203E-04   1.1982370E-03  -4.5274269E-04   3.0524848E+01   7.9307235E+00  -8.6128252E+01   5.4317937E+01   1.8681326E+00  -6.8104012E-02   7.8087136E-01  -3.3815171E-01  -2.5112803E+00   7.0588439E-03   1.8766497E-01  -4.5435064E-01  -1.4197974E-01  -6.9952938E-04   3.4180311E-03   8.7366651E-04   3.8664750E-03
  3.0787189E-06  -3.9452459E-04   3.2467040E-05   2.4736046E-04  -2.2354560E-02  -4.8093528E-04  -1.6287406E-04  -3.4370130E-05  -2.5360855E+01  -1.0391787E+00   1.7925259E+00   1.8681326E+00   4.1885898E+00   9.5472973E-02   1.4334574E-01  -3.9477828E-02  -3.3755730E+00  -4.3446100E-03   4.5998110E-03   5.7749092E-03   5.0574389E-02   3.5764055E-04  -2.1714269E-04  -2.7435931E-04  -5.1721303E-04
 -2.9425139E-08  -3.1471350E-05   2.4595900E-06   3.3439634E-05  -1.8230578E-03   3.2184904E-05   3.3768494E-06   6.4586936E-06  -8.2797191E-01  -1.4416646E-02   3.6097339E-01  -6.8104012E-02   9.5472973E-02   1.5402085E-02  -1.6321345E-02   1.2263612E-02  -1.0214122E-01  -6.8896702E-06  -1.5938981E-03  -2.3512270E-03   5.2622809E-03   1.7365120E-05  -3.5552735E-05   8.1868115E-06  -4.3127997E-06
  5.4254502E-07   1.0148284E-04  -1.0482657E-05  -1.0107843E-04   5.7676905E-03  -7.1000862E-05   4.3936235E-05  -2.5695933E-05  -5.7591359E-02   4.5514983E-01  -1.1339876E+00   7.8087136E-01   1.4334574E-01  -1.6321345E-02   6.6132699E-02   1.5836423E-03  -1.2997371E-01   4.7268602E-04   8.8193859E-03  -6.8986010E-04  -1.8040532E-02  -1.4928170E-05   9.2745765E-05   1.4432423E-05   5.5735068E-05
  8.7926246E-07  -3.5630909E-05   2.0814705E-06   1.2865285E-05  -1.8697937E-03   1.0762342E-05   2.2084018E-05   1.8969564E-05  -3.4758226E-01   8.6863339E-01   4.9080626E-01  -3.3815171E-01  -3.9477828E-02   1.2263612E-02   1.5836423E-03   8.3126778E-02   3.8327362E-02  -2.4655908E-04   2.2105012E-04   1.8076402E-03   2.5390074E-03   1.9096479E-05  -9.8025561E-06   2.6965273E-05  -3.3905161E-06
 -4.2956813E-07   9.1913441E-04  -9.1648577E-05  -1.1948519E-03   5.6523903E-02  -1.2217630E-03  -9.4202032E-05  -8.4895434E-05   1.1879031E+01  -7.2708969E+00  -6.6146133E+00  -2.5112803E+00  -3.3755730E+00  -1.0214122E-01  -1.2997371E-01   3.8327362E-02   7.2014852E+00  -4.6862526E-03  -1.6142892E-02  -3.5023673E-03  -5.2739229E-02  -2.5545826E-04   1.2623556E-04   2.8877364E-04   5.1276481E-04
  7.4060592E-07  -2.1901727E-06   9.2123318E-07   1.1458071E-05   2.2897974E-04  -1.4025670E-05   4.1911975E-05  -6.7482068E-06  -1.9734778E-01  -1.4631857E-02  -6.9995209E-03   7.0588439E-03  -4.3446100E-03  -6.8896702E-06   4.7268602E-04  -2.4655908E-04  -4.6862526E-03   3.9053550E-02   2.7028853E-03  -8.8886503E-05   1.3299636E-04   3.6393411E-05  -4.0695340E-06   1.7376173E-05  -1.1300096E-05
  3.4277120E-07   9.7923255E-06  -1.0894415E-07  -3.2123947E-05   9.1893510E-04  -1.5094974E-04   1.5499681E-05  -7.9954525E-06   2.4550805E-01  -1.9556434E-01  -2.8230798E-01   1.8766497E-01   4.5998110E-03  -1.5938981E-03   8.8193859E-03   2.2105012E-04  -1.6142892E-02   2.7028853E-03   3.0196965E-02  -7.2076614E-04   4.5131422E-03  -7.9177628E-05  -3.9456938E-05  -5.6977054E-05  -5.4479474E-05
  1.6130636E-07  -1.8791998E-05   2.0315068E-06   1.7574002E-05  -1.0353425E-03   2.5594023E-05   3.8724522E-06   1.1119462E-05  -1.9512550E-01   5.6230714E-02   5.6467822E-01  -4.5435064E-01   5.7749092E-03  -2.3512270E-03  -6.8986010E-04   1.8076402E-03  -3.5023673E-03  -8.8886503E-05  -7.2076614E-04   1.0492103E-02   8.5723038E-03   5.4105983E-06   5.9897973E-05  -1.5760326E-05  -2.4743640E-05
  4.2574277E-07  -7.9717871E-06   8.0949770E-07   1.4297567E-05  -1.5147215E-04   2.4624586E-05   5.8040677E-06   8.0336379E-06  -1.9672349E-01   8.6464458E-02   4.7657534E-02  -1.4197974E-01   5.0574389E-02   5.2622809E-03  -1.8040532E-02   2.5390074E-03  -5.2739229E-02   1.3299636E-04   4.5131422E-03   8.5723038E-03   2.6559094E-02   1.4133029E-07   5.7022694E-05  -3.9678728E-05  -6.1270747E-06
  2.6488407E-10   2.4965650E-08  -1.0494831E-08  -1.2044370E-07   1.2022385E-06   6.0612341E-07  -3.7709495E-07   4.3198396E-08   6.9102325E-03   8.6233167E-04   1.7409740E-03  -6.9952938E-04   3.5764055E-04   1.7365120E-05  -1.4928170E-05   1.9096479E-05  -2.5545826E-04   3.6393411E-05  -7.9177628E-05   5.4105983E-06   1.4133029E-07   1.1030963E-06   5.9838095E-08   3.5662898E-07   6.5565432E-07
  5.3188821E-09   3.9932631E-07  -4.2775130E-08  -3.0153074E-07   2.3293144E-05   4.1848294E-08   2.8373841E-07  -1.6600779E-07   3.6553721E-03   7.8076505E-04  -8.1099894E-03   3.4180311E-03  -2.1714269E-04  -3.5552735E-05   9.2745765E-05  -9.8025561E-06   1.2623556E-04  -4.0695340E-06  -3.9456938E-05   5.9897973E-05   5.7022694E-05   5.9838095E-08   2.4823833E-06   2.2476280E-07   4.7683721E-07
 -3.4658671E-08   2.5465023E-06  -3.3870967E-07  -4.3204677E-06   1.5796403E-04  -3.4714239E-06   3.8232772E-06  -6.7632298E-07   5.1837621E-03   4.2777151E-03   1.0717152E-03   8.7366651E-04  -2.7435931E-04   8.1868115E-06   1.4432423E-05   2.6965273E-05   2.8877364E-04   1.7376173E-05  -5.6977054E-05  -1.5760326E-05  -3.9678728E-05   3.5662898E-07   2.2476280E-07   2.4840936E-05   1.0173591E-05
 -9.0566442E-08   5.5871021E-06  -6.2888674E-07  -2.5849933E-06   3.6344495E-04   1.0110698E-05   6.7225677E-06  -4.2085708E-07   1.6766804E-02   9.5129732E-03  -5.9135956E-04   3.8664750E-03  -5.1721303E-04  -4.3127997E-06   5.5735068E-05  -3.3905161E-06   5.1276481E-04  -1.1300096E-05  -5.4479474E-05  -2.4743640E-05  -6.1270747E-06   6.5565432E-07   4.7683721E-07   1.0173591E-05   2.8881846E-05
