# omegabh2 omegach2 theta tau meffsterile nnu logA ns calPlanck acib217 xi asz143 aps100 aps143 aps143217 aps217 aksz kgal100 kgal143 kgal143217 kgal217 cal0 cal2
  3.7161635E-08   5.6261257E-08   1.0276563E-08   2.2260443E-07   3.8526028E-07   6.4615208E-06   6.4765057E-07   4.5978449E-07   1.4924068E-08  -7.4506842E-05   1.0322040E-06   2.9327105E-05  -4.1046134E-04  -2.8816728E-04  -1.0719698E-04  -3.9796575E-05  -3.9583996E-05   6.4293276E-06   4.6361072E-07   3.1592086E-06   3.1012525E-05   2.5695011E-09  -2.2299053E-10
  5.6261257E-08   1.3464341E-05  -5.1328086E-07  -2.3876027E-07  -7.7400272E-04   2.3370431E-04   1.2060813E-05   9.2762283E-06  -3.2402986E-07   1.4746578E-03  -1.4747258E-05  -4.1005055E-04   8.7646411E-03   2.2064940E-03  -3.9455582E-05  -1.2416921E-03   6.9244714E-04  -7.2307513E-05   9.7257403E-05  -1.4955656E-04  -9.4325977E-04   1.3322965E-08   7.7308201E-09
  1.0276563E-08  -5.1328086E-07   1.9806987E-07   1.3572989E-07   2.1348652E-05  -1.4972993E-05  -2.4472708E-07  -3.1291954E-07   1.5376497E-08  -4.1882841E-05   3.2537992E-07   2.2035688E-05  -5.1055527E-04  -1.6706731E-04  -6.7857464E-05  -3.7540689E-05  -3.5771118E-05   1.9984028E-06  -2.7591359E-07   1.4334625E-05   3.7189204E-05  -3.8720278E-09   5.4088518E-10
  2.2260443E-07  -2.3876027E-07   1.3572989E-07   5.0601189E-05   4.6988591E-07   4.4955062E-05   9.8908041E-05   6.6450558E-06  -4.7696157E-07  -3.5804361E-04   1.2688270E-05   6.5614706E-05  -4.0654194E-03  -3.7050800E-03  -2.0744814E-03  -1.2856220E-03  -3.4030878E-04  -1.3246097E-04  -1.6472397E-04  -5.0265881E-04  -1.0117462E-03   1.1031265E-08   7.0144026E-09
  3.8526028E-07  -7.7400272E-04   2.1348652E-05   4.6988591E-07   6.3427071E-02  -6.4750309E-03  -3.1346176E-04  -5.4636924E-04   2.3389831E-05  -6.6786918E-02   4.4329779E-04   2.0218084E-02  -3.8837917E-01  -2.0877885E-03   8.4482916E-02   1.3142582E-01  -3.0727587E-02   3.0817746E-03  -7.9050468E-03   1.5408563E-02   6.2234100E-02  -3.0807250E-07   1.1003043E-06
  6.4615208E-06   2.3370431E-04  -1.4972993E-05   4.4955062E-05  -6.4750309E-03   1.0061366E-02   4.4955089E-04   3.9972120E-04   6.2035165E-07   4.9269886E-02  -7.5585885E-04  -1.3817939E-02   3.0016727E-01   1.1378373E-01   2.5995500E-02  -1.3269823E-02   2.4958692E-02   3.6699642E-04   3.4323209E-03   1.1803906E-03  -1.6013400E-02   1.3142442E-06   1.3053015E-06
  6.4765057E-07   1.2060813E-05  -2.4472708E-07   9.8908041E-05  -3.1346176E-04   4.4955089E-04   2.4359447E-04   1.9337893E-05   1.0977250E-05   1.7125337E-04   5.3062866E-05  -2.0825966E-04   5.3371247E-03  -5.0570301E-04   1.3577286E-03   4.7026989E-03  -1.0388349E-03  -8.0961178E-04  -9.4927544E-04  -1.4701085E-03  -8.6995478E-04   1.9990971E-07   7.1389084E-08
  4.5978449E-07   9.2762283E-06  -3.1291954E-07   6.6450558E-06  -5.4636924E-04   3.9972120E-04   1.9337893E-05   3.4737329E-05   2.9916925E-07  -1.7429290E-03   6.2061690E-05   3.4148969E-04  -9.1523782E-03  -2.2302446E-03   2.0544812E-03   3.0197231E-03  -1.2469542E-03   4.6034365E-04   2.3484152E-05  -2.2729316E-04   2.6794987E-04  -3.9889238E-08  -2.1407286E-08
  1.4924068E-08  -3.2402986E-07   1.5376497E-08  -4.7696157E-07   2.3389831E-05   6.2035165E-07   1.0977250E-05   2.9916925E-07   6.0746062E-06   6.3661234E-04  -9.4078633E-07   1.1226908E-05   4.0890341E-03   1.0009302E-03   7.3581733E-04   1.5349297E-03  -9.3875014E-05  -3.8826836E-05  -1.3606828E-05  -7.9252922E-06   7.7564418E-04  -3.9526513E-09   7.1884383E-09
 -7.4506842E-05   1.4746578E-03  -4.1882841E-05  -3.5804361E-04  -6.6786918E-02   4.9269886E-02   1.7125337E-04  -1.7429290E-03   6.3661234E-04   4.4812150E+01  -4.1082574E-01  -1.0542485E+00   3.7219630E+01   1.7903952E+00  -1.4479886E+01  -5.5535991E+01   1.3234985E-01   3.4633461E-01   6.2104733E-01  -5.6669358E+00  -3.3142666E+01  -1.9832076E-04   6.8533280E-04
  1.0322040E-06  -1.4747258E-05   3.2537992E-07   1.2688270E-05   4.4329779E-04  -7.5585885E-04   5.3062866E-05   6.2061690E-05  -9.4078633E-07  -4.1082574E-01   8.1630394E-02  -3.7316399E-02  -5.6486351E-01   8.6275130E-01   1.6546593E+00   6.5777726E-01   3.9785890E-02  -9.8930323E-03   8.0651731E-03   1.0731257E-01   1.5982269E-01   3.7552354E-06  -1.1673496E-06
  2.9327105E-05  -4.1005055E-04   2.2035688E-05   6.5614706E-05   2.0218084E-02  -1.3817939E-02  -2.0825966E-04   3.4148969E-04   1.1226908E-05  -1.0542485E+00  -3.7316399E-02   3.9950385E+00  -3.1409956E+01  -2.9543330E+00   8.4238995E+00   5.9684469E+00  -3.0667187E+00  -2.3215501E-01   1.3332065E-01   2.7407717E+00   3.5005837E+00   1.0938904E-04  -3.4457861E-05
 -4.1046134E-04   8.7646411E-03  -5.1055527E-04  -4.0654194E-03  -3.8837917E-01   3.0016727E-01   5.3371247E-03  -9.1523782E-03   4.0890341E-03   3.7219630E+01  -5.6486351E-01  -3.1409956E+01   7.9578646E+02   6.9941569E+01  -5.9701133E+01  -6.4615883E+01   1.6779520E+01  -6.1050380E+00   5.8014158E+00  -1.1667811E+01  -2.3515175E+01   3.8594889E-03   4.7312371E-04
 -2.8816728E-04   2.2064940E-03  -1.6706731E-04  -3.7050800E-03  -2.0877885E-03   1.1378373E-01  -5.0570301E-04  -2.2302446E-03   1.0009302E-03   1.7903952E+00   8.6275130E-01  -2.9543330E+00   6.9941569E+01   6.3047887E+01   4.1863249E+01   1.8378534E+01  -5.2313507E+00  -3.4407694E-01  -1.1564604E+00   3.9311454E+00   5.2464399E+00   1.1148920E-04   1.1974968E-04
 -1.0719698E-04  -3.9455582E-05  -6.7857464E-05  -2.0744814E-03   8.4482916E-02   2.5995500E-02   1.3577286E-03   2.0544812E-03   7.3581733E-04  -1.4479886E+01   1.6546593E+00   8.4238995E+00  -5.9701133E+01   4.1863249E+01   8.8770519E+01   5.8532713E+01  -1.3365228E+01  -1.0489706E+00  -7.4261222E-01   5.5723564E+00   1.0168972E+01   4.0317662E-04  -3.7530436E-04
 -3.9796575E-05  -1.2416921E-03  -3.7540689E-05  -1.2856220E-03   1.3142582E-01  -1.3269823E-02   4.7026989E-03   3.0197231E-03   1.5349297E-03  -5.5535991E+01   6.5777726E-01   5.9684469E+00  -6.4615883E+01   1.8378534E+01   5.8532713E+01   1.0756587E+02  -1.0687313E+01  -9.4238531E-01  -1.3269397E+00   5.8396928E+00   3.4189519E+01   4.2700115E-04  -1.3342652E-03
 -3.9583996E-05   6.9244714E-04  -3.5771118E-05  -3.4030878E-04  -3.0727587E-02   2.4958692E-02  -1.0388349E-03  -1.2469542E-03  -9.3875014E-05   1.3234985E-01   3.9785890E-02  -3.0667187E+00   1.6779520E+01  -5.2313507E+00  -1.3365228E+01  -1.0687313E+01   6.6786698E+00   8.1298152E-02  -2.1687834E-01  -2.3298401E+00  -2.7099949E+00  -8.1368607E-05   1.8033537E-05
  6.4293276E-06  -7.2307513E-05   1.9984028E-06  -1.3246097E-04   3.0817746E-03   3.6699642E-04  -8.0961178E-04   4.6034365E-04  -3.8826836E-05   3.4633461E-01  -9.8930323E-03  -2.3215501E-01  -6.1050380E+00  -3.4407694E-01  -1.0489706E+00  -9.4238531E-01   8.1298152E-02   3.4445520E+00   5.9265134E-01   2.1627344E-01   2.8361479E-02   1.7462131E-04  -5.4258110E-06
  4.6361072E-07   9.7257403E-05  -2.7591359E-07  -1.6472397E-04  -7.9050468E-03   3.4323209E-03  -9.4927544E-04   2.3484152E-05  -1.3606828E-05   6.2104733E-01   8.0651731E-03   1.3332065E-01   5.8014158E+00  -1.1564604E+00  -7.4261222E-01  -1.3269397E+00  -2.1687834E-01   5.9265134E-01   3.1607996E+00   2.6839634E+00   2.6172277E+00  -1.6118196E-04  -4.3699530E-05
  3.1592086E-06  -1.4955656E-04   1.4334625E-05  -5.0265881E-04   1.5408563E-02   1.1803906E-03  -1.4701085E-03  -2.2729316E-04  -7.9252922E-06  -5.6669358E+00   1.0731257E-01   2.7407717E+00  -1.1667811E+01   3.9311454E+00   5.5723564E+00   5.8396928E+00  -2.3298401E+00   2.1627344E-01   2.6839634E+00   1.0729734E+01   1.9072651E+01   2.6767285E-05   4.0725502E-04
  3.1012525E-05  -9.4325977E-04   3.7189204E-05  -1.0117462E-03   6.2234100E-02  -1.6013400E-02  -8.6995478E-04   2.6794987E-04   7.7564418E-04  -3.3142666E+01   1.5982269E-01   3.5005837E+00  -2.3515175E+01   5.2464399E+00   1.0168972E+01   3.4189519E+01  -2.7099949E+00   2.8361479E-02   2.6172277E+00   1.9072651E+01   5.3158531E+01   1.4855051E-04   9.5344609E-04
  2.5695011E-09   1.3322965E-08  -3.8720278E-09   1.1031265E-08  -3.0807250E-07   1.3142442E-06   1.9990971E-07  -3.9889238E-08  -3.9526513E-09  -1.9832076E-04   3.7552354E-06   1.0938904E-04   3.8594889E-03   1.1148920E-04   4.0317662E-04   4.2700115E-04  -8.1368607E-05   1.7462131E-04  -1.6118196E-04   2.6767285E-05   1.4855051E-04   3.7721854E-07   2.9176823E-09
 -2.2299053E-10   7.7308201E-09   5.4088518E-10   7.0144026E-09   1.1003043E-06   1.3053015E-06   7.1389084E-08  -2.1407286E-08   7.1884383E-09   6.8533280E-04  -1.1673496E-06  -3.4457861E-05   4.7312371E-04   1.1974968E-04  -3.7530436E-04  -1.3342652E-03   1.8033537E-05  -5.4258110E-06  -4.3699530E-05   4.0725502E-04   9.5344609E-04   2.9176823E-09   3.8084528E-07
