# omegabh2 omegach2 theta mnu logA ns
  2.5222935E-07   5.7064350E-07   2.4172909E-07  -1.1808766E-06  -1.5606504E-06  -2.6072737E-08
  5.7064350E-07   6.1192643E-04   8.3775045E-04   2.0762582E-02  -2.6458026E-03  -4.4796087E-05
  2.4172909E-07   8.3775045E-04   1.2247755E-03   3.1951090E-02  -3.3071391E-03  -7.6130196E-06
 -1.1808766E-06   2.0762582E-02   3.1951090E-02   9.7608316E-01  -7.2472074E-02   1.9861634E-03
 -1.5606504E-06  -2.6458026E-03  -3.3071391E-03  -7.2472074E-02   1.4151727E-02   6.7960019E-04
 -2.6072737E-08  -4.4796087E-05  -7.6130196E-06   1.9861634E-03   6.7960019E-04   4.0214521E-04
