# omegabh2 omegach2 theta tau logA ns calPlanck acib217 xi asz143 aps100 aps143 aps143217 aps217 aksz kgal100 kgal143 kgal143217 kgal217 galfTE100 galfTE100143 galfTE100217 galfTE143 galfTE143217 galfTE217 cal0 cal2
  2.0724858E-08  -8.0835009E-08   1.5163684E-08   2.7662224E-07   4.7457785E-07   2.2941848E-07   1.1420663E-08  -6.7676144E-05   1.0355134E-06   1.6579349E-05  -2.5110152E-04  -1.8059045E-04  -5.7079042E-05  -6.6451773E-06  -3.7787333E-05  -1.6719838E-05  -2.3995860E-05  -2.7758523E-05  -1.2551600E-05  -7.5408528E-08   5.7297474E-08   8.0444069E-08  -1.3958668E-07  -3.4549939E-07  -3.0951782E-06   3.4227968E-09  -1.3185464E-09
 -8.0835009E-08   1.2264940E-06  -1.0696762E-07  -3.1139680E-06  -3.8131770E-06  -3.0863076E-06  -1.7688064E-07   1.2015508E-04  -1.0193881E-05  -8.3066953E-05   1.5746706E-03   1.0590955E-03   2.9724825E-04   3.1310344E-04   6.5559298E-05   9.5878890E-05   4.6816372E-05   9.0706728E-05   1.8372038E-04   1.0302965E-06  -4.0161455E-07  -8.2736093E-07  -5.3820808E-07   1.0438586E-06   2.4794551E-05  -1.8715357E-08   4.1132894E-09
  1.5163684E-08  -1.0696762E-07   9.3195040E-08   3.5481959E-07   5.8692969E-07   3.7438924E-07   1.7904101E-08   7.4354677E-05   1.9803301E-06  -4.2319069E-06   3.2753807E-04  -7.9579239E-05  -4.4655949E-05  -2.0955229E-04   1.1695945E-05  -3.6038111E-05   2.7127500E-05   9.4996506E-06  -2.1018559E-05  -3.2624568E-07   4.9348380E-08   6.1082498E-07   3.0832784E-07   3.0752687E-07  -2.9799553E-06  -8.1263396E-09   1.1758643E-09
  2.7662224E-07  -3.1139680E-06   3.5481959E-07   5.4825328E-05   9.9082963E-05   1.0184657E-05  -1.2687838E-06  -6.5311196E-04   9.4744026E-06   5.0607668E-04  -4.3257130E-03  -3.0550228E-03  -1.0842908E-03  -1.6938672E-03  -1.3494081E-03  -2.9126680E-04   6.2645184E-05   2.9171256E-04   9.3469145E-05   1.2558184E-05  -8.5278921E-07   2.7194588E-05  -1.7881086E-05  -2.4160791E-05  -1.5026217E-04  -3.6879314E-08  -5.3686540E-08
  4.7457785E-07  -3.8131770E-06   5.8692969E-07   9.9082963E-05   2.0875863E-04   1.2653841E-05   9.0305701E-06  -3.0028324E-04  -7.2910051E-06   7.1897838E-04   1.1596311E-03  -2.0021112E-03   1.5993999E-04   1.6313953E-03  -3.1662604E-03  -6.2691993E-04  -5.8967098E-04  -1.6185584E-04   9.7534820E-04   2.1702333E-05  -9.2039529E-06   4.7424955E-05  -4.2712199E-05  -5.4436179E-05  -2.9525064E-04   3.4936759E-08  -4.0537966E-08
  2.2941848E-07  -3.0863076E-06   3.7438924E-07   1.0184657E-05   1.2653841E-05   1.7406438E-05   4.2082221E-07  -4.5109473E-03   9.5381877E-05   9.9804503E-04  -2.4295758E-02  -7.1779121E-03   1.7871105E-03   4.5475004E-03  -2.3811457E-03  -1.8485528E-04  -4.2044109E-04  -5.4668355E-04   8.2474729E-04  -3.9583114E-06   3.7097009E-06   7.5191244E-07   5.0617253E-06   9.4309512E-06  -5.0326520E-05  -6.5948976E-08  -7.9285254E-08
  1.1420663E-08  -1.7688064E-07   1.7904101E-08  -1.2687838E-06   9.0305701E-06   4.2082221E-07   6.0054705E-06   8.9119203E-04  -2.2562716E-05  -1.3634922E-05   4.6116843E-03   9.1309179E-04   3.0824482E-04   1.1002136E-03   3.5739253E-05   6.8054297E-06  -1.3828608E-04  -1.9214295E-04   4.5172500E-04  -2.3950341E-06  -3.2367704E-06   6.7597597E-07  -2.3029279E-06  -3.4478416E-06  -2.4280756E-05   1.5656011E-09   4.2846728E-08
 -6.7676144E-05   1.2015508E-04   7.4354677E-05  -6.5311196E-04  -3.0028324E-04  -4.5109473E-03   8.9119203E-04   4.4987691E+01  -3.8162428E-01  -7.5987109E-01   3.9440887E+01   2.1967704E+00  -1.1794319E+01  -5.4790274E+01  -3.3109882E-01  -4.1636527E-02   3.1043367E-01  -6.0274433E+00  -3.3701547E+01  -2.3144126E-03  -5.3873731E-03   3.9572623E-03   1.5086338E-03  -1.5592766E-02  -3.1455561E-02  -2.2964176E-04   7.9530468E-04
  1.0355134E-06  -1.0193881E-05   1.9803301E-06   9.4744026E-06  -7.2910051E-06   9.5381877E-05  -2.2562716E-05  -3.8162428E-01   8.0473637E-02  -3.2003339E-02  -5.5226045E-01   9.1543538E-01   1.6928819E+00   5.6247914E-01   5.0845593E-02  -1.7786612E-02   8.3979782E-03   1.3520403E-01   2.1881336E-01  -5.7346499E-05   2.0429373E-04  -6.4194536E-04   5.9546549E-04   8.1108894E-04   1.3988951E-03   5.0320577E-06   8.4501442E-06
  1.6579349E-05  -8.3066953E-05  -4.2319069E-06   5.0607668E-04   7.1897838E-04   9.9804503E-04  -1.3634922E-05  -7.5987109E-01  -3.2003339E-02   3.9252670E+00  -2.9647065E+01  -3.2014611E+00   8.0604492E+00   5.1210964E+00  -2.7131640E+00  -3.6301821E-01   2.1063584E-01   2.8224142E+00   3.4239568E+00  -3.3114236E-03  -1.6628832E-03  -1.0670074E-03  -2.1814984E-03   9.3991400E-04   9.6750097E-03   1.3719261E-04  -3.9777219E-05
 -2.5110152E-04   1.5746706E-03   3.2753807E-04  -4.3257130E-03   1.1596311E-03  -2.4295758E-02   4.6116843E-03   3.9440887E+01  -5.5226045E-01  -2.9647065E+01   7.7170218E+02   7.2823117E+01  -5.1047241E+01  -5.9860742E+01   1.1721044E+01  -5.0952153E+00   4.4415164E+00  -1.3122083E+01  -2.6831934E+01   2.3615299E-02  -1.3534451E-02   2.3011924E-02   1.3138798E-02   3.5352832E-02   3.7826134E-02   3.5999691E-03   5.0536612E-04
 -1.8059045E-04   1.0590955E-03  -7.9579239E-05  -3.0550228E-03  -2.0021112E-03  -7.1779121E-03   9.1309179E-04   2.1967704E+00   9.1543538E-01  -3.2014611E+00   7.2823117E+01   6.0966175E+01   4.0046306E+01   1.4237962E+01  -4.7917574E+00  -2.8522633E-01  -1.3115895E+00   3.2759252E+00   4.3244896E+00   6.4046447E-03   7.0933172E-06   5.8026862E-03  -6.6938072E-03   1.4850003E-02   5.2227914E-03   1.2032372E-04   2.5469702E-04
 -5.7079042E-05   2.9724825E-04  -4.4655949E-05  -1.0842908E-03   1.5993999E-04   1.7871105E-03   3.0824482E-04  -1.1794319E+01   1.6928819E+00   8.0604492E+00  -5.1047241E+01   4.0046306E+01   8.5721175E+01   4.9757172E+01  -1.1684811E+01  -1.3681716E+00  -4.9930032E-01   5.5647599E+00   9.0209541E+00  -6.9804440E-03   1.3428507E-03  -1.5921975E-02   9.2467100E-03   3.2194459E-02   4.3810913E-02   4.9845275E-04  -2.3880942E-04
 -6.6451773E-06   3.1310344E-04  -2.0955229E-04  -1.6938672E-03   1.6313953E-03   4.5475004E-03   1.1002136E-03  -5.4790274E+01   5.6247914E-01   5.1210964E+00  -5.9860742E+01   1.4237962E+01   4.9757172E+01   1.0168255E+02  -8.8892487E+00  -5.3537182E-01  -9.8936254E-01   5.4609796E+00   3.3156896E+01  -1.8382795E-03  -1.7162925E-03  -2.0518390E-02   4.9936918E-04   3.1672385E-02   3.1518443E-02   5.5118498E-04  -1.5850461E-03
 -3.7787333E-05   6.5559298E-05   1.1695945E-05  -1.3494081E-03  -3.1662604E-03  -2.3811457E-03   3.5739253E-05  -3.3109882E-01   5.0845593E-02  -2.7131640E+00   1.1721044E+01  -4.7917574E+00  -1.1684811E+01  -8.8892487E+00   5.8767372E+00   2.2120924E-01  -1.7773234E-01  -2.0096633E+00  -2.0510878E+00   4.3952963E-04   2.0417995E-03   2.0614928E-03   5.3139912E-03  -6.1652905E-03  -2.1351097E-03  -1.0449350E-04   3.1328241E-05
 -1.6719838E-05   9.5878890E-05  -3.6038111E-05  -2.9126680E-04  -6.2691993E-04  -1.8485528E-04   6.8054297E-06  -4.1636527E-02  -1.7786612E-02  -3.6301821E-01  -5.0952153E+00  -2.8522633E-01  -1.3681716E+00  -5.3537182E-01   2.2120924E-01   3.2182561E+00   5.2379656E-01   2.2910017E-01   5.4295147E-01   9.0200636E-05   8.6708318E-04   3.9967162E-03  -7.1520686E-04  -3.5828797E-03  -6.1586730E-03   1.6615440E-04   3.7911736E-05
 -2.3995860E-05   4.6816372E-05   2.7127500E-05   6.2645184E-05  -5.8967098E-04  -4.2044109E-04  -1.3828608E-04   3.1043367E-01   8.3979782E-03   2.1063584E-01   4.4415164E+00  -1.3115895E+00  -4.9930032E-01  -9.8936254E-01  -1.7773234E-01   5.2379656E-01   3.1669606E+00   2.8152480E+00   3.0766676E+00   6.6206155E-04  -1.6286056E-03   2.4144518E-04   1.0805549E-03   9.6066857E-04  -1.4135486E-02  -1.8974745E-04  -3.7140034E-05
 -2.7758523E-05   9.0706728E-05   9.4996506E-06   2.9171256E-04  -1.6185584E-04  -5.4668355E-04  -1.9214295E-04  -6.0274433E+00   1.3520403E-01   2.8224142E+00  -1.3122083E+01   3.2759252E+00   5.5647599E+00   5.4609796E+00  -2.0096633E+00   2.2910017E-01   2.8152480E+00   1.1168340E+01   1.9960292E+01  -2.1157631E-05  -1.8262435E-03  -2.8379094E-04  -8.2393994E-03   3.4253940E-04   5.9788864E-03   5.8719808E-05   4.6655522E-04
 -1.2551600E-05   1.8372038E-04  -2.1018559E-05   9.3469145E-05   9.7534820E-04   8.2474729E-04   4.5172500E-04  -3.3701547E+01   2.1881336E-01   3.4239568E+00  -2.6831934E+01   4.3244896E+00   9.0209541E+00   3.3156896E+01  -2.0510878E+00   5.4295147E-01   3.0766676E+00   1.9960292E+01   5.4621341E+01   2.8493374E-03   2.4200576E-03   9.6500231E-03  -1.8831597E-02   4.5416967E-03   2.8168313E-02   1.7232623E-04   1.0272946E-03
 -7.5408528E-08   1.0302965E-06  -3.2624568E-07   1.2558184E-05   2.1702333E-05  -3.9583114E-06  -2.3950341E-06  -2.3144126E-03  -5.7346499E-05  -3.3114236E-03   2.3615299E-02   6.4046447E-03  -6.9804440E-03  -1.8382795E-03   4.3952963E-04   9.0200636E-05   6.6206155E-04  -2.1157631E-05   2.8493374E-03   1.4369110E-03   2.6699341E-04   1.2895028E-05  -3.3396960E-04  -1.5637230E-04  -6.0517979E-04  -1.2761342E-07  -3.0163413E-07
  5.7297474E-08  -4.0161455E-07   4.9348380E-08  -8.5278921E-07  -9.2039529E-06   3.7097009E-06  -3.2367704E-06  -5.3873731E-03   2.0429373E-04  -1.6628832E-03  -1.3534451E-02   7.0933172E-06   1.3428507E-03  -1.7162925E-03   2.0417995E-03   8.6708318E-04  -1.6286056E-03  -1.8262435E-03   2.4200576E-03   2.6699341E-04   8.5520031E-04  -8.9724777E-05   7.3990765E-04  -6.5913862E-06  -6.7351651E-04  -2.7247698E-08   4.1005816E-07
  8.0444069E-08  -8.2736093E-07   6.1082498E-07   2.7194588E-05   4.7424955E-05   7.5191244E-07   6.7597597E-07   3.9572623E-03  -6.4194536E-04  -1.0670074E-03   2.3011924E-02   5.8026862E-03  -1.5921975E-02  -2.0518390E-02   2.0614928E-03   3.9967162E-03   2.4144518E-04  -2.8379094E-04   9.6500231E-03   1.2895028E-05  -8.9724777E-05   6.8727696E-03  -4.2667627E-04   2.9913240E-04   3.7355720E-03  -6.0913197E-07   1.2611200E-06
 -1.3958668E-07  -5.3820808E-07   3.0832784E-07  -1.7881086E-05  -4.2712199E-05   5.0617253E-06  -2.3029279E-06   1.5086338E-03   5.9546549E-04  -2.1814984E-03   1.3138798E-02  -6.6938072E-03   9.2467100E-03   4.9936918E-04   5.3139912E-03  -7.1520686E-04   1.0805549E-03  -8.2393994E-03  -1.8831597E-02  -3.3396960E-04   7.3990765E-04  -4.2667627E-04   2.9651225E-03   6.5894037E-04  -5.1306515E-04   7.5077401E-07  -6.7912298E-07
 -3.4549939E-07   1.0438586E-06   3.0752687E-07  -2.4160791E-05  -5.4436179E-05   9.4309512E-06  -3.4478416E-06  -1.5592766E-02   8.1108894E-04   9.3991400E-04   3.5352832E-02   1.4850003E-02   3.2194459E-02   3.1672385E-02  -6.1652905E-03  -3.5828797E-03   9.6066857E-04   3.4253940E-04   4.5416967E-03  -1.5637230E-04  -6.5913862E-06   2.9913240E-04   6.5894037E-04   6.8610786E-03   8.0742691E-03   1.2533737E-06  -8.1629429E-07
 -3.0951782E-06   2.4794551E-05  -2.9799553E-06  -1.5026217E-04  -2.9525064E-04  -5.0326520E-05  -2.4280756E-05  -3.1455561E-02   1.3988951E-03   9.6750097E-03   3.7826134E-02   5.2227914E-03   4.3810913E-02   3.1518443E-02  -2.1351097E-03  -6.1586730E-03  -1.4135486E-02   5.9788864E-03   2.8168313E-02  -6.0517979E-04  -6.7351651E-04   3.7355720E-03  -5.1306515E-04   8.0742691E-03   7.3593975E-02   5.2310283E-06  -4.7458615E-07
  3.4227968E-09  -1.8715357E-08  -8.1263396E-09  -3.6879314E-08   3.4936759E-08  -6.5948976E-08   1.5656011E-09  -2.2964176E-04   5.0320577E-06   1.3719261E-04   3.5999691E-03   1.2032372E-04   4.9845275E-04   5.5118498E-04  -1.0449350E-04   1.6615440E-04  -1.8974745E-04   5.8719808E-05   1.7232623E-04  -1.2761342E-07  -2.7247698E-08  -6.0913197E-07   7.5077401E-07   1.2533737E-06   5.2310283E-06   3.8166091E-07  -1.0870905E-08
 -1.3185464E-09   4.1132894E-09   1.1758643E-09  -5.3686540E-08  -4.0537966E-08  -7.9285254E-08   4.2846728E-08   7.9530468E-04   8.4501442E-06  -3.9777219E-05   5.0536612E-04   2.5469702E-04  -2.3880942E-04  -1.5850461E-03   3.1328241E-05   3.7911736E-05  -3.7140034E-05   4.6655522E-04   1.0272946E-03  -3.0163413E-07   4.1005816E-07   1.2611200E-06  -6.7912298E-07  -8.1629429E-07  -4.7458615E-07  -1.0870905E-08   4.0342926E-07
