# omegabh2 omegach2 theta tau logA ns r calPlanck acib217 xi asz143 aps100 aps143 aps143217 aps217 aksz kgal100 kgal143 kgal143217 kgal217 galfEE100 galfEE100143 galfEE100217 galfEE143 galfEE143217 galfEE217 galfTE100 galfTE100143 galfTE100217 galfTE143 galfTE143217 galfTE217 cal0 cal2
    0.2549268E-07   -0.1413058E-06    0.2161243E-07    0.1013759E-05    0.1826660E-05    0.3939249E-06    0.1305239E-06    0.2640686E-07   -0.1240158E-03    0.3218734E-05    0.3256833E-04   -0.4953085E-03   -0.2532907E-03   -0.8424858E-05    0.7004455E-04   -0.5518970E-04    0.1273738E-05   -0.7005265E-05   -0.8710712E-05    0.1691570E-04    0.4967864E-07    0.5252315E-07    0.3779963E-07    0.6883878E-07    0.1037697E-06    0.2513561E-07   -0.1054305E-06   -0.1658918E-07   -0.7929212E-07   -0.1514781E-06   -0.8750564E-06   -0.2516492E-05    0.5890368E-08   -0.1097134E-07
   -0.1413058E-06    0.2040275E-05   -0.1825762E-06   -0.1272685E-04   -0.2097120E-04   -0.5263465E-05   -0.3477580E-05   -0.1918296E-06    0.6216289E-03   -0.1629768E-04   -0.1846272E-03    0.2637895E-02    0.1488082E-02    0.1920226E-03   -0.2442000E-03    0.3186574E-03    0.1838947E-04    0.7039966E-05    0.5626259E-04    0.2120953E-04   -0.6373184E-06   -0.7039128E-06   -0.1651077E-06   -0.8038169E-06   -0.4233971E-06    0.1253975E-05    0.6771115E-06   -0.4170283E-06   -0.6471970E-06    0.4998400E-06    0.5090847E-05    0.1875164E-04   -0.1858476E-07    0.7888608E-07
    0.2161243E-07   -0.1825762E-06    0.1038619E-06    0.1772822E-05    0.3264843E-05    0.6200197E-06    0.1407809E-06    0.2994755E-07   -0.8066347E-04    0.2196049E-05    0.1680139E-04   -0.2728538E-03   -0.1361176E-03   -0.1671273E-06    0.5778806E-04   -0.3846298E-04   -0.1140957E-05   -0.9819361E-05   -0.7394018E-05    0.8026559E-05    0.6327410E-07    0.5715896E-07   -0.8287596E-08    0.5755524E-07   -0.7669477E-08   -0.2545194E-06   -0.9079706E-07    0.9279015E-07    0.1188826E-06   -0.9041600E-07   -0.9237752E-06   -0.2186311E-05    0.5977073E-08   -0.4601658E-08
    0.1013759E-05   -0.1272685E-04    0.1772822E-05    0.1899401E-03    0.3399166E-03    0.3974901E-04    0.1112741E-04   -0.3816103E-05   -0.7345877E-02    0.1398428E-03    0.1973853E-02   -0.3336158E-01   -0.1467422E-01   -0.1087294E-02    0.2718006E-02   -0.3344369E-02    0.1886855E-03   -0.9772335E-04   -0.8800480E-03   -0.1043114E-02    0.3571307E-05    0.4884917E-05   -0.9199191E-06    0.5687487E-05    0.4199878E-05   -0.6237633E-05   -0.5948850E-05    0.2640347E-05    0.1302997E-04   -0.1184403E-04   -0.4028332E-04   -0.1440672E-03    0.2803524E-07   -0.9622139E-06
    0.1826660E-05   -0.2097120E-04    0.3264843E-05    0.3399166E-03    0.6379783E-03    0.6641238E-04    0.7545788E-05    0.4329743E-05   -0.1354237E-01    0.3173109E-03    0.3701494E-02   -0.5719620E-01   -0.2425220E-01    0.2137624E-02    0.1098084E-01   -0.6854370E-02    0.2280476E-03   -0.5946945E-03   -0.1714699E-02   -0.6705649E-04    0.7086284E-05    0.8420043E-05   -0.2297828E-05    0.1078389E-04    0.6187050E-05   -0.3464340E-05   -0.1138292E-04    0.4637930E-05    0.2154738E-04   -0.2000569E-04   -0.7705414E-04   -0.2444322E-03    0.2699048E-06   -0.1880644E-05
    0.3939249E-06   -0.5263465E-05    0.6200197E-06    0.3974901E-04    0.6641238E-04    0.2313524E-04    0.2423352E-04    0.4956029E-06   -0.5652298E-02    0.1477814E-03    0.1402840E-02   -0.2894587E-01   -0.7996818E-02    0.3275102E-02    0.6689300E-02   -0.3054419E-02    0.2601699E-03   -0.2284233E-03   -0.7123466E-03    0.2148846E-04    0.2563214E-05    0.3108758E-05    0.4653004E-06    0.3454197E-05    0.2513818E-05   -0.1728887E-05   -0.1941719E-05    0.2139568E-05    0.6106372E-08    0.1818165E-06   -0.1332714E-04   -0.4963992E-04   -0.8048217E-07   -0.5492139E-06
    0.1305239E-06   -0.3477580E-05    0.1407809E-06    0.1112741E-04    0.7545788E-05    0.2423352E-04    0.1382218E-02   -0.9220257E-06   -0.7371525E-02    0.3033369E-03    0.2432207E-02   -0.3058429E-01   -0.6907110E-02    0.1016435E-01    0.1005006E-01   -0.3253380E-02   -0.2204077E-02   -0.1143590E-02    0.2528360E-03    0.1149439E-02   -0.1705098E-04   -0.2021513E-04    0.1426609E-04   -0.1851744E-04    0.4972928E-05   -0.5538431E-05    0.1656459E-04    0.2091118E-04   -0.1418837E-04    0.3659088E-04   -0.1208566E-04   -0.2407083E-04    0.3007210E-07   -0.1884707E-06
    0.2640686E-07   -0.1918296E-06    0.2994755E-07   -0.3816103E-05    0.4329743E-05    0.4956029E-06   -0.9220257E-06    0.6155266E-05    0.6799245E-03    0.8132047E-05    0.7154562E-04    0.2839440E-02    0.4574302E-03    0.6363214E-03    0.1311141E-02   -0.2733392E-04    0.4235180E-04    0.3937192E-04    0.1307046E-03    0.8921925E-03    0.8501045E-06    0.4073213E-06    0.3990414E-06    0.9350656E-06    0.3247371E-06    0.3022509E-05   -0.6216126E-06    0.3185614E-06   -0.1440821E-05    0.1483203E-05   -0.3014237E-05    0.1210838E-05    0.8548889E-08   -0.4526212E-07
   -0.1240158E-03    0.6216289E-03   -0.8066347E-04   -0.7345877E-02   -0.1354237E-01   -0.5652298E-02   -0.7371525E-02    0.6799245E-03    0.4368747E+02   -0.5093042E+00   -0.1664393E+01    0.4143594E+02   -0.1134828E+01   -0.2286551E+02   -0.6220268E+02    0.3769885E+00   -0.1767224E+00    0.1409856E+00   -0.2148167E+01   -0.1882773E+02   -0.2201342E-03   -0.4999380E-03   -0.1657420E-02   -0.9515166E-04    0.1752894E-02    0.2529779E-02    0.1268379E-02    0.1758825E-02    0.3406203E-02    0.1693328E-02    0.1346419E-02    0.1449343E-02   -0.3499922E-03    0.4350328E-02
    0.3218734E-05   -0.1629768E-04    0.2196049E-05    0.1398428E-03    0.3173109E-03    0.1477814E-03    0.3033369E-03    0.8132047E-05   -0.5093042E+00    0.8027913E-01   -0.6839010E-01   -0.5207648E+00    0.1025803E+01    0.1910880E+01    0.7986996E+00    0.6814780E-01   -0.3134557E-02   -0.2979654E-02    0.9744031E-01    0.1104618E+00    0.6935275E-05    0.1359263E-04   -0.1847782E-03    0.8018841E-05    0.1082366E-03   -0.6479495E-04   -0.8347485E-04   -0.2023210E-04   -0.4089731E-04    0.5611081E-05   -0.1639807E-03   -0.3555254E-03    0.1023081E-04   -0.1807049E-04
    0.3256833E-04   -0.1846272E-03    0.1680139E-04    0.1973853E-02    0.3701494E-02    0.1402840E-02    0.2432207E-02    0.7154562E-04   -0.1664393E+01   -0.6839010E-01    0.3612917E+01   -0.2840384E+02   -0.3723011E+01    0.7508103E+01    0.6744850E+01   -0.2619194E+01   -0.1543943E+00    0.7699295E-01    0.2299557E+01    0.2108265E+01    0.2271876E-04    0.1729833E-03    0.2437228E-03    0.2627380E-03    0.8069641E-03    0.4899601E-02   -0.6753898E-04   -0.6933700E-04   -0.1468113E-03   -0.4984933E-03   -0.5132540E-03   -0.5114626E-02    0.1649388E-03   -0.3527338E-03
   -0.4953085E-03    0.2637895E-02   -0.2728538E-03   -0.3336158E-01   -0.5719620E-01   -0.2894587E-01   -0.3058429E-01    0.2839440E-02    0.4143594E+02   -0.5207648E+00   -0.2840384E+02    0.7524464E+03    0.6469183E+02   -0.6161315E+02   -0.7191261E+02    0.1340297E+02   -0.3914911E+01    0.3225213E+01   -0.1133261E+02   -0.1580879E+02   -0.1411566E-02   -0.3357888E-02   -0.1830125E-03   -0.4996989E-02   -0.4765093E-02   -0.2579792E-01   -0.3462786E-02   -0.4706329E-02    0.1644503E-01   -0.1139204E-02    0.8897625E-02    0.5710518E-01    0.5791650E-02    0.4104197E-02
   -0.2532907E-03    0.1488082E-02   -0.1361176E-03   -0.1467422E-01   -0.2425220E-01   -0.7996818E-02   -0.6907110E-02    0.4574302E-03   -0.1134828E+01    0.1025803E+01   -0.3723011E+01    0.6469183E+02    0.6046282E+02    0.4487878E+02    0.1943114E+02   -0.4369404E+01   -0.3128906E+00   -0.1155818E+01    0.3842778E+01    0.4397353E+01   -0.5111065E-03   -0.9590051E-03   -0.3132684E-02   -0.1758501E-02   -0.9108627E-03    0.1026858E-02    0.1588184E-02   -0.3988831E-03   -0.9059522E-03   -0.4417602E-04    0.8407401E-02    0.4272583E-01    0.1168068E-03    0.8937702E-04
   -0.8424858E-05    0.1920226E-03   -0.1671273E-06   -0.1087294E-02    0.2137624E-02    0.3275102E-02    0.1016435E-01    0.6363214E-03   -0.2286551E+02    0.1910880E+01    0.7508103E+01   -0.6161315E+02    0.4487878E+02    0.9971403E+02    0.6940128E+02   -0.1174774E+02   -0.6084175E+00   -0.5803564E+00    0.4565931E+01    0.5734734E+01   -0.1079987E-03    0.1546504E-03   -0.3620111E-02   -0.2172421E-03    0.3049079E-02    0.1617300E-01    0.1222832E-02   -0.1353982E-02   -0.1054937E-02   -0.3549105E-02    0.3253679E-02   -0.3475929E-02    0.8012792E-03   -0.2629954E-02
    0.7004455E-04   -0.2442000E-03    0.5778806E-04    0.2718006E-02    0.1098084E-01    0.6689300E-02    0.1005006E-01    0.1311141E-02   -0.6220268E+02    0.7986996E+00    0.6744850E+01   -0.7191261E+02    0.1943114E+02    0.6940128E+02    0.1246089E+03   -0.1032737E+02   -0.9216659E-01   -0.4268275E+00   -0.3351142E+00    0.1562252E+02    0.4132384E-03    0.5575439E-03    0.2025014E-02   -0.2029841E-03   -0.1278434E-02    0.1175246E-01    0.1229822E-02   -0.2106983E-02   -0.2900061E-02   -0.4792846E-02    0.2699620E-02    0.1100224E-01    0.8158737E-03   -0.7728728E-02
   -0.5518970E-04    0.3186574E-03   -0.3846298E-04   -0.3344369E-02   -0.6854370E-02   -0.3054419E-02   -0.3253380E-02   -0.2733392E-04    0.3769885E+00    0.6814780E-01   -0.2619194E+01    0.1340297E+02   -0.4369404E+01   -0.1174774E+02   -0.1032737E+02    0.5964828E+01    0.1006539E+00   -0.1144535E+00   -0.1892753E+01   -0.1513932E+01   -0.3097181E-03   -0.3098537E-03   -0.2473375E-03   -0.1889506E-03    0.1131477E-03   -0.6663018E-02   -0.3815260E-03   -0.2821656E-03    0.6188952E-03    0.1111303E-02    0.5741485E-03    0.4400212E-02   -0.1137267E-03    0.1730448E-03
    0.1273738E-05    0.1838947E-04   -0.1140957E-05    0.1886855E-03    0.2280476E-03    0.2601699E-03   -0.2204077E-02    0.4235180E-04   -0.1767224E+00   -0.3134557E-02   -0.1543943E+00   -0.3914911E+01   -0.3128906E+00   -0.6084175E+00   -0.9216659E-01    0.1006539E+00    0.3511047E+01    0.4404816E+00    0.1420886E+00    0.2720107E+00    0.6507564E-04    0.1270925E-03    0.3137541E-03    0.1795573E-03   -0.6130668E-03   -0.6395009E-03    0.4718520E-03   -0.1086827E-03   -0.1470594E-02   -0.1512433E-02    0.2871109E-03    0.2067305E-02    0.2948142E-03   -0.1884282E-04
   -0.7005265E-05    0.7039966E-05   -0.9819361E-05   -0.9772335E-04   -0.5946945E-03   -0.2284233E-03   -0.1143590E-02    0.3937192E-04    0.1409856E+00   -0.2979654E-02    0.7699295E-01    0.3225213E+01   -0.1155818E+01   -0.5803564E+00   -0.4268275E+00   -0.1144535E+00    0.4404816E+00    0.3327896E+01    0.2543225E+01    0.1651804E+01    0.3758244E-04    0.4184673E-04   -0.1450538E-03   -0.8439767E-04    0.8993100E-03    0.2383984E-02    0.2769367E-04   -0.6015811E-03   -0.7003918E-03   -0.1426776E-03    0.1150231E-02   -0.2305517E-02   -0.2872701E-03   -0.2208617E-03
   -0.8710712E-05    0.5626259E-04   -0.7394018E-05   -0.8800480E-03   -0.1714699E-02   -0.7123466E-03    0.2528360E-03    0.1307046E-03   -0.2148167E+01    0.9744031E-01    0.2299557E+01   -0.1133261E+02    0.3842778E+01    0.4565931E+01   -0.3351142E+00   -0.1892753E+01    0.1420886E+00    0.2543225E+01    0.1707676E+02    0.2562524E+02   -0.1564264E-03   -0.1976922E-03   -0.5370809E-03   -0.1888171E-03    0.8491292E-03    0.4902532E-02   -0.1529198E-02   -0.9869024E-03   -0.1915351E-02    0.2902989E-03   -0.2766608E-02   -0.1373574E-05   -0.3008113E-04    0.2458532E-02
    0.1691570E-04    0.2120953E-04    0.8026559E-05   -0.1043114E-02   -0.6705649E-04    0.2148846E-04    0.1149439E-02    0.8921925E-03   -0.1882773E+02    0.1104618E+00    0.2108265E+01   -0.1580879E+02    0.4397353E+01    0.5734734E+01    0.1562252E+02   -0.1513932E+01    0.2720107E+00    0.1651804E+01    0.2562524E+02    0.5457433E+02   -0.2243828E-03   -0.3688133E-03    0.1574347E-02   -0.1672882E-03   -0.8172566E-03    0.5897438E-03   -0.2905535E-02   -0.1891788E-02   -0.3176041E-02    0.3863660E-03   -0.7911993E-02   -0.6762464E-02    0.9187900E-04    0.4429642E-02
    0.4967864E-07   -0.6373184E-06    0.6327410E-07    0.3571307E-05    0.7086284E-05    0.2563214E-05   -0.1705098E-04    0.8501045E-06   -0.2201342E-03    0.6935275E-05    0.2271876E-04   -0.1411566E-02   -0.5111065E-03   -0.1079987E-03    0.4132384E-03   -0.3097181E-03    0.6507564E-04    0.3758244E-04   -0.1564264E-03   -0.2243828E-03    0.3208761E-04    0.8812968E-05    0.1132546E-05    0.3176758E-05    0.2013072E-05    0.4354500E-05   -0.2340767E-05   -0.6880265E-06    0.2718013E-05    0.2632170E-05   -0.5451526E-06   -0.4940340E-05   -0.6353109E-07   -0.6837679E-07
    0.5252315E-07   -0.7039128E-06    0.5715896E-07    0.4884917E-05    0.8420043E-05    0.3108758E-05   -0.2021513E-04    0.4073213E-06   -0.4999380E-03    0.1359263E-04    0.1729833E-03   -0.3357888E-02   -0.9590051E-03    0.1546504E-03    0.5575439E-03   -0.3098537E-03    0.1270925E-03    0.4184673E-04   -0.1976922E-03   -0.3688133E-03    0.8812968E-05    0.2483394E-04   -0.1253748E-06    0.1243810E-04    0.8319438E-06    0.2968782E-05   -0.1789435E-05   -0.1114495E-05    0.5916070E-05   -0.1298187E-05   -0.2141224E-05   -0.3862868E-05   -0.2584566E-07   -0.1864742E-06
    0.3779963E-07   -0.1651077E-06   -0.8287596E-08   -0.9199191E-06   -0.2297828E-05    0.4653004E-06    0.1426609E-04    0.3990414E-06   -0.1657420E-02   -0.1847782E-03    0.2437228E-03   -0.1830125E-03   -0.3132684E-02   -0.3620111E-02    0.2025014E-02   -0.2473375E-03    0.3137541E-03   -0.1450538E-03   -0.5370809E-03    0.1574347E-02    0.1132546E-05   -0.1253748E-06    0.1075743E-02    0.1632291E-06   -0.2124671E-04   -0.7059851E-05   -0.5614945E-05   -0.6266772E-05   -0.1938493E-05   -0.2632073E-04    0.1389018E-05    0.3895843E-04    0.4164546E-07   -0.2243636E-06
    0.6883878E-07   -0.8038169E-06    0.5755524E-07    0.5687487E-05    0.1078389E-04    0.3454197E-05   -0.1851744E-04    0.9350656E-06   -0.9515166E-04    0.8018841E-05    0.2627380E-03   -0.4996989E-02   -0.1758501E-02   -0.2172421E-03   -0.2029841E-03   -0.1889506E-03    0.1795573E-03   -0.8439767E-04   -0.1888171E-03   -0.1672882E-03    0.3176758E-05    0.1243810E-04    0.1632291E-06    0.4714370E-04   -0.4438150E-06    0.2175764E-05   -0.1458451E-05   -0.4582449E-05    0.4810503E-05   -0.6277099E-05    0.4670149E-05    0.6157878E-05   -0.6459602E-07   -0.7348616E-07
    0.1037697E-06   -0.4233971E-06   -0.7669477E-08    0.4199878E-05    0.6187050E-05    0.2513818E-05    0.4972928E-05    0.3247371E-06    0.1752894E-02    0.1082366E-03    0.8069641E-03   -0.4765093E-02   -0.9108627E-03    0.3049079E-02   -0.1278434E-02    0.1131477E-03   -0.6130668E-03    0.8993100E-03    0.8491292E-03   -0.8172566E-03    0.2013072E-05    0.8319438E-06   -0.2124671E-04   -0.4438150E-06    0.2169614E-02    0.9327379E-04   -0.2640143E-05   -0.4029389E-05    0.3092052E-04   -0.4223719E-05   -0.3801950E-04   -0.5984654E-04   -0.2174474E-06    0.1473557E-06
    0.2513561E-07    0.1253975E-05   -0.2545194E-06   -0.6237633E-05   -0.3464340E-05   -0.1728887E-05   -0.5538431E-05    0.3022509E-05    0.2529779E-02   -0.6479495E-04    0.4899601E-02   -0.2579792E-01    0.1026858E-02    0.1617300E-01    0.1175246E-01   -0.6663018E-02   -0.6395009E-03    0.2383984E-02    0.4902532E-02    0.5897438E-03    0.4354500E-05    0.2968782E-05   -0.7059851E-05    0.2175764E-05    0.9327379E-04    0.1694842E-01   -0.4620240E-04   -0.2188242E-05   -0.1724353E-04   -0.3233948E-04   -0.2555407E-04   -0.6300234E-04   -0.2025153E-06   -0.9145575E-06
   -0.1054305E-06    0.6771115E-06   -0.9079706E-07   -0.5948850E-05   -0.1138292E-04   -0.1941719E-05    0.1656459E-04   -0.6216126E-06    0.1268379E-02   -0.8347485E-04   -0.6753898E-04   -0.3462786E-02    0.1588184E-02    0.1222832E-02    0.1229822E-02   -0.3815260E-03    0.4718520E-03    0.2769367E-04   -0.1529198E-02   -0.2905535E-02   -0.2340767E-05   -0.1789435E-05   -0.5614945E-05   -0.1458451E-05   -0.2640143E-05   -0.4620240E-04    0.1429522E-02    0.2943888E-03    0.8887286E-04   -0.3935166E-03   -0.1029651E-03   -0.7577504E-04    0.1067258E-06    0.7368938E-07
   -0.1658918E-07   -0.4170283E-06    0.9279015E-07    0.2640347E-05    0.4637930E-05    0.2139568E-05    0.2091118E-04    0.3185614E-06    0.1758825E-02   -0.2023210E-04   -0.6933700E-04   -0.4706329E-02   -0.3988831E-03   -0.1353982E-02   -0.2106983E-02   -0.2821656E-03   -0.1086827E-03   -0.6015811E-03   -0.9869024E-03   -0.1891788E-02   -0.6880265E-06   -0.1114495E-05   -0.6266772E-05   -0.4582449E-05   -0.4029389E-05   -0.2188242E-05    0.2943888E-03    0.8512014E-03    0.4610715E-04    0.7488520E-03    0.3081945E-04   -0.6551982E-03   -0.3479905E-07    0.1409308E-07
   -0.7929212E-07   -0.6471970E-06    0.1188826E-06    0.1302997E-04    0.2154738E-04    0.6106372E-08   -0.1418837E-04   -0.1440821E-05    0.3406203E-02   -0.4089731E-04   -0.1468113E-03    0.1644503E-01   -0.9059522E-03   -0.1054937E-02   -0.2900061E-02    0.6188952E-03   -0.1470594E-02   -0.7003918E-03   -0.1915351E-02   -0.3176041E-02    0.2718013E-05    0.5916070E-05   -0.1938493E-05    0.4810503E-05    0.3092052E-04   -0.1724353E-04    0.8887286E-04    0.4610715E-04    0.7278069E-02   -0.3534453E-03    0.6374569E-03    0.4528084E-02    0.6192418E-06    0.6728863E-06
   -0.1514781E-06    0.4998400E-06   -0.9041600E-07   -0.1184403E-04   -0.2000569E-04    0.1818165E-06    0.3659088E-04    0.1483203E-05    0.1693328E-02    0.5611081E-05   -0.4984933E-03   -0.1139204E-02   -0.4417602E-04   -0.3549105E-02   -0.4792846E-02    0.1111303E-02   -0.1512433E-02   -0.1426776E-03    0.2902989E-03    0.3863660E-03    0.2632170E-05   -0.1298187E-05   -0.2632073E-04   -0.6277099E-05   -0.4223719E-05   -0.3233948E-04   -0.3935166E-03    0.7488520E-03   -0.3534453E-03    0.2980622E-02    0.4926256E-03   -0.9481295E-03   -0.6010834E-09    0.3761236E-06
   -0.8750564E-06    0.5090847E-05   -0.9237752E-06   -0.4028332E-04   -0.7705414E-04   -0.1332714E-04   -0.1208566E-04   -0.3014237E-05    0.1346419E-02   -0.1639807E-03   -0.5132540E-03    0.8897625E-02    0.8407401E-02    0.3253679E-02    0.2699620E-02    0.5741485E-03    0.2871109E-03    0.1150231E-02   -0.2766608E-02   -0.7911993E-02   -0.5451526E-06   -0.2141224E-05    0.1389018E-05    0.4670149E-05   -0.3801950E-04   -0.2555407E-04   -0.1029651E-03    0.3081945E-04    0.6374569E-03    0.4926256E-03    0.6507059E-02    0.7597421E-02    0.3010454E-06   -0.1501379E-05
   -0.2516492E-05    0.1875164E-04   -0.2186311E-05   -0.1440672E-03   -0.2444322E-03   -0.4963992E-04   -0.2407083E-04    0.1210838E-05    0.1449343E-02   -0.3555254E-03   -0.5114626E-02    0.5710518E-01    0.4272583E-01   -0.3475929E-02    0.1100224E-01    0.4400212E-02    0.2067305E-02   -0.2305517E-02   -0.1373574E-05   -0.6762464E-02   -0.4940340E-05   -0.3862868E-05    0.3895843E-04    0.6157878E-05   -0.5984654E-04   -0.6300234E-04   -0.7577504E-04   -0.6551982E-03    0.4528084E-02   -0.9481295E-03    0.7597421E-02    0.6515952E-01    0.9487920E-06   -0.2819437E-05
    0.5890368E-08   -0.1858476E-07    0.5977073E-08    0.2803524E-07    0.2699048E-06   -0.8048217E-07    0.3007210E-07    0.8548889E-08   -0.3499922E-03    0.1023081E-04    0.1649388E-03    0.5791650E-02    0.1168068E-03    0.8012792E-03    0.8158737E-03   -0.1137267E-03    0.2948142E-03   -0.2872701E-03   -0.3008113E-04    0.9187900E-04   -0.6353109E-07   -0.2584566E-07    0.4164546E-07   -0.6459602E-07   -0.2174474E-06   -0.2025153E-06    0.1067258E-06   -0.3479905E-07    0.6192418E-06   -0.6010834E-09    0.3010454E-06    0.9487920E-06    0.5878417E-06   -0.7351419E-08
   -0.1097134E-07    0.7888608E-07   -0.4601658E-08   -0.9622139E-06   -0.1880644E-05   -0.5492139E-06   -0.1884707E-06   -0.4526212E-07    0.4350328E-02   -0.1807049E-04   -0.3527338E-03    0.4104197E-02    0.8937702E-04   -0.2629954E-02   -0.7728728E-02    0.1730448E-03   -0.1884282E-04   -0.2208617E-03    0.2458532E-02    0.4429642E-02   -0.6837679E-07   -0.1864742E-06   -0.2243636E-06   -0.7348616E-07    0.1473557E-06   -0.9145575E-06    0.7368938E-07    0.1409308E-07    0.6728863E-06    0.3761236E-06   -0.1501379E-05   -0.2819437E-05   -0.7351419E-08    0.2071583E-05
