# omegabh2 omegach2 theta tau meffsterile nnu logA ns calPlanck aps100 aps143 aps217 acib217 asz143 psr cibr xi aksz dust100 dust143 dust217 dust143x217 cal0 cal2 calTE calEE
  2.2178021E-08   2.9342990E-08   4.4905179E-09   1.9412465E-07  -1.0076468E-06   4.0960062E-06   4.9597463E-07   3.2643802E-07   2.3493624E-08  -2.1525546E-04  -1.8490752E-04   1.2475101E-05  -6.8377881E-05   7.1597494E-06   2.2144973E-07  -9.2273289E-07   2.9688666E-07  -9.2229514E-06   5.0304441E-07   1.0160265E-07   7.4907364E-07   2.7712614E-07   1.4036476E-09   1.5686896E-09  -7.7214255E-08  -1.9477214E-07
  2.9342990E-08   1.1727238E-05  -3.4407041E-07  -4.9384818E-07  -7.5528367E-04   1.5362044E-04   8.1298606E-06   6.0578575E-06  -2.3977183E-07   5.1299420E-03   2.2954993E-03  -3.5968517E-03   2.3977917E-03  -2.6271478E-04  -2.1611570E-05   2.9690386E-05  -2.4985488E-05   3.8365600E-04   1.5795013E-05   3.6483287E-06  -1.7671427E-05  -6.2237603E-06   3.1234915E-09   1.8027041E-07   9.4251105E-07   2.1176513E-06
  4.4905179E-09  -3.4407041E-07   1.0362949E-07   4.7638995E-08   1.1872534E-05  -9.7915799E-06  -3.0943474E-07  -1.5869259E-07   2.1896404E-08  -9.9406684E-05  -1.3374571E-04   9.3403513E-05  -9.5650458E-05   1.0704284E-05   7.9438163E-07  -2.1608400E-06   8.8564554E-07  -1.6911494E-05  -3.9978351E-07  -1.0319797E-06   8.0564340E-07   7.6646529E-07   7.6246050E-09  -4.5449147E-09  -1.2166060E-07  -1.0797894E-07
  1.9412465E-07  -4.9384818E-07   4.7638995E-08   6.1414265E-05  -1.0471801E-05   3.7295549E-05   1.1939193E-04   7.2290624E-06  -5.0474079E-07  -1.1184910E-02  -4.9417480E-03   3.8156706E-03  -3.3467486E-03   4.1776823E-04   4.5091384E-05  -9.0126816E-05   3.1681807E-05  -3.8003591E-04   1.7944434E-05  -5.8826139E-06   1.2481959E-05   1.8518240E-05  -7.4116108E-09  -3.4166582E-07  -4.7730465E-06  -2.3444666E-06
 -1.0076468E-06  -7.5528367E-04   1.1872534E-05  -1.0471801E-05   6.3285984E-02  -4.6740564E-03  -3.3168804E-04  -4.0618847E-04   1.4283823E-05  -2.3512430E-01  -7.3231057E-02   2.3883641E-01  -1.2433937E-01   1.1599338E-02   1.2039222E-03  -1.1128323E-03   5.8842588E-04  -9.8708625E-03  -1.0152745E-03   3.6714129E-04   1.1639396E-03   5.0014137E-04  -4.1367953E-06  -5.6206809E-06  -4.0201613E-05  -1.3412581E-04
  4.0960062E-06   1.5362044E-04  -9.7915799E-06   3.7295549E-05  -4.6740564E-03   6.1421734E-03   2.9727960E-04   2.3606885E-04   1.6590102E-06   1.4337694E-01   6.2635045E-02  -6.1883660E-02   5.2749223E-02  -7.6765624E-03  -5.1374269E-04   9.1582682E-04  -8.0619957E-04   1.6196566E-02   1.6452146E-04   3.4221223E-04  -2.0149771E-04   3.1341603E-05  -8.9035886E-07   6.1252180E-06   3.9947038E-05   6.9800890E-05
  4.9597463E-07   8.1298606E-06  -3.0943474E-07   1.1939193E-04  -3.3168804E-04   2.9727960E-04   2.7494812E-04   1.7645193E-05   1.1472763E-05  -1.1971163E-02  -5.9077713E-03   1.4444849E-02  -6.3314116E-03   7.3610857E-04   1.0071873E-04  -1.9485127E-04   4.6394186E-05  -1.1029111E-03   3.8686437E-05  -8.7462489E-05   3.7972351E-05   1.9463136E-05   7.1247027E-07  -6.2622959E-07  -9.0001996E-06  -1.5433749E-06
  3.2643802E-07   6.0578575E-06  -1.5869259E-07   7.2290624E-06  -4.0618847E-04   2.3606885E-04   1.7645193E-05   2.5479806E-05   4.6430350E-07  -1.7468675E-02  -4.5824112E-03   5.9825524E-03  -3.9474688E-03   2.6552050E-04   3.1909275E-05  -5.5046785E-05   3.3723716E-05  -1.2922896E-03   1.8421536E-05  -4.6943302E-06   2.4830607E-05  -4.4466335E-06  -3.0810321E-07  -1.9984817E-07   1.1468904E-06   3.2150882E-08
  2.3493624E-08  -2.3977183E-07   2.1896404E-08  -5.0474079E-07   1.4283823E-05   1.6590102E-06   1.1472763E-05   4.6430350E-07   6.3103367E-06   2.5198111E-03   2.5202193E-05   1.8940688E-03   1.7431827E-04   6.6120202E-05   2.7477426E-06  -1.1021669E-07   2.9263300E-06   4.3089455E-05  -1.8474843E-07   4.6208253E-06   7.1594513E-06   7.3633794E-07   5.6020991E-08  -1.0061600E-07  -4.8414084E-07  -4.4999252E-07
 -2.1525546E-04   5.1299420E-03  -9.9406684E-05  -1.1184910E-02  -2.3512430E-01   1.4337694E-01  -1.1971163E-02  -1.7468675E-02   2.5198111E-03   6.2254472E+02   6.2335985E+01  -5.9205688E+01   3.0206597E+01  -2.5799964E+01  -8.4198976E-01  -1.4866912E-01  -1.2141804E-01   1.2425737E+01  -2.3598242E-01   1.8266929E-01  -2.2147414E-01  -1.9370105E-01   6.8556629E-03   3.5796940E-03   4.6724561E-03   9.8122049E-03
 -1.8490752E-04   2.2954993E-03  -1.3374571E-04  -4.9417480E-03  -7.3231057E-02   6.2635045E-02  -5.9077713E-03  -4.5824112E-03   2.5202193E-05   6.2335985E+01   6.7198064E+01   7.3049994E+00   7.0691303E+00  -5.6084117E-01  -7.4579721E-03   4.5256581E-01   9.2014949E-01  -8.0860038E+00  -1.8208435E-02  -2.4263194E-01   4.5887321E-02   5.2389926E-02   1.0287152E-03   9.6197911E-04   3.9245771E-03   6.2943096E-03
  1.2475101E-05  -3.5968517E-03   9.3403513E-05   3.8156706E-03   2.3883641E-01  -6.1883660E-02   1.4444849E-02   5.9825524E-03   1.8940688E-03  -5.9205688E+01   7.3049994E+00   1.7839093E+02  -8.4836613E+01   2.9283929E+00   3.2798095E-01  -1.0048179E+00   2.9842098E-01  -7.6446651E+00  -1.9452086E-02  -2.8849345E-01   5.7562171E-01  -5.4677338E-03   1.9250168E-03  -7.9822503E-03   2.3794692E-03   1.8286257E-03
 -6.8377881E-05   2.3977917E-03  -9.5650458E-05  -3.3467486E-03  -1.2433937E-01   5.2749223E-02  -6.3314116E-03  -3.9474688E-03   1.7431827E-04   3.0206597E+01   7.0691303E+00  -8.4836613E+01   5.3008568E+01   1.6657464E+00  -3.2375275E-02   7.0947726E-01  -2.2465943E-01  -2.5071867E+00   1.7633014E-03   1.6601405E-01  -4.6815548E-01  -1.2465265E-01  -6.3279108E-04   3.2239064E-03  -4.6675053E-04   1.4043832E-03
  7.1597494E-06  -2.6271478E-04   1.0704284E-05   4.1776823E-04   1.1599338E-02  -7.6765624E-03   7.3610857E-04   2.6552050E-04   6.6120202E-05  -2.5799964E+01  -5.6084117E-01   2.9283929E+00   1.6657464E+00   4.4028307E+00   1.0507421E-01   1.5055747E-01  -3.7524688E-02  -3.6390100E+00   7.0534151E-04  -3.5178755E-03   7.8474078E-03   5.3210622E-02   4.6339549E-04  -2.4060974E-04  -3.8301233E-04  -2.6470678E-04
  2.2144973E-07  -2.1611570E-05   7.9438163E-07   4.5091384E-05   1.2039222E-03  -5.1374269E-04   1.0071873E-04   3.1909275E-05   2.7477426E-06  -8.4198976E-01  -7.4579721E-03   3.2798095E-01  -3.2375275E-02   1.0507421E-01   1.5928511E-02  -1.6014563E-02   1.1575581E-02  -1.0514082E-01  -9.5968097E-05  -1.2081720E-03  -2.7076877E-03   5.1491094E-03   1.8356959E-05  -3.5467117E-05   6.5828332E-06   3.8595935E-06
 -9.2273289E-07   2.9690386E-05  -2.1608400E-06  -9.0126816E-05  -1.1128323E-03   9.1582682E-04  -1.9485127E-04  -5.5046785E-05  -1.1021669E-07  -1.4866912E-01   4.5256581E-01  -1.0048179E+00   7.0947726E-01   1.5055747E-01  -1.6014563E-02   6.7114061E-02   5.6012962E-03  -1.6035469E-01   6.2902412E-04   6.8720547E-03  -3.5359903E-04  -1.8184250E-02  -9.9789867E-06   9.2151326E-05  -1.0537641E-05   5.1422168E-06
  2.9688666E-07  -2.4985488E-05   8.8564554E-07   3.1681807E-05   5.8842588E-04  -8.0619957E-04   4.6394186E-05   3.3723716E-05   2.9263300E-06  -1.2141804E-01   9.2014949E-01   2.9842098E-01  -2.2465943E-01  -3.7524688E-02   1.1575581E-02   5.6012962E-03   8.3113463E-02   3.4966716E-02   1.4805048E-04   5.9286752E-04   1.1386809E-03   9.1236354E-04   1.5433949E-05   3.7247979E-07   3.3927313E-05   3.0302941E-06
 -9.2229514E-06   3.8365600E-04  -1.6911494E-05  -3.8003591E-04  -9.8708625E-03   1.6196566E-02  -1.1029111E-03  -1.2922896E-03   4.3089455E-05   1.2425737E+01  -8.0860038E+00  -7.6446651E+00  -2.5071867E+00  -3.6390100E+00  -1.0514082E-01  -1.6035469E-01   3.4966716E-02   7.4231124E+00   1.0555774E-03   4.2797396E-03  -4.1388208E-03  -4.2839059E-02  -4.1471557E-04   8.7730748E-05  -2.1819467E-04  -2.1763738E-04
  5.0304441E-07   1.5795013E-05  -3.9978351E-07   1.7944434E-05  -1.0152745E-03   1.6452146E-04   3.8686437E-05   1.8421536E-05  -1.8474843E-07  -2.3598242E-01  -1.8208435E-02  -1.9452086E-02   1.7633014E-03   7.0534151E-04  -9.5968097E-05   6.2902412E-04   1.4805048E-04   1.0555774E-03   3.8558758E-02   2.2815375E-03   3.1830374E-04   6.4905064E-04   3.7764322E-05   2.3272086E-06  -2.2955305E-05  -1.6588366E-05
  1.0160265E-07   3.6483287E-06  -1.0319797E-06  -5.8826139E-06   3.6714129E-04   3.4221223E-04  -8.7462489E-05  -4.6943302E-06   4.6208253E-06   1.8266929E-01  -2.4263194E-01  -2.8849345E-01   1.6601405E-01  -3.5178755E-03  -1.2081720E-03   6.8720547E-03   5.9286752E-04   4.2797396E-03   2.2815375E-03   3.0247335E-02  -6.0595173E-04   5.2327235E-03  -8.4262815E-05  -3.7303697E-05  -8.3434997E-05  -9.2536795E-05
  7.4907364E-07  -1.7671427E-05   8.0564340E-07   1.2481959E-05   1.1639396E-03  -2.0149771E-04   3.7972351E-05   2.4830607E-05   7.1594513E-06  -2.2147414E-01   4.5887321E-02   5.7562171E-01  -4.6815548E-01   7.8474078E-03  -2.7076877E-03  -3.5359903E-04   1.1386809E-03  -4.1388208E-03   3.1830374E-04  -6.0595173E-04   1.0981619E-02   8.7830591E-03   5.1130334E-06   6.2712711E-05   5.4425709E-06  -1.8422335E-05
  2.7712614E-07  -6.2237603E-06   7.6646529E-07   1.8518240E-05   5.0014137E-04   3.1341603E-05   1.9463136E-05  -4.4466335E-06   7.3633794E-07  -1.9370105E-01   5.2389926E-02  -5.4677338E-03  -1.2465265E-01   5.3210622E-02   5.1491094E-03  -1.8184250E-02   9.1236354E-04  -4.2839059E-02   6.4905064E-04   5.2327235E-03   8.7830591E-03   2.6741899E-02  -1.6419215E-06   6.2721015E-05  -2.1394344E-05  -2.7374930E-05
  1.4036476E-09   3.1234915E-09   7.6246050E-09  -7.4116108E-09  -4.1367953E-06  -8.9035886E-07   7.1247027E-07  -3.0810321E-07   5.6020991E-08   6.8556629E-03   1.0287152E-03   1.9250168E-03  -6.3279108E-04   4.6339549E-04   1.8356959E-05  -9.9789867E-06   1.5433949E-05  -4.1471557E-04   3.7764322E-05  -8.4262815E-05   5.1130334E-06  -1.6419215E-06   1.1321652E-06   5.1542582E-08   3.4892589E-07   6.8113654E-07
  1.5686896E-09   1.8027041E-07  -4.5449147E-09  -3.4166582E-07  -5.6206809E-06   6.1252180E-06  -6.2622959E-07  -1.9984817E-07  -1.0061600E-07   3.5796940E-03   9.6197911E-04  -7.9822503E-03   3.2239064E-03  -2.4060974E-04  -3.5467117E-05   9.2151326E-05   3.7247979E-07   8.7730748E-05   2.3272086E-06  -3.7303697E-05   6.2712711E-05   6.2721015E-05   5.1542582E-08   2.4701567E-06   3.0199953E-07   2.2798853E-07
 -7.7214255E-08   9.4251105E-07  -1.2166060E-07  -4.7730465E-06  -4.0201613E-05   3.9947038E-05  -9.0001996E-06   1.1468904E-06  -4.8414084E-07   4.6724561E-03   3.9245771E-03   2.3794692E-03  -4.6675053E-04  -3.8301233E-04   6.5828332E-06  -1.0537641E-05   3.3927313E-05  -2.1819467E-04  -2.2955305E-05  -8.3434997E-05   5.4425709E-06  -2.1394344E-05   3.4892589E-07   3.0199953E-07   2.4969324E-05   9.1087497E-06
 -1.9477214E-07   2.1176513E-06  -1.0797894E-07  -2.3444666E-06  -1.3412581E-04   6.9800890E-05  -1.5433749E-06   3.2150882E-08  -4.4999252E-07   9.8122049E-03   6.2943096E-03   1.8286257E-03   1.4043832E-03  -2.6470678E-04   3.8595935E-06   5.1422168E-06   3.0302941E-06  -2.1763738E-04  -1.6588366E-05  -9.2536795E-05  -1.8422335E-05  -2.7374930E-05   6.8113654E-07   2.2798853E-07   9.1087497E-06   2.4630717E-05
