# omegabh2 omegach2 theta tau yhe logA ns calPlanck aps100 aps143 aps217 acib217 asz143 psr cibr xi aksz dust100 dust143 dust217 dust143x217 cal0 cal2 calTE calEE
  2.2506529E-08  -4.8785250E-08   1.5350802E-08   2.1957480E-07   1.3014830E-07   4.6110469E-07   2.1808602E-07   2.1565927E-08  -3.6254162E-04  -2.2246412E-04   7.2045399E-05  -1.0280830E-04   1.8421172E-05   4.0341238E-07  -1.8839260E-06  -2.7608054E-07  -2.4479133E-05   9.3581220E-07  -5.7047456E-08   6.7954501E-07   4.0473162E-07   1.1232824E-09  -4.5261417E-09  -7.7357735E-08  -2.4324871E-07
 -4.8785250E-08   9.0703585E-07  -5.6287939E-08  -2.3069924E-06  -1.1564838E-08  -2.9418493E-06  -2.0244119E-06  -1.8747518E-07   5.8017427E-04   4.6399218E-04  -2.4622406E-04   2.3652205E-04  -4.9038987E-05  -2.7864008E-06   5.0424003E-06  -5.5261247E-06   7.8820309E-05   1.1628243E-06   3.4321911E-06  -7.4946515E-07  -8.5109932E-07  -2.2617706E-08   2.0188790E-08  -2.0781570E-07  -5.8063172E-07
  1.5350802E-08  -5.6287939E-08   1.0663267E-07   2.7044651E-07   5.3254785E-07   6.7204216E-07   4.3347617E-07   1.7535269E-08  -6.3079990E-06   8.9426707E-05  -9.2161773E-05   6.5808433E-05  -1.0416224E-05  -1.1080209E-06   5.1655326E-07  -9.7847560E-07   2.2613975E-05   1.6438429E-06   1.8237876E-06  -2.5734330E-07   1.2047503E-06  -9.5606824E-09   1.1318508E-09   7.8866689E-10   1.2480130E-07
  2.1957480E-07  -2.3069924E-06   2.7044651E-07   5.3334473E-05   1.2106532E-06   9.8068128E-05   8.3497100E-06  -1.1848463E-06  -9.8237429E-03  -6.0603898E-03  -8.1292325E-04  -1.3661969E-03   2.5995622E-04   3.9035339E-05  -9.2743357E-05   2.7033903E-05  -9.9519321E-05   1.7011350E-05   2.6972920E-05  -9.2254070E-06   1.9554068E-05  -3.0701805E-07  -2.4966006E-07  -3.0043434E-06  -2.3423391E-06
  1.3014830E-07  -1.1564838E-08   5.3254785E-07   1.2106532E-06   1.4459725E-05   5.7712471E-06   5.3336288E-06  -1.3618161E-07   3.8299322E-03   3.5208596E-03  -1.0986840E-03   1.6771374E-03  -7.6377507E-05  -1.1515948E-05   3.4622250E-05  -1.2525658E-05   3.8442364E-04   1.3853230E-05   1.6714268E-05  -4.0081643E-06   9.0683893E-06  -6.9157704E-08   1.4806252E-07   1.8374242E-06   2.8653051E-06
  4.6110469E-07  -2.9418493E-06   6.7204216E-07   9.8068128E-05   5.7712471E-06   2.1050190E-04   1.1893872E-05   9.2782527E-06  -9.5064180E-03  -7.7447786E-03   4.1841364E-03  -2.7678795E-03   1.4351730E-04   5.9748898E-05  -2.0548771E-04  -5.7054684E-06  -4.9347549E-04   2.1699393E-05  -3.0691813E-05   1.9139573E-06   2.4019919E-05  -1.1072489E-07  -3.8803112E-07  -6.3066261E-06  -3.3964940E-06
  2.1808602E-07  -2.0244119E-06   4.3347617E-07   8.3497100E-06   5.3336288E-06   1.1893872E-05   1.6528737E-05   2.2472638E-07  -1.8703108E-02  -5.5369722E-03   7.7916336E-03  -5.0820342E-03   4.7849236E-04   4.8353189E-05  -8.3409017E-05   4.6992875E-05  -1.7641244E-03   3.9158880E-05  -1.9372341E-05   2.4476228E-05  -1.4396778E-05  -3.1349479E-07  -3.4440423E-07   5.6312864E-07  -1.7399886E-06
  2.1565927E-08  -1.8747518E-07   1.7535269E-08  -1.1848463E-06  -1.3618161E-07   9.2782527E-06   2.2472638E-07   6.0867327E-06   4.3219388E-03   7.7919818E-04   8.8158072E-04   5.4089434E-04  -1.5088092E-04  -1.5770142E-05   1.8789896E-06  -3.4879201E-05   1.9363765E-04  -3.8700343E-06  -2.0343910E-06   5.6988305E-06  -2.9767443E-06  -2.1513986E-08  -2.2695957E-08  -3.1972298E-07  -3.0423094E-07
 -3.6254162E-04   5.8017427E-04  -6.3079990E-06  -9.8237429E-03   3.8299322E-03  -9.5064180E-03  -1.8703108E-02   4.3219388E-03   6.0610879E+02   5.9513872E+01  -4.6339091E+01   2.4017748E+01  -2.5635509E+01  -7.7875767E-01  -3.2310236E-01  -2.3031098E-02   1.1064232E+01  -2.2834901E-01   2.7045468E-01  -2.0034880E-01  -1.6513735E-01   7.0564665E-03   2.3906564E-03   1.7385283E-03   6.0410556E-03
 -2.2246412E-04   4.6399218E-04   8.9426707E-05  -6.0603898E-03   3.5208596E-03  -7.7447786E-03  -5.5369722E-03   7.7919818E-04   5.9513872E+01   6.7686823E+01   9.1282201E+00   6.3057301E+00  -4.0629226E-01  -2.4354473E-02   4.7942825E-01   9.2465900E-01  -8.2336958E+00  -5.2101147E-02  -2.4004157E-01   5.8477760E-02   5.7072589E-02   9.3837647E-04   7.0629054E-04   2.6805487E-03   6.2010080E-03
  7.2045399E-05  -2.4622406E-04  -9.2161773E-05  -8.1292325E-04  -1.0986840E-03   4.1841364E-03   7.7916336E-03   8.8158072E-04  -4.6339091E+01   9.1282201E+00   1.6699130E+02  -7.9257994E+01   2.5431030E+00   2.9898750E-01  -9.7501811E-01   2.5297931E-01  -7.1935451E+00  -6.1922616E-02  -3.0050480E-01   5.3771278E-01  -3.6535870E-02   1.6960220E-03  -7.2006875E-03   1.7739827E-03   2.0952159E-03
 -1.0280830E-04   2.3652205E-04   6.5808433E-05  -1.3661969E-03   1.6771374E-03  -2.7678795E-03  -5.0820342E-03   5.4089434E-04   2.4017748E+01   6.3057301E+00  -7.9257994E+01   4.9945993E+01   1.9396144E+00  -6.2587519E-03   6.7530980E-01  -2.0362982E-01  -2.7491756E+00   1.9982601E-02   1.7560858E-01  -4.3956300E-01  -7.7671424E-02  -5.0576139E-04   2.8525403E-03  -4.7372531E-04   1.0732535E-03
  1.8421172E-05  -4.9038987E-05  -1.0416224E-05   2.5995622E-04  -7.6377507E-05   1.4351730E-04   4.7849236E-04  -1.5088092E-04  -2.5635509E+01  -4.0629226E-01   2.5431030E+00   1.9396144E+00   4.4496470E+00   1.0541583E-01   1.6398024E-01  -4.2918999E-02  -3.6109210E+00  -1.0913811E-02  -1.1619791E-02   3.9918256E-03   4.9815065E-02   4.8382235E-04  -2.4616182E-04  -5.5728036E-05  -3.5367319E-05
  4.0341238E-07  -2.7864008E-06  -1.1080209E-06   3.9035339E-05  -1.1515948E-05   5.9748898E-05   4.8353189E-05  -1.5770142E-05  -7.7875767E-01  -2.4354473E-02   2.9898750E-01  -6.2587519E-03   1.0541583E-01   1.6548735E-02  -1.6376585E-02   1.1188096E-02  -1.0688050E-01  -6.5234285E-04  -7.3854797E-04  -3.2297515E-03   5.1929714E-03   1.7591845E-05  -4.1179607E-05   1.2237038E-05   4.6560767E-06
 -1.8839260E-06   5.0424003E-06   5.1655326E-07  -9.2743357E-05   3.4622250E-05  -2.0548771E-04  -8.3409017E-05   1.8789896E-06  -3.2310236E-01   4.7942825E-01  -9.7501811E-01   6.7530980E-01   1.6398024E-01  -1.6376585E-02   6.8766671E-02   5.9048393E-03  -1.6139876E-01   1.5708658E-03   6.0479224E-03   3.2449507E-04  -1.7935355E-02  -2.3233565E-06   9.4950182E-05  -1.9569364E-05   3.3154038E-05
 -2.7608054E-07  -5.5261247E-06  -9.7847560E-07   2.7033903E-05  -1.2525658E-05  -5.7054684E-06   4.6992875E-05  -3.4879201E-05  -2.3031098E-02   9.2465900E-01   2.5297931E-01  -2.0362982E-01  -4.2918999E-02   1.1188096E-02   5.9048393E-03   8.2355354E-02   4.2326794E-02  -1.1709461E-04   6.7269056E-04   3.8583690E-04  -3.3857841E-05   1.6570683E-05  -1.2004872E-05   2.3461698E-05   2.2088715E-05
 -2.4479133E-05   7.8820309E-05   2.2613975E-05  -9.9519321E-05   3.8442364E-04  -4.9347549E-04  -1.7641244E-03   1.9363765E-04   1.1064232E+01  -8.2336958E+00  -7.1935451E+00  -2.7491756E+00  -3.6109210E+00  -1.0688050E-01  -1.6139876E-01   4.2326794E-02   7.4551271E+00   1.2050069E-03   4.8911254E-03  -2.7327190E-03  -4.9820319E-02  -4.1290873E-04   9.5845777E-05  -1.7890923E-04  -2.5090492E-04
  9.3581220E-07   1.1628243E-06   1.6438429E-06   1.7011350E-05   1.3853230E-05   2.1699393E-05   3.9158880E-05  -3.8700343E-06  -2.2834901E-01  -5.2101147E-02  -6.1922616E-02   1.9982601E-02  -1.0913811E-02  -6.5234285E-04   1.5708658E-03  -1.1709461E-04   1.2050069E-03   3.8684142E-02   2.7072208E-03  -2.0962920E-04  -5.6375298E-04   3.7352501E-05   4.8588660E-07  -1.2537917E-05  -2.0453111E-05
 -5.7047456E-08   3.4321911E-06   1.8237876E-06   2.6972920E-05   1.6714268E-05  -3.0691813E-05  -1.9372341E-05  -2.0343910E-06   2.7045468E-01  -2.4004157E-01  -3.0050480E-01   1.7560858E-01  -1.1619791E-02  -7.3854797E-04   6.0479224E-03   6.7269056E-04   4.8911254E-03   2.7072208E-03   3.1220354E-02  -1.1181323E-03   5.2026019E-03  -8.3966764E-05  -4.5900163E-05  -8.6759215E-05  -8.5536041E-05
  6.7954501E-07  -7.4946515E-07  -2.5734330E-07  -9.2254070E-06  -4.0081643E-06   1.9139573E-06   2.4476228E-05   5.6988305E-06  -2.0034880E-01   5.8477760E-02   5.3771278E-01  -4.3956300E-01   3.9918256E-03  -3.2297515E-03   3.2449507E-04   3.8583690E-04  -2.7327190E-03  -2.0962920E-04  -1.1181323E-03   1.0661590E-02   8.0225608E-03   4.5708021E-06   6.7143868E-05   1.1839940E-05  -1.1915635E-05
  4.0473162E-07  -8.5109932E-07   1.2047503E-06   1.9554068E-05   9.0683893E-06   2.4019919E-05  -1.4396778E-05  -2.9767443E-06  -1.6513735E-01   5.7072589E-02  -3.6535870E-02  -7.7671424E-02   4.9815065E-02   5.1929714E-03  -1.7935355E-02  -3.3857841E-05  -4.9820319E-02  -5.6375298E-04   5.2026019E-03   8.0225608E-03   2.6375340E-02  -4.1374670E-06   5.9029887E-05   2.8376256E-06  -1.9091721E-05
  1.1232824E-09  -2.2617706E-08  -9.5606824E-09  -3.0701805E-07  -6.9157704E-08  -1.1072489E-07  -3.1349479E-07  -2.1513986E-08   7.0564665E-03   9.3837647E-04   1.6960220E-03  -5.0576139E-04   4.8382235E-04   1.7591845E-05  -2.3233565E-06   1.6570683E-05  -4.1290873E-04   3.7352501E-05  -8.3966764E-05   4.5708021E-06  -4.1374670E-06   1.1502898E-06   7.4138560E-08   4.4066791E-07   6.3092456E-07
 -4.5261417E-09   2.0188790E-08   1.1318508E-09  -2.4966006E-07   1.4806252E-07  -3.8803112E-07  -3.4440423E-07  -2.2695957E-08   2.3906564E-03   7.0629054E-04  -7.2006875E-03   2.8525403E-03  -2.4616182E-04  -4.1179607E-05   9.4950182E-05  -1.2004872E-05   9.5845777E-05   4.8588660E-07  -4.5900163E-05   6.7143868E-05   5.9029887E-05   7.4138560E-08   2.5096370E-06   3.2867299E-07   9.0452803E-08
 -7.7357735E-08  -2.0781570E-07   7.8866689E-10  -3.0043434E-06   1.8374242E-06  -6.3066261E-06   5.6312864E-07  -3.1972298E-07   1.7385283E-03   2.6805487E-03   1.7739827E-03  -4.7372531E-04  -5.5728036E-05   1.2237038E-05  -1.9569364E-05   2.3461698E-05  -1.7890923E-04  -1.2537917E-05  -8.6759215E-05   1.1839940E-05   2.8376256E-06   4.4066791E-07   3.2867299E-07   2.3468288E-05   8.1878578E-06
 -2.4324871E-07  -5.8063172E-07   1.2480130E-07  -2.3423391E-06   2.8653051E-06  -3.3964940E-06  -1.7399886E-06  -3.0423094E-07   6.0410556E-03   6.2010080E-03   2.0952159E-03   1.0732535E-03  -3.5367319E-05   4.6560767E-06   3.3154038E-05   2.2088715E-05  -2.5090492E-04  -2.0453111E-05  -8.5536041E-05  -1.1915635E-05  -1.9091721E-05   6.3092456E-07   9.0452803E-08   8.1878578E-06   2.4647372E-05
