# omegabh2 omegach2 theta tau logA ns r calPlanck BBdust BBsync BBalphadust BBbetadust BBalphasync BBbetasync BBdustsynccorr acib217 xi asz143 aps100 aps143 aps143217 aps217 aksz kgal100 kgal143 kgal143217 kgal217 cal0 cal2
  3.7609277E-08  -5.5813434E-08   2.2747861E-08   2.7150925E-07   5.4955525E-07   2.6019415E-07   8.3030797E-08   1.7275511E-08  -1.5347828E-06  -3.4102650E-06   7.3328193E-07  -1.7901148E-07  -2.7645034E-07   6.9128355E-08  -3.2715723E-07  -1.2558055E-04   2.4985334E-06   3.8587583E-05  -7.5461870E-04  -4.3095612E-04  -1.5128952E-04  -3.6360729E-05  -5.6613852E-05   1.2708811E-05  -1.4760948E-06  -1.1655675E-05   1.7814871E-05   3.7757143E-10  -3.6737500E-09
 -5.5813434E-08   1.4901302E-06  -5.2282189E-08  -1.4366198E-06   6.5167082E-07  -3.1857731E-06  -1.4109583E-06  -8.9073151E-08  -7.0006292E-06   8.6868670E-06  -1.0004047E-05   2.1827147E-06  -3.4866179E-06   3.2680421E-06  -5.0442309E-06   3.4953522E-05  -4.5715753E-06   6.6796896E-08   8.9991888E-06   3.4527098E-04   2.4838072E-04   2.2367945E-04  -2.2345627E-05  -2.8687770E-05  -3.9422439E-05   8.9684392E-06   3.3032681E-05  -9.2157513E-09   3.8675001E-09
  2.2747861E-08  -5.2282189E-08   1.7794646E-07   2.1705512E-07   5.3446499E-07   3.6897689E-07   7.4930714E-09   1.5484006E-08  -6.3698863E-07   5.5046026E-06  -9.3932460E-07  -2.2555696E-07   1.9962145E-07   9.7894852E-07   5.7481820E-07   2.3829170E-05  -1.7606365E-06   1.2441923E-05  -1.5980174E-04  -9.4333476E-05  -7.9006459E-05  -8.3099584E-05  -1.4205379E-05   1.5596017E-05   8.3289120E-06   6.9713344E-06  -5.2971076E-06  -5.1701567E-11   1.2653293E-09
  2.7150925E-07  -1.4366198E-06   2.1705512E-07   5.9295294E-05   1.1469803E-04   6.4700343E-06  -4.5596636E-06  -2.3558426E-07  -1.1064831E-04  -1.4940248E-05  -3.7755205E-05   6.3711194E-06  -2.0925461E-05  -2.4159592E-05  -1.0809530E-05  -2.2102746E-03   5.3979335E-05   2.9850665E-04  -1.0921807E-02  -4.8689228E-03  -1.6211335E-03   2.8563901E-04  -8.1215244E-04   1.0250671E-05  -1.9894077E-04  -5.3638875E-04  -5.8052093E-05  -7.9192579E-08  -8.3082920E-08
  5.4955525E-07   6.5167082E-07   5.3446499E-07   1.1469803E-04   2.5905438E-04   4.4985158E-06  -1.6320594E-05   1.1897223E-05  -2.9903421E-04   2.9893924E-05  -1.2883651E-04   2.6099095E-05  -5.0030091E-05  -2.0681998E-05  -2.4055187E-05  -5.1890542E-03   1.4486742E-04   7.9734596E-04  -2.2746912E-02  -8.2965487E-03   5.5048911E-04   7.8654591E-03  -2.8323231E-03  -3.3846524E-04  -1.0830443E-03  -1.5671970E-03   1.6282010E-03   2.5586719E-09  -1.7117544E-07
  2.6019415E-07  -3.1857731E-06   3.6897689E-07   6.4700343E-06   4.4985158E-06   1.7857609E-05   7.2816808E-06   5.6213939E-07  -1.5791666E-05  -6.5991701E-05   3.1049177E-05  -1.1839296E-06   2.2921824E-05  -4.3268212E-07  -2.1015082E-06  -4.8920523E-03   1.0766338E-04   1.1045408E-03  -2.5142747E-02  -7.1764956E-03   1.6716398E-03   5.2459615E-03  -2.4224235E-03   4.4238331E-04  -1.3768732E-04  -4.7218449E-05   1.8499948E-03  -1.2664512E-07  -7.8680596E-08
  8.3030797E-08  -1.4109583E-06   7.4930714E-09  -4.5596636E-06  -1.6320594E-05   7.2816808E-06   3.3395825E-04  -1.1089435E-06  -8.0222710E-05  -6.5648011E-04  -6.6091876E-05   3.0499736E-04  -3.2443408E-05  -1.2965745E-04  -8.0652340E-04  -1.5007210E-03  -1.2515657E-05   6.9630089E-04  -6.7530913E-03  -2.8343749E-03  -3.7780543E-04   1.0997961E-03  -9.5230334E-04  -4.1913491E-04   2.6605927E-04   5.9300533E-04   9.4863333E-04  -8.5040580E-08   5.7170304E-08
  1.7275511E-08  -8.9073151E-08   1.5484006E-08  -2.3558426E-07   1.1897223E-05   5.6213939E-07  -1.1089435E-06   6.2519645E-06  -2.7339034E-05   6.7714518E-06  -1.3565911E-05   3.9923141E-06   4.2080535E-06   6.5122056E-06   3.3219185E-06   4.5426308E-04   1.4273300E-06   8.8345956E-05   2.1578086E-03   3.2358195E-04   6.4850170E-04   1.6525494E-03  -1.2381332E-04   1.2395680E-05   3.5891682E-05   2.4652043E-05   8.6796964E-04   1.8493855E-09  -4.0270399E-09
 -1.5347828E-06  -7.0006292E-06  -6.3698863E-07  -1.1064831E-04  -2.9903421E-04  -1.5791666E-05  -8.0222710E-05  -2.7339034E-05   1.0694922E+00   2.4468227E-02  -1.2224659E-01   4.3684539E-02  -5.4502775E-04   3.1111795E-04  -6.5884167E-03   6.0316168E-02  -1.3947962E-03  -2.0624651E-02   3.8132798E-01   1.7468334E-02  -4.8399511E-02  -5.9907386E-02   1.8389718E-02   2.9603165E-02  -9.1653585E-03  -7.0968195E-02  -1.6134826E-01   5.3053813E-06   1.7827527E-06
 -3.4102650E-06   8.6868670E-06   5.5046026E-06  -1.4940248E-05   2.9893924E-05  -6.5991701E-05  -6.5648011E-04   6.7714518E-06   2.4468227E-02   1.1667828E+00  -2.7142041E-04  -2.5537333E-03   2.2593898E-02  -4.3661277E-02   4.8935709E-02   3.6865083E-02   8.9091862E-04   2.0196751E-03  -1.3610555E-01   4.4574995E-02   2.9673670E-02  -1.5327680E-02   1.2643353E-03  -4.4326235E-03  -7.3478514E-03  -7.6998836E-03  -2.1116962E-02  -7.6169874E-09  -1.4900272E-06
  7.3328193E-07  -1.0004047E-05  -9.3932460E-07  -3.7755205E-05  -1.2883651E-04   3.1049177E-05  -6.6091876E-05  -1.3565911E-05  -1.2224659E-01  -2.7142041E-04   6.1127311E-02  -5.3942353E-04   1.0767275E-03   7.9845320E-04  -6.5138717E-04   1.2596588E-02   2.2043078E-04   5.1757118E-03  -1.0704909E-01  -6.4477406E-04   1.1775445E-02  -2.0552708E-02  -9.4947118E-03  -3.1473579E-03   1.3945298E-03   6.6156975E-03   8.5762031E-04  -1.2163052E-06  -5.4738634E-07
 -1.7901148E-07   2.1827147E-06  -2.2555696E-07   6.3711194E-06   2.6099095E-05  -1.1839296E-06   3.0499736E-04   3.9923141E-06   4.3684539E-02  -2.5537333E-03  -5.3942353E-04   9.0328821E-03   1.0920057E-05  -1.6917319E-03   6.9457068E-04  -2.8348205E-03   1.7167758E-04  -2.5610204E-03   2.8618311E-02   6.4295895E-03  -2.3252513E-03   4.1565688E-03   2.8557820E-04  -2.4600612E-04  -1.3838209E-03  -2.2184128E-03  -1.1757723E-03   6.8032411E-07   5.2264184E-07
 -2.7645034E-07  -3.4866179E-06   1.9962145E-07  -2.0925461E-05  -5.0030091E-05   2.2921824E-05  -3.2443408E-05   4.2080535E-06  -5.4502775E-04   2.2593898E-02   1.0767275E-03   1.0920057E-05   8.2380320E-02   3.1567089E-04   8.4984267E-04   7.9487910E-03  -5.4562066E-04   1.0119531E-02  -7.2607265E-02  -4.1080629E-03   1.1561528E-02   3.9999455E-03  -6.3393161E-03  -2.5173186E-03  -2.2576890E-03   8.4024218E-03   3.9737481E-03   1.8327328E-06  -1.1051241E-07
  6.9128355E-08   3.2680421E-06   9.7894852E-07  -2.4159592E-05  -2.0681998E-05  -4.3268212E-07  -1.2965745E-04   6.5122056E-06   3.1111795E-04  -4.3661277E-02   7.9845320E-04  -1.6917319E-03   3.1567089E-04   7.6649554E-02  -3.7046454E-03  -1.5960072E-03   8.1086675E-05   2.9157135E-03  -4.2403600E-02  -9.4774779E-03   8.0790816E-03   1.4731917E-02  -1.3505398E-03  -2.2049015E-03   1.4679337E-03  -7.2134498E-03  -1.8688603E-02   7.0449629E-08  -3.5684095E-06
 -3.2715723E-07  -5.0442309E-06   5.7481820E-07  -1.0809530E-05  -2.4055187E-05  -2.1015082E-06  -8.0652340E-04   3.3219185E-06  -6.5884167E-03   4.8935709E-02  -6.5138717E-04   6.9457068E-04   8.4984267E-04  -3.7046454E-03   7.9572712E-02  -1.6002612E-02  -7.6012686E-04  -1.2045816E-02   1.3501153E-01   4.3372426E-02  -1.4488779E-02   2.8375160E-02  -5.4844259E-05  -7.5564975E-03  -4.4587848E-03  -4.1902252E-03   1.0161248E-02   9.3373627E-07  -3.2766774E-07
 -1.2558055E-04   3.4953522E-05   2.3829170E-05  -2.2102746E-03  -5.1890542E-03  -4.8920523E-03  -1.5007210E-03   4.5426308E-04   6.0316168E-02   3.6865083E-02   1.2596588E-02  -2.8348205E-03   7.9487910E-03  -1.5960072E-03  -1.6002612E-02   4.5597404E+01  -4.0335467E-01  -9.2668923E-01   4.0418126E+01   1.7235887E+00  -1.3878115E+01  -5.6355101E+01   2.6998461E-01   1.7928195E-01   6.2571878E-01  -6.0185226E+00  -3.4229688E+01  -1.4664965E-04   6.8594480E-04
  2.4985334E-06  -4.5715753E-06  -1.7606365E-06   5.3979335E-05   1.4486742E-04   1.0766338E-04  -1.2515657E-05   1.4273300E-06  -1.3947962E-03   8.9091862E-04   2.2043078E-04   1.7167758E-04  -5.4562066E-04   8.1086675E-05  -7.6012686E-04  -4.0335467E-01   8.2142759E-02  -4.4731570E-02  -6.2064186E-01   8.7844917E-01   1.6456880E+00   6.4612262E-01   3.8888839E-02  -3.2157298E-03   8.8354894E-03   1.0529172E-01   1.4605464E-01   6.6537987E-06  -1.8438599E-07
  3.8587583E-05   6.6796896E-08   1.2441923E-05   2.9850665E-04   7.9734596E-04   1.1045408E-03   6.9630089E-04   8.8345956E-05  -2.0624651E-02   2.0196751E-03   5.1757118E-03  -2.5610204E-03   1.0119531E-02   2.9157135E-03  -1.2045816E-02  -9.2668923E-01  -4.4731570E-02   4.0178638E+00  -3.1968862E+01  -3.2063086E+00   8.2418309E+00   5.8060041E+00  -2.9969561E+00  -1.9145394E-01   1.7268272E-01   2.7579323E+00   3.4057222E+00   8.7980689E-05  -5.2145439E-05
 -7.5461870E-04   8.9991888E-06  -1.5980174E-04  -1.0921807E-02  -2.2746912E-02  -2.5142747E-02  -6.7530913E-03   2.1578086E-03   3.8132798E-01  -1.3610555E-01  -1.0704909E-01   2.8618311E-02  -7.2607265E-02  -4.2403600E-02   1.3501153E-01   4.0418126E+01  -6.2064186E-01  -3.1968862E+01   8.0116442E+02   7.0568375E+01  -6.0437312E+01  -6.8574888E+01   1.6467410E+01  -7.0414297E+00   5.6229065E+00  -1.4020127E+01  -2.8568753E+01   3.9347001E-03   4.7976288E-04
 -4.3095612E-04   3.4527098E-04  -9.4333476E-05  -4.8689228E-03  -8.2965487E-03  -7.1764956E-03  -2.8343749E-03   3.2358195E-04   1.7468334E-02   4.4574995E-02  -6.4477406E-04   6.4295895E-03  -4.1080629E-03  -9.4774779E-03   4.3372426E-02   1.7235887E+00   8.7844917E-01  -3.2063086E+00   7.0568375E+01   6.3197470E+01   4.0706017E+01   1.6344957E+01  -4.9780892E+00  -6.0870387E-01  -1.3962335E+00   3.8617198E+00   5.3258375E+00   1.4598496E-04   1.6873122E-04
 -1.5128952E-04   2.4838072E-04  -7.9006459E-05  -1.6211335E-03   5.5048911E-04   1.6716398E-03  -3.7780543E-04   6.4850170E-04  -4.8399511E-02   2.9673670E-02   1.1775445E-02  -2.3252513E-03   1.1561528E-02   8.0790816E-03  -1.4488779E-02  -1.3878115E+01   1.6456880E+00   8.2418309E+00  -6.0437312E+01   4.0706017E+01   8.6901934E+01   5.6345528E+01  -1.2829845E+01  -9.4893178E-01  -8.6908416E-01   5.3609053E+00   9.3694021E+00   4.9617118E-04  -3.3204258E-04
 -3.6360729E-05   2.2367945E-04  -8.3099584E-05   2.8563901E-04   7.8654591E-03   5.2459615E-03   1.0997961E-03   1.6525494E-03  -5.9907386E-02  -1.5327680E-02  -2.0552708E-02   4.1565688E-03   3.9999455E-03   1.4731917E-02   2.8375160E-02  -5.6355101E+01   6.4612262E-01   5.8060041E+00  -6.8574888E+01   1.6344957E+01   5.6345528E+01   1.0723020E+02  -1.0319396E+01  -8.5268037E-01  -1.4096503E+00   6.0548085E+00   3.5065664E+01   4.4240064E-04  -1.2814806E-03
 -5.6613852E-05  -2.2345627E-05  -1.4205379E-05  -8.1215244E-04  -2.8323231E-03  -2.4224235E-03  -9.5230334E-04  -1.2381332E-04   1.8389718E-02   1.2643353E-03  -9.4947118E-03   2.8557820E-04  -6.3393161E-03  -1.3505398E-03  -5.4844259E-05   2.6998461E-01   3.8888839E-02  -2.9969561E+00   1.6467410E+01  -4.9780892E+00  -1.2829845E+01  -1.0319396E+01   6.3452258E+00   1.4266453E-01  -1.9761068E-01  -2.3710276E+00  -2.9121564E+00  -6.8086034E-05   1.6953533E-05
  1.2708811E-05  -2.8687770E-05   1.5596017E-05   1.0250671E-05  -3.3846524E-04   4.4238331E-04  -4.1913491E-04   1.2395680E-05   2.9603165E-02  -4.4326235E-03  -3.1473579E-03  -2.4600612E-04  -2.5173186E-03  -2.2049015E-03  -7.5564975E-03   1.7928195E-01  -3.2157298E-03  -1.9145394E-01  -7.0414297E+00  -6.0870387E-01  -9.4893178E-01  -8.5268037E-01   1.4266453E-01   3.4184475E+00   5.4436593E-01   1.6346707E-01   1.1754602E-01   1.5927811E-04  -7.2725815E-06
 -1.4760948E-06  -3.9422439E-05   8.3289120E-06  -1.9894077E-04  -1.0830443E-03  -1.3768732E-04   2.6605927E-04   3.5891682E-05  -9.1653585E-03  -7.3478514E-03   1.3945298E-03  -1.3838209E-03  -2.2576890E-03   1.4679337E-03  -4.4587848E-03   6.2571878E-01   8.8354894E-03   1.7268272E-01   5.6229065E+00  -1.3962335E+00  -8.6908416E-01  -1.4096503E+00  -1.9761068E-01   5.4436593E-01   3.2254271E+00   2.7671216E+00   2.7012550E+00  -1.8769829E-04  -4.7540054E-05
 -1.1655675E-05   8.9684392E-06   6.9713344E-06  -5.3638875E-04  -1.5671970E-03  -4.7218449E-05   5.9300533E-04   2.4652043E-05  -7.0968195E-02  -7.6998836E-03   6.6156975E-03  -2.2184128E-03   8.4024218E-03  -7.2134498E-03  -4.1902252E-03  -6.0185226E+00   1.0529172E-01   2.7579323E+00  -1.4020127E+01   3.8617198E+00   5.3609053E+00   6.0548085E+00  -2.3710276E+00   1.6346707E-01   2.7671216E+00   1.1072820E+01   1.9690245E+01  -6.9282975E-05   3.9699878E-04
  1.7814871E-05   3.3032681E-05  -5.2971076E-06  -5.8052093E-05   1.6282010E-03   1.8499948E-03   9.4863333E-04   8.6796964E-04  -1.6134826E-01  -2.1116962E-02   8.5762031E-04  -1.1757723E-03   3.9737481E-03  -1.8688603E-02   1.0161248E-02  -3.4229688E+01   1.4605464E-01   3.4057222E+00  -2.8568753E+01   5.3258375E+00   9.3694021E+00   3.5065664E+01  -2.9121564E+00   1.1754602E-01   2.7012550E+00   1.9690245E+01   5.4586310E+01  -3.0537161E-05   9.2189477E-04
  3.7757143E-10  -9.2157513E-09  -5.1701567E-11  -7.9192579E-08   2.5586719E-09  -1.2664512E-07  -8.5040580E-08   1.8493855E-09   5.3053813E-06  -7.6169874E-09  -1.2163052E-06   6.8032411E-07   1.8327328E-06   7.0449629E-08   9.3373627E-07  -1.4664965E-04   6.6537987E-06   8.7980689E-05   3.9347001E-03   1.4598496E-04   4.9617118E-04   4.4240064E-04  -6.8086034E-05   1.5927811E-04  -1.8769829E-04  -6.9282975E-05  -3.0537161E-05   3.7683533E-07  -2.7525281E-09
 -3.6737500E-09   3.8675001E-09   1.2653293E-09  -8.3082920E-08  -1.7117544E-07  -7.8680596E-08   5.7170304E-08  -4.0270399E-09   1.7827527E-06  -1.4900272E-06  -5.4738634E-07   5.2264184E-07  -1.1051241E-07  -3.5684095E-06  -3.2766774E-07   6.8594480E-04  -1.8438599E-07  -5.2145439E-05   4.7976288E-04   1.6873122E-04  -3.3204258E-04  -1.2814806E-03   1.6953533E-05  -7.2725815E-06  -4.7540054E-05   3.9699878E-04   9.2189477E-04  -2.7525281E-09   3.8831105E-07
