# omegabh2 omegach2 theta tau logA ns r calPlanck BBdust BBsync BBalphadust BBbetadust BBalphasync BBbetasync BBdustsynccorr acib217 xi asz143 aps100 aps143 aps143217 aps217 aksz kgal100 kgal143 kgal143217 kgal217 cal0 cal2
  3.7146621E-08  -4.7516486E-08   2.2742604E-08   2.5602325E-07   5.4495172E-07   2.4242130E-07   6.4226755E-08   1.9842508E-08  -1.1576965E-06  -2.9995841E-06   6.4225704E-07  -1.6526073E-07  -3.9200542E-07   3.6467131E-07  -2.9640602E-07  -1.1578470E-04   2.5422792E-06   3.5753748E-05  -7.2166048E-04  -4.2743765E-04  -1.5385563E-04  -4.4579441E-05  -5.5763138E-05   1.3954987E-05   1.5756053E-06  -1.3641543E-05   7.9590807E-06   4.2550905E-10  -4.3048962E-09
 -4.7516486E-08   1.1509765E-06  -3.3761424E-08  -2.4100254E-06  -2.6028623E-06  -2.4757550E-06  -8.7416682E-07  -2.4484067E-07   9.1885140E-07   2.9888755E-07  -5.4902544E-06   1.6067594E-06  -2.6441685E-06   4.5847049E-06  -5.9046834E-06   1.6010798E-04  -8.1621988E-06  -1.3440885E-06   4.0132668E-04   3.3848620E-04   1.3369287E-04  -4.7088045E-05   4.6968113E-05  -7.9407074E-06  -7.7530964E-06   9.0865959E-06  -6.0247862E-05  -1.2671531E-08   5.6107644E-09
  2.2742604E-08  -3.3761424E-08   1.7678094E-07   2.5999408E-07   7.0314378E-07   3.3048013E-07   7.7075622E-09   2.8806318E-08   6.5053009E-07   6.3817466E-06  -1.8012116E-06  -4.0247807E-07   4.5645372E-07   9.9892974E-07   8.5370668E-07   2.0133710E-05  -1.9195968E-06   1.6334240E-05  -2.5060897E-04  -9.9994389E-05  -6.8636310E-05  -6.1450322E-05  -2.1351351E-05   1.6846113E-05   2.0827526E-06   2.1768535E-06  -1.1631065E-05   1.2771942E-09  -2.9052397E-10
  2.5602325E-07  -2.4100254E-06   2.5999408E-07   4.4331975E-05   8.0743617E-05   8.0517753E-06  -1.7504816E-06  -7.2211571E-07  -1.5909368E-04  -4.2308952E-05  -8.5343454E-06  -1.6494695E-07  -1.2985744E-05  -1.9963928E-05  -1.3926445E-05  -1.3202755E-03   4.8579372E-05   1.7180983E-04  -7.6481075E-03  -4.1683400E-03  -1.8238509E-03  -1.1119310E-03  -2.7143446E-04   7.5611983E-05   3.0952353E-05  -4.7844572E-04  -4.6277736E-04  -9.7726156E-08  -1.1299489E-07
  5.4495172E-07  -2.6028623E-06   7.0314378E-07   8.0743617E-05   1.7756123E-04   1.0361368E-05  -8.1826497E-06   1.0101601E-05  -3.7094198E-04  -3.2742535E-05  -5.3868774E-05   1.0732992E-05  -3.7984855E-05  -8.5621010E-06  -2.3876181E-05  -2.8454078E-03   1.1550541E-04   4.5913337E-04  -1.3655777E-02  -6.9600685E-03  -6.8865174E-04   3.7085675E-03  -1.3902083E-03  -1.0846395E-04  -4.5558236E-04  -1.4304256E-03   4.2974236E-04  -4.9836045E-08  -2.3281169E-07
  2.4242130E-07  -2.4757550E-06   3.3048013E-07   8.0517753E-06   1.0361368E-05   1.6309981E-05   5.6799083E-06   8.6942509E-07  -2.9760642E-05  -6.8638340E-05   2.2725781E-05  -1.5287304E-06   2.4364624E-05   1.3736230E-06   7.0647226E-07  -5.0759951E-03   1.1902220E-04   1.1096612E-03  -2.5685119E-02  -7.0819999E-03   2.0192691E-03   5.7612221E-03  -2.5554654E-03   4.0107677E-04  -1.7234418E-04  -4.6720615E-05   2.0045691E-03  -1.2164786E-07  -7.7750165E-08
  6.4226755E-08  -8.7416682E-07   7.7075622E-09  -1.7504816E-06  -8.1826497E-06   5.6799083E-06   3.2059097E-04  -7.2184619E-07  -3.1226761E-04  -5.9199816E-04  -2.1706517E-05   3.0358301E-04  -1.4482217E-05  -1.3773528E-04  -8.1156069E-04  -1.0018705E-03  -1.1285216E-05   4.5489854E-04  -3.5141075E-03  -1.5654026E-03  -1.9982467E-04   8.6561532E-04  -1.0555229E-03  -4.6060026E-04   2.9129691E-04   8.1796182E-04   1.2982101E-03  -7.4853892E-08   1.0298678E-07
  1.9842508E-08  -2.4484067E-07   2.8806318E-08  -7.2211571E-07   1.0101601E-05   8.6942509E-07  -7.2184619E-07   6.0771466E-06  -3.0098392E-05   1.0958260E-05  -1.1012760E-05   3.4351311E-06   1.7978216E-06   5.6522383E-06   7.4237936E-06   5.1949894E-04  -2.3364780E-06   6.4738839E-05   2.7400996E-03   2.9672541E-04   4.6223553E-04   1.4362528E-03  -6.1642849E-05   2.9691087E-05   6.5105175E-05   3.3416629E-05   8.3718638E-04  -7.0853012E-10  -4.9657795E-09
 -1.1576965E-06   9.1885140E-07   6.5053009E-07  -1.5909368E-04  -3.7094198E-04  -2.9760642E-05  -3.1226761E-04  -3.0098392E-05   1.0796517E+00   2.4181902E-02  -1.2315799E-01   4.3664475E-02   5.1497180E-04  -5.4312693E-04  -7.1328110E-03   6.2083323E-02  -7.7473290E-04  -2.2417435E-02   4.2851000E-01   1.3131431E-02  -4.1138258E-02  -7.9991681E-02   2.6449812E-02   3.0970492E-02  -1.4796739E-02  -8.5320635E-02  -1.8864849E-01   7.7916799E-06   9.8432699E-07
 -2.9995841E-06   2.9888755E-07   6.3817466E-06  -4.2308952E-05  -3.2742535E-05  -6.8638340E-05  -5.9199816E-04   1.0958260E-05   2.4181902E-02   1.1707662E+00  -3.6889333E-04  -2.4726346E-03   1.9490309E-02  -4.3265686E-02   4.7415292E-02   7.0870652E-02   2.0612934E-03   5.5924993E-03  -9.9368199E-02   7.0633802E-02   4.6562576E-02  -6.9839984E-02   5.2222168E-03  -1.7394442E-02  -1.3685802E-02   1.3113195E-03  -1.2363257E-02  -8.1001963E-07   4.9920219E-06
  6.4225704E-07  -5.4902544E-06  -1.8012116E-06  -8.5343454E-06  -5.3868774E-05   2.2725781E-05  -2.1706517E-05  -1.1012760E-05  -1.2315799E-01  -3.6889333E-04   6.1111103E-02  -5.7113954E-04   6.5272035E-04   7.6274718E-04  -9.6934398E-04   6.4752028E-03   2.2333040E-04   6.1665566E-03  -1.1313991E-01   1.1518716E-04   1.1339824E-02  -7.8220820E-03  -1.4124297E-02  -2.8860524E-03   4.2322469E-03   1.4022935E-02   1.4200378E-02  -1.7908476E-06  -6.0649811E-07
 -1.6526073E-07   1.6067594E-06  -4.0247807E-07  -1.6494695E-07   1.0732992E-05  -1.5287304E-06   3.0358301E-04   3.4351311E-06   4.3664475E-02  -2.4726346E-03  -5.7113954E-04   9.0012829E-03   5.7711186E-05  -1.9346762E-03   5.9937715E-04  -1.1852365E-03   3.0628426E-04  -3.6141125E-03   3.1747567E-02   1.3130624E-02  -4.9402807E-05   3.9694777E-03  -1.3433416E-04  -2.3266681E-05  -1.3864122E-03  -1.5395940E-03  -2.0654047E-03   6.8006501E-07   6.2665683E-07
 -3.9200542E-07  -2.6441685E-06   4.5645372E-07  -1.2985744E-05  -3.7984855E-05   2.4364624E-05  -1.4482217E-05   1.7978216E-06   5.1497180E-04   1.9490309E-02   6.5272035E-04   5.7711186E-05   8.2852686E-02   4.5634503E-05   4.8167379E-04  -3.2546225E-03  -7.5420065E-04   1.0273849E-02  -6.2201780E-02   5.1261417E-03   2.2501814E-02   2.5609160E-02  -8.5630706E-03  -1.2068319E-03  -1.6759206E-03   8.3548606E-03   9.7308252E-03   2.7049794E-06  -5.0666401E-07
  3.6467131E-07   4.5847049E-06   9.9892974E-07  -1.9963928E-05  -8.5621010E-06   1.3736230E-06  -1.3773528E-04   5.6522383E-06  -5.4312693E-04  -4.3265686E-02   7.6274718E-04  -1.9346762E-03   4.5634503E-05   7.6373088E-02  -3.3897728E-03  -1.3291207E-02   3.7864524E-04   5.2514001E-03  -1.0516622E-01  -9.8533963E-03   1.9425391E-02   3.2275228E-02  -5.0925000E-03  -4.1711614E-03  -2.4954887E-03  -5.3580093E-03  -9.4122578E-03   6.3941153E-08  -3.1095656E-06
 -2.9640602E-07  -5.9046834E-06   8.5370668E-07  -1.3926445E-05  -2.3876181E-05   7.0647226E-07  -8.1156069E-04   7.4237936E-06  -7.1328110E-03   4.7415292E-02  -9.6934398E-04   5.9937715E-04   4.8167379E-04  -3.3897728E-03   8.0013986E-02  -1.7699021E-02  -3.3204592E-04  -1.2892161E-02   1.2895112E-01   5.3491312E-02  -2.5733682E-03   3.2639205E-02  -2.8562693E-05  -6.7915755E-03  -2.2972278E-03  -3.9252688E-03   1.0643795E-02   5.5251339E-07   6.6850656E-07
 -1.1578470E-04   1.6010798E-04   2.0133710E-05  -1.3202755E-03  -2.8454078E-03  -5.0759951E-03  -1.0018705E-03   5.1949894E-04   6.2083323E-02   7.0870652E-02   6.4752028E-03  -1.1852365E-03  -3.2546225E-03  -1.3291207E-02  -1.7699021E-02   4.5883344E+01  -4.0679644E-01  -9.0508829E-01   4.0318177E+01   1.4460098E+00  -1.4069194E+01  -5.6831417E+01   2.3037687E-01   1.0174369E-01   5.5261694E-01  -6.1433350E+00  -3.4501406E+01  -1.4175939E-04   6.8133682E-04
  2.5422792E-06  -8.1621988E-06  -1.9195968E-06   4.8579372E-05   1.1550541E-04   1.1902220E-04  -1.1285216E-05  -2.3364780E-06  -7.7473290E-04   2.0612934E-03   2.2333040E-04   3.0628426E-04  -7.5420065E-04   3.7864524E-04  -3.3204592E-04  -4.0679644E-01   8.2403137E-02  -4.7118114E-02  -6.2503051E-01   8.8792032E-01   1.6473180E+00   6.5210609E-01   3.5634807E-02  -9.4801450E-04   1.2195801E-02   1.0719542E-01   1.5055061E-01   6.2334498E-06  -3.3459547E-07
  3.5753748E-05  -1.3440885E-06   1.6334240E-05   1.7180983E-04   4.5913337E-04   1.1096612E-03   4.5489854E-04   6.4738839E-05  -2.2417435E-02   5.5924993E-03   6.1665566E-03  -3.6141125E-03   1.0273849E-02   5.2514001E-03  -1.2892161E-02  -9.0508829E-01  -4.7118114E-02   4.0104820E+00  -3.1897651E+01  -3.2398509E+00   8.1200607E+00   5.7152724E+00  -2.9693775E+00  -1.9013502E-01   1.8486349E-01   2.7518821E+00   3.4039292E+00   8.2768826E-05  -4.9665025E-05
 -7.2166048E-04   4.0132668E-04  -2.5060897E-04  -7.6481075E-03  -1.3655777E-02  -2.5685119E-02  -3.5141075E-03   2.7400996E-03   4.2851000E-01  -9.9368199E-02  -1.1313991E-01   3.1747567E-02  -6.2201780E-02  -1.0516622E-01   1.2895112E-01   4.0318177E+01  -6.2503051E-01  -3.1897651E+01   8.0097138E+02   7.0553336E+01  -6.0360548E+01  -6.8558720E+01   1.6262150E+01  -7.2111587E+00   5.2280310E+00  -1.4120743E+01  -2.8565573E+01   3.9762023E-03   3.9899600E-04
 -4.2743765E-04   3.3848620E-04  -9.9994389E-05  -4.1683400E-03  -6.9600685E-03  -7.0819999E-03  -1.5654026E-03   2.9672541E-04   1.3131431E-02   7.0633802E-02   1.1518716E-04   1.3130624E-02   5.1261417E-03  -9.8533963E-03   5.3491312E-02   1.4460098E+00   8.8792032E-01  -3.2398509E+00   7.0553336E+01   6.3372663E+01   4.0763399E+01   1.6549255E+01  -4.9920526E+00  -6.8590529E-01  -1.4340163E+00   3.8697980E+00   5.4442218E+00   1.4071447E-04   1.4019360E-04
 -1.5385563E-04   1.3369287E-04  -6.8636310E-05  -1.8238509E-03  -6.8865174E-04   2.0192691E-03  -1.9982467E-04   4.6223553E-04  -4.1138258E-02   4.6562576E-02   1.1339824E-02  -4.9402807E-05   2.2501814E-02   1.9425391E-02  -2.5733682E-03  -1.4069194E+01   1.6473180E+00   8.1200607E+00  -6.0360548E+01   4.0763399E+01   8.6353836E+01   5.6158389E+01  -1.2740430E+01  -9.5593320E-01  -7.5576843E-01   5.4458064E+00   9.6182393E+00   4.6296630E-04  -3.3179216E-04
 -4.4579441E-05  -4.7088045E-05  -6.1450322E-05  -1.1119310E-03   3.7085675E-03   5.7612221E-03   8.6561532E-04   1.4362528E-03  -7.9991681E-02  -6.9839984E-02  -7.8220820E-03   3.9694777E-03   2.5609160E-02   3.2275228E-02   3.2639205E-02  -5.6831417E+01   6.5210609E-01   5.7152724E+00  -6.8558720E+01   1.6549255E+01   5.6158389E+01   1.0761926E+02  -1.0160330E+01  -7.8173668E-01  -1.2698955E+00   6.2672373E+00   3.5522592E+01   4.2334715E-04  -1.2832246E-03
 -5.5763138E-05   4.6968113E-05  -2.1351351E-05  -2.7143446E-04  -1.3902083E-03  -2.5554654E-03  -1.0555229E-03  -6.1642849E-05   2.6449812E-02   5.2222168E-03  -1.4124297E-02  -1.3433416E-04  -8.5630706E-03  -5.0925000E-03  -2.8562693E-05   2.3037687E-01   3.5634807E-02  -2.9693775E+00   1.6262150E+01  -4.9920526E+00  -1.2740430E+01  -1.0160330E+01   6.2751394E+00   1.6773133E-01  -2.3073552E-01  -2.3760533E+00  -2.8793385E+00  -6.0973219E-05   1.9220176E-05
  1.3954987E-05  -7.9407074E-06   1.6846113E-05   7.5611983E-05  -1.0846395E-04   4.0107677E-04  -4.6060026E-04   2.9691087E-05   3.0970492E-02  -1.7394442E-02  -2.8860524E-03  -2.3266681E-05  -1.2068319E-03  -4.1711614E-03  -6.7915755E-03   1.0174369E-01  -9.4801450E-04  -1.9013502E-01  -7.2111587E+00  -6.8590529E-01  -9.5593320E-01  -7.8173668E-01   1.6773133E-01   3.4017274E+00   5.3302210E-01   1.3346917E-01   9.2377998E-02   1.5908213E-04  -1.8046685E-05
  1.5756053E-06  -7.7530964E-06   2.0827526E-06   3.0952353E-05  -4.5558236E-04  -1.7234418E-04   2.9129691E-04   6.5105175E-05  -1.4796739E-02  -1.3685802E-02   4.2322469E-03  -1.3864122E-03  -1.6759206E-03  -2.4954887E-03  -2.2972278E-03   5.5261694E-01   1.2195801E-02   1.8486349E-01   5.2280310E+00  -1.4340163E+00  -7.5576843E-01  -1.2698955E+00  -2.3073552E-01   5.3302210E-01   3.1856064E+00   2.7295886E+00   2.6916280E+00  -1.9197761E-04  -4.9683121E-05
 -1.3641543E-05   9.0865959E-06   2.1768535E-06  -4.7844572E-04  -1.4304256E-03  -4.6720615E-05   8.1796182E-04   3.3416629E-05  -8.5320635E-02   1.3113195E-03   1.4022935E-02  -1.5395940E-03   8.3548606E-03  -5.3580093E-03  -3.9252688E-03  -6.1433350E+00   1.0719542E-01   2.7518821E+00  -1.4120743E+01   3.8697980E+00   5.4458064E+00   6.2672373E+00  -2.3760533E+00   1.3346917E-01   2.7295886E+00   1.1010256E+01   1.9684564E+01  -7.2690528E-05   3.9185576E-04
  7.9590807E-06  -6.0247862E-05  -1.1631065E-05  -4.6277736E-04   4.2974236E-04   2.0045691E-03   1.2982101E-03   8.3718638E-04  -1.8864849E-01  -1.2363257E-02   1.4200378E-02  -2.0654047E-03   9.7308252E-03  -9.4122578E-03   1.0643795E-02  -3.4501406E+01   1.5055061E-01   3.4039292E+00  -2.8565573E+01   5.4442218E+00   9.6182393E+00   3.5522592E+01  -2.8793385E+00   9.2377998E-02   2.6916280E+00   1.9684564E+01   5.4733494E+01  -3.9438108E-05   9.2347082E-04
  4.2550905E-10  -1.2671531E-08   1.2771942E-09  -9.7726156E-08  -4.9836045E-08  -1.2164786E-07  -7.4853892E-08  -7.0853012E-10   7.7916799E-06  -8.1001963E-07  -1.7908476E-06   6.8006501E-07   2.7049794E-06   6.3941153E-08   5.5251339E-07  -1.4175939E-04   6.2334498E-06   8.2768826E-05   3.9762023E-03   1.4071447E-04   4.6296630E-04   4.2334715E-04  -6.0973219E-05   1.5908213E-04  -1.9197761E-04  -7.2690528E-05  -3.9438108E-05   3.7741333E-07  -5.6566463E-09
 -4.3048962E-09   5.6107644E-09  -2.9052397E-10  -1.1299489E-07  -2.3281169E-07  -7.7750165E-08   1.0298678E-07  -4.9657795E-09   9.8432699E-07   4.9920219E-06  -6.0649811E-07   6.2665683E-07  -5.0666401E-07  -3.1095656E-06   6.6850656E-07   6.8133682E-04  -3.3459547E-07  -4.9665025E-05   3.9899600E-04   1.4019360E-04  -3.3179216E-04  -1.2832246E-03   1.9220176E-05  -1.8046685E-05  -4.9683121E-05   3.9185576E-04   9.2347082E-04  -5.6566463E-09   3.8765179E-07
