# omegabh2 omegach2 theta tau mnu nnu logA ns calPlanck acib217 xi asz143 aps100 aps143 aps143217 aps217 aksz kgal100 kgal143 kgal143217 kgal217 galfTE100 galfTE100143 galfTE100217 galfTE143 galfTE143217 galfTE217 cal0 cal2
  2.9798436E-08   2.0549002E-07  -1.9727101E-08   2.2746046E-07   6.2398197E-07   1.6493834E-05   1.0772459E-06   7.1695090E-07   1.5731879E-09   1.1170814E-05  -8.4529402E-08   6.7893807E-06   6.5105337E-05  -8.0408703E-06   1.7241392E-07  -1.8736883E-05   3.2584682E-06   5.8059236E-06   6.5643944E-06   1.6509130E-05   2.1230294E-05  -5.4445900E-08  -4.6672075E-08  -1.5478028E-07  -2.2512559E-07  -1.8724342E-07  -1.5998115E-06   1.9440743E-09   2.4762979E-09
  2.0549002E-07   6.9088686E-06  -7.3028600E-07  -3.8287653E-07  -1.9778917E-06   3.6970509E-04   1.6944374E-05   1.0169649E-05  -1.0887412E-07   2.1353770E-03  -4.0328389E-05  -3.6463382E-04   9.6075350E-03   4.8503961E-03   1.5507788E-03  -4.1418652E-04   6.5291450E-04   1.0988443E-04   2.0127317E-04   3.1041302E-04  -2.6349490E-04   7.6527906E-08   1.4230422E-06   2.2719523E-06   3.4320084E-06  -6.9284456E-08   1.3661985E-05  -1.5787227E-08   6.6196222E-08
 -1.9727101E-08  -7.3028600E-07   1.6252917E-07   1.8578687E-08  -4.1802354E-07  -4.2768963E-05  -1.7595087E-06  -1.2265164E-06   1.1390378E-08  -2.5328119E-04   5.5416302E-06   3.5713714E-05  -1.1444410E-03  -5.0302180E-04  -1.5648109E-04   3.8502397E-05  -6.7063722E-05  -2.2242690E-05  -2.4480384E-05  -3.4776207E-05   4.8086056E-05   2.5425548E-08  -1.3272864E-07  -4.7265861E-07  -5.8545679E-07  -1.5012716E-07  -1.6734776E-06  -1.7838402E-09  -9.3690519E-09
  2.2746046E-07  -3.8287653E-07   1.8578687E-08   6.2212245E-05   2.9507881E-05   7.9902486E-05   1.2298660E-04   9.1946666E-06  -4.4455430E-07  -1.4035129E-03   4.7350208E-05   1.0724275E-04  -9.1723148E-03  -3.6962447E-03  -1.0254116E-03   2.5218025E-04  -5.1561178E-04   9.8233711E-05  -2.5806965E-04  -7.5136819E-04  -7.7528920E-04  -1.9761537E-06  -3.1472086E-06  -2.2618871E-06  -3.8837628E-06   2.8078011E-06  -4.2755013E-05   3.9291367E-08  -9.9180621E-09
  6.2398197E-07  -1.9778917E-06  -4.1802354E-07   2.9507881E-05   1.5776126E-03   4.4974587E-04   5.6127311E-05   3.9331779E-05   2.8165019E-06   5.5504713E-03  -3.8695153E-05  -9.1433092E-04   2.8668814E-02   1.2778547E-03  -3.9109790E-03  -8.7391646E-03   3.3273553E-03   8.4829658E-04   1.6037088E-03   7.5063735E-04  -4.6596043E-04   7.6257618E-06  -1.8836376E-06   2.2959332E-05  -3.7515370E-05   1.4138322E-05   1.3355675E-05  -1.5351795E-07   1.2391679E-07
  1.6493834E-05   3.6970509E-04  -4.2768963E-05   7.9902486E-05   4.4974587E-04   2.3241577E-02   1.1205809E-03   7.9095780E-04  -1.9743679E-06   1.2537688E-01  -2.5292207E-03  -1.8114730E-02   5.5522101E-01   2.6276316E-01   7.7995816E-02  -3.3886056E-02   3.9805060E-02   8.1796468E-03   1.5788063E-02   2.3286644E-02  -1.0047190E-02  -3.7557840E-07   5.1626202E-05   1.7111598E-04   1.3065519E-04  -4.1688344E-07   3.5094197E-04  -1.0171400E-06   4.0618346E-06
  1.0772459E-06   1.6944374E-05  -1.7595087E-06   1.2298660E-04   5.6127311E-05   1.1205809E-03   3.1640481E-04   4.4289232E-05   1.1080704E-05   1.8074171E-03   5.7199126E-05  -7.6982683E-04   7.5885229E-03   6.5879569E-03   4.9027348E-03   5.7397026E-03  -6.9092254E-05   7.4715120E-05  -5.8993150E-04  -1.1480451E-03  -4.7966563E-04   1.0329973E-06  -4.5038434E-06   6.9790191E-07  -4.0173140E-06  -1.3068692E-06  -4.6451672E-05   1.4292689E-07   1.4397924E-07
  7.1695090E-07   1.0169649E-05  -1.2265164E-06   9.1946666E-06   3.9331779E-05   7.9095780E-04   4.4289232E-05   4.1335318E-05   2.7420515E-07   3.7609312E-04   4.9746047E-06   1.7732588E-04  -1.5805763E-03   2.4845777E-03   3.4118702E-03   2.6003334E-03  -3.6395623E-04   6.2480049E-04   3.7745834E-04   5.5420043E-04   7.9059400E-04  -5.4225534E-07   1.7298523E-07   6.0364505E-06  -7.9117794E-07   5.7029385E-07  -9.9396288E-06  -1.0677203E-07   7.3336748E-08
  1.5731879E-09  -1.0887412E-07   1.1390378E-08  -4.4455430E-07   2.8165019E-06  -1.9743679E-06   1.1080704E-05   2.7420515E-07   6.0903548E-06   4.1579056E-04   1.2795170E-05  -2.4116506E-05   2.4416003E-03   6.9650051E-04   6.1887728E-04   1.5149165E-03   1.8216973E-05  -1.6577208E-05   3.1874480E-07   3.6499515E-05   8.8162508E-04   2.5696148E-06  -3.9497565E-07  -2.0640742E-07  -2.3336175E-06  -2.9464984E-06   2.4217511E-06  -2.0686894E-08   2.1679450E-09
  1.1170814E-05   2.1353770E-03  -2.5328119E-04  -1.4035129E-03   5.5504713E-03   1.2537688E-01   1.8074171E-03   3.7609312E-04   4.1579056E-04   4.4626133E+01  -3.6582608E-01  -1.0222432E+00   3.5738147E+01   3.1713248E+00  -1.1652666E+01  -5.4683891E+01   1.7856542E-01   2.1724976E-01   5.4340451E-01  -5.7632578E+00  -3.3258158E+01   1.8123826E-03   2.5119932E-03   3.6015215E-03   6.2993381E-03   2.7137918E-03  -2.5653468E-02  -2.3879021E-04   7.5684848E-04
 -8.4529402E-08  -4.0328389E-05   5.5416302E-06   4.7350208E-05  -3.8695153E-05  -2.5292207E-03   5.7199126E-05   4.9746047E-06   1.2795170E-05  -3.6582608E-01   8.0732128E-02  -3.3996663E-02  -7.1065489E-01   8.6305690E-01   1.6460723E+00   5.6617638E-01   3.5249291E-02   3.9387007E-04   1.9974806E-02   1.2341491E-01   1.5416354E-01   2.3137685E-05  -4.3043609E-05   1.3558185E-04  -6.3418839E-05   4.4077893E-06   1.1954270E-03   3.5172565E-06  -2.8527390E-06
  6.7893807E-06  -3.6463382E-04   3.5713714E-05   1.0724275E-04  -9.1433092E-04  -1.8114730E-02  -7.6982683E-04   1.7732588E-04  -2.4116506E-05  -1.0222432E+00  -3.3996663E-02   3.8182396E+00  -3.0794194E+01  -3.3402292E+00   7.4809838E+00   5.1796284E+00  -2.5747372E+00  -1.6154049E-01   1.4398152E-01   2.7228400E+00   3.4779003E+00  -5.1552922E-04  -8.6839916E-04  -1.0943777E-03  -8.7075402E-04  -2.3814530E-03  -7.5880512E-03   1.2562424E-04  -1.9428226E-05
  6.5105337E-05   9.6075350E-03  -1.1444410E-03  -9.1723148E-03   2.8668814E-02   5.5522101E-01   7.5885229E-03  -1.5805763E-03   2.4416003E-03   3.5738147E+01  -7.1065489E-01  -3.0794194E+01   7.7412474E+02   6.8220410E+01  -5.6438140E+01  -5.9084159E+01   1.4362015E+01  -6.0015737E+00   4.8786111E+00  -1.3696135E+01  -2.4635847E+01   7.5718698E-03   1.2193586E-02   1.7401113E-02   9.3860244E-03   1.6335391E-02   1.0742738E-01   3.5866395E-03   3.3655040E-04
 -8.0408703E-06   4.8503961E-03  -5.0302180E-04  -3.6962447E-03   1.2778547E-03   2.6276316E-01   6.5879569E-03   2.4845777E-03   6.9650051E-04   3.1713248E+00   8.6305690E-01  -3.3402292E+00   6.8220410E+01   6.2016439E+01   3.9764756E+01   1.4012260E+01  -4.1982464E+00  -2.1287429E-01  -1.1042332E+00   3.5341496E+00   3.9618488E+00  -4.8810327E-04   1.3181891E-03  -3.4724897E-04   3.3753265E-03  -5.7490825E-03   4.2855344E-02   1.7345425E-05   5.4563735E-05
  1.7241392E-07   1.5507788E-03  -1.5648109E-04  -1.0254116E-03  -3.9109790E-03   7.7995816E-02   4.9027348E-03   3.4118702E-03   6.1887728E-04  -1.1652666E+01   1.6460723E+00   7.4809838E+00  -5.6438140E+01   3.9764756E+01   8.2998827E+01   5.0072540E+01  -1.0975333E+01  -4.6805088E-01  -5.7529096E-01   5.1691497E+00   8.1315520E+00  -2.1455318E-03  -4.2997198E-05  -4.8453611E-04   1.7637931E-03  -1.6059214E-02   1.0954862E-02   4.1944942E-04  -3.5040183E-04
 -1.8736883E-05  -4.1418652E-04   3.8502397E-05   2.5218025E-04  -8.7391646E-03  -3.3886056E-02   5.7397026E-03   2.6003334E-03   1.5149165E-03  -5.4683891E+01   5.6617638E-01   5.1796284E+00  -5.9084159E+01   1.4012260E+01   5.0072540E+01   1.0228613E+02  -8.7749910E+00  -6.0935419E-01  -1.4408339E+00   5.1149972E+00   3.3153893E+01  -1.6478807E-03  -6.8994057E-04  -5.4898213E-03  -3.0900695E-03  -1.5915521E-02   2.7630238E-02   4.8703219E-04  -1.3451436E-03
  3.2584682E-06   6.5291450E-04  -6.7063722E-05  -5.1561178E-04   3.3273553E-03   3.9805060E-02  -6.9092254E-05  -3.6395623E-04   1.8216973E-05   1.7856542E-01   3.5249291E-02  -2.5747372E+00   1.4362015E+01  -4.1982464E+00  -1.0975333E+01  -8.7749910E+00   5.4618759E+00   7.0639402E-02  -1.0696612E-01  -1.9630429E+00  -2.3289191E+00   1.3532149E-03   5.8672700E-04   3.0217158E-03  -1.5867962E-05   4.2008744E-03   7.2553523E-03  -9.7967285E-05   4.3595987E-06
  5.8059236E-06   1.0988443E-04  -2.2242690E-05   9.8233711E-05   8.4829658E-04   8.1796468E-03   7.4715120E-05   6.2480049E-04  -1.6577208E-05   2.1724976E-01   3.9387007E-04  -1.6154049E-01  -6.0015737E+00  -2.1287429E-01  -4.6805088E-01  -6.0935419E-01   7.0639402E-02   3.3685308E+00   6.4573314E-01   3.0510206E-01   2.8639502E-01   4.7719576E-05   1.0708551E-04   1.9133527E-03  -1.0943607E-03   1.7235260E-03   1.4945089E-03   1.7240196E-04   2.7474657E-06
  6.5643944E-06   2.0127317E-04  -2.4480384E-05  -2.5806965E-04   1.6037088E-03   1.5788063E-02  -5.8993150E-04   3.7745834E-04   3.1874480E-07   5.4340451E-01   1.9974806E-02   1.4398152E-01   4.8786111E+00  -1.1042332E+00  -5.7529096E-01  -1.4408339E+00  -1.0696612E-01   6.4573314E-01   3.2238082E+00   2.8952130E+00   2.9729337E+00  -4.1298933E-04   1.4663388E-05   1.0843287E-03   1.2215000E-04   1.2931932E-03   2.8590174E-03  -1.8001520E-04  -2.6536818E-05
  1.6509130E-05   3.1041302E-04  -3.4776207E-05  -7.5136819E-04   7.5063735E-04   2.3286644E-02  -1.1480451E-03   5.5420043E-04   3.6499515E-05  -5.7632578E+00   1.2341491E-01   2.7228400E+00  -1.3696135E+01   3.5341496E+00   5.1691497E+00   5.1149972E+00  -1.9630429E+00   3.0510206E-01   2.8952130E+00   1.1134666E+01   1.9596434E+01  -1.0339542E-03  -2.3842072E-03   8.4456143E-04  -1.4761439E-03   2.5232253E-03   1.5053537E-02  -2.1549557E-05   3.8672715E-04
  2.1230294E-05  -2.6349490E-04   4.8086056E-05  -7.7528920E-04  -4.6596043E-04  -1.0047190E-02  -4.7966563E-04   7.9059400E-04   8.8162508E-04  -3.3258158E+01   1.5416354E-01   3.4779003E+00  -2.4635847E+01   3.9618488E+00   8.1315520E+00   3.3153893E+01  -2.3289191E+00   2.8639502E-01   2.9729337E+00   1.9596434E+01   5.3687365E+01  -3.4188709E-03  -5.5125252E-03   4.3442701E-04  -4.8888004E-03   9.5500378E-04   3.4767362E-02   6.9367181E-05   8.2987364E-04
 -5.4445900E-08   7.6527906E-08   2.5425548E-08  -1.9761537E-06   7.6257618E-06  -3.7557840E-07   1.0329973E-06  -5.4225534E-07   2.5696148E-06   1.8123826E-03   2.3137685E-05  -5.1552922E-04   7.5718698E-03  -4.8810327E-04  -2.1455318E-03  -1.6478807E-03   1.3532149E-03   4.7719576E-05  -4.1298933E-04  -1.0339542E-03  -3.4188709E-03   1.4164046E-03   2.4624671E-04   1.0981909E-04  -3.5648618E-04  -5.9535084E-05   5.3253230E-05   3.7343173E-07  -2.7674573E-07
 -4.6672075E-08   1.4230422E-06  -1.3272864E-07  -3.1472086E-06  -1.8836376E-06   5.1626202E-05  -4.5038434E-06   1.7298523E-07  -3.9497565E-07   2.5119932E-03  -4.3043609E-05  -8.6839916E-04   1.2193586E-02   1.3181891E-03  -4.2997198E-05  -6.8994057E-04   5.8672700E-04   1.0708551E-04   1.4663388E-05  -2.3842072E-03  -5.5125252E-03   2.4624671E-04   8.3295947E-04   2.1877597E-05   7.2157125E-04   1.6342608E-05  -7.9756656E-04   3.8857060E-08  -3.1387313E-07
 -1.5478028E-07   2.2719523E-06  -4.7265861E-07  -2.2618871E-06   2.2959332E-05   1.7111598E-04   6.9790191E-07   6.0364505E-06  -2.0640742E-07   3.6015215E-03   1.3558185E-04  -1.0943777E-03   1.7401113E-02  -3.4724897E-04  -4.8453611E-04  -5.4898213E-03   3.0217158E-03   1.9133527E-03   1.0843287E-03   8.4456143E-04   4.3442701E-04   1.0981909E-04   2.1877597E-05   7.1229678E-03  -2.9477268E-04   5.5585603E-04   4.3732403E-03   4.7544516E-07   7.8006911E-07
 -2.2512559E-07   3.4320084E-06  -5.8545679E-07  -3.8837628E-06  -3.7515370E-05   1.3065519E-04  -4.0173140E-06  -7.9117794E-07  -2.3336175E-06   6.2993381E-03  -6.3418839E-05  -8.7075402E-04   9.3860244E-03   3.3753265E-03   1.7637931E-03  -3.0900695E-03  -1.5867962E-05  -1.0943607E-03   1.2215000E-04  -1.4761439E-03  -4.8888004E-03  -3.5648618E-04   7.2157125E-04  -2.9477268E-04   2.8482796E-03   4.9741243E-04  -1.0330731E-03   2.3200304E-07   1.9458260E-07
 -1.8724342E-07  -6.9284456E-08  -1.5012716E-07   2.8078011E-06   1.4138322E-05  -4.1688344E-07  -1.3068692E-06   5.7029385E-07  -2.9464984E-06   2.7137918E-03   4.4077893E-06  -2.3814530E-03   1.6335391E-02  -5.7490825E-03  -1.6059214E-02  -1.5915521E-02   4.2008744E-03   1.7235260E-03   1.2931932E-03   2.5232253E-03   9.5500378E-04  -5.9535084E-05   1.6342608E-05   5.5585603E-04   4.9741243E-04   6.4707832E-03   7.6759817E-03   2.3809881E-07  -5.3257882E-08
 -1.5998115E-06   1.3661985E-05  -1.6734776E-06  -4.2755013E-05   1.3355675E-05   3.5094197E-04  -4.6451672E-05  -9.9396288E-06   2.4217511E-06  -2.5653468E-02   1.1954270E-03  -7.5880512E-03   1.0742738E-01   4.2855344E-02   1.0954862E-02   2.7630238E-02   7.2553523E-03   1.4945089E-03   2.8590174E-03   1.5053537E-02   3.4767362E-02   5.3253230E-05  -7.9756656E-04   4.3732403E-03  -1.0330731E-03   7.6759817E-03   7.2361658E-02   5.5566354E-07  -1.1540986E-06
  1.9440743E-09  -1.5787227E-08  -1.7838402E-09   3.9291367E-08  -1.5351795E-07  -1.0171400E-06   1.4292689E-07  -1.0677203E-07  -2.0686894E-08  -2.3879021E-04   3.5172565E-06   1.2562424E-04   3.5866395E-03   1.7345425E-05   4.1944942E-04   4.8703219E-04  -9.7967285E-05   1.7240196E-04  -1.8001520E-04  -2.1549557E-05   6.9367181E-05   3.7343173E-07   3.8857060E-08   4.7544516E-07   2.3200304E-07   2.3809881E-07   5.5566354E-07   3.8177022E-07  -5.3625922E-09
  2.4762979E-09   6.6196222E-08  -9.3690519E-09  -9.9180621E-09   1.2391679E-07   4.0618346E-06   1.4397924E-07   7.3336748E-08   2.1679450E-09   7.5684848E-04  -2.8527390E-06  -1.9428226E-05   3.3655040E-04   5.4563735E-05  -3.5040183E-04  -1.3451436E-03   4.3595987E-06   2.7474657E-06  -2.6536818E-05   3.8672715E-04   8.2987364E-04  -2.7674573E-07  -3.1387313E-07   7.8006911E-07   1.9458260E-07  -5.3257882E-08  -1.1540986E-06  -5.3625922E-09   3.7414076E-07
