# omegabh2 omegach2 theta tau logA ns nrun r calPlanck acib217 xi asz143 aps100 aps143 aps143217 aps217 aksz kgal100 kgal143 kgal143217 kgal217 galfTE100 galfTE100143 galfTE100217 galfTE143 galfTE143217 galfTE217 cal0 cal2
  1.9779835E-08  -5.5965427E-08   1.1652869E-08   2.2828678E-07   4.6347572E-07   1.1897959E-07  -3.1301807E-07   1.0971976E-06   1.7289728E-09  -2.3969767E-05  -1.5182134E-07   7.5074027E-06  -8.1887015E-05  -8.5127869E-05  -5.0578233E-05  -7.2763492E-06  -1.2038268E-05   6.1567394E-06  -4.3127078E-06  -7.2000043E-06  -8.2686086E-06  -7.3559014E-08  -7.5267985E-08  -2.9367136E-07  -1.6373109E-07  -4.7591439E-07  -2.1164969E-06   4.4102617E-09  -1.0666897E-09
 -5.5965427E-08   1.0496663E-06  -5.3113101E-08  -1.1378082E-06   3.5299909E-07  -2.5775827E-06  -5.2853098E-07  -4.9935054E-06  -6.4210233E-08   1.2778289E-04  -1.3111832E-06  -8.4599724E-05   9.2472391E-04   8.5930652E-04   3.6004180E-04   1.8394376E-04   6.9295190E-05  -8.3652522E-06  -2.5478681E-05   2.3698751E-05   2.3063996E-05   4.0175258E-07  -3.2837225E-07  -3.4553269E-07   2.0860560E-07   1.3821440E-06   9.3505014E-06  -4.6695522E-09  -3.4936121E-09
  1.1652869E-08  -5.3113101E-08   8.7277025E-08   1.2361897E-07   1.9350654E-07   2.3420448E-07  -4.2252158E-08   3.1873048E-07  -1.2317658E-08   2.6037575E-05   3.3639286E-07  -2.2455225E-06   1.2992542E-04   3.2855810E-05   1.5016337E-05  -2.7156367E-05  -1.0826525E-05   2.3932795E-06   5.8830759E-06  -8.6948727E-06  -4.0333342E-05  -2.8276678E-07  -6.2273075E-08   3.7595639E-07   1.4116430E-07  -5.2617531E-07  -6.3186772E-07   1.9845071E-09  -9.5967699E-10
  2.2828678E-07  -1.1378082E-06   1.2361897E-07   5.6073536E-05   1.1028220E-04   3.2060238E-06  -1.2230243E-05   3.8506371E-05  -8.3566044E-07  -2.4611779E-04  -1.1967021E-05  -3.8678258E-04   5.7505741E-03   4.4731850E-04  -1.7042679E-03  -5.3710595E-04   2.1014511E-04   2.6808770E-04   8.3954212E-05  -4.2454867E-05  -9.4184426E-05   2.4151705E-06  -2.5571239E-06  -1.0808613E-05  -2.5417434E-06   1.0714149E-05  -6.5407485E-05   1.2194545E-07   9.8888727E-09
  4.6347572E-07   3.5299909E-07   1.9350654E-07   1.1028220E-04   2.5348920E-04  -2.5093599E-06  -3.5781130E-05   9.1441121E-05   1.0442596E-05   8.3783675E-04   1.6755672E-05  -1.2106950E-03   2.3089203E-02   8.2358353E-03   1.8046126E-03   5.6240193E-03   1.0527820E-04   1.2378636E-04  -3.7839721E-04  -4.1783620E-04   7.7313604E-04   8.4515848E-06  -4.5033348E-06  -3.0597798E-05  -3.3161394E-06   2.1357499E-05  -1.3174559E-04   3.5712688E-07  -5.2171818E-08
  1.1897959E-07  -2.5775827E-06   2.3420448E-07   3.2060238E-06  -2.5093599E-06   1.6359526E-05   7.2203985E-06   2.8338081E-05   3.1453420E-07  -5.1095908E-03   1.0346989E-04   1.2325955E-03  -2.5763036E-02  -8.5529986E-03   1.6071958E-03   5.4639765E-03  -2.7035406E-03   2.4179330E-04  -3.1556683E-04  -5.1656899E-04   1.3323473E-03  -1.3462883E-06  -2.2525309E-07   3.3393545E-06   9.4717929E-07   3.5253580E-06  -1.1022474E-05  -9.5540167E-08  -3.8745310E-08
 -3.1301807E-07  -5.2853098E-07  -4.2252158E-08  -1.2230243E-05  -3.5781130E-05   7.2203985E-06   5.6023157E-05  -1.9043377E-04   5.4538899E-07  -8.7491087E-03   1.9072653E-04   2.0523199E-03  -3.7158256E-02  -1.6996458E-02  -1.0549336E-03   4.5973948E-03  -3.4565816E-03  -3.1921499E-04  -5.4634643E-04  -5.9545224E-04   2.6082136E-03  -4.1643218E-06  -2.0276392E-06   1.5381357E-05   1.9151007E-06   1.6721503E-06   5.3773811E-05  -1.0448810E-07  -1.6957550E-07
  1.0971976E-06  -4.9935054E-06   3.1873048E-07   3.8506371E-05   9.1441121E-05   2.8338081E-05  -1.9043377E-04   3.0095473E-03   1.1049595E-06   2.0860316E-02  -4.6283274E-04  -2.3526374E-03   6.5718229E-02   3.4998104E-02   2.8217565E-03  -6.3613626E-03   5.7013007E-03  -1.1487527E-03   3.6991236E-04   4.6681528E-03  -2.6217680E-03   3.9237599E-05   1.4422452E-05  -7.1114494E-05   1.0656676E-04  -2.8451955E-05  -2.1723865E-04  -4.5438362E-07   7.9324456E-07
  1.7289728E-09  -6.4210233E-08  -1.2317658E-08  -8.3566044E-07   1.0442596E-05   3.1453420E-07   5.4538899E-07   1.1049595E-06   6.1481934E-06   5.4825023E-04   1.9010556E-05   8.1127890E-05   3.0696471E-03   6.6136757E-04   1.0409209E-03   1.7907035E-03  -1.5082803E-04  -6.5268925E-05   5.8955180E-06  -4.1618472E-05   6.3016508E-04   1.3189699E-06   4.3660754E-07  -1.7199766E-06   9.5349603E-07  -1.3120315E-06  -1.1795862E-06  -2.6257689E-08  -3.7274140E-08
 -2.3969767E-05   1.2778289E-04   2.6037575E-05  -2.4611779E-04   8.3783675E-04  -5.1095908E-03  -8.7491087E-03   2.0860316E-02   5.4825023E-04   4.6588402E+01  -4.5851855E-01  -9.8200752E-01   3.6951075E+01   2.8632336E+00  -1.4703754E+01  -5.7492006E+01   6.9623414E-01   2.2146216E-01   6.0481813E-01  -5.6352558E+00  -3.3808380E+01   8.7016549E-04   5.9794042E-04   2.2816842E-03   1.9011936E-03  -1.2570066E-02   1.9025192E-02  -1.9965216E-04   7.8571423E-04
 -1.5182134E-07  -1.3111832E-06   3.3639286E-07  -1.1967021E-05   1.6755672E-05   1.0346989E-04   1.9072653E-04  -4.6283274E-04   1.9010556E-05  -4.5851855E-01   8.2082355E-02  -5.0353435E-02  -4.8133208E-01   8.3725590E-01   1.6458742E+00   6.9819600E-01   4.7200046E-02  -1.1312434E-02   3.6328196E-03   8.5779920E-02   1.5676840E-01  -1.4247954E-04  -1.7369399E-04  -1.7865598E-04   3.1219710E-05   2.2321271E-04   5.4559824E-05   5.1316832E-06  -2.8588822E-06
  7.5074027E-06  -8.4599724E-05  -2.2455225E-06  -3.8678258E-04  -1.2106950E-03   1.2325955E-03   2.0523199E-03  -2.3526374E-03   8.1127890E-05  -9.8200752E-01  -5.0353435E-02   4.0873246E+00  -3.2318540E+01  -3.7230411E+00   8.1550488E+00   5.8519838E+00  -3.1506752E+00  -1.8616233E-01   2.0177422E-01   2.7413194E+00   3.4977500E+00  -7.5150915E-05  -1.2244334E-03   2.0409238E-03  -1.6540905E-03   1.1518606E-03   1.0383520E-03   1.0361385E-04  -4.1389672E-05
 -8.1887015E-05   9.2472391E-04   1.2992542E-04   5.7505741E-03   2.3089203E-02  -2.5763036E-02  -3.7158256E-02   6.5718229E-02   3.0696471E-03   3.6951075E+01  -4.8133208E-01  -3.2318540E+01   7.9277744E+02   7.7261478E+01  -5.5730643E+01  -6.2989155E+01   1.7858179E+01  -6.6288578E+00   5.3706874E+00  -1.2343616E+01  -2.3903331E+01   1.4270132E-02   2.1923359E-02  -1.4063699E-02   2.2619687E-02   8.0595868E-03   8.0774644E-02   3.7532012E-03   5.8568863E-04
 -8.5127869E-05   8.5930652E-04   3.2855810E-05   4.4731850E-04   8.2358353E-03  -8.5529986E-03  -1.6996458E-02   3.4998104E-02   6.6136757E-04   2.8632336E+00   8.3725590E-01  -3.7230411E+00   7.7261478E+01   6.5634701E+01   4.0949484E+01   1.6379384E+01  -4.2981642E+00  -5.9251128E-01  -1.2898603E+00   3.4698916E+00   4.1762609E+00  -4.8440745E-04   2.2277515E-03  -1.0567625E-03   1.2785584E-03  -4.5079293E-03  -5.9454820E-03   1.4166251E-04   1.2027335E-04
 -5.0578233E-05   3.6004180E-04   1.5016337E-05  -1.7042679E-03   1.8046126E-03   1.6071958E-03  -1.0549336E-03   2.8217565E-03   1.0409209E-03  -1.4703754E+01   1.6458742E+00   8.1550488E+00  -5.5730643E+01   4.0949484E+01   8.8180911E+01   5.8265102E+01  -1.3068864E+01  -1.0053075E+00  -5.9991644E-01   5.1798010E+00   9.7620846E+00  -2.4773007E-03  -4.2030915E-03   6.0809543E-04  -2.2719482E-03   6.2072529E-03  -1.7439435E-02   4.6462846E-04  -4.1738071E-04
 -7.2763492E-06   1.8394376E-04  -2.7156367E-05  -5.3710595E-04   5.6240193E-03   5.4639765E-03   4.5973948E-03  -6.3613626E-03   1.7907035E-03  -5.7492006E+01   6.9819600E-01   5.8519838E+00  -6.2989155E+01   1.6379384E+01   5.8265102E+01   1.0987220E+02  -1.0990503E+01  -8.3627472E-01  -1.1617878E+00   5.6876759E+00   3.4569896E+01  -1.3555559E-03   3.3185488E-04  -8.6195470E-04  -1.2993409E-03   1.9346039E-02  -3.6292954E-02   4.8644432E-04  -1.4517116E-03
 -1.2038268E-05   6.9295190E-05  -1.0826525E-05   2.1014511E-04   1.0527820E-04  -2.7035406E-03  -3.4565816E-03   5.7013007E-03  -1.5082803E-04   6.9623414E-01   4.7200046E-02  -3.1506752E+00   1.7858179E+01  -4.2981642E+00  -1.3068864E+01  -1.0990503E+01   6.6079436E+00   1.8717467E-01  -2.0527827E-01  -2.2981798E+00  -3.0726524E+00   8.2924484E-04   1.1968651E-04  -4.4882441E-03   5.0328006E-04  -2.1669020E-03  -3.6725290E-03  -8.1328657E-05   2.1393553E-05
  6.1567394E-06  -8.3652522E-06   2.3932795E-06   2.6808770E-04   1.2378636E-04   2.4179330E-04  -3.1921499E-04  -1.1487527E-03  -6.5268925E-05   2.2146216E-01  -1.1312434E-02  -1.8616233E-01  -6.6288578E+00  -5.9251128E-01  -1.0053075E+00  -8.3627472E-01   1.8717467E-01   3.4697429E+00   5.5856432E-01   1.4201259E-01   2.2899198E-02  -9.0724662E-04  -4.6383820E-04   2.2498858E-03  -1.8607832E-03  -1.6872510E-03  -5.1427681E-03   1.7971715E-04   3.1068527E-06
 -4.3127078E-06  -2.5478681E-05   5.8830759E-06   8.3954212E-05  -3.7839721E-04  -3.1556683E-04  -5.4634643E-04   3.6991236E-04   5.8955180E-06   6.0481813E-01   3.6328196E-03   2.0177422E-01   5.3706874E+00  -1.2898603E+00  -5.9991644E-01  -1.1617878E+00  -2.0527827E-01   5.5856432E-01   3.1717834E+00   2.7118463E+00   2.6561791E+00  -6.8023471E-04   2.9091249E-04   1.0439805E-03   1.0321696E-04  -1.0144167E-03  -4.4952036E-03  -1.8466579E-04  -4.6463707E-05
 -7.2000043E-06   2.3698751E-05  -8.6948727E-06  -4.2454867E-05  -4.1783620E-04  -5.1656899E-04  -5.9545224E-04   4.6681528E-03  -4.1618472E-05  -5.6352558E+00   8.5779920E-02   2.7413194E+00  -1.2343616E+01   3.4698916E+00   5.1798010E+00   5.6876759E+00  -2.2981798E+00   1.4201259E-01   2.7118463E+00   1.0749892E+01   1.9176987E+01  -1.6469732E-03  -1.0155202E-03   3.0086783E-03  -2.7236217E-03   6.0651192E-04  -1.0159776E-02  -1.8236727E-05   3.8587983E-04
 -8.2686086E-06   2.3063996E-05  -4.0333342E-05  -9.4184426E-05   7.7313604E-04   1.3323473E-03   2.6082136E-03  -2.6217680E-03   6.3016508E-04  -3.3808380E+01   1.5676840E-01   3.4977500E+00  -2.3903331E+01   4.1762609E+00   9.7620846E+00   3.4569896E+01  -3.0726524E+00   2.2899198E-02   2.6561791E+00   1.9176987E+01   5.3782607E+01  -2.3746460E-03  -1.0416357E-03   6.2140450E-03  -4.7784486E-03   5.6771498E-03  -3.0087902E-02   7.6995843E-05   8.7888164E-04
 -7.3559014E-08   4.0175258E-07  -2.8276678E-07   2.4151705E-06   8.4515848E-06  -1.3462883E-06  -4.1643218E-06   3.9237599E-05   1.3189699E-06   8.7016549E-04  -1.4247954E-04  -7.5150915E-05   1.4270132E-02  -4.8440745E-04  -2.4773007E-03  -1.3555559E-03   8.2924484E-04  -9.0724662E-04  -6.8023471E-04  -1.6469732E-03  -2.3746460E-03   1.4360919E-03   2.5156504E-04   3.3379021E-05  -3.5185590E-04  -7.6110122E-05   1.7823682E-04   1.5963811E-07   4.6294823E-09
 -7.5267985E-08  -3.2837225E-07  -6.2273075E-08  -2.5571239E-06  -4.5033348E-06  -2.2525309E-07  -2.0276392E-06   1.4422452E-05   4.3660754E-07   5.9794042E-04  -1.7369399E-04  -1.2244334E-03   2.1923359E-02   2.2277515E-03  -4.2030915E-03   3.3185488E-04   1.1968651E-04  -4.6383820E-04   2.9091249E-04  -1.0155202E-03  -1.0416357E-03   2.5156504E-04   8.6556995E-04   3.7038934E-05   7.4569118E-04   8.7527210E-05  -6.7577905E-04  -4.5454823E-08  -6.9944745E-08
 -2.9367136E-07  -3.4553269E-07   3.7595639E-07  -1.0808613E-05  -3.0597798E-05   3.3393545E-06   1.5381357E-05  -7.1114494E-05  -1.7199766E-06   2.2816842E-03  -1.7865598E-04   2.0409238E-03  -1.4063699E-02  -1.0567625E-03   6.0809543E-04  -8.6195470E-04  -4.4882441E-03   2.2498858E-03   1.0439805E-03   3.0086783E-03   6.2140450E-03   3.3379021E-05   3.7038934E-05   6.8679257E-03  -2.5596564E-04   7.2845434E-04   4.4418290E-03  -5.7191939E-07   4.4601523E-07
 -1.6373109E-07   2.0860560E-07   1.4116430E-07  -2.5417434E-06  -3.3161394E-06   9.4717929E-07   1.9151007E-06   1.0656676E-04   9.5349603E-07   1.9011936E-03   3.1219710E-05  -1.6540905E-03   2.2619687E-02   1.2785584E-03  -2.2719482E-03  -1.2993409E-03   5.0328006E-04  -1.8607832E-03   1.0321696E-04  -2.7236217E-03  -4.7784486E-03  -3.5185590E-04   7.4569118E-04  -2.5596564E-04   2.8673327E-03   5.3744852E-04  -1.1917935E-03   6.0552390E-07   2.1166719E-07
 -4.7591439E-07   1.3821440E-06  -5.2617531E-07   1.0714149E-05   2.1357499E-05   3.5253580E-06   1.6721503E-06  -2.8451955E-05  -1.3120315E-06  -1.2570066E-02   2.2321271E-04   1.1518606E-03   8.0595868E-03  -4.5079293E-03   6.2072529E-03   1.9346039E-02  -2.1669020E-03  -1.6872510E-03  -1.0144167E-03   6.0651192E-04   5.6771498E-03  -7.6110122E-05   8.7527210E-05   7.2845434E-04   5.3744852E-04   6.2396840E-03   7.8434835E-03   1.0428346E-06  -7.9164107E-08
 -2.1164969E-06   9.3505014E-06  -6.3186772E-07  -6.5407485E-05  -1.3174559E-04  -1.1022474E-05   5.3773811E-05  -2.1723865E-04  -1.1795862E-06   1.9025192E-02   5.4559824E-05   1.0383520E-03   8.0774644E-02  -5.9454820E-03  -1.7439435E-02  -3.6292954E-02  -3.6725290E-03  -5.1427681E-03  -4.4952036E-03  -1.0159776E-02  -3.0087902E-02   1.7823682E-04  -6.7577905E-04   4.4418290E-03  -1.1917935E-03   7.8434835E-03   7.1387028E-02   7.3177348E-07  -3.5831884E-06
  4.4102617E-09  -4.6695522E-09   1.9845071E-09   1.2194545E-07   3.5712688E-07  -9.5540167E-08  -1.0448810E-07  -4.5438362E-07  -2.6257689E-08  -1.9965216E-04   5.1316832E-06   1.0361385E-04   3.7532012E-03   1.4166251E-04   4.6462846E-04   4.8644432E-04  -8.1328657E-05   1.7971715E-04  -1.8466579E-04  -1.8236727E-05   7.6995843E-05   1.5963811E-07  -4.5454823E-08  -5.7191939E-07   6.0552390E-07   1.0428346E-06   7.3177348E-07   3.7507753E-07   4.0964950E-09
 -1.0666897E-09  -3.4936121E-09  -9.5967699E-10   9.8888727E-09  -5.2171818E-08  -3.8745310E-08  -1.6957550E-07   7.9324456E-07  -3.7274140E-08   7.8571423E-04  -2.8588822E-06  -4.1389672E-05   5.8568863E-04   1.2027335E-04  -4.1738071E-04  -1.4517116E-03   2.1393553E-05   3.1068527E-06  -4.6463707E-05   3.8587983E-04   8.7888164E-04   4.6294823E-09  -6.9944745E-08   4.4601523E-07   2.1166719E-07  -7.9164107E-08  -3.5831884E-06   4.0964950E-09   3.8337899E-07
