# omegabh2 omegach2 theta tau alpha1 logA ns calPlanck acib217 xi asz143 aps100 aps143 aps143217 aps217 aksz kgal100 kgal143 kgal143217 kgal217 cal0 cal2
    0.6220267E-07   -0.2450277E-06    0.3435588E-07    0.2689367E-05   -0.1918972E-06    0.5068957E-05    0.5714142E-06    0.1519272E-07   -0.2239911E-03    0.4825289E-05    0.5971854E-04   -0.1103002E-02   -0.6088416E-03   -0.1718848E-03   -0.1335836E-04   -0.8288388E-04    0.7856364E-05   -0.4396955E-05   -0.3202279E-04    0.1158913E-05    0.4401134E-08   -0.2150925E-07
   -0.2450277E-06    0.4760840E-05   -0.5480015E-06   -0.1809013E-04   -0.5435717E-06   -0.2446712E-04   -0.1260291E-04   -0.1485392E-06    0.9085931E-03   -0.2267694E-04   -0.2295855E-03    0.3679586E-02    0.2415603E-02    0.6787237E-03    0.1843871E-05    0.3202744E-03    0.3659723E-04    0.9900247E-05    0.1640095E-03    0.1353557E-03   -0.1390276E-07    0.1231196E-06
    0.3435588E-07   -0.5480015E-06    0.2773585E-06    0.1249334E-05    0.3951176E-06    0.1188637E-05    0.2157415E-05    0.4991509E-07   -0.1542337E-03    0.2875715E-05    0.2345163E-04   -0.4354080E-03   -0.2921855E-03   -0.6304482E-04    0.6470832E-04   -0.4738507E-04    0.8613675E-05    0.6798652E-05   -0.2383474E-04    0.1153196E-04   -0.4653915E-08   -0.1798051E-07
    0.2689367E-05   -0.1809013E-04    0.1249334E-05    0.4495209E-03   -0.1515099E-04    0.8639681E-03    0.4817421E-04   -0.2309687E-06   -0.1843404E-01    0.3971612E-03    0.3976737E-02   -0.8291203E-01   -0.3530170E-01   -0.3429253E-02    0.9471481E-02   -0.7032841E-02   -0.2425446E-03   -0.9149175E-03   -0.3799664E-02   -0.1829785E-02    0.7649281E-07   -0.2412111E-05
   -0.1918972E-06   -0.5435717E-06    0.3951176E-06   -0.1515099E-04    0.4634541E-05   -0.3463985E-04    0.6098023E-05   -0.3227314E-07    0.1276740E-03   -0.7251411E-05    0.5115301E-04    0.9232336E-03    0.9569167E-03    0.8061364E-03    0.7012793E-03   -0.1266515E-03   -0.6224854E-04   -0.2632940E-04    0.1492704E-03    0.2064368E-03   -0.3943155E-07    0.4579031E-07
    0.5068957E-05   -0.2446712E-04    0.1188637E-05    0.8639681E-03   -0.3463985E-04    0.1717532E-02    0.6012459E-04    0.1138984E-04   -0.3541900E-01    0.8184134E-03    0.7413152E-02   -0.1531624E+00   -0.6394235E-01   -0.2486546E-02    0.2468992E-01   -0.1411449E-01   -0.7620913E-03   -0.2269443E-02   -0.7749301E-02   -0.1982251E-02    0.3977860E-06   -0.4732062E-05
    0.5714142E-06   -0.1260291E-04    0.2157415E-05    0.4817421E-04    0.6098023E-05    0.6012459E-04    0.5112628E-04    0.4343827E-06   -0.7695817E-02    0.1962209E-03    0.1849681E-02   -0.3726724E-01   -0.1173440E-01    0.2796981E-02    0.7333257E-02   -0.3559456E-02    0.1602128E-03   -0.3084146E-03   -0.8000946E-03    0.5666112E-03   -0.2101827E-06   -0.7693043E-06
    0.1519272E-07   -0.1485392E-06    0.4991509E-07   -0.2309687E-06   -0.3227314E-07    0.1138984E-04    0.4343827E-06    0.6023149E-05    0.5141050E-03    0.7293949E-05   -0.1471397E-04    0.3461971E-02    0.6062915E-03    0.4396273E-03    0.1413999E-02   -0.1306569E-04   -0.7616730E-04    0.1501771E-04   -0.6926385E-06    0.7589565E-03   -0.1193298E-07   -0.4666954E-07
   -0.2239911E-03    0.9085931E-03   -0.1542337E-03   -0.1843404E-01    0.1276740E-03   -0.3541900E-01   -0.7695817E-02    0.5141050E-03    0.4256085E+02   -0.5158376E+00   -0.1743444E+01    0.4516096E+02    0.1456533E+01   -0.2085750E+02   -0.5912565E+02    0.6343385E+00   -0.1729961E+00    0.1243373E+00   -0.2231682E+01   -0.1843885E+02   -0.3367535E-03    0.4175528E-02
    0.4825289E-05   -0.2267694E-04    0.2875715E-05    0.3971612E-03   -0.7251411E-05    0.8184134E-03    0.1962209E-03    0.7293949E-05   -0.5158376E+00    0.8122345E-01   -0.6520633E-01   -0.6313432E+00    0.9455742E+00    0.1848048E+01    0.7643197E+00    0.5847147E-01   -0.2652812E-02    0.4744621E-02    0.9813965E-01    0.1105623E+00    0.7547429E-05   -0.2164535E-04
    0.5971854E-04   -0.2295855E-03    0.2345163E-04    0.3976737E-02    0.5115301E-04    0.7413152E-02    0.1849681E-02   -0.1471397E-04   -0.1743444E+01   -0.6520633E-01    0.3728523E+01   -0.2971421E+02   -0.3910503E+01    0.7769270E+01    0.6785872E+01   -0.2770731E+01   -0.1427472E+00    0.1203999E-01    0.2402066E+01    0.2279916E+01    0.1818850E-03   -0.3229964E-03
   -0.1103002E-02    0.3679586E-02   -0.4354080E-03   -0.8291203E-01    0.9232336E-03   -0.1531624E+00   -0.3726724E-01    0.3461971E-02    0.4516096E+02   -0.6313432E+00   -0.2971421E+02    0.7893053E+03    0.7437465E+02   -0.5959586E+02   -0.7123278E+02    0.1489595E+02   -0.4306150E+01    0.3535463E+01   -0.1211960E+02   -0.1802549E+02    0.6222680E-02    0.4084269E-02
   -0.6088416E-03    0.2415603E-02   -0.2921855E-03   -0.3530170E-01    0.9569167E-03   -0.6394235E-01   -0.1173440E-01    0.6062915E-03    0.1456533E+01    0.9455742E+00   -0.3910503E+01    0.7437465E+02    0.6374365E+02    0.4506082E+02    0.1856898E+02   -0.4119245E+01   -0.5759015E+00   -0.1026467E+01    0.3861563E+01    0.3599417E+01    0.1475753E-03    0.1421649E-03
   -0.1718848E-03    0.6787237E-03   -0.6304482E-04   -0.3429253E-02    0.8061364E-03   -0.2486546E-02    0.2796981E-02    0.4396273E-03   -0.2085750E+02    0.1848048E+01    0.7769270E+01   -0.5959586E+02    0.4506082E+02    0.9901020E+02    0.6755846E+02   -0.1231971E+02   -0.7949288E+00   -0.4806425E+00    0.4929575E+01    0.5798872E+01    0.7883170E-03   -0.2450949E-02
   -0.1335836E-04    0.1843871E-05    0.6470832E-04    0.9471481E-02    0.7012793E-03    0.2468992E-01    0.7333257E-02    0.1413999E-02   -0.5912565E+02    0.7643197E+00    0.6785872E+01   -0.7123278E+02    0.1856898E+02    0.6755846E+02    0.1198759E+03   -0.1070360E+02   -0.3957755E+00   -0.4601154E+00    0.5169390E-01    0.1537057E+02    0.8015407E-03   -0.7293395E-02
   -0.8288388E-04    0.3202744E-03   -0.4738507E-04   -0.7032841E-02   -0.1266515E-03   -0.1411449E-01   -0.3559456E-02   -0.1306569E-04    0.6343385E+00    0.5847147E-01   -0.2770731E+01    0.1489595E+02   -0.4119245E+01   -0.1231971E+02   -0.1070360E+02    0.6190649E+01    0.1332180E+00   -0.2707893E-01   -0.1943283E+01   -0.1734852E+01   -0.1416407E-03    0.1791538E-03
    0.7856364E-05    0.3659723E-04    0.8613675E-05   -0.2425446E-03   -0.6224854E-04   -0.7620913E-03    0.1602128E-03   -0.7616730E-04   -0.1729961E+00   -0.2652812E-02   -0.1427472E+00   -0.4306150E+01   -0.5759015E+00   -0.7949288E+00   -0.3957755E+00    0.1332180E+00    0.3554415E+01    0.5201425E+00    0.2393314E+00    0.3495301E+00    0.2849540E-03   -0.1758927E-04
   -0.4396955E-05    0.9900247E-05    0.6798652E-05   -0.9149175E-03   -0.2632940E-04   -0.2269443E-02   -0.3084146E-03    0.1501771E-04    0.1243373E+00    0.4744621E-02    0.1203999E-01    0.3535463E+01   -0.1026467E+01   -0.4806425E+00   -0.4601154E+00   -0.2707893E-01    0.5201425E+00    0.3415720E+01    0.2569822E+01    0.1699261E+01   -0.2772796E-03   -0.2166068E-03
   -0.3202279E-04    0.1640095E-03   -0.2383474E-04   -0.3799664E-02    0.1492704E-03   -0.7749301E-02   -0.8000946E-03   -0.6926385E-06   -0.2231682E+01    0.9813965E-01    0.2402066E+01   -0.1211960E+02    0.3861563E+01    0.4929575E+01    0.5169390E-01   -0.1943283E+01    0.2393314E+00    0.2569822E+01    0.1764491E+02    0.2644574E+02    0.4594329E-04    0.2562354E-02
    0.1158913E-05    0.1353557E-03    0.1153196E-04   -0.1829785E-02    0.2064368E-03   -0.1982251E-02    0.5666112E-03    0.7589565E-03   -0.1843885E+02    0.1105623E+00    0.2279916E+01   -0.1802549E+02    0.3599417E+01    0.5798872E+01    0.1537057E+02   -0.1734852E+01    0.3495301E+00    0.1699261E+01    0.2644574E+02    0.5549870E+02    0.1892949E-03    0.4709464E-02
    0.4401134E-08   -0.1390276E-07   -0.4653915E-08    0.7649281E-07   -0.3943155E-07    0.3977860E-06   -0.2101827E-06   -0.1193298E-07   -0.3367535E-03    0.7547429E-05    0.1818850E-03    0.6222680E-02    0.1475753E-03    0.7883170E-03    0.8015407E-03   -0.1416407E-03    0.2849540E-03   -0.2772796E-03    0.4594329E-04    0.1892949E-03    0.5981799E-06    0.2995832E-08
   -0.2150925E-07    0.1231196E-06   -0.1798051E-07   -0.2412111E-05    0.4579031E-07   -0.4732062E-05   -0.7693043E-06   -0.4666954E-07    0.4175528E-02   -0.2164535E-04   -0.3229964E-03    0.4084269E-02    0.1421649E-03   -0.2450949E-02   -0.7293395E-02    0.1791538E-03   -0.1758927E-04   -0.2166068E-03    0.2562354E-02    0.4709464E-02    0.2995832E-08    0.2083675E-05
