# omegabh2 omegach2 theta tau logA ns calPlanck acib217 xi asz143 aps100 aps143 aps143217 aps217 aksz kgal100 kgal143 kgal143217 kgal217 galfTE100 galfTE100143 galfTE100217 galfTE143 galfTE143217 galfTE217 cal0 cal2
  1.9398046E-08  -7.5387694E-08   1.2769930E-08   7.6276247E-07   1.3909433E-06   2.1819103E-07  -1.2072837E-08  -9.9732705E-05   1.8028254E-06   1.8310177E-05  -4.0331815E-04  -2.1269689E-04  -7.1172514E-05   2.6929067E-05  -2.8538158E-05  -9.8123027E-06  -1.2435164E-05  -1.1351096E-05   1.3251657E-05   9.6983883E-09  -1.4140257E-07  -2.1609872E-07  -2.9025117E-07  -7.0713381E-07  -1.8549360E-06   2.5409284E-09  -2.9705380E-09
 -7.5387694E-08   1.1518955E-06  -7.1460537E-08  -9.4500709E-06  -1.6077937E-05  -2.9390577E-06  -1.5402835E-08   3.5645810E-04  -9.2755497E-06  -3.8101204E-05   1.1972227E-03   8.9707164E-04   4.0857806E-04   5.9362969E-05   6.3385524E-05   3.8201199E-05   6.3454152E-05   1.1960809E-04   6.2618318E-05   5.2641521E-07  -4.3358888E-08  -8.6158680E-07   1.0978292E-06   2.0323586E-06   9.6509521E-06   3.8660219E-09   2.4874414E-08
  1.2769930E-08  -7.1460537E-08   8.7601816E-08   7.8131065E-07   1.4552930E-06   2.9373208E-07  -5.2120554E-09  -2.1079400E-06   1.0255553E-06   1.0536534E-05  -3.5825070E-05  -2.0629217E-05  -1.7639168E-05  -3.8784570E-05  -1.3950189E-05   1.1436693E-05   9.2222757E-07   2.4185712E-05   2.8056272E-05  -3.3220814E-08  -2.1364510E-07  -1.0932334E-07  -2.9561426E-07  -8.2123509E-07  -3.1911884E-06   4.1679421E-09  -2.2147226E-09
  7.6276247E-07  -9.4500709E-06   7.8131065E-07   2.2001155E-04   4.0235426E-04   3.1008898E-05  -5.7784968E-06  -5.9906942E-03   6.9970359E-05   1.1652109E-03  -2.5528967E-02  -1.5472432E-02  -7.0622377E-03  -1.6941247E-03  -1.9265040E-03  -6.5455992E-04  -8.0997126E-04  -1.4052067E-03  -1.4734348E-03  -5.9367400E-06   6.2738780E-08   1.9016216E-05  -2.1052941E-05  -2.3514606E-05  -7.3701982E-05  -4.4977988E-08  -4.9351558E-07
  1.3909433E-06  -1.6077937E-05   1.4552930E-06   4.0235426E-04   7.6504584E-04   5.2421590E-05   1.2046635E-06  -1.1474136E-02   1.7082801E-04   1.9397688E-03  -4.0357249E-02  -2.6093760E-02  -1.0427763E-02   2.7610604E-03  -3.8705400E-03  -1.4041197E-03  -2.0274374E-03  -3.0752098E-03  -1.0307542E-03  -7.4890280E-06   1.5834380E-06   2.9489553E-05  -3.8351244E-05  -4.5913747E-05  -9.9579080E-05   4.6276845E-08  -9.3387797E-07
  2.1819103E-07  -2.9390577E-06   2.9373208E-07   3.1008898E-05   5.2421590E-05   1.6676165E-05  -3.1286531E-07  -4.8003414E-03   9.7464710E-05   7.7876200E-04  -2.0934313E-02  -7.4623173E-03   8.7537074E-05   4.0594955E-03  -1.9119916E-03   1.0952947E-04  -4.4250251E-04  -6.4374306E-04   8.7175413E-04  -6.2721657E-07  -8.7946139E-10   5.1563721E-06  -3.2790358E-06  -1.1732163E-05  -2.3123279E-05  -4.8380304E-08  -1.2210378E-07
 -1.2072837E-08  -1.5402835E-08  -5.2120554E-09  -5.7784968E-06   1.2046635E-06  -3.1286531E-07   6.4068208E-06   4.9138906E-04   3.0303861E-06  -1.4715883E-04   6.6822914E-03   1.2031999E-03   5.0049896E-04   1.6593930E-03   2.3723567E-04   6.7384290E-05   1.0390618E-05  -8.2737228E-05   8.8822533E-04   6.7855873E-07   6.4251805E-07  -3.1952248E-06   5.5092644E-07  -1.5354043E-06   1.6079540E-05  -4.0676077E-09  -1.0784543E-08
 -9.9732705E-05   3.5645810E-04  -2.1079400E-06  -5.9906942E-03  -1.1474136E-02  -4.8003414E-03   4.9138906E-04   4.3574549E+01  -3.7739213E-01  -3.1758835E-01   3.1427052E+01   2.0452199E+00  -1.1072653E+01  -5.2535611E+01  -6.4581837E-01   3.9053123E-01   4.4642941E-01  -5.5530703E+00  -3.2922756E+01  -3.6949955E-04  -2.1080099E-03  -4.6111405E-03  -5.0523974E-03   3.4299652E-03   3.3944469E-02  -1.2439139E-04   7.0848960E-04
  1.8028254E-06  -9.2755497E-06   1.0255553E-06   6.9970359E-05   1.7082801E-04   9.7464710E-05   3.0303861E-06  -3.7739213E-01   8.0560748E-02  -3.9269715E-02  -5.5486721E-01   9.8359015E-01   1.7698626E+00   6.7736365E-01   2.6635219E-02  -2.3791605E-02   9.7611762E-03   1.0708400E-01   1.2119943E-01   6.4959529E-05   1.4681107E-04  -8.4110510E-05   3.0701205E-04  -1.2068392E-04  -2.1260821E-04  -1.3477650E-06  -2.4388948E-06
  1.8310177E-05  -3.8101204E-05   1.0536534E-05   1.1652109E-03   1.9397688E-03   7.7876200E-04  -1.4715883E-04  -3.1758835E-01  -3.9269715E-02   3.7064364E+00  -2.9617971E+01  -3.5624203E+00   6.7907040E+00   3.9227800E+00  -2.3759315E+00  -1.9730892E-01   9.9665425E-02   2.4694156E+00   2.8396708E+00   9.7004975E-04  -2.2147043E-04  -6.0965009E-04  -1.6528098E-03  -2.6812135E-03   5.2195221E-03   7.9988435E-05  -2.0653126E-05
 -4.0331815E-04   1.1972227E-03  -3.5825070E-05  -2.5528967E-02  -4.0357249E-02  -2.0934313E-02   6.6822914E-03   3.1427052E+01  -5.5486721E-01  -2.9617971E+01   7.7831851E+02   6.9082451E+01  -4.7605579E+01  -4.7039092E+01   1.1527248E+01  -4.7706376E+00   6.2374582E+00  -1.3070521E+01  -2.3765059E+01  -8.9815876E-03  -6.9333923E-03  -3.5148735E-02   3.1212469E-02   4.7582613E-03  -2.1163168E-01   3.7066872E-03   1.4551852E-04
 -2.1269689E-04   8.9707164E-04  -2.0629217E-05  -1.5472432E-02  -2.6093760E-02  -7.4623173E-03   1.2031999E-03   2.0452199E+00   9.8359015E-01  -3.5624203E+00   6.9082451E+01   6.2391502E+01   4.1640128E+01   1.5180058E+01  -4.6046986E+00  -2.2714532E-01  -1.2728251E+00   3.1051628E+00   3.4535503E+00  -8.5008731E-03   3.4518098E-03  -1.0076606E-02   1.6297953E-02   1.6678111E-02   4.9071216E-03  -5.9230491E-05   1.0548091E-04
 -7.1172514E-05   4.0857806E-04  -1.7639168E-05  -7.0622377E-03  -1.0427763E-02   8.7537074E-05   5.0049896E-04  -1.1072653E+01   1.7698626E+00   6.7907040E+00  -4.7605579E+01   4.1640128E+01   8.4704252E+01   4.9216284E+01  -1.0420149E+01  -1.0465993E+00  -7.0866901E-01   4.3466015E+00   6.2846508E+00  -2.1666221E-03   3.7105703E-03  -1.6591505E-02   1.4409289E-02   4.8228020E-03  -1.2916406E-02   2.2521011E-04  -2.9657855E-04
  2.6929067E-05   5.9362969E-05  -3.8784570E-05  -1.6941247E-03   2.7610604E-03   4.0594955E-03   1.6593930E-03  -5.2535611E+01   6.7736365E-01   3.9227800E+00  -4.7039092E+01   1.5180058E+01   4.9216284E+01   9.7548733E+01  -7.2602804E+00  -9.4857767E-01  -1.2964144E+00   4.4004968E+00   3.1273316E+01  -2.7914305E-03   4.5560723E-03  -3.2540597E-03   1.7775570E-02   1.5484299E-03  -5.2751564E-02   3.5491265E-04  -1.2935278E-03
 -2.8538158E-05   6.3385524E-05  -1.3950189E-05  -1.9265040E-03  -3.8705400E-03  -1.9119916E-03   2.3723567E-04  -6.4581837E-01   2.6635219E-02  -2.3759315E+00   1.1527248E+01  -4.6046986E+00  -1.0420149E+01  -7.2602804E+00   5.1261384E+00   8.9043147E-02  -1.5456858E-01  -1.8163419E+00  -1.7593885E+00   7.8102298E-04   2.6487777E-04   1.9578971E-03  -6.7346191E-04   2.0631861E-03  -2.8140960E-03  -5.3476015E-05  -1.7960352E-05
 -9.8123027E-06   3.8201199E-05   1.1436693E-05  -6.5455992E-04  -1.4041197E-03   1.0952947E-04   6.7384290E-05   3.9053123E-01  -2.3791605E-02  -1.9730892E-01  -4.7706376E+00  -2.2714532E-01  -1.0465993E+00  -9.4857767E-01   8.9043147E-02   3.2441684E+00   5.3988117E-01   8.2907456E-02  -2.1014954E-02  -9.0955088E-04   5.4454970E-04  -1.4816834E-03  -5.6992151E-04   3.7018560E-04  -2.2056504E-03   1.7600241E-04  -4.9758943E-06
 -1.2435164E-05   6.3454152E-05   9.2222757E-07  -8.0997126E-04  -2.0274374E-03  -4.4250251E-04   1.0390618E-05   4.4642941E-01   9.7611762E-03   9.9665425E-02   6.2374582E+00  -1.2728251E+00  -7.0866901E-01  -1.2964144E+00  -1.5456858E-01   5.3988117E-01   3.1599830E+00   2.6259812E+00   2.7260936E+00  -1.9330217E-04  -1.9405022E-04  -1.1868473E-03  -6.5975001E-04  -1.6484766E-03  -1.7357691E-03  -1.8777885E-04  -5.2597954E-05
 -1.1351096E-05   1.1960809E-04   2.4185712E-05  -1.4052067E-03  -3.0752098E-03  -6.4374306E-04  -8.2737228E-05  -5.5530703E+00   1.0708400E-01   2.4694156E+00  -1.3070521E+01   3.1051628E+00   4.3466015E+00   4.4004968E+00  -1.8163419E+00   8.2907456E-02   2.6259812E+00   1.0310662E+01   1.8604929E+01   6.8922647E-04   7.2428999E-05   1.5728481E-03  -3.2782597E-03  -6.0041592E-03   9.2324264E-03  -1.2623476E-04   3.7965698E-04
  1.3251657E-05   6.2618318E-05   2.8056272E-05  -1.4734348E-03  -1.0307542E-03   8.7175413E-04   8.8822533E-04  -3.2922756E+01   1.2119943E-01   2.8396708E+00  -2.3765059E+01   3.4535503E+00   6.2846508E+00   3.1273316E+01  -1.7593885E+00  -2.1014954E-02   2.7260936E+00   1.8604929E+01   5.3094578E+01   1.2487887E-03  -1.3559610E-04   7.5038629E-03  -6.2430641E-03  -1.2921332E-02  -6.3438735E-03  -1.3794010E-04   8.8639370E-04
  9.6983883E-09   5.2641521E-07  -3.3220814E-08  -5.9367400E-06  -7.4890280E-06  -6.2721657E-07   6.7855873E-07  -3.6949955E-04   6.4959529E-05   9.7004975E-04  -8.9815876E-03  -8.5008731E-03  -2.1666221E-03  -2.7914305E-03   7.8102298E-04  -9.0955088E-04  -1.9330217E-04   6.8922647E-04   1.2487887E-03   1.4205474E-03   2.2498303E-04   1.0495868E-04  -4.2921119E-04  -1.4669312E-04  -1.8020068E-04  -1.8037165E-08  -2.7751035E-08
 -1.4140257E-07  -4.3358888E-08  -2.1364510E-07   6.2738780E-08   1.5834380E-06  -8.7946139E-10   6.4251805E-07  -2.1080099E-03   1.4681107E-04  -2.2147043E-04  -6.9333923E-03   3.4518098E-03   3.7105703E-03   4.5560723E-03   2.6487777E-04   5.4454970E-04  -1.9405022E-04   7.2428999E-05  -1.3559610E-04   2.2498303E-04   8.3674438E-04   1.0165713E-04   7.2210724E-04   5.5479058E-05  -7.3227660E-04   7.8417084E-08  -2.3519464E-07
 -2.1609872E-07  -8.6158680E-07  -1.0932334E-07   1.9016216E-05   2.9489553E-05   5.1563721E-06  -3.1952248E-06  -4.6111405E-03  -8.4110510E-05  -6.0965009E-04  -3.5148735E-02  -1.0076606E-02  -1.6591505E-02  -3.2540597E-03   1.9578971E-03  -1.4816834E-03  -1.1868473E-03   1.5728481E-03   7.5038629E-03   1.0495868E-04   1.0165713E-04   7.2303769E-03  -2.7071267E-04   7.5300647E-04   4.9645962E-03  -9.2494202E-07   8.4823961E-07
 -2.9025117E-07   1.0978292E-06  -2.9561426E-07  -2.1052941E-05  -3.8351244E-05  -3.2790358E-06   5.5092644E-07  -5.0523974E-03   3.0701205E-04  -1.6528098E-03   3.1212469E-02   1.6297953E-02   1.4409289E-02   1.7775570E-02  -6.7346191E-04  -5.6992151E-04  -6.5975001E-04  -3.2782597E-03  -6.2430641E-03  -4.2921119E-04   7.2210724E-04  -2.7071267E-04   2.9225725E-03   4.2349886E-04  -9.4162900E-04   5.6928907E-07  -1.0482683E-06
 -7.0713381E-07   2.0323586E-06  -8.2123509E-07  -2.3514606E-05  -4.5913747E-05  -1.1732163E-05  -1.5354043E-06   3.4299652E-03  -1.2068392E-04  -2.6812135E-03   4.7582613E-03   1.6678111E-02   4.8228020E-03   1.5484299E-03   2.0631861E-03   3.7018560E-04  -1.6484766E-03  -6.0041592E-03  -1.2921332E-02  -1.4669312E-04   5.5479058E-05   7.5300647E-04   4.2349886E-04   6.1854489E-03   7.8943571E-03  -6.4591076E-07  -1.4673102E-06
 -1.8549360E-06   9.6509521E-06  -3.1911884E-06  -7.3701982E-05  -9.9579080E-05  -2.3123279E-05   1.6079540E-05   3.3944469E-02  -2.1260821E-04   5.2195221E-03  -2.1163168E-01   4.9071216E-03  -1.2916406E-02  -5.2751564E-02  -2.8140960E-03  -2.2056504E-03  -1.7357691E-03   9.2324264E-03  -6.3438735E-03  -1.8020068E-04  -7.3227660E-04   4.9645962E-03  -9.4162900E-04   7.8943571E-03   7.2772751E-02  -6.6711005E-06  -1.1957894E-06
  2.5409284E-09   3.8660219E-09   4.1679421E-09  -4.4977988E-08   4.6276845E-08  -4.8380304E-08  -4.0676077E-09  -1.2439139E-04  -1.3477650E-06   7.9988435E-05   3.7066872E-03  -5.9230491E-05   2.2521011E-04   3.5491265E-04  -5.3476015E-05   1.7600241E-04  -1.8777885E-04  -1.2623476E-04  -1.3794010E-04  -1.8037165E-08   7.8417084E-08  -9.2494202E-07   5.6928907E-07  -6.4591076E-07  -6.6711005E-06   3.6771741E-07  -5.1841189E-09
 -2.9705380E-09   2.4874414E-08  -2.2147226E-09  -4.9351558E-07  -9.3387797E-07  -1.2210378E-07  -1.0784543E-08   7.0848960E-04  -2.4388948E-06  -2.0653126E-05   1.4551852E-04   1.0548091E-04  -2.9657855E-04  -1.2935278E-03  -1.7960352E-05  -4.9758943E-06  -5.2597954E-05   3.7965698E-04   8.8639370E-04  -2.7751035E-08  -2.3519464E-07   8.4823961E-07  -1.0482683E-06  -1.4673102E-06  -1.1957894E-06  -5.1841189E-09   3.7960813E-07
