# omegabh2 omegach2 theta tau mnu logA ns calPlanck
  2.8077268E-06  -5.5676310E-06  -1.9427582E-07   7.6186979E-06  -1.8150614E-03   2.6778728E-05   3.0346348E-05  -1.5961008E-07
 -5.5676310E-06   3.4346782E-05  -2.1255318E-06  -1.3601905E-05   2.8387250E-05  -1.2105980E-05  -5.0225598E-05   1.8854709E-07
 -1.9427582E-07  -2.1255318E-06   1.0012383E-06  -7.7796017E-07   6.0843104E-04  -6.0351368E-06  -3.7942012E-06   4.6526060E-09
  7.6186979E-06  -1.3601905E-05  -7.7796017E-07   5.1223898E-05  -6.1900946E-03   1.2793410E-04   9.9503806E-05  -6.2593550E-07
 -1.8150614E-03   2.8387250E-05   6.0843104E-04  -6.1900946E-03   2.2455877E+00  -2.1558890E-02  -2.6901084E-02   1.5719324E-04
  2.6778728E-05  -1.2105980E-05  -6.0351368E-06   1.2793410E-04  -2.1558890E-02   5.1039580E-04   2.9382239E-04   1.0575623E-05
  3.0346348E-05  -5.0225598E-05  -3.7942012E-06   9.9503806E-05  -2.6901084E-02   2.9382239E-04   4.9088918E-04  -2.6234765E-06
 -1.5961008E-07   1.8854709E-07   4.6526060E-09  -6.2593550E-07   1.5719324E-04   1.0575623E-05  -2.6234765E-06   6.1306269E-06
