# omegabh2 omegach2 theta tau logA ns calPlanck
  4.2867275E-07  -2.9661723E-07  -6.1142185E-08   5.5639621E-07   7.4057549E-06   6.4450349E-07   4.1149608E-08
 -2.9661723E-07   2.0865560E-06   2.5902120E-07  -7.6358317E-07   1.1325194E-06  -4.1513790E-06  -1.8146781E-08
 -6.1142185E-08   2.5902120E-07   6.6104966E-07  -3.2769580E-08  -8.6551940E-07   3.0238457E-07  -1.8932029E-08
  5.5639621E-07  -7.6358317E-07  -3.2769580E-08   3.8994697E-05   8.5228061E-05   7.0462758E-06  -1.0959148E-08
  7.4057549E-06   1.1325194E-06  -8.6551940E-07   8.5228061E-05   3.5065435E-04   2.1256977E-05   1.3351039E-05
  6.4450349E-07  -4.1513790E-06   3.0238457E-07   7.0462758E-06   2.1256977E-05   9.7897367E-05  -5.7343832E-07
  4.1149608E-08  -1.8146781E-08  -1.8932029E-08  -1.0959148E-08   1.3351039E-05  -5.7343832E-07   6.2972434E-06
