# omegabh2 omegach2 theta tau yhe logA ns calPlanck acib217 xi asz143 aps100 aps143 aps143217 aps217 aksz kgal100 kgal143 kgal143217 kgal217 galfEE100 galfEE100143 galfEE100217 galfEE143 galfEE143217 galfEE217 galfTE100 galfTE100143 galfTE100217 galfTE143 galfTE143217 galfTE217 cal0 cal2
    0.4958272E-07   -0.1836113E-06    0.1004066E-06    0.1759452E-05    0.2160439E-05    0.3664591E-05    0.1390334E-05    0.3146080E-08    0.7492186E-04   -0.2531409E-05    0.3160911E-06    0.2095573E-03    0.7638945E-04    0.2084562E-05   -0.2928024E-04    0.1559234E-04    0.1151561E-04    0.6238638E-05    0.9338779E-05   -0.2572739E-04    0.9099855E-07    0.9865463E-07   -0.2376606E-07    0.1154250E-06   -0.1678363E-06   -0.7748282E-07    0.4179780E-07   -0.1143580E-06   -0.2382865E-06   -0.2860298E-06   -0.8676498E-06   -0.2534928E-05    0.8525108E-09    0.4295495E-08
   -0.1836113E-06    0.2165555E-05   -0.3246038E-06   -0.1098092E-04   -0.3850871E-05   -0.1772616E-04   -0.6891214E-05   -0.6377240E-07    0.1277593E-04    0.9553492E-05   -0.1286400E-03    0.6255996E-03    0.9871762E-03    0.5991420E-03    0.3269489E-03    0.1109268E-03   -0.4124126E-04   -0.5270972E-04   -0.2472421E-04    0.1096275E-03   -0.8380896E-06   -0.9182041E-06    0.8250494E-06   -0.9781812E-06    0.5148427E-06   -0.2454882E-05   -0.5828388E-07    0.2883638E-06   -0.2272707E-06    0.1915357E-05    0.3524100E-05    0.1752349E-04   -0.1860802E-07    0.2798279E-07
    0.1004066E-06   -0.3246038E-06    0.3530654E-06    0.3778113E-05    0.6848171E-05    0.8456504E-05    0.3819922E-05    0.2865055E-08    0.5314007E-03   -0.1532785E-04   -0.7150569E-04    0.1888318E-02    0.8404146E-03    0.5749678E-04   -0.2377611E-03    0.1771102E-03    0.4968669E-04    0.4915147E-04    0.7405708E-04   -0.7246001E-04    0.1620243E-06    0.1750903E-06   -0.1406373E-06    0.2331421E-06   -0.8735568E-06   -0.1898304E-05   -0.7130147E-08   -0.1698770E-06   -0.9303797E-06    0.3392293E-07   -0.1519370E-05   -0.3339609E-05   -0.1340965E-07    0.3676970E-07
    0.1759452E-05   -0.1098092E-04    0.3778113E-05    0.2959371E-03    0.7423816E-04    0.5791569E-03    0.6815353E-04   -0.1541030E-05   -0.4900267E-02    0.5421448E-06    0.1858313E-02   -0.2697510E-01   -0.6514726E-02    0.3123197E-02    0.7913154E-02   -0.2925435E-02   -0.2978288E-03   -0.2787770E-03   -0.1193116E-02   -0.1962635E-02    0.4566196E-05    0.3828351E-05   -0.6944129E-05    0.5358233E-05   -0.1784553E-04   -0.5434868E-04   -0.4627710E-05   -0.3211647E-05    0.1078460E-04   -0.2143765E-04   -0.2093266E-04   -0.7993286E-04   -0.1040444E-06   -0.7896861E-06
    0.2160439E-05   -0.3850871E-05    0.6848171E-05    0.7423816E-04    0.1842737E-03    0.1815314E-03    0.8797984E-04   -0.1887318E-06    0.1480878E-01   -0.3548973E-03   -0.2481787E-02    0.5409335E-01    0.2845034E-01    0.5282350E-02   -0.4803180E-02    0.5144315E-02    0.1165852E-02    0.1158371E-02    0.2341739E-02   -0.1126359E-02    0.3202233E-05    0.3873773E-05    0.5565014E-07    0.4574877E-05   -0.2023753E-04   -0.6608667E-04    0.4659651E-05   -0.1613836E-05   -0.1881248E-04   -0.2950578E-05   -0.2491746E-04   -0.6901352E-05   -0.5749711E-06    0.1341077E-05
    0.3664591E-05   -0.1772616E-04    0.8456504E-05    0.5791569E-03    0.1815314E-03    0.1178693E-02    0.1387252E-03    0.9080695E-05   -0.6630005E-02    0.2352162E-04    0.2871660E-02   -0.3568980E-01   -0.2522781E-02    0.1256461E-01    0.2134311E-01   -0.5226952E-02   -0.8132988E-03   -0.1063082E-02   -0.2447997E-02   -0.2276493E-02    0.8318358E-05    0.6832765E-05   -0.1089957E-04    0.1103326E-04   -0.4203613E-04   -0.1177457E-03   -0.8049435E-05   -0.7314899E-05    0.1234559E-04   -0.3835635E-04   -0.4181593E-04   -0.1103238E-03   -0.1313141E-06   -0.1254648E-05
    0.1390334E-05   -0.6891214E-05    0.3819922E-05    0.6815353E-04    0.8797984E-04    0.1387252E-03    0.6330685E-04    0.1485183E-06    0.2403026E-02   -0.8015831E-04    0.7849585E-04    0.1400302E-02    0.5672907E-02    0.3872189E-02    0.2612525E-02   -0.8954638E-04    0.8275009E-03    0.4262423E-03    0.6050672E-03   -0.4442359E-03    0.4759163E-05    0.5161764E-05   -0.4412125E-05    0.5775120E-05   -0.7947318E-05   -0.2737155E-04    0.1453939E-05   -0.1702124E-05   -0.4852004E-05   -0.5173123E-05   -0.1783278E-04   -0.3220665E-04   -0.3138683E-06    0.1424938E-06
    0.3146080E-08   -0.6377240E-07    0.2865055E-08   -0.1541030E-05   -0.1887318E-06    0.9080695E-05    0.1485183E-06    0.6119053E-05    0.6309190E-03    0.1175207E-04   -0.2208736E-04    0.3629391E-02    0.5887679E-03    0.6315156E-03    0.1289378E-02    0.4835392E-05   -0.6307547E-04   -0.4906711E-04   -0.3303623E-04    0.8570176E-03    0.5127200E-06    0.5115202E-06    0.3610578E-06    0.1145954E-05   -0.3419944E-06    0.6633987E-05    0.3695304E-06    0.2700349E-07   -0.2516653E-05    0.9391829E-06   -0.5392935E-06    0.7801385E-05    0.1047683E-07   -0.2823208E-08
    0.7492186E-04    0.1277593E-04    0.5314007E-03   -0.4900267E-02    0.1480878E-01   -0.6630005E-02    0.2403026E-02    0.6309190E-03    0.4304880E+02   -0.4789951E+00   -0.1948306E+01    0.4539466E+02    0.2338815E+01   -0.1991892E+02   -0.5901354E+02    0.6085338E+00   -0.4245047E-01    0.3036968E+00   -0.2171254E+01   -0.1894033E+02    0.7226131E-03    0.2592835E-03   -0.8357243E-03    0.1987760E-03   -0.2394753E-02   -0.7017620E-02   -0.6444352E-03    0.3310963E-02   -0.5846783E-03    0.7975362E-02   -0.3305421E-03   -0.4426219E-02   -0.3596582E-03    0.4199244E-02
   -0.2531409E-05    0.9553492E-05   -0.1532785E-04    0.5421448E-06   -0.3548973E-03    0.2352162E-04   -0.8015831E-04    0.1175207E-04   -0.4789951E+00    0.8087463E-01   -0.7593598E-01   -0.5178965E+00    0.9957290E+00    0.1859542E+01    0.7296306E+00    0.6331194E-01   -0.6061836E-02   -0.5083683E-02    0.8055738E-01    0.8329222E-01   -0.2129945E-04   -0.1774135E-04    0.1025048E-03   -0.4072247E-05    0.3527322E-04   -0.6046714E-04    0.2421190E-04   -0.7019807E-04    0.6357648E-03   -0.2971744E-03   -0.1927537E-03   -0.1018332E-05    0.6755967E-05   -0.1494112E-04
    0.3160911E-06   -0.1286400E-03   -0.7150569E-04    0.1858313E-02   -0.2481787E-02    0.2871660E-02    0.7849585E-04   -0.2208736E-04   -0.1948306E+01   -0.7593598E-01    0.3713778E+01   -0.2945289E+02   -0.4040689E+01    0.7611031E+01    0.6892480E+01   -0.2632198E+01   -0.1938848E+00    0.6701547E-01    0.2235701E+01    0.1993882E+01    0.1839468E-03    0.1729161E-03   -0.1388188E-02    0.1092381E-03   -0.4857886E-03    0.2321290E-03   -0.1113046E-02   -0.1306540E-03    0.2101623E-03   -0.7212106E-03    0.2965100E-03    0.2207080E-02    0.1499887E-03   -0.4135925E-03
    0.2095573E-03    0.6255996E-03    0.1888318E-02   -0.2697510E-01    0.5409335E-01   -0.3568980E-01    0.1400302E-02    0.3629391E-02    0.4539466E+02   -0.5178965E+00   -0.2945289E+02    0.7808198E+03    0.7368319E+02   -0.5729479E+02   -0.6981105E+02    0.1364048E+02   -0.3157906E+01    0.3102055E+01   -0.1116056E+02   -0.1560990E+02   -0.2370120E-02   -0.1176402E-02    0.2405691E-01   -0.5067878E-03    0.2191159E-02   -0.1635030E-01    0.2470867E-01    0.4598177E-02   -0.1040088E-01    0.1596122E-01    0.2520740E-01    0.6753176E-01    0.6389555E-02    0.4774297E-02
    0.7638945E-04    0.9871762E-03    0.8404146E-03   -0.6514726E-02    0.2845034E-01   -0.2522781E-02    0.5672907E-02    0.5887679E-03    0.2338815E+01    0.9957290E+00   -0.4040689E+01    0.7368319E+02    0.6568038E+02    0.4691784E+02    0.1768163E+02   -0.3868757E+01   -0.2043400E+00   -0.8534295E+00    0.4126868E+01    0.3537417E+01   -0.3111473E-03   -0.7273568E-03    0.4464923E-02   -0.3571903E-03   -0.6689617E-02   -0.2678412E-01    0.4006196E-02    0.8178290E-03    0.1209828E-01   -0.1143128E-02    0.8494476E-02    0.2892946E-01   -0.8806120E-04    0.2677660E-03
    0.2084562E-05    0.5991420E-03    0.5749678E-04    0.3123197E-02    0.5282350E-02    0.1256461E-01    0.3872189E-02    0.6315156E-03   -0.1991892E+02    0.1859542E+01    0.7611031E+01   -0.5729479E+02    0.4691784E+02    0.1003594E+03    0.6618453E+02   -0.1162420E+02   -0.7848176E+00   -0.3767816E+00    0.4593284E+01    0.4462985E+01   -0.2095981E-03   -0.2747561E-03    0.6116335E-03    0.8852068E-04   -0.3468451E-02   -0.1807469E-01   -0.2268465E-02   -0.2672451E-02    0.2158602E-01   -0.9339269E-02    0.2449776E-02    0.1396203E-01    0.5388274E-03   -0.2525752E-02
   -0.2928024E-04    0.3269489E-03   -0.2377611E-03    0.7913154E-02   -0.4803180E-02    0.2134311E-01    0.2612525E-02    0.1289378E-02   -0.5901354E+02    0.7296306E+00    0.6892480E+01   -0.6981105E+02    0.1768163E+02    0.6618453E+02    0.1180439E+03   -0.1010480E+02   -0.3532254E+00   -0.5636033E+00   -0.1569542E+00    0.1508108E+02   -0.8035539E-03   -0.2075807E-03   -0.1251532E-02    0.1016982E-03    0.3413521E-04    0.2052285E-02    0.1894523E-02   -0.4147315E-02    0.4095115E-02   -0.1231324E-01    0.4754193E-02    0.1986870E-01    0.6984703E-03   -0.7337099E-02
    0.1559234E-04    0.1109268E-03    0.1771102E-03   -0.2925435E-02    0.5144315E-02   -0.5226952E-02   -0.8954638E-04    0.4835392E-05    0.6085338E+00    0.6331194E-01   -0.2632198E+01    0.1364048E+02   -0.3868757E+01   -0.1162420E+02   -0.1010480E+02    0.5934985E+01    0.1957844E+00   -0.7403862E-01   -0.1683842E+01   -0.1199627E+01   -0.4817081E-03   -0.2420362E-03    0.1948112E-02   -0.5855283E-04    0.1558549E-02    0.4094387E-02    0.9892292E-03    0.5058909E-03   -0.2987516E-02    0.1297089E-03   -0.3472458E-02   -0.1008601E-01   -0.1043788E-03    0.2492581E-03
    0.1151561E-04   -0.4124126E-04    0.4968669E-04   -0.2978288E-03    0.1165852E-02   -0.8132988E-03    0.8275009E-03   -0.6307547E-04   -0.4245047E-01   -0.6061836E-02   -0.1938848E+00   -0.3157906E+01   -0.2043400E+00   -0.7848176E+00   -0.3532254E+00    0.1957844E+00    0.3518242E+01    0.4990194E+00    0.3008119E+00    0.4768716E+00    0.5183677E-04   -0.7834094E-04    0.8234884E-04    0.8538172E-04   -0.3665014E-03   -0.3375866E-03   -0.4674530E-03    0.1020871E-02   -0.3396027E-04    0.1939460E-02   -0.1481652E-02   -0.5708813E-02    0.2827234E-03    0.1699653E-04
    0.6238638E-05   -0.5270972E-04    0.4915147E-04   -0.2787770E-03    0.1158371E-02   -0.1063082E-02    0.4262423E-03   -0.4906711E-04    0.3036968E+00   -0.5083683E-02    0.6701547E-01    0.3102055E+01   -0.8534295E+00   -0.3767816E+00   -0.5636033E+00   -0.7403862E-01    0.4990194E+00    0.3454132E+01    0.2719069E+01    0.1806576E+01   -0.9118894E-04    0.1134544E-03    0.4493855E-03    0.1281510E-03    0.4918061E-03    0.3732127E-03   -0.5683824E-04    0.4621950E-03   -0.2926221E-02    0.2305145E-03   -0.7776428E-03   -0.2128184E-02   -0.2964399E-03   -0.2109275E-03
    0.9338779E-05   -0.2472421E-04    0.7405708E-04   -0.1193116E-02    0.2341739E-02   -0.2447997E-02    0.6050672E-03   -0.3303623E-04   -0.2171254E+01    0.8055738E-01    0.2235701E+01   -0.1116056E+02    0.4126868E+01    0.4593284E+01   -0.1569542E+00   -0.1683842E+01    0.3008119E+00    0.2719069E+01    0.1719040E+02    0.2579674E+02    0.3057859E-04    0.4200087E-04    0.5656027E-03   -0.2659628E-03   -0.2251333E-02   -0.6898694E-02   -0.1877953E-02   -0.4092391E-03   -0.3712290E-02   -0.1666885E-02    0.4883076E-05    0.1225220E-01   -0.8497462E-04    0.2468176E-02
   -0.2572739E-04    0.1096275E-03   -0.7246001E-04   -0.1962635E-02   -0.1126359E-02   -0.2276493E-02   -0.4442359E-03    0.8570176E-03   -0.1894033E+02    0.8329222E-01    0.1993882E+01   -0.1560990E+02    0.3537417E+01    0.4462985E+01    0.1508108E+02   -0.1199627E+01    0.4768716E+00    0.1806576E+01    0.2579674E+02    0.5521346E+02   -0.2159361E-03   -0.2035597E-03    0.2009832E-02   -0.3216005E-03   -0.3757608E-02   -0.1364300E-01   -0.3851504E-02   -0.2954338E-02   -0.8007724E-02   -0.2878948E-02   -0.3444463E-02    0.1177870E-01    0.3600797E-04    0.4530523E-02
    0.9099855E-07   -0.8380896E-06    0.1620243E-06    0.4566196E-05    0.3202233E-05    0.8318358E-05    0.4759163E-05    0.5127200E-06    0.7226131E-03   -0.2129945E-04    0.1839468E-03   -0.2370120E-02   -0.3111473E-03   -0.2095981E-03   -0.8035539E-03   -0.4817081E-03    0.5183677E-04   -0.9118894E-04    0.3057859E-04   -0.2159361E-03    0.3239069E-04    0.8507965E-05   -0.1758852E-05    0.3517954E-05    0.1480487E-05   -0.9463378E-06   -0.1714241E-05    0.1572246E-06   -0.9729926E-06   -0.7242863E-06   -0.3879570E-05   -0.1084802E-04   -0.4484297E-08    0.1401769E-07
    0.9865463E-07   -0.9182041E-06    0.1750903E-06    0.3828351E-05    0.3873773E-05    0.6832765E-05    0.5161764E-05    0.5115202E-06    0.2592835E-03   -0.1774135E-04    0.1729161E-03   -0.1176402E-02   -0.7273568E-03   -0.2747561E-03   -0.2075807E-03   -0.2420362E-03   -0.7834094E-04    0.1134544E-03    0.4200087E-04   -0.2035597E-03    0.8507965E-05    0.2493730E-04   -0.2740592E-05    0.1242606E-04   -0.1815254E-05    0.9127324E-05    0.1075891E-06   -0.2203948E-05    0.1434883E-05   -0.5804719E-05   -0.8458880E-05   -0.3739824E-05   -0.5413661E-07   -0.8756212E-07
   -0.2376606E-07    0.8250494E-06   -0.1406373E-06   -0.6944129E-05    0.5565014E-07   -0.1089957E-04   -0.4412125E-05    0.3610578E-06   -0.8357243E-03    0.1025048E-03   -0.1388188E-02    0.2405691E-01    0.4464923E-02    0.6116335E-03   -0.1251532E-02    0.1948112E-02    0.8234884E-04    0.4493855E-03    0.5656027E-03    0.2009832E-02   -0.1758852E-05   -0.2740592E-05    0.1054536E-02   -0.2673490E-05   -0.1085547E-04    0.5124571E-04   -0.7337762E-05   -0.4510892E-05    0.4012223E-04   -0.1003924E-04   -0.1210044E-04   -0.4246132E-04    0.1197430E-06   -0.6671144E-07
    0.1154250E-06   -0.9781812E-06    0.2331421E-06    0.5358233E-05    0.4574877E-05    0.1103326E-04    0.5775120E-05    0.1145954E-05    0.1987760E-03   -0.4072247E-05    0.1092381E-03   -0.5067878E-03   -0.3571903E-03    0.8852068E-04    0.1016982E-03   -0.5855283E-04    0.8538172E-04    0.1281510E-03   -0.2659628E-03   -0.3216005E-03    0.3517954E-05    0.1242606E-04   -0.2673490E-05    0.4693943E-04    0.2328609E-05    0.1304426E-04    0.7673073E-07   -0.4193280E-06    0.1992102E-05    0.1090363E-05   -0.1032583E-04   -0.1292539E-04   -0.1059217E-06   -0.1053283E-06
   -0.1678363E-06    0.5148427E-06   -0.8735568E-06   -0.1784553E-04   -0.2023753E-04   -0.4203613E-04   -0.7947318E-05   -0.3419944E-06   -0.2394753E-02    0.3527322E-04   -0.4857886E-03    0.2191159E-02   -0.6689617E-02   -0.3468451E-02    0.3413521E-04    0.1558549E-02   -0.3665014E-03    0.4918061E-03   -0.2251333E-02   -0.3757608E-02    0.1480487E-05   -0.1815254E-05   -0.1085547E-04    0.2328609E-05    0.2188016E-02    0.2139278E-03   -0.5544094E-07    0.8787222E-06    0.1513952E-04    0.2157225E-04   -0.1631167E-04   -0.1876773E-04   -0.3704444E-06   -0.8500116E-06
   -0.7748282E-07   -0.2454882E-05   -0.1898304E-05   -0.5434868E-04   -0.6608667E-04   -0.1177457E-03   -0.2737155E-04    0.6633987E-05   -0.7017620E-02   -0.6046714E-04    0.2321290E-03   -0.1635030E-01   -0.2678412E-01   -0.1807469E-01    0.2052285E-02    0.4094387E-02   -0.3375866E-03    0.3732127E-03   -0.6898694E-02   -0.1364300E-01   -0.9463378E-06    0.9127324E-05    0.5124571E-04    0.1304426E-04    0.2139278E-03    0.1669021E-01    0.1050456E-03   -0.6804222E-04   -0.1498343E-03   -0.7778079E-04   -0.6701472E-04   -0.2262685E-03    0.8650777E-08   -0.3040211E-05
    0.4179780E-07   -0.5828388E-07   -0.7130147E-08   -0.4627710E-05    0.4659651E-05   -0.8049435E-05    0.1453939E-05    0.3695304E-06   -0.6444352E-03    0.2421190E-04   -0.1113046E-02    0.2470867E-01    0.4006196E-02   -0.2268465E-02    0.1894523E-02    0.9892292E-03   -0.4674530E-03   -0.5683824E-04   -0.1877953E-02   -0.3851504E-02   -0.1714241E-05    0.1075891E-06   -0.7337762E-05    0.7673073E-07   -0.5544094E-07    0.1050456E-03    0.1413518E-02    0.3047238E-03    0.1551717E-03   -0.3433500E-03   -0.8870051E-04   -0.1428601E-03    0.1890161E-06   -0.7922809E-06
   -0.1143580E-06    0.2883638E-06   -0.1698770E-06   -0.3211647E-05   -0.1613836E-05   -0.7314899E-05   -0.1702124E-05    0.2700349E-07    0.3310963E-02   -0.7019807E-04   -0.1306540E-03    0.4598177E-02    0.8178290E-03   -0.2672451E-02   -0.4147315E-02    0.5058909E-03    0.1020871E-02    0.4621950E-03   -0.4092391E-03   -0.2954338E-02    0.1572246E-06   -0.2203948E-05   -0.4510892E-05   -0.4193280E-06    0.8787222E-06   -0.6804222E-04    0.3047238E-03    0.8456514E-03    0.3806528E-04    0.7371073E-03    0.3551149E-04   -0.5901176E-03   -0.1280750E-06   -0.2145265E-06
   -0.2382865E-06   -0.2272707E-06   -0.9303797E-06    0.1078460E-04   -0.1881248E-04    0.1234559E-04   -0.4852004E-05   -0.2516653E-05   -0.5846783E-03    0.6357648E-03    0.2101623E-03   -0.1040088E-01    0.1209828E-01    0.2158602E-01    0.4095115E-02   -0.2987516E-02   -0.3396027E-04   -0.2926221E-02   -0.3712290E-02   -0.8007724E-02   -0.9729926E-06    0.1434883E-05    0.4012223E-04    0.1992102E-05    0.1513952E-04   -0.1498343E-03    0.1551717E-03    0.3806528E-04    0.7047226E-02   -0.3286171E-03    0.6075819E-03    0.4501637E-02    0.3028174E-06   -0.1121145E-05
   -0.2860298E-06    0.1915357E-05    0.3392293E-07   -0.2143765E-04   -0.2950578E-05   -0.3835635E-04   -0.5173123E-05    0.9391829E-06    0.7975362E-02   -0.2971744E-03   -0.7212106E-03    0.1596122E-01   -0.1143128E-02   -0.9339269E-02   -0.1231324E-01    0.1297089E-03    0.1939460E-02    0.2305145E-03   -0.1666885E-02   -0.2878948E-02   -0.7242863E-06   -0.5804719E-05   -0.1003924E-04    0.1090363E-05    0.2157225E-04   -0.7778079E-04   -0.3433500E-03    0.7371073E-03   -0.3286171E-03    0.2880512E-02    0.4963811E-03   -0.8887944E-03    0.5159387E-06    0.8486826E-07
   -0.8676498E-06    0.3524100E-05   -0.1519370E-05   -0.2093266E-04   -0.2491746E-04   -0.4181593E-04   -0.1783278E-04   -0.5392935E-06   -0.3305421E-03   -0.1927537E-03    0.2965100E-03    0.2520740E-01    0.8494476E-02    0.2449776E-02    0.4754193E-02   -0.3472458E-02   -0.1481652E-02   -0.7776428E-03    0.4883076E-05   -0.3444463E-02   -0.3879570E-05   -0.8458880E-05   -0.1210044E-04   -0.1032583E-04   -0.1631167E-04   -0.6701472E-04   -0.8870051E-04    0.3551149E-04    0.6075819E-03    0.4963811E-03    0.6390313E-02    0.7277174E-02   -0.3879653E-06   -0.1611228E-05
   -0.2534928E-05    0.1752349E-04   -0.3339609E-05   -0.7993286E-04   -0.6901352E-05   -0.1103238E-03   -0.3220665E-04    0.7801385E-05   -0.4426219E-02   -0.1018332E-05    0.2207080E-02    0.6753176E-01    0.2892946E-01    0.1396203E-01    0.1986870E-01   -0.1008601E-01   -0.5708813E-02   -0.2128184E-02    0.1225220E-01    0.1177870E-01   -0.1084802E-04   -0.3739824E-05   -0.4246132E-04   -0.1292539E-04   -0.1876773E-04   -0.2262685E-03   -0.1428601E-03   -0.5901176E-03    0.4501637E-02   -0.8887944E-03    0.7277174E-02    0.6411568E-01    0.1998504E-05   -0.3811515E-05
    0.8525108E-09   -0.1860802E-07   -0.1340965E-07   -0.1040444E-06   -0.5749711E-06   -0.1313141E-06   -0.3138683E-06    0.1047683E-07   -0.3596582E-03    0.6755967E-05    0.1499887E-03    0.6389555E-02   -0.8806120E-04    0.5388274E-03    0.6984703E-03   -0.1043788E-03    0.2827234E-03   -0.2964399E-03   -0.8497462E-04    0.3600797E-04   -0.4484297E-08   -0.5413661E-07    0.1197430E-06   -0.1059217E-06   -0.3704444E-06    0.8650777E-08    0.1890161E-06   -0.1280750E-06    0.3028174E-06    0.5159387E-06   -0.3879653E-06    0.1998504E-05    0.5996894E-06   -0.2009995E-08
    0.4295495E-08    0.2798279E-07    0.3676970E-07   -0.7896861E-06    0.1341077E-05   -0.1254648E-05    0.1424938E-06   -0.2823208E-08    0.4199244E-02   -0.1494112E-04   -0.4135925E-03    0.4774297E-02    0.2677660E-03   -0.2525752E-02   -0.7337099E-02    0.2492581E-03    0.1699653E-04   -0.2109275E-03    0.2468176E-02    0.4530523E-02    0.1401769E-07   -0.8756212E-07   -0.6671144E-07   -0.1053283E-06   -0.8500116E-06   -0.3040211E-05   -0.7922809E-06   -0.2145265E-06   -0.1121145E-05    0.8486826E-07   -0.1611228E-05   -0.3811515E-05   -0.2009995E-08    0.2080513E-05
