# omegabh2 omegach2 theta tau nnu yhe logA ns calPlanck acib217 xi asz143 aps100 aps143 aps143217 aps217 aksz kgal100 kgal143 kgal143217 kgal217 cal0 cal2
  5.9739692E-08  -2.2790977E-08   1.0613823E-07   2.9663533E-07   1.1685763E-06   2.7371717E-06   1.3020477E-06   1.2986277E-06  -2.6424488E-10   7.4277711E-05  -2.0151247E-06  -8.5989287E-06   4.1305372E-04   1.7643270E-04   8.0833233E-05   4.1417916E-05   3.0942003E-05   2.9725378E-05   1.6375083E-05   2.8158076E-06  -3.3930342E-05  -1.1568700E-09   1.7269658E-09
 -2.2790977E-08   5.2677733E-05  -1.2301285E-05  -4.1542668E-06   3.2437720E-03  -1.7615486E-04   6.7834299E-05   1.7064645E-05  -2.5670068E-07  -2.3020002E-03   3.1494601E-06   1.3377212E-04  -7.4445226E-03  -8.7687161E-03  -7.5333878E-03  -4.3215884E-03  -2.4783282E-05   1.3569562E-04   1.2014634E-04   5.6846946E-04   1.8837821E-03   1.6189352E-08   2.0497733E-08
  1.0613823E-07  -1.2301285E-05   3.5015119E-06   1.2168144E-06  -7.8066538E-04   5.4268516E-05  -1.2159131E-05  -1.4873987E-07  -8.5913482E-09   1.4652266E-03  -1.6513525E-05  -2.6526262E-04   6.5664391E-03   4.7430649E-03   2.7970626E-03   1.2663120E-03   4.1621791E-04   3.7175990E-05   2.4394094E-05  -8.1485323E-05  -6.7792965E-04  -6.7596113E-09   2.6617018E-08
  2.9663533E-07  -4.1542668E-06   1.2168144E-06   4.6639683E-05  -1.7252259E-04   2.1549121E-05   8.8695728E-05   9.5424673E-06  -1.6599325E-07  -1.1586448E-03  -3.4859893E-06  -2.6569009E-04  -4.8385101E-04  -1.0717525E-03  -1.0457350E-03   5.2623981E-04  -5.2091746E-05  -1.0762415E-04  -5.4910275E-04  -8.2220887E-04  -5.5930569E-04  -7.6342310E-08  -1.4808323E-08
  1.1685763E-06   3.2437720E-03  -7.8066538E-04  -1.7252259E-04   2.0587855E-01  -1.1298933E-02   4.2409222E-03   1.2501348E-03  -6.2283927E-06  -1.5792014E-01  -1.7815955E-04   1.5016297E-02  -5.4089988E-01  -6.1263557E-01  -5.0700589E-01  -2.7757484E-01  -9.6650886E-03   9.5623231E-03   6.4118242E-03   3.2383321E-02   1.1635328E-01   1.7446215E-06   8.9228752E-07
  2.7371717E-06  -1.7615486E-04   5.4268516E-05   2.1549121E-05  -1.1298933E-02   9.7323317E-04  -1.2146353E-04   6.2480386E-05  -1.0308896E-06   3.4918641E-02  -5.0624153E-04  -6.6973129E-03   1.5832583E-01   1.1031190E-01   5.8752183E-02   2.5565074E-02   1.1284290E-02   1.2618390E-03   1.8420456E-03   6.6679808E-04  -1.3288724E-02  -3.2189134E-07   6.2269205E-07
  1.3020477E-06   6.7834299E-05  -1.2159131E-05   8.8695728E-05   4.2409222E-03  -1.2146353E-04   3.3081681E-04   7.0798577E-05   1.1828954E-05   4.6863470E-04  -1.6975653E-06  -1.9648906E-03   2.4198699E-02   6.2612202E-03  -1.1726563E-03   3.5515414E-03   1.8245267E-03  -2.4319063E-04  -1.3016067E-03  -1.1946989E-03   7.2335594E-04  -2.6347130E-08   1.9001144E-07
  1.2986277E-06   1.7064645E-05  -1.4873987E-07   9.5424673E-06   1.2501348E-03   6.2480386E-05   7.0798577E-05   7.4902863E-05  -1.6461699E-07   4.1174024E-03  -1.1627065E-04  -8.7427089E-04   1.9243629E-02   1.7786527E-02   9.7484918E-03   7.1688449E-03   1.2859964E-03   9.8609820E-04   5.3336239E-04   1.0900551E-03  -3.7425871E-06  -2.0373517E-07   2.0683947E-07
 -2.6424488E-10  -2.5670068E-07  -8.5913482E-09  -1.6599325E-07  -6.2283927E-06  -1.0308896E-06   1.1828954E-05  -1.6461699E-07   6.4115485E-06   7.8084857E-04   2.7901749E-05   4.4106800E-05   2.6983514E-03   4.4587964E-04   8.7355370E-04   1.1441377E-03  -4.1362491E-05  -1.6141786E-04  -1.2844481E-04  -1.8670784E-04   3.7221669E-04  -1.4451096E-10   8.3797717E-09
  7.4277711E-05  -2.3020002E-03   1.4652266E-03  -1.1586448E-03  -1.5792014E-01   3.4918641E-02   4.6863470E-04   4.1174024E-03   7.8084857E-04   4.7446689E+01  -4.1394118E-01  -7.5974532E-01   4.3947187E+01   9.2400635E+00  -8.3546530E+00  -5.2944427E+01   3.0174596E-01   3.5124515E-01   9.0221537E-01  -5.6372002E+00  -3.4994285E+01  -2.4095643E-04   6.6689078E-04
 -2.0151247E-06   3.1494601E-06  -1.6513525E-05  -3.4859893E-06  -1.7815955E-04  -5.0624153E-04  -1.6975653E-06  -1.1627065E-04   2.7901749E-05  -4.1394118E-01   8.1946805E-02  -5.7418024E-02  -5.0689544E-01   7.4170840E-01   1.5145523E+00   5.4965688E-01   3.5744535E-02  -2.2328221E-02  -1.0050689E-02   7.0702875E-02   1.2076992E-01   2.7325679E-06  -1.9728693E-06
 -8.5989287E-06   1.3377212E-04  -2.6526262E-04  -2.6569009E-04   1.5016297E-02  -6.6973129E-03  -1.9648906E-03  -8.7427089E-04   4.4106800E-05  -7.5974532E-01  -5.7418024E-02   4.1374483E+00  -3.3184570E+01  -4.7076615E+00   7.0978255E+00   4.6225074E+00  -3.1854427E+00  -1.3259775E-01   2.1752616E-01   2.7872677E+00   3.3311683E+00   1.1507421E-04  -5.1968962E-05
  4.1305372E-04  -7.4445226E-03   6.5664391E-03  -4.8385101E-04  -5.4089988E-01   1.5832583E-01   2.4198699E-02   1.9243629E-02   2.6983514E-03   4.3947187E+01  -5.0689544E-01  -3.3184570E+01   8.3693568E+02   1.0122386E+02  -3.4857886E+01  -4.8025563E+01   1.9502000E+01  -6.0561845E+00   5.4993147E+00  -1.4384750E+01  -3.0202331E+01   3.8910874E-03   8.0604672E-04
  1.7643270E-04  -8.7687161E-03   4.7430649E-03  -1.0717525E-03  -6.1263557E-01   1.1031190E-01   6.2612202E-03   1.7786527E-02   4.4587964E-04   9.2400635E+00   7.4170840E-01  -4.7076615E+00   1.0122386E+02   8.0805770E+01   4.8006508E+01   1.8380221E+01  -2.6796571E+00  -9.7782078E-02  -1.1207269E+00   3.6668961E+00   1.7254796E+00   1.2152701E-04   2.4086208E-04
  8.0833233E-05  -7.5333878E-03   2.7970626E-03  -1.0457350E-03  -5.0700589E-01   5.8752183E-02  -1.1726563E-03   9.7484918E-03   8.7355370E-04  -8.3546530E+00   1.5145523E+00   7.0978255E+00  -3.4857886E+01   4.8006508E+01   8.7257641E+01   5.3528042E+01  -1.1649321E+01  -7.5402939E-01  -5.1339539E-01   5.1039426E+00   6.7436013E+00   4.2981608E-04  -3.3335247E-04
  4.1417916E-05  -4.3215884E-03   1.2663120E-03   5.2623981E-04  -2.7757484E-01   2.5565074E-02   3.5515414E-03   7.1688449E-03   1.1441377E-03  -5.2944427E+01   5.4965688E-01   4.6225074E+00  -4.8025563E+01   1.8380221E+01   5.3528042E+01   1.0292893E+02  -9.3095968E+00  -6.4102537E-01  -1.3152937E+00   5.6751456E+00   3.3457811E+01   5.6944179E-04  -1.1587352E-03
  3.0942003E-05  -2.4783282E-05   4.1621791E-04  -5.2091746E-05  -9.6650886E-03   1.1284290E-02   1.8245267E-03   1.2859964E-03  -4.1362491E-05   3.0174596E-01   3.5744535E-02  -3.1854427E+00   1.9502000E+01  -2.6796571E+00  -1.1649321E+01  -9.3095968E+00   6.8109992E+00   6.3397208E-02  -2.5213849E-01  -2.3091784E+00  -2.5154277E+00  -9.4169160E-05   5.2627453E-05
  2.9725378E-05   1.3569562E-04   3.7175990E-05  -1.0762415E-04   9.5623231E-03   1.2618390E-03  -2.4319063E-04   9.8609820E-04  -1.6141786E-04   3.5124515E-01  -2.2328221E-02  -1.3259775E-01  -6.0561845E+00  -9.7782078E-02  -7.5402939E-01  -6.4102537E-01   6.3397208E-02   3.4154941E+00   5.8781405E-01   2.6689356E-01   2.0569731E-01   1.4680278E-04   1.1260763E-05
  1.6375083E-05   1.2014634E-04   2.4394094E-05  -5.4910275E-04   6.4118242E-03   1.8420456E-03  -1.3016067E-03   5.3336239E-04  -1.2844481E-04   9.0221537E-01  -1.0050689E-02   2.1752616E-01   5.4993147E+00  -1.1207269E+00  -5.1339539E-01  -1.3152937E+00  -2.5213849E-01   5.8781405E-01   3.1687400E+00   2.5956307E+00   2.4037171E+00  -1.7667502E-04  -3.8817289E-05
  2.8158076E-06   5.6846946E-04  -8.1485323E-05  -8.2220887E-04   3.2383321E-02   6.6679808E-04  -1.1946989E-03   1.0900551E-03  -1.8670784E-04  -5.6372002E+00   7.0702875E-02   2.7872677E+00  -1.4384750E+01   3.6668961E+00   5.1039426E+00   5.6751456E+00  -2.3091784E+00   2.6689356E-01   2.5956307E+00   1.0850231E+01   1.9434442E+01   2.8937340E-05   4.3100118E-04
 -3.3930342E-05   1.8837821E-03  -6.7792965E-04  -5.5930569E-04   1.1635328E-01  -1.3288724E-02   7.2335594E-04  -3.7425871E-06   3.7221669E-04  -3.4994285E+01   1.2076992E-01   3.3311683E+00  -3.0202331E+01   1.7254796E+00   6.7436013E+00   3.3457811E+01  -2.5154277E+00   2.0569731E-01   2.4037171E+00   1.9434442E+01   5.5236819E+01   1.7321597E-04   9.5888250E-04
 -1.1568700E-09   1.6189352E-08  -6.7596113E-09  -7.6342310E-08   1.7446215E-06  -3.2189134E-07  -2.6347130E-08  -2.0373517E-07  -1.4451096E-10  -2.4095643E-04   2.7325679E-06   1.1507421E-04   3.8910874E-03   1.2152701E-04   4.2981608E-04   5.6944179E-04  -9.4169160E-05   1.4680278E-04  -1.7667502E-04   2.8937340E-05   1.7321597E-04   3.7142046E-07   7.8203038E-09
  1.7269658E-09   2.0497733E-08   2.6617018E-08  -1.4808323E-08   8.9228752E-07   6.2269205E-07   1.9001144E-07   2.0683947E-07   8.3797717E-09   6.6689078E-04  -1.9728693E-06  -5.1968962E-05   8.0604672E-04   2.4086208E-04  -3.3335247E-04  -1.1587352E-03   5.2627453E-05   1.1260763E-05  -3.8817289E-05   4.3100118E-04   9.5888250E-04   7.8203038E-09   3.8384859E-07
