# omegabh2 omegach2 theta tau logA ns calPlanck acib217 xi asz143 aps100 aps143 aps143217 aps217 aksz kgal100 kgal143 kgal143217 kgal217 cal0 cal2
    0.4737765E-07   -0.2214408E-06    0.4349009E-07    0.4465979E-06    0.5228303E-06    0.6046000E-06    0.1830382E-07   -0.1573913E-03    0.2510168E-05    0.5395131E-04   -0.7933335E-03   -0.4626847E-03   -0.1324972E-03   -0.1203080E-04   -0.6800552E-04    0.3338510E-05    0.1757526E-05    0.6666920E-05    0.3799694E-04    0.4155444E-08   -0.1259442E-07
   -0.2214408E-06    0.4323549E-05   -0.4033725E-06   -0.3803230E-05    0.2318788E-05   -0.9190756E-05   -0.1605758E-06   -0.5911864E-04    0.6373619E-06   -0.7498045E-04    0.8609393E-03    0.1540229E-02    0.1181719E-02    0.1043487E-02   -0.2022668E-04   -0.1022186E-04   -0.5035316E-04    0.1970310E-04    0.1944635E-03   -0.2632672E-07    0.1568221E-07
    0.4349009E-07   -0.4033725E-06    0.2120098E-06    0.4895124E-06    0.2448155E-06    0.1105643E-05    0.1021067E-07   -0.1393554E-04   -0.8776263E-06    0.2523703E-04   -0.1697835E-03   -0.2544242E-03   -0.1566681E-03   -0.1120955E-03   -0.7524289E-05    0.9246377E-05    0.8354425E-05    0.8728359E-05    0.5000794E-05    0.6022744E-08   -0.3175250E-08
    0.4465979E-06   -0.3803230E-05    0.4895124E-06    0.6423758E-04    0.1198563E-03    0.1042341E-04   -0.1131002E-06   -0.3104690E-02    0.4331630E-04    0.4133757E-03   -0.1206527E-01   -0.6395548E-02   -0.2794791E-02    0.4168413E-03   -0.5514984E-03   -0.1410989E-03    0.1438081E-03   -0.4834587E-03   -0.4953416E-04   -0.2676424E-07   -0.3676333E-06
    0.5228303E-06    0.2318788E-05    0.2448155E-06    0.1198563E-03    0.2747925E-03   -0.1875967E-05    0.1215775E-04   -0.6846538E-02    0.1761218E-03    0.9334742E-03   -0.2020068E-01   -0.7063693E-02    0.2081944E-02    0.1030532E-01   -0.2374312E-02   -0.4926647E-03   -0.4809656E-03   -0.1245291E-02    0.2214176E-02    0.1745140E-06   -0.8029687E-06
    0.6046000E-06   -0.9190756E-05    0.1105643E-05    0.1042341E-04   -0.1875967E-05    0.3029786E-04    0.4006329E-06   -0.4306789E-02    0.9808802E-04    0.1295498E-02   -0.2637457E-01   -0.8678674E-02    0.6711975E-03    0.3564108E-02   -0.2451567E-02    0.3736597E-03    0.1548014E-04   -0.4004925E-03    0.1991544E-03   -0.1471012E-06   -0.4162463E-06
    0.1830382E-07   -0.1605758E-06    0.1021067E-07   -0.1131002E-06    0.1215775E-04    0.4006329E-06    0.6329302E-05    0.8046510E-03    0.1354313E-04    0.5781731E-04    0.2683072E-02    0.8833540E-03    0.1008010E-02    0.1362728E-02   -0.9688286E-04    0.3701094E-04   -0.5557290E-04   -0.8058833E-05    0.7792562E-03    0.3758738E-08   -0.5250766E-08
   -0.1573913E-03   -0.5911864E-04   -0.1393554E-04   -0.3104690E-02   -0.6846538E-02   -0.4306789E-02    0.8046510E-03    0.4445290E+02   -0.4746004E+00   -0.1666581E+01    0.4325707E+02    0.8784714E+00   -0.2087235E+02   -0.6224074E+02    0.3440365E+00   -0.8046347E-01   -0.4554817E-01   -0.1987595E+01   -0.1891906E+02   -0.2990800E-03    0.4450066E-02
    0.2510168E-05    0.6373619E-06   -0.8776263E-06    0.4331630E-04    0.1761218E-03    0.9808802E-04    0.1354313E-04   -0.4746004E+00    0.8173983E-01   -0.8269534E-01   -0.3525791E+00    0.9875242E+00    0.1796179E+01    0.7296804E+00    0.8148750E-01   -0.1148660E-01   -0.3797304E-02    0.8965494E-01    0.1058093E+00    0.6677280E-05   -0.1235763E-04
    0.5395131E-04   -0.7498045E-04    0.2523703E-04    0.4133757E-03    0.9334742E-03    0.1295498E-02    0.5781731E-04   -0.1666581E+01   -0.8269534E-01    0.3864513E+01   -0.2971659E+02   -0.3792052E+01    0.8123600E+01    0.7095115E+01   -0.2900640E+01   -0.1318634E+00    0.6421079E-01    0.2425071E+01    0.2158785E+01    0.1982257E-03   -0.3493959E-03
   -0.7933335E-03    0.8609393E-03   -0.1697835E-03   -0.1206527E-01   -0.2020068E-01   -0.2637457E-01    0.2683072E-02    0.4325707E+02   -0.3525791E+00   -0.2971659E+02    0.7723511E+03    0.7049991E+02   -0.5919672E+02   -0.7232187E+02    0.1454579E+02   -0.3696929E+01    0.2751048E+01   -0.1255495E+02   -0.1860535E+02    0.6309088E-02    0.3858902E-02
   -0.4626847E-03    0.1540229E-02   -0.2544242E-03   -0.6395548E-02   -0.7063693E-02   -0.8678674E-02    0.8833540E-03    0.8784714E+00    0.9875242E+00   -0.3792052E+01    0.7049991E+02    0.6208671E+02    0.4514110E+02    0.1895264E+02   -0.4755839E+01   -0.5087029E+00   -0.1323091E+01    0.3643348E+01    0.3786830E+01    0.1467617E-03    0.2524699E-03
   -0.1324972E-03    0.1181719E-02   -0.1566681E-03   -0.2794791E-02    0.2081944E-02    0.6711975E-03    0.1008010E-02   -0.2087235E+02    0.1796179E+01    0.8123600E+01   -0.5919672E+02    0.4514110E+02    0.9942069E+02    0.6926151E+02   -0.1290562E+02   -0.8732150E+00   -0.6853225E+00    0.4784680E+01    0.5662290E+01    0.8213084E-03   -0.2448435E-02
   -0.1203080E-04    0.1043487E-02   -0.1120955E-03    0.4168413E-03    0.1030532E-01    0.3564108E-02    0.1362728E-02   -0.6224074E+02    0.7296804E+00    0.7095115E+01   -0.7232187E+02    0.1895264E+02    0.6926151E+02    0.1254257E+03   -0.1102356E+02   -0.3658429E+00   -0.3054728E+00   -0.4169730E+00    0.1549467E+02    0.8309690E-03   -0.7820257E-02
   -0.6800552E-04   -0.2022668E-04   -0.7524289E-05   -0.5514984E-03   -0.2374312E-02   -0.2451567E-02   -0.9688286E-04    0.3440365E+00    0.8148750E-01   -0.2900640E+01    0.1454579E+02   -0.4755839E+01   -0.1290562E+02   -0.1102356E+02    0.6484550E+01    0.9624242E-01   -0.9167414E-01   -0.2117249E+01   -0.1774209E+01   -0.1403208E-03    0.1486012E-03
    0.3338510E-05   -0.1022186E-04    0.9246377E-05   -0.1410989E-03   -0.4926647E-03    0.3736597E-03    0.3701094E-04   -0.8046347E-01   -0.1148660E-01   -0.1318634E+00   -0.3696929E+01   -0.5087029E+00   -0.8732150E+00   -0.3658429E+00    0.9624242E-01    0.3506426E+01    0.4320201E+00    0.1421421E+00    0.2604007E+00    0.2891191E-03   -0.6149657E-05
    0.1757526E-05   -0.5035316E-04    0.8354425E-05    0.1438081E-03   -0.4809656E-03    0.1548014E-04   -0.5557290E-04   -0.4554817E-01   -0.3797304E-02    0.6421079E-01    0.2751048E+01   -0.1323091E+01   -0.6853225E+00   -0.3054728E+00   -0.9167414E-01    0.4320201E+00    0.3337698E+01    0.2518504E+01    0.1730829E+01   -0.3083142E-03   -0.2361848E-03
    0.6666920E-05    0.1970310E-04    0.8728359E-05   -0.4834587E-03   -0.1245291E-02   -0.4004925E-03   -0.8058833E-05   -0.1987595E+01    0.8965494E-01    0.2425071E+01   -0.1255495E+02    0.3643348E+01    0.4784680E+01   -0.4169730E+00   -0.2117249E+01    0.1421421E+00    0.2518504E+01    0.1737643E+02    0.2613831E+02   -0.2163010E-04    0.2594316E-02
    0.3799694E-04    0.1944635E-03    0.5000794E-05   -0.4953416E-04    0.2214176E-02    0.1991544E-03    0.7792562E-03   -0.1891906E+02    0.1058093E+00    0.2158785E+01   -0.1860535E+02    0.3786830E+01    0.5662290E+01    0.1549467E+02   -0.1774209E+01    0.2604007E+00    0.1730829E+01    0.2613831E+02    0.5569595E+02    0.4119734E-04    0.4654156E-02
    0.4155444E-08   -0.2632672E-07    0.6022744E-08   -0.2676424E-07    0.1745140E-06   -0.1471012E-06    0.3758738E-08   -0.2990800E-03    0.6677280E-05    0.1982257E-03    0.6309088E-02    0.1467617E-03    0.8213084E-03    0.8309690E-03   -0.1403208E-03    0.2891191E-03   -0.3083142E-03   -0.2163010E-04    0.4119734E-04    0.6150678E-06   -0.1479496E-07
   -0.1259442E-07    0.1568221E-07   -0.3175250E-08   -0.3676333E-06   -0.8029687E-06   -0.4162463E-06   -0.5250766E-08    0.4450066E-02   -0.1235763E-04   -0.3493959E-03    0.3858902E-02    0.2524699E-03   -0.2448435E-02   -0.7820257E-02    0.1486012E-03   -0.6149657E-05   -0.2361848E-03    0.2594316E-02    0.4654156E-02   -0.1479496E-07    0.2123579E-05
