# omegabh2 omegach2 theta mnu logA ns
  2.3449267E-07   5.9895666E-07   3.8313883E-09   1.6153511E-05  -3.9536866E-06  -3.5326900E-08
  5.9895666E-07   4.7335221E-04   3.6222081E-07   1.5613242E-02  -3.9246423E-03  -7.2223304E-05
  3.8313883E-09   3.6222081E-07   3.5075354E-07  -4.5097099E-06  -2.3581934E-06  -3.4088127E-07
  1.6153511E-05   1.5613242E-02  -4.5097099E-06   7.3113755E-01  -1.1882673E-01   7.8295576E-05
 -3.9536866E-06  -3.9246423E-03  -2.3581934E-06  -1.1882673E-01   3.4979001E-02   1.0377149E-03
 -3.5326900E-08  -7.2223304E-05  -3.4088127E-07   7.8295576E-05   1.0377149E-03   3.8814312E-04
