# omegabh2 omegach2 theta tau nnu logA ns calPlanck aps100 aps143 aps217 acib217 asz143 psr cibr xi aksz dust100 dust143 dust217 dust143x217 cal0 cal2 calTE calEE
  3.5011968E-08   3.0574082E-07  -2.9207413E-08   1.5923276E-07   2.2400467E-05   1.2308136E-06   8.9330004E-07   9.6003419E-09   1.3027024E-04   5.5371002E-05  -1.8504597E-05   3.4711032E-05   3.0310400E-06   2.2592431E-07   9.5301069E-07   4.3996833E-07   9.1663628E-06   1.2383736E-06   1.7398919E-07   1.7395578E-07   4.7647308E-07   7.2954147E-09   1.0025801E-08   4.1507286E-08  -6.5527327E-09
  3.0574082E-07   1.0127105E-05  -1.1324132E-06  -2.3728965E-06   5.9394453E-04   2.1079922E-05   1.7124551E-05  -3.5176994E-07   1.4751701E-02   8.3906091E-03  -3.0309667E-03   4.6842920E-03  -4.0639886E-04  -3.2609686E-05   1.0105132E-04  -4.9089636E-05   1.0370050E-03   1.5639627E-05   3.0765892E-05  -2.2419422E-05   2.2629421E-06  -1.3190002E-08   3.7830414E-07   3.8631078E-06   6.6764255E-06
 -2.9207413E-08  -1.1324132E-06   2.1484861E-07   2.4081602E-07  -6.9232971E-05  -2.2491893E-06  -2.0042976E-06   6.5614654E-08  -1.6792957E-03  -9.3991390E-04   3.2781509E-04  -5.1283085E-04   5.6477800E-05   4.5772464E-06  -1.2593421E-05   4.8878125E-06  -1.3353454E-04  -2.3256683E-06  -4.6181102E-06   2.1225063E-06  -2.5177803E-07   9.4332743E-09  -4.8678787E-08  -5.2629313E-07  -8.1390814E-07
  1.5923276E-07  -2.3728965E-06   2.4081602E-07   4.3212884E-05  -3.1469857E-05   7.8140108E-05   5.7409613E-06  -7.2164338E-07  -1.0101806E-02  -4.0103559E-03   3.1023204E-03  -3.7197596E-03   1.3422804E-04  -1.5626250E-06  -4.8095324E-05   2.1225129E-05  -1.8915385E-04   2.9055421E-05   3.2406844E-05   3.5182737E-05   2.6076237E-05  -3.0675292E-07  -2.2030905E-07  -2.9129843E-06  -2.5453765E-06
  2.2400467E-05   5.9394453E-04  -6.9232971E-05  -3.1469857E-05   3.7959103E-02   1.4867071E-03   1.2136426E-03  -1.1532967E-05   9.1035187E-01   5.0982718E-01  -1.6759555E-01   2.6992976E-01  -2.6835015E-02  -2.0459908E-03   5.8709398E-03  -2.8357322E-03   6.7010318E-02   1.1697201E-03   1.7159782E-03  -1.1575704E-03   2.4890122E-04   9.6999565E-07   2.2548099E-05   2.5563350E-04   4.5699085E-04
  1.2308136E-06   2.1079922E-05  -2.2491893E-06   7.8140108E-05   1.4867071E-03   2.3314034E-04   5.6638015E-05   9.5633821E-06   2.2451158E-02   1.4304770E-02   5.4915284E-03   3.4842249E-03  -4.9492874E-04  -4.5945635E-05   9.5986083E-05  -5.1819368E-05   1.3586136E-03   1.1525863E-04   6.5206057E-05   3.7426527E-05   6.3925588E-05   1.4542713E-07   5.0360743E-07   4.3246768E-06   1.4262933E-05
  8.9330004E-07   1.7124551E-05  -2.0042976E-06   5.7409613E-06   1.2136426E-03   5.6638015E-05   5.2619579E-05   3.3454344E-07   7.5575640E-03   9.4369207E-03   3.0580616E-03   2.5467532E-03  -3.9887728E-04  -8.2393512E-06   8.3606441E-05  -2.3270551E-05   3.9690290E-04   5.2656403E-05   2.9407274E-05   2.7136243E-06   6.3758996E-06  -2.8243156E-07   4.9173194E-07   7.6297779E-06   1.1929289E-05
  9.6003419E-09  -3.5176994E-07   6.5614654E-08  -7.2164338E-07  -1.1532967E-05   9.5633821E-06   3.3454344E-07   6.0021814E-06   2.8356836E-03  -3.2547505E-05   1.0303267E-03   5.3095085E-04   8.0262444E-05   3.4024785E-06  -8.0542584E-06  -1.6929837E-06  -2.9556857E-05   1.4468636E-05   3.4014812E-06   6.2088296E-06   6.5009293E-06   5.6549679E-08  -3.7869484E-08  -3.6395583E-07  -3.2199276E-07
  1.3027024E-04   1.4751701E-02  -1.6792957E-03  -1.0101806E-02   9.1035187E-01   2.2451158E-02   7.5575640E-03   2.8356836E-03   6.2076859E+02   6.7518715E+01  -6.1186318E+01   3.7248338E+01  -2.4943081E+01  -8.8243865E-01  -3.3455446E-02  -4.8769573E-01   1.2585799E+01  -1.7071148E-01   2.5156371E-01  -2.9728583E-01  -2.1251512E-01   6.8240944E-03   3.0245438E-03   6.8604341E-03   1.6207863E-02
  5.5371002E-05   8.3906091E-03  -9.3991390E-04  -4.0103559E-03   5.0982718E-01   1.4304770E-02   9.4369207E-03  -3.2547505E-05   6.7518715E+01   7.2585821E+01   7.2893757E+00   9.6518736E+00  -6.3847557E-01  -3.8352838E-02   4.9317259E-01   7.8451888E-01  -7.4417239E+00  -3.3843382E-02  -2.0283135E-01   3.7949043E-02   7.9050117E-02   7.9258953E-04   8.3206767E-04   5.6939380E-03   9.6778407E-03
 -1.8504597E-05  -3.0309667E-03   3.2781509E-04   3.1023204E-03  -1.6759555E-01   5.4915284E-03   3.0580616E-03   1.0303267E-03  -6.1186318E+01   7.2893757E+00   1.7129906E+02  -8.2830855E+01   2.4957471E+00   3.2869625E-01  -9.8733965E-01   4.0988440E-01  -6.7465432E+00  -4.0845369E-02  -2.3657400E-01   5.8704780E-01   1.0404138E-02   1.5502025E-03  -7.3845341E-03   2.1572166E-03   1.4394773E-03
  3.4711032E-05   4.6842920E-03  -5.1283085E-04  -3.7197596E-03   2.6992976E-01   3.4842249E-03   2.5467532E-03   5.3095085E-04   3.7248338E+01   9.6518736E+00  -8.2830855E+01   5.3320240E+01   1.6578728E+00  -4.4646624E-02   7.2155769E-01  -3.1056136E-01  -2.5719072E+00   2.6094459E-02   1.4469676E-01  -4.6718790E-01  -1.1112528E-01  -4.1127539E-04   3.1409943E-03   8.0129334E-04   2.5906517E-03
  3.0310400E-06  -4.0639886E-04   5.6477800E-05   1.3422804E-04  -2.6835015E-02  -4.9492874E-04  -3.9887728E-04   8.0262444E-05  -2.4943081E+01  -6.3847557E-01   2.4957471E+00   1.6578728E+00   4.2837106E+00   1.0734475E-01   1.5258121E-01  -2.1417807E-02  -3.5705004E+00  -6.9880675E-03  -4.2473475E-03   9.2001294E-03   5.5557284E-02   4.6535664E-04  -2.2819744E-04  -5.7495053E-04  -7.1688361E-04
  2.2592431E-07  -3.2609686E-05   4.5772464E-06  -1.5626250E-06  -2.0459908E-03  -4.5945635E-05  -8.2393512E-06   3.4024785E-06  -8.8243865E-01  -3.8352838E-02   3.2869625E-01  -4.4646624E-02   1.0734475E-01   1.8395508E-02  -1.7996828E-02   1.4253205E-02  -1.0924811E-01  -2.8068829E-04  -1.1848621E-03  -2.8853802E-03   5.5532301E-03   1.9916825E-05  -3.9742126E-05   4.6501045E-06  -2.6687518E-05
  9.5301069E-07   1.0105132E-04  -1.2593421E-05  -4.8095324E-05   5.8709398E-03   9.5986083E-05   8.3606441E-05  -8.0542584E-06  -3.3455446E-02   4.9317259E-01  -9.8733965E-01   7.2155769E-01   1.5258121E-01  -1.7996828E-02   6.9658155E-02   9.0928248E-04  -1.5819246E-01   6.5127694E-04   7.1999107E-03   3.8893561E-04  -1.7237714E-02  -8.3430699E-06   1.0389080E-04  -2.3497591E-05   3.9928294E-05
  4.3996833E-07  -4.9089636E-05   4.8878125E-06   2.1225129E-05  -2.8357322E-03  -5.1819368E-05  -2.3270551E-05  -1.6929837E-06  -4.8769573E-01   7.8451888E-01   4.0988440E-01  -3.1056136E-01  -2.1417807E-02   1.4253205E-02   9.0928248E-04   8.2110113E-02   2.5722107E-02  -1.6129097E-04   1.4183547E-03   1.6498096E-03   2.9583223E-03   8.5849964E-06  -5.5675039E-06  -1.3644479E-05  -4.5215130E-05
  9.1663628E-06   1.0370050E-03  -1.3353454E-04  -1.8915385E-04   6.7010318E-02   1.3586136E-03   3.9690290E-04  -2.9556857E-05   1.2585799E+01  -7.4417239E+00  -6.7465432E+00  -2.5719072E+00  -3.5705004E+00  -1.0924811E-01  -1.5819246E-01   2.5722107E-02   7.3864140E+00   4.7223721E-03  -1.6428061E-03  -5.5268632E-03  -4.9193981E-02  -3.9385812E-04   6.6456544E-05   3.0893893E-04   1.1070485E-03
  1.2383736E-06   1.5639627E-05  -2.3256683E-06   2.9055421E-05   1.1697201E-03   1.1525863E-04   5.2656403E-05   1.4468636E-05  -1.7071148E-01  -3.3843382E-02  -4.0845369E-02   2.6094459E-02  -6.9880675E-03  -2.8068829E-04   6.5127694E-04  -1.6129097E-04   4.7223721E-03   3.8471378E-02   2.9977852E-03   1.7805239E-05   6.4225169E-04   3.9622255E-05   5.0539952E-06  -1.5437632E-05  -4.4272792E-06
  1.7398919E-07   3.0765892E-05  -4.6181102E-06   3.2406844E-05   1.7159782E-03   6.5206057E-05   2.9407274E-05   3.4014812E-06   2.5156371E-01  -2.0283135E-01  -2.3657400E-01   1.4469676E-01  -4.2473475E-03  -1.1848621E-03   7.1999107E-03   1.4183547E-03  -1.6428061E-03   2.9977852E-03   2.9901911E-02  -4.7320120E-04   5.1788657E-03  -7.3620778E-05  -4.1165097E-05  -7.1482543E-05  -4.9948144E-05
  1.7395578E-07  -2.2419422E-05   2.1225063E-06   3.5182737E-05  -1.1575704E-03   3.7426527E-05   2.7136243E-06   6.2088296E-06  -2.9728583E-01   3.7949043E-02   5.8704780E-01  -4.6718790E-01   9.2001294E-03  -2.8853802E-03   3.8893561E-04   1.6498096E-03  -5.5268632E-03   1.7805239E-05  -4.7320120E-04   1.0614858E-02   7.8881789E-03   2.9030978E-06   5.8377947E-05  -7.2777807E-06  -1.1271694E-05
  4.7647308E-07   2.2629421E-06  -2.5177803E-07   2.6076237E-05   2.4890122E-04   6.3925588E-05   6.3758996E-06   6.5009293E-06  -2.1251512E-01   7.9050117E-02   1.0404138E-02  -1.1112528E-01   5.5557284E-02   5.5532301E-03  -1.7237714E-02   2.9583223E-03  -4.9193981E-02   6.4225169E-04   5.1788657E-03   7.8881789E-03   2.5283946E-02   7.5692518E-07   4.9454278E-05  -1.2901530E-05  -8.6216776E-06
  7.2954147E-09  -1.3190002E-08   9.4332743E-09  -3.0675292E-07   9.6999565E-07   1.4542713E-07  -2.8243156E-07   5.6549679E-08   6.8240944E-03   7.9258953E-04   1.5502025E-03  -4.1127539E-04   4.6535664E-04   1.9916825E-05  -8.3430699E-06   8.5849964E-06  -3.9385812E-04   3.9622255E-05  -7.3620778E-05   2.9030978E-06   7.5692518E-07   1.1074713E-06   3.0411992E-08   2.1830397E-07   5.3491194E-07
  1.0025801E-08   3.7830414E-07  -4.8678787E-08  -2.2030905E-07   2.2548099E-05   5.0360743E-07   4.9173194E-07  -3.7869484E-08   3.0245438E-03   8.3206767E-04  -7.3845341E-03   3.1409943E-03  -2.2819744E-04  -3.9742126E-05   1.0389080E-04  -5.5675039E-06   6.6456544E-05   5.0539952E-06  -4.1165097E-05   5.8377947E-05   4.9454278E-05   3.0411992E-08   2.4203074E-06   4.0348845E-07   2.8393055E-07
  4.1507286E-08   3.8631078E-06  -5.2629313E-07  -2.9129843E-06   2.5563350E-04   4.3246768E-06   7.6297779E-06  -3.6395583E-07   6.8604341E-03   5.6939380E-03   2.1572166E-03   8.0129334E-04  -5.7495053E-04   4.6501045E-06  -2.3497591E-05  -1.3644479E-05   3.0893893E-04  -1.5437632E-05  -7.1482543E-05  -7.2777807E-06  -1.2901530E-05   2.1830397E-07   4.0348845E-07   2.6522749E-05   1.1785397E-05
 -6.5527327E-09   6.6764255E-06  -8.1390814E-07  -2.5453765E-06   4.5699085E-04   1.4262933E-05   1.1929289E-05  -3.2199276E-07   1.6207863E-02   9.6778407E-03   1.4394773E-03   2.5906517E-03  -7.1688361E-04  -2.6687518E-05   3.9928294E-05  -4.5215130E-05   1.1070485E-03  -4.4272792E-06  -4.9948144E-05  -1.1271694E-05  -8.6216776E-06   5.3491194E-07   2.8393055E-07   1.1785397E-05   2.9574052E-05
