# omegabh2 omegach2 theta tau omegak logA ns calPlanck acib217 xi asz143 aps100 aps143 aps143217 aps217 aksz kgal100 kgal143 kgal143217 kgal217 galfTE100 galfTE100143 galfTE100217 galfTE143 galfTE143217 galfTE217 cal0 cal2
  2.5420935E-08  -1.5383083E-07   2.3052427E-08   1.0896893E-07  -4.3776477E-07  -7.6410818E-08   3.9620761E-07  -8.8898860E-09  -1.0235903E-04   1.8498139E-06   1.5671571E-05  -3.8140102E-04  -2.5306935E-04  -9.1916445E-05   1.4618153E-06  -4.1330351E-05   4.9179120E-06  -8.7952763E-06  -1.6589034E-05   8.0893462E-06   3.1574756E-08  -4.0686917E-08  -3.1540244E-07  -1.6481290E-07  -4.7090590E-07  -2.7799886E-06   2.0967813E-09  -2.0803775E-09
 -1.5383083E-07   2.2138015E-06  -1.9883655E-07  -1.1249086E-06   5.6895374E-06   3.1824155E-06  -5.3585020E-06   1.0401086E-07   3.2319050E-04  -1.2718963E-05  -8.1304018E-05   1.3929222E-03   1.5482462E-03   7.8867500E-04   5.8181758E-04   1.9515402E-04  -8.9476401E-05  -1.9622204E-05   1.3480604E-05   2.6355895E-05  -2.5933927E-08   3.2172485E-08   1.1329134E-06   1.1777435E-06   4.3007395E-06   1.5824471E-05  -7.2986981E-09   7.4002888E-09
  2.3052427E-08  -1.9883655E-07   1.0167296E-07   1.5663558E-07  -6.0927385E-07  -1.9838478E-08   6.2566603E-07   1.5184451E-08  -4.2305115E-05   2.1538109E-06   1.3067086E-05  -2.6185057E-04  -1.4330878E-04  -2.1482033E-05  -1.9056064E-05  -3.9120446E-05   1.1515477E-06  -7.9776056E-06  -4.3435275E-06   7.7477054E-06   6.7899258E-08  -1.6558324E-07   1.3488468E-07  -2.9927467E-07  -4.3582441E-07  -1.7601798E-06   1.5754334E-09  -4.1245922E-10
  1.0896893E-07  -1.1249086E-06   1.5663558E-07   3.3489695E-05   9.1808137E-06   6.3425746E-05   3.7929465E-06  -4.3282132E-07  -2.1053943E-04   2.2081940E-05   1.5951893E-04  -1.8551951E-03  -7.7317390E-04   8.5151637E-04   1.8166649E-04  -4.4516216E-04   7.2201851E-05  -1.7334740E-04  -5.5729539E-04  -1.0009262E-03  -4.9151250E-07   8.9400214E-07  -5.0064226E-06   3.1842066E-06  -7.2471178E-06   6.9321567E-06   5.7909973E-08  -3.3450770E-08
 -4.3776477E-07   5.6895374E-06  -6.0927385E-07   9.1808137E-06   3.7485409E-05   3.7028402E-05  -1.4682215E-05   2.4413423E-06   1.5720019E-03  -4.6932831E-05  -3.9845220E-04   9.9048305E-03   6.1371391E-03   3.4530174E-03   2.7145870E-03   6.0618975E-04  -2.7091504E-04  -1.8582155E-04  -3.0534526E-04  -3.4172804E-04   2.9419836E-06   1.5754659E-06   1.0524211E-06   8.5912861E-06   1.1540203E-05   4.5220583E-05   9.9368095E-08   6.0277768E-08
 -7.6410818E-08   3.1824155E-06  -1.9838478E-08   6.3425746E-05   3.7028402E-05   1.6070210E-04  -6.9042124E-06   1.1569069E-05   4.3065027E-04   7.3671764E-05   1.2070507E-04   3.3753191E-03   3.5657227E-03   6.3510329E-03   6.7686143E-03  -9.3658404E-04  -5.1944663E-04  -1.1166863E-03  -1.7370803E-03  -8.5739397E-04   1.1719478E-06   4.0878534E-06  -5.1308331E-06   9.8281266E-06  -8.8773813E-06   5.0248339E-05   2.3864828E-07  -1.2356977E-07
  3.9620761E-07  -5.3585020E-06   6.2566603E-07   3.7929465E-06  -1.4682215E-05  -6.9042124E-06   2.2022876E-05  -2.2113885E-07  -4.9175540E-03   1.3860495E-04   8.9972685E-04  -2.3213677E-02  -7.8950967E-03   7.6592745E-04   3.9961431E-03  -2.3683105E-03   4.5044585E-04  -4.2756602E-04  -4.5881348E-04   9.1368215E-04   8.7997686E-07  -7.4555315E-07  -2.8336497E-06  -4.9179067E-06  -1.1027172E-05  -2.2507025E-05  -5.7745838E-08  -1.1540705E-07
 -8.8898860E-09   1.0401086E-07   1.5184451E-08  -4.3282132E-07   2.4413423E-06   1.1569069E-05  -2.2113885E-07   6.0812540E-06   8.8644147E-04   6.7556716E-06   5.0034785E-06   4.4909785E-03   9.0513539E-04   6.2472491E-04   9.9054832E-04   1.0628699E-04  -7.3003729E-05  -9.5121430E-05  -6.9803031E-05   5.5827045E-04   1.1961183E-06   9.8808171E-07   2.4547760E-06   2.1323369E-07  -2.1371734E-06   6.4695654E-06   1.4239201E-08  -3.5417345E-08
 -1.0235903E-04   3.2319050E-04  -4.2305115E-05  -2.1053943E-04   1.5720019E-03   4.3065027E-04  -4.9175540E-03   8.8644147E-04   4.4440448E+01  -3.9521375E-01  -6.8513746E-01   3.6430766E+01   2.2772333E+00  -1.2239196E+01  -5.4302543E+01  -2.3644243E-01   1.4777537E-01   7.7376556E-01  -5.5747194E+00  -3.2817493E+01   2.4081316E-04   1.9611247E-03   4.0827658E-03  -1.3961861E-03  -3.3038876E-03  -6.8965698E-03  -1.5329930E-04   7.7824043E-04
  1.8498139E-06  -1.2718963E-05   2.1538109E-06   2.2081940E-05  -4.6932831E-05   7.3671764E-05   1.3860495E-04   6.7556716E-06  -3.9521375E-01   8.1105408E-02  -4.7704041E-02  -5.4325994E-01   8.7680089E-01   1.6737973E+00   6.3195434E-01   5.1984114E-02  -1.1040200E-02   1.8609728E-03   8.7361687E-02   1.0628302E-01  -9.6350128E-05  -7.0993289E-05   5.7321708E-04  -1.9149610E-04  -1.1896630E-05   3.2722409E-04   6.4155031E-06  -3.1267117E-06
  1.5671571E-05  -8.1304018E-05   1.3067086E-05   1.5951893E-04  -3.9845220E-04   1.2070507E-04   8.9972685E-04   5.0034785E-06  -6.8513746E-01  -4.7704041E-02   3.7784294E+00  -2.9943083E+01  -3.1131915E+00   7.5316568E+00   5.1848834E+00  -2.6656605E+00  -2.1080241E-01   1.0133848E-01   2.5077701E+00   3.0535416E+00   7.5629304E-06  -2.6245301E-04   1.9772237E-04  -8.3065857E-05   7.9020267E-04   3.1872093E-03   9.2360764E-05  -3.5323190E-05
 -3.8140102E-04   1.3929222E-03  -2.6185057E-04  -1.8551951E-03   9.9048305E-03   3.3753191E-03  -2.3213677E-02   4.4909785E-03   3.6430766E+01  -5.4325994E-01  -2.9943083E+01   7.7130680E+02   6.7448017E+01  -5.4805044E+01  -6.0606676E+01   1.3670668E+01  -6.6273249E+00   6.4552232E+00  -1.1312205E+01  -2.3205928E+01  -2.3394839E-03  -2.8117602E-03  -1.6769989E-02   1.4012094E-02   6.3625174E-03  -2.1470972E-02   3.4285982E-03   6.5572752E-04
 -2.5306935E-04   1.5482462E-03  -1.4330878E-04  -7.7317390E-04   6.1371391E-03   3.5657227E-03  -7.8950967E-03   9.0513539E-04   2.2772333E+00   8.7680089E-01  -3.1131915E+00   6.7448017E+01   5.8893982E+01   3.8718622E+01   1.3710635E+01  -4.4171811E+00  -7.6100173E-01  -1.2931971E+00   3.3611721E+00   3.8525627E+00   1.1356002E-03  -5.5500053E-05   7.0159001E-03  -2.6476615E-03   7.5925975E-03   4.6159085E-02   7.9494257E-05   1.0086564E-04
 -9.1916445E-05   7.8867500E-04  -2.1482033E-05   8.5151637E-04   3.4530174E-03   6.3510329E-03   7.6592745E-04   6.2472491E-04  -1.2239196E+01   1.6737973E+00   7.5316568E+00  -5.4805044E+01   3.8718622E+01   8.4311444E+01   5.1732099E+01  -1.1250408E+01  -1.2335096E+00  -9.5554467E-01   4.2690933E+00   6.6787910E+00   1.1799257E-03  -2.5088086E-03   1.2105121E-02  -5.4750936E-04   1.0347115E-02   3.4255412E-02   4.1384086E-04  -4.0076505E-04
  1.4618153E-06   5.8181758E-04  -1.9056064E-05   1.8166649E-04   2.7145870E-03   6.7686143E-03   3.9961431E-03   9.9054832E-04  -5.4302543E+01   6.3195434E-01   5.1848834E+00  -6.0606676E+01   1.3710635E+01   5.1732099E+01   1.0198426E+02  -8.8073767E+00  -8.9635554E-01  -1.5489053E+00   5.1370956E+00   3.2402221E+01   2.2295555E-03  -9.4874144E-04  -3.0167679E-03   7.7419416E-03   1.6239188E-02   4.5070568E-02   3.8637781E-04  -1.4092896E-03
 -4.1330351E-05   1.9515402E-04  -3.9120446E-05  -4.4516216E-04   6.0618975E-04  -9.3658404E-04  -2.3683105E-03   1.0628699E-04  -2.3644243E-01   5.1984114E-02  -2.6656605E+00   1.3670668E+01  -4.4171811E+00  -1.1250408E+01  -8.8073767E+00   5.6370810E+00   2.2284037E-01  -1.7814182E-01  -2.0546022E+00  -2.2505962E+00  -7.5012996E-04   1.2367268E-05   3.0656287E-03   2.0097009E-04  -6.2067457E-04  -1.4975088E-03  -4.1203444E-05   6.1176562E-06
  4.9179120E-06  -8.9476401E-05   1.1515477E-06   7.2201851E-05  -2.7091504E-04  -5.1944663E-04   4.5044585E-04  -7.3003729E-05   1.4777537E-01  -1.1040200E-02  -2.1080241E-01  -6.6273249E+00  -7.6100173E-01  -1.2335096E+00  -8.9635554E-01   2.2284037E-01   3.3610169E+00   5.2238996E-01   3.6313036E-02  -8.0306679E-02   1.9986309E-04   9.9335898E-04  -5.8726079E-04  -8.9344557E-05  -3.1996652E-03   6.7252763E-04   1.6645313E-04  -1.9784447E-05
 -8.7952763E-06  -1.9622204E-05  -7.9776056E-06  -1.7334740E-04  -1.8582155E-04  -1.1166863E-03  -4.2756602E-04  -9.5121430E-05   7.7376556E-01   1.8609728E-03   1.0133848E-01   6.4552232E+00  -1.2931971E+00  -9.5554467E-01  -1.5489053E+00  -1.7814182E-01   5.2238996E-01   3.1390715E+00   2.6153592E+00   2.4852765E+00  -1.2734236E-04  -5.7794240E-04  -3.8900540E-04  -2.0805035E-04  -2.4085192E-03  -1.0465271E-02  -1.8193351E-04  -4.8271098E-05
 -1.6589034E-05   1.3480604E-05  -4.3435275E-06  -5.5729539E-04  -3.0534526E-04  -1.7370803E-03  -4.5881348E-04  -6.9803031E-05  -5.5747194E+00   8.7361687E-02   2.5077701E+00  -1.1312205E+01   3.3611721E+00   4.2690933E+00   5.1370956E+00  -2.0546022E+00   3.6313036E-02   2.6153592E+00   1.0563714E+01   1.8867419E+01  -2.5319298E-03  -1.3493718E-03   8.1288164E-04  -1.8802823E-03   6.5315650E-04   1.0019204E-02  -4.6645556E-05   3.7286572E-04
  8.0893462E-06   2.6355895E-05   7.7477054E-06  -1.0009262E-03  -3.4172804E-04  -8.5739397E-04   9.1368215E-04   5.5827045E-04  -3.2817493E+01   1.0628302E-01   3.0535416E+00  -2.3205928E+01   3.8525627E+00   6.6787910E+00   3.2402221E+01  -2.2505962E+00  -8.0306679E-02   2.4852765E+00   1.8867419E+01   5.2875255E+01  -4.2708889E-03  -3.8441501E-03  -2.0155992E-04  -2.6650340E-03   8.5183148E-04   2.2403880E-02  -1.4965012E-06   8.3256669E-04
  3.1574756E-08  -2.5933927E-08   6.7899258E-08  -4.9151250E-07   2.9419836E-06   1.1719478E-06   8.7997686E-07   1.1961183E-06   2.4081316E-04  -9.6350128E-05   7.5629304E-06  -2.3394839E-03   1.1356002E-03   1.1799257E-03   2.2295555E-03  -7.5012996E-04   1.9986309E-04  -1.2734236E-04  -2.5319298E-03  -4.2708889E-03   1.4673477E-03   2.5966392E-04   6.2043646E-05  -3.9334938E-04  -9.6171399E-05  -3.0676031E-06  -2.7125041E-07  -7.2520057E-07
 -4.0686917E-08   3.2172485E-08  -1.6558324E-07   8.9400214E-07   1.5754659E-06   4.0878534E-06  -7.4555315E-07   9.8808171E-07   1.9611247E-03  -7.0993289E-05  -2.6245301E-04  -2.8117602E-03  -5.5500053E-05  -2.5088086E-03  -9.4874144E-04   1.2367268E-05   9.9335898E-04  -5.7794240E-04  -1.3493718E-03  -3.8441501E-03   2.5966392E-04   8.6645278E-04  -1.3557447E-05   7.2681486E-04   2.9644286E-05  -6.3854569E-04   1.9223597E-07  -4.4384258E-07
 -3.1540244E-07   1.1329134E-06   1.3488468E-07  -5.0064226E-06   1.0524211E-06  -5.1308331E-06  -2.8336497E-06   2.4547760E-06   4.0827658E-03   5.7321708E-04   1.9772237E-04  -1.6769989E-02   7.0159001E-03   1.2105121E-02  -3.0167679E-03   3.0656287E-03  -5.8726079E-04  -3.8900540E-04   8.1288164E-04  -2.0155992E-04   6.2043646E-05  -1.3557447E-05   7.2561827E-03  -4.6041335E-04   7.0906023E-04   4.8652130E-03  -5.8993390E-07   9.6190013E-07
 -1.6481290E-07   1.1777435E-06  -2.9927467E-07   3.1842066E-06   8.5912861E-06   9.8281266E-06  -4.9179067E-06   2.1323369E-07  -1.3961861E-03  -1.9149610E-04  -8.3065857E-05   1.4012094E-02  -2.6476615E-03  -5.4750936E-04   7.7419416E-03   2.0097009E-04  -8.9344557E-05  -2.0805035E-04  -1.8802823E-03  -2.6650340E-03  -3.9334938E-04   7.2681486E-04  -4.6041335E-04   2.8771816E-03   5.2208040E-04  -1.1450024E-03   8.1310487E-07  -4.8384451E-07
 -4.7090590E-07   4.3007395E-06  -4.3582441E-07  -7.2471178E-06   1.1540203E-05  -8.8773813E-06  -1.1027172E-05  -2.1371734E-06  -3.3038876E-03  -1.1896630E-05   7.9020267E-04   6.3625174E-03   7.5925975E-03   1.0347115E-02   1.6239188E-02  -6.2067457E-04  -3.1996652E-03  -2.4085192E-03   6.5315650E-04   8.5183148E-04  -9.6171399E-05   2.9644286E-05   7.0906023E-04   5.2208040E-04   6.6164501E-03   8.1497910E-03   5.6087915E-07   6.7674910E-07
 -2.7799886E-06   1.5824471E-05  -1.7601798E-06   6.9321567E-06   4.5220583E-05   5.0248339E-05  -2.2507025E-05   6.4695654E-06  -6.8965698E-03   3.2722409E-04   3.1872093E-03  -2.1470972E-02   4.6159085E-02   3.4255412E-02   4.5070568E-02  -1.4975088E-03   6.7252763E-04  -1.0465271E-02   1.0019204E-02   2.2403880E-02  -3.0676031E-06  -6.3854569E-04   4.8652130E-03  -1.1450024E-03   8.1497910E-03   7.2179099E-02   2.4702322E-07   2.4282589E-06
  2.0967813E-09  -7.2986981E-09   1.5754334E-09   5.7909973E-08   9.9368095E-08   2.3864828E-07  -5.7745838E-08   1.4239201E-08  -1.5329930E-04   6.4155031E-06   9.2360764E-05   3.4285982E-03   7.9494257E-05   4.1384086E-04   3.8637781E-04  -4.1203444E-05   1.6645313E-04  -1.8193351E-04  -4.6645556E-05  -1.4965012E-06  -2.7125041E-07   1.9223597E-07  -5.8993390E-07   8.1310487E-07   5.6087915E-07   2.4702322E-07   3.5593849E-07   3.0753289E-09
 -2.0803775E-09   7.4002888E-09  -4.1245922E-10  -3.3450770E-08   6.0277768E-08  -1.2356977E-07  -1.1540705E-07  -3.5417345E-08   7.7824043E-04  -3.1267117E-06  -3.5323190E-05   6.5572752E-04   1.0086564E-04  -4.0076505E-04  -1.4092896E-03   6.1176562E-06  -1.9784447E-05  -4.8271098E-05   3.7286572E-04   8.3256669E-04  -7.2520057E-07  -4.4384258E-07   9.6190013E-07  -4.8384451E-07   6.7674910E-07   2.4282589E-06   3.0753289E-09   3.8828442E-07
