# omegabh2 omegach2 theta tau mnu nnu logA ns calPlanck acib217 xi asz143 aps100 aps143 aps143217 aps217 aksz kgal100 kgal143 kgal143217 kgal217 galfTE100 galfTE100143 galfTE100217 galfTE143 galfTE143217 galfTE217 cal0 cal2
  2.8564172E-08   2.0091603E-07  -1.8232145E-08   1.8014195E-07   7.9097416E-07   1.5825677E-05   9.9966941E-07   6.6337455E-07   1.5143737E-08   3.7154894E-05  -2.2322234E-06   1.5589002E-05   3.4710859E-05  -7.9466270E-06   2.0499940E-06  -4.3642466E-06  -5.9014417E-06   3.7479858E-06   2.6219204E-06   6.9923109E-06  -1.2888651E-05  -4.8582664E-08  -1.2097671E-07  -2.5608665E-07  -1.1636835E-07  -4.4581974E-07  -1.7820011E-06   3.0084868E-09  -6.4533313E-11
  2.0091603E-07   5.8979214E-06  -6.0636757E-07  -1.5270156E-06   8.0408333E-06   3.2118215E-04   1.1697464E-05   8.9175912E-06  -2.3834972E-07   1.7125976E-03  -2.6700618E-05  -1.3889014E-04   7.4016304E-03   3.9092161E-03   1.5180108E-03  -3.3208888E-04   6.3879886E-04  -5.8313945E-06   2.1179793E-04   4.0691263E-04  -1.4014277E-04   6.5594750E-07  -3.2752337E-07   2.6165861E-06  -1.8124666E-07  -2.8285520E-06   8.4063042E-06  -5.8131330E-09   3.5541112E-08
 -1.8232145E-08  -6.0636757E-07   1.4331726E-07   3.5312632E-08  -1.4592764E-06  -3.6236431E-05  -1.4294101E-06  -1.0480601E-06  -1.1664191E-09  -2.0258763E-04   3.1814945E-06   1.9532293E-05  -8.1721657E-04  -4.1654464E-04  -1.6866830E-04   6.5578909E-05  -6.5780028E-05  -6.0262244E-06  -2.1226414E-05  -3.3966610E-05   2.8085162E-05  -7.8236436E-08   6.7409418E-08  -5.2983714E-07   2.6255099E-08  -1.5138607E-07  -1.3612482E-06  -2.7914142E-09  -3.9412787E-09
  1.8014195E-07  -1.5270156E-06   3.5312632E-08   4.5344436E-05   4.8706688E-05   4.1484542E-05   8.3723395E-05   8.7791619E-06  -1.3384300E-06   2.9067189E-05   3.6164647E-05  -1.7463939E-05  -4.4747852E-03  -1.7985259E-03  -6.9051013E-04  -1.4816027E-03  -4.0256025E-04   2.5368970E-04  -1.7786558E-04  -5.1257843E-04  -1.1499830E-03  -3.0859720E-06  -4.4031716E-06  -5.4382931E-06  -1.0149635E-05   2.2016563E-06  -4.6354087E-05  -5.5286682E-08  -2.4469716E-08
  7.9097416E-07   8.0408333E-06  -1.4592764E-06   4.8706688E-05   1.3103117E-03   7.3781826E-04   1.2488685E-04   3.1403185E-05   2.1299557E-06   1.6500644E-03  -1.0833637E-04  -1.5980849E-03   1.0672635E-02   8.2663381E-03   8.0556026E-07  -8.9076965E-05   2.2840291E-03  -7.2834459E-04   1.4561684E-03   1.4988954E-03   3.2785668E-03  -3.9178408E-05  -1.7964671E-06  -4.2102981E-07   5.5805686E-05   3.0652475E-05  -1.7950740E-04  -4.0105325E-07   3.7677931E-07
  1.5825677E-05   3.2118215E-04  -3.6236431E-05   4.1484542E-05   7.3781826E-04   2.0501343E-02   9.0356688E-04   6.9920689E-04  -9.3852539E-06   1.1030340E-01  -2.0784704E-03  -7.6120328E-03   4.0680238E-01   2.1226682E-01   7.7100294E-02  -3.3504476E-02   3.7095098E-02   3.0584592E-03   1.1927168E-02   1.8020661E-02  -1.9887944E-02   3.8320998E-05  -6.1240590E-05   9.4683394E-06  -6.0595132E-05  -1.6127272E-04   7.5209667E-05  -7.3971106E-08   2.4349397E-06
  9.9966941E-07   1.1697464E-05  -1.4294101E-06   8.3723395E-05   1.2488685E-04   9.0356688E-04   2.1833674E-04   3.9290901E-05   8.8849681E-06   4.3267931E-03   1.0495345E-05  -1.7141397E-04   1.0374412E-02   6.8469020E-03   4.4404420E-03   1.6338813E-03  -2.2282459E-04   1.4504978E-04  -4.2219734E-04  -1.5633653E-04  -7.0036343E-04  -8.3377547E-06  -1.1756615E-05  -2.3557145E-06  -2.0253088E-05  -9.3187814E-06  -4.5131270E-05  -2.1454981E-08   1.1765207E-07
  6.6337455E-07   8.9175912E-06  -1.0480601E-06   8.7791619E-06   3.1403185E-05   6.9920689E-04   3.9290901E-05   3.7317626E-05  -2.3650231E-07   2.5432286E-04  -9.2367720E-06   4.9838118E-04  -6.7213765E-03   1.2524522E-03   3.4843011E-03   2.7370384E-03  -5.9725808E-04   6.7696121E-04   1.2740365E-04   1.1706011E-04  -4.4319449E-05  -9.6346530E-07  -3.5429519E-06  -2.5198453E-06  -5.2791448E-06  -5.3687001E-08  -6.9958917E-06  -8.4241752E-08   6.8782606E-09
  1.5143737E-08  -2.3834972E-07  -1.1664191E-09  -1.3384300E-06   2.1299557E-06  -9.3852539E-06   8.8849681E-06  -2.3650231E-07   5.9490790E-06   4.9310410E-04  -1.0369182E-05   1.2187340E-04   1.7940993E-03   1.0857872E-04   2.4105893E-04   1.3642951E-03  -1.9342926E-04  -8.3452964E-06  -2.8579786E-05   1.7955950E-04   1.1311389E-03  -1.4179863E-06  -6.5671052E-07   1.4951417E-06   2.4352881E-08  -1.5409098E-06   2.0044008E-05  -2.0749045E-08   3.6236660E-08
  3.7154894E-05   1.7125976E-03  -2.0258763E-04   2.9067189E-05   1.6500644E-03   1.1030340E-01   4.3267931E-03   2.5432286E-04   4.9310410E-04   4.4215729E+01  -4.0482260E-01  -6.0316777E-01   3.2239416E+01   1.9612982E+00  -1.2261268E+01  -5.4251637E+01  -3.0906184E-01  -6.9915601E-03   3.6078136E-01  -5.9396143E+00  -3.3390777E+01   1.1234290E-03  -2.8798151E-04   2.8282936E-03   3.0810668E-03  -4.8976773E-03   4.2642222E-03  -1.7800427E-04   6.7214876E-04
 -2.2322234E-06  -2.6700618E-05   3.1814945E-06   3.6164647E-05  -1.0833637E-04  -2.0784704E-03   1.0495345E-05  -9.2367720E-06  -1.0369182E-05  -4.0482260E-01   7.8681965E-02  -3.7349797E-02  -7.2999748E-01   8.8366654E-01   1.6580924E+00   6.3771289E-01   4.7831616E-02  -1.7824984E-03   6.9286337E-03   1.0841266E-01   1.5837040E-01  -3.5255736E-04  -1.3955315E-04   3.4448241E-04  -2.5661558E-04   4.8471942E-04   1.8548469E-03   1.5213854E-06  -4.7709757E-06
  1.5589002E-05  -1.3889014E-04   1.9532293E-05  -1.7463939E-05  -1.5980849E-03  -7.6120328E-03  -1.7141397E-04   4.9838118E-04   1.2187340E-04  -6.0316777E-01  -3.7349797E-02   3.7598024E+00  -2.9788727E+01  -3.4908969E+00   7.5560865E+00   5.0400837E+00  -2.5485302E+00  -2.6846598E-01   1.9136220E-01   2.4509139E+00   2.7664320E+00   4.8060507E-04   5.0427822E-04  -2.5251949E-03   6.8678986E-04   1.2611288E-03  -1.7767265E-04   1.0295895E-04  -5.5229929E-05
  3.4710859E-05   7.4016304E-03  -8.1721657E-04  -4.4747852E-03   1.0672635E-02   4.0680238E-01   1.0374412E-02  -6.7213765E-03   1.7940993E-03   3.2239416E+01  -7.2999748E-01  -2.9788727E+01   7.6608029E+02   6.8854552E+01  -5.7948386E+01  -5.7005718E+01   1.2668075E+01  -5.9289909E+00   4.9376503E+00  -1.0125589E+01  -1.6829323E+01   2.0181678E-02   4.2246754E-03   2.1758021E-02   3.7791969E-02   4.6341202E-03  -5.2605000E-02   3.7603412E-03   9.9659830E-04
 -7.9466270E-06   3.9092161E-03  -4.1654464E-04  -1.7985259E-03   8.2663381E-03   2.1226682E-01   6.8469020E-03   1.2524522E-03   1.0857872E-04   1.9612982E+00   8.8366654E-01  -3.4908969E+00   6.8854552E+01   6.1424232E+01   3.8687458E+01   1.3970808E+01  -4.0738893E+00  -4.6189480E-01  -1.5063553E+00   3.0674621E+00   3.7269517E+00  -3.9192347E-03  -1.4206289E-03   1.1742282E-03  -2.8798344E-04   7.4551974E-04   1.3635540E-02   7.7878690E-05   2.3145748E-04
  2.0499940E-06   1.5180108E-03  -1.6866830E-04  -6.9051013E-04   8.0556026E-07   7.7100294E-02   4.4404420E-03   3.4843011E-03   2.4105893E-04  -1.2261268E+01   1.6580924E+00   7.5560865E+00  -5.7948386E+01   3.8687458E+01   8.3905758E+01   5.1421966E+01  -1.0715422E+01  -8.8511489E-01  -5.8536216E-01   4.4604359E+00   6.8707468E+00  -4.5912082E-03  -5.5529560E-04  -5.9352588E-03  -2.3022505E-03   9.8440711E-03   1.6619782E-02   3.5849724E-04  -3.9362854E-04
 -4.3642466E-06  -3.3208888E-04   6.5578909E-05  -1.4816027E-03  -8.9076965E-05  -3.3504476E-02   1.6338813E-03   2.7370384E-03   1.3642951E-03  -5.4251637E+01   6.3771289E-01   5.0400837E+00  -5.7005718E+01   1.3970808E+01   5.1421966E+01   1.0220915E+02  -8.5334441E+00  -4.7124281E-01  -8.5534348E-01   5.5792856E+00   3.3054118E+01   1.8305101E-04   1.3264088E-04  -1.8780435E-02   3.3754599E-03   4.9653395E-03  -2.3049641E-02   4.4427391E-04  -1.2542988E-03
 -5.9014417E-06   6.3879886E-04  -6.5780028E-05  -4.0256025E-04   2.2840291E-03   3.7095098E-02  -2.2282459E-04  -5.9725808E-04  -1.9342926E-04  -3.0906184E-01   4.7831616E-02  -2.5485302E+00   1.2668075E+01  -4.0738893E+00  -1.0715422E+01  -8.5334441E+00   5.4761149E+00   1.1124264E-01  -2.6121366E-01  -1.9128226E+00  -1.9209406E+00  -1.0835930E-04  -2.1322394E-04   1.8630812E-03  -1.6341623E-03  -1.7741834E-03   4.7022756E-03  -8.8298587E-05  -1.1508904E-05
  3.7479858E-06  -5.8313945E-06  -6.0262244E-06   2.5368970E-04  -7.2834459E-04   3.0584592E-03   1.4504978E-04   6.7696121E-04  -8.3452964E-06  -6.9915601E-03  -1.7824984E-03  -2.6846598E-01  -5.9289909E+00  -4.6189480E-01  -8.8511489E-01  -4.7124281E-01   1.1124264E-01   3.3814137E+00   5.3360217E-01   4.8031417E-02   6.0806228E-02  -7.0780439E-04  -8.8108454E-04  -1.8083277E-03  -2.6696104E-03  -1.2144911E-03   3.5337520E-03   1.6271261E-04   2.2343660E-06
  2.6219204E-06   2.1179793E-04  -2.1226414E-05  -1.7786558E-04   1.4561684E-03   1.1927168E-02  -4.2219734E-04   1.2740365E-04  -2.8579786E-05   3.6078136E-01   6.9286337E-03   1.9136220E-01   4.9376503E+00  -1.5063553E+00  -5.8536216E-01  -8.5534348E-01  -2.6121366E-01   5.3360217E-01   3.1943004E+00   2.7963960E+00   2.9849258E+00   1.4417300E-03  -4.6631316E-04   1.8900296E-03  -1.6229776E-03   4.7280322E-03   1.6164816E-02  -1.9481603E-04  -2.1195560E-05
  6.9923109E-06   4.0691263E-04  -3.3966610E-05  -5.1257843E-04   1.4988954E-03   1.8020661E-02  -1.5633653E-04   1.1706011E-04   1.7955950E-04  -5.9396143E+00   1.0841266E-01   2.4509139E+00  -1.0125589E+01   3.0674621E+00   4.4604359E+00   5.5792856E+00  -1.9128226E+00   4.8031417E-02   2.7963960E+00   1.0821831E+01   1.9480007E+01  -3.0034617E-04  -4.5776243E-04   1.8541048E-03  -2.1546445E-03   6.6239875E-03   2.8779635E-02  -2.5340383E-05   4.6776552E-04
 -1.2888651E-05  -1.4014277E-04   2.8085162E-05  -1.1499830E-03   3.2785668E-03  -1.9887944E-02  -7.0036343E-04  -4.4319449E-05   1.1311389E-03  -3.3390777E+01   1.5837040E-01   2.7664320E+00  -1.6829323E+01   3.7269517E+00   6.8707468E+00   3.3054118E+01  -1.9209406E+00   6.0806228E-02   2.9849258E+00   1.9480007E+01   5.4178046E+01  -1.8094273E-03  -7.8604249E-05   4.5659770E-03  -6.0252949E-03   9.3740684E-03   4.1436705E-02   6.9622140E-05   1.0589781E-03
 -4.8582664E-08   6.5594750E-07  -7.8236436E-08  -3.0859720E-06  -3.9178408E-05   3.8320998E-05  -8.3377547E-06  -9.6346530E-07  -1.4179863E-06   1.1234290E-03  -3.5255736E-04   4.8060507E-04   2.0181678E-02  -3.9192347E-03  -4.5912082E-03   1.8305101E-04  -1.0835930E-04  -7.0780439E-04   1.4417300E-03  -3.0034617E-04  -1.8094273E-03   1.3899714E-03   2.7114680E-04   3.4377260E-05  -3.5107484E-04  -1.1856734E-04  -1.9305874E-04  -3.3671502E-07   2.2874993E-07
 -1.2097671E-07  -3.2752337E-07   6.7409418E-08  -4.4031716E-06  -1.7964671E-06  -6.1240590E-05  -1.1756615E-05  -3.5429519E-06  -6.5671052E-07  -2.8798151E-04  -1.3955315E-04   5.0427822E-04   4.2246754E-03  -1.4206289E-03  -5.5529560E-04   1.3264088E-04  -2.1322394E-04  -8.8108454E-04  -4.6631316E-04  -4.5776243E-04  -7.8604249E-05   2.7114680E-04   8.9321040E-04   5.3597750E-05   7.5563969E-04  -1.7586260E-05  -6.7327415E-04  -1.0530597E-07  -1.0444219E-07
 -2.5608665E-07   2.6165861E-06  -5.2983714E-07  -5.4382931E-06  -4.2102981E-07   9.4683394E-06  -2.3557145E-06  -2.5198453E-06   1.4951417E-06   2.8282936E-03   3.4448241E-04  -2.5251949E-03   2.1758021E-02   1.1742282E-03  -5.9352588E-03  -1.8780435E-02   1.8630812E-03  -1.8083277E-03   1.8900296E-03   1.8541048E-03   4.5659770E-03   3.4377260E-05   5.3597750E-05   7.1654067E-03  -2.9146712E-04   6.6676514E-04   4.6009858E-03  -1.5880436E-06   3.9751185E-07
 -1.1636835E-07  -1.8124666E-07   2.6255099E-08  -1.0149635E-05   5.5805686E-05  -6.0595132E-05  -2.0253088E-05  -5.2791448E-06   2.4352881E-08   3.0810668E-03  -2.5661558E-04   6.8678986E-04   3.7791969E-02  -2.8798344E-04  -2.3022505E-03   3.3754599E-03  -1.6341623E-03  -2.6696104E-03  -1.6229776E-03  -2.1546445E-03  -6.0252949E-03  -3.5107484E-04   7.5563969E-04  -2.9146712E-04   2.9480188E-03   4.5062716E-04  -8.9835854E-04   5.2998328E-07  -5.3509418E-07
 -4.4581974E-07  -2.8285520E-06  -1.5138607E-07   2.2016563E-06   3.0652475E-05  -1.6127272E-04  -9.3187814E-06  -5.3687001E-08  -1.5409098E-06  -4.8976773E-03   4.8471942E-04   1.2611288E-03   4.6341202E-03   7.4551974E-04   9.8440711E-03   4.9653395E-03  -1.7741834E-03  -1.2144911E-03   4.7280322E-03   6.6239875E-03   9.3740684E-03  -1.1856734E-04  -1.7586260E-05   6.6676514E-04   4.5062716E-04   6.4047768E-03   7.9728878E-03  -2.3830998E-07  -6.0551014E-07
 -1.7820011E-06   8.4063042E-06  -1.3612482E-06  -4.6354087E-05  -1.7950740E-04   7.5209667E-05  -4.5131270E-05  -6.9958917E-06   2.0044008E-05   4.2642222E-03   1.8548469E-03  -1.7767265E-04  -5.2605000E-02   1.3635540E-02   1.6619782E-02  -2.3049641E-02   4.7022756E-03   3.5337520E-03   1.6164816E-02   2.8779635E-02   4.1436705E-02  -1.9305874E-04  -6.7327415E-04   4.6009858E-03  -8.9835854E-04   7.9728878E-03   7.3492456E-02  -4.1444661E-06   4.5223202E-08
  3.0084868E-09  -5.8131330E-09  -2.7914142E-09  -5.5286682E-08  -4.0105325E-07  -7.3971106E-08  -2.1454981E-08  -8.4241752E-08  -2.0749045E-08  -1.7800427E-04   1.5213854E-06   1.0295895E-04   3.7603412E-03   7.7878690E-05   3.5849724E-04   4.4427391E-04  -8.8298587E-05   1.6271261E-04  -1.9481603E-04  -2.5340383E-05   6.9622140E-05  -3.3671502E-07  -1.0530597E-07  -1.5880436E-06   5.2998328E-07  -2.3830998E-07  -4.1444661E-06   3.6524070E-07   1.1711794E-09
 -6.4533313E-11   3.5541112E-08  -3.9412787E-09  -2.4469716E-08   3.7677931E-07   2.4349397E-06   1.1765207E-07   6.8782606E-09   3.6236660E-08   6.7214876E-04  -4.7709757E-06  -5.5229929E-05   9.9659830E-04   2.3145748E-04  -3.9362854E-04  -1.2542988E-03  -1.1508904E-05   2.2343660E-06  -2.1195560E-05   4.6776552E-04   1.0589781E-03   2.2874993E-07  -1.0444219E-07   3.9751185E-07  -5.3509418E-07  -6.0551014E-07   4.5223202E-08   1.1711794E-09   3.8448806E-07
