# omegabh2 omegach2 theta tau logA ns calPlanck aps100 aps143 aps217 acib217 asz143 psr cibr xi aksz dust100 dust143 dust217 dust143x217 cal0 cal2 calTE calEE
  2.0580335E-08  -4.6077258E-08   9.5342179E-09   2.1681537E-07   4.2828933E-07   1.7329504E-07   2.1131881E-08  -3.8585664E-04  -2.4153216E-04   8.7268937E-05  -1.0828601E-04   1.8992269E-05   9.4247854E-07  -1.8805073E-06   3.6017170E-07  -3.5086545E-05   2.8355181E-07  -6.0161002E-07   5.2767139E-07  -4.5424554E-07   1.5886346E-09  -5.1400879E-09  -1.0301308E-07  -2.4687839E-07
 -4.6077258E-08   8.6947682E-07  -4.8831293E-08  -1.9635167E-06  -2.5221926E-06  -1.8934373E-06  -2.6243135E-07   6.9510893E-04   3.9547214E-04  -2.4475009E-04   1.6922145E-04  -5.0232033E-05  -1.1701067E-06   6.9908622E-07   2.1708049E-06   9.3819378E-05   2.3624461E-06   7.7178234E-06  -2.5950995E-07   5.3239462E-06  -4.1857339E-08   1.4319977E-08  -1.4173578E-07  -5.1920555E-07
  9.5342179E-09  -4.8831293E-08   8.9035473E-08   1.5650550E-07   2.9881214E-07   2.4951257E-07   9.9946742E-09  -1.4802851E-04  -4.8412119E-06   1.6421599E-05   5.5526036E-06   1.2824440E-05  -5.2790457E-10   9.3405510E-07   4.4978561E-07  -1.7236826E-05  -5.3535808E-07   3.0527898E-08   1.3532188E-08  -6.7850097E-07  -4.2378906E-09  -1.4908693E-09  -7.1482764E-08   2.4063189E-09
  2.1681537E-07  -1.9635167E-06   1.5650550E-07   4.4985806E-05   8.2137316E-05   7.6208135E-06  -1.2044875E-06  -8.9591845E-03  -3.1034250E-03   2.4284023E-03  -2.9501004E-03   1.5037788E-04  -1.7821229E-06  -8.9545447E-06   6.5928542E-06  -8.0094678E-04  -2.0190070E-05  -2.8343935E-05   2.2172732E-05  -1.9361018E-05  -8.4867970E-08  -4.8277091E-08  -3.0271598E-06  -2.3868143E-06
  4.2828933E-07  -2.5221926E-06   2.9881214E-07   8.2137316E-05   1.8017240E-04   1.0224573E-05   9.8726033E-06  -8.1780489E-03  -3.3672011E-03   1.2650172E-02  -6.9653257E-03   1.4392030E-04   1.9727702E-05  -8.2773567E-05   5.8574495E-05  -2.3919296E-03  -4.4000853E-05  -1.3419120E-04   6.2420656E-05  -5.0417409E-05   4.3872347E-07  -2.2667945E-07  -6.3346351E-06  -3.2594340E-06
  1.7329504E-07  -1.8934373E-06   2.4951257E-07   7.6208135E-06   1.0224573E-05   1.4432515E-05   5.5780609E-07  -2.4412164E-02  -6.8855452E-03   9.3831738E-03  -6.0997643E-03   5.9042512E-04   6.7472885E-05  -1.2391098E-04   4.2523407E-05  -1.9551940E-03   8.9973459E-06  -4.6789598E-05   2.7275431E-05  -1.2931698E-05  -3.1991104E-07  -4.4362639E-07  -4.5510284E-07  -2.9221361E-06
  2.1131881E-08  -2.6243135E-07   9.9946742E-09  -1.2044875E-06   9.8726033E-06   5.5780609E-07   6.4163379E-06   4.5275961E-03   5.9422277E-04   1.5494883E-03   4.4090715E-04  -4.3948825E-05   8.4221466E-07  -9.9157159E-06  -7.1057644E-07  -3.3767269E-05   3.9650402E-06  -3.1065134E-06   3.3156339E-06  -3.8931027E-06   3.1982993E-08  -1.1075526E-07  -3.2604713E-07   1.7235158E-09
 -3.8585664E-04   6.9510893E-04  -1.4802851E-04  -8.9591845E-03  -8.1780489E-03  -2.4412164E-02   4.5275961E-03   5.9701677E+02   5.5542924E+01  -5.7687719E+01   3.0053814E+01  -2.4413320E+01  -8.5224176E-01  -1.6361692E-01  -3.1327611E-01   1.1349336E+01  -1.8145830E-01   3.3302476E-01  -2.0930897E-01  -8.1898912E-02   6.1760992E-03   3.2081578E-03   3.0542579E-03   7.6190537E-03
 -2.4153216E-04   3.9547214E-04  -4.8412119E-06  -3.1034250E-03  -3.3672011E-03  -6.8855452E-03   5.9422277E-04   5.5542924E+01   6.6603872E+01   9.5080423E+00   6.3738688E+00  -1.2232953E-02  -1.8678139E-02   4.7443865E-01   8.9924437E-01  -8.7445840E+00  -3.2142517E-02  -2.0571709E-01   5.4968785E-02   7.1357916E-02   6.1537020E-04   5.8218489E-04   1.3285918E-03   5.1818496E-03
  8.7268937E-05  -2.4475009E-04   1.6421599E-05   2.4284023E-03   1.2650172E-02   9.3831738E-03   1.5494883E-03  -5.7687719E+01   9.5080423E+00   1.7657958E+02  -8.3497389E+01   2.7927001E+00   3.1225867E-01  -1.0327146E+00   2.9467691E-01  -7.8822001E+00  -6.0707493E-02  -2.3887493E-01   5.8151293E-01   1.8821918E-02   1.4222221E-03  -7.6610833E-03   2.3616933E-03   3.4660302E-03
 -1.0828601E-04   1.6922145E-04   5.5526036E-06  -2.9501004E-03  -6.9653257E-03  -6.0997643E-03   4.4090715E-04   3.0053814E+01   6.3738688E+00  -8.3497389E+01   5.2274524E+01   1.7871000E+00  -1.6631092E-02   7.2109983E-01  -2.1694995E-01  -2.6448598E+00   3.3367984E-02   1.5124990E-01  -4.6853921E-01  -1.2884725E-01  -4.5088448E-04   3.0395019E-03  -8.3895855E-04   2.1958233E-04
  1.8992269E-05  -5.0232033E-05   1.2824440E-05   1.5037788E-04   1.4392030E-04   5.9042512E-04  -4.3948825E-05  -2.4413320E+01  -1.2232953E-02   2.7927001E+00   1.7871000E+00   4.3958179E+00   1.0213391E-01   1.6743761E-01  -3.5215897E-02  -3.6257958E+00   3.5437275E-04  -4.6228738E-04   7.5271043E-03   4.9106505E-02   4.8429252E-04  -2.5036799E-04  -2.0325465E-04  -2.1278842E-05
  9.4247854E-07  -1.1701067E-06  -5.2790457E-10  -1.7821229E-06   1.9727702E-05   6.7472885E-05   8.4221466E-07  -8.5224176E-01  -1.8678139E-02   3.1225867E-01  -1.6631092E-02   1.0213391E-01   1.6541876E-02  -1.6347500E-02   1.1592841E-02  -1.0750186E-01   1.8184218E-05  -9.0604305E-04  -3.1453693E-03   4.8189465E-03   1.5983440E-05  -3.9479041E-05   1.9301344E-05   3.3429791E-06
 -1.8805073E-06   6.9908622E-07   9.3405510E-07  -8.9545447E-06  -8.2773567E-05  -1.2391098E-04  -9.9157159E-06  -1.6361692E-01   4.7443865E-01  -1.0327146E+00   7.2109983E-01   1.6743761E-01  -1.6347500E-02   6.8700775E-02   4.7360708E-03  -1.6264204E-01   6.9301681E-04   6.6611694E-03  -1.5346393E-04  -1.7830995E-02  -5.7400487E-06   9.3659205E-05  -5.6534089E-05   1.3874586E-05
  3.6017170E-07   2.1708049E-06   4.4978561E-07   6.5928542E-06   5.8574495E-05   4.2523407E-05  -7.1057644E-07  -3.1327611E-01   8.9924437E-01   2.9467691E-01  -2.1694995E-01  -3.5215897E-02   1.1592841E-02   4.7360708E-03   8.2205693E-02   3.4813322E-02  -1.8465194E-08   1.6919498E-04   2.2030395E-04   2.0293169E-04   1.1075747E-05  -1.6775699E-05   5.7375908E-06   1.7772339E-05
 -3.5086545E-05   9.3819378E-05  -1.7236826E-05  -8.0094678E-04  -2.3919296E-03  -1.9551940E-03  -3.3767269E-05   1.1349336E+01  -8.7445840E+00  -7.8822001E+00  -2.6448598E+00  -3.6257958E+00  -1.0750186E-01  -1.6264204E-01   3.4813322E-02   7.4653446E+00  -6.2050121E-03  -8.0131872E-03  -3.1713277E-03  -4.8117446E-02  -3.3488251E-04   1.1523552E-04  -1.3240044E-04  -4.7500671E-04
  2.8355181E-07   2.3624461E-06  -5.3535808E-07  -2.0190070E-05  -4.4000853E-05   8.9973459E-06   3.9650402E-06  -1.8145830E-01  -3.2142517E-02  -6.0707493E-02   3.3367984E-02   3.5437275E-04   1.8184218E-05   6.9301681E-04  -1.8465194E-08  -6.2050121E-03   3.7762381E-02   3.3576983E-03  -2.3199839E-04   8.8181434E-04   3.5884093E-05  -7.0340259E-06  -2.1817535E-05  -2.6477676E-05
 -6.0161002E-07   7.7178234E-06   3.0527898E-08  -2.8343935E-05  -1.3419120E-04  -4.6789598E-05  -3.1065134E-06   3.3302476E-01  -2.0571709E-01  -2.3887493E-01   1.5124990E-01  -4.6228738E-04  -9.0604305E-04   6.6611694E-03   1.6919498E-04  -8.0131872E-03   3.3576983E-03   2.9338555E-02  -6.3017443E-04   5.1821517E-03  -7.1679191E-05  -4.1932306E-05  -6.4248770E-05  -8.4367856E-05
  5.2767139E-07  -2.5950995E-07   1.3532188E-08   2.2172732E-05   6.2420656E-05   2.7275431E-05   3.3156339E-06  -2.0930897E-01   5.4968785E-02   5.8151293E-01  -4.6853921E-01   7.5271043E-03  -3.1453693E-03  -1.5346393E-04   2.2030395E-04  -3.1713277E-03  -2.3199839E-04  -6.3017443E-04   1.1106468E-02   8.7571772E-03   3.9541953E-06   6.5057101E-05   7.1560322E-06  -5.1329055E-06
 -4.5424554E-07   5.3239462E-06  -6.7850097E-07  -1.9361018E-05  -5.0417409E-05  -1.2931698E-05  -3.8931027E-06  -8.1898912E-02   7.1357916E-02   1.8821918E-02  -1.2884725E-01   4.9106505E-02   4.8189465E-03  -1.7830995E-02   2.0293169E-04  -4.8117446E-02   8.8181434E-04   5.1821517E-03   8.7571772E-03   2.6668948E-02   1.8187333E-06   5.9056271E-05   5.0510407E-07  -2.0749876E-05
  1.5886346E-09  -4.1857339E-08  -4.2378906E-09  -8.4867970E-08   4.3872347E-07  -3.1991104E-07   3.1982993E-08   6.1760992E-03   6.1537020E-04   1.4222221E-03  -4.5088448E-04   4.8429252E-04   1.5983440E-05  -5.7400487E-06   1.1075747E-05  -3.3488251E-04   3.5884093E-05  -7.1679191E-05   3.9541953E-06   1.8187333E-06   1.0933853E-06   4.8019427E-08   3.4746894E-07   7.8064744E-07
 -5.1400879E-09   1.4319977E-08  -1.4908693E-09  -4.8277091E-08  -2.2667945E-07  -4.4362639E-07  -1.1075526E-07   3.2081578E-03   5.8218489E-04  -7.6610833E-03   3.0395019E-03  -2.5036799E-04  -3.9479041E-05   9.3659205E-05  -1.6775699E-05   1.1523552E-04  -7.0340259E-06  -4.1932306E-05   6.5057101E-05   5.9056271E-05   4.8019427E-08   2.5233134E-06   3.6106208E-07   1.3987729E-07
 -1.0301308E-07  -1.4173578E-07  -7.1482764E-08  -3.0271598E-06  -6.3346351E-06  -4.5510284E-07  -3.2604713E-07   3.0542579E-03   1.3285918E-03   2.3616933E-03  -8.3895855E-04  -2.0325465E-04   1.9301344E-05  -5.6534089E-05   5.7375908E-06  -1.3240044E-04  -2.1817535E-05  -6.4248770E-05   7.1560322E-06   5.0510407E-07   3.4746894E-07   3.6106208E-07   2.4584830E-05   8.3363939E-06
 -2.4687839E-07  -5.1920555E-07   2.4063189E-09  -2.3868143E-06  -3.2594340E-06  -2.9221361E-06   1.7235158E-09   7.6190537E-03   5.1818496E-03   3.4660302E-03   2.1958233E-04  -2.1278842E-05   3.3429791E-06   1.3874586E-05   1.7772339E-05  -4.7500671E-04  -2.6477676E-05  -8.4367856E-05  -5.1329055E-06  -2.0749876E-05   7.8064744E-07   1.3987729E-07   8.3363939E-06   2.4061235E-05
