# omegabh2 omegach2 theta tau yhe logA ns calPlanck acib217 xi asz143 aps100 aps143 aps143217 aps217 aksz kgal100 kgal143 kgal143217 kgal217 cal0 cal2
  6.1746368E-08  -4.6688265E-08   1.1311972E-07   2.9566914E-07   2.7879688E-06   1.3120632E-06   1.3504060E-06   1.5439016E-08   8.1185639E-05  -5.1726366E-07  -3.0879075E-06   2.8313566E-04   1.7987179E-04   1.0759000E-04   2.7221100E-05   1.8417873E-05   1.8623251E-05   1.0850784E-05   1.5865147E-05  -4.7696676E-06  -3.9241091E-09   2.8576028E-09
 -4.6688265E-08   1.5364506E-06  -1.5893960E-09  -1.3436372E-06   1.8053172E-06   1.3244368E-06  -2.5144189E-06  -1.2482793E-07   1.1842260E-04  -5.4541487E-06   8.5030717E-06  -1.8885948E-04   6.2440568E-04   4.8956301E-04   4.4814116E-04   1.4327441E-05  -3.7539255E-05  -2.0775884E-05   2.8871978E-05   6.7691712E-06  -2.4114384E-08   1.6107022E-08
  1.1311972E-07  -1.5893960E-09   5.4237679E-07   5.0409810E-07   1.1148320E-05   3.9551038E-06   4.6148113E-06  -2.3634259E-08   8.5757248E-04  -1.6142582E-05  -2.0550800E-04   3.7002625E-03   2.4154026E-03   8.8423038E-04   1.5505567E-04   3.5062344E-04   5.6948886E-05   6.8613688E-05   5.9593810E-05  -1.8483219E-04  -2.0875109E-08   1.9188139E-08
  2.9566914E-07  -1.3436372E-06   5.0409810E-07   6.1281691E-05   7.5742068E-06   1.2051210E-04   9.6348045E-06  -2.2315034E-07  -8.8934633E-04   4.6357566E-06   1.4071196E-04  -6.9876057E-03  -4.0534504E-03  -2.3094137E-03  -1.0128428E-03  -5.8581354E-04   3.7969430E-04  -6.6410261E-05  -4.4046797E-05   3.4436215E-04  -7.4297971E-08   3.1529077E-08
  2.7879688E-06   1.8053172E-06   1.1148320E-05   7.5742068E-06   3.4187233E-04   1.0418093E-04   1.3070253E-04  -1.0080469E-06   2.4454833E-02  -5.1560219E-04  -6.2888825E-03   1.1553753E-01   7.5086448E-02   2.8371982E-02   8.5203743E-03   1.0623360E-02   1.8183936E-03   1.7886727E-03   1.8396438E-03  -4.7248080E-03  -4.0001754E-07   6.6506615E-07
  1.3120632E-06   1.3244368E-06   3.9551038E-06   1.2051210E-04   1.0418093E-04   2.9664783E-04   4.4477576E-05   1.1225663E-05   3.3221260E-03  -8.1173140E-05  -1.2775408E-03   1.7793437E-02   1.2858370E-02   6.3826475E-03   8.6268436E-03   4.8608198E-04   8.0882582E-04  -2.1296433E-04  -5.7273068E-05   1.2601654E-03  -2.3086113E-07   1.9433517E-07
  1.3504060E-06  -2.5144189E-06   4.6148113E-06   9.6348045E-06   1.3070253E-04   4.4477576E-05   6.7917182E-05   6.7095560E-08   5.6050070E-03  -1.1809436E-04  -1.3384365E-03   2.0515731E-02   2.0654972E-02   1.1381874E-02   6.6084448E-03   1.6937843E-03   1.2041961E-03   3.3818211E-04   7.7510883E-05  -1.4579347E-03  -2.3162322E-07   1.0840153E-07
  1.5439016E-08  -1.2482793E-07  -2.3634259E-08  -2.2315034E-07  -1.0080469E-06   1.1225663E-05   6.7095560E-08   6.0871443E-06   3.3675262E-04  -3.3512407E-06  -3.8597389E-05   3.8627359E-03   7.2017424E-06   1.7202610E-04   1.8048045E-03  -8.3580507E-05   3.1689248E-05   4.7938148E-05  -1.2991955E-04   6.1508908E-04  -4.6448733E-08  -3.2460917E-08
  8.1185639E-05   1.1842260E-04   8.5757248E-04  -8.8934633E-04   2.4454833E-02   3.3221260E-03   5.6050070E-03   3.3675262E-04   4.7332601E+01  -4.7462598E-01  -1.0876734E+00   4.2963901E+01   6.7479767E+00  -1.1658827E+01  -5.5518507E+01   3.3740802E-01   2.7014490E-01   1.0135988E+00  -5.2661972E+00  -3.3290294E+01  -2.7565087E-04   8.2950406E-04
 -5.1726366E-07  -5.4541487E-06  -1.6142582E-05   4.6357566E-06  -5.1560219E-04  -8.1173140E-05  -1.1809436E-04  -3.3512407E-06  -4.7462598E-01   8.3279861E-02  -3.3382198E-02  -6.2525773E-01   7.8325527E-01   1.5704414E+00   6.6268038E-01   2.7901918E-02  -1.1963009E-02   9.3192931E-03   1.1727562E-01   1.8388399E-01   3.5902303E-06  -5.6730633E-06
 -3.0879075E-06   8.5030717E-06  -2.0550800E-04   1.4071196E-04  -6.2888825E-03  -1.2775408E-03  -1.3384365E-03  -3.8597389E-05  -1.0876734E+00  -3.3382198E-02   4.1523295E+00  -3.3135136E+01  -4.7016230E+00   7.6503064E+00   5.2859070E+00  -3.3150642E+00  -2.3475664E-01   1.5164308E-01   2.6872300E+00   3.3053026E+00   1.2229914E-04  -5.2688384E-05
  2.8313566E-04  -1.8885948E-04   3.7002625E-03  -6.9876057E-03   1.1553753E-01   1.7793437E-02   2.0515731E-02   3.8627359E-03   4.2963901E+01  -6.2525773E-01  -3.3135136E+01   8.0633757E+02   1.0243294E+02  -4.0528922E+01  -5.0916296E+01   1.8908497E+01  -6.3617230E+00   5.9873180E+00  -1.2264016E+01  -2.7170080E+01   3.1708790E-03   7.7056800E-04
  1.7987179E-04   6.2440568E-04   2.4154026E-03  -4.0534504E-03   7.5086448E-02   1.2858370E-02   2.0654972E-02   7.2017424E-06   6.7479767E+00   7.8325527E-01  -4.7016230E+00   1.0243294E+02   8.3693093E+01   4.9594543E+01   2.1313270E+01  -2.9974609E+00  -1.1122759E-01  -7.2642271E-01   4.3737046E+00   4.2465991E+00   1.3600171E-04   2.2461337E-04
  1.0759000E-04   4.8956301E-04   8.8423038E-04  -2.3094137E-03   2.8371982E-02   6.3826475E-03   1.1381874E-02   1.7202610E-04  -1.1658827E+01   1.5704414E+00   7.6503064E+00  -4.0528922E+01   4.9594543E+01   8.9340337E+01   5.8378492E+01  -1.2400129E+01  -8.6479114E-01  -4.8999140E-01   5.6321577E+00   8.7615029E+00   4.6646058E-04  -4.2037895E-04
  2.7221100E-05   4.4814116E-04   1.5505567E-04  -1.0128428E-03   8.5203743E-03   8.6268436E-03   6.6084448E-03   1.8048045E-03  -5.5518507E+01   6.6268038E-01   5.2859070E+00  -5.0916296E+01   2.1313270E+01   5.8378492E+01   1.0900008E+02  -9.8790296E+00  -7.2286431E-01  -1.4469048E+00   5.4367316E+00   3.3334776E+01   5.3986335E-04  -1.4571590E-03
  1.8417873E-05   1.4327441E-05   3.5062344E-04  -5.8581354E-04   1.0623360E-02   4.8608198E-04   1.6937843E-03  -8.3580507E-05   3.3740802E-01   2.7901918E-02  -3.3150642E+00   1.8908497E+01  -2.9974609E+00  -1.2400129E+01  -9.8790296E+00   6.9797199E+00   1.7006655E-01  -2.0730814E-01  -2.2842111E+00  -2.5366929E+00  -9.7979323E-05   4.4389528E-05
  1.8623251E-05  -3.7539255E-05   5.6948886E-05   3.7969430E-04   1.8183936E-03   8.0882582E-04   1.2041961E-03   3.1689248E-05   2.7014490E-01  -1.1963009E-02  -2.3475664E-01  -6.3617230E+00  -1.1122759E-01  -8.6479114E-01  -7.2286431E-01   1.7006655E-01   3.3682459E+00   5.5283448E-01   2.5221590E-01   3.0524756E-01   1.6942998E-04   1.2487670E-05
  1.0850784E-05  -2.0775884E-05   6.8613688E-05  -6.6410261E-05   1.7886727E-03  -2.1296433E-04   3.3818211E-04   4.7938148E-05   1.0135988E+00   9.3192931E-03   1.5164308E-01   5.9873180E+00  -7.2642271E-01  -4.8999140E-01  -1.4469048E+00  -2.0730814E-01   5.5283448E-01   3.2651587E+00   2.8168274E+00   2.5712610E+00  -2.1636002E-04  -5.0798407E-05
  1.5865147E-05   2.8871978E-05   5.9593810E-05  -4.4046797E-05   1.8396438E-03  -5.7273068E-05   7.7510883E-05  -1.2991955E-04  -5.2661972E+00   1.1727562E-01   2.6872300E+00  -1.2264016E+01   4.3737046E+00   5.6321577E+00   5.4367316E+00  -2.2842111E+00   2.5221590E-01   2.8168274E+00   1.0821454E+01   1.8918639E+01  -2.6494094E-05   3.8032911E-04
 -4.7696676E-06   6.7691712E-06  -1.8483219E-04   3.4436215E-04  -4.7248080E-03   1.2601654E-03  -1.4579347E-03   6.1508908E-04  -3.3290294E+01   1.8388399E-01   3.3053026E+00  -2.7170080E+01   4.2465991E+00   8.7615029E+00   3.3334776E+01  -2.5366929E+00   3.0524756E-01   2.5712610E+00   1.8918639E+01   5.2635915E+01   1.1443609E-04   8.5290839E-04
 -3.9241091E-09  -2.4114384E-08  -2.0875109E-08  -7.4297971E-08  -4.0001754E-07  -2.3086113E-07  -2.3162322E-07  -4.6448733E-08  -2.7565087E-04   3.5902303E-06   1.2229914E-04   3.1708790E-03   1.3600171E-04   4.6646058E-04   5.3986335E-04  -9.7979323E-05   1.6942998E-04  -2.1636002E-04  -2.6494094E-05   1.1443609E-04   3.8618863E-07   3.5574703E-09
  2.8576028E-09   1.6107022E-08   1.9188139E-08   3.1529077E-08   6.6506615E-07   1.9433517E-07   1.0840153E-07  -3.2460917E-08   8.2950406E-04  -5.6730633E-06  -5.2688384E-05   7.7056800E-04   2.2461337E-04  -4.2037895E-04  -1.4571590E-03   4.4389528E-05   1.2487670E-05  -5.0798407E-05   3.8032911E-04   8.5290839E-04   3.5574703E-09   3.8687586E-07
