# omegabh2 omegach2 theta tau w logA ns calPlanck acib217 xi asz143 aps100 aps143 aps143217 aps217 aksz kgal100 kgal143 kgal143217 kgal217 cal0 cal2
  3.8382633E-08  -1.0161528E-07   2.7863806E-08   2.2959939E-07   2.2237114E-06   3.6498990E-07   3.6147066E-07   2.6121887E-08  -1.3400483E-04   2.0521577E-06   3.9136284E-05  -6.3551584E-04  -4.2674846E-04  -1.4592865E-04  -1.7338342E-05  -5.3802231E-05   5.0651481E-06  -5.5138406E-06  -1.8055255E-05   2.3052918E-05   1.3760441E-09  -2.3848208E-09
 -1.0161528E-07   2.2655629E-06  -1.6128354E-07  -1.8705014E-06  -3.4854931E-05   1.5375883E-06  -4.9443975E-06  -1.1659892E-07   1.4386395E-04   5.4838875E-06  -4.4822641E-05   6.9081423E-04   7.8584765E-04   6.1259668E-04   3.1225871E-04   1.7231016E-05  -1.4402114E-05  -2.1280006E-05  -5.2157984E-05  -2.1033695E-04  -1.3226997E-09  -9.6615754E-09
  2.7863806E-08  -1.6128354E-07   1.9003160E-07   2.3062100E-07   4.5033386E-06   2.8855062E-07   6.4655805E-07   1.6679014E-08   1.0495996E-05  -1.5111837E-06   4.7860525E-06  -2.2296662E-04  -1.3648451E-04  -9.1698260E-05  -7.7225585E-05  -6.2047356E-06   4.1547505E-07  -1.3606362E-05  -3.2601304E-05  -4.5395153E-05  -1.9821226E-09   2.3823860E-10
  2.2959939E-07  -1.8705014E-06   2.3062100E-07   4.6177396E-05   2.9819076E-05   8.7984965E-05   6.3529530E-06   7.4996669E-09  -1.7728396E-03   5.1447322E-05   1.3715133E-04  -5.4928337E-03  -3.4683327E-03  -1.3442102E-03  -7.0820439E-05  -4.6966788E-04  -1.7614068E-04  -1.2409741E-04  -1.5299008E-04   3.5301953E-04  -4.1043733E-08  -5.0745544E-08
  2.2237114E-06  -3.4854931E-05   4.5033386E-06   2.9819076E-05   1.1690084E-03  -1.4436412E-05   7.8297297E-05   3.4669259E-06   1.6616870E-04  -8.1435088E-05   1.7765869E-03  -1.3827274E-02  -1.6657506E-02  -8.6148600E-03  -7.9299684E-03  -1.4393840E-03   7.9258919E-04   5.6632802E-04   5.7912871E-04   1.6334586E-03   1.2280424E-07   1.7479587E-08
  3.6498990E-07   1.5375883E-06   2.8855062E-07   8.7984965E-05  -1.4436412E-05   2.0827205E-04  -3.3168100E-07   1.2089707E-05  -3.6240073E-03   1.5551934E-04   2.5728807E-04  -7.0920268E-03  -4.2823972E-03   1.2879717E-03   6.5017759E-03  -1.8399481E-03  -7.1052520E-04  -1.0054946E-03  -1.1318226E-03   1.4577700E-03   1.3061964E-07  -1.5076746E-07
  3.6147066E-07  -4.9443975E-06   6.4655805E-07   6.3529530E-06   7.8297297E-05  -3.3168100E-07   2.1748716E-05   3.3980043E-07  -4.6629376E-03   7.2002709E-05   1.1032600E-03  -2.4186566E-02  -7.9168785E-03   7.5592111E-04   4.4808207E-03  -2.4810414E-03   3.6271553E-04  -2.9999413E-04  -3.2987458E-04   1.6951130E-03  -1.2302442E-07  -5.9296515E-08
  2.6121887E-08  -1.1659892E-07   1.6679014E-08   7.4996669E-09   3.4669259E-06   1.2089707E-05   3.3980043E-07   6.1051922E-06   7.2391315E-04  -2.3986623E-06   4.0473900E-05   3.4361752E-03   4.2136138E-04   3.5515637E-04   1.1424098E-03  -5.5023039E-05   5.2698954E-06  -4.4139034E-05  -6.4961835E-05   6.4530657E-04   2.3441620E-08  -1.1340463E-08
 -1.3400483E-04   1.4386395E-04   1.0495996E-05  -1.7728396E-03   1.6616870E-04  -3.6240073E-03  -4.6629376E-03   7.2391315E-04   4.5336903E+01  -4.0301345E-01  -9.7928364E-01   3.8023727E+01   3.0146307E+00  -1.3632396E+01  -5.6011980E+01   8.7653177E-03   2.7482107E-01   6.6081344E-01  -5.5438436E+00  -3.3450139E+01  -2.0801503E-04   7.4283760E-04
  2.0521577E-06   5.4838875E-06  -1.5111837E-06   5.1447322E-05  -8.1435088E-05   1.5551934E-04   7.2002709E-05  -2.3986623E-06  -4.0301345E-01   8.2084109E-02  -5.0472434E-02  -5.3268068E-01   8.7992770E-01   1.6308995E+00   6.1973213E-01   5.8166202E-02  -2.4758079E-03   7.9512218E-03   1.0248770E-01   1.4390529E-01   3.1893862E-06  -6.0211634E-07
  3.9136284E-05  -4.4822641E-05   4.7860525E-06   1.3715133E-04   1.7765869E-03   2.5728807E-04   1.1032600E-03   4.0473900E-05  -9.7928364E-01  -5.0472434E-02   3.9030071E+00  -3.0368362E+01  -3.2810485E+00   7.7747148E+00   5.6954162E+00  -2.9398077E+00  -1.3821301E-01   1.2495686E-01   2.6555024E+00   3.4272595E+00   1.0838412E-04  -4.3842889E-05
 -6.3551584E-04   6.9081423E-04  -2.2296662E-04  -5.4928337E-03  -1.3827274E-02  -7.0920268E-03  -2.4186566E-02   3.4361752E-03   3.8023727E+01  -5.3268068E-01  -3.0368362E+01   7.8210635E+02   7.0893042E+01  -5.3947310E+01  -6.2151463E+01   1.4473030E+01  -6.8126022E+00   5.8458783E+00  -1.1649414E+01  -2.5185415E+01   3.8497428E-03   6.3924254E-04
 -4.2674846E-04   7.8584765E-04  -1.3648451E-04  -3.4683327E-03  -1.6657506E-02  -4.2823972E-03  -7.9168785E-03   4.2136138E-04   3.0146307E+00   8.7992770E-01  -3.2810485E+00   7.0893042E+01   6.2604682E+01   4.0301006E+01   1.4808598E+01  -4.8281024E+00  -4.5334007E-01  -1.2935112E+00   3.5541523E+00   3.5718783E+00   7.6185544E-05   1.6930748E-04
 -1.4592865E-04   6.1259668E-04  -9.1698260E-05  -1.3442102E-03  -8.6148600E-03   1.2879717E-03   7.5592111E-04   3.5515637E-04  -1.3632396E+01   1.6308995E+00   7.7747148E+00  -5.3947310E+01   4.0301006E+01   8.4952956E+01   5.4966682E+01  -1.2374437E+01  -5.5395218E-01  -8.3010280E-01   4.9843091E+00   8.8039549E+00   4.1093122E-04  -3.7192484E-04
 -1.7338342E-05   3.1225871E-04  -7.7225585E-05  -7.0820439E-05  -7.9299684E-03   6.5017759E-03   4.4808207E-03   1.1424098E-03  -5.6011980E+01   6.1973213E-01   5.6954162E+00  -6.2151463E+01   1.4808598E+01   5.4966682E+01   1.0622538E+02  -9.9586721E+00  -6.6938001E-01  -1.4499166E+00   5.3335704E+00   3.3988900E+01   4.7585531E-04  -1.3868728E-03
 -5.3802231E-05   1.7231016E-05  -6.2047356E-06  -4.6966788E-04  -1.4393840E-03  -1.8399481E-03  -2.4810414E-03  -5.5023039E-05   8.7653177E-03   5.8166202E-02  -2.9398077E+00   1.4473030E+01  -4.8281024E+00  -1.2374437E+01  -9.9586721E+00   6.3602635E+00   4.9066516E-02  -1.8096779E-01  -2.2150298E+00  -2.6156611E+00  -7.3021307E-05   6.3895107E-06
  5.0651481E-06  -1.4402114E-05   4.1547505E-07  -1.7614068E-04   7.9258919E-04  -7.1052520E-04   3.6271553E-04   5.2698954E-06   2.7482107E-01  -2.4758079E-03  -1.3821301E-01  -6.8126022E+00  -4.5334007E-01  -5.5395218E-01  -6.6938001E-01   4.9066516E-02   3.3121511E+00   5.4592553E-01   1.6750368E-01   2.1599767E-02   1.6980661E-04  -1.6599810E-06
 -5.5138406E-06  -2.1280006E-05  -1.3606362E-05  -1.2409741E-04   5.6632802E-04  -1.0054946E-03  -2.9999413E-04  -4.4139034E-05   6.6081344E-01   7.9512218E-03   1.2495686E-01   5.8458783E+00  -1.2935112E+00  -8.3010280E-01  -1.4499166E+00  -1.8096779E-01   5.4592553E-01   3.2007345E+00   2.7325367E+00   2.6676401E+00  -1.8402880E-04  -3.3155560E-05
 -1.8055255E-05  -5.2157984E-05  -3.2601304E-05  -1.5299008E-04   5.7912871E-04  -1.1318226E-03  -3.2987458E-04  -6.4961835E-05  -5.5438436E+00   1.0248770E-01   2.6555024E+00  -1.1649414E+01   3.5541523E+00   4.9843091E+00   5.3335704E+00  -2.2150298E+00   1.6750368E-01   2.7325367E+00   1.0871843E+01   1.9225347E+01  -9.4150256E-06   4.2111925E-04
  2.3052918E-05  -2.1033695E-04  -4.5395153E-05   3.5301953E-04   1.6334586E-03   1.4577700E-03   1.6951130E-03   6.4530657E-04  -3.3450139E+01   1.4390529E-01   3.4272595E+00  -2.5185415E+01   3.5718783E+00   8.8039549E+00   3.3988900E+01  -2.6156611E+00   2.1599767E-02   2.6676401E+00   1.9225347E+01   5.3561818E+01   1.0387134E-04   9.1837684E-04
  1.3760441E-09  -1.3226997E-09  -1.9821226E-09  -4.1043733E-08   1.2280424E-07   1.3061964E-07  -1.2302442E-07   2.3441620E-08  -2.0801503E-04   3.1893862E-06   1.0838412E-04   3.8497428E-03   7.6185544E-05   4.1093122E-04   4.7585531E-04  -7.3021307E-05   1.6980661E-04  -1.8402880E-04  -9.4150256E-06   1.0387134E-04   3.8090831E-07   2.4977003E-09
 -2.3848208E-09  -9.6615754E-09   2.3823860E-10  -5.0745544E-08   1.7479587E-08  -1.5076746E-07  -5.9296515E-08  -1.1340463E-08   7.4283760E-04  -6.0211634E-07  -4.3842889E-05   6.3924254E-04   1.6930748E-04  -3.7192484E-04  -1.3868728E-03   6.3895107E-06  -1.6599810E-06  -3.3155560E-05   4.2111925E-04   9.1837684E-04   2.4977003E-09   3.8963763E-07
