# omegabh2 omegach2 theta tau mnu logA ns calPlanck acib217 xi asz143 aps100 aps143 aps143217 aps217 aksz kgal100 kgal143 kgal143217 kgal217 galfTE100 galfTE100143 galfTE100217 galfTE143 galfTE143217 galfTE217 cal0 cal2
  2.0059913E-08  -8.4937926E-08   1.3524718E-08   2.1807697E-07  -4.1508829E-07   3.6845927E-07   2.2350226E-07   2.7982616E-08  -2.7266326E-05   6.9725452E-07   1.2867963E-05  -2.6098331E-04  -1.9092677E-04  -7.9920063E-05  -2.7216800E-05  -2.5373752E-05  -9.9019195E-06  -9.0872402E-06  -2.6643005E-05  -5.1856954E-05   1.5730227E-07  -1.3505356E-07   1.0922338E-06  -5.2424467E-07  -2.6274409E-07  -1.2104411E-06   1.0577249E-09  -2.6482949E-09
 -8.4937926E-08   1.4641567E-06  -1.0766810E-07  -2.2364589E-06   7.3085393E-07  -1.0057928E-06  -3.4705926E-06  -5.3952587E-08  -9.8194008E-05  -1.1446176E-05   3.3285509E-05   8.7604278E-04   8.8062734E-04   4.5255659E-04   4.6422905E-04  -9.5287796E-05   3.8945224E-05  -1.8383448E-05   2.8935569E-04   6.8318616E-04  -1.2403133E-06   8.7562304E-07  -1.2767540E-06   3.2023773E-06   2.2348441E-06   4.0954587E-06   4.8527405E-09   7.9474114E-09
  1.3524718E-08  -1.0766810E-07   8.7044971E-08   4.0142549E-07  -7.4152609E-07   6.2614596E-07   3.6514992E-07  -4.7642055E-09   1.9791270E-05   5.5505835E-06  -3.2107904E-05   5.0595720E-04   5.1120194E-05  -2.3528408E-05  -8.3591770E-05   1.1026560E-05   2.0990012E-05   7.5693117E-06  -1.9458937E-05  -6.5642303E-05   2.5262406E-07   1.4958760E-07   1.1813460E-06  -3.0407976E-07  -7.5157312E-08  -4.5291193E-06   7.9506874E-09  -1.2314081E-09
  2.1807697E-07  -2.2364589E-06   4.0142549E-07   6.1768512E-05   8.8866086E-06   1.2013448E-04   7.7432868E-06   9.8069739E-07  -9.4011762E-04   4.8337112E-05  -6.3257119E-04  -8.8309323E-04  -1.7492806E-03  -2.2265810E-03  -1.0171797E-03  -3.2421493E-04   7.5123919E-05  -7.3580764E-04  -1.3506446E-03  -1.3040187E-03  -3.5183653E-06   1.7435615E-06  -6.5061137E-06   1.9632377E-05  -5.9954729E-06  -1.1523455E-04   6.2585216E-08  -1.3304087E-07
 -4.1508829E-07   7.3085393E-07  -7.4152609E-07   8.8866086E-06   9.8700685E-04   2.0499709E-05   1.3748306E-06   3.3239585E-06   1.1636640E-03   6.1821430E-05  -5.8587830E-04   7.4288707E-03   7.3568973E-03   3.7166898E-03  -2.6235091E-03  -2.9614077E-04   2.3756720E-03   1.4708087E-03   3.3828916E-03   8.5281572E-03  -3.8910007E-05   2.5892542E-06  -1.0150896E-04   4.7954000E-05  -1.2637872E-04  -1.7789117E-04  -7.8361490E-07   5.6950477E-07
  3.6845927E-07  -1.0057928E-06   6.2614596E-07   1.2013448E-04   2.0499709E-05   2.6928063E-04   6.2868076E-06   1.3835327E-05  -4.0345456E-03   1.4653819E-04  -1.2743321E-03  -2.0753426E-03  -1.5245162E-03  -5.8026024E-04   6.3260812E-03  -1.3257018E-03  -2.0086641E-04  -2.2873888E-03  -2.9343560E-03   5.5041045E-04  -3.0163543E-06   8.2360844E-06  -1.3805443E-05   4.5832862E-05  -1.7516403E-05  -2.1511985E-04   2.9212148E-07  -2.1828268E-07
  2.2350226E-07  -3.4705926E-06   3.6514992E-07   7.7432868E-06   1.3748306E-06   6.2868076E-06   1.6361327E-05   3.2483330E-07  -1.6522386E-03   9.9097234E-05   5.1578950E-04  -1.6503653E-02  -5.6105746E-03   7.3682691E-04   1.5319854E-03  -1.5280832E-03  -1.3920630E-05  -1.8216866E-04  -1.3812307E-03  -2.2097145E-03   1.6836334E-06  -2.8898025E-06   7.4925171E-06  -5.1817452E-06  -5.3140691E-06  -7.5162211E-06  -1.1787349E-07  -1.1381193E-07
  2.7982616E-08  -5.3952587E-08  -4.7642055E-09   9.8069739E-07   3.3239585E-06   1.3835327E-05   3.2483330E-07   5.9415566E-06   2.3145697E-04   1.7379434E-05   2.2057140E-06   5.3043286E-04  -1.7905678E-04   4.3986990E-04   1.5368885E-03   1.7146391E-04  -1.1290733E-04  -5.9573259E-05  -2.7275788E-04   3.6185983E-04   2.2455719E-06   5.3115092E-07  -4.2925364E-06  -1.3381859E-07  -4.3364350E-06   7.8430453E-06  -7.8571441E-09  -3.7984390E-09
 -2.7266326E-05  -9.8194008E-05   1.9791270E-05  -9.4011762E-04   1.1636640E-03  -4.0345456E-03  -1.6522386E-03   2.3145697E-04   4.4671517E+01  -3.3301547E-01  -8.5551367E-01   3.3132145E+01   1.5000041E+00  -1.2457447E+01  -5.5147996E+01  -6.2685454E-01   8.7349020E-02   7.1227380E-01  -6.2555115E+00  -3.5259701E+01  -1.6849509E-03  -1.0911132E-02  -2.5143826E-03  -8.4093680E-04  -5.2717352E-03   1.7039094E-02  -3.2346127E-04   5.0973902E-04
  6.9725452E-07  -1.1446176E-05   5.5505835E-06   4.8337112E-05   6.1821430E-05   1.4653819E-04   9.9097234E-05   1.7379434E-05  -3.3301547E-01   7.8440554E-02  -5.6775740E-02  -2.8604614E-01   9.8237019E-01   1.6693817E+00   5.8033221E-01   5.1151669E-02   2.1722943E-02   1.1106887E-02   9.9877900E-02   1.3132818E-01  -1.6790047E-04   2.0531672E-04   5.0128867E-04   4.9451410E-04   3.1638770E-04  -1.7917237E-03   1.0180199E-05   8.5258394E-06
  1.2867963E-05   3.3285509E-05  -3.2107904E-05  -6.3257119E-04  -5.8587830E-04  -1.2743321E-03   5.1578950E-04   2.2057140E-06  -8.5551367E-01  -5.6775740E-02   3.8342886E+00  -2.8478519E+01  -2.7572278E+00   7.6116088E+00   5.4042384E+00  -2.7247513E+00  -3.4990194E-01   2.3745838E-01   2.7864970E+00   3.5125346E+00   2.7063051E-04  -2.9201704E-04   1.5779327E-03  -3.6345486E-04   1.9028936E-03   7.8043662E-03   6.6737443E-05  -6.6718543E-05
 -2.6098331E-04   8.7604278E-04   5.0595720E-04  -8.8309323E-04   7.4288707E-03  -2.0753426E-03  -1.6503653E-02   5.3043286E-04   3.3132145E+01  -2.8604614E-01  -2.8478519E+01   7.2708568E+02   6.6763359E+01  -4.6230562E+01  -5.7350005E+01   1.0242119E+01  -4.1110134E+00   6.3274257E+00  -8.7714965E+00  -1.9746002E+01   1.0536865E-02  -5.3625647E-03  -3.6089076E-02   4.0626517E-02   1.0476655E-02  -1.5138686E-01   3.8722320E-03   5.9979421E-04
 -1.9092677E-04   8.8062734E-04   5.1120194E-05  -1.7492806E-03   7.3568973E-03  -1.5245162E-03  -5.6105746E-03  -1.7905678E-04   1.5000041E+00   9.8237019E-01  -2.7572278E+00   6.6763359E+01   5.9622410E+01   4.1834363E+01   1.4423415E+01  -5.6174994E+00   1.7625033E-01  -1.1500271E+00   4.5254327E+00   6.0107410E+00   3.3247659E-03   1.0341767E-02   8.4528121E-03   1.4953073E-02   2.4939493E-02  -1.6883154E-03   2.5236864E-04   3.5639413E-04
 -7.9920063E-05   4.5255659E-04  -2.3528408E-05  -2.2265810E-03   3.7166898E-03  -5.8026024E-04   7.3682691E-04   4.3986990E-04  -1.2457447E+01   1.6693817E+00   7.6116088E+00  -4.6230562E+01   4.1834363E+01   8.5863879E+01   5.2118048E+01  -1.2139582E+01  -2.0805977E-01  -4.0281809E-01   5.8081003E+00   9.8992109E+00   9.7256606E-04   9.4633655E-03   1.7903269E-02   1.6112715E-02   1.7120266E-02   1.0191027E-02   5.4455324E-04  -1.1555017E-04
 -2.7216800E-05   4.6422905E-04  -8.3591770E-05  -1.0171797E-03  -2.6235091E-03   6.3260812E-03   1.5319854E-03   1.5368885E-03  -5.5147996E+01   5.8033221E-01   5.4042384E+00  -5.7350005E+01   1.4423415E+01   5.2118048E+01   1.0270439E+02  -8.8376913E+00  -4.7296844E-02  -1.1084352E+00   6.3862893E+00   3.6581370E+01   7.6065064E-03   1.3437051E-02   1.3290867E-02  -2.9019950E-03  -2.1098930E-03  -2.3638203E-02   5.2306819E-04  -1.0314506E-03
 -2.5373752E-05  -9.5287796E-05   1.1026560E-05  -3.2421493E-04  -2.9614077E-04  -1.3257018E-03  -1.5280832E-03   1.7146391E-04  -6.2685454E-01   5.1151669E-02  -2.7247513E+00   1.0242119E+01  -5.6174994E+00  -1.2139582E+01  -8.8376913E+00   6.0057666E+00   1.2399181E-01  -3.4782997E-01  -2.3568084E+00  -2.4185950E+00  -3.2281394E-03  -3.3998584E-04  -7.3288103E-03   1.6991533E-03  -1.8402802E-03  -2.3560948E-02  -4.5275951E-05   2.5219148E-05
 -9.9019195E-06   3.8945224E-05   2.0990012E-05   7.5123919E-05   2.3756720E-03  -2.0086641E-04  -1.3920630E-05  -1.1290733E-04   8.7349020E-02   2.1722943E-02  -3.4990194E-01  -4.1110134E+00   1.7625033E-01  -2.0805977E-01  -4.7296844E-02   1.2399181E-01   3.2968349E+00   5.1137801E-01  -3.7025405E-02  -2.4697128E-01   9.1962569E-04   1.9252996E-03   4.9805571E-03   7.4760744E-04  -1.5381285E-03  -5.0757050E-03   1.6992012E-04  -2.3614375E-05
 -9.0872402E-06  -1.8383448E-05   7.5693117E-06  -7.3580764E-04   1.4708087E-03  -2.2873888E-03  -1.8216866E-04  -5.9573259E-05   7.1227380E-01   1.1106887E-02   2.3745838E-01   6.3274257E+00  -1.1500271E+00  -4.0281809E-01  -1.1084352E+00  -3.4782997E-01   5.1137801E-01   3.0130690E+00   2.7208513E+00   2.5486467E+00  -4.4688333E-05  -7.0521342E-04  -2.5234865E-03   9.8656541E-04  -2.0155861E-04  -1.8441137E-03  -1.3915366E-04  -7.6983782E-05
 -2.6643005E-05   2.8935569E-04  -1.9458937E-05  -1.3506446E-03   3.3828916E-03  -2.9343560E-03  -1.3812307E-03  -2.7275788E-04  -6.2555115E+00   9.9877900E-02   2.7864970E+00  -8.7714965E+00   4.5254327E+00   5.8081003E+00   6.3862893E+00  -2.3568084E+00  -3.7025405E-02   2.7208513E+00   1.1449483E+01   2.0614591E+01   7.0440627E-04   2.9801161E-03  -1.8648592E-03   6.1088712E-03   1.3185657E-02   2.7723984E-02   6.4346225E-05   3.7531050E-04
 -5.1856954E-05   6.8318616E-04  -6.5642303E-05  -1.3040187E-03   8.5281572E-03   5.5041045E-04  -2.2097145E-03   3.6185983E-04  -3.5259701E+01   1.3132818E-01   3.5125346E+00  -1.9746002E+01   6.0107410E+00   9.8992109E+00   3.6581370E+01  -2.4185950E+00  -2.4697128E-01   2.5486467E+00   2.0614591E+01   5.7240944E+01   2.8421990E-03   1.1946827E-02  -6.6375155E-03   1.3765941E-02   3.2252712E-02   7.1071591E-02   3.0475703E-04   9.4356149E-04
  1.5730227E-07  -1.2403133E-06   2.5262406E-07  -3.5183653E-06  -3.8910007E-05  -3.0163543E-06   1.6836334E-06   2.2455719E-06  -1.6849509E-03  -1.6790047E-04   2.7063051E-04   1.0536865E-02   3.3247659E-03   9.7256606E-04   7.6065064E-03  -3.2281394E-03   9.1962569E-04  -4.4688333E-05   7.0440627E-04   2.8421990E-03   1.3209599E-03   2.6833025E-04   8.9750849E-05  -3.8571093E-04  -8.8979070E-05   7.3817190E-05   7.6724718E-07  -7.1206913E-07
 -1.3505356E-07   8.7562304E-07   1.4958760E-07   1.7435615E-06   2.5892542E-06   8.2360844E-06  -2.8898025E-06   5.3115092E-07  -1.0911132E-02   2.0531672E-04  -2.9201704E-04  -5.3625647E-03   1.0341767E-02   9.4633655E-03   1.3437051E-02  -3.3998584E-04   1.9252996E-03  -7.0521342E-04   2.9801161E-03   1.1946827E-02   2.6833025E-04   8.6204880E-04   8.4932949E-05   6.8705747E-04   9.0780478E-05  -2.9342027E-04  -2.5627127E-08  -1.0817981E-07
  1.0922338E-06  -1.2767540E-06   1.1813460E-06  -6.5061137E-06  -1.0150896E-04  -1.3805443E-05   7.4925171E-06  -4.2925364E-06  -2.5143826E-03   5.0128867E-04   1.5779327E-03  -3.6089076E-02   8.4528121E-03   1.7903269E-02   1.3290867E-02  -7.3288103E-03   4.9805571E-03  -2.5234865E-03  -1.8648592E-03  -6.6375155E-03   8.9750849E-05   8.4932949E-05   7.6473772E-03  -2.9670279E-04   6.0918100E-04   3.6875325E-03   2.7190080E-06  -3.5749738E-07
 -5.2424467E-07   3.2023773E-06  -3.0407976E-07   1.9632377E-05   4.7954000E-05   4.5832862E-05  -5.1817452E-06  -1.3381859E-07  -8.4093680E-04   4.9451410E-04  -3.6345486E-04   4.0626517E-02   1.4953073E-02   1.6112715E-02  -2.9019950E-03   1.6991533E-03   7.4760744E-04   9.8656541E-04   6.1088712E-03   1.3765941E-02  -3.8571093E-04   6.8705747E-04  -2.9670279E-04   3.0014950E-03   7.5079501E-04  -1.0275090E-03   9.6924158E-07   1.4753793E-06
 -2.6274409E-07   2.2348441E-06  -7.5157312E-08  -5.9954729E-06  -1.2637872E-04  -1.7516403E-05  -5.3140691E-06  -4.3364350E-06  -5.2717352E-03   3.1638770E-04   1.9028936E-03   1.0476655E-02   2.4939493E-02   1.7120266E-02  -2.1098930E-03  -1.8402802E-03  -1.5381285E-03  -2.0155861E-04   1.3185657E-02   3.2252712E-02  -8.8979070E-05   9.0780478E-05   6.0918100E-04   7.5079501E-04   6.2897876E-03   7.0960359E-03   1.2069940E-06   1.0201317E-06
 -1.2104411E-06   4.0954587E-06  -4.5291193E-06  -1.1523455E-04  -1.7789117E-04  -2.1511985E-04  -7.5162211E-06   7.8430453E-06   1.7039094E-02  -1.7917237E-03   7.8043662E-03  -1.5138686E-01  -1.6883154E-03   1.0191027E-02  -2.3638203E-02  -2.3560948E-02  -5.0757050E-03  -1.8441137E-03   2.7723984E-02   7.1071591E-02   7.3817190E-05  -2.9342027E-04   3.6875325E-03  -1.0275090E-03   7.0960359E-03   7.1218194E-02   1.6842500E-06   4.3962997E-06
  1.0577249E-09   4.8527405E-09   7.9506874E-09   6.2585216E-08  -7.8361490E-07   2.9212148E-07  -1.1787349E-07  -7.8571441E-09  -3.2346127E-04   1.0180199E-05   6.6737443E-05   3.8722320E-03   2.5236864E-04   5.4455324E-04   5.2306819E-04  -4.5275951E-05   1.6992012E-04  -1.3915366E-04   6.4346225E-05   3.0475703E-04   7.6724718E-07  -2.5627127E-08   2.7190080E-06   9.6924158E-07   1.2069940E-06   1.6842500E-06   3.6605982E-07   1.1074558E-08
 -2.6482949E-09   7.9474114E-09  -1.2314081E-09  -1.3304087E-07   5.6950477E-07  -2.1828268E-07  -1.1381193E-07  -3.7984390E-09   5.0973902E-04   8.5258394E-06  -6.6718543E-05   5.9979421E-04   3.5639413E-04  -1.1555017E-04  -1.0314506E-03   2.5219148E-05  -2.3614375E-05  -7.6983782E-05   3.7531050E-04   9.4356149E-04  -7.1206913E-07  -1.0817981E-07  -3.5749738E-07   1.4753793E-06   1.0201317E-06   4.3962997E-06   1.1074558E-08   3.5712797E-07
