# omegabh2 omegach2 theta tau logA ns r calPlanck
  4.8513456E-07  -2.3139994E-07  -6.8098760E-08   6.0254577E-07   8.8878419E-06  -1.0011623E-06  -4.6097324E-05   8.7357083E-08
 -2.3139994E-07   2.2040677E-06   2.6148478E-07  -6.0010484E-07   3.1696614E-06  -5.6969143E-06  -4.1007806E-05   4.2684903E-08
 -6.8098760E-08   2.6148478E-07   5.9519168E-07   3.7970085E-08  -9.1148605E-07   2.6823812E-07   2.7895045E-06  -4.0747206E-08
  6.0254577E-07  -6.0010484E-07   3.7970085E-08   3.9003165E-05   8.5907086E-05   2.5923657E-06  -1.2436644E-04  -2.7868784E-07
  8.8878419E-06   3.1696614E-06  -9.1148605E-07   8.5907086E-05   3.8624096E-04  -1.6749942E-05  -1.1832254E-03   1.3239776E-05
 -1.0011623E-06  -5.6969143E-06   2.6823812E-07   2.5923657E-06  -1.6749942E-05   1.2657550E-04   9.1122318E-04   1.0129232E-06
 -4.6097324E-05  -4.1007806E-05   2.7895045E-06  -1.2436644E-04  -1.1832254E-03   9.1122318E-04   2.6099561E-02   2.1301487E-06
  8.7357083E-08   4.2684903E-08  -4.0747206E-08  -2.7868784E-07   1.3239776E-05   1.0129232E-06   2.1301487E-06   5.9576868E-06
