# omegabh2 omegach2 theta tau w logA ns calPlanck aps100 aps143 aps217 acib217 asz143 psr cibr xi aksz dust100 dust143 dust217 dust143x217 cal0 cal2 calTE calEE
  2.1117382E-08  -6.1517061E-08   1.1077170E-08   2.4657310E-07   1.1232276E-06   4.6972743E-07   2.0856665E-07   2.7327545E-08  -3.4596191E-04  -2.5753786E-04   6.5055260E-05  -1.1823408E-04   1.4866163E-05   7.7139348E-07  -2.1797448E-06   3.8500295E-07  -2.7970991E-05  -2.6863661E-07  -4.9447470E-07   9.4138050E-07   2.7081288E-07   3.5082636E-09  -6.8153904E-10  -9.1124994E-08  -2.3766703E-07
 -6.1517061E-08   1.1177036E-06  -8.2061637E-08  -2.8085571E-06  -1.6691465E-05  -3.7055907E-06  -2.4700787E-06  -2.8613283E-07   3.5046111E-04   6.0180572E-04  -1.7472532E-04   2.0322150E-04  -2.8076990E-05  -3.1607672E-06   5.0508153E-06  -6.7934265E-06   3.8808472E-05  -1.6364721E-07   4.5628992E-06   2.5847346E-07   2.3406458E-06  -4.7998915E-08   3.2663037E-09  -1.8858765E-07  -6.8981836E-07
  1.1077170E-08  -8.2061637E-08   9.4761618E-08   3.3931194E-07   2.1092690E-06   7.1522916E-07   2.9164630E-07   6.4365585E-08  -9.6459819E-05   2.8378630E-06   3.8848374E-05   4.1805848E-06   1.7665258E-05   1.0572690E-06  -1.8989190E-07   3.8099834E-07  -9.9216683E-06   5.1764125E-08  -3.4195766E-07   1.0493087E-07   7.8733544E-07   6.5768281E-09   6.9701044E-10  -2.6047070E-08   7.5692198E-08
  2.4657310E-07  -2.8085571E-06   3.3931194E-07   5.0943828E-05   5.0649557E-05   9.3754724E-05   9.1634933E-06  -4.6119829E-07  -9.7750864E-03  -4.9129917E-03  -7.6519698E-05  -1.4104631E-03   1.8827838E-04   1.1747458E-05  -7.8428036E-06   2.3151725E-05  -3.9724153E-04  -2.6638065E-06   1.3544582E-05  -3.4856954E-06  -2.2407825E-05  -2.1620093E-07  -4.0352312E-08  -2.8199566E-06  -1.3648991E-06
  1.1232276E-06  -1.6691465E-05   2.1092690E-06   5.0649557E-05   9.8403411E-04   7.9415677E-05   4.0344807E-05   6.8052005E-06  -2.5356219E-02  -1.1695454E-02   8.7219540E-03  -6.1662475E-03   1.9057014E-03   1.3238390E-04  -1.5202269E-04  -1.6645782E-05  -1.9644841E-03   3.5431486E-05  -9.9759878E-05   6.5683557E-05   5.0810534E-05   1.1628905E-06   8.2133475E-07   5.1552730E-06   8.1905593E-06
  4.6972743E-07  -3.7055907E-06   7.1522916E-07   9.3754724E-05   7.9415677E-05   2.0321530E-04   1.2677352E-05   1.1015048E-05  -1.2851642E-02  -8.0479306E-03   7.2389314E-03  -3.9082881E-03   2.9270785E-04   4.8525776E-05  -8.2781243E-05   7.2061406E-05  -1.3298430E-03  -3.8704972E-05  -5.8409097E-05   1.5723150E-05  -5.3749065E-05   4.7868061E-08  -1.3099252E-07  -6.1865623E-06  -1.9060295E-06
  2.0856665E-07  -2.4700787E-06   2.9164630E-07   9.1634933E-06   4.0344807E-05   1.2677352E-05   1.5507608E-05   7.9635901E-07  -2.2653172E-02  -7.5495587E-03   7.9310346E-03  -5.7195890E-03   4.6612821E-04   6.4420712E-05  -1.0875283E-04   7.9813711E-05  -1.7678900E-03   1.7772181E-05  -2.1747615E-05   2.3180547E-05  -1.1662559E-05  -2.7025859E-07  -3.4243994E-07  -1.7339360E-07  -2.4804754E-06
  2.7327545E-08  -2.8613283E-07   6.4365585E-08  -4.6119829E-07   6.8052005E-06   1.1015048E-05   7.9635901E-07   6.2706324E-06   3.2410626E-03  -2.0482590E-04   1.3010323E-03   3.4437312E-04  -5.2479464E-05   1.0308170E-06  -1.2256990E-05   2.3153336E-06   1.9356793E-04  -4.7880040E-06   4.4126510E-06   5.6708184E-06  -3.1841671E-07  -5.1729480E-08  -5.0018499E-08  -4.2176739E-07  -1.2595684E-07
 -3.4596191E-04   3.5046111E-04  -9.6459819E-05  -9.7750864E-03  -2.5356219E-02  -1.2851642E-02  -2.2653172E-02   3.2410626E-03   5.9742178E+02   5.6685968E+01  -5.4728369E+01   2.9590404E+01  -2.4759024E+01  -7.7559605E-01  -2.8754072E-01  -2.3553446E-01   1.1239662E+01  -2.2972455E-01   1.7214475E-01  -2.4232402E-01  -1.2585878E-01   6.9759934E-03   3.0876806E-03   9.6958174E-05   7.3260328E-03
 -2.5753786E-04   6.0180572E-04   2.8378630E-06  -4.9129917E-03  -1.1695454E-02  -8.0479306E-03  -7.5495587E-03  -2.0482590E-04   5.6685968E+01   6.7385639E+01   8.9304244E+00   6.2860935E+00   4.8787172E-02  -1.4254873E-02   4.6519015E-01   9.2810927E-01  -8.3871998E+00  -2.3683589E-02  -2.2328808E-01   4.8344933E-02   7.1673769E-02   1.0320398E-03   3.2063604E-04   2.3892214E-03   5.3111525E-03
  6.5055260E-05  -1.7472532E-04   3.8848374E-05  -7.6519698E-05   8.7219540E-03   7.2389314E-03   7.9310346E-03   1.3010323E-03  -5.4728369E+01   8.9304244E+00   1.7497352E+02  -8.2555442E+01   2.5131142E+00   3.3017749E-01  -9.9010660E-01   3.7018853E-01  -6.5739527E+00  -6.9423468E-03  -2.6915258E-01   5.1866417E-01  -8.1241780E-02   2.0649436E-03  -8.1538098E-03   3.0792219E-03   3.2127174E-03
 -1.1823408E-04   2.0322150E-04   4.1805848E-06  -1.4104631E-03  -6.1662475E-03  -3.9082881E-03  -5.7195890E-03   3.4437312E-04   2.9590404E+01   6.2860935E+00  -8.2555442E+01   5.1561997E+01   1.8769892E+00  -3.6064523E-02   6.9983997E-01  -2.6147092E-01  -3.1112241E+00   1.2260810E-03   1.7041136E-01  -4.3913066E-01  -7.7284303E-02  -6.8589903E-04   3.1505690E-03  -6.7262391E-04   3.9534418E-04
  1.4866163E-05  -2.8076990E-05   1.7665258E-05   1.8827838E-04   1.9057014E-03   2.9270785E-04   4.6612821E-04  -5.2479464E-05  -2.4759024E+01   4.8787172E-02   2.5131142E+00   1.8769892E+00   4.4059098E+00   1.0221475E-01   1.6627782E-01  -2.9690782E-02  -3.6338549E+00  -5.2319038E-03  -4.0191899E-03   8.7798815E-03   5.0731942E-02   4.6378603E-04  -2.2314449E-04  -1.8795471E-05  -2.0090365E-04
  7.7139348E-07  -3.1607672E-06   1.0572690E-06   1.1747458E-05   1.3238390E-04   4.8525776E-05   6.4420712E-05   1.0308170E-06  -7.7559605E-01  -1.4254873E-02   3.3017749E-01  -3.6064523E-02   1.0221475E-01   1.6728690E-02  -1.6682082E-02   1.2331188E-02  -1.0328534E-01  -3.7354912E-04  -1.2050848E-03  -2.7604647E-03   5.1904131E-03   1.7754530E-05  -3.7272014E-05   2.5815419E-05   4.3241503E-06
 -2.1797448E-06   5.0508153E-06  -1.8989190E-07  -7.8428036E-06  -1.5202269E-04  -8.2781243E-05  -1.0875283E-04  -1.2256990E-05  -2.8754072E-01   4.6519015E-01  -9.9010660E-01   6.9983997E-01   1.6627782E-01  -1.6682082E-02   6.8270758E-02   3.9225995E-03  -1.7051449E-01   9.8164556E-04   7.0475474E-03   5.0013574E-05  -1.7536597E-02  -8.3727548E-06   9.0600634E-05  -3.9596003E-05   1.5036134E-06
  3.8500295E-07  -6.7934265E-06   3.8099834E-07   2.3151725E-05  -1.6645782E-05   7.2061406E-05   7.9813711E-05   2.3153336E-06  -2.3553446E-01   9.2810927E-01   3.7018853E-01  -2.6147092E-01  -2.9690782E-02   1.2331188E-02   3.9225995E-03   8.3174801E-02   3.2187183E-02   6.9812572E-04   2.1131037E-04   1.0360594E-03   1.3196719E-03   1.3729496E-05  -1.5638024E-05   6.0022565E-06   2.4891211E-05
 -2.7970991E-05   3.8808472E-05  -9.9216683E-06  -3.9724153E-04  -1.9644841E-03  -1.3298430E-03  -1.7678900E-03   1.9356793E-04   1.1239662E+01  -8.3871998E+00  -6.5739527E+00  -3.1112241E+00  -3.6338549E+00  -1.0328534E-01  -1.7051449E-01   3.2187183E-02   7.4078817E+00   1.2836202E-03  -4.8655649E-03   2.2508472E-03  -4.5034001E-02  -4.3647327E-04   1.2234244E-04  -5.9938987E-04  -2.7876722E-04
 -2.6863661E-07  -1.6364721E-07   5.1764125E-08  -2.6638065E-06   3.5431486E-05  -3.8704972E-05   1.7772181E-05  -4.7880040E-06  -2.2972455E-01  -2.3683589E-02  -6.9423468E-03   1.2260810E-03  -5.2319038E-03  -3.7354912E-04   9.8164556E-04   6.9812572E-04   1.2836202E-03   3.8983381E-02   3.1320045E-03  -6.4644584E-05   3.3221872E-04   3.7783128E-05  -7.1669365E-06  -8.7773484E-06  -3.2588628E-06
 -4.9447470E-07   4.5628992E-06  -3.4195766E-07   1.3544582E-05  -9.9759878E-05  -5.8409097E-05  -2.1747615E-05   4.4126510E-06   1.7214475E-01  -2.2328808E-01  -2.6915258E-01   1.7041136E-01  -4.0191899E-03  -1.2050848E-03   7.0475474E-03   2.1131037E-04  -4.8655649E-03   3.1320045E-03   3.1227954E-02  -7.6599964E-04   5.5584062E-03  -8.4162809E-05  -4.3963773E-05  -8.4433073E-05  -9.0618007E-05
  9.4138050E-07   2.5847346E-07   1.0493087E-07  -3.4856954E-06   6.5683557E-05   1.5723150E-05   2.3180547E-05   5.6708184E-06  -2.4232402E-01   4.8344933E-02   5.1866417E-01  -4.3913066E-01   8.7798815E-03  -2.7604647E-03   5.0013574E-05   1.0360594E-03   2.2508472E-03  -6.4644584E-05  -7.6599964E-04   1.0643310E-02   8.2188997E-03   5.1353094E-06   6.5071481E-05   2.3419757E-07  -1.0627169E-05
  2.7081288E-07   2.3406458E-06   7.8733544E-07  -2.2407825E-05   5.0810534E-05  -5.3749065E-05  -1.1662559E-05  -3.1841671E-07  -1.2585878E-01   7.1673769E-02  -8.1241780E-02  -7.7284303E-02   5.0731942E-02   5.1904131E-03  -1.7536597E-02   1.3196719E-03  -4.5034001E-02   3.3221872E-04   5.5584062E-03   8.2188997E-03   2.6271762E-02  -3.2890426E-06   6.0033561E-05  -1.2832857E-05  -2.2878358E-05
  3.5082636E-09  -4.7998915E-08   6.5768281E-09  -2.1620093E-07   1.1628905E-06   4.7868061E-08  -2.7025859E-07  -5.1729480E-08   6.9759934E-03   1.0320398E-03   2.0649436E-03  -6.8589903E-04   4.6378603E-04   1.7754530E-05  -8.3727548E-06   1.3729496E-05  -4.3647327E-04   3.7783128E-05  -8.4162809E-05   5.1353094E-06  -3.2890426E-06   1.1483913E-06   3.5309516E-08   4.1252198E-07   6.8450940E-07
 -6.8153904E-10   3.2663037E-09   6.9701044E-10  -4.0352312E-08   8.2133475E-07  -1.3099252E-07  -3.4243994E-07  -5.0018499E-08   3.0876806E-03   3.2063604E-04  -8.1538098E-03   3.1505690E-03  -2.2314449E-04  -3.7272014E-05   9.0600634E-05  -1.5638024E-05   1.2234244E-04  -7.1669365E-06  -4.3963773E-05   6.5071481E-05   6.0033561E-05   3.5309516E-08   2.5554793E-06   1.9895530E-07   9.0718212E-08
 -9.1124994E-08  -1.8858765E-07  -2.6047070E-08  -2.8199566E-06   5.1552730E-06  -6.1865623E-06  -1.7339360E-07  -4.2176739E-07   9.6958174E-05   2.3892214E-03   3.0792219E-03  -6.7262391E-04  -1.8795471E-05   2.5815419E-05  -3.9596003E-05   6.0022565E-06  -5.9938987E-04  -8.7773484E-06  -8.4433073E-05   2.3419757E-07  -1.2832857E-05   4.1252198E-07   1.9895530E-07   2.3577986E-05   8.5126469E-06
 -2.3766703E-07  -6.8981836E-07   7.5692198E-08  -1.3648991E-06   8.1905593E-06  -1.9060295E-06  -2.4804754E-06  -1.2595684E-07   7.3260328E-03   5.3111525E-03   3.2127174E-03   3.9534418E-04  -2.0090365E-04   4.3241503E-06   1.5036134E-06   2.4891211E-05  -2.7876722E-04  -3.2588628E-06  -9.0618007E-05  -1.0627169E-05  -2.2878358E-05   6.8450940E-07   9.0718212E-08   8.5126469E-06   2.4730951E-05
