# omegabh2 omegach2 theta tau logA ns r calPlanck acib217 xi asz143 aps100 aps143 aps143217 aps217 aksz kgal100 kgal143 kgal143217 kgal217 galfEE100 galfEE100143 galfEE100217 galfEE143 galfEE143217 galfEE217 galfTE100 galfTE100143 galfTE100217 galfTE143 galfTE143217 galfTE217 cal0 cal2
    0.2521638E-07   -0.1473506E-06    0.1897337E-07    0.9959329E-06    0.1743909E-05    0.3966576E-06    0.1233781E-06    0.9633823E-08   -0.1127777E-03    0.2545594E-05    0.3619411E-04   -0.5602773E-03   -0.2546841E-03   -0.2097581E-04    0.5850288E-04   -0.5533811E-04   -0.8881738E-06   -0.7855911E-05   -0.1217645E-04   -0.1683964E-05    0.4009181E-07    0.6247081E-07    0.7056830E-07    0.7213458E-07    0.1207744E-06    0.4917050E-06   -0.4881930E-07   -0.4643934E-07    0.7851233E-07   -0.3287271E-06   -0.5513880E-06   -0.1816305E-05    0.3365700E-08   -0.1036452E-07
   -0.1473506E-06    0.2212999E-05   -0.1775289E-06   -0.1373117E-04   -0.2270844E-04   -0.5550029E-05   -0.6696991E-05   -0.2040072E-06    0.6273566E-03   -0.1423139E-04   -0.2048258E-03    0.3596606E-02    0.1642587E-02    0.2537477E-03   -0.2275125E-03    0.3029739E-03   -0.6066724E-05    0.4188455E-04    0.1097566E-03    0.5405451E-04   -0.5628492E-06   -0.7438810E-06   -0.8986366E-06   -0.7126759E-06   -0.9720860E-06   -0.2562605E-05    0.1152477E-05    0.3523779E-06    0.7244816E-06    0.1418209E-05    0.3973425E-05    0.1790006E-04   -0.4264215E-08    0.6121780E-07
    0.1897337E-07   -0.1775289E-06    0.9764578E-07    0.1565220E-05    0.2827115E-05    0.5700015E-06    0.2217249E-06    0.1435963E-07   -0.2276508E-04    0.7657976E-06    0.1816395E-04   -0.3070163E-03   -0.1299434E-03   -0.2931946E-04   -0.2345689E-04   -0.2889514E-04    0.3953818E-05   -0.8101293E-05   -0.4412020E-05   -0.6388061E-05    0.3516203E-07    0.4840907E-07    0.1884221E-06    0.5482617E-07   -0.8598065E-07   -0.1381467E-06   -0.1344880E-06   -0.1777278E-06    0.1265110E-06   -0.2963757E-06   -0.6142577E-06   -0.2150388E-05   -0.8929745E-09    0.8770136E-09
    0.9959329E-06   -0.1373117E-04    0.1565220E-05    0.1918295E-03    0.3417139E-03    0.4138824E-04    0.8665911E-06   -0.3752699E-05   -0.7415660E-02    0.1430558E-03    0.2067875E-02   -0.4092240E-01   -0.1598253E-01   -0.1594558E-02    0.2168027E-02   -0.3224439E-02   -0.1327138E-04   -0.2328510E-03   -0.8247581E-03   -0.2940686E-03    0.4647696E-05    0.5535242E-05    0.7598558E-05    0.5345175E-05    0.9152126E-05    0.1092538E-04   -0.1285421E-04   -0.7146181E-05   -0.4481110E-05   -0.1478070E-04   -0.2736844E-04   -0.1284859E-03   -0.3397318E-06   -0.6901278E-06
    0.1743909E-05   -0.2270844E-04    0.2827115E-05    0.3417139E-03    0.6373182E-03    0.6830497E-04   -0.1500343E-04    0.4094275E-05   -0.1270377E-01    0.2780034E-03    0.3842341E-02   -0.6770102E-01   -0.2607727E-01    0.2411030E-03    0.8912724E-02   -0.6537774E-02   -0.4076444E-03   -0.8370871E-03   -0.1702428E-02    0.7841337E-03    0.8797155E-05    0.9357467E-05    0.1508955E-04    0.1003951E-04    0.1314842E-04    0.1121237E-04   -0.1978861E-04   -0.1087792E-04   -0.8019306E-05   -0.2376141E-04   -0.4804041E-04   -0.1916558E-03   -0.4400897E-06   -0.1291633E-05
    0.3966576E-06   -0.5550029E-05    0.5700015E-06    0.4138824E-04    0.6830497E-04    0.2403063E-04    0.4252915E-04    0.2018035E-06   -0.5930833E-02    0.1441614E-03    0.1584687E-02   -0.3207179E-01   -0.8317930E-02    0.3635561E-02    0.7096080E-02   -0.3293243E-02    0.2394659E-03   -0.2884536E-03   -0.6725570E-03    0.2905955E-03    0.2347851E-05    0.3134992E-05    0.3437090E-05    0.3064389E-05    0.1918276E-05    0.3456375E-05   -0.4200933E-05   -0.8406454E-06   -0.3406147E-05   -0.2780788E-05   -0.9484611E-05   -0.3635291E-04   -0.1704087E-06   -0.5280073E-06
    0.1233781E-06   -0.6696991E-05    0.2217249E-06    0.8665911E-06   -0.1500343E-04    0.4252915E-04    0.1932598E-02    0.3604607E-05   -0.9036659E-02    0.2583026E-03    0.3436860E-02   -0.5263095E-01   -0.8641298E-02    0.1468148E-01    0.1599527E-01   -0.7201699E-02   -0.2036568E-02   -0.1485239E-02    0.9562515E-03    0.5275729E-02   -0.2655662E-04   -0.2649569E-04    0.7244350E-05   -0.2641402E-04    0.3322713E-04    0.5179655E-04    0.3834276E-04    0.2342079E-04   -0.1712840E-05    0.6973159E-04   -0.4010521E-04   -0.9504419E-04    0.1323173E-06    0.1036914E-06
    0.9633823E-08   -0.2040072E-06    0.1435963E-07   -0.3752699E-05    0.4094275E-05    0.2018035E-06    0.3604607E-05    0.5987801E-05    0.1011137E-02   -0.8920320E-05    0.3228348E-04    0.3932110E-02    0.7071406E-03    0.2683078E-03    0.9819719E-03    0.2049530E-04   -0.8559941E-04    0.1550857E-05   -0.3079852E-04    0.5303678E-03    0.5701747E-06    0.2054385E-06    0.1007374E-05    0.7150989E-06   -0.4080730E-06   -0.1625624E-06    0.1576992E-05    0.1145676E-05   -0.1377851E-05    0.1954915E-05   -0.2981504E-06    0.1441226E-04   -0.5820616E-08   -0.2421359E-07
   -0.1127777E-03    0.6273566E-03   -0.2276508E-04   -0.7415660E-02   -0.1270377E-01   -0.5930833E-02   -0.9036659E-02    0.1011137E-02    0.4304285E+02   -0.5071277E+00   -0.1484895E+01    0.4218212E+02   -0.2367346E+00   -0.2143315E+02   -0.6003495E+02    0.4943826E-01   -0.1866932E+00    0.1718185E-01   -0.1959041E+01   -0.1825860E+02   -0.3290153E-03   -0.6894204E-03   -0.1600019E-02   -0.3258767E-03    0.2416469E-03    0.1398310E-01    0.3074784E-02    0.1303214E-02    0.3957725E-02    0.1532520E-02   -0.7468292E-02   -0.1394481E-03   -0.2654497E-03    0.4283890E-02
    0.2545594E-05   -0.1423139E-04    0.7657976E-06    0.1430558E-03    0.2780034E-03    0.1441614E-03    0.2583026E-03   -0.8920320E-05   -0.5071277E+00    0.8111430E-01   -0.9205924E-01   -0.3748199E+00    0.9906184E+00    0.1785791E+01    0.7327914E+00    0.9616781E-01    0.7513890E-02    0.1699416E-02    0.8379476E-01    0.1050972E+00    0.1028129E-04    0.1847107E-04    0.1399317E-03    0.1189588E-04   -0.1393732E-03   -0.2987272E-03   -0.9783971E-05    0.2338004E-04    0.2005300E-03    0.1883801E-03   -0.1178032E-03    0.9089484E-03    0.7966739E-05   -0.1480759E-04
    0.3619411E-04   -0.2048258E-03    0.1816395E-04    0.2067875E-02    0.3842341E-02    0.1584687E-02    0.3436860E-02    0.3228348E-04   -0.1484895E+01   -0.9205924E-01    0.3979649E+01   -0.3025064E+02   -0.3885718E+01    0.8250085E+01    0.7381355E+01   -0.3109124E+01   -0.2058737E+00    0.2183489E-01    0.2388133E+01    0.2066859E+01    0.9357457E-04    0.2251113E-03    0.6057493E-03    0.2161683E-03   -0.9621181E-03    0.3386781E-02   -0.3348161E-03    0.1422238E-03   -0.1824040E-03   -0.9397322E-03    0.2162613E-03   -0.7539063E-02    0.2068982E-03   -0.3471189E-03
   -0.5602773E-03    0.3596606E-02   -0.3070163E-03   -0.4092240E-01   -0.6770102E-01   -0.3207179E-01   -0.5263095E-01    0.3932110E-02    0.4218212E+02   -0.3748199E+00   -0.3025064E+02    0.7737337E+03    0.6897889E+02   -0.6223420E+02   -0.7499035E+02    0.1481049E+02   -0.3953651E+01    0.2901997E+01   -0.1049484E+02   -0.1340584E+02   -0.1289151E-02   -0.5772945E-02   -0.1569376E-01   -0.3819141E-02   -0.5756588E-02    0.1631040E-01    0.6782821E-02   -0.1140405E-02    0.2444590E-01    0.1272650E-01    0.1095765E-02    0.9117177E-01    0.5821260E-02    0.4605579E-02
   -0.2546841E-03    0.1642587E-02   -0.1299434E-03   -0.1598253E-01   -0.2607727E-01   -0.8317930E-02   -0.8641298E-02    0.7071406E-03   -0.2367346E+00    0.9906184E+00   -0.3885718E+01    0.6897889E+02    0.6037170E+02    0.4382171E+02    0.1863870E+02   -0.4692225E+01    0.2011937E-01   -0.9839118E+00    0.3857175E+01    0.4487928E+01   -0.8722859E-03   -0.1546382E-02   -0.3133595E-03   -0.1598690E-02   -0.8879354E-03   -0.1184962E-01    0.2312163E-02    0.2261895E-02    0.2819574E-02    0.4013212E-02   -0.1377623E-02    0.3729646E-01    0.1552126E-03    0.1777571E-03
   -0.2097581E-04    0.2537477E-03   -0.2931946E-04   -0.1594558E-02    0.2411030E-03    0.3635561E-02    0.1468148E-01    0.2683078E-03   -0.2143315E+02    0.1785791E+01    0.8250085E+01   -0.6223420E+02    0.4382171E+02    0.9890947E+02    0.6928254E+02   -0.1315742E+02   -0.3687481E+00   -0.4130961E+00    0.5035595E+01    0.6140756E+01   -0.5692086E-04    0.2157848E-04    0.4031113E-02    0.1636755E-04   -0.7711144E-02   -0.4955016E-02   -0.1206547E-02    0.2634884E-02    0.3549561E-02    0.4583532E-02    0.6245242E-03    0.1523746E-01    0.8529683E-03   -0.2448502E-02
    0.5850288E-04   -0.2275125E-03   -0.2345689E-04    0.2168027E-02    0.8912724E-02    0.7096080E-02    0.1599527E-01    0.9819719E-03   -0.6003495E+02    0.7327914E+00    0.7381355E+01   -0.7499035E+02    0.1863870E+02    0.6928254E+02    0.1221533E+03   -0.1130256E+02   -0.1149375E+00   -0.2101865E+00    0.2119891E+00    0.1542315E+02    0.5742508E-03    0.7010354E-03    0.2674658E-02    0.3885325E-03   -0.5149538E-02   -0.2391742E-01   -0.3652247E-02    0.5250519E-04   -0.8236830E-02   -0.5278050E-03    0.1064714E-01   -0.2930780E-03    0.7581737E-03   -0.7502698E-02
   -0.5533811E-04    0.3029739E-03   -0.2889514E-04   -0.3224439E-02   -0.6537774E-02   -0.3293243E-02   -0.7201699E-02    0.2049530E-04    0.4943826E-01    0.9616781E-01   -0.3109124E+01    0.1481049E+02   -0.4692225E+01   -0.1315742E+02   -0.1130256E+02    0.6836926E+01    0.8981364E-01   -0.1099270E+00   -0.2280012E+01   -0.1911763E+01   -0.2174517E-03   -0.2656286E-03    0.1029976E-03   -0.2641141E-03    0.1933005E-02    0.1997312E-02    0.6321450E-03   -0.5126891E-03    0.7468327E-04    0.1343845E-02    0.2045658E-02    0.4028349E-02   -0.1549303E-03    0.1100310E-03
   -0.8881738E-06   -0.6066724E-05    0.3953818E-05   -0.1327138E-04   -0.4076444E-03    0.2394659E-03   -0.2036568E-02   -0.8559941E-04   -0.1866932E+00    0.7513890E-02   -0.2058737E+00   -0.3953651E+01    0.2011937E-01   -0.3687481E+00   -0.1149375E+00    0.8981364E-01    0.3567485E+01    0.4877303E+00    0.1695337E+00    0.2927170E+00   -0.5212189E-04    0.1255333E-04    0.2575764E-03   -0.9524396E-04   -0.3971100E-03   -0.1284417E-02   -0.5725997E-03    0.4871914E-04   -0.1036693E-02   -0.2394822E-03    0.1661703E-04   -0.1290146E-02    0.2916262E-03   -0.2022856E-04
   -0.7855911E-05    0.4188455E-04   -0.8101293E-05   -0.2328510E-03   -0.8370871E-03   -0.2884536E-03   -0.1485239E-02    0.1550857E-05    0.1718185E-01    0.1699416E-02    0.2183489E-01    0.2901997E+01   -0.9839118E+00   -0.4130961E+00   -0.2101865E+00   -0.1099270E+00    0.4877303E+00    0.3363270E+01    0.2576565E+01    0.1805637E+01   -0.2881356E-04    0.4423179E-04   -0.1636135E-04    0.1540676E-04   -0.1752947E-02    0.1257721E-02   -0.5442891E-04   -0.2407495E-03    0.1774258E-02    0.9294797E-03    0.1990786E-02    0.9701680E-04   -0.3002901E-03   -0.2278937E-03
   -0.1217645E-04    0.1097566E-03   -0.4412020E-05   -0.8247581E-03   -0.1702428E-02   -0.6725570E-03    0.9562515E-03   -0.3079852E-04   -0.1959041E+01    0.8379476E-01    0.2388133E+01   -0.1049484E+02    0.3857175E+01    0.5035595E+01    0.2119891E+00   -0.2280012E+01    0.1695337E+00    0.2576565E+01    0.1711981E+02    0.2569495E+02   -0.3539464E-03    0.3006521E-04    0.1321730E-02   -0.2376638E-03   -0.2489520E-02   -0.8146356E-03    0.1068462E-03    0.5359577E-03    0.3782707E-02    0.4790434E-03    0.1539497E-02    0.3876659E-02    0.2379015E-04    0.2506028E-02
   -0.1683964E-05    0.5405451E-04   -0.6388061E-05   -0.2940686E-03    0.7841337E-03    0.2905955E-03    0.5275729E-02    0.5303678E-03   -0.1825860E+02    0.1050972E+00    0.2066859E+01   -0.1340584E+02    0.4487928E+01    0.6140756E+01    0.1542315E+02   -0.1911763E+01    0.2927170E+00    0.1805637E+01    0.2569495E+02    0.5452401E+02   -0.5134993E-03    0.1502927E-03    0.1528841E-02   -0.2386232E-03   -0.8865439E-03   -0.6972920E-02   -0.1930323E-02   -0.8849934E-04    0.4029113E-02   -0.2614325E-03    0.3535843E-02    0.1251145E-01    0.1407124E-03    0.4552176E-02
    0.4009181E-07   -0.5628492E-06    0.3516203E-07    0.4647696E-05    0.8797155E-05    0.2347851E-05   -0.2655662E-04    0.5701747E-06   -0.3290153E-03    0.1028129E-04    0.9357457E-04   -0.1289151E-02   -0.8722859E-03   -0.5692086E-04    0.5742508E-03   -0.2174517E-03   -0.5212189E-04   -0.2881356E-04   -0.3539464E-03   -0.5134993E-03    0.3227913E-04    0.8412732E-05   -0.1081358E-05    0.3145239E-05    0.8732722E-06    0.6952168E-05   -0.2877866E-05   -0.6440299E-06   -0.1004624E-05   -0.1461070E-05    0.1915892E-05   -0.2134198E-05   -0.3249975E-07   -0.1686225E-06
    0.6247081E-07   -0.7438810E-06    0.4840907E-07    0.5535242E-05    0.9357467E-05    0.3134992E-05   -0.2649569E-04    0.2054385E-06   -0.6894204E-03    0.1847107E-04    0.2251113E-03   -0.5772945E-02   -0.1546382E-02    0.2157848E-04    0.7010354E-03   -0.2656286E-03    0.1255333E-04    0.4423179E-04    0.3006521E-04    0.1502927E-03    0.8412732E-05    0.2495837E-04   -0.1976796E-05    0.1228006E-04    0.1273027E-06    0.5665363E-05    0.2518836E-05   -0.5424777E-06    0.1193214E-05   -0.4508874E-05    0.8685269E-06    0.1104832E-04   -0.9279738E-07   -0.4659991E-07
    0.7056830E-07   -0.8986366E-06    0.1884221E-06    0.7598558E-05    0.1508955E-04    0.3437090E-05    0.7244350E-05    0.1007374E-05   -0.1600019E-02    0.1399317E-03    0.6057493E-03   -0.1569376E-01   -0.3133595E-03    0.4031113E-02    0.2674658E-02    0.1029976E-03    0.2575764E-03   -0.1636135E-04    0.1321730E-02    0.1528841E-02   -0.1081358E-05   -0.1976796E-05    0.1087653E-02    0.1017626E-05    0.1840529E-04    0.2770935E-04   -0.2944113E-05    0.4187517E-05    0.1594156E-04   -0.4465019E-06   -0.2578618E-04    0.6586855E-04    0.5904045E-07   -0.7766850E-07
    0.7213458E-07   -0.7126759E-06    0.5482617E-07    0.5345175E-05    0.1003951E-04    0.3064389E-05   -0.2641402E-04    0.7150989E-06   -0.3258767E-03    0.1189588E-04    0.2161683E-03   -0.3819141E-02   -0.1598690E-02    0.1636755E-04    0.3885325E-03   -0.2641141E-03   -0.9524396E-04    0.1540676E-04   -0.2376638E-03   -0.2386232E-03    0.3145239E-05    0.1228006E-04    0.1017626E-05    0.4639190E-04    0.1356591E-05    0.3270808E-05   -0.2058446E-06   -0.9850745E-06   -0.4093560E-05   -0.3584513E-05    0.3210387E-05    0.6252530E-05   -0.1086088E-06   -0.1866612E-07
    0.1207744E-06   -0.9720860E-06   -0.8598065E-07    0.9152126E-05    0.1314842E-04    0.1918276E-05    0.3322713E-04   -0.4080730E-06    0.2416469E-03   -0.1393732E-03   -0.9621181E-03   -0.5756588E-02   -0.8879354E-03   -0.7711144E-02   -0.5149538E-02    0.1933005E-02   -0.3971100E-03   -0.1752947E-02   -0.2489520E-02   -0.8865439E-03    0.8732722E-06    0.1273027E-06    0.1840529E-04    0.1356591E-05    0.2223856E-02    0.8547149E-04    0.5342441E-05    0.2857955E-07    0.6286750E-05   -0.5782737E-05    0.1281325E-04    0.2235175E-03   -0.5075816E-06    0.1540820E-06
    0.4917050E-06   -0.2562605E-05   -0.1381467E-06    0.1092538E-04    0.1121237E-04    0.3456375E-05    0.5179655E-04   -0.1625624E-06    0.1398310E-01   -0.2987272E-03    0.3386781E-02    0.1631040E-01   -0.1184962E-01   -0.4955016E-02   -0.2391742E-01    0.1997312E-02   -0.1284417E-02    0.1257721E-02   -0.8146356E-03   -0.6972920E-02    0.6952168E-05    0.5665363E-05    0.2770935E-04    0.3270808E-05    0.8547149E-04    0.1688660E-01    0.1716763E-04    0.3160455E-04    0.6638273E-04    0.5978768E-04   -0.6384847E-05    0.3440507E-03    0.5999112E-07   -0.1913452E-06
   -0.4881930E-07    0.1152477E-05   -0.1344880E-06   -0.1285421E-04   -0.1978861E-04   -0.4200933E-05    0.3834276E-04    0.1576992E-05    0.3074784E-02   -0.9783971E-05   -0.3348161E-03    0.6782821E-02    0.2312163E-02   -0.1206547E-02   -0.3652247E-02    0.6321450E-03   -0.5725997E-03   -0.5442891E-04    0.1068462E-03   -0.1930323E-02   -0.2877866E-05    0.2518836E-05   -0.2944113E-05   -0.2058446E-06    0.5342441E-05    0.1716763E-04    0.1454328E-02    0.3021008E-03    0.3684144E-04   -0.3891520E-03   -0.1590015E-03   -0.2160762E-03   -0.2729701E-06   -0.1444698E-06
   -0.4643934E-07    0.3523779E-06   -0.1777278E-06   -0.7146181E-05   -0.1087792E-04   -0.8406454E-06    0.2342079E-04    0.1145676E-05    0.1303214E-02    0.2338004E-04    0.1422238E-03   -0.1140405E-02    0.2261895E-02    0.2634884E-02    0.5250519E-04   -0.5126891E-03    0.4871914E-04   -0.2407495E-03    0.5359577E-03   -0.8849934E-04   -0.6440299E-06   -0.5424777E-06    0.4187517E-05   -0.9850745E-06    0.2857955E-07    0.3160455E-04    0.3021008E-03    0.8667197E-03    0.4163745E-04    0.7528956E-03    0.1524216E-04   -0.6704437E-03   -0.2594697E-06    0.5203719E-07
    0.7851233E-07    0.7244816E-06    0.1265110E-06   -0.4481110E-05   -0.8019306E-05   -0.3406147E-05   -0.1712840E-05   -0.1377851E-05    0.3957725E-02    0.2005300E-03   -0.1824040E-03    0.2444590E-01    0.2819574E-02    0.3549561E-02   -0.8236830E-02    0.7468327E-04   -0.1036693E-02    0.1774258E-02    0.3782707E-02    0.4029113E-02   -0.1004624E-05    0.1193214E-05    0.1594156E-04   -0.4093560E-05    0.6286750E-05    0.6638273E-04    0.3684144E-04    0.4163745E-04    0.7134667E-02   -0.3140886E-03    0.7676458E-03    0.4502654E-02   -0.6413895E-09    0.1042239E-05
   -0.3287271E-06    0.1418209E-05   -0.2963757E-06   -0.1478070E-04   -0.2376141E-04   -0.2780788E-05    0.6973159E-04    0.1954915E-05    0.1532520E-02    0.1883801E-03   -0.9397322E-03    0.1272650E-01    0.4013212E-02    0.4583532E-02   -0.5278050E-03    0.1343845E-02   -0.2394822E-03    0.9294797E-03    0.4790434E-03   -0.2614325E-03   -0.1461070E-05   -0.4508874E-05   -0.4465019E-06   -0.3584513E-05   -0.5782737E-05    0.5978768E-04   -0.3891520E-03    0.7528956E-03   -0.3140886E-03    0.2917246E-02    0.4524455E-03   -0.1004332E-02    0.2898516E-06    0.2915411E-06
   -0.5513880E-06    0.3973425E-05   -0.6142577E-06   -0.2736844E-04   -0.4804041E-04   -0.9484611E-05   -0.4010521E-04   -0.2981504E-06   -0.7468292E-02   -0.1178032E-03    0.2162613E-03    0.1095765E-02   -0.1377623E-02    0.6245242E-03    0.1064714E-01    0.2045658E-02    0.1661703E-04    0.1990786E-02    0.1539497E-02    0.3535843E-02    0.1915892E-05    0.8685269E-06   -0.2578618E-04    0.3210387E-05    0.1281325E-04   -0.6384847E-05   -0.1590015E-03    0.1524216E-04    0.7676458E-03    0.4524455E-03    0.6484165E-02    0.7624507E-02   -0.2040359E-06   -0.1583882E-05
   -0.1816305E-05    0.1790006E-04   -0.2150388E-05   -0.1284859E-03   -0.1916558E-03   -0.3635291E-04   -0.9504419E-04    0.1441226E-04   -0.1394481E-03    0.9089484E-03   -0.7539063E-02    0.9117177E-01    0.3729646E-01    0.1523746E-01   -0.2930780E-03    0.4028349E-02   -0.1290146E-02    0.9701680E-04    0.3876659E-02    0.1251145E-01   -0.2134198E-05    0.1104832E-04    0.6586855E-04    0.6252530E-05    0.2235175E-03    0.3440507E-03   -0.2160762E-03   -0.6704437E-03    0.4502654E-02   -0.1004332E-02    0.7624507E-02    0.6430303E-01   -0.1685832E-05   -0.1244238E-05
    0.3365700E-08   -0.4264215E-08   -0.8929745E-09   -0.3397318E-06   -0.4400897E-06   -0.1704087E-06    0.1323173E-06   -0.5820616E-08   -0.2654497E-03    0.7966739E-05    0.2068982E-03    0.5821260E-02    0.1552126E-03    0.8529683E-03    0.7581737E-03   -0.1549303E-03    0.2916262E-03   -0.3002901E-03    0.2379015E-04    0.1407124E-03   -0.3249975E-07   -0.9279738E-07    0.5904045E-07   -0.1086088E-06   -0.5075816E-06    0.5999112E-07   -0.2729701E-06   -0.2594697E-06   -0.6413895E-09    0.2898516E-06   -0.2040359E-06   -0.1685832E-05    0.6041419E-06    0.1472601E-07
   -0.1036452E-07    0.6121780E-07    0.8770136E-09   -0.6901278E-06   -0.1291633E-05   -0.5280073E-06    0.1036914E-06   -0.2421359E-07    0.4283890E-02   -0.1480759E-04   -0.3471189E-03    0.4605579E-02    0.1777571E-03   -0.2448502E-02   -0.7502698E-02    0.1100310E-03   -0.2022856E-04   -0.2278937E-03    0.2506028E-02    0.4552176E-02   -0.1686225E-06   -0.4659991E-07   -0.7766850E-07   -0.1866612E-07    0.1540820E-06   -0.1913452E-06   -0.1444698E-06    0.5203719E-07    0.1042239E-05    0.2915411E-06   -0.1583882E-05   -0.1244238E-05    0.1472601E-07    0.2077665E-05
