# omegabh2 omegach2 theta tau meffsterile nnu logA ns r calPlanck acib217 xi asz143 aps100 aps143 aps143217 aps217 aksz kgal100 kgal143 kgal143217 kgal217 cal0 cal2
    0.8472593E-07    0.2230211E-06    0.8435242E-08    0.3612827E-05   -0.5169044E-05    0.3928055E-04    0.7739251E-05    0.2620792E-05    0.1447771E-05    0.3144404E-07   -0.6754039E-04    0.2090041E-05    0.1935316E-04   -0.1509158E-03   -0.2093478E-03   -0.7635794E-04   -0.1727656E-04   -0.2184084E-04    0.9612718E-05    0.8106552E-05   -0.8192969E-05   -0.2463347E-05    0.6434556E-08   -0.8410764E-08
    0.2230211E-06    0.1484626E-04   -0.1214377E-05    0.1901065E-05   -0.1036526E-03    0.6753169E-03    0.3182279E-04    0.1870432E-04    0.1745569E-04    0.1305532E-06    0.4475406E-02   -0.8212496E-04   -0.1207317E-02    0.2084950E-01    0.8720093E-02    0.8180701E-03   -0.2317042E-02    0.2103457E-02    0.1782898E-03    0.2361460E-03    0.4152643E-03   -0.1144619E-03   -0.3935821E-07    0.5273736E-06
    0.8435242E-08   -0.1214377E-05    0.2764326E-06    0.1332105E-05   -0.4618746E-05   -0.5544659E-04    0.4493164E-06   -0.9434685E-06   -0.1193195E-05    0.2388609E-07   -0.4155250E-03    0.6037380E-05    0.1158462E-03   -0.2004699E-02   -0.8841939E-03   -0.1566843E-03    0.1688836E-03   -0.1987666E-03   -0.2033089E-04   -0.3639755E-04   -0.5944408E-04    0.9654606E-06    0.4558054E-08   -0.5054256E-07
    0.3612827E-05    0.1901065E-05    0.1332105E-05    0.3858204E-03   -0.2713063E-03    0.2085373E-02    0.7551630E-03    0.1714708E-03    0.4115659E-04   -0.1979721E-05   -0.2936528E-02    0.1182492E-03    0.5313663E-03   -0.2986037E-02   -0.6101091E-02   -0.1320407E-02   -0.8378720E-04   -0.8221015E-03    0.2576814E-03    0.4333553E-03   -0.1058594E-02   -0.2510090E-02    0.2380531E-06   -0.7090330E-06
   -0.5169044E-05   -0.1036526E-03   -0.4618746E-05   -0.2713063E-03    0.3492454E-01   -0.1172747E-02   -0.4451234E-03   -0.6969388E-03   -0.6198330E-03   -0.1067545E-04    0.2754262E-01   -0.9099028E-03   -0.1833319E-02    0.1095646E+00    0.1296108E+00    0.9167345E-01    0.7112678E-01   -0.1539380E-02   -0.4425493E-04    0.4789022E-02    0.1236079E-01    0.6395258E-02   -0.2325519E-05    0.4586715E-05
    0.3928055E-04    0.6753169E-03   -0.5544659E-04    0.2085373E-02   -0.1172747E-02    0.5033659E-01    0.5508031E-02    0.2176894E-02    0.1575600E-02    0.1510921E-04    0.2210261E+00   -0.3416130E-02   -0.6197462E-01    0.1121166E+01    0.4392263E+00    0.4576159E-01   -0.1071942E+00    0.1044670E+00    0.9832355E-02    0.1582692E-01    0.1833599E-01   -0.1635613E-01    0.1318767E-05    0.2450640E-04
    0.7739251E-05    0.3182279E-04    0.4493164E-06    0.7551630E-03   -0.4451234E-03    0.5508031E-02    0.1564191E-02    0.3714399E-03    0.1016212E-03    0.8282378E-05    0.3051164E-02    0.1134910E-03   -0.1250210E-02    0.4157898E-01    0.8431394E-02    0.3178427E-02    0.2301075E-02    0.1580222E-02    0.4829684E-03    0.7875423E-03   -0.1579428E-02   -0.3640038E-02    0.6803791E-06   -0.4425618E-06
    0.2620792E-05    0.1870432E-04   -0.9434685E-06    0.1714708E-03   -0.6969388E-03    0.2176894E-02    0.3714399E-03    0.1463315E-03    0.1125564E-03    0.1177038E-05    0.8605321E-03    0.6361834E-04   -0.6009079E-03    0.7170864E-02    0.3497160E-02    0.2502747E-02    0.1668194E-02    0.2647258E-03    0.6728337E-03    0.4025959E-03   -0.3163380E-03   -0.5996423E-03    0.3692837E-07    0.9754403E-07
    0.1447771E-05    0.1745569E-04   -0.1193195E-05    0.4115659E-04   -0.6198330E-03    0.1575600E-02    0.1016212E-03    0.1125564E-03    0.1819975E-02    0.1108025E-05   -0.2101602E-02    0.1567867E-03    0.1558428E-02   -0.9672852E-02    0.1321346E-02    0.1099600E-01    0.1141954E-01   -0.1496917E-02   -0.3764212E-03    0.7087126E-03    0.4509769E-03    0.2658884E-03   -0.1074039E-06   -0.1031372E-06
    0.3144404E-07    0.1305532E-06    0.2388609E-07   -0.1979721E-05   -0.1067545E-04    0.1510921E-04    0.8282378E-05    0.1177038E-05    0.1108025E-05    0.6026765E-05    0.7175189E-03    0.4720992E-05    0.4878272E-05    0.3540929E-02    0.7280786E-03    0.5467119E-03    0.1434151E-02   -0.1836552E-05   -0.3300852E-04   -0.1609703E-04   -0.4540052E-04    0.6283937E-03    0.7927333E-08   -0.3335775E-07
   -0.6754039E-04    0.4475406E-02   -0.4155250E-03   -0.2936528E-02    0.2754262E-01    0.2210261E+00    0.3051164E-02    0.8605321E-03   -0.2101602E-02    0.7175189E-03    0.4430649E+02   -0.4898525E+00   -0.1954198E+01    0.4676587E+02    0.3292268E+01   -0.2023357E+02   -0.6090617E+02    0.1000199E+01   -0.8461759E-02    0.7949657E-01   -0.1889935E+01   -0.1859321E+02   -0.2925944E-03    0.4444583E-02
    0.2090041E-05   -0.8212496E-04    0.6037380E-05    0.1182492E-03   -0.9099028E-03   -0.3416130E-02    0.1134910E-03    0.6361834E-04    0.1567867E-03    0.4720992E-05   -0.4898525E+00    0.8125278E-01   -0.8155212E-01   -0.5018160E+00    0.8876216E+00    0.1696395E+01    0.6805064E+00    0.8037549E-01    0.2088417E-02    0.2073205E-02    0.7171265E-01    0.8827240E-01    0.6483707E-05   -0.1725071E-04
    0.1935316E-04   -0.1207317E-02    0.1158462E-03    0.5313663E-03   -0.1833319E-02   -0.6197462E-01   -0.1250210E-02   -0.6009079E-03    0.1558428E-02    0.4878272E-05   -0.1954198E+01   -0.8155212E-01    0.3931799E+01   -0.3073197E+02   -0.4296560E+01    0.8117445E+01    0.7334118E+01   -0.3198788E+01   -0.1805270E+00    0.7151229E-01    0.2372014E+01    0.2149760E+01    0.1971144E-03   -0.4045605E-03
   -0.1509158E-03    0.2084950E-01   -0.2004699E-02   -0.2986037E-02    0.1095646E+00    0.1121166E+01    0.4157898E-01    0.7170864E-02   -0.9672852E-02    0.3540929E-02    0.4676587E+02   -0.5018160E+00   -0.3073197E+02    0.7947168E+03    0.8042160E+02   -0.5759624E+02   -0.7152871E+02    0.1750208E+02   -0.3363256E+01    0.3541587E+01   -0.1103344E+02   -0.1674845E+02    0.6216475E-02    0.4510590E-02
   -0.2093478E-03    0.8720093E-02   -0.8841939E-03   -0.6101091E-02    0.1296108E+00    0.4392263E+00    0.8431394E-02    0.3497160E-02    0.1321346E-02    0.7280786E-03    0.3292268E+01    0.8876216E+00   -0.4296560E+01    0.8042160E+02    0.6666323E+02    0.4483098E+02    0.1828565E+02   -0.3733870E+01   -0.1939383E+00   -0.1069944E+01    0.3927423E+01    0.3619289E+01    0.9657726E-04    0.4488977E-03
   -0.7635794E-04    0.8180701E-03   -0.1566843E-03   -0.1320407E-02    0.9167345E-01    0.4576159E-01    0.3178427E-02    0.2502747E-02    0.1099600E-01    0.5467119E-03   -0.2023357E+02    0.1696395E+01    0.8117445E+01   -0.5759624E+02    0.4483098E+02    0.9753230E+02    0.6906565E+02   -0.1332042E+02   -0.5854479E+00   -0.4347877E+00    0.4648262E+01    0.5416794E+01    0.7800892E-03   -0.2565530E-02
   -0.1727656E-04   -0.2317042E-02    0.1688836E-03   -0.8378720E-04    0.7112678E-01   -0.1071942E+00    0.2301075E-02    0.1668194E-02    0.1141954E-01    0.1434151E-02   -0.6090617E+02    0.6805064E+00    0.7334118E+01   -0.7152871E+02    0.1828565E+02    0.6906565E+02    0.1244900E+03   -0.1197107E+02   -0.4394711E+00   -0.4127626E+00   -0.3198271E+00    0.1527649E+02    0.7613619E-03   -0.7748373E-02
   -0.2184084E-04    0.2103457E-02   -0.1987666E-03   -0.8221015E-03   -0.1539380E-02    0.1044670E+00    0.1580222E-02    0.2647258E-03   -0.1496917E-02   -0.1836552E-05    0.1000199E+01    0.8037549E-01   -0.3198788E+01    0.1750208E+02   -0.3733870E+01   -0.1332042E+02   -0.1197107E+02    0.7132012E+01    0.1468452E+00   -0.5493909E-01   -0.2102220E+01   -0.1812998E+01   -0.1473682E-03    0.2733614E-03
    0.9612718E-05    0.1782898E-03   -0.2033089E-04    0.2576814E-03   -0.4425493E-04    0.9832355E-02    0.4829684E-03    0.6728337E-03   -0.3764212E-03   -0.3300852E-04   -0.8461759E-02    0.2088417E-02   -0.1805270E+00   -0.3363256E+01   -0.1939383E+00   -0.5854479E+00   -0.4394711E+00    0.1468452E+00    0.3474095E+01    0.4767866E+00    0.2309589E+00    0.3352678E+00    0.2849853E-03    0.2660795E-04
    0.8106552E-05    0.2361460E-03   -0.3639755E-04    0.4333553E-03    0.4789022E-02    0.1582692E-01    0.7875423E-03    0.4025959E-03    0.7087126E-03   -0.1609703E-04    0.7949657E-01    0.2073205E-02    0.7151229E-01    0.3541587E+01   -0.1069944E+01   -0.4347877E+00   -0.4127626E+00   -0.5493909E-01    0.4767866E+00    0.3437156E+01    0.2676351E+01    0.1822091E+01   -0.2826215E-03   -0.2359538E-03
   -0.8192969E-05    0.4152643E-03   -0.5944408E-04   -0.1058594E-02    0.1236079E-01    0.1833599E-01   -0.1579428E-02   -0.3163380E-03    0.4509769E-03   -0.4540052E-04   -0.1889935E+01    0.7171265E-01    0.2372014E+01   -0.1103344E+02    0.3927423E+01    0.4648262E+01   -0.3198271E+00   -0.2102220E+01    0.2309589E+00    0.2676351E+01    0.1719580E+02    0.2566212E+02    0.6455303E-05    0.2495468E-02
   -0.2463347E-05   -0.1144619E-03    0.9654606E-06   -0.2510090E-02    0.6395258E-02   -0.1635613E-01   -0.3640038E-02   -0.5996423E-03    0.2658884E-03    0.6283937E-03   -0.1859321E+02    0.8827240E-01    0.2149760E+01   -0.1674845E+02    0.3619289E+01    0.5416794E+01    0.1527649E+02   -0.1812998E+01    0.3352678E+00    0.1822091E+01    0.2566212E+02    0.5449316E+02    0.1028389E-03    0.4522663E-02
    0.6434556E-08   -0.3935821E-07    0.4558054E-08    0.2380531E-06   -0.2325519E-05    0.1318767E-05    0.6803791E-06    0.3692837E-07   -0.1074039E-06    0.7927333E-08   -0.2925944E-03    0.6483707E-05    0.1971144E-03    0.6216475E-02    0.9657726E-04    0.7800892E-03    0.7613619E-03   -0.1473682E-03    0.2849853E-03   -0.2826215E-03    0.6455303E-05    0.1028389E-03    0.6102164E-06   -0.5693778E-09
   -0.8410764E-08    0.5273736E-06   -0.5054256E-07   -0.7090330E-06    0.4586715E-05    0.2450640E-04   -0.4425618E-06    0.9754403E-07   -0.1031372E-06   -0.3335775E-07    0.4444583E-02   -0.1725071E-04   -0.4045605E-03    0.4510590E-02    0.4488977E-03   -0.2565530E-02   -0.7748373E-02    0.2733614E-03    0.2660795E-04   -0.2359538E-03    0.2495468E-02    0.4522663E-02   -0.5693778E-09    0.2098414E-05
