# omegabh2 omegach2 theta tau logA ns calPlanck galfEE100 galfEE100143 galfEE100217 galfEE143 galfEE143217 galfEE217
    0.1735356E-05   -0.5592241E-05    0.3992815E-06    0.3704456E-05    0.1438877E-04    0.1368021E-04    0.8244636E-07    0.1766164E-06    0.9946067E-07    0.9316922E-06    0.7064233E-07    0.2935667E-05    0.4360630E-05
   -0.5592241E-05    0.2546081E-04   -0.1788162E-05   -0.1651489E-04   -0.2644548E-04   -0.6389185E-04   -0.3435215E-06   -0.4362440E-05   -0.5028621E-05   -0.5906445E-05   -0.5099922E-05   -0.1104344E-04   -0.2248441E-04
    0.3992815E-06   -0.1788162E-05    0.8805516E-06    0.1060512E-05    0.1111838E-05    0.5324601E-05    0.4795285E-07    0.3443087E-06    0.3244848E-06    0.3297090E-06    0.3769991E-06   -0.2494278E-06   -0.9851809E-06
    0.3704456E-05   -0.1651489E-04    0.1060512E-05    0.3933024E-03    0.7948781E-03    0.5888354E-04    0.1900456E-05    0.1145833E-05    0.2935917E-05    0.7509125E-05    0.3285500E-05   -0.7084951E-05    0.1337438E-04
    0.1438877E-04   -0.2644548E-04    0.1111838E-05    0.7948781E-03    0.1801445E-02    0.1116721E-03    0.1706193E-04   -0.1074709E-04   -0.1150656E-04    0.2835481E-05   -0.1029979E-04   -0.2905118E-04   -0.2780848E-04
    0.1368021E-04   -0.6389185E-04    0.5324601E-05    0.5888354E-04    0.1116721E-03    0.2700277E-03    0.1598382E-05    0.2695455E-04    0.3074538E-04    0.9703322E-05    0.3229875E-04    0.9533834E-05   -0.1106329E-04
    0.8244636E-07   -0.3435215E-06    0.4795285E-07    0.1900456E-05    0.1706193E-04    0.1598382E-05    0.6270782E-05    0.8062119E-06    0.5606041E-06   -0.1759231E-06    0.1324018E-05   -0.4201097E-06    0.2598754E-05
    0.1766164E-06   -0.4362440E-05    0.3443087E-06    0.1145833E-05   -0.1074709E-04    0.2695455E-04    0.8062119E-06    0.3634055E-04    0.1360385E-04    0.1565538E-05    0.9013170E-05    0.2298719E-05    0.2798966E-05
    0.9946067E-07   -0.5028621E-05    0.3244848E-06    0.2935917E-05   -0.1150656E-04    0.3074538E-04    0.5606041E-06    0.1360385E-04    0.3087207E-04    0.8278435E-06    0.1886370E-04    0.2347745E-05   -0.1485590E-05
    0.9316922E-06   -0.5906445E-05    0.3297090E-06    0.7509125E-05    0.2835481E-05    0.9703322E-05   -0.1759231E-06    0.1565538E-05    0.8278435E-06    0.1053280E-02    0.2367460E-06   -0.2228611E-04    0.4632448E-04
    0.7064233E-07   -0.5099922E-05    0.3769991E-06    0.3285500E-05   -0.1029979E-04    0.3229875E-04    0.1324018E-05    0.9013170E-05    0.1886370E-04    0.2367460E-06    0.5467355E-04    0.3527765E-05    0.9105052E-05
    0.2935667E-05   -0.1104344E-04   -0.2494278E-06   -0.7084951E-05   -0.2905118E-04    0.9533834E-05   -0.4201097E-06    0.2298719E-05    0.2347745E-05   -0.2228611E-04    0.3527765E-05    0.2162088E-02    0.1333618E-03
    0.4360630E-05   -0.2248441E-04   -0.9851809E-06    0.1337438E-04   -0.2780848E-04   -0.1106329E-04    0.2598754E-05    0.2798966E-05   -0.1485590E-05    0.4632448E-04    0.9105052E-05    0.1333618E-03    0.1688227E-01
