# omegabh2 omegach2 theta tau logA ns calPlanck
  5.0467035E-08  -7.0561988E-08   1.4605532E-08   1.9666436E-07   7.0658800E-07   1.1357591E-06  -8.9756336E-10
 -7.0561988E-08   1.2319130E-06   2.8036983E-09  -1.9631709E-06  -2.7033251E-06  -4.2782856E-06  -1.5810161E-07
  1.4605532E-08   2.8036983E-09   2.1100533E-07   1.3495312E-07   5.6934623E-07   4.0633460E-07   1.4102256E-08
  1.9666436E-07  -1.9631709E-06   1.3495312E-07   3.6401124E-05   6.6228478E-05   1.0764341E-05  -4.1671474E-07
  7.0658800E-07  -2.7033251E-06   5.6934623E-07   6.6228478E-05   1.6753356E-04   2.8345655E-05   1.0090495E-05
  1.1357591E-06  -4.2782856E-06   4.0633460E-07   1.0764341E-05   2.8345655E-05   9.7880561E-05  -2.8004987E-07
 -8.9756336E-10  -1.5810161E-07   1.4102256E-08  -4.1671474E-07   1.0090495E-05  -2.8004987E-07   5.9894161E-06
