# omegabh2 omegach2 theta tau w logA ns calPlanck aps100 aps143 aps217 acib217 asz143 psr cibr xi aksz dust100 dust143 dust217 dust143x217 cal0 cal2
  3.8654856E-08  -7.6612568E-08   2.4745722E-08   3.0458615E-07   1.8002460E-06   6.0882730E-07   3.1375784E-07   3.1233754E-08  -5.9532102E-04  -4.4128243E-04   1.1617418E-04  -2.0462749E-04   2.3074996E-05   1.4510969E-06  -4.0077074E-06   1.9645798E-06  -4.5714012E-05   1.5433354E-06  -6.4294877E-07   9.6944812E-07  -1.3225873E-07   7.9529770E-09  -1.2918539E-08
 -7.6612568E-08   1.5136531E-06  -9.0029018E-08  -3.2533041E-06  -2.2721713E-05  -3.8273885E-06  -3.3488787E-06  -3.6597774E-07   7.7122736E-04   7.4262071E-04  -3.9886027E-04   3.5944766E-04  -5.8774524E-05  -5.0711727E-06   1.3740229E-05  -1.2650271E-06   1.1586219E-04   1.6079965E-06   4.4695077E-06  -1.5813564E-06  -3.0863174E-06  -6.1554795E-08   4.6782591E-08
  2.4745722E-08  -9.0029018E-08   1.8331664E-07   3.5226443E-07   3.4023270E-06   8.0465699E-07   4.4420530E-07   5.0003925E-08   7.0683327E-05  -7.5562760E-05  -2.6663339E-05  -3.2219668E-05  -8.9578398E-06  -1.6689717E-07  -1.0560867E-06   1.7572796E-06   8.9263714E-06   2.0637841E-08  -4.4971835E-07   7.4142475E-07   1.2122009E-06   5.9940524E-10   4.5522800E-09
  3.0458615E-07  -3.2533041E-06   3.5226443E-07   4.4196438E-05   5.7460043E-05   7.8789466E-05   1.0048110E-05  -6.6318278E-07  -7.4191474E-03  -4.2785816E-03   1.3038644E-03  -2.2514089E-03   9.9661835E-05   2.9553056E-05  -7.6475341E-05   3.8159022E-05  -5.2752500E-04  -7.2397020E-06   8.3214441E-06   1.4787977E-07   5.1586956E-06  -1.4450330E-07  -3.5863602E-07
  1.8002460E-06  -2.2721713E-05   3.4023270E-06   5.7460043E-05   1.0961315E-03   7.9857155E-05   5.4027640E-05   5.8137074E-06  -2.1154116E-02  -1.5034690E-02   1.0787961E-02  -9.5850946E-03   1.4124996E-03   1.2620235E-04  -1.3621540E-04   2.5224642E-04  -2.3397194E-03  -2.9593250E-05  -5.4338659E-05   4.4161963E-05  -2.6369233E-05   1.0576428E-06  -4.1071632E-07
  6.0882730E-07  -3.8273885E-06   8.0465699E-07   7.8789466E-05   7.9857155E-05   1.7140410E-04   1.3257354E-05   1.0163321E-05  -7.1239147E-03  -6.5050881E-03   9.7564519E-03  -5.3035358E-03   1.3347271E-04   8.5965289E-05  -2.0993090E-04   1.0780636E-04  -1.7779845E-03  -4.2749316E-06  -6.8713348E-05   1.4090839E-05  -5.9829011E-06   3.8347143E-07  -7.6241908E-07
  3.1375784E-07  -3.3488787E-06   4.4420530E-07   1.0048110E-05   5.4027640E-05   1.3257354E-05   1.8925101E-05   1.1132015E-06  -2.4359249E-02  -8.7127788E-03   1.0588937E-02  -7.2947441E-03   6.2217645E-04   8.0359527E-05  -1.6319008E-04   6.4310712E-05  -2.3795293E-03   2.1211710E-05  -4.0432017E-05   3.4115288E-05   4.6403338E-06  -1.9759493E-07  -5.5907789E-07
  3.1233754E-08  -3.6597774E-07   5.0003925E-08  -6.6318278E-07   5.8137074E-06   1.0163321E-05   1.1132015E-06   6.1552613E-06   3.8887205E-03  -1.1982463E-05   1.3634242E-03   4.4647371E-04  -2.7249722E-05   4.1917417E-06  -1.7089804E-05  -7.2678919E-06  -2.4443854E-05   9.4526417E-06   2.4539737E-06   3.6441976E-06   2.7214014E-06   6.3961076E-08  -7.4904171E-08
 -5.9532102E-04   7.7122736E-04   7.0683327E-05  -7.4191474E-03  -2.1154116E-02  -7.1239147E-03  -2.4359249E-02   3.8887205E-03   6.2015875E+02   6.5487903E+01  -5.3288450E+01   3.0238118E+01  -2.5066855E+01  -8.5481680E-01  -2.8444313E-02  -2.2210233E-01   1.0932047E+01  -2.1946939E-01   2.1666114E-01  -2.2072550E-01  -2.3590201E-01   6.9858427E-03   2.8394628E-03
 -4.4128243E-04   7.4262071E-04  -7.5562760E-05  -4.2785816E-03  -1.5034690E-02  -6.5050881E-03  -8.7127788E-03  -1.1982463E-05   6.5487903E+01   6.8580543E+01   9.1331764E+00   7.7143266E+00  -4.6761545E-01  -1.5765940E-02   4.8278690E-01   8.4659677E-01  -8.3176531E+00  -2.9851185E-02  -2.2275297E-01   3.8394786E-02   4.1670363E-02   9.9180124E-04   6.8163275E-04
  1.1617418E-04  -3.9886027E-04  -2.6663339E-05   1.3038644E-03   1.0787961E-02   9.7564519E-03   1.0588937E-02   1.3634242E-03  -5.3288450E+01   9.1331764E+00   1.8035842E+02  -8.5976717E+01   2.4204378E+00   3.5355002E-01  -1.1039772E+00   2.9425259E-01  -7.3553147E+00   2.0783708E-02  -2.9956014E-01   5.6514775E-01   6.6964353E-03   2.0337118E-03  -8.0577883E-03
 -2.0462749E-04   3.5944766E-04  -3.2219668E-05  -2.2514089E-03  -9.5850946E-03  -5.3035358E-03  -7.2947441E-03   4.4647371E-04   3.0238118E+01   7.7143266E+00  -8.5976717E+01   5.3932044E+01   1.7927630E+00  -5.6304259E-02   7.7246333E-01  -2.2586213E-01  -2.7340520E+00  -1.2500768E-03   1.7196025E-01  -4.5891276E-01  -1.2795548E-01  -6.6663973E-04   3.3616173E-03
  2.3074996E-05  -5.8774524E-05  -8.9578398E-06   9.9661835E-05   1.4124996E-03   1.3347271E-04   6.2217645E-04  -2.7249722E-05  -2.5066855E+01  -4.6761545E-01   2.4204378E+00   1.7927630E+00   4.3057033E+00   9.9176415E-02   1.4864979E-01  -4.8212698E-02  -3.5339322E+00   2.7078655E-03  -6.8747219E-03   8.0322821E-03   5.3091389E-02   4.7327564E-04  -1.8465523E-04
  1.4510969E-06  -5.0711727E-06  -1.6689717E-07   2.9553056E-05   1.2620235E-04   8.5965289E-05   8.0359527E-05   4.1917417E-06  -8.5481680E-01  -1.5765940E-02   3.5355002E-01  -5.6304259E-02   9.9176415E-02   1.6089305E-02  -1.6467778E-02   1.1699568E-02  -1.0417938E-01  -7.9661170E-04  -1.3564683E-03  -2.4667009E-03   5.3521205E-03   1.7434741E-05  -3.5645559E-05
 -4.0077074E-06   1.3740229E-05  -1.0560867E-06  -7.6475341E-05  -1.3621540E-04  -2.0993090E-04  -1.6319008E-04  -1.7089804E-05  -2.8444313E-02   4.8278690E-01  -1.1039772E+00   7.7246333E-01   1.4864979E-01  -1.6467778E-02   6.6458013E-02   4.1582127E-03  -1.5051353E-01   1.6667941E-03   7.0166038E-03  -9.2633317E-04  -1.8129854E-02  -8.0618824E-06   9.6196965E-05
  1.9645798E-06  -1.2650271E-06   1.7572796E-06   3.8159022E-05   2.5224642E-04   1.0780636E-04   6.4310712E-05  -7.2678919E-06  -2.2210233E-01   8.4659677E-01   2.9425259E-01  -2.2586213E-01  -4.8212698E-02   1.1699568E-02   4.1582127E-03   8.1698483E-02   4.1118969E-02  -7.5456746E-04   4.5894779E-04   3.8254059E-04   1.8304374E-04   1.1770993E-05  -8.0285886E-06
 -4.5714012E-05   1.1586219E-04   8.9263714E-06  -5.2752500E-04  -2.3397194E-03  -1.7779845E-03  -2.3795293E-03  -2.4443854E-05   1.0932047E+01  -8.3176531E+00  -7.3553147E+00  -2.7340520E+00  -3.5339322E+00  -1.0417938E-01  -1.5051353E-01   4.1118969E-02   7.5020335E+00  -1.3393697E-02   5.5886909E-04  -9.4266203E-04  -4.5288967E-02  -4.1454274E-04   9.9646374E-05
  1.5433354E-06   1.6079965E-06   2.0637841E-08  -7.2397020E-06  -2.9593250E-05  -4.2749316E-06   2.1211710E-05   9.4526417E-06  -2.1946939E-01  -2.9851185E-02   2.0783708E-02  -1.2500768E-03   2.7078655E-03  -7.9661170E-04   1.6667941E-03  -7.5456746E-04  -1.3393697E-02   3.6773117E-02   2.8040919E-03   1.6816201E-04   2.2158041E-04   3.6205067E-05  -3.6938671E-06
 -6.4294877E-07   4.4695077E-06  -4.4971835E-07   8.3214441E-06  -5.4338659E-05  -6.8713348E-05  -4.0432017E-05   2.4539737E-06   2.1666114E-01  -2.2275297E-01  -2.9956014E-01   1.7196025E-01  -6.8747219E-03  -1.3564683E-03   7.0166038E-03   4.5894779E-04   5.5886909E-04   2.8040919E-03   3.1201405E-02  -7.5862439E-04   5.2224035E-03  -8.4427346E-05  -4.3106407E-05
  9.6944812E-07  -1.5813564E-06   7.4142475E-07   1.4787977E-07   4.4161963E-05   1.4090839E-05   3.4115288E-05   3.6441976E-06  -2.2072550E-01   3.8394786E-02   5.6514775E-01  -4.5891276E-01   8.0322821E-03  -2.4667009E-03  -9.2633317E-04   3.8254059E-04  -9.4266203E-04   1.6816201E-04  -7.5862439E-04   1.0748685E-02   8.8267797E-03   5.3308996E-06   6.1871875E-05
 -1.3225873E-07  -3.0863174E-06   1.2122009E-06   5.1586956E-06  -2.6369233E-05  -5.9829011E-06   4.6403338E-06   2.7214014E-06  -2.3590201E-01   4.1670363E-02   6.6964353E-03  -1.2795548E-01   5.3091389E-02   5.3521205E-03  -1.8129854E-02   1.8304374E-04  -4.5288967E-02   2.2158041E-04   5.2224035E-03   8.8267797E-03   2.6990832E-02  -2.5794187E-06   6.0282780E-05
  7.9529770E-09  -6.1554795E-08   5.9940524E-10  -1.4450330E-07   1.0576428E-06   3.8347143E-07  -1.9759493E-07   6.3961076E-08   6.9858427E-03   9.9180124E-04   2.0337118E-03  -6.6663973E-04   4.7327564E-04   1.7434741E-05  -8.0618824E-06   1.1770993E-05  -4.1454274E-04   3.6205067E-05  -8.4427346E-05   5.3308996E-06  -2.5794187E-06   1.1471812E-06   4.7692131E-08
 -1.2918539E-08   4.6782591E-08   4.5522800E-09  -3.5863602E-07  -4.1071632E-07  -7.6241908E-07  -5.5907789E-07  -7.4904171E-08   2.8394628E-03   6.8163275E-04  -8.0577883E-03   3.3616173E-03  -1.8465523E-04  -3.5645559E-05   9.6196965E-05  -8.0285886E-06   9.9646374E-05  -3.6938671E-06  -4.3106407E-05   6.1871875E-05   6.0282780E-05   4.7692131E-08   2.5052878E-06
