# omegabh2 omegach2 theta tau logA ns r calPlanck acib217 xi asz143 aps100 aps143 aps143217 aps217 aksz kgal100 kgal143 kgal143217 kgal217 galfEE100 galfEE100143 galfEE100217 galfEE143 galfEE143217 galfEE217 galfTE100 galfTE100143 galfTE100217 galfTE143 galfTE143217 galfTE217 cal0 cal2
    0.1995830E-07   -0.6835486E-07    0.1304623E-07    0.5616522E-06    0.1066850E-05    0.2015362E-06   -0.2317638E-08    0.1432650E-07   -0.9935393E-04    0.2298200E-05    0.2348965E-04   -0.3431080E-03   -0.1877768E-03   -0.9743998E-05    0.5628427E-04   -0.4279226E-04    0.1260112E-05   -0.7684046E-05   -0.8816582E-05    0.1601887E-04    0.2932475E-07    0.4213780E-07    0.5584829E-07    0.4359196E-07    0.1456201E-06    0.1279066E-06   -0.9278965E-08   -0.2329010E-07   -0.1440891E-06   -0.2081677E-06   -0.6767993E-06   -0.1957958E-05    0.5446545E-08   -0.9753844E-08
   -0.6835486E-07    0.1081270E-05   -0.6739043E-07   -0.6577669E-05   -0.1069380E-04   -0.2755412E-05   -0.1830277E-05   -0.8579202E-07    0.2279726E-03   -0.9403267E-05   -0.7883498E-04    0.1111088E-02    0.6877712E-03    0.1325294E-03    0.4924907E-04    0.1572476E-03    0.1464291E-04   -0.6687162E-06   -0.9320525E-05   -0.3416183E-04   -0.3656517E-06   -0.4018047E-06   -0.2073768E-06   -0.3873547E-06   -0.2915757E-06    0.6522535E-06    0.2114593E-06    0.2864357E-06   -0.5238628E-06    0.4933132E-06    0.1398354E-05    0.1120244E-04   -0.2710766E-08    0.1303977E-07
    0.1304623E-07   -0.6739043E-07    0.9082992E-07    0.1032164E-05    0.2017163E-05    0.3148422E-06   -0.2547234E-07    0.1315516E-07   -0.2970296E-04    0.6570536E-06    0.5327800E-06   -0.6266496E-04   -0.3562259E-04   -0.1903749E-04    0.4130414E-05   -0.1750131E-04   -0.2290831E-05   -0.5658214E-05    0.2135605E-05    0.2118149E-04    0.3655795E-07    0.2232987E-07   -0.6562311E-07    0.1591983E-07   -0.8165001E-08    0.1668506E-06   -0.6561700E-07    0.7379591E-07   -0.7320286E-07   -0.2848114E-07   -0.5668756E-06   -0.1487011E-05    0.2200276E-08    0.3636811E-08
    0.5616522E-06   -0.6577669E-05    0.1032164E-05    0.1514238E-03    0.2756502E-03    0.2369892E-04    0.2136659E-05   -0.4569717E-05   -0.4781976E-02    0.8268820E-04    0.1299726E-02   -0.2408312E-01   -0.8602591E-02   -0.5556415E-03    0.7352357E-03   -0.2544893E-02    0.2811082E-03    0.4589392E-04   -0.9459065E-04    0.2161807E-04    0.2133908E-05    0.2735928E-05   -0.1960376E-05    0.3054016E-05    0.1552914E-06    0.2094759E-06   -0.5378449E-05   -0.4636652E-06    0.1320232E-04   -0.1513428E-04   -0.1977231E-04   -0.1002950E-03   -0.1163236E-06   -0.5030965E-06
    0.1066850E-05   -0.1069380E-04    0.2017163E-05    0.2756502E-03    0.5304515E-03    0.3959955E-04   -0.7366893E-05    0.2925086E-05   -0.9197475E-02    0.1968240E-03    0.2699389E-02   -0.4328530E-01   -0.1461720E-01    0.2629223E-02    0.7758773E-02   -0.5646375E-02    0.2647008E-03   -0.3260034E-03   -0.3088252E-03    0.1748015E-02    0.4607466E-05    0.4614403E-05   -0.5280967E-05    0.5983556E-05    0.1129956E-05    0.9970695E-05   -0.9684416E-05   -0.7735933E-06    0.1826341E-04   -0.2511006E-04   -0.4005964E-04   -0.1638821E-03   -0.8687449E-08   -0.1102303E-05
    0.2015362E-06   -0.2755412E-05    0.3148422E-06    0.2369892E-04    0.3959955E-04    0.1645569E-04    0.2005823E-04    0.2082798E-06   -0.4788738E-02    0.1301925E-03    0.1101391E-02   -0.2448330E-01   -0.5748975E-02    0.3371909E-02    0.6030849E-02   -0.2567106E-02    0.2001247E-03   -0.2627542E-03   -0.5107177E-03    0.4474367E-03    0.1862697E-05    0.2296432E-05   -0.1119481E-05    0.2287017E-05    0.1884210E-05   -0.5458690E-06   -0.4678659E-06    0.1399300E-05    0.2081282E-05    0.2353284E-05   -0.1741477E-05   -0.2641702E-04   -0.1076004E-06   -0.3486602E-06
   -0.2317638E-08   -0.1830277E-05   -0.2547234E-07    0.2136659E-05   -0.7366893E-05    0.2005823E-04    0.1382985E-02   -0.1299345E-05   -0.8277750E-02    0.3257801E-03    0.2868664E-02   -0.2240981E-01   -0.5039377E-02    0.1211192E-01    0.1128725E-01   -0.3031270E-02   -0.2325463E-02   -0.5961788E-03    0.1727705E-02    0.3023131E-02   -0.1654878E-04   -0.2118521E-04    0.1858395E-05   -0.1784411E-04    0.3478232E-05   -0.3410818E-04    0.2441094E-04    0.2665935E-04    0.1259906E-04    0.5416331E-04   -0.2899873E-05    0.5863442E-04    0.9336221E-07   -0.4053644E-06
    0.1432650E-07   -0.8579202E-07    0.1315516E-07   -0.4569717E-05    0.2925086E-05    0.2082798E-06   -0.1299345E-05    0.6083481E-05    0.7879336E-03   -0.3609419E-05    0.1213019E-03    0.2193668E-02    0.1913515E-03    0.4066512E-03    0.1275105E-02   -0.5112883E-04   -0.4051902E-04    0.2838673E-04    0.1524698E-03    0.8475257E-03    0.8239892E-06    0.3217642E-06   -0.4166189E-06    0.7286267E-06    0.1208106E-05    0.2014775E-05   -0.1133281E-06   -0.2481774E-06   -0.4032373E-05    0.2576166E-05   -0.4532969E-06    0.6099112E-05   -0.7226736E-08   -0.1999117E-07
   -0.9935393E-04    0.2279726E-03   -0.2970296E-04   -0.4781976E-02   -0.9197475E-02   -0.4788738E-02   -0.8277750E-02    0.7879336E-03    0.4390001E+02   -0.4969172E+00   -0.1757199E+01    0.4187462E+02   -0.3373712E+00   -0.2225936E+02   -0.6220829E+02    0.3437933E+00   -0.4317243E+00    0.1607987E+00   -0.2036988E+01   -0.1868121E+02    0.2125589E-03   -0.3530713E-04   -0.2198239E-02   -0.4608140E-04    0.4883610E-02    0.6578928E-02    0.1344794E-02    0.2133128E-02   -0.1075700E-02    0.2689047E-02    0.6669855E-02    0.1167990E-01   -0.3902950E-03    0.4438053E-02
    0.2298200E-05   -0.9403267E-05    0.6570536E-06    0.8268820E-04    0.1968240E-03    0.1301925E-03    0.3257801E-03   -0.3609419E-05   -0.4969172E+00    0.7991312E-01   -0.7066927E-01   -0.4259431E+00    0.1054266E+01    0.1921868E+01    0.7964455E+00    0.6387358E-01    0.1578013E-02   -0.4955929E-02    0.8908028E-01    0.9008909E-01   -0.3239328E-05    0.2028282E-04   -0.4288182E-03    0.1020000E-04   -0.7059106E-04   -0.2566932E-03   -0.1147334E-03   -0.3810207E-04   -0.1614315E-03   -0.5793450E-04   -0.2229076E-03   -0.4557701E-03    0.1347895E-04   -0.1900101E-04
    0.2348965E-04   -0.7883498E-04    0.5327800E-06    0.1299726E-02    0.2699389E-02    0.1101391E-02    0.2868664E-02    0.1213019E-03   -0.1757199E+01   -0.7066927E-01    0.3607506E+01   -0.2833975E+02   -0.3898197E+01    0.7242246E+01    0.6774902E+01   -0.2516711E+01   -0.1249235E+00    0.1031649E+00    0.2364363E+01    0.2256471E+01    0.2731922E-04    0.7795254E-04    0.1429754E-02    0.7124950E-04    0.1025757E-02    0.4226488E-02   -0.6176312E-04    0.1295440E-03    0.1555407E-02    0.8082564E-03   -0.4907039E-03   -0.7140108E-02    0.1615739E-03   -0.3442726E-03
   -0.3431080E-03    0.1111088E-02   -0.6266496E-04   -0.2408312E-01   -0.4328530E-01   -0.2448330E-01   -0.2240981E-01    0.2193668E-02    0.4187462E+02   -0.4259431E+00   -0.2833975E+02    0.7516878E+03    0.6746328E+02   -0.5770036E+02   -0.7150301E+02    0.1206858E+02   -0.4225599E+01    0.2883381E+01   -0.1199512E+02   -0.1835468E+02   -0.1512124E-04   -0.2946753E-02   -0.9539124E-02   -0.3816807E-02   -0.1080426E-01   -0.2641393E-01    0.5802661E-03   -0.1037205E-02    0.3028763E-02   -0.1121206E-01    0.3246003E-01    0.9567677E-01    0.5826785E-02    0.3485425E-02
   -0.1877768E-03    0.6877712E-03   -0.3562259E-04   -0.8602591E-02   -0.1461720E-01   -0.5748975E-02   -0.5039377E-02    0.1913515E-03   -0.3373712E+00    0.1054266E+01   -0.3898197E+01    0.6746328E+02    0.6057792E+02    0.4472886E+02    0.1764964E+02   -0.4441431E+01   -0.3713230E+00   -0.1123299E+01    0.3644158E+01    0.3718621E+01    0.1981950E-03   -0.9576023E-03   -0.9325515E-02   -0.1439209E-02   -0.4569963E-02    0.8213721E-02   -0.8345394E-03    0.1804104E-03   -0.6827745E-02   -0.3875470E-02    0.3530182E-02    0.2833597E-02    0.1592194E-03    0.2027214E-03
   -0.9743998E-05    0.1325294E-03   -0.1903749E-04   -0.5556415E-03    0.2629223E-02    0.3371909E-02    0.1211192E-01    0.4066512E-03   -0.2225936E+02    0.1921868E+01    0.7242246E+01   -0.5770036E+02    0.4472886E+02    0.9882396E+02    0.6788115E+02   -0.1147284E+02   -0.4571602E+00   -0.6284618E+00    0.4209451E+01    0.5226778E+01    0.1432935E-03   -0.1554627E-03   -0.7972145E-02   -0.9848739E-03   -0.8297670E-04    0.2001644E-01   -0.2208684E-02   -0.6334277E-03    0.3586579E-02   -0.4585489E-02   -0.2983893E-02   -0.3814735E-01    0.9005795E-03   -0.2476943E-02
    0.5628427E-04    0.4924907E-04    0.4130414E-05    0.7352357E-03    0.7758773E-02    0.6030849E-02    0.1128725E-01    0.1275105E-02   -0.6220829E+02    0.7964455E+00    0.6774902E+01   -0.7150301E+02    0.1764964E+02    0.6788115E+02    0.1236386E+03   -0.1008409E+02    0.1735381E+00   -0.5284787E+00   -0.6654699E+00    0.1529247E+02    0.2021817E-03   -0.1990576E-03    0.2151949E-02   -0.5366575E-03   -0.6267530E-02    0.9130104E-02   -0.2137340E-02   -0.1236300E-02    0.9103371E-02   -0.4872000E-02   -0.7011867E-02   -0.2419209E-01    0.8889201E-03   -0.7706036E-02
   -0.4279226E-04    0.1572476E-03   -0.1750131E-04   -0.2544893E-02   -0.5646375E-02   -0.2567106E-02   -0.3031270E-02   -0.5112883E-04    0.3437933E+00    0.6387358E-01   -0.2516711E+01    0.1206858E+02   -0.4441431E+01   -0.1147284E+02   -0.1008409E+02    0.5756243E+01    0.1438347E+00   -0.1049040E+00   -0.1891329E+01   -0.1685437E+01   -0.3546013E-03   -0.1216161E-03   -0.1502500E-03    0.9910387E-04   -0.5090394E-03   -0.1077428E-01   -0.1678195E-05   -0.6418290E-03   -0.2626620E-02    0.9087042E-03    0.5325127E-03    0.1098123E-01   -0.1141812E-03    0.1034646E-03
    0.1260112E-05    0.1464291E-04   -0.2290831E-05    0.2811082E-03    0.2647008E-03    0.2001247E-03   -0.2325463E-02   -0.4051902E-04   -0.4317243E+00    0.1578013E-02   -0.1249235E+00   -0.4225599E+01   -0.3713230E+00   -0.4571602E+00    0.1735381E+00    0.1438347E+00    0.3553456E+01    0.4150550E+00    0.1899329E+00    0.4634296E+00    0.3693332E-04    0.1930003E-04    0.3326728E-03   -0.9521493E-05   -0.1562635E-02    0.1615674E-02    0.4933466E-03    0.4410084E-03   -0.2377445E-02   -0.1281248E-02   -0.1727700E-02   -0.3468821E-02    0.3220118E-03   -0.1441450E-04
   -0.7684046E-05   -0.6687162E-06   -0.5658214E-05    0.4589392E-04   -0.3260034E-03   -0.2627542E-03   -0.5961788E-03    0.2838673E-04    0.1607987E+00   -0.4955929E-02    0.1031649E+00    0.2883381E+01   -0.1123299E+01   -0.6284618E+00   -0.5284787E+00   -0.1049040E+00    0.4150550E+00    0.3311995E+01    0.2554218E+01    0.1658742E+01    0.1535423E-04   -0.3704388E-04   -0.3390858E-03   -0.1713656E-03    0.1100190E-02   -0.3274556E-03   -0.1623725E-03   -0.4233919E-03   -0.8982240E-03   -0.1371171E-03    0.2870008E-03   -0.6374179E-02   -0.2987797E-03   -0.2229007E-03
   -0.8816582E-05   -0.9320525E-05    0.2135605E-05   -0.9459065E-04   -0.3088252E-03   -0.5107177E-03    0.1727705E-02    0.1524698E-03   -0.2036988E+01    0.8908028E-01    0.2364363E+01   -0.1199512E+02    0.3644158E+01    0.4209451E+01   -0.6654699E+00   -0.1891329E+01    0.1899329E+00    0.2554218E+01    0.1725923E+02    0.2573698E+02   -0.2942553E-03   -0.3545808E-03   -0.1054973E-02   -0.1520308E-03    0.1029872E-02    0.6205019E-02   -0.2517568E-02   -0.4842998E-03   -0.7630454E-02    0.1969462E-02   -0.4411686E-02   -0.9897245E-02   -0.2865912E-04    0.2449280E-02
    0.1601887E-04   -0.3416183E-04    0.2118149E-04    0.2161807E-04    0.1748015E-02    0.4474367E-03    0.3023131E-02    0.8475257E-03   -0.1868121E+02    0.9008909E-01    0.2256471E+01   -0.1835468E+02    0.3718621E+01    0.5226778E+01    0.1529247E+02   -0.1685437E+01    0.4634296E+00    0.1658742E+01    0.2573698E+02    0.5451616E+02   -0.5405058E-03   -0.7608675E-03    0.4179568E-03    0.2937104E-04   -0.4833336E-03    0.6477138E-02   -0.4508855E-02   -0.1983350E-02   -0.1292102E-01    0.2746448E-02   -0.1124409E-01   -0.1640074E-01    0.9938813E-04    0.4363894E-02
    0.2932475E-07   -0.3656517E-06    0.3655795E-07    0.2133908E-05    0.4607466E-05    0.1862697E-05   -0.1654878E-04    0.8239892E-06    0.2125589E-03   -0.3239328E-05    0.2731922E-04   -0.1512124E-04    0.1981950E-03    0.1432935E-03    0.2021817E-03   -0.3546013E-03    0.3693332E-04    0.1535423E-04   -0.2942553E-03   -0.5405058E-03    0.3218619E-04    0.8763092E-05    0.3526579E-05    0.3354101E-05    0.4125255E-05    0.2608282E-05   -0.1096969E-05    0.3485298E-06    0.9317243E-06    0.4124881E-05    0.1602375E-06   -0.8327899E-05   -0.1013353E-06   -0.5219557E-07
    0.4213780E-07   -0.4018047E-06    0.2232987E-07    0.2735928E-05    0.4614403E-05    0.2296432E-05   -0.2118521E-04    0.3217642E-06   -0.3530713E-04    0.2028282E-04    0.7795254E-04   -0.2946753E-02   -0.9576023E-03   -0.1554627E-03   -0.1990576E-03   -0.1216161E-03    0.1930003E-04   -0.3704388E-04   -0.3545808E-03   -0.7608675E-03    0.8763092E-05    0.2494684E-04   -0.1119723E-05    0.1268785E-04    0.3818109E-05   -0.1173096E-04   -0.3978891E-05   -0.6426142E-06    0.8552289E-05    0.2003961E-05   -0.1987144E-05    0.3744577E-05   -0.2604284E-07   -0.1337705E-06
    0.5584829E-07   -0.2073768E-06   -0.6562311E-07   -0.1960376E-05   -0.5280967E-05   -0.1119481E-05    0.1858395E-05   -0.4166189E-06   -0.2198239E-02   -0.4288182E-03    0.1429754E-02   -0.9539124E-02   -0.9325515E-02   -0.7972145E-02    0.2151949E-02   -0.1502500E-03    0.3326728E-03   -0.3390858E-03   -0.1054973E-02    0.4179568E-03    0.3526579E-05   -0.1119723E-05    0.1072166E-02   -0.9973275E-06   -0.2555518E-04    0.6033579E-04    0.5635457E-05   -0.8810444E-05   -0.3224726E-04   -0.3844401E-04   -0.3740185E-04    0.2194433E-04    0.1075008E-07   -0.5932932E-06
    0.4359196E-07   -0.3873547E-06    0.1591983E-07    0.3054016E-05    0.5983556E-05    0.2287017E-05   -0.1784411E-04    0.7286267E-06   -0.4608140E-04    0.1020000E-04    0.7124950E-04   -0.3816807E-02   -0.1439209E-02   -0.9848739E-03   -0.5366575E-03    0.9910387E-04   -0.9521493E-05   -0.1713656E-03   -0.1520308E-03    0.2937104E-04    0.3354101E-05    0.1268785E-04   -0.9973275E-06    0.4747593E-04    0.3532810E-05   -0.8785041E-05   -0.2824070E-05   -0.5112214E-05    0.6837182E-05   -0.2718834E-05   -0.1246806E-05    0.3615596E-04   -0.1901134E-06   -0.2087910E-07
    0.1456201E-06   -0.2915757E-06   -0.8165001E-08    0.1552914E-06    0.1129956E-05    0.1884210E-05    0.3478232E-05    0.1208106E-05    0.4883610E-02   -0.7059106E-04    0.1025757E-02   -0.1080426E-01   -0.4569963E-02   -0.8297670E-04   -0.6267530E-02   -0.5090394E-03   -0.1562635E-02    0.1100190E-02    0.1029872E-02   -0.4833336E-03    0.4125255E-05    0.3818109E-05   -0.2555518E-04    0.3532810E-05    0.2180960E-02    0.9832620E-04    0.1607984E-05   -0.1420510E-04    0.5017457E-04   -0.4831981E-04   -0.1965022E-04   -0.3359592E-04   -0.5402869E-06    0.5654716E-06
    0.1279066E-06    0.6522535E-06    0.1668506E-06    0.2094759E-06    0.9970695E-05   -0.5458690E-06   -0.3410818E-04    0.2014775E-05    0.6578928E-02   -0.2566932E-03    0.4226488E-02   -0.2641393E-01    0.8213721E-02    0.2001644E-01    0.9130104E-02   -0.1077428E-01    0.1615674E-02   -0.3274556E-03    0.6205019E-02    0.6477138E-02    0.2608282E-05   -0.1173096E-04    0.6033579E-04   -0.8785041E-05    0.9832620E-04    0.1712765E-01    0.1914087E-04    0.1481168E-04   -0.6674082E-04   -0.1342173E-06   -0.2122724E-03   -0.2714835E-03    0.4500135E-06    0.1362401E-05
   -0.9278965E-08    0.2114593E-06   -0.6561700E-07   -0.5378449E-05   -0.9684416E-05   -0.4678659E-06    0.2441094E-04   -0.1133281E-06    0.1344794E-02   -0.1147334E-03   -0.6176312E-04    0.5802661E-03   -0.8345394E-03   -0.2208684E-02   -0.2137340E-02   -0.1678195E-05    0.4933466E-03   -0.1623725E-03   -0.2517568E-02   -0.4508855E-02   -0.1096969E-05   -0.3978891E-05    0.5635457E-05   -0.2824070E-05    0.1607984E-05    0.1914087E-04    0.1443605E-02    0.2908123E-03    0.7892789E-04   -0.3915216E-03   -0.1074273E-03   -0.2371906E-03    0.2443625E-06   -0.3415065E-06
   -0.2329010E-07    0.2864357E-06    0.7379591E-07   -0.4636652E-06   -0.7735933E-06    0.1399300E-05    0.2665935E-04   -0.2481774E-06    0.2133128E-02   -0.3810207E-04    0.1295440E-03   -0.1037205E-02    0.1804104E-03   -0.6334277E-03   -0.1236300E-02   -0.6418290E-03    0.4410084E-03   -0.4233919E-03   -0.4842998E-03   -0.1983350E-02    0.3485298E-06   -0.6426142E-06   -0.8810444E-05   -0.5112214E-05   -0.1420510E-04    0.1481168E-04    0.2908123E-03    0.8492409E-03    0.6396656E-04    0.7280165E-03    0.3182398E-04   -0.7060431E-03    0.4344431E-06    0.4875991E-06
   -0.1440891E-06   -0.5238628E-06   -0.7320286E-07    0.1320232E-04    0.1826341E-04    0.2081282E-05    0.1259906E-04   -0.4032373E-05   -0.1075700E-02   -0.1614315E-03    0.1555407E-02    0.3028763E-02   -0.6827745E-02    0.3586579E-02    0.9103371E-02   -0.2626620E-02   -0.2377445E-02   -0.8982240E-03   -0.7630454E-02   -0.1292102E-01    0.9317243E-06    0.8552289E-05   -0.3224726E-04    0.6837182E-05    0.5017457E-04   -0.6674082E-04    0.7892789E-04    0.6396656E-04    0.7206285E-02   -0.3354758E-03    0.6556638E-03    0.4115627E-02    0.9038221E-06   -0.1965632E-05
   -0.2081677E-06    0.4933132E-06   -0.2848114E-07   -0.1513428E-04   -0.2511006E-04    0.2353284E-05    0.5416331E-04    0.2576166E-05    0.2689047E-02   -0.5793450E-04    0.8082564E-03   -0.1121206E-01   -0.3875470E-02   -0.4585489E-02   -0.4872000E-02    0.9087042E-03   -0.1281248E-02   -0.1371171E-03    0.1969462E-02    0.2746448E-02    0.4124881E-05    0.2003961E-05   -0.3844401E-04   -0.2718834E-05   -0.4831981E-04   -0.1342173E-06   -0.3915216E-03    0.7280165E-03   -0.3354758E-03    0.2898393E-02    0.4740492E-03   -0.8793222E-03    0.3534171E-06    0.1515745E-05
   -0.6767993E-06    0.1398354E-05   -0.5668756E-06   -0.1977231E-04   -0.4005964E-04   -0.1741477E-05   -0.2899873E-05   -0.4532969E-06    0.6669855E-02   -0.2229076E-03   -0.4907039E-03    0.3246003E-01    0.3530182E-02   -0.2983893E-02   -0.7011867E-02    0.5325127E-03   -0.1727700E-02    0.2870008E-03   -0.4411686E-02   -0.1124409E-01    0.1602375E-06   -0.1987144E-05   -0.3740185E-04   -0.1246806E-05   -0.1965022E-04   -0.2122724E-03   -0.1074273E-03    0.3182398E-04    0.6556638E-03    0.4740492E-03    0.6531086E-02    0.7979857E-02    0.8627790E-06   -0.8330068E-06
   -0.1957958E-05    0.1120244E-04   -0.1487011E-05   -0.1002950E-03   -0.1638821E-03   -0.2641702E-04    0.5863442E-04    0.6099112E-05    0.1167990E-01   -0.4557701E-03   -0.7140108E-02    0.9567677E-01    0.2833597E-02   -0.3814735E-01   -0.2419209E-01    0.1098123E-01   -0.3468821E-02   -0.6374179E-02   -0.9897245E-02   -0.1640074E-01   -0.8327899E-05    0.3744577E-05    0.2194433E-04    0.3615596E-04   -0.3359592E-04   -0.2714835E-03   -0.2371906E-03   -0.7060431E-03    0.4115627E-02   -0.8793222E-03    0.7979857E-02    0.6575649E-01    0.3875950E-05    0.5138392E-06
    0.5446545E-08   -0.2710766E-08    0.2200276E-08   -0.1163236E-06   -0.8687449E-08   -0.1076004E-06    0.9336221E-07   -0.7226736E-08   -0.3902950E-03    0.1347895E-04    0.1615739E-03    0.5826785E-02    0.1592194E-03    0.9005795E-03    0.8889201E-03   -0.1141812E-03    0.3220118E-03   -0.2987797E-03   -0.2865912E-04    0.9938813E-04   -0.1013353E-06   -0.2604284E-07    0.1075008E-07   -0.1901134E-06   -0.5402869E-06    0.4500135E-06    0.2443625E-06    0.4344431E-06    0.9038221E-06    0.3534171E-06    0.8627790E-06    0.3875950E-05    0.5998654E-06   -0.1569735E-07
   -0.9753844E-08    0.1303977E-07    0.3636811E-08   -0.5030965E-06   -0.1102303E-05   -0.3486602E-06   -0.4053644E-06   -0.1999117E-07    0.4438053E-02   -0.1900101E-04   -0.3442726E-03    0.3485425E-02    0.2027214E-03   -0.2476943E-02   -0.7706036E-02    0.1034646E-03   -0.1441450E-04   -0.2229007E-03    0.2449280E-02    0.4363894E-02   -0.5219557E-07   -0.1337705E-06   -0.5932932E-06   -0.2087910E-07    0.5654716E-06    0.1362401E-05   -0.3415065E-06    0.4875991E-06   -0.1965632E-05    0.1515745E-05   -0.8330068E-06    0.5138392E-06   -0.1569735E-07    0.2075643E-05
