# omegabh2 omegach2 theta tau nnu logA ns calPlanck aps100 aps143 aps217 acib217 asz143 psr cibr xi aksz dust100 dust143 dust217 dust143x217 cal0 cal2 calTE calEE
  2.7515181E-08   1.9312299E-07  -1.4753313E-08   1.9250934E-07   1.4695333E-05   9.3270466E-07   5.9119884E-07   1.5410980E-08  -1.1496019E-05  -5.7781043E-06  -4.7741786E-05   1.9387827E-05   2.5557339E-06  -4.6258283E-08   5.4106613E-07   8.4656863E-07   7.5347793E-07   8.0338172E-07   3.8065646E-07   1.4982241E-07   4.3534036E-07   3.8326988E-10   5.5816249E-09  -3.1593350E-08  -8.3996402E-08
  1.9312299E-07   9.6284782E-06  -9.4629453E-07  -1.7139359E-06   5.1513559E-04   1.8934154E-05   1.1672055E-05  -3.9061541E-07   1.4440017E-02   8.1606670E-03  -3.2635896E-03   4.3866528E-03  -3.9900696E-04  -3.1817934E-05   1.0160519E-04  -3.6536361E-05   9.2273102E-04  -2.4064716E-06   9.5966745E-06  -1.8769035E-05  -8.1434604E-06   2.5161617E-08   3.9943359E-07   2.5640816E-06   5.5972260E-06
 -1.4753313E-08  -9.4629453E-07   1.7887648E-07   1.1852138E-07  -5.3566101E-05  -1.9244746E-06  -1.2106075E-06   1.8439911E-08  -1.3785368E-03  -8.6345885E-04   3.2318793E-04  -4.4933918E-04   3.3177180E-05   2.4741004E-06  -1.0458257E-05   2.1701498E-06  -9.2004165E-05   9.1624958E-07  -5.8281764E-08   2.0724335E-06   9.2757959E-07  -1.0635205E-08  -4.2182033E-08  -3.4016346E-07  -6.2913518E-07
  1.9250934E-07  -1.7139359E-06   1.1852138E-07   6.2509012E-05  -1.0494049E-05   1.2086447E-04   6.3585746E-06  -5.8900728E-08  -1.1578993E-02  -4.3682964E-03   4.7862335E-03  -3.7747578E-03   2.2720393E-04   3.2710801E-05  -1.0073603E-04   1.4814938E-05  -1.1683375E-03   1.2583752E-05  -3.0532250E-05   1.7965440E-05   1.5314838E-05  -1.1339286E-07  -2.9680039E-07  -4.2944900E-06  -2.5029874E-06
  1.4695333E-05   5.1513559E-04  -5.3566101E-05  -1.0494049E-05   3.0988184E-02   1.1832204E-03   8.4161608E-04  -1.8112391E-05   8.0440415E-01   4.5492653E-01  -2.1199360E-01   2.5778233E-01  -2.2738561E-02  -1.8457643E-03   5.7852643E-03  -1.9190659E-03   5.7145217E-02   2.5438477E-04   9.2937564E-04  -1.0383120E-03  -1.5199294E-04   1.2863392E-06   2.3413158E-05   1.6043947E-04   3.6740834E-04
  9.3270466E-07   1.8934154E-05  -1.9244746E-06   1.2086447E-04   1.1832204E-03   3.1562659E-04   3.8634193E-05   1.1863223E-05   1.5737230E-02   1.2214069E-02   1.3018234E-02  -2.1283646E-04  -5.3301072E-04   2.8988019E-05  -6.8556530E-05   9.9372632E-06  -1.1473377E-03  -1.1495706E-05  -1.4724806E-04   2.6212601E-05   2.5461181E-05   6.1847601E-07   5.9312784E-08  -3.3982296E-06   1.0319972E-05
  5.9119884E-07   1.1672055E-05  -1.2106075E-06   6.3585746E-06   8.4161608E-04   3.8634193E-05   3.8039796E-05  -1.2732236E-07  -1.3954659E-03   5.2016038E-03   1.7954404E-03   1.3196035E-03  -1.8265722E-04   2.0213959E-06   4.5663887E-05   2.0203524E-05  -5.1877325E-05   4.3376280E-05   1.6956192E-05   3.6826440E-06   6.2758358E-06  -3.7490233E-07   2.9462150E-07   3.9481022E-06   6.9783047E-06
  1.5410980E-08  -3.9061541E-07   1.8439911E-08  -5.8900728E-08  -1.8112391E-05   1.1863223E-05  -1.2732236E-07   6.3276916E-06   2.1663448E-03   2.9421531E-04   3.0162981E-03  -4.4028292E-04  -3.4816758E-05   5.9707982E-06  -2.4925541E-05   1.7801254E-05  -7.7581939E-05  -6.5238942E-06  -7.5261876E-06   1.1039516E-05   7.6889511E-06   4.2056855E-08  -1.6368736E-07  -6.8169623E-07  -4.1011206E-07
 -1.1496019E-05   1.4440017E-02  -1.3785368E-03  -1.1578993E-02   8.0440415E-01   1.5737230E-02  -1.3954659E-03   2.1663448E-03   6.2797390E+02   7.1100925E+01  -5.1345569E+01   3.0584685E+01  -2.5384765E+01  -8.2962951E-01  -5.6312333E-02  -3.4574582E-01   1.1891821E+01  -1.9176689E-01   2.4675531E-01  -1.9629337E-01  -1.9819734E-01   6.9105774E-03   3.6510335E-03   5.2648025E-03   1.6834653E-02
 -5.7781043E-06   8.1606670E-03  -8.6345885E-04  -4.3682964E-03   4.5492653E-01   1.2214069E-02   5.2016038E-03   2.9421531E-04   7.1100925E+01   7.3492737E+01   8.7394595E+00   7.9801482E+00  -1.0488187E+00  -1.5236480E-02   4.5571697E-01   8.6615140E-01  -7.2733635E+00  -1.4097506E-02  -1.9506461E-01   5.5895940E-02   8.6568167E-02   8.5394683E-04   7.8779383E-04   4.3173707E-03   9.5730709E-03
 -4.7741786E-05  -3.2635896E-03   3.2318793E-04   4.7862335E-03  -2.1199360E-01   1.3018234E-02   1.7954404E-03   3.0162981E-03  -5.1345569E+01   8.7394595E+00   1.7874706E+02  -8.6164455E+01   1.7684697E+00   3.5882157E-01  -1.1331935E+00   4.8628836E-01  -6.5984346E+00  -9.5558491E-03  -2.8002932E-01   5.6361729E-01   4.4422077E-02   1.7144835E-03  -8.1284967E-03   1.0488267E-03  -6.5911893E-04
  1.9387827E-05   4.3866528E-03  -4.4933918E-04  -3.7747578E-03   2.5778233E-01  -2.1283646E-04   1.3196035E-03  -4.4028292E-04   3.0584685E+01   7.9801482E+00  -8.6164455E+01   5.4329904E+01   1.8782078E+00  -6.7278056E-02   7.8028529E-01  -3.3584607E-01  -2.5214106E+00   8.4587872E-03   1.8653459E-01  -4.5377239E-01  -1.4019121E-01  -6.8577180E-04   3.4286621E-03   8.9615013E-04   3.9057253E-03
  2.5557339E-06  -3.9900696E-04   3.3177180E-05   2.2720393E-04  -2.2738561E-02  -5.3301072E-04  -1.8265722E-04  -3.4816758E-05  -2.5384765E+01  -1.0488187E+00   1.7684697E+00   1.8782078E+00   4.1904118E+00   9.5534062E-02   1.4327535E-01  -3.9684913E-02  -3.3732453E+00  -4.7662956E-03   4.4788083E-03   5.6430107E-03   5.0498928E-02   3.5695408E-04  -2.1478158E-04  -2.6835947E-04  -5.1254967E-04
 -4.6258283E-08  -3.1817934E-05   2.4741004E-06   3.2710801E-05  -1.8457643E-03   2.8988019E-05   2.0213959E-06   5.9707982E-06  -8.2962951E-01  -1.5236480E-02   3.5882157E-01  -6.7278056E-02   9.5534062E-02   1.5381450E-02  -1.6291083E-02   1.2245132E-02  -1.0196700E-01  -3.3411600E-05  -1.5769204E-03  -2.3523290E-03   5.2622515E-03   1.7246239E-05  -3.5375310E-05   7.6742865E-06  -4.0749835E-06
  5.4106613E-07   1.0160519E-04  -1.0458257E-05  -1.0073603E-04   5.7852643E-03  -6.8556530E-05   4.5663887E-05  -2.4925541E-05  -5.6312333E-02   4.5571697E-01  -1.1331935E+00   7.8028529E-01   1.4327535E-01  -1.6291083E-02   6.6074923E-02   1.6321688E-03  -1.2995494E-01   4.7853533E-04   8.7769066E-03  -6.9043723E-04  -1.8022781E-02  -1.4732927E-05   9.2820410E-05   1.6062531E-05   5.6361762E-05
  8.4656863E-07  -3.6536361E-05   2.1701498E-06   1.4814938E-05  -1.9190659E-03   9.9372632E-06   2.0203524E-05   1.7801254E-05  -3.4574582E-01   8.6615140E-01   4.8628836E-01  -3.3584607E-01  -3.9684913E-02   1.2245132E-02   1.6321688E-03   8.3092264E-02   3.8631454E-02  -2.6489273E-04   2.9485180E-04   1.7694915E-03   2.5239000E-03   1.8757076E-05  -9.9511312E-06   2.5667008E-05  -3.1727122E-06
  7.5347793E-07   9.2273102E-04  -9.2004165E-05  -1.1683375E-03   5.7145217E-02  -1.1473377E-03  -5.1877325E-05  -7.7581939E-05   1.1891821E+01  -7.2733635E+00  -6.5984346E+00  -2.5214106E+00  -3.3732453E+00  -1.0196700E-01  -1.2995494E-01   3.8631454E-02   7.2033964E+00  -4.4222923E-03  -1.6155181E-02  -3.4172230E-03  -5.2743996E-02  -2.5326503E-04   1.2226117E-04   2.9268016E-04   5.1268583E-04
  8.0338172E-07  -2.4064716E-06   9.1624958E-07   1.2583752E-05   2.5438477E-04  -1.1495706E-05   4.3376280E-05  -6.5238942E-06  -1.9176689E-01  -1.4097506E-02  -9.5558491E-03   8.4587872E-03  -4.7662956E-03  -3.3411600E-05   4.7853533E-04  -2.6489273E-04  -4.4222923E-03   3.8981141E-02   2.6837520E-03  -1.0509811E-04   1.3275343E-04   3.6372650E-05  -4.0881996E-06   1.6837122E-05  -1.1524160E-05
  3.8065646E-07   9.5966745E-06  -5.8281764E-08  -3.0532250E-05   9.2937564E-04  -1.4724806E-04   1.6956192E-05  -7.5261876E-06   2.4675531E-01  -1.9506461E-01  -2.8002932E-01   1.8653459E-01   4.4788083E-03  -1.5769204E-03   8.7769066E-03   2.9485180E-04  -1.6155181E-02   2.6837520E-03   3.0201991E-02  -7.1640428E-04   4.5399058E-03  -7.9184803E-05  -3.9639721E-05  -5.7556784E-05  -5.4512366E-05
  1.4982241E-07  -1.8769035E-05   2.0724335E-06   1.7965440E-05  -1.0383120E-03   2.6212601E-05   3.6826440E-06   1.1039516E-05  -1.9629337E-01   5.5895940E-02   5.6361729E-01  -4.5377239E-01   5.6430107E-03  -2.3523290E-03  -6.9043723E-04   1.7694915E-03  -3.4172230E-03  -1.0509811E-04  -7.1640428E-04   1.0481469E-02   8.5587122E-03   5.2168825E-06   5.9856052E-05  -1.5814151E-05  -2.4583403E-05
  4.3534036E-07  -8.1434604E-06   9.2757959E-07   1.5314838E-05  -1.5199294E-04   2.5461181E-05   6.2758358E-06   7.6889511E-06  -1.9819734E-01   8.6568167E-02   4.4422077E-02  -1.4019121E-01   5.0498928E-02   5.2622515E-03  -1.8022781E-02   2.5239000E-03  -5.2743996E-02   1.3275343E-04   4.5399058E-03   8.5587122E-03   2.6564886E-02  -9.7804452E-08   5.7116479E-05  -4.0342928E-05  -5.5757509E-06
  3.8326988E-10   2.5161617E-08  -1.0635205E-08  -1.1339286E-07   1.2863392E-06   6.1847601E-07  -3.7490233E-07   4.2056855E-08   6.9105774E-03   8.5394683E-04   1.7144835E-03  -6.8577180E-04   3.5695408E-04   1.7246239E-05  -1.4732927E-05   1.8757076E-05  -2.5326503E-04   3.6372650E-05  -7.9184803E-05   5.2168825E-06  -9.7804452E-08   1.1028608E-06   6.0285289E-08   3.5577675E-07   6.5727099E-07
  5.5816249E-09   3.9943359E-07  -4.2182033E-08  -2.9680039E-07   2.3413158E-05   5.9312784E-08   2.9462150E-07  -1.6368736E-07   3.6510335E-03   7.8779383E-04  -8.1284967E-03   3.4286621E-03  -2.1478158E-04  -3.5375310E-05   9.2820410E-05  -9.9511312E-06   1.2226117E-04  -4.0881996E-06  -3.9639721E-05   5.9856052E-05   5.7116479E-05   6.0285289E-08   2.4823054E-06   2.2883364E-07   4.8408921E-07
 -3.1593350E-08   2.5640816E-06  -3.4016346E-07  -4.2944900E-06   1.6043947E-04  -3.3982296E-06   3.9481022E-06  -6.8169623E-07   5.2648025E-03   4.3173707E-03   1.0488267E-03   8.9615013E-04  -2.6835947E-04   7.6742865E-06   1.6062531E-05   2.5667008E-05   2.9268016E-04   1.6837122E-05  -5.7556784E-05  -1.5814151E-05  -4.0342928E-05   3.5577675E-07   2.2883364E-07   2.4852249E-05   1.0190668E-05
 -8.3996402E-08   5.5972260E-06  -6.2913518E-07  -2.5029874E-06   3.6740834E-04   1.0319972E-05   6.9783047E-06  -4.1011206E-07   1.6834653E-02   9.5730709E-03  -6.5911893E-04   3.9057253E-03  -5.1254967E-04  -4.0749835E-06   5.6361762E-05  -3.1727122E-06   5.1268583E-04  -1.1524160E-05  -5.4512366E-05  -2.4583403E-05  -5.5757509E-06   6.5727099E-07   4.8408921E-07   1.0190668E-05   2.8929410E-05
