# omegabh2 omegach2 theta tau mnu nnu logA ns calPlanck acib217 xi asz143 aps100 aps143 aps143217 aps217 aksz kgal100 kgal143 kgal143217 kgal217 galfTE100 galfTE100143 galfTE100217 galfTE143 galfTE143217 galfTE217 cal0 cal2
  3.3316458E-08   2.9258597E-07  -2.9613295E-08   2.4515845E-07   8.7876772E-07   2.1660198E-05   1.3485989E-06   8.9009113E-07   8.4108024E-09   3.5267684E-05  -7.2537997E-07  -3.7223846E-06   2.1192266E-04   3.7658400E-05  -5.3718591E-06  -2.7133604E-05   1.9310996E-05   1.1596322E-05   1.0864026E-05   5.6008191E-06  -7.4210776E-06  -1.0882625E-07  -1.0633484E-07  -3.6409589E-08  -2.3587051E-07  -3.7233513E-07  -6.3416365E-07   4.9382009E-10  -5.4178470E-10
  2.9258597E-07   8.3730708E-06  -9.3384242E-07  -1.5563069E-06   9.0282495E-06   4.7841491E-04   1.8077165E-05   1.4215350E-05  -9.8296207E-08   2.5624967E-03  -6.3168069E-05  -4.3075890E-04   1.2861739E-02   5.7002478E-03   1.5280885E-03  -5.1338339E-04   1.0975847E-03   2.1640509E-04   4.7203110E-04   5.0603650E-04  -1.1586756E-04   1.9251401E-07   2.3100347E-07   6.0840364E-07   2.1695686E-06   1.1200906E-06   1.9014396E-05  -5.1379065E-08   4.1610293E-08
 -2.9613295E-08  -9.3384242E-07   1.9007556E-07   1.2247855E-07  -1.5146810E-06  -5.6251541E-05  -2.0378103E-06  -1.6831101E-06   8.2449534E-09  -2.8605547E-04   6.6988523E-06   4.0937531E-05  -1.3207004E-03  -6.5821992E-04  -1.9904837E-04   5.2924284E-05  -1.2038741E-04  -3.2151225E-05  -5.8532691E-05  -8.4379404E-05  -3.2668986E-05  -1.2977154E-07  -4.9094574E-08  -2.8365252E-07  -2.5174149E-07  -7.5849888E-07  -2.4007973E-06   5.6123108E-09  -5.5802933E-09
  2.4515845E-07  -1.5563069E-06   1.2247855E-07   5.6766289E-05   5.2401573E-05   6.3807365E-05   1.0553282E-04   1.0729805E-05  -1.8281723E-06  -1.0976049E-03   1.5901989E-05   4.4567712E-04  -1.0914717E-02  -3.6625979E-03  -1.3646513E-03  -1.1410179E-03  -4.9052062E-04   2.1178624E-04  -1.1249480E-04   1.6059027E-04   3.6414216E-04  -4.1299496E-06  -5.2226637E-07  -1.3385332E-06  -6.3822464E-06  -3.3079526E-06  -2.2903696E-05  -7.7033532E-08   1.4667598E-08
  8.7876772E-07   9.0282495E-06  -1.5146810E-06   5.2401573E-05   1.2289157E-03   8.4307159E-04   1.3445748E-04   3.9212739E-05   2.4000061E-06   3.4230840E-03  -1.6550471E-04  -5.9213819E-04   1.4090973E-02   6.2170665E-03  -8.6951232E-05  -1.5402531E-04   1.5500382E-03   1.9555237E-04  -5.9420258E-05  -4.4708365E-04  -1.9270891E-03   7.0957199E-06  -3.5917676E-06  -2.6693335E-05  -2.0222228E-05   1.0141258E-05  -2.5739779E-05   9.2641426E-08   1.3080644E-07
  2.1660198E-05   4.7841491E-04  -5.6251541E-05   6.3807365E-05   8.4307159E-04   3.0316891E-02   1.3588470E-03   1.0280946E-03   2.1356300E-07   1.5328760E-01  -3.8824286E-03  -2.5164136E-02   7.5295509E-01   3.2501739E-01   7.4733025E-02  -4.0719118E-02   6.5816828E-02   1.5068447E-02   2.9076694E-02   3.1815365E-02  -5.4379747E-03  -1.7702942E-05   2.6983547E-06   5.8824768E-05   8.2241256E-05   4.3367713E-05   9.9631226E-04  -3.1219610E-06   2.3707453E-06
  1.3485989E-06   1.8077165E-05  -2.0378103E-06   1.0553282E-04   1.3445748E-04   1.3588470E-03   2.7615804E-04   5.7597416E-05   8.1135994E-06   4.0799132E-03  -8.0684463E-05  -2.9410385E-04   1.3904703E-02   8.2147310E-03   3.4339826E-03   1.8639864E-03   1.1299142E-03   6.3308919E-04   4.7876353E-04   1.0181113E-03   1.5155976E-03  -6.8393981E-06  -1.8172583E-06  -2.5852414E-06  -9.5072551E-06  -5.0301550E-06   1.1843877E-05  -1.6488730E-07   8.1410432E-08
  8.9009113E-07   1.4215350E-05  -1.6831101E-06   1.0729805E-05   3.9212739E-05   1.0280946E-03   5.7597416E-05   4.8312494E-05   2.3696350E-07   1.1356278E-03  -3.5439710E-05  -6.8385052E-05   4.0255954E-03   5.0350101E-03   3.6842185E-03   2.8408167E-03   3.2448381E-04   7.9562879E-04   6.3177912E-04   7.6578894E-04   9.3919013E-04  -4.8496190E-06   1.0034659E-06   7.3553727E-06   2.3223397E-06  -1.0769281E-06   2.4678765E-05  -1.9090080E-07   1.2622421E-08
  8.4108024E-09  -9.8296207E-08   8.2449534E-09  -1.8281723E-06   2.4000061E-06   2.1356300E-07   8.1135994E-06   2.3696350E-07   5.9501481E-06   6.4057032E-04   2.3109943E-06  -8.8070158E-06   3.2940080E-03   5.0704306E-04   4.6585389E-04   1.3333595E-03  -2.7171440E-05  -5.4310540E-05   2.8548014E-05  -3.4298275E-05   6.2741704E-04   4.7731313E-07  -3.7663390E-08   3.6784420E-07  -4.7553444E-07   2.2434346E-08   7.6672258E-06  -1.6541101E-08  -1.5949828E-08
  3.5267684E-05   2.5624967E-03  -2.8605547E-04  -1.0976049E-03   3.4230840E-03   1.5328760E-01   4.0799132E-03   1.1356278E-03   6.4057032E-04   4.4990277E+01  -4.1767465E-01  -8.9112922E-01   3.6895706E+01   2.5296727E+00  -1.2700773E+01  -5.4935975E+01   1.0321206E-01   2.9926877E-01   6.6672799E-01  -5.8640187E+00  -3.3507595E+01   1.8061803E-03   2.1384670E-03  -1.6269755E-03   1.8507647E-03  -1.1423433E-02  -2.6693830E-02  -1.8809854E-04   7.4705112E-04
 -7.2537997E-07  -6.3168069E-05   6.6988523E-06   1.5901989E-05  -1.6550471E-04  -3.8824286E-03  -8.0684463E-05  -3.5439710E-05   2.3109943E-06  -4.1767465E-01   8.2178344E-02  -3.8753376E-02  -6.1395225E-01   9.0748603E-01   1.7117458E+00   6.5720910E-01   3.0403899E-02  -8.1752128E-03   1.0462269E-02   1.1871175E-01   1.6547319E-01   1.6117524E-05  -6.0252594E-06   2.0546876E-05   1.6322932E-05  -2.7351638E-04  -1.7842760E-03   5.6874987E-06  -2.4843513E-06
 -3.7223846E-06  -4.3075890E-04   4.0937531E-05   4.4567712E-04  -5.9213819E-04  -2.5164136E-02  -2.9410385E-04  -6.8385052E-05  -8.8070158E-06  -8.9112922E-01  -3.8753376E-02   3.8372447E+00  -3.0635466E+01  -3.7589768E+00   7.1974078E+00   4.9217658E+00  -2.5691932E+00  -2.0465426E-01   1.1301802E-01   2.5687988E+00   3.2089817E+00  -2.2131312E-04  -1.7366713E-04  -2.0666433E-03  -9.0749250E-04  -5.6366150E-04  -1.8233857E-03   9.8104580E-05  -4.0601303E-05
  2.1192266E-04   1.2861739E-02  -1.3207004E-03  -1.0914717E-02   1.4090973E-02   7.5295509E-01   1.3904703E-02   4.0255954E-03   3.2940080E-03   3.6895706E+01  -6.1395225E-01  -3.0635466E+01   7.8956979E+02   7.7389570E+01  -4.9606237E+01  -5.6179444E+01   1.3672702E+01  -6.2669264E+00   6.6506315E+00  -1.0843446E+01  -2.2290338E+01   2.0294768E-03   3.1586150E-03   2.7912190E-02   1.9388587E-02   1.9520994E-02   8.2046883E-02   3.6456777E-03   4.8824309E-04
  3.7658400E-05   5.7002478E-03  -6.5821992E-04  -3.6625979E-03   6.2170665E-03   3.2501739E-01   8.2147310E-03   5.0350101E-03   5.0704306E-04   2.5296727E+00   9.0748603E-01  -3.7589768E+00   7.7389570E+01   6.5201543E+01   4.1217816E+01   1.5505839E+01  -4.0965119E+00  -4.3944889E-01  -1.0737873E+00   3.6906263E+00   4.2952141E+00   2.6399788E-03   5.7644048E-04  -2.7699465E-03   3.0798694E-03  -8.7442786E-04   1.0327926E-02   5.4934189E-05   9.2617592E-05
 -5.3718591E-06   1.5280885E-03  -1.9904837E-04  -1.3646513E-03  -8.6951232E-05   7.4733025E-02   3.4339826E-03   3.6842185E-03   4.6585389E-04  -1.2700773E+01   1.7117458E+00   7.1974078E+00  -4.9606237E+01   4.1217816E+01   8.4154493E+01   5.1552899E+01  -1.0802428E+01  -8.5461292E-01  -5.7310973E-01   5.1311667E+00   8.2495439E+00   7.0337080E-04  -3.3865598E-04  -1.0701188E-02   1.1659762E-03  -3.7069066E-03  -2.6351521E-02   3.9058083E-04  -4.1210339E-04
 -2.7133604E-05  -5.1338339E-04   5.2924284E-05  -1.1410179E-03  -1.5402531E-04  -4.0719118E-02   1.8639864E-03   2.8408167E-03   1.3333595E-03  -5.4935975E+01   6.5720910E-01   4.9217658E+00  -5.6179444E+01   1.5505839E+01   5.1552899E+01   1.0234065E+02  -8.5084551E+00  -8.0450124E-01  -1.3908061E+00   5.5286244E+00   3.3591040E+01  -7.8088858E-04  -1.9951802E-03  -8.8538136E-03   7.5222603E-04   1.6564827E-02   3.9421015E-02   3.8074706E-04  -1.4005256E-03
  1.9310996E-05   1.0975847E-03  -1.2038741E-04  -4.9052062E-04   1.5500382E-03   6.5816828E-02   1.1299142E-03   3.2448381E-04  -2.7171440E-05   1.0321206E-01   3.0403899E-02  -2.5691932E+00   1.3672702E+01  -4.0965119E+00  -1.0802428E+01  -8.5084551E+00   5.5054536E+00   1.6025484E-01  -7.2212488E-02  -1.8973240E+00  -2.1776759E+00   7.4432477E-04  -5.6801672E-05   2.1836692E-03   3.8931655E-04   1.1847869E-03   4.3011187E-03  -7.0974776E-05   1.7837828E-05
  1.1596322E-05   2.1640509E-04  -3.2151225E-05   2.1178624E-04   1.9555237E-04   1.5068447E-02   6.3308919E-04   7.9562879E-04  -5.4310540E-05   2.9926877E-01  -8.1752128E-03  -2.0465426E-01  -6.2669264E+00  -4.3944889E-01  -8.5461292E-01  -8.0450124E-01   1.6025484E-01   3.3011604E+00   5.3523542E-01   1.2862713E-01   2.3287184E-02   4.3360682E-05   7.9347142E-05   2.1488374E-03  -1.3765580E-03   2.1772030E-04   7.1757682E-04   1.7000897E-04   1.1598086E-06
  1.0864026E-05   4.7203110E-04  -5.8532691E-05  -1.1249480E-04  -5.9420258E-05   2.9076694E-02   4.7876353E-04   6.3177912E-04   2.8548014E-05   6.6672799E-01   1.0462269E-02   1.1301802E-01   6.6506315E+00  -1.0737873E+00  -5.7310973E-01  -1.3908061E+00  -7.2212488E-02   5.3523542E-01   3.1771861E+00   2.6763755E+00   2.7217663E+00   1.0569374E-03   4.4518006E-04   3.7507375E-03  -5.9781079E-04  -1.7401721E-04   3.2881569E-04  -1.9260381E-04  -2.0101343E-05
  5.6008191E-06   5.0603650E-04  -8.4379404E-05   1.6059027E-04  -4.4708365E-04   3.1815365E-02   1.0181113E-03   7.6578894E-04  -3.4298275E-05  -5.8640187E+00   1.1871175E-01   2.5687988E+00  -1.0843446E+01   3.6906263E+00   5.1311667E+00   5.5286244E+00  -1.8973240E+00   1.2862713E-01   2.6763755E+00   1.0678589E+01   1.9166803E+01   1.6415817E-03   7.1351309E-05   4.1052836E-03  -1.5747002E-03  -1.5219195E-03   5.6295574E-03  -3.9500735E-05   4.1377424E-04
 -7.4210776E-06  -1.1586756E-04  -3.2668986E-05   3.6414216E-04  -1.9270891E-03  -5.4379747E-03   1.5155976E-03   9.3919013E-04   6.2741704E-04  -3.3507595E+01   1.6547319E-01   3.2089817E+00  -2.2290338E+01   4.2952141E+00   8.2495439E+00   3.3591040E+01  -2.1776759E+00   2.3287184E-02   2.7217663E+00   1.9166803E+01   5.3390150E+01   7.6315801E-04  -1.2160722E-03   7.5750345E-03  -2.2580755E-03   5.8075239E-03   3.5074772E-02   3.1107845E-05   8.9715144E-04
 -1.0882625E-07   1.9251401E-07  -1.2977154E-07  -4.1299496E-06   7.0957199E-06  -1.7702942E-05  -6.8393981E-06  -4.8496190E-06   4.7731313E-07   1.8061803E-03   1.6117524E-05  -2.2131312E-04   2.0294768E-03   2.6399788E-03   7.0337080E-04  -7.8088858E-04   7.4432477E-04   4.3360682E-05   1.0569374E-03   1.6415817E-03   7.6315801E-04   1.4605349E-03   2.4804807E-04   1.1969938E-04  -3.9383701E-04  -1.2485183E-04   2.5543042E-05  -1.1154408E-07   5.6407193E-08
 -1.0633484E-07   2.3100347E-07  -4.9094574E-08  -5.2226637E-07  -3.5917676E-06   2.6983547E-06  -1.8172583E-06   1.0034659E-06  -3.7663390E-08   2.1384670E-03  -6.0252594E-06  -1.7366713E-04   3.1586150E-03   5.7644048E-04  -3.3865598E-04  -1.9951802E-03  -5.6801672E-05   7.9347142E-05   4.4518006E-04   7.1351309E-05  -1.2160722E-03   2.4804807E-04   8.6050808E-04   3.0405226E-05   7.4850450E-04   7.3162591E-05  -6.9328495E-04   1.1758261E-07   2.0265568E-07
 -3.6409589E-08   6.0840364E-07  -2.8365252E-07  -1.3385332E-06  -2.6693335E-05   5.8824768E-05  -2.5852414E-06   7.3553727E-06   3.6784420E-07  -1.6269755E-03   2.0546876E-05  -2.0666433E-03   2.7912190E-02  -2.7699465E-03  -1.0701188E-02  -8.8538136E-03   2.1836692E-03   2.1488374E-03   3.7507375E-03   4.1052836E-03   7.5750345E-03   1.1969938E-04   3.0405226E-05   7.1784327E-03  -2.9262692E-04   6.4001948E-04   4.3391364E-03   4.2132194E-07   2.0241820E-07
 -2.3587051E-07   2.1695686E-06  -2.5174149E-07  -6.3822464E-06  -2.0222228E-05   8.2241256E-05  -9.5072551E-06   2.3223397E-06  -4.7553444E-07   1.8507647E-03   1.6322932E-05  -9.0749250E-04   1.9388587E-02   3.0798694E-03   1.1659762E-03   7.5222603E-04   3.8931655E-04  -1.3765580E-03  -5.9781079E-04  -1.5747002E-03  -2.2580755E-03  -3.9383701E-04   7.4850450E-04  -2.9262692E-04   2.9547327E-03   6.1078906E-04  -1.0259632E-03   1.8546879E-07   2.9071667E-07
 -3.7233513E-07   1.1200906E-06  -7.5849888E-07  -3.3079526E-06   1.0141258E-05   4.3367713E-05  -5.0301550E-06  -1.0769281E-06   2.2434346E-08  -1.1423433E-02  -2.7351638E-04  -5.6366150E-04   1.9520994E-02  -8.7442786E-04  -3.7069066E-03   1.6564827E-02   1.1847869E-03   2.1772030E-04  -1.7401721E-04  -1.5219195E-03   5.8075239E-03  -1.2485183E-04   7.3162591E-05   6.4001948E-04   6.1078906E-04   6.4053866E-03   7.7221680E-03   4.1311230E-07  -3.1816351E-07
 -6.3416365E-07   1.9014396E-05  -2.4007973E-06  -2.2903696E-05  -2.5739779E-05   9.9631226E-04   1.1843877E-05   2.4678765E-05   7.6672258E-06  -2.6693830E-02  -1.7842760E-03  -1.8233857E-03   8.2046883E-02   1.0327926E-02  -2.6351521E-02   3.9421015E-02   4.3011187E-03   7.1757682E-04   3.2881569E-04   5.6295574E-03   3.5074772E-02   2.5543042E-05  -6.9328495E-04   4.3391364E-03  -1.0259632E-03   7.7221680E-03   7.3115517E-02   6.8616346E-07  -1.4563193E-06
  4.9382009E-10  -5.1379065E-08   5.6123108E-09  -7.7033532E-08   9.2641426E-08  -3.1219610E-06  -1.6488730E-07  -1.9090080E-07  -1.6541101E-08  -1.8809854E-04   5.6874987E-06   9.8104580E-05   3.6456777E-03   5.4934189E-05   3.9058083E-04   3.8074706E-04  -7.0974776E-05   1.7000897E-04  -1.9260381E-04  -3.9500735E-05   3.1107845E-05  -1.1154408E-07   1.1758261E-07   4.2132194E-07   1.8546879E-07   4.1311230E-07   6.8616346E-07   3.7607631E-07  -5.3259113E-09
 -5.4178470E-10   4.1610293E-08  -5.5802933E-09   1.4667598E-08   1.3080644E-07   2.3707453E-06   8.1410432E-08   1.2622421E-08  -1.5949828E-08   7.4705112E-04  -2.4843513E-06  -4.0601303E-05   4.8824309E-04   9.2617592E-05  -4.1210339E-04  -1.4005256E-03   1.7837828E-05   1.1598086E-06  -2.0101343E-05   4.1377424E-04   8.9715144E-04   5.6407193E-08   2.0265568E-07   2.0241820E-07   2.9071667E-07  -3.1816351E-07  -1.4563193E-06  -5.3259113E-09   3.8336579E-07
