# omegabh2 omegach2 theta tau yhe logA ns calPlanck acib217 xi asz143 aps100 aps143 aps143217 aps217 aksz kgal100 kgal143 kgal143217 kgal217 cal0 cal2
  3.7531118E-08  -3.8935199E-08   2.8028553E-08   2.0059123E-07   1.2983689E-07   4.5750759E-07   2.6640570E-07   9.2030659E-09  -1.4582929E-04   2.2772101E-06   4.2703580E-05  -5.7453390E-04  -3.9326986E-04  -1.3692981E-04  -3.7076377E-05  -4.6353895E-05   8.0443080E-06   1.0578377E-05   1.2333521E-05   6.5006212E-05   9.8482699E-10  -8.0042411E-09
 -3.8935199E-08   1.1549478E-06  -3.4377076E-08  -2.4274518E-06   1.1011980E-08  -2.3049666E-06  -2.4313230E-06  -9.3723798E-08  -1.0249917E-05  -3.5647162E-06  -3.0978200E-05   8.9360285E-04   3.8776732E-04   1.4025190E-04   1.5764119E-04   2.7526561E-05   7.5648024E-05   5.6976983E-06   9.4888588E-05   2.1294444E-04   6.0254436E-09   1.3437825E-08
  2.8028553E-08  -3.4377076E-08   1.8709793E-07   2.1821773E-07   5.0465352E-07   7.0910755E-07   5.2160586E-07   2.3847662E-08  -3.7841178E-05  -9.3176674E-07   3.6520076E-06  -6.8992046E-05   1.8723269E-05   4.9697340E-05   1.0609126E-04   2.0686732E-05  -2.3049445E-06  -2.6149721E-05  -2.6808878E-05  -5.1230969E-06  -8.2077473E-10   9.6389036E-10
  2.0059123E-07  -2.4274518E-06   2.1821773E-07   4.5896168E-05  -1.1178614E-07   8.2567670E-05   8.3990608E-06  -1.1840731E-06  -2.8205655E-03   2.9302651E-05   6.4102519E-04  -1.2126150E-02  -4.3174488E-03   1.0961735E-04   2.5843741E-03  -8.5315592E-04  -1.5521715E-04  -3.2288565E-05  -1.4244999E-04   6.4356531E-04  -7.9371413E-08  -1.0833478E-08
  1.2983689E-07   1.1011980E-08   5.0465352E-07  -1.1178614E-07   1.5259126E-05   3.7453459E-06   5.5794028E-06  -2.4838292E-08   1.3294518E-03  -2.9632365E-05  -4.0732096E-04   7.3148914E-03   3.6111037E-03   1.0748043E-03  -6.6347895E-05   5.0517852E-04  -5.5337920E-05  -2.1676463E-04  -3.0837173E-05  -2.1003464E-04   2.5238820E-08   8.2204219E-08
  4.5750759E-07  -2.3049666E-06   7.0910755E-07   8.2567670E-05   3.7453459E-06   1.7946858E-04   1.0983474E-05   8.7779982E-06  -5.0781313E-03   8.5956842E-05   7.0247572E-04  -1.2290382E-02  -4.7489218E-03   2.1581533E-03   8.7362255E-03  -1.7561626E-03  -6.0535384E-04  -5.2972501E-04  -6.6041075E-04   2.7298836E-03   6.7942113E-08   2.1926105E-09
  2.6640570E-07  -2.4313230E-06   5.2160586E-07   8.3990608E-06   5.5794028E-06   1.0983474E-05   1.7609839E-05   1.5509011E-07  -3.6474996E-03   9.2990465E-05   8.9176824E-04  -2.0649651E-02  -5.8719719E-03   1.9486500E-03   4.1895503E-03  -1.9437001E-03   1.7598079E-04  -3.1874408E-04  -4.7530046E-04   7.9301557E-04  -1.6098189E-07  -2.9052594E-08
  9.2030659E-09  -9.3723798E-08   2.3847662E-08  -1.1840731E-06  -2.4838292E-08   8.7779982E-06   1.5509011E-07   5.7451201E-06   1.2176197E-03   5.3601156E-06  -2.2097659E-04   6.1376115E-03   9.6767712E-04  -2.3363084E-04  -3.1711431E-04   3.0405075E-04  -2.9493071E-05   4.1735324E-05  -1.2963342E-04   2.6084337E-04   1.8639070E-08   3.8159276E-09
 -1.4582929E-04  -1.0249917E-05  -3.7841178E-05  -2.8205655E-03   1.3294518E-03  -5.0781313E-03  -3.6474996E-03   1.2176197E-03   4.7093777E+01  -4.0417149E-01  -1.0538612E+00   4.5272753E+01   4.1448168E+00  -1.2807818E+01  -5.6445580E+01  -4.8423336E-01   1.1349364E-01   1.0050861E+00  -5.7977850E+00  -3.5205479E+01  -2.6614530E-04   6.5423587E-04
  2.2772101E-06  -3.5647162E-06  -9.3176674E-07   2.9302651E-05  -2.9632365E-05   8.5956842E-05   9.2990465E-05   5.3601156E-06  -4.0417149E-01   8.1604808E-02  -5.4031513E-02  -3.9105283E-01   8.8238926E-01   1.5798583E+00   5.4694979E-01   7.3970608E-02  -1.1046885E-02   5.3536250E-03   1.1884725E-01   2.0544906E-01   9.3656593E-06   1.0834521E-06
  4.2703580E-05  -3.0978200E-05   3.6520076E-06   6.4102519E-04  -4.0732096E-04   7.0247572E-04   8.9176824E-04  -2.2097659E-04  -1.0538612E+00  -5.4031513E-02   4.0989803E+00  -3.1406942E+01  -3.9331571E+00   7.6707623E+00   5.6575307E+00  -2.9691488E+00  -1.5870806E-01   2.1762172E-01   2.8220785E+00   3.4535441E+00   1.0025312E-04  -8.3509250E-05
 -5.7453390E-04   8.9360285E-04  -6.8992046E-05  -1.2126150E-02   7.3148914E-03  -1.2290382E-02  -2.0649651E-02   6.1376115E-03   4.5272753E+01  -3.9105283E-01  -3.1406942E+01   7.7932291E+02   7.6538056E+01  -4.9865683E+01  -6.6830005E+01   1.3245530E+01  -7.4102145E+00   5.5505717E+00  -1.4130852E+01  -3.1110002E+01   3.4446836E-03   9.2921651E-04
 -3.9326986E-04   3.8776732E-04   1.8723269E-05  -4.3174488E-03   3.6111037E-03  -4.7489218E-03  -5.8719719E-03   9.6767712E-04   4.1448168E+00   8.8238926E-01  -3.9331571E+00   7.6538056E+01   6.5479720E+01   4.0388782E+01   1.4110371E+01  -4.4160147E+00  -7.6219912E-01  -2.0927129E+00   2.5469620E+00   2.7967730E+00   1.7309486E-04   3.2877113E-04
 -1.3692981E-04   1.4025190E-04   4.9697340E-05   1.0961735E-04   1.0748043E-03   2.1581533E-03   1.9486500E-03  -2.3363084E-04  -1.2807818E+01   1.5798583E+00   7.6707623E+00  -4.9865683E+01   4.0388782E+01   8.3669171E+01   5.3059108E+01  -1.1903843E+01  -1.0636520E+00  -1.0423273E+00   5.0616912E+00   9.1284571E+00   4.4929192E-04  -3.1359485E-04
 -3.7076377E-05   1.5764119E-04   1.0609126E-04   2.5843741E-03  -6.6347895E-05   8.7362255E-03   4.1895503E-03  -3.1711431E-04  -5.6445580E+01   5.4694979E-01   5.6575307E+00  -6.6830005E+01   1.4110371E+01   5.3059108E+01   1.0531738E+02  -9.3285204E+00  -8.7032588E-01  -1.9384647E+00   5.3501154E+00   3.4907592E+01   4.9693135E-04  -1.2540715E-03
 -4.6353895E-05   2.7526561E-05   2.0686732E-05  -8.5315592E-04   5.0517852E-04  -1.7561626E-03  -1.9437001E-03   3.0405075E-04  -4.8423336E-01   7.3970608E-02  -2.9691488E+00   1.3245530E+01  -4.4160147E+00  -1.1903843E+01  -9.3285204E+00   6.3110269E+00   2.2385013E-01  -2.3117513E-01  -2.1346532E+00  -2.1189214E+00  -2.1994727E-05   1.7420512E-05
  8.0443080E-06   7.5648024E-05  -2.3049445E-06  -1.5521715E-04  -5.5337920E-05  -6.0535384E-04   1.7598079E-04  -2.9493071E-05   1.1349364E-01  -1.1046885E-02  -1.5870806E-01  -7.4102145E+00  -7.6219912E-01  -1.0636520E+00  -8.7032588E-01   2.2385013E-01   3.3657709E+00   6.0014316E-01   2.3704515E-01   1.6477105E-01   1.7997039E-04  -2.7954667E-05
  1.0578377E-05   5.6976983E-06  -2.6149721E-05  -3.2288565E-05  -2.1676463E-04  -5.2972501E-04  -3.1874408E-04   4.1735324E-05   1.0050861E+00   5.3536250E-03   2.1762172E-01   5.5505717E+00  -2.0927129E+00  -1.0423273E+00  -1.9384647E+00  -2.3117513E-01   6.0014316E-01   3.2273851E+00   2.5990908E+00   2.1940662E+00  -1.9007325E-04  -2.7102103E-05
  1.2333521E-05   9.4888588E-05  -2.6808878E-05  -1.4244999E-04  -3.0837173E-05  -6.6041075E-04  -4.7530046E-04  -1.2963342E-04  -5.7977850E+00   1.1884725E-01   2.8220785E+00  -1.4130852E+01   2.5469620E+00   5.0616912E+00   5.3501154E+00  -2.1346532E+00   2.3704515E-01   2.5990908E+00   1.0710041E+01   1.9128033E+01   2.3297439E-05   4.2821142E-04
  6.5006212E-05   2.1294444E-04  -5.1230969E-06   6.4356531E-04  -2.1003464E-04   2.7298836E-03   7.9301557E-04   2.6084337E-04  -3.5205479E+01   2.0544906E-01   3.4535441E+00  -3.1110002E+01   2.7967730E+00   9.1284571E+00   3.4907592E+01  -2.1189214E+00   1.6477105E-01   2.1940662E+00   1.9128033E+01   5.4607820E+01   1.7283468E-04   9.9088514E-04
  9.8482699E-10   6.0254436E-09  -8.2077473E-10  -7.9371413E-08   2.5238820E-08   6.7942113E-08  -1.6098189E-07   1.8639070E-08  -2.6614530E-04   9.3656593E-06   1.0025312E-04   3.4446836E-03   1.7309486E-04   4.4929192E-04   4.9693135E-04  -2.1994727E-05   1.7997039E-04  -1.9007325E-04   2.3297439E-05   1.7283468E-04   3.7329090E-07   3.4326309E-10
 -8.0042411E-09   1.3437825E-08   9.6389036E-10  -1.0833478E-08   8.2204219E-08   2.1926105E-09  -2.9052594E-08   3.8159276E-09   6.5423587E-04   1.0834521E-06  -8.3509250E-05   9.2921651E-04   3.2877113E-04  -3.1359485E-04  -1.2540715E-03   1.7420512E-05  -2.7954667E-05  -2.7102103E-05   4.2821142E-04   9.9088514E-04   3.4326309E-10   3.8381414E-07
