# omegabh2 omegach2 theta tau nnu logA ns calPlanck aps100 aps143 aps217 acib217 asz143 psr cibr xi aksz dust100 dust143 dust217 dust143x217 cal0 cal2 calTE calEE
  3.1189173E-08   1.9396815E-07  -1.6105736E-08   1.5127491E-07   1.5673429E-05   9.3500913E-07   6.9681810E-07   1.3998934E-08  -9.0691645E-05  -3.4014929E-05   1.6030406E-05  -1.7317769E-05   1.0701570E-05   3.5928648E-07   1.3790742E-07   6.1534845E-07  -3.5201061E-06   5.3802325E-07  -2.1722524E-07   4.0207404E-07   2.9873223E-07   5.8759313E-09   3.2154524E-09  -1.4243760E-09  -8.2463878E-08
  1.9396815E-07   7.8267160E-06  -8.5376557E-07  -6.6155377E-07   4.3091667E-04   1.9182432E-05   1.1600686E-05  -9.5601734E-08   1.0282305E-02   6.4445573E-03  -1.7245176E-03   3.2111030E-03  -2.6448957E-04  -1.5746361E-05   5.5816145E-05  -3.0848795E-05   6.7361474E-04   1.6591260E-05   1.4150728E-05  -1.4875063E-05   9.1205332E-06   2.5677706E-08   2.3647338E-07   2.4841697E-06   4.5937014E-06
 -1.6105736E-08  -8.5376557E-07   1.8069434E-07   6.8415917E-08  -5.0060008E-05  -1.9238343E-06  -1.3571165E-06   4.4684845E-08  -1.2087513E-03  -7.0391732E-04   1.9313134E-04  -3.3275331E-04   4.5383437E-05   2.7957014E-06  -6.9903828E-06   2.7200843E-06  -1.0280383E-04  -2.2497173E-06  -2.7435481E-06   1.1216782E-06  -1.3017218E-06   7.1279752E-09  -3.1207234E-08  -3.6453411E-07  -5.7394286E-07
  1.5127491E-07  -6.6155377E-07   6.8415917E-08   4.2675900E-05   2.1011423E-05   8.3784294E-05   5.3288690E-06   1.0219715E-07  -8.9626014E-03  -2.9622353E-03   4.2814974E-03  -3.5618568E-03   1.8473224E-04   5.5139343E-07  -4.0974996E-05   2.1116942E-05  -4.3395197E-04   3.4014188E-05   8.8384746E-06   3.7714849E-05   2.4927137E-05  -1.3741120E-07  -1.1479793E-07  -2.7151441E-06  -1.9204449E-06
  1.5673429E-05   4.3091667E-04  -5.0060008E-05   2.1011423E-05   2.7294656E-02   1.1907753E-03   8.7666424E-04  -2.2955528E-06   6.1999254E-01   3.7605339E-01  -1.0177972E-01   1.8018697E-01  -1.8163272E-02  -1.2243800E-03   3.4461502E-03  -1.9097363E-03   4.7016838E-02   1.1227121E-03   9.7172207E-04  -7.0749050E-04   5.0840150E-04   1.8984262E-06   1.3249462E-05   1.7226577E-04   3.2559371E-04
  9.3500913E-07   1.9182432E-05  -1.9238343E-06   8.3784294E-05   1.1907753E-03   2.4695892E-04   4.1616779E-05   1.2346023E-05   1.2781522E-02   1.1170527E-02   1.2116672E-02  -3.1101379E-04  -8.8685560E-05  -1.2991058E-07  -1.8651903E-05  -1.4603491E-05  -5.4545872E-05   1.2322984E-04  -4.7885806E-05   6.2593023E-05   7.0842169E-05   6.5578424E-07   4.1810483E-07   1.2007064E-06   1.0251950E-05
  6.9681810E-07   1.1600686E-05  -1.3571165E-06   5.3288690E-06   8.7666424E-04   4.1616779E-05   4.2740328E-05   4.1925093E-07  -1.8700463E-03   5.0977797E-03   4.6203435E-03  -6.3735695E-05  -1.5250847E-04   9.4736181E-06   2.0558419E-05  -1.6991237E-06  -1.0185279E-04   4.5718269E-05   1.1566019E-05   1.1731755E-05   4.5002230E-06  -2.9092688E-07   1.3948320E-07   5.2823612E-06   7.9603148E-06
  1.3998934E-08  -9.5601734E-08   4.4684845E-08   1.0219715E-07  -2.2955528E-06   1.2346023E-05   4.1925093E-07   6.1811927E-06   2.9010234E-03  -1.0930404E-04   1.2736655E-03   4.9071104E-04   5.8638890E-05   2.5623476E-06  -1.1561118E-05  -6.7672744E-06  -1.9283148E-05   1.2831657E-05  -4.2383241E-06   4.9889107E-06   1.2950010E-06   8.2788935E-08  -1.6499642E-08  -2.9042499E-07  -2.9416062E-07
 -9.0691645E-05   1.0282305E-02  -1.2087513E-03  -8.9626014E-03   6.1999254E-01   1.2781522E-02  -1.8700463E-03   2.9010234E-03   6.1744993E+02   6.5288109E+01  -6.0831946E+01   3.5618528E+01  -2.4871005E+01  -8.6024212E-01  -9.0114693E-02  -4.2827305E-01   1.2063999E+01  -1.9453607E-01   2.7557340E-01  -2.9213876E-01  -2.1315922E-01   6.6801148E-03   2.8234293E-03   5.2144176E-03   1.3060177E-02
 -3.4014929E-05   6.4445573E-03  -7.0391732E-04  -2.9622353E-03   3.7605339E-01   1.1170527E-02   5.0977797E-03  -1.0930404E-04   6.5288109E+01   7.1012757E+01   8.4566455E+00   8.3240982E+00  -4.1898619E-01  -1.9349954E-02   4.6558722E-01   8.0198802E-01  -7.7691780E+00  -3.2472174E-02  -1.9804320E-01   4.9506193E-02   9.1702266E-02   8.3411690E-04   7.7294510E-04   4.5575891E-03   8.1845316E-03
  1.6030406E-05  -1.7245176E-03   1.9313134E-04   4.2814974E-03  -1.0177972E-01   1.2116672E-02   4.6203435E-03   1.2736655E-03  -6.0831946E+01   8.4566455E+00   1.7340292E+02  -8.3618219E+01   2.4225601E+00   3.5526449E-01  -1.0197682E+00   4.5018978E-01  -6.6903367E+00  -6.2780618E-02  -2.6415433E-01   5.9079612E-01   2.0364246E-02   1.6379216E-03  -7.4060881E-03   2.4085309E-03   1.9747532E-03
 -1.7317769E-05   3.2111030E-03  -3.3275331E-04  -3.5618568E-03   1.8018697E-01  -3.1101379E-04  -6.3735695E-05   4.9071104E-04   3.5618528E+01   8.3240982E+00  -8.3618219E+01   5.3370535E+01   1.8201137E+00  -4.6224428E-02   7.2504849E-01  -3.2251987E-01  -2.8117936E+00   3.1288196E-02   1.6355641E-01  -4.6670391E-01  -1.1045423E-01  -4.5987849E-04   3.1638143E-03   4.4047447E-05   1.5372371E-03
  1.0701570E-05  -2.6448957E-04   4.5383437E-05   1.8473224E-04  -1.8163272E-02  -8.8685560E-05  -1.5250847E-04   5.8638890E-05  -2.4871005E+01  -4.1898619E-01   2.4225601E+00   1.8201137E+00   4.3273089E+00   1.0869936E-01   1.5632770E-01  -2.5183162E-02  -3.6187769E+00  -8.0054959E-03  -3.2668705E-03   8.5445863E-03   5.6799205E-02   4.6367701E-04  -2.0028084E-04  -5.6446176E-04  -6.9852881E-04
  3.5928648E-07  -1.5746361E-05   2.7957014E-06   5.5139343E-07  -1.2243800E-03  -1.2991058E-07   9.4736181E-06   2.5623476E-06  -8.6024212E-01  -1.9349954E-02   3.5526449E-01  -4.6224428E-02   1.0869936E-01   1.8512637E-02  -1.7845797E-02   1.4458435E-02  -1.1101800E-01  -4.6997916E-04  -1.1548023E-03  -2.8630669E-03   5.6101144E-03   2.1028071E-05  -3.9459906E-05   7.1270641E-06  -1.5041079E-05
  1.3790742E-07   5.5816145E-05  -6.9903828E-06  -4.0974996E-05   3.4461502E-03  -1.8651903E-05   2.0558419E-05  -1.1561118E-05  -9.0114693E-02   4.6558722E-01  -1.0197682E+00   7.2504849E-01   1.5632770E-01  -1.7845797E-02   6.9180822E-02   8.4920715E-04  -1.6329611E-01   1.0104203E-03   7.6006811E-03   1.9334304E-04  -1.7152774E-02  -1.0458094E-05   1.0041078E-04  -3.8321489E-05   1.6522981E-05
  6.1534845E-07  -3.0848795E-05   2.7200843E-06   2.1116942E-05  -1.9097363E-03  -1.4603491E-05  -1.6991237E-06  -6.7672744E-06  -4.2827305E-01   8.0198802E-01   4.5018978E-01  -3.2251987E-01  -2.5183162E-02   1.4458435E-02   8.4920715E-04   8.2726450E-02   3.1926851E-02   1.0990978E-04   1.3077583E-03   1.4998987E-03   2.4742048E-03   1.1796778E-05  -9.4687001E-06   3.4674730E-06  -1.3866667E-05
 -3.5201061E-06   6.7361474E-04  -1.0280383E-04  -4.3395197E-04   4.7016838E-02  -5.4545872E-05  -1.0185279E-04  -1.9283148E-05   1.2063999E+01  -7.7691780E+00  -6.6903367E+00  -2.8117936E+00  -3.6187769E+00  -1.1101800E-01  -1.6329611E-01   3.1926851E-02   7.4204083E+00   8.6625597E-03  -4.9405102E-03  -4.9003449E-03  -5.1300883E-02  -3.9178717E-04   7.8999224E-06   2.6686536E-04   8.9076380E-04
  5.3802325E-07   1.6591260E-05  -2.2497173E-06   3.4014188E-05   1.1227121E-03   1.2322984E-04   4.5718269E-05   1.2831657E-05  -1.9453607E-01  -3.2472174E-02  -6.2780618E-02   3.1288196E-02  -8.0054959E-03  -4.6997916E-04   1.0104203E-03   1.0990978E-04   8.6625597E-03   3.8707401E-02   2.9180436E-03   5.8283534E-05   6.0113456E-04   3.9227784E-05   5.9776971E-06  -6.7104563E-06   3.9288324E-06
 -2.1722524E-07   1.4150728E-05  -2.7435481E-06   8.8384746E-06   9.7172207E-04  -4.7885806E-05   1.1566019E-05  -4.2383241E-06   2.7557340E-01  -1.9804320E-01  -2.6415433E-01   1.6355641E-01  -3.2668705E-03  -1.1548023E-03   7.6006811E-03   1.3077583E-03  -4.9405102E-03   2.9180436E-03   3.0700231E-02  -7.4180217E-04   4.9264448E-03  -7.6338743E-05  -4.2837910E-05  -7.2451726E-05  -5.0055685E-05
  4.0207404E-07  -1.4875063E-05   1.1216782E-06   3.7714849E-05  -7.0749050E-04   6.2593023E-05   1.1731755E-05   4.9889107E-06  -2.9213876E-01   4.9506193E-02   5.9079612E-01  -4.6670391E-01   8.5445863E-03  -2.8630669E-03   1.9334304E-04   1.4998987E-03  -4.9003449E-03   5.8283534E-05  -7.4180217E-04   1.0597151E-02   7.9575684E-03   3.2795867E-06   5.7780665E-05  -1.0095374E-07  -3.3659194E-06
  2.9873223E-07   9.1205332E-06  -1.3017218E-06   2.4927137E-05   5.0840150E-04   7.0842169E-05   4.5002230E-06   1.2950010E-06  -2.1315922E-01   9.1702266E-02   2.0364246E-02  -1.1045423E-01   5.6799205E-02   5.6101144E-03  -1.7152774E-02   2.4742048E-03  -5.1300883E-02   6.0113456E-04   4.9264448E-03   7.9575684E-03   2.5312018E-02   1.5939559E-06   5.0946546E-05  -8.8938091E-06  -2.7910982E-06
  5.8759313E-09   2.5677706E-08   7.1279752E-09  -1.3741120E-07   1.8984262E-06   6.5578424E-07  -2.9092688E-07   8.2788935E-08   6.6801148E-03   8.3411690E-04   1.6379216E-03  -4.5987849E-04   4.6367701E-04   2.1028071E-05  -1.0458094E-05   1.1796778E-05  -3.9178717E-04   3.9227784E-05  -7.6338743E-05   3.2795867E-06   1.5939559E-06   1.1158403E-06   3.6579014E-08   2.3534553E-07   5.2432391E-07
  3.2154524E-09   2.3647338E-07  -3.1207234E-08  -1.1479793E-07   1.3249462E-05   4.1810483E-07   1.3948320E-07  -1.6499642E-08   2.8234293E-03   7.7294510E-04  -7.4060881E-03   3.1638143E-03  -2.0028084E-04  -3.9459906E-05   1.0041078E-04  -9.4687001E-06   7.8999224E-06   5.9776971E-06  -4.2837910E-05   5.7780665E-05   5.0946546E-05   3.6579014E-08   2.4036854E-06   3.7618887E-07   2.4998132E-07
 -1.4243760E-09   2.4841697E-06  -3.6453411E-07  -2.7151441E-06   1.7226577E-04   1.2007064E-06   5.2823612E-06  -2.9042499E-07   5.2144176E-03   4.5575891E-03   2.4085309E-03   4.4047447E-05  -5.6446176E-04   7.1270641E-06  -3.8321489E-05   3.4674730E-06   2.6686536E-04  -6.7104563E-06  -7.2451726E-05  -1.0095374E-07  -8.8938091E-06   2.3534553E-07   3.7618887E-07   2.5838827E-05   1.0790388E-05
 -8.2463878E-08   4.5937014E-06  -5.7394286E-07  -1.9204449E-06   3.2559371E-04   1.0251950E-05   7.9603148E-06  -2.9416062E-07   1.3060177E-02   8.1845316E-03   1.9747532E-03   1.5372371E-03  -6.9852881E-04  -1.5041079E-05   1.6522981E-05  -1.3866667E-05   8.9076380E-04   3.9288324E-06  -5.0055685E-05  -3.3659194E-06  -2.7910982E-06   5.2432391E-07   2.4998132E-07   1.0790388E-05   2.8147433E-05
