# omegabh2 omegach2 theta tau mnu logA ns calPlanck acib217 xi asz143 aps100 aps143 aps143217 aps217 aksz kgal100 kgal143 kgal143217 kgal217 cal0 cal2
    0.4182043E-07   -0.8483061E-07    0.2611403E-07    0.1216468E-05    0.1470733E-05    0.2343395E-05    0.3684694E-06    0.8238447E-08   -0.1622848E-03    0.3838963E-05    0.4922258E-04   -0.8338722E-03   -0.4657205E-03   -0.1203671E-03   -0.1050829E-04   -0.6340850E-04    0.5694906E-05    0.7163345E-05   -0.1630039E-04   -0.9028334E-05    0.3392540E-09   -0.1958975E-07
   -0.8483061E-07    0.2098477E-05   -0.1010424E-06   -0.9433461E-05   -0.4319236E-04   -0.1349646E-04   -0.4820555E-05    0.1361780E-07    0.9051642E-04   -0.2456843E-05   -0.1321683E-04    0.9171833E-04    0.7887771E-03    0.5309275E-03    0.3548809E-03    0.2930853E-05    0.3716823E-04   -0.3785741E-04    0.1572276E-03    0.3076354E-03   -0.6055232E-08    0.5792301E-07
    0.2611403E-07   -0.1010424E-06    0.1811997E-06    0.1305986E-05    0.3062656E-05    0.2602515E-05    0.5665370E-06    0.3549996E-07   -0.1450710E-04    0.1425647E-05    0.1058265E-04   -0.3179192E-03   -0.1408768E-03   -0.7229551E-04   -0.7284777E-04   -0.1603196E-04    0.2040473E-05    0.1459614E-04    0.7252655E-05    0.9169935E-05   -0.4145049E-08   -0.9424941E-09
    0.1216468E-05   -0.9433461E-05    0.1305986E-05    0.3532347E-03    0.3054513E-03    0.6776826E-03    0.3854098E-04   -0.2183103E-05   -0.1361128E-01    0.2303205E-03    0.3527344E-02   -0.6161361E-01   -0.2452352E-01   -0.4066243E-03    0.8959317E-02   -0.5382193E-02   -0.2669789E-03   -0.4633537E-03   -0.1494420E-02   -0.2052493E-04   -0.2508000E-07   -0.1689143E-05
    0.1470733E-05   -0.4319236E-04    0.3062656E-05    0.3054513E-03    0.4040514E-02    0.5037913E-03    0.1001368E-03    0.5558524E-05    0.4487024E-02   -0.1432293E-03   -0.7676927E-03    0.4044266E-01    0.4166196E-02   -0.6601616E-02   -0.6801873E-02    0.5180449E-03   -0.2969573E-02    0.6641797E-04   -0.2018487E-02   -0.2985680E-02   -0.3710188E-06   -0.5765777E-06
    0.2343395E-05   -0.1349646E-04    0.2602515E-05    0.6776826E-03    0.5037913E-03    0.1339960E-02    0.6332171E-04    0.7982762E-05   -0.2730064E-01    0.5224939E-03    0.7035519E-02   -0.1183554E+00   -0.4512275E-01    0.4247737E-02    0.2508599E-01   -0.1175253E-01   -0.6898638E-03   -0.1470139E-02   -0.3133930E-02    0.2190299E-02    0.1066913E-06   -0.3407538E-05
    0.3684694E-06   -0.4820555E-05    0.5665370E-06    0.3854098E-04    0.1001368E-03    0.6332171E-04    0.2276067E-04    0.9587441E-07   -0.4931522E-02    0.1144745E-03    0.1304628E-02   -0.2768468E-01   -0.8431172E-02    0.2004495E-02    0.5085330E-02   -0.2710850E-02    0.2291978E-03   -0.1754357E-04   -0.9319771E-03   -0.5448195E-03   -0.1995777E-06   -0.6306537E-06
    0.8238447E-08    0.1361780E-07    0.3549996E-07   -0.2183103E-05    0.5558524E-05    0.7982762E-05    0.9587441E-07    0.6124743E-05    0.7727851E-03   -0.3529646E-06    0.3842761E-05    0.3693525E-02    0.7523149E-03    0.6090636E-03    0.1345833E-02   -0.7727236E-04   -0.2372548E-04    0.2388816E-04   -0.1916607E-04    0.7562316E-03   -0.3570734E-07   -0.4562608E-07
   -0.1622848E-03    0.9051642E-04   -0.1450710E-04   -0.1361128E-01    0.4487024E-02   -0.2730064E-01   -0.4931522E-02    0.7727851E-03    0.4423544E+02   -0.5025621E+00   -0.1933498E+01    0.4318016E+02    0.3085081E+00   -0.2261846E+02   -0.6255089E+02    0.7152246E+00   -0.1785938E+00    0.6768303E-01   -0.2090624E+01   -0.1882761E+02   -0.2692962E-03    0.4469845E-02
    0.3838963E-05   -0.2456843E-05    0.1425647E-05    0.2303205E-03   -0.1432293E-03    0.5224939E-03    0.1144745E-03   -0.3529646E-06   -0.5025621E+00    0.8226460E-01   -0.7929040E-01   -0.3352611E+00    0.1026463E+01    0.1892951E+01    0.7774529E+00    0.7187369E-01    0.2839083E-03    0.8884894E-02    0.8030646E-01    0.8146420E-01    0.8471219E-05   -0.2093191E-04
    0.4922258E-04   -0.1321683E-04    0.1058265E-04    0.3527344E-02   -0.7676927E-03    0.7035519E-02    0.1304628E-02    0.3842761E-05   -0.1933498E+01   -0.7929040E-01    0.3826917E+01   -0.3061708E+02   -0.4316903E+01    0.7679050E+01    0.6951583E+01   -0.2707499E+01   -0.1023600E+00    0.7475989E-01    0.2409574E+01    0.2266031E+01    0.1591820E-03   -0.3982379E-03
   -0.8338722E-03    0.9171833E-04   -0.3179192E-03   -0.6161361E-01    0.4044266E-01   -0.1183554E+00   -0.2768468E-01    0.3693525E-02    0.4318016E+02   -0.3352611E+00   -0.3061708E+02    0.7916117E+03    0.7552492E+02   -0.5786250E+02   -0.7054907E+02    0.1491680E+02   -0.5149085E+01    0.2949365E+01   -0.1174246E+02   -0.1653440E+02    0.6304623E-02    0.4521210E-02
   -0.4657205E-03    0.7887771E-03   -0.1408768E-03   -0.2452352E-01    0.4166196E-02   -0.4512275E-01   -0.8431172E-02    0.7523149E-03    0.3085081E+00    0.1026463E+01   -0.4316903E+01    0.7552492E+02    0.6342139E+02    0.4512594E+02    0.1867039E+02   -0.3757677E+01   -0.3515389E+00   -0.1103768E+01    0.3841513E+01    0.4219216E+01    0.2166334E-03    0.2151681E-03
   -0.1203671E-03    0.5309275E-03   -0.7229551E-04   -0.4066243E-03   -0.6601616E-02    0.4247737E-02    0.2004495E-02    0.6090636E-03   -0.2261846E+02    0.1892951E+01    0.7679050E+01   -0.5786250E+02    0.4512594E+02    0.1002169E+03    0.6938795E+02   -0.1173708E+02   -0.4045065E+00   -0.2604483E+00    0.4839422E+01    0.5864999E+01    0.7960067E-03   -0.2775496E-02
   -0.1050829E-04    0.3548809E-03   -0.7284777E-04    0.8959317E-02   -0.6801873E-02    0.2508599E-01    0.5085330E-02    0.1345833E-02   -0.6255089E+02    0.7774529E+00    0.6951583E+01   -0.7054907E+02    0.1867039E+02    0.6938795E+02    0.1247475E+03   -0.1050161E+02   -0.8442352E-01   -0.3079376E+00   -0.2571308E+00    0.1575189E+02    0.7147226E-03   -0.7931316E-02
   -0.6340850E-04    0.2930853E-05   -0.1603196E-04   -0.5382193E-02    0.5180449E-03   -0.1175253E-01   -0.2710850E-02   -0.7727236E-04    0.7152246E+00    0.7187369E-01   -0.2707499E+01    0.1491680E+02   -0.3757677E+01   -0.1173708E+02   -0.1050161E+02    0.5998690E+01    0.5806562E-01   -0.1245627E+00   -0.1979540E+01   -0.1676437E+01   -0.1185840E-03    0.2196817E-03
    0.5694906E-05    0.3716823E-04    0.2040473E-05   -0.2669789E-03   -0.2969573E-02   -0.6898638E-03    0.2291978E-03   -0.2372548E-04   -0.1785938E+00    0.2839083E-03   -0.1023600E+00   -0.5149085E+01   -0.3515389E+00   -0.4045065E+00   -0.8442352E-01    0.5806562E-01    0.3561237E+01    0.3983307E+00    0.1152821E+00    0.1650505E+00    0.2965907E-03   -0.4149829E-04
    0.7163345E-05   -0.3785741E-04    0.1459614E-04   -0.4633537E-03    0.6641797E-04   -0.1470139E-02   -0.1754357E-04    0.2388816E-04    0.6768303E-01    0.8884894E-02    0.7475989E-01    0.2949365E+01   -0.1103768E+01   -0.2604483E+00   -0.3079376E+00   -0.1245627E+00    0.3983307E+00    0.3385881E+01    0.2594064E+01    0.1680019E+01   -0.2899227E-03   -0.2274346E-03
   -0.1630039E-04    0.1572276E-03    0.7252655E-05   -0.1494420E-02   -0.2018487E-02   -0.3133930E-02   -0.9319771E-03   -0.1916607E-04   -0.2090624E+01    0.8030646E-01    0.2409574E+01   -0.1174246E+02    0.3841513E+01    0.4839422E+01   -0.2571308E+00   -0.1979540E+01    0.1152821E+00    0.2594064E+01    0.1761002E+02    0.2642349E+02   -0.3090734E-04    0.2547910E-02
   -0.9028334E-05    0.3076354E-03    0.9169935E-05   -0.2052493E-04   -0.2985680E-02    0.2190299E-02   -0.5448195E-03    0.7562316E-03   -0.1882761E+02    0.8146420E-01    0.2266031E+01   -0.1653440E+02    0.4219216E+01    0.5864999E+01    0.1575189E+02   -0.1676437E+01    0.1650505E+00    0.1680019E+01    0.2642349E+02    0.5600274E+02    0.3785757E-04    0.4609848E-02
    0.3392540E-09   -0.6055232E-08   -0.4145049E-08   -0.2508000E-07   -0.3710188E-06    0.1066913E-06   -0.1995777E-06   -0.3570734E-07   -0.2692962E-03    0.8471219E-05    0.1591820E-03    0.6304623E-02    0.2166334E-03    0.7960067E-03    0.7147226E-03   -0.1185840E-03    0.2965907E-03   -0.2899227E-03   -0.3090734E-04    0.3785757E-04    0.5961834E-06   -0.1215465E-07
   -0.1958975E-07    0.5792301E-07   -0.9424941E-09   -0.1689143E-05   -0.5765777E-06   -0.3407538E-05   -0.6306537E-06   -0.4562608E-07    0.4469845E-02   -0.2093191E-04   -0.3982379E-03    0.4521210E-02    0.2151681E-03   -0.2775496E-02   -0.7931316E-02    0.2196817E-03   -0.4149829E-04   -0.2274346E-03    0.2547910E-02    0.4609848E-02   -0.1215465E-07    0.2117009E-05
