# omegabh2 omegach2 theta tau w logA ns calPlanck acib217 xi asz143 aps100 aps143 aps143217 aps217 aksz kgal100 kgal143 kgal143217 kgal217 galfTE100 galfTE100143 galfTE100217 galfTE143 galfTE143217 galfTE217 cal0 cal2
  1.9995893E-08  -1.0383805E-07   1.6865173E-08   2.2710598E-07   2.1296258E-06   2.9638909E-07   2.5331625E-07   1.0298821E-08  -4.4121667E-05  -1.2179895E-06   2.0389664E-05  -2.3921729E-04  -2.7298730E-04  -1.4814884E-04  -4.6167053E-05  -1.5769152E-05  -1.1959956E-05  -2.1530805E-05  -1.9687308E-05  -1.1831329E-05  -2.6442944E-07  -3.9014404E-09  -5.3161162E-07   7.7994522E-09  -8.6508308E-07  -4.1789805E-06   3.3241213E-09   2.2550330E-09
 -1.0383805E-07   1.8797536E-06  -1.7267278E-07  -1.9959118E-06  -3.2107540E-05   5.3500953E-07  -4.3047575E-06  -2.7690931E-08  -9.3141151E-05  -1.8615248E-05  -3.3421938E-05   1.8952418E-03   7.3147315E-04   2.2803762E-04   3.9101076E-04   2.0582848E-05  -9.7811816E-05  -7.0358563E-06   9.0580963E-05   4.2258697E-04   8.5198519E-07   2.2191333E-07   4.6438345E-06  -1.7793078E-06   4.9121619E-06   3.0021084E-05  -3.9717177E-08   5.5375224E-10
  1.6865173E-08  -1.7267278E-07   1.0330348E-07   3.4146395E-07   3.5413051E-06   3.8310933E-07   5.3781043E-07   2.4264251E-08   2.6015962E-05  -4.5422568E-06   6.6779439E-06  -7.0331006E-04  -2.3386095E-04  -1.9577245E-04  -7.6689476E-05   6.6660212E-06   2.4694521E-05  -1.4217578E-05  -4.9861289E-05  -8.2562718E-05  -3.2872021E-07  -6.2124615E-08  -8.1815102E-07   3.6074302E-07   1.1630317E-07  -8.6622588E-06  -5.6099934E-09  -3.3262894E-09
  2.2710598E-07  -1.9959118E-06   3.4146395E-07   4.9360326E-05   3.2859701E-05   9.2226233E-05   6.6833122E-06  -8.2471437E-07  -1.4946977E-03   3.2148547E-05  -4.7664901E-04   5.8298896E-04  -2.5518760E-03  -2.3191602E-03   5.1251931E-04  -3.7100605E-04   2.0651726E-04  -7.0548444E-04  -7.3847746E-04  -1.0605756E-03   1.4723457E-05  -7.2129692E-06   2.2090399E-06  -2.0777690E-05  -1.3597956E-05   1.8747683E-05   1.2897137E-07  -4.1561921E-08
  2.1296258E-06  -3.2107540E-05   3.5413051E-06   3.2859701E-05   3.2310820E-03   4.0711474E-08   8.9187186E-05   6.8191495E-06  -5.8446187E-03   1.5983140E-04   2.6983091E-03  -9.8259443E-02  -2.2064572E-02   4.0882741E-03   1.1226142E-02  -6.1267927E-03   6.8843878E-03   1.8216692E-03  -5.1913803E-04  -1.6435544E-03  -8.5447274E-05  -4.1033213E-05  -2.8328006E-04  -2.6826004E-05   1.9835887E-06  -6.3660944E-04  -1.0658368E-06   8.8521385E-07
  2.9638909E-07   5.3500953E-07   3.8310933E-07   9.2226233E-05   4.0711474E-08   2.0889186E-04   1.9765150E-06   9.9666717E-06  -5.5336976E-03   7.7183264E-05  -1.1081614E-03   6.4402721E-03  -3.5757298E-03  -1.9343150E-03   9.9864237E-03  -1.0839115E-03  -5.1464785E-04  -1.9452210E-03  -1.7855822E-03   1.2618135E-03   3.2441652E-05  -3.4665588E-06   5.2576594E-05  -4.7372760E-05   6.7897016E-06   1.2663620E-04   2.4257305E-07  -1.1288943E-07
  2.5331625E-07  -4.3047575E-06   5.3781043E-07   6.6833122E-06   8.9187186E-05   1.9765150E-06   1.9527161E-05   3.6445243E-07  -3.3405800E-03   1.3172668E-04   7.9718833E-04  -2.4590621E-02  -6.7972423E-03   2.0885186E-03   3.4911758E-03  -2.0530931E-03   6.9503516E-04  -4.5752458E-04  -1.0478973E-03  -3.8932368E-04  -1.6158523E-06  -4.7188186E-06  -1.6518403E-05  -2.8833573E-07  -8.6614754E-06  -5.7041246E-05  -4.8983818E-08  -2.1660818E-08
  1.0298821E-08  -2.7690931E-08   2.4264251E-08  -8.2471437E-07   6.8191495E-06   9.9666717E-06   3.6445243E-07   5.8896449E-06  -4.2295369E-04   2.0079505E-05  -6.9671250E-05   2.2833970E-03  -4.3287966E-04   1.2213742E-04   2.2743832E-03   3.3826537E-04  -1.3200637E-04   1.3164692E-04   2.5824915E-05   1.2936363E-03   9.1918853E-07   4.4333016E-06   1.6874483E-05  -4.5172668E-06   1.0975863E-05   2.0742978E-05  -6.3810217E-08   2.0961457E-08
 -4.4121667E-05  -9.3141151E-05   2.6015962E-05  -1.4946977E-03  -5.8446187E-03  -5.5336976E-03  -3.3405800E-03  -4.2295369E-04   4.7634884E+01  -4.0514612E-01  -6.6613563E-01   2.7839206E+01  -1.8899462E-01  -1.5089890E+01  -5.9769428E+01  -5.3185362E-01   5.3073283E-01   9.6984884E-01  -4.8642055E+00  -3.3339854E+01  -8.8849198E-03  -7.6918893E-03  -1.1866058E-02  -1.2572826E-02   3.4275773E-02   2.3372385E-02  -4.1456829E-04   1.0580046E-03
 -1.2179895E-06  -1.8615248E-05  -4.5422568E-06   3.2148547E-05   1.5983140E-04   7.7183264E-05   1.3172668E-04   2.0079505E-05  -4.0514612E-01   8.4643922E-02  -3.9409773E-03  -8.9567950E-01   1.1071201E+00   1.9319897E+00   7.4383249E-01   2.3442673E-02  -5.9325343E-04   1.2656173E-02   1.5656028E-01   1.8603764E-01  -2.7702471E-04   5.7835698E-06   9.8422557E-04   5.5355499E-04  -5.3177024E-04   2.0529900E-03   3.6218008E-06  -2.4350343E-06
  2.0389664E-05  -3.3421938E-05   6.6779439E-06  -4.7664901E-04   2.6983091E-03  -1.1081614E-03   7.9718833E-04  -6.9671250E-05  -6.6613563E-01  -3.9409773E-03   3.6588959E+00  -2.7560262E+01  -3.5156105E+00   7.1737242E+00   4.0834257E+00  -2.3845456E+00  -2.1849537E-01   1.6321983E-01   2.4652830E+00   3.0476960E+00   6.1336425E-04  -7.2587159E-05   4.7490181E-03   1.4512817E-03  -3.2428965E-03  -4.3401191E-03   1.2985020E-04  -4.1834567E-05
 -2.3921729E-04   1.8952418E-03  -7.0331006E-04   5.8298896E-04  -9.8259443E-02   6.4402721E-03  -2.4590621E-02   2.2833970E-03   2.7839206E+01  -8.9567950E-01  -2.7560262E+01   7.2276602E+02   5.9657068E+01  -5.8920423E+01  -4.9004409E+01   1.1192556E+01  -7.4446994E+00   4.9237916E+00  -7.6460166E+00  -1.6249931E+01   5.6272845E-02   6.5770603E-03  -1.7257837E-01  -3.4737264E-02  -6.0127217E-02   7.2118732E-03   4.5935078E-03   1.7971136E-04
 -2.7298730E-04   7.3147315E-04  -2.3386095E-04  -2.5518760E-03  -2.2064572E-02  -3.5757298E-03  -6.7972423E-03  -4.3287966E-04  -1.8899462E-01   1.1071201E+00  -3.5156105E+00   5.9657068E+01   6.7175667E+01   4.6649709E+01   2.0326795E+01  -5.2469026E+00  -6.9265827E-01  -1.9082311E+00   2.9902735E+00   2.8343381E+00   1.5486145E-03  -9.3971517E-03   1.0254598E-02  -1.1113864E-02  -9.2210686E-03   6.3760405E-02   6.9449002E-05  -3.6194415E-05
 -1.4814884E-04   2.2803762E-04  -1.9577245E-04  -2.3191602E-03   4.0882741E-03  -1.9343150E-03   2.0885186E-03   1.2213742E-04  -1.5089890E+01   1.9319897E+00   7.1737242E+00  -5.8920423E+01   4.6649709E+01   9.0859747E+01   5.6247083E+01  -1.1577905E+01  -6.6948069E-01  -1.2136491E+00   4.3392133E+00   7.3816223E+00  -4.0294987E-03  -1.4078213E-02   4.7400291E-02   1.4633877E-03  -3.8226670E-03   1.2750382E-01   5.0236671E-04  -3.7577408E-04
 -4.6167053E-05   3.9101076E-04  -7.6689476E-05   5.1251931E-04   1.1226142E-02   9.9864237E-03   3.4911758E-03   2.2743832E-03  -5.9769428E+01   7.4383249E-01   4.0834257E+00  -4.9004409E+01   2.0326795E+01   5.6247083E+01   1.1009152E+02  -8.2929773E+00  -9.9877542E-01  -2.0697051E+00   2.7197995E+00   3.1569220E+01   1.2918648E-02   1.8466249E-03   3.6800671E-02   5.7438122E-03  -2.8309116E-02   5.8418021E-02   7.1859591E-04  -1.7605775E-03
 -1.5769152E-05   2.0582848E-05   6.6660212E-06  -3.7100605E-04  -6.1267927E-03  -1.0839115E-03  -2.0530931E-03   3.3826537E-04  -5.3185362E-01   2.3442673E-02  -2.3845456E+00   1.1192556E+01  -5.2469026E+00  -1.1577905E+01  -8.2929773E+00   5.6683081E+00   1.0370121E-01   1.9251915E-01  -1.3102190E+00  -1.0324887E+00  -1.5905645E-03   4.4982815E-03   5.7129581E-03   4.4586716E-03   6.9663103E-03   1.9547617E-02  -1.7259959E-04  -1.2337190E-06
 -1.1959956E-05  -9.7811816E-05   2.4694521E-05   2.0651726E-04   6.8843878E-03  -5.1464785E-04   6.9503516E-04  -1.3200637E-04   5.3073283E-01  -5.9325343E-04  -2.1849537E-01  -7.4446994E+00  -6.9265827E-01  -6.6948069E-01  -9.9877542E-01   1.0370121E-01   3.2467250E+00   6.3017717E-01   1.1583769E-01  -1.8064630E-01   3.7643418E-03  -2.1715758E-03   2.2789239E-04  -3.2382245E-03  -7.4046345E-03   5.7843624E-03   1.2479106E-04   5.9945381E-05
 -2.1530805E-05  -7.0358563E-06  -1.4217578E-05  -7.0548444E-04   1.8216692E-03  -1.9452210E-03  -4.5752458E-04   1.3164692E-04   9.6984884E-01   1.2656173E-02   1.6321983E-01   4.9237916E+00  -1.9082311E+00  -1.2136491E+00  -2.0697051E+00   1.9251915E-01   6.3017717E-01   3.3521674E+00   2.7651070E+00   2.3968050E+00   1.8386333E-03   5.4277808E-04  -1.6415233E-02  -7.2091255E-03  -7.8425947E-03  -1.0874516E-02  -1.3331291E-04  -7.0374319E-06
 -1.9687308E-05   9.0580963E-05  -4.9861289E-05  -7.3847746E-04  -5.1913803E-04  -1.7855822E-03  -1.0478973E-03   2.5824915E-05  -4.8642055E+00   1.5656028E-01   2.4652830E+00  -7.6460166E+00   2.9902735E+00   4.3392133E+00   2.7197995E+00  -1.3102190E+00   1.1583769E-01   2.7651070E+00   1.0556605E+01   1.8089395E+01   9.8061965E-03   7.3122446E-03  -1.2127723E-02  -1.9608090E-04  -2.5834606E-02  -5.6239369E-02   1.0663888E-04   2.8705748E-04
 -1.1831329E-05   4.2258697E-04  -8.2562718E-05  -1.0605756E-03  -1.6435544E-03   1.2618135E-03  -3.8932368E-04   1.2936363E-03  -3.3339854E+01   1.8603764E-01   3.0476960E+00  -1.6249931E+01   2.8343381E+00   7.3816223E+00   3.1569220E+01  -1.0324887E+00  -1.8064630E-01   2.3968050E+00   1.8089395E+01   5.1357519E+01   1.6906880E-02   1.6151358E-02  -6.9369234E-03   7.5601286E-03  -5.2575980E-02  -1.1682189E-01   3.3033078E-04   6.0307920E-04
 -2.6442944E-07   8.5198519E-07  -3.2872021E-07   1.4723457E-05  -8.5447274E-05   3.2441652E-05  -1.6158523E-06   9.1918853E-07  -8.8849198E-03  -2.7702471E-04   6.1336425E-04   5.6272845E-02   1.5486145E-03  -4.0294987E-03   1.2918648E-02  -1.5905645E-03   3.7643418E-03   1.8386333E-03   9.8061965E-03   1.6906880E-02   1.3954095E-03   2.3753354E-04   5.4718854E-05  -3.1094350E-04  -7.7508489E-05   5.2028512E-05   1.7026548E-06  -2.4467358E-07
 -3.9014404E-09   2.2191333E-07  -6.2124615E-08  -7.2129692E-06  -4.1033213E-05  -3.4665588E-06  -4.7188186E-06   4.4333016E-06  -7.6918893E-03   5.7835698E-06  -7.2587159E-05   6.5770603E-03  -9.3971517E-03  -1.4078213E-02   1.8466249E-03   4.4982815E-03  -2.1715758E-03   5.4277808E-04   7.3122446E-03   1.6151358E-02   2.3753354E-04   8.3054225E-04   7.8414187E-06   7.7551958E-04  -1.6876060E-05  -7.5138914E-04   8.7782622E-07   2.1711700E-07
 -5.3161162E-07   4.6438345E-06  -8.1815102E-07   2.2090399E-06  -2.8328006E-04   5.2576594E-05  -1.6518403E-05   1.6874483E-05  -1.1866058E-02   9.8422557E-04   4.7490181E-03  -1.7257837E-01   1.0254598E-02   4.7400291E-02   3.6800671E-02   5.7129581E-03   2.2789239E-04  -1.6415233E-02  -1.2127723E-02  -6.9369234E-03   5.4718854E-05   7.8414187E-06   7.3097331E-03  -2.4096497E-04   8.6162061E-04   4.7465116E-03   2.7487708E-07  -9.5214780E-07
  7.7994522E-09  -1.7793078E-06   3.6074302E-07  -2.0777690E-05  -2.6826004E-05  -4.7372760E-05  -2.8833573E-07  -4.5172668E-06  -1.2572826E-02   5.5355499E-04   1.4512817E-03  -3.4737264E-02  -1.1113864E-02   1.4633877E-03   5.7438122E-03   4.4586716E-03  -3.2382245E-03  -7.2091255E-03  -1.9608090E-04   7.5601286E-03  -3.1094350E-04   7.7551958E-04  -2.4096497E-04   3.1012893E-03   2.2397071E-04  -1.3218549E-03   7.7173350E-07  -7.3737422E-07
 -8.6508308E-07   4.9121619E-06   1.1630317E-07  -1.3597956E-05   1.9835887E-06   6.7897016E-06  -8.6614754E-06   1.0975863E-05   3.4275773E-02  -5.3177024E-04  -3.2428965E-03  -6.0127217E-02  -9.2210686E-03  -3.8226670E-03  -2.8309116E-02   6.9663103E-03  -7.4046345E-03  -7.8425947E-03  -2.5834606E-02  -5.2575980E-02  -7.7508489E-05  -1.6876060E-05   8.6162061E-04   2.2397071E-04   6.2095746E-03   7.7885398E-03  -4.6897775E-06  -3.6685567E-06
 -4.1789805E-06   3.0021084E-05  -8.6622588E-06   1.8747683E-05  -6.3660944E-04   1.2663620E-04  -5.7041246E-05   2.0742978E-05   2.3372385E-02   2.0529900E-03  -4.3401191E-03   7.2118732E-03   6.3760405E-02   1.2750382E-01   5.8418021E-02   1.9547617E-02   5.7843624E-03  -1.0874516E-02  -5.6239369E-02  -1.1682189E-01   5.2028512E-05  -7.5138914E-04   4.7465116E-03  -1.3218549E-03   7.7885398E-03   7.1788852E-02  -7.7932846E-06  -8.6284863E-06
  3.3241213E-09  -3.9717177E-08  -5.6099934E-09   1.2897137E-07  -1.0658368E-06   2.4257305E-07  -4.8983818E-08  -6.3810217E-08  -4.1456829E-04   3.6218008E-06   1.2985020E-04   4.5935078E-03   6.9449002E-05   5.0236671E-04   7.1859591E-04  -1.7259959E-04   1.2479106E-04  -1.3331291E-04   1.0663888E-04   3.3033078E-04   1.7026548E-06   8.7782622E-07   2.7487708E-07   7.7173350E-07  -4.6897775E-06  -7.7932846E-06   4.0675986E-07  -1.9655454E-08
  2.2550330E-09   5.5375224E-10  -3.3262894E-09  -4.1561921E-08   8.8521385E-07  -1.1288943E-07  -2.1660818E-08   2.0961457E-08   1.0580046E-03  -2.4350343E-06  -4.1834567E-05   1.7971136E-04  -3.6194415E-05  -3.7577408E-04  -1.7605775E-03  -1.2337190E-06   5.9945381E-05  -7.0374319E-06   2.8705748E-04   6.0307920E-04  -2.4467358E-07   2.1711700E-07  -9.5214780E-07  -7.3737422E-07  -3.6685567E-06  -8.6284863E-06  -1.9655454E-08   3.8145377E-07
