# omegabh2 omegach2 theta tau logA ns Aphiphi calPlanck acib217 xi asz143 aps100 aps143 aps143217 aps217 aksz kgal100 kgal143 kgal143217 kgal217 cal0 cal2
  4.6176825E-08  -2.0697865E-07   4.1945734E-08   3.0594773E-07   2.8668929E-07   6.0521112E-07   2.1911189E-06   3.3362589E-08  -1.4424859E-04   2.0673877E-06   4.0739047E-05  -6.8028455E-04  -4.7010512E-04  -2.0530155E-04  -5.9455054E-05  -5.7792092E-05   7.0386838E-06  -2.0185484E-06  -4.5824399E-06   4.1492882E-05   9.9084641E-10  -1.8058988E-09
 -2.0697865E-07   4.1460835E-06  -4.1462791E-07  -3.2975724E-06   3.0483132E-06  -9.3257302E-06  -4.8772235E-05  -1.4591660E-07   1.9434669E-04  -6.9898766E-07  -1.0887030E-05   8.3013593E-04   1.3168700E-03   1.2655573E-03   8.4752930E-04   1.8033300E-05  -3.1445682E-05  -3.8563040E-05  -1.7625351E-05  -3.5131215E-05  -1.5214822E-08   1.4571248E-08
  4.1945734E-08  -4.1462791E-07   2.2444169E-07   4.7959830E-07   1.9658955E-07   1.2086613E-06   5.5835665E-06   1.5758686E-08  -5.6458035E-05   1.8151021E-06  -1.3753354E-06  -2.3814895E-04  -1.7962092E-04  -1.6149881E-04  -1.1570791E-04   8.7112039E-06   1.0730623E-05  -3.8674447E-06  -1.7230905E-07   2.7921231E-05   9.6563290E-11  -8.0670399E-10
  3.0594773E-07  -3.2975724E-06   4.7959830E-07   4.3187099E-05   7.8066898E-05   1.0442419E-05  -2.7037295E-05  -2.5078780E-07  -1.8957917E-03   3.9335522E-05   3.4447950E-04  -1.0101796E-02  -4.3950727E-03  -1.2576789E-03   6.0452759E-04  -9.6163859E-04   2.6554768E-05  -8.7603902E-05  -2.1588843E-04  -2.1719681E-05  -3.7776448E-08  -3.5205520E-08
  2.8668929E-07   3.0483132E-06   1.9658955E-07   7.8066898E-05   1.9148994E-04  -2.0457505E-06  -1.9688520E-04   1.1866751E-05  -3.7846396E-03   1.5749093E-04   5.6763524E-04  -1.5774784E-02  -4.3363528E-03   3.4071918E-03   9.2689142E-03  -2.9431724E-03  -3.1054485E-04  -9.8880110E-04  -1.1524991E-03   1.1027987E-03   6.6516582E-08  -2.7938074E-08
  6.0521112E-07  -9.3257302E-06   1.2086613E-06   1.0442419E-05  -2.0457505E-06   3.2448164E-05   1.0972388E-04   5.8139753E-07  -5.0159708E-03   9.5638811E-05   1.0841858E-03  -2.7844913E-02  -9.8616434E-03  -1.0398760E-03   3.3438486E-03  -2.4499832E-03   4.8070366E-04  -2.7615466E-04  -3.4133640E-04   1.3136014E-03  -1.1563213E-07  -9.5448794E-08
  2.1911189E-06  -4.8772235E-05   5.5835665E-06  -2.7037295E-05  -1.9688520E-04   1.0972388E-04   1.2846674E-03  -8.6191579E-06   4.4256833E-03  -2.6077362E-04  -5.4677962E-04   1.2341248E-02  -1.3901315E-02  -2.5134752E-02  -2.7292153E-02   4.9870699E-03   9.3691123E-04   1.9848266E-03   1.9959156E-03  -7.5263605E-05  -3.5017456E-07  -5.4025983E-08
  3.3362589E-08  -1.4591660E-07   1.5758686E-08  -2.5078780E-07   1.1866751E-05   5.8139753E-07  -8.6191579E-06   6.2727320E-06   6.3004967E-04   1.5071892E-05  -5.4848354E-05   3.4967127E-03   5.5003097E-04   4.4352719E-04   1.2718152E-03  -8.1446324E-05   2.3842004E-05  -4.7309951E-05  -7.4767915E-05   6.4316181E-04   4.4507144E-09   8.9311315E-09
 -1.4424859E-04   1.9434669E-04  -5.6458035E-05  -1.8957917E-03  -3.7846396E-03  -5.0159708E-03   4.4256833E-03   6.3004967E-04   4.4613828E+01  -3.9055114E-01  -8.9299102E-01   3.7959828E+01   2.7368702E+00  -1.2530602E+01  -5.4327636E+01  -1.0308474E-01   4.9875613E-02   5.2464228E-01  -5.9605663E+00  -3.3565242E+01  -1.5846469E-04   6.9114620E-04
  2.0673877E-06  -6.9898766E-07   1.8151021E-06   3.9335522E-05   1.5749093E-04   9.5638811E-05  -2.6077362E-04   1.5071892E-05  -3.9055114E-01   8.1754545E-02  -5.1478791E-02  -4.1243259E-01   8.8893994E-01   1.6277249E+00   6.1247315E-01   4.7176089E-02  -1.4726690E-03   7.4360575E-03   1.0260275E-01   1.5656157E-01   4.4083811E-06   3.1274923E-07
  4.0739047E-05  -1.0887030E-05  -1.3753354E-06   3.4447950E-04   5.6763524E-04   1.0841858E-03  -5.4677962E-04  -5.4848354E-05  -8.9299102E-01  -5.1478791E-02   4.0648419E+00  -3.1790044E+01  -3.4296947E+00   8.0889649E+00   5.7635059E+00  -3.0398445E+00  -2.0851457E-01   1.4584995E-01   2.7737062E+00   3.4182565E+00   1.0908818E-04  -3.5569890E-05
 -6.8028455E-04   8.3013593E-04  -2.3814895E-04  -1.0101796E-02  -1.5774784E-02  -2.7844913E-02   1.2341248E-02   3.4967127E-03   3.7959828E+01  -4.1243259E-01  -3.1790044E+01   7.9674108E+02   7.6207446E+01  -5.2555231E+01  -6.2107619E+01   1.5642553E+01  -6.2301603E+00   5.9869624E+00  -1.2691122E+01  -2.5781929E+01   3.8472992E-03   5.2714480E-04
 -4.7010512E-04   1.3168700E-03  -1.7962092E-04  -4.3950727E-03  -4.3363528E-03  -9.8616434E-03  -1.3901315E-02   5.5003097E-04   2.7368702E+00   8.8893994E-01  -3.4296947E+00   7.6207446E+01   6.4807907E+01   4.1642668E+01   1.5989013E+01  -5.1083233E+00  -5.2407178E-01  -1.3146627E+00   3.6104891E+00   4.5903108E+00   1.4753277E-04   8.9058252E-05
 -2.0530155E-04   1.2655573E-03  -1.6149881E-04  -1.2576789E-03   3.4071918E-03  -1.0398760E-03  -2.5134752E-02   4.4352719E-04  -1.2530602E+01   1.6277249E+00   8.0889649E+00  -5.2555231E+01   4.1642668E+01   8.6690312E+01   5.5047491E+01  -1.2983316E+01  -8.0928084E-01  -8.2792351E-01   5.2629980E+00   8.8651683E+00   4.8695429E-04  -3.6461687E-04
 -5.9455054E-05   8.4752930E-04  -1.1570791E-04   6.0452759E-04   9.2689142E-03   3.3438486E-03  -2.7292153E-02   1.2718152E-03  -5.4327636E+01   6.1247315E-01   5.7635059E+00  -6.2107619E+01   1.5989013E+01   5.5047491E+01   1.0456955E+02  -1.0217538E+01  -6.1289410E-01  -1.3112285E+00   5.8337752E+00   3.3574580E+01   4.8213739E-04  -1.3415330E-03
 -5.7792092E-05   1.8033300E-05   8.7112039E-06  -9.6163859E-04  -2.9431724E-03  -2.4499832E-03   4.9870699E-03  -8.1446324E-05  -1.0308474E-01   4.7176089E-02  -3.0398445E+00   1.5642553E+01  -5.1083233E+00  -1.2983316E+01  -1.0217538E+01   6.5244504E+00   1.0568656E-01  -1.7717018E-01  -2.2594231E+00  -2.5095120E+00  -8.1269577E-05   1.8560453E-05
  7.0386838E-06  -3.1445682E-05   1.0730623E-05   2.6554768E-05  -3.1054485E-04   4.8070366E-04   9.3691123E-04   2.3842004E-05   4.9875613E-02  -1.4726690E-03  -2.0851457E-01  -6.2301603E+00  -5.2407178E-01  -8.0928084E-01  -6.1289410E-01   1.0568656E-01   3.3524995E+00   5.7371319E-01   1.8964837E-01   2.2569617E-01   1.8084898E-04  -5.2117322E-06
 -2.0185484E-06  -3.8563040E-05  -3.8674447E-06  -8.7603902E-05  -9.8880110E-04  -2.7615466E-04   1.9848266E-03  -4.7309951E-05   5.2464228E-01   7.4360575E-03   1.4584995E-01   5.9869624E+00  -1.3146627E+00  -8.2792351E-01  -1.3112285E+00  -1.7717018E-01   5.7371319E-01   3.2095254E+00   2.7948116E+00   2.8317941E+00  -1.8348814E-04  -3.3114938E-05
 -4.5824399E-06  -1.7625351E-05  -1.7230905E-07  -2.1588843E-04  -1.1524991E-03  -3.4133640E-04   1.9959156E-03  -7.4767915E-05  -5.9605663E+00   1.0260275E-01   2.7737062E+00  -1.2691122E+01   3.6104891E+00   5.2629980E+00   5.8337752E+00  -2.2594231E+00   1.8964837E-01   2.7948116E+00   1.1130926E+01   1.9813578E+01  -3.9005313E-05   4.1314583E-04
  4.1492882E-05  -3.5131215E-05   2.7921231E-05  -2.1719681E-05   1.1027987E-03   1.3136014E-03  -7.5263605E-05   6.4316181E-04  -3.3565242E+01   1.5656157E-01   3.4182565E+00  -2.5781929E+01   4.5903108E+00   8.8651683E+00   3.3574580E+01  -2.5095120E+00   2.2569617E-01   2.8317941E+00   1.9813578E+01   5.4451922E+01   2.6847712E-06   9.4921081E-04
  9.9084641E-10  -1.5214822E-08   9.6563290E-11  -3.7776448E-08   6.6516582E-08  -1.1563213E-07  -3.5017456E-07   4.4507144E-09  -1.5846469E-04   4.4083811E-06   1.0908818E-04   3.8472992E-03   1.4753277E-04   4.8695429E-04   4.8213739E-04  -8.1269577E-05   1.8084898E-04  -1.8348814E-04  -3.9005313E-05   2.6847712E-06   3.8499157E-07  -2.1300636E-09
 -1.8058988E-09   1.4571248E-08  -8.0670399E-10  -3.5205520E-08  -2.7938074E-08  -9.5448794E-08  -5.4025983E-08   8.9311315E-09   6.9114620E-04   3.1274923E-07  -3.5569890E-05   5.2714480E-04   8.9058252E-05  -3.6461687E-04  -1.3415330E-03   1.8560453E-05  -5.2117322E-06  -3.3114938E-05   4.1314583E-04   9.4921081E-04  -2.1300636E-09   3.8829360E-07
