# omegabh2 omegach2 theta tau yhe logA ns calPlanck aps100 aps143 aps217 acib217 asz143 psr cibr xi aksz dust100 dust143 dust217 dust143x217 cal0 cal2 calTE calEE
  4.3347557E-08  -1.3127701E-07   9.7560865E-08   3.6435145E-07   2.3045176E-06   1.0723868E-06   1.2775679E-06   1.5208069E-08   4.0244786E-04   2.9776068E-04   3.8532694E-05   5.8722625E-05  -3.4755976E-05   8.8173651E-07  -2.1871823E-06   3.9312069E-06   6.3614189E-05   3.1138640E-06   1.6695505E-06   6.8059105E-07   3.1145270E-06  -7.9242997E-09   2.8254129E-08   2.0820496E-07   2.9827267E-07
 -1.3127701E-07   1.7714846E-06  -2.6912883E-07  -2.1724881E-06  -3.8315284E-06  -1.5527081E-06  -5.4968716E-06  -2.2235822E-07   1.2561618E-03  -3.9550652E-05   1.5947782E-04   9.5831692E-05   6.2344251E-05  -6.8475457E-06   1.6415225E-05  -2.4670830E-05  -2.2427448E-04   3.8389727E-06  -3.2678135E-06  -4.8471386E-06  -1.7088962E-05   5.1226294E-08  -7.6143425E-08  -1.0880836E-06  -1.8822219E-06
  9.7560865E-08  -2.6912883E-07   4.4951918E-07   7.4927310E-07   1.0041354E-05   3.4867882E-06   4.6557137E-06   2.4957756E-08   3.4148226E-03   2.1825152E-03  -1.1979879E-04   8.6436981E-04  -1.4977400E-04  -3.7506937E-06   9.1255286E-06  -2.7613787E-06   3.4553212E-04   4.1825859E-06   1.0499011E-05  -2.9849373E-06   7.2499146E-06  -3.8419953E-08   8.4056658E-08   1.3094618E-06   2.4479393E-06
  3.6435145E-07  -2.1724881E-06   7.4927310E-07   6.9934421E-05   1.4031573E-05   1.3692337E-04   1.4459198E-05  -3.6569993E-07  -1.3169433E-02  -1.7565350E-03  -5.8276037E-04  -3.1392124E-04   9.9741304E-05   2.2436651E-05  -1.7869727E-05   5.7037832E-05  -6.5390899E-04   8.5971338E-05  -1.8751473E-05   3.7540223E-06  -1.6060331E-06  -4.3374545E-07   2.1861713E-07  -3.2681047E-06   1.0991886E-06
  2.3045176E-06  -3.8315284E-06   1.0041354E-05   1.4031573E-05   2.8019674E-04   8.8703864E-05   1.1796311E-04   1.1240496E-07   1.0935172E-01   6.4445474E-02  -9.9389983E-03   2.7490236E-02  -4.1161338E-03  -1.3157079E-04   3.3875892E-04  -6.9671443E-05   9.2743551E-03   1.5066991E-04   2.4924406E-04  -8.7469016E-05   1.9897265E-04  -6.3582288E-07   3.0908716E-06   3.6224916E-05   6.6077098E-05
  1.0723868E-06  -1.5527081E-06   3.4867882E-06   1.3692337E-04   8.8703864E-05   3.1589616E-04   4.5669002E-05   1.0603709E-05   4.0439394E-03   1.4269816E-02   8.7665465E-03   2.9521370E-03  -5.4301903E-04   3.0310936E-05   2.2228106E-05   1.2141427E-04  -9.6766757E-04   2.4420225E-04  -7.3137734E-05   2.8834279E-05   1.6327276E-05  -2.3776459E-07   9.9512741E-07   1.3508500E-07   1.6044635E-05
  1.2775679E-06  -5.4968716E-06   4.6557137E-06   1.4459198E-05   1.1796311E-04   4.5669002E-05   6.7911274E-05   1.0516226E-06   2.4256688E-02   1.9335953E-02   4.4231283E-03   4.4389413E-03  -1.7647653E-03   2.5955471E-05  -5.6014813E-05   1.3934201E-04   2.9207972E-03   8.5871185E-05   9.5846464E-05   4.6320220E-06   1.2555460E-04  -6.1947898E-07   9.3897756E-07   1.5644112E-05   2.6267165E-05
  1.5208069E-08  -2.2235822E-07   2.4957756E-08  -3.6569993E-07   1.1240496E-07   1.0603709E-05   1.0516226E-06   5.9414564E-06   8.1206588E-04   2.9620276E-04   3.0938646E-03  -5.8259245E-04   2.4482366E-05  -6.5497477E-07  -7.6657874E-06   9.4956151E-06  -1.2734481E-04   2.2715366E-05   1.8128406E-06   2.3016315E-05   1.2619742E-05   4.3148890E-09   3.8064109E-10  -3.1049942E-08  -3.6606559E-07
  4.0244786E-04   1.2561618E-03   3.4148226E-03  -1.3169433E-02   1.0935172E-01   4.0439394E-03   2.4256688E-02   8.1206588E-04   6.2291819E+02   6.7017567E+01  -5.3394904E+01   3.4708226E+01  -2.5543399E+01  -7.5539393E-01  -3.6509124E-01  -3.5529414E-01   1.3731779E+01  -5.4203434E-02   2.3856901E-01  -2.2328329E-01  -4.1751660E-02   6.9362907E-03   5.0149263E-03   1.4319698E-02   3.0204306E-02
  2.9776068E-04  -3.9550652E-05   2.1825152E-03  -1.7565350E-03   6.4445474E-02   1.4269816E-02   1.9335953E-02   2.9620276E-04   6.7017567E+01   7.7060490E+01   9.0045053E+00   1.1476862E+01  -1.2676370E+00  -2.7702786E-02   5.3035983E-01   8.3139532E-01  -6.1218064E+00   3.8124608E-02  -1.6204724E-01   2.1355323E-02   4.5188639E-02   4.6366545E-04   1.4341555E-03   1.0295264E-02   1.9524046E-02
  3.8532694E-05   1.5947782E-04  -1.1979879E-04  -5.8276037E-04  -9.9389983E-03   8.7665465E-03   4.4231283E-03   3.0938646E-03  -5.3394904E+01   9.0045053E+00   1.7595811E+02  -8.4409632E+01   1.5314349E+00   3.5535477E-01  -1.1294255E+00   4.8732586E-01  -6.6226668E+00  -4.9467969E-03  -2.6059326E-01   5.5370645E-01  -5.3891665E-04   1.3587423E-03  -8.0096598E-03   4.3045709E-04  -1.0503399E-03
  5.8722625E-05   9.5831692E-05   8.6436981E-04  -3.1392124E-04   2.7490236E-02   2.9521370E-03   4.4389413E-03  -5.8259245E-04   3.4708226E+01   1.1476862E+01  -8.4409632E+01   5.4319292E+01   1.6521815E+00  -9.5894142E-02   8.4964936E-01  -3.1520123E-01  -1.9076082E+00   4.7158283E-02   1.7607963E-01  -4.4387835E-01  -1.3429843E-01  -4.3488408E-04   3.7111720E-03   3.1424014E-03   7.4949255E-03
 -3.4755976E-05   6.2344251E-05  -1.4977400E-04   9.9741304E-05  -4.1161338E-03  -5.4301903E-04  -1.7647653E-03   2.4482366E-05  -2.5543399E+01  -1.2676370E+00   1.5314349E+00   1.6521815E+00   4.1439916E+00   8.4749518E-02   1.7993278E-01  -2.3008253E-02  -3.2164774E+00  -8.7822205E-03   5.7932347E-03   9.6719643E-03   3.6241644E-02   3.6739689E-04  -1.7293236E-04  -6.7206475E-04  -9.5609282E-04
  8.8173651E-07  -6.8475457E-06  -3.7506937E-06   2.2436651E-05  -1.3157079E-04   3.0310936E-05   2.5955471E-05  -6.5497477E-07  -7.5539393E-01  -2.7702786E-02   3.5535477E-01  -9.5894142E-02   8.4749518E-02   1.4988233E-02  -1.5398426E-02   1.4174440E-02  -9.9191357E-02   2.7722861E-04  -1.0085948E-03  -1.9892854E-03   4.6212622E-03   1.5984756E-05  -3.8025496E-05  -2.0992364E-05  -1.2583426E-05
 -2.1871823E-06   1.6415225E-05   9.1255286E-06  -1.7869727E-05   3.3875892E-04   2.2228106E-05  -5.6014813E-05  -7.6657874E-06  -3.6509124E-01   5.3035983E-01  -1.1294255E+00   8.4964936E-01   1.7993278E-01  -1.5398426E-02   6.8250181E-02   5.3478203E-04  -1.4978911E-01  -8.4845610E-04   6.6263362E-03  -1.3586828E-03  -1.8084291E-02  -4.0998702E-06   1.0450441E-04   6.6059890E-05   7.8142969E-05
  3.9312069E-06  -2.4670830E-05  -2.7613787E-06   5.7037832E-05  -6.9671443E-05   1.2141427E-04   1.3934201E-04   9.4956151E-06  -3.5529414E-01   8.3139532E-01   4.8732586E-01  -3.1520123E-01  -2.3008253E-02   1.4174440E-02   5.3478203E-04   8.4387931E-02  -2.0212464E-02   3.1545306E-04  -1.1604186E-04   1.0711334E-03   9.7358016E-04   1.7284909E-05  -1.2397042E-05   4.8716143E-05   3.0781590E-05
  6.3614189E-05  -2.2427448E-04   3.4553212E-04  -6.5390899E-04   9.2743551E-03  -9.6766757E-04   2.9207972E-03  -1.2734481E-04   1.3731779E+01  -6.1218064E+00  -6.6226668E+00  -1.9076082E+00  -3.2164774E+00  -9.9191357E-02  -1.4978911E-01  -2.0212464E-02   7.1691324E+00  -1.4884898E-02  -1.3596827E-03  -4.7741761E-03  -2.7098564E-02  -3.5538914E-04   2.1202029E-05   1.4450492E-03   1.9917469E-03
  3.1138640E-06   3.8389727E-06   4.1825859E-06   8.5971338E-05   1.5066991E-04   2.4420225E-04   8.5871185E-05   2.2715366E-05  -5.4203434E-02   3.8124608E-02  -4.9467969E-03   4.7158283E-02  -8.7822205E-03   2.7722861E-04  -8.4845610E-04   3.1545306E-04  -1.4884898E-02   3.8073605E-02   1.9964470E-03  -5.6974322E-04   4.5720688E-04   3.9705073E-05   6.9241160E-06  -2.9130291E-05  -4.1001954E-05
  1.6695505E-06  -3.2678135E-06   1.0499011E-05  -1.8751473E-05   2.4924406E-04  -7.3137734E-05   9.5846464E-05   1.8128406E-06   2.3856901E-01  -1.6204724E-01  -2.6059326E-01   1.7607963E-01   5.7932347E-03  -1.0085948E-03   6.6263362E-03  -1.1604186E-04  -1.3596827E-03   1.9964470E-03   2.8548857E-02  -1.4858374E-04   6.1214816E-03  -7.9502751E-05  -2.0347193E-05  -3.3684567E-05  -2.9152759E-05
  6.8059105E-07  -4.8471386E-06  -2.9849373E-06   3.7540223E-06  -8.7469016E-05   2.8834279E-05   4.6320220E-06   2.3016315E-05  -2.2328329E-01   2.1355323E-02   5.5370645E-01  -4.4387835E-01   9.6719643E-03  -1.9892854E-03  -1.3586828E-03   1.0711334E-03  -4.7741761E-03  -5.6974322E-04  -1.4858374E-04   1.0358858E-02   8.7720504E-03   7.6210360E-08   6.2084429E-05  -1.1552213E-05  -3.7842945E-05
  3.1145270E-06  -1.7088962E-05   7.2499146E-06  -1.6060331E-06   1.9897265E-04   1.6327276E-05   1.2555460E-04   1.2619742E-05  -4.1751660E-02   4.5188639E-02  -5.3891665E-04  -1.3429843E-01   3.6241644E-02   4.6212622E-03  -1.8084291E-02   9.7358016E-04  -2.7098564E-02   4.5720688E-04   6.1214816E-03   8.7720504E-03   2.6586663E-02  -1.3287691E-05   6.6641546E-05   1.2298790E-05   5.3076751E-05
 -7.9242997E-09   5.1226294E-08  -3.8419953E-08  -4.3374545E-07  -6.3582288E-07  -2.3776459E-07  -6.1947898E-07   4.3148890E-09   6.9362907E-03   4.6366545E-04   1.3587423E-03  -4.3488408E-04   3.6739689E-04   1.5984756E-05  -4.0998702E-06   1.7284909E-05  -3.5538914E-04   3.9705073E-05  -7.9502751E-05   7.6210360E-08  -1.3287691E-05   1.1291225E-06   3.5529454E-08   1.4379927E-07   3.3686994E-07
  2.8254129E-08  -7.6143425E-08   8.4056658E-08   2.1861713E-07   3.0908716E-06   9.9512741E-07   9.3897756E-07   3.8064109E-10   5.0149263E-03   1.4341555E-03  -8.0096598E-03   3.7111720E-03  -1.7293236E-04  -3.8025496E-05   1.0450441E-04  -1.2397042E-05   2.1202029E-05   6.9241160E-06  -2.0347193E-05   6.2084429E-05   6.6641546E-05   3.5529454E-08   2.5406235E-06   5.9621483E-07   7.6538066E-07
  2.0820496E-07  -1.0880836E-06   1.3094618E-06  -3.2681047E-06   3.6224916E-05   1.3508500E-07   1.5644112E-05  -3.1049942E-08   1.4319698E-02   1.0295264E-02   4.3045709E-04   3.1424014E-03  -6.7206475E-04  -2.0992364E-05   6.6059890E-05   4.8716143E-05   1.4450492E-03  -2.9130291E-05  -3.3684567E-05  -1.1552213E-05   1.2298790E-05   1.4379927E-07   5.9621483E-07   2.8231378E-05   1.7295726E-05
  2.9827267E-07  -1.8822219E-06   2.4479393E-06   1.0991886E-06   6.6077098E-05   1.6044635E-05   2.6267165E-05  -3.6606559E-07   3.0204306E-02   1.9524046E-02  -1.0503399E-03   7.4949255E-03  -9.5609282E-04  -1.2583426E-05   7.8142969E-05   3.0781590E-05   1.9917469E-03  -4.1001954E-05  -2.9152759E-05  -3.7842945E-05   5.3076751E-05   3.3686994E-07   7.6538066E-07   1.7295726E-05   4.1587966E-05
