# omegabh2 omegach2 theta tau logA ns calPlanck aps100 aps143 aps217 acib217 asz143 psr cibr xi aksz dust100 dust143 dust217 dust143x217 cal0 cal2 calTE calEE
  2.4700646E-08  -7.7245152E-08   1.3930056E-08   1.4569198E-06   2.8066960E-06   3.2175632E-07   1.0175075E-08  -5.0939768E-04  -3.2163672E-04   1.2566094E-04  -1.7557646E-04   2.1758597E-05   1.3017821E-06  -2.0731195E-06   2.4132889E-06  -4.6772692E-05  -1.2283087E-07  -6.5560099E-07   8.7214149E-07  -7.4978024E-07   5.3368438E-09  -1.2034965E-08  -1.9105125E-07  -3.0258228E-07
 -7.7245152E-08   1.1320985E-06  -7.3731108E-08  -9.6789874E-06  -1.6587154E-05  -2.9689367E-06   7.6311279E-10   1.6912051E-03   9.9959501E-04  -1.7162811E-04   4.5411331E-04  -8.3537908E-05  -2.7556364E-06   1.4571979E-06  -8.3448945E-06   9.8725553E-05   3.7265408E-06   1.2902851E-06  -2.2929145E-06   2.5134516E-06  -8.3739980E-09   2.5208068E-08   5.1889434E-07   3.1556520E-08
  1.3930056E-08  -7.3731108E-08   8.9680144E-08   9.5668762E-07   1.8489450E-06   3.0873178E-07   1.3807549E-08  -1.8005801E-05  -1.2096884E-04  -3.9383302E-05  -1.8673262E-05   5.5158280E-06  -3.8505549E-07  -1.1176713E-07  -1.5106838E-06  -1.1456024E-05   8.2907752E-07   7.2120212E-07   1.9443189E-07  -2.0712210E-08   3.8477666E-09  -3.2178799E-09  -6.7153032E-08  -3.3791409E-09
  1.4569198E-06  -9.6789874E-06   9.5668762E-07   5.4295157E-04   1.0527768E-03   5.0086616E-05  -3.6521514E-06  -8.9276879E-02  -4.2636811E-02   2.3157789E-02  -2.6475296E-02   2.3304959E-03   2.2118868E-04  -5.0269606E-04   2.5404862E-04  -6.2798198E-03  -1.1500005E-04  -1.7280065E-04   1.1117209E-04  -1.0202138E-04  -1.4748469E-07  -1.7903897E-06  -4.4828959E-05  -2.2923938E-05
  2.8066960E-06  -1.6587154E-05   1.8489450E-06   1.0527768E-03   2.0737699E-03   9.1097088E-05   4.6326658E-06  -1.7017098E-01  -8.0780442E-02   5.5228900E-02  -5.3523311E-02   4.6976909E-03   4.6929022E-04  -1.0459692E-03   5.4077454E-04  -1.3454738E-02  -2.1291644E-04  -4.2815685E-04   2.3685478E-04  -2.2082854E-04   3.8359817E-07  -3.7933928E-06  -8.7811469E-05  -4.3310538E-05
  3.2175632E-07  -2.9689367E-06   3.0873178E-07   5.0086616E-05   9.1097088E-05   1.8715166E-05  -6.4041531E-10  -2.9745290E-02  -1.0371490E-02   1.0029640E-02  -7.9917931E-03   7.9351064E-04   7.3092839E-05  -1.2121704E-04   8.4266950E-05  -2.2649520E-03  -1.5663780E-06  -2.1331777E-05   4.6061835E-05  -1.1608949E-05  -3.2585187E-07  -4.2065320E-07  -3.9814760E-06  -5.3403344E-06
  1.0175075E-08   7.6311279E-10   1.3807549E-08  -3.6521514E-06   4.6326658E-06  -6.4041531E-10   5.9407636E-06   2.3386152E-03   5.8893932E-04   2.3707388E-03   1.0086107E-04   7.3447604E-05   3.6874693E-06  -3.6954523E-06  -4.0203814E-07  -1.0815400E-04   8.8340273E-06   2.3256266E-06   7.4707263E-06  -1.3394243E-06   1.8191825E-08  -1.2946949E-07  -1.7963635E-08  -9.7686269E-08
 -5.0939768E-04   1.6912051E-03  -1.8005801E-05  -8.9276879E-02  -1.7017098E-01  -2.9745290E-02   2.3386152E-03   6.2305508E+02   6.3849023E+01  -6.0091299E+01   3.5278749E+01  -2.5922773E+01  -8.9728680E-01  -1.9555361E-01  -3.3960179E-01   1.1495269E+01  -1.7547968E-01   3.1725389E-01  -3.0351189E-01  -1.7380678E-01   6.4135210E-03   3.0954223E-03   9.2896323E-03   1.1214528E-02
 -3.2163672E-04   9.9959501E-04  -1.2096884E-04  -4.2636811E-02  -8.0780442E-02  -1.0371490E-02   5.8893932E-04   6.3849023E+01   7.2232463E+01   8.7212274E+00   7.8656550E+00  -5.8471907E-01  -7.9173595E-02   4.8896864E-01   9.1931337E-01  -8.1595700E+00  -2.5089077E-03  -2.3488871E-01   4.8417403E-02   7.1767940E-02   9.3722765E-04   7.8184066E-04   6.1420668E-03   6.8926620E-03
  1.2566094E-04  -1.7162811E-04  -3.9383302E-05   2.3157789E-02   5.5228900E-02   1.0029640E-02   2.3707388E-03  -6.0091299E+01   8.7212274E+00   1.7122729E+02  -8.0264214E+01   3.8114163E+00   3.1205512E-01  -9.3926323E-01   4.0289689E-01  -8.2229132E+00  -7.6144257E-03  -2.4276419E-01   5.4956517E-01  -5.5022788E-02   1.7455862E-03  -7.6891024E-03   1.5090284E-04   1.1425089E-03
 -1.7557646E-04   4.5411331E-04  -1.8673262E-05  -2.6475296E-02  -5.3523311E-02  -7.9917931E-03   1.0086107E-04   3.5278749E+01   7.8656550E+00  -8.0264214E+01   5.0022362E+01   8.6444882E-01  -3.4041945E-02   6.6984645E-01  -2.8237993E-01  -1.8407974E+00   1.8302619E-02   1.4101837E-01  -4.3916461E-01  -7.8605020E-02  -5.1965758E-04   3.1244004E-03   1.8870706E-03   1.7890683E-03
  2.1758597E-05  -8.3537908E-05   5.5158280E-06   2.3304959E-03   4.6976909E-03   7.9351064E-04   7.3447604E-05  -2.5922773E+01  -5.8471907E-01   3.8114163E+00   8.6444882E-01   4.2957703E+00   1.0565462E-01   1.5725730E-01  -2.4781302E-02  -3.3909696E+00  -2.3384589E-03  -8.2837309E-03   1.7258634E-02   5.4051354E-02   4.6649238E-04  -2.3990637E-04  -2.5814206E-04  -3.3954029E-04
  1.3017821E-06  -2.7556364E-06  -3.8505549E-07   2.2118868E-04   4.6929022E-04   7.3092839E-05   3.6874693E-06  -8.9728680E-01  -7.9173595E-02   3.1205512E-01  -3.4041945E-02   1.0565462E-01   1.7164275E-02  -1.6775904E-02   1.2211344E-02  -9.8765474E-02  -3.3484234E-04  -1.1982688E-03  -2.8351797E-03   4.7267033E-03   1.6106389E-05  -3.6721887E-05  -7.0435077E-06   1.7109075E-06
 -2.0731195E-06   1.4571979E-06  -1.1176713E-07  -5.0269606E-04  -1.0459692E-03  -1.2121704E-04  -3.6954523E-06  -1.9555361E-01   4.8896864E-01  -9.3926323E-01   6.6984645E-01   1.5725730E-01  -1.6775904E-02   6.9768342E-02   4.0894968E-03  -1.6048462E-01   1.2578543E-03   7.0754445E-03   1.9583984E-04  -1.6868962E-02  -2.8169520E-06   8.9887231E-05   3.3582281E-05  -7.0616628E-06
  2.4132889E-06  -8.3448945E-06  -1.5106838E-06   2.5404862E-04   5.4077454E-04   8.4266950E-05  -4.0203814E-07  -3.3960179E-01   9.1931337E-01   4.0289689E-01  -2.8237993E-01  -2.4781302E-02   1.2211344E-02   4.0894968E-03   8.4904724E-02   1.4349062E-02  -6.2407037E-05  -2.6884836E-04   1.0842096E-03   7.4480490E-04   1.9142314E-05  -2.0454958E-05   6.2363596E-06   4.9530962E-06
 -4.6772692E-05   9.8725553E-05  -1.1456024E-05  -6.2798198E-03  -1.3454738E-02  -2.2649520E-03  -1.0815400E-04   1.1495269E+01  -8.1595700E+00  -8.2229132E+00  -1.8407974E+00  -3.3909696E+00  -9.8765474E-02  -1.6048462E-01   1.4349062E-02   7.1217820E+00  -4.7911972E-03   6.7455401E-04  -1.2478693E-02  -4.8130747E-02  -3.8715318E-04   4.6519623E-05   2.0415058E-04   1.6711679E-04
 -1.2283087E-07   3.7265408E-06   8.2907752E-07  -1.1500005E-04  -2.1291644E-04  -1.5663780E-06   8.8340273E-06  -1.7547968E-01  -2.5089077E-03  -7.6144257E-03   1.8302619E-02  -2.3384589E-03  -3.3484234E-04   1.2578543E-03  -6.2407037E-05  -4.7911972E-03   3.7821930E-02   2.7014740E-03  -4.9641431E-05   2.0494325E-04   3.4957265E-05  -3.4185114E-06  -5.7485131E-06  -1.2193510E-05
 -6.5560099E-07   1.2902851E-06   7.2120212E-07  -1.7280065E-04  -4.2815685E-04  -2.1331777E-05   2.3256266E-06   3.1725389E-01  -2.3488871E-01  -2.4276419E-01   1.4101837E-01  -8.2837309E-03  -1.1982688E-03   7.0754445E-03  -2.6884836E-04   6.7455401E-04   2.7014740E-03   3.0206722E-02  -5.5836971E-04   5.0471520E-03  -8.0127545E-05  -4.3867176E-05  -7.5258550E-05  -8.0219190E-05
  8.7214149E-07  -2.2929145E-06   1.9443189E-07   1.1117209E-04   2.3685478E-04   4.6061835E-05   7.4707263E-06  -3.0351189E-01   4.8417403E-02   5.4956517E-01  -4.3916461E-01   1.7258634E-02  -2.8351797E-03   1.9583984E-04   1.0842096E-03  -1.2478693E-02  -4.9641431E-05  -5.5836971E-04   1.0708630E-02   8.4516058E-03   3.1681131E-06   6.4945958E-05  -1.5830714E-05  -1.6759125E-05
 -7.4978024E-07   2.5134516E-06  -2.0712210E-08  -1.0202138E-04  -2.2082854E-04  -1.1608949E-05  -1.3394243E-06  -1.7380678E-01   7.1767940E-02  -5.5022788E-02  -7.8605020E-02   5.4051354E-02   4.7267033E-03  -1.6868962E-02   7.4480490E-04  -4.8130747E-02   2.0494325E-04   5.0471520E-03   8.4516058E-03   2.6017827E-02  -5.1452454E-06   6.7223341E-05  -2.8322556E-05  -2.5918884E-06
  5.3368438E-09  -8.3739980E-09   3.8477666E-09  -1.4748469E-07   3.8359817E-07  -3.2585187E-07   1.8191825E-08   6.4135210E-03   9.3722765E-04   1.7455862E-03  -5.1965758E-04   4.6649238E-04   1.6106389E-05  -2.8169520E-06   1.9142314E-05  -3.8715318E-04   3.4957265E-05  -8.0127545E-05   3.1681131E-06  -5.1452454E-06   1.1005542E-06   2.6201297E-08   4.3671104E-07   6.2371507E-07
 -1.2034965E-08   2.5208068E-08  -3.2178799E-09  -1.7903897E-06  -3.7933928E-06  -4.2065320E-07  -1.2946949E-07   3.0954223E-03   7.8184066E-04  -7.6891024E-03   3.1244004E-03  -2.3990637E-04  -3.6721887E-05   8.9887231E-05  -2.0454958E-05   4.6519623E-05  -3.4185114E-06  -4.3867176E-05   6.4945958E-05   6.7223341E-05   2.6201297E-08   2.5233376E-06   2.6294412E-07   1.8368781E-07
 -1.9105125E-07   5.1889434E-07  -6.7153032E-08  -4.4828959E-05  -8.7811469E-05  -3.9814760E-06  -1.7963635E-08   9.2896323E-03   6.1420668E-03   1.5090284E-04   1.8870706E-03  -2.5814206E-04  -7.0435077E-06   3.3582281E-05   6.2363596E-06   2.0415058E-04  -5.7485131E-06  -7.5258550E-05  -1.5830714E-05  -2.8322556E-05   4.3671104E-07   2.6294412E-07   2.6946358E-05   9.0829365E-06
 -3.0258228E-07   3.1556520E-08  -3.3791409E-09  -2.2923938E-05  -4.3310538E-05  -5.3403344E-06  -9.7686269E-08   1.1214528E-02   6.8926620E-03   1.1425089E-03   1.7890683E-03  -3.3954029E-04   1.7109075E-06  -7.0616628E-06   4.9530962E-06   1.6711679E-04  -1.2193510E-05  -8.0219190E-05  -1.6759125E-05  -2.5918884E-06   6.2371507E-07   1.8368781E-07   9.0829365E-06   2.4097608E-05
