# omegabh2 omegach2 theta tau w wa logA ns calPlanck aps100 aps143 aps217 acib217 asz143 psr cibr xi aksz dust100 dust143 dust217 dust143x217 cal0 cal2 calTE calEE
  2.3264521E-08  -8.9460363E-08   1.5145748E-08   2.0133965E-07  -6.4863284E-07   9.5411644E-06   2.6939924E-07   2.7324590E-07   1.0469560E-08  -3.5447352E-04  -2.5865099E-04   5.1223967E-05  -1.0781146E-04   1.8359755E-05   1.0188688E-06  -2.1669230E-06   1.2547578E-06  -3.1520271E-05   3.0797281E-07   2.2774233E-07   6.2734288E-07   2.1471735E-07   1.9960633E-09  -6.1818545E-09  -8.4148029E-08  -2.4077540E-07
 -8.9460363E-08   1.6300574E-06  -1.2659611E-07  -1.5565988E-06   1.4998680E-05  -1.6272651E-04   5.8521124E-07  -3.7002544E-06  -1.1323775E-07   2.7437507E-04   6.2432863E-04   3.0756275E-04   9.4457242E-05  -3.7508560E-05  -1.1219860E-06   1.8204906E-06  -4.2510328E-06   4.8404066E-05  -1.0595410E-06  -1.7023835E-06  -1.1189318E-06  -9.8005079E-07  -2.2067236E-08   4.6559548E-09  -4.1282172E-07  -7.5253059E-07
  1.5145748E-08  -1.2659611E-07   9.4597235E-08   1.6557611E-07  -1.8747316E-06   1.8883100E-05   1.1237766E-07   4.0936870E-07   2.1443824E-09   7.9960357E-06  -7.9614500E-05  -1.3181947E-04   3.7075688E-05   9.1503553E-07   2.0016076E-07  -3.4038952E-07   3.0929620E-07   2.4278576E-06   3.1081619E-07   6.2160454E-07  -2.8134388E-07   1.9483925E-07   2.6697007E-10   4.4495718E-09  -2.7642636E-08   3.1405141E-08
  2.0133965E-07  -1.5565988E-06   1.6557611E-07   4.1194173E-05  -6.7216385E-06   1.3802900E-04   7.8701941E-05   5.5160706E-06  -2.3898708E-09  -6.5549657E-03  -3.4275987E-03   1.6410623E-03  -1.6996452E-03   2.8057396E-04   2.2623414E-05  -4.0110364E-05   1.3879907E-05  -7.9384432E-04  -4.5440076E-06  -1.0534625E-05  -3.7376601E-07  -1.1253582E-05  -1.8709371E-08  -2.1679403E-07  -2.6702829E-06  -1.8895040E-06
 -6.4863284E-07   1.4998680E-05  -1.8747316E-06  -6.7216385E-06   6.1639538E-03  -2.2577679E-02   3.1334268E-05  -2.8605846E-05   3.3149910E-06  -5.5103973E-02  -1.0994286E-02   2.0395143E-02  -8.8280167E-03   3.4463782E-03   2.1434464E-04  -1.8976069E-04   1.3520538E-05  -4.6650529E-03   2.7939086E-04  -8.4854655E-05   1.0415064E-04   7.1405830E-05   1.6485785E-07  -4.7555802E-07  -1.8068648E-05  -6.4665340E-06
  9.5411644E-06  -1.6272651E-04   1.8883100E-05   1.3802900E-04  -2.2577679E-02   9.9332369E-02  -1.1823045E-04   3.5667076E-04  -1.4106045E-07   1.6157224E-01  -1.2068490E-02  -9.6095664E-02   2.3675662E-02  -9.0361045E-03  -8.1975869E-04   8.6539539E-04  -9.4818907E-05   1.2185944E-02  -1.0960464E-03   3.8030415E-04  -2.1464083E-04  -3.8897792E-04   7.0029825E-07   2.5336729E-06   9.5662038E-05   6.0658350E-05
  2.6939924E-07   5.8521124E-07   1.1237766E-07   7.8701941E-05   3.1334268E-05  -1.1823045E-04   1.8739601E-04   9.4466757E-07   1.2274311E-05  -7.4246036E-03  -3.9169481E-03   1.2363556E-02  -4.6913011E-03   5.5227875E-04   7.2232739E-05  -1.2839926E-04   6.9625904E-05  -2.5034367E-03  -4.5339733E-05  -1.2149196E-04   2.3109262E-05  -3.7277684E-05   5.7467935E-07  -5.1595957E-07  -6.2465993E-06  -3.0935289E-06
  2.7324590E-07  -3.7002544E-06   4.0936870E-07   5.5160706E-06  -2.8605846E-05   3.5667076E-04   9.4466757E-07   1.8608548E-05   3.2602246E-07  -2.1336742E-02  -7.1417672E-03   7.1103251E-03  -5.4083262E-03   6.1680403E-04   5.9463717E-05  -8.8871262E-05   7.3391465E-05  -1.9708115E-03   1.2476333E-05  -2.1367283E-05   2.8666476E-05  -1.1381116E-05  -2.7142956E-07  -3.0773416E-07   2.6231060E-07  -2.0733979E-06
  1.0469560E-08  -1.1323775E-07   2.1443824E-09  -2.3898708E-09   3.3149910E-06  -1.4106045E-07   1.2274311E-05   3.2602246E-07   6.2574272E-06   3.0334623E-03   4.4591584E-04   1.4753949E-03   4.4258167E-04  -3.0203653E-06  -1.7259197E-07   1.9297453E-06   5.0896931E-06  -3.2446316E-05  -7.8543440E-06  -1.0714076E-06   6.9877944E-06  -2.0138880E-06  -8.6778849E-09  -6.1798356E-08  -1.4829392E-07   1.1939177E-09
 -3.5447352E-04   2.7437507E-04   7.9960357E-06  -6.5549657E-03  -5.5103973E-02   1.6157224E-01  -7.4246036E-03  -2.1336742E-02   3.0334623E-03   6.0244181E+02   5.4881266E+01  -5.5290908E+01   3.0578919E+01  -2.4738235E+01  -8.2448641E-01  -1.1860012E-01  -2.8159863E-01   1.0245984E+01  -1.3778297E-01   2.9822212E-01  -2.7745302E-01  -2.5755831E-01   6.5429598E-03   2.6381417E-03   2.5688013E-03   6.5179697E-03
 -2.5865099E-04   6.2432863E-04  -7.9614500E-05  -3.4275987E-03  -1.0994286E-02  -1.2068490E-02  -3.9169481E-03  -7.1417672E-03   4.4591584E-04   5.4881266E+01   6.5757222E+01   9.6457561E+00   6.1505389E+00  -1.0030806E-01  -7.8173254E-03   4.5782911E-01   8.9644730E-01  -8.3831903E+00  -4.0054914E-02  -2.3392592E-01   4.1107171E-02   4.4778201E-02   8.5009769E-04   5.1418299E-04   2.2725057E-03   4.9250693E-03
  5.1223967E-05   3.0756275E-04  -1.3181947E-04   1.6410623E-03   2.0395143E-02  -9.6095664E-02   1.2363556E-02   7.1103251E-03   1.4753949E-03  -5.5290908E+01   9.6457561E+00   1.7560943E+02  -8.2814869E+01   2.8301321E+00   3.4221759E-01  -1.0617503E+00   3.1506761E-01  -7.5576679E+00  -4.6470521E-02  -2.7952194E-01   5.7114349E-01   1.5461358E-02   1.7792596E-03  -7.4494903E-03   1.9918532E-03   2.9920927E-03
 -1.0781146E-04   9.4457242E-05   3.7075688E-05  -1.6996452E-03  -8.8280167E-03   2.3675662E-02  -4.6913011E-03  -5.4083262E-03   4.4258167E-04   3.0578919E+01   6.1505389E+00  -8.2814869E+01   5.1530303E+01   1.5737611E+00  -4.4286675E-02   7.3138964E-01  -2.4246493E-01  -2.5642799E+00   2.0348055E-02   1.6579425E-01  -4.5989286E-01  -1.2606750E-01  -5.8392587E-04   2.9504276E-03  -4.9960955E-04   3.9378044E-05
  1.8359755E-05  -3.7508560E-05   9.1503553E-07   2.8057396E-04   3.4463782E-03  -9.0361045E-03   5.5227875E-04   6.1680403E-04  -3.0203653E-06  -2.4738235E+01  -1.0030806E-01   2.8301321E+00   1.5737611E+00   4.2965432E+00   1.0230348E-01   1.5650787E-01  -3.3188035E-02  -3.5214496E+00  -5.1966194E-03  -5.7634861E-03   9.7721374E-03   5.2774696E-02   4.5990232E-04  -2.2969253E-04  -2.8287592E-04  -2.6380061E-04
  1.0188688E-06  -1.1219860E-06   2.0016076E-07   2.2623414E-05   2.1434464E-04  -8.1975869E-04   7.2232739E-05   5.9463717E-05  -1.7259197E-07  -8.2448641E-01  -7.8173254E-03   3.4221759E-01  -4.4286675E-02   1.0230348E-01   1.6311991E-02  -1.6272305E-02   1.2172906E-02  -1.0209815E-01  -1.6451069E-04  -1.1412814E-03  -2.6415206E-03   5.1681977E-03   1.8612982E-05  -3.7613231E-05   1.1414084E-05   6.2389973E-06
 -2.1669230E-06   1.8204906E-06  -3.4038952E-07  -4.0110364E-05  -1.8976069E-04   8.6539539E-04  -1.2839926E-04  -8.8871262E-05   1.9297453E-06  -1.1860012E-01   4.5782911E-01  -1.0617503E+00   7.3138964E-01   1.5650787E-01  -1.6272305E-02   6.8233995E-02   4.4824960E-03  -1.6352719E-01   5.1955530E-04   6.5695728E-03  -4.7058852E-04  -1.7893941E-02  -6.2890103E-06   9.2670964E-05  -1.5914217E-05  -9.3803955E-06
  1.2547578E-06  -4.2510328E-06   3.0929620E-07   1.3879907E-05   1.3520538E-05  -9.4818907E-05   6.9625904E-05   7.3391465E-05   5.0896931E-06  -2.8159863E-01   8.9644730E-01   3.1506761E-01  -2.4246493E-01  -3.3188035E-02   1.2172906E-02   4.4824960E-03   8.3487612E-02   3.5937671E-02  -1.5910836E-04  -1.5699468E-04   7.8072725E-04   6.6018475E-04   1.6966306E-05  -9.0734092E-06   3.2937217E-05   1.8413067E-05
 -3.1520271E-05   4.8404066E-05   2.4278576E-06  -7.9384432E-04  -4.6650529E-03   1.2185944E-02  -2.5034367E-03  -1.9708115E-03  -3.2446316E-05   1.0245984E+01  -8.3831903E+00  -7.5576679E+00  -2.5642799E+00  -3.5214496E+00  -1.0209815E-01  -1.6352719E-01   3.5937671E-02   7.3179885E+00   4.1240991E-03   6.7291992E-04  -2.5525177E-03  -4.3243135E-02  -3.9891875E-04   1.0171558E-04  -6.9984186E-05  -2.1034516E-04
  3.0797281E-07  -1.0595410E-06   3.1081619E-07  -4.5440076E-06   2.7939086E-04  -1.0960464E-03  -4.5339733E-05   1.2476333E-05  -7.8543440E-06  -1.3778297E-01  -4.0054914E-02  -4.6470521E-02   2.0348055E-02  -5.1966194E-03  -1.6451069E-04   5.1955530E-04  -1.5910836E-04   4.1240991E-03   3.8519831E-02   3.0514170E-03  -2.1219085E-04   3.1509200E-04   3.6622566E-05  -5.1209485E-06  -1.5536071E-05  -2.6337535E-05
  2.2774233E-07  -1.7023835E-06   6.2160454E-07  -1.0534625E-05  -8.4854655E-05   3.8030415E-04  -1.2149196E-04  -2.1367283E-05  -1.0714076E-06   2.9822212E-01  -2.3392592E-01  -2.7952194E-01   1.6579425E-01  -5.7634861E-03  -1.1412814E-03   6.5695728E-03  -1.5699468E-04   6.7291992E-04   3.0514170E-03   3.0804409E-02  -8.6608887E-04   5.2326474E-03  -8.1092588E-05  -4.3896099E-05  -8.0548926E-05  -8.2708484E-05
  6.2734288E-07  -1.1189318E-06  -2.8134388E-07  -3.7376601E-07   1.0415064E-04  -2.1464083E-04   2.3109262E-05   2.8666476E-05   6.9877944E-06  -2.7745302E-01   4.1107171E-02   5.7114349E-01  -4.5989286E-01   9.7721374E-03  -2.6415206E-03  -4.7058852E-04   7.8072725E-04  -2.5525177E-03  -2.1219085E-04  -8.6608887E-04   1.0804551E-02   8.4781213E-03   4.1275550E-06   6.2598837E-05   3.4337465E-06   2.2762158E-06
  2.1471735E-07  -9.8005079E-07   1.9483925E-07  -1.1253582E-05   7.1405830E-05  -3.8897792E-04  -3.7277684E-05  -1.1381116E-05  -2.0138880E-06  -2.5755831E-01   4.4778201E-02   1.5461358E-02  -1.2606750E-01   5.2774696E-02   5.1681977E-03  -1.7893941E-02   6.6018475E-04  -4.3243135E-02   3.1509200E-04   5.2326474E-03   8.4781213E-03   2.6074606E-02  -4.0705024E-06   5.7279621E-05  -2.2483161E-05  -7.2122003E-06
  1.9960633E-09  -2.2067236E-08   2.6697007E-10  -1.8709371E-08   1.6485785E-07   7.0029825E-07   5.7467935E-07  -2.7142956E-07  -8.6778849E-09   6.5429598E-03   8.5009769E-04   1.7792596E-03  -5.8392587E-04   4.5990232E-04   1.8612982E-05  -6.2890103E-06   1.6966306E-05  -3.9891875E-04   3.6622566E-05  -8.1092588E-05   4.1275550E-06  -4.0705024E-06   1.1162931E-06   4.0962290E-08   3.2316763E-07   6.0832761E-07
 -6.1818545E-09   4.6559548E-09   4.4495718E-09  -2.1679403E-07  -4.7555802E-07   2.5336729E-06  -5.1595957E-07  -3.0773416E-07  -6.1798356E-08   2.6381417E-03   5.1418299E-04  -7.4494903E-03   2.9504276E-03  -2.2969253E-04  -3.7613231E-05   9.2670964E-05  -9.0734092E-06   1.0171558E-04  -5.1209485E-06  -4.3896099E-05   6.2598837E-05   5.7279621E-05   4.0962290E-08   2.4300867E-06   2.9747092E-07   2.1601874E-07
 -8.4148029E-08  -4.1282172E-07  -2.7642636E-08  -2.6702829E-06  -1.8068648E-05   9.5662038E-05  -6.2465993E-06   2.6231060E-07  -1.4829392E-07   2.5688013E-03   2.2725057E-03   1.9918532E-03  -4.9960955E-04  -2.8287592E-04   1.1414084E-05  -1.5914217E-05   3.2937217E-05  -6.9984186E-05  -1.5536071E-05  -8.0548926E-05   3.4337465E-06  -2.2483161E-05   3.2316763E-07   2.9747092E-07   2.4213459E-05   8.5217373E-06
 -2.4077540E-07  -7.5253059E-07   3.1405141E-08  -1.8895040E-06  -6.4665340E-06   6.0658350E-05  -3.0935289E-06  -2.0733979E-06   1.1939177E-09   6.5179697E-03   4.9250693E-03   2.9920927E-03   3.9378044E-05  -2.6380061E-04   6.2389973E-06  -9.3803955E-06   1.8413067E-05  -2.1034516E-04  -2.6337535E-05  -8.2708484E-05   2.2762158E-06  -7.2122003E-06   6.0832761E-07   2.1601874E-07   8.5217373E-06   2.4299920E-05
