# omegabh2 omegach2 theta tau mnu nnu logA ns calPlanck acib217 xi asz143 aps100 aps143 aps143217 aps217 aksz kgal100 kgal143 kgal143217 kgal217 cal0 cal2
  4.6290978E-08   2.4806981E-07  -1.1576926E-08   3.1499897E-07   1.6480621E-06   1.9789673E-05   1.3972731E-06   9.2188925E-07   9.3858220E-09  -8.2652644E-06  -5.8697456E-07   1.0305872E-05  -1.0288764E-04  -1.4907990E-04  -9.2778150E-05  -6.4454826E-05  -1.0552121E-05   1.0673180E-05   1.0113628E-06  -5.1308729E-06  -5.2762341E-06  -4.9724526E-10  -5.1472829E-10
  2.4806981E-07   8.4886591E-06  -7.7123586E-07   1.2495879E-07  -4.4030140E-06   4.3720226E-04   2.2216476E-05   1.1300111E-05  -8.0859311E-08   2.0651993E-03  -4.1723775E-05  -5.0969068E-04   1.0399265E-02   5.6227276E-03   1.8119583E-03   2.2392663E-04   6.6760608E-04   1.0969506E-04   1.6444457E-04   1.6326036E-04  -4.4521080E-04  -4.0685604E-08   5.7754451E-08
 -1.1576926E-08  -7.7123586E-07   2.4976908E-07   6.2555338E-08  -7.6577225E-07  -4.5584010E-05  -1.6621222E-06  -1.1609136E-06   2.8205833E-08  -2.0781977E-04   3.6430913E-06   7.5182266E-05  -1.2072213E-03  -5.6824912E-04  -1.4246589E-04   6.1584331E-07  -1.0832682E-04  -1.4029442E-05  -1.0404124E-05   8.5130120E-06   8.1984290E-05   4.9167568E-09  -3.2341319E-09
  3.1499897E-07   1.2495879E-07   6.2555338E-08   6.4565861E-05   3.9086460E-05   1.1219877E-04   1.2886497E-04   1.0547569E-05  -5.1534604E-07  -2.4556803E-03   1.0026552E-05   5.4011566E-04  -1.0765912E-02  -4.1032923E-03  -6.0613528E-04   1.9690940E-03  -9.3228257E-04  -1.1136648E-04  -4.5006827E-05  -4.5776626E-05   7.5985530E-04  -1.1691866E-07  -7.3520286E-08
  1.6480621E-06  -4.4030140E-06  -7.6577225E-07   3.9086460E-05   2.6658724E-03   1.2955363E-03   6.5028403E-05   9.6720942E-05  -2.0748287E-07   1.2670155E-02  -2.9566281E-04  -1.8971258E-03   4.0633786E-02   1.7839916E-02   4.5258552E-04  -9.2068604E-03   3.5260030E-03   1.3234580E-03   8.8480409E-04  -1.6343007E-04  -4.5117496E-03   6.3870210E-08   6.0099568E-07
  1.9789673E-05   4.3720226E-04  -4.5584010E-05   1.1219877E-04   1.2955363E-03   2.8199156E-02   1.3734733E-03   9.6493107E-04  -7.6737579E-08   1.2695215E-01  -2.7440080E-03  -3.1270367E-02   6.2579951E-01   3.2856942E-01   9.6687677E-02   2.8143102E-03   4.8365405E-02   1.0311159E-02   1.0191896E-02   9.9196351E-03  -2.6484221E-02  -1.7794728E-06   3.4614280E-06
  1.3972731E-06   2.2216476E-05  -1.6621222E-06   1.2886497E-04   6.5028403E-05   1.3734733E-03   3.4287713E-04   5.0097160E-05   1.1196391E-05  -4.2545252E-04  -3.3885957E-05  -2.6067745E-04   9.1549817E-03   8.5990206E-03   7.0539130E-03   1.1559732E-02  -1.0773940E-03  -3.0364206E-04  -4.4781519E-04  -3.5454381E-04   2.0366631E-03  -1.3354387E-07  -4.3778624E-09
  9.2188925E-07   1.1300111E-05  -1.1609136E-06   1.0547569E-05   9.6720942E-05   9.6493107E-04   5.0097160E-05   5.1254988E-05   2.7584281E-07   1.6296659E-05  -1.9692662E-05  -3.0743042E-05  -2.6057305E-03   4.2780394E-03   4.3278761E-03   4.5726291E-03  -4.7381552E-04   8.7774082E-04   7.9811706E-05   1.6144302E-04   5.4789713E-04  -1.5514405E-07   2.9883056E-08
  9.3858220E-09  -8.0859311E-08   2.8205833E-08  -5.1534604E-07  -2.0748287E-07  -7.6737579E-08   1.1196391E-05   2.7584281E-07   6.1758635E-06   4.3182168E-04   4.2269751E-06  -1.0038670E-05   3.8401348E-03   1.0023016E-03   8.1503149E-04   1.7831146E-03  -3.5751772E-05  -9.4988911E-07  -8.1475548E-05  -7.3585375E-05   8.5447194E-04   1.3244578E-08   5.3508466E-09
 -8.2652644E-06   2.0651993E-03  -2.0781977E-04  -2.4556803E-03   1.2670155E-02   1.2695215E-01  -4.2545252E-04   1.6296659E-05   4.3182168E-04   4.5388063E+01  -3.9595530E-01  -9.7171958E-01   3.9545858E+01   3.6461664E+00  -1.2663678E+01  -5.5255366E+01   1.0955799E-01   8.0198788E-02   6.4873696E-01  -5.6062632E+00  -3.3457545E+01  -2.0571323E-04   8.0866109E-04
 -5.8697456E-07  -4.1723775E-05   3.6430913E-06   1.0026552E-05  -2.9566281E-04  -2.7440080E-03  -3.3885957E-05  -1.9692662E-05   4.2269751E-06  -3.9595530E-01   8.1319537E-02  -4.9012594E-02  -4.9442725E-01   8.6892731E-01   1.5943573E+00   6.0142928E-01   4.5313480E-02  -5.5132273E-03   1.0344614E-02   9.6107842E-02   1.3974032E-01   5.4792487E-06   2.6058359E-07
  1.0305872E-05  -5.0969068E-04   7.5182266E-05   5.4011566E-04  -1.8971258E-03  -3.1270367E-02  -2.6067745E-04  -3.0743042E-05  -1.0038670E-05  -9.7171958E-01  -4.9012594E-02   4.0423071E+00  -3.1740086E+01  -3.6592056E+00   7.9694722E+00   5.6462560E+00  -3.0157403E+00  -2.0641378E-01   1.5316578E-01   2.7216630E+00   3.3070434E+00   1.0836669E-04  -6.3018970E-05
 -1.0288764E-04   1.0399265E-02  -1.2072213E-03  -1.0765912E-02   4.0633786E-02   6.2579951E-01   9.1549817E-03  -2.6057305E-03   3.8401348E-03   3.9545858E+01  -4.9442725E-01  -3.1740086E+01   7.9079693E+02   7.9543005E+01  -5.0246696E+01  -5.9864814E+01   1.5325868E+01  -6.6099002E+00   5.6328598E+00  -1.2609497E+01  -2.5451387E+01   3.7198174E-03   8.5431207E-04
 -1.4907990E-04   5.6227276E-03  -5.6824912E-04  -4.1032923E-03   1.7839916E-02   3.2856942E-01   8.5990206E-03   4.2780394E-03   1.0023016E-03   3.6461664E+00   8.6892731E-01  -3.6592056E+00   7.9543005E+01   6.6657818E+01   4.2134164E+01   1.6675218E+01  -4.5323428E+00  -3.3556785E-01  -1.1910903E+00   3.4439370E+00   3.9809577E+00   1.7205091E-04   2.4986832E-04
 -9.2778150E-05   1.8119583E-03  -1.4246589E-04  -6.0613528E-04   4.5258552E-04   9.6687677E-02   7.0539130E-03   4.3278761E-03   8.1503149E-04  -1.2663678E+01   1.5943573E+00   7.9694722E+00  -5.0246696E+01   4.2134164E+01   8.6642161E+01   5.5995925E+01  -1.2627338E+01  -8.2891034E-01  -6.5084167E-01   5.0552379E+00   8.6755220E+00   5.0137502E-04  -3.3648519E-04
 -6.4454826E-05   2.2392663E-04   6.1584331E-07   1.9690940E-03  -9.2068604E-03   2.8143102E-03   1.1559732E-02   4.5726291E-03   1.7831146E-03  -5.5255366E+01   6.0142928E-01   5.6462560E+00  -5.9864814E+01   1.6675218E+01   5.5995925E+01   1.0644087E+02  -1.0116561E+01  -5.2751761E-01  -1.3700389E+00   5.4325061E+00   3.3891428E+01   5.1633237E-04  -1.4344253E-03
 -1.0552121E-05   6.6760608E-04  -1.0832682E-04  -9.3228257E-04   3.5260030E-03   4.8365405E-02  -1.0773940E-03  -4.7381552E-04  -3.5751772E-05   1.0955799E-01   4.5313480E-02  -3.0157403E+00   1.5325868E+01  -4.5323428E+00  -1.2627338E+01  -1.0116561E+01   6.4184727E+00   1.7739550E-01  -1.4748785E-01  -2.1765564E+00  -2.4337790E+00  -1.0654701E-04   3.2677083E-05
  1.0673180E-05   1.0969506E-04  -1.4029442E-05  -1.1136648E-04   1.3234580E-03   1.0311159E-02  -3.0364206E-04   8.7774082E-04  -9.4988911E-07   8.0198788E-02  -5.5132273E-03  -2.0641378E-01  -6.6099002E+00  -3.3556785E-01  -8.2891034E-01  -5.2751761E-01   1.7739550E-01   3.3265625E+00   5.1954732E-01   1.7795663E-01   1.8275499E-01   1.7127756E-04   1.6668422E-05
  1.0113628E-06   1.6444457E-04  -1.0404124E-05  -4.5006827E-05   8.8480409E-04   1.0191896E-02  -4.4781519E-04   7.9811706E-05  -8.1475548E-05   6.4873696E-01   1.0344614E-02   1.5316578E-01   5.6328598E+00  -1.1910903E+00  -6.5084167E-01  -1.3700389E+00  -1.4748785E-01   5.1954732E-01   3.1400129E+00   2.6945146E+00   2.6094082E+00  -1.7726037E-04  -2.9996238E-05
 -5.1308729E-06   1.6326036E-04   8.5130120E-06  -4.5776626E-05  -1.6343007E-04   9.9196351E-03  -3.5454381E-04   1.6144302E-04  -7.3585375E-05  -5.6062632E+00   9.6107842E-02   2.7216630E+00  -1.2609497E+01   3.4439370E+00   5.0552379E+00   5.4325061E+00  -2.1765564E+00   1.7795663E-01   2.6945146E+00   1.0785613E+01   1.8951017E+01   7.9724855E-07   3.9473138E-04
 -5.2762341E-06  -4.4521080E-04   8.1984290E-05   7.5985530E-04  -4.5117496E-03  -2.6484221E-02   2.0366631E-03   5.4789713E-04   8.5447194E-04  -3.3457545E+01   1.3974032E-01   3.3070434E+00  -2.5451387E+01   3.9809577E+00   8.6755220E+00   3.3891428E+01  -2.4337790E+00   1.8275499E-01   2.6094082E+00   1.8951017E+01   5.2887859E+01   1.0328222E-04   8.5974509E-04
 -4.9724526E-10  -4.0685604E-08   4.9167568E-09  -1.1691866E-07   6.3870210E-08  -1.7794728E-06  -1.3354387E-07  -1.5514405E-07   1.3244578E-08  -2.0571323E-04   5.4792487E-06   1.0836669E-04   3.7198174E-03   1.7205091E-04   5.0137502E-04   5.1633237E-04  -1.0654701E-04   1.7127756E-04  -1.7726037E-04   7.9724855E-07   1.0328222E-04   3.7678314E-07   3.9461718E-09
 -5.1472829E-10   5.7754451E-08  -3.2341319E-09  -7.3520286E-08   6.0099568E-07   3.4614280E-06  -4.3778624E-09   2.9883056E-08   5.3508466E-09   8.0866109E-04   2.6058359E-07  -6.3018970E-05   8.5431207E-04   2.4986832E-04  -3.3648519E-04  -1.4344253E-03   3.2677083E-05   1.6668422E-05  -2.9996238E-05   3.9473138E-04   8.5974509E-04   3.9461718E-09   3.9454738E-07
