# omegabh2 omegach2 theta mnu logA ns
  2.5308692E-07   5.8496487E-07  -1.6633241E-09   5.7089089E-06  -3.1453188E-06  -7.4867442E-08
  5.8496487E-07   4.4979915E-04   9.8788070E-08   1.2930324E-02  -3.3455040E-03  -7.3544374E-05
 -1.6633241E-09   9.8788070E-08   3.5829556E-07   5.5979765E-06  -1.1681521E-07  -1.1391808E-07
  5.7089089E-06   1.2930324E-02   5.5979765E-06   5.3484037E-01  -8.4811592E-02   3.6750331E-04
 -3.1453188E-06  -3.3455040E-03  -1.1681521E-07  -8.4811592E-02   2.6844271E-02   9.8237592E-04
 -7.4867442E-08  -7.3544374E-05  -1.1391808E-07   3.6750331E-04   9.8237592E-04   3.9194560E-04
