# omegabh2 omegach2 theta tau w logA ns calPlanck aps100 aps143 aps217 acib217 asz143 psr cibr xi aksz dust100 dust143 dust217 dust143x217 cal0 cal2 calTE calEE
  2.1992978E-08  -6.1813918E-08   1.1585032E-08   2.5666633E-07   1.1985283E-06   4.5076364E-07   2.0933120E-07   1.0840206E-08  -3.0090349E-04  -2.4986928E-04   4.6097509E-05  -1.0488311E-04   1.3257282E-05   1.0060176E-06  -2.5097671E-06   7.9710985E-07  -2.9935187E-05   2.8825950E-07  -5.7922118E-07   5.0688880E-07   1.9931371E-08   3.3978787E-09  -5.5033436E-09  -1.0683584E-07  -2.6278901E-07
 -6.1813918E-08   1.0799151E-06  -7.0381344E-08  -2.9483174E-06  -1.6477318E-05  -3.8542689E-06  -2.4980502E-06  -2.2328907E-07   2.5684517E-06   6.0942695E-04  -1.8565832E-05   1.7671203E-04   2.0950903E-07  -2.2429480E-07   4.6868514E-06  -3.5131340E-06   6.1874759E-05   1.9224477E-06   3.8429946E-06  -8.1990169E-07   1.0537818E-06  -2.8299243E-08   7.5899956E-09  -1.3716324E-07  -5.0646074E-07
  1.1585032E-08  -7.0381344E-08   8.7624742E-08   2.6433037E-07   2.1940800E-06   5.0522783E-07   2.7638881E-07   2.0733022E-08  -1.1258639E-04  -8.9945649E-05  -5.7985388E-05   1.4631046E-05   1.2574937E-05   6.0915530E-07  -6.3148022E-07  -1.1263947E-06  -7.4510034E-06   7.3635149E-07  -6.6543344E-07   3.1701066E-09   2.4346755E-07   4.7087087E-09   9.5755217E-09  -4.9926421E-08   6.5461851E-09
  2.5666633E-07  -2.9483174E-06   2.6433037E-07   5.4317008E-05   5.9154835E-05   9.8025200E-05   9.9019065E-06  -1.2464300E-06  -7.6500336E-03  -5.4790837E-03  -1.4134277E-03  -1.0420057E-03   3.2407927E-04   1.6009200E-05  -3.0549542E-05  -3.6142787E-06  -6.5664214E-04  -1.7934613E-05   3.7307083E-05  -5.4286405E-06   5.3050045E-06  -2.6341952E-07  -3.3920068E-07  -3.6329331E-06  -2.4557900E-06
  1.1985283E-06  -1.6477318E-05   2.1940800E-06   5.9154835E-05   8.9911744E-04   9.1625072E-05   3.8510045E-05   4.7746975E-06   2.0577296E-02  -8.1036099E-03  -5.7489477E-03   4.3887928E-04  -3.2428874E-04  -1.2375460E-05  -6.5666104E-05  -2.7114006E-05  -1.2040914E-03   2.1045268E-05  -2.2304814E-05  -7.3233178E-06   8.4069212E-06   6.7206888E-07   9.5098773E-08   1.9312642E-06   4.7049489E-06
  4.5076364E-07  -3.8542689E-06   5.0522783E-07   9.8025200E-05   9.1625072E-05   2.0644280E-04   1.3589718E-05   9.1568438E-06  -9.4859739E-03  -7.9804326E-03   5.3638969E-03  -3.3674811E-03   4.7800224E-04   5.4243225E-05  -1.1626159E-04   1.2190624E-05  -1.9372332E-03  -2.7475400E-05  -1.2418683E-05   1.3772776E-05  -1.0767861E-05   3.5323779E-08  -6.9538172E-07  -7.6045136E-06  -3.6126571E-06
  2.0933120E-07  -2.4980502E-06   2.7638881E-07   9.9019065E-06   3.8510045E-05   1.3589718E-05   1.6060084E-05   6.8003304E-07  -2.0591646E-02  -7.7483385E-03   7.6219578E-03  -5.6072544E-03   4.3964329E-04   5.4569342E-05  -1.0278225E-04   4.8935021E-05  -1.9359153E-03   9.4898459E-06  -2.7096882E-05   2.8469916E-05  -1.2159670E-05  -2.8602486E-07  -3.0910905E-07  -4.9761345E-07  -2.9470635E-06
  1.0840206E-08  -2.2328907E-07   2.0733022E-08  -1.2464300E-06   4.7746975E-06   9.1568438E-06   6.8003304E-07   6.0983989E-06   3.4612140E-03   4.2689648E-04   1.5151531E-03   3.1466130E-04  -1.3157692E-04  -5.3852696E-06  -3.4249955E-06  -6.4221997E-06   6.5268027E-05   9.3032492E-06  -2.9436351E-06   7.1229312E-06  -7.6141201E-06  -1.6286433E-08  -3.1809989E-08  -2.5771589E-07  -2.7831341E-09
 -3.0090349E-04   2.5684517E-06  -1.1258639E-04  -7.6500336E-03   2.0577296E-02  -9.4859739E-03  -2.0591646E-02   3.4612140E-03   6.1887498E+02   5.7241221E+01  -5.5922514E+01   2.9100187E+01  -2.6111554E+01  -8.8352045E-01  -1.7697601E-01  -2.5075389E-01   1.1092571E+01  -1.9828464E-01   2.6035863E-01  -2.5359729E-01  -2.4766950E-01   6.7252920E-03   2.7656141E-03   1.6386568E-03   5.9077468E-03
 -2.4986928E-04   6.0942695E-04  -8.9945649E-05  -5.4790837E-03  -8.1036099E-03  -7.9804326E-03  -7.7483385E-03   4.2689648E-04   5.7241221E+01   6.7883332E+01   1.0988720E+01   5.4774891E+00  -6.4837942E-02  -1.8683417E-03   4.5512991E-01   9.2245983E-01  -8.6223278E+00  -5.2047542E-02  -2.3764220E-01   6.3429276E-02   6.1980443E-02   9.2146685E-04   6.2024629E-04   2.7890090E-03   4.4807996E-03
  4.6097509E-05  -1.8565832E-05  -5.7985388E-05  -1.4134277E-03  -5.7489477E-03   5.3638969E-03   7.6219578E-03   1.5151531E-03  -5.5922514E+01   1.0988720E+01   1.7152486E+02  -8.1556281E+01   2.5571991E+00   3.1677765E-01  -9.9545897E-01   3.1739094E-01  -6.7997177E+00  -1.9136921E-02  -2.8885203E-01   5.6748761E-01  -4.9087013E-03   1.6815777E-03  -7.3249529E-03   3.0915788E-03   3.8565807E-03
 -1.0488311E-04   1.7671203E-04   1.4631046E-05  -1.0420057E-03   4.3887928E-04  -3.3674811E-03  -5.6072544E-03   3.1466130E-04   2.9100187E+01   5.4774891E+00  -8.1556281E+01   5.1269474E+01   1.8215442E+00  -2.4221236E-02   6.9819248E-01  -2.3134275E-01  -2.9634752E+00   1.0157630E-02   1.7064631E-01  -4.5381726E-01  -1.0402806E-01  -5.1559693E-04   3.0040153E-03  -9.3105346E-04  -4.4946942E-04
  1.3257282E-05   2.0950903E-07   1.2574937E-05   3.2407927E-04  -3.2428874E-04   4.7800224E-04   4.3964329E-04  -1.3157692E-04  -2.6111554E+01  -6.4837942E-02   2.5571991E+00   1.8215442E+00   4.3886687E+00   1.0646878E-01   1.5675562E-01  -2.4414513E-02  -3.5783606E+00   2.6710367E-04  -5.8641442E-03   8.6515278E-03   5.9098504E-02   4.5527331E-04  -2.3372640E-04  -1.4195036E-04  -1.5098492E-04
  1.0060176E-06  -2.2429480E-07   6.0915530E-07   1.6009200E-05  -1.2375460E-05   5.4243225E-05   5.4569342E-05  -5.3852696E-06  -8.8352045E-01  -1.8683417E-03   3.1677765E-01  -2.4221236E-02   1.0646878E-01   1.7200741E-02  -1.6570452E-02   1.2498452E-02  -1.0977927E-01   5.2517487E-06  -1.5117870E-03  -2.9390461E-03   4.9940430E-03   2.0090038E-05  -3.6614905E-05   1.7351280E-05   1.3407296E-05
 -2.5097671E-06   4.6868514E-06  -6.3148022E-07  -3.0549542E-05  -6.5666104E-05  -1.1626159E-04  -1.0278225E-04  -3.4249955E-06  -1.7697601E-01   4.5512991E-01  -9.9545897E-01   6.9819248E-01   1.5675562E-01  -1.6570452E-02   6.7793694E-02   5.9073216E-03  -1.5539472E-01   4.9948526E-04   7.5125669E-03   1.0299342E-04  -1.6853525E-02  -9.8449552E-06   9.4365641E-05  -2.2102450E-05  -1.9362640E-05
  7.9710985E-07  -3.5131340E-06  -1.1263947E-06  -3.6142787E-06  -2.7114006E-05   1.2190624E-05   4.8935021E-05  -6.4221997E-06  -2.5075389E-01   9.2245983E-01   3.1739094E-01  -2.3134275E-01  -2.4414513E-02   1.2498452E-02   5.9073216E-03   8.2948373E-02   2.5051097E-02  -3.5834342E-04   1.8956487E-04   1.0506084E-03   4.2946004E-04   1.8676419E-05  -8.8038336E-07   3.5468428E-05   1.6985903E-05
 -2.9935187E-05   6.1874759E-05  -7.4510034E-06  -6.5664214E-04  -1.2040914E-03  -1.9372332E-03  -1.9359153E-03   6.5268027E-05   1.1092571E+01  -8.6223278E+00  -6.7997177E+00  -2.9634752E+00  -3.5783606E+00  -1.0977927E-01  -1.5539472E-01   2.5051097E-02   7.3807675E+00  -1.7835693E-03  -4.2922423E-04  -3.1506575E-03  -5.5152208E-02  -4.1041174E-04   5.5178041E-05  -2.3397018E-04   8.0427690E-07
  2.8825950E-07   1.9224477E-06   7.3635149E-07  -1.7934613E-05   2.1045268E-05  -2.7475400E-05   9.4898459E-06   9.3032492E-06  -1.9828464E-01  -5.2047542E-02  -1.9136921E-02   1.0157630E-02   2.6710367E-04   5.2517487E-06   4.9948526E-04  -3.5834342E-04  -1.7835693E-03   3.8358427E-02   2.9051114E-03   1.4781396E-04   5.3726784E-04   3.7368525E-05   9.3322462E-07  -4.3053522E-06  -1.9294594E-05
 -5.7922118E-07   3.8429946E-06  -6.6543344E-07   3.7307083E-05  -2.2304814E-05  -1.2418683E-05  -2.7096882E-05  -2.9436351E-06   2.6035863E-01  -2.3764220E-01  -2.8885203E-01   1.7064631E-01  -5.8641442E-03  -1.5117870E-03   7.5125669E-03   1.8956487E-04  -4.2922423E-04   2.9051114E-03   3.0801126E-02  -8.4470699E-04   4.8323673E-03  -8.2231546E-05  -4.1164049E-05  -7.9759192E-05  -7.9977738E-05
  5.0688880E-07  -8.1990169E-07   3.1701066E-09  -5.4286405E-06  -7.3233178E-06   1.3772776E-05   2.8469916E-05   7.1229312E-06  -2.5359729E-01   6.3429276E-02   5.6748761E-01  -4.5381726E-01   8.6515278E-03  -2.9390461E-03   1.0299342E-04   1.0506084E-03  -3.1506575E-03   1.4781396E-04  -8.4470699E-04   1.0645521E-02   8.1932300E-03   2.8014357E-06   6.1159764E-05   5.5441226E-06   4.6952371E-06
  1.9931371E-08   1.0537818E-06   2.4346755E-07   5.3050045E-06   8.4069212E-06  -1.0767861E-05  -1.2159670E-05  -7.6141201E-06  -2.4766950E-01   6.1980443E-02  -4.9087013E-03  -1.0402806E-01   5.9098504E-02   4.9940430E-03  -1.6853525E-02   4.2946004E-04  -5.5152208E-02   5.3726784E-04   4.8323673E-03   8.1932300E-03   2.5610995E-02  -2.1301489E-06   5.5659107E-05  -1.9295921E-05  -5.4646991E-06
  3.3978787E-09  -2.8299243E-08   4.7087087E-09  -2.6341952E-07   6.7206888E-07   3.5323779E-08  -2.8602486E-07  -1.6286433E-08   6.7252920E-03   9.2146685E-04   1.6815777E-03  -5.1559693E-04   4.5527331E-04   2.0090038E-05  -9.8449552E-06   1.8676419E-05  -4.1041174E-04   3.7368525E-05  -8.2231546E-05   2.8014357E-06  -2.1301489E-06   1.1307768E-06   3.2093839E-08   3.8119952E-07   6.8568668E-07
 -5.5033436E-09   7.5899956E-09   9.5755217E-09  -3.3920068E-07   9.5098773E-08  -6.9538172E-07  -3.0910905E-07  -3.1809989E-08   2.7656141E-03   6.2024629E-04  -7.3249529E-03   3.0040153E-03  -2.3372640E-04  -3.6614905E-05   9.4365641E-05  -8.8038336E-07   5.5178041E-05   9.3322462E-07  -4.1164049E-05   6.1159764E-05   5.5659107E-05   3.2093839E-08   2.4397543E-06   1.8810240E-07   4.5705632E-08
 -1.0683584E-07  -1.3716324E-07  -4.9926421E-08  -3.6329331E-06   1.9312642E-06  -7.6045136E-06  -4.9761345E-07  -2.5771589E-07   1.6386568E-03   2.7890090E-03   3.0915788E-03  -9.3105346E-04  -1.4195036E-04   1.7351280E-05  -2.2102450E-05   3.5468428E-05  -2.3397018E-04  -4.3053522E-06  -7.9759192E-05   5.5441226E-06  -1.9295921E-05   3.8119952E-07   1.8810240E-07   2.4302886E-05   8.7930019E-06
 -2.6278901E-07  -5.0646074E-07   6.5461851E-09  -2.4557900E-06   4.7049489E-06  -3.6126571E-06  -2.9470635E-06  -2.7831341E-09   5.9077468E-03   4.4807996E-03   3.8565807E-03  -4.4946942E-04  -1.5098492E-04   1.3407296E-05  -1.9362640E-05   1.6985903E-05   8.0427690E-07  -1.9294594E-05  -7.9977738E-05   4.6952371E-06  -5.4646991E-06   6.8568668E-07   4.5705632E-08   8.7930019E-06   2.4694930E-05
