# omegabh2 omegach2 theta tau logA ns calPlanck acib217 xi asz143 aps100 aps143 aps143217 aps217 aksz kgal100 kgal143 kgal143217 kgal217 cal0 cal2
  3.6072176E-08  -3.6734787E-08   1.8224325E-08   1.8169272E-07   3.6646671E-07   2.3242279E-07  -1.7886558E-09  -1.4495939E-04   2.6106597E-06   4.4976465E-05  -8.0482256E-04  -4.2143769E-04  -1.0971132E-04  -6.2891628E-06  -6.2418947E-05   1.6065584E-06  -2.9514052E-06   1.9458168E-06   4.4524970E-05   4.6417577E-09  -1.5291200E-09
 -3.6734787E-08   1.0956012E-06  -2.1858727E-08  -2.4698566E-06  -2.8933383E-06  -2.2659740E-06  -2.8384520E-07  -2.6629973E-05  -8.2214656E-07  -8.6030649E-05   5.5326856E-04   1.9710461E-04  -3.5992093E-05   4.0881065E-05   9.3683678E-05   4.9492219E-05   2.6471467E-05  -1.8161458E-05  -1.1033339E-05  -1.2269279E-08   1.9462676E-09
  1.8224325E-08  -2.1858727E-08   1.7454629E-07   3.3083889E-07   8.7514587E-07   3.0945568E-07   3.0353147E-08  -5.2610656E-05   3.3698705E-06   2.0423743E-05  -5.5948790E-05   1.9685954E-05   9.8234127E-05   7.7611828E-05  -2.4963487E-05   3.1524380E-06   2.9777809E-06   3.8284941E-05   6.3381389E-05   1.3336046E-08  -9.6008393E-09
  1.8169272E-07  -2.4698566E-06   3.3083889E-07   4.5986045E-05   8.5272124E-05   7.1887515E-06  -1.9340135E-07  -1.1148596E-03  -1.0350008E-06   8.7697979E-04  -8.4385632E-03  -2.1472248E-03  -2.4038414E-04   2.4276182E-04  -1.1148879E-03   1.6351719E-04   6.9130314E-05   1.0199748E-03   1.7099956E-03  -2.2037306E-08  -5.2742947E-08
  3.6646671E-07  -2.8933383E-06   8.7514587E-07   8.5272124E-05   1.8821602E-04   8.9063297E-06   1.0923243E-05  -2.6615853E-03   2.9683451E-05   1.3483579E-03  -1.0078727E-02  -3.9129412E-03   6.2544002E-04   5.7210269E-03  -2.5024069E-03   4.1877279E-05  -3.0061654E-04   1.0263397E-03   4.3383077E-03   1.5885582E-07  -1.2389401E-07
  2.3242279E-07  -2.2659740E-06   3.0945568E-07   7.1887515E-06   8.9063297E-06   1.6106156E-05   8.3323936E-07  -4.4119735E-03   1.1373988E-04   1.2901914E-03  -2.7181228E-02  -7.1581842E-03   2.7044650E-03   5.1867133E-03  -2.7230174E-03   4.1821366E-04  -2.8695699E-04  -1.8561117E-04   1.4303914E-03  -4.2683118E-09  -5.9262341E-08
 -1.7886558E-09  -2.8384520E-07   3.0353147E-08  -1.9340135E-07   1.0923243E-05   8.3323936E-07   6.0325588E-06   6.4719682E-04  -3.8568185E-06  -9.4155271E-05   4.5511114E-03  -4.1168379E-05  -2.4238058E-04   9.1651186E-04   1.5129595E-04   1.8165097E-05   6.1487811E-05  -2.1383484E-04   6.0400797E-04   1.7068387E-08   1.4567330E-08
 -1.4495939E-04  -2.6629973E-05  -5.2610656E-05  -1.1148596E-03  -2.6615853E-03  -4.4119735E-03   6.4719682E-04   4.5597911E+01  -3.5462777E-01  -1.3009828E+00   3.6094160E+01   2.7828335E+00  -1.3874004E+01  -5.7060933E+01   2.4814696E-01   1.4145806E-01   5.0008006E-01  -6.2400089E+00  -3.4275564E+01  -2.7360332E-04   7.5988081E-04
  2.6106597E-06  -8.2214656E-07   3.3698705E-06  -1.0350008E-06   2.9683451E-05   1.1373988E-04  -3.8568185E-06  -3.5462777E-01   8.1721790E-02  -5.1162128E-02  -4.6438421E-01   8.2561655E-01   1.5977446E+00   5.4626869E-01   5.2653500E-02  -1.1847491E-02   8.7243723E-03   8.4549274E-02   9.6227196E-02   3.2024705E-06  -2.7193521E-06
  4.4976465E-05  -8.6030649E-05   2.0423743E-05   8.7697979E-04   1.3483579E-03   1.2901914E-03  -9.4155271E-05  -1.3009828E+00  -5.1162128E-02   3.9940757E+00  -3.1543916E+01  -3.3762569E+00   8.2582855E+00   6.3041120E+00  -2.9920783E+00  -1.8076663E-01   1.5628894E-01   2.6725028E+00   3.4806257E+00   1.2081989E-04  -5.6240963E-05
 -8.0482256E-04   5.5326856E-04  -5.5948790E-05  -8.4385632E-03  -1.0078727E-02  -2.7181228E-02   4.5511114E-03   3.6094160E+01  -4.6438421E-01  -3.1543916E+01   8.0976588E+02   7.7118071E+01  -5.3205090E+01  -6.0030346E+01   1.5318361E+01  -6.9552444E+00   6.8344001E+00  -1.0691419E+01  -2.0804084E+01   3.5509586E-03   6.4151483E-04
 -4.2143769E-04   1.9710461E-04   1.9685954E-05  -2.1472248E-03  -3.9129412E-03  -7.1581842E-03  -4.1168379E-05   2.7828335E+00   8.2561655E-01  -3.3762569E+00   7.7118071E+01   6.3114425E+01   3.9126930E+01   1.4836913E+01  -4.8765981E+00  -6.1365970E-01  -9.0188340E-01   3.5466963E+00   3.8907422E+00   1.5799581E-05   7.6684855E-05
 -1.0971132E-04  -3.5992093E-05   9.8234127E-05  -2.4038414E-04   6.2544002E-04   2.7044650E-03  -2.4238058E-04  -1.3874004E+01   1.5977446E+00   8.2582855E+00  -5.3205090E+01   3.9126930E+01   8.6382174E+01   5.6091500E+01  -1.2822995E+01  -8.7375160E-01  -3.5944472E-01   4.8987317E+00   8.2874993E+00   4.7365542E-04  -5.2660823E-04
 -6.2891628E-06   4.0881065E-05   7.7611828E-05   2.4276182E-04   5.7210269E-03   5.1867133E-03   9.1651186E-04  -5.7060933E+01   5.4626869E-01   6.3041120E+00  -6.0030346E+01   1.4836913E+01   5.6091500E+01   1.0903332E+02  -1.0435017E+01  -6.9013288E-01  -8.6627617E-01   6.5157229E+00   3.5602816E+01   5.9652644E-04  -1.4570503E-03
 -6.2418947E-05   9.3683678E-05  -2.4963487E-05  -1.1148879E-03  -2.5024069E-03  -2.7230174E-03   1.5129595E-04   2.4814696E-01   5.2653500E-02  -2.9920783E+00   1.5318361E+01  -4.8765981E+00  -1.2822995E+01  -1.0435017E+01   6.3498466E+00   1.0062623E-01  -3.1870381E-01  -2.3022078E+00  -2.5778570E+00  -1.1680477E-04   2.8793048E-05
  1.6065584E-06   4.9492219E-05   3.1524380E-06   1.6351719E-04   4.1877279E-05   4.1821366E-04   1.8165097E-05   1.4145806E-01  -1.1847491E-02  -1.8076663E-01  -6.9552444E+00  -6.1365970E-01  -8.7375160E-01  -6.9013288E-01   1.0062623E-01   3.4165672E+00   4.8240774E-01   7.7808382E-02   2.2889048E-01   1.7787143E-04   4.0444352E-05
 -2.9514052E-06   2.6471467E-05   2.9777809E-06   6.9130314E-05  -3.0061654E-04  -2.8695699E-04   6.1487811E-05   5.0008006E-01   8.7243723E-03   1.5628894E-01   6.8344001E+00  -9.0188340E-01  -3.5944472E-01  -8.6627617E-01  -3.1870381E-01   4.8240774E-01   3.2594720E+00   2.8577592E+00   2.9101339E+00  -1.8718856E-04  -5.6625298E-05
  1.9458168E-06  -1.8161458E-05   3.8284941E-05   1.0199748E-03   1.0263397E-03  -1.8561117E-04  -2.1383484E-04  -6.2400089E+00   8.4549274E-02   2.6725028E+00  -1.0691419E+01   3.5466963E+00   4.8987317E+00   6.5157229E+00  -2.3022078E+00   7.7808382E-02   2.8577592E+00   1.1055152E+01   1.9669946E+01  -2.2506771E-05   3.7054788E-04
  4.4524970E-05  -1.1033339E-05   6.3381389E-05   1.7099956E-03   4.3383077E-03   1.4303914E-03   6.0400797E-04  -3.4275564E+01   9.6227196E-02   3.4806257E+00  -2.0804084E+01   3.8907422E+00   8.2874993E+00   3.5602816E+01  -2.5778570E+00   2.2889048E-01   2.9101339E+00   1.9669946E+01   5.4236472E+01   1.2120559E-04   8.6161170E-04
  4.6417577E-09  -1.2269279E-08   1.3336046E-08  -2.2037306E-08   1.5885582E-07  -4.2683118E-09   1.7068387E-08  -2.7360332E-04   3.2024705E-06   1.2081989E-04   3.5509586E-03   1.5799581E-05   4.7365542E-04   5.9652644E-04  -1.1680477E-04   1.7787143E-04  -1.8718856E-04  -2.2506771E-05   1.2120559E-04   3.8813534E-07   7.7204981E-09
 -1.5291200E-09   1.9462676E-09  -9.6008393E-09  -5.2742947E-08  -1.2389401E-07  -5.9262341E-08   1.4567330E-08   7.5988081E-04  -2.7193521E-06  -5.6240963E-05   6.4151483E-04   7.6684855E-05  -5.2660823E-04  -1.4570503E-03   2.8793048E-05   4.0444352E-05  -5.6625298E-05   3.7054788E-04   8.6161170E-04   7.7204981E-09   3.8884755E-07
