# omegabh2 omegach2 theta tau logA ns calPlanck acib217 xi asz143 aps100 aps143 aps143217 aps217 aksz kgal100 kgal143 kgal143217 kgal217 galfEE100 galfEE100143 galfEE100217 galfEE143 galfEE143217 galfEE217 galfTE100 galfTE100143 galfTE100217 galfTE143 galfTE143217 galfTE217 cal0 cal2
    0.1861883E-07   -0.6616833E-07    0.1347813E-07    0.4956638E-06    0.9054824E-06    0.1631694E-06   -0.2575439E-08   -0.5727288E-04    0.2037391E-05    0.2776833E-04   -0.3914611E-03   -0.1536083E-03   -0.6101825E-05   -0.1071774E-04   -0.3775748E-04    0.5019372E-05    0.2070046E-05    0.9787851E-05    0.2038090E-04   -0.1081318E-07    0.1301347E-07    0.1228341E-06    0.1554669E-07   -0.1189357E-06    0.6516903E-06   -0.2878556E-06    0.9031784E-07   -0.2419748E-06   -0.6153604E-07   -0.7279836E-06   -0.3074360E-05    0.1203022E-08   -0.1154024E-08
   -0.6616833E-07    0.1178323E-05   -0.7598667E-07   -0.7018231E-05   -0.1147401E-04   -0.2753214E-05   -0.1250020E-06    0.3417601E-04   -0.1353859E-04   -0.8659679E-04    0.6097252E-03    0.4916684E-03   -0.5718326E-04    0.2285636E-03    0.1052239E-03   -0.2079681E-05    0.6203313E-04    0.3473294E-04   -0.1870345E-04   -0.3440684E-06   -0.3943502E-06   -0.1519945E-06   -0.4661048E-06    0.9933780E-07   -0.1636768E-05    0.1598933E-05   -0.6581581E-06   -0.6882572E-06    0.3810609E-06   -0.2850410E-06    0.7334411E-05   -0.5633029E-08   -0.6427933E-08
    0.1347813E-07   -0.7598667E-07    0.8077755E-07    0.1090984E-05    0.2076967E-05    0.2826677E-06   -0.3455968E-08   -0.7453728E-04    0.2827467E-05    0.6405698E-05   -0.1704896E-04   -0.2788823E-04    0.1887859E-04    0.2718590E-04   -0.2343340E-05   -0.2099028E-05   -0.2444107E-06    0.1808212E-04    0.5458110E-04    0.3262378E-07    0.2160253E-07    0.5193278E-06   -0.4665670E-07   -0.7207449E-06    0.8014290E-06   -0.3543184E-06    0.2668982E-06    0.1367195E-08    0.7098241E-06    0.1814025E-06   -0.3182098E-05   -0.3687743E-08   -0.2237692E-08
    0.4956638E-06   -0.7018231E-05    0.1090984E-05    0.1487600E-03    0.2690006E-03    0.2257507E-04   -0.5157569E-05   -0.4021685E-02    0.7078175E-04    0.1104572E-02   -0.8208451E-02   -0.6628473E-02    0.5322996E-03    0.1512498E-03   -0.2545917E-02    0.2442341E-03   -0.8634076E-04   -0.9821325E-03    0.2662799E-03    0.4305848E-06    0.2930699E-05    0.1385938E-04    0.1098890E-05    0.4884987E-05    0.2838947E-04   -0.2168014E-04   -0.7635230E-05    0.5436355E-05   -0.1373411E-04   -0.4957037E-06   -0.7811127E-04    0.8730462E-09   -0.3586895E-06
    0.9054824E-06   -0.1147401E-04    0.2076967E-05    0.2690006E-03    0.5173076E-03    0.3537644E-04    0.2883784E-05   -0.7025051E-02    0.1651056E-03    0.1426899E-02   -0.1994171E-02   -0.8468551E-02    0.2582763E-02    0.4280069E-02   -0.4468591E-02    0.2233489E-03   -0.9876967E-03   -0.2631640E-02    0.1494341E-02   -0.5549766E-06    0.4684411E-05    0.2677914E-04    0.3307972E-05    0.1556000E-05    0.3334439E-04   -0.4054908E-04   -0.2044333E-04   -0.5352028E-05   -0.2561468E-04   -0.9067251E-05   -0.1272760E-03    0.2743627E-06   -0.8929952E-06
    0.1631694E-06   -0.2753214E-05    0.2826677E-06    0.2257507E-04    0.3537644E-04    0.1562063E-04   -0.6841822E-06   -0.4499615E-02    0.1567602E-03    0.1156083E-02   -0.2260329E-01   -0.4307122E-02    0.4819815E-02    0.6108305E-02   -0.2655432E-02    0.1195477E-03   -0.1717304E-03   -0.3276852E-03    0.4257551E-03    0.2208040E-05    0.2666046E-05    0.1670198E-05    0.2148685E-05   -0.3713983E-05   -0.2389839E-04   -0.6000865E-05    0.1367116E-05    0.1609117E-04   -0.1328027E-06    0.5510939E-05    0.2880526E-04   -0.1824689E-06   -0.4969488E-06
   -0.2575439E-08   -0.1250020E-06   -0.3455968E-08   -0.5157569E-05    0.2883784E-05   -0.6841822E-06    0.6586286E-05    0.1183629E-02    0.4405801E-05   -0.3052833E-03    0.7813469E-02    0.1481595E-02   -0.2554664E-03    0.1826270E-03    0.5477384E-03   -0.3547226E-04   -0.2297234E-03   -0.1053245E-03    0.5846301E-03    0.6640502E-07    0.3609302E-06   -0.8504384E-06    0.1487785E-05   -0.3912665E-05   -0.1083880E-04   -0.8279122E-06   -0.1888251E-05   -0.3603506E-05   -0.1789779E-07   -0.3210731E-05    0.1233169E-04    0.2365875E-07   -0.3502468E-07
   -0.5727288E-04    0.3417601E-04   -0.7453728E-04   -0.4021685E-02   -0.7025051E-02   -0.4499615E-02    0.1183629E-02    0.4115981E+02   -0.4839749E+00   -0.8612283E+00    0.3397716E+02   -0.1578166E+01   -0.2026900E+02   -0.5726778E+02    0.8903316E-01   -0.2465556E+00   -0.4546634E+00   -0.2074714E+01   -0.1728937E+02    0.1683314E-04   -0.2773952E-03   -0.2740931E-02    0.1331506E-02   -0.2955318E-02    0.5553843E-01   -0.4804929E-03   -0.6107667E-02    0.3012375E-03    0.1860091E-02   -0.1431822E-01   -0.4180748E-01    0.1450563E-04    0.4307230E-02
    0.2037391E-05   -0.1353859E-04    0.2827467E-05    0.7078175E-04    0.1651056E-03    0.1567602E-03    0.4405801E-05   -0.4839749E+00    0.8194034E-01   -0.1260777E+00   -0.2227068E+00    0.1006130E+01    0.1686679E+01    0.6167320E+00    0.1209734E+00    0.2029939E-01    0.2646151E-03    0.7032780E-01    0.9103354E-01    0.8250152E-05   -0.3483880E-04    0.4445660E-03   -0.7781139E-04    0.4552472E-03   -0.1092200E-02   -0.9334838E-04    0.3031140E-03   -0.5402175E-04    0.9109016E-03   -0.4393921E-04    0.4955371E-04    0.3531749E-05   -0.1619522E-04
    0.2776833E-04   -0.8659679E-04    0.6405698E-05    0.1104572E-02    0.1426899E-02    0.1156083E-02   -0.3052833E-03   -0.8612283E+00   -0.1260777E+00    0.4042279E+01   -0.3253077E+02   -0.3916181E+01    0.7603564E+01    0.6689767E+01   -0.3284498E+01   -0.2571931E+00    0.9209556E-01    0.2616241E+01    0.1981029E+01    0.5447284E-03    0.3229616E-05    0.2832958E-02   -0.7432868E-04   -0.8416442E-03   -0.2607365E-02   -0.9272447E-04   -0.5602130E-03    0.4885503E-02   -0.2663940E-02   -0.2044648E-02   -0.9376982E-02    0.1829192E-03   -0.3033816E-03
   -0.3914611E-03    0.6097252E-03   -0.1704896E-04   -0.8208451E-02   -0.1994171E-02   -0.2260329E-01    0.7813469E-02    0.3397716E+02   -0.2227068E+00   -0.3253077E+02    0.7895927E+03    0.6263475E+02   -0.6702600E+02   -0.6742009E+02    0.1857178E+02   -0.2120074E+01    0.2139290E+01   -0.1939495E+02   -0.2223482E+02   -0.1054648E-02    0.1629165E-04   -0.2214856E-01    0.7098061E-02    0.5242855E-02    0.2527015E+00   -0.1975694E-01   -0.1952370E-01   -0.2200879E-01   -0.1603590E-01   -0.6196808E-01    0.2048227E+00    0.4883820E-02    0.2994984E-02
   -0.1536083E-03    0.4916684E-03   -0.2788823E-04   -0.6628473E-02   -0.8468551E-02   -0.4307122E-02    0.1481595E-02   -0.1578166E+01    0.1006130E+01   -0.3916181E+01    0.6263475E+02    0.5655094E+02    0.4112334E+02    0.1866145E+02   -0.4237726E+01    0.1715861E-01   -0.1437195E+01    0.2349026E+01    0.3205977E+01    0.1604998E-03   -0.1897833E-02    0.3236350E-02   -0.1221802E-02    0.9494247E-02    0.4677351E-01    0.4923233E-02    0.6207075E-02   -0.3773989E-02    0.1216861E-01    0.7393377E-02    0.1886340E-01   -0.1018701E-03   -0.9649536E-04
   -0.6101825E-05   -0.5718326E-04    0.1887859E-04    0.5322996E-03    0.2582763E-02    0.4819815E-02   -0.2554664E-03   -0.2026900E+02    0.1686679E+01    0.7603564E+01   -0.6702600E+02    0.4112334E+02    0.9207852E+02    0.6496552E+02   -0.1295634E+02   -0.5720169E+00   -0.2399586E+00    0.4926852E+01    0.5300729E+01    0.2849635E-02   -0.1620294E-02    0.1440847E-01   -0.1960384E-02    0.6447845E-02   -0.8009368E-02   -0.1834081E-02    0.4145574E-02    0.1962611E-01    0.8389488E-02    0.7200466E-02    0.2946134E-01    0.5492470E-03   -0.2509091E-02
   -0.1071774E-04    0.2285636E-03    0.2718590E-04    0.1512498E-03    0.4280069E-02    0.6108305E-02    0.1826270E-03   -0.5726778E+02    0.6167320E+00    0.6689767E+01   -0.6742009E+02    0.1866145E+02    0.6496552E+02    0.1177924E+03   -0.1180708E+02   -0.3175401E+00    0.6199149E+00    0.6745305E+00    0.1430755E+02    0.2506992E-02   -0.2075673E-03    0.3488032E-02   -0.1876790E-02   -0.2548282E-02   -0.6247347E-01    0.4377209E-02    0.2793969E-02    0.1465748E-01   -0.1071587E-01    0.2023054E-01    0.1152758E+00    0.3182158E-03   -0.7500034E-02
   -0.3775748E-04    0.1052239E-03   -0.2343340E-05   -0.2545917E-02   -0.4468591E-02   -0.2655432E-02    0.5477384E-03    0.8903316E-01    0.1209734E+00   -0.3284498E+01    0.1857178E+02   -0.4237726E+01   -0.1295634E+02   -0.1180708E+02    0.6952960E+01    0.2355150E+00   -0.2478425E+00   -0.2368203E+01   -0.1821668E+01   -0.9981353E-03   -0.1620352E-03   -0.8908165E-03    0.1183773E-04    0.1802223E-02   -0.3091384E-02   -0.1105930E-02    0.2823143E-02   -0.7194962E-02    0.7365433E-02    0.4752589E-02   -0.1346174E-01   -0.6998680E-04    0.1619413E-03
    0.5019372E-05   -0.2079681E-05   -0.2099028E-05    0.2442341E-03    0.2233489E-03    0.1195477E-03   -0.3547226E-04   -0.2465556E+00    0.2029939E-01   -0.2571931E+00   -0.2120074E+01    0.1715861E-01   -0.5720169E+00   -0.3175401E+00    0.2355150E+00    0.3496262E+01    0.5229234E+00    0.1003479E+00   -0.2142495E-01   -0.3315609E-03    0.1889719E-03   -0.1337420E-02   -0.2165449E-03    0.8567971E-03   -0.9638188E-02    0.4763561E-03    0.2819763E-02   -0.3025965E-02    0.1231700E-02   -0.9935402E-02   -0.9540042E-02    0.2688992E-03   -0.1379459E-03
    0.2070046E-05    0.6203313E-04   -0.2444107E-06   -0.8634076E-04   -0.9876967E-03   -0.1717304E-03   -0.2297234E-03   -0.4546634E+00    0.2646151E-03    0.9209556E-01    0.2139290E+01   -0.1437195E+01   -0.2399586E+00    0.6199149E+00   -0.2478425E+00    0.5229234E+00    0.3560781E+01    0.2630105E+01    0.2010164E+01    0.3703845E-03    0.6724435E-03    0.2412952E-02    0.1349487E-03   -0.2506800E-02    0.7723917E-02    0.7060497E-03   -0.1714827E-02    0.3036928E-03   -0.3882861E-02   -0.9810182E-02   -0.4058531E-03   -0.3674882E-03   -0.2326657E-03
    0.9787851E-05    0.3473294E-04    0.1808212E-04   -0.9821325E-03   -0.2631640E-02   -0.3276852E-03   -0.1053245E-03   -0.2074714E+01    0.7032780E-01    0.2616241E+01   -0.1939495E+02    0.2349026E+01    0.4926852E+01    0.6745305E+00   -0.2368203E+01    0.1003479E+00    0.2630105E+01    0.1739446E+02    0.2617852E+02   -0.1327167E-03    0.6280947E-03    0.4984254E-02   -0.1980537E-03    0.8559040E-02    0.6222101E-02    0.9103165E-02    0.1071477E-03   -0.3086932E-02   -0.4499119E-02   -0.1779905E-01   -0.6946076E-01   -0.2348372E-03    0.2588079E-02
    0.2038090E-04   -0.1870345E-04    0.5458110E-04    0.2662799E-03    0.1494341E-02    0.4257551E-03    0.5846301E-03   -0.1728937E+02    0.9103354E-01    0.1981029E+01   -0.2223482E+02    0.3205977E+01    0.5300729E+01    0.1430755E+02   -0.1821668E+01   -0.2142495E-01    0.2010164E+01    0.2617852E+02    0.5459807E+02   -0.1090662E-02    0.1139523E-02    0.1586799E-03    0.3075236E-03    0.1407203E-01   -0.1534628E-01    0.1469004E-01    0.4158053E-02   -0.2689239E-03   -0.3175278E-02   -0.1549325E-01   -0.9767003E-01   -0.3883840E-03    0.4593521E-02
   -0.1081318E-07   -0.3440684E-06    0.3262378E-07    0.4305848E-06   -0.5549766E-06    0.2208040E-05    0.6640502E-07    0.1683314E-04    0.8250152E-05    0.5447284E-03   -0.1054648E-02    0.1604998E-03    0.2849635E-02    0.2506992E-02   -0.9981353E-03   -0.3315609E-03    0.3703845E-03   -0.1327167E-03   -0.1090662E-02    0.3197121E-04    0.7628074E-05    0.6118565E-05    0.1731876E-05   -0.2486324E-05   -0.2124506E-04   -0.3666044E-05   -0.1249614E-04    0.1281720E-04   -0.8809411E-05   -0.1191711E-05    0.2435329E-04   -0.2646941E-06    0.2286303E-07
    0.1301347E-07   -0.3943502E-06    0.2160253E-07    0.2930699E-05    0.4684411E-05    0.2666046E-05    0.3609302E-06   -0.2773952E-03   -0.3483880E-04    0.3229616E-05    0.1629165E-04   -0.1897833E-02   -0.1620294E-02   -0.2075673E-03   -0.1620352E-03    0.1889719E-03    0.6724435E-03    0.6280947E-03    0.1139523E-02    0.7628074E-05    0.2381747E-04   -0.3824273E-05    0.1255157E-04   -0.5542819E-06    0.1523991E-04    0.2017576E-06   -0.4921526E-05    0.1734283E-04   -0.1624069E-04   -0.1222560E-04    0.1200117E-04   -0.1857858E-07    0.7917381E-07
    0.1228341E-06   -0.1519945E-06    0.5193278E-06    0.1385938E-04    0.2677914E-04    0.1670198E-05   -0.8504384E-06   -0.2740931E-02    0.4445660E-03    0.2832958E-02   -0.2214856E-01    0.3236350E-02    0.1440847E-01    0.3488032E-02   -0.8908165E-03   -0.1337420E-02    0.2412952E-02    0.4984254E-02    0.1586799E-03    0.6118565E-05   -0.3824273E-05    0.1073376E-02   -0.2553261E-05   -0.8791640E-05    0.1022910E-03    0.6368362E-04    0.2229174E-04    0.9728470E-04    0.2356717E-04    0.5512514E-05   -0.1511718E-03    0.2074301E-06   -0.8032677E-06
    0.1554669E-07   -0.4661048E-06   -0.4665670E-07    0.1098890E-05    0.3307972E-05    0.2148685E-05    0.1487785E-05    0.1331506E-02   -0.7781139E-04   -0.7432868E-04    0.7098061E-02   -0.1221802E-02   -0.1960384E-02   -0.1876790E-02    0.1183773E-04   -0.2165449E-03    0.1349487E-03   -0.1980537E-03    0.3075236E-03    0.1731876E-05    0.1255157E-04   -0.2553261E-05    0.4763386E-04    0.9543891E-05    0.1088278E-04   -0.6446386E-05   -0.8687223E-05    0.5303534E-05   -0.1484464E-04    0.8363086E-05    0.3158952E-04    0.1691169E-06    0.1122279E-06
   -0.1189357E-06    0.9933780E-07   -0.7207449E-06    0.4884987E-05    0.1556000E-05   -0.3713983E-05   -0.3912665E-05   -0.2955318E-02    0.4552472E-03   -0.8416442E-03    0.5242855E-02    0.9494247E-02    0.6447845E-02   -0.2548282E-02    0.1802223E-02    0.8567971E-03   -0.2506800E-02    0.8559040E-02    0.1407203E-01   -0.2486324E-05   -0.5542819E-06   -0.8791640E-05    0.9543891E-05    0.2247877E-02    0.1561223E-03    0.4532917E-04    0.1013295E-03   -0.6436079E-04    0.3928642E-04   -0.5077025E-04   -0.3211644E-03    0.1442962E-06    0.1476147E-05
    0.6516903E-06   -0.1636768E-05    0.8014290E-06    0.2838947E-04    0.3334439E-04   -0.2389839E-04   -0.1083880E-04    0.5553843E-01   -0.1092200E-02   -0.2607365E-02    0.2527015E+00    0.4677351E-01   -0.8009368E-02   -0.6247347E-01   -0.3091384E-02   -0.9638188E-02    0.7723917E-02    0.6222101E-02   -0.1534628E-01   -0.2124506E-04    0.1523991E-04    0.1022910E-03    0.1088278E-04    0.1561223E-03    0.1642710E-01    0.1551698E-04    0.1980754E-04   -0.2666715E-03    0.3598020E-03    0.2660196E-04    0.4807230E-04   -0.3260236E-05    0.4170030E-05
   -0.2878556E-06    0.1598933E-05   -0.3543184E-06   -0.2168014E-04   -0.4054908E-04   -0.6000865E-05   -0.8279122E-06   -0.4804929E-03   -0.9334838E-04   -0.9272447E-04   -0.1975694E-01    0.4923233E-02   -0.1834081E-02    0.4377209E-02   -0.1105930E-02    0.4763561E-03    0.7060497E-03    0.9103165E-02    0.1469004E-01   -0.3666044E-05    0.2017576E-06    0.6368362E-04   -0.6446386E-05    0.4532917E-04    0.1551698E-04    0.1444056E-02    0.3016768E-03    0.1036089E-03   -0.2839073E-03   -0.1227977E-03    0.1621194E-03    0.6791857E-06    0.2574869E-05
    0.9031784E-07   -0.6581581E-06    0.2668982E-06   -0.7635230E-05   -0.2044333E-04    0.1367116E-05   -0.1888251E-05   -0.6107667E-02    0.3031140E-03   -0.5602130E-03   -0.1952370E-01    0.6207075E-02    0.4145574E-02    0.2793969E-02    0.2823143E-02    0.2819763E-02   -0.1714827E-02    0.1071477E-03    0.4158053E-02   -0.1249614E-04   -0.4921526E-05    0.2229174E-04   -0.8687223E-05    0.1013295E-03    0.1980754E-04    0.3016768E-03    0.8903521E-03    0.7083498E-04    0.8045796E-03   -0.8564873E-04   -0.8135899E-03   -0.5100820E-06   -0.2066188E-06
   -0.2419748E-06   -0.6882572E-06    0.1367195E-08    0.5436355E-05   -0.5352028E-05    0.1609117E-04   -0.3603506E-05    0.3012375E-03   -0.5402175E-04    0.4885503E-02   -0.2200879E-01   -0.3773989E-02    0.1962611E-01    0.1465748E-01   -0.7194962E-02   -0.3025965E-02    0.3036928E-03   -0.3086932E-02   -0.2689239E-03    0.1281720E-04    0.1734283E-04    0.9728470E-04    0.5303534E-05   -0.6436079E-04   -0.2666715E-03    0.1036089E-03    0.7083498E-04    0.6722057E-02   -0.3398460E-03    0.4320203E-03    0.4511978E-02   -0.1947913E-05    0.1719926E-05
   -0.6153604E-07    0.3810609E-06    0.7098241E-06   -0.1373411E-04   -0.2561468E-04   -0.1328027E-06   -0.1789779E-07    0.1860091E-02    0.9109016E-03   -0.2663940E-02   -0.1603590E-01    0.1216861E-01    0.8389488E-02   -0.1071587E-01    0.7365433E-02    0.1231700E-02   -0.3882861E-02   -0.4499119E-02   -0.3175278E-02   -0.8809411E-05   -0.1624069E-04    0.2356717E-04   -0.1484464E-04    0.3928642E-04    0.3598020E-03   -0.2839073E-03    0.8045796E-03   -0.3398460E-03    0.2926133E-02    0.3600513E-03   -0.1013122E-02   -0.1576402E-05    0.1090334E-05
   -0.7279836E-06   -0.2850410E-06    0.1814025E-06   -0.4957037E-06   -0.9067251E-05    0.5510939E-05   -0.3210731E-05   -0.1431822E-01   -0.4393921E-04   -0.2044648E-02   -0.6196808E-01    0.7393377E-02    0.7200466E-02    0.2023054E-01    0.4752589E-02   -0.9935402E-02   -0.9810182E-02   -0.1779905E-01   -0.1549325E-01   -0.1191711E-05   -0.1222560E-04    0.5512514E-05    0.8363086E-05   -0.5077025E-04    0.2660196E-04   -0.1227977E-03   -0.8564873E-04    0.4320203E-03    0.3600513E-03    0.6960281E-02    0.7461059E-02   -0.2593025E-06   -0.1085317E-05
   -0.3074360E-05    0.7334411E-05   -0.3182098E-05   -0.7811127E-04   -0.1272760E-03    0.2880526E-04    0.1233169E-04   -0.4180748E-01    0.4955371E-04   -0.9376982E-02    0.2048227E+00    0.1886340E-01    0.2946134E-01    0.1152758E+00   -0.1346174E-01   -0.9540042E-02   -0.4058531E-03   -0.6946076E-01   -0.9767003E-01    0.2435329E-04    0.1200117E-04   -0.1511718E-03    0.3158952E-04   -0.3211644E-03    0.4807230E-04    0.1621194E-03   -0.8135899E-03    0.4511978E-02   -0.1013122E-02    0.7461059E-02    0.6444744E-01   -0.2308531E-05   -0.2203038E-04
    0.1203022E-08   -0.5633029E-08   -0.3687743E-08    0.8730462E-09    0.2743627E-06   -0.1824689E-06    0.2365875E-07    0.1450563E-04    0.3531749E-05    0.1829192E-03    0.4883820E-02   -0.1018701E-03    0.5492470E-03    0.3182158E-03   -0.6998680E-04    0.2688992E-03   -0.3674882E-03   -0.2348372E-03   -0.3883840E-03   -0.2646941E-06   -0.1857858E-07    0.2074301E-06    0.1691169E-06    0.1442962E-06   -0.3260236E-05    0.6791857E-06   -0.5100820E-06   -0.1947913E-05   -0.1576402E-05   -0.2593025E-06   -0.2308531E-05    0.5905948E-06   -0.8189622E-08
   -0.1154024E-08   -0.6427933E-08   -0.2237692E-08   -0.3586895E-06   -0.8929952E-06   -0.4969488E-06   -0.3502468E-07    0.4307230E-02   -0.1619522E-04   -0.3033816E-03    0.2994984E-02   -0.9649536E-04   -0.2509091E-02   -0.7500034E-02    0.1619413E-03   -0.1379459E-03   -0.2326657E-03    0.2588079E-02    0.4593521E-02    0.2286303E-07    0.7917381E-07   -0.8032677E-06    0.1122279E-06    0.1476147E-05    0.4170030E-05    0.2574869E-05   -0.2066188E-06    0.1719926E-05    0.1090334E-05   -0.1085317E-05   -0.2203038E-04   -0.8189622E-08    0.2068400E-05
