# omegabh2 omegach2 theta tau nnu logA ns calPlanck aps100 aps143 aps217 acib217 asz143 psr cibr xi aksz dust100 dust143 dust217 dust143x217 cal0 cal2 calTE calEE
  3.1176909E-08   1.9591315E-07  -1.6229545E-08   1.9876900E-07   1.5814939E-05   1.0320427E-06   7.0230595E-07   1.2962252E-08  -5.9952997E-05  -2.9007501E-05   1.3424878E-06  -1.0811486E-05   9.1103306E-06   3.1824031E-07   4.6963437E-08   5.4393923E-07  -1.5881281E-06   6.3700363E-07  -2.9355704E-07   3.1510095E-07   2.8780375E-07   5.4501321E-09   3.7067194E-09   4.4152543E-09  -8.2189733E-08
  1.9591315E-07   7.8423986E-06  -8.5163100E-07  -7.2682861E-07   4.3125487E-04   1.9108506E-05   1.1627167E-05  -8.1577908E-08   1.0049770E-02   6.4714091E-03  -1.6271021E-03   3.1666946E-03  -2.3833044E-04  -1.5257089E-05   5.8920957E-05  -2.9055437E-05   6.6836912E-04   1.6742888E-05   1.1304533E-05  -1.4761727E-05   6.4383403E-06   3.9063079E-08   2.3958765E-07   2.4009692E-06   4.4416683E-06
 -1.6229545E-08  -8.5163100E-07   1.7992155E-07   7.8610787E-08  -4.9794079E-05  -1.9095497E-06  -1.3432279E-06   3.9290665E-08  -1.1741031E-03  -6.9653105E-04   2.0817995E-04  -3.4159256E-04   4.0348466E-05   2.7461174E-06  -7.6728059E-06   2.7021972E-06  -1.0044406E-04  -1.8236535E-06  -2.5336659E-06   1.2086013E-06  -8.3412867E-07   5.4329731E-09  -3.3059132E-08  -3.6110530E-07  -5.5610259E-07
  1.9876900E-07  -7.2682861E-07   7.8610787E-08   5.8823212E-05   3.4365798E-05   1.1630914E-04   6.9749500E-06   1.6128683E-07  -1.0802649E-02  -3.5938819E-03   4.1692656E-03  -3.7581676E-03   2.0308058E-04   6.0625438E-06  -4.3328606E-05   2.1783590E-05  -6.9746705E-04   3.2491770E-05  -3.6047652E-06   3.5835429E-05   1.4913321E-05  -1.3488159E-07  -1.7287094E-07  -3.7648559E-06  -2.6334211E-06
  1.5814939E-05   4.3125487E-04  -4.9794079E-05   3.4365798E-05   2.7300335E-02   1.2197802E-03   8.7914152E-04  -1.6154770E-06   6.0197170E-01   3.7794881E-01  -9.9184395E-02   1.7872237E-01  -1.6280228E-02  -1.1595077E-03   3.5770085E-03  -1.7847353E-03   4.5944923E-02   1.0770946E-03   7.8383843E-04  -6.8815717E-04   4.1949236E-04   2.4219478E-06   1.3977127E-05   1.6797155E-04   3.1587609E-04
  1.0320427E-06   1.9108506E-05  -1.9095497E-06   1.1630914E-04   1.2197802E-03   3.1281315E-04   4.4882352E-05   1.2569395E-05   8.6583650E-03   1.0224798E-02   1.1516860E-02  -4.4923433E-04  -1.0543377E-04   5.1133410E-06  -1.8886648E-06  -8.2937075E-06  -5.0361838E-04   1.1824993E-04  -8.3833398E-05   5.6688450E-05   3.5511383E-05   6.5217898E-07   3.7597671E-07  -1.3280533E-06   8.3768570E-06
  7.0230595E-07   1.1627167E-05  -1.3432279E-06   6.9749500E-06   8.7914152E-04   4.4882352E-05   4.2908486E-05   3.5021465E-07  -2.6448165E-03   5.2972636E-03   4.5197628E-03   1.3210884E-05  -7.8274850E-05   1.1360591E-05   2.7481487E-05   1.1519277E-06  -1.8383839E-04   4.6751707E-05   5.1093113E-06   1.1792954E-05   2.6377911E-06  -2.9543680E-07   1.8048083E-07   5.1145024E-06   7.6874539E-06
  1.2962252E-08  -8.1577908E-08   3.9290665E-08   1.6128683E-07  -1.6154770E-06   1.2569395E-05   3.5021465E-07   6.2138617E-06   2.9264100E-03  -4.1402254E-05   9.5840606E-04   6.7236083E-04  -1.6712787E-06  -1.1546061E-06  -4.5046939E-06  -6.9181385E-06   3.3257522E-05   1.2614484E-05  -4.5115738E-06   4.0149899E-06  -2.4103039E-06   5.7210553E-08   1.7854116E-08  -3.8742812E-07  -3.2643858E-07
 -5.9952997E-05   1.0049770E-02  -1.1741031E-03  -1.0802649E-02   6.0197170E-01   8.6583650E-03  -2.6448165E-03   2.9264100E-03   6.1486219E+02   6.4449944E+01  -6.0036221E+01   3.4792797E+01  -2.4878349E+01  -8.5779863E-01  -9.0417887E-02  -4.0163401E-01   1.2058864E+01  -2.1253150E-01   2.8874027E-01  -2.9031142E-01  -2.1996357E-01   6.6082651E-03   2.6812783E-03   5.8075617E-03   1.2363267E-02
 -2.9007501E-05   6.4714091E-03  -6.9653105E-04  -3.5938819E-03   3.7794881E-01   1.0224798E-02   5.2972636E-03  -4.1402254E-05   6.4449944E+01   7.1357936E+01   9.1936493E+00   7.9350563E+00  -4.0256687E-01  -1.6073924E-02   4.7379305E-01   8.2062801E-01  -7.7990804E+00  -3.3596338E-02  -2.0868368E-01   5.2001366E-02   8.0720967E-02   8.9553207E-04   7.7649716E-04   4.6093072E-03   8.2303631E-03
  1.3424878E-06  -1.6271021E-03   2.0817995E-04   4.1692656E-03  -9.9184395E-02   1.1516860E-02   4.5197628E-03   9.5840606E-04  -6.0036221E+01   9.1936493E+00   1.7272262E+02  -8.3116941E+01   2.4316695E+00   3.6001920E-01  -1.0098283E+00   4.5842794E-01  -6.7846710E+00  -6.5942048E-02  -2.5938332E-01   5.8289047E-01   1.1107172E-02   1.6222759E-03  -7.4102679E-03   1.9557625E-03   2.2245323E-03
 -1.0811486E-05   3.1666946E-03  -3.4159256E-04  -3.7581676E-03   1.7872237E-01  -4.4923433E-04   1.3210884E-05   6.7236083E-04   3.4792797E+01   7.9350563E+00  -8.3116941E+01   5.3020229E+01   1.8460072E+00  -5.0380106E-02   7.2378251E-01  -3.2566550E-01  -2.7677382E+00   3.4231680E-02   1.5716441E-01  -4.6180439E-01  -1.0961811E-01  -4.3548433E-04   3.1768800E-03   2.2992484E-04   1.4446310E-03
  9.1103306E-06  -2.3833044E-04   4.0348466E-05   2.0308058E-04  -1.6280228E-02  -1.0543377E-04  -7.8274850E-05  -1.6712787E-06  -2.4878349E+01  -4.0256687E-01   2.4316695E+00   1.8460072E+00   4.3475088E+00   1.0783206E-01   1.5683100E-01  -3.0635824E-02  -3.6248434E+00  -5.5024514E-03  -5.2288567E-03   8.3742648E-03   5.5719345E-02   4.7586419E-04  -1.9676849E-04  -5.3517568E-04  -6.0020758E-04
  3.1824031E-07  -1.5257089E-05   2.7461174E-06   6.0625438E-06  -1.1595077E-03   5.1133410E-06   1.1360591E-05  -1.1546061E-06  -8.5779863E-01  -1.6073924E-02   3.6001920E-01  -5.0380106E-02   1.0783206E-01   1.8436456E-02  -1.7847074E-02   1.4415110E-02  -1.0907016E-01  -6.0961621E-04  -1.3039184E-03  -2.8323981E-03   5.5402820E-03   2.0766638E-05  -3.8568733E-05   5.2551380E-06  -1.2329976E-05
  4.6963437E-08   5.8920957E-05  -7.6728059E-06  -4.3328606E-05   3.5770085E-03  -1.8886648E-06   2.7481487E-05  -4.5046939E-06  -9.0417887E-02   4.7379305E-01  -1.0098283E+00   7.2378251E-01   1.5683100E-01  -1.7847074E-02   6.9279632E-02   8.8376610E-04  -1.6396977E-01   1.3327634E-03   7.5773841E-03   1.6714066E-04  -1.7418666E-02  -8.8726666E-06   9.8171141E-05  -3.1045247E-05   1.7087341E-05
  5.4393923E-07  -2.9055437E-05   2.7021972E-06   2.1783590E-05  -1.7847353E-03  -8.2937075E-06   1.1519277E-06  -6.9181385E-06  -4.0163401E-01   8.2062801E-01   4.5842794E-01  -3.2566550E-01  -3.0635824E-02   1.4415110E-02   8.8376610E-04   8.2986837E-02   3.6409229E-02  -2.4882236E-04   1.0714964E-03   1.3731202E-03   2.0098932E-03   1.0603256E-05  -9.4341214E-06   1.0250693E-05  -1.2568649E-05
 -1.5881281E-06   6.6836912E-04  -1.0044406E-04  -6.9746705E-04   4.5944923E-02  -5.0361838E-04  -1.8383839E-04   3.3257522E-05   1.2058864E+01  -7.7990804E+00  -6.7846710E+00  -2.7677382E+00  -3.6248434E+00  -1.0907016E-01  -1.6396977E-01   3.6409229E-02   7.4340908E+00   5.4611220E-03  -2.2109423E-03  -5.2321798E-03  -4.8984039E-02  -4.1300252E-04   3.9471610E-06   2.6985944E-04   7.4688106E-04
  6.3700363E-07   1.6742888E-05  -1.8236535E-06   3.2491770E-05   1.0770946E-03   1.1824993E-04   4.6751707E-05   1.2614484E-05  -2.1253150E-01  -3.3596338E-02  -6.5942048E-02   3.4231680E-02  -5.5024514E-03  -6.0961621E-04   1.3327634E-03  -2.4882236E-04   5.4611220E-03   3.8447282E-02   2.7736953E-03   7.0516949E-05   5.2454520E-04   3.7986059E-05   5.5890203E-06  -4.7445408E-06  -1.1579442E-07
 -2.9355704E-07   1.1304533E-05  -2.5336659E-06  -3.6047652E-06   7.8383843E-04  -8.3833398E-05   5.1093113E-06  -4.5115738E-06   2.8874027E-01  -2.0868368E-01  -2.5938332E-01   1.5716441E-01  -5.2288567E-03  -1.3039184E-03   7.5773841E-03   1.0714964E-03  -2.2109423E-03   2.7736953E-03   3.0935376E-02  -6.5374103E-04   4.9205483E-03  -7.6743441E-05  -4.2714512E-05  -6.6662802E-05  -5.3809838E-05
  3.1510095E-07  -1.4761727E-05   1.2086013E-06   3.5835429E-05  -6.8815717E-04   5.6688450E-05   1.1792954E-05   4.0149899E-06  -2.9031142E-01   5.2001366E-02   5.8289047E-01  -4.6180439E-01   8.3742648E-03  -2.8323981E-03   1.6714066E-04   1.3731202E-03  -5.2321798E-03   7.0516949E-05  -6.5374103E-04   1.0570686E-02   8.0287996E-03   3.2487713E-06   5.7906839E-05  -6.2709225E-07  -1.7561668E-06
  2.8780375E-07   6.4383403E-06  -8.3412867E-07   1.4913321E-05   4.1949236E-04   3.5511383E-05   2.6377911E-06  -2.4103039E-06  -2.1996357E-01   8.0720967E-02   1.1107172E-02  -1.0961811E-01   5.5719345E-02   5.5402820E-03  -1.7418666E-02   2.0098932E-03  -4.8984039E-02   5.2454520E-04   4.9205483E-03   8.0287996E-03   2.5615546E-02   1.1306155E-06   5.2692743E-05  -6.4091832E-06   8.4850766E-07
  5.4501321E-09   3.9063079E-08   5.4329731E-09  -1.3488159E-07   2.4219478E-06   6.5217898E-07  -2.9543680E-07   5.7210553E-08   6.6082651E-03   8.9553207E-04   1.6222759E-03  -4.3548433E-04   4.7586419E-04   2.0766638E-05  -8.8726666E-06   1.0603256E-05  -4.1300252E-04   3.7986059E-05  -7.6743441E-05   3.2487713E-06   1.1306155E-06   1.1112241E-06   3.6132129E-08   2.5815112E-07   5.4428004E-07
  3.7067194E-09   2.3958765E-07  -3.3059132E-08  -1.7287094E-07   1.3977127E-05   3.7597671E-07   1.8048083E-07   1.7854116E-08   2.6812783E-03   7.7649716E-04  -7.4102679E-03   3.1768800E-03  -1.9676849E-04  -3.8568733E-05   9.8171141E-05  -9.4341214E-06   3.9471610E-06   5.5890203E-06  -4.2714512E-05   5.7906839E-05   5.2692743E-05   3.6132129E-08   2.4040873E-06   4.0317531E-07   2.4429497E-07
  4.4152543E-09   2.4009692E-06  -3.6110530E-07  -3.7648559E-06   1.6797155E-04  -1.3280533E-06   5.1145024E-06  -3.8742812E-07   5.8075617E-03   4.6093072E-03   1.9557625E-03   2.2992484E-04  -5.3517568E-04   5.2551380E-06  -3.1045247E-05   1.0250693E-05   2.6985944E-04  -4.7445408E-06  -6.6662802E-05  -6.2709225E-07  -6.4091832E-06   2.5815112E-07   4.0317531E-07   2.5873435E-05   1.0725002E-05
 -8.2189733E-08   4.4416683E-06  -5.5610259E-07  -2.6334211E-06   3.1587609E-04   8.3768570E-06   7.6874539E-06  -3.2643858E-07   1.2363267E-02   8.2303631E-03   2.2245323E-03   1.4446310E-03  -6.0020758E-04  -1.2329976E-05   1.7087341E-05  -1.2568649E-05   7.4688106E-04  -1.1579442E-07  -5.3809838E-05  -1.7561668E-06   8.4850766E-07   5.4428004E-07   2.4429497E-07   1.0725002E-05   2.7789182E-05
