# omegabh2 omegach2 theta tau w logA ns calPlanck acib217 xi asz143 aps100 aps143 aps143217 aps217 aksz kgal100 kgal143 kgal143217 kgal217 cal0 cal2
  3.9427335E-08  -1.0774645E-07   2.8838210E-08   2.4997911E-07   2.1944630E-06   3.8705717E-07   3.7412050E-07   2.0298691E-08  -1.3262296E-04   2.1510363E-06   3.7832735E-05  -6.5862902E-04  -4.4123546E-04  -1.7047415E-04  -5.1268939E-05  -5.1532978E-05   8.6526361E-06  -1.3115805E-06  -8.3234037E-06   3.3457493E-05   9.6106838E-10  -1.1982591E-09
 -1.0774645E-07   2.4688989E-06  -1.6276587E-07  -1.8948844E-06  -3.8322991E-05   1.7552022E-06  -5.4329469E-06  -2.2571940E-07   1.1284959E-04   4.3220376E-06  -2.3842635E-05   1.7566479E-04   1.0099348E-03   8.5228844E-04   4.9706750E-04  -3.5254492E-05  -9.7662114E-06  -4.7858645E-05  -6.0485651E-05  -1.7070237E-04   1.1352095E-08  -1.4563584E-09
  2.8838210E-08  -1.6276587E-07   1.8720927E-07   2.1755272E-07   4.5530242E-06   2.8581887E-07   6.0325109E-07   2.3887376E-08  -2.1954039E-05  -7.5761818E-07  -1.9954044E-06  -1.7536779E-05  -1.3876962E-04  -1.6716405E-04  -8.9660633E-05   1.2422942E-05   1.1607970E-05   9.5453928E-06   2.0437973E-05   5.3021339E-05  -2.1664295E-09   3.8562799E-09
  2.4997911E-07  -1.8948844E-06   2.1755272E-07   4.6682234E-05   3.7680974E-05   8.8682422E-05   7.0504966E-06  -8.0043680E-08  -2.0352612E-03   2.9361764E-05   4.8059255E-04  -8.1375234E-03  -5.0777318E-03  -1.8340630E-03   2.9383042E-04  -8.3014323E-04  -7.2739607E-05  -1.7667485E-04  -7.2170847E-05   8.0301116E-04   3.1179752E-08  -7.7161456E-08
  2.1944630E-06  -3.8322991E-05   4.5530242E-06   3.7680974E-05   1.3818486E-03  -8.8587971E-06   8.6902178E-05   3.2514582E-06  -8.1102190E-04  -7.6981506E-05   3.3072557E-04   9.2265175E-03  -1.7868476E-02  -1.6802621E-02  -1.1505505E-02   8.8611437E-04   5.4379073E-04   1.6789500E-04   9.1934597E-04   2.6679996E-03  -1.9712921E-07   1.7645730E-07
  3.8705717E-07   1.7552022E-06   2.8581887E-07   8.8682422E-05  -8.8587971E-06   2.0997135E-04  -6.7835040E-08   1.1933080E-05  -4.9973381E-03   1.3673743E-04   9.2758587E-04  -1.4623328E-02  -6.7051018E-03   1.0957995E-03   8.3210647E-03  -2.4929299E-03  -5.3912619E-04  -1.1558534E-03  -6.9758216E-04   3.4788713E-03   2.5317902E-07  -1.6991705E-07
  3.7412050E-07  -5.4329469E-06   6.0325109E-07   7.0504966E-06   8.6902178E-05  -6.7835040E-08   2.2927121E-05   3.8152458E-07  -4.6296973E-03   9.0424016E-05   1.1561486E-03  -2.5966004E-02  -8.5694569E-03   2.2123901E-04   3.9568747E-03  -2.4247215E-03   4.0700546E-04  -1.6447955E-04   1.5059625E-05   1.8048832E-03  -1.3969065E-07  -6.5526357E-08
  2.0298691E-08  -2.2571940E-07   2.3887376E-08  -8.0043680E-08   3.2514582E-06   1.1933080E-05   3.8152458E-07   6.1825432E-06   2.9346333E-04   1.1914766E-05   2.3058070E-05   2.7563017E-03   4.5294396E-04   4.6904295E-04   1.5770858E-03   3.3119838E-05  -2.5744337E-05  -3.2887302E-05   9.3441538E-05   1.1555078E-03   4.7076867E-10   3.7132630E-09
 -1.3262296E-04   1.1284959E-04  -2.1954039E-05  -2.0352612E-03  -8.1102190E-04  -4.9973381E-03  -4.6296973E-03   2.9346333E-04   4.4309466E+01  -3.8100683E-01  -9.4198603E-01   3.7102291E+01   2.2843019E+00  -1.2973442E+01  -5.4666555E+01  -1.8850651E-03   2.1567379E-01   6.4584582E-01  -5.6461944E+00  -3.2866371E+01  -1.8831562E-04   7.8020740E-04
  2.1510363E-06   4.3220376E-06  -7.5761818E-07   2.9361764E-05  -7.6981506E-05   1.3673743E-04   9.0424016E-05   1.1914766E-05  -3.8100683E-01   8.1717326E-02  -4.3925819E-02  -5.5243552E-01   8.7508800E-01   1.6285827E+00   6.0256461E-01   4.2385050E-02  -7.2346964E-03   9.7384284E-03   1.0598253E-01   1.3956211E-01   2.4256582E-06  -2.3031849E-06
  3.7832735E-05  -2.3842635E-05  -1.9954044E-06   4.8059255E-04   3.3072557E-04   9.2758587E-04   1.1561486E-03   2.3058070E-05  -9.4198603E-01  -4.3925819E-02   4.0131569E+00  -3.1697563E+01  -3.5604289E+00   8.0107792E+00   5.7181341E+00  -2.9527023E+00  -1.5852106E-01   2.0405786E-01   2.7082314E+00   3.3426121E+00   1.0309889E-04  -3.6648736E-05
 -6.5862902E-04   1.7566479E-04  -1.7536779E-05  -8.1375234E-03   9.2265175E-03  -1.4623328E-02  -2.5966004E-02   2.7563017E-03   3.7102291E+01  -5.5243552E-01  -3.1697563E+01   7.8470924E+02   7.3827643E+01  -5.7149926E+01  -6.3498976E+01   1.6087436E+01  -6.7033833E+00   5.2263865E+00  -1.2009048E+01  -2.3087016E+01   3.6442939E-03   8.6006552E-04
 -4.4123546E-04   1.0099348E-03  -1.3876962E-04  -5.0777318E-03  -1.7868476E-02  -6.7051018E-03  -8.5694569E-03   4.5294396E-04   2.2843019E+00   8.7508800E-01  -3.5604289E+00   7.3827643E+01   6.4127765E+01   4.0752968E+01   1.6234796E+01  -5.1035962E+00  -5.6524113E-01  -1.3846121E+00   3.5390882E+00   4.6302617E+00   8.8942538E-05   1.1407426E-04
 -1.7047415E-04   8.5228844E-04  -1.6716405E-04  -1.8340630E-03  -1.6802621E-02   1.0957995E-03   2.2123901E-04   4.6904295E-04  -1.2973442E+01   1.6285827E+00   8.0107792E+00  -5.7149926E+01   4.0752968E+01   8.5770242E+01   5.4886503E+01  -1.2819957E+01  -8.5225668E-01  -5.9848925E-01   5.2919586E+00   8.7957461E+00   4.1644847E-04  -4.0130231E-04
 -5.1268939E-05   4.9706750E-04  -8.9660633E-05   2.9383042E-04  -1.1505505E-02   8.3210647E-03   3.9568747E-03   1.5770858E-03  -5.4666555E+01   6.0256461E-01   5.7181341E+00  -6.3498976E+01   1.6234796E+01   5.4886503E+01   1.0489695E+02  -1.0037842E+01  -7.7492138E-01  -1.2996162E+00   5.6329363E+00   3.3430190E+01   4.8428845E-04  -1.4277046E-03
 -5.1532978E-05  -3.5254492E-05   1.2422942E-05  -8.3014323E-04   8.8611437E-04  -2.4929299E-03  -2.4247215E-03   3.3119838E-05  -1.8850651E-03   4.2385050E-02  -2.9527023E+00   1.6087436E+01  -5.1035962E+00  -1.2819957E+01  -1.0037842E+01   6.4266246E+00   4.4850301E-02  -2.2199918E-01  -2.2647864E+00  -2.6117481E+00  -8.6385299E-05   9.0699695E-06
  8.6526361E-06  -9.7662114E-06   1.1607970E-05  -7.2739607E-05   5.4379073E-04  -5.3912619E-04   4.0700546E-04  -2.5744337E-05   2.1567379E-01  -7.2346964E-03  -1.5852106E-01  -6.7033833E+00  -5.6524113E-01  -8.5225668E-01  -7.7492138E-01   4.4850301E-02   3.2890642E+00   5.8233401E-01   2.4364413E-01   2.2491549E-01   1.6735388E-04   1.8662884E-06
 -1.3115805E-06  -4.7858645E-05   9.5453928E-06  -1.7667485E-04   1.6789500E-04  -1.1558534E-03  -1.6447955E-04  -3.2887302E-05   6.4584582E-01   9.7384284E-03   2.0405786E-01   5.2263865E+00  -1.3846121E+00  -5.9848925E-01  -1.2996162E+00  -2.2199918E-01   5.8233401E-01   3.1998230E+00   2.7462576E+00   2.6685959E+00  -1.8462991E-04  -4.5959296E-05
 -8.3234037E-06  -6.0485651E-05   2.0437973E-05  -7.2170847E-05   9.1934597E-04  -6.9758216E-04   1.5059625E-05   9.3441538E-05  -5.6461944E+00   1.0598253E-01   2.7082314E+00  -1.2009048E+01   3.5390882E+00   5.2919586E+00   5.6329363E+00  -2.2647864E+00   2.4364413E-01   2.7462576E+00   1.0863186E+01   1.9286432E+01  -3.9110236E-05   4.0367488E-04
  3.3457493E-05  -1.7070237E-04   5.3021339E-05   8.0301116E-04   2.6679996E-03   3.4788713E-03   1.8048832E-03   1.1555078E-03  -3.2866371E+01   1.3956211E-01   3.3426121E+00  -2.3087016E+01   4.6302617E+00   8.7957461E+00   3.3430190E+01  -2.6117481E+00   2.2491549E-01   2.6685959E+00   1.9286432E+01   5.3427005E+01   5.1417968E-05   8.9123851E-04
  9.6106838E-10   1.1352095E-08  -2.1664295E-09   3.1179752E-08  -1.9712921E-07   2.5317902E-07  -1.3969065E-07   4.7076867E-10  -1.8831562E-04   2.4256582E-06   1.0309889E-04   3.6442939E-03   8.8942538E-05   4.1644847E-04   4.8428845E-04  -8.6385299E-05   1.6735388E-04  -1.8462991E-04  -3.9110236E-05   5.1417968E-05   3.7529431E-07   4.1004249E-09
 -1.1982591E-09  -1.4563584E-09   3.8562799E-09  -7.7161456E-08   1.7645730E-07  -1.6991705E-07  -6.5526357E-08   3.7132630E-09   7.8020740E-04  -2.3031849E-06  -3.6648736E-05   8.6006552E-04   1.1407426E-04  -4.0130231E-04  -1.4277046E-03   9.0699695E-06   1.8662884E-06  -4.5959296E-05   4.0367488E-04   8.9123851E-04   4.1004249E-09   3.9026728E-07
