# omegabh2 omegach2 theta tau mnu logA ns calPlanck acib217 xi asz143 aps100 aps143 aps143217 aps217 aksz kgal100 kgal143 kgal143217 kgal217 galfEE100 galfEE100143 galfEE100217 galfEE143 galfEE143217 galfEE217 galfTE100 galfTE100143 galfTE100217 galfTE143 galfTE143217 galfTE217 cal0 cal2
    0.2762273E-07   -0.1555245E-06    0.2685707E-07    0.6082784E-06   -0.9612214E-05    0.1002201E-05    0.4501237E-06    0.1983656E-07   -0.1337462E-03    0.2781992E-05    0.3823431E-04   -0.6098649E-03   -0.2744150E-03   -0.2125864E-04    0.6292280E-04   -0.6185768E-04    0.1592533E-05   -0.1137947E-04   -0.1781555E-04    0.6404146E-05    0.4650423E-07    0.5688443E-07    0.6414898E-07    0.7897465E-07    0.6385499E-07    0.1930132E-06   -0.1448878E-07   -0.7042435E-07   -0.1521436E-06   -0.1130548E-06   -0.5193047E-06   -0.2786534E-05    0.3198450E-08   -0.1405231E-07
   -0.1555245E-06    0.2235508E-05   -0.2217471E-06   -0.7772315E-05    0.5034447E-04   -0.1048837E-04   -0.5662494E-05   -0.1092273E-06    0.4060289E-03   -0.7097621E-05   -0.1849412E-03    0.2713982E-02    0.1547637E-02    0.5452120E-03    0.2804732E-03    0.2334001E-03   -0.2721070E-04    0.1175002E-04    0.4264287E-04    0.4444650E-04   -0.6942450E-06   -0.7484063E-06   -0.5797718E-06   -0.9050220E-06   -0.1069260E-06   -0.2612841E-05   -0.2694011E-06    0.5893605E-06   -0.6142012E-06    0.1694083E-05    0.2640886E-05    0.1579980E-04    0.1204557E-07    0.5908082E-07
    0.2685707E-07   -0.2217471E-06    0.1137176E-06    0.5068394E-06   -0.1712152E-04    0.6888279E-06    0.7088185E-06    0.2240091E-07   -0.6788831E-04    0.8268227E-07    0.2265347E-04   -0.4321777E-03   -0.2213574E-03   -0.9160017E-04   -0.1764550E-04   -0.2888706E-04    0.2277188E-05   -0.7914690E-05   -0.3640934E-04   -0.3396750E-04    0.3543641E-07    0.7380769E-07   -0.9565475E-07    0.8291019E-07   -0.1032540E-06    0.3008389E-06    0.5777643E-07   -0.1056656E-06   -0.2013582E-06   -0.1698978E-06   -0.4328622E-06   -0.2754451E-05   -0.2521083E-08   -0.1101414E-07
    0.6082784E-06   -0.7772315E-05    0.5068394E-06    0.2835950E-03    0.6725128E-03    0.5428543E-03    0.2778170E-04   -0.1047420E-05   -0.8944588E-02    0.2157970E-03    0.1826647E-02   -0.4173005E-01   -0.1408676E-01    0.1271964E-02    0.6531935E-02   -0.3804532E-02   -0.8933512E-04   -0.5388342E-03   -0.1152047E-02    0.6949784E-03    0.4106757E-05    0.2694859E-05    0.4774058E-05    0.3788568E-05    0.1272000E-05    0.1985696E-04   -0.5131639E-05   -0.8233087E-05    0.1283057E-04   -0.2423594E-04    0.2140002E-05   -0.3380185E-04   -0.9961260E-07   -0.7397480E-06
   -0.9612214E-05    0.5034447E-04   -0.1712152E-04    0.6725128E-03    0.2560157E-01    0.1351971E-02   -0.2068181E-03    0.6638061E-05    0.8298901E-01   -0.1828204E-02   -0.1353007E-01    0.2971696E+00    0.1118224E+00   -0.3886738E-02   -0.5505530E-01    0.3107613E-01    0.2923521E-02    0.8959625E-02    0.1606190E-01    0.1750119E-02    0.1354778E-04   -0.1287410E-04   -0.3228380E-04   -0.2058077E-04    0.4436029E-04    0.2183319E-04   -0.1007256E-03   -0.4078662E-04    0.2780049E-03   -0.1215198E-03    0.1933241E-03    0.1192487E-02   -0.2307141E-06    0.1042241E-04
    0.1002201E-05   -0.1048837E-04    0.6888279E-06    0.5428543E-03    0.1351971E-02    0.1077702E-02    0.4170980E-04    0.1013087E-04   -0.1747503E-01    0.4863505E-03    0.3338348E-02   -0.7463997E-01   -0.2356471E-01    0.7203220E-02    0.2009710E-01   -0.8177362E-02   -0.5536692E-03   -0.1579828E-02   -0.2973542E-02    0.2551582E-02    0.7461704E-05    0.3931949E-05    0.8302208E-05    0.6960312E-05    0.1363511E-05    0.3153552E-04   -0.1089978E-04   -0.1379770E-04    0.2235427E-04   -0.4005714E-04    0.5304684E-05   -0.1747651E-04    0.3811487E-07   -0.1510246E-05
    0.4501237E-06   -0.5662494E-05    0.7088185E-06    0.2778170E-04   -0.2068181E-03    0.4170980E-04    0.2431402E-04    0.2906478E-06   -0.5577004E-02    0.1398567E-03    0.1441681E-02   -0.3103802E-01   -0.8743625E-02    0.2250218E-02    0.5417663E-02   -0.2882288E-02    0.3604247E-03   -0.2581458E-03   -0.5481404E-03    0.5164578E-03    0.3175924E-05    0.3487242E-05    0.1736975E-05    0.3947152E-05    0.2910983E-06    0.7154645E-05    0.4751762E-07   -0.1935612E-05    0.3256725E-05   -0.2704709E-05   -0.5249060E-05   -0.2861794E-04   -0.1827217E-06   -0.4871339E-06
    0.1983656E-07   -0.1092273E-06    0.2240091E-07   -0.1047420E-05    0.6638061E-05    0.1013087E-04    0.2906478E-06    0.6155969E-05    0.8481428E-03    0.8766169E-06   -0.1396376E-04    0.3443929E-02    0.4979057E-03    0.3478006E-03    0.1178496E-02   -0.6240962E-04   -0.3740733E-04    0.2123980E-04   -0.1283130E-03    0.4991570E-03    0.6967928E-06    0.4617136E-06    0.4913765E-06    0.1051214E-05    0.3043341E-06    0.9448700E-06   -0.1033635E-06    0.5815638E-06    0.2372183E-06    0.2431822E-05   -0.1148594E-05    0.1357023E-04   -0.1820658E-07   -0.1336296E-07
   -0.1337462E-03    0.4060289E-03   -0.6788831E-04   -0.8944588E-02    0.8298901E-01   -0.1747503E-01   -0.5577004E-02    0.8481428E-03    0.4356185E+02   -0.5366563E+00   -0.1799365E+01    0.4333246E+02   -0.3087071E+00   -0.2310744E+02   -0.6165845E+02    0.6308945E+00   -0.7165160E-01    0.1391367E+00   -0.2105126E+01   -0.1856511E+02   -0.4733827E-03   -0.4845986E-03    0.1133923E-02   -0.5100295E-03    0.1909866E-02    0.1333688E-01   -0.8891758E-03    0.1680440E-02    0.4823313E-02    0.4718561E-02   -0.7789089E-03   -0.1011381E-01   -0.3558183E-03    0.4400290E-02
    0.2781992E-05   -0.7097621E-05    0.8268227E-07    0.2157970E-03   -0.1828204E-02    0.4863505E-03    0.1398567E-03    0.8766169E-06   -0.5366563E+00    0.8228073E-01   -0.6278137E-01   -0.5295758E+00    0.1050297E+01    0.1994911E+01    0.8566030E+00    0.5303160E-01    0.4033838E-03   -0.2407610E-02    0.1002362E+00    0.1188713E+00    0.4295615E-05    0.2776725E-04   -0.3591415E-05    0.8631220E-05    0.1083465E-03    0.9492281E-05   -0.1442394E-03   -0.9842400E-04   -0.2237476E-03   -0.6319166E-05   -0.9136954E-04   -0.5825612E-03    0.1101224E-04   -0.2302989E-04
    0.3823431E-04   -0.1849412E-03    0.2265347E-04    0.1826647E-02   -0.1353007E-01    0.3338348E-02    0.1441681E-02   -0.1396376E-04   -0.1799365E+01   -0.6278137E-01    0.3598062E+01   -0.2886576E+02   -0.3968998E+01    0.7329809E+01    0.6519280E+01   -0.2493802E+01   -0.1657347E+00    0.2531150E-01    0.2263994E+01    0.2167767E+01    0.3333169E-03    0.2176100E-03    0.1295650E-03    0.2146654E-03    0.4924339E-03    0.1318991E-04   -0.3596397E-04    0.2353504E-03    0.1229560E-02   -0.8714175E-03   -0.1501176E-03   -0.2424008E-02    0.1746494E-03   -0.3332933E-03
   -0.6098649E-03    0.2713982E-02   -0.4321777E-03   -0.4173005E-01    0.2971696E+00   -0.7463997E-01   -0.3103802E-01    0.3443929E-02    0.4333246E+02   -0.5295758E+00   -0.2886576E+02    0.7750011E+03    0.7162751E+02   -0.5786542E+02   -0.7005052E+02    0.1297618E+02   -0.3787447E+01    0.3347700E+01   -0.1177782E+02   -0.1785413E+02   -0.4713710E-02   -0.3913411E-02    0.1676771E-02   -0.2752116E-02   -0.1209249E-01   -0.1181136E-02    0.3075469E-02   -0.3214966E-02    0.1634756E-01    0.2070849E-01    0.1837530E-01    0.1006461E+00    0.6352649E-02    0.3762695E-02
   -0.2744150E-03    0.1547637E-02   -0.2213574E-03   -0.1408676E-01    0.1118224E+00   -0.2356471E-01   -0.8743625E-02    0.4979057E-03   -0.3087071E+00    0.1050297E+01   -0.3968998E+01    0.7162751E+02    0.6140505E+02    0.4538136E+02    0.1868180E+02   -0.4159618E+01   -0.3191693E+00   -0.1129353E+01    0.3488684E+01    0.3547946E+01   -0.1818168E-02   -0.1225265E-02   -0.3764772E-02   -0.1892669E-02    0.7376338E-04    0.1424868E-01   -0.2666877E-02   -0.1100084E-02    0.4946712E-02    0.2607310E-02    0.1001780E-01    0.4166020E-01    0.1796213E-03    0.7366699E-04
   -0.2125864E-04    0.5452120E-03   -0.9160017E-04    0.1271964E-02   -0.3886738E-02    0.7203220E-02    0.2250218E-02    0.3478006E-03   -0.2310744E+02    0.1994911E+01    0.7329809E+01   -0.5786542E+02    0.4538136E+02    0.1011479E+03    0.6865518E+02   -0.1139838E+02   -0.6124822E+00   -0.6159363E+00    0.4509997E+01    0.5919890E+01    0.3358722E-03    0.3613411E-03   -0.3527909E-02   -0.4800718E-03    0.4690553E-02    0.7640546E-02   -0.5322958E-02   -0.2063602E-02    0.6824100E-02   -0.1141862E-02    0.4957805E-02    0.1297130E-01    0.8575763E-03   -0.2651343E-02
    0.6292280E-04    0.2804732E-03   -0.1764550E-04    0.6531935E-02   -0.5505530E-01    0.2009710E-01    0.5417663E-02    0.1178496E-02   -0.6165845E+02    0.8566030E+00    0.6519280E+01   -0.7005052E+02    0.1868180E+02    0.6865518E+02    0.1218573E+03   -0.9934123E+01   -0.3871933E+00   -0.4848052E+00   -0.3444831E+00    0.1545262E+02    0.1123014E-02    0.4841164E-03   -0.5371537E-02    0.3289851E-03    0.2983725E-03   -0.9971088E-02    0.4242815E-04   -0.2083246E-02    0.3395662E-02   -0.4313932E-02    0.6509175E-02    0.4052442E-01    0.8236707E-03   -0.7713582E-02
   -0.6185768E-04    0.2334001E-03   -0.2888706E-04   -0.3804532E-02    0.3107613E-01   -0.8177362E-02   -0.2882288E-02   -0.6240962E-04    0.6308945E+00    0.5303160E-01   -0.2493802E+01    0.1297618E+02   -0.4159618E+01   -0.1139838E+02   -0.9934123E+01    0.5705811E+01    0.1061505E+00   -0.1858665E-01   -0.1844121E+01   -0.1723880E+01   -0.4075997E-03   -0.3027731E-03    0.7906755E-03   -0.4029412E-03   -0.6187523E-03   -0.3427724E-02    0.9234904E-04    0.3548816E-04   -0.3609440E-02    0.2449824E-03   -0.5612437E-03   -0.1128531E-02   -0.1184739E-03    0.1449475E-03
    0.1592533E-05   -0.2721070E-04    0.2277188E-05   -0.8933512E-04    0.2923521E-02   -0.5536692E-03    0.3604247E-03   -0.3740733E-04   -0.7165160E-01    0.4033838E-03   -0.1657347E+00   -0.3787447E+01   -0.3191693E+00   -0.6124822E+00   -0.3871933E+00    0.1061505E+00    0.3524283E+01    0.4654148E+00    0.1753240E+00    0.2710410E+00    0.1969883E-04    0.3236384E-04    0.4884913E-03    0.4516368E-04   -0.1697357E-03    0.2760503E-02   -0.7989206E-03   -0.2489534E-03   -0.2046069E-03   -0.4881862E-03    0.1469618E-02    0.2630575E-02    0.3022305E-03   -0.1238100E-04
   -0.1137947E-04    0.1175002E-04   -0.7914690E-05   -0.5388342E-03    0.8959625E-02   -0.1579828E-02   -0.2581458E-03    0.2123980E-04    0.1391367E+00   -0.2407610E-02    0.2531150E-01    0.3347700E+01   -0.1129353E+01   -0.6159363E+00   -0.4848052E+00   -0.1858665E-01    0.4654148E+00    0.3357274E+01    0.2562468E+01    0.1746939E+01   -0.1183960E-03   -0.4782480E-04    0.4193700E-03    0.6467803E-04    0.5768105E-03   -0.3229047E-03    0.6114448E-03   -0.4506458E-03   -0.7539084E-03   -0.1392803E-02   -0.4364420E-03   -0.1048123E-02   -0.2908937E-03   -0.1985437E-03
   -0.1781555E-04    0.4264287E-04   -0.3640934E-04   -0.1152047E-02    0.1606190E-01   -0.2973542E-02   -0.5481404E-03   -0.1283130E-03   -0.2105126E+01    0.1002362E+00    0.2263994E+01   -0.1177782E+02    0.3488684E+01    0.4509997E+01   -0.3444831E+00   -0.1844121E+01    0.1753240E+00    0.2562468E+01    0.1707375E+02    0.2566880E+02   -0.3046131E-03   -0.7108238E-04    0.1407278E-02    0.2640714E-03   -0.1234779E-02   -0.3416019E-02    0.1178935E-02    0.2713736E-03   -0.2053257E-02   -0.2138744E-02   -0.2933422E-02    0.7427825E-02   -0.4338310E-04    0.2563492E-02
    0.6404146E-05    0.4444650E-04   -0.3396750E-04    0.6949784E-03    0.1750119E-02    0.2551582E-02    0.5164578E-03    0.4991570E-03   -0.1856511E+02    0.1188713E+00    0.2167767E+01   -0.1785413E+02    0.3547946E+01    0.5919890E+01    0.1545262E+02   -0.1723880E+01    0.2710410E+00    0.1746939E+01    0.2566880E+02    0.5459039E+02   -0.2716705E-03    0.2943248E-04    0.2002415E-02    0.9070138E-03   -0.3902677E-02   -0.1341928E-01    0.1907453E-02    0.6628061E-03   -0.2602909E-02   -0.1555160E-02   -0.5391888E-02    0.1198923E-01    0.4340549E-04    0.4595327E-02
    0.4650423E-07   -0.6942450E-06    0.3543641E-07    0.4106757E-05    0.1354778E-04    0.7461704E-05    0.3175924E-05    0.6967928E-06   -0.4733827E-03    0.4295615E-05    0.3333169E-03   -0.4713710E-02   -0.1818168E-02    0.3358722E-03    0.1123014E-02   -0.4075997E-03    0.1969883E-04   -0.1183960E-03   -0.3046131E-03   -0.2716705E-03    0.3220395E-04    0.8689146E-05    0.5271330E-06    0.3238166E-05   -0.8580644E-06    0.1708903E-05    0.1204836E-05   -0.1552933E-05    0.1449123E-05   -0.8686927E-06   -0.2307978E-05   -0.6028091E-05   -0.2118203E-07   -0.4256933E-07
    0.5688443E-07   -0.7484063E-06    0.7380769E-07    0.2694859E-05   -0.1287410E-04    0.3931949E-05    0.3487242E-05    0.4617136E-06   -0.4845986E-03    0.2776725E-04    0.2176100E-03   -0.3913411E-02   -0.1225265E-02    0.3613411E-03    0.4841164E-03   -0.3027731E-03    0.3236384E-04   -0.4782480E-04   -0.7108238E-04    0.2943248E-04    0.8689146E-05    0.2497140E-04    0.1547598E-05    0.1268718E-04   -0.2374967E-05   -0.4176737E-05    0.7185587E-06    0.2079247E-06   -0.2095177E-05   -0.1685631E-05   -0.4258520E-05   -0.3366663E-05   -0.2740330E-07   -0.2569973E-07
    0.6414898E-07   -0.5797718E-06   -0.9565475E-07    0.4774058E-05   -0.3228380E-04    0.8302208E-05    0.1736975E-05    0.4913765E-06    0.1133923E-02   -0.3591415E-05    0.1295650E-03    0.1676771E-02   -0.3764772E-02   -0.3527909E-02   -0.5371537E-02    0.7906755E-03    0.4884913E-03    0.4193700E-03    0.1407278E-02    0.2002415E-02    0.5271330E-06    0.1547598E-05    0.1068553E-02    0.3918176E-05    0.1782393E-04    0.3442730E-04    0.1237263E-05    0.7187228E-05    0.1144100E-04   -0.5885935E-05   -0.2836286E-04   -0.3789014E-05    0.2409780E-06    0.5465484E-06
    0.7897465E-07   -0.9050220E-06    0.8291019E-07    0.3788568E-05   -0.2058077E-04    0.6960312E-05    0.3947152E-05    0.1051214E-05   -0.5100295E-03    0.8631220E-05    0.2146654E-03   -0.2752116E-02   -0.1892669E-02   -0.4800718E-03    0.3289851E-03   -0.4029412E-03    0.4516368E-04    0.6467803E-04    0.2640714E-03    0.9070138E-03    0.3238166E-05    0.1268718E-04    0.3918176E-05    0.4682460E-04   -0.1589259E-05    0.6855886E-05   -0.1283939E-06   -0.1355559E-05    0.5434543E-05   -0.9168962E-06   -0.1664723E-05   -0.1038061E-04   -0.3794247E-07    0.4136037E-07
    0.6385499E-07   -0.1069260E-06   -0.1032540E-06    0.1272000E-05    0.4436029E-04    0.1363511E-05    0.2910983E-06    0.3043341E-06    0.1909866E-02    0.1083465E-03    0.4924339E-03   -0.1209249E-01    0.7376338E-04    0.4690553E-02    0.2983725E-03   -0.6187523E-03   -0.1697357E-03    0.5768105E-03   -0.1234779E-02   -0.3902677E-02   -0.8580644E-06   -0.2374967E-05    0.1782393E-04   -0.1589259E-05    0.2201488E-02    0.4781071E-04   -0.2742342E-04   -0.1029960E-04    0.4845560E-04    0.2820280E-05   -0.2700106E-04   -0.1112070E-03   -0.4039654E-06   -0.2496203E-07
    0.1930132E-06   -0.2612841E-05    0.3008389E-06    0.1985696E-04    0.2183319E-04    0.3153552E-04    0.7154645E-05    0.9448700E-06    0.1333688E-01    0.9492281E-05    0.1318991E-04   -0.1181136E-02    0.1424868E-01    0.7640546E-02   -0.9971088E-02   -0.3427724E-02    0.2760503E-02   -0.3229047E-03   -0.3416019E-02   -0.1341928E-01    0.1708903E-05   -0.4176737E-05    0.3442730E-04    0.6855886E-05    0.4781071E-04    0.1704769E-01   -0.4538117E-04    0.4717954E-04   -0.1052214E-03    0.1529600E-03   -0.2326023E-04   -0.5325478E-04    0.3813234E-07    0.1724817E-06
   -0.1448878E-07   -0.2694011E-06    0.5777643E-07   -0.5131639E-05   -0.1007256E-03   -0.1089978E-04    0.4751762E-07   -0.1033635E-06   -0.8891758E-03   -0.1442394E-03   -0.3596397E-04    0.3075469E-02   -0.2666877E-02   -0.5322958E-02    0.4242815E-04    0.9234904E-04   -0.7989206E-03    0.6114448E-03    0.1178935E-02    0.1907453E-02    0.1204836E-05    0.7185587E-06    0.1237263E-05   -0.1283939E-06   -0.2742342E-04   -0.4538117E-04    0.1420293E-02    0.2815369E-03    0.6480262E-04   -0.3968307E-03   -0.8573521E-04   -0.1517671E-03   -0.7761668E-07   -0.1111846E-06
   -0.7042435E-07    0.5893605E-06   -0.1056656E-06   -0.8233087E-05   -0.4078662E-04   -0.1379770E-04   -0.1935612E-05    0.5815638E-06    0.1680440E-02   -0.9842400E-04    0.2353504E-03   -0.3214966E-02   -0.1100084E-02   -0.2063602E-02   -0.2083246E-02    0.3548816E-04   -0.2489534E-03   -0.4506458E-03    0.2713736E-03    0.6628061E-03   -0.1552933E-05    0.2079247E-06    0.7187228E-05   -0.1355559E-05   -0.1029960E-04    0.4717954E-04    0.2815369E-03    0.8497645E-03    0.1933197E-04    0.7303316E-03    0.5399283E-04   -0.6602798E-03   -0.2192993E-07    0.5970145E-06
   -0.1521436E-06   -0.6142012E-06   -0.2013582E-06    0.1283057E-04    0.2780049E-03    0.2235427E-04    0.3256725E-05    0.2372183E-06    0.4823313E-02   -0.2237476E-03    0.1229560E-02    0.1634756E-01    0.4946712E-02    0.6824100E-02    0.3395662E-02   -0.3609440E-02   -0.2046069E-03   -0.7539084E-03   -0.2053257E-02   -0.2602909E-02    0.1449123E-05   -0.2095177E-05    0.1144100E-04    0.5434543E-05    0.4845560E-04   -0.1052214E-03    0.6480262E-04    0.1933197E-04    0.7110799E-02   -0.2951596E-03    0.7333043E-03    0.4540850E-02   -0.4876714E-08    0.1225362E-05
   -0.1130548E-06    0.1694083E-05   -0.1698978E-06   -0.2423594E-04   -0.1215198E-03   -0.4005714E-04   -0.2704709E-05    0.2431822E-05    0.4718561E-02   -0.6319166E-05   -0.8714175E-03    0.2070849E-01    0.2607310E-02   -0.1141862E-02   -0.4313932E-02    0.2449824E-03   -0.4881862E-03   -0.1392803E-02   -0.2138744E-02   -0.1555160E-02   -0.8686927E-06   -0.1685631E-05   -0.5885935E-05   -0.9168962E-06    0.2820280E-05    0.1529600E-03   -0.3968307E-03    0.7303316E-03   -0.2951596E-03    0.2882297E-02    0.4720027E-03   -0.8978174E-03    0.1210598E-06    0.1469914E-05
   -0.5193047E-06    0.2640886E-05   -0.4328622E-06    0.2140002E-05    0.1933241E-03    0.5304684E-05   -0.5249060E-05   -0.1148594E-05   -0.7789089E-03   -0.9136954E-04   -0.1501176E-03    0.1837530E-01    0.1001780E-01    0.4957805E-02    0.6509175E-02   -0.5612437E-03    0.1469618E-02   -0.4364420E-03   -0.2933422E-02   -0.5391888E-02   -0.2307978E-05   -0.4258520E-05   -0.2836286E-04   -0.1664723E-05   -0.2700106E-04   -0.2326023E-04   -0.8573521E-04    0.5399283E-04    0.7333043E-03    0.4720027E-03    0.6590460E-02    0.7844980E-02   -0.2895051E-08   -0.7022759E-06
   -0.2786534E-05    0.1579980E-04   -0.2754451E-05   -0.3380185E-04    0.1192487E-02   -0.1747651E-04   -0.2861794E-04    0.1357023E-04   -0.1011381E-01   -0.5825612E-03   -0.2424008E-02    0.1006461E+00    0.4166020E-01    0.1297130E-01    0.4052442E-01   -0.1128531E-02    0.2630575E-02   -0.1048123E-02    0.7427825E-02    0.1198923E-01   -0.6028091E-05   -0.3366663E-05   -0.3789014E-05   -0.1038061E-04   -0.1112070E-03   -0.5325478E-04   -0.1517671E-03   -0.6602798E-03    0.4540850E-02   -0.8978174E-03    0.7844980E-02    0.6482463E-01   -0.1788444E-05   -0.4550008E-05
    0.3198450E-08    0.1204557E-07   -0.2521083E-08   -0.9961260E-07   -0.2307141E-06    0.3811487E-07   -0.1827217E-06   -0.1820658E-07   -0.3558183E-03    0.1101224E-04    0.1746494E-03    0.6352649E-02    0.1796213E-03    0.8575763E-03    0.8236707E-03   -0.1184739E-03    0.3022305E-03   -0.2908937E-03   -0.4338310E-04    0.4340549E-04   -0.2118203E-07   -0.2740330E-07    0.2409780E-06   -0.3794247E-07   -0.4039654E-06    0.3813234E-07   -0.7761668E-07   -0.2192993E-07   -0.4876714E-08    0.1210598E-06   -0.2895051E-08   -0.1788444E-05    0.6095482E-06   -0.2724387E-07
   -0.1405231E-07    0.5908082E-07   -0.1101414E-07   -0.7397480E-06    0.1042241E-04   -0.1510246E-05   -0.4871339E-06   -0.1336296E-07    0.4400290E-02   -0.2302989E-04   -0.3332933E-03    0.3762695E-02    0.7366699E-04   -0.2651343E-02   -0.7713582E-02    0.1449475E-03   -0.1238100E-04   -0.1985437E-03    0.2563492E-02    0.4595327E-02   -0.4256933E-07   -0.2569973E-07    0.5465484E-06    0.4136037E-07   -0.2496203E-07    0.1724817E-06   -0.1111846E-06    0.5970145E-06    0.1225362E-05    0.1469914E-05   -0.7022759E-06   -0.4550008E-05   -0.2724387E-07    0.2102365E-05
