# omegabh2 omegach2 theta tau Alens logA ns calPlanck acib217 xi asz143 aps100 aps143 aps143217 aps217 aksz kgal100 kgal143 kgal143217 kgal217 cal0 cal2
  8.4022005E-08  -4.8886462E-07   8.8035838E-08   2.6448836E-07   1.8113808E-05  -4.3797556E-07   1.4652748E-06  -1.3726162E-09  -3.3828018E-04   6.9018394E-06   6.6565839E-05  -1.5477184E-03  -1.0362875E-03  -4.6652797E-04  -1.4955995E-04  -9.8433654E-05   3.1889805E-06  -2.1416566E-05  -3.7325749E-05   5.2838155E-05   2.3412825E-09  -9.4456533E-09
 -4.8886462E-07   6.1468979E-06  -7.2715475E-07  -2.7448076E-06  -1.5000657E-04   8.3858821E-06  -1.5440883E-05  -5.0626158E-08   1.6162584E-03  -2.7329709E-05  -3.1585451E-04   7.4762756E-03   5.5563491E-03   2.9063069E-03   1.1602251E-03   5.0270168E-04  -5.3669558E-05   8.3082108E-05   1.9443430E-04  -1.7553702E-04  -4.3296074E-08   5.3030586E-08
  8.8035838E-08  -7.2715475E-07   2.8069060E-07   3.7793174E-07   2.2312884E-05  -6.7233020E-07   2.1957074E-06  -4.9253355E-09  -3.0813630E-04   5.1931148E-06   6.1445211E-05  -1.2652753E-03  -8.9514657E-04  -4.0212410E-04  -1.3158515E-04  -7.8123475E-05   8.6066895E-06  -1.7157443E-05  -1.7837859E-05   7.9975836E-05   6.5712690E-09  -7.3891316E-09
  2.6448836E-07  -2.7448076E-06   3.7793174E-07   3.6594077E-05  -5.0942230E-06   6.6304551E-05   8.3397070E-06  -2.1175424E-07  -1.7688127E-03   1.2418470E-05   2.6939807E-04  -5.9035463E-03  -4.1295378E-03  -1.6692732E-03  -1.2690626E-04  -4.7803785E-04   1.1971885E-04   5.5511161E-05   1.1941486E-05   8.4932689E-04   3.8531398E-09  -2.3018895E-08
  1.8113808E-05  -1.5000657E-04   2.2312884E-05  -5.0942230E-06   9.0628161E-03  -3.5849215E-04   4.3150172E-04  -1.5094904E-05  -9.6564393E-02   2.0573787E-03   1.5958912E-02  -4.4364880E-01  -2.6896829E-01  -1.1661742E-01  -3.0178720E-02  -2.9377262E-02   3.5478690E-04  -7.7104828E-03  -1.3986387E-02   8.5992370E-03   4.1675527E-08  -2.8895163E-06
 -4.3797556E-07   8.3858821E-06  -6.7233020E-07   6.6304551E-05  -3.5849215E-04   1.7834213E-04  -1.9665929E-05   1.1676951E-05  -1.7346338E-04   1.4673578E-05  -1.9265743E-04   6.8438790E-03   5.3840672E-03   5.5663813E-03   7.6098479E-03  -5.3548984E-04  -2.0962802E-04  -2.9318217E-04   5.2785073E-05   2.8563707E-03   7.1665681E-08   2.9109886E-08
  1.4652748E-06  -1.5440883E-05   2.1957074E-06   8.3397070E-06   4.3150172E-04  -1.9665929E-05   5.0508818E-05   6.5776315E-08  -9.1921642E-03   1.8305847E-04   1.6332938E-03  -4.5376424E-02  -2.3114961E-02  -7.7859880E-03   7.7362510E-04  -3.1494673E-03   5.5684033E-04  -6.1378584E-04  -1.0584444E-03   1.5834070E-03  -1.2181431E-08  -2.4021527E-07
 -1.3726162E-09  -5.0626158E-08  -4.9253355E-09  -2.1175424E-07  -1.5094904E-05   1.1676951E-05   6.5776315E-08   6.1336882E-06   8.7210005E-04  -3.4938778E-06   5.4087366E-06   3.5212136E-03   9.4101452E-04   5.4151761E-04   1.1384680E-03   5.2329334E-06   1.9157163E-05   3.7001619E-05   1.0259320E-04   8.1804834E-04  -1.4207558E-10  -1.4217218E-08
 -3.3828018E-04   1.6162584E-03  -3.0813630E-04  -1.7688127E-03  -9.6564393E-02  -1.7346338E-04  -9.1921642E-03   8.7210005E-04   4.5266410E+01  -3.8222220E-01  -1.1293046E+00   4.1538051E+01   6.7181318E+00  -9.7536203E+00  -5.3555483E+01   2.9135746E-01   6.3941608E-03   7.5843406E-01  -5.4948225E+00  -3.3169577E+01  -2.4420906E-04   7.5399611E-04
  6.9018394E-06  -2.7329709E-05   5.1931148E-06   1.2418470E-05   2.0573787E-03   1.4673578E-05   1.8305847E-04  -3.4938778E-06  -3.8222220E-01   7.9464874E-02  -2.1445177E-02  -8.0951465E-01   7.9050008E-01   1.6206369E+00   5.8070528E-01   2.1337990E-02  -5.1408296E-03   7.0433410E-03   1.1260033E-01   1.3769396E-01   3.9859229E-06  -3.7673361E-06
  6.6565839E-05  -3.1585451E-04   6.1445211E-05   2.6939807E-04   1.5958912E-02  -1.9265743E-04   1.6332938E-03   5.4087366E-06  -1.1293046E+00  -2.1445177E-02   3.6703255E+00  -3.0554959E+01  -4.4931907E+00   6.4929407E+00   4.3343561E+00  -2.1858386E+00  -2.0405536E-01   1.6316659E-01   2.4647909E+00   3.1435736E+00   1.0051466E-04  -4.0692414E-05
 -1.5477184E-03   7.4762756E-03  -1.2652753E-03  -5.9035463E-03  -4.4364880E-01   6.8438790E-03  -4.5376424E-02   3.5212136E-03   4.1538051E+01  -8.0951465E-01  -3.0554959E+01   8.1144418E+02   8.9105386E+01  -4.3600996E+01  -5.3482837E+01   1.3088182E+01  -6.9079190E+00   5.9283315E+00  -1.1366181E+01  -2.4275005E+01   3.7666126E-03   7.7639708E-04
 -1.0362875E-03   5.5563491E-03  -8.9514657E-04  -4.1295378E-03  -2.6896829E-01   5.3840672E-03  -2.3114961E-02   9.4101452E-04   6.7181318E+00   7.9050008E-01  -4.4931907E+00   8.9105386E+01   7.0367553E+01   4.1375753E+01   1.3019430E+01  -2.6037802E+00  -3.7162357E-01  -1.0630967E+00   3.2155361E+00   2.3399675E+00   7.3388473E-05   2.1057830E-04
 -4.6652797E-04   2.9063069E-03  -4.0212410E-04  -1.6692732E-03  -1.1661742E-01   5.5663813E-03  -7.7859880E-03   5.4151761E-04  -9.7536203E+00   1.6206369E+00   6.4929407E+00  -4.3600996E+01   4.1375753E+01   8.1230227E+01   4.7313422E+01  -8.7978458E+00  -7.5364784E-01  -6.0204351E-01   4.1150503E+00   5.8521748E+00   3.9268378E-04  -3.4100958E-04
 -1.4955995E-04   1.1602251E-03  -1.3158515E-04  -1.2690626E-04  -3.0178720E-02   7.6098479E-03   7.7362510E-04   1.1384680E-03  -5.3555483E+01   5.8070528E-01   4.3343561E+00  -5.3482837E+01   1.3019430E+01   4.7313422E+01   9.8897776E+01  -7.0345650E+00  -3.3499756E-01  -1.3591260E+00   4.4638061E+00   3.1786434E+01   4.9615205E-04  -1.3461038E-03
 -9.8433654E-05   5.0270168E-04  -7.8123475E-05  -4.7803785E-04  -2.9377262E-02  -5.3548984E-04  -3.1494673E-03   5.2329334E-06   2.9135746E-01   2.1337990E-02  -2.1858386E+00   1.3088182E+01  -2.6037802E+00  -8.7978458E+00  -7.0345650E+00   4.6692532E+00   7.2984247E-02  -1.4581749E-01  -1.5939272E+00  -1.8355879E+00  -6.1633564E-05   2.8191224E-05
  3.1889805E-06  -5.3669558E-05   8.6066895E-06   1.1971885E-04   3.5478690E-04  -2.0962802E-04   5.5684033E-04   1.9157163E-05   6.3941608E-03  -5.1408296E-03  -2.0405536E-01  -6.9079190E+00  -3.7162357E-01  -7.5364784E-01  -3.3499756E-01   7.2984247E-02   3.3589957E+00   5.2398012E-01   1.6267612E-01   1.5795732E-01   1.7189155E-04  -9.4388945E-06
 -2.1416566E-05   8.3082108E-05  -1.7157443E-05   5.5511161E-05  -7.7104828E-03  -2.9318217E-04  -6.1378584E-04   3.7001619E-05   7.5843406E-01   7.0433410E-03   1.6316659E-01   5.9283315E+00  -1.0630967E+00  -6.0204351E-01  -1.3591260E+00  -1.4581749E-01   5.2398012E-01   3.1597350E+00   2.7049850E+00   2.5869050E+00  -1.8392686E-04  -3.7323383E-05
 -3.7325749E-05   1.9443430E-04  -1.7837859E-05   1.1941486E-05  -1.3986387E-02   5.2785073E-05  -1.0584444E-03   1.0259320E-04  -5.4948225E+00   1.1260033E-01   2.4647909E+00  -1.1366181E+01   3.2155361E+00   4.1150503E+00   4.4638061E+00  -1.5939272E+00   1.6267612E-01   2.7049850E+00   1.0740292E+01   1.9080234E+01  -2.9238540E-05   4.1255393E-04
  5.2838155E-05  -1.7553702E-04   7.9975836E-05   8.4932689E-04   8.5992370E-03   2.8563707E-03   1.5834070E-03   8.1804834E-04  -3.3169577E+01   1.3769396E-01   3.1435736E+00  -2.4275005E+01   2.3399675E+00   5.8521748E+00   3.1786434E+01  -1.8355879E+00   1.5795732E-01   2.5869050E+00   1.9080234E+01   5.3375459E+01   7.5972062E-05   9.1793862E-04
  2.3412825E-09  -4.3296074E-08   6.5712690E-09   3.8531398E-09   4.1675527E-08   7.1665681E-08  -1.2181431E-08  -1.4207558E-10  -2.4420906E-04   3.9859229E-06   1.0051466E-04   3.7666126E-03   7.3388473E-05   3.9268378E-04   4.9615205E-04  -6.1633564E-05   1.7189155E-04  -1.8392686E-04  -2.9238540E-05   7.5972062E-05   3.7808432E-07  -8.8678731E-10
 -9.4456533E-09   5.3030586E-08  -7.3891316E-09  -2.3018895E-08  -2.8895163E-06   2.9109886E-08  -2.4021527E-07  -1.4217218E-08   7.5399611E-04  -3.7673361E-06  -4.0692414E-05   7.7639708E-04   2.1057830E-04  -3.4100958E-04  -1.3461038E-03   2.8191224E-05  -9.4388945E-06  -3.7323383E-05   4.1255393E-04   9.1793862E-04  -8.8678731E-10   3.9267716E-07
