# omegabh2 omegach2 theta mnu logA ns
  2.4312074E-07   2.0964398E-07  -5.3685021E-09  -4.3742393E-06  -1.2625243E-06  -1.3871342E-07
  2.0964398E-07   1.2313290E-05   2.0338586E-07  -5.5473197E-04  -2.8189994E-04  -2.7222411E-05
 -5.3685021E-09   2.0338586E-07   3.7996212E-07   3.8474989E-06  -1.2345790E-06  -1.6309009E-07
 -4.3742393E-06  -5.5473197E-04   3.8474989E-06   3.1906776E-02   1.4210873E-02   1.3686383E-03
 -1.2625243E-06  -2.8189994E-04  -1.2345790E-06   1.4210873E-02   7.5656628E-03   8.7697696E-04
 -1.3871342E-07  -2.7222411E-05  -1.6309009E-07   1.3686383E-03   8.7697696E-04   3.8329723E-04
