# omegabh2 omegach2 theta tau Alens logA ns calPlanck acib217 xi asz143 aps100 aps143 aps143217 aps217 aksz kgal100 kgal143 kgal143217 kgal217 galfTE100 galfTE100143 galfTE100217 galfTE143 galfTE143217 galfTE217 cal0 cal2
  3.0055254E-08  -1.8187083E-07   2.5357630E-08   9.8028385E-08   5.5957593E-06  -1.4253076E-07   4.8652163E-07  -4.5623332E-09  -1.2147005E-04   2.7850018E-06   1.7211877E-05  -6.0724659E-04  -3.7005407E-04  -1.6010521E-04  -3.9486011E-05  -3.8543419E-05   1.0160702E-06  -2.0242138E-05  -3.6563094E-05  -1.0543637E-05  -1.2961621E-08   9.5670274E-08   1.9951390E-07  -3.4024518E-07  -4.4907515E-07  -2.7109789E-06   4.1063804E-09  -2.3720275E-09
 -1.8187083E-07   2.4352440E-06  -2.2839880E-07  -9.6832878E-07  -5.2334682E-05   3.8304901E-06  -6.0184448E-06   5.5678700E-08   5.7829699E-04  -1.2301806E-05  -1.0066444E-04   3.6910887E-03   2.2079615E-03   1.2214896E-03   5.6498798E-04   1.7065844E-04  -1.5676825E-05   8.3244130E-05   1.4286027E-04   4.2474915E-05  -1.6495654E-07  -5.5991026E-07  -5.2263102E-07   3.4661188E-06   2.5423020E-06   1.9802989E-05  -1.4859717E-09   1.8901688E-08
  2.5357630E-08  -2.2839880E-07   1.0491711E-07   1.0292556E-07   5.8730104E-06  -2.4826338E-07   6.9037649E-07  -7.0034954E-09  -4.5559481E-05   1.3076384E-06   2.0111016E-06  -3.5072087E-04  -2.2489131E-04  -1.3144887E-04  -6.0909568E-05  -1.6668000E-05   8.4387758E-06  -1.1360601E-05  -3.9454283E-05  -6.6072494E-05  -3.7963157E-09   9.1973586E-08   8.9435067E-08  -4.5352533E-07  -4.9965137E-07  -2.4603318E-06   2.4552168E-09  -6.2462738E-09
  9.8028385E-08  -9.6832878E-07   1.0292556E-07   3.4110952E-05  -4.3097436E-05   6.5296882E-05   3.2741277E-06  -2.8482123E-07  -4.7492668E-04   3.0188356E-05   6.0422612E-05  -1.6479169E-03  -1.6581297E-03  -1.1118404E-04  -1.9606660E-04  -1.8620541E-04   1.9987355E-05   1.1078979E-04  -2.2484465E-04  -3.7405031E-04   3.2361664E-06   3.1722268E-06   6.6313732E-06  -3.8964727E-06   4.5119526E-06   2.5494994E-05   3.6510376E-08  -7.9372297E-09
  5.5957593E-06  -5.2334682E-05   5.8730104E-06  -4.3097436E-05   4.0475953E-03  -2.2799570E-04   1.4765438E-04  -1.6903437E-05  -4.9650382E-02   1.1429551E-03   4.0504419E-03  -2.2014954E-01  -9.7488401E-02  -3.4401636E-02   1.1708547E-02  -1.5430103E-02  -2.0462404E-03  -8.4288643E-03  -1.0419889E-02  -2.9513414E-04   3.8523401E-05   1.6721582E-05   4.3734198E-06  -7.5839952E-05  -1.7843937E-04  -7.9949989E-04   1.3952645E-07  -1.2594914E-06
 -1.4253076E-07   3.8304901E-06  -2.4826338E-07   6.5296882E-05  -2.2799570E-04   1.6562989E-04  -8.9851225E-06   1.1497603E-05   1.9181178E-04   6.8296922E-05  -2.8038466E-04   9.3551787E-03   2.4258309E-03   4.3639354E-03   5.9583129E-03  -4.3120957E-04  -3.3116953E-04  -3.1678612E-04  -1.0604253E-03   1.4975925E-05   9.0277416E-06   3.9059150E-06   1.7567986E-05  -1.1324563E-06   1.3332451E-05   1.1406831E-04   2.9487698E-07  -4.0078960E-08
  4.8652163E-07  -6.0184448E-06   6.9037649E-07   3.2741277E-06   1.4765438E-04  -8.9851225E-06   2.3489589E-05  -1.3890286E-07  -5.0268436E-03   1.1857175E-04   7.3434946E-04  -2.7882866E-02  -1.1184538E-02  -2.4321667E-03   2.3935230E-03  -1.8257493E-03   4.0354174E-04  -5.5867943E-04  -1.0758297E-03   1.6785125E-04  -1.4986230E-07   2.7595289E-06   7.8747349E-06  -6.1161817E-06  -2.0688146E-06  -4.5768721E-05  -7.7338276E-08  -1.1931785E-07
 -4.5623332E-09   5.5678700E-08  -7.0034954E-09  -2.8482123E-07  -1.6903437E-05   1.1497603E-05  -1.3890286E-07   5.9454536E-06   7.8744762E-04  -1.1043217E-05  -2.9891406E-05   4.4061786E-03   5.1295711E-04   2.0890993E-04   1.1477587E-03   8.0117304E-05   1.7038516E-05  -5.2029995E-06  -7.3910790E-05   5.4222772E-04   1.3259242E-06  -6.9165898E-07   2.6975216E-06  -4.6854058E-07  -1.2842698E-07   9.0064893E-06   3.5787282E-08  -2.1790336E-08
 -1.2147005E-04   5.7829699E-04  -4.5559481E-05  -4.7492668E-04  -4.9650382E-02   1.9181178E-04  -5.0268436E-03   7.8744762E-04   4.3437718E+01  -3.6297037E-01  -8.2424099E-01   3.3136095E+01   3.4144286E+00  -1.1109521E+01  -5.3134458E+01  -1.4623722E-02   3.0885137E-01   5.7093678E-01  -5.5124015E+00  -3.2369519E+01   3.2899437E-04  -1.3093521E-03  -5.9969327E-03  -5.2016449E-03  -1.1088728E-02   1.4383726E-02  -2.4946205E-04   6.3868856E-04
  2.7850018E-06  -1.2301806E-05   1.3076384E-06   3.0188356E-05   1.1429551E-03   6.8296922E-05   1.1857175E-04  -1.1043217E-05  -3.6297037E-01   7.8134585E-02  -2.3551878E-02  -6.7687024E-01   8.6503786E-01   1.6792131E+00   6.2125466E-01   1.6234131E-02  -1.9136014E-02   1.0332698E-02   1.1249796E-01   1.2363546E-01   3.8118896E-05   1.4040783E-05   1.1800922E-04  -3.2732829E-07  -1.3150406E-04  -5.4015269E-04   5.7189634E-06  -6.9682222E-07
  1.7211877E-05  -1.0066444E-04   2.0111016E-06   6.0422612E-05   4.0504419E-03  -2.8038466E-04   7.3434946E-04  -2.9891406E-05  -8.2424099E-01  -2.3551878E-02   3.4442515E+00  -2.7651875E+01  -3.6112501E+00   6.3082665E+00   4.0337263E+00  -1.9483712E+00  -1.6878947E-01   1.7282011E-01   2.3945280E+00   2.9393624E+00  -3.5284993E-04  -2.3602479E-04   1.3431656E-03  -2.3356284E-03   2.9877428E-03  -1.6090613E-03   8.4603104E-05  -3.5965053E-05
 -6.0724659E-04   3.6910887E-03  -3.5072087E-04  -1.6479169E-03  -2.2014954E-01   9.3551787E-03  -2.7882866E-02   4.4061786E-03   3.3136095E+01  -6.7687024E-01  -2.7651875E+01   7.6412318E+02   7.4882240E+01  -4.4379174E+01  -4.8078823E+01   1.0324901E+01  -6.3212929E+00   5.7739520E+00  -9.7431651E+00  -1.9818197E+01   7.7115170E-03   3.8206281E-04  -1.4576847E-02   1.5595184E-02  -3.3360540E-02  -2.0418429E-02   3.7858541E-03   3.4489258E-04
 -3.7005407E-04   2.2079615E-03  -2.2489131E-04  -1.6581297E-03  -9.7488401E-02   2.4258309E-03  -1.1184538E-02   5.1295711E-04   3.4144286E+00   8.6503786E-01  -3.6112501E+00   7.4882240E+01   6.1800815E+01   3.8468599E+01   1.2706865E+01  -3.6468438E+00  -7.0788693E-01  -1.1743654E+00   3.0981536E+00   2.9334711E+00  -3.2872888E-03  -1.2770345E-03  -1.6983058E-03   8.3544989E-03   3.6920900E-03   3.4012955E-02   5.6711717E-05   1.6484567E-04
 -1.6010521E-04   1.2214896E-03  -1.3144887E-04  -1.1118404E-04  -3.4401636E-02   4.3639354E-03  -2.4321667E-03   2.0890993E-04  -1.1109521E+01   1.6792131E+00   6.3082665E+00  -4.4379174E+01   3.8468599E+01   7.9005274E+01   4.6509781E+01  -8.7925746E+00  -1.1182225E+00  -6.3996959E-01   3.8916530E+00   5.5949075E+00  -2.2633920E-03  -1.4300066E-03   6.6401575E-03   3.5238271E-04   1.2243945E-02   1.5760248E-02   3.5651498E-04  -3.0608409E-04
 -3.9486011E-05   5.6498798E-04  -6.0909568E-05  -1.9606660E-04   1.1708547E-02   5.9583129E-03   2.3935230E-03   1.1477587E-03  -5.3134458E+01   6.2125466E-01   4.0337263E+00  -4.8078823E+01   1.2706865E+01   4.6509781E+01   9.7620642E+01  -6.7926275E+00  -8.5495894E-01  -1.3408378E+00   4.2326411E+00   3.0920608E+01  -2.6193613E-03  -1.2504919E-03   1.1337641E-02   6.9237615E-03   2.9462454E-02   1.7361431E-02   4.6615004E-04  -1.2246040E-03
 -3.8543419E-05   1.7065844E-04  -1.6668000E-05  -1.8620541E-04  -1.5430103E-02  -4.3120957E-04  -1.8257493E-03   8.0117304E-05  -1.4623722E-02   1.6234131E-02  -1.9483712E+00   1.0324901E+01  -3.6468438E+00  -8.7925746E+00  -6.7926275E+00   4.2846339E+00   6.8217642E-02  -1.0349451E-01  -1.4393333E+00  -1.5198425E+00   9.6803782E-04  -8.1500015E-05  -3.1176800E-03   7.7988947E-04  -4.4728164E-03  -5.1077245E-03  -4.6855340E-05   6.3370024E-06
  1.0160702E-06  -1.5676825E-05   8.4387758E-06   1.9987355E-05  -2.0462404E-03  -3.3116953E-04   4.0354174E-04   1.7038516E-05   3.0885137E-01  -1.9136014E-02  -1.6878947E-01  -6.3212929E+00  -7.0788693E-01  -1.1182225E+00  -8.5495894E-01   6.8217642E-02   3.4035497E+00   5.7691339E-01   2.1730091E-01   2.0713668E-01  -1.0469583E-03  -2.8626378E-04   2.6602062E-03  -1.2274400E-03   5.9089697E-04   6.5440948E-04   1.7789408E-04   1.9757343E-05
 -2.0242138E-05   8.3244130E-05  -1.1360601E-05   1.1078979E-04  -8.4288643E-03  -3.1678612E-04  -5.5867943E-04  -5.2029995E-06   5.7093678E-01   1.0332698E-02   1.7282011E-01   5.7739520E+00  -1.1743654E+00  -6.3996959E-01  -1.3408378E+00  -1.0349451E-01   5.7691339E-01   3.2290120E+00   2.8271392E+00   2.9155778E+00  -9.9119193E-04  -3.8894457E-04  -5.0387798E-05  -1.1692341E-03  -8.7664696E-04   1.3737984E-03  -1.8656729E-04  -2.9461041E-05
 -3.6563094E-05   1.4286027E-04  -3.9454283E-05  -2.2484465E-04  -1.0419889E-02  -1.0604253E-03  -1.0758297E-03  -7.3910790E-05  -5.5124015E+00   1.1249796E-01   2.3945280E+00  -9.7431651E+00   3.0981536E+00   3.8916530E+00   4.2326411E+00  -1.4393333E+00   2.1730091E-01   2.8271392E+00   1.0665924E+01   1.8990144E+01  -1.3333589E-03  -1.3032159E-04   5.1146451E-04  -1.6205437E-03   1.2413488E-03   5.0996731E-03  -3.5269977E-05   4.3785670E-04
 -1.0543637E-05   4.2474915E-05  -6.6072494E-05  -3.7405031E-04  -2.9513414E-04   1.4975925E-05   1.6785125E-04   5.4222772E-04  -3.2369519E+01   1.2363546E-01   2.9393624E+00  -1.9818197E+01   2.9334711E+00   5.5949075E+00   3.0920608E+01  -1.5198425E+00   2.0713668E-01   2.9155778E+00   1.8990144E+01   5.2790201E+01  -1.2731178E-03   1.5359185E-03   1.0614112E-03   3.0271949E-03   4.3955826E-03   7.2521172E-04   7.4587521E-05   1.0064648E-03
 -1.2961621E-08  -1.6495654E-07  -3.7963157E-09   3.2361664E-06   3.8523401E-05   9.0277416E-06  -1.4986230E-07   1.3259242E-06   3.2899437E-04   3.8118896E-05  -3.5284993E-04   7.7115170E-03  -3.2872888E-03  -2.2633920E-03  -2.6193613E-03   9.6803782E-04  -1.0469583E-03  -9.9119193E-04  -1.3333589E-03  -1.2731178E-03   1.4705996E-03   2.7932862E-04   1.2138178E-04  -3.7847176E-04  -4.2677570E-05   2.3371075E-05   2.1595078E-07   1.2726101E-07
  9.5670274E-08  -5.5991026E-07   9.1973586E-08   3.1722268E-06   1.6721582E-05   3.9059150E-06   2.7595289E-06  -6.9165898E-07  -1.3093521E-03   1.4040783E-05  -2.3602479E-04   3.8206281E-04  -1.2770345E-03  -1.4300066E-03  -1.2504919E-03  -8.1500015E-05  -2.8626378E-04  -3.8894457E-04  -1.3032159E-04   1.5359185E-03   2.7932862E-04   9.0056517E-04   6.1936823E-05   7.5455425E-04   5.5982742E-05  -6.5553694E-04   5.3484202E-08   2.6934601E-07
  1.9951390E-07  -5.2263102E-07   8.9435067E-08   6.6313732E-06   4.3734198E-06   1.7567986E-05   7.8747349E-06   2.6975216E-06  -5.9969327E-03   1.1800922E-04   1.3431656E-03  -1.4576847E-02  -1.6983058E-03   6.6401575E-03   1.1337641E-02  -3.1176800E-03   2.6602062E-03  -5.0387798E-05   5.1146451E-04   1.0614112E-03   1.2138178E-04   6.1936823E-05   7.3616942E-03  -3.0574457E-04   5.5291804E-04   4.4573969E-03   6.2774907E-07  -7.4359541E-08
 -3.4024518E-07   3.4661188E-06  -4.5352533E-07  -3.8964727E-06  -7.5839952E-05  -1.1324563E-06  -6.1161817E-06  -4.6854058E-07  -5.2016449E-03  -3.2732829E-07  -2.3356284E-03   1.5595184E-02   8.3544989E-03   3.5238271E-04   6.9237615E-03   7.7988947E-04  -1.2274400E-03  -1.1692341E-03  -1.6205437E-03   3.0271949E-03  -3.7847176E-04   7.5455425E-04  -3.0574457E-04   2.8766948E-03   5.2522174E-04  -8.7191931E-04   4.7046230E-09   7.0585392E-08
 -4.4907515E-07   2.5423020E-06  -4.9965137E-07   4.5119526E-06  -1.7843937E-04   1.3332451E-05  -2.0688146E-06  -1.2842698E-07  -1.1088728E-02  -1.3150406E-04   2.9877428E-03  -3.3360540E-02   3.6920900E-03   1.2243945E-02   2.9462454E-02  -4.4728164E-03   5.9089697E-04  -8.7664696E-04   1.2413488E-03   4.3955826E-03  -4.2677570E-05   5.5982742E-05   5.5291804E-04   5.2522174E-04   6.4447401E-03   7.6942494E-03  -1.0383156E-07  -1.9395162E-07
 -2.7109789E-06   1.9802989E-05  -2.4603318E-06   2.5494994E-05  -7.9949989E-04   1.1406831E-04  -4.5768721E-05   9.0064893E-06   1.4383726E-02  -5.4015269E-04  -1.6090613E-03  -2.0418429E-02   3.4012955E-02   1.5760248E-02   1.7361431E-02  -5.1077245E-03   6.5440948E-04   1.3737984E-03   5.0996731E-03   7.2521172E-04   2.3371075E-05  -6.5553694E-04   4.4573969E-03  -8.7191931E-04   7.6942494E-03   7.0957592E-02  -1.0947877E-06   3.4893370E-07
  4.1063804E-09  -1.4859717E-09   2.4552168E-09   3.6510376E-08   1.3952645E-07   2.9487698E-07  -7.7338276E-08   3.5787282E-08  -2.4946205E-04   5.7189634E-06   8.4603104E-05   3.7858541E-03   5.6711717E-05   3.5651498E-04   4.6615004E-04  -4.6855340E-05   1.7789408E-04  -1.8656729E-04  -3.5269977E-05   7.4587521E-05   2.1595078E-07   5.3484202E-08   6.2774907E-07   4.7046230E-09  -1.0383156E-07  -1.0947877E-06   3.7245091E-07   1.5069710E-10
 -2.3720275E-09   1.8901688E-08  -6.2462738E-09  -7.9372297E-09  -1.2594914E-06  -4.0078960E-08  -1.1931785E-07  -2.1790336E-08   6.3868856E-04  -6.9682222E-07  -3.5965053E-05   3.4489258E-04   1.6484567E-04  -3.0608409E-04  -1.2246040E-03   6.3370024E-06   1.9757343E-05  -2.9461041E-05   4.3785670E-04   1.0064648E-03   1.2726101E-07   2.6934601E-07  -7.4359541E-08   7.0585392E-08  -1.9395162E-07   3.4893370E-07   1.5069710E-10   3.9200761E-07
