# omegabh2 omegach2 theta tau nnu logA ns calPlanck acib217 xi asz143 aps100 aps143 aps143217 aps217 aksz kgal100 kgal143 kgal143217 kgal217 cal0 cal2
  5.0922364E-08   3.5702191E-07  -2.1611902E-08   2.1676855E-07   2.5354627E-05   1.4868346E-06   1.0406725E-06   1.5344030E-08  -3.0830569E-05  -1.3670277E-06   1.1475811E-05  -9.9285696E-05  -1.4325679E-04  -7.4953931E-05  -9.1740622E-06   5.6829750E-06   1.1538625E-05   6.6314724E-06  -7.1543082E-06   3.9195849E-06  -8.1503408E-10  -2.8550786E-09
  3.5702191E-07   1.2953494E-05  -1.2398449E-06  -3.0903184E-06   7.4641310E-04   2.5557813E-05   2.1314295E-05  -4.9044652E-07   3.5837403E-03  -7.2311468E-05  -8.6119372E-04   1.9270483E-02   1.0090912E-02   3.5955921E-03   2.2365647E-04   1.7671848E-03   9.1587264E-05   3.3883685E-04   2.9555731E-04  -7.4985953E-04  -7.8053575E-09   6.8270399E-08
 -2.1611902E-08  -1.2398449E-06   2.9537405E-07   3.4959446E-07  -7.6061868E-05  -2.1507740E-06  -2.1017451E-06   5.5465082E-08  -3.6227630E-04   7.9491016E-06   7.4294797E-05  -1.7388703E-03  -9.8588678E-04  -3.6411183E-04  -6.3766842E-05  -1.7812401E-04  -5.0488668E-06  -2.9584901E-05  -3.1411248E-05   1.1033481E-04   2.5275633E-09  -3.2225787E-09
  2.1676855E-07  -3.0903184E-06   3.4959446E-07   4.6994476E-05  -4.1507376E-05   8.4252787E-05   7.1011052E-06  -8.4247324E-07  -1.8661828E-03   1.7260305E-05   1.5713340E-04  -7.0186422E-03  -4.7625874E-03  -2.1223218E-03  -4.6779999E-04  -6.2440567E-04   2.0905859E-04  -1.0900523E-04  -5.0208397E-04   6.1939261E-05  -1.8096649E-07  -5.8701618E-08
  2.5354627E-05   7.4641310E-04  -7.6061868E-05  -4.1507376E-05   4.7126614E-02   1.7810701E-03   1.5010940E-03  -1.7643145E-05   2.1389843E-01  -4.2379234E-03  -5.2714587E-02   1.1462996E+00   6.0393734E-01   2.1877388E-01   2.5418558E-02   1.0854702E-01   5.1819605E-03   2.0980100E-02   1.5015818E-02  -5.1113513E-02  -3.6401960E-07   3.4460956E-06
  1.4868346E-06   2.5557813E-05  -2.1507740E-06   8.4252787E-05   1.7810701E-03   2.5486840E-04   6.7398776E-05   9.1905729E-06   4.8302596E-03  -9.4037025E-05  -1.5668088E-03   3.3308917E-02   1.5170975E-02   6.9290329E-03   5.0452078E-03   2.5041024E-03   2.3114572E-04   1.1673325E-04  -6.4803120E-04  -3.3088776E-04  -2.5987079E-07   9.5229590E-09
  1.0406725E-06   2.1314295E-05  -2.1017451E-06   7.1011052E-06   1.5010940E-03   6.7398776E-05   6.3963439E-05   6.0207355E-08   2.1337257E-03  -5.4036767E-05  -5.5570357E-04   1.1435428E-02   1.2172780E-02   8.9357688E-03   6.6528821E-03   6.8789396E-04   5.7731391E-04   3.7713377E-04   7.2289399E-05  -3.3821550E-04  -1.2054016E-07  -1.1609735E-08
  1.5344030E-08  -4.9044652E-07   5.5465082E-08  -8.4247324E-07  -1.7643145E-05   9.1905729E-06   6.0207355E-08   6.0336794E-06   4.8307475E-04   4.8126970E-06   1.5589909E-04   1.2526680E-03  -3.9000212E-04   2.3937565E-04   1.2483468E-03  -5.0528635E-06  -4.4488654E-05   1.6951654E-05   1.0102374E-04   8.8283616E-04  -1.9150920E-08  -2.0612995E-08
 -3.0830569E-05   3.5837403E-03  -3.6227630E-04  -1.8661828E-03   2.1389843E-01   4.8302596E-03   2.1337257E-03   4.8307475E-04   4.5775400E+01  -4.2352512E-01  -1.0317970E+00   4.2590838E+01   6.0339665E+00  -1.1133062E+01  -5.3813278E+01  -1.3860912E-01   2.1018857E-01   6.9248791E-01  -5.5652602E+00  -3.3394207E+01  -1.7649564E-04   7.5924270E-04
 -1.3670277E-06  -7.2311468E-05   7.9491016E-06   1.7260305E-05  -4.2379234E-03  -9.4037025E-05  -5.4036767E-05   4.8126970E-06  -4.2352512E-01   8.2543807E-02  -4.7589602E-02  -6.3014119E-01   8.4471715E-01   1.6039198E+00   6.5173732E-01   4.5075258E-02  -8.3390492E-03   9.7817963E-03   1.0075355E-01   1.4806533E-01   2.2305763E-06  -3.1342320E-06
  1.1475811E-05  -8.6119372E-04   7.4294797E-05   1.5713340E-04  -5.2714587E-02  -1.5668088E-03  -5.5570357E-04   1.5589909E-04  -1.0317970E+00  -4.7589602E-02   4.0161587E+00  -3.1807580E+01  -3.9811348E+00   7.8019950E+00   5.4928017E+00  -3.1143680E+00  -1.9603667E-01   1.6992467E-01   2.6792916E+00   3.4029853E+00   8.8893509E-05  -4.6951439E-05
 -9.9285696E-05   1.9270483E-02  -1.7388703E-03  -7.0186422E-03   1.1462996E+00   3.3308917E-02   1.1435428E-02   1.2526680E-03   4.2590838E+01  -6.3014119E-01  -3.1807580E+01   8.0434866E+02   8.8592806E+01  -4.7622998E+01  -5.9186910E+01   1.6398501E+01  -6.5333394E+00   5.7046787E+00  -1.1481978E+01  -2.5000809E+01   3.9854466E-03   1.0397519E-03
 -1.4325679E-04   1.0090912E-02  -9.8588678E-04  -4.7625874E-03   6.0393734E-01   1.5170975E-02   1.2172780E-02  -3.9000212E-04   6.0339665E+00   8.4471715E-01  -3.9811348E+00   8.8592806E+01   7.2153649E+01   4.4378136E+01   1.5741979E+01  -3.8908815E+00  -5.3157014E-01  -9.0642234E-01   4.0265320E+00   3.4740737E+00   1.2785865E-04   2.1453617E-04
 -7.4953931E-05   3.5955921E-03  -3.6411183E-04  -2.1223218E-03   2.1877388E-01   6.9290329E-03   8.9357688E-03   2.3937565E-04  -1.1133062E+01   1.6039198E+00   7.8019950E+00  -4.7622998E+01   4.4378136E+01   8.7469887E+01   5.4675402E+01  -1.2457314E+01  -9.4613038E-01  -4.4170395E-01   5.4713385E+00   8.2449076E+00   3.7915984E-04  -3.5050459E-04
 -9.1740622E-06   2.2365647E-04  -6.3766842E-05  -4.6779999E-04   2.5418558E-02   5.0452078E-03   6.6528821E-03   1.2483468E-03  -5.3813278E+01   6.5173732E-01   5.4928017E+00  -5.9186910E+01   1.5741979E+01   5.4675402E+01   1.0291200E+02  -9.4974023E+00  -7.6120080E-01  -1.1940557E+00   5.5847147E+00   3.2793970E+01   4.3255872E-04  -1.3498469E-03
  5.6829750E-06   1.7671848E-03  -1.7812401E-04  -6.2440567E-04   1.0854702E-01   2.5041024E-03   6.8789396E-04  -5.0528635E-06  -1.3860912E-01   4.5075258E-02  -3.1143680E+00   1.6398501E+01  -3.8908815E+00  -1.2457314E+01  -9.4974023E+00   6.9160808E+00   6.7830133E-02  -2.6300359E-01  -2.2696891E+00  -2.4361922E+00  -6.9875907E-05   1.3839425E-05
  1.1538625E-05   9.1587264E-05  -5.0488668E-06   2.0905859E-04   5.1819605E-03   2.3114572E-04   5.7731391E-04  -4.4488654E-05   2.1018857E-01  -8.3390492E-03  -1.9603667E-01  -6.5333394E+00  -5.3157014E-01  -9.4613038E-01  -7.6120080E-01   6.7830133E-02   3.3584250E+00   6.3909218E-01   2.4680188E-01   1.4942933E-01   1.5416802E-04  -1.1295302E-06
  6.6314724E-06   3.3883685E-04  -2.9584901E-05  -1.0900523E-04   2.0980100E-02   1.1673325E-04   3.7713377E-04   1.6951654E-05   6.9248791E-01   9.7817963E-03   1.6992467E-01   5.7046787E+00  -9.0642234E-01  -4.4170395E-01  -1.1940557E+00  -2.6300359E-01   6.3909218E-01   3.2119537E+00   2.8105941E+00   2.7509948E+00  -1.8896191E-04  -4.7634480E-05
 -7.1543082E-06   2.9555731E-04  -3.1411248E-05  -5.0208397E-04   1.5015818E-02  -6.4803120E-04   7.2289399E-05   1.0102374E-04  -5.5652602E+00   1.0075355E-01   2.6792916E+00  -1.1481978E+01   4.0265320E+00   5.4713385E+00   5.5847147E+00  -2.2696891E+00   2.4680188E-01   2.8105941E+00   1.0881937E+01   1.9253512E+01  -3.6054622E-05   3.6723651E-04
  3.9195849E-06  -7.4985953E-04   1.1033481E-04   6.1939261E-05  -5.1113513E-02  -3.3088776E-04  -3.3821550E-04   8.8283616E-04  -3.3394207E+01   1.4806533E-01   3.4029853E+00  -2.5000809E+01   3.4740737E+00   8.2449076E+00   3.2793970E+01  -2.4361922E+00   1.4942933E-01   2.7509948E+00   1.9253512E+01   5.3491728E+01   6.4767287E-05   8.3783289E-04
 -8.1503408E-10  -7.8053575E-09   2.5275633E-09  -1.8096649E-07  -3.6401960E-07  -2.5987079E-07  -1.2054016E-07  -1.9150920E-08  -1.7649564E-04   2.2305763E-06   8.8893509E-05   3.9854466E-03   1.2785865E-04   3.7915984E-04   4.3255872E-04  -6.9875907E-05   1.5416802E-04  -1.8896191E-04  -3.6054622E-05   6.4767287E-05   3.7820752E-07   1.0263133E-08
 -2.8550786E-09   6.8270399E-08  -3.2225787E-09  -5.8701618E-08   3.4460956E-06   9.5229590E-09  -1.1609735E-08  -2.0612995E-08   7.5924270E-04  -3.1342320E-06  -4.6951439E-05   1.0397519E-03   2.1453617E-04  -3.5050459E-04  -1.3498469E-03   1.3839425E-05  -1.1295302E-06  -4.7634480E-05   3.6723651E-04   8.3783289E-04   1.0263133E-08   3.7856770E-07
