# omegabh2 omegach2 theta tau Alens logA ns acib217 xi asz143 aps100 aps143 aps143217 aps217 aksz kgal100 kgal143 kgal143217 kgal217 cal0 cal2 calPlanck
    0.8730114E-07   -0.5553096E-06    0.9673981E-07    0.1889495E-06    0.1906986E-04   -0.7770653E-06    0.1668315E-05   -0.4573361E-03    0.9487364E-05    0.9553113E-04   -0.1938899E-02   -0.1045305E-02   -0.2954191E-03    0.5082336E-04   -0.1362741E-03    0.8511624E-05   -0.9477427E-05   -0.6004587E-04    0.5314447E-05    0.3484527E-08   -0.5157934E-07   -0.9804650E-08
   -0.5553096E-06    0.7014200E-05   -0.8627742E-06   -0.3397565E-05   -0.1597906E-03    0.9367299E-05   -0.1828609E-04    0.2762984E-02   -0.6005722E-04   -0.5658188E-03    0.1139279E-01    0.6315970E-02    0.1867892E-02   -0.1724539E-03    0.8373201E-03   -0.6659820E-04    0.2304399E-04    0.3798104E-03    0.3661946E-04   -0.4198538E-07    0.3213538E-06    0.2410165E-07
    0.9673981E-07   -0.8627742E-06    0.2910089E-06    0.3738049E-06    0.2497013E-04   -0.1062692E-05    0.2587860E-05   -0.4386231E-03    0.9447592E-05    0.8089917E-04   -0.1826950E-02   -0.1001323E-02   -0.3443047E-03   -0.1228959E-04   -0.1113700E-03    0.1711466E-04   -0.1122393E-04   -0.5432891E-04    0.1466082E-04    0.4482516E-08   -0.4830118E-07   -0.2547148E-07
    0.1889495E-06   -0.3397565E-05    0.3738049E-06    0.3911629E-03   -0.8484647E-03    0.7728177E-03    0.1539325E-04   -0.3438761E-02    0.7659345E-04    0.6577881E-03   -0.1531059E-01   -0.6021190E-02   -0.4655407E-04    0.2944075E-02   -0.1004100E-02   -0.7793834E-03   -0.1053535E-03   -0.3769017E-03   -0.3555120E-04   -0.1448104E-06   -0.3992245E-06    0.6513207E-06
    0.1906986E-04   -0.1597906E-03    0.2497013E-04   -0.8484647E-03    0.1049855E-01   -0.2068381E-02    0.4607209E-03   -0.1362929E+00    0.2616122E-02    0.2480352E-01   -0.5363231E+00   -0.2628623E+00   -0.6359983E-01    0.4055918E-01   -0.4011590E-01    0.4876116E-02   -0.4044004E-02   -0.2210106E-01   -0.8221193E-02    0.1830213E-05   -0.1844626E-04   -0.1687945E-04
   -0.7770653E-06    0.9367299E-05   -0.1062692E-05    0.7728177E-03   -0.2068381E-02    0.1592939E-02   -0.1319614E-04   -0.9443128E-03    0.9933421E-04    0.3963714E-04    0.5007836E-03    0.4279391E-02    0.7848157E-02    0.1164744E-01   -0.9087402E-03   -0.2075536E-02   -0.7088021E-03   -0.2936811E-03    0.1640396E-02   -0.1389484E-06   -0.1243197E-06    0.1390207E-04
    0.1668315E-05   -0.1828609E-04    0.2587860E-05    0.1539325E-04    0.4607209E-03   -0.1319614E-04    0.5917366E-04   -0.1242876E-01    0.2924182E-03    0.2466733E-02   -0.5696102E-01   -0.2380635E-01   -0.2875363E-02    0.5679641E-02   -0.4327785E-02    0.5944131E-03   -0.1478468E-03   -0.1677537E-02    0.1564071E-03   -0.1217525E-06   -0.1331659E-05   -0.1764332E-06
   -0.4573361E-03    0.2762984E-02   -0.4386231E-03   -0.3438761E-02   -0.1362929E+00   -0.9443128E-03   -0.1242876E-01    0.4497389E+02   -0.5453015E+00   -0.2004982E+01    0.5019996E+02    0.4310480E+01   -0.1985040E+02   -0.6049340E+02    0.9026813E+00   -0.2303593E+00    0.1455844E+00   -0.1934177E+01   -0.1844919E+02   -0.3530763E-03    0.4594521E-02    0.8754839E-03
    0.9487364E-05   -0.6005722E-04    0.9447592E-05    0.7659345E-04    0.2616122E-02    0.9933421E-04    0.2924182E-03   -0.5453015E+00    0.7968797E-01   -0.4395693E-01   -0.8070215E+00    0.9075574E+00    0.1896447E+01    0.8202936E+00    0.3669321E-01   -0.3266455E-02    0.1696251E-02    0.1090071E+00    0.1307932E+00    0.8726191E-05   -0.2211458E-04    0.9319099E-05
    0.9553113E-04   -0.5658188E-03    0.8089917E-04    0.6577881E-03    0.2480352E-01    0.3963714E-04    0.2466733E-02   -0.2004982E+01   -0.4395693E-01    0.3501684E+01   -0.2913226E+02   -0.4701975E+01    0.6783125E+01    0.6002995E+01   -0.2232491E+01   -0.8593292E-01    0.6510501E-01    0.2028270E+01    0.1779791E+01    0.1764478E-03   -0.4058724E-03   -0.1806524E-04
   -0.1938899E-02    0.1139279E-01   -0.1826950E-02   -0.1531059E-01   -0.5363231E+00    0.5007836E-03   -0.5696102E-01    0.5019996E+02   -0.8070215E+00   -0.2913226E+02    0.7906032E+03    0.8648551E+02   -0.5252196E+02   -0.6828145E+02    0.1284855E+02   -0.5092506E+01    0.3071584E+01   -0.7724861E+01   -0.1184979E+02    0.5987041E-02    0.5540223E-02    0.4264822E-02
   -0.1045305E-02    0.6315970E-02   -0.1001323E-02   -0.6021190E-02   -0.2628623E+00    0.4279391E-02   -0.2380635E-01    0.4310480E+01    0.9075574E+00   -0.4701975E+01    0.8648551E+02    0.6964835E+02    0.4639752E+02    0.1712779E+02   -0.2618827E+01   -0.5083122E+00   -0.1169908E+01    0.4456058E+01    0.4233498E+01    0.1154110E-03    0.7483014E-03    0.1093684E-02
   -0.2954191E-03    0.1867892E-02   -0.3443047E-03   -0.4655407E-04   -0.6359983E-01    0.7848157E-02   -0.2875363E-02   -0.1985040E+02    0.1896447E+01    0.6783125E+01   -0.5252196E+02    0.4639752E+02    0.9766095E+02    0.6426429E+02   -0.9704189E+01   -0.5354263E+00   -0.5415137E+00    0.4355254E+01    0.4747391E+01    0.7886491E-03   -0.2313017E-02    0.8179983E-03
    0.5082336E-04   -0.1724539E-03   -0.1228959E-04    0.2944075E-02    0.4055918E-01    0.1164744E-01    0.5679641E-02   -0.6049340E+02    0.8202936E+00    0.6002995E+01   -0.6828145E+02    0.1712779E+02    0.6426429E+02    0.1180268E+03   -0.8701224E+01   -0.7780614E-01   -0.4894965E+00   -0.6930272E+00    0.1464754E+02    0.8081793E-03   -0.7593253E-02    0.1319417E-02
   -0.1362741E-03    0.8373201E-03   -0.1113700E-03   -0.1004100E-02   -0.4011590E-01   -0.9087402E-03   -0.4327785E-02    0.9026813E+00    0.3669321E-01   -0.2232491E+01    0.1284855E+02   -0.2618827E+01   -0.9704189E+01   -0.8701224E+01    0.5096231E+01    0.1629487E-01   -0.7392451E-01   -0.1415297E+01   -0.1154592E+01   -0.1203542E-03    0.2267090E-03    0.6645867E-05
    0.8511624E-05   -0.6659820E-04    0.1711466E-04   -0.7793834E-03    0.4876116E-02   -0.2075536E-02    0.5944131E-03   -0.2303593E+00   -0.3266455E-02   -0.8593292E-01   -0.5092506E+01   -0.5083122E+00   -0.5354263E+00   -0.7780614E-01    0.1629487E-01    0.3565081E+01    0.4519513E+00    0.2502998E+00    0.4288556E+00    0.2890980E-03   -0.3146717E-05   -0.6267432E-04
   -0.9477427E-05    0.2304399E-04   -0.1122393E-04   -0.1053535E-03   -0.4044004E-02   -0.7088021E-03   -0.1478468E-03    0.1455844E+00    0.1696251E-02    0.6510501E-01    0.3071584E+01   -0.1169908E+01   -0.5415137E+00   -0.4894965E+00   -0.7392451E-01    0.4519513E+00    0.3408654E+01    0.2682427E+01    0.1878845E+01   -0.2809752E-03   -0.2101501E-03    0.1479481E-04
   -0.6004587E-04    0.3798104E-03   -0.5432891E-04   -0.3769017E-03   -0.2210106E-01   -0.2936811E-03   -0.1677537E-02   -0.1934177E+01    0.1090071E+00    0.2028270E+01   -0.7724861E+01    0.4456058E+01    0.4355254E+01   -0.6930272E+00   -0.1415297E+01    0.2502998E+00    0.2682427E+01    0.1722670E+02    0.2584340E+02    0.1930937E-04    0.2543836E-02    0.8161396E-04
    0.5314447E-05    0.3661946E-04    0.1466082E-04   -0.3555120E-04   -0.8221193E-02    0.1640396E-02    0.1564071E-03   -0.1844919E+02    0.1307932E+00    0.1779791E+01   -0.1184979E+02    0.4233498E+01    0.4747391E+01    0.1464754E+02   -0.1154592E+01    0.4288556E+00    0.1878845E+01    0.2584340E+02    0.5472989E+02    0.1477532E-03    0.4574979E-02    0.8255319E-03
    0.3484527E-08   -0.4198538E-07    0.4482516E-08   -0.1448104E-06    0.1830213E-05   -0.1389484E-06   -0.1217525E-06   -0.3530763E-03    0.8726191E-05    0.1764478E-03    0.5987041E-02    0.1154110E-03    0.7886491E-03    0.8081793E-03   -0.1203542E-03    0.2890980E-03   -0.2809752E-03    0.1930937E-04    0.1477532E-03    0.5997146E-06    0.1848088E-08   -0.2112847E-07
   -0.5157934E-07    0.3213538E-06   -0.4830118E-07   -0.3992245E-06   -0.1844626E-04   -0.1243197E-06   -0.1331659E-05    0.4594521E-02   -0.2211458E-04   -0.4058724E-03    0.5540223E-02    0.7483014E-03   -0.2313017E-02   -0.7593253E-02    0.2267090E-03   -0.3146717E-05   -0.2101501E-03    0.2543836E-02    0.4574979E-02    0.1848088E-08    0.2140648E-05    0.3125776E-07
   -0.9804650E-08    0.2410165E-07   -0.2547148E-07    0.6513207E-06   -0.1687945E-04    0.1390207E-04   -0.1764332E-06    0.8754839E-03    0.9319099E-05   -0.1806524E-04    0.4264822E-02    0.1093684E-02    0.8179983E-03    0.1319417E-02    0.6645867E-05   -0.6267432E-04    0.1479481E-04    0.8161396E-04    0.8255319E-03   -0.2112847E-07    0.3125776E-07    0.6251599E-05
