# omegabh2 omegach2 theta tau w logA ns calPlanck acib217 xi asz143 aps100 aps143 aps143217 aps217 aksz kgal100 kgal143 kgal143217 kgal217 galfTE100 galfTE100143 galfTE100217 galfTE143 galfTE143217 galfTE217 cal0 cal2
  1.9113031E-08  -6.8714084E-08   1.1666629E-08   2.4864611E-07   1.3044529E-06   4.7016704E-07   1.8302026E-07   2.6115925E-08  -8.8145922E-05   2.2036854E-06   1.9183730E-05  -3.5782184E-04  -1.7915523E-04  -3.9193685E-05   3.1762947E-05  -3.1739147E-05  -2.9713987E-06  -1.1623848E-05  -6.1946747E-06   2.6160326E-05  -8.6265551E-08  -1.0216087E-07  -7.0994858E-08  -2.6401532E-07  -2.7265535E-07  -1.7645018E-06   3.1786186E-09  -3.0379947E-10
 -6.8714084E-08   1.0724938E-06  -7.0926425E-08  -2.9958984E-06  -1.5762742E-05  -3.9573195E-06  -2.5093191E-06  -2.3397827E-07   2.1620866E-04  -7.2534105E-06  -6.4404239E-05   1.5088641E-03   6.9904791E-04   2.2940230E-04   5.1028010E-05   6.6601314E-05  -2.7819146E-05   4.2805088E-07  -3.2846697E-05  -1.3686252E-04   1.4066894E-07   3.7256212E-07   1.6977158E-06   1.7503641E-06   2.0472377E-06   1.0401230E-05  -4.5009841E-09   1.9771464E-09
  1.1666629E-08  -7.0926425E-08   8.8976009E-08   2.5267826E-07   2.0139563E-06   4.7480673E-07   2.7270211E-07   2.4893717E-08  -8.2267483E-06   1.7528875E-06   4.3919491E-06  -1.1963563E-04   1.8116269E-06   9.8729711E-06  -3.2593800E-05  -1.4368212E-06   1.2030495E-05   6.8457124E-06   2.3833236E-05   4.7089345E-05  -4.5272973E-08  -5.9664985E-08   1.3633555E-07  -4.8600476E-08   9.0314343E-09  -4.4130597E-07   2.1173267E-09   1.2425742E-09
  2.4864611E-07  -2.9958984E-06   2.5267826E-07   5.3780285E-05   5.2268184E-05   9.7786398E-05   9.2187063E-06  -1.0168828E-06  -1.5728627E-03   2.1964664E-05   7.0145464E-04  -1.2967732E-02  -4.3992052E-03  -7.4703346E-04  -3.0989254E-04  -6.4776343E-04  -2.6079247E-05  -2.9899373E-04  -1.1472701E-04   1.3841235E-04  -5.0078682E-06  -3.8199945E-06  -5.6194202E-07  -4.1364990E-06  -7.9993857E-06  -2.7894346E-05   3.6926219E-09  -5.2848583E-08
  1.3044529E-06  -1.5762742E-05   2.0139563E-06   5.2268184E-05   8.4728343E-04   7.7971971E-05   3.7957538E-05   4.1405422E-06  -5.0548259E-03   9.5719165E-05   1.4356401E-03  -2.7257457E-02  -1.2057707E-02  -3.9303144E-03   9.4820386E-04  -1.0894558E-03   5.2895439E-04   3.7883746E-04   1.4574396E-03   4.5365921E-03  -9.1975958E-06  -6.8435623E-06   1.9750447E-05  -4.7717403E-05  -4.0600781E-05  -1.7342181E-04  -2.5932544E-07   9.5373949E-08
  4.7016704E-07  -3.9573195E-06   4.7480673E-07   9.7786398E-05   7.7971971E-05   2.0777402E-04   1.2288765E-05   9.7370912E-06  -3.1259608E-03   8.7228786E-05   1.1930735E-03  -1.7656987E-02  -6.1625236E-03   1.7094362E-03   5.1910865E-03  -1.8579408E-03  -3.3830943E-04  -1.3423678E-03  -1.1593853E-03   9.1951963E-04  -1.0602321E-05  -7.2003096E-06   7.7382489E-06  -7.3466001E-06  -6.2301370E-06  -8.5670270E-06   2.1892715E-07  -1.5371664E-07
  1.8302026E-07  -2.5093191E-06   2.7270211E-07   9.2187063E-06   3.7957538E-05   1.2288765E-05   1.4605209E-05   5.5760120E-07  -4.6428794E-03   1.0488969E-04   8.6234489E-04  -2.2141929E-02  -6.0809321E-03   1.5956888E-03   5.1114512E-03  -1.9676094E-03   3.4523293E-04  -2.7008614E-04  -1.7752310E-05   1.9415954E-03   2.0240198E-07  -1.7990822E-06  -8.9811406E-07  -5.8754527E-06  -4.9611227E-06  -1.2468077E-05  -4.2399421E-08  -5.0417740E-08
  2.6115925E-08  -2.3397827E-07   2.4893717E-08  -1.0168828E-06   4.1405422E-06   9.7370912E-06   5.5760120E-07   6.0995937E-06   5.4771950E-04   6.1301966E-06  -1.4999574E-05   4.3153500E-03   5.2002950E-04   4.4486481E-04   1.2975650E-03   2.8989979E-05   2.8497863E-05  -8.8552974E-05  -1.2163994E-04   6.1614088E-04  -2.8417698E-07  -2.1034546E-08   1.4872997E-06  -1.2590151E-06   1.2065678E-06   1.1587976E-05   3.4609264E-08  -1.8827184E-08
 -8.8145922E-05   2.1620866E-04  -8.2267483E-06  -1.5728627E-03  -5.0548259E-03  -3.1259608E-03  -4.6428794E-03   5.4771950E-04   4.5432571E+01  -4.3641060E-01  -7.7488024E-01   3.6594382E+01   1.3114628E+00  -1.3766971E+01  -5.5392048E+01  -4.3467350E-01   1.1634482E-01   5.1436297E-01  -6.1606671E+00  -3.4394249E+01  -3.3712588E-03   2.9507913E-04   4.6087918E-03   1.6891908E-04  -4.8040854E-03  -3.4424714E-03  -2.0521072E-04   6.8731561E-04
  2.2036854E-06  -7.2534105E-06   1.7528875E-06   2.1964664E-05   9.5719165E-05   8.7228786E-05   1.0488969E-04   6.1301966E-06  -4.3641060E-01   8.2473016E-02  -4.4907191E-02  -4.2193162E-01   9.6714361E-01   1.7450676E+00   6.9265821E-01   4.9659566E-02  -9.3038326E-03   1.2024824E-02   1.2335965E-01   1.8883176E-01   1.3815172E-04  -1.0113035E-04  -2.9834049E-04  -1.9271538E-04   9.2801456E-06   2.0995809E-03   7.2868023E-06  -3.6061608E-06
  1.9183730E-05  -6.4404239E-05   4.3919491E-06   7.0145464E-04   1.4356401E-03   1.1930735E-03   8.6234489E-04  -1.4999574E-05  -7.7488024E-01  -4.4907191E-02   3.7047425E+00  -2.8568961E+01  -3.3406722E+00   7.0739892E+00   5.0302253E+00  -2.5827451E+00  -1.7624525E-01   1.4637521E-01   2.5440660E+00   3.1669134E+00   4.1201247E-04   2.2976127E-05   1.0959336E-03  -1.7974100E-04   1.9443301E-03   1.8572681E-03   1.1905808E-04  -5.3134692E-05
 -3.5782184E-04   1.5088641E-03  -1.1963563E-04  -1.2967732E-02  -2.7257457E-02  -1.7656987E-02  -2.2141929E-02   4.3153500E-03   3.6594382E+01  -4.2193162E-01  -2.8568961E+01   7.5347690E+02   6.9698041E+01  -4.7356036E+01  -5.8209760E+01   1.1748005E+01  -6.2824016E+00   5.3605258E+00  -1.1477985E+01  -2.5385824E+01  -2.6165952E-02  -4.0570454E-04  -1.1279430E-02   1.1846495E-04  -2.2794966E-02  -3.4065031E-02   3.6589204E-03   5.4596458E-04
 -1.7915523E-04   6.9904791E-04   1.8116269E-06  -4.3992052E-03  -1.2057707E-02  -6.1625236E-03  -6.0809321E-03   5.2002950E-04   1.3114628E+00   9.6714361E-01  -3.3406722E+00   6.9698041E+01   6.1969574E+01   4.1270056E+01   1.5406143E+01  -4.9017420E+00  -5.8128223E-01  -1.2168607E+00   3.3892859E+00   3.9692386E+00  -5.0163529E-04   1.7207310E-03  -2.2167711E-03   4.1830319E-04   5.2559035E-03   3.9833221E-02   5.6209096E-05   2.1016355E-05
 -3.9193685E-05   2.2940230E-04   9.8729711E-06  -7.4703346E-04  -3.9303144E-03   1.7094362E-03   1.5956888E-03   4.4486481E-04  -1.3766971E+01   1.7450676E+00   7.0739892E+00  -4.7356036E+01   4.1270056E+01   8.5497480E+01   5.3498958E+01  -1.1401235E+01  -9.3713978E-01  -4.4531472E-01   4.8006723E+00   8.3010471E+00   2.9585221E-03  -1.5461187E-03  -1.0710236E-03  -2.9241719E-03   1.0401186E-02   5.9627927E-02   4.3254568E-04  -5.0003295E-04
  3.1762947E-05   5.1028010E-05  -3.2593800E-05  -3.0989254E-04   9.4820386E-04   5.1910865E-03   5.1114512E-03   1.2975650E-03  -5.5392048E+01   6.9265821E-01   5.0302253E+00  -5.8209760E+01   1.5406143E+01   5.3498958E+01   1.0301948E+02  -8.8419432E+00  -5.2248595E-01  -1.1061598E+00   5.5282772E+00   3.3873234E+01   5.0445497E-03  -4.3015056E-04   1.8257612E-03   1.1998691E-03   1.7334139E-02   2.3042718E-02   4.5516175E-04  -1.3643467E-03
 -3.1739147E-05   6.6601314E-05  -1.4368212E-06  -6.4776343E-04  -1.0894558E-03  -1.8579408E-03  -1.9676094E-03   2.8989979E-05  -4.3467350E-01   4.9659566E-02  -2.5827451E+00   1.1748005E+01  -4.9017420E+00  -1.1401235E+01  -8.8419432E+00   5.7461320E+00   6.6149694E-02  -2.3190258E-01  -1.9720569E+00  -2.0256653E+00   3.8383349E-04   2.5437246E-06  -2.9390962E-03   1.0609754E-03  -2.9878077E-03  -8.9550955E-03  -9.0407435E-05   2.5537996E-05
 -2.9713987E-06  -2.7819146E-05   1.2030495E-05  -2.6079247E-05   5.2895439E-04  -3.3830943E-04   3.4523293E-04   2.8497863E-05   1.1634482E-01  -9.3038326E-03  -1.7624525E-01  -6.2824016E+00  -5.8128223E-01  -9.3713978E-01  -5.2248595E-01   6.6149694E-02   3.3369725E+00   5.7533942E-01   2.3749630E-01   2.3303425E-01  -5.8793958E-04   1.2682337E-03  -1.3499913E-03   4.2113176E-04  -3.5283998E-03  -6.8297367E-03   1.7353286E-04  -1.7186400E-05
 -1.1623848E-05   4.2805088E-07   6.8457124E-06  -2.9899373E-04   3.7883746E-04  -1.3423678E-03  -2.7008614E-04  -8.8552974E-05   5.1436297E-01   1.2024824E-02   1.4637521E-01   5.3605258E+00  -1.2168607E+00  -4.4531472E-01  -1.1061598E+00  -2.3190258E-01   5.7533942E-01   3.1746903E+00   2.6561712E+00   2.5987583E+00   2.3011654E-04   6.4712530E-04  -2.1256571E-03   8.7252738E-04  -8.4577303E-04   7.5895047E-03  -1.7909079E-04  -6.8151103E-05
 -6.1946747E-06  -3.2846697E-05   2.3833236E-05  -1.1472701E-04   1.4574396E-03  -1.1593853E-03  -1.7752310E-05  -1.2163994E-04  -6.1606671E+00   1.2335965E-01   2.5440660E+00  -1.1477985E+01   3.3892859E+00   4.8006723E+00   5.5282772E+00  -1.9720569E+00   2.3749630E-01   2.6561712E+00   1.0865069E+01   1.9540958E+01   4.5066038E-04   1.3999813E-03  -5.7195870E-03  -6.4914629E-04   7.6558404E-04   2.1928094E-02   2.1392061E-05   3.7224720E-04
  2.6160326E-05  -1.3686252E-04   4.7089345E-05   1.3841235E-04   4.5365921E-03   9.1951963E-04   1.9415954E-03   6.1614088E-04  -3.4394249E+01   1.8883176E-01   3.1669134E+00  -2.5385824E+01   3.9692386E+00   8.3010471E+00   3.3873234E+01  -2.0256653E+00   2.3303425E-01   2.5987583E+00   1.9540958E+01   5.4515335E+01   9.9905833E-04   2.1730735E-03  -1.5001094E-02  -1.2370420E-03   1.2011159E-03   3.4345157E-02   1.3129222E-04   8.9307629E-04
 -8.6265551E-08   1.4066894E-07  -4.5272973E-08  -5.0078682E-06  -9.1975958E-06  -1.0602321E-05   2.0240198E-07  -2.8417698E-07  -3.3712588E-03   1.3815172E-04   4.1201247E-04  -2.6165952E-02  -5.0163529E-04   2.9585221E-03   5.0445497E-03   3.8383349E-04  -5.8793958E-04   2.3011654E-04   4.5066038E-04   9.9905833E-04   1.4378035E-03   2.6013533E-04   7.8877317E-05  -3.4234107E-04  -9.3248938E-05  -2.8790660E-04  -4.2333425E-07  -2.2778125E-07
 -1.0216087E-07   3.7256212E-07  -5.9664985E-08  -3.8199945E-06  -6.8435623E-06  -7.2003096E-06  -1.7990822E-06  -2.1034546E-08   2.9507913E-04  -1.0113035E-04   2.2976127E-05  -4.0570454E-04   1.7207310E-03  -1.5461187E-03  -4.3015056E-04   2.5437246E-06   1.2682337E-03   6.4712530E-04   1.3999813E-03   2.1730735E-03   2.6013533E-04   8.7108030E-04   5.4268278E-05   7.4735590E-04   2.6840849E-05  -8.1374545E-04  -1.4142271E-07  -1.1703084E-07
 -7.0994858E-08   1.6977158E-06   1.3633555E-07  -5.6194202E-07   1.9750447E-05   7.7382489E-06  -8.9811406E-07   1.4872997E-06   4.6087918E-03  -2.9834049E-04   1.0959336E-03  -1.1279430E-02  -2.2167711E-03  -1.0710236E-03   1.8257612E-03  -2.9390962E-03  -1.3499913E-03  -2.1256571E-03  -5.7195870E-03  -1.5001094E-02   7.8877317E-05   5.4268278E-05   7.2192016E-03  -2.2432657E-04   6.6734956E-04   4.6039116E-03   2.4293943E-07  -3.2280463E-07
 -2.6401532E-07   1.7503641E-06  -4.8600476E-08  -4.1364990E-06  -4.7717403E-05  -7.3466001E-06  -5.8754527E-06  -1.2590151E-06   1.6891908E-04  -1.9271538E-04  -1.7974100E-04   1.1846495E-04   4.1830319E-04  -2.9241719E-03   1.1998691E-03   1.0609754E-03   4.2113176E-04   8.7252738E-04  -6.4914629E-04  -1.2370420E-03  -3.4234107E-04   7.4735590E-04  -2.2432657E-04   2.8698083E-03   4.8880645E-04  -9.4878050E-04  -4.3699509E-07  -2.7988364E-07
 -2.7265535E-07   2.0472377E-06   9.0314343E-09  -7.9993857E-06  -4.0600781E-05  -6.2301370E-06  -4.9611227E-06   1.2065678E-06  -4.8040854E-03   9.2801456E-06   1.9443301E-03  -2.2794966E-02   5.2559035E-03   1.0401186E-02   1.7334139E-02  -2.9878077E-03  -3.5283998E-03  -8.4577303E-04   7.6558404E-04   1.2011159E-03  -9.3248938E-05   2.6840849E-05   6.6734956E-04   4.8880645E-04   6.5712486E-03   8.0326869E-03   6.4790081E-07   2.5913291E-07
 -1.7645018E-06   1.0401230E-05  -4.4130597E-07  -2.7894346E-05  -1.7342181E-04  -8.5670270E-06  -1.2468077E-05   1.1587976E-05  -3.4424714E-03   2.0995809E-03   1.8572681E-03  -3.4065031E-02   3.9833221E-02   5.9627927E-02   2.3042718E-02  -8.9550955E-03  -6.8297367E-03   7.5895047E-03   2.1928094E-02   3.4345157E-02  -2.8790660E-04  -8.1374545E-04   4.6039116E-03  -9.4878050E-04   8.0326869E-03   7.0988688E-02  -1.2231034E-07  -8.5839791E-07
  3.1786186E-09  -4.5009841E-09   2.1173267E-09   3.6926219E-09  -2.5932544E-07   2.1892715E-07  -4.2399421E-08   3.4609264E-08  -2.0521072E-04   7.2868023E-06   1.1905808E-04   3.6589204E-03   5.6209096E-05   4.3254568E-04   4.5516175E-04  -9.0407435E-05   1.7353286E-04  -1.7909079E-04   2.1392061E-05   1.3129222E-04  -4.2333425E-07  -1.4142271E-07   2.4293943E-07  -4.3699509E-07   6.4790081E-07  -1.2231034E-07   3.7501037E-07   2.8768042E-09
 -3.0379947E-10   1.9771464E-09   1.2425742E-09  -5.2848583E-08   9.5373949E-08  -1.5371664E-07  -5.0417740E-08  -1.8827184E-08   6.8731561E-04  -3.6061608E-06  -5.3134692E-05   5.4596458E-04   2.1016355E-05  -5.0003295E-04  -1.3643467E-03   2.5537996E-05  -1.7186400E-05  -6.8151103E-05   3.7224720E-04   8.9307629E-04  -2.2778125E-07  -1.1703084E-07  -3.2280463E-07  -2.7988364E-07   2.5913291E-07  -8.5839791E-07   2.8768042E-09   3.8238176E-07
