# omegabh2 omegach2 theta tau mnu logA ns calPlanck aps100 aps143 aps217 acib217 asz143 psr cibr xi aksz dust100 dust143 dust217 dust143x217 cal0 cal2 calTE calEE
  2.0701211E-08  -4.2153284E-08   1.0089210E-08   1.6092337E-07   1.6427805E-07   3.2972947E-07   1.6634299E-07   2.1744155E-08  -3.3612282E-04  -2.3245158E-04   7.7896182E-05  -1.1155938E-04   1.6887518E-05   7.7606252E-07  -1.4930371E-06   1.1421567E-06  -2.8036419E-05  -3.6930493E-07  -7.1379155E-07   5.2759360E-07  -4.7164272E-07   3.1157847E-09  -6.5882708E-09  -1.0681817E-07  -2.6093408E-07
 -4.2153284E-08   8.1022869E-07  -3.5137756E-08  -1.8966630E-06  -5.0457643E-06  -2.4122271E-06  -1.8070441E-06  -2.3517538E-07   4.5285481E-04   3.4108505E-04  -2.6300899E-04   2.3080928E-04  -2.2445974E-05  -3.3968768E-07   3.5591003E-06  -4.6309686E-06   6.1824755E-05  -2.7621728E-06   5.2757374E-06  -9.6207927E-07   9.9457818E-07  -3.5657859E-08   2.8871599E-08  -1.6876189E-07  -4.8728016E-07
  1.0089210E-08  -3.5137756E-08   8.9697355E-08   1.9191305E-07  -5.4239928E-07   4.3729399E-07   2.0546026E-07   1.6742972E-08  -1.0773928E-04  -4.4352244E-05  -6.4197304E-05   1.5434343E-05   3.9582383E-06  -2.3358489E-07   1.4096201E-06   5.7280800E-07   9.0970060E-07  -7.2874774E-07  -3.6461300E-07   1.4736188E-07  -4.7276747E-07   1.4765700E-09   6.4862801E-09  -4.8287628E-08   5.3044701E-09
  1.6092337E-07  -1.8966630E-06   1.9191305E-07   4.2203803E-05   3.7176563E-05   7.7049152E-05   6.6850456E-06  -1.0295528E-06  -1.0531623E-02  -4.0704313E-03   2.0166992E-03  -2.6391203E-03   9.9818726E-05   4.6193917E-06  -1.7333154E-05   3.8167047E-05   6.0806585E-06   2.0374308E-06  -8.2751268E-06   5.6388758E-06  -2.3638572E-05  -1.8561310E-07  -2.4216321E-07  -2.7306762E-06  -1.6231423E-06
  1.6427805E-07  -5.0457643E-06  -5.4239928E-07   3.7176563E-05   1.4784144E-03   7.5206522E-05   9.9937913E-06   6.6756243E-06  -1.1005329E-02  -3.1151060E-03  -7.0559968E-03   3.3895071E-03   7.8311848E-04  -5.5481460E-05   3.1670994E-04   4.0050232E-05   9.5030971E-04   1.3114943E-04  -1.8466323E-04   1.1876610E-05  -1.4260394E-04   9.2825854E-07   9.6815241E-07   8.2064407E-06   2.4898605E-06
  3.2972947E-07  -2.4122271E-06   4.3729399E-07   7.7049152E-05   7.5206522E-05   1.6980143E-04   8.7637786E-06   9.7063968E-06  -1.4548207E-02  -5.1936332E-03   1.1869891E-02  -6.2351104E-03   1.9144278E-04   2.9445598E-05  -9.3206466E-05   1.0634900E-04  -9.2917005E-04  -2.8565960E-05  -9.7482498E-05   3.7159416E-05  -4.9182277E-05   1.5850262E-07  -4.6347106E-07  -6.6093002E-06  -1.8579143E-06
  1.6634299E-07  -1.8070441E-06   2.0546026E-07   6.6850456E-06   9.9937913E-06   8.7637786E-06   1.3867543E-05   6.4014474E-07  -2.0664398E-02  -6.3818147E-03   8.1230208E-03  -5.4363345E-03   4.3004088E-04   5.5865128E-05  -9.0468710E-05   7.7647751E-05  -1.8474799E-03   3.1878883E-05  -1.7701935E-05   2.5099141E-05  -8.0717632E-06  -3.0637618E-07  -3.7920975E-07  -6.7623770E-07  -2.7153041E-06
  2.1744155E-08  -2.3517538E-07   1.6742972E-08  -1.0295528E-06   6.6756243E-06   9.7063968E-06   6.4014474E-07   6.1757209E-06   3.4259624E-03   7.8440040E-04   1.5002452E-03   5.0492084E-04  -3.9062291E-05  -3.6980272E-06  -7.8456971E-06   2.8331626E-06  -6.9099580E-05  -2.4033741E-06   4.1970971E-06   7.5079223E-06   5.8795423E-06  -3.8217719E-08  -3.9715649E-08  -5.2089803E-07   6.5124693E-08
 -3.3612282E-04   4.5285481E-04  -1.0773928E-04  -1.0531623E-02  -1.1005329E-02  -1.4548207E-02  -2.0664398E-02   3.4259624E-03   6.1071416E+02   5.4683575E+01  -5.8576188E+01   3.1334941E+01  -2.5495762E+01  -8.5654384E-01  -2.3447616E-01  -3.8695109E-01   1.0351079E+01  -9.8176193E-02   3.3430759E-01  -2.6828899E-01  -1.9109823E-01   6.6285612E-03   2.7679876E-03   3.0167167E-03   6.3141626E-03
 -2.3245158E-04   3.4108505E-04  -4.4352244E-05  -4.0704313E-03  -3.1151060E-03  -5.1936332E-03  -6.3818147E-03   7.8440040E-04   5.4683575E+01   6.4659781E+01   1.0425864E+01   5.8214520E+00  -3.3774033E-01  -1.9563256E-02   4.2030753E-01   8.4423040E-01  -8.4242898E+00  -2.2773125E-02  -2.0627742E-01   5.5908295E-02   7.8828626E-02   9.2193041E-04   7.0058743E-04   2.3893450E-03   4.9200794E-03
  7.7896182E-05  -2.6300899E-04  -6.4197304E-05   2.0166992E-03  -7.0559968E-03   1.1869891E-02   8.1230208E-03   1.5002452E-03  -5.8576188E+01   1.0425864E+01   1.7465804E+02  -8.1945749E+01   2.8916098E+00   3.4265376E-01  -9.8503363E-01   3.2136691E-01  -7.5027676E+00  -3.9290722E-02  -2.6295345E-01   5.4956104E-01  -1.4482713E-02   1.5166719E-03  -7.7592475E-03   1.5156177E-03   3.7646270E-03
 -1.1155938E-04   2.3080928E-04   1.5434343E-05  -2.6391203E-03   3.3895071E-03  -6.2351104E-03  -5.4363345E-03   5.0492084E-04   3.1334941E+01   5.8214520E+00  -8.1945749E+01   5.0922320E+01   1.6273175E+00  -4.4057594E-02   6.9196919E-01  -2.3362461E-01  -2.6307548E+00   1.3107490E-02   1.5721737E-01  -4.4204214E-01  -1.0570683E-01  -4.4176434E-04   3.1190574E-03  -3.2426412E-04  -2.6779916E-04
  1.6887518E-05  -2.2445974E-05   3.9582383E-06   9.9818726E-05   7.8311848E-04   1.9144278E-04   4.3004088E-04  -3.9062291E-05  -2.5495762E+01  -3.3774033E-01   2.8916098E+00   1.6273175E+00   4.3869652E+00   1.0662504E-01   1.5665550E-01  -3.2392267E-02  -3.5100452E+00  -7.5874046E-03  -8.7315930E-03   1.0227738E-02   5.3336797E-02   4.6234417E-04  -2.0847707E-04  -1.4913758E-04  -2.8796075E-04
  7.7606252E-07  -3.3968768E-07  -2.3358489E-07   4.6193917E-06  -5.5481460E-05   2.9445598E-05   5.5865128E-05  -3.6980272E-06  -8.5654384E-01  -1.9563256E-02   3.4265376E-01  -4.4057594E-02   1.0662504E-01   1.6807386E-02  -1.6512632E-02   1.2268714E-02  -1.0464378E-01   1.3347964E-05  -1.3375127E-03  -2.2880974E-03   5.6694423E-03   1.9520200E-05  -3.0585598E-05   1.3764382E-05   8.0519661E-06
 -1.4930371E-06   3.5591003E-06   1.4096201E-06  -1.7333154E-05   3.1670994E-04  -9.3206466E-05  -9.0468710E-05  -7.8456971E-06  -2.3447616E-01   4.2030753E-01  -9.8503363E-01   6.9196919E-01   1.5665550E-01  -1.6512632E-02   6.8346693E-02   4.8305465E-03  -1.5708421E-01  -1.2949201E-04   6.9631877E-03  -5.0304733E-04  -1.8561254E-02  -7.7153909E-06   8.3984398E-05  -2.7996717E-05  -1.8664616E-05
  1.1421567E-06  -4.6309686E-06   5.7280800E-07   3.8167047E-05   4.0050232E-05   1.0634900E-04   7.7647751E-05   2.8331626E-06  -3.8695109E-01   8.4423040E-01   3.2136691E-01  -2.3362461E-01  -3.2392267E-02   1.2268714E-02   4.8305465E-03   8.2741047E-02   3.4998838E-02   9.6573504E-04   1.2228978E-03   8.3370803E-04   1.1047785E-03   1.7842979E-05  -3.5916339E-06   5.0637052E-06   3.4428796E-05
 -2.8036419E-05   6.1824755E-05   9.0970060E-07   6.0806585E-06   9.5030971E-04  -9.2917005E-04  -1.8474799E-03  -6.9099580E-05   1.0351079E+01  -8.4242898E+00  -7.5027676E+00  -2.6307548E+00  -3.5100452E+00  -1.0464378E-01  -1.5708421E-01   3.4998838E-02   7.2661373E+00   6.4416553E-03  -3.2440341E-03  -7.1145959E-03  -5.3401601E-02  -3.8084843E-04   5.0737269E-05  -1.3455527E-05  -3.0720006E-05
 -3.6930493E-07  -2.7621728E-06  -7.2874774E-07   2.0374308E-06   1.3114943E-04  -2.8565960E-05   3.1878883E-05  -2.4033741E-06  -9.8176193E-02  -2.2773125E-02  -3.9290722E-02   1.3107490E-02  -7.5874046E-03   1.3347964E-05  -1.2949201E-04   9.6573504E-04   6.4416553E-03   3.6845842E-02   1.9348066E-03  -2.8841807E-04   1.8346392E-04   3.7246175E-05  -3.0750946E-06  -3.1538005E-06  -1.6553652E-05
 -7.1379155E-07   5.2757374E-06  -3.6461300E-07  -8.2751268E-06  -1.8466323E-04  -9.7482498E-05  -1.7701935E-05   4.1970971E-06   3.3430759E-01  -2.0627742E-01  -2.6295345E-01   1.5721737E-01  -8.7315930E-03  -1.3375127E-03   6.9631877E-03   1.2228978E-03  -3.2440341E-03   1.9348066E-03   3.0126654E-02  -6.7065665E-04   5.0895588E-03  -8.3237936E-05  -4.4378389E-05  -6.3420587E-05  -8.8375084E-05
  5.2759360E-07  -9.6207927E-07   1.4736188E-07   5.6388758E-06   1.1876610E-05   3.7159416E-05   2.5099141E-05   7.5079223E-06  -2.6828899E-01   5.5908295E-02   5.4956104E-01  -4.4204214E-01   1.0227738E-02  -2.2880974E-03  -5.0304733E-04   8.3370803E-04  -7.1145959E-03  -2.8841807E-04  -6.7065665E-04   1.0471436E-02   8.5120703E-03   2.7644426E-06   6.0385433E-05   3.3513468E-06  -3.8842484E-06
 -4.7164272E-07   9.9457818E-07  -4.7276747E-07  -2.3638572E-05  -1.4260394E-04  -4.9182277E-05  -8.0717632E-06   5.8795423E-06  -1.9109823E-01   7.8828626E-02  -1.4482713E-02  -1.0570683E-01   5.3336797E-02   5.6694423E-03  -1.8561254E-02   1.1047785E-03  -5.3401601E-02   1.8346392E-04   5.0895588E-03   8.5120703E-03   2.6766335E-02  -3.8454449E-06   6.0658128E-05  -1.0448769E-05  -1.6226825E-05
  3.1157847E-09  -3.5657859E-08   1.4765700E-09  -1.8561310E-07   9.2825854E-07   1.5850262E-07  -3.0637618E-07  -3.8217719E-08   6.6285612E-03   9.2193041E-04   1.5166719E-03  -4.4176434E-04   4.6234417E-04   1.9520200E-05  -7.7153909E-06   1.7842979E-05  -3.8084843E-04   3.7246175E-05  -8.3237936E-05   2.7644426E-06  -3.8454449E-06   1.1301498E-06   6.4556286E-08   4.2407228E-07   6.3477752E-07
 -6.5882708E-09   2.8871599E-08   6.4862801E-09  -2.4216321E-07   9.6815241E-07  -4.6347106E-07  -3.7920975E-07  -3.9715649E-08   2.7679876E-03   7.0058743E-04  -7.7592475E-03   3.1190574E-03  -2.0847707E-04  -3.0585598E-05   8.3984398E-05  -3.5916339E-06   5.0737269E-05  -3.0750946E-06  -4.4378389E-05   6.0385433E-05   6.0658128E-05   6.4556286E-08   2.4150577E-06   2.2643181E-07   8.6376981E-08
 -1.0681817E-07  -1.6876189E-07  -4.8287628E-08  -2.7306762E-06   8.2064407E-06  -6.6093002E-06  -6.7623770E-07  -5.2089803E-07   3.0167167E-03   2.3893450E-03   1.5156177E-03  -3.2426412E-04  -1.4913758E-04   1.3764382E-05  -2.7996717E-05   5.0637052E-06  -1.3455527E-05  -3.1538005E-06  -6.3420587E-05   3.3513468E-06  -1.0448769E-05   4.2407228E-07   2.2643181E-07   2.4442863E-05   8.5557092E-06
 -2.6093408E-07  -4.8728016E-07   5.3044701E-09  -1.6231423E-06   2.4898605E-06  -1.8579143E-06  -2.7153041E-06   6.5124693E-08   6.3141626E-03   4.9200794E-03   3.7646270E-03  -2.6779916E-04  -2.8796075E-04   8.0519661E-06  -1.8664616E-05   3.4428796E-05  -3.0720006E-05  -1.6553652E-05  -8.8375084E-05  -3.8842484E-06  -1.6226825E-05   6.3477752E-07   8.6376981E-08   8.5557092E-06   2.4147295E-05
