# omegabh2 omegach2 theta mnu logA ns
  2.4321428E-07   2.0583702E-07  -4.1164272E-09  -4.2788761E-06  -1.2245722E-06  -1.6268250E-07
  2.0583702E-07   1.2022004E-05   2.0531901E-07  -5.3634138E-04  -2.7865330E-04  -2.7979564E-05
 -4.1164272E-09   2.0531901E-07   3.7717432E-07   3.5692757E-06  -1.2367763E-06  -1.3617484E-07
 -4.2788761E-06  -5.3634138E-04   3.5692757E-06   3.0752356E-02   1.3972206E-02   1.4017886E-03
 -1.2245722E-06  -2.7865330E-04  -1.2367763E-06   1.3972206E-02   7.5463883E-03   8.7331156E-04
 -1.6268250E-07  -2.7979564E-05  -1.3617484E-07   1.4017886E-03   8.7331156E-04   3.8302798E-04
