# omegabh2 omegach2 theta tau logA ns nrun calPlanck galfEE100 galfEE100143 galfEE100217 galfEE143 galfEE143217 galfEE217
    0.2166944E-05   -0.5239239E-05    0.3545298E-06    0.9104698E-05    0.3601785E-04    0.3112570E-05   -0.2735154E-04   -0.2194400E-07    0.1388926E-05    0.1518816E-05    0.5978908E-06    0.1586854E-05    0.3670244E-06    0.2741796E-05
   -0.5239239E-05    0.2623287E-04   -0.1765017E-05   -0.6084482E-05    0.3976650E-05   -0.7466849E-04   -0.2970201E-04   -0.1187836E-06   -0.1863992E-05   -0.2324713E-05   -0.2689660E-05   -0.2671655E-05   -0.7525613E-05   -0.1260952E-04
    0.3545298E-06   -0.1765017E-05    0.9252431E-06    0.2438117E-06   -0.1522948E-05    0.6111723E-05    0.3141292E-05   -0.2038989E-07    0.1062952E-06    0.8240776E-07    0.2871314E-06    0.1181643E-06    0.2635637E-06    0.1260723E-05
    0.9104698E-05   -0.6084482E-05    0.2438117E-06    0.4157600E-03    0.9918561E-03   -0.9980224E-04   -0.3976719E-03   -0.3915191E-06    0.2452619E-04    0.2679804E-04   -0.2489747E-05    0.2765389E-04   -0.3369075E-05    0.1789389E-04
    0.3601785E-04    0.3976650E-05   -0.1522948E-05    0.9918561E-03    0.2762329E-02   -0.4686523E-03   -0.1486686E-02    0.1070218E-04    0.7231881E-04    0.7689745E-04   -0.8852622E-05    0.8046103E-04   -0.4933776E-04   -0.1158450E-04
    0.3112570E-05   -0.7466849E-04    0.6111723E-05   -0.9980224E-04   -0.4686523E-03    0.5280192E-03    0.6810315E-03    0.3323432E-06   -0.1246259E-04   -0.1159629E-04   -0.1683873E-07   -0.1099505E-04    0.6339994E-05   -0.3097532E-04
   -0.2735154E-04   -0.2970201E-04    0.3141292E-05   -0.3976719E-03   -0.1486686E-02    0.6810315E-03    0.1773857E-02    0.1666863E-05   -0.9654930E-04   -0.1055235E-03    0.1420207E-05   -0.1086875E-03    0.2855334E-04   -0.4102192E-04
   -0.2194400E-07   -0.1187836E-06   -0.2038989E-07   -0.3915191E-06    0.1070218E-04    0.3323432E-06    0.1666863E-05    0.6177864E-05    0.5481898E-06    0.9534076E-07    0.9597285E-06    0.9279051E-06   -0.9811428E-06    0.5411422E-06
    0.1388926E-05   -0.1863992E-05    0.1062952E-06    0.2452619E-04    0.7231881E-04   -0.1246259E-04   -0.9654930E-04    0.5481898E-06    0.4187263E-04    0.1976128E-04   -0.8363376E-06    0.1415171E-04   -0.4688059E-05    0.2558060E-05
    0.1518816E-05   -0.2324713E-05    0.8240776E-07    0.2679804E-04    0.7689745E-04   -0.1159629E-04   -0.1055235E-03    0.9534076E-07    0.1976128E-04    0.3756911E-04   -0.2488583E-06    0.2544653E-04   -0.4602905E-05    0.7244139E-05
    0.5978908E-06   -0.2689660E-05    0.2871314E-06   -0.2489747E-05   -0.8852622E-05   -0.1683873E-07    0.1420207E-05    0.9597285E-06   -0.8363376E-06   -0.2488583E-06    0.1058705E-02   -0.1365886E-05   -0.1439823E-04    0.3677254E-04
    0.1586854E-05   -0.2671655E-05    0.1181643E-06    0.2765389E-04    0.8046103E-04   -0.1099505E-04   -0.1086875E-03    0.9279051E-06    0.1415171E-04    0.2544653E-04   -0.1365886E-05    0.6148172E-04   -0.8718271E-06   -0.9797844E-05
    0.3670244E-06   -0.7525613E-05    0.2635637E-06   -0.3369075E-05   -0.4933776E-04    0.6339994E-05    0.2855334E-04   -0.9811428E-06   -0.4688059E-05   -0.4602905E-05   -0.1439823E-04   -0.8718271E-06    0.2190672E-02    0.9223459E-04
    0.2741796E-05   -0.1260952E-04    0.1260723E-05    0.1789389E-04   -0.1158450E-04   -0.3097532E-04   -0.4102192E-04    0.5411422E-06    0.2558060E-05    0.7244139E-05    0.3677254E-04   -0.9797844E-05    0.9223459E-04    0.1730653E-01
