# omegabh2 omegach2 theta tau Alens logA ns calPlanck
  4.2764637E-07  -2.8659478E-07  -7.1011684E-08   5.7537046E-07   1.5018928E-05   7.4452717E-06   6.3048440E-07   3.2575478E-08
 -2.8659478E-07   2.2196653E-06   2.7493642E-07  -1.3334046E-06  -5.0332308E-05   5.2212151E-07  -4.5964906E-06   4.1737162E-08
 -7.1011684E-08   2.7493642E-07   5.9867977E-07  -4.5301079E-07  -2.5370284E-05  -1.8119669E-06   2.1397260E-07  -5.4741429E-08
  5.7537046E-07  -1.3334046E-06  -4.5301079E-07   3.8302894E-05  -2.9598193E-06   8.3148787E-05   5.6853702E-06   4.5776469E-07
  1.5018928E-05  -5.0332308E-05  -2.5370284E-05  -2.9598193E-06   4.8740035E-02   2.9283773E-04   6.4670142E-04  -2.7142498E-05
  7.4452717E-06   5.2212151E-07  -1.8119669E-06   8.3148787E-05   2.9283773E-04   3.4422432E-04   1.8176056E-05   1.3852306E-05
  6.3048440E-07  -4.5964906E-06   2.1397260E-07   5.6853702E-06   6.4670142E-04   1.8176056E-05   1.0061721E-04  -9.2427321E-07
  3.2575478E-08   4.1737162E-08  -5.4741429E-08   4.5776469E-07  -2.7142498E-05   1.3852306E-05  -9.2427321E-07   6.2304038E-06
