# omegabh2 omegach2 theta tau nnu logA ns calPlanck aps100 aps143 aps217 acib217 asz143 psr cibr xi aksz dust100 dust143 dust217 dust143x217 cal0 cal2 calTE calEE
  3.2795679E-08   1.8184620E-07  -1.1766227E-08   3.3213725E-07   1.7535081E-05   1.2231342E-06   8.0387521E-07   2.8590690E-08   1.9181699E-05  -7.7506108E-06  -5.9659844E-05   2.4779287E-05   4.8300731E-06   6.4545046E-08   6.8158376E-07   5.4375004E-07   1.7485466E-06   1.2295516E-06   4.8676656E-07   2.8392379E-07   5.1217321E-07   3.4730794E-09   7.3693375E-09  -1.4615255E-08  -3.8883261E-08
  1.8184620E-07   8.6393890E-06  -8.4629025E-07  -4.0859657E-06   4.7634414E-04   1.1127293E-05   1.1296555E-05  -5.9879661E-07   1.4088790E-02   7.7690418E-03  -3.8499466E-03   4.3299372E-03  -4.1446450E-04  -3.5517792E-05   1.0060725E-04  -3.7149984E-05   9.9022273E-04  -3.7059860E-06   1.5276374E-05  -1.7692252E-05  -3.7816972E-06  -6.6200853E-09   3.9956911E-07   2.7272538E-06   5.2181073E-06
 -1.1766227E-08  -8.4629025E-07   1.6959518E-07   3.6717953E-07  -4.8666373E-05  -1.1118888E-06  -1.1082108E-06   4.1660355E-08  -1.3101963E-03  -8.3084046E-04   3.2686458E-04  -4.2356691E-04   3.6352926E-05   2.4771865E-06  -9.0692921E-06   1.6209109E-06  -9.8718431E-05   1.0401431E-06  -3.4218965E-07   2.1128377E-06   5.0235044E-07  -6.4421349E-09  -3.6760487E-08  -3.4776315E-07  -5.8146806E-07
  3.3213725E-07  -4.0859657E-06   3.6717953E-07   6.0144450E-05   3.3504989E-06   1.0906656E-04   1.2190532E-05  -5.0006516E-07  -1.0726005E-02  -5.6903272E-03   1.9514891E-03  -3.2574385E-03   9.1195126E-05   3.7343233E-05  -1.1043405E-04   3.3281463E-05  -5.0528944E-04   3.7564917E-05   4.4760403E-06   1.7576846E-05   2.6599884E-05  -1.4457666E-07  -2.6211341E-07  -3.7149254E-06  -1.7443722E-06
  1.7535081E-05   4.7634414E-04  -4.8666373E-05   3.3504989E-06   3.1539888E-02   1.1202427E-03   9.6453418E-04  -1.5811344E-05   8.3709992E-01   4.5588722E-01  -2.3268179E-01   2.5567291E-01  -2.5167535E-02  -2.0110157E-03   5.7081649E-03  -1.7990600E-03   6.1077806E-02   2.9825530E-04   1.0593898E-03  -9.0728843E-04   9.3515124E-05   1.9730353E-06   2.4196327E-05   1.8045534E-04   3.8664103E-04
  1.2231342E-06   1.1127293E-05  -1.1118888E-06   1.0906656E-04   1.1202427E-03   2.6852991E-04   5.1087273E-05   1.0485995E-05   1.7178949E-02   8.2662175E-03   3.6646231E-03   1.6376357E-03  -7.6331425E-04   2.0905086E-05  -6.1028538E-05   4.0623270E-05   4.9030395E-04   3.1259972E-05  -4.8749600E-05   2.7475001E-05   6.2299332E-05   4.2034415E-07   2.9535985E-07  -1.6183863E-06   1.1100859E-05
  8.0387521E-07   1.1296555E-05  -1.1082108E-06   1.2190532E-05   9.6453418E-04   5.1087273E-05   4.6906361E-05   4.4103569E-07   1.6748017E-03   6.1312174E-03   1.6141162E-03   1.2675569E-03  -3.4374068E-04  -3.9541888E-06   4.3537016E-05   2.3637737E-05   6.6493055E-05   4.7706924E-05   1.4442880E-05   1.3329410E-05   1.5735126E-05  -2.5635229E-07   3.9946167E-07   4.9877570E-06   9.1176989E-06
  2.8590690E-08  -5.9879661E-07   4.1660355E-08  -5.0006516E-07  -1.5811344E-05   1.0485995E-05   4.4103569E-07   6.3818771E-06   2.2576896E-03   2.1980481E-04   2.1556546E-03  -8.8796494E-05  -6.0725680E-07   1.8670414E-06  -1.1697227E-05   1.5894367E-05  -1.0714657E-05  -8.1821163E-06  -3.1509591E-06   1.2056472E-05   1.0428152E-05   2.4870118E-08  -8.0996726E-08  -5.2841304E-07  -2.9693293E-07
  1.9181699E-05   1.4088790E-02  -1.3101963E-03  -1.0726005E-02   8.3709992E-01   1.7178949E-02   1.6748017E-03   2.2576896E-03   6.2871308E+02   6.9564585E+01  -5.1898199E+01   3.0446787E+01  -2.5474168E+01  -8.3269613E-01  -7.6740573E-02  -3.4985326E-01   1.2220557E+01  -2.0673179E-01   2.6277260E-01  -2.0197296E-01  -1.8207470E-01   6.8859796E-03   3.5649358E-03   5.2231808E-03   1.9052684E-02
 -7.7506108E-06   7.7690418E-03  -8.3084046E-04  -5.6903272E-03   4.5588722E-01   8.2662175E-03   6.1312174E-03   2.1980481E-04   6.9564585E+01   7.4403480E+01   9.1134355E+00   8.2010499E+00  -7.1175444E-01  -1.7522678E-02   4.7203517E-01   8.6237982E-01  -7.5383349E+00  -1.2709528E-02  -1.9569816E-01   5.7096253E-02   1.0309647E-01   8.3887343E-04   7.4860655E-04   4.9853115E-03   1.0379574E-02
 -5.9659844E-05  -3.8499466E-03   3.2686458E-04   1.9514891E-03  -2.3268179E-01   3.6646231E-03   1.6141162E-03   2.1556546E-03  -5.1898199E+01   9.1134355E+00   1.7883309E+02  -8.5734488E+01   1.8461616E+00   3.3246836E-01  -1.0988867E+00   4.9000843E-01  -6.7888728E+00  -2.0978410E-02  -2.4249602E-01   5.5202642E-01   2.7033064E-02   1.6207918E-03  -8.3201577E-03   1.1462819E-03  -1.7043229E-03
  2.4779287E-05   4.3299372E-03  -4.2356691E-04  -3.2574385E-03   2.5567291E-01   1.6376357E-03   1.2675569E-03  -8.8796494E-05   3.0446787E+01   8.2010499E+00  -8.5734488E+01   5.3955143E+01   1.9138288E+00  -5.5784255E-02   7.6758882E-01  -3.2648810E-01  -2.5125628E+00   1.3927114E-02   1.6216530E-01  -4.4808396E-01  -1.3045395E-01  -6.2462091E-04   3.5063809E-03   9.0978808E-04   4.3425608E-03
  4.8300731E-06  -4.1446450E-04   3.6352926E-05   9.1195126E-05  -2.5167535E-02  -7.6331425E-04  -3.4374068E-04  -6.0725680E-07  -2.5474168E+01  -7.1175444E-01   1.8461616E+00   1.9138288E+00   4.2306370E+00   9.6828931E-02   1.4858903E-01  -3.2255034E-02  -3.4403019E+00  -3.8961826E-03  -8.0259981E-04   5.0701464E-03   4.8340377E-02   3.7093867E-04  -2.1799017E-04  -2.5828300E-04  -5.8593251E-04
  6.4545046E-08  -3.5517792E-05   2.4771865E-06   3.7343233E-05  -2.0110157E-03   2.0905086E-05  -3.9541888E-06   1.8670414E-06  -8.3269613E-01  -1.7522678E-02   3.3246836E-01  -5.5784255E-02   9.6828931E-02   1.5105709E-02  -1.5911612E-02   1.2177145E-02  -1.0272092E-01  -2.7328175E-05  -1.5357060E-03  -2.3639786E-03   5.2707690E-03   1.7554949E-05  -3.3247945E-05   5.6442569E-06  -5.6272897E-06
  6.8158376E-07   1.0060725E-04  -9.0692921E-06  -1.1043405E-04   5.7081649E-03  -6.1028538E-05   4.3537016E-05  -1.1697227E-05  -7.6740573E-02   4.7203517E-01  -1.0988867E+00   7.6758882E-01   1.4858903E-01  -1.5911612E-02   6.6200172E-02   1.9111359E-03  -1.3432499E-01   5.8831612E-04   8.1420399E-03  -6.4922987E-04  -1.8181118E-02  -1.3653144E-05   9.0898767E-05   2.0548464E-05   6.3823509E-05
  5.4375004E-07  -3.7149984E-05   1.6209109E-06   3.3281463E-05  -1.7990600E-03   4.0623270E-05   2.3637737E-05   1.5894367E-05  -3.4985326E-01   8.6237982E-01   4.9000843E-01  -3.2648810E-01  -3.2255034E-02   1.2177145E-02   1.9111359E-03   8.2903061E-02   3.3295677E-02   5.8082008E-05   7.8177931E-04   1.7493841E-03   2.7275963E-03   2.0134657E-05  -9.4252199E-06   2.1464688E-05   2.6505604E-05
  1.7485466E-06   9.9022273E-04  -9.8718431E-05  -5.0528944E-04   6.1077806E-02   4.9030395E-04   6.6493055E-05  -1.0714657E-05   1.2220557E+01  -7.5383349E+00  -6.7888728E+00  -2.5125628E+00  -3.4403019E+00  -1.0272092E-01  -1.3432499E-01   3.3295677E-02   7.2648555E+00  -3.0300738E-03  -1.1033134E-02  -3.3576434E-03  -5.2906226E-02  -2.5614627E-04   1.2157895E-04   2.4921761E-04   5.6562777E-04
  1.2295516E-06  -3.7059860E-06   1.0401431E-06   3.7564917E-05   2.9825530E-04   3.1259972E-05   4.7706924E-05  -8.1821163E-06  -2.0673179E-01  -1.2709528E-02  -2.0978410E-02   1.3927114E-02  -3.8961826E-03  -2.7328175E-05   5.8831612E-04   5.8082008E-05  -3.0300738E-03   3.8933558E-02   2.6559949E-03  -1.0103007E-04   3.7667243E-04   3.5493305E-05  -3.4610340E-06   1.8982079E-05  -1.4538045E-05
  4.8676656E-07   1.5276374E-05  -3.4218965E-07   4.4760403E-06   1.0593898E-03  -4.8749600E-05   1.4442880E-05  -3.1509591E-06   2.6277260E-01  -1.9569816E-01  -2.4249602E-01   1.6216530E-01  -8.0259981E-04  -1.5357060E-03   8.1420399E-03   7.8177931E-04  -1.1033134E-02   2.6559949E-03   2.9972467E-02  -5.8144352E-04   4.6963474E-03  -7.8544086E-05  -4.0567999E-05  -6.3534003E-05  -6.1923350E-05
  2.8392379E-07  -1.7692252E-05   2.1128377E-06   1.7576846E-05  -9.0728843E-04   2.7475001E-05   1.3329410E-05   1.2056472E-05  -2.0197296E-01   5.7096253E-02   5.5202642E-01  -4.4808396E-01   5.0701464E-03  -2.3639786E-03  -6.4922987E-04   1.7493841E-03  -3.3576434E-03  -1.0103007E-04  -5.8144352E-04   1.0490055E-02   8.6399665E-03   3.7730832E-06   5.9496789E-05  -1.4243997E-05  -2.6597393E-05
  5.1217321E-07  -3.7816972E-06   5.0235044E-07   2.6599884E-05   9.3515124E-05   6.2299332E-05   1.5735126E-05   1.0428152E-05  -1.8207470E-01   1.0309647E-01   2.7033064E-02  -1.3045395E-01   4.8340377E-02   5.2707690E-03  -1.8181118E-02   2.7275963E-03  -5.2906226E-02   3.7667243E-04   4.6963474E-03   8.6399665E-03   2.7073700E-02  -1.5219905E-06   5.8214678E-05  -4.2891818E-05  -3.6982690E-06
  3.4730794E-09  -6.6200853E-09  -6.4421349E-09  -1.4457666E-07   1.9730353E-06   4.2034415E-07  -2.5635229E-07   2.4870118E-08   6.8859796E-03   8.3887343E-04   1.6207918E-03  -6.2462091E-04   3.7093867E-04   1.7554949E-05  -1.3653144E-05   2.0134657E-05  -2.5614627E-04   3.5493305E-05  -7.8544086E-05   3.7730832E-06  -1.5219905E-06   1.0984640E-06   4.5242100E-08   3.0299924E-07   6.9734634E-07
  7.3693375E-09   3.9956911E-07  -3.6760487E-08  -2.6211341E-07   2.4196327E-05   2.9535985E-07   3.9946167E-07  -8.0996726E-08   3.5649358E-03   7.4860655E-04  -8.3201577E-03   3.5063809E-03  -2.1799017E-04  -3.3247945E-05   9.0898767E-05  -9.4252199E-06   1.2157895E-04  -3.4610340E-06  -4.0567999E-05   5.9496789E-05   5.8214678E-05   4.5242100E-08   2.4728485E-06   2.3711024E-07   5.2969290E-07
 -1.4615255E-08   2.7272538E-06  -3.4776315E-07  -3.7149254E-06   1.8045534E-04  -1.6183863E-06   4.9877570E-06  -5.2841304E-07   5.2231808E-03   4.9853115E-03   1.1462819E-03   9.0978808E-04  -2.5828300E-04   5.6442569E-06   2.0548464E-05   2.1464688E-05   2.4921761E-04   1.8982079E-05  -6.3534003E-05  -1.4243997E-05  -4.2891818E-05   3.0299924E-07   2.3711024E-07   2.4644404E-05   1.0428918E-05
 -3.8883261E-08   5.2181073E-06  -5.8146806E-07  -1.7443722E-06   3.8664103E-04   1.1100859E-05   9.1176989E-06  -2.9693293E-07   1.9052684E-02   1.0379574E-02  -1.7043229E-03   4.3425608E-03  -5.8593251E-04  -5.6272897E-06   6.3823509E-05   2.6505604E-05   5.6562777E-04  -1.4538045E-05  -6.1923350E-05  -2.6597393E-05  -3.6982690E-06   6.9734634E-07   5.2969290E-07   1.0428918E-05   2.9399608E-05
