# omegabh2 omegach2 theta tau w logA ns calPlanck acib217 xi asz143 aps100 aps143 aps143217 aps217 aksz kgal100 kgal143 kgal143217 kgal217 cal0 cal2
  4.1192516E-08  -6.9654641E-08   2.5406846E-08   2.9681226E-07   1.9415568E-06   5.7596162E-07   3.1531535E-07   1.9628753E-08  -1.4648852E-04   1.1773455E-06   4.8117788E-05  -8.2266178E-04  -5.0478862E-04  -1.9425031E-04  -4.4507052E-05  -5.9822243E-05  -1.6758279E-06  -4.8408228E-06  -8.8552414E-06   2.9908696E-05   1.3678209E-12  -2.6731532E-09
 -6.9654641E-08   1.5405327E-06  -7.3756934E-08  -3.1886968E-06  -2.3029700E-05  -3.7078495E-06  -3.4362566E-06  -4.4650665E-07   1.7515612E-04  -1.8460218E-06  -3.2200430E-05   7.9218668E-04   5.5387181E-04   1.4516757E-04  -7.8382489E-05   1.1120975E-04   5.1027458E-05   8.3190299E-05   1.0814418E-04   1.1431964E-05  -1.5688362E-08  -1.2020604E-10
  2.5406846E-08  -7.3756934E-08   1.7901635E-07   2.5304767E-07   3.4279990E-06   6.0591833E-07   4.5743960E-07   4.0661230E-08  -9.2508541E-05  -1.3375724E-06   3.1846773E-05  -3.8324077E-04  -1.6467165E-04  -3.8768391E-05   7.8133158E-05  -2.0192851E-05   7.0435111E-06  -2.0819213E-05   1.1514446E-05   6.7621068E-05   1.4465308E-09  -1.8941639E-09
  2.9681226E-07  -3.1886968E-06   2.5304767E-07   4.4201473E-05   5.6212809E-05   7.9303546E-05   9.7418725E-06  -4.4345072E-07  -4.7052103E-04  -6.0368648E-05   8.2444694E-04  -9.3782460E-03  -5.8173340E-03  -2.8598936E-03  -1.7964267E-03  -9.7568788E-04  -2.3432667E-04  -1.8737470E-04  -6.7515186E-05  -7.7716600E-05   2.3895014E-08   6.5817528E-08
  1.9415568E-06  -2.3029700E-05   3.4279990E-06   5.6212809E-05   1.0196488E-03   7.2299788E-05   6.0098304E-05   5.2700042E-06  -4.9682429E-03  -7.4814507E-05   1.7594405E-03  -2.6609784E-02  -2.4045964E-02  -1.1230962E-02  -2.6594342E-03  -2.2291466E-03  -1.2818498E-03  -2.3400754E-03  -1.3823489E-03   1.7019921E-03   1.6613498E-07   2.7800863E-07
  5.7596162E-07  -3.7078495E-06   6.0591833E-07   7.9303546E-05   7.2299788E-05   1.7297648E-04   1.1879018E-05   1.0458158E-05  -1.0703604E-03  -3.7272754E-05   1.2788737E-03  -1.1423275E-02  -7.8896506E-03  -2.1465283E-03   2.3110618E-03  -2.3471158E-03  -7.6679154E-04  -1.0681446E-03  -6.9033919E-04   1.0352351E-03   2.0429826E-07   1.3871275E-07
  3.1531535E-07  -3.4362566E-06   4.5743960E-07   9.7418725E-06   6.0098304E-05   1.1879018E-05   1.8495072E-05   9.2761379E-07  -5.4347311E-03   8.3506672E-05   1.2190540E-03  -2.5565019E-02  -8.0767838E-03   1.4922780E-03   6.0320941E-03  -2.6673835E-03   3.4241523E-04  -5.4766650E-04  -3.9976496E-04   1.7541388E-03  -7.5378870E-08  -9.8859848E-08
  1.9628753E-08  -4.4650665E-07   4.0661230E-08  -4.4345072E-07   5.2700042E-06   1.0458158E-05   9.2761379E-07   6.1628306E-06   5.3894397E-04   1.6041765E-05  -1.3093418E-04   4.7137397E-03   1.2017679E-03   6.9220710E-04   1.4767234E-03   7.3509753E-05  -2.8143955E-05  -1.5642454E-04  -1.1107195E-04   7.3811428E-04   1.2146460E-08   1.6283591E-08
 -1.4648852E-04   1.7515612E-04  -9.2508541E-05  -4.7052103E-04  -4.9682429E-03  -1.0703604E-03  -5.4347311E-03   5.3894397E-04   4.4936620E+01  -3.7922782E-01  -1.1275841E+00   3.7390315E+01   2.0582111E+00  -1.3544731E+01  -5.4864078E+01   6.1680818E-02  -5.8564734E-02   3.8108065E-01  -6.1408940E+00  -3.3774301E+01  -2.4132095E-04   7.8400300E-04
  1.1773455E-06  -1.8460218E-06  -1.3375724E-06  -6.0368648E-05  -7.4814507E-05  -3.7272754E-05   8.3506672E-05   1.6041765E-05  -3.7922782E-01   8.3160520E-02  -5.8954602E-02  -5.5666824E-01   9.1989396E-01   1.6308781E+00   5.9954843E-01   5.2768241E-02   7.3899191E-03   5.7866696E-03   9.7930534E-02   1.1899546E-01   4.2932141E-06  -2.9509423E-06
  4.8117788E-05  -3.2200430E-05   3.1846773E-05   8.2444694E-04   1.7594405E-03   1.2788737E-03   1.2190540E-03  -1.3093418E-04  -1.1275841E+00  -5.8954602E-02   3.9781300E+00  -2.9995780E+01  -3.6783740E+00   7.5830410E+00   5.7244447E+00  -2.9384052E+00  -2.5742958E-01   1.8899708E-01   2.7853904E+00   3.5270526E+00   1.1136120E-04  -7.1154542E-05
 -8.2266178E-04   7.9218668E-04  -3.8324077E-04  -9.3782460E-03  -2.6609784E-02  -1.1423275E-02  -2.5565019E-02   4.7137397E-03   3.7390315E+01  -5.5666824E-01  -2.9995780E+01   7.5844053E+02   7.0479075E+01  -5.0247037E+01  -5.9585560E+01   1.4367470E+01  -7.6365905E+00   5.3615617E+00  -1.3540823E+01  -2.5065418E+01   3.3670273E-03   7.4238994E-04
 -5.0478862E-04   5.5387181E-04  -1.6467165E-04  -5.8173340E-03  -2.4045964E-02  -7.8896506E-03  -8.0767838E-03   1.2017679E-03   2.0582111E+00   9.1989396E-01  -3.6783740E+00   7.0479075E+01   6.5355645E+01   4.2073931E+01   1.7720380E+01  -4.7950094E+00  -5.1777865E-01  -1.4753021E+00   3.0706637E+00   3.5563204E+00   1.2715525E-04   3.4841072E-05
 -1.9425031E-04   1.4516757E-04  -3.8768391E-05  -2.8598936E-03  -1.1230962E-02  -2.1465283E-03   1.4922780E-03   6.9220710E-04  -1.3544731E+01   1.6308781E+00   7.5830410E+00  -5.0247037E+01   4.2073931E+01   8.5585095E+01   5.5791032E+01  -1.2527844E+01  -7.4981209E-01  -6.6055551E-01   5.0260552E+00   8.4031852E+00   4.4012931E-04  -5.6786866E-04
 -4.4507052E-05  -7.8382489E-05   7.8133158E-05  -1.7964267E-03  -2.6594342E-03   2.3110618E-03   6.0320941E-03   1.4767234E-03  -5.4864078E+01   5.9954843E-01   5.7244447E+00  -5.9585560E+01   1.7720380E+01   5.5791032E+01   1.0452848E+02  -1.0089177E+01  -5.4592315E-01  -1.2001891E+00   5.8917106E+00   3.3932538E+01   4.6543139E-04  -1.4592119E-03
 -5.9822243E-05   1.1120975E-04  -2.0192851E-05  -9.7568788E-04  -2.2291466E-03  -2.3471158E-03  -2.6673835E-03   7.3509753E-05   6.1680818E-02   5.2768241E-02  -2.9384052E+00   1.4367470E+01  -4.7950094E+00  -1.2527844E+01  -1.0089177E+01   6.3061018E+00   2.0249209E-01  -2.0516169E-01  -2.1440032E+00  -2.2906249E+00  -6.9622893E-05   6.3933675E-05
 -1.6758279E-06   5.1027458E-05   7.0435111E-06  -2.3432667E-04  -1.2818498E-03  -7.6679154E-04   3.4241523E-04  -2.8143955E-05  -5.8564734E-02   7.3899191E-03  -2.5742958E-01  -7.6365905E+00  -5.1777865E-01  -7.4981209E-01  -5.4592315E-01   2.0249209E-01   3.4618046E+00   6.0942928E-01   1.2230997E-01   8.9908816E-02   1.4741213E-04  -3.0914813E-05
 -4.8408228E-06   8.3190299E-05  -2.0819213E-05  -1.8737470E-04  -2.3400754E-03  -1.0681446E-03  -5.4766650E-04  -1.5642454E-04   3.8108065E-01   5.7866696E-03   1.8899708E-01   5.3615617E+00  -1.4753021E+00  -6.6055551E-01  -1.2001891E+00  -2.0516169E-01   6.0942928E-01   3.2209050E+00   2.8022183E+00   2.9649994E+00  -1.9014298E-04  -3.8548574E-05
 -8.8552414E-06   1.0814418E-04   1.1514446E-05  -6.7515186E-05  -1.3823489E-03  -6.9033919E-04  -3.9976496E-04  -1.1107195E-04  -6.1408940E+00   9.7930534E-02   2.7853904E+00  -1.3540823E+01   3.0706637E+00   5.0260552E+00   5.8917106E+00  -2.1440032E+00   1.2230997E-01   2.8022183E+00   1.1083372E+01   1.9585936E+01   1.6297002E-05   3.6851517E-04
  2.9908696E-05   1.1431964E-05   6.7621068E-05  -7.7716600E-05   1.7019921E-03   1.0352351E-03   1.7541388E-03   7.3811428E-04  -3.3774301E+01   1.1899546E-01   3.5270526E+00  -2.5065418E+01   3.5563204E+00   8.4031852E+00   3.3932538E+01  -2.2906249E+00   8.9908816E-02   2.9649994E+00   1.9585936E+01   5.3499893E+01   1.4546483E-04   7.9024138E-04
  1.3678209E-12  -1.5688362E-08   1.4465308E-09   2.3895014E-08   1.6613498E-07   2.0429826E-07  -7.5378870E-08   1.2146460E-08  -2.4132095E-04   4.2932141E-06   1.1136120E-04   3.3670273E-03   1.2715525E-04   4.4012931E-04   4.6543139E-04  -6.9622893E-05   1.4741213E-04  -1.9014298E-04   1.6297002E-05   1.4546483E-04   3.7203038E-07  -3.4291403E-09
 -2.6731532E-09  -1.2020604E-10  -1.8941639E-09   6.5817528E-08   2.7800863E-07   1.3871275E-07  -9.8859848E-08   1.6283591E-08   7.8400300E-04  -2.9509423E-06  -7.1154542E-05   7.4238994E-04   3.4841072E-05  -5.6786866E-04  -1.4592119E-03   6.3933675E-05  -3.0914813E-05  -3.8548574E-05   3.6851517E-04   7.9024138E-04  -3.4291403E-09   3.8710206E-07
