# omegabh2 omegach2 theta tau logA ns calPlanck acib217 xi asz143 aps100 aps143 aps143217 aps217 aksz kgal100 kgal143 kgal143217 kgal217 cal0 cal2
  4.8842107E-08  -2.2767855E-07   4.5944591E-08   3.4683270E-07   3.3781763E-07   6.4326052E-07   3.2940470E-08  -1.6334108E-04   1.9568060E-06   4.8291199E-05  -7.1271938E-04  -5.1099258E-04  -1.8512523E-04  -3.8118338E-05  -6.7348019E-05   1.1958738E-05   2.6258329E-06  -1.7877161E-06   5.2370165E-05   3.7376475E-09  -4.1939270E-09
 -2.2767855E-07   4.3423599E-06  -4.2520358E-07  -3.6496809E-06   2.5489012E-06  -9.6113399E-06  -2.4224136E-07   2.3239901E-04  -3.8492538E-06  -7.6608098E-05   1.0012477E-03   1.6519943E-03   1.1129387E-03   8.8140581E-04   3.3748775E-05  -6.2309003E-05  -6.7328255E-05  -4.9599543E-05  -1.1623553E-04  -2.1307252E-08   3.8257670E-09
  4.5944591E-08  -4.2520358E-07   2.1975387E-07   4.8258643E-07   2.5115835E-07   1.1902980E-06   4.0721502E-08  -6.4667073E-05   1.0038236E-06   2.2599025E-05  -3.1908189E-04  -2.5338247E-04  -1.3049262E-04  -8.9263768E-05  -1.5755805E-05   1.1514563E-05   1.1604977E-05   2.8212434E-05   6.9755091E-05   5.9775416E-09   7.2491491E-10
  3.4683270E-07  -3.6496809E-06   4.8258643E-07   4.5852117E-05   8.3329112E-05   1.0900761E-05   1.0414900E-07  -2.0779875E-03   4.6036963E-05   5.0358634E-04  -9.2744388E-03  -4.6964187E-03  -9.9074961E-04  -1.1797319E-04  -8.7011960E-04   6.0410802E-05  -7.7291041E-05   1.3121346E-05   6.5298224E-04  -1.4226214E-08  -1.0396912E-07
  3.3781763E-07   2.5489012E-06   2.5115835E-07   8.3329112E-05   2.0206070E-04  -1.7806147E-06   1.2406805E-05  -4.6245238E-03   1.4200094E-04   8.7263463E-04  -1.5145776E-02  -4.8171752E-03   3.2232590E-03   8.3653102E-03  -2.5464388E-03  -3.4851168E-04  -1.0543337E-03  -5.6095047E-04   2.8577503E-03   1.0091716E-07  -2.3859903E-07
  6.4326052E-07  -9.6113399E-06   1.1902980E-06   1.0900761E-05  -1.7806147E-06   3.2114701E-05   5.2974497E-07  -5.1158806E-03   9.0006599E-05   1.2558134E-03  -2.6692164E-02  -1.0492943E-02  -1.0461638E-03   3.0936336E-03  -2.4059444E-03   6.8111553E-04  -2.3318953E-05  -4.3931207E-06   1.8032485E-03  -4.7497239E-08  -1.0507107E-07
  3.2940470E-08  -2.4224136E-07   4.0721502E-08   1.0414900E-07   1.2406805E-05   5.2974497E-07   6.2912773E-06   4.1867403E-04   4.7109215E-06   3.9446253E-07   2.8844038E-03   3.1363819E-04   2.3937808E-04   1.4470896E-03   1.6513695E-05   4.8318901E-05  -3.9894064E-05   2.3862396E-05   9.1470807E-04  -1.8943615E-09  -1.2479842E-08
 -1.6334108E-04   2.3239901E-04  -6.4667073E-05  -2.0779875E-03  -4.6245238E-03  -5.1158806E-03   4.1867403E-04   4.5551469E+01  -4.0512549E-01  -1.0205705E+00   3.8841650E+01   3.0746620E+00  -1.3250704E+01  -5.5609798E+01  -1.3139905E-01   1.4625441E-01   5.7735329E-01  -5.8858268E+00  -3.3773727E+01  -2.2571350E-04   7.5375314E-04
  1.9568060E-06  -3.8492538E-06   1.0038236E-06   4.6036963E-05   1.4200094E-04   9.0006599E-05   4.7109215E-06  -4.0512549E-01   8.1926014E-02  -5.5908559E-02  -4.8145755E-01   8.7740631E-01   1.6077874E+00   6.3426388E-01   6.0682800E-02  -1.4837231E-03   6.0038743E-03   9.6137819E-02   1.3457776E-01   5.6478400E-06  -1.5067486E-06
  4.8291199E-05  -7.6608098E-05   2.2599025E-05   5.0358634E-04   8.7263463E-04   1.2558134E-03   3.9446253E-07  -1.0205705E+00  -5.5908559E-02   3.9904131E+00  -3.1175247E+01  -3.6013438E+00   7.6596534E+00   5.5033559E+00  -2.9840557E+00  -2.1729743E-01   2.0938222E-01   2.8123380E+00   3.5644148E+00   1.0658064E-04  -4.4546280E-05
 -7.1271938E-04   1.0012477E-03  -3.1908189E-04  -9.2744388E-03  -1.5145776E-02  -2.6692164E-02   2.8844038E-03   3.8841650E+01  -4.8145755E-01  -3.1175247E+01   7.9429103E+02   7.2766357E+01  -5.4473119E+01  -6.2747853E+01   1.5452925E+01  -6.9780443E+00   5.4018347E+00  -1.3037882E+01  -2.6556264E+01   3.7149427E-03   7.1840441E-04
 -5.1099258E-04   1.6519943E-03  -2.5338247E-04  -4.6964187E-03  -4.8171752E-03  -1.0492943E-02   3.1363819E-04   3.0746620E+00   8.7740631E-01  -3.6013438E+00   7.2766357E+01   6.4638293E+01   4.1169655E+01   1.5819605E+01  -4.7150206E+00  -7.5188599E-01  -1.5128943E+00   3.1244338E+00   3.3870283E+00   8.5813504E-05   1.6680014E-04
 -1.8512523E-04   1.1129387E-03  -1.3049262E-04  -9.9074961E-04   3.2232590E-03  -1.0461638E-03   2.3937808E-04  -1.3250704E+01   1.6077874E+00   7.6596534E+00  -5.4473119E+01   4.1169655E+01   8.5134378E+01   5.4903958E+01  -1.2326815E+01  -9.1987595E-01  -6.9123718E-01   5.0285964E+00   8.4455775E+00   4.4463355E-04  -3.8405876E-04
 -3.8118338E-05   8.8140581E-04  -8.9263768E-05  -1.1797319E-04   8.3653102E-03   3.0936336E-03   1.4470896E-03  -5.5609798E+01   6.3426388E-01   5.5033559E+00  -6.2747853E+01   1.5819605E+01   5.4903958E+01   1.0555805E+02  -9.7153783E+00  -7.2457629E-01  -1.3276327E+00   5.5808117E+00   3.3506261E+01   4.9080640E-04  -1.3984930E-03
 -6.7348019E-05   3.3748775E-05  -1.5755805E-05  -8.7011960E-04  -2.5464388E-03  -2.4059444E-03   1.6513695E-05  -1.3139905E-01   6.0682800E-02  -2.9840557E+00   1.5452925E+01  -4.7150206E+00  -1.2326815E+01  -9.7153783E+00   6.4244591E+00   1.5932957E-01  -2.6020668E-01  -2.3178382E+00  -2.5161555E+00  -8.4603542E-05   1.8676860E-05
  1.1958738E-05  -6.2309003E-05   1.1514563E-05   6.0410802E-05  -3.4851168E-04   6.8111553E-04   4.8318901E-05   1.4625441E-01  -1.4837231E-03  -2.1729743E-01  -6.9780443E+00  -7.5188599E-01  -9.1987595E-01  -7.2457629E-01   1.5932957E-01   3.3995544E+00   4.9260175E-01  -3.5676872E-03  -9.7224596E-02   1.7329969E-04  -1.2923084E-05
  2.6258329E-06  -6.7328255E-05   1.1604977E-05  -7.7291041E-05  -1.0543337E-03  -2.3318953E-05  -3.9894064E-05   5.7735329E-01   6.0038743E-03   2.0938222E-01   5.4018347E+00  -1.5128943E+00  -6.9123718E-01  -1.3276327E+00  -2.6020668E-01   4.9260175E-01   3.2270037E+00   2.7455824E+00   2.7192038E+00  -1.8013839E-04  -4.1699267E-05
 -1.7877161E-06  -4.9599543E-05   2.8212434E-05   1.3121346E-05  -5.6095047E-04  -4.3931207E-06   2.3862396E-05  -5.8858268E+00   9.6137819E-02   2.8123380E+00  -1.3037882E+01   3.1244338E+00   5.0285964E+00   5.5808117E+00  -2.3178382E+00  -3.5676872E-03   2.7455824E+00   1.1052447E+01   1.9689630E+01  -8.8108588E-06   4.1897132E-04
  5.2370165E-05  -1.1623553E-04   6.9755091E-05   6.5298224E-04   2.8577503E-03   1.8032485E-03   9.1470807E-04  -3.3773727E+01   1.3457776E-01   3.5644148E+00  -2.6556264E+01   3.3870283E+00   8.4455775E+00   3.3506261E+01  -2.5161555E+00  -9.7224596E-02   2.7192038E+00   1.9689630E+01   5.4521794E+01   9.0852013E-05   9.4175377E-04
  3.7376475E-09  -2.1307252E-08   5.9775416E-09  -1.4226214E-08   1.0091716E-07  -4.7497239E-08  -1.8943615E-09  -2.2571350E-04   5.6478400E-06   1.0658064E-04   3.7149427E-03   8.5813504E-05   4.4463355E-04   4.9080640E-04  -8.4603542E-05   1.7329969E-04  -1.8013839E-04  -8.8108588E-06   9.0852013E-05   3.7836397E-07   5.2928854E-09
 -4.1939270E-09   3.8257670E-09   7.2491491E-10  -1.0396912E-07  -2.3859903E-07  -1.0507107E-07  -1.2479842E-08   7.5375314E-04  -1.5067486E-06  -4.4546280E-05   7.1840441E-04   1.6680014E-04  -3.8405876E-04  -1.3984930E-03   1.8676860E-05  -1.2923084E-05  -4.1699267E-05   4.1897132E-04   9.4175377E-04   5.2928854E-09   3.9255827E-07
