# omegabh2 omegach2 theta mnu logA ns
  2.5338531E-07   1.5714605E-07  -1.6542817E-07  -6.9414997E-06   1.6570147E-07  -1.6257258E-08
  1.5714605E-07   1.3799747E-03   1.6135280E-03   4.7091185E-02  -5.9083090E-03  -1.1057914E-04
 -1.6542817E-07   1.6135280E-03   4.3055739E-03   5.0009150E-02  -1.8903661E-03  -3.9314773E-05
 -6.9414997E-06   4.7091185E-02   5.0009150E-02   1.8350730E+00  -2.0383583E-01  -5.4588465E-04
  1.6570147E-07  -5.9083090E-03  -1.8903661E-03  -2.0383583E-01   3.7417049E-02   1.0069464E-03
 -1.6257258E-08  -1.1057914E-04  -3.9314773E-05  -5.4588465E-04   1.0069464E-03   4.1760211E-04
