# omegabh2 omegach2 theta tau nnu yhe logA ns calPlanck acib217 xi asz143 aps100 aps143 aps143217 aps217 aksz kgal100 kgal143 kgal143217 kgal217 galfEE100 galfEE100143 galfEE100217 galfEE143 galfEE143217 galfEE217 galfTE100 galfTE100143 galfTE100217 galfTE143 galfTE143217 galfTE217 cal0 cal2
    0.5198489E-07    0.1053006E-06    0.2729352E-07    0.1882041E-05    0.1877178E-04    0.1248491E-05    0.4386409E-05    0.1604945E-05    0.4481439E-08    0.7128977E-04   -0.1820771E-05   -0.5078467E-05    0.2849327E-03    0.7873087E-04    0.4332294E-06   -0.4271599E-04    0.1531759E-04    0.9023508E-05    0.1168881E-04    0.5433065E-05   -0.2151453E-04    0.9440376E-07    0.1178833E-06   -0.1435085E-06    0.1172508E-06   -0.1785488E-06   -0.7908071E-06   -0.6659792E-07   -0.1567452E-06   -0.1665446E-06   -0.5930458E-06   -0.1203274E-05   -0.2469019E-05   -0.3902033E-08    0.5545811E-08
    0.1053006E-06    0.2005413E-04   -0.4770084E-05   -0.1111432E-04    0.1204161E-02   -0.5585515E-04    0.1356649E-04    0.8582057E-05    0.1755830E-06    0.2865259E-03   -0.1556052E-04   -0.5082091E-04    0.1806624E-02   -0.5418562E-03   -0.1475333E-02   -0.1614743E-02    0.3716302E-03   -0.1331401E-03   -0.1608180E-04    0.1906745E-03    0.4830813E-03    0.1277535E-05    0.1452078E-05    0.2321460E-05    0.1447765E-05   -0.1842750E-05   -0.3595769E-05    0.3434988E-05    0.2680319E-05   -0.7675949E-05    0.2141873E-05   -0.3477303E-06    0.2573867E-04    0.6308464E-07    0.7681230E-07
    0.2729352E-07   -0.4770084E-05    0.1462005E-05    0.3726581E-05   -0.2994529E-03    0.1961750E-04    0.5590502E-06   -0.9301960E-07   -0.2855510E-08    0.5457997E-03   -0.9019929E-05   -0.9934944E-04    0.2016116E-02    0.1244229E-02    0.5302717E-03    0.9626720E-04    0.1165724E-03    0.7352375E-04    0.6898201E-04    0.6861223E-04   -0.9926984E-04   -0.3470248E-06   -0.4234368E-06   -0.7668064E-06   -0.4320265E-06   -0.1859591E-06   -0.1303052E-05   -0.8924432E-06   -0.7179739E-06    0.1161946E-05   -0.5903076E-06   -0.3270462E-06   -0.5025193E-05   -0.3782596E-07    0.4986188E-07
    0.1882041E-05   -0.1111432E-04    0.3726581E-05    0.3285942E-03    0.6327695E-04    0.7360442E-04    0.6405657E-03    0.7557430E-04   -0.3074348E-05   -0.6880251E-02    0.1664559E-03    0.5845178E-03   -0.2419499E-01   -0.6792865E-02    0.2543892E-02    0.7943425E-02   -0.2350044E-02   -0.1845184E-03   -0.4867733E-03   -0.2161043E-02   -0.2405511E-02    0.3476036E-05    0.4233553E-05   -0.2198189E-05    0.3455371E-05   -0.3254481E-05   -0.4529317E-04    0.8027028E-05   -0.3849421E-05   -0.1538047E-04   -0.3138414E-04   -0.4255617E-04   -0.1181117E-03   -0.3482142E-06   -0.7605878E-06
    0.1877178E-04    0.1204161E-02   -0.2994529E-03    0.6327695E-04    0.8094677E-01   -0.3500883E-02    0.2236228E-02    0.1051225E-02    0.1318023E-04    0.5443619E-02   -0.1021916E-02    0.1622491E-02    0.2847400E-01   -0.8375054E-01   -0.1205263E+00   -0.1095281E+00    0.1951321E-01   -0.5254140E-02    0.4162966E-03    0.9041058E-02    0.2529125E-01    0.1275967E-03    0.1534235E-03    0.1099634E-03    0.1536853E-03   -0.1249729E-03   -0.3925780E-03    0.2112775E-03    0.1442837E-03   -0.4891118E-03   -0.8914163E-04   -0.4416566E-03    0.4313927E-03    0.3896089E-05    0.2258534E-05
    0.1248491E-05   -0.5585515E-04    0.1961750E-04    0.7360442E-04   -0.3500883E-02    0.3274823E-03    0.8846156E-04    0.4047760E-04   -0.1616097E-06    0.1560424E-01   -0.2958687E-03   -0.2705854E-02    0.5663585E-01    0.3120357E-01    0.9804193E-02   -0.2246923E-02    0.4214459E-02    0.1459396E-02    0.1543521E-02    0.1999660E-02   -0.2105854E-02   -0.3273304E-05   -0.4818591E-05   -0.1596205E-04   -0.4466308E-05   -0.1225245E-04   -0.4907401E-04   -0.1249425E-04   -0.1314422E-04    0.8026741E-05   -0.1437848E-04   -0.1216137E-04   -0.4669607E-04   -0.8726929E-06    0.1414236E-05
    0.4386409E-05    0.1356649E-04    0.5590502E-06    0.6405657E-03    0.2236228E-02    0.8846156E-04    0.1350347E-02    0.1798790E-03    0.6684707E-05   -0.9438650E-02    0.3053308E-03    0.4036015E-03   -0.2611426E-01   -0.5598844E-02    0.7127080E-02    0.1687056E-01   -0.3545892E-02   -0.6790466E-03   -0.1161036E-02   -0.3618229E-02   -0.2245063E-02    0.9646843E-05    0.1129824E-04   -0.3101820E-05    0.1088290E-04   -0.1285896E-04   -0.1089178E-03    0.1566972E-04   -0.7926604E-05   -0.5223091E-04   -0.5913722E-04   -0.9196396E-04   -0.1706848E-03   -0.4899972E-06   -0.1027514E-05
    0.1604945E-05    0.8582057E-05   -0.9301960E-07    0.7557430E-04    0.1051225E-02    0.4047760E-04    0.1798790E-03    0.7861680E-04    0.3460887E-06    0.2091199E-02   -0.6276483E-04   -0.1418459E-03    0.1175257E-02    0.4648388E-02    0.2769506E-02    0.1854373E-02    0.6555132E-04    0.8906226E-03    0.5325159E-03    0.1502030E-03   -0.5728583E-03    0.5728897E-05    0.6505399E-05   -0.4906894E-05    0.6728555E-05   -0.7151657E-05   -0.3985916E-04    0.1676408E-05   -0.1282020E-05   -0.9453049E-05   -0.1774644E-04   -0.3588430E-04   -0.5549388E-04   -0.4093303E-06    0.1432428E-06
    0.4481439E-08    0.1755830E-06   -0.2855510E-08   -0.3074348E-05    0.1318023E-04   -0.1616097E-06    0.6684707E-05    0.3460887E-06    0.6174052E-05    0.8675019E-03    0.9803835E-05   -0.1343710E-04    0.3511009E-02    0.8610644E-03    0.5089042E-03    0.1011007E-02    0.2992356E-04   -0.3934464E-04   -0.1791198E-05    0.1583649E-03    0.1041821E-02    0.5308335E-06    0.4316813E-06   -0.5894806E-06    0.1113505E-05    0.5801945E-06    0.1867968E-05   -0.3051716E-05   -0.1554787E-05   -0.1739720E-05    0.1245313E-05   -0.1456759E-05    0.1142578E-04   -0.1776585E-09    0.5472583E-07
    0.7128977E-04    0.2865259E-03    0.5457997E-03   -0.6880251E-02    0.5443619E-02    0.1560424E-01   -0.9438650E-02    0.2091199E-02    0.8675019E-03    0.4434275E+02   -0.5174574E+00   -0.1952524E+01    0.4572953E+02    0.2726994E+01   -0.2123646E+02   -0.6139807E+02    0.9115826E+00    0.2406452E+00    0.6017179E-01   -0.1896060E+01   -0.1827823E+02   -0.3607635E-03   -0.3840236E-03   -0.5482031E-03   -0.2747841E-03   -0.5172359E-02    0.2180941E-03   -0.2893158E-02   -0.4078894E-02    0.4246299E-02    0.1277481E-03   -0.5295186E-02   -0.3970030E-02   -0.4308692E-03    0.4485413E-02
   -0.1820771E-05   -0.1556052E-04   -0.9019929E-05    0.1664559E-03   -0.1021916E-02   -0.2958687E-03    0.3053308E-03   -0.6276483E-04    0.9803835E-05   -0.5174574E+00    0.8023143E-01   -0.6408353E-01   -0.5831390E+00    0.9540499E+00    0.1853021E+01    0.7691905E+00    0.6064849E-01   -0.1340312E-01    0.7771575E-02    0.1042299E+00    0.1104416E+00   -0.1003019E-04    0.1074789E-04    0.3210984E-04    0.4834143E-05    0.6636988E-04   -0.1530994E-03   -0.5055472E-04    0.1643335E-03   -0.1582364E-03    0.3577011E-03    0.4008937E-03   -0.5562353E-03    0.1047127E-04   -0.2129250E-04
   -0.5078467E-05   -0.5082091E-04   -0.9934944E-04    0.5845178E-03    0.1622491E-02   -0.2705854E-02    0.4036015E-03   -0.1418459E-03   -0.1343710E-04   -0.1952524E+01   -0.6408353E-01    0.3677367E+01   -0.2924659E+02   -0.4315150E+01    0.7460894E+01    0.6804848E+01   -0.2528709E+01   -0.1742613E+00    0.6853128E-01    0.2213235E+01    0.2025440E+01    0.2376110E-03    0.1345315E-03   -0.1730702E-04    0.4579952E-03    0.6321758E-06    0.2597375E-02    0.8900177E-03    0.1909445E-03    0.1073803E-02   -0.9220514E-04    0.8665621E-03   -0.4007219E-02    0.2055268E-03   -0.3688320E-03
    0.2849327E-03    0.1806624E-02    0.2016116E-02   -0.2419499E-01    0.2847400E-01    0.5663585E-01   -0.2611426E-01    0.1175257E-02    0.3511009E-02    0.4572953E+02   -0.5831390E+00   -0.2924659E+02    0.7845327E+03    0.7626397E+02   -0.5765750E+02   -0.7162004E+02    0.1379171E+02   -0.3326459E+01    0.3242526E+01   -0.9965071E+01   -0.1386698E+02   -0.5258732E-02   -0.3526197E-02   -0.1155298E-01   -0.3704356E-02   -0.5921753E-02   -0.2965139E-01    0.4454644E-02   -0.8499011E-03    0.1473541E-03   -0.3854814E-02   -0.1184590E-01    0.9736526E-01    0.5917900E-02    0.4755106E-02
    0.7873087E-04   -0.5418562E-03    0.1244229E-02   -0.6792865E-02   -0.8375054E-01    0.3120357E-01   -0.5598844E-02    0.4648388E-02    0.8610644E-03    0.2726994E+01    0.9540499E+00   -0.4315150E+01    0.7626397E+02    0.6350861E+02    0.4386051E+02    0.1532395E+02   -0.3033652E+01   -0.5544578E-02   -0.7797889E+00    0.3868830E+01    0.3490463E+01   -0.1140460E-02   -0.1061300E-02   -0.1937059E-02   -0.4670185E-03   -0.5035426E-02   -0.1682470E-01    0.4151101E-03    0.6779000E-02   -0.8721827E-02    0.1392927E-01    0.8318774E-02    0.3339328E-01    0.1266238E-04    0.4530147E-03
    0.4332294E-06   -0.1475333E-02    0.5302717E-03    0.2543892E-02   -0.1205263E+00    0.9804193E-02    0.7127080E-02    0.2769506E-02    0.5089042E-03   -0.2123646E+02    0.1853021E+01    0.7460894E+01   -0.5765750E+02    0.4386051E+02    0.9782298E+02    0.6620958E+02   -0.1089630E+02   -0.6171643E+00   -0.5360391E-01    0.4475707E+01    0.4821505E+01   -0.3810288E-04   -0.2376896E-04    0.5860855E-03    0.1070651E-02   -0.1083235E-02   -0.1654486E-02    0.5922108E-02    0.9456433E-02   -0.5549107E-02    0.1423132E-01    0.1344631E-01   -0.6457238E-02    0.8256062E-03   -0.2619285E-02
   -0.4271599E-04   -0.1614743E-02    0.9626720E-04    0.7943425E-02   -0.1095281E+00   -0.2246923E-02    0.1687056E-01    0.1854373E-02    0.1011007E-02   -0.6139807E+02    0.7691905E+00    0.6804848E+01   -0.7162004E+02    0.1532395E+02    0.6620958E+02    0.1209700E+03   -0.1004337E+02   -0.4541662E+00   -0.1163292E+00   -0.8479019E+00    0.1424078E+02    0.4650888E-03    0.3252658E-03    0.2229835E-02    0.1184859E-02    0.3657067E-02    0.4855456E-02    0.9227500E-02    0.8340104E-02   -0.1117331E-01    0.5129409E-02    0.8109796E-02    0.9562394E-02    0.8942202E-03   -0.7828253E-02
    0.1531759E-04    0.3716302E-03    0.1165724E-03   -0.2350044E-02    0.1951321E-01    0.4214459E-02   -0.3545892E-02    0.6555132E-04    0.2992356E-04    0.9115826E+00    0.6064849E-01   -0.2528709E+01    0.1379171E+02   -0.3033652E+01   -0.1089630E+02   -0.1004337E+02    0.5701986E+01    0.6312369E-01   -0.5596717E-01   -0.1469478E+01   -0.1165854E+01   -0.1906766E-03   -0.3348786E-03   -0.9786647E-03   -0.5733735E-03    0.2517604E-03   -0.4017344E-02   -0.2505835E-02   -0.1568272E-02    0.2640828E-03   -0.1927359E-02   -0.5902924E-03    0.3877646E-02   -0.1582764E-03    0.2481766E-03
    0.9023508E-05   -0.1331401E-03    0.7352375E-04   -0.1845184E-03   -0.5254140E-02    0.1459396E-02   -0.6790466E-03    0.8906226E-03   -0.3934464E-04    0.2406452E+00   -0.1340312E-01   -0.1742613E+00   -0.3326459E+01   -0.5544578E-02   -0.6171643E+00   -0.4541662E+00    0.6312369E-01    0.3524967E+01    0.4822576E+00    0.1164630E+00    0.1071493E+00    0.2990724E-03    0.7904164E-04   -0.4002205E-03    0.1453056E-03   -0.1131912E-02    0.9655047E-03   -0.1229409E-02   -0.5920669E-03   -0.1976496E-02   -0.1027922E-02   -0.1588623E-02   -0.3531512E-02    0.3093617E-03   -0.1962138E-04
    0.1168881E-04   -0.1608180E-04    0.6898201E-04   -0.4867733E-03    0.4162966E-03    0.1543521E-02   -0.1161036E-02    0.5325159E-03   -0.1791198E-05    0.6017179E-01    0.7771575E-02    0.6853128E-01    0.3242526E+01   -0.7797889E+00   -0.5360391E-01   -0.1163292E+00   -0.5596717E-01    0.4822576E+00    0.3360056E+01    0.2602859E+01    0.1868495E+01   -0.4149071E-05   -0.4600067E-04   -0.5640993E-03    0.1030809E-03    0.4499767E-03    0.1381929E-02   -0.3425247E-03   -0.1469597E-02    0.1571225E-02   -0.5545606E-03    0.2318354E-03   -0.2724374E-02   -0.2723814E-03   -0.2210769E-03
    0.5433065E-05    0.1906745E-03    0.6861223E-04   -0.2161043E-02    0.9041058E-02    0.1999660E-02   -0.3618229E-02    0.1502030E-03    0.1583649E-03   -0.1896060E+01    0.1042299E+00    0.2213235E+01   -0.9965071E+01    0.3868830E+01    0.4475707E+01   -0.8479019E+00   -0.1469478E+01    0.1164630E+00    0.2602859E+01    0.1736965E+02    0.2617645E+02   -0.1215645E-03   -0.1022124E-03   -0.2068243E-02   -0.1408155E-04    0.8122421E-03   -0.6819743E-02    0.4690158E-04    0.1202824E-02   -0.1492833E-02    0.3741894E-02    0.5349413E-02    0.4734239E-02    0.5355803E-04    0.2665330E-02
   -0.2151453E-04    0.4830813E-03   -0.9926984E-04   -0.2405511E-02    0.2529125E-01   -0.2105854E-02   -0.2245063E-02   -0.5728583E-03    0.1041821E-02   -0.1827823E+02    0.1104416E+00    0.2025440E+01   -0.1386698E+02    0.3490463E+01    0.4821505E+01    0.1424078E+02   -0.1165854E+01    0.1071493E+00    0.1868495E+01    0.2617645E+02    0.5543408E+02    0.8913352E-04    0.1650638E-03   -0.3495136E-02   -0.8688522E-05    0.3023028E-02   -0.2046574E-01   -0.3898165E-03    0.4169814E-02   -0.2656988E-02    0.5727142E-02    0.7693786E-02    0.6271731E-02    0.2107650E-03    0.4754185E-02
    0.9440376E-07    0.1277535E-05   -0.3470248E-06    0.3476036E-05    0.1275967E-03   -0.3273304E-05    0.9646843E-05    0.5728897E-05    0.5308335E-06   -0.3607635E-03   -0.1003019E-04    0.2376110E-03   -0.5258732E-02   -0.1140460E-02   -0.3810288E-04    0.4650888E-03   -0.1906766E-03    0.2990724E-03   -0.4149071E-05   -0.1215645E-03    0.8913352E-04    0.3228964E-04    0.8525009E-05   -0.5539006E-05    0.3321469E-05   -0.4926437E-05   -0.3313077E-05   -0.2211055E-05   -0.1242653E-05   -0.8296889E-05   -0.5202094E-06   -0.3688975E-05   -0.1138613E-04   -0.8556474E-07   -0.6471083E-07
    0.1178833E-06    0.1452078E-05   -0.4234368E-06    0.4233553E-05    0.1534235E-03   -0.4818591E-05    0.1129824E-04    0.6505399E-05    0.4316813E-06   -0.3840236E-03    0.1074789E-04    0.1345315E-03   -0.3526197E-02   -0.1061300E-02   -0.2376896E-04    0.3252658E-03   -0.3348786E-03    0.7904164E-04   -0.4600067E-04   -0.1022124E-03    0.1650638E-03    0.8525009E-05    0.2482603E-04    0.1447820E-05    0.1254261E-04    0.2268859E-05   -0.6411762E-06   -0.1831229E-05   -0.1785282E-05   -0.4963991E-05   -0.6287605E-05   -0.1343576E-04   -0.9573889E-05   -0.6853744E-07   -0.3909206E-07
   -0.1435085E-06    0.2321460E-05   -0.7668064E-06   -0.2198189E-05    0.1099634E-03   -0.1596205E-04   -0.3101820E-05   -0.4906894E-05   -0.5894806E-06   -0.5482031E-03    0.3210984E-04   -0.1730702E-04   -0.1155298E-01   -0.1937059E-02    0.5860855E-03    0.2229835E-02   -0.9786647E-03   -0.4002205E-03   -0.5640993E-03   -0.2068243E-02   -0.3495136E-02   -0.5539006E-05    0.1447820E-05    0.1059688E-02    0.1197835E-06    0.2908779E-04    0.1358301E-04    0.1569338E-04    0.1333805E-04    0.3240537E-04    0.6917943E-05    0.2924080E-04    0.2171324E-04    0.7647576E-07   -0.3164429E-06
    0.1172508E-06    0.1447765E-05   -0.4320265E-06    0.3455371E-05    0.1536853E-03   -0.4466308E-05    0.1088290E-04    0.6728555E-05    0.1113505E-05   -0.2747841E-03    0.4834143E-05    0.4579952E-03   -0.3704356E-02   -0.4670185E-03    0.1070651E-02    0.1184859E-02   -0.5733735E-03    0.1453056E-03    0.1030809E-03   -0.1408155E-04   -0.8688522E-05    0.3321469E-05    0.1254261E-04    0.1197835E-06    0.4805497E-04    0.9187226E-06    0.7635389E-05   -0.6277503E-06   -0.4649974E-05   -0.4759633E-05   -0.9222071E-05   -0.4424908E-06    0.1973521E-04   -0.9805857E-07   -0.1587338E-06
   -0.1785488E-06   -0.1842750E-05   -0.1859591E-06   -0.3254481E-05   -0.1249729E-03   -0.1225245E-04   -0.1285896E-04   -0.7151657E-05    0.5801945E-06   -0.5172359E-02    0.6636988E-04    0.6321758E-06   -0.5921753E-02   -0.5035426E-02   -0.1083235E-02    0.3657067E-02    0.2517604E-03   -0.1131912E-02    0.4499767E-03    0.8122421E-03    0.3023028E-02   -0.4926437E-05    0.2268859E-05    0.2908779E-04    0.9187226E-06    0.2129973E-02    0.8143701E-04   -0.1115044E-04    0.1406364E-05   -0.1413190E-04    0.4797225E-04   -0.2018110E-04   -0.1349414E-03   -0.1026557E-06   -0.2434686E-06
   -0.7908071E-06   -0.3595769E-05   -0.1303052E-05   -0.4529317E-04   -0.3925780E-03   -0.4907401E-04   -0.1089178E-03   -0.3985916E-04    0.1867968E-05    0.2180941E-03   -0.1530994E-03    0.2597375E-02   -0.2965139E-01   -0.1682470E-01   -0.1654486E-02    0.4855456E-02   -0.4017344E-02    0.9655047E-03    0.1381929E-02   -0.6819743E-02   -0.2046574E-01   -0.3313077E-05   -0.6411762E-06    0.1358301E-04    0.7635389E-05    0.8143701E-04    0.1739858E-01   -0.4333071E-04    0.3909543E-04    0.1442784E-04    0.1091786E-03   -0.5075286E-05    0.3171687E-03    0.1629573E-05   -0.3506284E-05
   -0.6659792E-07    0.3434988E-05   -0.8924432E-06    0.8027028E-05    0.2112775E-03   -0.1249425E-04    0.1566972E-04    0.1676408E-05   -0.3051716E-05   -0.2893158E-02   -0.5055472E-04    0.8900177E-03    0.4454644E-02    0.4151101E-03    0.5922108E-02    0.9227500E-02   -0.2505835E-02   -0.1229409E-02   -0.3425247E-03    0.4690158E-04   -0.3898165E-03   -0.2211055E-05   -0.1831229E-05    0.1569338E-04   -0.6277503E-06   -0.1115044E-04   -0.4333071E-04    0.1452776E-02    0.3051454E-03    0.9781740E-04   -0.3744658E-03   -0.5729980E-04   -0.1592624E-03   -0.4961062E-07   -0.5439557E-06
   -0.1567452E-06    0.2680319E-05   -0.7179739E-06   -0.3849421E-05    0.1442837E-03   -0.1314422E-04   -0.7926604E-05   -0.1282020E-05   -0.1554787E-05   -0.4078894E-02    0.1643335E-03    0.1909445E-03   -0.8499011E-03    0.6779000E-02    0.9456433E-02    0.8340104E-02   -0.1568272E-02   -0.5920669E-03   -0.1469597E-02    0.1202824E-02    0.4169814E-02   -0.1242653E-05   -0.1785282E-05    0.1333805E-04   -0.4649974E-05    0.1406364E-05    0.3909543E-04    0.3051454E-03    0.8883692E-03    0.5345320E-04    0.7842508E-03    0.6330814E-04   -0.6869416E-03    0.2296936E-06    0.3368402E-06
   -0.1665446E-06   -0.7675949E-05    0.1161946E-05   -0.1538047E-04   -0.4891118E-03    0.8026741E-05   -0.5223091E-04   -0.9453049E-05   -0.1739720E-05    0.4246299E-02   -0.1582364E-03    0.1073803E-02    0.1473541E-03   -0.8721827E-02   -0.5549107E-02   -0.1117331E-01    0.2640828E-03   -0.1976496E-02    0.1571225E-02   -0.1492833E-02   -0.2656988E-02   -0.8296889E-05   -0.4963991E-05    0.3240537E-04   -0.4759633E-05   -0.1413190E-04    0.1442784E-04    0.9781740E-04    0.5345320E-04    0.7156041E-02   -0.2542823E-03    0.6948187E-03    0.4572460E-02   -0.7938191E-06    0.4871212E-06
   -0.5930458E-06    0.2141873E-05   -0.5903076E-06   -0.3138414E-04   -0.8914163E-04   -0.1437848E-04   -0.5913722E-04   -0.1774644E-04    0.1245313E-05    0.1277481E-03    0.3577011E-03   -0.9220514E-04   -0.3854814E-02    0.1392927E-01    0.1423132E-01    0.5129409E-02   -0.1927359E-02   -0.1027922E-02   -0.5545606E-03    0.3741894E-02    0.5727142E-02   -0.5202094E-06   -0.6287605E-05    0.6917943E-05   -0.9222071E-05    0.4797225E-04    0.1091786E-03   -0.3744658E-03    0.7842508E-03   -0.2542823E-03    0.2941894E-02    0.4996222E-03   -0.8859619E-03    0.1844655E-06    0.1036814E-05
   -0.1203274E-05   -0.3477303E-06   -0.3270462E-06   -0.4255617E-04   -0.4416566E-03   -0.1216137E-04   -0.9196396E-04   -0.3588430E-04   -0.1456759E-05   -0.5295186E-02    0.4008937E-03    0.8665621E-03   -0.1184590E-01    0.8318774E-02    0.1344631E-01    0.8109796E-02   -0.5902924E-03   -0.1588623E-02    0.2318354E-03    0.5349413E-02    0.7693786E-02   -0.3688975E-05   -0.1343576E-04    0.2924080E-04   -0.4424908E-06   -0.2018110E-04   -0.5075286E-05   -0.5729980E-04    0.6330814E-04    0.6948187E-03    0.4996222E-03    0.6446187E-02    0.7936972E-02    0.4896101E-06    0.1995757E-06
   -0.2469019E-05    0.2573867E-04   -0.5025193E-05   -0.1181117E-03    0.4313927E-03   -0.4669607E-04   -0.1706848E-03   -0.5549388E-04    0.1142578E-04   -0.3970030E-02   -0.5562353E-03   -0.4007219E-02    0.9736526E-01    0.3339328E-01   -0.6457238E-02    0.9562394E-02    0.3877646E-02   -0.3531512E-02   -0.2724374E-02    0.4734239E-02    0.6271731E-02   -0.1138613E-04   -0.9573889E-05    0.2171324E-04    0.1973521E-04   -0.1349414E-03    0.3171687E-03   -0.1592624E-03   -0.6869416E-03    0.4572460E-02   -0.8859619E-03    0.7936972E-02    0.6684554E-01   -0.4187125E-07   -0.4955997E-05
   -0.3902033E-08    0.6308464E-07   -0.3782596E-07   -0.3482142E-06    0.3896089E-05   -0.8726929E-06   -0.4899972E-06   -0.4093303E-06   -0.1776585E-09   -0.4308692E-03    0.1047127E-04    0.2055268E-03    0.5917900E-02    0.1266238E-04    0.8256062E-03    0.8942202E-03   -0.1582764E-03    0.3093617E-03   -0.2723814E-03    0.5355803E-04    0.2107650E-03   -0.8556474E-07   -0.6853744E-07    0.7647576E-07   -0.9805857E-07   -0.1026557E-06    0.1629573E-05   -0.4961062E-07    0.2296936E-06   -0.7938191E-06    0.1844655E-06    0.4896101E-06   -0.4187125E-07    0.6184264E-06   -0.3421149E-08
    0.5545811E-08    0.7681230E-07    0.4986188E-07   -0.7605878E-06    0.2258534E-05    0.1414236E-05   -0.1027514E-05    0.1432428E-06    0.5472583E-07    0.4485413E-02   -0.2129250E-04   -0.3688320E-03    0.4755106E-02    0.4530147E-03   -0.2619285E-02   -0.7828253E-02    0.2481766E-03   -0.1962138E-04   -0.2210769E-03    0.2665330E-02    0.4754185E-02   -0.6471083E-07   -0.3909206E-07   -0.3164429E-06   -0.1587338E-06   -0.2434686E-06   -0.3506284E-05   -0.5439557E-06    0.3368402E-06    0.4871212E-06    0.1036814E-05    0.1995757E-06   -0.4955997E-05   -0.3421149E-08    0.2139124E-05
