# omegabh2 omegach2 theta tau meffsterile nnu logA ns calPlanck acib217 xi asz143 aps100 aps143 aps143217 aps217 aksz kgal100 kgal143 kgal143217 kgal217 galfEE100 galfEE100143 galfEE100217 galfEE143 galfEE143217 galfEE217 galfTE100 galfTE100143 galfTE100217 galfTE143 galfTE143217 galfTE217 cal0 cal2
    0.2730290E-07    0.1051261E-06   -0.1276736E-08    0.1075138E-05   -0.9463192E-06    0.9434250E-05    0.2345555E-05    0.5774921E-06    0.5516310E-08   -0.4316538E-04    0.1229487E-05    0.1149600E-04   -0.1878081E-03   -0.1023495E-03   -0.1979846E-04    0.5133851E-05   -0.2052689E-04    0.1515530E-05   -0.2027893E-05   -0.4033877E-05    0.5818316E-06    0.5389661E-07    0.6305348E-07   -0.1027223E-07    0.7229368E-07    0.3048339E-07    0.2737594E-06   -0.1552435E-06   -0.5465712E-07   -0.2672713E-06   -0.2076867E-06   -0.5978337E-06   -0.2283007E-05    0.1648732E-08   -0.2736595E-08
    0.1051261E-06    0.1360206E-04   -0.6138437E-06    0.7752262E-05   -0.6972016E-03    0.2885861E-03    0.2901631E-04    0.1098424E-04   -0.2505961E-06    0.2549753E-02   -0.7079407E-04   -0.4266269E-03    0.1043639E-01    0.2708816E-02   -0.1402089E-02   -0.2988650E-02    0.9568958E-03    0.1318269E-03    0.1935557E-03    0.3744749E-03   -0.1476945E-03    0.5179952E-06    0.4039376E-06    0.2636863E-06    0.4841751E-06   -0.4690639E-05   -0.1151902E-04   -0.8694147E-06    0.4721794E-06   -0.3713352E-05   -0.5540589E-06    0.3352682E-05    0.4473554E-05   -0.3278635E-07    0.2523907E-06
   -0.1276736E-08   -0.6138437E-06    0.1282358E-06   -0.2635150E-06    0.1810892E-04   -0.2146486E-04   -0.1376809E-05   -0.6043624E-06    0.1722236E-07   -0.1283511E-03    0.3221935E-05    0.2225103E-04   -0.6069013E-03   -0.2205518E-03   -0.8280534E-06    0.8497948E-04   -0.5846364E-04   -0.3178968E-05   -0.5814863E-05   -0.2123108E-04    0.4151284E-05   -0.3327717E-07   -0.2808145E-07    0.5180703E-07   -0.4119138E-07    0.1476200E-06    0.9162466E-07    0.1577250E-07   -0.9378955E-07    0.2825729E-06   -0.1348335E-06   -0.1297262E-06   -0.1811655E-05   -0.2604004E-09   -0.1335464E-07
    0.1075138E-05    0.7752262E-05   -0.2635150E-06    0.3016380E-03   -0.2680690E-03    0.5519191E-03    0.5994969E-03    0.4783773E-04   -0.3245725E-05   -0.8047517E-02    0.2275774E-03    0.1122720E-02   -0.3496209E-01   -0.9023982E-02    0.2754330E-02    0.7347381E-02   -0.3535765E-02   -0.2020667E-03   -0.5187154E-03   -0.1956547E-02   -0.2163704E-02    0.1624138E-05    0.3348224E-05   -0.5499707E-05    0.4272946E-05   -0.2900466E-05   -0.8816173E-05   -0.1030699E-04   -0.4910875E-05   -0.4258671E-05   -0.7293558E-05   -0.1821591E-04   -0.8038001E-04   -0.1644364E-07   -0.1056007E-05
   -0.9463192E-06   -0.6972016E-03    0.1810892E-04   -0.2680690E-03    0.5426974E-01   -0.6579063E-02   -0.9013239E-03   -0.4452441E-03    0.1797353E-04   -0.9822741E-01    0.3143508E-02    0.1377267E-01   -0.3610928E+00   -0.1544770E-01    0.1316492E+00    0.1829069E+00   -0.3494784E-01   -0.7655809E-02   -0.1093169E-01   -0.1570476E-01    0.5202818E-02   -0.2300522E-04   -0.2367861E-04   -0.3179671E-04   -0.2962947E-04    0.1615737E-03    0.9071620E-03   -0.7269436E-04   -0.1053111E-04    0.5485741E-04    0.1769291E-03   -0.2765329E-03   -0.2836899E-03    0.6570415E-06   -0.1055634E-04
    0.9434250E-05    0.2885861E-03   -0.2146486E-04    0.5519191E-03   -0.6579063E-02    0.1288457E-01    0.1529154E-02    0.5309652E-03   -0.7313298E-06    0.7627311E-01   -0.1635498E-02   -0.1302689E-01    0.3092806E+00    0.1073716E+00   -0.8807660E-02   -0.6424557E-01    0.2833444E-01    0.5176646E-02    0.5172981E-02    0.7530904E-02   -0.1131159E-01    0.3493831E-04    0.3345895E-04   -0.1163935E-04    0.3933863E-04   -0.1605386E-03   -0.1158863E-03   -0.1324621E-03    0.8271535E-05   -0.1359203E-03    0.2990487E-04   -0.7061877E-04   -0.2710843E-03   -0.8238175E-06    0.6724393E-05
    0.2345555E-05    0.2901631E-04   -0.1376809E-05    0.5994969E-03   -0.9013239E-03    0.1529154E-02    0.1241839E-02    0.1057021E-03    0.5927782E-05   -0.1308629E-01    0.4240781E-03    0.1804757E-02   -0.5135686E-01   -0.1136999E-01    0.8702916E-02    0.1829426E-01   -0.6832257E-02   -0.5293217E-03   -0.1429516E-02   -0.3944551E-02   -0.2729487E-02    0.4899607E-05    0.7498117E-05   -0.1102506E-04    0.1036628E-04   -0.1619966E-04   -0.2361435E-04   -0.2156079E-04   -0.7435067E-05   -0.1802719E-04   -0.8382125E-05   -0.4061367E-04   -0.1484115E-03    0.1632527E-06   -0.1867513E-05
    0.5774921E-06    0.1098424E-04   -0.6043624E-06    0.4783773E-04   -0.4452441E-03    0.5309652E-03    0.1057021E-03    0.3940826E-04    0.1442615E-06   -0.1440824E-02    0.6249558E-04    0.4489266E-03   -0.1196758E-01   -0.1831026E-02    0.2217194E-02    0.2707157E-02   -0.1169319E-02    0.5210698E-03    0.1770018E-03   -0.2845856E-03   -0.3445645E-03    0.3500693E-05    0.4250247E-05    0.8598250E-07    0.4937521E-05   -0.6277131E-05   -0.5068855E-05   -0.6117816E-05   -0.5258702E-06   -0.1840272E-05   -0.5325867E-05   -0.9212852E-05   -0.2358128E-04   -0.1996146E-06   -0.1440153E-06
    0.5516310E-08   -0.2505961E-06    0.1722236E-07   -0.3245725E-05    0.1797353E-04   -0.7313298E-06    0.5927782E-05    0.1442615E-06    0.6261313E-05    0.7800623E-03   -0.5886442E-05    0.5383597E-04    0.3189467E-02    0.4528324E-03    0.4695433E-03    0.1316161E-02   -0.1066836E-03    0.5941200E-05   -0.2101025E-04   -0.5429004E-04    0.8011064E-03    0.8247789E-06    0.6874733E-06   -0.2433923E-08    0.1159629E-05   -0.1165602E-05    0.2745873E-05    0.6276129E-06    0.3003802E-06   -0.1715029E-05    0.4776312E-06   -0.3875035E-05    0.3722836E-05   -0.1954223E-08    0.6126485E-10
   -0.4316538E-04    0.2549753E-02   -0.1283511E-03   -0.8047517E-02   -0.9822741E-01    0.7627311E-01   -0.1308629E-01   -0.1440824E-02    0.7800623E-03    0.4401115E+02   -0.5137125E+00   -0.1555639E+01    0.4211873E+02   -0.1758049E+00   -0.2182063E+02   -0.6174361E+02    0.3976260E+00    0.1897378E-01    0.1946970E+00   -0.1752875E+01   -0.1833560E+02    0.6072426E-03   -0.6161088E-03    0.4572349E-03   -0.5213122E-03   -0.7068907E-03   -0.9188633E-02   -0.1627829E-02   -0.9413383E-03   -0.8099928E-02   -0.4129500E-02   -0.3860889E-02   -0.4286472E-02   -0.2533510E-03    0.4473563E-02
    0.1229487E-05   -0.7079407E-04    0.3221935E-05    0.2275774E-03    0.3143508E-02   -0.1635498E-02    0.4240781E-03    0.6249558E-04   -0.5886442E-05   -0.5137125E+00    0.8070141E-01   -0.6726401E-01   -0.6142401E+00    0.1002560E+01    0.1908992E+01    0.8019465E+00    0.6145942E-01   -0.2036829E-02   -0.7287994E-03    0.9009457E-01    0.9278148E-01    0.1402496E-05    0.1051705E-04    0.1544944E-03    0.2791935E-04   -0.5915528E-04    0.9382073E-04    0.4174962E-04    0.1245050E-03    0.2834380E-03    0.7729735E-04   -0.1214597E-03   -0.5245502E-03    0.6022457E-05   -0.1939417E-04
    0.1149600E-04   -0.4266269E-03    0.2225103E-04    0.1122720E-02    0.1377267E-01   -0.1302689E-01    0.1804757E-02    0.4489266E-03    0.5383597E-04   -0.1555639E+01   -0.6726401E-01    0.3606489E+01   -0.2790959E+02   -0.3692047E+01    0.7427096E+01    0.6382813E+01   -0.2526091E+01   -0.1619897E+00    0.2287199E-01    0.2260467E+01    0.2029165E+01    0.6316524E-04    0.3109205E-03    0.4427360E-04    0.1948498E-03    0.1747262E-02    0.4514632E-03    0.1305157E-03   -0.2516866E-03   -0.3083702E-03   -0.1054796E-02   -0.4965853E-03   -0.1983297E-02    0.1725090E-03   -0.3444816E-03
   -0.1878081E-03    0.1043639E-01   -0.6069013E-03   -0.3496209E-01   -0.3610928E+00    0.3092806E+00   -0.5135686E-01   -0.1196758E-01    0.3189467E-02    0.4211873E+02   -0.6142401E+00   -0.2790959E+02    0.7645608E+03    0.6616269E+02   -0.5934187E+02   -0.6822784E+02    0.1244653E+02   -0.4028580E+01    0.3554449E+01   -0.1039436E+02   -0.1497488E+02   -0.3524515E-03   -0.5180973E-02   -0.6957655E-02   -0.3459860E-02   -0.1318510E-01    0.7219655E-02    0.6056851E-02    0.1138383E-02   -0.2332397E-01    0.2216339E-01   -0.2978679E-02   -0.4390077E-01    0.6256050E-02    0.4035692E-02
   -0.1023495E-03    0.2708816E-02   -0.2205518E-03   -0.9023982E-02   -0.1544770E-01    0.1073716E+00   -0.1136999E-01   -0.1831026E-02    0.4528324E-03   -0.1758049E+00    0.1002560E+01   -0.3692047E+01    0.6616269E+02    0.5960657E+02    0.4428097E+02    0.1824300E+02   -0.4203640E+01   -0.2567893E+00   -0.1233487E+01    0.3301502E+01    0.3152088E+01   -0.2112566E-03   -0.9881643E-03    0.5019610E-03   -0.7800520E-03   -0.4225522E-02   -0.2396466E-02    0.1094183E-02    0.3075675E-02   -0.2893189E-02    0.1025526E-01    0.3935298E-02    0.8928177E-02    0.1403008E-03    0.3597445E-04
   -0.1979846E-04   -0.1402089E-02   -0.8280534E-06    0.2754330E-02    0.1316492E+00   -0.8807660E-02    0.8702916E-02    0.2217194E-02    0.4695433E-03   -0.2182063E+02    0.1908992E+01    0.7427096E+01   -0.5934187E+02    0.4428097E+02    0.9881595E+02    0.6713668E+02   -0.1141658E+02   -0.5678677E+00   -0.6903930E+00    0.4043628E+01    0.4523225E+01    0.1287943E-03    0.6908575E-03    0.3345936E-02    0.8020592E-03   -0.1258424E-03    0.1380743E-02    0.2734150E-02    0.2641193E-02    0.4388365E-02    0.5742870E-02    0.3735751E-02   -0.1124357E-01    0.7393655E-03   -0.2645693E-02
    0.5133851E-05   -0.2988650E-02    0.8497948E-04    0.7347381E-02    0.1829069E+00   -0.6424557E-01    0.1829426E-01    0.2707157E-02    0.1316161E-02   -0.6174361E+02    0.8019465E+00    0.6382813E+01   -0.6822784E+02    0.1824300E+02    0.6713668E+02    0.1220979E+03   -0.9952015E+01   -0.3201882E+00   -0.5999607E+00   -0.1098832E+01    0.1451949E+02   -0.5045347E-03    0.1109910E-02    0.4836353E-04    0.1121503E-02   -0.2475625E-02    0.1238330E-01    0.3335134E-02    0.7973108E-03    0.7420184E-02    0.9092238E-02    0.1095716E-01    0.1333044E-01    0.7050218E-03   -0.7804336E-02
   -0.2052689E-04    0.9568958E-03   -0.5846364E-04   -0.3535765E-02   -0.3494784E-01    0.2833444E-01   -0.6832257E-02   -0.1169319E-02   -0.1066836E-03    0.3976260E+00    0.6145942E-01   -0.2526091E+01    0.1244653E+02   -0.4203640E+01   -0.1141658E+02   -0.9952015E+01    0.5797429E+01    0.1340824E+00   -0.4794402E-01   -0.1805474E+01   -0.1499897E+01   -0.1810903E-03   -0.2945329E-03    0.1560230E-03   -0.2757768E-03   -0.2444441E-03    0.1374411E-02   -0.9750674E-03    0.2567310E-03    0.1907780E-02    0.3510316E-03    0.2419421E-03    0.7613981E-03   -0.1316059E-03    0.1622798E-03
    0.1515530E-05    0.1318269E-03   -0.3178968E-05   -0.2020667E-03   -0.7655809E-02    0.5176646E-02   -0.5293217E-03    0.5210698E-03    0.5941200E-05    0.1897378E-01   -0.2036829E-02   -0.1619897E+00   -0.4028580E+01   -0.2567893E+00   -0.5678677E+00   -0.3201882E+00    0.1340824E+00    0.3532792E+01    0.3984526E+00    0.1048278E+00    0.1603080E+00    0.6119043E-04    0.1545372E-03    0.8968643E-03    0.3050030E-03   -0.5047733E-03   -0.3381103E-03   -0.8724565E-03    0.1924819E-03   -0.5908210E-03    0.1015521E-03    0.8290126E-03   -0.2478517E-03    0.3103797E-03    0.1230826E-04
   -0.2027893E-05    0.1935557E-03   -0.5814863E-05   -0.5187154E-03   -0.1093169E-01    0.5172981E-02   -0.1429516E-02    0.1770018E-03   -0.2101025E-04    0.1946970E+00   -0.7287994E-03    0.2287199E-01    0.3554449E+01   -0.1233487E+01   -0.6903930E+00   -0.5999607E+00   -0.4794402E-01    0.3984526E+00    0.3365747E+01    0.2541403E+01    0.1657412E+01    0.1124397E-03   -0.1335313E-03    0.9040604E-03   -0.3984172E-04   -0.8205901E-03    0.6799993E-03   -0.1439486E-03   -0.2131685E-03    0.3497650E-03    0.1834970E-03   -0.1024052E-02    0.1025359E-02   -0.2780014E-03   -0.1976821E-03
   -0.4033877E-05    0.3744749E-03   -0.2123108E-04   -0.1956547E-02   -0.1570476E-01    0.7530904E-02   -0.3944551E-02   -0.2845856E-03   -0.5429004E-04   -0.1752875E+01    0.9009457E-01    0.2260467E+01   -0.1039436E+02    0.3301502E+01    0.4043628E+01   -0.1098832E+01   -0.1805474E+01    0.1048278E+00    0.2541403E+01    0.1713685E+02    0.2566110E+02   -0.7002599E-04   -0.2436951E-03    0.1060543E-02   -0.3969635E-03    0.3876915E-03   -0.3896033E-02   -0.3865892E-03    0.1714071E-02   -0.1047487E-02    0.1188366E-02    0.4700417E-03   -0.2375657E-02    0.3819943E-05    0.2572810E-02
    0.5818316E-06   -0.1476945E-03    0.4151284E-05   -0.2163704E-02    0.5202818E-02   -0.1131159E-01   -0.2729487E-02   -0.3445645E-03    0.8011064E-03   -0.1833560E+02    0.9278148E-01    0.2029165E+01   -0.1497488E+02    0.3152088E+01    0.4523225E+01    0.1451949E+02   -0.1499897E+01    0.1603080E+00    0.1657412E+01    0.2566110E+02    0.5463752E+02   -0.2394910E-03   -0.2189864E-03    0.3908869E-03   -0.6147569E-03    0.1517968E-02   -0.3412970E-02    0.8644743E-03    0.3566116E-02    0.2997953E-02    0.4332531E-02    0.1332632E-02   -0.1246071E-01    0.9345234E-04    0.4562371E-02
    0.5389661E-07    0.5179952E-06   -0.3327717E-07    0.1624138E-05   -0.2300522E-04    0.3493831E-04    0.4899607E-05    0.3500693E-05    0.8247789E-06    0.6072426E-03    0.1402496E-05    0.6316524E-04   -0.3524515E-03   -0.2112566E-03    0.1287943E-03   -0.5045347E-03   -0.1810903E-03    0.6119043E-04    0.1124397E-03   -0.7002599E-04   -0.2394910E-03    0.3160319E-04    0.8236282E-05   -0.6436982E-06    0.2727910E-05    0.1772164E-05    0.1485435E-04   -0.1143019E-05   -0.3880661E-06   -0.5700843E-05   -0.4807915E-06   -0.8313188E-05   -0.1055730E-04   -0.4371160E-07    0.5571578E-07
    0.6305348E-07    0.4039376E-06   -0.2808145E-07    0.3348224E-05   -0.2367861E-04    0.3345895E-04    0.7498117E-05    0.4250247E-05    0.6874733E-06   -0.6161088E-03    0.1051705E-04    0.3109205E-03   -0.5180973E-02   -0.9881643E-03    0.6908575E-03    0.1109910E-02   -0.2945329E-03    0.1545372E-03   -0.1335313E-03   -0.2436951E-03   -0.2189864E-03    0.8236282E-05    0.2479364E-04   -0.1150637E-05    0.1209545E-04   -0.2514853E-05    0.4026613E-05    0.3074996E-06   -0.1536457E-06   -0.1591825E-05   -0.2441462E-05   -0.6656071E-06   -0.2687201E-05   -0.3342507E-07   -0.1309489E-06
   -0.1027223E-07    0.2636863E-06    0.5180703E-07   -0.5499707E-05   -0.3179671E-04   -0.1163935E-04   -0.1102506E-04    0.8598250E-07   -0.2433923E-08    0.4572349E-03    0.1544944E-03    0.4427360E-04   -0.6957655E-02    0.5019610E-03    0.3345936E-02    0.4836353E-04    0.1560230E-03    0.8968643E-03    0.9040604E-03    0.1060543E-02    0.3908869E-03   -0.6436982E-06   -0.1150637E-05    0.1083434E-02   -0.2670902E-05    0.6641938E-05    0.5608006E-04    0.1215491E-04   -0.3622494E-05    0.4069750E-05   -0.1186170E-04   -0.1144652E-04   -0.5115097E-04    0.2204433E-06    0.3777980E-06
    0.7229368E-07    0.4841751E-06   -0.4119138E-07    0.4272946E-05   -0.2962947E-04    0.3933863E-04    0.1036628E-04    0.4937521E-05    0.1159629E-05   -0.5213122E-03    0.2791935E-04    0.1948498E-03   -0.3459860E-02   -0.7800520E-03    0.8020592E-03    0.1121503E-02   -0.2757768E-03    0.3050030E-03   -0.3984172E-04   -0.3969635E-03   -0.6147569E-03    0.2727910E-05    0.1209545E-04   -0.2670902E-05    0.4727464E-04   -0.4739570E-05    0.3605732E-05    0.9949004E-06   -0.2029193E-05   -0.1750885E-05   -0.3651843E-05   -0.4322222E-06    0.1350246E-04   -0.1664753E-07   -0.2241775E-06
    0.3048339E-07   -0.4690639E-05    0.1476200E-06   -0.2900466E-05    0.1615737E-03   -0.1605386E-03   -0.1619966E-04   -0.6277131E-05   -0.1165602E-05   -0.7068907E-03   -0.5915528E-04    0.1747262E-02   -0.1318510E-01   -0.4225522E-02   -0.1258424E-03   -0.2475625E-02   -0.2444441E-03   -0.5047733E-03   -0.8205901E-03    0.3876915E-03    0.1517968E-02    0.1772164E-05   -0.2514853E-05    0.6641938E-05   -0.4739570E-05    0.2218329E-02    0.6273369E-04   -0.7331826E-05   -0.1535442E-04   -0.2489378E-04   -0.1534094E-04    0.1064439E-04    0.8702817E-05    0.1871154E-06   -0.8261013E-07
    0.2737594E-06   -0.1151902E-04    0.9162466E-07   -0.8816173E-05    0.9071620E-03   -0.1158863E-03   -0.2361435E-04   -0.5068855E-05    0.2745873E-05   -0.9188633E-02    0.9382073E-04    0.4514632E-03    0.7219655E-02   -0.2396466E-02    0.1380743E-02    0.1238330E-01    0.1374411E-02   -0.3381103E-03    0.6799993E-03   -0.3896033E-02   -0.3412970E-02    0.1485435E-04    0.4026613E-05    0.5608006E-04    0.3605732E-05    0.6273369E-04    0.1699694E-01    0.3707846E-04    0.3077430E-04    0.2582242E-04   -0.7394784E-04   -0.7584977E-04    0.1441856E-03   -0.2394620E-06   -0.3428209E-05
   -0.1552435E-06   -0.8694147E-06    0.1577250E-07   -0.1030699E-04   -0.7269436E-04   -0.1324621E-03   -0.2156079E-04   -0.6117816E-05    0.6276129E-06   -0.1627829E-02    0.4174962E-04    0.1305157E-03    0.6056851E-02    0.1094183E-02    0.2734150E-02    0.3335134E-02   -0.9750674E-03   -0.8724565E-03   -0.1439486E-03   -0.3865892E-03    0.8644743E-03   -0.1143019E-05    0.3074996E-06    0.1215491E-04    0.9949004E-06   -0.7331826E-05    0.3707846E-04    0.1444823E-02    0.3036737E-03    0.1251989E-03   -0.3876635E-03   -0.1293259E-03   -0.1506675E-03    0.3625251E-06   -0.5106548E-07
   -0.5465712E-07    0.4721794E-06   -0.9378955E-07   -0.4910875E-05   -0.1053111E-04    0.8271535E-05   -0.7435067E-05   -0.5258702E-06    0.3003802E-06   -0.9413383E-03    0.1245050E-03   -0.2516866E-03    0.1138383E-02    0.3075675E-02    0.2641193E-02    0.7973108E-03    0.2567310E-03    0.1924819E-03   -0.2131685E-03    0.1714071E-02    0.3566116E-02   -0.3880661E-06   -0.1536457E-06   -0.3622494E-05   -0.2029193E-05   -0.1535442E-04    0.3077430E-04    0.3036737E-03    0.8385578E-03    0.1588691E-04    0.7188390E-03    0.3526942E-04   -0.5925650E-03   -0.1457658E-06    0.3306474E-06
   -0.2672713E-06   -0.3713352E-05    0.2825729E-06   -0.4258671E-05    0.5485741E-04   -0.1359203E-03   -0.1802719E-04   -0.1840272E-05   -0.1715029E-05   -0.8099928E-02    0.2834380E-03   -0.3083702E-03   -0.2332397E-01   -0.2893189E-02    0.4388365E-02    0.7420184E-02    0.1907780E-02   -0.5908210E-03    0.3497650E-03   -0.1047487E-02    0.2997953E-02   -0.5700843E-05   -0.1591825E-05    0.4069750E-05   -0.1750885E-05   -0.2489378E-04    0.2582242E-04    0.1251989E-03    0.1588691E-04    0.7023303E-02   -0.2910910E-03    0.7159921E-03    0.4467929E-02   -0.4362675E-06   -0.2762359E-07
   -0.2076867E-06   -0.5540589E-06   -0.1348335E-06   -0.7293558E-05    0.1769291E-03    0.2990487E-04   -0.8382125E-05   -0.5325867E-05    0.4776312E-06   -0.4129500E-02    0.7729735E-04   -0.1054796E-02    0.2216339E-01    0.1025526E-01    0.5742870E-02    0.9092238E-02    0.3510316E-03    0.1015521E-03    0.1834970E-03    0.1188366E-02    0.4332531E-02   -0.4807915E-06   -0.2441462E-05   -0.1186170E-04   -0.3651843E-05   -0.1534094E-04   -0.7394784E-04   -0.3876635E-03    0.7188390E-03   -0.2910910E-03    0.2860430E-02    0.4580362E-03   -0.8608689E-03    0.1674550E-06   -0.3735081E-06
   -0.5978337E-06    0.3352682E-05   -0.1297262E-06   -0.1821591E-04   -0.2765329E-03   -0.7061877E-04   -0.4061367E-04   -0.9212852E-05   -0.3875035E-05   -0.3860889E-02   -0.1214597E-03   -0.4965853E-03   -0.2978679E-02    0.3935298E-02    0.3735751E-02    0.1095716E-01    0.2419421E-03    0.8290126E-03   -0.1024052E-02    0.4700417E-03    0.1332632E-02   -0.8313188E-05   -0.6656071E-06   -0.1144652E-04   -0.4322222E-06    0.1064439E-04   -0.7584977E-04   -0.1293259E-03    0.3526942E-04    0.7159921E-03    0.4580362E-03    0.6387061E-02    0.7434899E-02   -0.7160589E-06    0.7296094E-07
   -0.2283007E-05    0.4473554E-05   -0.1811655E-05   -0.8038001E-04   -0.2836899E-03   -0.2710843E-03   -0.1484115E-03   -0.2358128E-04    0.3722836E-05   -0.4286472E-02   -0.5245502E-03   -0.1983297E-02   -0.4390077E-01    0.8928177E-02   -0.1124357E-01    0.1333044E-01    0.7613981E-03   -0.2478517E-03    0.1025359E-02   -0.2375657E-02   -0.1246071E-01   -0.1055730E-04   -0.2687201E-05   -0.5115097E-04    0.1350246E-04    0.8702817E-05    0.1441856E-03   -0.1506675E-03   -0.5925650E-03    0.4467929E-02   -0.8608689E-03    0.7434899E-02    0.6382804E-01   -0.9585275E-06   -0.7176806E-05
    0.1648732E-08   -0.3278635E-07   -0.2604004E-09   -0.1644364E-07    0.6570415E-06   -0.8238175E-06    0.1632527E-06   -0.1996146E-06   -0.1954223E-08   -0.2533510E-03    0.6022457E-05    0.1725090E-03    0.6256050E-02    0.1403008E-03    0.7393655E-03    0.7050218E-03   -0.1316059E-03    0.3103797E-03   -0.2780014E-03    0.3819943E-05    0.9345234E-04   -0.4371160E-07   -0.3342507E-07    0.2204433E-06   -0.1664753E-07    0.1871154E-06   -0.2394620E-06    0.3625251E-06   -0.1457658E-06   -0.4362675E-06    0.1674550E-06   -0.7160589E-06   -0.9585275E-06    0.5971325E-06   -0.2768269E-08
   -0.2736595E-08    0.2523907E-06   -0.1335464E-07   -0.1056007E-05   -0.1055634E-04    0.6724393E-05   -0.1867513E-05   -0.1440153E-06    0.6126485E-10    0.4473563E-02   -0.1939417E-04   -0.3444816E-03    0.4035692E-02    0.3597445E-04   -0.2645693E-02   -0.7804336E-02    0.1622798E-03    0.1230826E-04   -0.1976821E-03    0.2572810E-02    0.4562371E-02    0.5571578E-07   -0.1309489E-06    0.3777980E-06   -0.2241775E-06   -0.8261013E-07   -0.3428209E-05   -0.5106548E-07    0.3306474E-06   -0.2762359E-07   -0.3735081E-06    0.7296094E-07   -0.7176806E-05   -0.2768269E-08    0.2104600E-05
