# omegabh2 omegach2 theta tau nnu logA ns calPlanck galfTE100 galfTE100143 galfTE100217 galfTE143 galfTE143217 galfTE217 cal0
    0.1229079E-06    0.1439326E-05   -0.1637801E-06    0.1581567E-05    0.1142442E-03    0.6459894E-05    0.4260498E-05   -0.1292233E-07   -0.9910253E-07   -0.3174036E-07   -0.4774875E-06   -0.4167079E-06   -0.1301619E-05   -0.4853814E-05    0.2302522E-08
    0.1439326E-05    0.4516477E-04   -0.5336691E-05    0.2739723E-06    0.2927820E-02    0.8689795E-04    0.6361414E-04   -0.5692882E-06    0.6160509E-05    0.2458526E-05   -0.6157730E-05   -0.3092999E-05   -0.7359201E-05    0.9190694E-05    0.4541421E-07
   -0.1637801E-06   -0.5336691E-05    0.8947046E-06   -0.3111422E-06   -0.3565755E-03   -0.1058835E-04   -0.7892608E-05    0.6856537E-07   -0.6231530E-06   -0.2433280E-06    0.3048203E-06    0.6184769E-06    0.5283257E-06   -0.2200050E-06   -0.5168221E-08
    0.1581567E-05    0.2739723E-06   -0.3111422E-06    0.4410461E-03    0.5694123E-03    0.9286978E-03    0.9983408E-04    0.8589664E-06    0.2321922E-05   -0.4679401E-05    0.1188133E-04   -0.1968737E-04    0.2058917E-04    0.1063565E-03    0.5241312E-07
    0.1142442E-03    0.2927820E-02   -0.3565755E-03    0.5694123E-03    0.2071110E+00    0.6573445E-02    0.5099328E-02   -0.3403121E-04    0.2522501E-03    0.7392070E-04   -0.4718269E-03   -0.3256099E-03   -0.9725056E-03   -0.2314698E-02    0.3539810E-05
    0.6459894E-05    0.8689795E-04   -0.1058835E-04    0.9286978E-03    0.6573445E-02    0.2195569E-02    0.3452352E-03    0.1354902E-04    0.2319122E-04   -0.1758222E-05    0.6497612E-05   -0.3936403E-04    0.6292219E-04    0.3553770E-03    0.3236403E-06
    0.4260498E-05    0.6361414E-04   -0.7892608E-05    0.9983408E-04    0.5099328E-02    0.3452352E-03    0.2325342E-03   -0.5895997E-06   -0.3112201E-05   -0.3263937E-05   -0.8469176E-05   -0.1815905E-04   -0.1642866E-04   -0.4530893E-04    0.5824557E-07
   -0.1292233E-07   -0.5692882E-06    0.6856537E-07    0.8589664E-06   -0.3403121E-04    0.1354902E-04   -0.5895997E-06    0.6197284E-05    0.1058708E-05    0.3727644E-06   -0.1748517E-06    0.6640304E-06    0.2853484E-05    0.6512955E-05   -0.1050034E-07
   -0.9910253E-07    0.6160509E-05   -0.6231530E-06    0.2321922E-05    0.2522501E-03    0.2319122E-04   -0.3112201E-05    0.1058708E-05    0.1442438E-02    0.2958643E-03    0.9883618E-04   -0.3876787E-03   -0.5721022E-04    0.5648011E-04   -0.2718180E-06
   -0.3174036E-07    0.2458526E-05   -0.2433280E-06   -0.4679401E-05    0.7392070E-04   -0.1758222E-05   -0.3263937E-05    0.3727644E-06    0.2958643E-03    0.8635630E-03    0.5906923E-04    0.7429866E-03    0.5048886E-04   -0.5212137E-03    0.1667915E-06
   -0.4774875E-06   -0.6157730E-05    0.3048203E-06    0.1188133E-04   -0.4718269E-03    0.6497612E-05   -0.8469176E-05   -0.1748517E-06    0.9883618E-04    0.5906923E-04    0.7062774E-02   -0.2680945E-03    0.7231929E-03    0.4505731E-02    0.6630693E-07
   -0.4167079E-06   -0.3092999E-05    0.6184769E-06   -0.1968737E-04   -0.3256099E-03   -0.3936403E-04   -0.1815905E-04    0.6640304E-06   -0.3876787E-03    0.7429866E-03   -0.2680945E-03    0.2905441E-02    0.4851959E-03   -0.8322443E-03    0.8879809E-06
   -0.1301619E-05   -0.7359201E-05    0.5283257E-06    0.2058917E-04   -0.9725056E-03    0.6292219E-04   -0.1642866E-04    0.2853484E-05   -0.5721022E-04    0.5048886E-04    0.7231929E-03    0.4851959E-03    0.6449571E-02    0.7433303E-02    0.5622568E-06
   -0.4853814E-05    0.9190694E-05   -0.2200050E-06    0.1063565E-03   -0.2314698E-02    0.3553770E-03   -0.4530893E-04    0.6512955E-05    0.5648011E-04   -0.5212137E-03    0.4505731E-02   -0.8322443E-03    0.7433303E-02    0.6458865E-01   -0.2140756E-05
    0.2302522E-08    0.4541421E-07   -0.5168221E-08    0.5241312E-07    0.3539810E-05    0.3236403E-06    0.5824557E-07   -0.1050034E-07   -0.2718180E-06    0.1667915E-06    0.6630693E-07    0.8879809E-06    0.5622568E-06   -0.2140756E-05    0.9908897E-06
