# omegabh2 omegach2 theta tau logA ns calPlanck acib217 xi asz143 aps100 aps143 aps143217 aps217 aksz kgal100 kgal143 kgal143217 kgal217 galfEE100 galfEE100143 galfEE100217 galfEE143 galfEE143217 galfEE217 galfTE100 galfTE100143 galfTE100217 galfTE143 galfTE143217 galfTE217 cal0 cal2
    0.2249265E-07   -0.1222618E-06    0.1820936E-07    0.2601176E-06    0.3365058E-06    0.3137915E-06    0.1751429E-07   -0.9053766E-04    0.1945104E-05    0.2801365E-04   -0.4074457E-03   -0.2078216E-03   -0.3572163E-04    0.3090486E-04   -0.3849750E-04    0.1913963E-05   -0.4500160E-05    0.2601838E-05    0.2454840E-04    0.5612237E-07    0.6402123E-07    0.2048413E-07    0.5669271E-07    0.7294787E-08    0.4067371E-06   -0.1475720E-07   -0.5562558E-07   -0.9629788E-07   -0.2666988E-06   -0.7192536E-06   -0.2140256E-05    0.4528740E-08   -0.3491739E-08
   -0.1222618E-06    0.1931004E-05   -0.1649357E-06   -0.2697073E-05   -0.9316551E-06   -0.4547805E-05   -0.1235489E-06    0.2635365E-03   -0.6833978E-05   -0.1283403E-03    0.1595735E-02    0.9913707E-03    0.3541452E-03    0.1762720E-03    0.9007716E-04   -0.5625395E-04   -0.2829797E-04   -0.5734151E-04   -0.6975991E-04   -0.7312941E-06   -0.8752887E-06   -0.1887282E-07   -0.8767279E-06    0.8567866E-07   -0.6095249E-06    0.8518699E-06    0.7182039E-06    0.1059536E-05    0.2359224E-05    0.5892625E-05    0.1946169E-04   -0.1984667E-07    0.7342775E-08
    0.1820936E-07   -0.1649357E-06    0.1004630E-06    0.2944836E-06    0.3140756E-06    0.5110862E-06    0.2153909E-07    0.1110309E-05   -0.5165313E-08    0.1471898E-04   -0.2159866E-03   -0.8568326E-04   -0.4136074E-04   -0.4288919E-04   -0.9318786E-05    0.3386367E-05    0.1623336E-05    0.1211127E-04    0.1301785E-04    0.7807731E-07    0.7196946E-07   -0.2761378E-08    0.5617123E-07    0.6242958E-07   -0.1952001E-06   -0.1528025E-06   -0.1554345E-06   -0.1542889E-06   -0.3634909E-06   -0.8072738E-06   -0.2471962E-05   -0.5285533E-09    0.4965155E-08
    0.2601176E-06   -0.2697073E-05    0.2944836E-06    0.6374444E-04    0.1200641E-03    0.8117042E-05   -0.6756696E-06   -0.2288458E-02    0.4810270E-04    0.5415567E-03   -0.1212208E-01   -0.4534120E-02   -0.7060690E-03    0.1067334E-02   -0.9908233E-03    0.1023278E-03   -0.2736467E-03   -0.2872865E-03    0.6547693E-04    0.1053009E-05    0.9686690E-06    0.1796124E-05    0.9322264E-06   -0.4289905E-06    0.1119398E-04   -0.7964042E-06   -0.4266908E-06   -0.3882432E-05   -0.5653689E-05   -0.1529070E-04   -0.4446560E-04    0.6052702E-07   -0.2331593E-06
    0.3365058E-06   -0.9316551E-06    0.3140756E-06    0.1200641E-03    0.2638827E-03    0.4332556E-05    0.1074977E-04   -0.4015453E-02    0.1370255E-03    0.1066853E-02   -0.1727737E-01   -0.5667974E-02    0.3152521E-02    0.8941554E-02   -0.2832258E-02   -0.1360253E-03   -0.1234830E-02   -0.1531284E-02    0.6676761E-03    0.1398448E-05    0.1015454E-06    0.3019547E-05    0.1610277E-05   -0.5036545E-05    0.1595907E-04    0.3391780E-06    0.1119385E-05   -0.1182061E-04   -0.4907017E-05   -0.1849936E-04   -0.2973880E-04    0.3427167E-06   -0.6683008E-06
    0.3137915E-06   -0.4547805E-05    0.5110862E-06    0.8117042E-05    0.4332556E-05    0.2002756E-04    0.3972838E-06   -0.4407468E-02    0.1125775E-03    0.1159905E-02   -0.2528651E-01   -0.5953532E-02    0.2860152E-02    0.5330678E-02   -0.2445758E-02    0.4064139E-03   -0.1396148E-03   -0.3456996E-03    0.5428566E-03    0.3188743E-05    0.3725210E-05    0.7647064E-06    0.3476610E-05   -0.7992349E-06    0.5579168E-05   -0.2248708E-05   -0.2343302E-05    0.1434689E-05   -0.7502375E-05   -0.1218373E-04   -0.4010147E-04   -0.1164585E-06   -0.3139698E-06
    0.1751429E-07   -0.1235489E-06    0.2153909E-07   -0.6756696E-06    0.1074977E-04    0.3972838E-06    0.6144730E-05    0.8465768E-03    0.1638344E-05    0.8435535E-04    0.3008210E-02    0.3127091E-03    0.5998836E-03    0.1352519E-02   -0.9986986E-04    0.4594984E-04   -0.4274372E-04   -0.1950702E-03    0.3598981E-03    0.7762468E-06    0.4498472E-06    0.7979663E-07    0.1307652E-05   -0.9525068E-06   -0.1215119E-05    0.2046255E-08    0.6661351E-07   -0.2952608E-05    0.3726178E-06   -0.3777191E-06    0.8834715E-05    0.2023316E-07   -0.5819336E-07
   -0.9053766E-04    0.2635365E-03    0.1110309E-05   -0.2288458E-02   -0.4015453E-02   -0.4407468E-02    0.8465768E-03    0.4255103E+02   -0.4961554E+00   -0.1498603E+01    0.4007395E+02   -0.1859088E+01   -0.2249264E+02   -0.6057567E+02    0.3439672E+00   -0.9702291E-01    0.1121211E+00   -0.1929872E+01   -0.1813474E+02   -0.8266736E-04   -0.4501731E-03   -0.2662634E-03   -0.3075287E-04    0.2440963E-02   -0.7221087E-02    0.2878704E-02    0.2668275E-02   -0.2017715E-03   -0.6766348E-03   -0.5646708E-02   -0.2216038E-01   -0.2777782E-03    0.4348163E-02
    0.1945104E-05   -0.6833978E-05   -0.5165313E-08    0.4810270E-04    0.1370255E-03    0.1125775E-03    0.1638344E-05   -0.4961554E+00    0.8066877E-01   -0.8034329E-01   -0.4151165E+00    0.1059569E+01    0.1891366E+01    0.7864184E+00    0.7954236E-01    0.2081205E-02    0.3479691E-02    0.9879817E-01    0.1018689E+00    0.5586985E-06   -0.2863841E-05    0.4326827E-04   -0.9756180E-05   -0.1600619E-03   -0.2839497E-03    0.6638782E-05    0.1265021E-03    0.2307775E-03    0.3390555E-03    0.2911436E-03    0.7201038E-03    0.8020197E-05   -0.1683933E-04
    0.2801365E-04   -0.1283403E-03    0.1471898E-04    0.5415567E-03    0.1066853E-02    0.1159905E-02    0.8435535E-04   -0.1498603E+01   -0.8034329E-01    0.3695648E+01   -0.2831490E+02   -0.3667780E+01    0.7585163E+01    0.6647789E+01   -0.2665309E+01   -0.1797798E+00    0.3686124E-01    0.2369177E+01    0.2258309E+01    0.1757969E-03    0.1744125E-03    0.2103769E-03    0.1306877E-03   -0.9009327E-03    0.2346188E-04   -0.8301701E-03   -0.4314875E-03   -0.6870601E-03   -0.1231851E-02   -0.7741822E-03   -0.6306323E-02    0.1836362E-03   -0.3067547E-03
   -0.4074457E-03    0.1595735E-02   -0.2159866E-03   -0.1212208E-01   -0.1727737E-01   -0.2528651E-01    0.3008210E-02    0.4007395E+02   -0.4151165E+00   -0.2831490E+02    0.7738914E+03    0.6382207E+02   -0.5858773E+02   -0.6838663E+02    0.1244948E+02   -0.3335803E+01    0.2744807E+01   -0.1274760E+02   -0.1795127E+02   -0.3065390E-02   -0.4000083E-02   -0.3131001E-02   -0.3492911E-02    0.1805199E-01   -0.4243770E-01    0.1569817E-01    0.8034192E-02    0.8388378E-02    0.8470216E-02   -0.1350441E-01    0.3830721E-01    0.6561213E-02    0.3722209E-02
   -0.2078216E-03    0.9913707E-03   -0.8568326E-04   -0.4534120E-02   -0.5667974E-02   -0.5953532E-02    0.3127091E-03   -0.1859088E+01    0.1059569E+01   -0.3667780E+01    0.6382207E+02    0.6005643E+02    0.4616564E+02    0.2101261E+02   -0.4798937E+01   -0.3341408E+00   -0.1090813E+01    0.3385006E+01    0.3680128E+01   -0.9234626E-03   -0.1365771E-02    0.5388549E-03   -0.1281222E-02   -0.1820882E-02   -0.1534259E-01    0.1001904E-02    0.2944042E-02    0.5503839E-02    0.4741938E-02    0.1456869E-01    0.4866156E-01    0.1182720E-03   -0.4626808E-04
   -0.3572163E-04    0.3541452E-03   -0.4136074E-04   -0.7060690E-03    0.3152521E-02    0.2860152E-02    0.5998836E-03   -0.2249264E+02    0.1891366E+01    0.7585163E+01   -0.5858773E+02    0.4616564E+02    0.1008222E+03    0.7000327E+02   -0.1209826E+02   -0.6702900E+00   -0.5213284E+00    0.4631062E+01    0.5728013E+01   -0.1419067E-03   -0.5769042E-03    0.2246468E-02   -0.9347277E-03   -0.9113403E-02   -0.1410556E-01   -0.2570075E-02    0.3692581E-02    0.7319096E-02    0.6894363E-02    0.1434909E-01    0.2969436E-01    0.7835279E-03   -0.2617531E-02
    0.3090486E-04    0.1762720E-03   -0.4288919E-04    0.1067334E-02    0.8941554E-02    0.5330678E-02    0.1352519E-02   -0.6057567E+02    0.7864184E+00    0.6647789E+01   -0.6838663E+02    0.2101261E+02    0.7000327E+02    0.1227388E+03   -0.1060040E+02   -0.4556786E+00   -0.5764444E+00   -0.7364856E+00    0.1463224E+02    0.2428795E-03    0.2231822E-03    0.2316280E-03   -0.5402292E-04   -0.6782041E-02    0.1562016E-02   -0.4904523E-02   -0.1712544E-02    0.2322636E-02    0.1934892E-02    0.1477562E-01    0.4161641E-01    0.7457468E-03   -0.7723388E-02
   -0.3849750E-04    0.9007716E-04   -0.9318786E-05   -0.9908233E-03   -0.2832258E-02   -0.2445758E-02   -0.9986986E-04    0.3439672E+00    0.7954236E-01   -0.2665309E+01    0.1244948E+02   -0.4798937E+01   -0.1209826E+02   -0.1060040E+02    0.6073570E+01    0.1674843E+00   -0.4183329E-01   -0.1909655E+01   -0.1737641E+01   -0.3285959E-03   -0.3106055E-03   -0.2482727E-03   -0.1445921E-03    0.1701327E-02    0.2233789E-02    0.8655670E-04   -0.2229318E-03   -0.9673205E-03    0.1911986E-02    0.2102666E-03    0.4220274E-02   -0.1216467E-03    0.1312320E-03
    0.1913963E-05   -0.5625395E-04    0.3386367E-05    0.1023278E-03   -0.1360253E-03    0.4064139E-03    0.4594984E-04   -0.9702291E-01    0.2081205E-02   -0.1797798E+00   -0.3335803E+01   -0.3341408E+00   -0.6702900E+00   -0.4556786E+00    0.1674843E+00    0.3507108E+01    0.4928328E+00    0.2852675E+00    0.5274100E+00    0.1208631E-03    0.1215224E-03   -0.2629894E-03    0.2410131E-03    0.6727169E-03    0.1972229E-02   -0.9680186E-03   -0.2987839E-04   -0.8462700E-03    0.2247203E-03   -0.1855989E-02   -0.5464702E-02    0.3023395E-03    0.3098836E-04
   -0.4500160E-05   -0.2829797E-04    0.1623336E-05   -0.2736467E-03   -0.1234830E-02   -0.1396148E-03   -0.4274372E-04    0.1121211E+00    0.3479691E-02    0.3686124E-01    0.2744807E+01   -0.1090813E+01   -0.5213284E+00   -0.5764444E+00   -0.4183329E-01    0.4928328E+00    0.3369580E+01    0.2609212E+01    0.1900939E+01   -0.9844180E-06   -0.3517922E-04    0.2878751E-03    0.1644639E-04    0.4560484E-03   -0.1370802E-03    0.7570138E-03   -0.2852765E-03   -0.1425998E-02    0.1899905E-04   -0.9081798E-04   -0.2995497E-02   -0.2866767E-03   -0.1954433E-03
    0.2601838E-05   -0.5734151E-04    0.1211127E-04   -0.2872865E-03   -0.1531284E-02   -0.3456996E-03   -0.1950702E-03   -0.1929872E+01    0.9879817E-01    0.2369177E+01   -0.1274760E+02    0.3385006E+01    0.4631062E+01   -0.7364856E+00   -0.1909655E+01    0.2852675E+00    0.2609212E+01    0.1736008E+02    0.2614876E+02    0.1201140E-03   -0.3357811E-04    0.8954573E-03    0.1077328E-03   -0.6973704E-03    0.2211601E-02    0.1635348E-02   -0.7143361E-03   -0.3376013E-02   -0.6334743E-03   -0.8093621E-03   -0.6619838E-02   -0.1686449E-04    0.2606515E-02
    0.2454840E-04   -0.6975991E-04    0.1301785E-04    0.6547693E-04    0.6676761E-03    0.5428566E-03    0.3598981E-03   -0.1813474E+02    0.1018689E+00    0.2258309E+01   -0.1795127E+02    0.3680128E+01    0.5728013E+01    0.1463224E+02   -0.1737641E+01    0.5274100E+00    0.1900939E+01    0.2614876E+02    0.5523064E+02    0.1842531E-03    0.2879655E-03    0.1852806E-02    0.4473955E-03   -0.2752416E-02    0.8952105E-02    0.9520447E-04   -0.3109903E-02   -0.6166226E-02   -0.9602683E-04   -0.2739115E-03    0.1364514E-02    0.6032741E-04    0.4616530E-02
    0.5612237E-07   -0.7312941E-06    0.7807731E-07    0.1053009E-05    0.1398448E-05    0.3188743E-05    0.7762468E-06   -0.8266736E-04    0.5586985E-06    0.1757969E-03   -0.3065390E-02   -0.9234626E-03   -0.1419067E-03    0.2428795E-03   -0.3285959E-03    0.1208631E-03   -0.9844180E-06    0.1201140E-03    0.1842531E-03    0.3248170E-04    0.8837443E-05   -0.7949271E-07    0.3097239E-05   -0.1031367E-05    0.8840429E-05    0.6497957E-06   -0.8786415E-06   -0.3963433E-05   -0.4048729E-06   -0.1700392E-05   -0.1007020E-04    0.5738983E-09    0.3302660E-07
    0.6402123E-07   -0.8752887E-06    0.7196946E-07    0.9686690E-06    0.1015454E-06    0.3725210E-05    0.4498472E-06   -0.4501731E-03   -0.2863841E-05    0.1744125E-03   -0.4000083E-02   -0.1365771E-02   -0.5769042E-03    0.2231822E-03   -0.3106055E-03    0.1215224E-03   -0.3517922E-04   -0.3357811E-04    0.2879655E-03    0.8837443E-05    0.2534178E-04    0.8586090E-07    0.1297985E-04   -0.1001973E-05   -0.1005119E-05   -0.8183465E-06   -0.1370041E-05   -0.7783821E-06   -0.3285257E-05    0.7835959E-06    0.2440438E-05   -0.6727856E-07   -0.1933698E-07
    0.2048413E-07   -0.1887282E-07   -0.2761378E-08    0.1796124E-05    0.3019547E-05    0.7647064E-06    0.7979663E-07   -0.2662634E-03    0.4326827E-04    0.2103769E-03   -0.3131001E-02    0.5388549E-03    0.2246468E-02    0.2316280E-03   -0.2482727E-03   -0.2629894E-03    0.2878751E-03    0.8954573E-03    0.1852806E-02   -0.7949271E-07    0.8586090E-07    0.1065931E-02    0.1588133E-05    0.1022570E-05   -0.1108832E-04    0.8747623E-05    0.8424130E-06    0.3983614E-06    0.1760341E-04   -0.1976071E-04   -0.7512655E-04   -0.9680036E-07    0.3230879E-06
    0.5669271E-07   -0.8767279E-06    0.5617123E-07    0.9322264E-06    0.1610277E-05    0.3476610E-05    0.1307652E-05   -0.3075287E-04   -0.9756180E-05    0.1306877E-03   -0.3492911E-02   -0.1281222E-02   -0.9347277E-03   -0.5402292E-04   -0.1445921E-03    0.2410131E-03    0.1644639E-04    0.1077328E-03    0.4473955E-03    0.3097239E-05    0.1297985E-04    0.1588133E-05    0.4781517E-04   -0.1507589E-05   -0.5153249E-05    0.1292431E-05   -0.1645163E-05    0.8215652E-06   -0.5009728E-05    0.3447154E-05    0.9709326E-05   -0.3662821E-07    0.8231120E-07
    0.7294787E-08    0.8567866E-07    0.6242958E-07   -0.4289905E-06   -0.5036545E-05   -0.7992349E-06   -0.9525068E-06    0.2440963E-02   -0.1600619E-03   -0.9009327E-03    0.1805199E-01   -0.1820882E-02   -0.9113403E-02   -0.6782041E-02    0.1701327E-02    0.6727169E-03    0.4560484E-03   -0.6973704E-03   -0.2752416E-02   -0.1031367E-05   -0.1001973E-05    0.1022570E-05   -0.1507589E-05    0.2222191E-02    0.1195868E-03   -0.1178829E-04    0.1064940E-04   -0.2447207E-04    0.1918644E-04   -0.8384377E-05   -0.1399194E-04   -0.1523785E-06   -0.2330063E-06
    0.4067371E-06   -0.6095249E-06   -0.1952001E-06    0.1119398E-04    0.1595907E-04    0.5579168E-05   -0.1215119E-05   -0.7221087E-02   -0.2839497E-03    0.2346188E-04   -0.4243770E-01   -0.1534259E-01   -0.1410556E-01    0.1562016E-02    0.2233789E-02    0.1972229E-02   -0.1370802E-03    0.2211601E-02    0.8952105E-02    0.8840429E-05   -0.1005119E-05   -0.1108832E-04   -0.5153249E-05    0.1195868E-03    0.1684517E-01    0.2485213E-04   -0.6540735E-04    0.2463742E-04   -0.1726057E-03   -0.1580357E-04   -0.2265646E-03   -0.9152698E-06    0.1066789E-05
   -0.1475720E-07    0.8518699E-06   -0.1528025E-06   -0.7964042E-06    0.3391780E-06   -0.2248708E-05    0.2046255E-08    0.2878704E-02    0.6638782E-05   -0.8301701E-03    0.1569817E-01    0.1001904E-02   -0.2570075E-02   -0.4904523E-02    0.8655670E-04   -0.9680186E-03    0.7570138E-03    0.1635348E-02    0.9520447E-04    0.6497957E-06   -0.8183465E-06    0.8747623E-05    0.1292431E-05   -0.1178829E-04    0.2485213E-04    0.1437260E-02    0.3090890E-03    0.8484845E-04   -0.3640216E-03   -0.6638865E-04   -0.1245241E-03    0.2802083E-06    0.2196031E-07
   -0.5562558E-07    0.7182039E-06   -0.1554345E-06   -0.4266908E-06    0.1119385E-05   -0.2343302E-05    0.6661351E-07    0.2668275E-02    0.1265021E-03   -0.4314875E-03    0.8034192E-02    0.2944042E-02    0.3692581E-02   -0.1712544E-02   -0.2229318E-03   -0.2987839E-04   -0.2852765E-03   -0.7143361E-03   -0.3109903E-02   -0.8786415E-06   -0.1370041E-05    0.8424130E-06   -0.1645163E-05    0.1064940E-04   -0.6540735E-04    0.3090890E-03    0.8500976E-03    0.4888266E-04    0.7565974E-03    0.8943124E-05   -0.6693574E-03    0.6084167E-07    0.6186823E-07
   -0.9629788E-07    0.1059536E-05   -0.1542889E-06   -0.3882432E-05   -0.1182061E-04    0.1434689E-05   -0.2952608E-05   -0.2017715E-03    0.2307775E-03   -0.6870601E-03    0.8388378E-02    0.5503839E-02    0.7319096E-02    0.2322636E-02   -0.9673205E-03   -0.8462700E-03   -0.1425998E-02   -0.3376013E-02   -0.6166226E-02   -0.3963433E-05   -0.7783821E-06    0.3983614E-06    0.8215652E-06   -0.2447207E-04    0.2463742E-04    0.8484845E-04    0.4888266E-04    0.6980903E-02   -0.2928032E-03    0.7470343E-03    0.4361708E-02    0.2715492E-06   -0.8536176E-06
   -0.2666988E-06    0.2359224E-05   -0.3634909E-06   -0.5653689E-05   -0.4907017E-05   -0.7502375E-05    0.3726178E-06   -0.6766348E-03    0.3390555E-03   -0.1231851E-02    0.8470216E-02    0.4741938E-02    0.6894363E-02    0.1934892E-02    0.1911986E-02    0.2247203E-03    0.1899905E-04   -0.6334743E-03   -0.9602683E-04   -0.4048729E-06   -0.3285257E-05    0.1760341E-04   -0.5009728E-05    0.1918644E-04   -0.1726057E-03   -0.3640216E-03    0.7565974E-03   -0.2928032E-03    0.2925774E-02    0.4133429E-03   -0.1041694E-02   -0.1354066E-07    0.4706560E-06
   -0.7192536E-06    0.5892625E-05   -0.8072738E-06   -0.1529070E-04   -0.1849936E-04   -0.1218373E-04   -0.3777191E-06   -0.5646708E-02    0.2911436E-03   -0.7741822E-03   -0.1350441E-01    0.1456869E-01    0.1434909E-01    0.1477562E-01    0.2102666E-03   -0.1855989E-02   -0.9081798E-04   -0.8093621E-03   -0.2739115E-03   -0.1700392E-05    0.7835959E-06   -0.1976071E-04    0.3447154E-05   -0.8384377E-05   -0.1580357E-04   -0.6638865E-04    0.8943124E-05    0.7470343E-03    0.4133429E-03    0.6439629E-02    0.7526681E-02   -0.1215442E-05   -0.1171104E-05
   -0.2140256E-05    0.1946169E-04   -0.2471962E-05   -0.4446560E-04   -0.2973880E-04   -0.4010147E-04    0.8834715E-05   -0.2216038E-01    0.7201038E-03   -0.6306323E-02    0.3830721E-01    0.4866156E-01    0.2969436E-01    0.4161641E-01    0.4220274E-02   -0.5464702E-02   -0.2995497E-02   -0.6619838E-02    0.1364514E-02   -0.1007020E-04    0.2440438E-05   -0.7512655E-04    0.9709326E-05   -0.1399194E-04   -0.2265646E-03   -0.1245241E-03   -0.6693574E-03    0.4361708E-02   -0.1041694E-02    0.7526681E-02    0.6354607E-01   -0.2209406E-05   -0.5941762E-05
    0.4528740E-08   -0.1984667E-07   -0.5285533E-09    0.6052702E-07    0.3427167E-06   -0.1164585E-06    0.2023316E-07   -0.2777782E-03    0.8020197E-05    0.1836362E-03    0.6561213E-02    0.1182720E-03    0.7835279E-03    0.7457468E-03   -0.1216467E-03    0.3023395E-03   -0.2866767E-03   -0.1686449E-04    0.6032741E-04    0.5738983E-09   -0.6727856E-07   -0.9680036E-07   -0.3662821E-07   -0.1523785E-06   -0.9152698E-06    0.2802083E-06    0.6084167E-07    0.2715492E-06   -0.1354066E-07   -0.1215442E-05   -0.2209406E-05    0.6053979E-06   -0.6516497E-08
   -0.3491739E-08    0.7342775E-08    0.4965155E-08   -0.2331593E-06   -0.6683008E-06   -0.3139698E-06   -0.5819336E-07    0.4348163E-02   -0.1683933E-04   -0.3067547E-03    0.3722209E-02   -0.4626808E-04   -0.2617531E-02   -0.7723388E-02    0.1312320E-03    0.3098836E-04   -0.1954433E-03    0.2606515E-02    0.4616530E-02    0.3302660E-07   -0.1933698E-07    0.3230879E-06    0.8231120E-07   -0.2330063E-06    0.1066789E-05    0.2196031E-07    0.6186823E-07   -0.8536176E-06    0.4706560E-06   -0.1171104E-05   -0.5941762E-05   -0.6516497E-08    0.2092227E-05
