# omegabh2 omegach2 theta tau logA ns calPlanck aps100 aps143 aps217 acib217 asz143 psr cibr xi aksz dust100 dust143 dust217 dust143x217 cal0 cal2
  3.9194584E-08  -1.0755543E-07   2.9514023E-08   3.6864088E-07   6.6955195E-07   3.9402736E-07   3.4624348E-08  -6.4124273E-04  -4.5260166E-04   1.4021624E-04  -2.1874068E-04   2.8109979E-05   1.7205302E-06  -4.8665164E-06   2.0339321E-06  -5.4840243E-05   1.7438085E-07  -8.6685270E-07   1.1115913E-06   1.5349114E-07   4.4835130E-09  -1.2969898E-08
 -1.0755543E-07   2.0095147E-06  -1.7145130E-07  -3.9877879E-06  -4.2866321E-06  -4.4719169E-06  -4.1204079E-07   5.4113615E-04   7.4240870E-04  -3.8966170E-04   3.7824678E-04  -3.7957986E-05  -4.7207520E-06   1.0792691E-05  -1.1689473E-05   1.4911182E-04  -6.0212409E-06   8.1537611E-06  -1.0894151E-06   9.8532674E-07  -8.2746952E-08   9.8111001E-09
  2.9514023E-08  -1.7145130E-07   1.9554182E-07   5.8556768E-07   1.0521587E-06   6.5256846E-07   3.2790532E-08   8.9166471E-05  -1.1420864E-04  -5.1372744E-05  -1.5339964E-05  -3.1816536E-06   1.0299084E-06  -2.9085072E-06   1.4226469E-06  -1.2568428E-05  -1.9214249E-07  -5.6715018E-07  -1.4058136E-07   5.4106377E-07   5.8853111E-09  -6.0775337E-09
  3.6864088E-07  -3.9877879E-06   5.8556768E-07   4.6697865E-05   8.2836561E-05   1.2690192E-05  -2.8344266E-07  -1.1602302E-02  -5.8769647E-03   1.0491960E-03  -2.4877819E-03   2.6525034E-04   2.3022504E-05  -6.0132503E-05   5.9377894E-05  -5.5570523E-04   2.4815300E-05  -6.5716586E-06   2.0375781E-06  -2.8598245E-06  -4.3446136E-08  -3.0797919E-07
  6.6955195E-07  -4.2866321E-06   1.0521587E-06   8.2836561E-05   1.7977214E-04   1.5964416E-05   1.1048636E-05  -1.6192599E-02  -9.4041075E-03   8.4965621E-03  -5.5730322E-03   5.2210927E-04   4.1747297E-05  -1.2853435E-04   1.0433067E-04  -1.8086577E-03   5.2482264E-06  -8.2094077E-05   2.8806106E-05  -2.7046541E-05   3.2544190E-07  -7.5197563E-07
  3.9402736E-07  -4.4719169E-06   6.5256846E-07   1.2690192E-05   1.5964416E-05   2.1478264E-05   1.1216221E-06  -2.5177999E-02  -8.9368836E-03   9.8940001E-03  -7.1357050E-03   6.6807321E-04   7.1881952E-05  -1.3117702E-04   9.3329777E-05  -2.4277786E-03   3.6007488E-05  -4.0416301E-05   3.5261599E-05  -9.3865949E-06  -1.7936822E-07  -3.8568763E-07
  3.4624348E-08  -4.1204079E-07   3.2790532E-08  -2.8344266E-07   1.1048636E-05   1.1216221E-06   6.3198959E-06   3.4318474E-03   2.3633365E-04   1.1150835E-03   4.7732087E-04  -1.5183894E-05  -1.1026513E-05   1.4100639E-05  -7.2880142E-06  -4.2955898E-05  -6.7929224E-06   2.4431292E-06   8.4473111E-06  -7.7749045E-06  -2.5934382E-08  -6.0091320E-08
 -6.4124273E-04   5.4113615E-04   8.9166471E-05  -1.1602302E-02  -1.6192599E-02  -2.5177999E-02   3.4318474E-03   6.1995894E+02   6.2490091E+01  -5.7895485E+01   3.2665329E+01  -2.5391109E+01  -8.0576913E-01  -1.3108203E-01  -1.6978597E-01   1.1208568E+01  -2.2418471E-01   3.0604350E-01  -2.7771036E-01  -2.2514381E-01   6.5811752E-03   2.9654369E-03
 -4.5260166E-04   7.4240870E-04  -1.1420864E-04  -5.8769647E-03  -9.4041075E-03  -8.9368836E-03   2.3633365E-04   6.2490091E+01   7.0519673E+01   6.4613482E+00   9.0021337E+00  -4.9912016E-01  -1.1400798E-02   4.8343459E-01   8.9919260E-01  -8.1720788E+00  -2.4922568E-02  -2.2715755E-01   3.1612570E-02   6.6536418E-02   8.2619405E-04   7.6544069E-04
  1.4021624E-04  -3.8966170E-04  -5.1372744E-05   1.0491960E-03   8.4965621E-03   9.8940001E-03   1.1150835E-03  -5.7895485E+01   6.4613482E+00   1.7392674E+02  -8.2732452E+01   2.7900091E+00   3.4275658E-01  -1.0193928E+00   2.6470215E-01  -7.0612878E+00  -2.3206236E-02  -2.6085749E-01   5.3970217E-01  -1.0657704E-02   1.8204165E-03  -7.9973036E-03
 -2.1874068E-04   3.7824678E-04  -1.5339964E-05  -2.4877819E-03  -5.5730322E-03  -7.1357050E-03   4.7732087E-04   3.2665329E+01   9.0021337E+00  -8.2732452E+01   5.2483031E+01   1.5642147E+00  -5.5001252E-02   7.2704653E-01  -2.2617502E-01  -2.9174629E+00   7.8417322E-03   1.6328922E-01  -4.4726089E-01  -1.1413888E-01  -6.7539410E-04   3.3012436E-03
  2.8109979E-05  -3.7957986E-05  -3.1816536E-06   2.6525034E-04   5.2210927E-04   6.6807321E-04  -1.5183894E-05  -2.5391109E+01  -4.9912016E-01   2.7900091E+00   1.5642147E+00   4.2793300E+00   9.5837101E-02   1.5608059E-01  -4.5205679E-02  -3.5297514E+00   2.5518527E-04  -6.0588076E-03   1.1956683E-02   4.9451567E-02   4.3285854E-04  -1.6810676E-04
  1.7205302E-06  -4.7207520E-06   1.0299084E-06   2.3022504E-05   4.1747297E-05   7.1881952E-05  -1.1026513E-05  -8.0576913E-01  -1.1400798E-02   3.4275658E-01  -5.5001252E-02   9.5837101E-02   1.5776043E-02  -1.6314392E-02   1.1456231E-02  -1.0134023E-01   5.1410469E-04  -1.3757594E-03  -2.5310192E-03   5.0948658E-03   1.8464523E-05  -3.6991564E-05
 -4.8665164E-06   1.0792691E-05  -2.9085072E-06  -6.0132503E-05  -1.2853435E-04  -1.3117702E-04   1.4100639E-05  -1.3108203E-01   4.8343459E-01  -1.0193928E+00   7.2704653E-01   1.5608059E-01  -1.6314392E-02   6.6069788E-02   4.5325157E-03  -1.5619816E-01  -4.0014746E-04   6.9537618E-03  -1.3735093E-04  -1.7287921E-02  -1.2692123E-05   9.5488396E-05
  2.0339321E-06  -1.1689473E-05   1.4226469E-06   5.9377894E-05   1.0433067E-04   9.3329777E-05  -7.2880142E-06  -1.6978597E-01   8.9919260E-01   2.6470215E-01  -2.2617502E-01  -4.5205679E-02   1.1456231E-02   4.5325157E-03   8.2974931E-02   4.3755983E-02   8.2805799E-04   9.3745252E-05   5.0467142E-04   6.7265300E-04   1.2681659E-05  -1.2169010E-05
 -5.4840243E-05   1.4911182E-04  -1.2568428E-05  -5.5570523E-04  -1.8086577E-03  -2.4277786E-03  -4.2955898E-05   1.1208568E+01  -8.1720788E+00  -7.0612878E+00  -2.9174629E+00  -3.5297514E+00  -1.0134023E-01  -1.5619816E-01   4.3755983E-02   7.5203384E+00  -4.7684334E-03  -3.6536476E-03  -1.5589336E-03  -4.6580906E-02  -3.3072924E-04   3.9784778E-05
  1.7438085E-07  -6.0212409E-06  -1.9214249E-07   2.4815300E-05   5.2482264E-06   3.6007488E-05  -6.7929224E-06  -2.2418471E-01  -2.4922568E-02  -2.3206236E-02   7.8417322E-03   2.5518527E-04   5.1410469E-04  -4.0014746E-04   8.2805799E-04  -4.7684334E-03   3.8659587E-02   2.5884677E-03  -2.7344345E-04   6.1820664E-04   3.9132383E-05  -8.2837670E-06
 -8.6685270E-07   8.1537611E-06  -5.6715018E-07  -6.5716586E-06  -8.2094077E-05  -4.0416301E-05   2.4431292E-06   3.0604350E-01  -2.2715755E-01  -2.6085749E-01   1.6328922E-01  -6.0588076E-03  -1.3757594E-03   6.9537618E-03   9.3745252E-05  -3.6536476E-03   2.5884677E-03   3.0661279E-02  -6.8359841E-04   4.8335666E-03  -8.2603427E-05  -4.1427953E-05
  1.1115913E-06  -1.0894151E-06  -1.4058136E-07   2.0375781E-06   2.8806106E-05   3.5261599E-05   8.4473111E-06  -2.7771036E-01   3.1612570E-02   5.3970217E-01  -4.4726089E-01   1.1956683E-02  -2.5310192E-03  -1.3735093E-04   5.0467142E-04  -1.5589336E-03  -2.7344345E-04  -6.8359841E-04   1.0565928E-02   8.4156233E-03   3.4702114E-06   5.9480619E-05
  1.5349114E-07   9.8532674E-07   5.4106377E-07  -2.8598245E-06  -2.7046541E-05  -9.3865949E-06  -7.7749045E-06  -2.2514381E-01   6.6536418E-02  -1.0657704E-02  -1.1413888E-01   4.9451567E-02   5.0948658E-03  -1.7287921E-02   6.7265300E-04  -4.6580906E-02   6.1820664E-04   4.8335666E-03   8.4156233E-03   2.6012088E-02  -3.1779747E-06   5.8432932E-05
  4.4835130E-09  -8.2746952E-08   5.8853111E-09  -4.3446136E-08   3.2544190E-07  -1.7936822E-07  -2.5934382E-08   6.5811752E-03   8.2619405E-04   1.8204165E-03  -6.7539410E-04   4.3285854E-04   1.8464523E-05  -1.2692123E-05   1.2681659E-05  -3.3072924E-04   3.9132383E-05  -8.2603427E-05   3.4702114E-06  -3.1779747E-06   1.1161857E-06   2.0544468E-08
 -1.2969898E-08   9.8111001E-09  -6.0775337E-09  -3.0797919E-07  -7.5197563E-07  -3.8568763E-07  -6.0091320E-08   2.9654369E-03   7.6544069E-04  -7.9973036E-03   3.3012436E-03  -1.6810676E-04  -3.6991564E-05   9.5488396E-05  -1.2169010E-05   3.9784778E-05  -8.2837670E-06  -4.1427953E-05   5.9480619E-05   5.8432932E-05   2.0544468E-08   2.3914691E-06
