# omegabh2 omegach2 theta tau Alens logA ns aps100 aps143 aps217 acib217 asz143 psr cibr xi aksz dust100 dust143 dust217 dust143x217 calPlanck cal0 cal2 calTE calEE
  2.7496120E-08  -8.7568185E-08   1.3463093E-08   1.0165593E-07   4.2477806E-06   6.6067443E-08   3.2751447E-07  -6.4455900E-04  -3.7150229E-04   1.1821093E-04  -1.7175754E-04   2.1134585E-05   1.4835607E-06  -2.7351697E-06   1.3226010E-06  -5.5661826E-05   4.0958089E-07  -8.3762202E-07   5.7786971E-07  -1.4976656E-06  -3.1956976E-09   3.5906853E-09  -1.0142357E-08  -2.4182767E-07  -3.3761624E-07
 -8.7568185E-08   1.2264895E-06  -7.8235720E-08  -7.6182018E-06  -1.2506874E-05  -1.2304291E-05  -3.3970675E-06   1.6425499E-03   1.4105513E-03  -1.2247330E-04   4.6316959E-04  -3.1715067E-05  -3.6195879E-06   8.5649517E-06  -7.1426645E-07   1.7436961E-04   2.1147168E-06   2.5857132E-06   1.8897699E-07   6.8759859E-06  -2.6942586E-08  -1.3457520E-08   3.6159855E-08   7.2600807E-07  -3.6635974E-08
  1.3463093E-08  -7.8235720E-08   8.7668219E-08   4.2200857E-07   2.0930466E-06   7.5921308E-07   3.5386189E-07  -1.4209902E-04  -7.4588522E-05   4.9372609E-05  -4.9701691E-05   9.0668072E-06   7.2157798E-07  -1.1535216E-06   9.9888150E-07  -2.7713326E-05   2.3616918E-07  -3.8421876E-07   2.5714559E-07  -1.4897362E-07   9.2954037E-09   3.0392111E-09  -1.8412848E-09  -1.3825244E-07  -2.1359078E-08
  1.0165593E-07  -7.6182018E-06   4.2200857E-07   2.6490642E-03  -4.8121941E-03   5.2323308E-03   1.2132915E-04  -1.3207022E-01  -5.9244630E-02   3.1889498E-02  -3.1892380E-02   4.3095956E-03   3.6932945E-04  -5.7465408E-04   2.1725327E-04  -8.9184696E-03  -6.0660837E-04  -3.9739106E-04   5.1953375E-05  -2.4619306E-04  -1.7574322E-07  -8.1776249E-07  -3.3528755E-06  -5.5203681E-05  -4.2953689E-05
  4.2477806E-06  -1.2506874E-05   2.0930466E-06  -4.8121941E-03   1.1885053E-02  -9.5718673E-03  -1.1682482E-04   4.9302056E-02   1.0191172E-02  -1.6130742E-03   1.3751827E-03  -3.3254820E-03  -6.3917632E-05  -6.0487275E-06   3.2625938E-04  -4.5343348E-03   1.0596815E-03   3.9797812E-04  -1.7385200E-05  -4.3772669E-06  -8.4960553E-06   2.4489489E-06   1.1942415E-07  -1.0618441E-05   2.5301059E-05
  6.6067443E-08  -1.2304291E-05   7.5921308E-07   5.2323308E-03  -9.5718673E-03   1.0370584E-02   2.3091810E-04  -2.5162904E-01  -1.1206322E-01   7.0876745E-02  -6.3320617E-02   8.5298953E-03   7.3942254E-04  -1.1596400E-03   4.6318777E-04  -1.8254730E-02  -1.2268807E-03  -8.8971641E-04   1.3019781E-04  -4.9681658E-04   1.2391693E-05  -9.3171601E-07  -6.5993362E-06  -1.0824536E-04  -8.2814844E-05
  3.2751447E-07  -3.3970675E-06   3.5386189E-07   1.2132915E-04  -1.1682482E-04   2.3091810E-04   2.4416295E-05  -3.4424960E-02  -1.2839887E-02   1.0469184E-02  -8.3562120E-03   9.0766394E-04   8.9705285E-05  -1.3450492E-04   8.2185090E-05  -2.9585141E-03  -8.7227091E-06  -4.4568159E-05   3.0333585E-05  -5.0841708E-05   9.6804649E-08  -4.1099239E-07  -5.6661623E-07  -5.8931487E-06  -6.5512258E-06
 -6.4455900E-04   1.6425499E-03  -1.4209902E-04  -1.3207022E-01   4.9302056E-02  -2.5162904E-01  -3.4424960E-02   6.2712582E+02   6.7100098E+01  -5.9013235E+01   3.4982736E+01  -2.5195782E+01  -9.8181816E-01  -1.8791645E-02  -3.7579182E-01   1.1543343E+01  -2.3190042E-01   3.0381055E-01  -2.2517197E-01  -1.3363704E-01   3.7947274E-03   6.5805084E-03   3.6716151E-03   1.1416496E-02   1.5503528E-02
 -3.7150229E-04   1.4105513E-03  -7.4588522E-05  -5.9244630E-02   1.0191172E-02  -1.1206322E-01  -1.2839887E-02   6.7100098E+01   6.9089730E+01   6.0377952E+00   8.7642902E+00  -6.4774009E-01  -8.7649489E-02   4.7332501E-01   8.8566840E-01  -7.2934544E+00  -3.5048182E-02  -2.0500904E-01   4.6481012E-02   1.0510190E-01   7.4948840E-04   8.5843656E-04   9.3782508E-04   7.1120901E-03   7.8611663E-03
  1.1821093E-04  -1.2247330E-04   4.9372609E-05   3.1889498E-02  -1.6130742E-03   7.0876745E-02   1.0469184E-02  -5.9013235E+01   6.0377952E+00   1.7041151E+02  -7.9481962E+01   2.9322574E+00   3.0217972E-01  -9.9934974E-01   3.4296912E-01  -7.9446453E+00  -1.4497684E-02  -2.0420645E-01   5.1257478E-01  -1.0510856E-01   1.4337248E-03   1.4174707E-03  -7.5755777E-03  -6.8012432E-04   7.5759542E-04
 -1.7175754E-04   4.6316959E-04  -4.9701691E-05  -3.1892380E-02   1.3751827E-03  -6.3320617E-02  -8.3562120E-03   3.4982736E+01   8.7642902E+00  -7.9481962E+01   4.9117873E+01   1.1166535E+00  -2.6718347E-02   6.7552780E-01  -2.4109293E-01  -1.6093701E+00   1.0167404E-02   1.2987714E-01  -4.1921136E-01  -4.5676474E-02   5.5060010E-04  -4.0938027E-04   3.0331320E-03   2.2570842E-03   1.9959551E-03
  2.1134585E-05  -3.1715067E-05   9.0668072E-06   4.3095956E-03  -3.3254820E-03   8.5298953E-03   9.0766394E-04  -2.5195782E+01  -6.4774009E-01   2.9322574E+00   1.1166535E+00   4.1948848E+00   1.1062264E-01   1.4397645E-01  -1.7259304E-02  -3.2736639E+00  -2.9421890E-03  -6.8053430E-03   1.2893017E-02   5.7242592E-02   8.8285258E-06   4.7639409E-04  -2.6418116E-04  -4.2107470E-04  -4.6550341E-04
  1.4835607E-06  -3.6195879E-06   7.2157798E-07   3.6932945E-04  -6.3917632E-05   7.3942254E-04   8.9705285E-05  -9.8181816E-01  -8.7649489E-02   3.0217972E-01  -2.6718347E-02   1.1062264E-01   1.7639794E-02  -1.6859621E-02   1.1636079E-02  -1.0292148E-01   1.0347839E-04  -1.0448538E-03  -3.0416495E-03   4.6156847E-03  -5.0823186E-06   1.7667346E-05  -3.7555557E-05  -7.3965752E-06  -1.6975786E-05
 -2.7351697E-06   8.5649517E-06  -1.1535216E-06  -5.7465408E-04  -6.0487275E-06  -1.1596400E-03  -1.3450492E-04  -1.8791645E-02   4.7332501E-01  -9.9934974E-01   6.7552780E-01   1.4397645E-01  -1.6859621E-02   6.9072290E-02   5.3780190E-03  -1.3848694E-01   5.7451183E-04   7.0489817E-03   1.9486254E-04  -1.6189376E-02   6.5902501E-06  -5.2061752E-06   8.9605896E-05   1.3463275E-05   1.3246818E-05
  1.3226010E-06  -7.1426645E-07   9.9888150E-07   2.1725327E-04   3.2625938E-04   4.6318777E-04   8.2185090E-05  -3.7579182E-01   8.8566840E-01   3.4296912E-01  -2.4109293E-01  -1.7259304E-02   1.1636079E-02   5.3780190E-03   8.2420713E-02   1.2285711E-02   3.5732103E-04   4.7866096E-04   8.3359850E-04   7.9408210E-04  -7.9902657E-07   1.7494341E-05  -1.0855552E-05  -8.0768049E-06  -1.3997414E-05
 -5.5661826E-05   1.7436961E-04  -2.7713326E-05  -8.9184696E-03  -4.5343348E-03  -1.8254730E-02  -2.9585141E-03   1.1543343E+01  -7.2934544E+00  -7.9446453E+00  -1.6093701E+00  -3.2736639E+00  -1.0292148E-01  -1.3848694E-01   1.2285711E-02   7.0469782E+00   4.8053065E-03   4.3680673E-03  -1.0505210E-02  -4.7326187E-02   1.4839166E-05  -3.7568890E-04   1.0892144E-04   6.0566648E-04   4.2453278E-04
  4.0958089E-07   2.1147168E-06   2.3616918E-07  -6.0660837E-04   1.0596815E-03  -1.2268807E-03  -8.7227091E-06  -2.3190042E-01  -3.5048182E-02  -1.4497684E-02   1.0167404E-02  -2.9421890E-03   1.0347839E-04   5.7451183E-04   3.5732103E-04   4.8053065E-03   3.8849889E-02   3.3285232E-03  -1.9506089E-04   5.3336085E-04  -4.9281104E-06   3.3985988E-05  -6.1278064E-06   2.1005222E-06  -8.1045102E-06
 -8.3762202E-07   2.5857132E-06  -3.8421876E-07  -3.9739106E-04   3.9797812E-04  -8.8971641E-04  -4.4568159E-05   3.0381055E-01  -2.0500904E-01  -2.0420645E-01   1.2987714E-01  -6.8053430E-03  -1.0448538E-03   7.0489817E-03   4.7866096E-04   4.3680673E-03   3.3285232E-03   3.0721489E-02  -5.8086875E-04   5.4281474E-03  -3.4736199E-06  -7.9437187E-05  -4.8073109E-05  -6.8922284E-05  -6.9399573E-05
  5.7786971E-07   1.8897699E-07   2.5714559E-07   5.1953375E-05  -1.7385200E-05   1.3019781E-04   3.0333585E-05  -2.2517197E-01   4.6481012E-02   5.1257478E-01  -4.1921136E-01   1.2893017E-02  -3.0416495E-03   1.9486254E-04   8.3359850E-04  -1.0505210E-02  -1.9506089E-04  -5.8086875E-04   1.0361395E-02   8.1260235E-03   8.4098315E-06   4.1010048E-06   6.2231493E-05  -4.7406701E-06  -6.2067672E-06
 -1.4976656E-06   6.8759859E-06  -1.4897362E-07  -2.4619306E-04  -4.3772669E-06  -4.9681658E-04  -5.0841708E-05  -1.3363704E-01   1.0510190E-01  -1.0510856E-01  -4.5676474E-02   5.7242592E-02   4.6156847E-03  -1.6189376E-02   7.9408210E-04  -4.7326187E-02   5.3336085E-04   5.4281474E-03   8.1260235E-03   2.6059618E-02  -2.2042465E-06  -1.7355532E-06   6.2675023E-05   1.7461713E-06   1.0068547E-05
 -3.1956976E-09  -2.6942586E-08   9.2954037E-09  -1.7574322E-07  -8.4960553E-06   1.2391693E-05   9.6804649E-08   3.7947274E-03   7.4948840E-04   1.4337248E-03   5.5060010E-04   8.8285258E-06  -5.0823186E-06   6.5902501E-06  -7.9902657E-07   1.4839166E-05  -4.9281104E-06  -3.4736199E-06   8.4098315E-06  -2.2042465E-06   6.3801548E-06   1.6887138E-08  -2.7969008E-08  -2.2333397E-07   1.2807813E-07
  3.5906853E-09  -1.3457520E-08   3.0392111E-09  -8.1776249E-07   2.4489489E-06  -9.3171601E-07  -4.1099239E-07   6.5805084E-03   8.5843656E-04   1.4174707E-03  -4.0938027E-04   4.7639409E-04   1.7667346E-05  -5.2061752E-06   1.7494341E-05  -3.7568890E-04   3.3985988E-05  -7.9437187E-05   4.1010048E-06  -1.7355532E-06   1.6887138E-08   1.1149013E-06   6.0888219E-08   3.5560211E-07   6.7863680E-07
 -1.0142357E-08   3.6159855E-08  -1.8412848E-09  -3.3528755E-06   1.1942415E-07  -6.5993362E-06  -5.6661623E-07   3.6716151E-03   9.3782508E-04  -7.5755777E-03   3.0331320E-03  -2.6418116E-04  -3.7555557E-05   8.9605896E-05  -1.0855552E-05   1.0892144E-04  -6.1278064E-06  -4.8073109E-05   6.2231493E-05   6.2675023E-05  -2.7969008E-08   6.0888219E-08   2.4306083E-06   5.4575443E-07   2.6395809E-07
 -2.4182767E-07   7.2600807E-07  -1.3825244E-07  -5.5203681E-05  -1.0618441E-05  -1.0824536E-04  -5.8931487E-06   1.1416496E-02   7.1120901E-03  -6.8012432E-04   2.2570842E-03  -4.2107470E-04  -7.3965752E-06   1.3463275E-05  -8.0768049E-06   6.0566648E-04   2.1005222E-06  -6.8922284E-05  -4.7406701E-06   1.7461713E-06  -2.2333397E-07   3.5560211E-07   5.4575443E-07   2.9210686E-05   1.1125385E-05
 -3.3761624E-07  -3.6635974E-08  -2.1359078E-08  -4.2953689E-05   2.5301059E-05  -8.2814844E-05  -6.5512258E-06   1.5503528E-02   7.8611663E-03   7.5759542E-04   1.9959551E-03  -4.6550341E-04  -1.6975786E-05   1.3246818E-05  -1.3997414E-05   4.2453278E-04  -8.1045102E-06  -6.9399573E-05  -6.2067672E-06   1.0068547E-05   1.2807813E-07   6.7863680E-07   2.6395809E-07   1.1125385E-05   2.5522790E-05
