# omegam omegab H0 mnu A ns DES_m1 DES_m2 DES_m3 DES_m4 DES_AIA DES_alphaIA DES_DzS1 DES_DzS2 DES_DzS3 DES_DzS4
  3.9197574E-04  -1.7307616E-05   1.1597953E-02   3.1800937E-03  -3.8389187E-03  -4.8329950E-04  -8.2088746E-06  -3.7165420E-06  -7.6674613E-05  -4.4601554E-05   1.9932776E-03  -1.3148388E-03   1.0706386E-05  -1.5686328E-05  -2.7640466E-05  -4.1364226E-05
 -1.7307616E-05   3.5267264E-06  -2.0534806E-03  -7.4732875E-05   4.2957094E-04   5.7663299E-05   6.7332045E-07  -2.8386699E-08   4.4091918E-06   3.1092835E-06  -1.3898883E-04   5.1158803E-05  -9.1359722E-07   9.6655855E-07   2.0034260E-06   2.4449741E-06
  1.1597953E-02  -2.0534806E-03   1.7272218E+00   4.9063513E-02  -3.1126565E-01  -4.0960633E-02  -4.3449588E-04  -4.4264396E-05  -2.9505559E-03  -2.0865864E-03   8.8822673E-02  -3.6528938E-02   4.9677444E-04  -6.0032303E-04  -1.3506394E-03  -1.6297313E-03
  3.1800937E-03  -7.4732875E-05   4.9063513E-02   6.7075731E-02   1.9664856E-02   3.4071438E-03  -7.6876055E-05   2.4128396E-05  -2.7970454E-04  -1.6613803E-04   5.5460002E-03  -7.0655071E-03  -3.3686507E-05  -8.4834156E-05  -7.8043276E-05  -9.0426388E-05
 -3.8389187E-03   4.2957094E-04  -3.1126565E-01   1.9664856E-02   1.2323145E-01   1.6952210E-02   1.3378500E-04   6.0895569E-05   8.7697302E-04   5.1467064E-04  -2.4615137E-02   1.3192403E-02  -1.7914344E-04   1.9107214E-04   3.7566741E-04   5.5110395E-04
 -4.8329950E-04   5.7663299E-05  -4.0960633E-02   3.4071438E-03   1.6952210E-02   3.0082570E-03   2.6820516E-05  -1.0015467E-05   4.6463366E-05   2.6817366E-05  -4.5269326E-04   1.8820279E-03  -1.1467532E-06   1.8832983E-05   2.7353936E-05   4.1491476E-05
 -8.2088746E-06   6.7332045E-07  -4.3449588E-04  -7.6876055E-05   1.3378500E-04   2.6820516E-05   5.1045293E-04   6.9333086E-06   1.8186939E-06   1.5210940E-06   5.7330074E-04  -1.7473794E-03  -2.2116421E-05   1.0312819E-05   1.4721478E-06  -1.1452589E-06
 -3.7165420E-06  -2.8386699E-08  -4.4264396E-05   2.4128396E-05   6.0895569E-05  -1.0015467E-05   6.9333086E-06   4.9427775E-04   1.4629091E-05   1.3510030E-05   7.1815872E-04  -1.1346697E-03   1.9455740E-05  -2.7088017E-05   5.6611663E-06   1.1582070E-05
 -7.6674613E-05   4.4091918E-06  -2.9505559E-03  -2.7970454E-04   8.7697302E-04   4.6463366E-05   1.8186939E-06   1.4629091E-05   4.2556691E-04   4.3712177E-05  -8.8706509E-04   4.5436338E-04  -4.1943875E-07   9.2057405E-06  -3.1423445E-05   2.9335154E-05
 -4.4601554E-05   3.1092835E-06  -2.0865864E-03  -1.6613803E-04   5.1467064E-04   2.6817366E-05   1.5210940E-06   1.3510030E-05   4.3712177E-05   4.4959815E-04   1.3864525E-04   2.1517266E-03   4.6597818E-06   7.0771466E-06   9.6764717E-06  -7.3532739E-05
  1.9932776E-03  -1.3898883E-04   8.8822673E-02   5.5460002E-03  -2.4615137E-02  -4.5269326E-04   5.7330074E-04   7.1815872E-04  -8.8706509E-04   1.3864525E-04   3.0060649E-01   5.8673108E-01   1.6450120E-03   9.8262558E-04  -4.0400630E-04  -1.3150431E-03
 -1.3148388E-03   5.1158803E-05  -3.6528938E-02  -7.0655071E-03   1.3192403E-02   1.8820279E-03  -1.7473794E-03  -1.1346697E-03   4.5436338E-04   2.1517266E-03   5.8673108E-01   4.8511940E+00  -5.6073781E-03  -8.7858177E-05   7.5626798E-04  -1.5541940E-03
  1.0706386E-05  -9.1359722E-07   4.9677444E-04  -3.3686507E-05  -1.7914344E-04  -1.1467532E-06  -2.2116421E-05   1.9455740E-05  -4.1943875E-07   4.6597818E-06   1.6450120E-03  -5.6073781E-03   2.0737934E-04   2.1815638E-05  -1.4009550E-06  -3.1863581E-07
 -1.5686328E-05   9.6655855E-07  -6.0032303E-04  -8.4834156E-05   1.9107214E-04   1.8832983E-05   1.0312819E-05  -2.7088017E-05   9.2057405E-06   7.0771466E-06   9.8262558E-04  -8.7858177E-05   2.1815638E-05   1.3375585E-04   7.6201500E-06   4.6920243E-06
 -2.7640466E-05   2.0034260E-06  -1.3506394E-03  -7.8043276E-05   3.7566741E-04   2.7353936E-05   1.4721478E-06   5.6611663E-06  -3.1423445E-05   9.6764717E-06  -4.0400630E-04   7.5626798E-04  -1.4009550E-06   7.6201500E-06   1.0886479E-04   1.2280045E-05
 -4.1364226E-05   2.4449741E-06  -1.6297313E-03  -9.0426388E-05   5.5110395E-04   4.1491476E-05  -1.1452589E-06   1.1582070E-05   2.9335154E-05  -7.3532739E-05  -1.3150431E-03  -1.5541940E-03  -3.1863581E-07   4.6920243E-06   1.2280045E-05   4.1207384E-04
