# omegabh2 omegach2 theta tau logA ns r calPlanck BBdust BBsync BBalphadust BBbetadust BBalphasync BBbetasync BBdustsynccorr aps100 aps143 aps217 acib217 asz143 psr cibr xi aksz dust100 dust143 dust217 dust143x217 cal0 cal2 calTE calEE
  2.4543371E-08  -8.7735045E-08   1.6341302E-08   2.9870901E-07   5.3048802E-07   2.8337864E-07   1.0131778E-07   3.4564201E-08  -2.6757196E-07   1.7942530E-06   9.1394316E-07  -1.3585500E-07   1.9667067E-07   4.4672254E-07  -1.2916115E-08  -3.7712876E-04  -2.6914421E-04   9.5601487E-05  -1.3476324E-04   1.7268087E-05   8.6369434E-07  -2.5166418E-06   7.1278085E-07  -3.6285467E-05   2.0359268E-07  -5.7619138E-07   8.2235874E-07   1.1066072E-07   3.3856410E-09  -8.6477926E-09  -9.4397417E-08  -2.5684154E-07
 -8.7735045E-08   1.4152337E-06  -1.2007672E-07  -3.2536123E-06  -3.9973907E-06  -3.2814338E-06  -2.1589286E-06  -3.3460782E-07  -1.9526981E-07   5.7164102E-06  -6.8418869E-06  -8.4943118E-08   1.3325672E-06  -3.4398603E-06   2.1620000E-07   8.7459497E-04   1.0152876E-03  -3.5554896E-04   3.8913697E-04  -4.7411119E-05  -2.8907760E-06   1.0454001E-05   9.2622948E-07   8.9171077E-05   3.2836115E-07   4.7917595E-06  -1.5019287E-06   1.4482378E-06  -4.9665554E-08   1.1950282E-08  -1.8625727E-07  -6.0857133E-07
  1.6341302E-08  -1.2007672E-07   9.7706992E-08   3.9178991E-07   6.9205792E-07   4.1672848E-07   1.3562876E-07   4.3658204E-08   3.4889788E-06  -7.6809078E-07   4.7576440E-07   3.7213423E-07  -3.1502964E-08   8.8418414E-07  -8.0128137E-07  -1.2474307E-04  -1.1803396E-04   4.5232973E-05  -5.0066798E-05   5.4800606E-06   3.1196537E-08  -1.3074892E-06  -9.1418735E-07  -6.8595937E-06  -9.5258913E-08  -8.7178797E-07   7.0145031E-07   3.2259969E-07   7.0163318E-10   6.9509128E-09  -2.1554402E-08   2.8534363E-08
  2.9870901E-07  -3.2536123E-06   3.9178991E-07   4.5586575E-05   8.2075338E-05   9.8702214E-06   8.6304386E-07  -4.8327034E-07  -3.5226641E-05   7.7549777E-05  -1.3450982E-05   6.4425644E-06  -1.4708303E-05   2.0159228E-05  -1.8035010E-05  -9.3911264E-03  -5.2984312E-03   1.0016612E-03  -1.9774037E-03   4.2117839E-04   1.7493655E-05  -3.9710677E-05   6.5519659E-06  -5.8904149E-04   1.5335349E-05  -4.2317399E-06   8.3593879E-06   4.2137767E-06  -6.6621210E-08  -9.1159429E-08  -2.5643189E-06  -1.2415562E-06
  5.3048802E-07  -3.9973907E-06   6.9205792E-07   8.2075338E-05   1.7850677E-04   1.2505141E-05  -7.2352266E-06   1.0698777E-05  -9.3202634E-05   2.2907580E-04  -4.8933957E-05   2.1932312E-05  -3.5980778E-05   5.0647255E-05  -3.8894271E-05  -9.4327093E-03  -7.6702148E-03   8.1964680E-03  -4.1765844E-03   6.4286564E-04   4.4299908E-05  -9.6206977E-05   3.9524056E-05  -1.7534249E-03   8.8243428E-06  -7.5708536E-05   3.7334817E-05  -7.7480989E-06   3.7339412E-07  -1.2386396E-07  -5.5755887E-06  -2.0825943E-06
  2.8337864E-07  -3.2814338E-06   4.1672848E-07   9.8702214E-06   1.2505141E-05   1.8096574E-05   1.0388827E-05   9.2838261E-07  -1.3784922E-05  -3.9506861E-06   1.3865780E-05   1.2951288E-06   1.2922779E-05   2.8391463E-06  -2.8990488E-07  -2.2315625E-02  -8.2493785E-03   9.6618375E-03  -6.5251685E-03   6.2847580E-04   6.5563318E-05  -1.3181746E-04   4.1494907E-05  -2.2342429E-03   1.9694797E-05  -4.0669275E-05   2.9912466E-05  -1.1678830E-05  -1.7765026E-07  -3.9399623E-07  -2.4701697E-07  -2.5551853E-06
  1.0131778E-07  -2.1589286E-06   1.3562876E-07   8.6304386E-07  -7.2352266E-06   1.0388827E-05   4.0297106E-04  -8.9753797E-07  -2.7270944E-04  -1.0940246E-03  -1.0638071E-04   3.4937187E-04  -3.0094003E-05  -1.4155663E-04  -8.9884640E-04  -1.4175362E-02  -5.4045755E-03  -9.5646816E-05  -1.0481480E-03   3.4345560E-04  -9.9974464E-06   4.3375709E-05   8.8148978E-06  -5.8196224E-04  -3.7634757E-06  -1.1766563E-05   3.6732642E-06  -2.4820127E-05  -3.0465231E-07   1.2468578E-07  -1.6057409E-06  -3.0080034E-07
  3.4564201E-08  -3.3460782E-07   4.3658204E-08  -4.8327034E-07   1.0698777E-05   9.2838261E-07  -8.9753797E-07   6.2085114E-06  -6.5027186E-06   1.3870942E-05  -4.0753482E-06   4.4962535E-06  -3.3148218E-06   7.7547444E-06  -5.4330363E-06   4.2528749E-03  -4.8868547E-05   1.0168325E-03   5.9660201E-04  -6.4533294E-05  -5.5559900E-06   6.9931123E-06  -9.0287922E-06   3.6131336E-05  -1.1275649E-06   4.8522378E-06   6.2631675E-06  -4.7771699E-06   1.4702659E-08   1.6649010E-08  -2.7623420E-07  -1.8974515E-07
 -2.6757196E-07  -1.9526981E-07   3.4889788E-06  -3.5226641E-05  -9.3202634E-05  -1.3784922E-05  -2.7270944E-04  -6.5027186E-06   1.0559319E+00   1.1228874E-02  -1.1733285E-01   4.4122093E-02  -9.1764279E-04   7.5825849E-03  -9.6114835E-03   4.5462475E-02   2.4171772E-02  -3.9410844E-01   1.9678276E-01  -1.4432042E-02  -4.5171698E-04   2.2038415E-03  -1.5893063E-03   3.5908106E-03   1.2685844E-03   2.0266309E-03  -1.5854654E-03   6.1100913E-04  -1.3667861E-05   8.9959647E-07  -4.6200502E-05  -4.3931417E-05
  1.7942530E-06   5.7164102E-06  -7.6809078E-07   7.7549777E-05   2.2907580E-04  -3.9506861E-06  -1.0940246E-03   1.3870942E-05   1.1228874E-02   1.1692429E+00   4.2451360E-04  -2.7713804E-03   1.4470555E-02  -4.6624222E-02   4.1910935E-02  -1.7278120E-01   3.2356359E-02  -1.6356113E-03  -1.1221938E-02   8.0041661E-03   5.0777945E-04   3.3986543E-05   1.5909354E-03  -4.3374400E-02   7.3194228E-04   3.3590537E-04   7.9467741E-04   1.6543684E-03  -4.0638098E-06  -3.0053725E-06  -5.6895840E-05  -2.8795828E-05
  9.1394316E-07  -6.8418869E-06   4.7576440E-07  -1.3450982E-05  -4.8933957E-05   1.3865780E-05  -1.0638071E-04  -4.0753482E-06  -1.1733285E-01   4.2451360E-04   6.0500572E-02  -3.4280890E-04   1.2905052E-03   1.7633502E-04  -6.7517468E-04   2.4611394E-02  -2.6709114E-02   1.5206199E-02  -1.4462077E-02   8.4023540E-04  -6.3521760E-06   1.6166720E-04   6.2325105E-04   1.3640732E-03  -4.6701114E-04   4.6355614E-04   1.7300469E-04   3.7735950E-05   6.4525709E-07   2.7682887E-07   1.1136279E-07   1.1429043E-05
 -1.3585500E-07  -8.4943118E-08   3.7213423E-07   6.4425644E-06   2.1932312E-05   1.2951288E-06   3.4937187E-04   4.4962535E-06   4.4122093E-02  -2.7713804E-03  -3.4280890E-04   9.2287396E-03   6.9421130E-05  -1.3545263E-03   1.2473783E-03   3.9851395E-02  -6.7405942E-03  -3.8432827E-02   1.8408974E-02  -5.5033404E-03  -1.4998202E-04  -1.7026510E-04  -4.1416650E-04   3.1545168E-03   6.3698773E-05   7.6811611E-05  -2.1064877E-04  -3.2716505E-05  -4.3510812E-07   5.3547515E-07  -8.8530422E-06   1.4532277E-06
  1.9667067E-07   1.3325672E-06  -3.1502964E-08  -1.4708303E-05  -3.5980778E-05   1.2922779E-05  -3.0094003E-05  -3.3148218E-06  -9.1764279E-04   1.4470555E-02   1.2905052E-03   6.9421130E-05   8.2416928E-02  -6.4700714E-04   1.6596711E-03   1.8216103E-02   2.1313972E-02   1.7302798E-02  -7.0187573E-03  -4.6119977E-03   2.6169755E-04  -7.6383290E-04   6.1963385E-04  -7.3365868E-03  -1.3765297E-04  -2.8346184E-04   1.0645314E-04   6.8691395E-05   1.9986437E-06   4.4709990E-06  -1.1334916E-05  -1.1267473E-05
  4.4672254E-07  -3.4398603E-06   8.8418414E-07   2.0159228E-05   5.0647255E-05   2.8391463E-06  -1.4155663E-04   7.7547444E-06   7.5825849E-03  -4.6624222E-02   1.7633502E-04  -1.3545263E-03  -6.4700714E-04   7.4682391E-02  -5.0877485E-03   3.8734046E-02   2.5939993E-02   2.1301341E-02  -1.1568881E-02  -2.6909515E-04  -1.1238202E-04   4.1779558E-04   1.5326452E-03   1.2837445E-03  -2.2517026E-04  -1.8831715E-04   4.8175628E-04   4.4252952E-04   1.1262537E-06   4.7628687E-06   1.1278796E-05   7.7635596E-06
 -1.2916115E-08   2.1620000E-07  -8.0128137E-07  -1.8035010E-05  -3.8894271E-05  -2.8990488E-07  -8.9884640E-04  -5.4330363E-06  -9.6114835E-03   4.1910935E-02  -6.7517468E-04   1.2473783E-03   1.6596711E-03  -5.0877485E-03   7.8693771E-02  -3.4999818E-02   6.5899470E-03   1.6304915E-02  -1.5528084E-02  -5.3221835E-03   3.4176605E-04  -1.7036485E-03  -3.4252684E-04  -3.9107927E-03  -6.9987173E-05  -4.3980531E-04  -9.3234382E-05   4.8231409E-04   8.5562108E-07  -7.7701623E-06   1.2092785E-05   5.1797089E-06
 -3.7712876E-04   8.7459497E-04  -1.2474307E-04  -9.3911264E-03  -9.4327093E-03  -2.2315625E-02  -1.4175362E-02   4.2528749E-03   4.5462475E-02  -1.7278120E-01   2.4611394E-02   3.9851395E-02   1.8216103E-02   3.8734046E-02  -3.4999818E-02   5.9099520E+02   5.2676875E+01  -5.6814124E+01   3.0021260E+01  -2.4603754E+01  -8.1111455E-01  -1.6368350E-01  -3.0639492E-01   1.1057144E+01  -1.6901670E-01   2.9773205E-01  -2.5480467E-01  -2.2531069E-01   6.5730535E-03   2.7809460E-03   9.2253365E-04   6.2851739E-03
 -2.6914421E-04   1.0152876E-03  -1.1803396E-04  -5.2984312E-03  -7.6702148E-03  -8.2493785E-03  -5.4045755E-03  -4.8868547E-05   2.4171772E-02   3.2356359E-02  -2.6709114E-02  -6.7405942E-03   2.1313972E-02   2.5939993E-02   6.5899470E-03   5.2676875E+01   6.5156096E+01   9.2002951E+00   6.1189426E+00  -1.0579575E-01  -5.8723080E-04   4.3227151E-01   8.8551548E-01  -8.3215444E+00  -3.9007797E-02  -2.3348009E-01   5.1501740E-02   6.7747684E-02   8.4633899E-04   6.4296565E-04   1.9878802E-03   4.4429382E-03
  9.5601487E-05  -3.5554896E-04   4.5232973E-05   1.0016612E-03   8.1964680E-03   9.6618375E-03  -9.5646816E-05   1.0168325E-03  -3.9410844E-01  -1.6356113E-03   1.5206199E-02  -3.8432827E-02   1.7302798E-02   2.1301341E-02   1.6304915E-02  -5.6814124E+01   9.2002951E+00   1.7438590E+02  -8.2477825E+01   2.4806110E+00   3.2747618E-01  -1.0290918E+00   3.1963221E-01  -7.2256311E+00  -4.1712822E-02  -2.5915808E-01   5.5155973E-01  -1.5248650E-03   1.4731804E-03  -7.7086581E-03   3.4670099E-03   2.3226245E-03
 -1.3476324E-04   3.8913697E-04  -5.0066798E-05  -1.9774037E-03  -4.1765844E-03  -6.5251685E-03  -1.0481480E-03   5.9660201E-04   1.9678276E-01  -1.1221938E-02  -1.4462077E-02   1.8408974E-02  -7.0187573E-03  -1.1568881E-02  -1.5528084E-02   3.0021260E+01   6.1189426E+00  -8.2477825E+01   5.1395903E+01   1.7919651E+00  -3.8024581E-02   7.1989657E-01  -2.3940402E-01  -2.7026517E+00   9.7209950E-03   1.6215286E-01  -4.4772015E-01  -1.1378889E-01  -4.6224105E-04   3.0744444E-03  -1.2247029E-03   3.7075117E-04
  1.7268087E-05  -4.7411119E-05   5.4800606E-06   4.2117839E-04   6.4286564E-04   6.2847580E-04   3.4345560E-04  -6.4533294E-05  -1.4432042E-02   8.0041661E-03   8.4023540E-04  -5.5033404E-03  -4.6119977E-03  -2.6909515E-04  -5.3221835E-03  -2.4603754E+01  -1.0579575E-01   2.4806110E+00   1.7919651E+00   4.2909267E+00   9.8781884E-02   1.6112257E-01  -3.3173814E-02  -3.5205123E+00  -1.2910379E-02  -8.1177354E-03   8.1314926E-03   4.9975666E-02   4.3745820E-04  -2.1774547E-04  -1.2910271E-04  -2.3739857E-04
  8.6369434E-07  -2.8907760E-06   3.1196537E-08   1.7493655E-05   4.4299908E-05   6.5563318E-05  -9.9974464E-06  -5.5559900E-06  -4.5171698E-04   5.0777945E-04  -6.3521760E-06  -1.4998202E-04   2.6169755E-04  -1.1238202E-04   3.4176605E-04  -8.1111455E-01  -5.8723080E-04   3.2747618E-01  -3.8024581E-02   9.8781884E-02   1.6435389E-02  -1.6714430E-02   1.2519518E-02  -1.0182608E-01  -1.3786434E-04  -1.2976036E-03  -2.7312102E-03   5.1834408E-03   1.8093283E-05  -3.5483711E-05   1.1528179E-05   5.0241888E-06
 -2.5166418E-06   1.0454001E-05  -1.3074892E-06  -3.9710677E-05  -9.6206977E-05  -1.3181746E-04   4.3375709E-05   6.9931123E-06   2.2038415E-03   3.3986543E-05   1.6166720E-04  -1.7026510E-04  -7.6383290E-04   4.1779558E-04  -1.7036485E-03  -1.6368350E-01   4.3227151E-01  -1.0290918E+00   7.1989657E-01   1.6112257E-01  -1.6714430E-02   6.8551996E-02   3.3068097E-03  -1.5639410E-01  -4.1727114E-04   6.9549532E-03  -1.5648071E-04  -1.7712344E-02  -8.6996230E-06   9.1331631E-05  -2.6538299E-05  -1.3242806E-05
  7.1278085E-07   9.2622948E-07  -9.1418735E-07   6.5519659E-06   3.9524056E-05   4.1494907E-05   8.8148978E-06  -9.0287922E-06  -1.5893063E-03   1.5909354E-03   6.2325105E-04  -4.1416650E-04   6.1963385E-04   1.5326452E-03  -3.4252684E-04  -3.0639492E-01   8.8551548E-01   3.1963221E-01  -2.3940402E-01  -3.3173814E-02   1.2519518E-02   3.3068097E-03   8.2848792E-02   3.7451968E-02  -1.3235787E-04  -4.1924267E-05   8.2244874E-04   1.1871644E-03   1.7736953E-05  -4.4732433E-06   1.3224654E-05   1.6395822E-06
 -3.6285467E-05   8.9171077E-05  -6.8595937E-06  -5.8904149E-04  -1.7534249E-03  -2.2342429E-03  -5.8196224E-04   3.6131336E-05   3.5908106E-03  -4.3374400E-02   1.3640732E-03   3.1545168E-03  -7.3365868E-03   1.2837445E-03  -3.9107927E-03   1.1057144E+01  -8.3215444E+00  -7.2256311E+00  -2.7026517E+00  -3.5205123E+00  -1.0182608E-01  -1.5639410E-01   3.7451968E-02   7.3551547E+00   1.0939607E-02  -1.8242543E-04  -9.8668337E-04  -4.6110841E-02  -3.4565841E-04   1.3176091E-04  -2.4119979E-04   1.9044722E-05
  2.0359268E-07   3.2836115E-07  -9.5258913E-08   1.5335349E-05   8.8243428E-06   1.9694797E-05  -3.7634757E-06  -1.1275649E-06   1.2685844E-03   7.3194228E-04  -4.6701114E-04   6.3698773E-05  -1.3765297E-04  -2.2517026E-04  -6.9987173E-05  -1.6901670E-01  -3.9007797E-02  -4.1712822E-02   9.7209950E-03  -1.2910379E-02  -1.3786434E-04  -4.1727114E-04  -1.3235787E-04   1.0939607E-02   3.8165345E-02   2.8492500E-03  -3.0276181E-04   2.5947379E-04   3.3298628E-05  -5.4781927E-06  -1.5155721E-05  -2.0933935E-05
 -5.7619138E-07   4.7917595E-06  -8.7178797E-07  -4.2317399E-06  -7.5708536E-05  -4.0669275E-05  -1.1766563E-05   4.8522378E-06   2.0266309E-03   3.3590537E-04   4.6355614E-04   7.6811611E-05  -2.8346184E-04  -1.8831715E-04  -4.3980531E-04   2.9773205E-01  -2.3348009E-01  -2.5915808E-01   1.6215286E-01  -8.1177354E-03  -1.2976036E-03   6.9549532E-03  -4.1924267E-05  -1.8242543E-04   2.8492500E-03   3.0743002E-02  -8.0852899E-04   4.9875199E-03  -7.9024232E-05  -4.1182365E-05  -7.5384186E-05  -7.5048309E-05
  8.2235874E-07  -1.5019287E-06   7.0145031E-07   8.3593879E-06   3.7334817E-05   2.9912466E-05   3.6732642E-06   6.2631675E-06  -1.5854654E-03   7.9467741E-04   1.7300469E-04  -2.1064877E-04   1.0645314E-04   4.8175628E-04  -9.3234382E-05  -2.5480467E-01   5.1501740E-02   5.5155973E-01  -4.4772015E-01   8.1314926E-03  -2.7312102E-03  -1.5648071E-04   8.2244874E-04  -9.8668337E-04  -3.0276181E-04  -8.0852899E-04   1.0669188E-02   8.3702506E-03   2.1660149E-06   6.3027867E-05   7.0365381E-06  -1.4963014E-06
  1.1066072E-07   1.4482378E-06   3.2259969E-07   4.2137767E-06  -7.7480989E-06  -1.1678830E-05  -2.4820127E-05  -4.7771699E-06   6.1100913E-04   1.6543684E-03   3.7735950E-05  -3.2716505E-05   6.8691395E-05   4.4252952E-04   4.8231409E-04  -2.2531069E-01   6.7747684E-02  -1.5248650E-03  -1.1378889E-01   4.9975666E-02   5.1834408E-03  -1.7712344E-02   1.1871644E-03  -4.6110841E-02   2.5947379E-04   4.9875199E-03   8.3702506E-03   2.5778303E-02  -3.9033894E-06   6.0195649E-05  -2.0000268E-05  -8.1057928E-06
  3.3856410E-09  -4.9665554E-08   7.0163318E-10  -6.6621210E-08   3.7339412E-07  -1.7765026E-07  -3.0465231E-07   1.4702659E-08  -1.3667861E-05  -4.0638098E-06   6.4525709E-07  -4.3510812E-07   1.9986437E-06   1.1262537E-06   8.5562108E-07   6.5730535E-03   8.4633899E-04   1.4731804E-03  -4.6224105E-04   4.3745820E-04   1.8093283E-05  -8.6996230E-06   1.7736953E-05  -3.4565841E-04   3.3298628E-05  -7.9024232E-05   2.1660149E-06  -3.9033894E-06   1.0958195E-06   3.1858927E-08   3.0261765E-07   5.1369515E-07
 -8.6477926E-09   1.1950282E-08   6.9509128E-09  -9.1159429E-08  -1.2386396E-07  -3.9399623E-07   1.2468578E-07   1.6649010E-08   8.9959647E-07  -3.0053725E-06   2.7682887E-07   5.3547515E-07   4.4709990E-06   4.7628687E-06  -7.7701623E-06   2.7809460E-03   6.4296565E-04  -7.7086581E-03   3.0744444E-03  -2.1774547E-04  -3.5483711E-05   9.1331631E-05  -4.4732433E-06   1.3176091E-04  -5.4781927E-06  -4.1182365E-05   6.3027867E-05   6.0195649E-05   3.1858927E-08   2.4465826E-06   1.7878942E-07   2.5231554E-07
 -9.4397417E-08  -1.8625727E-07  -2.1554402E-08  -2.5643189E-06  -5.5755887E-06  -2.4701697E-07  -1.6057409E-06  -2.7623420E-07  -4.6200502E-05  -5.6895840E-05   1.1136279E-07  -8.8530422E-06  -1.1334916E-05   1.1278796E-05   1.2092785E-05   9.2253365E-04   1.9878802E-03   3.4670099E-03  -1.2247029E-03  -1.2910271E-04   1.1528179E-05  -2.6538299E-05   1.3224654E-05  -2.4119979E-04  -1.5155721E-05  -7.5384186E-05   7.0365381E-06  -2.0000268E-05   3.0261765E-07   1.7878942E-07   2.3763064E-05   8.2948200E-06
 -2.5684154E-07  -6.0857133E-07   2.8534363E-08  -1.2415562E-06  -2.0825943E-06  -2.5551853E-06  -3.0080034E-07  -1.8974515E-07  -4.3931417E-05  -2.8795828E-05   1.1429043E-05   1.4532277E-06  -1.1267473E-05   7.7635596E-06   5.1797089E-06   6.2851739E-03   4.4429382E-03   2.3226245E-03   3.7075117E-04  -2.3739857E-04   5.0241888E-06  -1.3242806E-05   1.6395822E-06   1.9044722E-05  -2.0933935E-05  -7.5048309E-05  -1.4963014E-06  -8.1057928E-06   5.1369515E-07   2.5231554E-07   8.2948200E-06   2.4080732E-05
