# omegabh2 omegach2 theta tau w logA ns calPlanck aps100 aps143 aps217 acib217 asz143 psr cibr xi aksz dust100 dust143 dust217 dust143x217 cal0 cal2 calTE calEE
  2.2066046E-08  -6.0134743E-08   1.1790966E-08   2.1390409E-07   1.1640596E-06   3.7175684E-07   2.0535567E-07   1.1512385E-08  -3.0101875E-04  -2.5067355E-04   4.6986289E-05  -1.0492932E-04   1.3517292E-05   8.9645191E-07  -2.2955413E-06   7.1913446E-07  -3.0315051E-05   3.3011811E-07  -6.3299802E-07   5.4505316E-07  -1.6723343E-08   3.3282604E-09  -4.9887144E-09  -1.1022419E-07  -2.6635108E-07
 -6.0134743E-08   1.0567529E-06  -6.9837700E-08  -2.3484523E-06  -1.5899796E-05  -2.7571261E-06  -2.4101869E-06  -2.3940902E-07   1.0205813E-04   6.0820637E-04   2.4480547E-05   1.3422479E-04  -6.3113608E-06  -6.9883710E-08   3.2166683E-06  -3.2114363E-06   5.1046723E-05   1.3120082E-06   4.8366098E-06  -5.2636410E-07   1.6514907E-06  -3.0885127E-08  -1.4572054E-09  -1.4207210E-07  -5.1029987E-07
  1.1790966E-08  -6.9837700E-08   8.7622192E-08   2.1252562E-07   2.1481291E-06   4.0938804E-07   2.7616097E-07   2.3098064E-08  -1.2418920E-04  -1.0183177E-04  -5.1578673E-05   9.7804613E-06   1.1772449E-05   4.9158128E-07  -4.5838146E-07  -1.2610894E-06  -5.5525168E-06   9.0018416E-07  -7.6301977E-07   1.6481682E-08   3.4787233E-08   5.3410235E-09   1.0108236E-08  -4.5965139E-08   8.0529369E-09
  2.1390409E-07  -2.3484523E-06   2.1252562E-07   4.1523707E-05   4.6839713E-05   7.4976381E-05   7.7534445E-06  -8.5092168E-07  -6.7140514E-03  -4.7778262E-03  -1.7333982E-03  -4.7372606E-04   3.3658234E-04   1.1054766E-05  -6.7074061E-06  -8.4201357E-06  -4.9867227E-04  -1.4760759E-05   1.8634747E-05  -7.4594849E-06  -4.3672801E-06  -1.9290271E-07  -2.4699183E-07  -3.1851196E-06  -2.1837014E-06
  1.1640596E-06  -1.5899796E-05   2.1481291E-06   4.6839713E-05   8.8449692E-04   6.9294378E-05   3.6703500E-05   5.0598793E-06   1.5404179E-02  -8.4489188E-03  -6.2693093E-03   7.7115378E-04  -3.4039319E-04  -2.9787635E-05  -1.4092014E-05  -2.5731260E-05  -9.0700622E-04   1.5477229E-05  -3.0918642E-05  -4.6055917E-06  -1.5801413E-05   5.4688603E-07   4.3004470E-07   1.9943689E-06   4.3831581E-06
  3.7175684E-07  -2.7571261E-06   4.0938804E-07   7.4976381E-05   6.9294378E-05   1.6502555E-04   9.7396663E-06   9.9007423E-06  -7.7379340E-03  -6.6294563E-03   4.9514377E-03  -2.4429517E-03   4.8268422E-04   4.3638151E-05  -7.6716192E-05  -1.8374125E-07  -1.6916047E-03  -2.0257426E-05  -4.1806909E-05   1.1758802E-05  -2.6091301E-05   1.3972337E-07  -5.3834190E-07  -6.7414268E-06  -3.0648504E-06
  2.0535567E-07  -2.4101869E-06   2.7616097E-07   7.7534445E-06   3.6703500E-05   9.7396663E-06   1.5727930E-05   7.6005674E-07  -2.0513194E-02  -7.7091141E-03   7.5025721E-03  -5.4803259E-03   4.2928725E-04   5.3006843E-05  -9.9109948E-05   4.4689167E-05  -1.8904062E-03   8.9550246E-06  -3.1304232E-05   2.6982690E-05  -1.6122235E-05  -2.8056076E-07  -2.7909836E-07  -5.5802982E-07  -2.9528314E-06
  1.1512385E-08  -2.3940902E-07   2.3098064E-08  -8.5092168E-07   5.0598793E-06   9.9007423E-06   7.6005674E-07   6.1003931E-06   3.3069244E-03   4.1218201E-04   1.5134513E-03   2.9462635E-04  -1.3824830E-04  -5.6713478E-06  -6.2064894E-06  -8.3873058E-06   6.0535880E-05   9.6931640E-06  -4.3495974E-07   7.2976159E-06  -6.3078283E-06  -3.2549302E-08  -3.4130694E-08  -2.6509670E-07   2.3233604E-09
 -3.0101875E-04   1.0205813E-04  -1.2418920E-04  -6.7140514E-03   1.5404179E-02  -7.7379340E-03  -2.0513194E-02   3.3069244E-03   6.1626861E+02   5.7359312E+01  -5.6472148E+01   2.9634059E+01  -2.6062427E+01  -8.6067749E-01  -1.8990825E-01  -2.1810086E-01   1.0802083E+01  -1.9373144E-01   2.6250480E-01  -2.6156650E-01  -2.3872782E-01   6.7033310E-03   2.8487971E-03   1.7007071E-03   5.5574948E-03
 -2.5067355E-04   6.0820637E-04  -1.0183177E-04  -4.7778262E-03  -8.4489188E-03  -6.6294563E-03  -7.7091141E-03   4.1218201E-04   5.7359312E+01   6.7757536E+01   1.0953071E+01   5.5441137E+00   3.6843884E-02  -8.3247668E-04   4.5631417E-01   9.1614370E-01  -8.7617571E+00  -4.9174526E-02  -2.3118057E-01   6.4315467E-02   6.8038181E-02   9.3998779E-04   6.2044645E-04   2.6557360E-03   4.3573743E-03
  4.6986289E-05   2.4480547E-05  -5.1578673E-05  -1.7333982E-03  -6.2693093E-03   4.9514377E-03   7.5025721E-03   1.5134513E-03  -5.6472148E+01   1.0953071E+01   1.7255923E+02  -8.1966591E+01   2.6421041E+00   3.1457311E-01  -1.0070696E+00   3.0332442E-01  -6.8774584E+00  -2.5593787E-02  -2.9154543E-01   5.6888279E-01  -6.9713687E-03   1.6546070E-03  -7.3940445E-03   2.5917866E-03   3.6446364E-03
 -1.0492932E-04   1.3422479E-04   9.7804613E-06  -4.7372606E-04   7.7115378E-04  -2.4429517E-03  -5.4803259E-03   2.9462635E-04   2.9634059E+01   5.5441137E+00  -8.1966591E+01   5.1442198E+01   1.7791856E+00  -2.3527845E-02   7.0243307E-01  -2.2679911E-01  -2.9484280E+00   1.4653276E-02   1.7286873E-01  -4.5429230E-01  -1.0221717E-01  -4.9209359E-04   3.0360602E-03  -6.7316363E-04  -3.2350296E-04
  1.3517292E-05  -6.3113608E-06   1.1772449E-05   3.3658234E-04  -3.4039319E-04   4.8268422E-04   4.2928725E-04  -1.3824830E-04  -2.6062427E+01   3.6843884E-02   2.6421041E+00   1.7791856E+00   4.3953494E+00   1.0644458E-01   1.5753745E-01  -2.2877630E-02  -3.5752250E+00   6.4081517E-04  -6.1943405E-03   9.2030424E-03   5.9475695E-02   4.6432909E-04  -2.3742503E-04  -1.4572800E-04  -1.3061501E-04
  8.9645191E-07  -6.9883710E-08   4.9158128E-07   1.1054766E-05  -2.9787635E-05   4.3638151E-05   5.3006843E-05  -5.6713478E-06  -8.6067749E-01  -8.3247668E-04   3.1457311E-01  -2.3527845E-02   1.0644458E-01   1.7119659E-02  -1.6552853E-02   1.2266450E-02  -1.1016494E-01  -4.7595184E-05  -1.4093473E-03  -2.8620679E-03   5.1001719E-03   2.0208221E-05  -3.5843054E-05   1.7367709E-05   1.6390664E-05
 -2.2955413E-06   3.2166683E-06  -4.5838146E-07  -6.7074061E-06  -1.4092014E-05  -7.6716192E-05  -9.9109948E-05  -6.2064894E-06  -1.8990825E-01   4.5631417E-01  -1.0070696E+00   7.0243307E-01   1.5753745E-01  -1.6552853E-02   6.7941266E-02   6.2626382E-03  -1.5470112E-01   6.3897702E-04   7.4422378E-03   2.1890367E-05  -1.6805521E-02  -9.1753080E-06   9.3820290E-05  -2.1457615E-05  -2.2973489E-05
  7.1913446E-07  -3.2114363E-06  -1.2610894E-06  -8.4201357E-06  -2.5731260E-05  -1.8374125E-07   4.4689167E-05  -8.3873058E-06  -2.1810086E-01   9.1614370E-01   3.0332442E-01  -2.2679911E-01  -2.2877630E-02   1.2266450E-02   6.2626382E-03   8.2704406E-02   2.3869157E-02  -4.8660505E-04   3.7107971E-04   1.2214766E-03   6.7133736E-04   1.8981932E-05   1.4012217E-06   2.7969076E-05   1.4759917E-05
 -3.0315051E-05   5.1046723E-05  -5.5525168E-06  -4.9867227E-04  -9.0700622E-04  -1.6916047E-03  -1.8904062E-03   6.0535880E-05   1.0802083E+01  -8.7617571E+00  -6.8774584E+00  -2.9484280E+00  -3.5752250E+00  -1.1016494E-01  -1.5470112E-01   2.3869157E-02   7.4102109E+00  -3.4285632E-03   7.0956796E-04  -3.1799182E-03  -5.5248494E-02  -4.2845380E-04   5.0632221E-05  -2.0180739E-04   7.9650516E-06
  3.3011811E-07   1.3120082E-06   9.0018416E-07  -1.4760759E-05   1.5477229E-05  -2.0257426E-05   8.9550246E-06   9.6931640E-06  -1.9373144E-01  -4.9174526E-02  -2.5593787E-02   1.4653276E-02   6.4081517E-04  -4.7595184E-05   6.3897702E-04  -4.8660505E-04  -3.4285632E-03   3.8287631E-02   2.8734607E-03   1.7671973E-04   5.6314600E-04   3.7538267E-05   9.2637728E-07  -1.2765625E-06  -1.5165920E-05
 -6.3299802E-07   4.8366098E-06  -7.6301977E-07   1.8634747E-05  -3.0918642E-05  -4.1806909E-05  -3.1304232E-05  -4.3495974E-07   2.6250480E-01  -2.3118057E-01  -2.9154543E-01   1.7286873E-01  -6.1943405E-03  -1.4093473E-03   7.4422378E-03   3.7107971E-04   7.0956796E-04   2.8734607E-03   3.0626770E-02  -9.0132493E-04   4.7424691E-03  -8.1396487E-05  -4.1339180E-05  -7.8702522E-05  -8.0641872E-05
  5.4505316E-07  -5.2636410E-07   1.6481682E-08  -7.4594849E-06  -4.6055917E-06   1.1758802E-05   2.6982690E-05   7.2976159E-06  -2.6156650E-01   6.4315467E-02   5.6888279E-01  -4.5429230E-01   9.2030424E-03  -2.8620679E-03   2.1890367E-05   1.2214766E-03  -3.1799182E-03   1.7671973E-04  -9.0132493E-04   1.0619658E-02   8.1823810E-03   2.9757629E-06   6.0883117E-05   2.5274357E-06   2.8370181E-06
 -1.6723343E-08   1.6514907E-06   3.4787233E-08  -4.3672801E-06  -1.5801413E-05  -2.6091301E-05  -1.6122235E-05  -6.3078283E-06  -2.3872782E-01   6.8038181E-02  -6.9713687E-03  -1.0221717E-01   5.9475695E-02   5.1001719E-03  -1.6805521E-02   6.7133736E-04  -5.5248494E-02   5.6314600E-04   4.7424691E-03   8.1823810E-03   2.5547508E-02  -1.2117325E-06   5.6251925E-05  -2.1383207E-05  -5.5123733E-06
  3.3282604E-09  -3.0885127E-08   5.3410235E-09  -1.9290271E-07   5.4688603E-07   1.3972337E-07  -2.8056076E-07  -3.2549302E-08   6.7033310E-03   9.3998779E-04   1.6546070E-03  -4.9209359E-04   4.6432909E-04   2.0208221E-05  -9.1753080E-06   1.8981932E-05  -4.2845380E-04   3.7538267E-05  -8.1396487E-05   2.9757629E-06  -1.2117325E-06   1.1307174E-06   3.6343332E-08   3.8336612E-07   6.9556804E-07
 -4.9887144E-09  -1.4572054E-09   1.0108236E-08  -2.4699183E-07   4.3004470E-07  -5.3834190E-07  -2.7909836E-07  -3.4130694E-08   2.8487971E-03   6.2044645E-04  -7.3940445E-03   3.0360602E-03  -2.3742503E-04  -3.5843054E-05   9.3820290E-05   1.4012217E-06   5.0632221E-05   9.2637728E-07  -4.1339180E-05   6.0883117E-05   5.6251925E-05   3.6343332E-08   2.4475635E-06   2.0331279E-07   5.9090520E-08
 -1.1022419E-07  -1.4207210E-07  -4.5965139E-08  -3.1851196E-06   1.9943689E-06  -6.7414268E-06  -5.5802982E-07  -2.6509670E-07   1.7007071E-03   2.6557360E-03   2.5917866E-03  -6.7316363E-04  -1.4572800E-04   1.7367709E-05  -2.1457615E-05   2.7969076E-05  -2.0180739E-04  -1.2765625E-06  -7.8702522E-05   2.5274357E-06  -2.1383207E-05   3.8336612E-07   2.0331279E-07   2.4278061E-05   8.8559954E-06
 -2.6635108E-07  -5.1029987E-07   8.0529369E-09  -2.1837014E-06   4.3831581E-06  -3.0648504E-06  -2.9528314E-06   2.3233604E-09   5.5574948E-03   4.3573743E-03   3.6446364E-03  -3.2350296E-04  -1.3061501E-04   1.6390664E-05  -2.2973489E-05   1.4759917E-05   7.9650516E-06  -1.5165920E-05  -8.0641872E-05   2.8370181E-06  -5.5123733E-06   6.9556804E-07   5.9090520E-08   8.8559954E-06   2.4782434E-05
