# omegabh2 omegach2 theta tau logA ns calPlanck acib217 xi asz143 aps100 aps143 aps143217 aps217 aksz kgal100 kgal143 kgal143217 kgal217 cal0 cal2
  3.9839115E-08  -6.0123524E-08   2.4686366E-08   2.3873716E-07   4.8582501E-07   2.7546729E-07   1.8946065E-08  -1.3206148E-04   1.9906578E-06   3.7246342E-05  -5.7919269E-04  -4.3170860E-04  -1.3621496E-04  -2.5003998E-05  -6.8176845E-05   1.4128461E-05   3.7977795E-06  -1.7995851E-05   1.8067809E-05   4.4918324E-09  -3.9506762E-09
 -6.0123524E-08   1.5122877E-06  -6.6065050E-08  -1.3813125E-06   8.1261875E-07  -3.3432261E-06  -9.0891648E-08  -8.4049998E-05   7.4671296E-06   4.9980965E-07   4.4628783E-04   5.4974313E-04   5.1644780E-04   4.0200412E-04   3.7064626E-06  -2.0214872E-05  -1.7406007E-05   5.5432256E-05   9.5670322E-05   6.3007360E-09  -6.6658987E-09
  2.4686366E-08  -6.6065050E-08   1.7083612E-07   2.4150917E-07   5.1942095E-07   3.7612498E-07   3.2124221E-10  -7.0973955E-05   9.9861042E-07   1.1616598E-05  -1.2379300E-04  -2.3410745E-05   5.5958741E-05   6.5364705E-05  -1.8042751E-05   1.2637824E-05   4.8408039E-06   2.4839430E-05   8.5376333E-05   7.3764583E-09   3.8158515E-10
  2.3873716E-07  -1.3813125E-06   2.4150917E-07   5.1430269E-05   9.9480360E-05   6.2059791E-06  -1.2197909E-07  -2.2609119E-03   8.1436855E-05   5.8333590E-04  -1.1583773E-02  -3.6250966E-03   1.2606192E-03   1.1705046E-03  -1.1048224E-03  -1.0637912E-05  -4.3985853E-04  -4.8097726E-04  -4.6655279E-07   5.1362852E-08  -1.5202190E-07
  4.8582501E-07   8.1261875E-07   5.1942095E-07   9.9480360E-05   2.3030440E-04   2.5071687E-06   1.2280485E-05  -4.5486299E-03   2.3157688E-04   1.0440888E-03  -1.7477811E-02  -4.0181210E-03   6.3405685E-03   8.7720030E-03  -3.1748588E-03  -6.1997197E-04  -1.7982992E-03  -1.6420911E-03   1.0271891E-03   1.9534282E-07  -3.6596791E-07
  2.7546729E-07  -3.3432261E-06   3.7612498E-07   6.2059791E-06   2.5071687E-06   1.8295463E-05   1.2882155E-07  -4.2917532E-03   4.8625458E-05   1.1104624E-03  -2.5901099E-02  -8.0564349E-03   2.0687629E-04   3.7807294E-03  -2.3888682E-03   6.3590214E-04  -1.2524304E-04  -3.1668204E-04   1.2874505E-03  -1.4006180E-07  -9.1065055E-08
  1.8946065E-08  -9.0891648E-08   3.2124221E-10  -1.2197909E-07   1.2280485E-05   1.2882155E-07   6.3144917E-06   9.9004894E-04   2.6444510E-06  -4.8706539E-05   4.1130656E-03   9.5576524E-04   3.4229083E-04   9.0751512E-04  -3.2876823E-05  -9.1857358E-05  -9.2237943E-05  -7.8457203E-05   5.2100770E-04  -6.2756930E-08  -4.2075172E-09
 -1.3206148E-04  -8.4049998E-05  -7.0973955E-05  -2.2609119E-03  -4.5486299E-03  -4.2917532E-03   9.9004894E-04   4.5373554E+01  -4.1440645E-01  -7.8560416E-01   4.0746282E+01   4.2093543E+00  -1.1534793E+01  -5.3299375E+01  -9.1599453E-01   2.0706315E-01   7.6683672E-01  -5.7213439E+00  -3.3930230E+01  -2.2119812E-04   6.2541975E-04
  1.9906578E-06   7.4671296E-06   9.9861042E-07   8.1436855E-05   2.3157688E-04   4.8625458E-05   2.6444510E-06  -4.1440645E-01   8.0561983E-02  -6.9298045E-02  -2.0937786E-01   9.1784291E-01   1.5876274E+00   6.5355085E-01   6.1120887E-02  -1.0298474E-02   5.8473029E-03   9.3690557E-02   1.4378188E-01   4.8875929E-07   1.6360187E-06
  3.7246342E-05   4.9980965E-07   1.1616598E-05   5.8333590E-04   1.0440888E-03   1.1104624E-03  -4.8706539E-05  -7.8560416E-01  -6.9298045E-02   4.0291939E+00  -3.2268101E+01  -3.8600970E+00   7.3364702E+00   4.9544250E+00  -2.8929669E+00  -1.5136620E-01   1.4036621E-01   2.7732464E+00   3.4354833E+00   1.1131133E-04  -2.7882156E-05
 -5.7919269E-04   4.4628783E-04  -1.2379300E-04  -1.1583773E-02  -1.7477811E-02  -2.5901099E-02   4.1130656E-03   4.0746282E+01  -2.0937786E-01  -3.2268101E+01   8.3702283E+02   8.2227757E+01  -4.6826205E+01  -6.0319614E+01   1.3933370E+01  -7.6700204E+00   5.0443584E+00  -1.4114176E+01  -3.0588803E+01   4.3684181E-03   5.7394548E-04
 -4.3170860E-04   5.4974313E-04  -2.3410745E-05  -3.6250966E-03  -4.0181210E-03  -8.0564349E-03   9.5576524E-04   4.2093543E+00   9.1784291E-01  -3.8600970E+00   8.2227757E+01   6.6909965E+01   4.2023343E+01   1.5500224E+01  -5.0732744E+00  -7.1572516E-01  -1.8709071E+00   2.7445847E+00   2.1060122E+00   9.9181757E-05   2.0188870E-04
 -1.3621496E-04   5.1644780E-04   5.5958741E-05   1.2606192E-03   6.3405685E-03   2.0687629E-04   3.4229083E-04  -1.1534793E+01   1.5876274E+00   7.3364702E+00  -4.6826205E+01   4.2023343E+01   8.3654653E+01   5.2114040E+01  -1.2163558E+01  -8.9129490E-01  -1.2759982E+00   4.4041690E+00   6.7005437E+00   4.1845002E-04  -2.8560333E-04
 -2.5003998E-05   4.0200412E-04   6.5364705E-05   1.1705046E-03   8.7720030E-03   3.7807294E-03   9.0751512E-04  -5.3299375E+01   6.5355085E-01   4.9544250E+00  -6.0319614E+01   1.5500224E+01   5.2114040E+01   1.0014397E+02  -8.7975500E+00  -7.1339921E-01  -1.9438770E+00   4.8098060E+00   3.1507162E+01   4.9970272E-04  -1.2512976E-03
 -6.8176845E-05   3.7064626E-06  -1.8042751E-05  -1.1048224E-03  -3.1748588E-03  -2.3888682E-03  -3.2876823E-05  -9.1599453E-01   6.1120887E-02  -2.8929669E+00   1.3933370E+01  -5.0732744E+00  -1.2163558E+01  -8.7975500E+00   6.4559871E+00   3.2175182E-02  -9.3733634E-02  -2.0133596E+00  -1.5939469E+00  -1.1421309E-04   2.8985956E-05
  1.4128461E-05  -2.0214872E-05   1.2637824E-05  -1.0637912E-05  -6.1997197E-04   6.3590214E-04  -9.1857358E-05   2.0706315E-01  -1.0298474E-02  -1.5136620E-01  -7.6700204E+00  -7.1572516E-01  -8.9129490E-01  -7.1339921E-01   3.2175182E-02   3.2580853E+00   4.9011816E-01   1.0733010E-01   4.0246368E-02   1.6816878E-04   3.6022707E-06
  3.7977795E-06  -1.7406007E-05   4.8408039E-06  -4.3985853E-04  -1.7982992E-03  -1.2524304E-04  -9.2237943E-05   7.6683672E-01   5.8473029E-03   1.4036621E-01   5.0443584E+00  -1.8709071E+00  -1.2759982E+00  -1.9438770E+00  -9.3733634E-02   4.9011816E-01   3.2641390E+00   2.7138493E+00   2.5517056E+00  -1.8373629E-04  -2.4225677E-05
 -1.7995851E-05   5.5432256E-05   2.4839430E-05  -4.8097726E-04  -1.6420911E-03  -3.1668204E-04  -7.8457203E-05  -5.7213439E+00   9.3690557E-02   2.7732464E+00  -1.4114176E+01   2.7445847E+00   4.4041690E+00   4.8098060E+00  -2.0133596E+00   1.0733010E-01   2.7138493E+00   1.1214386E+01   2.0019411E+01   2.0241582E-05   4.7611741E-04
  1.8067809E-05   9.5670322E-05   8.5376333E-05  -4.6655279E-07   1.0271891E-03   1.2874505E-03   5.2100770E-04  -3.3930230E+01   1.4378188E-01   3.4354833E+00  -3.0588803E+01   2.1060122E+00   6.7005437E+00   3.1507162E+01  -1.5939469E+00   4.0246368E-02   2.5517056E+00   2.0019411E+01   5.5670238E+01   1.4528271E-04   1.0826261E-03
  4.4918324E-09   6.3007360E-09   7.3764583E-09   5.1362852E-08   1.9534282E-07  -1.4006180E-07  -6.2756930E-08  -2.2119812E-04   4.8875929E-07   1.1131133E-04   4.3684181E-03   9.9181757E-05   4.1845002E-04   4.9970272E-04  -1.1421309E-04   1.6816878E-04  -1.8373629E-04   2.0241582E-05   1.4528271E-04   3.9513360E-07   9.4453682E-09
 -3.9506762E-09  -6.6658987E-09   3.8158515E-10  -1.5202190E-07  -3.6596791E-07  -9.1065055E-08  -4.2075172E-09   6.2541975E-04   1.6360187E-06  -2.7882156E-05   5.7394548E-04   2.0188870E-04  -2.8560333E-04  -1.2512976E-03   2.8985956E-05   3.6022707E-06  -2.4225677E-05   4.7611741E-04   1.0826261E-03   9.4453682E-09   3.8761086E-07
