# omegabh2 omegach2 theta tau nnu logA ns calPlanck acib217 xi asz143 aps100 aps143 aps143217 aps217 aksz kgal100 kgal143 kgal143217 kgal217 galfTE100 galfTE100143 galfTE100217 galfTE143 galfTE143217 galfTE217 cal0 cal2
  3.2067582E-08   2.7119196E-07  -2.8067400E-08   2.2241023E-07   2.0338726E-05   1.2483291E-06   8.0284042E-07   6.9497410E-09   3.5681871E-05   3.4519613E-07  -7.3958891E-06   1.9285821E-04   6.7752851E-05   2.3626032E-06  -4.9087392E-05   2.8739626E-05   2.3180096E-07   5.2737219E-06   1.0463771E-05  -1.1127745E-07  -7.2900226E-09  -2.8803527E-07  -1.4394563E-07  -5.6884086E-07  -3.3533285E-07  -8.2000516E-07  -1.3923516E-09   1.1127579E-09
  2.7119196E-07   7.7708159E-06  -8.3831692E-07  -1.3821061E-06   4.4125530E-04   1.6612549E-05   1.2660732E-05  -2.3204650E-07   2.4076174E-03  -4.9754593E-05  -5.5551560E-04   1.2018619E-02   5.5071442E-03   7.3473401E-04  -1.4476729E-03   1.3135376E-03   8.9309668E-05   3.2963319E-04   5.1095048E-04  -6.5696345E-05   1.7385535E-06  -1.5313999E-07  -5.2216615E-08  -1.7853444E-06   2.4592940E-06   2.5925640E-05  -3.3570303E-08   6.6926375E-08
 -2.8067400E-08  -8.3831692E-07   1.6920269E-07   9.6287635E-08  -5.0488761E-05  -1.7776192E-06  -1.4277169E-06   4.9003051E-08  -2.6423652E-04   8.5139326E-06   5.7777297E-05  -1.4034658E-03  -5.6674983E-04   2.6901483E-06   2.1277687E-04  -1.5887134E-04  -1.5036163E-05  -4.3464603E-05  -6.8929266E-05  -3.0639798E-05  -2.2354387E-07   9.8829955E-08  -3.0649778E-07  -3.3761801E-08  -1.5624779E-06  -2.7688012E-06   2.0109260E-09  -8.0996506E-09
  2.2241023E-07  -1.3821061E-06   9.6287635E-08   5.5405728E-05   7.1223609E-05   1.0356280E-04   1.0960926E-05  -1.4754829E-06  -4.8372469E-04   3.5852211E-05   3.3649286E-04  -1.0970475E-02  -1.6063356E-03  -3.5671804E-04  -1.8187817E-03  -5.1626755E-04   1.7461468E-04  -1.2923844E-04  -2.6683122E-04  -6.8195347E-04  -6.0695398E-07  -1.2662194E-06  -1.2026006E-05  -8.9812240E-06   2.8081230E-06  -3.8793238E-05  -2.6964107E-08  -1.1953252E-07
  2.0338726E-05   4.4125530E-04  -5.0488761E-05   7.1223609E-05   2.8078744E-02   1.2655838E-03   9.2863896E-04  -6.0332400E-06   1.3489088E-01  -2.7041786E-03  -3.2098255E-02   7.0186876E-01   3.2655408E-01   4.6380035E-02  -8.1308491E-02   7.8864949E-02   9.5462567E-03   2.3008681E-02   3.5431337E-02   7.5990774E-03   1.1802012E-04  -5.9670421E-05  -4.2452543E-05  -2.2284040E-04   1.0761279E-04   1.3353530E-03  -2.6933310E-06   3.7698765E-06
  1.2483291E-06   1.6612549E-05  -1.7776192E-06   1.0356280E-04   1.2655838E-03   2.6931530E-04   5.4349377E-05   8.9153702E-06   3.6339917E-03  -2.9855823E-05  -9.5550600E-04   1.1427275E-02   1.0696885E-02   2.8768708E-03  -5.4447634E-05   1.5608629E-03   6.9703261E-04   8.3471120E-05  -7.7969303E-05   1.4279139E-04  -1.9703075E-06  -4.8013605E-06  -2.2850824E-05  -1.6819950E-05   8.7176432E-06   1.2198373E-05   7.9505198E-09   2.6800927E-08
  8.0284042E-07   1.2660732E-05  -1.4277169E-06   1.0960926E-05   9.2863896E-04   5.4349377E-05   4.4244745E-05   4.5855913E-07  -7.5706464E-05   2.1508529E-05  -2.1652003E-04   1.2174904E-03   6.0456462E-03   3.9990187E-03   2.5019589E-03   4.6006532E-04   6.5433507E-04   4.7458948E-04   1.1152212E-03   2.1886715E-03   2.4121283E-06  -3.2467292E-06   1.8421512E-06  -9.9203670E-06  -6.5460384E-06   3.9995040E-05  -2.3280375E-07   5.2862447E-08
  6.9497410E-09  -2.3204650E-07   4.9003051E-08  -1.4754829E-06  -6.0332400E-06   8.9153702E-06   4.5855913E-07   6.1965251E-06   1.1663967E-05  -1.4050318E-05  -5.9945446E-05   3.4579736E-03   4.5845644E-06   1.0821787E-04   2.2078403E-03  -6.0267811E-05   1.9843857E-04   4.1036809E-05  -1.2142950E-04   9.6036467E-04  -1.4706563E-06  -9.2988172E-08   3.8177229E-06   3.3118480E-06  -8.9883043E-07   9.0744248E-06   3.1515180E-09   3.3011667E-08
  3.5681871E-05   2.4076174E-03  -2.6423652E-04  -4.8372469E-04   1.3489088E-01   3.6339917E-03  -7.5706464E-05   1.1663967E-05   4.5241916E+01  -4.0640516E-01  -1.1610797E+00   4.1907620E+01   3.4875541E+00  -1.3124274E+01  -5.5973300E+01   4.9299155E-01   3.4891202E-01   3.5227264E-01  -6.4403324E+00  -3.4797223E+01  -4.2701531E-03  -1.8950636E-03  -2.2934701E-03   1.8302597E-04  -1.5362220E-03   3.9308260E-02  -1.1907705E-04   6.4878024E-04
  3.4519613E-07  -4.9754593E-05   8.5139326E-06   3.5852211E-05  -2.7041786E-03  -2.9855823E-05   2.1508529E-05  -1.4050318E-05  -4.0640516E-01   8.1088372E-02  -2.7586514E-02  -8.7526887E-01   8.6578970E-01   1.7246487E+00   6.4236754E-01   3.1343225E-02  -3.3477545E-02   4.0243979E-03   1.0745071E-01   1.6341048E-01  -1.2123000E-04   1.0995154E-05  -1.9472823E-04   3.5739532E-04   1.9043534E-04  -7.7883449E-04   8.8703982E-07   4.6023298E-06
 -7.3958891E-06  -5.5551560E-04   5.7777297E-05   3.3649286E-04  -3.2098255E-02  -9.5550600E-04  -2.1652003E-04  -5.9945446E-05  -1.1610797E+00  -2.7586514E-02   3.7790347E+00  -2.9804454E+01  -3.4312720E+00   7.4838666E+00   5.4605378E+00  -2.6560684E+00  -2.4389633E-01   7.4557715E-02   2.5739504E+00   3.2826867E+00  -5.1233584E-04   8.8501120E-04  -7.4261000E-03   3.4961426E-03  -4.3149984E-03  -8.4851835E-03   1.1857524E-04  -7.9169302E-05
  1.9285821E-04   1.2018619E-02  -1.4034658E-03  -1.0970475E-02   7.0186876E-01   1.1427275E-02   1.2174904E-03   3.4579736E-03   4.1907620E+01  -8.7526887E-01  -2.9804454E+01   7.5943592E+02   6.8132309E+01  -6.1511339E+01  -7.0929264E+01   1.5616559E+01  -4.3290369E+00   7.4257719E+00  -9.5904634E+00  -2.2327916E+01   8.9583848E-03  -6.8201040E-03   8.5471737E-02  -7.9785839E-02   1.5791231E-02   1.0542374E-01   3.5127166E-03   1.1308552E-03
  6.7752851E-05   5.5071442E-03  -5.6674983E-04  -1.6063356E-03   3.2655408E-01   1.0696885E-02   6.0456462E-03   4.5845644E-06   3.4875541E+00   8.6578970E-01  -3.4312720E+00   6.8132309E+01   6.1293128E+01   3.8939865E+01   1.2320721E+01  -3.5739866E+00  -3.2836641E-01  -9.3894217E-01   3.4593724E+00   3.5707613E+00  -4.8847213E-05   1.2252709E-03   8.6612129E-04   1.7613993E-03   1.2365976E-02   5.4248420E-02   6.2373344E-07   2.6086260E-04
  2.3626032E-06   7.3473401E-04   2.6901483E-06  -3.5671804E-04   4.6380035E-02   2.8768708E-03   3.9990187E-03   1.0821787E-04  -1.3124274E+01   1.7246487E+00   7.4838666E+00  -6.1511339E+01   3.8939865E+01   8.4264613E+01   5.1735465E+01  -1.1029076E+01  -1.1880106E+00  -7.5996247E-01   5.0308601E+00   8.5829603E+00  -4.3809630E-03   2.3039600E-03  -5.1014659E-03   1.9898746E-02   2.8665562E-03  -7.1330845E-03   3.7446504E-04  -1.8100280E-04
 -4.9087392E-05  -1.4476729E-03   2.1277687E-04  -1.8187817E-03  -8.1308491E-02  -5.4447634E-05   2.5019589E-03   2.2078403E-03  -5.5973300E+01   6.4236754E-01   5.4605378E+00  -7.0929264E+01   1.2320721E+01   5.1735465E+01   1.0428264E+02  -9.3275703E+00  -6.7670220E-01  -9.6418726E-01   6.4852666E+00   3.5919749E+01   3.0818000E-03   3.9721055E-03   6.5198892E-03   1.1699997E-02  -2.4825208E-03  -3.3356790E-02   3.5623134E-04  -1.1144875E-03
  2.8739626E-05   1.3135376E-03  -1.5887134E-04  -5.1626755E-04   7.8864949E-02   1.5608629E-03   4.6006532E-04  -6.0267811E-05   4.9299155E-01   3.1343225E-02  -2.6560684E+00   1.5616559E+01  -3.5739866E+00  -1.1029076E+01  -9.3275703E+00   5.6940086E+00   1.1889790E-01  -5.1374229E-02  -1.8613606E+00  -2.2641851E+00   2.2248467E-03   8.6901032E-04   1.3822763E-03  -2.9560284E-03   4.3972127E-03  -4.6984010E-03  -8.4989832E-05   3.5456442E-05
  2.3180096E-07   8.9309668E-05  -1.5036163E-05   1.7461468E-04   9.5462567E-03   6.9703261E-04   6.5433507E-04   1.9843857E-04   3.4891202E-01  -3.3477545E-02  -2.4389633E-01  -4.3290369E+00  -3.2836641E-01  -1.1880106E+00  -6.7670220E-01   1.1889790E-01   3.3777285E+00   5.5493477E-01   5.7218701E-02  -7.7378988E-02   3.9433974E-04   7.6881425E-04  -2.5500607E-03   1.2968086E-03   5.9225084E-04  -3.1542380E-03   2.2122180E-04  -3.6210182E-05
  5.2737219E-06   3.2963319E-04  -4.3464603E-05  -1.2923844E-04   2.3008681E-02   8.3471120E-05   4.7458948E-04   4.1036809E-05   3.5227264E-01   4.0243979E-03   7.4557715E-02   7.4257719E+00  -9.3894217E-01  -7.5996247E-01  -9.6418726E-01  -5.1374229E-02   5.5493477E-01   3.2704596E+00   2.8665754E+00   3.0174824E+00   3.5304399E-03  -5.1167084E-04   2.7064199E-03  -2.1719676E-03   9.7213511E-04   1.0400081E-02  -1.7430540E-04  -5.2507237E-05
  1.0463771E-05   5.1095048E-04  -6.8929266E-05  -2.6683122E-04   3.5431337E-02  -7.7969303E-05   1.1152212E-03  -1.2142950E-04  -6.4403324E+00   1.0745071E-01   2.5739504E+00  -9.5904634E+00   3.4593724E+00   5.0308601E+00   6.4852666E+00  -1.8613606E+00   5.7218701E-02   2.8665754E+00   1.0801390E+01   1.9458099E+01   4.9467386E-03   7.6711946E-04  -3.8970354E-03  -6.4279135E-04  -3.9300545E-03   1.8947669E-03  -4.8843259E-05   3.0663575E-04
 -1.1127745E-07  -6.5696345E-05  -3.0639798E-05  -6.8195347E-04   7.5990774E-03   1.4279139E-04   2.1886715E-03   9.6036467E-04  -3.4797223E+01   1.6341048E-01   3.2826867E+00  -2.2327916E+01   3.5707613E+00   8.5829603E+00   3.5919749E+01  -2.2641851E+00  -7.7378988E-02   3.0174824E+00   1.9458099E+01   5.4414099E+01   8.8095552E-03   2.5627964E-03   6.0968495E-05  -1.3046149E-03   1.0767543E-03  -2.5935369E-02  -5.3467104E-06   7.7043949E-04
 -7.2900226E-09   1.7385535E-06  -2.2354387E-07  -6.0695398E-07   1.1802012E-04  -1.9703075E-06   2.4121283E-06  -1.4706563E-06  -4.2701531E-03  -1.2123000E-04  -5.1233584E-04   8.9583848E-03  -4.8847213E-05  -4.3809630E-03   3.0818000E-03   2.2248467E-03   3.9433974E-04   3.5304399E-03   4.9467386E-03   8.8095552E-03   1.4215726E-03   2.7073022E-04  -1.2675389E-05  -2.9650235E-04  -7.4159156E-05  -4.8863600E-05  -5.2326418E-07   2.9694175E-07
 -2.8803527E-07  -1.5313999E-07   9.8829955E-08  -1.2662194E-06  -5.9670421E-05  -4.8013605E-06  -3.2467292E-06  -9.2988172E-08  -1.8950636E-03   1.0995154E-05   8.8501120E-04  -6.8201040E-03   1.2252709E-03   2.3039600E-03   3.9721055E-03   8.6901032E-04   7.6881425E-04  -5.1167084E-04   7.6711946E-04   2.5627964E-03   2.7073022E-04   8.9448460E-04   5.6614409E-05   8.1257053E-04   1.3341784E-04  -7.3782708E-04  -2.6186650E-07   3.3907881E-07
 -1.4394563E-07  -5.2216615E-08  -3.0649778E-07  -1.2026006E-05  -4.2452543E-05  -2.2850824E-05   1.8421512E-06   3.8177229E-06  -2.2934701E-03  -1.9472823E-04  -7.4261000E-03   8.5471737E-02   8.6612129E-04  -5.1014659E-03   6.5198892E-03   1.3822763E-03  -2.5500607E-03   2.7064199E-03  -3.8970354E-03   6.0968495E-05  -1.2675389E-05   5.6614409E-05   7.2404132E-03  -3.1118490E-04   7.2797429E-04   4.5141838E-03  -1.4938046E-06   1.0898424E-06
 -5.6884086E-07  -1.7853444E-06  -3.3761801E-08  -8.9812240E-06  -2.2284040E-04  -1.6819950E-05  -9.9203670E-06   3.3118480E-06   1.8302597E-04   3.5739532E-04   3.4961426E-03  -7.9785839E-02   1.7613993E-03   1.9898746E-02   1.1699997E-02  -2.9560284E-03   1.2968086E-03  -2.1719676E-03  -6.4279135E-04  -1.3046149E-03  -2.9650235E-04   8.1257053E-04  -3.1118490E-04   2.9396772E-03   6.3835596E-04  -8.6224949E-04  -9.6418407E-07   3.0480591E-07
 -3.3533285E-07   2.4592940E-06  -1.5624779E-06   2.8081230E-06   1.0761279E-04   8.7176432E-06  -6.5460384E-06  -8.9883043E-07  -1.5362220E-03   1.9043534E-04  -4.3149984E-03   1.5791231E-02   1.2365976E-02   2.8665562E-03  -2.4825208E-03   4.3972127E-03   5.9225084E-04   9.7213511E-04  -3.9300545E-03   1.0767543E-03  -7.4159156E-05   1.3341784E-04   7.2797429E-04   6.3835596E-04   6.2909800E-03   7.8947999E-03  -5.5246815E-07   1.2532581E-07
 -8.2000516E-07   2.5925640E-05  -2.7688012E-06  -3.8793238E-05   1.3353530E-03   1.2198373E-05   3.9995040E-05   9.0744248E-06   3.9308260E-02  -7.7883449E-04  -8.4851835E-03   1.0542374E-01   5.4248420E-02  -7.1330845E-03  -3.3356790E-02  -4.6984010E-03  -3.1542380E-03   1.0400081E-02   1.8947669E-03  -2.5935369E-02  -4.8863600E-05  -7.3782708E-04   4.5141838E-03  -8.6224949E-04   7.8947999E-03   6.9429944E-02  -8.1142870E-07   1.9139285E-06
 -1.3923516E-09  -3.3570303E-08   2.0109260E-09  -2.6964107E-08  -2.6933310E-06   7.9505198E-09  -2.3280375E-07   3.1515180E-09  -1.1907705E-04   8.8703982E-07   1.1857524E-04   3.5127166E-03   6.2373344E-07   3.7446504E-04   3.5623134E-04  -8.4989832E-05   2.2122180E-04  -1.7430540E-04  -4.8843259E-05  -5.3467104E-06  -5.2326418E-07  -2.6186650E-07  -1.4938046E-06  -9.6418407E-07  -5.5246815E-07  -8.1142870E-07   3.7902310E-07   6.5492643E-09
  1.1127579E-09   6.6926375E-08  -8.0996506E-09  -1.1953252E-07   3.7698765E-06   2.6800927E-08   5.2862447E-08   3.3011667E-08   6.4878024E-04   4.6023298E-06  -7.9169302E-05   1.1308552E-03   2.6086260E-04  -1.8100280E-04  -1.1144875E-03   3.5456442E-05  -3.6210182E-05  -5.2507237E-05   3.0663575E-04   7.7043949E-04   2.9694175E-07   3.3907881E-07   1.0898424E-06   3.0480591E-07   1.2532581E-07   1.9139285E-06   6.5492643E-09   3.7026139E-07
