# omegabh2 omegach2 theta tau logA ns calPlanck acib217 xi asz143 aps100 aps143 aps143217 aps217 aksz kgal100 kgal143 kgal143217 kgal217 cal0 cal2
  3.5968124E-08  -4.1051579E-08   1.6800501E-08   1.9098754E-07   3.6905044E-07   2.5192390E-07   1.3771646E-09  -1.4874626E-04   4.3434366E-06   3.9936929E-05  -7.3522176E-04  -4.0257388E-04  -9.6868610E-05  -1.9012607E-05  -5.5414252E-05   4.7503610E-06   1.0083604E-07   5.8122463E-06   4.0958511E-05   5.8398421E-09  -2.4421811E-09
 -4.1051579E-08   1.1647193E-06  -3.3440977E-08  -2.9176402E-06  -3.7669830E-06  -2.4353864E-06  -3.6387207E-07   4.2217759E-05  -4.9643758E-06  -4.9538009E-05   3.3355779E-04   2.4735289E-04   7.4332555E-05   6.8493756E-05   1.9564246E-05   3.4132629E-05   3.3036645E-05   2.3026644E-05   1.2930995E-04  -1.0072743E-08   3.2484273E-08
  1.6800501E-08  -3.3440977E-08   1.6856073E-07   3.6401456E-07   9.7424946E-07   3.0916775E-07   6.7349113E-08  -5.0278921E-05   3.8216327E-06   5.1622678E-06   9.2499601E-05   6.0812182E-05   7.1358324E-05   5.6632526E-05  -7.6685378E-06   2.1288399E-05   5.6807823E-06   5.1901327E-05   8.1135684E-05   1.2878083E-08  -1.4728822E-08
  1.9098754E-07  -2.9176402E-06   3.6401456E-07   5.0180634E-05   9.4137987E-05   7.6118010E-06   5.3045911E-07  -5.9379099E-04  -3.0891660E-05   4.9624977E-04  -1.5112951E-03  -2.1131359E-03  -2.4703710E-03  -1.3642852E-03  -9.1747638E-04   4.1509116E-04   3.4673232E-04   1.3828876E-03   2.0500330E-03   1.6619889E-08  -1.0262701E-07
  3.6905044E-07  -3.7669830E-06   9.7424946E-07   9.4137987E-05   2.0658640E-04   9.5837405E-06   1.2238300E-05  -1.7239340E-03  -5.6870715E-05   4.7832663E-04   5.0885033E-03  -3.5723791E-03  -4.4329764E-03   2.5336329E-03  -2.1296263E-03   5.0679811E-04   3.6104771E-04   1.8575311E-03   5.8123470E-03   1.7848064E-07  -1.6509129E-07
  2.5192390E-07  -2.4353864E-06   3.0916775E-07   7.6118010E-06   9.5837405E-06   1.6883441E-05   9.8761063E-07  -4.6795973E-03   1.2599674E-04   1.2423306E-03  -2.6428845E-02  -7.8560914E-03   2.6754713E-03   5.3399181E-03  -2.7264400E-03   5.3056958E-04  -2.4943304E-04  -2.8854556E-04   1.2501388E-03   4.9803250E-08  -1.1724121E-07
  1.3771646E-09  -3.6387207E-07   6.7349113E-08   5.3045911E-07   1.2238300E-05   9.8761063E-07   6.0586751E-06   3.1926579E-04  -1.1597222E-05  -1.4030450E-04   5.1777661E-03  -1.6696917E-04  -5.4864368E-04   1.2111387E-03   1.8823859E-04   5.1051119E-06   9.5650596E-05  -2.0812311E-04   9.1896569E-04  -6.2050403E-09   1.2174281E-08
 -1.4874626E-04   4.2217759E-05  -5.0278921E-05  -5.9379099E-04  -1.7239340E-03  -4.6795973E-03   3.1926579E-04   4.5347184E+01  -3.7002696E-01  -1.3980944E+00   3.6154318E+01   2.4229249E+00  -1.4413121E+01  -5.6721958E+01   1.2022666E-01   1.5682315E-01   3.6919746E-01  -6.5990672E+00  -3.4974821E+01  -3.3458923E-04   6.9148897E-04
  4.3434366E-06  -4.9643758E-06   3.8216327E-06  -3.0891660E-05  -5.6870715E-05   1.2599674E-04  -1.1597222E-05  -3.7002696E-01   8.2950135E-02  -3.9495367E-02  -4.6239021E-01   8.4861504E-01   1.6803738E+00   5.9021137E-01   4.3198545E-02  -2.5830472E-02   1.7465118E-02   1.0261557E-01   1.1347383E-01   6.7750862E-06  -5.1122233E-06
  3.9936929E-05  -4.9538009E-05   5.1622678E-06   4.9624977E-04   4.7832663E-04   1.2423306E-03  -1.4030450E-04  -1.3980944E+00  -3.9495367E-02   3.8063253E+00  -2.8946481E+01  -3.4901608E+00   7.9018730E+00   6.2226054E+00  -2.7742609E+00  -1.7234773E-01   1.4924123E-01   2.5195465E+00   3.2654617E+00   1.3745836E-04  -8.9202866E-05
 -7.3522176E-04   3.3355779E-04   9.2499601E-05  -1.5112951E-03   5.0885033E-03  -2.6428845E-02   5.1777661E-03   3.6154318E+01  -4.6239021E-01  -2.8946481E+01   7.7270153E+02   7.5290026E+01  -4.9041052E+01  -5.9766303E+01   1.3644012E+01  -6.3881774E+00   6.8391142E+00  -8.0704173E+00  -1.6941105E+01   3.6517652E-03   9.7771563E-04
 -4.0257388E-04   2.4735289E-04   6.0812182E-05  -2.1131359E-03  -3.5723791E-03  -7.8560914E-03  -1.6696917E-04   2.4229249E+00   8.4861504E-01  -3.4901608E+00   7.5290026E+01   6.4112296E+01   3.9114971E+01   1.4804932E+01  -4.7573053E+00  -8.1828479E-01  -9.9970847E-01   3.8692884E+00   4.6955022E+00   1.6313747E-05   7.7716425E-05
 -9.6868610E-05   7.4332555E-05   7.1358324E-05  -2.4703710E-03  -4.4329764E-03   2.6754713E-03  -5.4864368E-04  -1.4413121E+01   1.6803738E+00   7.9018730E+00  -4.9041052E+01   3.9114971E+01   8.6588110E+01   5.6433238E+01  -1.2161181E+01  -1.0834836E+00  -5.2294862E-01   4.5561753E+00   7.6402468E+00   6.5164336E-04  -6.6029968E-04
 -1.9012607E-05   6.8493756E-05   5.6632526E-05  -1.3642852E-03   2.5336329E-03   5.3399181E-03   1.2111387E-03  -5.6721958E+01   5.9021137E-01   6.2226054E+00  -5.9766303E+01   1.4804932E+01   5.6433238E+01   1.0859183E+02  -9.9067751E+00  -7.5226632E-01  -8.8802661E-01   6.4521513E+00   3.5638631E+01   7.2820437E-04  -1.4181210E-03
 -5.5414252E-05   1.9564246E-05  -7.6685378E-06  -9.1747638E-04  -2.1296263E-03  -2.7264400E-03   1.8823859E-04   1.2022666E-01   4.3198545E-02  -2.7742609E+00   1.3644012E+01  -4.7573053E+00  -1.2161181E+01  -9.9067751E+00   6.1766511E+00   1.1315926E-01  -2.9592786E-01  -2.1594687E+00  -2.3639781E+00  -1.3526612E-04   4.3959047E-05
  4.7503610E-06   3.4132629E-05   2.1288399E-05   4.1509116E-04   5.0679811E-04   5.3056958E-04   5.1051119E-06   1.5682315E-01  -2.5830472E-02  -1.7234773E-01  -6.3881774E+00  -8.1828479E-01  -1.0834836E+00  -7.5226632E-01   1.1315926E-01   3.3850034E+00   4.2116475E-01  -6.7032360E-02   3.7173759E-03   1.8138759E-04   2.5072260E-05
  1.0083604E-07   3.3036645E-05   5.6807823E-06   3.4673232E-04   3.6104771E-04  -2.4943304E-04   9.5650596E-05   3.6919746E-01   1.7465118E-02   1.4924123E-01   6.8391142E+00  -9.9970847E-01  -5.2294862E-01  -8.8802661E-01  -2.9592786E-01   4.2116475E-01   3.3480975E+00   2.9996074E+00   3.1584754E+00  -1.7589034E-04  -3.9313332E-05
  5.8122463E-06   2.3026644E-05   5.1901327E-05   1.3828876E-03   1.8575311E-03  -2.8854556E-04  -2.0812311E-04  -6.5990672E+00   1.0261557E-01   2.5195465E+00  -8.0704173E+00   3.8692884E+00   4.5561753E+00   6.4521513E+00  -2.1594687E+00  -6.7032360E-02   2.9996074E+00   1.1436965E+01   2.0576694E+01  -2.3935723E-05   3.9138318E-04
  4.0958511E-05   1.2930995E-04   8.1135684E-05   2.0500330E-03   5.8123470E-03   1.2501388E-03   9.1896569E-04  -3.4974821E+01   1.1347383E-01   3.2654617E+00  -1.6941105E+01   4.6955022E+00   7.6402468E+00   3.5638631E+01  -2.3639781E+00   3.7173759E-03   3.1584754E+00   2.0576694E+01   5.6578307E+01   1.3659491E-04   9.4331423E-04
  5.8398421E-09  -1.0072743E-08   1.2878083E-08   1.6619889E-08   1.7848064E-07   4.9803250E-08  -6.2050403E-09  -3.3458923E-04   6.7750862E-06   1.3745836E-04   3.6517652E-03   1.6313747E-05   6.5164336E-04   7.2820437E-04  -1.3526612E-04   1.8138759E-04  -1.7589034E-04  -2.3935723E-05   1.3659491E-04   4.0327167E-07   5.3342996E-09
 -2.4421811E-09   3.2484273E-08  -1.4728822E-08  -1.0262701E-07  -1.6509129E-07  -1.1724121E-07   1.2174281E-08   6.9148897E-04  -5.1122233E-06  -8.9202866E-05   9.7771563E-04   7.7716425E-05  -6.6029968E-04  -1.4181210E-03   4.3959047E-05   2.5072260E-05  -3.9313332E-05   3.9138318E-04   9.4331423E-04   5.3342996E-09   3.8718680E-07
