# omegabh2 omegach2 theta tau w logA ns calPlanck acib217 xi asz143 aps100 aps143 aps143217 aps217 aksz kgal100 kgal143 kgal143217 kgal217 galfTE100 galfTE100143 galfTE100217 galfTE143 galfTE143217 galfTE217 cal0 cal2
  1.9135817E-08  -6.6506657E-08   1.2584834E-08   2.4749362E-07   1.2918232E-06   4.7435648E-07   1.8239330E-07   2.5138357E-08  -8.6737208E-05   1.4172919E-06   1.7467523E-05  -4.2755381E-04  -1.8900656E-04  -5.0328190E-05   4.0161372E-05  -3.6533990E-05   5.0234983E-06  -7.5783471E-06  -1.3757094E-05   1.4813647E-05   5.1293112E-11  -7.8181841E-09   1.6880016E-07  -3.6785156E-07  -5.9330635E-07  -2.2548695E-06   2.0301346E-09  -3.5817013E-10
 -6.6506657E-08   1.0501675E-06  -7.5049141E-08  -3.0129672E-06  -1.5624455E-05  -4.0603190E-06  -2.4477226E-06  -2.4344666E-07   8.6472499E-05  -1.2137871E-06  -3.4305955E-05   9.3389772E-04   6.2968369E-04   4.2694081E-04   2.6201909E-04   6.4386248E-05  -8.3283925E-06  -5.1897917E-06  -3.4986430E-05  -1.1183601E-04   6.9234278E-07   4.3272574E-07  -1.2964099E-06   1.2116953E-06   1.6336983E-06   4.0086952E-06   1.3333930E-09  -7.1490427E-09
  1.2584834E-08  -7.5049141E-08   8.5280051E-08   3.4026927E-07   1.9670994E-06   6.6310018E-07   2.9500077E-07   3.5363583E-08  -6.9118671E-05  -5.8376634E-07   2.6954976E-06  -1.4316799E-04  -7.1003018E-05  -3.0130612E-05   8.5955585E-05  -4.9409188E-06  -2.3430043E-07  -5.4859173E-06  -7.9635466E-06   4.0757369E-05   8.0520035E-08   1.3063792E-07   4.9316279E-09  -9.9431550E-08  -3.5624193E-07  -2.0189807E-06   1.0770143E-09   3.7883129E-09
  2.4749362E-07  -3.0129672E-06   3.4026927E-07   5.4325019E-05   5.4837717E-05   9.8552071E-05   9.5835259E-06  -1.1852243E-06  -9.6120501E-04   1.2024862E-05   4.8690202E-04  -9.7325816E-03  -4.9000709E-03  -1.3956307E-03  -1.0724994E-03  -7.4457810E-04  -1.9889526E-04  -1.0830589E-04  -6.1169223E-04  -9.6470423E-04  -1.3668798E-06  -3.8380022E-07  -2.0006878E-06  -2.7077087E-06  -3.8951145E-06  -3.8322126E-05  -1.1828991E-08  -6.8135319E-08
  1.2918232E-06  -1.5624455E-05   1.9670994E-06   5.4837717E-05   9.6453035E-04   8.4739982E-05   3.6506800E-05   5.1869807E-06  -2.6354837E-03   1.1740384E-05   1.4910691E-03  -2.0019803E-02  -1.1728034E-02  -6.2541579E-03  -2.4218794E-03  -1.0681444E-03  -3.4942518E-04   4.7826520E-04   2.3287175E-03   5.7084264E-03  -2.3616233E-05   4.0298681E-06  -1.1554939E-05   6.6886974E-06  -8.3758882E-05  -2.1062363E-04   7.0786898E-08   1.5339543E-07
  4.7435648E-07  -4.0603190E-06   6.6310018E-07   9.8552071E-05   8.4739982E-05   2.0843145E-04   1.3519982E-05   9.5020551E-06  -2.6187892E-03   8.5110229E-05   7.1496135E-04  -1.4475326E-02  -6.6642400E-03   8.9067000E-04   4.6932469E-03  -2.0591363E-03  -6.0148514E-04  -9.1615927E-04  -1.9086714E-03  -4.9076891E-04  -2.6578006E-06   2.6506182E-06  -2.9772855E-06  -1.0809653E-06  -2.9810751E-06  -4.7197418E-05   7.7303529E-08  -1.5819077E-07
  1.8239330E-07  -2.4477226E-06   2.9500077E-07   9.5835259E-06   3.6506800E-05   1.3519982E-05   1.4644367E-05   7.5189484E-07  -4.2463338E-03   8.6789249E-05   8.6206207E-04  -2.1863637E-02  -5.9973828E-03   1.2836879E-03   4.6529042E-03  -2.1234888E-03   2.4072690E-04  -3.9730298E-04  -2.4998134E-04   1.5876870E-03  -6.2566789E-07  -7.7131386E-07   2.7146004E-06  -2.9897192E-06   5.7444376E-07  -1.7254453E-05  -7.7887759E-08  -1.6279870E-08
  2.5138357E-08  -2.4344666E-07   3.5363583E-08  -1.1852243E-06   5.1869807E-06   9.5020551E-06   7.5189484E-07   6.2094378E-06   3.6768514E-04   9.7068848E-06  -6.1609869E-05   3.3289075E-03   8.4030080E-04   5.2061215E-04   1.5353599E-03   1.2645422E-05   3.4359778E-05  -8.4800463E-05  -2.0100437E-05   9.2718377E-04  -2.2862879E-07   1.4636532E-06   2.4363845E-06   1.3025702E-06   2.0243532E-06   1.3404783E-05  -1.6238151E-08  -3.8074287E-09
 -8.6737208E-05   8.6472499E-05  -6.9118671E-05  -9.6120501E-04  -2.6354837E-03  -2.6187892E-03  -4.2463338E-03   3.6768514E-04   4.4141191E+01  -3.8164678E-01  -8.5938098E-01   3.2648682E+01   1.3972174E+00  -1.3440312E+01  -5.5248274E+01   1.6361342E-01   1.1342766E-01   5.6238081E-01  -5.9896351E+00  -3.3637326E+01   3.7865563E-04   3.6027599E-03   1.1696954E-04  -1.0531751E-04  -8.1802532E-03   1.3034268E-02  -2.7586386E-04   6.0635153E-04
  1.4172919E-06  -1.2137871E-06  -5.8376634E-07   1.2024862E-05   1.1740384E-05   8.5110229E-05   8.6789249E-05   9.7068848E-06  -3.8164678E-01   8.0898202E-02  -4.3204379E-02  -5.9311493E-01   9.0282744E-01   1.6941743E+00   6.2630830E-01   4.1834100E-02  -6.1980636E-03   5.9525301E-03   9.6002102E-02   1.2942776E-01  -1.5792366E-04  -5.7523166E-06  -2.0533865E-04  -4.5896898E-05  -2.2407069E-06  -1.1731635E-03   6.2335285E-06  -4.0554856E-07
  1.7467523E-05  -3.4305955E-05   2.6954976E-06   4.8690202E-04   1.4910691E-03   7.1496135E-04   8.6206207E-04  -6.1609869E-05  -8.5938098E-01  -4.3204379E-02   3.8134194E+00  -2.9026990E+01  -3.2289801E+00   7.4039729E+00   5.2015200E+00  -2.6852756E+00  -1.6568886E-01   2.0207245E-01   2.7602248E+00   3.5453246E+00  -8.7658514E-04   5.8106308E-04   1.4029780E-03   2.5767875E-03   1.8267150E-03  -3.1084969E-03   1.0494881E-04  -3.1963046E-05
 -4.2755381E-04   9.3389772E-04  -1.4316799E-04  -9.7325816E-03  -2.0019803E-02  -1.4475326E-02  -2.1863637E-02   3.3289075E-03   3.2648682E+01  -5.9311493E-01  -2.9026990E+01   7.6191392E+02   6.8827260E+01  -5.0736141E+01  -5.3203487E+01   1.2707855E+01  -7.1315642E+00   5.1166521E+00  -1.1747512E+01  -2.2909470E+01   9.9460051E-03   2.3545126E-03  -3.8394694E-02  -1.0110078E-02   1.5109370E-02   1.0331044E-01   3.7252984E-03   5.9371486E-04
 -1.8900656E-04   6.2968369E-04  -7.1003018E-05  -4.9000709E-03  -1.1728034E-02  -6.6642400E-03  -5.9973828E-03   8.4030080E-04   1.3972174E+00   9.0282744E-01  -3.2289801E+00   6.8827260E+01   5.9732662E+01   3.9665040E+01   1.5271276E+01  -4.8620555E+00  -5.9179292E-01  -1.4593556E+00   3.0504855E+00   4.0299120E+00  -3.0314436E-03   1.8839109E-04  -2.3186208E-06  -7.9112948E-04   1.0553548E-02   8.2081095E-02   1.0559871E-04   1.4307369E-04
 -5.0328190E-05   4.2694081E-04  -3.0130612E-05  -1.3956307E-03  -6.2541579E-03   8.9067000E-04   1.2836879E-03   5.2061215E-04  -1.3440312E+01   1.6941743E+00   7.4039729E+00  -5.0736141E+01   3.9665040E+01   8.4820343E+01   5.3211708E+01  -1.1759654E+01  -8.0344351E-01  -7.3247875E-01   4.7480883E+00   8.6349774E+00  -9.7822142E-03  -1.1820862E-03   3.8148178E-03   8.6387891E-03   1.3594185E-02   2.3419448E-02   4.0914104E-04  -2.9927765E-04
  4.0161372E-05   2.6201909E-04   8.5955585E-05  -1.0724994E-03  -2.4218794E-03   4.6932469E-03   4.6529042E-03   1.5353599E-03  -5.5248274E+01   6.2630830E-01   5.2015200E+00  -5.3203487E+01   1.5271276E+01   5.3211708E+01   1.0450026E+02  -9.5078580E+00  -5.9300515E-01  -1.2990647E+00   5.6857161E+00   3.4546083E+01  -5.6678143E-03  -6.9032669E-03   4.8772050E-03   4.8768293E-03   2.2372282E-02   2.2918941E-02   4.9682879E-04  -1.1645029E-03
 -3.6533990E-05   6.4386248E-05  -4.9409188E-06  -7.4457810E-04  -1.0681444E-03  -2.0591363E-03  -2.1234888E-03   1.2645422E-05   1.6361342E-01   4.1834100E-02  -2.6852756E+00   1.2707855E+01  -4.8620555E+00  -1.1759654E+01  -9.5078580E+00   5.7897758E+00   1.2253901E-01  -2.0356955E-01  -2.1310419E+00  -2.6899570E+00   8.2983747E-04  -2.6840317E-04  -1.3820503E-03  -9.3334459E-04  -2.6613380E-03  -1.1723017E-02  -5.9691379E-05  -1.1925563E-05
  5.0234983E-06  -8.3283925E-06  -2.3430043E-07  -1.9889526E-04  -3.4942518E-04  -6.0148514E-04   2.4072690E-04   3.4359778E-05   1.1342766E-01  -6.1980636E-03  -1.6568886E-01  -7.1315642E+00  -5.9179292E-01  -8.0344351E-01  -5.9300515E-01   1.2253901E-01   3.4231758E+00   5.1368953E-01   1.1991338E-01   5.9235386E-02   6.5767599E-04   1.9603903E-04   1.6297935E-03  -2.4777266E-03  -2.7125330E-03  -7.1718004E-03   2.0733700E-04  -2.0837031E-05
 -7.5783471E-06  -5.1897917E-06  -5.4859173E-06  -1.0830589E-04   4.7826520E-04  -9.1615927E-04  -3.9730298E-04  -8.4800463E-05   5.6238081E-01   5.9525301E-03   2.0207245E-01   5.1166521E+00  -1.4593556E+00  -7.3247875E-01  -1.2990647E+00  -2.0356955E-01   5.1368953E-01   3.1050337E+00   2.6918380E+00   2.6782174E+00   2.0308374E-03   3.0294936E-04  -1.5844786E-03   1.3141719E-04   5.2533872E-04  -2.2517439E-03  -1.5771921E-04  -4.2431279E-05
 -1.3757094E-05  -3.4986430E-05  -7.9635466E-06  -6.1169223E-04   2.3287175E-03  -1.9086714E-03  -2.4998134E-04  -2.0100437E-05  -5.9896351E+00   9.6002102E-02   2.7602248E+00  -1.1747512E+01   3.0504855E+00   4.7480883E+00   5.6857161E+00  -2.1310419E+00   1.1991338E-01   2.6918380E+00   1.0909413E+01   1.9627788E+01   1.9477612E-03   8.8984511E-04  -3.0719569E-03   5.8826582E-04   3.8408325E-03   4.6655180E-03   2.6556096E-05   4.0171810E-04
  1.4813647E-05  -1.1183601E-04   4.0757369E-05  -9.6470423E-04   5.7084264E-03  -4.9076891E-04   1.5876870E-03   9.2718377E-04  -3.3637326E+01   1.2942776E-01   3.5453246E+00  -2.2909470E+01   4.0299120E+00   8.6349774E+00   3.4546083E+01  -2.6899570E+00   5.9235386E-02   2.6782174E+00   1.9627788E+01   5.4530713E+01   3.2480144E-03   1.3134117E-03  -1.2261773E-03   3.3571485E-03   8.7468611E-03   1.4633768E-02   1.6799720E-04   9.6497473E-04
  5.1293112E-11   6.9234278E-07   8.0520035E-08  -1.3668798E-06  -2.3616233E-05  -2.6578006E-06  -6.2566789E-07  -2.2862879E-07   3.7865563E-04  -1.5792366E-04  -8.7658514E-04   9.9460051E-03  -3.0314436E-03  -9.7822142E-03  -5.6678143E-03   8.2983747E-04   6.5767599E-04   2.0308374E-03   1.9477612E-03   3.2480144E-03   1.4530662E-03   2.6464836E-04   4.7708213E-05  -3.9751638E-04  -1.1323922E-04  -1.9777001E-04  -3.5347681E-07  -2.5270426E-07
 -7.8181841E-09   4.3272574E-07   1.3063792E-07  -3.8380022E-07   4.0298681E-06   2.6506182E-06  -7.7131386E-07   1.4636532E-06   3.6027599E-03  -5.7523166E-06   5.8106308E-04   2.3545126E-03   1.8839109E-04  -1.1820862E-03  -6.9032669E-03  -2.6840317E-04   1.9603903E-04   3.0294936E-04   8.8984511E-04   1.3134117E-03   2.6464836E-04   8.7046454E-04  -7.2319005E-06   7.7404528E-04   4.9908926E-05  -6.5315914E-04  -2.9048479E-07  -1.9318811E-07
  1.6880016E-07  -1.2964099E-06   4.9316279E-09  -2.0006878E-06  -1.1554939E-05  -2.9772855E-06   2.7146004E-06   2.4363845E-06   1.1696954E-04  -2.0533865E-04   1.4029780E-03  -3.8394694E-02  -2.3186208E-06   3.8148178E-03   4.8772050E-03  -1.3820503E-03   1.6297935E-03  -1.5844786E-03  -3.0719569E-03  -1.2261773E-03   4.7708213E-05  -7.2319005E-06   7.3361484E-03  -3.3492026E-04   5.0368157E-04   4.1639671E-03   6.1577557E-08   4.4592971E-07
 -3.6785156E-07   1.2116953E-06  -9.9431550E-08  -2.7077087E-06   6.6886974E-06  -1.0809653E-06  -2.9897192E-06   1.3025702E-06  -1.0531751E-04  -4.5896898E-05   2.5767875E-03  -1.0110078E-02  -7.9112948E-04   8.6387891E-03   4.8768293E-03  -9.3334459E-04  -2.4777266E-03   1.3141719E-04   5.8826582E-04   3.3571485E-03  -3.9751638E-04   7.7404528E-04  -3.3492026E-04   3.0159498E-03   4.6060886E-04  -1.1097607E-03   1.6140754E-07   1.8277468E-07
 -5.9330635E-07   1.6336983E-06  -3.5624193E-07  -3.8951145E-06  -8.3758882E-05  -2.9810751E-06   5.7444376E-07   2.0243532E-06  -8.1802532E-03  -2.2407069E-06   1.8267150E-03   1.5109370E-02   1.0553548E-02   1.3594185E-02   2.2372282E-02  -2.6613380E-03  -2.7125330E-03   5.2533872E-04   3.8408325E-03   8.7468611E-03  -1.1323922E-04   4.9908926E-05   5.0368157E-04   4.6060886E-04   6.4208035E-03   7.9184188E-03  -1.8791864E-07   1.5012483E-07
 -2.2548695E-06   4.0086952E-06  -2.0189807E-06  -3.8322126E-05  -2.1062363E-04  -4.7197418E-05  -1.7254453E-05   1.3404783E-05   1.3034268E-02  -1.1731635E-03  -3.1084969E-03   1.0331044E-01   8.2081095E-02   2.3419448E-02   2.2918941E-02  -1.1723017E-02  -7.1718004E-03  -2.2517439E-03   4.6655180E-03   1.4633768E-02  -1.9777001E-04  -6.5315914E-04   4.1639671E-03  -1.1097607E-03   7.9184188E-03   7.0256959E-02  -9.6474532E-07   1.8446025E-06
  2.0301346E-09   1.3333930E-09   1.0770143E-09  -1.1828991E-08   7.0786898E-08   7.7303529E-08  -7.7887759E-08  -1.6238151E-08  -2.7586386E-04   6.2335285E-06   1.0494881E-04   3.7252984E-03   1.0559871E-04   4.0914104E-04   4.9682879E-04  -5.9691379E-05   2.0733700E-04  -1.5771921E-04   2.6556096E-05   1.6799720E-04  -3.5347681E-07  -2.9048479E-07   6.1577557E-08   1.6140754E-07  -1.8791864E-07  -9.6474532E-07   3.7151414E-07   9.1612791E-10
 -3.5817013E-10  -7.1490427E-09   3.7883129E-09  -6.8135319E-08   1.5339543E-07  -1.5819077E-07  -1.6279870E-08  -3.8074287E-09   6.0635153E-04  -4.0554856E-07  -3.1963046E-05   5.9371486E-04   1.4307369E-04  -2.9927765E-04  -1.1645029E-03  -1.1925563E-05  -2.0837031E-05  -4.2431279E-05   4.0171810E-04   9.6497473E-04  -2.5270426E-07  -1.9318811E-07   4.4592971E-07   1.8277468E-07   1.5012483E-07   1.8446025E-06   9.1612791E-10   3.7572185E-07
