# omegabh2 omegach2 theta tau logA ns calPlanck acib217 xi asz143 aps100 aps143 aps143217 aps217 aksz kgal100 kgal143 kgal143217 kgal217 galfEE100 galfEE100143 galfEE100217 galfEE143 galfEE143217 galfEE217 galfTE100 galfTE100143 galfTE100217 galfTE143 galfTE143217 galfTE217 cal0 cal2
    0.2854977E-07   -0.1792017E-06    0.2596781E-07    0.1931585E-05    0.3535769E-05    0.5174138E-06    0.1261228E-07   -0.1636631E-03    0.4015064E-05    0.3536403E-04   -0.6252796E-03   -0.3056991E-03   -0.1871019E-04    0.8152792E-04   -0.6171249E-04   -0.4423820E-05   -0.1197419E-04   -0.2724500E-04    0.2208418E-05    0.5332083E-07    0.6506502E-07    0.5963449E-07    0.7833071E-07   -0.2721547E-07    0.2634662E-06   -0.1262789E-06   -0.1015815E-06   -0.1408992E-06   -0.3471046E-06   -0.5609323E-06   -0.3294097E-05    0.5428573E-08   -0.1570611E-07
   -0.1792017E-06    0.2603687E-05   -0.2501785E-06   -0.2136408E-04   -0.3630843E-04   -0.6912408E-05    0.2689148E-07    0.8649691E-03   -0.2187077E-04   -0.1995599E-03    0.3884702E-02    0.2085413E-02    0.4681249E-03   -0.7002992E-04    0.3386569E-03    0.3775446E-04    0.5218230E-04    0.1977771E-03    0.1553423E-03   -0.7789741E-06   -0.9021104E-06   -0.1324027E-06   -0.8577357E-06    0.4164235E-06    0.2807207E-05    0.5082644E-06    0.6205415E-06   -0.1457490E-06    0.3180758E-05    0.4762456E-05    0.2376138E-04   -0.8492081E-08    0.9591235E-07
    0.2596781E-07   -0.2501785E-06    0.1117850E-06    0.2475220E-05    0.4408923E-05    0.8192831E-06   -0.9090162E-08   -0.1227039E-03    0.2345319E-05    0.2120521E-04   -0.4442014E-03   -0.2212612E-03   -0.4617659E-04    0.4119637E-04   -0.4099424E-04   -0.3584289E-05   -0.7630629E-05   -0.1541355E-04    0.9679819E-05    0.5628761E-07    0.7245062E-07   -0.1871115E-07    0.7873975E-07   -0.1609001E-06   -0.2915533E-06   -0.1584974E-06   -0.1709367E-06   -0.2501476E-06   -0.4820563E-06   -0.5416133E-06   -0.3898981E-05    0.1992703E-08   -0.1026032E-07
    0.1931585E-05   -0.2136408E-04    0.2475220E-05    0.5948722E-03    0.1126078E-02    0.7789041E-04   -0.5071717E-05   -0.2537336E-01    0.6205352E-03    0.4370658E-02   -0.9379036E-01   -0.3543304E-01    0.4061318E-02    0.1817370E-01   -0.9624946E-02   -0.1027846E-02   -0.2324614E-02   -0.6212425E-02   -0.3940447E-02    0.4437232E-05    0.5461942E-05    0.4132339E-05    0.6168809E-05   -0.5754791E-05   -0.1360989E-04   -0.1253324E-04   -0.6812719E-05   -0.3939086E-06   -0.4356848E-04   -0.6349791E-04   -0.2436550E-03    0.3559242E-06   -0.3025737E-05
    0.3535769E-05   -0.3630843E-04    0.4408923E-05    0.1126078E-02    0.2169975E-02    0.1370662E-03    0.2780535E-05   -0.4862381E-01    0.1243725E-02    0.8487430E-02   -0.1732793E+00   -0.6426905E-01    0.1299804E-01    0.4229998E-01   -0.1941613E-01   -0.2164373E-02   -0.5004301E-02   -0.1223868E-01   -0.5710400E-02    0.8056337E-05    0.8953070E-05    0.5821935E-05    0.1167608E-04   -0.1196964E-04   -0.2215252E-04   -0.2470013E-04   -0.1233957E-04   -0.8456339E-05   -0.7530154E-04   -0.1159072E-03   -0.4289034E-03    0.9508005E-06   -0.5845651E-05
    0.5174138E-06   -0.6912408E-05    0.8192831E-06    0.7789041E-04    0.1370662E-03    0.2836587E-04   -0.1037439E-06   -0.7159806E-02    0.1935911E-03    0.1340478E-02   -0.3281887E-01   -0.9988979E-02    0.2410040E-02    0.6458022E-02   -0.2991561E-02    0.1814836E-03   -0.3816935E-03   -0.1132298E-02    0.2065678E-04    0.3374725E-05    0.3881007E-05    0.9933813E-06    0.4035687E-05   -0.1478332E-05   -0.7541905E-05   -0.3485328E-05   -0.1877475E-05   -0.1902841E-05   -0.8647410E-05   -0.1297699E-04   -0.7018059E-04   -0.1229935E-06   -0.6474927E-06
    0.1261228E-07    0.2689148E-07   -0.9090162E-08   -0.5071717E-05    0.2780535E-05   -0.1037439E-06    0.6340817E-05    0.8671803E-03    0.3348843E-06    0.8944369E-04    0.3852829E-02    0.6670234E-03    0.7848834E-03    0.1410732E-02   -0.1221487E-03    0.1014467E-04    0.4835532E-05    0.7188139E-04    0.8701556E-03    0.7944571E-06    0.4206769E-06   -0.8560487E-06    0.9850161E-06   -0.1268508E-06   -0.5413020E-06   -0.6902414E-06    0.1691803E-07   -0.3099649E-05    0.2174904E-05    0.2170158E-06    0.4552040E-05    0.7719784E-08    0.2640772E-07
   -0.1636631E-03    0.8649691E-03   -0.1227039E-03   -0.2537336E-01   -0.4862381E-01   -0.7159806E-02    0.8671803E-03    0.4318326E+02   -0.5222031E+00   -0.1851995E+01    0.4328750E+02    0.3784692E+00   -0.2229472E+02   -0.6105803E+02    0.8005071E+00   -0.7799008E-01    0.1049161E+00   -0.1926399E+01   -0.1810855E+02   -0.9985971E-04   -0.5707927E-03   -0.3539569E-02   -0.7078864E-03    0.1008241E-02    0.9480931E-03   -0.7188374E-04    0.1806120E-02   -0.5086206E-03    0.2031298E-02    0.2404083E-02    0.1325458E-01   -0.3117648E-03    0.4330605E-02
    0.4015064E-05   -0.2187077E-04    0.2345319E-05    0.6205352E-03    0.1243725E-02    0.1935911E-03    0.3348843E-06   -0.5222031E+00    0.8051553E-01   -0.5344937E-01   -0.6470663E+00    0.1006686E+01    0.1960836E+01    0.8334590E+00    0.4466961E-01   -0.4351697E-02    0.3522098E-02    0.1045751E+00    0.1089283E+00    0.1813986E-04    0.1687341E-04    0.2970887E-05    0.1760557E-04   -0.1216826E-03    0.4056108E-03   -0.4671830E-04    0.3951609E-04   -0.2068743E-03    0.1874692E-03   -0.5196894E-04   -0.9918424E-03    0.9902216E-05   -0.1951237E-04
    0.3536403E-04   -0.1995599E-03    0.2120521E-04    0.4370658E-02    0.8487430E-02    0.1340478E-02    0.8944369E-04   -0.1851995E+01   -0.5344937E-01    0.3448860E+01   -0.2786958E+02   -0.3846044E+01    0.7184422E+01    0.6202263E+01   -0.2180698E+01   -0.1479945E+00    0.4517836E-01    0.2157586E+01    0.2030859E+01    0.5365904E-04    0.2207866E-03   -0.3573040E-03    0.3163023E-03   -0.4452671E-03    0.8254363E-03   -0.6368966E-03   -0.3031843E-03    0.1633065E-02   -0.1241868E-02    0.1516490E-02    0.1520324E-02    0.1712663E-03   -0.3518921E-03
   -0.6252796E-03    0.3884702E-02   -0.4442014E-03   -0.9379036E-01   -0.1732793E+00   -0.3281887E-01    0.3852829E-02    0.4328750E+02   -0.6470663E+00   -0.2786958E+02    0.7557544E+03    0.6773257E+02   -0.6063266E+02   -0.6918964E+02    0.1146961E+02   -0.3513915E+01    0.3370100E+01   -0.1025142E+02   -0.1476471E+02   -0.2581616E-02   -0.4618512E-02   -0.1689599E-02   -0.4812313E-02    0.1872946E-02   -0.1894071E-02    0.6777682E-02   -0.3533720E-02   -0.2583855E-01    0.2411646E-02   -0.1833578E-03    0.8157686E-01    0.5805582E-02    0.3869117E-02
   -0.3056991E-03    0.2085413E-02   -0.2212612E-03   -0.3543304E-01   -0.6426905E-01   -0.9988979E-02    0.6670234E-03    0.3784692E+00    0.1006686E+01   -0.3846044E+01    0.6773257E+02    0.5982114E+02    0.4365441E+02    0.1706808E+02   -0.3600104E+01   -0.1697367E+00   -0.1010360E+01    0.3875358E+01    0.3841246E+01   -0.1080133E-02   -0.1319787E-02   -0.2593915E-02   -0.1970157E-02   -0.2229511E-02    0.3783671E-02    0.3014563E-02    0.1350343E-02   -0.5321579E-02    0.6772150E-02    0.9278057E-02    0.3502365E-01    0.9018036E-04    0.1822626E-03
   -0.1871019E-04    0.4681249E-03   -0.4617659E-04    0.4061318E-02    0.1299804E-01    0.2410040E-02    0.7848834E-03   -0.2229472E+02    0.1960836E+01    0.7184422E+01   -0.6063266E+02    0.4365441E+02    0.9845595E+02    0.6565769E+02   -0.1014479E+02   -0.4815552E+00   -0.3861231E+00    0.4524228E+01    0.5289590E+01   -0.3076810E-03    0.3209562E-03   -0.3941977E-02    0.1889334E-03   -0.5982971E-02    0.1233029E-01   -0.1062890E-02   -0.2683912E-03   -0.2953899E-02    0.3739864E-02    0.9993206E-02    0.2101062E-01    0.7442201E-03   -0.2565073E-02
    0.8152792E-04   -0.7002992E-04    0.4119637E-04    0.1817370E-01    0.4229998E-01    0.6458022E-02    0.1410732E-02   -0.6105803E+02    0.8334590E+00    0.6202263E+01   -0.6918964E+02    0.1706808E+02    0.6565769E+02    0.1193157E+03   -0.8968263E+01   -0.1396781E+00   -0.3297559E+00   -0.6742849E+00    0.1498492E+02   -0.2638513E-03    0.5290605E-03    0.1676592E-02    0.4842451E-03   -0.3626954E-02    0.1208319E-04   -0.3140889E-03   -0.3420401E-02    0.7168957E-03   -0.8978706E-03    0.7140061E-02    0.3386790E-01    0.6820162E-03   -0.7553650E-02
   -0.6171249E-04    0.3386569E-03   -0.4099424E-04   -0.9624946E-02   -0.1941613E-01   -0.2991561E-02   -0.1221487E-03    0.8005071E+00    0.4466961E-01   -0.2180698E+01    0.1146961E+02   -0.3600104E+01   -0.1014479E+02   -0.8968263E+01    0.5003219E+01    0.7212739E-01   -0.3565628E-01   -0.1614836E+01   -0.1562615E+01   -0.1709265E-03   -0.3010935E-03    0.1008942E-02   -0.3246762E-03    0.1450458E-02   -0.1579130E-02    0.7154207E-03    0.4894761E-03    0.2225780E-03    0.1281247E-02   -0.1746737E-02   -0.8861011E-03   -0.1116791E-03    0.1585824E-03
   -0.4423820E-05    0.3775446E-04   -0.3584289E-05   -0.1027846E-02   -0.2164373E-02    0.1814836E-03    0.1014467E-04   -0.7799008E-01   -0.4351697E-02   -0.1479945E+00   -0.3513915E+01   -0.1697367E+00   -0.4815552E+00   -0.1396781E+00    0.7212739E-01    0.3483867E+01    0.3952797E+00    0.8076970E-01    0.1508386E+00    0.6902123E-04    0.1033851E-03    0.7830674E-03    0.1156871E-03   -0.7792118E-04   -0.4660745E-03   -0.3862707E-04    0.1737077E-03    0.1201504E-02   -0.4524580E-03    0.1159293E-02   -0.2585438E-02    0.2988849E-03   -0.1902430E-04
   -0.1197419E-04    0.5218230E-04   -0.7630629E-05   -0.2324614E-02   -0.5004301E-02   -0.3816935E-03    0.4835532E-05    0.1049161E+00    0.3522098E-02    0.4517836E-01    0.3370100E+01   -0.1010360E+01   -0.3861231E+00   -0.3297559E+00   -0.3565628E-01    0.3952797E+00    0.3361790E+01    0.2578034E+01    0.1740766E+01    0.1509423E-03   -0.7878487E-04    0.9927934E-03   -0.2594812E-04   -0.3237296E-03    0.3313319E-02   -0.4350603E-03   -0.2778103E-03    0.7528185E-03    0.6478683E-03    0.1398893E-02    0.1214665E-02   -0.2925793E-03   -0.1994378E-03
   -0.2724500E-04    0.1977771E-03   -0.1541355E-04   -0.6212425E-02   -0.1223868E-01   -0.1132298E-02    0.7188139E-04   -0.1926399E+01    0.1045751E+00    0.2157586E+01   -0.1025142E+02    0.3875358E+01    0.4524228E+01   -0.6742849E+00   -0.1614836E+01    0.8076970E-01    0.2578034E+01    0.1719525E+02    0.2580810E+02   -0.4242869E-04   -0.1432456E-03    0.2603928E-03   -0.6675436E-04   -0.5659351E-03    0.3272652E-02    0.1511654E-03    0.6708269E-03    0.4741536E-03    0.1382123E-02    0.3810642E-02   -0.2824110E-02   -0.3478957E-05    0.2622557E-02
    0.2208418E-05    0.1553423E-03    0.9679819E-05   -0.3940447E-02   -0.5710400E-02    0.2065678E-04    0.8701556E-03   -0.1810855E+02    0.1089283E+00    0.2030859E+01   -0.1476471E+02    0.3841246E+01    0.5289590E+01    0.1498492E+02   -0.1562615E+01    0.1508386E+00    0.1740766E+01    0.2580810E+02    0.5455759E+02    0.3068973E-05    0.1572407E-03    0.1314541E-02    0.4167933E-03   -0.4710583E-03    0.2584723E-02    0.1506095E-02    0.7575710E-03   -0.1113248E-02    0.1873479E-02    0.1904776E-02   -0.2077972E-01    0.1186025E-03    0.4665657E-02
    0.5332083E-07   -0.7789741E-06    0.5628761E-07    0.4437232E-05    0.8056337E-05    0.3374725E-05    0.7944571E-06   -0.9985971E-04    0.1813986E-04    0.5365904E-04   -0.2581616E-02   -0.1080133E-02   -0.3076810E-03   -0.2638513E-03   -0.1709265E-03    0.6902123E-04    0.1509423E-03   -0.4242869E-04    0.3068973E-05    0.3200692E-04    0.8846870E-05   -0.2057246E-06    0.2958154E-05   -0.2445347E-05   -0.1083332E-06   -0.2469372E-05   -0.5933405E-06   -0.5097707E-05   -0.2974420E-05    0.2285837E-05   -0.4510353E-05   -0.9372963E-07   -0.1046473E-07
    0.6506502E-07   -0.9021104E-06    0.7245062E-07    0.5461942E-05    0.8953070E-05    0.3881007E-05    0.4206769E-06   -0.5707927E-03    0.1687341E-04    0.2207866E-03   -0.4618512E-02   -0.1319787E-02    0.3209562E-03    0.5290605E-03   -0.3010935E-03    0.1033851E-03   -0.7878487E-04   -0.1432456E-03    0.1572407E-03    0.8846870E-05    0.2473691E-04   -0.1369855E-05    0.1249362E-04    0.2147935E-06    0.4607774E-05   -0.1158825E-05   -0.1732837E-05    0.1367259E-05   -0.4035226E-05   -0.4677510E-05   -0.1391471E-04   -0.2289381E-07   -0.1329323E-07
    0.5963449E-07   -0.1324027E-06   -0.1871115E-07    0.4132339E-05    0.5821935E-05    0.9933813E-06   -0.8560487E-06   -0.3539569E-02    0.2970887E-05   -0.3573040E-03   -0.1689599E-02   -0.2593915E-02   -0.3941977E-02    0.1676592E-02    0.1008942E-02    0.7830674E-03    0.9927934E-03    0.2603928E-03    0.1314541E-02   -0.2057246E-06   -0.1369855E-05    0.1061810E-02   -0.1854934E-05   -0.2905312E-05    0.2918731E-04    0.5583149E-05   -0.3037269E-06   -0.1726917E-04   -0.9806668E-05   -0.3202322E-04   -0.7619281E-04   -0.7528537E-07   -0.3967912E-06
    0.7833071E-07   -0.8577357E-06    0.7873975E-07    0.6168809E-05    0.1167608E-04    0.4035687E-05    0.9850161E-06   -0.7078864E-03    0.1760557E-04    0.3163023E-03   -0.4812313E-02   -0.1970157E-02    0.1889334E-03    0.4842451E-03   -0.3246762E-03    0.1156871E-03   -0.2594812E-04   -0.6675436E-04    0.4167933E-03    0.2958154E-05    0.1249362E-04   -0.1854934E-05    0.4736463E-04    0.3054704E-05    0.9694385E-05    0.1129654E-05   -0.1216557E-05    0.4871904E-05   -0.9523450E-05   -0.2418526E-05   -0.2264058E-04   -0.1415112E-07   -0.2660721E-07
   -0.2721547E-07    0.4164235E-06   -0.1609001E-06   -0.5754791E-05   -0.1196964E-04   -0.1478332E-05   -0.1268508E-06    0.1008241E-02   -0.1216826E-03   -0.4452671E-03    0.1872946E-02   -0.2229511E-02   -0.5982971E-02   -0.3626954E-02    0.1450458E-02   -0.7792118E-04   -0.3237296E-03   -0.5659351E-03   -0.4710583E-03   -0.2445347E-05    0.2147935E-06   -0.2905312E-05    0.3054704E-05    0.2146835E-02    0.1328534E-03   -0.3606617E-05   -0.4600997E-05   -0.3101077E-05    0.4687025E-05    0.3038677E-04    0.2588583E-04    0.1390230E-06   -0.1083127E-06
    0.2634662E-06    0.2807207E-05   -0.2915533E-06   -0.1360989E-04   -0.2215252E-04   -0.7541905E-05   -0.5413020E-06    0.9480931E-03    0.4056108E-03    0.8254363E-03   -0.1894071E-02    0.3783671E-02    0.1233029E-01    0.1208319E-04   -0.1579130E-02   -0.4660745E-03    0.3313319E-02    0.3272652E-02    0.2584723E-02   -0.1083332E-06    0.4607774E-05    0.2918731E-04    0.9694385E-05    0.1328534E-03    0.1690454E-01   -0.9608400E-05    0.5438814E-05    0.5808734E-04   -0.9660903E-05   -0.1292300E-03   -0.2755797E-03    0.2984750E-06   -0.1331345E-05
   -0.1262789E-06    0.5082644E-06   -0.1584974E-06   -0.1253324E-04   -0.2470013E-04   -0.3485328E-05   -0.6902414E-06   -0.7188374E-04   -0.4671830E-04   -0.6368966E-03    0.6777682E-02    0.3014563E-02   -0.1062890E-02   -0.3140889E-03    0.7154207E-03   -0.3862707E-04   -0.4350603E-03    0.1511654E-03    0.1506095E-02   -0.2469372E-05   -0.1158825E-05    0.5583149E-05    0.1129654E-05   -0.3606617E-05   -0.9608400E-05    0.1439330E-02    0.2994997E-03    0.1080858E-03   -0.3727262E-03   -0.1179014E-03   -0.2272788E-03    0.1676595E-06   -0.1379292E-07
   -0.1015815E-06    0.6205415E-06   -0.1709367E-06   -0.6812719E-05   -0.1233957E-04   -0.1877475E-05    0.1691803E-07    0.1806120E-02    0.3951609E-04   -0.3031843E-03   -0.3533720E-02    0.1350343E-02   -0.2683912E-03   -0.3420401E-02    0.4894761E-03    0.1737077E-03   -0.2778103E-03    0.6708269E-03    0.7575710E-03   -0.5933405E-06   -0.1732837E-05   -0.3037269E-06   -0.1216557E-05   -0.4600997E-05    0.5438814E-05    0.2994997E-03    0.8479168E-03    0.3903211E-04    0.7514853E-03   -0.1623494E-05   -0.6784437E-03   -0.1070038E-07    0.3474684E-06
   -0.1408992E-06   -0.1457490E-06   -0.2501476E-06   -0.3939086E-06   -0.8456339E-05   -0.1902841E-05   -0.3099649E-05   -0.5086206E-03   -0.2068743E-03    0.1633065E-02   -0.2583855E-01   -0.5321579E-02   -0.2953899E-02    0.7168957E-03    0.2225780E-03    0.1201504E-02    0.7528185E-03    0.4741536E-03   -0.1113248E-02   -0.5097707E-05    0.1367259E-05   -0.1726917E-04    0.4871904E-05   -0.3101077E-05    0.5808734E-04    0.1080858E-03    0.3903211E-04    0.7099801E-02   -0.2802277E-03    0.6947073E-03    0.4706598E-02    0.3826939E-06   -0.7047496E-06
   -0.3471046E-06    0.3180758E-05   -0.4820563E-06   -0.4356848E-04   -0.7530154E-04   -0.8647410E-05    0.2174904E-05    0.2031298E-02    0.1874692E-03   -0.1241868E-02    0.2411646E-02    0.6772150E-02    0.3739864E-02   -0.8978706E-03    0.1281247E-02   -0.4524580E-03    0.6478683E-03    0.1382123E-02    0.1873479E-02   -0.2974420E-05   -0.4035226E-05   -0.9806668E-05   -0.9523450E-05    0.4687025E-05   -0.9660903E-05   -0.3727262E-03    0.7514853E-03   -0.2802277E-03    0.2918615E-02    0.4478523E-03   -0.8074634E-03    0.1707669E-06    0.6953302E-06
   -0.5609323E-06    0.4762456E-05   -0.5416133E-06   -0.6349791E-04   -0.1159072E-03   -0.1297699E-04    0.2170158E-06    0.2404083E-02   -0.5196894E-04    0.1516490E-02   -0.1833578E-03    0.9278057E-02    0.9993206E-02    0.7140061E-02   -0.1746737E-02    0.1159293E-02    0.1398893E-02    0.3810642E-02    0.1904776E-02    0.2285837E-05   -0.4677510E-05   -0.3202322E-04   -0.2418526E-05    0.3038677E-04   -0.1292300E-03   -0.1179014E-03   -0.1623494E-05    0.6947073E-03    0.4478523E-03    0.6458627E-02    0.7709755E-02    0.5232029E-06    0.1394646E-06
   -0.3294097E-05    0.2376138E-04   -0.3898981E-05   -0.2436550E-03   -0.4289034E-03   -0.7018059E-04    0.4552040E-05    0.1325458E-01   -0.9918424E-03    0.1520324E-02    0.8157686E-01    0.3502365E-01    0.2101062E-01    0.3386790E-01   -0.8861011E-03   -0.2585438E-02    0.1214665E-02   -0.2824110E-02   -0.2077972E-01   -0.4510353E-05   -0.1391471E-04   -0.7619281E-04   -0.2264058E-04    0.2588583E-04   -0.2755797E-03   -0.2272788E-03   -0.6784437E-03    0.4706598E-02   -0.8074634E-03    0.7709755E-02    0.6581154E-01    0.1953317E-05   -0.6338813E-05
    0.5428573E-08   -0.8492081E-08    0.1992703E-08    0.3559242E-06    0.9508005E-06   -0.1229935E-06    0.7719784E-08   -0.3117648E-03    0.9902216E-05    0.1712663E-03    0.5805582E-02    0.9018036E-04    0.7442201E-03    0.6820162E-03   -0.1116791E-03    0.2988849E-03   -0.2925793E-03   -0.3478957E-05    0.1186025E-03   -0.9372963E-07   -0.2289381E-07   -0.7528537E-07   -0.1415112E-07    0.1390230E-06    0.2984750E-06    0.1676595E-06   -0.1070038E-07    0.3826939E-06    0.1707669E-06    0.5232029E-06    0.1953317E-05    0.5956063E-06   -0.4040792E-08
   -0.1570611E-07    0.9591235E-07   -0.1026032E-07   -0.3025737E-05   -0.5845651E-05   -0.6474927E-06    0.2640772E-07    0.4330605E-02   -0.1951237E-04   -0.3518921E-03    0.3869117E-02    0.1822626E-03   -0.2565073E-02   -0.7553650E-02    0.1585824E-03   -0.1902430E-04   -0.1994378E-03    0.2622557E-02    0.4665657E-02   -0.1046473E-07   -0.1329323E-07   -0.3967912E-06   -0.2660721E-07   -0.1083127E-06   -0.1331345E-05   -0.1379292E-07    0.3474684E-06   -0.7047496E-06    0.6953302E-06    0.1394646E-06   -0.6338813E-05   -0.4040792E-08    0.2108429E-05
