# omegabh2 omegach2 theta tau omegak logA ns calPlanck acib217 xi asz143 aps100 aps143 aps143217 aps217 aksz kgal100 kgal143 kgal143217 kgal217 galfEE100 galfEE100143 galfEE100217 galfEE143 galfEE143217 galfEE217 galfTE100 galfTE100143 galfTE100217 galfTE143 galfTE143217 galfTE217 cal0 cal2
    0.2512780E-07   -0.1515343E-06    0.2292776E-07    0.4041989E-06   -0.2915546E-06    0.5074932E-06    0.4064320E-06   -0.8666438E-08   -0.1285787E-03    0.2859092E-05    0.3109015E-04   -0.5202582E-03   -0.2460981E-03   -0.2887274E-04    0.5590207E-04   -0.5032058E-04    0.7544306E-06   -0.4147122E-05   -0.9506099E-05    0.2865505E-05    0.4931483E-07    0.7242979E-07    0.1613224E-07    0.7561283E-07    0.1341263E-06    0.2761582E-06   -0.1035146E-06   -0.8138584E-07   -0.2076109E-06   -0.3103157E-06   -0.4324411E-06   -0.2312092E-05    0.5147235E-08   -0.1431760E-07
   -0.1515343E-06    0.2270410E-05   -0.2172837E-06   -0.5404466E-05    0.4027850E-05   -0.5429143E-05   -0.5630202E-05    0.1913495E-07    0.7082776E-03   -0.1652836E-04   -0.2207186E-03    0.3785508E-02    0.1552959E-02    0.1617432E-03   -0.2203949E-03    0.3038737E-03   -0.1988590E-04    0.2167145E-04    0.7690581E-04    0.9635463E-04   -0.7015501E-06   -0.8701082E-06    0.1631334E-06   -0.9197516E-06   -0.6991244E-06   -0.9247087E-07    0.8812205E-06    0.3019772E-06    0.1079103E-05    0.2189795E-05    0.2697759E-05    0.1618744E-04   -0.1440109E-07    0.1010539E-06
    0.2292776E-07   -0.2172837E-06    0.1086488E-06    0.5350773E-06   -0.6108264E-06    0.6485615E-06    0.6736232E-06   -0.5017581E-09   -0.5984249E-04    0.1591878E-05    0.1494134E-04   -0.3699151E-03   -0.2055466E-03   -0.7448718E-04   -0.4253292E-04   -0.1766032E-04    0.4718417E-05   -0.2229198E-05   -0.1990924E-04   -0.1850250E-04    0.5810381E-07    0.7999623E-07   -0.1923100E-07    0.5785151E-07    0.2210131E-06    0.2154465E-06   -0.9187670E-07   -0.7860589E-07   -0.3485250E-06   -0.3785686E-06   -0.4005282E-06   -0.2021020E-05    0.7632278E-09   -0.4514702E-08
    0.4041989E-06   -0.5404466E-05    0.5350773E-06    0.3570363E-03    0.9760858E-04    0.6971655E-03    0.2307068E-04   -0.6399380E-06   -0.6699383E-02    0.1998684E-03    0.1705922E-02   -0.2607871E-01   -0.7838789E-02    0.4952557E-02    0.7588673E-02   -0.2726517E-02   -0.9408955E-03   -0.1043446E-02   -0.1400520E-02   -0.7690965E-03    0.2065382E-05    0.1864548E-05   -0.7693902E-05    0.2792618E-05    0.9312117E-05   -0.1131508E-04   -0.1151338E-04   -0.6740149E-05   -0.4422689E-05   -0.1780065E-04   -0.9728891E-05   -0.6713423E-04    0.3711932E-07   -0.8852433E-06
   -0.2915546E-06    0.4027850E-05   -0.6108264E-06    0.9760858E-04    0.5587193E-04    0.2085841E-03   -0.8467014E-05    0.2113900E-05    0.3442482E-03    0.2172090E-04   -0.1446197E-03    0.6202117E-02    0.3416624E-02    0.3234223E-02    0.3029590E-02    0.2894329E-05   -0.5340706E-03   -0.3734501E-03   -0.1990420E-03    0.3782125E-03   -0.1087167E-05   -0.1719199E-05   -0.2721584E-05   -0.1396883E-05    0.5961916E-06    0.5205952E-05   -0.2915080E-05   -0.9951127E-06    0.2985927E-05    0.1782094E-05    0.1803213E-05    0.1481931E-04    0.1932903E-07    0.9126279E-07
    0.5074932E-06   -0.5429143E-05    0.6485615E-06    0.6971655E-03    0.2085841E-03    0.1402481E-02    0.3140179E-04    0.1175813E-04   -0.1192733E-01    0.4395921E-03    0.2836461E-02   -0.3863965E-01   -0.9827070E-02    0.1422736E-01    0.2108122E-01   -0.5357580E-02   -0.2163895E-02   -0.2580133E-02   -0.3346061E-02   -0.1650182E-03    0.3135460E-05    0.2228695E-05   -0.1460113E-04    0.5288009E-05    0.1737467E-04   -0.2011619E-04   -0.1948423E-04   -0.1329306E-04   -0.1442936E-05   -0.3092647E-04   -0.1158862E-04   -0.5172708E-04    0.2147370E-06   -0.1675015E-05
    0.4064320E-06   -0.5630202E-05    0.6736232E-06    0.2307068E-04   -0.8467014E-05    0.3140179E-04    0.2343527E-04    0.3479088E-07   -0.5972769E-02    0.1407761E-03    0.1402688E-02   -0.3022525E-01   -0.7770897E-02    0.3081505E-02    0.6589504E-02   -0.2920859E-02    0.2001153E-03   -0.2205234E-03   -0.5529083E-03    0.4104232E-03    0.3163670E-05    0.3628862E-05   -0.1948099E-05    0.3875629E-05    0.3687198E-05    0.6438563E-06   -0.1057166E-05   -0.1617387E-05   -0.5858645E-06   -0.7671282E-05   -0.6317006E-05   -0.3363729E-04   -0.1245370E-06   -0.5947040E-06
   -0.8666438E-08    0.1913495E-07   -0.5017581E-09   -0.6399380E-06    0.2113900E-05    0.1175813E-04    0.3479088E-07    0.6490972E-05    0.7727063E-03    0.1099558E-04   -0.8535183E-04    0.3854375E-02    0.8826297E-03    0.6769576E-03    0.1432659E-02    0.1170227E-03   -0.2350607E-04   -0.4281651E-04   -0.2203624E-03    0.4888899E-03    0.6058918E-06    0.4778022E-06    0.3538375E-07    0.1212931E-05    0.1017531E-05   -0.2451215E-07    0.8601947E-06   -0.1851702E-06    0.1890125E-05   -0.1665029E-06    0.9388079E-06    0.2695206E-04   -0.3567150E-07   -0.3668655E-07
   -0.1285787E-03    0.7082776E-03   -0.5984249E-04   -0.6699383E-02    0.3442482E-03   -0.1192733E-01   -0.5972769E-02    0.7727063E-03    0.4411956E+02   -0.5158485E+00   -0.1589132E+01    0.4105177E+02   -0.1222262E+01   -0.2277862E+02   -0.6209823E+02    0.3419206E+00   -0.1271132E-01    0.9875793E-01   -0.2062922E+01   -0.1876863E+02   -0.2882438E-03   -0.9732276E-03   -0.1093382E-04   -0.1204713E-02    0.8608475E-03    0.4010022E-02   -0.1426362E-03    0.1946980E-02   -0.1394657E-02   -0.6611916E-03   -0.5934537E-02    0.1233316E-01   -0.2829906E-03    0.4550741E-02
    0.2859092E-05   -0.1652836E-04    0.1591878E-05    0.1998684E-03    0.2172090E-04    0.4395921E-03    0.1407761E-03    0.1099558E-04   -0.5158485E+00    0.8131599E-01   -0.7173463E-01   -0.4628871E+00    0.1050735E+01    0.1930866E+01    0.8027983E+00    0.7433940E-01   -0.6763082E-02    0.8330165E-02    0.1049046E+00    0.1139466E+00    0.2596182E-05    0.5537936E-05   -0.7792948E-04    0.4079600E-04    0.7405137E-04    0.4577490E-03   -0.2302213E-04    0.3123789E-04   -0.9186309E-04    0.1104397E-04    0.1317282E-03    0.2757215E-03    0.5337622E-05   -0.2201912E-04
    0.3109015E-04   -0.2207186E-03    0.1494134E-04    0.1705922E-02   -0.1446197E-03    0.2836461E-02    0.1402688E-02   -0.8535183E-04   -0.1589132E+01   -0.7173463E-01    0.3742190E+01   -0.2954921E+02   -0.3596940E+01    0.7861118E+01    0.6818187E+01   -0.2754295E+01   -0.1696864E+00    0.4268962E-01    0.2409364E+01    0.2160552E+01    0.3387464E-03    0.2518279E-03   -0.1856444E-03    0.9033279E-04    0.2016739E-03   -0.2086962E-02    0.8493868E-03   -0.1558686E-03    0.2495168E-02   -0.1120426E-02   -0.4622307E-04    0.2089903E-02    0.1733041E-03   -0.3397665E-03
   -0.5202582E-03    0.3785508E-02   -0.3699151E-03   -0.2607871E-01    0.6202117E-02   -0.3863965E-01   -0.3022525E-01    0.3854375E-02    0.4105177E+02   -0.4628871E+00   -0.2954921E+02    0.7673909E+03    0.6525909E+02   -0.6253647E+02   -0.7069336E+02    0.1380843E+02   -0.3787408E+01    0.2974130E+01   -0.1284792E+02   -0.1770732E+02   -0.4954308E-02   -0.3922173E-02    0.3546856E-02   -0.3806184E-02   -0.3128374E-02    0.7746632E-02    0.3545613E-02    0.5678807E-02   -0.2511930E-01    0.2531506E-01    0.3050508E-02   -0.3255218E-01    0.6119373E-02    0.3807690E-02
   -0.2460981E-03    0.1552959E-02   -0.2055466E-03   -0.7838789E-02    0.3416624E-02   -0.9827070E-02   -0.7770897E-02    0.8826297E-03   -0.1222262E+01    0.1050735E+01   -0.3596940E+01    0.6525909E+02    0.6068220E+02    0.4644825E+02    0.2047332E+02   -0.4657109E+01   -0.3213408E+00   -0.1167949E+01    0.3832163E+01    0.4138069E+01   -0.1038788E-02   -0.1086244E-02   -0.2989356E-03   -0.1183292E-02    0.1113284E-02    0.7347144E-02    0.6864033E-03    0.3599046E-02   -0.3357639E-02    0.8948707E-02    0.7978192E-02    0.2870636E-01    0.6486669E-04   -0.1093997E-04
   -0.2887274E-04    0.1617432E-03   -0.7448718E-04    0.4952557E-02    0.3234223E-02    0.1422736E-01    0.3081505E-02    0.6769576E-03   -0.2277862E+02    0.1930866E+01    0.7861118E+01   -0.6253647E+02    0.4644825E+02    0.1024144E+03    0.7033060E+02   -0.1227060E+02   -0.6508324E+00   -0.3452854E+00    0.5154158E+01    0.5953560E+01    0.6568876E-03    0.6001163E-03   -0.1227552E-02    0.7071294E-03    0.2317374E-02    0.9168059E-02    0.2092938E-02    0.1325164E-02    0.5932989E-02    0.4335189E-02    0.1293643E-01    0.3029346E-01    0.6744438E-03   -0.2779878E-02
    0.5590207E-04   -0.2203949E-03   -0.4253292E-04    0.7588673E-02    0.3029590E-02    0.2108122E-01    0.6589504E-02    0.1432659E-02   -0.6209823E+02    0.8027983E+00    0.6818187E+01   -0.7069336E+02    0.2047332E+02    0.7033060E+02    0.1240684E+03   -0.1057939E+02   -0.2817111E+00   -0.3740886E+00   -0.1311657E+00    0.1567656E+02    0.7647685E-03    0.1710010E-02   -0.2191355E-04    0.1385768E-02   -0.5386127E-03   -0.5298714E-02    0.1921941E-02   -0.2495506E-02    0.6652904E-02    0.4586131E-02    0.2006356E-01    0.1179792E-01    0.7063129E-03   -0.7992598E-02
   -0.5032058E-04    0.3038737E-03   -0.1766032E-04   -0.2726517E-02    0.2894329E-05   -0.5357580E-02   -0.2920859E-02    0.1170227E-03    0.3419206E+00    0.7433940E-01   -0.2754295E+01    0.1380843E+02   -0.4657109E+01   -0.1227060E+02   -0.1057939E+02    0.6126673E+01    0.9795751E-01   -0.7639186E-01   -0.2084612E+01   -0.1726068E+01   -0.5501202E-03   -0.5146457E-03    0.2967069E-03   -0.1201420E-03   -0.9782558E-04   -0.4755610E-03   -0.1070349E-02   -0.4907790E-04   -0.2936932E-02    0.8910275E-04   -0.1110156E-02    0.1070746E-02   -0.1335300E-03    0.1682618E-03
    0.7544306E-06   -0.1988590E-04    0.4718417E-05   -0.9408955E-03   -0.5340706E-03   -0.2163895E-02    0.2001153E-03   -0.2350607E-04   -0.1271132E-01   -0.6763082E-02   -0.1696864E+00   -0.3787408E+01   -0.3213408E+00   -0.6508324E+00   -0.2817111E+00    0.9795751E-01    0.3513346E+01    0.4272684E+00    0.1062438E+00    0.1876849E+00    0.6101906E-04    0.1243133E-03   -0.5218446E-03   -0.2857046E-04   -0.3559778E-04    0.1327443E-04   -0.3851005E-03    0.1529251E-03    0.2257014E-02   -0.4481710E-03   -0.2250519E-02   -0.4845245E-02    0.2993314E-03    0.1086686E-04
   -0.4147122E-05    0.2167145E-04   -0.2229198E-05   -0.1043446E-02   -0.3734501E-03   -0.2580133E-02   -0.2205234E-03   -0.4281651E-04    0.9875793E-01    0.8330165E-02    0.4268962E-01    0.2974130E+01   -0.1167949E+01   -0.3452854E+00   -0.3740886E+00   -0.7639186E-01    0.4272684E+00    0.3343620E+01    0.2488105E+01    0.1680289E+01    0.8720743E-04   -0.2409364E-04   -0.3105335E-03    0.4526217E-05    0.1121653E-03   -0.1553435E-02    0.1798675E-03   -0.2647507E-03    0.7523559E-03   -0.4075123E-03   -0.1213492E-02   -0.6013227E-02   -0.2863180E-03   -0.2094993E-03
   -0.9506099E-05    0.7690581E-04   -0.1990924E-04   -0.1400520E-02   -0.1990420E-03   -0.3346061E-02   -0.5529083E-03   -0.2203624E-03   -0.2062922E+01    0.1049046E+00    0.2409364E+01   -0.1284792E+02    0.3832163E+01    0.5154158E+01   -0.1311657E+00   -0.2084612E+01    0.1062438E+00    0.2488105E+01    0.1713917E+02    0.2568884E+02    0.8070873E-04   -0.3301444E-04   -0.1063678E-03   -0.1944328E-03    0.1707760E-02   -0.2956305E-02    0.2945366E-02    0.1087516E-02    0.2039267E-02    0.2783190E-04   -0.3607791E-02   -0.3355325E-02   -0.2819363E-04    0.2532192E-02
    0.2865505E-05    0.9635463E-04   -0.1850250E-04   -0.7690965E-03    0.3782125E-03   -0.1650182E-03    0.4104232E-03    0.4888899E-03   -0.1876863E+02    0.1139466E+00    0.2160552E+01   -0.1770732E+02    0.4138069E+01    0.5953560E+01    0.1567656E+02   -0.1726068E+01    0.1876849E+00    0.1680289E+01    0.2568884E+02    0.5458211E+02    0.3243175E-04    0.2617011E-03    0.7939882E-03    0.2900812E-03    0.1236239E-02   -0.4222921E-02    0.4654579E-02    0.1747059E-02    0.2743202E-02    0.3499645E-02   -0.4631080E-02   -0.1228330E-01    0.3756962E-04    0.4488235E-02
    0.4931483E-07   -0.7015501E-06    0.5810381E-07    0.2065382E-05   -0.1087167E-05    0.3135460E-05    0.3163670E-05    0.6058918E-06   -0.2882438E-03    0.2596182E-05    0.3387464E-03   -0.4954308E-02   -0.1038788E-02    0.6568876E-03    0.7647685E-03   -0.5501202E-03    0.6101906E-04    0.8720743E-04    0.8070873E-04    0.3243175E-04    0.3140322E-04    0.8598426E-05    0.7529731E-06    0.3022288E-05    0.2356227E-05   -0.3996755E-05    0.3096087E-06    0.3178888E-06   -0.1256582E-05   -0.4295739E-05   -0.3812916E-05   -0.1195555E-04   -0.5276092E-07   -0.5016174E-07
    0.7242979E-07   -0.8701082E-06    0.7999623E-07    0.1864548E-05   -0.1719199E-05    0.2228695E-05    0.3628862E-05    0.4778022E-06   -0.9732276E-03    0.5537936E-05    0.2518279E-03   -0.3922173E-02   -0.1086244E-02    0.6001163E-03    0.1710010E-02   -0.5146457E-03    0.1243133E-03   -0.2409364E-04   -0.3301444E-04    0.2617011E-03    0.8598426E-05    0.2488153E-04    0.1816905E-05    0.1189502E-04    0.1983141E-05   -0.5996030E-05   -0.1463136E-05   -0.4472127E-06   -0.1004520E-05   -0.4191968E-05    0.6171117E-06   -0.1169428E-04   -0.1829955E-07   -0.1255627E-06
    0.1613224E-07    0.1631334E-06   -0.1923100E-07   -0.7693902E-05   -0.2721584E-05   -0.1460113E-04   -0.1948099E-05    0.3538375E-07   -0.1093382E-04   -0.7792948E-04   -0.1856444E-03    0.3546856E-02   -0.2989356E-03   -0.1227552E-02   -0.2191355E-04    0.2967069E-03   -0.5218446E-03   -0.3105335E-03   -0.1063678E-03    0.7939882E-03    0.7529731E-06    0.1816905E-05    0.1038474E-02    0.1748438E-05    0.5786119E-05    0.2099409E-04   -0.8323962E-05    0.5331172E-05    0.1228444E-04    0.5057060E-05   -0.2064935E-04   -0.1689436E-04    0.1179922E-06   -0.7163045E-07
    0.7561283E-07   -0.9197516E-06    0.5785151E-07    0.2792618E-05   -0.1396883E-05    0.5288009E-05    0.3875629E-05    0.1212931E-05   -0.1204713E-02    0.4079600E-04    0.9033279E-04   -0.3806184E-02   -0.1183292E-02    0.7071294E-03    0.1385768E-02   -0.1201420E-03   -0.2857046E-04    0.4526217E-05   -0.1944328E-03    0.2900812E-03    0.3022288E-05    0.1189502E-04    0.1748438E-05    0.4692931E-04    0.4151381E-05   -0.1666268E-05    0.2635361E-05    0.1843677E-05   -0.3217367E-05   -0.2000534E-05   -0.1361639E-05   -0.1968930E-04   -0.1347554E-06   -0.9847084E-07
    0.1341263E-06   -0.6991244E-06    0.2210131E-06    0.9312117E-05    0.5961916E-06    0.1737467E-04    0.3687198E-05    0.1017531E-05    0.8608475E-03    0.7405137E-04    0.2016739E-03   -0.3128374E-02    0.1113284E-02    0.2317374E-02   -0.5386127E-03   -0.9782558E-04   -0.3559778E-04    0.1121653E-03    0.1707760E-02    0.1236239E-02    0.2356227E-05    0.1983141E-05    0.5786119E-05    0.4151381E-05    0.2166103E-02    0.4356624E-04   -0.8319102E-05    0.1702714E-04   -0.1564050E-04    0.2642446E-04   -0.2953430E-04   -0.2611725E-04    0.5666251E-06    0.3775899E-06
    0.2761582E-06   -0.9247087E-07    0.2154465E-06   -0.1131508E-04    0.5205952E-05   -0.2011619E-04    0.6438563E-06   -0.2451215E-07    0.4010022E-02    0.4577490E-03   -0.2086962E-02    0.7746632E-02    0.7347144E-02    0.9168059E-02   -0.5298714E-02   -0.4755610E-03    0.1327443E-04   -0.1553435E-02   -0.2956305E-02   -0.4222921E-02   -0.3996755E-05   -0.5996030E-05    0.2099409E-04   -0.1666268E-05    0.4356624E-04    0.1662185E-01    0.4918804E-04    0.1891944E-04    0.7114824E-06   -0.4839513E-04   -0.8317990E-04   -0.1703618E-03    0.1628372E-06    0.1143925E-05
   -0.1035146E-06    0.8812205E-06   -0.9187670E-07   -0.1151338E-04   -0.2915080E-05   -0.1948423E-04   -0.1057166E-05    0.8601947E-06   -0.1426362E-03   -0.2302213E-04    0.8493868E-03    0.3545613E-02    0.6864033E-03    0.2092938E-02    0.1921941E-02   -0.1070349E-02   -0.3851005E-03    0.1798675E-03    0.2945366E-02    0.4654579E-02    0.3096087E-06   -0.1463136E-05   -0.8323962E-05    0.2635361E-05   -0.8319102E-05    0.4918804E-04    0.1458996E-02    0.3004729E-03    0.8750760E-04   -0.3803806E-03   -0.1373984E-03   -0.2358703E-03    0.3841550E-06    0.5260275E-06
   -0.8138584E-07    0.3019772E-06   -0.7860589E-07   -0.6740149E-05   -0.9951127E-06   -0.1329306E-04   -0.1617387E-05   -0.1851702E-06    0.1946980E-02    0.3123789E-04   -0.1558686E-03    0.5678807E-02    0.3599046E-02    0.1325164E-02   -0.2495506E-02   -0.4907790E-04    0.1529251E-03   -0.2647507E-03    0.1087516E-02    0.1747059E-02    0.3178888E-06   -0.4472127E-06    0.5331172E-05    0.1843677E-05    0.1702714E-04    0.1891944E-04    0.3004729E-03    0.8485262E-03    0.1450441E-04    0.7316386E-03    0.4407937E-04   -0.6990863E-03   -0.1168619E-06    0.3327323E-06
   -0.2076109E-06    0.1079103E-05   -0.3485250E-06   -0.4422689E-05    0.2985927E-05   -0.1442936E-05   -0.5858645E-06    0.1890125E-05   -0.1394657E-02   -0.9186309E-04    0.2495168E-02   -0.2511930E-01   -0.3357639E-02    0.5932989E-02    0.6652904E-02   -0.2936932E-02    0.2257014E-02    0.7523559E-03    0.2039267E-02    0.2743202E-02   -0.1256582E-05   -0.1004520E-05    0.1228444E-04   -0.3217367E-05   -0.1564050E-04    0.7114824E-06    0.8750760E-04    0.1450441E-04    0.7227057E-02   -0.3425185E-03    0.7779470E-03    0.4698406E-02    0.4066966E-06    0.2819884E-06
   -0.3103157E-06    0.2189795E-05   -0.3785686E-06   -0.1780065E-04    0.1782094E-05   -0.3092647E-04   -0.7671282E-05   -0.1665029E-06   -0.6611916E-03    0.1104397E-04   -0.1120426E-02    0.2531506E-01    0.8948707E-02    0.4335189E-02    0.4586131E-02    0.8910275E-04   -0.4481710E-03   -0.4075123E-03    0.2783190E-04    0.3499645E-02   -0.4295739E-05   -0.4191968E-05    0.5057060E-05   -0.2000534E-05    0.2642446E-04   -0.4839513E-04   -0.3803806E-03    0.7316386E-03   -0.3425185E-03    0.2866291E-02    0.4656175E-03   -0.7948855E-03    0.1366441E-07    0.1920122E-06
   -0.4324411E-06    0.2697759E-05   -0.4005282E-06   -0.9728891E-05    0.1803213E-05   -0.1158862E-04   -0.6317006E-05    0.9388079E-06   -0.5934537E-02    0.1317282E-03   -0.4622307E-04    0.3050508E-02    0.7978192E-02    0.1293643E-01    0.2006356E-01   -0.1110156E-02   -0.2250519E-02   -0.1213492E-02   -0.3607791E-02   -0.4631080E-02   -0.3812916E-05    0.6171117E-06   -0.2064935E-04   -0.1361639E-05   -0.2953430E-04   -0.8317990E-04   -0.1373984E-03    0.4407937E-04    0.7779470E-03    0.4656175E-03    0.6393324E-02    0.7571659E-02   -0.1360241E-06   -0.1598807E-05
   -0.2312092E-05    0.1618744E-04   -0.2021020E-05   -0.6713423E-04    0.1481931E-04   -0.5172708E-04   -0.3363729E-04    0.2695206E-04    0.1233316E-01    0.2757215E-03    0.2089903E-02   -0.3255218E-01    0.2870636E-01    0.3029346E-01    0.1179792E-01    0.1070746E-02   -0.4845245E-02   -0.6013227E-02   -0.3355325E-02   -0.1228330E-01   -0.1195555E-04   -0.1169428E-04   -0.1689436E-04   -0.1968930E-04   -0.2611725E-04   -0.1703618E-03   -0.2358703E-03   -0.6990863E-03    0.4698406E-02   -0.7948855E-03    0.7571659E-02    0.6448322E-01   -0.1310062E-05   -0.3670914E-05
    0.5147235E-08   -0.1440109E-07    0.7632278E-09    0.3711932E-07    0.1932903E-07    0.2147370E-06   -0.1245370E-06   -0.3567150E-07   -0.2829906E-03    0.5337622E-05    0.1733041E-03    0.6119373E-02    0.6486669E-04    0.6744438E-03    0.7063129E-03   -0.1335300E-03    0.2993314E-03   -0.2863180E-03   -0.2819363E-04    0.3756962E-04   -0.5276092E-07   -0.1829955E-07    0.1179922E-06   -0.1347554E-06    0.5666251E-06    0.1628372E-06    0.3841550E-06   -0.1168619E-06    0.4066966E-06    0.1366441E-07   -0.1360241E-06   -0.1310062E-05    0.6044599E-06   -0.6013898E-08
   -0.1431760E-07    0.1010539E-06   -0.4514702E-08   -0.8852433E-06    0.9126279E-07   -0.1675015E-05   -0.5947040E-06   -0.3668655E-07    0.4550741E-02   -0.2201912E-04   -0.3397665E-03    0.3807690E-02   -0.1093997E-04   -0.2779878E-02   -0.7992598E-02    0.1682618E-03    0.1086686E-04   -0.2094993E-03    0.2532192E-02    0.4488235E-02   -0.5016174E-07   -0.1255627E-06   -0.7163045E-07   -0.9847084E-07    0.3775899E-06    0.1143925E-05    0.5260275E-06    0.3327323E-06    0.2819884E-06    0.1920122E-06   -0.1598807E-05   -0.3670914E-05   -0.6013898E-08    0.2129718E-05
