# omegabh2 omegach2 theta tau nnu logA ns calPlanck acib217 xi asz143 aps100 aps143 aps143217 aps217 aksz kgal100 kgal143 kgal143217 kgal217 cal0 cal2
    0.5542571E-07    0.4167317E-06   -0.2535086E-07    0.6476920E-06    0.3025730E-04    0.2466753E-05    0.1263879E-05    0.1269165E-08    0.3281243E-04   -0.1162708E-05    0.1257615E-04   -0.4630873E-04   -0.8109786E-04   -0.2456579E-04   -0.3180110E-04   -0.5136271E-06    0.6611435E-05    0.5709778E-05   -0.1278366E-04   -0.3012049E-04    0.3176438E-09    0.5161407E-08
    0.4167317E-06    0.1500848E-04   -0.1418401E-05    0.1031264E-05    0.8425850E-03    0.3976508E-04    0.2371736E-04   -0.1510957E-06    0.4835083E-02   -0.8523999E-04   -0.1038618E-02    0.2028282E-01    0.1046310E-01    0.2869260E-02   -0.9112159E-03    0.1750390E-02    0.3182112E-04    0.2952831E-03    0.5929018E-03   -0.3658643E-03   -0.6645099E-07    0.4432163E-06
   -0.2535086E-07   -0.1418401E-05    0.3064295E-06   -0.7273755E-07   -0.8484644E-04   -0.3528333E-05   -0.2364953E-05    0.3771628E-08   -0.5093546E-03    0.8340820E-05    0.1174899E-03   -0.2173905E-02   -0.1128111E-02   -0.3049220E-03    0.1026672E-03   -0.1756196E-03   -0.1307578E-04   -0.3959391E-04   -0.6644183E-04    0.2463468E-04    0.7712209E-08   -0.4170601E-07
    0.6476920E-06    0.1031264E-05   -0.7273755E-07    0.1369775E-03    0.2413102E-03    0.2751986E-03    0.2177466E-04   -0.6821073E-06   -0.4139924E-02    0.9423449E-04    0.1472497E-02   -0.2149429E-01   -0.9179229E-02    0.9997009E-03    0.2488922E-02   -0.2137765E-02    0.9056132E-05    0.1694244E-03   -0.2254665E-04    0.9634387E-03   -0.5598208E-09   -0.3983094E-06
    0.3025730E-04    0.8425850E-03   -0.8484644E-04    0.2413102E-03    0.5299014E-01    0.2609132E-02    0.1710739E-02   -0.7619756E-05    0.2950868E+00   -0.5226528E-02   -0.6356346E-01    0.1255564E+01    0.6312451E+00    0.1699437E+00   -0.6020749E-01    0.1083405E+00    0.3768658E-02    0.1595980E-01    0.3202719E-01   -0.2636255E-01   -0.2929358E-05    0.2827151E-04
    0.2466753E-05    0.3976508E-04   -0.3528333E-05    0.2751986E-03    0.2609132E-02    0.6761050E-03    0.1021913E-03    0.1034021E-04    0.4017937E-02    0.2768506E-05    0.6176006E-03    0.9606054E-02    0.8768659E-02    0.1208356E-01    0.8347692E-02   -0.1070291E-02   -0.3228303E-03    0.6153447E-03    0.1201138E-02    0.2531032E-02    0.1029911E-06    0.2363498E-06
    0.1263879E-05    0.2371736E-04   -0.2364953E-05    0.2177466E-04    0.1710739E-02    0.1021913E-03    0.7403667E-04   -0.5102596E-07    0.4568542E-02   -0.4568105E-04   -0.7918377E-03    0.1462353E-01    0.1380867E-01    0.8822868E-02    0.4189012E-02    0.8129089E-03    0.4300265E-03    0.3067591E-03    0.5053595E-03   -0.3077203E-03   -0.2618975E-06    0.5771302E-06
    0.1269165E-08   -0.1510957E-06    0.3771628E-08   -0.6821073E-06   -0.7619756E-05    0.1034021E-04   -0.5102596E-07    0.6010308E-05    0.9345001E-03   -0.1361496E-04    0.1309356E-03    0.2011890E-02   -0.1184128E-04    0.1404503E-03    0.9356433E-03   -0.1478636E-03   -0.5866138E-04    0.7556564E-04    0.8990977E-04    0.7179518E-03   -0.6583650E-08   -0.1837507E-07
    0.3281243E-04    0.4835083E-02   -0.5093546E-03   -0.4139924E-02    0.2950868E+00    0.4017937E-02    0.4568542E-02    0.9345001E-03    0.4395572E+02   -0.5351903E+00   -0.1838066E+01    0.4772656E+02    0.2414453E+01   -0.2077981E+02   -0.5998197E+02    0.1110955E+01    0.1048134E+00   -0.3544898E-01   -0.2053145E+01   -0.1864180E+02   -0.1742160E-03    0.4314970E-02
   -0.1162708E-05   -0.8523999E-04    0.8340820E-05    0.9423449E-04   -0.5226528E-02    0.2768506E-05   -0.4568105E-04   -0.1361496E-04   -0.5351903E+00    0.8255000E-01   -0.6412189E-01   -0.6569931E+00    0.9691184E+00    0.1869750E+01    0.7727835E+00    0.5101057E-01   -0.5632331E-02    0.1167887E-02    0.1122295E+00    0.1461583E+00    0.1070851E-04   -0.1914783E-04
    0.1257615E-04   -0.1038618E-02    0.1174899E-03    0.1472497E-02   -0.6356346E-01    0.6176006E-03   -0.7918377E-03    0.1309356E-03   -0.1838066E+01   -0.6412189E-01    0.3780960E+01   -0.2979683E+02   -0.4552739E+01    0.7696962E+01    0.6785516E+01   -0.2940996E+01   -0.4922104E-01    0.9065228E-01    0.2302547E+01    0.2102633E+01    0.1693626E-03   -0.3507444E-03
   -0.4630873E-04    0.2028282E-01   -0.2173905E-02   -0.2149429E-01    0.1255564E+01    0.9606054E-02    0.1462353E-01    0.2011890E-02    0.4772656E+02   -0.6569931E+00   -0.2979683E+02    0.7842421E+03    0.8235202E+02   -0.5624886E+02   -0.6965122E+02    0.1630113E+02   -0.4251122E+01    0.3819955E+01   -0.1043889E+02   -0.1736834E+02    0.6001556E-02    0.4328248E-02
   -0.8109786E-04    0.1046310E-01   -0.1128111E-02   -0.9179229E-02    0.6312451E+00    0.8768659E-02    0.1380867E-01   -0.1184128E-04    0.2414453E+01    0.9691184E+00   -0.4552739E+01    0.8235202E+02    0.7085538E+02    0.4856162E+02    0.2047781E+02   -0.3484527E+01   -0.1972082E+00   -0.7794119E+00    0.4374420E+01    0.3848047E+01    0.6565051E-04    0.1370764E-03
   -0.2456579E-04    0.2869260E-02   -0.3049220E-03    0.9997009E-03    0.1699437E+00    0.1208356E-01    0.8822868E-02    0.1404503E-03   -0.2077981E+02    0.1869750E+01    0.7696962E+01   -0.5624886E+02    0.4856162E+02    0.1015558E+03    0.6913178E+02   -0.1263803E+02   -0.3053899E+00   -0.1194390E+00    0.5673623E+01    0.6377276E+01    0.7439091E-03   -0.2587835E-02
   -0.3180110E-04   -0.9112159E-03    0.1026672E-03    0.2488922E-02   -0.6020749E-01    0.8347692E-02    0.4189012E-02    0.9356433E-03   -0.5998197E+02    0.7727835E+00    0.6785516E+01   -0.6965122E+02    0.2047781E+02    0.6913178E+02    0.1216854E+03   -0.1138816E+02   -0.2680218E+00    0.8750872E-01    0.2242260E+00    0.1541656E+02    0.5564884E-03   -0.7549164E-02
   -0.5136271E-06    0.1750390E-02   -0.1756196E-03   -0.2137765E-02    0.1083405E+00   -0.1070291E-02    0.8129089E-03   -0.1478636E-03    0.1110955E+01    0.5101057E-01   -0.2940996E+01    0.1630113E+02   -0.3484527E+01   -0.1263803E+02   -0.1138816E+02    0.6700773E+01   -0.8074714E-02   -0.1256324E+00   -0.2014222E+01   -0.1757568E+01   -0.1211200E-03    0.2393677E-03
    0.6611435E-05    0.3182112E-04   -0.1307578E-04    0.9056132E-05    0.3768658E-02   -0.3228303E-03    0.4300265E-03   -0.5866138E-04    0.1048134E+00   -0.5632331E-02   -0.4922104E-01   -0.4251122E+01   -0.1972082E+00   -0.3053899E+00   -0.2680218E+00   -0.8074714E-02    0.3489523E+01    0.4267616E+00    0.2583425E+00    0.3319680E+00    0.3189994E-03    0.3140613E-04
    0.5709778E-05    0.2952831E-03   -0.3959391E-04    0.1694244E-03    0.1595980E-01    0.6153447E-03    0.3067591E-03    0.7556564E-04   -0.3544898E-01    0.1167887E-02    0.9065228E-01    0.3819955E+01   -0.7794119E+00   -0.1194390E+00    0.8750872E-01   -0.1256324E+00    0.4267616E+00    0.3407879E+01    0.2740569E+01    0.1996656E+01   -0.2834296E-03   -0.2172175E-03
   -0.1278366E-04    0.5929018E-03   -0.6644183E-04   -0.2254665E-04    0.3202719E-01    0.1201138E-02    0.5053595E-03    0.8990977E-04   -0.2053145E+01    0.1122295E+00    0.2302547E+01   -0.1043889E+02    0.4374420E+01    0.5673623E+01    0.2242260E+00   -0.2014222E+01    0.2583425E+00    0.2740569E+01    0.1746963E+02    0.2620099E+02   -0.1804411E-04    0.2578522E-02
   -0.3012049E-04   -0.3658643E-03    0.2463468E-04    0.9634387E-03   -0.2636255E-01    0.2531032E-02   -0.3077203E-03    0.7179518E-03   -0.1864180E+02    0.1461583E+00    0.2102633E+01   -0.1736834E+02    0.3848047E+01    0.6377276E+01    0.1541656E+02   -0.1757568E+01    0.3319680E+00    0.1996656E+01    0.2620099E+02    0.5531282E+02    0.1202089E-04    0.4642894E-02
    0.3176438E-09   -0.6645099E-07    0.7712209E-08   -0.5598208E-09   -0.2929358E-05    0.1029911E-06   -0.2618975E-06   -0.6583650E-08   -0.1742160E-03    0.1070851E-04    0.1693626E-03    0.6001556E-02    0.6565051E-04    0.7439091E-03    0.5564884E-03   -0.1211200E-03    0.3189994E-03   -0.2834296E-03   -0.1804411E-04    0.1202089E-04    0.6168106E-06    0.1741418E-07
    0.5161407E-08    0.4432163E-06   -0.4170601E-07   -0.3983094E-06    0.2827151E-04    0.2363498E-06    0.5771302E-06   -0.1837507E-07    0.4314970E-02   -0.1914783E-04   -0.3507444E-03    0.4328248E-02    0.1370764E-03   -0.2587835E-02   -0.7549164E-02    0.2393677E-03    0.3140613E-04   -0.2172175E-03    0.2578522E-02    0.4642894E-02    0.1741418E-07    0.2080643E-05
