# Alens logA ns ombh2 omch2 tau theta_MC_100 A_planck calEE
4.718804198229598068e-02 2.028695778261040204e-04 1.363800264542193138e-03 8.102170963001122919e-05 -3.682662567955968997e-04 5.352151841135432226e-05 1.392294965340485522e-05 -6.817378665853155459e-07 -7.974233611391669772e-05
2.028695778261040204e-04 4.913671586534725617e-04 3.213888643460394509e-05 8.765482717475427802e-06 -1.032046864843636205e-05 1.390064134709539576e-04 -3.249171560546577064e-08 1.417293922741690577e-07 8.601736133247738002e-05
1.363800264542193138e-03 3.213888643460394509e-05 2.097821762679566297e-04 8.519336401497691274e-06 -4.856719078200966763e-05 3.186409729820761596e-05 3.892131359115146835e-06 -7.296640046385787241e-07 -7.529440290262251673e-07
8.102170963001122919e-05 8.765482717475427802e-06 8.519336401497691274e-06 1.111245330540272503e-06 -3.617743959819349802e-06 1.985223918379731444e-06 2.145247001119798407e-07 -3.402962154066068945e-08 -3.816834129200631779e-08
-3.682662567955968997e-04 -1.032046864843636205e-05 -4.856719078200966763e-05 -3.617743959819349802e-06 1.818197891222981475e-05 -9.425246522537523693e-06 -1.192124695286076373e-06 1.740876406815134793e-07 6.167039789283092666e-08
5.352151841135432226e-05 1.390064134709539576e-04 3.186409729820761596e-05 1.985223918379731444e-06 -9.425246522537523693e-06 6.980868044423063038e-05 7.069578872264593244e-07 -9.219186143170259175e-08 5.710628196037476560e-07
1.392294965340485522e-05 -3.249171560546577064e-08 3.892131359115146835e-06 2.145247001119798407e-07 -1.192124695286076373e-06 7.069578872264593244e-07 5.849276241054743899e-07 -8.035078728256801497e-09 7.193651746773676743e-08
-6.817378665853144871e-07 1.417293922741690577e-07 -7.296640046385787241e-07 -3.402962154066068945e-08 1.740876406815134793e-07 -9.219186143170259175e-08 -8.035078728256801497e-09 6.175363429103331661e-06 2.103686759300588338e-07
-7.974233611391668417e-05 8.601736133247738002e-05 -7.529440290262251673e-07 -3.816834129200631779e-08 6.167039789283092666e-08 5.710628196037476560e-07 7.193651746773676743e-08 2.103686759300588338e-07 8.493490251304308333e-05
