# omegabh2 omegach2 theta tau logA ns nrun r calPlanck BBdust BBsync BBalphadust BBbetadust BBalphasync BBbetasync BBdustsynccorr acib217 xi asz143 aps100 aps143 aps143217 aps217 aksz kgal100 kgal143 kgal143217 kgal217 cal0 cal2
  4.5838707E-08  -4.0870067E-08   2.5953864E-08   4.1686296E-07   1.0390569E-06   1.6212773E-07  -7.3360197E-07   3.6833248E-07   1.7068125E-08  -1.7207054E-06  -2.2659260E-06   1.0021350E-06   3.5330426E-08   6.0462074E-07  -7.5979932E-07   2.4773434E-07  -3.2991218E-05  -3.4596165E-07   1.7701435E-05  -3.1896240E-04  -2.5931794E-04  -1.5917761E-04  -1.1095127E-04  -1.7388232E-05   1.1949612E-05   9.1048356E-06   3.3047870E-06   1.1402108E-05   1.9675325E-10  -1.1953783E-10
 -4.0870067E-08   1.1805018E-06  -4.4527140E-08  -2.8492165E-06  -3.2881955E-06  -2.5706481E-06  -2.7044765E-07  -1.3495893E-06  -2.2007198E-07  -5.7385353E-06  -4.5446018E-06  -4.0001631E-06   8.1244835E-07   9.2695100E-08   2.8698853E-07   4.9678007E-06   6.1456135E-05   2.4294804E-06  -2.6822744E-05   4.1930373E-04   5.0683144E-04   3.1444618E-04   1.0795641E-04   8.0230053E-05   2.8368729E-05   2.1318757E-05   4.2520296E-05   2.1541612E-05  -9.2683554E-09  -4.4987869E-09
  2.5953864E-08  -4.4527140E-08   1.7838326E-07   3.3437279E-07   8.6968306E-07   3.4183521E-07  -2.0018428E-07   6.1872853E-08   2.7249056E-08  -1.2170902E-06  -1.3822486E-05   5.2937192E-07   6.6079278E-08   9.0059954E-07   5.2623781E-07   1.1713766E-06   2.1794626E-05  -4.1851139E-07  -1.2021534E-05  -3.6341591E-05  -3.9189347E-05  -6.8916475E-05  -6.3284283E-05   9.6665878E-06   4.7742543E-06   7.0777554E-06  -2.0363026E-06  -4.8887979E-06  -3.9716391E-10   5.9864709E-09
  4.1686296E-07  -2.8492165E-06   3.3437279E-07   5.9394903E-05   1.1170284E-04   7.9826169E-06  -1.4162878E-05   5.5457506E-06  -1.2273579E-06   6.4888151E-06  -2.3734673E-05  -3.9558984E-05   2.3117528E-05  -7.2300921E-06  -2.9577469E-05  -4.3273594E-05   2.8688578E-04  -1.8195720E-05  -5.3614776E-05  -3.2179413E-04  -1.8685942E-03  -2.3133353E-03  -2.2483651E-03   2.1169076E-04   4.7086748E-05   1.8160871E-04   7.2553194E-05  -4.0297203E-04  -3.5992564E-08   3.8840432E-10
  1.0390569E-06  -3.2881955E-06   8.6968306E-07   1.1170284E-04   2.4502302E-04   7.5725871E-06  -4.1532765E-05   8.9577057E-06   9.2350981E-06  -4.5839440E-05  -9.8366018E-05  -9.4966053E-05   6.0280869E-05  -2.9174288E-06  -4.7285925E-05  -5.9829422E-05   1.7947057E-03  -4.6523228E-05  -6.4590431E-04   1.1221956E-02   1.4091454E-03  -2.0973923E-03   5.8065278E-05   7.1186613E-04   5.5167508E-05   4.2063808E-05  -1.4328748E-04   6.2330962E-04   1.0080049E-07  -9.7631982E-09
  1.6212773E-07  -2.5706481E-06   3.4183521E-07   7.9826169E-06   7.5725871E-06   1.7889252E-05   7.3415706E-06   5.0744917E-06   5.6715977E-07   4.5701705E-05  -3.2891182E-05   9.5045781E-06   3.2952341E-07  -7.6173922E-06  -8.4861040E-06  -1.9991962E-05  -5.4684490E-03   9.2908895E-05   1.3610755E-03  -2.8918673E-02  -9.5295897E-03   8.6949227E-04   5.5377606E-03  -3.1801042E-03   2.6287000E-04  -4.0156320E-04  -3.4388295E-04   1.6821077E-03  -1.0065367E-07  -5.7364276E-08
 -7.3360197E-07  -2.7044765E-07  -2.0018428E-07  -1.4162878E-05  -4.1532765E-05   7.3415706E-06   5.7507198E-05  -2.4453231E-05   2.7639177E-07   6.1071464E-05   3.8968773E-05   5.4852119E-07  -2.3323809E-05  -1.2924413E-05  -2.9857090E-07   5.3421870E-06  -6.8245497E-03   1.5116580E-04   1.8206625E-03  -3.0295640E-02  -1.2980334E-02   6.7782541E-04   5.3783532E-03  -3.5944035E-03  -5.4355263E-04  -1.0015085E-03  -8.9308131E-04   1.4807985E-03  -7.4656923E-08  -1.0837996E-07
  3.6833248E-07  -1.3495893E-06   6.1872853E-08   5.5457506E-06   8.9577057E-06   5.0744917E-06  -2.4453231E-05   3.6682094E-04  -1.1308176E-06  -3.5458407E-04  -9.6616509E-04  -8.3074993E-05   3.4230427E-04  -3.8161509E-05  -1.7500512E-04  -9.1127960E-04   1.7486916E-03  -4.8589372E-05   9.7150836E-05   5.0222088E-03   2.2768964E-03  -6.0139665E-04  -1.7078248E-03   6.3360346E-04  -2.8312790E-04   3.8601855E-04   1.0134063E-03  -6.1768440E-05   1.7135654E-09  -6.9814707E-08
  1.7068125E-08  -2.2007198E-07   2.7249056E-08  -1.2273579E-06   9.2350981E-06   5.6715977E-07   2.7639177E-07  -1.1308176E-06   6.1136882E-06  -1.0240960E-05  -1.1383723E-05  -3.4528454E-06   3.4610899E-06   2.5668415E-06   1.0728506E-06   2.3734396E-06   5.2340323E-04  -1.1218540E-05  -3.1325769E-07   3.8669400E-03   2.7048982E-04   7.0599272E-05   1.2372033E-03   4.5085152E-05   4.5771995E-05  -2.5730420E-05  -3.9686825E-05   8.8429232E-04   1.6548858E-08  -2.6176610E-09
 -1.7207054E-06  -5.7385353E-06  -1.2170902E-06   6.4888151E-06  -4.5839440E-05   4.5701705E-05   6.1071464E-05  -3.5458407E-04  -1.0240960E-05   1.0654403E+00   9.8024087E-03  -1.2352052E-01   4.5907343E-02  -3.9079550E-03   2.9204714E-03  -7.8610998E-03   3.3533539E-02   4.3609251E-03   5.4804306E-03  -1.7460848E-02  -5.6739114E-03   6.2974224E-02   9.6078925E-03  -2.3218964E-02  -1.2619771E-02   1.2964083E-02   4.7430433E-02   4.1202596E-02   6.5435377E-07   1.6164099E-05
 -2.2659260E-06  -4.5446018E-06  -1.3822486E-05  -2.3734673E-05  -9.8366018E-05  -3.2891182E-05   3.8968773E-05  -9.6616509E-04  -1.1383723E-05   9.8024087E-03   1.1512195E+00  -4.0260034E-03  -2.8504642E-03   1.5308224E-02  -4.0702111E-02   4.4084435E-02  -3.8469598E-02   3.6374726E-03  -3.0348494E-02   4.8953656E-02   5.3707093E-02   9.6349033E-02   6.8321602E-02   3.0881071E-02   8.2213985E-03  -2.8700457E-02  -8.9490359E-02  -1.0948826E-01   1.0205214E-05  -3.6496532E-06
  1.0021350E-06  -4.0001631E-06   5.2937192E-07  -3.9558984E-05  -9.4966053E-05   9.5045781E-06   5.4852119E-07  -8.3074993E-05  -3.4528454E-06  -1.2352052E-01  -4.0260034E-03   6.0903244E-02  -9.8793181E-04   1.4664295E-03   5.8324166E-04  -9.5252946E-04  -1.0835184E-02  -9.2097161E-04  -3.5404276E-04  -2.4056764E-02   8.0196298E-03  -1.5119351E-02   9.4160673E-03   1.4183682E-03   6.2321900E-03  -3.1389703E-03  -2.1622354E-03   5.8810510E-04  -1.0099841E-06  -2.0825707E-06
  3.5330426E-08   8.1244835E-07   6.6079278E-08   2.3117528E-05   6.0280869E-05   3.2952341E-07  -2.3323809E-05   3.4230427E-04   3.4610899E-06   4.5907343E-02  -2.8504642E-03  -9.8793181E-04   9.3117978E-03   2.8808484E-04  -1.3600314E-03   1.0957006E-03   6.7462992E-03   1.8247274E-05  -3.7470440E-04   1.3419354E-02   2.4113146E-03  -5.8156310E-04  -2.5366106E-03  -1.0424470E-03  -4.2733295E-05   1.8013122E-03   5.7896366E-03   7.0473842E-03  -3.4892545E-07   9.6641101E-07
  6.0462074E-07   9.2695100E-08   9.0059954E-07  -7.2300921E-06  -2.9174288E-06  -7.6173922E-06  -1.2924413E-05  -3.8161509E-05   2.5668415E-06  -3.9079550E-03   1.5308224E-02   1.4664295E-03   2.8808484E-04   8.1559341E-02  -8.4310148E-04   1.8379881E-03  -1.7987319E-02   6.7742084E-04   6.0001153E-03  -4.9380745E-02   9.3077171E-03   2.1213354E-02   3.2604146E-02   1.0801223E-03  -1.9741427E-03   8.8517245E-04   5.2763266E-03   2.3254311E-03  -1.2254074E-06  -1.9463009E-06
 -7.5979932E-07   2.8698853E-07   5.2623781E-07  -2.9577469E-05  -4.7285925E-05  -8.4861040E-06  -2.9857090E-07  -1.7500512E-04   1.0728506E-06   2.9204714E-03  -4.0702111E-02   5.8324166E-04  -1.3600314E-03  -8.4310148E-04   7.3964886E-02  -4.5681979E-03   4.0394052E-03   7.1241416E-04  -3.9216449E-03   2.6377201E-02   2.5277745E-02   2.2236325E-02   1.9768542E-02  -5.7473013E-03  -4.7988224E-03  -6.8709375E-04  -1.2193722E-05   2.4719895E-03   1.7144431E-07   1.1805324E-07
  2.4773434E-07   4.9678007E-06   1.1713766E-06  -4.3273594E-05  -5.9829422E-05  -1.9991962E-05   5.3421870E-06  -9.1127960E-04   2.3734396E-06  -7.8610998E-03   4.4084435E-02  -9.5252946E-04   1.0957006E-03   1.8379881E-03  -4.5681979E-03   8.0220662E-02  -2.7364601E-02   8.2875902E-04  -3.8295664E-03   2.8295113E-02   7.7615484E-03   1.9747970E-02   4.7342333E-02   1.1781943E-03  -2.9334675E-03   4.2112469E-03  -3.2368728E-03   8.6148695E-03  -1.0149431E-06  -1.5292741E-06
 -3.2991218E-05   6.1456135E-05   2.1794626E-05   2.8688578E-04   1.7947057E-03  -5.4684490E-03  -6.8245497E-03   1.7486916E-03   5.2340323E-04   3.3533539E-02  -3.8469598E-02  -1.0835184E-02   6.7462992E-03  -1.7987319E-02   4.0394052E-03  -2.7364601E-02   4.5929365E+01  -4.0393098E-01  -1.0111518E+00   3.9692835E+01   3.8328658E+00  -1.2601610E+01  -5.5170661E+01   1.6189887E-01   1.3893421E-01   5.3235289E-01  -5.9899025E+00  -3.4499262E+01  -1.6850537E-04   7.3269844E-04
 -3.4596165E-07   2.4294804E-06  -4.1851139E-07  -1.8195720E-05  -4.6523228E-05   9.2908895E-05   1.5116580E-04  -4.8589372E-05  -1.1218540E-05   4.3609251E-03   3.6374726E-03  -9.2097161E-04   1.8247274E-05   6.7742084E-04   7.1241416E-04   8.2875902E-04  -4.0393098E-01   8.1346077E-02  -5.2259482E-02  -5.1532861E-01   8.7639036E-01   1.6092591E+00   6.3749833E-01   4.4913534E-02   1.3536285E-03   1.2267936E-02   8.4888988E-02   1.2268373E-01   2.3062777E-06  -2.3833319E-06
  1.7701435E-05  -2.6822744E-05  -1.2021534E-05  -5.3614776E-05  -6.4590431E-04   1.3610755E-03   1.8206625E-03   9.7150836E-05  -3.1325769E-07   5.4804306E-03  -3.0348494E-02  -3.5404276E-04  -3.7470440E-04   6.0001153E-03  -3.9216449E-03  -3.8295664E-03  -1.0111518E+00  -5.2259482E-02   4.1321754E+00  -3.2618514E+01  -3.9311950E+00   8.0295856E+00   5.6998085E+00  -3.2232930E+00  -1.6060725E-01   1.8845694E-01   2.8481912E+00   3.6723625E+00   1.1437734E-04  -4.6353642E-05
 -3.1896240E-04   4.1930373E-04  -3.6341591E-05  -3.2179413E-04   1.1221956E-02  -2.8918673E-02  -3.0295640E-02   5.0222088E-03   3.8669400E-03  -1.7460848E-02   4.8953656E-02  -2.4056764E-02   1.3419354E-02  -4.9380745E-02   2.6377201E-02   2.8295113E-02   3.9692835E+01  -5.1532861E-01  -3.2618514E+01   8.0518719E+02   7.9264800E+01  -5.4444287E+01  -6.2507217E+01   1.8540424E+01  -6.4669996E+00   5.2615517E+00  -1.4387300E+01  -2.9326213E+01   3.8245099E-03   4.5520139E-04
 -2.5931794E-04   5.0683144E-04  -3.9189347E-05  -1.8685942E-03   1.4091454E-03  -9.5295897E-03  -1.2980334E-02   2.2768964E-03   2.7048982E-04  -5.6739114E-03   5.3707093E-02   8.0196298E-03   2.4113146E-03   9.3077171E-03   2.5277745E-02   7.7615484E-03   3.8328658E+00   8.7639036E-01  -3.9311950E+00   7.9264800E+01   6.7754224E+01   4.1678502E+01   1.5242234E+01  -4.1620175E+00  -2.4353189E-01  -1.0692621E+00   3.3356729E+00   3.1829360E+00   9.4951982E-05   2.8696649E-05
 -1.5917761E-04   3.1444618E-04  -6.8916475E-05  -2.3133353E-03  -2.0973923E-03   8.6949227E-04   6.7782541E-04  -6.0139665E-04   7.0599272E-05   6.2974224E-02   9.6349033E-02  -1.5119351E-02  -5.8156310E-04   2.1213354E-02   2.2236325E-02   1.9747970E-02  -1.2601610E+01   1.6092591E+00   8.0295856E+00  -5.4444287E+01   4.1678502E+01   8.6591937E+01   5.5030585E+01  -1.3066035E+01  -5.9641244E-01  -5.2273829E-01   4.9550846E+00   8.2274460E+00   4.2096268E-04  -4.9960148E-04
 -1.1095127E-04   1.0795641E-04  -6.3284283E-05  -2.2483651E-03   5.8065278E-05   5.5377606E-03   5.3783532E-03  -1.7078248E-03   1.2372033E-03   9.6078925E-03   6.8321602E-02   9.4160673E-03  -2.5366106E-03   3.2604146E-02   1.9768542E-02   4.7342333E-02  -5.5170661E+01   6.3749833E-01   5.6998085E+00  -6.2507217E+01   1.5242234E+01   5.5030585E+01   1.0438628E+02  -1.0236713E+01  -5.5509114E-01  -1.1567989E+00   5.7300216E+00   3.4105127E+01   4.6263189E-04  -1.4249780E-03
 -1.7388232E-05   8.0230053E-05   9.6665878E-06   2.1169076E-04   7.1186613E-04  -3.1801042E-03  -3.5944035E-03   6.3360346E-04   4.5085152E-05  -2.3218964E-02   3.0881071E-02   1.4183682E-03  -1.0424470E-03   1.0801223E-03  -5.7473013E-03   1.1781943E-03   1.6189887E-01   4.4913534E-02  -3.2232930E+00   1.8540424E+01  -4.1620175E+00  -1.3066035E+01  -1.0236713E+01   6.9242774E+00   5.7265174E-02  -2.0324332E-01  -2.3367954E+00  -2.7261359E+00  -6.8069433E-05   3.9393295E-05
  1.1949612E-05   2.8368729E-05   4.7742543E-06   4.7086748E-05   5.5167508E-05   2.6287000E-04  -5.4355263E-04  -2.8312790E-04   4.5771995E-05  -1.2619771E-02   8.2213985E-03   6.2321900E-03  -4.2733295E-05  -1.9741427E-03  -4.7988224E-03  -2.9334675E-03   1.3893421E-01   1.3536285E-03  -1.6060725E-01  -6.4669996E+00  -2.4353189E-01  -5.9641244E-01  -5.5509114E-01   5.7265174E-02   3.3747525E+00   5.7053840E-01   3.4993390E-01   4.3694609E-01   1.7984301E-04   1.6280372E-05
  9.1048356E-06   2.1318757E-05   7.0777554E-06   1.8160871E-04   4.2063808E-05  -4.0156320E-04  -1.0015085E-03   3.8601855E-04  -2.5730420E-05   1.2964083E-02  -2.8700457E-02  -3.1389703E-03   1.8013122E-03   8.8517245E-04  -6.8709375E-04   4.2112469E-03   5.3235289E-01   1.2267936E-02   1.8845694E-01   5.2615517E+00  -1.0692621E+00  -5.2273829E-01  -1.1567989E+00  -2.0324332E-01   5.7053840E-01   3.1780546E+00   2.8378586E+00   2.9226951E+00  -1.7100363E-04  -3.0147960E-05
  3.3047870E-06   4.2520296E-05  -2.0363026E-06   7.2553194E-05  -1.4328748E-04  -3.4388295E-04  -8.9308131E-04   1.0134063E-03  -3.9686825E-05   4.7430433E-02  -8.9490359E-02  -2.1622354E-03   5.7896366E-03   5.2763266E-03  -1.2193722E-05  -3.2368728E-03  -5.9899025E+00   8.4888988E-02   2.8481912E+00  -1.4387300E+01   3.3356729E+00   4.9550846E+00   5.7300216E+00  -2.3367954E+00   3.4993390E-01   2.8378586E+00   1.1321138E+01   2.0285350E+01   1.8995641E-06   4.1957998E-04
  1.1402108E-05   2.1541612E-05  -4.8887979E-06  -4.0297203E-04   6.2330962E-04   1.6821077E-03   1.4807985E-03  -6.1768440E-05   8.8429232E-04   4.1202596E-02  -1.0948826E-01   5.8810510E-04   7.0473842E-03   2.3254311E-03   2.4719895E-03   8.6148695E-03  -3.4499262E+01   1.2268373E-01   3.6723625E+00  -2.9326213E+01   3.1829360E+00   8.2274460E+00   3.4105127E+01  -2.7261359E+00   4.3694609E-01   2.9226951E+00   2.0285350E+01   5.6032104E+01   9.4964058E-05   9.4596551E-04
  1.9675325E-10  -9.2683554E-09  -3.9716391E-10  -3.5992564E-08   1.0080049E-07  -1.0065367E-07  -7.4656923E-08   1.7135654E-09   1.6548858E-08   6.5435377E-07   1.0205214E-05  -1.0099841E-06  -3.4892545E-07  -1.2254074E-06   1.7144431E-07  -1.0149431E-06  -1.6850537E-04   2.3062777E-06   1.1437734E-04   3.8245099E-03   9.4951982E-05   4.2096268E-04   4.6263189E-04  -6.8069433E-05   1.7984301E-04  -1.7100363E-04   1.8995641E-06   9.4964058E-05   3.8049725E-07  -1.7038076E-09
 -1.1953783E-10  -4.4987869E-09   5.9864709E-09   3.8840432E-10  -9.7631982E-09  -5.7364276E-08  -1.0837996E-07  -6.9814707E-08  -2.6176610E-09   1.6164099E-05  -3.6496532E-06  -2.0825707E-06   9.6641101E-07  -1.9463009E-06   1.1805324E-07  -1.5292741E-06   7.3269844E-04  -2.3833319E-06  -4.6353642E-05   4.5520139E-04   2.8696649E-05  -4.9960148E-04  -1.4249780E-03   3.9393295E-05   1.6280372E-05  -3.0147960E-05   4.1957998E-04   9.4596551E-04  -1.7038076E-09   3.9308448E-07
