# omegabh2 omegach2 theta tau Alens logA ns calPlanck acib217 xi asz143 aps100 aps143 aps143217 aps217 aksz kgal100 kgal143 kgal143217 kgal217 galfTE100 galfTE100143 galfTE100217 galfTE143 galfTE143217 galfTE217 cal0 cal2
  2.0584819E-08  -7.8248818E-08   1.3199127E-08   7.3893813E-08   1.6194378E-06   4.5126300E-08   2.1592015E-07   1.0342220E-09  -7.9148104E-05   1.7991857E-06   1.9693703E-05  -4.0127043E-04  -1.9844389E-04  -6.2175609E-05  -6.9816356E-06  -3.4801797E-05   1.4537112E-06  -9.8593359E-06  -1.0331818E-05   1.0471526E-05  -5.6808743E-08  -1.0616792E-07  -1.1688020E-07  -1.7539082E-07  -5.6720063E-07  -2.3564387E-06   3.4949140E-09  -1.6940484E-09
 -7.8248818E-08   1.1285153E-06  -7.7766958E-08  -7.2390813E-07  -1.8552914E-05   1.2658526E-06  -2.7310479E-06   2.9634197E-09   1.7781853E-04   1.9117250E-07  -4.8222837E-05   1.1588393E-03   7.8411712E-04   5.3550697E-04   3.3132242E-04   1.0366907E-04  -4.5697384E-05   3.2359443E-05   2.0884650E-05  -5.2236888E-05   2.1334944E-07   2.2316194E-07   1.3235141E-06   1.9792378E-07   1.4214604E-06   1.2587983E-05  -1.0214150E-08   1.5495096E-09
  1.3199127E-08  -7.7766958E-08   8.4253299E-08  -8.7924221E-09   1.9490325E-06  -1.1420123E-07   3.1226966E-07  -3.5066723E-09  -6.9883761E-05   8.2962480E-07   4.0882716E-06  -2.1523353E-04  -5.9889624E-05  -5.6425865E-05  -1.1883645E-05   4.0736440E-07  -1.2269391E-05  -2.4328638E-05   4.3275810E-06   5.5369576E-05  -9.8984928E-08   7.6477906E-08  -1.3680922E-07  -2.2448835E-08  -6.6448408E-07  -1.8790050E-06   2.5380119E-10  -1.5142750E-09
  7.3893813E-08  -7.2390813E-07  -8.7924221E-09   7.0498751E-05  -1.2926854E-04   1.3768811E-04   3.2097844E-06  -4.9740356E-07  -1.2996512E-03  -1.1609532E-05   2.3211913E-05  -3.4279240E-03  -9.5357942E-04  -1.1177379E-03   2.4761843E-04  -4.4297404E-04   2.0961036E-05   2.8448343E-04   2.6471759E-04   1.0405820E-03  -2.0561990E-06   3.4108616E-06  -9.9298511E-06  -1.2048587E-06  -1.2337123E-05  -9.9550367E-05  -1.0159833E-07  -1.0117864E-07
  1.6194378E-06  -1.8552914E-05   1.9490325E-06  -1.2926854E-04   1.2755508E-03  -3.3185336E-04   5.0527511E-05  -1.3374116E-05  -6.7605346E-03   1.2771898E-04   2.9174572E-03  -4.4180511E-02  -2.3253512E-02  -9.9830023E-03  -9.0503065E-03  -3.6385667E-03   9.2347815E-04  -6.0835673E-04   1.4825014E-04  -7.7486196E-04  -3.8247959E-06  -4.2574368E-06   3.4437313E-05  -2.8669385E-06  -3.7229960E-05  -1.5072183E-04  -1.0304157E-09  -2.1386529E-07
  4.5126300E-08   1.2658526E-06  -1.1420123E-07   1.3768811E-04  -3.3185336E-04   3.0345339E-04  -1.4722637E-06   1.1623157E-05  -1.9469758E-03   5.1215966E-06   6.4582406E-05   2.2102850E-04   1.9401391E-03   1.6432035E-03   6.5928234E-03  -1.4036547E-03  -3.6988492E-04  -8.1230821E-05   3.0776267E-04   3.7309245E-03  -6.0839501E-06   9.5082579E-06  -2.9093389E-05   9.4024565E-07  -2.9040383E-05  -1.5225069E-04  -1.8037891E-08  -2.1447035E-07
  2.1592015E-07  -2.7310479E-06   3.1226966E-07   3.2097844E-06   5.0527511E-05  -1.4722637E-06   1.5639247E-05   2.9220964E-08  -4.6461990E-03   8.1898009E-05   9.3383471E-04  -2.4127380E-02  -6.6240514E-03   7.1579729E-04   4.2950837E-03  -2.1560514E-03   3.3304417E-04  -5.0240761E-04  -3.4244162E-04   1.4713360E-03  -1.3848545E-06  -3.4737049E-07  -1.0291093E-06  -1.6149598E-06  -3.5954250E-06  -4.1957833E-05  -1.1765238E-07  -7.0369336E-08
  1.0342220E-09   2.9634197E-09  -3.5066723E-09  -4.9740356E-07  -1.3374116E-05   1.1623157E-05   2.9220964E-08   6.3366921E-06   9.3994910E-04  -1.5850173E-05   6.8512512E-05   4.5901773E-03   9.4918403E-04   3.5417256E-04   1.1913052E-03  -6.1714379E-05  -3.1736959E-05  -9.8850141E-05   1.1243344E-04   9.5500477E-04  -1.0759558E-06   6.8357537E-07  -5.6332264E-06   1.8807122E-07  -2.7777458E-06   1.2173421E-05   3.0270148E-08   1.1920622E-08
 -7.9148104E-05   1.7781853E-04  -6.9883761E-05  -1.2996512E-03  -6.7605346E-03  -1.9469758E-03  -4.6461990E-03   9.3994910E-04   4.3911871E+01  -4.4027052E-01  -9.3766260E-01   3.7421748E+01   1.6144654E+00  -1.3567031E+01  -5.3314712E+01  -1.7867920E-01  -4.5483046E-02   2.8699023E-01  -6.2729279E+00  -3.3558142E+01  -4.3682456E-03  -1.7511642E-03  -3.0969457E-03  -1.4358772E-03   3.6809533E-03   1.9121614E-02  -1.0410773E-04   7.2543422E-04
  1.7991857E-06   1.9117250E-07   8.2962480E-07  -1.1609532E-05   1.2771898E-04   5.1215966E-06   8.1898009E-05  -1.5850173E-05  -4.4027052E-01   8.1391214E-02  -3.5909330E-02  -6.6183815E-01   9.2288280E-01   1.7456558E+00   7.1853255E-01   4.0882582E-02  -6.3231789E-04   8.6575348E-04   1.1121218E-01   1.6330755E-01  -1.1433801E-05   1.5564588E-04  -1.9949927E-04   3.2395310E-04   4.3013709E-04  -1.6585721E-03   4.4878495E-06  -2.2046848E-06
  1.9693703E-05  -4.8222837E-05   4.0882716E-06   2.3211913E-05   2.9174572E-03   6.4582406E-05   9.3383471E-04   6.8512512E-05  -9.3766260E-01  -3.5909330E-02   3.7144897E+00  -2.8533442E+01  -2.9431760E+00   7.3078339E+00   4.9839153E+00  -2.5565670E+00  -1.2557770E-01   1.4502216E-01   2.6857487E+00   3.4900218E+00   7.1799095E-04  -4.3277406E-04   2.9017006E-03  -1.8122208E-04  -7.1524462E-04  -1.1109661E-03   1.4059900E-04  -2.7097231E-05
 -4.0127043E-04   1.1588393E-03  -2.1523353E-04  -3.4279240E-03  -4.4180511E-02   2.2102850E-04  -2.4127380E-02   4.5901773E-03   3.7421748E+01  -6.6183815E-01  -2.8533442E+01   7.6606944E+02   6.6556974E+01  -5.2930951E+01  -5.7306740E+01   1.2356820E+01  -7.4944026E+00   6.6609333E+00  -1.0654611E+01  -2.5185009E+01   7.9887829E-04  -1.1271806E-03  -3.8864976E-02   2.3707973E-03  -1.9037022E-02   2.7117696E-02   3.3925932E-03   2.8929913E-04
 -1.9844389E-04   7.8411712E-04  -5.9889624E-05  -9.5357942E-04  -2.3253512E-02   1.9401391E-03  -6.6240514E-03   9.4918403E-04   1.6144654E+00   9.2288280E-01  -2.9431760E+00   6.6556974E+01   5.9088814E+01   3.9823581E+01   1.4979806E+01  -4.6657694E+00  -5.6760282E-01  -1.3305643E+00   3.5022294E+00   3.9837520E+00   1.3464865E-03   3.3810462E-03  -1.0421292E-03  -3.9372331E-03   5.6518857E-03   1.1686647E-02   1.6403675E-04   6.2226612E-05
 -6.2175609E-05   5.3550697E-04  -5.6425865E-05  -1.1177379E-03  -9.9830023E-03   1.6432035E-03   7.1579729E-04   3.5417256E-04  -1.3567031E+01   1.7456558E+00   7.3078339E+00  -5.2930951E+01   3.9823581E+01   8.4777695E+01   5.2222214E+01  -1.0987114E+01  -4.8545625E-01  -6.6965737E-01   5.1282625E+00   8.6125093E+00   4.6119500E-03   4.1158793E-03   7.6867087E-04   5.6874226E-03   1.6369377E-02   1.2994018E-02   4.7165904E-04  -3.6591670E-04
 -6.9816356E-06   3.3132242E-04  -1.1883645E-05   2.4761843E-04  -9.0503065E-03   6.5928234E-03   4.2950837E-03   1.1913052E-03  -5.3314712E+01   7.1853255E-01   4.9839153E+00  -5.7306740E+01   1.4979806E+01   5.2222214E+01   9.9284243E+01  -8.4617654E+00  -1.9267251E-01  -8.6581738E-01   5.9884763E+00   3.3278256E+01   1.0547319E-02   3.1041544E-03   1.6426698E-05  -1.1112935E-04   3.0406240E-03   2.0786999E-02   3.4074783E-04  -1.3442790E-03
 -3.4801797E-05   1.0366907E-04   4.0736440E-07  -4.4297404E-04  -3.6385667E-03  -1.4036547E-03  -2.1560514E-03  -6.1714379E-05  -1.7867920E-01   4.0882582E-02  -2.5565670E+00   1.2356820E+01  -4.6657694E+00  -1.0987114E+01  -8.4617654E+00   5.4239857E+00   3.6319201E-02  -2.4878424E-01  -2.0374406E+00  -2.2401546E+00  -9.7438097E-04   6.8239302E-04  -3.2088542E-03   2.2293859E-03   3.7253538E-04  -7.7716682E-03  -8.1257027E-05   2.4889591E-05
  1.4537112E-06  -4.5697384E-05  -1.2269391E-05   2.0961036E-05   9.2347815E-04  -3.6988492E-04   3.3304417E-04  -3.1736959E-05  -4.5483046E-02  -6.3231789E-04  -1.2557770E-01  -7.4944026E+00  -5.6760282E-01  -4.8545625E-01  -1.9267251E-01   3.6319201E-02   3.4333838E+00   5.7757857E-01   1.6049176E-01   2.7217530E-01  -1.4020198E-03  -5.7639087E-04  -8.5697630E-04  -1.1221915E-03  -2.8839249E-04  -8.9465853E-03   1.6686250E-04   1.9422549E-05
 -9.8593359E-06   3.2359443E-05  -2.4328638E-05   2.8448343E-04  -6.0835673E-04  -8.1230821E-05  -5.0240761E-04  -9.8850141E-05   2.8699023E-01   8.6575348E-04   1.4502216E-01   6.6609333E+00  -1.3305643E+00  -6.6965737E-01  -8.6581738E-01  -2.4878424E-01   5.7757857E-01   3.1325829E+00   2.6779862E+00   2.9286445E+00   2.4867574E-04  -8.6143178E-04   2.1781195E-03  -5.7135635E-04   2.8019951E-04   8.3384509E-03  -1.9740651E-04  -2.5499178E-05
 -1.0331818E-05   2.0884650E-05   4.3275810E-06   2.6471759E-04   1.4825014E-04   3.0776267E-04  -3.4244162E-04   1.1243344E-04  -6.2729279E+00   1.1121218E-01   2.6857487E+00  -1.0654611E+01   3.5022294E+00   5.1282625E+00   5.9884763E+00  -2.0374406E+00   1.6049176E-01   2.6779862E+00   1.0798481E+01   1.9515009E+01   1.6546427E-03  -3.3110448E-04   7.0194356E-03  -1.6260880E-03  -2.3658327E-03   1.0446360E-02   1.2626895E-05   4.1373361E-04
  1.0471526E-05  -5.2236888E-05   5.5369576E-05   1.0405820E-03  -7.7486196E-04   3.7309245E-03   1.4713360E-03   9.5500477E-04  -3.3558142E+01   1.6330755E-01   3.4900218E+00  -2.5185009E+01   3.9837520E+00   8.6125093E+00   3.3278256E+01  -2.2401546E+00   2.7217530E-01   2.9286445E+00   1.9515009E+01   5.4007788E+01   3.0853823E-03   1.0200086E-03   1.3667519E-02   9.1613245E-04  -7.3788265E-03   8.9710027E-03   8.5681251E-05   9.0591185E-04
 -5.6808743E-08   2.1334944E-07  -9.8984928E-08  -2.0561990E-06  -3.8247959E-06  -6.0839501E-06  -1.3848545E-06  -1.0759558E-06  -4.3682456E-03  -1.1433801E-05   7.1799095E-04   7.9887829E-04   1.3464865E-03   4.6119500E-03   1.0547319E-02  -9.7438097E-04  -1.4020198E-03   2.4867574E-04   1.6546427E-03   3.0853823E-03   1.4637244E-03   2.7922202E-04   1.1108268E-04  -3.7721634E-04  -4.4237228E-05   2.6578933E-04  -1.3008176E-07  -5.8075238E-07
 -1.0616792E-07   2.2316194E-07   7.6477906E-08   3.4108616E-06  -4.2574368E-06   9.5082579E-06  -3.4737049E-07   6.8357537E-07  -1.7511642E-03   1.5564588E-04  -4.3277406E-04  -1.1271806E-03   3.3810462E-03   4.1158793E-03   3.1041544E-03   6.8239302E-04  -5.7639087E-04  -8.6143178E-04  -3.3110448E-04   1.0200086E-03   2.7922202E-04   8.8173096E-04   7.8780679E-05   7.2617972E-04   3.2176495E-05  -6.8047989E-04  -9.8802308E-08   1.6076737E-07
 -1.1688020E-07   1.3235141E-06  -1.3680922E-07  -9.9298511E-06   3.4437313E-05  -2.9093389E-05  -1.0291093E-06  -5.6332264E-06  -3.0969457E-03  -1.9949927E-04   2.9017006E-03  -3.8864976E-02  -1.0421292E-03   7.6867087E-04   1.6426698E-05  -3.2088542E-03  -8.5697630E-04   2.1781195E-03   7.0194356E-03   1.3667519E-02   1.1108268E-04   7.8780679E-05   7.3076043E-03  -1.9897669E-04   7.0079058E-04   4.3108455E-03  -4.4065731E-08   4.9491942E-07
 -1.7539082E-07   1.9792378E-07  -2.2448835E-08  -1.2048587E-06  -2.8669385E-06   9.4024565E-07  -1.6149598E-06   1.8807122E-07  -1.4358772E-03   3.2395310E-04  -1.8122208E-04   2.3707973E-03  -3.9372331E-03   5.6874226E-03  -1.1112935E-04   2.2293859E-03  -1.1221915E-03  -5.7135635E-04  -1.6260880E-03   9.1613245E-04  -3.7721634E-04   7.2617972E-04  -1.9897669E-04   2.9038892E-03   5.4215951E-04  -8.6355837E-04   3.3394945E-07   1.3187766E-06
 -5.6720063E-07   1.4214604E-06  -6.6448408E-07  -1.2337123E-05  -3.7229960E-05  -2.9040383E-05  -3.5954250E-06  -2.7777458E-06   3.6809533E-03   4.3013709E-04  -7.1524462E-04  -1.9037022E-02   5.6518857E-03   1.6369377E-02   3.0406240E-03   3.7253538E-04  -2.8839249E-04   2.8019951E-04  -2.3658327E-03  -7.3788265E-03  -4.4237228E-05   3.2176495E-05   7.0079058E-04   5.4215951E-04   6.4310182E-03   7.4402127E-03  -1.6377220E-06   1.2064995E-07
 -2.3564387E-06   1.2587983E-05  -1.8790050E-06  -9.9550367E-05  -1.5072183E-04  -1.5225069E-04  -4.1957833E-05   1.2173421E-05   1.9121614E-02  -1.6585721E-03  -1.1109661E-03   2.7117696E-02   1.1686647E-02   1.2994018E-02   2.0786999E-02  -7.7716682E-03  -8.9465853E-03   8.3384509E-03   1.0446360E-02   8.9710027E-03   2.6578933E-04  -6.8047989E-04   4.3108455E-03  -8.6355837E-04   7.4402127E-03   7.1101093E-02  -2.5362818E-06  -1.9597653E-06
  3.4949140E-09  -1.0214150E-08   2.5380119E-10  -1.0159833E-07  -1.0304157E-09  -1.8037891E-08  -1.1765238E-07   3.0270148E-08  -1.0410773E-04   4.4878495E-06   1.4059900E-04   3.3925932E-03   1.6403675E-04   4.7165904E-04   3.4074783E-04  -8.1257027E-05   1.6686250E-04  -1.9740651E-04   1.2626895E-05   8.5681251E-05  -1.3008176E-07  -9.8802308E-08  -4.4065731E-08   3.3394945E-07  -1.6377220E-06  -2.5362818E-06   3.8408806E-07   7.9904676E-09
 -1.6940484E-09   1.5495096E-09  -1.5142750E-09  -1.0117864E-07  -2.1386529E-07  -2.1447035E-07  -7.0369336E-08   1.1920622E-08   7.2543422E-04  -2.2046848E-06  -2.7097231E-05   2.8929913E-04   6.2226612E-05  -3.6591670E-04  -1.3442790E-03   2.4889591E-05   1.9422549E-05  -2.5499178E-05   4.1373361E-04   9.0591185E-04  -5.8075238E-07   1.6076737E-07   4.9491942E-07   1.3187766E-06   1.2064995E-07  -1.9597653E-06   7.9904676E-09   3.8808949E-07
