# omegabh2 omegach2 theta tau logA ns calPlanck aps100 aps143 aps217 acib217 asz143 psr cibr xi aksz dust100 dust143 dust217 dust143x217 cal0 cal2 calTE calEE
  2.2622389E-08  -9.1119690E-08   1.3964997E-08   2.3146005E-07   3.2959905E-07   2.8106717E-07   1.3532372E-08  -2.0970911E-04  -2.2087514E-04   3.9162676E-05  -7.7385450E-05   1.1067849E-05   1.4441224E-06  -2.5023912E-06   2.4525135E-06  -2.9046115E-05   9.5661820E-07   3.4955745E-07   2.4794015E-07   5.4497167E-07   1.2217744E-09  -6.0204440E-09  -7.8007358E-08  -2.3609924E-07
 -9.1119690E-08   1.6880536E-06  -1.1527832E-07  -1.8308422E-06  -4.7520137E-08  -3.7524758E-06  -1.8833730E-07  -7.4748541E-04   5.7403665E-04   2.8009353E-04  -1.6594486E-04  -8.7194887E-06  -1.0049892E-05   1.4325476E-05  -8.5849676E-06   1.3531039E-04  -1.2666831E-05   2.7350194E-06   4.6701906E-06   1.3602844E-06  -8.6541514E-08   3.5115614E-08  -3.8324398E-07  -1.0516725E-06
  1.3964997E-08  -1.1527832E-07   8.9384620E-08   2.2248532E-07   2.5851352E-07   4.1149413E-07   1.0665486E-08   3.1072501E-06  -4.3744537E-05  -1.5627725E-05  -6.6803459E-07   3.0690539E-06   1.8256894E-06  -2.1761232E-06   6.8858902E-07  -2.4829302E-06   3.3896894E-06  -1.0977640E-06  -5.6825069E-07  -6.8407313E-07   1.4096722E-08  -1.2289343E-08  -1.9636379E-08   5.1115143E-08
  2.3146005E-07  -1.8308422E-06   2.2248532E-07   4.6689028E-05   8.9137384E-05   6.9200933E-06  -3.2917457E-09  -1.3207029E-02  -4.3827275E-03   4.0616387E-05  -1.5221974E-03   1.8370727E-04   2.2482181E-05  -3.5250040E-05   5.0046719E-05  -5.1816252E-04   3.8417967E-05  -3.8993415E-05   1.2460126E-05  -1.9029713E-05   7.6835989E-08   1.7193202E-07  -2.4446984E-06  -2.1700722E-06
  3.2959905E-07  -4.7520137E-08   2.5851352E-07   8.9137384E-05   2.0666445E-04   3.7148166E-06   1.2064654E-05  -1.4856772E-02  -3.6500161E-03   9.7519819E-03  -5.5308013E-03   2.0435250E-05   5.0131022E-05  -1.0369721E-04   1.8020017E-04  -1.4443250E-03   2.3401024E-05  -2.1227108E-04   6.6987045E-05  -6.5234279E-05   7.7689970E-07   4.7161611E-07  -6.6005149E-06  -3.9007775E-06
  2.8106717E-07  -3.7524758E-06   4.1149413E-07   6.9200933E-06   3.7148166E-06   1.8489867E-05   3.1213903E-07  -1.8823296E-02  -7.3833435E-03   7.3945938E-03  -5.0605438E-03   4.7013498E-04   7.2059316E-05  -1.2094022E-04   5.3145816E-05  -2.0939302E-03   6.3276484E-05  -2.4013544E-05   2.1978398E-05  -1.4468439E-05  -1.3919426E-07  -3.5613179E-07   4.3820055E-07  -1.9386310E-06
  1.3532372E-08  -1.8833730E-07   1.0665486E-08  -3.2917457E-09   1.2064654E-05   3.1213903E-07   6.1721879E-06   6.5796322E-03   1.4350336E-03   2.0970204E-03   1.0380739E-04  -1.0081167E-04  -6.2824927E-07  -3.8193463E-06   2.0377914E-05  -8.1207257E-06   1.6351328E-06  -2.2486344E-05   1.0831272E-05  -8.3573950E-06   1.1335169E-07  -3.9101257E-09  -6.1576042E-07   1.6585261E-07
 -2.0970911E-04  -7.4748541E-04   3.1072501E-06  -1.3207029E-02  -1.4856772E-02  -1.8823296E-02   6.5796322E-03   6.4539461E+02   6.0379270E+01  -4.4650692E+01   2.1227294E+01  -2.8241273E+01  -7.9294185E-01  -4.6864371E-01   9.6419169E-02   1.2811099E+01  -2.3663724E-01   3.4370201E-01  -2.0097454E-01  -1.6352381E-01   6.5262800E-03   2.1531323E-03   3.9787371E-03   1.1685519E-02
 -2.2087514E-04   5.7403665E-04  -4.3744537E-05  -4.3827275E-03  -3.6500161E-03  -7.3833435E-03   1.4350336E-03   6.0379270E+01   6.5231964E+01   9.9257960E+00   5.5073948E+00  -1.2878316E+00  -3.4248143E-02   3.8254049E-01   8.7314891E-01  -7.5584850E+00  -1.0028344E-01  -2.2770503E-01   4.2017767E-02   4.5970736E-02   4.8355087E-04   4.6726103E-04   3.8619745E-04   4.6344194E-03
  3.9162676E-05   2.8009353E-04  -1.5627725E-05   4.0616387E-05   9.7519819E-03   7.3945938E-03   2.0970204E-03  -4.4650692E+01   9.9257960E+00   1.6685980E+02  -7.7864428E+01   2.4898316E+00   3.7182764E-01  -1.0400327E+00   3.3842751E-01  -7.1699306E+00  -1.0895584E-01  -2.4324567E-01   5.1513390E-01  -1.4835331E-02   1.6938226E-03  -7.4297054E-03   2.0673954E-03   3.7534089E-03
 -7.7385450E-05  -1.6594486E-04  -6.6803459E-07  -1.5221974E-03  -5.5308013E-03  -5.0605438E-03   1.0380739E-04   2.1227294E+01   5.5073948E+00  -7.7864428E+01   4.8941084E+01   1.7878235E+00  -6.6985915E-02   7.2776153E-01  -2.8229340E-01  -2.7151331E+00   5.3562665E-02   1.3709269E-01  -4.3328080E-01  -1.1494366E-01  -6.1385906E-04   2.8092542E-03  -1.6940212E-03  -9.7287329E-04
  1.1067849E-05  -8.7194887E-06   3.0690539E-06   1.8370727E-04   2.0435250E-05   4.7013498E-04  -1.0081167E-04  -2.8241273E+01  -1.2878316E+00   2.4898316E+00   1.7878235E+00   4.6104927E+00   1.0098033E-01   1.6671512E-01  -6.4507560E-02  -3.4894305E+00  -8.1564175E-03  -5.6073338E-03   4.1761221E-03   5.0778969E-02   4.1794100E-04  -3.4191167E-04  -5.3059012E-04  -6.3615423E-04
  1.4441224E-06  -1.0049892E-05   1.8256894E-06   2.2482181E-05   5.0131022E-05   7.2059316E-05  -6.2824927E-07  -7.9294185E-01  -3.4248143E-02   3.7182764E-01  -6.6985915E-02   1.0098033E-01   1.6138726E-02  -1.6170295E-02   1.1051699E-02  -9.8400605E-02  -1.3318998E-04  -1.0491314E-03  -2.3758271E-03   4.9709322E-03   1.8352164E-05  -4.0632395E-05   6.5764952E-06   2.0182114E-05
 -2.5023912E-06   1.4325476E-05  -2.1761232E-06  -3.5250040E-05  -1.0369721E-04  -1.2094022E-04  -3.8193463E-06  -4.6864371E-01   3.8254049E-01  -1.0400327E+00   7.2776153E-01   1.6671512E-01  -1.6170295E-02   6.6222883E-02   3.4352107E-03  -1.5413216E-01  -8.6673814E-05   5.8158318E-03  -1.4895084E-03  -1.8214783E-02  -1.0514367E-05   7.7656148E-05  -7.1379178E-05  -5.4058691E-05
  2.4525135E-06  -8.5849676E-06   6.8858902E-07   5.0046719E-05   1.8020017E-04   5.3145816E-05   2.0377914E-05   9.6419169E-02   8.7314891E-01   3.3842751E-01  -2.8229340E-01  -6.4507560E-02   1.1051699E-02   3.4352107E-03   8.2115462E-02   5.4781885E-02  -1.2985146E-03   1.2375751E-03   1.2440172E-03   1.4550683E-04   7.6462635E-06  -1.5090208E-05   3.4156376E-05   5.3571836E-05
 -2.9046115E-05   1.3531039E-04  -2.4829302E-06  -5.1816252E-04  -1.4443250E-03  -2.0939302E-03  -8.1207257E-06   1.2811099E+01  -7.5584850E+00  -7.1699306E+00  -2.7151331E+00  -3.4894305E+00  -9.8400605E-02  -1.5413216E-01   5.4781885E-02   7.1339631E+00   1.3624575E-02  -3.8153209E-03   3.1955329E-04  -4.8565540E-02  -2.7406582E-04   1.1144728E-04   1.2890605E-04   3.3726975E-04
  9.5661820E-07  -1.2666831E-05   3.3896894E-06   3.8417967E-05   2.3401024E-05   6.3276484E-05   1.6351328E-06  -2.3663724E-01  -1.0028344E-01  -1.0895584E-01   5.3562665E-02  -8.1564175E-03  -1.3318998E-04  -8.6673814E-05  -1.2985146E-03   1.3624575E-02   4.0128721E-02   3.5792938E-03  -4.6585225E-04   9.4867935E-04   3.3588479E-05   3.7304774E-07  -1.2008684E-05  -1.1927095E-05
  3.4955745E-07   2.7350194E-06  -1.0977640E-06  -3.8993415E-05  -2.1227108E-04  -2.4013544E-05  -2.2486344E-05   3.4370201E-01  -2.2770503E-01  -2.4324567E-01   1.3709269E-01  -5.6073338E-03  -1.0491314E-03   5.8158318E-03   1.2375751E-03  -3.8153209E-03   3.5792938E-03   3.1006653E-02  -3.7238552E-04   6.3156088E-03  -7.4989687E-05  -4.5423949E-05  -5.6894423E-05  -8.8500631E-05
  2.4794015E-07   4.6701906E-06  -5.6825069E-07   1.2460126E-05   6.6987045E-05   2.1978398E-05   1.0831272E-05  -2.0097454E-01   4.2017767E-02   5.1513390E-01  -4.3328080E-01   4.1761221E-03  -2.3758271E-03  -1.4895084E-03   1.2440172E-03   3.1955329E-04  -4.6585225E-04  -3.7238552E-04   1.0375581E-02   8.7219347E-03   3.5037878E-06   6.2426142E-05   2.1981633E-05   3.3106650E-06
  5.4497167E-07   1.3602844E-06  -6.8407313E-07  -1.9029713E-05  -6.5234279E-05  -1.4468439E-05  -8.3573950E-06  -1.6352381E-01   4.5970736E-02  -1.4835331E-02  -1.1494366E-01   5.0778969E-02   4.9709322E-03  -1.8214783E-02   1.4550683E-04  -4.8565540E-02   9.4867935E-04   6.3156088E-03   8.7219347E-03   2.7135200E-02  -4.3569753E-06   5.9866849E-05  -1.1635473E-06  -2.6546458E-05
  1.2217744E-09  -8.6541514E-08   1.4096722E-08   7.6835989E-08   7.7689970E-07  -1.3919426E-07   1.1335169E-07   6.5262800E-03   4.8355087E-04   1.6938226E-03  -6.1385906E-04   4.1794100E-04   1.8352164E-05  -1.0514367E-05   7.6462635E-06  -2.7406582E-04   3.3588479E-05  -7.4989687E-05   3.5037878E-06  -4.3569753E-06   1.0678616E-06   4.4093910E-08   3.4056145E-07   8.1621337E-07
 -6.0204440E-09   3.5115614E-08  -1.2289343E-08   1.7193202E-07   4.7161611E-07  -3.5613179E-07  -3.9101257E-09   2.1531323E-03   4.6726103E-04  -7.4297054E-03   2.8092542E-03  -3.4191167E-04  -4.0632395E-05   7.7656148E-05  -1.5090208E-05   1.1144728E-04   3.7304774E-07  -4.5423949E-05   6.2426142E-05   5.9866849E-05   4.4093910E-08   2.4027978E-06   2.6334486E-07   4.6394269E-08
 -7.8007358E-08  -3.8324398E-07  -1.9636379E-08  -2.4446984E-06  -6.6005149E-06   4.3820055E-07  -6.1576042E-07   3.9787371E-03   3.8619745E-04   2.0673954E-03  -1.6940212E-03  -5.3059012E-04   6.5764952E-06  -7.1379178E-05   3.4156376E-05   1.2890605E-04  -1.2008684E-05  -5.6894423E-05   2.1981633E-05  -1.1635473E-06   3.4056145E-07   2.6334486E-07   2.3605913E-05   7.8980522E-06
 -2.3609924E-07  -1.0516725E-06   5.1115143E-08  -2.1700722E-06  -3.9007775E-06  -1.9386310E-06   1.6585261E-07   1.1685519E-02   4.6344194E-03   3.7534089E-03  -9.7287329E-04  -6.3615423E-04   2.0182114E-05  -5.4058691E-05   5.3571836E-05   3.3726975E-04  -1.1927095E-05  -8.8500631E-05   3.3106650E-06  -2.6546458E-05   8.1621337E-07   4.6394269E-08   7.8980522E-06   2.4495521E-05
