# omegabh2 omegach2 theta tau omegak logA ns calPlanck aps100 aps143 aps217 acib217 asz143 psr cibr xi aksz dust100 dust143 dust217 dust143x217 cal0 cal2
  4.9822122E-08  -2.4212887E-07   4.9788994E-08   4.6632716E-07  -2.8743372E-07   5.9273838E-07   7.1465169E-07   4.5665662E-08  -6.7856149E-04  -5.3017528E-04   1.7660824E-04  -2.7097843E-04   4.3205889E-05   1.9935066E-06  -3.7463135E-06   2.2595903E-06  -8.2094493E-05   8.4101546E-07  -1.8880494E-06   2.1023367E-06   4.9554049E-07   1.5202905E-08  -4.1970852E-09
 -2.4212887E-07   3.8916648E-06  -4.4468240E-07  -5.5388129E-06   4.0881080E-06  -3.3194757E-06  -8.8673080E-06  -4.8401943E-07   1.1573744E-03   2.0290975E-03  -6.2828856E-04   1.0480725E-03  -1.3270839E-04  -1.6869922E-05   3.0509158E-05  -2.2798797E-05   2.8345347E-04  -5.4156510E-06   1.3124366E-05  -8.3472827E-06  -7.1227643E-06  -1.7624058E-07  -1.0591521E-08
  4.9788994E-08  -4.4468240E-07   2.3162245E-07   6.3819439E-07  -5.9514968E-07   5.2383849E-07   1.3016790E-06   2.4322106E-08  -1.1278405E-04  -3.2849402E-04  -2.7337105E-06  -1.2831108E-04   2.8640103E-05   3.2273327E-06  -5.1441315E-06   4.8386440E-06  -4.1124135E-05  -1.7235646E-07  -1.0569489E-06   3.1156019E-07   1.3366740E-06   1.4759867E-08  -1.3776663E-08
  4.6632716E-07  -5.5388129E-06   6.3819439E-07   4.9981708E-05  -4.5327637E-06   8.6061234E-05   1.5611646E-05  -3.8451855E-07  -9.9657509E-03  -7.1021122E-03   1.5881054E-03  -2.8429701E-03   9.4870624E-05   4.0590677E-05  -9.0815272E-05   2.3979009E-05  -7.6340343E-04   2.7050594E-05  -2.1247057E-05   9.4914718E-06  -5.4658880E-07   5.3860297E-08   3.5691765E-08
 -2.8743372E-07   4.0881080E-06  -5.9514968E-07  -4.5327637E-06   6.1359641E-06  -6.8875161E-07  -9.5514537E-06  -3.4500809E-07   2.1506720E-03   2.7559322E-03  -6.9722370E-04   1.4081896E-03  -1.4560009E-04  -1.5166815E-05   3.0331791E-05  -2.0419455E-05   1.9565770E-04  -9.5303896E-06   1.9566807E-05  -1.1730581E-05  -5.1456261E-06  -2.0709882E-07  -2.2280365E-08
  5.9273838E-07  -3.3194757E-06   5.2383849E-07   8.6061234E-05  -6.8875161E-07   1.8744369E-04   1.2134210E-05   1.0231019E-05  -1.4074349E-02  -8.4708542E-03   8.1509729E-03  -4.0710815E-03   4.5464802E-04   6.0029139E-05  -1.0495575E-04   4.5997469E-05  -2.4042284E-03   5.8581309E-06  -9.0745355E-05   3.0423916E-05  -2.2200288E-05   4.2268064E-07   1.1733887E-07
  7.1465169E-07  -8.8673080E-06   1.3016790E-06   1.5611646E-05  -9.5514537E-06   1.2134210E-05   3.1596038E-05   1.1773947E-06  -2.5844843E-02  -1.2055245E-02   1.0487408E-02  -8.2719124E-03   8.6892043E-04   1.0955812E-04  -1.7537331E-04   1.2458506E-04  -2.7851603E-03   4.7980032E-05  -4.7585902E-05   4.2438246E-05   6.0654317E-06  -4.4821274E-08  -2.8362938E-07
  4.5665662E-08  -4.8401943E-07   2.4322106E-08  -3.8451855E-07  -3.4500809E-07   1.0231019E-05   1.1773947E-06   6.0866261E-06   2.5517511E-03   5.6871999E-04   9.0323853E-04   7.7667835E-04   1.7206538E-04  -4.5434897E-06   2.5446272E-05   1.2031541E-05  -2.5746335E-04  -1.0223038E-05   8.8359120E-06   7.4849728E-06   1.0454100E-06   1.9351595E-08   2.8667362E-08
 -6.7856149E-04   1.1573744E-03  -1.1278405E-04  -9.9657509E-03   2.1506720E-03  -1.4074349E-02  -2.5844843E-02   2.5517511E-03   6.0369105E+02   6.2057576E+01  -5.5855267E+01   2.9180061E+01  -2.6309327E+01  -8.9193064E-01  -1.1246768E-01  -1.4911204E-01   1.3843154E+01  -3.3531456E-01   3.4154070E-01  -2.5619756E-01  -2.6119672E-01   5.6941583E-03   2.1351460E-03
 -5.3017528E-04   2.0290975E-03  -3.2849402E-04  -7.1021122E-03   2.7559322E-03  -8.4708542E-03  -1.2055245E-02   5.6871999E-04   6.2057576E+01   6.9147687E+01   6.1878150E+00   9.4973965E+00  -7.1461564E-01  -2.3700673E-02   4.6543179E-01   8.6765556E-01  -7.6163110E+00  -6.5660530E-02  -2.0156966E-01  -6.8972338E-04   2.0475106E-02   6.3845535E-04   4.4618854E-04
  1.7660824E-04  -6.2828856E-04  -2.7337105E-06   1.5881054E-03  -6.9722370E-04   8.1509729E-03   1.0487408E-02   9.0323853E-04  -5.5855267E+01   6.1878150E+00   1.7301401E+02  -8.0985889E+01   3.1359325E+00   3.7343924E-01  -9.7578492E-01   3.4701167E-01  -7.8137476E+00   7.5021090E-02  -2.1381425E-01   5.1540585E-01   5.7281648E-03   1.6144566E-03  -7.7007911E-03
 -2.7097843E-04   1.0480725E-03  -1.2831108E-04  -2.8429701E-03   1.4081896E-03  -4.0710815E-03  -8.2719124E-03   7.7667835E-04   2.9180061E+01   9.4973965E+00  -8.0985889E+01   5.0695725E+01   1.3873632E+00  -5.3373959E-02   6.7299410E-01  -2.3207620E-01  -2.4865360E+00  -4.9405430E-02   1.3759581E-01  -4.2704206E-01  -1.1217750E-01  -6.1194448E-04   3.0674906E-03
  4.3205889E-05  -1.3270839E-04   2.8640103E-05   9.4870624E-05  -1.4560009E-04   4.5464802E-04   8.6892043E-04   1.7206538E-04  -2.6309327E+01  -7.1461564E-01   3.1359325E+00   1.3873632E+00   4.4318344E+00   1.0432531E-01   1.4511512E-01  -4.3515149E-02  -3.6864139E+00  -2.6350583E-03  -1.4071714E-02   1.1821833E-02   5.7386007E-02   4.7964243E-04  -2.6607329E-04
  1.9935066E-06  -1.6869922E-05   3.2273327E-06   4.0590677E-05  -1.5166815E-05   6.0029139E-05   1.0955812E-04  -4.5434897E-06  -8.9193064E-01  -2.3700673E-02   3.7343924E-01  -5.3373959E-02   1.0432531E-01   1.6519884E-02  -1.6951889E-02   1.1685445E-02  -1.1044616E-01  -6.0853113E-05  -1.4794555E-03  -2.4521357E-03   5.7210089E-03   1.6939015E-05  -3.5513747E-05
 -3.7463135E-06   3.0509158E-05  -5.1441315E-06  -9.0815272E-05   3.0331791E-05  -1.0495575E-04  -1.7537331E-04   2.5446272E-05  -1.1246768E-01   4.6543179E-01  -9.7578492E-01   6.7299410E-01   1.4511512E-01  -1.6951889E-02   6.6994589E-02   5.7082176E-03  -1.4651248E-01   2.6177372E-04   6.1481203E-03  -9.8334716E-05  -1.8813086E-02  -6.1360787E-06   8.7763333E-05
  2.2595903E-06  -2.2798797E-05   4.8386440E-06   2.3979009E-05  -2.0419455E-05   4.5997469E-05   1.2458506E-04   1.2031541E-05  -1.4911204E-01   8.6765556E-01   3.4701167E-01  -2.3207620E-01  -4.3515149E-02   1.1685445E-02   5.7082176E-03   8.3384899E-02   4.2129212E-02   1.2927511E-04   2.8071977E-04   1.9584721E-04  -8.8418083E-04   1.4338551E-05  -7.8740852E-06
 -8.2094493E-05   2.8345347E-04  -4.1124135E-05  -7.6340343E-04   1.9565770E-04  -2.4042284E-03  -2.7851603E-03  -2.5746335E-04   1.3843154E+01  -7.6163110E+00  -7.8137476E+00  -2.4865360E+00  -3.6864139E+00  -1.1044616E-01  -1.4651248E-01   4.2129212E-02   7.5249096E+00  -1.1774636E-02   5.2792881E-03  -8.8433861E-04  -4.4295617E-02  -3.3722032E-04   1.1680660E-04
  8.4101546E-07  -5.4156510E-06  -1.7235646E-07   2.7050594E-05  -9.5303896E-06   5.8581309E-06   4.7980032E-05  -1.0223038E-05  -3.3531456E-01  -6.5660530E-02   7.5021090E-02  -4.9405430E-02  -2.6350583E-03  -6.0853113E-05   2.6177372E-04   1.2927511E-04  -1.1774636E-02   3.8664111E-02   2.6270531E-03   2.2583949E-04  -2.3801830E-04   3.5608187E-05  -1.3600673E-05
 -1.8880494E-06   1.3124366E-05  -1.0569489E-06  -2.1247057E-05   1.9566807E-05  -9.0745355E-05  -4.7585902E-05   8.8359120E-06   3.4154070E-01  -2.0156966E-01  -2.1381425E-01   1.3759581E-01  -1.4071714E-02  -1.4794555E-03   6.1481203E-03   2.8071977E-04   5.2792881E-03   2.6270531E-03   3.0018755E-02  -6.4967810E-04   4.7402884E-03  -8.0317065E-05  -4.2685857E-05
  2.1023367E-06  -8.3472827E-06   3.1156019E-07   9.4914718E-06  -1.1730581E-05   3.0423916E-05   4.2438246E-05   7.4849728E-06  -2.5619756E-01  -6.8972338E-04   5.1540585E-01  -4.2704206E-01   1.1821833E-02  -2.4521357E-03  -9.8334716E-05   1.9584721E-04  -8.8433861E-04   2.2583949E-04  -6.4967810E-04   9.9508794E-03   7.8396551E-03   3.9043049E-06   5.9196222E-05
  4.9554049E-07  -7.1227643E-06   1.3366740E-06  -5.4658880E-07  -5.1456261E-06  -2.2200288E-05   6.0654317E-06   1.0454100E-06  -2.6119672E-01   2.0475106E-02   5.7281648E-03  -1.1217750E-01   5.7386007E-02   5.7210089E-03  -1.8813086E-02  -8.8418083E-04  -4.4295617E-02  -2.3801830E-04   4.7402884E-03   7.8396551E-03   2.5564243E-02  -3.2010014E-06   5.1000186E-05
  1.5202905E-08  -1.7624058E-07   1.4759867E-08   5.3860297E-08  -2.0709882E-07   4.2268064E-07  -4.4821274E-08   1.9351595E-08   5.6941583E-03   6.3845535E-04   1.6144566E-03  -6.1194448E-04   4.7964243E-04   1.6939015E-05  -6.1360787E-06   1.4338551E-05  -3.3722032E-04   3.5608187E-05  -8.0317065E-05   3.9043049E-06  -3.2010014E-06   1.1210269E-06   4.6574572E-09
 -4.1970852E-09  -1.0591521E-08  -1.3776663E-08   3.5691765E-08  -2.2280365E-08   1.1733887E-07  -2.8362938E-07   2.8667362E-08   2.1351460E-03   4.4618854E-04  -7.7007911E-03   3.0674906E-03  -2.6607329E-04  -3.5513747E-05   8.7763333E-05  -7.8740852E-06   1.1680660E-04  -1.3600673E-05  -4.2685857E-05   5.9196222E-05   5.1000186E-05   4.6574572E-09   2.4177581E-06
