# omegabh2 omegach2 theta tau Alens logA ns acib217 xi asz143 aps100 aps143 aps143217 aps217 aksz kgal100 kgal143 kgal143217 kgal217 cal0 cal2 calPlanck
  8.7461425E-08  -5.8035136E-07   9.4611979E-08   1.4990135E-06   1.5182649E-05   1.7672015E-06   1.7452227E-06  -3.8802664E-04   7.6231565E-06   8.4144526E-05  -1.8342552E-03  -1.1371449E-03  -4.4458495E-04  -1.1381241E-04  -1.2429558E-04  -6.4874909E-07  -2.1994581E-05  -4.2180899E-05   7.4223535E-05   1.0884202E-09  -9.7160392E-09  -3.8396906E-09
 -5.8035136E-07   7.5238435E-06  -8.7997857E-07  -2.4972837E-05  -1.1277377E-04  -3.2222054E-05  -2.0029349E-05   2.5183482E-03  -4.8921761E-05  -4.5518442E-04   1.1601452E-02   7.4434879E-03   3.2939253E-03   9.7696622E-04   7.2192778E-04   1.7759690E-05   1.4271723E-04   2.9064168E-04  -4.4851179E-04  -1.0702701E-08   6.2890598E-08   1.8850839E-08
  9.4611979E-08  -8.7997857E-07   2.9387591E-07   2.9780484E-06   1.7625086E-05   4.1159290E-06   2.6760357E-06  -3.5641816E-04   6.9140244E-06   6.1761359E-05  -1.4927957E-03  -1.0161868E-03  -4.5799330E-04  -1.4332428E-04  -1.0719993E-04  -2.9582544E-06  -2.0120895E-05  -4.1408958E-05   7.4518623E-05   1.4851698E-09  -9.4779222E-09   2.1615851E-09
  1.4990135E-06  -2.4972837E-05   2.9780484E-06   1.7637062E-03  -3.2268303E-03   3.4413001E-03   1.2719879E-04  -2.5527089E-02   6.0365919E-04   4.3494469E-03  -1.0067100E-01  -5.1167547E-02  -1.0221032E-02   9.0514254E-03  -7.3648884E-03  -4.2727981E-03  -2.3838427E-03  -2.8218179E-03   6.1127987E-03  -8.1039544E-07  -5.1902569E-07   2.0874470E-07
  1.5182649E-05  -1.1277377E-04   1.7625086E-05  -3.2268303E-03   1.3521783E-02  -6.6686995E-03   2.2254942E-04  -5.5517480E-02   9.9733941E-04   9.7756533E-03  -3.0655176E-01  -1.7618210E-01  -8.1705582E-02  -3.1069983E-02  -1.9335334E-02   7.7654569E-03  -4.7333055E-03  -1.1204099E-02  -1.8238371E-03   1.9937545E-06  -2.2365536E-06  -1.5556234E-05
  1.7672015E-06  -3.2222054E-05   4.1159290E-06   3.4413001E-03  -6.6686995E-03   6.7814281E-03   2.0462398E-04  -4.5542546E-02   1.1115862E-03   7.5803840E-03  -1.7002312E-01  -8.4027911E-02  -1.0946555E-02   2.5804421E-02  -1.3642994E-02  -8.7607902E-03  -5.0430920E-03  -5.4573569E-03   1.3015965E-02  -1.4579101E-06  -9.0028131E-07   1.2928346E-05
  1.7452227E-06  -2.0029349E-05   2.6760357E-06   1.2719879E-04   2.2254942E-04   2.0462398E-04   6.7618169E-05  -1.2718942E-02   2.6178525E-04   2.2595452E-03  -6.0593400E-02  -2.9665486E-02  -8.3082624E-03   2.5827150E-03  -4.2507238E-03   2.2693037E-04  -7.5107196E-04  -1.3366383E-03   2.7819602E-03  -1.5040674E-07  -2.5258758E-07  -1.0820059E-08
 -3.8802664E-04   2.5183482E-03  -3.5641816E-04  -2.5527089E-02  -5.5517480E-02  -4.5542546E-02  -1.2718942E-02   4.5011830E+01  -4.1134621E-01  -1.3290837E+00   4.5970276E+01   7.4421981E+00  -1.0566595E+01  -5.3185288E+01   7.0880087E-01   1.3247127E-01   6.1896351E-01  -5.3321237E+00  -3.2575013E+01  -1.5939435E-04   7.3560084E-04   5.8417303E-04
  7.6231565E-06  -4.8921761E-05   6.9140244E-06   6.0365919E-04   9.9733941E-04   1.1115862E-03   2.6178525E-04  -4.1134621E-01   7.9726163E-02  -1.6119567E-02  -9.1583955E-01   7.7716245E-01   1.6446424E+00   6.3255982E-01   8.2537003E-03  -1.1461082E-02   8.1495802E-03   1.1134850E-01   1.4163381E-01   3.7600475E-06  -3.1896224E-06  -1.4302532E-05
  8.4144526E-05  -4.5518442E-04   6.1761359E-05   4.3494469E-03   9.7756533E-03   7.5803840E-03   2.2595452E-03  -1.3290837E+00  -1.6119567E-02   3.6361169E+00  -3.0702761E+01  -4.6380967E+00   6.3425493E+00   4.4298935E+00  -2.2483459E+00  -1.8936647E-01   1.5406502E-01   2.4154595E+00   3.1764964E+00   7.4593450E-05  -5.2808633E-05   1.5657529E-05
 -1.8342552E-03   1.1601452E-02  -1.4927957E-03  -1.0067100E-01  -3.0655176E-01  -1.7002312E-01  -6.0593400E-02   4.5970276E+01  -9.1583955E-01  -3.0702761E+01   8.1721869E+02   9.4240385E+01  -4.3237511E+01  -5.7036378E+01   1.4243387E+01  -6.2605830E+00   6.1807418E+00  -1.0163232E+01  -2.4531264E+01   3.8752099E-03   7.5267720E-04   4.0427596E-03
 -1.1371449E-03   7.4434879E-03  -1.0161868E-03  -5.1167547E-02  -1.7618210E-01  -8.4027911E-02  -2.9665486E-02   7.4421981E+00   7.7716245E-01  -4.6380967E+00   9.4240385E+01   7.3055608E+01   4.1960854E+01   1.3199284E+01  -2.2846586E+00  -3.2006786E-01  -1.0198596E+00   3.4901403E+00   2.3014130E+00   1.1922533E-04   1.8810439E-04   5.6857365E-04
 -4.4458495E-04   3.2939253E-03  -4.5799330E-04  -1.0221032E-02  -8.1705582E-02  -1.0946555E-02  -8.3082624E-03  -1.0566595E+01   1.6446424E+00   6.3425493E+00  -4.3237511E+01   4.1960854E+01   8.1410164E+01   4.8595687E+01  -9.1124563E+00  -8.0714058E-01  -6.2747424E-01   4.0799884E+00   6.1137876E+00   3.6779926E-04  -3.6866644E-04   2.7623163E-04
 -1.1381241E-04   9.7696622E-04  -1.4332428E-04   9.0514254E-03  -3.1069983E-02   2.5804421E-02   2.5827150E-03  -5.3185288E+01   6.3255982E-01   4.4298935E+00  -5.7036378E+01   1.3199284E+01   4.8595687E+01   9.8737535E+01  -7.5574336E+00  -5.1113910E-01  -1.2749810E+00   4.3186686E+00   3.1095416E+01   4.0474968E-04  -1.3218539E-03   1.4042112E-03
 -1.2429558E-04   7.2192778E-04  -1.0719993E-04  -7.3648884E-03  -1.9335334E-02  -1.3642994E-02  -4.2507238E-03   7.0880087E-01   8.2537003E-03  -2.2483459E+00   1.4243387E+01  -2.2846586E+00  -9.1124563E+00  -7.5574336E+00   4.8695158E+00   4.4801554E-02  -1.1381721E-01  -1.5449694E+00  -2.0087285E+00  -4.5729486E-05   2.6787234E-05   1.4346715E-05
 -6.4874909E-07   1.7759690E-05  -2.9582544E-06  -4.2727981E-03   7.7654569E-03  -8.7607902E-03   2.2693037E-04   1.3247127E-01  -1.1461082E-02  -1.8936647E-01  -6.2605830E+00  -3.2006786E-01  -8.0714058E-01  -5.1113910E-01   4.4801554E-02   3.3798544E+00   5.4439643E-01   1.8597206E-01   1.8674285E-01   1.7001133E-04  -1.0493103E-05   1.0971855E-05
 -2.1994581E-05   1.4271723E-04  -2.0120895E-05  -2.3838427E-03  -4.7333055E-03  -5.0430920E-03  -7.5107196E-04   6.1896351E-01   8.1495802E-03   1.5406502E-01   6.1807418E+00  -1.0198596E+00  -6.2747424E-01  -1.2749810E+00  -1.1381721E-01   5.4439643E-01   3.1376610E+00   2.7598342E+00   2.7498603E+00  -1.7467146E-04  -3.8249050E-05  -4.5621020E-07
 -4.2180899E-05   2.9064168E-04  -4.1408958E-05  -2.8218179E-03  -1.1204099E-02  -5.4573569E-03  -1.3366383E-03  -5.3321237E+00   1.1134850E-01   2.4154595E+00  -1.0163232E+01   3.4901403E+00   4.0799884E+00   4.3186686E+00  -1.5449694E+00   1.8597206E-01   2.7598342E+00   1.0658348E+01   1.8822760E+01  -5.2705298E-05   4.0354319E-04   7.1617466E-05
  7.4223535E-05  -4.4851179E-04   7.4518623E-05   6.1127987E-03  -1.8238371E-03   1.3015965E-02   2.7819602E-03  -3.2575013E+01   1.4163381E-01   3.1764964E+00  -2.4531264E+01   2.3014130E+00   6.1137876E+00   3.1095416E+01  -2.0087285E+00   1.8674285E-01   2.7498603E+00   1.8822760E+01   5.2601020E+01  -3.1379263E-06   9.1342989E-04   1.0607417E-03
  1.0884202E-09  -1.0702701E-08   1.4851698E-09  -8.1039544E-07   1.9937545E-06  -1.4579101E-06  -1.5040674E-07  -1.5939435E-04   3.7600475E-06   7.4593450E-05   3.8752099E-03   1.1922533E-04   3.6779926E-04   4.0474968E-04  -4.5729486E-05   1.7001133E-04  -1.7467146E-04  -5.2705298E-05  -3.1379263E-06   3.6982695E-07  -1.5966866E-09   1.0583219E-09
 -9.7160392E-09   6.2890598E-08  -9.4779222E-09  -5.1902569E-07  -2.2365536E-06  -9.0028131E-07  -2.5258758E-07   7.3560084E-04  -3.1896224E-06  -5.2808633E-05   7.5267720E-04   1.8810439E-04  -3.6866644E-04  -1.3218539E-03   2.6787234E-05  -1.0493103E-05  -3.8249050E-05   4.0354319E-04   9.1342989E-04  -1.5966866E-09   3.8458815E-07  -6.7917281E-11
 -3.8396906E-09   1.8850839E-08   2.1615851E-09   2.0874470E-07  -1.5556234E-05   1.2928346E-05  -1.0820059E-08   5.8417303E-04  -1.4302532E-05   1.5657529E-05   4.0427596E-03   5.6857365E-04   2.7623163E-04   1.4042112E-03   1.4346715E-05   1.0971855E-05  -4.5621020E-07   7.1617466E-05   1.0607417E-03   1.0583219E-09  -6.7917281E-11   6.2310223E-06
