# omegabh2 omegach2 theta tau logA ns nrun r calPlanck BBdust BBsync BBalphadust BBbetadust BBalphasync BBbetasync BBdustsynccorr aps100 aps143 aps217 acib217 asz143 psr cibr xi aksz dust100 dust143 dust217 dust143x217 cal0 cal2
  5.3841884E-08  -2.0428635E-07   4.3697483E-08   5.2642166E-07   8.8660253E-07   5.1637498E-07  -6.3513418E-07   4.6247813E-07   3.1908530E-08  -3.5309230E-07  -1.3014459E-06   1.5628581E-06  -2.9950382E-07   1.2047343E-08  -2.5345319E-07  -3.3409238E-07  -2.4885491E-04  -3.3986967E-04  -6.4841979E-05  -9.3343357E-05   1.7041034E-05  -3.2270274E-07  -9.8266086E-07  -1.0360199E-07  -1.1140669E-05   7.5818976E-07   1.0124538E-07   7.7120654E-07   8.8653089E-08   8.5491637E-09  -2.9147159E-09
 -2.0428635E-07   4.2387354E-06  -4.1292954E-07  -3.5262476E-06   2.8109175E-06  -9.6018018E-06  -1.5856322E-06  -4.4872233E-06  -2.8973553E-07  -1.3903958E-06   5.6979743E-07  -2.5388446E-05   7.4664859E-06  -3.9411932E-07  -6.3969076E-08  -9.0444450E-06   1.2072497E-03   2.0549094E-03   2.8752361E-04   5.9646985E-04  -8.5757838E-05  -6.2423919E-08   1.0738611E-05  -4.8030083E-07   7.6697635E-05  -2.9000419E-06   2.0535050E-06  -4.3870175E-06  -6.1427660E-07  -5.7947409E-08   2.6122298E-08
  4.3697483E-08  -4.1292954E-07   2.2866509E-07   5.6565532E-07   4.7526375E-07   1.1846114E-06  -6.7300833E-08   4.8724245E-07   5.3319381E-08  -1.6917834E-06  -2.4235787E-06   2.9138126E-06  -3.7656062E-07  -3.1467100E-07   7.2639083E-08   7.6454272E-07  -3.1922129E-05  -1.6693340E-04  -1.3538870E-04  -5.2588257E-06   9.1234390E-06  -7.0701228E-07   4.7648868E-07  -4.7395379E-08   5.0892984E-07   1.0251207E-06  -4.1507128E-07   4.7346865E-07   1.7981215E-07   8.0623570E-09   7.5237372E-09
  5.2642166E-07  -3.5262476E-06   5.6565532E-07   5.4807030E-05   1.0439690E-04   9.3219876E-06  -1.2529857E-05   1.8749749E-06   8.4053388E-09  -1.8295543E-05  -6.1321803E-06  -1.2515588E-05   5.9814384E-06   1.2200865E-05  -6.5332816E-06  -9.0137751E-06  -1.8388470E-03  -2.9737541E-03  -7.1077057E-04  -8.6596901E-04   2.9502244E-05  -1.9169922E-06  -2.5502705E-05   5.2905503E-06   2.3265316E-06   4.3872056E-06  -7.5108476E-06   7.8717463E-06   7.0216168E-06   9.4483291E-08   2.4937407E-08
  8.8660253E-07   2.8109175E-06   4.7526375E-07   1.0439690E-04   2.5408457E-04  -6.9859434E-06  -4.1667198E-05  -7.1053435E-06   1.2007463E-05  -7.7005907E-05  -5.4135677E-05  -1.0632987E-04   3.5648446E-05   1.8290683E-05  -7.6647674E-06  -5.8323361E-05   1.1888595E-02   3.5663604E-03   4.8071870E-03   4.4135304E-04  -4.0065803E-04   1.3477313E-07  -3.7590620E-05   3.6730338E-05  -1.6126824E-04  -3.5807428E-06  -9.5113060E-05   1.6482333E-05  -9.1668021E-06   7.7112497E-07   1.7394853E-07
  5.1637498E-07  -9.6018018E-06   1.1846114E-06   9.3219876E-06  -6.9859434E-06   3.4594873E-05   1.1868680E-05   1.1429980E-05   7.9367539E-07  -7.4141043E-06  -1.0317816E-05   6.4915133E-05  -1.8382505E-05  -4.4820882E-06   1.2121513E-06   2.0093245E-05  -3.2148019E-02  -1.4561161E-02   1.0760963E-02  -9.4520596E-03   9.2373108E-04   7.6785059E-05  -1.6741777E-04   7.8724905E-05  -2.6375004E-03   2.4490876E-05  -4.1940059E-05   4.9531498E-05  -5.7584007E-06  -2.3897122E-07  -5.4711760E-07
 -6.3513418E-07  -1.5856322E-06  -6.7300833E-08  -1.2529857E-05  -4.1667198E-05   1.1868680E-05   5.7628495E-05  -1.8781811E-05   2.4074800E-07   6.1926211E-05   7.3887145E-05   1.4652625E-05  -2.1151859E-05   2.5466921E-06  -2.4401741E-06   4.2923971E-05  -3.7583814E-02  -1.6202071E-02   1.4265524E-02  -1.1585942E-02   1.2097796E-03   9.6936103E-05  -2.0673878E-04   8.1643755E-05  -3.0297571E-03  -4.5988321E-05  -6.7233924E-05   4.8928321E-05  -2.0823417E-05  -2.1785166E-07  -9.4639186E-07
  4.6247813E-07  -4.4872233E-06   4.8724245E-07   1.8749749E-06  -7.1053435E-06   1.1429980E-05  -1.8781811E-05   3.6148206E-04  -1.2351764E-06  -6.0781202E-04  -8.9642673E-04  -6.8704861E-05   2.7987051E-04  -1.7247254E-05  -8.7281406E-05  -8.3285043E-04   8.5432916E-03   2.2262852E-03  -2.4077077E-03   1.1012145E-03  -8.8962987E-05  -1.7373906E-05  -1.7820662E-07  -2.2048049E-05   4.8064699E-04   6.3895285E-06   1.7046131E-05   2.2732966E-06   3.7304445E-05   2.1702280E-08   5.6134692E-08
  3.1908530E-08  -2.8973553E-07   5.3319381E-08   8.4053388E-09   1.2007463E-05   7.9367539E-07   2.4074800E-07  -1.2351764E-06   6.2850884E-06  -1.0732239E-05  -1.6789184E-05  -7.8174308E-06   9.5483078E-07  -2.4006463E-06   1.5159885E-06  -4.7753928E-06   2.8465553E-03   3.0264246E-04   1.5926970E-03   3.8495893E-04  -3.3003513E-05  -9.5120618E-07  -1.7535790E-06   2.0436934E-06  -4.3697644E-05   1.8661412E-06  -1.1515207E-06   4.9096575E-06  -6.3142651E-06  -4.7166638E-09  -6.8036849E-08
 -3.5309230E-07  -1.3903958E-06  -1.6917834E-06  -1.8295543E-05  -7.7005907E-05  -7.4141043E-06   6.1926211E-05  -6.0781202E-04  -1.0732239E-05   1.0639214E+00   2.1453626E-02  -1.1833598E-01   4.4458157E-02  -2.7674993E-03   4.3319678E-03  -9.7537061E-03  -3.2892756E-02  -3.5771467E-02  -1.2674298E-02   1.0830352E-02   9.2283596E-03   3.4883731E-05   9.7850211E-04  -8.8057848E-04  -7.8663347E-03  -3.1483707E-04   1.4512773E-04   1.1085153E-04  -1.0157269E-04  -8.0269112E-08   4.0785521E-06
 -1.3014459E-06   5.6979743E-07  -2.4235787E-06  -6.1321803E-06  -5.4135677E-05  -1.0317816E-05   7.3887145E-05  -8.9642673E-04  -1.6789184E-05   2.1453626E-02   1.1413216E+00  -2.7380669E-03  -1.5959781E-03   1.9368700E-02  -4.2971005E-02   4.3309879E-02  -1.4892831E-01  -3.4984348E-02   3.9062702E-02  -2.2709956E-02   9.8682932E-04  -1.2709073E-04  -3.7078798E-04  -4.5570767E-04  -5.7537165E-03  -1.2099515E-03   8.6952976E-06  -5.1341084E-04  -9.2991031E-04  -1.9496195E-06  -4.4383452E-06
  1.5628581E-06  -2.5388446E-05   2.9138126E-06  -1.2515588E-05  -1.0632987E-04   6.4915133E-05   1.4652625E-05  -6.8704861E-05  -7.8174308E-06  -1.1833598E-01  -2.7380669E-03   5.9686628E-02  -7.0519856E-04   1.2577784E-03   3.8516706E-05   3.6970819E-04  -2.7885381E-02  -1.3237591E-02   4.8684379E-03  -8.9750278E-03   2.2913763E-03   3.1454540E-05  -6.6629906E-05   3.1913287E-04  -2.6265301E-05   7.0880610E-05  -4.7422196E-05  -1.9354279E-06  -9.5376048E-06   9.2150106E-07  -1.5793948E-06
 -2.9950382E-07   7.4664859E-06  -3.7656062E-07   5.9814384E-06   3.5648446E-05  -1.8382505E-05  -2.1151859E-05   2.7987051E-04   9.5483078E-07   4.4458157E-02  -1.5959781E-03  -7.0519856E-04   9.1883057E-03  -2.2780224E-04  -1.4750982E-03   1.0030638E-03   1.3861103E-02   1.3203838E-02  -6.3696632E-04   7.3451838E-03   1.5072776E-03  -4.3316004E-05   2.7201491E-04  -1.5155947E-04  -1.9316917E-03   2.8510366E-05  -3.1856635E-05  -6.4750945E-06  -5.5777339E-05   7.6503571E-07   9.6912020E-07
  1.2047343E-08  -3.9411932E-07  -3.1467100E-07   1.2200865E-05   1.8290683E-05  -4.4820882E-06   2.5466921E-06  -1.7247254E-05  -2.4006463E-06  -2.7674993E-03   1.9368700E-02   1.2577784E-03  -2.2780224E-04   8.2022072E-02   6.7706464E-05   6.3865621E-04   6.3455272E-02   9.6808033E-03   1.2678057E-02  -1.2467618E-02  -2.7873611E-03  -2.1154049E-05  -3.5925059E-04   1.1611522E-05   1.3814584E-03  -1.4678703E-04   3.7529996E-04   1.9669540E-04   3.7520908E-04  -1.0535375E-07  -1.5433348E-07
 -2.5345319E-07  -6.3969076E-08   7.2639083E-08  -6.5332816E-06  -7.6647674E-06   1.2121513E-06  -2.4401741E-06  -8.7281406E-05   1.5159885E-06   4.3319678E-03  -4.2971005E-02   3.8516706E-05  -1.4750982E-03   6.7706464E-05   7.5637908E-02  -4.5832500E-03  -4.7958414E-03   1.0401197E-03  -1.1437671E-02   7.3463871E-03  -1.5186610E-03   3.2095481E-04  -6.5129096E-04   3.4657537E-04   1.5292670E-03   6.3063285E-05   8.1353886E-05  -2.2024004E-05   4.1858079E-04  -1.1572187E-06   1.1116996E-06
 -3.3409238E-07  -9.0444450E-06   7.6454272E-07  -9.0137751E-06  -5.8323361E-05   2.0093245E-05   4.2923971E-05  -8.3285043E-04  -4.7753928E-06  -9.7537061E-03   4.3309879E-02   3.6970819E-04   1.0030638E-03   6.3865621E-04  -4.5832500E-03   8.0442598E-02  -4.7646052E-03  -1.1166337E-02  -1.3595876E-02   4.8868583E-03   8.7916489E-04  -3.0182305E-05   6.4902150E-05  -4.4531805E-06  -1.8338459E-03   3.0723540E-05  -5.3338936E-06  -7.0816735E-05   8.0330065E-05   9.2332378E-07   1.2182438E-06
 -2.4885491E-04   1.2072497E-03  -3.1922129E-05  -1.8388470E-03   1.1888595E-02  -3.2148019E-02  -3.7583814E-02   8.5432916E-03   2.8465553E-03  -3.2892756E-02  -1.4892831E-01  -2.7885381E-02   1.3861103E-02   6.3455272E-02  -4.7958414E-03  -4.7646052E-03   6.3506231E+02   7.2386299E+01  -6.6147223E+01   4.0416138E+01  -2.4937038E+01  -8.5954735E-01   1.1015723E-01  -3.1862881E-01   1.2540127E+01  -1.5194692E-01   3.6040158E-01  -2.8453293E-01  -1.9541033E-01   6.8016670E-03   3.4084737E-03
 -3.3986967E-04   2.0549094E-03  -1.6693340E-04  -2.9737541E-03   3.5663604E-03  -1.4561161E-02  -1.6202071E-02   2.2262852E-03   3.0264246E-04  -3.5771467E-02  -3.4984348E-02  -1.3237591E-02   1.3203838E-02   9.6808033E-03   1.0401197E-03  -1.1166337E-02   7.2386299E+01   7.4335461E+01   4.7180849E+00   1.1010654E+01  -8.5875105E-01  -1.2895289E-02   5.0058867E-01   8.4241926E-01  -7.1211486E+00  -3.5858795E-02  -2.0887518E-01   2.8474211E-02   6.6908970E-02   8.5136446E-04   1.0052173E-03
 -6.4841979E-05   2.8752361E-04  -1.3538870E-04  -7.1077057E-04   4.8071870E-03   1.0760963E-02   1.4265524E-02  -2.4077077E-03   1.5926970E-03  -1.2674298E-02   3.9062702E-02   4.8684379E-03  -6.3696632E-04   1.2678057E-02  -1.1437671E-02  -1.3595876E-02  -6.6147223E+01   4.7180849E+00   1.8262576E+02  -8.8469084E+01   2.4713734E+00   3.8429535E-01  -1.1270037E+00   3.7168797E-01  -7.7077321E+00  -4.2522192E-02  -3.2448303E-01   5.7633703E-01   1.9528438E-02   1.7715311E-03  -8.0485082E-03
 -9.3343357E-05   5.9646985E-04  -5.2588257E-06  -8.6596901E-04   4.4135304E-04  -9.4520596E-03  -1.1585942E-02   1.1012145E-03   3.8495893E-04   1.0830352E-02  -2.2709956E-02  -8.9750278E-03   7.3451838E-03  -1.2467618E-02   7.3463871E-03   4.8868583E-03   4.0416138E+01   1.1010654E+01  -8.8469084E+01   5.6303276E+01   1.6109825E+00  -7.7085890E-02   7.7872984E-01  -2.8361326E-01  -2.1907698E+00   1.7186083E-02   1.9900551E-01  -4.7248330E-01  -1.3084887E-01  -5.8587792E-04   3.3939950E-03
  1.7041034E-05  -8.5757838E-05   9.1234390E-06   2.9502244E-05  -4.0065803E-04   9.2373108E-04   1.2097796E-03  -8.8962987E-05  -3.3003513E-05   9.2283596E-03   9.8682932E-04   2.2913763E-03   1.5072776E-03  -2.7873611E-03  -1.5186610E-03   8.7916489E-04  -2.4937038E+01  -8.5875105E-01   2.4713734E+00   1.6109825E+00   4.2488004E+00   9.8680068E-02   1.3804521E-01  -4.3244457E-02  -3.5363026E+00  -5.5450710E-03  -3.4963996E-03   6.0583926E-03   4.9310849E-02   4.4304861E-04  -2.3726622E-04
 -3.2270274E-07  -6.2423919E-08  -7.0701228E-07  -1.9169922E-06   1.3477313E-07   7.6785059E-05   9.6936103E-05  -1.7373906E-05  -9.5120618E-07   3.4883731E-05  -1.2709073E-04   3.1454540E-05  -4.3316004E-05  -2.1154049E-05   3.2095481E-04  -3.0182305E-05  -8.5954735E-01  -1.2895289E-02   3.8429535E-01  -7.7085890E-02   9.8680068E-02   1.5674512E-02  -1.6229830E-02   1.2234164E-02  -1.0848915E-01  -3.3409766E-04  -1.4869290E-03  -2.3267253E-03   5.2133703E-03   1.7704656E-05  -3.7318641E-05
 -9.8266086E-07   1.0738611E-05   4.7648868E-07  -2.5502705E-05  -3.7590620E-05  -1.6741777E-04  -2.0673878E-04  -1.7820662E-07  -1.7535790E-06   9.7850211E-04  -3.7078798E-04  -6.6629906E-05   2.7201491E-04  -3.5925059E-04  -6.5129096E-04   6.4902150E-05   1.1015723E-01   5.0058867E-01  -1.1270037E+00   7.7872984E-01   1.3804521E-01  -1.6229830E-02   6.4082756E-02   2.8829873E-03  -1.3238688E-01   4.6888686E-04   7.3740373E-03  -7.9865137E-04  -1.7545977E-02  -1.0094682E-05   9.6680923E-05
 -1.0360199E-07  -4.8030083E-07  -4.7395379E-08   5.2905503E-06   3.6730338E-05   7.8724905E-05   8.1643755E-05  -2.2048049E-05   2.0436934E-06  -8.8057848E-04  -4.5570767E-04   3.1913287E-04  -1.5155947E-04   1.1611522E-05   3.4657537E-04  -4.4531805E-06  -3.1862881E-01   8.4241926E-01   3.7168797E-01  -2.8361326E-01  -4.3244457E-02   1.2234164E-02   2.8829873E-03   8.2794310E-02   3.4359824E-02  -1.8645548E-04  -5.7186375E-05   1.2652564E-03   1.0534224E-03   1.2655030E-05  -4.0543943E-06
 -1.1140669E-05   7.6697635E-05   5.0892984E-07   2.3265316E-06  -1.6126824E-04  -2.6375004E-03  -3.0297571E-03   4.8064699E-04  -4.3697644E-05  -7.8663347E-03  -5.7537165E-03  -2.6265301E-05  -1.9316917E-03   1.3814584E-03   1.5292670E-03  -1.8338459E-03   1.2540127E+01  -7.1211486E+00  -7.7077321E+00  -2.1907698E+00  -3.5363026E+00  -1.0848915E-01  -1.3238688E-01   3.4359824E-02   7.4791485E+00   6.7437742E-03   6.7178042E-04  -1.9250160E-03  -4.3998993E-02  -3.6439780E-04   1.3360579E-04
  7.5818976E-07  -2.9000419E-06   1.0251207E-06   4.3872056E-06  -3.5807428E-06   2.4490876E-05  -4.5988321E-05   6.3895285E-06   1.8661412E-06  -3.1483707E-04  -1.2099515E-03   7.0880610E-05   2.8510366E-05  -1.4678703E-04   6.3063285E-05   3.0723540E-05  -1.5194692E-01  -3.5858795E-02  -4.2522192E-02   1.7186083E-02  -5.5450710E-03  -3.3409766E-04   4.6888686E-04  -1.8645548E-04   6.7437742E-03   3.8001162E-02   3.0564949E-03  -4.9343039E-05   6.1684923E-04   3.5119458E-05  -2.4227177E-06
  1.0124538E-07   2.0535050E-06  -4.1507128E-07  -7.5108476E-06  -9.5113060E-05  -4.1940059E-05  -6.7233924E-05   1.7046131E-05  -1.1515207E-06   1.4512773E-04   8.6952976E-06  -4.7422196E-05  -3.1856635E-05   3.7529996E-04   8.1353886E-05  -5.3338936E-06   3.6040158E-01  -2.0887518E-01  -3.2448303E-01   1.9900551E-01  -3.4963996E-03  -1.4869290E-03   7.3740373E-03  -5.7186375E-05   6.7178042E-04   3.0564949E-03   3.1169401E-02  -9.1631472E-04   5.2509689E-03  -7.9961995E-05  -3.9983619E-05
  7.7120654E-07  -4.3870175E-06   4.7346865E-07   7.8717463E-06   1.6482333E-05   4.9531498E-05   4.8928321E-05   2.2732966E-06   4.9096575E-06   1.1085153E-04  -5.1341084E-04  -1.9354279E-06  -6.4750945E-06   1.9669540E-04  -2.2024004E-05  -7.0816735E-05  -2.8453293E-01   2.8474211E-02   5.7633703E-01  -4.7248330E-01   6.0583926E-03  -2.3267253E-03  -7.9865137E-04   1.2652564E-03  -1.9250160E-03  -4.9343039E-05  -9.1631472E-04   1.0717188E-02   8.6292919E-03   3.7405581E-06   6.0695900E-05
  8.8653089E-08  -6.1427660E-07   1.7981215E-07   7.0216168E-06  -9.1668021E-06  -5.7584007E-06  -2.0823417E-05   3.7304445E-05  -6.3142651E-06  -1.0157269E-04  -9.2991031E-04  -9.5376048E-06  -5.5777339E-05   3.7520908E-04   4.1858079E-04   8.0330065E-05  -1.9541033E-01   6.6908970E-02   1.9528438E-02  -1.3084887E-01   4.9310849E-02   5.2133703E-03  -1.7545977E-02   1.0534224E-03  -4.3998993E-02   6.1684923E-04   5.2509689E-03   8.6292919E-03   2.6544511E-02  -2.4563526E-06   5.7697987E-05
  8.5491637E-09  -5.7947409E-08   8.0623570E-09   9.4483291E-08   7.7112497E-07  -2.3897122E-07  -2.1785166E-07   2.1702280E-08  -4.7166638E-09  -8.0269112E-08  -1.9496195E-06   9.2150106E-07   7.6503571E-07  -1.0535375E-07  -1.1572187E-06   9.2332378E-07   6.8016670E-03   8.5136446E-04   1.7715311E-03  -5.8587792E-04   4.4304861E-04   1.7704656E-05  -1.0094682E-05   1.2655030E-05  -3.6439780E-04   3.5119458E-05  -7.9961995E-05   3.7405581E-06  -2.4563526E-06   1.1149480E-06   3.7606645E-08
 -2.9147159E-09   2.6122298E-08   7.5237372E-09   2.4937407E-08   1.7394853E-07  -5.4711760E-07  -9.4639186E-07   5.6134692E-08  -6.8036849E-08   4.0785521E-06  -4.4383452E-06  -1.5793948E-06   9.6912020E-07  -1.5433348E-07   1.1116996E-06   1.2182438E-06   3.4084737E-03   1.0052173E-03  -8.0485082E-03   3.3939950E-03  -2.3726622E-04  -3.7318641E-05   9.6680923E-05  -4.0543943E-06   1.3360579E-04  -2.4227177E-06  -3.9983619E-05   6.0695900E-05   5.7697987E-05   3.7606645E-08   2.4739498E-06
