# omegabh2 omegach2 theta tau logA ns calPlanck acib217 xi asz143 aps100 aps143 aps143217 aps217 aksz kgal100 kgal143 kgal143217 kgal217 cal0 cal2
  3.5593136E-08  -3.6149834E-08   1.6183408E-08   1.7849057E-07   3.5143993E-07   2.4123251E-07   1.1475035E-10  -1.4808356E-04   4.4089241E-06   3.9116595E-05  -7.2403028E-04  -3.9926997E-04  -9.6454193E-05  -2.0412631E-05  -5.4180379E-05   5.1453674E-06   5.7554376E-07   6.0421186E-06   4.0603951E-05   5.8586571E-09  -2.3895030E-09
 -3.6149834E-08   1.0877925E-06  -2.5344919E-08  -2.7418367E-06  -3.5528031E-06  -2.2583228E-06  -3.4688855E-07   3.3180152E-05  -4.9186390E-06  -4.2694984E-05   2.7785931E-04   2.1419974E-04   6.6073841E-05   6.1086808E-05   8.5438363E-06   3.1758983E-05   3.1562286E-05   2.9864129E-05   1.5009875E-04  -7.5644868E-09   3.4390564E-08
  1.6183408E-08  -2.5344919E-08   1.6693438E-07   3.4246942E-07   9.4925820E-07   2.8748940E-07   6.7845974E-08  -4.5338704E-05   3.6693452E-06   2.9883856E-06   1.1527113E-04   6.6926812E-05   6.5697978E-05   4.8877633E-05  -5.3862122E-06   2.2857430E-05   6.4035614E-06   5.2776901E-05   8.1298348E-05   1.2652010E-08  -1.5028759E-08
  1.7849057E-07  -2.7418367E-06   3.4246942E-07   5.0047327E-05   9.4300024E-05   7.1417810E-06   5.4527628E-07  -4.6654246E-04  -3.5690744E-05   4.4113012E-04  -8.8580661E-04  -2.0163095E-03  -2.6772557E-03  -1.5321010E-03  -8.8805072E-04   4.4501095E-04   3.8576428E-04   1.4026663E-03   2.0340224E-03   1.1571429E-08  -1.0596176E-07
  3.5143993E-07  -3.5528031E-06   9.4925820E-07   9.4300024E-05   2.0750780E-04   8.9337009E-06   1.2294600E-05  -1.4851785E-03  -6.9373409E-05   3.5669787E-04   6.4828461E-03  -3.4200787E-03  -4.9925027E-03   2.1247871E-03  -2.0726649E-03   5.5538582E-04   4.4141821E-04   1.9057885E-03   5.8656813E-03   1.6697945E-07  -1.6455218E-07
  2.4123251E-07  -2.2583228E-06   2.8748940E-07   7.1417810E-06   8.9337009E-06   1.6519274E-05   9.3817262E-07  -4.6766957E-03   1.2514945E-04   1.2343706E-03  -2.6320688E-02  -7.8305623E-03   2.7204105E-03   5.3921847E-03  -2.7224674E-03   5.3891674E-04  -2.4512514E-04  -3.0109965E-04   1.2277993E-03   5.0970026E-08  -1.2008027E-07
  1.1475035E-10  -3.4688855E-07   6.7845974E-08   5.4527628E-07   1.2294600E-05   9.3817262E-07   6.0519187E-06   3.0315555E-04  -1.3147416E-05  -1.4707700E-04   5.2802178E-03  -1.6948511E-04  -5.9835252E-04   1.2149775E-03   1.9450745E-04   4.6224986E-08   9.7037149E-05  -2.0845432E-04   9.4950254E-04  -9.1200069E-09   1.4343525E-08
 -1.4808356E-04   3.3180152E-05  -4.5338704E-05  -4.6654246E-04  -1.4851785E-03  -4.6766957E-03   3.0315555E-04   4.5323497E+01  -3.7166687E-01  -1.4253071E+00   3.6217103E+01   2.4014029E+00  -1.4532810E+01  -5.6733134E+01   1.2339304E-01   1.7085586E-01   3.6495444E-01  -6.6469466E+00  -3.5048831E+01  -3.4120594E-04   6.8284213E-04
  4.4089241E-06  -4.9186390E-06   3.6693452E-06  -3.5690744E-05  -6.9373409E-05   1.2514945E-04  -1.3147416E-05  -3.7166687E-01   8.3054663E-02  -3.8786966E-02  -4.5880421E-01   8.5140035E-01   1.6879866E+00   5.9434331E-01   4.2601446E-02  -2.7123875E-02   1.8156895E-02   1.0416290E-01   1.1476185E-01   7.1132733E-06  -5.4176824E-06
  3.9116595E-05  -4.2694984E-05   2.9883856E-06   4.4113012E-04   3.5669787E-04   1.2343706E-03  -1.4707700E-04  -1.4253071E+00  -3.8786966E-02   3.7895589E+00  -2.8712601E+01  -3.5116775E+00   7.8670674E+00   6.2371567E+00  -2.7528574E+00  -1.7104759E-01   1.4829533E-01   2.5039269E+00   3.2569461E+00   1.3995317E-04  -9.2622818E-05
 -7.2403028E-04   2.7785931E-04   1.1527113E-04  -8.8580661E-04   6.4828461E-03  -2.6320688E-02   5.2802178E-03   3.6217103E+01  -4.5880421E-01  -2.8712601E+01   7.6902793E+02   7.5200978E+01  -4.8750283E+01  -5.9910840E+01   1.3506111E+01  -6.3637531E+00   6.8338748E+00  -7.7808296E+00  -1.6546040E+01   3.6543128E-03   1.0204429E-03
 -3.9926997E-04   2.1419974E-04   6.6926812E-05  -2.0163095E-03  -3.4200787E-03  -7.8305623E-03  -1.6948511E-04   2.4014029E+00   8.5140035E-01  -3.5116775E+00   7.5200978E+01   6.4282109E+01   3.9125223E+01   1.4789956E+01  -4.7637732E+00  -8.4456068E-01  -1.0243410E+00   3.9020877E+00   4.7760217E+00   1.2840442E-05   7.6789547E-05
 -9.6454193E-05   6.6073841E-05   6.5697978E-05  -2.6772557E-03  -4.9925027E-03   2.7204105E-03  -5.9835252E-04  -1.4532810E+01   1.6879866E+00   7.8670674E+00  -4.8750283E+01   3.9125223E+01   8.6620752E+01   5.6534869E+01  -1.2101879E+01  -1.1092554E+00  -5.5335080E-01   4.5263791E+00   7.6147694E+00   6.6929532E-04  -6.7816793E-04
 -2.0412631E-05   6.1086808E-05   4.8877633E-05  -1.5321010E-03   2.1247871E-03   5.3921847E-03   1.2149775E-03  -5.6733134E+01   5.9434331E-01   6.2371567E+00  -5.9910840E+01   1.4789956E+01   5.6534869E+01   1.0863308E+02  -9.8801453E+00  -7.7798934E-01  -9.0635979E-01   6.4690654E+00   3.5686037E+01   7.4354391E-04  -1.4127336E-03
 -5.4180379E-05   8.5438363E-06  -5.3862122E-06  -8.8805072E-04  -2.0726649E-03  -2.7224674E-03   1.9450745E-04   1.2339304E-01   4.2601446E-02  -2.7528574E+00   1.3506111E+01  -4.7637732E+00  -1.2101879E+01  -9.8801453E+00   6.1620481E+00   1.1650889E-01  -2.9088884E-01  -2.1487913E+00  -2.3626222E+00  -1.3707418E-04   4.4948272E-05
  5.1453674E-06   3.1758983E-05   2.2857430E-05   4.4501095E-04   5.5538582E-04   5.3891674E-04   4.6224986E-08   1.7085586E-01  -2.7123875E-02  -1.7104759E-01  -6.3637531E+00  -8.4456068E-01  -1.1092554E+00  -7.7798934E-01   1.1650889E-01   3.3810061E+00   4.1417345E-01  -8.1333941E-02  -2.9067650E-02   1.8130181E-04   2.3564673E-05
  5.7554376E-07   3.1562286E-05   6.4035614E-06   3.8576428E-04   4.4141821E-04  -2.4512514E-04   9.7037149E-05   3.6495444E-01   1.8156895E-02   1.4829533E-01   6.8338748E+00  -1.0243410E+00  -5.5335080E-01  -9.0635979E-01  -2.9088884E-01   4.1417345E-01   3.3584201E+00   3.0153882E+00   3.1786145E+00  -1.7535212E-04  -3.6526654E-05
  6.0421186E-06   2.9864129E-05   5.2776901E-05   1.4026663E-03   1.9057885E-03  -3.0109965E-04  -2.0845432E-04  -6.6469466E+00   1.0416290E-01   2.5039269E+00  -7.7808296E+00   3.9020877E+00   4.5263791E+00   6.4690654E+00  -2.1487913E+00  -8.1333941E-02   3.0153882E+00   1.1484564E+01   2.0695814E+01  -2.5062726E-05   3.9579978E-04
  4.0603951E-05   1.5009875E-04   8.1298348E-05   2.0340224E-03   5.8656813E-03   1.2277993E-03   9.4950254E-04  -3.5048831E+01   1.1476185E-01   3.2569461E+00  -1.6546040E+01   4.7760217E+00   7.6147694E+00   3.5686037E+01  -2.3626222E+00  -2.9067650E-02   3.1786145E+00   2.0695814E+01   5.6867442E+01   1.3487494E-04   9.5849776E-04
  5.8586571E-09  -7.5644868E-09   1.2652010E-08   1.1571429E-08   1.6697945E-07   5.0970026E-08  -9.1200069E-09  -3.4120594E-04   7.1132733E-06   1.3995317E-04   3.6543128E-03   1.2840442E-05   6.6929532E-04   7.4354391E-04  -1.3707418E-04   1.8130181E-04  -1.7535212E-04  -2.5062726E-05   1.3487494E-04   4.0502848E-07   4.8062162E-09
 -2.3895030E-09   3.4390564E-08  -1.5028759E-08  -1.0596176E-07  -1.6455218E-07  -1.2008027E-07   1.4343525E-08   6.8284213E-04  -5.4176824E-06  -9.2622818E-05   1.0204429E-03   7.6789547E-05  -6.7816793E-04  -1.4127336E-03   4.4948272E-05   2.3564673E-05  -3.6526654E-05   3.9579978E-04   9.5849776E-04   4.8062162E-09   3.8742104E-07
