# omegabh2 omegach2 theta tau mnu nnu logA ns calPlanck acib217 xi asz143 aps100 aps143 aps143217 aps217 aksz kgal100 kgal143 kgal143217 kgal217 galfTE100 galfTE100143 galfTE100217 galfTE143 galfTE143217 galfTE217 cal0 cal2
  5.2469928E-08   3.3382257E-07  -3.0913224E-08   3.7458420E-07  -5.1915908E-06   3.2529051E-05   1.8151074E-06   1.5995995E-06   1.7036900E-08   6.0251126E-05  -1.9124767E-06   1.6732606E-06   1.8355159E-04   7.6041611E-05   6.7582071E-06  -2.8623614E-05   1.3616729E-05   1.8117112E-05   1.7842474E-05   1.5455752E-05  -8.8788790E-06   1.6912371E-08  -7.2125553E-09  -1.9356042E-07  -2.8482951E-07  -5.9773505E-07  -1.9181573E-06  -2.2286514E-10  -4.0618300E-10
  3.3382257E-07   9.1677051E-06  -1.0048334E-06   4.7092341E-07   6.0091361E-06   5.1983256E-04   2.4878135E-05   1.6149676E-05  -4.1638856E-08   2.3984520E-03  -4.9422913E-05  -5.2012463E-04   1.2341160E-02   6.3242436E-03   1.9332040E-03  -1.1580009E-04   9.4759688E-04   1.9682375E-04   3.5446020E-04   3.7793474E-04  -2.6946186E-04  -7.3047340E-07   7.3313225E-07   9.8032761E-08   3.6449404E-06   2.1959269E-06   1.9589437E-05  -1.6587779E-08   2.5091032E-08
 -3.0913224E-08  -1.0048334E-06   1.9866945E-07  -8.1734196E-08  -5.3755033E-06  -5.8615211E-05  -2.6805583E-06  -1.7587971E-06   7.3185381E-09  -2.7790518E-04   5.0818213E-06   6.8697188E-05  -1.4728306E-03  -7.2026080E-04  -1.9662672E-04   5.7265777E-05  -1.1899251E-04  -2.2467727E-05  -4.0718981E-05  -4.3083397E-05   2.5263006E-05   2.1135216E-07  -4.8334875E-09   1.2205530E-07  -4.6733501E-07  -3.1690938E-07  -2.8155906E-06   1.2860541E-09  -3.2030396E-09
  3.7458420E-07   4.7092341E-07  -8.1734196E-08   5.9435750E-05   3.1109304E-05   2.0325753E-04   1.2040555E-04   1.6018248E-05  -1.2209509E-07  -9.9154669E-04   1.5763404E-05   3.2272251E-04  -6.2688316E-03  -2.4559422E-03  -2.4042463E-04   7.2105059E-04  -4.5441948E-04   1.2381112E-04  -1.0247299E-04  -3.5981941E-04  -4.7294698E-04   8.2626428E-07   9.5634043E-07   2.6225071E-06   3.5986503E-06  -4.9533799E-06  -4.1542906E-05  -2.4389601E-08  -4.3806113E-08
 -5.1915908E-06   6.0091361E-06  -5.3755033E-06   3.1109304E-05   8.8762926E-03  -1.3935971E-03   4.6393584E-05  -1.3124562E-04   6.8828081E-06   2.1913850E-02  -2.6580888E-04  -4.9391221E-03   8.7042296E-02   4.8255565E-02   1.9978808E-02  -3.6136063E-03   7.6766419E-03  -1.3210406E-03   3.7099081E-04   1.0434265E-03  -2.9350459E-03  -3.0392918E-05  -1.1478912E-05   2.3883304E-05   2.8983058E-05   2.3569012E-04   7.0418775E-04  -1.3420166E-07   1.3015169E-06
  3.2529051E-05   5.1983256E-04  -5.8615211E-05   2.0325753E-04  -1.3935971E-03   3.6953239E-02   1.8076373E-03   1.4560217E-03   3.6451201E-06   1.5986460E-01  -3.4935488E-03  -2.7676122E-02   7.4735044E-01   3.6476492E-01   9.4852540E-02  -3.8501365E-02   6.2135623E-02   1.7930234E-02   2.7268182E-02   2.9123601E-02  -1.6608823E-02  -1.1275135E-05   5.0636267E-05  -8.6580458E-05   9.1703616E-05  -9.8536943E-05   1.9056249E-04  -1.4174216E-06   1.8600737E-06
  1.8151074E-06   2.4878135E-05  -2.6805583E-06   1.2040555E-04   4.6393584E-05   1.8076373E-03   3.3509078E-04   7.6415219E-05   1.2077575E-05   3.2527607E-03  -3.0167049E-05  -6.3538045E-04   2.0798551E-02   1.3119452E-02   7.9411344E-03   8.0990299E-03   6.7303614E-04   4.0169087E-04   1.3645207E-04  -3.3669428E-04  -9.7069929E-05   1.0095597E-06   4.2805608E-06  -1.6035122E-06   1.6241545E-05  -8.4634108E-06  -3.8254353E-05   2.0663097E-08  -1.2964777E-07
  1.5995995E-06   1.6149676E-05  -1.7587971E-06   1.6018248E-05  -1.3124562E-04   1.4560217E-03   7.6415219E-05   7.6811249E-05   5.1655043E-07   1.8921912E-03  -5.4936731E-05  -9.4274300E-05   4.3059251E-03   6.5710126E-03   4.1700062E-03   2.3805858E-03   4.1200601E-04   1.0777203E-03   7.1078438E-04   7.6503350E-04   5.1270179E-04   4.6115164E-07   2.8338654E-06  -2.9635028E-06   1.0094628E-06  -9.0839739E-06  -2.8774647E-05  -1.6166686E-07   5.4243240E-09
  1.7036900E-08  -4.1638856E-08   7.3185381E-09  -1.2209509E-07   6.8828081E-06   3.6451201E-06   1.2077575E-05   5.1655043E-07   6.1773193E-06   3.5204822E-04   1.0390780E-05   1.3586987E-05   2.9715041E-03   8.5666951E-04   8.5425820E-04   1.8680126E-03  -4.5114270E-05  -3.1696395E-05  -2.4059186E-05  -3.9434389E-05   8.3612690E-04   6.2516289E-07   7.8418923E-08  -2.9715812E-06   1.3037804E-07  -9.2108642E-07   3.9735300E-07  -1.2843551E-08  -3.6015137E-08
  6.0251126E-05   2.3984520E-03  -2.7790518E-04  -9.9154669E-04   2.1913850E-02   1.5986460E-01   3.2527607E-03   1.8921912E-03   3.5204822E-04   4.5438801E+01  -3.9642221E-01  -1.0596989E+00   3.8882569E+01   3.3624010E+00  -1.2774756E+01  -5.5856629E+01   3.2496989E-01   1.8685882E-01   6.8266597E-01  -5.7992161E+00  -3.3885100E+01   1.6200002E-03   2.3935983E-03  -3.1326707E-03  -6.2097378E-04   3.1611951E-03   2.0267325E-02  -2.3138116E-04   7.3809852E-04
 -1.9124767E-06  -4.9422913E-05   5.0818213E-06   1.5763404E-05  -2.6580888E-04  -3.4935488E-03  -3.0167049E-05  -5.4936731E-05   1.0390780E-05  -3.9642221E-01   8.0368492E-02  -3.2172656E-02  -7.0090575E-01   8.8161636E-01   1.6993035E+00   6.4980033E-01   3.1800711E-02  -4.3335275E-03   1.4611600E-03   9.8942331E-02   1.3551221E-01  -3.8698417E-05   3.4723353E-05  -3.7600809E-05   2.2841566E-05  -1.7763062E-04  -7.9773938E-04   4.9498113E-06  -2.0987891E-06
  1.6732606E-06  -5.2012463E-04   6.8697188E-05   3.2272251E-04  -4.9391221E-03  -2.7676122E-02  -6.3538045E-04  -9.4274300E-05   1.3586987E-05  -1.0596989E+00  -3.2172656E-02   3.7703909E+00  -3.0155632E+01  -3.5544238E+00   7.3248343E+00   5.1605003E+00  -2.5783079E+00  -2.0398416E-01   1.3891048E-01   2.6096404E+00   3.3381318E+00  -3.7848830E-04   1.3054254E-04   1.4089029E-03   2.8468458E-04   1.4303082E-03   1.7614540E-03   1.0929248E-04  -4.5707008E-05
  1.8355159E-04   1.2341160E-02  -1.4728306E-03  -6.2688316E-03   8.7042296E-02   7.4735044E-01   2.0798551E-02   4.3059251E-03   2.9715041E-03   3.8882569E+01  -7.0090575E-01  -3.0155632E+01   7.9782510E+02   7.6263331E+01  -5.0769474E+01  -5.8397686E+01   1.4000889E+01  -6.2987971E+00   6.5730508E+00  -1.1253965E+01  -2.4007630E+01   2.1190538E-03  -1.4198074E-02  -3.8534075E-02  -9.9869504E-04  -2.1085965E-02  -2.9953023E-02   3.6939777E-03   7.0773868E-04
  7.6041611E-05   6.3242436E-03  -7.2026080E-04  -2.4559422E-03   4.8255565E-02   3.6476492E-01   1.3119452E-02   6.5710126E-03   8.5666951E-04   3.3624010E+00   8.8161636E-01  -3.5544238E+00   7.6263331E+01   6.4532787E+01   4.0899250E+01   1.4491339E+01  -4.0105778E+00  -2.6832216E-01  -1.0937288E+00   3.4547081E+00   3.7337577E+00  -2.1991809E-04   4.9053669E-04  -4.5818851E-03   1.1708497E-03  -5.8147875E-04   3.7895368E-02   9.1348619E-05   1.3091284E-04
  6.7582071E-06   1.9332040E-03  -1.9662672E-04  -2.4042463E-04   1.9978808E-02   9.4852540E-02   7.9411344E-03   4.1700062E-03   8.5425820E-04  -1.2774756E+01   1.6993035E+00   7.3248343E+00  -5.0769474E+01   4.0899250E+01   8.4857638E+01   5.2352435E+01  -1.0974114E+01  -7.9372004E-01  -7.4594888E-01   4.7176344E+00   7.9524243E+00  -5.5687451E-04   1.7377325E-03   5.2637603E-03   3.9919355E-03   1.0063628E-03   7.4357755E-03   4.4235991E-04  -3.7501548E-04
 -2.8623614E-05  -1.1580009E-04   5.7265777E-05   7.2105059E-04  -3.6136063E-03  -3.8501365E-02   8.0990299E-03   2.3805858E-03   1.8680126E-03  -5.5856629E+01   6.4980033E-01   5.1605003E+00  -5.8397686E+01   1.4491339E+01   5.2352435E+01   1.0406622E+02  -8.8123371E+00  -6.0593549E-01  -1.3864552E+00   5.3124491E+00   3.4009295E+01  -8.7588832E-04  -5.6950582E-04   6.8835627E-03   3.4514897E-03  -7.0474489E-04  -1.0055574E-02   5.1197054E-04  -1.3776721E-03
  1.3616729E-05   9.4759688E-04  -1.1899251E-04  -4.5441948E-04   7.6766419E-03   6.2135623E-02   6.7303614E-04   4.1200601E-04  -4.5114270E-05   3.2496989E-01   3.1800711E-02  -2.5783079E+00   1.4000889E+01  -4.0105778E+00  -1.0974114E+01  -8.8123371E+00   5.5438717E+00   1.8325697E-01  -1.1263849E-01  -1.8730705E+00  -2.2573170E+00   4.0639674E-04  -5.0845649E-04  -6.5388955E-04  -2.8821772E-04  -1.5006835E-03  -8.1602050E-03  -7.7578155E-05   2.8234583E-05
  1.8117112E-05   1.9682375E-04  -2.2467727E-05   1.2381112E-04  -1.3210406E-03   1.7930234E-02   4.0169087E-04   1.0777203E-03  -3.1696395E-05   1.8685882E-01  -4.3335275E-03  -2.0398416E-01  -6.2987971E+00  -2.6832216E-01  -7.9372004E-01  -6.0593549E-01   1.8325697E-01   3.3965579E+00   5.2801573E-01   1.8139051E-01   9.5980815E-02  -6.2253343E-04   2.4999819E-05   1.1005075E-03  -6.4292099E-06  -8.4943311E-04   2.6885594E-03   1.9837832E-04  -2.0620666E-05
  1.7842474E-05   3.5446020E-04  -4.0718981E-05  -1.0247299E-04   3.7099081E-04   2.7268182E-02   1.3645207E-04   7.1078438E-04  -2.4059186E-05   6.8266597E-01   1.4611600E-03   1.3891048E-01   6.5730508E+00  -1.0937288E+00  -7.4594888E-01  -1.3864552E+00  -1.1263849E-01   5.2801573E-01   3.1764154E+00   2.7433981E+00   2.7735894E+00  -2.3337632E-04  -5.0305956E-04  -1.6995487E-03  -7.5966068E-04  -2.3122961E-03  -5.8279797E-03  -1.7375126E-04  -3.2648180E-05
  1.5455752E-05   3.7793474E-04  -4.3083397E-05  -3.5981941E-04   1.0434265E-03   2.9123601E-02  -3.3669428E-04   7.6503350E-04  -3.9434389E-05  -5.7992161E+00   9.8942331E-02   2.6096404E+00  -1.1253965E+01   3.4547081E+00   4.7176344E+00   5.3124491E+00  -1.8730705E+00   1.8139051E-01   2.7433981E+00   1.0793803E+01   1.9356857E+01  -1.3312604E-03  -1.0788312E-03  -3.5119315E-03  -7.3527398E-04  -5.1063988E-04   5.7999331E-03  -4.1089739E-06   3.9265274E-04
 -8.8788790E-06  -2.6946186E-04   2.5263006E-05  -4.7294698E-04  -2.9350459E-03  -1.6608823E-02  -9.7069929E-05   5.1270179E-04   8.3612690E-04  -3.3885100E+01   1.3551221E-01   3.3381318E+00  -2.4007630E+01   3.7337577E+00   7.9524243E+00   3.4009295E+01  -2.2573170E+00   9.5980815E-02   2.7735894E+00   1.9356857E+01   5.4142515E+01  -3.2556437E-03  -3.6105121E-03  -5.2123756E-03  -2.3477514E-04  -5.4679461E-03  -2.9740123E-03   9.4349570E-05   8.7056565E-04
  1.6912371E-08  -7.3047340E-07   2.1135216E-07   8.2626428E-07  -3.0392918E-05  -1.1275135E-05   1.0095597E-06   4.6115164E-07   6.2516289E-07   1.6200002E-03  -3.8698417E-05  -3.7848830E-04   2.1190538E-03  -2.1991809E-04  -5.5687451E-04  -8.7588832E-04   4.0639674E-04  -6.2253343E-04  -2.3337632E-04  -1.3312604E-03  -3.2556437E-03   1.4296953E-03   2.6927537E-04   1.5517886E-04  -3.4536280E-04  -8.6909460E-05  -1.1970422E-05  -4.0907200E-07  -4.1139171E-09
 -7.2125553E-09   7.3313225E-07  -4.8334875E-09   9.5634043E-07  -1.1478912E-05   5.0636267E-05   4.2805608E-06   2.8338654E-06   7.8418923E-08   2.3935983E-03   3.4723353E-05   1.3054254E-04  -1.4198074E-02   4.9053669E-04   1.7377325E-03  -5.6950582E-04  -5.0845649E-04   2.4999819E-05  -5.0305956E-04  -1.0788312E-03  -3.6105121E-03   2.6927537E-04   8.8108806E-04   3.2607035E-05   7.6204427E-04   7.5174067E-05  -6.7209906E-04  -2.9380265E-07  -3.0317315E-07
 -1.9356042E-07   9.8032761E-08   1.2205530E-07   2.6225071E-06   2.3883304E-05  -8.6580458E-05  -1.6035122E-06  -2.9635028E-06  -2.9715812E-06  -3.1326707E-03  -3.7600809E-05   1.4089029E-03  -3.8534075E-02  -4.5818851E-03   5.2637603E-03   6.8835627E-03  -6.5388955E-04   1.1005075E-03  -1.6995487E-03  -3.5119315E-03  -5.2123756E-03   1.5517886E-04   3.2607035E-05   7.2512494E-03  -3.7554460E-04   7.1998362E-04   4.6616356E-03  -4.4907790E-08  -3.7552613E-07
 -2.8482951E-07   3.6449404E-06  -4.6733501E-07   3.5986503E-06   2.8983058E-05   9.1703616E-05   1.6241545E-05   1.0094628E-06   1.3037804E-07  -6.2097378E-04   2.2841566E-05   2.8468458E-04  -9.9869504E-04   1.1708497E-03   3.9919355E-03   3.4514897E-03  -2.8821772E-04  -6.4292099E-06  -7.5966068E-04  -7.3527398E-04  -2.3477514E-04  -3.4536280E-04   7.6204427E-04  -3.7554460E-04   2.9356737E-03   5.1282433E-04  -1.1192478E-03   2.8873459E-07  -2.1438268E-07
 -5.9773505E-07   2.1959269E-06  -3.1690938E-07  -4.9533799E-06   2.3569012E-04  -9.8536943E-05  -8.4634108E-06  -9.0839739E-06  -9.2108642E-07   3.1611951E-03  -1.7763062E-04   1.4303082E-03  -2.1085965E-02  -5.8147875E-04   1.0063628E-03  -7.0474489E-04  -1.5006835E-03  -8.4943311E-04  -2.3122961E-03  -5.1063988E-04  -5.4679461E-03  -8.6909460E-05   7.5174067E-05   7.1998362E-04   5.1282433E-04   6.5222012E-03   8.1225038E-03   8.7355968E-07  -6.0468328E-07
 -1.9181573E-06   1.9589437E-05  -2.8155906E-06  -4.1542906E-05   7.0418775E-04   1.9056249E-04  -3.8254353E-05  -2.8774647E-05   3.9735300E-07   2.0267325E-02  -7.9773938E-04   1.7614540E-03  -2.9953023E-02   3.7895368E-02   7.4357755E-03  -1.0055574E-02  -8.1602050E-03   2.6885594E-03  -5.8279797E-03   5.7999331E-03  -2.9740123E-03  -1.1970422E-05  -6.7209906E-04   4.6616356E-03  -1.1192478E-03   8.1225038E-03   7.2441675E-02   1.2423209E-06  -1.3703441E-06
 -2.2286514E-10  -1.6587779E-08   1.2860541E-09  -2.4389601E-08  -1.3420166E-07  -1.4174216E-06   2.0663097E-08  -1.6166686E-07  -1.2843551E-08  -2.3138116E-04   4.9498113E-06   1.0929248E-04   3.6939777E-03   9.1348619E-05   4.4235991E-04   5.1197054E-04  -7.7578155E-05   1.9837832E-04  -1.7375126E-04  -4.1089739E-06   9.4349570E-05  -4.0907200E-07  -2.9380265E-07  -4.4907790E-08   2.8873459E-07   8.7355968E-07   1.2423209E-06   3.7624218E-07   1.5323818E-10
 -4.0618300E-10   2.5091032E-08  -3.2030396E-09  -4.3806113E-08   1.3015169E-06   1.8600737E-06  -1.2964777E-07   5.4243240E-09  -3.6015137E-08   7.3809852E-04  -2.0987891E-06  -4.5707008E-05   7.0773868E-04   1.3091284E-04  -3.7501548E-04  -1.3776721E-03   2.8234583E-05  -2.0620666E-05  -3.2648180E-05   3.9265274E-04   8.7056565E-04  -4.1139171E-09  -3.0317315E-07  -3.7552613E-07  -2.1438268E-07  -6.0468328E-07  -1.3703441E-06   1.5323818E-10   3.8420124E-07
