# omegabh2 omegach2 theta tau nnu yhe logA ns calPlanck aps100 aps143 aps217 acib217 asz143 psr cibr xi aksz dust100 dust143 dust217 dust143x217 cal0 cal2 calTE calEE
  5.0834181E-08   2.7361030E-07   8.0940168E-09   4.0344634E-07   2.6156519E-05   1.3596754E-06   2.0304804E-06   1.6467506E-06   3.5129842E-08   5.7217800E-04   2.7599620E-04  -1.3326574E-04   1.8190264E-04  -6.3457501E-06  -1.2047443E-06   4.2381313E-06  -3.0560015E-06   4.1007886E-05  -2.5374504E-08   1.4072586E-06  -1.7044158E-07   6.1808095E-07   5.0041356E-09   2.5028002E-08   2.2013264E-07   3.2354917E-07
  2.7361030E-07   2.0906088E-05  -5.3577961E-06  -2.3174143E-06   1.3471206E-03  -6.3558083E-05   3.2704812E-05   1.4556381E-05  -1.6918270E-07   2.7100966E-04  -2.5292976E-03  -2.6147972E-03   5.0910575E-05  -2.7305061E-05  -1.4358251E-05  -1.3729433E-05  -2.4670006E-05   3.4020837E-04   1.6805023E-05  -2.1837382E-05   4.2907792E-06   7.9426731E-07   8.8717089E-08   1.8463460E-07  -2.0471719E-06  -3.6276183E-06
  8.0940168E-09  -5.3577961E-06   1.8587414E-06   7.1152050E-07  -3.5396966E-04   2.7144148E-05  -5.4020438E-06  -6.3062970E-08   1.1903316E-08   4.0478321E-03   3.2063322E-03   2.3279487E-05   1.3197768E-03  -8.4162086E-05  -3.0428620E-06   3.1700730E-05  -8.6636089E-06   1.9165734E-04  -9.0301088E-07   1.4313967E-05  -7.3832764E-06   8.7078706E-07  -2.4670415E-08   5.2599522E-08   1.7450161E-06   3.2812803E-06
  4.0344634E-07  -2.3174143E-06   7.1152050E-07   4.1810363E-05   4.8118925E-05   1.4214393E-05   8.0232394E-05   1.6127288E-05  -5.1169524E-07   1.6863325E-03  -7.3465104E-05  -2.1908342E-03   4.8301956E-04  -1.6543135E-04  -7.0737534E-06   4.6795694E-07   1.6031313E-06   1.7266853E-04  -6.8377382E-06   1.3982107E-05   1.2736317E-05   2.6233053E-05  -1.0621527E-07   3.3572743E-07  -7.2634546E-07   2.5165735E-06
  2.6156519E-05   1.3471206E-03  -3.5396966E-04   4.8118925E-05   9.2951699E-02  -4.1593935E-03   2.5560585E-03   1.3069547E-03   1.1056758E-05   9.0949972E-02  -1.6207886E-01  -1.8571338E-01   9.8258113E-03  -2.4512700E-03  -1.1606701E-03  -7.3954174E-04  -1.7989815E-03   2.4560689E-02   7.0355796E-04  -1.6462209E-03   4.9993793E-04   2.5030294E-04   1.0661534E-05   1.7153184E-05  -9.0808002E-05  -1.5174698E-04
  1.3596754E-06  -6.3558083E-05   2.7144148E-05   1.4214393E-05  -4.1593935E-03   4.9510882E-04  -8.8887541E-06   6.6967605E-05   3.2480763E-07   1.1749415E-01   7.9364125E-02  -1.2183828E-02   3.7828511E-02  -2.7002974E-03  -1.5104329E-04   7.9749776E-04  -3.2809973E-04   7.0283797E-03   2.7143864E-05   3.1063079E-04  -1.9500703E-04   4.0929038E-05  -4.3695090E-07   2.1857695E-06   4.4124280E-05   8.0063398E-05
  2.0304804E-06   3.2704812E-05  -5.4020438E-06   8.0232394E-05   2.5560585E-03  -8.8887541E-06   2.6867386E-04   8.9845188E-05   1.0923087E-05   3.6050123E-02   1.4300057E-02  -5.4650916E-03   9.2042722E-03  -7.2887262E-04  -5.5885337E-05   1.2571074E-04  -1.1885798E-04   1.9007428E-03   1.5163985E-05  -3.7548446E-05   7.2813233E-06   3.8408554E-05   6.0404008E-07   1.4674926E-06   4.7536564E-06   1.8988569E-05
  1.6467506E-06   1.4556381E-05  -6.3062970E-08   1.6127288E-05   1.3069547E-03   6.6967605E-05   8.9845188E-05   8.6316154E-05   1.4574443E-06   2.7855747E-02   1.9604353E-02  -2.4144259E-03   9.5497423E-03  -7.2636965E-04  -4.3391040E-05   1.9259059E-04  -1.4210364E-04   1.7894190E-03   1.9434702E-05   3.8305709E-05  -2.4727131E-05   1.6371550E-05  -1.1296003E-07   1.2258416E-06   1.5122215E-05   2.5291053E-05
  3.5129842E-08  -1.6918270E-07   1.1903316E-08  -5.1169524E-07   1.1056758E-05   3.2480763E-07   1.0923087E-05   1.4574443E-06   6.0834658E-06   1.9634320E-03   1.1678664E-04   1.7667983E-03   4.5654621E-04   1.1980880E-04   3.9545689E-06   2.0692169E-06  -7.6314399E-06  -1.0303888E-04   7.2029697E-08   4.8622274E-06   1.9768613E-06  -7.7761620E-06   8.9418810E-09  -1.4930955E-07  -1.2638417E-07   1.7483821E-07
  5.7217800E-04   2.7100966E-04   4.0478321E-03   1.6863325E-03   9.0949972E-02   1.1749415E-01   3.6050123E-02   2.7855747E-02   1.9634320E-03   6.7035364E+02   9.0207328E+01  -6.5594735E+01   4.7736567E+01  -2.5582957E+01  -9.5856771E-01   2.7359007E-01  -3.5716535E-01   1.2682492E+01  -6.5325565E-02   4.6564088E-01  -3.0599976E-01  -1.3871332E-01   7.4953999E-03   4.4545224E-03   1.8090606E-02   3.7339682E-02
  2.7599620E-04  -2.5292976E-03   3.2063322E-03  -7.3465104E-05  -1.6207886E-01   7.9364125E-02   1.4300057E-02   1.9604353E-02   1.1678664E-04   9.0207328E+01   8.4583546E+01   5.4197495E+00   1.5204311E+01  -1.1114824E+00  -6.7469685E-02   6.1853427E-01   8.0541762E-01  -6.5953975E+00  -4.2252288E-02  -1.6933283E-01   4.2891618E-03   7.6119342E-02   1.0588837E-03   1.1762544E-03   1.1493144E-02   2.2651360E-02
 -1.3326574E-04  -2.6147972E-03   2.3279487E-05  -2.1908342E-03  -1.8571338E-01  -1.2183828E-02  -5.4650916E-03  -2.4144259E-03   1.7667983E-03  -6.5594735E+01   5.4197495E+00   1.7440950E+02  -8.3597547E+01   2.7430754E+00   3.0897906E-01  -1.0091750E+00   3.5538560E-01  -8.0756103E+00  -4.0713418E-02  -2.8669253E-01   5.5658379E-01  -4.1471535E-02   1.4040113E-03  -7.6615392E-03  -3.1035770E-04  -1.9757013E-03
  1.8190264E-04   5.0910575E-05   1.3197768E-03   4.8301956E-04   9.8258113E-03   3.7828511E-02   9.2042722E-03   9.5497423E-03   4.5654621E-04   4.7736567E+01   1.5204311E+01  -8.3597547E+01   5.5284040E+01   1.1975588E+00  -5.0489370E-02   7.6651595E-01  -2.9621279E-01  -1.4363441E+00   1.4322656E-02   1.9951897E-01  -4.7181855E-01  -9.6425730E-02  -4.1894663E-04   3.1903160E-03   4.8232673E-03   9.6436616E-03
 -6.3457501E-06  -2.7305061E-05  -8.4162086E-05  -1.6543135E-04  -2.4512700E-03  -2.7002974E-03  -7.2887262E-04  -7.2636965E-04   1.1980880E-04  -2.5582957E+01  -1.1114824E+00   2.7430754E+00   1.1975588E+00   4.1292414E+00   9.7037696E-02   1.4128901E-01  -3.7897697E-02  -3.3466354E+00  -5.7096411E-03  -6.7752183E-03   1.0001208E-02   4.8784428E-02   3.9522820E-04  -2.8245533E-04  -2.5910773E-04  -8.6902887E-04
 -1.2047443E-06  -1.4358251E-05  -3.0428620E-06  -7.0737534E-06  -1.1606701E-03  -1.5104329E-04  -5.5885337E-05  -4.3391040E-05   3.9545689E-06  -9.5856771E-01  -6.7469685E-02   3.0897906E-01  -5.0489370E-02   9.7037696E-02   1.6438285E-02  -1.6953617E-02   1.2207238E-02  -9.7498554E-02  -1.6370919E-04  -1.2682978E-03  -2.7942392E-03   4.9290753E-03   1.4318241E-05  -3.9426426E-05  -1.9785363E-05  -4.4264022E-05
  4.2381313E-06  -1.3729433E-05   3.1700730E-05   4.6795694E-07  -7.3954174E-04   7.9749776E-04   1.2571074E-04   1.9259059E-04   2.0692169E-06   2.7359007E-01   6.1853427E-01  -1.0091750E+00   7.6651595E-01   1.4128901E-01  -1.6953617E-02   6.8765082E-02   2.8389037E-03  -1.3434112E-01   3.1914645E-04   7.1476942E-03  -3.5480482E-04  -1.7880908E-02  -5.7532327E-06   9.8950703E-05   1.0311075E-04   1.8651694E-04
 -3.0560015E-06  -2.4670006E-05  -8.6636089E-06   1.6031313E-06  -1.7989815E-03  -3.2809973E-04  -1.1885798E-04  -1.4210364E-04  -7.6314399E-06  -3.5716535E-01   8.0541762E-01   3.5538560E-01  -2.9621279E-01  -3.7897697E-02   1.2207238E-02   2.8389037E-03   8.2210563E-02   2.6722418E-02  -8.6440582E-04  -1.2963162E-04   1.2791759E-03   8.9674568E-04   1.3615003E-05  -9.2567451E-06  -6.1112331E-05  -7.9645262E-05
  4.1007886E-05   3.4020837E-04   1.9165734E-04   1.7266853E-04   2.4560689E-02   7.0283797E-03   1.9007428E-03   1.7894190E-03  -1.0303888E-04   1.2682492E+01  -6.5953975E+00  -8.0756103E+00  -1.4363441E+00  -3.3466354E+00  -9.7498554E-02  -1.3434112E-01   2.6722418E-02   7.3016915E+00   1.6725682E-02   6.0445135E-03  -1.0231839E-02  -4.4107671E-02  -3.5484116E-04   1.8729570E-04   5.9752188E-04   1.7315875E-03
 -2.5374504E-08   1.6805023E-05  -9.0301088E-07  -6.8377382E-06   7.0355796E-04   2.7143864E-05   1.5163985E-05   1.9434702E-05   7.2029697E-08  -6.5325565E-02  -4.2252288E-02  -4.0713418E-02   1.4322656E-02  -5.7096411E-03  -1.6370919E-04   3.1914645E-04  -8.6440582E-04   1.6725682E-02   3.7551101E-02   3.0806131E-03  -1.7893652E-04  -1.1593407E-04   3.3702813E-05  -4.6580632E-06   1.2933181E-06   2.0154335E-05
  1.4072586E-06  -2.1837382E-05   1.4313967E-05   1.3982107E-05  -1.6462209E-03   3.1063079E-04  -3.7548446E-05   3.8305709E-05   4.8622274E-06   4.6564088E-01  -1.6933283E-01  -2.8669253E-01   1.9951897E-01  -6.7752183E-03  -1.2682978E-03   7.1476942E-03  -1.2963162E-04   6.0445135E-03   3.0806131E-03   3.0513788E-02  -1.1869333E-03   5.2083732E-03  -7.8786239E-05  -4.1378420E-05  -5.8520776E-05  -2.9626848E-05
 -1.7044158E-07   4.2907792E-06  -7.3832764E-06   1.2736317E-05   4.9993793E-04  -1.9500703E-04   7.2813233E-06  -2.4727131E-05   1.9768613E-06  -3.0599976E-01   4.2891618E-03   5.5658379E-01  -4.7181855E-01   1.0001208E-02  -2.7942392E-03  -3.5480482E-04   1.2791759E-03  -1.0231839E-02  -1.7893652E-04  -1.1869333E-03   1.0977301E-02   8.4289891E-03   3.6261075E-06   6.5313904E-05  -2.7261710E-05  -5.4099181E-05
  6.1808095E-07   7.9426731E-07   8.7078706E-07   2.6233053E-05   2.5030294E-04   4.0929038E-05   3.8408554E-05   1.6371550E-05  -7.7761620E-06  -1.3871332E-01   7.6119342E-02  -4.1471535E-02  -9.6425730E-02   4.8784428E-02   4.9290753E-03  -1.7880908E-02   8.9674568E-04  -4.4107671E-02  -1.1593407E-04   5.2083732E-03   8.4289891E-03   2.6774882E-02  -4.2991608E-06   6.0582935E-05  -3.3574511E-05  -1.4659052E-05
  5.0041356E-09   8.8717089E-08  -2.4670415E-08  -1.0621527E-07   1.0661534E-05  -4.3695090E-07   6.0404008E-07  -1.1296003E-07   8.9418810E-09   7.4953999E-03   1.0588837E-03   1.4040113E-03  -4.1894663E-04   3.9522820E-04   1.4318241E-05  -5.7532327E-06   1.3615003E-05  -3.5484116E-04   3.3702813E-05  -7.8786239E-05   3.6261075E-06  -4.2991608E-06   1.1191652E-06   5.1802845E-08   4.7553481E-07   7.4654515E-07
  2.5028002E-08   1.8463460E-07   5.2599522E-08   3.3572743E-07   1.7153184E-05   2.1857695E-06   1.4674926E-06   1.2258416E-06  -1.4930955E-07   4.4545224E-03   1.1762544E-03  -7.6615392E-03   3.1903160E-03  -2.8245533E-04  -3.9426426E-05   9.8950703E-05  -9.2567451E-06   1.8729570E-04  -4.6580632E-06  -4.1378420E-05   6.5313904E-05   6.0582935E-05   5.1802845E-08   2.5243078E-06   6.6186247E-07   7.8601203E-07
  2.2013264E-07  -2.0471719E-06   1.7450161E-06  -7.2634546E-07  -9.0808002E-05   4.4124280E-05   4.7536564E-06   1.5122215E-05  -1.2638417E-07   1.8090606E-02   1.1493144E-02  -3.1035770E-04   4.8232673E-03  -2.5910773E-04  -1.9785363E-05   1.0311075E-04  -6.1112331E-05   5.9752188E-04   1.2933181E-06  -5.8520776E-05  -2.7261710E-05  -3.3574511E-05   4.7553481E-07   6.6186247E-07   2.8910741E-05   1.7390144E-05
  3.2354917E-07  -3.6276183E-06   3.2812803E-06   2.5165735E-06  -1.5174698E-04   8.0063398E-05   1.8988569E-05   2.5291053E-05   1.7483821E-07   3.7339682E-02   2.2651360E-02  -1.9757013E-03   9.6436616E-03  -8.6902887E-04  -4.4264022E-05   1.8651694E-04  -7.9645262E-05   1.7315875E-03   2.0154335E-05  -2.9626848E-05  -5.4099181E-05  -1.4659052E-05   7.4654515E-07   7.8601203E-07   1.7390144E-05   4.1791335E-05
