# omegabh2 omegach2 theta tau nnu logA ns calPlanck acib217 xi asz143 aps100 aps143 aps143217 aps217 aksz kgal100 kgal143 kgal143217 kgal217 galfTE100 galfTE100143 galfTE100217 galfTE143 galfTE143217 galfTE217 cal0 cal2
  2.9417452E-08   2.0092207E-07  -1.9338914E-08   1.9875386E-07   1.5943466E-05   1.0163530E-06   6.6103535E-07   5.0949734E-09   6.8211713E-06   7.3780913E-07  -3.9381883E-06   1.4893297E-04   2.1313560E-05   1.3246336E-05   1.3319226E-06   8.7539101E-06   5.1133698E-06   4.4552518E-06   1.9808445E-06  -2.6040418E-06   1.6656204E-08  -1.5165003E-07  -2.3960908E-07  -3.3544053E-07  -5.9444570E-07  -1.3607343E-06   5.5829542E-10   6.5638803E-10
  2.0092207E-07   6.1584547E-06  -6.4625361E-07   1.8698544E-07   3.2462590E-04   1.6091025E-05   8.5571117E-06  -9.2373873E-08   1.5715760E-03  -3.5814418E-05  -3.6449366E-04   8.6602786E-03   3.7799307E-03   8.9888170E-04  -2.7646221E-04   6.5996966E-04   4.8724969E-05   2.2497928E-04   2.8990228E-04  -1.0188591E-04   1.9712741E-06   3.3750796E-07   1.3271228E-06   4.7580111E-07  -4.1172328E-08   2.1032823E-05  -8.1566473E-09   4.0489001E-08
 -1.9338914E-08  -6.4625361E-07   1.5105940E-07  -6.5790964E-08  -3.7000902E-05  -1.6732260E-06  -9.6884936E-07   2.2821352E-08  -1.9036428E-04   6.3432488E-06   3.6309032E-05  -8.7434123E-04  -3.6158370E-04  -1.3173978E-05   1.0250778E-04  -8.7560101E-05  -7.8629520E-06  -3.0696387E-05  -3.2358899E-05   2.4906488E-05  -2.8011992E-07  -1.9318339E-08  -4.2880510E-07  -1.0365168E-07  -4.1867463E-07  -2.3955609E-06  -3.4623792E-10  -3.9952573E-09
  1.9875386E-07   1.8698544E-07  -6.5790964E-08   6.3202808E-05   9.5754311E-05   1.2573663E-04   8.7643134E-06  -5.2655211E-07  -1.7209997E-03   5.5650090E-05   1.6604156E-04  -1.0491473E-02  -1.8504389E-03   5.0171083E-04   9.5318648E-04  -4.2536670E-04   5.0099198E-05  -4.2267093E-04  -7.7421875E-04  -5.1967724E-04   3.7862961E-06   4.5084043E-06  -3.6983910E-06  -4.9394461E-06   2.4861608E-06  -2.7451036E-05   2.0918971E-08  -1.3956696E-07
  1.5943466E-05   3.2462590E-04  -3.7000902E-05   9.5754311E-05   2.0416385E-02   1.0277081E-03   6.7958948E-04  -3.6684466E-06   8.8640544E-02  -2.0842233E-03  -2.0390581E-02   5.0673072E-01   2.1433404E-01   4.7112404E-02  -2.0177902E-02   4.1599532E-02   7.9665120E-03   1.6394110E-02   1.9803661E-02  -9.5978867E-04   1.2353222E-04  -1.1820859E-05  -4.6910897E-05  -6.2903460E-05  -1.4160106E-04   5.2889790E-04  -1.1365842E-06   1.8441402E-06
  1.0163530E-06   1.6091025E-05  -1.6732260E-06   1.2573663E-04   1.0277081E-03   3.1932425E-04   3.8804646E-05   1.1370268E-05  -5.8228805E-04   7.9089534E-05  -6.5558852E-04   2.5655436E-03   6.7150940E-03   6.1264978E-03   7.9532811E-03  -1.3866893E-05   7.5136950E-05  -8.7838431E-04  -1.3947226E-03   7.0156190E-04   6.8774093E-06   6.7802749E-06  -1.4108673E-05  -7.6294533E-06   7.0489967E-06   1.9747366E-05   1.3969262E-07  -1.0399868E-07
  6.6103535E-07   8.5571117E-06  -9.6884936E-07   8.7643134E-06   6.7958948E-04   3.8804646E-05   3.6859932E-05   1.8425754E-07  -8.2565957E-04   2.0175871E-05   1.8153147E-05  -3.5025205E-03   1.7350975E-03   2.8890569E-03   3.3174136E-03  -4.2840431E-04   6.7678556E-04   2.2488659E-04   1.7443307E-04   8.3073246E-04   5.6233472E-06  -2.7366458E-07  -5.7310527E-06  -6.6009732E-06  -1.5599496E-05  -7.5215773E-06  -1.4567533E-07  -1.4296999E-08
  5.0949734E-09  -9.2373873E-08   2.2821352E-08  -5.2655211E-07  -3.6684466E-06   1.1370268E-05   1.8425754E-07   6.2364599E-06   2.5762795E-04   1.5030975E-07  -1.2262151E-05   2.7424703E-03   2.6771278E-04   4.1927167E-04   1.7742033E-03  -7.1326910E-05   8.1944461E-05  -2.5415184E-05  -6.2889602E-05   9.6790484E-04  -1.6014837E-06  -1.1389766E-06  -4.3244337E-06   2.9320776E-07   1.7274926E-06   9.0366459E-06  -1.0812814E-08   2.7701863E-08
  6.8211713E-06   1.5715760E-03  -1.9036428E-04  -1.7209997E-03   8.8640544E-02  -5.8228805E-04  -8.2565957E-04   2.5762795E-04   4.5009472E+01  -4.0584974E-01  -1.0885498E+00   3.8214402E+01   2.3775042E+00  -1.3460201E+01  -5.5772996E+01   3.5352482E-02   4.6777235E-01   4.9821579E-01  -6.2843610E+00  -3.4365894E+01   5.0584325E-03   3.4292530E-03   9.3971410E-03  -2.4241473E-03  -2.6100933E-03  -3.6533110E-03  -1.8122554E-04   6.7409571E-04
  7.3780913E-07  -3.5814418E-05   6.3432488E-06   5.5650090E-05  -2.0842233E-03   7.9089534E-05   2.0175871E-05   1.5030975E-07  -4.0584974E-01   8.0792389E-02  -3.5835962E-02  -6.9115141E-01   8.6904716E-01   1.6674279E+00   6.2726682E-01   4.6087002E-02  -2.5635174E-02   1.0303565E-02   1.1753090E-01   1.6286638E-01  -5.5658861E-05  -6.2384287E-05  -7.5919278E-05   2.6777355E-04   1.9668365E-04   1.1042012E-03   3.6305292E-06   2.9733575E-06
 -3.9381883E-06  -3.6449366E-04   3.6309032E-05   1.6604156E-04  -2.0390581E-02  -6.5558852E-04   1.8153147E-05  -1.2262151E-05  -1.0885498E+00  -3.5835962E-02   3.7682635E+00  -2.9205381E+01  -3.2291412E+00   7.5106634E+00   5.5154469E+00  -2.6174500E+00  -2.0566896E-01   9.2248615E-02   2.6217062E+00   3.4475567E+00   5.2635449E-04   1.1011332E-03  -4.6968625E-03   1.9491460E-03  -1.0101386E-03  -5.6233640E-03   1.2262792E-04  -3.6288415E-05
  1.4893297E-04   8.6602786E-03  -8.7434123E-04  -1.0491473E-02   5.0673072E-01   2.5655436E-03  -3.5025205E-03   2.7424703E-03   3.8214402E+01  -6.9115141E-01  -2.9205381E+01   7.6347664E+02   6.8898802E+01  -5.4813515E+01  -6.2625912E+01   1.3879559E+01  -5.8855469E+00   6.9227360E+00  -9.9487209E+00  -2.2295302E+01  -2.4543082E-03  -1.5288841E-02   5.2161175E-02  -3.8746014E-02   1.0930639E-03   5.1993546E-02   3.6278003E-03   5.6646110E-04
  2.1313560E-05   3.7799307E-03  -3.6158370E-04  -1.8504389E-03   2.1433404E-01   6.7150940E-03   1.7350975E-03   2.6771278E-04   2.3775042E+00   8.6904716E-01  -3.2291412E+00   6.8898802E+01   5.9985375E+01   3.8718849E+01   1.3853796E+01  -4.1451697E+00  -4.0173536E-01  -8.8744820E-01   3.8023330E+00   4.4946940E+00  -2.1266501E-03  -1.2460884E-03  -5.5783457E-03   2.8052854E-03   8.6552732E-03   3.9883233E-02   6.5246750E-05   2.2251246E-04
  1.3246336E-05   8.9888170E-04  -1.3173978E-05   5.0171083E-04   4.7112404E-02   6.1264978E-03   2.8890569E-03   4.1927167E-04  -1.3460201E+01   1.6674279E+00   7.5106634E+00  -5.4813515E+01   3.8718849E+01   8.3118906E+01   5.2465611E+01  -1.1048134E+01  -1.1346302E+00  -6.1423675E-01   5.3476504E+00   9.3654276E+00  -2.8620497E-03  -4.7310334E-04  -6.9663213E-03   1.1791369E-02   4.9548420E-03   4.2414418E-02   4.7990717E-04  -1.7991430E-04
  1.3319226E-06  -2.7646221E-04   1.0250778E-04   9.5318648E-04  -2.0177902E-02   7.9532811E-03   3.3174136E-03   1.7742033E-03  -5.5772996E+01   6.2726682E-01   5.5154469E+00  -6.2625912E+01   1.3853796E+01   5.2465611E+01   1.0419789E+02  -8.9867466E+00  -9.1231999E-01  -9.9729434E-01   6.4982789E+00   3.5956262E+01  -8.9086391E-03  -2.2838880E-03  -1.1732445E-02   1.1214438E-02   8.0136920E-03   2.8047561E-02   4.8047610E-04  -1.1654199E-03
  8.7539101E-06   6.5996966E-04  -8.7560101E-05  -4.2536670E-04   4.1599532E-02  -1.3866893E-05  -4.2840431E-04  -7.1326910E-05   3.5352482E-02   4.6087002E-02  -2.6174500E+00   1.3879559E+01  -4.1451697E+00  -1.1048134E+01  -8.9867466E+00   5.6321426E+00   1.2396898E-01  -1.4015069E-01  -1.9319220E+00  -2.2883747E+00   4.5807439E-04  -4.4416472E-04   1.8036594E-03  -2.5673757E-04   2.3367877E-03  -1.3243631E-03  -9.4385007E-05  -8.5297097E-06
  5.1133698E-06   4.8724969E-05  -7.8629520E-06   5.0099198E-05   7.9665120E-03   7.5136950E-05   6.7678556E-04   8.1944461E-05   4.6777235E-01  -2.5635174E-02  -2.0566896E-01  -5.8855469E+00  -4.0173536E-01  -1.1346302E+00  -9.1231999E-01   1.2396898E-01   3.3447992E+00   4.9347207E-01   7.7785729E-02  -1.8360889E-01   1.4898051E-03   1.4490140E-04  -1.9219655E-03  -3.6966026E-04   9.5122296E-04   2.6045107E-03   1.7300392E-04  -2.6682933E-05
  4.4552518E-06   2.2497928E-04  -3.0696387E-05  -4.2267093E-04   1.6394110E-02  -8.7838431E-04   2.2488659E-04  -2.5415184E-05   4.9821579E-01   1.0303565E-02   9.2248615E-02   6.9227360E+00  -8.8744820E-01  -6.1423675E-01  -9.9729434E-01  -1.4015069E-01   4.9347207E-01   3.2714946E+00   2.8478286E+00   2.8759381E+00   1.5902420E-03  -1.1739784E-03   1.4253747E-03  -1.0160285E-03   1.8413633E-03   4.1332618E-03  -1.7902097E-04  -4.5847341E-05
  1.9808445E-06   2.8990228E-04  -3.2358899E-05  -7.7421875E-04   1.9803661E-02  -1.3947226E-03   1.7443307E-04  -6.2889602E-05  -6.2843610E+00   1.1753090E-01   2.6217062E+00  -9.9487209E+00   3.8023330E+00   5.3476504E+00   6.4982789E+00  -1.9319220E+00   7.7785729E-02   2.8478286E+00   1.1024953E+01   1.9767425E+01   1.2077166E-03  -1.0145117E-03  -7.0240161E-03   1.3268730E-03   1.8143942E-03   2.7819840E-03  -4.3228272E-05   3.9709064E-04
 -2.6040418E-06  -1.0188591E-04   2.4906488E-05  -5.1967724E-04  -9.5978867E-04   7.0156190E-04   8.3073246E-04   9.6790484E-04  -3.4365894E+01   1.6286638E-01   3.4475567E+00  -2.2295302E+01   4.4946940E+00   9.3654276E+00   3.5956262E+01  -2.2883747E+00  -1.8360889E-01   2.8759381E+00   1.9767425E+01   5.4752219E+01  -1.9550864E-03  -5.0689938E-03  -1.3659691E-02   2.0741941E-03   2.4518717E-03   1.4494107E-03   1.5241705E-05   9.1454835E-04
  1.6656204E-08   1.9712741E-06  -2.8011992E-07   3.7862961E-06   1.2353222E-04   6.8774093E-06   5.6233472E-06  -1.6014837E-06   5.0584325E-03  -5.5658861E-05   5.2635449E-04  -2.4543082E-03  -2.1266501E-03  -2.8620497E-03  -8.9086391E-03   4.5807439E-04   1.4898051E-03   1.5902420E-03   1.2077166E-03  -1.9550864E-03   1.4478583E-03   2.6228543E-04   1.0040858E-04  -3.6718843E-04  -9.9339675E-05   1.4033628E-04  -6.9731105E-08   6.9525698E-08
 -1.5165003E-07   3.3750796E-07  -1.9318339E-08   4.5084043E-06  -1.1820859E-05   6.7802749E-06  -2.7366458E-07  -1.1389766E-06   3.4292530E-03  -6.2384287E-05   1.1011332E-03  -1.5288841E-02  -1.2460884E-03  -4.7310334E-04  -2.2838880E-03  -4.4416472E-04   1.4490140E-04  -1.1739784E-03  -1.0145117E-03  -5.0689938E-03   2.6228543E-04   8.8246668E-04   5.8681550E-05   7.7179559E-04   7.9152942E-05  -7.9327266E-04  -2.1055048E-07   4.1015181E-08
 -2.3960908E-07   1.3271228E-06  -4.2880510E-07  -3.6983910E-06  -4.6910897E-05  -1.4108673E-05  -5.7310527E-06  -4.3244337E-06   9.3971410E-03  -7.5919278E-05  -4.6968625E-03   5.2161175E-02  -5.5783457E-03  -6.9663213E-03  -1.1732445E-02   1.8036594E-03  -1.9219655E-03   1.4253747E-03  -7.0240161E-03  -1.3659691E-02   1.0040858E-04   5.8681550E-05   7.2199372E-03  -2.8868109E-04   6.5198888E-04   4.6133255E-03  -8.0480069E-07   5.9957339E-07
 -3.3544053E-07   4.7580111E-07  -1.0365168E-07  -4.9394461E-06  -6.2903460E-05  -7.6294533E-06  -6.6009732E-06   2.9320776E-07  -2.4241473E-03   2.6777355E-04   1.9491460E-03  -3.8746014E-02   2.8052854E-03   1.1791369E-02   1.1214438E-02  -2.5673757E-04  -3.6966026E-04  -1.0160285E-03   1.3268730E-03   2.0741941E-03  -3.6718843E-04   7.7179559E-04  -2.8868109E-04   2.9054191E-03   5.7111137E-04  -8.8022347E-04  -4.6203030E-07   2.0278639E-07
 -5.9444570E-07  -4.1172328E-08  -4.1867463E-07   2.4861608E-06  -1.4160106E-04   7.0489967E-06  -1.5599496E-05   1.7274926E-06  -2.6100933E-03   1.9668365E-04  -1.0101386E-03   1.0930639E-03   8.6552732E-03   4.9548420E-03   8.0136920E-03   2.3367877E-03   9.5122296E-04   1.8413633E-03   1.8143942E-03   2.4518717E-03  -9.9339675E-05   7.9152942E-05   6.5198888E-04   5.7111137E-04   6.3963173E-03   8.1758511E-03  -2.1538670E-07  -3.9915221E-07
 -1.3607343E-06   2.1032823E-05  -2.3955609E-06  -2.7451036E-05   5.2889790E-04   1.9747366E-05  -7.5215773E-06   9.0366459E-06  -3.6533110E-03   1.1042012E-03  -5.6233640E-03   5.1993546E-02   3.9883233E-02   4.2414418E-02   2.8047561E-02  -1.3243631E-03   2.6045107E-03   4.1332618E-03   2.7819840E-03   1.4494107E-03   1.4033628E-04  -7.9327266E-04   4.6133255E-03  -8.8022347E-04   8.1758511E-03   7.1904171E-02  -8.1335810E-08   9.1897015E-07
  5.5829542E-10  -8.1566473E-09  -3.4623792E-10   2.0918971E-08  -1.1365842E-06   1.3969262E-07  -1.4567533E-07  -1.0812814E-08  -1.8122554E-04   3.6305292E-06   1.2262792E-04   3.6278003E-03   6.5246750E-05   4.7990717E-04   4.8047610E-04  -9.4385007E-05   1.7300392E-04  -1.7902097E-04  -4.3228272E-05   1.5241705E-05  -6.9731105E-08  -2.1055048E-07  -8.0480069E-07  -4.6203030E-07  -2.1538670E-07  -8.1335810E-08   3.7760724E-07  -5.6041852E-09
  6.5638803E-10   4.0489001E-08  -3.9952573E-09  -1.3956696E-07   1.8441402E-06  -1.0399868E-07  -1.4296999E-08   2.7701863E-08   6.7409571E-04   2.9733575E-06  -3.6288415E-05   5.6646110E-04   2.2251246E-04  -1.7991430E-04  -1.1654199E-03  -8.5297097E-06  -2.6682933E-05  -4.5847341E-05   3.9709064E-04   9.1454835E-04   6.9525698E-08   4.1015181E-08   5.9957339E-07   2.0278639E-07  -3.9915221E-07   9.1897015E-07  -5.6041852E-09   3.8460530E-07
