# omegabh2 omegach2 theta tau mnu logA ns calPlanck acib217 xi asz143 aps100 aps143 aps143217 aps217 aksz kgal100 kgal143 kgal143217 kgal217 galfTE100 galfTE100143 galfTE100217 galfTE143 galfTE143217 galfTE217 cal0 cal2 DES_m1 DES_m2 DES_m3 DES_m4 DES_AIA DES_alphaIA DES_DzS1 DES_DzS2 DES_DzS3 DES_DzS4
  2.0084185E-08  -7.7091595E-08   1.5343956E-08   2.4090191E-07  -1.8966745E-06   4.1577794E-07   2.1554127E-07   1.4212602E-08  -8.3624203E-05   2.1983728E-06   2.1746698E-05  -4.2626935E-04  -1.9878640E-04  -4.0319808E-05   1.8066231E-05  -3.5618146E-05  -4.4321059E-06  -9.9573061E-06  -9.6176690E-06   1.1588094E-05  -1.3471849E-07  -9.9592918E-08  -5.8847339E-08  -1.9934792E-07  -2.0975734E-07  -1.7020361E-06   2.0107057E-09  -2.7860261E-09   3.5494842E-09  -6.3707761E-09   3.4024652E-07   1.9425211E-07  -5.7956841E-06   6.7508136E-06  -8.0356744E-08   3.5346223E-08   1.0928743E-07   2.0691058E-07
 -7.7091595E-08   1.1509353E-06  -1.1035980E-07  -2.9241985E-06   1.8833809E-05  -3.6061178E-06  -2.8475481E-06  -1.9037629E-07   2.2202653E-04  -7.3501836E-06  -8.6145946E-05   1.6999408E-03   8.8345191E-04   3.2830130E-04   9.7824382E-05   1.0846610E-04   2.6290211E-05   2.1957375E-05   1.1013807E-05  -1.2914570E-05  -1.8506349E-07   4.2377753E-07   1.0884119E-06   1.2756403E-06   1.4841193E-06   9.3410523E-06  -4.5025571E-09   9.8464990E-09   2.5254302E-07  -5.1525414E-07  -4.5454979E-06  -2.4777494E-06   7.2399835E-05  -1.1675793E-04   8.6846554E-07  -6.7319267E-07  -1.4956133E-06  -2.7903810E-06
  1.5343956E-08  -1.1035980E-07   9.4610889E-08   3.0280012E-07  -4.1186875E-06   4.6932303E-07   4.0811482E-07   1.8341040E-08  -4.0729933E-05   1.4139735E-06  -4.5548915E-06  -1.6619964E-04  -8.1430841E-05  -6.8071209E-05  -3.7254839E-05   7.1500211E-06   4.2441815E-06   5.2730221E-06  -4.5845160E-06   3.7507441E-06  -6.6308552E-08  -1.1166372E-07  -3.1363742E-08  -1.0750125E-07  -2.8948102E-07  -1.0110162E-06  -1.9932130E-09  -3.2149197E-09   7.6502999E-08   6.2428351E-08   5.2955882E-07   3.1680847E-07  -7.9079602E-06   1.4915485E-05  -8.1888886E-08   6.7353574E-08   1.0923390E-07   2.1962218E-07
  2.4090191E-07  -2.9241985E-06   3.0280012E-07   4.6253279E-05   4.9147552E-05   8.4174427E-05   9.0119019E-06  -5.0169058E-07  -9.4012102E-04   6.2776729E-05   2.3012976E-04  -1.0495046E-02  -4.3650299E-03  -1.7882191E-03  -1.9057477E-03  -2.0435118E-04  -1.9743822E-04  -2.2372412E-04  -3.1483752E-04  -5.3530110E-04   1.3714001E-06  -2.2414361E-06  -2.6777911E-06  -1.2605957E-06  -1.9673323E-06  -1.9056210E-05  -2.4586399E-08  -2.3680592E-08  -1.5067931E-06  -3.5126864E-07   3.6406997E-06   3.0515741E-07  -4.8508928E-06   2.1524027E-05  -4.6176795E-08   3.1807013E-07   9.5521775E-07   2.9760688E-06
 -1.8966745E-06   1.8833809E-05  -4.1186875E-06   4.9147552E-05   4.1554344E-03   1.6012203E-04  -5.6561394E-05   1.1174184E-05   1.2345226E-02  -1.3552252E-04  -3.8462088E-03   4.9491723E-02   3.4254835E-02   1.1850109E-02   8.1252696E-04   4.6014614E-03   1.0624923E-03   4.0997012E-05  -8.9091330E-04  -3.0651462E-03  -9.8587222E-06   1.7420462E-05   8.5080710E-05   9.4145297E-06   7.0118955E-05   6.5156697E-04   5.6055063E-08   4.6888023E-07  -1.7140943E-05  -4.2205748E-06  -7.2701593E-05  -9.5694563E-06   2.8033445E-04  -3.2246360E-03  -5.7541670E-07  -8.2113757E-06  -1.2841533E-05  -2.7142079E-05
  4.1577794E-07  -3.6061178E-06   4.6932303E-07   8.4174427E-05   1.6012203E-04   1.8279565E-04   1.1042540E-05   1.0467127E-05  -1.3264223E-03   1.3855796E-04   1.6973133E-04  -1.3495649E-02  -5.5620546E-03  -8.9359891E-04   1.2110682E-03  -8.9506865E-04  -5.7479118E-04  -7.2525922E-04  -1.0376143E-03   2.2556344E-04   1.6835803E-06  -7.5170114E-06  -2.5418656E-06  -5.1450270E-06   6.4029306E-07  -2.1045937E-05   6.6931256E-08  -6.6619149E-08  -7.0046618E-07  -2.3230656E-07  -3.8889116E-06  -5.6773158E-06   1.2747930E-04  -4.0056827E-04   4.5852488E-07  -1.0980219E-06  -1.7856133E-06  -2.7321454E-06
  2.1554127E-07  -2.8475481E-06   4.0811482E-07   9.0119019E-06  -5.6561394E-05   1.1042540E-05   1.5868113E-05   4.3113063E-07  -4.2725028E-03   1.0838967E-04   9.1628751E-04  -2.4158761E-02  -6.7772466E-03   1.3267304E-03   4.4124172E-03  -2.0695182E-03   2.5907701E-04  -5.1054456E-04  -5.1579008E-04   8.5713064E-04   1.7690231E-06   1.2152245E-07  -4.9846927E-06  -4.1189467E-06  -7.4308470E-07  -1.7454415E-05  -3.5621665E-08  -5.2070714E-08  -1.7804021E-06   1.2580430E-06   1.0952624E-05   6.2462284E-06  -1.4823532E-04   3.5827501E-04  -1.4478894E-06   1.3326817E-06   2.9244194E-06   5.7881159E-06
  1.4212602E-08  -1.9037629E-07   1.8341040E-08  -5.0169058E-07   1.1174184E-05   1.0467127E-05   4.3113063E-07   5.9744766E-06   8.8652163E-04  -7.2367793E-06  -5.9289214E-05   4.1942571E-03   7.0959459E-04   2.0141770E-04   9.1745891E-04   4.3072505E-06   2.9698547E-05   9.6076357E-05   2.4070076E-05   6.5673684E-04   3.0833979E-07  -1.6697229E-06  -3.7723451E-07  -2.2709986E-06   1.2536977E-06   3.0307415E-06  -9.8595000E-09  -7.2133964E-09   7.5196298E-07   7.5547092E-07  -6.2294122E-07  -5.4413136E-07  -1.1886391E-05  -8.7083815E-05  -5.9703662E-07  -3.0522040E-07  -2.9698849E-07  -1.1541130E-06
 -8.3624203E-05   2.2202653E-04  -4.0729933E-05  -9.4012102E-04   1.2345226E-02  -1.3264223E-03  -4.2725028E-03   8.8652163E-04   4.3572499E+01  -3.5455451E-01  -9.4996999E-01   3.6145653E+01   2.2653487E+00  -1.2837156E+01  -5.3622691E+01  -2.1654979E-01   4.2524908E-01   7.2155094E-01  -5.4323015E+00  -3.2339281E+01   1.5120006E-03  -4.3317961E-04  -1.7655726E-03  -1.0625938E-02  -8.6886623E-03  -6.8248720E-03  -2.3092010E-04   7.4901658E-04   8.5468872E-04   9.4318288E-05   1.0898679E-03  -1.0561033E-03  -1.4356114E-02  -2.7611350E-01  -9.8244468E-04   1.9973783E-04  -8.6221847E-04  -2.0517422E-03
  2.1983728E-06  -7.3501836E-06   1.4139735E-06   6.2776729E-05  -1.3552252E-04   1.3855796E-04   1.0838967E-04  -7.2367793E-06  -3.5455451E-01   7.9191109E-02  -3.9539764E-02  -7.1524365E-01   8.9831871E-01   1.6454425E+00   5.7595066E-01   4.2750742E-02  -1.3631053E-02   8.6296070E-03   1.0763400E-01   1.1895964E-01   5.4451577E-05   7.5087250E-05   5.2554915E-06  -1.0224990E-04   4.3902447E-04   7.4535103E-04   1.2598716E-06  -1.1393952E-06  -1.0610451E-04  -3.0067887E-05  -2.8524133E-05   7.0673455E-05   6.5913079E-04   1.3527102E-02  -1.5007761E-05   2.9823625E-05   5.2246097E-05   1.2005168E-05
  2.1746698E-05  -8.6145946E-05  -4.5548915E-06   2.3012976E-04  -3.8462088E-03   1.6973133E-04   9.1628751E-04  -5.9289214E-05  -9.4996999E-01  -3.9539764E-02   3.8392561E+00  -3.0254870E+01  -3.3352153E+00   7.5953323E+00   5.5218122E+00  -2.6650540E+00  -1.9480456E-01   1.6182676E-01   2.5652282E+00   3.1022934E+00   5.3145654E-05   7.6138280E-04   3.3619751E-03   2.2468114E-03   2.7759882E-03  -2.3352113E-03   1.2898447E-04  -5.7595204E-05  -3.7094827E-05   6.4816735E-04   1.7188422E-04   9.3796119E-04  -6.0370213E-03   1.7887577E-03   3.6647410E-04   5.6395656E-05   2.1498330E-04  -5.3233017E-04
 -4.2626935E-04   1.6999408E-03  -1.6619964E-04  -1.0495046E-02   4.9491723E-02  -1.3495649E-02  -2.4158761E-02   4.1942571E-03   3.6145653E+01  -7.1524365E-01  -3.0254870E+01   7.7413652E+02   6.5448770E+01  -5.9337594E+01  -6.3179224E+01   1.3944024E+01  -6.3262014E+00   5.5069108E+00  -1.1595409E+01  -2.2058871E+01   5.8948012E-03  -8.9258859E-03  -2.2469088E-02  -1.9733462E-02  -2.3967939E-02  -5.2718539E-02   3.4663130E-03   6.8064314E-04   1.7405261E-03  -2.7935877E-03  -1.2608547E-03  -1.8538293E-02   1.2885945E-01  -1.1677976E-01  -5.9679754E-03  -2.1177243E-03  -7.3201136E-04   4.0766109E-03
 -1.9878640E-04   8.8345191E-04  -8.1430841E-05  -4.3650299E-03   3.4254835E-02  -5.5620546E-03  -6.7772466E-03   7.0959459E-04   2.2653487E+00   8.9831871E-01  -3.3352153E+00   6.5448770E+01   6.0612439E+01   3.8984174E+01   1.3651609E+01  -4.6897393E+00  -3.9769221E-01  -1.0591082E+00   3.4616542E+00   3.9005410E+00   1.6486475E-04   3.0663686E-03   4.4746294E-03   2.6809811E-03   2.5203642E-03   3.7946709E-02   2.2007428E-05   1.0332696E-04  -1.5840889E-03   1.8734280E-04  -3.3191182E-03  -8.9865702E-04   3.5977528E-02   8.2217611E-02   6.6205622E-04  -9.1091369E-04   2.4445444E-04  -4.8229575E-03
 -4.0319808E-05   3.2830130E-04  -6.8071209E-05  -1.7882191E-03   1.1850109E-02  -8.9359891E-04   1.3267304E-03   2.0141770E-04  -1.2837156E+01   1.6454425E+00   7.5953323E+00  -5.9337594E+01   3.8984174E+01   8.2766229E+01   5.1399447E+01  -1.1323296E+01  -9.0095548E-01  -6.0921294E-01   4.8906794E+00   7.7480821E+00   1.1175732E-03   2.8102605E-03   1.0637098E-02   6.3744706E-03   1.9333976E-02   2.3629176E-02   4.2078348E-04  -4.2413207E-04  -3.1451768E-03   8.4491243E-04  -1.6862288E-03   4.0086793E-03   1.9399670E-02   1.2123836E-01   1.6537630E-03   1.6003617E-04   1.0640232E-03  -3.2625963E-03
  1.8066231E-05   9.7824382E-05  -3.7254839E-05  -1.9057477E-03   8.1252696E-04   1.2110682E-03   4.4124172E-03   9.1745891E-04  -5.3622691E+01   5.7595066E-01   5.5218122E+00  -6.3179224E+01   1.3651609E+01   5.1399447E+01   1.0098318E+02  -8.8145905E+00  -9.2008310E-01  -1.3739850E+00   5.1826077E+00   3.2230119E+01  -1.6592278E-03   3.4493119E-04   3.7363758E-03   1.4020938E-02   1.3890389E-02   4.5458150E-03   4.9004851E-04  -1.3846618E-03  -3.2598519E-03   2.8348104E-03  -2.2330926E-03   3.0104596E-03   1.9564064E-02   1.7291224E-01   3.1666415E-03  -6.4779250E-04   4.6801322E-04  -6.3321965E-05
 -3.5618146E-05   1.0846610E-04   7.1500211E-06  -2.0435118E-04   4.6014614E-03  -8.9506865E-04  -2.0695182E-03   4.3072505E-06  -2.1654979E-01   4.2750742E-02  -2.6650540E+00   1.3944024E+01  -4.6897393E+00  -1.1323296E+01  -8.8145905E+00   5.6290688E+00   7.0132151E-02  -1.6448063E-01  -1.9778408E+00  -2.0951842E+00   1.4650577E-04  -1.3614483E-04  -1.4583991E-04   6.0764305E-05   1.5666472E-04   6.4815633E-03  -9.8651112E-05   8.1442145E-06   8.1170395E-04  -1.0263234E-03  -6.3017593E-04  -8.2069663E-04   2.8389224E-03  -2.7460117E-02  -5.1971623E-04   8.3021512E-05  -1.1705234E-04   1.3710290E-03
 -4.4321059E-06   2.6290211E-05   4.2441815E-06  -1.9743822E-04   1.0624923E-03  -5.7479118E-04   2.5907701E-04   2.9698547E-05   4.2524908E-01  -1.3631053E-02  -1.9480456E-01  -6.3262014E+00  -3.9769221E-01  -9.0095548E-01  -9.2008310E-01   7.0132151E-02   3.4032276E+00   5.5180557E-01   1.2090466E-01  -9.4567796E-02  -8.8433168E-04   6.0135826E-04   5.3647573E-04   2.2160400E-03  -1.2646626E-03   2.0163984E-03   1.9292183E-04  -5.4081657E-06  -4.8277878E-04   2.2193086E-05  -3.9642325E-04   6.8534863E-04   4.3354938E-03   2.6111873E-02  -4.2184571E-04  -3.1707532E-04   1.5354024E-04  -1.2730285E-04
 -9.9573061E-06   2.1957375E-05   5.2730221E-06  -2.2372412E-04   4.0997012E-05  -7.2525922E-04  -5.1054456E-04   9.6076357E-05   7.2155094E-01   8.6296070E-03   1.6182676E-01   5.5069108E+00  -1.0591082E+00  -6.0921294E-01  -1.3739850E+00  -1.6448063E-01   5.5180557E-01   3.1360462E+00   2.6794744E+00   2.5733881E+00  -1.9307077E-04  -1.2731488E-03  -2.9335197E-03   2.3621885E-04  -1.0550979E-03  -5.0912468E-03  -1.7533647E-04  -4.9330766E-05   6.5501310E-04  -6.0155164E-04  -5.2113061E-04  -7.8364510E-04   2.8951956E-03  -5.5546662E-03  -2.7190211E-04  -2.9556375E-05   2.0436667E-04   2.6674765E-04
 -9.6176690E-06   1.1013807E-05  -4.5845160E-06  -3.1483752E-04  -8.9091330E-04  -1.0376143E-03  -5.1579008E-04   2.4070076E-05  -5.4323015E+00   1.0763400E-01   2.5652282E+00  -1.1595409E+01   3.4616542E+00   4.8906794E+00   5.1826077E+00  -1.9778408E+00   1.2090466E-01   2.6794744E+00   1.0459705E+01   1.8454279E+01   5.7250426E-04   5.1955926E-04   2.4597786E-04   2.7583566E-03  -3.9505627E-04   5.6411286E-03  -9.8121042E-07   3.9132816E-04   6.1064530E-04  -4.4825152E-04  -1.3847573E-03  -6.9104411E-04   2.1634565E-02   1.7377968E-01  -5.3025198E-05   7.5281458E-05   7.3732750E-04  -9.6809067E-04
  1.1588094E-05  -1.2914570E-05   3.7507441E-06  -5.3530110E-04  -3.0651462E-03   2.2556344E-04   8.5713064E-04   6.5673684E-04  -3.2339281E+01   1.1895964E-01   3.1022934E+00  -2.2058871E+01   3.9005410E+00   7.7480821E+00   3.2230119E+01  -2.0951842E+00  -9.4567796E-02   2.5733881E+00   1.8454279E+01   5.1909784E+01  -2.7799565E-04   5.9324267E-04   3.0397346E-03   9.9348613E-03   1.5531369E-03   1.2916583E-02   1.3252968E-04   9.1152340E-04   1.9832288E-03  -1.7609008E-03  -3.5228451E-03  -1.8262420E-03   4.4714279E-02   3.9911175E-01   3.9141826E-05  -1.3021084E-05   1.2246803E-03  -1.2619742E-03
 -1.3471849E-07  -1.8506349E-07  -6.6308552E-08   1.3714001E-06  -9.8587222E-06   1.6835803E-06   1.7690231E-06   3.0833979E-07   1.5120006E-03   5.4451577E-05   5.3145654E-05   5.8948012E-03   1.6486475E-04   1.1175732E-03  -1.6592278E-03   1.4650577E-04  -8.8433168E-04  -1.9307077E-04   5.7250426E-04  -2.7799565E-04   1.4648055E-03   2.7624206E-04   7.5236454E-05  -3.6327465E-04  -3.4444912E-05   7.4267103E-05   3.9777312E-08   1.2442801E-07  -9.2018523E-06   1.1742899E-05   4.9759621E-06   4.5480764E-06  -2.2257535E-06  -8.3455611E-06   8.9281211E-07  -4.0396313E-06   5.1838104E-06  -2.9640409E-06
 -9.9592918E-08   4.2377753E-07  -1.1166372E-07  -2.2414361E-06   1.7420462E-05  -7.5170114E-06   1.2152245E-07  -1.6697229E-06  -4.3317961E-04   7.5087250E-05   7.6138280E-04  -8.9258859E-03   3.0663686E-03   2.8102605E-03   3.4493119E-04  -1.3614483E-04   6.0135826E-04  -1.2731488E-03   5.1955926E-04   5.9324267E-04   2.7624206E-04   8.6983544E-04  -3.3634057E-05   7.4722035E-04   6.1728393E-05  -7.4225989E-04   1.2845479E-07   1.2677417E-08  -1.4894599E-06   1.6585307E-05  -8.0123601E-06  -1.0337715E-05  -3.0554440E-04  -6.2134507E-04  -8.5110427E-06  -8.4348234E-06  -8.4593713E-07   7.0861051E-06
 -5.8847339E-08   1.0884119E-06  -3.1363742E-08  -2.6777911E-06   8.5080710E-05  -2.5418656E-06  -4.9846927E-06  -3.7723451E-07  -1.7655726E-03   5.2554915E-06   3.3619751E-03  -2.2469088E-02   4.4746294E-03   1.0637098E-02   3.7363758E-03  -1.4583991E-04   5.3647573E-04  -2.9335197E-03   2.4597786E-04   3.0397346E-03   7.5236454E-05  -3.3634057E-05   7.2005722E-03  -4.0829385E-04   6.4802585E-04   4.7397564E-03  -9.3161172E-08   2.7537623E-07   2.9877171E-05   3.9778709E-05   1.4082171E-05  -3.1561581E-05  -6.8957826E-04  -3.5245195E-03   2.2895091E-05  -5.7262532E-06  -1.2645104E-05  -7.6710912E-06
 -1.9934792E-07   1.2756403E-06  -1.0750125E-07  -1.2605957E-06   9.4145297E-06  -5.1450270E-06  -4.1189467E-06  -2.2709986E-06  -1.0625938E-02  -1.0224990E-04   2.2468114E-03  -1.9733462E-02   2.6809811E-03   6.3744706E-03   1.4020938E-02   6.0764305E-05   2.2160400E-03   2.3621885E-04   2.7583566E-03   9.9348613E-03  -3.6327465E-04   7.4722035E-04  -4.0829385E-04   2.9664924E-03   5.2561391E-04  -8.6866815E-04   8.0172155E-07  -1.0697209E-07   1.4173115E-05   9.6545601E-06  -1.9554686E-05  -2.3249764E-06   1.8296067E-04   5.1025771E-04  -6.5372233E-06  -7.2785349E-06  -1.3186523E-05  -8.4087113E-06
 -2.0975734E-07   1.4841193E-06  -2.8948102E-07  -1.9673323E-06   7.0118955E-05   6.4029306E-07  -7.4308470E-07   1.2536977E-06  -8.6886623E-03   4.3902447E-04   2.7759882E-03  -2.3967939E-02   2.5203642E-03   1.9333976E-02   1.3890389E-02   1.5666472E-04  -1.2646626E-03  -1.0550979E-03  -3.9505627E-04   1.5531369E-03  -3.4444912E-05   6.1728393E-05   6.4802585E-04   5.2561391E-04   6.2599960E-03   7.8008979E-03   4.2364170E-07  -4.4518708E-07  -3.4312359E-05   2.4875118E-06  -2.7805928E-05   2.3761414E-06  -8.1597401E-05  -2.7749400E-04  -2.5217844E-06  -1.5788816E-06   4.3491186E-06  -7.8495225E-06
 -1.7020361E-06   9.3410523E-06  -1.0110162E-06  -1.9056210E-05   6.5156697E-04  -2.1045937E-05  -1.7454415E-05   3.0307415E-06  -6.8248720E-03   7.4535103E-04  -2.3352113E-03  -5.2718539E-02   3.7946709E-02   2.3629176E-02   4.5458150E-03   6.4815633E-03   2.0163984E-03  -5.0912468E-03   5.6411286E-03   1.2916583E-02   7.4267103E-05  -7.4225989E-04   4.7397564E-03  -8.6866815E-04   7.8008979E-03   7.3409517E-02  -2.4689071E-06  -2.0465124E-06   1.4566922E-05   1.4880021E-05  -3.1217547E-05  -6.4880446E-05   2.0980565E-03  -3.7900071E-03   5.8687214E-05   4.5237559E-05   1.1055938E-05   6.0059324E-05
  2.0107057E-09  -4.5025571E-09  -1.9932130E-09  -2.4586399E-08   5.6055063E-08   6.6931256E-08  -3.5621665E-08  -9.8595000E-09  -2.3092010E-04   1.2598716E-06   1.2898447E-04   3.4663130E-03   2.2007428E-05   4.2078348E-04   4.9004851E-04  -9.8651112E-05   1.9292183E-04  -1.7533647E-04  -9.8121042E-07   1.3252968E-04   3.9777312E-08   1.2845479E-07  -9.3161172E-08   8.0172155E-07   4.2364170E-07  -2.4689071E-06   3.7052120E-07   6.3209009E-09  -5.6778927E-08   1.2314921E-08  -4.2150105E-08   2.0459638E-07   3.6490129E-06   1.3517954E-05  -1.0731508E-07  -6.5376561E-08   1.1832295E-07   7.8079515E-08
 -2.7860261E-09   9.8464990E-09  -3.2149197E-09  -2.3680592E-08   4.6888023E-07  -6.6619149E-08  -5.2070714E-08  -7.2133964E-09   7.4901658E-04  -1.1393952E-06  -5.7595204E-05   6.8064314E-04   1.0332696E-04  -4.2413207E-04  -1.3846618E-03   8.1442145E-06  -5.4081657E-06  -4.9330766E-05   3.9132816E-04   9.1152340E-04   1.2442801E-07   1.2677417E-08   2.7537623E-07  -1.0697209E-07  -4.4518708E-07  -2.0465124E-06   6.3209009E-09   4.0546519E-07   3.1239742E-07  -1.1087815E-07  -1.8012795E-07   2.4342497E-08   1.6933581E-06   1.6035489E-05  -4.1617828E-08   2.0117816E-08   3.4318337E-08  -1.8452550E-07
  3.5494842E-09   2.5254302E-07   7.6502999E-08  -1.5067931E-06  -1.7140943E-05  -7.0046618E-07  -1.7804021E-06   7.5196298E-07   8.5468872E-04  -1.0610451E-04  -3.7094827E-05   1.7405261E-03  -1.5840889E-03  -3.1451768E-03  -3.2598519E-03   8.1170395E-04  -4.8277878E-04   6.5501310E-04   6.1064530E-04   1.9832288E-03  -9.2018523E-06  -1.4894599E-06   2.9877171E-05   1.4173115E-05  -3.4312359E-05   1.4566922E-05  -5.6778927E-08   3.1239742E-07   5.2497364E-04   1.0311590E-05   6.4420011E-06  -9.6962613E-07   4.4285128E-04  -1.8645155E-03  -2.7373475E-05   1.0492670E-05  -2.1000586E-06  -4.0439385E-06
 -6.3707761E-09  -5.1525414E-07   6.2428351E-08  -3.5126864E-07  -4.2205748E-06  -2.3230656E-07   1.2580430E-06   7.5547092E-07   9.4318288E-05  -3.0067887E-05   6.4816735E-04  -2.7935877E-03   1.8734280E-04   8.4491243E-04   2.8348104E-03  -1.0263234E-03   2.2193086E-05  -6.0155164E-04  -4.4825152E-04  -1.7609008E-03   1.1742899E-05   1.6585307E-05   3.9778709E-05   9.6545601E-06   2.4875118E-06   1.4880021E-05   1.2314921E-08  -1.1087815E-07   1.0311590E-05   4.9379874E-04   5.3982359E-06   2.2975229E-06   6.0844900E-04  -2.3686205E-03   2.0268680E-05  -3.3016097E-05   5.3445187E-06   9.6826641E-06
  3.4024652E-07  -4.5454979E-06   5.2955882E-07   3.6406997E-06  -7.2701593E-05  -3.8889116E-06   1.0952624E-05  -6.2294122E-07   1.0898679E-03  -2.8524133E-05   1.7188422E-04  -1.2608547E-03  -3.3191182E-03  -1.6862288E-03  -2.2330926E-03  -6.3017593E-04  -3.9642325E-04  -5.2113061E-04  -1.3847573E-03  -3.5228451E-03   4.9759621E-06  -8.0123601E-06   1.4082171E-05  -1.9554686E-05  -2.7805928E-05  -3.1217547E-05  -4.2150105E-08  -1.8012795E-07   6.4420011E-06   5.3982359E-06   4.0527195E-04   2.3857732E-05  -1.2879190E-04   9.6060632E-05   8.9609353E-06   6.3379195E-06  -4.2068036E-05   2.0022961E-05
  1.9425211E-07  -2.4777494E-06   3.1680847E-07   3.0515741E-07  -9.5694563E-06  -5.6773158E-06   6.2462284E-06  -5.4413136E-07  -1.0561033E-03   7.0673455E-05   9.3796119E-04  -1.8538293E-02  -8.9865702E-04   4.0086793E-03   3.0104596E-03  -8.2069663E-04   6.8534863E-04  -7.8364510E-04  -6.9104411E-04  -1.8262420E-03   4.5480764E-06  -1.0337715E-05  -3.1561581E-05  -2.3249764E-06   2.3761414E-06  -6.4880446E-05   2.0459638E-07   2.4342497E-08  -9.6962613E-07   2.2975229E-06   2.3857732E-05   4.2973668E-04   4.7947349E-04   1.7977272E-03   9.4406455E-06   7.5142805E-06   1.1712247E-06  -7.8732822E-05
 -5.7956841E-06   7.2399835E-05  -7.9079602E-06  -4.8508928E-06   2.8033445E-04   1.2747930E-04  -1.4823532E-04  -1.1886391E-05  -1.4356114E-02   6.5913079E-04  -6.0370213E-03   1.2885945E-01   3.5977528E-02   1.9399670E-02   1.9564064E-02   2.8389224E-03   4.3354938E-03   2.8951956E-03   2.1634565E-02   4.4714279E-02  -2.2257535E-06  -3.0554440E-04  -6.8957826E-04   1.8296067E-04  -8.1597401E-05   2.0980565E-03   3.6490129E-06   1.6933581E-06   4.4285128E-04   6.0844900E-04  -1.2879190E-04   4.7947349E-04   2.4533659E-01   5.6068163E-01   1.2963072E-03   9.7859395E-04   1.1689665E-04  -5.3931778E-04
  6.7508136E-06  -1.1675793E-04   1.4915485E-05   2.1524027E-05  -3.2246360E-03  -4.0056827E-04   3.5827501E-04  -8.7083815E-05  -2.7611350E-01   1.3527102E-02   1.7887577E-03  -1.1677976E-01   8.2217611E-02   1.2123836E-01   1.7291224E-01  -2.7460117E-02   2.6111873E-02  -5.5546662E-03   1.7377968E-01   3.9911175E-01  -8.3455611E-06  -6.2134507E-04  -3.5245195E-03   5.1025771E-04  -2.7749400E-04  -3.7900071E-03   1.3517954E-05   1.6035489E-05  -1.8645155E-03  -2.3686205E-03   9.6060632E-05   1.7977272E-03   5.6068163E-01   4.0962062E+00  -6.7186003E-03  -2.6629775E-04   1.1947947E-03  -8.6050700E-04
 -8.0356744E-08   8.6846554E-07  -8.1888886E-08  -4.6176795E-08  -5.7541670E-07   4.5852488E-07  -1.4478894E-06  -5.9703662E-07  -9.8244468E-04  -1.5007761E-05   3.6647410E-04  -5.9679754E-03   6.6205622E-04   1.6537630E-03   3.1666415E-03  -5.1971623E-04  -4.2184571E-04  -2.7190211E-04  -5.3025198E-05   3.9141826E-05   8.9281211E-07  -8.5110427E-06   2.2895091E-05  -6.5372233E-06  -2.5217844E-06   5.8687214E-05  -1.0731508E-07  -4.1617828E-08  -2.7373475E-05   2.0268680E-05   8.9609353E-06   9.4406455E-06   1.2963072E-03  -6.7186003E-03   2.1062851E-04   2.5537783E-05   6.9028398E-06   5.8718379E-06
  3.5346223E-08  -6.7319267E-07   6.7353574E-08   3.1807013E-07  -8.2113757E-06  -1.0980219E-06   1.3326817E-06  -3.0522040E-07   1.9973783E-04   2.9823625E-05   5.6395656E-05  -2.1177243E-03  -9.1091369E-04   1.6003617E-04  -6.4779250E-04   8.3021512E-05  -3.1707532E-04  -2.9556375E-05   7.5281458E-05  -1.3021084E-05  -4.0396313E-06  -8.4348234E-06  -5.7262532E-06  -7.2785349E-06  -1.5788816E-06   4.5237559E-05  -6.5376561E-08   2.0117816E-08   1.0492670E-05  -3.3016097E-05   6.3379195E-06   7.5142805E-06   9.7859395E-04  -2.6629775E-04   2.5537783E-05   1.3200420E-04   7.2245940E-06   2.1115194E-06
  1.0928743E-07  -1.4956133E-06   1.0923390E-07   9.5521775E-07  -1.2841533E-05  -1.7856133E-06   2.9244194E-06  -2.9698849E-07  -8.6221847E-04   5.2246097E-05   2.1498330E-04  -7.3201136E-04   2.4445444E-04   1.0640232E-03   4.6801322E-04  -1.1705234E-04   1.5354024E-04   2.0436667E-04   7.3732750E-04   1.2246803E-03   5.1838104E-06  -8.4593713E-07  -1.2645104E-05  -1.3186523E-05   4.3491186E-06   1.1055938E-05   1.1832295E-07   3.4318337E-08  -2.1000586E-06   5.3445187E-06  -4.2068036E-05   1.1712247E-06   1.1689665E-04   1.1947947E-03   6.9028398E-06   7.2245940E-06   1.0253857E-04   9.3604279E-06
  2.0691058E-07  -2.7903810E-06   2.1962218E-07   2.9760688E-06  -2.7142079E-05  -2.7321454E-06   5.7881159E-06  -1.1541130E-06  -2.0517422E-03   1.2005168E-05  -5.3233017E-04   4.0766109E-03  -4.8229575E-03  -3.2625963E-03  -6.3321965E-05   1.3710290E-03  -1.2730285E-04   2.6674765E-04  -9.6809067E-04  -1.2619742E-03  -2.9640409E-06   7.0861051E-06  -7.6710912E-06  -8.4087113E-06  -7.8495225E-06   6.0059324E-05   7.8079515E-08  -1.8452550E-07  -4.0439385E-06   9.6826641E-06   2.0022961E-05  -7.8732822E-05  -5.3931778E-04  -8.6050700E-04   5.8718379E-06   2.1115194E-06   9.3604279E-06   3.9444866E-04
