# omegabh2 omegach2 theta tau Alens logA ns calPlanck
  4.2566312E-07  -3.4694133E-07  -1.0070975E-07   4.4633048E-07   1.0177642E-05   6.9298214E-06   6.8453165E-07   2.5570372E-08
 -3.4694133E-07   2.1756965E-06   3.0322548E-07  -1.0890257E-06  -5.1839636E-05  -2.9492138E-07  -5.0324267E-06   5.5441528E-08
 -1.0070975E-07   3.0322548E-07   6.5037844E-07  -2.1052507E-07  -2.0348873E-05  -1.7104492E-06  -2.1216030E-07  -1.3098770E-08
  4.4633048E-07  -1.0890257E-06  -2.1052507E-07   7.3262507E-05  -1.5567795E-04   1.4920572E-04   8.8805306E-06  -5.4866393E-07
  1.0177642E-05  -5.1839636E-05  -2.0348873E-05  -1.5567795E-04   5.2628410E-02  -1.3583776E-04   5.6605644E-04  -4.1851820E-05
  6.9298214E-06  -2.9492138E-07  -1.7104492E-06   1.4920572E-04  -1.3583776E-04   4.6050603E-04   2.7555207E-05   1.1698764E-05
  6.8453165E-07  -5.0324267E-06  -2.1216030E-07   8.8805306E-06   5.6605644E-04   2.7555207E-05   1.0629837E-04  -4.3664560E-07
  2.5570372E-08   5.5441528E-08  -1.3098770E-08  -5.4866393E-07  -4.1851820E-05   1.1698764E-05  -4.3664560E-07   6.2333882E-06
