# omegabh2 omegach2 theta tau logA ns nrun r calPlanck acib217 xi asz143 aps100 aps143 aps143217 aps217 aksz kgal100 kgal143 kgal143217 kgal217 galfEE100 galfEE100143 galfEE100217 galfEE143 galfEE143217 galfEE217 galfTE100 galfTE100143 galfTE100217 galfTE143 galfTE143217 galfTE217 cal0 cal2
    0.2204323E-07   -0.6417428E-07    0.1240379E-07    0.5512200E-06    0.1116200E-05    0.1280075E-06   -0.3837912E-06    0.7558380E-06    0.4437502E-08   -0.4262457E-04    0.1103734E-05    0.4853753E-05   -0.6873261E-04   -0.5127153E-04   -0.1524778E-04    0.1120267E-04   -0.1011658E-04   -0.4076234E-05   -0.6536886E-05   -0.9249174E-06    0.1275838E-04    0.4069122E-07    0.5977078E-07    0.1906176E-07    0.6258980E-07    0.1167627E-06    0.4918599E-06   -0.1748173E-06   -0.5855082E-07    0.6651307E-07   -0.2362910E-06   -0.4643441E-06   -0.1410263E-05    0.2067810E-08   -0.9516664E-09
   -0.6417428E-07    0.1029786E-05   -0.5914550E-07   -0.6393985E-05   -0.1040657E-04   -0.2598250E-05    0.1243210E-06   -0.1269434E-05   -0.6067513E-07    0.2563190E-03   -0.5790693E-05   -0.1014738E-03    0.1580237E-02    0.6443141E-03    0.1280793E-03   -0.5652252E-04    0.1555723E-03    0.1183720E-04   -0.2300045E-04   -0.6366515E-04   -0.8247968E-04   -0.3810801E-06   -0.4185982E-06   -0.5660487E-06   -0.4993403E-06   -0.1640014E-06   -0.1893363E-05    0.4406936E-06    0.3086517E-08    0.1370897E-06    0.1276274E-05    0.1060071E-05    0.1434694E-05    0.3899582E-08    0.1744623E-07
    0.1240379E-07   -0.5914550E-07    0.8825429E-07    0.9407815E-06    0.1891081E-05    0.2659225E-06   -0.1104806E-06    0.4948518E-06    0.2454657E-07    0.1125096E-04   -0.5032725E-06    0.9400984E-05   -0.8788766E-04   -0.4905585E-04   -0.1833632E-04   -0.2306524E-04   -0.7479867E-06   -0.4185622E-05    0.3700227E-05    0.1394110E-04    0.1648275E-04    0.2462267E-07    0.2575551E-07   -0.1029999E-06    0.2016832E-07   -0.5472147E-06   -0.8261678E-07   -0.1111207E-06   -0.8854929E-07   -0.3964585E-06   -0.1201690E-06   -0.3969495E-06   -0.1707028E-05    0.2787594E-08    0.6217436E-08
    0.5512200E-06   -0.6393985E-05    0.9407815E-06    0.1467018E-03    0.2686536E-03    0.2162846E-04   -0.1085143E-04    0.1356609E-04   -0.4404826E-05   -0.2464813E-02    0.1069245E-03    0.6066081E-03   -0.2185119E-01   -0.6497756E-02   -0.1658014E-02   -0.1547313E-02   -0.8107539E-03    0.3501308E-03    0.2175696E-03   -0.5100137E-03   -0.2339498E-02    0.3357717E-05    0.4082339E-05    0.5354924E-05    0.4136796E-05   -0.9621151E-05   -0.9737875E-05   -0.6470255E-05    0.8415533E-06    0.2883428E-05   -0.6381453E-05   -0.1133041E-04   -0.5159432E-04   -0.2040078E-06   -0.4509643E-06
    0.1116200E-05   -0.1040657E-04    0.1891081E-05    0.2686536E-03    0.5241090E-03    0.3381771E-04   -0.3118372E-04    0.4258641E-04    0.3553524E-05   -0.2908669E-02    0.2207886E-03    0.7459546E-03   -0.2853687E-01   -0.6856617E-02    0.9251468E-03    0.2591770E-02   -0.1466490E-02    0.6099920E-03    0.5228960E-04   -0.1408906E-02   -0.3462495E-02    0.6915511E-05    0.7505117E-05    0.9721724E-05    0.9285193E-05   -0.1894710E-04   -0.1930778E-04   -0.8781832E-05    0.3459440E-05    0.1407799E-05   -0.3268347E-05   -0.2838191E-04   -0.7624772E-04   -0.1230769E-06   -0.7926886E-06
    0.1280075E-06   -0.2598250E-05    0.2659225E-06    0.2162846E-04    0.3381771E-04    0.1719049E-04    0.6748504E-05    0.5004033E-05    0.3707456E-07   -0.5765328E-02    0.1307296E-03    0.1679845E-02   -0.3081030E-01   -0.7593121E-02    0.4192292E-02    0.7458489E-02   -0.3318390E-02    0.1999090E-03   -0.1894315E-03   -0.3789151E-03    0.4425084E-03    0.1877558E-05    0.2026554E-05    0.3021781E-05    0.2141245E-05   -0.2518485E-06   -0.2641805E-05   -0.1908712E-05    0.1172280E-05   -0.3911813E-05   -0.9916929E-06   -0.4095293E-05   -0.1704594E-04   -0.1165886E-06   -0.5470139E-06
   -0.3837912E-06    0.1243210E-06   -0.1104806E-06   -0.1085143E-04   -0.3118372E-04    0.6748504E-05    0.5276148E-04   -0.1223936E-03    0.6361562E-06   -0.8089856E-02    0.1131647E-03    0.2634522E-02   -0.3627393E-01   -0.1543751E-01    0.1574159E-02    0.7623990E-02   -0.4212336E-02   -0.2592683E-03    0.8064389E-04   -0.3155297E-03    0.7709868E-03   -0.2772647E-05   -0.2981912E-05   -0.1407023E-05   -0.2128788E-05    0.3459733E-05   -0.9641756E-05   -0.1985456E-05   -0.1068450E-05    0.3727126E-05   -0.8700299E-06    0.1633011E-04    0.2688702E-04    0.1917076E-07   -0.9056138E-06
    0.7558380E-06   -0.1269434E-05    0.4948518E-06    0.1356609E-04    0.4258641E-04    0.5004033E-05   -0.1223936E-03    0.2159340E-02   -0.4425904E-06    0.8989756E-02   -0.4283058E-03   -0.3826632E-02    0.7371857E-01    0.2942221E-01    0.2379353E-02    0.1554962E-02    0.4945786E-02   -0.3544636E-02   -0.1273036E-02    0.1612704E-02    0.4986210E-02   -0.2057022E-04   -0.1953667E-04    0.2539663E-04   -0.2970220E-04    0.1763090E-04    0.7149760E-04    0.5820279E-04    0.2296609E-04   -0.7806038E-04    0.6359961E-04   -0.5122925E-04   -0.6458854E-04   -0.3001300E-06    0.1739211E-05
    0.4437502E-08   -0.6067513E-07    0.2454657E-07   -0.4404826E-05    0.3553524E-05    0.3707456E-07    0.6361562E-06   -0.4425904E-06    0.6223065E-05    0.6654888E-03   -0.4562774E-05    0.1158849E-03    0.3213875E-02    0.3469346E-03    0.7367728E-03    0.1825467E-02   -0.1019254E-03    0.4659800E-04    0.9475105E-04    0.5502824E-04    0.7712093E-03    0.5840508E-06    0.1865146E-06    0.4794056E-06    0.1222266E-05    0.5250943E-06    0.3248387E-05    0.1419434E-05    0.1358419E-05   -0.1398329E-05    0.3741206E-05   -0.2071930E-05    0.1359788E-04    0.2695112E-07   -0.4464709E-07
   -0.4262457E-04    0.2563190E-03    0.1125096E-04   -0.2464813E-02   -0.2908669E-02   -0.5765328E-02   -0.8089856E-02    0.8989756E-02    0.6654888E-03    0.4365688E+02   -0.4876900E+00   -0.2138777E+01    0.4701890E+02    0.1406261E+01   -0.2229620E+02   -0.6185210E+02    0.1040582E+01   -0.5386721E-01    0.1003704E+00   -0.2050843E+01   -0.1816514E+02    0.8015559E-03    0.4484721E-03   -0.3013811E-03    0.2475965E-03   -0.2548138E-02    0.1295058E-01   -0.5263058E-04    0.8073106E-03    0.2159620E-02   -0.4215289E-03    0.1676267E-02    0.2076263E-01   -0.2813298E-03    0.4402285E-02
    0.1103734E-05   -0.5790693E-05   -0.5032725E-06    0.1069245E-03    0.2207886E-03    0.1307296E-03    0.1131647E-03   -0.4283058E-03   -0.4562774E-05   -0.4876900E+00    0.8065905E-01   -0.7249082E-01   -0.6051011E+00    0.1007539E+01    0.1869850E+01    0.7768449E+00    0.6182884E-01   -0.2935206E-02    0.7720196E-02    0.7946627E-01    0.6197035E-01   -0.1248856E-04    0.6967186E-05    0.1483105E-04   -0.1970660E-05    0.1073977E-03   -0.5332985E-03   -0.1834701E-03   -0.1690609E-03   -0.3089920E-03   -0.1404968E-03   -0.9557962E-04    0.6312622E-04    0.3905206E-06   -0.2064967E-04
    0.4853753E-05   -0.1014738E-03    0.9400984E-05    0.6066081E-03    0.7459546E-03    0.1679845E-02    0.2634522E-02   -0.3826632E-02    0.1158849E-03   -0.2138777E+01   -0.7249082E-01    0.3907035E+01   -0.3077960E+02   -0.4268603E+01    0.8209344E+01    0.7681446E+01   -0.3039382E+01   -0.2079321E+00    0.6109701E-01    0.2401808E+01    0.2161431E+01    0.1130550E-03   -0.8146450E-04    0.3693516E-03    0.6335625E-04   -0.7943635E-03   -0.3229973E-02   -0.1497552E-02    0.9757172E-04   -0.1272081E-02   -0.1094575E-03    0.1180727E-02   -0.1701149E-02    0.1716630E-03   -0.4443208E-03
   -0.6873261E-04    0.1580237E-02   -0.8788766E-04   -0.2185119E-01   -0.2853687E-01   -0.3081030E-01   -0.3627393E-01    0.7371857E-01    0.3213875E-02    0.4701890E+02   -0.6051011E+00   -0.3077960E+02    0.7915613E+03    0.7354529E+02   -0.6618758E+02   -0.7924291E+02    0.1596036E+02   -0.2425496E+01    0.3346987E+01   -0.1149369E+02   -0.1519451E+02   -0.2089313E-03   -0.1500214E-02   -0.4467626E-02    0.1125988E-04    0.2870430E-02    0.3968886E-01    0.5248504E-02   -0.7431036E-02    0.3817748E-01   -0.1366071E-02    0.3171101E-01    0.1356235E+00    0.6323395E-02    0.4686106E-02
   -0.5127153E-04    0.6443141E-03   -0.4905585E-04   -0.6497756E-02   -0.6856617E-02   -0.7593121E-02   -0.1543751E-01    0.2942221E-01    0.3469346E-03    0.1406261E+01    0.1007539E+01   -0.4268603E+01    0.7354529E+02    0.6464257E+02    0.4499308E+02    0.1741723E+02   -0.3782391E+01   -0.5686357E-01   -0.7257809E+00    0.3795731E+01    0.3562139E+01    0.4873520E-04   -0.4510004E-04    0.1139165E-02    0.9215231E-04    0.1079314E-02   -0.7401763E-02    0.1044604E-03   -0.5235942E-02   -0.1071472E-01   -0.9735157E-02    0.6911592E-02    0.4983344E-01    0.1876399E-04    0.2694335E-03
   -0.1524778E-04    0.1280793E-03   -0.1833632E-04   -0.1658014E-02    0.9251468E-03    0.4192292E-02    0.1574159E-02    0.2379353E-02    0.7367728E-03   -0.2229620E+02    0.1869850E+01    0.8209344E+01   -0.6618758E+02    0.4499308E+02    0.1015631E+03    0.7068640E+02   -0.1303582E+02   -0.6269067E+00   -0.2698218E+00    0.4468392E+01    0.4671032E+01    0.1924411E-03   -0.2832479E-03    0.3600036E-02    0.2129877E-03    0.1541836E-02   -0.2947171E-01   -0.8204309E-02   -0.2771579E-02   -0.1402547E-01   -0.3660136E-02    0.5996290E-02    0.2562592E-01    0.6333822E-03   -0.2803032E-02
    0.1120267E-04   -0.5652252E-04   -0.2306524E-04   -0.1547313E-02    0.2591770E-02    0.7458489E-02    0.7623990E-02    0.1554962E-02    0.1825467E-02   -0.6185210E+02    0.7768449E+00    0.7681446E+01   -0.7924291E+02    0.1741723E+02    0.7068640E+02    0.1251505E+03   -0.1171717E+02   -0.1776681E+00   -0.3951793E+00   -0.2469076E+00    0.1484618E+02   -0.9195572E-03   -0.1020131E-02    0.6138713E-02    0.2745879E-03    0.2142829E-02   -0.2502990E-01   -0.1196921E-02    0.1312040E-02   -0.6184702E-02    0.2559612E-02    0.1770776E-02   -0.3108743E-02    0.7410321E-03   -0.7842295E-02
   -0.1011658E-04    0.1555723E-03   -0.7479867E-06   -0.8107539E-03   -0.1466490E-02   -0.3318390E-02   -0.4212336E-02    0.4945786E-02   -0.1019254E-03    0.1040582E+01    0.6182884E-01   -0.3039382E+01    0.1596036E+02   -0.3782391E+01   -0.1303582E+02   -0.1171717E+02    0.6624142E+01    0.1341631E+00   -0.7786649E-01   -0.2038865E+01   -0.1732593E+01   -0.7499810E-04    0.1354892E-03   -0.1342271E-02   -0.5276187E-04    0.6469623E-03    0.7433847E-02    0.1346603E-02    0.3572444E-03    0.2719073E-02    0.1223669E-02   -0.2420726E-02   -0.7492968E-02   -0.1597869E-03    0.2443747E-03
   -0.4076234E-05    0.1183720E-04   -0.4185622E-05    0.3501308E-03    0.6099920E-03    0.1999090E-03   -0.2592683E-03   -0.3544636E-02    0.4659800E-04   -0.5386721E-01   -0.2935206E-02   -0.2079321E+00   -0.2425496E+01   -0.5686357E-01   -0.6269067E+00   -0.1776681E+00    0.1341631E+00    0.3458585E+01    0.4178147E+00    0.1238821E+00    0.2838605E+00    0.8328543E-04    0.9844080E-04   -0.8032189E-03    0.3028994E-03   -0.7168707E-04    0.1968694E-02   -0.9232521E-03    0.5285527E-04    0.1025882E-02   -0.2933039E-03   -0.3956380E-02   -0.1204469E-01    0.3299272E-03    0.2059628E-04
   -0.6536886E-05   -0.2300045E-04    0.3700227E-05    0.2175696E-03    0.5228960E-04   -0.1894315E-03    0.8064389E-04   -0.1273036E-02    0.9475105E-04    0.1003704E+00    0.7720196E-02    0.6109701E-01    0.3346987E+01   -0.7257809E+00   -0.2698218E+00   -0.3951793E+00   -0.7786649E-01    0.4178147E+00    0.3275155E+01    0.2694591E+01    0.1931530E+01    0.8596288E-04    0.1461550E-03   -0.4963189E-03    0.1563867E-03   -0.1093099E-02   -0.1560646E-02   -0.3940443E-03   -0.6175909E-03    0.1934930E-02   -0.2658308E-03    0.8631249E-03   -0.8452658E-02   -0.2577659E-03   -0.2003732E-03
   -0.9249174E-06   -0.6366515E-04    0.1394110E-04   -0.5100137E-03   -0.1408906E-02   -0.3789151E-03   -0.3155297E-03    0.1612704E-02    0.5502824E-04   -0.2050843E+01    0.7946627E-01    0.2401808E+01   -0.1149369E+02    0.3795731E+01    0.4468392E+01   -0.2469076E+00   -0.2038865E+01    0.1238821E+00    0.2694591E+01    0.1755678E+02    0.2594252E+02    0.7098071E-04   -0.1530633E-03   -0.1158249E-02    0.2243069E-03   -0.1816175E-02   -0.3121117E-02    0.1469799E-03   -0.4886915E-02   -0.9455830E-02   -0.4875785E-02   -0.8389454E-03   -0.3294664E-02   -0.3061763E-04    0.2480570E-02
    0.1275838E-04   -0.8247968E-04    0.1648275E-04   -0.2339498E-02   -0.3462495E-02    0.4425084E-03    0.7709868E-03    0.4986210E-02    0.7712093E-03   -0.1816514E+02    0.6197035E-01    0.2161431E+01   -0.1519451E+02    0.3562139E+01    0.4671032E+01    0.1484618E+02   -0.1732593E+01    0.2838605E+00    0.1931530E+01    0.2594252E+02    0.5432868E+02   -0.1973141E-03   -0.2974643E-03   -0.3250309E-02    0.1896299E-03   -0.1007612E-02   -0.1044818E-02    0.1855891E-02   -0.6776656E-02   -0.1894528E-01   -0.3634915E-02   -0.3742085E-02   -0.2000154E-01    0.1057277E-03    0.4509417E-02
    0.4069122E-07   -0.3810801E-06    0.2462267E-07    0.3357717E-05    0.6915511E-05    0.1877558E-05   -0.2772647E-05   -0.2057022E-04    0.5840508E-06    0.8015559E-03   -0.1248856E-04    0.1130550E-03   -0.2089313E-03    0.4873520E-04    0.1924411E-03   -0.9195572E-03   -0.7499810E-04    0.8328543E-04    0.8596288E-04    0.7098071E-04   -0.1973141E-03    0.3228165E-04    0.8722928E-05   -0.1084677E-06    0.4214997E-05   -0.5649100E-06   -0.2431510E-05    0.1475311E-05    0.1513953E-05   -0.3218384E-05   -0.2214902E-05   -0.3842008E-05   -0.6550232E-05   -0.2983743E-07   -0.1596367E-07
    0.5977078E-07   -0.4185982E-06    0.2575551E-07    0.4082339E-05    0.7505117E-05    0.2026554E-05   -0.2981912E-05   -0.1953667E-04    0.1865146E-06    0.4484721E-03    0.6967186E-05   -0.8146450E-04   -0.1500214E-02   -0.4510004E-04   -0.2832479E-03   -0.1020131E-02    0.1354892E-03    0.9844080E-04    0.1461550E-03   -0.1530633E-03   -0.2974643E-03    0.8722928E-05    0.2546083E-04   -0.5926966E-06    0.1287611E-04   -0.6621993E-06   -0.1960433E-05    0.1511810E-05    0.2615226E-05    0.1424894E-05   -0.2657897E-05   -0.1458640E-04   -0.3283204E-04   -0.1283880E-06    0.6863379E-08
    0.1906176E-07   -0.5660487E-06   -0.1029999E-06    0.5354924E-05    0.9721724E-05    0.3021781E-05   -0.1407023E-05    0.2539663E-04    0.4794056E-06   -0.3013811E-03    0.1483105E-04    0.3693516E-03   -0.4467626E-02    0.1139165E-02    0.3600036E-02    0.6138713E-02   -0.1342271E-02   -0.8032189E-03   -0.4963189E-03   -0.1158249E-02   -0.3250309E-02   -0.1084677E-06   -0.5926966E-06    0.1065664E-02   -0.1685346E-05    0.2182836E-04   -0.5424990E-04    0.3111874E-04    0.3566868E-04    0.1753284E-04    0.2412636E-04   -0.5628164E-04    0.1716196E-04   -0.3174589E-06   -0.4154477E-06
    0.6258980E-07   -0.4993403E-06    0.2016832E-07    0.4136796E-05    0.9285193E-05    0.2141245E-05   -0.2128788E-05   -0.2970220E-04    0.1222266E-05    0.2475965E-03   -0.1970660E-05    0.6335625E-04    0.1125988E-04    0.9215231E-04    0.2129877E-03    0.2745879E-03   -0.5276187E-04    0.3028994E-03    0.1563867E-03    0.2243069E-03    0.1896299E-03    0.4214997E-05    0.1287611E-04   -0.1685346E-05    0.4684628E-04    0.4991345E-05    0.4269795E-05    0.7077078E-06   -0.3647815E-07   -0.4242253E-06   -0.5603139E-05   -0.9818668E-05   -0.8475844E-05   -0.4445804E-07   -0.7936380E-07
    0.1167627E-06   -0.1640014E-06   -0.5472147E-06   -0.9621151E-05   -0.1894710E-04   -0.2518485E-06    0.3459733E-05    0.1763090E-04    0.5250943E-06   -0.2548138E-02    0.1073977E-03   -0.7943635E-03    0.2870430E-02    0.1079314E-02    0.1541836E-02    0.2142829E-02    0.6469623E-03   -0.7168707E-04   -0.1093099E-02   -0.1816175E-02   -0.1007612E-02   -0.5649100E-06   -0.6621993E-06    0.2182836E-04    0.4991345E-05    0.2189498E-02    0.9458017E-04    0.1512922E-04    0.1393623E-05    0.7135769E-04   -0.1518816E-05    0.1110102E-04   -0.9254161E-04    0.2132537E-06   -0.3012784E-06
    0.4918599E-06   -0.1893363E-05   -0.8261678E-07   -0.9737875E-05   -0.1930778E-04   -0.2641805E-05   -0.9641756E-05    0.7149760E-04    0.3248387E-05    0.1295058E-01   -0.5332985E-03   -0.3229973E-02    0.3968886E-01   -0.7401763E-02   -0.2947171E-01   -0.2502990E-01    0.7433847E-02    0.1968694E-02   -0.1560646E-02   -0.3121117E-02   -0.1044818E-02   -0.2431510E-05   -0.1960433E-05   -0.5424990E-04    0.4269795E-05    0.9458017E-04    0.1689377E-01    0.7418148E-04   -0.2435708E-05    0.3041766E-04    0.1159276E-03    0.4343675E-05    0.1166306E-03   -0.1046147E-05    0.2545437E-05
   -0.1748173E-06    0.4406936E-06   -0.1111207E-06   -0.6470255E-05   -0.8781832E-05   -0.1908712E-05   -0.1985456E-05    0.5820279E-04    0.1419434E-05   -0.5263058E-04   -0.1834701E-03   -0.1497552E-02    0.5248504E-02    0.1044604E-03   -0.8204309E-02   -0.1196921E-02    0.1346603E-02   -0.9232521E-03   -0.3940443E-03    0.1469799E-03    0.1855891E-02    0.1475311E-05    0.1511810E-05    0.3111874E-04    0.7077078E-06    0.1512922E-04    0.7418148E-04    0.1449090E-02    0.3064409E-03    0.1260333E-03   -0.3794812E-03   -0.5692068E-04   -0.3050448E-03   -0.3990314E-06    0.3152605E-06
   -0.5855082E-07    0.3086517E-08   -0.8854929E-07    0.8415533E-06    0.3459440E-05    0.1172280E-05   -0.1068450E-05    0.2296609E-04    0.1358419E-05    0.8073106E-03   -0.1690609E-03    0.9757172E-04   -0.7431036E-02   -0.5235942E-02   -0.2771579E-02    0.1312040E-02    0.3572444E-03    0.5285527E-04   -0.6175909E-03   -0.4886915E-02   -0.6776656E-02    0.1513953E-05    0.2615226E-05    0.3566868E-04   -0.3647815E-07    0.1393623E-05   -0.2435708E-05    0.3064409E-03    0.8460331E-03    0.6501975E-04    0.7265380E-03    0.8118063E-04   -0.5690445E-03   -0.3598633E-06   -0.4565680E-06
    0.6651307E-07    0.1370897E-06   -0.3964585E-06    0.2883428E-05    0.1407799E-05   -0.3911813E-05    0.3727126E-05   -0.7806038E-04   -0.1398329E-05    0.2159620E-02   -0.3089920E-03   -0.1272081E-02    0.3817748E-01   -0.1071472E-01   -0.1402547E-01   -0.6184702E-02    0.2719073E-02    0.1025882E-02    0.1934930E-02   -0.9455830E-02   -0.1894528E-01   -0.3218384E-05    0.1424894E-05    0.1753284E-04   -0.4242253E-06    0.7135769E-04    0.3041766E-04    0.1260333E-03    0.6501975E-04    0.7173007E-02   -0.2471147E-03    0.6877057E-03    0.4370728E-02   -0.6401603E-06   -0.2406810E-05
   -0.2362910E-06    0.1276274E-05   -0.1201690E-06   -0.6381453E-05   -0.3268347E-05   -0.9916929E-06   -0.8700299E-06    0.6359961E-04    0.3741206E-05   -0.4215289E-03   -0.1404968E-03   -0.1094575E-03   -0.1366071E-02   -0.9735157E-02   -0.3660136E-02    0.2559612E-02    0.1223669E-02   -0.2933039E-03   -0.2658308E-03   -0.4875785E-02   -0.3634915E-02   -0.2214902E-05   -0.2657897E-05    0.2412636E-04   -0.5603139E-05   -0.1518816E-05    0.1159276E-03   -0.3794812E-03    0.7265380E-03   -0.2471147E-03    0.2883276E-02    0.5590690E-03   -0.7705877E-03    0.6443921E-06    0.2317465E-06
   -0.4643441E-06    0.1060071E-05   -0.3969495E-06   -0.1133041E-04   -0.2838191E-04   -0.4095293E-05    0.1633011E-04   -0.5122925E-04   -0.2071930E-05    0.1676267E-02   -0.9557962E-04    0.1180727E-02    0.3171101E-01    0.6911592E-02    0.5996290E-02    0.1770776E-02   -0.2420726E-02   -0.3956380E-02    0.8631249E-03   -0.8389454E-03   -0.3742085E-02   -0.3842008E-05   -0.1458640E-04   -0.5628164E-04   -0.9818668E-05    0.1110102E-04    0.4343675E-05   -0.5692068E-04    0.8118063E-04    0.6877057E-03    0.5590690E-03    0.6696995E-02    0.7753836E-02    0.8503506E-06   -0.1193142E-05
   -0.1410263E-05    0.1434694E-05   -0.1707028E-05   -0.5159432E-04   -0.7624772E-04   -0.1704594E-04    0.2688702E-04   -0.6458854E-04    0.1359788E-04    0.2076263E-01    0.6312622E-04   -0.1701149E-02    0.1356235E+00    0.4983344E-01    0.2562592E-01   -0.3108743E-02   -0.7492968E-02   -0.1204469E-01   -0.8452658E-02   -0.3294664E-02   -0.2000154E-01   -0.6550232E-05   -0.3283204E-04    0.1716196E-04   -0.8475844E-05   -0.9254161E-04    0.1166306E-03   -0.3050448E-03   -0.5690445E-03    0.4370728E-02   -0.7705877E-03    0.7753836E-02    0.6461980E-01   -0.4706809E-06   -0.5216293E-05
    0.2067810E-08    0.3899582E-08    0.2787594E-08   -0.2040078E-06   -0.1230769E-06   -0.1165886E-06    0.1917076E-07   -0.3001300E-06    0.2695112E-07   -0.2813298E-03    0.3905206E-06    0.1716630E-03    0.6323395E-02    0.1876399E-04    0.6333822E-03    0.7410321E-03   -0.1597869E-03    0.3299272E-03   -0.2577659E-03   -0.3061763E-04    0.1057277E-03   -0.2983743E-07   -0.1283880E-06   -0.3174589E-06   -0.4445804E-07    0.2132537E-06   -0.1046147E-05   -0.3990314E-06   -0.3598633E-06   -0.6401603E-06    0.6443921E-06    0.8503506E-06   -0.4706809E-06    0.5908195E-06   -0.9994673E-08
   -0.9516664E-09    0.1744623E-07    0.6217436E-08   -0.4509643E-06   -0.7926886E-06   -0.5470139E-06   -0.9056138E-06    0.1739211E-05   -0.4464709E-07    0.4402285E-02   -0.2064967E-04   -0.4443208E-03    0.4686106E-02    0.2694335E-03   -0.2803032E-02   -0.7842295E-02    0.2443747E-03    0.2059628E-04   -0.2003732E-03    0.2480570E-02    0.4509417E-02   -0.1596367E-07    0.6863379E-08   -0.4154477E-06   -0.7936380E-07   -0.3012784E-06    0.2545437E-05    0.3152605E-06   -0.4565680E-06   -0.2406810E-05    0.2317465E-06   -0.1193142E-05   -0.5216293E-05   -0.9994673E-08    0.2073143E-05
