# omegabh2 omegach2 theta tau meffsterile nnu logA ns calPlanck acib217 xi asz143 aps100 aps143 aps143217 aps217 aksz kgal100 kgal143 kgal143217 kgal217 galfTE100 galfTE100143 galfTE100217 galfTE143 galfTE143217 galfTE217 cal0 cal2
  2.1668162E-08   9.0795625E-08  -1.4492615E-09   2.3513077E-07  -3.4656294E-06   5.9111151E-06   6.6830103E-07   3.6420136E-07   1.4254264E-08  -3.4550726E-05   1.0501170E-07   1.4234586E-05  -2.4398091E-04  -1.5282507E-04  -5.9305657E-05  -9.3953456E-06  -1.9136199E-05   5.5267046E-06   2.3763322E-06  -3.4236836E-06   2.6645638E-07   4.4923948E-08  -4.1422069E-08   1.9929714E-07  -3.3530084E-07  -3.3637376E-07  -1.7119037E-06   1.5004921E-09  -7.1063308E-10
  9.0795625E-08   9.5342648E-06  -3.5932504E-07  -1.8196350E-07  -5.1909082E-04   1.8562425E-04   9.0102442E-06   7.3022330E-06  -6.5737190E-08   1.1945431E-03  -1.7367147E-05  -2.3535578E-04   7.0234013E-03   1.5771658E-03  -1.6891830E-04  -1.3909203E-03   5.7942138E-04   2.2759600E-04   2.7906089E-04   2.6723142E-04  -5.4808705E-05   1.2447494E-06  -9.0039724E-07  -6.6919824E-07  -2.0792638E-06   2.1683413E-06  -6.2497831E-06   3.7221162E-09   1.4805236E-08
 -1.4492615E-09  -3.5932504E-07   1.0145175E-07   5.4732699E-08   1.0992611E-05  -1.2514811E-05  -3.3111196E-07  -3.2816872E-07   2.2806181E-08  -5.6132283E-05   1.7576098E-06   6.1013655E-06  -3.7484100E-04  -9.4763611E-05  -3.4843512E-06   2.4866432E-05  -1.7986975E-05  -1.0614941E-06  -9.5211828E-06  -9.7391044E-06   1.1762997E-05  -9.7395130E-08   6.5376043E-09   2.9158235E-07  -2.1373008E-07  -1.3566103E-07  -4.4622780E-07   2.7629321E-10   1.4123264E-09
  2.3513077E-07  -1.8196350E-07   5.4732699E-08   5.5196181E-05  -3.6016075E-05   7.0978878E-05   1.0498304E-04   9.7647571E-06  -1.0178513E-06  -1.1894893E-03   4.8747665E-06   4.0721129E-04  -9.2253913E-03  -3.8159402E-03  -7.3451840E-04   5.5116889E-04  -7.6348700E-04  -9.8503756E-05  -7.9744256E-05  -4.3040411E-04  -5.9484647E-04   3.5714698E-06  -2.6498756E-06   8.6263599E-06  -3.7933565E-07   3.5696599E-06  -2.0845995E-05  -6.8127561E-08  -3.9114209E-08
 -3.4656294E-06  -5.1909082E-04   1.0992611E-05  -3.6016075E-05   4.0542543E-02  -5.1111371E-03  -3.4879250E-04  -3.8554400E-04  -3.5622288E-06  -4.6301870E-02  -5.6591404E-05   6.2263165E-03  -1.7738876E-01   1.8477481E-03   3.6091784E-02   9.6878358E-02  -1.8239687E-02  -1.1186865E-02  -1.0517396E-02  -7.8134395E-03   6.3199106E-03  -4.7921399E-05   4.7540831E-05   2.3468018E-04   1.3843494E-04  -1.4435124E-04   1.0788137E-03  -6.9161734E-08  -1.5976726E-06
  5.9111151E-06   1.8562425E-04  -1.2514811E-05   7.0978878E-05  -5.1111371E-03   7.8494237E-03   4.3251161E-04   3.0692533E-04   2.1030183E-06   3.8958408E-02  -1.1152424E-03  -6.5607345E-03   2.2686994E-01   6.3234772E-02   3.8693173E-04  -2.4136576E-02   1.7915589E-02   6.6310252E-03   9.5783031E-03   1.0260714E-02  -7.8847043E-04   5.4147385E-05  -2.1699474E-05   1.2119555E-04  -5.0443371E-05  -4.0752983E-05  -1.3805970E-04   1.2813918E-07   1.8620551E-07
  6.6830103E-07   9.0102442E-06  -3.3111196E-07   1.0498304E-04  -3.4879250E-04   4.3251161E-04   2.3994216E-04   2.5929246E-05   9.2703403E-06  -1.0707234E-03   2.3247202E-05   3.0683116E-04  -2.5179220E-03  -2.1214876E-03   1.2488917E-03   5.4394291E-03  -1.1687288E-03  -1.7792070E-04  -2.0282576E-04  -6.8428969E-04   3.5213793E-04   9.6895880E-06  -7.5357572E-06   6.1658769E-06  -7.6531895E-06   1.6269608E-06  -3.6655879E-05   3.0532082E-08  -1.3722014E-07
  3.6420136E-07   7.3022330E-06  -3.2816872E-07   9.7647571E-06  -3.8554400E-04   3.0692533E-04   2.5929246E-05   2.6283915E-05   3.0255335E-07  -1.9630439E-03   3.0418608E-05   6.8661635E-04  -1.4023430E-02  -3.6016703E-03   1.6817518E-03   3.1805077E-03  -1.5298943E-03   5.7954395E-04   1.8376666E-05  -1.1560406E-04   4.8025297E-04   3.0607824E-06  -7.4848114E-07   7.4430165E-06  -5.8714059E-06   8.4612030E-07  -1.9523968E-05  -9.3477624E-08  -3.0352523E-08
  1.4254264E-08  -6.5737190E-08   2.2806181E-08  -1.0178513E-06  -3.5622288E-06   2.1030183E-06   9.2703403E-06   3.0255335E-07   5.7534903E-06   6.2605093E-04  -3.7835887E-06  -1.7680859E-06   4.0707182E-03   8.6582582E-04   3.9774263E-04   1.2861330E-03   4.6181073E-05   9.4820218E-06   6.6947016E-05   1.1202071E-04   8.0693323E-04   6.2865002E-07  -6.2420902E-07  -7.2156972E-06  -1.9968929E-06  -3.0710582E-06   1.0174351E-07   8.9171312E-09  -1.9615700E-08
 -3.4550726E-05   1.1945431E-03  -5.6132283E-05  -1.1894893E-03  -4.6301870E-02   3.8958408E-02  -1.0707234E-03  -1.9630439E-03   6.2605093E-04   4.3368452E+01  -3.8039072E-01  -5.7837495E-01   3.2669945E+01   1.1283108E+00  -1.2381624E+01  -5.3527026E+01  -1.4533385E-01   1.5988215E-01   3.4584275E-01  -5.5842241E+00  -3.2338059E+01  -1.0775486E-03   2.5444060E-03  -2.7875336E-03  -3.2649007E-04  -5.5120898E-03  -1.4608961E-02  -1.3396154E-04   7.2380729E-04
  1.0501170E-07  -1.7367147E-05   1.7576098E-06   4.8747665E-06  -5.6591404E-05  -1.1152424E-03   2.3247202E-05   3.0418608E-05  -3.7835887E-06  -3.8039072E-01   8.1462339E-02  -4.3727548E-02  -6.3897579E-01   9.2111779E-01   1.6987728E+00   6.3316902E-01   3.9197390E-02  -5.6858565E-03   3.4800203E-03   9.7989224E-02   1.2758308E-01   1.0176801E-04   4.4908599E-05   2.0814833E-04  -7.3167555E-05   5.7517290E-04   1.7025217E-03   1.5274575E-06   2.5167551E-08
  1.4234586E-05  -2.3535578E-04   6.1013655E-06   4.0721129E-04   6.2263165E-03  -6.5607345E-03   3.0683116E-04   6.8661635E-04  -1.7680859E-06  -5.7837495E-01  -4.3727548E-02   3.8698088E+00  -3.0444728E+01  -3.2294626E+00   7.6012040E+00   4.9894990E+00  -2.7374763E+00  -1.9190616E-01   1.2033188E-01   2.5646447E+00   2.9852569E+00  -7.1834285E-04  -5.2745692E-04   3.1970312E-04   1.6948019E-03   3.7474797E-04  -3.8578293E-03   9.8472518E-05  -4.1056482E-05
 -2.4398091E-04   7.0234013E-03  -3.7484100E-04  -9.2253913E-03  -1.7738876E-01   2.2686994E-01  -2.5179220E-03  -1.4023430E-02   4.0707182E-03   3.2669945E+01  -6.3897579E-01  -3.0444728E+01   7.7846043E+02   6.6244880E+01  -5.6018370E+01  -5.6705188E+01   1.5137903E+01  -5.7628740E+00   6.0323725E+00  -1.2174178E+01  -2.1441265E+01   4.5893218E-03   4.4111788E-03  -4.0209601E-03   1.4882304E-03  -4.6715210E-02  -1.2265121E-01   3.9136114E-03   4.5558525E-04
 -1.5282507E-04   1.5771658E-03  -9.4763611E-05  -3.8159402E-03   1.8477481E-03   6.3234772E-02  -2.1214876E-03  -3.6016703E-03   8.6582582E-04   1.1283108E+00   9.2111779E-01  -3.2294626E+00   6.6244880E+01   6.1344351E+01   4.0635597E+01   1.6106091E+01  -4.8063523E+00  -4.3834673E-01  -1.3010387E+00   3.4085290E+00   4.5327999E+00  -6.4204270E-04  -1.9677706E-03   7.3729847E-04  -2.6844782E-03   4.2176072E-03   3.2218078E-02   7.4202711E-05   1.0975058E-04
 -5.9305657E-05  -1.6891830E-04  -3.4843512E-06  -7.3451840E-04   3.6091784E-02   3.8693173E-04   1.2488917E-03   1.6817518E-03   3.9774263E-04  -1.2381624E+01   1.6987728E+00   7.6012040E+00  -5.6018370E+01   4.0635597E+01   8.5657032E+01   5.2629868E+01  -1.1987006E+01  -6.8142633E-01  -7.2233342E-01   4.5121884E+00   7.1964198E+00   1.6576363E-04  -3.2278759E-03   3.9428703E-03   4.3217615E-03   1.5764241E-02   3.9914569E-02   3.2679781E-04  -3.4847996E-04
 -9.3953456E-06  -1.3909203E-03   2.4866432E-05   5.5116889E-04   9.6878358E-02  -2.4136576E-02   5.4394291E-03   3.1805077E-03   1.2861330E-03  -5.3527026E+01   6.3316902E-01   4.9894990E+00  -5.6705188E+01   1.6106091E+01   5.2629868E+01   1.0170249E+02  -9.2098903E+00  -5.5183539E-01  -9.5135672E-01   5.0841088E+00   3.2029134E+01  -4.8036881E-05  -6.9044705E-03   1.0922252E-03   5.9399199E-03   9.0511508E-03   1.1337210E-02   3.4373790E-04  -1.3370558E-03
 -1.9136199E-05   5.7942138E-04  -1.7986975E-05  -7.6348700E-04  -1.8239687E-02   1.7915589E-02  -1.1687288E-03  -1.5298943E-03   4.6181073E-05  -1.4533385E-01   3.9197390E-02  -2.7374763E+00   1.5137903E+01  -4.8063523E+00  -1.1987006E+01  -9.2098903E+00   5.8945148E+00   1.0560110E-01  -1.9243348E-01  -1.9521634E+00  -2.0560480E+00   1.1662399E-03   6.6645815E-04  -1.0906859E-03  -1.4406854E-05  -5.6597808E-04   5.5119636E-03  -4.4154847E-05   6.9547855E-06
  5.5267046E-06   2.2759600E-04  -1.0614941E-06  -9.8503756E-05  -1.1186865E-02   6.6310252E-03  -1.7792070E-04   5.7954395E-04   9.4820218E-06   1.5988215E-01  -5.6858565E-03  -1.9190616E-01  -5.7628740E+00  -4.3834673E-01  -6.8142633E-01  -5.5183539E-01   1.0560110E-01   3.4015415E+00   5.8172691E-01   1.8502586E-01   2.0250053E-01  -1.4702472E-04  -2.1891462E-04   6.4764011E-04  -1.0707343E-03   1.3667497E-03   1.0645931E-02   1.7685648E-04   1.2067964E-05
  2.3763322E-06   2.7906089E-04  -9.5211828E-06  -7.9744256E-05  -1.0517396E-02   9.5783031E-03  -2.0282576E-04   1.8376666E-05   6.6947016E-05   3.4584275E-01   3.4800203E-03   1.2033188E-01   6.0323725E+00  -1.3010387E+00  -7.2233342E-01  -9.5135672E-01  -1.9243348E-01   5.8172691E-01   3.2389923E+00   2.7592883E+00   3.0417546E+00  -3.3701916E-04  -4.3041556E-04  -1.0590145E-03   1.1203458E-04  -1.4348925E-03  -3.4183802E-03  -1.9791196E-04  -3.0863478E-05
 -3.4236836E-06   2.6723142E-04  -9.7391044E-06  -4.3040411E-04  -7.8134395E-03   1.0260714E-02  -6.8428969E-04  -1.1560406E-04   1.1202071E-04  -5.5842241E+00   9.7989224E-02   2.5646447E+00  -1.2174178E+01   3.4085290E+00   4.5121884E+00   5.0841088E+00  -1.9521634E+00   1.8502586E-01   2.7592883E+00   1.0776696E+01   1.9162508E+01  -4.9659687E-04   8.9513165E-04   1.2889263E-03   1.1143646E-03  -2.4699744E-03   7.4811037E-03  -4.2790900E-05   4.0477846E-04
  2.6645638E-07  -5.4808705E-05   1.1762997E-05  -5.9484647E-04   6.3199106E-03  -7.8847043E-04   3.5213793E-04   4.8025297E-04   8.0693323E-04  -3.2338059E+01   1.2758308E-01   2.9852569E+00  -2.1441265E+01   4.5327999E+00   7.1964198E+00   3.2029134E+01  -2.0560480E+00   2.0250053E-01   3.0417546E+00   1.9162508E+01   5.2756422E+01   2.1034862E-04   1.0024549E-03   4.7337862E-03   1.4477569E-03  -3.0051023E-03   2.1344556E-02   1.9558205E-05   8.7208885E-04
  4.4923948E-08   1.2447494E-06  -9.7395130E-08   3.5714698E-06  -4.7921399E-05   5.4147385E-05   9.6895880E-06   3.0607824E-06   6.2865002E-07  -1.0775486E-03   1.0176801E-04  -7.1834285E-04   4.5893218E-03  -6.4204270E-04   1.6576363E-04  -4.8036881E-05   1.1662399E-03  -1.4702472E-04  -3.3701916E-04  -4.9659687E-04   2.1034862E-04   1.4685466E-03   2.7086971E-04   7.6714410E-05  -3.7601450E-04  -9.1132309E-05  -4.6032952E-05   2.7599368E-07   1.0266251E-07
 -4.1422069E-08  -9.0039724E-07   6.5376043E-09  -2.6498756E-06   4.7540831E-05  -2.1699474E-05  -7.5357572E-06  -7.4848114E-07  -6.2420902E-07   2.5444060E-03   4.4908599E-05  -5.2745692E-04   4.4111788E-03  -1.9677706E-03  -3.2278759E-03  -6.9044705E-03   6.6645815E-04  -2.1891462E-04  -4.3041556E-04   8.9513165E-04   1.0024549E-03   2.7086971E-04   8.7645491E-04   5.2118280E-05   7.8916662E-04   7.3367364E-05  -7.2523048E-04   2.7057959E-08   3.3819351E-07
  1.9929714E-07  -6.6919824E-07   2.9158235E-07   8.6263599E-06   2.3468018E-04   1.2119555E-04   6.1658769E-06   7.4430165E-06  -7.2156972E-06  -2.7875336E-03   2.0814833E-04   3.1970312E-04  -4.0209601E-03   7.3729847E-04   3.9428703E-03   1.0922252E-03  -1.0906859E-03   6.4764011E-04  -1.0590145E-03   1.2889263E-03   4.7337862E-03   7.6714410E-05   5.2118280E-05   7.2601110E-03  -3.0965982E-04   5.8207320E-04   4.4919336E-03   3.3610435E-08   1.2111941E-06
 -3.3530084E-07  -2.0792638E-06  -2.1373008E-07  -3.7933565E-07   1.3843494E-04  -5.0443371E-05  -7.6531895E-06  -5.8714059E-06  -1.9968929E-06  -3.2649007E-04  -7.3167555E-05   1.6948019E-03   1.4882304E-03  -2.6844782E-03   4.3217615E-03   5.9399199E-03  -1.4406854E-05  -1.0707343E-03   1.1203458E-04   1.1143646E-03   1.4477569E-03  -3.7601450E-04   7.8916662E-04  -3.0965982E-04   3.0038997E-03   5.3447808E-04  -1.3893434E-03  -1.7938161E-07   1.9040756E-07
 -3.3637376E-07   2.1683413E-06  -1.3566103E-07   3.5696599E-06  -1.4435124E-04  -4.0752983E-05   1.6269608E-06   8.4612030E-07  -3.0710582E-06  -5.5120898E-03   5.7517290E-04   3.7474797E-04  -4.6715210E-02   4.2176072E-03   1.5764241E-02   9.0511508E-03  -5.6597808E-04   1.3667497E-03  -1.4348925E-03  -2.4699744E-03  -3.0051023E-03  -9.1132309E-05   7.3367364E-05   5.8207320E-04   5.3447808E-04   6.4234479E-03   8.0661995E-03  -1.0555045E-07  -5.2882799E-07
 -1.7119037E-06  -6.2497831E-06  -4.4622780E-07  -2.0845995E-05   1.0788137E-03  -1.3805970E-04  -3.6655879E-05  -1.9523968E-05   1.0174351E-07  -1.4608961E-02   1.7025217E-03  -3.8578293E-03  -1.2265121E-01   3.2218078E-02   3.9914569E-02   1.1337210E-02   5.5119636E-03   1.0645931E-02  -3.4183802E-03   7.4811037E-03   2.1344556E-02  -4.6032952E-05  -7.2523048E-04   4.4919336E-03  -1.3893434E-03   8.0661995E-03   7.2099973E-02   1.8078187E-06  -3.8949820E-07
  1.5004921E-09   3.7221162E-09   2.7629321E-10  -6.8127561E-08  -6.9161734E-08   1.2813918E-07   3.0532082E-08  -9.3477624E-08   8.9171312E-09  -1.3396154E-04   1.5274575E-06   9.8472518E-05   3.9136114E-03   7.4202711E-05   3.2679781E-04   3.4373790E-04  -4.4154847E-05   1.7685648E-04  -1.9791196E-04  -4.2790900E-05   1.9558205E-05   2.7599368E-07   2.7057959E-08   3.3610435E-08  -1.7938161E-07  -1.0555045E-07   1.8078187E-06   3.7457801E-07   1.4900632E-10
 -7.1063308E-10   1.4805236E-08   1.4123264E-09  -3.9114209E-08  -1.5976726E-06   1.8620551E-07  -1.3722014E-07  -3.0352523E-08  -1.9615700E-08   7.2380729E-04   2.5167551E-08  -4.1056482E-05   4.5558525E-04   1.0975058E-04  -3.4847996E-04  -1.3370558E-03   6.9547855E-06   1.2067964E-05  -3.0863478E-05   4.0477846E-04   8.7208885E-04   1.0266251E-07   3.3819351E-07   1.2111941E-06   1.9040756E-07  -5.2882799E-07  -3.8949820E-07   1.4900632E-10   3.8115179E-07
