# omegam omegab H0 mnu A ns
  7.4443149E-03   8.4612239E-04  -6.0907313E-01   6.9555325E-03  -2.3918473E-02  -1.7126272E-03
  8.4612239E-04   1.3328005E-04  -9.4701074E-02   5.5231541E-06  -1.1557843E-03  -1.6517940E-05
 -6.0907313E-01  -9.4701074E-02   6.9738253E+01  -2.7661471E-02   8.6661303E-01   1.4795076E-02
  6.9555325E-03   5.5231541E-06  -2.7661471E-02   7.2581782E-02  -1.4095688E-02   2.1630884E-04
 -2.3918473E-02  -1.1557843E-03   8.6661303E-01  -1.4095688E-02   2.1202508E-01   2.2047199E-02
 -1.7126272E-03  -1.6517940E-05   1.4795076E-02   2.1630884E-04   2.2047199E-02   3.3665256E-03
