# omegabh2 omegach2 theta tau mnu nnu logA ns calPlanck acib217 xi asz143 aps100 aps143 aps143217 aps217 aksz kgal100 kgal143 kgal143217 kgal217 cal0 cal2
  1.2961021E-07   5.3125222E-07  -9.7753929E-09   1.0601608E-06  -3.7680521E-05   7.4750105E-05   4.1321231E-06   4.2931982E-06   2.8500635E-08   1.0179273E-04  -3.2016068E-06  -1.0361484E-05   4.0343929E-04   3.4795955E-05  -8.3526564E-05  -1.3737659E-04   4.6214741E-05   1.8566871E-05   3.1193755E-05   1.4528362E-05  -2.2184675E-05   3.6274977E-09   1.6659337E-09
  5.3125222E-07   1.5590309E-05  -1.6461213E-06   1.8481683E-06   6.8434232E-05   9.5734806E-04   4.5115082E-05   3.1227317E-05  -3.1738234E-07   4.7675437E-03  -1.0767349E-04  -1.2532810E-03   2.5857364E-02   1.3616400E-02   4.4113862E-03   7.5423658E-04   2.0235831E-03   2.7491412E-04   4.5630390E-04   3.5867479E-04  -1.1253191E-03   9.0782423E-09   1.3966428E-07
 -9.7753929E-09  -1.6461213E-06   3.6701767E-07  -8.5931292E-09  -2.8482197E-05  -8.9719257E-05  -4.0633944E-06  -2.1514383E-06   3.2397819E-08  -5.3512844E-04   1.0422810E-05   1.2406709E-04  -2.8943165E-03  -1.5802727E-03  -6.1423671E-04  -1.4303940E-04  -2.0902711E-04  -2.6742028E-05  -4.3105343E-05  -5.2763877E-05   1.0506529E-04  -2.3486167E-10  -1.9078391E-08
  1.0601608E-06   1.8481683E-06  -8.5931292E-09   6.4254882E-05  -9.5049783E-05   6.4497187E-04   1.3674625E-04   4.4201633E-05  -1.9685507E-08   6.4063470E-04  -2.6866521E-05  -7.9957378E-05   1.1431802E-03   6.4051341E-04  -3.7884382E-04  -8.4038847E-04   6.2812390E-05   5.1911007E-04  -6.9114224E-06  -1.8325512E-04  -6.1024543E-04   5.5204163E-08   5.8210330E-09
 -3.7680521E-05   6.8434232E-05  -2.8482197E-05  -9.5049783E-05   3.2044923E-02  -1.5184386E-02  -2.0504704E-04  -1.3425676E-03   1.8868463E-05  -5.3353146E-03  -2.4478670E-04  -5.6410511E-03   1.1403768E-01   1.3851998E-01   1.0975689E-01   1.2125323E-01  -5.8195040E-03   1.3742891E-03  -1.1186358E-02  -8.2772905E-03   2.3721077E-03  -2.5294448E-07   1.3489763E-06
  7.4750105E-05   9.5734806E-04  -8.9719257E-05   6.4497187E-04  -1.5184386E-02   8.2572149E-02   4.1129128E-03   3.6430838E-03   9.5152761E-06   3.3726197E-01  -7.1482904E-03  -8.5243163E-02   1.7604932E+00   8.6095160E-01   2.4093857E-01  -8.6193489E-03   1.4436624E-01   2.0890379E-02   3.7142204E-02   2.4882401E-02  -8.5742296E-02   2.9326770E-06   8.7333213E-06
  4.1321231E-06   4.5115082E-05  -4.0633944E-06   1.3674625E-04  -2.0504704E-04   4.1129128E-03   4.3208941E-04   1.9030528E-04   1.1913751E-05   1.4232798E-02  -2.9530324E-04  -3.5754799E-03   7.7034038E-02   3.9812964E-02   1.3792134E-02   5.8089674E-03   4.8185318E-03   1.3434827E-03   7.8424146E-04   2.9284886E-04  -2.7746376E-03   3.3358054E-07   3.2677799E-07
  4.2931982E-06   3.1227317E-05  -2.1514383E-06   4.4201633E-05  -1.3425676E-03   3.6430838E-03   1.9030528E-04   1.9918405E-04   1.3746413E-06   8.5755863E-03  -1.6130571E-04  -2.1346914E-03   4.0122778E-02   2.2104690E-02   7.8424443E-03   1.5825618E-03   3.2064938E-03   1.3509305E-03   1.3281883E-03   6.8099810E-04  -2.1474564E-03   6.4558929E-08   2.0270217E-07
  2.8500635E-08  -3.1738234E-07   3.2397819E-08  -1.9685507E-08   1.8868463E-05   9.5152761E-06   1.1913751E-05   1.3746413E-06   6.3639099E-06   7.7420545E-04   3.3199596E-06  -3.4699267E-05   4.4535245E-03   9.4438254E-04   5.3344257E-04   1.3454361E-03  -4.1905131E-05  -2.5092380E-05   3.1845318E-05   6.1678667E-05   7.8877532E-04   5.4882283E-09  -2.3831537E-08
  1.0179273E-04   4.7675437E-03  -5.3512844E-04   6.4063470E-04  -5.3353146E-03   3.3726197E-01   1.4232798E-02   8.5755863E-03   7.7420545E-04   4.5899231E+01  -4.0795129E-01  -1.3670947E+00   4.6113287E+01   7.0898296E+00  -1.0836032E+01  -5.3626610E+01   4.6117474E-01   2.2568680E-01   7.1138957E-01  -5.9144994E+00  -3.4060899E+01  -1.8931705E-04   7.5470866E-04
 -3.2016068E-06  -1.0767349E-04   1.0422810E-05  -2.6866521E-05  -2.4478670E-04  -7.1482904E-03  -2.9530324E-04  -1.6130571E-04   3.3199596E-06  -4.0795129E-01   8.1248300E-02  -3.7165051E-02  -6.8112038E-01   7.7954358E-01   1.5647955E+00   5.6114828E-01   3.2735264E-02  -9.1912193E-03   4.6929120E-03   1.0876147E-01   1.6342040E-01   4.0104570E-06  -3.7324324E-06
 -1.0361484E-05  -1.2532810E-03   1.2406709E-04  -7.9957378E-05  -5.6410511E-03  -8.5243163E-02  -3.5754799E-03  -2.1346914E-03  -3.4699267E-05  -1.3670947E+00  -3.7165051E-02   4.0545509E+00  -3.3809803E+01  -4.6141941E+00   7.3748527E+00   5.3933603E+00  -3.0573015E+00  -2.1316017E-01   1.6327087E-01   2.7417242E+00   3.5737471E+00   1.0044706E-04  -6.5955284E-05
  4.0343929E-04   2.5857364E-02  -2.8943165E-03   1.1431802E-03   1.1403768E-01   1.7604932E+00   7.7034038E-02   4.0122778E-02   4.4535245E-03   4.6113287E+01  -6.8112038E-01  -3.3809803E+01   8.5221223E+02   9.5345476E+01  -4.7448508E+01  -6.0271951E+01   1.9319541E+01  -6.7800568E+00   6.0519377E+00  -1.3386227E+01  -2.9194678E+01   3.9427970E-03   1.0356682E-03
  3.4795955E-05   1.3616400E-02  -1.5802727E-03   6.4051341E-04   1.3851998E-01   8.6095160E-01   3.9812964E-02   2.2104690E-02   9.4438254E-04   7.0898296E+00   7.7954358E-01  -4.6141941E+00   9.5345476E+01   7.6123856E+01   4.4946136E+01   1.6817613E+01  -2.9874182E+00  -3.8946558E-01  -1.1400500E+00   3.3236861E+00   2.4260947E+00   9.9636799E-05   2.5456265E-04
 -8.3526564E-05   4.4113862E-03  -6.1423671E-04  -3.7884382E-04   1.0975689E-01   2.4093857E-01   1.3792134E-02   7.8424443E-03   5.3344257E-04  -1.0836032E+01   1.5647955E+00   7.3748527E+00  -4.7448508E+01   4.4946136E+01   8.5789035E+01   5.3502199E+01  -1.1771682E+01  -8.5682687E-01  -6.9488837E-01   5.0785837E+00   7.9020808E+00   4.5099123E-04  -3.8266861E-04
 -1.3737659E-04   7.5423658E-04  -1.4303940E-04  -8.4038847E-04   1.2125323E-01  -8.6193489E-03   5.8089674E-03   1.5825618E-03   1.3454361E-03  -5.3626610E+01   5.6114828E-01   5.3933603E+00  -6.0271951E+01   1.6817613E+01   5.3502199E+01   1.0337645E+02  -9.4735593E+00  -6.8369589E-01  -1.3064674E+00   5.6065687E+00   3.3216610E+01   4.9067820E-04  -1.3240700E-03
  4.6214741E-05   2.0235831E-03  -2.0902711E-04   6.2812390E-05  -5.8195040E-03   1.4436624E-01   4.8185318E-03   3.2064938E-03  -4.1905131E-05   4.6117474E-01   3.2735264E-02  -3.0573015E+00   1.9319541E+01  -2.9874182E+00  -1.1771682E+01  -9.4735593E+00   6.4478186E+00   1.6164344E-01  -1.2648238E-01  -2.0784502E+00  -2.4468727E+00  -6.2438366E-05   3.6401646E-05
  1.8566871E-05   2.7491412E-04  -2.6742028E-05   5.1911007E-04   1.3742891E-03   2.0890379E-02   1.3434827E-03   1.3509305E-03  -2.5092380E-05   2.2568680E-01  -9.1912193E-03  -2.1316017E-01  -6.7800568E+00  -3.8946558E-01  -8.5682687E-01  -6.8369589E-01   1.6164344E-01   3.3209829E+00   5.2609921E-01   9.1483580E-02   8.6969668E-03   1.4838949E-04   2.5070536E-06
  3.1193755E-05   4.5630390E-04  -4.3105343E-05  -6.9114224E-06  -1.1186358E-02   3.7142204E-02   7.8424146E-04   1.3281883E-03   3.1845318E-05   7.1138957E-01   4.6929120E-03   1.6327087E-01   6.0519377E+00  -1.1400500E+00  -6.9488837E-01  -1.3064674E+00  -1.2648238E-01   5.2609921E-01   3.1818316E+00   2.7655570E+00   2.7315581E+00  -1.8173002E-04  -3.5770578E-05
  1.4528362E-05   3.5867479E-04  -5.2763877E-05  -1.8325512E-04  -8.2772905E-03   2.4882401E-02   2.9284886E-04   6.8099810E-04   6.1678667E-05  -5.9144994E+00   1.0876147E-01   2.7417242E+00  -1.3386227E+01   3.3236861E+00   5.0785837E+00   5.6065687E+00  -2.0784502E+00   9.1483580E-02   2.7655570E+00   1.1044701E+01   1.9728316E+01  -3.3187046E-05   4.0456635E-04
 -2.2184675E-05  -1.1253191E-03   1.0506529E-04  -6.1024543E-04   2.3721077E-03  -8.5742296E-02  -2.7746376E-03  -2.1474564E-03   7.8877532E-04  -3.4060899E+01   1.6342040E-01   3.5737471E+00  -2.9194678E+01   2.4260947E+00   7.9020808E+00   3.3216610E+01  -2.4468727E+00   8.6969668E-03   2.7315581E+00   1.9728316E+01   5.4685079E+01   4.8757517E-05   9.3385098E-04
  3.6274977E-09   9.0782423E-09  -2.3486167E-10   5.5204163E-08  -2.5294448E-07   2.9326770E-06   3.3358054E-07   6.4558929E-08   5.4882283E-09  -1.8931705E-04   4.0104570E-06   1.0044706E-04   3.9427970E-03   9.9636799E-05   4.5099123E-04   4.9067820E-04  -6.2438366E-05   1.4838949E-04  -1.8173002E-04  -3.3187046E-05   4.8757517E-05   3.7364592E-07  -4.6838280E-10
  1.6659337E-09   1.3966428E-07  -1.9078391E-08   5.8210330E-09   1.3489763E-06   8.7333213E-06   3.2677799E-07   2.0270217E-07  -2.3831537E-08   7.5470866E-04  -3.7324324E-06  -6.5955284E-05   1.0356682E-03   2.5456265E-04  -3.8266861E-04  -1.3240700E-03   3.6401646E-05   2.5070536E-06  -3.5770578E-05   4.0456635E-04   9.3385098E-04  -4.6838280E-10   3.9310579E-07
