# omegabh2 omegach2 theta tau mnu nnu logA ns calPlanck acib217 xi asz143 aps100 aps143 aps143217 aps217 aksz kgal100 kgal143 kgal143217 kgal217 galfTE100 galfTE100143 galfTE100217 galfTE143 galfTE143217 galfTE217 cal0 cal2
  3.1201717E-08   2.1482950E-07  -2.0448976E-08   1.9512474E-07   9.3637703E-07   1.7307286E-05   1.0464033E-06   7.6345775E-07   4.3073251E-09  -2.8992018E-06   9.8807758E-07  -8.5094460E-07   1.1426216E-04   1.8563324E-05   2.6107168E-05   1.0580895E-05   1.8225572E-06   9.9747779E-06   1.0852877E-05   1.5422381E-05   2.4663228E-05   5.7915602E-09  -2.3023099E-08  -1.4806792E-08  -3.1475204E-07  -4.2686495E-07  -1.3766317E-06  -6.3484100E-10   1.6439088E-09
  2.1482950E-07   6.9000195E-06  -7.5173913E-07  -4.7852205E-07   2.7833220E-06   3.6932730E-04   1.6719525E-05   1.0405047E-05  -6.9218946E-08   1.6620894E-03  -3.0080995E-05  -4.0065638E-04   9.2558720E-03   4.6696745E-03   1.5853566E-03  -3.9740665E-05   7.3329041E-04   2.3022872E-04   2.2528724E-04   3.1935219E-04  -8.1287969E-05   1.1189767E-06   3.9015910E-07   1.8662688E-06   4.5750035E-07  -7.1894176E-07   1.1977967E-05  -2.0217042E-08   2.4208198E-08
 -2.0448976E-08  -7.5173913E-07   1.6873695E-07   5.4582119E-08  -1.5115162E-06  -4.3341550E-05  -1.7647036E-06  -1.2173842E-06  -2.8489807E-09  -2.1576804E-04   3.3012731E-06   4.9080891E-05  -1.2379437E-03  -5.4795284E-04  -1.7255735E-04   2.7085572E-05  -8.3368027E-05  -2.7345442E-05  -2.3679299E-05  -2.4393389E-05   3.8127387E-05   1.6569832E-08   8.3877729E-08   1.3177767E-07   3.0894144E-08   1.0532320E-07  -1.2006601E-06   2.0359433E-09  -2.9087545E-09
  1.9512474E-07  -4.7852205E-07   5.4582119E-08   4.8932147E-05   2.7368422E-05   6.4810794E-05   9.5885804E-05   7.9857630E-06  -5.0053379E-07  -9.7180016E-04   4.4727278E-05   4.2516124E-04  -7.9236565E-03  -2.8690610E-03   2.7197770E-04   5.2621559E-04  -7.6143657E-04  -1.1180088E-04  -3.0098007E-04  -4.7015465E-04  -5.9444557E-04  -4.3613398E-06  -4.1562552E-06   2.8311612E-06  -8.3374751E-06   3.7149260E-06   2.0800618E-05  -5.3281935E-08  -3.0605784E-08
  9.3637703E-07   2.7833220E-06  -1.5115162E-06   2.7368422E-05   1.5992157E-03   7.5199317E-04   6.5538406E-05   4.6837596E-05   2.3903077E-06   1.1239941E-02  -1.8153718E-04  -9.1362001E-04   2.6509160E-02   5.1526915E-03  -3.0290834E-03  -9.6176334E-03   1.3972990E-03   8.6604041E-04   1.7853937E-03   1.4826215E-03  -2.5712208E-03  -1.9759838E-05  -1.8169196E-05  -1.9273653E-05  -3.2316320E-05  -1.4358788E-05   5.9340379E-07  -1.6732902E-07   5.8537382E-07
  1.7307286E-05   3.6932730E-04  -4.3341550E-05   6.4810794E-05   7.5199317E-04   2.3298201E-02   1.0874643E-03   8.0745407E-04  -8.2662201E-07   1.0272149E-01  -1.7694962E-03  -2.1011471E-02   5.4481855E-01   2.5819274E-01   8.4389133E-02  -1.6780063E-02   4.3677159E-02   1.4369414E-02   1.7182094E-02   2.2462464E-02  -1.4695414E-03   4.0915031E-05  -3.8076945E-06   7.3583542E-05  -8.2702737E-05  -1.1058174E-04   1.1430813E-04  -2.2289973E-06   1.9360635E-06
  1.0464033E-06   1.6719525E-05  -1.7647036E-06   9.5885804E-05   6.5538406E-05   1.0874643E-03   2.6181505E-04   4.2482424E-05   1.1457941E-05   1.5912586E-03   4.0781305E-05  -1.5393507E-04   9.4414877E-03   7.2265093E-03   7.1664862E-03   7.8168341E-03  -7.4069758E-04   1.6130349E-05  -7.0590564E-04  -8.4360446E-04  -5.0176745E-05  -1.5949251E-06  -8.7733206E-06   9.7421235E-06  -1.8210711E-05  -2.1756606E-06   9.3698304E-05  -3.8353971E-09  -1.2176057E-07
  7.6345775E-07   1.0405047E-05  -1.2173842E-06   7.9857630E-06   4.6837596E-05   8.0745407E-04   4.2482424E-05   4.2260813E-05   2.8642208E-07  -3.3308400E-04   3.9492499E-05   5.3845355E-05  -1.5949330E-03   3.1219258E-03   4.2989148E-03   3.7325308E-03  -3.0803689E-04   7.8745046E-04   4.1127959E-04   4.5749058E-04   9.8763354E-04  -1.3867481E-06  -6.8615147E-07  -1.0900890E-06  -8.6611107E-06  -5.7462413E-06  -2.7076089E-05  -1.9148851E-07   2.3191440E-08
  4.3073251E-09  -6.9218946E-08  -2.8489807E-09  -5.0053379E-07   2.3903077E-06  -8.2662201E-07   1.1457941E-05   2.8642208E-07   6.2761011E-06   6.1440430E-04  -5.2233042E-06   2.6227127E-05   2.9426401E-03   5.6542453E-04   5.3575530E-04   1.6951311E-03  -1.6790060E-04  -3.6158223E-05  -6.8485098E-05  -1.3978026E-04   5.5459020E-04   2.4512947E-06  -6.5712003E-07  -1.6148874E-07  -1.7214504E-06  -2.9533533E-06   1.3332494E-05   4.8374116E-09  -4.9148662E-08
 -2.8992018E-06   1.6620894E-03  -2.1576804E-04  -9.7180016E-04   1.1239941E-02   1.0272149E-01   1.5912586E-03  -3.3308400E-04   6.1440430E-04   4.5215560E+01  -4.4779946E-01  -9.1935620E-01   3.8603116E+01   2.2987550E+00  -1.3409058E+01  -5.4766679E+01  -2.5320547E-02   2.5735596E-01   5.1132588E-01  -6.2753236E+00  -3.4350151E+01   7.1101201E-03  -1.7066870E-03   3.7976896E-03   2.1907729E-03   1.0287544E-02   1.5752711E-02  -2.0567145E-04   6.6888839E-04
  9.8807758E-07  -3.0080995E-05   3.3012731E-06   4.4727278E-05  -1.8153718E-04  -1.7694962E-03   4.0781305E-05   3.9492499E-05  -5.2233042E-06  -4.4779946E-01   7.9430880E-02  -2.5997646E-02  -7.5890399E-01   8.7444033E-01   1.6998561E+00   7.0300100E-01   2.8609317E-02   4.2534677E-04   1.5533182E-02   1.2841293E-01   2.0453094E-01  -9.6180735E-05  -2.3377851E-05  -1.2048809E-04  -2.0495422E-04  -2.5516933E-04  -1.8942517E-04   6.1304075E-06  -3.5206515E-06
 -8.5094460E-07  -4.0065638E-04   4.9080891E-05   4.2516124E-04  -9.1362001E-04  -2.1011471E-02  -1.5393507E-04   5.3845355E-05   2.6227127E-05  -9.1935620E-01  -2.5997646E-02   3.6643574E+00  -2.8586056E+01  -3.3430496E+00   7.0919207E+00   4.8582989E+00  -2.4594752E+00  -2.8897455E-01   1.3673481E-01   2.5678377E+00   3.2280868E+00  -1.6691988E-03  -4.4302438E-04   1.3880548E-03   1.3767773E-04  -2.9851846E-03  -2.2639157E-03   1.1208004E-04  -3.8664085E-05
  1.1426216E-04   9.2558720E-03  -1.2379437E-03  -7.9236565E-03   2.6509160E-02   5.4481855E-01   9.4414877E-03  -1.5949330E-03   2.9426401E-03   3.8603116E+01  -7.5890399E-01  -2.8586056E+01   7.5957613E+02   7.1799035E+01  -5.0170485E+01  -5.8349119E+01   1.2419416E+01  -5.3749282E+00   5.3951924E+00  -1.1336403E+01  -2.4278230E+01   2.8231790E-02  -5.7626163E-03  -3.4107983E-02   1.0530226E-02   3.1856428E-02   6.3297232E-02   3.5757951E-03   5.9276546E-04
  1.8563324E-05   4.6696745E-03  -5.4795284E-04  -2.8690610E-03   5.1526915E-03   2.5819274E-01   7.2265093E-03   3.1219258E-03   5.6542453E-04   2.2987550E+00   8.7444033E-01  -3.3430496E+00   7.1799035E+01   6.2126954E+01   4.0190519E+01   1.4840405E+01  -4.1104659E+00   1.0014850E-02  -1.2297865E+00   3.2417860E+00   3.6424340E+00   2.8223741E-03  -2.1572165E-04   3.8816268E-03   1.7092724E-04  -6.1026746E-03   4.0745089E-02   1.1569966E-04   2.3161705E-05
  2.6107168E-05   1.5853566E-03  -1.7255735E-04   2.7197770E-04  -3.0290834E-03   8.4389133E-02   7.1664862E-03   4.2989148E-03   5.3575530E-04  -1.3409058E+01   1.6998561E+00   7.0919207E+00  -5.0170485E+01   4.0190519E+01   8.3213638E+01   5.1576044E+01  -1.0631020E+01  -6.6080210E-01  -5.8907068E-01   4.8424667E+00   8.4566805E+00  -5.8957194E-03  -1.0153945E-04  -6.9811962E-04   1.5373729E-03  -1.4076041E-02   2.3258133E-02   4.8951051E-04  -4.4615312E-04
  1.0580895E-05  -3.9740665E-05   2.7085572E-05   5.2621559E-04  -9.6176334E-03  -1.6780063E-02   7.8168341E-03   3.7325308E-03   1.6951311E-03  -5.4766679E+01   7.0300100E-01   4.8582989E+00  -5.8349119E+01   1.4840405E+01   5.1576044E+01   1.0080837E+02  -8.5168803E+00  -7.7576619E-01  -1.2814647E+00   5.6559932E+00   3.3870085E+01  -6.8209090E-03   2.7173855E-03  -4.2110097E-03   1.2757545E-03  -1.4211700E-02   1.4254536E-02   5.2698452E-04  -1.2894308E-03
  1.8225572E-06   7.3329041E-04  -8.3368027E-05  -7.6143657E-04   1.3972990E-03   4.3677159E-02  -7.4069758E-04  -3.0803689E-04  -1.6790060E-04  -2.5320547E-02   2.8609317E-02  -2.4594752E+00   1.2419416E+01  -4.1104659E+00  -1.0631020E+01  -8.5168803E+00   5.3945075E+00   1.4161916E-01  -1.1446724E-01  -1.7504694E+00  -1.8727604E+00   8.9790634E-04   7.0008567E-04  -2.2762020E-04  -6.8928948E-04   2.8736115E-03  -3.7877335E-03  -1.0717169E-04   2.3059938E-05
  9.9747779E-06   2.3022872E-04  -2.7345442E-05  -1.1180088E-04   8.6604041E-04   1.4369414E-02   1.6130349E-05   7.8745046E-04  -3.6158223E-05   2.5735596E-01   4.2534677E-04  -2.8897455E-01  -5.3749282E+00   1.0014850E-02  -6.6080210E-01  -7.7576619E-01   1.4161916E-01   3.3547007E+00   5.9609150E-01   2.3442163E-01   2.9682545E-01  -3.5032519E-04  -3.3243409E-04   3.7601187E-03  -1.6566513E-03  -8.1856274E-05  -3.3041602E-03   1.6067309E-04   1.8173848E-05
  1.0852877E-05   2.2528724E-04  -2.3679299E-05  -3.0098007E-04   1.7853937E-03   1.7182094E-02  -7.0590564E-04   4.1127959E-04  -6.8485098E-05   5.1132588E-01   1.5533182E-02   1.3673481E-01   5.3951924E+00  -1.2297865E+00  -5.8907068E-01  -1.2814647E+00  -1.1446724E-01   5.9609150E-01   3.1872375E+00   2.7288583E+00   2.7779413E+00   1.3704866E-03  -1.2882858E-03  -1.7908755E-03  -3.1937107E-03   4.5550385E-04   3.2455231E-03  -1.8285978E-04  -3.3127735E-05
  1.5422381E-05   3.1935219E-04  -2.4393389E-05  -4.7015465E-04   1.4826215E-03   2.2462464E-02  -8.4360446E-04   4.5749058E-04  -1.3978026E-04  -6.2753236E+00   1.2841293E-01   2.5678377E+00  -1.1336403E+01   3.2417860E+00   4.8424667E+00   5.6559932E+00  -1.7504694E+00   2.3442163E-01   2.7288583E+00   1.0886459E+01   1.9637965E+01  -8.1097049E-04  -1.9675777E-03   2.4738744E-04  -5.1081384E-03  -7.8374276E-03  -2.2070880E-03  -1.1086807E-05   4.0019788E-04
  2.4663228E-05  -8.1287969E-05   3.8127387E-05  -5.9444557E-04  -2.5712208E-03  -1.4695414E-03  -5.0176745E-05   9.8763354E-04   5.5459020E-04  -3.4350151E+01   2.0453094E-01   3.2280868E+00  -2.4278230E+01   3.6424340E+00   8.4566805E+00   3.3870085E+01  -1.8727604E+00   2.9682545E-01   2.7779413E+00   1.9637965E+01   5.4606359E+01  -5.6986305E-03  -2.0136574E-03  -7.3385733E-04  -7.4013830E-03  -1.6232709E-02  -1.0301309E-02   7.5001851E-05   9.1586848E-04
  5.7915602E-09   1.1189767E-06   1.6569832E-08  -4.3613398E-06  -1.9759838E-05   4.0915031E-05  -1.5949251E-06  -1.3867481E-06   2.4512947E-06   7.1101201E-03  -9.6180735E-05  -1.6691988E-03   2.8231790E-02   2.8223741E-03  -5.8957194E-03  -6.8209090E-03   8.9790634E-04  -3.5032519E-04   1.3704866E-03  -8.1097049E-04  -5.6986305E-03   1.4848397E-03   2.9475424E-04   1.1089567E-04  -3.4431067E-04  -9.0262680E-05  -1.2527226E-04  -2.2231894E-08   2.0363659E-07
 -2.3023099E-08   3.9015910E-07   8.3877729E-08  -4.1562552E-06  -1.8169196E-05  -3.8076945E-06  -8.7733206E-06  -6.8615147E-07  -6.5712003E-07  -1.7066870E-03  -2.3377851E-05  -4.4302438E-04  -5.7626163E-03  -2.1572165E-04  -1.0153945E-04   2.7173855E-03   7.0008567E-04  -3.3243409E-04  -1.2882858E-03  -1.9675777E-03  -2.0136574E-03   2.9475424E-04   8.6899313E-04   5.4255107E-05   7.1564480E-04   4.5589087E-05  -6.7762653E-04   9.0737379E-08   2.4648686E-08
 -1.4806792E-08   1.8662688E-06   1.3177767E-07   2.8311612E-06  -1.9273653E-05   7.3583542E-05   9.7421235E-06  -1.0900890E-06  -1.6148874E-07   3.7976896E-03  -1.2048809E-04   1.3880548E-03  -3.4107983E-02   3.8816268E-03  -6.9811962E-04  -4.2110097E-03  -2.2762020E-04   3.7601187E-03  -1.7908755E-03   2.4738744E-04  -7.3385733E-04   1.1089567E-04   5.4255107E-05   7.4142382E-03  -3.5046684E-04   5.9608949E-04   4.4858620E-03  -5.8801769E-07   1.2698669E-07
 -3.1475204E-07   4.5750035E-07   3.0894144E-08  -8.3374751E-06  -3.2316320E-05  -8.2702737E-05  -1.8210711E-05  -8.6611107E-06  -1.7214504E-06   2.1907729E-03  -2.0495422E-04   1.3767773E-04   1.0530226E-02   1.7092724E-04   1.5373729E-03   1.2757545E-03  -6.8928948E-04  -1.6566513E-03  -3.1937107E-03  -5.1081384E-03  -7.4013830E-03  -3.4431067E-04   7.1564480E-04  -3.5046684E-04   2.8495971E-03   5.1470112E-04  -9.2641518E-04   5.4939540E-07  -1.3235908E-07
 -4.2686495E-07  -7.1894176E-07   1.0532320E-07   3.7149260E-06  -1.4358788E-05  -1.1058174E-04  -2.1756606E-06  -5.7462413E-06  -2.9533533E-06   1.0287544E-02  -2.5516933E-04  -2.9851846E-03   3.1856428E-02  -6.1026746E-03  -1.4076041E-02  -1.4211700E-02   2.8736115E-03  -8.1856274E-05   4.5550385E-04  -7.8374276E-03  -1.6232709E-02  -9.0262680E-05   4.5589087E-05   5.9608949E-04   5.1470112E-04   6.4098608E-03   7.7242145E-03  -6.1123725E-07   6.6034350E-07
 -1.3766317E-06   1.1977967E-05  -1.2006601E-06   2.0800618E-05   5.9340379E-07   1.1430813E-04   9.3698304E-05  -2.7076089E-05   1.3332494E-05   1.5752711E-02  -1.8942517E-04  -2.2639157E-03   6.3297232E-02   4.0745089E-02   2.3258133E-02   1.4254536E-02  -3.7877335E-03  -3.3041602E-03   3.2455231E-03  -2.2070880E-03  -1.0301309E-02  -1.2527226E-04  -6.7762653E-04   4.4858620E-03  -9.2641518E-04   7.7242145E-03   7.0048362E-02  -7.4417250E-07   1.0326612E-06
 -6.3484100E-10  -2.0217042E-08   2.0359433E-09  -5.3281935E-08  -1.6732902E-07  -2.2289973E-06  -3.8353971E-09  -1.9148851E-07   4.8374116E-09  -2.0567145E-04   6.1304075E-06   1.1208004E-04   3.5757951E-03   1.1569966E-04   4.8951051E-04   5.2698452E-04  -1.0717169E-04   1.6067309E-04  -1.8285978E-04  -1.1086807E-05   7.5001851E-05  -2.2231894E-08   9.0737379E-08  -5.8801769E-07   5.4939540E-07  -6.1123725E-07  -7.4417250E-07   3.7437399E-07  -1.7585259E-09
  1.6439088E-09   2.4208198E-08  -2.9087545E-09  -3.0605784E-08   5.8537382E-07   1.9360635E-06  -1.2176057E-07   2.3191440E-08  -4.9148662E-08   6.6888839E-04  -3.5206515E-06  -3.8664085E-05   5.9276546E-04   2.3161705E-05  -4.4615312E-04  -1.2894308E-03   2.3059938E-05   1.8173848E-05  -3.3127735E-05   4.0019788E-04   9.1586848E-04   2.0363659E-07   2.4648686E-08   1.2698669E-07  -1.3235908E-07   6.6034350E-07   1.0326612E-06  -1.7585259E-09   3.7898310E-07
