# omegabh2 omegach2 theta tau mnu logA ns calPlanck acib217 xi asz143 aps100 aps143 aps143217 aps217 aksz kgal100 kgal143 kgal143217 kgal217 cal0 cal2
    0.4931799E-07   -0.2159731E-06    0.3810042E-07    0.3350643E-05    0.9660058E-05    0.6251332E-05    0.7644714E-06    0.1252513E-07   -0.2173723E-03    0.2394453E-05    0.7874963E-04   -0.9790428E-03   -0.5779026E-03   -0.1140580E-03    0.5764671E-04   -0.1035506E-03   -0.3252043E-05   -0.9706835E-05   -0.3760142E-05    0.6133353E-04    0.2324994E-08   -0.1038887E-07
   -0.2159731E-06    0.3525328E-05   -0.2347868E-06   -0.4616368E-04   -0.1435115E-03   -0.8313022E-04   -0.9880400E-05   -0.1027212E-06    0.1267764E-02   -0.2584211E-04   -0.3532874E-03    0.5869463E-02    0.2959485E-02    0.3363371E-03   -0.4116977E-03    0.5807514E-03    0.7505213E-04    0.1319740E-04    0.7270188E-04   -0.2502653E-03    0.9956410E-08    0.1240528E-06
    0.3810042E-07   -0.2347868E-06    0.1831782E-06    0.4605467E-05    0.1160506E-04    0.8820575E-05    0.9552512E-06    0.3038351E-07   -0.8783257E-04   -0.7218544E-07    0.4938851E-04   -0.6883767E-03   -0.3512216E-03   -0.8821959E-04   -0.2835027E-04   -0.7350575E-04    0.1551091E-04   -0.5316747E-05   -0.1292864E-04    0.3430189E-04    0.6968961E-08   -0.6929273E-08
    0.3350643E-05   -0.4616368E-04    0.4605467E-05    0.8448821E-03    0.2532043E-02    0.1553227E-02    0.1460484E-03   -0.4154415E-05   -0.2219481E-01    0.3112617E-03    0.6617309E-02   -0.1073810E+00   -0.5541770E-01   -0.1104445E-01    0.3479824E-02   -0.1040636E-01   -0.2326858E-03    0.6561790E-04    0.5925921E-03    0.5534521E-02   -0.6880840E-07   -0.2122003E-05
    0.9660058E-05   -0.1435115E-03    0.1160506E-04    0.2532043E-02    0.1109288E-01    0.4684585E-02    0.4284237E-03    0.9134822E-05   -0.5637448E-01    0.7001869E-03    0.1810173E-01   -0.2881308E+00   -0.1479264E+00   -0.2323311E-01    0.2289568E-01   -0.2912644E-01   -0.6764561E-03   -0.2356814E-02    0.3077492E-03    0.1965849E-01    0.1818989E-06   -0.3268451E-05
    0.6251332E-05   -0.8313022E-04    0.8820575E-05    0.1553227E-02    0.4684585E-02    0.2885509E-02    0.2647178E-03    0.3690248E-05   -0.4130973E-01    0.6610779E-03    0.1226704E-01   -0.1957234E+00   -0.1004796E+00   -0.1653581E-01    0.1211773E-01   -0.2014611E-01   -0.5986325E-03   -0.2039209E-03    0.5992302E-03    0.1141663E-01    0.5772434E-07   -0.4065728E-05
    0.7644714E-06   -0.9880400E-05    0.9552512E-06    0.1460484E-03    0.4284237E-03    0.2647178E-03    0.3893949E-04    0.3423725E-06   -0.7938092E-02    0.1648432E-03    0.2254207E-02   -0.4380471E-01   -0.1407213E-01    0.2084061E-02    0.7069303E-02   -0.4501400E-02    0.1303770E-03   -0.1356043E-03   -0.5928003E-03    0.8079323E-03   -0.2605342E-06   -0.8498007E-06
    0.1252513E-07   -0.1027212E-06    0.3038351E-07   -0.4154415E-05    0.9134822E-05    0.3690248E-05    0.3423725E-06    0.6198550E-05    0.7238009E-03    0.2319695E-04   -0.2923392E-04    0.3120461E-02    0.1150573E-02    0.1034025E-02    0.1364887E-02   -0.4553007E-05   -0.1575400E-04    0.1219477E-03   -0.8318160E-04    0.4877015E-03   -0.5725832E-07   -0.9211685E-07
   -0.2173723E-03    0.1267764E-02   -0.8783257E-04   -0.2219481E-01   -0.5637448E-01   -0.4130973E-01   -0.7938092E-02    0.7238009E-03    0.4253789E+02   -0.4939925E+00   -0.1664751E+01    0.4136403E+02    0.2494177E+00   -0.2204506E+02   -0.6097360E+02    0.1093895E+01   -0.3453928E+00   -0.3289070E+00   -0.1515365E+01   -0.1708333E+02   -0.3060733E-03    0.4481265E-02
    0.2394453E-05   -0.2584211E-04   -0.7218544E-07    0.3112617E-03    0.7001869E-03    0.6610779E-03    0.1648432E-03    0.2319695E-04   -0.4939925E+00    0.8225363E-01   -0.9275874E-01   -0.2845490E+00    0.1051190E+01    0.1878541E+01    0.7933183E+00    0.6102094E-01    0.4099029E-03    0.9041270E-02    0.6937117E-01    0.8969877E-01    0.5357907E-05   -0.1416777E-04
    0.7874963E-04   -0.3532874E-03    0.4938851E-04    0.6617309E-02    0.1810173E-01    0.1226704E-01    0.2254207E-02   -0.2923392E-04   -0.1664751E+01   -0.9275874E-01    0.3851227E+01   -0.2991962E+02   -0.4614276E+01    0.7202422E+01    0.6482985E+01   -0.2786302E+01   -0.1292996E+00    0.5385461E-01    0.2075613E+01    0.1574705E+01    0.1682363E-03   -0.4794066E-03
   -0.9790428E-03    0.5869463E-02   -0.6883767E-03   -0.1073810E+00   -0.2881308E+00   -0.1957234E+00   -0.4380471E-01    0.3120461E-02    0.4136403E+02   -0.2845490E+00   -0.2991962E+02    0.7811479E+03    0.7509699E+02   -0.5593575E+02   -0.7334746E+02    0.1726881E+02   -0.4265268E+01    0.3220536E+01   -0.9365700E+01   -0.1220964E+02    0.6496707E-02    0.4808031E-02
   -0.5779026E-03    0.2959485E-02   -0.3512216E-03   -0.5541770E-01   -0.1479264E+00   -0.1004796E+00   -0.1407213E-01    0.1150573E-02    0.2494177E+00    0.1051190E+01   -0.4614276E+01    0.7509699E+02    0.6452488E+02    0.4560942E+02    0.1949221E+02   -0.3373508E+01   -0.1464216E+00   -0.7567417E+00    0.3356086E+01    0.3504965E+01    0.6562678E-04    0.1794658E-03
   -0.1140580E-03    0.3363371E-03   -0.8821959E-04   -0.1104445E-01   -0.2323311E-01   -0.1653581E-01    0.2084061E-02    0.1034025E-02   -0.2204506E+02    0.1878541E+01    0.7202422E+01   -0.5593575E+02    0.4560942E+02    0.9922691E+02    0.6936181E+02   -0.1185514E+02   -0.3820469E+00   -0.2351407E+00    0.3366953E+01    0.3662434E+01    0.6681298E-03   -0.2912986E-02
    0.5764671E-04   -0.4116977E-03   -0.2835027E-04    0.3479824E-02    0.2289568E-01    0.1211773E-01    0.7069303E-02    0.1364887E-02   -0.6097360E+02    0.7933183E+00    0.6482985E+01   -0.7334746E+02    0.1949221E+02    0.6936181E+02    0.1240648E+03   -0.1082442E+02    0.2945097E+00    0.1689134E+00   -0.1327916E+01    0.1309191E+02    0.6161010E-03   -0.8010456E-02
   -0.1035506E-03    0.5807514E-03   -0.7350575E-04   -0.1040636E-01   -0.2912644E-01   -0.2014611E-01   -0.4501400E-02   -0.4553007E-05    0.1093895E+01    0.6102094E-01   -0.2786302E+01    0.1726881E+02   -0.3373508E+01   -0.1185514E+02   -0.1082442E+02    0.6128879E+01    0.6608583E-01   -0.5734407E-01   -0.1798127E+01   -0.1453243E+01   -0.6718927E-04    0.3024279E-03
   -0.3252043E-05    0.7505213E-04    0.1551091E-04   -0.2326858E-03   -0.6764561E-03   -0.5986325E-03    0.1303770E-03   -0.1575400E-04   -0.3453928E+00    0.4099029E-03   -0.1292996E+00   -0.4265268E+01   -0.1464216E+00   -0.3820469E+00    0.2945097E+00    0.6608583E-01    0.3500953E+01    0.4968711E+00    0.2332932E+00    0.5099274E+00    0.2675062E-03   -0.2328856E-04
   -0.9706835E-05    0.1319740E-04   -0.5316747E-05    0.6561790E-04   -0.2356814E-02   -0.2039209E-03   -0.1356043E-03    0.1219477E-03   -0.3289070E+00    0.9041270E-02    0.5385461E-01    0.3220536E+01   -0.7567417E+00   -0.2351407E+00    0.1689134E+00   -0.5734407E-01    0.4968711E+00    0.3321534E+01    0.2654606E+01    0.1998246E+01   -0.2848349E-03   -0.2893064E-03
   -0.3760142E-05    0.7270188E-04   -0.1292864E-04    0.5925921E-03    0.3077492E-03    0.5992302E-03   -0.5928003E-03   -0.8318160E-04   -0.1515365E+01    0.6937117E-01    0.2075613E+01   -0.9365700E+01    0.3356086E+01    0.3366953E+01   -0.1327916E+01   -0.1798127E+01    0.2332932E+00    0.2654606E+01    0.1640457E+02    0.2434689E+02   -0.7951061E-05    0.2418245E-02
    0.6133353E-04   -0.2502653E-03    0.3430189E-04    0.5534521E-02    0.1965849E-01    0.1141663E-01    0.8079323E-03    0.4877015E-03   -0.1708333E+02    0.8969877E-01    0.1574705E+01   -0.1220964E+02    0.3504965E+01    0.3662434E+01    0.1309191E+02   -0.1453243E+01    0.5099274E+00    0.1998246E+01    0.2434689E+02    0.5153955E+02    0.1069420E-03    0.4374647E-02
    0.2324994E-08    0.9956410E-08    0.6968961E-08   -0.6880840E-07    0.1818989E-06    0.5772434E-07   -0.2605342E-06   -0.5725832E-07   -0.3060733E-03    0.5357907E-05    0.1682363E-03    0.6496707E-02    0.6562678E-04    0.6681298E-03    0.6161010E-03   -0.6718927E-04    0.2675062E-03   -0.2848349E-03   -0.7951061E-05    0.1069420E-03    0.6007701E-06   -0.4029934E-09
   -0.1038887E-07    0.1240528E-06   -0.6929273E-08   -0.2122003E-05   -0.3268451E-05   -0.4065728E-05   -0.8498007E-06   -0.9211685E-07    0.4481265E-02   -0.1416777E-04   -0.4794066E-03    0.4808031E-02    0.1794658E-03   -0.2912986E-02   -0.8010456E-02    0.3024279E-03   -0.2328856E-04   -0.2893064E-03    0.2418245E-02    0.4374647E-02   -0.4029934E-09    0.2129961E-05
