# omegabh2 omegach2 theta tau logA ns nrun calPlanck
  9.0102631E-07  -1.0946735E-07  -1.2678728E-07   3.6434703E-06   2.3891740E-05  -9.9563552E-06  -2.4074851E-05   3.4143387E-08
 -1.0946735E-07   2.2859590E-06   2.5062394E-07   3.6781381E-07   8.0472266E-06  -8.8377849E-06  -1.1752464E-05   5.0245425E-08
 -1.2678728E-07   2.5062394E-07   6.4692296E-07  -5.2151756E-07  -2.8573226E-06   1.5080953E-06   2.4966742E-06   4.6548977E-08
  3.6434703E-06   3.6781381E-07  -5.2151756E-07   8.8564306E-05   2.5310823E-04  -6.1523558E-05  -1.6669074E-04  -3.4485053E-07
  2.3891740E-05   8.0472266E-06  -2.8573226E-06   2.5310823E-04   1.0475916E-03  -3.4703116E-04  -8.6763999E-04   1.1263873E-05
 -9.9563552E-06  -8.8377849E-06   1.5080953E-06  -6.1523558E-05  -3.4703116E-04   3.2482372E-04   5.3955139E-04  -1.8341537E-07
 -2.4074851E-05  -1.1752464E-05   2.4966742E-06  -1.6669074E-04  -8.6763999E-04   5.3955139E-04   1.2557039E-03   1.0458480E-06
  3.4143387E-08   5.0245425E-08   4.6548977E-08  -3.4485053E-07   1.1263873E-05  -1.8341537E-07   1.0458480E-06   5.6910267E-06
