# omegabh2 omegach2 theta tau mnu nnu logA ns calPlanck acib217 xi asz143 aps100 aps143 aps143217 aps217 aksz kgal100 kgal143 kgal143217 kgal217 cal0 cal2
  1.3906287E-07   5.9299643E-07  -7.9888086E-09   7.9183258E-07  -4.0679826E-05   8.0059752E-05   3.7378540E-06   4.6276151E-06   2.2171033E-08   8.6261465E-05  -1.9225840E-06  -1.2633367E-05   2.6846468E-04  -7.0983095E-07  -1.1334754E-04  -1.6673510E-04   5.8323004E-05   3.0150982E-05   2.3217073E-05   7.5577808E-06  -2.6210203E-05   1.9687050E-09   3.5587114E-09
  5.9299643E-07   1.5958492E-05  -1.5331239E-06   1.3363997E-06  -1.4605761E-05   9.6396995E-04   4.5365584E-05   3.1818505E-05  -9.9387180E-09   4.1632521E-03  -7.5989706E-05  -1.0235208E-03   2.2129661E-02   1.2039160E-02   4.2798152E-03   5.7006285E-04   1.9324029E-03   2.0570141E-04   3.5773941E-04   3.9663183E-04  -7.6820595E-04   3.0917729E-08   1.0223751E-07
 -7.9888086E-09  -1.5331239E-06   3.5128891E-07   7.3799028E-08  -2.9397485E-05  -8.3873492E-05  -3.5600510E-06  -1.9945971E-06  -1.4766213E-09  -4.5966573E-04   7.2337063E-06   1.2393541E-04  -2.7385509E-03  -1.4723467E-03  -5.8431101E-04  -1.4329432E-04  -2.1821081E-04  -1.1646332E-05  -2.5221499E-05  -3.0359872E-05   9.3354151E-05  -5.2194410E-09  -1.0385235E-08
  7.9183258E-07   1.3363997E-06   7.3799028E-08   4.4248691E-05  -1.6240634E-04   4.3600234E-04   9.4367487E-05   3.0808669E-05  -4.4131797E-08  -7.4660503E-04   1.7729177E-05   1.4939582E-04  -3.8682655E-03  -2.0997600E-03  -7.4135969E-04   4.3329455E-05  -2.6952805E-05   9.8479358E-05   4.6583572E-05   9.1967197E-05   2.9859742E-04  -8.3623521E-09   8.1067909E-09
 -4.0679826E-05  -1.4605761E-05  -2.9397485E-05  -1.6240634E-04   4.4711611E-02  -1.5074417E-02  -6.5080985E-04  -1.3152986E-03   9.5302783E-06   6.5132307E-02  -1.7149858E-03  -9.2272266E-03   4.0071394E-01   2.4479316E-01   1.3271328E-01   7.3020866E-02   2.2319928E-02  -4.6011506E-04   2.5377589E-04   1.0983319E-02   6.8351910E-04   1.1845522E-06   2.4408637E-06
  8.0059752E-05   9.6396995E-04  -8.3873492E-05   4.3600234E-04  -1.5074417E-02   8.4502528E-02   3.6541641E-03   3.8198569E-03   5.9487458E-06   3.1540192E-01  -5.8786145E-03  -7.5390742E-02   1.5662399E+00   7.8023937E-01   2.0746291E-01  -5.4543640E-02   1.5489767E-01   2.3194452E-02   3.1747570E-02   2.7622315E-02  -6.7677984E-02   2.9365833E-06   8.1316626E-06
  3.7378540E-06   4.5365584E-05  -3.5600510E-06   9.4367487E-05  -6.5080985E-04   3.6541641E-03   3.4649546E-04   1.6206141E-04   1.2371353E-05   9.2697837E-03  -1.1657481E-04  -2.3129382E-03   5.2179791E-02   2.8262339E-02   1.2003415E-02   6.7868168E-03   4.0468490E-03   3.9513100E-04   4.0327409E-04   8.2254897E-04   7.6719144E-05   2.0023156E-07   2.6851426E-07
  4.6276151E-06   3.1818505E-05  -1.9945971E-06   3.0808669E-05  -1.3152986E-03   3.8198569E-03   1.6206141E-04   2.1355610E-04   6.7355226E-07   7.6623394E-03  -1.4722177E-04  -1.8007716E-03   3.2165840E-02   1.9316167E-02   5.9589518E-03  -7.1316622E-05   3.8909246E-03   1.5039815E-03   1.1421173E-03   8.0735966E-04  -1.3176424E-03  -2.6694986E-09   2.7114756E-07
  2.2171033E-08  -9.9387180E-09  -1.4766213E-09  -4.4131797E-08   9.5302783E-06   5.9487458E-06   1.2371353E-05   6.7355226E-07   6.2066677E-06   6.7082754E-04   2.7536589E-06   3.6696012E-05   3.2138784E-03   7.1925329E-04   5.6559182E-04   1.3290200E-03  -6.4261403E-05  -3.9218582E-05  -3.2040132E-05   6.7668910E-05   8.5681814E-04  -2.2173921E-08  -4.7626202E-09
  8.6261465E-05   4.1632521E-03  -4.5966573E-04  -7.4660503E-04   6.5132307E-02   3.1540192E-01   9.2697837E-03   7.6623394E-03   6.7082754E-04   4.6012005E+01  -3.9486118E-01  -1.3626160E+00   4.5690153E+01   6.9281185E+00  -1.1419013E+01  -5.4862032E+01   7.6036476E-01   1.4296462E-01   6.9051105E-01  -5.6376100E+00  -3.3378107E+01  -2.0066949E-04   7.6389539E-04
 -1.9225840E-06  -7.5989706E-05   7.2337063E-06   1.7729177E-05  -1.7149858E-03  -5.8786145E-03  -1.1657481E-04  -1.4722177E-04   2.7536589E-06  -3.9486118E-01   8.2491450E-02  -4.7725811E-02  -6.4117852E-01   7.9738053E-01   1.5786540E+00   5.8732596E-01   4.0815044E-02  -8.3155804E-03   4.9628486E-03   8.3287254E-02   9.9770806E-02   3.5196498E-06  -4.5679027E-06
 -1.2633367E-05  -1.0235208E-03   1.2393541E-04   1.4939582E-04  -9.2272266E-03  -7.5390742E-02  -2.3129382E-03  -1.8007716E-03   3.6696012E-05  -1.3626160E+00  -4.7725811E-02   4.1578678E+00  -3.3765902E+01  -4.4477549E+00   7.7622022E+00   5.7493136E+00  -3.1750675E+00  -2.2687050E-01   1.3125901E-01   2.7672196E+00   3.6909724E+00   1.1420054E-04  -3.9181391E-05
  2.6846468E-04   2.2129661E-02  -2.7385509E-03  -3.8682655E-03   4.0071394E-01   1.5662399E+00   5.2179791E-02   3.2165840E-02   3.2138784E-03   4.5690153E+01  -6.4117852E-01  -3.3765902E+01   8.4399297E+02   9.5037260E+01  -4.8793439E+01  -6.1979592E+01   1.9353368E+01  -6.2023281E+00   6.9275038E+00  -1.1887725E+01  -2.7785198E+01   3.8146095E-03   6.0832610E-04
 -7.0983095E-07   1.2039160E-02  -1.4723467E-03  -2.0997600E-03   2.4479316E-01   7.8023937E-01   2.8262339E-02   1.9316167E-02   7.1925329E-04   6.9281185E+00   7.9738053E-01  -4.4477549E+00   9.5037260E+01   7.4728871E+01   4.4127765E+01   1.5891074E+01  -2.8768220E+00  -3.1755023E-01  -9.2246243E-01   3.6436497E+00   2.6797849E+00   1.5081370E-04   1.8272599E-04
 -1.1334754E-04   4.2798152E-03  -5.8431101E-04  -7.4135969E-04   1.3271328E-01   2.0746291E-01   1.2003415E-02   5.9589518E-03   5.6559182E-04  -1.1419013E+01   1.5786540E+00   7.7622022E+00  -4.8793439E+01   4.4127765E+01   8.6848415E+01   5.4928735E+01  -1.2014516E+01  -8.7598125E-01  -6.4735307E-01   5.1230245E+00   8.0379839E+00   5.0253174E-04  -3.5055508E-04
 -1.6673510E-04   5.7006285E-04  -1.4329432E-04   4.3329455E-05   7.3020866E-02  -5.4543640E-02   6.7868168E-03  -7.1316622E-05   1.3290200E-03  -5.4862032E+01   5.8732596E-01   5.7493136E+00  -6.1979592E+01   1.5891074E+01   5.4928735E+01   1.0559959E+02  -1.0046218E+01  -6.5890658E-01  -1.3020729E+00   5.6709457E+00   3.3622535E+01   5.2220338E-04  -1.3237761E-03
  5.8323004E-05   1.9324029E-03  -2.1821081E-04  -2.6952805E-05   2.2319928E-02   1.5489767E-01   4.0468490E-03   3.8909246E-03  -6.4261403E-05   7.6036476E-01   4.0815044E-02  -3.1750675E+00   1.9353368E+01  -2.8768220E+00  -1.2014516E+01  -1.0046218E+01   6.7223213E+00   1.6958555E-01  -1.4940720E-01  -2.2228056E+00  -2.8862975E+00  -7.9331586E-05   1.3211511E-05
  3.0150982E-05   2.0570141E-04  -1.1646332E-05   9.8479358E-05  -4.6011506E-04   2.3194452E-02   3.9513100E-04   1.5039815E-03  -3.9218582E-05   1.4296462E-01  -8.3155804E-03  -2.2687050E-01  -6.2023281E+00  -3.1755023E-01  -8.7598125E-01  -6.5890658E-01   1.6958555E-01   3.3878302E+00   5.4009833E-01   1.6518289E-01   1.6665804E-01   1.7533108E-04  -1.2211025E-06
  2.3217073E-05   3.5773941E-04  -2.5221499E-05   4.6583572E-05   2.5377589E-04   3.1747570E-02   4.0327409E-04   1.1421173E-03  -3.2040132E-05   6.9051105E-01   4.9628486E-03   1.3125901E-01   6.9275038E+00  -9.2246243E-01  -6.4735307E-01  -1.3020729E+00  -1.4940720E-01   5.4009833E-01   3.2674279E+00   2.8238467E+00   2.8282273E+00  -1.8432400E-04  -4.7680289E-05
  7.5577808E-06   3.9663183E-04  -3.0359872E-05   9.1967197E-05   1.0983319E-02   2.7622315E-02   8.2254897E-04   8.0735966E-04   6.7668910E-05  -5.6376100E+00   8.3287254E-02   2.7672196E+00  -1.1887725E+01   3.6436497E+00   5.1230245E+00   5.6709457E+00  -2.2228056E+00   1.6518289E-01   2.8238467E+00   1.1012617E+01   1.9563330E+01  -2.4557253E-05   3.9788975E-04
 -2.6210203E-05  -7.6820595E-04   9.3354151E-05   2.9859742E-04   6.8351910E-04  -6.7677984E-02   7.6719144E-05  -1.3176424E-03   8.5681814E-04  -3.3378107E+01   9.9770806E-02   3.6909724E+00  -2.7785198E+01   2.6797849E+00   8.0379839E+00   3.3622535E+01  -2.8862975E+00   1.6665804E-01   2.8282273E+00   1.9563330E+01   5.3913844E+01   6.1486378E-05   8.9497728E-04
  1.9687050E-09   3.0917729E-08  -5.2194410E-09  -8.3623521E-09   1.1845522E-06   2.9365833E-06   2.0023156E-07  -2.6694986E-09  -2.2173921E-08  -2.0066949E-04   3.5196498E-06   1.1420054E-04   3.8146095E-03   1.5081370E-04   5.0253174E-04   5.2220338E-04  -7.9331586E-05   1.7533108E-04  -1.8432400E-04  -2.4557253E-05   6.1486378E-05   3.8063404E-07  -2.7653017E-10
  3.5587114E-09   1.0223751E-07  -1.0385235E-08   8.1067909E-09   2.4408637E-06   8.1316626E-06   2.6851426E-07   2.7114756E-07  -4.7626202E-09   7.6389539E-04  -4.5679027E-06  -3.9181391E-05   6.0832610E-04   1.8272599E-04  -3.5055508E-04  -1.3237761E-03   1.3211511E-05  -1.2211025E-06  -4.7680289E-05   3.9788975E-04   8.9497728E-04  -2.7653017E-10   3.8427383E-07
