# omegabh2 omegach2 theta tau logA ns calPlanck acib217 xi asz143 aps100 aps143 aps143217 aps217 aksz kgal100 kgal143 kgal143217 kgal217 cal0 cal2
    0.5257249E-07   -0.2697913E-06    0.4976140E-07    0.1903228E-05    0.3321154E-05    0.8173283E-06    0.2606196E-07   -0.2533816E-03    0.4274818E-05    0.6554294E-04   -0.9553311E-03   -0.4880575E-03   -0.5583816E-04    0.1311721E-03   -0.1007996E-03    0.5305957E-05    0.1416821E-05   -0.1682501E-04    0.2631865E-04    0.2473771E-08   -0.2610949E-07
   -0.2697913E-06    0.4751136E-05   -0.4635078E-06   -0.1898913E-04   -0.2704306E-04   -0.1117030E-04   -0.2001227E-06    0.8119084E-03   -0.1429619E-04   -0.2488423E-03    0.3348254E-02    0.2056365E-02    0.5018209E-03   -0.1147178E-03    0.3514621E-03    0.3120013E-04    0.2053489E-05    0.9175941E-04    0.5831648E-04   -0.4277206E-07    0.8685123E-07
    0.4976140E-07   -0.4635078E-06    0.2198503E-06    0.2633826E-05    0.4435215E-05    0.1391071E-05    0.3841292E-07   -0.1198968E-03    0.3126819E-05    0.3074570E-04   -0.5411009E-03   -0.2808994E-03   -0.6803680E-04    0.8589148E-05   -0.5593358E-04   -0.1800704E-05   -0.9012009E-06   -0.2262600E-04   -0.1830219E-04    0.1850310E-08   -0.1684154E-07
    0.1903228E-05   -0.1898913E-04    0.2633826E-05    0.3652512E-03    0.6836993E-03    0.6180490E-04   -0.8243707E-06   -0.1678012E-01    0.4084529E-03    0.4014646E-02   -0.6809047E-01   -0.2391248E-01    0.5544678E-02    0.1398635E-01   -0.7627522E-02   -0.3179612E-03   -0.4799083E-03   -0.1747092E-02    0.6003934E-03    0.7422508E-07   -0.1944312E-05
    0.3321154E-05   -0.2704306E-04    0.4435215E-05    0.6836993E-03    0.1327917E-02    0.9605997E-04    0.1034034E-04   -0.3224358E-01    0.8498876E-03    0.7553032E-02   -0.1234615E+00   -0.4090751E-01    0.1610287E-01    0.3459842E-01   -0.1550090E-01   -0.8141371E-03   -0.1398246E-02   -0.3447714E-02    0.3337812E-02    0.3062311E-06   -0.3805688E-05
    0.8173283E-06   -0.1117030E-04    0.1391071E-05    0.6180490E-04    0.9605997E-04    0.3800542E-04    0.4681037E-06   -0.7081740E-02    0.1685049E-03    0.1861762E-02   -0.3436858E-01   -0.9577927E-02    0.3824775E-02    0.7690493E-02   -0.3815583E-02    0.2640836E-03   -0.7355708E-04   -0.6283297E-03    0.4032439E-03   -0.1326965E-06   -0.7008798E-06
    0.2606196E-07   -0.2001227E-06    0.3841292E-07   -0.8243707E-06    0.1034034E-04    0.4681037E-06    0.6154180E-05    0.6506927E-03    0.7209042E-05    0.6189694E-05    0.3428320E-02    0.6413446E-03    0.5543500E-03    0.1456854E-02   -0.5447776E-04    0.1986712E-05    0.3265767E-04    0.9019967E-04    0.8981481E-03   -0.3792019E-08   -0.7635932E-08
   -0.2533816E-03    0.8119084E-03   -0.1198968E-03   -0.1678012E-01   -0.3224358E-01   -0.7081740E-02    0.6506927E-03    0.4229543E+02   -0.4907433E+00   -0.1774537E+01    0.4434725E+02    0.1541484E+01   -0.2094276E+02   -0.5714757E+02    0.6256562E+00   -0.6051176E-01   -0.3098553E-01   -0.2098802E+01   -0.1830115E+02   -0.2508926E-03    0.4256398E-02
    0.4274818E-05   -0.1429619E-04    0.3126819E-05    0.4084529E-03    0.8498876E-03    0.1685049E-03    0.7209042E-05   -0.4907433E+00    0.8098976E-01   -0.7444435E-01   -0.5092753E+00    0.9419820E+00    0.1769948E+01    0.7284952E+00    0.6735558E-01   -0.1663307E-02    0.1087332E-01    0.8893801E-01    0.9235753E-01    0.5467758E-05   -0.2145647E-04
    0.6554294E-04   -0.2488423E-03    0.3074570E-04    0.4014646E-02    0.7553032E-02    0.1861762E-02    0.6189694E-05   -0.1774537E+01   -0.7444435E-01    0.3665983E+01   -0.2923963E+02   -0.3701191E+01    0.7618908E+01    0.6536835E+01   -0.2726965E+01   -0.1482513E+00    0.5669126E-01    0.2450254E+01    0.2241309E+01    0.1736290E-03   -0.3507102E-03
   -0.9553311E-03    0.3348254E-02   -0.5411009E-03   -0.6809047E-01   -0.1234615E+00   -0.3436858E-01    0.3428320E-02    0.4434725E+02   -0.5092753E+00   -0.2923963E+02    0.7647716E+03    0.6192311E+02   -0.6504752E+02   -0.7383502E+02    0.1481767E+02   -0.4080259E+01    0.2712821E+01   -0.1250247E+02   -0.1647498E+02    0.6280132E-02    0.4645032E-02
   -0.4880575E-03    0.2056365E-02   -0.2808994E-03   -0.2391248E-01   -0.4090751E-01   -0.9577927E-02    0.6413446E-03    0.1541484E+01    0.9419820E+00   -0.3701191E+01    0.6192311E+02    0.5492874E+02    0.3988597E+02    0.1533315E+02   -0.4317251E+01   -0.3160319E+00   -0.1079539E+01    0.3688133E+01    0.3640250E+01    0.1205903E-03    0.4401264E-03
   -0.5583816E-04    0.5018209E-03   -0.6803680E-04    0.5544678E-02    0.1610287E-01    0.3824775E-02    0.5543500E-03   -0.2094276E+02    0.1769948E+01    0.7618908E+01   -0.6504752E+02    0.3988597E+02    0.9162044E+02    0.6268833E+02   -0.1222033E+02   -0.6309962E+00   -0.3253565E+00    0.5350742E+01    0.6145654E+01    0.6757050E-03   -0.2438934E-02
    0.1311721E-03   -0.1147178E-03    0.8589148E-05    0.1398635E-01    0.3459842E-01    0.7690493E-02    0.1456854E-02   -0.5714757E+02    0.7284952E+00    0.6536835E+01   -0.7383502E+02    0.1533315E+02    0.6268833E+02    0.1098896E+03   -0.1059606E+02   -0.3491645E+00   -0.3245050E+00    0.2240793E+00    0.1506346E+02    0.6340491E-03   -0.7160418E-02
   -0.1007996E-03    0.3514621E-03   -0.5593358E-04   -0.7627522E-02   -0.1550090E-01   -0.3815583E-02   -0.5447776E-04    0.6256562E+00    0.6735558E-01   -0.2726965E+01    0.1481767E+02   -0.4317251E+01   -0.1222033E+02   -0.1059606E+02    0.6416787E+01    0.8587304E-01   -0.8277763E-01   -0.2095593E+01   -0.1875856E+01   -0.1102059E-03    0.1456421E-03
    0.5305957E-05    0.3120013E-04   -0.1800704E-05   -0.3179612E-03   -0.8141371E-03    0.2640836E-03    0.1986712E-05   -0.6051176E-01   -0.1663307E-02   -0.1482513E+00   -0.4080259E+01   -0.3160319E+00   -0.6309962E+00   -0.3491645E+00    0.8587304E-01    0.3489524E+01    0.4215003E+00    0.1941298E+00    0.3701495E+00    0.2822625E-03    0.2447588E-04
    0.1416821E-05    0.2053489E-05   -0.9012009E-06   -0.4799083E-03   -0.1398246E-02   -0.7355708E-04    0.3265767E-04   -0.3098553E-01    0.1087332E-01    0.5669126E-01    0.2712821E+01   -0.1079539E+01   -0.3253565E+00   -0.3245050E+00   -0.8277763E-01    0.4215003E+00    0.3355843E+01    0.2648613E+01    0.1922918E+01   -0.2714140E-03   -0.1975174E-03
   -0.1682501E-04    0.9175941E-04   -0.2262600E-04   -0.1747092E-02   -0.3447714E-02   -0.6283297E-03    0.9019967E-04   -0.2098802E+01    0.8893801E-01    0.2450254E+01   -0.1250247E+02    0.3688133E+01    0.5350742E+01    0.2240793E+00   -0.2095593E+01    0.1941298E+00    0.2648613E+01    0.1730763E+02    0.2587840E+02    0.1941099E-04    0.2541392E-02
    0.2631865E-04    0.5831648E-04   -0.1830219E-04    0.6003934E-03    0.3337812E-02    0.4032439E-03    0.8981481E-03   -0.1830115E+02    0.9235753E-01    0.2241309E+01   -0.1647498E+02    0.3640250E+01    0.6145654E+01    0.1506346E+02   -0.1875856E+01    0.3701495E+00    0.1922918E+01    0.2587840E+02    0.5476833E+02    0.9882778E-04    0.4587913E-02
    0.2473771E-08   -0.4277206E-07    0.1850310E-08    0.7422508E-07    0.3062311E-06   -0.1326965E-06   -0.3792019E-08   -0.2508926E-03    0.5467758E-05    0.1736290E-03    0.6280132E-02    0.1205903E-03    0.6757050E-03    0.6340491E-03   -0.1102059E-03    0.2822625E-03   -0.2714140E-03    0.1941099E-04    0.9882778E-04    0.6039556E-06   -0.2331629E-08
   -0.2610949E-07    0.8685123E-07   -0.1684154E-07   -0.1944312E-05   -0.3805688E-05   -0.7008798E-06   -0.7635932E-08    0.4256398E-02   -0.2145647E-04   -0.3507102E-03    0.4645032E-02    0.4401264E-03   -0.2438934E-02   -0.7160418E-02    0.1456421E-03    0.2447588E-04   -0.1975174E-03    0.2541392E-02    0.4587913E-02   -0.2331629E-08    0.2079013E-05
