# omegabh2 omegach2 theta tau nnu logA ns calPlanck galfTE100 galfTE100143 galfTE100217 galfTE143 galfTE143217 galfTE217 cal0
    0.1589701E-06    0.1787479E-05   -0.2359472E-06    0.1391686E-05    0.1452184E-03    0.7536626E-05    0.6281678E-05    0.4713738E-07   -0.1446284E-07   -0.1576320E-06    0.1619248E-06   -0.7094780E-06   -0.1359555E-05   -0.4559730E-05    0.2524024E-08
    0.1787479E-05    0.4637715E-04   -0.6184689E-05    0.1089350E-05    0.3085635E-02    0.1055510E-03    0.8487729E-04    0.2575459E-06    0.6662936E-05   -0.1402159E-06    0.7332745E-05   -0.1567278E-05   -0.3346395E-05    0.1876128E-04    0.1227927E-07
   -0.2359472E-06   -0.6184689E-05    0.1088217E-05   -0.2875226E-06   -0.4238487E-03   -0.1417008E-04   -0.1184178E-04   -0.1885955E-07   -0.1007763E-05   -0.1805476E-06   -0.1231637E-05    0.4002550E-06    0.7721331E-06   -0.1131774E-05    0.1577293E-08
    0.1391686E-05    0.1089350E-05   -0.2875226E-06    0.3517764E-03    0.5451539E-03    0.7458222E-03    0.8100377E-04    0.8856157E-06   -0.8683538E-05   -0.3195288E-05    0.1992584E-05   -0.8916777E-05   -0.9320256E-05    0.3947454E-04   -0.1148011E-07
    0.1452184E-03    0.3085635E-02   -0.4238487E-03    0.5451539E-03    0.2237375E+00    0.7877432E-02    0.6921262E-02    0.2059886E-04    0.3456488E-03   -0.4394293E-04    0.5128335E-03   -0.3379821E-03   -0.6900444E-03   -0.1201430E-02    0.1102791E-05
    0.7536626E-05    0.1055510E-03   -0.1417008E-04    0.7458222E-03    0.7877432E-02    0.1893780E-02    0.3869060E-03    0.1571070E-04   -0.2472675E-05   -0.6909788E-05    0.2516726E-04   -0.1659315E-04   -0.5635676E-05    0.2364207E-03    0.2565208E-06
    0.6281678E-05    0.8487729E-04   -0.1184178E-04    0.8100377E-04    0.6921262E-02    0.3869060E-03    0.3459578E-03    0.1962497E-05   -0.4607412E-05   -0.5586007E-05    0.2062622E-04   -0.2849868E-04   -0.1990523E-04   -0.4373040E-04   -0.7246640E-07
    0.4713738E-07    0.2575459E-06   -0.1885955E-07    0.8856157E-06    0.2059886E-04    0.1571070E-04    0.1962497E-05    0.6110478E-05    0.8826526E-07    0.3313034E-07    0.1336228E-05    0.1594722E-05    0.1476608E-05    0.1316563E-04    0.1762702E-07
   -0.1446284E-07    0.6662936E-05   -0.1007763E-05   -0.8683538E-05    0.3456488E-03   -0.2472675E-05   -0.4607412E-05    0.8826526E-07    0.1420339E-02    0.3014404E-03    0.1144078E-03   -0.3517589E-03   -0.7117198E-04   -0.9439510E-04   -0.1049641E-06
   -0.1576320E-06   -0.1402159E-06   -0.1805476E-06   -0.3195288E-05   -0.4394293E-04   -0.6909788E-05   -0.5586007E-05    0.3313034E-07    0.3014404E-03    0.8644632E-03    0.4471434E-04    0.7487209E-03    0.4264821E-04   -0.6827831E-03    0.6712959E-07
    0.1619248E-06    0.7332745E-05   -0.1231637E-05    0.1992584E-05    0.5128335E-03    0.2516726E-04    0.2062622E-04    0.1336228E-05    0.1144078E-03    0.4471434E-04    0.7165667E-02   -0.3109298E-03    0.7167355E-03    0.4407599E-02    0.1354002E-06
   -0.7094780E-06   -0.1567278E-05    0.4002550E-06   -0.8916777E-05   -0.3379821E-03   -0.1659315E-04   -0.2849868E-04    0.1594722E-05   -0.3517589E-03    0.7487209E-03   -0.3109298E-03    0.2915866E-02    0.5287232E-03   -0.9465003E-03    0.5930144E-06
   -0.1359555E-05   -0.3346395E-05    0.7721331E-06   -0.9320256E-05   -0.6900444E-03   -0.5635676E-05   -0.1990523E-04    0.1476608E-05   -0.7117198E-04    0.4264821E-04    0.7167355E-03    0.5287232E-03    0.6467740E-02    0.7864714E-02   -0.5108999E-06
   -0.4559730E-05    0.1876128E-04   -0.1131774E-05    0.3947454E-04   -0.1201430E-02    0.2364207E-03   -0.4373040E-04    0.1316563E-04   -0.9439510E-04   -0.6827831E-03    0.4407599E-02   -0.9465003E-03    0.7864714E-02    0.6549066E-01   -0.1298561E-05
    0.2524024E-08    0.1227927E-07    0.1577293E-08   -0.1148011E-07    0.1102791E-05    0.2565208E-06   -0.7246640E-07    0.1762702E-07   -0.1049641E-06    0.6712959E-07    0.1354002E-06    0.5930144E-06   -0.5108999E-06   -0.1298561E-05    0.1007748E-05
