# omegabh2 omegach2 theta tau omegak logA ns calPlanck aps100 aps143 aps217 acib217 asz143 psr cibr xi aksz dust100 dust143 dust217 dust143x217 cal0 cal2 calTE calEE
  2.6163621E-08  -1.2532174E-07   1.9907085E-08   2.7548977E-07  -1.4976469E-07   3.5828660E-07   3.4852017E-07   1.2290310E-08  -4.2746144E-04  -2.8016534E-04   7.3295294E-05  -1.2851017E-04   2.4389594E-05   8.4805002E-07  -1.7857885E-06   1.6455249E-06  -4.4858180E-05   9.8843180E-07  -6.3103031E-08   7.7127030E-07  -2.5326143E-08   2.6166141E-09  -6.5090176E-09  -9.9543046E-08  -2.1947400E-07
 -1.2532174E-07   1.9148968E-06  -1.8148375E-07  -3.2980848E-06   2.0212465E-06  -2.6311663E-06  -4.4861841E-06  -1.9434390E-07   1.0990065E-03   9.2475501E-04  -3.3693357E-04   4.7719015E-04  -6.1786442E-05  -1.4949947E-06   5.9563195E-06  -8.2294470E-06   2.5880353E-04  -1.5832520E-05   4.3670592E-06  -3.5524305E-06   9.4620276E-07  -1.5435623E-08   1.8849488E-08   6.5270125E-08  -5.4614815E-07
  1.9907085E-08  -1.8148375E-07   9.7443989E-08   3.5874596E-07  -2.6319936E-07   3.7593602E-07   5.4240623E-07  -4.1644759E-09  -4.6647563E-04  -1.2750471E-04   4.8493529E-05  -4.5937863E-05   3.7878460E-05   1.3086989E-06   3.1163633E-07   2.3286901E-06  -4.9621729E-05  -9.9587680E-08  -6.7466141E-08   4.0990972E-08  -1.0772492E-07   5.9896140E-10  -1.2117873E-08  -8.4638960E-08   2.0280810E-08
  2.7548977E-07  -3.2980848E-06   3.5874596E-07   5.5072011E-05  -1.8968204E-06   9.8500539E-05   1.1318926E-05  -1.3991798E-06  -1.5926235E-02  -2.0224724E-03   2.2889583E-03  -1.8067676E-03   9.5058993E-04   3.6535674E-05  -3.3958181E-05   2.9166843E-05  -2.0915004E-03   7.5773389E-05  -2.9239941E-05   5.0830030E-06   2.9811882E-06  -2.2467070E-07  -2.4055688E-07  -3.3689914E-06  -1.6712222E-06
 -1.4976469E-07   2.0212465E-06  -2.6319936E-07  -1.8968204E-06   3.8290728E-06   5.4407653E-07  -4.9213758E-06  -1.1262320E-07   1.8120012E-03   1.1937897E-03  -5.6237151E-04   7.0903376E-04  -6.9466379E-05  -1.7905091E-06   6.3975744E-06  -1.3325452E-05   3.0726330E-04  -1.8663076E-05  -4.4133702E-06  -5.7143221E-06  -6.4232235E-07   3.6776855E-09   4.8063030E-08   3.5295906E-07  -2.4292360E-07
  3.5828660E-07  -2.6311663E-06   3.7593602E-07   9.8500539E-05   5.4407653E-07   2.0873589E-04   1.1978401E-05   8.5157073E-06  -2.5900718E-02  -1.6747185E-03   1.2216635E-02  -4.9369941E-03   1.6552909E-03   1.0588188E-04  -1.4561305E-04   1.0283360E-04  -4.0143186E-03   1.2072375E-04  -1.2423918E-04   2.6952108E-05   4.8684494E-06   1.2594609E-07  -8.3031641E-07  -7.1412813E-06  -2.6912953E-06
  3.4852017E-07  -4.4861841E-06   5.4240623E-07   1.1318926E-05  -4.9213758E-06   1.1978401E-05   2.0288185E-05   5.6212928E-07  -2.4100456E-02  -7.4777986E-03   9.5457528E-03  -6.4391550E-03   6.2004259E-04   6.9577883E-05  -1.2307211E-04   7.6381582E-05  -2.5532653E-03   5.6403643E-05  -3.2251123E-05   3.1879633E-05  -1.0972858E-05  -3.0880915E-07  -3.5790883E-07  -9.3488645E-07  -2.2427484E-06
  1.2290310E-08  -1.9434390E-07  -4.1644759E-09  -1.3991798E-06  -1.1262320E-07   8.5157073E-06   5.6212928E-07   5.9528884E-06   2.2017633E-03  -1.7841704E-04   1.6705184E-03  -9.4249882E-05  -9.0683377E-05   1.8691740E-06  -1.9070912E-05   5.9980975E-06   2.9620121E-04   1.3686426E-05   6.3426305E-06   8.0769054E-06   3.7833117E-06  -1.9765832E-08  -1.9033169E-07  -6.0823797E-07  -2.0474691E-07
 -4.2746144E-04   1.0990065E-03  -4.6647563E-04  -1.5926235E-02   1.8120012E-03  -2.5900718E-02  -2.4100456E-02   2.2017633E-03   6.1233202E+02   5.6267495E+01  -5.1400606E+01   2.6863366E+01  -2.5041780E+01  -9.0525598E-01   2.9458113E-02  -2.0714573E-01   1.1085968E+01  -2.7462007E-01   3.4811804E-01  -1.8818153E-01  -2.1839610E-01   6.7776793E-03   2.7290754E-03   5.1309782E-03   7.6000550E-03
 -2.8016534E-04   9.2475501E-04  -1.2750471E-04  -2.0224724E-03   1.1937897E-03  -1.6747185E-03  -7.4777986E-03  -1.7841704E-04   5.6267495E+01   6.7035407E+01   1.2924649E+01   4.7617001E+00  -4.7982654E-02  -9.6771172E-03   4.5348380E-01   8.7479150E-01  -8.9564658E+00  -6.6551149E-02  -2.3441948E-01   6.0742874E-02   3.8574737E-02   1.0237633E-03   6.3633182E-04   2.3323633E-03   5.4860026E-03
  7.3295294E-05  -3.3693357E-04   4.8493529E-05   2.2889583E-03  -5.6237151E-04   1.2216635E-02   9.5457528E-03   1.6705184E-03  -5.1400606E+01   1.2924649E+01   1.7161268E+02  -7.9902971E+01   2.5893747E+00   3.5799609E-01  -1.0380107E+00   5.1247611E-01  -7.7654993E+00   1.1283038E-02  -2.7661455E-01   5.3312766E-01   2.5590323E-02   1.9749454E-03  -7.3128369E-03   3.0068319E-03   2.6499991E-03
 -1.2851017E-04   4.7719015E-04  -4.5937863E-05  -1.8067676E-03   7.0903376E-04  -4.9369941E-03  -6.4391550E-03  -9.4249882E-05   2.6863366E+01   4.7617001E+00  -7.9902971E+01   4.9631346E+01   1.7130531E+00  -4.0461558E-02   7.1421749E-01  -3.1897108E-01  -2.4549504E+00  -1.6349736E-02   1.5082052E-01  -4.4118407E-01  -1.4036976E-01  -6.3180878E-04   2.8925055E-03  -6.0420027E-04   3.0444139E-04
  2.4389594E-05  -6.1786442E-05   3.7878460E-05   9.5058993E-04  -6.9466379E-05   1.6552909E-03   6.2004259E-04  -9.0683377E-05  -2.5041780E+01  -4.7982654E-02   2.5893747E+00   1.7130531E+00   4.3494543E+00   1.0126933E-01   1.5392513E-01  -4.7456119E-02  -3.4986035E+00   5.6758276E-03  -1.4616299E-02   7.0199744E-03   4.7733946E-02   5.1580906E-04  -2.3440386E-04  -8.7771148E-05  -3.3467960E-04
  8.4805002E-07  -1.4949947E-06   1.3086989E-06   3.6535674E-05  -1.7905091E-06   1.0588188E-04   6.9577883E-05   1.8691740E-06  -9.0525598E-01  -9.6771172E-03   3.5799609E-01  -4.0461558E-02   1.0126933E-01   1.6903610E-02  -1.6719407E-02   1.2612596E-02  -1.0569838E-01   2.8099121E-04  -1.4401438E-03  -3.1387487E-03   4.3354581E-03   1.9289165E-05  -4.1304566E-05   3.0736892E-05   1.9758478E-05
 -1.7857885E-06   5.9563195E-06   3.1163633E-07  -3.3958181E-05   6.3975744E-06  -1.4561305E-04  -1.2307211E-04  -1.9070912E-05   2.9458113E-02   4.5348380E-01  -1.0380107E+00   7.1421749E-01   1.5392513E-01  -1.6719407E-02   6.8023058E-02   2.8274800E-03  -1.5276495E-01   5.8566616E-04   6.7121546E-03  -1.0046081E-04  -1.7713702E-02  -3.7272809E-06   9.6820733E-05  -3.5256819E-05  -2.1318588E-05
  1.6455249E-06  -8.2294470E-06   2.3286901E-06   2.9166843E-05  -1.3325452E-05   1.0283360E-04   7.6381582E-05   5.9980975E-06  -2.0714573E-01   8.7479150E-01   5.1247611E-01  -3.1897108E-01  -4.7456119E-02   1.2612596E-02   2.8274800E-03   8.3061184E-02   3.3152568E-02   9.1592197E-05   1.3541791E-04   5.5498518E-04  -1.0766506E-03   1.9170891E-05  -1.9569085E-05   3.0391881E-05   3.7935912E-05
 -4.4858180E-05   2.5880353E-04  -4.9621729E-05  -2.0915004E-03   3.0726330E-04  -4.0143186E-03  -2.5532653E-03   2.9620121E-04   1.1085968E+01  -8.9564658E+00  -7.7654993E+00  -2.4549504E+00  -3.4986035E+00  -1.0569838E-01  -1.5276495E-01   3.3152568E-02   7.4891900E+00  -3.7300316E-03   5.7109024E-03  -4.4096931E-03  -4.3714109E-02  -4.4058062E-04   3.9041915E-05  -5.5697701E-04  -5.3786062E-04
  9.8843180E-07  -1.5832520E-05  -9.9587680E-08   7.5773389E-05  -1.8663076E-05   1.2072375E-04   5.6403643E-05   1.3686426E-05  -2.7462007E-01  -6.6551149E-02   1.1283038E-02  -1.6349736E-02   5.6758276E-03   2.8099121E-04   5.8566616E-04   9.1592197E-05  -3.7300316E-03   3.9097162E-02   2.4194486E-03   6.3444232E-04   3.1825188E-04   3.7626241E-05   4.6319829E-06  -3.4856262E-06  -7.4390400E-06
 -6.3103031E-08   4.3670592E-06  -6.7466141E-08  -2.9239941E-05  -4.4133702E-06  -1.2423918E-04  -3.2251123E-05   6.3426305E-06   3.4811804E-01  -2.3441948E-01  -2.7661455E-01   1.5082052E-01  -1.4616299E-02  -1.4401438E-03   6.7121546E-03   1.3541791E-04   5.7109024E-03   2.4194486E-03   3.0446903E-02  -6.5297254E-04   4.7651617E-03  -7.8215687E-05  -3.8554604E-05  -5.8579107E-05  -7.4797998E-05
  7.7127030E-07  -3.5524305E-06   4.0990972E-08   5.0830030E-06  -5.7143221E-06   2.6952108E-05   3.1879633E-05   8.0769054E-06  -1.8818153E-01   6.0742874E-02   5.3312766E-01  -4.4118407E-01   7.0199744E-03  -3.1387487E-03  -1.0046081E-04   5.5498518E-04  -4.4096931E-03   6.3444232E-04  -6.5297254E-04   1.0878641E-02   8.7388683E-03   5.3313925E-06   6.6064577E-05   1.6087554E-06   3.1120446E-07
 -2.5326143E-08   9.4620276E-07  -1.0772492E-07   2.9811882E-06  -6.4232235E-07   4.8684494E-06  -1.0972858E-05   3.7833117E-06  -2.1839610E-01   3.8574737E-02   2.5590323E-02  -1.4036976E-01   4.7733946E-02   4.3354581E-03  -1.7713702E-02  -1.0766506E-03  -4.3714109E-02   3.1825188E-04   4.7651617E-03   8.7388683E-03   2.5544827E-02  -1.3451426E-06   5.7513039E-05  -3.7684488E-06   2.9052407E-06
  2.6166141E-09  -1.5435623E-08   5.9896140E-10  -2.2467070E-07   3.6776855E-09   1.2594609E-07  -3.0880915E-07  -1.9765832E-08   6.7776793E-03   1.0237633E-03   1.9749454E-03  -6.3180878E-04   5.1580906E-04   1.9289165E-05  -3.7272809E-06   1.9170891E-05  -4.4058062E-04   3.7626241E-05  -7.8215687E-05   5.3313925E-06  -1.3451426E-06   1.1364768E-06  -8.4015561E-10   3.7132922E-07   5.6612448E-07
 -6.5090176E-09   1.8849488E-08  -1.2117873E-08  -2.4055688E-07   4.8063030E-08  -8.3031641E-07  -3.5790883E-07  -1.9033169E-07   2.7290754E-03   6.3633182E-04  -7.3128369E-03   2.8925055E-03  -2.3440386E-04  -4.1304566E-05   9.6820733E-05  -1.9569085E-05   3.9041915E-05   4.6319829E-06  -3.8554604E-05   6.6064577E-05   5.7513039E-05  -8.4015561E-10   2.4503201E-06   1.6529027E-07   1.8903647E-07
 -9.9543046E-08   6.5270125E-08  -8.4638960E-08  -3.3689914E-06   3.5295906E-07  -7.1412813E-06  -9.3488645E-07  -6.0823797E-07   5.1309782E-03   2.3323633E-03   3.0068319E-03  -6.0420027E-04  -8.7771148E-05   3.0736892E-05  -3.5256819E-05   3.0391881E-05  -5.5697701E-04  -3.4856262E-06  -5.8579107E-05   1.6087554E-06  -3.7684488E-06   3.7132922E-07   1.6529027E-07   2.4167789E-05   8.2481809E-06
 -2.1947400E-07  -5.4614815E-07   2.0280810E-08  -1.6712222E-06  -2.4292360E-07  -2.6912953E-06  -2.2427484E-06  -2.0474691E-07   7.6000550E-03   5.4860026E-03   2.6499991E-03   3.0444139E-04  -3.3467960E-04   1.9758478E-05  -2.1318588E-05   3.7935912E-05  -5.3786062E-04  -7.4390400E-06  -7.4797998E-05   3.1120446E-07   2.9052407E-06   5.6612448E-07   1.8903647E-07   8.2481809E-06   2.3404604E-05
