# omegabh2 omegach2 theta mnu logA ns
  2.4159091E-07   2.0057810E-07   2.5693050E-10  -3.3953172E-06  -1.0377610E-06  -2.4973380E-07
  2.0057810E-07   1.1744351E-05   1.9628248E-07  -5.2081799E-04  -2.6142459E-04  -2.0622502E-05
  2.5693050E-10   1.9628248E-07   3.6859087E-07   2.9655878E-06  -1.1217437E-06  -5.7238721E-08
 -3.3953172E-06  -5.2081799E-04   2.9655878E-06   2.8998358E-02   1.2923090E-02   1.0064203E-03
 -1.0377610E-06  -2.6142459E-04  -1.1217437E-06   1.2923090E-02   6.9818427E-03   7.1840690E-04
 -2.4973380E-07  -2.0622502E-05  -5.7238721E-08   1.0064203E-03   7.1840690E-04   3.7349594E-04
