# omegabh2 omegach2 theta tau yhe logA ns calPlanck acib217 xi asz143 aps100 aps143 aps143217 aps217 aksz kgal100 kgal143 kgal143217 kgal217 galfTE100 galfTE100143 galfTE100217 galfTE143 galfTE143217 galfTE217 cal0 cal2
  1.9762901E-08  -5.5064362E-08   1.4350676E-08   1.5703093E-07   1.2661893E-07   3.2610863E-07   2.0839246E-07   1.8462715E-08  -5.7928644E-05   1.4902142E-06   1.7014016E-05  -3.4962658E-04  -1.4292345E-04  -3.3330239E-05   7.3859483E-06  -3.2916820E-05  -9.0067863E-07  -6.8065580E-06  -4.7722759E-06   9.6470948E-06  -1.1990013E-07  -3.3838565E-08  -5.5956111E-07  -1.3354863E-07  -5.2890958E-07  -2.8100959E-06   2.2213712E-09  -2.7003328E-10
 -5.5064362E-08   1.0040512E-06  -5.4063026E-08  -1.3119872E-06   1.7045598E-07  -2.1893864E-07  -2.2241568E-06  -4.9499704E-08   1.8806423E-04  -3.3654266E-06  -3.3604806E-05   1.0422255E-03   4.6659778E-04   1.9934930E-04   8.1894231E-05   2.0415663E-05  -2.9698547E-05  -2.2481653E-05   2.0521508E-05   9.3431984E-06   7.9900057E-07   3.7587850E-07   2.0808661E-06   9.6351318E-07   1.8658483E-06   1.2838264E-05  -9.4665169E-09   1.3062402E-08
  1.4350676E-08  -5.4063026E-08   9.8952011E-08   1.5448419E-07   4.0435779E-07   3.7096809E-07   3.9110754E-07   9.9165693E-09   4.5845366E-05  -1.7052001E-06  -1.8966296E-05   3.3421387E-04   9.5901920E-05  -4.4508695E-06  -2.5736430E-05   1.2058306E-05   7.7980348E-06   8.3713346E-06   8.0838726E-07  -1.5538238E-05  -1.6090497E-07  -1.5112962E-07   1.1651798E-07  -2.2329907E-07   7.4997057E-08  -2.8123090E-06   3.9137694E-09   1.9909335E-09
  1.5703093E-07  -1.3119872E-06   1.5448419E-07   4.9401256E-05   5.5782980E-07   9.5180452E-05   5.2588061E-06  -4.6651954E-07  -1.7672086E-03   5.4071433E-05   1.3220960E-04  -9.3024071E-03  -3.1886836E-03  -3.2971843E-04   2.7022053E-04  -4.0096125E-04  -2.0379162E-06  -1.0935072E-04  -6.2217874E-04  -2.3125080E-04  -4.5466411E-07  -1.5226141E-06  -1.3467160E-05   1.1733916E-06   7.6168184E-06   1.6140883E-05  -4.0518746E-08  -1.6007716E-08
  1.2661893E-07   1.7045598E-07   4.0435779E-07   5.5782980E-07   1.3907826E-05   3.7223386E-06   5.6681105E-06  -2.7106354E-07   1.6495074E-03  -1.6460280E-05  -7.3489446E-06   5.5663278E-03   2.9407850E-03   1.7466245E-03  -2.2209942E-04   2.1268931E-04   1.4928712E-04   2.0210687E-04   2.8915761E-04  -4.1395390E-04  -1.6492234E-06   1.3718778E-06  -2.5415251E-06   3.3396603E-06  -1.6214389E-06   1.0111153E-05   4.2657269E-08   1.7968260E-08
  3.2610863E-07  -2.1893864E-07   3.7096809E-07   9.5180452E-05   3.7223386E-06   2.1693001E-04   5.4515948E-06   1.1044489E-05  -3.9548596E-03   1.2079020E-04   4.0312806E-04  -1.7382893E-02  -3.5431232E-03   3.0288169E-03   8.0341106E-03  -2.0271111E-03  -4.5253983E-04  -1.1156454E-03  -1.7822213E-03   1.0927044E-03   2.0395751E-06  -1.9543874E-06  -2.5699825E-05   5.5740427E-06   1.7868074E-05   7.2874404E-05   2.5101379E-09  -8.7955516E-08
  2.0839246E-07  -2.2241568E-06   3.9110754E-07   5.2588061E-06   5.6681105E-06   5.4515948E-06   1.6003613E-05   3.0132498E-07  -3.1200420E-03   1.0212360E-04   6.2377748E-04  -1.9691465E-02  -4.5023269E-03   2.0303170E-03   4.0012127E-03  -1.6529342E-03   4.1019461E-04  -2.4563620E-04  -4.5170332E-04   2.2512630E-04  -2.7493115E-06  -7.9677090E-07  -5.7020691E-06  -1.1577096E-07   6.0246317E-06  -2.6558754E-05  -2.1341234E-11  -1.1114391E-07
  1.8462715E-08  -4.9499704E-08   9.9165693E-09  -4.6651954E-07  -2.7106354E-07   1.1044489E-05   3.0132498E-07   6.0101619E-06   2.7152852E-04  -6.4953222E-06   7.3781754E-05   1.3145102E-03   5.1781325E-04   5.9326903E-04   2.0412717E-03  -2.0471686E-04  -1.5011487E-05  -1.6405454E-04  -1.5222702E-04   6.8081739E-04   7.8658499E-07   3.9092975E-07  -1.5271723E-06   9.7780833E-07   4.0758034E-07   1.2037807E-05  -1.9213102E-08  -3.9576691E-08
 -5.7928644E-05   1.8806423E-04   4.5845366E-05  -1.7672086E-03   1.6495074E-03  -3.9548596E-03  -3.1200420E-03   2.7152852E-04   4.3807903E+01  -3.8064596E-01  -1.1097400E+00   3.9788106E+01   1.3773884E+00  -1.4078440E+01  -5.4972345E+01   2.7589539E-01   2.0666047E-01   8.5101195E-01  -6.0702080E+00  -3.3241796E+01  -5.7264036E-03  -1.2215078E-04  -1.9684999E-03   4.4469531E-03  -1.0213278E-02   8.3044555E-03  -1.7442242E-04   6.4259963E-04
  1.4902142E-06  -3.3654266E-06  -1.7052001E-06   5.4071433E-05  -1.6460280E-05   1.2079020E-04   1.0212360E-04  -6.4953222E-06  -3.8064596E-01   8.1275315E-02  -2.7929440E-02  -7.3502553E-01   9.0975080E-01   1.7309617E+00   6.1906971E-01   2.9423396E-02  -1.1818353E-02   2.9921268E-03   1.2190842E-01   1.6417569E-01  -1.3637848E-04  -3.3446843E-04  -4.0812078E-04  -3.3908873E-04   3.5255494E-04   7.7260127E-04   3.6938679E-06   4.8314538E-06
  1.7014016E-05  -3.3604806E-05  -1.8966296E-05   1.3220960E-04  -7.3489446E-06   4.0312806E-04   6.2377748E-04   7.3781754E-05  -1.1097400E+00  -2.7929440E-02   3.7384972E+00  -2.9044125E+01  -3.0161511E+00   7.8683530E+00   5.7442420E+00  -2.6015047E+00  -2.1789192E-01   1.1397051E-01   2.5766796E+00   3.3233343E+00   6.8830018E-04   9.6574243E-04   3.6558716E-04  -4.1994277E-04  -1.1592129E-04   2.3658010E-03   1.2171267E-04  -4.0915215E-05
 -3.4962658E-04   1.0422255E-03   3.3421387E-04  -9.3024071E-03   5.5663278E-03  -1.7382893E-02  -1.9691465E-02   1.3145102E-03   3.9788106E+01  -7.3502553E-01  -2.9044125E+01   7.6686391E+02   7.1140942E+01  -5.6183014E+01  -6.6702314E+01   1.3864035E+01  -4.4134066E+00   5.3092796E+00  -1.1328768E+01  -2.4943581E+01  -8.9708854E-03   6.1180093E-03   2.0728129E-03   2.0220246E-02  -2.4233353E-02   1.9632538E-02   3.8485280E-03   6.6494792E-04
 -1.4292345E-04   4.6659778E-04   9.5901920E-05  -3.1886836E-03   2.9407850E-03  -3.5431232E-03  -4.5023269E-03   5.1781325E-04   1.3773884E+00   9.0975080E-01  -3.0161511E+00   7.1140942E+01   6.3797542E+01   4.1798688E+01   1.5643476E+01  -5.4254482E+00  -4.4047886E-01  -1.4276508E+00   4.3648230E+00   6.1545841E+00   2.0341378E-03  -1.2373636E-03  -8.2401378E-03  -9.9927926E-03   9.5750327E-03   6.0269482E-02   3.7293091E-05   1.8190323E-04
 -3.3330239E-05   1.9934930E-04  -4.4508695E-06  -3.2971843E-04   1.7466245E-03   3.0288169E-03   2.0303170E-03   5.9326903E-04  -1.4078440E+01   1.7309617E+00   7.8683530E+00  -5.6183014E+01   4.1798688E+01   8.7921215E+01   5.5051837E+01  -1.1948114E+01  -9.4062080E-01  -9.7523746E-01   5.6419005E+00   9.9221768E+00  -8.1771636E-04  -6.0426490E-03  -1.5800517E-02  -1.1748658E-02   1.8619463E-02   5.5852946E-02   4.5439053E-04  -2.3559416E-04
  7.3859483E-06   8.1894231E-05  -2.5736430E-05   2.7022053E-04  -2.2209942E-04   8.0341106E-03   4.0012127E-03   2.0412717E-03  -5.4972345E+01   6.1906971E-01   5.7442420E+00  -6.6702314E+01   1.5643476E+01   5.5051837E+01   1.0553079E+02  -9.6270510E+00  -6.9998549E-01  -1.9145132E+00   5.8000401E+00   3.3665388E+01   1.0122807E-02   5.6741239E-04  -6.1745835E-03  -9.3957346E-03   2.6689212E-02   8.9381201E-03   4.6009205E-04  -1.2492649E-03
 -3.2916820E-05   2.0415663E-05   1.2058306E-05  -4.0096125E-04   2.1268931E-04  -2.0271111E-03  -1.6529342E-03  -2.0471686E-04   2.7589539E-01   2.9423396E-02  -2.6015047E+00   1.3864035E+01  -5.4254482E+00  -1.1948114E+01  -9.6270510E+00   5.7105958E+00   1.1053703E-01  -5.4333791E-02  -2.1053304E+00  -2.5818742E+00  -2.0758807E-03  -1.1155029E-03   3.8966468E-03  -5.1848434E-04  -4.1235519E-03  -9.1359020E-04  -9.2948113E-05   3.2007332E-05
 -9.0067863E-07  -2.9698547E-05   7.7980348E-06  -2.0379162E-06   1.4928712E-04  -4.5253983E-04   4.1019461E-04  -1.5011487E-05   2.0666047E-01  -1.1818353E-02  -2.1789192E-01  -4.4134066E+00  -4.4047886E-01  -9.4062080E-01  -6.9998549E-01   1.1053703E-01   3.3788597E+00   6.3708666E-01   2.0003003E-01   1.6912663E-01  -2.8921545E-04   1.3274856E-03   3.9288915E-03  -5.7009372E-04   2.7968932E-03   8.5241427E-04   1.8514875E-04   1.5957878E-05
 -6.8065580E-06  -2.2481653E-05   8.3713346E-06  -1.0935072E-04   2.0210687E-04  -1.1156454E-03  -2.4563620E-04  -1.6405454E-04   8.5101195E-01   2.9921268E-03   1.1397051E-01   5.3092796E+00  -1.4276508E+00  -9.7523746E-01  -1.9145132E+00  -5.4333791E-02   6.3708666E-01   3.1342139E+00   2.5391815E+00   2.3441372E+00  -4.5659899E-04  -6.7953772E-04   8.3776288E-04  -3.0657193E-04  -1.1889360E-04   6.7574671E-03  -1.7115850E-04  -2.0611445E-05
 -4.7722759E-06   2.0521508E-05   8.0838726E-07  -6.2217874E-04   2.8915761E-04  -1.7822213E-03  -4.5170332E-04  -1.5222702E-04  -6.0702080E+00   1.2190842E-01   2.5766796E+00  -1.1328768E+01   4.3648230E+00   5.6419005E+00   5.8000401E+00  -2.1053304E+00   2.0003003E-01   2.5391815E+00   1.0899697E+01   1.9648518E+01   3.3471406E-03   1.8395842E-03   1.7412430E-03  -1.9096630E-03   3.2192810E-03   1.3042655E-02  -2.3318608E-05   4.5058455E-04
  9.6470948E-06   9.3431984E-06  -1.5538238E-05  -2.3125080E-04  -4.1395390E-04   1.0927044E-03   2.2512630E-04   6.8081739E-04  -3.3241796E+01   1.6417569E-01   3.3233343E+00  -2.4943581E+01   6.1545841E+00   9.9221768E+00   3.3665388E+01  -2.5818742E+00   1.6912663E-01   2.3441372E+00   1.9648518E+01   5.4180776E+01   9.2758354E-03   4.8012639E-03   9.4169710E-03  -2.4545366E-03   7.6524758E-03   2.4832498E-02   2.1489699E-05   9.9759854E-04
 -1.1990013E-07   7.9900057E-07  -1.6090497E-07  -4.5466411E-07  -1.6492234E-06   2.0395751E-06  -2.7493115E-06   7.8658499E-07  -5.7264036E-03  -1.3637848E-04   6.8830018E-04  -8.9708854E-03   2.0341378E-03  -8.1771636E-04   1.0122807E-02  -2.0758807E-03  -2.8921545E-04  -4.5659899E-04   3.3471406E-03   9.2758354E-03   1.3953736E-03   2.6834652E-04   6.5940168E-05  -3.4133550E-04  -7.8766346E-05  -1.4815281E-04   3.3758155E-07   3.2126560E-07
 -3.3838565E-08   3.7587850E-07  -1.5112962E-07  -1.5226141E-06   1.3718778E-06  -1.9543874E-06  -7.9677090E-07   3.9092975E-07  -1.2215078E-04  -3.3446843E-04   9.6574243E-04   6.1180093E-03  -1.2373636E-03  -6.0426490E-03   5.6741239E-04  -1.1155029E-03   1.3274856E-03  -6.7953772E-04   1.8395842E-03   4.8012639E-03   2.6834652E-04   8.5739188E-04   6.0913548E-05   7.1040020E-04   7.1289832E-05  -7.8624844E-04   3.7835016E-07   5.7315031E-09
 -5.5956111E-07   2.0808661E-06   1.1651798E-07  -1.3467160E-05  -2.5415251E-06  -2.5699825E-05  -5.7020691E-06  -1.5271723E-06  -1.9684999E-03  -4.0812078E-04   3.6558716E-04   2.0728129E-03  -8.2401378E-03  -1.5800517E-02  -6.1745835E-03   3.8966468E-03   3.9288915E-03   8.3776288E-04   1.7412430E-03   9.4169710E-03   6.5940168E-05   6.0913548E-05   7.4838003E-03  -2.1211734E-04   6.6450150E-04   4.4642574E-03   6.5828595E-07   6.4359656E-07
 -1.3354863E-07   9.6351318E-07  -2.2329907E-07   1.1733916E-06   3.3396603E-06   5.5740427E-06  -1.1577096E-07   9.7780833E-07   4.4469531E-03  -3.3908873E-04  -4.1994277E-04   2.0220246E-02  -9.9927926E-03  -1.1748658E-02  -9.3957346E-03  -5.1848434E-04  -5.7009372E-04  -3.0657193E-04  -1.9096630E-03  -2.4545366E-03  -3.4133550E-04   7.1040020E-04  -2.1211734E-04   2.8629621E-03   5.8167541E-04  -9.4789382E-04   1.0366832E-06  -2.8104398E-07
 -5.2890958E-07   1.8658483E-06   7.4997057E-08   7.6168184E-06  -1.6214389E-06   1.7868074E-05   6.0246317E-06   4.0758034E-07  -1.0213278E-02   3.5255494E-04  -1.1592129E-04  -2.4233353E-02   9.5750327E-03   1.8619463E-02   2.6689212E-02  -4.1235519E-03   2.7968932E-03  -1.1889360E-04   3.2192810E-03   7.6524758E-03  -7.8766346E-05   7.1289832E-05   6.6450150E-04   5.8167541E-04   6.5230957E-03   8.3263542E-03   4.3068230E-07  -7.1258199E-07
 -2.8100959E-06   1.2838264E-05  -2.8123090E-06   1.6140883E-05   1.0111153E-05   7.2874404E-05  -2.6558754E-05   1.2037807E-05   8.3044555E-03   7.7260127E-04   2.3658010E-03   1.9632538E-02   6.0269482E-02   5.5852946E-02   8.9381201E-03  -9.1359020E-04   8.5241427E-04   6.7574671E-03   1.3042655E-02   2.4832498E-02  -1.4815281E-04  -7.8624844E-04   4.4642574E-03  -9.4789382E-04   8.3263542E-03   7.2358432E-02  -3.4374618E-06   2.0095822E-06
  2.2213712E-09  -9.4665169E-09   3.9137694E-09  -4.0518746E-08   4.2657269E-08   2.5101379E-09  -2.1341234E-11  -1.9213102E-08  -1.7442242E-04   3.6938679E-06   1.2171267E-04   3.8485280E-03   3.7293091E-05   4.5439053E-04   4.6009205E-04  -9.2948113E-05   1.8514875E-04  -1.7115850E-04  -2.3318608E-05   2.1489699E-05   3.3758155E-07   3.7835016E-07   6.5828595E-07   1.0366832E-06   4.3068230E-07  -3.4374618E-06   3.8054946E-07   1.6041178E-09
 -2.7003328E-10   1.3062402E-08   1.9909335E-09  -1.6007716E-08   1.7968260E-08  -8.7955516E-08  -1.1114391E-07  -3.9576691E-08   6.4259963E-04   4.8314538E-06  -4.0915215E-05   6.6494792E-04   1.8190323E-04  -2.3559416E-04  -1.2492649E-03   3.2007332E-05   1.5957878E-05  -2.0611445E-05   4.5058455E-04   9.9759854E-04   3.2126560E-07   5.7315031E-09   6.4359656E-07  -2.8104398E-07  -7.1258199E-07   2.0095822E-06   1.6041178E-09   3.8266007E-07
