# omegabh2 omegach2 theta tau nnu logA ns calPlanck galfTE100 galfTE100143 galfTE100217 galfTE143 galfTE143217 galfTE217 cal0 cal2
  8.4238639E-08   9.9802348E-07  -1.1156957E-07   1.3266707E-07   6.3661384E-05   2.9788885E-06   2.6481291E-06  -2.4305291E-09  -2.0216500E-08  -9.8512159E-08   3.4218656E-08  -4.1260475E-07  -8.3147558E-07  -2.1229683E-06   9.6354127E-10   5.5897439E-11
  9.9802348E-07   3.9797921E-05  -4.6929180E-06  -2.9801495E-06   2.3131642E-03   7.6874951E-05   4.7050850E-05  -2.9406675E-07   3.1964308E-06   6.2921417E-07  -7.7041876E-06   1.7756100E-06  -6.0254600E-07   5.9516449E-05  -5.8997832E-09  -1.0305273E-08
 -1.1156957E-07  -4.6929180E-06   7.8991490E-07   3.3789535E-07  -2.8239231E-04  -8.8267482E-06  -5.8376786E-06   3.4644522E-08  -3.4849026E-07  -1.3208201E-07   6.9483889E-07  -2.1241981E-07  -1.9842067E-07  -9.0088208E-06   4.5724528E-09   3.4989167E-09
  1.3266707E-07  -2.9801495E-06   3.3789535E-07   3.4250061E-05  -1.3875183E-04   6.8417704E-05   8.8971697E-06   2.8115471E-07  -5.0767661E-06  -6.6072228E-07   5.1252092E-08   9.0565317E-07  -5.5122583E-06  -1.2992345E-05  -3.7016917E-08   3.1401759E-08
  6.3661384E-05   2.3131642E-03  -2.8239231E-04  -1.3875183E-04   1.3976743E-01   4.4751623E-03   3.0457519E-03  -1.7781468E-05   1.1940093E-04   2.0823972E-05  -4.5514818E-04   4.4569151E-05  -1.5068446E-04   2.7500516E-03  -1.6619738E-06  -8.7606392E-07
  2.9788885E-06   7.6874951E-05  -8.8267482E-06   6.8417704E-05   4.4751623E-03   3.8504783E-04   1.4283254E-04   1.3136137E-05  -5.0368628E-06  -3.9787106E-07  -1.1270615E-05   9.9514489E-06   1.0056803E-06   1.8738228E-04   1.2553248E-07   1.1438560E-07
  2.6481291E-06   4.7050850E-05  -5.8376786E-06   8.8971697E-06   3.0457519E-03   1.4283254E-04   1.6882818E-04  -1.3285921E-07  -8.0630432E-06  -6.5108493E-06   7.0235921E-06  -1.3453814E-05   9.2474516E-06   1.2336131E-04  -1.4447677E-07   4.8314959E-08
 -2.4305291E-09  -2.9406675E-07   3.4644522E-08   2.8115471E-07  -1.7781468E-05   1.3136137E-05  -1.3285921E-07   6.2407013E-06  -1.4169565E-06  -7.7985055E-07  -3.8607154E-06   6.9753867E-07  -1.0547184E-06  -4.9798020E-07   7.0251328E-09  -1.7954095E-08
 -2.0216500E-08   3.1964308E-06  -3.4849026E-07  -5.0767661E-06   1.1940093E-04  -5.0368628E-06  -8.0630432E-06  -1.4169565E-06   1.4355024E-03   2.5016519E-04   1.0358007E-04  -3.6744104E-04  -3.6807780E-05  -3.5807785E-06  -4.7938702E-08   1.6834519E-07
 -9.8512159E-08   6.2921417E-07  -1.3208201E-07  -6.6072228E-07   2.0823972E-05  -3.9787106E-07  -6.5108493E-06  -7.7985055E-07   2.5016519E-04   8.7737215E-04   9.0491163E-06   7.6832820E-04   3.3699051E-05  -7.3085809E-04   2.0621557E-07   4.6800313E-07
  3.4218656E-08  -7.7041876E-06   6.9483889E-07   5.1252092E-08  -4.5514818E-04  -1.1270615E-05   7.0235921E-06  -3.8607154E-06   1.0358007E-04   9.0491163E-06   7.3868387E-03  -3.4035714E-04   5.2991602E-04   4.4272674E-03  -4.0926288E-07   2.2179934E-07
 -4.1260475E-07   1.7756100E-06  -2.1241981E-07   9.0565317E-07   4.4569151E-05   9.9514489E-06  -1.3453814E-05   6.9753867E-07  -3.6744104E-04   7.6832820E-04  -3.4035714E-04   2.9642576E-03   4.4362364E-04  -1.0977440E-03  -2.2854212E-08   4.6625211E-07
 -8.3147558E-07  -6.0254600E-07  -1.9842067E-07  -5.5122583E-06  -1.5068446E-04   1.0056803E-06   9.2474516E-06  -1.0547184E-06  -3.6807780E-05   3.3699051E-05   5.2991602E-04   4.4362364E-04   6.4610375E-03   8.1908281E-03  -2.3700343E-07   1.4242999E-07
 -2.1229683E-06   5.9516449E-05  -9.0088208E-06  -1.2992345E-05   2.7500516E-03   1.8738228E-04   1.2336131E-04  -4.9798020E-07  -3.5807785E-06  -7.3085809E-04   4.4272674E-03  -1.0977440E-03   8.1908281E-03   7.3194751E-02  -2.0533486E-06   3.1099748E-06
  9.6354127E-10  -5.8997832E-09   4.5724528E-09  -3.7016917E-08  -1.6619738E-06   1.2553248E-07  -1.4447677E-07   7.0251328E-09  -4.7938702E-08   2.0621557E-07  -4.0926288E-07  -2.2854212E-08  -2.3700343E-07  -2.0533486E-06   4.9124993E-07  -3.1952116E-09
  5.5897439E-11  -1.0305273E-08   3.4989167E-09   3.1401759E-08  -8.7606392E-07   1.1438560E-07   4.8314959E-08  -1.7954095E-08   1.6834519E-07   4.6800313E-07   2.2179934E-07   4.6625211E-07   1.4242999E-07   3.1099748E-06  -3.1952116E-09   4.2249503E-07
