# omegabh2 omegach2 theta tau w logA ns calPlanck acib217 xi asz143 aps100 aps143 aps143217 aps217 aksz kgal100 kgal143 kgal143217 kgal217 galfTE100 galfTE100143 galfTE100217 galfTE143 galfTE143217 galfTE217 cal0 cal2
  2.0396342E-08  -7.6263961E-08   1.3981452E-08   2.9011856E-07   2.1869274E-06   5.5501780E-07   1.9665523E-07   3.2669427E-08  -8.7153608E-05   1.7842735E-06   2.1904701E-05  -3.7206954E-04  -2.1071275E-04  -3.4532144E-05   3.5198993E-05  -3.3075666E-05  -2.0397200E-06  -6.6474003E-06  -1.5350819E-05   6.1440190E-06  -1.0592230E-07  -1.3207560E-07   6.2258192E-08  -2.4501008E-07  -3.1963837E-07  -1.1094400E-06   2.4414453E-09  -3.7518740E-09
 -7.6263961E-08   1.1666545E-06  -8.2864152E-08  -3.5203358E-06  -2.9354418E-05  -5.0467479E-06  -2.7119420E-06  -3.5578020E-07   1.6741786E-05  -2.2994670E-06  -4.4935960E-05   1.0605880E-03   7.2335263E-04   3.4371319E-04   2.3562471E-04   9.7232804E-05  -2.8404239E-05   1.7395069E-05   5.9785979E-05   7.6893270E-05   3.0877817E-07   2.0642026E-07   1.1092585E-06   1.2125139E-06   2.2511958E-06   8.3366739E-06   4.5975255E-09   1.9374233E-09
  1.3981452E-08  -8.2864152E-08   9.2887948E-08   3.9061811E-07   3.5701314E-06   7.3204264E-07   3.1633051E-07   2.8001664E-08   5.2192113E-06  -1.8415666E-06   2.4805029E-06  -1.7556922E-04  -7.2386148E-05  -7.6921348E-05  -5.6862084E-05  -1.4167059E-06   9.9068050E-06   6.0465772E-06  -5.0949045E-06  -8.4135978E-06  -1.3712961E-07   3.2888883E-08  -2.7030598E-07   4.2488032E-08  -1.9142799E-07  -2.1099705E-06  -1.2464358E-09  -2.3012447E-09
  2.9011856E-07  -3.5203358E-06   3.9061811E-07   5.5535384E-05   1.0894282E-04   1.0177315E-04   1.0443029E-05  -9.9620913E-08  -1.0854454E-03   2.6545167E-05   4.3569599E-04  -7.5638266E-03  -4.8720220E-03  -1.7297069E-03  -9.9056160E-04  -5.2313792E-04   1.8231177E-04  -1.7774795E-05  -2.7419852E-04  -2.4611673E-04  -4.5265009E-06  -1.4660277E-06  -7.4418818E-06  -3.1938999E-06  -4.8684817E-06  -1.0891223E-05   5.1597452E-09  -8.0875376E-08
  2.1869274E-06  -2.9354418E-05   3.5701314E-06   1.0894282E-04   2.7483338E-03   1.7985482E-04   7.0321007E-05   1.3283673E-05   3.7179937E-03  -1.6616717E-05   1.2071343E-03   3.2751060E-03  -1.2680567E-02  -6.4729676E-03  -7.9493894E-03  -4.6301001E-03   2.0684966E-04  -7.5739616E-04  -3.2332040E-03  -5.3618896E-03  -8.6562853E-06   1.4303642E-05  -9.4504087E-05  -5.9340389E-05  -3.4343758E-05  -1.6395993E-04   3.0234620E-07  -6.0981350E-08
  5.5501780E-07  -5.0467479E-06   7.3204264E-07   1.0177315E-04   1.7985482E-04   2.1666301E-04   1.4924284E-05   1.1653414E-05  -2.6650372E-03   7.2762826E-05   9.6075611E-04  -1.0559122E-02  -7.6002318E-03  -6.3121956E-06   4.3703948E-03  -1.8057058E-03   3.9224046E-05  -5.0255138E-04  -1.1111660E-03   1.2074531E-03  -6.3668207E-06  -1.2958696E-06  -1.7647328E-05  -6.8661457E-06  -8.0910074E-06  -9.7737111E-06   1.0331081E-07  -1.7845155E-07
  1.9665523E-07  -2.7119420E-06   3.1633051E-07   1.0443029E-05   7.0321007E-05   1.4924284E-05   1.5290255E-05   9.4448468E-07  -3.6174104E-03   8.3536454E-05   8.7461430E-04  -2.2304062E-02  -5.9523206E-03   1.4460051E-03   3.9809657E-03  -2.1507929E-03   4.1734138E-04  -4.0342776E-04  -3.9023266E-04   9.6872782E-04  -1.3037280E-06   6.7384891E-07  -2.2577176E-06  -1.9514429E-06  -6.5624946E-06  -3.2046516E-05  -8.3928841E-08  -5.7305571E-08
  3.2669427E-08  -3.5578020E-07   2.8001664E-08  -9.9620913E-08   1.3283673E-05   1.1653414E-05   9.4448468E-07   6.2885085E-06   4.8565843E-04  -1.3571201E-05   5.9318272E-05   3.0843853E-03   1.7866865E-04   3.0612328E-04   1.4242724E-03  -1.0931139E-04   2.9173073E-05  -2.2805387E-05  -1.4278113E-04   7.8596513E-04   8.9374630E-07   6.6742579E-07  -2.9823976E-06  -1.2497957E-06  -1.8269194E-06   1.2990804E-07  -3.0985251E-08  -4.1672371E-09
 -8.7153608E-05   1.6741786E-05   5.2192113E-06  -1.0854454E-03   3.7179937E-03  -2.6650372E-03  -3.6174104E-03   4.8565843E-04   4.4163628E+01  -3.7912532E-01  -9.8571320E-01   3.4932567E+01   1.8444928E+00  -1.3443372E+01  -5.5049250E+01  -3.2129728E-01   1.6372631E-01   3.4392379E-01  -5.9813877E+00  -3.3284229E+01  -2.0699741E-03  -1.9506789E-03  -8.8771466E-03  -4.8700949E-03   4.6540584E-03   2.3085473E-02  -2.5205792E-04   6.9278740E-04
  1.7842735E-06  -2.2994670E-06  -1.8415666E-06   2.6545167E-05  -1.6616717E-05   7.2762826E-05   8.3536454E-05  -1.3571201E-05  -3.7912532E-01   8.2166005E-02  -4.9622696E-02  -5.8402396E-01   9.1551875E-01   1.7014043E+00   6.3282300E-01   4.3360166E-02   4.0255849E-03   1.5515256E-02   1.0103495E-01   1.2816868E-01   1.1453256E-04  -7.6191356E-05  -3.8324969E-04  -4.2845783E-04   4.1118584E-04   5.2085585E-04   3.4425408E-06   2.4506945E-06
  2.1904701E-05  -4.4935960E-05   2.4805029E-06   4.3569599E-04   1.2071343E-03   9.6075611E-04   8.7461430E-04   5.9318272E-05  -9.8571320E-01  -4.9622696E-02   3.8780066E+00  -2.9813630E+01  -3.2251800E+00   7.7160341E+00   5.6801825E+00  -2.7455369E+00  -2.6558570E-01   9.9626340E-02   2.6286683E+00   3.2898747E+00  -7.7625445E-04   2.1091423E-03   1.7014779E-03   2.1664851E-03  -1.8125223E-03   7.6326626E-04   1.1140248E-04  -5.9486926E-05
 -3.7206954E-04   1.0605880E-03  -1.7556922E-04  -7.5638266E-03   3.2751060E-03  -1.0559122E-02  -2.2304062E-02   3.0843853E-03   3.4932567E+01  -5.8402396E-01  -2.9813630E+01   7.8264860E+02   6.9738185E+01  -5.4332943E+01  -5.7837862E+01   1.2169781E+01  -5.0957492E+00   5.7594348E+00  -1.0837470E+01  -2.2066433E+01  -6.4248280E-03  -2.4501329E-02  -3.2088622E-02  -1.6927218E-02  -3.2475184E-04  -1.3523329E-01   3.9386211E-03   6.1059856E-04
 -2.1071275E-04   7.2335263E-04  -7.2386148E-05  -4.8720220E-03  -1.2680567E-02  -7.6002318E-03  -5.9523206E-03   1.7866865E-04   1.8444928E+00   9.1551875E-01  -3.2251800E+00   6.9738185E+01   6.0307236E+01   3.9953707E+01   1.5315914E+01  -5.2240530E+00  -1.3733842E-01  -1.2506151E+00   3.2666957E+00   3.9136903E+00   4.3163613E-03  -1.4688631E-03  -6.5752320E-03  -3.6299265E-03   1.1187501E-02  -9.1817435E-03   1.0755490E-04   1.1523992E-04
 -3.4532144E-05   3.4371319E-04  -7.6921348E-05  -1.7297069E-03  -6.4729676E-03  -6.3121956E-06   1.4460051E-03   3.0612328E-04  -1.3443372E+01   1.7014043E+00   7.7160341E+00  -5.4332943E+01   3.9953707E+01   8.6059845E+01   5.4097341E+01  -1.2113374E+01  -8.0771697E-01  -5.8326564E-01   5.0239426E+00   8.3998469E+00  -5.1423952E-08   4.1673515E-03  -1.7050511E-03  -5.6128594E-04   7.3662563E-03  -2.8450384E-02   4.4488863E-04  -3.9007593E-04
  3.5198993E-05   2.3562471E-04  -5.6862084E-05  -9.9056160E-04  -7.9493894E-03   4.3703948E-03   3.9809657E-03   1.4242724E-03  -5.5049250E+01   6.3282300E-01   5.6801825E+00  -5.7837862E+01   1.5315914E+01   5.4097341E+01   1.0415041E+02  -9.1664186E+00  -6.8109601E-01  -8.6011995E-01   5.9731071E+00   3.3877455E+01   1.9897096E-03   4.2672887E-03   6.9437075E-03   1.0541537E-02  -2.9116499E-03  -2.8056047E-02   5.3005331E-04  -1.4255260E-03
 -3.3075666E-05   9.7232804E-05  -1.4167059E-06  -5.2313792E-04  -4.6301001E-03  -1.8057058E-03  -2.1507929E-03  -1.0931139E-04  -3.2129728E-01   4.3360166E-02  -2.7455369E+00   1.2169781E+01  -5.2240530E+00  -1.2113374E+01  -9.1664186E+00   5.8573945E+00   1.0812390E-01  -1.8160610E-01  -2.1043505E+00  -2.2275592E+00   4.3917116E-04  -1.6593021E-03  -1.8185036E-03  -1.4412204E-03   1.5687655E-03   1.7262442E-02  -8.9090741E-05   3.2409910E-05
 -2.0397200E-06  -2.8404239E-05   9.9068050E-06   1.8231177E-04   2.0684966E-04   3.9224046E-05   4.1734138E-04   2.9173073E-05   1.6372631E-01   4.0255849E-03  -2.6558570E-01  -5.0957492E+00  -1.3733842E-01  -8.0771697E-01  -6.8109601E-01   1.0812390E-01   3.3053092E+00   5.5208542E-01   1.7735025E-01   1.3124042E-01  -1.4524601E-03   3.9201159E-04  -1.1153410E-04  -8.0570620E-04  -2.6248926E-03   4.2638299E-03   1.9706952E-04  -1.4450123E-05
 -6.6474003E-06   1.7395069E-05   6.0465772E-06  -1.7774795E-05  -7.5739616E-04  -5.0255138E-04  -4.0342776E-04  -2.2805387E-05   3.4392379E-01   1.5515256E-02   9.9626340E-02   5.7594348E+00  -1.2506151E+00  -5.8326564E-01  -8.6011995E-01  -1.8160610E-01   5.5208542E-01   3.0257216E+00   2.5552993E+00   2.5513710E+00   9.6652346E-05  -3.0347714E-04  -3.8114366E-04  -2.0692561E-05   7.3771664E-04  -4.9767434E-03  -1.7420663E-04  -5.9285348E-05
 -1.5350819E-05   5.9785979E-05  -5.0949045E-06  -2.7419852E-04  -3.2332040E-03  -1.1111660E-03  -3.9023266E-04  -1.4278113E-04  -5.9813877E+00   1.0103495E-01   2.6286683E+00  -1.0837470E+01   3.2666957E+00   5.0239426E+00   5.9731071E+00  -2.1043505E+00   1.7735025E-01   2.5552993E+00   1.0560513E+01   1.8953824E+01   7.8704257E-04   2.0164052E-03   1.0245006E-03   1.7515441E-03  -5.9368505E-04   1.3019397E-02   2.2625623E-06   3.9039264E-04
  6.1440190E-06   7.6893270E-05  -8.4135978E-06  -2.4611673E-04  -5.3618896E-03   1.2074531E-03   9.6872782E-04   7.8596513E-04  -3.3284229E+01   1.2816868E-01   3.2898747E+00  -2.2066433E+01   3.9136903E+00   8.3998469E+00   3.3877455E+01  -2.2275592E+00   1.3124042E-01   2.5513710E+00   1.8953824E+01   5.3128290E+01   3.2113254E-03   4.7514665E-03   9.7586214E-03   4.7502257E-03  -1.0822488E-02  -1.1327033E-02   1.1528874E-04   9.5175499E-04
 -1.0592230E-07   3.0877817E-07  -1.3712961E-07  -4.5265009E-06  -8.6562853E-06  -6.3668207E-06  -1.3037280E-06   8.9374630E-07  -2.0699741E-03   1.1453256E-04  -7.7625445E-04  -6.4248280E-03   4.3163613E-03  -5.1423952E-08   1.9897096E-03   4.3917116E-04  -1.4524601E-03   9.6652346E-05   7.8704257E-04   3.2113254E-03   1.4480549E-03   2.8261486E-04   1.3619241E-04  -3.7505522E-04  -1.0510946E-04  -1.4349870E-04  -3.8876401E-07   3.2193330E-08
 -1.3207560E-07   2.0642026E-07   3.2888883E-08  -1.4660277E-06   1.4303642E-05  -1.2958696E-06   6.7384891E-07   6.6742579E-07  -1.9506789E-03  -7.6191356E-05   2.1091423E-03  -2.4501329E-02  -1.4688631E-03   4.1673515E-03   4.2672887E-03  -1.6593021E-03   3.9201159E-04  -3.0347714E-04   2.0164052E-03   4.7514665E-03   2.8261486E-04   8.5220894E-04   1.6431061E-05   7.2498651E-04   7.5014581E-05  -6.8811161E-04   1.3264971E-07   4.0557370E-08
  6.2258192E-08   1.1092585E-06  -2.7030598E-07  -7.4418818E-06  -9.4504087E-05  -1.7647328E-05  -2.2577176E-06  -2.9823976E-06  -8.8771466E-03  -3.8324969E-04   1.7014779E-03  -3.2088622E-02  -6.5752320E-03  -1.7050511E-03   6.9437075E-03  -1.8185036E-03  -1.1153410E-04  -3.8114366E-04   1.0245006E-03   9.7586214E-03   1.3619241E-04   1.6431061E-05   7.2706843E-03  -3.3737169E-04   5.7761847E-04   4.7500701E-03  -3.5077500E-07   5.9263927E-07
 -2.4501008E-07   1.2125139E-06   4.2488032E-08  -3.1938999E-06  -5.9340389E-05  -6.8661457E-06  -1.9514429E-06  -1.2497957E-06  -4.8700949E-03  -4.2845783E-04   2.1664851E-03  -1.6927218E-02  -3.6299265E-03  -5.6128594E-04   1.0541537E-02  -1.4412204E-03  -8.0570620E-04  -2.0692561E-05   1.7515441E-03   4.7502257E-03  -3.7505522E-04   7.2498651E-04  -3.3737169E-04   2.8996482E-03   5.7311493E-04  -9.6910429E-04  -4.9558603E-08  -2.9515756E-07
 -3.1963837E-07   2.2511958E-06  -1.9142799E-07  -4.8684817E-06  -3.4343758E-05  -8.0910074E-06  -6.5624946E-06  -1.8269194E-06   4.6540584E-03   4.1118584E-04  -1.8125223E-03  -3.2475184E-04   1.1187501E-02   7.3662563E-03  -2.9116499E-03   1.5687655E-03  -2.6248926E-03   7.3771664E-04  -5.9368505E-04  -1.0822488E-02  -1.0510946E-04   7.5014581E-05   5.7761847E-04   5.7311493E-04   6.2053560E-03   7.7573936E-03  -1.0229173E-06  -1.0936942E-06
 -1.1094400E-06   8.3366739E-06  -2.1099705E-06  -1.0891223E-05  -1.6395993E-04  -9.7737111E-06  -3.2046516E-05   1.2990804E-07   2.3085473E-02   5.2085585E-04   7.6326626E-04  -1.3523329E-01  -9.1817435E-03  -2.8450384E-02  -2.8056047E-02   1.7262442E-02   4.2638299E-03  -4.9767434E-03   1.3019397E-02  -1.1327033E-02  -1.4349870E-04  -6.8811161E-04   4.7500701E-03  -9.6910429E-04   7.7573936E-03   7.4233349E-02   3.6945814E-07  -2.2376782E-08
  2.4414453E-09   4.5975255E-09  -1.2464358E-09   5.1597452E-09   3.0234620E-07   1.0331081E-07  -8.3928841E-08  -3.0985251E-08  -2.5205792E-04   3.4425408E-06   1.1140248E-04   3.9386211E-03   1.0755490E-04   4.4488863E-04   5.3005331E-04  -8.9090741E-05   1.9706952E-04  -1.7420663E-04   2.2625623E-06   1.1528874E-04  -3.8876401E-07   1.3264971E-07  -3.5077500E-07  -4.9558603E-08  -1.0229173E-06   3.6945814E-07   3.7781445E-07  -5.0173929E-09
 -3.7518740E-09   1.9374233E-09  -2.3012447E-09  -8.0875376E-08  -6.0981350E-08  -1.7845155E-07  -5.7305571E-08  -4.1672371E-09   6.9278740E-04   2.4506945E-06  -5.9486926E-05   6.1059856E-04   1.1523992E-04  -3.9007593E-04  -1.4255260E-03   3.2409910E-05  -1.4450123E-05  -5.9285348E-05   3.9039264E-04   9.5175499E-04   3.2193330E-08   4.0557370E-08   5.9263927E-07  -2.9515756E-07  -1.0936942E-06  -2.2376782E-08  -5.0173929E-09   3.8765575E-07
