# omegabh2 omegach2 theta tau logA ns r calPlanck acib217 xi asz143 aps100 aps143 aps143217 aps217 aksz kgal100 kgal143 kgal143217 kgal217 cal0 cal2
  3.8761417E-08  -4.8219999E-08   2.3074746E-08   2.3023575E-07   5.2172206E-07   2.5599675E-07   1.3259919E-07   3.3846796E-08  -1.0537403E-04   2.1938850E-06   4.1253212E-05  -5.9459443E-04  -4.5731583E-04  -1.6848037E-04  -8.1481474E-05  -6.0767923E-05   6.5266150E-07  -5.3078000E-06  -1.6617341E-05   1.1898192E-05   5.3772335E-10  -4.5501656E-09
 -4.8219999E-08   1.1216860E-06  -5.2473015E-08  -2.1401139E-06  -2.0137322E-06  -2.4261027E-06  -2.4716090E-06  -1.7449598E-07   7.3857967E-05  -6.7360228E-06  -6.1805899E-05   8.6207380E-04   5.2268716E-04   7.8712171E-05   6.5560018E-05   4.1819157E-05   2.5624543E-05   3.1441584E-06   1.5439766E-06  -4.2459049E-05  -1.7412243E-08  -1.0904393E-08
  2.3074746E-08  -5.2473015E-08   1.7808044E-07   2.6630337E-07   6.9537421E-07   4.0509504E-07   4.6610479E-08   4.1023559E-08  -4.1581755E-05   7.3505949E-07   1.4975376E-05  -2.9283994E-04  -8.8063619E-05   2.0548233E-05   3.1576499E-05  -2.3717415E-05  -5.2936632E-06   2.0718449E-05   2.1390761E-05   5.1676769E-05  -3.0471862E-09  -2.9372260E-09
  2.3023575E-07  -2.1401139E-06   2.6630337E-07   4.2546779E-05   7.7642950E-05   7.6503009E-06  -5.1147388E-06  -8.6331144E-07  -7.2731769E-04   5.7907106E-06   2.1310272E-04  -2.5213499E-03  -4.7171591E-03  -2.5118780E-03  -1.5368172E-03  -4.4382221E-04  -6.2460821E-05   8.4150012E-05  -4.0432976E-04  -6.8833570E-04  -5.3454006E-09  -7.1920316E-08
  5.2172206E-07  -2.0137322E-06   6.9537421E-07   7.7642950E-05   1.7354553E-04   8.6976051E-06  -2.1587549E-05   1.0156281E-05  -1.8210356E-03   4.6883974E-05   3.2963465E-04  -1.6884336E-04  -6.9366689E-03  -2.3184319E-03   2.9566166E-03  -1.6073175E-03  -6.4961397E-04  -4.6933464E-04  -1.3286888E-03  -1.3276525E-04   1.1942882E-07  -1.9530724E-07
  2.5599675E-07  -2.4261027E-06   4.0509504E-07   7.6503009E-06   8.6976051E-06   1.6491198E-05   2.8399727E-05   4.1611835E-07  -4.6496892E-03   1.0617040E-04   1.2335693E-03  -2.6116129E-02  -7.4932700E-03   1.9237191E-03   4.7447188E-03  -2.5245759E-03   4.0604046E-04  -3.7639564E-04  -3.2087616E-04   1.4982206E-03  -8.2015368E-08  -7.2086122E-08
  1.3259919E-07  -2.4716090E-06   4.6610479E-08  -5.1147388E-06  -2.1587549E-05   2.8399727E-05   1.2452456E-03   5.1264046E-07  -5.9593443E-03   3.1236426E-05   1.7544860E-03  -5.4107202E-02  -1.6975027E-02  -2.0095000E-03   2.0177790E-03  -2.4758505E-03   6.6541893E-04  -2.4397188E-03  -3.0667532E-03   4.7019523E-04  -7.0961434E-09   2.3834575E-07
  3.3846796E-08  -1.7449598E-07   4.1023559E-08  -8.6331144E-07   1.0156281E-05   4.1611835E-07   5.1264046E-07   6.0543439E-06   4.8474901E-04   7.2636205E-07   4.2483623E-05   3.5212396E-03   4.7641141E-04   3.6473210E-04   1.3955849E-03   8.1968285E-06  -9.7168302E-05  -6.9431253E-05  -1.9665383E-05   7.3126542E-04   1.7878969E-08  -2.1293741E-08
 -1.0537403E-04   7.3857967E-05  -4.1581755E-05  -7.2731769E-04  -1.8210356E-03  -4.6496892E-03  -5.9593443E-03   4.8474901E-04   4.3785708E+01  -3.7832042E-01  -8.6942145E-01   3.7794537E+01   1.9632835E+00  -1.2821141E+01  -5.3837651E+01  -1.0548057E-01   2.6860460E-01   6.4483241E-01  -5.5875741E+00  -3.2739766E+01  -1.7712397E-04   6.6949708E-04
  2.1938850E-06  -6.7360228E-06   7.3505949E-07   5.7907106E-06   4.6883974E-05   1.0617040E-04   3.1236426E-05   7.2636205E-07  -3.7832042E-01   8.0070664E-02  -4.9009287E-02  -5.2758362E-01   8.8901124E-01   1.5968487E+00   5.8038416E-01   4.3662740E-02  -4.1362239E-03   1.1201608E-02   1.0928805E-01   1.5736553E-01   2.2612197E-06  -1.0384163E-06
  4.1253212E-05  -6.1805899E-05   1.4975376E-05   2.1310272E-04   3.2963465E-04   1.2335693E-03   1.7544860E-03   4.2483623E-05  -8.6942145E-01  -4.9009287E-02   3.9257348E+00  -3.0825958E+01  -3.6175606E+00   7.6180303E+00   5.3923712E+00  -2.8584333E+00  -2.5049788E-01   1.2064536E-01   2.5602219E+00   3.2358141E+00   1.2935618E-04  -3.6817305E-05
 -5.9459443E-04   8.6207380E-04  -2.9283994E-04  -2.5213499E-03  -1.6884336E-04  -2.6116129E-02  -5.4107202E-02   3.5212396E-03   3.7794537E+01  -5.2758362E-01  -3.0825958E+01   7.9289690E+02   7.1264443E+01  -5.4905363E+01  -6.3120673E+01   1.5384719E+01  -6.6546439E+00   5.9043934E+00  -1.2149450E+01  -2.6047725E+01   3.6542602E-03   4.3057933E-04
 -4.5731583E-04   5.2268716E-04  -8.8063619E-05  -4.7171591E-03  -6.9366689E-03  -7.4932700E-03  -1.6975027E-02   4.7641141E-04   1.9632835E+00   8.8901124E-01  -3.6175606E+00   7.1264443E+01   6.3231096E+01   3.9733542E+01   1.5442880E+01  -4.4819004E+00  -5.0216694E-01  -1.4446473E+00   3.1585937E+00   3.7258761E+00   6.2530571E-05   7.7563001E-05
 -1.6848037E-04   7.8712171E-05   2.0548233E-05  -2.5118780E-03  -2.3184319E-03   1.9237191E-03  -2.0095000E-03   3.6473210E-04  -1.2821141E+01   1.5968487E+00   7.6180303E+00  -5.4905363E+01   3.9733542E+01   8.3109489E+01   5.2760066E+01  -1.1982412E+01  -8.6727396E-01  -8.2126152E-01   4.5337830E+00   8.0168316E+00   4.5778920E-04  -3.6029304E-04
 -8.1481474E-05   6.5560018E-05   3.1576499E-05  -1.5368172E-03   2.9566166E-03   4.7447188E-03   2.0177790E-03   1.3955849E-03  -5.3837651E+01   5.8038416E-01   5.3923712E+00  -6.3120673E+01   1.5442880E+01   5.2760066E+01   1.0231885E+02  -9.2397573E+00  -8.6574048E-01  -1.4178193E+00   4.9155039E+00   3.2419843E+01   4.7531209E-04  -1.2391257E-03
 -6.0767923E-05   4.1819157E-05  -2.3717415E-05  -4.4382221E-04  -1.6073175E-03  -2.5245759E-03  -2.4758505E-03   8.1968285E-06  -1.0548057E-01   4.3662740E-02  -2.8584333E+00   1.5384719E+01  -4.4819004E+00  -1.1982412E+01  -9.2397573E+00   6.0598805E+00   1.2728686E-01  -1.1071167E-01  -1.9213341E+00  -2.0580278E+00  -8.8358800E-05   3.6957879E-06
  6.5266150E-07   2.5624543E-05  -5.2936632E-06  -6.2460821E-05  -6.4961397E-04   4.0604046E-04   6.6541893E-04  -9.7168302E-05   2.6860460E-01  -4.1362239E-03  -2.5049788E-01  -6.6546439E+00  -5.0216694E-01  -8.6727396E-01  -8.6574048E-01   1.2728686E-01   3.3631393E+00   5.9030931E-01   5.7952789E-02  -1.7663643E-01   1.5126625E-04  -1.7936666E-05
 -5.3078000E-06   3.1441584E-06   2.0718449E-05   8.4150012E-05  -4.6933464E-04  -3.7639564E-04  -2.4397188E-03  -6.9431253E-05   6.4483241E-01   1.1201608E-02   1.2064536E-01   5.9043934E+00  -1.4446473E+00  -8.2126152E-01  -1.4178193E+00  -1.1071167E-01   5.9030931E-01   3.1516900E+00   2.6265443E+00   2.4393960E+00  -1.5131764E-04  -5.9127298E-05
 -1.6617341E-05   1.5439766E-06   2.1390761E-05  -4.0432976E-04  -1.3286888E-03  -3.2087616E-04  -3.0667532E-03  -1.9665383E-05  -5.5875741E+00   1.0928805E-01   2.5602219E+00  -1.2149450E+01   3.1585937E+00   4.5337830E+00   4.9155039E+00  -1.9213341E+00   5.7952789E-02   2.6265443E+00   1.0562625E+01   1.8783582E+01   2.4258455E-06   3.9224114E-04
  1.1898192E-05  -4.2459049E-05   5.1676769E-05  -6.8833570E-04  -1.3276525E-04   1.4982206E-03   4.7019523E-04   7.3126542E-04  -3.2739766E+01   1.5736553E-01   3.2358141E+00  -2.6047725E+01   3.7258761E+00   8.0168316E+00   3.2419843E+01  -2.0580278E+00  -1.7663643E-01   2.4393960E+00   1.8783582E+01   5.2385113E+01   8.1994673E-05   9.1908416E-04
  5.3772335E-10  -1.7412243E-08  -3.0471862E-09  -5.3454006E-09   1.1942882E-07  -8.2015368E-08  -7.0961434E-09   1.7878969E-08  -1.7712397E-04   2.2612197E-06   1.2935618E-04   3.6542602E-03   6.2530571E-05   4.5778920E-04   4.7531209E-04  -8.8358800E-05   1.5126625E-04  -1.5131764E-04   2.4258455E-06   8.1994673E-05   3.7255576E-07  -1.4772723E-09
 -4.5501656E-09  -1.0904393E-08  -2.9372260E-09  -7.1920316E-08  -1.9530724E-07  -7.2086122E-08   2.3834575E-07  -2.1293741E-08   6.6949708E-04  -1.0384163E-06  -3.6817305E-05   4.3057933E-04   7.7563001E-05  -3.6029304E-04  -1.2391257E-03   3.6957879E-06  -1.7936666E-05  -5.9127298E-05   3.9224114E-04   9.1908416E-04  -1.4772723E-09   3.9928197E-07
