# omegabh2 omegach2 theta tau w logA ns calPlanck acib217 xi asz143 aps100 aps143 aps143217 aps217 aksz kgal100 kgal143 kgal143217 kgal217 galfTE100 galfTE100143 galfTE100217 galfTE143 galfTE143217 galfTE217 cal0 cal2
  2.0303820E-08  -1.0511911E-07   1.6880506E-08   2.1268896E-07   2.0756550E-06   2.6771485E-07   2.5701550E-07   1.2518101E-08  -4.2030204E-05  -7.7046274E-07   2.1867439E-05  -2.3527148E-04  -2.6895189E-04  -1.4147938E-04  -6.3575646E-05  -1.5037704E-05  -1.1953063E-05  -2.1812339E-05  -1.7199158E-05  -4.4748910E-07  -2.9228710E-07  -4.4610258E-08  -6.0003705E-07  -2.4784238E-08  -8.7325402E-07  -4.1495152E-06   2.9793297E-09   1.6858127E-09
 -1.0511911E-07   1.8840115E-06  -1.6323462E-07  -2.0932669E-06  -3.1155721E-05   3.8259828E-07  -4.2983315E-06   6.8219782E-09  -6.9187762E-05  -1.4112234E-05  -8.4017612E-05   2.3952627E-03   8.6897701E-04   2.5393095E-04   3.9215434E-04   8.4530624E-05  -8.9682379E-05  -7.9574446E-06   3.1207289E-05   2.6638142E-04   7.4484182E-07   1.2242382E-07   5.3137370E-06  -2.0753822E-06   5.8514380E-06   2.6556864E-05  -3.7576540E-08   3.6200764E-09
  1.6880506E-08  -1.6323462E-07   1.0258085E-07   3.6627646E-07   3.5228434E-06   4.6809172E-07   5.2120914E-07   2.8350071E-08   2.4894917E-05  -2.6522501E-06   1.3921541E-05  -6.9501729E-04  -2.0285043E-04  -1.4174521E-04  -8.1346962E-05   2.8167367E-06   1.9980012E-05  -3.0057626E-05  -4.8813989E-05  -6.6904118E-05  -3.5860798E-07  -1.4704433E-07  -1.0368951E-06   4.3437470E-08   2.8392382E-07  -7.8949912E-06  -3.3756897E-09  -8.2699990E-10
  2.1268896E-07  -2.0932669E-06   3.6627646E-07   6.6989342E-05   3.1471675E-05   1.2607214E-04   7.2596147E-06  -1.6462562E-06  -1.9140173E-04   5.6752018E-05  -8.0338024E-05  -9.2075422E-03  -3.4972957E-03  -5.7408980E-04  -1.6646680E-04  -9.2268823E-04  -2.5269962E-04  -1.2024927E-03  -1.7642965E-03  -3.4231744E-03   9.9218494E-06  -1.4099272E-05   1.1564168E-05  -2.5160838E-05  -2.0948812E-05   3.4228871E-05  -2.4122836E-09   3.7627483E-08
  2.0756550E-06  -3.1155721E-05   3.5228434E-06   3.1471675E-05   3.1872479E-03   1.0723399E-06   8.6964432E-05   7.6691095E-06  -2.4115701E-03   2.6030128E-04   3.5011085E-03  -9.3218833E-02  -1.6248199E-02   9.7228942E-03   7.9414293E-03  -7.1736742E-03   7.0143776E-03   1.1981575E-03   2.1375608E-04  -1.0319980E-03  -9.1512144E-05  -2.5738966E-05  -2.6718207E-04  -2.6787051E-05  -5.8924552E-05  -5.2962194E-04  -7.4177584E-07   8.0894557E-07
  2.6771485E-07   3.8259828E-07   4.6809172E-07   1.2607214E-04   1.0723399E-06   2.7472039E-04   2.7008548E-06   8.7421800E-06  -1.8877071E-03   1.6421167E-04  -5.6577736E-04  -8.9595919E-03  -4.9075033E-03   1.2310821E-03   7.0777587E-03  -1.7547093E-03  -1.3354835E-03  -2.9016793E-03  -3.8362897E-03  -4.1661377E-03   2.0148986E-05  -1.9303381E-05   6.3320654E-05  -5.6223346E-05  -7.2093855E-06   1.2308541E-04   3.0861565E-08   7.1733118E-08
  2.5701550E-07  -4.2983315E-06   5.2120914E-07   7.2596147E-06   8.6964432E-05   2.7008548E-06   1.9520033E-05   7.5762939E-08  -3.3376804E-03   1.1953087E-04   1.0132107E-03  -2.5464347E-02  -6.8672348E-03   2.2958513E-03   3.1776105E-03  -2.3703972E-03   6.0955621E-04  -5.0314357E-04  -7.5211656E-04   3.1870561E-04  -3.0323542E-06  -4.1083425E-06  -1.6083714E-05   1.1530161E-06  -7.2414270E-06  -3.7432608E-05  -3.1559858E-08  -1.4451265E-08
  1.2518101E-08   6.8219782E-09   2.8350071E-08  -1.6462562E-06   7.6691095E-06   8.7421800E-06   7.5762939E-08   6.0152386E-06   2.7181089E-05   2.7135702E-05  -1.5173246E-04   4.2792533E-03  -3.4157689E-04  -2.1949191E-04   1.5084373E-03   4.6434250E-04  -1.0763575E-04   1.5056360E-04   9.9814777E-05   1.1777605E-03  -4.9346760E-07   3.7367212E-06   1.2643604E-05  -3.9876598E-06   9.1866303E-06   8.3258222E-06  -3.7825267E-08   3.2526193E-08
 -4.2030204E-05  -6.9187762E-05   2.4894917E-05  -1.9140173E-04  -2.4115701E-03  -1.8877071E-03  -3.3376804E-03   2.7181089E-05   4.7244462E+01  -4.1525045E-01  -6.7602209E-01   2.8021189E+01  -5.9511335E-01  -1.5805417E+01  -5.8976186E+01  -5.2628195E-01   4.2940403E-01   8.0790518E-01  -4.8860321E+00  -3.2991113E+01  -8.8781748E-03  -8.5183120E-03  -1.5694414E-02  -5.9958815E-03   3.7428580E-02   1.8441265E-02  -3.5659258E-04   1.0811789E-03
 -7.7046274E-07  -1.4112234E-05  -2.6522501E-06   5.6752018E-05   2.6030128E-04   1.6421167E-04   1.1953087E-04   2.7135702E-05  -4.1525045E-01   8.4903477E-02  -4.4533515E-03  -9.3744020E-01   1.1176277E+00   1.9459727E+00   7.5476846E-01   1.8635810E-02  -1.0459799E-02   2.5251171E-03   1.4954669E-01   1.9732352E-01  -2.8741060E-04  -5.4608236E-05   1.1670212E-03   2.9578673E-04  -4.8515292E-04   2.9404371E-03   2.7848118E-06  -2.6296049E-06
  2.1867439E-05  -8.4017612E-05   1.3921541E-05  -8.0338024E-05   3.5011085E-03  -5.6577736E-04   1.0132107E-03  -1.5173246E-04  -6.7602209E-01  -4.4533515E-03   3.7230433E+00  -2.9030052E+01  -3.6053544E+00   7.2662981E+00   3.9822496E+00  -2.5047210E+00  -1.7346903E-01   1.8124356E-01   2.5549487E+00   3.2072570E+00   3.2806325E-05  -3.4621549E-04   3.6852789E-03   2.3556697E-03  -2.2478001E-03   1.3825709E-03   1.2354517E-04  -4.9979212E-05
 -2.3527148E-04   2.3952627E-03  -6.9501729E-04  -9.2075422E-03  -9.3218833E-02  -8.9595919E-03  -2.5464347E-02   4.2792533E-03   2.8021189E+01  -9.3744020E-01  -2.9030052E+01   7.3893179E+02   5.7609688E+01  -6.4716521E+01  -5.0483760E+01   1.3429460E+01  -7.5562389E+00   4.8098026E+00  -9.0397322E+00  -1.7871720E+01   5.1677249E-02   9.6951241E-04  -1.6420911E-01  -5.7528919E-02  -7.1409936E-02  -9.2476485E-02   4.3488197E-03   3.3833005E-04
 -2.6895189E-04   8.6897701E-04  -2.0285043E-04  -3.4972957E-03  -1.6248199E-02  -4.9075033E-03  -6.8672348E-03  -3.4157689E-04  -5.9511335E-01   1.1176277E+00  -3.6053544E+00   5.7609688E+01   6.6134283E+01   4.5982472E+01   2.0637273E+01  -4.9258420E+00  -8.6390752E-01  -2.0709279E+00   2.6546227E+00   2.5637994E+00   1.5607648E-03  -8.0852016E-03   1.4466962E-02  -1.0688623E-02  -3.4045164E-03   1.0359780E-01   2.4225301E-05   2.2820110E-05
 -1.4147938E-04   2.5393095E-04  -1.4174521E-04  -5.7408980E-04   9.7228942E-03   1.2310821E-03   2.2958513E-03  -2.1949191E-04  -1.5805417E+01   1.9459727E+00   7.2662981E+00  -6.4716521E+01   4.5982472E+01   9.0983340E+01   5.6498515E+01  -1.1711951E+01  -7.9687737E-01  -1.3580005E+00   4.4505821E+00   8.1254997E+00  -5.3073163E-03  -1.5401034E-02   5.2578769E-02  -3.3512710E-03  -4.8969733E-03   1.5969435E-01   4.2216572E-04  -3.7725970E-04
 -6.3575646E-05   3.9215434E-04  -8.1346962E-05  -1.6646680E-04   7.9414293E-03   7.0777587E-03   3.1776105E-03   1.5084373E-03  -5.8976186E+01   7.5476846E-01   3.9822496E+00  -5.0483760E+01   2.0637273E+01   5.6498515E+01   1.0857632E+02  -8.1213086E+00  -9.4418652E-01  -2.0156189E+00   2.6652356E+00   3.0851151E+01   1.1426085E-02   3.0800886E-03   4.3793303E-02  -1.7861516E-03  -3.2831362E-02   6.5977343E-02   5.9755799E-04  -1.7170465E-03
 -1.5037704E-05   8.4530624E-05   2.8167367E-06  -9.2268823E-04  -7.1736742E-03  -1.7547093E-03  -2.3703972E-03   4.6434250E-04  -5.2628195E-01   1.8635810E-02  -2.5047210E+00   1.3429460E+01  -4.9258420E+00  -1.1711951E+01  -8.1213086E+00   5.7475060E+00   7.1193547E-02   1.4586070E-01  -1.4685215E+00  -1.2556237E+00  -7.9702268E-04   4.0353894E-03   4.1766862E-03   1.5983976E-03   3.4593775E-03   7.1489247E-03  -1.5476347E-04  -1.0683457E-06
 -1.1953063E-05  -8.9682379E-05   1.9980012E-05  -2.5269962E-04   7.0143776E-03  -1.3354835E-03   6.0955621E-04  -1.0763575E-04   4.2940403E-01  -1.0459799E-02  -1.7346903E-01  -7.5562389E+00  -8.6390752E-01  -7.9687737E-01  -9.4418652E-01   7.1193547E-02   3.3410648E+00   6.7532949E-01   1.9604203E-01   6.9164889E-03   4.0787704E-03  -7.2675234E-04   2.1659922E-03  -1.4701178E-03  -9.2677054E-03  -5.4457986E-03   1.4353352E-04   5.3246592E-05
 -2.1812339E-05  -7.9574446E-06  -3.0057626E-05  -1.2024927E-03   1.1981575E-03  -2.9016793E-03  -5.0314357E-04   1.5056360E-04   8.0790518E-01   2.5251171E-03   1.8124356E-01   4.8098026E+00  -2.0709279E+00  -1.3580005E+00  -2.0156189E+00   1.4586070E-01   6.7532949E-01   3.4254764E+00   2.9138837E+00   2.7334741E+00   2.6336997E-03   6.8843118E-04  -1.5186444E-02  -5.5212780E-03  -9.0561625E-03  -1.3011691E-02  -1.3305125E-04  -2.8599428E-05
 -1.7199158E-05   3.1207289E-05  -4.8813989E-05  -1.7642965E-03   2.1375608E-04  -3.8362897E-03  -7.5211656E-04   9.9814777E-05  -4.8860321E+00   1.4954669E-01   2.5549487E+00  -9.0397322E+00   2.6546227E+00   4.4505821E+00   2.6652356E+00  -1.4685215E+00   1.9604203E-01   2.9138837E+00   1.0645225E+01   1.8231965E+01   9.0170684E-03   7.5996168E-03  -1.1779489E-02   3.0631902E-03  -2.1695938E-02  -4.2480819E-02   9.2138937E-05   2.4910766E-04
 -4.4748910E-07   2.6638142E-04  -6.6904118E-05  -3.4231744E-03  -1.0319980E-03  -4.1661377E-03   3.1870561E-04   1.1777605E-03  -3.2991113E+01   1.9732352E-01   3.2072570E+00  -1.7871720E+01   2.5637994E+00   8.1254997E+00   3.0851151E+01  -1.2556237E+00   6.9164889E-03   2.7334741E+00   1.8231965E+01   5.1166916E+01   1.4687860E-02   1.6340072E-02  -4.4188390E-03   8.6472958E-03  -4.8386889E-02  -1.0317037E-01   3.0502219E-04   5.2857117E-04
 -2.9228710E-07   7.4484182E-07  -3.5860798E-07   9.9218494E-06  -9.1512144E-05   2.0148986E-05  -3.0323542E-06  -4.9346760E-07  -8.8781748E-03  -2.8741060E-04   3.2806325E-05   5.1677249E-02   1.5607648E-03  -5.3073163E-03   1.1426085E-02  -7.9702268E-04   4.0787704E-03   2.6336997E-03   9.0170684E-03   1.4687860E-02   1.3909005E-03   2.4346922E-04   1.2815768E-05  -2.7263471E-04  -7.2788780E-05   2.8046219E-05   2.0132432E-06  -7.1777182E-07
 -4.4610258E-08   1.2242382E-07  -1.4704433E-07  -1.4099272E-05  -2.5738966E-05  -1.9303381E-05  -4.1083425E-06   3.7367212E-06  -8.5183120E-03  -5.4608236E-05  -3.4621549E-04   9.6951241E-04  -8.0852016E-03  -1.5401034E-02   3.0800886E-03   4.0353894E-03  -7.2675234E-04   6.8843118E-04   7.5996168E-03   1.6340072E-02   2.4346922E-04   8.4313547E-04   6.8170003E-06   7.8410415E-04  -5.2137165E-06  -6.8031630E-04   1.0833897E-06   8.5915058E-08
 -6.0003705E-07   5.3137370E-06  -1.0368951E-06   1.1564168E-05  -2.6718207E-04   6.3320654E-05  -1.6083714E-05   1.2643604E-05  -1.5694414E-02   1.1670212E-03   3.6852789E-03  -1.6420911E-01   1.4466962E-02   5.2578769E-02   4.3793303E-02   4.1766862E-03   2.1659922E-03  -1.5186444E-02  -1.1779489E-02  -4.4188390E-03   1.2815768E-05   6.8170003E-06   7.3314670E-03  -2.1784190E-04   7.2392391E-04   4.6381856E-03  -6.7518850E-07  -6.8872452E-07
 -2.4784238E-08  -2.0753822E-06   4.3437470E-08  -2.5160838E-05  -2.6787051E-05  -5.6223346E-05   1.1530161E-06  -3.9876598E-06  -5.9958815E-03   2.9578673E-04   2.3556697E-03  -5.7528919E-02  -1.0688623E-02  -3.3512710E-03  -1.7861516E-03   1.5983976E-03  -1.4701178E-03  -5.5212780E-03   3.0631902E-03   8.6472958E-03  -2.7263471E-04   7.8410415E-04  -2.1784190E-04   3.0469291E-03   2.6435981E-04  -1.1103284E-03   5.4476588E-07  -5.1512800E-07
 -8.7325402E-07   5.8514380E-06   2.8392382E-07  -2.0948812E-05  -5.8924552E-05  -7.2093855E-06  -7.2414270E-06   9.1866303E-06   3.7428580E-02  -4.8515292E-04  -2.2478001E-03  -7.1409936E-02  -3.4045164E-03  -4.8969733E-03  -3.2831362E-02   3.4593775E-03  -9.2677054E-03  -9.0561625E-03  -2.1695938E-02  -4.8386889E-02  -7.2788780E-05  -5.2137165E-06   7.2392391E-04   2.6435981E-04   6.1354841E-03   7.6030140E-03  -3.9510426E-06  -2.8964122E-06
 -4.1495152E-06   2.6556864E-05  -7.8949912E-06   3.4228871E-05  -5.2962194E-04   1.2308541E-04  -3.7432608E-05   8.3258222E-06   1.8441265E-02   2.9404371E-03   1.3825709E-03  -9.2476485E-02   1.0359780E-01   1.5969435E-01   6.5977343E-02   7.1489247E-03  -5.4457986E-03  -1.3011691E-02  -4.2480819E-02  -1.0317037E-01   2.8046219E-05  -6.8031630E-04   4.6381856E-03  -1.1103284E-03   7.6030140E-03   7.1359055E-02  -1.0059372E-05  -7.2081741E-06
  2.9793297E-09  -3.7576540E-08  -3.3756897E-09  -2.4122836E-09  -7.4177584E-07   3.0861565E-08  -3.1559858E-08  -3.7825267E-08  -3.5659258E-04   2.7848118E-06   1.2354517E-04   4.3488197E-03   2.4225301E-05   4.2216572E-04   5.9755799E-04  -1.5476347E-04   1.4353352E-04  -1.3305125E-04   9.2138937E-05   3.0502219E-04   2.0132432E-06   1.0833897E-06  -6.7518850E-07   5.4476588E-07  -3.9510426E-06  -1.0059372E-05   3.9874802E-07  -1.5860417E-08
  1.6858127E-09   3.6200764E-09  -8.2699990E-10   3.7627483E-08   8.0894557E-07   7.1733118E-08  -1.4451265E-08   3.2526193E-08   1.0811789E-03  -2.6296049E-06  -4.9979212E-05   3.3833005E-04   2.2820110E-05  -3.7725970E-04  -1.7170465E-03  -1.0683457E-06   5.3246592E-05  -2.8599428E-05   2.4910766E-04   5.2857117E-04  -7.1777182E-07   8.5915058E-08  -6.8872452E-07  -5.1512800E-07  -2.8964122E-06  -7.2081741E-06  -1.5860417E-08   3.8100151E-07
