# omegabh2 omegach2 theta tau mnu logA ns calPlanck
  8.5631124E-07  -1.9697565E-06   3.1484201E-08   1.4974277E-06   1.1300887E-04   9.4636640E-06   4.2657411E-06   5.6210490E-08
 -1.9697565E-06   9.0222720E-06  -1.6890142E-07  -4.4069863E-06  -4.7077214E-04  -5.8806390E-06  -1.8938324E-05  -8.6144910E-08
  3.1484201E-08  -1.6890142E-07   6.4757331E-07   1.9707001E-07   2.9113926E-05  -5.3149802E-07   1.0534838E-06  -5.1079092E-08
  1.4974277E-06  -4.4069863E-06   1.9707001E-07   3.9827443E-05   2.3754629E-04   8.7606774E-05   1.3258741E-05   1.6405104E-07
  1.1300887E-04  -4.7077214E-04   2.9113926E-05   2.3754629E-04   3.2298753E-02   4.5280797E-04   1.0004620E-03   4.3741446E-06
  9.4636640E-06  -5.8806390E-06  -5.3149802E-07   8.7606774E-05   4.5280797E-04   3.5651807E-04   3.3515187E-05   1.3410197E-05
  4.2657411E-06  -1.8938324E-05   1.0534838E-06   1.3258741E-05   1.0004620E-03   3.3515187E-05   1.2943574E-04  -6.0335065E-07
  5.6210490E-08  -8.6144910E-08  -5.1079092E-08   1.6405104E-07   4.3741446E-06   1.3410197E-05  -6.0335065E-07   6.1960450E-06
