# omegabh2 omegach2 theta tau w logA ns calPlanck acib217 xi asz143 aps100 aps143 aps143217 aps217 aksz kgal100 kgal143 kgal143217 kgal217 cal0 cal2
  4.2171256E-08  -1.0523261E-07   2.8667230E-08   2.2961417E-07   2.5006172E-06   3.4335423E-07   3.8440389E-07   1.6607990E-08  -1.3698972E-04   1.7641240E-06   4.4456618E-05  -8.0650913E-04  -4.5553621E-04  -1.7661680E-04  -5.4647556E-05  -6.0647955E-05   3.1780816E-06  -3.9763784E-06  -2.7141398E-06   4.2967196E-05  -1.9077801E-09  -2.2981129E-09
 -1.0523261E-07   2.4404906E-06  -1.6287919E-07  -1.8709322E-06  -3.8809777E-05   1.8363508E-06  -5.3844248E-06  -1.9391087E-07  -2.4243955E-06   3.9491952E-06  -6.4505082E-05   7.1027392E-04   6.9351572E-04   5.0122341E-04   4.5764432E-04   3.4291338E-05  -2.9762251E-05   1.3730318E-05  -2.8275381E-05  -5.4305287E-05  -2.8995054E-09  -9.4131305E-09
  2.8667230E-08  -1.6287919E-07   1.9099314E-07   1.8116956E-07   4.9748004E-06   2.2315915E-07   6.5415012E-07   3.5215045E-08  -4.6667418E-05  -1.3914592E-06   2.5380503E-05  -3.7052395E-04  -1.3594601E-04  -6.4957014E-05  -4.6973330E-06  -1.8018179E-05   1.0529269E-05  -9.1482062E-06   1.6920320E-05   6.2186209E-05   3.1665828E-12   5.5842702E-10
  2.2961417E-07  -1.8709322E-06   1.8116956E-07   4.6157790E-05   3.3101408E-05   8.7442949E-05   6.5289198E-06  -1.4692820E-07  -1.5700063E-03  -2.1973450E-05   7.2884231E-04  -1.0082717E-02  -4.1604155E-03  -1.0602299E-03   6.3865359E-04  -1.1378805E-03  -8.3685466E-05  -3.3376281E-04  -2.2651748E-06   7.0797633E-04   3.9060777E-08   1.3716817E-08
  2.5006172E-06  -3.8809777E-05   4.9748004E-06   3.3101408E-05   1.3059982E-03  -2.4291483E-05   9.2889180E-05   8.2127786E-07  -3.9376359E-03  -9.1737690E-05   2.1608680E-03  -2.7359168E-02  -2.0582881E-02  -1.1669760E-02  -6.6262076E-03  -1.7670610E-03   6.6503095E-04  -3.1601044E-04   1.3176764E-03   4.1021996E-03   1.1721017E-07   3.6623835E-07
  3.4335423E-07   1.8363508E-06   2.2315915E-07   8.7442949E-05  -2.4291483E-05   2.0749842E-04  -7.7402809E-07   1.2090420E-05  -3.9863295E-03   2.9598603E-05   1.1802123E-03  -1.4826940E-02  -4.9958666E-03   2.1445052E-03   9.1713294E-03  -2.9652272E-03  -5.5762110E-04  -1.3688678E-03  -8.0025132E-04   2.7884468E-03   2.5373562E-07  -1.5078396E-08
  3.8440389E-07  -5.3844248E-06   6.5415012E-07   6.5289198E-06   9.2889180E-05  -7.7402809E-07   2.2623673E-05   4.4047790E-07  -4.5439310E-03   7.2234626E-05   1.2061311E-03  -2.5775767E-02  -8.1194463E-03   4.6962560E-04   3.9928121E-03  -2.3956259E-03   4.5552045E-04  -3.9015712E-04  -1.5806919E-04   1.7017117E-03  -1.1625496E-07  -5.6582261E-08
  1.6607990E-08  -1.9391087E-07   3.5215045E-08  -1.4692820E-07   8.2127786E-07   1.2090420E-05   4.4047790E-07   6.3613168E-06   4.5006175E-04   6.4385298E-06  -6.2293794E-05   4.3246357E-03   7.8854302E-04   5.3649397E-04   1.6394673E-03   5.3732265E-05   6.2071869E-07  -5.6293725E-05  -6.7625007E-05   8.4508415E-04   7.7916053E-09  -1.2898964E-09
 -1.3698972E-04  -2.4243955E-06  -4.6667418E-05  -1.5700063E-03  -3.9376359E-03  -3.9863295E-03  -4.5439310E-03   4.5006175E-04   4.3505893E+01  -3.9186613E-01  -8.2251041E-01   3.5867014E+01   1.4543214E+00  -1.3224232E+01  -5.3547790E+01   7.7519910E-03  -8.9007484E-02   5.5969746E-01  -5.5261607E+00  -3.2142757E+01  -1.6294877E-04   7.3038291E-04
  1.7641240E-06   3.9491952E-06  -1.3914592E-06  -2.1973450E-05  -9.1737690E-05   2.9598603E-05   7.2234626E-05   6.4385298E-06  -3.9186613E-01   8.1995631E-02  -5.2039690E-02  -5.6401197E-01   8.9849629E-01   1.6256897E+00   6.0702131E-01   5.1280375E-02  -1.9686546E-03   4.7474282E-03   9.9237015E-02   1.3887019E-01   5.3846787E-06  -1.6183097E-06
  4.4456618E-05  -6.4505082E-05   2.5380503E-05   7.2884231E-04   2.1608680E-03   1.1802123E-03   1.2061311E-03  -6.2293794E-05  -8.2251041E-01  -5.2039690E-02   4.0088620E+00  -3.0758129E+01  -3.6515667E+00   7.6609025E+00   5.2855389E+00  -2.9436593E+00  -2.2013081E-01   2.2233932E-01   2.8492582E+00   3.4913450E+00   1.2010729E-04  -4.5669871E-05
 -8.0650913E-04   7.1027392E-04  -3.7052395E-04  -1.0082717E-02  -2.7359168E-02  -1.4826940E-02  -2.5775767E-02   4.3246357E-03   3.5867014E+01  -5.6401197E-01  -3.0758129E+01   7.8502666E+02   7.3462544E+01  -5.2393007E+01  -5.8293622E+01   1.4948891E+01  -6.7902689E+00   5.7752566E+00  -1.2851424E+01  -2.4047612E+01   3.6085383E-03   5.5714819E-04
 -4.5553621E-04   6.9351572E-04  -1.3594601E-04  -4.1604155E-03  -2.0582881E-02  -4.9958666E-03  -8.1194463E-03   7.8854302E-04   1.4543214E+00   8.9849629E-01  -3.6515667E+00   7.3462544E+01   6.4686484E+01   4.1521406E+01   1.8106132E+01  -4.9604525E+00  -7.1438080E-01  -1.4065884E+00   3.2655336E+00   4.3283550E+00   1.3031402E-04   9.2537655E-05
 -1.7661680E-04   5.0122341E-04  -6.4957014E-05  -1.0602299E-03  -1.1669760E-02   2.1445052E-03   4.6962560E-04   5.3649397E-04  -1.3224232E+01   1.6256897E+00   7.6609025E+00  -5.2393007E+01   4.1521406E+01   8.5059989E+01   5.4852676E+01  -1.2492308E+01  -9.2608246E-01  -6.9836085E-01   5.2346935E+00   8.8789358E+00   4.8302375E-04  -4.0652906E-04
 -5.4647556E-05   4.5764432E-04  -4.6973330E-06   6.3865359E-04  -6.6262076E-03   9.1713294E-03   3.9928121E-03   1.6394673E-03  -5.3547790E+01   6.0702131E-01   5.2855389E+00  -5.8293622E+01   1.8106132E+01   5.4852676E+01   1.0367005E+02  -1.0035131E+01  -4.3758534E-01  -1.3755508E+00   5.3329304E+00   3.2360636E+01   4.1978193E-04  -1.3446534E-03
 -6.0647955E-05   3.4291338E-05  -1.8018179E-05  -1.1378805E-03  -1.7670610E-03  -2.9652272E-03  -2.3956259E-03   5.3732265E-05   7.7519910E-03   5.1280375E-02  -2.9436593E+00   1.4948891E+01  -4.9604525E+00  -1.2492308E+01  -1.0035131E+01   6.3547108E+00   1.6330243E-01  -2.2094578E-01  -2.2952438E+00  -2.5901972E+00  -8.5408895E-05   1.9877208E-05
  3.1780816E-06  -2.9762251E-05   1.0529269E-05  -8.3685466E-05   6.6503095E-04  -5.5762110E-04   4.5552045E-04   6.2071869E-07  -8.9007484E-02  -1.9686546E-03  -2.2013081E-01  -6.7902689E+00  -7.1438080E-01  -9.2608246E-01  -4.3758534E-01   1.6330243E-01   3.3422693E+00   5.6927478E-01   1.2470619E-01   1.3899657E-01   1.6200277E-04  -2.3142449E-05
 -3.9763784E-06   1.3730318E-05  -9.1482062E-06  -3.3376281E-04  -3.1601044E-04  -1.3688678E-03  -3.9015712E-04  -5.6293725E-05   5.5969746E-01   4.7474282E-03   2.2233932E-01   5.7752566E+00  -1.4065884E+00  -6.9836085E-01  -1.3755508E+00  -2.2094578E-01   5.6927478E-01   3.2452549E+00   2.8386471E+00   2.8976345E+00  -1.8431693E-04  -4.1677285E-05
 -2.7141398E-06  -2.8275381E-05   1.6920320E-05  -2.2651748E-06   1.3176764E-03  -8.0025132E-04  -1.5806919E-04  -6.7625007E-05  -5.5261607E+00   9.9237015E-02   2.8492582E+00  -1.2851424E+01   3.2655336E+00   5.2346935E+00   5.3329304E+00  -2.2952438E+00   1.2470619E-01   2.8386471E+00   1.1025782E+01   1.9284752E+01  -4.9577568E-07   4.0193735E-04
  4.2967196E-05  -5.4305287E-05   6.2186209E-05   7.0797633E-04   4.1021996E-03   2.7884468E-03   1.7017117E-03   8.4508415E-04  -3.2142757E+01   1.3887019E-01   3.4913450E+00  -2.4047612E+01   4.3283550E+00   8.8789358E+00   3.2360636E+01  -2.5901972E+00   1.3899657E-01   2.8976345E+00   1.9284752E+01   5.2496340E+01   8.3645301E-05   8.8941564E-04
 -1.9077801E-09  -2.8995054E-09   3.1665828E-12   3.9060777E-08   1.1721017E-07   2.5373562E-07  -1.1625496E-07   7.7916053E-09  -1.6294877E-04   5.3846787E-06   1.2010729E-04   3.6085383E-03   1.3031402E-04   4.8302375E-04   4.1978193E-04  -8.5408895E-05   1.6200277E-04  -1.8431693E-04  -4.9577568E-07   8.3645301E-05   3.7773199E-07   1.1460372E-09
 -2.2981129E-09  -9.4131305E-09   5.5842702E-10   1.3716817E-08   3.6623835E-07  -1.5078396E-08  -5.6582261E-08  -1.2898964E-09   7.3038291E-04  -1.6183097E-06  -4.5669871E-05   5.5714819E-04   9.2537655E-05  -4.0652906E-04  -1.3446534E-03   1.9877208E-05  -2.3142449E-05  -4.1677285E-05   4.0193735E-04   8.8941564E-04   1.1460372E-09   3.8916005E-07
