# omegam omegab H0 A ns DES_b1 DES_b2 DES_b3 DES_b4 DES_b5 DES_m1 DES_m2 DES_m3 DES_m4 DES_AIA DES_alphaIA DES_DzL1 DES_DzL2 DES_DzL3 DES_DzL4 DES_DzL5 DES_DzS1 DES_DzS2 DES_DzS3 DES_DzS4
  2.1965917E-04  -1.1569333E-05   7.2852363E-03  -4.1501632E-03  -6.2793981E-04   3.7670672E-04   3.9532126E-04   3.5826747E-04   4.5508974E-04   5.0263718E-04  -3.0543137E-06  -8.7068921E-06  -2.8669192E-05  -2.4831502E-05  -1.9564083E-04  -2.0112667E-03  -4.7831702E-07   5.9912641E-07   1.2479904E-06  -5.0376005E-07  -1.6483714E-06  -2.5667391E-06  -5.4620543E-06  -1.1367302E-05  -1.9854398E-05
 -1.1569333E-05   2.8623350E-06  -1.5040586E-03   3.4794673E-04   5.0919168E-05  -1.5400252E-05  -1.7028474E-05  -1.4954326E-05  -2.0549009E-05  -2.5245839E-05   1.5168827E-08   2.7395750E-07   1.7404390E-06   1.2462960E-06   7.9668917E-06   1.6684529E-04  -1.7261060E-08   3.0710363E-08   1.5229454E-07  -4.7664311E-08  -8.8264844E-08   2.5556444E-07   2.6024382E-07   9.1871207E-07   1.2912249E-06
  7.2852363E-03  -1.5040586E-03   1.2990396E+00  -2.3358534E-01  -3.3523065E-02   9.4950460E-03   1.0284084E-02   8.7411820E-03   1.2163869E-02   1.5662008E-02   6.0390953E-06  -2.0499662E-04  -1.2479829E-03  -9.0693186E-04  -6.6684801E-03  -7.7412923E-02   2.2871599E-07   1.9138184E-05  -2.9213126E-05   9.6538966E-06   2.3875648E-05  -2.2167549E-04  -2.1995231E-04  -4.6553910E-04  -1.0166039E-03
 -4.1501632E-03   3.4794673E-04  -2.3358534E-01   9.5211219E-02   1.4498606E-02  -8.2085991E-03  -9.1731458E-03  -8.4015664E-03  -1.0442897E-02  -1.1149499E-02   6.8277781E-05   1.4366395E-04   3.9480753E-04   2.7484615E-04   4.0665458E-03   2.9008595E-02  -4.7441692E-06  -5.1070902E-06  -2.3905114E-06   1.0549899E-05   7.9702101E-06   5.5702109E-05   8.1421575E-05   1.3241857E-04   2.2728084E-04
 -6.2793981E-04   5.0919168E-05  -3.3523065E-02   1.4498606E-02   2.6430330E-03  -1.2973510E-03  -1.4805821E-03  -1.3489859E-03  -1.6053110E-03  -1.5677973E-03   1.5449205E-05   1.7232933E-05   3.7282725E-05   2.1877806E-05   7.3522551E-04   3.8974518E-03  -1.6698022E-06   1.6176865E-06  -2.6801362E-07  -8.5087576E-07  -5.2054456E-06   8.7809838E-06   7.9428464E-06   5.6346049E-06   1.0303751E-05
  3.7670672E-04  -1.5400252E-05   9.4950460E-03  -8.2085991E-03  -1.2973510E-03   6.5149223E-03   1.1541346E-03   1.0956645E-03   1.3363817E-03   1.3594322E-03   6.6471244E-07  -8.3728028E-06   3.0210732E-05   2.1035822E-05  -6.8588030E-04   7.6337597E-03   1.3797214E-04  -8.0589991E-07   2.1563850E-06  -1.8563447E-06  -2.0376175E-06   1.9560489E-05   2.1265642E-05   2.8916947E-06   2.0149216E-05
  3.9532126E-04  -1.7028474E-05   1.0284084E-02  -9.1731458E-03  -1.4805821E-03   1.1541346E-03   3.9574018E-03   1.3076304E-03   1.5499440E-03   1.5023008E-03  -3.8748109E-07  -2.2199095E-06   2.2868664E-05   3.3865511E-05  -8.1144182E-04   3.1068046E-03   8.6888080E-06   7.0864182E-05  -9.0785195E-07  -4.0281359E-06  -1.9589245E-06   7.0692768E-06   5.6777707E-06   1.6728393E-05   2.2126101E-05
  3.5826747E-04  -1.4954326E-05   8.7411820E-03  -8.4015664E-03  -1.3489859E-03   1.0956645E-03   1.3076304E-03   2.9098487E-03   1.4379558E-03   1.4197916E-03  -1.3013916E-05  -4.4778859E-06   1.0847514E-05   2.5684977E-05  -4.5169794E-04   1.8292268E-03   3.1394961E-06  -1.6842329E-06   5.5904539E-05  -3.4833736E-06  -6.9687409E-06  -1.5609892E-05   2.3042035E-06   2.4929487E-05   4.0448072E-05
  4.5508974E-04  -2.0549009E-05   1.2163869E-02  -1.0442897E-02  -1.6053110E-03   1.3363817E-03   1.5499440E-03   1.4379558E-03   4.0220105E-03   1.7438868E-03  -2.0825648E-05  -1.2091373E-05   1.0666483E-06   2.6956262E-05  -9.1418996E-04  -2.9131029E-03   4.1621906E-06  -1.2953362E-07  -3.2319537E-06   1.0221986E-04  -7.3596719E-06   4.5689721E-06  -1.0356210E-05   1.7072044E-05   5.4629441E-05
  5.0263718E-04  -2.5245839E-05   1.5662008E-02  -1.1149499E-02  -1.5677973E-03   1.3594322E-03   1.5023008E-03   1.4197916E-03   1.7438868E-03   7.0416791E-03  -7.2081420E-06  -3.7818728E-05   7.4063713E-07  -1.2873608E-05  -5.1244164E-04  -5.0327947E-03   3.0909923E-06   3.4815041E-06   3.8483229E-06  -3.8074598E-06   1.2557490E-04   2.2547976E-06   5.7178838E-06  -1.1824219E-05   1.1450251E-06
 -3.0543137E-06   1.5168827E-08   6.0390953E-06   6.8277781E-05   1.5449205E-05   6.6471244E-07  -3.8748109E-07  -1.3013916E-05  -2.0825648E-05  -7.2081420E-06   5.1005329E-04  -6.0742005E-07  -8.2141076E-06  -4.2971898E-06   9.5938771E-05  -2.1918415E-03   3.0348984E-06  -2.0944129E-06   6.9683472E-07  -2.4216794E-06  -1.7372668E-07  -2.1527303E-05   4.5288200E-07  -9.9205141E-08  -3.0795816E-06
 -8.7068921E-06   2.7395750E-07  -2.0499662E-04   1.4366395E-04   1.7232933E-05  -8.3728028E-06  -2.2199095E-06  -4.4778859E-06  -1.2091373E-05  -3.7818728E-05  -6.0742005E-07   5.0866923E-04   9.5632019E-06   7.3466554E-06   2.3994269E-04  -2.2795637E-03   6.1977880E-07   1.5311118E-06   2.5286050E-07  -1.9012140E-06   3.0306659E-06   1.2745270E-05  -2.2181636E-05   3.6834499E-06  -4.0327898E-07
 -2.8669192E-05   1.7404390E-06  -1.2479829E-03   3.9480753E-04   3.7282725E-05   3.0210732E-05   2.2868664E-05   1.0847514E-05   1.0666483E-06   7.4063713E-07  -8.2141076E-06   9.5632019E-06   4.4960982E-04   2.8180354E-05  -6.5777050E-05   2.0184809E-03  -1.8321317E-06   4.5599731E-06   5.5538799E-06   2.0164552E-06   5.1480556E-08   7.5145374E-06   9.5310501E-06  -3.2430422E-05   1.9218897E-05
 -2.4831502E-05   1.2462960E-06  -9.0693186E-04   2.7484615E-04   2.1877806E-05   2.1035822E-05   3.3865511E-05   2.5684977E-05   2.6956262E-05  -1.2873608E-05  -4.2971898E-06   7.3466554E-06   2.8180354E-05   4.5760341E-04  -1.6874033E-04   8.6229054E-04   1.8987163E-07  -2.9398751E-07   1.2681968E-06   4.9466612E-07  -1.9257671E-06   3.8112399E-07   2.8194155E-06   1.1382730E-05  -7.4120411E-05
 -1.9564083E-04   7.9668917E-06  -6.6684801E-03   4.0665458E-03   7.3522551E-04  -6.8588030E-04  -8.1144182E-04  -4.5169794E-04  -9.1418996E-04  -5.1244164E-04   9.5938771E-05   2.3994269E-04  -6.5777050E-05  -1.6874033E-04   3.2413275E-02   1.2596766E-01  -4.7858861E-05  -8.3969117E-05   3.5738010E-05  -1.8481011E-04  -4.7724839E-05   2.5020718E-04   2.4228543E-04   1.8645879E-04  -9.2175715E-05
 -2.0112667E-03   1.6684529E-04  -7.7412923E-02   2.9008595E-02   3.8974518E-03   7.6337597E-03   3.1068046E-03   1.8292268E-03  -2.9131029E-03  -5.0327947E-03  -2.1918415E-03  -2.2795637E-03   2.0184809E-03   8.6229054E-04   1.2596766E-01   6.2130782E+00   1.8023870E-03   8.4394869E-04   2.3776108E-04  -1.1773124E-03  -8.3047278E-04  -9.4728228E-03  -1.8795121E-03   2.0467177E-03   8.7715234E-04
 -4.7831702E-07  -1.7261060E-08   2.2871599E-07  -4.7441692E-06  -1.6698022E-06   1.3797214E-04   8.6888080E-06   3.1394961E-06   4.1621906E-06   3.0909923E-06   3.0348984E-06   6.1977880E-07  -1.8321317E-06   1.8987163E-07  -4.7858861E-05   1.8023870E-03   5.9644008E-05   9.7318967E-07  -1.7065920E-07  -6.5168511E-07  -1.4712387E-07   5.9679501E-06  -2.7536976E-07   2.4622370E-07  -1.5706876E-06
  5.9912641E-07   3.0710363E-08   1.9138184E-05  -5.1070902E-06   1.6176865E-06  -8.0589991E-07   7.0864182E-05  -1.6842329E-06  -1.2953362E-07   3.4815041E-06  -2.0944129E-06   1.5311118E-06   4.5599731E-06  -2.9398751E-07  -8.3969117E-05   8.4394869E-04   9.7318967E-07   4.4978474E-05   8.2558288E-07  -1.4854983E-07   1.5517208E-07   3.1318751E-07   3.1447818E-06   5.0953674E-07  -4.4476847E-07
  1.2479904E-06   1.5229454E-07  -2.9213126E-05  -2.3905114E-06  -2.6801362E-07   2.1563850E-06  -9.0785195E-07   5.5904539E-05  -3.2319537E-06   3.8483229E-06   6.9683472E-07   2.5286050E-07   5.5538799E-06   1.2681968E-06   3.5738010E-05   2.3776108E-04  -1.7065920E-07   8.2558288E-07   4.4487949E-05   1.2393371E-06  -4.2058135E-07  -2.7060714E-06   4.6966690E-06   4.6203103E-06  -3.7745685E-07
 -5.0376005E-07  -4.7664311E-08   9.6538966E-06   1.0549899E-05  -8.5087576E-07  -1.8563447E-06  -4.0281359E-06  -3.4833736E-06   1.0221986E-04  -3.8074598E-06  -2.4216794E-06  -1.9012140E-06   2.0164552E-06   4.9466612E-07  -1.8481011E-04  -1.1773124E-03  -6.5168511E-07  -1.4854983E-07   1.2393371E-06   8.1880605E-05   1.7995835E-06   7.5231852E-07  -3.9822289E-07   8.5215396E-06   1.0655451E-05
 -1.6483714E-06  -8.8264844E-08   2.3875648E-05   7.9702101E-06  -5.2054456E-06  -2.0376175E-06  -1.9589245E-06  -6.9687409E-06  -7.3596719E-06   1.2557490E-04  -1.7372668E-07   3.0306659E-06   5.1480556E-08  -1.9257671E-06  -4.7724839E-05  -8.3047278E-04  -1.4712387E-07   1.5517208E-07  -4.2058135E-07   1.7995835E-06   9.4640766E-05  -7.9429347E-08   7.1622056E-07  -2.9819193E-07   7.8702860E-06
 -2.5667391E-06   2.5556444E-07  -2.2167549E-04   5.5702109E-05   8.7809838E-06   1.9560489E-05   7.0692768E-06  -1.5609892E-05   4.5689721E-06   2.2547976E-06  -2.1527303E-05   1.2745270E-05   7.5145374E-06   3.8112399E-07   2.5020718E-04  -9.4728228E-03   5.9679501E-06   3.1318751E-07  -2.7060714E-06   7.5231852E-07  -7.9429347E-08   2.1511542E-04   1.5348499E-05   5.6089144E-07  -1.6096954E-07
 -5.4620543E-06   2.6024382E-07  -2.1995231E-04   8.1421575E-05   7.9428464E-06   2.1265642E-05   5.6777707E-06   2.3042035E-06  -1.0356210E-05   5.7178838E-06   4.5288200E-07  -2.2181636E-05   9.5310501E-06   2.8194155E-06   2.4228543E-04  -1.8795121E-03  -2.7536976E-07   3.1447818E-06   4.6966690E-06  -3.9822289E-07   7.1622056E-07   1.5348499E-05   1.1854637E-04   5.2911996E-06   4.6691144E-06
 -1.1367302E-05   9.1871207E-07  -4.6553910E-04   1.3241857E-04   5.6346049E-06   2.8916947E-06   1.6728393E-05   2.4929487E-05   1.7072044E-05  -1.1824219E-05  -9.9205141E-08   3.6834499E-06  -3.2430422E-05   1.1382730E-05   1.8645879E-04   2.0467177E-03   2.4622370E-07   5.0953674E-07   4.6203103E-06   8.5215396E-06  -2.9819193E-07   5.6089144E-07   5.2911996E-06   9.6218822E-05   1.7268856E-05
 -1.9854398E-05   1.2912249E-06  -1.0166039E-03   2.2728084E-04   1.0303751E-05   2.0149216E-05   2.2126101E-05   4.0448072E-05   5.4629441E-05   1.1450251E-06  -3.0795816E-06  -4.0327898E-07   1.9218897E-05  -7.4120411E-05  -9.2175715E-05   8.7715234E-04  -1.5706876E-06  -4.4476847E-07  -3.7745685E-07   1.0655451E-05   7.8702860E-06  -1.6096954E-07   4.6691144E-06   1.7268856E-05   3.4624469E-04
