# omegabh2 omegach2 theta tau logA ns nrun calPlanck aps100 aps143 aps217 acib217 asz143 psr cibr xi aksz dust100 dust143 dust217 dust143x217 cal0 cal2 calTE calEE
  2.5790931E-08  -8.2767430E-08   1.4979190E-08   3.3878440E-07   5.9834656E-07   2.3167194E-07  -2.9063860E-07   1.6524024E-09  -1.0649552E-04  -1.8786819E-04  -3.9491684E-05  -5.3070766E-05   6.9613757E-06  -8.3075566E-07   1.3275297E-07   4.1230800E-07  -7.4958695E-06   6.9846880E-07  -9.0742784E-07   6.0975598E-07  -2.8674923E-07   6.9492285E-09   5.0866423E-09  -1.0771705E-07  -2.5992410E-07
 -8.2767430E-08   1.6449438E-06  -1.1640782E-07  -1.9557704E-06   4.1486168E-07  -4.0587463E-06  -1.2417111E-06   3.4673982E-08   9.5690000E-04   1.1384942E-03  -5.7314588E-05   3.7464267E-04  -1.0680753E-04  -2.5414807E-07   9.1727276E-06   7.8952352E-06   1.8178038E-04  -1.3861425E-05   1.2174647E-05  -3.1736969E-06  -5.5017405E-08  -5.1981733E-08  -1.0643735E-08  -4.8978027E-07  -7.1688522E-07
  1.4979190E-08  -1.1640782E-07   9.1719407E-08   2.6612723E-07   3.5906160E-07   3.8678275E-07   2.8876541E-08   1.0126213E-08  -4.3563806E-05  -4.5070078E-05   4.7192560E-05  -2.5609987E-05   5.8973503E-06  -8.6462539E-07   1.1965205E-06   9.6478025E-08  -1.7862285E-05   4.1152978E-07  -5.4588887E-07   4.4752679E-07  -5.6409923E-07  -1.2566430E-09   9.5287386E-09  -5.1294324E-08   5.6124463E-09
  3.3878440E-07  -1.9557704E-06   2.6612723E-07   7.0368884E-05   1.3706550E-04   6.4132487E-06  -1.1844015E-05  -7.0401775E-07  -5.5584540E-03  -1.0074044E-03  -6.5623740E-04  -6.4055614E-04   1.8962938E-04  -4.2471115E-06  -1.2601576E-05   4.3056170E-05  -4.7952545E-04   4.5470584E-05  -2.8156197E-05   2.0143346E-05   3.5642691E-05   1.2211797E-07   3.3955882E-07  -4.6146737E-06  -3.3419849E-06
  5.9834656E-07   4.1486168E-07   3.5906160E-07   1.3706550E-04   3.0934442E-04  -1.7872786E-06  -3.7481958E-05   1.1183340E-05   6.4743978E-03   6.8472025E-03   1.9500857E-03   1.5354699E-03  -2.2720775E-04  -9.2202552E-06  -3.2275310E-05   1.3361432E-04  -5.1620317E-04   9.0872095E-05  -1.3350454E-04   4.6981852E-05   8.7532088E-05   8.2142733E-07   1.0769744E-06  -1.2121383E-05  -6.1907565E-06
  2.3167194E-07  -4.0587463E-06   3.8678275E-07   6.4132487E-06  -1.7872786E-06   2.1510799E-05   1.0806210E-05  -2.8397042E-07  -2.9250498E-02  -1.0712779E-02   1.1340870E-02  -8.8014539E-03   1.0876879E-03   8.2109291E-05  -1.3264759E-04   5.9995253E-05  -2.9322390E-03   4.5601054E-05  -6.6806651E-05   6.1347047E-05  -5.7792353E-06  -2.3215068E-07  -2.8900583E-07   1.6481041E-06  -2.0051597E-06
 -2.9063860E-07  -1.2417111E-06   2.8876541E-08  -1.1844015E-05  -3.7481958E-05   1.0806210E-05   4.5869961E-05  -3.4619260E-07  -3.2937686E-02  -1.3960128E-02   1.3499107E-02  -1.1003749E-02   1.3645921E-03   1.0372473E-04  -1.9018993E-04   5.5066291E-05  -3.2382801E-03  -3.6186641E-05  -2.2285008E-05   6.8742729E-05   1.8470080E-05  -3.7012772E-07  -7.6736382E-07   4.2260749E-06   2.1565336E-06
  1.6524024E-09   3.4673982E-08   1.0126213E-08  -7.0401775E-07   1.1183340E-05  -2.8397042E-07  -3.4619260E-07   6.2058468E-06   3.8939652E-03   1.2478149E-03   3.3099084E-04   1.0584956E-03   6.0536382E-05  -4.6572692E-06   3.0202530E-06   3.7737651E-07  -2.2230394E-05   2.7409047E-05  -4.5378916E-06   1.1441344E-05   1.7364560E-05   3.1366479E-09   1.5269861E-07  -6.0527119E-07   1.9386383E-08
 -1.0649552E-04   9.5690000E-04  -4.3563806E-05  -5.5584540E-03   6.4743978E-03  -2.9250498E-02  -3.2937686E-02   3.8939652E-03   6.1991630E+02   6.7771696E+01  -7.4724640E+01   4.3623719E+01  -2.6314519E+01  -9.1781986E-01  -1.7826764E-02  -1.2356775E-01   1.3367016E+01  -2.4677888E-01   2.2813235E-01  -4.1648292E-01  -2.8896376E-01   6.6630003E-03   3.0943174E-03   1.2852476E-03   8.3516445E-03
 -1.8786819E-04   1.1384942E-03  -4.5070078E-05  -1.0074044E-03   6.8472025E-03  -1.0712779E-02  -1.3960128E-02   1.2478149E-03   6.7771696E+01   7.1788639E+01   7.2269834E+00   8.6813594E+00  -6.5438605E-01  -3.2204465E-02   4.5599799E-01   8.7840557E-01  -7.9668305E+00   4.0117580E-03  -1.8705531E-01   4.6648769E-02   1.0229232E-01   6.5800546E-04   6.4809937E-04  -1.2786020E-03   4.4911291E-03
 -3.9491684E-05  -5.7314588E-05   4.7192560E-05  -6.5623740E-04   1.9500857E-03   1.1340870E-02   1.3499107E-02   3.3099084E-04  -7.4724640E+01   7.2269834E+00   1.9107730E+02  -9.1577769E+01   3.3400999E+00   5.1993491E-01  -1.2107242E+00   4.8406629E-01  -8.8215038E+00  -2.1163106E-02  -3.4164309E-01   6.2286728E-01   4.5229432E-02   1.5239881E-03  -8.0964454E-03   2.8843970E-03   3.4538023E-03
 -5.3070766E-05   3.7464267E-04  -2.5609987E-05  -6.4055614E-04   1.5354699E-03  -8.8014539E-03  -1.1003749E-02   1.0584956E-03   4.3623719E+01   8.6813594E+00  -9.1577769E+01   5.6167268E+01   1.0248374E+00  -1.3593754E-01   7.7164036E-01  -3.1990318E-01  -1.1903479E+00   2.0069209E-02   2.0679130E-01  -4.7925288E-01  -1.1401449E-01  -4.8984969E-04   3.2916866E-03  -2.1359637E-03  -5.6423033E-04
  6.9613757E-06  -1.0680753E-04   5.8973503E-06   1.8962938E-04  -2.2720775E-04   1.0876879E-03   1.3645921E-03   6.0536382E-05  -2.6314519E+01  -6.5438605E-01   3.3400999E+00   1.0248374E+00   4.3500199E+00   1.0749129E-01   1.4184390E-01  -3.9950425E-02  -3.5783656E+00   2.9712937E-03   2.4529268E-03   2.0448719E-02   6.5271233E-02   4.0015677E-04  -2.1280463E-04  -2.0605854E-04  -5.1288415E-04
 -8.3075566E-07  -2.5414807E-07  -8.6462539E-07  -4.2471115E-06  -9.2202552E-06   8.2109291E-05   1.0372473E-04  -4.6572692E-06  -9.1781986E-01  -3.2204465E-02   5.1993491E-01  -1.3593754E-01   1.0749129E-01   1.8186776E-02  -1.8685469E-02   1.2954595E-02  -1.1617750E-01  -1.0950382E-03  -1.1735907E-03  -2.0628100E-03   5.6929331E-03   1.5584996E-05  -4.6734788E-05   6.1390128E-06   1.7540429E-06
  1.3275297E-07   9.1727276E-06   1.1965205E-06  -1.2601576E-05  -3.2275310E-05  -1.3264759E-04  -1.9018993E-04   3.0202530E-06  -1.7826764E-02   4.5599799E-01  -1.2107242E+00   7.7164036E-01   1.4184390E-01  -1.8685469E-02   6.8792400E-02   2.4001635E-03  -1.2869571E-01   1.8430132E-03   7.8928566E-03   9.1874644E-05  -1.6548373E-02  -7.0454044E-06   1.0077970E-04  -5.8161433E-05  -5.3818774E-05
  4.1230800E-07   7.8952352E-06   9.6478025E-08   4.3056170E-05   1.3361432E-04   5.9995253E-05   5.5066291E-05   3.7737651E-07  -1.2356775E-01   8.7840557E-01   4.8406629E-01  -3.1990318E-01  -3.9950425E-02   1.2954595E-02   2.4001635E-03   8.2077279E-02   1.4139460E-02  -2.3544252E-04   1.4776501E-03   1.4128722E-03   1.5890706E-03   8.8876901E-06  -2.2027712E-05  -3.3724216E-05  -2.0649817E-05
 -7.4958695E-06   1.8178038E-04  -1.7862285E-05  -4.7952545E-04  -5.1620317E-04  -2.9322390E-03  -3.2382801E-03  -2.2230394E-05   1.3367016E+01  -7.9668305E+00  -8.8215038E+00  -1.1903479E+00  -3.5783656E+00  -1.1617750E-01  -1.2869571E-01   1.4139460E-02   7.4275360E+00  -3.5203046E-03  -2.3992613E-03  -2.0704199E-02  -6.6613172E-02  -2.7086510E-04   1.4890300E-04  -1.7927043E-04   1.2148743E-04
  6.9846880E-07  -1.3861425E-05   4.1152978E-07   4.5470584E-05   9.0872095E-05   4.5601054E-05  -3.6186641E-05   2.7409047E-05  -2.4677888E-01   4.0117580E-03  -2.1163106E-02   2.0069209E-02   2.9712937E-03  -1.0950382E-03   1.8430132E-03  -2.3544252E-04  -3.5203046E-03   3.9863708E-02   3.2704426E-03   2.3720490E-04   5.9471523E-04   4.0116912E-05  -7.4839173E-06   2.8141815E-06  -2.1197751E-05
 -9.0742784E-07   1.2174647E-05  -5.4588887E-07  -2.8156197E-05  -1.3350454E-04  -6.6806651E-05  -2.2285008E-05  -4.5378916E-06   2.2813235E-01  -1.8705531E-01  -3.4164309E-01   2.0679130E-01   2.4529268E-03  -1.1735907E-03   7.8928566E-03   1.4776501E-03  -2.3992613E-03   3.2704426E-03   3.1520806E-02  -1.1141838E-03   5.4161921E-03  -8.0031760E-05  -4.5050018E-05  -1.2549598E-04  -1.3243682E-04
  6.0975598E-07  -3.1736969E-06   4.4752679E-07   2.0143346E-05   4.6981852E-05   6.1347047E-05   6.8742729E-05   1.1441344E-05  -4.1648292E-01   4.6648769E-02   6.2286728E-01  -4.7925288E-01   2.0448719E-02  -2.0628100E-03   9.1874644E-05   1.4128722E-03  -2.0704199E-02   2.3720490E-04  -1.1141838E-03   1.1063856E-02   8.4809310E-03   2.3069188E-06   6.4952973E-05   2.1195129E-05   5.5112514E-06
 -2.8674923E-07  -5.5017405E-08  -5.6409923E-07   3.5642691E-05   8.7532088E-05  -5.7792353E-06   1.8470080E-05   1.7364560E-05  -2.8896376E-01   1.0229232E-01   4.5229432E-02  -1.1401449E-01   6.5271233E-02   5.6929331E-03  -1.6548373E-02   1.5890706E-03  -6.6613172E-02   5.9471523E-04   5.4161921E-03   8.4809310E-03   2.5750997E-02  -4.7721002E-06   5.7422743E-05  -2.9555808E-05  -7.6389079E-06
  6.9492285E-09  -5.1981733E-08  -1.2566430E-09   1.2211797E-07   8.2142733E-07  -2.3215068E-07  -3.7012772E-07   3.1366479E-09   6.6630003E-03   6.5800546E-04   1.5239881E-03  -4.8984969E-04   4.0015677E-04   1.5584996E-05  -7.0454044E-06   8.8876901E-06  -2.7086510E-04   4.0116912E-05  -8.0031760E-05   2.3069188E-06  -4.7721002E-06   1.1013133E-06   3.1888317E-08   5.0656141E-07   6.5068331E-07
  5.0866423E-09  -1.0643735E-08   9.5287386E-09   3.3955882E-07   1.0769744E-06  -2.8900583E-07  -7.6736382E-07   1.5269861E-07   3.0943174E-03   6.4809937E-04  -8.0964454E-03   3.2916866E-03  -2.1280463E-04  -4.6734788E-05   1.0077970E-04  -2.2027712E-05   1.4890300E-04  -7.4839173E-06  -4.5050018E-05   6.4952973E-05   5.7422743E-05   3.1888317E-08   2.5279151E-06   2.6788240E-07   2.7910081E-07
 -1.0771705E-07  -4.8978027E-07  -5.1294324E-08  -4.6146737E-06  -1.2121383E-05   1.6481041E-06   4.2260749E-06  -6.0527119E-07   1.2852476E-03  -1.2786020E-03   2.8843970E-03  -2.1359637E-03  -2.0605854E-04   6.1390128E-06  -5.8161433E-05  -3.3724216E-05  -1.7927043E-04   2.8141815E-06  -1.2549598E-04   2.1195129E-05  -2.9555808E-05   5.0656141E-07   2.6788240E-07   2.5443408E-05   8.9445359E-06
 -2.5992410E-07  -7.1688522E-07   5.6124463E-09  -3.3419849E-06  -6.1907565E-06  -2.0051597E-06   2.1565336E-06   1.9386383E-08   8.3516445E-03   4.4911291E-03   3.4538023E-03  -5.6423033E-04  -5.1288415E-04   1.7540429E-06  -5.3818774E-05  -2.0649817E-05   1.2148743E-04  -2.1197751E-05  -1.3243682E-04   5.5112514E-06  -7.6389079E-06   6.5068331E-07   2.7910081E-07   8.9445359E-06   2.3812287E-05
