# omegabh2 omegach2 theta tau logA ns r calPlanck acib217 xi asz143 aps100 aps143 aps143217 aps217 aksz kgal100 kgal143 kgal143217 kgal217 galfEE100 galfEE100143 galfEE100217 galfEE143 galfEE143217 galfEE217 galfTE100 galfTE100143 galfTE100217 galfTE143 galfTE143217 galfTE217 cal0 cal2
    0.1985775E-07   -0.6496629E-07    0.1268274E-07    0.6079532E-06    0.1162178E-05    0.1998917E-06   -0.3877748E-07    0.1170248E-07   -0.1122963E-03    0.2530742E-05    0.2439998E-04   -0.3753774E-03   -0.2001721E-03   -0.1475397E-04    0.6896203E-04   -0.3957259E-04   -0.7850406E-05   -0.9232578E-05   -0.1795996E-04    0.2548664E-06    0.1648117E-07    0.2724223E-07    0.6198655E-07    0.3764598E-07    0.1594170E-06    0.3575952E-06   -0.1116697E-06   -0.8111384E-07    0.8864827E-07   -0.3393514E-06   -0.4733077E-06   -0.2503701E-05    0.4826181E-08   -0.1184816E-07
   -0.6496629E-07    0.1120820E-05   -0.6691756E-07   -0.5217931E-05   -0.7780771E-05   -0.2784853E-05   -0.1625868E-05   -0.7283317E-07    0.2144713E-03   -0.4588108E-05   -0.7200015E-04    0.1124929E-02    0.7886515E-03    0.3019051E-03    0.1452435E-03    0.5562040E-04   -0.3992026E-05    0.1683639E-04    0.6542441E-04    0.5912483E-04   -0.3478851E-06   -0.4204598E-06   -0.1882996E-06   -0.4761621E-06   -0.6265378E-06   -0.1984413E-05    0.6649676E-06    0.6809841E-07   -0.8869460E-06    0.7986190E-06    0.1689035E-05    0.9373632E-05   -0.2746811E-08    0.4014585E-07
    0.1268274E-07   -0.6691756E-07    0.8832203E-07    0.5292935E-06    0.1001459E-05    0.2938462E-06   -0.2310817E-06    0.9768959E-08   -0.9137214E-05    0.3474707E-06    0.1088511E-04   -0.8547981E-04   -0.6963117E-04   -0.1851495E-04   -0.1151601E-04   -0.7265146E-05   -0.4858629E-05    0.2003844E-06   -0.2259407E-04   -0.4772656E-04    0.3530657E-07    0.2267615E-07   -0.8795361E-07    0.3530492E-08    0.1334322E-06   -0.5407936E-06    0.2671072E-07   -0.1153123E-06    0.2653121E-07   -0.2048721E-06    0.3070018E-07   -0.1795194E-05    0.1035320E-08   -0.7645987E-08
    0.6079532E-06   -0.5217931E-05    0.5292935E-06    0.2651581E-03    0.5148429E-03    0.2231976E-04   -0.4309265E-04   -0.1487346E-05   -0.1118408E-01    0.2819186E-03    0.2091149E-02   -0.4329340E-01   -0.1228436E-01    0.5168729E-02    0.1121149E-01   -0.4201697E-02   -0.8364474E-03   -0.1301967E-02   -0.3011924E-02   -0.2201384E-02    0.3617154E-06    0.1528547E-05    0.6938449E-05    0.1262484E-05   -0.9426471E-05    0.2782748E-04    0.3175745E-05   -0.3112180E-06    0.3589114E-04   -0.3612767E-05   -0.1205207E-04   -0.1044181E-03    0.9137325E-07   -0.1745939E-05
    0.1162178E-05   -0.7780771E-05    0.1001459E-05    0.5148429E-03    0.1033506E-02    0.3665790E-04   -0.9569994E-04    0.9347576E-05   -0.2252450E-01    0.5950646E-03    0.4120546E-02   -0.8209571E-01   -0.2123118E-01    0.1409000E-01    0.2972811E-01   -0.9288887E-02   -0.1927280E-02   -0.3178544E-02   -0.6426476E-02   -0.2915650E-02    0.7489288E-06    0.2711697E-05    0.1468368E-04    0.3385171E-05   -0.2238939E-04    0.4945753E-04    0.1036647E-04   -0.1712994E-05    0.6283677E-04   -0.8226036E-05   -0.1911845E-04   -0.1553356E-03    0.3860771E-06   -0.3609603E-05
    0.1998917E-06   -0.2784853E-05    0.2938462E-06    0.2231976E-04    0.3665790E-04    0.1638460E-04    0.1851117E-04    0.2574578E-06   -0.4766461E-02    0.1265612E-03    0.1056394E-02   -0.2461868E-01   -0.6446305E-02    0.2723344E-02    0.5581057E-02   -0.2173352E-02    0.2664367E-03   -0.2439846E-03   -0.7306687E-03    0.3597310E-04    0.1858548E-05    0.2282827E-05    0.1511030E-06    0.2478279E-05    0.1860329E-05    0.4029095E-05   -0.1288762E-05   -0.5565457E-06    0.4274631E-05   -0.4439916E-05   -0.1792617E-05   -0.2097952E-04   -0.1198213E-06   -0.4829130E-06
   -0.3877748E-07   -0.1625868E-05   -0.2310817E-06   -0.4309265E-04   -0.9569994E-04    0.1851117E-04    0.1109993E-02   -0.5591699E-07   -0.4053023E-02    0.7786669E-05    0.1112733E-02   -0.2321101E-01   -0.8131743E-02   -0.6098486E-03    0.6630161E-02   -0.2315677E-02   -0.2879551E-03    0.5716251E-04   -0.1150457E-02   -0.5983068E-03   -0.1386333E-04   -0.1548694E-04   -0.1768244E-05   -0.1060791E-04    0.3019516E-04    0.5075738E-04    0.1970454E-04    0.1828264E-04    0.3344257E-04    0.4819643E-04    0.1646958E-04    0.4194551E-04   -0.3256725E-06   -0.3463778E-06
    0.1170248E-07   -0.7283317E-07    0.9768959E-08   -0.1487346E-05    0.9347576E-05    0.2574578E-06   -0.5591699E-07    0.6196130E-05    0.6597771E-03   -0.7787770E-05    0.4229838E-04    0.2141124E-02    0.3738449E-03    0.2266068E-03    0.1534666E-02   -0.9032971E-04    0.1252044E-05   -0.5073205E-04   -0.3877381E-04    0.6193965E-03    0.6572108E-06    0.5245215E-06    0.5911173E-06    0.1264024E-05   -0.9308073E-06    0.1373019E-06    0.1101233E-05   -0.6524988E-06   -0.3230399E-05   -0.9944564E-06    0.1154112E-05    0.1985996E-04   -0.1702271E-07   -0.5344131E-07
   -0.1122963E-03    0.2144713E-03   -0.9137214E-05   -0.1118408E-01   -0.2252450E-01   -0.4766461E-02   -0.4053023E-02    0.6597771E-03    0.4384347E+02   -0.5186122E+00   -0.1600600E+01    0.3837637E+02   -0.6504828E+00   -0.2206523E+02   -0.6189531E+02    0.3310985E+00   -0.2507833E+00   -0.3607752E-01   -0.2358747E+01   -0.1904957E+02   -0.1292310E-03   -0.1948201E-03    0.1020647E-02    0.1102971E-04   -0.9016043E-03    0.1468381E-02    0.1226489E-02   -0.4178037E-03    0.5582841E-02    0.3469350E-02    0.4346852E-02    0.2228475E-01   -0.4512889E-03    0.4354766E-02
    0.2530742E-05   -0.4588108E-05    0.3474707E-06    0.2819186E-03    0.5950646E-03    0.1265612E-03    0.7786669E-05   -0.7787770E-05   -0.5186122E+00    0.8163332E-01   -0.6166889E-01   -0.5300962E+00    0.1072414E+01    0.1990713E+01    0.8495007E+00    0.5235777E-01   -0.4605598E-02    0.3333718E-02    0.1196544E+00    0.1304258E+00    0.3179225E-05    0.7388800E-05   -0.4968742E-04   -0.1346914E-04   -0.2160705E-03   -0.3629950E-03    0.1630117E-03   -0.4849514E-04    0.1614954E-03   -0.2367661E-03   -0.3300729E-04    0.9730549E-03    0.1102813E-04   -0.1859480E-04
    0.2439998E-04   -0.7200015E-04    0.1088511E-04    0.2091149E-02    0.4120546E-02    0.1056394E-02    0.1112733E-02    0.4229838E-04   -0.1600600E+01   -0.6166889E-01    0.3611705E+01   -0.2765426E+02   -0.3850231E+01    0.7500987E+01    0.6277576E+01   -0.2374407E+01   -0.2038356E+00    0.2802688E-01    0.2334708E+01    0.2162254E+01    0.1883281E-03    0.1173372E-03   -0.4392684E-03    0.1582786E-03    0.2956338E-03   -0.3782518E-03    0.4288983E-03    0.4856297E-03    0.1999771E-02   -0.1322038E-02    0.1934558E-02    0.7158578E-02    0.1989701E-03   -0.3341684E-03
   -0.3753774E-03    0.1124929E-02   -0.8547981E-04   -0.4329340E-01   -0.8209571E-01   -0.2461868E-01   -0.2321101E-01    0.2141124E-02    0.3837637E+02   -0.5300962E+00   -0.2765426E+02    0.7487273E+03    0.6477312E+02   -0.5833482E+02   -0.6529631E+02    0.1128318E+02   -0.2697651E+01    0.3906277E+01   -0.1074654E+02   -0.1414798E+02   -0.1868750E-02   -0.2537486E-02    0.7800021E-02   -0.2609707E-02    0.9846980E-02   -0.2515702E-01   -0.4283634E-02   -0.2207934E-02   -0.1643308E-01    0.3147535E-01   -0.1798778E-01   -0.6755983E-01    0.5760222E-02    0.3846286E-02
   -0.2001721E-03    0.7886515E-03   -0.6963117E-04   -0.1228436E-01   -0.2123118E-01   -0.6446305E-02   -0.8131743E-02    0.3738449E-03   -0.6504828E+00    0.1072414E+01   -0.3850231E+01    0.6477312E+02    0.6016920E+02    0.4521633E+02    0.1852763E+02   -0.4376982E+01   -0.1856661E+00   -0.1106362E+01    0.3969807E+01    0.4316376E+01   -0.2543460E-03   -0.7051155E-03    0.9232806E-03   -0.1195221E-02    0.2133430E-02    0.1244443E-02    0.7304531E-02    0.1194615E-02   -0.8444420E-02    0.7633764E-02    0.5610703E-02    0.4620850E-01    0.7821741E-04    0.2707657E-03
   -0.1475397E-04    0.3019051E-03   -0.1851495E-04    0.5168729E-02    0.1409000E-01    0.2723344E-02   -0.6098486E-03    0.2266068E-03   -0.2206523E+02    0.1990713E+01    0.7500987E+01   -0.5833482E+02    0.4521633E+02    0.1014702E+03    0.6751447E+02   -0.1130308E+02   -0.5757766E+00   -0.4577290E+00    0.5089427E+01    0.6054889E+01    0.8180088E-03    0.4868603E-04   -0.1696118E-02   -0.6135994E-03   -0.1395323E-02   -0.1455194E-01    0.8462462E-02    0.7297376E-03   -0.4959604E-03   -0.2963979E-02    0.8123628E-02    0.6576360E-01    0.8779016E-03   -0.2425980E-02
    0.6896203E-04    0.1452435E-03   -0.1151601E-04    0.1121149E-01    0.2972811E-01    0.5581057E-02    0.6630161E-02    0.1534666E-02   -0.6189531E+02    0.8495007E+00    0.6277576E+01   -0.6529631E+02    0.1852763E+02    0.6751447E+02    0.1217196E+03   -0.9520731E+01    0.4247726E-02   -0.3515311E+00   -0.2265676E+00    0.1594646E+02    0.4781954E-03    0.2053917E-03   -0.1657619E-02   -0.1799397E-03    0.2520980E-02   -0.9540009E-02    0.1487873E-02    0.9015185E-03   -0.1156838E-01   -0.3755443E-03    0.3073265E-02    0.1379895E-01    0.9453469E-03   -0.7588229E-02
   -0.3957259E-04    0.5562040E-04   -0.7265146E-05   -0.4201697E-02   -0.9288887E-02   -0.2173352E-02   -0.2315677E-02   -0.9032971E-04    0.3310985E+00    0.5235777E-01   -0.2374407E+01    0.1128318E+02   -0.4376982E+01   -0.1130308E+02   -0.9520731E+01    0.5459541E+01    0.1158662E+00   -0.4458448E-01   -0.1730437E+01   -0.1493556E+01   -0.1393490E-03   -0.3125466E-03   -0.5464219E-03   -0.3390806E-03   -0.1968473E-02   -0.3277800E-02   -0.6583397E-03   -0.3925879E-03   -0.6697071E-03   -0.1050932E-02   -0.2704418E-02   -0.8608123E-02   -0.1194514E-03    0.1250028E-03
   -0.7850406E-05   -0.3992026E-05   -0.4858629E-05   -0.8364474E-03   -0.1927280E-02    0.2664367E-03   -0.2879551E-03    0.1252044E-05   -0.2507833E+00   -0.4605598E-02   -0.2038356E+00   -0.2697651E+01   -0.1856661E+00   -0.5757766E+00    0.4247726E-02    0.1158662E+00    0.3597583E+01    0.5003697E+00    0.2055753E+00    0.4803057E+00    0.7109033E-04   -0.1090894E-03    0.1964038E-03   -0.1433760E-03   -0.8352139E-03   -0.9818608E-03   -0.9245273E-03   -0.1376076E-03   -0.2496011E-02    0.5431175E-03    0.2719045E-02   -0.2281130E-02    0.3074839E-03    0.5586043E-05
   -0.9232578E-05    0.1683639E-04    0.2003844E-06   -0.1301967E-02   -0.3178544E-02   -0.2439846E-03    0.5716251E-04   -0.5073205E-04   -0.3607752E-01    0.3333718E-02    0.2802688E-01    0.3906277E+01   -0.1106362E+01   -0.4577290E+00   -0.3515311E+00   -0.4458448E-01    0.5003697E+00    0.3320594E+01    0.2539826E+01    0.1886049E+01   -0.9024010E-04    0.4503608E-04   -0.1695303E-03    0.9300715E-04    0.5135260E-03    0.5812875E-03   -0.8537037E-03   -0.9931635E-03   -0.1991389E-03   -0.5484959E-03    0.1749352E-02    0.1633142E-02   -0.2612583E-03   -0.2038346E-03
   -0.1795996E-04    0.6542441E-04   -0.2259407E-04   -0.3011924E-02   -0.6426476E-02   -0.7306687E-03   -0.1150457E-02   -0.3877381E-04   -0.2358747E+01    0.1196544E+00    0.2334708E+01   -0.1074654E+02    0.3969807E+01    0.5089427E+01   -0.2265676E+00   -0.1730437E+01    0.2055753E+00    0.2539826E+01    0.1741423E+02    0.2615553E+02   -0.5200870E-04   -0.6863829E-04    0.7678061E-03    0.1844605E-03    0.2993169E-03    0.6139863E-02    0.1257347E-02    0.8856282E-03   -0.1167708E-02    0.3431978E-02    0.3538481E-02    0.1920712E-01    0.2255539E-04    0.2533547E-02
    0.2548664E-06    0.5912483E-04   -0.4772656E-04   -0.2201384E-02   -0.2915650E-02    0.3597310E-04   -0.5983068E-03    0.6193965E-03   -0.1904957E+02    0.1304258E+00    0.2162254E+01   -0.1414798E+02    0.4316376E+01    0.6054889E+01    0.1594646E+02   -0.1493556E+01    0.4803057E+00    0.1886049E+01    0.2615553E+02    0.5512454E+02    0.1852158E-03   -0.6032709E-04    0.2668018E-02    0.5683507E-03    0.9526536E-03    0.1177644E-01    0.5790544E-03    0.1562189E-02   -0.8723600E-02    0.7216105E-02    0.1896532E-03    0.9017720E-02    0.1511885E-03    0.4540861E-02
    0.1648117E-07   -0.3478851E-06    0.3530657E-07    0.3617154E-06    0.7489288E-06    0.1858548E-05   -0.1386333E-04    0.6572108E-06   -0.1292310E-03    0.3179225E-05    0.1883281E-03   -0.1868750E-02   -0.2543460E-03    0.8180088E-03    0.4781954E-03   -0.1393490E-03    0.7109033E-04   -0.9024010E-04   -0.5200870E-04    0.1852158E-03    0.3229033E-04    0.8388837E-05   -0.9786443E-06    0.2939766E-05   -0.9424569E-06   -0.6146535E-05   -0.2205323E-06   -0.1840073E-05    0.1169997E-04    0.1842254E-05    0.7770472E-05    0.2576705E-04   -0.5077533E-07   -0.7032716E-07
    0.2724223E-07   -0.4204598E-06    0.2267615E-07    0.1528547E-05    0.2711697E-05    0.2282827E-05   -0.1548694E-04    0.5245215E-06   -0.1948201E-03    0.7388800E-05    0.1173372E-03   -0.2537486E-02   -0.7051155E-03    0.4868603E-04    0.2053917E-03   -0.3125466E-03   -0.1090894E-03    0.4503608E-04   -0.6863829E-04   -0.6032709E-04    0.8388837E-05    0.2431834E-04   -0.2194558E-06    0.1175984E-04   -0.3340235E-05   -0.1839648E-05   -0.1065280E-05   -0.2332256E-05    0.1824509E-06    0.1569968E-05    0.3059052E-05   -0.2883723E-05   -0.8619754E-07   -0.8221823E-07
    0.6198655E-07   -0.1882996E-06   -0.8795361E-07    0.6938449E-05    0.1468368E-04    0.1511030E-06   -0.1768244E-05    0.5911173E-06    0.1020647E-02   -0.4968742E-04   -0.4392684E-03    0.7800021E-02    0.9232806E-03   -0.1696118E-02   -0.1657619E-02   -0.5464219E-03    0.1964038E-03   -0.1695303E-03    0.7678061E-03    0.2668018E-02   -0.9786443E-06   -0.2194558E-06    0.1044600E-02    0.1597826E-05    0.1790858E-04    0.1855775E-04    0.5204318E-05    0.1505350E-04   -0.5186671E-04   -0.9913301E-05   -0.6729982E-05    0.9580337E-04    0.1704261E-06    0.7870443E-06
    0.3764598E-07   -0.4761621E-06    0.3530492E-08    0.1262484E-05    0.3385171E-05    0.2478279E-05   -0.1060791E-04    0.1264024E-05    0.1102971E-04   -0.1346914E-04    0.1582786E-03   -0.2609707E-02   -0.1195221E-02   -0.6135994E-03   -0.1799397E-03   -0.3390806E-03   -0.1433760E-03    0.9300715E-04    0.1844605E-03    0.5683507E-03    0.2939766E-05    0.1175984E-04    0.1597826E-05    0.4658546E-04    0.1339983E-06   -0.1179035E-04    0.9315675E-06   -0.1717806E-06   -0.8289336E-05   -0.2431793E-05   -0.8215340E-05   -0.7133215E-05   -0.1217697E-06    0.1242561E-09
    0.1594170E-06   -0.6265378E-06    0.1334322E-06   -0.9426471E-05   -0.2238939E-04    0.1860329E-05    0.3019516E-04   -0.9308073E-06   -0.9016043E-03   -0.2160705E-03    0.2956338E-03    0.9846980E-02    0.2133430E-02   -0.1395323E-02    0.2520980E-02   -0.1968473E-02   -0.8352139E-03    0.5135260E-03    0.2993169E-03    0.9526536E-03   -0.9424569E-06   -0.3340235E-05    0.1790858E-04    0.1339983E-06    0.2186188E-02    0.1274725E-03   -0.6477240E-05   -0.1334991E-04   -0.6143162E-04    0.7759443E-06    0.4078653E-05   -0.8479019E-04   -0.1259305E-06   -0.1622793E-06
    0.3575952E-06   -0.1984413E-05   -0.5407936E-06    0.2782748E-04    0.4945753E-04    0.4029095E-05    0.5075738E-04    0.1373019E-06    0.1468381E-02   -0.3629950E-03   -0.3782518E-03   -0.2515702E-01    0.1244443E-02   -0.1455194E-01   -0.9540009E-02   -0.3277800E-02   -0.9818608E-03    0.5812875E-03    0.6139863E-02    0.1177644E-01   -0.6146535E-05   -0.1839648E-05    0.1855775E-04   -0.1179035E-04    0.1274725E-03    0.1702017E-01   -0.4872902E-04    0.1113033E-04    0.2259638E-03   -0.1405907E-04    0.5373472E-04    0.1019835E-03   -0.9666833E-06   -0.5065335E-06
   -0.1116697E-06    0.6649676E-06    0.2671072E-07    0.3175745E-05    0.1036647E-04   -0.1288762E-05    0.1970454E-04    0.1101233E-05    0.1226489E-02    0.1630117E-03    0.4288983E-03   -0.4283634E-02    0.7304531E-02    0.8462462E-02    0.1487873E-02   -0.6583397E-03   -0.9245273E-03   -0.8537037E-03    0.1257347E-02    0.5790544E-03   -0.2205323E-06   -0.1065280E-05    0.5204318E-05    0.9315675E-06   -0.6477240E-05   -0.4872902E-04    0.1421477E-02    0.2966506E-03    0.5820509E-04   -0.3273956E-03   -0.6905962E-04   -0.6685293E-04    0.1723101E-06    0.1356717E-06
   -0.8111384E-07    0.6809841E-07   -0.1153123E-06   -0.3112180E-06   -0.1712994E-05   -0.5565457E-06    0.1828264E-04   -0.6524988E-06   -0.4178037E-03   -0.4849514E-04    0.4856297E-03   -0.2207934E-02    0.1194615E-02    0.7297376E-03    0.9015185E-03   -0.3925879E-03   -0.1376076E-03   -0.9931635E-03    0.8856282E-03    0.1562189E-02   -0.1840073E-05   -0.2332256E-05    0.1505350E-04   -0.1717806E-06   -0.1334991E-04    0.1113033E-04    0.2966506E-03    0.8605077E-03    0.2379933E-05    0.7493302E-03   -0.8902302E-05   -0.6917270E-03    0.2634677E-07   -0.1645800E-06
    0.8864827E-07   -0.8869460E-06    0.2653121E-07    0.3589114E-04    0.6283677E-04    0.4274631E-05    0.3344257E-04   -0.3230399E-05    0.5582841E-02    0.1614954E-03    0.1999771E-02   -0.1643308E-01   -0.8444420E-02   -0.4959604E-03   -0.1156838E-01   -0.6697071E-03   -0.2496011E-02   -0.1991389E-03   -0.1167708E-02   -0.8723600E-02    0.1169997E-04    0.1824509E-06   -0.5186671E-04   -0.8289336E-05   -0.6143162E-04    0.2259638E-03    0.5820509E-04    0.2379933E-05    0.7101072E-02   -0.2908469E-03    0.6525700E-03    0.4170443E-02    0.3472321E-06   -0.1652452E-05
   -0.3393514E-06    0.7986190E-06   -0.2048721E-06   -0.3612767E-05   -0.8226036E-05   -0.4439916E-05    0.4819643E-04   -0.9944564E-06    0.3469350E-02   -0.2367661E-03   -0.1322038E-02    0.3147535E-01    0.7633764E-02   -0.2963979E-02   -0.3755443E-03   -0.1050932E-02    0.5431175E-03   -0.5484959E-03    0.3431978E-02    0.7216105E-02    0.1842254E-05    0.1569968E-05   -0.9913301E-05   -0.2431793E-05    0.7759443E-06   -0.1405907E-04   -0.3273956E-03    0.7493302E-03   -0.2908469E-03    0.2895741E-02    0.4169303E-03   -0.8691834E-03    0.4430800E-06    0.2058826E-05
   -0.4733077E-06    0.1689035E-05    0.3070018E-07   -0.1205207E-04   -0.1911845E-04   -0.1792617E-05    0.1646958E-04    0.1154112E-05    0.4346852E-02   -0.3300729E-04    0.1934558E-02   -0.1798778E-01    0.5610703E-02    0.8123628E-02    0.3073265E-02   -0.2704418E-02    0.2719045E-02    0.1749352E-02    0.3538481E-02    0.1896532E-03    0.7770472E-05    0.3059052E-05   -0.6729982E-05   -0.8215340E-05    0.4078653E-05    0.5373472E-04   -0.6905962E-04   -0.8902302E-05    0.6525700E-03    0.4169303E-03    0.6391355E-02    0.7401973E-02    0.2399577E-06    0.4491560E-06
   -0.2503701E-05    0.9373632E-05   -0.1795194E-05   -0.1044181E-03   -0.1553356E-03   -0.2097952E-04    0.4194551E-04    0.1985996E-04    0.2228475E-01    0.9730549E-03    0.7158578E-02   -0.6755983E-01    0.4620850E-01    0.6576360E-01    0.1379895E-01   -0.8608123E-02   -0.2281130E-02    0.1633142E-02    0.1920712E-01    0.9017720E-02    0.2576705E-04   -0.2883723E-05    0.9580337E-04   -0.7133215E-05   -0.8479019E-04    0.1019835E-03   -0.6685293E-04   -0.6917270E-03    0.4170443E-02   -0.8691834E-03    0.7401973E-02    0.6413035E-01   -0.2049189E-05    0.3192097E-05
    0.4826181E-08   -0.2746811E-08    0.1035320E-08    0.9137325E-07    0.3860771E-06   -0.1198213E-06   -0.3256725E-06   -0.1702271E-07   -0.4512889E-03    0.1102813E-04    0.1989701E-03    0.5760222E-02    0.7821741E-04    0.8779016E-03    0.9453469E-03   -0.1194514E-03    0.3074839E-03   -0.2612583E-03    0.2255539E-04    0.1511885E-03   -0.5077533E-07   -0.8619754E-07    0.1704261E-06   -0.1217697E-06   -0.1259305E-06   -0.9666833E-06    0.1723101E-06    0.2634677E-07    0.3472321E-06    0.4430800E-06    0.2399577E-06   -0.2049189E-05    0.5905245E-06   -0.2192845E-07
   -0.1184816E-07    0.4014585E-07   -0.7645987E-08   -0.1745939E-05   -0.3609603E-05   -0.4829130E-06   -0.3463778E-06   -0.5344131E-07    0.4354766E-02   -0.1859480E-04   -0.3341684E-03    0.3846286E-02    0.2707657E-03   -0.2425980E-02   -0.7588229E-02    0.1250028E-03    0.5586043E-05   -0.2038346E-03    0.2533547E-02    0.4540861E-02   -0.7032716E-07   -0.8221823E-07    0.7870443E-06    0.1242561E-09   -0.1622793E-06   -0.5065335E-06    0.1356717E-06   -0.1645800E-06   -0.1652452E-05    0.2058826E-05    0.4491560E-06    0.3192097E-05   -0.2192845E-07    0.2091438E-05
