# omegabh2 omegach2 theta tau w wa logA ns calPlanck alpha_JLA beta_JLA acib217 xi asz143 aps100 aps143 aps143217 aps217 aksz kgal100 kgal143 kgal143217 kgal217 galfEE100 galfEE100143 galfEE100217 galfEE143 galfEE143217 galfEE217 galfTE100 galfTE100143 galfTE100217 galfTE143 galfTE143217 galfTE217 cal0 cal2
    0.2271567E-07   -0.1223369E-06    0.1824888E-07    0.1022212E-05   -0.1576108E-05    0.1571427E-04    0.1829116E-05    0.3307352E-06   -0.7208607E-09   -0.3613455E-08   -0.1102449E-06   -0.7728305E-04    0.8164589E-06    0.1841078E-04   -0.3160481E-03   -0.2068300E-03   -0.8368969E-04   -0.2240625E-04   -0.4311713E-04   -0.1249470E-04   -0.6786497E-05   -0.3070787E-05    0.2474589E-04    0.6796607E-07    0.6016794E-07    0.1962431E-06    0.7568682E-07   -0.1216942E-06    0.2852717E-06    0.4896865E-07    0.9737546E-07    0.5539298E-07   -0.1337350E-06   -0.1131825E-05   -0.3074151E-05    0.2752723E-08   -0.2612937E-08
   -0.1223369E-06    0.1844213E-05   -0.1708063E-06   -0.1428361E-04    0.1247447E-04   -0.1828994E-03   -0.2445734E-04   -0.4742400E-05   -0.1306863E-06    0.1784383E-06   -0.7891220E-06    0.4421490E-03    0.1823981E-06   -0.1225043E-03    0.1509567E-02    0.8795861E-03    0.2647175E-03   -0.8066831E-04    0.4105816E-03    0.1175437E-03    0.5436412E-04   -0.5584904E-05   -0.1921817E-03   -0.7230242E-06   -0.7127253E-06   -0.5470312E-06   -0.7846142E-06    0.8223911E-06   -0.3793900E-05    0.3736654E-06   -0.1296213E-06    0.2546778E-07    0.9328260E-07    0.3315209E-05    0.1746626E-04   -0.1391753E-07    0.2792943E-07
    0.1824888E-07   -0.1708063E-06    0.9924419E-07    0.1861418E-05   -0.2951173E-05    0.2700677E-04    0.3353117E-05    0.5470689E-06   -0.4087315E-07   -0.7756534E-08   -0.8441330E-06    0.3216164E-04   -0.6292798E-06    0.2052334E-04   -0.4200003E-03   -0.8527352E-04   -0.2903959E-04   -0.1038520E-03   -0.5345083E-04   -0.1655533E-04   -0.2384649E-05    0.1748655E-04    0.5741224E-05    0.8281404E-07    0.1123016E-06   -0.1007562E-06    0.6474451E-07   -0.6914230E-07    0.8163890E-06    0.7858219E-07    0.4788272E-07    0.4023772E-06    0.5756549E-07   -0.1459942E-06   -0.1672174E-05    0.7843118E-08    0.1243958E-07
    0.1022212E-05   -0.1428361E-04    0.1861418E-05    0.2213368E-03   -0.2737703E-03    0.2182436E-02    0.3963964E-03    0.4302810E-04   -0.4989628E-05   -0.4450306E-05   -0.1264273E-04   -0.6586525E-02    0.6274263E-04    0.1282682E-02   -0.3024503E-01   -0.1081371E-01   -0.1799180E-02    0.1208679E-02   -0.3704657E-02   -0.1302445E-02   -0.1932327E-03   -0.3943703E-03    0.1418862E-02    0.6248727E-05    0.6378845E-05    0.4949415E-05    0.8810344E-05    0.5766177E-05    0.6009090E-04   -0.1225169E-04    0.1097229E-04    0.4516807E-04   -0.7834282E-05   -0.3177131E-04   -0.1486612E-03   -0.7740850E-07    0.1558756E-06
   -0.1576108E-05    0.1247447E-04   -0.2951173E-05   -0.2737703E-03    0.1165643E-01   -0.3788857E-01   -0.5194734E-03   -0.2246999E-04    0.5193346E-05   -0.6038718E-04   -0.9933020E-03    0.1470768E-01   -0.5726850E-04    0.1677428E-02   -0.7717331E-01   -0.1739424E-01   -0.1610454E-01   -0.3486911E-01    0.1063434E-01   -0.4525480E-04   -0.4608962E-02    0.1123290E-01    0.1531290E-01    0.6636456E-05    0.8652160E-05    0.1023166E-03    0.2720432E-04    0.1932709E-04   -0.5545804E-03    0.5783279E-04   -0.6683349E-04    0.6110358E-03   -0.3347047E-03   -0.6957354E-04    0.2002223E-03    0.3233420E-06    0.4666248E-05
    0.1571427E-04   -0.1828994E-03    0.2700677E-04    0.2182436E-02   -0.3788857E-01    0.1478543E+00    0.3963484E-02    0.4589279E-03   -0.3994216E-05    0.1577932E-03    0.2711392E-02   -0.7388553E-01   -0.1125441E-02    0.8924944E-02    0.8119935E-01   -0.4547682E-01    0.1027309E-01    0.1225250E+00   -0.7423756E-01   -0.2858924E-02    0.1301220E-01   -0.4875432E-01   -0.5255054E-01    0.2376444E-04    0.3144320E-04   -0.1869901E-03   -0.4475563E-04   -0.9112068E-04    0.2054806E-02   -0.5695805E-03    0.7251352E-04   -0.2076943E-02    0.9326530E-03   -0.1956451E-04   -0.2203634E-02   -0.5061428E-07   -0.1581351E-04
    0.1829116E-05   -0.2445734E-04    0.3353117E-05    0.3963964E-03   -0.5194734E-03    0.3963484E-02    0.7362827E-03    0.7363169E-04    0.1523382E-05   -0.8319079E-05   -0.2699835E-04   -0.1321001E-01    0.1643354E-03    0.2069309E-02   -0.4619958E-01   -0.1754578E-01   -0.9085801E-03    0.9611841E-02   -0.7164123E-02   -0.2455373E-02   -0.1059781E-02   -0.1887520E-02    0.2964964E-02    0.1129282E-04    0.1142178E-04    0.7587756E-05    0.1557636E-04    0.7250902E-05    0.1043865E-03   -0.1774792E-04    0.1512227E-04    0.7265175E-04   -0.2147669E-04   -0.3581365E-04   -0.2404127E-03    0.1659847E-06   -0.2181386E-07
    0.3307352E-06   -0.4742400E-05    0.5470689E-06    0.4302810E-04   -0.2246999E-04    0.4589279E-03    0.7363169E-04    0.2118624E-04    0.2987107E-06   -0.1184468E-05    0.1192332E-05   -0.4054677E-02    0.6595233E-04    0.1164029E-02   -0.2393825E-01   -0.6525655E-02    0.1930177E-02    0.4390241E-02   -0.2939821E-02   -0.6445547E-04   -0.1826229E-03   -0.4588755E-03    0.2827441E-03    0.2933087E-05    0.3909151E-05    0.2926961E-06    0.4153854E-05   -0.3018404E-06    0.1139924E-04   -0.1187441E-05    0.3180405E-05    0.8929251E-05   -0.2860541E-05    0.2256340E-05   -0.2158922E-04   -0.1392003E-06   -0.3639400E-06
   -0.7208607E-09   -0.1306863E-06   -0.4087315E-07   -0.4989628E-05    0.5193346E-05   -0.3994216E-05    0.1523382E-05    0.2987107E-06    0.5989039E-05   -0.5664346E-07    0.1443735E-05    0.2670411E-03   -0.9481407E-05   -0.1159622E-03    0.6193267E-02    0.5756743E-03   -0.1852897E-03    0.2024848E-02    0.1258125E-03    0.7371731E-04   -0.1075909E-03   -0.4121250E-03    0.1199159E-03    0.7169980E-06    0.3027718E-06   -0.7667027E-06    0.3663637E-06   -0.1750106E-05   -0.2773278E-05    0.2096557E-05   -0.2407944E-05   -0.9020866E-05   -0.1129994E-05    0.9411106E-05    0.5741461E-05    0.4226097E-07   -0.1936597E-06
   -0.3613455E-08    0.1784383E-06   -0.7756534E-08   -0.4450306E-05   -0.6038718E-04    0.1577932E-03   -0.8319079E-05   -0.1184468E-05   -0.5664346E-07    0.4078722E-04   -0.2121082E-04    0.9231944E-03    0.4147017E-05   -0.3211780E-03    0.2242804E-02    0.1312298E-02   -0.2762047E-03   -0.1373143E-02    0.2926522E-03    0.7185310E-04   -0.4426390E-03   -0.9488599E-03   -0.1268433E-02    0.2000350E-06   -0.9174764E-06    0.1789525E-05   -0.1595107E-06   -0.9906152E-05   -0.2423705E-04    0.3606641E-05   -0.1255849E-05   -0.4954257E-05    0.2999377E-05   -0.1103998E-04   -0.2930160E-04   -0.5604674E-07    0.1344430E-07
   -0.1102449E-06   -0.7891220E-06   -0.8441330E-06   -0.1264273E-04   -0.9933020E-03    0.2711392E-02   -0.2699835E-04    0.1192332E-05    0.1443735E-05   -0.2121082E-04    0.6680398E-02    0.1179516E-01    0.1574550E-03    0.8085940E-03    0.3604616E-01   -0.3200713E-02    0.1734203E-02   -0.1875296E-01    0.3069980E-02   -0.3074050E-02    0.3264026E-02    0.9741705E-03   -0.1746863E-02   -0.1971872E-04   -0.7580779E-05   -0.9931260E-04    0.2157961E-05    0.1405600E-04    0.1564452E-03    0.3998321E-04    0.3499715E-04    0.3146956E-04    0.5315383E-04   -0.4059773E-03   -0.5584937E-03   -0.3006602E-06    0.2621206E-05
   -0.7728305E-04    0.4421490E-03    0.3216164E-04   -0.6586525E-02    0.1470768E-01   -0.7388553E-01   -0.1321001E-01   -0.4054677E-02    0.2670411E-03    0.9231944E-03    0.1179516E-01    0.4125254E+02   -0.5058717E+00   -0.1037296E+01    0.3192092E+02   -0.1520026E+01   -0.2039783E+02   -0.5813304E+02   -0.4050102E+00    0.5439638E-01   -0.3414373E+00   -0.1654974E+01   -0.1664248E+02   -0.4616651E-04   -0.8692847E-03   -0.3655816E-02   -0.1651498E-02   -0.2490595E-02   -0.1595676E-01    0.4814256E-02    0.2135655E-02   -0.3142185E-02    0.6471182E-02   -0.1081427E-01   -0.1073822E+00   -0.1872387E-03    0.4440642E-02
    0.8164589E-06    0.1823981E-06   -0.6292798E-06    0.6274263E-04   -0.5726850E-04   -0.1125441E-02    0.1643354E-03    0.6595233E-04   -0.9481407E-05    0.4147017E-05    0.1574550E-03   -0.5058717E+00    0.8290688E-01   -0.1066306E+00   -0.3930812E+00    0.9934933E+00    0.1808740E+01    0.7081845E+00    0.1254554E+00   -0.1424796E-01    0.1149595E-01    0.9707824E-01    0.1102124E+00   -0.2207786E-04    0.4309208E-04    0.2924342E-03    0.7764514E-04   -0.2371754E-03    0.7374491E-03    0.5681033E-03    0.4638186E-03    0.7341549E-03    0.1681113E-03    0.3350416E-03    0.3487189E-02    0.7786923E-05   -0.1863994E-04
    0.1841078E-04   -0.1225043E-03    0.2052334E-04    0.1282682E-02    0.1677428E-02    0.8924944E-02    0.2069309E-02    0.1164029E-02   -0.1159622E-03   -0.3211780E-03    0.8085940E-03   -0.1037296E+01   -0.1066306E+00    0.3625520E+01   -0.2602686E+02   -0.3384365E+01    0.7214771E+01    0.5920782E+01   -0.2707708E+01   -0.2439512E+00    0.6890999E-01    0.2483324E+01    0.2345675E+01    0.3561601E-03    0.2895951E-03    0.2034347E-03    0.1983934E-05    0.6973870E-03    0.1059846E-02   -0.8437051E-03    0.1905119E-02   -0.1160420E-02    0.2882843E-02    0.6894816E-02    0.4900092E-02    0.1969928E-03   -0.2031524E-03
   -0.3160481E-03    0.1509567E-02   -0.4200003E-03   -0.3024503E-01   -0.7717331E-01    0.8119935E-01   -0.4619958E-01   -0.2393825E-01    0.6193267E-02    0.2242804E-02    0.3604616E-01    0.3192092E+02   -0.3930812E+00   -0.2602686E+02    0.7191602E+03    0.6138291E+02   -0.5358621E+02   -0.5447982E+02    0.1021692E+02   -0.2048697E+01    0.1457251E+01   -0.1133005E+02   -0.1200439E+02   -0.4697987E-02   -0.4506592E-02   -0.2890510E-01   -0.1390773E-02    0.3326879E-01   -0.6481194E-01    0.1616180E-01   -0.1927100E-01    0.2443161E-01    0.1180531E-01    0.1967230E-01   -0.9174763E-01    0.6212724E-02    0.3329313E-02
   -0.2068300E-03    0.8795861E-03   -0.8527352E-04   -0.1081371E-01   -0.1739424E-01   -0.4547682E-01   -0.1754578E-01   -0.6525655E-02    0.5756743E-03    0.1312298E-02   -0.3200713E-02   -0.1520026E+01    0.9934933E+00   -0.3384365E+01    0.6138291E+02    0.5602086E+02    0.4379149E+02    0.1922295E+02   -0.4419421E+01    0.3126512E+00   -0.1006299E+01    0.3350542E+01    0.4124957E+01   -0.3025105E-02   -0.1250932E-02    0.3938900E-02   -0.1229701E-02   -0.3296904E-03   -0.1662538E-01    0.7948208E-02   -0.1037388E-02    0.1683167E-01    0.8646549E-04    0.6349181E-02    0.3097018E-01    0.3082712E-03    0.2683670E-04
   -0.8368969E-04    0.2647175E-03   -0.2903959E-04   -0.1799180E-02   -0.1610454E-01    0.1027309E-01   -0.9085801E-03    0.1930177E-02   -0.1852897E-03   -0.2762047E-03    0.1734203E-02   -0.2039783E+02    0.1808740E+01    0.7214771E+01   -0.5358621E+02    0.4379149E+02    0.9669508E+02    0.6389418E+02   -0.1123420E+02   -0.7931258E+00   -0.3034455E-01    0.5730409E+01    0.6947974E+01   -0.1472443E-02    0.1890535E-02    0.1148557E-01    0.1204867E-02   -0.2183038E-02    0.1815698E-02    0.1156243E-01    0.1070314E-01    0.1536041E-01    0.1100409E-01    0.2560200E-01    0.8259192E-01    0.8177702E-03   -0.2179179E-02
   -0.2240625E-04   -0.8066831E-04   -0.1038520E-03    0.1208679E-02   -0.3486911E-01    0.1225250E+00    0.9611841E-02    0.4390241E-02    0.2024848E-02   -0.1373143E-02   -0.1875296E-01   -0.5813304E+02    0.7081845E+00    0.5920782E+01   -0.5447982E+02    0.1922295E+02    0.6389418E+02    0.1169113E+03   -0.9223638E+01   -0.2169233E+00    0.9131947E-01   -0.6762159E+00    0.1360293E+02   -0.4539759E-03    0.1172326E-02    0.3934138E-02    0.9663698E-03    0.6198558E-02    0.6256121E-02   -0.3618872E-02   -0.4462554E-02   -0.5709585E-02   -0.6804203E-02    0.3532016E-01    0.1476219E+00    0.6560190E-03   -0.7621394E-02
   -0.4311713E-04    0.4105816E-03   -0.5345083E-04   -0.3704657E-02    0.1063434E-01   -0.7423756E-01   -0.7164123E-02   -0.2939821E-02    0.1258125E-03    0.2926522E-03    0.3069980E-02   -0.4050102E+00    0.1254554E+00   -0.2707708E+01    0.1021692E+02   -0.4419421E+01   -0.1123420E+02   -0.9223638E+01    0.6100215E+01    0.3116213E-01    0.7486118E-02   -0.2154460E+01   -0.2073017E+01    0.1364650E-03   -0.7571975E-03    0.9482964E-03    0.1925271E-03   -0.1050027E-02    0.6166710E-02    0.5220838E-03   -0.1591949E-03    0.1583728E-02   -0.6641653E-03   -0.6906794E-02    0.6187181E-02   -0.2076911E-03   -0.7344930E-04
   -0.1249470E-04    0.1175437E-03   -0.1655533E-04   -0.1302445E-02   -0.4525480E-04   -0.2858924E-02   -0.2455373E-02   -0.6445547E-04    0.7371731E-04    0.7185310E-04   -0.3074050E-02    0.5439638E-01   -0.1424796E-01   -0.2439512E+00   -0.2048697E+01    0.3126512E+00   -0.7931258E+00   -0.2169233E+00    0.3116213E-01    0.3374824E+01    0.3232103E+00   -0.3937540E-01   -0.5147591E-02   -0.1421772E-03    0.5885639E-04    0.9630361E-03    0.1226796E-03   -0.1563386E-03    0.4226638E-02   -0.2624913E-02    0.5363209E-03   -0.1453511E-02    0.6368183E-03   -0.2197975E-02   -0.2222873E-02    0.2872005E-03   -0.1335675E-03
   -0.6786497E-05    0.5436412E-04   -0.2384649E-05   -0.1932327E-03   -0.4608962E-02    0.1301220E-01   -0.1059781E-02   -0.1826229E-03   -0.1075909E-03   -0.4426390E-03    0.3264026E-02   -0.3414373E+00    0.1149595E-01    0.6890999E-01    0.1457251E+01   -0.1006299E+01   -0.3034455E-01    0.9131947E-01    0.7486118E-02    0.3232103E+00    0.3222038E+01    0.2466062E+01    0.1817863E+01    0.3696179E-03    0.1688750E-03    0.8114589E-03    0.6878095E-04    0.3024842E-02    0.3632605E-03   -0.3981155E-04    0.3772036E-03   -0.2008111E-02    0.1669997E-02   -0.1819287E-02   -0.1355259E-01   -0.3269815E-03   -0.2491481E-03
   -0.3070787E-05   -0.5584904E-05    0.1748655E-04   -0.3943703E-03    0.1123290E-01   -0.4875432E-01   -0.1887520E-02   -0.4588755E-03   -0.4121250E-03   -0.9488599E-03    0.9741705E-03   -0.1654974E+01    0.9707824E-01    0.2483324E+01   -0.1133005E+02    0.3350542E+01    0.5730409E+01   -0.6762159E+00   -0.2154460E+01   -0.3937540E-01    0.2466062E+01    0.1726737E+02    0.2602585E+02    0.2320094E-03   -0.7129174E-04   -0.4144207E-02   -0.3749379E-04    0.6333454E-03    0.1334281E-01    0.1146031E-02    0.2119779E-02    0.6903259E-02    0.5333963E-02   -0.1012423E-02    0.8734749E-02    0.1490894E-03    0.2745895E-02
    0.2474589E-04   -0.1921817E-03    0.5741224E-05    0.1418862E-02    0.1531290E-01   -0.5255054E-01    0.2964964E-02    0.2827441E-03    0.1199159E-03   -0.1268433E-02   -0.1746863E-02   -0.1664248E+02    0.1102124E+00    0.2345675E+01   -0.1200439E+02    0.4124957E+01    0.6947974E+01    0.1360293E+02   -0.2073017E+01   -0.5147591E-02    0.1817863E+01    0.2602585E+02    0.5414896E+02   -0.4763925E-04    0.1304659E-03   -0.4112158E-02    0.4956220E-03   -0.3099620E-02    0.2902491E-01   -0.1576139E-02   -0.1067758E-02    0.6245924E-02    0.8800157E-03   -0.1470698E-01    0.2541316E-01    0.3051576E-03    0.4892843E-02
    0.6796607E-07   -0.7230242E-06    0.8281404E-07    0.6248727E-05    0.6636456E-05    0.2376444E-04    0.1129282E-04    0.2933087E-05    0.7169980E-06    0.2000350E-06   -0.1971872E-04   -0.4616651E-04   -0.2207786E-04    0.3561601E-03   -0.4697987E-02   -0.3025105E-02   -0.1472443E-02   -0.4539759E-03    0.1364650E-03   -0.1421772E-03    0.3696179E-03    0.2320094E-03   -0.4763925E-04    0.3029206E-04    0.8106293E-05    0.4398786E-05    0.3200260E-05    0.1380190E-05    0.4717220E-05   -0.4569584E-05    0.4225526E-05    0.1387587E-04    0.6255645E-05   -0.1830641E-04   -0.8806627E-04   -0.5470984E-07   -0.8847966E-07
    0.6016794E-07   -0.7127253E-06    0.1123016E-06    0.6378845E-05    0.8652160E-05    0.3144320E-04    0.1142178E-04    0.3909151E-05    0.3027718E-06   -0.9174764E-06   -0.7580779E-05   -0.8692847E-03    0.4309208E-04    0.2895951E-03   -0.4506592E-02   -0.1250932E-02    0.1890535E-02    0.1172326E-02   -0.7571975E-03    0.5885639E-04    0.1688750E-03   -0.7129174E-04    0.1304659E-03    0.8106293E-05    0.2495825E-04    0.3600349E-05    0.1200310E-04   -0.4338678E-05    0.8522917E-06   -0.9149350E-06   -0.2838599E-05    0.9058914E-05   -0.6430959E-05   -0.1007917E-05   -0.4115518E-04    0.5399531E-07    0.3442434E-08
    0.1962431E-06   -0.5470312E-06   -0.1007562E-06    0.4949415E-05    0.1023166E-03   -0.1869901E-03    0.7587756E-05    0.2926961E-06   -0.7667027E-06    0.1789525E-05   -0.9931260E-04   -0.3655816E-02    0.2924342E-03    0.2034347E-03   -0.2890510E-01    0.3938900E-02    0.1148557E-01    0.3934138E-02    0.9482964E-03    0.9630361E-03    0.8114589E-03   -0.4144207E-02   -0.4112158E-02    0.4398786E-05    0.3600349E-05    0.1078662E-02    0.7962625E-05    0.1973618E-04    0.8391860E-04    0.2173169E-04    0.1877426E-05    0.6592539E-04    0.3641678E-04   -0.3012044E-04   -0.1477893E-04   -0.2485113E-06   -0.2344114E-05
    0.7568682E-07   -0.7846142E-06    0.6474451E-07    0.8810344E-05    0.2720432E-04   -0.4475563E-04    0.1557636E-04    0.4153854E-05    0.3663637E-06   -0.1595107E-06    0.2157961E-05   -0.1651498E-02    0.7764514E-04    0.1983934E-05   -0.1390773E-02   -0.1229701E-02    0.1204867E-02    0.9663698E-03    0.1925271E-03    0.1226796E-03    0.6878095E-04   -0.3749379E-04    0.4956220E-03    0.3200260E-05    0.1200310E-04    0.7962625E-05    0.5049895E-04    0.9451749E-05   -0.1220634E-04    0.6974471E-05   -0.1404327E-06    0.7690870E-05   -0.1669926E-04   -0.1445731E-04   -0.3378729E-04   -0.1479771E-06   -0.3243322E-06
   -0.1216942E-06    0.8223911E-06   -0.6914230E-07    0.5766177E-05    0.1932709E-04   -0.9112068E-04    0.7250902E-05   -0.3018404E-06   -0.1750106E-05   -0.9906152E-05    0.1405600E-04   -0.2490595E-02   -0.2371754E-03    0.6973870E-03    0.3326879E-01   -0.3296904E-03   -0.2183038E-02    0.6198558E-02   -0.1050027E-02   -0.1563386E-03    0.3024842E-02    0.6333454E-03   -0.3099620E-02    0.1380190E-05   -0.4338678E-05    0.1973618E-04    0.9451749E-05    0.2259582E-02   -0.7521036E-04   -0.4177660E-04   -0.4448022E-04   -0.1193015E-03    0.7455029E-04    0.3201336E-04   -0.1367320E-03   -0.5382020E-06   -0.1531044E-05
    0.2852717E-06   -0.3793900E-05    0.8163890E-06    0.6009090E-04   -0.5545804E-03    0.2054806E-02    0.1043865E-03    0.1139924E-04   -0.2773278E-05   -0.2423705E-04    0.1564452E-03   -0.1595676E-01    0.7374491E-03    0.1059846E-02   -0.6481194E-01   -0.1662538E-01    0.1815698E-02    0.6256121E-02    0.6166710E-02    0.4226638E-02    0.3632605E-03    0.1334281E-01    0.2902491E-01    0.4717220E-05    0.8522917E-06    0.8391860E-04   -0.1220634E-04   -0.7521036E-04    0.1638053E-01    0.4508345E-04    0.5348637E-04   -0.1246106E-03    0.8754520E-04   -0.3270533E-03   -0.1940781E-03   -0.1005040E-06    0.2335383E-05
    0.4896865E-07    0.3736654E-06    0.7858219E-07   -0.1225169E-04    0.5783279E-04   -0.5695805E-03   -0.1774792E-04   -0.1187441E-05    0.2096557E-05    0.3606641E-05    0.3998321E-04    0.4814256E-02    0.5681033E-03   -0.8437051E-03    0.1616180E-01    0.7948208E-02    0.1156243E-01   -0.3618872E-02    0.5220838E-03   -0.2624913E-02   -0.3981155E-04    0.1146031E-02   -0.1576139E-02   -0.4569584E-05   -0.9149350E-06    0.2173169E-04    0.6974471E-05   -0.4177660E-04    0.4508345E-04    0.1426358E-02    0.2707869E-03    0.2168992E-03   -0.3193268E-03   -0.8246481E-06   -0.1459769E-03   -0.1452186E-06    0.1289113E-05
    0.9737546E-07   -0.1296213E-06    0.4788272E-07    0.1097229E-04   -0.6683349E-04    0.7251352E-04    0.1512227E-04    0.3180405E-05   -0.2407944E-05   -0.1255849E-05    0.3499715E-04    0.2135655E-02    0.4638186E-03    0.1905119E-02   -0.1927100E-01   -0.1037388E-02    0.1070314E-01   -0.4462554E-02   -0.1591949E-03    0.5363209E-03    0.3772036E-03    0.2119779E-02   -0.1067758E-02    0.4225526E-05   -0.2838599E-05    0.1877426E-05   -0.1404327E-06   -0.4448022E-04    0.5348637E-04    0.2707869E-03    0.8334890E-03    0.9198892E-04    0.7227280E-03    0.1124773E-03   -0.4445806E-03    0.1405018E-06   -0.5527032E-06
    0.5539298E-07    0.2546778E-07    0.4023772E-06    0.4516807E-04    0.6110358E-03   -0.2076943E-02    0.7265175E-04    0.8929251E-05   -0.9020866E-05   -0.4954257E-05    0.3146956E-04   -0.3142185E-02    0.7341549E-03   -0.1160420E-02    0.2443161E-01    0.1683167E-01    0.1536041E-01   -0.5709585E-02    0.1583728E-02   -0.1453511E-02   -0.2008111E-02    0.6903259E-02    0.6245924E-02    0.1387587E-04    0.9058914E-05    0.6592539E-04    0.7690870E-05   -0.1193015E-03   -0.1246106E-03    0.2168992E-03    0.9198892E-04    0.7266377E-02   -0.4544477E-03    0.9002224E-03    0.4778974E-02    0.9584287E-06    0.1598222E-05
   -0.1337350E-06    0.9328260E-07    0.5756549E-07   -0.7834282E-05   -0.3347047E-03    0.9326530E-03   -0.2147669E-04   -0.2860541E-05   -0.1129994E-05    0.2999377E-05    0.5315383E-04    0.6471182E-02    0.1681113E-03    0.2882843E-02    0.1180531E-01    0.8646549E-04    0.1100409E-01   -0.6804203E-02   -0.6641653E-03    0.6368183E-03    0.1669997E-02    0.5333963E-02    0.8800157E-03    0.6255645E-05   -0.6430959E-05    0.3641678E-04   -0.1669926E-04    0.7455029E-04    0.8754520E-04   -0.3193268E-03    0.7227280E-03   -0.4544477E-03    0.2886120E-02    0.4800319E-03   -0.8402141E-03    0.7552166E-06   -0.1222309E-05
   -0.1131825E-05    0.3315209E-05   -0.1459942E-06   -0.3177131E-04   -0.6957354E-04   -0.1956451E-04   -0.3581365E-04    0.2256340E-05    0.9411106E-05   -0.1103998E-04   -0.4059773E-03   -0.1081427E-01    0.3350416E-03    0.6894816E-02    0.1967230E-01    0.6349181E-02    0.2560200E-01    0.3532016E-01   -0.6906794E-02   -0.2197975E-02   -0.1819287E-02   -0.1012423E-02   -0.1470698E-01   -0.1830641E-04   -0.1007917E-05   -0.3012044E-04   -0.1445731E-04    0.3201336E-04   -0.3270533E-03   -0.8246481E-06    0.1124773E-03    0.9002224E-03    0.4800319E-03    0.6250894E-02    0.7821172E-02    0.2938307E-05   -0.9123289E-05
   -0.3074151E-05    0.1746626E-04   -0.1672174E-05   -0.1486612E-03    0.2002223E-03   -0.2203634E-02   -0.2404127E-03   -0.2158922E-04    0.5741461E-05   -0.2930160E-04   -0.5584937E-03   -0.1073822E+00    0.3487189E-02    0.4900092E-02   -0.9174763E-01    0.3097018E-01    0.8259192E-01    0.1476219E+00    0.6187181E-02   -0.2222873E-02   -0.1355259E-01    0.8734749E-02    0.2541316E-01   -0.8806627E-04   -0.4115518E-04   -0.1477893E-04   -0.3378729E-04   -0.1367320E-03   -0.1940781E-03   -0.1459769E-03   -0.4445806E-03    0.4778974E-02   -0.8402141E-03    0.7821172E-02    0.6434965E-01    0.4660098E-05   -0.2067453E-04
    0.2752723E-08   -0.1391753E-07    0.7843118E-08   -0.7740850E-07    0.3233420E-06   -0.5061428E-07    0.1659847E-06   -0.1392003E-06    0.4226097E-07   -0.5604674E-07   -0.3006602E-06   -0.1872387E-03    0.7786923E-05    0.1969928E-03    0.6212724E-02    0.3082712E-03    0.8177702E-03    0.6560190E-03   -0.2076911E-03    0.2872005E-03   -0.3269815E-03    0.1490894E-03    0.3051576E-03   -0.5470984E-07    0.5399531E-07   -0.2485113E-06   -0.1479771E-06   -0.5382020E-06   -0.1005040E-06   -0.1452186E-06    0.1405018E-06    0.9584287E-06    0.7552166E-06    0.2938307E-05    0.4660098E-05    0.5937791E-06    0.2482183E-07
   -0.2612937E-08    0.2792943E-07    0.1243958E-07    0.1558756E-06    0.4666248E-05   -0.1581351E-04   -0.2181386E-07   -0.3639400E-06   -0.1936597E-06    0.1344430E-07    0.2621206E-05    0.4440642E-02   -0.1863994E-04   -0.2031524E-03    0.3329313E-02    0.2683670E-04   -0.2179179E-02   -0.7621394E-02   -0.7344930E-04   -0.1335675E-03   -0.2491481E-03    0.2745895E-02    0.4892843E-02   -0.8847966E-07    0.3442434E-08   -0.2344114E-05   -0.3243322E-06   -0.1531044E-05    0.2335383E-05    0.1289113E-05   -0.5527032E-06    0.1598222E-05   -0.1222309E-05   -0.9123289E-05   -0.2067453E-04    0.2482183E-07    0.2179401E-05
