# omegabh2 omegach2 theta tau omegak mnu logA ns calPlanck acib217 xi asz143 aps100 aps143 aps143217 aps217 aksz kgal100 kgal143 kgal143217 kgal217 cal0 cal2
    0.5991200E-07   -0.3397702E-06    0.6581097E-07    0.9198537E-06   -0.4438667E-06   -0.5800223E-05    0.1197444E-05    0.9751650E-06    0.1383646E-07   -0.2550777E-03    0.4035354E-05    0.7508224E-04   -0.1253627E-02   -0.6130950E-03   -0.1525013E-03    0.5063459E-04   -0.1035638E-03   -0.3968147E-05    0.1189175E-04   -0.1269078E-04    0.1442904E-04   -0.1066206E-08   -0.3533933E-07
   -0.3397702E-06    0.5105740E-05   -0.5974294E-06   -0.1405042E-04    0.6003047E-05    0.6488188E-04   -0.1661577E-04   -0.1238861E-04   -0.1438670E-06    0.1316131E-02   -0.2777896E-04   -0.3823575E-03    0.6687775E-02    0.3126834E-02    0.8747137E-03    0.1889887E-04    0.5180654E-03    0.5775891E-04    0.2415990E-04    0.4141465E-04   -0.8324098E-04   -0.1584376E-07    0.1685901E-06
    0.6581097E-07   -0.5974294E-06    0.2465892E-06    0.1107032E-05   -0.9859361E-06   -0.1770225E-04    0.1126692E-05    0.1698817E-05    0.2874390E-07   -0.2257711E-03    0.7614113E-05    0.7811210E-04   -0.1100485E-02   -0.4419987E-03    0.7194651E-05    0.5807686E-04   -0.8573015E-04   -0.7435167E-05    0.8617783E-05    0.2017541E-04    0.3485138E-04    0.1887848E-08   -0.3504651E-07
    0.9198537E-06   -0.1405042E-04    0.1107032E-05    0.3290568E-03    0.7874402E-05    0.1213892E-02    0.6131526E-03    0.4472344E-04   -0.1798447E-05   -0.6889317E-02    0.9905632E-04    0.2037103E-02   -0.2929672E-01   -0.1668980E-01   -0.3026396E-02    0.2840580E-02   -0.3491368E-02   -0.6483677E-03    0.1059055E-02   -0.3716966E-04    0.1609809E-03   -0.1479427E-06   -0.7189426E-06
   -0.4438667E-06    0.6003047E-05   -0.9859361E-06    0.7874402E-05    0.1154844E-04    0.2473054E-03    0.2877713E-04   -0.1427859E-04    0.7265063E-07    0.1504623E-02   -0.4210658E-04   -0.4263813E-03    0.7932923E-02    0.3399278E-02    0.9346666E-03    0.2920041E-03    0.4978508E-03    0.2497213E-05    0.9995458E-04    0.1355463E-03    0.8771447E-04   -0.1756296E-07    0.2135483E-06
   -0.5800223E-05    0.6488188E-04   -0.1770225E-04    0.1213892E-02    0.2473054E-03    0.1251380E-01    0.2557511E-02   -0.1333958E-03    0.1396028E-04    0.1501097E-02   -0.5839009E-03   -0.1650725E-02    0.6126814E-01    0.1348876E-01    0.1199856E-01    0.3679930E-01   -0.1731743E-02   -0.1756983E-02    0.2961981E-02    0.5501907E-02    0.1600206E-01    0.9141621E-06    0.3200891E-05
    0.1197444E-05   -0.1661577E-04    0.1126692E-05    0.6131526E-03    0.2877713E-04    0.2557511E-02    0.1191388E-02    0.5912436E-04    0.8571671E-05   -0.1117246E-01    0.1921961E-03    0.3152230E-02   -0.3850316E-01   -0.2420811E-01   -0.5892965E-03    0.1194776E-01   -0.6481035E-02   -0.1188573E-02    0.1674857E-02   -0.5277454E-03    0.1659176E-02   -0.4758881E-07   -0.1242176E-05
    0.9751650E-06   -0.1238861E-04    0.1698817E-05    0.4472344E-04   -0.1427859E-04   -0.1333958E-03    0.5912436E-04    0.4124411E-04    0.1033703E-06   -0.7873180E-02    0.1846187E-03    0.2133274E-02   -0.4122277E-01   -0.1338710E-01    0.1360607E-02    0.6112582E-02   -0.3759362E-02    0.1667586E-03   -0.9070936E-04   -0.7233113E-03    0.6243623E-04   -0.1656111E-06   -0.9008210E-06
    0.1383646E-07   -0.1438670E-06    0.2874390E-07   -0.1798447E-05    0.7265063E-07    0.1396028E-04    0.8571671E-05    0.1033703E-06    0.6176645E-05    0.7089547E-03    0.1469953E-05   -0.7538200E-04    0.3976997E-02    0.6349836E-03    0.3246515E-03    0.1197845E-02    0.1183466E-03    0.9342707E-04   -0.1962897E-04   -0.1163985E-03    0.6715919E-03    0.1493320E-07   -0.2732268E-07
   -0.2550777E-03    0.1316131E-02   -0.2257711E-03   -0.6889317E-02    0.1504623E-02    0.1501097E-02   -0.1117246E-01   -0.7873180E-02    0.7089547E-03    0.4274479E+02   -0.4751357E+00   -0.1860455E+01    0.4451364E+02    0.1529545E+01   -0.2038807E+02   -0.5942915E+02    0.6333739E+00   -0.1159065E+00   -0.3073849E-01   -0.2180558E+01   -0.1832278E+02   -0.2431199E-03    0.4364657E-02
    0.4035354E-05   -0.2777896E-04    0.7614113E-05    0.9905632E-04   -0.4210658E-04   -0.5839009E-03    0.1921961E-03    0.1846187E-03    0.1469953E-05   -0.4751357E+00    0.8135562E-01   -0.7959003E-01   -0.3909451E+00    0.9862160E+00    0.1796285E+01    0.6966903E+00    0.8272399E-01   -0.4422644E-02    0.6186907E-02    0.9000328E-01    0.9357079E-01    0.8145804E-05   -0.1951149E-04
    0.7508224E-04   -0.3823575E-03    0.7811210E-04    0.2037103E-02   -0.4263813E-03   -0.1650725E-02    0.3152230E-02    0.2133274E-02   -0.7538200E-04   -0.1860455E+01   -0.7959003E-01    0.3820007E+01   -0.2941121E+02   -0.4192373E+01    0.7659315E+01    0.7047673E+01   -0.2874860E+01   -0.1757412E+00    0.1033274E+00    0.2344757E+01    0.2047139E+01    0.1819227E-03   -0.4125144E-03
   -0.1253627E-02    0.6687775E-02   -0.1100485E-02   -0.2929672E-01    0.7932923E-02    0.6126814E-01   -0.3850316E-01   -0.4122277E-01    0.3976997E-02    0.4451364E+02   -0.3909451E+00   -0.2941121E+02    0.7615680E+03    0.7419326E+02   -0.5426844E+02   -0.7013492E+02    0.1410327E+02   -0.3238331E+01    0.2623830E+01   -0.1012447E+02   -0.1357213E+02    0.5992026E-02    0.5323073E-02
   -0.6130950E-03    0.3126834E-02   -0.4419987E-03   -0.1668980E-01    0.3399278E-02    0.1348876E-01   -0.2420811E-01   -0.1338710E-01    0.6349836E-03    0.1529545E+01    0.9862160E+00   -0.4192373E+01    0.7419326E+02    0.6386171E+02    0.4479440E+02    0.1789852E+02   -0.4160481E+01   -0.1509593E+00   -0.1263960E+01    0.4013510E+01    0.4352764E+01    0.1818670E-03    0.4517219E-03
   -0.1525013E-03    0.8747137E-03    0.7194651E-05   -0.3026396E-02    0.9346666E-03    0.1199856E-01   -0.5892965E-03    0.1360607E-02    0.3246515E-03   -0.2038807E+02    0.1796285E+01    0.7659315E+01   -0.5426844E+02    0.4479440E+02    0.9705982E+02    0.6665814E+02   -0.1233196E+02   -0.5623279E+00   -0.4020436E+00    0.4811264E+01    0.5377941E+01    0.8743712E-03   -0.2500686E-02
    0.5063459E-04    0.1889887E-04    0.5807686E-04    0.2840580E-02    0.2920041E-03    0.3679930E-01    0.1194776E-01    0.6112582E-02    0.1197845E-02   -0.5942915E+02    0.6966903E+00    0.7047673E+01   -0.7013492E+02    0.1789852E+02    0.6665814E+02    0.1203644E+03   -0.1107075E+02   -0.1136788E+00   -0.3213120E+00    0.1288694E-01    0.1498216E+02    0.7210638E-03   -0.7536289E-02
   -0.1035638E-03    0.5180654E-03   -0.8573015E-04   -0.3491368E-02    0.4978508E-03   -0.1731743E-02   -0.6481035E-02   -0.3759362E-02    0.1183466E-03    0.6333739E+00    0.8272399E-01   -0.2874860E+01    0.1410327E+02   -0.4160481E+01   -0.1233196E+02   -0.1107075E+02    0.6455040E+01    0.7784779E-01   -0.1536230E+00   -0.2023004E+01   -0.1600877E+01   -0.1377550E-03    0.2134576E-03
   -0.3968147E-05    0.5775891E-04   -0.7435167E-05   -0.6483677E-03    0.2497213E-05   -0.1756983E-02   -0.1188573E-02    0.1667586E-03    0.9342707E-04   -0.1159065E+00   -0.4422644E-02   -0.1757412E+00   -0.3238331E+01   -0.1509593E+00   -0.5623279E+00   -0.1136788E+00    0.7784779E-01    0.3532772E+01    0.4517289E+00    0.1111499E+00    0.2267719E+00    0.3104817E-03   -0.3838127E-05
    0.1189175E-04    0.2415990E-04    0.8617783E-05    0.1059055E-02    0.9995458E-04    0.2961981E-02    0.1674857E-02   -0.9070936E-04   -0.1962897E-04   -0.3073849E-01    0.6186907E-02    0.1033274E+00    0.2623830E+01   -0.1263960E+01   -0.4020436E+00   -0.3213120E+00   -0.1536230E+00    0.4517289E+00    0.3392797E+01    0.2648755E+01    0.1873304E+01   -0.2703345E-03   -0.2155919E-03
   -0.1269078E-04    0.4141465E-04    0.2017541E-04   -0.3716966E-04    0.1355463E-03    0.5501907E-02   -0.5277454E-03   -0.7233113E-03   -0.1163985E-03   -0.2180558E+01    0.9000328E-01    0.2344757E+01   -0.1012447E+02    0.4013510E+01    0.4811264E+01    0.1288694E-01   -0.2023004E+01    0.1111499E+00    0.2648755E+01    0.1757312E+02    0.2634241E+02    0.2755059E-04    0.2532327E-02
    0.1442904E-04   -0.8324098E-04    0.3485138E-04    0.1609809E-03    0.8771447E-04    0.1600206E-01    0.1659176E-02    0.6243623E-04    0.6715919E-03   -0.1832278E+02    0.9357079E-01    0.2047139E+01   -0.1357213E+02    0.4352764E+01    0.5377941E+01    0.1498216E+02   -0.1600877E+01    0.2267719E+00    0.1873304E+01    0.2634241E+02    0.5555382E+02    0.1568140E-03    0.4618250E-02
   -0.1066206E-08   -0.1584376E-07    0.1887848E-08   -0.1479427E-06   -0.1756296E-07    0.9141621E-06   -0.4758881E-07   -0.1656111E-06    0.1493320E-07   -0.2431199E-03    0.8145804E-05    0.1819227E-03    0.5992026E-02    0.1818670E-03    0.8743712E-03    0.7210638E-03   -0.1377550E-03    0.3104817E-03   -0.2703345E-03    0.2755059E-04    0.1568140E-03    0.6014023E-06    0.1742571E-07
   -0.3533933E-07    0.1685901E-06   -0.3504651E-07   -0.7189426E-06    0.2135483E-06    0.3200891E-05   -0.1242176E-05   -0.9008210E-06   -0.2732268E-07    0.4364657E-02   -0.1951149E-04   -0.4125144E-03    0.5323073E-02    0.4517219E-03   -0.2500686E-02   -0.7536289E-02    0.2134576E-03   -0.3838127E-05   -0.2155919E-03    0.2532327E-02    0.4618250E-02    0.1742571E-07    0.2098250E-05
