# omegabh2 omegach2 theta tau logA ns calPlanck acib217 xi asz143 aps100 aps143 aps143217 aps217 aksz kgal100 kgal143 kgal143217 kgal217 galfTE100 galfTE100143 galfTE100217 galfTE143 galfTE143217 galfTE217 cal0 cal2
  2.0670646E-08  -7.9208367E-08   1.4953688E-08   2.5278676E-07   4.3310685E-07   2.2705653E-07   1.2267999E-08  -6.5457344E-05   1.0848062E-06   1.6828362E-05  -2.5028101E-04  -1.7979963E-04  -5.3606375E-05  -7.3843323E-06  -3.8473262E-05  -1.6228834E-05  -2.4559729E-05  -2.9107267E-05  -1.6095573E-05  -6.2712143E-08   5.9151833E-08   1.1906878E-07  -1.4394888E-07  -3.3808229E-07  -3.0987836E-06   3.5819403E-09  -1.3840674E-09
 -7.9208367E-08   1.2082733E-06  -1.0440576E-07  -2.8291726E-06  -3.3278075E-06  -3.0358967E-06  -1.9368158E-07   1.0449365E-04  -1.0446784E-05  -8.6250408E-05   1.6028214E-03   1.0334362E-03   2.6332850E-04   3.0668842E-04   7.0236413E-05   9.5605828E-05   4.9095923E-05   9.2447623E-05   1.9582122E-04   8.9385720E-07  -4.7907239E-07  -1.1576148E-06  -7.9390098E-07   8.1613467E-07   2.4795654E-05  -1.7903934E-08   4.1976155E-09
  1.4953688E-08  -1.0440576E-07   9.3196587E-08   3.1531528E-07   5.1622658E-07   3.6859133E-07   1.8447026E-08   8.0379819E-05   1.9722663E-06  -3.8178759E-06   3.3157042E-04  -8.0522801E-05  -4.4788589E-05  -2.1644699E-04   1.1502919E-05  -3.4728510E-05   2.8437550E-05   1.0549995E-05  -2.3157083E-05  -3.2990366E-07   8.3126514E-08   6.4042980E-07   3.4849203E-07   3.8329349E-07  -2.8243102E-06  -8.2744764E-09   1.4682074E-09
  2.5278676E-07  -2.8291726E-06   3.1531528E-07   4.9018153E-05   8.8622244E-05   9.2305944E-06  -1.1132000E-06  -7.3383104E-04   6.9020891E-06   3.4453963E-04  -2.4434220E-03  -2.2129357E-03  -7.5000547E-04  -1.1891681E-03  -1.2775809E-03  -3.1413598E-04  -3.9729831E-05   5.1492936E-05  -2.4103568E-04   1.1574432E-05  -1.9748841E-06   2.5461708E-05  -1.4718027E-05  -2.0149090E-05  -1.2987892E-04  -4.7852951E-08  -9.1702303E-08
  4.3310685E-07  -3.3278075E-06   5.1622658E-07   8.8622244E-05   1.8976932E-04   1.0884520E-05   9.2760441E-06  -2.2434732E-04  -1.7849309E-05   3.7630663E-04   5.3336053E-03  -5.2819704E-04   4.7873572E-04   2.2106285E-03  -2.9320163E-03  -7.0229077E-04  -7.5280084E-04  -6.5047809E-04   1.0565794E-04   1.8820042E-05  -1.1505250E-05   4.3751408E-05  -3.7858649E-05  -4.7420163E-05  -2.6083174E-04   1.9354050E-08  -1.2033485E-07
  2.2705653E-07  -3.0358967E-06   3.6859133E-07   9.2305944E-06   1.0884520E-05   1.7219100E-05   4.0756570E-07  -4.5073372E-03   9.5256567E-05   1.0163315E-03  -2.4706458E-02  -7.1137966E-03   1.9068517E-03   4.6532382E-03  -2.3976452E-03  -1.9695895E-04  -4.3506300E-04  -5.5175772E-04   7.8082946E-04  -4.3458051E-06   3.8541781E-06   9.8964277E-07   5.6934168E-06   9.9952307E-06  -5.2811434E-05  -6.7412945E-08  -8.5044822E-08
  1.2267999E-08  -1.9368158E-07   1.8447026E-08  -1.1132000E-06   9.2760441E-06   4.0756570E-07   5.9956493E-06   9.9414518E-04  -2.5120851E-05  -2.0162420E-05   4.7664342E-03   8.5155865E-04   1.8629707E-04   9.5739877E-04   7.0863438E-05  -7.8580916E-06  -1.2263954E-04  -1.9180642E-04   3.6849417E-04  -2.7980463E-06  -3.1149627E-06   8.5869862E-07  -2.6757718E-06  -3.8328987E-06  -2.7305498E-05   4.5524529E-09   4.0248538E-08
 -6.5457344E-05   1.0449365E-04   8.0379819E-05  -7.3383104E-04  -2.2434732E-04  -4.5073372E-03   9.9414518E-04   4.4847658E+01  -3.7362416E-01  -7.7390198E-01   3.9065029E+01   2.2588153E+00  -1.1698685E+01  -5.4715995E+01  -3.3477668E-01  -5.4059465E-02   2.8919469E-01  -5.9843727E+00  -3.3464925E+01  -2.6494021E-03  -5.2397754E-03   1.0751000E-03   2.4066347E-03  -1.3437451E-02  -2.3540789E-02  -2.4395057E-04   8.0025197E-04
  1.0848062E-06  -1.0446784E-05   1.9722663E-06   6.9020891E-06  -1.7849309E-05   9.5256567E-05  -2.5120851E-05  -3.7362416E-01   8.0490349E-02  -3.1342555E-02  -5.5604492E-01   9.1315769E-01   1.6898500E+00   5.4902696E-01   5.0144703E-02  -1.7002207E-02   9.0821915E-03   1.3687785E-01   2.1594032E-01  -7.4396738E-05   2.0370517E-04  -7.4252251E-04   6.1974320E-04   7.5329884E-04   1.4165250E-03   4.9376690E-06   8.5919203E-06
  1.6828362E-05  -8.6250408E-05  -3.8178759E-06   3.4453963E-04   3.7630663E-04   1.0163315E-03  -2.0162420E-05  -7.7390198E-01  -3.1342555E-02   3.9411837E+00  -2.9637468E+01  -3.1900803E+00   8.1345478E+00   5.1618884E+00  -2.7168907E+00  -3.7347193E-01   2.0818175E-01   2.8244364E+00   3.4205615E+00  -3.5191788E-03  -1.7584146E-03  -1.2868805E-03  -2.0705595E-03   1.1002745E-03   1.1002409E-02   1.3755399E-04  -4.2237578E-05
 -2.5028101E-04   1.6028214E-03   3.3157042E-04  -2.4434220E-03   5.3336053E-03  -2.4706458E-02   4.7664342E-03   3.9065029E+01  -5.5604492E-01  -2.9637468E+01   7.7228995E+02   7.2246413E+01  -5.2006554E+01  -6.0014011E+01   1.1840659E+01  -4.9560880E+00   4.6080719E+00  -1.2500729E+01  -2.5442612E+01   2.3398509E-02  -1.0352264E-02   1.9151117E-02   1.6093630E-02   4.4310047E-02   4.3277576E-02   3.6741533E-03   5.3389848E-04
 -1.7979963E-04   1.0334362E-03  -8.0522801E-05  -2.2129357E-03  -5.2819704E-04  -7.1137966E-03   8.5155865E-04   2.2588153E+00   9.1315769E-01  -3.1900803E+00   7.2246413E+01   6.0699381E+01   3.9677733E+01   1.3913116E+01  -4.7803097E+00  -2.1479646E-01  -1.2073826E+00   3.4889425E+00   4.6238804E+00   5.5675406E-03   3.3292271E-04   1.1755058E-03  -6.5301630E-03   1.5477740E-02   7.5310010E-03   1.3296025E-04   2.5640437E-04
 -5.3606375E-05   2.6332850E-04  -4.4788589E-05  -7.5000547E-04   4.7873572E-04   1.9068517E-03   1.8629707E-04  -1.1698685E+01   1.6898500E+00   8.1345478E+00  -5.2006554E+01   3.9677733E+01   8.5582433E+01   4.9491566E+01  -1.1689810E+01  -1.3285694E+00  -4.1749411E-01   5.7121444E+00   9.1366395E+00  -8.2608649E-03   1.4245388E-03  -2.1135982E-02   1.0247641E-02   3.2402215E-02   4.6899062E-02   5.0133503E-04  -2.4819045E-04
 -7.3843323E-06   3.0668842E-04  -2.1644699E-04  -1.1891681E-03   2.2106285E-03   4.6532382E-03   9.5739877E-04  -5.4715995E+01   5.4902696E-01   5.1618884E+00  -6.0014011E+01   1.3913116E+01   4.9491566E+01   1.0164023E+02  -8.8572921E+00  -5.0221240E-01  -9.1649390E-01   5.4774726E+00   3.3015503E+01  -2.0074196E-03  -1.7019115E-03  -1.9864983E-02   3.3298210E-04   3.0435355E-02   2.2993759E-02   5.6435786E-04  -1.6039903E-03
 -3.8473262E-05   7.0236413E-05   1.1502919E-05  -1.2775809E-03  -2.9320163E-03  -2.3976452E-03   7.0863438E-05  -3.3477668E-01   5.0144703E-02  -2.7168907E+00   1.1840659E+01  -4.7803097E+00  -1.1689810E+01  -8.8572921E+00   5.8631579E+00   2.2252465E-01  -1.9376620E-01  -2.0308605E+00  -2.0629949E+00   9.0838891E-04   2.1181468E-03   3.0243131E-03   5.1473022E-03  -6.9656462E-03  -2.5975690E-03  -1.0595842E-04   3.6503988E-05
 -1.6228834E-05   9.5605828E-05  -3.4728510E-05  -3.1413598E-04  -7.0229077E-04  -1.9695895E-04  -7.8580916E-06  -5.4059465E-02  -1.7002207E-02  -3.7347193E-01  -4.9560880E+00  -2.1479646E-01  -1.3285694E+00  -5.0221240E-01   2.2252465E-01   3.2110337E+00   5.2044287E-01   2.1712627E-01   5.2913811E-01   3.6102463E-05   7.4481227E-04   4.4417954E-03  -7.5646361E-04  -3.7877014E-03  -7.7211507E-03   1.6373785E-04   3.8224371E-05
 -2.4559729E-05   4.9095923E-05   2.8437550E-05  -3.9729831E-05  -7.5280084E-04  -4.3506300E-04  -1.2263954E-04   2.8919469E-01   9.0821915E-03   2.0818175E-01   4.6080719E+00  -1.2073826E+00  -4.1749411E-01  -9.1649390E-01  -1.9376620E-01   5.2044287E-01   3.1685531E+00   2.8254102E+00   3.1050922E+00   6.6307355E-04  -1.5927334E-03   3.3307646E-04   1.4267715E-03   7.7694029E-04  -1.4878667E-02  -1.8926772E-04  -3.6609047E-05
 -2.9107267E-05   9.2447623E-05   1.0549995E-05   5.1492936E-05  -6.5047809E-04  -5.5175772E-04  -1.9180642E-04  -5.9843727E+00   1.3687785E-01   2.8244364E+00  -1.2500729E+01   3.4889425E+00   5.7121444E+00   5.4774726E+00  -2.0308605E+00   2.1712627E-01   2.8254102E+00   1.1200287E+01   1.9970579E+01  -1.4720812E-04  -2.1377106E-03   1.1059854E-04  -8.6190012E-03  -3.1448629E-04   5.6048250E-03   6.5373685E-05   4.6812498E-04
 -1.6095573E-05   1.9582122E-04  -2.3157083E-05  -2.4103568E-04   1.0565794E-04   7.8082946E-04   3.6849417E-04  -3.3464925E+01   2.1594032E-01   3.4205615E+00  -2.5442612E+01   4.6238804E+00   9.1366395E+00   3.3015503E+01  -2.0629949E+00   5.2913811E-01   3.1050922E+00   1.9970579E+01   5.4437817E+01   2.7345921E-03   1.6835976E-03   1.2642185E-02  -2.0690150E-02   1.9215533E-03   2.2313468E-02   1.9666375E-04   1.0303799E-03
 -6.2712143E-08   8.9385720E-07  -3.2990366E-07   1.1574432E-05   1.8820042E-05  -4.3458051E-06  -2.7980463E-06  -2.6494021E-03  -7.4396738E-05  -3.5191788E-03   2.3398509E-02   5.5675406E-03  -8.2608649E-03  -2.0074196E-03   9.0838891E-04   3.6102463E-05   6.6307355E-04  -1.4720812E-04   2.7345921E-03   1.4370316E-03   2.6814878E-04  -4.1842072E-06  -3.3939311E-04  -1.6082115E-04  -6.1975212E-04  -5.3482751E-08  -3.9037875E-07
  5.9151833E-08  -4.7907239E-07   8.3126514E-08  -1.9748841E-06  -1.1505250E-05   3.8541781E-06  -3.1149627E-06  -5.2397754E-03   2.0370517E-04  -1.7584146E-03  -1.0352264E-02   3.3292271E-04   1.4245388E-03  -1.7019115E-03   2.1181468E-03   7.4481227E-04  -1.5927334E-03  -2.1377106E-03   1.6835976E-03   2.6814878E-04   8.5713752E-04  -9.3275219E-05   7.3825150E-04  -5.3034334E-06  -6.6656176E-04  -6.5585409E-08   3.3440608E-07
  1.1906878E-07  -1.1576148E-06   6.4042980E-07   2.5461708E-05   4.3751408E-05   9.8964277E-07   8.5869862E-07   1.0751000E-03  -7.4252251E-04  -1.2868805E-03   1.9151117E-02   1.1755058E-03  -2.1135982E-02  -1.9864983E-02   3.0243131E-03   4.4417954E-03   3.3307646E-04   1.1059854E-04   1.2642185E-02  -4.1842072E-06  -9.3275219E-05   6.8449835E-03  -4.1458517E-04   3.2030112E-04   3.8382698E-03  -4.7566655E-07   1.1018421E-06
 -1.4394888E-07  -7.9390098E-07   3.4849203E-07  -1.4718027E-05  -3.7858649E-05   5.6934168E-06  -2.6757718E-06   2.4066347E-03   6.1974320E-04  -2.0705595E-03   1.6093630E-02  -6.5301630E-03   1.0247641E-02   3.3298210E-04   5.1473022E-03  -7.5646361E-04   1.4267715E-03  -8.6190012E-03  -2.0690150E-02  -3.3939311E-04   7.3825150E-04  -4.1458517E-04   2.9692198E-03   6.6101585E-04  -5.0351207E-04   7.3918262E-07  -8.1390677E-07
 -3.3808229E-07   8.1613467E-07   3.8329349E-07  -2.0149090E-05  -4.7420163E-05   9.9952307E-06  -3.8328987E-06  -1.3437451E-02   7.5329884E-04   1.1002745E-03   4.4310047E-02   1.5477740E-02   3.2402215E-02   3.0435355E-02  -6.9656462E-03  -3.7877014E-03   7.7694029E-04  -3.1448629E-04   1.9215533E-03  -1.6082115E-04  -5.3034334E-06   3.2030112E-04   6.6101585E-04   6.8942020E-03   8.1182399E-03   1.4410926E-06  -1.0047736E-06
 -3.0987836E-06   2.4795654E-05  -2.8243102E-06  -1.2987892E-04  -2.6083174E-04  -5.2811434E-05  -2.7305498E-05  -2.3540789E-02   1.4165250E-03   1.1002409E-02   4.3277576E-02   7.5310010E-03   4.6899062E-02   2.2993759E-02  -2.5975690E-03  -7.7211507E-03  -1.4878667E-02   5.6048250E-03   2.2313468E-02  -6.1975212E-04  -6.6656176E-04   3.8382698E-03  -5.0351207E-04   8.1182399E-03   7.3909265E-02   5.9774428E-06  -5.8183522E-07
  3.5819403E-09  -1.7903934E-08  -8.2744764E-09  -4.7852951E-08   1.9354050E-08  -6.7412945E-08   4.5524529E-09  -2.4395057E-04   4.9376690E-06   1.3755399E-04   3.6741533E-03   1.3296025E-04   5.0133503E-04   5.6435786E-04  -1.0595842E-04   1.6373785E-04  -1.8926772E-04   6.5373685E-05   1.9666375E-04  -5.3482751E-08  -6.5585409E-08  -4.7566655E-07   7.3918262E-07   1.4410926E-06   5.9774428E-06   3.8190419E-07  -1.0069231E-08
 -1.3840674E-09   4.1976155E-09   1.4682074E-09  -9.1702303E-08  -1.2033485E-07  -8.5044822E-08   4.0248538E-08   8.0025197E-04   8.5919203E-06  -4.2237578E-05   5.3389848E-04   2.5640437E-04  -2.4819045E-04  -1.6039903E-03   3.6503988E-05   3.8224371E-05  -3.6609047E-05   4.6812498E-04   1.0303799E-03  -3.9037875E-07   3.3440608E-07   1.1018421E-06  -8.1390677E-07  -1.0047736E-06  -5.8183522E-07  -1.0069231E-08   4.0486167E-07
