# omegabh2 omegach2 theta tau logA ns calPlanck acib217 xi asz143 aps100 aps143 aps143217 aps217 aksz kgal100 kgal143 kgal143217 kgal217 galfTE100 galfTE100143 galfTE100217 galfTE143 galfTE143217 galfTE217 cal0 cal2
  1.9526491E-08  -7.7022561E-08   1.2891627E-08   7.9926227E-07   1.4574905E-06   2.2339381E-07  -1.3049716E-08  -1.0111254E-04   1.8272106E-06   1.8625353E-05  -4.0467223E-04  -2.1476440E-04  -7.1321439E-05   2.7219334E-05  -2.8952451E-05  -8.9504399E-06  -1.1857263E-05  -1.0630609E-05   1.5123599E-05   9.1754591E-09  -1.4046929E-07  -2.2698525E-07  -2.8726928E-07  -7.0384417E-07  -1.8673673E-06   2.4969123E-09  -2.7141292E-09
 -7.7022561E-08   1.1729764E-06  -7.3307714E-08  -1.0003889E-05  -1.7091619E-05  -3.0091832E-06   3.8165548E-09   3.7616715E-04  -9.9690462E-06  -4.2023627E-05   1.2523875E-03   9.1709741E-04   3.9724287E-04   4.5452599E-05   7.0090950E-05   3.4250646E-05   5.9283720E-05   1.1770424E-04   5.7297500E-05   5.1733425E-07  -6.6980530E-08  -9.1700206E-07   1.0773285E-06   2.0460678E-06   9.9402969E-06   3.5344610E-09   2.4752462E-08
  1.2891627E-08  -7.3307714E-08   8.7719677E-08   8.3659162E-07   1.5574688E-06   2.9969966E-07  -7.1658592E-09  -2.0452815E-06   1.0627174E-06   1.1445799E-05  -4.5290921E-05  -2.6237336E-05  -1.5920407E-05  -3.8137142E-05  -1.5225632E-05   1.1114154E-05   1.6637518E-06   2.4439207E-05   2.6411255E-05  -4.6565739E-08  -2.1946264E-07  -1.0541878E-07  -2.8999549E-07  -8.2596909E-07  -3.1628319E-06   3.8974962E-09  -2.1707321E-09
  7.9926227E-07  -1.0003889E-05   8.3659162E-07   2.3505043E-04   4.2985277E-04   3.2998876E-05  -6.3468304E-06  -6.6219064E-03   9.5720955E-05   1.3448474E-03  -2.7143386E-02  -1.6009698E-02  -6.2601143E-03  -7.9902835E-04  -2.2279490E-03  -6.3529032E-04  -6.9242498E-04  -1.3379906E-03  -1.4472856E-03  -5.7233028E-06   9.8183725E-07   2.4075598E-05  -2.0106701E-05  -2.4455658E-05  -8.2394138E-05  -2.0060223E-08  -5.3201116E-07
  1.4574905E-06  -1.7091619E-05   1.5574688E-06   4.2985277E-04   8.1532594E-04   5.6067909E-05   1.5761829E-07  -1.2590009E-02   2.1672915E-04   2.2914050E-03  -4.3350960E-02  -2.7149492E-02  -8.9644447E-03   4.3680578E-03  -4.4418416E-03  -1.3843586E-03  -1.8135768E-03  -2.9261377E-03  -9.7236225E-04  -7.2952698E-06   2.8854926E-06   3.8013107E-05  -3.6892479E-05  -4.7730205E-05  -1.1578900E-04   9.5836061E-08  -1.0007853E-06
  2.2339381E-07  -3.0091832E-06   2.9969966E-07   3.2998876E-05   5.6067909E-05   1.6908885E-05  -3.8880801E-07  -4.8953631E-03   1.0015563E-04   7.8629479E-04  -2.1107899E-02  -7.5219531E-03   1.2863342E-04   4.1515194E-03  -1.9319926E-03   1.2943246E-04  -4.2580206E-04  -6.3453074E-04   8.9116082E-04  -5.5100254E-07   2.0376290E-07   5.5335856E-06  -3.1273178E-06  -1.1280005E-05  -2.3424736E-05  -4.5925756E-08  -1.2654231E-07
 -1.3049716E-08   3.8165548E-09  -7.1658592E-09  -6.3468304E-06   1.5761829E-07  -3.8880801E-07   6.4230662E-06   5.2414492E-04   1.5565014E-06  -1.5028646E-04   6.7621702E-03   1.2031480E-03   4.4565607E-04   1.5970701E-03   2.4749003E-04   6.2787264E-05   4.5867831E-06  -7.4406834E-05   9.0631580E-04   5.5840707E-07   4.3780313E-07  -3.8127404E-06   4.8825112E-07  -1.4428362E-06   1.6241156E-05  -3.3905813E-09  -6.0010599E-09
 -1.0111254E-04   3.7616715E-04  -2.0452815E-06  -6.6219064E-03  -1.2590009E-02  -4.8953631E-03   5.2414492E-04   4.3643046E+01  -3.7788126E-01  -2.9323400E-01   3.1204302E+01   2.0638914E+00  -1.0977269E+01  -5.2539413E+01  -6.5993367E-01   3.5554628E-01   4.3704183E-01  -5.5625066E+00  -3.2969088E+01  -6.9519996E-04  -2.2536457E-03  -5.0859944E-03  -5.0180379E-03   2.5890149E-03   3.1630300E-02  -1.3000192E-04   7.1407401E-04
  1.8272106E-06  -9.9690462E-06   1.0627174E-06   9.5720955E-05   2.1672915E-04   1.0015563E-04   1.5565014E-06  -3.7788126E-01   8.0513465E-02  -3.9662508E-02  -5.5924810E-01   9.8162548E-01   1.7685017E+00   6.7757907E-01   2.6959213E-02  -2.3594043E-02   9.2882708E-03   1.0567284E-01   1.1922014E-01   7.8435997E-05   1.4834703E-04  -3.8309585E-05   3.1229283E-04  -1.1901584E-04  -1.4384980E-04  -1.1579678E-06  -2.5726931E-06
  1.8625353E-05  -4.2023627E-05   1.1445799E-05   1.3448474E-03   2.2914050E-03   7.8629479E-04  -1.5028646E-04  -2.9323400E-01  -3.9662508E-02   3.7195229E+00  -2.9673742E+01  -3.5770769E+00   6.8182264E+00   3.9285155E+00  -2.3950619E+00  -2.0540724E-01   1.0033253E-01   2.4694347E+00   2.8250812E+00   7.6839517E-04  -2.3846412E-04  -9.8556355E-04  -1.5975461E-03  -2.4783901E-03   4.8712005E-03   8.0985667E-05  -1.7636128E-05
 -4.0467223E-04   1.2523875E-03  -4.5290921E-05  -2.7143386E-02  -4.3350960E-02  -2.1107899E-02   6.7621702E-03   3.1204302E+01  -5.5924810E-01  -2.9673742E+01   7.7815241E+02   6.8983571E+01  -4.7973274E+01  -4.7114129E+01   1.1661932E+01  -4.7618839E+00   6.2579640E+00  -1.3081276E+01  -2.3565000E+01  -8.4741791E-03  -6.5209065E-03  -3.1148067E-02   3.2446504E-02   4.5768173E-03  -2.0764341E-01   3.6961378E-03   1.2827868E-04
 -2.1476440E-04   9.1709741E-04  -2.6237336E-05  -1.6009698E-02  -2.7149492E-02  -7.5219531E-03   1.2031480E-03   2.0638914E+00   9.8162548E-01  -3.5770769E+00   6.8983571E+01   6.2438299E+01   4.1556654E+01   1.5095953E+01  -4.5868535E+00  -2.3011531E-01  -1.3087702E+00   3.0882939E+00   3.4680634E+00  -8.4059225E-03   3.2384457E-03  -8.6419416E-03   1.6109934E-02   1.6301388E-02   6.7478574E-03  -6.0268259E-05   1.0914996E-04
 -7.1321439E-05   3.9724287E-04  -1.5920407E-05  -6.2601143E-03  -8.9644447E-03   1.2863342E-04   4.4565607E-04  -1.0977269E+01   1.7685017E+00   6.8182264E+00  -4.7973274E+01   4.1556654E+01   8.4704656E+01   4.9130732E+01  -1.0455471E+01  -1.0647710E+00  -7.2038030E-01   4.3293313E+00   6.1924836E+00  -2.1946615E-03   3.6644153E-03  -1.6158930E-02   1.4321524E-02   5.0874683E-03  -1.2307980E-02   2.3123276E-04  -2.9275401E-04
  2.7219334E-05   4.5452599E-05  -3.8137142E-05  -7.9902835E-04   4.3680578E-03   4.1515194E-03   1.5970701E-03  -5.2539413E+01   6.7757907E-01   3.9285155E+00  -4.7114129E+01   1.5095953E+01   4.9130732E+01   9.7459374E+01  -7.2713150E+00  -9.1511181E-01  -1.2868735E+00   4.4312202E+00   3.1307280E+01  -2.4331650E-03   4.7505470E-03  -3.1680576E-03   1.7433049E-02   2.2234245E-03  -5.0832850E-02   3.6326969E-04  -1.2976044E-03
 -2.8952451E-05   7.0090950E-05  -1.5225632E-05  -2.2279490E-03  -4.4418416E-03  -1.9319926E-03   2.4749003E-04  -6.5993367E-01   2.6959213E-02  -2.3950619E+00   1.1661932E+01  -4.5868535E+00  -1.0455471E+01  -7.2713150E+00   5.1479199E+00   9.1863015E-02  -1.5682071E-01  -1.8284600E+00  -1.7631024E+00   8.8666496E-04   2.7830848E-04   2.1024367E-03  -6.2591301E-04   1.9366087E-03  -2.5098018E-03  -5.3822257E-05  -2.0693501E-05
 -8.9504399E-06   3.4250646E-05   1.1114154E-05  -6.3529032E-04  -1.3843586E-03   1.2943246E-04   6.2787264E-05   3.5554628E-01  -2.3594043E-02  -2.0540724E-01  -4.7618839E+00  -2.3011531E-01  -1.0647710E+00  -9.1511181E-01   9.1863015E-02   3.2477213E+00   5.3962302E-01   8.4583290E-02  -3.6699771E-04  -8.5321227E-04   5.5829041E-04  -1.6461966E-03  -6.1253667E-04   3.4573160E-04  -1.9563592E-03   1.7449159E-04  -6.0448756E-06
 -1.1857263E-05   5.9283720E-05   1.6637518E-06  -6.9242498E-04  -1.8135768E-03  -4.2580206E-04   4.5867831E-06   4.3704183E-01   9.2882708E-03   1.0033253E-01   6.2579640E+00  -1.3087702E+00  -7.2038030E-01  -1.2868735E+00  -1.5682071E-01   5.3962302E-01   3.1635924E+00   2.6212192E+00   2.7246401E+00  -1.9003952E-04  -1.7427575E-04  -1.2105080E-03  -4.7133601E-04  -1.4809762E-03  -1.6379912E-03  -1.8744239E-04  -5.2129878E-05
 -1.0630609E-05   1.1770424E-04   2.4439207E-05  -1.3379906E-03  -2.9261377E-03  -6.3453074E-04  -7.4406834E-05  -5.5625066E+00   1.0567284E-01   2.4694347E+00  -1.3081276E+01   3.0882939E+00   4.3293313E+00   4.4312202E+00  -1.8284600E+00   8.4583290E-02   2.6212192E+00   1.0303394E+01   1.8616471E+01   5.0024955E-04   5.9051706E-06   1.6213452E-03  -3.0438485E-03  -5.8681665E-03   9.0686494E-03  -1.2618804E-04   3.8312584E-04
  1.5123599E-05   5.7297500E-05   2.6411255E-05  -1.4472856E-03  -9.7236225E-04   8.9116082E-04   9.0631580E-04  -3.2969088E+01   1.1922014E-01   2.8250812E+00  -2.3565000E+01   3.4680634E+00   6.1924836E+00   3.1307280E+01  -1.7631024E+00  -3.6699771E-04   2.7246401E+00   1.8616471E+01   5.3169761E+01   9.7691933E-04  -3.5982712E-04   7.5685428E-03  -5.9736379E-03  -1.2198487E-02  -5.6451393E-03  -1.3562075E-04   8.9185968E-04
  9.1754591E-09   5.1733425E-07  -4.6565739E-08  -5.7233028E-06  -7.2952698E-06  -5.5100254E-07   5.5840707E-07  -6.9519996E-04   7.8435997E-05   7.6839517E-04  -8.4741791E-03  -8.4059225E-03  -2.1946615E-03  -2.4331650E-03   8.8666496E-04  -8.5321227E-04  -1.9003952E-04   5.0024955E-04   9.7691933E-04   1.4211642E-03   2.2429301E-04   1.0305405E-04  -4.3142864E-04  -1.4943448E-04  -1.8206107E-04  -2.6547849E-08  -7.6310768E-08
 -1.4046929E-07  -6.6980530E-08  -2.1946264E-07   9.8183725E-07   2.8854926E-06   2.0376290E-07   4.3780313E-07  -2.2536457E-03   1.4834703E-04  -2.3846412E-04  -6.5209065E-03   3.2384457E-03   3.6644153E-03   4.7505470E-03   2.7830848E-04   5.5829041E-04  -1.7427575E-04   5.9051706E-06  -3.5982712E-04   2.2429301E-04   8.3588510E-04   1.0413368E-04   7.2202034E-04   5.5465219E-05  -7.3482162E-04   8.9954551E-08  -2.7697189E-07
 -2.2698525E-07  -9.1700206E-07  -1.0541878E-07   2.4075598E-05   3.8013107E-05   5.5335856E-06  -3.8127404E-06  -5.0859944E-03  -3.8309585E-05  -9.8556355E-04  -3.1148067E-02  -8.6419416E-03  -1.6158930E-02  -3.1680576E-03   2.1024367E-03  -1.6461966E-03  -1.2105080E-03   1.6213452E-03   7.5685428E-03   1.0305405E-04   1.0413368E-04   7.2422950E-03  -2.6711998E-04   7.5134978E-04   4.9784077E-03  -9.7965033E-07   7.7459320E-07
 -2.8726928E-07   1.0773285E-06  -2.8999549E-07  -2.0106701E-05  -3.6892479E-05  -3.1273178E-06   4.8825112E-07  -5.0180379E-03   3.1229283E-04  -1.5975461E-03   3.2446504E-02   1.6109934E-02   1.4321524E-02   1.7433049E-02  -6.2591301E-04  -6.1253667E-04  -4.7133601E-04  -3.0438485E-03  -5.9736379E-03  -4.3142864E-04   7.2202034E-04  -2.6711998E-04   2.9236314E-03   4.2520505E-04  -9.3153453E-04   5.6123265E-07  -1.0506485E-06
 -7.0384417E-07   2.0460678E-06  -8.2596909E-07  -2.4455658E-05  -4.7730205E-05  -1.1280005E-05  -1.4428362E-06   2.5890149E-03  -1.1901584E-04  -2.4783901E-03   4.5768173E-03   1.6301388E-02   5.0874683E-03   2.2234245E-03   1.9366087E-03   3.4573160E-04  -1.4809762E-03  -5.8681665E-03  -1.2198487E-02  -1.4943448E-04   5.5465219E-05   7.5134978E-04   4.2520505E-04   6.1960193E-03   7.9176024E-03  -6.2751366E-07  -1.5090607E-06
 -1.8673673E-06   9.9402969E-06  -3.1628319E-06  -8.2394138E-05  -1.1578900E-04  -2.3424736E-05   1.6241156E-05   3.1630300E-02  -1.4384980E-04   4.8712005E-03  -2.0764341E-01   6.7478574E-03  -1.2307980E-02  -5.0832850E-02  -2.5098018E-03  -1.9563592E-03  -1.6379912E-03   9.0686494E-03  -5.6451393E-03  -1.8206107E-04  -7.3482162E-04   4.9784077E-03  -9.3153453E-04   7.9176024E-03   7.2718794E-02  -6.5747261E-06  -1.3294308E-06
  2.4969123E-09   3.5344610E-09   3.8974962E-09  -2.0060223E-08   9.5836061E-08  -4.5925756E-08  -3.3905813E-09  -1.3000192E-04  -1.1579678E-06   8.0985667E-05   3.6961378E-03  -6.0268259E-05   2.3123276E-04   3.6326969E-04  -5.3822257E-05   1.7449159E-04  -1.8744239E-04  -1.2618804E-04  -1.3562075E-04  -2.6547849E-08   8.9954551E-08  -9.7965033E-07   5.6123265E-07  -6.2751366E-07  -6.5747261E-06   3.6682732E-07  -5.5827275E-09
 -2.7141292E-09   2.4752462E-08  -2.1707321E-09  -5.3201116E-07  -1.0007853E-06  -1.2654231E-07  -6.0010599E-09   7.1407401E-04  -2.5726931E-06  -1.7636128E-05   1.2827868E-04   1.0914996E-04  -2.9275401E-04  -1.2976044E-03  -2.0693501E-05  -6.0448756E-06  -5.2129878E-05   3.8312584E-04   8.9185968E-04  -7.6310768E-08  -2.7697189E-07   7.7459320E-07  -1.0506485E-06  -1.5090607E-06  -1.3294308E-06  -5.5827275E-09   3.8039279E-07
