# omegabh2 omegach2 theta tau mnu logA ns calPlanck aps100 aps143 aps217 acib217 asz143 psr cibr xi aksz dust100 dust143 dust217 dust143x217 cal0 cal2 calTE calEE
  2.5552074E-08  -9.9690048E-08   1.7640376E-08   2.2623998E-07  -3.2268353E-07   4.1240335E-07   2.9855767E-07   5.5633389E-08  -2.4806126E-04  -2.4774482E-04   5.8293983E-05  -1.1721275E-04   8.3180947E-06  -2.7044545E-07  -1.6935903E-07   9.3481345E-08  -3.1487979E-05  -5.0444835E-07  -5.5626237E-07   9.1886603E-07  -9.4979343E-07   8.5649713E-10  -3.9467623E-09  -1.1317633E-07  -2.4425742E-07
 -9.9690048E-08   1.6408482E-06  -1.2396383E-07  -1.9987840E-06   1.3367685E-06  -7.3187481E-07  -3.7370722E-06  -3.2498831E-07   1.1092446E-03   4.2556181E-04   3.3249371E-04  -2.7942918E-05  -3.7352975E-05   2.7001012E-06  -9.9467964E-06   2.6262637E-06   1.0110779E-04  -6.9716507E-06   4.9268418E-07  -6.2299527E-07   5.6917363E-06  -2.0479463E-08  -4.0395579E-08  -4.3678726E-07  -7.6459304E-07
  1.7640376E-08  -1.2396383E-07   1.0373215E-07   4.9178815E-07  -1.0442428E-06   8.7878270E-07   4.4531889E-07   4.3464323E-08   2.3324056E-04  -3.5664807E-05   8.8355563E-05  -5.8451271E-05  -2.9491348E-05  -1.8319365E-06   1.2490433E-07  -6.9715025E-07   1.6920509E-06  -2.4290469E-07  -2.5161949E-06  -4.6660868E-07  -3.6741169E-06   5.0928702E-09  -7.8975403E-09  -4.6215145E-08   3.4009045E-08
  2.2623998E-07  -1.9987840E-06   4.9178815E-07   6.4115166E-05   1.1404570E-05   1.2343575E-04   7.7727873E-06  -1.7363778E-07  -1.6049215E-02  -3.4328273E-03   1.0211332E-02  -3.8846386E-03   7.9663281E-04   8.0422969E-05  -1.8775620E-04  -3.9059634E-05  -1.7698178E-03  -9.7593426E-06  -7.3050186E-05  -2.6445517E-05  -7.6904126E-06   2.4285161E-07  -1.0324470E-06  -3.0520010E-06  -1.4170874E-06
 -3.2268353E-07   1.3367685E-06  -1.0442428E-06   1.1404570E-05   1.2406998E-03   2.3699077E-05  -5.1323233E-06   7.7662268E-07   3.1304445E-02   8.4997645E-03   7.1343409E-03  -3.6668160E-03  -1.2043251E-03  -9.6412458E-05   5.3304830E-05   1.4670833E-04   4.0485686E-03  -1.4828145E-04  -1.6987709E-04   2.6456835E-05  -1.3705252E-04   6.6515735E-07   1.6724100E-07   5.2714637E-06   8.2694749E-08
  4.1240335E-07  -7.3187481E-07   8.7878270E-07   1.2343575E-04   2.3699077E-05   2.7136781E-04   6.3445137E-06   1.0467314E-05  -2.6768436E-02  -3.6320309E-03   2.9651361E-02  -1.0104679E-02   1.9548450E-03   1.9518405E-04  -4.2034077E-04   5.6943470E-06  -4.5144911E-03  -8.6477260E-05  -3.1144783E-04  -9.1879427E-06  -1.9257451E-05   1.3116349E-06  -1.8694466E-06  -8.3438919E-06  -2.6146245E-06
  2.9855767E-07  -3.7370722E-06   4.4531889E-07   7.7727873E-06  -5.1323233E-06   6.3445137E-06   1.9367620E-05   7.3900351E-07  -2.3857038E-02  -7.5002220E-03   8.8893356E-03  -6.0305789E-03   2.2966457E-04   3.3539684E-05  -9.0340401E-05   2.6903479E-05  -1.9506036E-03   1.4938279E-05  -3.2276152E-05   2.2381061E-05  -5.0555050E-05  -3.8296833E-07  -3.0009072E-07  -3.7439742E-08  -2.5923698E-06
  5.5633389E-08  -3.2498831E-07   4.3464323E-08  -1.7363778E-07   7.7662268E-07   1.0467314E-05   7.3900351E-07   5.6972428E-06   1.6755143E-03   9.4878516E-04   2.0197427E-03  -1.5438505E-04   5.0787308E-05  -8.8040202E-07   4.5561477E-06   2.1611437E-05   3.9746682E-05  -8.8811983E-06  -2.5683694E-05   1.5993383E-05  -2.1348435E-06   4.8508112E-08   8.5092841E-08  -8.9776712E-07  -5.6280327E-08
 -2.4806126E-04   1.1092446E-03   2.3324056E-04  -1.6049215E-02   3.1304445E-02  -2.6768436E-02  -2.3857038E-02   1.6755143E-03   5.7650450E+02   5.5983004E+01  -4.9896619E+01   2.7048741E+01  -2.2804848E+01  -6.8819557E-01  -1.5073682E-01  -1.3456800E-01   9.2475454E+00  -2.2095987E-01   2.7870503E-01  -1.8246681E-01  -1.5731286E-01   6.2931355E-03   3.7908328E-03   3.1458290E-04   8.7246910E-03
 -2.4774482E-04   4.2556181E-04  -3.5664807E-05  -3.4328273E-03   8.4997645E-03  -3.6320309E-03  -7.5002220E-03   9.4878516E-04   5.5983004E+01   6.8963436E+01   1.1389677E+01   6.1071179E+00   4.4786477E-02  -4.0878461E-02   5.3326778E-01   8.3178221E-01  -8.9241047E+00   1.3254350E-02  -2.5717455E-01   6.1322595E-02   1.7225170E-02   8.8340686E-04   5.6667996E-04   3.0714430E-03   5.3458711E-03
  5.8293983E-05   3.3249371E-04   8.8355563E-05   1.0211332E-02   7.1343409E-03   2.9651361E-02   8.8893356E-03   2.0197427E-03  -4.9896619E+01   1.1389677E+01   1.6273378E+02  -7.6585807E+01   2.3699286E+00   3.2014315E-01  -1.0521795E+00   2.3128096E-01  -7.4436165E+00   2.6125474E-02  -3.7145233E-01   5.1546022E-01  -2.8505331E-02   1.6489797E-03  -6.9445892E-03   1.4281144E-03  -1.9117472E-04
 -1.1721275E-04  -2.7942918E-05  -5.8451271E-05  -3.8846386E-03  -3.6668160E-03  -1.0104679E-02  -6.0305789E-03  -1.5438505E-04   2.7048741E+01   6.1071179E+00  -7.6585807E+01   4.8641248E+01   2.0241276E+00  -1.1283142E-02   6.8958868E-01  -1.7980306E-01  -2.8209865E+00  -3.8299736E-02   1.8760359E-01  -4.2427658E-01  -7.3253683E-02  -3.8347658E-04   2.8679371E-03   7.1468361E-04   1.9285562E-03
  8.3180947E-06  -3.7352975E-05  -2.9491348E-05   7.9663281E-04  -1.2043251E-03   1.9548450E-03   2.2966457E-04   5.0787308E-05  -2.2804848E+01   4.4786477E-02   2.3699286E+00   2.0241276E+00   4.0612832E+00   1.0294647E-01   1.2438882E-01  -4.8620183E-02  -3.4701344E+00  -2.4812401E-02  -2.6260197E-02  -5.9970407E-04   5.1840308E-02   4.9071476E-04  -2.5500829E-04   3.6323837E-04  -1.8168926E-04
 -2.7044545E-07   2.7001012E-06  -1.8319365E-06   8.0422969E-05  -9.6412458E-05   1.9518405E-04   3.3539684E-05  -8.8040202E-07  -6.8819557E-01  -4.0878461E-02   3.2014315E-01  -1.1283142E-02   1.0294647E-01   1.7380730E-02  -1.8827182E-02   1.0265651E-02  -1.0281098E-01  -8.6493289E-04  -1.0565144E-03  -3.2982074E-03   5.5464035E-03   2.1228542E-05  -4.1113491E-05   2.8168488E-05   2.3034798E-05
 -1.6935903E-07  -9.9467964E-06   1.2490433E-07  -1.8775620E-04   5.3304830E-05  -4.2034077E-04  -9.0340401E-05   4.5561477E-06  -1.5073682E-01   5.3326778E-01  -1.0521795E+00   6.8958868E-01   1.2438882E-01  -1.8827182E-02   7.0032087E-02   7.2781505E-03  -1.4535987E-01   3.2321666E-05   5.5202652E-03   9.2266406E-04  -1.7499175E-02  -8.9745713E-06   1.1172737E-04   1.3063253E-05  -1.2947865E-05
  9.3481345E-08   2.6262637E-06  -6.9715025E-07  -3.9059634E-05   1.4670833E-04   5.6943470E-06   2.6903479E-05   2.1611437E-05  -1.3456800E-01   8.3178221E-01   2.3128096E-01  -1.7980306E-01  -4.8620183E-02   1.0265651E-02   7.2781505E-03   7.8339545E-02   4.5496799E-02   2.0043917E-03   1.0747738E-03   4.0170198E-04  -1.1508236E-03   1.0356616E-05  -8.2778987E-06  -4.7672384E-08   1.6205098E-05
 -3.1487979E-05   1.0110779E-04   1.6920509E-06  -1.7698178E-03   4.0485686E-03  -4.5144911E-03  -1.9506036E-03   3.9746682E-05   9.2475454E+00  -8.9241047E+00  -7.4436165E+00  -2.8209865E+00  -3.4701344E+00  -1.0281098E-01  -1.4535987E-01   4.5496799E-02   7.4612619E+00   2.1237648E-02   2.8953873E-02   6.7924000E-04  -3.9733422E-02  -4.8917244E-04   6.2809817E-05  -1.0836227E-03  -6.1220019E-05
 -5.0444835E-07  -6.9716507E-06  -2.4290469E-07  -9.7593426E-06  -1.4828145E-04  -8.6477260E-05   1.4938279E-05  -8.8811983E-06  -2.2095987E-01   1.3254350E-02   2.6125474E-02  -3.8299736E-02  -2.4812401E-02  -8.6493289E-04   3.2321666E-05   2.0043917E-03   2.1237648E-02   3.6356119E-02   2.4902870E-03   5.4530486E-04   8.1214641E-04   3.0874959E-05  -1.0921618E-05   1.8164827E-05   1.0867232E-07
 -5.5626237E-07   4.9268418E-07  -2.5161949E-06  -7.3050186E-05  -1.6987709E-04  -3.1144783E-04  -3.2276152E-05  -2.5683694E-05   2.7870503E-01  -2.5717455E-01  -3.7145233E-01   1.8760359E-01  -2.6260197E-02  -1.0565144E-03   5.5202652E-03   1.0747738E-03   2.8953873E-02   2.4902870E-03   3.1414527E-02  -9.9168963E-04   5.5831084E-03  -8.5364936E-05  -3.7915250E-05  -5.4780164E-05  -8.8848125E-05
  9.1886603E-07  -6.2299527E-07  -4.6660868E-07  -2.6445517E-05   2.6456835E-05  -9.1879427E-06   2.2381061E-05   1.5993383E-05  -1.8246681E-01   6.1322595E-02   5.1546022E-01  -4.2427658E-01  -5.9970407E-04  -3.2982074E-03   9.2266406E-04   4.0170198E-04   6.7924000E-04   5.4530486E-04  -9.9168963E-04   9.9458953E-03   6.7461614E-03   1.3948408E-06   5.7647382E-05  -8.5426251E-06  -1.6595599E-05
 -9.4979343E-07   5.6917363E-06  -3.6741169E-06  -7.6904126E-06  -1.3705252E-04  -1.9257451E-05  -5.0555050E-05  -2.1348435E-06  -1.5731286E-01   1.7225170E-02  -2.8505331E-02  -7.3253683E-02   5.1840308E-02   5.5464035E-03  -1.7499175E-02  -1.1508236E-03  -3.9733422E-02   8.1214641E-04   5.5831084E-03   6.7461614E-03   2.3794043E-02  -5.8190899E-06   3.8628906E-05  -1.9907503E-05  -7.7794373E-06
  8.5649713E-10  -2.0479463E-08   5.0928702E-09   2.4285161E-07   6.6515735E-07   1.3116349E-06  -3.8296833E-07   4.8508112E-08   6.2931355E-03   8.8340686E-04   1.6489797E-03  -3.8347658E-04   4.9071476E-04   2.1228542E-05  -8.9745713E-06   1.0356616E-05  -4.8917244E-04   3.0874959E-05  -8.5364936E-05   1.3948408E-06  -5.8190899E-06   1.0944653E-06   6.6743835E-08   5.4237518E-07   7.1781107E-07
 -3.9467623E-09  -4.0395579E-08  -7.8975403E-09  -1.0324470E-06   1.6724100E-07  -1.8694466E-06  -3.0009072E-07   8.5092841E-08   3.7908328E-03   5.6667996E-04  -6.9445892E-03   2.8679371E-03  -2.5500829E-04  -4.1113491E-05   1.1172737E-04  -8.2778987E-06   6.2809817E-05  -1.0921618E-05  -3.7915250E-05   5.7647382E-05   3.8628906E-05   6.6743835E-08   2.3545354E-06   3.8872827E-07   2.4693337E-07
 -1.1317633E-07  -4.3678726E-07  -4.6215145E-08  -3.0520010E-06   5.2714637E-06  -8.3438919E-06  -3.7439742E-08  -8.9776712E-07   3.1458290E-04   3.0714430E-03   1.4281144E-03   7.1468361E-04   3.6323837E-04   2.8168488E-05   1.3063253E-05  -4.7672384E-08  -1.0836227E-03   1.8164827E-05  -5.4780164E-05  -8.5426251E-06  -1.9907503E-05   5.4237518E-07   3.8872827E-07   2.3874753E-05   7.9721406E-06
 -2.4425742E-07  -7.6459304E-07   3.4009045E-08  -1.4170874E-06   8.2694749E-08  -2.6146245E-06  -2.5923698E-06  -5.6280327E-08   8.7246910E-03   5.3458711E-03  -1.9117472E-04   1.9285562E-03  -1.8168926E-04   2.3034798E-05  -1.2947865E-05   1.6205098E-05  -6.1220019E-05   1.0867232E-07  -8.8848125E-05  -1.6595599E-05  -7.7794373E-06   7.1781107E-07   2.4693337E-07   7.9721406E-06   2.3838659E-05
