# omegabh2 omegach2 theta tau logA ns r calPlanck BBdust BBsync BBalphadust BBbetadust BBalphasync BBbetasync BBdustsynccorr acib217 xi asz143 aps100 aps143 aps143217 aps217 aksz kgal100 kgal143 kgal143217 kgal217 cal0 cal2
  4.1452815E-08  -1.1989605E-07   3.3254950E-08   3.7946265E-07   6.7717753E-07   4.0266232E-07   1.1360105E-07   4.2963974E-08  -1.9995678E-06   1.5912942E-07   1.1955937E-06  -3.7343313E-07  -2.1610213E-07   2.3578806E-07   2.1660772E-08  -1.2098491E-04   2.9683934E-06   3.8867159E-05  -7.2936310E-04  -4.5343213E-04  -1.6020579E-04  -5.2206363E-05  -6.1687953E-05   9.9699236E-06  -2.5259908E-06  -1.5054333E-05   1.5039835E-05   9.3150831E-10  -2.9074765E-09
 -1.1989605E-07   2.3013239E-06  -1.9904176E-07  -4.5004096E-06  -4.9189389E-06  -5.1379980E-06  -1.8968994E-06  -5.6603819E-07   5.8719064E-06   1.6201791E-06  -1.4464960E-05   3.0864111E-06  -1.2201017E-06   4.4962722E-08  -5.3642086E-06   2.7696373E-04  -1.0613194E-05  -4.5108015E-05   1.4007605E-03   1.0077652E-03   3.6406048E-04  -3.5492897E-05   1.4137822E-04   6.6897972E-06   5.0134497E-05   1.0078312E-04  -3.7035543E-06  -1.5898934E-08   7.0844582E-09
  3.3254950E-08  -1.9904176E-07   1.9864529E-07   5.7653724E-07   1.0736154E-06   7.0764568E-07   9.8644761E-08   8.1387115E-08   7.8160221E-07   4.0383836E-06  -4.2999032E-07  -6.4059735E-07   7.4830890E-07   7.0159610E-07   8.7168624E-07  -3.6415661E-06   3.9963139E-07   1.7300471E-05  -3.0154834E-04  -1.8636041E-04  -8.6247007E-05  -7.6040982E-05  -2.0169034E-05   7.4822852E-06  -3.4795257E-06  -8.5803897E-06  -9.4000168E-06   1.4445727E-09   9.5486650E-10
  3.7946265E-07  -4.5004096E-06   5.7653724E-07   4.2993617E-05   7.4771720E-05   1.2655495E-05   5.7912703E-07  -1.2032756E-07  -8.2502162E-05  -3.1186583E-05   8.8906387E-07  -3.0105729E-06   3.1040195E-07  -3.7950831E-06  -6.7827798E-06  -1.3442392E-03   3.8798414E-05   2.4017072E-04  -8.2570407E-03  -5.3451553E-03  -2.4305976E-03  -1.1673347E-03  -3.9795577E-04   6.2040517E-05  -9.4815374E-05  -6.6323267E-04  -7.3796777E-04  -6.3495533E-08  -9.6405441E-08
  6.7717753E-07  -4.9189389E-06   1.0736154E-06   7.4771720E-05   1.6197975E-04   1.5079875E-05  -4.8597988E-06   1.0770670E-05  -1.7981009E-04   2.5305593E-05  -4.7287034E-05   7.0024984E-06   8.4907776E-06   7.7120016E-06  -1.7485182E-05  -2.4823307E-03   1.0354811E-04   4.5296228E-04  -1.2864688E-02  -8.1122048E-03  -1.5016567E-03   3.2107646E-03  -1.3676358E-03  -9.8728641E-05  -5.6282384E-04  -1.7445195E-03  -2.3153760E-04  -4.2081093E-09  -2.1577293E-07
  4.0266232E-07  -5.1379980E-06   7.0764568E-07   1.2655495E-05   1.5079875E-05   2.2409731E-05   8.2182032E-06   1.5430448E-06  -5.7064243E-05  -3.7668247E-05   4.2438108E-05  -6.6166932E-06   1.9448256E-05   5.4070784E-06  -8.7686058E-07  -5.1963341E-03   1.2265200E-04   1.1797368E-03  -2.7402108E-02  -8.4909383E-03   1.5756245E-03   5.7481237E-03  -2.7986963E-03   3.7281975E-04  -3.4133939E-04  -3.9106474E-04   1.5787111E-03  -1.0505764E-07  -9.2468328E-08
  1.1360105E-07  -1.8968994E-06   9.8644761E-08   5.7912703E-07  -4.8597988E-06   8.2182032E-06   3.1161857E-04  -1.4800752E-07  -4.6642576E-04  -7.1533845E-04  -3.7612139E-05   2.7558909E-04  -2.7140358E-07  -8.5976164E-05  -7.8377852E-04  -8.8252424E-04   1.5377685E-05   3.8834840E-04  -7.5584575E-03  -2.2409158E-03   1.3045627E-04   1.2768501E-03  -9.6944192E-04  -4.9764064E-04  -1.0720807E-04   1.0567019E-04   4.6270329E-05  -7.1380350E-08  -2.2825616E-08
  4.2963974E-08  -5.6603819E-07   8.1387115E-08  -1.2032756E-07   1.0770670E-05   1.5430448E-06  -1.4800752E-07   6.1636069E-06  -1.9166896E-05   2.5240819E-05  -6.2607100E-06   2.8482332E-06   8.4117447E-06   4.7782936E-06   2.8744561E-06   6.2787390E-04   2.9033600E-06   3.9458074E-05   2.5672934E-03   1.4181406E-04   3.8119910E-04   1.2231886E-03  -3.9557096E-05   3.3379680E-05   6.4091397E-05  -4.2709347E-05   6.8217269E-04  -8.6229402E-09  -1.5743333E-08
 -1.9995678E-06   5.8719064E-06   7.8160221E-07  -8.2502162E-05  -1.7981009E-04  -5.7064243E-05  -4.6642576E-04  -1.9166896E-05   1.0839851E+00   2.5578528E-02  -1.2195101E-01   4.4496868E-02  -7.3904868E-04   1.4271372E-03  -9.5135419E-03   3.2857133E-02   5.9846547E-04  -4.5918246E-03   3.1019024E-01   6.2734604E-02   5.0369818E-02   1.7796731E-02   1.2749920E-02   3.7541178E-03  -1.6101475E-02  -2.8690283E-02  -8.8449012E-02   5.5178677E-06   3.3025572E-06
  1.5912942E-07   1.6201791E-06   4.0383836E-06  -3.1186583E-05   2.5305593E-05  -3.7668247E-05  -7.1533845E-04   2.5240819E-05   2.5578528E-02   1.1521542E+00  -9.2144296E-04  -1.4018606E-03   1.7763872E-02  -4.4051116E-02   4.7262257E-02   5.8225718E-02   4.0842062E-04  -6.2879270E-03  -1.3749359E-01   5.5763570E-04  -4.1439435E-02  -1.0330016E-01   6.7176013E-03  -1.2305708E-02  -2.2217146E-02  -3.0393118E-02  -4.6111906E-02   1.6177057E-06   2.3908486E-06
  1.1955937E-06  -1.4464960E-05  -4.2999032E-07   8.8906387E-07  -4.7287034E-05   4.2438108E-05  -3.7612139E-05  -6.2607100E-06  -1.2195101E-01  -9.2144296E-04   6.0418672E-02  -6.9605537E-04   2.8731543E-04   5.0571516E-04  -5.0389332E-04   1.7273373E-03  -8.1806947E-05   3.8628994E-03  -7.7047317E-02  -9.9315017E-03  -1.4978759E-03  -7.4002051E-03  -1.1348812E-02  -6.2606791E-04   1.9604125E-03   6.2700746E-03   9.3646081E-03  -2.1116322E-07  -3.0024554E-07
 -3.7343313E-07   3.0864111E-06  -6.4059735E-07  -3.0105729E-06   7.0024984E-06  -6.6166932E-06   2.7558909E-04   2.8482332E-06   4.4496868E-02  -1.4018606E-03  -6.9605537E-04   9.0971325E-03  -1.0645148E-04  -1.6854769E-03   6.9180217E-04  -1.7806528E-04   1.5995229E-04  -1.9677052E-03   3.2563865E-02   1.1230449E-02   1.7134099E-03   6.3236125E-03  -6.1150862E-04  -1.1031100E-03  -2.2608999E-03   6.3171572E-05  -5.9986592E-04   7.0847595E-07   7.3766093E-08
 -2.1610213E-07  -1.2201017E-06   7.4830890E-07   3.1040195E-07   8.4907776E-06   1.9448256E-05  -2.7140358E-07   8.4117447E-06  -7.3904868E-04   1.7763872E-02   2.8731543E-04  -1.0645148E-04   8.2895426E-02   9.0255045E-04   3.9369601E-04  -2.7989545E-03  -4.5880493E-04   6.2972511E-03  -3.7572054E-02   2.1105594E-03   1.1298455E-02   2.6766153E-02  -6.3599861E-03   1.9026711E-03  -2.0559314E-04   6.9401805E-03   5.2695236E-03   1.6735644E-06  -8.1528950E-07
  2.3578806E-07   4.4962722E-08   7.0159610E-07  -3.7950831E-06   7.7120016E-06   5.4070784E-06  -8.5976164E-05   4.7782936E-06   1.4271372E-03  -4.4051116E-02   5.0571516E-04  -1.6854769E-03   9.0255045E-04   7.6541317E-02  -4.8949341E-03  -1.1961401E-02   3.6582257E-04   1.3586510E-04  -3.5782646E-02  -1.0354282E-02   8.0677090E-03   2.4489691E-02  -7.6321504E-04  -3.9596942E-04  -9.1613025E-04  -6.1172472E-03  -5.9690342E-03  -2.3944539E-07  -2.1118126E-06
  2.1660772E-08  -5.3642086E-06   8.7168624E-07  -6.7827798E-06  -1.7485182E-05  -8.7686058E-07  -7.8377852E-04   2.8744561E-06  -9.5135419E-03   4.7262257E-02  -5.0389332E-04   6.9180217E-04   3.9369601E-04  -4.8949341E-03   8.0239875E-02  -7.7739556E-03  -6.4153030E-04  -8.6900489E-03   1.3220444E-01   2.9182847E-02  -1.1114728E-02   1.4271511E-02   9.3294822E-04  -4.4750460E-04  -4.7732577E-04  -4.7869162E-03  -1.2557631E-03   8.4259386E-07   1.2501536E-07
 -1.2098491E-04   2.7696373E-04  -3.6415661E-06  -1.3442392E-03  -2.4823307E-03  -5.1963341E-03  -8.8252424E-04   6.2787390E-04   3.2857133E-02   5.8225718E-02   1.7273373E-03  -1.7806528E-04  -2.7989545E-03  -1.1961401E-02  -7.7739556E-03   4.5260298E+01  -4.0622249E-01  -8.6868735E-01   3.8710258E+01   1.6437261E+00  -1.3865645E+01  -5.5896414E+01   1.6860451E-01   7.4030410E-02   5.3954472E-01  -5.9660824E+00  -3.3841660E+01  -1.7337832E-04   6.9345718E-04
  2.9683934E-06  -1.0613194E-05   3.9963139E-07   3.8798414E-05   1.0354811E-04   1.2265200E-04   1.5377685E-05   2.9033600E-06   5.9846547E-04   4.0842062E-04  -8.1806947E-05   1.5995229E-04  -4.5880493E-04   3.6582257E-04  -6.4153030E-04  -4.0622249E-01   8.2590241E-02  -4.7983013E-02  -6.0504946E-01   8.8825280E-01   1.6479149E+00   6.4276724E-01   4.1502131E-02  -4.4835400E-03   8.1568500E-03   1.0346196E-01   1.5071661E-01   4.9800390E-06  -6.8214376E-08
  3.8867159E-05  -4.5108015E-05   1.7300471E-05   2.4017072E-04   4.5296228E-04   1.1797368E-03   3.8834840E-04   3.9458074E-05  -4.5918246E-03  -6.2879270E-03   3.8628994E-03  -1.9677052E-03   6.2972511E-03   1.3586510E-04  -8.6900489E-03  -8.6868735E-01  -4.7983013E-02   4.0210202E+00  -3.1626857E+01  -3.3926897E+00   8.0395498E+00   5.5740540E+00  -2.9916548E+00  -1.7927918E-01   2.0170454E-01   2.7908477E+00   3.4865157E+00   9.8826516E-05  -4.0682948E-05
 -7.2936310E-04   1.4007605E-03  -3.0154834E-04  -8.2570407E-03  -1.2864688E-02  -2.7402108E-02  -7.5584575E-03   2.5672934E-03   3.1019024E-01  -1.3749359E-01  -7.7047317E-02   3.2563865E-02  -3.7572054E-02  -3.5782646E-02   1.3220444E-01   3.8710258E+01  -6.0504946E-01  -3.1626857E+01   7.8875664E+02   7.1649467E+01  -5.8152196E+01  -6.4795615E+01   1.6019644E+01  -6.9253255E+00   5.1974462E+00  -1.3970266E+01  -2.8094978E+01   3.7005403E-03   3.5151238E-04
 -4.5343213E-04   1.0077652E-03  -1.8636041E-04  -5.3451553E-03  -8.1122048E-03  -8.4909383E-03  -2.2409158E-03   1.4181406E-04   6.2734604E-02   5.5763570E-04  -9.9315017E-03   1.1230449E-02   2.1105594E-03  -1.0354282E-02   2.9182847E-02   1.6437261E+00   8.8825280E-01  -3.3926897E+00   7.1649467E+01   6.3685699E+01   4.0730094E+01   1.6616637E+01  -4.8787750E+00  -6.5645846E-01  -1.3926148E+00   3.7177361E+00   5.0264730E+00   1.0653541E-04   1.4133183E-04
 -1.6020579E-04   3.6406048E-04  -8.6247007E-05  -2.4305976E-03  -1.5016567E-03   1.5756245E-03   1.3045627E-04   3.8119910E-04   5.0369818E-02  -4.1439435E-02  -1.4978759E-03   1.7134099E-03   1.1298455E-02   8.0677090E-03  -1.1114728E-02  -1.3865645E+01   1.6479149E+00   8.0395498E+00  -5.8152196E+01   4.0730094E+01   8.6219518E+01   5.5759238E+01  -1.2719945E+01  -9.5344624E-01  -7.0213690E-01   5.4618380E+00   9.6326015E+00   4.4185166E-04  -3.1929379E-04
 -5.2206363E-05  -3.5492897E-05  -7.6040982E-05  -1.1673347E-03   3.2107646E-03   5.7481237E-03   1.2768501E-03   1.2231886E-03   1.7796731E-02  -1.0330016E-01  -7.4002051E-03   6.3236125E-03   2.6766153E-02   2.4489691E-02   1.4271511E-02  -5.5896414E+01   6.4276724E-01   5.5740540E+00  -6.4795615E+01   1.6616637E+01   5.5759238E+01   1.0640162E+02  -1.0200899E+01  -6.6507655E-01  -1.2023461E+00   6.0122600E+00   3.4571816E+01   4.4510144E-04  -1.3071658E-03
 -6.1687953E-05   1.4137822E-04  -2.0169034E-05  -3.9795577E-04  -1.3676358E-03  -2.7986963E-03  -9.6944192E-04  -3.9557096E-05   1.2749920E-02   6.7176013E-03  -1.1348812E-02  -6.1150862E-04  -6.3599861E-03  -7.6321504E-04   9.3294822E-04   1.6860451E-01   4.1502131E-02  -2.9916548E+00   1.6019644E+01  -4.8787750E+00  -1.2719945E+01  -1.0200899E+01   6.3847237E+00   1.2705946E-01  -2.5615006E-01  -2.3765146E+00  -2.8483245E+00  -7.0872493E-05   1.7301633E-05
  9.9699236E-06   6.6897972E-06   7.4822852E-06   6.2040517E-05  -9.8728641E-05   3.7281975E-04  -4.9764064E-04   3.3379680E-05   3.7541178E-03  -1.2305708E-02  -6.2606791E-04  -1.1031100E-03   1.9026711E-03  -3.9596942E-04  -4.4750460E-04   7.4030410E-02  -4.4835400E-03  -1.7927918E-01  -6.9253255E+00  -6.5645846E-01  -9.5344624E-01  -6.6507655E-01   1.2705946E-01   3.3856853E+00   5.4251734E-01   1.8044133E-01   1.8388753E-01   1.6998907E-04  -6.0989070E-06
 -2.5259908E-06   5.0134497E-05  -3.4795257E-06  -9.4815374E-05  -5.6282384E-04  -3.4133939E-04  -1.0720807E-04   6.4091397E-05  -1.6101475E-02  -2.2217146E-02   1.9604125E-03  -2.2608999E-03  -2.0559314E-04  -9.1613025E-04  -4.7732577E-04   5.3954472E-01   8.1568500E-03   2.0170454E-01   5.1974462E+00  -1.3926148E+00  -7.0213690E-01  -1.2023461E+00  -2.5615006E-01   5.4251734E-01   3.2034084E+00   2.7870985E+00   2.8207949E+00  -1.8650482E-04  -4.3356027E-05
 -1.5054333E-05   1.0078312E-04  -8.5803897E-06  -6.6323267E-04  -1.7445195E-03  -3.9106474E-04   1.0567019E-04  -4.2709347E-05  -2.8690283E-02  -3.0393118E-02   6.2700746E-03   6.3171572E-05   6.9401805E-03  -6.1172472E-03  -4.7869162E-03  -5.9660824E+00   1.0346196E-01   2.7908477E+00  -1.3970266E+01   3.7177361E+00   5.4618380E+00   6.0122600E+00  -2.3765146E+00   1.8044133E-01   2.7870985E+00   1.1095051E+01   1.9777715E+01  -4.9294531E-05   4.0608627E-04
  1.5039835E-05  -3.7035543E-06  -9.4000168E-06  -7.3796777E-04  -2.3153760E-04   1.5787111E-03   4.6270329E-05   6.8217269E-04  -8.8449012E-02  -4.6111906E-02   9.3646081E-03  -5.9986592E-04   5.2695236E-03  -5.9690342E-03  -1.2557631E-03  -3.3841660E+01   1.5071661E-01   3.4865157E+00  -2.8094978E+01   5.0264730E+00   9.6326015E+00   3.4571816E+01  -2.8483245E+00   1.8388753E-01   2.8207949E+00   1.9777715E+01   5.4524347E+01   8.1540460E-06   9.3305566E-04
  9.3150831E-10  -1.5898934E-08   1.4445727E-09  -6.3495533E-08  -4.2081093E-09  -1.0505764E-07  -7.1380350E-08  -8.6229402E-09   5.5178677E-06   1.6177057E-06  -2.1116322E-07   7.0847595E-07   1.6735644E-06  -2.3944539E-07   8.4259386E-07  -1.7337832E-04   4.9800390E-06   9.8826516E-05   3.7005403E-03   1.0653541E-04   4.4185166E-04   4.4510144E-04  -7.0872493E-05   1.6998907E-04  -1.8650482E-04  -4.9294531E-05   8.1540460E-06   3.7438199E-07  -5.6947130E-09
 -2.9074765E-09   7.0844582E-09   9.5486650E-10  -9.6405441E-08  -2.1577293E-07  -9.2468328E-08  -2.2825616E-08  -1.5743333E-08   3.3025572E-06   2.3908486E-06  -3.0024554E-07   7.3766093E-08  -8.1528950E-07  -2.1118126E-06   1.2501536E-07   6.9345718E-04  -6.8214376E-08  -4.0682948E-05   3.5151238E-04   1.4133183E-04  -3.1929379E-04  -1.3071658E-03   1.7301633E-05  -6.0989070E-06  -4.3356027E-05   4.0608627E-04   9.3305566E-04  -5.6947130E-09   3.8684510E-07
