# omegabh2 omegach2 theta tau yhe logA ns calPlanck acib217 xi asz143 aps100 aps143 aps143217 aps217 aksz kgal100 kgal143 kgal143217 kgal217 cal0 cal2
  6.2084876E-08  -4.3811489E-08   1.1260411E-07   2.5007259E-07   2.7960369E-06   1.2232707E-06   1.3489778E-06   1.2404773E-08   8.6954509E-05  -4.8048641E-07  -3.9632727E-06   2.9087936E-04   1.7860052E-04   1.0586822E-04   1.7116370E-05   1.9177973E-05   1.9155510E-05   1.1889693E-05   1.6017534E-05  -8.2134624E-06  -4.3316063E-09   2.6014376E-09
 -4.3811489E-08   1.5386043E-06   2.5971432E-09  -1.0909612E-06   1.9669861E-06   1.8525357E-06  -2.4414252E-06  -1.4248269E-07   9.5855527E-05  -4.5295198E-06   9.6642293E-06  -2.9111373E-04   6.7536060E-04   5.4501358E-04   5.1057100E-04  -1.9115722E-06  -3.5729388E-05  -3.0907688E-05   1.8825835E-05  -4.6580073E-06  -2.6085624E-08   1.4657624E-08
  1.1260411E-07   2.5971432E-09   5.4034766E-07   4.1138298E-07   1.1117631E-05   3.7564285E-06   4.5926713E-06  -3.1360723E-08   8.6739774E-04  -1.4574257E-05  -2.1227866E-04   3.7293099E-03   2.4272419E-03   9.0002004E-04   1.4074051E-04   3.5695592E-04   4.9938404E-05   7.1315752E-05   5.7311879E-05  -1.9796877E-04  -2.2547453E-08   2.0184157E-08
  2.5007259E-07  -1.0909612E-06   4.1138298E-07   4.6028129E-05   6.4636499E-06   9.0664997E-05   8.0101591E-06  -1.6246177E-07  -1.1638754E-03   4.7694425E-06   2.7319699E-04  -5.2244657E-03  -2.7015573E-03  -1.0665074E-03   3.4519830E-04  -7.8601688E-04   2.6106668E-04  -1.5786080E-05   2.6388126E-04   9.5499893E-04  -9.3856390E-08   4.2891674E-08
  2.7960369E-06   1.9669861E-06   1.1117631E-05   6.4636499E-06   3.4139173E-04   1.0193419E-04   1.3031698E-04  -1.1977107E-06   2.4705461E-02  -4.8758358E-04  -6.0657411E-03   1.1358493E-01   7.5098033E-02   2.9416138E-02   8.4948472E-03   1.0419016E-02   1.6782858E-03   1.7888816E-03   2.0379992E-03  -4.8468482E-03  -4.0915626E-07   6.5532868E-07
  1.2232707E-06   1.8525357E-06   3.7564285E-06   9.0664997E-05   1.0193419E-04   2.3824241E-04   4.1269874E-05   1.1278465E-05   2.9956576E-03  -7.5790904E-05  -9.9384455E-04   2.0600527E-02   1.5639856E-02   8.9651910E-03   1.1219015E-02  -6.4945194E-05   5.5262050E-04  -9.6031297E-05   6.1491770E-04   2.3178635E-03  -2.7824638E-07   2.1484190E-07
  1.3489778E-06  -2.4414252E-06   4.5926713E-06   8.0101591E-06   1.3031698E-04   4.1269874E-05   6.7690143E-05   4.1367812E-08   5.5987982E-03  -1.1089558E-04  -1.2985229E-03   2.0383687E-02   2.0469465E-02   1.1563760E-02   6.7131302E-03   1.6759849E-03   1.1125474E-03   3.4252916E-04   9.7973753E-05  -1.5487110E-03  -2.3379775E-07   9.8553109E-08
  1.2404773E-08  -1.4248269E-07  -3.1360723E-08  -1.6246177E-07  -1.1977107E-06   1.1278465E-05   4.1367812E-08   6.0994779E-06   4.5858310E-04  -6.0840407E-06  -5.0440135E-05   3.9722960E-03  -2.4428981E-05   3.5221009E-05   1.6741006E-03  -1.2242797E-04   2.8507717E-05   6.6349056E-05  -1.1705385E-04   5.4822013E-04  -4.8509282E-08  -3.2426270E-08
  8.6954509E-05   9.5855527E-05   8.6739774E-04  -1.1638754E-03   2.4705461E-02   2.9956576E-03   5.5987982E-03   4.5858310E-04   4.7766847E+01  -4.7660448E-01  -1.0266707E+00   4.3319928E+01   7.1059305E+00  -1.1477629E+01  -5.5914179E+01   2.8818784E-01   2.8058858E-01   1.1034765E+00  -5.1567564E+00  -3.3381452E+01  -2.8684871E-04   8.3101222E-04
 -4.8048641E-07  -4.5295198E-06  -1.4574257E-05   4.7694425E-06  -4.8758358E-04  -7.5790904E-05  -1.1089558E-04  -6.0840407E-06  -4.7660448E-01   8.4031812E-02  -3.6363279E-02  -6.0707825E-01   8.0734895E-01   1.5857691E+00   6.7054373E-01   3.0040312E-02  -1.0986794E-02   9.9742640E-03   1.2015811E-01   1.8726220E-01   3.6177096E-06  -5.2903375E-06
 -3.9632727E-06   9.6642293E-06  -2.1227866E-04   2.7319699E-04  -6.0657411E-03  -9.9384455E-04  -1.2985229E-03  -5.0440135E-05  -1.0266707E+00  -3.6363279E-02   4.1305548E+00  -3.2874270E+01  -4.7209754E+00   7.5485272E+00   5.1987241E+00  -3.2824511E+00  -2.4093570E-01   1.3579452E-01   2.6375200E+00   3.2130360E+00   1.2735075E-04  -5.4743747E-05
  2.9087936E-04  -2.9111373E-04   3.7293099E-03  -5.2244657E-03   1.1358493E-01   2.0600527E-02   2.0383687E-02   3.9722960E-03   4.3319928E+01  -6.0707825E-01  -3.2874270E+01   8.0804264E+02   1.0270721E+02  -3.9942998E+01  -5.1468825E+01   1.8568367E+01  -6.2500275E+00   6.2712831E+00  -1.1718811E+01  -2.6961550E+01   3.2374632E-03   7.2138560E-04
  1.7860052E-04   6.7536060E-04   2.4272419E-03  -2.7015573E-03   7.5098033E-02   1.5639856E-02   2.0469465E-02  -2.4428981E-05   7.1059305E+00   8.0734895E-01  -4.7209754E+00   1.0270721E+02   8.4204274E+01   4.9991201E+01   2.0839678E+01  -2.9970500E+00  -6.8997368E-02  -6.7388463E-01   4.4531184E+00   4.0650429E+00   1.3658616E-04   2.2409021E-04
  1.0586822E-04   5.4501358E-04   9.0002004E-04  -1.0665074E-03   2.9416138E-02   8.9651910E-03   1.1563760E-02   3.5221009E-05  -1.1477629E+01   1.5857691E+00   7.5485272E+00  -3.9942998E+01   4.9991201E+01   8.9396537E+01   5.8076481E+01  -1.2279765E+01  -8.2989793E-01  -4.8542091E-01   5.6682876E+00   8.6449328E+00   4.8875902E-04  -4.1483177E-04
  1.7116370E-05   5.1057100E-04   1.4074051E-04   3.4519830E-04   8.4948472E-03   1.1219015E-02   6.7131302E-03   1.6741006E-03  -5.5914179E+01   6.7054373E-01   5.1987241E+00  -5.1468825E+01   2.0839678E+01   5.8076481E+01   1.0937169E+02  -9.8189849E+00  -6.8264782E-01  -1.5333259E+00   5.3499990E+00   3.3317750E+01   5.6573701E-04  -1.4683611E-03
  1.9177973E-05  -1.9115722E-06   3.5695592E-04  -7.8601688E-04   1.0419016E-02  -6.4945194E-05   1.6759849E-03  -1.2242797E-04   2.8818784E-01   3.0040312E-02  -3.2824511E+00   1.8568367E+01  -2.9970500E+00  -1.2279765E+01  -9.8189849E+00   6.9465159E+00   1.4607382E-01  -2.1716673E-01  -2.2427691E+00  -2.4417914E+00  -9.9552560E-05   4.8616891E-05
  1.9155510E-05  -3.5729388E-05   4.9938404E-05   2.6106668E-04   1.6782858E-03   5.5262050E-04   1.1125474E-03   2.8507717E-05   2.8058858E-01  -1.0986794E-02  -2.4093570E-01  -6.2500275E+00  -6.8997368E-02  -8.2989793E-01  -6.8264782E-01   1.4607382E-01   3.3668070E+00   5.5854691E-01   2.5715080E-01   2.9802215E-01   1.6971403E-04   1.5841958E-05
  1.1889693E-05  -3.0907688E-05   7.1315752E-05  -1.5786080E-05   1.7888816E-03  -9.6031297E-05   3.4252916E-04   6.6349056E-05   1.1034765E+00   9.9742640E-03   1.3579452E-01   6.2712831E+00  -6.7388463E-01  -4.8542091E-01  -1.5333259E+00  -2.1716673E-01   5.5854691E-01   3.2950208E+00   2.8310706E+00   2.5468954E+00  -2.1867302E-04  -4.7433978E-05
  1.6017534E-05   1.8825835E-05   5.7311879E-05   2.6388126E-04   2.0379992E-03   6.1491770E-04   9.7973753E-05  -1.1705385E-04  -5.1567564E+00   1.2015811E-01   2.6375200E+00  -1.1718811E+01   4.4531184E+00   5.6682876E+00   5.3499990E+00  -2.2427691E+00   2.5715080E-01   2.8310706E+00   1.0753693E+01   1.8780668E+01  -3.1331744E-05   3.8039051E-04
 -8.2134624E-06  -4.6580073E-06  -1.9796877E-04   9.5499893E-04  -4.8468482E-03   2.3178635E-03  -1.5487110E-03   5.4822013E-04  -3.3381452E+01   1.8726220E-01   3.2130360E+00  -2.6961550E+01   4.0650429E+00   8.6449328E+00   3.3317750E+01  -2.4417914E+00   2.9802215E-01   2.5468954E+00   1.8780668E+01   5.2588912E+01   1.0451233E-04   8.5916731E-04
 -4.3316063E-09  -2.6085624E-08  -2.2547453E-08  -9.3856390E-08  -4.0915626E-07  -2.7824638E-07  -2.3379775E-07  -4.8509282E-08  -2.8684871E-04   3.6177096E-06   1.2735075E-04   3.2374632E-03   1.3658616E-04   4.8875902E-04   5.6573701E-04  -9.9552560E-05   1.6971403E-04  -2.1867302E-04  -3.1331744E-05   1.0451233E-04   3.9353326E-07   2.2733721E-09
  2.6014376E-09   1.4657624E-08   2.0184157E-08   4.2891674E-08   6.5532868E-07   2.1484190E-07   9.8553109E-08  -3.2426270E-08   8.3101222E-04  -5.2903375E-06  -5.4743747E-05   7.2138560E-04   2.2409021E-04  -4.1483177E-04  -1.4683611E-03   4.8616891E-05   1.5841958E-05  -4.7433978E-05   3.8039051E-04   8.5916731E-04   2.2733721E-09   3.8727541E-07
