# omegabh2 omegach2 theta tau w logA ns calPlanck acib217 xi asz143 aps100 aps143 aps143217 aps217 aksz kgal100 kgal143 kgal143217 kgal217 cal0 cal2
    0.5467706E-07   -0.2915646E-06    0.5198763E-07    0.1859039E-05    0.3117359E-05    0.3158287E-05    0.8148754E-06    0.2862351E-07   -0.2804254E-03    0.5701664E-05    0.1058323E-03   -0.1432008E-02   -0.5646113E-03    0.5166385E-04    0.1902653E-03   -0.9389064E-04   -0.4397268E-05    0.1637823E-04   -0.3825937E-05    0.3679159E-04    0.8452080E-08   -0.3446569E-07
   -0.2915646E-06    0.4943904E-05   -0.4565336E-06   -0.1910044E-04   -0.4506776E-04   -0.2786500E-04   -0.1110666E-04   -0.3867642E-06    0.2989321E-03   -0.4352858E-04   -0.5760068E-03    0.5697047E-02    0.2258463E-02   -0.8742274E-03   -0.3502258E-03    0.7108854E-03    0.2113424E-03   -0.1130305E-03   -0.2307154E-03    0.1328934E-03   -0.6273655E-07   -0.1641702E-06
    0.5198763E-07   -0.4565336E-06    0.2436106E-06    0.2418659E-05    0.6251578E-05    0.3848375E-05    0.1470079E-05   -0.3798308E-08   -0.1493637E-03    0.7428011E-05    0.1188370E-03   -0.1564543E-02   -0.2580626E-03    0.1753476E-03    0.6843748E-04   -0.8948610E-04   -0.2149377E-04    0.2818704E-04    0.1169510E-03    0.1061889E-03    0.6689401E-08   -0.2078971E-07
    0.1859039E-05   -0.1910044E-04    0.2418659E-05    0.3894553E-03    0.2558106E-03    0.7225040E-03    0.6137126E-04   -0.1345534E-05   -0.1099206E-01    0.2355086E-03    0.4930433E-02   -0.7018125E-01   -0.2825050E-01   -0.5479509E-02    0.4885788E-03   -0.5734395E-02   -0.1114594E-02    0.1448381E-02    0.3487167E-02    0.6642705E-02    0.1076981E-05   -0.8515804E-06
    0.3117359E-05   -0.4506776E-04    0.6251578E-05    0.2558106E-03    0.3212341E-02    0.4078656E-03    0.1126395E-03    0.1719141E-05   -0.2375243E-01   -0.9224840E-04    0.1237796E-01   -0.5459160E-01   -0.3903276E-01    0.1524958E-01    0.3415196E-01   -0.7557400E-02   -0.3290617E-02   -0.1487438E-03   -0.3112148E-02   -0.2088956E-02    0.4358399E-05   -0.4105922E-05
    0.3158287E-05   -0.2786500E-04    0.3848375E-05    0.7225040E-03    0.4078656E-03    0.1384934E-02    0.9710308E-04    0.8130114E-05   -0.2455117E-01    0.4749351E-03    0.8140799E-02   -0.1285670E+00   -0.5091402E-01   -0.8185493E-02    0.1086056E-01   -0.1135807E-01   -0.2739879E-02    0.5570862E-03    0.4858130E-02    0.1671126E-01    0.2178108E-05   -0.1777338E-05
    0.8148754E-06   -0.1110666E-04    0.1470079E-05    0.6137126E-04    0.1126395E-03    0.9710308E-04    0.3695850E-04    0.7784452E-06   -0.5654657E-02    0.2004311E-03    0.2999639E-02   -0.4654392E-01   -0.1141576E-01    0.6335752E-02    0.7615121E-02   -0.4472669E-02   -0.6160272E-03   -0.1700534E-03   -0.3315751E-03   -0.1078829E-02    0.1235227E-06   -0.4473585E-06
    0.2862351E-07   -0.3867642E-06   -0.3798308E-08   -0.1345534E-05    0.1719141E-05    0.8130114E-05    0.7784452E-06    0.6054072E-05    0.4423924E-03   -0.2039067E-04   -0.6129667E-04    0.2636164E-02   -0.2374662E-03   -0.5732353E-03    0.1122212E-02    0.1284797E-03   -0.1480593E-03   -0.1558903E-03    0.1784914E-03    0.1668885E-02   -0.2613351E-07   -0.5431381E-07
   -0.2804254E-03    0.2989321E-03   -0.1493637E-03   -0.1099206E-01   -0.2375243E-01   -0.2455117E-01   -0.5654657E-02    0.4423924E-03    0.4365751E+02   -0.5157685E+00   -0.2146658E+01    0.4389000E+02    0.2239859E+01   -0.2253287E+02   -0.6192186E+02    0.1457906E+01    0.5612006E+00    0.6110021E+00   -0.2494768E+01   -0.2004448E+02   -0.6926447E-03    0.4067134E-02
    0.5701664E-05   -0.4352858E-04    0.7428011E-05    0.2355086E-03   -0.9224840E-04    0.4749351E-03    0.2004311E-03   -0.2039067E-04   -0.5157685E+00    0.8020451E-01   -0.3405828E-01   -0.1123470E+01    0.9588861E+00    0.1963504E+01    0.8785408E+00    0.1475229E-01   -0.1085906E-01   -0.3023743E-02    0.1031993E+00    0.9213376E-01    0.2275960E-04   -0.4911735E-05
    0.1058323E-03   -0.5760068E-03    0.1188370E-03    0.4930433E-02    0.1237796E-01    0.8140799E-02    0.2999639E-02   -0.6129667E-04   -0.2146658E+01   -0.3405828E-01    0.3982311E+01   -0.3067340E+02   -0.5117812E+01    0.8167999E+01    0.6975181E+01   -0.2729550E+01   -0.3413336E+00    0.4342870E+00    0.2953621E+01    0.2516408E+01    0.1250289E-03   -0.4114636E-03
   -0.1432008E-02    0.5697047E-02   -0.1564543E-02   -0.7018125E-01   -0.5459160E-01   -0.1285670E+00   -0.4654392E-01    0.2636164E-02    0.4389000E+02   -0.1123470E+01   -0.3067340E+02    0.7860352E+03    0.7374544E+02   -0.7473408E+02   -0.7380882E+02    0.1688498E+02   -0.4252054E+01    0.1504789E+01   -0.1226169E+02   -0.1152944E+02    0.6621774E-02    0.3845060E-02
   -0.5646113E-03    0.2258463E-02   -0.2580626E-03   -0.2825050E-01   -0.3903276E-01   -0.5091402E-01   -0.1141576E-01   -0.2374662E-03    0.2239859E+01    0.9588861E+00   -0.5117812E+01    0.7374544E+02    0.6125882E+02    0.3901923E+02    0.1594907E+02   -0.3266757E+01    0.2179565E+00   -0.8583726E+00    0.2981100E+01    0.1858194E+01    0.2738103E-03    0.6713021E-03
    0.5166385E-04   -0.8742274E-03    0.1753476E-03   -0.5479509E-02    0.1524958E-01   -0.8185493E-02    0.6335752E-02   -0.5732353E-03   -0.2253287E+02    0.1963504E+01    0.8167999E+01   -0.7473408E+02    0.3901923E+02    0.9883622E+02    0.6915659E+02   -0.1295556E+02   -0.1109009E+01    0.2412884E+00    0.5174193E+01    0.4309452E+01    0.1058684E-02   -0.2199119E-02
    0.1902653E-03   -0.3502258E-03    0.6843748E-04    0.4885788E-03    0.3415196E-01    0.1086056E-01    0.7615121E-02    0.1122212E-02   -0.6192186E+02    0.8785408E+00    0.6975181E+01   -0.7380882E+02    0.1594907E+02    0.6915659E+02    0.1235006E+03   -0.1219736E+02   -0.1665970E+01   -0.8777261E+00    0.1187965E+01    0.1766114E+02    0.1067384E-02   -0.7184458E-02
   -0.9389064E-04    0.7108854E-03   -0.8948610E-04   -0.5734395E-02   -0.7557400E-02   -0.1135807E-01   -0.4472669E-02    0.1284797E-03    0.1457906E+01    0.1475229E-01   -0.2729550E+01    0.1688498E+02   -0.3266757E+01   -0.1295556E+02   -0.1219736E+02    0.6185276E+01    0.3781378E+00    0.3266509E-01   -0.1357897E+01   -0.6115071E+00   -0.1148450E-03    0.2288889E-03
   -0.4397268E-05    0.2113424E-03   -0.2149377E-04   -0.1114594E-02   -0.3290617E-02   -0.2739879E-02   -0.6160272E-03   -0.1480593E-03    0.5612006E+00   -0.1085906E-01   -0.3413336E+00   -0.4252054E+01    0.2179565E+00   -0.1109009E+01   -0.1665970E+01    0.3781378E+00    0.3237031E+01    0.3517789E+00    0.6957969E-01   -0.8802640E-02    0.1831672E-03   -0.3191268E-04
    0.1637823E-04   -0.1130305E-03    0.2818704E-04    0.1448381E-02   -0.1487438E-03    0.5570862E-03   -0.1700534E-03   -0.1558903E-03    0.6110021E+00   -0.3023743E-02    0.4342870E+00    0.1504789E+01   -0.8583726E+00    0.2412884E+00   -0.8777261E+00    0.3266509E-01    0.3517789E+00    0.3868177E+01    0.3357664E+01    0.1906151E+01   -0.2779271E-03   -0.3320283E-03
   -0.3825937E-05   -0.2307154E-03    0.1169510E-03    0.3487167E-02   -0.3112148E-02    0.4858130E-02   -0.3315751E-03    0.1784914E-03   -0.2494768E+01    0.1031993E+00    0.2953621E+01   -0.1226169E+02    0.2981100E+01    0.5174193E+01    0.1187965E+01   -0.1357897E+01    0.6957969E-01    0.3357664E+01    0.1856344E+02    0.2658249E+02    0.1036654E-03    0.2503549E-02
    0.3679159E-04    0.1328934E-03    0.1061889E-03    0.6642705E-02   -0.2088956E-02    0.1671126E-01   -0.1078829E-02    0.1668885E-02   -0.2004448E+02    0.9213376E-01    0.2516408E+01   -0.1152944E+02    0.1858194E+01    0.4309452E+01    0.1766114E+02   -0.6115071E+00   -0.8802640E-02    0.1906151E+01    0.2658249E+02    0.5691725E+02    0.5414840E-03    0.4611021E-02
    0.8452080E-08   -0.6273655E-07    0.6689401E-08    0.1076981E-05    0.4358399E-05    0.2178108E-05    0.1235227E-06   -0.2613351E-07   -0.6926447E-03    0.2275960E-04    0.1250289E-03    0.6621774E-02    0.2738103E-03    0.1058684E-02    0.1067384E-02   -0.1148450E-03    0.1831672E-03   -0.2779271E-03    0.1036654E-03    0.5414840E-03    0.6240301E-06    0.1479583E-07
   -0.3446569E-07   -0.1641702E-06   -0.2078971E-07   -0.8515804E-06   -0.4105922E-05   -0.1777338E-05   -0.4473585E-06   -0.5431381E-07    0.4067134E-02   -0.4911735E-05   -0.4114636E-03    0.3845060E-02    0.6713021E-03   -0.2199119E-02   -0.7184458E-02    0.2288889E-03   -0.3191268E-04   -0.3320283E-03    0.2503549E-02    0.4611021E-02    0.1479583E-07    0.2197258E-05
