# omegabh2 omegach2 theta tau yhe logA ns calPlanck acib217 xi asz143 aps100 aps143 aps143217 aps217 aksz kgal100 kgal143 kgal143217 kgal217 galfTE100 galfTE100143 galfTE100217 galfTE143 galfTE143217 galfTE217 cal0 cal2
  2.2410071E-08  -9.0388561E-08   2.0170191E-08   2.5957390E-07   1.5041830E-07   4.7755673E-07   3.0590285E-07   2.7549098E-08  -7.8813112E-05   1.6551289E-06   1.6281700E-05  -3.2989203E-04  -1.5723979E-04  -4.8217171E-05   1.8174468E-05  -3.4925316E-05  -2.3732175E-06  -7.6525560E-06  -4.4992433E-07   3.0698592E-05  -6.3118227E-08  -2.6765965E-08  -4.4142644E-07  -2.1611897E-07  -6.5345463E-07  -2.6810954E-06   3.5115249E-09  -5.2736413E-10
 -9.0388561E-08   1.3770710E-06  -1.1938148E-07  -3.1522598E-06  -7.8208102E-08  -3.7073325E-06  -3.2631484E-06  -2.7488781E-07   3.0655433E-04  -5.7753049E-06  -4.7330853E-05   1.5553400E-03   7.4642721E-04   3.1700094E-04  -1.7668397E-05   9.4443199E-05  -9.8536897E-06   2.6379685E-05   3.0838826E-05  -8.1360401E-05   6.3866781E-08   4.3965249E-07   2.7621587E-06   1.8727475E-06   1.9962631E-06   1.2936322E-05  -1.5079142E-08   1.2155917E-08
  2.0170191E-08  -1.1938148E-07   1.1077254E-07   3.7562203E-07   4.5049909E-07   7.8555870E-07   5.8154543E-07   5.2912539E-08   2.5521613E-05  -1.1355957E-06  -1.4638436E-05   1.6269865E-04   3.0302568E-05  -2.8251744E-05   4.7349947E-06  -4.9336464E-07   3.3476540E-06   7.4978334E-06  -3.0437989E-06  -1.5574988E-05  -7.6936970E-08  -2.0939740E-07  -1.0971144E-07  -5.6832555E-07  -2.5085596E-07  -2.8763296E-06   4.4905395E-09   2.3402570E-09
  2.5957390E-07  -3.1522598E-06   3.7562203E-07   4.3718941E-05   8.9675805E-07   7.7658377E-05   9.6401485E-06  -1.0840532E-06  -1.5287745E-03   4.0264283E-05   1.3327684E-04  -7.7665885E-03  -3.6917863E-03  -1.6113683E-03  -1.0305986E-03  -2.6635963E-04  -7.0555771E-05   6.3168625E-05  -2.5892421E-04   5.0041357E-05   5.8465824E-07  -2.3138971E-06  -1.4196361E-05  -4.3303500E-06  -3.5713451E-06  -8.6146892E-06   1.4775359E-08  -3.8139362E-08
  1.5041830E-07  -7.8208102E-08   4.5049909E-07   8.9675805E-07   1.4132090E-05   4.2562504E-06   6.2312489E-06  -1.5434709E-07   1.3195015E-03  -3.0239431E-05  -5.1152126E-05   5.5635964E-03   2.5930419E-03   1.0851264E-03  -2.0380712E-04   2.7380436E-04   1.0024038E-04   1.7858578E-04   2.4629130E-04  -1.5430999E-04  -2.3770511E-06   1.2228708E-06  -2.7365741E-06   3.4553704E-06  -5.3821839E-06  -4.8901796E-06   1.8092832E-08  -1.4196825E-08
  4.7755673E-07  -3.7073325E-06   7.8555870E-07   7.7658377E-05   4.2562504E-06   1.6849500E-04   1.3452424E-05   9.2891436E-06  -2.8927134E-03   7.3938669E-05   3.4861710E-04  -1.2818982E-02  -4.0472311E-03   3.6791984E-04   4.5325357E-03  -1.6359440E-03  -4.3453391E-04  -5.9154756E-04  -7.9300289E-04   1.9434220E-03   3.8673259E-06  -1.9589464E-06  -2.0016483E-05  -8.5776339E-06  -6.1445380E-06   1.6239138E-05   1.3469549E-07  -5.1147479E-08
  3.0590285E-07  -3.2631484E-06   5.8154543E-07   9.6401485E-06   6.2312489E-06   1.3452424E-05   1.8745363E-05   8.5672414E-07  -3.7359285E-03   1.0150089E-04   6.4562019E-04  -1.9078839E-02  -5.1983010E-03   1.5424294E-03   4.4153262E-03  -1.7915087E-03   3.2013599E-04  -2.4054808E-04  -3.6271446E-04   9.0781059E-04  -2.0335144E-06  -1.2790715E-06  -8.0167379E-06  -2.3235750E-06   2.4443821E-06  -2.7385045E-05   6.9931808E-09  -1.1830592E-07
  2.7549098E-08  -2.7488781E-07   5.2912539E-08  -1.0840532E-06  -1.5434709E-07   9.2891436E-06   8.5672414E-07   6.0048649E-06   4.0254494E-04  -1.1413196E-05   8.8730819E-05   1.2858549E-03   4.9252620E-04   5.8341284E-04   1.8396434E-03  -2.7094562E-04   9.1776139E-06  -1.3148731E-04  -3.0900932E-05   9.2594556E-04   1.2465788E-06   7.9465722E-07   9.6819709E-07  -1.1392773E-06   8.0404875E-08   1.1588919E-05   2.3445463E-12  -1.0645335E-09
 -7.8813112E-05   3.0655433E-04   2.5521613E-05  -1.5287745E-03   1.3195015E-03  -2.8927134E-03  -3.7359285E-03   4.0254494E-04   4.3797649E+01  -3.7370775E-01  -1.0644576E+00   3.7252765E+01   1.4555850E+00  -1.3373723E+01  -5.4157959E+01   1.5769070E-01   4.4537503E-02   7.4531489E-01  -6.0706664E+00  -3.3271851E+01  -3.4353406E-03   8.3417809E-04  -1.4699490E-03  -1.9709695E-05  -7.8324733E-03   2.7935771E-02  -2.5309937E-04   6.5944631E-04
  1.6551289E-06  -5.7753049E-06  -1.1355957E-06   4.0264283E-05  -3.0239431E-05   7.3938669E-05   1.0150089E-04  -1.1413196E-05  -3.7370775E-01   8.1743370E-02  -3.0538612E-02  -6.6817337E-01   9.0039269E-01   1.7347867E+00   6.1170853E-01   3.0843546E-02  -1.1763403E-02   3.1123202E-03   1.1335282E-01   1.4775869E-01  -1.3055968E-04  -2.3177750E-04   5.8555628E-06  -8.1380902E-05   2.5697305E-04   7.1703327E-05   7.2805666E-06   4.0221003E-06
  1.6281700E-05  -4.7330853E-05  -1.4638436E-05   1.3327684E-04  -5.1152126E-05   3.4861710E-04   6.4562019E-04   8.8730819E-05  -1.0644576E+00  -3.0538612E-02   3.8204900E+00  -2.9283235E+01  -2.9737361E+00   8.0485079E+00   5.7574848E+00  -2.6847302E+00  -1.7520614E-01   1.5749001E-01   2.6278205E+00   3.4130084E+00   5.2418277E-04   1.5095178E-03  -2.7456935E-04   1.0946333E-03   8.9466323E-04   5.2532215E-03   1.3737959E-04  -5.1732359E-05
 -3.2989203E-04   1.5553400E-03   1.6269865E-04  -7.7665885E-03   5.5635964E-03  -1.2818982E-02  -1.9078839E-02   1.2858549E-03   3.7252765E+01  -6.6817337E-01  -2.9283235E+01   7.5818317E+02   6.8968542E+01  -5.6082234E+01  -6.2674471E+01   1.3603015E+01  -5.2185399E+00   5.0221830E+00  -1.1553515E+01  -2.5418360E+01  -1.0899422E-02   1.3748101E-03  -2.7432355E-03   8.1101049E-03  -7.4278205E-03   1.0406308E-02   3.6413583E-03   6.9772198E-04
 -1.5723979E-04   7.4642721E-04   3.0302568E-05  -3.6917863E-03   2.5930419E-03  -4.0472311E-03  -5.1983010E-03   4.9252620E-04   1.4555850E+00   9.0039269E-01  -2.9737361E+00   6.8968542E+01   6.2599759E+01   4.1320285E+01   1.5631920E+01  -5.4577372E+00  -3.0599563E-01  -1.2860460E+00   4.2264098E+00   5.7047525E+00   2.4609082E-03  -9.2275326E-04  -6.5014906E-03  -6.0460535E-03   7.3241447E-03   3.6339740E-02   5.5511405E-05   1.0582410E-04
 -4.8217171E-05   3.1700094E-04  -2.8251744E-05  -1.6113683E-03   1.0851264E-03   3.6791984E-04   1.5424294E-03   5.8341284E-04  -1.3373723E+01   1.7347867E+00   8.0485079E+00  -5.6082234E+01   4.1320285E+01   8.8377249E+01   5.4356149E+01  -1.2130513E+01  -6.4323929E-01  -8.2636417E-01   5.3641546E+00   9.1514404E+00  -1.3178190E-04  -2.2516867E-03  -8.7286170E-03  -3.4101860E-03   1.4831966E-02   2.7586646E-02   5.6388724E-04  -3.2890870E-04
  1.8174468E-05  -1.7668397E-05   4.7349947E-06  -1.0305986E-03  -2.0380712E-04   4.5325357E-03   4.4153262E-03   1.8396434E-03  -5.4157959E+01   6.1170853E-01   5.7574848E+00  -6.2674471E+01   1.5631920E+01   5.4356149E+01   1.0375570E+02  -9.6419429E+00  -2.6779905E-01  -1.6272027E+00   5.6663232E+00   3.3080484E+01   7.6614971E-03   1.3975003E-04  -2.3802434E-03  -3.6834927E-03   2.0820012E-02  -2.3675631E-02   5.9381040E-04  -1.3309554E-03
 -3.4925316E-05   9.4443199E-05  -4.9336464E-07  -2.6635963E-04   2.7380436E-04  -1.6359440E-03  -1.7915087E-03  -2.7094562E-04   1.5769070E-01   3.0843546E-02  -2.6847302E+00   1.3603015E+01  -5.4577372E+00  -1.2130513E+01  -9.6419429E+00   5.8146777E+00   1.7325104E-02  -1.5843320E-01  -2.1974730E+00  -2.6494173E+00  -2.6555813E-03  -1.2797572E-03   2.8881654E-03   2.3191770E-04  -4.4110684E-03  -3.7620930E-03  -1.0585175E-04   4.9297697E-05
 -2.3732175E-06  -9.8536897E-06   3.3476540E-06  -7.0555771E-05   1.0024038E-04  -4.3453391E-04   3.2013599E-04   9.1776139E-06   4.4537503E-02  -1.1763403E-02  -1.7520614E-01  -5.2185399E+00  -3.0599563E-01  -6.4323929E-01  -2.6779905E-01   1.7325104E-02   3.3812305E+00   6.1937793E-01   2.1083509E-01   2.6663142E-01  -3.3948437E-05   3.6150265E-04   4.6083163E-03  -1.1603401E-03   1.4064907E-03  -4.0226598E-04   1.6763559E-04  -1.8748521E-07
 -7.6525560E-06   2.6379685E-05   7.4978334E-06   6.3168625E-05   1.7858578E-04  -5.9154756E-04  -2.4054808E-04  -1.3148731E-04   7.4531489E-01   3.1123202E-03   1.5749001E-01   5.0221830E+00  -1.2860460E+00  -8.2636417E-01  -1.6272027E+00  -1.5843320E-01   6.1937793E-01   3.1064853E+00   2.5890303E+00   2.4797181E+00  -1.7717531E-04  -1.3172400E-05   3.9213600E-03   2.7843439E-04   3.0047081E-03   9.9168166E-03  -1.7506302E-04  -1.1453664E-05
 -4.4992433E-07   3.0838826E-05  -3.0437989E-06  -2.5892421E-04   2.4629130E-04  -7.9300289E-04  -3.6271446E-04  -3.0900932E-05  -6.0706664E+00   1.1335282E-01   2.6278205E+00  -1.1553515E+01   4.2264098E+00   5.3641546E+00   5.6663232E+00  -2.1974730E+00   2.1083509E-01   2.5890303E+00   1.0967785E+01   1.9821029E+01   2.7940711E-03   1.9212853E-03   4.3631699E-03   1.5640309E-03   6.7668908E-03   1.3982779E-02   1.0704959E-06   4.3855819E-04
  3.0698592E-05  -8.1360401E-05  -1.5574988E-05   5.0041357E-05  -1.5430999E-04   1.9434220E-03   9.0781059E-04   9.2594556E-04  -3.3271851E+01   1.4775869E-01   3.4130084E+00  -2.5418360E+01   5.7047525E+00   9.1514404E+00   3.3080484E+01  -2.6494173E+00   2.6663142E-01   2.4797181E+00   1.9821029E+01   5.4563899E+01   6.4023920E-03   3.4246326E-03   1.0500123E-02   4.7517911E-03   1.0135467E-02   1.6132436E-02   9.0906455E-05   9.9322972E-04
 -6.3118227E-08   6.3866781E-08  -7.6936970E-08   5.8465824E-07  -2.3770511E-06   3.8673259E-06  -2.0335144E-06   1.2465788E-06  -3.4353406E-03  -1.3055968E-04   5.2418277E-04  -1.0899422E-02   2.4609082E-03  -1.3178190E-04   7.6614971E-03  -2.6555813E-03  -3.3948437E-05  -1.7717531E-04   2.7940711E-03   6.4023920E-03   1.3857887E-03   2.5014492E-04   7.5062631E-05  -3.4240497E-04  -8.3302125E-05  -1.4380915E-04   5.3709193E-07   2.0837797E-07
 -2.6765965E-08   4.3965249E-07  -2.0939740E-07  -2.3138971E-06   1.2228708E-06  -1.9589464E-06  -1.2790715E-06   7.9465722E-07   8.3417809E-04  -2.3177750E-04   1.5095178E-03   1.3748101E-03  -9.2275326E-04  -2.2516867E-03   1.3975003E-04  -1.2797572E-03   3.6150265E-04  -1.3172400E-05   1.9212853E-03   3.4246326E-03   2.5014492E-04   8.2984979E-04   1.1242124E-05   7.1255312E-04   6.0219843E-05  -8.0743146E-04   3.2330988E-07   1.2935434E-08
 -4.4142644E-07   2.7621587E-06  -1.0971144E-07  -1.4196361E-05  -2.7365741E-06  -2.0016483E-05  -8.0167379E-06   9.6819709E-07  -1.4699490E-03   5.8555628E-06  -2.7456935E-04  -2.7432355E-03  -6.5014906E-03  -8.7286170E-03  -2.3802434E-03   2.8881654E-03   4.6083163E-03   3.9213600E-03   4.3631699E-03   1.0500123E-02   7.5062631E-05   1.1242124E-05   7.3064901E-03  -2.5655668E-04   6.7142835E-04   4.8317153E-03  -2.7486406E-07   1.2133228E-06
 -2.1611897E-07   1.8727475E-06  -5.6832555E-07  -4.3303500E-06   3.4553704E-06  -8.5776339E-06  -2.3235750E-06  -1.1392773E-06  -1.9709695E-05  -8.1380902E-05   1.0946333E-03   8.1101049E-03  -6.0460535E-03  -3.4101860E-03  -3.6834927E-03   2.3191770E-04  -1.1603401E-03   2.7843439E-04   1.5640309E-03   4.7517911E-03  -3.4240497E-04   7.1255312E-04  -2.5655668E-04   2.8479927E-03   5.6938307E-04  -9.1150545E-04   7.5211744E-07   3.2029267E-07
 -6.5345463E-07   1.9962631E-06  -2.5085596E-07  -3.5713451E-06  -5.3821839E-06  -6.1445380E-06   2.4443821E-06   8.0404875E-08  -7.8324733E-03   2.5697305E-04   8.9466323E-04  -7.4278205E-03   7.3241447E-03   1.4831966E-02   2.0820012E-02  -4.4110684E-03   1.4064907E-03   3.0047081E-03   6.7668908E-03   1.0135467E-02  -8.3302125E-05   6.0219843E-05   6.7142835E-04   5.6938307E-04   6.4049371E-03   8.2599114E-03   8.6467851E-08  -6.7406185E-07
 -2.6810954E-06   1.2936322E-05  -2.8763296E-06  -8.6146892E-06  -4.8901796E-06   1.6239138E-05  -2.7385045E-05   1.1588919E-05   2.7935771E-02   7.1703327E-05   5.2532215E-03   1.0406308E-02   3.6339740E-02   2.7586646E-02  -2.3675631E-02  -3.7620930E-03  -4.0226598E-04   9.9168166E-03   1.3982779E-02   1.6132436E-02  -1.4380915E-04  -8.0743146E-04   4.8317153E-03  -9.1150545E-04   8.2599114E-03   7.3099034E-02  -4.6166415E-06   2.1897457E-06
  3.5115249E-09  -1.5079142E-08   4.4905395E-09   1.4775359E-08   1.8092832E-08   1.3469549E-07   6.9931808E-09   2.3445463E-12  -2.5309937E-04   7.2805666E-06   1.3737959E-04   3.6413583E-03   5.5511405E-05   5.6388724E-04   5.9381040E-04  -1.0585175E-04   1.6763559E-04  -1.7506302E-04   1.0704959E-06   9.0906455E-05   5.3709193E-07   3.2330988E-07  -2.7486406E-07   7.5211744E-07   8.6467851E-08  -4.6166415E-06   3.7391048E-07   5.5474866E-10
 -5.2736413E-10   1.2155917E-08   2.3402570E-09  -3.8139362E-08  -1.4196825E-08  -5.1147479E-08  -1.1830592E-07  -1.0645335E-09   6.5944631E-04   4.0221003E-06  -5.1732359E-05   6.9772198E-04   1.0582410E-04  -3.2890870E-04  -1.3309554E-03   4.9297697E-05  -1.8748521E-07  -1.1453664E-05   4.3855819E-04   9.9322972E-04   2.0837797E-07   1.2935434E-08   1.2133228E-06   3.2029267E-07  -6.7406185E-07   2.1897457E-06   5.5474866E-10   3.8244087E-07
