# omegabh2 omegach2 theta tau logA ns r calPlanck galfEE100 galfEE100143 galfEE100217 galfEE143 galfEE143217 galfEE217
    0.1806146E-05   -0.5301636E-05    0.3574919E-06    0.2387731E-05    0.1375048E-04    0.1197209E-04   -0.4296379E-04   -0.1520081E-07    0.5035063E-06    0.5046485E-06    0.6823116E-06    0.5444000E-06    0.1446965E-05    0.1837410E-05
   -0.5301636E-05    0.2694587E-04   -0.1984981E-05   -0.1307362E-05    0.1498328E-04   -0.7834646E-04   -0.4097249E-03   -0.1451571E-06    0.9276187E-06    0.8100699E-06   -0.3039737E-05    0.2520139E-06   -0.7707865E-05   -0.1019649E-04
    0.3574919E-06   -0.1984981E-05    0.9323725E-06   -0.1226774E-06   -0.2964248E-05    0.7177598E-05    0.4446530E-04    0.3735160E-07   -0.4044709E-07   -0.1383932E-06    0.2158141E-06   -0.3194741E-07    0.4954304E-06   -0.1070639E-05
    0.2387731E-05   -0.1307362E-05   -0.1226774E-06    0.3360254E-03    0.7066580E-03   -0.1263223E-04   -0.1299107E-02   -0.7935644E-06    0.1864224E-04    0.2144275E-04    0.1844266E-05    0.2047242E-04    0.1128828E-06   -0.1914410E-04
    0.1375048E-04    0.1498328E-04   -0.2964248E-05    0.7066580E-03    0.1745725E-02   -0.1175865E-03   -0.4794992E-02    0.9696037E-05    0.4839105E-04    0.5245183E-04   -0.4467232E-06    0.5006416E-04   -0.1790901E-04   -0.8755785E-04
    0.1197209E-04   -0.7834646E-04    0.7177598E-05   -0.1263223E-04   -0.1175865E-03    0.3718530E-03    0.2742212E-02    0.1159938E-05   -0.7767046E-05   -0.6448794E-05    0.5442879E-05   -0.4825591E-05   -0.3504842E-05   -0.2948360E-04
   -0.4296379E-04   -0.4097249E-03    0.4446530E-04   -0.1299107E-02   -0.4794992E-02    0.2742212E-02    0.7491689E-01    0.4091287E-04   -0.8976048E-03   -0.9850973E-03   -0.4639162E-04   -0.9870088E-03    0.9551134E-04   -0.2340482E-03
   -0.1520081E-07   -0.1451571E-06    0.3735160E-07   -0.7935644E-06    0.9696037E-05    0.1159938E-05    0.4091287E-04    0.5972247E-05    0.4809224E-07   -0.4345087E-06   -0.6516295E-06    0.3092509E-06    0.2007935E-05   -0.9666698E-06
    0.5035063E-06    0.9276187E-06   -0.4044709E-07    0.1864224E-04    0.4839105E-04   -0.7767046E-05   -0.8976048E-03    0.4809224E-07    0.4769392E-04    0.2578974E-04    0.8479909E-06    0.2015116E-04   -0.1637457E-05    0.4295442E-05
    0.5046485E-06    0.8100699E-06   -0.1383932E-06    0.2144275E-04    0.5245183E-04   -0.6448794E-05   -0.9850973E-03   -0.4345087E-06    0.2578974E-04    0.4385800E-04    0.1344229E-05    0.3183735E-04    0.3375982E-06    0.6222585E-05
    0.6823116E-06   -0.3039737E-05    0.2158141E-06    0.1844266E-05   -0.4467232E-06    0.5442879E-05   -0.4639162E-04   -0.6516295E-06    0.8479909E-06    0.1344229E-05    0.1071501E-02    0.3486369E-05   -0.3366933E-05   -0.3409991E-05
    0.5444000E-06    0.2520139E-06   -0.3194741E-07    0.2047242E-04    0.5006416E-04   -0.4825591E-05   -0.9870088E-03    0.3092509E-06    0.2015116E-04    0.3183735E-04    0.3486369E-05    0.6699541E-04    0.2263448E-06   -0.7195363E-06
    0.1446965E-05   -0.7707865E-05    0.4954304E-06    0.1128828E-06   -0.1790901E-04   -0.3504842E-05    0.9551134E-04    0.2007935E-05   -0.1637457E-05    0.3375982E-06   -0.3366933E-05    0.2263448E-06    0.2204764E-02    0.7161466E-04
    0.1837410E-05   -0.1019649E-04   -0.1070639E-05   -0.1914410E-04   -0.8755785E-04   -0.2948360E-04   -0.2340482E-03   -0.9666698E-06    0.4295442E-05    0.6222585E-05   -0.3409991E-05   -0.7195363E-06    0.7161466E-04    0.1711360E-01
