# omegabh2 omegach2 theta tau w logA ns calPlanck aps100 aps143 aps217 acib217 asz143 psr cibr xi aksz dust100 dust143 dust217 dust143x217 cal0 cal2 calTE calEE
  2.0901170E-08  -6.0056783E-08   1.0966886E-08   2.0893207E-07   1.1090396E-06   4.0134354E-07   2.0113246E-07   2.8670274E-08  -3.4005582E-04  -2.5501794E-04   5.8258989E-05  -1.1407302E-04   1.4059539E-05   7.3250458E-07  -2.2636736E-06   3.2399783E-07  -2.6838412E-05  -2.5858142E-07  -4.5329737E-07   9.2609989E-07   3.5278493E-07   3.0707771E-09  -4.4116789E-10  -8.9855625E-08  -2.3307708E-07
 -6.0056783E-08   1.1007354E-06  -8.1715627E-08  -2.3807975E-06  -1.6344010E-05  -2.9049471E-06  -2.4039276E-06  -2.8953521E-07   4.7405687E-04   6.2270696E-04  -1.4725251E-04   1.8716716E-04  -3.2174743E-05  -3.2624563E-06   6.1905691E-06  -6.1408787E-06   2.3767070E-05  -5.7704134E-08   4.2829659E-06   4.1852705E-07   1.5195706E-06  -4.0261391E-08   7.2040860E-09  -1.9367166E-07  -7.0302952E-07
  1.0966886E-08  -8.1715627E-08   9.5226199E-08   3.0677350E-07   2.1179930E-06   6.5180784E-07   2.9036060E-07   6.3572069E-08  -1.3869913E-04   9.4391107E-06   6.6325360E-05  -1.0931696E-05   1.7643656E-05   1.0591012E-06  -3.3181027E-07   4.9026523E-07  -8.5582005E-06   2.1835364E-07  -5.4407190E-07   1.7439151E-07   6.8821187E-07   6.0123291E-09  -1.4406087E-09  -2.5164411E-08   8.2277863E-08
  2.0893207E-07  -2.3807975E-06   3.0677350E-07   4.0900477E-05   4.3697770E-05   7.5102274E-05   7.5383038E-06  -3.5183698E-07  -1.0266000E-02  -4.3531137E-03   5.3662005E-05  -1.3107180E-03   2.4587990E-04   1.0716442E-05  -4.1368466E-06   2.3505385E-05  -2.4173985E-04  -5.1609048E-06   1.5869317E-05   1.2134461E-07  -1.3451555E-05  -2.3222773E-07  -5.9250015E-09  -2.5941827E-06  -1.0224194E-06
  1.1090396E-06  -1.6344010E-05   2.1179930E-06   4.3697770E-05   9.7717353E-04   6.7056998E-05   3.9065552E-05   7.0253422E-06  -3.1471175E-02  -1.3151446E-02   9.4860710E-03  -6.5793985E-03   2.4267365E-03   1.3198971E-04  -1.3500820E-04  -5.7649630E-05  -1.9037656E-03   4.5796118E-05  -1.0166785E-04   8.0812034E-05   6.2530817E-05   1.1275480E-06   9.2498517E-07   5.2467635E-06   8.3249385E-06
  4.0134354E-07  -2.9049471E-06   6.5180784E-07   7.5102274E-05   6.7056998E-05   1.6850506E-04   9.6645033E-06   1.1163856E-05  -1.4113969E-02  -7.0490682E-03   7.5849688E-03  -3.8617483E-03   3.7927314E-04   4.4374770E-05  -7.2956311E-05   7.5724415E-05  -1.0189900E-03  -3.7242830E-05  -5.4495593E-05   2.2846068E-05  -4.0548360E-05   3.6989081E-08  -8.9649090E-08  -5.7374803E-06  -1.2845570E-06
  2.0113246E-07  -2.4039276E-06   2.9036060E-07   7.5383038E-06   3.9065552E-05   9.6645033E-06   1.5298664E-05   8.2294985E-07  -2.3007220E-02  -7.5760551E-03   7.8966195E-03  -5.6877777E-03   5.0377480E-04   6.4464582E-05  -1.1039399E-04   7.7120460E-05  -1.7677216E-03   1.6129804E-05  -2.0120331E-05   2.4344016E-05  -7.8278787E-06  -2.8025177E-07  -3.3631045E-07  -1.2391849E-07  -2.3657919E-06
  2.8670274E-08  -2.8953521E-07   6.3572069E-08  -3.5183698E-07   7.0253422E-06   1.1163856E-05   8.2294985E-07   6.2359651E-06   2.9961120E-03  -2.8922774E-04   1.3482817E-03   2.7286163E-04  -5.8153879E-05   1.5799357E-07  -1.2176430E-05   2.6645465E-06   2.0659598E-04  -2.0663280E-06   4.6102583E-06   5.7416813E-06  -1.5604027E-06  -4.7642065E-08  -6.4165897E-08  -4.2963805E-07  -1.4148416E-07
 -3.4005582E-04   4.7405687E-04  -1.3869913E-04  -1.0266000E-02  -3.1471175E-02  -1.4113969E-02  -2.3007220E-02   2.9961120E-03   5.9729564E+02   5.6157805E+01  -5.4047436E+01   2.8990514E+01  -2.4859465E+01  -7.7897726E-01  -3.0434158E-01  -2.1933565E-01   1.1678710E+01  -2.0315339E-01   1.6974738E-01  -2.4219785E-01  -1.2650752E-01   7.0810924E-03   2.9758697E-03  -2.6382143E-04   6.6487133E-03
 -2.5501794E-04   6.2270696E-04   9.4391107E-06  -4.3531137E-03  -1.3151446E-02  -7.0490682E-03  -7.5760551E-03  -2.8922774E-04   5.6157805E+01   6.7327805E+01   8.7973358E+00   6.3337115E+00   1.1050922E-01  -1.3451018E-02   4.6885796E-01   9.2979937E-01  -8.3848040E+00  -2.0282359E-02  -2.2810047E-01   4.7816208E-02   6.9712527E-02   1.0598788E-03   3.3391592E-04   2.4837387E-03   5.1605990E-03
  5.8258989E-05  -1.4725251E-04   6.6325360E-05   5.3662005E-05   9.4860710E-03   7.5849688E-03   7.8966195E-03   1.3482817E-03  -5.4047436E+01   8.7973358E+00   1.7425944E+02  -8.2127435E+01   2.4979221E+00   3.3193307E-01  -9.9492216E-01   3.6785135E-01  -6.5761703E+00  -6.1319879E-03  -2.5932378E-01   5.1490883E-01  -7.8866535E-02   2.0439068E-03  -8.1079125E-03   3.2536164E-03   3.2470557E-03
 -1.1407302E-04   1.8716716E-04  -1.0931696E-05  -1.3107180E-03  -6.5793985E-03  -3.8617483E-03  -5.6877777E-03   2.7286163E-04   2.8990514E+01   6.3337115E+00  -8.2127435E+01   5.1254595E+01   1.8721394E+00  -3.6677956E-02   7.0021711E-01  -2.5861241E-01  -3.0669781E+00   4.4862719E-03   1.6415067E-01  -4.3732286E-01  -7.8760519E-02  -6.6664744E-04   3.1103123E-03  -7.1835302E-04   3.2660179E-04
  1.4059539E-05  -3.2174743E-05   1.7643656E-05   2.4587990E-04   2.4267365E-03   3.7927314E-04   5.0377480E-04  -5.8153879E-05  -2.4859465E+01   1.1050922E-01   2.4979221E+00   1.8721394E+00   4.3987728E+00   1.0269557E-01   1.6656035E-01  -2.7012896E-02  -3.6331809E+00  -4.0964270E-03  -5.4871119E-03   8.1982127E-03   4.9557867E-02   4.6443711E-04  -2.3196609E-04  -5.7253143E-06  -2.1326968E-04
  7.3250458E-07  -3.2624563E-06   1.0591012E-06   1.0716442E-05   1.3198971E-04   4.4374770E-05   6.4464582E-05   1.5799357E-07  -7.7897726E-01  -1.3451018E-02   3.3193307E-01  -3.6677956E-02   1.0269557E-01   1.6784162E-02  -1.6656333E-02   1.2420768E-02  -1.0346086E-01  -2.8499346E-04  -1.1902220E-03  -2.7806572E-03   5.1400946E-03   1.7515441E-05  -3.7776158E-05   2.9394675E-05   6.5266670E-06
 -2.2636736E-06   6.1905691E-06  -3.3181027E-07  -4.1368466E-06  -1.3500820E-04  -7.2956311E-05  -1.1039399E-04  -1.2176430E-05  -3.0434158E-01   4.6885796E-01  -9.9492216E-01   7.0021711E-01   1.6656035E-01  -1.6656333E-02   6.8185128E-02   4.0511184E-03  -1.7005451E-01   8.9841774E-04   6.9248534E-03   4.1645560E-05  -1.7426881E-02  -7.9507524E-06   8.9750564E-05  -4.6253402E-05  -3.1366226E-06
  3.2399783E-07  -6.1408787E-06   4.9026523E-07   2.3505385E-05  -5.7649630E-05   7.5724415E-05   7.7120460E-05   2.6645465E-06  -2.1933565E-01   9.2979937E-01   3.6785135E-01  -2.5861241E-01  -2.7012896E-02   1.2420768E-02   4.0511184E-03   8.3052936E-02   2.8027357E-02   6.4788734E-04   3.3176587E-04   1.0484449E-03   1.3543150E-03   1.3786715E-05  -1.5658970E-05   9.6172323E-06   2.5563188E-05
 -2.6838412E-05   2.3767070E-05  -8.5582005E-06  -2.4173985E-04  -1.9037656E-03  -1.0189900E-03  -1.7677216E-03   2.0659598E-04   1.1678710E+01  -8.3848040E+00  -6.5761703E+00  -3.0669781E+00  -3.6331809E+00  -1.0346086E-01  -1.7005451E-01   2.8027357E-02   7.3860658E+00  -3.8615123E-04  -3.7639823E-03   2.1758808E-03  -4.5323909E-02  -4.3603067E-04   1.3252290E-04  -6.4741788E-04  -2.4453841E-04
 -2.5858142E-07  -5.7704134E-08   2.1835364E-07  -5.1609048E-06   4.5796118E-05  -3.7242830E-05   1.6129804E-05  -2.0663280E-06  -2.0315339E-01  -2.0282359E-02  -6.1319879E-03   4.4862719E-03  -4.0964270E-03  -2.8499346E-04   8.9841774E-04   6.4788734E-04  -3.8615123E-04   3.8889042E-02   3.1179299E-03  -1.1085553E-04   3.8393431E-04   3.8509157E-05  -7.1202691E-06  -8.0885096E-06   7.3913281E-07
 -4.5329737E-07   4.2829659E-06  -5.4407190E-07   1.5869317E-05  -1.0166785E-04  -5.4495593E-05  -2.0120331E-05   4.6102583E-06   1.6974738E-01  -2.2810047E-01  -2.5932378E-01   1.6415067E-01  -5.4871119E-03  -1.1902220E-03   6.9248534E-03   3.3176587E-04  -3.7639823E-03   3.1179299E-03   3.1454753E-02  -7.9008079E-04   5.5455218E-03  -8.4534465E-05  -4.5502629E-05  -8.8606876E-05  -9.3957118E-05
  9.2609989E-07   4.1852705E-07   1.7439151E-07   1.2134461E-07   8.0812034E-05   2.2846068E-05   2.4344016E-05   5.7416813E-06  -2.4219785E-01   4.7816208E-02   5.1490883E-01  -4.3732286E-01   8.1982127E-03  -2.7806572E-03   4.1645560E-05   1.0484449E-03   2.1758808E-03  -1.1085553E-04  -7.9008079E-04   1.0614617E-02   8.1658058E-03   4.8067298E-06   6.5364504E-05  -1.1233149E-07  -1.2705342E-05
  3.5278493E-07   1.5195706E-06   6.8821187E-07  -1.3451555E-05   6.2530817E-05  -4.0548360E-05  -7.8278787E-06  -1.5604027E-06  -1.2650752E-01   6.9712527E-02  -7.8866535E-02  -7.8760519E-02   4.9557867E-02   5.1400946E-03  -1.7426881E-02   1.3543150E-03  -4.5323909E-02   3.8393431E-04   5.5455218E-03   8.1658058E-03   2.6061632E-02  -3.5914305E-06   5.9718932E-05  -1.0182818E-05  -2.5552914E-05
  3.0707771E-09  -4.0261391E-08   6.0123291E-09  -2.3222773E-07   1.1275480E-06   3.6989081E-08  -2.8025177E-07  -4.7642065E-08   7.0810924E-03   1.0598788E-03   2.0439068E-03  -6.6664744E-04   4.6443711E-04   1.7515441E-05  -7.9507524E-06   1.3786715E-05  -4.3603067E-04   3.8509157E-05  -8.4534465E-05   4.8067298E-06  -3.5914305E-06   1.1525769E-06   2.8925059E-08   4.1524544E-07   6.6854073E-07
 -4.4116789E-10   7.2040860E-09  -1.4406087E-09  -5.9250015E-09   9.2498517E-07  -8.9649090E-08  -3.3631045E-07  -6.4165897E-08   2.9758697E-03   3.3391592E-04  -8.1079125E-03   3.1103123E-03  -2.3196609E-04  -3.7776158E-05   8.9750564E-05  -1.5658970E-05   1.3252290E-04  -7.1202691E-06  -4.5502629E-05   6.5364504E-05   5.9718932E-05   2.8925059E-08   2.5548496E-06   1.8202986E-07   3.7619266E-08
 -8.9855625E-08  -1.9367166E-07  -2.5164411E-08  -2.5941827E-06   5.2467635E-06  -5.7374803E-06  -1.2391849E-07  -4.2963805E-07  -2.6382143E-04   2.4837387E-03   3.2536164E-03  -7.1835302E-04  -5.7253143E-06   2.9394675E-05  -4.6253402E-05   9.6172323E-06  -6.4741788E-04  -8.0885096E-06  -8.8606876E-05  -1.1233149E-07  -1.0182818E-05   4.1524544E-07   1.8202986E-07   2.3697449E-05   8.5216117E-06
 -2.3307708E-07  -7.0302952E-07   8.2277863E-08  -1.0224194E-06   8.3249385E-06  -1.2845570E-06  -2.3657919E-06  -1.4148416E-07   6.6487133E-03   5.1605990E-03   3.2470557E-03   3.2660179E-04  -2.1326968E-04   6.5266670E-06  -3.1366226E-06   2.5563188E-05  -2.4453841E-04   7.3913281E-07  -9.3957118E-05  -1.2705342E-05  -2.5552914E-05   6.6854073E-07   3.7619266E-08   8.5216117E-06   2.4689594E-05
