# omegabh2 omegach2 theta tau logA ns calPlanck aps100 aps143 aps217 acib217 asz143 psr cibr xi aksz dust100 dust143 dust217 dust143x217 cal0 cal2 calTE calEE
  1.8854527E-08  -3.6565173E-08   8.2252260E-09   2.4178073E-07   4.6754292E-07   1.4990711E-07   1.0505862E-08  -4.1216625E-04  -1.8768548E-04   8.2678576E-05  -1.0604991E-04   1.6218341E-05   7.9337938E-07  -1.6978596E-06   9.4401907E-07  -3.2219964E-05   8.3445559E-08  -4.3435919E-07   6.2657871E-07  -3.7070518E-07  -2.8903414E-09  -5.5526460E-09  -1.1281391E-07  -2.3832205E-07
 -3.6565173E-08   7.8433988E-07  -4.0296232E-08  -2.0387090E-06  -2.8448391E-06  -1.6695046E-06  -2.6208588E-07   7.0344924E-04   2.7274162E-05  -2.2694098E-04   1.3551158E-04  -2.4132600E-05   2.8821362E-07   3.0502258E-07  -8.8511841E-07   1.0228801E-04   2.2253221E-06   5.9920229E-06  -9.5238807E-07   3.7363322E-06  -1.0549910E-08   7.3302484E-09  -1.9615365E-07  -5.2212589E-07
  8.2252260E-09  -4.0296232E-08   9.0188371E-08   2.1520568E-07   4.2694572E-07   2.3352664E-07   9.4128486E-09  -2.6484099E-04   2.9026156E-05   2.8157955E-05   2.5155834E-06   2.4546600E-05  -3.6248700E-07   3.0036876E-06   1.8292050E-06  -1.8087833E-05   1.3810903E-07   6.5054261E-07   1.4880218E-07  -1.0800754E-06  -6.6311362E-09  -5.1128938E-09  -5.2884643E-08   5.9037632E-09
  2.4178073E-07  -2.0387090E-06   2.1520568E-07   5.4473166E-05   1.0064678E-04   8.0979886E-06  -1.0579091E-06  -1.0823208E-02  -1.2298011E-03   2.8042709E-03  -3.4236858E-03   3.1288781E-05  -1.2223527E-05  -5.6586283E-06   2.2500284E-05  -5.5599023E-04  -3.3578729E-05  -3.0879659E-05   2.6265131E-05  -2.6211634E-05  -3.1569058E-07  -7.8740130E-08  -4.6967169E-06  -4.1107506E-06
  4.6754292E-07  -2.8448391E-06   4.2694572E-07   1.0064678E-04   2.1466635E-04   1.1655492E-05   9.7349697E-06  -1.3964022E-02  -9.0850461E-04   1.2692218E-02  -7.7481230E-03  -4.5770811E-05   1.0700332E-05  -9.5919962E-05   9.1717362E-05  -1.8416987E-03  -6.2980614E-05  -1.1650331E-04   6.7642436E-05  -4.4813784E-05  -1.4744023E-07  -3.9111002E-07  -9.4037271E-06  -6.6384190E-06
  1.4990711E-07  -1.6695046E-06   2.3352664E-07   8.0979886E-06   1.1655492E-05   1.3827041E-05   5.5576011E-07  -2.5211305E-02  -5.9105956E-03   9.8354764E-03  -6.2495381E-03   5.7725563E-04   6.4365922E-05  -1.1885388E-04   4.0457456E-05  -2.0612907E-03   3.1604757E-06  -3.9741835E-05   3.1790925E-05  -1.0703472E-05  -4.6338223E-07  -4.7452377E-07  -3.8287355E-07  -2.6702032E-06
  1.0505862E-08  -2.6208588E-07   9.4128486E-09  -1.0579091E-06   9.7349697E-06   5.5576011E-07   6.2972056E-06   3.6634603E-03   3.6052410E-04   1.1306156E-03   6.1912674E-04  -2.5056305E-05   4.2381321E-06  -1.4752100E-05  -3.1472673E-06  -3.8779931E-05   1.1096826E-05   1.0084854E-05   3.0183506E-06   6.8732913E-06  -5.4146919E-08  -1.2811089E-07  -2.0349422E-07  -3.7846037E-08
 -4.1216625E-04   7.0344924E-04  -2.6484099E-04  -1.0823208E-02  -1.3964022E-02  -2.5211305E-02   3.6634603E-03   5.8752476E+02   5.5485362E+01  -5.8824398E+01   2.9926118E+01  -2.4429664E+01  -8.7215234E-01  -1.2378852E-01  -2.8596718E-01   1.2117788E+01  -1.6590228E-01   3.0368907E-01  -1.9177722E-01  -7.2382684E-02   5.9796477E-03   3.6437911E-03   4.1412109E-03   6.4838803E-03
 -1.8768548E-04   2.7274162E-05   2.9026156E-05  -1.2298011E-03  -9.0850461E-04  -5.9105956E-03   3.6052410E-04   5.5485362E+01   6.6937762E+01   1.0221461E+01   6.0713930E+00  -1.2473671E-01  -2.5536572E-02   4.7056568E-01   9.4420560E-01  -8.7875944E+00  -2.5505593E-03  -2.0914568E-01   5.2621798E-02   7.4582729E-02   6.4415879E-04   6.3205852E-04   1.0191358E-03   4.6208461E-03
  8.2678576E-05  -2.2694098E-04   2.8157955E-05   2.8042709E-03   1.2692218E-02   9.8354764E-03   1.1306156E-03  -5.8824398E+01   1.0221461E+01   1.7852548E+02  -8.4533695E+01   3.0724104E+00   3.3562806E-01  -1.0782924E+00   3.4072644E-01  -8.2084810E+00  -8.8173483E-02  -2.3732085E-01   5.8787877E-01   4.4517099E-02   1.4315705E-03  -7.7940888E-03   3.2180701E-03   4.3880666E-03
 -1.0604991E-04   1.3551158E-04   2.5155834E-06  -3.4236858E-03  -7.7481230E-03  -6.2495381E-03   6.1912674E-04   2.9926118E+01   6.0713930E+00  -8.4533695E+01   5.3159537E+01   1.8132215E+00  -2.1173709E-02   7.4635413E-01  -2.3801839E-01  -2.6777569E+00   6.3534208E-02   1.5771701E-01  -4.7457386E-01  -1.3416291E-01  -4.7300819E-04   3.1214815E-03  -9.0841372E-04  -2.5263808E-05
  1.6218341E-05  -2.4132600E-05   2.4546600E-05   3.1288781E-05  -4.5770811E-05   5.7725563E-04  -2.5056305E-05  -2.4429664E+01  -1.2473671E-01   3.0724104E+00   1.8132215E+00   4.4572569E+00   1.0449924E-01   1.6155161E-01  -4.4336719E-02  -3.7007641E+00   4.9718104E-03   5.8720460E-03   5.9603609E-03   5.2933382E-02   5.0239756E-04  -2.9415820E-04  -1.8312269E-04   1.7558673E-04
  7.9337938E-07   2.8821362E-07  -3.6248700E-07  -1.2223527E-05   1.0700332E-05   6.4365922E-05   4.2381321E-06  -8.7215234E-01  -2.5536572E-02   3.3562806E-01  -2.1173709E-02   1.0449924E-01   1.6836220E-02  -1.6725459E-02   1.1452691E-02  -1.1367245E-01  -1.8554581E-04  -3.2311112E-04  -3.2076956E-03   5.1062274E-03   1.3365547E-05  -4.4428580E-05   1.4726731E-05   1.4811480E-05
 -1.6978596E-06   3.0502258E-07   3.0036876E-06  -5.6586283E-06  -9.5919962E-05  -1.1885388E-04  -1.4752100E-05  -1.2378852E-01   4.7056568E-01  -1.0782924E+00   7.4635413E-01   1.6155161E-01  -1.6725459E-02   6.9376843E-02   3.9967366E-03  -1.5211386E-01   1.9074970E-03   6.5161430E-03  -5.4361527E-04  -1.8626741E-02  -4.3999941E-06   9.8245747E-05  -5.1027695E-05   1.5124726E-05
  9.4401907E-07  -8.8511841E-07   1.8292050E-06   2.2500284E-05   9.1717362E-05   4.0457456E-05  -3.1472673E-06  -2.8596718E-01   9.4420560E-01   3.4072644E-01  -2.3801839E-01  -4.4336719E-02   1.1452691E-02   3.9967366E-03   8.2553847E-02   3.4751266E-02  -3.2992241E-04  -1.4885475E-04  -7.2642635E-06  -1.1647164E-04   7.4406511E-06  -2.4430562E-05  -2.6161077E-06   4.1350693E-05
 -3.2219964E-05   1.0228801E-04  -1.8087833E-05  -5.5599023E-04  -1.8416987E-03  -2.0612907E-03  -3.8779931E-05   1.2117788E+01  -8.7875944E+00  -8.2084810E+00  -2.6777569E+00  -3.7007641E+00  -1.1367245E-01  -1.5211386E-01   3.4751266E-02   7.5891743E+00  -9.6507990E-03  -1.2455733E-02  -2.1506966E-03  -5.4795395E-02  -3.0590307E-04   1.3407604E-04  -2.5943072E-04  -6.2077822E-04
  8.3445559E-08   2.2253221E-06   1.3810903E-07  -3.3578729E-05  -6.2980614E-05   3.1604757E-06   1.1096826E-05  -1.6590228E-01  -2.5505593E-03  -8.8173483E-02   6.3534208E-02   4.9718104E-03  -1.8554581E-04   1.9074970E-03  -3.2992241E-04  -9.6507990E-03   3.6922486E-02   3.4425931E-03  -2.4479021E-04   8.7696014E-04   3.4484118E-05  -2.5374053E-06  -2.0503969E-05  -1.4654609E-05
 -4.3435919E-07   5.9920229E-06   6.5054261E-07  -3.0879659E-05  -1.1650331E-04  -3.9741835E-05   1.0084854E-05   3.0368907E-01  -2.0914568E-01  -2.3732085E-01   1.5771701E-01   5.8720460E-03  -3.2311112E-04   6.5161430E-03  -1.4885475E-04  -1.2455733E-02   3.4425931E-03   2.9565372E-02  -6.3988131E-04   5.4354612E-03  -6.9678698E-05  -4.0234534E-05  -5.5227473E-05  -9.9409560E-05
  6.2657871E-07  -9.5238807E-07   1.4880218E-07   2.6265131E-05   6.7642436E-05   3.1790925E-05   3.0183506E-06  -1.9177722E-01   5.2621798E-02   5.8787877E-01  -4.7457386E-01   5.9603609E-03  -3.2076956E-03  -5.4361527E-04  -7.2642635E-06  -2.1506966E-03  -2.4479021E-04  -6.3988131E-04   1.1130099E-02   8.8186047E-03   5.6242660E-06   6.4776367E-05   1.9607899E-06  -4.9339064E-06
 -3.7070518E-07   3.7363322E-06  -1.0800754E-06  -2.6211634E-05  -4.4813784E-05  -1.0703472E-05   6.8732913E-06  -7.2382684E-02   7.4582729E-02   4.4517099E-02  -1.3416291E-01   5.2933382E-02   5.1062274E-03  -1.8626741E-02  -1.1647164E-04  -5.4795395E-02   8.7696014E-04   5.4354612E-03   8.8186047E-03   2.7365561E-02   5.6785620E-06   5.5729495E-05  -1.2034708E-05  -2.6590259E-05
 -2.8903414E-09  -1.0549910E-08  -6.6311362E-09  -3.1569058E-07  -1.4744023E-07  -4.6338223E-07  -5.4146919E-08   5.9796477E-03   6.4415879E-04   1.4315705E-03  -4.7300819E-04   5.0239756E-04   1.3365547E-05  -4.3999941E-06   7.4406511E-06  -3.0590307E-04   3.4484118E-05  -6.9678698E-05   5.6242660E-06   5.6785620E-06   1.0936561E-06   4.6516263E-08   2.8416939E-07   9.3933646E-07
 -5.5526460E-09   7.3302484E-09  -5.1128938E-09  -7.8740130E-08  -3.9111002E-07  -4.7452377E-07  -1.2811089E-07   3.6437911E-03   6.3205852E-04  -7.7940888E-03   3.1214815E-03  -2.9415820E-04  -4.4428580E-05   9.8245747E-05  -2.4430562E-05   1.3407604E-04  -2.5374053E-06  -4.0234534E-05   6.4776367E-05   5.5729495E-05   4.6516263E-08   2.5310735E-06   3.0282475E-07   2.1480083E-07
 -1.1281391E-07  -1.9615365E-07  -5.2884643E-08  -4.6967169E-06  -9.4037271E-06  -3.8287355E-07  -2.0349422E-07   4.1412109E-03   1.0191358E-03   3.2180701E-03  -9.0841372E-04  -1.8312269E-04   1.4726731E-05  -5.1027695E-05  -2.6161077E-06  -2.5943072E-04  -2.0503969E-05  -5.5227473E-05   1.9607899E-06  -1.2034708E-05   2.8416939E-07   3.0282475E-07   2.5257902E-05   8.8417185E-06
 -2.3832205E-07  -5.2212589E-07   5.9037632E-09  -4.1107506E-06  -6.6384190E-06  -2.6702032E-06  -3.7846037E-08   6.4838803E-03   4.6208461E-03   4.3880666E-03  -2.5263808E-05   1.7558673E-04   1.4811480E-05   1.5124726E-05   4.1350693E-05  -6.2077822E-04  -1.4654609E-05  -9.9409560E-05  -4.9339064E-06  -2.6590259E-05   9.3933646E-07   2.1480083E-07   8.8417185E-06   2.3956470E-05
