# omegabh2 omegach2 theta tau logA ns calPlanck aps100 aps143 aps217 acib217 asz143 psr cibr xi aksz dust100 dust143 dust217 dust143x217 cal0 cal2
  3.7299635E-08  -5.8311528E-08   2.0659109E-08   2.3107192E-07   4.8755127E-07   2.3577821E-07   2.1920360E-08  -6.1141452E-04  -4.3040672E-04   1.3679570E-04  -2.1100794E-04   2.3668438E-05   1.8756383E-06  -4.7163146E-06   2.9887280E-06  -3.8742651E-05   2.8882624E-07  -3.8616447E-07   1.0783182E-06   1.7652399E-07   6.0530903E-09  -7.7971546E-09
 -5.8311528E-08   1.4912314E-06  -6.5073090E-08  -1.2608013E-06   9.7239055E-07  -3.2339506E-06  -7.5919624E-08   4.6470358E-04   2.9862190E-04   4.1840691E-04  -6.2237835E-05  -3.6323086E-05   1.6585795E-06  -6.8380419E-06  -4.2897298E-06   2.3961707E-06  -4.6231416E-06   3.1945528E-06  -2.6933931E-07   1.5677101E-06  -4.2858718E-08  -9.4563877E-09
  2.0659109E-08  -6.5073090E-08   1.7477544E-07   1.8604109E-07   4.2019434E-07   3.6631516E-07   1.0551978E-08  -1.9946896E-05   8.2020155E-05   1.1631780E-04  -6.7753877E-05   9.8929318E-06   4.3230962E-07   2.3554194E-06   4.4737065E-06  -1.1247677E-05   1.6940409E-06  -1.4491069E-06   1.1732550E-06  -9.9367297E-07   1.3193811E-08   9.3415271E-09
  2.3107192E-07  -1.2608013E-06   1.8604109E-07   6.3053134E-05   1.2324000E-04   5.8358995E-06  -5.0706564E-08  -1.2321036E-02  -4.0589291E-03   1.8488655E-03  -2.5659279E-03  -5.7810930E-06   1.4480522E-06  -3.7155189E-05   6.5240158E-05  -4.3518503E-04  -1.2373394E-05  -2.9797865E-05   5.7388368E-06  -2.5310386E-05  -2.4202565E-07  -1.0523305E-07
  4.8755127E-07   9.7239055E-07   4.2019434E-07   1.2324000E-04   2.7945683E-04   2.4995812E-06   1.2686023E-05  -2.1358107E-02  -5.2283639E-03   1.5387879E-02  -7.8576699E-03   1.7412758E-04   3.3372909E-05  -1.4816837E-04   1.9381789E-04  -2.1768812E-03  -5.8176814E-05  -1.9711678E-04   4.2688093E-05  -7.3272315E-05   2.6299738E-07  -2.6680947E-07
  2.3577821E-07  -3.2339506E-06   3.6631516E-07   5.8358995E-06   2.4995812E-06   1.8045000E-05   2.8211133E-07  -2.3131672E-02  -7.1736736E-03   7.5889904E-03  -5.6162194E-03   6.1377107E-04   6.6627890E-05  -9.0353915E-05   8.2578499E-05  -1.9674322E-03   4.7468950E-05  -3.5855518E-05   3.0122955E-05  -7.1368910E-06  -1.8658729E-07  -2.9593627E-07
  2.1920360E-08  -7.5919624E-08   1.0551978E-08  -5.0706564E-08   1.2686023E-05   2.8211133E-07   6.3983340E-06   1.8505746E-03   8.8140749E-04   2.4072911E-03   9.0334330E-05   6.7087620E-05  -4.0941159E-06   9.0320990E-08   8.4510641E-06  -1.1779853E-04  -4.9252682E-07  -2.5611335E-05   7.8924099E-06  -9.4537541E-06   8.7384848E-08  -3.8088004E-08
 -6.1141452E-04   4.6470358E-04  -1.9946896E-05  -1.2321036E-02  -2.1358107E-02  -2.3131672E-02   1.8505746E-03   6.1103128E+02   5.7284821E+01  -5.4625404E+01   3.0065223E+01  -2.5052905E+01  -9.6247957E-01  -5.5223680E-02  -5.1375773E-01   1.1276071E+01  -1.2023050E-01   2.2055099E-01  -2.2175488E-01  -2.4049082E-01   6.8684791E-03   3.2106153E-03
 -4.3040672E-04   2.9862190E-04   8.2020155E-05  -4.0589291E-03  -5.2283639E-03  -7.1736736E-03   8.8140749E-04   5.7284821E+01   7.0076789E+01   7.2970475E+00   7.7940490E+00  -2.8275367E-01   6.5058604E-04   4.6035565E-01   8.8296911E-01  -8.4519239E+00  -3.3882241E-02  -2.4996563E-01   6.0525448E-02   9.5046842E-02   8.9932948E-04   9.1384114E-04
  1.3679570E-04   4.1840691E-04   1.1631780E-04   1.8488655E-03   1.5387879E-02   7.5889904E-03   2.4072911E-03  -5.4625404E+01   7.2970475E+00   1.7853262E+02  -8.5579414E+01   1.8921738E+00   3.6044573E-01  -1.0647819E+00   3.5985309E-01  -6.3958273E+00   2.7150272E-02  -2.5937025E-01   5.7209719E-01   2.8392263E-02   1.4208997E-03  -7.7065373E-03
 -2.1100794E-04  -6.2237835E-05  -6.7753877E-05  -2.5659279E-03  -7.8576699E-03  -5.6162194E-03   9.0334330E-05   3.0065223E+01   7.7940490E+00  -8.5579414E+01   5.3908875E+01   2.0616979E+00  -5.0546843E-02   7.3967279E-01  -2.6980337E-01  -3.0875268E+00  -2.4556531E-02   1.6043702E-01  -4.7166754E-01  -1.4604522E-01  -3.9516218E-04   3.0749625E-03
  2.3668438E-05  -3.6323086E-05   9.8929318E-06  -5.7810930E-06   1.7412758E-04   6.1377107E-04   6.7087620E-05  -2.5052905E+01  -2.8275367E-01   1.8921738E+00   2.0616979E+00   4.3623709E+00   1.0650989E-01   1.5331754E-01  -3.0835533E-02  -3.5882561E+00  -1.4868075E-02   4.2152845E-03   3.0723509E-03   5.3936646E-02   4.6603687E-04  -2.9754790E-04
  1.8756383E-06   1.6585795E-06   4.3230962E-07   1.4480522E-06   3.3372909E-05   6.6627890E-05  -4.0941159E-06  -9.6247957E-01   6.5058604E-04   3.6044573E-01  -5.0546843E-02   1.0650989E-01   1.7257160E-02  -1.6942905E-02   1.3299672E-02  -1.1089140E-01  -5.0442963E-04  -8.1900459E-04  -2.7877328E-03   5.5484061E-03   1.4822068E-05  -3.8892689E-05
 -4.7163146E-06  -6.8380419E-06   2.3554194E-06  -3.7155189E-05  -1.4816837E-04  -9.0353915E-05   9.0320990E-08  -5.5223680E-02   4.6035565E-01  -1.0647819E+00   7.3967279E-01   1.5331754E-01  -1.6942905E-02   6.5958361E-02   1.6975879E-03  -1.5665434E-01  -8.6023970E-05   5.8357871E-03  -4.2574710E-04  -1.8151710E-02  -3.8458688E-07   8.9772089E-05
  2.9887280E-06  -4.2897298E-06   4.4737065E-06   6.5240158E-05   1.9381789E-04   8.2578499E-05   8.4510641E-06  -5.1375773E-01   8.8296911E-01   3.5985309E-01  -2.6980337E-01  -3.0835533E-02   1.3299672E-02   1.6975879E-03   8.1860556E-02   2.4507510E-02  -7.9646916E-05  -8.5497744E-04   1.3584577E-03   2.3003870E-03   1.2884231E-05  -3.6153852E-06
 -3.8742651E-05   2.3961707E-06  -1.1247677E-05  -4.3518503E-04  -2.1768812E-03  -1.9674322E-03  -1.1779853E-04   1.1276071E+01  -8.4519239E+00  -6.3958273E+00  -3.0875268E+00  -3.5882561E+00  -1.1089140E-01  -1.5665434E-01   2.4507510E-02   7.4879042E+00   3.6934789E-03  -6.3283481E-03  -2.3737820E-03  -5.6491040E-02  -4.0344898E-04   6.9571696E-05
  2.8882624E-07  -4.6231416E-06   1.6940409E-06  -1.2373394E-05  -5.8176814E-05   4.7468950E-05  -4.9252682E-07  -1.2023050E-01  -3.3882241E-02   2.7150272E-02  -2.4556531E-02  -1.4868075E-02  -5.0442963E-04  -8.6023970E-05  -7.9646916E-05   3.6934789E-03   3.7840478E-02   2.7624539E-03   4.4120272E-04   3.0652180E-04   2.8056365E-05  -1.3592743E-08
 -3.8616447E-07   3.1945528E-06  -1.4491069E-06  -2.9797865E-05  -1.9711678E-04  -3.5855518E-05  -2.5611335E-05   2.2055099E-01  -2.4996563E-01  -2.5937025E-01   1.6043702E-01   4.2152845E-03  -8.1900459E-04   5.8357871E-03  -8.5497744E-04  -6.3283481E-03   2.7624539E-03   3.0566076E-02  -9.3839167E-04   5.4580655E-03  -7.8920442E-05  -5.0703863E-05
  1.0783182E-06  -2.6933931E-07   1.1732550E-06   5.7388368E-06   4.2688093E-05   3.0122955E-05   7.8924099E-06  -2.2175488E-01   6.0525448E-02   5.7209719E-01  -4.7166754E-01   3.0723509E-03  -2.7877328E-03  -4.2574710E-04   1.3584577E-03  -2.3737820E-03   4.4120272E-04  -9.3839167E-04   1.1024681E-02   8.9950691E-03   3.2192543E-06   6.2352284E-05
  1.7652399E-07   1.5677101E-06  -9.9367297E-07  -2.5310386E-05  -7.3272315E-05  -7.1368910E-06  -9.4537541E-06  -2.4049082E-01   9.5046842E-02   2.8392263E-02  -1.4604522E-01   5.3936646E-02   5.5484061E-03  -1.8151710E-02   2.3003870E-03  -5.6491040E-02   3.0652180E-04   5.4580655E-03   8.9950691E-03   2.7591576E-02  -4.2840675E-06   5.3748459E-05
  6.0530903E-09  -4.2858718E-08   1.3193811E-08  -2.4202565E-07   2.6299738E-07  -1.8658729E-07   8.7384848E-08   6.8684791E-03   8.9932948E-04   1.4208997E-03  -3.9516218E-04   4.6603687E-04   1.4822068E-05  -3.8458688E-07   1.2884231E-05  -4.0344898E-04   2.8056365E-05  -7.8920442E-05   3.2192543E-06  -4.2840675E-06   1.0989922E-06   6.3449909E-08
 -7.7971546E-09  -9.4563877E-09   9.3415271E-09  -1.0523305E-07  -2.6680947E-07  -2.9593627E-07  -3.8088004E-08   3.2106153E-03   9.1384114E-04  -7.7065373E-03   3.0749625E-03  -2.9754790E-04  -3.8892689E-05   8.9772089E-05  -3.6153852E-06   6.9571696E-05  -1.3592743E-08  -5.0703863E-05   6.2352284E-05   5.3748459E-05   6.3449909E-08   2.4620552E-06
