# omegabh2 omegach2 theta tau nnu yhe logA ns calPlanck acib217 xi asz143 aps100 aps143 aps143217 aps217 aksz kgal100 kgal143 kgal143217 kgal217 cal0 cal2
    0.6490467E-07   -0.1789689E-06    0.1480925E-06    0.1626630E-05   -0.7637293E-05    0.3525312E-05    0.3810895E-05    0.1448527E-05    0.5957202E-08    0.8856093E-04   -0.1033053E-05   -0.1266437E-04    0.3859117E-03    0.2377027E-03    0.1250950E-03    0.1352283E-04    0.2718288E-04    0.8312729E-05    0.5078798E-05    0.1950743E-04    0.1176680E-04    0.1982244E-08    0.1305521E-07
   -0.1789689E-06    0.3943112E-04   -0.9086881E-05   -0.1975657E-04    0.2346508E-02   -0.1336467E-03    0.1644465E-04    0.5131018E-05   -0.3030077E-06   -0.1236389E-02   -0.2083452E-04    0.2112296E-03   -0.4065983E-02   -0.5359393E-02   -0.3999577E-02   -0.2058169E-02   -0.3788845E-03   -0.6981509E-04   -0.7675152E-04   -0.2618891E-03    0.2234726E-03    0.4340712E-07   -0.1625236E-06
    0.1480925E-06   -0.9086881E-05    0.2713809E-05    0.6834898E-05   -0.5614499E-03    0.4382252E-04    0.3990873E-05    0.2877849E-05   -0.2732773E-08    0.1318594E-02   -0.1401271E-04   -0.2893358E-03    0.5369406E-02    0.3739031E-02    0.1711775E-02    0.4257865E-03    0.4480658E-03    0.3513691E-04    0.4247527E-04    0.1739502E-03   -0.8924191E-04   -0.1096191E-07    0.1672588E-06
    0.1626630E-05   -0.1975657E-04    0.6834898E-05    0.3340968E-03   -0.8985704E-03    0.1295166E-03    0.6496148E-03    0.5663615E-04   -0.1582659E-05   -0.5233359E-02    0.1318120E-03    0.1246993E-02   -0.2331774E-01   -0.1587276E-02    0.7813572E-02    0.9341855E-02   -0.3152886E-02    0.3952455E-03   -0.4629354E-03   -0.1033957E-02   -0.6659096E-03   -0.5422230E-07   -0.8408861E-06
   -0.7637293E-05    0.2346508E-02   -0.5614499E-03   -0.8985704E-03    0.1455632E+00   -0.8359359E-02    0.1427848E-02    0.5135141E-03   -0.1289730E-04   -0.9415599E-01   -0.1050634E-02    0.1727432E-01   -0.3267411E+00   -0.3873961E+00   -0.2743673E+00   -0.1357395E+00   -0.2758819E-01   -0.4345113E-02   -0.4148288E-02   -0.1991103E-01    0.1014168E-01    0.3101755E-05   -0.1293259E-04
    0.3525312E-05   -0.1336467E-03    0.4382252E-04    0.1295166E-03   -0.8359359E-02    0.8459713E-03    0.1617993E-03    0.1109870E-03   -0.1131727E-05    0.3536721E-01   -0.5277881E-03   -0.8066215E-02    0.1482905E+00    0.9589417E-01    0.3854633E-01    0.7030447E-02    0.1251621E-01    0.1193912E-02    0.1102560E-02    0.4500643E-02   -0.1601530E-02   -0.2754724E-06    0.4357924E-05
    0.3810895E-05    0.1644465E-04    0.3990873E-05    0.6496148E-03    0.1427848E-02    0.1617993E-03    0.1393415E-02    0.1484152E-03    0.8567600E-05   -0.5775650E-02    0.1893374E-03    0.1227234E-02   -0.1648356E-01    0.9853093E-02    0.2052332E-01    0.2302969E-01   -0.5180021E-02    0.5135705E-03   -0.1394432E-02   -0.1644383E-02    0.1203649E-02    0.1949029E-06   -0.1118521E-05
    0.1448527E-05    0.5131018E-05    0.2877849E-05    0.5663615E-04    0.5135141E-03    0.1109870E-03    0.1484152E-03    0.7550539E-04   -0.5014205E-06    0.5765641E-02   -0.9795587E-04   -0.1307698E-02    0.2034010E-01    0.1962266E-01    0.1085223E-01    0.5398411E-02    0.1361684E-02    0.6568880E-03    0.1979081E-03    0.6053033E-03    0.2510109E-04   -0.2379252E-06    0.8056768E-06
    0.5957202E-08   -0.3030077E-06   -0.2732773E-08   -0.1582659E-05   -0.1289730E-04   -0.1131727E-05    0.8567600E-05   -0.5014205E-06    0.6287186E-05    0.3534045E-03    0.2155114E-04    0.9484788E-04    0.2346773E-02    0.3719604E-03    0.8934498E-03    0.1702251E-02   -0.9391605E-04   -0.5143138E-04   -0.5153717E-05    0.1395050E-03    0.1133462E-02   -0.1784316E-08   -0.1247356E-07
    0.8856093E-04   -0.1236389E-02    0.1318594E-02   -0.5233359E-02   -0.9415599E-01    0.3536721E-01   -0.5775650E-02    0.5765641E-02    0.3534045E-03    0.4590332E+02   -0.5356956E+00   -0.2385542E+01    0.5214721E+02    0.6081669E+01   -0.1986420E+02   -0.6130126E+02    0.1798863E+01    0.1488298E+00    0.2529186E+00   -0.1665164E+01   -0.1854323E+02   -0.3172440E-03    0.4763760E-02
   -0.1033053E-05   -0.2083452E-04   -0.1401271E-04    0.1318120E-03   -0.1050634E-02   -0.5277881E-03    0.1893374E-03   -0.9795587E-04    0.2155114E-04   -0.5356956E+00    0.8336478E-01   -0.6881779E-01   -0.6240729E+00    0.8724847E+00    0.1803951E+01    0.7514925E+00    0.5523999E-01   -0.1070800E-01    0.7639497E-04    0.6674998E-01    0.7919936E-01    0.6486129E-05   -0.2391398E-04
   -0.1266437E-04    0.2112296E-03   -0.2893358E-03    0.1246993E-02    0.1727432E-01   -0.8066215E-02    0.1227234E-02   -0.1307698E-02    0.9484788E-04   -0.2385542E+01   -0.6881779E-01    0.3922102E+01   -0.3294264E+02   -0.5287926E+01    0.7437467E+01    0.7065722E+01   -0.3036535E+01   -0.1855588E+00   -0.5647690E-01    0.2209042E+01    0.2137462E+01    0.1786565E-03   -0.4589244E-03
    0.3859117E-03   -0.4065983E-02    0.5369406E-02   -0.2331774E-01   -0.3267411E+00    0.1482905E+00   -0.1648356E-01    0.2034010E-01    0.2346773E-02    0.5214721E+02   -0.6240729E+00   -0.3294264E+02    0.8340311E+03    0.9751444E+02   -0.5162706E+02   -0.6847434E+02    0.1882189E+02   -0.3686713E+01    0.4310020E+01   -0.1057226E+02   -0.1739551E+02    0.6074597E-02    0.5611972E-02
    0.2377027E-03   -0.5359393E-02    0.3739031E-02   -0.1587276E-02   -0.3873961E+00    0.9589417E-01    0.9853093E-02    0.1962266E-01    0.3719604E-03    0.6081669E+01    0.8724847E+00   -0.5287926E+01    0.9751444E+02    0.7757812E+02    0.5039358E+02    0.2055501E+02   -0.2121268E+01   -0.1431175E+00   -0.9541013E+00    0.4395389E+01    0.3675661E+01    0.2137098E-03    0.9463392E-03
    0.1250950E-03   -0.3999577E-02    0.1711775E-02    0.7813572E-02   -0.2743673E+00    0.3854633E-01    0.2052332E-01    0.1085223E-01    0.8934498E-03   -0.1986420E+02    0.1803951E+01    0.7437467E+01   -0.5162706E+02    0.5039358E+02    0.1019762E+03    0.7041670E+02   -0.1185428E+02   -0.7385371E+00   -0.7421693E+00    0.4083898E+01    0.4547692E+01    0.8817655E-03   -0.2516083E-02
    0.1352283E-04   -0.2058169E-02    0.4257865E-03    0.9341855E-02   -0.1357395E+00    0.7030447E-02    0.2302969E-01    0.5398411E-02    0.1702251E-02   -0.6130126E+02    0.7514925E+00    0.7065722E+01   -0.6847434E+02    0.2055501E+02    0.7041670E+02    0.1251307E+03   -0.1143656E+02   -0.5393044E+00   -0.6560512E+00   -0.9061407E+00    0.1446000E+02    0.8684256E-03   -0.7938879E-02
    0.2718288E-04   -0.3788845E-03    0.4480658E-03   -0.3152886E-02   -0.2758819E-01    0.1251621E-01   -0.5180021E-02    0.1361684E-02   -0.9391605E-04    0.1798863E+01    0.5523999E-01   -0.3036535E+01    0.1882189E+02   -0.2121268E+01   -0.1185428E+02   -0.1143656E+02    0.6656784E+01    0.1110032E+00    0.2335157E-01   -0.1699900E+01   -0.1551058E+01   -0.1454164E-03    0.3701278E-03
    0.8312729E-05   -0.6981509E-04    0.3513691E-04    0.3952455E-03   -0.4345113E-02    0.1193912E-02    0.5135705E-03    0.6568880E-03   -0.5143138E-04    0.1488298E+00   -0.1070800E-01   -0.1855588E+00   -0.3686713E+01   -0.1431175E+00   -0.7385371E+00   -0.5393044E+00    0.1110032E+00    0.3618918E+01    0.4963940E+00    0.1546652E+00    0.1775395E+00    0.2923337E-03    0.2131564E-04
    0.5078798E-05   -0.7675152E-04    0.4247527E-04   -0.4629354E-03   -0.4148288E-02    0.1102560E-02   -0.1394432E-02    0.1979081E-03   -0.5153717E-05    0.2529186E+00    0.7639497E-04   -0.5647690E-01    0.4310020E+01   -0.9541013E+00   -0.7421693E+00   -0.6560512E+00    0.2335157E-01    0.4963940E+00    0.3371963E+01    0.2474515E+01    0.1624897E+01   -0.2731256E-03   -0.1811403E-03
    0.1950743E-04   -0.2618891E-03    0.1739502E-03   -0.1033957E-02   -0.1991103E-01    0.4500643E-02   -0.1644383E-02    0.6053033E-03    0.1395050E-03   -0.1665164E+01    0.6674998E-01    0.2209042E+01   -0.1057226E+02    0.4395389E+01    0.4083898E+01   -0.9061407E+00   -0.1699900E+01    0.1546652E+00    0.2474515E+01    0.1728029E+02    0.2615138E+02   -0.3039987E-04    0.2660211E-02
    0.1176680E-04    0.2234726E-03   -0.8924191E-04   -0.6659096E-03    0.1014168E-01   -0.1601530E-02    0.1203649E-02    0.2510109E-04    0.1133462E-02   -0.1854323E+02    0.7919936E-01    0.2137462E+01   -0.1739551E+02    0.3675661E+01    0.4547692E+01    0.1446000E+02   -0.1551058E+01    0.1775395E+00    0.1624897E+01    0.2615138E+02    0.5579194E+02    0.2913001E-04    0.4699650E-02
    0.1982244E-08    0.4340712E-07   -0.1096191E-07   -0.5422230E-07    0.3101755E-05   -0.2754724E-06    0.1949029E-06   -0.2379252E-06   -0.1784316E-08   -0.3172440E-03    0.6486129E-05    0.1786565E-03    0.6074597E-02    0.2137098E-03    0.8817655E-03    0.8684256E-03   -0.1454164E-03    0.2923337E-03   -0.2731256E-03   -0.3039987E-04    0.2913001E-04    0.5927135E-06   -0.1532435E-07
    0.1305521E-07   -0.1625236E-06    0.1672588E-06   -0.8408861E-06   -0.1293259E-04    0.4357924E-05   -0.1118521E-05    0.8056768E-06   -0.1247356E-07    0.4763760E-02   -0.2391398E-04   -0.4589244E-03    0.5611972E-02    0.9463392E-03   -0.2516083E-02   -0.7938879E-02    0.3701278E-03    0.2131564E-04   -0.1811403E-03    0.2660211E-02    0.4699650E-02   -0.1532435E-07    0.2172685E-05
