# omegabh2 omegach2 theta tau nnu logA ns calPlanck acib217 xi asz143 aps100 aps143 aps143217 aps217 aksz kgal100 kgal143 kgal143217 kgal217 cal0 cal2
    0.1418085E-06    0.7270625E-06   -0.3723431E-07    0.5044957E-05    0.9558777E-04    0.1220392E-04    0.5166074E-05    0.3115070E-07    0.1471562E-03   -0.3235677E-05   -0.3636111E-04    0.8590981E-03    0.2151636E-03   -0.2961506E-04   -0.1132764E-03    0.8532312E-04    0.2236939E-04    0.1972585E-04    0.1042478E-04   -0.2037258E-04    0.4491223E-08    0.1280120E-07
    0.7270625E-06    0.1599185E-04   -0.1411498E-05    0.1614368E-04    0.1056820E-02    0.7278614E-04    0.3687605E-04    0.4093232E-07    0.5666265E-02   -0.9636715E-04   -0.1424194E-02    0.2254705E-01    0.9648245E-02    0.4725226E-03   -0.3339040E-02    0.2270493E-02    0.2422344E-03    0.2111597E-03    0.3290877E-03   -0.6533902E-03   -0.5041372E-07    0.6487543E-06
   -0.3723431E-07   -0.1411498E-05    0.2971023E-06   -0.4714011E-06   -0.8965437E-04   -0.4333624E-05   -0.2720876E-05   -0.2992675E-08   -0.5758280E-03    0.9067015E-05    0.1432239E-03   -0.2124241E-02   -0.9382669E-03   -0.2255641E-04    0.3763576E-03   -0.2219805E-03   -0.1779205E-04   -0.1107342E-04   -0.2410405E-04    0.8066287E-04    0.1121102E-07   -0.6712761E-07
    0.5044957E-05    0.1614368E-04   -0.4714011E-06    0.4844744E-03    0.3368239E-02    0.1012987E-02    0.2151167E-03   -0.7888981E-06   -0.2824346E-02    0.5186950E-04    0.6732113E-03   -0.4584853E-02   -0.1321226E-02    0.3891021E-02    0.5305796E-02   -0.1397403E-02    0.3039122E-03    0.3783896E-03   -0.1030862E-02   -0.1990968E-02   -0.6137453E-07   -0.9246393E-06
    0.9558777E-04    0.1056820E-02   -0.8965437E-04    0.3368239E-02    0.1008976E+00    0.9501926E-02    0.4611564E-02    0.1552506E-04    0.4370158E+00   -0.7912447E-02   -0.1109514E+00    0.1868687E+01    0.7090033E+00   -0.9926695E-02   -0.2921596E+00    0.1926109E+00    0.2233120E-01    0.2335465E-01    0.2693995E-01   -0.5219148E-01   -0.1527494E-05    0.4705025E-04
    0.1220392E-04    0.7278614E-04   -0.4333624E-05    0.1012987E-02    0.9501926E-02    0.2246632E-02    0.5287233E-03    0.1113697E-04    0.8005571E-02   -0.7553336E-04   -0.2033354E-02    0.5249653E-01    0.2386825E-01    0.1326898E-01    0.9378870E-02    0.1917919E-02    0.9090626E-03    0.6434510E-03   -0.1537506E-02   -0.3701827E-02    0.5136578E-07   -0.3522720E-06
    0.5166074E-05    0.3687605E-04   -0.2720876E-05    0.2151167E-03    0.4611564E-02    0.5287233E-03    0.2488895E-03    0.1212924E-05    0.1220702E-01   -0.1977871E-03   -0.3217600E-02    0.5396085E-01    0.2315225E-01    0.3434258E-02   -0.4864203E-02    0.5219744E-02    0.1368054E-02    0.1052100E-02    0.7831870E-03   -0.1431352E-02   -0.1735169E-06    0.1279708E-05
    0.3115070E-07    0.4093232E-07   -0.2992675E-08   -0.7888981E-06    0.1552506E-04    0.1113697E-04    0.1212924E-05    0.6238598E-05    0.5637728E-03    0.8774510E-05    0.4858074E-04    0.3476065E-02    0.7322254E-03    0.8256123E-03    0.1663319E-02   -0.7541446E-04   -0.4775682E-04   -0.4782021E-04    0.3524644E-04    0.9164859E-03    0.5442219E-08   -0.3197646E-07
    0.1471562E-03    0.5666265E-02   -0.5758280E-03   -0.2824346E-02    0.4370158E+00    0.8005571E-02    0.1220702E-01    0.5637728E-03    0.4431226E+02   -0.5349219E+00   -0.2358555E+01    0.5358726E+02    0.4598239E+01   -0.2148353E+02   -0.5892358E+02    0.1480081E+01    0.1014897E+00    0.2644306E+00   -0.1857210E+01   -0.1829878E+02   -0.2784024E-03    0.4458645E-02
   -0.3235677E-05   -0.9636715E-04    0.9067015E-05    0.5186950E-04   -0.7912447E-02   -0.7553336E-04   -0.1977871E-03    0.8774510E-05   -0.5349219E+00    0.8112570E-01   -0.7572638E-01   -0.5978691E+00    0.8688693E+00    0.1712296E+01    0.7620182E+00    0.6089278E-01   -0.1261223E-02   -0.1920044E-02    0.6627621E-01    0.8268621E-01    0.4951880E-05   -0.2127148E-04
   -0.3636111E-04   -0.1424194E-02    0.1432239E-03    0.6732113E-03   -0.1109514E+00   -0.2033354E-02   -0.3217600E-02    0.4858074E-04   -0.2358555E+01   -0.7572638E-01    0.3738101E+01   -0.2988163E+02   -0.4511987E+01    0.7260526E+01    0.6956236E+01   -0.2974724E+01   -0.2011498E+00    0.5094189E-01    0.2401489E+01    0.2361106E+01    0.1808915E-03   -0.4419284E-03
    0.8590981E-03    0.2254705E-01   -0.2124241E-02   -0.4584853E-02    0.1868687E+01    0.5249653E-01    0.5396085E-01    0.3476065E-02    0.5358726E+02   -0.5978691E+00   -0.2988163E+02    0.7757826E+03    0.7343685E+02   -0.6104760E+02   -0.7929107E+02    0.1781634E+02   -0.3322282E+01    0.3590595E+01   -0.1102122E+02   -0.1870029E+02    0.6103490E-02    0.5372488E-02
    0.2151636E-03    0.9648245E-02   -0.9382669E-03   -0.1321226E-02    0.7090033E+00    0.2386825E-01    0.2315225E-01    0.7322254E-03    0.4598239E+01    0.8688693E+00   -0.4511987E+01    0.7343685E+02    0.5873934E+02    0.3841380E+02    0.1261924E+02   -0.2861800E+01   -0.5899512E-01   -0.9140874E+00    0.3931076E+01    0.3506902E+01    0.7528884E-04    0.8878209E-03
   -0.2961506E-04    0.4725226E-03   -0.2255641E-04    0.3891021E-02   -0.9926695E-02    0.1326898E-01    0.3434258E-02    0.8256123E-03   -0.2148353E+02    0.1712296E+01    0.7260526E+01   -0.6104760E+02    0.3841380E+02    0.8812594E+02    0.6246967E+02   -0.1205226E+02   -0.6210863E+00   -0.4503002E+00    0.4944655E+01    0.6189215E+01    0.6776720E-03   -0.2451262E-02
   -0.1132764E-03   -0.3339040E-02    0.3763576E-03    0.5305796E-02   -0.2921596E+00    0.9378870E-02   -0.4864203E-02    0.1663319E-02   -0.5892358E+02    0.7620182E+00    0.6956236E+01   -0.7929107E+02    0.1261924E+02    0.6246967E+02    0.1112746E+03   -0.1117525E+02   -0.4467124E+00   -0.4900953E+00    0.1378868E+00    0.1527156E+02    0.6919612E-03   -0.7315478E-02
    0.8532312E-04    0.2270493E-02   -0.2219805E-03   -0.1397403E-02    0.1926109E+00    0.1917919E-02    0.5219744E-02   -0.7541446E-04    0.1480081E+01    0.6089278E-01   -0.2974724E+01    0.1781634E+02   -0.2861800E+01   -0.1205226E+02   -0.1117525E+02    0.6829502E+01    0.1296951E+00   -0.5778248E-01   -0.2071960E+01   -0.1983213E+01   -0.1342231E-03    0.2691159E-03
    0.2236939E-04    0.2422344E-03   -0.1779205E-04    0.3039122E-03    0.2233120E-01    0.9090626E-03    0.1368054E-02   -0.4775682E-04    0.1014897E+00   -0.1261223E-02   -0.2011498E+00   -0.3322282E+01   -0.5899512E-01   -0.6210863E+00   -0.4467124E+00    0.1296951E+00    0.3481052E+01    0.4098269E+00    0.1477577E+00    0.2036230E+00    0.2933334E-03    0.3626110E-04
    0.1972585E-04    0.2111597E-03   -0.1107342E-04    0.3783896E-03    0.2335465E-01    0.6434510E-03    0.1052100E-02   -0.4782021E-04    0.2644306E+00   -0.1920044E-02    0.5094189E-01    0.3590595E+01   -0.9140874E+00   -0.4503002E+00   -0.4900953E+00   -0.5778248E-01    0.4098269E+00    0.3355868E+01    0.2526908E+01    0.1534579E+01   -0.2822390E-03   -0.2369305E-03
    0.1042478E-04    0.3290877E-03   -0.2410405E-04   -0.1030862E-02    0.2693995E-01   -0.1537506E-02    0.7831870E-03    0.3524644E-04   -0.1857210E+01    0.6627621E-01    0.2401489E+01   -0.1102122E+02    0.3931076E+01    0.4944655E+01    0.1378868E+00   -0.2071960E+01    0.1477577E+00    0.2526908E+01    0.1717218E+02    0.2560630E+02    0.1288791E-04    0.2514375E-02
   -0.2037258E-04   -0.6533902E-03    0.8066287E-04   -0.1990968E-02   -0.5219148E-01   -0.3701827E-02   -0.1431352E-02    0.9164859E-03   -0.1829878E+02    0.8268621E-01    0.2361106E+01   -0.1870029E+02    0.3506902E+01    0.6189215E+01    0.1527156E+02   -0.1983213E+01    0.2036230E+00    0.1534579E+01    0.2560630E+02    0.5429636E+02    0.8918534E-04    0.4520462E-02
    0.4491223E-08   -0.5041372E-07    0.1121102E-07   -0.6137453E-07   -0.1527494E-05    0.5136578E-07   -0.1735169E-06    0.5442219E-08   -0.2784024E-03    0.4951880E-05    0.1808915E-03    0.6103490E-02    0.7528884E-04    0.6776720E-03    0.6919612E-03   -0.1342231E-03    0.2933334E-03   -0.2822390E-03    0.1288791E-04    0.8918534E-04    0.6017223E-06   -0.5189539E-08
    0.1280120E-07    0.6487543E-06   -0.6712761E-07   -0.9246393E-06    0.4705025E-04   -0.3522720E-06    0.1279708E-05   -0.3197646E-07    0.4458645E-02   -0.2127148E-04   -0.4419284E-03    0.5372488E-02    0.8878209E-03   -0.2451262E-02   -0.7315478E-02    0.2691159E-03    0.3626110E-04   -0.2369305E-03    0.2514375E-02    0.4520462E-02   -0.5189539E-08    0.2097385E-05
