# omegabh2 omegach2 theta tau nnu logA ns calPlanck acib217 xi asz143 aps100 aps143 aps143217 aps217 aksz kgal100 kgal143 kgal143217 kgal217 cal0 cal2
    0.1091410E-06    0.6223402E-06   -0.3610146E-07    0.1794976E-05    0.7311753E-04    0.5469003E-05    0.3767132E-05    0.2633990E-07    0.1974898E-03   -0.2911017E-05   -0.2958537E-04    0.8543535E-03    0.2506751E-03    0.1280610E-04   -0.1402003E-03    0.8038579E-04    0.1754718E-04    0.1983332E-04    0.2677818E-04   -0.1701636E-04    0.5297955E-08    0.2477489E-07
    0.6223402E-06    0.1596169E-04   -0.1510552E-05    0.5937369E-05    0.1014624E-02    0.5298948E-04    0.3373090E-04   -0.1069441E-06    0.5657555E-02   -0.9684849E-04   -0.1239238E-02    0.2444665E-01    0.1185039E-01    0.2840922E-02   -0.1668819E-02    0.2126345E-02    0.1691075E-03    0.2570816E-03    0.6056337E-03   -0.5283949E-03    0.1130167E-07    0.5603648E-06
   -0.3610146E-07   -0.1510552E-05    0.3216021E-06   -0.2542911E-06   -0.9510439E-04   -0.4211192E-05   -0.2879893E-05    0.8402695E-08   -0.5424113E-03    0.8296508E-05    0.1195602E-03   -0.2354296E-02   -0.1198598E-02   -0.3309441E-03    0.1265525E-03   -0.2087261E-03   -0.2031531E-04   -0.2446480E-04   -0.5270655E-04    0.6645306E-04   -0.9180213E-09   -0.4853800E-07
    0.1794976E-05    0.5937369E-05   -0.2542911E-06    0.1566741E-03    0.1177522E-02    0.3307109E-03    0.7525040E-04   -0.1878659E-06   -0.2915104E-03    0.1044037E-04    0.5229043E-03   -0.3446210E-02   -0.1442022E-02    0.1367232E-02    0.1212401E-02   -0.4355986E-03    0.5396402E-04    0.3220195E-03   -0.8099888E-05   -0.5063462E-03    0.6218017E-07   -0.7891524E-07
    0.7311753E-04    0.1014624E-02   -0.9510439E-04    0.1177522E-02    0.8780612E-01    0.5072344E-02    0.3743214E-02    0.8465021E-05    0.4470047E+00   -0.7288449E-02   -0.9707559E-01    0.1969172E+01    0.8935772E+00    0.1849159E+00   -0.1693656E+00    0.1762345E+00    0.1810714E-01    0.2301583E-01    0.5528423E-01   -0.3482385E-01    0.3541036E-05    0.4656854E-04
    0.5469003E-05    0.5298948E-04   -0.4211192E-05    0.3307109E-03    0.5072344E-02    0.8311927E-03    0.2431779E-03    0.1149891E-04    0.1407792E-01   -0.1837506E-03   -0.1996404E-02    0.6152068E-01    0.2908932E-01    0.1316981E-01    0.3839661E-02    0.3747507E-02    0.1880727E-03    0.7996398E-03    0.1099342E-02   -0.1127262E-02    0.4718619E-06    0.1175858E-05
    0.3767132E-05    0.3373090E-04   -0.2879893E-05    0.7525040E-04    0.3743214E-02    0.2431779E-03    0.1923979E-03    0.9752124E-06    0.1333225E-01   -0.1679238E-03   -0.2678122E-02    0.5492412E-01    0.2891379E-01    0.9838352E-02   -0.1790473E-02    0.4739064E-02    0.1200451E-02    0.8973471E-03    0.2070629E-02   -0.6373267E-03    0.3324593E-07    0.1520155E-05
    0.2633990E-07   -0.1069441E-06    0.8402695E-08   -0.1878659E-06    0.8465021E-05    0.1149891E-04    0.9752124E-06    0.6000186E-05    0.8323709E-03   -0.3130536E-05    0.7352354E-04    0.3162182E-02    0.1749435E-03    0.2467544E-03    0.9710410E-03   -0.2648985E-04   -0.3632649E-04    0.2419811E-04   -0.4620738E-04    0.5365778E-03    0.1455454E-07   -0.4311553E-07
    0.1974898E-03    0.5657555E-02   -0.5424113E-03   -0.2915104E-03    0.4470047E+00    0.1407792E-01    0.1333225E-01    0.8323709E-03    0.4543173E+02   -0.5244983E+00   -0.2186107E+01    0.5210151E+02    0.4830930E+01   -0.2034172E+02   -0.6145643E+02    0.1417947E+01   -0.3361327E-02    0.1512736E+00   -0.1940260E+01   -0.1898646E+02   -0.2807785E-03    0.4503983E-02
   -0.2911017E-05   -0.9684849E-04    0.8296508E-05    0.1044037E-04   -0.7288449E-02   -0.1837506E-03   -0.1679238E-03   -0.3130536E-05   -0.5244983E+00    0.8202881E-01   -0.6321251E-01   -0.6815191E+00    0.9284980E+00    0.1845707E+01    0.7613762E+00    0.5045780E-01   -0.5334169E-02    0.6309364E-03    0.9167258E-01    0.1077891E+00    0.7047164E-05   -0.2052838E-04
   -0.2958537E-04   -0.1239238E-02    0.1195602E-03    0.5229043E-03   -0.9707559E-01   -0.1996404E-02   -0.2678122E-02    0.7352354E-04   -0.2186107E+01   -0.6321251E-01    0.3816922E+01   -0.3051480E+02   -0.4942706E+01    0.7530777E+01    0.7004322E+01   -0.2933755E+01   -0.1343373E+00    0.6472702E-01    0.2215780E+01    0.2076820E+01    0.1734370E-03   -0.4161758E-03
    0.8543535E-03    0.2444665E-01   -0.2354296E-02   -0.3446210E-02    0.1969172E+01    0.6152068E-01    0.5492412E-01    0.3162182E-02    0.5210151E+02   -0.6815191E+00   -0.3051480E+02    0.8011156E+03    0.8975451E+02   -0.5355607E+02   -0.7191681E+02    0.1683827E+02   -0.3935260E+01    0.3273006E+01   -0.9925538E+01   -0.1759620E+02    0.6283084E-02    0.4982352E-02
    0.2506751E-03    0.1185039E-01   -0.1198598E-02   -0.1442022E-02    0.8935772E+00    0.2908932E-01    0.2891379E-01    0.1749435E-03    0.4830930E+01    0.9284980E+00   -0.4942706E+01    0.8975451E+02    0.7148631E+02    0.4673741E+02    0.1716571E+02   -0.2538020E+01   -0.7027052E-01   -0.9152618E+00    0.4338643E+01    0.3369723E+01    0.1837765E-03    0.5738513E-03
    0.1280610E-04    0.2840922E-02   -0.3309441E-03    0.1367232E-02    0.1849159E+00    0.1316981E-01    0.9838352E-02    0.2467544E-03   -0.2034172E+02    0.1845707E+01    0.7530777E+01   -0.5355607E+02    0.4673741E+02    0.9946447E+02    0.6764192E+02   -0.1198249E+02   -0.4463693E+00   -0.3548219E+00    0.4762603E+01    0.5202640E+01    0.8135255E-03   -0.2533918E-02
   -0.1402003E-03   -0.1668819E-02    0.1265525E-03    0.1212401E-02   -0.1693656E+00    0.3839661E-02   -0.1790473E-02    0.9710410E-03   -0.6145643E+02    0.7613762E+00    0.7004322E+01   -0.7191681E+02    0.1716571E+02    0.6764192E+02    0.1225498E+03   -0.1114851E+02   -0.2287575E+00   -0.2472747E+00   -0.2247489E+00    0.1541271E+02    0.7989069E-03   -0.7704294E-02
    0.8038579E-04    0.2126345E-02   -0.2087261E-03   -0.4355986E-03    0.1762345E+00    0.3747507E-02    0.4739064E-02   -0.2648985E-04    0.1417947E+01    0.5045780E-01   -0.2933755E+01    0.1683827E+02   -0.2538020E+01   -0.1198249E+02   -0.1114851E+02    0.6608247E+01    0.6548636E-01   -0.6250650E-01   -0.1815633E+01   -0.1645483E+01   -0.1488820E-03    0.2883819E-03
    0.1754718E-04    0.1691075E-03   -0.2031531E-04    0.5396402E-04    0.1810714E-01    0.1880727E-03    0.1200451E-02   -0.3632649E-04   -0.3361327E-02   -0.5334169E-02   -0.1343373E+00   -0.3935260E+01   -0.7027052E-01   -0.4463693E+00   -0.2287575E+00    0.6548636E-01    0.3484916E+01    0.4730813E+00    0.2198504E+00    0.3290441E+00    0.2808288E-03    0.2266938E-05
    0.1983332E-04    0.2570816E-03   -0.2446480E-04    0.3220195E-03    0.2301583E-01    0.7996398E-03    0.8973471E-03    0.2419811E-04    0.1512736E+00    0.6309364E-03    0.6472702E-01    0.3273006E+01   -0.9152618E+00   -0.3548219E+00   -0.2472747E+00   -0.6250650E-01    0.4730813E+00    0.3387596E+01    0.2644419E+01    0.1742922E+01   -0.2853311E-03   -0.2101297E-03
    0.2677818E-04    0.6056337E-03   -0.5270655E-04   -0.8099888E-05    0.5528423E-01    0.1099342E-02    0.2070629E-02   -0.4620738E-04   -0.1940260E+01    0.9167258E-01    0.2215780E+01   -0.9925538E+01    0.4338643E+01    0.4762603E+01   -0.2247489E+00   -0.1815633E+01    0.2198504E+00    0.2644419E+01    0.1734213E+02    0.2590502E+02   -0.2131880E-04    0.2541608E-02
   -0.1701636E-04   -0.5283949E-03    0.6645306E-04   -0.5063462E-03   -0.3482385E-01   -0.1127262E-02   -0.6373267E-03    0.5365778E-03   -0.1898646E+02    0.1077891E+00    0.2076820E+01   -0.1759620E+02    0.3369723E+01    0.5202640E+01    0.1541271E+02   -0.1645483E+01    0.3290441E+00    0.1742922E+01    0.2590502E+02    0.5497287E+02    0.5977827E-04    0.4505368E-02
    0.5297955E-08    0.1130167E-07   -0.9180213E-09    0.6218017E-07    0.3541036E-05    0.4718619E-06    0.3324593E-07    0.1455454E-07   -0.2807785E-03    0.7047164E-05    0.1734370E-03    0.6283084E-02    0.1837765E-03    0.8135255E-03    0.7989069E-03   -0.1488820E-03    0.2808288E-03   -0.2853311E-03   -0.2131880E-04    0.5977827E-04    0.6094755E-06   -0.5041199E-08
    0.2477489E-07    0.5603648E-06   -0.4853800E-07   -0.7891524E-07    0.4656854E-04    0.1175858E-05    0.1520155E-05   -0.4311553E-07    0.4503983E-02   -0.2052838E-04   -0.4161758E-03    0.4982352E-02    0.5738513E-03   -0.2533918E-02   -0.7704294E-02    0.2883819E-03    0.2266938E-05   -0.2101297E-03    0.2541608E-02    0.4505368E-02   -0.5041199E-08    0.2083435E-05
