# omegabh2 omegach2 theta tau w wa logA ns calPlanck acib217 xi asz143 aps100 aps143 aps143217 aps217 aksz kgal100 kgal143 kgal143217 kgal217 cal0 cal2
  3.8026570E-08  -8.7470201E-08   2.5601586E-08   4.0024495E-07  -6.5818643E-07   9.9641280E-06   7.3042275E-07   3.1404163E-07   1.5398835E-08  -1.1599978E-04   3.4424657E-06   3.0950612E-05  -5.5345751E-04  -3.7023914E-04  -1.3145711E-04  -4.8532433E-05  -5.4748769E-05   5.4834296E-06  -1.3421243E-05  -2.2980439E-05  -7.0270118E-06   5.6854264E-09  -4.0780779E-09
 -8.7470201E-08   1.7627077E-06  -1.3172257E-07  -4.6551060E-06   1.1097905E-05  -1.5398504E-04  -6.2906004E-06  -3.9754217E-06  -4.7490591E-07   2.7292635E-04  -1.5399881E-05  -7.9364671E-05   1.0928429E-03   7.2172130E-04   4.1577207E-05  -2.1446684E-04   1.5705580E-04   1.1423223E-05   5.9319909E-05   5.2002194E-05  -1.8436512E-05  -5.0003582E-08  -4.6738534E-10
  2.5601586E-08  -1.3172257E-07   1.8863839E-07   6.3261784E-07  -2.1488434E-06   2.5244781E-05   1.2292828E-06   5.8148545E-07   4.0094618E-08  -6.4381625E-06   1.8788963E-06  -8.3270629E-06  -1.0273544E-05  -8.8423932E-05  -1.1355238E-04  -1.1824431E-04   4.8817694E-06   7.4211769E-06  -4.9872330E-06   1.3059004E-05   1.9529154E-05   8.3138680E-09   1.2756497E-09
  4.0024495E-07  -4.6551060E-06   6.3261784E-07   5.8134861E-05  -6.3070175E-05   5.8643881E-04   1.0494558E-04   1.4441902E-05  -3.2811782E-08  -2.7928527E-03   5.3942435E-05   4.5333819E-04  -1.4192110E-02  -6.4941802E-03  -2.7441814E-03  -2.1407555E-04  -6.9116942E-04   1.9870975E-04  -9.0251288E-05  -1.7521536E-04   6.8493941E-04   5.5603055E-08  -7.8750855E-08
 -6.5818643E-07   1.1097905E-05  -2.1488434E-06  -6.3070175E-05   6.5368036E-03  -2.2919903E-02  -1.2523577E-04  -1.8764458E-05  -9.1919610E-06  -2.6838721E-03  -1.8764626E-04   4.1777424E-03  -5.3217048E-02  -8.1487551E-03  -1.0773898E-04  -3.6993759E-03  -6.9814725E-04  -1.1515717E-03  -8.7875547E-04   2.1639996E-03   4.4491358E-03  -1.3606854E-07   4.8353673E-07
  9.9641280E-06  -1.5398504E-04   2.5244781E-05   5.8643881E-04  -2.2919903E-02   9.9562814E-02   9.9335730E-04   3.5422979E-04   6.6203528E-05  -1.7314734E-02   1.4224288E-03  -4.6071035E-03   3.5975664E-02  -4.0022279E-02  -3.7759355E-03   3.3444539E-02  -1.6926070E-02  -8.8203383E-04  -2.3020820E-03  -1.3448576E-02  -1.5737388E-02   3.5245331E-06  -2.6857347E-06
  7.3042275E-07  -6.2906004E-06   1.2292828E-06   1.0494558E-04  -1.2523577E-04   9.9335730E-04   2.2034925E-04   2.0641266E-05   1.1352543E-05  -5.1151059E-03   1.5161364E-04   5.8754434E-04  -2.3323599E-02  -9.4247404E-03  -2.0804592E-03   5.4045881E-03  -1.9824343E-03   1.4911255E-04  -7.5189878E-04  -1.0476974E-03   2.2026945E-03   1.0993329E-07  -1.1480736E-07
  3.1404163E-07  -3.9754217E-06   5.8148545E-07   1.4441902E-05  -1.8764458E-05   3.5422979E-04   2.0641266E-05   1.9696626E-05   1.1934414E-06  -4.5130619E-03   1.1434893E-04   1.1756069E-03  -2.5451315E-02  -8.1598345E-03   1.2101469E-03   4.9166397E-03  -2.5451113E-03   3.0323808E-04  -4.7696917E-04  -3.9195258E-04   1.0768160E-03   3.0293530E-08  -4.2445893E-08
  1.5398835E-08  -4.7490591E-07   4.0094618E-08  -3.2811782E-08  -9.1919610E-06   6.6203528E-05   1.1352543E-05   1.1934414E-06   6.2846279E-06   7.6882066E-04   1.4175671E-05  -4.2433014E-05   3.3685920E-03   7.4051524E-04   6.5830590E-04   1.4940629E-03  -4.4341045E-05   3.6340397E-05  -1.3704049E-05  -8.7579367E-05   5.8954934E-04  -3.0122268E-08   3.5173356E-08
 -1.1599978E-04   2.7292635E-04  -6.4381625E-06  -2.7928527E-03  -2.6838721E-03  -1.7314734E-02  -5.1151059E-03  -4.5130619E-03   7.6882066E-04   4.5038193E+01  -3.7102988E-01  -8.4737843E-01   3.5881510E+01   1.9782930E+00  -1.2854124E+01  -5.5122663E+01   5.0416154E-02   2.2541550E-03   5.6099377E-01  -5.9901631E+00  -3.4210721E+01  -1.9306690E-04   6.9083324E-04
  3.4424657E-06  -1.5399881E-05   1.8788963E-06   5.3942435E-05  -1.8764626E-04   1.4224288E-03   1.5161364E-04   1.1434893E-04   1.4175671E-05  -3.7102988E-01   8.3979950E-02  -5.2450701E-02  -4.5284811E-01   8.8009483E-01   1.6284680E+00   5.7211292E-01   5.8618165E-02  -1.7987226E-02   4.7366545E-03   9.9612935E-02   1.3733233E-01   9.5934918E-07   1.0055855E-06
  3.0950612E-05  -7.9364671E-05  -8.3270629E-06   4.5333819E-04   4.1777424E-03  -4.6071035E-03   5.8754434E-04   1.1756069E-03  -4.2433014E-05  -8.4737843E-01  -5.2450701E-02   3.9859442E+00  -3.0661905E+01  -2.9303592E+00   8.2082925E+00   5.6637741E+00  -3.0550385E+00  -2.0767446E-01   1.7945369E-01   2.8672699E+00   3.6497546E+00   1.2957602E-04  -2.2836685E-05
 -5.5345751E-04   1.0928429E-03  -1.0273544E-05  -1.4192110E-02  -5.3217048E-02   3.5975664E-02  -2.3323599E-02  -2.5451315E-02   3.3685920E-03   3.5881510E+01  -4.5284811E-01  -3.0661905E+01   7.8279547E+02   6.6859606E+01  -5.4942859E+01  -6.0260493E+01   1.5605598E+01  -5.3773132E+00   6.4424350E+00  -1.4064378E+01  -2.8926198E+01   3.6883376E-03   2.8922180E-04
 -3.7023914E-04   7.2172130E-04  -8.8423932E-05  -6.4941802E-03  -8.1487551E-03  -4.0022279E-02  -9.4247404E-03  -8.1598345E-03   7.4051524E-04   1.9782930E+00   8.8009483E-01  -2.9303592E+00   6.6859606E+01   6.2641768E+01   4.1800189E+01   1.7360376E+01  -5.5013269E+00  -4.7653406E-01  -1.3611114E+00   3.5596562E+00   4.5670615E+00  -8.0504020E-05   1.4941288E-04
 -1.3145711E-04   4.1577207E-05  -1.1355238E-04  -2.7441814E-03  -1.0773898E-04  -3.7759355E-03  -2.0804592E-03   1.2101469E-03   6.5830590E-04  -1.2854124E+01   1.6284680E+00   8.2082925E+00  -5.4942859E+01   4.1800189E+01   8.7420220E+01   5.5562721E+01  -1.3281662E+01  -9.4753845E-01  -6.5895573E-01   5.4114834E+00   9.3021392E+00   3.7384978E-04  -3.2006885E-04
 -4.8532433E-05  -2.1446684E-04  -1.1824431E-04  -2.1407555E-04  -3.6993759E-03   3.3444539E-02   5.4045881E-03   4.9166397E-03   1.4940629E-03  -5.5122663E+01   5.7211292E-01   5.6637741E+00  -6.0260493E+01   1.7360376E+01   5.5562721E+01   1.0583652E+02  -1.0667526E+01  -3.2782205E-01  -1.2151221E+00   5.9011635E+00   3.4720187E+01   5.1291929E-04  -1.3066793E-03
 -5.4748769E-05   1.5705580E-04   4.8817694E-06  -6.9116942E-04  -6.9814725E-04  -1.6926070E-02  -1.9824343E-03  -2.5451113E-03  -4.4341045E-05   5.0416154E-02   5.8618165E-02  -3.0550385E+00   1.5605598E+01  -5.5013269E+00  -1.3281662E+01  -1.0667526E+01   6.6528765E+00   1.0255735E-01  -1.8689267E-01  -2.3637928E+00  -2.7584026E+00  -1.0110433E-04   2.9149504E-06
  5.4834296E-06   1.1423223E-05   7.4211769E-06   1.9870975E-04  -1.1515717E-03  -8.8203383E-04   1.4911255E-04   3.0323808E-04   3.6340397E-05   2.2541550E-03  -1.7987226E-02  -2.0767446E-01  -5.3773132E+00  -4.7653406E-01  -9.4753845E-01  -3.2782205E-01   1.0255735E-01   3.3382533E+00   5.4106229E-01   1.3965822E-01   2.2144525E-01   1.9094990E-04  -6.3394102E-07
 -1.3421243E-05   5.9319909E-05  -4.9872330E-06  -9.0251288E-05  -8.7875547E-04  -2.3020820E-03  -7.5189878E-04  -4.7696917E-04  -1.3704049E-05   5.6099377E-01   4.7366545E-03   1.7945369E-01   6.4424350E+00  -1.3611114E+00  -6.5895573E-01  -1.2151221E+00  -1.8689267E-01   5.4106229E-01   3.1778413E+00   2.7560186E+00   2.8232082E+00  -1.6208237E-04  -3.6591216E-05
 -2.2980439E-05   5.2002194E-05   1.3059004E-05  -1.7521536E-04   2.1639996E-03  -1.3448576E-02  -1.0476974E-03  -3.9195258E-04  -8.7579367E-05  -5.9901631E+00   9.9612935E-02   2.8672699E+00  -1.4064378E+01   3.5596562E+00   5.4114834E+00   5.9011635E+00  -2.3637928E+00   1.3965822E-01   2.7560186E+00   1.1389357E+01   2.0379950E+01  -3.5788251E-05   4.2853453E-04
 -7.0270118E-06  -1.8436512E-05   1.9529154E-05   6.8493941E-04   4.4491358E-03  -1.5737388E-02   2.2026945E-03   1.0768160E-03   5.8954934E-04  -3.4210721E+01   1.3733233E-01   3.6497546E+00  -2.8926198E+01   4.5670615E+00   9.3021392E+00   3.4720187E+01  -2.7584026E+00   2.2144525E-01   2.8232082E+00   2.0379950E+01   5.5925336E+01  -1.4067282E-05   9.4651708E-04
  5.6854264E-09  -5.0003582E-08   8.3138680E-09   5.5603055E-08  -1.3606854E-07   3.5245331E-06   1.0993329E-07   3.0293530E-08  -3.0122268E-08  -1.9306690E-04   9.5934918E-07   1.2957602E-04   3.6883376E-03  -8.0504020E-05   3.7384978E-04   5.1291929E-04  -1.0110433E-04   1.9094990E-04  -1.6208237E-04  -3.5788251E-05  -1.4067282E-05   3.8502389E-07  -1.6740917E-09
 -4.0780779E-09  -4.6738534E-10   1.2756497E-09  -7.8750855E-08   4.8353673E-07  -2.6857347E-06  -1.1480736E-07  -4.2445893E-08   3.5173356E-08   6.9083324E-04   1.0055855E-06  -2.2836685E-05   2.8922180E-04   1.4941288E-04  -3.2006885E-04  -1.3066793E-03   2.9149504E-06  -6.3394102E-07  -3.6591216E-05   4.2853453E-04   9.4651708E-04  -1.6740917E-09   3.8453041E-07
