# omegabh2 omegach2 theta tau Alens logA ns galfTE100 galfTE100143 galfTE100217 galfTE143 galfTE143217 galfTE217 cal0 cal2 calPlanck
  1.3787088E-07  -6.3382540E-07   7.5327331E-08   5.6154806E-07   5.8535085E-05   3.4372815E-06   6.0826378E-06  -4.9380249E-07  -3.4732809E-07   2.5156211E-08  -1.4077861E-06  -9.0935920E-07  -2.2118873E-06  -4.4896692E-10  -2.5626715E-09   4.0881631E-09
 -6.3382540E-07   6.6707552E-06  -5.7788110E-07  -3.7241598E-06  -3.1945690E-04  -8.4081336E-06  -3.5834330E-05   2.5712785E-06   1.1360171E-06  -3.8041462E-06   8.9608453E-06   6.2842168E-06   2.2388681E-05  -1.5194343E-09   2.0334896E-08  -9.4511872E-08
  7.5327331E-08  -5.7788110E-07   2.7188056E-07   3.9310221E-07   3.0315041E-05   1.2257415E-06   3.5263689E-06   2.0435978E-08   9.1527399E-09   2.0715875E-07  -1.1379228E-06  -4.5791674E-07  -2.7967826E-06   3.0204243E-09  -5.1470386E-09   9.1851086E-09
  5.6154806E-07  -3.7241598E-06   3.9310221E-07   3.5563145E-05   2.2282260E-04   7.8049924E-05   3.1793714E-05  -2.3407951E-06  -1.6582961E-06   4.1519146E-06  -5.1492260E-06  -8.1689851E-06  -1.2966203E-05  -1.5161548E-08  -1.5186029E-08  -1.5286769E-07
  5.8535085E-05  -3.1945690E-04   3.0315041E-05   2.2282260E-04   4.7468507E-02   2.2406578E-03   3.5394744E-03  -2.3802740E-04  -1.5610721E-04   2.1451352E-04  -5.5761745E-04   3.2338030E-04   1.6107266E-03   1.1334266E-06  -1.2493849E-06  -1.0967934E-05
  3.4372815E-06  -8.4081336E-06   1.2257415E-06   7.8049924E-05   2.2406578E-03   3.3790829E-04   2.0017680E-04  -1.1891661E-05  -1.0571108E-05   6.7958177E-06  -1.9789967E-05   2.9596833E-05   2.3967766E-04   1.0142941E-07   6.4758620E-08   1.1963598E-05
  6.0826378E-06  -3.5834330E-05   3.5263689E-06   3.1793714E-05   3.5394744E-03   2.0017680E-04   3.9341226E-04  -2.8808737E-05  -2.0572257E-05   2.5908106E-05  -6.9173494E-05   1.4821539E-05   1.2706154E-04  -2.1040852E-08  -1.1477569E-07   8.4153065E-07
 -4.9380249E-07   2.5712785E-06   2.0435978E-08  -2.3407951E-06  -2.3802740E-04  -1.1891661E-05  -2.8808737E-05   1.4360412E-03   2.6421096E-04   1.0549388E-04  -3.5503097E-04  -1.2780931E-04  -1.8478245E-04  -2.4443366E-07  -7.7466229E-09   1.0536438E-06
 -3.4732809E-07   1.1360171E-06   9.1527399E-09  -1.6582961E-06  -1.5610721E-04  -1.0571108E-05  -2.0572257E-05   2.6421096E-04   8.7244778E-04   3.2147380E-05   7.4111424E-04   3.2687644E-05  -6.9547947E-04  -6.2621629E-08  -1.8313613E-07  -2.1239517E-07
  2.5156211E-08  -3.8041462E-06   2.0715875E-07   4.1519146E-06   2.1451352E-04   6.7958177E-06   2.5908106E-05   1.0549388E-04   3.2147380E-05   7.0661702E-03  -3.3669107E-04   5.8013405E-04   4.4212174E-03   4.0087700E-07  -1.4784218E-07   2.5562468E-07
 -1.4077861E-06   8.9608453E-06  -1.1379228E-06  -5.1492260E-06  -5.5761745E-04  -1.9789967E-05  -6.9173494E-05  -3.5503097E-04   7.4111424E-04  -3.3669107E-04   2.9703318E-03   5.5460636E-04  -8.2845540E-04  -1.1793961E-07  -2.7802205E-07  -1.8648711E-06
 -9.0935920E-07   6.2842168E-06  -4.5791674E-07  -8.1689851E-06   3.2338030E-04   2.9596833E-05   1.4821539E-05  -1.2780931E-04   3.2687644E-05   5.8013405E-04   5.5460636E-04   6.4690394E-03   8.2362380E-03  -6.3205462E-07  -5.9158519E-08  -1.0008429E-06
 -2.2118873E-06   2.2388681E-05  -2.7967826E-06  -1.2966203E-05   1.6107266E-03   2.3967766E-04   1.2706154E-04  -1.8478245E-04  -6.9547947E-04   4.4212174E-03  -8.2845540E-04   8.2362380E-03   7.2767491E-02  -3.7878392E-06  -2.1608028E-07   1.8574183E-05
 -4.4896692E-10  -1.5194343E-09   3.0204243E-09  -1.5161548E-08   1.1334266E-06   1.0142941E-07  -2.1040852E-08  -2.4443366E-07  -6.2621629E-08   4.0087700E-07  -1.1793961E-07  -6.3205462E-07  -3.7878392E-06   4.8421773E-07   9.6464193E-10  -3.1528417E-09
 -2.5626715E-09   2.0334896E-08  -5.1470386E-09  -1.5186029E-08  -1.2493849E-06   6.4758620E-08  -1.1477569E-07  -7.7466229E-09  -1.8313613E-07  -1.4784218E-07  -2.7802205E-07  -5.9158519E-08  -2.1608028E-07   9.6464193E-10   4.2128748E-07   2.3787775E-08
  4.0881631E-09  -9.4511872E-08   9.1851086E-09  -1.5286769E-07  -1.0967934E-05   1.1963598E-05   8.4153065E-07   1.0536438E-06  -2.1239517E-07   2.5562468E-07  -1.8648711E-06  -1.0008429E-06   1.8574183E-05  -3.1528417E-09   2.3787775E-08   6.1542753E-06
