# omegabh2 omegach2 theta tau w logA ns calPlanck acib217 xi asz143 aps100 aps143 aps143217 aps217 aksz kgal100 kgal143 kgal143217 kgal217 cal0 cal2
  3.7824847E-08  -7.7704963E-08   2.5934149E-08   3.6201123E-07   1.8570400E-06   6.9036823E-07   3.2199465E-07   2.5239179E-08  -1.3630868E-04   1.3363739E-06   4.7405212E-05  -7.5173196E-04  -4.5638197E-04  -1.4011863E-04  -2.1989020E-07  -6.0553766E-05   5.0591006E-08  -1.1638982E-05  -3.0272275E-05   4.5053856E-06   9.6497417E-10  -3.0373683E-09
 -7.7704963E-08   1.5675811E-06  -9.0858849E-08  -4.1002996E-06  -2.3028772E-05  -5.2491924E-06  -3.4638616E-06  -3.2300073E-07   3.4206951E-04  -2.9854355E-07  -7.4615698E-05   1.0649803E-03   7.3402883E-04   1.9577974E-04  -2.5527648E-04   1.5420744E-04   6.3253572E-05   4.7117124E-05   2.3655366E-05  -2.2918622E-04  -1.8218958E-08  -6.6903577E-09
  2.5934149E-08  -9.0858849E-08   1.8515141E-07   4.4034478E-07   3.3360141E-06   9.2983344E-07   4.8886979E-07   3.4861322E-08   2.9749527E-05  -1.8070412E-06   1.2413661E-05  -2.5514009E-04  -1.4719403E-04  -7.8198609E-05  -7.3562167E-05  -1.4697990E-05  -1.2959225E-05  -1.9822250E-05  -5.8527545E-05  -9.3921800E-05  -3.7236736E-09  -4.6718197E-09
  3.6201123E-07  -4.1002996E-06   4.4034478E-07   5.8144364E-05   6.7288346E-05   1.0432443E-04   1.2061509E-05  -8.4767856E-07  -2.2337666E-03   3.0441083E-05   7.0931102E-04  -1.1739487E-02  -5.7803591E-03  -9.9039268E-04   1.9320293E-04  -8.4612526E-04  -7.2051039E-05  -1.8750234E-04  -1.6435740E-04   4.8503635E-04  -6.4899058E-08  -4.3076368E-08
  1.8570400E-06  -2.3028772E-05   3.3360141E-06   6.7288346E-05   9.6403333E-04   9.9599325E-05   5.2779947E-05   7.0884516E-06  -2.8459465E-03  -2.6633038E-05   2.4078386E-03  -1.7431512E-02  -1.5629480E-02  -1.8376221E-03   3.4104576E-03  -3.7578999E-03  -3.4905509E-04  -5.3819706E-04  -9.4815807E-04   6.6479509E-04   3.2224023E-07  -2.4353168E-07
  6.9036823E-07  -5.2491924E-06   9.2983344E-07   1.0432443E-04   9.9599325E-05   2.1771699E-04   1.6234991E-05   9.6130801E-06  -3.8997249E-03   5.4791822E-05   1.4500594E-03  -1.8552962E-02  -9.4676382E-03   2.2464792E-04   5.3261083E-03  -2.2940276E-03  -3.2718493E-04  -9.5730559E-04  -8.8401557E-04   1.7964179E-03   4.5102322E-08  -1.4868716E-07
  3.2199465E-07  -3.4638616E-06   4.8886979E-07   1.2061509E-05   5.2779947E-05   1.6234991E-05   1.8689409E-05   8.2742951E-07  -5.2286676E-03   8.4521451E-05   1.1796051E-03  -2.4502405E-02  -7.5615060E-03   1.9436021E-03   5.9267921E-03  -2.9153532E-03   1.9279542E-04  -5.3845063E-04  -5.6860972E-04   1.7730304E-03  -8.8359514E-08  -8.6993668E-08
  2.5239179E-08  -3.2300073E-07   3.4861322E-08  -8.4767856E-07   7.0884516E-06   9.6130801E-06   8.2742951E-07   6.0238762E-06   7.2215807E-04  -1.9907442E-05   7.2159347E-05   3.5750819E-03   3.2725053E-04   9.7801569E-05   1.1017163E-03  -5.9934099E-05   1.4219361E-05  -6.0172088E-05  -4.7665572E-05   7.4835056E-04   2.5448285E-08  -2.0537187E-08
 -1.3630868E-04   3.4206951E-04   2.9749527E-05  -2.2337666E-03  -2.8459465E-03  -3.8997249E-03  -5.2286676E-03   7.2215807E-04   4.5315677E+01  -3.9233397E-01  -8.4110074E-01   3.8637552E+01   3.2982145E+00  -1.3048013E+01  -5.5882951E+01  -1.5769336E-01   3.4889785E-01   6.6729469E-01  -5.1943446E+00  -3.2909960E+01  -2.1120726E-04   7.6632354E-04
  1.3363739E-06  -2.9854355E-07  -1.8070412E-06   3.0441083E-05  -2.6633038E-05   5.4791822E-05   8.4521451E-05  -1.9907442E-05  -3.9233397E-01   8.1400604E-02  -5.8421270E-02  -3.8376088E-01   8.7715779E-01   1.5827293E+00   5.7341349E-01   6.9932465E-02  -1.5480601E-03   1.3211094E-02   9.6781295E-02   1.3009877E-01   3.4855971E-06  -1.2874617E-06
  4.7405212E-05  -7.4615698E-05   1.2413661E-05   7.0931102E-04   2.4078386E-03   1.4500594E-03   1.1796051E-03   7.2159347E-05  -8.4110074E-01  -5.8421270E-02   4.0096546E+00  -3.1271899E+01  -3.3938203E+00   7.8270739E+00   5.7066278E+00  -3.0587835E+00  -1.3466203E-01   9.8671347E-02   2.7483515E+00   3.4555693E+00   1.1436215E-04  -3.5079311E-05
 -7.5173196E-04   1.0649803E-03  -2.5514009E-04  -1.1739487E-02  -1.7431512E-02  -1.8552962E-02  -2.4502405E-02   3.5750819E-03   3.8637552E+01  -3.8376088E-01  -3.1271899E+01   7.9169354E+02   7.4449858E+01  -5.1911986E+01  -6.4232137E+01   1.5015034E+01  -6.6072682E+00   6.0961795E+00  -1.2127179E+01  -2.5364241E+01   4.0968895E-03   7.0950232E-04
 -4.5638197E-04   7.3402883E-04  -1.4719403E-04  -5.7803591E-03  -1.5629480E-02  -9.4676382E-03  -7.5615060E-03   3.2725053E-04   3.2982145E+00   8.7715779E-01  -3.3938203E+00   7.4449858E+01   6.1557820E+01   3.8806602E+01   1.3212415E+01  -4.4609061E+00  -4.7817826E-01  -1.1233724E+00   3.6579534E+00   3.6996462E+00   1.2180111E-04   1.7205791E-04
 -1.4011863E-04   1.9577974E-04  -7.8198609E-05  -9.9039268E-04  -1.8376221E-03   2.2464792E-04   1.9436021E-03   9.7801569E-05  -1.3048013E+01   1.5827293E+00   7.8270739E+00  -5.1911986E+01   3.8806602E+01   8.2554658E+01   5.2970736E+01  -1.2217325E+01  -5.3009458E-01  -7.3033474E-01   5.2867455E+00   8.9097823E+00   4.7450739E-04  -3.1882118E-04
 -2.1989020E-07  -2.5527648E-04  -7.3562167E-05   1.9320293E-04   3.4104576E-03   5.3261083E-03   5.9267921E-03   1.1017163E-03  -5.5882951E+01   5.7341349E-01   5.7066278E+00  -6.4232137E+01   1.3212415E+01   5.2970736E+01   1.0542243E+02  -9.8351468E+00  -6.4477299E-01  -1.4290084E+00   5.2048730E+00   3.3706323E+01   5.1468290E-04  -1.3573742E-03
 -6.0553766E-05   1.5420744E-04  -1.4697990E-05  -8.4612526E-04  -3.7578999E-03  -2.2940276E-03  -2.9153532E-03  -5.9934099E-05  -1.5769336E-01   6.9932465E-02  -3.0587835E+00   1.5015034E+01  -4.4609061E+00  -1.2217325E+01  -9.8351468E+00   6.5100338E+00   4.1696472E-02  -1.6425790E-01  -2.2987018E+00  -2.5803788E+00  -9.4774348E-05   2.0945421E-06
  5.0591006E-08   6.3253572E-05  -1.2959225E-05  -7.2051039E-05  -3.4905509E-04  -3.2718493E-04   1.9279542E-04   1.4219361E-05   3.4889785E-01  -1.5480601E-03  -1.3466203E-01  -6.6072682E+00  -4.7817826E-01  -5.3009458E-01  -6.4477299E-01   4.1696472E-02   3.3135707E+00   5.4486509E-01   1.2309709E-01  -1.2125835E-01   1.4931271E-04  -1.8709159E-05
 -1.1638982E-05   4.7117124E-05  -1.9822250E-05  -1.8750234E-04  -5.3819706E-04  -9.5730559E-04  -5.3845063E-04  -6.0172088E-05   6.6729469E-01   1.3211094E-02   9.8671347E-02   6.0961795E+00  -1.1233724E+00  -7.3033474E-01  -1.4290084E+00  -1.6425790E-01   5.4486509E-01   3.1902827E+00   2.7593104E+00   2.7023308E+00  -1.7838480E-04  -2.6273245E-05
 -3.0272275E-05   2.3655366E-05  -5.8527545E-05  -1.6435740E-04  -9.4815807E-04  -8.8401557E-04  -5.6860972E-04  -4.7665572E-05  -5.1943446E+00   9.6781295E-02   2.7483515E+00  -1.2127179E+01   3.6579534E+00   5.2867455E+00   5.2048730E+00  -2.2987018E+00   1.2309709E-01   2.7593104E+00   1.0927055E+01   1.9057312E+01   6.9276782E-06   4.0428646E-04
  4.5053856E-06  -2.2918622E-04  -9.3921800E-05   4.8503635E-04   6.6479509E-04   1.7964179E-03   1.7730304E-03   7.4835056E-04  -3.2909960E+01   1.3009877E-01   3.4555693E+00  -2.5364241E+01   3.6996462E+00   8.9097823E+00   3.3706323E+01  -2.5803788E+00  -1.2125835E-01   2.7023308E+00   1.9057312E+01   5.2861838E+01   1.4045104E-04   8.5347705E-04
  9.6497417E-10  -1.8218958E-08  -3.7236736E-09  -6.4899058E-08   3.2224023E-07   4.5102322E-08  -8.8359514E-08   2.5448285E-08  -2.1120726E-04   3.4855971E-06   1.1436215E-04   4.0968895E-03   1.2180111E-04   4.7450739E-04   5.1468290E-04  -9.4774348E-05   1.4931271E-04  -1.7838480E-04   6.9276782E-06   1.4045104E-04   3.7704083E-07  -1.5595144E-09
 -3.0373683E-09  -6.6903577E-09  -4.6718197E-09  -4.3076368E-08  -2.4353168E-07  -1.4868716E-07  -8.6993668E-08  -2.0537187E-08   7.6632354E-04  -1.2874617E-06  -3.5079311E-05   7.0950232E-04   1.7205791E-04  -3.1882118E-04  -1.3573742E-03   2.0945421E-06  -1.8709159E-05  -2.6273245E-05   4.0428646E-04   8.5347705E-04  -1.5595144E-09   3.8381959E-07
