# omegabh2 omegach2 theta tau mnu nnu logA ns calPlanck aps100 aps143 aps217 acib217 asz143 psr cibr xi aksz dust100 dust143 dust217 dust143x217 cal0 cal2 calTE calEE
  3.5347424E-08   3.2418363E-07  -3.2169007E-08   2.2146131E-07   1.1875149E-06   2.3823408E-05   1.4132555E-06   9.4285161E-07   1.5716606E-08   2.5831267E-04   1.0004155E-04  -8.1947788E-05   7.7738861E-05  -1.6532465E-06  -3.9766471E-07   1.7502930E-06  -4.2557076E-07   1.7407735E-05   5.4377746E-07   5.4349723E-07  -1.4682654E-07   1.0101849E-07   2.0524003E-09   1.1439963E-08   6.2162905E-08   1.4105518E-08
  3.2418363E-07   1.0561736E-05  -1.1886512E-06  -9.7398289E-07   1.9478980E-05   6.3011776E-04   2.5160729E-05   1.8553047E-05  -3.0530626E-07   1.6076994E-02   9.4814554E-03  -3.4605119E-03   4.8511158E-03  -5.1841059E-04  -3.6050295E-05   9.0996537E-05  -4.8227996E-05   1.2378464E-03   1.1075015E-05   3.1632880E-05  -1.9754072E-05   1.3129469E-05  -5.9293151E-08   3.7870133E-07   3.7109551E-06   6.9876275E-06
 -3.2169007E-08  -1.1886512E-06   2.2045235E-07   8.8087686E-08  -2.8515969E-06  -7.4045125E-05  -2.8175168E-06  -2.1836754E-06   2.8540571E-08  -1.9261200E-03  -1.1215667E-03   3.2130712E-04  -5.1774636E-04   5.9647417E-05   4.2728532E-06  -1.0085970E-05   6.1200517E-06  -1.4321835E-04  -1.1003646E-06  -2.5881903E-06   1.6815183E-06  -1.6060764E-06  -1.6914598E-10  -4.5667891E-08  -5.0944522E-07  -8.8423161E-07
  2.2146131E-07  -9.7398289E-07   8.8087686E-08   4.2864177E-05   5.0807778E-05   5.9596251E-05   8.2008582E-05   8.5412446E-06  -4.7458061E-07  -5.7178963E-03  -3.1507006E-03   1.1024835E-04  -1.0582735E-03   1.9262442E-04   7.5846126E-06  -1.0418605E-05   5.4722028E-06  -2.4046099E-04   9.0218666E-06   1.8665039E-05   6.9781933E-06  -2.8811305E-06  -7.0044447E-08   1.3328503E-08  -2.0950546E-06  -1.3419542E-06
  1.1875149E-06   1.9478980E-05  -2.8515969E-06   5.0807778E-05   1.4903949E-03   1.6157421E-03   1.6743279E-04   6.3063165E-05   6.0319328E-06   4.1831753E-02   2.0230023E-02  -6.2178352E-03   1.1241025E-02  -1.4234539E-03  -9.4684259E-05   2.7665331E-04  -1.5972709E-04   3.5586618E-03   3.0377486E-05   5.0159494E-05  -1.3757159E-05  -2.9935825E-05   5.6363788E-07   1.0937563E-06   1.5911168E-05   2.5597800E-05
  2.3823408E-05   6.3011776E-04  -7.4045125E-05   5.9596251E-05   1.6157421E-03   4.0727830E-02   1.7806621E-03   1.3183056E-03  -5.4466753E-06   1.0163491E+00   5.9186326E-01  -2.0696552E-01   2.9971475E-01  -3.1089125E-02  -2.2190921E-03   5.7402258E-03  -2.8313274E-03   7.5332308E-02   6.4801470E-04   1.6778280E-03  -1.1733931E-03   7.1922378E-04  -5.1286452E-07   2.4558682E-05   2.5390980E-04   4.8062391E-04
  1.4132555E-06   2.5160729E-05  -2.8175168E-06   8.2008582E-05   1.6743279E-04   1.7806621E-03   2.5415375E-04   6.6407485E-05   1.0222614E-05   3.6740796E-02   1.9978042E-02  -1.8975012E-03   9.6171761E-03  -9.3039251E-04  -6.0828331E-05   1.7788414E-04  -7.7439710E-05   1.7204607E-03   2.2117529E-05   2.5977144E-05  -1.1379129E-05   1.1359442E-05   3.7536574E-07   1.1613874E-06   5.8897467E-06   1.8425250E-05
  9.4285161E-07   1.8553047E-05  -2.1836754E-06   8.5412446E-06   6.3063165E-05   1.3183056E-03   6.6407485E-05   5.6485748E-05   5.0159633E-07   1.2968458E-02   1.2808508E-02   9.6332234E-04   4.5333121E-03  -4.7264532E-04  -1.1061356E-05   9.0903280E-05  -2.8212504E-05   5.3923176E-04   3.7396220E-05   2.0002615E-05  -1.2320513E-05   1.1281226E-05  -2.3608920E-07   5.4244758E-07   8.1644111E-06   1.3043151E-05
  1.5716606E-08  -3.0530626E-07   2.8540571E-08  -4.7458061E-07   6.0319328E-06  -5.4466753E-06   1.0222614E-05   5.0159633E-07   5.9196989E-06   3.5248534E-03   1.9367165E-04   9.7745641E-04   5.3640085E-04  -3.6828969E-05  -3.3897216E-06  -1.0265654E-06  -9.4427503E-07  -4.9469996E-05  -3.4014764E-06  -2.3123555E-06   7.6065487E-06  -1.4713804E-06   2.0832066E-08   5.4202144E-08  -1.8840453E-07   3.4539435E-08
  2.5831267E-04   1.6076994E-02  -1.9261200E-03  -5.7178963E-03   4.1831753E-02   1.0163491E+00   3.6740796E-02   1.2968458E-02   3.5248534E-03   6.2268859E+02   7.0218243E+01  -5.6612133E+01   3.5310229E+01  -2.5387982E+01  -8.2675879E-01  -1.2450324E-01  -3.4664365E-01   1.1911183E+01  -1.5205546E-01   3.1457012E-01  -2.6674349E-01  -1.7840605E-01   6.4618731E-03   3.4172110E-03   8.6318031E-03   1.7612444E-02
  1.0004155E-04   9.4814554E-03  -1.1215667E-03  -3.1507006E-03   2.0230023E-02   5.9186326E-01   1.9978042E-02   1.2808508E-02   1.9367165E-04   7.0218243E+01   7.4059259E+01   7.2630800E+00   1.0020776E+01  -7.2413553E-01  -3.5175352E-02   4.7352431E-01   8.3505799E-01  -7.3897352E+00  -1.9951505E-02  -1.9993605E-01   3.1028605E-02   9.2680097E-02   8.6923911E-04   9.1862802E-04   6.3750407E-03   1.2244221E-02
 -8.1947788E-05  -3.4605119E-03   3.2130712E-04   1.1024835E-04  -6.2178352E-03  -2.0696552E-01  -1.8975012E-03   9.6332234E-04   9.7745641E-04  -5.6612133E+01   7.2630800E+00   1.7307832E+02  -8.2184921E+01   2.7532403E+00   2.9879131E-01  -9.7584163E-01   3.4657454E-01  -7.2362255E+00  -2.3195935E-02  -2.3384396E-01   5.4472643E-01  -4.4810512E-02   1.5548200E-03  -7.8601989E-03   1.7741726E-03   1.0540674E-03
  7.7738861E-05   4.8511158E-03  -5.1774636E-04  -1.0582735E-03   1.1241025E-02   2.9971475E-01   9.6171761E-03   4.5333121E-03   5.3640085E-04   3.5310229E+01   1.0020776E+01  -8.2184921E+01   5.2380859E+01   1.4961225E+00  -3.2265133E-02   7.1028534E-01  -2.6797241E-01  -2.4225914E+00   5.0828184E-03   1.4825833E-01  -4.4923162E-01  -8.6241500E-02  -4.7857432E-04   3.2425849E-03   1.1801322E-03   3.7646088E-03
 -1.6532465E-06  -5.1841059E-04   5.9647417E-05   1.9262442E-04  -1.4234539E-03  -3.1089125E-02  -9.3039251E-04  -4.7264532E-04  -3.6828969E-05  -2.5387982E+01  -7.2413553E-01   2.7532403E+00   1.4961225E+00   4.3301112E+00   1.0247370E-01   1.5598926E-01  -3.1469362E-02  -3.5516261E+00  -7.3446113E-03  -6.8297803E-03   8.8393107E-03   5.1030203E-02   4.5662253E-04  -2.4324053E-04  -3.6831213E-04  -4.1606820E-04
 -3.9766471E-07  -3.6050295E-05   4.2728532E-06   7.5846126E-06  -9.4684259E-05  -2.2190921E-03  -6.0828331E-05  -1.1061356E-05  -3.3897216E-06  -8.2675879E-01  -3.5175352E-02   2.9879131E-01  -3.2265133E-02   1.0247370E-01   1.6780868E-02  -1.6967745E-02   1.2368799E-02  -1.0772736E-01  -2.2157675E-04  -1.1193617E-03  -2.7425490E-03   5.3789225E-03   1.7462487E-05  -3.6678132E-05   8.0382271E-06  -1.4990908E-05
  1.7502930E-06   9.0996537E-05  -1.0085970E-05  -1.0418605E-05   2.7665331E-04   5.7402258E-03   1.7788414E-04   9.0903280E-05  -1.0265654E-06  -1.2450324E-01   4.7352431E-01  -9.7584163E-01   7.1028534E-01   1.5598926E-01  -1.6967745E-02   6.9292998E-02   3.2894524E-03  -1.4707703E-01   6.6784853E-04   6.8675163E-03  -1.9493003E-04  -1.7969101E-02  -4.7376189E-06   9.4999912E-05   7.7118212E-07   7.1783488E-05
 -4.2557076E-07  -4.8227996E-05   6.1200517E-06   5.4722028E-06  -1.5972709E-04  -2.8313274E-03  -7.7439710E-05  -2.8212504E-05  -9.4427503E-07  -3.4664365E-01   8.3505799E-01   3.4657454E-01  -2.6797241E-01  -3.1469362E-02   1.2368799E-02   3.2894524E-03   8.2397203E-02   2.9000019E-02   6.2499831E-04   6.1764574E-04   1.1795258E-03   1.4229268E-03   1.6094135E-05  -8.2603536E-06   5.6406754E-07  -2.4348140E-05
  1.7407735E-05   1.2378464E-03  -1.4321835E-04  -2.4046099E-04   3.5586618E-03   7.5332308E-02   1.7204607E-03   5.3923176E-04  -4.9469996E-05   1.1911183E+01  -7.3897352E+00  -7.2362255E+00  -2.4225914E+00  -3.5516261E+00  -1.0772736E-01  -1.4707703E-01   2.9000019E-02   7.4252942E+00   4.8680175E-03  -1.6871332E-03  -3.4083450E-03  -5.2188040E-02  -3.5402264E-04   9.2141223E-05  -2.8238382E-05   4.0747970E-04
  5.4377746E-07   1.1075015E-05  -1.1003646E-06   9.0218666E-06   3.0377486E-05   6.4801470E-04   2.2117529E-05   3.7396220E-05  -3.4014764E-06  -1.5205546E-01  -1.9951505E-02  -2.3195935E-02   5.0828184E-03  -7.3446113E-03  -2.2157675E-04   6.6784853E-04   6.2499831E-04   4.8680175E-03   3.8575193E-02   2.9045054E-03   4.9068753E-05   4.3403634E-04   3.4851800E-05  -2.3115871E-06  -1.2852719E-05  -2.0325495E-05
  5.4349723E-07   3.1632880E-05  -2.5881903E-06   1.8665039E-05   5.0159494E-05   1.6778280E-03   2.5977144E-05   2.0002615E-05  -2.3123555E-06   3.1457012E-01  -1.9993605E-01  -2.3384396E-01   1.4825833E-01  -6.8297803E-03  -1.1193617E-03   6.8675163E-03   6.1764574E-04  -1.6871332E-03   2.9045054E-03   3.0931293E-02  -5.6921803E-04   5.4669967E-03  -7.9875371E-05  -4.3165270E-05  -6.8377036E-05  -6.0316842E-05
 -1.4682654E-07  -1.9754072E-05   1.6815183E-06   6.9781933E-06  -1.3757159E-05  -1.1733931E-03  -1.1379129E-05  -1.2320513E-05   7.6065487E-06  -2.6674349E-01   3.1028605E-02   5.4472643E-01  -4.4923162E-01   8.8393107E-03  -2.7425490E-03  -1.9493003E-04   1.1795258E-03  -3.4083450E-03   4.9068753E-05  -5.6921803E-04   1.0660332E-02   8.3816466E-03   3.7754263E-06   6.2936282E-05  -4.2096579E-06  -1.7209722E-05
  1.0101849E-07   1.3129469E-05  -1.6060764E-06  -2.8811305E-06  -2.9935825E-05   7.1922378E-04   1.1359442E-05   1.1281226E-05  -1.4713804E-06  -1.7840605E-01   9.2680097E-02  -4.4810512E-02  -8.6241500E-02   5.1030203E-02   5.3789225E-03  -1.7969101E-02   1.4229268E-03  -5.2188040E-02   4.3403634E-04   5.4669967E-03   8.3816466E-03   2.6762590E-02  -4.3675222E-06   6.1860409E-05  -1.2672297E-05  -7.3320839E-06
  2.0524003E-09  -5.9293151E-08  -1.6914598E-10  -7.0044447E-08   5.6363788E-07  -5.1286452E-07   3.7536574E-07  -2.3608920E-07   2.0832066E-08   6.4618731E-03   8.6923911E-04   1.5548200E-03  -4.7857432E-04   4.5662253E-04   1.7462487E-05  -4.7376189E-06   1.6094135E-05  -3.5402264E-04   3.4851800E-05  -7.9875371E-05   3.7754263E-06  -4.3675222E-06   1.0929038E-06   6.2873357E-08   3.8113473E-07   6.4723735E-07
  1.1439963E-08   3.7870133E-07  -4.5667891E-08   1.3328503E-08   1.0937563E-06   2.4558682E-05   1.1613874E-06   5.4244758E-07   5.4202144E-08   3.4172110E-03   9.1862802E-04  -7.8601989E-03   3.2425849E-03  -2.4324053E-04  -3.6678132E-05   9.4999912E-05  -8.2603536E-06   9.2141223E-05  -2.3115871E-06  -4.3165270E-05   6.2936282E-05   6.1860409E-05   6.2873357E-08   2.4813824E-06   4.1390325E-07   4.0727622E-07
  6.2162905E-08   3.7109551E-06  -5.0944522E-07  -2.0950546E-06   1.5911168E-05   2.5390980E-04   5.8897467E-06   8.1644111E-06  -1.8840453E-07   8.6318031E-03   6.3750407E-03   1.7741726E-03   1.1801322E-03  -3.6831213E-04   8.0382271E-06   7.7118212E-07   5.6406754E-07  -2.8238382E-05  -1.2852719E-05  -6.8377036E-05  -4.2096579E-06  -1.2672297E-05   3.8113473E-07   4.1390325E-07   2.5727924E-05   1.1253899E-05
  1.4105518E-08   6.9876275E-06  -8.8423161E-07  -1.3419542E-06   2.5597800E-05   4.8062391E-04   1.8425250E-05   1.3043151E-05   3.4539435E-08   1.7612444E-02   1.2244221E-02   1.0540674E-03   3.7646088E-03  -4.1606820E-04  -1.4990908E-05   7.1783488E-05  -2.4348140E-05   4.0747970E-04  -2.0325495E-05  -6.0316842E-05  -1.7209722E-05  -7.3320839E-06   6.4723735E-07   4.0727622E-07   1.1253899E-05   2.9564936E-05
