# omegabh2 omegach2 theta tau w wa logA ns calPlanck acib217 xi asz143 aps100 aps143 aps143217 aps217 aksz kgal100 kgal143 kgal143217 kgal217 galfTE100 galfTE100143 galfTE100217 galfTE143 galfTE143217 galfTE217 cal0 cal2
  2.0690576E-08  -9.3723881E-08   1.5449908E-08   1.7338135E-07  -1.1035084E-06   1.3037608E-05   2.3459269E-07   2.4142916E-07   1.5812546E-08  -6.8945436E-05   1.3379504E-06   1.6500249E-05  -2.8114174E-04  -1.9509936E-04  -5.7843799E-05   1.0279494E-05  -3.2117051E-05  -2.1337288E-06  -7.7249663E-06  -1.2703084E-05   1.8863444E-06  -3.3116798E-08  -6.9514796E-08  -1.3097399E-07  -2.8190834E-07  -3.7813622E-07  -1.9138056E-06   3.1796215E-09  -2.5237392E-09
 -9.3723881E-08   1.6161977E-06  -1.3032177E-07  -1.9546468E-06   2.2567154E-05  -2.1452059E-04  -1.8780069E-07  -3.7281901E-06  -1.2439256E-07  -4.7368843E-06   1.0321849E-06  -4.5769219E-05   5.6768598E-04   8.0998733E-04   5.7496227E-04   4.8364515E-04  -1.0236890E-05  -4.4479722E-05  -2.3825658E-05   5.3124587E-06   6.9364017E-05   5.6426139E-07   4.6183684E-07   1.4003842E-06   1.6981837E-06   1.7012587E-06   1.2862670E-05  -1.7456324E-09   1.1364163E-08
  1.5449908E-08  -1.3032177E-07   9.8194027E-08   2.1751251E-07  -2.9970334E-06   2.6305090E-05   2.5881095E-07   4.1620350E-07   2.4713620E-08   6.0897055E-06   1.2529921E-06  -2.6614727E-06   5.7552984E-05  -2.8457372E-05  -2.4272399E-05  -3.8522709E-05   5.0005782E-06  -5.5418854E-06   2.8095584E-06   8.9847785E-07  -1.6837580E-06  -2.4824156E-07  -7.1989375E-08   3.2511874E-08  -2.4079148E-07   9.9866399E-08  -5.7411499E-07   2.9775035E-10   9.6997503E-10
  1.7338135E-07  -1.9546468E-06   2.1751251E-07   4.5703465E-05  -2.5374800E-05   2.7538685E-04   8.6571678E-05   6.5313034E-06  -9.7647203E-08  -1.1513228E-03   4.1437728E-05   1.0469041E-04  -6.8623821E-03  -3.2250172E-03  -9.1164431E-04   1.0811323E-04  -6.3702670E-04  -1.6819779E-05  -1.3048911E-04  -3.2075912E-04  -1.5053490E-04  -7.2139854E-07  -9.9368779E-07   1.7589295E-06  -7.4780613E-07  -2.8095970E-06   1.3777300E-06  -3.1711916E-08  -6.6248534E-08
 -1.1035084E-06   2.2567154E-05  -2.9970334E-06  -2.5374800E-05   7.1128021E-02  -1.9494767E-01  -1.6026990E-05  -5.6160943E-05  -9.6087995E-06  -8.0398496E-03   7.3272391E-04   6.5985748E-03  -3.7903321E-02   1.1465490E-02   2.5609392E-02   1.7508384E-02  -1.0343681E-02   2.1063483E-03   1.4170351E-03   9.7253467E-03   1.2989540E-02   3.3533438E-05   1.1119081E-05   1.1855871E-05  -8.1151955E-07   3.4552226E-04   7.5726094E-04   1.1683785E-07  -2.0722447E-07
  1.3037608E-05  -2.1452059E-04   2.6305090E-05   2.7538685E-04  -1.9494767E-01   5.7083353E-01   9.4638061E-05   5.1289859E-04   3.0325584E-05   1.7406974E-02  -2.1310768E-03  -1.3743544E-02   4.4767384E-02  -1.1868675E-01  -1.3436371E-01  -9.0797498E-02   3.2652486E-02   4.9205518E-04   1.5937098E-03  -2.5010136E-02  -3.9091789E-02  -2.3995116E-04  -1.1381182E-04  -2.6158308E-04  -1.6388312E-04  -1.1439534E-03  -3.3117190E-03  -6.1618477E-07  -6.2389421E-07
  2.3459269E-07  -1.8780069E-07   2.5881095E-07   8.6571678E-05  -1.6026990E-05   9.4638061E-05   2.0014114E-04   3.4516875E-06   1.1796789E-05  -3.0330095E-03   1.5674721E-04   1.1362191E-04  -1.1487157E-02  -3.1209575E-03   2.8763413E-03   7.8203046E-03  -2.2927522E-03  -4.6628386E-04  -1.0526328E-03  -1.3354407E-03   1.2961430E-03  -5.3772810E-07  -2.8788226E-06  -2.0204047E-06   1.0170620E-07  -8.3429195E-06   3.9350526E-05   8.3931700E-08  -1.3503503E-07
  2.4142916E-07  -3.7281901E-06   4.1620350E-07   6.5313034E-06  -5.6160943E-05   5.1289859E-04   3.4516875E-06   1.7566577E-05   4.7793884E-07  -3.9442416E-03   9.4527893E-05   7.5926221E-04  -2.0814137E-02  -6.4513114E-03   6.7267862E-04   3.7911007E-03  -1.7979291E-03   3.6135084E-04  -2.7183648E-04  -3.0694836E-04   1.0772695E-03  -1.4492468E-06  -5.9229664E-07  -3.0418207E-06  -2.2350680E-06  -9.1678208E-07  -2.8048010E-05  -6.6458393E-08  -8.2923791E-08
  1.5812546E-08  -1.2439256E-07   2.4713620E-08  -9.7647203E-08  -9.6087995E-06   3.0325584E-05   1.1796789E-05   4.7793884E-07   6.0877058E-06   4.8749155E-04   1.2041930E-05  -3.2563288E-06   2.7770553E-03   6.8704150E-04   6.8067266E-04   1.5225660E-03  -7.9327601E-05   5.2489598E-06  -8.3996559E-05  -7.0940626E-05   7.9857510E-04  -2.9909575E-07  -5.3315745E-07  -4.1988751E-06  -3.5606827E-07  -2.9698296E-06   2.2024049E-06   6.1997469E-09  -5.1361109E-09
 -6.8945436E-05  -4.7368843E-06   6.0897055E-06  -1.1513228E-03  -8.0398496E-03   1.7406974E-02  -3.0330095E-03  -3.9442416E-03   4.8749155E-04   4.4818273E+01  -3.9613155E-01  -7.7282118E-01   3.3675496E+01   1.2831530E+00  -1.3403553E+01  -5.5748430E+01  -1.2732212E-01   1.3647825E-01   4.8119306E-01  -5.9991001E+00  -3.3816208E+01  -2.4395461E-03   1.0710228E-03   4.5132236E-03  -4.9575428E-03  -4.7452901E-03   1.0443498E-03  -2.5743278E-04   7.0019420E-04
  1.3379504E-06   1.0321849E-06   1.2529921E-06   4.1437728E-05   7.3272391E-04  -2.1310768E-03   1.5674721E-04   9.4527893E-05   1.2041930E-05  -3.9613155E-01   8.1223737E-02  -4.6403959E-02  -4.9187208E-01   9.0792677E-01   1.6816121E+00   6.2602674E-01   4.9980489E-02  -1.4476932E-02   7.4063033E-03   1.0244414E-01   1.4461237E-01   9.2670984E-05   1.0759018E-04   3.5650776E-05   5.9478980E-05   1.2076425E-04   5.4180474E-04   6.4888238E-06  -1.9469428E-06
  1.6500249E-05  -4.5769219E-05  -2.6614727E-06   1.0469041E-04   6.5985748E-03  -1.3743544E-02   1.1362191E-04   7.5926221E-04  -3.2563288E-06  -7.7282118E-01  -4.6403959E-02   3.7875815E+00  -2.9800132E+01  -3.3554344E+00   7.3094454E+00   5.0893482E+00  -2.5985006E+00  -1.6594442E-01   1.5634553E-01   2.5939600E+00   3.1766534E+00   5.6768458E-04   1.9186198E-05   1.1323886E-04  -5.1312210E-04   8.5108681E-04  -5.0859526E-03   1.0604859E-04  -4.8068694E-05
 -2.8114174E-04   5.6768598E-04   5.7552984E-05  -6.8623821E-03  -3.7903321E-02   4.4767384E-02  -1.1487157E-02  -2.0814137E-02   2.7770553E-03   3.3675496E+01  -4.9187208E-01  -2.9800132E+01   7.7699787E+02   6.9193860E+01  -5.1870055E+01  -5.7199771E+01   1.2981130E+01  -6.9686174E+00   5.6410283E+00  -1.1687252E+01  -2.2476295E+01  -3.4579949E-03  -3.2811087E-04  -7.0936402E-03  -5.6353207E-03  -2.0172967E-02  -2.9288557E-02   3.8021930E-03   7.2375694E-04
 -1.9509936E-04   8.0998733E-04  -2.8457372E-05  -3.2250172E-03   1.1465490E-02  -1.1868675E-01  -3.1209575E-03  -6.4513114E-03   6.8704150E-04   1.2831530E+00   9.0792677E-01  -3.3554344E+00   6.9193860E+01   6.0386224E+01   3.9530981E+01   1.5065470E+01  -4.8409645E+00  -6.2706303E-01  -1.2570987E+00   3.2828451E+00   4.3870477E+00  -6.0776966E-04   1.3629920E-03  -6.5293120E-03   4.5655246E-03   4.1109962E-03   1.4824641E-02   1.0276303E-04   1.2026183E-04
 -5.7843799E-05   5.7496227E-04  -2.4272399E-05  -9.1164431E-04   2.5609392E-02  -1.3436371E-01   2.8763413E-03   6.7267862E-04   6.8067266E-04  -1.3403553E+01   1.6816121E+00   7.3094454E+00  -5.1870055E+01   3.9530981E+01   8.3769766E+01   5.2546840E+01  -1.1451246E+01  -9.0779635E-01  -6.3934952E-01   4.7626365E+00   8.3356236E+00   2.0681638E-03   2.4476019E-03  -3.9926920E-03   6.2933673E-03   1.1554807E-02  -2.0589794E-03   4.9910562E-04  -3.8265609E-04
  1.0279494E-05   4.8364515E-04  -3.8522709E-05   1.0811323E-04   1.7508384E-02  -9.0797498E-02   7.8203046E-03   3.7911007E-03   1.5225660E-03  -5.5748430E+01   6.2602674E-01   5.0893482E+00  -5.7199771E+01   1.5065470E+01   5.2546840E+01   1.0468755E+02  -9.1777232E+00  -5.5627988E-01  -1.1768398E+00   5.5017991E+00   3.4045291E+01   3.4411263E-03  -1.7475256E-03  -8.4401809E-03   9.0445619E-03   1.5006174E-02  -6.6365071E-03   5.6604148E-04  -1.3250830E-03
 -3.2117051E-05  -1.0236890E-05   5.0005782E-06  -6.3702670E-04  -1.0343681E-02   3.2652486E-02  -2.2927522E-03  -1.7979291E-03  -7.9327601E-05  -1.2732212E-01   4.9980489E-02  -2.5985006E+00   1.2981130E+01  -4.8409645E+00  -1.1451246E+01  -9.1777232E+00   5.7091405E+00   7.9178258E-02  -2.0908584E-01  -2.0002629E+00  -2.2610293E+00  -1.6186358E-04   2.5914263E-04   6.8461228E-04  -2.0474122E-04  -1.5628560E-03   7.6353589E-03  -8.0401804E-05   1.1785657E-05
 -2.1337288E-06  -4.4479722E-05  -5.5418854E-06  -1.6819779E-05   2.1063483E-03   4.9205518E-04  -4.6628386E-04   3.6135084E-04   5.2489598E-06   1.3647825E-01  -1.4476932E-02  -1.6594442E-01  -6.9686174E+00  -6.2706303E-01  -9.0779635E-01  -5.5627988E-01   7.9178258E-02   3.3570231E+00   5.9814448E-01   1.9673725E-01   2.2231242E-01  -9.4383474E-05   3.2556286E-04   7.0429308E-04   1.2299135E-03   1.9877303E-03  -2.9894554E-03   1.5995651E-04  -4.2054527E-06
 -7.7249663E-06  -2.3825658E-05   2.8095584E-06  -1.3048911E-04   1.4170351E-03   1.5937098E-03  -1.0526328E-03  -2.7183648E-04  -8.3996559E-05   4.8119306E-01   7.4063033E-03   1.5634553E-01   5.6410283E+00  -1.2570987E+00  -6.3934952E-01  -1.1768398E+00  -2.0908584E-01   5.9814448E-01   3.1403468E+00   2.6538585E+00   2.7073149E+00   8.0584821E-04   2.4200965E-05   1.7209909E-03  -7.9285384E-04   2.8031335E-04  -6.1780452E-03  -1.7119713E-04  -3.9922373E-05
 -1.2703084E-05   5.3124587E-06   8.9847785E-07  -3.2075912E-04   9.7253467E-03  -2.5010136E-02  -1.3354407E-03  -3.0694836E-04  -7.0940626E-05  -5.9991001E+00   1.0244414E-01   2.5939600E+00  -1.1687252E+01   3.2828451E+00   4.7626365E+00   5.5017991E+00  -2.0002629E+00   1.9673725E-01   2.6538585E+00   1.0693790E+01   1.9347048E+01   2.1536897E-03   2.0461427E-04  -3.7333606E-04  -1.5352857E-03   5.0977580E-04   3.8443384E-03  -1.8112905E-05   4.0057487E-04
  1.8863444E-06   6.9364017E-05  -1.6837580E-06  -1.5053490E-04   1.2989540E-02  -3.9091789E-02   1.2961430E-03   1.0772695E-03   7.9857510E-04  -3.3816208E+01   1.4461237E-01   3.1766534E+00  -2.2476295E+01   4.3870477E+00   8.3356236E+00   3.4045291E+01  -2.2610293E+00   2.2231242E-01   2.7073149E+00   1.9347048E+01   5.4222637E+01   3.3188596E-03  -4.4853026E-04  -3.8100718E-03   2.3838423E-03  -6.7256000E-04   5.6252708E-03   9.2283544E-05   9.2593355E-04
 -3.3116798E-08   5.6426139E-07  -2.4824156E-07  -7.2139854E-07   3.3533438E-05  -2.3995116E-04  -5.3772810E-07  -1.4492468E-06  -2.9909575E-07  -2.4395461E-03   9.2670984E-05   5.6768458E-04  -3.4579949E-03  -6.0776966E-04   2.0681638E-03   3.4411263E-03  -1.6186358E-04  -9.4383474E-05   8.0584821E-04   2.1536897E-03   3.3188596E-03   1.4558884E-03   2.4966158E-04   1.5602832E-04  -3.8044387E-04  -1.1934841E-04  -4.9784945E-05  -7.0585533E-08   9.0732461E-08
 -6.9514796E-08   4.6183684E-07  -7.1989375E-08  -9.9368779E-07   1.1119081E-05  -1.1381182E-04  -2.8788226E-06  -5.9229664E-07  -5.3315745E-07   1.0710228E-03   1.0759018E-04   1.9186198E-05  -3.2811087E-04   1.3629920E-03   2.4476019E-03  -1.7475256E-03   2.5914263E-04   3.2556286E-04   2.4200965E-05   2.0461427E-04  -4.4853026E-04   2.4966158E-04   8.5730504E-04   3.8666785E-05   7.4561853E-04   4.3601746E-05  -6.5243874E-04  -4.8899743E-09   4.4867021E-08
 -1.3097399E-07   1.4003842E-06   3.2511874E-08   1.7589295E-06   1.1855871E-05  -2.6158308E-04  -2.0204047E-06  -3.0418207E-06  -4.1988751E-06   4.5132236E-03   3.5650776E-05   1.1323886E-04  -7.0936402E-03  -6.5293120E-03  -3.9926920E-03  -8.4401809E-03   6.8461228E-04   7.0429308E-04   1.7209909E-03  -3.7333606E-04  -3.8100718E-03   1.5602832E-04   3.8666785E-05   7.2146230E-03  -3.5701311E-04   5.9953791E-04   4.3641736E-03  -5.1765961E-07   4.0238568E-07
 -2.8190834E-07   1.6981837E-06  -2.4079148E-07  -7.4780613E-07  -8.1151955E-07  -1.6388312E-04   1.0170620E-07  -2.2350680E-06  -3.5606827E-07  -4.9575428E-03   5.9478980E-05  -5.1312210E-04  -5.6353207E-03   4.5655246E-03   6.2933673E-03   9.0445619E-03  -2.0474122E-04   1.2299135E-03  -7.9285384E-04  -1.5352857E-03   2.3838423E-03  -3.8044387E-04   7.4561853E-04  -3.5701311E-04   2.8912288E-03   5.5708027E-04  -8.0894671E-04   2.2967551E-07  -6.5095291E-08
 -3.7813622E-07   1.7012587E-06   9.9866399E-08  -2.8095970E-06   3.4552226E-04  -1.1439534E-03  -8.3429195E-06  -9.1678208E-07  -2.9698296E-06  -4.7452901E-03   1.2076425E-04   8.5108681E-04  -2.0172967E-02   4.1109962E-03   1.1554807E-02   1.5006174E-02  -1.5628560E-03   1.9877303E-03   2.8031335E-04   5.0977580E-04  -6.7256000E-04  -1.1934841E-04   4.3601746E-05   5.9953791E-04   5.5708027E-04   6.4037784E-03   7.7526274E-03   1.4374262E-07  -2.3281260E-07
 -1.9138056E-06   1.2862670E-05  -5.7411499E-07   1.3777300E-06   7.5726094E-04  -3.3117190E-03   3.9350526E-05  -2.8048010E-05   2.2024049E-06   1.0443498E-03   5.4180474E-04  -5.0859526E-03  -2.9288557E-02   1.4824641E-02  -2.0589794E-03  -6.6365071E-03   7.6353589E-03  -2.9894554E-03  -6.1780452E-03   3.8443384E-03   5.6252708E-03  -4.9784945E-05  -6.5243874E-04   4.3641736E-03  -8.0894671E-04   7.7526274E-03   7.1672849E-02   1.2557434E-06   1.5209156E-06
  3.1796215E-09  -1.7456324E-09   2.9775035E-10  -3.1711916E-08   1.1683785E-07  -6.1618477E-07   8.3931700E-08  -6.6458393E-08   6.1997469E-09  -2.5743278E-04   6.4888238E-06   1.0604859E-04   3.8021930E-03   1.0276303E-04   4.9910562E-04   5.6604148E-04  -8.0401804E-05   1.5995651E-04  -1.7119713E-04  -1.8112905E-05   9.2283544E-05  -7.0585533E-08  -4.8899743E-09  -5.1765961E-07   2.2967551E-07   1.4374262E-07   1.2557434E-06   3.7469800E-07  -2.1781719E-09
 -2.5237392E-09   1.1364163E-08   9.6997503E-10  -6.6248534E-08  -2.0722447E-07  -6.2389421E-07  -1.3503503E-07  -8.2923791E-08  -5.1361109E-09   7.0019420E-04  -1.9469428E-06  -4.8068694E-05   7.2375694E-04   1.2026183E-04  -3.8265609E-04  -1.3250830E-03   1.1785657E-05  -4.2054527E-06  -3.9922373E-05   4.0057487E-04   9.2593355E-04   9.0732461E-08   4.4867021E-08   4.0238568E-07  -6.5095291E-08  -2.3281260E-07   1.5209156E-06  -2.1781719E-09   3.8244420E-07
