# omegabh2 omegach2 theta tau yhe logA ns calPlanck acib217 xi asz143 aps100 aps143 aps143217 aps217 aksz kgal100 kgal143 kgal143217 kgal217 galfTE100 galfTE100143 galfTE100217 galfTE143 galfTE143217 galfTE217 cal0 cal2
  1.9819617E-08  -5.5306062E-08   1.4319957E-08   1.8284279E-07   1.2867231E-07   3.7225274E-07   2.0682702E-07   1.5277962E-08  -5.6671259E-05   1.4901440E-06   1.6958784E-05  -3.5382347E-04  -1.4401090E-04  -3.3070195E-05   7.4428106E-06  -3.2579097E-05  -1.4597225E-06  -4.7518420E-06  -4.6787126E-06   5.5187391E-06  -7.2813247E-08  -4.5872808E-08  -5.2827977E-07  -1.3910258E-07  -5.0749517E-07  -2.6731444E-06   2.2997217E-09  -3.5876799E-10
 -5.5306062E-08   1.0073954E-06  -5.2470738E-08  -1.5934264E-06   1.6729497E-07  -7.5682786E-07  -2.2405414E-06  -4.3485727E-08   1.9864704E-04  -2.7432036E-06  -4.5770231E-05   1.2118439E-03   5.0999533E-04   2.1415662E-04   8.2657834E-05   3.1800968E-05  -3.1195933E-05  -3.2198180E-05  -2.2935032E-06  -2.0197770E-05   6.7680095E-07   4.4833502E-07   1.7691000E-06   1.0168395E-06   2.2440909E-06   1.2608898E-05  -6.7476929E-09   1.0564757E-08
  1.4319957E-08  -5.2470738E-08   9.8334857E-08   2.0093545E-07   4.0220123E-07   4.6819975E-07   3.8727900E-07   1.0106183E-08   4.8891888E-05  -2.2603199E-06  -1.9987043E-05   3.2916907E-04   9.1859218E-05  -1.7084034E-05  -2.8116579E-05   1.2435187E-05   6.4329497E-06   8.5775823E-06  -5.4646442E-06  -2.8810084E-05  -9.7329914E-08  -1.6561536E-07   3.6575307E-08  -2.9177735E-07  -9.7571133E-09  -2.7145175E-06   2.7007345E-09   5.1186601E-10
  1.8284279E-07  -1.5934264E-06   2.0093545E-07   6.2502296E-05   1.1521815E-06   1.2078831E-04   6.7384466E-06  -5.0894399E-07  -2.1946827E-03   3.1027333E-05   1.5113788E-04  -1.2515958E-02  -3.9858163E-03  -7.3144565E-04   9.9706660E-04  -6.1022963E-04   1.4240419E-04  -2.4950338E-04  -9.3073590E-04  -4.4396432E-04   1.0117162E-06   7.5553598E-07  -6.6096279E-06   1.3731489E-06   6.5535550E-06   1.0949634E-05  -9.7909536E-08  -2.6467482E-08
  1.2867231E-07   1.6729497E-07   4.0220123E-07   1.1521815E-06   1.3927468E-05   4.8435840E-06   5.6982493E-06  -3.3076772E-07   1.4751976E-03  -1.7972512E-05  -3.7289212E-05   5.2325059E-03   2.6956553E-03   1.5127168E-03  -1.5991021E-04   2.7079690E-04   1.2201380E-04   1.9577506E-04   2.6154198E-04  -3.8531845E-04  -1.2029653E-06   1.0718746E-06  -2.0698027E-06   2.7157481E-06  -1.3183865E-07   1.1396980E-05   3.0987879E-08   1.2604857E-08
  3.7225274E-07  -7.5682786E-07   4.6819975E-07   1.2078831E-04   4.8435840E-06   2.6708380E-04   8.2744822E-06   1.1000323E-05  -4.6162029E-03   7.0771678E-05   3.9289622E-04  -2.2189450E-02  -5.0947934E-03   2.2179955E-03   9.3543551E-03  -2.3838833E-03  -1.8700508E-04  -1.4098383E-03  -2.5696916E-03   3.2715045E-04   3.2846675E-06   3.0150801E-06  -1.2173666E-05   5.0392077E-06   1.7153850E-05   6.1589769E-05  -9.5152598E-08  -1.1253709E-07
  2.0682702E-07  -2.2405414E-06   3.8727900E-07   6.7384466E-06   5.6982493E-06   8.2744822E-06   1.6086719E-05   2.5002075E-07  -3.1403404E-03   9.8692135E-05   6.5729004E-04  -2.0110967E-02  -4.6841582E-03   1.9904161E-03   4.0117079E-03  -1.6784940E-03   4.0194668E-04  -2.3324920E-04  -4.3686102E-04   2.3982204E-04  -1.8265735E-06  -6.7039025E-07  -4.4215931E-06  -6.4015402E-07   6.9868684E-06  -2.5844474E-05  -1.6570636E-08  -1.1189985E-07
  1.5277962E-08  -4.3485727E-08   1.0106183E-08  -5.0894399E-07  -3.3076772E-07   1.1000323E-05   2.5002075E-07   6.0375121E-06   3.4946786E-04  -9.3380666E-06   8.1891926E-05   1.8725847E-03   5.1251918E-04   6.3221922E-04   1.9992431E-03  -2.1302243E-04  -2.0345998E-05  -1.5930272E-04  -1.8809907E-04   5.9640546E-04   1.2186901E-07   6.8654650E-07  -1.4359520E-06   4.5785535E-07   3.9078871E-07   1.0738071E-05  -1.3359028E-08  -3.8972909E-08
 -5.6671259E-05   1.9864704E-04   4.8891888E-05  -2.1946827E-03   1.4751976E-03  -4.6162029E-03  -3.1403404E-03   3.4946786E-04   4.3296364E+01  -3.7803244E-01  -1.1169962E+00   3.9606296E+01   1.6207500E+00  -1.3815348E+01  -5.4253726E+01   2.2364381E-01   2.3238223E-01   7.9512780E-01  -6.0284716E+00  -3.2826186E+01  -5.4068603E-03   3.1102125E-04  -3.5204882E-03   3.9550894E-03  -1.1355882E-02  -3.8520043E-04  -1.6047758E-04   6.5252223E-04
  1.4901440E-06  -2.7432036E-06  -2.2603199E-06   3.1027333E-05  -1.7972512E-05   7.0771678E-05   9.8692135E-05  -9.3380666E-06  -3.7803244E-01   8.1407549E-02  -2.8428682E-02  -7.7245723E-01   8.9128255E-01   1.7235581E+00   6.0538494E-01   3.5821707E-02  -1.4535449E-02   1.6174534E-03   1.1532336E-01   1.5162774E-01  -1.3472971E-04  -2.7377103E-04  -3.1055313E-04  -2.4976778E-04   5.1463130E-04   8.2966228E-04   2.4924927E-06   4.5967292E-06
  1.6958784E-05  -4.5770231E-05  -1.9987043E-05   1.5113788E-04  -3.7289212E-05   3.9289622E-04   6.5729004E-04   8.1891926E-05  -1.1169962E+00  -2.8428682E-02   3.7324910E+00  -2.9092353E+01  -2.9962493E+00   7.8685962E+00   5.7422338E+00  -2.6009476E+00  -2.2535428E-01   1.3272203E-01   2.6055261E+00   3.3592306E+00   1.0709261E-03   7.5039135E-04   1.3979119E-04  -7.3868978E-04   5.8691281E-05   2.1190577E-03   1.1691243E-04  -3.9912384E-05
 -3.5382347E-04   1.2118439E-03   3.2916907E-04  -1.2515958E-02   5.2325059E-03  -2.2189450E-02  -2.0110967E-02   1.8725847E-03   3.9606296E+01  -7.7245723E-01  -2.9092353E+01   7.7000408E+02   7.1385147E+01  -5.7222503E+01  -6.6446790E+01   1.3632770E+01  -4.4673284E+00   5.2291103E+00  -1.1381787E+01  -2.4736466E+01  -1.5881382E-02   2.6292080E-03   3.4143606E-03   1.2054217E-02  -3.1463430E-02   1.1280894E-02   3.9835185E-03   5.8832789E-04
 -1.4401090E-04   5.0999533E-04   9.1859218E-05  -3.9858163E-03   2.6956553E-03  -5.0947934E-03  -4.6841582E-03   5.1251918E-04   1.6207500E+00   8.9128255E-01  -2.9962493E+00   7.1385147E+01   6.3417709E+01   4.1139215E+01   1.5127899E+01  -5.4479629E+00  -4.8692382E-01  -1.4454062E+00   4.2609402E+00   5.8520498E+00  -5.5288100E-04  -6.5864704E-04  -7.2298611E-03  -7.9279408E-03   7.5137146E-03   5.6597461E-02   4.1145611E-05   1.4632789E-04
 -3.3070195E-05   2.1415662E-04  -1.7084034E-05  -7.3144565E-04   1.5127168E-03   2.2179955E-03   1.9904161E-03   6.3221922E-04  -1.3815348E+01   1.7235581E+00   7.8685962E+00  -5.7222503E+01   4.1139215E+01   8.7451438E+01   5.4421790E+01  -1.1875520E+01  -1.0127419E+00  -9.4091734E-01   5.5069763E+00   9.5630971E+00  -1.7049739E-03  -5.0035309E-03  -1.2509152E-02  -1.0545563E-02   2.1499585E-02   5.1483416E-02   4.2660303E-04  -2.5632477E-04
  7.4428106E-06   8.2657834E-05  -2.8116579E-05   9.9706660E-04  -1.5991021E-04   9.3543551E-03   4.0117079E-03   1.9992431E-03  -5.4253726E+01   6.0538494E-01   5.7422338E+00  -6.6446790E+01   1.5127899E+01   5.4421790E+01   1.0449145E+02  -9.6150517E+00  -7.6598044E-01  -1.8258053E+00   5.6937493E+00   3.3061611E+01   9.4457717E-03   1.9949456E-04  -2.6664818E-03  -9.6182360E-03   2.8385500E-02   1.7759498E-02   4.3123701E-04  -1.2802843E-03
 -3.2579097E-05   3.1800968E-05   1.2435187E-05  -6.1022963E-04   2.7079690E-04  -2.3838833E-03  -1.6784940E-03  -2.1302243E-04   2.2364381E-01   3.5821707E-02  -2.6009476E+00   1.3632770E+01  -5.4479629E+00  -1.1875520E+01  -9.6150517E+00   5.7550571E+00   1.0829511E-01  -7.9522096E-02  -2.1030583E+00  -2.5535337E+00  -2.0959763E-03  -9.8192370E-04   3.7979707E-03  -1.7802741E-04  -3.8003528E-03  -6.4039500E-04  -9.2725248E-05   3.8482390E-05
 -1.4597225E-06  -3.1195933E-05   6.4329497E-06   1.4240419E-04   1.2201380E-04  -1.8700508E-04   4.0194668E-04  -2.0345998E-05   2.3238223E-01  -1.4535449E-02  -2.2535428E-01  -4.4673284E+00  -4.8692382E-01  -1.0127419E+00  -7.6598044E-01   1.0829511E-01   3.3970530E+00   6.3785594E-01   1.7770565E-01   1.6472999E-01  -9.7592654E-05   1.2767450E-03   2.6997146E-03  -3.9995398E-04   1.7734159E-03  -7.5628178E-04   1.8236759E-04   1.9591706E-05
 -4.7518420E-06  -3.2198180E-05   8.5775823E-06  -2.4950338E-04   1.9577506E-04  -1.4098383E-03  -2.3324920E-04  -1.5930272E-04   7.9512780E-01   1.6174534E-03   1.3272203E-01   5.2291103E+00  -1.4454062E+00  -9.4091734E-01  -1.8258053E+00  -7.9522096E-02   6.3785594E-01   3.1329754E+00   2.5491307E+00   2.3944530E+00   4.8084675E-05  -8.4387720E-04  -6.0262900E-04  -4.6561910E-04   1.6360647E-04   7.5570639E-03  -1.6772486E-04  -2.1082124E-05
 -4.6787126E-06  -2.2935032E-06  -5.4646442E-06  -9.3073590E-04   2.6154198E-04  -2.5696916E-03  -4.3686102E-04  -1.8809907E-04  -6.0284716E+00   1.1532336E-01   2.6055261E+00  -1.1381787E+01   4.2609402E+00   5.5069763E+00   5.6937493E+00  -2.1030583E+00   1.7770565E-01   2.5491307E+00   1.0888986E+01   1.9563584E+01   4.0428481E-03   1.2958087E-03  -2.7459921E-04  -1.9831790E-03   3.0602357E-03   1.5086565E-02  -2.2641095E-05   4.4081237E-04
  5.5187391E-06  -2.0197770E-05  -2.8810084E-05  -4.4396432E-04  -3.8531845E-04   3.2715045E-04   2.3982204E-04   5.9640546E-04  -3.2826186E+01   1.5162774E-01   3.3592306E+00  -2.4736466E+01   5.8520498E+00   9.5630971E+00   3.3061611E+01  -2.5535337E+00   1.6472999E-01   2.3944530E+00   1.9563584E+01   5.3712780E+01   9.4677688E-03   3.4420754E-03   7.1986803E-03  -2.9944045E-03   7.0492250E-03   3.0143654E-02   3.1168488E-05   9.7608647E-04
 -7.2813247E-08   6.7680095E-07  -9.7329914E-08   1.0117162E-06  -1.2029653E-06   3.2846675E-06  -1.8265735E-06   1.2186901E-07  -5.4068603E-03  -1.3472971E-04   1.0709261E-03  -1.5881382E-02  -5.5288100E-04  -1.7049739E-03   9.4457717E-03  -2.0959763E-03  -9.7592654E-05   4.8084675E-05   4.0428481E-03   9.4677688E-03   1.3996918E-03   2.6994253E-04   5.0337479E-05  -3.3667030E-04  -6.3221802E-05  -9.6944915E-05   1.8542394E-07   3.9510764E-07
 -4.5872808E-08   4.4833502E-07  -1.6561536E-07   7.5553598E-07   1.0718746E-06   3.0150801E-06  -6.7039025E-07   6.8654650E-07   3.1102125E-04  -2.7377103E-04   7.5039135E-04   2.6292080E-03  -6.5864704E-04  -5.0035309E-03   1.9949456E-04  -9.8192370E-04   1.2767450E-03  -8.4387720E-04   1.2958087E-03   3.4420754E-03   2.6994253E-04   8.5851652E-04   4.3176080E-05   7.0816305E-04   6.9150495E-05  -8.1919445E-04   2.2546673E-07  -1.0028145E-07
 -5.2827977E-07   1.7691000E-06   3.6575307E-08  -6.6096279E-06  -2.0698027E-06  -1.2173666E-05  -4.4215931E-06  -1.4359520E-06  -3.5204882E-03  -3.1055313E-04   1.3979119E-04   3.4143606E-03  -7.2298611E-03  -1.2509152E-02  -2.6664818E-03   3.7979707E-03   2.6997146E-03  -6.0262900E-04  -2.7459921E-04   7.1986803E-03   5.0337479E-05   4.3176080E-05   7.5051171E-03  -2.3773513E-04   6.5975567E-04   4.4815484E-03   6.4182750E-07   5.6919757E-07
 -1.3910258E-07   1.0168395E-06  -2.9177735E-07   1.3731489E-06   2.7157481E-06   5.0392077E-06  -6.4015402E-07   4.5785535E-07   3.9550894E-03  -2.4976778E-04  -7.3868978E-04   1.2054217E-02  -7.9279408E-03  -1.0545563E-02  -9.6182360E-03  -1.7802741E-04  -3.9995398E-04  -4.6561910E-04  -1.9831790E-03  -2.9944045E-03  -3.3667030E-04   7.0816305E-04  -2.3773513E-04   2.8454392E-03   5.7655613E-04  -9.8211520E-04   8.3108935E-07  -4.5887608E-07
 -5.0749517E-07   2.2440909E-06  -9.7571133E-09   6.5535550E-06  -1.3183865E-07   1.7153850E-05   6.9868684E-06   3.9078871E-07  -1.1355882E-02   5.1463130E-04   5.8691281E-05  -3.1463430E-02   7.5137146E-03   2.1499585E-02   2.8385500E-02  -3.8003528E-03   1.7734159E-03   1.6360647E-04   3.0602357E-03   7.0492250E-03  -6.3221802E-05   6.9150495E-05   6.5975567E-04   5.7655613E-04   6.4957203E-03   8.3356851E-03   2.6935839E-07  -6.5308108E-07
 -2.6731444E-06   1.2608898E-05  -2.7145175E-06   1.0949634E-05   1.1396980E-05   6.1589769E-05  -2.5844474E-05   1.0738071E-05  -3.8520043E-04   8.2966228E-04   2.1190577E-03   1.1280894E-02   5.6597461E-02   5.1483416E-02   1.7759498E-02  -6.4039500E-04  -7.5628178E-04   7.5570639E-03   1.5086565E-02   3.0143654E-02  -9.6944915E-05  -8.1919445E-04   4.4815484E-03  -9.8211520E-04   8.3356851E-03   7.2535874E-02  -4.3665373E-06   1.9139530E-06
  2.2997217E-09  -6.7476929E-09   2.7007345E-09  -9.7909536E-08   3.0987879E-08  -9.5152598E-08  -1.6570636E-08  -1.3359028E-08  -1.6047758E-04   2.4924927E-06   1.1691243E-04   3.9835185E-03   4.1145611E-05   4.2660303E-04   4.3123701E-04  -9.2725248E-05   1.8236759E-04  -1.6772486E-04  -2.2641095E-05   3.1168488E-05   1.8542394E-07   2.2546673E-07   6.4182750E-07   8.3108935E-07   2.6935839E-07  -4.3665373E-06   3.8050678E-07   2.7644383E-09
 -3.5876799E-10   1.0564757E-08   5.1186601E-10  -2.6467482E-08   1.2604857E-08  -1.1253709E-07  -1.1189985E-07  -3.8972909E-08   6.5252223E-04   4.5967292E-06  -3.9912384E-05   5.8832789E-04   1.4632789E-04  -2.5632477E-04  -1.2802843E-03   3.8482390E-05   1.9591706E-05  -2.1082124E-05   4.4081237E-04   9.7608647E-04   3.9510764E-07  -1.0028145E-07   5.6919757E-07  -4.5887608E-07  -6.5308108E-07   1.9139530E-06   2.7644383E-09   3.8236715E-07
