# omegabh2 omegach2 theta tau logA ns calPlanck acib217 xi asz143 aps100 aps143 aps143217 aps217 aksz kgal100 kgal143 kgal143217 kgal217 galfEE100 galfEE100143 galfEE100217 galfEE143 galfEE143217 galfEE217 galfTE100 galfTE100143 galfTE100217 galfTE143 galfTE143217 galfTE217 cal0 cal2
    0.1940902E-07   -0.6968418E-07    0.1282162E-07    0.4796998E-06    0.8843697E-06    0.2051733E-06    0.8676900E-08   -0.1121400E-03    0.2681455E-05    0.2368192E-04   -0.3900914E-03   -0.1966570E-03   -0.4225386E-05    0.7527658E-04   -0.3540537E-04   -0.6594157E-05   -0.1127141E-04   -0.2219902E-04   -0.5155001E-05    0.3518564E-07    0.2917215E-07    0.5582749E-07    0.4367582E-07   -0.8295814E-08    0.3417741E-06    0.3779299E-08    0.8567792E-08   -0.1245604E-06   -0.2354780E-06   -0.5717471E-06   -0.2504682E-05    0.4985872E-08   -0.1112763E-07
   -0.6968418E-07    0.1104212E-05   -0.6298938E-07   -0.6977293E-05   -0.1139253E-04   -0.2773026E-05   -0.6983757E-07    0.3023046E-03   -0.7672696E-05   -0.7870574E-04    0.1584745E-02    0.9243176E-03    0.2810640E-03    0.4208802E-04    0.7839792E-04    0.4278771E-04    0.3280923E-04    0.1122760E-03    0.1220815E-03   -0.4001103E-06   -0.4467484E-06    0.1429170E-06   -0.5293796E-06    0.5017730E-07   -0.7977941E-06    0.4068379E-06    0.2490755E-06    0.4094439E-06    0.1290736E-05    0.3953259E-05    0.9180411E-05   -0.4309778E-08    0.4810757E-07
    0.1282162E-07   -0.6298938E-07    0.8950385E-07    0.8725319E-06    0.1704095E-05    0.2830998E-06    0.5549978E-08   -0.3038278E-04    0.3809418E-06    0.4158462E-05   -0.1212085E-03   -0.6107398E-04   -0.1780479E-04    0.1259735E-04   -0.7168384E-05   -0.8675620E-06   -0.1249572E-04   -0.2480121E-04   -0.1669697E-04   -0.5969761E-08    0.2787950E-08    0.5061242E-07    0.4793839E-07   -0.2588148E-06   -0.4049078E-06    0.6242604E-07    0.2482248E-06    0.1643589E-06   -0.9017901E-08   -0.7354435E-06   -0.3968933E-05    0.2296042E-08   -0.3154504E-08
    0.4796998E-06   -0.6977293E-05    0.8725319E-06    0.1491249E-03    0.2711974E-03    0.2401284E-04   -0.3899340E-05   -0.5176546E-02    0.8326319E-04    0.1189707E-02   -0.2522106E-01   -0.1099247E-01   -0.2130998E-02    0.1073103E-02   -0.1806208E-02   -0.2951029E-03   -0.4587776E-03   -0.1964030E-02   -0.2503470E-02    0.1930741E-05    0.2632807E-05   -0.7655097E-07    0.1884336E-05   -0.1681604E-04   -0.1367702E-04   -0.2579059E-05   -0.4827565E-05   -0.2019507E-04   -0.1779982E-04   -0.3883223E-04   -0.9833992E-04   -0.1622548E-06   -0.8303043E-06
    0.8843697E-06   -0.1139253E-04    0.1704095E-05    0.2711974E-03    0.5214755E-03    0.3987867E-04    0.3901878E-05   -0.9942711E-02    0.2156313E-03    0.2270082E-02   -0.4225394E-01   -0.1748867E-01    0.5708707E-03    0.8480523E-02   -0.4346424E-02   -0.6906547E-03   -0.1186026E-02   -0.3991531E-02   -0.3176993E-02    0.3920138E-05    0.4695780E-05    0.1585776E-05    0.3581661E-05   -0.3171511E-04   -0.3109573E-04   -0.2557271E-05   -0.8410025E-05   -0.3902533E-04   -0.2849745E-04   -0.6898148E-04   -0.1706385E-03   -0.1408686E-06   -0.1770116E-05
    0.2051733E-06   -0.2773026E-05    0.2830998E-06    0.2401284E-04    0.3987867E-04    0.1643874E-04    0.1393041E-06   -0.4764325E-02    0.1129294E-03    0.1041353E-02   -0.2443834E-01   -0.6791127E-02    0.2386793E-02    0.5541122E-02   -0.2360918E-02    0.4410492E-04   -0.3814827E-03   -0.1040669E-02   -0.2318528E-03    0.2031058E-05    0.2527538E-05    0.1042208E-05    0.2555035E-05   -0.1611520E-05   -0.2082263E-05   -0.3841379E-05   -0.3648825E-06   -0.1230731E-05   -0.1767001E-05   -0.1065496E-04   -0.1612359E-04   -0.1624600E-06   -0.4836757E-06
    0.8676900E-08   -0.6983757E-07    0.5549978E-08   -0.3899340E-05    0.3901878E-05    0.1393041E-06    0.5855227E-05    0.6266701E-03    0.1156186E-05    0.2866309E-04    0.3525296E-02    0.8110056E-03    0.7832616E-03    0.1488638E-02   -0.9430194E-04    0.1328054E-05    0.3847778E-04    0.4825549E-05    0.7595429E-03    0.7640555E-06    0.5598183E-06    0.7993341E-06    0.8653511E-06    0.1781975E-05   -0.2567319E-06    0.3484911E-06   -0.4341002E-06    0.1107221E-05    0.1948858E-05    0.7470122E-06    0.9785470E-05   -0.1651646E-07   -0.6679831E-07
   -0.1121400E-03    0.3023046E-03   -0.3038278E-04   -0.5176546E-02   -0.9942711E-02   -0.4764325E-02    0.6266701E-03    0.4304239E+02   -0.5087174E+00   -0.1704849E+01    0.4289269E+02   -0.6632525E+00   -0.2269013E+02   -0.6141783E+02    0.2733792E+00    0.1699819E+00    0.8638772E-01   -0.2212531E+01   -0.1858693E+02    0.3077456E-03   -0.2824135E-03   -0.2580737E-02   -0.6035209E-03   -0.1008319E-02    0.1553833E-02    0.7840194E-03    0.1051301E-02    0.2099824E-02    0.2579707E-02    0.3009636E-02    0.4899458E-02   -0.2618952E-03    0.4291732E-02
    0.2681455E-05   -0.7672696E-05    0.3809418E-06    0.8326319E-04    0.2156313E-03    0.1129294E-03    0.1156186E-05   -0.5087174E+00    0.8168038E-01   -0.6771542E-01   -0.4605138E+00    0.1039538E+01    0.1965849E+01    0.8171560E+00    0.6970632E-01   -0.9663610E-02   -0.1331338E-02    0.7274749E-01    0.5588096E-01    0.1380217E-04    0.4680974E-05   -0.1065911E-03    0.5959618E-05   -0.1662767E-03    0.1217361E-03   -0.5545076E-05   -0.4376959E-05    0.9418835E-04   -0.1885616E-03   -0.1201232E-03   -0.1621172E-02    0.1171617E-04   -0.2575624E-04
    0.2368192E-04   -0.7870574E-04    0.4158462E-05    0.1189707E-02    0.2270082E-02    0.1041353E-02    0.2866309E-04   -0.1704849E+01   -0.6771542E-01    0.3553343E+01   -0.2838328E+02   -0.3714095E+01    0.7514954E+01    0.6945111E+01   -0.2515226E+01   -0.1512304E+00    0.6436116E-01    0.2104162E+01    0.1899422E+01    0.2095364E-03    0.2778538E-03   -0.7318390E-03    0.2836556E-03   -0.1212203E-03   -0.1311545E-02   -0.1084764E-03   -0.7185876E-03   -0.6054178E-04   -0.4603469E-03    0.2632633E-02    0.9212930E-02    0.1471905E-03   -0.3655378E-03
   -0.3900914E-03    0.1584745E-02   -0.1212085E-03   -0.2522106E-01   -0.4225394E-01   -0.2443834E-01    0.3525296E-02    0.4289269E+02   -0.4605138E+00   -0.2838328E+02    0.7852751E+03    0.6917852E+02   -0.5882123E+02   -0.7322928E+02    0.1156309E+02   -0.3996312E+01    0.3465186E+01   -0.1070628E+02   -0.1741230E+02   -0.2021689E-02   -0.3494724E-02    0.1965941E-02   -0.1543889E-02    0.9628211E-02    0.7113838E-01    0.2798624E-02   -0.1529789E-01    0.6980811E-02   -0.1212050E-02   -0.5622291E-02    0.8163526E-01    0.6529951E-02    0.3470601E-02
   -0.1966570E-03    0.9243176E-03   -0.6107398E-04   -0.1099247E-01   -0.1748867E-01   -0.6791127E-02    0.8110056E-03   -0.6632525E+00    0.1039538E+01   -0.3714095E+01    0.6917852E+02    0.6037184E+02    0.4540467E+02    0.1898265E+02   -0.4466604E+01   -0.2803225E+00   -0.1135750E+01    0.3200552E+01    0.3222684E+01   -0.1030965E-02   -0.1174657E-02   -0.4858641E-02   -0.7591552E-03   -0.4537141E-02    0.1274296E-01   -0.6614393E-02   -0.2362598E-02   -0.1579439E-02    0.9287320E-03    0.1108208E-02   -0.3155395E-01    0.2891929E-03    0.3752287E-04
   -0.4225386E-05    0.2810640E-03   -0.1780479E-04   -0.2130998E-02    0.5708707E-03    0.2386793E-02    0.7832616E-03   -0.2269013E+02    0.1965849E+01    0.7514954E+01   -0.5882123E+02    0.4540467E+02    0.1018935E+03    0.7031122E+02   -0.1160945E+02   -0.6113574E+00   -0.5339604E+00    0.3490479E+01    0.3585286E+01    0.3536496E-03    0.1690100E-03   -0.6986626E-02    0.5359077E-04   -0.4999355E-02    0.3911159E-02   -0.4979626E-02   -0.4300635E-02    0.6555655E-02   -0.2901750E-02    0.4273874E-02   -0.3068032E-01    0.8767391E-03   -0.2900020E-02
    0.7527658E-04    0.4208802E-04    0.1259735E-04    0.1073103E-02    0.8480523E-02    0.5541122E-02    0.1488638E-02   -0.6141783E+02    0.8171560E+00    0.6945111E+01   -0.7322928E+02    0.1898265E+02    0.7031122E+02    0.1243911E+03   -0.1027689E+02   -0.4069518E+00   -0.3164657E+00   -0.3766960E+00    0.1476731E+02   -0.2779026E-03    0.5568918E-04    0.1855281E-02    0.9086797E-03   -0.9817695E-03   -0.1054496E-01   -0.4111393E-02   -0.4244747E-02   -0.1867216E-02   -0.3502017E-02   -0.1963739E-02   -0.1265518E-01    0.7069907E-03   -0.7789357E-02
   -0.3540537E-04    0.7839792E-04   -0.7168384E-05   -0.1806208E-02   -0.4346424E-02   -0.2360918E-02   -0.9430194E-04    0.2733792E+00    0.6970632E-01   -0.2515226E+01    0.1156309E+02   -0.4466604E+01   -0.1160945E+02   -0.1027689E+02    0.5824627E+01    0.7189125E-01   -0.9362137E-01   -0.1660360E+01   -0.1284633E+01   -0.2004678E-03   -0.2648310E-03    0.5382314E-03   -0.1636940E-03    0.1383814E-02   -0.5723489E-03    0.1467914E-02   -0.3306260E-04    0.2190227E-02   -0.1310024E-02   -0.1673531E-02   -0.8122167E-02   -0.1136586E-03    0.1775496E-03
   -0.6594157E-05    0.4278771E-04   -0.8675620E-06   -0.2951029E-03   -0.6906547E-03    0.4410492E-04    0.1328054E-05    0.1699819E+00   -0.9663610E-02   -0.1512304E+00   -0.3996312E+01   -0.2803225E+00   -0.6113574E+00   -0.4069518E+00    0.7189125E-01    0.3508470E+01    0.3987291E+00    0.1234408E+00    0.2192616E+00   -0.4166761E-04   -0.5886369E-04   -0.6286313E-04   -0.9175344E-04    0.1814464E-02   -0.5531502E-02   -0.1457088E-02    0.3973126E-03    0.7697631E-03    0.2676912E-03   -0.7352235E-03    0.4652811E-03    0.2873374E-03    0.7062339E-04
   -0.1127141E-04    0.3280923E-04   -0.1249572E-04   -0.4587776E-03   -0.1186026E-02   -0.3814827E-03    0.3847778E-04    0.8638772E-01   -0.1331338E-02    0.6436116E-01    0.3465186E+01   -0.1135750E+01   -0.5339604E+00   -0.3164657E+00   -0.9362137E-01    0.3987291E+00    0.3354176E+01    0.2639324E+01    0.1919172E+01    0.6138899E-04    0.9679119E-04    0.7679057E-04    0.2597162E-04    0.2520881E-02    0.3324166E-02    0.5354432E-03   -0.1160422E-03    0.2073589E-02    0.1370197E-02    0.2155680E-02    0.1225638E-01   -0.2716560E-03   -0.1828363E-03
   -0.2219902E-04    0.1122760E-03   -0.2480121E-04   -0.1964030E-02   -0.3991531E-02   -0.1040669E-02    0.4825549E-05   -0.2212531E+01    0.7274749E-01    0.2104162E+01   -0.1070628E+02    0.3200552E+01    0.3490479E+01   -0.3766960E+00   -0.1660360E+01    0.1234408E+00    0.2639324E+01    0.1682694E+02    0.2560481E+02   -0.3865215E-03    0.5773444E-04   -0.1134123E-02    0.1559488E-03    0.1725353E-02    0.8632990E-02    0.6468032E-03    0.8978520E-03   -0.7573277E-02    0.2566865E-02    0.8369470E-02    0.3559947E-01   -0.3368097E-04    0.2503138E-02
   -0.5155001E-05    0.1220815E-03   -0.1669697E-04   -0.2503470E-02   -0.3176993E-02   -0.2318528E-03    0.7595429E-03   -0.1858693E+02    0.5588096E-01    0.1899422E+01   -0.1741230E+02    0.3222684E+01    0.3585286E+01    0.1476731E+02   -0.1284633E+01    0.2192616E+00    0.1919172E+01    0.2560481E+02    0.5482240E+02   -0.6400049E-03    0.2396982E-04   -0.6165347E-03   -0.1023375E-03    0.2518771E-02    0.1710943E-01    0.9313996E-03    0.2164928E-02   -0.8417825E-02    0.5652906E-02    0.8883652E-02    0.4853837E-01   -0.4957893E-05    0.4536965E-02
    0.3518564E-07   -0.4001103E-06   -0.5969761E-08    0.1930741E-05    0.3920138E-05    0.2031058E-05    0.7640555E-06    0.3077456E-03    0.1380217E-04    0.2095364E-03   -0.2021689E-02   -0.1030965E-02    0.3536496E-03   -0.2779026E-03   -0.2004678E-03   -0.4166761E-04    0.6138899E-04   -0.3865215E-03   -0.6400049E-03    0.3222467E-04    0.9123220E-05   -0.1485652E-05    0.2413872E-05    0.6615158E-06   -0.2541812E-05   -0.1390217E-05    0.1110406E-05   -0.1271455E-05    0.4049205E-05    0.8370519E-05    0.1386406E-04    0.8253134E-08    0.1606841E-07
    0.2917215E-07   -0.4467484E-06    0.2787950E-08    0.2632807E-05    0.4695780E-05    0.2527538E-05    0.5598183E-06   -0.2824135E-03    0.4680974E-05    0.2778538E-03   -0.3494724E-02   -0.1174657E-02    0.1690100E-03    0.5568918E-04   -0.2648310E-03   -0.5886369E-04    0.9679119E-04    0.5773444E-04    0.2396982E-04    0.9123220E-05    0.2487521E-04   -0.2676962E-06    0.1204833E-04   -0.2745081E-05    0.6729649E-05   -0.1330408E-05   -0.2785882E-06    0.2642331E-05    0.1478433E-05    0.9865316E-05    0.5656526E-05   -0.9160297E-07   -0.1082562E-06
    0.5582749E-07    0.1429170E-06    0.5061242E-07   -0.7655097E-07    0.1585776E-05    0.1042208E-05    0.7993341E-06   -0.2580737E-02   -0.1065911E-03   -0.7318390E-03    0.1965941E-02   -0.4858641E-02   -0.6986626E-02    0.1855281E-02    0.5382314E-03   -0.6286313E-04    0.7679057E-04   -0.1134123E-02   -0.6165347E-03   -0.1485652E-05   -0.2676962E-06    0.1046716E-02   -0.3840804E-06    0.3951526E-04    0.5902197E-04   -0.2166456E-04   -0.2412870E-04   -0.1379318E-04    0.1539615E-05    0.3330182E-05    0.7449423E-05   -0.8534592E-07   -0.2979868E-06
    0.4367582E-07   -0.5293796E-06    0.4793839E-07    0.1884336E-05    0.3581661E-05    0.2555035E-05    0.8653511E-06   -0.6035209E-03    0.5959618E-05    0.2836556E-03   -0.1543889E-02   -0.7591552E-03    0.5359077E-04    0.9086797E-03   -0.1636940E-03   -0.9175344E-04    0.2597162E-04    0.1559488E-03   -0.1023375E-03    0.2413872E-05    0.1204833E-04   -0.3840804E-06    0.4709308E-04    0.1497442E-05    0.6441748E-05   -0.8821600E-06   -0.8515997E-06    0.3087731E-05   -0.1229846E-04    0.8299112E-05    0.1270024E-04   -0.7777457E-07   -0.2434051E-06
   -0.8295814E-08    0.5017730E-07   -0.2588148E-06   -0.1681604E-04   -0.3171511E-04   -0.1611520E-05    0.1781975E-05   -0.1008319E-02   -0.1662767E-03   -0.1212203E-03    0.9628211E-02   -0.4537141E-02   -0.4999355E-02   -0.9817695E-03    0.1383814E-02    0.1814464E-02    0.2520881E-02    0.1725353E-02    0.2518771E-02    0.6615158E-06   -0.2745081E-05    0.3951526E-04    0.1497442E-05    0.2153008E-02   -0.7867573E-04    0.1838443E-04   -0.6302922E-06    0.2380878E-04   -0.1150187E-05   -0.7588355E-04   -0.1870749E-03   -0.3554586E-06   -0.1190077E-05
    0.3417741E-06   -0.7977941E-06   -0.4049078E-06   -0.1367702E-04   -0.3109573E-04   -0.2082263E-05   -0.2567319E-06    0.1553833E-02    0.1217361E-03   -0.1311545E-02    0.7113838E-01    0.1274296E-01    0.3911159E-02   -0.1054496E-01   -0.5723489E-03   -0.5531502E-02    0.3324166E-02    0.8632990E-02    0.1710943E-01   -0.2541812E-05    0.6729649E-05    0.5902197E-04    0.6441748E-05   -0.7867573E-04    0.1649549E-01    0.4487164E-04   -0.1070147E-04   -0.9456222E-04   -0.6586386E-04   -0.1131840E-03    0.4650803E-03    0.4475149E-06    0.3486469E-05
    0.3779299E-08    0.4068379E-06    0.6242604E-07   -0.2579059E-05   -0.2557271E-05   -0.3841379E-05    0.3484911E-06    0.7840194E-03   -0.5545076E-05   -0.1084764E-03    0.2798624E-02   -0.6614393E-02   -0.4979626E-02   -0.4111393E-02    0.1467914E-02   -0.1457088E-02    0.5354432E-03    0.6468032E-03    0.9313996E-03   -0.1390217E-05   -0.1330408E-05   -0.2166456E-04   -0.8821600E-06    0.1838443E-04    0.4487164E-04    0.1423763E-02    0.2715791E-03    0.5146467E-04   -0.4395126E-03   -0.7821005E-04   -0.1373641E-03    0.1008782E-06   -0.3514785E-07
    0.8567792E-08    0.2490755E-06    0.2482248E-06   -0.4827565E-05   -0.8410025E-05   -0.3648825E-06   -0.4341002E-06    0.1051301E-02   -0.4376959E-05   -0.7185876E-03   -0.1529789E-01   -0.2362598E-02   -0.4300635E-02   -0.4244747E-02   -0.3306260E-04    0.3973126E-03   -0.1160422E-03    0.8978520E-03    0.2164928E-02    0.1110406E-05   -0.2785882E-06   -0.2412870E-04   -0.8515997E-06   -0.6302922E-06   -0.1070147E-04    0.2715791E-03    0.8345270E-03    0.2524602E-04    0.7035510E-03    0.4149412E-04   -0.6809746E-03   -0.4289678E-06    0.1409055E-06
   -0.1245604E-06    0.4094439E-06    0.1643589E-06   -0.2019507E-04   -0.3902533E-04   -0.1230731E-05    0.1107221E-05    0.2099824E-02    0.9418835E-04   -0.6054178E-04    0.6980811E-02   -0.1579439E-02    0.6555655E-02   -0.1867216E-02    0.2190227E-02    0.7697631E-03    0.2073589E-02   -0.7573277E-02   -0.8417825E-02   -0.1271455E-05    0.2642331E-05   -0.1379318E-04    0.3087731E-05    0.2380878E-04   -0.9456222E-04    0.5146467E-04    0.2524602E-04    0.7155070E-02   -0.2586797E-03    0.7322329E-03    0.4480775E-02   -0.3128913E-06   -0.5959520E-06
   -0.2354780E-06    0.1290736E-05   -0.9017901E-08   -0.1779982E-04   -0.2849745E-04   -0.1767001E-05    0.1948858E-05    0.2579707E-02   -0.1885616E-03   -0.4603469E-03   -0.1212050E-02    0.9287320E-03   -0.2901750E-02   -0.3502017E-02   -0.1310024E-02    0.2676912E-03    0.1370197E-02    0.2566865E-02    0.5652906E-02    0.4049205E-05    0.1478433E-05    0.1539615E-05   -0.1229846E-04   -0.1150187E-05   -0.6586386E-04   -0.4395126E-03    0.7035510E-03   -0.2586797E-03    0.2850026E-02    0.5587101E-03   -0.7322608E-03   -0.5068148E-06   -0.9119593E-07
   -0.5717471E-06    0.3953259E-05   -0.7354435E-06   -0.3883223E-04   -0.6898148E-04   -0.1065496E-04    0.7470122E-06    0.3009636E-02   -0.1201232E-03    0.2632633E-02   -0.5622291E-02    0.1108208E-02    0.4273874E-02   -0.1963739E-02   -0.1673531E-02   -0.7352235E-03    0.2155680E-02    0.8369470E-02    0.8883652E-02    0.8370519E-05    0.9865316E-05    0.3330182E-05    0.8299112E-05   -0.7588355E-04   -0.1131840E-03   -0.7821005E-04    0.4149412E-04    0.7322329E-03    0.5587101E-03    0.6399087E-02    0.7668527E-02    0.1260651E-05    0.2728421E-06
   -0.2504682E-05    0.9180411E-05   -0.3968933E-05   -0.9833992E-04   -0.1706385E-03   -0.1612359E-04    0.9785470E-05    0.4899458E-02   -0.1621172E-02    0.9212930E-02    0.8163526E-01   -0.3155395E-01   -0.3068032E-01   -0.1265518E-01   -0.8122167E-02    0.4652811E-03    0.1225638E-01    0.3559947E-01    0.4853837E-01    0.1386406E-04    0.5656526E-05    0.7449423E-05    0.1270024E-04   -0.1870749E-03    0.4650803E-03   -0.1373641E-03   -0.6809746E-03    0.4480775E-02   -0.7322608E-03    0.7668527E-02    0.6499475E-01    0.3393727E-05   -0.2041419E-05
    0.4985872E-08   -0.4309778E-08    0.2296042E-08   -0.1622548E-06   -0.1408686E-06   -0.1624600E-06   -0.1651646E-07   -0.2618952E-03    0.1171617E-04    0.1471905E-03    0.6529951E-02    0.2891929E-03    0.8767391E-03    0.7069907E-03   -0.1136586E-03    0.2873374E-03   -0.2716560E-03   -0.3368097E-04   -0.4957893E-05    0.8253134E-08   -0.9160297E-07   -0.8534592E-07   -0.7777457E-07   -0.3554586E-06    0.4475149E-06    0.1008782E-06   -0.4289678E-06   -0.3128913E-06   -0.5068148E-06    0.1260651E-05    0.3393727E-05    0.5985790E-06   -0.3005311E-07
   -0.1112763E-07    0.4810757E-07   -0.3154504E-08   -0.8303043E-06   -0.1770116E-05   -0.4836757E-06   -0.6679831E-07    0.4291732E-02   -0.2575624E-04   -0.3655378E-03    0.3470601E-02    0.3752287E-04   -0.2900020E-02   -0.7789357E-02    0.1775496E-03    0.7062339E-04   -0.1828363E-03    0.2503138E-02    0.4536965E-02    0.1606841E-07   -0.1082562E-06   -0.2979868E-06   -0.2434051E-06   -0.1190077E-05    0.3486469E-05   -0.3514785E-07    0.1409055E-06   -0.5959520E-06   -0.9119593E-07    0.2728421E-06   -0.2041419E-05   -0.3005311E-07    0.2061458E-05
