# omegabh2 omegach2 theta tau w logA ns calPlanck acib217 xi asz143 aps100 aps143 aps143217 aps217 aksz kgal100 kgal143 kgal143217 kgal217 cal0 cal2
  3.8631316E-08  -8.8491786E-08   2.6333569E-08   4.0259288E-07   2.9261183E-06   7.5640052E-07   3.4819013E-07   2.7488632E-08  -1.5275494E-04   1.6904885E-06   3.7307760E-05  -6.8105681E-04  -4.6275501E-04  -1.7334553E-04  -9.8376749E-06  -5.9525723E-05   2.8507216E-06  -4.8487525E-06  -1.3420595E-05   3.4215651E-05   1.3996187E-09  -2.9550066E-09
 -8.8491786E-08   1.8349848E-06  -1.3287842E-07  -5.0040517E-06  -4.5736513E-05  -6.5082633E-06  -4.1069262E-06  -3.3644767E-07   3.1419997E-04  -2.9810695E-06  -1.8845626E-06   4.3669274E-04   7.8227865E-04   4.8925789E-04  -5.9353958E-05   1.1589478E-04   2.5168902E-05   8.6321251E-05   4.5693168E-05  -1.0463660E-04  -3.2222328E-08  -8.6359574E-09
  2.6333569E-08  -1.3287842E-07   1.8044989E-07   5.9625274E-07   6.7400773E-06   1.1568145E-06   5.1482869E-07   2.7618023E-08  -1.5400742E-05  -1.9368465E-06   8.9768566E-06  -1.0941045E-04  -1.5880731E-04  -6.0886771E-05   4.9646821E-05  -1.6868801E-05   3.8924637E-06  -8.1638010E-07  -3.2830647E-05  -6.4823283E-05   7.3119561E-09   1.6114438E-09
  4.0259288E-07  -5.0040517E-06   5.9625274E-07   6.1037971E-05   1.4656912E-04   1.0844685E-04   1.4427473E-05  -6.3650013E-07  -2.0152709E-03  -6.2419326E-05   6.1267253E-04  -1.3269831E-02  -7.2810161E-03  -4.1647296E-03  -7.6290333E-04  -1.0054458E-03   1.1242185E-05  -2.5079720E-04  -1.1889424E-04   6.9364944E-04  -5.5133490E-09   3.1707589E-08
  2.9261183E-06  -4.5736513E-05   6.7400773E-06   1.4656912E-04   3.2822427E-03   2.2114876E-04   1.0810388E-04   1.2738091E-05  -1.3456027E-02   2.9266696E-04   3.4361737E-04  -1.8706701E-02  -1.8039698E-02  -6.1371861E-03   1.3432383E-02  -5.3724758E-03  -1.9726988E-03  -2.9551757E-03   4.2446686E-04   7.7466704E-03   5.9603456E-07  -2.1746873E-07
  7.5640052E-07  -6.5082633E-06   1.1568145E-06   1.0844685E-04   2.2114876E-04   2.2356651E-04   1.9540762E-05   9.8514100E-06  -3.8128055E-03  -8.1058708E-05   1.3005496E-03  -2.2471432E-02  -1.2253705E-02  -4.7319165E-03   4.4295488E-03  -2.4990343E-03  -1.5680559E-04  -1.1810566E-03  -1.0319120E-03   1.8591117E-03   1.1190861E-07   3.7618648E-08
  3.4819013E-07  -4.1069262E-06   5.1482869E-07   1.4427473E-05   1.0810388E-04   1.9540762E-05   1.9931636E-05   8.4011130E-07  -5.0164958E-03   8.8483109E-05   1.0449769E-03  -2.5732241E-02  -8.4106062E-03   5.3512470E-04   5.1347022E-03  -2.6784676E-03   3.5073543E-04  -4.8788308E-04  -2.7983641E-04   1.6765625E-03  -4.1848494E-08  -1.8097248E-08
  2.7488632E-08  -3.3644767E-07   2.7618023E-08  -6.3650013E-07   1.2738091E-05   9.8514100E-06   8.4011130E-07   5.9365956E-06   6.2449718E-04   3.1045797E-06   6.4231577E-05   3.6336419E-03   2.3450141E-04   3.9952964E-04   1.3584181E-03   2.5944170E-06   6.7499806E-05  -1.0240764E-04  -6.7534925E-05   5.7932750E-04   1.6315382E-08   1.7920107E-08
 -1.5275494E-04   3.1419997E-04  -1.5400742E-05  -2.0152709E-03  -1.3456027E-02  -3.8128055E-03  -5.0164958E-03   6.2449718E-04   4.4686118E+01  -3.8716458E-01  -7.0466668E-01   3.6775047E+01   1.8188388E+00  -1.2689730E+01  -5.4913290E+01  -1.4772919E-01   4.5406787E-01   9.1125702E-01  -5.3037350E+00  -3.2579043E+01  -1.8535177E-04   8.2112429E-04
  1.6904885E-06  -2.9810695E-06  -1.9368465E-06  -6.2419326E-05   2.9266696E-04  -8.1058708E-05   8.8483109E-05   3.1045797E-06  -3.8716458E-01   7.9954480E-02  -5.5641926E-02  -4.9203770E-01   8.8387248E-01   1.5918557E+00   6.2809599E-01   5.1401107E-02  -4.2535931E-03  -4.8633987E-03   7.7491941E-02   1.0720570E-01   2.1814364E-06  -8.7037017E-07
  3.7307760E-05  -1.8845626E-06   8.9768566E-06   6.1267253E-04   3.4361737E-04   1.3005496E-03   1.0449769E-03   6.4231577E-05  -7.0466668E-01  -5.5641926E-02   3.9585685E+00  -3.0884859E+01  -3.4423984E+00   7.8165553E+00   5.1766336E+00  -2.8862465E+00  -2.6896854E-01   2.1627386E-01   2.6292486E+00   3.2110966E+00   7.3594606E-05  -6.3780276E-05
 -6.8105681E-04   4.3669274E-04  -1.0941045E-04  -1.3269831E-02  -1.8706701E-02  -2.2471432E-02  -2.5732241E-02   3.6336419E-03   3.6775047E+01  -4.9203770E-01  -3.0884859E+01   8.0131078E+02   7.5850202E+01  -4.9614944E+01  -5.6360818E+01   1.4068065E+01  -5.0439799E+00   5.7498698E+00  -1.2085407E+01  -2.4039584E+01   4.0888145E-03   1.0268945E-03
 -4.6275501E-04   7.8227865E-04  -1.5880731E-04  -7.2810161E-03  -1.8039698E-02  -1.2253705E-02  -8.4106062E-03   2.3450141E-04   1.8188388E+00   8.8387248E-01  -3.4423984E+00   7.5850202E+01   6.4111129E+01   4.1430464E+01   1.7068015E+01  -4.7893549E+00  -4.3634061E-01  -1.7318576E+00   3.2372082E+00   4.5312231E+00   2.0061996E-04   2.0724688E-04
 -1.7334553E-04   4.8925789E-04  -6.0886771E-05  -4.1647296E-03  -6.1371861E-03  -4.7319165E-03   5.3512470E-04   3.9952964E-04  -1.2689730E+01   1.5918557E+00   7.8165553E+00  -4.9614944E+01   4.1430464E+01   8.5081818E+01   5.4007014E+01  -1.2312204E+01  -1.0769509E+00  -8.7097998E-01   4.9114409E+00   8.4980115E+00   4.2318977E-04  -3.5521514E-04
 -9.8376749E-06  -5.9353958E-05   4.9646821E-05  -7.6290333E-04   1.3432383E-02   4.4295488E-03   5.1347022E-03   1.3584181E-03  -5.4913290E+01   6.2809599E-01   5.1766336E+00  -5.6360818E+01   1.7068015E+01   5.4007014E+01   1.0441212E+02  -9.5222443E+00  -1.0776971E+00  -1.8100194E+00   5.0014135E+00   3.2900742E+01   4.6586046E-04  -1.4035266E-03
 -5.9525723E-05   1.1589478E-04  -1.6868801E-05  -1.0054458E-03  -5.3724758E-03  -2.4990343E-03  -2.6784676E-03   2.5944170E-06  -1.4772919E-01   5.1401107E-02  -2.8862465E+00   1.4068065E+01  -4.7893549E+00  -1.2312204E+01  -9.5222443E+00   6.2184290E+00   1.6083556E-01  -1.7629963E-01  -2.1051633E+00  -2.3867549E+00  -7.1647844E-05  -2.1355934E-06
  2.8507216E-06   2.5168902E-05   3.8924637E-06   1.1242185E-05  -1.9726988E-03  -1.5680559E-04   3.5073543E-04   6.7499806E-05   4.5406787E-01  -4.2535931E-03  -2.6896854E-01  -5.0439799E+00  -4.3634061E-01  -1.0769509E+00  -1.0776971E+00   1.6083556E-01   3.4419172E+00   6.3260951E-01   1.1184402E-01  -1.2451093E-01   1.6193476E-04   4.0601004E-06
 -4.8487525E-06   8.6321251E-05  -8.1638010E-07  -2.5079720E-04  -2.9551757E-03  -1.1810566E-03  -4.8788308E-04  -1.0240764E-04   9.1125702E-01  -4.8633987E-03   2.1627386E-01   5.7498698E+00  -1.7318576E+00  -8.7097998E-01  -1.8100194E+00  -1.7629963E-01   6.3260951E-01   3.2705989E+00   2.6098001E+00   2.3940423E+00  -2.0169054E-04  -3.7699483E-05
 -1.3420595E-05   4.5693168E-05  -3.2830647E-05  -1.1889424E-04   4.2446686E-04  -1.0319120E-03  -2.7983641E-04  -6.7534925E-05  -5.3037350E+00   7.7491941E-02   2.6292486E+00  -1.2085407E+01   3.2372082E+00   4.9114409E+00   5.0014135E+00  -2.1051633E+00   1.1184402E-01   2.6098001E+00   1.0249215E+01   1.8350937E+01  -7.8006375E-05   3.6085238E-04
  3.4215651E-05  -1.0463660E-04  -6.4823283E-05   6.9364944E-04   7.7466704E-03   1.8591117E-03   1.6765625E-03   5.7932750E-04  -3.2579043E+01   1.0720570E-01   3.2110966E+00  -2.4039584E+01   4.5312231E+00   8.4980115E+00   3.2900742E+01  -2.3867549E+00  -1.2451093E-01   2.3940423E+00   1.8350937E+01   5.1905196E+01   5.2562493E-06   7.8696044E-04
  1.3996187E-09  -3.2222328E-08   7.3119561E-09  -5.5133490E-09   5.9603456E-07   1.1190861E-07  -4.1848494E-08   1.6315382E-08  -1.8535177E-04   2.1814364E-06   7.3594606E-05   4.0888145E-03   2.0061996E-04   4.2318977E-04   4.6586046E-04  -7.1647844E-05   1.6193476E-04  -2.0169054E-04  -7.8006375E-05   5.2562493E-06   3.6832201E-07  -3.1012507E-09
 -2.9550066E-09  -8.6359574E-09   1.6114438E-09   3.1707589E-08  -2.1746873E-07   3.7618648E-08  -1.8097248E-08   1.7920107E-08   8.2112429E-04  -8.7037017E-07  -6.3780276E-05   1.0268945E-03   2.0724688E-04  -3.5521514E-04  -1.4035266E-03  -2.1355934E-06   4.0601004E-06  -3.7699483E-05   3.6085238E-04   7.8696044E-04  -3.1012507E-09   3.8338620E-07
