# omegabh2 omegach2 theta tau w logA ns calPlanck acib217 xi asz143 aps100 aps143 aps143217 aps217 aksz kgal100 kgal143 kgal143217 kgal217 cal0 cal2
  3.8970021E-08  -7.8125808E-08   2.6217584E-08   3.6050395E-07   1.5690764E-06   6.9636688E-07   3.1403454E-07   2.2063436E-08  -1.2598087E-04   3.5055098E-06   3.7895354E-05  -6.4917934E-04  -4.1091165E-04  -1.2608782E-04  -5.2513286E-05  -6.5478663E-05   7.5559169E-06  -7.2659071E-06  -9.5532592E-06   2.9508123E-05   1.8943914E-09  -1.0048640E-09
 -7.8125808E-08   1.6365365E-06  -9.6853845E-08  -4.2209119E-06  -2.3854942E-05  -5.5473907E-06  -3.6080862E-06  -4.0543221E-07   3.6527268E-04  -1.2427937E-06  -3.1732996E-05   2.9253941E-04   7.2003401E-04   3.3756686E-04  -1.6611929E-04   1.3115847E-04   4.0248206E-05   4.6801707E-05   4.1888120E-05  -2.3359454E-04  -1.2063311E-08   1.3954785E-08
  2.6217584E-08  -9.6853845E-08   1.8327650E-07   3.7978602E-07   3.3555282E-06   8.3511177E-07   4.4819391E-07   4.0809153E-08  -8.5207001E-06   1.6379499E-06  -1.5082649E-05  -1.1685188E-04  -8.4041203E-05  -1.1232196E-04  -6.7668551E-05   2.8478703E-06   9.9192034E-06  -2.8962450E-06   4.1429231E-06   2.2547777E-05   2.2805640E-09   6.7785682E-09
  3.6050395E-07  -4.2209119E-06   3.7978602E-07   5.8993082E-05   7.9756618E-05   1.0648611E-04   1.2641751E-05  -4.9010977E-07  -2.3927292E-03   6.0770521E-05   5.2877555E-04  -8.8811808E-03  -5.8408319E-03  -1.9496509E-03  -4.7670917E-04  -7.6559171E-04  -3.1892437E-04  -4.8087970E-04  -2.1889571E-04   8.5715506E-04   2.5496573E-08  -1.0132505E-07
  1.5690764E-06  -2.3854942E-05   3.3555282E-06   7.9756618E-05   1.1254041E-03   1.2095238E-04   5.4853386E-05   6.2650998E-06  -2.9851619E-03   2.5647019E-06  -6.9345364E-04   1.3904651E-02  -8.9411171E-03  -9.8955204E-03  -2.5198696E-03  -2.3472347E-03   3.0956705E-04  -8.1764742E-04  -1.4522322E-04   3.1309810E-03  -5.0137911E-08  -3.6311726E-08
  6.9636688E-07  -5.5473907E-06   8.3511177E-07   1.0648611E-04   1.2095238E-04   2.2309932E-04   1.6912404E-05   1.0340117E-05  -5.0383854E-03   1.8905159E-04   1.0932372E-03  -1.3908795E-02  -8.7758508E-03   1.4189734E-05   4.9412719E-03  -1.9522953E-03  -9.1912241E-04  -1.3642543E-03  -4.2147023E-04   3.7839578E-03   2.0746836E-07  -1.8199993E-07
  3.1403454E-07  -3.6080862E-06   4.4819391E-07   1.2641751E-05   5.4853386E-05   1.6912404E-05   1.8674856E-05   7.2121570E-07  -5.2381579E-03   1.0605740E-04   1.1562172E-03  -2.5538031E-02  -7.8708816E-03   1.3841267E-03   5.5928314E-03  -2.8040890E-03   3.1127292E-04  -2.0739329E-04  -1.3459902E-04   1.9990411E-03  -8.5469748E-08  -1.1558016E-07
  2.2063436E-08  -4.0543221E-07   4.0809153E-08  -4.9010977E-07   6.2650998E-06   1.0340117E-05   7.2121570E-07   6.0394115E-06   3.1765920E-04   8.2649683E-06   8.3015379E-05   3.0825857E-03   4.9304254E-04   6.2995779E-04   1.5439128E-03   2.7196454E-05  -1.2867383E-05   4.0906914E-05   2.4920749E-04   1.3418893E-03   1.0140265E-08   4.2987417E-09
 -1.2598087E-04   3.6527268E-04  -8.5207001E-06  -2.3927292E-03  -2.9851619E-03  -5.0383854E-03  -5.2381579E-03   3.1765920E-04   4.4116982E+01  -3.8954731E-01  -8.5037991E-01   3.3115409E+01   2.3950556E+00  -1.3000841E+01  -5.4610117E+01  -6.9982843E-02   2.8017737E-01   5.3623657E-01  -5.5546588E+00  -3.2349137E+01  -2.1076728E-04   8.2043937E-04
  3.5055098E-06  -1.2427937E-06   1.6379499E-06   6.0770521E-05   2.5647019E-06   1.8905159E-04   1.0605740E-04   8.2649683E-06  -3.8954731E-01   8.1553410E-02  -4.8110624E-02  -5.5349548E-01   8.7781282E-01   1.6150139E+00   5.8487558E-01   4.5846971E-02   1.4219839E-03   5.2240198E-03   1.0069311E-01   1.4995330E-01   3.3384636E-06   2.4286006E-07
  3.7895354E-05  -3.1732996E-05  -1.5082649E-05   5.2877555E-04  -6.9345364E-04   1.0932372E-03   1.1562172E-03   8.3015379E-05  -8.5037991E-01  -4.8110624E-02   4.0335199E+00  -3.1978660E+01  -3.7762344E+00   7.8229930E+00   5.4874059E+00  -2.9356843E+00  -1.5069089E-01   2.3498832E-01   2.6836528E+00   3.2809295E+00   8.2713300E-05  -5.0797873E-05
 -6.4917934E-04   2.9253941E-04  -1.1685188E-04  -8.8811808E-03   1.3904651E-02  -1.3908795E-02  -2.5538031E-02   3.0825857E-03   3.3115409E+01  -5.5349548E-01  -3.1978660E+01   7.7426677E+02   7.2980638E+01  -5.6787325E+01  -5.7957887E+01   1.5383228E+01  -7.4029329E+00   4.2398731E+00  -1.3072008E+01  -2.2308002E+01   3.7601639E-03   8.3261031E-04
 -4.1091165E-04   7.2003401E-04  -8.4041203E-05  -5.8408319E-03  -8.9411171E-03  -8.7758508E-03  -7.8708816E-03   4.9304254E-04   2.3950556E+00   8.7781282E-01  -3.7762344E+00   7.2980638E+01   6.5473086E+01   4.0648366E+01   1.5946502E+01  -5.0397495E+00  -2.3474331E-01  -1.4941442E+00   3.4736052E+00   4.6789547E+00   6.3808831E-05   1.7625912E-04
 -1.2608782E-04   3.3756686E-04  -1.1232196E-04  -1.9496509E-03  -9.8955204E-03   1.4189734E-05   1.3841267E-03   6.2995779E-04  -1.3000841E+01   1.6150139E+00   7.8229930E+00  -5.6787325E+01   4.0648366E+01   8.4506768E+01   5.3631786E+01  -1.2516631E+01  -6.4047888E-01  -4.5035402E-01   5.2720549E+00   9.1471697E+00   3.0245077E-04  -3.8817196E-04
 -5.2513286E-05  -1.6611929E-04  -6.7668551E-05  -4.7670917E-04  -2.5198696E-03   4.9412719E-03   5.5928314E-03   1.5439128E-03  -5.4610117E+01   5.8487558E-01   5.4874059E+00  -5.7957887E+01   1.5946502E+01   5.3631786E+01   1.0410277E+02  -9.7309940E+00  -8.8025708E-01  -9.7591383E-01   5.7743727E+00   3.3563288E+01   4.0108629E-04  -1.4461326E-03
 -6.5478663E-05   1.3115847E-04   2.8478703E-06  -7.6559171E-04  -2.3472347E-03  -1.9522953E-03  -2.8040890E-03   2.7196454E-05  -6.9982843E-02   4.5846971E-02  -2.9356843E+00   1.5383228E+01  -5.0397495E+00  -1.2516631E+01  -9.7309940E+00   6.4250376E+00   4.1949988E-02  -3.4963126E-01  -2.3110486E+00  -2.6581111E+00  -5.9317040E-05   2.5381873E-05
  7.5559169E-06   4.0248206E-05   9.9192034E-06  -3.1892437E-04   3.0956705E-04  -9.1912241E-04   3.1127292E-04  -1.2867383E-05   2.8017737E-01   1.4219839E-03  -1.5069089E-01  -7.4029329E+00  -2.3474331E-01  -6.4047888E-01  -8.8025708E-01   4.1949988E-02   3.3103850E+00   6.1404127E-01   3.5698305E-01   3.3296514E-01   1.5457718E-04   2.3200759E-05
 -7.2659071E-06   4.6801707E-05  -2.8962450E-06  -4.8087970E-04  -8.1764742E-04  -1.3642543E-03  -2.0739329E-04   4.0906914E-05   5.3623657E-01   5.2240198E-03   2.3498832E-01   4.2398731E+00  -1.4941442E+00  -4.5035402E-01  -9.7591383E-01  -3.4963126E-01   6.1404127E-01   3.1933188E+00   2.6939472E+00   2.7107902E+00  -1.8600848E-04  -4.5359664E-05
 -9.5532592E-06   4.1888120E-05   4.1429231E-06  -2.1889571E-04  -1.4522322E-04  -4.2147023E-04  -1.3459902E-04   2.4920749E-04  -5.5546588E+00   1.0069311E-01   2.6836528E+00  -1.3072008E+01   3.4736052E+00   5.2720549E+00   5.7743727E+00  -2.3110486E+00   3.5698305E-01   2.6939472E+00   1.0623127E+01   1.8868720E+01  -3.3364253E-05   3.7769455E-04
  2.9508123E-05  -2.3359454E-04   2.2547777E-05   8.5715506E-04   3.1309810E-03   3.7839578E-03   1.9990411E-03   1.3418893E-03  -3.2349137E+01   1.4995330E-01   3.2809295E+00  -2.2308002E+01   4.6789547E+00   9.1471697E+00   3.3563288E+01  -2.6581111E+00   3.3296514E-01   2.7107902E+00   1.8868720E+01   5.2122277E+01   9.1318802E-05   7.9819530E-04
  1.8943914E-09  -1.2063311E-08   2.2805640E-09   2.5496573E-08  -5.0137911E-08   2.0746836E-07  -8.5469748E-08   1.0140265E-08  -2.1076728E-04   3.3384636E-06   8.2713300E-05   3.7601639E-03   6.3808831E-05   3.0245077E-04   4.0108629E-04  -5.9317040E-05   1.5457718E-04  -1.8600848E-04  -3.3364253E-05   9.1318802E-05   3.7093506E-07   3.5742825E-09
 -1.0048640E-09   1.3954785E-08   6.7785682E-09  -1.0132505E-07  -3.6311726E-08  -1.8199993E-07  -1.1558016E-07   4.2987417E-09   8.2043937E-04   2.4286006E-07  -5.0797873E-05   8.3261031E-04   1.7625912E-04  -3.8817196E-04  -1.4461326E-03   2.5381873E-05   2.3200759E-05  -4.5359664E-05   3.7769455E-04   7.9819530E-04   3.5742825E-09   3.8734738E-07
