# omegabh2 omegach2 theta tau w logA ns calPlanck aps100 aps143 aps217 acib217 asz143 psr cibr xi aksz dust100 dust143 dust217 dust143x217 cal0 cal2 calTE calEE
  2.2420472E-08  -7.0639992E-08   1.2703124E-08   2.1830267E-07   1.4029548E-06   3.5738508E-07   2.3143151E-07   1.3909163E-08  -3.5161092E-04  -2.6947007E-04   5.1745062E-05  -1.1232868E-04   1.1426739E-05   6.9807416E-07  -2.2234909E-06   4.9912731E-07  -2.4100787E-05   3.2756991E-08  -4.4374792E-10   5.7399754E-07  -7.4860814E-08   1.2586447E-10  -5.9371633E-09  -9.3268868E-08  -2.6181055E-07
 -7.0639992E-08   1.3366084E-06  -9.6899980E-08  -1.7816621E-06  -2.0779728E-05  -6.8500326E-07  -2.9861554E-06  -1.6218693E-07   1.1914536E-05   5.6071670E-04   2.3890748E-04   9.6430130E-05  -2.8114225E-06   2.7468394E-06   1.3066781E-06   1.3128602E-06  -3.2411128E-06   1.5135466E-07  -2.2291301E-06  -1.4484807E-06  -4.2218343E-07   5.0179824E-09  -9.0457374E-09  -2.0742109E-07  -5.8352885E-07
  1.2703124E-08  -9.6899980E-08   9.1239034E-08   1.3736659E-07   2.4850508E-06   1.1641494E-07   3.3518633E-07  -7.2854547E-10   9.5734081E-05  -4.9784234E-05  -6.5097915E-05   1.0265156E-06  -8.5405161E-06  -2.2928251E-07  -4.2755527E-07  -7.0819291E-07   1.1200140E-05   1.5402192E-07   1.3344014E-07   3.5499480E-07   4.6650131E-07  -1.2412688E-09   9.0829942E-09  -1.5601969E-08   2.5885698E-08
  2.1830267E-07  -1.7816621E-06   1.3736659E-07   5.8131871E-05   2.8020400E-05   1.1041659E-04   7.5850825E-06  -6.6844108E-07  -1.3522996E-02  -5.5999060E-03   3.0495513E-03  -3.3043267E-03   2.7189747E-04   2.0056870E-05  -7.8994640E-05   3.4255344E-05  -6.0804173E-04  -1.1635911E-05  -5.2223604E-05   1.8433011E-06  -1.5270298E-05  -3.1351536E-08  -3.2412371E-07  -3.7360375E-06  -3.3085635E-06
  1.4029548E-06  -2.0779728E-05   2.4850508E-06   2.8020400E-05   9.3976827E-04   1.4113827E-05   4.9414193E-05   3.1999695E-06  -7.1212465E-03  -9.7884219E-03   1.3851604E-03  -5.1772654E-03   3.7145474E-04  -2.8345567E-05  -3.6161778E-06   4.5105694E-05  -5.2881171E-04  -3.3153274E-05  -4.2413413E-06   8.2214417E-05   1.5703457E-05  -4.2924353E-08   5.7005664E-07   3.6425098E-06   8.2067411E-06
  3.5738508E-07  -6.8500326E-07   1.1641494E-07   1.1041659E-04   1.4113827E-05   2.4301907E-04   6.7495832E-06   1.0127074E-05  -2.3668873E-02  -8.3480509E-03   1.5977759E-02  -8.5109497E-03   6.7265866E-04   8.8409487E-05  -2.3732585E-04   1.0813156E-04  -2.2345764E-03  -3.2703556E-05  -2.0523089E-04   2.3706908E-05  -4.3444265E-05   6.0817781E-07  -9.1929013E-07  -8.1128431E-06  -5.3547871E-06
  2.3143151E-07  -2.9861554E-06   3.3518633E-07   7.5850825E-06   4.9414193E-05   6.7495832E-06   1.6912164E-05   3.2032977E-07  -2.0450963E-02  -7.7428669E-03   6.1546142E-03  -4.9649943E-03   4.5284089E-04   4.0528812E-05  -8.1907571E-05   2.9349791E-05  -1.7745120E-03   4.0567238E-06  -1.6283088E-05   2.8584010E-05  -1.1434915E-05  -3.6110166E-07  -1.9032726E-07   8.7544483E-08  -3.0944907E-06
  1.3909163E-08  -1.6218693E-07  -7.2854547E-10  -6.6844108E-07   3.1999695E-06   1.0127074E-05   3.2032977E-07   5.8763803E-06   2.5194734E-03   4.3148275E-04   1.7467770E-03   2.2512918E-04   2.3073184E-05   3.4764592E-06  -1.0079280E-05  -3.4196074E-06  -3.7551550E-05  -4.5252351E-07   5.4497391E-07   6.1872383E-06   3.3681662E-07   9.1782571E-09  -1.0744849E-07  -2.9216897E-07   5.4134840E-08
 -3.5161092E-04   1.1914536E-05   9.5734081E-05  -1.3522996E-02  -7.1212465E-03  -2.3668873E-02  -2.0450963E-02   2.5194734E-03   6.1128053E+02   6.0218163E+01  -5.3154462E+01   2.8316797E+01  -2.5350898E+01  -8.1987395E-01  -2.4956993E-01  -1.6584840E-01   1.0787442E+01  -1.6763533E-01   3.0123186E-01  -2.3468426E-01  -1.8126733E-01   6.4451318E-03   2.6952367E-03   1.6764205E-03   8.7605154E-03
 -2.6947007E-04   5.6071670E-04  -4.9784234E-05  -5.5999060E-03  -9.7884219E-03  -8.3480509E-03  -7.7428669E-03   4.3148275E-04   6.0218163E+01   6.6759133E+01   1.0185674E+01   6.0512512E+00  -2.9413567E-01  -5.1754200E-03   4.4517096E-01   8.8342908E-01  -8.1826192E+00   6.6541026E-03  -2.3110086E-01   4.6579987E-02   4.6757349E-02   1.0609980E-03   6.0172029E-04   2.4512968E-03   5.0947412E-03
  5.1745062E-05   2.3890748E-04  -6.5097915E-05   3.0495513E-03   1.3851604E-03   1.5977759E-02   6.1546142E-03   1.7467770E-03  -5.3154462E+01   1.0185674E+01   1.7556635E+02  -8.2758856E+01   2.5436109E+00   3.3471593E-01  -1.0562501E+00   2.7464697E-01  -7.0066142E+00  -5.3950824E-02  -2.8742401E-01   5.5317232E-01  -1.2424708E-02   1.6916689E-03  -7.8341026E-03   2.9265360E-03   2.6129384E-03
 -1.1232868E-04   9.6430130E-05   1.0265156E-06  -3.3043267E-03  -5.1772654E-03  -8.5109497E-03  -4.9649943E-03   2.2512918E-04   2.8316797E+01   6.0512512E+00  -8.2758856E+01   5.1743962E+01   1.9083528E+00  -2.8227854E-02   7.2452985E-01  -2.2707954E-01  -3.0489489E+00   2.0176696E-02   1.6983898E-01  -4.5415553E-01  -1.1187810E-01  -5.1662138E-04   3.0511928E-03  -7.2516312E-04   3.4223213E-04
  1.1426739E-05  -2.8114225E-06  -8.5405161E-06   2.7189747E-04   3.7145474E-04   6.7265866E-04   4.5284089E-04   2.3073184E-05  -2.5350898E+01  -2.9413567E-01   2.5436109E+00   1.9083528E+00   4.3379624E+00   1.0883394E-01   1.5329735E-01  -3.9949892E-02  -3.5477111E+00  -5.1514402E-03  -8.7121599E-03   3.6621704E-03   4.7900112E-02   4.5801796E-04  -2.4864179E-04  -1.2275470E-04  -3.0913418E-04
  6.9807416E-07   2.7468394E-06  -2.2928251E-07   2.0056870E-05  -2.8345567E-05   8.8409487E-05   4.0528812E-05   3.4764592E-06  -8.1987395E-01  -5.1754200E-03   3.3471593E-01  -2.8227854E-02   1.0883394E-01   1.6807268E-02  -1.6392877E-02   1.1394705E-02  -1.1010146E-01  -3.3827282E-04  -1.3490593E-03  -2.9375090E-03   5.0039049E-03   1.9411845E-05  -4.0132146E-05   1.6396072E-05  -2.3932267E-06
 -2.2234909E-06   1.3066781E-06  -4.2755527E-07  -7.8994640E-05  -3.6161778E-06  -2.3732585E-04  -8.1907571E-05  -1.0079280E-05  -2.4956993E-01   4.4517096E-01  -1.0562501E+00   7.2452985E-01   1.5329735E-01  -1.6392877E-02   6.7839363E-02   5.1408320E-03  -1.5704298E-01   6.3962371E-04   6.9740746E-03  -1.9679715E-04  -1.7553499E-02  -7.6662383E-06   9.7496876E-05  -1.4013572E-05   4.2314145E-06
  4.9912731E-07   1.3128602E-06  -7.0819291E-07   3.4255344E-05   4.5105694E-05   1.0813156E-04   2.9349791E-05  -3.4196074E-06  -1.6584840E-01   8.8342908E-01   2.7464697E-01  -2.2707954E-01  -3.9949892E-02   1.1394705E-02   5.1408320E-03   8.3059493E-02   4.9714697E-02   2.0865361E-04   3.0632029E-04   7.8733528E-04   4.0364900E-04   1.7951808E-05  -4.0434736E-06   3.4837833E-05   2.1195463E-05
 -2.4100787E-05  -3.2411128E-06   1.1200140E-05  -6.0804173E-04  -5.2881171E-04  -2.2345764E-03  -1.7745120E-03  -3.7551550E-05   1.0787442E+01  -8.1826192E+00  -7.0066142E+00  -3.0489489E+00  -3.5477111E+00  -1.1010146E-01  -1.5704298E-01   4.9714697E-02   7.3346055E+00  -2.4745184E-03  -2.0652720E-03   3.9163413E-03  -4.0269774E-02  -3.9820415E-04   1.1368883E-04  -3.0654823E-04   8.3576209E-05
  3.2756991E-08   1.5135466E-07   1.5402192E-07  -1.1635911E-05  -3.3153274E-05  -3.2703556E-05   4.0567238E-06  -4.5252351E-07  -1.6763533E-01   6.6541026E-03  -5.3950824E-02   2.0176696E-02  -5.1514402E-03  -3.3827282E-04   6.3962371E-04   2.0865361E-04  -2.4745184E-03   3.7898970E-02   2.7534825E-03   9.9627688E-07   6.1364227E-04   3.4532339E-05  -3.0843214E-06  -5.6086432E-06  -1.6850981E-05
 -4.4374792E-10  -2.2291301E-06   1.3344014E-07  -5.2223604E-05  -4.2413413E-06  -2.0523089E-04  -1.6283088E-05   5.4497391E-07   3.0123186E-01  -2.3110086E-01  -2.8742401E-01   1.6983898E-01  -8.7121599E-03  -1.3490593E-03   6.9740746E-03   3.0632029E-04  -2.0652720E-03   2.7534825E-03   3.1233048E-02  -8.8183281E-04   5.0564443E-03  -8.0984637E-05  -4.2977816E-05  -7.5667025E-05  -7.4464168E-05
  5.7399754E-07  -1.4484807E-06   3.5499480E-07   1.8433011E-06   8.2214417E-05   2.3706908E-05   2.8584010E-05   6.1872383E-06  -2.3468426E-01   4.6579987E-02   5.5317232E-01  -4.5415553E-01   3.6621704E-03  -2.9375090E-03  -1.9679715E-04   7.8733528E-04   3.9163413E-03   9.9627688E-07  -8.8183281E-04   1.0646901E-02   8.1437108E-03   3.8605313E-06   6.2833065E-05   2.8014459E-06  -2.3941718E-06
 -7.4860814E-08  -4.2218343E-07   4.6650131E-07  -1.5270298E-05   1.5703457E-05  -4.3444265E-05  -1.1434915E-05   3.3681662E-07  -1.8126733E-01   4.6757349E-02  -1.2424708E-02  -1.1187810E-01   4.7900112E-02   5.0039049E-03  -1.7553499E-02   4.0364900E-04  -4.0269774E-02   6.1364227E-04   5.0564443E-03   8.1437108E-03   2.5443267E-02  -3.0903429E-06   5.6867555E-05  -2.4815856E-05  -1.6169716E-05
  1.2586447E-10   5.0179824E-09  -1.2412688E-09  -3.1351536E-08  -4.2924353E-08   6.0817781E-07  -3.6110166E-07   9.1782571E-09   6.4451318E-03   1.0609980E-03   1.6916689E-03  -5.1662138E-04   4.5801796E-04   1.9411845E-05  -7.6662383E-06   1.7951808E-05  -3.9820415E-04   3.4532339E-05  -8.0984637E-05   3.8605313E-06  -3.0903429E-06   1.0906916E-06   5.5953383E-08   2.9307874E-07   5.6440996E-07
 -5.9371633E-09  -9.0457374E-09   9.0829942E-09  -3.2412371E-07   5.7005664E-07  -9.1929013E-07  -1.9032726E-07  -1.0744849E-07   2.6952367E-03   6.0172029E-04  -7.8341026E-03   3.0511928E-03  -2.4864179E-04  -4.0132146E-05   9.7496876E-05  -4.0434736E-06   1.1368883E-04  -3.0843214E-06  -4.2977816E-05   6.2833065E-05   5.6867555E-05   5.5953383E-08   2.4496185E-06   2.2660053E-07   2.2021287E-07
 -9.3268868E-08  -2.0742109E-07  -1.5601969E-08  -3.7360375E-06   3.6425098E-06  -8.1128431E-06   8.7544483E-08  -2.9216897E-07   1.6764205E-03   2.4512968E-03   2.9265360E-03  -7.2516312E-04  -1.2275470E-04   1.6396072E-05  -1.4013572E-05   3.4837833E-05  -3.0654823E-04  -5.6086432E-06  -7.5667025E-05   2.8014459E-06  -2.4815856E-05   2.9307874E-07   2.2660053E-07   2.3889836E-05   8.3598095E-06
 -2.6181055E-07  -5.8352885E-07   2.5885698E-08  -3.3085635E-06   8.2067411E-06  -5.3547871E-06  -3.0944907E-06   5.4134840E-08   8.7605154E-03   5.0947412E-03   2.6129384E-03   3.4223213E-04  -3.0913418E-04  -2.3932267E-06   4.2314145E-06   2.1195463E-05   8.3576209E-05  -1.6850981E-05  -7.4464168E-05  -2.3941718E-06  -1.6169716E-05   5.6440996E-07   2.2021287E-07   8.3598095E-06   2.5210662E-05
