# omegabh2 omegach2 theta tau logA ns r calPlanck BBdust BBsync BBalphadust BBbetadust BBalphasync BBbetasync BBdustsynccorr aps100 aps143 aps217 acib217 asz143 psr cibr xi aksz dust100 dust143 dust217 dust143x217 cal0 cal2 calTE calEE
  2.1612975E-08  -5.3064506E-08   1.1765226E-08   1.8067249E-07   3.3140052E-07   1.9833390E-07   8.1783127E-08   1.8874203E-08  -3.8736908E-07   2.2222157E-06   6.1237275E-07  -7.6352738E-08   4.6346893E-07   6.5478260E-07   2.0892126E-07  -3.4484521E-04  -2.3158696E-04   6.1083239E-05  -1.0929483E-04   1.5922376E-05   8.2379502E-07  -2.1024186E-06   7.5494322E-07  -3.1223104E-05   2.9151623E-08  -2.6492991E-07   6.1771930E-07   1.5474524E-07   9.2180896E-10  -8.2184409E-09  -9.8444016E-08  -2.6639603E-07
 -5.3064506E-08   1.0344812E-06  -5.7573374E-08  -1.2610842E-06  -6.8249049E-08  -2.3560161E-06  -2.0773729E-06  -4.7812156E-08  -2.8727224E-06   9.8859464E-06  -5.6962632E-06   3.7211358E-07   6.5520268E-08  -1.4671725E-07  -1.1750237E-07   1.0316668E-04   5.2836565E-04   9.5811762E-05   1.1657245E-04  -1.5589142E-05   1.9943399E-07   3.5583292E-06   1.3103275E-06  -5.4147864E-07  -1.0096380E-06  -1.9693599E-06  -1.1706947E-08  -2.7983650E-07  -1.5313091E-08   1.7458864E-08  -1.9903795E-07  -4.6674230E-07
  1.1765226E-08  -5.7573374E-08   8.9725606E-08   1.6685725E-07   3.2698571E-07   2.6973156E-07   1.0318125E-07   2.5312571E-08   3.7780100E-06   3.1896823E-07   4.4390477E-07   2.1420054E-07   3.3894369E-07   5.5787941E-07  -2.8705585E-07  -4.7508538E-05  -6.3065762E-05   4.4838817E-05  -4.0258516E-05   1.6284544E-06  -1.0785082E-07  -6.7582695E-07  -5.9272733E-07   3.9741843E-06  -3.2532896E-07  -8.6039074E-08   4.8086380E-07   6.8211779E-08  -2.2773187E-09   1.0419567E-09  -2.4430307E-08  -3.7862859E-09
  1.8067249E-07  -1.2610842E-06   1.6685725E-07   4.9073437E-05   9.5139597E-05   5.1127028E-06  -3.8577330E-06   7.0283270E-09  -6.4256971E-05   1.2606224E-04  -1.7828759E-05   4.3521448E-06  -2.5274346E-05   3.4195352E-05  -2.6756381E-05  -8.5878465E-03  -3.6794277E-03   2.0315719E-03  -1.8376371E-03   5.1461116E-04   2.1930731E-05  -1.9201648E-05   3.1191899E-05  -8.9083023E-04   1.2089547E-05  -4.5418206E-06   7.8086021E-06   2.6382279E-07  -1.3289286E-08  -1.3733260E-07  -3.6254312E-06  -2.0543347E-06
  3.3140052E-07  -6.8249049E-08   3.2698571E-07   9.5139597E-05   2.1931001E-04   3.2295760E-06  -1.7500315E-05   1.2488698E-05  -1.9330121E-04   3.6876638E-04  -6.9784691E-05   1.8183811E-05  -5.7176224E-05   8.2574876E-05  -4.0285621E-05  -1.0474253E-02  -5.0165198E-03   1.2306845E-02  -4.7915268E-03   9.8367014E-04   6.2382531E-05  -6.7963582E-05   8.2980923E-05  -2.7971738E-03   7.1353702E-07  -1.0308111E-04   4.7178809E-05  -1.3978703E-05   5.9060516E-07  -1.4932180E-07  -8.2411210E-06  -3.5605668E-06
  1.9833390E-07  -2.3560161E-06   2.6973156E-07   5.1127028E-06   3.2295760E-06   1.5819019E-05   1.0879795E-05   2.7137003E-07  -7.8094875E-06  -1.2736457E-05   1.0165793E-05   1.6075807E-06   8.2505957E-06  -3.5782913E-06  -4.7088625E-06  -2.0957833E-02  -7.0592447E-03   8.7578514E-03  -5.9464114E-03   5.6187104E-04   5.8977340E-05  -1.1574747E-04   4.3233415E-05  -1.9939083E-03   2.5938634E-05  -2.5913551E-05   2.7066613E-05  -7.3855694E-06  -2.8141006E-07  -4.0873226E-07  -3.0254932E-07  -2.8630157E-06
  8.1783127E-08  -2.0773729E-06   1.0318125E-07  -3.8577330E-06  -1.7500315E-05   1.0879795E-05   4.2520340E-04  -9.9961611E-07  -2.2590278E-04  -1.3306100E-03  -1.5987331E-04   3.5372590E-04  -3.4847584E-05  -1.2896017E-04  -9.1771425E-04  -2.0632995E-02  -6.3892396E-03  -1.8201416E-04  -1.2957421E-03   7.9703284E-04  -1.6845540E-05   7.7541078E-05  -4.1332454E-05  -4.4634451E-04  -1.9494012E-05   1.0290180E-05   1.5994557E-05  -2.1193812E-05  -4.8315495E-07   1.1333678E-07  -2.0103124E-06  -9.3540098E-07
  1.8874203E-08  -4.7812156E-08   2.5312571E-08   7.0283270E-09   1.2488698E-05   2.7137003E-07  -9.9961611E-07   6.2097775E-06  -1.9224131E-05   2.7161306E-05  -1.0333909E-05   5.0283143E-06  -3.9216113E-06   5.6578202E-06  -2.7251944E-07   3.7689049E-03   8.2143472E-05   1.3322086E-03   4.9417809E-04  -2.9833415E-05  -6.5235625E-06   9.8299709E-06  -1.4915768E-05  -3.5296355E-05   1.0007279E-06   1.6243948E-07   9.9062796E-06  -2.3277808E-06   2.3522809E-08   4.6997157E-08  -4.5604331E-07  -2.3778423E-07
 -3.8736908E-07  -2.8727224E-06   3.7780100E-06  -6.4256971E-05  -1.9330121E-04  -7.8094875E-06  -2.2590278E-04  -1.9224131E-05   1.0524602E+00   5.6764288E-03  -1.1686482E-01   4.4275335E-02  -3.0575793E-03   8.2183148E-03  -1.0043138E-02   4.7798647E-02  -1.3879597E-02  -2.7445494E-01   1.4799268E-01  -4.7692637E-03  -3.0211250E-04   2.5389225E-03  -3.1734689E-03   3.4810693E-03   1.4789253E-03   4.0605709E-03  -1.3175238E-03   2.1651913E-04  -1.4786248E-05  -5.1104643E-06  -5.5125251E-05  -4.2166408E-05
  2.2222157E-06   9.8859464E-06   3.1896823E-07   1.2606224E-04   3.6876638E-04  -1.2736457E-05  -1.3306100E-03   2.7161306E-05   5.6764288E-03   1.1429343E+00  -1.0162962E-03  -3.6858388E-03   1.6288761E-02  -4.4643200E-02   4.2255470E-02   3.0639982E-03   8.3961412E-03   6.0945916E-02  -4.5723233E-02   4.0942271E-03  -9.7407950E-05   1.7779889E-03   2.7500638E-03  -2.9698677E-02   2.1882792E-03   6.4424261E-04   1.2701023E-03   6.8124725E-04  -3.9868988E-06  -1.5692584E-06  -3.8920888E-05  -3.5405674E-05
  6.1237275E-07  -5.6962632E-06   4.4390477E-07  -1.7828759E-05  -6.9784691E-05   1.0165793E-05  -1.5987331E-04  -1.0333909E-05  -1.1686482E-01  -1.0162962E-03   6.0567242E-02  -4.9980768E-04   1.4680089E-03   3.3670680E-04  -9.1989058E-04  -3.2494432E-03  -1.6753123E-02  -4.6376942E-03  -6.3468228E-03  -2.9577516E-03  -7.6108161E-06  -2.0355546E-04   1.0920476E-03   4.8716206E-03  -6.4827597E-04  -2.6428763E-05   1.4697139E-04   3.1868693E-04   2.2339751E-07   2.2059188E-06   4.3897538E-06   1.7508806E-05
 -7.6352738E-08   3.7211358E-07   2.1420054E-07   4.3521448E-06   1.8183811E-05   1.6075807E-06   3.5372590E-04   5.0283143E-06   4.4275335E-02  -3.6858388E-03  -4.9980768E-04   9.1990873E-03  -1.3723555E-04  -1.3653677E-03   1.1701709E-03   3.1952622E-02  -1.5143441E-02  -3.7389438E-02   1.7485112E-02  -5.5746724E-03  -1.6532941E-04  -1.2643537E-04  -4.4223143E-04   4.9353840E-03   2.8692998E-04   2.4926206E-04  -2.3237668E-04  -1.1507438E-04  -5.9125021E-07   4.0163088E-07  -1.2693193E-05  -2.1019624E-06
  4.6346893E-07   6.5520268E-08   3.3894369E-07  -2.5274346E-05  -5.7176224E-05   8.2505957E-06  -3.4847584E-05  -3.9216113E-06  -3.0575793E-03   1.6288761E-02   1.4680089E-03  -1.3723555E-04   8.2186570E-02   3.6169758E-05   1.8538820E-03   2.1414192E-02   2.5573474E-02   6.6850571E-02  -2.5001098E-02  -2.9472848E-04   2.2417371E-04  -6.0488244E-04   3.5974954E-04  -1.2779317E-02  -3.7987998E-04   1.4822758E-05   1.7332283E-04   1.1885358E-04   3.2999839E-06  -2.9555591E-06   9.0280039E-07  -1.0040230E-05
  6.5478260E-07  -1.4671725E-07   5.5787941E-07   3.4195352E-05   8.2574876E-05  -3.5782913E-06  -1.2896017E-04   5.6578202E-06   8.2183148E-03  -4.4643200E-02   3.3670680E-04  -1.3653677E-03   3.6169758E-05   7.5087371E-02  -5.0173242E-03  -1.2409386E-02   3.7681740E-02   4.8314465E-02  -2.1311873E-02   1.0416642E-03   4.4726377E-05   3.6100199E-04   1.9055313E-03  -2.7804053E-03  -4.8637369E-05   2.0552714E-04   5.4021349E-04   4.8766311E-04  -9.9293619E-07   2.5220715E-06   1.0445606E-05   1.6126394E-06
  2.0892126E-07  -1.1750237E-07  -2.8705585E-07  -2.6756381E-05  -4.0285621E-05  -4.7088625E-06  -9.1771425E-04  -2.7251944E-07  -1.0043138E-02   4.2255470E-02  -9.1989058E-04   1.1701709E-03   1.8538820E-03  -5.0173242E-03   7.9434238E-02  -2.2705216E-02   1.0143143E-02   2.3756489E-02  -2.0098425E-02  -3.7264416E-03   5.0135297E-04  -1.6684301E-03   1.8248304E-05  -4.7147307E-03  -2.1919060E-04  -5.0988089E-04   1.9986456E-04   9.1143883E-04   2.1627813E-06  -2.3520868E-06  -6.7967062E-08   5.9581483E-06
 -3.4484521E-04   1.0316668E-04  -4.7508538E-05  -8.5878465E-03  -1.0474253E-02  -2.0957833E-02  -2.0632995E-02   3.7689049E-03   4.7798647E-02   3.0639982E-03  -3.2494432E-03   3.1952622E-02   2.1414192E-02  -1.2409386E-02  -2.2705216E-02   5.9106047E+02   5.2355294E+01  -5.6829322E+01   2.9525433E+01  -2.4734887E+01  -8.0620032E-01  -1.5933773E-01  -2.4982783E-01   1.1501047E+01  -1.4293399E-01   2.9249092E-01  -2.6259673E-01  -2.4625585E-01   6.7557795E-03   2.6388782E-03   9.6383632E-04   7.0673293E-03
 -2.3158696E-04   5.2836565E-04  -6.3065762E-05  -3.6794277E-03  -5.0165198E-03  -7.0592447E-03  -6.3892396E-03   8.2143472E-05  -1.3879597E-02   8.3961412E-03  -1.6753123E-02  -1.5143441E-02   2.5573474E-02   3.7681740E-02   1.0143143E-02   5.2355294E+01   6.4157467E+01   1.0308329E+01   5.1598997E+00  -1.4917349E-01  -1.2205010E-03   4.0926516E-01   8.7574766E-01  -8.2655131E+00  -5.0172742E-02  -2.4012983E-01   6.0506674E-02   7.2924703E-02   8.8411928E-04   6.1723471E-04   2.0080991E-03   4.7783196E-03
  6.1083239E-05   9.5811762E-05   4.4838817E-05   2.0315719E-03   1.2306845E-02   8.7578514E-03  -1.8201416E-04   1.3322086E-03  -2.7445494E-01   6.0945916E-02  -4.6376942E-03  -3.7389438E-02   6.6850571E-02   4.8314465E-02   2.3756489E-02  -5.6829322E+01   1.0308329E+01   1.7651207E+02  -8.3471422E+01   2.3297337E+00   3.4173665E-01  -1.0406868E+00   3.5333670E-01  -7.2098212E+00  -5.4743635E-02  -2.7286546E-01   5.5942888E-01  -1.5910024E-02   1.5133215E-03  -7.6856179E-03   2.8003432E-03   2.2180495E-03
 -1.0929483E-04   1.1657245E-04  -4.0258516E-05  -1.8376371E-03  -4.7915268E-03  -5.9464114E-03  -1.2957421E-03   4.9417809E-04   1.4799268E-01  -4.5723233E-02  -6.3468228E-03   1.7485112E-02  -2.5001098E-02  -2.1311873E-02  -2.0098425E-02   2.9525433E+01   5.1598997E+00  -8.3471422E+01   5.1655104E+01   1.8731094E+00  -4.4596569E-02   7.2053867E-01  -2.5641895E-01  -2.6844978E+00   1.4722600E-02   1.6828762E-01  -4.4790677E-01  -1.0354916E-01  -4.9193980E-04   3.0802596E-03  -1.0770831E-03   4.2946969E-04
  1.5922376E-05  -1.5589142E-05   1.6284544E-06   5.1461116E-04   9.8367014E-04   5.6187104E-04   7.9703284E-04  -2.9833415E-05  -4.7692637E-03   4.0942271E-03  -2.9577516E-03  -5.5746724E-03  -2.9472848E-04   1.0416642E-03  -3.7264416E-03  -2.4734887E+01  -1.4917349E-01   2.3297337E+00   1.8731094E+00   4.3287225E+00   9.8767745E-02   1.6207024E-01  -3.3615880E-02  -3.5586867E+00  -1.5488008E-02  -7.6070866E-03   1.0386837E-02   5.5079428E-02   4.2644453E-04  -1.7321079E-04  -1.6064417E-04  -1.8118397E-04
  8.2379502E-07   1.9943399E-07  -1.0785082E-07   2.1930731E-05   6.2382531E-05   5.8977340E-05  -1.6845540E-05  -6.5235625E-06  -3.0211250E-04  -9.7407950E-05  -7.6108161E-06  -1.6532941E-04   2.2417371E-04   4.4726377E-05   5.0135297E-04  -8.0620032E-01  -1.2205010E-03   3.4173665E-01  -4.4596569E-02   9.8767745E-02   1.6861429E-02  -1.7111203E-02   1.2892476E-02  -1.0299772E-01  -1.9462624E-04  -1.3125202E-03  -2.7056108E-03   5.3693633E-03   1.8637918E-05  -3.6227973E-05   7.3591528E-06   5.0214573E-06
 -2.1024186E-06   3.5583292E-06  -6.7582695E-07  -1.9201648E-05  -6.7963582E-05  -1.1574747E-04   7.7541078E-05   9.8299709E-06   2.5389225E-03   1.7779889E-03  -2.0355546E-04  -1.2643537E-04  -6.0488244E-04   3.6100199E-04  -1.6684301E-03  -1.5933773E-01   4.0926516E-01  -1.0406868E+00   7.2053867E-01   1.6207024E-01  -1.7111203E-02   6.8879754E-02   2.7320247E-03  -1.5626404E-01  -5.1572149E-04   7.3945466E-03   2.9794651E-05  -1.7548925E-02  -1.0829760E-05   9.3074739E-05  -1.9736563E-05  -1.1641250E-05
  7.5494322E-07   1.3103275E-06  -5.9272733E-07   3.1191899E-05   8.2980923E-05   4.3233415E-05  -4.1332454E-05  -1.4915768E-05  -3.1734689E-03   2.7500638E-03   1.0920476E-03  -4.4223143E-04   3.5974954E-04   1.9055313E-03   1.8248304E-05  -2.4982783E-01   8.7574766E-01   3.5333670E-01  -2.5641895E-01  -3.3615880E-02   1.2892476E-02   2.7320247E-03   8.2837335E-02   3.4076782E-02  -1.4431424E-04   1.5932849E-04   8.5626564E-04   1.3647624E-03   1.9122530E-05  -9.3628139E-06   1.4166886E-05  -4.2873672E-09
 -3.1223104E-05  -5.4147864E-07   3.9741843E-06  -8.9083023E-04  -2.7971738E-03  -1.9939083E-03  -4.4634451E-04  -3.5296355E-05   3.4810693E-03  -2.9698677E-02   4.8716206E-03   4.9353840E-03  -1.2779317E-02  -2.7804053E-03  -4.7147307E-03   1.1501047E+01  -8.2655131E+00  -7.2098212E+00  -2.6844978E+00  -3.5586867E+00  -1.0299772E-01  -1.5626404E-01   3.4076782E-02   7.3664423E+00   1.4508691E-02   1.5985799E-03  -3.6662835E-03  -5.0351287E-02  -3.3294153E-04   9.4729240E-05  -1.3069622E-04  -2.2440870E-05
  2.9151623E-08  -1.0096380E-06  -3.2532896E-07   1.2089547E-05   7.1353702E-07   2.5938634E-05  -1.9494012E-05   1.0007279E-06   1.4789253E-03   2.1882792E-03  -6.4827597E-04   2.8692998E-04  -3.7987998E-04  -4.8637369E-05  -2.1919060E-04  -1.4293399E-01  -5.0172742E-02  -5.4743635E-02   1.4722600E-02  -1.5488008E-02  -1.9462624E-04  -5.1572149E-04  -1.4431424E-04   1.4508691E-02   3.8317533E-02   3.0412774E-03  -3.5788109E-04   2.5181108E-04   3.3148523E-05  -5.7724005E-06  -1.4534294E-05  -2.2462800E-05
 -2.6492991E-07  -1.9693599E-06  -8.6039074E-08  -4.5418206E-06  -1.0308111E-04  -2.5913551E-05   1.0290180E-05   1.6243948E-07   4.0605709E-03   6.4424261E-04  -2.6428763E-05   2.4926206E-04   1.4822758E-05   2.0552714E-04  -5.0988089E-04   2.9249092E-01  -2.4012983E-01  -2.7286546E-01   1.6828762E-01  -7.6070866E-03  -1.3125202E-03   7.3945466E-03   1.5932849E-04   1.5985799E-03   3.0412774E-03   3.0791380E-02  -9.1358928E-04   4.6632920E-03  -7.9497629E-05  -4.1438915E-05  -6.8542763E-05  -7.9356101E-05
  6.1771930E-07  -1.1706947E-08   4.8086380E-07   7.8086021E-06   4.7178809E-05   2.7066613E-05   1.5994557E-05   9.9062796E-06  -1.3175238E-03   1.2701023E-03   1.4697139E-04  -2.3237668E-04   1.7332283E-04   5.4021349E-04   1.9986456E-04  -2.6259673E-01   6.0506674E-02   5.5942888E-01  -4.4790677E-01   1.0386837E-02  -2.7056108E-03   2.9794651E-05   8.5626564E-04  -3.6662835E-03  -3.5788109E-04  -9.1358928E-04   1.0792180E-02   8.4393422E-03   2.9893133E-06   6.4758208E-05   9.2650992E-06  -2.0689782E-06
  1.5474524E-07  -2.7983650E-07   6.8211779E-08   2.6382279E-07  -1.3978703E-05  -7.3855694E-06  -2.1193812E-05  -2.3277808E-06   2.1651913E-04   6.8124725E-04   3.1868693E-04  -1.1507438E-04   1.1885358E-04   4.8766311E-04   9.1143883E-04  -2.4625585E-01   7.2924703E-02  -1.5910024E-02  -1.0354916E-01   5.5079428E-02   5.3693633E-03  -1.7548925E-02   1.3647624E-03  -5.0351287E-02   2.5181108E-04   4.6632920E-03   8.4393422E-03   2.6030020E-02  -2.4928043E-06   6.3247025E-05  -1.5330718E-05  -8.9292839E-06
  9.2180896E-10  -1.5313091E-08  -2.2773187E-09  -1.3289286E-08   5.9060516E-07  -2.8141006E-07  -4.8315495E-07   2.3522809E-08  -1.4786248E-05  -3.9868988E-06   2.2339751E-07  -5.9125021E-07   3.2999839E-06  -9.9293619E-07   2.1627813E-06   6.7557795E-03   8.8411928E-04   1.5133215E-03  -4.9193980E-04   4.2644453E-04   1.8637918E-05  -1.0829760E-05   1.9122530E-05  -3.3294153E-04   3.3148523E-05  -7.9497629E-05   2.9893133E-06  -2.4928043E-06   1.1048230E-06   4.2199740E-08   2.5577589E-07   5.5906962E-07
 -8.2184409E-09   1.7458864E-08   1.0419567E-09  -1.3733260E-07  -1.4932180E-07  -4.0873226E-07   1.1333678E-07   4.6997157E-08  -5.1104643E-06  -1.5692584E-06   2.2059188E-06   4.0163088E-07  -2.9555591E-06   2.5220715E-06  -2.3520868E-06   2.6388782E-03   6.1723471E-04  -7.6856179E-03   3.0802596E-03  -1.7321079E-04  -3.6227973E-05   9.3074739E-05  -9.3628139E-06   9.4729240E-05  -5.7724005E-06  -4.1438915E-05   6.4758208E-05   6.3247025E-05   4.2199740E-08   2.4671402E-06   2.0463883E-07   2.4096005E-07
 -9.8444016E-08  -1.9903795E-07  -2.4430307E-08  -3.6254312E-06  -8.2411210E-06  -3.0254932E-07  -2.0103124E-06  -4.5604331E-07  -5.5125251E-05  -3.8920888E-05   4.3897538E-06  -1.2693193E-05   9.0280039E-07   1.0445606E-05  -6.7967062E-08   9.6383632E-04   2.0080991E-03   2.8003432E-03  -1.0770831E-03  -1.6064417E-04   7.3591528E-06  -1.9736563E-05   1.4166886E-05  -1.3069622E-04  -1.4534294E-05  -6.8542763E-05   9.2650992E-06  -1.5330718E-05   2.5577589E-07   2.0463883E-07   2.4108070E-05   8.4165666E-06
 -2.6639603E-07  -4.6674230E-07  -3.7862859E-09  -2.0543347E-06  -3.5605668E-06  -2.8630157E-06  -9.3540098E-07  -2.3778423E-07  -4.2166408E-05  -3.5405674E-05   1.7508806E-05  -2.1019624E-06  -1.0040230E-05   1.6126394E-06   5.9581483E-06   7.0673293E-03   4.7783196E-03   2.2180495E-03   4.2946969E-04  -1.8118397E-04   5.0214573E-06  -1.1641250E-05  -4.2873672E-09  -2.2440870E-05  -2.2462800E-05  -7.9356101E-05  -2.0689782E-06  -8.9292839E-06   5.5906962E-07   2.4096005E-07   8.4165666E-06   2.3995484E-05
