# omegabh2 omegach2 theta tau nnu yhe logA ns calPlanck acib217 xi asz143 aps100 aps143 aps143217 aps217 aksz kgal100 kgal143 kgal143217 kgal217 galfTE100 galfTE100143 galfTE100217 galfTE143 galfTE143217 galfTE217 cal0 cal2
  3.2200443E-08   3.2602433E-07  -4.3632531E-08   1.8960378E-07   2.3867843E-05   3.3005463E-08   1.2556892E-06   8.2872335E-07   8.5982837E-09  -1.9533877E-05  -2.0321256E-06  -1.3145350E-05   2.8403209E-04   2.0587032E-05  -6.2826761E-05  -8.3735215E-06   1.9990600E-05   1.2562122E-05   1.2232633E-05   1.2051952E-05   5.3325695E-05  -1.7948843E-07   2.5724202E-08  -3.5870755E-07   9.3339546E-08  -6.6279006E-07  -1.4653548E-06   8.4888638E-10   1.8888099E-09
  3.2602433E-07   1.1997721E-05  -1.7781343E-06  -2.8618756E-06   7.0456073E-04  -3.2312318E-06   2.1409198E-05   1.6727662E-05  -2.4521310E-07   1.8162629E-03  -8.4936478E-05  -4.5082222E-04   1.1423591E-02   5.1607288E-03   9.7339257E-04  -9.1267893E-05   1.2125005E-03   2.4869349E-04   4.3058987E-04   4.0373854E-04   8.4261437E-05   2.7982778E-06   3.5996779E-06  -4.9062738E-07   5.9088320E-06  -1.6127745E-06   9.6709216E-06  -5.9218482E-08   2.2359834E-08
 -4.3632531E-08  -1.7781343E-06   3.7204468E-07   3.7878519E-07  -1.0950196E-04   9.6548407E-07  -3.0460652E-06  -2.4981798E-06   4.4411012E-08  -2.3062920E-04   1.3507922E-05   4.7403290E-05  -1.6621295E-03  -6.3811870E-04  -1.0873097E-04  -1.0060890E-05  -1.6384194E-04  -1.7818288E-05  -4.9623761E-05  -4.2757284E-05  -2.8052749E-05   1.9805398E-07  -6.1877852E-07  -6.1860416E-08  -1.7466625E-06   1.7790324E-07  -1.8694801E-06   5.6510211E-09  -9.5050728E-09
  1.8960378E-07  -2.8618756E-06   3.7878519E-07   4.7105983E-05  -3.4492849E-05   9.0550402E-07   8.3661507E-05   6.8995612E-06  -1.7986321E-06  -6.0178501E-04   9.2071223E-06   5.7544860E-04  -2.3702261E-03  -4.0403398E-03  -1.3734895E-03  -1.5501442E-03  -7.5921819E-04  -2.9497812E-04  -8.4508702E-05  -5.5414501E-04  -1.3869416E-03  -6.0756248E-06  -3.5332761E-06  -1.1785748E-05  -8.3361117E-06   5.2445233E-07  -3.0208903E-05   7.3463919E-08   8.9579838E-09
  2.3867843E-05   7.0456073E-04  -1.0950196E-04  -3.4492849E-05   4.4597086E-02  -2.0382772E-04   1.5369402E-03   1.1902255E-03  -6.6200255E-06   1.0609423E-01  -5.3324562E-03  -2.6369401E-02   7.0649618E-01   2.9628064E-01   4.5468982E-02  -1.0495077E-02   7.1109667E-02   1.5303927E-02   2.9623232E-02   2.7366444E-02   1.5649070E-02   4.2247763E-05   1.9896089E-04  -1.7943966E-04   3.5433685E-04  -8.0739136E-05   3.1467041E-04  -3.7867170E-06   2.3738006E-06
  3.3005463E-08  -3.2312318E-06   9.6548407E-07   9.0550402E-07  -2.0382772E-04   1.5497397E-05  -2.6849831E-06   1.1235431E-06  -4.5536037E-08  -1.4702787E-05  -1.4360319E-05  -1.6378332E-04   1.8055797E-03   9.3233633E-04  -6.6464224E-05   1.1149176E-04   1.3322882E-04   8.9118306E-05  -3.0423640E-05   2.2042775E-04   6.0388738E-04   6.1115786E-06   2.2028462E-06   2.6367575E-06  -1.0635196E-05  -4.9114817E-07  -4.5880854E-06  -3.4054506E-08  -2.9251305E-08
  1.2556892E-06   2.1409198E-05  -3.0460652E-06   8.3661507E-05   1.5369402E-03  -2.6849831E-06   2.3556106E-04   5.2775654E-05   7.9559874E-06   1.7349094E-03  -1.1013281E-04  -2.2767675E-04   2.7327815E-02   7.1236826E-03   3.0820514E-03   3.8066127E-03   5.4262329E-04  -9.0293760E-05   3.5569328E-04  -5.8507746E-04  -1.6636576E-04  -1.7774781E-05   1.9826415E-06  -2.7259047E-05  -3.4150382E-06  -2.0199682E-05  -7.1923341E-06   1.1251277E-07   4.8755540E-09
  8.2872335E-07   1.6727662E-05  -2.4981798E-06   6.8995612E-06   1.1902255E-03   1.1235431E-06   5.2775654E-05   4.8143014E-05   3.8338354E-07  -9.7964578E-04  -9.1307488E-05  -3.6265546E-05   6.9489343E-04   2.6615468E-03   1.6888192E-03   3.4758213E-03   3.1168551E-04   8.8621113E-04   7.1234622E-04   8.0488029E-04   2.6286443E-03  -7.7377897E-07   5.3055941E-06  -1.1869136E-05   3.8334720E-06   4.2816282E-06  -3.2089933E-06  -1.9742417E-07   6.8444426E-08
  8.5982837E-09  -2.4521310E-07   4.4411012E-08  -1.7986321E-06  -6.6200255E-06  -4.5536037E-08   7.9559874E-06   3.8338354E-07   6.1234550E-06   4.1768885E-04   1.4372093E-05  -1.1953297E-04   4.2762055E-03   1.3133881E-03   9.8279816E-04   1.7947272E-03  -6.6413452E-05   9.8818207E-05   6.4118784E-05  -4.2881537E-05   8.4898666E-04  -6.6210474E-06  -5.3285168E-07  -1.1989832E-06   7.0258996E-08  -6.6037882E-06   1.6107877E-05  -1.8782464E-08  -2.9990230E-08
 -1.9533877E-05   1.8162629E-03  -2.3062920E-04  -6.0178501E-04   1.0609423E-01  -1.4702787E-05   1.7349094E-03  -9.7964578E-04   4.1768885E-04   4.5360151E+01  -4.0164293E-01  -4.0944284E-01   3.2586340E+01   7.3569540E-01  -1.2897197E+01  -5.5450007E+01   2.3707402E-01   3.4770816E-01   8.9584480E-01  -5.6325878E+00  -3.4204130E+01   1.9303173E-03   7.0351458E-03   1.2159840E-02   1.0299806E-02  -5.4913581E-03   2.8855601E-02  -3.2609202E-04   6.4499228E-04
 -2.0321256E-06  -8.4936478E-05   1.3507922E-05   9.2071223E-06  -5.3324562E-03  -1.4360319E-05  -1.1013281E-04  -9.1307488E-05   1.4372093E-05  -4.0164293E-01   7.9752718E-02  -3.1856354E-02  -6.6160842E-01   9.7929404E-01   1.6978371E+00   6.2747262E-01   1.4411071E-02  -1.6945146E-02   1.1304482E-02   1.4912454E-01   2.3241265E-01   2.9849915E-04  -2.7046663E-04  -6.5683688E-04  -4.4920518E-04  -5.5210055E-04  -7.5908970E-04   3.2510727E-07  -2.9493849E-08
 -1.3145350E-05  -4.5082222E-04   4.7403290E-05   5.7544860E-04  -2.6369401E-02  -1.6378332E-04  -2.2767675E-04  -3.6265546E-05  -1.1953297E-04  -4.0944284E-01  -3.1856354E-02   3.8968229E+00  -2.9222618E+01  -3.3397316E+00   8.0269121E+00   4.9834338E+00  -2.7759016E+00  -2.3133812E-01   4.5382050E-02   2.4818954E+00   2.7901113E+00  -1.6077252E-04   5.3881781E-04  -5.6096709E-04   1.7295823E-03   3.5752778E-03   8.7408108E-03   1.2970770E-04  -2.1610554E-05
  2.8403209E-04   1.1423591E-02  -1.6621295E-03  -2.3702261E-03   7.0649618E-01   1.8055797E-03   2.7327815E-02   6.9489343E-04   4.2762055E-03   3.2586340E+01  -6.6160842E-01  -2.9222618E+01   7.4897889E+02   6.7461174E+01  -5.1720119E+01  -5.3049112E+01   1.4650832E+01  -5.7930872E+00   6.9191248E+00  -1.1911612E+01  -2.4270682E+01   5.2324542E-02   2.0119085E-02  -5.2399426E-03  -1.0891190E-03  -8.8116220E-02  -1.2861913E-01   3.2293378E-03  -5.0106932E-04
  2.0587032E-05   5.1607288E-03  -6.3811870E-04  -4.0403398E-03   2.9628064E-01   9.3233633E-04   7.1236826E-03   2.6615468E-03   1.3133881E-03   7.3569540E-01   9.7929404E-01  -3.3397316E+00   6.7461174E+01   6.3673386E+01   4.2613826E+01   1.7341883E+01  -4.2441027E+00  -7.2960625E-01  -9.6989149E-01   3.8902552E+00   5.1841165E+00   7.6843005E-03   1.4602485E-03   3.1699239E-03  -2.0040591E-03  -5.9851528E-03  -8.7321092E-03  -1.1099938E-04  -1.8089276E-04
 -6.2826761E-05   9.7339257E-04  -1.0873097E-04  -1.3734895E-03   4.5468982E-02  -6.6464224E-05   3.0820514E-03   1.6888192E-03   9.8279816E-04  -1.2897197E+01   1.6978371E+00   8.0269121E+00  -5.1720119E+01   4.2613826E+01   8.7720895E+01   5.3996698E+01  -1.1954579E+01  -1.1181248E+00  -5.0030207E-01   5.6957660E+00   9.7345519E+00   9.6579095E-03  -4.3667461E-04  -2.6117225E-03  -2.5426207E-03  -3.7136796E-04   3.1923420E-02   3.8218124E-04  -4.7434148E-04
 -8.3735215E-06  -9.1267893E-05  -1.0060890E-05  -1.5501442E-03  -1.0495077E-02   1.1149176E-04   3.8066127E-03   3.4758213E-03   1.7947272E-03  -5.5450007E+01   6.2747262E-01   4.9834338E+00  -5.3049112E+01   1.7341883E+01   5.3996698E+01   1.0449217E+02  -9.3136776E+00  -7.6293903E-01  -1.4014650E+00   5.3583331E+00   3.4516324E+01   2.5201250E-03  -4.8605071E-03  -3.9180045E-03  -1.1368732E-02   1.4095251E-02   1.9866947E-02   5.7484395E-04  -1.3608789E-03
  1.9990600E-05   1.2125005E-03  -1.6384194E-04  -7.5921819E-04   7.1109667E-02   1.3322882E-04   5.4262329E-04   3.1168551E-04  -6.6413452E-05   2.3707402E-01   1.4411071E-02  -2.7759016E+00   1.4650832E+01  -4.2441027E+00  -1.1954579E+01  -9.3136776E+00   5.6345606E+00   1.9653114E-01  -7.2088393E-02  -1.9116969E+00  -2.2418186E+00  -9.1695496E-04  -1.4258031E-03  -2.3003054E-03  -2.6145053E-03  -4.9361706E-03  -1.0179167E-02  -6.9288873E-05   3.6905507E-05
  1.2562122E-05   2.4869349E-04  -1.7818288E-05  -2.9497812E-04   1.5303927E-02   8.9118306E-05  -9.0293760E-05   8.8621113E-04   9.8818207E-05   3.4770816E-01  -1.6945146E-02  -2.3133812E-01  -5.7930872E+00  -7.2960625E-01  -1.1181248E+00  -7.6293903E-01   1.9653114E-01   3.2625043E+00   5.1369344E-01  -1.4178442E-01  -4.4404839E-01  -4.0978222E-05   5.3523315E-05  -2.6219645E-03  -6.8982436E-04  -1.8717198E-03   4.1075835E-03   1.8243708E-04   1.2687452E-06
  1.2232633E-05   4.3058987E-04  -4.9623761E-05  -8.4508702E-05   2.9623232E-02  -3.0423640E-05   3.5569328E-04   7.1234622E-04   6.4118784E-05   8.9584480E-01   1.1304482E-02   4.5382050E-02   6.9191248E+00  -9.6989149E-01  -5.0030207E-01  -1.4014650E+00  -7.2088393E-02   5.1369344E-01   3.0963185E+00   2.3182055E+00   1.8612742E+00   1.8255384E-03  -5.8853262E-04  -4.1028626E-03  -1.3420818E-03  -1.3571996E-03  -1.8386443E-03  -1.7838036E-04  -4.4034688E-05
  1.2051952E-05   4.0373854E-04  -4.2757284E-05  -5.5414501E-04   2.7366444E-02   2.2042775E-04  -5.8507746E-04   8.0488029E-04  -4.2881537E-05  -5.6325878E+00   1.4912454E-01   2.4818954E+00  -1.1911612E+01   3.8902552E+00   5.6957660E+00   5.3583331E+00  -1.9116969E+00  -1.4178442E-01   2.3182055E+00   1.0208511E+01   1.8185101E+01   2.0103092E-03  -6.8715577E-04  -2.9226088E-03  -1.5965211E-03   1.9518308E-03  -1.0290193E-02  -1.7723342E-05   4.2992676E-04
  5.3325695E-05   8.4261437E-05  -2.8052749E-05  -1.3869416E-03   1.5649070E-02   6.0388738E-04  -1.6636576E-04   2.6286443E-03   8.4898666E-04  -3.4204130E+01   2.3241265E-01   2.7901113E+00  -2.4270682E+01   5.1841165E+00   9.7345519E+00   3.4516324E+01  -2.2418186E+00  -4.4404839E-01   1.8612742E+00   1.8185101E+01   5.2737604E+01  -3.4290608E-04  -3.6991979E-03  -7.2658130E-03  -3.7037625E-03   2.2256100E-03  -2.4601863E-02   1.8330918E-04   1.0262019E-03
 -1.7948843E-07   2.7982778E-06   1.9805398E-07  -6.0756248E-06   4.2247763E-05   6.1115786E-06  -1.7774781E-05  -7.7377897E-07  -6.6210474E-06   1.9303173E-03   2.9849915E-04  -1.6077252E-04   5.2324542E-02   7.6843005E-03   9.6579095E-03   2.5201250E-03  -9.1695496E-04  -4.0978222E-05   1.8255384E-03   2.0103092E-03  -3.4290608E-04   1.4118453E-03   2.7949489E-04   8.9902976E-05  -3.2984093E-04  -1.6918973E-04  -3.6884418E-04   3.9733533E-07   5.7908277E-07
  2.5724202E-08   3.5996779E-06  -6.1877852E-07  -3.5332761E-06   1.9896089E-04   2.2028462E-06   1.9826415E-06   5.3055941E-06  -5.3285168E-07   7.0351458E-03  -2.7046663E-04   5.3881781E-04   2.0119085E-02   1.4602485E-03  -4.3667461E-04  -4.8605071E-03  -1.4258031E-03   5.3523315E-05  -5.8853262E-04  -6.8715577E-04  -3.6991979E-03   2.7949489E-04   8.6018411E-04   1.1887608E-04   7.0438132E-04   4.2997111E-05  -6.7478090E-04   6.7972566E-07   5.5010473E-07
 -3.5870755E-07  -4.9062738E-07  -6.1860416E-08  -1.1785748E-05  -1.7943966E-04   2.6367575E-06  -2.7259047E-05  -1.1869136E-05  -1.1989832E-06   1.2159840E-02  -6.5683688E-04  -5.6096709E-04  -5.2399426E-03   3.1699239E-03  -2.6117225E-03  -3.9180045E-03  -2.3003054E-03  -2.6219645E-03  -4.1028626E-03  -2.9226088E-03  -7.2658130E-03   8.9902976E-05   1.1887608E-04   7.3618750E-03  -1.8721167E-04   6.6009848E-04   4.5564078E-03  -7.6852924E-07  -1.6170402E-07
  9.3339546E-08   5.9088320E-06  -1.7466625E-06  -8.3361117E-06   3.5433685E-04  -1.0635196E-05  -3.4150382E-06   3.8334720E-06   7.0258996E-08   1.0299806E-02  -4.4920518E-04   1.7295823E-03  -1.0891190E-03  -2.0040591E-03  -2.5426207E-03  -1.1368732E-02  -2.6145053E-03  -6.8982436E-04  -1.3420818E-03  -1.5965211E-03  -3.7037625E-03  -3.2984093E-04   7.0438132E-04  -1.8721167E-04   2.8466810E-03   5.0312415E-04  -7.1136636E-04   8.1558164E-07   9.8232192E-07
 -6.6279006E-07  -1.6127745E-06   1.7790324E-07   5.2445233E-07  -8.0739136E-05  -4.9114817E-07  -2.0199682E-05   4.2816282E-06  -6.6037882E-06  -5.4913581E-03  -5.5210055E-04   3.5752778E-03  -8.8116220E-02  -5.9851528E-03  -3.7136796E-04   1.4095251E-02  -4.9361706E-03  -1.8717198E-03  -1.3571996E-03   1.9518308E-03   2.2256100E-03  -1.6918973E-04   4.2997111E-05   6.6009848E-04   5.0312415E-04   6.5670395E-03   7.9432638E-03  -3.2302799E-07  -1.2594607E-06
 -1.4653548E-06   9.6709216E-06  -1.8694801E-06  -3.0208903E-05   3.1467041E-04  -4.5880854E-06  -7.1923341E-06  -3.2089933E-06   1.6107877E-05   2.8855601E-02  -7.5908970E-04   8.7408108E-03  -1.2861913E-01  -8.7321092E-03   3.1923420E-02   1.9866947E-02  -1.0179167E-02   4.1075835E-03  -1.8386443E-03  -1.0290193E-02  -2.4601863E-02  -3.6884418E-04  -6.7478090E-04   4.5564078E-03  -7.1136636E-04   7.9432638E-03   7.1176258E-02  -2.8831731E-06  -6.7044121E-06
  8.4888638E-10  -5.9218482E-08   5.6510211E-09   7.3463919E-08  -3.7867170E-06  -3.4054506E-08   1.1251277E-07  -1.9742417E-07  -1.8782464E-08  -3.2609202E-04   3.2510727E-07   1.2970770E-04   3.2293378E-03  -1.1099938E-04   3.8218124E-04   5.7484395E-04  -6.9288873E-05   1.8243708E-04  -1.7838036E-04  -1.7723342E-05   1.8330918E-04   3.9733533E-07   6.7972566E-07  -7.6852924E-07   8.1558164E-07  -3.2302799E-07  -2.8831731E-06   3.6957827E-07  -1.0673587E-09
  1.8888099E-09   2.2359834E-08  -9.5050728E-09   8.9579838E-09   2.3738006E-06  -2.9251305E-08   4.8755540E-09   6.8444426E-08  -2.9990230E-08   6.4499228E-04  -2.9493849E-08  -2.1610554E-05  -5.0106932E-04  -1.8089276E-04  -4.7434148E-04  -1.3608789E-03   3.6905507E-05   1.2687452E-06  -4.4034688E-05   4.2992676E-04   1.0262019E-03   5.7908277E-07   5.5010473E-07  -1.6170402E-07   9.8232192E-07  -1.2594607E-06  -6.7044121E-06  -1.0673587E-09   4.1458624E-07
