# omegabh2 omegach2 theta tau w logA ns calPlanck aps100 aps143 aps217 acib217 asz143 psr cibr xi aksz dust100 dust143 dust217 dust143x217 cal0 cal2 calTE calEE
  2.3289582E-08  -7.8261819E-08   1.5722264E-08   2.2747869E-07   1.3815650E-06   3.6006981E-07   2.5764232E-07   1.4719997E-08  -3.9006620E-04  -2.7675939E-04   1.0985369E-05  -8.9526527E-05   1.9750077E-05   8.1617406E-07  -1.2685975E-06   4.8177273E-07  -3.2116678E-05   1.8235358E-07  -3.8681389E-07   5.4060237E-07  -2.3061616E-07   1.6989725E-09  -2.0538121E-09  -9.2925840E-08  -2.5637009E-07
 -7.8261819E-08   1.4779285E-06  -1.1067049E-07  -1.6400610E-06  -2.3210287E-05  -1.4065110E-07  -3.3224491E-06  -1.8445902E-07  -2.3520316E-04   6.0843434E-04   3.8599849E-04   2.2476644E-05  -1.7221125E-05   2.1946754E-06  -6.4692480E-06  -5.9140914E-06   1.6161045E-05  -2.4954975E-06  -6.8212291E-07  -7.8798229E-07   3.1937866E-06  -3.6927369E-08  -9.2456980E-09  -3.4795358E-07  -6.6877643E-07
  1.5722264E-08  -1.1067049E-07   9.6082849E-08   2.7236571E-07   2.7022033E-06   4.0739490E-07   4.1156977E-07   2.0141712E-08  -5.3452995E-05  -1.2459022E-04  -4.5499810E-05  -9.3263296E-06  -5.3917022E-06   5.8124360E-07  -1.2988979E-06   9.1049131E-07   7.2422563E-06   5.9944712E-07   4.7775105E-07  -2.4768957E-07  -3.0056550E-07  -1.0742201E-09   8.1656459E-10  -1.0229194E-08   1.2159988E-08
  2.2747869E-07  -1.6400610E-06   2.7236571E-07   6.0345882E-05   3.6537592E-05   1.1635568E-04   7.3113341E-06  -3.0449732E-07  -1.1851208E-02  -5.3413630E-03   2.8306372E-03  -3.0679585E-03   5.8733100E-04   3.4833117E-05  -4.6124059E-05   4.3276072E-05  -1.0674134E-03   6.8952801E-06  -2.6444030E-05   8.6488503E-06  -1.7829801E-05   7.6747148E-08  -2.0287576E-07  -3.9227312E-06  -2.6288737E-06
  1.3815650E-06  -2.3210287E-05   2.7022033E-06   3.6537592E-05   1.1174434E-03   2.6930894E-05   5.6417211E-05   3.9695987E-06  -1.7182628E-03  -1.2650906E-02  -5.4618006E-03  -3.4414506E-04   1.0702478E-03  -4.1472673E-06   1.4134899E-04   1.0610562E-04  -1.5048377E-03   1.2852567E-04   5.5185293E-06  -2.3191925E-06  -8.9737523E-05   9.8914762E-07  -3.5910123E-07   3.7764176E-06   8.7450653E-06
  3.6006981E-07  -1.4065110E-07   4.0739490E-07   1.1635568E-04   2.6930894E-05   2.5992086E-04   6.5628581E-06   1.1681012E-05  -2.0262767E-02  -8.3845362E-03   1.6438809E-02  -8.4287819E-03   1.2075282E-03   1.0052042E-04  -1.6561489E-04   1.1556087E-04  -3.1172487E-03  -1.7905894E-05  -1.5709152E-04   4.8361631E-05  -4.2047533E-05   7.6421517E-07  -5.1464313E-07  -8.5920705E-06  -4.6576869E-06
  2.5764232E-07  -3.3224491E-06   4.1156977E-07   7.3113341E-06   5.6417211E-05   6.5628581E-06   1.7931566E-05   8.0387973E-07  -2.1543721E-02  -7.5171862E-03   6.7133981E-03  -5.1692079E-03   6.1526456E-04   5.8615854E-05  -8.3988391E-05   7.6939768E-05  -1.9383479E-03   1.2769165E-05  -1.6403851E-05   2.7475562E-05  -1.3452809E-05  -2.9427859E-07  -2.6445352E-07   1.9123615E-07  -2.5130010E-06
  1.4719997E-08  -1.8445902E-07   2.0141712E-08  -3.0449732E-07   3.9695987E-06   1.1681012E-05   8.0387973E-07   6.3537945E-06   2.4173153E-03   1.5622973E-04   2.1796361E-03   3.2825819E-05   1.6495050E-06  -1.0554420E-06   6.0276869E-07   4.5482371E-06  -3.6704732E-05  -2.2685445E-06  -5.5950795E-07   1.1295571E-05  -6.6373814E-07   4.5941693E-09  -5.3779238E-08  -1.5860129E-07  -9.7328359E-08
 -3.9006620E-04  -2.3520316E-04  -5.3452995E-05  -1.1851208E-02  -1.7182628E-03  -2.0262767E-02  -2.1543721E-02   2.4173153E-03   6.1152921E+02   5.6474004E+01  -4.9398609E+01   2.6867501E+01  -2.5541897E+01  -8.4483662E-01  -1.9095422E-01  -2.7376928E-01   1.1551794E+01  -2.0112607E-01   2.5557019E-01  -2.6176153E-01  -2.5083014E-01   6.8438591E-03   1.8639522E-03   3.2479312E-03   9.1137680E-03
 -2.7675939E-04   6.0843434E-04  -1.2459022E-04  -5.3413630E-03  -1.2650906E-02  -8.3845362E-03  -7.5171862E-03   1.5622973E-04   5.6474004E+01   6.5887262E+01   1.1279833E+01   5.3125315E+00  -3.2253531E-01  -3.0827860E-02   4.4220155E-01   8.7359228E-01  -8.2706979E+00  -2.4018022E-02  -2.2410738E-01   5.2785083E-02   5.8258804E-02   9.0573468E-04   3.7691680E-04   2.5698288E-03   5.4790673E-03
  1.0985369E-05   3.8599849E-04  -4.5499810E-05   2.8306372E-03  -5.4618006E-03   1.6438809E-02   6.7133981E-03   2.1796361E-03  -4.9398609E+01   1.1279833E+01   1.7356240E+02  -8.1758711E+01   2.3045241E+00   3.2244655E-01  -1.0484799E+00   3.5862420E-01  -7.0389352E+00  -4.2095822E-02  -2.6238490E-01   5.5935757E-01   1.4968763E-02   1.7164462E-03  -7.5349023E-03   2.5138536E-03   3.2647845E-03
 -8.9526527E-05   2.2476644E-05  -9.3263296E-06  -3.0679585E-03  -3.4414506E-04  -8.4287819E-03  -5.1692079E-03   3.2825819E-05   2.6867501E+01   5.3125315E+00  -8.1758711E+01   5.0849827E+01   1.8331111E+00  -3.9145082E-02   7.2055876E-01  -2.6990007E-01  -2.8307759E+00   1.2562109E-02   1.4765228E-01  -4.4846273E-01  -1.2152532E-01  -5.4961213E-04   2.9857050E-03  -6.5400395E-04   3.5249606E-05
  1.9750077E-05  -1.7221125E-05  -5.3917022E-06   5.8733100E-04   1.0702478E-03   1.2075282E-03   6.1526456E-04   1.6495050E-06  -2.5541897E+01  -3.2253531E-01   2.3045241E+00   1.8331111E+00   4.3142843E+00   1.0094812E-01   1.5431465E-01  -3.6972354E-02  -3.5834604E+00  -7.7147244E-03  -5.9152098E-03   9.1982840E-03   5.3674384E-02   4.2513060E-04  -1.7896253E-04  -1.9682126E-04  -2.8348266E-04
  8.1617406E-07   2.1946754E-06   5.8124360E-07   3.4833117E-05  -4.1472673E-06   1.0052042E-04   5.8615854E-05  -1.0554420E-06  -8.4483662E-01  -3.0827860E-02   3.2244655E-01  -3.9145082E-02   1.0094812E-01   1.6359106E-02  -1.7026445E-02   1.1743502E-02  -9.9582346E-02  -3.5763341E-04  -1.3273646E-03  -2.6800153E-03   5.2681251E-03   1.8531276E-05  -3.6326867E-05  -3.0474369E-06  -4.1245497E-06
 -1.2685975E-06  -6.4692480E-06  -1.2988979E-06  -4.6124059E-05   1.4134899E-04  -1.6561489E-04  -8.3988391E-05   6.0276869E-07  -1.9095422E-01   4.4220155E-01  -1.0484799E+00   7.2055876E-01   1.5431465E-01  -1.7026445E-02   6.8893534E-02   3.3171362E-03  -1.6295720E-01   3.8375316E-04   7.1288867E-03  -1.6700990E-04  -1.8009150E-02  -1.2043862E-05   9.4236930E-05   1.6703162E-06   5.6989068E-07
  4.8177273E-07  -5.9140914E-06   9.1049131E-07   4.3276072E-05   1.0610562E-04   1.1556087E-04   7.6939768E-05   4.5482371E-06  -2.7376928E-01   8.7359228E-01   3.5862420E-01  -2.6990007E-01  -3.6972354E-02   1.1743502E-02   3.3171362E-03   8.2193795E-02   4.0515104E-02  -1.6972871E-04   3.8682458E-05   1.1405926E-03   1.1732554E-03   1.6767440E-05  -1.1504161E-05   9.3170597E-06   2.1269563E-05
 -3.2116678E-05   1.6161045E-05   7.2422563E-06  -1.0674134E-03  -1.5048377E-03  -3.1172487E-03  -1.9383479E-03  -3.6704732E-05   1.1551794E+01  -8.2706979E+00  -7.0389352E+00  -2.8307759E+00  -3.5834604E+00  -9.9582346E-02  -1.6295720E-01   4.0515104E-02   7.4164753E+00   8.6205811E-03   1.8275032E-03  -3.4961611E-03  -4.8074144E-02  -3.6016649E-04   6.6739890E-05  -2.0801270E-04  -1.2218767E-04
  1.8235358E-07  -2.4954975E-06   5.9944712E-07   6.8952801E-06   1.2852567E-04  -1.7905894E-05   1.2769165E-05  -2.2685445E-06  -2.0112607E-01  -2.4018022E-02  -4.2095822E-02   1.2562109E-02  -7.7147244E-03  -3.5763341E-04   3.8375316E-04  -1.6972871E-04   8.6205811E-03   3.7638545E-02   2.8677059E-03  -1.2497553E-04   4.3278239E-04   3.2428021E-05  -4.7719260E-06  -8.5288850E-06  -2.3092785E-05
 -3.8681389E-07  -6.8212291E-07   4.7775105E-07  -2.6444030E-05   5.5185293E-06  -1.5709152E-04  -1.6403851E-05  -5.5950795E-07   2.5557019E-01  -2.2410738E-01  -2.6238490E-01   1.4765228E-01  -5.9152098E-03  -1.3273646E-03   7.1288867E-03   3.8682458E-05   1.8275032E-03   2.8677059E-03   3.0772908E-02  -4.9174547E-04   5.2824560E-03  -8.3339995E-05  -4.4174312E-05  -7.0322885E-05  -8.7755403E-05
  5.4060237E-07  -7.8798229E-07  -2.4768957E-07   8.6488503E-06  -2.3191925E-06   4.8361631E-05   2.7475562E-05   1.1295571E-05  -2.6176153E-01   5.2785083E-02   5.5935757E-01  -4.4846273E-01   9.1982840E-03  -2.6800153E-03  -1.6700990E-04   1.1405926E-03  -3.4961611E-03  -1.2497553E-04  -4.9174547E-04   1.0671308E-02   8.5312182E-03   2.5557814E-06   6.2428275E-05   9.9990788E-06   1.0224056E-06
 -2.3061616E-07   3.1937866E-06  -3.0056550E-07  -1.7829801E-05  -8.9737523E-05  -4.2047533E-05  -1.3452809E-05  -6.6373814E-07  -2.5083014E-01   5.8258804E-02   1.4968763E-02  -1.2152532E-01   5.3674384E-02   5.2681251E-03  -1.8009150E-02   1.1732554E-03  -4.8074144E-02   4.3278239E-04   5.2824560E-03   8.5312182E-03   2.6417759E-02  -4.3648590E-06   5.7913018E-05  -2.1534718E-05  -1.0616665E-05
  1.6989725E-09  -3.6927369E-08  -1.0742201E-09   7.6747148E-08   9.8914762E-07   7.6421517E-07  -2.9427859E-07   4.5941693E-09   6.8438591E-03   9.0573468E-04   1.7164462E-03  -5.4961213E-04   4.2513060E-04   1.8531276E-05  -1.2043862E-05   1.6767440E-05  -3.6016649E-04   3.2428021E-05  -8.3339995E-05   2.5557814E-06  -4.3648590E-06   1.1151516E-06   4.0095488E-08   3.6208656E-07   6.7865069E-07
 -2.0538121E-09  -9.2456980E-09   8.1656459E-10  -2.0287576E-07  -3.5910123E-07  -5.1464313E-07  -2.6445352E-07  -5.3779238E-08   1.8639522E-03   3.7691680E-04  -7.5349023E-03   2.9857050E-03  -1.7896253E-04  -3.6326867E-05   9.4236930E-05  -1.1504161E-05   6.6739890E-05  -4.7719260E-06  -4.4174312E-05   6.2428275E-05   5.7913018E-05   4.0095488E-08   2.4323626E-06   2.9951572E-07   1.2724360E-07
 -9.2925840E-08  -3.4795358E-07  -1.0229194E-08  -3.9227312E-06   3.7764176E-06  -8.5920705E-06   1.9123615E-07  -1.5860129E-07   3.2479312E-03   2.5698288E-03   2.5138536E-03  -6.5400395E-04  -1.9682126E-04  -3.0474369E-06   1.6703162E-06   9.3170597E-06  -2.0801270E-04  -8.5288850E-06  -7.0322885E-05   9.9990788E-06  -2.1534718E-05   3.6208656E-07   2.9951572E-07   2.4345830E-05   8.4793733E-06
 -2.5637009E-07  -6.6877643E-07   1.2159988E-08  -2.6288737E-06   8.7450653E-06  -4.6576869E-06  -2.5130010E-06  -9.7328359E-08   9.1137680E-03   5.4790673E-03   3.2647845E-03   3.5249606E-05  -2.8348266E-04  -4.1245497E-06   5.6989068E-07   2.1269563E-05  -1.2218767E-04  -2.3092785E-05  -8.7755403E-05   1.0224056E-06  -1.0616665E-05   6.7865069E-07   1.2724360E-07   8.4793733E-06   2.4385680E-05
