# omegabh2 omegach2 theta tau w logA ns calPlanck acib217 xi asz143 aps100 aps143 aps143217 aps217 aksz kgal100 kgal143 kgal143217 kgal217 cal0 cal2
  4.3321086E-08  -1.3328432E-07   3.5490416E-08   3.2876030E-07  -9.0258523E-06   5.1059020E-07   4.3536056E-07   2.2846870E-08  -1.7361450E-04   1.3035555E-06   4.5806119E-05  -8.4720006E-04  -5.0653574E-04  -2.0190148E-04  -1.0904022E-05  -5.6587093E-05   4.3714944E-06  -3.5636975E-06  -5.3088698E-06   6.2740706E-05  -1.5549735E-09   1.3844613E-10
 -1.3328432E-07   2.3993547E-06  -2.3960982E-07  -3.7522154E-06   9.3971011E-05  -2.9151479E-06  -5.3663992E-06  -4.3679328E-07   4.5208959E-04   1.0885342E-06  -4.5403429E-05   1.1592332E-03   1.0777515E-03   5.9173493E-04  -1.8254603E-04   1.5355818E-04   1.2316173E-06   3.3149849E-05   5.4534104E-05  -1.5069632E-04  -3.1289235E-08   1.4078289E-08
  3.5490416E-08  -2.3960982E-07   1.9921910E-07   4.5963136E-07  -1.3885927E-05   6.9976884E-07   8.0967838E-07   5.9235100E-08  -1.6450593E-05  -5.4144488E-07   3.3202640E-05  -3.9447629E-04  -2.8771666E-04  -8.2532101E-05  -3.8854002E-05  -3.5234585E-05   3.1014528E-06   2.3352811E-06  -2.0461965E-05  -3.3386471E-05   3.0950048E-10   2.2853775E-10
  3.2876030E-07  -3.7522154E-06   4.5963136E-07   3.6017343E-05   5.8220669E-05   6.2480078E-05   1.0809491E-05  -1.8244533E-07  -2.2376463E-03   1.5282024E-05   4.1394152E-04  -7.8530078E-03  -4.6970349E-03  -1.8728091E-03   3.0727638E-04  -5.8217647E-04  -1.3403360E-06  -8.3193666E-05   7.7694165E-05   1.0349462E-03   1.8847888E-08  -1.6475062E-08
 -9.0258523E-06   9.3971011E-05  -1.3885927E-05   5.8220669E-05   7.7619607E-02   4.0131800E-04  -2.2992863E-04   3.2185382E-05   1.7335841E-02   4.2603079E-05  -3.0514780E-02   3.5559570E-01   1.0167207E-01   5.8406335E-03  -5.8599604E-03   2.4850672E-02  -2.6467398E-04   7.6293128E-03   1.1841107E-04   2.5623645E-02  -3.3612759E-06   5.3962892E-06
  5.1059020E-07  -2.9151479E-06   6.9976884E-07   6.2480078E-05   4.0131800E-04   1.4160273E-04   9.9830706E-06   1.0514118E-05  -3.9698939E-03   7.8243963E-05   6.6838635E-04  -8.3929113E-03  -5.4759273E-03  -1.3209530E-04   5.8156973E-03  -1.7210246E-03  -2.0155517E-04  -7.6703802E-04  -1.7019821E-04   3.3118108E-03   1.2644626E-07   4.9408017E-10
  4.3536056E-07  -5.3663992E-06   8.0967838E-07   1.0809491E-05  -2.2992863E-04   9.9830706E-06   2.3537553E-05   1.1202951E-06  -5.9620659E-03   9.7508557E-05   1.1854096E-03  -2.9553388E-02  -9.5395028E-03   8.1352398E-04   5.9711134E-03  -2.7454578E-03   5.2879267E-04  -4.6136770E-04  -5.0220501E-04   1.7857873E-03  -4.3420849E-08  -9.7013455E-08
  2.2846870E-08  -4.3679328E-07   5.9235100E-08  -1.8244533E-07   3.2185382E-05   1.0514118E-05   1.1202951E-06   5.9789081E-06   6.3187783E-04  -9.1005910E-07  -3.3701516E-05   4.5150253E-03   8.9917251E-04   2.7419414E-04   1.1477949E-03  -7.7956106E-05   5.9697429E-05  -6.0561058E-05   8.8333133E-05   9.0797064E-04   8.5783023E-10   4.3193474E-09
 -1.7361450E-04   4.5208959E-04  -1.6450593E-05  -2.2376463E-03   1.7335841E-02  -3.9698939E-03  -5.9620659E-03   6.3187783E-04   4.6062764E+01  -3.7009569E-01  -8.7304742E-01   3.7800228E+01   3.6259912E+00  -1.2542344E+01  -5.6221061E+01  -5.2742832E-02   8.5537396E-02   6.5136749E-01  -5.5844046E+00  -3.3872376E+01  -2.2153497E-04   7.3777798E-04
  1.3035555E-06   1.0885342E-06  -5.4144488E-07   1.5282024E-05   4.2603079E-05   7.8243963E-05   9.7508557E-05  -9.1005910E-07  -3.7009569E-01   8.1658124E-02  -5.3543760E-02  -6.1557130E-01   9.2843977E-01   1.6364989E+00   5.7796214E-01   4.4654729E-02   6.1955771E-03   6.6054548E-03   1.0349458E-01   1.3604043E-01  -4.8949590E-07  -2.4460125E-06
  4.5806119E-05  -4.5403429E-05   3.3202640E-05   4.1394152E-04  -3.0514780E-02   6.6838635E-04   1.1854096E-03  -3.3701516E-05  -8.7304742E-01  -5.3543760E-02   3.9901413E+00  -3.1312165E+01  -3.3541450E+00   7.7301887E+00   5.4856359E+00  -2.9505244E+00  -1.6098081E-01   1.1268166E-01   2.7014284E+00   3.3429639E+00   1.3330921E-04  -5.8095356E-05
 -8.4720006E-04   1.1592332E-03  -3.9447629E-04  -7.8530078E-03   3.5559570E-01  -8.3929113E-03  -2.9553388E-02   4.5150253E-03   3.7800228E+01  -6.1557130E-01  -3.1312165E+01   7.9541099E+02   7.4167069E+01  -5.3587219E+01  -5.8525777E+01   1.4844509E+01  -7.2172891E+00   6.1540758E+00  -1.2378650E+01  -2.5934732E+01   3.8950160E-03   2.6230203E-04
 -5.0653574E-04   1.0777515E-03  -2.8771666E-04  -4.6970349E-03   1.0167207E-01  -5.4759273E-03  -9.5395028E-03   8.9917251E-04   3.6259912E+00   9.2843977E-01  -3.3541450E+00   7.4167069E+01   6.6486834E+01   4.3028858E+01   1.5652749E+01  -5.1338865E+00  -5.7198888E-01  -1.2321638E+00   3.8224642E+00   3.8875560E+00   3.1865719E-05   4.0053042E-05
 -2.0190148E-04   5.9173493E-04  -8.2532101E-05  -1.8728091E-03   5.8406335E-03  -1.3209530E-04   8.1352398E-04   2.7419414E-04  -1.2542344E+01   1.6364989E+00   7.7301887E+00  -5.3587219E+01   4.3028858E+01   8.6401876E+01   5.4401189E+01  -1.2720337E+01  -6.6372253E-01  -8.7633385E-01   4.9833939E+00   8.1354410E+00   4.6332704E-04  -5.7644665E-04
 -1.0904022E-05  -1.8254603E-04  -3.8854002E-05   3.0727638E-04  -5.8599604E-03   5.8156973E-03   5.9711134E-03   1.1477949E-03  -5.6221061E+01   5.7796214E-01   5.4856359E+00  -5.8525777E+01   1.5652749E+01   5.4401189E+01   1.0669267E+02  -1.0000963E+01  -5.0953609E-01  -1.3034688E+00   5.3561770E+00   3.3797345E+01   5.9529001E-04  -1.5247398E-03
 -5.6587093E-05   1.5355818E-04  -3.5234585E-05  -5.8217647E-04   2.4850672E-02  -1.7210246E-03  -2.7454578E-03  -7.7956106E-05  -5.2742832E-02   4.4654729E-02  -2.9505244E+00   1.4844509E+01  -5.1338865E+00  -1.2720337E+01  -1.0000963E+01   6.3061307E+00   6.5382362E-02  -1.8026603E-01  -2.1763196E+00  -2.3769386E+00  -1.0242520E-04   4.4665471E-05
  4.3714944E-06   1.2316173E-06   3.1014528E-06  -1.3403360E-06  -2.6467398E-04  -2.0155517E-04   5.2879267E-04   5.9697429E-05   8.5537396E-02   6.1955771E-03  -1.6098081E-01  -7.2172891E+00  -5.7198888E-01  -6.6372253E-01  -5.0953609E-01   6.5382362E-02   3.3963936E+00   5.5131469E-01   2.0047435E-01   1.3302648E-01   1.5863254E-04  -1.1826196E-05
 -3.5636975E-06   3.3149849E-05   2.3352811E-06  -8.3193666E-05   7.6293128E-03  -7.6703802E-04  -4.6136770E-04  -6.0561058E-05   6.5136749E-01   6.6054548E-03   1.1268166E-01   6.1540758E+00  -1.2321638E+00  -8.7633385E-01  -1.3034688E+00  -1.8026603E-01   5.5131469E-01   3.2190153E+00   2.6591538E+00   2.4580587E+00  -1.9763030E-04  -7.9466936E-05
 -5.3088698E-06   5.4534104E-05  -2.0461965E-05   7.7694165E-05   1.1841107E-04  -1.7019821E-04  -5.0220501E-04   8.8333133E-05  -5.5844046E+00   1.0349458E-01   2.7014284E+00  -1.2378650E+01   3.8224642E+00   4.9833939E+00   5.3561770E+00  -2.1763196E+00   2.0047435E-01   2.6591538E+00   1.0797993E+01   1.9126965E+01  -2.0319701E-05   4.1151033E-04
  6.2740706E-05  -1.5069632E-04  -3.3386471E-05   1.0349462E-03   2.5623645E-02   3.3118108E-03   1.7857873E-03   9.0797064E-04  -3.3872376E+01   1.3604043E-01   3.3429639E+00  -2.5934732E+01   3.8875560E+00   8.1354410E+00   3.3797345E+01  -2.3769386E+00   1.3302648E-01   2.4580587E+00   1.9126965E+01   5.3722888E+01   8.1584729E-05   9.6827716E-04
 -1.5549735E-09  -3.1289235E-08   3.0950048E-10   1.8847888E-08  -3.3612759E-06   1.2644626E-07  -4.3420849E-08   8.5783023E-10  -2.2153497E-04  -4.8949590E-07   1.3330921E-04   3.8950160E-03   3.1865719E-05   4.6332704E-04   5.9529001E-04  -1.0242520E-04   1.5863254E-04  -1.9763030E-04  -2.0319701E-05   8.1584729E-05   3.9443032E-07  -3.1723498E-09
  1.3844613E-10   1.4078289E-08   2.2853775E-10  -1.6475062E-08   5.3962892E-06   4.9408017E-10  -9.7013455E-08   4.3193474E-09   7.3777798E-04  -2.4460125E-06  -5.8095356E-05   2.6230203E-04   4.0053042E-05  -5.7644665E-04  -1.5247398E-03   4.4665471E-05  -1.1826196E-05  -7.9466936E-05   4.1151033E-04   9.6827716E-04  -3.1723498E-09   4.0997133E-07
