# omegabh2 omegach2 theta tau logA ns calPlanck galfTE100 galfTE100143 galfTE100217 galfTE143 galfTE143217 galfTE217 cal0
    0.6457969E-07   -0.2237828E-06    0.3981948E-07    0.1180289E-05    0.2560933E-05    0.1825680E-05    0.1902958E-07   -0.1179163E-06   -0.5497115E-07   -0.3062689E-06   -0.5199807E-06   -0.1047158E-05   -0.4194727E-05   -0.1308365E-08
   -0.2237828E-06    0.4301859E-05   -0.3455895E-06   -0.7840994E-05   -0.4895040E-05   -0.1181034E-04   -0.2704619E-07    0.7372474E-06    0.2624622E-06    0.4628720E-06    0.4866416E-05    0.7805431E-05    0.3575002E-04   -0.1807738E-07
    0.3981948E-07   -0.3455895E-06    0.2644705E-06    0.1091879E-05    0.1764497E-05    0.1352146E-05    0.4422592E-07   -0.1899237E-06    0.6723804E-07   -0.4159069E-06   -0.3544387E-06   -0.7663832E-06   -0.4019347E-05    0.3754385E-08
    0.1180289E-05   -0.7840994E-05    0.1091879E-05    0.3749075E-03    0.7736815E-03    0.7065484E-04    0.6325952E-07   -0.4699070E-05   -0.2460118E-05    0.3688788E-05   -0.2047465E-04   -0.9503031E-05   -0.4192264E-04   -0.6057321E-08
    0.2560933E-05   -0.4895040E-05    0.1764497E-05    0.7736815E-03    0.1702181E-02    0.1480835E-03    0.1349547E-04   -0.4026634E-05   -0.5146901E-05    0.4379323E-05   -0.3037220E-04    0.1810968E-04    0.1354414E-03    0.4248963E-07
    0.1825680E-05   -0.1181034E-04    0.1352146E-05    0.7065484E-04    0.1480835E-03    0.1379380E-03    0.1010871E-05   -0.1120418E-04   -0.4889233E-05   -0.2352114E-05   -0.1859530E-04   -0.6445286E-05   -0.1275840E-04   -0.1531095E-06
    0.1902958E-07   -0.2704619E-07    0.4422592E-07    0.6325952E-07    0.1349547E-04    0.1010871E-05    0.6286522E-05    0.7965984E-06    0.3140598E-06   -0.1495519E-05    0.4288857E-06   -0.7006201E-06    0.1749280E-04   -0.2106762E-07
   -0.1179163E-06    0.7372474E-06   -0.1899237E-06   -0.4699070E-05   -0.4026634E-05   -0.1120418E-04    0.7965984E-06    0.1414096E-02    0.2852155E-03    0.1045572E-03   -0.4054078E-03   -0.6364942E-04   -0.2064448E-04    0.6305453E-06
   -0.5497115E-07    0.2624622E-06    0.6723804E-07   -0.2460118E-05   -0.5146901E-05   -0.4889233E-05    0.3140598E-06    0.2852155E-03    0.8448366E-03    0.3258214E-04    0.7151715E-03    0.5494987E-04   -0.5514112E-03    0.2668993E-06
   -0.3062689E-06    0.4628720E-06   -0.4159069E-06    0.3688788E-05    0.4379323E-05   -0.2352114E-05   -0.1495519E-05    0.1045572E-03    0.3258214E-04    0.6994411E-02   -0.3333334E-03    0.6570435E-03    0.4551858E-02    0.4080772E-06
   -0.5199807E-06    0.4866416E-05   -0.3544387E-06   -0.2047465E-04   -0.3037220E-04   -0.1859530E-04    0.4288857E-06   -0.4054078E-03    0.7151715E-03   -0.3333334E-03    0.2892963E-02    0.4563098E-03   -0.6889666E-03    0.1173618E-06
   -0.1047158E-05    0.7805431E-05   -0.7663832E-06   -0.9503031E-05    0.1810968E-04   -0.6445286E-05   -0.7006201E-06   -0.6364942E-04    0.5494987E-04    0.6570435E-03    0.4563098E-03    0.6338681E-02    0.7510494E-02    0.5041629E-06
   -0.4194727E-05    0.3575002E-04   -0.4019347E-05   -0.4192264E-04    0.1354414E-03   -0.1275840E-04    0.1749280E-04   -0.2064448E-04   -0.5514112E-03    0.4551858E-02   -0.6889666E-03    0.7510494E-02    0.6515177E-01    0.9317943E-06
   -0.1308365E-08   -0.1807738E-07    0.3754385E-08   -0.6057321E-08    0.4248963E-07   -0.1531095E-06   -0.2106762E-07    0.6305453E-06    0.2668993E-06    0.4080772E-06    0.1173618E-06    0.5041629E-06    0.9317943E-06    0.1015205E-05
