# omegabh2 omegach2 theta tau logA ns nrun r calPlanck acib217 xi asz143 aps100 aps143 aps143217 aps217 aksz kgal100 kgal143 kgal143217 kgal217 cal0 cal2
    0.5824636E-07   -0.2040645E-06    0.4543343E-07    0.1290825E-05    0.2519124E-05    0.5566040E-06   -0.9171617E-06    0.1835949E-05    0.5082318E-07   -0.7244146E-04   -0.2705930E-06    0.3653396E-04   -0.7140388E-03   -0.3411103E-03   -0.1748046E-03   -0.8224165E-04   -0.1960850E-04    0.1885746E-04    0.7681146E-05    0.1733485E-04    0.4214725E-04    0.5608430E-09   -0.1964634E-08
   -0.2040645E-06    0.2802501E-05   -0.2327968E-06   -0.1212639E-04   -0.1934735E-04   -0.6469090E-05    0.2046472E-05   -0.6163861E-05   -0.5389777E-06    0.5791133E-03   -0.1815280E-04    0.1055283E-05    0.2555011E-02    0.9715815E-03    0.5326373E-03   -0.8690292E-04    0.1223582E-03   -0.6405678E-04    0.7361014E-04    0.1427311E-03   -0.1160305E-04   -0.1104593E-07    0.5713827E-07
    0.4543343E-07   -0.2327968E-06    0.2017864E-06    0.1843598E-05    0.3586447E-05    0.8671553E-06   -0.3558209E-06    0.8243236E-06    0.5572399E-07   -0.1134587E-03    0.6378151E-06    0.1908461E-04   -0.4209879E-03   -0.2387063E-03   -0.9042908E-04    0.6615860E-04   -0.4692198E-04    0.1368919E-04   -0.2207707E-04   -0.3331719E-04    0.1836999E-04    0.1233820E-07    0.1569099E-08
    0.1290825E-05   -0.1212639E-04    0.1843598E-05    0.1358044E-03    0.2463429E-03    0.3326948E-04   -0.2234512E-04    0.3053916E-04   -0.2122218E-06   -0.3771947E-02    0.8722910E-04    0.7482137E-03   -0.1764477E-01   -0.7484531E-02   -0.3125147E-02   -0.1820601E-02   -0.5114784E-03    0.1095696E-02    0.1611785E-03    0.7701173E-03    0.1952880E-02   -0.4447733E-07   -0.8873506E-07
    0.2519124E-05   -0.1934735E-04    0.3586447E-05    0.2463429E-03    0.4813238E-03    0.5336659E-04   -0.5474285E-04    0.7096316E-04    0.1061157E-04   -0.5426070E-02    0.1567592E-03    0.8962160E-03   -0.2099111E-01   -0.1032539E-01   -0.4352809E-02    0.7952121E-04   -0.4395905E-03    0.1890056E-02    0.1006387E-03    0.1286588E-02    0.5181161E-02    0.8689575E-08    0.6276499E-07
    0.5566040E-06   -0.6469090E-05    0.8671553E-06    0.3326948E-04    0.5336659E-04    0.2720457E-04    0.9366355E-06    0.2896476E-04    0.1797888E-05   -0.6981764E-02    0.1769166E-03    0.1432264E-02   -0.3541673E-01   -0.9026070E-02    0.2820196E-02    0.7471579E-02   -0.3523519E-02    0.4460170E-03   -0.4739633E-03   -0.7845992E-03    0.7490593E-03   -0.1729013E-06   -0.7594064E-06
   -0.9171617E-06    0.2046472E-05   -0.3558209E-06   -0.2234512E-04   -0.5474285E-04    0.9366355E-06    0.6726704E-04   -0.1423225E-03   -0.2707825E-06   -0.8904635E-02    0.1101421E-03    0.2168005E-02   -0.2824520E-01   -0.1286226E-01    0.2297815E-02    0.1001709E-01   -0.4487924E-02   -0.8365491E-03   -0.7964755E-03   -0.1095173E-02    0.9703363E-03    0.2006721E-06   -0.9348860E-06
    0.1835949E-05   -0.6163861E-05    0.8243236E-06    0.3053916E-04    0.7096316E-04    0.2896476E-04   -0.1423225E-03    0.2126620E-02    0.5037561E-06    0.4697336E-02   -0.1341053E-03   -0.2276798E-02    0.2303623E-01    0.2441185E-01    0.3515832E-02   -0.2461494E-02    0.1858494E-02   -0.9221305E-05    0.1080196E-02    0.8524814E-02    0.1161319E-01   -0.1052145E-05    0.2069527E-05
    0.5082318E-07   -0.5389777E-06    0.5572399E-07   -0.2122218E-06    0.1061157E-04    0.1797888E-05   -0.2707825E-06    0.5037561E-06    0.6232537E-05    0.5585264E-03   -0.5887356E-07   -0.1193480E-03    0.2684122E-02   -0.3656079E-03   -0.6249024E-03    0.8532529E-03    0.1837064E-03    0.1297705E-04   -0.2765158E-04   -0.2141285E-03    0.7151914E-03   -0.6738878E-07    0.2119475E-07
   -0.7244146E-04    0.5791133E-03   -0.1134587E-03   -0.3771947E-02   -0.5426070E-02   -0.6981764E-02   -0.8904635E-02    0.4697336E-02    0.5585264E-03    0.4440418E+02   -0.5084537E+00   -0.1868056E+01    0.5151389E+02    0.2535888E+01   -0.2099652E+02   -0.6172251E+02    0.9459215E+00    0.4123831E+00    0.8029018E+00   -0.1268125E+01   -0.1774078E+02   -0.3648801E-03    0.4575079E-02
   -0.2705930E-06   -0.1815280E-04    0.6378151E-06    0.8722910E-04    0.1567592E-03    0.1769166E-03    0.1101421E-03   -0.1341053E-03   -0.5887356E-07   -0.5084537E+00    0.8269079E-01   -0.1096814E+00   -0.2755913E+00    0.9419041E+00    0.1707746E+01    0.7161754E+00    0.1031841E+00    0.3195869E-03   -0.6238095E-02    0.8230058E-01    0.1212359E+00    0.9318779E-05   -0.1001555E-04
    0.3653396E-04    0.1055283E-05    0.1908461E-04    0.7482137E-03    0.8962160E-03    0.1432264E-02    0.2168005E-02   -0.2276798E-02   -0.1193480E-03   -0.1868056E+01   -0.1096814E+00    0.4030235E+01   -0.3088397E+02   -0.4249411E+01    0.7892574E+01    0.7175075E+01   -0.3218670E+01   -0.2207627E+00    0.3918514E-01    0.2587085E+01    0.2403047E+01    0.1842665E-03   -0.3571333E-03
   -0.7140388E-03    0.2555011E-02   -0.4209879E-03   -0.1764477E-01   -0.2099111E-01   -0.3541673E-01   -0.2824520E-01    0.2303623E-01    0.2684122E-02    0.5151389E+02   -0.2755913E+00   -0.3088397E+02    0.7847175E+03    0.7350476E+02   -0.5959252E+02   -0.8060565E+02    0.1780659E+02   -0.2614295E+01    0.3880409E+01   -0.1243574E+02   -0.2027991E+02    0.6690282E-02    0.5107046E-02
   -0.3411103E-03    0.9715815E-03   -0.2387063E-03   -0.7484531E-02   -0.1032539E-01   -0.9026070E-02   -0.1286226E-01    0.2441185E-01   -0.3656079E-03    0.2535888E+01    0.9419041E+00   -0.4249411E+01    0.7350476E+02    0.6318020E+02    0.4340399E+02    0.1614225E+02   -0.3434051E+01   -0.3952772E+00   -0.1158663E+01    0.3807745E+01    0.3634111E+01    0.1252795E-03    0.5311629E-03
   -0.1748046E-03    0.5326373E-03   -0.9042908E-04   -0.3125147E-02   -0.4352809E-02    0.2820196E-02    0.2297815E-02    0.3515832E-02   -0.6249024E-03   -0.2099652E+02    0.1707746E+01    0.7892574E+01   -0.5959252E+02    0.4340399E+02    0.9668237E+02    0.6707385E+02   -0.1273642E+02   -0.8542085E+00   -0.4396844E+00    0.5897241E+01    0.7642654E+01    0.8868883E-03   -0.2155821E-02
   -0.8224165E-04   -0.8690292E-04    0.6615860E-04   -0.1820601E-02    0.7952121E-04    0.7471579E-02    0.1001709E-01   -0.2461494E-02    0.8532529E-03   -0.6172251E+02    0.7161754E+00    0.7175075E+01   -0.8060565E+02    0.1614225E+02    0.6707385E+02    0.1226103E+03   -0.1143526E+02   -0.1150843E+01   -0.1067139E+01    0.8178224E-01    0.1615066E+02    0.8775494E-03   -0.7602829E-02
   -0.1960850E-04    0.1223582E-03   -0.4692198E-04   -0.5114784E-03   -0.4395905E-03   -0.3523519E-02   -0.4487924E-02    0.1858494E-02    0.1837064E-03    0.9459215E+00    0.1031841E+00   -0.3218670E+01    0.1780659E+02   -0.3434051E+01   -0.1273642E+02   -0.1143526E+02    0.7067501E+01    0.2675493E+00   -0.1250625E+00   -0.2333918E+01   -0.2152484E+01   -0.1510263E-03    0.2462584E-03
    0.1885746E-04   -0.6405678E-04    0.1368919E-04    0.1095696E-02    0.1890056E-02    0.4460170E-03   -0.8365491E-03   -0.9221305E-05    0.1297705E-04    0.4123831E+00    0.3195869E-03   -0.2207627E+00   -0.2614295E+01   -0.3952772E+00   -0.8542085E+00   -0.1150843E+01    0.2675493E+00    0.3539875E+01    0.3281232E+00   -0.1999609E+00   -0.4063330E+00    0.3017872E-03   -0.4153717E-05
    0.7681146E-05    0.7361014E-04   -0.2207707E-04    0.1611785E-03    0.1006387E-03   -0.4739633E-03   -0.7964755E-03    0.1080196E-02   -0.2765158E-04    0.8029018E+00   -0.6238095E-02    0.3918514E-01    0.3880409E+01   -0.1158663E+01   -0.4396844E+00   -0.1067139E+01   -0.1250625E+00    0.3281232E+00    0.3294028E+01    0.2289795E+01    0.1281907E+01   -0.2902692E-03   -0.1075725E-03
    0.1733485E-04    0.1427311E-03   -0.3331719E-04    0.7701173E-03    0.1286588E-02   -0.7845992E-03   -0.1095173E-02    0.8524814E-02   -0.2141285E-03   -0.1268125E+01    0.8230058E-01    0.2587085E+01   -0.1243574E+02    0.3807745E+01    0.5897241E+01    0.8178224E-01   -0.2333918E+01   -0.1999609E+00    0.2289795E+01    0.1626877E+02    0.2384118E+02   -0.5171697E-04    0.2450309E-02
    0.4214725E-04   -0.1160305E-04    0.1836999E-04    0.1952880E-02    0.5181161E-02    0.7490593E-03    0.9703363E-03    0.1161319E-01    0.7151914E-03   -0.1774078E+02    0.1212359E+00    0.2403047E+01   -0.2027991E+02    0.3634111E+01    0.7642654E+01    0.1615066E+02   -0.2152484E+01   -0.4063330E+00    0.1281907E+01    0.2384118E+02    0.5081236E+02    0.1685001E-04    0.4130451E-02
    0.5608430E-09   -0.1104593E-07    0.1233820E-07   -0.4447733E-07    0.8689575E-08   -0.1729013E-06    0.2006721E-06   -0.1052145E-05   -0.6738878E-07   -0.3648801E-03    0.9318779E-05    0.1842665E-03    0.6690282E-02    0.1252795E-03    0.8868883E-03    0.8775494E-03   -0.1510263E-03    0.3017872E-03   -0.2902692E-03   -0.5171697E-04    0.1685001E-04    0.6348776E-06   -0.2279022E-07
   -0.1964634E-08    0.5713827E-07    0.1569099E-08   -0.8873506E-07    0.6276499E-07   -0.7594064E-06   -0.9348860E-06    0.2069527E-05    0.2119475E-07    0.4575079E-02   -0.1001555E-04   -0.3571333E-03    0.5107046E-02    0.5311629E-03   -0.2155821E-02   -0.7602829E-02    0.2462584E-03   -0.4153717E-05   -0.1075725E-03    0.2450309E-02    0.4130451E-02   -0.2279022E-07    0.2029420E-05
