# omegabh2 omegach2 theta tau alpha1 logA ns calPlanck acib217 xi asz143 aps100 aps143 aps143217 aps217 aksz kgal100 kgal143 kgal143217 kgal217 cal0 cal2
    0.6259809E-07   -0.2680004E-06    0.3820127E-07    0.2714676E-05   -0.1838013E-06    0.5060680E-05    0.6398787E-06    0.1854460E-07   -0.2276629E-03    0.4284057E-05    0.6311727E-04   -0.1123674E-02   -0.6139680E-03   -0.1792890E-03   -0.7532797E-05   -0.8923614E-04    0.8589630E-05    0.1219481E-06   -0.1658023E-04    0.2719330E-04    0.3459421E-08   -0.2041382E-07
   -0.2680004E-06    0.5154748E-05   -0.6025440E-06   -0.1963016E-04   -0.5866501E-06   -0.2654745E-04   -0.1359839E-04   -0.1346317E-06    0.9762312E-03   -0.1717913E-04   -0.2608941E-03    0.4312264E-02    0.2710517E-02    0.9288323E-03    0.9092979E-04    0.3735525E-03    0.4066354E-04   -0.1161575E-04    0.9717054E-04    0.5443885E-05   -0.1304817E-07    0.1110883E-06
    0.3820127E-07   -0.6025440E-06    0.2841168E-06    0.1534527E-05    0.3983520E-06    0.1637779E-05    0.2281804E-05    0.5430354E-07   -0.1483332E-03    0.2057319E-05    0.3742255E-04   -0.5647541E-03   -0.3644857E-03   -0.1015204E-03    0.3141092E-04   -0.4935713E-04    0.1440332E-05    0.5225364E-05   -0.1323988E-04    0.1387884E-04   -0.2220552E-08   -0.1691915E-07
    0.2714676E-05   -0.1963016E-04    0.1534527E-05    0.4513225E-03   -0.1462197E-04    0.8630637E-03    0.5248689E-04   -0.4991656E-06   -0.1849691E-01    0.3167459E-03    0.4031068E-02   -0.8121803E-01   -0.3599579E-01   -0.5494977E-02    0.8731927E-02   -0.7558910E-02   -0.2958844E-03   -0.7198318E-03   -0.2290173E-02    0.1103926E-02    0.3349037E-07   -0.2050283E-05
   -0.1838013E-06   -0.5866501E-06    0.3983520E-06   -0.1462197E-04    0.4643031E-05   -0.3365747E-04    0.6152301E-05   -0.5355825E-07   -0.1636140E-04    0.1441845E-05    0.2484060E-04    0.4178466E-03    0.8537974E-03    0.8802329E-03    0.7794944E-03   -0.7338761E-04   -0.7253090E-04   -0.2652873E-04    0.5151311E-04    0.2254708E-04   -0.3574486E-07   -0.6114808E-09
    0.5060680E-05   -0.2654745E-04    0.1637779E-05    0.8630637E-03   -0.3365747E-04    0.1709363E-02    0.6638755E-04    0.1108345E-04   -0.3504354E-01    0.6550833E-03    0.7471585E-02   -0.1475678E+00   -0.6440804E-01   -0.6122186E-02    0.2328578E-01   -0.1511639E-01   -0.7764007E-03   -0.1868732E-02   -0.4679069E-02    0.3926765E-02    0.2957784E-06   -0.3940556E-05
    0.6398787E-06   -0.1359839E-04    0.2281804E-05    0.5248689E-04    0.6152301E-05    0.6638755E-04    0.5332705E-04    0.3861409E-06   -0.7811654E-02    0.1780191E-03    0.1922706E-02   -0.3864657E-01   -0.1250993E-01    0.2059236E-02    0.7156970E-02   -0.3705083E-02    0.1922961E-03   -0.2304389E-03   -0.6931836E-03    0.6411817E-03   -0.2028705E-06   -0.7749585E-06
    0.1854460E-07   -0.1346317E-06    0.5430354E-07   -0.4991656E-06   -0.5355825E-07    0.1108345E-04    0.3861409E-06    0.6106764E-05    0.6222844E-03    0.4044884E-05   -0.1320483E-04    0.3580916E-02    0.5875737E-03    0.3873041E-03    0.1352643E-02   -0.3304712E-04   -0.3893733E-04    0.4269341E-04    0.4382387E-04    0.8241358E-03   -0.1064355E-07   -0.1879063E-07
   -0.2276629E-03    0.9762312E-03   -0.1483332E-03   -0.1849691E-01   -0.1636140E-04   -0.3504354E-01   -0.7811654E-02    0.6222844E-03    0.4335803E+02   -0.5152503E+00   -0.1790140E+01    0.4627817E+02    0.1398313E+01   -0.2119083E+02   -0.6038483E+02    0.5922380E+00   -0.2338074E+00    0.6098452E-01   -0.2163304E+01   -0.1848521E+02   -0.2818975E-03    0.4314495E-02
    0.4284057E-05   -0.1717913E-04    0.2057319E-05    0.3167459E-03    0.1441845E-05    0.6550833E-03    0.1780191E-03    0.4044884E-05   -0.5152503E+00    0.8110527E-01   -0.6731705E-01   -0.5610690E+00    0.9570699E+00    0.1841351E+01    0.7770975E+00    0.6556864E-01   -0.1540882E-02    0.3753881E-02    0.9597576E-01    0.1044856E+00    0.8917087E-05   -0.2039761E-04
    0.6311727E-04   -0.2608941E-03    0.3742255E-04    0.4031068E-02    0.2484060E-04    0.7471585E-02    0.1922706E-02   -0.1320483E-04   -0.1790140E+01   -0.6731705E-01    0.3765434E+01   -0.3055174E+02   -0.3991696E+01    0.7812211E+01    0.6881904E+01   -0.2791293E+01   -0.1385268E+00    0.6110026E-01    0.2422550E+01    0.2249121E+01    0.1685732E-03   -0.3462592E-03
   -0.1123674E-02    0.4312264E-02   -0.5647541E-03   -0.8121803E-01    0.4178466E-03   -0.1475678E+00   -0.3864657E-01    0.3580916E-02    0.4627817E+02   -0.5610690E+00   -0.3055174E+02    0.8013756E+03    0.7606207E+02   -0.5996912E+02   -0.7381221E+02    0.1497342E+02   -0.4632417E+01    0.2908990E+01   -0.1247652E+02   -0.1784431E+02    0.6254270E-02    0.4479748E-02
   -0.6139680E-03    0.2710517E-02   -0.3644857E-03   -0.3599579E-01    0.8537974E-03   -0.6440804E-01   -0.1250993E-01    0.5875737E-03    0.1398313E+01    0.9570699E+00   -0.3991696E+01    0.7606207E+02    0.6383058E+02    0.4521880E+02    0.1878482E+02   -0.4128024E+01   -0.4421203E+00   -0.1201541E+01    0.3579142E+01    0.3260507E+01    0.1985640E-03    0.1585451E-03
   -0.1792890E-03    0.9288323E-03   -0.1015204E-03   -0.5494977E-02    0.8802329E-03   -0.6122186E-02    0.2059236E-02    0.3873041E-03   -0.2119083E+02    0.1841351E+01    0.7812211E+01   -0.5996912E+02    0.4521880E+02    0.9918566E+02    0.6853715E+02   -0.1228007E+02   -0.6418031E+00   -0.5249910E+00    0.4724687E+01    0.5301278E+01    0.8073223E-03   -0.2562534E-02
   -0.7532797E-05    0.9092979E-04    0.3141092E-04    0.8731927E-02    0.7794944E-03    0.2328578E-01    0.7156970E-02    0.1352643E-02   -0.6038483E+02    0.7770975E+00    0.6881904E+01   -0.7381221E+02    0.1878482E+02    0.6853715E+02    0.1220144E+03   -0.1071858E+02   -0.1653057E+00   -0.3877246E+00   -0.1759333E+00    0.1503445E+02    0.7277187E-03   -0.7585958E-02
   -0.8923614E-04    0.3735525E-03   -0.4935713E-04   -0.7558910E-02   -0.7338761E-04   -0.1511639E-01   -0.3705083E-02   -0.3304712E-04    0.5922380E+00    0.6556864E-01   -0.2791293E+01    0.1497342E+02   -0.4128024E+01   -0.1228007E+02   -0.1071858E+02    0.6283864E+01    0.1029802E+00   -0.2376841E-01   -0.1906818E+01   -0.1637648E+01   -0.1235615E-03    0.2012191E-03
    0.8589630E-05    0.4066354E-04    0.1440332E-05   -0.2958844E-03   -0.7253090E-04   -0.7764007E-03    0.1922961E-03   -0.3893733E-04   -0.2338074E+00   -0.1540882E-02   -0.1385268E+00   -0.4632417E+01   -0.4421203E+00   -0.6418031E+00   -0.1653057E+00    0.1029802E+00    0.3533532E+01    0.4544557E+00    0.1632147E+00    0.2781924E+00    0.2856365E-03   -0.2143325E-04
    0.1219481E-06   -0.1161575E-04    0.5225364E-05   -0.7198318E-03   -0.2652873E-04   -0.1868732E-02   -0.2304389E-03    0.4269341E-04    0.6098452E-01    0.3753881E-02    0.6110026E-01    0.2908990E+01   -0.1201541E+01   -0.5249910E+00   -0.3877246E+00   -0.2376841E-01    0.4544557E+00    0.3392041E+01    0.2593532E+01    0.1735929E+01   -0.2804383E-03   -0.2210626E-03
   -0.1658023E-04    0.9717054E-04   -0.1323988E-04   -0.2290173E-02    0.5151311E-04   -0.4679069E-02   -0.6931836E-03    0.4382387E-04   -0.2163304E+01    0.9597576E-01    0.2422550E+01   -0.1247652E+02    0.3579142E+01    0.4724687E+01   -0.1759333E+00   -0.1906818E+01    0.1632147E+00    0.2593532E+01    0.1745861E+02    0.2615632E+02    0.2788184E-04    0.2547165E-02
    0.2719330E-04    0.5443885E-05    0.1387884E-04    0.1103926E-02    0.2254708E-04    0.3926765E-02    0.6411817E-03    0.8241358E-03   -0.1848521E+02    0.1044856E+00    0.2249121E+01   -0.1784431E+02    0.3260507E+01    0.5301278E+01    0.1503445E+02   -0.1637648E+01    0.2781924E+00    0.1735929E+01    0.2615632E+02    0.5523163E+02    0.1491983E-03    0.4676714E-02
    0.3459421E-08   -0.1304817E-07   -0.2220552E-08    0.3349037E-07   -0.3574486E-07    0.2957784E-06   -0.2028705E-06   -0.1064355E-07   -0.2818975E-03    0.8917087E-05    0.1685732E-03    0.6254270E-02    0.1985640E-03    0.8073223E-03    0.7277187E-03   -0.1235615E-03    0.2856365E-03   -0.2804383E-03    0.2788184E-04    0.1491983E-03    0.5985766E-06    0.1176558E-07
   -0.2041382E-07    0.1110883E-06   -0.1691915E-07   -0.2050283E-05   -0.6114808E-09   -0.3940556E-05   -0.7749585E-06   -0.1879063E-07    0.4314495E-02   -0.2039761E-04   -0.3462592E-03    0.4479748E-02    0.1585451E-03   -0.2562534E-02   -0.7585958E-02    0.2012191E-03   -0.2143325E-04   -0.2210626E-03    0.2547165E-02    0.4676714E-02    0.1176558E-07    0.2108310E-05
