# omegabh2 omegach2 theta tau w logA ns calPlanck aps100 aps143 aps217 acib217 asz143 psr cibr xi aksz dust100 dust143 dust217 dust143x217 cal0 cal2 calTE calEE
  2.3314473E-08  -8.1235975E-08   1.4540148E-08   2.0653233E-07  -3.7410615E-06   2.9471122E-07   2.6093309E-07   4.2160475E-09  -4.0806403E-04  -2.7620997E-04   4.5603999E-05  -1.2257142E-04   1.5899984E-05   1.0797200E-06  -2.4643282E-06   1.5940198E-06  -2.5447525E-05   6.2229263E-07  -1.1219822E-07   7.0619392E-07   1.9518003E-07   4.2151720E-09  -8.6863071E-09  -9.9974932E-08  -2.7148378E-07
 -8.1235975E-08   1.3907479E-06  -1.0925269E-07  -2.3561803E-06   5.1742841E-05  -2.0455322E-06  -3.0911736E-06  -2.4970591E-07   7.9437508E-04   6.1946807E-04  -1.5388380E-04   3.9965531E-04  -2.4916466E-05  -3.6608904E-06   8.3662683E-06  -1.3426467E-05   2.8236708E-05  -1.7789412E-07   2.4310402E-06  -3.5000375E-06  -3.9492293E-06  -4.7102634E-08   4.6929354E-08  -2.2435475E-07  -5.9777259E-07
  1.4540148E-08  -1.0925269E-07   9.2757613E-08   2.5915013E-07  -6.0939502E-06   4.1774136E-07   3.5462698E-07   2.4530239E-08  -3.2210660E-05  -1.5093029E-05  -3.9542102E-05  -2.5358773E-05   4.9836936E-06   5.9332747E-08   7.6183266E-07   2.3193108E-06  -4.3767643E-06  -1.3704069E-06  -6.2995099E-07   8.8417762E-07   2.6700114E-07   5.2726334E-09   5.4582905E-09  -8.2135557E-08   5.9617964E-09
  2.0653233E-07  -2.3561803E-06   2.5915013E-07   3.4089991E-05   1.3367201E-04   6.1777656E-05   7.1660216E-06  -2.2171356E-07  -8.7759330E-03  -3.7670160E-03   8.7161593E-04  -2.6693045E-03   2.1220270E-04  -5.9561069E-07  -1.8592512E-05   1.6561499E-05   1.2270244E-05   4.0700652E-06   2.2405662E-05   2.7208822E-05   1.4087636E-05  -1.3862727E-07  -2.4084065E-07  -1.5254425E-06  -7.8153957E-07
 -3.7410615E-06   5.1742841E-05  -6.0939502E-06   1.3367201E-04   7.2292648E-02   5.0848051E-04  -1.1989108E-04   5.2423081E-05   2.8913100E-02   2.7297158E-02   2.1627371E-02   2.3771227E-02  -2.8379597E-03  -9.3523151E-07  -9.7981302E-04  -1.5969586E-03   5.8280997E-03  -1.2423647E-03  -1.0391261E-03  -4.1681007E-04  -3.7746370E-04  -3.7216020E-06   2.4278427E-06   5.8016355E-05   3.9866561E-05
  2.9471122E-07  -2.0455322E-06   4.1774136E-07   6.1777656E-05   5.0848051E-04   1.4323883E-04   7.3037220E-06   1.0972149E-05  -1.0974357E-02  -3.9709366E-03   1.0923083E-02  -6.0799480E-03   4.0296742E-04   3.6972413E-05  -1.1281850E-04   7.4580797E-05  -1.1507740E-03  -1.3409815E-07  -3.7604689E-05   6.0953919E-05   1.2851814E-05   2.3024572E-07  -6.1181417E-07  -3.3540186E-06   2.5921118E-07
  2.6093309E-07  -3.0911736E-06   3.5462698E-07   7.1660216E-06  -1.1989108E-04   7.3037220E-06   1.6781928E-05   8.3626046E-07  -2.2616002E-02  -6.7164499E-03   7.9896240E-03  -5.8260449E-03   5.5277589E-04   6.6963761E-05  -1.0765356E-04   8.2161239E-05  -1.9891383E-03   9.2353734E-06  -4.1595725E-05   2.6435321E-05  -1.3554575E-05  -2.0425704E-07  -4.4641291E-07  -1.0881602E-07  -2.4800940E-06
  4.2160475E-09  -2.4970591E-07   2.4530239E-08  -2.2171356E-07   5.2423081E-05   1.0972149E-05   8.3626046E-07   6.0111020E-06   2.7792949E-03   8.3872888E-04   2.2153069E-03   3.6147191E-04   1.7826162E-05   9.8186147E-06  -1.4719330E-05   2.0052166E-05  -1.9197314E-04   1.7282887E-06   7.5471086E-07   9.1889254E-07   6.0861643E-09  -1.2794941E-08  -1.3767120E-07  -1.3273385E-07   4.2583882E-07
 -4.0806403E-04   7.9437508E-04  -3.2210660E-05  -8.7759330E-03   2.8913100E-02  -1.0974357E-02  -2.2616002E-02   2.7792949E-03   6.1837920E+02   5.4842454E+01  -6.0691311E+01   3.2913375E+01  -2.5510111E+01  -8.5957567E-01  -2.5117748E-01  -2.5825949E-01   1.0426167E+01  -2.3644967E-01   4.5487553E-01  -2.9926927E-01  -9.5009709E-02   6.5957012E-03   2.2626176E-03  -5.2848705E-04   7.1425703E-03
 -2.7620997E-04   6.1946807E-04  -1.5093029E-05  -3.7670160E-03   2.7297158E-02  -3.9709366E-03  -6.7164499E-03   8.3872888E-04   5.4842454E+01   6.5142097E+01   7.7457390E+00   6.8762800E+00   1.3657780E-01  -3.7187754E-02   4.8371061E-01   8.9120325E-01  -8.5154363E+00  -5.9382402E-02  -2.5848224E-01   6.2138695E-02   8.5056960E-02   8.5128115E-04   8.6127109E-04   1.6479073E-03   4.4402761E-03
  4.5603999E-05  -1.5388380E-04  -3.9542102E-05   8.7161593E-04   2.1627371E-02   1.0923083E-02   7.9896240E-03   2.2153069E-03  -6.0691311E+01   7.7457390E+00   1.6914364E+02  -7.9169850E+01   3.3073176E+00   3.1600341E-01  -9.5234643E-01   2.8737326E-01  -7.5697232E+00  -8.8387630E-02  -2.4521242E-01   5.3027006E-01  -3.0121628E-02   1.4744973E-03  -7.7242857E-03   3.2804463E-03   2.3503995E-03
 -1.2257142E-04   3.9965531E-04  -2.5358773E-05  -2.6693045E-03   2.3771227E-02  -6.0799480E-03  -5.8260449E-03   3.6147191E-04   3.2913375E+01   6.8762800E+00  -7.9169850E+01   4.9721820E+01   1.4828639E+00  -2.3057130E-02   6.6661249E-01  -2.2078442E-01  -2.5802730E+00   4.7031956E-02   1.3737393E-01  -4.3787176E-01  -9.3719003E-02  -3.5216885E-04   3.0510966E-03  -7.0878390E-04   3.2812959E-04
  1.5899984E-05  -2.4916466E-05   4.9836936E-06   2.1220270E-04  -2.8379597E-03   4.0296742E-04   5.5277589E-04   1.7826162E-05  -2.5510111E+01   1.3657780E-01   3.3073176E+00   1.4828639E+00   4.3696247E+00   1.0466143E-01   1.5968549E-01  -3.5342448E-02  -3.5727198E+00   1.9827435E-03  -1.1366362E-02   1.1491789E-02   5.0206368E-02   4.7318033E-04  -2.2749503E-04  -1.4354792E-05  -4.1290961E-04
  1.0797200E-06  -3.6608904E-06   5.9332747E-08  -5.9561069E-07  -9.3523151E-07   3.6972413E-05   6.6963761E-05   9.8186147E-06  -8.5957567E-01  -3.7187754E-02   3.1600341E-01  -2.3057130E-02   1.0466143E-01   1.6166200E-02  -1.6169053E-02   1.0915307E-02  -9.8285481E-02  -2.1662573E-04  -1.7419371E-03  -2.8972650E-03   4.9573162E-03   2.1444745E-05  -3.6079721E-05   3.9373354E-05   4.6729882E-06
 -2.4643282E-06   8.3662683E-06   7.6183266E-07  -1.8592512E-05  -9.7981302E-04  -1.1281850E-04  -1.0765356E-04  -1.4719330E-05  -2.5117748E-01   4.8371061E-01  -9.5234643E-01   6.6661249E-01   1.5968549E-01  -1.6169053E-02   6.8003299E-02   5.4438435E-03  -1.6559547E-01   1.3258173E-03   6.5480642E-03   7.3283449E-04  -1.7197989E-02  -1.2203245E-05   9.8370450E-05  -4.8376422E-05  -2.4944418E-05
  1.5940198E-06  -1.3426467E-05   2.3193108E-06   1.6561499E-05  -1.5969586E-03   7.4580797E-05   8.2161239E-05   2.0052166E-05  -2.5825949E-01   8.9120325E-01   2.8737326E-01  -2.2078442E-01  -3.5342448E-02   1.0915307E-02   5.4438435E-03   7.9760201E-02   3.9957774E-02  -9.4740378E-04  -1.1837622E-03   1.4042773E-03   1.0401347E-03   1.5368774E-05   6.4796044E-06   4.3956043E-05   2.0143033E-05
 -2.5447525E-05   2.8236708E-05  -4.3767643E-06   1.2270244E-05   5.8280997E-03  -1.1507740E-03  -1.9891383E-03  -1.9197314E-04   1.0426167E+01  -8.5154363E+00  -7.5697232E+00  -2.5802730E+00  -3.5727198E+00  -9.8285481E-02  -1.6559547E-01   3.9957774E-02   7.3163832E+00  -1.2274251E-03   1.2843473E-02  -6.1496222E-03  -4.6830339E-02  -4.5585743E-04   7.9416023E-05  -4.6164602E-04   3.1134589E-05
  6.2229263E-07  -1.7789412E-07  -1.3704069E-06   4.0700652E-06  -1.2423647E-03  -1.3409815E-07   9.2353734E-06   1.7282887E-06  -2.3644967E-01  -5.9382402E-02  -8.8387630E-02   4.7031956E-02   1.9827435E-03  -2.1662573E-04   1.3258173E-03  -9.4740378E-04  -1.2274251E-03   3.8672997E-02   2.5489777E-03  -2.3051188E-04   6.3465226E-05   3.7342540E-05   3.1256487E-06  -3.1627909E-05  -3.5613552E-05
 -1.1219822E-07   2.4310402E-06  -6.2995099E-07   2.2405662E-05  -1.0391261E-03  -3.7604689E-05  -4.1595725E-05   7.5471086E-07   4.5487553E-01  -2.5848224E-01  -2.4521242E-01   1.3737393E-01  -1.1366362E-02  -1.7419371E-03   6.5480642E-03  -1.1837622E-03   1.2843473E-02   2.5489777E-03   3.1308116E-02  -6.8014727E-04   4.9585484E-03  -7.5001499E-05  -4.7432391E-05  -7.4834710E-05  -7.1758603E-05
  7.0619392E-07  -3.5000375E-06   8.8417762E-07   2.7208822E-05  -4.1681007E-04   6.0953919E-05   2.6435321E-05   9.1889254E-07  -2.9926927E-01   6.2138695E-02   5.3027006E-01  -4.3787176E-01   1.1491789E-02  -2.8972650E-03   7.3283449E-04   1.4042773E-03  -6.1496222E-03  -2.3051188E-04  -6.8014727E-04   1.0659769E-02   8.1504671E-03   1.4249143E-06   6.4630180E-05  -2.7244454E-06  -8.9943695E-07
  1.9518003E-07  -3.9492293E-06   2.6700114E-07   1.4087636E-05  -3.7746370E-04   1.2851814E-05  -1.3554575E-05   6.0861643E-09  -9.5009709E-02   8.5056960E-02  -3.0121628E-02  -9.3719003E-02   5.0206368E-02   4.9573162E-03  -1.7197989E-02   1.0401347E-03  -4.6830339E-02   6.3465226E-05   4.9585484E-03   8.1504671E-03   2.5836472E-02   6.7542491E-07   5.9149949E-05  -1.6286444E-05  -2.7168594E-06
  4.2151720E-09  -4.7102634E-08   5.2726334E-09  -1.3862727E-07  -3.7216020E-06   2.3024572E-07  -2.0425704E-07  -1.2794941E-08   6.5957012E-03   8.5128115E-04   1.4744973E-03  -3.5216885E-04   4.7318033E-04   2.1444745E-05  -1.2203245E-05   1.5368774E-05  -4.5585743E-04   3.7342540E-05  -7.5001499E-05   1.4249143E-06   6.7542491E-07   1.0849229E-06   3.6473737E-08   4.1078054E-07   5.8422037E-07
 -8.6863071E-09   4.6929354E-08   5.4582905E-09  -2.4084065E-07   2.4278427E-06  -6.1181417E-07  -4.4641291E-07  -1.3767120E-07   2.2626176E-03   8.6127109E-04  -7.7242857E-03   3.0510966E-03  -2.2749503E-04  -3.6079721E-05   9.8370450E-05   6.4796044E-06   7.9416023E-05   3.1256487E-06  -4.7432391E-05   6.4630180E-05   5.9149949E-05   3.6473737E-08   2.5264986E-06   2.0213870E-07   2.9080021E-07
 -9.9974932E-08  -2.2435475E-07  -8.2135557E-08  -1.5254425E-06   5.8016355E-05  -3.3540186E-06  -1.0881602E-07  -1.3273385E-07  -5.2848705E-04   1.6479073E-03   3.2804463E-03  -7.0878390E-04  -1.4354792E-05   3.9373354E-05  -4.8376422E-05   4.3956043E-05  -4.6164602E-04  -3.1627909E-05  -7.4834710E-05  -2.7244454E-06  -1.6286444E-05   4.1078054E-07   2.0213870E-07   2.3630910E-05   8.0922876E-06
 -2.7148378E-07  -5.9777259E-07   5.9617964E-09  -7.8153957E-07   3.9866561E-05   2.5921118E-07  -2.4800940E-06   4.2583882E-07   7.1425703E-03   4.4402761E-03   2.3503995E-03   3.2812959E-04  -4.1290961E-04   4.6729882E-06  -2.4944418E-05   2.0143033E-05   3.1134589E-05  -3.5613552E-05  -7.1758603E-05  -8.9943695E-07  -2.7168594E-06   5.8422037E-07   2.9080021E-07   8.0922876E-06   2.4266398E-05
