# omegabh2 omegach2 theta tau nnu logA ns calPlanck acib217 xi asz143 aps100 aps143 aps143217 aps217 aksz kgal100 kgal143 kgal143217 kgal217 galfTE100 galfTE100143 galfTE100217 galfTE143 galfTE143217 galfTE217 cal0 cal2
  3.2480546E-08   2.8654064E-07  -2.9259596E-08   1.9206967E-07   2.0907316E-05   1.2316765E-06   8.1207261E-07   7.6793544E-09   3.3579961E-05  -7.4524176E-08  -7.0850475E-06   2.4468217E-04   7.5100473E-05   2.5138577E-05  -6.1456205E-06   1.8293140E-05   5.7555122E-06   6.5439365E-06   5.7454700E-06  -5.5082923E-06   4.7648705E-08  -1.5084289E-07  -3.1342507E-07  -3.0244250E-07  -5.0553368E-07  -1.0226514E-06   8.7130639E-10   1.7565149E-09
  2.8654064E-07   8.2257775E-06  -9.0270797E-07  -1.6684988E-06   4.6683432E-04   1.7003926E-05   1.3579994E-05  -3.5553371E-07   2.4470122E-03  -6.2570910E-05  -5.3626918E-04   1.4263030E-02   5.7001001E-03   1.1632864E-03  -6.4072130E-04   1.0734657E-03   1.0802389E-04   3.8398511E-04   4.4727583E-04  -2.1345896E-04   3.0427248E-06   1.4156203E-06  -1.2575846E-06   2.0585470E-06   1.1845241E-06   2.6626200E-05  -8.3981951E-09   5.8258255E-08
 -2.9259596E-08  -9.0270797E-07   1.8331001E-07   1.2386396E-07  -5.4114321E-05  -1.8954598E-06  -1.5656435E-06   4.4665799E-08  -2.7199633E-04   9.5156555E-06   5.4364661E-05  -1.5522375E-03  -6.0629446E-04  -6.9885390E-05   1.0102834E-04  -1.2579753E-04  -1.3713810E-05  -4.8679360E-05  -5.5313374E-05   1.5813400E-05  -3.4828079E-07  -1.8536619E-07  -1.9194806E-07  -3.4556785E-07  -3.9526457E-07  -2.9234371E-06   6.4316154E-10  -5.5194660E-09
  1.9206967E-07  -1.6684988E-06   1.2386396E-07   5.4318017E-05   3.9345141E-05   1.0113076E-04   9.1845219E-06  -1.1964629E-06  -1.1458163E-03   3.4467348E-05   3.3781783E-04  -1.0483858E-02  -2.8234781E-03  -7.2851636E-04  -9.9335655E-04  -3.4599029E-04   2.8766232E-04  -7.1609918E-05  -2.9394742E-04  -3.3142430E-04   2.9443660E-06   4.3526442E-06  -8.7993487E-06  -2.6352416E-06  -4.0492398E-06  -3.8254263E-05  -4.1756686E-09  -1.2071194E-07
  2.0907316E-05   4.6683432E-04  -5.4114321E-05   3.9345141E-05   2.9386122E-02   1.2610396E-03   9.7027070E-04  -1.0785565E-05   1.3992759E-01  -3.5453248E-03  -3.0722340E-02   8.2932822E-01   3.3678735E-01   7.1618105E-02  -3.2966563E-02   6.4713356E-02   1.0192500E-02   2.4424973E-02   2.8155359E-02  -7.0914394E-03   1.8242071E-04   5.6601844E-05  -1.6048692E-04   2.7939828E-05  -6.7751962E-05   1.0874669E-03  -7.6717999E-07   3.0162744E-06
  1.2316765E-06   1.7003926E-05  -1.8954598E-06   1.0113076E-04   1.2610396E-03   2.6589787E-04   5.2944918E-05   9.1208696E-06   3.0547016E-03  -3.5407873E-05  -7.6436138E-04   1.7150708E-02   9.0116318E-03   3.6772688E-03   2.2248018E-03   1.3533966E-03   7.6230500E-04   3.4389460E-04  -2.6926768E-05   6.2476161E-04   8.4430137E-06   8.9973542E-06  -2.7112565E-05  -4.8058819E-07  -9.0313830E-06  -1.7508412E-05   7.5222203E-08  -1.9996979E-08
  8.1207261E-07   1.3579994E-05  -1.5656435E-06   9.1845219E-06   9.7027070E-04   5.2944918E-05   4.5224882E-05   3.1304649E-07   6.6112785E-04  -2.0916953E-05  -2.8897181E-04   5.5592782E-03   5.5335171E-03   3.9223351E-03   3.3685632E-03   2.4350833E-04   6.7840689E-04   4.1710795E-04   3.4278651E-04   5.8756568E-04   6.1669882E-06   2.1619419E-06  -9.7353551E-06  -4.4302080E-06  -1.2354073E-05   2.4675275E-05  -1.1692895E-07   2.2180588E-08
  7.6793544E-09  -3.5553371E-07   4.4665799E-08  -1.1964629E-06  -1.0785565E-05   9.1208696E-06   3.1304649E-07   6.1576303E-06   3.6017609E-04  -9.7520060E-07  -2.0854397E-05   2.8664992E-03   1.9439660E-05   1.7356311E-04   1.4302777E-03  -1.4029416E-05   1.0607041E-04   1.6846519E-05  -6.2871066E-05   8.9518648E-04  -1.2255166E-06  -8.7686015E-07  -2.2915150E-06  -1.5616366E-07  -9.9441601E-07  -1.1096095E-06  -1.3324566E-08   2.6941553E-08
  3.3579961E-05   2.4470122E-03  -2.7199633E-04  -1.1458163E-03   1.3992759E-01   3.0547016E-03   6.6112785E-04   3.6017609E-04   4.5368224E+01  -4.0459683E-01  -1.1250447E+00   4.0408203E+01   3.4040965E+00  -1.2864304E+01  -5.5775261E+01   1.5374228E-01   3.9494057E-01   5.2319139E-01  -6.1935329E+00  -3.4356043E+01   5.6527665E-03   2.9346622E-03   9.3356624E-03  -4.5653876E-03   1.6324826E-04   1.5284066E-02  -1.6752799E-04   6.8602084E-04
 -7.4524176E-08  -6.2570910E-05   9.5156555E-06   3.4467348E-05  -3.5453248E-03  -3.5407873E-05  -2.0916953E-05  -9.7520060E-07  -4.0459683E-01   8.0180880E-02  -2.8770702E-02  -7.8693781E-01   8.3083475E-01   1.6631747E+00   6.2447264E-01   4.0875003E-02  -2.6117749E-02   9.0439950E-03   1.1325117E-01   1.5525326E-01  -3.2951846E-05  -3.1559532E-05  -5.6475223E-05   3.1301299E-04   1.9293915E-05   1.9874978E-04   3.1041414E-06   1.6069137E-06
 -7.0850475E-06  -5.3626918E-04   5.4364661E-05   3.3781783E-04  -3.0722340E-02  -7.6436138E-04  -2.8897181E-04  -2.0854397E-05  -1.1250447E+00  -2.8770702E-02   3.7344229E+00  -2.9557149E+01  -3.3911142E+00   7.4386962E+00   5.3864760E+00  -2.5854077E+00  -2.0531789E-01   8.7951848E-02   2.5594294E+00   3.3466202E+00   2.3192639E-05   1.1534815E-03  -5.8552326E-03   1.6012598E-03  -6.4655409E-04  -4.8842998E-03   1.2145759E-04  -3.9153476E-05
  2.4468217E-04   1.4263030E-02  -1.5522375E-03  -1.0483858E-02   8.2932822E-01   1.7150708E-02   5.5592782E-03   2.8664992E-03   4.0408203E+01  -7.8693781E-01  -2.9557149E+01   7.7180182E+02   7.3196200E+01  -5.5370752E+01  -6.4056889E+01   1.4894026E+01  -5.6133738E+00   6.8278989E+00  -9.4899673E+00  -2.2477059E+01   6.9557852E-03  -1.3491866E-02   7.4962911E-02  -4.1438489E-02   1.6820763E-02   8.7143261E-02   3.7031158E-03   6.5844589E-04
  7.5100473E-05   5.7001001E-03  -6.0629446E-04  -2.8234781E-03   3.3678735E-01   9.0116318E-03   5.5335171E-03   1.9439660E-05   3.4040965E+00   8.3083475E-01  -3.3911142E+00   7.3196200E+01   6.1247493E+01   3.8452777E+01   1.3115849E+01  -3.5793157E+00  -3.1439358E-01  -8.4853942E-01   3.7039714E+00   3.7942061E+00   2.1927354E-03   1.0944425E-03   3.1577440E-04   5.9523129E-03   8.0861835E-03   2.6984280E-02   8.2229651E-05   1.7900710E-04
  2.5138577E-05   1.1632864E-03  -6.9885390E-05  -7.2851636E-04   7.1618105E-02   3.6772688E-03   3.9223351E-03   1.7356311E-04  -1.2864304E+01   1.6631747E+00   7.4386962E+00  -5.5370752E+01   3.8452777E+01   8.2678329E+01   5.1388362E+01  -1.0624582E+01  -1.0755285E+00  -6.8271680E-01   4.9920665E+00   8.3997121E+00  -2.1494233E-03   1.1934995E-03  -5.7165575E-03   1.2278895E-02   3.7128219E-03   1.8831012E-02   4.6424906E-04  -2.3907477E-04
 -6.1456205E-06  -6.4072130E-04   1.0102834E-04  -9.9335655E-04  -3.2966563E-02   2.2248018E-03   3.3685632E-03   1.4302777E-03  -5.5775261E+01   6.2447264E-01   5.3864760E+00  -6.4056889E+01   1.3115849E+01   5.1388362E+01   1.0362623E+02  -8.6999635E+00  -7.4019139E-01  -1.0818667E+00   6.1687985E+00   3.5257688E+01  -8.9690272E-03  -8.0741513E-04  -7.4858437E-03   1.2299353E-02   3.6110505E-03  -3.7961720E-03   4.5665793E-04  -1.2004366E-03
  1.8293140E-05   1.0734657E-03  -1.2579753E-04  -3.4599029E-04   6.4713356E-02   1.3533966E-03   2.4350833E-04  -1.4029416E-05   1.5374228E-01   4.0875003E-02  -2.5854077E+00   1.4894026E+01  -3.5793157E+00  -1.0624582E+01  -8.6999635E+00   5.5111348E+00   1.0748084E-01  -1.0561106E-01  -1.8279399E+00  -2.1159016E+00   1.1820250E-03  -2.9179188E-04   9.9075354E-04   3.6786906E-04   1.5322808E-03   1.4695068E-04  -9.0667024E-05   9.8285012E-06
  5.7555122E-06   1.0802389E-04  -1.3713810E-05   2.8766232E-04   1.0192500E-02   7.6230500E-04   6.7840689E-04   1.0607041E-04   3.9494057E-01  -2.6117749E-02  -2.0531789E-01  -5.6133738E+00  -3.1439358E-01  -1.0755285E+00  -7.4019139E-01   1.0748084E-01   3.3808817E+00   4.9937350E-01   9.2364086E-02  -1.0069943E-01   1.3195060E-03   6.4749326E-04  -3.5019701E-03   6.4375023E-04   6.2373906E-04   1.8784917E-03   1.8240577E-04  -1.7149556E-05
  6.5439365E-06   3.8398511E-04  -4.8679360E-05  -7.1609918E-05   2.4424973E-02   3.4389460E-04   4.1710795E-04   1.6846519E-05   5.2319139E-01   9.0439950E-03   8.7951848E-02   6.8278989E+00  -8.4853942E-01  -6.8271680E-01  -1.0818667E+00  -1.0561106E-01   4.9937350E-01   3.2253535E+00   2.8470465E+00   2.8851346E+00   1.4907429E-03  -6.9413631E-04   1.3767390E-03  -6.9601740E-04   2.7377262E-03   1.1722733E-02  -1.7779430E-04  -4.8149765E-05
  5.7454700E-06   4.4727583E-04  -5.5313374E-05  -2.9394742E-04   2.8155359E-02  -2.6926768E-05   3.4278651E-04  -6.2871066E-05  -6.1935329E+00   1.1325117E-01   2.5594294E+00  -9.4899673E+00   3.7039714E+00   4.9920665E+00   6.1687985E+00  -1.8279399E+00   9.2364086E-02   2.8470465E+00   1.0972879E+01   1.9636371E+01   1.8654178E-03   1.0768487E-04  -7.3636921E-03   2.0580552E-03   2.7031765E-03   8.4674045E-03  -3.5513190E-05   3.8092041E-04
 -5.5082923E-06  -2.1345896E-04   1.5813400E-05  -3.3142430E-04  -7.0914394E-03   6.2476161E-04   5.8756568E-04   8.9518648E-04  -3.4356043E+01   1.5525326E-01   3.3466202E+00  -2.2477059E+01   3.7942061E+00   8.3997121E+00   3.5257688E+01  -2.1159016E+00  -1.0069943E-01   2.8851346E+00   1.9636371E+01   5.4533282E+01  -1.2258738E-03  -2.9584018E-03  -1.3307416E-02   4.4373715E-03   3.3788855E-03  -3.2785785E-03   2.6352623E-05   8.8100470E-04
  4.7648705E-08   3.0427248E-06  -3.4828079E-07   2.9443660E-06   1.8242071E-04   8.4430137E-06   6.1669882E-06  -1.2255166E-06   5.6527665E-03  -3.2951846E-05   2.3192639E-05   6.9557852E-03   2.1927354E-03  -2.1494233E-03  -8.9690272E-03   1.1820250E-03   1.3195060E-03   1.4907429E-03   1.8654178E-03  -1.2258738E-03   1.4453632E-03   2.5285647E-04   1.0027448E-04  -3.7811777E-04  -8.8333900E-05   2.1535241E-04  -6.2094424E-08   1.2622396E-07
 -1.5084289E-07   1.4156203E-06  -1.8536619E-07   4.3526442E-06   5.6601844E-05   8.9973542E-06   2.1619419E-06  -8.7686015E-07   2.9346622E-03  -3.1559532E-05   1.1534815E-03  -1.3491866E-02   1.0944425E-03   1.1934995E-03  -8.0741513E-04  -2.9179188E-04   6.4749326E-04  -6.9413631E-04   1.0768487E-04  -2.9584018E-03   2.5285647E-04   8.7687465E-04   6.1180029E-05   7.7262106E-04   9.2279662E-05  -7.9342346E-04  -2.5799907E-07   1.2877824E-07
 -3.1342507E-07  -1.2575846E-06  -1.9194806E-07  -8.7993487E-06  -1.6048692E-04  -2.7112565E-05  -9.7353551E-06  -2.2915150E-06   9.3356624E-03  -5.6475223E-05  -5.8552326E-03   7.4962911E-02   3.1577440E-04  -5.7165575E-03  -7.4858437E-03   9.9075354E-04  -3.5019701E-03   1.3767390E-03  -7.3636921E-03  -1.3307416E-02   1.0027448E-04   6.1180029E-05   7.2715327E-03  -2.6319175E-04   6.5053819E-04   4.4961501E-03  -7.4505722E-07   8.6280347E-07
 -3.0244250E-07   2.0585470E-06  -3.4556785E-07  -2.6352416E-06   2.7939828E-05  -4.8058819E-07  -4.4302080E-06  -1.5616366E-07  -4.5653876E-03   3.1301299E-04   1.6012598E-03  -4.1438489E-02   5.9523129E-03   1.2278895E-02   1.2299353E-02   3.6786906E-04   6.4375023E-04  -6.9601740E-04   2.0580552E-03   4.4373715E-03  -3.7811777E-04   7.7262106E-04  -2.6319175E-04   2.9188546E-03   6.2919636E-04  -8.7854369E-04  -7.2296294E-07   1.6480765E-07
 -5.0553368E-07   1.1845241E-06  -3.9526457E-07  -4.0492398E-06  -6.7751962E-05  -9.0313830E-06  -1.2354073E-05  -9.9441601E-07   1.6324826E-04   1.9293915E-05  -6.4655409E-04   1.6820763E-02   8.0861835E-03   3.7128219E-03   3.6110505E-03   1.5322808E-03   6.2373906E-04   2.7377262E-03   2.7031765E-03   3.3788855E-03  -8.8333900E-05   9.2279662E-05   6.5053819E-04   6.2919636E-04   6.3856815E-03   7.9901608E-03  -2.4665577E-07  -8.1671044E-08
 -1.0226514E-06   2.6626200E-05  -2.9234371E-06  -3.8254263E-05   1.0874669E-03  -1.7508412E-05   2.4675275E-05  -1.1096095E-06   1.5284066E-02   1.9874978E-04  -4.8842998E-03   8.7143261E-02   2.6984280E-02   1.8831012E-02  -3.7961720E-03   1.4695068E-04   1.8784917E-03   1.1722733E-02   8.4674045E-03  -3.2785785E-03   2.1535241E-04  -7.9342346E-04   4.4961501E-03  -8.7854369E-04   7.9901608E-03   7.1494727E-02  -1.0287038E-06   1.7696803E-06
  8.7130639E-10  -8.3981951E-09   6.4316154E-10  -4.1756686E-09  -7.6717999E-07   7.5222203E-08  -1.1692895E-07  -1.3324566E-08  -1.6752799E-04   3.1041414E-06   1.2145759E-04   3.7031158E-03   8.2229651E-05   4.6424906E-04   4.5665793E-04  -9.0667024E-05   1.8240577E-04  -1.7779430E-04  -3.5513190E-05   2.6352623E-05  -6.2094424E-08  -2.5799907E-07  -7.4505722E-07  -7.2296294E-07  -2.4665577E-07  -1.0287038E-06   3.7799795E-07  -1.2364536E-09
  1.7565149E-09   5.8258255E-08  -5.5194660E-09  -1.2071194E-07   3.0162744E-06  -1.9996979E-08   2.2180588E-08   2.6941553E-08   6.8602084E-04   1.6069137E-06  -3.9153476E-05   6.5844589E-04   1.7900710E-04  -2.3907477E-04  -1.2004366E-03   9.8285012E-06  -1.7149556E-05  -4.8149765E-05   3.8092041E-04   8.8100470E-04   1.2622396E-07   1.2877824E-07   8.6280347E-07   1.6480765E-07  -8.1671044E-08   1.7696803E-06  -1.2364536E-09   3.8127773E-07
