# omegabh2 omegach2 theta tau logA ns nrun r calPlanck acib217 xi asz143 aps100 aps143 aps143217 aps217 aksz kgal100 kgal143 kgal143217 kgal217 cal0 cal2
    0.4969213E-07   -0.6301070E-07    0.2669856E-07    0.1039804E-05    0.2294954E-05    0.2051087E-06   -0.9058265E-06    0.1192048E-05    0.2717550E-07   -0.2687274E-04   -0.5687878E-06    0.2673603E-04   -0.4450293E-03   -0.2615501E-03   -0.1460543E-03   -0.1117867E-03   -0.1161297E-04    0.2110911E-05    0.1248528E-04    0.2166439E-04    0.4115797E-04   -0.8080987E-09    0.3051321E-08
   -0.6301070E-07    0.1600837E-05   -0.6263896E-07   -0.2640234E-05   -0.1464728E-05   -0.3538699E-05   -0.4651026E-06   -0.2462714E-05   -0.1043604E-06    0.2588950E-03   -0.9863631E-05   -0.4938300E-04    0.8768280E-03    0.4304121E-03    0.4489027E-04   -0.9076639E-04    0.1090373E-03   -0.9430680E-05   -0.5072579E-04   -0.1971932E-05   -0.3862323E-04   -0.1951215E-08    0.3454632E-07
    0.2669856E-07   -0.6263896E-07    0.1776186E-06    0.4588345E-06    0.1004391E-05    0.4403648E-06   -0.1461726E-06    0.5827417E-06    0.9810761E-08    0.3845870E-04   -0.1663723E-05    0.3917530E-04   -0.3868324E-03   -0.1500060E-03   -0.2954306E-04   -0.7909331E-04   -0.2760683E-04   -0.1355605E-05   -0.1003515E-04   -0.2229686E-05   -0.2484404E-04    0.3919171E-08    0.4699947E-08
    0.1039804E-05   -0.2640234E-05    0.4588345E-06    0.1705037E-03    0.3420649E-03    0.1169036E-04   -0.3790595E-04   -0.2764867E-05   -0.4248721E-06   -0.2251548E-02    0.6630114E-04    0.5547569E-03   -0.1184696E-01   -0.3617284E-02   -0.1176779E-03    0.7842602E-03   -0.1084562E-02   -0.9174209E-04    0.1099793E-03    0.2215105E-03    0.1931331E-03    0.1781346E-06   -0.6895223E-07
    0.2294954E-05   -0.1464728E-05    0.1004391E-05    0.3420649E-03    0.7281640E-03    0.1221131E-04   -0.9401149E-04    0.1309482E-04    0.1129118E-04   -0.1715518E-02    0.1401647E-03    0.3343869E-03   -0.9720171E-02   -0.2290780E-02    0.1412198E-02    0.4022895E-02   -0.1749503E-02   -0.5401764E-03   -0.4325624E-03    0.2359519E-03    0.1934578E-02    0.5855477E-06    0.2529457E-06
    0.2051087E-06   -0.3538699E-05    0.4403648E-06    0.1169036E-04    0.1221131E-04    0.2006388E-04    0.6917323E-05    0.1748469E-04    0.5005932E-06   -0.5959088E-02    0.1577818E-03    0.1631572E-02   -0.3143137E-01   -0.7704567E-02    0.4166304E-02    0.7280951E-02   -0.3395913E-02    0.2412127E-03   -0.1025083E-03   -0.3967197E-03    0.5748034E-03   -0.2098951E-06   -0.6079595E-06
   -0.9058265E-06   -0.4651026E-06   -0.1461726E-06   -0.3790595E-04   -0.9401149E-04    0.6917323E-05    0.7307255E-04   -0.1286147E-03   -0.1601685E-06   -0.8996335E-02    0.1568321E-03    0.2399187E-02   -0.3356936E-01   -0.1387242E-01    0.2682641E-02    0.9189756E-02   -0.4185999E-02   -0.3206084E-03   -0.6784062E-03   -0.1701265E-02   -0.7999968E-03   -0.5879118E-09   -0.1198525E-05
    0.1192048E-05   -0.2462714E-05    0.5827417E-06   -0.2764867E-05    0.1309482E-04    0.1748469E-04   -0.1286147E-03    0.2015881E-02    0.1676008E-05    0.8832325E-02   -0.1446222E-03   -0.4161201E-02    0.5307171E-01    0.1400597E-01   -0.1076033E-01   -0.1440250E-01    0.6756504E-02   -0.1133106E-03    0.2129997E-02    0.6243849E-02    0.9879649E-02   -0.1676301E-06    0.2933194E-05
    0.2717550E-07   -0.1043604E-06    0.9810761E-08   -0.4248721E-06    0.1129118E-04    0.5005932E-06   -0.1601685E-06    0.1676008E-05    0.6205675E-05    0.1106099E-02    0.1155886E-04   -0.1251504E-03    0.3963165E-02    0.1840097E-03   -0.1718871E-03    0.2657705E-03    0.1198417E-03   -0.3722715E-04   -0.3534094E-04   -0.3790454E-04    0.7452373E-03   -0.2126278E-07    0.9341297E-07
   -0.2687274E-04    0.2588950E-03    0.3845870E-04   -0.2251548E-02   -0.1715518E-02   -0.5959088E-02   -0.8996335E-02    0.8832325E-02    0.1106099E-02    0.4490331E+02   -0.5175156E+00   -0.1987006E+01    0.4666172E+02    0.2641219E+01   -0.2156493E+02   -0.6274167E+02    0.1022550E+01    0.1482032E+00    0.2353560E+00   -0.1580950E+01   -0.1780395E+02   -0.4357545E-03    0.4590437E-02
   -0.5687878E-06   -0.9863631E-05   -0.1663723E-05    0.6630114E-04    0.1401647E-03    0.1577818E-03    0.1568321E-03   -0.1446222E-03    0.1155886E-04   -0.5175156E+00    0.8342488E-01   -0.9255335E-01   -0.3538355E+00    0.9523013E+00    0.1776302E+01    0.7474508E+00    0.9331371E-01    0.5135244E-02    0.9774783E-03    0.7367309E-01    0.9562851E-01    0.1535581E-04   -0.1386015E-04
    0.2673603E-04   -0.4938300E-04    0.3917530E-04    0.5547569E-03    0.3343869E-03    0.1631572E-02    0.2399187E-02   -0.4161201E-02   -0.1251504E-03   -0.1987006E+01   -0.9255335E-01    0.3999652E+01   -0.3165873E+02   -0.4295989E+01    0.8051037E+01    0.7515274E+01   -0.3229457E+01   -0.1482067E+00    0.2092046E-01    0.2547351E+01    0.2403143E+01    0.1569532E-03   -0.3718269E-03
   -0.4450293E-03    0.8768280E-03   -0.3868324E-03   -0.1184696E-01   -0.9720171E-02   -0.3143137E-01   -0.3356936E-01    0.5307171E-01    0.3963165E-02    0.4666172E+02   -0.3538355E+00   -0.3165873E+02    0.7861185E+03    0.7342151E+02   -0.6197312E+02   -0.7710718E+02    0.1873749E+02   -0.3146913E+01    0.3672933E+01   -0.1310424E+02   -0.1884925E+02    0.6536765E-02    0.4656568E-02
   -0.2615501E-03    0.4304121E-03   -0.1500060E-03   -0.3617284E-02   -0.2290780E-02   -0.7704567E-02   -0.1387242E-01    0.1400597E-01    0.1840097E-03    0.2641219E+01    0.9523013E+00   -0.4295989E+01    0.7342151E+02    0.6361217E+02    0.4362672E+02    0.1644627E+02   -0.3613722E+01   -0.1356959E+00   -0.1234602E+01    0.3279454E+01    0.2679032E+01    0.2321303E-03    0.4607991E-03
   -0.1460543E-03    0.4489027E-04   -0.2954306E-04   -0.1176779E-03    0.1412198E-02    0.4166304E-02    0.2682641E-02   -0.1076033E-01   -0.1718871E-03   -0.2156493E+02    0.1776302E+01    0.8051037E+01   -0.6197312E+02    0.4362672E+02    0.9801703E+02    0.6924226E+02   -0.1304537E+02   -0.3707874E+00   -0.5891767E+00    0.4812210E+01    0.5642613E+01    0.1009522E-02   -0.2458468E-02
   -0.1117867E-03   -0.9076639E-04   -0.7909331E-04    0.7842602E-03    0.4022895E-02    0.7280951E-02    0.9189756E-02   -0.1440250E-01    0.2657705E-03   -0.6274167E+02    0.7474508E+00    0.7515274E+01   -0.7710718E+02    0.1644627E+02    0.6924226E+02    0.1260394E+03   -0.1203462E+02   -0.5659515E+00   -0.6018069E+00   -0.3664622E+00    0.1470754E+02    0.1025793E-02   -0.7923139E-02
   -0.1161297E-04    0.1090373E-03   -0.2760683E-04   -0.1084562E-02   -0.1749503E-02   -0.3395913E-02   -0.4185999E-02    0.6756504E-02    0.1198417E-03    0.1022550E+01    0.9331371E-01   -0.3229457E+01    0.1873749E+02   -0.3613722E+01   -0.1304537E+02   -0.1203462E+02    0.6991757E+01    0.1980013E+00   -0.4653952E-02   -0.2118557E+01   -0.1765899E+01   -0.9977030E-04    0.2777466E-03
    0.2110911E-05   -0.9430680E-05   -0.1355605E-05   -0.9174209E-04   -0.5401764E-03    0.2412127E-03   -0.3206084E-03   -0.1133106E-03   -0.3722715E-04    0.1482032E+00    0.5135244E-02   -0.1482067E+00   -0.3146913E+01   -0.1356959E+00   -0.3707874E+00   -0.5659515E+00    0.1980013E+00    0.3462816E+01    0.3881736E+00    0.6432820E-01    0.8323647E-02    0.3254915E-03    0.3779084E-04
    0.1248528E-04   -0.5072579E-04   -0.1003515E-04    0.1099793E-03   -0.4325624E-03   -0.1025083E-03   -0.6784062E-03    0.2129997E-02   -0.3534094E-04    0.2353560E+00    0.9774783E-03    0.2092046E-01    0.3672933E+01   -0.1234602E+01   -0.5891767E+00   -0.6018069E+00   -0.4653952E-02    0.3881736E+00    0.3420849E+01    0.2543323E+01    0.1707368E+01   -0.3170002E-03   -0.1737276E-03
    0.2166439E-04   -0.1971932E-05   -0.2229686E-05    0.2215105E-03    0.2359519E-03   -0.3967197E-03   -0.1701265E-02    0.6243849E-02   -0.3790454E-04   -0.1580950E+01    0.7367309E-01    0.2547351E+01   -0.1310424E+02    0.3279454E+01    0.4812210E+01   -0.3664622E+00   -0.2118557E+01    0.6432820E-01    0.2543323E+01    0.1692800E+02    0.2515063E+02   -0.6834435E-04    0.2525657E-02
    0.4115797E-04   -0.3862323E-04   -0.2484404E-04    0.1931331E-03    0.1934578E-02    0.5748034E-03   -0.7999968E-03    0.9879649E-02    0.7452373E-03   -0.1780395E+02    0.9562851E-01    0.2403143E+01   -0.1884925E+02    0.2679032E+01    0.5642613E+01    0.1470754E+02   -0.1765899E+01    0.8323647E-02    0.1707368E+01    0.2515063E+02    0.5313117E+02    0.7760828E-04    0.4426522E-02
   -0.8080987E-09   -0.1951215E-08    0.3919171E-08    0.1781346E-06    0.5855477E-06   -0.2098951E-06   -0.5879118E-09   -0.1676301E-06   -0.2126278E-07   -0.4357545E-03    0.1535581E-04    0.1569532E-03    0.6536765E-02    0.2321303E-03    0.1009522E-02    0.1025793E-02   -0.9977030E-04    0.3254915E-03   -0.3170002E-03   -0.6834435E-04    0.7760828E-04    0.6423274E-06   -0.5241506E-08
    0.3051321E-08    0.3454632E-07    0.4699947E-08   -0.6895223E-07    0.2529457E-06   -0.6079595E-06   -0.1198525E-05    0.2933194E-05    0.9341297E-07    0.4590437E-02   -0.1386015E-04   -0.3718269E-03    0.4656568E-02    0.4607991E-03   -0.2458468E-02   -0.7923139E-02    0.2777466E-03    0.3779084E-04   -0.1737276E-03    0.2525657E-02    0.4426522E-02   -0.5241506E-08    0.2080594E-05
