# omegabh2 omegach2 theta tau w logA ns calPlanck acib217 xi asz143 aps100 aps143 aps143217 aps217 aksz kgal100 kgal143 kgal143217 kgal217 galfTE100 galfTE100143 galfTE100217 galfTE143 galfTE143217 galfTE217 cal0 cal2
  2.1510773E-08  -9.9500027E-08   1.6547261E-08   2.9931214E-07  -3.0947985E-06   5.0657483E-07   2.5062749E-07   2.8899311E-08  -8.6190496E-05   2.0513749E-06   1.6346203E-05  -2.9900733E-04  -2.1300753E-04  -7.1299118E-05   2.0914069E-05  -2.5199824E-05  -3.4632877E-06  -1.2891853E-05  -1.3003625E-05   7.7157391E-06  -4.6799953E-08   2.7086354E-08  -1.3047247E-07  -8.0798184E-08  -6.0289416E-07  -2.8247705E-06   2.4007058E-09   2.2959027E-10
 -9.9500027E-08   1.4542298E-06  -1.2333065E-07  -3.7317229E-06   3.2526846E-05  -4.7014295E-06  -3.3965773E-06  -2.7369598E-07   3.5334276E-04  -9.9959568E-06  -9.9756940E-05   1.5663110E-03   7.0692028E-04   1.1750503E-04  -2.2600651E-04   1.6914612E-04   2.5239865E-06   5.6579031E-05   3.0848415E-06  -1.2854395E-04   3.9925196E-07  -1.7916036E-07  -1.2313170E-06   4.5476148E-07   1.6637587E-06   1.2624233E-05  -1.3160629E-08  -5.5798484E-09
  1.6547261E-08  -1.2333065E-07   9.5111071E-08   4.3770154E-07  -8.8033178E-07   7.5354947E-07   4.1485035E-07   3.7062472E-08  -3.3843463E-05   1.5705548E-06   3.8356829E-06  -1.3792781E-04  -8.4276921E-05  -2.4458660E-05   1.2636829E-05  -7.3507746E-06   3.1288594E-06  -4.5246268E-06  -1.1920170E-06   3.6998124E-06  -9.3617961E-08   1.4392131E-07   1.2090774E-08  -7.8123090E-08   9.3651681E-08  -3.2912225E-07   1.3575482E-09  -2.2692156E-09
  2.9931214E-07  -3.7317229E-06   4.3770154E-07   5.5274186E-05   2.1271105E-04   9.9177270E-05   1.1003818E-05  -9.9892937E-07  -1.4298840E-03   5.5569276E-06   4.4200218E-04  -9.2176260E-03  -4.8844477E-03  -1.8309710E-03  -4.3926509E-04  -8.4794003E-04   1.8408110E-04  -9.8059650E-05  -3.6730233E-04  -1.3923135E-04   1.8914733E-07  -2.9108519E-07   6.6350575E-06  -4.1254112E-06  -6.5634040E-06  -3.2406670E-05  -9.8244501E-09  -2.1636120E-08
 -3.0947985E-06   3.2526846E-05  -8.8033178E-07   2.1271105E-04   6.4307027E-02   5.8259151E-04  -7.3254776E-05   3.8313827E-05  -2.3154796E-02   4.5730924E-04  -1.9146874E-02   1.9189089E-01   8.6593856E-02   4.1583335E-02   6.5990486E-02   1.0060379E-02   9.1801611E-03  -9.0974040E-05  -1.3990921E-02   8.1970354E-03  -7.9814005E-05  -7.9640514E-05   3.3084831E-05  -2.2016079E-06  -1.4739928E-04  -7.6988159E-04  -9.4104526E-07   1.9449676E-06
  5.0657483E-07  -4.7014295E-06   7.5354947E-07   9.9177270E-05   5.8259151E-04   2.0784513E-04   1.4032354E-05   9.4147089E-06  -2.3782257E-03   8.0685635E-05   6.8280503E-04  -1.1726529E-02  -5.8682185E-03   2.7639190E-04   4.3765620E-03  -2.0598276E-03   5.0192327E-05  -5.0963294E-04  -1.0302354E-03   8.0789256E-04   9.4042737E-07   1.0698042E-06   2.4584677E-07  -5.1954041E-06  -1.7031153E-05  -5.1470450E-05   1.2624879E-08  -1.0257516E-07
  2.5062749E-07  -3.3965773E-06   4.1485035E-07   1.1003818E-05  -7.3254776E-05   1.4032354E-05   1.7022816E-05   6.1595523E-07  -4.0325199E-03   1.0900067E-04   1.0513695E-03  -2.3636981E-02  -6.5543564E-03   1.7376669E-03   4.5281353E-03  -2.3980879E-03   2.3250180E-04  -4.6515215E-04  -3.2514635E-04   1.0017075E-03  -1.5128930E-06   9.6650813E-07   7.8296355E-06   1.2528115E-06  -2.0193664E-06  -2.3893130E-05  -2.2034606E-08  -2.9423668E-08
  2.8899311E-08  -2.7369598E-07   3.7062472E-08  -9.9892937E-07   3.8313827E-05   9.4147089E-06   6.1595523E-07   6.0281233E-06   8.3712574E-04   1.7994669E-05   2.9725065E-05   4.1229690E-03   1.1452671E-03   9.0453778E-04   1.1727030E-03  -5.8922246E-05  -1.0282267E-05   6.1076572E-05   8.4307695E-05   6.1787805E-04  -1.7730966E-07   6.3939904E-07  -2.9230776E-06   1.2975348E-07  -2.6698633E-06  -4.4810938E-07  -3.4530632E-08  -6.4386458E-09
 -8.6190496E-05   3.5334276E-04  -3.3843463E-05  -1.4298840E-03  -2.3154796E-02  -2.3782257E-03  -4.0325199E-03   8.3712574E-04   4.4745908E+01  -4.2100869E-01  -6.0814434E-01   3.3274181E+01   8.4010815E-01  -1.3291193E+01  -5.4649379E+01  -4.4787622E-01   2.7645165E-01   4.9327119E-01  -5.9125714E+00  -3.3704371E+01   7.9812011E-04  -7.7077408E-04  -8.7067908E-03   4.0806527E-03   7.3574732E-03   2.3964695E-02  -2.5868486E-04   7.0891975E-04
  2.0513749E-06  -9.9959568E-06   1.5705548E-06   5.5569276E-06   4.5730924E-04   8.0685635E-05   1.0900067E-04   1.7994669E-05  -4.2100869E-01   8.2875987E-02  -2.7558031E-02  -7.0790598E-01   9.9391814E-01   1.8084511E+00   7.2450745E-01   3.0137247E-02  -5.5586382E-03   1.1828963E-02   1.3176359E-01   1.7997268E-01  -4.0553937E-04  -2.7107596E-04   1.6197127E-04  -5.4264773E-05   5.3691697E-05   2.7478946E-03   7.1923592E-06  -9.1179976E-08
  1.6346203E-05  -9.9756940E-05   3.8356829E-06   4.4200218E-04  -1.9146874E-02   6.8280503E-04   1.0513695E-03   2.9725065E-05  -6.0814434E-01  -2.7558031E-02   3.8644492E+00  -3.0131286E+01  -3.2042631E+00   7.7490466E+00   4.8397904E+00  -2.6670519E+00  -1.9323150E-01   1.5749858E-01   2.6865100E+00   3.2070976E+00  -4.3381411E-04   3.3250306E-04  -3.0075764E-03   2.4865478E-03  -1.4623393E-05  -9.6818421E-04   1.1493061E-04  -5.9023246E-05
 -2.9900733E-04   1.5663110E-03  -1.3792781E-04  -9.2176260E-03   1.9189089E-01  -1.1726529E-02  -2.3636981E-02   4.1229690E-03   3.3274181E+01  -7.0790598E-01  -3.0131286E+01   7.8419577E+02   6.8780762E+01  -5.5527912E+01  -5.4551634E+01   1.3304898E+01  -6.4193234E+00   5.0877278E+00  -1.2847286E+01  -2.4373107E+01   2.4274681E-02  -7.4734203E-04  -4.0833762E-03  -1.6770533E-02  -3.8708409E-03   9.3519196E-02   3.8257396E-03   2.7362470E-04
 -2.1300753E-04   7.0692028E-04  -8.4276921E-05  -4.8844477E-03   8.6593856E-02  -5.8682185E-03  -6.5543564E-03   1.1452671E-03   8.4010815E-01   9.9391814E-01  -3.2042631E+00   6.8780762E+01   6.4333418E+01   4.3138407E+01   1.6931241E+01  -5.0556741E+00  -6.1911667E-01  -1.2114070E+00   4.0015005E+00   5.5258837E+00  -2.1992556E-03  -1.8293840E-03   6.8451012E-03   3.8388986E-03   5.2016947E-03   3.2857489E-02   9.0523634E-05   1.0725533E-04
 -7.1299118E-05   1.1750503E-04  -2.4458660E-05  -1.8309710E-03   4.1583335E-02   2.7639190E-04   1.7376669E-03   9.0453778E-04  -1.3291193E+01   1.8084511E+00   7.7490466E+00  -5.5527912E+01   4.3138407E+01   8.8379869E+01   5.3207245E+01  -1.1650251E+01  -9.8415232E-01  -4.8771396E-01   5.6260407E+00   9.0735645E+00  -9.2800498E-03  -4.5971448E-03   7.2267035E-03   1.1096000E-02   7.7379978E-03   6.3400200E-02   4.4707319E-04  -3.8996280E-04
  2.0914069E-05  -2.2600651E-04   1.2636829E-05  -4.3926509E-04   6.5990486E-02   4.3765620E-03   4.5281353E-03   1.1727030E-03  -5.4649379E+01   7.2450745E-01   4.8397904E+00  -5.4551634E+01   1.6931241E+01   5.3207245E+01   1.0137100E+02  -8.4132686E+00  -7.2671104E-01  -8.8576651E-01   5.7448510E+00   3.3694856E+01  -2.8581588E-03   1.5652931E-03   1.6472004E-02   1.6738504E-03  -4.9225102E-03  -1.5198795E-02   4.7074614E-04  -1.3576036E-03
 -2.5199824E-05   1.6914612E-04  -7.3507746E-06  -8.4794003E-04   1.0060379E-02  -2.0598276E-03  -2.3980879E-03  -5.8922246E-05  -4.4787622E-01   3.0137247E-02  -2.6670519E+00   1.3304898E+01  -5.0556741E+00  -1.1650251E+01  -8.4132686E+00   5.6737367E+00   1.2241321E-01  -2.0053023E-01  -2.1614598E+00  -2.3423157E+00   1.7507758E-04  -1.4907727E-03   1.9704674E-03  -4.5623565E-03   6.6995700E-04   9.6445003E-03  -7.2891124E-05   3.5131450E-06
 -3.4632877E-06   2.5239865E-06   3.1288594E-06   1.8408110E-04   9.1801611E-03   5.0192327E-05   2.3250180E-04  -1.0282267E-05   2.7645165E-01  -5.5586382E-03  -1.9323150E-01  -6.4193234E+00  -6.1911667E-01  -9.8415232E-01  -7.2671104E-01   1.2241321E-01   3.3024174E+00   6.1615451E-01   2.6466681E-01   1.5052861E-01   7.1817363E-04   9.0802621E-04   2.2801773E-03  -6.2412978E-04  -3.2909277E-03  -4.6223600E-03   1.7136214E-04   4.7745996E-05
 -1.2891853E-05   5.6579031E-05  -4.5246268E-06  -9.8059650E-05  -9.0974040E-05  -5.0963294E-04  -4.6515215E-04   6.1076572E-05   4.9327119E-01   1.1828963E-02   1.5749858E-01   5.0877278E+00  -1.2114070E+00  -4.8771396E-01  -8.8576651E-01  -2.0053023E-01   6.1615451E-01   3.1436130E+00   2.6773382E+00   2.6392160E+00   1.2683046E-04  -4.8980145E-04   2.1596620E-03  -2.6630009E-03   2.2917232E-03   1.4280056E-02  -1.6439495E-04  -2.2156995E-05
 -1.3003625E-05   3.0848415E-06  -1.1920170E-06  -3.6730233E-04  -1.3990921E-02  -1.0302354E-03  -3.2514635E-04   8.4307695E-05  -5.9125714E+00   1.3176359E-01   2.6865100E+00  -1.2847286E+01   4.0015005E+00   5.6260407E+00   5.7448510E+00  -2.1614598E+00   2.6466681E-01   2.6773382E+00   1.1075431E+01   1.9726479E+01   3.1207403E-04  -6.6302270E-04  -5.3190266E-03  -3.8870766E-03  -8.4232010E-04   7.3286742E-03   2.2555045E-05   4.2141200E-04
  7.7157391E-06  -1.2854395E-04   3.6998124E-06  -1.3923135E-04   8.1970354E-03   8.0789256E-04   1.0017075E-03   6.1787805E-04  -3.3704371E+01   1.7997268E-01   3.2070976E+00  -2.4373107E+01   5.5258837E+00   9.0735645E+00   3.3694856E+01  -2.3423157E+00   1.5052861E-01   2.6392160E+00   1.9726479E+01   5.4623563E+01   4.3605443E-04  -4.4560712E-04  -6.4908735E-03  -7.3185440E-03  -1.0211455E-02  -2.9357116E-02   1.3689837E-04   9.5653848E-04
 -4.6799953E-08   3.9925196E-07  -9.3617961E-08   1.8914733E-07  -7.9814005E-05   9.4042737E-07  -1.5128930E-06  -1.7730966E-07   7.9812011E-04  -4.0553937E-04  -4.3381411E-04   2.4274681E-02  -2.1992556E-03  -9.2800498E-03  -2.8581588E-03   1.7507758E-04   7.1817363E-04   1.2683046E-04   3.1207403E-04   4.3605443E-04   1.4632943E-03   2.5475271E-04   2.3118936E-05  -3.5402040E-04  -1.4953338E-04   8.8258504E-05   5.3973065E-07  -4.4676147E-08
  2.7086354E-08  -1.7916036E-07   1.4392131E-07  -2.9108519E-07  -7.9640514E-05   1.0698042E-06   9.6650813E-07   6.3939904E-07  -7.7077408E-04  -2.7107596E-04   3.3250306E-04  -7.4734203E-04  -1.8293840E-03  -4.5971448E-03   1.5652931E-03  -1.4907727E-03   9.0802621E-04  -4.8980145E-04  -6.6302270E-04  -4.4560712E-04   2.5475271E-04   8.5673518E-04   2.5102731E-05   7.2486272E-04   5.5830177E-05  -6.2828077E-04   3.6114530E-07  -4.4169859E-07
 -1.3047247E-07  -1.2313170E-06   1.2090774E-08   6.6350575E-06   3.3084831E-05   2.4584677E-07   7.8296355E-06  -2.9230776E-06  -8.7067908E-03   1.6197127E-04  -3.0075764E-03  -4.0833762E-03   6.8451012E-03   7.2267035E-03   1.6472004E-02   1.9704674E-03   2.2801773E-03   2.1596620E-03  -5.3190266E-03  -6.4908735E-03   2.3118936E-05   2.5102731E-05   7.1506688E-03  -3.1603724E-04   6.8961689E-04   4.1586741E-03  -6.5547035E-07  -1.7386215E-07
 -8.0798184E-08   4.5476148E-07  -7.8123090E-08  -4.1254112E-06  -2.2016079E-06  -5.1954041E-06   1.2528115E-06   1.2975348E-07   4.0806527E-03  -5.4264773E-05   2.4865478E-03  -1.6770533E-02   3.8388986E-03   1.1096000E-02   1.6738504E-03  -4.5623565E-03  -6.2412978E-04  -2.6630009E-03  -3.8870766E-03  -7.3185440E-03  -3.5402040E-04   7.2486272E-04  -3.1603724E-04   2.9012068E-03   4.8703702E-04  -1.1637889E-03   3.4137604E-07  -4.2508088E-07
 -6.0289416E-07   1.6637587E-06   9.3651681E-08  -6.5634040E-06  -1.4739928E-04  -1.7031153E-05  -2.0193664E-06  -2.6698633E-06   7.3574732E-03   5.3691697E-05  -1.4623393E-05  -3.8708409E-03   5.2016947E-03   7.7379978E-03  -4.9225102E-03   6.6995700E-04  -3.2909277E-03   2.2917232E-03  -8.4232010E-04  -1.0211455E-02  -1.4953338E-04   5.5830177E-05   6.8961689E-04   4.8703702E-04   6.5544029E-03   8.1549057E-03  -1.6181552E-06  -3.9833979E-07
 -2.8247705E-06   1.2624233E-05  -3.2912225E-07  -3.2406670E-05  -7.6988159E-04  -5.1470450E-05  -2.3893130E-05  -4.4810938E-07   2.3964695E-02   2.7478946E-03  -9.6818421E-04   9.3519196E-02   3.2857489E-02   6.3400200E-02  -1.5198795E-02   9.6445003E-03  -4.6223600E-03   1.4280056E-02   7.3286742E-03  -2.9357116E-02   8.8258504E-05  -6.2828077E-04   4.1586741E-03  -1.1637889E-03   8.1549057E-03   7.3341134E-02   3.4255145E-07  -2.8736479E-07
  2.4007058E-09  -1.3160629E-08   1.3575482E-09  -9.8244501E-09  -9.4104526E-07   1.2624879E-08  -2.2034606E-08  -3.4530632E-08  -2.5868486E-04   7.1923592E-06   1.1493061E-04   3.8257396E-03   9.0523634E-05   4.4707319E-04   4.7074614E-04  -7.2891124E-05   1.7136214E-04  -1.6439495E-04   2.2555045E-05   1.3689837E-04   5.3973065E-07   3.6114530E-07  -6.5547035E-07   3.4137604E-07  -1.6181552E-06   3.4255145E-07   3.7773488E-07  -1.6337625E-08
  2.2959027E-10  -5.5798484E-09  -2.2692156E-09  -2.1636120E-08   1.9449676E-06  -1.0257516E-07  -2.9423668E-08  -6.4386458E-09   7.0891975E-04  -9.1179976E-08  -5.9023246E-05   2.7362470E-04   1.0725533E-04  -3.8996280E-04  -1.3576036E-03   3.5131450E-06   4.7745996E-05  -2.2156995E-05   4.2141200E-04   9.5653848E-04  -4.4676147E-08  -4.4169859E-07  -1.7386215E-07  -4.2508088E-07  -3.9833979E-07  -2.8736479E-07  -1.6337625E-08   4.0237909E-07
