# omegabh2 omegach2 theta tau mnu logA ns calPlanck acib217 xi asz143 aps100 aps143 aps143217 aps217 aksz kgal100 kgal143 kgal143217 kgal217 cal0 cal2
    0.7705076E-07   -0.5020723E-06    0.9329084E-07    0.2449229E-05   -0.2428726E-04    0.3948874E-05    0.1541578E-05    0.1075734E-07   -0.3266641E-03    0.6160833E-05    0.9319804E-04   -0.1509594E-02   -0.8433766E-03   -0.2362560E-03   -0.7350906E-05   -0.1232538E-03   -0.2036479E-05   -0.1834253E-05   -0.1541641E-04    0.4876312E-04    0.2937516E-08   -0.3146985E-07
   -0.5020723E-06    0.6812499E-05   -0.8163211E-06   -0.4465536E-04    0.1283163E-03   -0.7368871E-04   -0.1823274E-04   -0.6524281E-07    0.2363758E-02   -0.4847742E-04   -0.5807122E-03    0.1047286E-01    0.5779605E-02    0.1746426E-02    0.4056589E-04    0.8100086E-03    0.3574673E-04    0.1558372E-04    0.1609026E-03   -0.2197337E-03   -0.2227712E-07    0.2618503E-06
    0.9329084E-07   -0.8163211E-06    0.2923993E-06    0.4222540E-05   -0.4460074E-04    0.6973379E-05    0.2564022E-05    0.2136887E-07   -0.3510254E-03    0.6876467E-05    0.8509233E-04   -0.1437442E-02   -0.8681774E-03   -0.3070554E-03   -0.5403380E-04   -0.1159881E-03   -0.1034840E-04   -0.6862973E-05   -0.7248625E-05    0.7672181E-04    0.4413276E-08   -0.3573429E-07
    0.2449229E-05   -0.4465536E-04    0.4222540E-05    0.9451775E-03    0.4595954E-02    0.1742223E-02    0.1267915E-03   -0.4172405E-05   -0.2344586E-01    0.3913410E-03    0.6284518E-02   -0.9929054E-01   -0.4554781E-01   -0.3201183E-02    0.1275807E-01   -0.8939018E-02   -0.3672894E-03    0.9881235E-04   -0.1600882E-02    0.1708691E-02   -0.4087095E-06   -0.2609738E-05
   -0.2428726E-04    0.1283163E-03   -0.4460074E-04    0.4595954E-02    0.6390771E-01    0.9130660E-02   -0.4338376E-03    0.1113103E-04    0.1865440E-01   -0.5376606E-03   -0.4489820E-02    0.1518318E+00    0.1680176E+00    0.1564366E+00    0.1514090E+00   -0.9337593E-03    0.5807103E-03    0.1378756E-02   -0.8436904E-02   -0.1577257E-01   -0.3813261E-05    0.7143091E-06
    0.3948874E-05   -0.7368871E-04    0.6973379E-05    0.1742223E-02    0.9130660E-02    0.3254667E-02    0.2101897E-03    0.3715947E-05   -0.4127969E-01    0.7442526E-03    0.1102227E-01   -0.1690313E+00   -0.7602870E-01    0.1128769E-04    0.3024533E-01   -0.1655029E-01   -0.8906187E-03   -0.3042025E-03   -0.3340969E-02    0.4336777E-02   -0.6396977E-06   -0.4649271E-05
    0.1541578E-05   -0.1823274E-04    0.2564022E-05    0.1267915E-03   -0.4338376E-03    0.2101897E-03    0.6096308E-04    0.3352147E-07   -0.1131906E-01    0.2398728E-03    0.2873882E-02   -0.5535791E-01   -0.2181826E-01   -0.1366507E-02    0.6038763E-02   -0.4908940E-02    0.1361127E-03   -0.1976707E-03   -0.7252660E-03    0.1414125E-02   -0.1537398E-06   -0.1140778E-05
    0.1075734E-07   -0.6524281E-07    0.2136887E-07   -0.4172405E-05    0.1113103E-04    0.3715947E-05    0.3352147E-07    0.6101301E-05    0.9046936E-03    0.9668454E-05   -0.8969570E-04    0.3775988E-02    0.7983013E-03    0.3351188E-03    0.9167055E-03    0.1102276E-03    0.7584945E-06    0.1280325E-04   -0.6724654E-05    0.7069345E-03   -0.3176957E-07    0.6353682E-08
   -0.3266641E-03    0.2363758E-02   -0.3510254E-03   -0.2344586E-01    0.1865440E-01   -0.4127969E-01   -0.1131906E-01    0.9046936E-03    0.4471684E+02   -0.5161080E+00   -0.1945972E+01    0.4777200E+02    0.2480703E+01   -0.2136127E+02   -0.6190087E+02    0.8580495E+00   -0.4124362E-01    0.1360377E-01   -0.1978555E+01   -0.1882949E+02   -0.2504419E-03    0.4421593E-02
    0.6160833E-05   -0.4847742E-04    0.6876467E-05    0.3913410E-03   -0.5376606E-03    0.7442526E-03    0.2398728E-03    0.9668454E-05   -0.5161080E+00    0.8169266E-01   -0.7128457E-01   -0.5272677E+00    0.9756901E+00    0.1855631E+01    0.7827488E+00    0.6411275E-01    0.1909362E-02    0.6067508E-02    0.9093118E-01    0.1061977E+00    0.6457308E-05   -0.1925459E-04
    0.9319804E-04   -0.5807122E-03    0.8509233E-04    0.6284518E-02   -0.4489820E-02    0.1102227E-01    0.2873882E-02   -0.8969570E-04   -0.1945972E+01   -0.7128457E-01    0.3878663E+01   -0.3107978E+02   -0.4523127E+01    0.7774630E+01    0.6969243E+01   -0.2899015E+01   -0.1785094E+00    0.5824306E-01    0.2395565E+01    0.2229781E+01    0.1680169E-03   -0.3826982E-03
   -0.1509594E-02    0.1047286E-01   -0.1437442E-02   -0.9929054E-01    0.1518318E+00   -0.1690313E+00   -0.5535791E-01    0.3775988E-02    0.4777200E+02   -0.5272677E+00   -0.3107978E+02    0.7984499E+03    0.7896775E+02   -0.5989958E+02   -0.7547665E+02    0.1661184E+02   -0.4086994E+01    0.3323986E+01   -0.1194561E+02   -0.1862391E+02    0.6245930E-02    0.4515168E-02
   -0.8433766E-03    0.5779605E-02   -0.8681774E-03   -0.4554781E-01    0.1680176E+00   -0.7602870E-01   -0.2181826E-01    0.7983013E-03    0.2480703E+01    0.9756901E+00   -0.4523127E+01    0.7896775E+02    0.6731903E+02    0.4679162E+02    0.1900593E+02   -0.3614440E+01   -0.1450368E+00   -0.1077676E+01    0.3624887E+01    0.3095753E+01    0.1392689E-03    0.3738597E-03
   -0.2362560E-03    0.1746426E-02   -0.3070554E-03   -0.3201183E-02    0.1564366E+00    0.1128769E-04   -0.1366507E-02    0.3351188E-03   -0.2136127E+02    0.1855631E+01    0.7774630E+01   -0.5989958E+02    0.4679162E+02    0.1011444E+03    0.6990508E+02   -0.1234004E+02   -0.4972492E+00   -0.4428860E+00    0.4794653E+01    0.5554147E+01    0.7207056E-03   -0.2527413E-02
   -0.7350906E-05    0.4056589E-04   -0.5403380E-04    0.1275807E-01    0.1514090E+00    0.3024533E-01    0.6038763E-02    0.9167055E-03   -0.6190087E+02    0.7827488E+00    0.6969243E+01   -0.7547665E+02    0.1900593E+02    0.6990508E+02    0.1247231E+03   -0.1091334E+02   -0.2584923E+00   -0.3383041E+00   -0.2054405E+00    0.1560808E+02    0.6816617E-03   -0.7631535E-02
   -0.1232538E-03    0.8100086E-03   -0.1159881E-03   -0.8939018E-02   -0.9337593E-03   -0.1655029E-01   -0.4908940E-02    0.1102276E-03    0.8580495E+00    0.6411275E-01   -0.2899015E+01    0.1661184E+02   -0.3614440E+01   -0.1234004E+02   -0.1091334E+02    0.6376439E+01    0.9408878E-01   -0.7494266E-01   -0.1965096E+01   -0.1682225E+01   -0.1237071E-03    0.2253701E-03
   -0.2036479E-05    0.3574673E-04   -0.1034840E-04   -0.3672894E-03    0.5807103E-03   -0.8906187E-03    0.1361127E-03    0.7584945E-06   -0.4124362E-01    0.1909362E-02   -0.1785094E+00   -0.4086994E+01   -0.1450368E+00   -0.4972492E+00   -0.2584923E+00    0.9408878E-01    0.3545728E+01    0.4282816E+00    0.1580107E+00    0.2731736E+00    0.2845243E-03    0.1515442E-04
   -0.1834253E-05    0.1558372E-04   -0.6862973E-05    0.9881235E-04    0.1378756E-02   -0.3042025E-03   -0.1976707E-03    0.1280325E-04    0.1360377E-01    0.6067508E-02    0.5824306E-01    0.3323986E+01   -0.1077676E+01   -0.4428860E+00   -0.3383041E+00   -0.7494266E-01    0.4282816E+00    0.3364703E+01    0.2623995E+01    0.1804132E+01   -0.2816304E-03   -0.2262923E-03
   -0.1541641E-04    0.1609026E-03   -0.7248625E-05   -0.1600882E-02   -0.8436904E-02   -0.3340969E-02   -0.7252660E-03   -0.6724654E-05   -0.1978555E+01    0.9093118E-01    0.2395565E+01   -0.1194561E+02    0.3624887E+01    0.4794653E+01   -0.2054405E+00   -0.1965096E+01    0.1580107E+00    0.2623995E+01    0.1716175E+02    0.2563837E+02   -0.2198641E-04    0.2500675E-02
    0.4876312E-04   -0.2197337E-03    0.7672181E-04    0.1708691E-02   -0.1577257E-01    0.4336777E-02    0.1414125E-02    0.7069345E-03   -0.1882949E+02    0.1061977E+00    0.2229781E+01   -0.1862391E+02    0.3095753E+01    0.5554147E+01    0.1560808E+02   -0.1682225E+01    0.2731736E+00    0.1804132E+01    0.2563837E+02    0.5454295E+02    0.2858515E-04    0.4508093E-02
    0.2937516E-08   -0.2227712E-07    0.4413276E-08   -0.4087095E-06   -0.3813261E-05   -0.6396977E-06   -0.1537398E-06   -0.3176957E-07   -0.2504419E-03    0.6457308E-05    0.1680169E-03    0.6245930E-02    0.1392689E-03    0.7207056E-03    0.6816617E-03   -0.1237071E-03    0.2845243E-03   -0.2816304E-03   -0.2198641E-04    0.2858515E-04    0.6001155E-06   -0.5813747E-08
   -0.3146985E-07    0.2618503E-06   -0.3573429E-07   -0.2609738E-05    0.7143091E-06   -0.4649271E-05   -0.1140778E-05    0.6353682E-08    0.4421593E-02   -0.1925459E-04   -0.3826982E-03    0.4515168E-02    0.3738597E-03   -0.2527413E-02   -0.7631535E-02    0.2253701E-03    0.1515442E-04   -0.2262923E-03    0.2500675E-02    0.4508093E-02   -0.5813747E-08    0.2090200E-05
