# omegabh2 omegach2 theta tau mnu nnu logA ns calPlanck acib217 xi asz143 aps100 aps143 aps143217 aps217 aksz kgal100 kgal143 kgal143217 kgal217 galfTE100 galfTE100143 galfTE100217 galfTE143 galfTE143217 galfTE217 cal0 cal2
  3.3553042E-08   2.8923083E-07  -2.8305993E-08   2.3215856E-07   9.2925215E-07   2.1687587E-05   1.3422186E-06   8.7594346E-07   1.7294596E-08   5.0417423E-05  -2.7638934E-06   2.2544918E-06   2.1337775E-04   5.5023108E-05  -5.3530026E-06  -1.5368351E-05   1.1509561E-05   6.0790163E-06   9.1980086E-06   8.9552361E-06  -7.1411216E-06  -7.8586055E-08  -6.6296876E-08  -3.6041471E-07  -1.9154619E-07  -4.8363016E-07  -2.0255645E-06   1.1519964E-09   7.5625305E-10
  2.8923083E-07   8.3399589E-06  -8.9466521E-07  -1.4203325E-06   1.1960928E-05   4.7430052E-04   1.8134471E-05   1.3945736E-05  -2.5743184E-07   2.6099683E-03  -5.8306787E-05  -3.5833579E-04   1.2023972E-02   5.7544768E-03   1.6060229E-03  -7.3665227E-04   1.1097200E-03   1.0611287E-04   4.0181529E-04   5.0671618E-04  -2.7124113E-04  -6.5940717E-07  -1.0992817E-06  -5.4738759E-07  -1.4689958E-06  -9.1794948E-07   1.7027944E-05  -4.0083121E-08   5.5181853E-08
 -2.8305993E-08  -8.9466521E-07   1.7839432E-07   2.1998279E-08  -1.9789316E-06  -5.4250275E-05  -2.1666010E-06  -1.6417502E-06   9.4270704E-09  -2.9401062E-04   6.5708849E-06   4.1695880E-05  -1.2537023E-03  -6.2699080E-04  -1.8529750E-04   7.3248406E-05  -1.2252314E-04  -1.7315727E-05  -3.8878066E-05  -4.5953560E-05   4.1932293E-05  -3.6275717E-08   6.6034294E-08  -2.1246923E-07   9.7490985E-08  -8.1771582E-08  -2.3075142E-06   2.3678349E-09  -7.1685239E-09
  2.3215856E-07  -1.4203325E-06   2.1998279E-08   5.4374005E-05   5.5794507E-05   7.0482354E-05   1.0170844E-04   1.1515819E-05  -1.3532151E-06  -1.4035149E-03   2.9795637E-05  -1.2574784E-05  -7.6789868E-03  -2.6160933E-03  -1.1491846E-03   9.7456466E-06  -3.6124215E-04   3.6403454E-04  -1.2868775E-04  -4.2630090E-04  -3.7515066E-04  -5.7742184E-06  -4.4656945E-06   3.7593496E-06  -1.1016003E-05  -6.8791325E-06  -2.4841289E-05  -6.5588513E-08  -6.6998345E-08
  9.2925215E-07   1.1960928E-05  -1.9789316E-06   5.5794507E-05   1.2818360E-03   9.7983141E-04   1.4912616E-04   4.0124631E-05   2.4411109E-06   3.2769768E-03  -2.2514879E-04  -2.0619008E-03   1.7899688E-02   9.8770469E-03  -1.4282652E-03  -3.4402596E-04   3.0557092E-03  -6.4443802E-04   4.9614389E-04   2.4710440E-04   3.3477799E-04   4.1768236E-06  -3.1313053E-06  -1.9476186E-05  -1.6234621E-06  -3.5833046E-06  -1.5795294E-04  -3.3448196E-07   2.3213089E-07
  2.1687587E-05   4.7430052E-04  -5.4250275E-05   7.0482354E-05   9.7983141E-04   3.0146648E-02   1.3511685E-03   1.0218946E-03  -1.0498022E-05   1.5944772E-01  -3.7791701E-03  -2.1428151E-02   6.9088004E-01   3.2862479E-01   8.2099696E-02  -5.2135192E-02   6.5953864E-02   8.8535513E-03   2.3883534E-02   2.7587373E-02  -2.1853654E-02  -2.5063280E-05  -5.7083463E-05  -1.0363856E-04  -1.2292285E-04  -1.2154581E-04   5.3523080E-04  -2.3997282E-06   3.3188757E-06
  1.3422186E-06   1.8134471E-05  -2.1666010E-06   1.0170844E-04   1.4912616E-04   1.3511685E-03   2.7008226E-04   5.7698005E-05   8.7540008E-06   3.2567131E-03  -5.8238219E-05  -7.5106955E-04   1.7333596E-02   1.0311538E-02   4.5623807E-03   4.5818736E-03   9.9605693E-04   6.7564080E-04   1.0822476E-04   3.8330355E-05   2.3170657E-04  -1.4817409E-05  -1.3697540E-05  -2.6178373E-06  -2.6261891E-05  -2.2412250E-05   1.1829102E-05  -6.2386627E-08   4.2267340E-09
  8.7594346E-07   1.3945736E-05  -1.6417502E-06   1.1515819E-05   4.0124631E-05   1.0218946E-03   5.7698005E-05   4.8398016E-05  -2.0362570E-07   1.6315856E-03  -6.0083406E-05   1.6351618E-05   3.3184907E-03   5.3073435E-03   3.6220880E-03   2.3120077E-03   3.1975812E-04   6.7855024E-04   4.7855446E-04   5.4171057E-04   2.1568588E-04  -1.5915129E-06  -1.0947397E-07  -5.9352505E-06  -5.6552777E-06  -1.7752893E-06   9.9884430E-06  -1.7382041E-07   4.1337042E-08
  1.7294596E-08  -2.5743184E-07   9.4270704E-09  -1.3532151E-06   2.4411109E-06  -1.0498022E-05   8.7540008E-06  -2.0362570E-07   5.9092431E-06   3.1429720E-04  -2.3466915E-06   1.1034886E-04   2.4758583E-03   3.7906978E-04   6.4070998E-04   1.8541901E-03  -2.4111864E-04  -1.3564340E-05  -7.2155807E-05   6.2545933E-05   9.7432497E-04  -4.3785852E-07  -4.0466451E-07  -2.4995047E-06  -2.4617800E-08  -9.1886530E-07   1.7187351E-05   1.3421553E-08   4.9724382E-09
  5.0417423E-05   2.6099683E-03  -2.9401062E-04  -1.4035149E-03   3.2769768E-03   1.5944772E-01   3.2567131E-03   1.6315856E-03   3.1429720E-04   4.4039052E+01  -4.1280302E-01  -6.7792459E-01   3.4724227E+01   2.8660409E+00  -1.2200088E+01  -5.3661380E+01  -1.1539039E-01   1.9388948E-01   5.6312229E-01  -5.4756044E+00  -3.2573174E+01   1.9215001E-03   1.1663138E-03   6.3424924E-03  -1.7888894E-04  -2.0454887E-03   1.1166638E-02  -1.3104228E-04   7.3320922E-04
 -2.7638934E-06  -5.8306787E-05   6.5708849E-06   2.9795637E-05  -2.2514879E-04  -3.7791701E-03  -5.8238219E-05  -6.0083406E-05  -2.3466915E-06  -4.1280302E-01   8.0473451E-02  -3.5244902E-02  -8.0621032E-01   8.6665994E-01   1.6792064E+00   6.4575158E-01   4.4287240E-02  -5.7962314E-03   3.7221048E-03   1.0324185E-01   1.4644968E-01  -1.9888619E-04   7.3497266E-05   5.0339420E-05   7.1185959E-05   3.0760472E-04   9.7573488E-04   1.7751321E-06  -4.0231235E-06
  2.2544918E-06  -3.5833579E-04   4.1695880E-05  -1.2574784E-05  -2.0619008E-03  -2.1428151E-02  -7.5106955E-04   1.6351618E-05   1.1034886E-04  -6.7792459E-01  -3.5244902E-02   3.7343265E+00  -2.9651395E+01  -3.5579356E+00   7.3231875E+00   4.8424016E+00  -2.5414876E+00  -2.3884376E-01   1.4976778E-01   2.4393006E+00   2.8892487E+00  -1.1356914E-04  -2.2129965E-04  -1.1853216E-03   8.5202240E-04   1.9003787E-03  -2.4801885E-03   9.7895839E-05  -4.6179513E-05
  2.1337775E-04   1.2023972E-02  -1.2537023E-03  -7.6789868E-03   1.7899688E-02   6.9088004E-01   1.7333596E-02   3.3184907E-03   2.4758583E-03   3.4724227E+01  -8.0621032E-01  -2.9651395E+01   7.7599768E+02   7.1527734E+01  -5.5065943E+01  -5.5701413E+01   1.2809351E+01  -5.7814647E+00   5.4879060E+00  -1.0653500E+01  -1.9792632E+01   1.0342222E-02  -4.9523454E-03   1.3784763E-02   6.6518120E-03   3.2867000E-03  -1.0533375E-02   3.8058334E-03   7.2775020E-04
  5.5023108E-05   5.7544768E-03  -6.2699080E-04  -2.6160933E-03   9.8770469E-03   3.2862479E-01   1.0311538E-02   5.3073435E-03   3.7906978E-04   2.8660409E+00   8.6665994E-01  -3.5579356E+00   7.1527734E+01   6.2413039E+01   3.8776375E+01   1.3375174E+01  -3.7058899E+00  -2.5379922E-01  -1.0791755E+00   3.4809834E+00   3.8414978E+00   5.0204400E-04   2.7188459E-04  -5.1569207E-04   2.2904753E-03   3.6060009E-03   1.9873365E-02   8.3394253E-05   1.7156963E-04
 -5.3530026E-06   1.6060229E-03  -1.8529750E-04  -1.1491846E-03  -1.4282652E-03   8.2099696E-02   4.5623807E-03   3.6220880E-03   6.4070998E-04  -1.2200088E+01   1.6792064E+00   7.3231875E+00  -5.5065943E+01   3.8776375E+01   8.3075181E+01   5.0444890E+01  -1.0389802E+01  -8.0824348E-01  -4.9861993E-01   4.4642102E+00   7.0894073E+00  -3.1749384E-03   4.7222421E-04  -4.1849179E-03   3.9470007E-03   1.2413965E-02   2.2905771E-02   3.4638394E-04  -3.9908827E-04
 -1.5368351E-05  -7.3665227E-04   7.3248406E-05   9.7456466E-06  -3.4402596E-04  -5.2135192E-02   4.5818736E-03   2.3120077E-03   1.8541901E-03  -5.3661380E+01   6.4575158E-01   4.8424016E+00  -5.5701413E+01   1.3375174E+01   5.0444890E+01   1.0015427E+02  -8.2484739E+00  -6.5284468E-01  -1.0365748E+00   4.9205425E+00   3.2141410E+01  -2.9282721E-03  -3.2205572E-03  -1.8637788E-02   2.3567674E-03   5.1460979E-03  -1.3737779E-02   3.8104932E-04  -1.3231654E-03
  1.1509561E-05   1.1097200E-03  -1.2252314E-04  -3.6124215E-04   3.0557092E-03   6.5953864E-02   9.9605693E-04   3.1975812E-04  -2.4111864E-04  -1.1539039E-01   4.4287240E-02  -2.5414876E+00   1.2809351E+01  -3.7058899E+00  -1.0389802E+01  -8.2484739E+00   5.4752836E+00   1.4040460E-01  -1.9860412E-01  -1.8651084E+00  -2.0581552E+00  -5.4422762E-04   1.9887303E-04   2.5596898E-03  -1.2160546E-03  -1.6542599E-03   7.5336580E-03  -9.4459879E-05   3.2008627E-06
  6.0790163E-06   1.0611287E-04  -1.7315727E-05   3.6403454E-04  -6.4443802E-04   8.8535513E-03   6.7564080E-04   6.7855024E-04  -1.3564340E-05   1.9388948E-01  -5.7962314E-03  -2.3884376E-01  -5.7814647E+00  -2.5379922E-01  -8.0824348E-01  -6.5284468E-01   1.4040460E-01   3.3645138E+00   5.1699419E-01   8.4087381E-02  -9.2288164E-03  -1.4560688E-04   4.1713324E-04  -6.7761968E-05  -8.3036964E-04  -1.2663011E-03   2.2635893E-03   1.7668317E-04  -7.0580848E-06
  9.1980086E-06   4.0181529E-04  -3.8878066E-05  -1.2868775E-04   4.9614389E-04   2.3883534E-02   1.0822476E-04   4.7855446E-04  -7.2155807E-05   5.6312229E-01   3.7221048E-03   1.4976778E-01   5.4879060E+00  -1.0791755E+00  -4.9861993E-01  -1.0365748E+00  -1.9860412E-01   5.1699419E-01   3.1316738E+00   2.6940327E+00   2.7076537E+00   1.2135589E-04  -2.5087796E-04   7.1446570E-05   8.0181922E-04   3.2530554E-03   6.0410271E-03  -1.8398226E-04  -3.6002009E-05
  8.9552361E-06   5.0671618E-04  -4.5953560E-05  -4.2630090E-04   2.4710440E-04   2.7587373E-02   3.8330355E-05   5.4171057E-04   6.2545933E-05  -5.4756044E+00   1.0324185E-01   2.4393006E+00  -1.0653500E+01   3.4809834E+00   4.4642102E+00   4.9205425E+00  -1.8651084E+00   8.4087381E-02   2.6940327E+00   1.0664456E+01   1.8998283E+01   1.1088879E-03   1.1744572E-04  -6.2714477E-04   8.4132534E-04   2.8989460E-03   6.6163474E-03  -3.8820259E-05   4.3289777E-04
 -7.1411216E-06  -2.7124113E-04   4.1932293E-05  -3.7515066E-04   3.3477799E-04  -2.1853654E-02   2.3170657E-04   2.1568588E-04   9.7432497E-04  -3.2573174E+01   1.4644968E-01   2.8892487E+00  -1.9792632E+01   3.8414978E+00   7.0894073E+00   3.2141410E+01  -2.0581552E+00  -9.2288164E-03   2.7076537E+00   1.8998283E+01   5.2936320E+01   1.4798694E-03  -3.4563584E-04  -1.0993833E-03   2.2721391E-04   6.6379958E-04   6.5573165E-03   1.8275747E-05   9.5871140E-04
 -7.8586055E-08  -6.5940717E-07  -3.6275717E-08  -5.7742184E-06   4.1768236E-06  -2.5063280E-05  -1.4817409E-05  -1.5915129E-06  -4.3785852E-07   1.9215001E-03  -1.9888619E-04  -1.1356914E-04   1.0342222E-02   5.0204400E-04  -3.1749384E-03  -2.9282721E-03  -5.4422762E-04  -1.4560688E-04   1.2135589E-04   1.1088879E-03   1.4798694E-03   1.4324228E-03   2.7994021E-04   7.5121524E-05  -3.6336212E-04  -7.1229720E-05  -1.7411862E-05  -3.7939816E-08   3.4912291E-07
 -6.6296876E-08  -1.0992817E-06   6.6034294E-08  -4.4656945E-06  -3.1313053E-06  -5.7083463E-05  -1.3697540E-05  -1.0947397E-07  -4.0466451E-07   1.1663138E-03   7.3497266E-05  -2.2129965E-04  -4.9523454E-03   2.7188459E-04   4.7222421E-04  -3.2205572E-03   1.9887303E-04   4.1713324E-04  -2.5087796E-04   1.1744572E-04  -3.4563584E-04   2.7994021E-04   8.8850371E-04   5.0488991E-05   7.4281161E-04   1.2856772E-05  -7.8358156E-04  -9.2288205E-08   1.6834318E-07
 -3.6041471E-07  -5.4738759E-07  -2.1246923E-07   3.7593496E-06  -1.9476186E-05  -1.0363856E-04  -2.6178373E-06  -5.9352505E-06  -2.4995047E-06   6.3424924E-03   5.0339420E-05  -1.1853216E-03   1.3784763E-02  -5.1569207E-04  -4.1849179E-03  -1.8637788E-02   2.5596898E-03  -6.7761968E-05   7.1446570E-05  -6.2714477E-04  -1.0993833E-03   7.5121524E-05   5.0488991E-05   7.2522364E-03  -2.9979713E-04   6.4830312E-04   4.4569681E-03  -2.8823008E-07   5.4473041E-07
 -1.9154619E-07  -1.4689958E-06   9.7490985E-08  -1.1016003E-05  -1.6234621E-06  -1.2292285E-04  -2.6261891E-05  -5.6552777E-06  -2.4617800E-08  -1.7888894E-04   7.1185959E-05   8.5202240E-04   6.6518120E-03   2.2904753E-03   3.9470007E-03   2.3567674E-03  -1.2160546E-03  -8.3036964E-04   8.0181922E-04   8.4132534E-04   2.2721391E-04  -3.6336212E-04   7.4281161E-04  -2.9979713E-04   2.9537547E-03   4.5034780E-04  -1.1812964E-03  -8.3161456E-08  -2.2452009E-07
 -4.8363016E-07  -9.1794948E-07  -8.1771582E-08  -6.8791325E-06  -3.5833046E-06  -1.2154581E-04  -2.2412250E-05  -1.7752893E-06  -9.1886530E-07  -2.0454887E-03   3.0760472E-04   1.9003787E-03   3.2867000E-03   3.6060009E-03   1.2413965E-02   5.1460979E-03  -1.6542599E-03  -1.2663011E-03   3.2530554E-03   2.8989460E-03   6.6379958E-04  -7.1229720E-05   1.2856772E-05   6.4830312E-04   4.5034780E-04   6.4229804E-03   7.6845584E-03   1.2845343E-07  -9.8284905E-07
 -2.0255645E-06   1.7027944E-05  -2.3075142E-06  -2.4841289E-05  -1.5795294E-04   5.3523080E-04   1.1829102E-05   9.9884430E-06   1.7187351E-05   1.1166638E-02   9.7573488E-04  -2.4801885E-03  -1.0533375E-02   1.9873365E-02   2.2905771E-02  -1.3737779E-02   7.5336580E-03   2.2635893E-03   6.0410271E-03   6.6163474E-03   6.5573165E-03  -1.7411862E-05  -7.8358156E-04   4.4569681E-03  -1.1812964E-03   7.6845584E-03   7.1273267E-02  -1.9416836E-06  -1.3278474E-06
  1.1519964E-09  -4.0083121E-08   2.3678349E-09  -6.5588513E-08  -3.3448196E-07  -2.3997282E-06  -6.2386627E-08  -1.7382041E-07   1.3421553E-08  -1.3104228E-04   1.7751321E-06   9.7895839E-05   3.8058334E-03   8.3394253E-05   3.4638394E-04   3.8104932E-04  -9.4459879E-05   1.7668317E-04  -1.8398226E-04  -3.8820259E-05   1.8275747E-05  -3.7939816E-08  -9.2288205E-08  -2.8823008E-07  -8.3161456E-08   1.2845343E-07  -1.9416836E-06   3.7056322E-07  -3.8079873E-09
  7.5625305E-10   5.5181853E-08  -7.1685239E-09  -6.6998345E-08   2.3213089E-07   3.3188757E-06   4.2267340E-09   4.1337042E-08   4.9724382E-09   7.3320922E-04  -4.0231235E-06  -4.6179513E-05   7.2775020E-04   1.7156963E-04  -3.9908827E-04  -1.3231654E-03   3.2008627E-06  -7.0580848E-06  -3.6002009E-05   4.3289777E-04   9.5871140E-04   3.4912291E-07   1.6834318E-07   5.4473041E-07  -2.2452009E-07  -9.8284905E-07  -1.3278474E-06  -3.8079873E-09   3.8455240E-07
