# omegabh2 omegach2 theta mnu nnu logA ns
  5.1150957E-07   2.8517146E-06  -5.1827035E-09   8.6558687E-06   1.4800448E-04   6.1702017E-07  -7.4756507E-08
  2.8517146E-06   3.6896507E-05   1.9144939E-07  -3.8548494E-04   1.4347287E-03  -2.3407609E-04  -2.0121494E-05
 -5.1827035E-09   1.9144939E-07   3.4163689E-07   3.9676822E-06  -5.4243282E-08  -6.1615227E-07  -9.2616318E-08
  8.6558687E-06  -3.8548494E-04   3.9676822E-06   3.0402095E-02   6.3372837E-03   1.2767503E-02   9.4628387E-04
  1.4800448E-04   1.4347287E-03  -5.4243282E-08   6.3372837E-03   7.9700695E-02   6.1873902E-04  -1.0477041E-04
  6.1702017E-07  -2.3407609E-04  -6.1615227E-07   1.2767503E-02   6.1873902E-04   6.6962108E-03   6.8979172E-04
 -7.4756507E-08  -2.0121494E-05  -9.2616318E-08   9.4628387E-04  -1.0477041E-04   6.8979172E-04   3.7173247E-04
