# omegabh2 omegach2 theta tau logA ns r calPlanck acib217 xi asz143 aps100 aps143 aps143217 aps217 aksz kgal100 kgal143 kgal143217 kgal217 galfEE100 galfEE100143 galfEE100217 galfEE143 galfEE143217 galfEE217 galfTE100 galfTE100143 galfTE100217 galfTE143 galfTE143217 galfTE217 cal0 cal2
    0.2404578E-07   -0.1270293E-06    0.1964498E-07    0.8974189E-06    0.1595292E-05    0.3564419E-06    0.4791755E-07    0.1393212E-07   -0.1257954E-03    0.2757303E-05    0.2937969E-04   -0.4760607E-03   -0.2411724E-03   -0.2947085E-04    0.6240599E-04   -0.4361537E-04   -0.6336024E-05   -0.1132003E-04   -0.2065199E-04   -0.2657638E-05    0.3750292E-07    0.4952248E-07    0.8409007E-07    0.6100573E-07    0.1475676E-06    0.3570896E-06   -0.1176049E-06   -0.9830596E-07    0.1008645E-06   -0.3867564E-06   -0.5322893E-06   -0.3122630E-05    0.4554522E-08   -0.1459810E-07
   -0.1270293E-06    0.2008155E-05   -0.1685777E-06   -0.9423385E-05   -0.1415329E-04   -0.5022515E-05   -0.2811314E-05   -0.1168210E-06    0.4135786E-03   -0.8415524E-05   -0.1373653E-03    0.2418775E-02    0.1406202E-02    0.5233662E-03    0.2222914E-03    0.1145269E-03   -0.1838619E-04    0.4072439E-04    0.1010130E-03    0.9689765E-04   -0.6605103E-06   -0.7456850E-06   -0.5518480E-06   -0.8094294E-06   -0.5521902E-06   -0.1870912E-05    0.9433573E-06    0.4400844E-06   -0.1457729E-05    0.2046701E-05    0.3058736E-05    0.1816535E-04   -0.1607980E-09    0.7554956E-07
    0.1964498E-07   -0.1685777E-06    0.1004686E-06    0.9964060E-06    0.1696653E-05    0.5520901E-06   -0.4580050E-07    0.1142870E-07   -0.4236007E-04    0.9738024E-06    0.1816332E-04   -0.2180001E-03   -0.1208749E-03   -0.2612275E-04    0.3552576E-05   -0.1719694E-04   -0.2940586E-05   -0.5094887E-05   -0.2553803E-04   -0.4567119E-04    0.7577950E-07    0.6527294E-07   -0.6977515E-07    0.4009548E-07    0.1267347E-06   -0.6134781E-06   -0.3706671E-07   -0.1500453E-06   -0.2377455E-07   -0.3762691E-06   -0.2374025E-06   -0.2753475E-05    0.1321285E-08   -0.1224709E-07
    0.8974189E-06   -0.9423385E-05    0.9964060E-06    0.2838943E-03    0.5426195E-03    0.3317848E-04   -0.3689801E-04   -0.1215851E-05   -0.1174958E-01    0.3104594E-03    0.2220087E-02   -0.4921977E-01   -0.1516062E-01    0.3643311E-02    0.1012645E-01   -0.4411776E-02   -0.7562675E-03   -0.1396127E-02   -0.3197692E-02   -0.2505186E-02    0.1890076E-05    0.3158899E-05    0.8720957E-05    0.3168088E-05   -0.1215753E-04    0.1773877E-04    0.1123465E-05   -0.4508430E-05    0.3398486E-04   -0.1370856E-04   -0.1890999E-04   -0.1560757E-03    0.5174869E-07   -0.1818104E-05
    0.1595292E-05   -0.1415329E-04    0.1696653E-05    0.5426195E-03    0.1074322E-02    0.5333350E-04   -0.8522168E-04    0.9766724E-05   -0.2331031E-01    0.6464689E-03    0.4247253E-02   -0.9069048E-01   -0.2579065E-01    0.1145335E-01    0.2774523E-01   -0.9565069E-02   -0.1789183E-02   -0.3348124E-02   -0.6649331E-02   -0.3208220E-02    0.2897321E-05    0.5140072E-05    0.1654567E-04    0.6355008E-05   -0.2899012E-04    0.2853491E-04    0.6613703E-05   -0.8351953E-05    0.5776908E-04   -0.2545799E-04   -0.3159315E-04   -0.2507801E-03    0.3396737E-06   -0.3639041E-05
    0.3564419E-06   -0.5022515E-05    0.5520901E-06    0.3317848E-04    0.5333350E-04    0.2207481E-04    0.2101136E-04    0.4132430E-06   -0.5330705E-02    0.1386044E-03    0.1184142E-02   -0.2727940E-01   -0.7815724E-02    0.2268140E-02    0.5486938E-02   -0.2348382E-02    0.2830690E-03   -0.3154008E-03   -0.8596352E-03   -0.5056164E-04    0.2643222E-05    0.3127498E-05    0.1427383E-05    0.3359719E-05    0.1445690E-05    0.3881682E-05   -0.1490110E-05   -0.1734097E-05    0.5955869E-05   -0.8867432E-05   -0.6395575E-05   -0.4628344E-04   -0.1304478E-06   -0.5918617E-06
    0.4791755E-07   -0.2811314E-05   -0.4580050E-07   -0.3689801E-04   -0.8522168E-04    0.2101136E-04    0.1091618E-02    0.3000407E-06   -0.4183962E-02    0.4958300E-04    0.1308924E-02   -0.2336276E-01   -0.7441234E-02    0.1199248E-02    0.7043082E-02   -0.2411826E-02   -0.4638035E-03   -0.1129491E-04   -0.9049736E-03   -0.4512539E-03   -0.1324166E-04   -0.1465848E-04    0.7064162E-06   -0.1034091E-04    0.3059038E-04    0.5939176E-04    0.2363936E-04    0.1723278E-04    0.2136513E-04    0.4862171E-04    0.1262873E-04    0.4360400E-05   -0.2945997E-06   -0.4145678E-06
    0.1393212E-07   -0.1168210E-06    0.1142870E-07   -0.1215851E-05    0.9766724E-05    0.4132430E-06    0.3000407E-06    0.6181233E-05    0.5831293E-03   -0.5097384E-05    0.3971358E-04    0.2368633E-02    0.2851375E-03    0.1820818E-03    0.1538582E-02   -0.8701306E-04    0.5853316E-05   -0.5822340E-04   -0.1266862E-04    0.7366685E-03    0.5707730E-06    0.5068251E-06    0.3213699E-06    0.1237050E-05   -0.1365822E-05    0.4431816E-07    0.1080410E-05   -0.2127981E-06   -0.3144990E-05   -0.1074601E-05    0.1432357E-06    0.1334630E-04   -0.4364489E-08   -0.3846061E-07
   -0.1257954E-03    0.4135786E-03   -0.4236007E-04   -0.1174958E-01   -0.2331031E-01   -0.5330705E-02   -0.4183962E-02    0.5831293E-03    0.4356362E+02   -0.5135731E+00   -0.1613960E+01    0.3973053E+02   -0.3340785E+00   -0.2182489E+02   -0.6144627E+02    0.3693844E+00   -0.2473346E+00   -0.3822573E-01   -0.2301746E+01   -0.1887704E+02   -0.3785648E-03   -0.2384252E-03    0.1580155E-02   -0.1713883E-03    0.1077701E-02    0.2693015E-02    0.8332474E-04   -0.2767056E-03    0.2936948E-02    0.4382775E-02    0.4180495E-02    0.1918666E-01   -0.4132886E-03    0.4358065E-02
    0.2757303E-05   -0.8415524E-05    0.9738024E-06    0.3104594E-03    0.6464689E-03    0.1386044E-03    0.4958300E-04   -0.5097384E-05   -0.5135731E+00    0.8127905E-01   -0.6309368E-01   -0.5394797E+00    0.1059455E+01    0.1972317E+01    0.8331595E+00    0.5476814E-01   -0.1948839E-02    0.4232642E-02    0.1152088E+00    0.1270657E+00    0.2843704E-05    0.8603113E-05   -0.4136824E-04   -0.5007681E-05   -0.2781424E-03   -0.3171590E-03    0.9826330E-04   -0.6813733E-04    0.2364982E-03   -0.2439312E-03   -0.1081428E-03    0.5639277E-03    0.1021831E-04   -0.1870960E-04
    0.2937969E-04   -0.1373653E-03    0.1816332E-04    0.2220087E-02    0.4247253E-02    0.1184142E-02    0.1308924E-02    0.3971358E-04   -0.1613960E+01   -0.6309368E-01    0.3595787E+01   -0.2796060E+02   -0.3896881E+01    0.7397766E+01    0.6274611E+01   -0.2366151E+01   -0.1980536E+00    0.3160851E-01    0.2266944E+01    0.2059978E+01    0.1606226E-03    0.1243138E-03   -0.1931347E-03    0.1740011E-03    0.5886574E-03    0.3349171E-03    0.6312562E-03    0.3352908E-03    0.2392841E-02   -0.1498931E-02    0.2313069E-02    0.7255340E-02    0.1929711E-03   -0.3416081E-03
   -0.4760607E-03    0.2418775E-02   -0.2180001E-03   -0.4921977E-01   -0.9069048E-01   -0.2727940E-01   -0.2336276E-01    0.2368633E-02    0.3973053E+02   -0.5394797E+00   -0.2796060E+02    0.7549096E+03    0.6574010E+02   -0.5875871E+02   -0.6651792E+02    0.1130698E+02   -0.2988956E+01    0.3966507E+01   -0.1054769E+02   -0.1431913E+02   -0.2231937E-02   -0.3247003E-02    0.5366247E-02   -0.2706478E-02    0.6631582E-02   -0.2454737E-01   -0.1026244E-01   -0.4178107E-03   -0.1954614E-01    0.3589787E-01   -0.2107720E-01   -0.4310497E-01    0.5713231E-02    0.4028452E-02
   -0.2411724E-03    0.1406202E-02   -0.1208749E-03   -0.1516062E-01   -0.2579065E-01   -0.7815724E-02   -0.7441234E-02    0.2851375E-03   -0.3340785E+00    0.1059455E+01   -0.3896881E+01    0.6574010E+02    0.6012476E+02    0.4497243E+02    0.1821399E+02   -0.4271605E+01   -0.1778788E+00   -0.1048505E+01    0.3814969E+01    0.3990303E+01   -0.5323953E-03   -0.9883460E-03    0.5073163E-03   -0.1488427E-02   -0.2926728E-03   -0.2944064E-02    0.4321607E-02    0.5387029E-03   -0.6549980E-02    0.7124528E-02    0.2268456E-02    0.4758087E-01    0.8471303E-04    0.2719567E-03
   -0.2947085E-04    0.5233662E-03   -0.2612275E-04    0.3643311E-02    0.1145335E-01    0.2268140E-02    0.1199248E-02    0.1820818E-03   -0.2182489E+02    0.1972317E+01    0.7397766E+01   -0.5875871E+02    0.4497243E+02    0.1007453E+03    0.6708261E+02   -0.1120470E+02   -0.5616719E+00   -0.4006235E+00    0.4749502E+01    0.5535229E+01    0.5666586E-03   -0.1606158E-03   -0.6800562E-03   -0.5387754E-03   -0.4233918E-02   -0.1235413E-01    0.6413871E-02   -0.3075995E-03    0.5643533E-02   -0.4001679E-02    0.7625494E-02    0.5975680E-01    0.8477575E-03   -0.2450271E-02
    0.6240599E-04    0.2222914E-03    0.3552576E-05    0.1012645E-01    0.2774523E-01    0.5486938E-02    0.7043082E-02    0.1538582E-02   -0.6144627E+02    0.8331595E+00    0.6274611E+01   -0.6651792E+02    0.1821399E+02    0.6708261E+02    0.1212707E+03   -0.9581751E+01   -0.6634337E-01   -0.3053831E+00   -0.4420684E+00    0.1537448E+02    0.6108148E-03    0.6452332E-04   -0.1900596E-02   -0.8590033E-04   -0.1858333E-02   -0.1259344E-01    0.2327399E-02    0.7216534E-03   -0.5234530E-02   -0.2050856E-02    0.2928269E-02    0.1608947E-01    0.9010823E-03   -0.7634202E-02
   -0.4361537E-04    0.1145269E-03   -0.1719694E-04   -0.4411776E-02   -0.9565069E-02   -0.2348382E-02   -0.2411826E-02   -0.8701306E-04    0.3693844E+00    0.5476814E-01   -0.2366151E+01    0.1130698E+02   -0.4271605E+01   -0.1120470E+02   -0.9581751E+01    0.5460104E+01    0.1224931E+00   -0.4157448E-01   -0.1626141E+01   -0.1316000E+01   -0.1488590E-03   -0.2969755E-03   -0.7565787E-03   -0.3643314E-03   -0.1494557E-02   -0.2676479E-02   -0.4336758E-03   -0.1711014E-03   -0.1210755E-02   -0.2127121E-03   -0.1851414E-02   -0.5517057E-02   -0.1220580E-03    0.1537113E-03
   -0.6336024E-05   -0.1838619E-04   -0.2940586E-05   -0.7562675E-03   -0.1789183E-02    0.2830690E-03   -0.4638035E-03    0.5853316E-05   -0.2473346E+00   -0.1948839E-02   -0.1980536E+00   -0.2988956E+01   -0.1778788E+00   -0.5616719E+00   -0.6634337E-01    0.1224931E+00    0.3580732E+01    0.5120470E+00    0.2653712E+00    0.5410467E+00    0.7968693E-04   -0.8006967E-05    0.2105032E-03   -0.1294365E-03   -0.6905706E-03   -0.2748772E-03   -0.7405326E-03   -0.9832205E-04   -0.2306816E-02    0.2879973E-03    0.2113485E-02   -0.3541570E-02    0.2990267E-03    0.4901158E-05
   -0.1132003E-04    0.4072439E-04   -0.5094887E-05   -0.1396127E-02   -0.3348124E-02   -0.3154008E-03   -0.1129491E-04   -0.5822340E-04   -0.3822573E-01    0.4232642E-02    0.3160851E-01    0.3966507E+01   -0.1048505E+01   -0.4006235E+00   -0.3053831E+00   -0.4157448E-01    0.5120470E+00    0.3334436E+01    0.2560696E+01    0.1905411E+01   -0.7545378E-04    0.4100431E-04   -0.3719860E-03    0.8624200E-04    0.4562971E-03    0.1884198E-02   -0.5621891E-03   -0.7146555E-03   -0.4515700E-03    0.1390651E-03    0.2059630E-02    0.2246118E-02   -0.2627946E-03   -0.2007193E-03
   -0.2065199E-04    0.1010130E-03   -0.2553803E-04   -0.3197692E-02   -0.6649331E-02   -0.8596352E-03   -0.9049736E-03   -0.1266862E-04   -0.2301746E+01    0.1152088E+00    0.2266944E+01   -0.1054769E+02    0.3814969E+01    0.4749502E+01   -0.4420684E+00   -0.1626141E+01    0.2653712E+00    0.2560696E+01    0.1737218E+02    0.2615893E+02   -0.5436246E-04   -0.7358191E-04    0.5981322E-03    0.1160425E-03    0.7465450E-03    0.6978862E-02    0.7124715E-03    0.9853748E-03   -0.2093329E-02    0.3862575E-02    0.2690939E-02    0.1977262E-01    0.2631405E-04    0.2561727E-02
   -0.2657638E-05    0.9689765E-04   -0.4567119E-04   -0.2505186E-02   -0.3208220E-02   -0.5056164E-04   -0.4512539E-03    0.7366685E-03   -0.1887704E+02    0.1270657E+00    0.2059978E+01   -0.1431913E+02    0.3990303E+01    0.5535229E+01    0.1537448E+02   -0.1316000E+01    0.5410467E+00    0.1905411E+01    0.2615893E+02    0.5526328E+02    0.2641957E-03   -0.4142949E-04    0.1685852E-02    0.5967765E-03    0.6294757E-03    0.1307899E-01    0.5698710E-03    0.1852987E-02   -0.8396850E-02    0.6548520E-02   -0.3080645E-03    0.1165053E-01    0.1430164E-03    0.4607302E-02
    0.3750292E-07   -0.6605103E-06    0.7577950E-07    0.1890076E-05    0.2897321E-05    0.2643222E-05   -0.1324166E-04    0.5707730E-06   -0.3785648E-03    0.2843704E-05    0.1606226E-03   -0.2231937E-02   -0.5323953E-03    0.5666586E-03    0.6108148E-03   -0.1488590E-03    0.7968693E-04   -0.7545378E-04   -0.5436246E-04    0.2641957E-03    0.3240100E-04    0.8574807E-05   -0.1121831E-05    0.3220117E-05   -0.8996810E-06   -0.5384509E-05   -0.1076847E-05   -0.1941651E-05    0.1136622E-04    0.9997531E-06    0.7598250E-05    0.1975344E-04   -0.4465329E-07   -0.7014013E-07
    0.4952248E-07   -0.7456850E-06    0.6527294E-07    0.3158899E-05    0.5140072E-05    0.3127498E-05   -0.1465848E-04    0.5068251E-06   -0.2384252E-03    0.8603113E-05    0.1243138E-03   -0.3247003E-02   -0.9883460E-03   -0.1606158E-03    0.6452332E-04   -0.2969755E-03   -0.8006967E-05    0.4100431E-04   -0.7358191E-04   -0.4142949E-04    0.8574807E-05    0.2451337E-04    0.2003415E-06    0.1198262E-04   -0.2259995E-05   -0.5725984E-06   -0.1824139E-05   -0.2821998E-05   -0.9258817E-06    0.7286490E-06    0.4365979E-05   -0.2033221E-05   -0.7758970E-07   -0.7889538E-07
    0.8409007E-07   -0.5518480E-06   -0.6977515E-07    0.8720957E-05    0.1654567E-04    0.1427383E-05    0.7064162E-06    0.3213699E-06    0.1580155E-02   -0.4136824E-04   -0.1931347E-03    0.5366247E-02    0.5073163E-03   -0.6800562E-03   -0.1900596E-02   -0.7565787E-03    0.2105032E-03   -0.3719860E-03    0.5981322E-03    0.1685852E-02   -0.1121831E-05    0.2003415E-06    0.1051167E-02    0.2112555E-05    0.1847599E-04    0.2198784E-04    0.5507957E-05    0.1492730E-04   -0.4195471E-04   -0.4365327E-05   -0.1927393E-04    0.6050310E-04    0.1708612E-06    0.7561152E-06
    0.6100573E-07   -0.8094294E-06    0.4009548E-07    0.3168088E-05    0.6355008E-05    0.3359719E-05   -0.1034091E-04    0.1237050E-05   -0.1713883E-03   -0.5007681E-05    0.1740011E-03   -0.2706478E-02   -0.1488427E-02   -0.5387754E-03   -0.8590033E-04   -0.3643314E-03   -0.1294365E-03    0.8624200E-04    0.1160425E-03    0.5967765E-03    0.3220117E-05    0.1198262E-04    0.2112555E-05    0.4678910E-04    0.1020300E-05   -0.8731379E-05   -0.8175077E-07   -0.1470208E-05   -0.4207661E-05   -0.4262794E-05   -0.4684914E-05   -0.3279021E-05   -0.1243670E-06    0.2032022E-07
    0.1475676E-06   -0.5521902E-06    0.1267347E-06   -0.1215753E-04   -0.2899012E-04    0.1445690E-05    0.3059038E-04   -0.1365822E-05    0.1077701E-02   -0.2781424E-03    0.5886574E-03    0.6631582E-02   -0.2926728E-03   -0.4233918E-02   -0.1858333E-02   -0.1494557E-02   -0.6905706E-03    0.4562971E-03    0.7465450E-03    0.6294757E-03   -0.8996810E-06   -0.2259995E-05    0.1847599E-04    0.1020300E-05    0.2182864E-02    0.1276679E-03   -0.5935377E-05   -0.1071900E-04   -0.7728626E-04   -0.3201094E-06    0.3639184E-06   -0.4425827E-04   -0.1163974E-06   -0.9464010E-07
    0.3570896E-06   -0.1870912E-05   -0.6134781E-06    0.1773877E-04    0.2853491E-04    0.3881682E-05    0.5939176E-04    0.4431816E-07    0.2693015E-02   -0.3171590E-03    0.3349171E-03   -0.2454737E-01   -0.2944064E-02   -0.1235413E-01   -0.1259344E-01   -0.2676479E-02   -0.2748772E-03    0.1884198E-02    0.6978862E-02    0.1307899E-01   -0.5384509E-05   -0.5725984E-06    0.2198784E-04   -0.8731379E-05    0.1276679E-03    0.1701544E-01   -0.3942777E-04    0.8092147E-05    0.2211854E-03   -0.8928542E-05    0.4853901E-04   -0.1094270E-04   -0.9951200E-06    0.1362038E-06
   -0.1176049E-06    0.9433573E-06   -0.3706671E-07    0.1123465E-05    0.6613703E-05   -0.1490110E-05    0.2363936E-04    0.1080410E-05    0.8332474E-04    0.9826330E-04    0.6312562E-03   -0.1026244E-01    0.4321607E-02    0.6413871E-02    0.2327399E-02   -0.4336758E-03   -0.7405326E-03   -0.5621891E-03    0.7124715E-03    0.5698710E-03   -0.1076847E-05   -0.1824139E-05    0.5507957E-05   -0.8175077E-07   -0.5935377E-05   -0.3942777E-04    0.1412558E-02    0.3010344E-03    0.4213036E-04   -0.3215873E-03   -0.6486812E-04   -0.5825847E-04   -0.3658742E-07   -0.3237230E-07
   -0.9830596E-07    0.4400844E-06   -0.1500453E-06   -0.4508430E-05   -0.8351953E-05   -0.1734097E-05    0.1723278E-04   -0.2127981E-06   -0.2767056E-03   -0.6813733E-04    0.3352908E-03   -0.4178107E-03    0.5387029E-03   -0.3075995E-03    0.7216534E-03   -0.1711014E-03   -0.9832205E-04   -0.7146555E-03    0.9853748E-03    0.1852987E-02   -0.1941651E-05   -0.2821998E-05    0.1492730E-04   -0.1470208E-05   -0.1071900E-04    0.8092147E-05    0.3010344E-03    0.8607018E-03    0.5037878E-05    0.7442934E-03    0.5786103E-05   -0.6699243E-03   -0.7358459E-07   -0.1209721E-06
    0.1008645E-06   -0.1457729E-05   -0.2377455E-07    0.3398486E-04    0.5776908E-04    0.5955869E-05    0.2136513E-04   -0.3144990E-05    0.2936948E-02    0.2364982E-03    0.2392841E-02   -0.1954614E-01   -0.6549980E-02    0.5643533E-02   -0.5234530E-02   -0.1210755E-02   -0.2306816E-02   -0.4515700E-03   -0.2093329E-02   -0.8396850E-02    0.1136622E-04   -0.9258817E-06   -0.4195471E-04   -0.4207661E-05   -0.7728626E-04    0.2211854E-03    0.4213036E-04    0.5037878E-05    0.7068772E-02   -0.2751294E-03    0.6615920E-03    0.4190260E-02    0.2035665E-06   -0.1741302E-05
   -0.3867564E-06    0.2046701E-05   -0.3762691E-06   -0.1370856E-04   -0.2545799E-04   -0.8867432E-05    0.4862171E-04   -0.1074601E-05    0.4382775E-02   -0.2439312E-03   -0.1498931E-02    0.3589787E-01    0.7124528E-02   -0.4001679E-02   -0.2050856E-02   -0.2127121E-03    0.2879973E-03    0.1390651E-03    0.3862575E-02    0.6548520E-02    0.9997531E-06    0.7286490E-06   -0.4365327E-05   -0.4262794E-05   -0.3201094E-06   -0.8928542E-05   -0.3215873E-03    0.7442934E-03   -0.2751294E-03    0.2889932E-02    0.4485346E-03   -0.8426176E-03    0.3540741E-06    0.1769975E-05
   -0.5322893E-06    0.3058736E-05   -0.2374025E-06   -0.1890999E-04   -0.3159315E-04   -0.6395575E-05    0.1262873E-04    0.1432357E-06    0.4180495E-02   -0.1081428E-03    0.2313069E-02   -0.2107720E-01    0.2268456E-02    0.7625494E-02    0.2928269E-02   -0.1851414E-02    0.2113485E-02    0.2059630E-02    0.2690939E-02   -0.3080645E-03    0.7598250E-05    0.4365979E-05   -0.1927393E-04   -0.4684914E-05    0.3639184E-06    0.4853901E-04   -0.6486812E-04    0.5786103E-05    0.6615920E-03    0.4485346E-03    0.6379716E-02    0.7382986E-02    0.8029445E-07    0.4238976E-06
   -0.3122630E-05    0.1816535E-04   -0.2753475E-05   -0.1560757E-03   -0.2507801E-03   -0.4628344E-04    0.4360400E-05    0.1334630E-04    0.1918666E-01    0.5639277E-03    0.7255340E-02   -0.4310497E-01    0.4758087E-01    0.5975680E-01    0.1608947E-01   -0.5517057E-02   -0.3541570E-02    0.2246118E-02    0.1977262E-01    0.1165053E-01    0.1975344E-04   -0.2033221E-05    0.6050310E-04   -0.3279021E-05   -0.4425827E-04   -0.1094270E-04   -0.5825847E-04   -0.6699243E-03    0.4190260E-02   -0.8426176E-03    0.7382986E-02    0.6433728E-01   -0.1920078E-05    0.2387937E-05
    0.4554522E-08   -0.1607980E-09    0.1321285E-08    0.5174869E-07    0.3396737E-06   -0.1304478E-06   -0.2945997E-06   -0.4364489E-08   -0.4132886E-03    0.1021831E-04    0.1929711E-03    0.5713231E-02    0.8471303E-04    0.8477575E-03    0.9010823E-03   -0.1220580E-03    0.2990267E-03   -0.2627946E-03    0.2631405E-04    0.1430164E-03   -0.4465329E-07   -0.7758970E-07    0.1708612E-06   -0.1243670E-06   -0.1163974E-06   -0.9951200E-06   -0.3658742E-07   -0.7358459E-07    0.2035665E-06    0.3540741E-06    0.8029445E-07   -0.1920078E-05    0.5864103E-06   -0.1833703E-07
   -0.1459810E-07    0.7554956E-07   -0.1224709E-07   -0.1818104E-05   -0.3639041E-05   -0.5918617E-06   -0.4145678E-06   -0.3846061E-07    0.4358065E-02   -0.1870960E-04   -0.3416081E-03    0.4028452E-02    0.2719567E-03   -0.2450271E-02   -0.7634202E-02    0.1537113E-03    0.4901158E-05   -0.2007193E-03    0.2561727E-02    0.4607302E-02   -0.7014013E-07   -0.7889538E-07    0.7561152E-06    0.2032022E-07   -0.9464010E-07    0.1362038E-06   -0.3237230E-07   -0.1209721E-06   -0.1741302E-05    0.1769975E-05    0.4238976E-06    0.2387937E-05   -0.1833703E-07    0.2101322E-05
