# omegabh2 omegach2 theta tau mnu logA ns calPlanck aps100 aps143 aps217 acib217 asz143 psr cibr xi aksz dust100 dust143 dust217 dust143x217 cal0 cal2 calTE calEE
  2.0867946E-08  -4.4125343E-08   1.0310403E-08   2.0757013E-07   1.9679588E-07   4.1261907E-07   1.7280751E-07   1.9547484E-08  -3.3607736E-04  -2.3520527E-04   8.2717781E-05  -1.1639048E-04   1.7093047E-05   7.1825438E-07  -1.6120217E-06   9.3831961E-07  -2.8494741E-05  -4.6579192E-07  -6.9164550E-07   5.7477593E-07  -4.4530600E-07   3.4169407E-09  -7.2167236E-09  -1.0862319E-07  -2.6197650E-07
 -4.4125343E-08   8.2397925E-07  -3.6577640E-08  -2.2291993E-06  -5.3049528E-06  -2.9960035E-06  -1.8539544E-06  -2.1245239E-07   5.1764436E-04   3.8816483E-04  -2.6887736E-04   2.5759873E-04  -2.1814863E-05  -1.2370784E-07   3.7452261E-06  -3.5658651E-06   6.0431611E-05  -1.5673860E-06   5.2972383E-06  -1.0916151E-06   1.4468521E-06  -3.5015374E-08   3.0771581E-08  -1.4380766E-07  -4.6697847E-07
  1.0310403E-08  -3.6577640E-08   8.9555723E-08   2.2858688E-07  -5.3445131E-07   4.9815993E-07   2.0982480E-07   1.4314841E-08  -1.0372331E-04  -4.5119118E-05  -7.4563576E-05   2.3159510E-05   4.2818139E-06  -2.7137804E-07   1.4179077E-06   1.2224872E-07  -9.1190468E-07  -8.0465416E-07  -2.9944728E-07  -1.9479445E-08  -6.9207015E-07   1.0559059E-09   4.9645234E-09  -5.1598190E-08   5.5020291E-10
  2.0757013E-07  -2.2291993E-06   2.2858688E-07   5.3523058E-05   4.5044455E-05   9.7732162E-05   8.0373126E-06  -1.4438120E-06  -1.1705883E-02  -4.1966657E-03   2.1300492E-03  -3.2025878E-03   1.1274375E-04   8.2356998E-06  -2.5452324E-05   5.1896951E-05  -6.8147575E-05  -1.5313034E-05   6.8030150E-06   1.1581725E-05  -1.8235235E-05  -2.9427324E-07  -3.5246378E-07  -3.6747891E-06  -2.0544165E-06
  1.9679588E-07  -5.3049528E-06  -5.3445131E-07   4.5044455E-05   1.4503181E-03   8.9428197E-05   1.0826406E-05   6.2885309E-06  -1.1700100E-02  -4.8017158E-03  -6.7482508E-03   2.3667431E-03   5.9692098E-04  -4.1233230E-05   2.6597168E-04   5.2371729E-05   1.3330458E-03   1.0180541E-04  -1.7022381E-04   2.5131521E-05  -1.1626605E-04   8.1880043E-07   1.0342642E-06   7.5910012E-06   2.5713970E-06
  4.1261907E-07  -2.9960035E-06   4.9815993E-07   9.7732162E-05   8.9428197E-05   2.0764754E-04   1.1208164E-05   8.9552404E-06  -1.6439247E-02  -5.4808018E-03   1.2079222E-02  -7.3143935E-03   1.7637870E-04   3.8884751E-05  -1.1650365E-04   1.3654147E-04  -1.0074725E-03  -5.9505254E-05  -6.7496934E-05   4.7505634E-05  -3.6325688E-05  -5.2071389E-08  -7.0673820E-07  -8.3368874E-06  -2.6108490E-06
  1.7280751E-07  -1.8539544E-06   2.0982480E-07   8.0373126E-06   1.0826406E-05   1.1208164E-05   1.4051220E-05   5.9169390E-07  -2.1022927E-02  -6.4410858E-03   8.2934316E-03  -5.5691430E-03   4.4984852E-04   5.5057854E-05  -8.9538273E-05   7.4858676E-05  -1.8707571E-03   2.7237090E-05  -1.6956269E-05   2.6430449E-05  -1.0292800E-05  -3.2465540E-07  -3.8366676E-07  -7.5966528E-07  -2.7944033E-06
  1.9547484E-08  -2.1245239E-07   1.4314841E-08  -1.4438120E-06   6.2885309E-06   8.9552404E-06   5.9169390E-07   6.1835952E-06   3.5001225E-03   7.1700037E-04   1.5308810E-03   4.9009836E-04  -5.1542469E-05  -2.6611050E-06  -1.1127230E-05   3.2327252E-06  -4.1769371E-05  -2.5626621E-06   4.5137878E-06   6.9815579E-06   6.4772960E-06  -3.9595549E-08  -5.2309996E-08  -5.1671401E-07   8.0181730E-08
 -3.3607736E-04   5.1764436E-04  -1.0372331E-04  -1.1705883E-02  -1.1700100E-02  -1.6439247E-02  -2.1022927E-02   3.5001225E-03   6.0868800E+02   5.3869737E+01  -5.8540522E+01   3.1362614E+01  -2.5440273E+01  -8.5472804E-01  -2.3619966E-01  -4.1004790E-01   1.0484966E+01  -9.1450147E-02   3.2437259E-01  -2.6553155E-01  -1.8314100E-01   6.7186061E-03   2.8334747E-03   3.2864233E-03   6.5669686E-03
 -2.3520527E-04   3.8816483E-04  -4.5119118E-05  -4.1966657E-03  -4.8017158E-03  -5.4808018E-03  -6.4410858E-03   7.1700037E-04   5.3869737E+01   6.4940425E+01   1.0560107E+01   5.7841328E+00  -3.9278988E-01  -1.8108204E-02   4.2151391E-01   8.5362908E-01  -8.4160481E+00  -1.8436260E-02  -2.0913325E-01   5.2821097E-02   7.1846976E-02   8.7626729E-04   6.3467122E-04   2.4953662E-03   4.9270220E-03
  8.2717781E-05  -2.6887736E-04  -7.4563576E-05   2.1300492E-03  -6.7482508E-03   1.2079222E-02   8.2934316E-03   1.5308810E-03  -5.8540522E+01   1.0560107E+01   1.7522801E+02  -8.2422801E+01   2.7571185E+00   3.3497380E-01  -9.7650625E-01   3.3154059E-01  -7.4333785E+00  -4.5308039E-02  -2.5968302E-01   5.5234443E-01  -2.4773798E-02   1.4553440E-03  -7.8156459E-03   1.4167129E-03   3.6207324E-03
 -1.1639048E-04   2.5759873E-04   2.3159510E-05  -3.2025878E-03   2.3667431E-03  -7.3143935E-03  -5.5691430E-03   4.9009836E-04   3.1362614E+01   5.7841328E+00  -8.2422801E+01   5.1268775E+01   1.6702544E+00  -4.2223752E-02   6.8921471E-01  -2.4015432E-01  -2.6453683E+00   1.5837211E-02   1.5540166E-01  -4.4534398E-01  -1.0154915E-01  -4.2091096E-04   3.1278924E-03  -1.7751294E-04  -2.3242649E-04
  1.7093047E-05  -2.1814863E-05   4.2818139E-06   1.1274375E-04   5.9692098E-04   1.7637870E-04   4.4984852E-04  -5.1542469E-05  -2.5440273E+01  -3.9278988E-01   2.7571185E+00   1.6702544E+00   4.3644613E+00   1.0553362E-01   1.5579928E-01  -3.4268847E-02  -3.4911624E+00  -7.0028814E-03  -7.3059234E-03   9.4887866E-03   5.3020715E-02   4.5077762E-04  -2.0810722E-04  -1.6096158E-04  -3.3580564E-04
  7.1825438E-07  -1.2370784E-07  -2.7137804E-07   8.2356998E-06  -4.1233230E-05   3.8884751E-05   5.5057854E-05  -2.6611050E-06  -8.5472804E-01  -1.8108204E-02   3.3497380E-01  -4.2223752E-02   1.0553362E-01   1.6715973E-02  -1.6535252E-02   1.2271555E-02  -1.0345293E-01   1.4159547E-05  -1.2700303E-03  -2.2676555E-03   5.7779606E-03   1.9066502E-05  -3.0670556E-05   1.6211909E-05   9.1480162E-06
 -1.6120217E-06   3.7452261E-06   1.4179077E-06  -2.5452324E-05   2.6597168E-04  -1.1650365E-04  -8.9538273E-05  -1.1127230E-05  -2.3619966E-01   4.2151391E-01  -9.7650625E-01   6.8921471E-01   1.5579928E-01  -1.6535252E-02   6.8307551E-02   4.5764448E-03  -1.5758499E-01  -3.8561084E-06   6.7761560E-03  -5.4152347E-04  -1.8748066E-02  -7.6719735E-06   8.4238579E-05  -2.7428896E-05  -1.9462839E-05
  9.3831961E-07  -3.5658651E-06   1.2224872E-07   5.1896951E-05   5.2371729E-05   1.3654147E-04   7.4858676E-05   3.2327252E-06  -4.1004790E-01   8.5362908E-01   3.3154059E-01  -2.4015432E-01  -3.4268847E-02   1.2271555E-02   4.5764448E-03   8.2869572E-02   3.6719616E-02   9.9447161E-04   1.1073912E-03   8.9464601E-04   1.1625139E-03   1.6432161E-05  -4.5392423E-06   8.2830542E-06   4.1142196E-05
 -2.8494741E-05   6.0431611E-05  -9.1190468E-07  -6.8147575E-05   1.3330458E-03  -1.0074725E-03  -1.8707571E-03  -4.1769371E-05   1.0484966E+01  -8.4160481E+00  -7.4333785E+00  -2.6453683E+00  -3.4911624E+00  -1.0345293E-01  -1.5758499E-01   3.6719616E-02   7.2549593E+00   5.4589799E-03  -3.0819272E-03  -6.1808855E-03  -5.1121785E-02  -3.6999572E-04   5.8908128E-05  -9.9669516E-05  -1.2273850E-05
 -4.6579192E-07  -1.5673860E-06  -8.0465416E-07  -1.5313034E-05   1.0180541E-04  -5.9505254E-05   2.7237090E-05  -2.5626621E-06  -9.1450147E-02  -1.8436260E-02  -4.5308039E-02   1.5837211E-02  -7.0028814E-03   1.4159547E-05  -3.8561084E-06   9.9447161E-04   5.4589799E-03   3.6652499E-02   1.8420772E-03  -2.4075280E-04   2.0088411E-04   3.7679814E-05  -1.8998800E-06   2.4421314E-07  -1.4071175E-05
 -6.9164550E-07   5.2972383E-06  -2.9944728E-07   6.8030150E-06  -1.7022381E-04  -6.7496934E-05  -1.6956269E-05   4.5137878E-06   3.2437259E-01  -2.0913325E-01  -2.5968302E-01   1.5540166E-01  -7.3059234E-03  -1.2700303E-03   6.7761560E-03   1.1073912E-03  -3.0819272E-03   1.8420772E-03   3.0168209E-02  -6.4342632E-04   5.2201273E-03  -8.2893447E-05  -4.4054299E-05  -6.3639586E-05  -8.6949649E-05
  5.7477593E-07  -1.0916151E-06  -1.9479445E-08   1.1581725E-05   2.5131521E-05   4.7505634E-05   2.6430449E-05   6.9815579E-06  -2.6553155E-01   5.2821097E-02   5.5234443E-01  -4.4534398E-01   9.4887866E-03  -2.2676555E-03  -5.4152347E-04   8.9464601E-04  -6.1808855E-03  -2.4075280E-04  -6.4342632E-04   1.0499271E-02   8.4649001E-03   2.6260399E-06   6.0563954E-05   1.2684770E-06  -3.8913118E-06
 -4.4530600E-07   1.4468521E-06  -6.9207015E-07  -1.8235235E-05  -1.1626605E-04  -3.6325688E-05  -1.0292800E-05   6.4772960E-06  -1.8314100E-01   7.1846976E-02  -2.4773798E-02  -1.0154915E-01   5.3020715E-02   5.7779606E-03  -1.8748066E-02   1.1625139E-03  -5.1121785E-02   2.0088411E-04   5.2201273E-03   8.4649001E-03   2.6858439E-02  -4.0765760E-06   6.0959878E-05  -1.0369718E-05  -1.4465239E-05
  3.4169407E-09  -3.5015374E-08   1.0559059E-09  -2.9427324E-07   8.1880043E-07  -5.2071389E-08  -3.2465540E-07  -3.9595549E-08   6.7186061E-03   8.7626729E-04   1.4553440E-03  -4.2091096E-04   4.5077762E-04   1.9066502E-05  -7.6719735E-06   1.6432161E-05  -3.6999572E-04   3.7679814E-05  -8.2893447E-05   2.6260399E-06  -4.0765760E-06   1.1300676E-06   6.6777434E-08   4.2861657E-07   6.1135674E-07
 -7.2167236E-09   3.0771581E-08   4.9645234E-09  -3.5246378E-07   1.0342642E-06  -7.0673820E-07  -3.8366676E-07  -5.2309996E-08   2.8334747E-03   6.3467122E-04  -7.8156459E-03   3.1278924E-03  -2.0810722E-04  -3.0670556E-05   8.4238579E-05  -4.5392423E-06   5.8908128E-05  -1.8998800E-06  -4.4054299E-05   6.0563954E-05   6.0959878E-05   6.6777434E-08   2.4166216E-06   2.3412012E-07   8.3773434E-08
 -1.0862319E-07  -1.4380766E-07  -5.1598190E-08  -3.6747891E-06   7.5910012E-06  -8.3368874E-06  -7.5966528E-07  -5.1671401E-07   3.2864233E-03   2.4953662E-03   1.4167129E-03  -1.7751294E-04  -1.6096158E-04   1.6211909E-05  -2.7428896E-05   8.2830542E-06  -9.9669516E-05   2.4421314E-07  -6.3639586E-05   1.2684770E-06  -1.0369718E-05   4.2861657E-07   2.3412012E-07   2.4474983E-05   8.5946736E-06
 -2.6197650E-07  -4.6697847E-07   5.5020291E-10  -2.0544165E-06   2.5713970E-06  -2.6108490E-06  -2.7944033E-06   8.0181730E-08   6.5669686E-03   4.9270220E-03   3.6207324E-03  -2.3242649E-04  -3.3580564E-04   9.1480162E-06  -1.9462839E-05   4.1142196E-05  -1.2273850E-05  -1.4071175E-05  -8.6949649E-05  -3.8913118E-06  -1.4465239E-05   6.1135674E-07   8.3773434E-08   8.5946736E-06   2.4162143E-05
