# omegabh2 omegach2 theta tau mnu nnu logA ns calPlanck acib217 xi asz143 aps100 aps143 aps143217 aps217 aksz kgal100 kgal143 kgal143217 kgal217 cal0 cal2
  5.2690730E-08   3.9761620E-07  -2.4983211E-08   3.3329741E-07   2.4892416E-06   2.9064242E-05   1.7915370E-06   1.2126977E-06   6.0176477E-09   2.2356298E-05  -1.6026063E-06   6.1561405E-06   3.8605112E-05  -4.1486381E-05  -3.0948278E-05  -3.0020507E-05  -1.3335116E-06   9.9619747E-06   1.7608206E-06  -7.9617078E-06  -2.1262562E-05   7.8690347E-10  -6.3698149E-10
  3.9761620E-07   1.5288132E-05  -1.4683030E-06   7.8087573E-07   1.4541690E-05   8.5641944E-04   3.9871895E-05   2.4092517E-05  -1.9826947E-07   4.0765852E-03  -8.9244833E-05  -1.0726542E-03   2.1103022E-02   1.1737089E-02   4.0870509E-03   9.0462831E-04   1.6328178E-03   1.3859465E-04   2.5082949E-04   1.2341512E-04  -1.1863563E-03  -1.2070434E-08   8.7230656E-08
 -2.4983211E-08  -1.4683030E-06   3.2364956E-07  -9.8281386E-09  -2.8223581E-06  -8.8802201E-05  -3.5087810E-06  -2.4725825E-06   2.9560756E-08  -4.2828344E-04   8.5299067E-06   1.4301607E-04  -2.3999142E-03  -1.2547723E-03  -3.6165717E-04  -5.0600658E-05  -2.1220827E-04  -1.7984334E-05  -2.3449996E-05   2.9970293E-06   1.5058796E-04   3.3594371E-09  -4.8145058E-09
  3.3329741E-07   7.8087573E-07  -9.8281386E-09   6.5848790E-05   5.6554652E-05   1.5728886E-04   1.3351331E-04   1.1528773E-05  -2.6558610E-07  -1.9642073E-03   1.0642047E-05   4.3357396E-04  -8.6936374E-03  -3.0020663E-03  -2.3405879E-04   1.7032434E-03  -7.4898637E-04  -1.0095564E-04  -2.4450194E-05   8.6838261E-05   7.1829382E-04  -9.9011834E-08  -8.6823890E-08
  2.4892416E-06   1.4541690E-05  -2.8223581E-06   5.6554652E-05   2.9559843E-03   2.7792729E-03   1.4939597E-04   1.5162243E-04   1.1784709E-06   1.9517199E-02  -3.5116233E-04  -3.6598928E-03   8.0765130E-02   3.9597170E-02   9.0135044E-03  -7.5812276E-03   6.9675495E-03   1.7345520E-03   2.0820868E-03   1.4208189E-03  -4.9671185E-03   2.3897179E-07   7.2125826E-07
  2.9064242E-05   8.5641944E-04  -8.8802201E-05   1.5728886E-04   2.7792729E-03   5.4044575E-02   2.4756874E-03   1.7471996E-03  -5.6591414E-06   2.5438330E-01  -5.6327403E-03  -6.6250064E-02   1.3017560E+00   7.0854728E-01   2.3610075E-01   4.1133458E-02   1.0734873E-01   1.0678667E-02   1.6943806E-02   8.0370882E-03  -7.3699172E-02  -2.2972897E-07   4.9785059E-06
  1.7915370E-06   3.9871895E-05  -3.5087810E-06   1.3351331E-04   1.4939597E-04   2.4756874E-03   3.9561748E-04   8.3119496E-05   1.1397648E-05   5.4395165E-03  -1.4385826E-04  -1.7465562E-03   3.8551003E-02   2.5445064E-02   1.3387727E-02   1.2786074E-02   1.5581382E-03  -2.0741988E-04  -1.6523519E-04  -1.1050941E-05   3.3043675E-04  -2.0486434E-08   3.0962816E-08
  1.2126977E-06   2.4092517E-05  -2.4725825E-06   1.1528773E-05   1.5162243E-04   1.7471996E-03   8.3119496E-05   7.4599648E-05   1.9367162E-07   3.8576240E-03  -1.0168164E-04  -9.6776643E-04   1.7121963E-02   1.5591975E-02   8.9325750E-03   5.9938029E-03   1.1685389E-03   8.0192069E-04   3.6563513E-04   1.6493173E-04  -8.3811673E-04  -1.2217459E-07   6.1174801E-08
  6.0176477E-09  -1.9826947E-07   2.9560756E-08  -2.6558610E-07   1.1784709E-06  -5.6591414E-06   1.1397648E-05   1.9367162E-07   6.1785096E-06   3.7888137E-04   8.0104084E-06   4.8714146E-05   3.1447237E-03   8.0358163E-04   8.2551415E-04   1.8443129E-03  -7.7593260E-05  -4.7076645E-06  -5.8493381E-05   2.7296383E-05   9.7963831E-04   9.9321572E-09  -1.3815146E-09
  2.2356298E-05   4.0765852E-03  -4.2828344E-04  -1.9642073E-03   1.9517199E-02   2.5438330E-01   5.4395165E-03   3.8576240E-03   3.7888137E-04   4.6450847E+01  -4.2518526E-01  -1.1493951E+00   4.3108355E+01   5.3339052E+00  -1.2315909E+01  -5.5716939E+01   5.0139908E-01   1.4625425E-01   5.8953698E-01  -5.9142317E+00  -3.4233358E+01  -1.7703175E-04   8.1178237E-04
 -1.6026063E-06  -8.9244833E-05   8.5299067E-06   1.0642047E-05  -3.5116233E-04  -5.6327403E-03  -1.4385826E-04  -1.0168164E-04   8.0104084E-06  -4.2518526E-01   8.1732250E-02  -4.9047655E-02  -5.7894186E-01   8.0560521E-01   1.5526787E+00   6.0648271E-01   4.3241003E-02  -6.1097579E-03   1.0834240E-02   9.3049953E-02   1.4673492E-01   4.2987699E-06  -2.8232515E-06
  6.1561405E-06  -1.0726542E-03   1.4301607E-04   4.3357396E-04  -3.6598928E-03  -6.6250064E-02  -1.7465562E-03  -9.6776643E-04   4.8714146E-05  -1.1493951E+00  -4.9047655E-02   4.1410092E+00  -3.2713709E+01  -4.1734362E+00   7.8564171E+00   5.6964959E+00  -3.2187539E+00  -2.3614924E-01   1.3562521E-01   2.7536521E+00   3.4488339E+00   1.0565387E-04  -7.0062974E-05
  3.8605112E-05   2.1103022E-02  -2.3999142E-03  -8.6936374E-03   8.0765130E-02   1.3017560E+00   3.8551003E-02   1.7121963E-02   3.1447237E-03   4.3108355E+01  -5.7894186E-01  -3.2713709E+01   8.0768218E+02   8.9618541E+01  -4.6823053E+01  -5.9183526E+01   1.7749090E+01  -6.7674047E+00   5.8580436E+00  -1.2618067E+01  -2.7114442E+01   3.7498933E-03   9.3636959E-04
 -4.1486381E-05   1.1737089E-02  -1.2547723E-03  -3.0020663E-03   3.9597170E-02   7.0854728E-01   2.5445064E-02   1.5591975E-02   8.0358163E-04   5.3339052E+00   8.0560521E-01  -4.1734362E+00   8.9618541E+01   7.1935400E+01   4.3605646E+01   1.7274778E+01  -3.5314248E+00  -3.1297724E-01  -9.4701199E-01   3.5874984E+00   3.5217825E+00   1.8073723E-04   2.2411645E-04
 -3.0948278E-05   4.0870509E-03  -3.6165717E-04  -2.3405879E-04   9.0135044E-03   2.3610075E-01   1.3387727E-02   8.9325750E-03   8.2551415E-04  -1.2315909E+01   1.5526787E+00   7.8564171E+00  -4.6823053E+01   4.3605646E+01   8.6657822E+01   5.6514533E+01  -1.2596639E+01  -9.4893783E-01  -4.8077746E-01   5.3133788E+00   8.9402043E+00   4.7519307E-04  -4.1275761E-04
 -3.0020507E-05   9.0462831E-04  -5.0600658E-05   1.7032434E-03  -7.5812276E-03   4.1133458E-02   1.2786074E-02   5.9938029E-03   1.8443129E-03  -5.5716939E+01   6.0648271E-01   5.6964959E+00  -5.9183526E+01   1.7274778E+01   5.6514533E+01   1.0758604E+02  -1.0381001E+01  -7.0355980E-01  -1.1498453E+00   6.0123604E+00   3.4775184E+01   4.8905022E-04  -1.4617981E-03
 -1.3335116E-06   1.6328178E-03  -2.1220827E-04  -7.4898637E-04   6.9675495E-03   1.0734873E-01   1.5581382E-03   1.1685389E-03  -7.7593260E-05   5.0139908E-01   4.3241003E-02  -3.2187539E+00   1.7749090E+01  -3.5314248E+00  -1.2596639E+01  -1.0381001E+01   6.7727204E+00   1.9501856E-01  -1.7019564E-01  -2.2828598E+00  -2.7289684E+00  -9.9169811E-05   4.6496274E-05
  9.9619747E-06   1.3859465E-04  -1.7984334E-05  -1.0095564E-04   1.7345520E-03   1.0678667E-02  -2.0741988E-04   8.0192069E-04  -4.7076645E-06   1.4625425E-01  -6.1097579E-03  -2.3614924E-01  -6.7674047E+00  -3.1297724E-01  -9.4893783E-01  -7.0355980E-01   1.9501856E-01   3.3348779E+00   5.1919194E-01   1.8342451E-01   1.7903839E-01   1.6398778E-04   1.4517495E-05
  1.7608206E-06   2.5082949E-04  -2.3449996E-05  -2.4450194E-05   2.0820868E-03   1.6943806E-02  -1.6523519E-04   3.6563513E-04  -5.8493381E-05   5.8953698E-01   1.0834240E-02   1.3562521E-01   5.8580436E+00  -9.4701199E-01  -4.8077746E-01  -1.1498453E+00  -1.7019564E-01   5.1919194E-01   3.1857636E+00   2.7429749E+00   2.7193260E+00  -1.8710935E-04  -3.3066385E-05
 -7.9617078E-06   1.2341512E-04   2.9970293E-06   8.6838261E-05   1.4208189E-03   8.0370882E-03  -1.1050941E-05   1.6493173E-04   2.7296383E-05  -5.9142317E+00   9.3049953E-02   2.7536521E+00  -1.2618067E+01   3.5874984E+00   5.3133788E+00   6.0123604E+00  -2.2828598E+00   1.8342451E-01   2.7429749E+00   1.0921676E+01   1.9370845E+01  -1.2053735E-05   3.8178630E-04
 -2.1262562E-05  -1.1863563E-03   1.5058796E-04   7.1829382E-04  -4.9671185E-03  -7.3699172E-02   3.3043675E-04  -8.3811673E-04   9.7963831E-04  -3.4233358E+01   1.4673492E-01   3.4488339E+00  -2.7114442E+01   3.5217825E+00   8.9402043E+00   3.4775184E+01  -2.7289684E+00   1.7903839E-01   2.7193260E+00   1.9370845E+01   5.3884300E+01   7.2579281E-05   8.4448379E-04
  7.8690347E-10  -1.2070434E-08   3.3594371E-09  -9.9011834E-08   2.3897179E-07  -2.2972897E-07  -2.0486434E-08  -1.2217459E-07   9.9321572E-09  -1.7703175E-04   4.2987699E-06   1.0565387E-04   3.7498933E-03   1.8073723E-04   4.7519307E-04   4.8905022E-04  -9.9169811E-05   1.6398778E-04  -1.8710935E-04  -1.2053735E-05   7.2579281E-05   3.7788234E-07   2.0836063E-09
 -6.3698149E-10   8.7230656E-08  -4.8145058E-09  -8.6823890E-08   7.2125826E-07   4.9785059E-06   3.0962816E-08   6.1174801E-08  -1.3815146E-09   8.1178237E-04  -2.8232515E-06  -7.0062974E-05   9.3636959E-04   2.2411645E-04  -4.1275761E-04  -1.4617981E-03   4.6496274E-05   1.4517495E-05  -3.3066385E-05   3.8178630E-04   8.4448379E-04   2.0836063E-09   3.8832400E-07
