# omegabh2 omegach2 theta tau w wa logA ns calPlanck acib217 xi asz143 aps100 aps143 aps143217 aps217 aksz kgal100 kgal143 kgal143217 kgal217 cal0 cal2
  4.1118665E-08  -8.8487511E-08   2.9087485E-08   3.6965547E-07  -6.9327337E-08   9.0886172E-06   7.1274051E-07   3.4083425E-07   2.9281542E-08  -1.4737551E-04   1.1832119E-06   4.7656943E-05  -7.7633655E-04  -5.0432345E-04  -1.7590329E-04  -2.0168232E-05  -6.8351169E-05   1.5208246E-06   2.4620929E-06  -7.6230779E-06   3.9997647E-05   1.6623679E-09  -1.4868980E-09
 -8.8487511E-08   1.8348094E-06  -1.2997841E-07  -5.1955091E-06   1.0844730E-05  -1.6496975E-04  -7.0702111E-06  -4.0455104E-06  -4.2539359E-07   2.6020848E-04  -3.7369867E-07  -4.1220716E-05   1.4443612E-03   6.6693383E-04   3.0561883E-04  -1.6974482E-04   1.6770860E-04   2.4816828E-05   3.8482016E-05   6.0981766E-05  -1.0726601E-04  -1.0197310E-08  -9.3962979E-09
  2.9087485E-08  -1.2997841E-07   1.8997355E-07   6.1556638E-07  -1.4330676E-06   2.4273145E-05   1.1913412E-06   5.0765711E-07   5.1569445E-09  -5.8939022E-05  -6.7220521E-07   1.3476250E-05  -3.6726697E-04  -1.1188859E-04  -5.9262142E-07   3.4203164E-05  -3.8555399E-05  -6.2537943E-06  -4.2565603E-06  -5.3785474E-06   3.0250029E-05   6.1517346E-09  -4.2183375E-10
  3.6965547E-07  -5.1955091E-06   6.1556638E-07   5.9547987E-05  -7.9949835E-05   7.0476988E-04   1.0715616E-04   1.4517153E-05   4.1595736E-07  -2.2082985E-03  -7.6373923E-05   6.6864115E-04  -9.9297693E-03  -6.5699050E-03  -3.7260259E-03  -2.8832100E-05  -1.0163603E-03  -2.6925015E-05  -1.1294339E-04  -9.5196998E-06   1.4809207E-03  -4.0412345E-08   3.3808811E-08
 -6.9327337E-08   1.0844730E-05  -1.4330676E-06  -7.9949835E-05   6.2651245E-03  -2.2897589E-02  -1.4535593E-04  -2.7923295E-05  -4.8037860E-06  -2.4224365E-04   3.7183682E-04  -4.7053612E-03  -8.8301628E-03  -4.8850201E-03  -1.4224438E-02  -1.1724944E-02   6.5512041E-03   1.5130109E-03   6.9433556E-05  -1.9225873E-03  -2.5763773E-03  -1.4466763E-06   3.7259362E-07
  9.0886172E-06  -1.6496975E-04   2.4273145E-05   7.0476988E-04  -2.2897589E-02   1.0279970E-01   1.1545619E-03   3.9822513E-04   5.0565446E-05  -1.3443413E-02  -1.6815338E-03   2.7974997E-02  -1.6317750E-01  -7.4276679E-02   2.6599981E-02   5.3517719E-02  -4.4434021E-02  -4.9295230E-03  -3.1594119E-03  -2.2433622E-03   4.5104329E-03   7.1640482E-06   4.0338364E-08
  7.1274051E-07  -7.0702111E-06   1.1913412E-06   1.0715616E-04  -1.4535593E-04   1.1545619E-03   2.2421174E-04   2.0708522E-05   1.2153547E-05  -4.5130483E-03  -8.2652754E-05   1.3010945E-03  -1.7576866E-02  -1.1848471E-02  -4.6504915E-03   4.6510194E-03  -2.3158431E-03  -4.1056076E-04  -1.0092014E-03  -4.5154645E-04   4.5550011E-03   1.9279353E-10   7.1051300E-08
  3.4083425E-07  -4.0455104E-06   5.0765711E-07   1.4517153E-05  -2.7923295E-05   3.9822513E-04   2.0708522E-05   2.0422024E-05   1.2941773E-06  -6.0011218E-03   1.0048111E-04   1.3315312E-03  -3.1128522E-02  -8.4383526E-03   2.2025315E-03   7.4314063E-03  -3.1031879E-03   4.9664970E-04  -3.2194952E-04  -2.8690340E-04   2.3050743E-03  -1.1046204E-07  -6.4762057E-08
  2.9281542E-08  -4.2539359E-07   5.1569445E-09   4.1595736E-07  -4.8037860E-06   5.0565446E-05   1.2153547E-05   1.2941773E-06   6.1906922E-06   5.0791169E-04   1.4801043E-05   4.4610136E-05   1.8231892E-03  -1.0820594E-04   2.2896087E-04   8.8037581E-04   7.2517285E-05  -6.2373384E-06  -1.0384415E-04  -7.8033758E-06   9.5953723E-04  -3.0470019E-08   1.0954623E-08
 -1.4737551E-04   2.6020848E-04  -5.8939022E-05  -2.2082985E-03  -2.4224365E-04  -1.3443413E-02  -4.5130483E-03  -6.0011218E-03   5.0791169E-04   4.5750891E+01  -3.5196351E-01  -1.1919149E+00   4.3276458E+01   2.5109961E+00  -1.3466790E+01  -5.6841358E+01   6.2089003E-01  -6.1580262E-02   4.5789317E-01  -6.1674384E+00  -3.4788146E+01  -2.1756052E-04   7.1092297E-04
  1.1832119E-06  -3.7369867E-07  -6.7220521E-07  -7.6373923E-05   3.7183682E-04  -1.6815338E-03  -8.2652754E-05   1.0048111E-04   1.4801043E-05  -3.5196351E-01   8.0634222E-02  -5.5568293E-02  -4.5834534E-01   9.2121153E-01   1.6273569E+00   5.9557880E-01   4.2099003E-02  -5.7556688E-03   6.3813056E-03   8.2040917E-02   8.6257076E-02   4.1673796E-06  -2.9255927E-06
  4.7656943E-05  -4.1220716E-05   1.3476250E-05   6.6864115E-04  -4.7053612E-03   2.7974997E-02   1.3010945E-03   1.3315312E-03   4.4610136E-05  -1.1919149E+00  -5.5568293E-02   4.0690972E+00  -3.2874899E+01  -3.9128785E+00   7.9686499E+00   6.1672638E+00  -2.9760877E+00  -2.0312304E-01   1.3297677E-01   2.6306334E+00   3.4389127E+00   1.2401427E-04  -4.5514501E-05
 -7.7633655E-04   1.4443612E-03  -3.6726697E-04  -9.9297693E-03  -8.8301628E-03  -1.6317750E-01  -1.7576866E-02  -3.1128522E-02   1.8231892E-03   4.3276458E+01  -4.5834534E-01  -3.2874899E+01   8.1724938E+02   7.9759992E+01  -5.8705841E+01  -7.5844421E+01   1.6579797E+01  -5.7848949E+00   6.6289172E+00  -1.1014295E+01  -2.6190923E+01   3.8302747E-03   3.7140757E-04
 -5.0432345E-04   6.6693383E-04  -1.1188859E-04  -6.5699050E-03  -4.8850201E-03  -7.4276679E-02  -1.1848471E-02  -8.4383526E-03  -1.0820594E-04   2.5109961E+00   9.2121153E-01  -3.9128785E+00   7.9759992E+01   6.5794758E+01   4.0979196E+01   1.5389447E+01  -4.4833190E+00  -6.6255296E-01  -1.2774893E+00   3.4492882E+00   3.9618609E+00   1.2182491E-04   5.5537453E-05
 -1.7590329E-04   3.0561883E-04  -5.9262142E-07  -3.7260259E-03  -1.4224438E-02   2.6599981E-02  -4.6504915E-03   2.2025315E-03   2.2896087E-04  -1.3466790E+01   1.6273569E+00   7.9686499E+00  -5.8705841E+01   4.0979196E+01   8.6949001E+01   5.6697364E+01  -1.2814158E+01  -1.0009673E+00  -7.3352923E-01   4.5969248E+00   7.8685733E+00   4.5403942E-04  -4.6003752E-04
 -2.0168232E-05  -1.6974482E-04   3.4203164E-05  -2.8832100E-05  -1.1724944E-02   5.3517719E-02   4.6510194E-03   7.4314063E-03   8.8037581E-04  -5.6841358E+01   5.9557880E-01   6.1672638E+00  -7.5844421E+01   1.5389447E+01   5.6697364E+01   1.0873611E+02  -1.0922806E+01  -4.9969789E-01  -1.4078618E+00   5.8501858E+00   3.5250708E+01   4.9405635E-04  -1.3735692E-03
 -6.8351169E-05   1.6770860E-04  -3.8555399E-05  -1.0163603E-03   6.5512041E-03  -4.4434021E-02  -2.3158431E-03  -3.1031879E-03   7.2517285E-05   6.2089003E-01   4.2099003E-02  -2.9760877E+00   1.6579797E+01  -4.4833190E+00  -1.2814158E+01  -1.0922806E+01   6.3936418E+00   1.1351641E-01  -2.2836666E-01  -2.2744200E+00  -2.9574655E+00  -6.7108129E-05   1.4207638E-05
  1.5208246E-06   2.4816828E-05  -6.2537943E-06  -2.6925015E-05   1.5130109E-03  -4.9295230E-03  -4.1056076E-04   4.9664970E-04  -6.2373384E-06  -6.1580262E-02  -5.7556688E-03  -2.0312304E-01  -5.7848949E+00  -6.6255296E-01  -1.0009673E+00  -4.9969789E-01   1.1351641E-01   3.4220237E+00   5.6901565E-01   1.1627401E-01   1.4917841E-01   1.9194835E-04  -1.6466437E-05
  2.4620929E-06   3.8482016E-05  -4.2565603E-06  -1.1294339E-04   6.9433556E-05  -3.1594119E-03  -1.0092014E-03  -3.2194952E-04  -1.0384415E-04   4.5789317E-01   6.3813056E-03   1.3297677E-01   6.6289172E+00  -1.2774893E+00  -7.3352923E-01  -1.4078618E+00  -2.2836666E-01   5.6901565E-01   3.2514541E+00   2.7902232E+00   2.9515070E+00  -1.7828835E-04  -4.6613005E-05
 -7.6230779E-06   6.0981766E-05  -5.3785474E-06  -9.5196998E-06  -1.9225873E-03  -2.2433622E-03  -4.5154645E-04  -2.8690340E-04  -7.8033758E-06  -6.1674384E+00   8.2040917E-02   2.6306334E+00  -1.1014295E+01   3.4492882E+00   4.5969248E+00   5.8501858E+00  -2.2744200E+00   1.1627401E-01   2.7902232E+00   1.1022567E+01   2.0061694E+01  -1.9959372E-05   4.2261638E-04
  3.9997647E-05  -1.0726601E-04   3.0250029E-05   1.4809207E-03  -2.5763773E-03   4.5104329E-03   4.5550011E-03   2.3050743E-03   9.5953723E-04  -3.4788146E+01   8.6257076E-02   3.4389127E+00  -2.6190923E+01   3.9618609E+00   7.8685733E+00   3.5250708E+01  -2.9574655E+00   1.4917841E-01   2.9515070E+00   2.0061694E+01   5.6138402E+01   5.2833978E-05   9.5161670E-04
  1.6623679E-09  -1.0197310E-08   6.1517346E-09  -4.0412345E-08  -1.4466763E-06   7.1640482E-06   1.9279353E-10  -1.1046204E-07  -3.0470019E-08  -2.1756052E-04   4.1673796E-06   1.2401427E-04   3.8302747E-03   1.2182491E-04   4.5403942E-04   4.9405635E-04  -6.7108129E-05   1.9194835E-04  -1.7828835E-04  -1.9959372E-05   5.2833978E-05   3.8783433E-07  -4.9205222E-09
 -1.4868980E-09  -9.3962979E-09  -4.2183375E-10   3.3808811E-08   3.7259362E-07   4.0338364E-08   7.1051300E-08  -6.4762057E-08   1.0954623E-08   7.1092297E-04  -2.9255927E-06  -4.5514501E-05   3.7140757E-04   5.5537453E-05  -4.6003752E-04  -1.3735692E-03   1.4207638E-05  -1.6466437E-05  -4.6613005E-05   4.2261638E-04   9.5161670E-04  -4.9205222E-09   3.8308089E-07
