# omegabh2 omegach2 theta tau logA ns r calPlanck galfTE100 galfTE100143 galfTE100217 galfTE143 galfTE143217 galfTE217 cal0
    0.6453590E-07   -0.2260011E-06    0.4117161E-07    0.1058386E-05    0.2329100E-05    0.1869329E-05   -0.7755181E-07    0.1519488E-07   -0.1680671E-06   -0.9968100E-07   -0.2378795E-06   -0.6581442E-06   -0.1071187E-05   -0.3927249E-05   -0.5660108E-09
   -0.2260011E-06    0.4328514E-05   -0.3327249E-06   -0.7467519E-05   -0.4514412E-05   -0.1243812E-04    0.4987541E-05   -0.1394940E-06    0.1700201E-05    0.1430062E-05   -0.1420447E-05    0.4476054E-05    0.6815600E-05    0.3596448E-04   -0.7126268E-08
    0.4117161E-07   -0.3327249E-06    0.2593689E-06    0.5553363E-06    0.7150806E-06    0.1499554E-05   -0.8083305E-06    0.1576910E-07   -0.3057460E-07    0.6121257E-07   -0.2368409E-06   -0.2896637E-06   -0.6679767E-06   -0.3038831E-05    0.2638680E-08
    0.1058386E-05   -0.7467519E-05    0.5553363E-06    0.3638747E-03    0.7529859E-03    0.6955088E-04   -0.7875324E-04    0.7915844E-07   -0.6467366E-05    0.5776665E-06   -0.5485201E-05   -0.1776935E-04   -0.1551867E-04   -0.9165773E-04   -0.9160784E-07
    0.2329100E-05   -0.4514412E-05    0.7150806E-06    0.7529859E-03    0.1660791E-02    0.1441486E-03   -0.1757287E-03    0.1340263E-04   -0.9508177E-05    0.5099749E-05   -0.1353108E-04   -0.2241329E-04    0.7869293E-06   -0.4069949E-05   -0.4854971E-07
    0.1869329E-05   -0.1243812E-04    0.1499554E-05    0.6955088E-04    0.1441486E-03    0.1429054E-03    0.1356483E-03    0.7272185E-06   -0.5902558E-05   -0.1963443E-05    0.9968418E-06   -0.1989662E-04   -0.4083364E-05   -0.2238191E-04   -0.9355030E-07
   -0.7755181E-07    0.4987541E-05   -0.8083305E-06   -0.7875324E-04   -0.1757287E-03    0.1356483E-03    0.1293266E-01   -0.1078515E-05    0.3087582E-03    0.1307736E-03    0.2301312E-04    0.3756724E-03    0.1242069E-03   -0.9606688E-04    0.1195187E-05
    0.1519488E-07   -0.1394940E-06    0.1576910E-07    0.7915844E-07    0.1340263E-04    0.7272185E-06   -0.1078515E-05    0.6471373E-05    0.2311825E-06   -0.2627360E-06    0.3432593E-05    0.7771488E-07   -0.8773057E-06    0.8116971E-05    0.3055045E-08
   -0.1680671E-06    0.1700201E-05   -0.3057460E-07   -0.6467366E-05   -0.9508177E-05   -0.5902558E-05    0.3087582E-03    0.2311825E-06    0.1458369E-02    0.3096221E-03    0.9667359E-04   -0.3370084E-03   -0.1010230E-03   -0.1318989E-03   -0.5692730E-06
   -0.9968100E-07    0.1430062E-05    0.6121257E-07    0.5776665E-06    0.5099749E-05   -0.1963443E-05    0.1307736E-03   -0.2627360E-06    0.3096221E-03    0.8484258E-03    0.4388602E-04    0.7390206E-03    0.5101682E-04   -0.5912646E-03   -0.1649042E-06
   -0.2378795E-06   -0.1420447E-05   -0.2368409E-06   -0.5485201E-05   -0.1353108E-04    0.9968418E-06    0.2301312E-04    0.3432593E-05    0.9667359E-04    0.4388602E-04    0.7075264E-02   -0.2472735E-03    0.6817280E-03    0.4344036E-02    0.1609429E-06
   -0.6581442E-06    0.4476054E-05   -0.2896637E-06   -0.1776935E-04   -0.2241329E-04   -0.1989662E-04    0.3756724E-03    0.7771488E-07   -0.3370084E-03    0.7390206E-03   -0.2472735E-03    0.2897920E-02    0.5122146E-03   -0.6578863E-03    0.5050355E-06
   -0.1071187E-05    0.6815600E-05   -0.6679767E-06   -0.1551867E-04    0.7869293E-06   -0.4083364E-05    0.1242069E-03   -0.8773057E-06   -0.1010230E-03    0.5101682E-04    0.6817280E-03    0.5122146E-03    0.6516037E-02    0.8070542E-02    0.1019308E-06
   -0.3927249E-05    0.3596448E-04   -0.3038831E-05   -0.9165773E-04   -0.4069949E-05   -0.2238191E-04   -0.9606688E-04    0.8116971E-05   -0.1318989E-03   -0.5912646E-03    0.4344036E-02   -0.6578863E-03    0.8070542E-02    0.6662590E-01   -0.1895958E-05
   -0.5660108E-09   -0.7126268E-08    0.2638680E-08   -0.9160784E-07   -0.4854971E-07   -0.9355030E-07    0.1195187E-05    0.3055045E-08   -0.5692730E-06   -0.1649042E-06    0.1609429E-06    0.5050355E-06    0.1019308E-06   -0.1895958E-05    0.1003685E-05
