# omegabh2 omegach2 theta tau logA ns calPlanck acib217 xi asz143 aps100 aps143 aps143217 aps217 aksz kgal100 kgal143 kgal143217 kgal217 cal0 cal2
  3.5602929E-08  -3.6055591E-08   1.6169545E-08   1.7803347E-07   3.5078383E-07   2.4089651E-07   2.1303395E-11  -1.4802269E-04   4.3926257E-06   3.9251094E-05  -7.2667965E-04  -3.9995806E-04  -9.6535858E-05  -2.0334584E-05  -5.4229861E-05   5.0956580E-06   4.9491566E-07   5.8650529E-06   4.0351219E-05   5.8813415E-09  -2.3845817E-09
 -3.6055591E-08   1.0873953E-06  -2.5008788E-08  -2.7379690E-06  -3.5444188E-06  -2.2561077E-06  -3.4604975E-07   3.1093951E-05  -4.8735447E-06  -4.4118742E-05   2.8776985E-04   2.1443683E-04   6.2969330E-05   6.1116168E-05   9.7125180E-06   3.2699761E-05   3.1419758E-05   2.9034333E-05   1.4858235E-04  -7.6613120E-09   3.4026474E-08
  1.6169545E-08  -2.5008788E-08   1.6696374E-07   3.4228226E-07   9.4825238E-07   2.8692040E-07   6.7016333E-08  -4.5379344E-05   3.6606131E-06   3.3391586E-06   1.1205622E-04   6.6476487E-05   6.6425914E-05   4.9391187E-05  -5.7473535E-06   2.2593756E-05   6.5621206E-06   5.2806770E-05   8.1231535E-05   1.2732537E-08  -1.4990083E-08
  1.7803347E-07  -2.7379690E-06   3.4228226E-07   5.0017912E-05   9.4223286E-05   7.1429582E-06   5.3290563E-07  -4.7612696E-04  -3.5110060E-05   4.5081728E-04  -1.0446157E-03  -2.0229481E-03  -2.6343892E-03  -1.5008304E-03  -8.9200028E-04   4.4042789E-04   3.7907069E-04   1.3964806E-03   2.0262583E-03   1.1668831E-08  -1.0609456E-07
  3.5078383E-07  -3.5444188E-06   9.4825238E-07   9.4223286E-05   2.0733301E-04   8.9348493E-06   1.2275449E-05  -1.4938310E-03  -6.7865306E-05   3.7424506E-04   6.1912406E-03  -3.4359180E-03  -4.9065507E-03   2.1725994E-03  -2.0767604E-03   5.4685313E-04   4.2566098E-04   1.8861007E-03   5.8260814E-03   1.6849729E-07  -1.6547187E-07
  2.4089651E-07  -2.2561077E-06   2.8692040E-07   7.1429582E-06   8.9348493E-06   1.6505603E-05   9.3450837E-07  -4.6695642E-03   1.2512719E-04   1.2368378E-03  -2.6349583E-02  -7.8216423E-03   2.7231100E-03   5.3837983E-03  -2.7221603E-03   5.3637540E-04  -2.4446802E-04  -2.9724466E-04   1.2301020E-03   5.0522776E-08  -1.1899593E-07
  2.1303395E-11  -3.4604975E-07   6.7016333E-08   5.3290563E-07   1.2275449E-05   9.3450837E-07   6.0539501E-06   3.1412441E-04  -1.3069971E-05  -1.4697893E-04   5.2893119E-03  -1.6728839E-04  -5.9632698E-04   1.2031464E-03   1.9526467E-04  -2.4727667E-07   9.6489777E-05  -2.1084333E-04   9.3836932E-04  -8.5266905E-09   1.4432345E-08
 -1.4802269E-04   3.1093951E-05  -4.5379344E-05  -4.7612696E-04  -1.4938310E-03  -4.6695642E-03   3.1412441E-04   4.5322879E+01  -3.7133343E-01  -1.4224168E+00   3.6201743E+01   2.4089328E+00  -1.4518711E+01  -5.6731281E+01   1.2320305E-01   1.7025845E-01   3.6856873E-01  -6.6353381E+00  -3.5024851E+01  -3.4004819E-04   6.8376932E-04
  4.3926257E-06  -4.8735447E-06   3.6606131E-06  -3.5110060E-05  -6.7865306E-05   1.2512719E-04  -1.3069971E-05  -3.7133343E-01   8.3025656E-02  -3.8967727E-02  -4.6013090E-01   8.5052858E-01   1.6863506E+00   5.9307663E-01   4.2786681E-02  -2.6884596E-02   1.8025208E-02   1.0380901E-01   1.1444791E-01   7.0513039E-06  -5.3822220E-06
  3.9251094E-05  -4.4118742E-05   3.3391586E-06   4.5081728E-04   3.7424506E-04   1.2368378E-03  -1.4697893E-04  -1.4224168E+00  -3.8967727E-02   3.7921162E+00  -2.8751876E+01  -3.5121003E+00   7.8707483E+00   6.2358181E+00  -2.7561276E+00  -1.7079820E-01   1.4813577E-01   2.5056423E+00   3.2580340E+00   1.3993526E-04  -9.2165258E-05
 -7.2667965E-04   2.8776985E-04   1.1205622E-04  -1.0446157E-03   6.1912406E-03  -2.6349583E-02   5.2893119E-03   3.6201743E+01  -4.6013090E-01  -2.8751876E+01   7.6976191E+02   7.5243083E+01  -4.8801198E+01  -5.9855349E+01   1.3526647E+01  -6.3799865E+00   6.8441576E+00  -7.8163671E+00  -1.6577212E+01   3.6503987E-03   1.0182388E-03
 -3.9995806E-04   2.1443683E-04   6.6476487E-05  -2.0229481E-03  -3.4359180E-03  -7.8216423E-03  -1.6728839E-04   2.4089328E+00   8.5052858E-01  -3.5121003E+00   7.5243083E+01   6.4259807E+01   3.9106914E+01   1.4783009E+01  -4.7614253E+00  -8.4216560E-01  -1.0227717E+00   3.8928335E+00   4.7592232E+00   1.1474233E-05   7.6816608E-05
 -9.6535858E-05   6.2969330E-05   6.6425914E-05  -2.6343892E-03  -4.9065507E-03   2.7231100E-03  -5.9632698E-04  -1.4518711E+01   1.6863506E+00   7.8707483E+00  -4.8801198E+01   3.9106914E+01   8.6595258E+01   5.6508699E+01  -1.2106920E+01  -1.1065987E+00  -5.5229358E-01   4.5270206E+00   7.6161699E+00   6.6660309E-04  -6.7628208E-04
 -2.0334584E-05   6.1116168E-05   4.9391187E-05  -1.5008304E-03   2.1725994E-03   5.3837983E-03   1.2031464E-03  -5.6731281E+01   5.9307663E-01   6.2358181E+00  -5.9855349E+01   1.4783009E+01   5.6508699E+01   1.0862517E+02  -9.8817423E+00  -7.7755888E-01  -9.0790574E-01   6.4617729E+00   3.5667230E+01   7.4109642E-04  -1.4139501E-03
 -5.4229861E-05   9.7125180E-06  -5.7473535E-06  -8.9200028E-04  -2.0767604E-03  -2.7221603E-03   1.9526467E-04   1.2320305E-01   4.2786681E-02  -2.7561276E+00   1.3526647E+01  -4.7614253E+00  -1.2106920E+01  -9.8817423E+00   6.1626654E+00   1.1630293E-01  -2.9135878E-01  -2.1510537E+00  -2.3635306E+00  -1.3694359E-04   4.4603134E-05
  5.0956580E-06   3.2699761E-05   2.2593756E-05   4.4042789E-04   5.4685313E-04   5.3637540E-04  -2.4727667E-07   1.7025845E-01  -2.6884596E-02  -1.7079820E-01  -6.3799865E+00  -8.4216560E-01  -1.1065987E+00  -7.7755888E-01   1.1630293E-01   3.3821427E+00   4.1567962E-01  -7.7606397E-02  -2.3320365E-02   1.8114671E-04   2.3867273E-05
  4.9491566E-07   3.1419758E-05   6.5621206E-06   3.7907069E-04   4.2566098E-04  -2.4446802E-04   9.6489777E-05   3.6856873E-01   1.8025208E-02   1.4813577E-01   6.8441576E+00  -1.0227717E+00  -5.5229358E-01  -9.0790574E-01  -2.9135878E-01   4.1567962E-01   3.3581703E+00   3.0143833E+00   3.1746705E+00  -1.7547379E-04  -3.6953627E-05
  5.8650529E-06   2.9034333E-05   5.2806770E-05   1.3964806E-03   1.8861007E-03  -2.9724466E-04  -2.1084333E-04  -6.6353381E+00   1.0380901E-01   2.5056423E+00  -7.8163671E+00   3.8928335E+00   4.5270206E+00   6.4617729E+00  -2.1510537E+00  -7.7606397E-02   3.0143833E+00   1.1477895E+01   2.0676503E+01  -2.5147926E-05   3.9561902E-04
  4.0351219E-05   1.4858235E-04   8.1231535E-05   2.0262583E-03   5.8260814E-03   1.2301020E-03   9.3836932E-04  -3.5024851E+01   1.1444791E-01   3.2580340E+00  -1.6577212E+01   4.7592232E+00   7.6161699E+00   3.5667230E+01  -2.3635306E+00  -2.3320365E-02   3.1746705E+00   2.0676503E+01   5.6815183E+01   1.3437963E-04   9.5811228E-04
  5.8813415E-09  -7.6613120E-09   1.2732537E-08   1.1668831E-08   1.6849729E-07   5.0522776E-08  -8.5266905E-09  -3.4004819E-04   7.0513039E-06   1.3993526E-04   3.6503987E-03   1.1474233E-05   6.6660309E-04   7.4109642E-04  -1.3694359E-04   1.8114671E-04  -1.7547379E-04  -2.5147926E-05   1.3437963E-04   4.0485190E-07   4.9418299E-09
 -2.3845817E-09   3.4026474E-08  -1.4990083E-08  -1.0609456E-07  -1.6547187E-07  -1.1899593E-07   1.4432345E-08   6.8376932E-04  -5.3822220E-06  -9.2165258E-05   1.0182388E-03   7.6816608E-05  -6.7628208E-04  -1.4139501E-03   4.4603134E-05   2.3867273E-05  -3.6953627E-05   3.9561902E-04   9.5811228E-04   4.9418299E-09   3.8748094E-07
