# omegabh2 omegach2 theta tau logA ns calPlanck acib217 xi asz143 aps100 aps143 aps143217 aps217 aksz kgal100 kgal143 kgal143217 kgal217 galfTE100 galfTE100143 galfTE100217 galfTE143 galfTE143217 galfTE217 cal0 cal2
  2.0206792E-08  -7.8386120E-08   1.5830233E-08   2.5874005E-07   4.3927913E-07   2.0629523E-07   1.0482218E-08  -9.4509115E-05   1.2089584E-06   1.8600832E-05  -3.4696715E-04  -1.8904676E-04  -5.6368374E-05   3.5454166E-05  -3.5363138E-05  -3.4511174E-06  -1.0961157E-05  -9.5657906E-06   2.6267413E-05  -7.9300315E-08   1.2296013E-08   4.1864046E-07  -1.6290065E-07  -4.2034525E-07  -2.0529275E-06   1.7020292E-09  -2.3737837E-09
 -7.8386120E-08   1.2263728E-06  -1.0604427E-07  -3.0248953E-06  -3.6318805E-06  -2.8975447E-06  -1.9297611E-07   2.3216555E-04  -4.1283466E-06  -6.5283469E-05   1.3368194E-03   8.1890877E-04   2.9209272E-04   1.0355706E-06   9.5219515E-05  -1.1443576E-07   2.1340426E-05   5.3772539E-05   1.6886634E-05   8.2385513E-07  -1.8318687E-07  -2.6104047E-06   4.2561101E-07   1.7735180E-06   1.3814669E-05  -1.0713872E-08   2.1779191E-08
  1.5830233E-08  -1.0604427E-07   9.4745016E-08   3.6810808E-07   6.4212075E-07   3.5465597E-07   2.8796732E-08   1.2801520E-05   9.1624484E-07  -3.8689826E-06   6.1401816E-05  -8.7024952E-05  -6.4734483E-05  -7.8393186E-05   1.0415191E-05  -5.8685625E-06   1.3639416E-05   5.5264022E-06   4.5842561E-06  -1.1056911E-07  -1.3455853E-07   9.9142767E-07  -2.5264330E-07  -3.7168297E-07  -1.6717980E-06  -4.7522608E-09   2.7837021E-10
  2.5874005E-07  -3.0248953E-06   3.6810808E-07   5.2656935E-05   9.4740281E-05   9.4950433E-06  -1.2634203E-06  -1.9383132E-03   1.2799202E-05   5.0004229E-04  -6.1005528E-03  -3.3283469E-03  -8.3970451E-04   3.3693905E-04  -9.6614936E-04  -6.9483389E-05   1.8280642E-05   2.6329345E-04   9.6432004E-04   4.9515797E-06  -2.4638064E-06   2.0251375E-05  -1.8983261E-05  -1.4798174E-05  -4.8536586E-05  -2.4706043E-09  -9.0044532E-08
  4.3927913E-07  -3.6318805E-06   6.4212075E-07   9.4740281E-05   2.0030983E-04   1.1918678E-05   9.0858605E-06  -3.1902628E-03   4.6654964E-05   8.3015958E-04  -3.4245408E-03  -3.5104476E-03   1.3770758E-03   5.7940317E-03  -2.5120826E-03  -3.6167037E-04  -5.2932433E-04  -1.2059396E-04   2.6911012E-03   1.0106524E-05  -8.5252915E-06   3.8195306E-05  -4.3972947E-05  -3.2309144E-05  -8.2403883E-05   1.7889192E-07  -1.3697777E-07
  2.0629523E-07  -2.8975447E-06   3.5465597E-07   9.4950433E-06   1.1918678E-05   1.6485783E-05   5.5103468E-07  -5.0161152E-03   7.9780608E-05   9.4834563E-04  -2.4540575E-02  -6.7193284E-03   1.5287933E-03   5.6257402E-03  -2.3666018E-03   1.6313323E-04  -4.1022494E-04  -3.7245919E-04   1.5499751E-03  -1.7444640E-06   1.5066056E-06   7.3099426E-06   1.8347396E-06   2.4284900E-06  -1.8911938E-05  -6.3612999E-08  -1.4273586E-07
  1.0482218E-08  -1.9297611E-07   2.8796732E-08  -1.2634203E-06   9.0858605E-06   5.5103468E-07   6.0223375E-06   7.9934966E-04  -7.5687287E-06   1.2547347E-05   5.1241138E-03   7.2495802E-04   5.2846296E-04   1.2130525E-03  -6.5107863E-05   2.2806939E-05  -3.2966493E-05  -9.5186109E-05   5.1249666E-04  -2.8129550E-07  -1.6979160E-06   1.5768493E-06  -3.3849709E-06  -3.5462416E-06  -5.9563263E-06   3.0200039E-08   1.8222487E-09
 -9.4509115E-05   2.3216555E-04   1.2801520E-05  -1.9383132E-03  -3.1902628E-03  -5.0161152E-03   7.9934966E-04   4.5406806E+01  -4.1286903E-01  -7.3404461E-01   3.9653105E+01   2.5677732E+00  -1.2440316E+01  -5.5180622E+01  -3.7291279E-01  -6.0210979E-02   5.0293852E-01  -5.7002533E+00  -3.3437545E+01  -1.9280854E-03  -3.4412528E-03   6.2464795E-03   5.0277104E-04  -9.6488896E-03   3.1195189E-02  -2.2762240E-04   8.0736251E-04
  1.2089584E-06  -4.1283466E-06   9.1624484E-07   1.2799202E-05   4.6654964E-05   7.9780608E-05  -7.5687287E-06  -4.1286903E-01   8.1159083E-02  -4.5544578E-02  -6.7447584E-01   8.9874979E-01   1.6550134E+00   6.2637821E-01   6.1510842E-02  -8.2074914E-03   1.2937745E-02   1.2080150E-01   1.8465592E-01  -8.7000236E-05   6.4349285E-05   2.8824558E-05   1.7809896E-04   2.6551210E-04   4.3978627E-04   4.0166489E-06   9.5036817E-07
  1.8600832E-05  -6.5283469E-05  -3.8689826E-06   5.0004229E-04   8.3015958E-04   9.4834563E-04   1.2547347E-05  -7.3404461E-01  -4.5544578E-02   3.9561377E+00  -3.0825286E+01  -3.0224053E+00   8.0973246E+00   5.3688370E+00  -2.8363626E+00  -3.1022913E-01   1.7258405E-01   2.7976241E+00   3.4288335E+00  -3.7042745E-04  -8.9265616E-04   7.2938160E-04  -9.6909265E-04  -7.8138157E-04   2.4752132E-03   1.1953506E-04  -3.4832250E-05
 -3.4696715E-04   1.3368194E-03   6.1401816E-05  -6.1005528E-03  -3.4245408E-03  -2.4540575E-02   5.1241138E-03   3.9653105E+01  -6.7447584E-01  -3.0825286E+01   7.9447731E+02   6.6487401E+01  -5.9483554E+01  -6.5143206E+01   1.4300933E+01  -5.1566476E+00   5.6711319E+00  -1.3419731E+01  -2.6695602E+01   1.1154181E-02  -4.3928133E-03  -3.9165233E-03   2.4918413E-03  -2.3922408E-02  -8.3326676E-03   3.5107651E-03   5.4710987E-04
 -1.8904676E-04   8.1890877E-04  -8.7024952E-05  -3.3283469E-03  -3.5104476E-03  -6.7193284E-03   7.2495802E-04   2.5677732E+00   8.9874979E-01  -3.0224053E+00   6.6487401E+01   5.9699311E+01   3.9288801E+01   1.3765196E+01  -4.8624259E+00  -2.6791645E-01  -1.2377035E+00   3.3831389E+00   3.6150660E+00   7.6196511E-04   1.8469599E-03   3.4484844E-03  -2.7049673E-03  -3.7327796E-03   6.4677761E-03   9.5576865E-05   1.0863846E-04
 -5.6368374E-05   2.9209272E-04  -6.4734483E-05  -8.3970451E-04   1.3770758E-03   1.5287933E-03   5.2846296E-04  -1.2440316E+01   1.6550134E+00   8.0973246E+00  -5.9483554E+01   3.9288801E+01   8.4976058E+01   5.1929614E+01  -1.1870006E+01  -1.1277453E+00  -5.7462841E-01   5.3498124E+00   8.4646610E+00  -3.3020859E-03   7.3006929E-04  -1.3292068E-03   6.4382523E-03   6.8394756E-03   1.4468055E-03   4.6711799E-04  -3.6884218E-04
  3.5454166E-05   1.0355706E-06  -7.8393186E-05   3.3693905E-04   5.7940317E-03   5.6257402E-03   1.2130525E-03  -5.5180622E+01   6.2637821E-01   5.3688370E+00  -6.5143206E+01   1.3765196E+01   5.1929614E+01   1.0284524E+02  -9.1376440E+00  -5.7629930E-01  -1.2466590E+00   5.1802683E+00   3.2857516E+01  -1.9579353E-03  -2.6044012E-05  -1.3181065E-02   2.3765482E-03   1.3437766E-02  -4.2013729E-02   5.4049801E-04  -1.4981463E-03
 -3.5363138E-05   9.5219515E-05   1.0415191E-05  -9.6614936E-04  -2.5120826E-03  -2.3666018E-03  -6.5107863E-05  -3.7291279E-01   6.1510842E-02  -2.8363626E+00   1.4300933E+01  -4.8624259E+00  -1.1870006E+01  -9.1376440E+00   6.0033775E+00   2.3114148E-01  -1.4671758E-01  -2.1283574E+00  -2.2429191E+00  -3.6436597E-05   4.5664806E-04   1.2993693E-04   8.6916480E-04  -1.6797843E-03   1.6886356E-03  -9.8336544E-05   2.0361766E-05
 -3.4511174E-06  -1.1443576E-07  -5.8685625E-06  -6.9483389E-05  -3.6167037E-04   1.6313323E-04   2.2806939E-05  -6.0210979E-02  -8.2074914E-03  -3.1022913E-01  -5.1566476E+00  -2.6791645E-01  -1.1277453E+00  -5.7629930E-01   2.3114148E-01   3.2489111E+00   5.0647423E-01   1.8429296E-01   3.3866557E-01  -7.0988307E-04  -2.4137406E-04  -4.9441564E-04  -4.5233465E-04   1.1524690E-03  -2.5291861E-03   1.7605697E-04   1.3233502E-06
 -1.0961157E-05   2.1340426E-05   1.3639416E-05   1.8280642E-05  -5.2932433E-04  -4.1022494E-04  -3.2966493E-05   5.0293852E-01   1.2937745E-02   1.7258405E-01   5.6711319E+00  -1.2377035E+00  -5.7462841E-01  -1.2466590E+00  -1.4671758E-01   5.0647423E-01   3.1307402E+00   2.7175901E+00   2.8038867E+00   1.7147724E-04  -1.1579349E-03  -2.9789834E-03  -6.6561452E-04   8.2370665E-04  -6.1814049E-03  -1.7987208E-04  -4.0567160E-05
 -9.5657906E-06   5.3772539E-05   5.5264022E-06   2.6329345E-04  -1.2059396E-04  -3.7245919E-04  -9.5186109E-05  -5.7002533E+00   1.2080150E-01   2.7976241E+00  -1.3419731E+01   3.3831389E+00   5.3498124E+00   5.1802683E+00  -2.1283574E+00   1.8429296E-01   2.7175901E+00   1.0984058E+01   1.9421371E+01   1.0773797E-03  -2.2792593E-04  -1.6667005E-03  -3.8948092E-03  -7.6044561E-04   4.9796790E-04   1.8250525E-05   4.0013309E-04
  2.6267413E-05   1.6886634E-05   4.5842561E-06   9.6432004E-04   2.6911012E-03   1.5499751E-03   5.1249666E-04  -3.3437545E+01   1.8465592E-01   3.4288335E+00  -2.6695602E+01   3.6150660E+00   8.4646610E+00   3.2857516E+01  -2.2429191E+00   3.3866557E-01   2.8038867E+00   1.9421371E+01   5.3486975E+01   4.5504058E-03   3.4853994E-03  -3.3655342E-03  -6.9023305E-03   4.5353501E-03  -1.8771768E-02   1.2891120E-04   8.6527338E-04
 -7.9300315E-08   8.2385513E-07  -1.1056911E-07   4.9515797E-06   1.0106524E-05  -1.7444640E-06  -2.8129550E-07  -1.9280854E-03  -8.7000236E-05  -3.7042745E-04   1.1154181E-02   7.6196511E-04  -3.3020859E-03  -1.9579353E-03  -3.6436597E-05  -7.0988307E-04   1.7147724E-04   1.0773797E-03   4.5504058E-03   1.4281142E-03   2.6778966E-04  -1.4615777E-05  -3.2408731E-04  -1.6008673E-04  -4.1624458E-04   6.0887731E-08   1.6694005E-07
  1.2296013E-08  -1.8318687E-07  -1.3455853E-07  -2.4638064E-06  -8.5252915E-06   1.5066056E-06  -1.6979160E-06  -3.4412528E-03   6.4349285E-05  -8.9265616E-04  -4.3928133E-03   1.8469599E-03   7.3006929E-04  -2.6044012E-05   4.5664806E-04  -2.4137406E-04  -1.1579349E-03  -2.2792593E-04   3.4853994E-03   2.6778966E-04   8.7451017E-04  -1.5410829E-05   7.4944145E-04   4.4994681E-07  -7.4034214E-04  -3.5874785E-07   2.9725278E-07
  4.1864046E-07  -2.6104047E-06   9.9142767E-07   2.0251375E-05   3.8195306E-05   7.3099426E-06   1.5768493E-06   6.2464795E-03   2.8824558E-05   7.2938160E-04  -3.9165233E-03   3.4484844E-03  -1.3292068E-03  -1.3181065E-02   1.2993693E-04  -4.9441564E-04  -2.9789834E-03  -1.6667005E-03  -3.3655342E-03  -1.4615777E-05  -1.5410829E-05   7.2143004E-03  -3.3541077E-04   4.7004109E-04   4.3279210E-03  -1.8765679E-07   5.3348959E-07
 -1.6290065E-07   4.2561101E-07  -2.5264330E-07  -1.8983261E-05  -4.3972947E-05   1.8347396E-06  -3.3849709E-06   5.0277104E-04   1.7809896E-04  -9.6909265E-04   2.4918413E-03  -2.7049673E-03   6.4382523E-03   2.3765482E-03   8.6916480E-04  -4.5233465E-04  -6.6561452E-04  -3.8948092E-03  -6.9023305E-03  -3.2408731E-04   7.4944145E-04  -3.3541077E-04   2.8887058E-03   5.2788172E-04  -8.6286774E-04  -1.0193193E-07  -6.3960673E-08
 -4.2034525E-07   1.7735180E-06  -3.7168297E-07  -1.4798174E-05  -3.2309144E-05   2.4284900E-06  -3.5462416E-06  -9.6488896E-03   2.6551210E-04  -7.8138157E-04  -2.3922408E-02  -3.7327796E-03   6.8394756E-03   1.3437766E-02  -1.6797843E-03   1.1524690E-03   8.2370665E-04  -7.6044561E-04   4.5353501E-03  -1.6008673E-04   4.4994681E-07   4.7004109E-04   5.2788172E-04   6.4989041E-03   7.7359403E-03   4.0253116E-07  -1.5663619E-07
 -2.0529275E-06   1.3814669E-05  -1.6717980E-06  -4.8536586E-05  -8.2403883E-05  -1.8911938E-05  -5.9563263E-06   3.1195189E-02   4.3978627E-04   2.4752132E-03  -8.3326676E-03   6.4677761E-03   1.4468055E-03  -4.2013729E-02   1.6886356E-03  -2.5291861E-03  -6.1814049E-03   4.9796790E-04  -1.8771768E-02  -4.1624458E-04  -7.4034214E-04   4.3279210E-03  -8.6286774E-04   7.7359403E-03   7.2796212E-02   2.3926338E-06   1.2884068E-06
  1.7020292E-09  -1.0713872E-08  -4.7522608E-09  -2.4706043E-09   1.7889192E-07  -6.3612999E-08   3.0200039E-08  -2.2762240E-04   4.0166489E-06   1.1953506E-04   3.5107651E-03   9.5576865E-05   4.6711799E-04   5.4049801E-04  -9.8336544E-05   1.7605697E-04  -1.7987208E-04   1.8250525E-05   1.2891120E-04   6.0887731E-08  -3.5874785E-07  -1.8765679E-07  -1.0193193E-07   4.0253116E-07   2.3926338E-06   3.7727069E-07  -5.3130791E-09
 -2.3737837E-09   2.1779191E-08   2.7837021E-10  -9.0044532E-08  -1.3697777E-07  -1.4273586E-07   1.8222487E-09   8.0736251E-04   9.5036817E-07  -3.4832250E-05   5.4710987E-04   1.0863846E-04  -3.6884218E-04  -1.4981463E-03   2.0361766E-05   1.3233502E-06  -4.0567160E-05   4.0013309E-04   8.6527338E-04   1.6694005E-07   2.9725278E-07   5.3348959E-07  -6.3960673E-08  -1.5663619E-07   1.2884068E-06  -5.3130791E-09   3.8980277E-07
