# omegabh2 omegach2 theta tau mnu logA ns calPlanck acib217 xi asz143 aps100 aps143 aps143217 aps217 aksz kgal100 kgal143 kgal143217 kgal217 galfEE100 galfEE100143 galfEE100217 galfEE143 galfEE143217 galfEE217 galfTE100 galfTE100143 galfTE100217 galfTE143 galfTE143217 galfTE217 cal0 cal2
    0.2773813E-07   -0.1572211E-06    0.2684213E-07    0.6720838E-06   -0.9379126E-05    0.1128134E-05    0.4561481E-06    0.2164777E-07   -0.1386736E-03    0.3050275E-05    0.3649254E-04   -0.6005087E-03   -0.2825073E-03   -0.3033306E-04    0.6321725E-04   -0.5856442E-04   -0.2918756E-06   -0.1021288E-04   -0.1762162E-04    0.7615432E-05    0.4629573E-07    0.6494927E-07    0.4625255E-07    0.7941361E-07    0.1335401E-06    0.1291311E-06    0.1715980E-07   -0.6287292E-07   -0.5892548E-07   -0.1446832E-06   -0.5467471E-06   -0.3109908E-05    0.3772372E-08   -0.1454380E-07
   -0.1572211E-06    0.2242764E-05   -0.2224100E-06   -0.8395331E-05    0.4976383E-04   -0.1173789E-04   -0.5724254E-05   -0.1182385E-06    0.5003007E-03   -0.9447970E-05   -0.1893342E-03    0.2887995E-02    0.1659891E-02    0.5589208E-03    0.1858581E-03    0.2284438E-03   -0.2787553E-04    0.5169661E-05    0.3755925E-04    0.1402147E-04   -0.7127418E-06   -0.8031327E-06   -0.5408725E-06   -0.9772765E-06   -0.6373638E-06    0.2451631E-06   -0.1542123E-06    0.6710019E-06    0.8724058E-07    0.1681736E-05    0.2970375E-05    0.1986193E-04    0.1146940E-09    0.6611638E-07
    0.2684213E-07   -0.2224100E-06    0.1136446E-06    0.5359663E-06   -0.1711101E-04    0.7505304E-06    0.7168723E-06    0.2511264E-07   -0.8513678E-04    0.9065937E-06    0.2049962E-04   -0.4111012E-03   -0.2146175E-03   -0.8362432E-04   -0.2099876E-05   -0.2884661E-04    0.4004627E-05   -0.3311568E-05   -0.2427060E-04   -0.1618125E-04    0.3832740E-07    0.7302881E-07   -0.2642772E-07    0.7495406E-07    0.9377485E-07   -0.2609300E-06    0.1350539E-08   -0.6622177E-07   -0.9397551E-07   -0.6762627E-07   -0.3154504E-06   -0.3081053E-05   -0.4193215E-09   -0.1314506E-07
    0.6720838E-06   -0.8395331E-05    0.5359663E-06    0.3078871E-03    0.7015380E-03    0.5902767E-03    0.3042851E-04   -0.9031508E-06   -0.9986444E-02    0.2438878E-03    0.1986370E-02   -0.4384518E-01   -0.1515189E-01    0.2029271E-02    0.8014003E-02   -0.4405959E-02   -0.3826414E-03   -0.6208137E-03   -0.1937048E-02   -0.2530980E-03    0.3871456E-05    0.3051672E-05    0.3160624E-05    0.4066255E-05    0.1906760E-05    0.1224146E-04   -0.9450468E-05   -0.6115267E-05    0.1141253E-04   -0.1646704E-04   -0.1031874E-04   -0.5582057E-04   -0.9183339E-07   -0.9738198E-06
   -0.9379126E-05    0.4976383E-04   -0.1711101E-04    0.7015380E-03    0.2545492E-01    0.1407779E-02   -0.2047078E-03    0.4827212E-05    0.8741796E-01   -0.1469202E-02   -0.1298522E-01    0.3010904E+00    0.1184655E+00    0.1241295E-01   -0.5904841E-01    0.2834345E-01    0.3074987E-02    0.8418433E-02    0.1788679E-01    0.6833610E-02    0.3368909E-05   -0.1257278E-04   -0.2927990E-05   -0.8111117E-05    0.2585821E-04    0.5964487E-04   -0.9909233E-04   -0.3259154E-04    0.1698083E-03   -0.1079415E-03    0.2175764E-03    0.1392229E-02   -0.9675553E-06    0.1223999E-04
    0.1128134E-05   -0.1173789E-04    0.7505304E-06    0.5902767E-03    0.1407779E-02    0.1170155E-02    0.4687950E-04    0.1038860E-04   -0.1956696E-01    0.5425687E-03    0.3692697E-02   -0.7845955E-01   -0.2528300E-01    0.8984207E-02    0.2315200E-01   -0.9405268E-02   -0.1137036E-02   -0.1777084E-02   -0.4400724E-02    0.8621690E-03    0.6957142E-05    0.4614887E-05    0.4836527E-05    0.7375435E-05    0.2031582E-05    0.2766849E-04   -0.1834045E-04   -0.1039247E-04    0.2149750E-04   -0.2500882E-04   -0.1745100E-04   -0.4659484E-04    0.5543584E-07   -0.1981262E-05
    0.4561481E-06   -0.5724254E-05    0.7168723E-06    0.3042851E-04   -0.2047078E-03    0.4687950E-04    0.2462216E-04    0.3053560E-06   -0.5803755E-02    0.1474213E-03    0.1373130E-02   -0.3034168E-01   -0.8879740E-02    0.2096291E-02    0.5561351E-02   -0.2850867E-02    0.3101523E-03   -0.2601761E-03   -0.6629859E-03    0.3602480E-03    0.3152021E-05    0.3554180E-05    0.1930930E-05    0.4107741E-05    0.1299453E-05    0.2009053E-05   -0.4650887E-07   -0.1906144E-05    0.1387385E-05   -0.2113276E-05   -0.5064603E-05   -0.4481246E-04   -0.1454440E-06   -0.5290517E-06
    0.2164777E-07   -0.1182385E-06    0.2511264E-07   -0.9031508E-06    0.4827212E-05    0.1038860E-04    0.3053560E-06    0.6143709E-05    0.7389203E-03    0.4267474E-05    0.8070088E-05    0.3541021E-02    0.5986411E-03    0.5100753E-03    0.1333430E-02   -0.7910409E-04   -0.3114403E-04    0.8942841E-05   -0.5917572E-04    0.6244175E-03    0.6997189E-06    0.4685137E-06    0.1030910E-06    0.1079522E-05    0.6559249E-06    0.2570487E-05   -0.2204596E-07    0.2084325E-07   -0.2108112E-06    0.2167895E-05   -0.4928687E-06    0.1650453E-04   -0.8964592E-09   -0.2751840E-07
   -0.1386736E-03    0.5003007E-03   -0.8513678E-04   -0.9986444E-02    0.8741796E-01   -0.1956696E-01   -0.5803755E-02    0.7389203E-03    0.4363497E+02   -0.5217272E+00   -0.1618302E+01    0.4240960E+02   -0.1547909E+00   -0.2208361E+02   -0.6132373E+02    0.4562497E+00   -0.3154248E-01    0.9700042E-01   -0.2010877E+01   -0.1855269E+02   -0.5835335E-03   -0.3890514E-03   -0.8205213E-04   -0.6107114E-03    0.1819323E-02    0.7340111E-02   -0.8112698E-03    0.9597135E-03    0.5623290E-02   -0.2866746E-03   -0.2753265E-02   -0.2313939E-02   -0.3070985E-03    0.4389524E-02
    0.3050275E-05   -0.9447970E-05    0.9065937E-06    0.2438878E-03   -0.1469202E-02    0.5425687E-03    0.1474213E-03    0.4267474E-05   -0.5217272E+00    0.8257301E-01   -0.6468667E-01   -0.5706017E+00    0.1052540E+01    0.1993561E+01    0.8406308E+00    0.5206701E-01   -0.8919971E-03    0.3240023E-02    0.9874083E-01    0.1034827E+00    0.6091289E-05    0.2470293E-04    0.7765466E-04    0.2015032E-04   -0.3453959E-04    0.1294600E-03   -0.1166746E-03   -0.7901848E-04   -0.3664406E-04    0.5843906E-04   -0.8571044E-04   -0.5864219E-03    0.8658767E-05   -0.2162499E-04
    0.3649254E-04   -0.1893342E-03    0.2049962E-04    0.1986370E-02   -0.1298522E-01    0.3692697E-02    0.1373130E-02    0.8070088E-05   -0.1618302E+01   -0.6468667E-01    0.3568342E+01   -0.2828510E+02   -0.3842198E+01    0.7285810E+01    0.6340290E+01   -0.2482408E+01   -0.1525415E+00    0.4166887E-01    0.2216952E+01    0.2008031E+01    0.2756717E-03    0.2078223E-03    0.2383776E-03    0.1226877E-03    0.2939493E-03    0.1302252E-02   -0.6262374E-04    0.1027756E-03    0.5140459E-03   -0.5548406E-04   -0.2510406E-03   -0.2053441E-02    0.1769429E-03   -0.3280949E-03
   -0.6005087E-03    0.2887995E-02   -0.4111012E-03   -0.4384518E-01    0.3010904E+00   -0.7845955E-01   -0.3034168E-01    0.3541021E-02    0.4240960E+02   -0.5706017E+00   -0.2828510E+02    0.7683384E+03    0.6912682E+02   -0.5808463E+02   -0.6842316E+02    0.1254034E+02   -0.3970334E+01    0.2994623E+01   -0.1128802E+02   -0.1639175E+02   -0.4703539E-02   -0.3986395E-02   -0.1726486E-02   -0.3350666E-02    0.2510506E-02   -0.6615631E-02    0.7721946E-02   -0.2694710E-02    0.1025383E-01    0.6657680E-02    0.4061241E-02    0.8997044E-01    0.6179939E-02    0.3863479E-02
   -0.2825073E-03    0.1659891E-02   -0.2146175E-03   -0.1515189E-01    0.1184655E+00   -0.2528300E-01   -0.8879740E-02    0.5986411E-03   -0.1547909E+00    0.1052540E+01   -0.3842198E+01    0.6912682E+02    0.6158239E+02    0.4608996E+02    0.1894585E+02   -0.4288682E+01   -0.3550915E+00   -0.9823551E+00    0.3727023E+01    0.3783251E+01   -0.1626981E-02   -0.1393561E-02   -0.1383493E-02   -0.1586468E-02   -0.1836157E-02    0.1097810E-01   -0.1031330E-02   -0.1265210E-02    0.2809951E-02    0.3215218E-02    0.6728709E-02    0.4622014E-01    0.9064526E-04    0.1567906E-03
   -0.3033306E-04    0.5589208E-03   -0.8362432E-04    0.2029271E-02    0.1241295E-01    0.8984207E-02    0.2096291E-02    0.5100753E-03   -0.2208361E+02    0.1993561E+01    0.7285810E+01   -0.5808463E+02    0.4608996E+02    0.1014693E+03    0.6805311E+02   -0.1148704E+02   -0.6605837E+00   -0.3600629E+00    0.4367233E+01    0.4983109E+01    0.1221201E-03    0.2253601E-03   -0.2236070E-03   -0.2684495E-03   -0.5954826E-03    0.1394719E-01   -0.3205637E-02   -0.2542607E-02    0.3349175E-02    0.3250275E-02    0.4261748E-02    0.1705122E-01    0.7569409E-03   -0.2573747E-02
    0.6321725E-04    0.1858581E-03   -0.2099876E-05    0.8014003E-02   -0.5904841E-01    0.2315200E-01    0.5561351E-02    0.1333430E-02   -0.6132373E+02    0.8406308E+00    0.6340290E+01   -0.6842316E+02    0.1894585E+02    0.6805311E+02    0.1216206E+03   -0.9857212E+01   -0.4964520E+00   -0.3429862E+00   -0.6705154E+00    0.1480531E+02    0.9305546E-03    0.2348135E-03   -0.2635204E-02    0.3409825E-03   -0.2532425E-02    0.8310136E-03    0.6187442E-03   -0.2058290E-02   -0.3423381E-02    0.2771434E-02    0.1038751E-01    0.4040533E-01    0.7329887E-03   -0.7703008E-02
   -0.5856442E-04    0.2284438E-03   -0.2884661E-04   -0.4405959E-02    0.2834345E-01   -0.9405268E-02   -0.2850867E-02   -0.7910409E-04    0.4562497E+00    0.5206701E-01   -0.2482408E+01    0.1254034E+02   -0.4288682E+01   -0.1148704E+02   -0.9857212E+01    0.5717541E+01    0.1276109E+00   -0.3634165E-01   -0.1776889E+01   -0.1527933E+01   -0.3016888E-03   -0.2757985E-03    0.5104144E-04   -0.3025080E-03    0.1167115E-03   -0.4402965E-02   -0.5481889E-03    0.1766337E-03   -0.1591121E-02   -0.1942752E-03   -0.3691089E-03   -0.6019668E-03   -0.1135250E-03    0.1255074E-03
   -0.2918756E-06   -0.2787553E-04    0.4004627E-05   -0.3826414E-03    0.3074987E-02   -0.1137036E-02    0.3101523E-03   -0.3114403E-04   -0.3154248E-01   -0.8919971E-03   -0.1525415E+00   -0.3970334E+01   -0.3550915E+00   -0.6605837E+00   -0.4964520E+00    0.1276109E+00    0.3525769E+01    0.4836372E+00    0.2768369E+00    0.3996617E+00    0.6208608E-05    0.1814019E-04    0.2526190E-03    0.2919502E-04   -0.5088236E-03    0.2042633E-02   -0.1002066E-02   -0.1242927E-03    0.3026565E-03   -0.6305967E-03    0.7676525E-03   -0.1429409E-02    0.3021431E-03    0.3542577E-05
   -0.1021288E-04    0.5169661E-05   -0.3311568E-05   -0.6208137E-03    0.8418433E-02   -0.1777084E-02   -0.2601761E-03    0.8942841E-05    0.9700042E-01    0.3240023E-02    0.4166887E-01    0.2994623E+01   -0.9823551E+00   -0.3600629E+00   -0.3429862E+00   -0.3634165E-01    0.4836372E+00    0.3335819E+01    0.2559346E+01    0.1742067E+01   -0.4827216E-04   -0.3031550E-04    0.6206626E-03    0.2810497E-05    0.8459518E-03    0.1804667E-03    0.2459867E-03   -0.2661930E-03   -0.1616271E-02   -0.1323889E-03    0.1017857E-02   -0.1258068E-02   -0.2900512E-03   -0.2128155E-03
   -0.1762162E-04    0.3755925E-04   -0.2427060E-04   -0.1937048E-02    0.1788679E-01   -0.4400724E-02   -0.6629859E-03   -0.5917572E-04   -0.2010877E+01    0.9874083E-01    0.2216952E+01   -0.1128802E+02    0.3727023E+01    0.4367233E+01   -0.6705154E+00   -0.1776889E+01    0.2768369E+00    0.2559346E+01    0.1713409E+02    0.2585236E+02   -0.1169518E-03   -0.5256193E-04    0.1811905E-02    0.5099471E-05   -0.2508978E-03    0.2523650E-03    0.1870779E-02    0.7135765E-03   -0.1851516E-02   -0.9384265E-04   -0.2381823E-02    0.5829808E-02   -0.2881806E-04    0.2591862E-02
    0.7615432E-05    0.1402147E-04   -0.1618125E-04   -0.2530980E-03    0.6833610E-02    0.8621690E-03    0.3602480E-03    0.6244175E-03   -0.1855269E+02    0.1034827E+00    0.2008031E+01   -0.1639175E+02    0.3783251E+01    0.4983109E+01    0.1480531E+02   -0.1527933E+01    0.3996617E+00    0.1742067E+01    0.2585236E+02    0.5515623E+02    0.8105162E-04    0.8469537E-04    0.2661628E-02    0.5284427E-03   -0.2062388E-02   -0.4722993E-02    0.3476766E-02    0.1345121E-02   -0.3656590E-02    0.7778633E-03   -0.5352830E-02    0.5240528E-02    0.5371209E-04    0.4665776E-02
    0.4629573E-07   -0.7127418E-06    0.3832740E-07    0.3871456E-05    0.3368909E-05    0.6957142E-05    0.3152021E-05    0.6997189E-06   -0.5835335E-03    0.6091289E-05    0.2756717E-03   -0.4703539E-02   -0.1626981E-02    0.1221201E-03    0.9305546E-03   -0.3016888E-03    0.6208608E-05   -0.4827216E-04   -0.1169518E-03    0.8105162E-04    0.3227732E-04    0.8703335E-05    0.1428407E-06    0.3149386E-05   -0.2484160E-05    0.2010179E-05    0.1011645E-05   -0.6161188E-06   -0.1714810E-05   -0.1749533E-05   -0.2226201E-05   -0.4478033E-05   -0.2674863E-07   -0.5902365E-08
    0.6494927E-07   -0.8031327E-06    0.7302881E-07    0.3051672E-05   -0.1257278E-04    0.4614887E-05    0.3554180E-05    0.4685137E-06   -0.3890514E-03    0.2470293E-04    0.2078223E-03   -0.3986395E-02   -0.1393561E-02    0.2253601E-03    0.2348135E-03   -0.2757985E-03    0.1814019E-04   -0.3031550E-04   -0.5256193E-04    0.8469537E-04    0.8703335E-05    0.2491888E-04    0.5585753E-06    0.1255668E-04   -0.2830183E-05   -0.7233117E-06    0.7426685E-06   -0.3738679E-06   -0.2408702E-05   -0.2293097E-05   -0.1925529E-05   -0.2711420E-05   -0.3331269E-07    0.3566838E-09
    0.4625255E-07   -0.5408725E-06   -0.2642772E-07    0.3160624E-05   -0.2927990E-05    0.4836527E-05    0.1930930E-05    0.1030910E-06   -0.8205213E-04    0.7765466E-04    0.2383776E-03   -0.1726486E-02   -0.1383493E-02   -0.2236070E-03   -0.2635204E-02    0.5104144E-04    0.2526190E-03    0.6206626E-03    0.1811905E-02    0.2661628E-02    0.1428407E-06    0.5585753E-06    0.1056536E-02    0.1074771E-05    0.1181486E-04    0.2195767E-04    0.1231798E-04    0.5490905E-05    0.5748406E-05   -0.1564647E-05    0.1425251E-05   -0.2311889E-04   -0.2532158E-07    0.2420386E-06
    0.7941361E-07   -0.9772765E-06    0.7495406E-07    0.4066255E-05   -0.8111117E-05    0.7375435E-05    0.4107741E-05    0.1079522E-05   -0.6107114E-03    0.2015032E-04    0.1226877E-03   -0.3350666E-02   -0.1586468E-02   -0.2684495E-03    0.3409825E-03   -0.3025080E-03    0.2919502E-04    0.2810497E-05    0.5099471E-05    0.5284427E-03    0.3149386E-05    0.1255668E-04    0.1074771E-05    0.4730119E-04   -0.9887840E-06    0.3704253E-06   -0.9540392E-06   -0.2439411E-05    0.6243795E-06   -0.2395735E-05    0.6922054E-06   -0.3661591E-05   -0.2381873E-07   -0.3294428E-07
    0.1335401E-06   -0.6373638E-06    0.9377485E-07    0.1906760E-05    0.2585821E-04    0.2031582E-05    0.1299453E-05    0.6559249E-06    0.1819323E-02   -0.3453959E-04    0.2939493E-03    0.2510506E-02   -0.1836157E-02   -0.5954826E-03   -0.2532425E-02    0.1167115E-03   -0.5088236E-03    0.8459518E-03   -0.2508978E-03   -0.2062388E-02   -0.2484160E-05   -0.2830183E-05    0.1181486E-04   -0.9887840E-06    0.2169853E-02    0.4775912E-04   -0.1927687E-04   -0.1278597E-04    0.2101282E-04    0.1062402E-04   -0.1146781E-04   -0.7257729E-04   -0.2855203E-06   -0.3944585E-06
    0.1291311E-06    0.2451631E-06   -0.2609300E-06    0.1224146E-04    0.5964487E-04    0.2766849E-04    0.2009053E-05    0.2570487E-05    0.7340111E-02    0.1294600E-03    0.1302252E-02   -0.6615631E-02    0.1097810E-01    0.1394719E-01    0.8310136E-03   -0.4402965E-02    0.2042633E-02    0.1804667E-03    0.2523650E-03   -0.4722993E-02    0.2010179E-05   -0.7233117E-06    0.2195767E-04    0.3704253E-06    0.4775912E-04    0.1694548E-01   -0.3045439E-04    0.7670916E-05   -0.8786216E-04    0.7526562E-04   -0.3720274E-04   -0.8562299E-04    0.1046225E-07    0.1192833E-06
    0.1715980E-07   -0.1542123E-06    0.1350539E-08   -0.9450468E-05   -0.9909233E-04   -0.1834045E-04   -0.4650887E-07   -0.2204596E-07   -0.8112698E-03   -0.1166746E-03   -0.6262374E-04    0.7721946E-02   -0.1031330E-02   -0.3205637E-02    0.6187442E-03   -0.5481889E-03   -0.1002066E-02    0.2459867E-03    0.1870779E-02    0.3476766E-02    0.1011645E-05    0.7426685E-06    0.1231798E-04   -0.9540392E-06   -0.1927687E-04   -0.3045439E-04    0.1419979E-02    0.2921409E-03    0.9095366E-04   -0.3955857E-03   -0.1018215E-03   -0.1183180E-03    0.7159353E-07    0.2183190E-06
   -0.6287292E-07    0.6710019E-06   -0.6622177E-07   -0.6115267E-05   -0.3259154E-04   -0.1039247E-04   -0.1906144E-05    0.2084325E-07    0.9597135E-03   -0.7901848E-04    0.1027756E-03   -0.2694710E-02   -0.1265210E-02   -0.2542607E-02   -0.2058290E-02    0.1766337E-03   -0.1242927E-03   -0.2661930E-03    0.7135765E-03    0.1345121E-02   -0.6161188E-06   -0.3738679E-06    0.5490905E-05   -0.2439411E-05   -0.1278597E-04    0.7670916E-05    0.2921409E-03    0.8544652E-03    0.2146140E-04    0.7321581E-03    0.5052771E-04   -0.6566815E-03   -0.1852630E-06    0.4255329E-06
   -0.5892548E-07    0.8724058E-07   -0.9397551E-07    0.1141253E-04    0.1698083E-03    0.2149750E-04    0.1387385E-05   -0.2108112E-06    0.5623290E-02   -0.3664406E-04    0.5140459E-03    0.1025383E-01    0.2809951E-02    0.3349175E-02   -0.3423381E-02   -0.1591121E-02    0.3026565E-03   -0.1616271E-02   -0.1851516E-02   -0.3656590E-02   -0.1714810E-05   -0.2408702E-05    0.5748406E-05    0.6243795E-06    0.2101282E-04   -0.8786216E-04    0.9095366E-04    0.2146140E-04    0.7083346E-02   -0.3126950E-03    0.6866796E-03    0.4503292E-02    0.8120939E-07    0.7829174E-06
   -0.1446832E-06    0.1681736E-05   -0.6762627E-07   -0.1646704E-04   -0.1079415E-03   -0.2500882E-04   -0.2113276E-05    0.2167895E-05   -0.2866746E-03    0.5843906E-04   -0.5548406E-04    0.6657680E-02    0.3215218E-02    0.3250275E-02    0.2771434E-02   -0.1942752E-03   -0.6305967E-03   -0.1323889E-03   -0.9384265E-04    0.7778633E-03   -0.1749533E-05   -0.2293097E-05   -0.1564647E-05   -0.2395735E-05    0.1062402E-04    0.7526562E-04   -0.3955857E-03    0.7321581E-03   -0.3126950E-03    0.2872458E-02    0.5193805E-03   -0.8861278E-03   -0.8087848E-08    0.1979987E-06
   -0.5467471E-06    0.2970375E-05   -0.3154504E-06   -0.1031874E-04    0.2175764E-03   -0.1745100E-04   -0.5064603E-05   -0.4928687E-06   -0.2753265E-02   -0.8571044E-04   -0.2510406E-03    0.4061241E-02    0.6728709E-02    0.4261748E-02    0.1038751E-01   -0.3691089E-03    0.7676525E-03    0.1017857E-02   -0.2381823E-02   -0.5352830E-02   -0.2226201E-05   -0.1925529E-05    0.1425251E-05    0.6922054E-06   -0.1146781E-04   -0.3720274E-04   -0.1018215E-03    0.5052771E-04    0.6866796E-03    0.5193805E-03    0.6610543E-02    0.7749671E-02   -0.4357233E-06   -0.1439178E-05
   -0.3109908E-05    0.1986193E-04   -0.3081053E-05   -0.5582057E-04    0.1392229E-02   -0.4659484E-04   -0.4481246E-04    0.1650453E-04   -0.2313939E-02   -0.5864219E-03   -0.2053441E-02    0.8997044E-01    0.4622014E-01    0.1705122E-01    0.4040533E-01   -0.6019668E-03   -0.1429409E-02   -0.1258068E-02    0.5829808E-02    0.5240528E-02   -0.4478033E-05   -0.2711420E-05   -0.2311889E-04   -0.3661591E-05   -0.7257729E-04   -0.8562299E-04   -0.1183180E-03   -0.6566815E-03    0.4503292E-02   -0.8861278E-03    0.7749671E-02    0.6514648E-01   -0.8305298E-06   -0.3163660E-05
    0.3772372E-08    0.1146940E-09   -0.4193215E-09   -0.9183339E-07   -0.9675553E-06    0.5543584E-07   -0.1454440E-06   -0.8964592E-09   -0.3070985E-03    0.8658767E-05    0.1769429E-03    0.6179939E-02    0.9064526E-04    0.7569409E-03    0.7329887E-03   -0.1135250E-03    0.3021431E-03   -0.2900512E-03   -0.2881806E-04    0.5371209E-04   -0.2674863E-07   -0.3331269E-07   -0.2532158E-07   -0.2381873E-07   -0.2855203E-06    0.1046225E-07    0.7159353E-07   -0.1852630E-06    0.8120939E-07   -0.8087848E-08   -0.4357233E-06   -0.8305298E-06    0.6053103E-06   -0.1633078E-07
   -0.1454380E-07    0.6611638E-07   -0.1314506E-07   -0.9738198E-06    0.1223999E-04   -0.1981262E-05   -0.5290517E-06   -0.2751840E-07    0.4389524E-02   -0.2162499E-04   -0.3280949E-03    0.3863479E-02    0.1567906E-03   -0.2573747E-02   -0.7703008E-02    0.1255074E-03    0.3542577E-05   -0.2128155E-03    0.2591862E-02    0.4665776E-02   -0.5902365E-08    0.3566838E-09    0.2420386E-06   -0.3294428E-07   -0.3944585E-06    0.1192833E-06    0.2183190E-06    0.4255329E-06    0.7829174E-06    0.1979987E-06   -0.1439178E-05   -0.3163660E-05   -0.1633078E-07    0.2107979E-05
