# omegabh2 omegach2 theta tau omegak logA ns calPlanck acib217 xi asz143 aps100 aps143 aps143217 aps217 aksz kgal100 kgal143 kgal143217 kgal217 cal0 cal2
  4.9241529E-08  -2.2627062E-07   4.6455368E-08   3.5197804E-07  -2.9126163E-07   3.7154203E-07   6.9028931E-07   4.5329971E-08  -1.6269441E-04   3.5865494E-06   4.7048821E-05  -7.9612889E-04  -5.1589373E-04  -1.5865460E-04  -5.4053264E-05  -7.2217834E-05   1.0703226E-05  -7.9594937E-06  -2.2540577E-05   3.1860471E-05   3.7869687E-09  -4.8073761E-09
 -2.2627062E-07   3.6523278E-06  -3.8020387E-07  -4.4905424E-06   4.0218221E-06  -1.5801141E-06  -8.5616482E-06  -5.2597115E-07   4.1536609E-04  -2.2121290E-05  -9.4365500E-05   1.9667672E-03   1.8373889E-03   6.3583442E-04   5.2497076E-04   2.2691967E-04   6.6281660E-06  -1.7008024E-06   8.3603236E-05  -4.9399684E-05  -3.4297630E-08   2.2787632E-09
  4.6455368E-08  -3.8020387E-07   2.2523720E-07   4.5414950E-07  -5.8249571E-07   4.5169378E-07   1.1536606E-06   9.9263218E-08  -2.0494175E-05   2.1152970E-06   1.6648790E-05  -4.8020368E-04  -2.2406653E-04  -7.7418062E-05  -8.2248847E-05  -4.1967083E-05   1.4184123E-06  -1.5746999E-05  -1.8842633E-05  -1.0403555E-05   1.0259297E-08   6.7526014E-09
  3.5197804E-07  -4.4905424E-06   4.5414950E-07   4.4602695E-05  -3.9571789E-06   7.6936381E-05   1.2884709E-05  -4.5808923E-07  -1.8884318E-03   3.0119429E-05   4.0895339E-04  -6.2255948E-03  -4.6443558E-03  -1.4160294E-03  -4.8944419E-04  -5.5979882E-04  -6.7807864E-05  -5.1282349E-04  -4.8425756E-04   1.4557246E-04   4.1152132E-08  -7.1556692E-08
 -2.9126163E-07   4.0218221E-06  -5.8249571E-07  -3.9571789E-06   6.2306840E-06   4.0598989E-07  -9.7227672E-06  -4.0982825E-07   5.0157787E-04  -2.2878301E-05  -1.2750517E-04   2.6402839E-03   2.3859719E-03   1.0075369E-03   9.5045949E-04   2.7815475E-04  -4.1339491E-05  -3.2751088E-05   2.2932293E-05  -1.6691352E-04  -4.9868480E-08  -6.5508057E-10
  3.7154203E-07  -1.5801141E-06   4.5169378E-07   7.6936381E-05   4.0598989E-07   1.7211689E-04   7.2791174E-06   1.0242934E-05  -3.0164659E-03   5.7922093E-05   6.2070638E-04  -6.3244262E-03  -4.4057789E-03   5.7896216E-04   5.0030452E-03  -1.1555639E-03  -3.1046043E-04  -1.3708150E-03  -1.3340857E-03   1.2313202E-03   1.2105025E-07  -1.9636968E-07
  6.9028931E-07  -8.5616482E-06   1.1536606E-06   1.2884709E-05  -9.7227672E-06   7.2791174E-06   3.1109077E-05   1.3930371E-06  -5.8566715E-03   1.4946726E-04   1.3706388E-03  -3.1457765E-02  -1.1047719E-02   8.4924084E-04   4.6780899E-03  -3.0940190E-03   3.3521601E-04  -4.4594937E-04  -4.0922034E-04   1.8615994E-03  -7.6611648E-08  -9.1013464E-08
  4.5329971E-08  -5.2597115E-07   9.9263218E-08  -4.5808923E-07  -4.0982825E-07   1.0242934E-05   1.3930371E-06   6.2583258E-06   6.4138287E-04   2.4281130E-06   3.0915506E-05   3.1477549E-03   1.1862012E-04  -2.3718882E-06   8.7395472E-04   1.5578263E-04   5.5888428E-05   1.2820773E-04   4.2311672E-05   7.0762929E-04  -2.1703808E-08  -3.4821812E-08
 -1.6269441E-04   4.1536609E-04  -2.0494175E-05  -1.8884318E-03   5.0157787E-04  -3.0164659E-03  -5.8566715E-03   6.4138287E-04   4.5523592E+01  -4.2918451E-01  -9.6654986E-01   4.0475768E+01   3.3921473E+00  -1.3375715E+01  -5.5755690E+01  -5.5859142E-02  -1.1376867E-01   5.8488365E-01  -5.8776920E+00  -3.3478716E+01  -1.9277491E-04   8.4088445E-04
  3.5865494E-06  -2.2121290E-05   2.1152970E-06   3.0119429E-05  -2.2878301E-05   5.7922093E-05   1.4946726E-04   2.4281130E-06  -4.2918451E-01   8.0535270E-02  -5.6228547E-02  -5.7324419E-01   7.9128880E-01   1.5303735E+00   6.2420795E-01   6.3894992E-02  -6.9199702E-03   9.6555943E-03   1.0701194E-01   1.7223052E-01   2.2418197E-06  -2.8739604E-06
  4.7048821E-05  -9.4365500E-05   1.6648790E-05   4.0895339E-04  -1.2750517E-04   6.2070638E-04   1.3706388E-03   3.0915506E-05  -9.6654986E-01  -5.6228547E-02   4.0277583E+00  -3.2036946E+01  -3.9955907E+00   7.5752710E+00   5.3510949E+00  -2.9058113E+00  -2.0159836E-01   1.2321752E-01   2.6674941E+00   3.5088076E+00   8.2207482E-05  -4.7051308E-05
 -7.9612889E-04   1.9667672E-03  -4.8020368E-04  -6.2255948E-03   2.6402839E-03  -6.3244262E-03  -3.1457765E-02   3.1477549E-03   4.0475768E+01  -5.7324419E-01  -3.2036946E+01   8.0637411E+02   7.3559563E+01  -5.7414758E+01  -6.6110369E+01   1.7407934E+01  -7.6507748E+00   5.6673480E+00  -1.3196304E+01  -2.8643203E+01   3.8142941E-03   6.8365756E-04
 -5.1589373E-04   1.8373889E-03  -2.2406653E-04  -4.6443558E-03   2.3859719E-03  -4.4057789E-03  -1.1047719E-02   1.1862012E-04   3.3921473E+00   7.9128880E-01  -3.9955907E+00   7.3559563E+01   6.2912271E+01   3.7649709E+01   1.4459197E+01  -4.5141288E+00  -7.8327159E-01  -1.3732773E+00   2.9503470E+00   3.1065784E+00   2.1520371E-05   2.5726445E-04
 -1.5865460E-04   6.3583442E-04  -7.7418062E-05  -1.4160294E-03   1.0075369E-03   5.7896216E-04   8.4924084E-04  -2.3718882E-06  -1.3375715E+01   1.5303735E+00   7.5752710E+00  -5.7414758E+01   3.7649709E+01   8.1031583E+01   5.3128791E+01  -1.2058378E+01  -1.0439944E+00  -9.2405112E-01   4.7294249E+00   8.8667508E+00   3.0438039E-04  -3.3082614E-04
 -5.4053264E-05   5.2497076E-04  -8.2248847E-05  -4.8944419E-04   9.5045949E-04   5.0030452E-03   4.6780899E-03   8.7395472E-04  -5.5755690E+01   6.2420795E-01   5.3510949E+00  -6.6110369E+01   1.4459197E+01   5.3128791E+01   1.0415616E+02  -9.3587140E+00  -6.9028521E-01  -1.5163044E+00   5.4696909E+00   3.3784694E+01   3.7109082E-04  -1.4121182E-03
 -7.2217834E-05   2.2691967E-04  -4.1967083E-05  -5.5979882E-04   2.7815475E-04  -1.1555639E-03  -3.0940190E-03   1.5578263E-04  -5.5859142E-02   6.3894992E-02  -2.9058113E+00   1.7407934E+01  -4.5141288E+00  -1.2058378E+01  -9.3587140E+00   6.2754394E+00   2.1133616E-01  -8.3147233E-02  -2.0842474E+00  -2.5498047E+00  -2.2546794E-05  -2.8981096E-05
  1.0703226E-05   6.6281660E-06   1.4184123E-06  -6.7807864E-05  -4.1339491E-05  -3.1046043E-04   3.3521601E-04   5.5888428E-05  -1.1376867E-01  -6.9199702E-03  -2.0159836E-01  -7.6507748E+00  -7.8327159E-01  -1.0439944E+00  -6.9028521E-01   2.1133616E-01   3.4575412E+00   5.7216149E-01   2.4552461E-01   4.8901653E-01   1.9478031E-04   3.1306280E-06
 -7.9594937E-06  -1.7008024E-06  -1.5746999E-05  -5.1282349E-04  -3.2751088E-05  -1.3708150E-03  -4.4594937E-04   1.2820773E-04   5.8488365E-01   9.6555943E-03   1.2321752E-01   5.6673480E+00  -1.3732773E+00  -9.2405112E-01  -1.5163044E+00  -8.3147233E-02   5.7216149E-01   3.1510719E+00   2.7796855E+00   2.8257541E+00  -1.6385904E-04  -3.9958677E-05
 -2.2540577E-05   8.3603236E-05  -1.8842633E-05  -4.8425756E-04   2.2932293E-05  -1.3340857E-03  -4.0922034E-04   4.2311672E-05  -5.8776920E+00   1.0701194E-01   2.6674941E+00  -1.3196304E+01   2.9503470E+00   4.7294249E+00   5.4696909E+00  -2.0842474E+00   2.4552461E-01   2.7796855E+00   1.0998776E+01   1.9605691E+01  -4.7562952E-05   3.9481021E-04
  3.1860471E-05  -4.9399684E-05  -1.0403555E-05   1.4557246E-04  -1.6691352E-04   1.2313202E-03   1.8615994E-03   7.0762929E-04  -3.3478716E+01   1.7223052E-01   3.5088076E+00  -2.8643203E+01   3.1065784E+00   8.8667508E+00   3.3784694E+01  -2.5498047E+00   4.8901653E-01   2.8257541E+00   1.9605691E+01   5.3634266E+01   3.2693045E-05   8.3134872E-04
  3.7869687E-09  -3.4297630E-08   1.0259297E-08   4.1152132E-08  -4.9868480E-08   1.2105025E-07  -7.6611648E-08  -2.1703808E-08  -1.9277491E-04   2.2418197E-06   8.2207482E-05   3.8142941E-03   2.1520371E-05   3.0438039E-04   3.7109082E-04  -2.2546794E-05   1.9478031E-04  -1.6385904E-04  -4.7562952E-05   3.2693045E-05   3.6935417E-07  -1.7204170E-09
 -4.8073761E-09   2.2787632E-09   6.7526014E-09  -7.1556692E-08  -6.5508057E-10  -1.9636968E-07  -9.1013464E-08  -3.4821812E-08   8.4088445E-04  -2.8739604E-06  -4.7051308E-05   6.8365756E-04   2.5726445E-04  -3.3082614E-04  -1.4121182E-03  -2.8981096E-05   3.1306280E-06  -3.9958677E-05   3.9481021E-04   8.3134872E-04  -1.7204170E-09   3.8743479E-07
