# omegabh2 omegach2 theta tau logA ns r calPlanck galfTE100 galfTE100143 galfTE100217 galfTE143 galfTE143217 galfTE217 cal0 cal2
  5.3541677E-08  -5.2359405E-08   1.6110805E-08   3.2127316E-07   1.2179061E-06   1.2485920E-06   3.2142268E-07   1.5603187E-08  -1.0036587E-07  -7.3289330E-08  -6.1639163E-08  -5.2138342E-07  -6.1450078E-07  -1.6071276E-06  -2.0665818E-09  -1.0141198E-09
 -5.2359405E-08   1.4730385E-06  -1.3816742E-08  -8.3583208E-07   2.1739349E-06  -3.3885812E-06   8.6116065E-07  -7.7685082E-08   3.7490896E-07   3.4425200E-07  -9.5632025E-07   1.8858079E-06   1.8140125E-06   1.1912943E-05  -4.6191768E-09  -6.7632390E-09
  1.6110805E-08  -1.3816742E-08   2.1785244E-07   1.8096839E-07   5.8924849E-07   4.1374730E-07  -1.1490509E-06  -3.3415730E-09  -6.6907890E-08   1.2787364E-07  -4.8000230E-07   9.4047471E-08   8.6654963E-08  -2.6725038E-07   4.2613653E-10  -2.9057509E-09
  3.2127316E-07  -8.3583208E-07   1.8096839E-07   7.1250451E-05   1.5043928E-04   1.9025500E-05   2.7465879E-06   4.6402506E-08   5.5348725E-07   6.4118625E-07  -1.1037397E-05  -1.7453037E-06   5.6376836E-06  -1.6186019E-06  -5.0273347E-08   1.3096203E-10
  1.2179061E-06   2.1739349E-06   5.8924849E-07   1.5043928E-04   3.9766952E-04   5.9835567E-05  -8.3338700E-06   1.2445195E-05   4.1784468E-06  -1.3806071E-06  -2.1558449E-05  -3.7893241E-06   1.8063878E-05   1.6564237E-04  -1.8210075E-07  -4.4251009E-08
  1.2485920E-06  -3.3885812E-06   4.1374730E-07   1.9025500E-05   5.9835567E-05   1.0329739E-04   9.6345350E-05   6.3032673E-07  -1.0293535E-05   1.1337790E-06  -8.7930770E-06  -2.5072965E-06   3.3093929E-06   3.7382391E-05  -1.1119532E-07  -1.1013458E-07
  3.2142268E-07   8.6116065E-07  -1.1490509E-06   2.7465879E-06  -8.3338700E-06   9.6345350E-05   8.1600866E-03  -1.7782880E-06   3.4754162E-05   1.2915788E-04   8.4322613E-05   3.4487490E-04   9.9501706E-05  -2.7130757E-04   7.0436345E-07  -2.3019769E-06
  1.5603187E-08  -7.7685082E-08  -3.3415730E-09   4.6402506E-08   1.2445195E-05   6.3032673E-07  -1.7782880E-06   6.0659466E-06  -5.5233687E-07  -9.8032241E-07   1.5093002E-06  -1.3170090E-06  -1.9491960E-06   1.2053256E-05  -2.2368078E-08  -3.1863905E-09
 -1.0036587E-07   3.7490896E-07  -6.6907890E-08   5.5348725E-07   4.1784468E-06  -1.0293535E-05   3.4754162E-05  -5.5233687E-07   1.4689022E-03   2.4885694E-04   1.1705226E-04  -3.6607728E-04  -1.0894947E-04   4.7359086E-05   3.2546702E-07   5.6510373E-08
 -7.3289330E-08   3.4425200E-07   1.2787364E-07   6.4118625E-07  -1.3806071E-06   1.1337790E-06   1.2915788E-04  -9.8032241E-07   2.4885694E-04   8.6506518E-04   4.9755406E-05   7.7443562E-04   5.0914926E-05  -7.3626855E-04   6.9428577E-08   1.8285201E-07
 -6.1639163E-08  -9.5632025E-07  -4.8000230E-07  -1.1037397E-05  -2.1558449E-05  -8.7930770E-06   8.4322613E-05   1.5093002E-06   1.1705226E-04   4.9755406E-05   7.0095069E-03  -2.3046836E-04   6.7442260E-04   4.2303148E-03   2.0489198E-07  -4.0911261E-07
 -5.2138342E-07   1.8858079E-06   9.4047471E-08  -1.7453037E-06  -3.7893241E-06  -2.5072965E-06   3.4487490E-04  -1.3170090E-06  -3.6607728E-04   7.7443562E-04  -2.3046836E-04   3.0332003E-03   6.4183949E-04  -1.0569019E-03   1.6304330E-07  -4.6047019E-07
 -6.1450078E-07   1.8140125E-06   8.6654963E-08   5.6376836E-06   1.8063878E-05   3.3093929E-06   9.9501706E-05  -1.9491960E-06  -1.0894947E-04   5.0914926E-05   6.7442260E-04   6.4183949E-04   6.4365599E-03   8.0227757E-03   5.7463183E-07  -1.5185760E-06
 -1.6071276E-06   1.1912943E-05  -2.6725038E-07  -1.6186019E-06   1.6564237E-04   3.7382391E-05  -2.7130757E-04   1.2053256E-05   4.7359086E-05  -7.3626855E-04   4.2303148E-03  -1.0569019E-03   8.0227757E-03   7.4087952E-02  -1.5249463E-06  -3.0507648E-06
 -2.0665818E-09  -4.6191768E-09   4.2613653E-10  -5.0273347E-08  -1.8210075E-07  -1.1119532E-07   7.0436345E-07  -2.2368078E-08   3.2546702E-07   6.9428577E-08   2.0489198E-07   1.6304330E-07   5.7463183E-07  -1.5249463E-06   4.8932071E-07   1.5847162E-09
 -1.0141198E-09  -6.7632390E-09  -2.9057509E-09   1.3096203E-10  -4.4251009E-08  -1.1013458E-07  -2.3019769E-06  -3.1863905E-09   5.6510373E-08   1.8285201E-07  -4.0911261E-07  -4.6047019E-07  -1.5185760E-06  -3.0507648E-06   1.5847162E-09   4.2104421E-07
