# omegabh2 omegach2 theta tau w logA ns calPlanck aps100 aps143 aps217 acib217 asz143 psr cibr xi aksz dust100 dust143 dust217 dust143x217 cal0 cal2
  4.0363401E-08  -1.1067085E-07   2.7632815E-08   2.4320924E-07   2.3454082E-06   3.7161840E-07   3.9327014E-07   2.1777886E-08  -6.8881136E-04  -4.8409684E-04   1.0198378E-04  -2.0962236E-04   2.9228823E-05   1.1155830E-06  -2.8963629E-06   1.4886527E-06  -4.0691755E-05   1.2389580E-06  -2.1647108E-07   1.2625756E-06  -1.0580585E-07   4.5583663E-09  -1.1550132E-08
 -1.1067085E-07   2.3314368E-06  -1.6606540E-07  -1.8856303E-06  -3.7132008E-05   1.6359960E-06  -5.1433332E-06  -1.3016969E-07   6.5153928E-04   1.0755826E-03   3.1972322E-04   1.7617674E-04  -7.8810268E-05   1.0084869E-06   1.4839704E-06   5.9628775E-06  -4.2595202E-05  -1.0075819E-06  -2.6994577E-06  -1.6772332E-06  -2.4951898E-06  -2.2120899E-08   2.4055356E-08
  2.7632815E-08  -1.6606540E-07   1.8833102E-07   2.2686307E-07   4.5920390E-06   3.2587028E-07   6.2249610E-07   4.1161266E-08   5.4129346E-05  -1.1765970E-04  -1.0038318E-04   2.5581406E-06  -1.8334651E-06  -1.0084186E-06   2.0643055E-06   7.9982159E-07   1.1513378E-05  -4.1282258E-08   8.0998413E-07   3.3584705E-07  -1.7354074E-07  -2.0983673E-11   2.7619892E-09
  2.4320924E-07  -1.8856303E-06   2.2686307E-07   4.4579841E-05   3.2556338E-05   8.4022863E-05   6.9852021E-06  -3.3382332E-07  -9.9230229E-03  -4.3517408E-03   2.6731256E-03  -2.6856103E-03   2.4529735E-04   2.4443252E-05  -5.9586028E-05   2.9629424E-05  -7.3737784E-04  -1.0873376E-06   7.2341394E-07   7.2686462E-06   3.8614542E-06  -1.2423670E-07  -3.5387869E-07
  2.3454082E-06  -3.7132008E-05   4.5920390E-06   3.2556338E-05   1.3543405E-03  -1.7904743E-05   8.5460212E-05   2.2459613E-06  -1.2680105E-02  -2.0533103E-02  -5.4067345E-04  -7.7009147E-03   1.4126356E-03  -3.5468267E-05   6.1059919E-05   1.3952939E-05   1.2043510E-03   1.7387405E-06   4.9829324E-05   6.9856196E-05  -2.3801586E-05   4.0320586E-07  -4.8734969E-07
  3.7161840E-07   1.6359960E-06   3.2587028E-07   8.4022863E-05  -1.7904743E-05   1.9965790E-04   1.0895113E-06   1.1561474E-05  -1.4429217E-02  -5.4829326E-03   1.4511150E-02  -6.8349528E-03   3.2706404E-04   9.4686251E-05  -2.0077492E-04   1.2950583E-04  -2.5442892E-03  -7.7427467E-06  -1.0366598E-04   3.2993668E-05  -1.1180581E-05   4.3176344E-07  -7.6129631E-07
  3.9327014E-07  -5.1433332E-06   6.2249610E-07   6.9852021E-06   8.5460212E-05   1.0895113E-06   2.3046614E-05   6.0508415E-07  -2.5495820E-02  -9.7461531E-03   9.1813907E-03  -6.8777434E-03   7.7500034E-04   6.7973301E-05  -1.2892382E-04   4.4085244E-05  -2.1601620E-03   2.4472584E-05  -2.0636259E-05   3.6018057E-05   4.4031523E-06  -3.0173990E-07  -4.5476737E-07
  2.1777886E-08  -1.3016969E-07   4.1161266E-08  -3.3382332E-07   2.2459613E-06   1.1561474E-05   6.0508415E-07   6.2180134E-06   2.8040622E-03   1.4993326E-04   1.4707118E-03   3.8003313E-04  -2.2122891E-05   5.9397636E-06  -1.3761201E-05   2.3622144E-06  -1.4581608E-05   4.9021968E-06  -7.6361915E-07   5.0502453E-06  -2.4511621E-07   2.9970712E-08  -5.0379414E-08
 -6.8881136E-04   6.5153928E-04   5.4129346E-05  -9.9230229E-03  -1.2680105E-02  -1.4429217E-02  -2.5495820E-02   2.8040622E-03   6.2105078E+02   6.5208052E+01  -5.6933356E+01   3.1880119E+01  -2.5301632E+01  -8.9833164E-01   5.6714219E-02  -2.4720694E-01   1.1733844E+01  -1.9742700E-01   2.3366840E-01  -2.3297452E-01  -2.7067427E-01   6.8594715E-03   3.0202069E-03
 -4.8409684E-04   1.0755826E-03  -1.1765970E-04  -4.3517408E-03  -2.0533103E-02  -5.4829326E-03  -9.7461531E-03   1.4993326E-04   6.5208052E+01   6.9784755E+01   9.4261691E+00   7.3014217E+00  -6.4695139E-01  -2.5177154E-02   4.7628899E-01   8.5005400E-01  -8.1174423E+00  -3.7544243E-02  -2.3773152E-01   4.8239518E-02   4.1052506E-02   8.8274000E-04   7.7119802E-04
  1.0198378E-04   3.1972322E-04  -1.0038318E-04   2.6731256E-03  -5.4067345E-04   1.4511150E-02   9.1813907E-03   1.4707118E-03  -5.6933356E+01   9.4261691E+00   1.7884179E+02  -8.5003676E+01   2.4239800E+00   3.7381546E-01  -1.0882059E+00   3.4922170E-01  -7.6382802E+00  -1.3733917E-02  -3.0929884E-01   5.5801533E-01   8.4870355E-03   1.7838481E-03  -7.8953987E-03
 -2.0962236E-04   1.7617674E-04   2.5581406E-06  -2.6856103E-03  -7.7009147E-03  -6.8349528E-03  -6.8777434E-03   3.8003313E-04   3.1880119E+01   7.3014217E+00  -8.5003676E+01   5.3226326E+01   1.7645179E+00  -6.4770634E-02   7.5317056E-01  -2.5912969E-01  -2.4957427E+00   1.3797541E-02   1.7608374E-01  -4.5456138E-01  -1.2858411E-01  -5.8455023E-04   3.2686028E-03
  2.9228823E-05  -7.8810268E-05  -1.8334651E-06   2.4529735E-04   1.4126356E-03   3.2706404E-04   7.7500034E-04  -2.2122891E-05  -2.5301632E+01  -6.4695139E-01   2.4239800E+00   1.7645179E+00   4.3090562E+00   1.0072168E-01   1.4442260E-01  -4.7097943E-02  -3.5340376E+00   1.6055822E-03  -4.7518227E-03   7.1836063E-03   5.3445677E-02   4.4971494E-04  -1.9567460E-04
  1.1155830E-06   1.0084869E-06  -1.0084186E-06   2.4443252E-05  -3.5468267E-05   9.4686251E-05   6.7973301E-05   5.9397636E-06  -8.9833164E-01  -2.5177154E-02   3.7381546E-01  -6.4770634E-02   1.0072168E-01   1.6544780E-02  -1.7229485E-02   1.1801909E-02  -1.0546415E-01  -5.2656624E-04  -1.5879444E-03  -2.4328263E-03   5.6531357E-03   1.7504685E-05  -3.5929842E-05
 -2.8963629E-06   1.4839704E-06   2.0643055E-06  -5.9586028E-05   6.1059919E-05  -2.0077492E-04  -1.2892382E-04  -1.3761201E-05   5.6714219E-02   4.7628899E-01  -1.0882059E+00   7.5317056E-01   1.4442260E-01  -1.7229485E-02   6.6690340E-02   3.3714761E-03  -1.4449909E-01   1.2767579E-03   7.2089606E-03  -7.3380838E-04  -1.8487111E-02  -8.5319545E-06   9.3756020E-05
  1.4886527E-06   5.9628775E-06   7.9982159E-07   2.9629424E-05   1.3952939E-05   1.2950583E-04   4.4085244E-05   2.3622144E-06  -2.4720694E-01   8.5005400E-01   3.4922170E-01  -2.5912969E-01  -4.7097943E-02   1.1801909E-02   3.3714761E-03   8.1626019E-02   4.1111889E-02  -4.9700786E-04  -1.2780772E-04   1.0822068E-03   8.9738818E-04   1.2402269E-05  -3.2218355E-06
 -4.0691755E-05  -4.2595202E-05   1.1513378E-05  -7.3737784E-04   1.2043510E-03  -2.5442892E-03  -2.1601620E-03  -1.4581608E-05   1.1733844E+01  -8.1174423E+00  -7.6382802E+00  -2.4957427E+00  -3.5340376E+00  -1.0546415E-01  -1.4449909E-01   4.1111889E-02   7.4886356E+00  -1.1184524E-02   2.7938688E-03  -3.8084736E-03  -4.7075607E-02  -3.8021256E-04   6.9703883E-05
  1.2389580E-06  -1.0075819E-06  -4.1282258E-08  -1.0873376E-06   1.7387405E-06  -7.7427467E-06   2.4472584E-05   4.9021968E-06  -1.9742700E-01  -3.7544243E-02  -1.3733917E-02   1.3797541E-02   1.6055822E-03  -5.2656624E-04   1.2767579E-03  -4.9700786E-04  -1.1184524E-02   3.7771566E-02   3.0410309E-03  -3.7854225E-05   2.5341417E-04   3.6826765E-05  -3.3811533E-06
 -2.1647108E-07  -2.6994577E-06   8.0998413E-07   7.2341394E-07   4.9829324E-05  -1.0366598E-04  -2.0636259E-05  -7.6361915E-07   2.3366840E-01  -2.3773152E-01  -3.0929884E-01   1.7608374E-01  -4.7518227E-03  -1.5879444E-03   7.2089606E-03  -1.2780772E-04   2.7938688E-03   3.0410309E-03   3.0579293E-02  -8.3031416E-04   5.0213642E-03  -8.1354509E-05  -4.1009592E-05
  1.2625756E-06  -1.6772332E-06   3.3584705E-07   7.2686462E-06   6.9856196E-05   3.2993668E-05   3.6018057E-05   5.0502453E-06  -2.3297452E-01   4.8239518E-02   5.5801533E-01  -4.5456138E-01   7.1836063E-03  -2.4328263E-03  -7.3380838E-04   1.0822068E-03  -3.8084736E-03  -3.7854225E-05  -8.3031416E-04   1.0711100E-02   8.7352917E-03   4.2378285E-06   6.2747888E-05
 -1.0580585E-07  -2.4951898E-06  -1.7354074E-07   3.8614542E-06  -2.3801586E-05  -1.1180581E-05   4.4031523E-06  -2.4511621E-07  -2.7067427E-01   4.1052506E-02   8.4870355E-03  -1.2858411E-01   5.3445677E-02   5.6531357E-03  -1.8487111E-02   8.9738818E-04  -4.7075607E-02   2.5341417E-04   5.0213642E-03   8.7352917E-03   2.6936880E-02  -3.1183838E-06   6.1264531E-05
  4.5583663E-09  -2.2120899E-08  -2.0983673E-11  -1.2423670E-07   4.0320586E-07   4.3176344E-07  -3.0173990E-07   2.9970712E-08   6.8594715E-03   8.8274000E-04   1.7838481E-03  -5.8455023E-04   4.4971494E-04   1.7504685E-05  -8.5319545E-06   1.2402269E-05  -3.8021256E-04   3.6826765E-05  -8.1354509E-05   4.2378285E-06  -3.1183838E-06   1.1265261E-06   4.9771161E-08
 -1.1550132E-08   2.4055356E-08   2.7619892E-09  -3.5387869E-07  -4.8734969E-07  -7.6129631E-07  -4.5476737E-07  -5.0379414E-08   3.0202069E-03   7.7119802E-04  -7.8953987E-03   3.2686028E-03  -1.9567460E-04  -3.5929842E-05   9.3756020E-05  -3.2218355E-06   6.9703883E-05  -3.3811533E-06  -4.1009592E-05   6.2747888E-05   6.1264531E-05   4.9771161E-08   2.4805188E-06
