# omegabh2 omegach2 theta mnu logA ns
    0.8299309E-06    0.2268509E-05    0.1021394E-05    0.3189587E-04   -0.7275941E-05    0.2156158E-06
    0.2268509E-05    0.9711108E-03    0.1198140E-02    0.3134801E-01   -0.4036980E-02   -0.7363270E-04
    0.1021394E-05    0.1198140E-02    0.1580434E-02    0.4277387E-01   -0.4627492E-02   -0.4466126E-04
    0.3189587E-04    0.3134801E-01    0.4277387E-01    0.1332972E+01   -0.1099706E+00    0.8126731E-03
   -0.7275941E-05   -0.4036980E-02   -0.4627492E-02   -0.1099706E+00    0.1983777E-01    0.7764833E-03
    0.2156158E-06   -0.7363270E-04   -0.4466126E-04    0.8126731E-03    0.7764833E-03    0.3904478E-03
