# omegabh2 omegach2 theta tau meffsterile nnu logA ns calPlanck aps100 aps143 aps217 acib217 asz143 psr cibr xi aksz dust100 dust143 dust217 dust143x217 cal0 cal2 calTE calEE
  2.4569396E-08   9.0007416E-08  -7.3240266E-10   1.6599086E-07  -2.0280789E-06   7.1329051E-06   5.6953348E-07   4.3120564E-07   2.6598218E-08  -1.4991883E-04  -1.5641202E-04   5.9162120E-06  -5.8147288E-05   7.1317112E-06  -1.6108139E-07  -3.0221155E-07  -2.4515909E-07  -4.5229860E-06   4.0046640E-07   5.4843259E-08   1.0249630E-06   4.6372292E-07   2.8007117E-09   6.7383379E-09  -5.7830699E-08  -1.7054623E-07
  9.0007416E-08   1.3964274E-05  -6.2080915E-07  -5.6178838E-07  -7.2401536E-04   3.1093909E-04   1.3913072E-05   1.1117520E-05  -2.8026007E-07   9.5394688E-03   4.5434463E-03  -4.6706691E-03   3.6197759E-03  -4.3614055E-04  -3.4707964E-05   6.3689879E-05  -4.2493630E-05   6.8607928E-04   1.5920013E-05   1.2523694E-05  -1.5907439E-05  -4.4573111E-06  -3.9308206E-08   4.0970043E-07   2.2234027E-06   4.2703892E-06
 -7.3240266E-10  -6.2080915E-07   1.2574576E-07   5.8142096E-08   1.8154346E-05  -2.2521136E-05  -8.1338184E-07  -5.7421700E-07   1.5575278E-08  -4.6164122E-04  -3.0733728E-04   2.6407106E-04  -2.4468149E-04   1.9774748E-05   1.7551918E-06  -5.6141865E-06   2.1802719E-06  -4.4451776E-05  -7.4171250E-07  -1.3142833E-06   1.3454721E-06   1.1924948E-06   6.4415109E-09  -2.3180583E-08  -2.1116525E-07  -2.9925282E-07
  1.6599086E-07  -5.6178838E-07   5.8142096E-08   4.6990848E-05   2.2802927E-05   3.6601913E-05   9.1928586E-05   5.7678468E-06  -3.2797430E-07  -8.3134422E-03  -4.0084032E-03   3.6590284E-03  -2.8600241E-03   2.4696211E-04   3.4562633E-05  -7.0744776E-05   1.6586835E-05  -4.2359633E-04  -3.4395042E-06   1.1088416E-05   1.6738040E-05   1.7915157E-05  -4.7751411E-08  -2.0244909E-07  -3.5697020E-06  -1.6788998E-06
 -2.0280789E-06  -7.2401536E-04   1.8154346E-05   2.2802927E-05   5.4960881E-02  -8.1919255E-03  -3.8270592E-04  -4.9222067E-04   1.7623365E-05  -3.3778450E-01  -1.2829993E-01   2.0825526E-01  -1.2556343E-01   1.5018620E-02   1.3604018E-03  -1.6849408E-03   1.2716680E-03  -1.2130408E-02  -6.7387532E-04  -1.0695107E-04   7.6083665E-04   2.8709189E-04  -1.3971715E-06  -9.7809730E-06  -7.9732245E-05  -1.7150371E-04
  7.1329051E-06   3.1093909E-04  -2.2521136E-05   3.6601913E-05  -8.1919255E-03   1.3332101E-02   5.8303704E-04   4.7663413E-04   1.4122514E-06   3.3351312E-01   1.5732727E-01  -1.4107302E-01   1.2232170E-01  -1.4815922E-02  -1.1737353E-03   2.4545740E-03  -1.5243044E-03   3.3609827E-02   2.8030461E-04   5.5662487E-04  -3.3446247E-04   4.7775184E-05  -1.5069405E-06   1.6741430E-05   9.2738546E-05   1.7179902E-04
  5.6953348E-07   1.3913072E-05  -8.1338184E-07   9.1928586E-05  -3.8270592E-04   5.8303704E-04   2.3389188E-04   2.4480280E-05   1.1718326E-05   1.0022785E-03  -1.5408140E-04   1.1281636E-02  -3.0345119E-03   1.8785349E-05   5.4195442E-05  -9.9702063E-05  -4.7244738E-06  -4.4388907E-04  -5.1845873E-06  -5.1464925E-05   4.5693628E-05   2.1652119E-05   5.7202731E-07   6.5810051E-08  -4.6969221E-06   3.6382954E-06
  4.3120564E-07   1.1117520E-05  -5.7421700E-07   5.7678468E-06  -4.9222067E-04   4.7663413E-04   2.4480280E-05   3.2923038E-05   4.1617949E-07  -1.0566861E-02  -1.5029733E-03   3.5306998E-03  -1.7246775E-03  -3.4047599E-06   9.1556036E-06  -1.0772574E-05   2.1438042E-06  -6.2811329E-04   1.3339997E-05  -4.0760165E-07   1.9854868E-05  -5.0521126E-06  -3.1005930E-07   1.5243409E-07   3.0745349E-06   3.4723336E-06
  2.6598218E-08  -2.8026007E-07   1.5575278E-08  -3.2797430E-07   1.7623365E-05   1.4122514E-06   1.1718326E-05   4.1617949E-07   6.2589469E-06   2.3974742E-03   2.9797353E-05   2.0166536E-03   5.9905771E-06   3.9475370E-05   3.1554643E-06  -3.2136570E-06   4.5370412E-06   9.5816714E-05  -3.4720936E-06   2.5167097E-06   7.5842076E-06   6.9797899E-07   4.6660423E-08  -1.2069095E-07  -5.2160036E-07  -5.2937268E-07
 -1.4991883E-04   9.5394688E-03  -4.6164122E-04  -8.3134422E-03  -3.3778450E-01   3.3351312E-01   1.0022785E-03  -1.0566861E-02   2.3974742E-03   6.2732665E+02   6.4926608E+01  -6.2377851E+01   3.2662893E+01  -2.5900165E+01  -8.6297336E-01  -5.9215685E-02  -1.3389545E-01   1.2675020E+01  -1.9827152E-01   1.9519092E-01  -2.2471134E-01  -2.0164418E-01   6.8101951E-03   3.9257787E-03   5.3313296E-03   1.2553716E-02
 -1.5641202E-04   4.5434463E-03  -3.0733728E-04  -4.0084032E-03  -1.2829993E-01   1.5732727E-01  -1.5408140E-04  -1.5029733E-03   2.9797353E-05   6.4926608E+01   6.8085959E+01   6.1648054E+00   7.9307662E+00  -7.6580294E-01  -1.4167077E-02   4.5365478E-01   9.0069077E-01  -7.6937683E+00  -2.5795131E-02  -2.3507300E-01   4.5331976E-02   6.1442141E-02   9.8192101E-04   1.1171547E-03   4.5316931E-03   7.7485119E-03
  5.9162120E-06  -4.6706691E-03   2.6407106E-04   3.6590284E-03   2.0825526E-01  -1.4107302E-01   1.1281636E-02   3.5306998E-03   2.0166536E-03  -6.2377851E+01   6.1648054E+00   1.7644038E+02  -8.4603897E+01   2.8252184E+00   3.2816873E-01  -1.0119013E+00   3.1622876E-01  -7.6243695E+00  -3.9080557E-02  -2.9480879E-01   5.7793890E-01   9.4262410E-03   1.8711891E-03  -7.8558412E-03   1.6086241E-03   3.5244332E-04
 -5.8147288E-05   3.6197759E-03  -2.4468149E-04  -2.8600241E-03  -1.2556343E-01   1.2232170E-01  -3.0345119E-03  -1.7246775E-03   5.9905771E-06   3.2662893E+01   7.9307662E+00  -8.4603897E+01   5.3330326E+01   1.6569580E+00  -3.7169039E-02   7.2024523E-01  -2.4220108E-01  -2.3937444E+00   1.1503942E-02   1.7472939E-01  -4.7012492E-01  -1.3213763E-01  -6.3953699E-04   3.2397097E-03   2.0285596E-04   2.5353539E-03
  7.1317112E-06  -4.3614055E-04   1.9774748E-05   2.4696211E-04   1.5018620E-02  -1.4815922E-02   1.8785349E-05  -3.4047599E-06   3.9475370E-05  -2.5900165E+01  -7.6580294E-01   2.8252184E+00   1.6569580E+00   4.3994351E+00   1.0625744E-01   1.4578008E-01  -4.2535210E-02  -3.6317485E+00  -2.1586179E-04  -3.3730598E-03   7.0303730E-03   5.2072316E-02   4.5804053E-04  -2.5214135E-04  -3.7825314E-04  -4.1163507E-04
 -1.6108139E-07  -3.4707964E-05   1.7551918E-06   3.4562633E-05   1.3604018E-03  -1.1737353E-03   5.4195442E-05   9.1556036E-06   3.1554643E-06  -8.6297336E-01  -1.4167077E-02   3.2816873E-01  -3.7169039E-02   1.0625744E-01   1.5779789E-02  -1.5836552E-02   1.1433071E-02  -1.0765348E-01  -1.5982380E-04  -1.2377449E-03  -2.5795441E-03   5.1968797E-03   1.8830922E-05  -3.5284072E-05   2.6329413E-06  -4.6171079E-06
 -3.0221155E-07   6.3689879E-05  -5.6141865E-06  -7.0744776E-05  -1.6849408E-03   2.4545740E-03  -9.9702063E-05  -1.0772574E-05  -3.2136570E-06  -5.9215685E-02   4.5365478E-01  -1.0119013E+00   7.2024523E-01   1.4578008E-01  -1.5836552E-02   6.5847835E-02   4.7745873E-03  -1.4949636E-01   4.7657867E-04   6.9879412E-03  -7.1149528E-04  -1.8104676E-02  -1.0169436E-05   8.9539518E-05   3.4681849E-07   2.7890918E-05
 -2.4515909E-07  -4.2493630E-05   2.1802719E-06   1.6586835E-05   1.2716680E-03  -1.5243044E-03  -4.7244738E-06   2.1438042E-06   4.5370412E-06  -1.3389545E-01   9.0069077E-01   3.1622876E-01  -2.4220108E-01  -4.2535210E-02   1.1433071E-02   4.7745873E-03   8.2473077E-02   3.8864258E-02  -8.0111587E-05   5.8246906E-04   1.2447500E-03   1.1869644E-03   1.5802628E-05  -2.0258623E-06   3.0499529E-05   2.9053340E-06
 -4.5229860E-06   6.8607928E-04  -4.4451776E-05  -4.2359633E-04  -1.2130408E-02   3.3609827E-02  -4.4388907E-04  -6.2811329E-04   9.5816714E-05   1.2675020E+01  -7.6937683E+00  -7.6243695E+00  -2.3937444E+00  -3.6317485E+00  -1.0765348E-01  -1.4949636E-01   3.8864258E-02   7.4238726E+00   3.9704151E-03   6.3798651E-03  -3.9622908E-03  -4.3720073E-02  -4.0955476E-04   9.1100472E-05  -8.0384865E-05   5.5800452E-05
  4.0046640E-07   1.5920013E-05  -7.4171250E-07  -3.4395042E-06  -6.7387532E-04   2.8030461E-04  -5.1845873E-06   1.3339997E-05  -3.4720936E-06  -1.9827152E-01  -2.5795131E-02  -3.9080557E-02   1.1503942E-02  -2.1586179E-04  -1.5982380E-04   4.7657867E-04  -8.0111587E-05   3.9704151E-03   3.7993596E-02   2.3994599E-03   1.9316783E-04   7.1949983E-04   3.6777958E-05   2.8968050E-06  -2.4048346E-05  -1.6101652E-05
  5.4843259E-08   1.2523694E-05  -1.3142833E-06   1.1088416E-05  -1.0695107E-04   5.5662487E-04  -5.1464925E-05  -4.0760165E-07   2.5167097E-06   1.9519092E-01  -2.3507300E-01  -2.9480879E-01   1.7472939E-01  -3.3730598E-03  -1.2377449E-03   6.9879412E-03   5.8246906E-04   6.3798651E-03   2.3994599E-03   3.0469617E-02  -7.7448932E-04   5.1538242E-03  -8.5292211E-05  -3.7498974E-05  -8.6711044E-05  -8.8840656E-05
  1.0249630E-06  -1.5907439E-05   1.3454721E-06   1.6738040E-05   7.6083665E-04  -3.3446247E-04   4.5693628E-05   1.9854868E-05   7.5842076E-06  -2.2471134E-01   4.5331976E-02   5.7793890E-01  -4.7012492E-01   7.0303730E-03  -2.5795441E-03  -7.1149528E-04   1.2447500E-03  -3.9622908E-03   1.9316783E-04  -7.7448932E-04   1.0917940E-02   8.8598969E-03   4.9303158E-06   6.1462788E-05  -1.1418396E-06  -2.3105509E-05
  4.6372292E-07  -4.4573111E-06   1.1924948E-06   1.7915157E-05   2.8709189E-04   4.7775184E-05   2.1652119E-05  -5.0521126E-06   6.9797899E-07  -2.0164418E-01   6.1442141E-02   9.4262410E-03  -1.3213763E-01   5.2072316E-02   5.1968797E-03  -1.8104676E-02   1.1869644E-03  -4.3720073E-02   7.1949983E-04   5.1538242E-03   8.8598969E-03   2.6626374E-02  -2.4990817E-06   6.2467725E-05  -2.5275400E-05  -2.6999976E-05
  2.8007117E-09  -3.9308206E-08   6.4415109E-09  -4.7751411E-08  -1.3971715E-06  -1.5069405E-06   5.7202731E-07  -3.1005930E-07   4.6660423E-08   6.8101951E-03   9.8192101E-04   1.8711891E-03  -6.3953699E-04   4.5804053E-04   1.8830922E-05  -1.0169436E-05   1.5802628E-05  -4.0955476E-04   3.6777958E-05  -8.5292211E-05   4.9303158E-06  -2.4990817E-06   1.1335063E-06   4.5603020E-08   3.4128831E-07   6.4824361E-07
  6.7383379E-09   4.0970043E-07  -2.3180583E-08  -2.0244909E-07  -9.7809730E-06   1.6741430E-05   6.5810051E-08   1.5243409E-07  -1.2069095E-07   3.9257787E-03   1.1171547E-03  -7.8558412E-03   3.2397097E-03  -2.5214135E-04  -3.5284072E-05   8.9539518E-05  -2.0258623E-06   9.1100472E-05   2.8968050E-06  -3.7498974E-05   6.1462788E-05   6.2467725E-05   4.5603020E-08   2.4453381E-06   3.2632753E-07   3.7420712E-07
 -5.7830699E-08   2.2234027E-06  -2.1116525E-07  -3.5697020E-06  -7.9732245E-05   9.2738546E-05  -4.6969221E-06   3.0745349E-06  -5.2160036E-07   5.3313296E-03   4.5316931E-03   1.6086241E-03   2.0285596E-04  -3.7825314E-04   2.6329413E-06   3.4681849E-07   3.0499529E-05  -8.0384865E-05  -2.4048346E-05  -8.6711044E-05  -1.1418396E-06  -2.5275400E-05   3.4128831E-07   3.2632753E-07   2.5255021E-05   9.8869165E-06
 -1.7054623E-07   4.2703892E-06  -2.9925282E-07  -1.6788998E-06  -1.7150371E-04   1.7179902E-04   3.6382954E-06   3.4723336E-06  -5.2937268E-07   1.2553716E-02   7.7485119E-03   3.5244332E-04   2.5353539E-03  -4.1163507E-04  -4.6171079E-06   2.7890918E-05   2.9053340E-06   5.5800452E-05  -1.6101652E-05  -8.8840656E-05  -2.3105509E-05  -2.6999976E-05   6.4824361E-07   3.7420712E-07   9.8869165E-06   2.6527541E-05
