# omegabh2 omegach2 theta tau logA ns nrun r calPlanck BBdust BBsync BBalphadust BBbetadust BBalphasync BBbetasync BBdustsynccorr aps100 aps143 aps217 acib217 asz143 psr cibr xi aksz dust100 dust143 dust217 dust143x217 cal0 cal2 calTE calEE
  2.5401730E-08  -7.9224865E-08   1.4949911E-08   3.2971263E-07   6.5766735E-07   2.0687282E-07  -2.8703201E-07   1.8744684E-07   2.6752348E-08  -7.2844255E-07  -5.7839016E-07   6.9309153E-07  -1.0733631E-07   1.0222469E-07  -2.5508866E-07  -4.3830604E-07  -2.0868850E-04  -1.5374204E-04   3.3655472E-05  -7.3894441E-05   1.2167922E-05   3.6588126E-07  -8.8920808E-07   7.9138683E-07  -1.8962326E-05   8.2641193E-07  -4.9794272E-07   6.9461915E-07   2.3034365E-07   5.4709567E-09   6.4560650E-11  -1.0813519E-07  -2.5639794E-07
 -7.9224865E-08   1.4463170E-06  -1.1747174E-07  -3.2200487E-06  -3.7287702E-06  -3.4570099E-06  -7.4509420E-07  -1.5303576E-06  -3.5123274E-07  -2.3365573E-06  -1.9678452E-06  -7.0229590E-06   1.4728029E-06  -2.9516261E-06   9.7700104E-07  -6.4330501E-08   1.4711623E-03   9.1295029E-04  -4.3595650E-04   4.7846812E-04  -7.0973029E-05  -3.8198464E-06   5.3427629E-06  -1.2466794E-05   1.8906866E-04  -1.4811916E-06   8.7850167E-06  -2.5023073E-06   3.6586236E-06  -4.9457796E-08   2.1905850E-08  -3.0134562E-07  -7.2134878E-07
  1.4949911E-08  -1.1747174E-07   9.1804782E-08   3.3854106E-07   5.7170127E-07   3.8429999E-07   1.9891691E-08   8.1274579E-08   3.4676905E-08  -8.9714636E-08   8.5384493E-07   7.3873562E-07  -3.7981670E-08   1.2735676E-06   1.8183203E-07   1.9014736E-07  -1.5277148E-04  -7.0227773E-05   7.3304083E-07  -3.8152338E-05   3.7517850E-06   1.5816222E-07   4.8518391E-08   1.5846985E-06  -7.5043273E-06   1.1064440E-07  -4.6598027E-07   5.9634052E-07  -1.5332828E-07   3.2222885E-09   4.0069446E-09  -3.8771174E-08   4.0497543E-08
  3.2971263E-07  -3.2200487E-06   3.3854106E-07   4.7330041E-05   8.6845013E-05   8.6549100E-06  -7.4092833E-06   1.2480193E-06  -6.1819613E-07  -5.8411243E-05  -2.9454789E-07  -2.9871231E-05   9.7112621E-06  -8.0708752E-06  -4.8756787E-06   3.6023493E-06  -4.1989154E-03  -1.7596852E-03  -1.0568262E-03  -5.7671436E-04  -1.7148218E-05  -1.1982053E-05   1.5064367E-05   3.4033463E-05  -5.9078716E-05   2.0880175E-05   3.4287785E-06   2.8041220E-06  -1.1307537E-05  -1.1975448E-07  -8.3683060E-08  -3.0088019E-06  -1.5688498E-06
  6.5766735E-07  -3.7287702E-06   5.7170127E-07   8.6845013E-05   1.9258408E-04   7.1851740E-06  -2.5856541E-05   3.0095583E-07   9.9527577E-06  -1.2315173E-04  -3.7449490E-05  -1.0207355E-04   3.0564179E-05  -1.4687679E-05   9.9722282E-06  -1.4941650E-05   8.1926052E-03   3.0274163E-03   1.0557028E-03   1.1451754E-03  -3.7954650E-04  -3.7642873E-05   4.3098228E-05   4.5058681E-05   2.1047025E-05   3.7118800E-05  -4.1838959E-05   1.5049307E-05  -1.9438762E-05   3.0706446E-07   9.9264265E-09  -7.3645883E-06  -2.8105925E-06
  2.0687282E-07  -3.4570099E-06   3.8429999E-07   8.6549100E-06   7.1851740E-06   1.9868057E-05   1.0115448E-05   6.7826739E-06   7.9410655E-07   1.1663724E-05   2.5937914E-06   1.4393716E-05  -3.0553530E-06   1.4486146E-05  -7.2365624E-06  -7.3637921E-06  -3.0852060E-02  -1.1131714E-02   1.1997949E-02  -8.8768087E-03   8.2233819E-04   8.5018397E-05  -1.4621534E-04   1.1002904E-04  -2.7181832E-03   1.1853364E-05  -5.0735568E-05   4.1927629E-05  -2.5546367E-05  -3.0677365E-07  -5.7943337E-07   7.0680480E-07  -2.1149725E-06
 -2.8703201E-07  -7.4509420E-07   1.9891691E-08  -7.4092833E-06  -2.5856541E-05   1.0115448E-05   4.7606919E-05  -2.4069518E-05   4.6906523E-07   4.2952933E-05   4.9563784E-05   2.5779292E-05  -1.9991278E-05   1.7749495E-05   3.0728468E-05   4.3139860E-05  -3.4318442E-02  -1.6813685E-02   1.2434320E-02  -1.0752415E-02   1.2099991E-03   1.0711743E-04  -1.9905478E-04   1.0649636E-04  -3.0069581E-03  -5.2310386E-05  -6.1375280E-05   3.9627283E-05  -3.1636131E-05  -9.8095280E-08  -8.0955709E-07   3.3382687E-06   1.3999296E-06
  1.8744684E-07  -1.5303576E-06   8.1274579E-08   1.2480193E-06   3.0095583E-07   6.7826739E-06  -2.4069518E-05   4.3119896E-04  -8.5777858E-07  -4.5586085E-04  -9.4315667E-04  -1.1729201E-04   3.4497065E-04   4.9871170E-05  -1.6105327E-04  -9.2226817E-04   7.8109976E-03   4.1985449E-03   3.7349035E-04   1.0302659E-03  -6.0525968E-04  -5.2101897E-06   1.8554739E-05  -4.4431354E-05   5.3181931E-04  -2.1967446E-05  -8.5847088E-06  -1.9535728E-05  -3.3523340E-05   8.4426776E-08   1.1373989E-08  -1.0534345E-06  -7.7226855E-08
  2.6752348E-08  -3.5123274E-07   3.4676905E-08  -6.1819613E-07   9.9527577E-06   7.9410655E-07   4.6906523E-07  -8.5777858E-07   6.0455401E-06  -2.4428164E-06  -6.9162031E-06  -9.6302805E-06   2.1656139E-06   3.0133655E-06   1.0728387E-05  -8.2224265E-06   3.3194614E-03   1.2432520E-04   8.7451777E-04   6.0190521E-04  -7.8809357E-06  -5.4359209E-06   5.7337148E-06  -2.5401126E-06  -6.3155552E-06   2.3801457E-06   5.6897648E-06   5.7187663E-06  -1.8761431E-06  -1.2246153E-08  -3.2227384E-08  -2.0814482E-07  -4.6541496E-08
 -7.2844255E-07  -2.3365573E-06  -8.9714636E-08  -5.8411243E-05  -1.2315173E-04   1.1663724E-05   4.2952933E-05  -4.5586085E-04  -2.4428164E-06   1.0765354E+00   2.7648835E-02  -1.1743740E-01   4.5034186E-02   2.6824363E-03   6.1221922E-03  -8.7151743E-03   9.5619666E-02   1.1767953E-02  -3.0129120E-02   3.6725813E-02  -1.5439582E-02  -6.0712867E-04  -2.0122170E-04   4.7775569E-04  -8.4909411E-03  -2.4986759E-04  -9.9168232E-04  -6.7731492E-04  -1.1905329E-03   4.5158229E-06   8.8341698E-06   3.2965232E-05   1.9340178E-05
 -5.7839016E-07  -1.9678452E-06   8.5384493E-07  -2.9454789E-07  -3.7449490E-05   2.5937914E-06   4.9563784E-05  -9.4315667E-04  -6.9162031E-06   2.7648835E-02   1.1403097E+00  -3.0297788E-03  -2.1881156E-03   1.8039417E-02  -3.9508087E-02   4.6623599E-02   3.7289765E-02   4.5141941E-02   3.4341980E-02  -1.3907222E-02  -1.0187858E-02   3.0945945E-04  -2.1677926E-03  -1.8743880E-04   3.7194966E-03   1.4858035E-03  -6.8218762E-04  -2.9795619E-04   4.0220579E-04   3.0334645E-06  -9.4818939E-06   2.5774607E-05  -1.0444919E-05
  6.9309153E-07  -7.0229590E-06   7.3873562E-07  -2.9871231E-05  -1.0207355E-04   1.4393716E-05   2.5779292E-05  -1.1729201E-04  -9.6302805E-06  -1.1743740E-01  -3.0297788E-03   5.9479846E-02  -2.3310224E-04   5.8297618E-04   4.5793012E-04  -1.6179100E-04  -1.0813494E-02  -3.1061279E-02  -9.6374956E-03  -6.1059730E-03   1.5996551E-03   1.3376786E-04   2.1575063E-04   4.0303016E-05   4.8890257E-03   2.0035872E-04   4.6111711E-04  -2.2288688E-05  -1.6096644E-04  -9.6788725E-07  -2.8074659E-06   2.1511788E-08  -1.0659728E-05
 -1.0733631E-07   1.4728029E-06  -3.7981670E-08   9.7112621E-06   3.0564179E-05  -3.0553530E-06  -1.9991278E-05   3.4497065E-04   2.1656139E-06   4.5034186E-02  -2.1881156E-03  -2.3310224E-04   9.3933071E-03   3.7056688E-04  -1.2702672E-03   5.8386276E-04   2.5496129E-02   8.5950464E-03   1.6570589E-04   1.9024808E-03  -1.1266632E-03  -1.2068170E-04   2.8465084E-04  -2.7612899E-06   1.5781728E-03   1.8953728E-05  -5.2331102E-05  -1.8758476E-05  -1.5474886E-04   9.2036662E-07  -4.8141049E-08   4.8363715E-06   2.0759352E-06
  1.0222469E-07  -2.9516261E-06   1.2735676E-06  -8.0708752E-06  -1.4687679E-05   1.4486146E-05   1.7749495E-05   4.9871170E-05   3.0133655E-06   2.6824363E-03   1.8039417E-02   5.8297618E-04   3.7056688E-04   8.2142182E-02  -5.4879253E-04   4.8072391E-04  -7.4424568E-02  -1.5960926E-02   3.5316800E-02  -2.8098632E-02  -9.6823231E-04   2.6666433E-04  -8.5277364E-04  -1.8811067E-04   4.2881749E-03   2.7143366E-04  -3.0983300E-04   2.9623250E-04   4.3514513E-04   1.3791306E-06  -2.5266352E-07  -3.0980273E-06   1.6339911E-05
 -2.5508866E-07   9.7700104E-07   1.8183203E-07  -4.8756787E-06   9.9722282E-06  -7.2365624E-06   3.0728468E-05  -1.6105327E-04   1.0728387E-05   6.1221922E-03  -3.9508087E-02   4.5793012E-04  -1.2702672E-03  -5.4879253E-04   7.4657554E-02  -5.5296217E-03  -4.3664811E-02  -5.1491988E-03   2.1457485E-02  -1.1806054E-02  -6.4162794E-04   3.6493598E-05  -1.0965439E-04  -2.9917789E-04   1.1055108E-03   1.6803266E-04   4.5640119E-05  -7.8494840E-05  -2.8333577E-04   8.0574041E-07  -3.2919474E-06   8.7647352E-06   1.0359784E-05
 -4.3830604E-07  -6.4330501E-08   1.9014736E-07   3.6023493E-06  -1.4941650E-05  -7.3637921E-06   4.3139860E-05  -9.2226817E-04  -8.2224265E-06  -8.7151743E-03   4.6623599E-02  -1.6179100E-04   5.8386276E-04   4.8072391E-04  -5.5296217E-03   7.9375487E-02  -2.5519790E-02  -2.5746589E-03   4.5454365E-02  -2.2360446E-02   4.1644397E-03  -3.3368684E-04   9.3326585E-04   7.3232831E-05  -3.5031214E-03  -2.9059710E-05   1.0286001E-04   1.8689341E-04  -3.4602791E-04   2.0234158E-06  -3.1865289E-06  -5.8927726E-06   4.7634367E-06
 -2.0868850E-04   1.4711623E-03  -1.5277148E-04  -4.1989154E-03   8.1926052E-03  -3.0852060E-02  -3.4318442E-02   7.8109976E-03   3.3194614E-03   9.5619666E-02   3.7289765E-02  -1.0813494E-02   2.5496129E-02  -7.4424568E-02  -4.3664811E-02  -2.5519790E-02   6.3258839E+02   6.8814586E+01  -6.1865390E+01   3.6742468E+01  -2.5813722E+01  -9.1028312E-01  -1.9844482E-02  -3.6638276E-01   1.3196116E+01  -1.5374370E-01   3.1085539E-01  -2.6619152E-01  -1.8120970E-01   6.9284544E-03   3.6913223E-03  -6.5123157E-04   7.4849459E-03
 -1.5374204E-04   9.1295029E-04  -7.0227773E-05  -1.7596852E-03   3.0274163E-03  -1.1131714E-02  -1.6813685E-02   4.1985449E-03   1.2432520E-04   1.1767953E-02   4.5141941E-02  -3.1061279E-02   8.5950464E-03  -1.5960926E-02  -5.1491988E-03  -2.5746589E-03   6.8814586E+01   7.1410808E+01   3.9120584E+00   1.0332229E+01  -7.7524005E-01  -5.2559413E-02   5.1550485E-01   8.2103039E-01  -7.0581701E+00  -1.6056895E-02  -2.0402517E-01   3.3041648E-02   6.4395101E-02   9.0892635E-04   9.9682177E-04   1.0636011E-03   4.2001132E-03
  3.3655472E-05  -4.3595650E-04   7.3304083E-07  -1.0568262E-03   1.0557028E-03   1.1997949E-02   1.2434320E-02   3.7349035E-04   8.7451777E-04  -3.0129120E-02   3.4341980E-02  -9.6374956E-03   1.6570589E-04   3.5316800E-02   2.1457485E-02   4.5454365E-02  -6.1865390E+01   3.9120584E+00   1.8263226E+02  -8.8330374E+01   2.7161494E+00   3.8962588E-01  -1.1520119E+00   3.6672589E-01  -7.6403512E+00  -2.3492643E-03  -3.0102819E-01   5.6962241E-01  -5.2943184E-03   1.8268406E-03  -8.3855704E-03   3.7393111E-03   2.3195476E-03
 -7.3894441E-05   4.7846812E-04  -3.8152338E-05  -5.7671436E-04   1.1451754E-03  -8.8768087E-03  -1.0752415E-02   1.0302659E-03   6.0190521E-04   3.6725813E-02  -1.3907222E-02  -6.1059730E-03   1.9024808E-03  -2.8098632E-02  -1.1806054E-02  -2.2360446E-02   3.6742468E+01   1.0332229E+01  -8.8330374E+01   5.5665287E+01   1.5368270E+00  -8.1259752E-02   7.9407437E-01  -2.8659953E-01  -2.1609011E+00  -1.3918020E-05   1.8630048E-01  -4.6320471E-01  -1.1416615E-01  -5.8081813E-04   3.5263696E-03  -1.5357828E-03   3.2626154E-04
  1.2167922E-05  -7.0973029E-05   3.7517850E-06  -1.7148218E-05  -3.7954650E-04   8.2233819E-04   1.2099991E-03  -6.0525968E-04  -7.8809357E-06  -1.5439582E-02  -1.0187858E-02   1.5996551E-03  -1.1266632E-03  -9.6823231E-04  -6.4162794E-04   4.1644397E-03  -2.5813722E+01  -7.7524005E-01   2.7161494E+00   1.5368270E+00   4.3382982E+00   1.0380017E-01   1.4529136E-01  -4.2261111E-02  -3.6200604E+00  -6.2445337E-03  -4.4219705E-03   9.1435854E-03   5.3423292E-02   4.5586879E-04  -2.3209066E-04   7.5060426E-05  -2.0967662E-04
  3.6588126E-07  -3.8198464E-06   1.5816222E-07  -1.1982053E-05  -3.7642873E-05   8.5018397E-05   1.0711743E-04  -5.2101897E-06  -5.4359209E-06  -6.0712867E-04   3.0945945E-04   1.3376786E-04  -1.2068170E-04   2.6666433E-04   3.6493598E-05  -3.3368684E-04  -9.1028312E-01  -5.2559413E-02   3.8962588E-01  -8.1259752E-02   1.0380017E-01   1.6469099E-02  -1.6945138E-02   1.2005588E-02  -1.0993327E-01  -3.0941946E-04  -1.2853161E-03  -2.4203095E-03   5.1146341E-03   1.7426734E-05  -3.9006142E-05   2.5840754E-05   1.0344391E-05
 -8.8920808E-07   5.3427629E-06   4.8518391E-08   1.5064367E-05   4.3098228E-05  -1.4621534E-04  -1.9905478E-04   1.8554739E-05   5.7337148E-06  -2.0122170E-04  -2.1677926E-03   2.1575063E-04   2.8465084E-04  -8.5277364E-04  -1.0965439E-04   9.3326585E-04  -1.9844482E-02   5.1550485E-01  -1.1520119E+00   7.9407437E-01   1.4529136E-01  -1.6945138E-02   6.7806534E-02   3.3188552E-03  -1.4477620E-01   2.6420789E-04   7.4894507E-03  -5.7609488E-04  -1.7543330E-02  -1.0638774E-05   1.0219612E-04  -3.0221533E-05  -6.0523752E-06
  7.9138683E-07  -1.2466794E-05   1.5846985E-06   3.4033463E-05   4.5058681E-05   1.1002904E-04   1.0649636E-04  -4.4431354E-05  -2.5401126E-06   4.7775569E-04  -1.8743880E-04   4.0303016E-05  -2.7612899E-06  -1.8811067E-04  -2.9917789E-04   7.3232831E-05  -3.6638276E-01   8.2103039E-01   3.6672589E-01  -2.8659953E-01  -4.2261111E-02   1.2005588E-02   3.3188552E-03   8.2442554E-02   3.5602064E-02  -7.1255037E-04   7.1940781E-04   1.2060499E-03   6.8314280E-04   7.2770981E-06  -6.4288038E-06   3.0088357E-05   1.6236241E-05
 -1.8962326E-05   1.8906866E-04  -7.5043273E-06  -5.9078716E-05   2.1047025E-05  -2.7181832E-03  -3.0069581E-03   5.3181931E-04  -6.3155552E-06  -8.4909411E-03   3.7194966E-03   4.8890257E-03   1.5781728E-03   4.2881749E-03   1.1055108E-03  -3.5031214E-03   1.3196116E+01  -7.0581701E+00  -7.6403512E+00  -2.1609011E+00  -3.6200604E+00  -1.0993327E-01  -1.4477620E-01   3.5602064E-02   7.4724414E+00   3.9551970E-03   3.6143128E-04  -3.5691817E-03  -4.3793914E-02  -3.8589951E-04   1.3435512E-04  -5.5987539E-04  -1.9876215E-04
  8.2641193E-07  -1.4811916E-06   1.1064440E-07   2.0880175E-05   3.7118800E-05   1.1853364E-05  -5.2310386E-05  -2.1967446E-05   2.3801457E-06  -2.4986759E-04   1.4858035E-03   2.0035872E-04   1.8953728E-05   2.7143366E-04   1.6803266E-04  -2.9059710E-05  -1.5374370E-01  -1.6056895E-02  -2.3492643E-03  -1.3918020E-05  -6.2445337E-03  -3.0941946E-04   2.6420789E-04  -7.1255037E-04   3.9551970E-03   3.8104852E-02   2.9405287E-03   1.1934020E-04   4.7803994E-04   3.4960644E-05  -4.5287675E-06  -7.7713101E-06  -2.7675939E-05
 -4.9794272E-07   8.7850167E-06  -4.6598027E-07   3.4287785E-06  -4.1838959E-05  -5.0735568E-05  -6.1375280E-05  -8.5847088E-06   5.6897648E-06  -9.9168232E-04  -6.8218762E-04   4.6111711E-04  -5.2331102E-05  -3.0983300E-04   4.5640119E-05   1.0286001E-04   3.1085539E-01  -2.0402517E-01  -3.0102819E-01   1.8630048E-01  -4.4219705E-03  -1.2853161E-03   7.4894507E-03   7.1940781E-04   3.6143128E-04   2.9405287E-03   3.0754860E-02  -8.1965007E-04   5.2702830E-03  -7.9319572E-05  -4.0227126E-05  -8.0318136E-05  -7.3718162E-05
  6.9461915E-07  -2.5023073E-06   5.9634052E-07   2.8041220E-06   1.5049307E-05   4.1927629E-05   3.9627283E-05  -1.9535728E-05   5.7187663E-06  -6.7731492E-04  -2.9795619E-04  -2.2288688E-05  -1.8758476E-05   2.9623250E-04  -7.8494840E-05   1.8689341E-04  -2.6619152E-01   3.3041648E-02   5.6962241E-01  -4.6320471E-01   9.1435854E-03  -2.4203095E-03  -5.7609488E-04   1.2060499E-03  -3.5691817E-03   1.1934020E-04  -8.1965007E-04   1.0626949E-02   8.3955651E-03   4.0201051E-06   6.0843785E-05   7.4177652E-06  -7.1571345E-06
  2.3034365E-07   3.6586236E-06  -1.5332828E-07  -1.1307537E-05  -1.9438762E-05  -2.5546367E-05  -3.1636131E-05  -3.3523340E-05  -1.8761431E-06  -1.1905329E-03   4.0220579E-04  -1.6096644E-04  -1.5474886E-04   4.3514513E-04  -2.8333577E-04  -3.4602791E-04  -1.8120970E-01   6.4395101E-02  -5.2943184E-03  -1.1416615E-01   5.3423292E-02   5.1146341E-03  -1.7543330E-02   6.8314280E-04  -4.3793914E-02   4.7803994E-04   5.2702830E-03   8.3955651E-03   2.6282853E-02  -2.0972617E-06   5.6673053E-05  -2.3499340E-05  -1.5623351E-05
  5.4709567E-09  -4.9457796E-08   3.2222885E-09  -1.1975448E-07   3.0706446E-07  -3.0677365E-07  -9.8095280E-08   8.4426776E-08  -1.2246153E-08   4.5158229E-06   3.0334645E-06  -9.6788725E-07   9.2036662E-07   1.3791306E-06   8.0574041E-07   2.0234158E-06   6.9284544E-03   9.0892635E-04   1.8268406E-03  -5.8081813E-04   4.5586879E-04   1.7426734E-05  -1.0638774E-05   7.2770981E-06  -3.8589951E-04   3.4960644E-05  -7.9319572E-05   4.0201051E-06  -2.0972617E-06   1.1193763E-06   3.8752007E-08   4.0118554E-07   6.0836095E-07
  6.4560650E-11   2.1905850E-08   4.0069446E-09  -8.3683060E-08   9.9264265E-09  -5.7943337E-07  -8.0955709E-07   1.1373989E-08  -3.2227384E-08   8.8341698E-06  -9.4818939E-06  -2.8074659E-06  -4.8141049E-08  -2.5266352E-07  -3.2919474E-06  -3.1865289E-06   3.6913223E-03   9.9682177E-04  -8.3855704E-03   3.5263696E-03  -2.3209066E-04  -3.9006142E-05   1.0219612E-04  -6.4288038E-06   1.3435512E-04  -4.5287675E-06  -4.0227126E-05   6.0843785E-05   5.6673053E-05   3.8752007E-08   2.5296223E-06   1.4169339E-07   6.6684514E-08
 -1.0813519E-07  -3.0134562E-07  -3.8771174E-08  -3.0088019E-06  -7.3645883E-06   7.0680480E-07   3.3382687E-06  -1.0534345E-06  -2.0814482E-07   3.2965232E-05   2.5774607E-05   2.1511788E-08   4.8363715E-06  -3.0980273E-06   8.7647352E-06  -5.8927726E-06  -6.5123157E-04   1.0636011E-03   3.7393111E-03  -1.5357828E-03   7.5060426E-05   2.5840754E-05  -3.0221533E-05   3.0088357E-05  -5.5987539E-04  -7.7713101E-06  -8.0318136E-05   7.4177652E-06  -2.3499340E-05   4.0118554E-07   1.4169339E-07   2.3849789E-05   8.2027516E-06
 -2.5639794E-07  -7.2134878E-07   4.0497543E-08  -1.5688498E-06  -2.8105925E-06  -2.1149725E-06   1.3999296E-06  -7.7226855E-08  -4.6541496E-08   1.9340178E-05  -1.0444919E-05  -1.0659728E-05   2.0759352E-06   1.6339911E-05   1.0359784E-05   4.7634367E-06   7.4849459E-03   4.2001132E-03   2.3195476E-03   3.2626154E-04  -2.0967662E-04   1.0344391E-05  -6.0523752E-06   1.6236241E-05  -1.9876215E-04  -2.7675939E-05  -7.3718162E-05  -7.1571345E-06  -1.5623351E-05   6.0836095E-07   6.6684514E-08   8.2027516E-06   2.4100523E-05
