# omegabh2 omegach2 theta tau mnu logA ns calPlanck acib217 xi asz143 aps100 aps143 aps143217 aps217 aksz kgal100 kgal143 kgal143217 kgal217 galfTE100 galfTE100143 galfTE100217 galfTE143 galfTE143217 galfTE217 cal0 cal2
  1.8055754E-08  -5.7083272E-08   1.0418488E-08   1.2239783E-07   4.3158849E-07   2.1042109E-07   1.5852352E-07   1.3165376E-08  -7.7478190E-05   1.6992722E-06   1.5414139E-05  -3.0665187E-04  -1.8175595E-04  -5.2459323E-05   1.7784422E-05  -2.9725580E-05  -4.2883487E-06  -5.3083437E-06  -6.6831006E-06   1.7945213E-05  -1.1522637E-07  -6.1880215E-08  -2.1018085E-07  -1.4720678E-07  -5.0797316E-07  -1.5534261E-06   2.2269273E-09  -1.4791558E-09
 -5.7083272E-08   1.0148885E-06  -5.2540100E-08  -1.0992789E-06  -8.9828765E-06   2.1363968E-07  -2.3717747E-06  -6.4579308E-08   1.2971692E-04  -3.2144009E-06  -7.8048679E-07   8.5512125E-05   5.0301105E-04   3.8546956E-04   1.9764333E-04  -1.4434314E-05  -1.4135184E-05  -3.2015605E-05  -7.0246010E-06  -2.0732967E-05   3.6805400E-07   1.6753094E-07   7.7403477E-07   2.9847376E-07   2.3671888E-06   9.3415720E-06  -6.9114199E-09   1.0897677E-08
  1.0418488E-08  -5.2540100E-08   8.4912579E-08   1.1588243E-07   2.8629146E-07   1.6987964E-07   2.4993008E-07  -5.7235028E-09  -1.6447723E-05  -3.2146052E-07   1.7914896E-06  -3.1013779E-05  -4.3135511E-05  -3.8054557E-05  -2.5722245E-05   5.6975038E-06  -1.2565673E-06  -2.5156829E-06  -4.2997942E-06   8.1072757E-06  -1.2646497E-08  -1.5243950E-07  -1.2333199E-07  -2.6578867E-07  -1.7007464E-07  -7.6080304E-07   1.2969641E-09   3.2474747E-10
  1.2239783E-07  -1.0992789E-06   1.1588243E-07   4.7180948E-05   1.5436000E-05   9.1971042E-05   4.6780525E-06   6.4212772E-08  -1.9977133E-03   3.8885358E-05   4.7302781E-04  -8.1388323E-03  -3.0210580E-03   3.8152834E-04   1.7136570E-03  -9.1784300E-04  -2.6212370E-04  -3.3306657E-04  -1.6237603E-04   6.5594301E-04  -8.3600576E-07  -4.6482447E-06   5.3999889E-06  -6.3734011E-06  -6.8424443E-06  -1.0007213E-05   1.3878627E-08  -1.5820388E-09
  4.3158849E-07  -8.9828765E-06   2.8629146E-07   1.5436000E-05   1.5989479E-03   1.3476140E-05   1.9966797E-05   3.4924276E-06   3.0764492E-03   5.7199929E-05  -4.1133579E-04   1.6227722E-02   2.4005007E-03   2.9297811E-04  -3.3519471E-03   3.9304529E-04   1.7297641E-03   1.3858246E-03   1.1598282E-03   1.6087499E-03   4.5303198E-06   7.8652643E-06   3.0681608E-05   9.6653980E-06   3.4855602E-06  -8.8666647E-05  -2.7793848E-07   4.3749924E-08
  2.1042109E-07   2.1363968E-07   1.6987964E-07   9.1971042E-05   1.3476140E-05   2.1349346E-04   2.7448626E-06   1.2552447E-05  -4.0558623E-03   1.1657096E-04   9.4704125E-04  -1.4819770E-02  -4.1515269E-03   3.9264522E-03   9.8328035E-03  -2.7706682E-03  -9.0901225E-04  -1.4874273E-03  -1.0033001E-03   2.5315869E-03   1.2192424E-06  -9.1892875E-06   4.4119094E-06  -1.6642571E-05  -1.1205266E-05   1.3804610E-05   1.7901688E-07   4.2034931E-09
  1.5852352E-07  -2.3717747E-06   2.4993008E-07   4.6780525E-06   1.9966797E-05   2.7448626E-06   1.4070550E-05   3.2303194E-07  -4.0518346E-03   9.1075232E-05   7.5765665E-04  -1.9000995E-02  -5.5023088E-03   1.4801737E-03   4.4371641E-03  -1.8724569E-03   2.8562570E-04  -2.1819084E-04  -1.9132446E-04   1.4246550E-03  -1.2477552E-06  -1.5766976E-06  -2.0124446E-07  -2.0160105E-06  -6.6404606E-06  -2.8098457E-05  -5.3223235E-08  -7.5259420E-08
  1.3165376E-08  -6.4579308E-08  -5.7235028E-09   6.4212772E-08   3.4924276E-06   1.2552447E-05   3.2303194E-07   6.2301339E-06   5.9350111E-04   3.2061100E-07  -7.1545690E-06   3.0837738E-03   4.7309599E-04   3.0563647E-04   1.4920143E-03  -7.3209595E-05  -1.5073769E-06  -7.0471801E-05  -3.2842737E-05   7.3156118E-04   9.3915390E-07   2.2466608E-07  -3.7167331E-06  -1.4490747E-06  -2.5680469E-07   9.8662763E-06   1.2137962E-08  -9.7179038E-09
 -7.7478190E-05   1.2971692E-04  -1.6447723E-05  -1.9977133E-03   3.0764492E-03  -4.0558623E-03  -4.0518346E-03   5.9350111E-04   4.3166086E+01  -3.9865774E-01  -8.5406089E-01   3.4611338E+01   1.5465117E+00  -1.3365856E+01  -5.3662476E+01  -1.5103939E-01   3.7466467E-01   4.8784230E-01  -5.7019719E+00  -3.2359821E+01  -1.9845181E-03   4.0173117E-03  -4.4787999E-04   6.9620236E-03  -3.5750643E-03  -6.6481086E-03  -2.2150560E-04   7.1843844E-04
  1.6992722E-06  -3.2144009E-06  -3.2146052E-07   3.8885358E-05   5.7199929E-05   1.1657096E-04   9.1075232E-05   3.2061100E-07  -3.9865774E-01   8.0292049E-02  -3.2012051E-02  -5.7646019E-01   9.1785422E-01   1.7153577E+00   6.5853263E-01   3.6760351E-02  -1.0400584E-02   6.6168321E-03   1.1030648E-01   1.5430599E-01  -2.5780362E-05  -9.2236545E-06   1.3351000E-05  -3.0220958E-05   5.9028238E-05   6.6754260E-04   5.5240005E-06  -1.1391524E-06
  1.5414139E-05  -7.8048679E-07   1.7914896E-06   4.7302781E-04  -4.1133579E-04   9.4704125E-04   7.5765665E-04  -7.1545690E-06  -8.5406089E-01  -3.2012051E-02   3.7146613E+00  -2.9844738E+01  -3.1054487E+00   7.4149154E+00   5.1689641E+00  -2.5512618E+00  -2.0433355E-01   7.6676901E-02   2.5584764E+00   3.1937357E+00  -3.6674926E-04  -3.9952473E-04  -3.9746911E-04   1.7668191E-04  -3.2145178E-03  -5.6207635E-03   1.0485236E-04  -2.4758265E-05
 -3.0665187E-04   8.5512125E-05  -3.1013779E-05  -8.1388323E-03   1.6227722E-02  -1.4819770E-02  -1.9000995E-02   3.0837738E-03   3.4611338E+01  -5.7646019E-01  -2.9844738E+01   7.6289576E+02   6.4375211E+01  -5.5754244E+01  -6.0016162E+01   1.3293745E+01  -6.2265745E+00   5.6045433E+00  -1.2615191E+01  -2.4743827E+01   5.5176182E-03   4.6148279E-03  -2.1908933E-02   5.5400590E-05   4.0149295E-02   7.1533331E-02   3.5516696E-03   4.0971188E-04
 -1.8175595E-04   5.0301105E-04  -4.3135511E-05  -3.0210580E-03   2.4005007E-03  -4.1515269E-03  -5.5023088E-03   4.7309599E-04   1.5465117E+00   9.1785422E-01  -3.1054487E+00   6.4375211E+01   6.0268993E+01   3.9981020E+01   1.5008380E+01  -5.0279706E+00  -1.6189307E-01  -1.3924423E+00   3.3484228E+00   4.2149841E+00   2.0031489E-03   1.9203690E-03   1.3079111E-03  -2.7665754E-03   3.6596385E-03   4.3921460E-02   1.0961051E-04   1.1194375E-04
 -5.2459323E-05   3.8546956E-04  -3.8054557E-05   3.8152834E-04   2.9297811E-04   3.9264522E-03   1.4801737E-03   3.0563647E-04  -1.3365856E+01   1.7153577E+00   7.4149154E+00  -5.5754244E+01   3.9981020E+01   8.4766289E+01   5.3035219E+01  -1.1505659E+01  -8.3478765E-01  -1.0207131E+00   4.5282272E+00   7.8662386E+00  -2.8355175E-04  -1.6757890E-03   2.0652316E-03  -1.3547663E-03  -1.0306741E-03   1.5834881E-02   4.4956438E-04  -3.1384673E-04
  1.7784422E-05   1.9764333E-04  -2.5722245E-05   1.7136570E-03  -3.3519471E-03   9.8328035E-03   4.4371641E-03   1.4920143E-03  -5.3662476E+01   6.5853263E-01   5.1689641E+00  -6.0016162E+01   1.5008380E+01   5.3035219E+01   1.0216410E+02  -8.9774600E+00  -8.9060333E-01  -1.4288364E+00   5.0368826E+00   3.2090503E+01   3.9244274E-03  -6.1808162E-03   6.8156191E-04  -1.0257065E-02   9.4995138E-03   1.4961809E-02   5.1744927E-04  -1.3317726E-03
 -2.9725580E-05  -1.4434314E-05   5.6975038E-06  -9.1784300E-04   3.9304529E-04  -2.7706682E-03  -1.8724569E-03  -7.3209595E-05  -1.5103939E-01   3.6760351E-02  -2.5512618E+00   1.3293745E+01  -5.0279706E+00  -1.1505659E+01  -8.9774600E+00   5.6297732E+00   8.6105658E-02  -1.0374457E-01  -1.9760835E+00  -2.3145264E+00   2.6039943E-05   4.0010828E-04  -4.9137269E-04   8.6650741E-04   3.4164026E-03   3.9601530E-03  -7.6373148E-05  -1.0533866E-05
 -4.2883487E-06  -1.4135184E-05  -1.2565673E-06  -2.6212370E-04   1.7297641E-03  -9.0901225E-04   2.8562570E-04  -1.5073769E-06   3.7466467E-01  -1.0400584E-02  -2.0433355E-01  -6.2265745E+00  -1.6189307E-01  -8.3478765E-01  -8.9060333E-01   8.6105658E-02   3.3985085E+00   5.9129942E-01   2.1685982E-01   9.5112706E-02  -5.4498517E-04  -2.2120154E-05   1.5608304E-03  -4.0314629E-04   3.8878120E-05  -3.1425698E-04   1.6054604E-04  -5.5774119E-06
 -5.3083437E-06  -3.2015605E-05  -2.5156829E-06  -3.3306657E-04   1.3858246E-03  -1.4874273E-03  -2.1819084E-04  -7.0471801E-05   4.8784230E-01   6.6168321E-03   7.6676901E-02   5.6045433E+00  -1.3924423E+00  -1.0207131E+00  -1.4288364E+00  -1.0374457E-01   5.9129942E-01   3.1727994E+00   2.6659132E+00   2.6954900E+00  -2.8621153E-04  -1.5231990E-04  -1.3035527E-03   1.8590716E-05  -5.8441920E-04  -1.2286649E-03  -1.9433642E-04  -4.1112072E-05
 -6.6831006E-06  -7.0246010E-06  -4.2997942E-06  -1.6237603E-04   1.1598282E-03  -1.0033001E-03  -1.9132446E-04  -3.2842737E-05  -5.7019719E+00   1.1030648E-01   2.5584764E+00  -1.2615191E+01   3.3484228E+00   4.5282272E+00   5.0368826E+00  -1.9760835E+00   2.1685982E-01   2.6659132E+00   1.0758209E+01   1.9208412E+01   2.8154185E-04   1.2513984E-04  -1.4397008E-03  -2.0315317E-03  -3.1516737E-03   9.5355549E-03  -2.8580596E-05   4.1298735E-04
  1.7945213E-05  -2.0732967E-05   8.1072757E-06   6.5594301E-04   1.6087499E-03   2.5315869E-03   1.4246550E-03   7.3156118E-04  -3.2359821E+01   1.5430599E-01   3.1937357E+00  -2.4743827E+01   4.2149841E+00   7.8662386E+00   3.2090503E+01  -2.3145264E+00   9.5112706E-02   2.6954900E+00   1.9208412E+01   5.2962097E+01   1.5043508E-03  -1.4531251E-03  -1.0373858E-03  -6.3568493E-03  -4.0449718E-03   2.3101381E-02   6.1084152E-05   9.3090604E-04
 -1.1522637E-07   3.6805400E-07  -1.2646497E-08  -8.3600576E-07   4.5303198E-06   1.2192424E-06  -1.2477552E-06   9.3915390E-07  -1.9845181E-03  -2.5780362E-05  -3.6674926E-04   5.5176182E-03   2.0031489E-03  -2.8355175E-04   3.9244274E-03   2.6039943E-05  -5.4498517E-04  -2.8621153E-04   2.8154185E-04   1.5043508E-03   1.4299961E-03   2.7240992E-04   9.4480676E-05  -3.8136508E-04  -6.6905685E-05  -5.4446680E-06   7.1601593E-09   6.5585626E-08
 -6.1880215E-08   1.6753094E-07  -1.5243950E-07  -4.6482447E-06   7.8652643E-06  -9.1892875E-06  -1.5766976E-06   2.2466608E-07   4.0173117E-03  -9.2236545E-06  -3.9952473E-04   4.6148279E-03   1.9203690E-03  -1.6757890E-03  -6.1808162E-03   4.0010828E-04  -2.2120154E-05  -1.5231990E-04   1.2513984E-04  -1.4531251E-03   2.7240992E-04   8.6563836E-04   1.8803796E-05   7.4408559E-04   6.3022668E-05  -5.7411821E-04  -1.0611968E-07   1.4286062E-07
 -2.1018085E-07   7.7403477E-07  -1.2333199E-07   5.3999889E-06   3.0681608E-05   4.4119094E-06  -2.0124446E-07  -3.7167331E-06  -4.4787999E-04   1.3351000E-05  -3.9746911E-04  -2.1908933E-02   1.3079111E-03   2.0652316E-03   6.8156191E-04  -4.9137269E-04   1.5608304E-03  -1.3035527E-03  -1.4397008E-03  -1.0373858E-03   9.4480676E-05   1.8803796E-05   7.1384478E-03  -2.9157814E-04   5.9176122E-04   3.9944920E-03  -3.4756282E-07   2.8053877E-07
 -1.4720678E-07   2.9847376E-07  -2.6578867E-07  -6.3734011E-06   9.6653980E-06  -1.6642571E-05  -2.0160105E-06  -1.4490747E-06   6.9620236E-03  -3.0220958E-05   1.7668191E-04   5.5400590E-05  -2.7665754E-03  -1.3547663E-03  -1.0257065E-02   8.6650741E-04  -4.0314629E-04   1.8590716E-05  -2.0315317E-03  -6.3568493E-03  -3.8136508E-04   7.4408559E-04  -2.9157814E-04   2.9583549E-03   5.0177581E-04  -9.2903676E-04  -1.6444779E-07  -1.0507565E-07
 -5.0797316E-07   2.3671888E-06  -1.7007464E-07  -6.8424443E-06   3.4855602E-06  -1.1205266E-05  -6.6404606E-06  -2.5680469E-07  -3.5750643E-03   5.9028238E-05  -3.2145178E-03   4.0149295E-02   3.6596385E-03  -1.0306741E-03   9.4995138E-03   3.4164026E-03   3.8878120E-05  -5.8441920E-04  -3.1516737E-03  -4.0449718E-03  -6.6905685E-05   6.3022668E-05   5.9176122E-04   5.0177581E-04   6.3425461E-03   7.6424354E-03   5.4227976E-08   1.7402508E-08
 -1.5534261E-06   9.3415720E-06  -7.6080304E-07  -1.0007213E-05  -8.8666647E-05   1.3804610E-05  -2.8098457E-05   9.8662763E-06  -6.6481086E-03   6.6754260E-04  -5.6207635E-03   7.1533331E-02   4.3921460E-02   1.5834881E-02   1.4961809E-02   3.9601530E-03  -3.1425698E-04  -1.2286649E-03   9.5355549E-03   2.3101381E-02  -5.4446680E-06  -5.7411821E-04   3.9944920E-03  -9.2903676E-04   7.6424354E-03   7.0786754E-02   8.8586181E-08  -8.8193676E-07
  2.2269273E-09  -6.9114199E-09   1.2969641E-09   1.3878627E-08  -2.7793848E-07   1.7901688E-07  -5.3223235E-08   1.2137962E-08  -2.2150560E-04   5.5240005E-06   1.0485236E-04   3.5516696E-03   1.0961051E-04   4.4956438E-04   5.1744927E-04  -7.6373148E-05   1.6054604E-04  -1.9433642E-04  -2.8580596E-05   6.1084152E-05   7.1601593E-09  -1.0611968E-07  -3.4756282E-07  -1.6444779E-07   5.4227976E-08   8.8586181E-08   3.6669033E-07  -1.7427936E-09
 -1.4791558E-09   1.0897677E-08   3.2474747E-10  -1.5820388E-09   4.3749924E-08   4.2034931E-09  -7.5259420E-08  -9.7179038E-09   7.1843844E-04  -1.1391524E-06  -2.4758265E-05   4.0971188E-04   1.1194375E-04  -3.1384673E-04  -1.3317726E-03  -1.0533866E-05  -5.5774119E-06  -4.1112072E-05   4.1298735E-04   9.3090604E-04   6.5585626E-08   1.4286062E-07   2.8053877E-07  -1.0507565E-07   1.7402508E-08  -8.8193676E-07  -1.7427936E-09   3.8546366E-07
