# omegabh2 omegach2 theta tau logA ns r calPlanck acib217 xi asz143 aps100 aps143 aps143217 aps217 aksz kgal100 kgal143 kgal143217 kgal217 galfEE100 galfEE100143 galfEE100217 galfEE143 galfEE143217 galfEE217 galfTE100 galfTE100143 galfTE100217 galfTE143 galfTE143217 galfTE217 cal0 cal2
    0.1973989E-07   -0.6411299E-07    0.1259931E-07    0.5370646E-06    0.1024287E-05    0.1905800E-06   -0.5039746E-08    0.1256653E-07   -0.9566599E-04    0.2308274E-05    0.2253083E-04   -0.3284936E-03   -0.1803831E-03   -0.8029106E-05    0.5208298E-04   -0.4264931E-04    0.2193957E-05   -0.7203901E-05   -0.8157087E-05    0.1573443E-04    0.2653436E-07    0.4177174E-07    0.5460399E-07    0.4055528E-07    0.1558188E-06    0.7734834E-07   -0.1491556E-07   -0.1989819E-07   -0.1161212E-06   -0.1975743E-06   -0.6542010E-06   -0.1900985E-05    0.5441155E-08   -0.9580899E-08
   -0.6411299E-07    0.1023147E-05   -0.6213932E-07   -0.6258070E-05   -0.1016635E-04   -0.2612946E-05   -0.1900221E-05   -0.7669431E-07    0.2028954E-03   -0.9525137E-05   -0.6744834E-04    0.9705470E-03    0.6038404E-03    0.1041690E-03    0.5798021E-04    0.1478478E-03    0.8600749E-05   -0.6061069E-05   -0.1420625E-04   -0.3989777E-04   -0.3323245E-06   -0.3796376E-06   -0.1172740E-06   -0.3596470E-06   -0.5785099E-06    0.9507409E-06    0.2293068E-06    0.3520619E-06   -0.6825968E-06    0.5109351E-06    0.1154383E-05    0.1098693E-04   -0.2563429E-08    0.8959013E-08
    0.1259931E-07   -0.6213932E-07    0.9000482E-07    0.1002132E-05    0.1960657E-05    0.2992723E-06   -0.5476006E-07    0.9765232E-08   -0.2582543E-04    0.6745248E-06   -0.2988311E-06   -0.4242310E-04   -0.2105007E-04   -0.1116668E-04    0.4125106E-05   -0.1665694E-04   -0.1949221E-05   -0.5571160E-05    0.2516893E-05    0.2234117E-04    0.3653977E-07    0.2340925E-07   -0.3398541E-07    0.2360763E-07    0.1165759E-07    0.1582481E-06   -0.7905876E-07    0.5999761E-07   -0.6504795E-07   -0.1881046E-07   -0.4527525E-06   -0.1447670E-05    0.1611835E-08    0.4213462E-08
    0.5370646E-06   -0.6258070E-05    0.1002132E-05    0.1498824E-03    0.2730947E-03    0.2297523E-04    0.1632607E-05   -0.4627531E-05   -0.4510752E-02    0.7828425E-04    0.1219104E-02   -0.2329170E-01   -0.8038613E-02   -0.4750413E-03    0.5302979E-03   -0.2530780E-02    0.3149525E-03    0.7631110E-04    0.3534761E-04    0.3073103E-03    0.1877234E-05    0.2787336E-05   -0.1659952E-05    0.3076194E-05    0.1030095E-05   -0.4055791E-05   -0.6684950E-05   -0.1233860E-05    0.1363435E-04   -0.1578611E-04   -0.1750289E-04   -0.1074759E-03   -0.1344317E-06   -0.3847269E-06
    0.1024287E-05   -0.1016635E-04    0.1960657E-05    0.2730947E-03    0.5261282E-03    0.3841467E-04   -0.9080070E-05    0.2815068E-05   -0.8603887E-02    0.1824658E-03    0.2560328E-02   -0.4160683E-01   -0.1367047E-01    0.2670476E-02    0.7332865E-02   -0.5654434E-02    0.3375722E-03   -0.2709791E-03   -0.9154582E-04    0.2207915E-02    0.4235359E-05    0.4780636E-05   -0.4616192E-05    0.6025801E-05    0.2278186E-05    0.1168416E-05   -0.1163524E-04   -0.2065354E-05    0.1903417E-04   -0.2566156E-04   -0.3711962E-04   -0.1799273E-03   -0.3608749E-07   -0.8746758E-06
    0.1905800E-06   -0.2612946E-05    0.2992723E-06    0.2297523E-04    0.3841467E-04    0.1607965E-04    0.2008187E-04    0.1810545E-06   -0.4695996E-02    0.1308772E-03    0.1036882E-02   -0.2371750E-01   -0.5494188E-02    0.3337618E-02    0.5869437E-02   -0.2516279E-02    0.2168246E-03   -0.2514658E-03   -0.4830670E-03    0.5049952E-03    0.1771556E-05    0.2245046E-05   -0.1245024E-05    0.2322364E-05    0.2437517E-05   -0.4133496E-06   -0.6573223E-06    0.1348222E-05    0.2772289E-05    0.2809434E-05   -0.8814209E-06   -0.2581125E-04   -0.1031259E-06   -0.3274246E-06
   -0.5039746E-08   -0.1900221E-05   -0.5476006E-07    0.1632607E-05   -0.9080070E-05    0.2008187E-04    0.1387333E-02   -0.1474174E-05   -0.8336273E-02    0.3030410E-03    0.2919796E-02   -0.2206015E-01   -0.5450439E-02    0.1137394E-01    0.1127489E-01   -0.2981781E-02   -0.2305895E-02   -0.3137846E-03    0.2319449E-02    0.3593467E-02   -0.1651057E-04   -0.2146221E-04   -0.8033455E-06   -0.1802670E-04    0.7325031E-06   -0.2617327E-04    0.2620015E-04    0.3059902E-04    0.1516996E-04    0.5787486E-04   -0.6209477E-05    0.6476578E-04    0.2594701E-07   -0.4451641E-06
    0.1256653E-07   -0.7669431E-07    0.9765232E-08   -0.4627531E-05    0.2815068E-05    0.1810545E-06   -0.1474174E-05    0.6084147E-05    0.8368188E-03   -0.6797510E-05    0.1217542E-03    0.2393753E-02    0.1899279E-03    0.3759672E-03    0.1274122E-02   -0.5914313E-04   -0.2972697E-04    0.3347850E-04    0.1363559E-03    0.7980778E-03    0.8530886E-06    0.3164856E-06   -0.5886089E-06    0.6999471E-06    0.1195941E-05    0.1811396E-05    0.2764845E-06   -0.1672690E-06   -0.4002209E-05    0.3004865E-05   -0.9553160E-06    0.5045088E-05   -0.1833287E-08   -0.2057275E-07
   -0.9566599E-04    0.2028954E-03   -0.2582543E-04   -0.4510752E-02   -0.8603887E-02   -0.4695996E-02   -0.8336273E-02    0.8368188E-03    0.4383010E+02   -0.4964349E+00   -0.1770999E+01    0.4166130E+02   -0.2759674E+00   -0.2224107E+02   -0.6211935E+02    0.3390903E+00   -0.4649038E+00    0.1748017E+00   -0.2030503E+01   -0.1863792E+02    0.2583992E-03    0.2931683E-05   -0.3195447E-02   -0.1285853E-03    0.5573142E-02    0.5741331E-02    0.1163227E-02    0.2356812E-02    0.2734261E-04    0.2256888E-02    0.7379667E-02    0.1126021E-01   -0.3983607E-03    0.4429653E-02
    0.2308274E-05   -0.9525137E-05    0.6745248E-06    0.7828425E-04    0.1824658E-03    0.1308772E-03    0.3030410E-03   -0.6797510E-05   -0.4964349E+00    0.7999044E-01   -0.7107894E-01   -0.4359473E+00    0.1058626E+01    0.1925124E+01    0.7935479E+00    0.6301854E-01    0.9534443E-03   -0.5335168E-02    0.9044423E-01    0.9234940E-01   -0.4136310E-05    0.2144994E-04   -0.4281301E-03    0.1056372E-04   -0.1074894E-03   -0.3262091E-03   -0.1423660E-03   -0.3689949E-04   -0.1384158E-03   -0.2611244E-04   -0.2925566E-03   -0.7190812E-03    0.1300409E-04   -0.1891151E-04
    0.2253083E-04   -0.6744834E-04   -0.2988311E-06    0.1219104E-02    0.2560328E-02    0.1036882E-02    0.2919796E-02    0.1217542E-03   -0.1770999E+01   -0.7107894E-01    0.3589389E+01   -0.2805583E+02   -0.3910531E+01    0.7161774E+01    0.6738060E+01   -0.2472754E+01   -0.1291532E+00    0.1034203E+00    0.2369035E+01    0.2277795E+01    0.4412873E-04    0.9619449E-04    0.1523657E-02    0.4524699E-04    0.1114658E-02    0.4331370E-02   -0.1901547E-03    0.1011883E-03    0.1469413E-02    0.1060238E-02   -0.1609295E-03   -0.6264860E-02    0.1651169E-03   -0.3427450E-03
   -0.3284936E-03    0.9705470E-03   -0.4242310E-04   -0.2329170E-01   -0.4160683E-01   -0.2371750E-01   -0.2206015E-01    0.2393753E-02    0.4166130E+02   -0.4359473E+00   -0.2805583E+02    0.7473085E+03    0.6700460E+02   -0.5727124E+02   -0.7088779E+02    0.1177257E+02   -0.4181195E+01    0.2969447E+01   -0.1182612E+02   -0.1817138E+02   -0.2282750E-03   -0.3509545E-02   -0.1305457E-01   -0.4107961E-02   -0.1402369E-01   -0.3694353E-01    0.5379840E-02    0.1342000E-02    0.1088902E-02   -0.1419808E-01    0.3566806E-01    0.9255234E-01    0.5801366E-02    0.3440506E-02
   -0.1803831E-03    0.6038404E-03   -0.2105007E-04   -0.8038613E-02   -0.1367047E-01   -0.5494188E-02   -0.5450439E-02    0.1899279E-03   -0.2759674E+00    0.1058626E+01   -0.3910531E+01    0.6700460E+02    0.6041152E+02    0.4460553E+02    0.1737333E+02   -0.4396267E+01   -0.4318561E+00   -0.1137780E+01    0.3634739E+01    0.3708066E+01    0.2610439E-03   -0.9304269E-03   -0.9571518E-02   -0.1348437E-02   -0.4290867E-02    0.7005796E-02   -0.6143573E-03    0.1731461E-04   -0.6064551E-02   -0.4831786E-02    0.2575292E-02    0.7372400E-03    0.1532150E-03    0.2135349E-03
   -0.8029106E-05    0.1041690E-03   -0.1116668E-04   -0.4750413E-03    0.2670476E-02    0.3337618E-02    0.1137394E-01    0.3759672E-03   -0.2224107E+02    0.1925124E+01    0.7161774E+01   -0.5727124E+02    0.4460553E+02    0.9851065E+02    0.6752691E+02   -0.1130258E+02   -0.5102143E+00   -0.6362052E+00    0.4233714E+01    0.5329149E+01    0.1804744E-03   -0.8199461E-04   -0.7749512E-02   -0.9097668E-03   -0.6044834E-03    0.1984302E-01   -0.3414871E-02   -0.1062814E-02    0.3959604E-02   -0.4075795E-02   -0.3994946E-02   -0.4121451E-01    0.9012772E-03   -0.2460430E-02
    0.5208298E-04    0.5798021E-04    0.4125106E-05    0.5302979E-03    0.7332865E-02    0.5869437E-02    0.1127489E-01    0.1274122E-02   -0.6211935E+02    0.7935479E+00    0.6738060E+01   -0.7088779E+02    0.1737333E+02    0.6752691E+02    0.1233294E+03   -0.9932104E+01    0.2046815E+00   -0.5363986E+00   -0.6950612E+00    0.1527103E+02    0.1933438E-03   -0.2250015E-03    0.3712847E-02   -0.3526530E-03   -0.7153010E-02    0.1004532E-01   -0.1918933E-02   -0.1702869E-02    0.7397722E-02   -0.4231219E-02   -0.7745196E-02   -0.2271110E-01    0.9071589E-03   -0.7683655E-02
   -0.4264931E-04    0.1478478E-03   -0.1665694E-04   -0.2530780E-02   -0.5654434E-02   -0.2516279E-02   -0.2981781E-02   -0.5914313E-04    0.3390903E+00    0.6301854E-01   -0.2472754E+01    0.1177257E+02   -0.4396267E+01   -0.1130258E+02   -0.9932104E+01    0.5683017E+01    0.1515365E+00   -0.1060966E+00   -0.1894850E+01   -0.1728944E+01   -0.3538074E-03   -0.1287183E-03   -0.2125823E-03    0.6661912E-04   -0.7676466E-03   -0.1085228E-01    0.7463037E-04   -0.6490609E-03   -0.3066869E-02    0.9772935E-03    0.7100051E-04    0.8869662E-02   -0.1180473E-03    0.9111478E-04
    0.2193957E-05    0.8600749E-05   -0.1949221E-05    0.3149525E-03    0.3375722E-03    0.2168246E-03   -0.2305895E-02   -0.2972697E-04   -0.4649038E+00    0.9534443E-03   -0.1291532E+00   -0.4181195E+01   -0.4318561E+00   -0.5102143E+00    0.2046815E+00    0.1515365E+00    0.3544448E+01    0.4122582E+00    0.1793310E+00    0.4848849E+00    0.4238840E-04    0.1935277E-04    0.4400762E-03    0.1455571E-04   -0.1408850E-02    0.2045473E-02    0.5433112E-03    0.4412917E-03   -0.2530238E-02   -0.1332251E-02   -0.1883599E-02   -0.4091745E-02    0.3249143E-03   -0.1331200E-04
   -0.7203901E-05   -0.6061069E-05   -0.5571160E-05    0.7631110E-04   -0.2709791E-03   -0.2514658E-03   -0.3137846E-03    0.3347850E-04    0.1748017E+00   -0.5335168E-02    0.1034203E+00    0.2969447E+01   -0.1137780E+01   -0.6362052E+00   -0.5363986E+00   -0.1060966E+00    0.4122582E+00    0.3308566E+01    0.2546851E+01    0.1644194E+01   -0.1350473E-04   -0.5640823E-04   -0.4135193E-03   -0.1756625E-03    0.1258805E-02   -0.5176752E-03    0.5905924E-04   -0.3739570E-03   -0.7348466E-03   -0.2804151E-03   -0.7810133E-04   -0.7680162E-02   -0.2969889E-03   -0.2193867E-03
   -0.8157087E-05   -0.1420625E-04    0.2516893E-05    0.3534761E-04   -0.9154582E-04   -0.4830670E-03    0.2319449E-02    0.1363559E-03   -0.2030503E+01    0.9044423E-01    0.2369035E+01   -0.1182612E+02    0.3634739E+01    0.4233714E+01   -0.6950612E+00   -0.1894850E+01    0.1793310E+00    0.2546851E+01    0.1728817E+02    0.2576356E+02   -0.3163316E-03   -0.3742751E-03   -0.1247968E-02   -0.1782820E-03    0.1514897E-02    0.5783522E-02   -0.2302405E-02   -0.1103601E-03   -0.7452022E-02    0.2358897E-02   -0.3882599E-02   -0.9677356E-02   -0.1733834E-04    0.2457989E-02
    0.1573443E-04   -0.3989777E-04    0.2234117E-04    0.3073103E-03    0.2207915E-02    0.5049952E-03    0.3593467E-02    0.7980778E-03   -0.1863792E+02    0.9234940E-01    0.2277795E+01   -0.1817138E+02    0.3708066E+01    0.5329149E+01    0.1527103E+02   -0.1728944E+01    0.4848849E+00    0.1644194E+01    0.2576356E+02    0.5449371E+02   -0.6216310E-03   -0.8264378E-03    0.2543400E-03    0.3057690E-04   -0.1975877E-03    0.7032606E-02   -0.3967045E-02   -0.1469275E-02   -0.1314394E-01    0.3301847E-02   -0.1054510E-01   -0.1479651E-01    0.1236545E-03    0.4370804E-02
    0.2653436E-07   -0.3323245E-06    0.3653977E-07    0.1877234E-05    0.4235359E-05    0.1771556E-05   -0.1651057E-04    0.8530886E-06    0.2583992E-03   -0.4136310E-05    0.4412873E-04   -0.2282750E-03    0.2610439E-03    0.1804744E-03    0.1933438E-03   -0.3538074E-03    0.4238840E-04   -0.1350473E-04   -0.3163316E-03   -0.6216310E-03    0.3225151E-04    0.8751496E-05    0.4322101E-05    0.3273336E-05    0.3272052E-05    0.4266916E-05   -0.1146901E-05    0.5700939E-06   -0.7882017E-06    0.4269934E-05    0.3981711E-06   -0.6956241E-05   -0.9301072E-07   -0.5610707E-07
    0.4177174E-07   -0.3796376E-06    0.2340925E-07    0.2787336E-05    0.4780636E-05    0.2245046E-05   -0.2146221E-04    0.3164856E-06    0.2931683E-05    0.2144994E-04    0.9619449E-04   -0.3509545E-02   -0.9304269E-03   -0.8199461E-04   -0.2250015E-03   -0.1287183E-03    0.1935277E-04   -0.5640823E-04   -0.3742751E-03   -0.8264378E-03    0.8751496E-05    0.2490484E-04   -0.1259716E-05    0.1266803E-04    0.3104434E-05   -0.1181585E-04   -0.4041146E-05   -0.3320383E-06    0.9098446E-05    0.2926497E-05   -0.2735031E-05   -0.1144440E-05   -0.3105980E-07   -0.1279941E-06
    0.5460399E-07   -0.1172740E-06   -0.3398541E-07   -0.1659952E-05   -0.4616192E-05   -0.1245024E-05   -0.8033455E-06   -0.5886089E-06   -0.3195447E-02   -0.4281301E-03    0.1523657E-02   -0.1305457E-01   -0.9571518E-02   -0.7749512E-02    0.3712847E-02   -0.2125823E-03    0.4400762E-03   -0.4135193E-03   -0.1247968E-02    0.2543400E-03    0.4322101E-05   -0.1259716E-05    0.1073705E-02   -0.6392936E-06   -0.2571235E-04    0.4499770E-04    0.9237557E-05   -0.8325760E-05   -0.3904306E-04   -0.3471119E-04   -0.3581449E-04    0.3585264E-04    0.2354035E-07   -0.7907413E-06
    0.4055528E-07   -0.3596470E-06    0.2360763E-07    0.3076194E-05    0.6025801E-05    0.2322364E-05   -0.1802670E-04    0.6999471E-06   -0.1285853E-03    0.1056372E-04    0.4524699E-04   -0.4107961E-02   -0.1348437E-02   -0.9097668E-03   -0.3526530E-03    0.6661912E-04    0.1455571E-04   -0.1756625E-03   -0.1782820E-03    0.3057690E-04    0.3273336E-05    0.1266803E-04   -0.6392936E-06    0.4734600E-04    0.3455206E-05   -0.1101046E-04   -0.3047054E-05   -0.4923888E-05    0.6684904E-05   -0.1909208E-05   -0.8130951E-06    0.3597555E-04   -0.2130323E-06   -0.2094120E-07
    0.1558188E-06   -0.5785099E-06    0.1165759E-07    0.1030095E-05    0.2278186E-05    0.2437517E-05    0.7325031E-06    0.1195941E-05    0.5573142E-02   -0.1074894E-03    0.1114658E-02   -0.1402369E-01   -0.4290867E-02   -0.6044834E-03   -0.7153010E-02   -0.7676466E-03   -0.1408850E-02    0.1258805E-02    0.1514897E-02   -0.1975877E-03    0.3272052E-05    0.3104434E-05   -0.2571235E-04    0.3455206E-05    0.2184617E-02    0.9279828E-04   -0.1778226E-05   -0.1577789E-04    0.4181381E-04   -0.5059942E-04   -0.2091259E-04   -0.5904873E-04   -0.5787628E-06    0.7070292E-06
    0.7734834E-07    0.9507409E-06    0.1582481E-06   -0.4055791E-05    0.1168416E-05   -0.4133496E-06   -0.2617327E-04    0.1811396E-05    0.5741331E-02   -0.3262091E-03    0.4331370E-02   -0.3694353E-01    0.7005796E-02    0.1984302E-01    0.1004532E-01   -0.1085228E-01    0.2045473E-02   -0.5176752E-03    0.5783522E-02    0.7032606E-02    0.4266916E-05   -0.1181585E-04    0.4499770E-04   -0.1101046E-04    0.9279828E-04    0.1708203E-01    0.2427947E-04    0.1587281E-04   -0.5366395E-04    0.1412220E-04   -0.2209486E-03   -0.3000965E-03    0.4131217E-06    0.1186111E-05
   -0.1491556E-07    0.2293068E-06   -0.7905876E-07   -0.6684950E-05   -0.1163524E-04   -0.6573223E-06    0.2620015E-04    0.2764845E-06    0.1163227E-02   -0.1423660E-03   -0.1901547E-03    0.5379840E-02   -0.6143573E-03   -0.3414871E-02   -0.1918933E-02    0.7463037E-04    0.5433112E-03    0.5905924E-04   -0.2302405E-02   -0.3967045E-02   -0.1146901E-05   -0.4041146E-05    0.9237557E-05   -0.3047054E-05   -0.1778226E-05    0.2427947E-04    0.1443928E-02    0.2920510E-03    0.7476160E-04   -0.3847417E-03   -0.1010235E-03   -0.2380270E-03    0.2176426E-06   -0.3539792E-06
   -0.1989819E-07    0.3520619E-06    0.5999761E-07   -0.1233860E-05   -0.2065354E-05    0.1348222E-05    0.3059902E-04   -0.1672690E-06    0.2356812E-02   -0.3689949E-04    0.1011883E-03    0.1342000E-02    0.1731461E-04   -0.1062814E-02   -0.1702869E-02   -0.6490609E-03    0.4412917E-03   -0.3739570E-03   -0.1103601E-03   -0.1469275E-02    0.5700939E-06   -0.3320383E-06   -0.8325760E-05   -0.4923888E-05   -0.1577789E-04    0.1587281E-04    0.2920510E-03    0.8486667E-03    0.5933731E-04    0.7275367E-03    0.4137130E-04   -0.6874076E-03    0.4505873E-06    0.6128452E-06
   -0.1161212E-06   -0.6825968E-06   -0.6504795E-07    0.1363435E-04    0.1903417E-04    0.2772289E-05    0.1516996E-04   -0.4002209E-05    0.2734261E-04   -0.1384158E-03    0.1469413E-02    0.1088902E-02   -0.6064551E-02    0.3959604E-02    0.7397722E-02   -0.3066869E-02   -0.2530238E-02   -0.7348466E-03   -0.7452022E-02   -0.1314394E-01   -0.7882017E-06    0.9098446E-05   -0.3904306E-04    0.6684904E-05    0.4181381E-04   -0.5366395E-04    0.7476160E-04    0.5933731E-04    0.7212198E-02   -0.3346509E-03    0.6687999E-03    0.4130924E-02    0.7724302E-06   -0.1981748E-05
   -0.1975743E-06    0.5109351E-06   -0.1881046E-07   -0.1578611E-04   -0.2566156E-04    0.2809434E-05    0.5787486E-04    0.3004865E-05    0.2256888E-02   -0.2611244E-04    0.1060238E-02   -0.1419808E-01   -0.4831786E-02   -0.4075795E-02   -0.4231219E-02    0.9772935E-03   -0.1332251E-02   -0.2804151E-03    0.2358897E-02    0.3301847E-02    0.4269934E-05    0.2926497E-05   -0.3471119E-04   -0.1909208E-05   -0.5059942E-04    0.1412220E-04   -0.3847417E-03    0.7275367E-03   -0.3346509E-03    0.2885601E-02    0.4755869E-03   -0.8678560E-03    0.3455152E-06    0.1555221E-05
   -0.6542010E-06    0.1154383E-05   -0.4527525E-06   -0.1750289E-04   -0.3711962E-04   -0.8814209E-06   -0.6209477E-05   -0.9553160E-06    0.7379667E-02   -0.2925566E-03   -0.1609295E-03    0.3566806E-01    0.2575292E-02   -0.3994946E-02   -0.7745196E-02    0.7100051E-04   -0.1883599E-02   -0.7810133E-04   -0.3882599E-02   -0.1054510E-01    0.3981711E-06   -0.2735031E-05   -0.3581449E-04   -0.8130951E-06   -0.2091259E-04   -0.2209486E-03   -0.1010235E-03    0.4137130E-04    0.6687999E-03    0.4755869E-03    0.6550234E-02    0.7987209E-02    0.9214818E-06   -0.7592939E-06
   -0.1900985E-05    0.1098693E-04   -0.1447670E-05   -0.1074759E-03   -0.1799273E-03   -0.2581125E-04    0.6476578E-04    0.5045088E-05    0.1126021E-01   -0.7190812E-03   -0.6264860E-02    0.9255234E-01    0.7372400E-03   -0.4121451E-01   -0.2271110E-01    0.8869662E-02   -0.4091745E-02   -0.7680162E-02   -0.9677356E-02   -0.1479651E-01   -0.6956241E-05   -0.1144440E-05    0.3585264E-04    0.3597555E-04   -0.5904873E-04   -0.3000965E-03   -0.2380270E-03   -0.6874076E-03    0.4130924E-02   -0.8678560E-03    0.7987209E-02    0.6583411E-01    0.4062244E-05    0.1294572E-06
    0.5441155E-08   -0.2563429E-08    0.1611835E-08   -0.1344317E-06   -0.3608749E-07   -0.1031259E-06    0.2594701E-07   -0.1833287E-08   -0.3983607E-03    0.1300409E-04    0.1651169E-03    0.5801366E-02    0.1532150E-03    0.9012772E-03    0.9071589E-03   -0.1180473E-03    0.3249143E-03   -0.2969889E-03   -0.1733834E-04    0.1236545E-03   -0.9301072E-07   -0.3105980E-07    0.2354035E-07   -0.2130323E-06   -0.5787628E-06    0.4131217E-06    0.2176426E-06    0.4505873E-06    0.7724302E-06    0.3455152E-06    0.9214818E-06    0.4062244E-05    0.6014784E-06   -0.1389191E-07
   -0.9580899E-08    0.8959013E-08    0.4213462E-08   -0.3847269E-06   -0.8746758E-06   -0.3274246E-06   -0.4451641E-06   -0.2057275E-07    0.4429653E-02   -0.1891151E-04   -0.3427450E-03    0.3440506E-02    0.2135349E-03   -0.2460430E-02   -0.7683655E-02    0.9111478E-04   -0.1331200E-04   -0.2193867E-03    0.2457989E-02    0.4370804E-02   -0.5610707E-07   -0.1279941E-06   -0.7907413E-06   -0.2094120E-07    0.7070292E-06    0.1186111E-05   -0.3539792E-06    0.6128452E-06   -0.1981748E-05    0.1555221E-05   -0.7592939E-06    0.1294572E-06   -0.1389191E-07    0.2071946E-05
