# omegabh2 omegach2 theta tau yhe logA ns calPlanck acib217 xi asz143 aps100 aps143 aps143217 aps217 aksz kgal100 kgal143 kgal143217 kgal217 galfTE100 galfTE100143 galfTE100217 galfTE143 galfTE143217 galfTE217 cal0 cal2
  2.2786870E-08  -9.4005326E-08   2.0637913E-08   3.1910397E-07   1.5403459E-07   5.8200700E-07   3.1493238E-07   2.3911592E-08  -7.3668173E-05   1.6165951E-06   1.8196107E-05  -3.7304544E-04  -1.6886303E-04  -5.0986029E-05   1.1561627E-05  -3.5889145E-05  -2.5695574E-06  -6.4711609E-06  -1.2010270E-06   2.1677870E-05  -1.5325602E-08  -3.5742309E-08  -3.7525483E-07  -2.3075677E-07  -6.6523101E-07  -2.8279159E-06   3.4544899E-09  -9.4462884E-10
 -9.4005326E-08   1.4350217E-06  -1.2193728E-07  -3.9699227E-06  -1.1169558E-07  -5.1713773E-06  -3.4333360E-06  -2.5901061E-07   3.2758797E-04  -6.7553133E-06  -6.8197780E-05   1.9694837E-03   9.0246660E-04   3.3970574E-04   2.1520912E-06   1.0483887E-04  -1.1056104E-05   1.4287809E-05   1.3519091E-05  -9.8014113E-05  -6.1091043E-08   4.9207569E-07   2.0828888E-06   1.8479156E-06   2.5003468E-06   1.5966711E-05  -1.5201078E-08   9.6546193E-09
  2.0637913E-08  -1.2193728E-07   1.1169416E-07   4.3446603E-07   4.5375779E-07   8.9973708E-07   5.9137009E-07   5.2531664E-08   2.9893113E-05  -1.0577533E-06  -1.3069858E-05   5.3612575E-05   1.6009371E-05  -2.7865022E-05   9.9928427E-07  -1.5747046E-06   2.6655801E-06   5.7990416E-06  -6.3106497E-06  -2.8012224E-05   1.6635189E-08  -2.1004313E-07  -1.9843881E-07  -6.4808046E-07  -2.0313550E-07  -3.3741257E-06   3.0220682E-09   1.5295553E-09
  3.1910397E-07  -3.9699227E-06   4.3446603E-07   5.6076275E-05   1.3814844E-06   9.9960148E-05   1.2143619E-05  -1.3156672E-06  -1.9736100E-03   3.3614317E-05   3.2179480E-04  -1.3088449E-02  -5.4990550E-03  -2.2225128E-03  -1.0070484E-03  -4.1471701E-04   2.7571505E-05   1.2701139E-04  -1.6567146E-04   2.4064363E-04   4.4865303E-06  -2.2030793E-06  -6.4642660E-06  -6.0503170E-06  -8.9515644E-06  -3.7826066E-05  -2.9974442E-08  -2.5018469E-08
  1.5403459E-07  -1.1169558E-07   4.5375779E-07   1.3814844E-06   1.4119976E-05   5.2252557E-06   6.3193156E-06  -1.3495220E-07   1.3201705E-03  -3.2061929E-05  -5.8362517E-05   5.0827802E-03   2.4030122E-03   9.7509079E-04  -2.4171342E-04   2.7788137E-04   6.6071898E-05   1.6519173E-04   2.1082899E-04  -2.0479241E-04  -1.8909115E-06   6.5145637E-07  -2.3673534E-06   3.2011979E-06  -3.4978271E-06  -7.7352373E-06   8.9398685E-09  -1.4750884E-08
  5.8200700E-07  -5.1713773E-06   8.9973708E-07   9.9960148E-05   5.2252557E-06   2.0879066E-04   1.7994371E-05   8.8767048E-06  -3.5493722E-03   5.3815477E-05   6.7755603E-04  -2.1442924E-02  -7.2388256E-03  -7.2382803E-04   4.4739817E-03  -1.8971214E-03  -3.2996099E-04  -5.1402447E-04  -7.3663135E-04   2.0512706E-03   1.0841073E-05  -1.5383741E-06  -4.4578595E-06  -1.1042822E-05  -1.4102780E-05  -3.2493859E-05   4.4998908E-08  -3.2947766E-08
  3.1493238E-07  -3.4333360E-06   5.9137009E-07   1.2143619E-05   6.3193156E-06   1.7994371E-05   1.9229978E-05   8.3382441E-07  -3.6645099E-03   1.0268217E-04   6.9588429E-04  -2.0143835E-02  -5.7021740E-03   1.4392117E-03   4.2351058E-03  -1.7846127E-03   3.1535753E-04  -2.0619481E-04  -3.7089810E-04   7.8598353E-04  -1.0783686E-06  -1.6193592E-06  -5.1582046E-06  -2.8966405E-06   1.9794740E-06  -3.5633293E-05  -1.2139927E-09  -1.2053311E-07
  2.3911592E-08  -2.5901061E-07   5.2531664E-08  -1.3156672E-06  -1.3495220E-07   8.8767048E-06   8.3382441E-07   6.0216487E-06   4.7226590E-04  -1.3319561E-05   9.8295062E-05   1.8817104E-03   5.2401635E-04   6.4279739E-04   1.7827291E-03  -2.7090500E-04  -2.2574285E-05  -1.3276343E-04  -4.6870478E-05   8.7776368E-04   9.6953175E-07   1.0466949E-06   1.7042552E-06  -6.5393228E-07   7.3713106E-07   1.2664771E-05  -6.8304755E-10  -1.3142102E-09
 -7.3668173E-05   3.2758797E-04   2.9893113E-05  -1.9736100E-03   1.3201705E-03  -3.5493722E-03  -3.6645099E-03   4.7226590E-04   4.3546558E+01  -3.6805843E-01  -1.1218094E+00   3.7245764E+01   1.5846355E+00  -1.3346209E+01  -5.3895139E+01   1.7236106E-01   5.5565342E-02   6.5417461E-01  -6.1064053E+00  -3.3107324E+01  -3.1583315E-03   1.1537668E-03  -3.6868956E-03  -8.3275658E-04  -7.0385636E-03   2.5316980E-02  -2.5291271E-04   6.7213692E-04
  1.6165951E-06  -6.7553133E-06  -1.0577533E-06   3.3614317E-05  -3.2061929E-05   5.3815477E-05   1.0268217E-04  -1.3319561E-05  -3.6805843E-01   8.1863247E-02  -3.1633487E-02  -6.5459657E-01   8.9585557E-01   1.7279746E+00   6.0057491E-01   3.3941370E-02  -1.0039989E-02   2.5189221E-03   1.0780001E-01   1.3206953E-01  -1.1487554E-04  -2.1089129E-04   1.3447356E-05  -3.8557862E-05   3.2471214E-04   1.9613010E-05   7.7824884E-06   2.8998374E-06
  1.8196107E-05  -6.8197780E-05  -1.3069858E-05   3.2179480E-04  -5.8362517E-05   6.7755603E-04   6.9588429E-04   9.8295062E-05  -1.1218094E+00  -3.1633487E-02   3.8413214E+00  -2.9423416E+01  -2.9971091E+00   8.1091446E+00   5.8813037E+00  -2.6934191E+00  -1.8594301E-01   1.7539369E-01   2.6453063E+00   3.4452967E+00   4.6243252E-04   1.3145292E-03  -3.2392033E-04   1.1228581E-03   5.1242413E-04   4.1948153E-03   1.3249667E-04  -5.2703646E-05
 -3.7304544E-04   1.9694837E-03   5.3612575E-05  -1.3088449E-02   5.0827802E-03  -2.1442924E-02  -2.0143835E-02   1.8817104E-03   3.7245764E+01  -6.5459657E-01  -2.9423416E+01   7.6083175E+02   7.0471029E+01  -5.5489417E+01  -6.2333764E+01   1.3373597E+01  -5.2698109E+00   4.9079722E+00  -1.1434964E+01  -2.4850375E+01  -1.1687315E-02   1.5851376E-03   3.1815554E-03   4.9927788E-03  -8.5816205E-03   2.7542555E-03   3.7127316E-03   6.6104179E-04
 -1.6886303E-04   9.0246660E-04   1.6009371E-05  -5.4990550E-03   2.4030122E-03  -7.2388256E-03  -5.7021740E-03   5.2401635E-04   1.5846355E+00   8.9585557E-01  -2.9971091E+00   7.0471029E+01   6.2709837E+01   4.1094625E+01   1.5445278E+01  -5.4285540E+00  -3.3576714E-01  -1.3227025E+00   4.1184912E+00   5.4553046E+00   4.9084562E-04  -3.7404302E-04  -6.8451579E-03  -3.7190235E-03   9.5999846E-03   4.0157474E-02   7.7872917E-05   7.6336526E-05
 -5.0986029E-05   3.3970574E-04  -2.7865022E-05  -2.2225128E-03   9.7509079E-04  -7.2382803E-04   1.4392117E-03   6.4279739E-04  -1.3346209E+01   1.7279746E+00   8.1091446E+00  -5.5489417E+01   4.1094625E+01   8.8270231E+01   5.4442337E+01  -1.2107985E+01  -6.8453605E-01  -7.8193097E-01   5.3119578E+00   8.9051370E+00  -6.6447821E-04  -1.6639501E-03  -9.0796084E-03  -7.7902515E-04   1.6342963E-02   2.8048257E-02   5.7798183E-04  -3.7320253E-04
  1.1561627E-05   2.1520912E-06   9.9928427E-07  -1.0070484E-03  -2.4171342E-04   4.4739817E-03   4.2351058E-03   1.7827291E-03  -5.3895139E+01   6.0057491E-01   5.8813037E+00  -6.2333764E+01   1.5445278E+01   5.4442337E+01   1.0364718E+02  -9.7119128E+00  -3.3546762E-01  -1.5034411E+00   5.7041726E+00   3.2875412E+01   7.7832256E-03   5.4107097E-04   1.1703465E-03  -7.2376819E-04   2.0333925E-02  -2.1135655E-02   5.9987267E-04  -1.3690636E-03
 -3.5889145E-05   1.0483887E-04  -1.5747046E-06  -4.1471701E-04   2.7788137E-04  -1.8971214E-03  -1.7846127E-03  -2.7090500E-04   1.7236106E-01   3.3941370E-02  -2.6934191E+00   1.3373597E+01  -5.4285540E+00  -1.2107985E+01  -9.7119128E+00   5.8113697E+00   3.7312955E-02  -1.7660728E-01  -2.1884560E+00  -2.6134693E+00  -2.4912322E-03  -1.3043282E-03   2.6056607E-03  -2.4009361E-04  -3.9401036E-03  -3.8494818E-03  -1.0563880E-04   5.8586658E-05
 -2.5695574E-06  -1.1056104E-05   2.6655801E-06   2.7571505E-05   6.6071898E-05  -3.2996099E-04   3.1535753E-04  -2.2574285E-05   5.5565342E-02  -1.0039989E-02  -1.8594301E-01  -5.2698109E+00  -3.3576714E-01  -6.8453605E-01  -3.3546762E-01   3.7312955E-02   3.3908083E+00   6.2027599E-01   2.0285929E-01   2.3786091E-01   2.1299920E-04   1.6085849E-04   3.8275989E-03  -1.2520245E-03   1.7985405E-03   1.1252076E-03   1.6547976E-04  -5.7868063E-07
 -6.4711609E-06   1.4287809E-05   5.7990416E-06   1.2701139E-04   1.6519173E-04  -5.1402447E-04  -2.0619481E-04  -1.3276343E-04   6.5417461E-01   2.5189221E-03   1.7539369E-01   4.9079722E+00  -1.3227025E+00  -7.8193097E-01  -1.5034411E+00  -1.7660728E-01   6.2027599E-01   3.1021805E+00   2.6082471E+00   2.5672230E+00  -7.5487864E-05  -2.0573953E-05   2.9380550E-03   2.8826140E-04   2.8353548E-03   1.0140418E-02  -1.7375237E-04  -1.0959723E-05
 -1.2010270E-06   1.3519091E-05  -6.3106497E-06  -1.6567146E-04   2.1082899E-04  -7.3663135E-04  -3.7089810E-04  -4.6870478E-05  -6.1064053E+00   1.0780001E-01   2.6453063E+00  -1.1434964E+01   4.1184912E+00   5.3119578E+00   5.7041726E+00  -2.1884560E+00   2.0285929E-01   2.6082471E+00   1.0936898E+01   1.9781257E+01   2.4955677E-03   1.6396835E-03   3.0053720E-03   1.6156736E-03   6.4638111E-03   1.4435676E-02  -2.9787409E-06   4.3430367E-04
  2.1677870E-05  -9.8014113E-05  -2.8012224E-05   2.4064363E-04  -2.0479241E-04   2.0512706E-03   7.8598353E-04   8.7776368E-04  -3.3107324E+01   1.3206953E-01   3.4452967E+00  -2.4850375E+01   5.4553046E+00   8.9051370E+00   3.2875412E+01  -2.6134693E+00   2.3786091E-01   2.5672230E+00   1.9781257E+01   5.4347680E+01   5.1826599E-03   2.8190814E-03   9.4810993E-03   4.9010374E-03   8.9688051E-03   1.7612067E-02   8.3774674E-05   9.8046428E-04
 -1.5325602E-08  -6.1091043E-08   1.6635189E-08   4.4865303E-06  -1.8909115E-06   1.0841073E-05  -1.0783686E-06   9.6953175E-07  -3.1583315E-03  -1.1487554E-04   4.6243252E-04  -1.1687315E-02   4.9084562E-04  -6.6447821E-04   7.7832256E-03  -2.4912322E-03   2.1299920E-04  -7.5487864E-05   2.4955677E-03   5.1826599E-03   1.3858370E-03   2.4915346E-04   7.4743693E-05  -3.5065242E-04  -8.1201499E-05  -1.4707230E-04   4.5596023E-07   2.0539297E-07
 -3.5742309E-08   4.9207569E-07  -2.1004313E-07  -2.2030793E-06   6.5145637E-07  -1.5383741E-06  -1.6193592E-06   1.0466949E-06   1.1537668E-03  -2.1089129E-04   1.3145292E-03   1.5851376E-03  -3.7404302E-04  -1.6639501E-03   5.4107097E-04  -1.3043282E-03   1.6085849E-04  -2.0573953E-05   1.6396835E-03   2.8190814E-03   2.4915346E-04   8.2988086E-04   3.5305094E-06   7.1409904E-04   5.6494832E-05  -8.2376587E-04   1.7802704E-07  -2.9244790E-08
 -3.7525483E-07   2.0828888E-06  -1.9843881E-07  -6.4642660E-06  -2.3673534E-06  -4.4578595E-06  -5.1582046E-06   1.7042552E-06  -3.6868956E-03   1.3447356E-05  -3.2392033E-04   3.1815554E-03  -6.8451579E-03  -9.0796084E-03   1.1703465E-03   2.6056607E-03   3.8275989E-03   2.9380550E-03   3.0053720E-03   9.4810993E-03   7.4743693E-05   3.5305094E-06   7.3072062E-03  -2.8383999E-04   6.3012651E-04   4.7337831E-03  -4.4153397E-08   1.0621412E-06
 -2.3075677E-07   1.8479156E-06  -6.4808046E-07  -6.0503170E-06   3.2011979E-06  -1.1042822E-05  -2.8966405E-06  -6.5393228E-07  -8.3275658E-04  -3.8557862E-05   1.1228581E-03   4.9927788E-03  -3.7190235E-03  -7.7902515E-04  -7.2376819E-04  -2.4009361E-04  -1.2520245E-03   2.8826140E-04   1.6156736E-03   4.9010374E-03  -3.5065242E-04   7.1409904E-04  -2.8383999E-04   2.8556923E-03   5.6492665E-04  -8.8188004E-04   5.5849480E-07   1.2519545E-07
 -6.6523101E-07   2.5003468E-06  -2.0313550E-07  -8.9515644E-06  -3.4978271E-06  -1.4102780E-05   1.9794740E-06   7.3713106E-07  -7.0385636E-03   3.2471214E-04   5.1242413E-04  -8.5816205E-03   9.5999846E-03   1.6342963E-02   2.0333925E-02  -3.9401036E-03   1.7985405E-03   2.8353548E-03   6.4638111E-03   8.9688051E-03  -8.1201499E-05   5.6494832E-05   6.3012651E-04   5.6492665E-04   6.3760598E-03   8.1209069E-03   1.9566060E-07  -7.1692570E-07
 -2.8279159E-06   1.5966711E-05  -3.3741257E-06  -3.7826066E-05  -7.7352373E-06  -3.2493859E-05  -3.5633293E-05   1.2664771E-05   2.5316980E-02   1.9613010E-05   4.1948153E-03   2.7542555E-03   4.0157474E-02   2.8048257E-02  -2.1135655E-02  -3.8494818E-03   1.1252076E-03   1.0140418E-02   1.4435676E-02   1.7612067E-02  -1.4707230E-04  -8.2376587E-04   4.7337831E-03  -8.8188004E-04   8.1209069E-03   7.3355066E-02  -4.5074944E-06   1.7000452E-06
  3.4544899E-09  -1.5201078E-08   3.0220682E-09  -2.9974442E-08   8.9398685E-09   4.4998908E-08  -1.2139927E-09  -6.8304755E-10  -2.5291271E-04   7.7824884E-06   1.3249667E-04   3.7127316E-03   7.7872917E-05   5.7798183E-04   5.9987267E-04  -1.0563880E-04   1.6547976E-04  -1.7375237E-04  -2.9787409E-06   8.3774674E-05   4.5596023E-07   1.7802704E-07  -4.4153397E-08   5.5849480E-07   1.9566060E-07  -4.5074944E-06   3.7405349E-07  -4.7202576E-10
 -9.4462884E-10   9.6546193E-09   1.5295553E-09  -2.5018469E-08  -1.4750884E-08  -3.2947766E-08  -1.2053311E-07  -1.3142102E-09   6.7213692E-04   2.8998374E-06  -5.2703646E-05   6.6104179E-04   7.6336526E-05  -3.7320253E-04  -1.3690636E-03   5.8586658E-05  -5.7868063E-07  -1.0959723E-05   4.3430367E-04   9.8046428E-04   2.0539297E-07  -2.9244790E-08   1.0621412E-06   1.2519545E-07  -7.1692570E-07   1.7000452E-06  -4.7202576E-10   3.8336198E-07
