# omegabh2 omegach2 theta tau yhe logA ns calPlanck aps100 aps143 aps217 acib217 asz143 psr cibr xi aksz dust100 dust143 dust217 dust143x217 cal0 cal2 calTE calEE
  2.6746051E-08  -1.1716970E-07   2.3069559E-08   2.6892812E-07   1.3976981E-07   4.0276218E-07   3.9140218E-07   2.4421716E-08  -3.4184448E-04  -2.3999806E-04   7.1796736E-05  -1.1630594E-04   1.4775898E-05   7.5698668E-07  -2.4351239E-06   1.0523072E-06  -2.5618972E-05   6.8235887E-07  -1.8118755E-07   7.4986085E-07   5.2125839E-07   1.7695838E-09  -4.6610912E-09  -7.8047563E-08  -2.1864073E-07
 -1.1716970E-07   1.9732262E-06  -1.8017825E-07  -2.5893590E-06  -2.5646634E-07  -9.6221949E-07  -4.7231600E-06  -2.1445712E-07   7.9041230E-04   8.2008598E-04  -2.7669585E-04   4.6391089E-04  -3.2542346E-05  -1.4791369E-06   9.1964423E-06  -6.5981858E-06   5.5374525E-05  -2.8094063E-06   3.1953883E-06  -1.9773434E-06  -1.1958787E-06  -3.2995146E-08   4.2699915E-08  -2.6046406E-07  -8.4141458E-07
  2.3069559E-08  -1.8017825E-07   1.1993764E-07   3.2977984E-07   5.5383051E-07   4.9016961E-07   7.5735179E-07   1.6849370E-08   9.0630655E-05   3.7895455E-05  -3.8811489E-05   2.3521931E-05  -1.1984234E-05  -3.8542349E-07   8.1754127E-08   5.6693838E-07   1.3206594E-05   1.9087141E-06   6.4273631E-07   7.1667779E-08   5.7885531E-07  -4.9489592E-09   8.6427099E-09   2.0525892E-09   1.5608433E-07
  2.6892812E-07  -2.5893590E-06   3.2977984E-07   6.3161839E-05   9.1257315E-07   1.2037157E-04   9.2910549E-06  -2.2688523E-08  -1.0521937E-02  -5.7460826E-03   2.7151558E-03  -3.1039044E-03   2.3774465E-04   3.5145322E-05  -9.5302660E-05   2.4014255E-05  -7.4173668E-04   2.9846778E-06  -1.2938465E-05   5.9304513E-06  -1.5042905E-06  -6.0373699E-08  -2.9814040E-07  -3.9700131E-06  -1.9713128E-06
  1.3976981E-07  -2.5646634E-07   5.5383051E-07   9.1257315E-07   1.4763221E-05   5.0011627E-06   6.0095438E-06  -8.0057769E-09   5.2755420E-03   3.3318317E-03  -1.0186789E-03   1.6797856E-03  -2.0139252E-04  -6.2157251E-06   2.8256530E-05   7.4719358E-07   4.9062907E-04   7.3906383E-06   1.2507635E-05  -7.9818735E-06   2.4090404E-06  -7.1774483E-08   1.3721627E-07   1.5719773E-06   3.3374766E-06
  4.0276218E-07  -9.6221949E-07   4.9016961E-07   1.2037157E-04   5.0011627E-06   2.6722288E-04   7.6028917E-06   1.1747368E-05  -1.1490757E-02  -6.8116616E-03   1.1616902E-02  -5.6875306E-03   3.3382815E-04   7.7963210E-05  -2.0817582E-04   3.0803510E-05  -2.0628854E-03  -7.4672913E-06  -1.1006424E-04   2.5187794E-05  -2.1727020E-05   4.8388630E-07  -5.6607997E-07  -8.6448853E-06  -3.5434629E-06
  3.9140218E-07  -4.7231600E-06   7.5735179E-07   9.2910549E-06   6.0095438E-06   7.6028917E-06   2.3516352E-05   3.2774780E-07  -1.9249525E-02  -6.6797141E-03   8.7684764E-03  -6.0738048E-03   3.7065431E-04   5.3920781E-05  -1.1206607E-04   6.7774750E-05  -1.7368707E-03   4.5030526E-05  -2.3241943E-05   2.9484879E-05  -7.3609541E-06  -3.0997073E-07  -3.6965662E-07   4.1938504E-07  -7.8251936E-07
  2.4421716E-08  -2.1445712E-07   1.6849370E-08  -2.2688523E-08  -8.0057769E-09   1.1747368E-05   3.2774780E-07   6.1082493E-06   3.8443130E-03   5.9462499E-04   1.0664657E-03   5.7835885E-04  -5.2227441E-05  -6.4102649E-06  -2.4420186E-07  -1.5284566E-05   3.7100816E-05   3.3176095E-06  -3.1152630E-07   4.2663544E-06  -2.0909004E-06   3.4882576E-08  -7.4920285E-08  -4.5651343E-07  -3.8377355E-07
 -3.4184448E-04   7.9041230E-04   9.0630655E-05  -1.0521937E-02   5.2755420E-03  -1.1490757E-02  -1.9249525E-02   3.8443130E-03   6.0573927E+02   5.9150696E+01  -5.2878551E+01   2.8402356E+01  -2.5450193E+01  -8.2831963E-01  -1.6627334E-01  -1.4430654E-01   1.0889075E+01  -2.6103061E-01   2.9137252E-01  -2.3261464E-01  -2.2550891E-01   6.6954577E-03   2.7640804E-03   1.6173901E-03   6.5046975E-03
 -2.3999806E-04   8.2008598E-04   3.7895455E-05  -5.7460826E-03   3.3318317E-03  -6.8116616E-03  -6.6797141E-03   5.9462499E-04   5.9150696E+01   6.8244283E+01   1.0079368E+01   6.1608575E+00  -5.2848924E-01  -2.7097397E-02   4.6597543E-01   9.1548304E-01  -8.1779474E+00  -4.9148908E-02  -2.3052858E-01   5.0989696E-02   4.5626199E-02   8.4499304E-04   6.0922917E-04   2.8734449E-03   5.8824218E-03
  7.1796736E-05  -2.7669585E-04  -3.8811489E-05   2.7151558E-03  -1.0186789E-03   1.1616902E-02   8.7684764E-03   1.0664657E-03  -5.2878551E+01   1.0079368E+01   1.7423835E+02  -8.2391137E+01   2.5553271E+00   3.0019513E-01  -9.9007865E-01   3.0500399E-01  -7.4061481E+00  -4.4754193E-02  -3.0110224E-01   5.5330262E-01  -3.8473755E-02   1.5260294E-03  -7.6275100E-03   1.4087280E-03   2.3540756E-03
 -1.1630594E-04   4.6391089E-04   2.3521931E-05  -3.1039044E-03   1.6797856E-03  -5.6875306E-03  -6.0738048E-03   5.7835885E-04   2.8402356E+01   6.1608575E+00  -8.2391137E+01   5.1580193E+01   1.8145627E+00  -2.1734487E-02   6.9611248E-01  -2.4518882E-01  -2.6999829E+00   1.1893624E-02   1.7835822E-01  -4.4982106E-01  -9.2932502E-02  -4.6718686E-04   3.0568899E-03  -1.2610146E-04   6.5909875E-04
  1.4775898E-05  -3.2542346E-05  -1.1984234E-05   2.3774465E-04  -2.0139252E-04   3.3382815E-04   3.7065431E-04  -5.2227441E-05  -2.5450193E+01  -5.2848924E-01   2.5553271E+00   1.8145627E+00   4.3996428E+00   1.0508924E-01   1.5282406E-01  -4.4054070E-02  -3.5548922E+00  -9.4594820E-03  -7.2730428E-03   5.8322204E-03   5.3888848E-02   4.5770002E-04  -2.3585072E-04  -3.3315509E-05  -2.0956429E-04
  7.5698668E-07  -1.4791369E-06  -3.8542349E-07   3.5145322E-05  -6.2157251E-06   7.7963210E-05   5.3920781E-05  -6.4102649E-06  -8.2831963E-01  -2.7097397E-02   3.0019513E-01  -2.1734487E-02   1.0508924E-01   1.6528829E-02  -1.6488898E-02   1.1347616E-02  -1.0190041E-01  -2.5050939E-04  -1.2296833E-03  -2.8493033E-03   5.3213360E-03   1.8056228E-05  -3.5867044E-05   1.0160245E-05  -8.1378856E-07
 -2.4351239E-06   9.1964423E-06   8.1754127E-08  -9.5302660E-05   2.8256530E-05  -2.0817582E-04  -1.1206607E-04  -2.4420186E-07  -1.6627334E-01   4.6597543E-01  -9.9007865E-01   6.9611248E-01   1.5282406E-01  -1.6488898E-02   6.7815038E-02   5.4434483E-03  -1.5818527E-01   5.3243695E-04   7.0693457E-03  -1.9438890E-04  -1.7955222E-02  -6.9324563E-06   9.0654358E-05  -6.1558092E-06   2.4901784E-05
  1.0523072E-06  -6.5981858E-06   5.6693838E-07   2.4014255E-05   7.4719358E-07   3.0803510E-05   6.7774750E-05  -1.5284566E-05  -1.4430654E-01   9.1548304E-01   3.0500399E-01  -2.4518882E-01  -4.4054070E-02   1.1347616E-02   5.4434483E-03   8.2879272E-02   4.4521083E-02   3.6949037E-04   1.6096497E-04   1.0168629E-03   2.4167251E-04   1.3868824E-05  -7.0375392E-06   2.1628404E-05   1.5592866E-05
 -2.5618972E-05   5.5374525E-05   1.3206594E-05  -7.4173668E-04   4.9062907E-04  -2.0628854E-03  -1.7368707E-03   3.7100816E-05   1.0889075E+01  -8.1779474E+00  -7.4061481E+00  -2.6999829E+00  -3.5548922E+00  -1.0190041E-01  -1.5818527E-01   4.4521083E-02   7.4086461E+00   6.2516981E-03  -3.8723652E-04  -1.5994219E-03  -4.6614489E-02  -3.6510328E-04   9.5318361E-05  -1.7747643E-04  -3.2847801E-05
  6.8235887E-07  -2.8094063E-06   1.9087141E-06   2.9846778E-06   7.3906383E-06  -7.4672913E-06   4.5030526E-05   3.3176095E-06  -2.6103061E-01  -4.9148908E-02  -4.4754193E-02   1.1893624E-02  -9.4594820E-03  -2.5050939E-04   5.3243695E-04   3.6949037E-04   6.2516981E-03   3.8120570E-02   2.7321175E-03  -1.1609417E-04   1.2426541E-04   3.5012795E-05  -1.6338251E-06  -1.3484917E-05  -1.7713797E-05
 -1.8118755E-07   3.1953883E-06   6.4273631E-07  -1.2938465E-05   1.2507635E-05  -1.1006424E-04  -2.3241943E-05  -3.1152630E-07   2.9137252E-01  -2.3052858E-01  -3.0110224E-01   1.7835822E-01  -7.2730428E-03  -1.2296833E-03   7.0693457E-03   1.6096497E-04  -3.8723652E-04   2.7321175E-03   3.0747325E-02  -8.9280726E-04   5.1277946E-03  -8.2433710E-05  -4.1007646E-05  -8.5612997E-05  -8.0405483E-05
  7.4986085E-07  -1.9773434E-06   7.1667779E-08   5.9304513E-06  -7.9818735E-06   2.5187794E-05   2.9484879E-05   4.2663544E-06  -2.3261464E-01   5.0989696E-02   5.5330262E-01  -4.4982106E-01   5.8322204E-03  -2.8493033E-03  -1.9438890E-04   1.0168629E-03  -1.5994219E-03  -1.1609417E-04  -8.9280726E-04   1.0552695E-02   8.1449144E-03   3.2138282E-06   6.1560566E-05   4.1336743E-06  -4.4898712E-06
  5.2125839E-07  -1.1958787E-06   5.7885531E-07  -1.5042905E-06   2.4090404E-06  -2.1727020E-05  -7.3609541E-06  -2.0909004E-06  -2.2550891E-01   4.5626199E-02  -3.8473755E-02  -9.2932502E-02   5.3888848E-02   5.3213360E-03  -1.7955222E-02   2.4167251E-04  -4.6614489E-02   1.2426541E-04   5.1277946E-03   8.1449144E-03   2.6263003E-02  -3.7906665E-06   5.7556159E-05  -1.4945064E-05  -1.9355593E-05
  1.7695838E-09  -3.2995146E-08  -4.9489592E-09  -6.0373699E-08  -7.1774483E-08   4.8388630E-07  -3.0997073E-07   3.4882576E-08   6.6954577E-03   8.4499304E-04   1.5260294E-03  -4.6718686E-04   4.5770002E-04   1.8056228E-05  -6.9324563E-06   1.3868824E-05  -3.6510328E-04   3.5012795E-05  -8.2433710E-05   3.2138282E-06  -3.7906665E-06   1.1233629E-06   5.1445751E-08   4.0759424E-07   5.4932744E-07
 -4.6610912E-09   4.2699915E-08   8.6427099E-09  -2.9814040E-07   1.3721627E-07  -5.6607997E-07  -3.6965662E-07  -7.4920285E-08   2.7640804E-03   6.0922917E-04  -7.6275100E-03   3.0568899E-03  -2.3585072E-04  -3.5867044E-05   9.0654358E-05  -7.0375392E-06   9.5318361E-05  -1.6338251E-06  -4.1007646E-05   6.1560566E-05   5.7556159E-05   5.1445751E-08   2.4337673E-06   3.2642561E-07   1.7397699E-07
 -7.8047563E-08  -2.6046406E-07   2.0525892E-09  -3.9700131E-06   1.5719773E-06  -8.6448853E-06   4.1938504E-07  -4.5651343E-07   1.6173901E-03   2.8734449E-03   1.4087280E-03  -1.2610146E-04  -3.3315509E-05   1.0160245E-05  -6.1558092E-06   2.1628404E-05  -1.7747643E-04  -1.3484917E-05  -8.5612997E-05   4.1336743E-06  -1.4945064E-05   4.0759424E-07   3.2642561E-07   2.4214963E-05   8.6300613E-06
 -2.1864073E-07  -8.4141458E-07   1.5608433E-07  -1.9713128E-06   3.3374766E-06  -3.5434629E-06  -7.8251936E-07  -3.8377355E-07   6.5046975E-03   5.8824218E-03   2.3540756E-03   6.5909875E-04  -2.0956429E-04  -8.1378856E-07   2.4901784E-05   1.5592866E-05  -3.2847801E-05  -1.7713797E-05  -8.0405483E-05  -4.4898712E-06  -1.9355593E-05   5.4932744E-07   1.7397699E-07   8.6300613E-06   2.4940945E-05
