# omegabh2 omegach2 theta tau Alens logA ns calPlanck aps100 aps143 aps217 acib217 asz143 psr cibr xi aksz dust100 dust143 dust217 dust143x217 cal0 cal2 calTE calEE
  2.7356413E-08  -8.2028064E-08   1.5750984E-08   4.1672780E-08   4.7694371E-06  -3.2996485E-08   3.0281738E-07  -1.5766355E-09  -6.3766114E-04  -3.5343618E-04   1.3728982E-04  -1.8001556E-04   1.9730466E-05   1.3310175E-06  -3.0802187E-06   1.2072093E-06  -4.6911428E-05  -7.3728176E-08  -5.4990848E-07   7.2267818E-07  -8.7063147E-07   2.4911490E-09  -1.2283804E-08  -2.3402654E-07  -3.1340049E-07
 -8.2028064E-08   1.1446075E-06  -7.7307373E-08  -8.4544062E-07  -2.4696638E-05   8.3116433E-07  -2.8698857E-06  -5.3390032E-08   1.7766481E-03   1.1268765E-03  -3.3631886E-04   4.2515561E-04  -8.9455518E-05  -4.0835827E-06   6.2967951E-06   1.2632158E-06   1.9880552E-04  -4.2152814E-07   1.3618881E-06  -5.2302143E-07   3.5065977E-06  -2.5204287E-08   3.5204616E-08   4.3830417E-07  -1.8049359E-07
  1.5750984E-08  -7.7307373E-08   9.0034179E-08   2.9121725E-08   3.5215174E-06  -3.3190475E-08   3.2841116E-07  -5.7602395E-09  -2.0213900E-04  -1.3518303E-04  -4.6531219E-06  -2.3117964E-05   9.2002248E-06   7.2565436E-07  -8.8221351E-07   2.4158204E-07  -2.1921476E-05  -2.2370675E-07  -1.2188054E-08  -6.5114015E-07  -1.3294103E-06   3.0495079E-09  -1.1107783E-08  -1.3280041E-07  -4.1201775E-08
  4.1672780E-08  -8.4544062E-07   2.9121725E-08   6.7600032E-05  -1.2250744E-04   1.3342233E-04   4.1662871E-06   4.3492393E-07  -3.6894636E-03  -1.4847603E-03   2.2721572E-03  -1.6164102E-03  -1.6889041E-04  -1.5256664E-05  -3.6547724E-05  -4.4564052E-05  -3.5644654E-04  -3.1313278E-05   3.6860725E-06   5.6218328E-06  -3.2950496E-06  -2.1881423E-07  -3.1628493E-07  -8.0841242E-07  -9.0687590E-08
  4.7694371E-06  -2.4696638E-05   3.5215174E-06  -1.2250744E-04   4.2012918E-03  -3.1448348E-04   9.4187071E-05  -1.4160037E-05  -2.1802346E-01  -9.4342001E-02   7.2287362E-02  -6.8689498E-02   4.1894520E-03   6.8796527E-04  -1.3678911E-03   9.8993470E-04  -1.5948086E-02  -2.6337403E-04  -5.7873239E-04   1.4724703E-04  -4.2793842E-04   1.2404908E-06  -5.9330568E-06  -1.3209252E-04  -5.9804442E-05
 -3.2996485E-08   8.3116433E-07  -3.3190475E-08   1.3342233E-04  -3.1448348E-04   2.9718478E-04   3.5549657E-07   1.2937044E-05   2.7740016E-03   2.3076418E-03   1.2519879E-02  -4.0985895E-03  -5.5205775E-04  -1.0724556E-05  -1.4188027E-04  -3.8038847E-05  -1.2338665E-03  -8.2383932E-05  -7.9367276E-05   3.6598402E-05  -4.2040331E-06   1.6104456E-07  -7.1212769E-07  -6.1991034E-07   2.1366368E-06
  3.0281738E-07  -2.8698857E-06   3.2841116E-07   4.1662871E-06   9.4187071E-05   3.5549657E-07   1.7428986E-05   1.7823734E-07  -2.5267838E-02  -9.1723938E-03   9.4430926E-03  -6.6034178E-03   7.1925399E-04   7.9458150E-05  -1.2231465E-04   6.5612384E-05  -2.3540825E-03   1.6721805E-06  -3.2044264E-05   2.1512174E-05  -3.1484523E-05  -2.9808122E-07  -5.2272325E-07  -2.9795699E-06  -4.4204297E-06
 -1.5766355E-09  -5.3390032E-08  -5.7602395E-09   4.3492393E-07  -1.4160037E-05   1.2937044E-05   1.7823734E-07   6.0965066E-06   3.8148431E-03   9.4270467E-04   1.5498693E-03   3.8220143E-04  -2.1554891E-05   4.6503011E-07  -1.1873789E-05  -5.3956672E-07   2.5813712E-05  -1.9654292E-06   3.2161010E-06   7.5880628E-06   6.6949874E-06   3.2103156E-09  -6.1633925E-08   2.3507854E-08   1.3162464E-07
 -6.3766114E-04   1.7766481E-03  -2.0213900E-04  -3.6894636E-03  -2.1802346E-01   2.7740016E-03  -2.5267838E-02   3.8148431E-03   6.1425657E+02   5.8744082E+01  -5.0893020E+01   2.9494823E+01  -2.5438502E+01  -9.0501990E-01  -2.1759022E-01  -4.9544342E-01   1.1547407E+01  -5.6329984E-02   2.6379084E-01  -2.6888206E-01  -2.2903754E-01   6.9569309E-03   2.4318756E-03   9.1270505E-03   1.3967765E-02
 -3.5343618E-04   1.1268765E-03  -1.3518303E-04  -1.4847603E-03  -9.4342001E-02   2.3076418E-03  -9.1723938E-03   9.4270467E-04   5.8744082E+01   6.5284786E+01   9.1360913E+00   6.0355601E+00  -4.0541609E-01  -6.9002969E-02   4.5690129E-01   8.6173807E-01  -7.6056092E+00  -1.5327079E-02  -2.3023912E-01   6.8687754E-02   8.2489009E-02   9.8230012E-04   8.6034076E-04   5.4625968E-03   7.9247696E-03
  1.3728982E-04  -3.3631886E-04  -4.6531219E-06   2.2721572E-03   7.2287362E-02   1.2519879E-02   9.4430926E-03   1.5498693E-03  -5.0893020E+01   9.1360913E+00   1.7366777E+02  -8.2860408E+01   2.8169545E+00   3.2642356E-01  -1.0975112E+00   3.8714363E-01  -7.5265410E+00  -2.1488159E-02  -2.5334380E-01   5.6766794E-01  -1.9325023E-02   1.8321325E-03  -7.6943788E-03  -6.8624733E-04   1.3470789E-03
 -1.8001556E-04   4.2515561E-04  -2.3117964E-05  -1.6164102E-03  -6.8689498E-02  -4.0985895E-03  -6.6034178E-03   3.8220143E-04   2.9494823E+01   6.0355601E+00  -8.2860408E+01   5.1443957E+01   1.2560578E+00  -3.2794906E-02   7.2660895E-01  -2.4654605E-01  -2.0026708E+00   3.3764959E-04   1.5826872E-01  -4.5412018E-01  -8.9511986E-02  -6.0449649E-04   3.0740237E-03   2.1946066E-03   1.7166442E-03
  1.9730466E-05  -8.9455518E-05   9.2002248E-06  -1.6889041E-04   4.1894520E-03  -5.5205775E-04   7.1925399E-04  -2.1554891E-05  -2.5438502E+01  -4.0541609E-01   2.8169545E+00   1.2560578E+00   4.2452967E+00   1.1161563E-01   1.4955052E-01  -2.3357769E-03  -3.3253586E+00  -1.4215758E-02  -4.5330982E-03   1.5068098E-02   6.4942244E-02   4.3003429E-04  -2.2491009E-04  -3.5145504E-04  -4.0432292E-04
  1.3310175E-06  -4.0835827E-06   7.2565436E-07  -1.5256664E-05   6.8796527E-04  -1.0724556E-05   7.9458150E-05   4.6503011E-07  -9.0501990E-01  -6.9002969E-02   3.2642356E-01  -3.2794906E-02   1.1161563E-01   1.8054157E-02  -1.7994093E-02   1.2885794E-02  -1.0591159E-01  -9.1159619E-04  -1.0779502E-03  -3.0957370E-03   5.3430204E-03   1.9870777E-05  -4.2471780E-05  -1.7120575E-05  -1.2200200E-05
 -3.0802187E-06   6.2967951E-06  -8.8221351E-07  -3.6547724E-05  -1.3678911E-03  -1.4188027E-04  -1.2231465E-04  -1.1873789E-05  -2.1759022E-01   4.5690129E-01  -1.0975112E+00   7.2660895E-01   1.4955052E-01  -1.7994093E-02   7.2323387E-02   4.7269797E-03  -1.4182432E-01   1.2508820E-03   7.1755585E-03   4.1304793E-04  -1.6754089E-02  -1.3716767E-05   1.0862069E-04   4.3086523E-05   3.4512751E-05
  1.2072093E-06   1.2632158E-06   2.4158204E-07  -4.4564052E-05   9.8993470E-04  -3.8038847E-05   6.5612384E-05  -5.3956672E-07  -4.9544342E-01   8.6173807E-01   3.8714363E-01  -2.4654605E-01  -2.3357769E-03   1.2885794E-02   4.7269797E-03   8.2990384E-02   1.1625718E-02  -2.2766308E-04  -1.8680619E-04   6.6134682E-04   9.8253163E-04   1.5140296E-05  -1.2995232E-05  -2.8767963E-05   8.4634152E-06
 -4.6911428E-05   1.9880552E-04  -2.1921476E-05  -3.5644654E-04  -1.5948086E-02  -1.2338665E-03  -2.3540825E-03   2.5813712E-05   1.1547407E+01  -7.6056092E+00  -7.5265410E+00  -2.0026708E+00  -3.3253586E+00  -1.0591159E-01  -1.4182432E-01   1.1625718E-02   7.0129572E+00   1.6306475E-02   5.5407558E-03  -8.2749548E-03  -5.1787137E-02  -3.7262479E-04   1.1012670E-04   1.8257047E-04  -3.2893354E-04
 -7.3728176E-08  -4.2152814E-07  -2.2370675E-07  -3.1313278E-05  -2.6337403E-04  -8.2383932E-05   1.6721805E-06  -1.9654292E-06  -5.6329984E-02  -1.5327079E-02  -2.1488159E-02   3.3764959E-04  -1.4215758E-02  -9.1159619E-04   1.2508820E-03  -2.2766308E-04   1.6306475E-02   3.8512714E-02   2.7229950E-03  -3.2099864E-05  -2.0229415E-04   3.5509372E-05  -7.5554055E-07   1.3257676E-05  -1.1711874E-05
 -5.4990848E-07   1.3618881E-06  -1.2188054E-08   3.6860725E-06  -5.7873239E-04  -7.9367276E-05  -3.2044264E-05   3.2161010E-06   2.6379084E-01  -2.3023912E-01  -2.5334380E-01   1.5826872E-01  -4.5330982E-03  -1.0779502E-03   7.1755585E-03  -1.8680619E-04   5.5407558E-03   2.7229950E-03   3.0542748E-02  -9.2997244E-04   5.2026182E-03  -8.0803757E-05  -4.5226423E-05  -5.7604254E-05  -6.5924797E-05
  7.2267818E-07  -5.2302143E-07  -6.5114015E-07   5.6218328E-06   1.4724703E-04   3.6598402E-05   2.1512174E-05   7.5880628E-06  -2.6888206E-01   6.8687754E-02   5.6766794E-01  -4.5412018E-01   1.5068098E-02  -3.0957370E-03   4.1304793E-04   6.6134682E-04  -8.2749548E-03  -3.2099864E-05  -9.2997244E-04   1.0948786E-02   8.3246284E-03   4.2649662E-06   6.5728884E-05  -1.1571478E-05  -8.7808355E-06
 -8.7063147E-07   3.5065977E-06  -1.3294103E-06  -3.2950496E-06  -4.2793842E-04  -4.2040331E-06  -3.1484523E-05   6.6949874E-06  -2.2903754E-01   8.2489009E-02  -1.9325023E-02  -8.9511986E-02   6.4942244E-02   5.3430204E-03  -1.6754089E-02   9.8253163E-04  -5.1787137E-02  -2.0229415E-04   5.2026182E-03   8.3246284E-03   2.6032273E-02  -2.0457120E-06   5.8280732E-05  -1.6339253E-05  -1.1849594E-05
  2.4911490E-09  -2.5204287E-08   3.0495079E-09  -2.1881423E-07   1.2404908E-06   1.6104456E-07  -2.9808122E-07   3.2103156E-09   6.9569309E-03   9.8230012E-04   1.8321325E-03  -6.0449649E-04   4.3003429E-04   1.9870777E-05  -1.3716767E-05   1.5140296E-05  -3.7262479E-04   3.5509372E-05  -8.0803757E-05   4.2649662E-06  -2.0457120E-06   1.1015518E-06   4.0274773E-08   3.0319182E-07   6.8051173E-07
 -1.2283804E-08   3.5204616E-08  -1.1107783E-08  -3.1628493E-07  -5.9330568E-06  -7.1212769E-07  -5.2272325E-07  -6.1633925E-08   2.4318756E-03   8.6034076E-04  -7.6943788E-03   3.0740237E-03  -2.2491009E-04  -4.2471780E-05   1.0862069E-04  -1.2995232E-05   1.1012670E-04  -7.5554055E-07  -4.5226423E-05   6.5728884E-05   5.8280732E-05   4.0274773E-08   2.5113009E-06   4.1433519E-07   2.7920899E-07
 -2.3402654E-07   4.3830417E-07  -1.3280041E-07  -8.0841242E-07  -1.3209252E-04  -6.1991034E-07  -2.9795699E-06   2.3507854E-08   9.1270505E-03   5.4625968E-03  -6.8624733E-04   2.1946066E-03  -3.5145504E-04  -1.7120575E-05   4.3086523E-05  -2.8767963E-05   1.8257047E-04   1.3257676E-05  -5.7604254E-05  -1.1571478E-05  -1.6339253E-05   3.0319182E-07   4.1433519E-07   2.7722090E-05   9.8190220E-06
 -3.1340049E-07  -1.8049359E-07  -4.1201775E-08  -9.0687590E-08  -5.9804442E-05   2.1366368E-06  -4.4204297E-06   1.3162464E-07   1.3967765E-02   7.9247696E-03   1.3470789E-03   1.7166442E-03  -4.0432292E-04  -1.2200200E-05   3.4512751E-05   8.4634152E-06  -3.2893354E-04  -1.1711874E-05  -6.5924797E-05  -8.7808355E-06  -1.1849594E-05   6.8051173E-07   2.7920899E-07   9.8190220E-06   2.4725654E-05
