# omegabh2 omegach2 theta tau w logA ns calPlanck acib217 xi asz143 aps100 aps143 aps143217 aps217 aksz kgal100 kgal143 kgal143217 kgal217 cal0 cal2
    0.5489318E-07   -0.2826923E-06    0.5357377E-07    0.1909647E-05   -0.1960568E-05    0.3306709E-05    0.8379360E-06    0.2715449E-07   -0.2236988E-03    0.4577022E-05    0.6776461E-04   -0.1034950E-02   -0.5801424E-03   -0.1365380E-03    0.2822007E-04   -0.8679185E-04    0.1112016E-04    0.6470517E-05   -0.1153864E-04    0.2945705E-05    0.2903706E-08   -0.3095176E-07
   -0.2826923E-06    0.4822271E-05   -0.4884460E-06   -0.1922034E-04   -0.3322214E-04   -0.2751766E-04   -0.1127980E-04   -0.2529051E-06    0.8577314E-03   -0.1531791E-04   -0.2647348E-03    0.4008521E-02    0.2461432E-02    0.8305372E-03    0.4225319E-04    0.2977012E-03   -0.4300455E-04   -0.1769705E-04    0.7578530E-04    0.7397134E-04   -0.2647462E-07    0.1200731E-06
    0.5357377E-07   -0.4884460E-06    0.2364538E-06    0.2679085E-05    0.3658349E-05    0.4509014E-05    0.1468801E-05    0.4756364E-07   -0.1133432E-03    0.3793659E-05    0.3838985E-04   -0.6214234E-03   -0.3533327E-03   -0.9461622E-04   -0.9986845E-05   -0.5592977E-04    0.1927286E-04    0.9452933E-05   -0.3028036E-04   -0.6776486E-04    0.1626036E-08   -0.3086801E-07
    0.1909647E-05   -0.1922034E-04    0.2679085E-05    0.3845384E-03    0.6523380E-03    0.7213958E-03    0.6092432E-04   -0.1113472E-05   -0.1618728E-01    0.3789239E-03    0.3066338E-02   -0.6504175E-01   -0.2690223E-01   -0.2932992E-02    0.7821901E-02   -0.5641288E-02   -0.1763243E-04   -0.1087346E-02   -0.2650128E-02   -0.4688607E-03    0.1258653E-06   -0.1874233E-05
   -0.1960568E-05   -0.3322214E-04    0.3658349E-05    0.6523380E-03    0.8894816E-01    0.1168943E-02    0.1124052E-03   -0.9857597E-05   -0.1165533E-01   -0.3007216E-03    0.2819117E-02    0.3717331E-01    0.2747192E-01    0.2670063E-01    0.1225079E-01    0.1485399E-01   -0.2685810E-02   -0.3574858E-02    0.3624175E-02    0.1550843E-01    0.1713341E-05    0.2338433E-05
    0.3306709E-05   -0.2751766E-04    0.4509014E-05    0.7213958E-03    0.1168943E-02    0.1400778E-02    0.9484708E-04    0.9499714E-05   -0.3038831E-01    0.7579082E-03    0.5661991E-02   -0.1176050E+00   -0.4658030E-01   -0.6276438E-03    0.2195731E-01   -0.1184993E-01   -0.2507637E-03   -0.2873066E-02   -0.5750296E-02    0.4737301E-03    0.4379812E-06   -0.3592314E-05
    0.8379360E-06   -0.1127980E-04    0.1468801E-05    0.6092432E-04    0.1124052E-03    0.9484708E-04    0.3725519E-04    0.6723702E-06   -0.6667584E-02    0.1646522E-03    0.1673346E-02   -0.3333239E-01   -0.1161563E-01    0.9079290E-03    0.5199610E-02   -0.3008940E-02    0.4508033E-03   -0.1104727E-03   -0.5908459E-03    0.5229351E-03   -0.1200433E-06   -0.6634252E-06
    0.2715449E-07   -0.2529051E-06    0.4756364E-07   -0.1113472E-05   -0.9857597E-05    0.9499714E-05    0.6723702E-06    0.6076134E-05    0.8855242E-03   -0.1140538E-04    0.4232359E-04    0.3036469E-02    0.4912357E-03    0.3424065E-03    0.1163084E-02   -0.1614528E-03    0.3735509E-04   -0.5386665E-04   -0.2511856E-04    0.7582961E-03   -0.7254151E-08    0.1022970E-07
   -0.2236988E-03    0.8577314E-03   -0.1133432E-03   -0.1618728E-01   -0.1165533E-01   -0.3038831E-01   -0.6667584E-02    0.8855242E-03    0.4351163E+02   -0.5089115E+00   -0.1623912E+01    0.4116634E+02    0.9247665E+00   -0.2104208E+02   -0.6067048E+02    0.4772434E+00   -0.1260421E+00    0.2035708E-01   -0.1785809E+01   -0.1817926E+02   -0.3313163E-03    0.4423107E-02
    0.4577022E-05   -0.1531791E-04    0.3793659E-05    0.3789239E-03   -0.3007216E-03    0.7579082E-03    0.1646522E-03   -0.1140538E-04   -0.5089115E+00    0.8117547E-01   -0.6957806E-01   -0.5795487E+00    0.1002659E+01    0.1893364E+01    0.7808355E+00    0.5940517E-01    0.2814540E-02   -0.1287092E-03    0.9512332E-01    0.1033169E+00    0.6604744E-05   -0.2096072E-04
    0.6776461E-04   -0.2647348E-03    0.3838985E-04    0.3066338E-02    0.2819117E-02    0.5661991E-02    0.1673346E-02    0.4232359E-04   -0.1623912E+01   -0.6957806E-01    0.3623714E+01   -0.2816698E+02   -0.4369357E+01    0.7081163E+01    0.6179218E+01   -0.2510685E+01   -0.1464368E+00    0.1457671E+00    0.2288454E+01    0.2075085E+01    0.1688514E-03   -0.3363714E-03
   -0.1034950E-02    0.4008521E-02   -0.6214234E-03   -0.6504175E-01    0.3717331E-01   -0.1176050E+00   -0.3333239E-01    0.3036469E-02    0.4116634E+02   -0.5795487E+00   -0.2816698E+02    0.7621877E+03    0.7234827E+02   -0.5563428E+02   -0.6495543E+02    0.1257527E+02   -0.4268321E+01    0.2843965E+01   -0.1029344E+02   -0.1505229E+02    0.6268122E-02    0.3806319E-02
   -0.5801424E-03    0.2461432E-02   -0.3533327E-03   -0.2690223E-01    0.2747192E-01   -0.4658030E-01   -0.1161563E-01    0.4912357E-03    0.9247665E+00    0.1002659E+01   -0.4369357E+01    0.7234827E+02    0.6384018E+02    0.4495407E+02    0.1822265E+02   -0.3863212E+01   -0.4979863E+00   -0.1419894E+01    0.3574916E+01    0.3678842E+01    0.1618162E-03    0.3276695E-03
   -0.1365380E-03    0.8305372E-03   -0.9461622E-04   -0.2932992E-02    0.2670063E-01   -0.6276438E-03    0.9079290E-03    0.3424065E-03   -0.2104208E+02    0.1893364E+01    0.7081163E+01   -0.5563428E+02    0.4495407E+02    0.9826409E+02    0.6647565E+02   -0.1115075E+02   -0.5571359E+00   -0.4476710E+00    0.4115278E+01    0.4699783E+01    0.7697130E-03   -0.2518934E-02
    0.2822007E-04    0.4225319E-04   -0.9986845E-05    0.7821901E-02    0.1225079E-01    0.2195731E-01    0.5199610E-02    0.1163084E-02   -0.6067048E+02    0.7808355E+00    0.6179218E+01   -0.6495543E+02    0.1822265E+02    0.6647565E+02    0.1208486E+03   -0.9750351E+01   -0.2481594E+00   -0.3808956E+00   -0.1141062E+01    0.1441747E+02    0.8379857E-03   -0.7636409E-02
   -0.8679185E-04    0.2977012E-03   -0.5592977E-04   -0.5641288E-02    0.1485399E-01   -0.1184993E-01   -0.3008940E-02   -0.1614528E-03    0.4772434E+00    0.5940517E-01   -0.2510685E+01    0.1257527E+02   -0.3863212E+01   -0.1115075E+02   -0.9750351E+01    0.5733047E+01    0.8583945E-01   -0.5579619E-01   -0.1739476E+01   -0.1444338E+01   -0.1399421E-03    0.1682749E-03
    0.1112016E-04   -0.4300455E-04    0.1927286E-04   -0.1763243E-04   -0.2685810E-02   -0.2507637E-03    0.4508033E-03    0.3735509E-04   -0.1260421E+00    0.2814540E-02   -0.1464368E+00   -0.4268321E+01   -0.4979863E+00   -0.5571359E+00   -0.2481594E+00    0.8583945E-01    0.3512690E+01    0.4243600E+00    0.1500779E+00    0.3155946E+00    0.3003095E-03    0.6402803E-06
    0.6470517E-05   -0.1769705E-04    0.9452933E-05   -0.1087346E-02   -0.3574858E-02   -0.2873066E-02   -0.1104727E-03   -0.5386665E-04    0.2035708E-01   -0.1287092E-03    0.1457671E+00    0.2843965E+01   -0.1419894E+01   -0.4476710E+00   -0.3808956E+00   -0.5579619E-01    0.4243600E+00    0.3403604E+01    0.2646193E+01    0.1825480E+01   -0.2791752E-03   -0.2126998E-03
   -0.1153864E-04    0.7578530E-04   -0.3028036E-04   -0.2650128E-02    0.3624175E-02   -0.5750296E-02   -0.5908459E-03   -0.2511856E-04   -0.1785809E+01    0.9512332E-01    0.2288454E+01   -0.1029344E+02    0.3574916E+01    0.4115278E+01   -0.1141062E+01   -0.1739476E+01    0.1500779E+00    0.2646193E+01    0.1732799E+02    0.2581259E+02   -0.1208923E-04    0.2529333E-02
    0.2945705E-05    0.7397134E-04   -0.6776486E-04   -0.4688607E-03    0.1550843E-01    0.4737301E-03    0.5229351E-03    0.7582961E-03   -0.1817926E+02    0.1033169E+00    0.2075085E+01   -0.1505229E+02    0.3678842E+01    0.4699783E+01    0.1441747E+02   -0.1444338E+01    0.3155946E+00    0.1825480E+01    0.2581259E+02    0.5449343E+02    0.9029183E-04    0.4474621E-02
    0.2903706E-08   -0.2647462E-07    0.1626036E-08    0.1258653E-06    0.1713341E-05    0.4379812E-06   -0.1200433E-06   -0.7254151E-08   -0.3313163E-03    0.6604744E-05    0.1688514E-03    0.6268122E-02    0.1618162E-03    0.7697130E-03    0.8379857E-03   -0.1399421E-03    0.3003095E-03   -0.2791752E-03   -0.1208923E-04    0.9029183E-04    0.6019689E-06   -0.1412726E-07
   -0.3095176E-07    0.1200731E-06   -0.3086801E-07   -0.1874233E-05    0.2338433E-05   -0.3592314E-05   -0.6634252E-06    0.1022970E-07    0.4423107E-02   -0.2096072E-04   -0.3363714E-03    0.3806319E-02    0.3276695E-03   -0.2518934E-02   -0.7636409E-02    0.1682749E-03    0.6402803E-06   -0.2126998E-03    0.2529333E-02    0.4474621E-02   -0.1412726E-07    0.2066421E-05
