# omegabh2 omegach2 theta tau logA ns calPlanck aps100 aps143 aps217 acib217 asz143 psr cibr xi aksz dust100 dust143 dust217 dust143x217 cal0 cal2
  4.6511662E-08  -9.7357102E-08   3.0039636E-08   2.4468843E-06   4.7841962E-06   5.0936924E-07   9.9023297E-09  -1.0758487E-03  -6.4182779E-04   2.0375403E-04  -3.0716177E-04   5.5716093E-05   2.9540602E-06  -5.3841777E-06   2.2396164E-06  -9.3776481E-05   5.2168050E-07  -1.0947754E-06   1.8347114E-06   1.3022868E-07   4.1077615E-09  -1.7592183E-08
 -9.7357102E-08   1.6728729E-06  -8.6470980E-08  -1.3255542E-05  -2.2434338E-05  -4.3260823E-06  -3.7715549E-08   1.8275713E-03   1.5636025E-03  -6.9136494E-05   4.9591478E-04  -5.2981357E-05  -5.2484427E-06   1.5060918E-05  -6.5126081E-06   1.2089606E-04  -1.2144736E-06  -1.6733399E-06  -8.4610927E-07  -4.3894210E-07  -1.0135201E-08   5.4671236E-08
  3.0039636E-08  -8.6470980E-08   1.8915496E-07   1.9296706E-06   3.8909418E-06   5.6720733E-07   2.8271140E-08  -1.0030456E-04  -2.0985107E-04   3.9677266E-05  -1.3516377E-04  -9.8683657E-06  -7.3542024E-07  -2.2843061E-06  -9.8862245E-07  -2.6656247E-06   4.9137627E-07  -1.1032181E-06   1.3083530E-06  -4.7212190E-07  -1.3235702E-09   2.7859254E-09
  2.4468843E-06  -1.3255542E-05   1.9296706E-06   7.5599130E-04   1.4696489E-03   7.8604570E-05  -3.5069040E-06  -1.3646336E-01  -6.4988504E-02   3.9878334E-02  -3.8780661E-02   3.9398653E-03   3.6255110E-04  -7.3449936E-04   3.0368512E-04  -1.2268613E-02  -1.2579113E-04  -2.2709602E-04   1.1915339E-04  -1.5032174E-04  -3.9854390E-07  -3.2899009E-06
  4.7841962E-06  -2.2434338E-05   3.8909418E-06   1.4696489E-03   2.8933473E-03   1.4468152E-04   5.1082909E-06  -2.6225266E-01  -1.2438223E-01   8.6646605E-02  -7.7458007E-02   7.8329142E-03   7.3488902E-04  -1.4800365E-03   6.3722118E-04  -2.5130884E-02  -2.7170253E-04  -5.5649765E-04   2.6717412E-04  -3.0131802E-04  -1.8310221E-07  -6.2963976E-06
  5.0936924E-07  -4.3260823E-06   5.6720733E-07   7.8604570E-05   1.4468152E-04   2.5284520E-05   1.0298073E-08  -3.6905320E-02  -1.4633361E-02   1.1978994E-02  -9.7315758E-03   7.8719769E-04   9.5337357E-05  -1.9609993E-04   8.3807861E-05  -3.0335376E-03   9.8094241E-06  -3.0720261E-05   3.8997469E-05  -2.5854331E-05  -4.7106600E-07  -7.0355088E-07
  9.9023297E-09  -3.7715549E-08   2.8271140E-08  -3.5069040E-06   5.1082909E-06   1.0298073E-08   6.0310330E-06   3.6654005E-03   6.7869946E-04   1.1426360E-03   6.5706960E-04  -1.4699833E-05  -2.7421939E-06   2.9567818E-06   4.2867655E-06  -2.4645333E-05  -3.9009869E-06   1.4399230E-06   6.9851406E-06   4.6455949E-06  -1.3893438E-08   4.1606750E-08
 -1.0758487E-03   1.8275713E-03  -1.0030456E-04  -1.3646336E-01  -2.6225266E-01  -3.6905320E-02   3.6654005E-03   6.3795971E+02   6.9493461E+01  -6.3918693E+01   3.8733193E+01  -2.5605747E+01  -1.1087469E+00   1.6750003E-01  -5.2399349E-01   1.4431387E+01  -1.5545330E-01   3.2143902E-01  -2.8551764E-01  -2.5558000E-01   7.1707704E-03   3.3803691E-03
 -6.4182779E-04   1.5636025E-03  -2.0985107E-04  -6.4988504E-02  -1.2438223E-01  -1.4633361E-02   6.7869946E-04   6.9493461E+01   7.2754962E+01   4.6619502E+00   1.0272117E+01  -1.0061025E+00  -8.7905075E-02   5.4068227E-01   8.7003380E-01  -6.5118484E+00  -1.1751318E-02  -1.7858609E-01   3.6143925E-02   5.5878354E-02   7.2269999E-04   9.2010992E-04
  2.0375403E-04  -6.9136494E-05   3.9677266E-05   3.9878334E-02   8.6646605E-02   1.1978994E-02   1.1426360E-03  -6.3918693E+01   4.6619502E+00   1.7394116E+02  -8.4325884E+01   2.4555638E+00   3.0918470E-01  -1.0770937E+00   3.3263960E-01  -7.5221501E+00  -5.3733972E-02  -2.7236673E-01   5.8714658E-01  -4.5053029E-02   1.2502009E-03  -7.3359774E-03
 -3.0716177E-04   4.9591478E-04  -1.3516377E-04  -3.8780661E-02  -7.7458007E-02  -9.7315758E-03   6.5706960E-04   3.8733193E+01   1.0272117E+01  -8.4325884E+01   5.4183617E+01   1.5395230E+00  -4.0667841E-02   7.9102289E-01  -2.5119314E-01  -1.9994441E+00   1.0924363E-02   1.8367105E-01  -4.7714949E-01  -9.9236277E-02  -4.4351397E-04   3.0709270E-03
  5.5716093E-05  -5.2981357E-05  -9.8683657E-06   3.9398653E-03   7.8329142E-03   7.8719769E-04  -1.4699833E-05  -2.5605747E+01  -1.0061025E+00   2.4555638E+00   1.5395230E+00   4.3230661E+00   1.1093384E-01   1.5253822E-01  -2.6601649E-02  -3.4864920E+00  -1.5685910E-02  -7.3146930E-03   6.8729090E-03   4.9249765E-02   3.9212277E-04  -2.6275714E-04
  2.9540602E-06  -5.2484427E-06  -7.3542024E-07   3.6255110E-04   7.3488902E-04   9.5337357E-05  -2.7421939E-06  -1.1087469E+00  -8.7905075E-02   3.0918470E-01  -4.0667841E-02   1.1093384E-01   1.7682560E-02  -1.7337481E-02   1.2033234E-02  -1.0767746E-01  -4.2022146E-04  -1.8911923E-03  -2.7372015E-03   5.0411229E-03   1.3419176E-05  -3.2920959E-05
 -5.3841777E-06   1.5060918E-05  -2.2843061E-06  -7.3449936E-04  -1.4800365E-03  -1.9609993E-04   2.9567818E-06   1.6750003E-01   5.4068227E-01  -1.0770937E+00   7.9102289E-01   1.5253822E-01  -1.7337481E-02   7.2017737E-02   4.7484226E-03  -1.5325860E-01   1.0121816E-03   8.7226166E-03  -1.2448980E-03  -1.8390392E-02  -7.5299486E-06   8.8055514E-05
  2.2396164E-06  -6.5126081E-06  -9.8862245E-07   3.0368512E-04   6.3722118E-04   8.3807861E-05   4.2867655E-06  -5.2399349E-01   8.7003380E-01   3.3263960E-01  -2.5119314E-01  -2.6601649E-02   1.2033234E-02   4.7484226E-03   8.2261138E-02   2.3369223E-02   3.3978428E-04   9.3305565E-04   1.1463414E-03   6.6854161E-04   6.3586933E-06  -7.9822895E-06
 -9.3776481E-05   1.2089606E-04  -2.6656247E-06  -1.2268613E-02  -2.5130884E-02  -3.0335376E-03  -2.4645333E-05   1.4431387E+01  -6.5118484E+00  -7.5221501E+00  -1.9994441E+00  -3.4864920E+00  -1.0767746E-01  -1.5325860E-01   2.3369223E-02   7.3080575E+00   2.7971874E-03  -7.2917817E-03  -5.7024508E-03  -4.0521193E-02  -2.4701670E-04   1.2806348E-04
  5.2168050E-07  -1.2144736E-06   4.9137627E-07  -1.2579113E-04  -2.7170253E-04   9.8094241E-06  -3.9009869E-06  -1.5545330E-01  -1.1751318E-02  -5.3733972E-02   1.0924363E-02  -1.5685910E-02  -4.2022146E-04   1.0121816E-03   3.3978428E-04   2.7971874E-03   3.8048640E-02   3.0175550E-03   3.2756591E-04   4.1890959E-04   3.5578283E-05   5.8517471E-06
 -1.0947754E-06  -1.6733399E-06  -1.1032181E-06  -2.2709602E-04  -5.5649765E-04  -3.0720261E-05   1.4399230E-06   3.2143902E-01  -1.7858609E-01  -2.7236673E-01   1.8367105E-01  -7.3146930E-03  -1.8911923E-03   8.7226166E-03   9.3305565E-04  -7.2917817E-03   3.0175550E-03   3.1908606E-02  -6.4634503E-04   5.6571431E-03  -8.2760954E-05  -3.8900691E-05
  1.8347114E-06  -8.4610927E-07   1.3083530E-06   1.1915339E-04   2.6717412E-04   3.8997469E-05   6.9851406E-06  -2.8551764E-01   3.6143925E-02   5.8714658E-01  -4.7714949E-01   6.8729090E-03  -2.7372015E-03  -1.2448980E-03   1.1463414E-03  -5.7024508E-03   3.2756591E-04  -6.4634503E-04   1.0936348E-02   8.6054821E-03   3.3745022E-06   6.0519809E-05
  1.3022868E-07  -4.3894210E-07  -4.7212190E-07  -1.5032174E-04  -3.0131802E-04  -2.5854331E-05   4.6455949E-06  -2.5558000E-01   5.5878354E-02  -4.5053029E-02  -9.9236277E-02   4.9249765E-02   5.0411229E-03  -1.8390392E-02   6.6854161E-04  -4.0521193E-02   4.1890959E-04   5.6571431E-03   8.6054821E-03   2.6879218E-02  -6.1343464E-06   6.2206222E-05
  4.1077615E-09  -1.0135201E-08  -1.3235702E-09  -3.9854390E-07  -1.8310221E-07  -4.7106600E-07  -1.3893438E-08   7.1707704E-03   7.2269999E-04   1.2502009E-03  -4.4351397E-04   3.9212277E-04   1.3419176E-05  -7.5299486E-06   6.3586933E-06  -2.4701670E-04   3.5578283E-05  -8.2760954E-05   3.3745022E-06  -6.1343464E-06   1.1137963E-06   7.6547524E-08
 -1.7592183E-08   5.4671236E-08   2.7859254E-09  -3.2899009E-06  -6.2963976E-06  -7.0355088E-07   4.1606750E-08   3.3803691E-03   9.2010992E-04  -7.3359774E-03   3.0709270E-03  -2.6275714E-04  -3.2920959E-05   8.8055514E-05  -7.9822895E-06   1.2806348E-04   5.8517471E-06  -3.8900691E-05   6.0519809E-05   6.2206222E-05   7.6547524E-08   2.3987751E-06
