# omegabh2 omegach2 theta tau mnu nnu logA ns calPlanck acib217 xi asz143 aps100 aps143 aps143217 aps217 aksz kgal100 kgal143 kgal143217 kgal217 galfTE100 galfTE100143 galfTE100217 galfTE143 galfTE143217 galfTE217 cal0 cal2
  2.8956825E-08   1.9864732E-07  -1.8037412E-08   2.2060233E-07   7.4413067E-07   1.5819449E-05   1.0856976E-06   6.7346930E-07   1.7170058E-08   2.9002309E-05  -2.2160377E-06   1.3565381E-05   2.8328026E-05  -1.1045319E-05  -5.0654024E-07   1.9963079E-06  -4.7533906E-06   4.1268132E-06   3.0644875E-06   4.4719544E-06  -9.4827105E-06  -5.2108801E-08  -1.0446342E-07  -3.1691097E-07  -1.6123332E-07  -6.2722599E-07  -1.9278111E-06   2.6114036E-09   5.7211604E-10
  1.9864732E-07   6.4308886E-06  -6.7708652E-07  -1.6657275E-06   8.2251316E-06   3.5191541E-04   1.2806942E-05   9.7935603E-06  -2.3691418E-07   1.9882911E-03  -3.5316715E-05  -2.3375741E-04   8.9102304E-03   4.6271103E-03   1.6230399E-03  -4.2373835E-04   7.6880417E-04   3.9275327E-05   2.6346232E-04   4.0872127E-04  -1.8597232E-04   6.2019575E-07   7.3336610E-08   2.4218949E-06  -1.7922960E-07  -1.5632260E-06   1.2033041E-05  -1.4596983E-08   5.3296365E-08
 -1.8037412E-08  -6.7708652E-07   1.5286398E-07   5.4254191E-08  -1.4716754E-06  -4.0254054E-05  -1.5604686E-06  -1.1668760E-06   3.0676991E-09  -2.4083116E-04   4.4707874E-06   3.1349275E-05  -1.0480887E-03  -5.1747645E-04  -1.7573009E-04   8.1117174E-05  -8.1516777E-05  -1.3748734E-05  -2.1655764E-05  -2.9830096E-05   4.4691803E-05  -1.1382989E-07   2.8668033E-08  -5.4949932E-07   4.4393209E-08  -3.1052635E-07  -2.3289767E-06  -3.0576664E-09  -5.3548599E-09
  2.2060233E-07  -1.6657275E-06   5.4254191E-08   5.4641624E-05   5.3296132E-05   5.6196679E-05   1.0124694E-04   1.1138284E-05  -1.5156565E-06  -9.2477602E-04   3.2164927E-05   1.1228250E-05  -7.5685127E-03  -2.7066002E-03  -9.9229867E-04  -3.8018438E-04  -4.2351590E-04   3.2473976E-04  -1.0337429E-04  -5.0490604E-04  -6.9044008E-04  -5.3599256E-06  -8.1024870E-06  -6.4458286E-06  -1.3565308E-05  -4.1687218E-06  -3.7900382E-05  -7.7024055E-08  -2.2067527E-08
  7.4413067E-07   8.2251316E-06  -1.4716754E-06   5.3296132E-05   1.2475031E-03   7.4987200E-04   1.3336408E-04   3.3258317E-05   2.0188442E-06   1.4575158E-03  -8.5219197E-05  -1.5603821E-03   7.7820506E-03   9.8094488E-03   1.1814654E-03   4.4439895E-04   2.2662805E-03  -3.5705217E-04   1.1839352E-03   1.6011826E-03   3.6242725E-03  -3.2243291E-05  -4.8249875E-06   8.6502708E-07   4.4819061E-05   2.8951301E-05  -1.1044001E-04  -5.5027982E-07   2.9883059E-07
  1.5819449E-05   3.5191541E-04  -4.0254054E-05   5.6196679E-05   7.4987200E-04   2.2300354E-02   1.0116371E-03   7.5597062E-04  -9.6401403E-06   1.2481708E-01  -2.5178097E-03  -1.2252410E-02   4.8840224E-01   2.5320788E-01   8.5836913E-02  -3.4184303E-02   4.3185216E-02   5.2630177E-03   1.4854034E-02   1.8334653E-02  -2.2936328E-02   4.5903033E-05  -4.1703301E-05  -2.6775980E-06  -7.0552748E-05  -1.1045795E-04   2.8086100E-04  -7.2147806E-07   3.1582930E-06
  1.0856976E-06   1.2806942E-05  -1.5604686E-06   1.0124694E-04   1.3336408E-04   1.0116371E-03   2.5494324E-04   4.6174691E-05   8.5062117E-06   3.0638097E-03  -4.7674105E-06  -3.3704025E-04   8.2361210E-03   6.9111903E-03   4.5644416E-03   3.8821750E-03   5.1931066E-05   4.2680341E-04  -1.2167942E-04  -2.0429966E-04  -8.0508000E-05  -1.3356426E-05  -1.8400585E-05  -7.7838349E-06  -2.7938059E-05  -1.9540277E-05  -2.1920061E-05  -7.9117742E-08   1.4226444E-07
  6.7346930E-07   9.7935603E-06  -1.1668760E-06   1.1138284E-05   3.3258317E-05   7.5597062E-04   4.6174691E-05   3.9471335E-05  -2.5828309E-07   7.2446904E-04  -2.3690686E-05   3.5487402E-04  -4.2341287E-03   2.3666835E-03   3.5682978E-03   2.6443409E-03  -3.9815395E-04   6.9260619E-04   2.0472747E-04   8.4805374E-05  -2.4705944E-04  -2.9419396E-07  -3.0422257E-06  -4.4570650E-06  -5.7781545E-06   4.7524245E-07   4.1208636E-06  -1.2319842E-07   1.5671849E-08
  1.7170058E-08  -2.3691418E-07   3.0676991E-09  -1.5156565E-06   2.0188442E-06  -9.6401403E-06   8.5062117E-06  -2.5828309E-07   5.9147565E-06   5.0277062E-04  -5.5301055E-06   1.3159798E-04   1.9313649E-03   1.6221959E-04   4.5059350E-04   1.4904355E-03  -2.1848182E-04   1.4207874E-06  -2.2684490E-05   1.3958945E-04   1.0122865E-03  -1.7079364E-06  -8.0059922E-07  -8.2599562E-08  -2.2608830E-07  -1.5278771E-06   1.9645135E-05  -1.5820827E-08   2.2150297E-08
  2.9002309E-05   1.9882911E-03  -2.4083116E-04  -9.2477602E-04   1.4575158E-03   1.2481708E-01   3.0638097E-03   7.2446904E-04   5.0277062E-04   4.4006156E+01  -4.0148071E-01  -5.7086475E-01   3.1833837E+01   2.2880720E+00  -1.1860026E+01  -5.3773627E+01  -3.0246551E-01   2.3303543E-02   3.8163447E-01  -5.8181295E+00  -3.3083621E+01   3.0739434E-03   7.5969548E-04   7.9984792E-03   3.4418539E-03  -1.9633763E-03   8.6952446E-04  -1.7664528E-04   7.0108256E-04
 -2.2160377E-06  -3.5316715E-05   4.4707874E-06   3.2164927E-05  -8.5219197E-05  -2.5178097E-03  -4.7674105E-06  -2.3690686E-05  -5.5301055E-06  -4.0148071E-01   7.8849006E-02  -3.2721911E-02  -7.9209842E-01   8.7291813E-01   1.6690804E+00   6.4379289E-01   4.3963982E-02  -4.9800055E-03   7.0893491E-03   1.0923567E-01   1.5320888E-01  -3.6989181E-04  -1.4153849E-04   2.2870154E-04  -3.0266844E-04   5.3894110E-04   2.3330327E-03   1.1196867E-06  -5.2298952E-06
  1.3565381E-05  -2.3375741E-04   3.1349275E-05   1.1228250E-05  -1.5603821E-03  -1.2252410E-02  -3.3704025E-04   3.5487402E-04   1.3159798E-04  -5.7086475E-01  -3.2721911E-02   3.7056397E+00  -2.9588642E+01  -3.6023247E+00   7.3361886E+00   4.7661759E+00  -2.4503237E+00  -2.4361096E-01   1.7618877E-01   2.3904661E+00   2.6694832E+00   5.8955647E-04   7.5729488E-04  -2.2847187E-03   8.0199162E-04   2.1787168E-03  -2.7454860E-04   1.0184946E-04  -6.2553933E-05
  2.8328026E-05   8.9102304E-03  -1.0480887E-03  -7.5685127E-03   7.7820506E-03   4.8840224E-01   8.2361210E-03  -4.2341287E-03   1.9313649E-03   3.1833837E+01  -7.9209842E-01  -2.9588642E+01   7.6944214E+02   7.2157096E+01  -5.5752278E+01  -5.3581128E+01   1.1941992E+01  -5.8021155E+00   5.0409698E+00  -9.5136870E+00  -1.5680110E+01   1.5415316E-02  -5.8453926E-03   3.5066099E-02   2.5903299E-02  -1.2497987E-03  -1.0227511E-02   3.7822206E-03   1.0349412E-03
 -1.1045319E-05   4.6271103E-03  -5.1747645E-04  -2.7066002E-03   9.8094488E-03   2.5320788E-01   6.9111903E-03   2.3666835E-03   1.6221959E-04   2.2880720E+00   8.7291813E-01  -3.6023247E+00   7.2157096E+01   6.2387563E+01   3.8751789E+01   1.3918750E+01  -3.8842750E+00  -3.2335374E-01  -1.4020471E+00   3.2734443E+00   3.9348107E+00  -1.8578797E-03  -1.8973959E-03  -7.6887678E-05  -1.9059433E-03   5.4406644E-03   2.1888394E-02   9.4029298E-05   2.3455841E-04
 -5.0654024E-07   1.6230399E-03  -1.7573009E-04  -9.9229867E-04   1.1814654E-03   8.5836913E-02   4.5644416E-03   3.5682978E-03   4.5059350E-04  -1.1860026E+01   1.6690804E+00   7.3361886E+00  -5.5752278E+01   3.8751789E+01   8.3171574E+01   5.0466296E+01  -1.0248352E+01  -8.0600235E-01  -5.4147833E-01   4.4015192E+00   6.6142109E+00  -3.6930099E-03  -6.1767423E-04  -6.3588514E-03  -3.4294982E-03   1.6182393E-02   2.7877001E-02   3.4413052E-04  -4.1806816E-04
  1.9963079E-06  -4.2373835E-04   8.1117174E-05  -3.8018438E-04   4.4439895E-04  -3.4184303E-02   3.8821750E-03   2.6443409E-03   1.4904355E-03  -5.3773627E+01   6.4379289E-01   4.7661759E+00  -5.3581128E+01   1.3918750E+01   5.0466296E+01   1.0104290E+02  -8.1138167E+00  -4.1947043E-01  -8.3747453E-01   5.3382200E+00   3.2502714E+01  -1.7197045E-03  -1.0933842E-03  -2.3307350E-02   2.6745498E-03   5.3548668E-03  -1.8300599E-02   4.3712802E-04  -1.3068582E-03
 -4.7533906E-06   7.6880417E-04  -8.1516777E-05  -4.2351590E-04   2.2662805E-03   4.3185216E-02   5.1931066E-05  -3.9815395E-04  -2.1848182E-04  -3.0246551E-01   4.3963982E-02  -2.4503237E+00   1.1941992E+01  -3.8842750E+00  -1.0248352E+01  -8.1138167E+00   5.2767345E+00   9.1479074E-02  -2.5127697E-01  -1.8492055E+00  -1.8511926E+00  -8.7173612E-04  -7.7723564E-05   1.1144170E-03  -1.1483566E-03  -2.5376459E-03   5.2795110E-03  -8.6852740E-05  -3.2374069E-06
  4.1268132E-06   3.9275327E-05  -1.3748734E-05   3.2473976E-04  -3.5705217E-04   5.2630177E-03   4.2680341E-04   6.9260619E-04   1.4207874E-06   2.3303543E-02  -4.9800055E-03  -2.4361096E-01  -5.8021155E+00  -3.2335374E-01  -8.0600235E-01  -4.1947043E-01   9.1479074E-02   3.3739332E+00   5.0654531E-01   6.4373513E-02   7.0236798E-02  -7.2756469E-04  -8.4901186E-04  -2.0173312E-03  -2.6262023E-03  -1.5219451E-03   4.8919058E-04   1.7452382E-04  -2.8366894E-06
  3.0644875E-06   2.6346232E-04  -2.1655764E-05  -1.0337429E-04   1.1839352E-03   1.4854034E-02  -1.2167942E-04   2.0472747E-04  -2.2684490E-05   3.8163447E-01   7.0893491E-03   1.7618877E-01   5.0409698E+00  -1.4020471E+00  -5.4147833E-01  -8.3747453E-01  -2.5127697E-01   5.0654531E-01   3.2287144E+00   2.8034097E+00   2.9670354E+00   7.4320089E-04  -7.1653834E-04   2.1937055E-03  -1.5484626E-03   5.3907660E-03   1.5258385E-02  -1.9716459E-04  -2.9571651E-05
  4.4719544E-06   4.0872127E-04  -2.9830096E-05  -5.0490604E-04   1.6011826E-03   1.8334653E-02  -2.0429966E-04   8.4805374E-05   1.3958945E-04  -5.8181295E+00   1.0923567E-01   2.3904661E+00  -9.5136870E+00   3.2734443E+00   4.4015192E+00   5.3382200E+00  -1.8492055E+00   6.4373513E-02   2.8034097E+00   1.0750526E+01   1.9292608E+01  -2.4279835E-04  -3.9808250E-04   7.6290584E-04  -2.2305137E-03   7.8842154E-03   2.9512430E-02  -1.9392054E-05   4.4169483E-04
 -9.4827105E-06  -1.8597232E-04   4.4691803E-05  -6.9044008E-04   3.6242725E-03  -2.2936328E-02  -8.0508000E-05  -2.4705944E-04   1.0122865E-03  -3.3083621E+01   1.5320888E-01   2.6694832E+00  -1.5680110E+01   3.9348107E+00   6.6142109E+00   3.2502714E+01  -1.8511926E+00   7.0236798E-02   2.9670354E+00   1.9292608E+01   5.3719998E+01  -2.4334772E-03  -9.0199161E-04   4.0936097E-04  -6.6124171E-03   7.7266753E-03   4.0300572E-02   7.7059874E-05   1.0124668E-03
 -5.2108801E-08   6.2019575E-07  -1.1382989E-07  -5.3599256E-06  -3.2243291E-05   4.5903033E-05  -1.3356426E-05  -2.9419396E-07  -1.7079364E-06   3.0739434E-03  -3.6989181E-04   5.8955647E-04   1.5415316E-02  -1.8578797E-03  -3.6930099E-03  -1.7197045E-03  -8.7173612E-04  -7.2756469E-04   7.4320089E-04  -2.4279835E-04  -2.4334772E-03   1.3964042E-03   2.7984310E-04   5.4651865E-05  -3.2465686E-04  -1.0619061E-04  -1.3441422E-04  -1.1936648E-07   2.6966926E-07
 -1.0446342E-07   7.3336610E-08   2.8668033E-08  -8.1024870E-06  -4.8249875E-06  -4.1703301E-05  -1.8400585E-05  -3.0422257E-06  -8.0059922E-07   7.5969548E-04  -1.4153849E-04   7.5729488E-04  -5.8453926E-03  -1.8973959E-03  -6.1767423E-04  -1.0933842E-03  -7.7723564E-05  -8.4901186E-04  -7.1653834E-04  -3.9808250E-04  -9.0199161E-04   2.7984310E-04   8.9656293E-04   4.5630522E-05   7.5482906E-04   8.9582656E-06  -6.3769644E-04  -6.8811958E-08  -1.0582926E-07
 -3.1691097E-07   2.4218949E-06  -5.4949932E-07  -6.4458286E-06   8.6502708E-07  -2.6775980E-06  -7.7838349E-06  -4.4570650E-06  -8.2599562E-08   7.9984792E-03   2.2870154E-04  -2.2847187E-03   3.5066099E-02  -7.6887678E-05  -6.3588514E-03  -2.3307350E-02   1.1144170E-03  -2.0173312E-03   2.1937055E-03   7.6290584E-04   4.0936097E-04   5.4651865E-05   4.5630522E-05   7.2809360E-03  -3.1159302E-04   6.7089523E-04   4.7600348E-03  -1.6617428E-06   6.2315142E-07
 -1.6123332E-07  -1.7922960E-07   4.4393209E-08  -1.3565308E-05   4.4819061E-05  -7.0552748E-05  -2.7938059E-05  -5.7781545E-06  -2.2608830E-07   3.4418539E-03  -3.0266844E-04   8.0199162E-04   2.5903299E-02  -1.9059433E-03  -3.4294982E-03   2.6745498E-03  -1.1483566E-03  -2.6262023E-03  -1.5484626E-03  -2.2305137E-03  -6.6124171E-03  -3.2465686E-04   7.5482906E-04  -3.1159302E-04   2.9292488E-03   4.5599492E-04  -9.2344641E-04   3.0957695E-07  -4.6879818E-07
 -6.2722599E-07  -1.5632260E-06  -3.1052635E-07  -4.1687218E-06   2.8951301E-05  -1.1045795E-04  -1.9540277E-05   4.7524245E-07  -1.5278771E-06  -1.9633763E-03   5.3894110E-04   2.1787168E-03  -1.2497987E-03   5.4406644E-03   1.6182393E-02   5.3548668E-03  -2.5376459E-03  -1.5219451E-03   5.3907660E-03   7.8842154E-03   7.7266753E-03  -1.0619061E-04   8.9582656E-06   6.7089523E-04   4.5599492E-04   6.4024703E-03   7.9101690E-03  -2.1680583E-07  -7.1700350E-07
 -1.9278111E-06   1.2033041E-05  -2.3289767E-06  -3.7900382E-05  -1.1044001E-04   2.8086100E-04  -2.1920061E-05   4.1208636E-06   1.9645135E-05   8.6952446E-04   2.3330327E-03  -2.7454860E-04  -1.0227511E-02   2.1888394E-02   2.7877001E-02  -1.8300599E-02   5.2795110E-03   4.8919058E-04   1.5258385E-02   2.9512430E-02   4.0300572E-02  -1.3441422E-04  -6.3769644E-04   4.7600348E-03  -9.2344641E-04   7.9101690E-03   7.4323466E-02  -2.1849324E-06  -2.6225279E-07
  2.6114036E-09  -1.4596983E-08  -3.0576664E-09  -7.7024055E-08  -5.5027982E-07  -7.2147806E-07  -7.9117742E-08  -1.2319842E-07  -1.5820827E-08  -1.7664528E-04   1.1196867E-06   1.0184946E-04   3.7822206E-03   9.4029298E-05   3.4413052E-04   4.3712802E-04  -8.6852740E-05   1.7452382E-04  -1.9716459E-04  -1.9392054E-05   7.7059874E-05  -1.1936648E-07  -6.8811958E-08  -1.6617428E-06   3.0957695E-07  -2.1680583E-07  -2.1849324E-06   3.6604535E-07  -7.3831537E-11
  5.7211604E-10   5.3296365E-08  -5.3548599E-09  -2.2067527E-08   2.9883059E-07   3.1582930E-06   1.4226444E-07   1.5671849E-08   2.2150297E-08   7.0108256E-04  -5.2298952E-06  -6.2553933E-05   1.0349412E-03   2.3455841E-04  -4.1806816E-04  -1.3068582E-03  -3.2374069E-06  -2.8366894E-06  -2.9571651E-05   4.4169483E-04   1.0124668E-03   2.6966926E-07  -1.0582926E-07   6.2315142E-07  -4.6879818E-07  -7.1700350E-07  -2.6225279E-07  -7.3831537E-11   3.8511624E-07
