# omegabh2 omegach2 theta tau logA ns calPlanck galfTE100 galfTE100143 galfTE100217 galfTE143 galfTE143217 galfTE217 cal0
    0.7035857E-07   -0.3218233E-06    0.5168461E-07    0.2077058E-05    0.4053059E-05    0.2052802E-05    0.1885345E-07   -0.2418256E-06   -0.1946570E-06   -0.1685378E-06   -0.7504068E-06   -0.1245587E-05   -0.4815157E-05    0.6819619E-09
   -0.3218233E-06    0.4902169E-05   -0.4486790E-06   -0.3515168E-04   -0.6118969E-04   -0.1687999E-04   -0.1498868E-06    0.1407645E-05    0.7275065E-06    0.1353525E-06    0.5223095E-05    0.6755131E-05    0.2582585E-04   -0.4904895E-08
    0.5168461E-07   -0.4486790E-06    0.2764916E-06    0.4852268E-05    0.9328716E-05    0.1959641E-05    0.2124761E-07   -0.3955518E-07   -0.7840006E-07   -0.1700056E-07   -0.6864497E-06   -0.1126720E-05   -0.2468792E-05    0.4613224E-08
    0.2077058E-05   -0.3515168E-04    0.4852268E-05    0.4556352E-03    0.8051190E-03    0.1170659E-03   -0.5851547E-05   -0.1272747E-04   -0.6596510E-05    0.6267367E-05   -0.4473407E-04   -0.6687881E-04   -0.2066575E-03   -0.1097666E-06
    0.4053059E-05   -0.6118969E-04    0.9328716E-05    0.8051190E-03    0.1474674E-02    0.2231466E-03    0.5005091E-06   -0.2243948E-04   -0.1193459E-04    0.1658469E-04   -0.7733150E-04   -0.1117414E-03   -0.2987934E-03   -0.5822661E-08
    0.2052802E-05   -0.1687999E-04    0.1959641E-05    0.1170659E-03    0.2231466E-03    0.1475406E-03    0.4316898E-06   -0.1623950E-04   -0.6617613E-05    0.1785515E-05   -0.2939742E-04   -0.1096558E-04   -0.5342800E-04    0.1886947E-07
    0.1885345E-07   -0.1498868E-06    0.2124761E-07   -0.5851547E-05    0.5005091E-06    0.4316898E-06    0.6304013E-05    0.1773045E-06   -0.5827339E-07   -0.5357078E-06    0.1756149E-05   -0.1051011E-05    0.1096695E-04   -0.6194431E-08
   -0.2418256E-06    0.1407645E-05   -0.3955518E-07   -0.1272747E-04   -0.2243948E-04   -0.1623950E-04    0.1773045E-06    0.1449665E-02    0.2842533E-03    0.7058351E-04   -0.3951638E-03   -0.1019852E-03   -0.3217530E-03    0.5823327E-08
   -0.1946570E-06    0.7275065E-06   -0.7840006E-07   -0.6596510E-05   -0.1193459E-04   -0.6617613E-05   -0.5827339E-07    0.2842533E-03    0.8511220E-03    0.3961947E-04    0.7357766E-03    0.6710751E-04   -0.7160079E-03   -0.1402319E-07
   -0.1685378E-06    0.1353525E-06   -0.1700056E-07    0.6267367E-05    0.1658469E-04    0.1785515E-05   -0.5357078E-06    0.7058351E-04    0.3961947E-04    0.7151697E-02   -0.2943860E-03    0.6772726E-03    0.4276121E-02   -0.3297105E-06
   -0.7504068E-06    0.5223095E-05   -0.6864497E-06   -0.4473407E-04   -0.7733150E-04   -0.2939742E-04    0.1756149E-05   -0.3951638E-03    0.7357766E-03   -0.2943860E-03    0.2892021E-02    0.5266902E-03   -0.7517828E-03    0.5978222E-06
   -0.1245587E-05    0.6755131E-05   -0.1126720E-05   -0.6687881E-04   -0.1117414E-03   -0.1096558E-04   -0.1051011E-05   -0.1019852E-03    0.6710751E-04    0.6772726E-03    0.5266902E-03    0.6414350E-02    0.7563407E-02    0.5734321E-06
   -0.4815157E-05    0.2582585E-04   -0.2468792E-05   -0.2066575E-03   -0.2987934E-03   -0.5342800E-04    0.1096695E-04   -0.3217530E-03   -0.7160079E-03    0.4276121E-02   -0.7517828E-03    0.7563407E-02    0.6535330E-01    0.1216428E-05
    0.6819619E-09   -0.4904895E-08    0.4613224E-08   -0.1097666E-06   -0.5822661E-08    0.1886947E-07   -0.6194431E-08    0.5823327E-08   -0.1402319E-07   -0.3297105E-06    0.5978222E-06    0.5734321E-06    0.1216428E-05    0.9882181E-06
