# omegabh2 omegach2 theta tau w logA ns calPlanck aps100 aps143 aps217 acib217 asz143 psr cibr xi aksz dust100 dust143 dust217 dust143x217 cal0 cal2
  3.8901211E-08  -8.1362155E-08   2.5828918E-08   3.7897587E-07   1.9743134E-06   7.3239667E-07   3.2546760E-07   2.7679926E-08  -5.7501627E-04  -4.6060218E-04   8.4440005E-05  -2.0448854E-04   2.1659234E-05   1.2860220E-06  -3.4814589E-06   1.8432691E-06  -4.1539212E-05   9.0220543E-07  -5.2762886E-07   1.0051941E-06  -3.8338725E-07   8.2120092E-09  -1.6542179E-08
 -8.1362155E-08   1.5734807E-06  -8.3483176E-08  -4.1479844E-06  -2.4166056E-05  -5.2240704E-06  -3.5860186E-06  -2.8210327E-07   6.0747373E-04   8.8495812E-04  -1.2865384E-04   3.6719892E-04  -4.3010020E-05  -1.9673792E-06   8.5081561E-06  -5.7404942E-06   9.7125688E-05  -4.0823712E-06   2.2144837E-06  -3.5026029E-06  -2.6316428E-06  -5.4821879E-08  -2.4789496E-08
  2.5828918E-08  -8.3483176E-08   1.8259635E-07   4.7046362E-07   3.4964090E-06   1.0408112E-06   4.6380667E-07   4.5382926E-08  -7.9090278E-06  -7.6053768E-05  -5.2220180E-05   1.2393884E-05   2.8755107E-05   4.7035376E-07   9.1013328E-07  -2.2674212E-06  -5.2819385E-05   1.9710574E-07  -1.0812689E-06   5.9049061E-07   6.1258736E-07   1.2140634E-08   5.9779522E-09
  3.7897587E-07  -4.1479844E-06   4.7046362E-07   5.8794806E-05   7.5853633E-05   1.0503919E-04   1.3388336E-05  -8.7225702E-07  -1.0738044E-02  -7.3307520E-03  -2.3089135E-05  -2.7393963E-03   4.5458394E-04   2.6719739E-06  -3.1707463E-05  -1.0609873E-05  -7.6129788E-04   3.9328264E-05   2.9184743E-05   1.8914682E-05   5.7039657E-06  -1.2514685E-07  -7.2591759E-08
  1.9743134E-06  -2.4166056E-05   3.4964090E-06   7.5853633E-05   1.0050422E-03   1.1212562E-04   5.9446567E-05   6.0371992E-06  -7.4234322E-03  -1.8193127E-02   7.0631034E-03  -1.0716227E-02   1.0347965E-03   1.2663318E-05  -1.7916153E-04  -6.8830369E-06  -2.6516134E-03   9.2358021E-05  -9.2767307E-05   1.3735355E-04   7.9148460E-05   1.6930407E-06   3.5681196E-07
  7.3239667E-07  -5.2240704E-06   1.0408112E-06   1.0503919E-04   1.1212562E-04   2.1961314E-04   1.8601809E-05   9.8990089E-06  -1.3392420E-02  -1.0764466E-02   7.6843277E-03  -6.2346316E-03   7.5986529E-04   4.5863422E-05  -9.4745090E-05   9.0963898E-05  -2.3437048E-03   5.7979093E-05  -2.4684040E-05   5.2847234E-05  -3.1566784E-06   3.1327591E-07  -2.5556366E-07
  3.2546760E-07  -3.5860186E-06   4.6380667E-07   1.3388336E-05   5.9446567E-05   1.8601809E-05   1.9703648E-05   8.9505754E-07  -2.5341276E-02  -9.1756417E-03   9.6854579E-03  -7.3468666E-03   5.0244427E-04   6.3750859E-05  -1.3771363E-04   4.9715076E-05  -2.1792224E-03   2.3909500E-05  -2.7116793E-05   3.8489755E-05  -4.9292785E-06  -3.0706694E-07  -4.0035666E-07
  2.7679926E-08  -2.8210327E-07   4.5382926E-08  -8.7225702E-07   6.0371992E-06   9.8990089E-06   8.9505754E-07   6.0848543E-06   3.6579276E-03   6.2088383E-04   1.4870923E-03   3.9141071E-04  -7.5542773E-05   8.2741291E-06  -1.2934701E-06   3.8427884E-05  -6.3791594E-05   6.8621782E-07   6.4605183E-06   4.9118143E-06   1.2995856E-06  -2.7642251E-08  -5.1301271E-08
 -5.7501627E-04   6.0747373E-04  -7.9090278E-06  -1.0738044E-02  -7.4234322E-03  -1.3392420E-02  -2.5341276E-02   3.6579276E-03   6.0885932E+02   6.2347945E+01  -5.7706954E+01   3.0506944E+01  -2.5576969E+01  -8.8198171E-01  -4.3537933E-02  -1.7116504E-01   1.1807963E+01  -1.3425879E-01   2.0541887E-01  -2.1559697E-01  -2.1575432E-01   6.5678275E-03   3.4246580E-03
 -4.6060218E-04   8.8495812E-04  -7.6053768E-05  -7.3307520E-03  -1.8193127E-02  -1.0764466E-02  -9.1756417E-03   6.2088383E-04   6.2347945E+01   6.8794640E+01   1.1211070E+01   6.2036651E+00  -3.7569268E-01   4.4562323E-03   4.3300204E-01   9.0646806E-01  -8.1939266E+00  -5.0258471E-02  -2.2328922E-01   6.2393608E-02   8.4366655E-02   8.4124899E-04   8.6757495E-04
  8.4440005E-05  -1.2865384E-04  -5.2220180E-05  -2.3089135E-05   7.0631034E-03   7.6843277E-03   9.6854579E-03   1.4870923E-03  -5.7706954E+01   1.1211070E+01   1.7815598E+02  -8.4997041E+01   2.3070723E+00   3.5501116E-01  -1.0927644E+00   3.8918986E-01  -7.0741532E+00  -3.5918919E-02  -2.9546083E-01   5.6482962E-01   2.8712127E-02   1.6130215E-03  -7.9560676E-03
 -2.0448854E-04   3.6719892E-04   1.2393884E-05  -2.7393963E-03  -1.0716227E-02  -6.2346316E-03  -7.3468666E-03   3.9141071E-04   3.0506944E+01   6.2036651E+00  -8.4997041E+01   5.3559243E+01   2.0138918E+00  -4.8289171E-02   7.5730570E-01  -2.6538795E-01  -2.8407394E+00  -2.2601736E-03   1.8066595E-01  -4.5487364E-01  -1.1674998E-01  -5.9730347E-04   3.3043702E-03
  2.1659234E-05  -4.3010020E-05   2.8755107E-05   4.5458394E-04   1.0347965E-03   7.5986529E-04   5.0244427E-04  -7.5542773E-05  -2.5576969E+01  -3.7569268E-01   2.3070723E+00   2.0138918E+00   4.4530598E+00   1.0379005E-01   1.6071798E-01  -3.2853229E-02  -3.6381780E+00  -1.0525763E-02   4.5346791E-03   7.3943565E-03   5.6040453E-02   4.3509422E-04  -2.0626952E-04
  1.2860220E-06  -1.9673792E-06   4.7035376E-07   2.6719739E-06   1.2663318E-05   4.5863422E-05   6.3750859E-05   8.2741291E-06  -8.8198171E-01   4.4562323E-03   3.5501116E-01  -4.8289171E-02   1.0379005E-01   1.6692605E-02  -1.6210321E-02   1.3237928E-02  -1.0604290E-01  -7.3539577E-04  -8.9174760E-04  -2.5258866E-03   5.4673687E-03   1.5867547E-05  -3.6372140E-05
 -3.4814589E-06   8.5081561E-06   9.1013328E-07  -3.1707463E-05  -1.7916153E-04  -9.4745090E-05  -1.3771363E-04  -1.2934701E-06  -4.3537933E-02   4.3300204E-01  -1.0927644E+00   7.5730570E-01   1.6071798E-01  -1.6210321E-02   6.6135350E-02   2.9628143E-03  -1.6053556E-01   3.3602599E-04   7.0456673E-03  -2.0671902E-04  -1.6971509E-02  -4.6790579E-06   1.0280697E-04
  1.8432691E-06  -5.7404942E-06  -2.2674212E-06  -1.0609873E-05  -6.8830369E-06   9.0963898E-05   4.9715076E-05   3.8427884E-05  -1.7116504E-01   9.0646806E-01   3.8918986E-01  -2.6538795E-01  -3.2853229E-02   1.3237928E-02   2.9628143E-03   8.3587118E-02   3.3399931E-02  -5.7727627E-04   1.2405838E-04   1.4088220E-03   1.7171347E-03   1.9717417E-05   1.5591946E-06
 -4.1539212E-05   9.7125688E-05  -5.2819385E-05  -7.6129788E-04  -2.6516134E-03  -2.3437048E-03  -2.1792224E-03  -6.3791594E-05   1.1807963E+01  -8.1939266E+00  -7.0741532E+00  -2.8407394E+00  -3.6381780E+00  -1.0604290E-01  -1.6053556E-01   3.3399931E-02   7.4602037E+00   6.4319514E-03  -1.1236859E-02  -4.8914363E-03  -5.5517881E-02  -3.2700201E-04   5.9362230E-05
  9.0220543E-07  -4.0823712E-06   1.9710574E-07   3.9328264E-05   9.2358021E-05   5.7979093E-05   2.3909500E-05   6.8621782E-07  -1.3425879E-01  -5.0258471E-02  -3.5918919E-02  -2.2601736E-03  -1.0525763E-02  -7.3539577E-04   3.3602599E-04  -5.7727627E-04   6.4319514E-03   3.7979011E-02   2.9267081E-03   2.0736417E-04   6.4750158E-04   3.8238851E-05  -2.0886605E-06
 -5.2762886E-07   2.2144837E-06  -1.0812689E-06   2.9184743E-05  -9.2767307E-05  -2.4684040E-05  -2.7116793E-05   6.4605183E-06   2.0541887E-01  -2.2328922E-01  -2.9546083E-01   1.8066595E-01   4.5346791E-03  -8.9174760E-04   7.0456673E-03   1.2405838E-04  -1.1236859E-02   2.9267081E-03   3.0724023E-02  -4.7228275E-04   5.8112017E-03  -8.1398232E-05  -3.8409453E-05
  1.0051941E-06  -3.5026029E-06   5.9049061E-07   1.8914682E-05   1.3735355E-04   5.2847234E-05   3.8489755E-05   4.9118143E-06  -2.1559697E-01   6.2393608E-02   5.6482962E-01  -4.5487364E-01   7.3943565E-03  -2.5258866E-03  -2.0671902E-04   1.4088220E-03  -4.8914363E-03   2.0736417E-04  -4.7228275E-04   1.0583777E-02   8.3745594E-03   3.9634402E-06   6.1113478E-05
 -3.8338725E-07  -2.6316428E-06   6.1258736E-07   5.7039657E-06   7.9148460E-05  -3.1566784E-06  -4.9292785E-06   1.2995856E-06  -2.1575432E-01   8.4366655E-02   2.8712127E-02  -1.1674998E-01   5.6040453E-02   5.4673687E-03  -1.6971509E-02   1.7171347E-03  -5.5517881E-02   6.4750158E-04   5.8112017E-03   8.3745594E-03   2.6131105E-02  -4.3345086E-06   5.5380300E-05
  8.2120092E-09  -5.4821879E-08   1.2140634E-08  -1.2514685E-07   1.6930407E-06   3.1327591E-07  -3.0706694E-07  -2.7642251E-08   6.5678275E-03   8.4124899E-04   1.6130215E-03  -5.9730347E-04   4.3509422E-04   1.5867547E-05  -4.6790579E-06   1.9717417E-05  -3.2700201E-04   3.8238851E-05  -8.1398232E-05   3.9634402E-06  -4.3345086E-06   1.1413527E-06   5.0587046E-08
 -1.6542179E-08  -2.4789496E-08   5.9779522E-09  -7.2591759E-08   3.5681196E-07  -2.5556366E-07  -4.0035666E-07  -5.1301271E-08   3.4246580E-03   8.6757495E-04  -7.9560676E-03   3.3043702E-03  -2.0626952E-04  -3.6372140E-05   1.0280697E-04   1.5591946E-06   5.9362230E-05  -2.0886605E-06  -3.8409453E-05   6.1113478E-05   5.5380300E-05   5.0587046E-08   2.4616701E-06
