# omegabh2 omegach2 theta mnu nnu logA ns
  4.7190099E-07   2.6347888E-06   3.7439772E-09   1.3860579E-05   1.3634919E-04   2.7004245E-08  -2.6936333E-08
  2.6347888E-06   3.6681401E-05   1.9052995E-07  -3.3434050E-04   1.3891811E-03  -2.4820097E-04  -1.9120042E-05
  3.7439772E-09   1.9052995E-07   3.6302116E-07   6.8392954E-06   2.3609354E-06   9.6161469E-07   1.0772665E-07
  1.3860579E-05  -3.3434050E-04   6.8392954E-06   2.9166748E-02   8.7546292E-03   1.2528905E-02   9.6927280E-04
  1.3634919E-04   1.3891811E-03   2.3609354E-06   8.7546292E-03   7.6374062E-02   1.7431881E-04  -1.8906391E-05
  2.7004245E-08  -2.4820097E-04   9.6161469E-07   1.2528905E-02   1.7431881E-04   6.8433365E-03   7.2703439E-04
 -2.6936333E-08  -1.9120042E-05   1.0772665E-07   9.6927280E-04  -1.8906391E-05   7.2703439E-04   3.7999134E-04
