# omegabh2 omegach2 theta tau nnu logA ns calPlanck acib217 xi asz143 aps100 aps143 aps143217 aps217 aksz kgal100 kgal143 kgal143217 kgal217 cal0 cal2
    0.1335266E-06    0.6800903E-06   -0.3348533E-07    0.4286363E-05    0.8853748E-04    0.1061800E-04    0.4796778E-05    0.3733177E-07    0.2150976E-03   -0.4637815E-05   -0.2907103E-04    0.8169390E-03    0.2114730E-03   -0.3573943E-04   -0.1903664E-03    0.6770534E-04    0.3199986E-04    0.1064668E-04    0.1879972E-04   -0.1370803E-04    0.7866031E-08    0.3205728E-07
    0.6800903E-06    0.1626070E-04   -0.1520733E-05    0.1224340E-04    0.1061410E-02    0.6559228E-04    0.3636244E-04   -0.2775804E-06    0.5214568E-02   -0.1194425E-03   -0.1278066E-02    0.2245973E-01    0.1168249E-01    0.2421286E-02   -0.1294698E-02    0.2063840E-02    0.3356718E-03    0.3497744E-04    0.4654103E-03   -0.2037155E-03    0.1855027E-07    0.6109490E-06
   -0.3348533E-07   -0.1520733E-05    0.3256324E-06   -0.2920310E-06   -0.9391583E-04   -0.4182137E-05   -0.2742707E-05    0.5327319E-07   -0.4585166E-03    0.1228652E-04    0.1162144E-03   -0.2013559E-02   -0.1148692E-02   -0.2730860E-03    0.1688387E-04   -0.1841090E-03   -0.3621551E-04    0.4905974E-05   -0.2773098E-04    0.4990463E-04   -0.3220161E-09   -0.4636754E-07
    0.4286363E-05    0.1224340E-04   -0.2920310E-06    0.4110677E-03    0.2786239E-02    0.8570173E-03    0.1823650E-03   -0.1758490E-06   -0.1297198E-02    0.3106238E-05   -0.9694884E-04   -0.1444416E-03   -0.3797796E-02   -0.2414332E-02   -0.3584442E-03   -0.2744902E-03    0.6857170E-03    0.9547813E-04   -0.3641728E-03   -0.1221427E-03    0.2271108E-07    0.1186277E-07
    0.8853748E-04    0.1061410E-02   -0.9391583E-04    0.2786239E-02    0.9815040E-01    0.8372384E-02    0.4402167E-02    0.4561551E-05    0.4370946E+00   -0.9210790E-02   -0.1035181E+00    0.1913973E+01    0.8657328E+00    0.1299983E+00   -0.1825415E+00    0.1716481E+00    0.3121371E-01    0.9782773E-02    0.4214855E-01   -0.2081333E-01    0.4992492E-05    0.5255101E-04
    0.1061800E-04    0.6559228E-04   -0.4182137E-05    0.8570173E-03    0.8372384E-02    0.1918844E-02    0.4633914E-03    0.1185956E-04    0.1081764E-01   -0.2431075E-03   -0.3404213E-02    0.6117322E-01    0.2407602E-01    0.4770616E-02    0.1905065E-02    0.3730195E-02    0.1999352E-02   -0.4009285E-03   -0.2939839E-03    0.3857517E-03    0.3823585E-06    0.1480711E-05
    0.4796778E-05    0.3636244E-04   -0.2742707E-05    0.1823650E-03    0.4402167E-02    0.4633914E-03    0.2360364E-03    0.1035013E-05    0.1350258E-01   -0.2565433E-03   -0.3046741E-02    0.5539417E-01    0.2664703E-01    0.6287229E-02   -0.3767182E-02    0.4551060E-02    0.1669358E-02    0.4296393E-03    0.1180250E-02   -0.8558104E-03    0.8364429E-07    0.1742892E-05
    0.3733177E-07   -0.2775804E-06    0.5327319E-07   -0.1758490E-06    0.4561551E-05    0.1185956E-04    0.1035013E-05    0.6337286E-05    0.7850882E-03    0.1076595E-05    0.2309391E-04    0.2874761E-02    0.4993271E-03    0.4918902E-03    0.1253012E-02   -0.7040718E-04    0.1034002E-04   -0.5325801E-04   -0.1742141E-03    0.5102818E-03    0.3329354E-08   -0.5312249E-07
    0.2150976E-03    0.5214568E-02   -0.4585166E-03   -0.1297198E-02    0.4370946E+00    0.1081764E-01    0.1350258E-01    0.7850882E-03    0.4589460E+02   -0.5544488E+00   -0.2224351E+01    0.5253413E+02    0.4500955E+01   -0.2090667E+02   -0.6211753E+02    0.1317432E+01    0.1621185E+00    0.1909232E+00   -0.1847890E+01   -0.1862933E+02   -0.2164409E-03    0.4692513E-02
   -0.4637815E-05   -0.1194425E-03    0.1228652E-04    0.3106238E-05   -0.9210790E-02   -0.2431075E-03   -0.2565433E-03    0.1076595E-05   -0.5544488E+00    0.8194125E-01   -0.6065347E-01   -0.6602442E+00    0.9164611E+00    0.1857659E+01    0.8225077E+00    0.5100759E-01   -0.1626721E-01    0.8322456E-03    0.6817892E-01    0.6987684E-01    0.4874937E-05   -0.2885145E-04
   -0.2907103E-04   -0.1278066E-02    0.1162144E-03   -0.9694884E-04   -0.1035181E+00   -0.3404213E-02   -0.3046741E-02    0.2309391E-04   -0.2224351E+01   -0.6065347E-01    0.3875895E+01   -0.3176165E+02   -0.5085563E+01    0.7477268E+01    0.6942165E+01   -0.2912047E+01   -0.1825432E+00    0.1059602E+00    0.2294819E+01    0.2056332E+01    0.1497885E-03   -0.4490766E-03
    0.8169390E-03    0.2245973E-01   -0.2013559E-02   -0.1444416E-03    0.1913973E+01    0.6117322E-01    0.5539417E-01    0.2874761E-02    0.5253413E+02   -0.6602442E+00   -0.3176165E+02    0.8275801E+03    0.9204432E+02   -0.5370598E+02   -0.7371010E+02    0.1709549E+02   -0.3166789E+01    0.2410742E+01   -0.9400057E+01   -0.1365884E+02    0.6697469E-02    0.6233918E-02
    0.2114730E-03    0.1168249E-01   -0.1148692E-02   -0.3797796E-02    0.8657328E+00    0.2407602E-01    0.2664703E-01    0.4993271E-03    0.4500955E+01    0.9164611E+00   -0.5085563E+01    0.9204432E+02    0.7221562E+02    0.4709208E+02    0.1778812E+02   -0.2564122E+01   -0.1935813E+00   -0.1249034E+01    0.4220568E+01    0.4102814E+01    0.2112176E-03    0.7524787E-03
   -0.3573943E-04    0.2421286E-02   -0.2730860E-03   -0.2414332E-02    0.1299983E+00    0.4770616E-02    0.6287229E-02    0.4918902E-03   -0.2090667E+02    0.1857659E+01    0.7477268E+01   -0.5370598E+02    0.4709208E+02    0.9978289E+02    0.6864803E+02   -0.1172165E+02   -0.9117012E+00   -0.4575443E+00    0.4198301E+01    0.4271036E+01    0.6942987E-03   -0.2671111E-02
   -0.1903664E-03   -0.1294698E-02    0.1688387E-04   -0.3584442E-03   -0.1825415E+00    0.1905065E-02   -0.3767182E-02    0.1253012E-02   -0.6211753E+02    0.8225077E+00    0.6942165E+01   -0.7371010E+02    0.1778812E+02    0.6864803E+02    0.1234704E+03   -0.1081007E+02   -0.5226651E+00   -0.5076127E+00   -0.7459685E+00    0.1437987E+02    0.6813556E-03   -0.7944979E-02
    0.6770534E-04    0.2063840E-02   -0.1841090E-03   -0.2744902E-03    0.1716481E+00    0.3730195E-02    0.4551060E-02   -0.7040718E-04    0.1317432E+01    0.5100759E-01   -0.2912047E+01    0.1709549E+02   -0.2564122E+01   -0.1172165E+02   -0.1081007E+02    0.6490326E+01    0.1668558E+00   -0.4468088E-01   -0.1823807E+01   -0.1574538E+01   -0.1229786E-03    0.2836174E-03
    0.3199986E-04    0.3356718E-03   -0.3621551E-04    0.6857170E-03    0.3121371E-01    0.1999352E-02    0.1669358E-02    0.1034002E-04    0.1621185E+00   -0.1626721E-01   -0.1825432E+00   -0.3166789E+01   -0.1935813E+00   -0.9117012E+00   -0.5226651E+00    0.1668558E+00    0.3489299E+01    0.4463407E+00    0.1319195E+00    0.1304450E+00    0.2949400E-03   -0.1106415E-04
    0.1064668E-04    0.3497744E-04    0.4905974E-05    0.9547813E-04    0.9782773E-02   -0.4009285E-03    0.4296393E-03   -0.5325801E-04    0.1909232E+00    0.8322456E-03    0.1059602E+00    0.2410742E+01   -0.1249034E+01   -0.4575443E+00   -0.5076127E+00   -0.4468088E-01    0.4463407E+00    0.3402578E+01    0.2635750E+01    0.1683450E+01   -0.2721120E-03   -0.2140880E-03
    0.1879972E-04    0.4654103E-03   -0.2773098E-04   -0.3641728E-03    0.4214855E-01   -0.2939839E-03    0.1180250E-02   -0.1742141E-03   -0.1847890E+01    0.6817892E-01    0.2294819E+01   -0.9400057E+01    0.4220568E+01    0.4198301E+01   -0.7459685E+00   -0.1823807E+01    0.1319195E+00    0.2635750E+01    0.1759181E+02    0.2636023E+02    0.1560097E-04    0.2584852E-02
   -0.1370803E-04   -0.2037155E-03    0.4990463E-04   -0.1221427E-03   -0.2081333E-01    0.3857517E-03   -0.8558104E-03    0.5102818E-03   -0.1862933E+02    0.6987684E-01    0.2056332E+01   -0.1365884E+02    0.4102814E+01    0.4271036E+01    0.1437987E+02   -0.1574538E+01    0.1304450E+00    0.1683450E+01    0.2636023E+02    0.5584830E+02    0.8501846E-04    0.4600410E-02
    0.7866031E-08    0.1855027E-07   -0.3220161E-09    0.2271108E-07    0.4992492E-05    0.3823585E-06    0.8364429E-07    0.3329354E-08   -0.2164409E-03    0.4874937E-05    0.1497885E-03    0.6697469E-02    0.2112176E-03    0.6942987E-03    0.6813556E-03   -0.1229786E-03    0.2949400E-03   -0.2721120E-03    0.1560097E-04    0.8501846E-04    0.6080502E-06    0.3570169E-08
    0.3205728E-07    0.6109490E-06   -0.4636754E-07    0.1186277E-07    0.5255101E-04    0.1480711E-05    0.1742892E-05   -0.5312249E-07    0.4692513E-02   -0.2885145E-04   -0.4490766E-03    0.6233918E-02    0.7524787E-03   -0.2671111E-02   -0.7944979E-02    0.2836174E-03   -0.1106415E-04   -0.2140880E-03    0.2584852E-02    0.4600410E-02    0.3570169E-08    0.2142710E-05
