# omegabh2 omegach2 theta tau w wa logA ns calPlanck acib217 xi asz143 aps100 aps143 aps143217 aps217 aksz kgal100 kgal143 kgal143217 kgal217 cal0 cal2
  3.8595866E-08  -8.9207576E-08   2.7198872E-08   3.8529723E-07  -5.7254615E-07   1.0582115E-05   7.4213231E-07   3.2995179E-07   3.9980413E-08  -1.2698881E-04   1.5710918E-06   3.4848739E-05  -5.9348251E-04  -4.2859625E-04  -1.6476361E-04  -2.2896087E-05  -5.6165070E-05  -1.3199185E-06   9.5282546E-07  -1.1776665E-05   2.9392283E-05  -2.1658116E-09  -3.6785971E-09
 -8.9207576E-08   1.8194151E-06  -1.3474576E-07  -4.9617259E-06   1.0645647E-05  -1.5954787E-04  -6.5811352E-06  -3.9088322E-06  -4.0462955E-07   1.9689288E-04  -6.8124871E-06  -1.9572329E-05   1.0695135E-03   7.0688442E-04   3.6549930E-04   2.9035937E-05   6.0882628E-05   7.1425964E-05   5.3397565E-05   1.6283479E-05  -1.3172956E-04  -3.4240885E-09  -6.2280560E-09
  2.7198872E-08  -1.3474576E-07   1.8637440E-07   6.1892656E-07  -1.7120491E-06   2.4013070E-05   1.2166834E-06   5.6917587E-07   4.6217230E-08  -8.3508303E-05   3.0133977E-06   1.6892570E-05  -2.4010965E-04  -8.7716791E-05  -7.5354580E-06   2.4296446E-05  -9.7388059E-06  -1.2630524E-05  -1.1362776E-08   2.7145186E-05   7.8601540E-05   3.1854372E-09  -6.1502327E-09
  3.8529723E-07  -4.9617259E-06   6.1892656E-07   6.0004007E-05  -7.0227136E-05   6.3230538E-04   1.0658459E-04   1.4468929E-05  -4.8285515E-07  -2.6285160E-03   4.6976908E-05   6.0196282E-04  -1.0896608E-02  -5.4581065E-03  -1.7104459E-03   2.2040152E-04  -8.4394650E-04  -1.8917622E-04   1.1793877E-05   8.4586516E-04   2.4301622E-03  -1.1913390E-07  -1.3301837E-08
 -5.7254615E-07   1.0645647E-05  -1.7120491E-06  -7.0227136E-05   6.6912455E-03  -2.4413014E-02  -1.3892916E-04  -2.4538532E-05  -9.1399437E-06   5.5480050E-03  -9.5974744E-05   7.2415118E-04  -4.3852674E-03  -5.7650516E-03  -2.7071703E-03  -5.5109557E-03   1.9438464E-03  -2.5303831E-04   1.2746935E-03  -3.6374058E-03  -1.5441870E-02  -1.0336105E-06  -1.1341031E-06
  1.0582115E-05  -1.5954787E-04   2.4013070E-05   6.3230538E-04  -2.4413014E-02   1.0728163E-01   1.0631710E-03   3.6750841E-04   6.5777382E-05  -3.9717627E-02   1.5269871E-03   2.0178071E-03  -1.0342204E-01  -4.8921856E-02  -9.3582604E-03   2.4795919E-02  -1.0939527E-02  -3.4516205E-03  -7.6484743E-03   1.0859499E-02   5.9140655E-02   4.0498430E-06   3.5388076E-06
  7.4213231E-07  -6.5811352E-06   1.2166834E-06   1.0658459E-04  -1.3892916E-04   1.0631710E-03   2.1991633E-04   2.0256525E-05   1.0254081E-05  -4.0876372E-03   1.2157144E-04   1.0028927E-03  -1.6985731E-02  -8.3899963E-03  -6.0626922E-04   4.7208567E-03  -2.2765197E-03  -5.7287813E-04  -3.9128815E-04   7.8951336E-04   4.8138328E-03  -1.4094688E-07  -6.3919581E-08
  3.2995179E-07  -3.9088322E-06   5.6917587E-07   1.4468929E-05  -2.4538532E-05   3.6750841E-04   2.0256525E-05   1.9626188E-05   1.0287626E-06  -4.9530450E-03   1.1120725E-04   1.0767747E-03  -2.6263176E-02  -8.1279041E-03   1.0845697E-03   5.3357609E-03  -2.5620424E-03   2.2518174E-04  -3.2880262E-04  -2.7776678E-04   1.6229873E-03  -1.2310718E-07  -9.0507986E-08
  3.9980413E-08  -4.0462955E-07   4.6217230E-08  -4.8285515E-07  -9.1399437E-06   6.5777382E-05   1.0254081E-05   1.0287626E-06   6.1069353E-06   1.2241184E-03  -3.1719452E-06  -7.8852427E-05   3.2217142E-03   2.9314180E-04  -1.8725648E-05   4.5662813E-04   2.7657313E-05  -7.4333660E-06   2.1120746E-05  -2.2547655E-04   1.2560716E-04  -4.0521694E-08  -2.9461579E-09
 -1.2698881E-04   1.9689288E-04  -8.3508303E-05  -2.6285160E-03   5.5480050E-03  -3.9717627E-02  -4.0876372E-03  -4.9530450E-03   1.2241184E-03   4.5145584E+01  -4.0745292E-01  -5.4107455E-01   3.4420447E+01   2.5323640E+00  -1.2168213E+01  -5.4439364E+01  -4.2693270E-01   7.5865552E-02   5.1006503E-01  -5.5626999E+00  -3.3234600E+01  -2.0523245E-04   7.4325567E-04
  1.5710918E-06  -6.8124871E-06   3.0133977E-06   4.6976908E-05  -9.5974744E-05   1.5269871E-03   1.2157144E-04   1.1120725E-04  -3.1719452E-06  -4.0745292E-01   8.1132367E-02  -5.6019338E-02  -3.6912587E-01   8.4706413E-01   1.5807033E+00   6.2523644E-01   6.1014222E-02  -1.4621398E-02   7.3977317E-03   9.7950190E-02   1.4585052E-01   7.8851570E-06  -2.5843143E-06
  3.4848739E-05  -1.9572329E-05   1.6892570E-05   6.0196282E-04   7.2415118E-04   2.0178071E-03   1.0028927E-03   1.0767747E-03  -7.8852427E-05  -5.4107455E-01  -5.6019338E-02   4.0018597E+00  -3.1186045E+01  -3.2732591E+00   7.9316241E+00   5.2405192E+00  -3.0372943E+00  -2.0414163E-01   1.6122175E-01   2.6313664E+00   2.9772104E+00   9.6618385E-05  -5.6545097E-05
 -5.9348251E-04   1.0695135E-03  -2.4010965E-04  -1.0896608E-02  -4.3852674E-03  -1.0342204E-01  -1.6985731E-02  -2.6263176E-02   3.2217142E-03   3.4420447E+01  -3.6912587E-01  -3.1186045E+01   7.9147186E+02   7.3123510E+01  -5.2266564E+01  -5.8439519E+01   1.5586089E+01  -7.2016080E+00   5.3518749E+00  -1.2724660E+01  -2.3258870E+01   3.9400806E-03   5.6798103E-04
 -4.2859625E-04   7.0688442E-04  -8.7716791E-05  -5.4581065E-03  -5.7650516E-03  -4.8921856E-02  -8.3899963E-03  -8.1279041E-03   2.9314180E-04   2.5323640E+00   8.4706413E-01  -3.2732591E+00   7.3123510E+01   6.3029491E+01   4.0247167E+01   1.6169539E+01  -4.9898948E+00  -6.8121809E-01  -1.5150101E+00   3.2823981E+00   3.7302119E+00   1.4040265E-04   6.3453520E-05
 -1.6476361E-04   3.6549930E-04  -7.5354580E-06  -1.7104459E-03  -2.7071703E-03  -9.3582604E-03  -6.0626922E-04   1.0845697E-03  -1.8725648E-05  -1.2168213E+01   1.5807033E+00   7.9316241E+00  -5.2266564E+01   4.0247167E+01   8.4448133E+01   5.3886798E+01  -1.2691601E+01  -1.0649452E+00  -9.0751168E-01   4.6398591E+00   7.4033662E+00   4.9096762E-04  -4.2260603E-04
 -2.2896087E-05   2.9035937E-05   2.4296446E-05   2.2040152E-04  -5.5109557E-03   2.4795919E-02   4.7208567E-03   5.3357609E-03   4.5662813E-04  -5.4439364E+01   6.2523644E-01   5.2405192E+00  -5.8439519E+01   1.6169539E+01   5.3886798E+01   1.0384315E+02  -9.8217627E+00  -6.2460752E-01  -1.3371549E+00   4.9065422E+00   3.2102490E+01   4.0685911E-04  -1.3848443E-03
 -5.6165070E-05   6.0882628E-05  -9.7388059E-06  -8.4394650E-04   1.9438464E-03  -1.0939527E-02  -2.2765197E-03  -2.5620424E-03   2.7657313E-05  -4.2693270E-01   6.1014222E-02  -3.0372943E+00   1.5586089E+01  -4.9898948E+00  -1.2691601E+01  -9.8217627E+00   6.4902046E+00   9.6524386E-02  -1.7674672E-01  -2.0590220E+00  -1.9803154E+00  -6.5865699E-05   4.0662614E-05
 -1.3199185E-06   7.1425964E-05  -1.2630524E-05  -1.8917622E-04  -2.5303831E-04  -3.4516205E-03  -5.7287813E-04   2.2518174E-04  -7.4333660E-06   7.5865552E-02  -1.4621398E-02  -2.0414163E-01  -7.2016080E+00  -6.8121809E-01  -1.0649452E+00  -6.2460752E-01   9.6524386E-02   3.4252589E+00   5.0806417E-01   1.5577537E-01   1.8272457E-01   1.6823874E-04  -1.4048351E-05
  9.5282546E-07   5.3397565E-05  -1.1362776E-08   1.1793877E-05   1.2746935E-03  -7.6484743E-03  -3.9128815E-04  -3.2880262E-04   2.1120746E-05   5.1006503E-01   7.3977317E-03   1.6122175E-01   5.3518749E+00  -1.5150101E+00  -9.0751168E-01  -1.3371549E+00  -1.7674672E-01   5.0806417E-01   3.1623521E+00   2.6640217E+00   2.6696948E+00  -1.7897073E-04  -5.5347740E-05
 -1.1776665E-05   1.6283479E-05   2.7145186E-05   8.4586516E-04  -3.6374058E-03   1.0859499E-02   7.8951336E-04  -2.7776678E-04  -2.2547655E-04  -5.5626999E+00   9.7950190E-02   2.6313664E+00  -1.2724660E+01   3.2823981E+00   4.6398591E+00   4.9065422E+00  -2.0590220E+00   1.5577537E-01   2.6640217E+00   1.0704385E+01   1.8911296E+01   9.4409490E-07   3.5570566E-04
  2.9392283E-05  -1.3172956E-04   7.8601540E-05   2.4301622E-03  -1.5441870E-02   5.9140655E-02   4.8138328E-03   1.6229873E-03   1.2560716E-04  -3.3234600E+01   1.4585052E-01   2.9772104E+00  -2.3258870E+01   3.7302119E+00   7.4033662E+00   3.2102490E+01  -1.9803154E+00   1.8272457E-01   2.6696948E+00   1.8911296E+01   5.2925159E+01   1.0902351E-04   8.3097858E-04
 -2.1658116E-09  -3.4240885E-09   3.1854372E-09  -1.1913390E-07  -1.0336105E-06   4.0498430E-06  -1.4094688E-07  -1.2310718E-07  -4.0521694E-08  -2.0523245E-04   7.8851570E-06   9.6618385E-05   3.9400806E-03   1.4040265E-04   4.9096762E-04   4.0685911E-04  -6.5865699E-05   1.6823874E-04  -1.7897073E-04   9.4409490E-07   1.0902351E-04   3.8307109E-07   8.8415191E-11
 -3.6785971E-09  -6.2280560E-09  -6.1502327E-09  -1.3301837E-08  -1.1341031E-06   3.5388076E-06  -6.3919581E-08  -9.0507986E-08  -2.9461579E-09   7.4325567E-04  -2.5843143E-06  -5.6545097E-05   5.6798103E-04   6.3453520E-05  -4.2260603E-04  -1.3848443E-03   4.0662614E-05  -1.4048351E-05  -5.5347740E-05   3.5570566E-04   8.3097858E-04   8.8415191E-11   3.7984463E-07
