# omegabh2 omegach2 theta tau Alens logA ns calPlanck
  9.6884351E-08  -1.3877163E-07   2.2687067E-08   2.9685877E-07   3.9070112E-05   3.1688323E-06   3.8458804E-06  -4.5062603E-09
 -1.3877163E-07   1.7198671E-06  -6.5890613E-10  -8.4077736E-07  -7.6446839E-05  -9.8193229E-07  -8.4403677E-06   5.5222771E-08
  2.2687067E-08  -6.5890613E-10   2.3104819E-07   1.7286376E-07   7.0898845E-06   9.1224720E-07   7.5299938E-07  -1.2580747E-08
  2.9685877E-07  -8.4077736E-07   1.7286376E-07   4.0859568E-05   7.1772792E-05   9.1472529E-05   1.7926436E-05   2.3900506E-07
  3.9070112E-05  -7.6446839E-05   7.0898845E-06   7.1772792E-05   3.5790999E-02   1.9489180E-03   2.3588860E-03  -1.4844907E-05
  3.1688323E-06  -9.8193229E-07   9.1224720E-07   9.1472529E-05   1.9489180E-03   3.8169112E-04   1.7338792E-04   1.3184042E-05
  3.8458804E-06  -8.4403677E-06   7.5299938E-07   1.7926436E-05   2.3588860E-03   1.7338792E-04   2.6459838E-04  -2.6803945E-07
 -4.5062603E-09   5.5222771E-08  -1.2580747E-08   2.3900506E-07  -1.4844907E-05   1.3184042E-05  -2.6803945E-07   6.3680198E-06
