# omegabh2 omegach2 theta tau logA ns calPlanck acib217 xi asz143 aps100 aps143 aps143217 aps217 aksz kgal100 kgal143 kgal143217 kgal217 galfEE100 galfEE100143 galfEE100217 galfEE143 galfEE143217 galfEE217 galfTE100 galfTE100143 galfTE100217 galfTE143 galfTE143217 galfTE217 cal0 cal2
    0.1967725E-07   -0.7448776E-07    0.1336750E-07    0.6070271E-06    0.1128256E-05    0.2188598E-06    0.1192661E-07   -0.9184281E-04    0.2780223E-05    0.2672047E-04   -0.3879022E-03   -0.1835802E-03    0.1247900E-04    0.4710779E-04   -0.4276000E-04    0.6297662E-06    0.8798999E-06   -0.3447285E-05    0.1673039E-04    0.1711870E-07    0.1831703E-07    0.1206566E-06    0.3894843E-07    0.2073815E-06    0.3440776E-06   -0.1136287E-06   -0.2640110E-07    0.1005744E-06   -0.1814936E-06   -0.2983981E-06   -0.1520480E-05    0.1148227E-08   -0.8176235E-08
   -0.7448776E-07    0.1142391E-05   -0.7650379E-07   -0.7520719E-05   -0.1240693E-04   -0.2884614E-05   -0.8296772E-07    0.3721736E-03   -0.1084906E-04   -0.1322396E-03    0.1689090E-02    0.7475195E-03   -0.3626998E-04   -0.2015418E-03    0.1574545E-03    0.4996578E-04   -0.2826055E-04   -0.3776535E-04   -0.9137948E-04   -0.4601547E-06   -0.4063261E-06   -0.3589795E-06   -0.5165372E-06   -0.4124922E-06   -0.2506986E-07    0.7508789E-06    0.5224529E-06    0.1910567E-06    0.1642867E-05    0.1788742E-05    0.4261257E-05    0.7295976E-08    0.4694492E-07
    0.1336750E-07   -0.7650379E-07    0.8597309E-07    0.1035839E-05    0.2001475E-05    0.3205014E-06    0.1639003E-07   -0.4233217E-04    0.1018088E-05   -0.6476270E-06   -0.5306784E-04   -0.4227052E-04   -0.2092856E-04   -0.7154159E-06   -0.1822992E-04   -0.1987168E-05   -0.4994616E-06    0.3390236E-05    0.3906007E-04    0.1504522E-07    0.2499394E-07   -0.7485291E-08    0.6319399E-07   -0.8931907E-07    0.1153109E-06    0.1107152E-06   -0.8533588E-07   -0.9347990E-07   -0.2706407E-06   -0.3462910E-06   -0.2126349E-05   -0.3062841E-08   -0.5108074E-09
    0.6070271E-06   -0.7520719E-05    0.1035839E-05    0.1615533E-03    0.2942128E-03    0.2538159E-04   -0.4237868E-05   -0.6468287E-02    0.1474186E-03    0.1455053E-02   -0.1857728E-01   -0.8653764E-02    0.9031482E-03    0.3611130E-02   -0.2593628E-02   -0.5729159E-03    0.4481549E-03   -0.6111396E-03   -0.8899020E-03    0.2150678E-05    0.1560367E-05    0.9477679E-06    0.1984241E-05    0.2408401E-05    0.3251089E-05    0.3407311E-05   -0.7886668E-05   -0.9149927E-05   -0.2291441E-04   -0.2260449E-04   -0.9440564E-04   -0.5573832E-07   -0.1041288E-05
    0.1128256E-05   -0.1240693E-04    0.2001475E-05    0.2942128E-03    0.5652680E-03    0.4249594E-04    0.3867178E-05   -0.1249913E-01    0.3673974E-03    0.2739278E-02   -0.3028938E-01   -0.1286820E-01    0.6701239E-02    0.1370748E-01   -0.5857617E-02   -0.1229770E-02    0.3928001E-03   -0.1407794E-02    0.1050528E-03    0.3999016E-05    0.2965928E-05    0.2867021E-05    0.4378484E-05    0.4334171E-05    0.1540172E-04    0.5827659E-05   -0.1559906E-04   -0.2082501E-04   -0.3529394E-04   -0.4427061E-04   -0.1816722E-03    0.1065931E-06   -0.2057446E-05
    0.2188598E-06   -0.2884614E-05    0.3205014E-06    0.2538159E-04    0.4249594E-04    0.1629379E-04    0.1389760E-06   -0.5067919E-02    0.1394074E-03    0.1226180E-02   -0.2459285E-01   -0.5467237E-02    0.4169827E-02    0.6516270E-02   -0.2532219E-02    0.1405206E-03   -0.1434018E-03   -0.3179728E-03    0.8425238E-03    0.2241787E-05    0.2123438E-05    0.1978780E-05    0.2742573E-05    0.7321511E-06    0.4601002E-05    0.3372820E-06    0.3001643E-06   -0.1518203E-05   -0.5183983E-05   -0.3957813E-05   -0.2525969E-04   -0.1522248E-06   -0.4142341E-06
    0.1192661E-07   -0.8296772E-07    0.1639003E-07   -0.4237868E-05    0.3867178E-05    0.1389760E-06    0.6183407E-05    0.6772729E-03    0.1827277E-04    0.3824676E-04    0.3140837E-02    0.9894492E-03    0.1120607E-02    0.1563781E-02   -0.9638162E-04    0.1661236E-04   -0.6368950E-05    0.1102335E-03    0.9427855E-03    0.6996181E-06    0.6306864E-06    0.3609978E-06    0.1039216E-05    0.4089171E-06    0.6125391E-05   -0.1102331E-05   -0.1285071E-06   -0.1702238E-05    0.3624050E-05   -0.8018833E-06    0.5795176E-06    0.4864152E-08    0.5177494E-08
   -0.9184281E-04    0.3721736E-03   -0.4233217E-04   -0.6468287E-02   -0.1249913E-01   -0.5067919E-02    0.6772729E-03    0.4294844E+02   -0.5193669E+00   -0.1574333E+01    0.4285434E+02   -0.2019541E+01   -0.2317612E+02   -0.6193014E+02    0.6207499E+00   -0.2249910E+00    0.1264180E+00   -0.2146573E+01   -0.1835597E+02   -0.4140731E-03   -0.3319723E-03   -0.3734930E-02   -0.7010556E-03   -0.3932351E-02   -0.7004832E-03   -0.4500234E-02   -0.1775426E-02   -0.4468720E-02    0.5413942E-02    0.1469521E-02   -0.7578162E-02   -0.2087073E-03    0.4355934E-02
    0.2780223E-05   -0.1084906E-04    0.1018088E-05    0.1474186E-03    0.3673974E-03    0.1394074E-03    0.1827277E-04   -0.5193669E+00    0.8166450E-01   -0.7954182E-01   -0.4016183E+00    0.1025422E+01    0.1918466E+01    0.8307158E+00    0.7030191E-01    0.5611246E-02    0.4297262E-02    0.9865062E-01    0.1144601E+00    0.9137659E-05    0.1374752E-04    0.1556989E-03   -0.1407099E-04   -0.7643232E-04   -0.1365923E-03   -0.4701951E-04   -0.4751635E-04    0.7405514E-03    0.5102755E-04    0.2030132E-03    0.7254778E-03    0.1150023E-04   -0.1847705E-04
    0.2672047E-04   -0.1322396E-03   -0.6476270E-06    0.1455053E-02    0.2739278E-02    0.1226180E-02    0.3824676E-04   -0.1574333E+01   -0.7954182E-01    0.3808175E+01   -0.2811709E+02   -0.3531122E+01    0.8038175E+01    0.6989371E+01   -0.2842854E+01   -0.1624509E+00    0.1119061E+00    0.2594153E+01    0.2502506E+01    0.4697814E-03    0.3898316E-03   -0.4557820E-04    0.5027739E-03    0.3301782E-02    0.6296762E-02    0.7532370E-03    0.7728754E-03   -0.3568463E-02    0.1700248E-02   -0.3076739E-02   -0.8231844E-02    0.1773883E-03   -0.3397207E-03
   -0.3879022E-03    0.1689090E-02   -0.5306784E-04   -0.1857728E-01   -0.3028938E-01   -0.2459285E-01    0.3140837E-02    0.4285434E+02   -0.4016183E+00   -0.2811709E+02    0.7376191E+03    0.6042226E+02   -0.6120425E+02   -0.7447917E+02    0.1387034E+02   -0.3971906E+01    0.2953837E+01   -0.1430218E+02   -0.2228160E+02   -0.8554826E-02   -0.4733009E-02   -0.1260240E-01   -0.4473109E-02    0.7220166E-02   -0.8011515E-02    0.2402861E-02   -0.6369993E-03    0.5018524E-01   -0.1638160E-01   -0.9092609E-02    0.1173713E+00    0.6210716E-02    0.3686514E-02
   -0.1835802E-03    0.7475195E-03   -0.4227052E-04   -0.8653764E-02   -0.1286820E-01   -0.5467237E-02    0.9894492E-03   -0.2019541E+01    0.1025422E+01   -0.3531122E+01    0.6042226E+02    0.5811753E+02    0.4463308E+02    0.2067905E+02   -0.4661934E+01   -0.2275187E+00   -0.1022941E+01    0.3791087E+01    0.4217577E+01   -0.1051301E-02   -0.7014298E-03   -0.4608274E-02   -0.1456188E-02    0.1308199E-02   -0.1679345E-01   -0.8616215E-03   -0.3321818E-02    0.1007153E-01   -0.4866168E-02    0.5350419E-03    0.3639329E-01    0.1417443E-03   -0.1306054E-03
    0.1247900E-04   -0.3626998E-04   -0.2092856E-04    0.9031482E-03    0.6701239E-02    0.4169827E-02    0.1120607E-02   -0.2317612E+02    0.1918466E+01    0.8038175E+01   -0.6120425E+02    0.4463308E+02    0.1020267E+03    0.7141346E+02   -0.1268334E+02   -0.3830491E+00   -0.6991854E-01    0.5898796E+01    0.7355531E+01    0.6024359E-03    0.1069937E-02   -0.1557661E-03    0.7093751E-03    0.8952679E-02   -0.2889100E-02   -0.9182083E-03   -0.1641205E-03    0.8567067E-02    0.4980350E-02   -0.6937603E-02    0.3056988E-01    0.8318704E-03   -0.2697816E-02
    0.4710779E-04   -0.2015418E-03   -0.7154159E-06    0.3611130E-02    0.1370748E-01    0.6516270E-02    0.1563781E-02   -0.6193014E+02    0.8307158E+00    0.6989371E+01   -0.7447917E+02    0.2067905E+02    0.7141346E+02    0.1253503E+03   -0.1108817E+02   -0.2307590E-01   -0.1448833E+00    0.6293030E+00    0.1670817E+02    0.4678428E-03    0.9505603E-03    0.2381784E-02    0.1585502E-02    0.9348270E-02   -0.2155226E-02    0.6025999E-02    0.3175296E-02    0.1372125E-01   -0.3687711E-02   -0.9550954E-02    0.2486086E-01    0.6561019E-03   -0.7795696E-02
   -0.4276000E-04    0.1574545E-03   -0.1822992E-04   -0.2593628E-02   -0.5857617E-02   -0.2532219E-02   -0.9638162E-04    0.6207499E+00    0.7030191E-01   -0.2842854E+01    0.1387034E+02   -0.4661934E+01   -0.1268334E+02   -0.1108817E+02    0.6120487E+01    0.1360399E+00   -0.2136078E+00   -0.2294566E+01   -0.2276859E+01   -0.2143949E-03   -0.4005492E-03    0.7953939E-03   -0.6371449E-03   -0.3343781E-02   -0.1123378E-02   -0.6491163E-03   -0.5770202E-03    0.1457847E-02   -0.4465125E-04    0.4312119E-02    0.2622415E-02   -0.1007813E-03    0.1860732E-03
    0.6297662E-06    0.4996578E-04   -0.1987168E-05   -0.5729159E-03   -0.1229770E-02    0.1405206E-03    0.1661236E-04   -0.2249910E+00    0.5611246E-02   -0.1624509E+00   -0.3971906E+01   -0.2275187E+00   -0.3830491E+00   -0.2307590E-01    0.1360399E+00    0.3545610E+01    0.4250385E+00    0.7869174E-01    0.1140271E+00    0.1020763E-03   -0.3802817E-04   -0.2042966E-02   -0.1590366E-03   -0.1651858E-02    0.2756615E-02   -0.5188656E-03    0.7907224E-03   -0.6613048E-03    0.2414819E-04    0.1274258E-02    0.1238239E-02    0.3009315E-03   -0.3761041E-04
    0.8798999E-06   -0.2826055E-04   -0.4994616E-06    0.4481549E-03    0.3928001E-03   -0.1434018E-03   -0.6368950E-05    0.1264180E+00    0.4297262E-02    0.1119061E+00    0.2953837E+01   -0.1022941E+01   -0.6991854E-01   -0.1448833E+00   -0.2136078E+00    0.4250385E+00    0.3348815E+01    0.2546066E+01    0.1681902E+01   -0.5289290E-04   -0.9157088E-04   -0.1281377E-02   -0.1349976E-03   -0.4674008E-03    0.5258932E-02    0.1499581E-02    0.1389185E-02    0.2151542E-02    0.3238801E-03    0.2253088E-03    0.4010047E-02   -0.2601196E-03   -0.2026149E-03
   -0.3447285E-05   -0.3776535E-04    0.3390236E-05   -0.6111396E-03   -0.1407794E-02   -0.3179728E-03    0.1102335E-03   -0.2146573E+01    0.9865062E-01    0.2594153E+01   -0.1430218E+02    0.3791087E+01    0.5898796E+01    0.6293030E+00   -0.2294566E+01    0.7869174E-01    0.2546066E+01    0.1742528E+02    0.2617350E+02    0.5976191E-03    0.4120415E-03   -0.7678959E-03    0.4897517E-03    0.1766948E-02    0.8750830E-02    0.2311996E-02   -0.1822342E-03   -0.3703958E-02   -0.1127000E-02   -0.2249885E-02   -0.1925764E-02   -0.3090823E-04    0.2554936E-02
    0.1673039E-04   -0.9137948E-04    0.3906007E-04   -0.8899020E-03    0.1050528E-03    0.8425238E-03    0.9427855E-03   -0.1835597E+02    0.1144601E+00    0.2502506E+01   -0.2228160E+02    0.4217577E+01    0.7355531E+01    0.1670817E+02   -0.2276859E+01    0.1140271E+00    0.1681902E+01    0.2617350E+02    0.5508019E+02    0.1007121E-02    0.8457106E-03    0.2057962E-02    0.1475832E-02    0.3520416E-02    0.5809127E-02    0.2772165E-02   -0.5814872E-03   -0.8457227E-02   -0.3327995E-02   -0.3432232E-02   -0.4175854E-02   -0.5353498E-04    0.4613473E-02
    0.1711870E-07   -0.4601547E-06    0.1504522E-07    0.2150678E-05    0.3999016E-05    0.2241787E-05    0.6996181E-06   -0.4140731E-03    0.9137659E-05    0.4697814E-03   -0.8554826E-02   -0.1051301E-02    0.6024359E-03    0.4678428E-03   -0.2143949E-03    0.1020763E-03   -0.5289290E-04    0.5976191E-03    0.1007121E-02    0.3123821E-04    0.8161824E-05   -0.4362400E-08    0.3694796E-05   -0.3662687E-06    0.6084338E-05    0.7737931E-06   -0.2304614E-05    0.1873615E-05   -0.6135580E-05    0.4009798E-05   -0.1899027E-05   -0.1352780E-06    0.6543800E-07
    0.1831703E-07   -0.4063261E-06    0.2499394E-07    0.1560367E-05    0.2965928E-05    0.2123438E-05    0.6306864E-06   -0.3319723E-03    0.1374752E-04    0.3898316E-03   -0.4733009E-02   -0.7014298E-03    0.1069937E-02    0.9505603E-03   -0.4005492E-03   -0.3802817E-04   -0.9157088E-04    0.4120415E-03    0.8457106E-03    0.8161824E-05    0.2460498E-04   -0.3976028E-06    0.1246779E-04    0.4579576E-06   -0.3122676E-05   -0.3150315E-06   -0.2528376E-05   -0.6258856E-06   -0.2350306E-05    0.4652563E-07    0.1144386E-04   -0.9523388E-07    0.6430298E-07
    0.1206566E-06   -0.3589795E-06   -0.7485291E-08    0.9477679E-06    0.2867021E-05    0.1978780E-05    0.3609978E-06   -0.3734930E-02    0.1556989E-03   -0.4557820E-04   -0.1260240E-01   -0.4608274E-02   -0.1557661E-03    0.2381784E-02    0.7953939E-03   -0.2042966E-02   -0.1281377E-02   -0.7678959E-03    0.2057962E-02   -0.4362400E-08   -0.3976028E-06    0.1051279E-02    0.1294357E-05    0.8695340E-05    0.1753176E-04   -0.7402262E-05    0.1884364E-04    0.4846298E-05    0.4974270E-04   -0.6242717E-05    0.7879360E-04    0.1340627E-06    0.1893087E-06
    0.3894843E-07   -0.5165372E-06    0.6319399E-07    0.1984241E-05    0.4378484E-05    0.2742573E-05    0.1039216E-05   -0.7010556E-03   -0.1407099E-04    0.5027739E-03   -0.4473109E-02   -0.1456188E-02    0.7093751E-03    0.1585502E-02   -0.6371449E-03   -0.1590366E-03   -0.1349976E-03    0.4897517E-03    0.1475832E-02    0.3694796E-05    0.1246779E-04    0.1294357E-05    0.4939074E-04    0.6660152E-06   -0.1812502E-04   -0.3128729E-05   -0.3791742E-05    0.3995819E-05   -0.2565626E-05    0.3142621E-05    0.1603922E-04   -0.3125327E-07    0.6018552E-07
    0.2073815E-06   -0.4124922E-06   -0.8931907E-07    0.2408401E-05    0.4334171E-05    0.7321511E-06    0.4089171E-06   -0.3932351E-02   -0.7643232E-04    0.3301782E-02    0.7220166E-02    0.1308199E-02    0.8952679E-02    0.9348270E-02   -0.3343781E-02   -0.1651858E-02   -0.4674008E-03    0.1766948E-02    0.3520416E-02   -0.3662687E-06    0.4579576E-06    0.8695340E-05    0.6660152E-06    0.2134702E-02    0.1184947E-03   -0.4703466E-05   -0.1110108E-04   -0.3738538E-04   -0.9400106E-05   -0.5350638E-04   -0.1508655E-04    0.1491985E-06   -0.4782741E-06
    0.3440776E-06   -0.2506986E-07    0.1153109E-06    0.3251089E-05    0.1540172E-04    0.4601002E-05    0.6125391E-05   -0.7004832E-03   -0.1365923E-03    0.6296762E-02   -0.8011515E-02   -0.1679345E-01   -0.2889100E-02   -0.2155226E-02   -0.1123378E-02    0.2756615E-02    0.5258932E-02    0.8750830E-02    0.5809127E-02    0.6084338E-05   -0.3122676E-05    0.1753176E-04   -0.1812502E-04    0.1184947E-03    0.1703692E-01   -0.4908397E-04    0.1144280E-03    0.2361427E-03    0.7970827E-04   -0.8168791E-04    0.3506334E-03    0.1854569E-06   -0.1816443E-06
   -0.1136287E-06    0.7508789E-06    0.1107152E-06    0.3407311E-05    0.5827659E-05    0.3372820E-06   -0.1102331E-05   -0.4500234E-02   -0.4701951E-04    0.7532370E-03    0.2402861E-02   -0.8616215E-03   -0.9182083E-03    0.6025999E-02   -0.6491163E-03   -0.5188656E-03    0.1499581E-02    0.2311996E-02    0.2772165E-02    0.7737931E-06   -0.3150315E-06   -0.7402262E-05   -0.3128729E-05   -0.4703466E-05   -0.4908397E-04    0.1438128E-02    0.3147926E-03    0.1333070E-03   -0.3985874E-03   -0.1134583E-03   -0.1992159E-03   -0.4766838E-06   -0.8758082E-06
   -0.2640110E-07    0.5224529E-06   -0.8533588E-07   -0.7886668E-05   -0.1559906E-04    0.3001643E-06   -0.1285071E-06   -0.1775426E-02   -0.4751635E-04    0.7728754E-03   -0.6369993E-03   -0.3321818E-02   -0.1641205E-03    0.3175296E-02   -0.5770202E-03    0.7907224E-03    0.1389185E-02   -0.1822342E-03   -0.5814872E-03   -0.2304614E-05   -0.2528376E-05    0.1884364E-04   -0.3791742E-05   -0.1110108E-04    0.1144280E-03    0.3147926E-03    0.8194211E-03    0.7259959E-04    0.6811539E-03   -0.2834267E-05   -0.8142210E-03   -0.3619805E-06   -0.4347550E-06
    0.1005744E-06    0.1910567E-06   -0.9347990E-07   -0.9149927E-05   -0.2082501E-04   -0.1518203E-05   -0.1702238E-05   -0.4468720E-02    0.7405514E-03   -0.3568463E-02    0.5018524E-01    0.1007153E-01    0.8567067E-02    0.1372125E-01    0.1457847E-02   -0.6613048E-03    0.2151542E-02   -0.3703958E-02   -0.8457227E-02    0.1873615E-05   -0.6258856E-06    0.4846298E-05    0.3995819E-05   -0.3738538E-04    0.2361427E-03    0.1333070E-03    0.7259959E-04    0.7175149E-02   -0.4012546E-03    0.7006303E-03    0.4717097E-02   -0.1104174E-05   -0.1052834E-05
   -0.1814936E-06    0.1642867E-05   -0.2706407E-06   -0.2291441E-04   -0.3529394E-04   -0.5183983E-05    0.3624050E-05    0.5413942E-02    0.5102755E-04    0.1700248E-02   -0.1638160E-01   -0.4866168E-02    0.4980350E-02   -0.3687711E-02   -0.4465125E-04    0.2414819E-04    0.3238801E-03   -0.1127000E-02   -0.3327995E-02   -0.6135580E-05   -0.2350306E-05    0.4974270E-04   -0.2565626E-05   -0.9400106E-05    0.7970827E-04   -0.3985874E-03    0.6811539E-03   -0.4012546E-03    0.2867381E-02    0.4815811E-03   -0.8835590E-03    0.2201379E-06    0.6748351E-06
   -0.2983981E-06    0.1788742E-05   -0.3462910E-06   -0.2260449E-04   -0.4427061E-04   -0.3957813E-05   -0.8018833E-06    0.1469521E-02    0.2030132E-03   -0.3076739E-02   -0.9092609E-02    0.5350419E-03   -0.6937603E-02   -0.9550954E-02    0.4312119E-02    0.1274258E-02    0.2253088E-03   -0.2249885E-02   -0.3432232E-02    0.4009798E-05    0.4652563E-07   -0.6242717E-05    0.3142621E-05   -0.5350638E-04   -0.8168791E-04   -0.1134583E-03   -0.2834267E-05    0.7006303E-03    0.4815811E-03    0.6459642E-02    0.8363059E-02   -0.1138904E-05    0.5804440E-06
   -0.1520480E-05    0.4261257E-05   -0.2126349E-05   -0.9440564E-04   -0.1816722E-03   -0.2525969E-04    0.5795176E-06   -0.7578162E-02    0.7254778E-03   -0.8231844E-02    0.1173713E+00    0.3639329E-01    0.3056988E-01    0.2486086E-01    0.2622415E-02    0.1238239E-02    0.4010047E-02   -0.1925764E-02   -0.4175854E-02   -0.1899027E-05    0.1144386E-04    0.7879360E-04    0.1603922E-04   -0.1508655E-04    0.3506334E-03   -0.1992159E-03   -0.8142210E-03    0.4717097E-02   -0.8835590E-03    0.8363059E-02    0.6822287E-01    0.3824094E-05   -0.1513774E-05
    0.1148227E-08    0.7295976E-08   -0.3062841E-08   -0.5573832E-07    0.1065931E-06   -0.1522248E-06    0.4864152E-08   -0.2087073E-03    0.1150023E-04    0.1773883E-03    0.6210716E-02    0.1417443E-03    0.8318704E-03    0.6561019E-03   -0.1007813E-03    0.3009315E-03   -0.2601196E-03   -0.3090823E-04   -0.5353498E-04   -0.1352780E-06   -0.9523388E-07    0.1340627E-06   -0.3125327E-07    0.1491985E-06    0.1854569E-06   -0.4766838E-06   -0.3619805E-06   -0.1104174E-05    0.2201379E-06   -0.1138904E-05    0.3824094E-05    0.5981543E-06   -0.1687272E-07
   -0.8176235E-08    0.4694492E-07   -0.5108074E-09   -0.1041288E-05   -0.2057446E-05   -0.4142341E-06    0.5177494E-08    0.4355934E-02   -0.1847705E-04   -0.3397207E-03    0.3686514E-02   -0.1306054E-03   -0.2697816E-02   -0.7795696E-02    0.1860732E-03   -0.3761041E-04   -0.2026149E-03    0.2554936E-02    0.4613473E-02    0.6543800E-07    0.6430298E-07    0.1893087E-06    0.6018552E-07   -0.4782741E-06   -0.1816443E-06   -0.8758082E-06   -0.4347550E-06   -0.1052834E-05    0.6748351E-06    0.5804440E-06   -0.1513774E-05   -0.1687272E-07    0.2096106E-05
