# omegabh2 omegach2 theta mnu logA ns
  2.4890496E-07   5.8720255E-07   5.6672066E-10   7.9810101E-06  -3.4191125E-06  -1.9598387E-09
  5.8720255E-07   4.7387558E-04   1.4130994E-07   1.3106324E-02  -3.7106557E-03  -7.0398549E-05
  5.6672066E-10   1.4130994E-07   3.5809261E-07   7.8269171E-06  -1.2825576E-07  -1.0267001E-07
  7.9810101E-06   1.3106324E-02   7.8269171E-06   5.6194614E-01  -8.7535045E-02   3.3674105E-04
 -3.4191125E-06  -3.7106557E-03  -1.2825576E-07  -8.7535045E-02   3.1686578E-02   9.6839503E-04
 -1.9598387E-09  -7.0398549E-05  -1.0267001E-07   3.3674105E-04   9.6839503E-04   3.9720706E-04
