# omegabh2 omegach2 theta tau mnu nnu logA ns calPlanck acib217 xi asz143 aps100 aps143 aps143217 aps217 aksz kgal100 kgal143 kgal143217 kgal217 galfTE100 galfTE100143 galfTE100217 galfTE143 galfTE143217 galfTE217 cal0 cal2
  3.3491686E-08   3.0780597E-07  -3.0316833E-08   1.7562488E-07   8.2401660E-07   2.2374813E-05   1.2356383E-06   8.9207346E-07   3.3699242E-09   3.8571565E-05  -8.2458381E-07  -1.9872881E-07   1.9010238E-04   6.2980247E-05   1.3548538E-05  -2.0789689E-05   1.6807577E-05   9.3921572E-06   6.2714509E-06   1.8397661E-05   1.8386692E-05  -3.7528263E-08  -5.4325536E-08  -1.1671955E-07  -2.8446226E-07  -2.4409064E-07  -1.5337258E-06   1.8347756E-09   3.7856461E-09
  3.0780597E-07   9.1258794E-06  -9.7139607E-07  -2.6357238E-07   1.8361798E-06   5.0830355E-04   2.2876471E-05   1.4748420E-05  -7.1302502E-08   2.7819313E-03  -5.7607117E-05  -4.9891196E-04   1.2786619E-02   6.4412749E-03   1.8038439E-03  -5.9861662E-04   9.1226552E-04   1.9720534E-04   2.5863332E-04   4.4784975E-04  -1.9915579E-04  -5.3839145E-07   1.5204164E-06   3.6902415E-06   3.2048907E-06  -8.6904950E-07   1.3633499E-05  -2.5425904E-08   9.7399161E-08
 -3.0316833E-08  -9.7139607E-07   1.8840645E-07  -3.7677717E-09  -7.4874357E-07  -5.7610330E-05  -2.4082183E-06  -1.7104288E-06   1.2836143E-08  -3.3525448E-04   6.8276217E-06   5.0457189E-05  -1.4596303E-03  -6.8346779E-04  -1.9908819E-04   7.1882482E-05  -9.6604688E-05  -3.5464169E-05  -3.2834567E-05  -4.6412044E-05   5.6499736E-05   1.1125416E-07  -1.4093682E-07  -6.2069250E-07  -5.5663422E-07  -2.4227878E-07  -1.8710859E-06  -9.5863111E-11  -1.1456721E-08
  1.7562488E-07  -2.6357238E-07  -3.7677717E-09   5.0063538E-05   2.2647703E-05   6.3974392E-05   9.9052868E-05   7.3751008E-06  -3.5113802E-07  -1.2419439E-03   4.2802442E-05   1.0591440E-04  -7.5546155E-03  -2.5262677E-03  -8.9973792E-04   2.3212593E-04  -4.3007003E-04   1.1266274E-04  -2.8841642E-04  -4.5893453E-04  -2.9670541E-04  -6.7653605E-09  -2.2719406E-06  -3.5909310E-06   5.6148120E-07   6.1403367E-06  -1.4927593E-05   4.5782300E-08   2.3379179E-08
  8.2401660E-07   1.8361798E-06  -7.4874357E-07   2.2647703E-05   1.4976607E-03   6.8293755E-04   5.0248161E-05   4.6450536E-05   1.7672414E-06   5.7904857E-03  -2.7033781E-05  -9.0952559E-04   2.1218736E-02   3.1036830E-03  -2.4950527E-03  -8.5660619E-03   4.1959266E-03   1.2805232E-03   1.6913985E-03   5.6248324E-04  -9.6113045E-04   7.8540311E-06  -2.7903097E-06   3.0537119E-05  -2.5026042E-05   1.8532430E-05   2.6199410E-05  -2.5476452E-07   7.1238079E-08
  2.2374813E-05   5.0830355E-04  -5.7610330E-05   6.3974392E-05   6.8293755E-04   3.1640639E-02   1.4424895E-03   1.0580226E-03  -1.7876143E-07   1.6530700E-01  -3.5269133E-03  -2.6456739E-02   7.4287358E-01   3.6297766E-01   9.6560686E-02  -4.3319331E-02   5.6074790E-02   1.3594607E-02   1.8440654E-02   3.1296211E-02  -6.9685048E-03  -1.8655286E-05   5.6190340E-05   2.5462632E-04   9.9588215E-05  -4.9871412E-05   3.9081003E-04  -1.4976393E-06   5.8435696E-06
  1.2356383E-06   2.2876471E-05  -2.4082183E-06   9.9052868E-05   5.0248161E-05   1.4424895E-03   2.8413454E-04   5.2308445E-05   1.1451395E-05   3.7039440E-03   6.7230230E-06  -1.0938494E-03   1.7648864E-02   1.2935292E-02   5.9323087E-03   5.5642204E-03   7.1153004E-04   4.3378130E-04  -4.8219646E-04  -2.0202403E-04   6.6835813E-04   1.1278905E-06  -2.5991264E-06   2.8037942E-06   5.5108138E-06   6.7619378E-06   2.3382961E-05   1.4713511E-07   2.9692445E-07
  8.9207346E-07   1.4748420E-05  -1.7104288E-06   7.3751008E-06   4.6450536E-05   1.0580226E-03   5.2308445E-05   4.9403421E-05   3.3421941E-07   1.5098785E-03  -1.9364768E-05  -8.6479388E-05   3.5269530E-03   5.9335075E-03   4.3316945E-03   2.6301458E-03   1.5415200E-04   7.9060001E-04   3.9867984E-04   8.2439145E-04   1.0008453E-03  -5.6493383E-07   1.7902620E-07   8.9858503E-06  -2.5579342E-06  -1.8733435E-06  -1.0327658E-05  -1.2780032E-07   1.3209897E-07
  3.3699242E-09  -7.1302502E-08   1.2836143E-08  -3.5113802E-07   1.7672414E-06  -1.7876143E-07   1.1451395E-05   3.3421941E-07   6.1294770E-06   3.6089398E-04   1.3798144E-05  -1.7861750E-05   1.8910315E-03   6.9343237E-04   6.6510663E-04   1.7010759E-03  -1.2173206E-06   4.0411397E-05   1.3230110E-05   4.6490704E-05   9.1560388E-04   1.3454307E-06  -5.1212341E-07   1.9538851E-07  -1.7525776E-06  -8.5339257E-07   9.7722889E-06  -1.5759998E-08   6.4026904E-09
  3.8571565E-05   2.7819313E-03  -3.3525448E-04  -1.2419439E-03   5.7904857E-03   1.6530700E-01   3.7039440E-03   1.5098785E-03   3.6089398E-04   4.5243818E+01  -3.7783548E-01  -1.0345522E+00   3.8146839E+01   3.8484105E+00  -1.1612809E+01  -5.5046289E+01   1.7326138E-01   1.9827480E-01   5.4749232E-01  -5.7218195E+00  -3.3516861E+01   2.2157008E-03   2.3033883E-03   9.0188311E-04   7.2284247E-03   2.1115819E-03  -2.2788757E-02  -2.3869666E-04   7.7574994E-04
 -8.2458381E-07  -5.7607117E-05   6.8276217E-06   4.2802442E-05  -2.7033781E-05  -3.5269133E-03   6.7230230E-06  -1.9364768E-05   1.3798144E-05  -3.7783548E-01   8.0948785E-02  -3.4973053E-02  -7.3014467E-01   8.3481815E-01   1.6425881E+00   5.7440409E-01   3.7663349E-02  -1.0706239E-03   1.8991744E-02   1.1301951E-01   1.4351765E-01  -3.1032370E-06  -3.7859387E-05   2.6476947E-04  -4.3106643E-05   2.3759737E-04   1.5264093E-03   3.6241932E-06  -3.4354584E-06
 -1.9872881E-07  -4.9891196E-04   5.0457189E-05   1.0591440E-04  -9.0952559E-04  -2.6456739E-02  -1.0938494E-03  -8.6479388E-05  -1.7861750E-05  -1.0345522E+00  -3.4973053E-02   3.8641226E+00  -3.1074533E+01  -3.4198143E+00   7.5386463E+00   5.2005300E+00  -2.6372935E+00  -1.8598764E-01   1.4908179E-01   2.7578349E+00   3.5490925E+00  -1.1020792E-03  -1.0964915E-03  -1.9131978E-03  -5.7418713E-04  -1.5418506E-03  -1.0962990E-02   1.3248008E-04  -1.6760539E-05
  1.9010238E-04   1.2786619E-02  -1.4596303E-03  -7.5546155E-03   2.1218736E-02   7.4287358E-01   1.7648864E-02   3.5269530E-03   1.8910315E-03   3.8146839E+01  -7.3014467E-01  -3.1074533E+01   7.8194840E+02   7.0572819E+01  -5.6693895E+01  -6.1169631E+01   1.4903597E+01  -5.8674451E+00   5.4293980E+00  -1.3398978E+01  -2.5943258E+01   9.5265015E-03   1.3621087E-02   2.6648463E-02   5.1053186E-03  -2.9935949E-03   1.5773987E-01   3.5173994E-03   3.8895571E-04
  6.2980247E-05   6.4412749E-03  -6.8346779E-04  -2.5262677E-03   3.1036830E-03   3.6297766E-01   1.2935292E-02   5.9335075E-03   6.9343237E-04   3.8484105E+00   8.3481815E-01  -3.4198143E+00   7.0572819E+01   6.2798485E+01   3.9668636E+01   1.3563311E+01  -4.0513097E+00  -1.3973964E-01  -1.0540887E+00   3.4843814E+00   3.6528548E+00  -4.8506526E-04   1.6238473E-03   3.9610097E-04   3.5415650E-03  -1.1345304E-03   6.3135705E-02   1.9838059E-05   7.0489747E-05
  1.3548538E-05   1.8038439E-03  -1.9908819E-04  -8.9973792E-04  -2.4950527E-03   9.6560686E-02   5.9323087E-03   4.3316945E-03   6.6510663E-04  -1.1612809E+01   1.6425881E+00   7.5386463E+00  -5.6693895E+01   3.9668636E+01   8.3191287E+01   5.0120564E+01  -1.1058169E+01  -5.0737269E-01  -5.0878022E-01   5.1922570E+00   8.1798043E+00  -4.3994886E-03  -8.8184873E-04   7.2544790E-04   1.3057153E-03  -7.6675368E-03   1.7856255E-02   4.3547044E-04  -3.4407883E-04
 -2.0789689E-05  -5.9861662E-04   7.1882482E-05   2.3212593E-04  -8.5660619E-03  -4.3319331E-02   5.5642204E-03   2.6301458E-03   1.7010759E-03  -5.5046289E+01   5.7440409E-01   5.2005300E+00  -6.1169631E+01   1.3563311E+01   5.0120564E+01   1.0250009E+02  -8.8171012E+00  -5.7198856E-01  -1.3402571E+00   5.2066585E+00   3.3497143E+01  -3.6734318E-03  -4.2758470E-04  -3.9244160E-03  -3.6501136E-03  -1.4899250E-02   2.5611207E-02   4.8460903E-04  -1.3559389E-03
  1.6807577E-05   9.1226552E-04  -9.6604688E-05  -4.3007003E-04   4.1959266E-03   5.6074790E-02   7.1153004E-04   1.5415200E-04  -1.2173206E-06   1.7326138E-01   3.7663349E-02  -2.6372935E+00   1.4903597E+01  -4.0513097E+00  -1.1058169E+01  -8.8171012E+00   5.5710759E+00   1.0346770E-01  -1.0354743E-01  -1.9677294E+00  -2.3133139E+00   1.5284424E-03   6.2995183E-04   4.4953227E-03  -3.7286097E-04   4.0877788E-03   8.8196091E-03  -1.0301082E-04   5.4303679E-06
  9.3921572E-06   1.9720534E-04  -3.5464169E-05   1.1266274E-04   1.2805232E-03   1.3594607E-02   4.3378130E-04   7.9060001E-04   4.0411397E-05   1.9827480E-01  -1.0706239E-03  -1.8598764E-01  -5.8674451E+00  -1.3973964E-01  -5.0737269E-01  -5.7198856E-01   1.0346770E-01   3.3819348E+00   6.5125359E-01   3.1563348E-01   3.3842020E-01   6.1343489E-05   4.3557648E-04   1.5933638E-03  -7.3781398E-04   1.9294437E-03   9.4414833E-04   1.7049227E-04  -9.6518719E-07
  6.2714509E-06   2.5863332E-04  -3.2834567E-05  -2.8841642E-04   1.6913985E-03   1.8440654E-02  -4.8219646E-04   3.9867984E-04   1.3230110E-05   5.4749232E-01   1.8991744E-02   1.4908179E-01   5.4293980E+00  -1.0540887E+00  -5.0878022E-01  -1.3402571E+00  -1.0354743E-01   6.5125359E-01   3.2191797E+00   2.8764888E+00   2.9568893E+00  -3.1734446E-04   1.0153868E-04   1.0423269E-03   2.0614243E-04   1.7277932E-03   3.3085882E-03  -1.7143487E-04  -2.5110963E-05
  1.8397661E-05   4.4784975E-04  -4.6412044E-05  -4.5893453E-04   5.6248324E-04   3.1296211E-02  -2.0202403E-04   8.2439145E-04   4.6490704E-05  -5.7218195E+00   1.1301951E-01   2.7578349E+00  -1.3398978E+01   3.4843814E+00   5.1922570E+00   5.2066585E+00  -1.9677294E+00   3.1563348E-01   2.8764888E+00   1.1077026E+01   1.9547738E+01  -1.5810235E-03  -2.1126716E-03   2.2969324E-04  -7.3262930E-04   4.0361487E-03   1.4747660E-02  -6.5781568E-06   3.8828247E-04
  1.8386692E-05  -1.9915579E-04   5.6499736E-05  -2.9670541E-04  -9.6113045E-04  -6.9685048E-03   6.6835813E-04   1.0008453E-03   9.1560388E-04  -3.3516861E+01   1.4351765E-01   3.5490925E+00  -2.5943258E+01   3.6528548E+00   8.1798043E+00   3.3497143E+01  -2.3133139E+00   3.3842020E-01   2.9568893E+00   1.9547738E+01   5.3839796E+01  -4.1297249E-03  -5.1580592E-03   2.2132261E-03  -4.8418101E-03   3.9686103E-03   3.6709556E-02   9.0953348E-05   8.2245391E-04
 -3.7528263E-08  -5.3839145E-07   1.1125416E-07  -6.7653605E-09   7.8540311E-06  -1.8655286E-05   1.1278905E-06  -5.6493383E-07   1.3454307E-06   2.2157008E-03  -3.1032370E-06  -1.1020792E-03   9.5265015E-03  -4.8506526E-04  -4.3994886E-03  -3.6734318E-03   1.5284424E-03   6.1343489E-05  -3.1734446E-04  -1.5810235E-03  -4.1297249E-03   1.4130719E-03   2.4601410E-04   1.0462342E-04  -3.5788441E-04  -4.1592636E-05   8.5370990E-05   1.3535657E-07  -2.1519467E-07
 -5.4325536E-08   1.5204164E-06  -1.4093682E-07  -2.2719406E-06  -2.7903097E-06   5.6190340E-05  -2.5991264E-06   1.7902620E-07  -5.1212341E-07   2.3033883E-03  -3.7859387E-05  -1.0964915E-03   1.3621087E-02   1.6238473E-03  -8.8184873E-04  -4.2758470E-04   6.2995183E-04   4.3557648E-04   1.0153868E-04  -2.1126716E-03  -5.1580592E-03   2.4601410E-04   8.3626031E-04   6.5806622E-06   7.1582352E-04   2.0480619E-05  -7.5155266E-04  -3.5781223E-08  -2.8182916E-07
 -1.1671955E-07   3.6902415E-06  -6.2069250E-07  -3.5909310E-06   3.0537119E-05   2.5462632E-04   2.8037942E-06   8.9858503E-06   1.9538851E-07   9.0188311E-04   2.6476947E-04  -1.9131978E-03   2.6648463E-02   3.9610097E-04   7.2544790E-04  -3.9244160E-03   4.4953227E-03   1.5933638E-03   1.0423269E-03   2.2969324E-04   2.2132261E-03   1.0462342E-04   6.5806622E-06   7.1175069E-03  -3.0327939E-04   5.5393859E-04   4.4146955E-03   3.6753514E-07   7.0821325E-07
 -2.8446226E-07   3.2048907E-06  -5.5663422E-07   5.6148120E-07  -2.5026042E-05   9.9588215E-05   5.5108138E-06  -2.5579342E-06  -1.7525776E-06   7.2284247E-03  -4.3106643E-05  -5.7418713E-04   5.1053186E-03   3.5415650E-03   1.3057153E-03  -3.6501136E-03  -3.7286097E-04  -7.3781398E-04   2.0614243E-04  -7.3262930E-04  -4.8418101E-03  -3.5788441E-04   7.1582352E-04  -3.0327939E-04   2.8440142E-03   5.0505030E-04  -9.8092056E-04   1.5485975E-07   2.9956463E-07
 -2.4409064E-07  -8.6904950E-07  -2.4227878E-07   6.1403367E-06   1.8532430E-05  -4.9871412E-05   6.7619378E-06  -1.8733435E-06  -8.5339257E-07   2.1115819E-03   2.3759737E-04  -1.5418506E-03  -2.9935949E-03  -1.1345304E-03  -7.6675368E-03  -1.4899250E-02   4.0877788E-03   1.9294437E-03   1.7277932E-03   4.0361487E-03   3.9686103E-03  -4.1592636E-05   2.0480619E-05   5.5393859E-04   5.0505030E-04   6.4550531E-03   7.6878278E-03   1.6269610E-07  -3.3618247E-08
 -1.5337258E-06   1.3633499E-05  -1.8710859E-06  -1.4927593E-05   2.6199410E-05   3.9081003E-04   2.3382961E-05  -1.0327658E-05   9.7722889E-06  -2.2788757E-02   1.5264093E-03  -1.0962990E-02   1.5773987E-01   6.3135705E-02   1.7856255E-02   2.5611207E-02   8.8196091E-03   9.4414833E-04   3.3085882E-03   1.4747660E-02   3.6709556E-02   8.5370990E-05  -7.5155266E-04   4.4146955E-03  -9.8092056E-04   7.6878278E-03   7.2926951E-02   6.4280397E-07  -5.3723085E-07
  1.8347756E-09  -2.5425904E-08  -9.5863111E-11   4.5782300E-08  -2.5476452E-07  -1.4976393E-06   1.4713511E-07  -1.2780032E-07  -1.5759998E-08  -2.3869666E-04   3.6241932E-06   1.3248008E-04   3.5173994E-03   1.9838059E-05   4.3547044E-04   4.8460903E-04  -1.0301082E-04   1.7049227E-04  -1.7143487E-04  -6.5781568E-06   9.0953348E-05   1.3535657E-07  -3.5781223E-08   3.6753514E-07   1.5485975E-07   1.6269610E-07   6.4280397E-07   3.7862293E-07  -5.7179147E-09
  3.7856461E-09   9.7399161E-08  -1.1456721E-08   2.3379179E-08   7.1238079E-08   5.8435696E-06   2.9692445E-07   1.3209897E-07   6.4026904E-09   7.7574994E-04  -3.4354584E-06  -1.6760539E-05   3.8895571E-04   7.0489747E-05  -3.4407883E-04  -1.3559389E-03   5.4303679E-06  -9.6518719E-07  -2.5110963E-05   3.8828247E-04   8.2245391E-04  -2.1519467E-07  -2.8182916E-07   7.0821325E-07   2.9956463E-07  -3.3618247E-08  -5.3723085E-07  -5.7179147E-09   3.7575166E-07
