# omegabh2 omegach2 theta tau meffsterile nnu logA ns calPlanck acib217 xi asz143 aps100 aps143 aps143217 aps217 aksz kgal100 kgal143 kgal143217 kgal217 cal0 cal2
  3.7346831E-08   5.3940668E-08   1.0855969E-08   2.7306156E-07   4.6720784E-07   6.4538616E-06   7.4350888E-07   4.6176643E-07   1.3883415E-08  -7.9325339E-05   8.6012728E-07   2.8351088E-05  -4.1282228E-04  -2.9058114E-04  -1.1542116E-04  -4.1975623E-05  -3.8384350E-05   7.0187535E-06   5.3678178E-07   4.5396304E-06   3.8124170E-05   2.2691520E-09  -1.0362346E-10
  5.3940668E-08   1.3322290E-05  -5.0514953E-07  -2.0205212E-07  -7.6605381E-04   2.3084661E-04   1.2082813E-05   9.1919061E-06  -2.7292555E-07   1.4430179E-03  -1.6659396E-05  -4.0453237E-04   8.3442386E-03   2.1419855E-03  -1.7639869E-05  -1.1127723E-03   6.6518600E-04  -4.2303259E-05   1.0427234E-04  -1.5462011E-04  -9.4428586E-04   1.4154290E-09   6.1203256E-09
  1.0855969E-08  -5.0514953E-07   1.9928120E-07   1.7271723E-07   2.1180570E-05  -1.4591540E-05  -1.7327246E-07  -2.9677538E-07   7.4126083E-09  -4.5752150E-05  -3.0897712E-07   2.2473739E-05  -5.0839191E-04  -1.6897839E-04  -7.7124268E-05  -3.3353691E-05  -3.6493804E-05   8.1372049E-07   1.3840826E-07   1.1163935E-05   3.6291155E-05  -3.8768347E-09  -8.3146173E-11
  2.7306156E-07  -2.0205212E-07   1.7271723E-07   6.5846150E-05  -5.4334054E-06   6.0114803E-05   1.2917278E-04   8.6739406E-06  -4.8458644E-07  -8.7717379E-04   1.2879429E-05   1.3951867E-04  -4.7595355E-03  -4.3260494E-03  -2.2464942E-03  -8.2940886E-04  -5.5597788E-04  -1.2016733E-04  -1.7181562E-04  -3.3717848E-04  -6.4336494E-04  -1.4505629E-08  -1.9560664E-08
  4.6720784E-07  -7.6605381E-04   2.1180570E-05  -5.4334054E-06   6.2720117E-02  -6.4394616E-03  -3.3066199E-04  -5.4375842E-04   1.9177496E-05  -6.2337152E-02   6.6367604E-04   2.0582157E-02  -3.6758580E-01   1.5944601E-03   8.5120839E-02   1.1810891E-01  -2.9491428E-02   3.2609348E-04  -8.8596154E-03   1.6559775E-02   6.3199437E-02   3.9872465E-07   1.5078682E-06
  6.4538616E-06   2.3084661E-04  -1.4591540E-05   6.0114803E-05  -6.4394616E-03   9.9417716E-03   4.7452399E-04   3.9768216E-04   8.5618435E-07   4.7935329E-02  -7.3280580E-04  -1.3603070E-02   2.8875614E-01   1.1148789E-01   2.5982886E-02  -1.1959887E-02   2.4390524E-02   7.8174890E-04   3.2846127E-03   1.4368213E-03  -1.5353452E-02   9.2660008E-07   1.2245859E-06
  7.4350888E-07   1.2082813E-05  -1.7327246E-07   1.2917278E-04  -3.3066199E-04   4.7452399E-04   3.0324113E-04   2.3207779E-05   1.0871101E-05  -7.6944153E-04   5.9572705E-05  -1.4625424E-05   3.2444757E-03  -1.7055319E-03   1.2327743E-03   5.5161428E-03  -1.5073768E-03  -8.2242736E-04  -1.0104322E-03  -1.1542950E-03  -2.5336126E-04   1.3823205E-07   1.3793683E-08
  4.6176643E-07   9.1919061E-06  -2.9677538E-07   8.6739406E-06  -5.4375842E-04   3.9768216E-04   2.3207779E-05   3.4786999E-05   2.9148042E-07  -1.9673558E-03   5.6956468E-05   3.3047749E-04  -9.6388697E-03  -2.3470967E-03   1.8925866E-03   3.2430733E-03  -1.2500792E-03   5.3401799E-04   2.5763126E-06  -2.1062755E-04   3.9172843E-04  -5.7179697E-08  -3.2059117E-08
  1.3883415E-08  -2.7292555E-07   7.4126083E-09  -4.8458644E-07   1.9177496E-05   8.5618435E-07   1.0871101E-05   2.9148042E-07   6.0179153E-06   6.5130575E-04   9.1566212E-07   2.2863690E-05   3.9593625E-03   1.0263284E-03   7.8410275E-04   1.5075091E-03  -9.7852229E-05  -4.9138788E-05  -2.6682570E-05  -7.8000956E-06   7.3922014E-04  -4.4602812E-09   4.2179342E-09
 -7.9325339E-05   1.4430179E-03  -4.5752150E-05  -8.7717379E-04  -6.2337152E-02   4.7935329E-02  -7.6944153E-04  -1.9673558E-03   6.5130575E-04   4.4894439E+01  -4.1508287E-01  -1.0193607E+00   3.7747539E+01   1.8920600E+00  -1.4380012E+01  -5.5584629E+01   1.1119587E-01   2.9086977E-01   6.2826815E-01  -5.6593146E+00  -3.3157862E+01  -1.9978479E-04   6.8462644E-04
  8.6012728E-07  -1.6659396E-05  -3.0897712E-07   1.2879429E-05   6.6367604E-04  -7.3280580E-04   5.9572705E-05   5.6956468E-05   9.1566212E-07  -4.1508287E-01   8.1860300E-02  -4.0260586E-02  -5.5850258E-01   8.6550750E-01   1.6518318E+00   6.6458354E-01   4.3892349E-02  -9.8770338E-03   5.8572072E-03   1.0407666E-01   1.5638029E-01   3.9800052E-06  -7.3111055E-07
  2.8351088E-05  -4.0453237E-04   2.2473739E-05   1.3951867E-04   2.0582157E-02  -1.3603070E-02  -1.4625424E-05   3.3047749E-04   2.2863690E-05  -1.0193607E+00  -4.0260586E-02   3.9984074E+00  -3.1252795E+01  -2.9169440E+00   8.4131317E+00   5.9591739E+00  -3.0818544E+00  -2.3409910E-01   1.3368448E-01   2.7481989E+00   3.5115732E+00   1.1130285E-04  -3.0679981E-05
 -4.1282228E-04   8.3442386E-03  -5.0839191E-04  -4.7595355E-03  -3.6758580E-01   2.8875614E-01   3.2444757E-03  -9.6388697E-03   3.9593625E-03   3.7747539E+01  -5.5850258E-01  -3.1252795E+01   7.9301183E+02   6.9530680E+01  -5.9210036E+01  -6.4991757E+01   1.6727142E+01  -5.9879556E+00   5.8323779E+00  -1.1716385E+01  -2.4174333E+01   3.8596005E-03   4.7025903E-04
 -2.9058114E-04   2.1419855E-03  -1.6897839E-04  -4.3260494E-03   1.5944601E-03   1.1148789E-01  -1.7055319E-03  -2.3470967E-03   1.0263284E-03   1.8920600E+00   8.6550750E-01  -2.9169440E+00   6.9530680E+01   6.2963646E+01   4.2002495E+01   1.8476744E+01  -5.2774895E+00  -3.9601559E-01  -1.2588452E+00   3.7913283E+00   4.8323343E+00   1.2460283E-04   1.1169831E-04
 -1.1542116E-04  -1.7639869E-05  -7.7124268E-05  -2.2464942E-03   8.5120839E-02   2.5982886E-02   1.2327743E-03   1.8925866E-03   7.8410275E-04  -1.4380012E+01   1.6518318E+00   8.4131317E+00  -5.9210036E+01   4.2002495E+01   8.8811344E+01   5.8713234E+01  -1.3382565E+01  -1.0252823E+00  -8.3847869E-01   5.4508035E+00   9.8021787E+00   4.2358962E-04  -3.7121582E-04
 -4.1975623E-05  -1.1127723E-03  -3.3353691E-05  -8.2940886E-04   1.1810891E-01  -1.1959887E-02   5.5161428E-03   3.2430733E-03   1.5075091E-03  -5.5584629E+01   6.6458354E-01   5.9591739E+00  -6.4991757E+01   1.8476744E+01   5.8713234E+01   1.0780509E+02  -1.0708609E+01  -8.8676970E-01  -1.4197440E+00   5.7467072E+00   3.3963474E+01   4.3673980E-04  -1.3414766E-03
 -3.8384350E-05   6.6518600E-04  -3.6493804E-05  -5.5597788E-04  -2.9491428E-02   2.4390524E-02  -1.5073768E-03  -1.2500792E-03  -9.7852229E-05   1.1119587E-01   4.3892349E-02  -3.0818544E+00   1.6727142E+01  -5.2774895E+00  -1.3382565E+01  -1.0708609E+01   6.6935831E+00   8.9430685E-02  -1.7976499E-01  -2.3089591E+00  -2.6727731E+00  -8.6870149E-05   1.7134434E-05
  7.0187535E-06  -4.2303259E-05   8.1372049E-07  -1.2016733E-04   3.2609348E-04   7.8174890E-04  -8.2242736E-04   5.3401799E-04  -4.9138788E-05   2.9086977E-01  -9.8770338E-03  -2.3409910E-01  -5.9879556E+00  -3.9601559E-01  -1.0252823E+00  -8.8676970E-01   8.9430685E-02   3.4481305E+00   5.9632295E-01   2.0196105E-01   3.7064221E-02   1.7542087E-04  -7.7468360E-06
  5.3678178E-07   1.0427234E-04   1.3840826E-07  -1.7181562E-04  -8.8596154E-03   3.2846127E-03  -1.0104322E-03   2.5763126E-06  -2.6682570E-05   6.2826815E-01   5.8572072E-03   1.3368448E-01   5.8323779E+00  -1.2588452E+00  -8.3847869E-01  -1.4197440E+00  -1.7976499E-01   5.9632295E-01   3.1768986E+00   2.6958702E+00   2.6580293E+00  -1.6065220E-04  -4.0174464E-05
  4.5396304E-06  -1.5462011E-04   1.1163935E-05  -3.3717848E-04   1.6559775E-02   1.4368213E-03  -1.1542950E-03  -2.1062755E-04  -7.8000956E-06  -5.6593146E+00   1.0407666E-01   2.7481989E+00  -1.1716385E+01   3.7913283E+00   5.4508035E+00   5.7467072E+00  -2.3089591E+00   2.0196105E-01   2.6958702E+00   1.0751627E+01   1.9148772E+01   2.8629844E-05   4.1471657E-04
  3.8124170E-05  -9.4428586E-04   3.6291155E-05  -6.4336494E-04   6.3199437E-02  -1.5353452E-02  -2.5336126E-04   3.9172843E-04   7.3922014E-04  -3.3157862E+01   1.5638029E-01   3.5115732E+00  -2.4174333E+01   4.8323343E+00   9.8021787E+00   3.3963474E+01  -2.6727731E+00   3.7064221E-02   2.6580293E+00   1.9148772E+01   5.3302589E+01   1.5192957E-04   9.6190758E-04
  2.2691520E-09   1.4154290E-09  -3.8768347E-09  -1.4505629E-08   3.9872465E-07   9.2660008E-07   1.3823205E-07  -5.7179697E-08  -4.4602812E-09  -1.9978479E-04   3.9800052E-06   1.1130285E-04   3.8596005E-03   1.2460283E-04   4.2358962E-04   4.3673980E-04  -8.6870149E-05   1.7542087E-04  -1.6065220E-04   2.8629844E-05   1.5192957E-04   3.7626007E-07   4.1256269E-09
 -1.0362346E-10   6.1203256E-09  -8.3146173E-11  -1.9560664E-08   1.5078682E-06   1.2245859E-06   1.3793683E-08  -3.2059117E-08   4.2179342E-09   6.8462644E-04  -7.3111055E-07  -3.0679981E-05   4.7025903E-04   1.1169831E-04  -3.7121582E-04  -1.3414766E-03   1.7134434E-05  -7.7468360E-06  -4.0174464E-05   4.1471657E-04   9.6190758E-04   4.1256269E-09   3.8005626E-07
