# omegabh2 omegach2 theta tau logA ns acib217 xi asz143 aps100 aps143 aps143217 aps217 aksz kgal100 kgal143 kgal143217 kgal217 cal0 cal2 calPlanck
    0.5247427E-07   -0.2804798E-06    0.4848532E-07    0.1567709E-05    0.2607076E-05    0.8203980E-06   -0.1998360E-03    0.3778368E-05    0.5472734E-04   -0.8289740E-03   -0.5496997E-03   -0.1766736E-03   -0.2181575E-04   -0.7548828E-04    0.1993014E-05   -0.7200511E-05   -0.7466394E-05    0.4145845E-04    0.3732516E-08   -0.1436133E-07    0.2155423E-07
   -0.2804798E-06    0.5000963E-05   -0.4850220E-06   -0.1577833E-04   -0.1997408E-04   -0.1193399E-04    0.7093912E-03   -0.1859604E-04   -0.1598381E-03    0.3134119E-02    0.2543509E-02    0.1283885E-02    0.7440028E-03    0.1776170E-03   -0.4030166E-04   -0.6750933E-05   -0.5979870E-04   -0.2597831E-03   -0.3346340E-07    0.3851433E-07   -0.2613068E-06
    0.4848532E-07   -0.4850220E-06    0.2268145E-06    0.2143001E-05    0.3364569E-05    0.1465440E-05   -0.6309470E-04    0.2846435E-05    0.1421088E-04   -0.3644556E-03   -0.2891507E-03   -0.1574637E-03   -0.1178454E-03   -0.3431557E-04    0.8962129E-05   -0.1154415E-04   -0.4152783E-05    0.6837599E-05   -0.3547432E-09   -0.3188742E-08    0.3285105E-07
    0.1567709E-05   -0.1577833E-04    0.2143001E-05    0.3285509E-03    0.6188868E-03    0.5057267E-04   -0.1176499E-01    0.2299603E-03    0.3009122E-02   -0.5125971E-01   -0.2664410E-01   -0.5838340E-02    0.3052134E-02   -0.4666632E-02   -0.2053277E-03   -0.5820245E-03   -0.1428221E-02    0.1705352E-03    0.1062859E-06   -0.1468048E-05   -0.1125295E-06
    0.2607076E-05   -0.1997408E-04    0.3364569E-05    0.6188868E-03    0.1217911E-02    0.7240338E-04   -0.2179362E-01    0.5111071E-03    0.5876158E-02   -0.9146025E-01   -0.4567842E-01   -0.4149591E-02    0.1420031E-01   -0.1011489E-01   -0.7892627E-03   -0.1774917E-02   -0.3391356E-02    0.9493797E-03    0.4475216E-06   -0.2876792E-05    0.1212731E-04
    0.8203980E-06   -0.1193399E-04    0.1465440E-05    0.5057267E-04    0.7240338E-04    0.3996207E-04   -0.6471281E-02    0.1544564E-03    0.1644610E-02   -0.3412818E-01   -0.1197538E-01    0.5211419E-03    0.4690972E-02   -0.3112573E-02    0.4376540E-03   -0.1113902E-03   -0.2880599E-03    0.1216133E-02   -0.1190970E-06   -0.5354147E-06    0.1007210E-05
   -0.1998360E-03    0.7093912E-03   -0.6309470E-04   -0.1176499E-01   -0.2179362E-01   -0.6471281E-02    0.4356621E+02   -0.4595558E+00   -0.1697284E+01    0.4342806E+02    0.1458690E+01   -0.2011409E+02   -0.6082329E+02    0.5028444E+00    0.9958316E-01    0.1489984E+00   -0.1906578E+01   -0.1859294E+02   -0.2140763E-03    0.4373559E-02    0.8486886E-03
    0.3778368E-05   -0.1859604E-04    0.2846435E-05    0.2299603E-03    0.5111071E-03    0.1544564E-03   -0.4595558E+00    0.8109598E-01   -0.7103454E-01   -0.5396236E+00    0.9714691E+00    0.1811578E+01    0.6950615E+00    0.7713000E-01   -0.7808902E-02    0.1223056E-02    0.9558818E-01    0.7909908E-01    0.5648818E-05   -0.1688402E-04    0.2166456E-04
    0.5472734E-04   -0.1598381E-03    0.1421088E-04    0.3009122E-02    0.5876158E-02    0.1644610E-02   -0.1697284E+01   -0.7103454E-01    0.3775657E+01   -0.3021347E+02   -0.3978141E+01    0.7944377E+01    0.7022562E+01   -0.2821116E+01   -0.8928080E-01    0.3954352E-01    0.2211603E+01    0.1852769E+01    0.1742837E-03   -0.3930204E-03    0.8026555E-04
   -0.8289740E-03    0.3134119E-02   -0.3644556E-03   -0.5125971E-01   -0.9146025E-01   -0.3412818E-01    0.4342806E+02   -0.5396236E+00   -0.3021347E+02    0.7855588E+03    0.7001003E+02   -0.6279747E+02   -0.7327331E+02    0.1474738E+02   -0.5012350E+01    0.3111385E+01   -0.1188611E+02   -0.1549568E+02    0.6158877E-02    0.4837239E-02    0.2856926E-02
   -0.5496997E-03    0.2543509E-02   -0.2891507E-03   -0.2664410E-01   -0.4567842E-01   -0.1197538E-01    0.1458690E+01    0.9714691E+00   -0.3978141E+01    0.7001003E+02    0.6359455E+02    0.4553674E+02    0.1857832E+02   -0.4394167E+01   -0.3665313E+00   -0.1042089E+01    0.3543818E+01    0.3022952E+01    0.7848688E-04    0.1797640E-03    0.5463863E-03
   -0.1766736E-03    0.1283885E-02   -0.1574637E-03   -0.5838340E-02   -0.4149591E-02    0.5211419E-03   -0.2011409E+02    0.1811578E+01    0.7944377E+01   -0.6279747E+02    0.4553674E+02    0.9977645E+02    0.6853457E+02   -0.1258243E+02   -0.5544379E+00   -0.5693920E+00    0.3955923E+01    0.3436016E+01    0.7296346E-03   -0.2718444E-02    0.1048419E-02
   -0.2181575E-04    0.7440028E-03   -0.1178454E-03    0.3052134E-02    0.1420031E-01    0.4690972E-02   -0.6082329E+02    0.6950615E+00    0.7022562E+01   -0.7327331E+02    0.1857832E+02    0.6853457E+02    0.1241082E+03   -0.1114306E+02   -0.4959676E+00   -0.5245173E+00   -0.9419829E+00    0.1431125E+02    0.6601660E-03   -0.7813418E-02    0.1401152E-02
   -0.7548828E-04    0.1776170E-03   -0.3431557E-04   -0.4666632E-02   -0.1011489E-01   -0.3112573E-02    0.5028444E+00    0.7713000E-01   -0.2821116E+01    0.1474738E+02   -0.4394167E+01   -0.1258243E+02   -0.1114306E+02    0.6381572E+01    0.4648986E-01   -0.7558277E-01   -0.1800720E+01   -0.1409279E+01   -0.1230890E-03    0.2241658E-03   -0.1528658E-03
    0.1993014E-05   -0.4030166E-04    0.8962129E-05   -0.2053277E-03   -0.7892627E-03    0.4376540E-03    0.9958316E-01   -0.7808902E-02   -0.8928080E-01   -0.5012350E+01   -0.3665313E+00   -0.5544379E+00   -0.4959676E+00    0.4648986E-01    0.3510914E+01    0.4440332E+00    0.1982678E+00    0.2240024E+00    0.2684444E-03   -0.6697941E-05    0.2906626E-04
   -0.7200511E-05   -0.6750933E-05   -0.1154415E-04   -0.5820245E-03   -0.1774917E-02   -0.1113902E-03    0.1489984E+00    0.1223056E-02    0.3954352E-01    0.3111385E+01   -0.1042089E+01   -0.5693920E+00   -0.5245173E+00   -0.7558277E-01    0.4440332E+00    0.3388407E+01    0.2660886E+01    0.1799389E+01   -0.3009401E-03   -0.2054930E-03   -0.1910756E-05
   -0.7466394E-05   -0.5979870E-04   -0.4152783E-05   -0.1428221E-02   -0.3391356E-02   -0.2880599E-03   -0.1906578E+01    0.9558818E-01    0.2211603E+01   -0.1188611E+02    0.3543818E+01    0.3955923E+01   -0.9419829E+00   -0.1800720E+01    0.1982678E+00    0.2660886E+01    0.1716084E+02    0.2559793E+02   -0.8278045E-04    0.2488253E-02    0.3962298E-04
    0.4145845E-04   -0.2597831E-03    0.6837599E-05    0.1705352E-03    0.9493797E-03    0.1216133E-02   -0.1859294E+02    0.7909908E-01    0.1852769E+01   -0.1549568E+02    0.3022952E+01    0.3436016E+01    0.1431125E+02   -0.1409279E+01    0.2240024E+00    0.1799389E+01    0.2559793E+02    0.5469416E+02   -0.5964684E-04    0.4513282E-02    0.6404597E-03
    0.3732516E-08   -0.3346340E-07   -0.3547432E-09    0.1062859E-06    0.4475216E-06   -0.1190970E-06   -0.2140763E-03    0.5648818E-05    0.1742837E-03    0.6158877E-02    0.7848688E-04    0.7296346E-03    0.6601660E-03   -0.1230890E-03    0.2684444E-03   -0.3009401E-03   -0.8278045E-04   -0.5964684E-04    0.5995016E-06   -0.8407591E-08    0.2065382E-07
   -0.1436133E-07    0.3851433E-07   -0.3188742E-08   -0.1468048E-05   -0.2876792E-05   -0.5354147E-06    0.4373559E-02   -0.1688402E-04   -0.3930204E-03    0.4837239E-02    0.1797640E-03   -0.2718444E-02   -0.7813418E-02    0.2241658E-03   -0.6697941E-05   -0.2054930E-03    0.2488253E-02    0.4513282E-02   -0.8407591E-08    0.2078636E-05    0.1359838E-07
    0.2155423E-07   -0.2613068E-06    0.3285105E-07   -0.1125295E-06    0.1212731E-04    0.1007210E-05    0.8486886E-03    0.2166456E-04    0.8026555E-04    0.2856926E-02    0.5463863E-03    0.1048419E-02    0.1401152E-02   -0.1528658E-03    0.2906626E-04   -0.1910756E-05    0.3962298E-04    0.6404597E-03    0.2065382E-07    0.1359838E-07    0.6477238E-05
