# omegabh2 omegach2 theta tau alpha1 logA ns calPlanck acib217 xi asz143 aps100 aps143 aps143217 aps217 aksz kgal100 kgal143 kgal143217 kgal217 cal0 cal2
    0.6085755E-07   -0.2254997E-06    0.3098764E-07    0.2603101E-05   -0.1980012E-06    0.4949669E-05    0.5189274E-06    0.1563404E-07   -0.2350665E-03    0.4697691E-05    0.6086791E-04   -0.1122203E-02   -0.6046292E-03   -0.1670770E-03    0.7241081E-05   -0.8475612E-04    0.3396611E-05   -0.4581074E-05   -0.2484281E-04    0.1416234E-04    0.4228110E-08   -0.2294621E-07
   -0.2254997E-06    0.4481266E-05   -0.5051722E-06   -0.1642226E-04   -0.5510597E-06   -0.2178250E-04   -0.1183718E-04   -0.1893140E-06    0.7062812E-03   -0.1846909E-04   -0.2257490E-03    0.3438549E-02    0.2291442E-02    0.7582157E-03    0.2395612E-03    0.2652599E-03    0.2402036E-04   -0.7954382E-05    0.5274696E-04    0.3625035E-04   -0.7172516E-08    0.8972476E-07
    0.3098764E-07   -0.5051722E-06    0.2677016E-06    0.1105948E-05    0.3953282E-06    0.9866176E-06    0.2044325E-05    0.4670399E-07   -0.1466260E-03    0.3510286E-05    0.2933249E-04   -0.4336214E-03   -0.2373058E-03    0.4530769E-05    0.1001749E-03   -0.5354788E-04    0.8387379E-05    0.9370366E-05   -0.9316279E-05    0.1761255E-04   -0.1673832E-08   -0.1701470E-07
    0.2603101E-05   -0.1642226E-04    0.1105948E-05    0.4436033E-03   -0.1554088E-04    0.8572436E-03    0.4357363E-04   -0.4346776E-06   -0.1857678E-01    0.3658964E-03    0.4033421E-02   -0.8275025E-01   -0.3507993E-01   -0.3601571E-02    0.1021148E-01   -0.7559011E-02   -0.5964378E-03   -0.1204551E-02   -0.3651551E-02   -0.1669256E-02    0.1497418E-06   -0.2335030E-05
   -0.1980012E-06   -0.5510597E-06    0.3953282E-06   -0.1554088E-04    0.4840203E-05   -0.3564002E-04    0.6238677E-05   -0.2198817E-07    0.2315774E-03    0.1184048E-05    0.5625942E-04    0.1211514E-02    0.1040157E-02    0.1013410E-02    0.6116149E-03   -0.7204517E-04   -0.1957481E-04    0.4142837E-04    0.2023125E-03    0.1675367E-03   -0.3718887E-07    0.5355956E-07
    0.4949669E-05   -0.2178250E-04    0.9866176E-06    0.8572436E-03   -0.3564002E-04    0.1713585E-02    0.5259693E-04    0.1103358E-04   -0.3664485E-01    0.7728227E-03    0.7522243E-02   -0.1536792E+00   -0.6368775E-01   -0.2198392E-02    0.2756114E-01   -0.1546351E-01   -0.1474163E-02   -0.2936198E-02   -0.7815664E-02   -0.1759766E-02    0.5502421E-06   -0.4687476E-05
    0.5189274E-06   -0.1183718E-04    0.2044325E-05    0.4357363E-04    0.6238677E-05    0.5259693E-04    0.4916496E-04    0.5349927E-06   -0.7221483E-02    0.1885822E-03    0.1918680E-02   -0.3694970E-01   -0.1138358E-01    0.2939724E-02    0.7095539E-02   -0.3514105E-02    0.2113508E-03   -0.1564444E-03   -0.4021709E-03    0.8406702E-03   -0.2185926E-06   -0.6951966E-06
    0.1563404E-07   -0.1893140E-06    0.4670399E-07   -0.4346776E-06   -0.2198817E-07    0.1103358E-04    0.5349927E-06    0.6189328E-05    0.6455636E-03    0.8409866E-05    0.3189047E-07    0.4023531E-02    0.7765638E-03    0.6103803E-03    0.1346957E-02   -0.1387999E-05   -0.5237829E-04    0.6617708E-04    0.4632943E-04    0.7963397E-03   -0.3259158E-07   -0.4471069E-07
   -0.2350665E-03    0.7062812E-03   -0.1466260E-03   -0.1857678E-01    0.2315774E-03   -0.3664485E-01   -0.7221483E-02    0.6455636E-03    0.4358638E+02   -0.5269483E+00   -0.1811422E+01    0.4684925E+02    0.1693682E+01   -0.2141185E+02   -0.6070453E+02    0.8697974E+00   -0.1272188E+00    0.2231491E+00   -0.2108922E+01   -0.1858016E+02   -0.3579793E-03    0.4296846E-02
    0.4697691E-05   -0.1846909E-04    0.3510286E-05    0.3658964E-03    0.1184048E-05    0.7728227E-03    0.1885822E-03    0.8409866E-05   -0.5269483E+00    0.8156638E-01   -0.5994569E-01   -0.6992153E+00    0.9577369E+00    0.1886274E+01    0.8084190E+00    0.5185063E-01   -0.6278578E-02    0.1911314E-02    0.9977202E-01    0.1164329E+00    0.8522914E-05   -0.2135061E-04
    0.6086791E-04   -0.2257490E-03    0.2933249E-04    0.4033421E-02    0.5625942E-04    0.7522243E-02    0.1918680E-02    0.3189047E-07   -0.1811422E+01   -0.5994569E-01    0.3723938E+01   -0.2990398E+02   -0.3892779E+01    0.7925235E+01    0.6925866E+01   -0.2769000E+01   -0.1316634E+00    0.3559521E-01    0.2403878E+01    0.2238168E+01    0.1778470E-03   -0.3360208E-03
   -0.1122203E-02    0.3438549E-02   -0.4336214E-03   -0.8275025E-01    0.1211514E-02   -0.1536792E+00   -0.3694970E-01    0.4023531E-02    0.4684925E+02   -0.6992153E+00   -0.2990398E+02    0.7950683E+03    0.7401825E+02   -0.6250481E+02   -0.7411458E+02    0.1558408E+02   -0.4380950E+01    0.3671658E+01   -0.1219231E+02   -0.1821437E+02    0.6064046E-02    0.4280335E-02
   -0.6046292E-03    0.2291442E-02   -0.2373058E-03   -0.3507993E-01    0.1040157E-02   -0.6368775E-01   -0.1138358E-01    0.7765638E-03    0.1693682E+01    0.9577369E+00   -0.3892779E+01    0.7401825E+02    0.6457185E+02    0.4591175E+02    0.1873665E+02   -0.4137966E+01   -0.6505830E+00   -0.1113142E+01    0.3775364E+01    0.3437865E+01    0.1459107E-03    0.1983204E-03
   -0.1670770E-03    0.7582157E-03    0.4530769E-05   -0.3601571E-02    0.1013410E-02   -0.2198392E-02    0.2939724E-02    0.6103803E-03   -0.2141185E+02    0.1886274E+01    0.7925235E+01   -0.6250481E+02    0.4591175E+02    0.1010505E+03    0.6936377E+02   -0.1252803E+02   -0.8587386E+00   -0.5780995E+00    0.4987096E+01    0.5858177E+01    0.8228389E-03   -0.2470908E-02
    0.7241081E-05    0.2395612E-03    0.1001749E-03    0.1021148E-01    0.6116149E-03    0.2756114E-01    0.7095539E-02    0.1346957E-02   -0.6070453E+02    0.8084190E+00    0.6925866E+01   -0.7411458E+02    0.1873665E+02    0.6936377E+02    0.1225161E+03   -0.1108249E+02   -0.4322539E+00   -0.6336232E+00   -0.1265514E+00    0.1541695E+02    0.8568471E-03   -0.7472558E-02
   -0.8475612E-04    0.2652599E-03   -0.5354788E-04   -0.7559011E-02   -0.7204517E-04   -0.1546351E-01   -0.3514105E-02   -0.1387999E-05    0.8697974E+00    0.5185063E-01   -0.2769000E+01    0.1558408E+02   -0.4137966E+01   -0.1252803E+02   -0.1108249E+02    0.6257669E+01    0.1545690E+00    0.1151067E-01   -0.1886674E+01   -0.1681329E+01   -0.1476971E-03    0.1963779E-03
    0.3396611E-05    0.2402036E-04    0.8387379E-05   -0.5964378E-03   -0.1957481E-04   -0.1474163E-02    0.2113508E-03   -0.5237829E-04   -0.1272188E+00   -0.6278578E-02   -0.1316634E+00   -0.4380950E+01   -0.6505830E+00   -0.8587386E+00   -0.4322539E+00    0.1545690E+00    0.3565523E+01    0.4832197E+00    0.1721483E+00    0.2505343E+00    0.2919253E-03   -0.3071452E-04
   -0.4581074E-05   -0.7954382E-05    0.9370366E-05   -0.1204551E-02    0.4142837E-04   -0.2936198E-02   -0.1564444E-03    0.6617708E-04    0.2231491E+00    0.1911314E-02    0.3559521E-01    0.3671658E+01   -0.1113142E+01   -0.5780995E+00   -0.6336232E+00    0.1151067E-01    0.4832197E+00    0.3370751E+01    0.2551088E+01    0.1664716E+01   -0.2877154E-03   -0.2082951E-03
   -0.2484281E-04    0.5274696E-04   -0.9316279E-05   -0.3651551E-02    0.2023125E-03   -0.7815664E-02   -0.4021709E-03    0.4632943E-04   -0.2108922E+01    0.9977202E-01    0.2403878E+01   -0.1219231E+02    0.3775364E+01    0.4987096E+01   -0.1265514E+00   -0.1886674E+01    0.1721483E+00    0.2551088E+01    0.1749652E+02    0.2618481E+02    0.1290735E-04    0.2547388E-02
    0.1416234E-04    0.3625035E-04    0.1761255E-04   -0.1669256E-02    0.1675367E-03   -0.1759766E-02    0.8406702E-03    0.7963397E-03   -0.1858016E+02    0.1164329E+00    0.2238168E+01   -0.1821437E+02    0.3437865E+01    0.5858177E+01    0.1541695E+02   -0.1681329E+01    0.2505343E+00    0.1664716E+01    0.2618481E+02    0.5523243E+02    0.1438368E-03    0.4623354E-02
    0.4228110E-08   -0.7172516E-08   -0.1673832E-08    0.1497418E-06   -0.3718887E-07    0.5502421E-06   -0.2185926E-06   -0.3259158E-07   -0.3579793E-03    0.8522914E-05    0.1778470E-03    0.6064046E-02    0.1459107E-03    0.8228389E-03    0.8568471E-03   -0.1476971E-03    0.2919253E-03   -0.2877154E-03    0.1290735E-04    0.1438368E-03    0.6040364E-06   -0.2807391E-08
   -0.2294621E-07    0.8972476E-07   -0.1701470E-07   -0.2335030E-05    0.5355956E-07   -0.4687476E-05   -0.6951966E-06   -0.4471069E-07    0.4296846E-02   -0.2135061E-04   -0.3360208E-03    0.4280335E-02    0.1983204E-03   -0.2470908E-02   -0.7472558E-02    0.1963779E-03   -0.3071452E-04   -0.2082951E-03    0.2547388E-02    0.4623354E-02   -0.2807391E-08    0.2083416E-05
