# omegabh2 omegach2 theta tau logA ns calPlanck acib217 xi asz143 aps100 aps143 aps143217 aps217 aksz kgal100 kgal143 kgal143217 kgal217 cal0 cal2
  3.5789365E-08  -3.9101024E-08   1.6552268E-08   1.8641127E-07   3.6257811E-07   2.4789800E-07   9.7737950E-10  -1.4858140E-04   4.4028727E-06   3.9335651E-05  -7.2574838E-04  -3.9994051E-04  -9.6561998E-05  -1.9798785E-05  -5.4768484E-05   5.0029627E-06   4.3367345E-07   6.2133664E-06   4.1218667E-05   5.8111202E-09  -2.4302954E-09
 -3.9101024E-08   1.1323590E-06  -3.0587063E-08  -2.8500445E-06  -3.6926201E-06  -2.3632604E-06  -3.5836488E-07   4.2453168E-05  -5.0307067E-06  -4.4012756E-05   2.9178939E-04   2.3324032E-04   7.6692036E-05   6.5164137E-05   1.2498068E-05   3.1523775E-05   3.2626938E-05   2.7469888E-05   1.4097920E-04  -8.8294017E-09   3.3998138E-08
  1.6552268E-08  -3.0587063E-08   1.6780412E-07   3.5538460E-07   9.6586567E-07   3.0088190E-07   6.9059503E-08  -4.8168008E-05   3.7759219E-06   3.6101472E-06   1.0807283E-04   6.4320785E-05   6.7772249E-05   5.2570816E-05  -6.0461154E-06   2.2435333E-05   5.6932158E-06   5.2232042E-05   8.1342844E-05   1.2648749E-08  -1.4931548E-08
  1.8641127E-07  -2.8500445E-06   3.5538460E-07   5.0185970E-05   9.4363262E-05   7.4105177E-06   5.5928175E-07  -5.2580574E-04  -3.3949872E-05   4.5575759E-04  -9.6217215E-04  -2.0609474E-03  -2.6354455E-03  -1.4893339E-03  -8.9742948E-04   4.3610072E-04   3.7499830E-04   1.4034956E-03   2.0602608E-03   1.4456286E-08  -1.0384245E-07
  3.6257811E-07  -3.6926201E-06   9.6586567E-07   9.4363262E-05   2.0732577E-04   9.3093844E-06   1.2296955E-05  -1.6110603E-03  -6.4791475E-05   3.9577883E-04   6.2063299E-03  -3.4796258E-03  -4.8242284E-03   2.2761902E-03  -2.0973256E-03   5.4280852E-04   4.2267990E-04   1.9151741E-03   5.9105420E-03   1.7117449E-07  -1.6326433E-07
  2.4789800E-07  -2.3632604E-06   3.0088190E-07   7.4105177E-06   9.3093844E-06   1.6751073E-05   9.7360647E-07  -4.6910014E-03   1.2571725E-04   1.2342121E-03  -2.6330091E-02  -7.8622678E-03   2.6888251E-03   5.3753822E-03  -2.7245207E-03   5.3865696E-04  -2.4867052E-04  -3.0111978E-04   1.2357487E-03   5.1127234E-08  -1.2045429E-07
  9.7737950E-10  -3.5836488E-07   6.9059503E-08   5.5928175E-07   1.2296955E-05   9.7360647E-07   6.0523637E-06   2.9360702E-04  -1.2369367E-05  -1.4345770E-04   5.2076659E-03  -1.7199051E-04  -5.7346766E-04   1.2325776E-03   1.8981229E-04   3.4198631E-06   9.7222255E-05  -2.0435374E-04   9.5088402E-04  -8.5349069E-09   1.2899827E-08
 -1.4858140E-04   4.2453168E-05  -4.8168008E-05  -5.2580574E-04  -1.6110603E-03  -4.6910014E-03   2.9360702E-04   4.5337912E+01  -3.7127662E-01  -1.4140461E+00   3.6202333E+01   2.3991939E+00  -1.4486476E+01  -5.6728247E+01   1.2116482E-01   1.6324122E-01   3.6059857E-01  -6.6398867E+00  -3.5048332E+01  -3.3955419E-04   6.8618330E-04
  4.4028727E-06  -5.0307067E-06   3.7759219E-06  -3.3949872E-05  -6.4791475E-05   1.2571725E-04  -1.2369367E-05  -3.7127662E-01   8.3046064E-02  -3.8866814E-02  -4.5876269E-01   8.5129488E-01   1.6865169E+00   5.9418641E-01   4.2607239E-02  -2.6829472E-02   1.7985277E-02   1.0389459E-01   1.1456473E-01   7.0349942E-06  -5.3005611E-06
  3.9335651E-05  -4.4012756E-05   3.6101472E-06   4.5575759E-04   3.9577883E-04   1.2342121E-03  -1.4345770E-04  -1.4140461E+00  -3.8866814E-02   3.7944099E+00  -2.8774712E+01  -3.4981032E+00   7.8803996E+00   6.2306143E+00  -2.7592731E+00  -1.7205457E-01   1.4895174E-01   2.5095474E+00   3.2589160E+00   1.3858016E-04  -9.1514878E-05
 -7.2574838E-04   2.9178939E-04   1.0807283E-04  -9.6217215E-04   6.2063299E-03  -2.6330091E-02   5.2076659E-03   3.6202333E+01  -4.5876269E-01  -2.8774712E+01   7.6984845E+02   7.5180844E+01  -4.8819211E+01  -5.9909505E+01   1.3544557E+01  -6.3500855E+00   6.8202276E+00  -7.8808494E+00  -1.6709562E+01   3.6594375E-03   1.0001810E-03
 -3.9994051E-04   2.3324032E-04   6.4320785E-05  -2.0609474E-03  -3.4796258E-03  -7.8622678E-03  -1.7199051E-04   2.3991939E+00   8.5129488E-01  -3.4981032E+00   7.5180844E+01   6.4221854E+01   3.9150537E+01   1.4812371E+01  -4.7641850E+00  -8.3402541E-01  -1.0116990E+00   3.9010580E+00   4.7624208E+00   1.7326217E-05   7.7418991E-05
 -9.6561998E-05   7.6692036E-05   6.7772249E-05  -2.6354455E-03  -4.8242284E-03   2.6888251E-03  -5.7346766E-04  -1.4486476E+01   1.6865169E+00   7.8803996E+00  -4.8819211E+01   3.9150537E+01   8.6645962E+01   5.6521117E+01  -1.2126984E+01  -1.0993900E+00  -5.3747778E-01   4.5424823E+00   7.6254057E+00   6.6415959E-04  -6.7118206E-04
 -1.9798785E-05   6.5164137E-05   5.2570816E-05  -1.4893339E-03   2.2761902E-03   5.3753822E-03   1.2325776E-03  -5.6728247E+01   5.9418641E-01   6.2306143E+00  -5.9909505E+01   1.4812371E+01   5.6521117E+01   1.0862142E+02  -9.8918842E+00  -7.6364532E-01  -8.9208635E-01   6.4729019E+00   3.5691101E+01   7.3926907E-04  -1.4138703E-03
 -5.4768484E-05   1.2498068E-05  -6.0461154E-06  -8.9742948E-04  -2.0973256E-03  -2.7245207E-03   1.8981229E-04   1.2116482E-01   4.2607239E-02  -2.7592731E+00   1.3544557E+01  -4.7641850E+00  -1.2126984E+01  -9.8918842E+00   6.1691863E+00   1.1491582E-01  -2.9308930E-01  -2.1509200E+00  -2.3610716E+00  -1.3632863E-04   4.5027958E-05
  5.0029627E-06   3.1523775E-05   2.2435333E-05   4.3610072E-04   5.4280852E-04   5.3865696E-04   3.4198631E-06   1.6324122E-01  -2.6829472E-02  -1.7205457E-01  -6.3500855E+00  -8.3402541E-01  -1.0993900E+00  -7.6364532E-01   1.1491582E-01   3.3815246E+00   4.1561680E-01  -7.9302381E-02  -1.9040129E-02   1.8162495E-04   2.3988432E-05
  4.3367345E-07   3.2626938E-05   5.6932158E-06   3.7499830E-04   4.2267990E-04  -2.4867052E-04   9.7222255E-05   3.6059857E-01   1.7985277E-02   1.4895174E-01   6.8202276E+00  -1.0116990E+00  -5.3747778E-01  -8.9208635E-01  -2.9308930E-01   4.1561680E-01   3.3527895E+00   3.0079533E+00   3.1741605E+00  -1.7540272E-04  -3.7398277E-05
  6.2133664E-06   2.7469888E-05   5.2232042E-05   1.4034956E-03   1.9151741E-03  -3.0111978E-04  -2.0435374E-04  -6.6398867E+00   1.0389459E-01   2.5095474E+00  -7.8808494E+00   3.9010580E+00   4.5424823E+00   6.4729019E+00  -2.1509200E+00  -7.9302381E-02   3.0079533E+00   1.1468695E+01   2.0660969E+01  -2.4152061E-05   3.9353534E-04
  4.1218667E-05   1.4097920E-04   8.1342844E-05   2.0602608E-03   5.9105420E-03   1.2357487E-03   9.5088402E-04  -3.5048332E+01   1.1456473E-01   3.2589160E+00  -1.6709562E+01   4.7624208E+00   7.6254057E+00   3.5691101E+01  -2.3610716E+00  -1.9040129E-02   3.1741605E+00   2.0660969E+01   5.6792721E+01   1.3694259E-04   9.5045680E-04
  5.8111202E-09  -8.8294017E-09   1.2648749E-08   1.4456286E-08   1.7117449E-07   5.1127234E-08  -8.5349069E-09  -3.3955419E-04   7.0349942E-06   1.3858016E-04   3.6594375E-03   1.7326217E-05   6.6415959E-04   7.3926907E-04  -1.3632863E-04   1.8162495E-04  -1.7540272E-04  -2.4152061E-05   1.3694259E-04   4.0435126E-07   4.8943614E-09
 -2.4302954E-09   3.3998138E-08  -1.4931548E-08  -1.0384245E-07  -1.6326433E-07  -1.2045429E-07   1.2899827E-08   6.8618330E-04  -5.3005611E-06  -9.1514878E-05   1.0001810E-03   7.7418991E-05  -6.7118206E-04  -1.4138703E-03   4.5027958E-05   2.3988432E-05  -3.7398277E-05   3.9353534E-04   9.5045680E-04   4.8943614E-09   3.8718342E-07
