# omegabh2 omegach2 theta tau logA ns calPlanck
  5.2704366E-08  -1.5425899E-07   2.5349071E-08   3.2939483E-07   9.2441010E-07   1.3898322E-06   2.2439715E-08
 -1.5425899E-07   2.6274421E-06  -1.5725429E-07  -5.3854485E-06  -8.2989119E-06  -9.4714540E-06  -4.3030040E-07
  2.5349071E-08  -1.5725429E-07   2.3584984E-07   5.5412445E-07   1.2055297E-06   9.3940188E-07   1.9946492E-08
  3.2939483E-07  -5.3854485E-06   5.5412445E-07   6.3805746E-05   1.1272788E-04   2.2830375E-05  -3.3038390E-07
  9.2441010E-07  -8.2989119E-06   1.2055297E-06   1.1272788E-04   2.4820343E-04   4.6817728E-05   1.0254358E-05
  1.3898322E-06  -9.4714540E-06   9.3940188E-07   2.2830375E-05   4.6817728E-05   1.2231356E-04   5.1642708E-07
  2.2439715E-08  -4.3030040E-07   1.9946492E-08  -3.3038390E-07   1.0254358E-05   5.1642708E-07   6.1067927E-06
