# omegabh2 omegach2 theta tau meffsterile nnu logA ns calPlanck acib217 xi asz143 aps100 aps143 aps143217 aps217 aksz kgal100 kgal143 kgal143217 kgal217 galfTE100 galfTE100143 galfTE100217 galfTE143 galfTE143217 galfTE217 cal0 cal2
  1.9233321E-08   3.8696010E-08   2.3387649E-09   2.2395656E-07  -2.2428588E-06   3.4927001E-06   5.5149490E-07   2.6920775E-07   1.5270597E-08  -4.4077467E-05   1.6454270E-07   1.6264584E-05  -2.8849419E-04  -1.6530543E-04  -5.8830747E-05  -2.6397077E-06  -2.3174606E-05   3.6259086E-06   4.8440678E-07  -4.5814147E-06   3.9655443E-06   8.3593754E-09  -3.4615658E-08   1.1946412E-07  -3.0437471E-07  -3.5700358E-07  -1.4644196E-06   1.4847890E-09  -9.9752561E-10
  3.8696010E-08   8.1217903E-06  -2.3043623E-07  -5.0282258E-07  -5.0779177E-04   1.0371524E-04   5.3117579E-06   4.2881370E-06  -7.9754103E-08   7.1933129E-04  -4.7624834E-06  -1.5754225E-04   4.1093328E-03   6.9564508E-04  -2.4305698E-04  -1.2045231E-03   4.1272292E-04   1.7197733E-04   2.0899358E-04   1.7678077E-04   2.1780107E-05   4.5630436E-07  -7.5093855E-07  -1.4299544E-06  -2.1614969E-06   3.7322257E-06  -6.0471756E-06  -2.4956582E-09   1.2557195E-08
  2.3387649E-09  -2.3043623E-07   9.1012264E-08   1.0587424E-07   7.9897836E-06  -6.2127710E-06  -5.7350125E-09  -8.2426818E-08   2.3493894E-08  -2.0225152E-05   8.4088694E-07  -1.0566391E-06  -1.5104874E-04  -2.8053685E-05  -6.7295978E-06  -5.5121507E-06   9.6802857E-07   3.7043738E-06  -3.3442723E-06   3.0082828E-06   1.9959190E-05  -3.4498314E-08   7.4933128E-08   3.4874428E-07  -1.7829103E-07  -2.5273754E-07  -3.1275998E-07   1.5003912E-09   1.5251294E-09
  2.2395656E-07  -5.0282258E-07   1.0587424E-07   5.4523410E-05  -4.1692583E-05   5.0274567E-05   1.0309903E-04   9.1145293E-06  -9.7293376E-07  -1.6053838E-03   1.6183168E-05   3.5585265E-04  -9.6479071E-03  -4.0892414E-03  -9.8564315E-04   9.2565961E-04  -7.5289626E-04  -1.2590019E-04  -1.4924437E-04  -4.4144262E-04  -4.9303312E-04   2.6485875E-06  -3.5328118E-06   3.8255239E-06   1.7839915E-07  -3.0050716E-07  -1.7744591E-05  -4.5102705E-08  -6.4182946E-08
 -2.2428588E-06  -5.0779177E-04   7.9897836E-06  -4.1692583E-05   4.2546769E-02  -3.1907037E-03  -2.8334662E-04  -3.3565402E-04  -4.6993682E-06  -3.5973825E-02  -4.6919829E-04   3.8193634E-03  -7.3807430E-02   2.9773488E-02   4.3089360E-02   1.0177887E-01  -1.6733231E-02  -1.0507981E-02  -9.7629101E-03  -7.4534247E-03   2.0808144E-03  -4.4898522E-05   1.7150849E-05   2.9946323E-04   1.3604587E-04  -2.4989416E-04   9.8489659E-04   3.1741786E-07  -1.4256306E-06
  3.4927001E-06   1.0371524E-04  -6.2127710E-06   5.0274567E-05  -3.1907037E-03   4.0562086E-03   2.4955756E-04   1.6294385E-04   2.2836386E-06   1.7978832E-02  -7.1236334E-04  -2.9390516E-03   1.1579716E-01   2.6147641E-02  -1.7464824E-03  -1.0704098E-02   8.4731204E-03   3.8545921E-03   5.4715319E-03   4.5460053E-03  -2.1093716E-04   6.9474822E-06  -2.9578080E-05   9.9380552E-05  -5.1813358E-05  -3.9600540E-05  -9.4231219E-05   1.7151447E-07   6.7371775E-08
  5.5149490E-07   5.3117579E-06  -5.7350125E-09   1.0309903E-04  -2.8334662E-04   2.4955756E-04   2.2951644E-04   1.9182993E-05   9.2444426E-06  -3.0171022E-03   6.4378709E-05   3.2987248E-04  -7.6761678E-03  -3.9764519E-03   8.6800340E-04   6.9181542E-03  -1.4640805E-03  -3.5499649E-04  -4.6254802E-04  -8.8221749E-04   8.0052983E-04   6.0913952E-06  -9.4619475E-06  -4.0739362E-06  -5.7505249E-06  -5.4837955E-06  -3.9105513E-05   6.7467527E-08  -2.0454790E-07
  2.6920775E-07   4.2881370E-06  -8.2426818E-08   9.1145293E-06  -3.3565402E-04   1.6294385E-04   1.9182993E-05   2.1272482E-05   4.0058689E-07  -2.6997166E-03   4.3233342E-05   8.0047391E-04  -1.8195998E-02  -5.0540393E-03   1.4186621E-03   3.5618873E-03  -1.8176767E-03   4.9559157E-04  -1.7713658E-04  -3.6250055E-04   4.4391329E-04   1.6131640E-06  -4.6680593E-08   5.4214270E-06  -4.8329565E-06  -7.2292269E-07  -1.4442680E-05  -7.6323860E-08  -3.7300754E-08
  1.5270597E-08  -7.9754103E-08   2.3493894E-08  -9.7293376E-07  -4.6993682E-06   2.2836386E-06   9.2444426E-06   4.0058689E-07   5.7418344E-06   5.1014084E-04  -1.4703731E-06  -1.8736363E-06   4.1066988E-03   9.0420113E-04   4.9782615E-04   1.3748423E-03   5.9478876E-05   4.6344853E-06   7.3493417E-05   1.1737467E-04   8.6662917E-04   6.8652352E-07  -6.1410958E-07  -7.0110998E-06  -1.6769358E-06  -3.7794661E-06  -3.4881313E-06   7.5717056E-09  -2.6605404E-08
 -4.4077467E-05   7.1933129E-04  -2.0225152E-05  -1.6053838E-03  -3.5973825E-02   1.7978832E-02  -3.0171022E-03  -2.6997166E-03   5.1014084E-04   4.3427871E+01  -3.8857459E-01  -5.9604228E-01   3.1708132E+01   7.6664136E-01  -1.2745403E+01  -5.3883553E+01  -1.8702108E-01   1.3800500E-01   3.0330881E-01  -5.7248217E+00  -3.2520188E+01  -2.5494635E-03   1.9642776E-03  -4.5517181E-03   6.7181257E-04  -4.2108894E-03  -1.2917888E-02  -1.7232455E-04   7.1468664E-04
  1.6454270E-07  -4.7624834E-06   8.4088694E-07   1.6183168E-05  -4.6919829E-04  -7.1236334E-04   6.4378709E-05   4.3233342E-05  -1.4703731E-06  -3.8857459E-01   8.1487085E-02  -4.3875982E-02  -6.3191991E-01   9.2895853E-01   1.7071336E+00   6.5143088E-01   4.0618926E-02  -6.6539354E-03   4.3375500E-03   9.8957795E-02   1.3530784E-01   7.6902588E-05   2.5582317E-05   6.7782237E-05  -7.7373726E-05   6.2437870E-04   1.4106153E-03   1.9929262E-06  -4.3347206E-08
  1.6264584E-05  -1.5754225E-04  -1.0566391E-06   3.5585265E-04   3.8193634E-03  -2.9390516E-03   3.2987248E-04   8.0047391E-04  -1.8736363E-06  -5.9604228E-01  -4.3875982E-02   3.8485116E+00  -3.0020321E+01  -3.0650398E+00   7.6750085E+00   5.0959204E+00  -2.7257642E+00  -1.8958720E-01   1.1928487E-01   2.5648306E+00   2.9938611E+00  -7.7270892E-04  -3.2170816E-04   4.8636036E-04   1.6124534E-03  -9.1091153E-05  -4.7670792E-03   1.0022528E-04  -4.3371450E-05
 -2.8849419E-04   4.1093328E-03  -1.5104874E-04  -9.6479071E-03  -7.3807430E-02   1.1579716E-01  -7.6761678E-03  -1.8195998E-02   4.1066988E-03   3.1708132E+01  -6.3191991E-01  -3.0020321E+01   7.6753951E+02   6.4434850E+01  -5.5935247E+01  -5.6245931E+01   1.4788499E+01  -5.8071432E+00   5.9901069E+00  -1.2197699E+01  -2.1153310E+01   3.5481299E-03  -2.4219087E-03  -8.7476229E-03  -7.4843316E-03  -4.8448137E-02  -7.3326668E-02   3.9425410E-03   4.5297143E-04
 -1.6530543E-04   6.9564508E-04  -2.8053685E-05  -4.0892414E-03   2.9773488E-02   2.6147641E-02  -3.9764519E-03  -5.0540393E-03   9.0420113E-04   7.6664136E-01   9.2895853E-01  -3.0650398E+00   6.4434850E+01   6.1297287E+01   4.1069957E+01   1.6700659E+01  -5.0550007E+00  -4.3609993E-01  -1.2765695E+00   3.5622745E+00   4.8358236E+00  -1.9240117E-03  -3.4291385E-03  -1.3195775E-03  -3.2176760E-03   5.6294230E-03   4.4820335E-02   8.5988335E-05   9.1599797E-05
 -5.8830747E-05  -2.4305698E-04  -6.7295978E-06  -9.8564315E-04   4.3089360E-02  -1.7464824E-03   8.6800340E-04   1.4186621E-03   4.9782615E-04  -1.2745403E+01   1.7071336E+00   7.6750085E+00  -5.5935247E+01   4.1069957E+01   8.6406522E+01   5.3614118E+01  -1.2071364E+01  -7.0327375E-01  -6.9725558E-01   4.6088100E+00   7.4540326E+00  -5.8365389E-04  -3.8920152E-03  -1.4446821E-03   3.7947053E-03   1.5583095E-02   4.1737803E-02   3.5688903E-04  -3.6116202E-04
 -2.6397077E-06  -1.2045231E-03  -5.5121507E-06   9.2565961E-04   1.0177887E-01  -1.0704098E-02   6.9181542E-03   3.5618873E-03   1.3748423E-03  -5.3883553E+01   6.5143088E-01   5.0959204E+00  -5.6245931E+01   1.6700659E+01   5.3614118E+01   1.0269252E+02  -9.2615180E+00  -5.1850720E-01  -9.0844395E-01   5.3124519E+00   3.2381300E+01   1.3815035E-03  -6.1290870E-03   1.0406018E-03   5.1161031E-03   6.7521242E-03   1.3377052E-02   4.1110909E-04  -1.3441002E-03
 -2.3174606E-05   4.1272292E-04   9.6802857E-07  -7.5289626E-04  -1.6733231E-02   8.4731204E-03  -1.4640805E-03  -1.8176767E-03   5.9478876E-05  -1.8702108E-01   4.0618926E-02  -2.7257642E+00   1.4788499E+01  -5.0550007E+00  -1.2071364E+01  -9.2615180E+00   5.8667535E+00   9.6172542E-02  -1.9728116E-01  -1.9911744E+00  -2.0787422E+00   1.0022485E-03   3.6032587E-04  -2.7414889E-04  -6.1877283E-04  -4.8807426E-04   2.3865170E-03  -4.8165730E-05   9.5529052E-06
  3.6259086E-06   1.7197733E-04   3.7043738E-06  -1.2590019E-04  -1.0507981E-02   3.8545921E-03  -3.5499649E-04   4.9559157E-04   4.6344853E-06   1.3800500E-01  -6.6539354E-03  -1.8958720E-01  -5.8071432E+00  -4.3609993E-01  -7.0327375E-01  -5.1850720E-01   9.6172542E-02   3.3787227E+00   5.6685321E-01   1.6410424E-01   1.7072944E-01   2.8144671E-05  -1.3239334E-04   1.4534713E-03  -9.3788862E-04   1.2288428E-03   9.6671003E-03   1.7398343E-04   7.1090027E-06
  4.8440678E-07   2.0899358E-04  -3.3442723E-06  -1.4924437E-04  -9.7629101E-03   5.4715319E-03  -4.6254802E-04  -1.7713658E-04   7.3493417E-05   3.0330881E-01   4.3375500E-03   1.1928487E-01   5.9901069E+00  -1.2765695E+00  -6.9725558E-01  -9.0844395E-01  -1.9728116E-01   5.6685321E-01   3.2320766E+00   2.7638541E+00   3.0690435E+00  -3.3902334E-04  -6.0711373E-04  -1.4178562E-03   2.6480893E-04  -2.1088353E-03  -3.6015551E-03  -1.9695462E-04  -3.0401541E-05
 -4.5814147E-06   1.7678077E-04   3.0082828E-06  -4.4144262E-04  -7.4534247E-03   4.5460053E-03  -8.8221749E-04  -3.6250055E-04   1.1737467E-04  -5.7248217E+00   9.8957795E-02   2.5648306E+00  -1.2197699E+01   3.5622745E+00   4.6088100E+00   5.3124519E+00  -1.9911744E+00   1.6410424E-01   2.7638541E+00   1.0858965E+01   1.9352189E+01  -1.1703002E-03   8.4277440E-04   1.5343075E-03   9.7973803E-04  -2.6054883E-03   7.8302649E-03  -4.1760496E-05   4.0739193E-04
  3.9655443E-06   2.1780107E-05   1.9959190E-05  -4.9303312E-04   2.0808144E-03  -2.1093716E-04   8.0052983E-04   4.4391329E-04   8.6662917E-04  -3.2520188E+01   1.3530784E-01   2.9938611E+00  -2.1153310E+01   4.8358236E+00   7.4540326E+00   3.2381300E+01  -2.0787422E+00   1.7072944E-01   3.0690435E+00   1.9352189E+01   5.3092292E+01   3.3153520E-04   1.2271110E-03   7.2464602E-03   8.1150861E-04  -4.1229132E-03   1.9356649E-02   3.3195376E-05   8.8821017E-04
  8.3593754E-09   4.5630436E-07  -3.4498314E-08   2.6485875E-06  -4.4898522E-05   6.9474822E-06   6.0913952E-06   1.6131640E-06   6.8652352E-07  -2.5494635E-03   7.6902588E-05  -7.7270892E-04   3.5481299E-03  -1.9240117E-03  -5.8365389E-04   1.3815035E-03   1.0022485E-03   2.8144671E-05  -3.3902334E-04  -1.1703002E-03   3.3153520E-04   1.4625971E-03   2.7356035E-04   5.8045307E-05  -3.7491247E-04  -1.0374814E-04  -8.0061830E-05   2.3641615E-07   5.0373931E-08
 -3.4615658E-08  -7.5093855E-07   7.4933128E-08  -3.5328118E-06   1.7150849E-05  -2.9578080E-05  -9.4619475E-06  -4.6680593E-08  -6.1410958E-07   1.9642776E-03   2.5582317E-05  -3.2170816E-04  -2.4219087E-03  -3.4291385E-03  -3.8920152E-03  -6.1290870E-03   3.6032587E-04  -1.3239334E-04  -6.0711373E-04   8.4277440E-04   1.2271110E-03   2.7356035E-04   8.8350209E-04   2.6767368E-05   7.9224137E-04   4.9181733E-05  -7.8494046E-04  -1.5556594E-08   3.6524873E-07
  1.1946412E-07  -1.4299544E-06   3.4874428E-07   3.8255239E-06   2.9946323E-04   9.9380552E-05  -4.0739362E-06   5.4214270E-06  -7.0110998E-06  -4.5517181E-03   6.7782237E-05   4.8636036E-04  -8.7476229E-03  -1.3195775E-03  -1.4446821E-03   1.0406018E-03  -2.7414889E-04   1.4534713E-03  -1.4178562E-03   1.5343075E-03   7.2464602E-03   5.8045307E-05   2.6767368E-05   7.2953458E-03  -3.0703061E-04   6.0190116E-04   4.5254265E-03  -2.1712448E-09   1.2720650E-06
 -3.0437471E-07  -2.1614969E-06  -1.7829103E-07   1.7839915E-07   1.3604587E-04  -5.1813358E-05  -5.7505249E-06  -4.8329565E-06  -1.6769358E-06   6.7181257E-04  -7.7373726E-05   1.6124534E-03  -7.4843316E-03  -3.2176760E-03   3.7947053E-03   5.1161031E-03  -6.1877283E-04  -9.3788862E-04   2.6480893E-04   9.7973803E-04   8.1150861E-04  -3.7491247E-04   7.9224137E-04  -3.0703061E-04   2.9961663E-03   4.9418004E-04  -1.4729015E-03  -2.7511318E-07   2.7500954E-07
 -3.5700358E-07   3.7322257E-06  -2.5273754E-07  -3.0050716E-07  -2.4989416E-04  -3.9600540E-05  -5.4837955E-06  -7.2292269E-07  -3.7794661E-06  -4.2108894E-03   6.2437870E-04  -9.1091153E-05  -4.8448137E-02   5.6294230E-03   1.5583095E-02   6.7521242E-03  -4.8807426E-04   1.2288428E-03  -2.1088353E-03  -2.6054883E-03  -4.1229132E-03  -1.0374814E-04   4.9181733E-05   6.0190116E-04   4.9418004E-04   6.3762888E-03   8.0975325E-03  -7.3817233E-08  -3.7626591E-07
 -1.4644196E-06  -6.0471756E-06  -3.1275998E-07  -1.7744591E-05   9.8489659E-04  -9.4231219E-05  -3.9105513E-05  -1.4442680E-05  -3.4881313E-06  -1.2917888E-02   1.4106153E-03  -4.7670792E-03  -7.3326668E-02   4.4820335E-02   4.1737803E-02   1.3377052E-02   2.3865170E-03   9.6671003E-03  -3.6015551E-03   7.8302649E-03   1.9356649E-02  -8.0061830E-05  -7.8494046E-04   4.5254265E-03  -1.4729015E-03   8.0975325E-03   7.1896907E-02   1.9862780E-06  -4.5542626E-07
  1.4847890E-09  -2.4956582E-09   1.5003912E-09  -4.5102705E-08   3.1741786E-07   1.7151447E-07   6.7467527E-08  -7.6323860E-08   7.5717056E-09  -1.7232455E-04   1.9929262E-06   1.0022528E-04   3.9425410E-03   8.5988335E-05   3.5688903E-04   4.1110909E-04  -4.8165730E-05   1.7398343E-04  -1.9695462E-04  -4.1760496E-05   3.3195376E-05   2.3641615E-07  -1.5556594E-08  -2.1712448E-09  -2.7511318E-07  -7.3817233E-08   1.9862780E-06   3.7761810E-07  -1.9410311E-09
 -9.9752561E-10   1.2557195E-08   1.5251294E-09  -6.4182946E-08  -1.4256306E-06   6.7371775E-08  -2.0454790E-07  -3.7300754E-08  -2.6605404E-08   7.1468664E-04  -4.3347206E-08  -4.3371450E-05   4.5297143E-04   9.1599797E-05  -3.6116202E-04  -1.3441002E-03   9.5529052E-06   7.1090027E-06  -3.0401541E-05   4.0739193E-04   8.8821017E-04   5.0373931E-08   3.6524873E-07   1.2720650E-06   2.7500954E-07  -3.7626591E-07  -4.5542626E-07  -1.9410311E-09   3.8159926E-07
