# omegabh2 omegach2 theta tau omegak logA ns calPlanck alpha_JLA beta_JLA acib217 xi asz143 aps100 aps143 aps143217 aps217 aksz kgal100 kgal143 kgal143217 kgal217 galfTE100 galfTE100143 galfTE100217 galfTE143 galfTE143217 galfTE217 cal0 cal2
  2.3520763E-08  -1.3169957E-07   1.9864549E-08   2.8779213E-07  -1.5173262E-07   3.7870905E-07   3.5150619E-07   1.5937978E-08  -2.5868107E-08   3.5228391E-07  -9.8347569E-05   1.8818709E-06   1.4805723E-05  -3.6379058E-04  -2.3754879E-04  -7.3202558E-05   3.4184701E-05  -4.2695694E-05   5.9682369E-06  -4.9799461E-06  -2.6218483E-05  -1.3426597E-05   1.0584217E-07  -4.7749853E-08   4.8317896E-08  -4.2820023E-07  -3.8068584E-07  -3.0783672E-06   3.5123158E-09  -2.9924125E-09
 -1.3169957E-07   1.9329921E-06  -1.8371280E-07  -3.4544037E-06   1.9986447E-06  -2.9026627E-06  -4.6516243E-06  -2.3165120E-07   8.1619660E-08  -2.3916689E-06   4.7603880E-04  -8.6920025E-06  -4.3691372E-05   1.3993082E-03   1.1626780E-03   5.4284205E-04  -2.1627729E-05   1.9780421E-04  -9.4953820E-05   9.2774926E-06   1.1616860E-04  -2.0841971E-05   4.2497287E-07   2.8930692E-07   1.0654903E-06   2.1134165E-06   2.5894763E-06   1.9127856E-05  -2.2836784E-08   1.0399811E-08
  1.9864549E-08  -1.8371280E-07   1.0010513E-07   3.8251759E-07  -2.5308750E-07   4.5716492E-07   5.3933679E-07   2.2786022E-08  -5.2587515E-08   7.5566813E-07  -4.0474692E-05  -4.7388536E-07   1.7009860E-06  -3.2457740E-04  -1.3932416E-04  -9.4932619E-05  -3.1811969E-05   5.4151817E-06   2.0312917E-05  -9.1428139E-06  -4.1117624E-05  -5.0168813E-05   2.8754047E-07  -3.6381243E-07  -6.2828890E-07  -5.2903150E-07  -8.5851468E-07  -5.6936211E-06   1.7071151E-09  -3.7110119E-09
  2.8779213E-07  -3.4544037E-06   3.8251759E-07   5.3387822E-05  -2.1136601E-06   9.5870113E-05   1.0860400E-05  -9.7566152E-07  -1.7532308E-06   3.7169313E-07  -5.0257220E-04   7.0892659E-05   1.9969303E-04  -3.7453021E-03  -4.0636867E-03  -1.1874389E-03  -2.3945460E-03  -8.1316667E-04  -1.5505026E-04   2.8610769E-04  -3.1485128E-04  -4.9830362E-04  -4.8949223E-06  -4.1701045E-06   1.1862716E-05  -4.7773279E-06  -7.0398567E-06  -9.3589833E-05  -4.8609917E-08   1.6065480E-08
 -1.5173262E-07   1.9986447E-06  -2.5308750E-07  -2.1136601E-06   3.5925649E-06   2.3086775E-07  -4.7728351E-06  -4.1331905E-08   2.5846775E-07  -1.0459756E-06   4.1350684E-04  -1.0955849E-05  -4.4915669E-05   1.9401945E-03   1.2736019E-03   6.9958379E-04   2.9514271E-04   1.6548730E-04  -1.4693701E-04   2.2789512E-05   1.1556064E-04   9.1630905E-05  -2.1602320E-07   8.6048192E-07   1.7307790E-06   1.8576222E-06   5.1655496E-06   2.3717002E-05  -2.2101465E-08  -3.7483087E-09
  3.7870905E-07  -2.9026627E-06   4.5716492E-07   9.5870113E-05   2.3086775E-07   2.0645080E-04   1.0587778E-05   1.0056034E-05  -3.3186658E-06  -3.6311187E-06   3.6287158E-04   1.9476161E-04   1.9624843E-04  -4.4163934E-04  -3.2453847E-03   2.1698394E-03   7.4389612E-04  -1.9887132E-03  -7.6641659E-04  -1.2816624E-04  -1.2739681E-03  -6.3625932E-04  -3.8455311E-06  -8.2334089E-06   2.1617617E-05  -1.0763700E-05  -7.6610465E-06  -1.0512977E-04   7.1502252E-08   1.0077007E-07
  3.5150619E-07  -4.6516243E-06   5.3933679E-07   1.0860400E-05  -4.7728351E-06   1.0587778E-05   2.0081361E-05   4.9718610E-07   9.5949764E-08   4.3127402E-06  -5.2055556E-03   9.5834373E-05   7.5765942E-04  -2.2858203E-02  -7.8347509E-03   2.8081910E-04   4.9179324E-03  -2.2973108E-03   5.2711931E-04  -3.0029270E-04  -6.5963362E-04   1.3923247E-03  -1.7454890E-06   4.6259806E-07   1.3392407E-06  -2.7499214E-06  -4.4476325E-06  -4.1973265E-05  -3.1623230E-08  -4.9239571E-08
  1.5937978E-08  -2.3165120E-07   2.2786022E-08  -9.7566152E-07  -4.1331905E-08   1.0056034E-05   4.9718610E-07   6.2322715E-06  -6.8217300E-09  -7.7181151E-07   7.5110291E-04   1.1944006E-05  -5.8935283E-06   3.4220873E-03   1.1040826E-03   8.5878129E-04   1.4597849E-03  -5.6855875E-05   3.1599478E-05  -7.4268839E-05  -1.1484132E-04   5.3942012E-04   2.2669934E-06  -1.7072381E-07  -1.1669625E-06  -1.8235296E-06   1.0721025E-06   2.2327782E-05   3.1807149E-08   3.2529948E-08
 -2.5868107E-08   8.1619660E-08  -5.2587515E-08  -1.7532308E-06   2.5846775E-07  -3.3186658E-06   9.5949764E-08  -6.8217300E-09   4.3393370E-05  -1.9565720E-05  -4.2812232E-04  -2.5645163E-05  -1.4041766E-05  -5.3183500E-03  -9.4295636E-04  -1.1498540E-03   4.2464867E-04   4.3975918E-05   1.8201138E-04   6.8577702E-05   1.4365656E-04   3.2814198E-04   1.0851948E-06   2.0123072E-06   1.5352942E-05  -1.4193805E-06  -4.2137323E-07   1.1977953E-05   6.2815332E-08  -2.5778683E-08
  3.5228391E-07  -2.3916689E-06   7.5566813E-07   3.7169313E-07  -1.0459756E-06  -3.6311187E-06   4.3127402E-06  -7.7181151E-07  -1.9565720E-05   6.4185497E-03  -3.6263674E-03   6.2172999E-04   2.1910109E-03  -1.4014643E-02   1.3069442E-02   3.5320489E-02   2.6464861E-02  -5.4408398E-03  -2.1431965E-03   2.3819438E-04  -9.3510520E-04  -4.6774403E-03  -1.0880248E-04   5.1432536E-05   9.3644641E-05   1.4876308E-04   1.5898064E-04   1.6226175E-04   1.1432245E-06  -5.5499176E-07
 -9.8347569E-05   4.7603880E-04  -4.0474692E-05  -5.0257220E-04   4.1350684E-04   3.6287158E-04  -5.2055556E-03   7.5110291E-04  -4.2812232E-04  -3.6263674E-03   4.3896786E+01  -3.7535582E-01  -7.4218891E-01   3.1033684E+01   1.6210674E+00  -1.2378641E+01  -5.4209409E+01  -3.1534864E-02   2.4803416E-01   1.4050322E-01  -6.3372391E+00  -3.3307957E+01   5.6734025E-03  -4.7909627E-03   5.1120749E-03  -6.0956782E-03   7.8461737E-04   5.4304530E-03  -1.9642471E-04   7.7440201E-04
  1.8818709E-06  -8.6920025E-06  -4.7388536E-07   7.0892659E-05  -1.0955849E-05   1.9476161E-04   9.5834373E-05   1.1944006E-05  -2.5645163E-05   6.2172999E-04  -3.7535582E-01   8.1562751E-02  -4.0990736E-02  -6.5747370E-01   9.2340110E-01   1.7280313E+00   6.4097133E-01   3.8670173E-02  -9.2150121E-03   1.3153067E-02   1.0252357E-01   1.2598575E-01  -3.1930964E-04   8.5897562E-05  -4.0376249E-04   1.8603461E-04   2.2171343E-04   4.1336992E-04   4.7234754E-06   2.0048699E-06
  1.4805723E-05  -4.3691372E-05   1.7009860E-06   1.9969303E-04  -4.4915669E-05   1.9624843E-04   7.5765942E-04  -5.8935283E-06  -1.4041766E-05   2.1910109E-03  -7.4218891E-01  -4.0990736E-02   3.7198276E+00  -2.7516774E+01  -3.0923161E+00   7.1518582E+00   4.8783554E+00  -2.5281432E+00  -3.3341423E-01   2.0938638E-01   2.6873456E+00   3.4086601E+00   3.4070697E-04   8.6081009E-04  -2.7630487E-03  -1.7807576E-03  -4.2862906E-04  -1.5382528E-02   8.2943620E-05  -4.1671491E-05
 -3.6379058E-04   1.3993082E-03  -3.2457740E-04  -3.7453021E-03   1.9401945E-03  -4.4163934E-04  -2.2858203E-02   3.4220873E-03  -5.3183500E-03  -1.4014643E-02   3.1033684E+01  -6.5747370E-01  -2.7516774E+01   7.5028240E+02   6.5177663E+01  -4.8184692E+01  -5.0661275E+01   1.0223511E+01  -5.9075166E+00   6.1333005E+00  -9.4970763E+00  -1.9024104E+01   8.5941225E-03   4.2943617E-03   6.5485277E-02   2.2136143E-02  -3.1530523E-02  -4.7913074E-03   3.8077338E-03   3.2164097E-04
 -2.3754879E-04   1.1626780E-03  -1.3932416E-04  -4.0636867E-03   1.2736019E-03  -3.2453847E-03  -7.8347509E-03   1.1040826E-03  -9.4295636E-04   1.3069442E-02   1.6210674E+00   9.2340110E-01  -3.0923161E+00   6.5177663E+01   6.1725757E+01   4.1203522E+01   1.6466740E+01  -5.0906176E+00  -8.0388860E-02  -9.5755474E-01   3.9430391E+00   4.7693596E+00  -1.8939911E-03   3.2165313E-04  -4.0386852E-03   2.2783963E-03   6.9953591E-03   4.3695250E-02   7.7812331E-05   1.4971777E-04
 -7.3202558E-05   5.4284205E-04  -9.4932619E-05  -1.1874389E-03   6.9958379E-04   2.1698394E-03   2.8081910E-04   8.5878129E-04  -1.1498540E-03   3.5320489E-02  -1.2378641E+01   1.7280313E+00   7.1518582E+00  -4.8184692E+01   4.1203522E+01   8.4751256E+01   5.1872671E+01  -1.1300741E+01  -9.2572657E-01  -3.9399293E-01   4.8985931E+00   7.9783329E+00  -4.1979609E-03   7.8234971E-03  -1.7569449E-02   5.4459945E-03   4.9422250E-03  -2.0630986E-02   4.2364845E-04  -3.1144036E-04
  3.4184701E-05  -2.1627729E-05  -3.1811969E-05  -2.3945460E-03   2.9514271E-04   7.4389612E-04   4.9179324E-03   1.4597849E-03   4.2464867E-04   2.6464861E-02  -5.4209409E+01   6.4097133E-01   4.8783554E+00  -5.0661275E+01   1.6466740E+01   5.1872671E+01   1.0192741E+02  -9.0307014E+00  -6.2300030E-01  -7.1803854E-01   6.1808400E+00   3.3909745E+01  -2.6705547E-03   1.3590791E-02  -1.5617054E-02   1.7402743E-02   3.7231563E-03  -2.1417883E-02   5.0040746E-04  -1.3322153E-03
 -4.2695694E-05   1.9780421E-04   5.4151817E-06  -8.1316667E-04   1.6548730E-04  -1.9887132E-03  -2.2973108E-03  -5.6855875E-05   4.3975918E-05  -5.4408398E-03  -3.1534864E-02   3.8670173E-02  -2.5281432E+00   1.0223511E+01  -5.0906176E+00  -1.1300741E+01  -9.0307014E+00   5.6596988E+00   1.3852943E-01  -2.6596115E-01  -2.1479812E+00  -2.5932481E+00  -9.8839215E-04  -2.2897794E-03  -1.2178938E-03   6.4878542E-04  -1.0883040E-03   1.5665028E-02  -8.6490717E-05  -7.1888876E-06
  5.9682369E-06  -9.4953820E-05   2.0312917E-05  -1.5505026E-04  -1.4693701E-04  -7.6641659E-04   5.2711931E-04   3.1599478E-05   1.8201138E-04  -2.1431965E-03   2.4803416E-01  -9.2150121E-03  -3.3341423E-01  -5.9075166E+00  -8.0388860E-02  -9.2572657E-01  -6.2300030E-01   1.3852943E-01   3.2565505E+00   3.7800281E-01  -9.5420423E-02  -2.9099863E-01  -2.0932640E-04  -5.0983476E-04  -8.7894366E-04   3.6814325E-04   3.4617043E-04  -5.7939306E-03   1.5113210E-04  -4.2504081E-06
 -4.9799461E-06   9.2774926E-06  -9.1428139E-06   2.8610769E-04   2.2789512E-05  -1.2816624E-04  -3.0029270E-04  -7.4268839E-05   6.8577702E-05   2.3819438E-04   1.4050322E-01   1.3153067E-02   2.0938638E-01   6.1333005E+00  -9.5755474E-01  -3.9399293E-01  -7.1803854E-01  -2.6596115E-01   3.7800281E-01   3.0124820E+00   2.8439959E+00   3.2153419E+00   2.2918911E-04   1.1383710E-03   1.9337250E-03   1.4377095E-03   1.0366269E-03  -1.1714651E-02  -1.7385821E-04  -1.6885322E-05
 -2.6218483E-05   1.1616860E-04  -4.1117624E-05  -3.1485128E-04   1.1556064E-04  -1.2739681E-03  -6.5963362E-04  -1.1484132E-04   1.4365656E-04  -9.3510520E-04  -6.3372391E+00   1.0252357E-01   2.6873456E+00  -9.4970763E+00   3.9430391E+00   4.8985931E+00   6.1808400E+00  -2.1479812E+00  -9.5420423E-02   2.8439959E+00   1.1429728E+01   2.0447470E+01  -2.3275603E-03   3.4850227E-04   2.3617196E-03  -2.3917658E-03   8.3704245E-04  -2.0553654E-03  -4.2254803E-05   4.0496169E-04
 -1.3426597E-05  -2.0841971E-05  -5.0168813E-05  -4.9830362E-04   9.1630905E-05  -6.3625932E-04   1.3923247E-03   5.3942012E-04   3.2814198E-04  -4.6774403E-03  -3.3307957E+01   1.2598575E-01   3.4086601E+00  -1.9024104E+01   4.7693596E+00   7.9783329E+00   3.3909745E+01  -2.5932481E+00  -2.9099863E-01   3.2153419E+00   2.0447470E+01   5.4684537E+01  -7.5429111E-03   2.8148891E-03   8.3566454E-03  -1.9079930E-03  -2.4664376E-03   1.3897632E-02   2.3706400E-05   8.3541855E-04
  1.0584217E-07   4.2497287E-07   2.8754047E-07  -4.8949223E-06  -2.1602320E-07  -3.8455311E-06  -1.7454890E-06   2.2669934E-06   1.0851948E-06  -1.0880248E-04   5.6734025E-03  -3.1930964E-04   3.4070697E-04   8.5941225E-03  -1.8939911E-03  -4.1979609E-03  -2.6705547E-03  -9.8839215E-04  -2.0932640E-04   2.2918911E-04  -2.3275603E-03  -7.5429111E-03   1.4872683E-03   2.8466063E-04  -4.5780841E-07  -3.7912648E-04  -8.4693043E-05  -8.1136791E-05  -3.2167731E-07  -5.0919013E-07
 -4.7749853E-08   2.8930692E-07  -3.6381243E-07  -4.1701045E-06   8.6048192E-07  -8.2334089E-06   4.6259806E-07  -1.7072381E-07   2.0123072E-06   5.1432536E-05  -4.7909627E-03   8.5897562E-05   8.6081009E-04   4.2943617E-03   3.2165313E-04   7.8234971E-03   1.3590791E-02  -2.2897794E-03  -5.0983476E-04   1.1383710E-03   3.4850227E-04   2.8148891E-03   2.8466063E-04   9.1288185E-04  -2.7515408E-05   7.7102485E-04   3.5051444E-06  -7.3319372E-04  -4.2896718E-07  -2.8144305E-07
  4.8317896E-08   1.0654903E-06  -6.2828890E-07   1.1862716E-05   1.7307790E-06   2.1617617E-05   1.3392407E-06  -1.1669625E-06   1.5352942E-05   9.3644641E-05   5.1120749E-03  -4.0376249E-04  -2.7630487E-03   6.5485277E-02  -4.0386852E-03  -1.7569449E-02  -1.5617054E-02  -1.2178938E-03  -8.7894366E-04   1.9337250E-03   2.3617196E-03   8.3566454E-03  -4.5780841E-07  -2.7515408E-05   7.4240977E-03  -3.6308899E-04   8.0392555E-04   5.0424871E-03   8.2814010E-07   1.0973078E-06
 -4.2820023E-07   2.1134165E-06  -5.2903150E-07  -4.7773279E-06   1.8576222E-06  -1.0763700E-05  -2.7499214E-06  -1.8235296E-06  -1.4193805E-06   1.4876308E-04  -6.0956782E-03   1.8603461E-04  -1.7807576E-03   2.2136143E-02   2.2783963E-03   5.4459945E-03   1.7402743E-02   6.4878542E-04   3.6814325E-04   1.4377095E-03  -2.3917658E-03  -1.9079930E-03  -3.7912648E-04   7.7102485E-04  -3.6308899E-04   2.8757257E-03   5.0533738E-04  -7.4019566E-04   3.2284348E-08   1.0576782E-07
 -3.8068584E-07   2.5894763E-06  -8.5851468E-07  -7.0398567E-06   5.1655496E-06  -7.6610465E-06  -4.4476325E-06   1.0721025E-06  -4.2137323E-07   1.5898064E-04   7.8461737E-04   2.2171343E-04  -4.2862906E-04  -3.1530523E-02   6.9953591E-03   4.9422250E-03   3.7231563E-03  -1.0883040E-03   3.4617043E-04   1.0366269E-03   8.3704245E-04  -2.4664376E-03  -8.4693043E-05   3.5051444E-06   8.0392555E-04   5.0533738E-04   6.5998212E-03   7.9835712E-03  -1.0511296E-06   5.6582740E-08
 -3.0783672E-06   1.9127856E-05  -5.6936211E-06  -9.3589833E-05   2.3717002E-05  -1.0512977E-04  -4.1973265E-05   2.2327782E-05   1.1977953E-05   1.6226175E-04   5.4304530E-03   4.1336992E-04  -1.5382528E-02  -4.7913074E-03   4.3695250E-02  -2.0630986E-02  -2.1417883E-02   1.5665028E-02  -5.7939306E-03  -1.1714651E-02  -2.0553654E-03   1.3897632E-02  -8.1136791E-05  -7.3319372E-04   5.0424871E-03  -7.4019566E-04   7.9835712E-03   7.1103051E-02  -1.1665695E-06   4.6779706E-06
  3.5123158E-09  -2.2836784E-08   1.7071151E-09  -4.8609917E-08  -2.2101465E-08   7.1502252E-08  -3.1623230E-08   3.1807149E-08   6.2815332E-08   1.1432245E-06  -1.9642471E-04   4.7234754E-06   8.2943620E-05   3.8077338E-03   7.7812331E-05   4.2364845E-04   5.0040746E-04  -8.6490717E-05   1.5113210E-04  -1.7385821E-04  -4.2254803E-05   2.3706400E-05  -3.2167731E-07  -4.2896718E-07   8.2814010E-07   3.2284348E-08  -1.0511296E-06  -1.1665695E-06   3.7236285E-07  -2.1203291E-09
 -2.9924125E-09   1.0399811E-08  -3.7110119E-09   1.6065480E-08  -3.7483087E-09   1.0077007E-07  -4.9239571E-08   3.2529948E-08  -2.5778683E-08  -5.5499176E-07   7.7440201E-04   2.0048699E-06  -4.1671491E-05   3.2164097E-04   1.4971777E-04  -3.1144036E-04  -1.3322153E-03  -7.1888876E-06  -4.2504081E-06  -1.6885322E-05   4.0496169E-04   8.3541855E-04  -5.0919013E-07  -2.8144305E-07   1.0973078E-06   1.0576782E-07   5.6582740E-08   4.6779706E-06  -2.1203291E-09   3.8889482E-07
