# omegabh2 omegach2 theta tau logA ns calPlanck
  6.5457501E-08  -1.8893185E-07   3.4621579E-08   3.5181592E-07   9.6345006E-07   1.6628198E-06   1.8073797E-09
 -1.8893185E-07   2.6806156E-06  -1.8553790E-07  -4.1065686E-06  -5.7201301E-06  -1.0054114E-05  -3.0613724E-07
  3.4621579E-08  -1.8553790E-07   2.4433139E-07   3.7232974E-07   9.4694803E-07   1.1428739E-06   5.0406495E-08
  3.5181592E-07  -4.1065686E-06   3.7232974E-07   4.1474865E-05   7.3124276E-05   1.8690001E-05  -3.2431543E-07
  9.6345006E-07  -5.7201301E-06   9.4694803E-07   7.3124276E-05   1.7941257E-04   4.1141356E-05   1.0703564E-05
  1.6628198E-06  -1.0054114E-05   1.1428739E-06   1.8690001E-05   4.1141356E-05   1.2181129E-04   1.8978002E-07
  1.8073797E-09  -3.0613724E-07   5.0406495E-08  -3.2431543E-07   1.0703564E-05   1.8978002E-07   6.3371028E-06
