# omegabh2 omegach2 theta tau nnu logA ns calPlanck acib217 xi asz143 aps100 aps143 aps143217 aps217 aksz kgal100 kgal143 kgal143217 kgal217 cal0 cal2
    0.1185629E-06    0.6639594E-06   -0.3336167E-07    0.4133173E-05    0.7849640E-04    0.1015481E-04    0.4116929E-05    0.2935433E-07    0.1495636E-03   -0.3820742E-05   -0.1446544E-04    0.5681822E-03    0.1374660E-03   -0.1721983E-04   -0.1217263E-03    0.4417602E-04    0.3061902E-04    0.1569017E-04    0.1758698E-04   -0.1607641E-05    0.4991180E-08    0.2236374E-07
    0.6639594E-06    0.1678844E-04   -0.1554570E-05    0.1393916E-04    0.1079311E-02    0.6906434E-04    0.3603422E-04   -0.3142411E-06    0.5195119E-02   -0.1177362E-03   -0.1233209E-02    0.2227125E-01    0.1171640E-01    0.2672100E-02   -0.1157532E-02    0.2062184E-02    0.3331294E-03    0.1509169E-03    0.5654797E-03   -0.1383939E-03    0.2180487E-08    0.6012640E-06
   -0.3336167E-07   -0.1554570E-05    0.3265502E-06   -0.4752127E-06   -0.9645410E-04   -0.4534680E-05   -0.2822887E-05    0.5664104E-07   -0.4418344E-03    0.1153752E-04    0.1124221E-03   -0.2027343E-02   -0.1160017E-02   -0.3064835E-03   -0.1061677E-04   -0.1884236E-03   -0.3123998E-04   -0.2349814E-05   -0.4335611E-04    0.3296665E-04    0.6841725E-10   -0.4440475E-07
    0.4133173E-05    0.1393916E-04   -0.4752127E-06    0.4548499E-03    0.2705448E-02    0.9455211E-03    0.1743997E-03   -0.3626641E-06   -0.4631902E-02    0.7657378E-04    0.6298508E-03   -0.9168042E-02   -0.6682048E-02   -0.1673236E-03    0.4059859E-02   -0.1460854E-02    0.7990355E-03    0.1833531E-03   -0.7917996E-03   -0.2883580E-03    0.3681605E-07   -0.5505752E-06
    0.7849640E-04    0.1079311E-02   -0.9645410E-04    0.2705448E-02    0.9298548E-01    0.8135948E-02    0.3972431E-02   -0.1574988E-05    0.3995675E+00   -0.8632711E-02   -0.9379290E-01    0.1755442E+01    0.8235174E+00    0.1491054E+00   -0.1399201E+00    0.1598496E+00    0.3103228E-01    0.1741263E-01    0.4143620E-01   -0.1741734E-01    0.2610122E-05    0.4625521E-04
    0.1015481E-04    0.6906434E-04   -0.4534680E-05    0.9455211E-03    0.8135948E-02    0.2094344E-02    0.4410868E-03    0.1112501E-04    0.3826964E-02   -0.8454074E-04   -0.1702327E-02    0.4186959E-01    0.1748129E-01    0.9620729E-02    0.1086927E-01    0.1227380E-02    0.2159620E-02    0.1773297E-03   -0.6657608E-03    0.4499791E-03    0.3862623E-06    0.3288579E-06
    0.4116929E-05    0.3603422E-04   -0.2822887E-05    0.1743997E-03    0.3972431E-02    0.4410868E-03    0.2054879E-03    0.6605799E-06    0.1079997E-01   -0.2142073E-03   -0.2453732E-02    0.4464358E-01    0.2356314E-01    0.7177601E-02   -0.9540376E-03    0.3635154E-02    0.1620965E-02    0.6964084E-03    0.9107436E-03   -0.8006571E-03   -0.3758347E-07    0.1319694E-05
    0.2935433E-07   -0.3142411E-06    0.5664104E-07   -0.3626641E-06   -0.1574988E-05    0.1112501E-04    0.6605799E-06    0.6243274E-05    0.8348029E-03    0.4741243E-06    0.4526528E-04    0.3306104E-02    0.4809214E-03    0.4447329E-03    0.1108935E-02   -0.6667227E-04   -0.1511190E-04   -0.8121149E-05   -0.4702437E-04    0.6288591E-03    0.1141331E-07   -0.3188181E-07
    0.1495636E-03    0.5195119E-02   -0.4418344E-03   -0.4631902E-02    0.3995675E+00    0.3826964E-02    0.1079997E-01    0.8348029E-03    0.4564742E+02   -0.5414830E+00   -0.2172371E+01    0.5087655E+02    0.4625840E+01   -0.2042739E+02   -0.6188011E+02    0.1274809E+01    0.1103971E+00    0.1158231E+00   -0.1911480E+01   -0.1859722E+02   -0.2436548E-03    0.4638956E-02
   -0.3820742E-05   -0.1177362E-03    0.1153752E-04    0.7657378E-04   -0.8632711E-02   -0.8454074E-04   -0.2142073E-03    0.4741243E-06   -0.5414830E+00    0.8147914E-01   -0.6374260E-01   -0.6548325E+00    0.9071697E+00    0.1818232E+01    0.7879498E+00    0.5372645E-01   -0.1248341E-01    0.4380450E-03    0.7265709E-01    0.7511946E-01    0.5332552E-05   -0.2648142E-04
   -0.1446544E-04   -0.1233209E-02    0.1124221E-03    0.6298508E-03   -0.9379290E-01   -0.1702327E-02   -0.2453732E-02    0.4526528E-04   -0.2172371E+01   -0.6374260E-01    0.3873100E+01   -0.3133327E+02   -0.5047965E+01    0.7468497E+01    0.6939310E+01   -0.2934506E+01   -0.1708241E+00    0.8773358E-01    0.2316621E+01    0.2078519E+01    0.1575027E-03   -0.4366420E-03
    0.5681822E-03    0.2227125E-01   -0.2027343E-02   -0.9168042E-02    0.1755442E+01    0.4186959E-01    0.4464358E-01    0.3306104E-02    0.5087655E+02   -0.6548325E+00   -0.3133327E+02    0.8216777E+03    0.9044788E+02   -0.5410710E+02   -0.7306360E+02    0.1725045E+02   -0.3075841E+01    0.2676901E+01   -0.9493446E+01   -0.1329732E+02    0.6660780E-02    0.5859799E-02
    0.1374660E-03    0.1171640E-01   -0.1160017E-02   -0.6682048E-02    0.8235174E+00    0.1748129E-01    0.2356314E-01    0.4809214E-03    0.4625840E+01    0.9071697E+00   -0.5047965E+01    0.9044788E+02    0.7158444E+02    0.4639684E+02    0.1725717E+02   -0.2623566E+01   -0.2432837E-01   -0.1160237E+01    0.4237916E+01    0.4053334E+01    0.1944087E-03    0.7441913E-03
   -0.1721983E-04    0.2672100E-02   -0.3064835E-03   -0.1673236E-03    0.1491054E+00    0.9620729E-02    0.7177601E-02    0.4447329E-03   -0.2042739E+02    0.1818232E+01    0.7468497E+01   -0.5410710E+02    0.4639684E+02    0.9838887E+02    0.6776519E+02   -0.1179542E+02   -0.6428032E+00   -0.4388518E+00    0.4312556E+01    0.4297291E+01    0.7171498E-03   -0.2594415E-02
   -0.1217263E-03   -0.1157532E-02   -0.1061677E-04    0.4059859E-02   -0.1399201E+00    0.1086927E-01   -0.9540376E-03    0.1108935E-02   -0.6188011E+02    0.7879498E+00    0.6939310E+01   -0.7306360E+02    0.1725717E+02    0.6776519E+02    0.1232302E+03   -0.1085870E+02   -0.3208291E+00   -0.3989816E+00   -0.5330447E+00    0.1460066E+02    0.7044018E-03   -0.7839787E-02
    0.4417602E-04    0.2062184E-02   -0.1884236E-03   -0.1460854E-02    0.1598496E+00    0.1227380E-02    0.3635154E-02   -0.6667227E-04    0.1274809E+01    0.5372645E-01   -0.2934506E+01    0.1725045E+02   -0.2623566E+01   -0.1179542E+02   -0.1085870E+02    0.6538128E+01    0.1227795E+00   -0.3564304E-01   -0.1889201E+01   -0.1613076E+01   -0.1255644E-03    0.2814222E-03
    0.3061902E-04    0.3331294E-03   -0.3123998E-04    0.7990355E-03    0.3103228E-01    0.2159620E-02    0.1620965E-02   -0.1511190E-04    0.1103971E+00   -0.1248341E-01   -0.1708241E+00   -0.3075841E+01   -0.2432837E-01   -0.6428032E+00   -0.3208291E+00    0.1227795E+00    0.3484142E+01    0.4383297E+00    0.1141744E+00    0.1247793E+00    0.2996240E-03   -0.2049766E-04
    0.1569017E-04    0.1509169E-03   -0.2349814E-05    0.1833531E-03    0.1741263E-01    0.1773297E-03    0.6964084E-03   -0.8121149E-05    0.1158231E+00    0.4380450E-03    0.8773358E-01    0.2676901E+01   -0.1160237E+01   -0.4388518E+00   -0.3989816E+00   -0.3564304E-01    0.4383297E+00    0.3396685E+01    0.2596357E+01    0.1677339E+01   -0.2705691E-03   -0.2346681E-03
    0.1758698E-04    0.5654797E-03   -0.4335611E-04   -0.7917996E-03    0.4143620E-01   -0.6657608E-03    0.9107436E-03   -0.4702437E-04   -0.1911480E+01    0.7265709E-01    0.2316621E+01   -0.9493446E+01    0.4237916E+01    0.4312556E+01   -0.5330447E+00   -0.1889201E+01    0.1141744E+00    0.2596357E+01    0.1756142E+02    0.2632655E+02    0.1629360E-04    0.2543449E-02
   -0.1607641E-05   -0.1383939E-03    0.3296665E-04   -0.2883580E-03   -0.1741734E-01    0.4499791E-03   -0.8006571E-03    0.6288591E-03   -0.1859722E+02    0.7511946E-01    0.2078519E+01   -0.1329732E+02    0.4053334E+01    0.4297291E+01    0.1460066E+02   -0.1613076E+01    0.1247793E+00    0.1677339E+01    0.2632655E+02    0.5569155E+02    0.1124158E-03    0.4555663E-02
    0.4991180E-08    0.2180487E-08    0.6841725E-10    0.3681605E-07    0.2610122E-05    0.3862623E-06   -0.3758347E-07    0.1141331E-07   -0.2436548E-03    0.5332552E-05    0.1575027E-03    0.6660780E-02    0.1944087E-03    0.7171498E-03    0.7044018E-03   -0.1255644E-03    0.2996240E-03   -0.2705691E-03    0.1629360E-04    0.1124158E-03    0.6126949E-06    0.2109616E-08
    0.2236374E-07    0.6012640E-06   -0.4440475E-07   -0.5505752E-06    0.4625521E-04    0.3288579E-06    0.1319694E-05   -0.3188181E-07    0.4638956E-02   -0.2648142E-04   -0.4366420E-03    0.5859799E-02    0.7441913E-03   -0.2594415E-02   -0.7839787E-02    0.2814222E-03   -0.2049766E-04   -0.2346681E-03    0.2543449E-02    0.4555663E-02    0.2109616E-08    0.2120220E-05
