# omegabh2 omegach2 theta tau meffsterile nnu logA ns calPlanck acib217 xi asz143 aps100 aps143 aps143217 aps217 aksz kgal100 kgal143 kgal143217 kgal217 galfEE100 galfEE100143 galfEE100217 galfEE143 galfEE143217 galfEE217 galfTE100 galfTE100143 galfTE100217 galfTE143 galfTE143217 galfTE217 cal0 cal2
    0.2923909E-07    0.1238425E-06   -0.3338610E-08    0.1086413E-05   -0.4174785E-06    0.1073980E-04    0.2401486E-05    0.6246067E-06    0.3694742E-08   -0.3756085E-04    0.8397407E-06    0.1344146E-04   -0.1939240E-03   -0.1189056E-03   -0.2911075E-04    0.1256923E-05   -0.1291901E-04    0.1627015E-05   -0.1504441E-05   -0.1106254E-04   -0.1217775E-04    0.5583233E-07    0.7043919E-07    0.1013342E-07    0.6928184E-07   -0.6545113E-07    0.4560796E-07   -0.1096476E-06   -0.6085123E-07    0.5082081E-07   -0.2640300E-06   -0.5362061E-06   -0.1979176E-05    0.1825415E-08   -0.3348115E-08
    0.1238425E-06    0.9509171E-05   -0.5206984E-06    0.5142138E-05   -0.3958465E-03    0.2570767E-03    0.2162073E-04    0.9715193E-05   -0.1491578E-06    0.1558295E-02   -0.4455926E-04   -0.3824292E-03    0.7837596E-02    0.1970840E-02   -0.8801058E-03   -0.1818322E-02    0.7939382E-03    0.9564061E-04    0.1456826E-03    0.1968593E-03    0.7682578E-04    0.2112724E-06    0.5695012E-06    0.6545215E-06    0.6411754E-06   -0.2772772E-05   -0.6963097E-05    0.4132368E-06    0.3502921E-06    0.5638171E-05    0.6164570E-07    0.1674373E-05    0.2094976E-04    0.9751079E-08    0.1809197E-06
   -0.3338610E-08   -0.5206984E-06    0.1262524E-06    0.1668521E-06    0.9904608E-05   -0.2170721E-04   -0.4033973E-06   -0.6363642E-06    0.3296784E-07   -0.1279357E-03    0.2905861E-05    0.3621633E-04   -0.7340321E-03   -0.2548484E-03    0.1102893E-04    0.1032173E-03   -0.6587802E-04   -0.7521900E-05   -0.1117785E-04   -0.1163451E-04    0.5042853E-05   -0.1685575E-07   -0.4439347E-07   -0.5458947E-07   -0.5942966E-07   -0.2364380E-08    0.5689307E-06   -0.1743110E-06    0.2678891E-07   -0.5414209E-06    0.2185530E-06   -0.5700176E-06   -0.2518926E-05   -0.1323299E-09   -0.1075329E-07
    0.1086413E-05    0.5142138E-05    0.1668521E-06    0.1937189E-03   -0.4452922E-04    0.6044394E-03    0.3765022E-03    0.4858109E-04   -0.3058768E-05   -0.3054794E-02    0.2851932E-04    0.5401755E-03   -0.1349579E-01   -0.5341708E-02   -0.2077035E-02    0.5285543E-03   -0.2995855E-03    0.1641121E-03    0.3993355E-04   -0.3812864E-03   -0.7287867E-03    0.4259706E-05    0.5375609E-05    0.3499751E-05    0.5597977E-05   -0.6769318E-05    0.3738203E-06   -0.1102715E-04   -0.1654750E-05    0.5613069E-05   -0.9958224E-05   -0.2903645E-04   -0.6273294E-04   -0.2910056E-06   -0.4272355E-06
   -0.4174785E-06   -0.3958465E-03    0.9904608E-05   -0.4452922E-04    0.3400609E-01   -0.2967028E-02   -0.3091116E-03   -0.3004849E-03   -0.7425953E-06   -0.2036937E-01    0.1328594E-02    0.6175049E-02   -0.1656587E+00    0.3040825E-01    0.7983771E-01    0.7986729E-01   -0.1285656E-01   -0.7132959E-03   -0.3998535E-02   -0.6394936E-02   -0.1245321E-01   -0.1439612E-04   -0.3753520E-04    0.4432423E-04   -0.3437588E-04    0.4822181E-04    0.1223889E-03   -0.1054315E-04    0.2445593E-04   -0.1964406E-03   -0.8073615E-05    0.1573335E-03   -0.5521243E-03   -0.1514014E-05   -0.3321562E-05
    0.1073980E-04    0.2570767E-03   -0.2170721E-04    0.6044394E-03   -0.2967028E-02    0.1330563E-01    0.1618062E-02    0.5438470E-03   -0.2519142E-05    0.6564054E-01   -0.1434618E-02   -0.1516068E-01    0.2907147E+00    0.9449768E-01   -0.1576404E-01   -0.5867309E-01    0.3248483E-01    0.4198111E-02    0.5813976E-02    0.4703015E-02   -0.6653820E-02    0.2618489E-04    0.3873530E-04    0.3306229E-04    0.4386372E-04   -0.1425887E-03   -0.2903495E-03   -0.4226532E-05    0.1031607E-04    0.1958075E-03   -0.7838675E-04    0.5795372E-04    0.4387386E-03   -0.7042981E-06    0.6501155E-05
    0.2401486E-05    0.2162073E-04   -0.4033973E-06    0.3765022E-03   -0.3091116E-03    0.1618062E-02    0.7786495E-03    0.1065978E-03    0.5997765E-05   -0.2517279E-02    0.2521319E-04    0.4028647E-03   -0.8318838E-02   -0.4510851E-02   -0.1901251E-02    0.3821686E-02   -0.6833260E-04    0.1884827E-03   -0.1011407E-03   -0.8446882E-03   -0.2660158E-03    0.9636823E-05    0.1127436E-04    0.8646243E-05    0.1357212E-04   -0.1879845E-04   -0.1684727E-04   -0.1850931E-04   -0.3580112E-05    0.1590401E-04   -0.2270866E-04   -0.5311060E-04   -0.6832121E-04   -0.3600580E-06   -0.5124359E-06
    0.6246067E-06    0.9715193E-05   -0.6363642E-06    0.4858109E-04   -0.3004849E-03    0.5438470E-03    0.1065978E-03    0.3911068E-04    0.7793187E-07   -0.1668271E-02    0.5046779E-04    0.4025760E-03   -0.1060875E-01   -0.1812757E-02    0.1990631E-02    0.2886297E-02   -0.1022032E-02    0.4405071E-03    0.5987712E-04   -0.3429930E-03   -0.1213901E-03    0.3396373E-05    0.4359765E-05    0.7687571E-06    0.4908276E-05   -0.5800091E-05   -0.1114226E-04   -0.3203469E-05   -0.8054745E-06    0.9281272E-05   -0.6211348E-05   -0.6182378E-05    0.4206798E-06   -0.1580992E-06   -0.1570557E-06
    0.3694742E-08   -0.1491578E-06    0.3296784E-07   -0.3058768E-05   -0.7425953E-06   -0.2519142E-05    0.5997765E-05    0.7793187E-07    0.6234228E-05    0.1104349E-02   -0.7104648E-05   -0.6050629E-04    0.4454682E-02    0.6781084E-03    0.1431667E-03    0.9646953E-03    0.4003003E-04   -0.2331227E-04    0.2600311E-04   -0.4467247E-05    0.6328082E-03    0.7377083E-06    0.3851494E-06    0.2469724E-06    0.1365543E-05    0.5919217E-06   -0.1355510E-05    0.5508282E-06   -0.5857210E-06   -0.2179507E-05   -0.1583558E-05   -0.9126256E-06    0.1816814E-04    0.3633308E-08    0.4471470E-07
   -0.3756085E-04    0.1558295E-02   -0.1279357E-03   -0.3054794E-02   -0.2036937E-01    0.6564054E-01   -0.2517279E-02   -0.1668271E-02    0.1104349E-02    0.4352150E+02   -0.4923223E+00   -0.1603285E+01    0.4159944E+02   -0.5047290E+00   -0.2207262E+02   -0.6136299E+02    0.2499256E+00   -0.9731806E-01   -0.1150835E+00   -0.2086363E+01   -0.1866199E+02   -0.8299543E-03   -0.9066235E-03    0.7032529E-03   -0.6465585E-03   -0.4750534E-02   -0.3567581E-02    0.3599345E-02   -0.4197660E-03   -0.1085383E-02   -0.6805193E-02   -0.2821414E-02    0.2593418E-01   -0.2983408E-03    0.4373378E-02
    0.8397407E-06   -0.4455926E-04    0.2905861E-05    0.2851932E-04    0.1328594E-02   -0.1434618E-02    0.2521319E-04    0.5046779E-04   -0.7104648E-05   -0.4923223E+00    0.8115264E-01   -0.8213126E-01   -0.4664933E+00    0.1017963E+01    0.1856517E+01    0.7435868E+00    0.8722293E-01   -0.3414663E-02    0.9536826E-02    0.8874090E-01    0.9099168E-01    0.1770747E-04    0.2525843E-05   -0.8324760E-04   -0.8693955E-05   -0.1038057E-03   -0.7916655E-04   -0.5213162E-04   -0.4934617E-04    0.9820725E-04    0.1401459E-03    0.6296543E-04    0.4516772E-03    0.6125307E-05   -0.1969850E-04
    0.1344146E-04   -0.3824292E-03    0.3621633E-04    0.5401755E-03    0.6175049E-02   -0.1516068E-01    0.4028647E-03    0.4025760E-03   -0.6050629E-04   -0.1603285E+01   -0.8213126E-01    0.3784919E+01   -0.2929576E+02   -0.3676864E+01    0.7980920E+01    0.7077197E+01   -0.2832995E+01   -0.1867659E+00    0.9290138E-01    0.2330313E+01    0.2015043E+01   -0.2121523E-04    0.1559144E-03    0.9927683E-04    0.1134455E-03   -0.2745044E-03    0.8786199E-03   -0.1408730E-02   -0.2911723E-03    0.1607261E-03   -0.3494271E-05   -0.7305125E-03   -0.4845512E-02    0.1771475E-03   -0.3712724E-03
   -0.1939240E-03    0.7837596E-02   -0.7340321E-03   -0.1349579E-01   -0.1656587E+00    0.2907147E+00   -0.8318838E-02   -0.1060875E-01    0.4454682E-02    0.4159944E+02   -0.4664933E+00   -0.2929576E+02    0.7597622E+03    0.6535832E+02   -0.6305023E+02   -0.7264907E+02    0.1386542E+02   -0.3725247E+01    0.2963665E+01   -0.1228726E+02   -0.1714300E+02   -0.1839811E-02   -0.2949912E-02    0.8891517E-02   -0.3755276E-02    0.5793491E-02   -0.1080357E-01    0.1185231E-01    0.5370368E-02   -0.2383341E-01    0.1359256E-01    0.2573827E-01    0.1514004E+00    0.5882003E-02    0.4049203E-02
   -0.1189056E-03    0.1970840E-02   -0.2548484E-03   -0.5341708E-02    0.3040825E-01    0.9449768E-01   -0.4510851E-02   -0.1812757E-02    0.6781084E-03   -0.5047290E+00    0.1017963E+01   -0.3676864E+01    0.6535832E+02    0.5967818E+02    0.4476039E+02    0.1893030E+02   -0.4665833E+01   -0.1909631E+00   -0.1024327E+01    0.3786967E+01    0.4314491E+01   -0.2425196E-03   -0.9603827E-03    0.1861450E-03   -0.1344548E-02   -0.9274981E-02   -0.7602847E-02   -0.1788900E-02    0.1151837E-02    0.4858627E-02    0.1426010E-02    0.1617548E-01    0.5720423E-01    0.1387631E-03    0.9910174E-04
   -0.2911075E-04   -0.8801058E-03    0.1102893E-04   -0.2077035E-02    0.7983771E-01   -0.1576404E-01   -0.1901251E-02    0.1990631E-02    0.1431667E-03   -0.2207262E+02    0.1856517E+01    0.7980920E+01   -0.6305023E+02    0.4476039E+02    0.1006592E+03    0.6956903E+02   -0.1247033E+02   -0.6166437E+00   -0.1753072E+00    0.4764531E+01    0.5566811E+01    0.4459628E-03    0.2260667E-03   -0.3604061E-03   -0.3146027E-03   -0.6363227E-02   -0.6520361E-02   -0.8414270E-02   -0.9028608E-03    0.6472078E-02    0.5891651E-02    0.1363373E-01    0.2387733E-01    0.7837822E-03   -0.2735728E-02
    0.1256923E-05   -0.1818322E-02    0.1032173E-03    0.5285543E-03    0.7986729E-01   -0.5867309E-01    0.3821686E-02    0.2886297E-02    0.9646953E-03   -0.6136299E+02    0.7435868E+00    0.7077197E+01   -0.7264907E+02    0.1893030E+02    0.6956903E+02    0.1237331E+03   -0.1085685E+02   -0.2709115E+00   -0.1023609E+00   -0.1630402E+00    0.1559688E+02    0.1209077E-02    0.1111969E-02   -0.6369150E-03    0.1161616E-02    0.1549428E-02    0.5987985E-02   -0.7342773E-02    0.1420092E-02    0.6655117E-03    0.9310516E-02    0.1163620E-01   -0.1332102E-01    0.8051449E-03   -0.7745087E-02
   -0.1291901E-04    0.7939382E-03   -0.6587802E-04   -0.2995855E-03   -0.1285656E-01    0.3248483E-01   -0.6833260E-04   -0.1022032E-02    0.4003003E-04    0.2499256E+00    0.8722293E-01   -0.2832995E+01    0.1386542E+02   -0.4665833E+01   -0.1247033E+02   -0.1085685E+02    0.6377814E+01    0.9977064E-01   -0.6382811E-01   -0.2029684E+01   -0.1639612E+01   -0.2243796E-03   -0.1470825E-03   -0.7658890E-04   -0.6329261E-04    0.1566378E-02   -0.2337516E-02    0.1420204E-02    0.2602351E-03   -0.1700724E-02    0.8972999E-03   -0.7561230E-03   -0.6616608E-03   -0.1395463E-03    0.1743514E-03
    0.1627015E-05    0.9564061E-04   -0.7521900E-05    0.1641121E-03   -0.7132959E-03    0.4198111E-02    0.1884827E-03    0.4405071E-03   -0.2331227E-04   -0.9731806E-01   -0.3414663E-02   -0.1867659E+00   -0.3725247E+01   -0.1909631E+00   -0.6166437E+00   -0.2709115E+00    0.9977064E-01    0.3480052E+01    0.4031256E+00    0.1708320E+00    0.4154623E+00   -0.1393927E-04    0.5822094E-04    0.5246432E-03    0.1681261E-03   -0.1023819E-03    0.2643508E-03   -0.7571665E-04    0.3862264E-03   -0.3957427E-03   -0.2390806E-03   -0.1055136E-02    0.6716914E-03    0.2793359E-03    0.1258827E-04
   -0.1504441E-05    0.1456826E-03   -0.1117785E-04    0.3993355E-04   -0.3998535E-02    0.5813976E-02   -0.1011407E-03    0.5987712E-04    0.2600311E-04   -0.1150835E+00    0.9536826E-02    0.9290138E-01    0.2963665E+01   -0.1024327E+01   -0.1753072E+00   -0.1023609E+00   -0.6382811E-01    0.4031256E+00    0.3324451E+01    0.2562202E+01    0.1767738E+01   -0.3237306E-04   -0.2019665E-04   -0.5664725E-04   -0.3203590E-04    0.1469151E-02    0.3057783E-02    0.9694309E-03   -0.7446417E-04    0.1323439E-03    0.9092764E-03    0.5274062E-03    0.4602654E-02   -0.2769361E-03   -0.2312111E-03
   -0.1106254E-04    0.1968593E-03   -0.1163451E-04   -0.3812864E-03   -0.6394936E-02    0.4703015E-02   -0.8446882E-03   -0.3429930E-03   -0.4467247E-05   -0.2086363E+01    0.8874090E-01    0.2330313E+01   -0.1228726E+02    0.3786967E+01    0.4764531E+01   -0.1630402E+00   -0.2029684E+01    0.1708320E+00    0.2562202E+01    0.1700475E+02    0.2550622E+02   -0.5486610E-04   -0.1923072E-03   -0.4042071E-03   -0.2559236E-03   -0.1289275E-02    0.3083303E-02    0.2043277E-03   -0.2258157E-03    0.3375075E-02    0.1471993E-02   -0.4517051E-03    0.9612844E-02   -0.2415463E-04    0.2466918E-02
   -0.1217775E-04    0.7682578E-04    0.5042853E-05   -0.7287867E-03   -0.1245321E-01   -0.6653820E-02   -0.2660158E-03   -0.1213901E-03    0.6328082E-03   -0.1866199E+02    0.9099168E-01    0.2015043E+01   -0.1714300E+02    0.4314491E+01    0.5566811E+01    0.1559688E+02   -0.1639612E+01    0.4154623E+00    0.1767738E+01    0.2550622E+02    0.5443545E+02    0.5640593E-03    0.1425319E-03    0.3471631E-03    0.3105404E-03    0.2431780E-03    0.1169735E-02   -0.8036194E-03   -0.4512447E-03    0.7928000E-02    0.4321285E-02   -0.1421877E-02   -0.8684720E-03    0.4776005E-04    0.4490444E-02
    0.5583233E-07    0.2112724E-06   -0.1685575E-07    0.4259706E-05   -0.1439612E-04    0.2618489E-04    0.9636823E-05    0.3396373E-05    0.7377083E-06   -0.8299543E-03    0.1770747E-04   -0.2121523E-04   -0.1839811E-02   -0.2425196E-03    0.4459628E-03    0.1209077E-02   -0.2243796E-03   -0.1393927E-04   -0.3237306E-04   -0.5486610E-04    0.5640593E-03    0.3208504E-04    0.8922060E-05    0.7310761E-06    0.3107419E-05   -0.2431554E-05   -0.2066758E-05   -0.4584440E-06   -0.1320128E-05    0.4404713E-05   -0.4684059E-05   -0.6962828E-05   -0.4503013E-06   -0.2000102E-07   -0.4423686E-07
    0.7043919E-07    0.5695012E-06   -0.4439347E-07    0.5375609E-05   -0.3753520E-04    0.3873530E-04    0.1127436E-04    0.4359765E-05    0.3851494E-06   -0.9066235E-03    0.2525843E-05    0.1559144E-03   -0.2949912E-02   -0.9603827E-03    0.2260667E-03    0.1111969E-02   -0.1470825E-03    0.5822094E-04   -0.2019665E-04   -0.1923072E-03    0.1425319E-03    0.8922060E-05    0.2500771E-04    0.2978500E-05    0.1212153E-04   -0.4280870E-06   -0.5114646E-05   -0.1163986E-05   -0.9074730E-06   -0.8073408E-06   -0.1776022E-05   -0.4796679E-05   -0.7811561E-05    0.1791217E-07   -0.9833349E-07
    0.1013342E-07    0.6545215E-06   -0.5458947E-07    0.3499751E-05    0.4432423E-04    0.3306229E-04    0.8646243E-05    0.7687571E-06    0.2469724E-06    0.7032529E-03   -0.8324760E-04    0.9927683E-04    0.8891517E-02    0.1861450E-03   -0.3604061E-03   -0.6369150E-03   -0.7658890E-04    0.5246432E-03   -0.5664725E-04   -0.4042071E-03    0.3471631E-03    0.7310761E-06    0.2978500E-05    0.1048195E-02    0.2019430E-05    0.1352354E-04    0.7465721E-06   -0.4337781E-05    0.3962371E-05   -0.1773188E-04    0.2267117E-04   -0.4729697E-05   -0.1872755E-04    0.1392189E-07    0.1442376E-06
    0.6928184E-07    0.6411754E-06   -0.5942966E-07    0.5597977E-05   -0.3437588E-04    0.4386372E-04    0.1357212E-04    0.4908276E-05    0.1365543E-05   -0.6465585E-03   -0.8693955E-05    0.1134455E-03   -0.3755276E-02   -0.1344548E-02   -0.3146027E-03    0.1161616E-02   -0.6329261E-04    0.1681261E-03   -0.3203590E-04   -0.2559236E-03    0.3105404E-03    0.3107419E-05    0.1212153E-04    0.2019430E-05    0.4680486E-04   -0.3196354E-05   -0.6819026E-05    0.1246434E-05   -0.1105764E-05    0.1545583E-05   -0.3583789E-05   -0.5334192E-05    0.1181101E-04   -0.2778521E-07   -0.2887764E-07
   -0.6545113E-07   -0.2772772E-05   -0.2364380E-08   -0.6769318E-05    0.4822181E-04   -0.1425887E-03   -0.1879845E-04   -0.5800091E-05    0.5919217E-06   -0.4750534E-02   -0.1038057E-03   -0.2745044E-03    0.5793491E-02   -0.9274981E-02   -0.6363227E-02    0.1549428E-02    0.1566378E-02   -0.1023819E-03    0.1469151E-02   -0.1289275E-02    0.2431780E-03   -0.2431554E-05   -0.4280870E-06    0.1352354E-04   -0.3196354E-05    0.2144090E-02    0.3049944E-04    0.1042786E-04    0.2603429E-05   -0.3377852E-04   -0.6919177E-05    0.2894840E-04    0.7229798E-04   -0.5133650E-06   -0.7667063E-06
    0.4560796E-07   -0.6963097E-05    0.5689307E-06    0.3738203E-06    0.1223889E-03   -0.2903495E-03   -0.1684727E-04   -0.1114226E-04   -0.1355510E-05   -0.3567581E-02   -0.7916655E-04    0.8786199E-03   -0.1080357E-01   -0.7602847E-02   -0.6520361E-02    0.5987985E-02   -0.2337516E-02    0.2643508E-03    0.3057783E-02    0.3083303E-02    0.1169735E-02   -0.2066758E-05   -0.5114646E-05    0.7465721E-06   -0.6819026E-05    0.3049944E-04    0.1682492E-01   -0.2762940E-04    0.1859233E-04    0.6641985E-04    0.8772906E-04    0.1212851E-03    0.3780656E-03   -0.9143339E-06   -0.1908156E-05
   -0.1096476E-06    0.4132368E-06   -0.1743110E-06   -0.1102715E-04   -0.1054315E-04   -0.4226532E-05   -0.1850931E-04   -0.3203469E-05    0.5508282E-06    0.3599345E-02   -0.5213162E-04   -0.1408730E-02    0.1185231E-01   -0.1788900E-02   -0.8414270E-02   -0.7342773E-02    0.1420204E-02   -0.7571665E-04    0.9694309E-03    0.2043277E-03   -0.8036194E-03   -0.4584440E-06   -0.1163986E-05   -0.4337781E-05    0.1246434E-05    0.1042786E-04   -0.2762940E-04    0.1432003E-02    0.3052176E-03    0.9425925E-04   -0.3760660E-03   -0.1133495E-03   -0.1080645E-03   -0.1528698E-07    0.4324316E-06
   -0.6085123E-07    0.3502921E-06    0.2678891E-07   -0.1654750E-05    0.2445593E-04    0.1031607E-04   -0.3580112E-05   -0.8054745E-06   -0.5857210E-06   -0.4197660E-03   -0.4934617E-04   -0.2911723E-03    0.5370368E-02    0.1151837E-02   -0.9028608E-03    0.1420092E-02    0.2602351E-03    0.3862264E-03   -0.7446417E-04   -0.2258157E-03   -0.4512447E-03   -0.1320128E-05   -0.9074730E-06    0.3962371E-05   -0.1105764E-05    0.2603429E-05    0.1859233E-04    0.3052176E-03    0.8601261E-03    0.4438662E-04    0.7486668E-03    0.2651316E-04   -0.6400832E-03   -0.2014864E-06   -0.3194751E-06
    0.5082081E-07    0.5638171E-05   -0.5414209E-06    0.5613069E-05   -0.1964406E-03    0.1958075E-03    0.1590401E-04    0.9281272E-05   -0.2179507E-05   -0.1085383E-02    0.9820725E-04    0.1607261E-03   -0.2383341E-01    0.4858627E-02    0.6472078E-02    0.6655117E-03   -0.1700724E-02   -0.3957427E-03    0.1323439E-03    0.3375075E-02    0.7928000E-02    0.4404713E-05   -0.8073408E-06   -0.1773188E-04    0.1545583E-05   -0.3377852E-04    0.6641985E-04    0.9425925E-04    0.4438662E-04    0.7112178E-02   -0.3386581E-03    0.7035767E-03    0.4709854E-02   -0.6957266E-06    0.1239693E-05
   -0.2640300E-06    0.6164570E-07    0.2185530E-06   -0.9958224E-05   -0.8073615E-05   -0.7838675E-04   -0.2270866E-04   -0.6211348E-05   -0.1583558E-05   -0.6805193E-02    0.1401459E-03   -0.3494271E-05    0.1359256E-01    0.1426010E-02    0.5891651E-02    0.9310516E-02    0.8972999E-03   -0.2390806E-03    0.9092764E-03    0.1471993E-02    0.4321285E-02   -0.4684059E-05   -0.1776022E-05    0.2267117E-04   -0.3583789E-05   -0.6919177E-05    0.8772906E-04   -0.3760660E-03    0.7486668E-03   -0.3386581E-03    0.2905427E-02    0.4719591E-03   -0.9679064E-03    0.5790735E-06   -0.1545854E-06
   -0.5362061E-06    0.1674373E-05   -0.5700176E-06   -0.2903645E-04    0.1573335E-03    0.5795372E-04   -0.5311060E-04   -0.6182378E-05   -0.9126256E-06   -0.2821414E-02    0.6296543E-04   -0.7305125E-03    0.2573827E-01    0.1617548E-01    0.1363373E-01    0.1163620E-01   -0.7561230E-03   -0.1055136E-02    0.5274062E-03   -0.4517051E-03   -0.1421877E-02   -0.6962828E-05   -0.4796679E-05   -0.4729697E-05   -0.5334192E-05    0.2894840E-04    0.1212851E-03   -0.1133495E-03    0.2651316E-04    0.7035767E-03    0.4719591E-03    0.6463365E-02    0.7940395E-02    0.7033731E-07   -0.1990720E-05
   -0.1979176E-05    0.2094976E-04   -0.2518926E-05   -0.6273294E-04   -0.5521243E-03    0.4387386E-03   -0.6832121E-04    0.4206798E-06    0.1816814E-04    0.2593418E-01    0.4516772E-03   -0.4845512E-02    0.1514004E+00    0.5720423E-01    0.2387733E-01   -0.1332102E-01   -0.6616608E-03    0.6716914E-03    0.4602654E-02    0.9612844E-02   -0.8684720E-03   -0.4503013E-06   -0.7811561E-05   -0.1872755E-04    0.1181101E-04    0.7229798E-04    0.3780656E-03   -0.1080645E-03   -0.6400832E-03    0.4709854E-02   -0.9679064E-03    0.7940395E-02    0.6575692E-01    0.2935962E-06   -0.3410710E-05
    0.1825415E-08    0.9751079E-08   -0.1323299E-09   -0.2910056E-06   -0.1514014E-05   -0.7042981E-06   -0.3600580E-06   -0.1580992E-06    0.3633308E-08   -0.2983408E-03    0.6125307E-05    0.1771475E-03    0.5882003E-02    0.1387631E-03    0.7837822E-03    0.8051449E-03   -0.1395463E-03    0.2793359E-03   -0.2769361E-03   -0.2415463E-04    0.4776005E-04   -0.2000102E-07    0.1791217E-07    0.1392189E-07   -0.2778521E-07   -0.5133650E-06   -0.9143339E-06   -0.1528698E-07   -0.2014864E-06   -0.6957266E-06    0.5790735E-06    0.7033731E-07    0.2935962E-06    0.5790448E-06   -0.1785636E-07
   -0.3348115E-08    0.1809197E-06   -0.1075329E-07   -0.4272355E-06   -0.3321562E-05    0.6501155E-05   -0.5124359E-06   -0.1570557E-06    0.4471470E-07    0.4373378E-02   -0.1969850E-04   -0.3712724E-03    0.4049203E-02    0.9910174E-04   -0.2735728E-02   -0.7745087E-02    0.1743514E-03    0.1258827E-04   -0.2312111E-03    0.2466918E-02    0.4490444E-02   -0.4423686E-07   -0.9833349E-07    0.1442376E-06   -0.2887764E-07   -0.7667063E-06   -0.1908156E-05    0.4324316E-06   -0.3194751E-06    0.1239693E-05   -0.1545854E-06   -0.1990720E-05   -0.3410710E-05   -0.1785636E-07    0.2084462E-05
