# omegabh2 omegach2 theta tau w logA ns calPlanck aps100 aps143 aps217 acib217 asz143 psr cibr xi aksz dust100 dust143 dust217 dust143x217 cal0 cal2
  3.8583603E-08  -7.8379304E-08   2.4985264E-08   3.4053638E-07   1.8413623E-06   6.7614643E-07   3.1639846E-07   3.0997678E-08  -6.0793808E-04  -4.4460003E-04   1.1028812E-04  -2.0204999E-04   2.4220520E-05   1.4844429E-06  -4.0170577E-06   1.8986328E-06  -4.5370517E-05   1.3202355E-06  -7.1925707E-07   9.0891099E-07  -1.8581749E-07   7.3917333E-09  -1.3694368E-08
 -7.8379304E-08   1.5433191E-06  -9.1910892E-08  -3.8070343E-06  -2.3273166E-05  -4.8198901E-06  -3.4188759E-06  -3.4111995E-07   8.1825579E-04   7.5654550E-04  -4.1944828E-04   3.8553525E-04  -5.6460009E-05  -5.4092299E-06   1.4366929E-05  -2.5355133E-06   1.1687748E-04   1.4136694E-06   5.2448927E-06  -1.3055667E-06  -2.1938716E-06  -6.3112534E-08   5.2740320E-08
  2.4985264E-08  -9.1910892E-08   1.8312269E-07   3.8264992E-07   3.4641907E-06   8.6389607E-07   4.4754638E-07   4.9667726E-08   3.8016940E-05  -7.9733765E-05  -2.9204334E-05  -3.3240223E-05  -7.2921830E-06  -4.3854378E-08  -1.0717932E-06   2.1648423E-06   9.1122492E-06  -9.9388876E-08  -6.9511850E-07   6.7388609E-07   1.1202956E-06   8.4273341E-10   3.9283617E-09
  3.4053638E-07  -3.8070343E-06   3.8264992E-07   5.5253284E-05   6.6827403E-05   9.8576127E-05   1.1791340E-05  -1.0932359E-06  -9.5162753E-03  -5.1045979E-03   1.8681653E-03  -2.8518665E-03   2.0875935E-04   3.5963248E-05  -8.8062758E-05   4.3864660E-05  -6.3377141E-04  -4.8353305E-06   3.3909561E-06  -3.2699682E-06  -2.7321684E-06  -1.0422763E-07  -5.3347089E-07
  1.8413623E-06  -2.3273166E-05   3.4641907E-06   6.6827403E-05   1.1111897E-03   9.7358362E-05   5.5454076E-05   5.7982673E-06  -2.1681442E-02  -1.4861598E-02   1.1022917E-02  -9.4569186E-03   1.4821182E-03   1.3351967E-04  -1.3417388E-04   2.7517053E-04  -2.5557323E-03  -3.7734799E-05  -7.4291444E-05   2.7733701E-05  -5.3514581E-05   1.1460065E-06  -6.4859891E-07
  6.7614643E-07  -4.8198901E-06   8.6389607E-07   9.8576127E-05   9.7358362E-05   2.0693812E-04   1.6328631E-05   9.4469556E-06  -1.0536151E-02  -7.9873126E-03   1.0584176E-02  -6.2883264E-03   3.1209402E-04   9.7316213E-05  -2.3041681E-04   1.1906454E-04  -1.9399855E-03   1.3550669E-06  -7.6307854E-05   7.8326550E-06  -1.8406917E-05   4.5233203E-07  -1.0749189E-06
  3.1639846E-07  -3.4188759E-06   4.4754638E-07   1.1791340E-05   5.5454076E-05   1.6328631E-05   1.9107224E-05   1.0040847E-06  -2.4654554E-02  -8.7488530E-03   1.0523454E-02  -7.2666546E-03   6.5340850E-04   8.1250477E-05  -1.6021031E-04   6.5840951E-05  -2.4035284E-03   1.8623104E-05  -4.1780369E-05   3.2127634E-05   6.8825970E-07  -1.9478195E-07  -5.8184238E-07
  3.0997678E-08  -3.4111995E-07   4.9667726E-08  -1.0932359E-06   5.7982673E-06   9.4469556E-06   1.0040847E-06   6.1869124E-06   4.2107275E-03   6.9112902E-05   1.2950006E-03   4.9335951E-04  -4.4551824E-05   3.6131003E-06  -1.5619345E-05  -5.0917649E-06  -4.9552844E-06   9.9553794E-06   3.0969446E-06   3.8869078E-06   3.1174025E-06   6.2323591E-08  -6.5678254E-08
 -6.0793808E-04   8.1825579E-04   3.8016940E-05  -9.5162753E-03  -2.1681442E-02  -1.0536151E-02  -2.4654554E-02   4.2107275E-03   6.1966199E+02   6.5579085E+01  -5.2985067E+01   2.9893871E+01  -2.5116755E+01  -8.4501099E-01  -3.4673153E-02  -1.9048112E-01   1.1190264E+01  -2.0837805E-01   2.3063746E-01  -2.1443106E-01  -2.2343755E-01   6.9298827E-03   2.9050148E-03
 -4.4460003E-04   7.5654550E-04  -7.9733765E-05  -5.1045979E-03  -1.4861598E-02  -7.9873126E-03  -8.7488530E-03   6.9112902E-05   6.5579085E+01   6.8683965E+01   9.3902223E+00   7.5893189E+00  -5.4325791E-01  -1.5630589E-02   4.7915661E-01   8.5505204E-01  -8.2702844E+00  -2.7290130E-02  -2.1431354E-01   3.8858869E-02   4.4666593E-02   9.5031242E-04   6.5068765E-04
  1.1028812E-04  -4.1944828E-04  -2.9204334E-05   1.8681653E-03   1.1022917E-02   1.0584176E-02   1.0523454E-02   1.2950006E-03  -5.2985067E+01   9.3902223E+00   1.7900392E+02  -8.5207425E+01   2.4216120E+00   3.5084725E-01  -1.0874516E+00   2.9897477E-01  -7.3581235E+00   1.2112414E-02  -2.9023015E-01   5.6184978E-01   9.6933743E-03   1.9731568E-03  -7.9928088E-03
 -2.0204999E-04   3.8553525E-04  -3.3240223E-05  -2.8518665E-03  -9.4569186E-03  -6.2883264E-03  -7.2666546E-03   4.9335951E-04   2.9893871E+01   7.5893189E+00  -8.5207425E+01   5.3613665E+01   1.8195889E+00  -5.2120168E-02   7.6181846E-01  -2.2907994E-01  -2.7906438E+00   2.9720672E-03   1.6799060E-01  -4.5889915E-01  -1.2835324E-01  -6.3529095E-04   3.3225698E-03
  2.4220520E-05  -5.6460009E-05  -7.2921830E-06   2.0875935E-04   1.4821182E-03   3.1209402E-04   6.5340850E-04  -4.4551824E-05  -2.5116755E+01  -5.4325791E-01   2.4216120E+00   1.8195889E+00   4.3074985E+00   9.8997090E-02   1.4786353E-01  -5.1324399E-02  -3.5482984E+00   1.5964284E-03  -7.4416475E-03   6.4865347E-03   5.1577114E-02   4.7546256E-04  -1.9530111E-04
  1.4844429E-06  -5.4092299E-06  -4.3854378E-08   3.5963248E-05   1.3351967E-04   9.7316213E-05   8.1250477E-05   3.6131003E-06  -8.4501099E-01  -1.5630589E-02   3.5084725E-01  -5.2120168E-02   9.8997090E-02   1.6148488E-02  -1.6562307E-02   1.1626916E-02  -1.0527054E-01  -8.2639719E-04  -1.3726900E-03  -2.5692630E-03   5.3216422E-03   1.7361590E-05  -3.6109533E-05
 -4.0170577E-06   1.4366929E-05  -1.0717932E-06  -8.8062758E-05  -1.3417388E-04  -2.3041681E-04  -1.6021031E-04  -1.5619345E-05  -3.4673153E-02   4.7915661E-01  -1.0874516E+00   7.6181846E-01   1.4786353E-01  -1.6562307E-02   6.6280372E-02   4.0232832E-03  -1.4937437E-01   1.6378902E-03   7.0205636E-03  -8.4943458E-04  -1.8111564E-02  -7.6962259E-06   9.5178278E-05
  1.8986328E-06  -2.5355133E-06   2.1648423E-06   4.3864660E-05   2.7517053E-04   1.1906454E-04   6.5840951E-05  -5.0917649E-06  -1.9048112E-01   8.5505204E-01   2.9897477E-01  -2.2907994E-01  -5.1324399E-02   1.1626916E-02   4.0232832E-03   8.1862010E-02   4.3388144E-02  -7.6621137E-04   5.8703372E-04   4.0948568E-04   2.5748446E-04   1.0623083E-05  -8.9022871E-06
 -4.5370517E-05   1.1687748E-04   9.1122492E-06  -6.3377141E-04  -2.5557323E-03  -1.9399855E-03  -2.4035284E-03  -4.9552844E-06   1.1190264E+01  -8.2702844E+00  -7.3581235E+00  -2.7906438E+00  -3.5482984E+00  -1.0527054E-01  -1.4937437E-01   4.3388144E-02   7.5225560E+00  -1.1989679E-02   1.1503885E-03   1.1028820E-03  -4.4310079E-02  -4.1483748E-04   1.0878330E-04
  1.3202355E-06   1.4136694E-06  -9.9388876E-08  -4.8353305E-06  -3.7734799E-05   1.3550669E-06   1.8623104E-05   9.9553794E-06  -2.0837805E-01  -2.7290130E-02   1.2112414E-02   2.9720672E-03   1.5964284E-03  -8.2639719E-04   1.6378902E-03  -7.6621137E-04  -1.1989679E-02   3.6793465E-02   2.7144915E-03   1.1033345E-04   1.4085631E-04   3.6579080E-05  -3.5267396E-06
 -7.1925707E-07   5.2448927E-06  -6.9511850E-07   3.3909561E-06  -7.4291444E-05  -7.6307854E-05  -4.1780369E-05   3.0969446E-06   2.3063746E-01  -2.1431354E-01  -2.9023015E-01   1.6799060E-01  -7.4416475E-03  -1.3726900E-03   7.0205636E-03   5.8703372E-04   1.1503885E-03   2.7144915E-03   3.1142611E-02  -6.9857680E-04   5.2414085E-03  -8.4102145E-05  -4.2586050E-05
  9.0891099E-07  -1.3055667E-06   6.7388609E-07  -3.2699682E-06   2.7733701E-05   7.8326550E-06   3.2127634E-05   3.8869078E-06  -2.1443106E-01   3.8858869E-02   5.6184978E-01  -4.5889915E-01   6.4865347E-03  -2.5692630E-03  -8.4943458E-04   4.0948568E-04   1.1028820E-03   1.1033345E-04  -6.9857680E-04   1.0764255E-02   8.8028889E-03   4.7823845E-06   6.2022142E-05
 -1.8581749E-07  -2.1938716E-06   1.1202956E-06  -2.7321684E-06  -5.3514581E-05  -1.8406917E-05   6.8825970E-07   3.1174025E-06  -2.2343755E-01   4.4666593E-02   9.6933743E-03  -1.2835324E-01   5.1577114E-02   5.3216422E-03  -1.8111564E-02   2.5748446E-04  -4.4310079E-02   1.4085631E-04   5.2414085E-03   8.8028889E-03   2.6923616E-02  -2.9956819E-06   6.0264073E-05
  7.3917333E-09  -6.3112534E-08   8.4273341E-10  -1.0422763E-07   1.1460065E-06   4.5233203E-07  -1.9478195E-07   6.2323591E-08   6.9298827E-03   9.5031242E-04   1.9731568E-03  -6.3529095E-04   4.7546256E-04   1.7361590E-05  -7.6962259E-06   1.0623083E-05  -4.1483748E-04   3.6579080E-05  -8.4102145E-05   4.7823845E-06  -2.9956819E-06   1.1437129E-06   4.5806667E-08
 -1.3694368E-08   5.2740320E-08   3.9283617E-09  -5.3347089E-07  -6.4859891E-07  -1.0749189E-06  -5.8184238E-07  -6.5678254E-08   2.9050148E-03   6.5068765E-04  -7.9928088E-03   3.3225698E-03  -1.9530111E-04  -3.6109533E-05   9.5178278E-05  -8.9022871E-06   1.0878330E-04  -3.5267396E-06  -4.2586050E-05   6.2022142E-05   6.0264073E-05   4.5806667E-08   2.4977301E-06
