# omegabh2 omegach2 theta tau logA ns nrun r calPlanck acib217 xi asz143 aps100 aps143 aps143217 aps217 aksz kgal100 kgal143 kgal143217 kgal217 cal0 cal2
    0.7262235E-07   -0.3286881E-06    0.6436958E-07    0.2718342E-05    0.5034911E-05    0.8988169E-06   -0.1188190E-05    0.3468635E-05    0.7614645E-08   -0.9327882E-04    0.1445018E-05    0.3368029E-04   -0.5103373E-03   -0.3732312E-03   -0.1952259E-03   -0.1183114E-03   -0.2589912E-04    0.1322411E-04    0.7562268E-05    0.1082934E-04    0.1959785E-04    0.4625158E-08   -0.9423537E-08
   -0.3286881E-06    0.4453182E-05   -0.4630123E-06   -0.2952543E-04   -0.4983396E-04   -0.1091278E-04    0.3469979E-05   -0.1665914E-04   -0.2875987E-06    0.8211884E-03   -0.1724964E-04   -0.2492853E-03    0.3696331E-02    0.2245395E-02    0.7323040E-03    0.4561584E-04    0.3031722E-03    0.3660341E-05    0.3051787E-04    0.4061259E-04   -0.1025374E-05   -0.3910128E-07    0.1140483E-06
    0.6436958E-07   -0.4630123E-06    0.2250726E-06    0.4348842E-05    0.8046958E-05    0.1368951E-05   -0.8632614E-06    0.2359860E-05    0.2268553E-07   -0.8225810E-04    0.3106651E-05    0.1415310E-04   -0.3441465E-03   -0.1917630E-03   -0.8788302E-04   -0.4335984E-04   -0.1427868E-04    0.5692918E-05   -0.1043246E-05    0.1182710E-04    0.9131929E-05    0.4927458E-08   -0.9817071E-08
    0.2718342E-05   -0.2952543E-04    0.4348842E-05    0.3234295E-03    0.5773335E-03    0.8081307E-04   -0.4274900E-04    0.1129427E-03   -0.3317484E-05   -0.7143749E-02    0.1216424E-03    0.2036916E-02   -0.3522041E-01   -0.1862913E-01   -0.6472143E-02   -0.1998430E-02   -0.2363113E-02    0.4729322E-03    0.2849241E-03   -0.3852446E-04   -0.4591822E-03    0.1335469E-07   -0.9576361E-06
    0.5034911E-05   -0.4983396E-04    0.8046958E-05    0.5773335E-03    0.1066732E-02    0.1356413E-03   -0.9107982E-04    0.2183670E-03    0.5273587E-05   -0.1100531E-01    0.2414871E-03    0.3053577E-02   -0.5089983E-01   -0.2806009E-01   -0.8855733E-02    0.3095908E-03   -0.3981582E-02    0.9203923E-03    0.2513749E-03   -0.2887036E-03    0.4054197E-03    0.2640700E-06   -0.1615849E-05
    0.8988169E-06   -0.1091278E-04    0.1368951E-05    0.8081307E-04    0.1356413E-03    0.3921152E-04   -0.3911035E-05    0.5686818E-04    0.5201633E-06   -0.7579555E-02    0.1611238E-03    0.2126336E-02   -0.3840428E-01   -0.1257319E-01    0.2118285E-02    0.7079281E-02   -0.3924449E-02    0.2441408E-03   -0.1970940E-03   -0.6509187E-03    0.5223531E-03   -0.1359147E-06   -0.7832508E-06
   -0.1188190E-05    0.3469979E-05   -0.8632614E-06   -0.4274900E-04   -0.9107982E-04   -0.3911035E-05    0.7173176E-04   -0.2052583E-03    0.8607648E-06   -0.8419997E-02    0.1497373E-03    0.2077595E-02   -0.2990508E-01   -0.1087246E-01    0.4024003E-02    0.1037841E-01   -0.4027910E-02   -0.4880513E-03   -0.4974627E-03   -0.1148785E-02    0.7450647E-03   -0.9776042E-07   -0.8691177E-06
    0.3468635E-05   -0.1665914E-04    0.2359860E-05    0.1129427E-03    0.2183670E-03    0.5686818E-04   -0.2052583E-03    0.3072225E-02   -0.4263072E-06    0.1511109E-01   -0.1458706E-03   -0.2757055E-02    0.4903572E-01    0.2136615E-01    0.3722386E-03   -0.1698315E-01    0.5434728E-02   -0.1145470E-02    0.8707585E-04    0.2980182E-02    0.1287660E-02   -0.2623709E-07    0.2214139E-05
    0.7614645E-08   -0.2875987E-06    0.2268553E-07   -0.3317484E-05    0.5273587E-05    0.5201633E-06    0.8607648E-06   -0.4263072E-06    0.6285992E-05    0.6176662E-03    0.1020336E-04   -0.2817284E-04    0.3430774E-02    0.4417431E-03    0.3546067E-03    0.1327561E-02    0.3423024E-04    0.4159070E-04    0.1891171E-04   -0.8688826E-04    0.7132346E-03    0.1294558E-07   -0.3665675E-07
   -0.9327882E-04    0.8211884E-03   -0.8225810E-04   -0.7143749E-02   -0.1100531E-01   -0.7579555E-02   -0.8419997E-02    0.1511109E-01    0.6176662E-03    0.4484485E+02   -0.5211095E+00   -0.2034837E+01    0.4634754E+02    0.1821270E+01   -0.2220848E+02   -0.6269579E+02    0.1104452E+01    0.8785120E-01    0.7793867E-01   -0.1957661E+01   -0.1876223E+02   -0.2534005E-03    0.4503423E-02
    0.1445018E-05   -0.1724964E-04    0.3106651E-05    0.1216424E-03    0.2414871E-03    0.1611238E-03    0.1497373E-03   -0.1458706E-03    0.1020336E-04   -0.5211095E+00    0.8210550E-01   -0.7948809E-01   -0.4021942E+00    0.9479120E+00    0.1784519E+01    0.7585608E+00    0.7700587E-01   -0.5814955E-02    0.6509066E-02    0.8088046E-01    0.1081321E+00    0.3913357E-05   -0.2075320E-04
    0.3368029E-04   -0.2492853E-03    0.1415310E-04    0.2036916E-02    0.3053577E-02    0.2126336E-02    0.2077595E-02   -0.2757055E-02   -0.2817284E-04   -0.2034837E+01   -0.7948809E-01    0.3944598E+01   -0.3089888E+02   -0.4295861E+01    0.8137646E+01    0.7497956E+01   -0.3159325E+01   -0.1607665E+00    0.6915096E-01    0.2403070E+01    0.2146123E+01    0.1952307E-03   -0.4113104E-03
   -0.5103373E-03    0.3696331E-02   -0.3441465E-03   -0.3522041E-01   -0.5089983E-01   -0.3840428E-01   -0.2990508E-01    0.4903572E-01    0.3430774E-02    0.4634754E+02   -0.4021942E+00   -0.3089888E+02    0.7893263E+03    0.7786430E+02   -0.5891058E+02   -0.7495928E+02    0.1716994E+02   -0.3637106E+01    0.3243632E+01   -0.1108495E+02   -0.1610680E+02    0.6068180E-02    0.4661639E-02
   -0.3732312E-03    0.2245395E-02   -0.1917630E-03   -0.1862913E-01   -0.2806009E-01   -0.1257319E-01   -0.1087246E-01    0.2136615E-01    0.4417431E-03    0.1821270E+01    0.9479120E+00   -0.4295861E+01    0.7786430E+02    0.6477841E+02    0.4433652E+02    0.1802475E+02   -0.3687060E+01   -0.1435045E+00   -0.9537705E+00    0.4219194E+01    0.4390652E+01    0.1820691E-03    0.3655314E-03
   -0.1952259E-03    0.7323040E-03   -0.8788302E-04   -0.6472143E-02   -0.8855733E-02    0.2118285E-02    0.4024003E-02    0.3722386E-03    0.3546067E-03   -0.2220848E+02    0.1784519E+01    0.8137646E+01   -0.5891058E+02    0.4433652E+02    0.9888643E+02    0.7053604E+02   -0.1322366E+02   -0.6245729E+00   -0.2067275E+00    0.4843237E+01    0.5807821E+01    0.7782231E-03   -0.2749935E-02
   -0.1183114E-03    0.4561584E-04   -0.4335984E-04   -0.1998430E-02    0.3095908E-03    0.7079281E-02    0.1037841E-01   -0.1698315E-01    0.1327561E-02   -0.6269579E+02    0.7585608E+00    0.7497956E+01   -0.7495928E+02    0.1802475E+02    0.7053604E+02    0.1263873E+03   -0.1211124E+02   -0.4799410E+00   -0.3049090E+00   -0.1735003E+00    0.1558465E+02    0.7874739E-03   -0.7879649E-02
   -0.2589912E-04    0.3031722E-03   -0.1427868E-04   -0.2363113E-02   -0.3981582E-02   -0.3924449E-02   -0.4027910E-02    0.5434728E-02    0.3423024E-04    0.1104452E+01    0.7700587E-01   -0.3159325E+01    0.1716994E+02   -0.3687060E+01   -0.1322366E+02   -0.1211124E+02    0.6996490E+01    0.8319908E-01   -0.1074418E+00   -0.2106534E+01   -0.1801298E+01   -0.1572262E-03    0.2616754E-03
    0.1322411E-04    0.3660341E-05    0.5692918E-05    0.4729322E-03    0.9203923E-03    0.2441408E-03   -0.4880513E-03   -0.1145470E-02    0.4159070E-04    0.8785120E-01   -0.5814955E-02   -0.1607665E+00   -0.3637106E+01   -0.1435045E+00   -0.6245729E+00   -0.4799410E+00    0.8319908E-01    0.3515408E+01    0.4301740E+00    0.1844638E+00    0.2418655E+00    0.3024539E-03    0.1080931E-04
    0.7562268E-05    0.3051787E-04   -0.1043246E-05    0.2849241E-03    0.2513749E-03   -0.1970940E-03   -0.4974627E-03    0.8707585E-04    0.1891171E-04    0.7793867E-01    0.6509066E-02    0.6915096E-01    0.3243632E+01   -0.9537705E+00   -0.2067275E+00   -0.3049090E+00   -0.1074418E+00    0.4301740E+00    0.3413774E+01    0.2617259E+01    0.1784533E+01   -0.2927572E-03   -0.2177607E-03
    0.1082934E-04    0.4061259E-04    0.1182710E-04   -0.3852446E-04   -0.2887036E-03   -0.6509187E-03   -0.1148785E-02    0.2980182E-02   -0.8688826E-04   -0.1957661E+01    0.8088046E-01    0.2403070E+01   -0.1108495E+02    0.4219194E+01    0.4843237E+01   -0.1735003E+00   -0.2106534E+01    0.1844638E+00    0.2617259E+01    0.1744626E+02    0.2598232E+02    0.1312970E-04    0.2516723E-02
    0.1959785E-04   -0.1025374E-05    0.9131929E-05   -0.4591822E-03    0.4054197E-03    0.5223531E-03    0.7450647E-03    0.1287660E-02    0.7132346E-03   -0.1876223E+02    0.1081321E+00    0.2146123E+01   -0.1610680E+02    0.4390652E+01    0.5807821E+01    0.1558465E+02   -0.1801298E+01    0.2418655E+00    0.1784533E+01    0.2598232E+02    0.5495848E+02    0.6540676E-04    0.4505792E-02
    0.4625158E-08   -0.3910128E-07    0.4927458E-08    0.1335469E-07    0.2640700E-06   -0.1359147E-06   -0.9776042E-07   -0.2623709E-07    0.1294558E-07   -0.2534005E-03    0.3913357E-05    0.1952307E-03    0.6068180E-02    0.1820691E-03    0.7782231E-03    0.7874739E-03   -0.1572262E-03    0.3024539E-03   -0.2927572E-03    0.1312970E-04    0.6540676E-04    0.6061062E-06   -0.9304391E-08
   -0.9423537E-08    0.1140483E-06   -0.9817071E-08   -0.9576361E-06   -0.1615849E-05   -0.7832508E-06   -0.8691177E-06    0.2214139E-05   -0.3665675E-07    0.4503423E-02   -0.2075320E-04   -0.4113104E-03    0.4661639E-02    0.3655314E-03   -0.2749935E-02   -0.7879649E-02    0.2616754E-03    0.1080931E-04   -0.2177607E-03    0.2516723E-02    0.4505792E-02   -0.9304391E-08    0.2098130E-05
