# omegabh2 omegach2 theta tau alpha1 logA ns calPlanck acib217 xi asz143 aps100 aps143 aps143217 aps217 aksz kgal100 kgal143 kgal143217 kgal217 galfTE100 galfTE100143 galfTE100217 galfTE143 galfTE143217 galfTE217 cal0 cal2
  2.1667514E-08  -7.6861302E-08   8.5441524E-09   2.7842329E-07  -1.1907267E-08   5.2101981E-07   1.5550615E-07   1.7335464E-08  -6.3567155E-05   1.4307381E-06   1.6912193E-05  -3.6045405E-04  -2.2261652E-04  -7.7808006E-05  -3.1361761E-06  -2.7837156E-05   1.7591425E-07  -5.8113303E-06  -1.4898616E-05  -1.6959212E-05   7.3830246E-09  -3.3710938E-08  -3.9098283E-07  -1.1327844E-07  -2.0353737E-07  -1.9416238E-06   3.8030260E-09  -1.8544718E-09
 -7.6861302E-08   2.2208912E-06  -3.7220729E-07  -4.7225063E-06  -4.0297764E-07  -4.0151407E-06  -7.3274828E-06  -4.1687620E-07   5.1524820E-04   4.1431153E-06  -1.3209717E-04   1.9825423E-03   1.4799562E-03   5.9785927E-04  -3.0363340E-04   2.4791014E-04  -9.0080683E-06  -1.7598047E-05  -1.1773258E-05  -2.7849637E-04   4.2775809E-07  -3.9753035E-08   2.5606828E-06   1.4791441E-06   1.3789231E-06   3.2328148E-06   7.3443416E-09   2.0608216E-08
  8.5441524E-09  -3.7220729E-07   1.8842274E-07   6.1847119E-07   1.4886971E-07   2.4254759E-07   1.7808421E-06   8.2045310E-08  -1.4207841E-04  -1.4665867E-06   4.4906522E-05  -5.1487145E-04  -2.7230423E-04   2.8015702E-06   2.0859813E-04  -7.9064760E-05  -1.1780364E-06  -2.2243388E-07   6.0504053E-06   7.8740793E-05  -2.5646945E-07  -4.0114173E-07  -9.3722214E-07  -7.5689200E-07  -1.9086670E-07   1.6507899E-06  -6.8503427E-09  -5.2028314E-09
  2.7842329E-07  -4.7225063E-06   6.1847119E-07   5.6192490E-05   3.7344426E-07   9.6543615E-05   1.5665527E-05  -1.3050275E-06  -2.4985167E-03   2.0555245E-05   5.0087652E-04  -9.5157313E-03  -5.1349144E-03  -1.2534212E-03   1.1801383E-03  -1.0255708E-03  -5.1420023E-05  -7.9251570E-05  -3.9141088E-04  -2.7390345E-04   1.8946754E-06   2.7335200E-06  -1.2783103E-05  -3.9314184E-06  -5.8130772E-06  -3.1287907E-05   8.2870575E-09  -2.0552770E-07
 -1.1907267E-08  -4.0297764E-07   1.4886971E-07   3.7344426E-07   2.5762398E-07  -6.0481448E-07   2.1399658E-06   9.0557400E-08  -1.6870669E-04  -1.1708730E-06   4.2069593E-05  -5.2028795E-04  -2.1328616E-04   5.7843677E-05   2.7278920E-04  -8.9881324E-05  -9.0844405E-07   3.5654429E-06   4.3132452E-06   1.1587233E-04  -1.0430723E-07  -2.3288181E-07  -4.4151269E-07  -7.8578261E-07   4.2707484E-07   5.9864582E-06  -1.0678884E-08  -4.9942311E-09
  5.2101981E-07  -4.0151407E-06   2.4254759E-07   9.6543615E-05  -6.0481448E-07   2.0221614E-04   9.8330136E-06   8.0930141E-06  -4.0181735E-03   8.9403981E-05   6.4695731E-04  -1.1145317E-02  -4.6098782E-03   1.8284491E-03   7.4551297E-03  -2.1104529E-03  -8.1953400E-05  -6.6759265E-04  -1.0378685E-03   3.5684432E-04   1.0636683E-05   4.2728565E-06  -1.8606010E-05  -7.8592144E-06  -8.0805283E-06  -3.7958505E-05   2.2202562E-07  -3.3003714E-07
  1.5550615E-07  -7.3274828E-06   1.7808421E-06   1.5665527E-05   2.1399658E-06   9.8330136E-06   3.7279536E-05   1.3589044E-06  -5.8689555E-03   6.1142154E-05   1.3024229E-03  -2.7923249E-02  -9.9551679E-03   4.5144243E-04   6.6824436E-03  -2.8796655E-03   2.8737341E-04  -2.6717340E-04  -3.1301966E-04   2.1256927E-03  -2.5816120E-07  -1.0587323E-06  -1.2612319E-05  -6.6171377E-06   6.2176616E-06   5.0967497E-05  -1.4412512E-07  -1.5165440E-07
  1.7335464E-08  -4.1687620E-07   8.2045310E-08  -1.3050275E-06   9.0557400E-08   8.0930141E-06   1.3589044E-06   5.9753065E-06   4.8628376E-04  -2.2170306E-06   4.2775025E-05   2.8832848E-03   7.2209715E-04   7.1111646E-04   1.6905066E-03  -6.9527593E-05   1.2333179E-04   5.5901516E-05   1.3288671E-04   9.7659325E-04   2.8213401E-06  -4.6725109E-07   1.2200493E-06  -2.3572601E-06   8.8721046E-07   1.2062073E-05  -1.0376368E-09   2.0615941E-08
 -6.3567155E-05   5.1524820E-04  -1.4207841E-04  -2.4985167E-03  -1.6870669E-04  -4.0181735E-03  -5.8689555E-03   4.8628376E-04   4.3692521E+01  -3.6998599E-01  -8.6093163E-01   3.3147613E+01   2.2745435E+00  -1.2421702E+01  -5.3530435E+01  -3.2058104E-01   2.4720172E-01   6.8617771E-01  -5.6602504E+00  -3.2972403E+01  -5.4093325E-03   6.4034006E-03  -6.0735849E-03   8.4539300E-03  -8.7873633E-03  -4.6486128E-02  -2.7240102E-04   7.0100144E-04
  1.4307381E-06   4.1431153E-06  -1.4665867E-06   2.0555245E-05  -1.1708730E-06   8.9403981E-05   6.1142154E-05  -2.2170306E-06  -3.6998599E-01   8.0845418E-02  -4.9655439E-02  -4.7189166E-01   8.8847329E-01   1.6277423E+00   5.6138777E-01   5.7723902E-02  -1.4209818E-02   1.4915593E-02   1.2694677E-01   1.7232901E-01  -3.2251058E-04  -1.2865353E-04   2.8738454E-04   2.0132218E-04   2.8987043E-04   1.0633806E-03   4.7746448E-06  -1.1546843E-06
  1.6912193E-05  -1.3209717E-04   4.4906522E-05   5.0087652E-04   4.2069593E-05   6.4695731E-04   1.3024229E-03   4.2775025E-05  -8.6093163E-01  -4.9655439E-02   3.9470412E+00  -3.1199848E+01  -3.3608527E+00   7.6230785E+00   5.3045456E+00  -2.7084079E+00  -1.9937010E-01   1.0414201E-01   2.7584770E+00   3.4945679E+00  -1.1725505E-03   2.6886569E-04  -6.2684088E-04   1.6043995E-03  -4.2671881E-03  -7.6294128E-03   1.0466621E-04  -3.1274448E-05
 -3.6045405E-04   1.9825423E-03  -5.1487145E-04  -9.5157313E-03  -5.2028795E-04  -1.1145317E-02  -2.7923249E-02   2.8832848E-03   3.3147613E+01  -4.7189166E-01  -3.1199848E+01   7.8478042E+02   7.1962320E+01  -5.2978344E+01  -5.5680027E+01   1.3685090E+01  -6.2025575E+00   6.9484220E+00  -1.2882093E+01  -2.5209343E+01   2.0838587E-02   1.5207050E-02   2.4347134E-02   1.2210859E-04   1.6597058E-02  -8.0832522E-02   3.4046753E-03   2.1117010E-04
 -2.2261652E-04   1.4799562E-03  -2.7230423E-04  -5.1349144E-03  -2.1328616E-04  -4.6098782E-03  -9.9551679E-03   7.2209715E-04   2.2745435E+00   8.8847329E-01  -3.3608527E+00   7.1962320E+01   6.0377413E+01   3.8899201E+01   1.4250458E+01  -4.5409524E+00  -7.7998536E-01  -1.3989484E+00   2.8910009E+00   3.2322859E+00   1.5680134E-03   5.1467052E-04   2.1644453E-02   5.1746893E-03   3.3981713E-03   1.7228278E-02   2.3015048E-05   9.6311877E-05
 -7.7808006E-05   5.9785927E-04   2.8015702E-06  -1.2534212E-03   5.7843677E-05   1.8284491E-03   4.5144243E-04   7.1111646E-04  -1.2421702E+01   1.6277423E+00   7.6230785E+00  -5.2978344E+01   3.8899201E+01   8.2499796E+01   5.1109717E+01  -1.1232386E+01  -1.2204649E+00  -7.1212999E-01   5.3183623E+00   8.8613603E+00  -7.4508677E-03  -1.3627808E-03   1.5994898E-02   9.4326512E-03  -4.1967297E-03  -1.9521664E-02   4.1416694E-04  -3.4119524E-04
 -3.1361761E-06  -3.0363340E-04   2.0859813E-04   1.1801383E-03   2.7278920E-04   7.4551297E-03   6.6824436E-03   1.6905066E-03  -5.3530435E+01   5.6138777E-01   5.3045456E+00  -5.5680027E+01   1.4250458E+01   5.1109717E+01   1.0128456E+02  -8.9111339E+00  -8.5884885E-01  -1.4762847E+00   4.9496482E+00   3.2496273E+01   3.8299116E-03  -7.2093343E-03   1.5983761E-02  -4.8459565E-03   1.2255847E-02   4.5986664E-02   5.3911128E-04  -1.2965026E-03
 -2.7837156E-05   2.4791014E-04  -7.9064760E-05  -1.0255708E-03  -8.9881324E-05  -2.1104529E-03  -2.8796655E-03  -6.9527593E-05  -3.2058104E-01   5.7723902E-02  -2.7084079E+00   1.3685090E+01  -4.5409524E+00  -1.1232386E+01  -8.9111339E+00   5.6921549E+00   9.3570488E-02  -1.9299455E-01  -1.9715781E+00  -2.0374301E+00  -6.1388837E-05  -1.3982128E-04  -2.2361002E-03  -2.2608317E-03  -8.7238036E-04  -1.0274011E-02  -5.9176321E-05   2.0484695E-05
  1.7591425E-07  -9.0080683E-06  -1.1780364E-06  -5.1420023E-05  -9.0844405E-07  -8.1953400E-05   2.8737341E-04   1.2333179E-04   2.4720172E-01  -1.4209818E-02  -1.9937010E-01  -6.2025575E+00  -7.7998536E-01  -1.2204649E+00  -8.5884885E-01   9.3570488E-02   3.3500459E+00   5.7998356E-01   2.3411130E-01   2.1161255E-01   3.4719517E-04  -4.8295271E-04   1.0404436E-03   4.3899183E-04   3.1801737E-03  -4.5935821E-03   1.7252608E-04   1.7534197E-05
 -5.8113303E-06  -1.7598047E-05  -2.2243388E-07  -7.9251570E-05   3.5654429E-06  -6.6759265E-04  -2.6717340E-04   5.5901516E-05   6.8617771E-01   1.4915593E-02   1.0414201E-01   6.9484220E+00  -1.3989484E+00  -7.1212999E-01  -1.4762847E+00  -1.9299455E-01   5.7998356E-01   3.2153759E+00   2.7120790E+00   2.7665506E+00   6.2816231E-04  -4.1459119E-04   4.9102096E-03   1.5914540E-03   1.5953148E-03   2.6396425E-04  -1.7621490E-04  -2.2517976E-05
 -1.4898616E-05  -1.1773258E-05   6.0504053E-06  -3.9141088E-04   4.3132452E-06  -1.0378685E-03  -3.1301966E-04   1.3288671E-04  -5.6602504E+00   1.2694677E-01   2.7584770E+00  -1.2882093E+01   2.8910009E+00   5.3183623E+00   4.9496482E+00  -1.9715781E+00   2.3411130E-01   2.7120790E+00   1.0858089E+01   1.9435297E+01   2.1569109E-03  -1.3886052E-04   2.4198196E-03   3.1491537E-03  -2.8976662E-03   1.3131011E-02  -1.6219231E-05   4.4458879E-04
 -1.6959212E-05  -2.7849637E-04   7.8740793E-05  -2.7390345E-04   1.1587233E-04   3.5684432E-04   2.1256927E-03   9.7659325E-04  -3.2972403E+01   1.7232901E-01   3.4945679E+00  -2.5209343E+01   3.2322859E+00   8.8613603E+00   3.2496273E+01  -2.0374301E+00   2.1161255E-01   2.7665506E+00   1.9435297E+01   5.3929878E+01   8.6105020E-03  -3.2020273E-03   4.3158257E-03  -2.7086141E-03  -2.2350276E-03   3.9628746E-02   9.1991658E-05   9.9280538E-04
  7.3830246E-09   4.2775809E-07  -2.5646945E-07   1.8946754E-06  -1.0430723E-07   1.0636683E-05  -2.5816120E-07   2.8213401E-06  -5.4093325E-03  -3.2251058E-04  -1.1725505E-03   2.0838587E-02   1.5680134E-03  -7.4508677E-03   3.8299116E-03  -6.1388837E-05   3.4719517E-04   6.2816231E-04   2.1569109E-03   8.6105020E-03   1.4724732E-03   2.7750271E-04   1.0381923E-04  -3.7634749E-04  -2.0794934E-05  -2.2614175E-05  -1.4251905E-07  -3.7001749E-07
 -3.3710938E-08  -3.9753035E-08  -4.0114173E-07   2.7335200E-06  -2.3288181E-07   4.2728565E-06  -1.0587323E-06  -4.6725109E-07   6.4034006E-03  -1.2865353E-04   2.6886569E-04   1.5207050E-02   5.1467052E-04  -1.3627808E-03  -7.2093343E-03  -1.3982128E-04  -4.8295271E-04  -4.1459119E-04  -1.3886052E-04  -3.2020273E-03   2.7750271E-04   8.9385765E-04   1.0064922E-04   7.7830056E-04   7.1778086E-05  -6.7848658E-04   2.3954822E-07   1.2137324E-07
 -3.9098283E-07   2.5606828E-06  -9.3722214E-07  -1.2783103E-05  -4.4151269E-07  -1.8606010E-05  -1.2612319E-05   1.2200493E-06  -6.0735849E-03   2.8738454E-04  -6.2684088E-04   2.4347134E-02   2.1644453E-02   1.5994898E-02   1.5983761E-02  -2.2361002E-03   1.0404436E-03   4.9102096E-03   2.4198196E-03   4.3158257E-03   1.0381923E-04   1.0064922E-04   7.3552306E-03  -1.3471648E-04   6.9402609E-04   4.6343713E-03  -9.5271328E-07  -9.5648489E-07
 -1.1327844E-07   1.4791441E-06  -7.5689200E-07  -3.9314184E-06  -7.8578261E-07  -7.8592144E-06  -6.6171377E-06  -2.3572601E-06   8.4539300E-03   2.0132218E-04   1.6043995E-03   1.2210859E-04   5.1746893E-03   9.4326512E-03  -4.8459565E-03  -2.2608317E-03   4.3899183E-04   1.5914540E-03   3.1491537E-03  -2.7086141E-03  -3.7634749E-04   7.7830056E-04  -1.3471648E-04   3.0028646E-03   4.7018177E-04  -9.0492395E-04   4.6910933E-07   2.0430440E-07
 -2.0353737E-07   1.3789231E-06  -1.9086670E-07  -5.8130772E-06   4.2707484E-07  -8.0805283E-06   6.2176616E-06   8.8721046E-07  -8.7873633E-03   2.8987043E-04  -4.2671881E-03   1.6597058E-02   3.3981713E-03  -4.1967297E-03   1.2255847E-02  -8.7238036E-04   3.1801737E-03   1.5953148E-03  -2.8976662E-03  -2.2350276E-03  -2.0794934E-05   7.1778086E-05   6.9402609E-04   4.7018177E-04   6.1627533E-03   8.0391688E-03  -6.6202606E-07  -8.8802035E-07
 -1.9416238E-06   3.2328148E-06   1.6507899E-06  -3.1287907E-05   5.9864582E-06  -3.7958505E-05   5.0967497E-05   1.2062073E-05  -4.6486128E-02   1.0633806E-03  -7.6294128E-03  -8.0832522E-02   1.7228278E-02  -1.9521664E-02   4.5986664E-02  -1.0274011E-02  -4.5935821E-03   2.6396425E-04   1.3131011E-02   3.9628746E-02  -2.2614175E-05  -6.7848658E-04   4.6343713E-03  -9.0492395E-04   8.0391688E-03   7.1599202E-02  -4.1930824E-06  -1.5164181E-06
  3.8030260E-09   7.3443416E-09  -6.8503427E-09   8.2870575E-09  -1.0678884E-08   2.2202562E-07  -1.4412512E-07  -1.0376368E-09  -2.7240102E-04   4.7746448E-06   1.0466621E-04   3.4046753E-03   2.3015048E-05   4.1416694E-04   5.3911128E-04  -5.9176321E-05   1.7252608E-04  -1.7621490E-04  -1.6219231E-05   9.1991658E-05  -1.4251905E-07   2.3954822E-07  -9.5271328E-07   4.6910933E-07  -6.6202606E-07  -4.1930824E-06   3.6629354E-07  -3.8531286E-09
 -1.8544718E-09   2.0608216E-08  -5.2028314E-09  -2.0552770E-07  -4.9942311E-09  -3.3003714E-07  -1.5165440E-07   2.0615941E-08   7.0100144E-04  -1.1546843E-06  -3.1274448E-05   2.1117010E-04   9.6311877E-05  -3.4119524E-04  -1.2965026E-03   2.0484695E-05   1.7534197E-05  -2.2517976E-05   4.4458879E-04   9.9280538E-04  -3.7001749E-07   1.2137324E-07  -9.5648489E-07   2.0430440E-07  -8.8802035E-07  -1.5164181E-06  -3.8531286E-09   3.9268146E-07
