# omegabh2 omegach2 theta tau alpha1 logA ns calPlanck acib217 xi asz143 aps100 aps143 aps143217 aps217 aksz kgal100 kgal143 kgal143217 kgal217 galfTE100 galfTE100143 galfTE100217 galfTE143 galfTE143217 galfTE217 cal0 cal2
  2.0559856E-08  -3.3716294E-08  -9.9801497E-10   1.8975881E-07  -2.2140262E-08   4.4145043E-07  -3.7061245E-09   3.2595505E-09  -5.7301939E-05   2.0306270E-06   8.5108838E-06  -3.0435650E-04  -1.9731110E-04  -7.5720162E-05  -1.3858934E-05  -1.2945760E-05  -3.0794812E-06  -6.0821480E-06  -1.8666038E-05  -2.9214783E-05   1.2462645E-08  -6.3096595E-08  -2.3604072E-07  -1.9401741E-07   1.7164076E-08  -1.3500369E-06   3.2183135E-09  -1.9989508E-09
 -3.3716294E-08   1.1120236E-06  -1.4733811E-07  -2.3807440E-06  -1.8795246E-07  -1.8170180E-06  -3.5689982E-06  -1.2514636E-07   1.9207726E-04  -9.6720863E-07  -4.4348253E-05   9.1822027E-04   6.4961066E-04   3.1902843E-04   1.7961076E-05   1.0111120E-04  -2.7613624E-05   1.5129459E-05  -4.9552036E-05  -2.0523304E-04  -3.0261704E-07  -3.6641789E-07  -1.0886320E-06   1.3224649E-06  -1.2027834E-06  -4.6019878E-06  -3.8266846E-09   1.7712577E-09
 -9.9801497E-10  -1.4733811E-07   1.4507363E-07   1.2656630E-07   1.0724974E-07  -2.4381776E-07   1.0370581E-06   2.2064886E-08  -9.2602421E-05  -8.7249514E-07   2.5263776E-05  -2.1709650E-04  -1.2826179E-04   5.8627300E-05   1.8750261E-04  -5.1392807E-05  -1.0610590E-05   1.1827754E-06   1.3893361E-05   7.4191796E-05  -2.9732436E-07  -4.2581612E-07  -1.0763475E-07  -8.7983635E-07  -2.2972615E-08   3.3232083E-06  -1.0386459E-08   2.2322189E-10
  1.8975881E-07  -2.3807440E-06   1.2656630E-07   5.2448123E-05  -1.1185284E-07   9.3813999E-05   7.8395369E-06  -2.1146391E-06  -1.5115790E-03   2.5516778E-05   5.0644003E-04  -9.3191996E-03  -3.6729015E-03  -2.1517573E-04   5.5336003E-04  -8.4117172E-04  -1.4964195E-05  -1.3654514E-04  -4.8997616E-04  -1.0987174E-03  -1.1829065E-06   6.5572184E-07  -4.7253312E-07  -7.2949750E-06  -7.6877346E-08   6.7097239E-06   2.1210290E-08  -1.7449796E-07
 -2.2140262E-08  -1.8795246E-07   1.0724974E-07  -1.1185284E-07   2.1915951E-07  -1.0710758E-06   1.4478014E-06   5.7716637E-08  -1.4393919E-04  -2.7615892E-07   2.9195719E-05  -2.7799564E-04  -4.2885690E-05   1.3766737E-04   2.8300894E-04  -7.5069055E-05  -8.1187072E-06   9.3211169E-06   3.3767910E-05   1.6655680E-04   1.1353571E-08  -4.8098368E-07   7.9463362E-07  -9.6880350E-07   7.7793979E-07   7.5701631E-06  -1.0148431E-08  -2.1013139E-09
  4.4145043E-07  -1.8170180E-06  -2.4381776E-07   9.3813999E-05  -1.0710758E-06   2.0057285E-04   2.5431977E-06   7.0709480E-06  -2.7444713E-03   9.1597282E-05   8.6040736E-04  -1.2787757E-02  -3.5802001E-03   3.4852140E-03   6.8899459E-03  -2.0691163E-03  -1.3724190E-04  -6.7071218E-04  -1.2978026E-03  -1.1837322E-03   5.1730651E-06   1.8531069E-06  -7.8512343E-06  -1.3717770E-05  -2.5556093E-06   2.5690675E-05   2.2741808E-07  -3.5360672E-07
 -3.7061245E-09  -3.5689982E-06   1.0370581E-06   7.8395369E-06   1.4478014E-06   2.5431977E-06   2.4803764E-05   3.9623624E-07  -4.8596137E-03   1.0166476E-04   9.6300125E-04  -2.4078503E-02  -6.7436798E-03   1.9465205E-03   5.8135495E-03  -2.3770445E-03   2.0069412E-04  -4.2911560E-04  -2.7713170E-04   1.8413095E-03   6.8252472E-07  -9.6077104E-08   5.3382761E-06  -4.2495114E-06   2.0646208E-05   8.8823346E-05  -1.2889309E-07  -7.4360276E-08
  3.2595505E-09  -1.2514636E-07   2.2064886E-08  -2.1146391E-06   5.7716637E-08   7.0709480E-06   3.9623624E-07   5.8846825E-06   6.1229273E-04  -1.3487254E-07   4.5594411E-05   3.4401533E-03   1.0817623E-03   1.0554017E-03   1.6670006E-03  -1.1659903E-04   8.1174043E-05   6.4014536E-05   1.9472045E-04   1.0328144E-03   3.9429954E-06   3.1208935E-07  -1.7675277E-06  -1.9937147E-06   1.4011889E-06   1.4066510E-05   7.6462021E-09   1.5216588E-08
 -5.7301939E-05   1.9207726E-04  -9.2602421E-05  -1.5115790E-03  -1.4393919E-04  -2.7444713E-03  -4.8596137E-03   6.1229273E-04   4.4160315E+01  -3.7089415E-01  -7.6023487E-01   3.2419209E+01   2.0174457E+00  -1.2029845E+01  -5.3811985E+01  -2.8911983E-01   9.9281366E-02   6.9239472E-01  -5.7010088E+00  -3.3319846E+01  -6.6214840E-03   3.2974782E-03  -1.7039962E-02   9.2246840E-03  -1.3116518E-02  -6.7297513E-02  -2.6032158E-04   7.2249590E-04
  2.0306270E-06  -9.6720863E-07  -8.7249514E-07   2.5516778E-05  -2.7615892E-07   9.1597282E-05   1.0166476E-04  -1.3487254E-07  -3.7089415E-01   8.1508797E-02  -4.3074791E-02  -5.7928514E-01   8.6148212E-01   1.6365652E+00   5.5062486E-01   4.8489831E-02  -1.0610365E-02   2.1830843E-02   1.3489917E-01   1.7036747E-01  -3.1074832E-04  -2.0877341E-04   5.8025799E-04  -2.0629286E-05   9.0515362E-04   4.1031819E-03   5.7738310E-06  -4.2670136E-06
  8.5108838E-06  -4.4348253E-05   2.5263776E-05   5.0644003E-04   2.9195719E-05   8.6040736E-04   9.6300125E-04   4.5594411E-05  -7.6023487E-01  -4.3074791E-02   4.0012096E+00  -3.1311632E+01  -3.0151959E+00   7.9647101E+00   5.3259065E+00  -2.7123361E+00  -2.4380020E-01   6.6314957E-02   2.7966684E+00   3.5334147E+00  -2.1375601E-03   2.8341655E-05   2.9063071E-03   1.8068110E-03  -3.2267779E-03  -1.0682560E-04   1.0606487E-04  -2.4495738E-05
 -3.0435650E-04   9.1822027E-04  -2.1709650E-04  -9.3191996E-03  -2.7799564E-04  -1.2787757E-02  -2.4078503E-02   3.4401533E-03   3.2419209E+01  -5.7928514E-01  -3.1311632E+01   7.7522433E+02   7.0558955E+01  -5.4258476E+01  -5.3090920E+01   1.3053320E+01  -4.2018245E+00   7.3252042E+00  -1.2204101E+01  -2.4036673E+01   2.7581108E-02   1.1414330E-02  -1.7785259E-02  -1.1756052E-02  -1.6174001E-02  -3.2119409E-01   3.3673031E-03   3.8628083E-04
 -1.9731110E-04   6.4961066E-04  -1.2826179E-04  -3.6729015E-03  -4.2885690E-05  -3.5802001E-03  -6.7436798E-03   1.0817623E-03   2.0174457E+00   8.6148212E-01  -3.0151959E+00   7.0558955E+01   5.8925844E+01   3.8638121E+01   1.4025236E+01  -4.8507806E+00  -5.7280969E-01  -1.2554954E+00   3.0901329E+00   3.7280146E+00   3.4226787E-03   7.4360112E-04   1.6591168E-02   1.7043036E-03   3.1054084E-03   1.7372491E-02   7.4166889E-05   5.1243042E-05
 -7.5720162E-05   3.1902843E-04   5.8627300E-05  -2.1517573E-04   1.3766737E-04   3.4852140E-03   1.9465205E-03   1.0554017E-03  -1.2029845E+01   1.6365652E+00   7.9647101E+00  -5.4258476E+01   3.8638121E+01   8.3032881E+01   5.0502819E+01  -1.1481512E+01  -1.2004638E+00  -6.8712226E-01   5.6383792E+00   9.0554800E+00  -8.7452423E-03  -2.3146219E-03   2.7910001E-02   4.7136376E-03   6.5746936E-03   3.5425260E-02   4.7498564E-04  -3.8956835E-04
 -1.3858934E-05   1.7961076E-05   1.8750261E-04   5.5336003E-04   2.8300894E-04   6.8899459E-03   5.8135495E-03   1.6670006E-03  -5.3811985E+01   5.5062486E-01   5.3259065E+00  -5.3090920E+01   1.4025236E+01   5.0502819E+01   1.0128722E+02  -8.9462927E+00  -6.7900545E-01  -1.4248752E+00   5.1319426E+00   3.3038955E+01   5.6307854E-03  -4.3289132E-03   3.0903260E-02  -8.3149181E-03   1.5724086E-02   6.6556589E-02   6.0258525E-04  -1.3629108E-03
 -1.2945760E-05   1.0111120E-04  -5.1392807E-05  -8.4117172E-04  -7.5069055E-05  -2.0691163E-03  -2.3770445E-03  -1.1659903E-04  -2.8911983E-01   4.8489831E-02  -2.7123361E+00   1.3053320E+01  -4.8507806E+00  -1.1481512E+01  -8.9462927E+00   5.5471759E+00   1.3189739E-01  -1.5413824E-01  -1.9818526E+00  -2.1073904E+00  -1.8278740E-04   1.3952752E-04  -7.4633212E-03  -3.2605303E-03  -1.6483175E-03  -1.1171145E-02  -6.7648418E-05   2.7382650E-05
 -3.0794812E-06  -2.7613624E-05  -1.0610590E-05  -1.4964195E-05  -8.1187072E-06  -1.3724190E-04   2.0069412E-04   8.1174043E-05   9.9281366E-02  -1.0610365E-02  -2.4380020E-01  -4.2018245E+00  -5.7280969E-01  -1.2004638E+00  -6.7900545E-01   1.3189739E-01   3.3736293E+00   6.2576573E-01   3.3116079E-01   4.4955406E-01   1.1588566E-03  -3.7987123E-04   3.2970281E-03   9.4655846E-04   1.3293125E-03  -3.8500924E-03   1.9504401E-04   2.0029496E-05
 -6.0821480E-06   1.5129459E-05   1.1827754E-06  -1.3654514E-04   9.3211169E-06  -6.7071218E-04  -4.2911560E-04   6.4014536E-05   6.9239472E-01   2.1830843E-02   6.6314957E-02   7.3252042E+00  -1.2554954E+00  -6.8712226E-01  -1.4248752E+00  -1.5413824E-01   6.2576573E-01   3.2476090E+00   2.7688419E+00   2.7961822E+00   1.2108313E-04  -1.1613617E-03   6.2435620E-03   3.3044986E-03   4.4649075E-04  -6.0578720E-03  -1.9460678E-04  -7.4604513E-06
 -1.8666038E-05  -4.9552036E-05   1.3893361E-05  -4.8997616E-04   3.3767910E-05  -1.2978026E-03  -2.7713170E-04   1.9472045E-04  -5.7010088E+00   1.3489917E-01   2.7966684E+00  -1.2204101E+01   3.0901329E+00   5.6383792E+00   5.1319426E+00  -1.9818526E+00   3.3116079E-01   2.7688419E+00   1.0894689E+01   1.9491232E+01   1.6821383E-03   4.5359795E-05   7.1609448E-03   5.3343377E-03  -2.6614556E-03   1.5572209E-02  -3.3620037E-05   4.3801010E-04
 -2.9214783E-05  -2.0523304E-04   7.4191796E-05  -1.0987174E-03   1.6655680E-04  -1.1837322E-03   1.8413095E-03   1.0328144E-03  -3.3319846E+01   1.7036747E-01   3.5334147E+00  -2.4036673E+01   3.7280146E+00   9.0554800E+00   3.3038955E+01  -2.1073904E+00   4.4955406E-01   2.7961822E+00   1.9491232E+01   5.4185674E+01   9.6529137E-03  -6.0626887E-06   1.3852967E-02   9.0905515E-04  -1.7249026E-03   3.7720666E-02   5.9162896E-05   9.6294161E-04
  1.2462645E-08  -3.0261704E-07  -2.9732436E-07  -1.1829065E-06   1.1353571E-08   5.1730651E-06   6.8252472E-07   3.9429954E-06  -6.6214840E-03  -3.1074832E-04  -2.1375601E-03   2.7581108E-02   3.4226787E-03  -8.7452423E-03   5.6307854E-03  -1.8278740E-04   1.1588566E-03   1.2108313E-04   1.6821383E-03   9.6529137E-03   1.4793752E-03   2.7350219E-04   1.2799814E-04  -3.7471282E-04  -9.3726096E-06  -1.6405888E-05  -3.2601551E-07  -8.4191811E-07
 -6.3096595E-08  -3.6641789E-07  -4.2581612E-07   6.5572184E-07  -4.8098368E-07   1.8531069E-06  -9.6077104E-08   3.1208935E-07   3.2974782E-03  -2.0877341E-04   2.8341655E-05   1.1414330E-02   7.4360112E-04  -2.3146219E-03  -4.3289132E-03   1.3952752E-04  -3.7987123E-04  -1.1613617E-03   4.5359795E-05  -6.0626887E-06   2.7350219E-04   8.7987228E-04   8.5699068E-05   7.2907043E-04   6.6870733E-05  -5.5401334E-04   4.1265491E-07  -6.2931115E-08
 -2.3604072E-07  -1.0886320E-06  -1.0763475E-07  -4.7253312E-07   7.9463362E-07  -7.8512343E-06   5.3382761E-06  -1.7675277E-06  -1.7039962E-02   5.8025799E-04   2.9063071E-03  -1.7785259E-02   1.6591168E-02   2.7910001E-02   3.0903260E-02  -7.4633212E-03   3.2970281E-03   6.2435620E-03   7.1609448E-03   1.3852967E-02   1.2799814E-04   8.5699068E-05   7.2325512E-03  -1.7303415E-04   6.9667819E-04   4.8312408E-03  -3.2247531E-07  -1.3138368E-06
 -1.9401741E-07   1.3224649E-06  -8.7983635E-07  -7.2949750E-06  -9.6880350E-07  -1.3717770E-05  -4.2495114E-06  -1.9937147E-06   9.2246840E-03  -2.0629286E-05   1.8068110E-03  -1.1756052E-02   1.7043036E-03   4.7136376E-03  -8.3149181E-03  -3.2605303E-03   9.4655846E-04   3.3044986E-03   5.3343377E-03   9.0905515E-04  -3.7471282E-04   7.2907043E-04  -1.7303415E-04   2.9250514E-03   4.7887445E-04  -7.2906451E-04   7.6543669E-07   4.1279193E-07
  1.7164076E-08  -1.2027834E-06  -2.2972615E-08  -7.6877346E-08   7.7793979E-07  -2.5556093E-06   2.0646208E-05   1.4011889E-06  -1.3116518E-02   9.0515362E-04  -3.2267779E-03  -1.6174001E-02   3.1054084E-03   6.5746936E-03   1.5724086E-02  -1.6483175E-03   1.3293125E-03   4.4649075E-04  -2.6614556E-03  -1.7249026E-03  -9.3726096E-06   6.6870733E-05   6.9667819E-04   4.7887445E-04   6.1189263E-03   8.1988899E-03  -4.7339923E-08   1.0504807E-07
 -1.3500369E-06  -4.6019878E-06   3.3232083E-06   6.7097239E-06   7.5701631E-06   2.5690675E-05   8.8823346E-05   1.4066510E-05  -6.7297513E-02   4.1031819E-03  -1.0682560E-04  -3.2119409E-01   1.7372491E-02   3.5425260E-02   6.6556589E-02  -1.1171145E-02  -3.8500924E-03  -6.0578720E-03   1.5572209E-02   3.7720666E-02  -1.6405888E-05  -5.5401334E-04   4.8312408E-03  -7.2906451E-04   8.1988899E-03   7.2998654E-02  -3.3692115E-06  -2.0200391E-07
  3.2183135E-09  -3.8266846E-09  -1.0386459E-08   2.1210290E-08  -1.0148431E-08   2.2741808E-07  -1.2889309E-07   7.6462021E-09  -2.6032158E-04   5.7738310E-06   1.0606487E-04   3.3673031E-03   7.4166889E-05   4.7498564E-04   6.0258525E-04  -6.7648418E-05   1.9504401E-04  -1.9460678E-04  -3.3620037E-05   5.9162896E-05  -3.2601551E-07   4.1265491E-07  -3.2247531E-07   7.6543669E-07  -4.7339923E-08  -3.3692115E-06   3.6894759E-07  -9.8450071E-10
 -1.9989508E-09   1.7712577E-09   2.2322189E-10  -1.7449796E-07  -2.1013139E-09  -3.5360672E-07  -7.4360276E-08   1.5216588E-08   7.2249590E-04  -4.2670136E-06  -2.4495738E-05   3.8628083E-04   5.1243042E-05  -3.8956835E-04  -1.3629108E-03   2.7382650E-05   2.0029496E-05  -7.4604513E-06   4.3801010E-04   9.6294161E-04  -8.4191811E-07  -6.2931115E-08  -1.3138368E-06   4.1279193E-07   1.0504807E-07  -2.0200391E-07  -9.8450071E-10   3.8428335E-07
