# omegabh2 omegach2 theta tau logA ns nrun calPlanck acib217 xi asz143 aps100 aps143 aps143217 aps217 aksz kgal100 kgal143 kgal143217 kgal217 galfEE100 galfEE100143 galfEE100217 galfEE143 galfEE143217 galfEE217 galfTE100 galfTE100143 galfTE100217 galfTE143 galfTE143217 galfTE217 cal0 cal2
    0.2731381E-07   -0.1402622E-06    0.2105590E-07    0.1252310E-05    0.2332797E-05    0.3441965E-06   -0.3875372E-06    0.4908689E-08   -0.4801219E-04    0.1443496E-05    0.2125334E-04   -0.2721895E-03   -0.1368332E-03   -0.1680498E-04   -0.1800636E-05   -0.3013535E-04   -0.1212179E-05   -0.4044370E-05    0.7865122E-05    0.1136579E-04    0.7914498E-07    0.1002292E-06   -0.5711832E-07    0.9596817E-07    0.4465610E-08    0.1290804E-06   -0.5394485E-07   -0.5727470E-07   -0.6837863E-07   -0.2917499E-06   -0.6146390E-06   -0.3558659E-05    0.5691735E-08   -0.1154697E-08
   -0.1402622E-06    0.2169752E-05   -0.1941085E-06   -0.1085770E-04   -0.1638372E-04   -0.5539804E-05   -0.1068473E-06   -0.2529465E-07    0.4621236E-03   -0.9999996E-05   -0.1833115E-03    0.3040494E-02    0.1759753E-02    0.5504174E-03    0.2164493E-03    0.1893907E-03   -0.2726651E-04   -0.2646942E-04   -0.2780033E-06   -0.1831374E-04   -0.6235763E-06   -0.6694927E-06    0.2385460E-06   -0.8773210E-06    0.1220766E-07   -0.2893030E-05    0.2482995E-06   -0.6764801E-06   -0.1392732E-05    0.1912275E-05    0.3245674E-05    0.2267931E-04   -0.3748327E-08    0.3964753E-07
    0.2105590E-07   -0.1941085E-06    0.1041844E-06    0.1182762E-05    0.2001079E-05    0.6269746E-06   -0.6358206E-07    0.1267948E-07   -0.3134024E-04   -0.6460971E-06    0.1709024E-04   -0.1667357E-03   -0.1286019E-03   -0.5952650E-04   -0.3131098E-04   -0.1648049E-04   -0.7624664E-05   -0.7284168E-05    0.5280471E-05    0.3049997E-04    0.7660530E-07    0.6907526E-07   -0.1075463E-06    0.8180617E-07   -0.3457122E-07   -0.3092063E-06    0.1001915E-06    0.6018299E-08    0.3448164E-06   -0.3726095E-06   -0.4243696E-06   -0.3996355E-05   -0.1158440E-08    0.4951006E-08
    0.1252310E-05   -0.1085770E-04    0.1182762E-05    0.3127947E-03    0.6023978E-03    0.3377578E-04   -0.3547390E-04   -0.1945343E-05   -0.5857379E-02    0.1493896E-03    0.1513252E-02   -0.2983669E-01   -0.8909754E-02    0.2704147E-02    0.5191988E-02   -0.3372848E-02    0.7570399E-04   -0.3143016E-03   -0.1547108E-02   -0.1963624E-02    0.7620897E-05    0.7673860E-05   -0.9160681E-05    0.5568578E-05   -0.6316103E-05    0.2140177E-04   -0.9547342E-05   -0.1515002E-06   -0.1318184E-04   -0.2513312E-04   -0.4352142E-04   -0.1987583E-03    0.3306032E-07   -0.7228235E-06
    0.2332797E-05   -0.1638372E-04    0.2001079E-05    0.6023978E-03    0.1202845E-02    0.5091129E-04   -0.8260056E-04    0.8698258E-05   -0.8870784E-02    0.2909614E-03    0.2183229E-02   -0.3830957E-01   -0.8517283E-02    0.9848068E-02    0.1569390E-01   -0.6563718E-02   -0.1203001E-03   -0.1195010E-02   -0.3380436E-02   -0.2788211E-02    0.1607564E-04    0.1528815E-04   -0.2043251E-04    0.1143556E-04   -0.1581426E-04    0.1899345E-04   -0.1796425E-04    0.2755926E-06   -0.2862524E-04   -0.4352617E-04   -0.8129345E-04   -0.2994790E-03    0.3804535E-06   -0.1329392E-05
    0.3441965E-06   -0.5539804E-05    0.6269746E-06    0.3377578E-04    0.5091129E-04    0.2475786E-04    0.7274130E-05    0.2044032E-06   -0.6502964E-02    0.1568350E-03    0.1737708E-02   -0.3469183E-01   -0.1049554E-01    0.2693697E-02    0.6444691E-02   -0.3190969E-02    0.2125692E-03   -0.1045290E-03   -0.7034195E-03    0.3783832E-03    0.2405966E-05    0.2683165E-05   -0.3096456E-06    0.3185475E-05    0.6285006E-06    0.7708635E-05   -0.9408748E-06    0.2030351E-05    0.7857494E-05   -0.5052860E-05   -0.3835807E-05   -0.4903157E-04   -0.1799312E-06   -0.6293267E-06
   -0.3875372E-06   -0.1068473E-06   -0.6358206E-07   -0.3547390E-04   -0.8260056E-04    0.7274130E-05    0.5032564E-04    0.3478124E-07   -0.8356343E-02    0.1464188E-03    0.1928871E-02   -0.3312192E-01   -0.1377491E-01    0.3538044E-03    0.6641702E-02   -0.3015559E-02   -0.2482534E-03   -0.1966844E-03   -0.5302070E-03    0.1723615E-02   -0.4440191E-05   -0.4697225E-05    0.3072878E-05   -0.4765082E-05    0.4178965E-05    0.4049518E-05    0.3340561E-06   -0.1125976E-05    0.8937641E-05    0.1425698E-05    0.1465109E-04    0.4453814E-04   -0.1297981E-06   -0.7744673E-06
    0.4908689E-08   -0.2529465E-07    0.1267948E-07   -0.1945343E-05    0.8698258E-05    0.2044032E-06    0.3478124E-07    0.6301466E-05    0.7449882E-03    0.1389500E-05   -0.2781524E-04    0.4750765E-02    0.7052938E-03    0.4033792E-03    0.1388649E-02   -0.5063636E-04   -0.7449740E-06   -0.8966063E-05   -0.1501008E-04    0.7487464E-03    0.8663471E-06    0.4945574E-06   -0.2049279E-06    0.1082690E-05    0.7524244E-07   -0.4216890E-05    0.7252451E-06    0.1503573E-05    0.1391230E-05    0.1207186E-05    0.1034578E-05    0.2852441E-04    0.2812282E-07   -0.4224757E-07
   -0.4801219E-04    0.4621236E-03   -0.3134024E-04   -0.5857379E-02   -0.8870784E-02   -0.6502964E-02   -0.8356343E-02    0.7449882E-03    0.4514802E+02   -0.5178514E+00   -0.1981564E+01    0.4822644E+02    0.1400755E+01   -0.2246355E+02   -0.6301327E+02    0.8745726E+00   -0.2061327E-01    0.2146930E+00   -0.2060575E+01   -0.1949347E+02   -0.5305236E-04    0.1233359E-03    0.1948645E-03    0.5752699E-03   -0.4095454E-02    0.4896529E-02    0.2294100E-02    0.3402488E-02    0.1452825E-02    0.1023411E-03   -0.1561950E-01   -0.6731834E-02   -0.2796042E-03    0.4464680E-02
    0.1443496E-05   -0.9999996E-05   -0.6460971E-06    0.1493896E-03    0.2909614E-03    0.1568350E-03    0.1464188E-03    0.1389500E-05   -0.5178514E+00    0.8226541E-01   -0.6516875E-01   -0.6068699E+00    0.9520489E+00    0.1861383E+01    0.7454310E+00    0.7320077E-01   -0.7454293E-02    0.1337224E-01    0.1198646E+00    0.1380219E+00    0.1245268E-05   -0.1032896E-04   -0.9352327E-04   -0.4235033E-05    0.2167889E-04   -0.7506450E-03    0.3130688E-04   -0.1222749E-03    0.2238535E-03    0.1013084E-03   -0.2882494E-03    0.9490496E-04    0.7561491E-05   -0.1587550E-04
    0.2125334E-04   -0.1833115E-03    0.1709024E-04    0.1513252E-02    0.2183229E-02    0.1737708E-02    0.1928871E-02   -0.2781524E-04   -0.1981564E+01   -0.6516875E-01    0.3703443E+01   -0.2980559E+02   -0.4318704E+01    0.7677126E+01    0.6908019E+01   -0.2721652E+01   -0.1853890E+00    0.2760802E-01    0.2191530E+01    0.2017920E+01    0.7301508E-04    0.5028426E-04   -0.3310176E-03    0.5518790E-05    0.5313309E-05    0.9653385E-03    0.2466685E-03    0.2096667E-04   -0.1954442E-03   -0.1638304E-02    0.6508528E-03   -0.4562350E-02    0.1703260E-03   -0.3932279E-03
   -0.2721895E-03    0.3040494E-02   -0.1667357E-03   -0.2983669E-01   -0.3830957E-01   -0.3469183E-01   -0.3312192E-01    0.4750765E-02    0.4822644E+02   -0.6068699E+00   -0.2980559E+02    0.7776908E+03    0.7498833E+02   -0.6339776E+02   -0.7687492E+02    0.1554088E+02   -0.2728663E+01    0.4132392E+01   -0.9652541E+01   -0.1653191E+02   -0.1004624E-02    0.4795561E-03    0.1102392E-01    0.3217378E-03    0.4926737E-02    0.6298239E-02   -0.6016191E-02    0.5172456E-02   -0.6575168E-03    0.2723645E-01   -0.3543100E-01    0.1038759E+00    0.6108449E-02    0.4619582E-02
   -0.1368332E-03    0.1759753E-02   -0.1286019E-03   -0.8909754E-02   -0.8517283E-02   -0.1049554E-01   -0.1377491E-01    0.7052938E-03    0.1400755E+01    0.9520489E+00   -0.4318704E+01    0.7498833E+02    0.6364906E+02    0.4336357E+02    0.1705911E+02   -0.3650082E+01   -0.1739076E+00   -0.8233762E+00    0.4296395E+01    0.4555270E+01    0.9350962E-04   -0.2117025E-03   -0.2180156E-02    0.4880284E-03   -0.3499883E-03    0.1271920E-03    0.2969493E-02   -0.3176333E-02    0.3130682E-03   -0.2445252E-02   -0.8606131E-02    0.2896053E-01    0.5064748E-04    0.3786300E-03
   -0.1680498E-04    0.5504174E-03   -0.5952650E-04    0.2704147E-02    0.9848068E-02    0.2693697E-02    0.3538044E-03    0.4033792E-03   -0.2246355E+02    0.1861383E+01    0.7677126E+01   -0.6339776E+02    0.4336357E+02    0.9818080E+02    0.6780753E+02   -0.1174289E+02   -0.6979056E+00   -0.2805543E+00    0.4674727E+01    0.5836218E+01    0.3702639E-03   -0.1377912E-03   -0.3880109E-02    0.1072499E-03   -0.4024003E-03   -0.1443734E-01    0.2429887E-02   -0.4985132E-02    0.5114462E-02   -0.6838900E-02   -0.1020563E-02    0.6537626E-02    0.7096981E-03   -0.2639156E-02
   -0.1800636E-05    0.2164493E-03   -0.3131098E-04    0.5191988E-02    0.1569390E-01    0.6444691E-02    0.6641702E-02    0.1388649E-02   -0.6301327E+02    0.7454310E+00    0.6908019E+01   -0.7687492E+02    0.1705911E+02    0.6780753E+02    0.1242528E+03   -0.1069597E+02   -0.3254883E+00   -0.5566339E+00   -0.9400598E+00    0.1571563E+02    0.6914490E-03    0.7183066E-04   -0.7288782E-03    0.4359532E-04    0.3872378E-02   -0.7001693E-02   -0.9950583E-03   -0.6759110E-02   -0.1928385E-02   -0.8600770E-02    0.2459495E-01    0.2073882E-01    0.7178861E-03   -0.7877883E-02
   -0.3013535E-04    0.1893907E-03   -0.1648049E-04   -0.3372848E-02   -0.6563718E-02   -0.3190969E-02   -0.3015559E-02   -0.5063636E-04    0.8745726E+00    0.7320077E-01   -0.2721652E+01    0.1554088E+02   -0.3650082E+01   -0.1174289E+02   -0.1069597E+02    0.6176001E+01    0.1608883E+00   -0.9372846E-01   -0.1733862E+01   -0.1452080E+01   -0.1989629E-03   -0.1606222E-03    0.1043740E-02   -0.8521821E-04    0.9158133E-03    0.1260054E-02   -0.1055097E-03    0.1553542E-03   -0.1327844E-02    0.3694752E-02   -0.8479741E-03    0.4235230E-02   -0.7728861E-04    0.2520039E-03
   -0.1212179E-05   -0.2726651E-04   -0.7624664E-05    0.7570399E-04   -0.1203001E-03    0.2125692E-03   -0.2482534E-03   -0.7449740E-06   -0.2061327E-01   -0.7454293E-02   -0.1853890E+00   -0.2728663E+01   -0.1739076E+00   -0.6979056E+00   -0.3254883E+00    0.1608883E+00    0.3452428E+01    0.4321907E+00    0.9510586E-01    0.1812193E+00    0.1801568E-03    0.7471276E-04   -0.8500410E-04    0.1355531E-03   -0.1131622E-02   -0.2533398E-03    0.7415511E-03    0.7086729E-03   -0.1310580E-02   -0.6664573E-04   -0.1603908E-04    0.2984254E-02    0.2969034E-03   -0.2437646E-04
   -0.4044370E-05   -0.2646942E-04   -0.7284168E-05   -0.3143016E-03   -0.1195010E-02   -0.1045290E-03   -0.1966844E-03   -0.8966063E-05    0.2146930E+00    0.1337224E-01    0.2760802E-01    0.4132392E+01   -0.8233762E+00   -0.2805543E+00   -0.5566339E+00   -0.9372846E-01    0.4321907E+00    0.3361901E+01    0.2649778E+01    0.1801002E+01    0.1964971E-03    0.2177119E-03    0.1862420E-03    0.1588634E-03    0.3586238E-03    0.9705882E-03   -0.5276736E-03   -0.2678958E-03    0.1361876E-02    0.5742931E-04   -0.8132156E-03    0.1059519E-02   -0.2726452E-03   -0.1517578E-03
    0.7865122E-05   -0.2780033E-06    0.5280471E-05   -0.1547108E-02   -0.3380436E-02   -0.7034195E-03   -0.5302070E-03   -0.1501008E-04   -0.2060575E+01    0.1198646E+00    0.2191530E+01   -0.9652541E+01    0.4296395E+01    0.4674727E+01   -0.9400598E+00   -0.1733862E+01    0.9510586E-01    0.2649778E+01    0.1775883E+02    0.2655581E+02    0.1872958E-03    0.1438785E-03   -0.8325890E-03    0.1866096E-03    0.3789756E-03   -0.4602845E-02    0.3449333E-04    0.1334198E-02   -0.2503360E-02    0.6922017E-03   -0.1475542E-02    0.1122587E-01   -0.6936849E-04    0.2616647E-02
    0.1136579E-04   -0.1831374E-04    0.3049997E-04   -0.1963624E-02   -0.2788211E-02    0.3783832E-03    0.1723615E-02    0.7487464E-03   -0.1949347E+02    0.1380219E+00    0.2017920E+01   -0.1653191E+02    0.4555270E+01    0.5836218E+01    0.1571563E+02   -0.1452080E+01    0.1812193E+00    0.1801002E+01    0.2655581E+02    0.5629720E+02    0.2610872E-03    0.1479074E-03   -0.1398821E-02   -0.4531206E-04    0.2137835E-02   -0.1264664E-01   -0.1968671E-03    0.2848060E-02   -0.9892607E-03    0.2951060E-02    0.3924760E-02    0.2744547E-01   -0.5357241E-04    0.4555257E-02
    0.7914498E-07   -0.6235763E-06    0.7660530E-07    0.7620897E-05    0.1607564E-04    0.2405966E-05   -0.4440191E-05    0.8663471E-06   -0.5305236E-04    0.1245268E-05    0.7301508E-04   -0.1004624E-02    0.9350962E-04    0.3702639E-03    0.6914490E-03   -0.1989629E-03    0.1801568E-03    0.1964971E-03    0.1872958E-03    0.2610872E-03    0.3178471E-04    0.8793023E-05    0.1182484E-05    0.4038373E-05    0.1606653E-05    0.2746582E-05   -0.3793768E-06    0.1893700E-05    0.9987975E-06   -0.2386258E-05   -0.3821584E-05   -0.2568547E-05    0.6495722E-07   -0.8092870E-07
    0.1002292E-06   -0.6694927E-06    0.6907526E-07    0.7673860E-05    0.1528815E-04    0.2683165E-05   -0.4697225E-05    0.4945574E-06    0.1233359E-03   -0.1032896E-04    0.5028426E-04    0.4795561E-03   -0.2117025E-03   -0.1377912E-03    0.7183066E-04   -0.1606222E-03    0.7471276E-04    0.2177119E-03    0.1438785E-03    0.1479074E-03    0.8793023E-05    0.2560331E-04   -0.6373870E-06    0.1332145E-04    0.2554976E-05    0.7864734E-05   -0.4457802E-05    0.2181567E-05   -0.7383784E-05   -0.1161215E-05   -0.1309813E-05   -0.1961008E-04    0.4268617E-08    0.1276681E-07
   -0.5711832E-07    0.2385460E-06   -0.1075463E-06   -0.9160681E-05   -0.2043251E-04   -0.3096456E-06    0.3072878E-05   -0.2049279E-06    0.1948645E-03   -0.9352327E-04   -0.3310176E-03    0.1102392E-01   -0.2180156E-02   -0.3880109E-02   -0.7288782E-03    0.1043740E-02   -0.8500410E-04    0.1862420E-03   -0.8325890E-03   -0.1398821E-02    0.1182484E-05   -0.6373870E-06    0.1077623E-02   -0.1165338E-05    0.3926270E-05    0.1232151E-04    0.8152252E-05    0.2570379E-05    0.3984933E-04   -0.3823166E-05    0.3503074E-04    0.8642902E-05   -0.6010175E-07   -0.2394394E-06
    0.9596817E-07   -0.8773210E-06    0.8180617E-07    0.5568578E-05    0.1143556E-04    0.3185475E-05   -0.4765082E-05    0.1082690E-05    0.5752699E-03   -0.4235033E-05    0.5518790E-05    0.3217378E-03    0.4880284E-03    0.1072499E-03    0.4359532E-04   -0.8521821E-04    0.1355531E-03    0.1588634E-03    0.1866096E-03   -0.4531206E-04    0.4038373E-05    0.1332145E-04   -0.1165338E-05    0.4863760E-04   -0.8088161E-06    0.5292093E-05   -0.1312091E-05    0.1633761E-05   -0.7561448E-07   -0.5347953E-05   -0.8835799E-05   -0.1573723E-05   -0.3577833E-07    0.1855128E-07
    0.4465610E-08    0.1220766E-07   -0.3457122E-07   -0.6316103E-05   -0.1581426E-04    0.6285006E-06    0.4178965E-05    0.7524244E-07   -0.4095454E-02    0.2167889E-04    0.5313309E-05    0.4926737E-02   -0.3499883E-03   -0.4024003E-03    0.3872378E-02    0.9158133E-03   -0.1131622E-02    0.3586238E-03    0.3789756E-03    0.2137835E-02    0.1606653E-05    0.2554976E-05    0.3926270E-05   -0.8088161E-06    0.2186214E-02    0.1502192E-03    0.3068663E-04    0.8968541E-05   -0.4087964E-04   -0.2834450E-04   -0.1465486E-04   -0.2054275E-03   -0.6922304E-06   -0.3945145E-06
    0.1290804E-06   -0.2893030E-05   -0.3092063E-06    0.2140177E-04    0.1899345E-04    0.7708635E-05    0.4049518E-05   -0.4216890E-05    0.4896529E-02   -0.7506450E-03    0.9653385E-03    0.6298239E-02    0.1271920E-03   -0.1443734E-01   -0.7001693E-02    0.1260054E-02   -0.2533398E-03    0.9705882E-03   -0.4602845E-02   -0.1264664E-01    0.2746582E-05    0.7864734E-05    0.1232151E-04    0.5292093E-05    0.1502192E-03    0.1676351E-01   -0.9671898E-04    0.2126689E-04   -0.7184615E-04    0.4560775E-04   -0.2348364E-04    0.4224216E-04   -0.1597320E-05   -0.2357434E-05
   -0.5394485E-07    0.2482995E-06    0.1001915E-06   -0.9547342E-05   -0.1796425E-04   -0.9408748E-06    0.3340561E-06    0.7252451E-06    0.2294100E-02    0.3130688E-04    0.2466685E-03   -0.6016191E-02    0.2969493E-02    0.2429887E-02   -0.9950583E-03   -0.1055097E-03    0.7415511E-03   -0.5276736E-03    0.3449333E-04   -0.1968671E-03   -0.3793768E-06   -0.4457802E-05    0.8152252E-05   -0.1312091E-05    0.3068663E-04   -0.9671898E-04    0.1428902E-02    0.3007108E-03    0.1281985E-03   -0.3634250E-03    0.7405418E-05   -0.6689733E-04    0.1555319E-06   -0.1876798E-06
   -0.5727470E-07   -0.6764801E-06    0.6018299E-08   -0.1515002E-06    0.2755926E-06    0.2030351E-05   -0.1125976E-05    0.1503573E-05    0.3402488E-02   -0.1222749E-03    0.2096667E-04    0.5172456E-02   -0.3176333E-02   -0.4985132E-02   -0.6759110E-02    0.1553542E-03    0.7086729E-03   -0.2678958E-03    0.1334198E-02    0.2848060E-02    0.1893700E-05    0.2181567E-05    0.2570379E-05    0.1633761E-05    0.8968541E-05    0.2126689E-04    0.3007108E-03    0.8466590E-03    0.6649630E-04    0.7351034E-03    0.6723303E-04   -0.7034558E-03    0.2616099E-06    0.8600714E-06
   -0.6837863E-07   -0.1392732E-05    0.3448164E-06   -0.1318184E-04   -0.2862524E-04    0.7857494E-05    0.8937641E-05    0.1391230E-05    0.1452825E-02    0.2238535E-03   -0.1954442E-03   -0.6575168E-03    0.3130682E-03    0.5114462E-02   -0.1928385E-02   -0.1327844E-02   -0.1310580E-02    0.1361876E-02   -0.2503360E-02   -0.9892607E-03    0.9987975E-06   -0.7383784E-05    0.3984933E-04   -0.7561448E-07   -0.4087964E-04   -0.7184615E-04    0.1281985E-03    0.6649630E-04    0.6987962E-02   -0.2729541E-03    0.6398901E-03    0.4333716E-02   -0.1701255E-07    0.1615358E-05
   -0.2917499E-06    0.1912275E-05   -0.3726095E-06   -0.2513312E-04   -0.4352617E-04   -0.5052860E-05    0.1425698E-05    0.1207186E-05    0.1023411E-03    0.1013084E-03   -0.1638304E-02    0.2723645E-01   -0.2445252E-02   -0.6838900E-02   -0.8600770E-02    0.3694752E-02   -0.6664573E-04    0.5742931E-04    0.6922017E-03    0.2951060E-02   -0.2386258E-05   -0.1161215E-05   -0.3823166E-05   -0.5347953E-05   -0.2834450E-04    0.4560775E-04   -0.3634250E-03    0.7351034E-03   -0.2729541E-03    0.2904762E-02    0.5005665E-03   -0.9745175E-03    0.1147706E-05    0.8130998E-06
   -0.6146390E-06    0.3245674E-05   -0.4243696E-06   -0.4352142E-04   -0.8129345E-04   -0.3835807E-05    0.1465109E-04    0.1034578E-05   -0.1561950E-01   -0.2882494E-03    0.6508528E-03   -0.3543100E-01   -0.8606131E-02   -0.1020563E-02    0.2459495E-01   -0.8479741E-03   -0.1603908E-04   -0.8132156E-03   -0.1475542E-02    0.3924760E-02   -0.3821584E-05   -0.1309813E-05    0.3503074E-04   -0.8835799E-05   -0.1465486E-04   -0.2348364E-04    0.7405418E-05    0.6723303E-04    0.6398901E-03    0.5005665E-03    0.6414629E-02    0.7355261E-02   -0.4009000E-06   -0.2004678E-05
   -0.3558659E-05    0.2267931E-04   -0.3996355E-05   -0.1987583E-03   -0.2994790E-03   -0.4903157E-04    0.4453814E-04    0.2852441E-04   -0.6731834E-02    0.9490496E-04   -0.4562350E-02    0.1038759E+00    0.2896053E-01    0.6537626E-02    0.2073882E-01    0.4235230E-02    0.2984254E-02    0.1059519E-02    0.1122587E-01    0.2744547E-01   -0.2568547E-05   -0.1961008E-04    0.8642902E-05   -0.1573723E-05   -0.2054275E-03    0.4224216E-04   -0.6689733E-04   -0.7034558E-03    0.4333716E-02   -0.9745175E-03    0.7355261E-02    0.6339758E-01   -0.7182040E-08   -0.1248206E-06
    0.5691735E-08   -0.3748327E-08   -0.1158440E-08    0.3306032E-07    0.3804535E-06   -0.1799312E-06   -0.1297981E-06    0.2812282E-07   -0.2796042E-03    0.7561491E-05    0.1703260E-03    0.6108449E-02    0.5064748E-04    0.7096981E-03    0.7178861E-03   -0.7728861E-04    0.2969034E-03   -0.2726452E-03   -0.6936849E-04   -0.5357241E-04    0.6495722E-07    0.4268617E-08   -0.6010175E-07   -0.3577833E-07   -0.6922304E-06   -0.1597320E-05    0.1555319E-06    0.2616099E-06   -0.1701255E-07    0.1147706E-05   -0.4009000E-06   -0.7182040E-08    0.5989942E-06   -0.3463820E-07
   -0.1154697E-08    0.3964753E-07    0.4951006E-08   -0.7228235E-06   -0.1329392E-05   -0.6293267E-06   -0.7744673E-06   -0.4224757E-07    0.4464680E-02   -0.1587550E-04   -0.3932279E-03    0.4619582E-02    0.3786300E-03   -0.2639156E-02   -0.7877883E-02    0.2520039E-03   -0.2437646E-04   -0.1517578E-03    0.2616647E-02    0.4555257E-02   -0.8092870E-07    0.1276681E-07   -0.2394394E-06    0.1855128E-07   -0.3945145E-06   -0.2357434E-05   -0.1876798E-06    0.8600714E-06    0.1615358E-05    0.8130998E-06   -0.2004678E-05   -0.1248206E-06   -0.3463820E-07    0.2077153E-05
