# omegabh2 omegach2 theta tau logA ns nrun calPlanck acib217 xi asz143 aps100 aps143 aps143217 aps217 aksz kgal100 kgal143 kgal143217 kgal217 cal0 cal2
  4.5744897E-08  -4.2885580E-08   2.4154962E-08   4.2547609E-07   1.0153944E-06   1.4325188E-07  -6.5894131E-07   7.1584788E-09  -4.2232791E-05   5.3338692E-07   2.1541679E-05  -3.0759919E-04  -3.0600481E-04  -1.6648167E-04  -1.1479097E-04  -3.6138732E-06   2.0693429E-05  -1.6947428E-06  -3.6732323E-06  -1.0322868E-07   1.9028734E-09  -2.8554846E-09
 -4.2885580E-08   1.2045621E-06  -3.6549592E-08  -2.7242185E-06  -3.0533103E-06  -2.7649808E-06  -5.9401054E-07  -3.0330189E-07   3.5892472E-04  -9.3857742E-07  -5.4313904E-05   9.7922520E-04   7.5856265E-04   3.0792747E-04  -1.3135861E-04   7.8637588E-05   3.3867385E-05   3.5909991E-05   4.1263679E-05  -1.4999742E-04  -2.4353365E-09   1.9923886E-08
  2.4154962E-08  -3.6549592E-08   1.7670588E-07   4.0075349E-07   9.5429470E-07   3.3544314E-07  -1.6714136E-07   3.5316796E-09  -2.0165819E-05  -6.1921792E-07   1.1952701E-05  -6.4040300E-04  -1.3044584E-04  -8.1093301E-05  -4.6453192E-05   1.9918452E-05   3.3516696E-05  -6.2170893E-06   6.4676044E-07   6.9228411E-06   1.5498785E-10   2.8182943E-09
  4.2547609E-07  -2.7242185E-06   4.0075349E-07   5.6581282E-05   1.0571368E-04   8.8020187E-06  -1.0395921E-05  -1.1016657E-06  -6.8984261E-04  -5.6377211E-05   3.3031546E-04  -8.7195711E-03  -3.8602722E-03  -3.5144027E-03  -2.3880656E-03   3.0156209E-05   7.2922115E-06  -1.2753296E-04   1.3862521E-04   3.0909056E-04  -2.0596376E-07  -6.0587763E-08
  1.0153944E-06  -3.0533103E-06   9.5429470E-07   1.0571368E-04   2.3286119E-04   8.7036974E-06  -3.4406852E-05   9.6177209E-06   5.2242258E-04  -1.1238815E-04   1.6291239E-05  -3.5076374E-03  -1.1510400E-03  -3.6240680E-03   1.0276951E-04   3.1847800E-04  -3.8786961E-04  -7.9237496E-04  -2.1238140E-04   1.1496853E-03  -1.9274254E-07  -8.7542906E-08
  1.4325188E-07  -2.7649808E-06   3.3544314E-07   8.8020187E-06   8.7036974E-06   1.8242805E-05   9.1236060E-06   6.7881004E-07  -6.9223094E-03   1.1836487E-04   1.3213835E-03  -3.1647722E-02  -9.9072809E-03   1.0779181E-03   6.5548420E-03  -2.9640048E-03   3.3550439E-04  -5.1403126E-04  -4.8640975E-04   2.4343078E-03  -1.2140995E-07  -1.1538564E-07
 -6.5894131E-07  -5.9401054E-07  -1.6714136E-07  -1.0395921E-05  -3.4406852E-05   9.1236060E-06   5.4097555E-05   2.4768715E-07  -8.2753983E-03   1.8615633E-04   1.8421874E-03  -3.4831037E-02  -1.3476775E-02   9.7241029E-04   7.1848991E-03  -3.5450692E-03  -5.2570340E-04  -6.0277486E-04  -6.8765938E-04   2.3174222E-03  -9.4931742E-08  -1.4099012E-07
  7.1584788E-09  -3.0330189E-07   3.5316796E-09  -1.1016657E-06   9.6177209E-06   6.7881004E-07   2.4768715E-07   6.2310103E-06   2.8937320E-04   5.6307319E-08  -1.0021093E-04   4.1490389E-03   7.5633160E-04   4.0037761E-04   1.8655083E-03   7.2286789E-05  -1.4075727E-04  -9.6885082E-05  -1.5206306E-04   7.5377804E-04   1.4465475E-08  -1.4662262E-08
 -4.2232791E-05   3.5892472E-04  -2.0165819E-05  -6.8984261E-04   5.2242258E-04  -6.9223094E-03  -8.2753983E-03   2.8937320E-04   4.6232322E+01  -3.9212620E-01  -1.0666830E+00   3.9302351E+01   5.0443435E+00  -1.1916825E+01  -5.5750504E+01   1.8151233E-01   2.3804375E-01   8.7489564E-01  -5.5582385E+00  -3.3814481E+01  -1.8911322E-04   7.0502658E-04
  5.3338692E-07  -9.3857742E-07  -6.1921792E-07  -5.6377211E-05  -1.1238815E-04   1.1836487E-04   1.8615633E-04   5.6307319E-08  -3.9212620E-01   8.1045228E-02  -2.9414389E-02  -6.1958933E-01   8.1836014E-01   1.6166300E+00   5.9870864E-01   2.6940528E-02  -1.7626423E-02   1.9151078E-02   1.1386640E-01   1.5210556E-01   5.8045913E-06   3.5955403E-09
  2.1541679E-05  -5.4313904E-05   1.1952701E-05   3.3031546E-04   1.6291239E-05   1.3213835E-03   1.8421874E-03  -1.0021093E-04  -1.0666830E+00  -2.9414389E-02   4.2164028E+00  -3.4262028E+01  -3.5879259E+00   8.7148027E+00   6.0449231E+00  -3.2023751E+00  -1.6876625E-01   1.5473459E-01   2.8392133E+00   3.5856156E+00   1.1538784E-04  -3.4435326E-05
 -3.0759919E-04   9.7922520E-04  -6.4040300E-04  -8.7195711E-03  -3.5076374E-03  -3.1647722E-02  -3.4831037E-02   4.1490389E-03   3.9302351E+01  -6.1958933E-01  -3.4262028E+01   8.1153785E+02   7.7373796E+01  -6.0146645E+01  -6.4627548E+01   1.8978292E+01  -6.2906619E+00   6.0647155E+00  -1.4364779E+01  -2.9172127E+01   3.7641651E-03   1.4599409E-04
 -3.0600481E-04   7.5856265E-04  -1.3044584E-04  -3.8602722E-03  -1.1510400E-03  -9.9072809E-03  -1.3476775E-02   7.5633160E-04   5.0443435E+00   8.1836014E-01  -3.5879259E+00   7.7373796E+01   6.6908617E+01   4.0598789E+01   1.3758927E+01  -4.3395906E+00  -4.8441524E-01  -1.3599702E+00   3.5724726E+00   2.9586378E+00   3.2238932E-04   1.6469501E-04
 -1.6648167E-04   3.0792747E-04  -8.1093301E-05  -3.5144027E-03  -3.6240680E-03   1.0779181E-03   9.7241029E-04   4.0037761E-04  -1.1916825E+01   1.6166300E+00   8.7148027E+00  -6.0146645E+01   4.0598789E+01   8.6976599E+01   5.3891497E+01  -1.3308627E+01  -1.1101441E+00  -5.5717019E-01   5.5619915E+00   8.4700823E+00   6.1731102E-04  -3.0993956E-04
 -1.1479097E-04  -1.3135861E-04  -4.6453192E-05  -2.3880656E-03   1.0276951E-04   6.5548420E-03   7.1848991E-03   1.8655083E-03  -5.5750504E+01   5.9870864E-01   6.0449231E+00  -6.4627548E+01   1.3758927E+01   5.3891497E+01   1.0524119E+02  -1.0319515E+01  -9.6126361E-01  -1.5359350E+00   5.7596723E+00   3.4239852E+01   6.1908510E-04  -1.2710163E-03
 -3.6138732E-06   7.8637588E-05   1.9918452E-05   3.0156209E-05   3.1847800E-04  -2.9640048E-03  -3.5450692E-03   7.2286789E-05   1.8151233E-01   2.6940528E-02  -3.2023751E+00   1.8978292E+01  -4.3395906E+00  -1.3308627E+01  -1.0319515E+01   6.7312255E+00   1.1560940E-01  -1.5719754E-01  -2.1787316E+00  -2.4244185E+00  -1.3721992E-04   7.1103827E-06
  2.0693429E-05   3.3867385E-05   3.3516696E-05   7.2922115E-06  -3.8786961E-04   3.3550439E-04  -5.2570340E-04  -1.4075727E-04   2.3804375E-01  -1.7626423E-02  -1.6876625E-01  -6.2906619E+00  -4.8441524E-01  -1.1101441E+00  -9.6126361E-01   1.1560940E-01   3.3059908E+00   6.1640074E-01   2.8981225E-01   2.4290598E-01   1.4721804E-04   3.2383114E-06
 -1.6947428E-06   3.5909991E-05  -6.2170893E-06  -1.2753296E-04  -7.9237496E-04  -5.1403126E-04  -6.0277486E-04  -9.6885082E-05   8.7489564E-01   1.9151078E-02   1.5473459E-01   6.0647155E+00  -1.3599702E+00  -5.5717019E-01  -1.5359350E+00  -1.5719754E-01   6.1640074E-01   3.1887684E+00   2.6832516E+00   2.3138165E+00  -1.8106283E-04  -3.8260213E-05
 -3.6732323E-06   4.1263679E-05   6.4676044E-07   1.3862521E-04  -2.1238140E-04  -4.8640975E-04  -6.8765938E-04  -1.5206306E-04  -5.5582385E+00   1.1386640E-01   2.8392133E+00  -1.4364779E+01   3.5724726E+00   5.5619915E+00   5.7596723E+00  -2.1787316E+00   2.8981225E-01   2.6832516E+00   1.1008458E+01   1.9196590E+01   1.4817332E-05   4.4047463E-04
 -1.0322868E-07  -1.4999742E-04   6.9228411E-06   3.0909056E-04   1.1496853E-03   2.4343078E-03   2.3174222E-03   7.5377804E-04  -3.3814481E+01   1.5210556E-01   3.5856156E+00  -2.9172127E+01   2.9586378E+00   8.4700823E+00   3.4239852E+01  -2.4244185E+00   2.4290598E-01   2.3138165E+00   1.9196590E+01   5.3303531E+01   1.0170298E-04   9.6235589E-04
  1.9028734E-09  -2.4353365E-09   1.5498785E-10  -2.0596376E-07  -1.9274254E-07  -1.2140995E-07  -9.4931742E-08   1.4465475E-08  -1.8911322E-04   5.8045913E-06   1.1538784E-04   3.7641651E-03   3.2238932E-04   6.1731102E-04   6.1908510E-04  -1.3721992E-04   1.4721804E-04  -1.8106283E-04   1.4817332E-05   1.0170298E-04   3.7159332E-07   5.3227959E-10
 -2.8554846E-09   1.9923886E-08   2.8182943E-09  -6.0587763E-08  -8.7542906E-08  -1.1538564E-07  -1.4099012E-07  -1.4662262E-08   7.0502658E-04   3.5955403E-09  -3.4435326E-05   1.4599409E-04   1.6469501E-04  -3.0993956E-04  -1.2710163E-03   7.1103827E-06   3.2383114E-06  -3.8260213E-05   4.4047463E-04   9.6235589E-04   5.3227959E-10   3.9229235E-07
