# omegabh2 omegach2 theta tau nnu logA ns calPlanck aps100 aps143 aps217 acib217 asz143 psr cibr xi aksz dust100 dust143 dust217 dust143x217 cal0 cal2 calTE calEE
  2.6920305E-08   1.9218977E-07  -1.4638964E-08   1.8422714E-07   1.4271491E-05   9.1206594E-07   5.6512689E-07   1.4958213E-08  -1.9260481E-05  -6.5677043E-06  -4.1747196E-05   1.6523696E-05   3.1670905E-06  -2.7139213E-08   5.4844059E-07   8.8293287E-07  -5.2617895E-07   7.3886793E-07   3.4714110E-07   1.6468830E-07   4.2374571E-07   2.7610054E-10   5.2719112E-09  -3.4647541E-08  -9.0679634E-08
  1.9218977E-07   9.6137191E-06  -9.4468626E-07  -1.6948702E-06   5.1420242E-04   1.8913891E-05   1.1637695E-05  -3.9958216E-07   1.4380408E-02   8.1343587E-03  -3.2401176E-03   4.3772448E-03  -3.9366395E-04  -3.1391657E-05   1.0136695E-04  -3.5509741E-05   9.1814504E-04  -2.2118791E-06   9.8455800E-06  -1.8780181E-05  -7.8778705E-06   2.4969751E-08   3.9879224E-07   2.5446186E-06   5.5826403E-06
 -1.4638964E-08  -9.4468626E-07   1.7865129E-07   1.1741193E-07  -5.3464453E-05  -1.9206606E-06  -1.2071772E-06   1.9205915E-08  -1.3685367E-03  -8.6072732E-04   3.2594656E-04  -4.4963583E-04   3.2197989E-05   2.4508835E-06  -1.0474337E-05   2.0732556E-06  -9.1381066E-05   9.2066378E-07  -1.1987638E-07   2.0270800E-06   7.8544482E-07  -1.0445093E-08  -4.2766021E-08  -3.3847200E-07  -6.2825282E-07
  1.8422714E-07  -1.6948702E-06   1.1741193E-07   6.2357404E-05  -1.5344156E-05   1.2057386E-04   6.0164076E-06  -6.5640423E-08  -1.1861090E-02  -4.3875578E-03   4.9358253E-03  -3.8128313E-03   2.5020389E-04   3.3499375E-05  -1.0102535E-04   1.2523759E-05  -1.1968355E-03   1.1367803E-05  -3.2258555E-05   1.7620877E-05   1.4263622E-05  -1.2082741E-07  -3.0165676E-07  -4.3255146E-06  -2.5868327E-06
  1.4271491E-05   5.1420242E-04  -5.3464453E-05  -1.5344156E-05   3.0697315E-02   1.1690422E-03   8.2382113E-04  -1.8893432E-05   7.9763002E-01   4.5289610E-01  -2.0807530E-01   2.5586634E-01  -2.2283597E-02  -1.8188806E-03   5.7635343E-03  -1.8645598E-03   5.6464907E-02   2.2486906E-04   9.2354945E-04  -1.0342837E-03  -1.4586677E-04   1.2048625E-06   2.3256030E-05   1.5794448E-04   3.6328232E-04
  9.1206594E-07   1.8913891E-05  -1.9206606E-06   1.2057386E-04   1.1690422E-03   3.1493036E-04   3.7763377E-05   1.1849440E-05   1.5023635E-02   1.2146003E-02   1.3442460E-02  -3.4618678E-04  -4.7321039E-04   3.2599118E-05  -7.1187676E-05   1.0876808E-05  -1.2292667E-03  -1.4210845E-05  -1.5135192E-04   2.5769456E-05   2.4893748E-05   6.0607003E-07   4.0480600E-08  -3.4785990E-06   1.0098142E-05
  5.6512689E-07   1.1637695E-05  -1.2071772E-06   6.0164076E-06   8.2382113E-04   3.7763377E-05   3.6928434E-05  -1.5986403E-07  -1.7804608E-03   5.1219843E-03   2.0612630E-03   1.1906975E-03  -1.5906192E-04   3.5200757E-06   4.3901069E-05   2.2147327E-05  -9.6398301E-05   4.1733062E-05   1.5714491E-05   3.9175292E-06   5.9636384E-06  -3.7656074E-07   2.8180828E-07   3.8244997E-06   6.7190310E-06
  1.4958213E-08  -3.9958216E-07   1.9205915E-08  -6.5640423E-08  -1.8893432E-05   1.1849440E-05  -1.5986403E-07   6.3355059E-06   2.1602769E-03   3.0951732E-04   3.0427814E-03  -4.5120647E-04  -3.4137929E-05   6.5097250E-06  -2.5694971E-05   1.9162467E-05  -8.5781309E-05  -6.7038407E-06  -8.1052669E-06   1.1132302E-05   8.0990671E-06   4.3582198E-08  -1.6571502E-07  -6.7267184E-07  -4.1977262E-07
 -1.9260481E-05   1.4380408E-02  -1.3685367E-03  -1.1861090E-02   7.9763002E-01   1.5023635E-02  -1.7804608E-03   2.1602769E-03   6.2824836E+02   7.1145178E+01  -5.1309325E+01   3.0540042E+01  -2.5360374E+01  -8.2768157E-01  -5.7604176E-02  -3.4733432E-01   1.1878854E+01  -1.9853392E-01   2.4536884E-01  -1.9569298E-01  -1.9690069E-01   6.9094043E-03   3.6471625E-03   5.1857216E-03   1.6785170E-02
 -6.5677043E-06   8.1343587E-03  -8.6072732E-04  -4.3875578E-03   4.5289610E-01   1.2146003E-02   5.1219843E-03   3.0951732E-04   7.1145178E+01   7.3412589E+01   8.7830209E+00   7.9347942E+00  -1.0349266E+00  -1.4304767E-02   4.5536410E-01   8.6856103E-01  -7.2731092E+00  -1.4716872E-02  -1.9574601E-01   5.6224394E-02   8.6467427E-02   8.6361859E-04   7.8120184E-04   4.2768052E-03   9.5116426E-03
 -4.1747196E-05  -3.2401176E-03   3.2594656E-04   4.9358253E-03  -2.0807530E-01   1.3442460E-02   2.0612630E-03   3.0427814E-03  -5.1309325E+01   8.7830209E+00   1.7862247E+02  -8.6130057E+01   1.7959401E+00   3.6116999E-01  -1.1342253E+00   4.9123484E-01  -6.6134535E+00  -6.5155425E-03  -2.8239792E-01   5.6488228E-01   4.8455636E-02   1.7434877E-03  -8.1086869E-03   1.0555137E-03  -5.9695529E-04
  1.6523696E-05   4.3772448E-03  -4.4963583E-04  -3.8128313E-03   2.5586634E-01  -3.4618678E-04   1.1906975E-03  -4.5120647E-04   3.0540042E+01   7.9347942E+00  -8.6130057E+01   5.4324649E+01   1.8683351E+00  -6.8185241E-02   7.8115958E-01  -3.3834063E-01  -2.5129461E+00   6.7831583E-03   1.8761504E-01  -4.5448426E-01  -1.4236669E-01  -6.9994628E-04   3.4177897E-03   8.7915888E-04   3.8657213E-03
  3.1670905E-06  -3.9366395E-04   3.2197989E-05   2.5020389E-04  -2.2283597E-02  -4.7321039E-04  -1.5906192E-04  -3.4137929E-05  -2.5360374E+01  -1.0349266E+00   1.7959401E+00   1.8683351E+00   4.1893934E+00   9.5503124E-02   1.4338219E-01  -3.9401673E-02  -3.3770152E+00  -4.2902698E-03   4.5986526E-03   5.8015662E-03   5.0614335E-02   3.5808907E-04  -2.1687657E-04  -2.7544675E-04  -5.1834067E-04
 -2.7139213E-08  -3.1391657E-05   2.4508835E-06   3.3499375E-05  -1.8188806E-03   3.2599118E-05   3.5200757E-06   6.5097250E-06  -8.2768157E-01  -1.4304767E-02   3.6116999E-01  -6.8185241E-02   9.5503124E-02   1.5402223E-02  -1.6318581E-02   1.2261296E-02  -1.0215274E-01  -3.2396042E-06  -1.5936125E-03  -2.3491144E-03   5.2639434E-03   1.7387804E-05  -3.5550392E-05   8.1500409E-06  -4.3831707E-06
  5.4844059E-07   1.0136695E-04  -1.0474337E-05  -1.0102535E-04   5.7635343E-03  -7.1187676E-05   4.3901069E-05  -2.5694971E-05  -5.7604176E-02   4.5536410E-01  -1.1342253E+00   7.8115958E-01   1.4338219E-01  -1.6318581E-02   6.6133232E-02   1.5932917E-03  -1.3007127E-01   4.6598381E-04   8.8124767E-03  -6.9369790E-04  -1.8046931E-02  -1.4911852E-05   9.2781297E-05   1.4442927E-05   5.5649995E-05
  8.8293287E-07  -3.5509741E-05   2.0732556E-06   1.2523759E-05  -1.8645598E-03   1.0876808E-05   2.2147327E-05   1.9162467E-05  -3.4733432E-01   8.6856103E-01   4.9123484E-01  -3.3834063E-01  -3.9401673E-02   1.2261296E-02   1.5932917E-03   8.3116079E-02   3.8256905E-02  -2.4239239E-04   2.1690158E-04   1.8146958E-03   2.5359316E-03   1.9152346E-05  -9.7235710E-06   2.6964041E-05  -3.3869404E-06
 -5.2617895E-07   9.1814504E-04  -9.1381066E-05  -1.1968355E-03   5.6464907E-02  -1.2292667E-03  -9.6398301E-05  -8.5781309E-05   1.1878854E+01  -7.2731092E+00  -6.6134535E+00  -2.5129461E+00  -3.3770152E+00  -1.0215274E-01  -1.3007127E-01   3.8256905E-02   7.2014697E+00  -4.6739465E-03  -1.6058578E-02  -3.5045460E-03  -5.2747453E-02  -2.5607396E-04   1.2636567E-04   2.8952973E-04   5.1417834E-04
  7.3886793E-07  -2.2118791E-06   9.2066378E-07   1.1367803E-05   2.2486906E-04  -1.4210845E-05   4.1733062E-05  -6.7038407E-06  -1.9853392E-01  -1.4716872E-02  -6.5155425E-03   6.7831583E-03  -4.2902698E-03  -3.2396042E-06   4.6598381E-04  -2.4239239E-04  -4.6739465E-03   3.9065598E-02   2.7034163E-03  -8.6616111E-05   1.3868820E-04   3.6389719E-05  -4.1075051E-06   1.7325223E-05  -1.1408903E-05
  3.4714110E-07   9.8455800E-06  -1.1987638E-07  -3.2258555E-05   9.2354945E-04  -1.5135192E-04   1.5714491E-05  -8.1052669E-06   2.4536884E-01  -1.9574601E-01  -2.8239792E-01   1.8761504E-01   4.5986526E-03  -1.5936125E-03   8.8124767E-03   2.1690158E-04  -1.6058578E-02   2.7034163E-03   3.0194941E-02  -7.2007859E-04   4.5163333E-03  -7.9177449E-05  -3.9431239E-05  -5.6983076E-05  -5.4572126E-05
  1.6468830E-07  -1.8780181E-05   2.0270800E-06   1.7620877E-05  -1.0342837E-03   2.5769456E-05   3.9175292E-06   1.1132302E-05  -1.9569298E-01   5.6224394E-02   5.6488228E-01  -4.5448426E-01   5.8015662E-03  -2.3491144E-03  -6.9369790E-04   1.8146958E-03  -3.5045460E-03  -8.6616111E-05  -7.2007859E-04   1.0494243E-02   8.5770638E-03   5.4080940E-06   5.9891421E-05  -1.5731300E-05  -2.4743511E-05
  4.2374571E-07  -7.8778705E-06   7.8544482E-07   1.4263622E-05  -1.4586677E-04   2.4893748E-05   5.9636384E-06   8.0990671E-06  -1.9690069E-01   8.6467427E-02   4.8455636E-02  -1.4236669E-01   5.0614335E-02   5.2639434E-03  -1.8046931E-02   2.5359316E-03  -5.2747453E-02   1.3868820E-04   4.5163333E-03   8.5770638E-03   2.6566334E-02   1.4271832E-07   5.6979938E-05  -3.9568824E-05  -6.0512267E-06
  2.7610054E-10   2.4969751E-08  -1.0445093E-08  -1.2082741E-07   1.2048625E-06   6.0607003E-07  -3.7656074E-07   4.3582198E-08   6.9094043E-03   8.6361859E-04   1.7434877E-03  -6.9994628E-04   3.5808907E-04   1.7387804E-05  -1.4911852E-05   1.9152346E-05  -2.5607396E-04   3.6389719E-05  -7.9177449E-05   5.4080940E-06   1.4271832E-07   1.1031149E-06   5.9547145E-08   3.5639664E-07   6.5589410E-07
  5.2719112E-09   3.9879224E-07  -4.2766021E-08  -3.0165676E-07   2.3256030E-05   4.0480600E-08   2.8180828E-07  -1.6571502E-07   3.6471625E-03   7.8120184E-04  -8.1086869E-03   3.4177897E-03  -2.1687657E-04  -3.5550392E-05   9.2781297E-05  -9.7235710E-06   1.2636567E-04  -4.1075051E-06  -3.9431239E-05   5.9891421E-05   5.6979938E-05   5.9547145E-08   2.4821069E-06   2.2615176E-07   4.7696826E-07
 -3.4647541E-08   2.5446186E-06  -3.3847200E-07  -4.3255146E-06   1.5794448E-04  -3.4785990E-06   3.8244997E-06  -6.7267184E-07   5.1857216E-03   4.2768052E-03   1.0555137E-03   8.7915888E-04  -2.7544675E-04   8.1500409E-06   1.4442927E-05   2.6964041E-05   2.8952973E-04   1.7325223E-05  -5.6983076E-05  -1.5731300E-05  -3.9568824E-05   3.5639664E-07   2.2615176E-07   2.4839303E-05   1.0173673E-05
 -9.0679634E-08   5.5826403E-06  -6.2825282E-07  -2.5868327E-06   3.6328232E-04   1.0098142E-05   6.7190310E-06  -4.1977262E-07   1.6785170E-02   9.5116426E-03  -5.9695529E-04   3.8657213E-03  -5.1834067E-04  -4.3831707E-06   5.5649995E-05  -3.3869404E-06   5.1417834E-04  -1.1408903E-05  -5.4572126E-05  -2.4743511E-05  -6.0512267E-06   6.5589410E-07   4.7696826E-07   1.0173673E-05   2.8879350E-05
