# omegabh2 omegach2 theta tau logA ns calPlanck
  4.0776062E-07  -2.6928548E-07  -6.6608094E-08   4.6965765E-07   6.8530511E-06   4.8507117E-07   1.5046944E-10
 -2.6928548E-07   2.0512320E-06   2.4158990E-07  -7.3467991E-07   1.7939169E-06  -3.6064457E-06  -2.4472025E-09
 -6.6608094E-08   2.4158990E-07   6.2192977E-07  -6.1485815E-08  -7.9219380E-07   4.1874664E-07   9.0985455E-10
  4.6965765E-07  -7.3467991E-07  -6.1485815E-08   3.4246516E-05   7.3523036E-05   3.9805765E-06  -1.9029203E-07
  6.8530511E-06   1.7939169E-06  -7.9219380E-07   7.3523036E-05   3.1333939E-04   1.4468875E-05   1.1304181E-05
  4.8507117E-07  -3.6064457E-06   4.1874664E-07   3.9805765E-06   1.4468875E-05   8.6792008E-05   1.7335410E-08
  1.5046944E-10  -2.4472025E-09   9.0985455E-10  -1.9029203E-07   1.1304181E-05   1.7335410E-08   5.9597813E-06
