# omegabh2 omegach2 theta tau mnu nnu logA ns calPlanck aps100 aps143 aps217 acib217 asz143 psr cibr xi aksz dust100 dust143 dust217 dust143x217 cal0 cal2 calTE calEE
  3.0218389E-08   1.8592144E-07  -1.8204942E-08   2.5794897E-07   9.6811347E-07   1.5506601E-05   1.1115961E-06   6.9900197E-07   1.0831747E-08  -1.4405080E-05  -3.5643768E-05  -3.0530946E-05   1.2117207E-05   9.0938223E-06   3.7306367E-07  -1.8731423E-07   5.3657073E-07  -2.0551344E-06   5.9320029E-07   3.4750336E-07   2.1978124E-07   9.3377588E-07   5.1345904E-09   6.5293119E-09   3.8417738E-09  -6.0280019E-08
  1.8592144E-07   7.3046287E-06  -8.3780327E-07  -1.1482967E-06   1.6245041E-05   4.2034925E-04   1.6122951E-05   1.1627930E-05  -3.7519814E-07   1.1090852E-02   6.9828714E-03  -2.5350044E-03   3.4254982E-03  -2.9692898E-04  -2.0580473E-05   6.2822607E-05  -1.7744751E-05   8.6191596E-04   6.9131925E-06   1.8973366E-05  -1.0561111E-05   1.8907494E-05  -3.2067673E-08   3.0671844E-07   2.6511238E-06   5.1497158E-06
 -1.8204942E-08  -8.3780327E-07   1.8099474E-07   1.6714759E-07  -2.4359979E-06  -5.1298590E-05  -1.7545999E-06  -1.4209802E-06   1.5266536E-08  -1.4692804E-03  -8.1997907E-04   3.6266645E-04  -4.2745962E-04   4.7222846E-05   2.9316518E-06  -7.7585536E-06   2.3907497E-06  -1.2403392E-04  -1.4007780E-06  -2.5184737E-06   1.7159797E-06  -1.7302421E-06   1.9927283E-09  -3.2214139E-08  -3.6164718E-07  -6.4734387E-07
  2.5794897E-07  -1.1482967E-06   1.6714759E-07   4.3180224E-05   4.4136710E-05   5.1698284E-05   8.2022518E-05   9.3799148E-06  -7.2480757E-07  -1.2704570E-02  -4.6835498E-03   2.4787301E-03  -2.0927472E-03   5.1724705E-04   2.8143770E-05  -2.4686381E-05   3.6010449E-05  -7.3296983E-04  -2.4781981E-05  -1.9434259E-06  -4.8198466E-06  -2.2064301E-05  -9.5808415E-08  -3.2933441E-07  -3.0049058E-06  -2.0011905E-06
  9.6811347E-07   1.6245041E-05  -2.4359979E-06   4.4136710E-05   1.6422027E-03   1.2523460E-03   1.4576976E-04   4.7222082E-05   4.5594121E-06   3.9476748E-02   1.7111340E-02   3.1020920E-03   4.8676753E-03  -2.6847822E-03  -2.8118934E-05   5.3873276E-05   8.1730360E-05   7.8899556E-04   1.5890317E-04   9.9012865E-06  -1.3976410E-05   1.2193289E-05   1.3808963E-06   7.4153378E-07   1.7633722E-05   2.0451898E-05
  1.5506601E-05   4.2034925E-04  -5.1298590E-05   5.1698284E-05   1.2523460E-03   2.7478514E-02   1.2081224E-03   8.9563128E-04  -7.8957062E-06   6.8302875E-01   4.2141208E-01  -1.6752121E-01   2.1742807E-01  -1.5977200E-02  -1.2182422E-03   4.0751301E-03  -8.7492558E-04   5.1125183E-02   4.6344861E-04   9.9988231E-04  -6.4412852E-04   1.1798924E-03   6.5385606E-07   2.0631550E-05   1.7924544E-04   3.6301229E-04
  1.1115961E-06   1.6122951E-05  -1.7545999E-06   8.2022518E-05   1.4576976E-04   1.2081224E-03   2.3034378E-04   4.9791657E-05   9.9282413E-06   5.6060487E-03   1.0574284E-02   6.0151856E-03   3.2193895E-03   4.1605387E-04   4.9529942E-05   4.8940720E-05   1.0155941E-04  -1.4043898E-04  -2.6880530E-05  -3.2230699E-05  -4.4666229E-06   1.3531276E-05   3.9406382E-07   8.2329565E-08   7.1630153E-07   1.1711234E-05
  6.9900197E-07   1.1627930E-05  -1.4209802E-06   9.3799148E-06   4.7222082E-05   8.9563128E-04   4.9791657E-05   4.3862778E-05   4.2310922E-07   3.3642310E-04   6.7720873E-03   2.1970491E-03   1.7933463E-03   2.2596763E-05   2.8206696E-05   2.3781915E-05   4.9075159E-05  -3.0356377E-04   2.6358803E-05   2.4031861E-06   4.4261098E-06   3.0746758E-05  -2.3130398E-07   4.4328535E-07   5.4134164E-06   8.9485892E-06
  1.0831747E-08  -3.7519814E-07   1.5266536E-08  -7.2480757E-07   4.5594121E-06  -7.8957062E-06   9.9282413E-06   4.2310922E-07   6.1776588E-06   2.1676781E-03   4.8476206E-04   1.2518033E-03   3.4268270E-04  -3.6579191E-06   7.6258259E-06  -1.1050904E-05   1.8898373E-05   3.8109194E-05   8.9182435E-06   5.5372231E-06   1.0721209E-05   1.0354151E-05   2.1164290E-08  -3.5022362E-08  -4.8700050E-07  -2.3071018E-07
 -1.4405080E-05   1.1090852E-02  -1.4692804E-03  -1.2704570E-02   3.9476748E-02   6.8302875E-01   5.6060487E-03   3.3642310E-04   2.1676781E-03   6.2740296E+02   6.4096609E+01  -5.9782590E+01   3.4412247E+01  -2.5094203E+01  -8.8364687E-01  -2.1883529E-02  -3.3329670E-01   1.2485835E+01  -1.3426622E-01   3.3626733E-01  -2.3180135E-01  -1.7423359E-01   6.6173898E-03   3.6984348E-03   6.9680600E-03   1.7964707E-02
 -3.5643768E-05   6.9828714E-03  -8.1997907E-04  -4.6835498E-03   1.7111340E-02   4.2141208E-01   1.0574284E-02   6.7720873E-03   4.8476206E-04   6.4096609E+01   7.1277482E+01   6.0408931E+00   9.4664497E+00  -4.0289390E-01  -4.7237236E-02   5.1422328E-01   8.7320332E-01  -7.2185169E+00  -1.9579011E-03  -2.1234355E-01   4.5080410E-02   8.9717483E-02   9.2416810E-04   9.7092619E-04   5.8823214E-03   1.1398119E-02
 -3.0530946E-05  -2.5350044E-03   3.6266645E-04   2.4787301E-03   3.1020920E-03  -1.6752121E-01   6.0151856E-03   2.1970491E-03   1.2518033E-03  -5.9782590E+01   6.0408931E+00   1.7219160E+02  -8.2160875E+01   2.6894920E+00   3.0457136E-01  -9.7286447E-01   2.9185842E-01  -7.2288296E+00  -1.1214960E-02  -2.0751140E-01   5.3503290E-01  -5.0057811E-02   1.4994230E-03  -8.0862223E-03   1.5743597E-03   1.2057147E-05
  1.2117207E-05   3.4254982E-03  -4.2745962E-04  -2.0927472E-03   4.8676753E-03   2.1742807E-01   3.2193895E-03   1.7933463E-03   3.4268270E-04   3.4412247E+01   9.4664497E+00  -8.2160875E+01   5.1901493E+01   1.5998130E+00  -3.3836751E-02   7.1189455E-01  -2.2311115E-01  -2.2481269E+00   2.3188824E-02   1.1845664E-01  -4.3946007E-01  -9.1032867E-02  -3.5989640E-04   3.3759092E-03   8.3015882E-04   3.5790780E-03
  9.0938223E-06  -2.9692898E-04   4.7222846E-05   5.1724705E-04  -2.6847822E-03  -1.5977200E-02   4.1605387E-04   2.2596763E-05  -3.6579191E-06  -2.5094203E+01  -4.0289390E-01   2.6894920E+00   1.5998130E+00   4.3811618E+00   1.0125004E-01   1.5866574E-01  -4.2427053E-02  -3.5617642E+00  -1.0258836E-02  -1.8531964E-02   1.1199149E-02   5.3646772E-02   5.0649230E-04  -1.7708382E-04  -4.6273260E-04  -3.9212084E-04
  3.7306367E-07  -2.0580473E-05   2.9316518E-06   2.8143770E-05  -2.8118934E-05  -1.2182422E-03   4.9529942E-05   2.8206696E-05   7.6258259E-06  -8.8364687E-01  -4.7237236E-02   3.0457136E-01  -3.3836751E-02   1.0125004E-01   1.6886877E-02  -1.7288366E-02   1.1579862E-02  -1.0169593E-01   2.3752423E-04  -1.9062114E-03  -2.8634093E-03   5.0381032E-03   1.8170573E-05  -3.5967887E-05   9.8077041E-06  -1.0555074E-05
 -1.8731423E-07   6.2822607E-05  -7.7585536E-06  -2.4686381E-05   5.3873276E-05   4.0751301E-03   4.8940720E-05   2.3781915E-05  -1.1050904E-05  -2.1883529E-02   5.1422328E-01  -9.7286447E-01   7.1189455E-01   1.5866574E-01  -1.7288366E-02   7.0488048E-02   5.3386626E-03  -1.5384367E-01   1.2653983E-04   6.4803187E-03   4.2107297E-05  -1.7963731E-02  -1.0708312E-06   9.8356157E-05  -8.0045417E-07   8.0708390E-05
  5.3657073E-07  -1.7744751E-05   2.3907497E-06   3.6010449E-05   8.1730360E-05  -8.7492558E-04   1.0155941E-04   4.9075159E-05   1.8898373E-05  -3.3329670E-01   8.7320332E-01   2.9185842E-01  -2.2311115E-01  -4.2427053E-02   1.1579862E-02   5.3386626E-03   8.4193768E-02   3.7298523E-02   7.0712787E-04  -9.5628350E-05   8.5437173E-04   7.1228532E-04   1.0481193E-05  -1.2059793E-06   4.9000962E-05   9.2634166E-06
 -2.0551344E-06   8.6191596E-04  -1.2403392E-04  -7.3296983E-04   7.8899556E-04   5.1125183E-02  -1.4043898E-04  -3.0356377E-04   3.8109194E-05   1.2485835E+01  -7.2185169E+00  -7.2288296E+00  -2.2481269E+00  -3.5617642E+00  -1.0169593E-01  -1.5384367E-01   3.7298523E-02   7.2452981E+00  -1.5449014E-03   8.6043370E-03  -6.6410321E-03  -4.6466189E-02  -4.3876957E-04   4.0596542E-05   1.8303030E-05   3.9150913E-04
  5.9320029E-07   6.9131925E-06  -1.4007780E-06  -2.4781981E-05   1.5890317E-04   4.6344861E-04  -2.6880530E-05   2.6358803E-05   8.9182435E-06  -1.3426622E-01  -1.9579011E-03  -1.1214960E-02   2.3188824E-02  -1.0258836E-02   2.3752423E-04   1.2653983E-04   7.0712787E-04  -1.5449014E-03   3.9151700E-02   3.0938016E-03  -6.5791405E-04  -2.6120033E-04   3.6238520E-05  -1.1278166E-05  -3.3207544E-06  -3.5500402E-06
  3.4750336E-07   1.8973366E-05  -2.5184737E-06  -1.9434259E-06   9.9012865E-06   9.9988231E-04  -3.2230699E-05   2.4031861E-06   5.5372231E-06   3.3626733E-01  -2.1234355E-01  -2.0751140E-01   1.1845664E-01  -1.8531964E-02  -1.9062114E-03   6.4803187E-03  -9.5628350E-05   8.6043370E-03   3.0938016E-03   2.9635565E-02  -8.8560383E-05   5.4164535E-03  -7.9428980E-05  -3.8316900E-05  -4.7548867E-05  -4.6114336E-05
  2.1978124E-07  -1.0561111E-05   1.7159797E-06  -4.8198466E-06  -1.3976410E-05  -6.4412852E-04  -4.4666229E-06   4.4261098E-06   1.0721209E-05  -2.3180135E-01   4.5080410E-02   5.3503290E-01  -4.3946007E-01   1.1199149E-02  -2.8634093E-03   4.2107297E-05   8.5437173E-04  -6.6410321E-03  -6.5791405E-04  -8.8560383E-05   1.0705861E-02   8.8036987E-03   2.9962120E-06   6.3334289E-05  -4.5300486E-06  -1.3404384E-05
  9.3377588E-07   1.8907494E-05  -1.7302421E-06  -2.2064301E-05   1.2193289E-05   1.1798924E-03   1.3531276E-05   3.0746758E-05   1.0354151E-05  -1.7423359E-01   8.9717483E-02  -5.0057811E-02  -9.1032867E-02   5.3646772E-02   5.0381032E-03  -1.7963731E-02   7.1228532E-04  -4.6466189E-02  -2.6120033E-04   5.4164535E-03   8.8036987E-03   2.7375808E-02  -3.6029995E-06   6.6742522E-05  -6.4963706E-06  -2.2207365E-07
  5.1345904E-09  -3.2067673E-08   1.9927283E-09  -9.5808415E-08   1.3808963E-06   6.5385606E-07   3.9406382E-07  -2.3130398E-07   2.1164290E-08   6.6173898E-03   9.2416810E-04   1.4994230E-03  -3.5989640E-04   5.0649230E-04   1.8170573E-05  -1.0708312E-06   1.0481193E-05  -4.3876957E-04   3.6238520E-05  -7.9428980E-05   2.9962120E-06  -3.6029995E-06   1.1143877E-06   4.5141886E-08   2.5951770E-07   5.5035967E-07
  6.5293119E-09   3.0671844E-07  -3.2214139E-08  -3.2933441E-07   7.4153378E-07   2.0631550E-05   8.2329565E-08   4.4328535E-07  -3.5022362E-08   3.6984348E-03   9.7092619E-04  -8.0862223E-03   3.3759092E-03  -1.7708382E-04  -3.5967887E-05   9.8356157E-05  -1.2059793E-06   4.0596542E-05  -1.1278166E-05  -3.8316900E-05   6.3334289E-05   6.6742522E-05   4.5141886E-08   2.4974580E-06   3.0208867E-07   3.8722901E-07
  3.8417738E-09   2.6511238E-06  -3.6164718E-07  -3.0049058E-06   1.7633722E-05   1.7924544E-04   7.1630153E-07   5.4134164E-06  -4.8700050E-07   6.9680600E-03   5.8823214E-03   1.5743597E-03   8.3015882E-04  -4.6273260E-04   9.8077041E-06  -8.0045417E-07   4.9000962E-05   1.8303030E-05  -3.3207544E-06  -4.7548867E-05  -4.5300486E-06  -6.4963706E-06   2.5951770E-07   3.0208867E-07   2.5101205E-05   1.0483808E-05
 -6.0280019E-08   5.1497158E-06  -6.4734387E-07  -2.0011905E-06   2.0451898E-05   3.6301229E-04   1.1711234E-05   8.9485892E-06  -2.3071018E-07   1.7964707E-02   1.1398119E-02   1.2057147E-05   3.5790780E-03  -3.9212084E-04  -1.0555074E-05   8.0708390E-05   9.2634166E-06   3.9150913E-04  -3.5500402E-06  -4.6114336E-05  -1.3404384E-05  -2.2207365E-07   5.5035967E-07   3.8722901E-07   1.0483808E-05   2.8651596E-05
