# omegabh2 omegach2 theta tau logA ns nrun calPlanck acib217 xi asz143 aps100 aps143 aps143217 aps217 aksz kgal100 kgal143 kgal143217 kgal217 galfTE100 galfTE100143 galfTE100217 galfTE143 galfTE143217 galfTE217 cal0 cal2
  2.2924216E-08  -1.0655086E-07   1.9699790E-08   2.4556621E-07   3.4793100E-07   2.3087360E-07  -2.1123172E-07  -7.9339370E-10  -3.5000948E-05  -1.8546104E-06   9.3211656E-06  -1.1873288E-04  -1.7134265E-04  -1.2613224E-04  -2.7670884E-05  -7.9626404E-06   7.5091448E-06  -7.7317064E-07  -3.8794914E-06   1.2741571E-05  -2.9230289E-08   1.9329050E-08   6.6351724E-07  -2.7588038E-07  -1.2570015E-06  -3.6721166E-07   7.0465352E-09   3.3502667E-09
 -1.0655086E-07   1.7444304E-06  -1.6478986E-07  -1.2544440E-06   2.1533420E-06  -4.2581571E-06  -1.2060157E-06   4.3927637E-08   4.8718950E-04   8.6012782E-06  -8.0356721E-05   1.7408666E-03   2.0057061E-03   1.2897718E-03   4.4617044E-04  -6.9989607E-05  -9.3903504E-05  -1.0463108E-04  -1.0254587E-04  -4.1902666E-04   2.5655957E-06   1.0453092E-06   2.4592206E-06  -3.7307749E-07   9.1238462E-06   1.8524373E-05  -3.0512286E-08  -4.9410278E-08
  1.9699790E-08  -1.6478986E-07   1.0172235E-07   2.7540342E-07   1.5506261E-07   4.2556837E-07  -2.6981777E-08  -4.4617467E-08   7.0494834E-05  -6.2304137E-06   1.4111980E-05  -2.0042865E-04  -2.2319782E-04  -2.1601520E-04  -2.4134048E-04   3.4215376E-05  -1.4683514E-05   2.0512289E-05   2.2346644E-05   2.8928769E-05  -3.5932274E-07   4.7052627E-07  -6.3902803E-07  -8.4306314E-08  -2.9940939E-06  -4.2027085E-06   1.9711619E-09   6.6586379E-09
  2.4556621E-07  -1.2544440E-06   2.7540342E-07   5.9785993E-05   1.1851754E-04   5.6489906E-06  -9.6471769E-06  -8.1934553E-09  -2.6575271E-03   1.8308135E-05   3.2290010E-04  -1.0789698E-02  -1.5870697E-03   5.4950853E-04   3.3792685E-03  -6.5408788E-04   1.5187167E-04   3.2557604E-04   7.5952777E-04   2.3781649E-03   1.0028352E-05  -6.7093671E-06  -2.4038003E-06  -9.9775944E-06  -5.7460903E-06   7.6789683E-05   6.6511567E-08   1.7180803E-07
  3.4793100E-07   2.1533420E-06   1.5506261E-07   1.1851754E-04   2.7663112E-04  -3.5422791E-06  -3.2598592E-05   1.2048791E-05  -1.9595241E-03   5.7725643E-05  -8.1458864E-05   4.3445021E-03   8.7485295E-03   7.2441757E-03   1.2062316E-02  -1.7312863E-03  -1.3066050E-04  -3.5949752E-04   1.0115991E-03   4.8851686E-03   4.0372908E-05  -1.7841812E-05   9.6752308E-06  -3.8407924E-05   1.7491698E-05   2.3478042E-04   2.7470849E-07   3.5894672E-07
  2.3087360E-07  -4.2581571E-06   4.2556837E-07   5.6489906E-06  -3.5422791E-06   2.0859757E-05   9.7282850E-06  -3.1734481E-07  -7.5475974E-03   1.0516567E-04   1.3002532E-03  -3.3708935E-02  -1.1544674E-02   1.7712863E-04   7.0213364E-03  -2.6439304E-03   4.8358573E-04  -1.5039805E-04  -1.7899860E-04   2.7868336E-03  -7.7105129E-06  -3.5579958E-07  -7.5049049E-06   2.1475570E-07  -8.7787309E-06  -3.0491947E-06  -4.0191358E-08  -6.5361359E-08
 -2.1123172E-07  -1.2060157E-06  -2.6981777E-08  -9.6471769E-06  -3.2598592E-05   9.7282850E-06   4.6072148E-05  -1.3839285E-07  -8.0067342E-03   2.7171457E-04   2.0080154E-03  -3.3188025E-02  -1.4805420E-02   2.0326781E-03   6.1425558E-03  -3.3872900E-03  -1.3338717E-04  -3.4102546E-04  -2.0568055E-04   2.0769535E-03  -4.6962291E-06  -4.2616730E-07  -4.4377947E-05   1.1973617E-05   8.6071033E-06  -1.1483209E-06  -1.5975119E-07  -3.1030097E-07
 -7.9339370E-10   4.3927637E-08  -4.4617467E-08  -8.1934553E-09   1.2048791E-05  -3.1734481E-07  -1.3839285E-07   5.9449184E-06   9.0579496E-04   7.4505867E-06  -1.2158809E-04   8.8875016E-03   1.8856244E-03   8.6957280E-04   1.5087976E-03  -1.6201700E-04   5.6678944E-05  -1.5767437E-04  -2.6650687E-05   7.0155411E-04   6.4596337E-06  -3.8645946E-06  -3.3409028E-06  -7.2618592E-06   6.3014297E-06   1.9920189E-05   2.6508783E-08   4.3354082E-08
 -3.5000948E-05   4.8718950E-04   7.0494834E-05  -2.6575271E-03  -1.9595241E-03  -7.5475974E-03  -8.0067342E-03   9.0579496E-04   4.6065648E+01  -4.6684049E-01  -1.0987525E+00   4.6479462E+01   4.5922151E+00  -1.3466010E+01  -5.5517306E+01   3.1999903E-01  -1.8528054E-01   8.3324060E-01  -5.0836365E+00  -3.2096447E+01   6.3833941E-03   8.3011772E-03   8.7480781E-03   1.6344616E-03  -2.1406754E-02  -2.4794132E-02  -9.8525992E-05   8.0517639E-04
 -1.8546104E-06   8.6012782E-06  -6.2304137E-06   1.8308135E-05   5.7725643E-05   1.0516567E-04   2.7171457E-04   7.4505867E-06  -4.6684049E-01   7.9395770E-02  -2.7312949E-02  -7.0452622E-01   8.1760611E-01   1.7039321E+00   7.5622292E-01  -1.3079266E-04  -3.1273405E-02   1.8434618E-02   1.1170064E-01   1.9283957E-01   2.0135438E-05   1.9169386E-04  -1.5393074E-03   8.6590583E-04  -9.5824824E-05   1.5470165E-03   8.1856658E-07  -6.6147467E-06
  9.3211656E-06  -8.0356721E-05   1.4111980E-05   3.2290010E-04  -8.1458864E-05   1.3002532E-03   2.0080154E-03  -1.2158809E-04  -1.0987525E+00  -2.7312949E-02   3.8400917E+00  -3.1500346E+01  -4.0107872E+00   7.3888406E+00   5.3613909E+00  -2.9390572E+00  -1.2803729E-01   2.1837197E-01   2.7122604E+00   3.5531922E+00   1.0153018E-04  -4.3974825E-03   9.5844832E-03  -8.4838726E-03  -2.7735387E-03  -5.1700560E-03   1.0186030E-04  -3.5338334E-05
 -1.1873288E-04   1.7408666E-03  -2.0042865E-04  -1.0789698E-02   4.3445021E-03  -3.3708935E-02  -3.3188025E-02   8.8875016E-03   4.6479462E+01  -7.0452622E-01  -3.1500346E+01   8.0810835E+02   8.2434835E+01  -5.2837683E+01  -6.6215897E+01   1.5107981E+01  -7.0078972E+00   5.3134870E+00  -1.1350714E+01  -2.4698054E+01   2.4604751E-02   8.1783223E-03  -1.2908699E-01   1.5963631E-02   1.8740836E-02   7.1326749E-02   3.7056663E-03   1.2948256E-03
 -1.7134265E-04   2.0057061E-03  -2.2319782E-04  -1.5870697E-03   8.7485295E-03  -1.1544674E-02  -1.4805420E-02   1.8856244E-03   4.5922151E+00   8.1760611E-01  -4.0107872E+00   8.2434835E+01   6.3309550E+01   3.8349083E+01   1.2941751E+01  -3.7750839E+00  -5.8916473E-01  -1.1051167E+00   2.9538391E+00   2.8146452E+00   7.8203954E-03   6.2737255E-03  -1.7646131E-02   4.6378877E-03   9.2463776E-03   7.8389786E-02   5.2656866E-05   1.7789235E-04
 -1.2613224E-04   1.2897718E-03  -2.1601520E-04   5.4950853E-04   7.2441757E-03   1.7712863E-04   2.0326781E-03   8.6957280E-04  -1.3466010E+01   1.7039321E+00   7.3888406E+00  -5.2837683E+01   3.8349083E+01   8.4308975E+01   5.3548749E+01  -1.2528476E+01  -7.8421031E-01  -3.2859017E-01   4.9860703E+00   8.5448880E+00  -1.2970963E-05  -1.3146841E-03  -2.4302505E-02   2.3418481E-03   6.8998725E-03   7.5890792E-02   3.1978812E-04  -4.2256236E-04
 -2.7670884E-05   4.4617044E-04  -2.4134048E-04   3.3792685E-03   1.2062316E-02   7.0213364E-03   6.1425558E-03   1.5087976E-03  -5.5517306E+01   7.5622292E-01   5.3613909E+00  -6.6215897E+01   1.2941751E+01   5.3548749E+01   1.0281517E+02  -9.8926965E+00   4.7339890E-01  -1.4616165E+00   4.7815060E+00   3.1611223E+01  -1.8624239E-03  -1.1291332E-02  -2.4784426E-02  -1.1970215E-02   3.0095221E-02   1.0296339E-01   2.5161180E-04  -1.3801032E-03
 -7.9626404E-06  -6.9989607E-05   3.4215376E-05  -6.5408788E-04  -1.7312863E-03  -2.6439304E-03  -3.3872900E-03  -1.6201700E-04   3.1999903E-01  -1.3079266E-04  -2.9390572E+00   1.5107981E+01  -3.7750839E+00  -1.2528476E+01  -9.8926965E+00   6.3669482E+00   9.6606735E-03  -3.3797189E-01  -2.3111499E+00  -2.7437129E+00   4.5975462E-04   1.7881336E-03  -4.0971509E-03   8.2337158E-03  -1.7978740E-03  -3.4903646E-02  -3.8508966E-05   3.2674394E-05
  7.5091448E-06  -9.3903504E-05  -1.4683514E-05   1.5187167E-04  -1.3066050E-04   4.8358573E-04  -1.3338717E-04   5.6678944E-05  -1.8528054E-01  -3.1273405E-02  -1.2803729E-01  -7.0078972E+00  -5.8916473E-01  -7.8421031E-01   4.7339890E-01   9.6606735E-03   3.4150185E+00   4.9805966E-01   4.5298869E-02   4.5493824E-03  -6.9222254E-04   1.4212665E-04   1.1920134E-03   3.1946352E-03   1.6245995E-03   7.6244006E-03   1.4372390E-04   2.9378840E-05
 -7.7317064E-07  -1.0463108E-04   2.0512289E-05   3.2557604E-04  -3.5949752E-04  -1.5039805E-04  -3.4102546E-04  -1.5767437E-04   8.3324060E-01   1.8434618E-02   2.1837197E-01   5.3134870E+00  -1.1051167E+00  -3.2859017E-01  -1.4616165E+00  -3.3797189E-01   4.9805966E-01   3.1900571E+00   2.8027624E+00   2.7757288E+00   3.1394819E-04  -6.8524604E-04  -8.6438608E-03  -7.2531134E-04  -8.0269614E-03  -8.1943409E-03  -1.7750326E-04   1.2533895E-05
 -3.8794914E-06  -1.0254587E-04   2.2346644E-05   7.5952777E-04   1.0115991E-03  -1.7899860E-04  -2.0568055E-04  -2.6650687E-05  -5.0836365E+00   1.1170064E-01   2.7122604E+00  -1.1350714E+01   2.9538391E+00   4.9860703E+00   4.7815060E+00  -2.3111499E+00   4.5298869E-02   2.8027624E+00   1.0667824E+01   1.8893860E+01   2.8663377E-03  -8.4487916E-03   2.7207518E-03  -1.3295420E-02  -7.9979700E-03   5.6981035E-03  -5.7737430E-05   4.2656908E-04
  1.2741571E-05  -4.1902666E-04   2.8928769E-05   2.3781649E-03   4.8851686E-03   2.7868336E-03   2.0769535E-03   7.0155411E-04  -3.2096447E+01   1.9283957E-01   3.5531922E+00  -2.4698054E+01   2.8146452E+00   8.5448880E+00   3.1611223E+01  -2.7437129E+00   4.5493824E-03   2.7757288E+00   1.8893860E+01   5.2115426E+01   7.3194614E-05  -1.8565506E-02   6.2321794E-03  -2.1823700E-02   7.1152839E-03   2.2991107E-02  -2.5294320E-05   8.9808919E-04
 -2.9230289E-08   2.5655957E-06  -3.5932274E-07   1.0028352E-05   4.0372908E-05  -7.7105129E-06  -4.6962291E-06   6.4596337E-06   6.3833941E-03   2.0135438E-05   1.0153018E-04   2.4604751E-02   7.8203954E-03  -1.2970963E-05  -1.8624239E-03   4.5975462E-04  -6.9222254E-04   3.1394819E-04   2.8663377E-03   7.3194614E-05   1.4861544E-03   2.6523123E-04   1.5496832E-04  -4.2298180E-04   7.3966325E-06   1.6149751E-04  -1.6220351E-07   8.6544549E-07
  1.9329050E-08   1.0453092E-06   4.7052627E-07  -6.7093671E-06  -1.7841812E-05  -3.5579958E-07  -4.2616730E-07  -3.8645946E-06   8.3011772E-03   1.9169386E-04  -4.3974825E-03   8.1783223E-03   6.2737255E-03  -1.3146841E-03  -1.1291332E-02   1.7881336E-03   1.4212665E-04  -6.8524604E-04  -8.4487916E-03  -1.8565506E-02   2.6523123E-04   9.0758924E-04   1.2158917E-04   7.6417023E-04   3.1220135E-06  -6.8771173E-04  -7.1932562E-08   2.4210000E-07
  6.6351724E-07   2.4592206E-06  -6.3902803E-07  -2.4038003E-06   9.6752308E-06  -7.5049049E-06  -4.4377947E-05  -3.3409028E-06   8.7480781E-03  -1.5393074E-03   9.5844832E-03  -1.2908699E-01  -1.7646131E-02  -2.4302505E-02  -2.4784426E-02  -4.0971509E-03   1.1920134E-03  -8.6438608E-03   2.7207518E-03   6.2321794E-03   1.5496832E-04   1.2158917E-04   7.5184386E-03  -2.1880178E-04   4.8910047E-04   4.7703157E-03   8.1470437E-07   8.1816356E-07
 -2.7588038E-07  -3.7307749E-07  -8.4306314E-08  -9.9775944E-06  -3.8407924E-05   2.1475570E-07   1.1973617E-05  -7.2618592E-06   1.6344616E-03   8.6590583E-04  -8.4838726E-03   1.5963631E-02   4.6378877E-03   2.3418481E-03  -1.1970215E-02   8.2337158E-03   3.1946352E-03  -7.2531134E-04  -1.3295420E-02  -2.1823700E-02  -4.2298180E-04   7.6417023E-04  -2.1880178E-04   2.9075475E-03   5.3581480E-04  -1.3702787E-03  -3.3786078E-07   2.6616955E-07
 -1.2570015E-06   9.1238462E-06  -2.9940939E-06  -5.7460903E-06   1.7491698E-05  -8.7787309E-06   8.6071033E-06   6.3014297E-06  -2.1406754E-02  -9.5824824E-05  -2.7735387E-03   1.8740836E-02   9.2463776E-03   6.8998725E-03   3.0095221E-02  -1.7978740E-03   1.6245995E-03  -8.0269614E-03  -7.9979700E-03   7.1152839E-03   7.3966325E-06   3.1220135E-06   4.8910047E-04   5.3581480E-04   6.5388374E-03   8.8533544E-03   1.1378996E-06   5.1044445E-07
 -3.6721166E-07   1.8524373E-05  -4.2027085E-06   7.6789683E-05   2.3478042E-04  -3.0491947E-06  -1.1483209E-06   1.9920189E-05  -2.4794132E-02   1.5470165E-03  -5.1700560E-03   7.1326749E-02   7.8389786E-02   7.5890792E-02   1.0296339E-01  -3.4903646E-02   7.6244006E-03  -8.1943409E-03   5.6981035E-03   2.2991107E-02   1.6149751E-04  -6.8771173E-04   4.7703157E-03  -1.3702787E-03   8.8533544E-03   7.0265178E-02   1.1279164E-06  -1.2869728E-06
  7.0465352E-09  -3.0512286E-08   1.9711619E-09   6.6511567E-08   2.7470849E-07  -4.0191358E-08  -1.5975119E-07   2.6508783E-08  -9.8525992E-05   8.1856658E-07   1.0186030E-04   3.7056663E-03   5.2656866E-05   3.1978812E-04   2.5161180E-04  -3.8508966E-05   1.4372390E-04  -1.7750326E-04  -5.7737430E-05  -2.5294320E-05  -1.6220351E-07  -7.1932562E-08   8.1470437E-07  -3.3786078E-07   1.1378996E-06   1.1279164E-06   3.7052885E-07  -7.5372287E-09
  3.3502667E-09  -4.9410278E-08   6.6586379E-09   1.7180803E-07   3.5894672E-07  -6.5361359E-08  -3.1030097E-07   4.3354082E-08   8.0517639E-04  -6.6147467E-06  -3.5338334E-05   1.2948256E-03   1.7789235E-04  -4.2256236E-04  -1.3801032E-03   3.2674394E-05   2.9378840E-05   1.2533895E-05   4.2656908E-04   8.9808919E-04   8.6544549E-07   2.4210000E-07   8.1816356E-07   2.6616955E-07   5.1044445E-07  -1.2869728E-06  -7.5372287E-09   3.8077613E-07
