# omegabh2 omegach2 theta tau logA ns calPlanck acib217 xi asz143 aps100 aps143 aps143217 aps217 aksz kgal100 kgal143 kgal143217 kgal217 cal0 cal2
    0.5125182E-07   -0.2603360E-06    0.4814005E-07    0.1779532E-05    0.3097668E-05    0.7966990E-06    0.3172492E-07   -0.2186659E-03    0.2796448E-05    0.5625624E-04   -0.9120959E-03   -0.5750424E-03   -0.1988216E-03    0.6004405E-05   -0.7563334E-04    0.7289742E-07   -0.1879395E-05   -0.2324172E-04    0.1830799E-04    0.3275436E-08   -0.2200052E-07
   -0.2603360E-06    0.4656186E-05   -0.4613724E-06   -0.1825925E-04   -0.2572772E-04   -0.1107753E-04   -0.1790299E-06    0.6783533E-03   -0.6731234E-05   -0.1981213E-03    0.2739419E-02    0.2517804E-02    0.1275767E-02    0.5582217E-03    0.2554734E-03    0.4470208E-04   -0.2579409E-04    0.6884470E-04    0.3661262E-04   -0.4487216E-07    0.9367419E-07
    0.4814005E-07   -0.4613724E-06    0.2201835E-06    0.2488371E-05    0.4039886E-05    0.1395178E-05   -0.5786416E-08   -0.1054268E-03    0.1363322E-05    0.3381769E-04   -0.5244572E-03   -0.3260616E-03   -0.1386749E-03   -0.5185574E-04   -0.4523072E-04    0.9368867E-05    0.2844232E-05   -0.3940805E-05    0.3511901E-05    0.2182492E-08   -0.1147353E-07
    0.1779532E-05   -0.1825925E-04    0.2488371E-05    0.3535845E-03    0.6629300E-03    0.6060608E-04    0.5149009E-07   -0.1375225E-01    0.2569085E-03    0.2998787E-02   -0.6630039E-01   -0.2899503E-01   -0.5776176E-02    0.3997449E-02   -0.5736098E-02   -0.4707529E-03   -0.5851081E-03   -0.2452604E-02   -0.9953726E-03   -0.1797746E-06   -0.2070253E-05
    0.3097668E-05   -0.2572772E-04    0.4039886E-05    0.6629300E-03    0.1290916E-02    0.9422884E-04    0.1197354E-04   -0.2709338E-01    0.5818260E-03    0.5566309E-02   -0.1216612E+00   -0.5068700E-01   -0.4615005E-02    0.1652759E-01   -0.1187862E-01   -0.9948467E-03   -0.1949458E-02   -0.5604469E-02   -0.4006862E-03   -0.1837458E-06   -0.4078619E-05
    0.7966990E-06   -0.1107753E-04    0.1395178E-05    0.6060608E-04    0.9422884E-04    0.3816466E-04    0.6645489E-06   -0.6463743E-02    0.1343282E-03    0.1612730E-02   -0.3264030E-01   -0.1236202E-01    0.6207808E-04    0.4658914E-02   -0.3354614E-02    0.2227381E-03   -0.6558276E-04   -0.7290559E-03    0.4189281E-03   -0.1254865E-06   -0.6673727E-06
    0.3172492E-07   -0.1790299E-06   -0.5786416E-08    0.5149009E-07    0.1197354E-04    0.6645489E-06    0.6090410E-05    0.2735012E-03    0.1311574E-04   -0.2843850E-05    0.3554657E-02    0.3788511E-03    0.6737290E-03    0.1719252E-02   -0.5168268E-04    0.4093229E-04   -0.5757797E-04   -0.1849424E-03    0.7622270E-03    0.8506257E-08   -0.5867430E-07
   -0.2186659E-03    0.6783533E-03   -0.1054268E-03   -0.1375225E-01   -0.2709338E-01   -0.6463743E-02    0.2735012E-03    0.4366434E+02   -0.4779899E+00   -0.1737474E+01    0.4164966E+02    0.1186240E+01   -0.2078178E+02   -0.6147863E+02    0.5993176E+00   -0.2066160E+00    0.7501656E-01   -0.1692367E+01   -0.1824416E+02   -0.3040414E-03    0.4479024E-02
    0.2796448E-05   -0.6731234E-05    0.1363322E-05    0.2569085E-03    0.5818260E-03    0.1343282E-03    0.1311574E-04   -0.4779899E+00    0.8059090E-01   -0.6748844E-01   -0.5984245E+00    0.1027052E+01    0.1900555E+01    0.7892120E+00    0.5442897E-01   -0.5512017E-02    0.5511533E-02    0.9740642E-01    0.9646214E-01    0.7284760E-05   -0.1450418E-04
    0.5625624E-04   -0.1981213E-03    0.3381769E-04    0.2998787E-02    0.5566309E-02    0.1612730E-02   -0.2843850E-05   -0.1737474E+01   -0.6748844E-01    0.3639153E+01   -0.2861304E+02   -0.4128348E+01    0.7357015E+01    0.6484343E+01   -0.2573394E+01   -0.1433521E+00    0.5993603E-01    0.2241906E+01    0.2085105E+01    0.1777338E-03   -0.3412048E-03
   -0.9120959E-03    0.2739419E-02   -0.5244572E-03   -0.6630039E-01   -0.1216612E+00   -0.3264030E-01    0.3554657E-02    0.4164966E+02   -0.5984245E+00   -0.2861304E+02    0.7757702E+03    0.7244734E+02   -0.5720104E+02   -0.6594612E+02    0.1293107E+02   -0.3617678E+01    0.2941384E+01   -0.1133084E+02   -0.1674152E+02    0.6464024E-02    0.3403557E-02
   -0.5750424E-03    0.2517804E-02   -0.3260616E-03   -0.2899503E-01   -0.5068700E-01   -0.1236202E-01    0.3788511E-03    0.1186240E+01    0.1027052E+01   -0.4128348E+01    0.7244734E+02    0.6444158E+02    0.4629980E+02    0.1876831E+02   -0.4010488E+01   -0.3010271E+00   -0.1140714E+01    0.3994533E+01    0.3805610E+01    0.2434490E-03    0.3498575E-03
   -0.1988216E-03    0.1275767E-02   -0.1386749E-03   -0.5776176E-02   -0.4615005E-02    0.6207808E-04    0.6737290E-03   -0.2078178E+02    0.1900555E+01    0.7357015E+01   -0.5720104E+02    0.4629980E+02    0.9995442E+02    0.6805057E+02   -0.1178745E+02   -0.6582375E+00   -0.4070044E+00    0.4511654E+01    0.5136955E+01    0.8233403E-03   -0.2394760E-02
    0.6004405E-05    0.5582217E-03   -0.5185574E-04    0.3997449E-02    0.1652759E-01    0.4658914E-02    0.1719252E-02   -0.6147863E+02    0.7892120E+00    0.6484343E+01   -0.6594612E+02    0.1876831E+02    0.6805057E+02    0.1234977E+03   -0.1029529E+02   -0.1659905E+00   -0.4218053E+00   -0.1081412E+01    0.1463600E+02    0.8218810E-03   -0.7840819E-02
   -0.7563334E-04    0.2554734E-03   -0.4523072E-04   -0.5736098E-02   -0.1187862E-01   -0.3354614E-02   -0.5168268E-04    0.5993176E+00    0.5442897E-01   -0.2573394E+01    0.1293107E+02   -0.4010488E+01   -0.1178745E+02   -0.1029529E+02    0.6030202E+01    0.1157551E+00   -0.5864531E-01   -0.1756895E+01   -0.1456577E+01   -0.1378308E-03    0.1839563E-03
    0.7289742E-07    0.4470208E-04    0.9368867E-05   -0.4707529E-03   -0.9948467E-03    0.2227381E-03    0.4093229E-04   -0.2066160E+00   -0.5512017E-02   -0.1433521E+00   -0.3617678E+01   -0.3010271E+00   -0.6582375E+00   -0.1659905E+00    0.1157551E+00    0.3463391E+01    0.4278366E+00    0.2244747E+00    0.4557854E+00    0.3009955E-03    0.3307069E-05
   -0.1879395E-05   -0.2579409E-04    0.2844232E-05   -0.5851081E-03   -0.1949458E-02   -0.6558276E-04   -0.5757797E-04    0.7501656E-01    0.5511533E-02    0.5993603E-01    0.2941384E+01   -0.1140714E+01   -0.4070044E+00   -0.4218053E+00   -0.5864531E-01    0.4278366E+00    0.3410895E+01    0.2595353E+01    0.1725240E+01   -0.2998823E-03   -0.2308482E-03
   -0.2324172E-04    0.6884470E-04   -0.3940805E-05   -0.2452604E-02   -0.5604469E-02   -0.7290559E-03   -0.1849424E-03   -0.1692367E+01    0.9740642E-01    0.2241906E+01   -0.1133084E+02    0.3994533E+01    0.4511654E+01   -0.1081412E+01   -0.1756895E+01    0.2244747E+00    0.2595353E+01    0.1717019E+02    0.2564878E+02    0.1522013E-05    0.2597446E-02
    0.1830799E-04    0.3661262E-04    0.3511901E-05   -0.9953726E-03   -0.4006862E-03    0.4189281E-03    0.7622270E-03   -0.1824416E+02    0.9646214E-01    0.2085105E+01   -0.1674152E+02    0.3805610E+01    0.5136955E+01    0.1463600E+02   -0.1456577E+01    0.4557854E+00    0.1725240E+01    0.2564878E+02    0.5448851E+02    0.8352590E-04    0.4595213E-02
    0.3275436E-08   -0.4487216E-07    0.2182492E-08   -0.1797746E-06   -0.1837458E-06   -0.1254865E-06    0.8506257E-08   -0.3040414E-03    0.7284760E-05    0.1777338E-03    0.6464024E-02    0.2434490E-03    0.8233403E-03    0.8218810E-03   -0.1378308E-03    0.3009955E-03   -0.2998823E-03    0.1522013E-05    0.8352590E-04    0.6124478E-06   -0.1344464E-07
   -0.2200052E-07    0.9367419E-07   -0.1147353E-07   -0.2070253E-05   -0.4078619E-05   -0.6673727E-06   -0.5867430E-07    0.4479024E-02   -0.1450418E-04   -0.3412048E-03    0.3403557E-02    0.3498575E-03   -0.2394760E-02   -0.7840819E-02    0.1839563E-03    0.3307069E-05   -0.2308482E-03    0.2597446E-02    0.4595213E-02   -0.1344464E-07    0.2124501E-05
