# omegabh2 omegach2 theta tau logA ns calPlanck acib217 xi asz143 aps100 aps143 aps143217 aps217 aksz kgal100 kgal143 kgal143217 kgal217 cal0 cal2
    0.3926758E-07   -0.7467926E-07    0.2326748E-07    0.1053442E-05    0.2062116E-05    0.3299375E-06    0.2059530E-07   -0.1977497E-03    0.2576066E-05    0.4662919E-04   -0.7608208E-03   -0.4497739E-03   -0.1471780E-03    0.4025325E-04   -0.5367378E-04   -0.6914301E-05   -0.1022608E-04   -0.3360040E-04   -0.4656883E-05    0.7626686E-09   -0.2498340E-07
   -0.7467926E-07    0.1620101E-05   -0.7383220E-07   -0.5954385E-05   -0.8168191E-05   -0.3740662E-05   -0.1262127E-06    0.2773880E-03   -0.6945421E-05   -0.6231589E-04    0.1478195E-02    0.6982013E-03    0.2709250E-03    0.8190647E-04    0.6077612E-04    0.7488858E-04   -0.5137578E-06    0.7142048E-05   -0.1782895E-04    0.2186524E-08    0.3604322E-07
    0.2326748E-07   -0.7383220E-07    0.1672562E-06    0.9164548E-06    0.1775609E-05    0.4648043E-06   -0.1390653E-07   -0.4747852E-04   -0.1151698E-05    0.1941905E-04   -0.1886671E-03   -0.1225551E-03   -0.8354285E-04   -0.1237283E-04   -0.1454406E-04   -0.6309111E-06   -0.1253318E-04   -0.2315962E-05    0.6386579E-05   -0.7086759E-08   -0.5643458E-08
    0.1053442E-05   -0.5954385E-05    0.9164548E-06    0.3041157E-03    0.5901335E-03    0.3087278E-04   -0.1428096E-05   -0.1421580E-01    0.2592823E-03    0.2985820E-02   -0.7041006E-01   -0.2410167E-01   -0.1833302E-02    0.7744265E-02   -0.4543465E-02   -0.5603878E-03   -0.9829474E-03   -0.1879044E-02    0.3952667E-04   -0.3733997E-06   -0.1979642E-05
    0.2062116E-05   -0.8168191E-05    0.1775609E-05    0.5901335E-03    0.1181120E-02    0.5157603E-04    0.9104248E-05   -0.2942801E-01    0.5679983E-03    0.5784220E-02   -0.1314274E+00   -0.4545543E-01   -0.9042828E-04    0.2326309E-01   -0.9614328E-02   -0.1381058E-02   -0.2766501E-02   -0.4530335E-02    0.1661541E-02   -0.4475703E-06   -0.4104301E-05
    0.3299375E-06   -0.3740662E-05    0.4648043E-06    0.3087278E-04    0.5157603E-04    0.2028279E-04    0.4575900E-06   -0.5135784E-02    0.1235961E-03    0.1375938E-02   -0.3075526E-01   -0.8113168E-02    0.2424596E-02    0.5345218E-02   -0.2808579E-02    0.1663485E-03   -0.1695636E-03   -0.6266806E-03    0.3451036E-03   -0.2581953E-06   -0.5251010E-06
    0.2059530E-07   -0.1262127E-06   -0.1390653E-07   -0.1428096E-05    0.9104248E-05    0.4575900E-06    0.6102543E-05    0.7477863E-04    0.4153725E-05   -0.7273101E-05    0.4115657E-02    0.1176935E-03    0.2018331E-03    0.1820537E-02    0.1243388E-03   -0.6017902E-04   -0.7424777E-04   -0.1386386E-03    0.8567919E-03    0.1314534E-07   -0.8590175E-07
   -0.1977497E-03    0.2773880E-03   -0.4747852E-04   -0.1421580E-01   -0.2942801E-01   -0.5135784E-02    0.7477863E-04    0.4325550E+02   -0.4694344E+00   -0.1815509E+01    0.4546037E+02    0.4047543E+00   -0.2113457E+02   -0.6129717E+02    0.6621642E+00   -0.2597851E+00   -0.1364987E-01   -0.2427614E+01   -0.1919224E+02   -0.2967775E-03    0.4356640E-02
    0.2576066E-05   -0.6945421E-05   -0.1151698E-05    0.2592823E-03    0.5679983E-03    0.1235961E-03    0.4153725E-05   -0.4694344E+00    0.8100973E-01   -0.7609158E-01   -0.5777702E+00    0.1042988E+01    0.1896095E+01    0.7727806E+00    0.6108403E-01   -0.1156061E-01    0.1133933E-02    0.1044523E+00    0.1131018E+00    0.9875788E-05   -0.5331958E-05
    0.4662919E-04   -0.6231589E-04    0.1941905E-04    0.2985820E-02    0.5784220E-02    0.1375938E-02   -0.7273101E-05   -0.1815509E+01   -0.7609158E-01    0.3681902E+01   -0.2917914E+02   -0.4227890E+01    0.7318704E+01    0.6700139E+01   -0.2591341E+01   -0.1509827E+00    0.9204570E-01    0.2147151E+01    0.1885494E+01    0.1497218E-03   -0.4270079E-03
   -0.7608208E-03    0.1478195E-02   -0.1886671E-03   -0.7041006E-01   -0.1314274E+00   -0.3075526E-01    0.4115657E-02    0.4546037E+02   -0.5777702E+00   -0.2917914E+02    0.7901253E+03    0.7346990E+02   -0.6032302E+02   -0.7413911E+02    0.1414281E+02   -0.3558469E+01    0.2362738E+01   -0.1147291E+02   -0.1733578E+02    0.6593667E-02    0.4500508E-02
   -0.4497739E-03    0.6982013E-03   -0.1225551E-03   -0.2410167E-01   -0.4545543E-01   -0.8113168E-02    0.1176935E-03    0.4047543E+00    0.1042988E+01   -0.4227890E+01    0.7346990E+02    0.6379258E+02    0.4610244E+02    0.1903029E+02   -0.3949296E+01   -0.6569612E+00   -0.1357386E+01    0.4044643E+01    0.4455120E+01    0.3399574E-03    0.4601643E-03
   -0.1471780E-03    0.2709250E-03   -0.8354285E-04   -0.1833302E-02   -0.9042828E-04    0.2424596E-02    0.2018331E-03   -0.2113457E+02    0.1896095E+01    0.7318704E+01   -0.6032302E+02    0.4610244E+02    0.9992659E+02    0.6837752E+02   -0.1179078E+02   -0.9159298E+00   -0.5407201E+00    0.4585287E+01    0.5495735E+01    0.8743846E-03   -0.2305134E-02
    0.4025325E-04    0.8190647E-04   -0.1237283E-04    0.7744265E-02    0.2326309E-01    0.5345218E-02    0.1820537E-02   -0.6129717E+02    0.7727806E+00    0.6700139E+01   -0.7413911E+02    0.1903029E+02    0.6837752E+02    0.1234804E+03   -0.1042417E+02   -0.1431648E+00   -0.4244704E+00   -0.1747999E+00    0.1609574E+02    0.8579831E-03   -0.7662676E-02
   -0.5367378E-04    0.6077612E-04   -0.1454406E-04   -0.4543465E-02   -0.9614328E-02   -0.2808579E-02    0.1243388E-03    0.6621642E+00    0.6108403E-01   -0.2591341E+01    0.1414281E+02   -0.3949296E+01   -0.1179078E+02   -0.1042417E+02    0.5914516E+01    0.1738777E+00    0.9084118E-02   -0.1595961E+01   -0.1218564E+01   -0.1200156E-03    0.2439817E-03
   -0.6914301E-05    0.7488858E-04   -0.6309111E-06   -0.5603878E-03   -0.1381058E-02    0.1663485E-03   -0.6017902E-04   -0.2597851E+00   -0.1156061E-01   -0.1509827E+00   -0.3558469E+01   -0.6569612E+00   -0.9159298E+00   -0.1431648E+00    0.1738777E+00    0.3493043E+01    0.5424041E+00    0.2153106E+00    0.3528426E+00    0.2974926E-03   -0.1978846E-04
   -0.1022608E-04   -0.5137578E-06   -0.1253318E-04   -0.9829474E-03   -0.2766501E-02   -0.1695636E-03   -0.7424777E-04   -0.1364987E-01    0.1133933E-02    0.9204570E-01    0.2362738E+01   -0.1357386E+01   -0.5407201E+00   -0.4244704E+00    0.9084118E-02    0.5424041E+00    0.3504319E+01    0.2690069E+01    0.1859949E+01   -0.3006912E-03   -0.2370560E-03
   -0.3360040E-04    0.7142048E-05   -0.2315962E-05   -0.1879044E-02   -0.4530335E-02   -0.6266806E-03   -0.1386386E-03   -0.2427614E+01    0.1044523E+00    0.2147151E+01   -0.1147291E+02    0.4044643E+01    0.4585287E+01   -0.1747999E+00   -0.1595961E+01    0.2153106E+00    0.2690069E+01    0.1705891E+02    0.2559485E+02   -0.4646030E-04    0.2390535E-02
   -0.4656883E-05   -0.1782895E-04    0.6386579E-05    0.3952667E-04    0.1661541E-02    0.3451036E-03    0.8567919E-03   -0.1919224E+02    0.1131018E+00    0.1885494E+01   -0.1733578E+02    0.4455120E+01    0.5495735E+01    0.1609574E+02   -0.1218564E+01    0.3528426E+00    0.1859949E+01    0.2559485E+02    0.5441116E+02   -0.3725556E-04    0.4295886E-02
    0.7626686E-09    0.2186524E-08   -0.7086759E-08   -0.3733997E-06   -0.4475703E-06   -0.2581953E-06    0.1314534E-07   -0.2967775E-03    0.9875788E-05    0.1497218E-03    0.6593667E-02    0.3399574E-03    0.8743846E-03    0.8579831E-03   -0.1200156E-03    0.2974926E-03   -0.3006912E-03   -0.4646030E-04   -0.3725556E-04    0.6204176E-06   -0.2645702E-07
   -0.2498340E-07    0.3604322E-07   -0.5643458E-08   -0.1979642E-05   -0.4104301E-05   -0.5251010E-06   -0.8590175E-07    0.4356640E-02   -0.5331958E-05   -0.4270079E-03    0.4500508E-02    0.4601643E-03   -0.2305134E-02   -0.7662676E-02    0.2439817E-03   -0.1978846E-04   -0.2370560E-03    0.2390535E-02    0.4295886E-02   -0.2645702E-07    0.2067461E-05
