# omegabh2 omegach2 theta tau nnu logA ns calPlanck acib217 xi asz143 aps100 aps143 aps143217 aps217 aksz kgal100 kgal143 kgal143217 kgal217 cal0 cal2
  5.2882890E-08   3.7344449E-07  -2.3059389E-08   2.4313861E-07   2.7183747E-05   1.5961539E-06   1.1351885E-06   1.8148946E-08  -1.9301818E-05  -1.7525792E-06   1.1225820E-05  -8.4733664E-05  -1.3730381E-04  -8.0783368E-05  -2.1192778E-05   8.3356344E-06   1.1868509E-05   9.4084897E-06  -5.3965858E-06   3.3148931E-07  -1.5752940E-09  -2.6843173E-09
  3.7344449E-07   1.3022175E-05  -1.2504820E-06  -2.7970703E-06   7.5699505E-04   2.6554594E-05   2.2026895E-05  -4.5777747E-07   3.7252445E-03  -7.6040398E-05  -8.3865497E-04   1.8865621E-02   1.0066826E-02   3.5435574E-03   6.3538731E-05   1.7665359E-03   1.0047467E-04   3.6065841E-04   2.8926102E-04  -8.7093249E-04  -2.0299317E-08   6.2982812E-08
 -2.3059389E-08  -1.2504820E-06   2.9594165E-07   3.2702471E-07  -7.7153965E-05  -2.2409151E-06  -2.1622973E-06   5.4228637E-08  -3.7333949E-04   8.2181374E-06   7.1417303E-05  -1.6792719E-03  -9.9510104E-04  -3.6613411E-04  -5.5853548E-05  -1.8110557E-04  -6.9467509E-06  -3.3094617E-05  -3.4859011E-05   1.1645936E-04   3.9962976E-09  -2.3532535E-09
  2.4313861E-07  -2.7970703E-06   3.2702471E-07   4.6400222E-05  -1.3275868E-05   8.4047580E-05   8.3375917E-06  -7.6386311E-07  -1.8179706E-03   2.0139973E-05   1.4869308E-04  -6.1128090E-03  -4.4005589E-03  -1.8517155E-03  -2.9243697E-04  -6.1482079E-04   1.5896727E-04  -3.7040070E-05  -3.9519805E-04   1.9175877E-04  -1.7251150E-07  -5.8869154E-08
  2.7183747E-05   7.5699505E-04  -7.7153965E-05  -1.3275868E-05   4.8512950E-02   1.8835300E-03   1.5808766E-03  -1.4598439E-05   2.2573731E-01  -4.5778220E-03  -5.1667442E-02   1.1297006E+00   6.0675703E-01   2.1607498E-01   1.4863971E-02   1.0940205E-01   5.4626878E-03   2.2649946E-02   1.4517946E-02  -5.9976960E-02  -1.2712100E-06   3.1407919E-06
  1.5961539E-06   2.6554594E-05  -2.2409151E-06   8.4047580E-05   1.8835300E-03   2.5808135E-04   7.2511877E-05   9.4284848E-06   5.3611804E-03  -9.5462942E-05  -1.5494838E-03   3.4626679E-02   1.6052343E-02   7.5031671E-03   4.9775882E-03   2.5564291E-03   1.6683511E-04   3.0804848E-04  -4.8987423E-04  -4.6493865E-04  -2.7494908E-07  -1.1604239E-08
  1.1351885E-06   2.2026895E-05  -2.1622973E-06   8.3375917E-06   1.5808766E-03   7.2511877E-05   6.8123130E-05   2.1472058E-07   2.6540690E-03  -6.8125138E-05  -5.6072620E-04   1.1299848E-02   1.2412491E-02   8.7685947E-03   6.1925572E-03   8.2400865E-04   5.4852952E-04   4.4459253E-04   4.5587963E-05  -7.0591430E-04  -1.6034018E-07  -2.3018751E-08
  1.8148946E-08  -4.5777747E-07   5.4228637E-08  -7.6386311E-07  -1.4598439E-05   9.4284848E-06   2.1472058E-07   6.0332305E-06   4.8844504E-04   6.3871570E-06   1.4866623E-04   1.3355980E-03  -3.6216275E-04   2.8332702E-04   1.2599228E-03   6.2067987E-06  -4.1365501E-05   1.2984081E-05   7.8425446E-05   8.3985468E-04  -1.8744074E-08  -2.4409291E-08
 -1.9301818E-05   3.7252445E-03  -3.7333949E-04  -1.8179706E-03   2.2573731E-01   5.3611804E-03   2.6540690E-03   4.8844504E-04   4.5749136E+01  -4.2674136E-01  -1.0382702E+00   4.2303033E+01   6.1405063E+00  -1.1127548E+01  -5.3779365E+01  -1.3288130E-01   2.4670569E-01   7.1014849E-01  -5.5323833E+00  -3.3329277E+01  -1.8585941E-04   7.4646941E-04
 -1.7525792E-06  -7.6040398E-05   8.2181374E-06   2.0139973E-05  -4.5778220E-03  -9.5462942E-05  -6.8125138E-05   6.3871570E-06  -4.2674136E-01   8.2113692E-02  -4.8429895E-02  -6.2152663E-01   8.3837878E-01   1.5943527E+00   6.5347613E-01   4.4092134E-02  -1.0282955E-02   9.6210081E-03   1.0005521E-01   1.5093005E-01   2.3213676E-06  -3.1109824E-06
  1.1225820E-05  -8.3865497E-04   7.1417303E-05   1.4869308E-04  -5.1667442E-02  -1.5494838E-03  -5.6072620E-04   1.4866623E-04  -1.0382702E+00  -4.8429895E-02   4.0221881E+00  -3.1926546E+01  -3.9913709E+00   7.7957322E+00   5.4964679E+00  -3.1053324E+00  -1.9771900E-01   1.6968542E-01   2.6923917E+00   3.4350078E+00   8.8898672E-05  -4.5250206E-05
 -8.4733664E-05   1.8865621E-02  -1.6792719E-03  -6.1128090E-03   1.1297006E+00   3.4626679E-02   1.1299848E-02   1.3355980E-03   4.2303033E+01  -6.2152663E-01  -3.1926546E+01   8.0394105E+02   8.8754597E+01  -4.7859050E+01  -5.9187327E+01   1.6392553E+01  -6.4714902E+00   5.6584745E+00  -1.1499136E+01  -2.4933694E+01   3.9790005E-03   1.0177584E-03
 -1.3730381E-04   1.0066826E-02  -9.9510104E-04  -4.4005589E-03   6.0675703E-01   1.6052343E-02   1.2412491E-02  -3.6216275E-04   6.1405063E+00   8.3837878E-01  -3.9913709E+00   8.8754597E+01   7.2056108E+01   4.4226358E+01   1.5640707E+01  -3.8712086E+00  -5.3699611E-01  -9.0132572E-01   3.9416504E+00   3.2514058E+00   1.3159423E-04   2.0018192E-04
 -8.0783368E-05   3.5435574E-03  -3.6613411E-04  -1.8517155E-03   2.1607498E-01   7.5031671E-03   8.7685947E-03   2.8332702E-04  -1.1127548E+01   1.5943527E+00   7.7957322E+00  -4.7859050E+01   4.4226358E+01   8.7209684E+01   5.4612218E+01  -1.2413374E+01  -9.9879708E-01  -4.5551892E-01   5.4372426E+00   8.2153602E+00   3.8228843E-04  -3.5328505E-04
 -2.1192778E-05   6.3538731E-05  -5.5853548E-05  -2.9243697E-04   1.4863971E-02   4.9775882E-03   6.1925572E-03   1.2599228E-03  -5.3779365E+01   6.5347613E-01   5.4964679E+00  -5.9187327E+01   1.5640707E+01   5.4612218E+01   1.0280331E+02  -9.4386657E+00  -8.0609778E-01  -1.2123014E+00   5.5455178E+00   3.2746248E+01   4.3822457E-04  -1.3370954E-03
  8.3356344E-06   1.7665359E-03  -1.8110557E-04  -6.1482079E-04   1.0940205E-01   2.5564291E-03   8.2400865E-04   6.2067987E-06  -1.3288130E-01   4.4092134E-02  -3.1053324E+00   1.6392553E+01  -3.8712086E+00  -1.2413374E+01  -9.4386657E+00   6.8656017E+00   7.0669670E-02  -2.4953706E-01  -2.2550392E+00  -2.4226112E+00  -7.0851644E-05   1.5366036E-05
  1.1868509E-05   1.0047467E-04  -6.9467509E-06   1.5896727E-04   5.4626878E-03   1.6683511E-04   5.4852952E-04  -4.1365501E-05   2.4670569E-01  -1.0282955E-02  -1.9771900E-01  -6.4714902E+00  -5.3699611E-01  -9.9879708E-01  -8.0609778E-01   7.0669670E-02   3.3556824E+00   6.4336344E-01   2.4915591E-01   1.3655875E-01   1.5750951E-04   2.5744688E-06
  9.4084897E-06   3.6065841E-04  -3.3094617E-05  -3.7040070E-05   2.2649946E-02   3.0804848E-04   4.4459253E-04   1.2984081E-05   7.1014849E-01   9.6210081E-03   1.6968542E-01   5.6584745E+00  -9.0132572E-01  -4.5551892E-01  -1.2123014E+00  -2.4953706E-01   6.4336344E-01   3.2067231E+00   2.7932660E+00   2.7113383E+00  -1.8952109E-04  -4.9397768E-05
 -5.3965858E-06   2.8926102E-04  -3.4859011E-05  -3.9519805E-04   1.4517946E-02  -4.8987423E-04   4.5587963E-05   7.8425446E-05  -5.5323833E+00   1.0005521E-01   2.6923917E+00  -1.1499136E+01   3.9416504E+00   5.4372426E+00   5.5455178E+00  -2.2550392E+00   2.4915591E-01   2.7932660E+00   1.0851445E+01   1.9178462E+01  -3.1431546E-05   3.6654213E-04
  3.3148931E-07  -8.7093249E-04   1.1645936E-04   1.9175877E-04  -5.9976960E-02  -4.6493865E-04  -7.0591430E-04   8.3985468E-04  -3.3329277E+01   1.5093005E-01   3.4350078E+00  -2.4933694E+01   3.2514058E+00   8.2153602E+00   3.2746248E+01  -2.4226112E+00   1.3655875E-01   2.7113383E+00   1.9178462E+01   5.3278171E+01   7.8076391E-05   8.3814785E-04
 -1.5752940E-09  -2.0299317E-08   3.9962976E-09  -1.7251150E-07  -1.2712100E-06  -2.7494908E-07  -1.6034018E-07  -1.8744074E-08  -1.8585941E-04   2.3213676E-06   8.8898672E-05   3.9790005E-03   1.3159423E-04   3.8228843E-04   4.3822457E-04  -7.0851644E-05   1.5750951E-04  -1.8952109E-04  -3.1431546E-05   7.8076391E-05   3.7902347E-07   1.0248480E-08
 -2.6843173E-09   6.2982812E-08  -2.3532535E-09  -5.8869154E-08   3.1407919E-06  -1.1604239E-08  -2.3018751E-08  -2.4409291E-08   7.4646941E-04  -3.1109824E-06  -4.5250206E-05   1.0177584E-03   2.0018192E-04  -3.5328505E-04  -1.3370954E-03   1.5366036E-05   2.5744688E-06  -4.9397768E-05   3.6654213E-04   8.3814785E-04   1.0248480E-08   3.7620226E-07
