# omegabh2 omegach2 theta tau omegak logA ns calPlanck acib217 xi asz143 aps100 aps143 aps143217 aps217 aksz kgal100 kgal143 kgal143217 kgal217 cal0 cal2
  6.8889099E-08  -3.7518070E-07   6.9848922E-08   2.8655452E-07  -3.2751214E-06  -1.3759773E-07   1.1257043E-06   7.5945677E-09  -2.7208903E-04   4.9459836E-06   5.4386008E-05  -1.2696316E-03  -8.6067396E-04  -4.0645945E-04  -1.4146833E-04  -8.4613552E-05   1.4469557E-05  -4.0947887E-06  -3.2887134E-05   3.8548619E-05  -4.1305918E-10  -6.8859815E-09
 -3.7518070E-07   5.2122760E-06  -5.8747878E-07  -2.8525940E-06   2.4984366E-05   5.9044800E-06  -1.2597095E-05  -1.3061564E-07   1.3649689E-03  -9.8180447E-06  -2.5452012E-04   4.9383177E-03   4.4453924E-03   2.5733957E-03   8.6739022E-04   3.1458137E-04   3.5894067E-05  -5.2217103E-05   6.0737792E-05  -3.6882275E-04  -1.7461741E-08   3.7680560E-08
  6.9848922E-08  -5.8747878E-07   2.6139236E-07   3.0593427E-07  -3.6764152E-06  -4.1268706E-07   1.7435299E-06   3.7114096E-08  -2.5545966E-04   5.2921989E-06   3.5814008E-05  -1.0364239E-03  -6.2124417E-04  -2.8907990E-04  -5.6410205E-05  -4.0382988E-05   1.8040792E-05  -9.4196587E-06  -3.0972279E-05   4.2308255E-05   1.3869522E-09  -5.2255089E-09
  2.8655452E-07  -2.8525940E-06   3.0593427E-07   3.1631853E-05   3.2438630E-06   5.5806354E-05   8.6993573E-06  -3.7377343E-07  -2.7344717E-03   5.8297826E-05   4.3777874E-04  -9.9553098E-03  -4.0403772E-03  -2.3150767E-04   1.6392860E-03  -5.5292063E-04   1.5222169E-04  -9.3940397E-06  -3.5091444E-04   3.6860655E-04   7.2817845E-08  -1.1925499E-07
 -3.2751214E-06   2.4984366E-05  -3.6764152E-06   3.2438630E-06   5.2210645E-04   6.2025743E-05  -7.2346413E-05   2.5856819E-06   1.8585259E-02  -3.0077763E-04  -2.7674824E-03   8.8155202E-02   5.6672347E-02   3.1970996E-02   1.1736207E-02   6.3760733E-03  -1.3179888E-03   7.4178226E-04   2.1653332E-03  -1.6926045E-03   4.0362643E-08   7.6864267E-07
 -1.3759773E-07   5.9044800E-06  -4.1268706E-07   5.5806354E-05   6.2025743E-05   1.5210842E-04  -1.2095747E-05   1.1717111E-05  -3.2281414E-03   1.7002828E-04   1.3402904E-04  -5.7722497E-03   2.1291667E-03   7.2284848E-03   1.0604056E-02  -7.7898885E-04  -2.8428785E-04  -9.2294861E-04  -1.3651037E-03   1.4647548E-03   2.8089056E-07  -1.0491264E-07
  1.1257043E-06  -1.2597095E-05   1.7435299E-06   8.6993573E-06  -7.2346413E-05  -1.2095747E-05   4.1652510E-05   2.6586172E-07  -8.2172097E-03   1.2501377E-04   1.4937368E-03  -3.9058046E-02  -1.8809893E-02  -6.4286125E-03   1.4378522E-03  -2.7141367E-03   4.0002194E-04  -3.3140407E-04  -6.0724881E-04   2.2655947E-03  -1.0839650E-07  -1.5679023E-07
  7.5945677E-09  -1.3061564E-07   3.7114096E-08  -3.7377343E-07   2.5856819E-06   1.1717111E-05   2.6586172E-07   6.3087770E-06   5.5672116E-04   9.3999290E-06  -7.8430996E-05   4.3987625E-03   5.3595252E-04   2.7011906E-04   1.1300246E-03   1.7256323E-04  -1.7581370E-04  -8.0392397E-05  -4.1330801E-05   9.2255939E-04   1.2537562E-08   3.8202465E-08
 -2.7208903E-04   1.3649689E-03  -2.5545966E-04  -2.7344717E-03   1.8585259E-02  -3.2281414E-03  -8.2172097E-03   5.5672116E-04   4.5285280E+01  -3.9765980E-01  -1.3288514E+00   4.5262577E+01   5.8611933E+00  -1.0420000E+01  -5.3344420E+01   2.1749077E-02  -1.4122677E-01   6.6197175E-01  -5.8655507E+00  -3.3710532E+01  -1.6697046E-04   7.1707286E-04
  4.9459836E-06  -9.8180447E-06   5.2921989E-06   5.8297826E-05  -3.0077763E-04   1.7002828E-04   1.2501377E-04   9.3999290E-06  -3.9765980E-01   8.0596918E-02  -1.5045370E-02  -8.4258135E-01   8.6865550E-01   1.7403905E+00   6.8871226E-01   1.0142492E-02  -1.0331734E-05   1.5328288E-02   1.1630719E-01   1.4738660E-01   6.1923765E-06  -2.6500768E-06
  5.4386008E-05  -2.5452012E-04   3.5814008E-05   4.3777874E-04  -2.7674824E-03   1.3402904E-04   1.4937368E-03  -7.8430996E-05  -1.3288514E+00  -1.5045370E-02   3.5697286E+00  -2.9603679E+01  -3.9041691E+00   6.7466329E+00   4.7192462E+00  -2.1776036E+00  -2.0738511E-01   1.5994766E-01   2.4301128E+00   3.1589064E+00   1.0064385E-04  -4.9478587E-05
 -1.2696316E-03   4.9383177E-03  -1.0364239E-03  -9.9553098E-03   8.8155202E-02  -5.7722497E-03  -3.9058046E-02   4.3987625E-03   4.5262577E+01  -8.4258135E-01  -2.9603679E+01   7.9659713E+02   8.0994861E+01  -4.8599885E+01  -6.0472594E+01   1.2938441E+01  -8.3385458E+00   4.8087974E+00  -1.1665134E+01  -2.8073656E+01   3.9206250E-03   5.9046231E-04
 -8.6067396E-04   4.4453924E-03  -6.2124417E-04  -4.0403772E-03   5.6672347E-02   2.1291667E-03  -1.8809893E-02   5.3595252E-04   5.8611933E+00   8.6865550E-01  -3.9041691E+00   8.0994861E+01   6.8061265E+01   4.3438023E+01   1.4865549E+01  -3.2617992E+00  -5.7852072E-01  -1.2435049E+00   2.8578594E+00   1.3017939E+00   1.2571118E-04   1.8778132E-04
 -4.0645945E-04   2.5733957E-03  -2.8907990E-04  -2.3150767E-04   3.1970996E-02   7.2284848E-03  -6.4286125E-03   2.7011906E-04  -1.0420000E+01   1.7403905E+00   6.7466329E+00  -4.8599885E+01   4.3438023E+01   8.5696461E+01   5.0246094E+01  -9.3693152E+00  -9.7020909E-01  -5.9860043E-01   4.0842106E+00   5.3421298E+00   3.9598510E-04  -3.3641660E-04
 -1.4146833E-04   8.6739022E-04  -5.6410205E-05   1.6392860E-03   1.1736207E-02   1.0604056E-02   1.4378522E-03   1.1300246E-03  -5.3344420E+01   6.8871226E-01   4.7192462E+00  -6.0472594E+01   1.4865549E+01   5.0246094E+01   9.8267219E+01  -6.9370679E+00  -6.7663419E-01  -1.4186856E+00   4.8360920E+00   3.1758894E+01   3.4631667E-04  -1.2651472E-03
 -8.4613552E-05   3.1458137E-04  -4.0382988E-05  -5.5292063E-04   6.3760733E-03  -7.7898885E-04  -2.7141367E-03   1.7256323E-04   2.1749077E-02   1.0142492E-02  -2.1776036E+00   1.2938441E+01  -3.2617992E+00  -9.3693152E+00  -6.9370679E+00   4.7716595E+00   1.3497984E-01  -1.1731042E-01  -1.4788119E+00  -1.4006098E+00  -4.7705446E-05   1.9785400E-05
  1.4469557E-05   3.5894067E-05   1.8040792E-05   1.5222169E-04  -1.3179888E-03  -2.8428785E-04   4.0002194E-04  -1.7581370E-04  -1.4122677E-01  -1.0331734E-05  -2.0738511E-01  -8.3385458E+00  -5.7852072E-01  -9.7020909E-01  -6.7663419E-01   1.3497984E-01   3.3290279E+00   5.1307845E-01   2.0841478E-01   4.3795322E-01   1.4061489E-04   2.0123347E-05
 -4.0947887E-06  -5.2217103E-05  -9.4196587E-06  -9.3940397E-06   7.4178226E-04  -9.2294861E-04  -3.3140407E-04  -8.0392397E-05   6.6197175E-01   1.5328288E-02   1.5994766E-01   4.8087974E+00  -1.2435049E+00  -5.9860043E-01  -1.4186856E+00  -1.1731042E-01   5.1307845E-01   3.1872515E+00   2.7459450E+00   2.6725026E+00  -1.8671540E-04  -2.6451503E-05
 -3.2887134E-05   6.0737792E-05  -3.0972279E-05  -3.5091444E-04   2.1653332E-03  -1.3651037E-03  -6.0724881E-04  -4.1330801E-05  -5.8655507E+00   1.1630719E-01   2.4301128E+00  -1.1665134E+01   2.8578594E+00   4.0842106E+00   4.8360920E+00  -1.4788119E+00   2.0841478E-01   2.7459450E+00   1.0533476E+01   1.8861573E+01   3.2378593E-06   4.1055061E-04
  3.8548619E-05  -3.6882275E-04   4.2308255E-05   3.6860655E-04  -1.6926045E-03   1.4647548E-03   2.2655947E-03   9.2255939E-04  -3.3710532E+01   1.4738660E-01   3.1589064E+00  -2.8073656E+01   1.3017939E+00   5.3421298E+00   3.1758894E+01  -1.4006098E+00   4.3795322E-01   2.6725026E+00   1.8861573E+01   5.3189457E+01   9.8909049E-05   9.3157946E-04
 -4.1305918E-10  -1.7461741E-08   1.3869522E-09   7.2817845E-08   4.0362643E-08   2.8089056E-07  -1.0839650E-07   1.2537562E-08  -1.6697046E-04   6.1923765E-06   1.0064385E-04   3.9206250E-03   1.2571118E-04   3.9598510E-04   3.4631667E-04  -4.7705446E-05   1.4061489E-04  -1.8671540E-04   3.2378593E-06   9.8909049E-05   3.8610079E-07   1.0141430E-10
 -6.8859815E-09   3.7680560E-08  -5.2255089E-09  -1.1925499E-07   7.6864267E-07  -1.0491264E-07  -1.5679023E-07   3.8202465E-08   7.1707286E-04  -2.6500768E-06  -4.9478587E-05   5.9046231E-04   1.8778132E-04  -3.3641660E-04  -1.2651472E-03   1.9785400E-05   2.0123347E-05  -2.6451503E-05   4.1055061E-04   9.3157946E-04   1.0141430E-10   3.8275432E-07
