# omegabh2 omegach2 theta tau logA ns calPlanck acib217 xi asz143 aps100 aps143 aps143217 aps217 aksz kgal100 kgal143 kgal143217 kgal217 galfTE100 galfTE100143 galfTE100217 galfTE143 galfTE143217 galfTE217 cal0 cal2 DES_b1 DES_b2 DES_b3 DES_b4 DES_b5 DES_m1 DES_m2 DES_m3 DES_m4 DES_AIA DES_alphaIA DES_DzL1 DES_DzL2 DES_DzL3 DES_DzL4 DES_DzL5 DES_DzS1 DES_DzS2 DES_DzS3 DES_DzS4
  1.7736435E-08  -4.1418465E-08   9.3618428E-09   1.9414479E-07   4.0561623E-07   1.4106522E-07   1.8631561E-08  -8.0124477E-05   1.8285085E-06   1.6023105E-05  -3.5441694E-04  -1.9699659E-04  -6.2378961E-05   1.1304823E-05  -3.2627025E-05   3.2739010E-06  -7.0957049E-06  -6.8002524E-06   2.4529988E-05   1.1926524E-07   5.5521848E-09  -9.9283144E-08  -2.7424462E-07  -5.2089580E-07  -1.9074137E-06   1.3459690E-09  -1.1692520E-09  -1.5408084E-07  -8.1416826E-08  -1.6848023E-07  -7.7536024E-08  -3.9794569E-07   1.2739771E-08   1.0445084E-08   2.6442444E-07   1.5154530E-07  -1.0588065E-08   1.5672133E-05   2.8866474E-08  -1.0855702E-08  -1.1300612E-08   3.5972297E-09  -5.5527696E-09  -1.5391729E-08   3.3911539E-08   4.9506622E-08   1.4368974E-07
 -4.1418465E-08   7.0735153E-07  -3.2470284E-08  -2.4547218E-06  -3.5990334E-06  -1.7544531E-06  -2.0827073E-07   7.3779881E-05  -1.2071598E-06  -5.0309803E-05   8.2848642E-04   5.0390985E-04   3.1217346E-04   2.0404701E-04   4.7710268E-05  -1.7187369E-05   2.2557307E-05  -1.6706116E-05  -9.7490534E-05  -1.0229687E-07   1.2606222E-07  -6.5780524E-07   1.1687823E-06   1.8471444E-06   8.1095833E-06   8.3600738E-09  -7.7576091E-10   3.2730941E-06   8.9116119E-07   4.5330071E-07   8.2231751E-07   1.5636965E-06   1.0972845E-07  -3.0963453E-07  -3.0881951E-06  -2.2321463E-06   1.2762185E-07  -2.1020871E-04  -1.5734195E-07  -1.8697804E-07  -2.4049113E-08  -2.0108497E-07  -1.6424565E-07   1.8771150E-07  -4.8538468E-07  -8.9412047E-07  -1.3520632E-06
  9.3618428E-09  -3.2470284E-08   8.2465053E-08   1.8397421E-07   4.2354489E-07   1.8361794E-07   1.9952937E-08   2.8315273E-05   2.3538721E-07  -4.0245217E-06   3.5098824E-05  -4.0265410E-05  -1.9188102E-05  -4.7125526E-05   2.1630452E-06   9.6584083E-07   4.2242724E-06  -2.0295784E-05  -4.7903046E-05   1.3357428E-07   1.7761545E-08  -1.5523081E-07  -3.1292592E-07  -8.6160445E-07  -1.7222238E-06   2.0492813E-09   4.5869341E-10  -6.2515500E-07  -4.5044305E-07  -5.3903046E-07  -4.5324517E-07  -8.5451723E-07  -1.2082596E-08  -1.2012084E-07   2.0694847E-07   7.7653724E-08   2.9183184E-08   2.3143484E-05   3.2880837E-09   1.5056315E-08   1.3920430E-08   1.9716163E-08   2.0579767E-08  -6.0889065E-08   5.4427026E-08   1.0801446E-07   2.5185516E-07
  1.9414479E-07  -2.4547218E-06   1.8397421E-07   5.3316372E-05   9.7189860E-05   8.3078915E-06  -1.2357721E-06  -1.3440893E-03  -1.4160039E-05   4.6198857E-04  -7.7214443E-03  -4.1248392E-03  -2.5031494E-03  -1.2568013E-03  -5.7506753E-04  -1.6222264E-04  -1.6431530E-04   1.9889929E-04   7.8500941E-04  -4.2304858E-06   5.3978248E-08   4.2508969E-06   3.9367436E-06  -1.2418448E-05  -1.2678211E-05  -6.8215964E-08  -7.1597949E-08  -7.1571117E-05  -7.1008911E-05  -7.5358834E-05  -9.1630008E-05  -1.0357640E-04  -7.2999274E-07   8.0762379E-08  -1.3131417E-06  -3.4704881E-06   1.5471370E-05  -2.9483048E-04   6.8359950E-07   2.1708238E-07  -1.4364459E-07  -3.0966243E-07   8.0357555E-08   3.7679462E-06   3.0382659E-07  -2.2765914E-06  -4.2403192E-06
  4.0561623E-07  -3.5990334E-06   4.2354489E-07   9.7189860E-05   2.0526837E-04   1.2194741E-05   9.1953266E-06  -2.9480188E-03  -5.4635890E-06   8.2623034E-04  -1.2563648E-02  -6.3465569E-03  -2.0960431E-03   4.0949652E-03  -1.9200819E-03  -4.8136669E-04  -8.3174708E-04  -3.3719449E-04   2.6657380E-03  -9.6688382E-06   1.0601759E-06   5.1249563E-06   1.1504343E-05  -2.5942390E-05  -8.5813531E-06  -6.1335003E-09  -1.4236837E-07  -1.5244974E-04  -1.5183454E-04  -1.6169376E-04  -2.0083813E-04  -2.1836477E-04  -5.5736681E-07  -1.2834029E-06  -1.0756922E-05  -1.1917215E-05   2.5028348E-05  -9.0919850E-04   5.1173780E-07  -3.6277116E-07  -2.0967335E-07  -1.1074094E-06  -3.9565712E-07   6.2223032E-06  -2.0606546E-07  -5.9137060E-06  -1.2370272E-05
  1.4106522E-07  -1.7544531E-06   1.8361794E-07   8.3078915E-06   1.2194741E-05   1.3148106E-05   6.1541288E-07  -3.8632248E-03   8.6226336E-05   8.9063738E-04  -2.1968873E-02  -6.1948004E-03   1.1043105E-03   3.9065598E-03  -2.0480087E-03   3.1658017E-04  -3.3426092E-04  -1.2836971E-04   1.6209271E-03  -1.5538461E-06   1.0339036E-06  -4.6535118E-07  -3.3643126E-06  -4.8213325E-06  -1.7986831E-05  -1.2115059E-07  -2.8303584E-08  -9.9326221E-06  -6.5072177E-06  -3.2367422E-06  -6.6024904E-06  -7.3537663E-06  -8.8519348E-07  -4.9124894E-08   6.8093552E-06   4.1575148E-06   5.2990356E-07   4.3119318E-04   9.3029812E-08   4.7008318E-07   8.7788511E-08   5.5283918E-07  -4.7288286E-08   4.1909481E-08   1.0327255E-06   1.3863197E-06   3.1928800E-06
  1.8631561E-08  -2.0827073E-07   1.9952937E-08  -1.2357721E-06   9.1953266E-06   6.1541288E-07   6.0781714E-06   6.7948242E-04  -1.5036502E-05   1.7200017E-05   2.5640039E-03   2.5092395E-04   1.2849546E-04   1.3790655E-03  -7.1114946E-05   6.7484965E-05  -3.8089929E-05  -1.1473204E-04   6.4750361E-04  -1.1097559E-06   3.5899066E-07  -1.2331076E-06   1.1858927E-06  -2.4426396E-06   1.9852155E-06  -1.6786984E-08   3.9954790E-09  -8.2783786E-06  -6.0535640E-06  -5.6930278E-06  -9.2365783E-06  -7.5002061E-06  -6.2651041E-08  -1.2866464E-07  -5.3189349E-07  -1.8723274E-07  -1.7498995E-06   8.9193541E-05  -3.1627972E-07  -9.5712252E-08   3.6494096E-08  -7.4714450E-08  -1.4838545E-08  -5.8059621E-07   6.3029957E-08   2.6267350E-07  -5.4135490E-07
 -8.0124477E-05   7.3779881E-05   2.8315273E-05  -1.3440893E-03  -2.9480188E-03  -3.8632248E-03   6.7948242E-04   4.4985886E+01  -3.9216806E-01  -8.8492587E-01   3.5113612E+01   1.2999380E+00  -1.3420350E+01  -5.5766950E+01  -9.6089458E-02   9.7117715E-02   4.0243533E-01  -6.2051511E+00  -3.4191287E+01   3.0576283E-04   1.7148428E-03   1.6575367E-04   8.6266416E-03  -7.4750727E-03  -8.3050851E-03  -1.8094594E-04   7.3053720E-04  -8.2599722E-03  -6.9847693E-04   4.0562397E-03   6.1669705E-03  -9.8329101E-03   2.5952879E-04  -1.0845732E-03   2.5753195E-03  -1.5650871E-03  -2.8695130E-02  -2.0757126E-01  -2.5259114E-04   3.4648355E-05   4.0900954E-04  -1.0499251E-03  -1.3865873E-04  -3.5360584E-04  -8.5537046E-04   6.8013852E-06  -7.1897884E-04
  1.8285085E-06  -1.2071598E-06   2.3538721E-07  -1.4160039E-05  -5.4635890E-06   8.6226336E-05  -1.5036502E-05  -3.9216806E-01   8.1991081E-02  -3.3121931E-02  -6.8546412E-01   9.2256650E-01   1.7218999E+00   6.3785669E-01   2.9726934E-02  -1.8899442E-02   1.4857324E-02   1.2792929E-01   1.6514497E-01  -6.0200169E-06  -6.9651691E-05  -6.4733107E-05  -4.4238268E-04  -1.5800670E-04  -6.8006432E-04   3.6476883E-06  -4.6102978E-07   4.4337939E-04   1.8910760E-04  -1.9935685E-04   8.2348978E-05   3.6419475E-04   7.5031043E-05   1.5031239E-05   6.8166445E-05   1.7533264E-04   5.9277588E-04   4.7311117E-03   7.0584706E-06  -2.4074625E-05  -9.3558799E-06  -4.6684096E-05  -6.0656808E-05   4.7091180E-05   1.6530027E-05   1.6866298E-05  -2.7557366E-05
  1.6023105E-05  -5.0309803E-05  -4.0245217E-06   4.6198857E-04   8.2623034E-04   8.9063738E-04   1.7200017E-05  -8.8492587E-01  -3.3121931E-02   3.8410413E+00  -3.0597148E+01  -3.1818392E+00   7.7493714E+00   5.4096001E+00  -2.6591161E+00  -2.0539712E-01   1.6243204E-01   2.6565318E+00   3.3225328E+00  -3.7453207E-04   2.8702481E-04   2.8960457E-03  -1.7359251E-03   1.3569300E-03  -1.8694350E-03   1.2536154E-04  -2.2393129E-05  -3.9730403E-04  -8.8703170E-04   1.2418678E-04  -9.2114375E-04  -9.4656918E-04  -4.6692507E-04   1.5667312E-05   1.3970975E-04   1.6026007E-05  -7.8993299E-04  -7.7738138E-02  -9.8374827E-05  -1.7074289E-04  -2.2039439E-05   1.5862686E-04   1.3026932E-04   4.7133746E-04  -1.0070222E-04   7.7281626E-05   5.0689314E-04
 -3.5441694E-04   8.2848642E-04   3.5098824E-05  -7.7214443E-03  -1.2563648E-02  -2.1968873E-02   2.5640039E-03   3.5113612E+01  -6.8546412E-01  -3.0597148E+01   7.7870811E+02   6.4846845E+01  -5.6754611E+01  -5.9248508E+01   1.3407709E+01  -6.7529070E+00   5.4046530E+00  -1.3755781E+01  -2.5852426E+01   1.1506694E-02  -5.5586442E-03  -2.4215257E-02   1.2205904E-02  -3.5405537E-02  -1.1231909E-01   3.5442671E-03   4.9321382E-04  -1.2675026E-02   1.2059783E-02   9.7227539E-03   8.3173855E-03  -6.4235182E-03   2.3562410E-03  -4.8780063E-03  -6.0038277E-03   1.8734199E-03   6.3749446E-02   1.1856939E+00  -1.6903844E-03   2.7411256E-03   1.0546753E-03  -2.0206557E-03  -1.0063840E-03   2.4082682E-04   3.8641151E-03   1.2883329E-03  -1.3978070E-02
 -1.9699659E-04   5.0390985E-04  -4.0265410E-05  -4.1248392E-03  -6.3465569E-03  -6.1948004E-03   2.5092395E-04   1.2999380E+00   9.2256650E-01  -3.1818392E+00   6.4846845E+01   6.0455811E+01   4.0098289E+01   1.5221147E+01  -4.9690787E+00  -6.0038170E-01  -1.3439346E+00   3.4007456E+00   4.1560146E+00  -3.3788288E-04  -1.1604156E-04  -2.7204833E-03  -1.2363965E-03   1.9208856E-03   8.3450189E-03   1.0323463E-04   1.2045104E-04   3.2819475E-03   7.9460322E-03  -8.8531050E-04   2.2418682E-03   6.7717711E-03  -9.7673938E-04   1.4268030E-03  -1.6181656E-03  -1.5461158E-03   2.1517121E-02   2.7886726E-01  -4.4225766E-05   4.7596740E-05  -1.7145259E-04  -8.3716250E-04  -1.8653229E-04   2.4609178E-04  -1.9387809E-03  -8.3413385E-04  -4.0639671E-03
 -6.2378961E-05   3.1217346E-04  -1.9188102E-05  -2.5031494E-03  -2.0960431E-03   1.1043105E-03   1.2849546E-04  -1.3420350E+01   1.7218999E+00   7.7493714E+00  -5.6754611E+01   4.0098289E+01   8.5504999E+01   5.3313113E+01  -1.1788199E+01  -1.3525081E+00  -4.8532874E-01   5.4353968E+00   8.9050853E+00  -9.0199707E-04  -1.1327975E-03   8.6783013E-03  -1.0179814E-02   8.0156578E-03  -2.4829601E-02   4.7284901E-04  -3.1439560E-04   1.4230057E-02   4.1235624E-03  -2.4907534E-03  -2.5339183E-03   6.7955926E-03  -1.9345417E-03   1.3231644E-03  -9.8234348E-04   1.8157204E-03   1.1386759E-02  -2.3002520E-01  -3.4877479E-04  -7.9526048E-04  -5.3730259E-04  -7.3190872E-04  -1.0556417E-03   3.2239439E-03  -1.3191736E-03  -5.6061284E-04  -1.0043765E-03
  1.1304823E-05   2.0404701E-04  -4.7125526E-05  -1.2568013E-03   4.0949652E-03   3.9065598E-03   1.3790655E-03  -5.5766950E+01   6.3785669E-01   5.4096001E+00  -5.9248508E+01   1.5221147E+01   5.3313113E+01   1.0457341E+02  -9.1082112E+00  -7.8786935E-01  -9.1652560E-01   6.0972171E+00   3.4920038E+01  -1.2530708E-03  -1.0551469E-03   7.4720620E-03  -9.4808285E-03   2.1248293E-02   1.0692329E-02   4.7732332E-04  -1.3589699E-03   8.3106501E-03  -2.5136739E-03  -7.2064884E-03  -1.6838451E-02   1.5287047E-02  -1.9654766E-03   1.4864402E-03  -5.2295373E-03   1.1362732E-03   2.3071213E-02  -7.3452662E-02  -3.7923263E-05  -3.4563016E-04  -1.0657727E-03   9.8507290E-04  -9.6289235E-05   2.7192689E-03  -3.4967963E-04  -8.2336163E-04   1.7953412E-04
 -3.2627025E-05   4.7710268E-05   2.1630452E-06  -5.7506753E-04  -1.9200819E-03  -2.0480087E-03  -7.1114946E-05  -9.6089458E-02   2.9726934E-02  -2.6591161E+00   1.3407709E+01  -4.9690787E+00  -1.1788199E+01  -9.1082112E+00   5.6820962E+00   1.4065368E-01  -2.3307657E-01  -2.1484623E+00  -2.5202271E+00   8.5074538E-04  -6.8209546E-04  -1.9116989E-03  -8.7429783E-05  -3.0910792E-03  -7.3694255E-04  -8.5214133E-05  -2.4753622E-05   1.6775579E-03   9.4064629E-04   4.2037758E-04   2.6866325E-03   2.6892683E-03   6.0935879E-04   1.1029744E-04   1.9402579E-04   3.1209858E-04   3.4205304E-03   9.3383667E-02   1.0871553E-04   4.7676254E-05   2.0082498E-04  -9.4998592E-05   9.1313221E-05  -7.4898996E-04   5.6016493E-04   2.2911801E-04   1.7730818E-04
  3.2739010E-06  -1.7187369E-05   9.6584083E-07  -1.6222264E-04  -4.8136669E-04   3.1658017E-04   6.7484965E-05   9.7117715E-02  -1.8899442E-02  -2.0539712E-01  -6.7529070E+00  -6.0038170E-01  -1.3525081E+00  -7.8786935E-01   1.4065368E-01   3.3302884E+00   4.7099918E-01   1.6163756E-01   2.3165882E-01   6.8280582E-05   1.4744277E-04   3.4703083E-03   1.6957462E-04   2.8017762E-03   5.8991000E-03   1.8281633E-04  -7.8231800E-07   1.4414193E-03   1.0297122E-03   1.3516020E-03  -9.5132901E-05   1.5538257E-03   7.5453842E-04  -1.7303993E-04   3.8484281E-04   4.1499623E-04   2.7628898E-03   5.6406993E-02   1.5610782E-04  -3.1959127E-04  -1.1818235E-04  -3.0680933E-04   1.0861239E-04  -2.8379751E-04   1.7012123E-04  -1.9653532E-04   2.7200942E-04
 -7.0957049E-06   2.2557307E-05   4.2242724E-06  -1.6431530E-04  -8.3174708E-04  -3.3426092E-04  -3.8089929E-05   4.0243533E-01   1.4857324E-02   1.6243204E-01   5.4046530E+00  -1.3439346E+00  -4.8532874E-01  -9.1652560E-01  -2.3307657E-01   4.7099918E-01   3.1275933E+00   2.6617496E+00   2.6652534E+00   4.7508394E-04  -3.1709120E-04  -2.1994225E-03   3.7570671E-04   1.7638574E-04   5.5614537E-03  -1.7890373E-04  -3.6447839E-05  -9.6202028E-04   4.0836591E-03   1.3998191E-03  -3.4815418E-04   2.3777612E-03  -2.6969652E-04  -7.2962996E-05  -6.1955519E-06   5.1157704E-04  -1.6865299E-03  -1.0885030E-01  -2.4896425E-04   1.6359581E-04  -1.0714969E-04  -6.1597927E-05   9.9828065E-05   4.2234637E-04   6.5556886E-05   8.4018271E-05  -5.9745794E-05
 -6.8002524E-06  -1.6706116E-05  -2.0295784E-05   1.9889929E-04  -3.3719449E-04  -1.2836971E-04  -1.1473204E-04  -6.2051511E+00   1.2792929E-01   2.6565318E+00  -1.3755781E+01   3.4007456E+00   5.4353968E+00   6.0972171E+00  -2.1484623E+00   1.6163756E-01   2.6617496E+00   1.0720725E+01   1.9283048E+01   7.4391507E-04   2.6645092E-05  -5.5782883E-03  -2.3868594E-03   1.4037597E-03   1.9311125E-02  -2.4773579E-05   4.2443925E-04  -2.0070528E-04   2.8807457E-03   1.9034750E-04  -2.0902392E-04   4.3466457E-03  -4.6708307E-04   9.9863856E-04   1.6089366E-04   4.9421449E-04   5.3463266E-03  -6.1650145E-02  -2.0049509E-04   2.4267279E-05   3.9043321E-05   2.8260743E-04   2.2784835E-04   6.5666023E-04  -1.9535827E-04   2.2147450E-04  -5.7526738E-06
  2.4529988E-05  -9.7490534E-05  -4.7903046E-05   7.8500941E-04   2.6657380E-03   1.6209271E-03   6.4750361E-04  -3.4191287E+01   1.6514497E-01   3.3225328E+00  -2.5852426E+01   4.1560146E+00   8.9050853E+00   3.4920038E+01  -2.5202271E+00   2.3165882E-01   2.6652534E+00   1.9283048E+01   5.4082939E+01  -2.3585764E-04  -1.4652311E-03  -9.9748206E-03  -4.8237832E-03   3.8328792E-03   3.1588541E-02   4.7566679E-05   9.6109911E-04   4.7862127E-03   2.6846238E-03  -1.9847243E-03  -1.7697826E-03   5.7763466E-03  -7.9542529E-04   2.4067791E-03  -1.3727170E-03   6.0160044E-04   2.6849472E-02   4.6929646E-02  -1.9394123E-04   2.3718532E-04   4.2368247E-06   1.3859665E-03   5.3735948E-04   4.7543392E-04   2.4726273E-04   4.6574201E-04   6.5666543E-04
  1.1926524E-07  -1.0229687E-07   1.3357428E-07  -4.2304858E-06  -9.6688382E-06  -1.5538461E-06  -1.1097559E-06   3.0576283E-04  -6.0200169E-06  -3.7453207E-04   1.1506694E-02  -3.3788288E-04  -9.0199707E-04  -1.2530708E-03   8.5074538E-04   6.8280582E-05   4.7508394E-04   7.4391507E-04  -2.3585764E-04   1.4643533E-03   2.8491994E-04   6.8717863E-05  -3.5119888E-04  -1.1780112E-04  -9.0166837E-05   5.3742850E-08  -1.3731880E-08   3.1709796E-05   1.7471503E-05   2.5297091E-06   3.7543727E-05   8.9220920E-06   1.9781223E-05  -4.5023669E-06  -1.3357695E-05   8.7186308E-06   3.9302165E-05  -3.5211487E-04   2.3489113E-06  -2.5831284E-06   1.9330618E-06   3.9912241E-06  -9.8380167E-07   9.5714444E-07   7.7358805E-06   1.5578857E-05   1.0692653E-05
  5.5521848E-09   1.2606222E-07   1.7761545E-08   5.3978248E-08   1.0601759E-06   1.0339036E-06   3.5899066E-07   1.7148428E-03  -6.9651691E-05   2.8702481E-04  -5.5586442E-03  -1.1604156E-04  -1.1327975E-03  -1.0551469E-03  -6.8209546E-04   1.4744277E-04  -3.1709120E-04   2.6645092E-05  -1.4652311E-03   2.8491994E-04   8.7413939E-04  -1.9596437E-05   7.3670424E-04   9.3106281E-06  -6.5548429E-04  -2.8513223E-07   1.1059360E-07   2.5028781E-07  -1.0480556E-06  -1.7877366E-05   1.1511239E-05   1.0567184E-05  -4.5572278E-06  -6.7439216E-06  -6.2531193E-06   5.1481109E-06  -1.3171650E-05  -1.0952957E-03   1.0211154E-06   2.8134856E-06  -1.0648884E-06  -7.7733839E-06   3.7042567E-06   1.1129932E-05   9.7558646E-07   8.8338226E-06   1.1713002E-05
 -9.9283144E-08  -6.5780524E-07  -1.5523081E-07   4.2508969E-06   5.1249563E-06  -4.6535118E-07  -1.2331076E-06   1.6575367E-04  -6.4733107E-05   2.8960457E-03  -2.4215257E-02  -2.7204833E-03   8.6783013E-03   7.4720620E-03  -1.9116989E-03   3.4703083E-03  -2.1994225E-03  -5.5782883E-03  -9.9748206E-03   6.8717863E-05  -1.9596437E-05   7.1959153E-03  -3.7504110E-04   5.9146648E-04   4.1184960E-03   8.5693584E-07  -1.2850585E-06  -7.7783920E-05  -9.1974423E-05   2.9811055E-05   5.9934191E-05  -1.0733832E-04   2.7320381E-05   1.6210270E-05  -9.5331847E-06   1.9729094E-05   3.4503335E-04   1.1009215E-03   5.9432221E-07  -1.4901122E-06   3.4328804E-06   7.9985372E-06  -3.7101286E-06  -9.8639438E-06   1.7840204E-05   1.3908456E-05  -1.5202919E-06
 -2.7424462E-07   1.1687823E-06  -3.1292592E-07   3.9367436E-06   1.1504343E-05  -3.3643126E-06   1.1858927E-06   8.6266416E-03  -4.4238268E-04  -1.7359251E-03   1.2205904E-02  -1.2363965E-03  -1.0179814E-02  -9.4808285E-03  -8.7429783E-05   1.6957462E-04   3.7570671E-04  -2.3868594E-03  -4.8237832E-03  -3.5119888E-04   7.3670424E-04  -3.7504110E-04   2.8944573E-03   5.6122123E-04  -8.9614866E-04  -6.9109089E-07   4.7238549E-07   4.0250482E-05  -2.7967769E-05  -4.7143916E-05  -4.9670883E-05   3.7836546E-05  -2.7511673E-05  -1.5665983E-05  -9.0884064E-06  -1.9212251E-05  -1.4920697E-04  -7.7959237E-04   1.7329233E-06   1.0313682E-05  -7.0884855E-06  -8.6250147E-06   3.9135292E-06   6.6002915E-06  -5.8676052E-06   1.1989818E-05  -3.6248072E-06
 -5.2089580E-07   1.8471444E-06  -8.6160445E-07  -1.2418448E-05  -2.5942390E-05  -4.8213325E-06  -2.4426396E-06  -7.4750727E-03  -1.5800670E-04   1.3569300E-03  -3.5405537E-02   1.9208856E-03   8.0156578E-03   2.1248293E-02  -3.0910792E-03   2.8017762E-03   1.7638574E-04   1.4037597E-03   3.8328792E-03  -1.1780112E-04   9.3106281E-06   5.9146648E-04   5.6122123E-04   6.4659103E-03   8.1065072E-03   4.2468683E-07   1.1576875E-07   1.7236173E-05  -7.4403441E-05  -3.9416746E-06  -5.2693380E-06   9.7413623E-05  -4.8057750E-05  -3.0032097E-06  -6.8934995E-06  -4.9656778E-05   1.3376558E-04  -2.3222728E-03  -7.6692103E-06   6.6181016E-06  -7.8610755E-07   5.9729230E-06  -3.7168693E-06   2.0882120E-07   9.8705958E-06  -9.6819193E-06   2.0026636E-06
 -1.9074137E-06   8.1095833E-06  -1.7222238E-06  -1.2678211E-05  -8.5813531E-06  -1.7986831E-05   1.9852155E-06  -8.3050851E-03  -6.8006432E-04  -1.8694350E-03  -1.1231909E-01   8.3450189E-03  -2.4829601E-02   1.0692329E-02  -7.3694255E-04   5.8991000E-03   5.5614537E-03   1.9311125E-02   3.1588541E-02  -9.0166837E-05  -6.5548429E-04   4.1184960E-03  -8.9614866E-04   8.1065072E-03   7.1288095E-02  -2.8908632E-06  -1.0432704E-06   5.7220178E-05  -7.0942966E-05   1.0066859E-04  -9.1311955E-05   1.1257792E-04   1.6883501E-05  -6.7830926E-05   1.1697310E-05   1.4855236E-05   1.2186767E-04  -1.2619281E-02   3.1063137E-06   1.0306290E-05  -4.1048557E-05   1.4956687E-05  -4.5361537E-05  -1.4995834E-05  -3.0470680E-05  -3.9725549E-06  -1.3124411E-04
  1.3459690E-09   8.3600738E-09   2.0492813E-09  -6.8215964E-08  -6.1335003E-09  -1.2115059E-07  -1.6786984E-08  -1.8094594E-04   3.6476883E-06   1.2536154E-04   3.5442671E-03   1.0323463E-04   4.7284901E-04   4.7732332E-04  -8.5214133E-05   1.8281633E-04  -1.7890373E-04  -2.4773579E-05   4.7566679E-05   5.3742850E-08  -2.8513223E-07   8.5693584E-07  -6.9109089E-07   4.2468683E-07  -2.8908632E-06   3.7748326E-07   2.0524022E-09  -8.1662643E-07  -6.6198929E-07   6.7845126E-08  -3.7224216E-07  -2.0467422E-07   6.0133987E-08  -2.5070429E-08   5.4016367E-08   1.7874358E-07   8.7367029E-07   2.8734942E-05  -1.6006013E-08  -3.1676231E-08   9.5252179E-09  -1.4854699E-07  -1.3934265E-07  -8.5726243E-08   1.3809698E-07   8.1004346E-08  -2.7458372E-07
 -1.1692520E-09  -7.7576091E-10   4.5869341E-10  -7.1597949E-08  -1.4236837E-07  -2.8303584E-08   3.9954790E-09   7.3053720E-04  -4.6102978E-07  -2.2393129E-05   4.9321382E-04   1.2045104E-04  -3.1439560E-04  -1.3589699E-03  -2.4753622E-05  -7.8231800E-07  -3.6447839E-05   4.2443925E-04   9.6109911E-04  -1.3731880E-08   1.1059360E-07  -1.2850585E-06   4.7238549E-07   1.1576875E-07  -1.0432704E-06   2.0524022E-09   3.9619376E-07  -1.1366737E-08   3.0630908E-07  -2.3277121E-07   6.5657539E-07  -1.2851951E-06   1.1522320E-07   5.1643331E-08   2.6326215E-07   1.4719324E-07  -1.2730001E-06  -2.4869483E-05   2.8469192E-09   5.0689518E-09  -2.3118554E-08   1.3545853E-07  -6.2601762E-08   7.0222519E-09  -3.5921852E-08   1.0617623E-07   3.7601297E-08
 -1.5408084E-07   3.2730941E-06  -6.2515500E-07  -7.1571117E-05  -1.5244974E-04  -9.9326221E-06  -8.2783786E-06  -8.2599722E-03   4.4337939E-04  -3.9730403E-04  -1.2675026E-02   3.2819475E-03   1.4230057E-02   8.3106501E-03   1.6775579E-03   1.4414193E-03  -9.6202028E-04  -2.0070528E-04   4.7862127E-03   3.1709796E-05   2.5028781E-07  -7.7783920E-05   4.0250482E-05   1.7236173E-05   5.7220178E-05  -8.1662643E-07  -1.1366737E-08   5.3176982E-03   1.1656961E-04   1.9244728E-04   1.7476600E-04   2.1453287E-04  -1.0594250E-05  -7.8956279E-07   7.2645103E-05   4.1955181E-05  -1.1991673E-04   1.1411021E-02   1.4460353E-04   2.0303053E-05   1.5357439E-05   6.8110666E-06   8.4959814E-06   1.1434403E-06   4.0833347E-06   2.4132763E-05   1.4334523E-05
 -8.1416826E-08   8.9116119E-07  -4.5044305E-07  -7.1008911E-05  -1.5183454E-04  -6.5072177E-06  -6.0535640E-06  -6.9847693E-04   1.8910760E-04  -8.8703170E-04   1.2059783E-02   7.9460322E-03   4.1235624E-03  -2.5136739E-03   9.4064629E-04   1.0297122E-03   4.0836591E-03   2.8807457E-03   2.6846238E-03   1.7471503E-05  -1.0480556E-06  -9.1974423E-05  -2.7967769E-05  -7.4403441E-05  -7.0942966E-05  -6.6198929E-07   3.0630908E-07   1.1656961E-04   2.7433612E-03   1.1736438E-04   2.1355560E-04   1.7769110E-04  -1.3738968E-06   2.9378675E-06   6.1471425E-05   4.4413374E-05  -3.2454170E-04   4.8470330E-03   3.4560490E-06   7.2682626E-05   1.0277080E-06   1.5238561E-05   4.0308044E-06  -2.1405768E-05   9.3775046E-06   2.3110193E-05   3.7755145E-05
 -1.6848023E-07   4.5330071E-07  -5.3903046E-07  -7.5358834E-05  -1.6169376E-04  -3.2367422E-06  -5.6930278E-06   4.0562397E-03  -1.9935685E-04   1.2418678E-04   9.7227539E-03  -8.8531050E-04  -2.4907534E-03  -7.2064884E-03   4.2037758E-04   1.3516020E-03   1.3998191E-03   1.9034750E-04  -1.9847243E-03   2.5297091E-06  -1.7877366E-05   2.9811055E-05  -4.7143916E-05  -3.9416746E-06   1.0066859E-04   6.7845126E-08  -2.3277121E-07   1.9244728E-04   1.1736438E-04   1.9373518E-03   1.7855281E-04   1.5252110E-04  -1.8433718E-05   1.7880543E-05   3.6799331E-05   2.2869078E-05  -3.1561052E-04   1.1795722E-03   6.3056530E-07   4.2209854E-06   6.3940997E-05   4.2087034E-06   2.9730201E-06  -9.2450980E-06   3.4701916E-06   1.3045489E-05   2.9071927E-05
 -7.7536024E-08   8.2231751E-07  -4.5324517E-07  -9.1630008E-05  -2.0083813E-04  -6.6024904E-06  -9.2365783E-06   6.1669705E-03   8.2348978E-05  -9.2114375E-04   8.3173855E-03   2.2418682E-03  -2.5339183E-03  -1.6838451E-02   2.6866325E-03  -9.5132901E-05  -3.4815418E-04  -2.0902392E-04  -1.7697826E-03   3.7543727E-05   1.1511239E-05   5.9934191E-05  -4.9670883E-05  -5.2693380E-06  -9.1311955E-05  -3.7224216E-07   6.5657539E-07   1.7476600E-04   2.1355560E-04   1.7855281E-04   2.6400349E-03   2.3512812E-04   1.9650429E-05   2.0917273E-05   3.9475810E-05   2.0817903E-05  -4.1605279E-04  -1.9847662E-04   4.9148476E-06   1.0928062E-06   2.8699270E-06   1.1239420E-04  -8.4817780E-06  -7.2237363E-07   7.3157968E-06   1.9740754E-05   4.2989285E-05
 -3.9794569E-07   1.5636965E-06  -8.5451723E-07  -1.0357640E-04  -2.1836477E-04  -7.3537663E-06  -7.5002061E-06  -9.8329101E-03   3.6419475E-04  -9.4656918E-04  -6.4235182E-03   6.7717711E-03   6.7955926E-03   1.5287047E-02   2.6892683E-03   1.5538257E-03   2.3777612E-03   4.3466457E-03   5.7763466E-03   8.9220920E-06   1.0567184E-05  -1.0733832E-04   3.7836546E-05   9.7413623E-05   1.1257792E-04  -2.0467422E-07  -1.2851951E-06   2.1453287E-04   1.7769110E-04   1.5252110E-04   2.3512812E-04   5.6653553E-03  -2.5021481E-05   2.0687388E-05   5.5668509E-05   2.0178700E-05  -1.2122704E-04   2.9299353E-04  -1.5735090E-07   5.0545740E-06  -1.4403768E-06  -5.9796266E-07   1.3012877E-04  -1.7807931E-05  -5.6402375E-06   4.8599193E-06   2.3633493E-05
  1.2739771E-08   1.0972845E-07  -1.2082596E-08  -7.2999274E-07  -5.5736681E-07  -8.8519348E-07  -6.2651041E-08   2.5952879E-04   7.5031043E-05  -4.6692507E-04   2.3562410E-03  -9.7673938E-04  -1.9345417E-03  -1.9654766E-03   6.0935879E-04   7.5453842E-04  -2.6969652E-04  -4.6708307E-04  -7.9542529E-04   1.9781223E-05  -4.5572278E-06   2.7320381E-05  -2.7511673E-05  -4.8057750E-05   1.6883501E-05   6.0133987E-08   1.1522320E-07  -1.0594250E-05  -1.3738968E-06  -1.8433718E-05   1.9650429E-05  -2.5021481E-05   5.0600849E-04   1.5762058E-05  -4.1475287E-06   7.2966548E-06   1.1947048E-04  -2.5866298E-03  -8.5584011E-08  -2.9998130E-06   5.4446773E-07   6.4735420E-07  -3.0616099E-06  -2.8494766E-05   6.6594755E-06   1.2521626E-06  -2.4537119E-06
  1.0445084E-08  -3.0963453E-07  -1.2012084E-07   8.0762379E-08  -1.2834029E-06  -4.9124894E-08  -1.2866464E-07  -1.0845732E-03   1.5031239E-05   1.5667312E-05  -4.8780063E-03   1.4268030E-03   1.3231644E-03   1.4864402E-03   1.1029744E-04  -1.7303993E-04  -7.2962996E-05   9.9863856E-04   2.4067791E-03  -4.5023669E-06  -6.7439216E-06   1.6210270E-05  -1.5665983E-05  -3.0032097E-06  -6.7830926E-05  -2.5070429E-08   5.1643331E-08  -7.8956279E-07   2.9378675E-06   1.7880543E-05   2.0917273E-05   2.0687388E-05   1.5762058E-05   4.9888842E-04   1.2606003E-05   8.3619382E-06   1.8187530E-04  -3.1698929E-03  -2.9344542E-06  -1.7592047E-06   4.4707387E-07  -2.6417032E-06  -2.9395923E-06   2.2984380E-05  -3.5782573E-05  -7.8027290E-08  -8.7532123E-07
  2.6442444E-07  -3.0881951E-06   2.0694847E-07  -1.3131417E-06  -1.0756922E-05   6.8093552E-06  -5.3189349E-07   2.5753195E-03   6.8166445E-05   1.3970975E-04  -6.0038277E-03  -1.6181656E-03  -9.8234348E-04  -5.2295373E-03   1.9402579E-04   3.8484281E-04  -6.1955519E-06   1.6089366E-04  -1.3727170E-03  -1.3357695E-05  -6.2531193E-06  -9.5331847E-06  -9.0884064E-06  -6.8934995E-06   1.1697310E-05   5.4016367E-08   2.6326215E-07   7.2645103E-05   6.1471425E-05   3.6799331E-05   3.9475810E-05   5.5668509E-05  -4.1475287E-06   1.2606003E-05   3.6551320E-04   1.5436649E-05   1.1901285E-05   1.0320751E-03  -3.7005883E-06  -1.4879735E-06   1.9153160E-06  -1.2486511E-08  -9.5468131E-08   6.1222880E-06   8.7927642E-06  -4.3754507E-05   1.5040011E-05
  1.5154530E-07  -2.2321463E-06   7.7653724E-08  -3.4704881E-06  -1.1917215E-05   4.1575148E-06  -1.8723274E-07  -1.5650871E-03   1.7533264E-04   1.6026007E-05   1.8734199E-03  -1.5461158E-03   1.8157204E-03   1.1362732E-03   3.1209858E-04   4.1499623E-04   5.1157704E-04   4.9421449E-04   6.0160044E-04   8.7186308E-06   5.1481109E-06   1.9729094E-05  -1.9212251E-05  -4.9656778E-05   1.4855236E-05   1.7874358E-07   1.4719324E-07   4.1955181E-05   4.4413374E-05   2.2869078E-05   2.0817903E-05   2.0178700E-05   7.2966548E-06   8.3619382E-06   1.5436649E-05   4.2267988E-04  -3.8062820E-05   6.1543896E-04  -8.4355261E-08   4.2617325E-07   7.4491431E-07  -1.7102030E-07   2.1523226E-06   3.3170400E-06   1.1642472E-05   1.1092460E-05  -9.7132857E-05
 -1.0588065E-08   1.2762185E-07   2.9183184E-08   1.5471370E-05   2.5028348E-05   5.2990356E-07  -1.7498995E-06  -2.8695130E-02   5.9277588E-04  -7.8993299E-04   6.3749446E-02   2.1517121E-02   1.1386759E-02   2.3071213E-02   3.4205304E-03   2.7628898E-03  -1.6865299E-03   5.3463266E-03   2.6849472E-02   3.9302165E-05  -1.3171650E-05   3.4503335E-04  -1.4920697E-04   1.3376558E-04   1.2186767E-04   8.7367029E-07  -1.2730001E-06  -1.1991673E-04  -3.2454170E-04  -3.1561052E-04  -4.1605279E-04  -1.2122704E-04   1.1947048E-04   1.8187530E-04   1.1901285E-05  -3.8062820E-05   2.6858512E-02   1.3875559E-01  -6.1060918E-06  -6.5861369E-05   2.7308885E-05  -1.4269057E-04  -3.5157122E-05   2.2288699E-04   1.9529817E-04   2.0238403E-04  -1.5314317E-05
  1.5672133E-05  -2.1020871E-04   2.3143484E-05  -2.9483048E-04  -9.0919850E-04   4.3119318E-04   8.9193541E-05  -2.0757126E-01   4.7311117E-03  -7.7738138E-02   1.1856939E+00   2.7886726E-01  -2.3002520E-01  -7.3452662E-02   9.3383667E-02   5.6406993E-02  -1.0885030E-01  -6.1650145E-02   4.6929646E-02  -3.5211487E-04  -1.0952957E-03   1.1009215E-03  -7.7959237E-04  -2.3222728E-03  -1.2619281E-02   2.8734942E-05  -2.4869483E-05   1.1411021E-02   4.8470330E-03   1.1795722E-03  -1.9847662E-04   2.9299353E-04  -2.5866298E-03  -3.1698929E-03   1.0320751E-03   6.1543896E-04   1.3875559E-01   4.7958150E+00   1.0469746E-03   2.8733613E-04   6.3491408E-06  -7.9853335E-04  -4.8418310E-05  -1.2231620E-02  -3.1129930E-03   2.2548150E-03   2.1801784E-03
  2.8866474E-08  -1.5734195E-07   3.2880837E-09   6.8359950E-07   5.1173780E-07   9.3029812E-08  -3.1627972E-07  -2.5259114E-04   7.0584706E-06  -9.8374827E-05  -1.6903844E-03  -4.4225766E-05  -3.4877479E-04  -3.7923263E-05   1.0871553E-04   1.5610782E-04  -2.4896425E-04  -2.0049509E-04  -1.9394123E-04   2.3489113E-06   1.0211154E-06   5.9432221E-07   1.7329233E-06  -7.6692103E-06   3.1063137E-06  -1.6006013E-08   2.8469192E-09   1.4460353E-04   3.4560490E-06   6.3056530E-07   4.9148476E-06  -1.5735090E-07  -8.5584011E-08  -2.9344542E-06  -3.7005883E-06  -8.4355261E-08  -6.1060918E-06   1.0469746E-03   5.5745518E-05  -4.7667516E-07   4.3081710E-07   7.1381893E-07   2.1914691E-06   2.5884337E-06   1.5435956E-07   8.0740629E-07   4.4479643E-07
 -1.0855702E-08  -1.8697804E-07   1.5056315E-08   2.1708238E-07  -3.6277116E-07   4.7008318E-07  -9.5712252E-08   3.4648355E-05  -2.4074625E-05  -1.7074289E-04   2.7411256E-03   4.7596740E-05  -7.9526048E-04  -3.4563016E-04   4.7676254E-05  -3.1959127E-04   1.6359581E-04   2.4267279E-05   2.3718532E-04  -2.5831284E-06   2.8134856E-06  -1.4901122E-06   1.0313682E-05   6.6181016E-06   1.0306290E-05  -3.1676231E-08   5.0689518E-09   2.0303053E-05   7.2682626E-05   4.2209854E-06   1.0928062E-06   5.0545740E-06  -2.9998130E-06  -1.7592047E-06  -1.4879735E-06   4.2617325E-07  -6.5861369E-05   2.8733613E-04  -4.7667516E-07   4.4403590E-05   8.1509660E-07   5.9628193E-08  -1.1702513E-07   1.1872282E-06   3.0823494E-06   1.7196717E-06   3.0526875E-08
 -1.1300612E-08  -2.4049113E-08   1.3920430E-08  -1.4364459E-07  -2.0967335E-07   8.7788511E-08   3.6494096E-08   4.0900954E-04  -9.3558799E-06  -2.2039439E-05   1.0546753E-03  -1.7145259E-04  -5.3730259E-04  -1.0657727E-03   2.0082498E-04  -1.1818235E-04  -1.0714969E-04   3.9043321E-05   4.2368247E-06   1.9330618E-06  -1.0648884E-06   3.4328804E-06  -7.0884855E-06  -7.8610755E-07  -4.1048557E-05   9.5252179E-09  -2.3118554E-08   1.5357439E-05   1.0277080E-06   6.3940997E-05   2.8699270E-06  -1.4403768E-06   5.4446773E-07   4.4707387E-07   1.9153160E-06   7.4491431E-07   2.7308885E-05   6.3491408E-06   4.3081710E-07   8.1509660E-07   4.3131041E-05   1.7667459E-06  -6.4696719E-07  -1.8134671E-07   5.3624266E-06   3.7194798E-06  -1.8261292E-06
  3.5972297E-09  -2.0108497E-07   1.9716163E-08  -3.0966243E-07  -1.1074094E-06   5.5283918E-07  -7.4714450E-08  -1.0499251E-03  -4.6684096E-05   1.5862686E-04  -2.0206557E-03  -8.3716250E-04  -7.3190872E-04   9.8507290E-04  -9.4998592E-05  -3.0680933E-04  -6.1597927E-05   2.8260743E-04   1.3859665E-03   3.9912241E-06  -7.7733839E-06   7.9985372E-06  -8.6250147E-06   5.9729230E-06   1.4956687E-05  -1.4854699E-07   1.3545853E-07   6.8110666E-06   1.5238561E-05   4.2087034E-06   1.1239420E-04  -5.9796266E-07   6.4735420E-07  -2.6417032E-06  -1.2486511E-08  -1.7102030E-07  -1.4269057E-04  -7.9853335E-04   7.1381893E-07   5.9628193E-08   1.7667459E-06   8.2124750E-05   8.8801311E-07  -1.9616602E-07   1.4312588E-06   7.0927381E-06   1.0568386E-05
 -5.5527696E-09  -1.6424565E-07   2.0579767E-08   8.0357555E-08  -3.9565712E-07  -4.7288286E-08  -1.4838545E-08  -1.3865873E-04  -6.0656808E-05   1.3026932E-04  -1.0063840E-03  -1.8653229E-04  -1.0556417E-03  -9.6289235E-05   9.1313221E-05   1.0861239E-04   9.9828065E-05   2.2784835E-04   5.3735948E-04  -9.8380167E-07   3.7042567E-06  -3.7101286E-06   3.9135292E-06  -3.7168693E-06  -4.5361537E-05  -1.3934265E-07  -6.2601762E-08   8.4959814E-06   4.0308044E-06   2.9730201E-06  -8.4817780E-06   1.3012877E-04  -3.0616099E-06  -2.9395923E-06  -9.5468131E-08   2.1523226E-06  -3.5157122E-05  -4.8418310E-05   2.1914691E-06  -1.1702513E-07  -6.4696719E-07   8.8801311E-07   9.7485310E-05  -2.3695411E-07   3.6012063E-07  -2.1728132E-06   1.2016595E-05
 -1.5391729E-08   1.8771150E-07  -6.0889065E-08   3.7679462E-06   6.2223032E-06   4.1909481E-08  -5.8059621E-07  -3.5360584E-04   4.7091180E-05   4.7133746E-04   2.4082682E-04   2.4609178E-04   3.2239439E-03   2.7192689E-03  -7.4898996E-04  -2.8379751E-04   4.2234637E-04   6.5666023E-04   4.7543392E-04   9.5714444E-07   1.1129932E-05  -9.8639438E-06   6.6002915E-06   2.0882120E-07  -1.4995834E-05  -8.5726243E-08   7.0222519E-09   1.1434403E-06  -2.1405768E-05  -9.2450980E-06  -7.2237363E-07  -1.7807931E-05  -2.8494766E-05   2.2984380E-05   6.1222880E-06   3.3170400E-06   2.2288699E-04  -1.2231620E-02   2.5884337E-06   1.1872282E-06  -1.8134671E-07  -1.9616602E-07  -2.3695411E-07   2.0754704E-04   2.6853161E-05   2.5098320E-08  -1.9623391E-06
  3.3911539E-08  -4.8538468E-07   5.4427026E-08   3.0382659E-07  -2.0606546E-07   1.0327255E-06   6.3029957E-08  -8.5537046E-04   1.6530027E-05  -1.0070222E-04   3.8641151E-03  -1.9387809E-03  -1.3191736E-03  -3.4967963E-04   5.6016493E-04   1.7012123E-04   6.5556886E-05  -1.9535827E-04   2.4726273E-04   7.7358805E-06   9.7558646E-07   1.7840204E-05  -5.8676052E-06   9.8705958E-06  -3.0470680E-05   1.3809698E-07  -3.5921852E-08   4.0833347E-06   9.3775046E-06   3.4701916E-06   7.3157968E-06  -5.6402375E-06   6.6594755E-06  -3.5782573E-05   8.7927642E-06   1.1642472E-05   1.9529817E-04  -3.1129930E-03   1.5435956E-07   3.0823494E-06   5.3624266E-06   1.4312588E-06   3.6012063E-07   2.6853161E-05   1.1364455E-04   6.9262775E-06   5.2335919E-06
  4.9506622E-08  -8.9412047E-07   1.0801446E-07  -2.2765914E-06  -5.9137060E-06   1.3863197E-06   2.6267350E-07   6.8013852E-06   1.6866298E-05   7.7281626E-05   1.2883329E-03  -8.3413385E-04  -5.6061284E-04  -8.2336163E-04   2.2911801E-04  -1.9653532E-04   8.4018271E-05   2.2147450E-04   4.6574201E-04   1.5578857E-05   8.8338226E-06   1.3908456E-05   1.1989818E-05  -9.6819193E-06  -3.9725549E-06   8.1004346E-08   1.0617623E-07   2.4132763E-05   2.3110193E-05   1.3045489E-05   1.9740754E-05   4.8599193E-06   1.2521626E-06  -7.8027290E-08  -4.3754507E-05   1.1092460E-05   2.0238403E-04   2.2548150E-03   8.0740629E-07   1.7196717E-06   3.7194798E-06   7.0927381E-06  -2.1728132E-06   2.5098320E-08   6.9262775E-06   9.2891247E-05   1.2628634E-05
  1.4368974E-07  -1.3520632E-06   2.5185516E-07  -4.2403192E-06  -1.2370272E-05   3.1928800E-06  -5.4135490E-07  -7.1897884E-04  -2.7557366E-05   5.0689314E-04  -1.3978070E-02  -4.0639671E-03  -1.0043765E-03   1.7953412E-04   1.7730818E-04   2.7200942E-04  -5.9745794E-05  -5.7526738E-06   6.5666543E-04   1.0692653E-05   1.1713002E-05  -1.5202919E-06  -3.6248072E-06   2.0026636E-06  -1.3124411E-04  -2.7458372E-07   3.7601297E-08   1.4334523E-05   3.7755145E-05   2.9071927E-05   4.2989285E-05   2.3633493E-05  -2.4537119E-06  -8.7532123E-07   1.5040011E-05  -9.7132857E-05  -1.5314317E-05   2.1801784E-03   4.4479643E-07   3.0526875E-08  -1.8261292E-06   1.0568386E-05   1.2016595E-05  -1.9623391E-06   5.2335919E-06   1.2628634E-05   3.3244845E-04
