# omegabh2 omegach2 theta tau logA ns r calPlanck acib217 xi asz143 aps100 aps143 aps143217 aps217 aksz kgal100 kgal143 kgal143217 kgal217 galfTE100 galfTE100143 galfTE100217 galfTE143 galfTE143217 galfTE217 cal0 cal2
  1.7920406E-08  -5.3610210E-08   1.0943511E-08   1.9142374E-07   3.5851159E-07   1.5105249E-07   1.2112409E-07   1.3855609E-08  -7.6214715E-05   1.3416233E-06   2.2027572E-05  -3.2120741E-04  -1.7143710E-04  -2.1908908E-05   4.0294223E-05  -3.7597155E-05  -5.2495731E-06  -8.3224561E-06  -8.2735524E-06   1.4909332E-05   5.7896239E-08   1.0928099E-08   1.3122125E-07  -2.5406599E-07  -5.6356367E-07  -2.2507466E-06   5.7149026E-10  -2.1799038E-09
 -5.3610210E-08   8.8413881E-07  -5.5855179E-08  -2.5379280E-06  -3.2228039E-06  -2.1356804E-06  -2.5576861E-06  -1.3622315E-07   1.6687293E-04  -1.2147963E-06  -9.1404083E-05   1.2046898E-03   5.3687073E-04   7.8963985E-05  -6.3228828E-05   9.5336267E-05   1.4607561E-05   5.8759029E-05   6.8245727E-05   5.8207692E-05   5.4001445E-08  -9.8586833E-09  -7.9875421E-07   2.7737177E-07   9.7263674E-07   1.1586618E-05  -6.8024127E-09   1.2918173E-08
  1.0943511E-08  -5.5855179E-08   8.5365438E-08   2.1259509E-07   4.3638796E-07   2.4810688E-07  -4.0228481E-08   2.4135651E-08  -2.2230179E-05  -1.0813864E-06   1.8284360E-05  -2.2399402E-04  -7.5391205E-05  -7.0347208E-06   1.8867890E-05  -1.6494996E-05   2.4982891E-06   2.7631609E-06  -5.6342326E-06   2.8353358E-06   1.6342988E-07  -2.0129851E-08  -1.0331418E-07  -6.2154050E-07  -3.3040381E-07  -2.8917912E-06   2.5755543E-10  -2.6423440E-09
  1.9142374E-07  -2.5379280E-06   2.1259509E-07   5.4131442E-05   9.7057493E-05   8.2780459E-06  -7.0759301E-06  -2.0116302E-06  -2.4051230E-03   4.9789057E-05   5.2356929E-04  -9.3673111E-03  -3.6671534E-03   2.1929742E-04   1.1732169E-03  -6.8504203E-04  -2.7464734E-05  -6.2195200E-05  -2.0648158E-04   4.3473602E-04   2.9504587E-06   3.1367890E-07   9.6461136E-06  -7.2648235E-06  -1.0568550E-05  -1.3209474E-05  -8.5252865E-08  -4.7562940E-09
  3.5851159E-07  -3.2228039E-06   4.3638796E-07   9.7057493E-05   2.0314792E-04   1.0455830E-05  -2.2495340E-05   7.7287768E-06  -5.4590445E-03   1.3525894E-04   1.1561137E-03  -1.6942989E-02  -5.6537763E-03   3.3255125E-03   8.6460078E-03  -1.9195389E-03  -3.1355591E-04  -9.0234755E-04  -8.5235719E-04   2.7851420E-03   9.0863325E-06   2.1084686E-06   1.7737033E-05  -1.2469171E-05  -1.7612951E-05   1.4637455E-05   1.4331896E-08  -6.3012774E-08
  1.5105249E-07  -2.1356804E-06   2.4810688E-07   8.2780459E-06   1.0455830E-05   1.4376797E-05   2.3894160E-05   3.0271223E-07  -4.5390941E-03   7.9173724E-05   9.0502029E-04  -2.1722596E-02  -6.7657457E-03   1.0834940E-03   5.0563327E-03  -2.0651121E-03   1.8277451E-04  -4.2642784E-04  -4.9556185E-04   1.0405584E-03  -1.2694008E-06   1.9428505E-06   1.8935457E-06   5.5897925E-07  -7.2834856E-07  -4.0734260E-05  -9.3583201E-08  -9.0897245E-08
  1.2112409E-07  -2.5576861E-06  -4.0228481E-08  -7.0759301E-06  -2.2495340E-05   2.3894160E-05   1.2658282E-03   1.9069043E-06  -7.1425452E-05   1.3106490E-04   1.8031181E-03  -2.7456101E-02  -9.4069472E-03  -5.7934908E-04  -3.5367275E-03  -3.0887148E-03  -2.7370721E-03  -9.2065408E-04  -3.5203037E-04  -1.5563610E-03  -1.4605283E-06   1.3308909E-05   1.2871442E-05   6.4228221E-05  -4.3534145E-05  -1.6033808E-04  -4.2600348E-07  -3.7240627E-07
  1.3855609E-08  -1.3622315E-07   2.4135651E-08  -2.0116302E-06   7.7287768E-06   3.0271223E-07   1.9069043E-06   5.9804215E-06   3.2103150E-04  -2.6914735E-06   1.4685562E-04   2.1056936E-03   1.3363054E-04   3.8502837E-04   1.5628781E-03  -3.5161156E-06  -8.3178561E-06  -1.4624317E-04  -1.6164510E-05   9.1882932E-04   1.6626944E-06   9.8592472E-07   1.0618745E-06   1.4636495E-06   1.9020039E-06   9.8701060E-06   2.2081865E-08  -2.7852458E-08
 -7.6214715E-05   1.6687293E-04  -2.2230179E-05  -2.4051230E-03  -5.4590445E-03  -4.5390941E-03  -7.1425452E-05   3.2103150E-04   4.4840730E+01  -3.8078845E-01  -1.0091011E+00   3.9490463E+01   2.0980087E+00  -1.3107343E+01  -5.5480185E+01   4.9502030E-02   1.8660503E-01   5.9437267E-01  -5.8767891E+00  -3.3766115E+01  -3.4014246E-04  -1.8655510E-03   4.8213579E-03  -3.0104391E-03  -4.7331003E-03   1.8415613E-02  -1.9929022E-04   6.9900529E-04
  1.3416233E-06  -1.2147963E-06  -1.0813864E-06   4.9789057E-05   1.3525894E-04   7.9173724E-05   1.3106490E-04  -2.6914735E-06  -3.8078845E-01   8.2322122E-02  -2.7671321E-02  -7.4293132E-01   9.3103922E-01   1.7606505E+00   6.6159526E-01   3.2520457E-02  -5.4168322E-03   1.9085590E-02   1.2396392E-01   1.3849988E-01  -6.1363378E-05  -9.0292638E-05  -2.0040783E-04  -6.7098581E-05   1.2823839E-04   1.2211635E-03   1.5506752E-06  -7.2709082E-07
  2.2027572E-05  -9.1404083E-05   1.8284360E-05   5.2356929E-04   1.1561137E-03   9.0502029E-04   1.8031181E-03   1.4685562E-04  -1.0091011E+00  -2.7671321E-02   3.8022568E+00  -2.9686138E+01  -3.1325379E+00   7.7004687E+00   5.2642574E+00  -2.5303381E+00  -1.6798542E-01   1.6893618E-01   2.6528642E+00   3.3884684E+00   1.5599584E-03   1.2916991E-03   1.4639591E-03   2.0166107E-03   1.3420352E-04   6.3616812E-03   1.2476392E-04  -5.5350457E-05
 -3.2120741E-04   1.2046898E-03  -2.2399402E-04  -9.3673111E-03  -1.6942989E-02  -2.1722596E-02  -2.7456101E-02   2.1056936E-03   3.9490463E+01  -7.4293132E-01  -2.9686138E+01   7.7241049E+02   6.5097634E+01  -5.8992531E+01  -6.6565221E+01   1.2430080E+01  -5.7416098E+00   5.4548408E+00  -1.2094183E+01  -2.5681864E+01   2.4743140E-04  -2.1860572E-02   5.1787999E-03  -2.3558125E-02  -2.2697626E-02  -3.0656101E-03   3.7379484E-03   5.7201335E-04
 -1.7143710E-04   5.3687073E-04  -7.5391205E-05  -3.6671534E-03  -5.6537763E-03  -6.7657457E-03  -9.4069472E-03   1.3363054E-04   2.0980087E+00   9.3103922E-01  -3.1325379E+00   6.5097634E+01   6.0399909E+01   4.0028449E+01   1.4139147E+01  -4.7798135E+00  -5.1306977E-01  -1.1286311E+00   3.6558430E+00   4.0930658E+00  -2.1844807E-03  -2.8712498E-03  -6.8760981E-03  -6.6048587E-03  -3.2131355E-03   3.4606760E-02   7.4570488E-06   1.3631006E-04
 -2.1908908E-05   7.8963985E-05  -7.0347208E-06   2.1929742E-04   3.3255125E-03   1.0834940E-03  -5.7934908E-04   3.8502837E-04  -1.3107343E+01   1.7606505E+00   7.7004687E+00  -5.8992531E+01   4.0028449E+01   8.5462312E+01   5.2063999E+01  -1.1275416E+01  -8.0376406E-01  -4.9282084E-01   5.3450943E+00   8.2404800E+00  -1.3980872E-03   2.4579205E-03  -1.5397728E-03   5.6058912E-03   1.3423644E-03   5.4726028E-02   3.6525848E-04  -3.9580656E-04
  4.0294223E-05  -6.3228828E-05   1.8867890E-05   1.1732169E-03   8.6460078E-03   5.0563327E-03  -3.5367275E-03   1.5628781E-03  -5.5480185E+01   6.6159526E-01   5.2642574E+00  -6.6565221E+01   1.4139147E+01   5.2063999E+01   1.0252462E+02  -8.8695406E+00  -6.3609819E-01  -1.4051215E+00   5.4878915E+00   3.3888645E+01  -3.1043545E-03   3.0238529E-03  -8.8436933E-03   8.0589572E-03   8.3114287E-03   2.6562007E-03   4.5220012E-04  -1.3546613E-03
 -3.7597155E-05   9.5336267E-05  -1.6494996E-05  -6.8504203E-04  -1.9195389E-03  -2.0651121E-03  -3.0887148E-03  -3.5161156E-06   4.9502030E-02   3.2520457E-02  -2.5303381E+00   1.2430080E+01  -4.7798135E+00  -1.1275416E+01  -8.8695406E+00   5.4787591E+00   5.9045975E-02  -1.7390778E-01  -2.0526621E+00  -2.4217717E+00   4.5086401E-04  -1.3322213E-03   2.1358807E-03  -1.1164095E-03   4.0223938E-03   3.6073351E-03  -8.0259037E-05   1.2843488E-05
 -5.2495731E-06   1.4607561E-05   2.4982891E-06  -2.7464734E-05  -3.1355591E-04   1.8277451E-04  -2.7370721E-03  -8.3178561E-06   1.8660503E-01  -5.4168322E-03  -1.6798542E-01  -5.7416098E+00  -5.1306977E-01  -8.0376406E-01  -6.3609819E-01   5.9045975E-02   3.3100265E+00   6.3276426E-01   3.1216421E-01   2.7768320E-01   3.1458803E-04  -1.0270618E-03  -1.1666982E-03  -4.7451849E-04  -6.1904185E-05  -4.8803989E-03   1.9321658E-04   1.7411252E-05
 -8.3224561E-06   5.8759029E-05   2.7631609E-06  -6.2195200E-05  -9.0234755E-04  -4.2642784E-04  -9.2065408E-04  -1.4624317E-04   5.9437267E-01   1.9085590E-02   1.6893618E-01   5.4548408E+00  -1.1286311E+00  -4.9282084E-01  -1.4051215E+00  -1.7390778E-01   6.3276426E-01   3.2219974E+00   2.7930468E+00   2.7243608E+00  -3.3916167E-04  -3.9549347E-04  -7.2590777E-05   1.0950978E-03  -3.4623370E-03  -2.6796085E-03  -1.6898236E-04  -4.2848682E-05
 -8.2735524E-06   6.8245727E-05  -5.6342326E-06  -2.0648158E-04  -8.5235719E-04  -4.9556185E-04  -3.5203037E-04  -1.6164510E-05  -5.8767891E+00   1.2396392E-01   2.6528642E+00  -1.2094183E+01   3.6558430E+00   5.3450943E+00   5.4878915E+00  -2.0526621E+00   3.1216421E-01   2.7930468E+00   1.0956732E+01   1.9565518E+01   2.3219310E-03   1.0025887E-03  -3.9188878E-03   1.2278023E-04  -4.2324952E-03   4.5761245E-03  -1.0838649E-05   4.2036106E-04
  1.4909332E-05   5.8207692E-05   2.8353358E-06   4.3473602E-04   2.7851420E-03   1.0405584E-03  -1.5563610E-03   9.1882932E-04  -3.3766115E+01   1.3849988E-01   3.3884684E+00  -2.5681864E+01   4.0930658E+00   8.2404800E+00   3.3888645E+01  -2.4217717E+00   2.7768320E-01   2.7243608E+00   1.9565518E+01   5.4564465E+01   4.6594440E-03   4.3686282E-03  -9.1262255E-03   4.1699916E-03  -3.5885706E-03  -6.8435291E-03   8.9220203E-05   9.7861830E-04
  5.7896239E-08   5.4001445E-08   1.6342988E-07   2.9504587E-06   9.0863325E-06  -1.2694008E-06  -1.4605283E-06   1.6626944E-06  -3.4014246E-04  -6.1363378E-05   1.5599584E-03   2.4743140E-04  -2.1844807E-03  -1.3980872E-03  -3.1043545E-03   4.5086401E-04   3.1458803E-04  -3.3916167E-04   2.3219310E-03   4.6594440E-03   1.4424785E-03   2.7712304E-04   1.1605232E-04  -3.8001608E-04  -1.3070955E-04  -3.8277198E-05   4.2886161E-07   1.4826276E-07
  1.0928099E-08  -9.8586833E-09  -2.0129851E-08   3.1367890E-07   2.1084686E-06   1.9428505E-06   1.3308909E-05   9.8592472E-07  -1.8655510E-03  -9.0292638E-05   1.2916991E-03  -2.1860572E-02  -2.8712498E-03   2.4579205E-03   3.0238529E-03  -1.3322213E-03  -1.0270618E-03  -3.9549347E-04   1.0025887E-03   4.3686282E-03   2.7712304E-04   8.7552014E-04   4.5735816E-05   7.3321541E-04   1.7481136E-05  -6.8921899E-04  -2.2217062E-07   4.3011390E-08
  1.3122125E-07  -7.9875421E-07  -1.0331418E-07   9.6461136E-06   1.7737033E-05   1.8935457E-06   1.2871442E-05   1.0618745E-06   4.8213579E-03  -2.0040783E-04   1.4639591E-03   5.1787999E-03  -6.8760981E-03  -1.5397728E-03  -8.8436933E-03   2.1358807E-03  -1.1666982E-03  -7.2590777E-05  -3.9188878E-03  -9.1262255E-03   1.1605232E-04   4.5735816E-05   7.2775486E-03  -3.0506021E-04   7.3864837E-04   4.5467601E-03   7.0098290E-07   6.9164379E-07
 -2.5406599E-07   2.7737177E-07  -6.2154050E-07  -7.2648235E-06  -1.2469171E-05   5.5897925E-07   6.4228221E-05   1.4636495E-06  -3.0104391E-03  -6.7098581E-05   2.0166107E-03  -2.3558125E-02  -6.6048587E-03   5.6058912E-03   8.0589572E-03  -1.1164095E-03  -4.7451849E-04   1.0950978E-03   1.2278023E-04   4.1699916E-03  -3.8001608E-04   7.3321541E-04  -3.0506021E-04   2.9173468E-03   6.2135340E-04  -7.1571375E-04   7.6340215E-08  -2.2889395E-07
 -5.6356367E-07   9.7263674E-07  -3.3040381E-07  -1.0568550E-05  -1.7612951E-05  -7.2834856E-07  -4.3534145E-05   1.9020039E-06  -4.7331003E-03   1.2823839E-04   1.3420352E-04  -2.2697626E-02  -3.2131355E-03   1.3423644E-03   8.3114287E-03   4.0223938E-03  -6.1904185E-05  -3.4623370E-03  -4.2324952E-03  -3.5885706E-03  -1.3070955E-04   1.7481136E-05   7.3864837E-04   6.2135340E-04   6.4684810E-03   8.5650304E-03   1.0206727E-06  -1.9684077E-07
 -2.2507466E-06   1.1586618E-05  -2.8917912E-06  -1.3209474E-05   1.4637455E-05  -4.0734260E-05  -1.6033808E-04   9.8701060E-06   1.8415613E-02   1.2211635E-03   6.3616812E-03  -3.0656101E-03   3.4606760E-02   5.4726028E-02   2.6562007E-03   3.6073351E-03  -4.8803989E-03  -2.6796085E-03   4.5761245E-03  -6.8435291E-03  -3.8277198E-05  -6.8921899E-04   4.5467601E-03  -7.1571375E-04   8.5650304E-03   7.3571224E-02   1.9517450E-06  -9.6609453E-07
  5.7149026E-10  -6.8024127E-09   2.5755543E-10  -8.5252865E-08   1.4331896E-08  -9.3583201E-08  -4.2600348E-07   2.2081865E-08  -1.9929022E-04   1.5506752E-06   1.2476392E-04   3.7379484E-03   7.4570488E-06   3.6525848E-04   4.5220012E-04  -8.0259037E-05   1.9321658E-04  -1.6898236E-04  -1.0838649E-05   8.9220203E-05   4.2886161E-07  -2.2217062E-07   7.0098290E-07   7.6340215E-08   1.0206727E-06   1.9517450E-06   3.8020513E-07  -4.3114370E-09
 -2.1799038E-09   1.2918173E-08  -2.6423440E-09  -4.7562940E-09  -6.3012774E-08  -9.0897245E-08  -3.7240627E-07  -2.7852458E-08   6.9900529E-04  -7.2709082E-07  -5.5350457E-05   5.7201335E-04   1.3631006E-04  -3.9580656E-04  -1.3546613E-03   1.2843488E-05   1.7411252E-05  -4.2848682E-05   4.2036106E-04   9.7861830E-04   1.4826276E-07   4.3011390E-08   6.9164379E-07  -2.2889395E-07  -1.9684077E-07  -9.6609453E-07  -4.3114370E-09   3.8977913E-07
