# omegabh2 omegach2 theta tau logA ns r calPlanck acib217 xi asz143 aps100 aps143 aps143217 aps217 aksz kgal100 kgal143 kgal143217 kgal217 galfEE100 galfEE100143 galfEE100217 galfEE143 galfEE143217 galfEE217 galfTE100 galfTE100143 galfTE100217 galfTE143 galfTE143217 galfTE217 cal0 cal2
    0.2439950E-07   -0.1281342E-06    0.1990615E-07    0.8033196E-06    0.1437793E-05    0.3535215E-06    0.1374825E-06    0.2640702E-07   -0.1188706E-03    0.2857701E-05    0.3076370E-04   -0.4137221E-03   -0.2209733E-03   -0.3387037E-05    0.7128393E-04   -0.5444419E-04    0.3958223E-05   -0.1014232E-04   -0.5931823E-05    0.2620567E-04    0.4460229E-07    0.5866441E-07    0.3802531E-07    0.6909783E-07    0.8939067E-07    0.1870942E-06   -0.4990141E-07   -0.3524340E-07   -0.1468493E-06   -0.2136549E-06   -0.7537119E-06   -0.2359545E-05    0.7081129E-08   -0.1039091E-07
   -0.1281342E-06    0.1861556E-05   -0.1573005E-06   -0.1005217E-04   -0.1616897E-04   -0.4735380E-05   -0.3450664E-05   -0.2448219E-06    0.5262827E-03   -0.1254667E-04   -0.1717873E-03    0.2032447E-02    0.1210437E-02    0.1706126E-03   -0.2055658E-03    0.2978519E-03   -0.5247371E-05    0.2520334E-04   -0.9701951E-05   -0.1245858E-03   -0.5757678E-06   -0.6870871E-06   -0.1889694E-06   -0.7199592E-06    0.9993897E-07    0.2643649E-06    0.4632372E-06    0.4920959E-06   -0.4640684E-06    0.8521254E-06    0.2941817E-05    0.1656648E-04   -0.1951706E-07    0.4376227E-07
    0.1990615E-07   -0.1573005E-06    0.1008948E-06    0.1382384E-05    0.2557074E-05    0.5392022E-06    0.1569184E-06    0.3559239E-07   -0.6598653E-04    0.1326339E-05    0.1040866E-04   -0.1539623E-03   -0.9253616E-04   -0.2333209E-04    0.3420670E-04   -0.3045701E-04    0.2637306E-05   -0.8455722E-05    0.4025460E-05    0.3082641E-04    0.5045996E-07    0.4597485E-07   -0.6489761E-07    0.5092288E-07   -0.1030513E-06    0.1618612E-06   -0.1094265E-06    0.6941128E-07    0.2641197E-07   -0.4596213E-07   -0.7408400E-06   -0.2047035E-05    0.3909409E-08   -0.1506189E-08
    0.8033196E-06   -0.1005217E-04    0.1382384E-05    0.1483547E-03    0.2654578E-03    0.3128963E-04    0.1334451E-04   -0.2749542E-05   -0.5669711E-02    0.7411936E-04    0.1788369E-02   -0.2591163E-01   -0.1013894E-01   -0.4086884E-03    0.2400796E-02   -0.3048017E-02    0.4811258E-03    0.1467221E-04    0.3329133E-03    0.9937891E-03    0.2634603E-05    0.3675477E-05   -0.1330568E-05    0.4833566E-05   -0.4163517E-05    0.5322101E-06   -0.6338611E-05   -0.1203477E-05    0.9117826E-05   -0.1534287E-04   -0.3010113E-04   -0.1202490E-03    0.3886841E-07   -0.5323713E-06
    0.1437793E-05   -0.1616897E-04    0.2557074E-05    0.2654578E-03    0.5044417E-03    0.5114963E-04    0.1082140E-04    0.6137278E-05   -0.1040524E-01    0.1798120E-03    0.3419120E-02   -0.4454697E-01   -0.1660466E-01    0.2786897E-02    0.1029617E-01   -0.6331892E-02    0.6588057E-03   -0.3385535E-03    0.4616487E-03    0.3391747E-02    0.5403101E-05    0.5889137E-05   -0.5042738E-05    0.8589226E-05   -0.5798639E-05    0.5958745E-05   -0.1171230E-04   -0.8249684E-06    0.1191376E-04   -0.2484689E-04   -0.5734580E-04   -0.1926392E-03    0.2753275E-06   -0.1119416E-05
    0.3535215E-06   -0.4735380E-05    0.5392022E-06    0.3128963E-04    0.5114963E-04    0.2152391E-04    0.2432499E-04    0.6760377E-06   -0.5448762E-02    0.1342196E-03    0.1351225E-02   -0.2670849E-01   -0.7180499E-02    0.3252664E-02    0.6632138E-02   -0.2950636E-02    0.2724282E-03   -0.2800326E-03   -0.4989140E-03    0.6493889E-03    0.2382909E-05    0.2962090E-05   -0.7139782E-06    0.3190962E-05    0.1301885E-05    0.1710494E-05   -0.1266964E-05    0.7578667E-06    0.1031609E-05    0.7359491E-06   -0.7172636E-05   -0.4319143E-04   -0.6592308E-07   -0.4049398E-06
    0.1374825E-06   -0.3450664E-05    0.1569184E-06    0.1334451E-04    0.1082140E-04    0.2432499E-04    0.1379051E-02   -0.1266894E-05   -0.8470769E-02    0.3171619E-03    0.2850070E-02   -0.2562920E-01   -0.5623714E-02    0.1098356E-01    0.1070751E-01   -0.3182344E-02   -0.2098116E-02   -0.4929670E-03    0.2117758E-02    0.3815740E-02   -0.1594771E-04   -0.2045189E-04    0.9321601E-05   -0.1732214E-04    0.1674179E-05   -0.2517141E-04    0.1771761E-04    0.2004081E-04   -0.1324218E-04    0.3654375E-04    0.2896425E-05    0.6395469E-04    0.1688784E-06   -0.3326892E-06
    0.2640702E-07   -0.2448219E-06    0.3559239E-07   -0.2749542E-05    0.6137278E-05    0.6760377E-06   -0.1266894E-05    0.6067051E-05    0.7256989E-03   -0.4316235E-06    0.1100227E-03    0.2220934E-02    0.1054662E-03    0.3183845E-03    0.1199151E-02   -0.5774398E-04   -0.2292382E-04    0.2061692E-04    0.1194488E-03    0.8351434E-03    0.9525172E-06    0.3605888E-06   -0.6739998E-06    0.6531482E-06    0.1635352E-05    0.2042125E-06   -0.4551429E-06    0.2939342E-06   -0.3428463E-05    0.2325328E-05   -0.1201785E-05    0.4340035E-05   -0.2598142E-08   -0.2941369E-07
   -0.1188706E-03    0.5262827E-03   -0.6598653E-04   -0.5669711E-02   -0.1040524E-01   -0.5448762E-02   -0.8470769E-02    0.7256989E-03    0.4387863E+02   -0.4961480E+00   -0.1819433E+01    0.4205730E+02   -0.2537243E+00   -0.2246579E+02   -0.6234800E+02    0.4380287E+00   -0.3853841E+00    0.1892906E+00   -0.1974562E+01   -0.1864881E+02    0.3566500E-03    0.1643219E-03   -0.1687152E-02    0.2700698E-03    0.2782329E-02   -0.8602217E-03    0.2057593E-02    0.2498109E-02   -0.4833752E-03    0.1640499E-02    0.4552410E-02    0.3806320E-02   -0.4095541E-03    0.4403693E-02
    0.2857701E-05   -0.1254667E-04    0.1326339E-05    0.7411936E-04    0.1798120E-03    0.1342196E-03    0.3171619E-03   -0.4316235E-06   -0.4961480E+00    0.7959844E-01   -0.6951138E-01   -0.4085886E+00    0.1046628E+01    0.1912044E+01    0.7954921E+00    0.6366133E-01   -0.6215104E-03   -0.3315655E-02    0.8726866E-01    0.8651702E-01   -0.1024328E-04    0.1759528E-04   -0.4121593E-03    0.1234738E-04    0.3973493E-05   -0.4537690E-04   -0.8203232E-04   -0.5998897E-04   -0.1450034E-03   -0.6357248E-04   -0.2432184E-03   -0.1648637E-03    0.1295933E-04   -0.1990236E-04
    0.3076370E-04   -0.1717873E-03    0.1040866E-04    0.1788369E-02    0.3419120E-02    0.1351225E-02    0.2850070E-02    0.1100227E-03   -0.1819433E+01   -0.6951138E-01    0.3607374E+01   -0.2845337E+02   -0.3923326E+01    0.7276016E+01    0.6769043E+01   -0.2522647E+01   -0.1166300E+00    0.9365288E-01    0.2365419E+01    0.2332742E+01    0.3746820E-04    0.8270912E-04    0.1553216E-02    0.7146745E-04    0.6707942E-03    0.3188947E-02   -0.2232951E-03   -0.4833562E-03    0.2234382E-02   -0.2032775E-03   -0.1732075E-02   -0.6355275E-02    0.1701513E-03   -0.3321058E-03
   -0.4137221E-03    0.2032447E-02   -0.1539623E-03   -0.2591163E-01   -0.4454697E-01   -0.2670849E-01   -0.2562920E-01    0.2220934E-02    0.4205730E+02   -0.4085886E+00   -0.2845337E+02    0.7492288E+03    0.6854081E+02   -0.5740304E+02   -0.7120667E+02    0.1210681E+02   -0.4241877E+01    0.3018485E+01   -0.1154641E+02   -0.1795749E+02    0.9478305E-03   -0.2136014E-02   -0.1240642E-01   -0.2328795E-02   -0.9869113E-02   -0.3172331E-01    0.3788644E-02    0.3982475E-02   -0.8966880E-02   -0.3598100E-02    0.3188676E-01    0.6758403E-01    0.5671418E-02    0.3558368E-02
   -0.2209733E-03    0.1210437E-02   -0.9253616E-04   -0.1013894E-01   -0.1660466E-01   -0.7180499E-02   -0.5623714E-02    0.1054662E-03   -0.2537243E+00    0.1046628E+01   -0.3923326E+01    0.6854081E+02    0.6061670E+02    0.4460814E+02    0.1769898E+02   -0.4351982E+01   -0.3904729E+00   -0.1051469E+01    0.3604680E+01    0.3591206E+01   -0.1438008E-03   -0.9485728E-03   -0.8106274E-02   -0.1494473E-02   -0.3756895E-02    0.5325938E-02    0.7113785E-03   -0.3833375E-03   -0.6180137E-02   -0.3987264E-02    0.3799430E-02    0.1905502E-01    0.1253949E-03    0.1611387E-03
   -0.3387037E-05    0.1706126E-03   -0.2333209E-04   -0.4086884E-03    0.2786897E-02    0.3252664E-02    0.1098356E-01    0.3183845E-03   -0.2246579E+02    0.1912044E+01    0.7276016E+01   -0.5740304E+02    0.4460814E+02    0.9877275E+02    0.6811590E+02   -0.1147695E+02   -0.4737214E+00   -0.6047575E+00    0.4108333E+01    0.5195362E+01   -0.1813227E-03   -0.2148374E-03   -0.6786692E-02   -0.9655383E-03    0.1343541E-02    0.1976526E-01   -0.1130896E-02   -0.3471229E-02    0.5233185E-02   -0.7107590E-02   -0.4186192E-02   -0.1862408E-01    0.8873036E-03   -0.2535584E-02
    0.7128393E-04   -0.2055658E-03    0.3420670E-04    0.2400796E-02    0.1029617E-01    0.6632138E-02    0.1070751E-01    0.1199151E-02   -0.6234800E+02    0.7954921E+00    0.6769043E+01   -0.7120667E+02    0.1769898E+02    0.6811590E+02    0.1239180E+03   -0.1013806E+02    0.1195627E+00   -0.5884308E+00   -0.8989884E+00    0.1518645E+02   -0.8298576E-04   -0.4825503E-03    0.1715916E-02   -0.9962716E-03   -0.2912903E-02    0.1545124E-01   -0.2948300E-02   -0.3624449E-02    0.8572140E-02   -0.5799921E-02   -0.4705176E-02   -0.1045888E-01    0.9076162E-03   -0.7709238E-02
   -0.5444419E-04    0.2978519E-03   -0.3045701E-04   -0.3048017E-02   -0.6331892E-02   -0.2950636E-02   -0.3182344E-02   -0.5774398E-04    0.4380287E+00    0.6366133E-01   -0.2522647E+01    0.1210681E+02   -0.4351982E+01   -0.1147695E+02   -0.1013806E+02    0.5782424E+01    0.1146867E+00   -0.1264181E+00   -0.1872118E+01   -0.1684822E+01   -0.4228530E-03   -0.2072111E-03   -0.3931894E-03   -0.1929496E-04   -0.1526671E-03   -0.8334250E-02   -0.9544945E-04    0.1067724E-03   -0.2743290E-02    0.2097897E-02    0.1405773E-02    0.1008739E-01   -0.1207008E-03    0.1178501E-03
    0.3958223E-05   -0.5247371E-05    0.2637306E-05    0.4811258E-03    0.6588057E-03    0.2724282E-03   -0.2098116E-02   -0.2292382E-04   -0.3853841E+00   -0.6215104E-03   -0.1166300E+00   -0.4241877E+01   -0.3904729E+00   -0.4737214E+00    0.1195627E+00    0.1146867E+00    0.3551750E+01    0.4086497E+00    0.1925386E+00    0.4785080E+00    0.3172847E-04    0.4231862E-05    0.6688222E-03   -0.2351825E-04   -0.1766300E-02    0.1939810E-02    0.1014627E-02    0.2732162E-03   -0.2775741E-02   -0.1334879E-02   -0.1207648E-02   -0.4370983E-02    0.3213425E-03   -0.5999791E-05
   -0.1014232E-04    0.2520334E-04   -0.8455722E-05    0.1467221E-04   -0.3385535E-03   -0.2800326E-03   -0.4929670E-03    0.2061692E-04    0.1892906E+00   -0.3315655E-02    0.9365288E-01    0.3018485E+01   -0.1051469E+01   -0.6047575E+00   -0.5884308E+00   -0.1264181E+00    0.4086497E+00    0.3293945E+01    0.2564324E+01    0.1687096E+01   -0.2431239E-04    0.6452535E-05   -0.2014819E-03   -0.1410792E-03    0.8227625E-03    0.5562763E-03    0.1486759E-03   -0.3839603E-03   -0.7561652E-03   -0.3460595E-03    0.7995970E-04   -0.5479435E-02   -0.2947311E-03   -0.2112785E-03
   -0.5931823E-05   -0.9701951E-05    0.4025460E-05    0.3329133E-03    0.4616487E-03   -0.4989140E-03    0.2117758E-02    0.1194488E-03   -0.1974562E+01    0.8726866E-01    0.2365419E+01   -0.1154641E+02    0.3604680E+01    0.4108333E+01   -0.8989884E+00   -0.1872118E+01    0.1925386E+00    0.2564324E+01    0.1734368E+02    0.2590588E+02   -0.2723805E-03   -0.2934374E-03   -0.5254335E-03   -0.1919176E-03   -0.3587960E-03    0.4055438E-02   -0.1805784E-02   -0.9309037E-03   -0.5275154E-02    0.4902338E-03   -0.6316722E-02   -0.2065905E-02   -0.1565907E-04    0.2503623E-02
    0.2620567E-04   -0.1245858E-03    0.3082641E-04    0.9937891E-03    0.3391747E-02    0.6493889E-03    0.3815740E-02    0.8351434E-03   -0.1864881E+02    0.8651702E-01    0.2332742E+01   -0.1795749E+02    0.3591206E+01    0.5195362E+01    0.1518645E+02   -0.1684822E+01    0.4785080E+00    0.1687096E+01    0.2590588E+02    0.5476631E+02   -0.4629369E-03   -0.7904624E-03    0.1070235E-02   -0.2640196E-03   -0.1145054E-02    0.3989665E-02   -0.3933062E-02   -0.2006469E-02   -0.1144205E-01    0.1629155E-02   -0.1197389E-01   -0.3932855E-02    0.1222202E-03    0.4434494E-02
    0.4460229E-07   -0.5757678E-06    0.5045996E-07    0.2634603E-05    0.5403101E-05    0.2382909E-05   -0.1594771E-04    0.9525172E-06    0.3566500E-03   -0.1024328E-04    0.3746820E-04    0.9478305E-03   -0.1438008E-03   -0.1813227E-03   -0.8298576E-04   -0.4228530E-03    0.3172847E-04   -0.2431239E-04   -0.2723805E-03   -0.4629369E-03    0.3217469E-04    0.8730469E-05    0.3083323E-05    0.3197871E-05    0.3625867E-05    0.3305338E-05   -0.8637771E-06    0.6411275E-06    0.3688813E-05    0.5509642E-05   -0.2825431E-05   -0.1650914E-04   -0.6565137E-07    0.2783409E-08
    0.5866441E-07   -0.6870871E-06    0.4597485E-07    0.3675477E-05    0.5889137E-05    0.2962090E-05   -0.2045189E-04    0.3605888E-06    0.1643219E-03    0.1759528E-04    0.8270912E-04   -0.2136014E-02   -0.9485728E-03   -0.2148374E-03   -0.4825503E-03   -0.2072111E-03    0.4231862E-05    0.6452535E-05   -0.2934374E-03   -0.7904624E-03    0.8730469E-05    0.2508265E-04    0.6269730E-06    0.1261846E-04    0.4210402E-05   -0.5789877E-05   -0.4500735E-05   -0.8775591E-06    0.7813550E-05    0.2617263E-05   -0.1007084E-05   -0.1067551E-05   -0.5164765E-07   -0.1206737E-06
    0.3802531E-07   -0.1889694E-06   -0.6489761E-07   -0.1330568E-05   -0.5042738E-05   -0.7139782E-06    0.9321601E-05   -0.6739998E-06   -0.1687152E-02   -0.4121593E-03    0.1553216E-02   -0.1240642E-01   -0.8106274E-02   -0.6786692E-02    0.1715916E-02   -0.3931894E-03    0.6688222E-03   -0.2014819E-03   -0.5254335E-03    0.1070235E-02    0.3083323E-05    0.6269730E-06    0.1073289E-02    0.8012631E-06   -0.3010313E-04    0.7012179E-04    0.1163832E-04   -0.1252707E-04   -0.4399568E-04   -0.2996946E-04   -0.3206291E-04   -0.1076116E-05   -0.8792620E-07   -0.5350952E-06
    0.6909783E-07   -0.7199592E-06    0.5092288E-07    0.4833566E-05    0.8589226E-05    0.3190962E-05   -0.1732214E-04    0.6531482E-06    0.2700698E-03    0.1234738E-04    0.7146745E-04   -0.2328795E-02   -0.1494473E-02   -0.9655383E-03   -0.9962716E-03   -0.1929496E-04   -0.2351825E-04   -0.1410792E-03   -0.1919176E-03   -0.2640196E-03    0.3197871E-05    0.1261846E-04    0.8012631E-06    0.4771510E-04    0.1841921E-05   -0.3751093E-05   -0.1989148E-05   -0.3728706E-05    0.8117126E-05   -0.1867449E-05   -0.8968604E-06    0.2577757E-04   -0.1781628E-06   -0.1813723E-07
    0.8939067E-07    0.9993897E-07   -0.1030513E-06   -0.4163517E-05   -0.5798639E-05    0.1301885E-05    0.1674179E-05    0.1635352E-05    0.2782329E-02    0.3973493E-05    0.6707942E-03   -0.9869113E-02   -0.3756895E-02    0.1343541E-02   -0.2912903E-02   -0.1526671E-03   -0.1766300E-02    0.8227625E-03   -0.3587960E-03   -0.1145054E-02    0.3625867E-05    0.4210402E-05   -0.3010313E-04    0.1841921E-05    0.2194916E-02    0.1212725E-03   -0.3353593E-05   -0.1282758E-04    0.4827717E-04   -0.4144257E-04   -0.5151923E-05   -0.3007224E-04   -0.5647072E-06    0.1521538E-06
    0.1870942E-06    0.2643649E-06    0.1618612E-06    0.5322101E-06    0.5958745E-05    0.1710494E-05   -0.2517141E-04    0.2042125E-06   -0.8602217E-03   -0.4537690E-04    0.3188947E-02   -0.3172331E-01    0.5325938E-02    0.1976526E-01    0.1545124E-01   -0.8334250E-02    0.1939810E-02    0.5562763E-03    0.4055438E-02    0.3989665E-02    0.3305338E-05   -0.5789877E-05    0.7012179E-04   -0.3751093E-05    0.1212725E-03    0.1701498E-01    0.9826633E-05    0.1514654E-04   -0.1015188E-03   -0.3625759E-04   -0.2152134E-03   -0.2038681E-03    0.5099758E-06    0.3859841E-06
   -0.4990141E-07    0.4632372E-06   -0.1094265E-06   -0.6338611E-05   -0.1171230E-04   -0.1266964E-05    0.1771761E-04   -0.4551429E-06    0.2057593E-02   -0.8203232E-04   -0.2232951E-03    0.3788644E-02    0.7113785E-03   -0.1130896E-02   -0.2948300E-02   -0.9544945E-04    0.1014627E-02    0.1486759E-03   -0.1805784E-02   -0.3933062E-02   -0.8637771E-06   -0.4500735E-05    0.1163832E-04   -0.1989148E-05   -0.3353593E-05    0.9826633E-05    0.1428853E-02    0.2884383E-03    0.6872412E-04   -0.3810196E-03   -0.9291348E-04   -0.2210496E-03    0.3538719E-06   -0.1935294E-06
   -0.3524340E-07    0.4920959E-06    0.6941128E-07   -0.1203477E-05   -0.8249684E-06    0.7578667E-06    0.2004081E-04    0.2939342E-06    0.2498109E-02   -0.5998897E-04   -0.4833562E-03    0.3982475E-02   -0.3833375E-03   -0.3471229E-02   -0.3624449E-02    0.1067724E-03    0.2732162E-03   -0.3839603E-03   -0.9309037E-03   -0.2006469E-02    0.6411275E-06   -0.8775591E-06   -0.1252707E-04   -0.3728706E-05   -0.1282758E-04    0.1514654E-04    0.2884383E-03    0.8486100E-03    0.7222516E-04    0.7351506E-03    0.4009442E-04   -0.7169026E-03    0.3331581E-06    0.5081687E-06
   -0.1468493E-06   -0.4640684E-06    0.2641197E-07    0.9117826E-05    0.1191376E-04    0.1031609E-05   -0.1324218E-04   -0.3428463E-05   -0.4833752E-03   -0.1450034E-03    0.2234382E-02   -0.8966880E-02   -0.6180137E-02    0.5233185E-02    0.8572140E-02   -0.2743290E-02   -0.2775741E-02   -0.7561652E-03   -0.5275154E-02   -0.1144205E-01    0.3688813E-05    0.7813550E-05   -0.4399568E-04    0.8117126E-05    0.4827717E-04   -0.1015188E-03    0.6872412E-04    0.7222516E-04    0.7296156E-02   -0.3512494E-03    0.6389429E-03    0.4262655E-02    0.8593799E-06   -0.1687658E-05
   -0.2136549E-06    0.8521254E-06   -0.4596213E-07   -0.1534287E-04   -0.2484689E-04    0.7359491E-06    0.3654375E-04    0.2325328E-05    0.1640499E-02   -0.6357248E-04   -0.2032775E-03   -0.3598100E-02   -0.3987264E-02   -0.7107590E-02   -0.5799921E-02    0.2097897E-02   -0.1334879E-02   -0.3460595E-03    0.4902338E-03    0.1629155E-02    0.5509642E-05    0.2617263E-05   -0.2996946E-04   -0.1867449E-05   -0.4144257E-04   -0.3625759E-04   -0.3810196E-03    0.7351506E-03   -0.3512494E-03    0.2933516E-02    0.4722669E-03   -0.9965473E-03    0.5003791E-06    0.1100546E-05
   -0.7537119E-06    0.2941817E-05   -0.7408400E-06   -0.3010113E-04   -0.5734580E-04   -0.7172636E-05    0.2896425E-05   -0.1201785E-05    0.4552410E-02   -0.2432184E-03   -0.1732075E-02    0.3188676E-01    0.3799430E-02   -0.4186192E-02   -0.4705176E-02    0.1405773E-02   -0.1207648E-02    0.7995970E-04   -0.6316722E-02   -0.1197389E-01   -0.2825431E-05   -0.1007084E-05   -0.3206291E-04   -0.8968604E-06   -0.5151923E-05   -0.2152134E-03   -0.9291348E-04    0.4009442E-04    0.6389429E-03    0.4722669E-03    0.6519913E-02    0.7656672E-02    0.6180054E-06   -0.1215087E-05
   -0.2359545E-05    0.1656648E-04   -0.2047035E-05   -0.1202490E-03   -0.1926392E-03   -0.4319143E-04    0.6395469E-04    0.4340035E-05    0.3806320E-02   -0.1648637E-03   -0.6355275E-02    0.6758403E-01    0.1905502E-01   -0.1862408E-01   -0.1045888E-01    0.1008739E-01   -0.4370983E-02   -0.5479435E-02   -0.2065905E-02   -0.3932855E-02   -0.1650914E-04   -0.1067551E-05   -0.1076116E-05    0.2577757E-04   -0.3007224E-04   -0.2038681E-03   -0.2210496E-03   -0.7169026E-03    0.4262655E-02   -0.9965473E-03    0.7656672E-02    0.6466247E-01    0.2521163E-05   -0.1658824E-05
    0.7081129E-08   -0.1951706E-07    0.3909409E-08    0.3886841E-07    0.2753275E-06   -0.6592308E-07    0.1688784E-06   -0.2598142E-08   -0.4095541E-03    0.1295933E-04    0.1701513E-03    0.5671418E-02    0.1253949E-03    0.8873036E-03    0.9076162E-03   -0.1207008E-03    0.3213425E-03   -0.2947311E-03   -0.1565907E-04    0.1222202E-03   -0.6565137E-07   -0.5164765E-07   -0.8792620E-07   -0.1781628E-06   -0.5647072E-06    0.5099758E-06    0.3538719E-06    0.3331581E-06    0.8593799E-06    0.5003791E-06    0.6180054E-06    0.2521163E-05    0.6041511E-06   -0.1399605E-07
   -0.1039091E-07    0.4376227E-07   -0.1506189E-08   -0.5323713E-06   -0.1119416E-05   -0.4049398E-06   -0.3326892E-06   -0.2941369E-07    0.4403693E-02   -0.1990236E-04   -0.3321058E-03    0.3558368E-02    0.1611387E-03   -0.2535584E-02   -0.7709238E-02    0.1178501E-03   -0.5999791E-05   -0.2112785E-03    0.2503623E-02    0.4434494E-02    0.2783409E-08   -0.1206737E-06   -0.5350952E-06   -0.1813723E-07    0.1521538E-06    0.3859841E-06   -0.1935294E-06    0.5081687E-06   -0.1687658E-05    0.1100546E-05   -0.1215087E-05   -0.1658824E-05   -0.1399605E-07    0.2070145E-05
