# omegabh2 omegach2 theta tau nnu logA ns calPlanck acib217 xi asz143 aps100 aps143 aps143217 aps217 aksz kgal100 kgal143 kgal143217 kgal217 cal0 cal2
    0.5771952E-07    0.4239819E-06   -0.2848216E-07    0.1429441E-05    0.3170824E-04    0.4050621E-05    0.1392645E-05    0.7468964E-08   -0.1524495E-04    0.5084422E-07    0.6539927E-05   -0.1041050E-03   -0.9915052E-04   -0.5347746E-04   -0.2162943E-04    0.5762642E-08    0.1508327E-04    0.6765603E-05    0.4577687E-05    0.5770746E-05   -0.9371534E-10    0.1134126E-08
    0.4239819E-06    0.1519427E-04   -0.1426635E-05    0.3814260E-05    0.8521625E-03    0.4532809E-04    0.2429978E-04   -0.3989895E-06    0.4600695E-02   -0.8090334E-04   -0.1250380E-02    0.2052041E-01    0.1061693E-01    0.2343967E-02   -0.1179294E-02    0.1795110E-02    0.3016850E-03    0.7025251E-04    0.4400715E-03   -0.2578187E-03   -0.2354359E-07    0.5509487E-06
   -0.2848216E-07   -0.1426635E-05    0.3044841E-06   -0.2466272E-06   -0.8559684E-04   -0.3847475E-05   -0.2379318E-05    0.5688793E-07   -0.5034490E-03    0.8126140E-05    0.1357875E-03   -0.2227772E-02   -0.1103553E-02   -0.2076917E-03    0.1857258E-03   -0.1900376E-03   -0.2071475E-04   -0.9849470E-05   -0.6242408E-04    0.1527654E-04    0.1635127E-08   -0.6811504E-07
    0.1429441E-05    0.3814260E-05   -0.2466272E-06    0.3287406E-03    0.6242722E-03    0.6621733E-03    0.5179157E-04   -0.2035541E-05   -0.1002879E-01    0.1872476E-03    0.1883647E-02   -0.4255332E-01   -0.1627337E-01   -0.3445025E-03    0.7495312E-02   -0.4113924E-02    0.5497826E-03    0.9585371E-04   -0.1691224E-02   -0.1246483E-02   -0.4459638E-07   -0.1415774E-05
    0.3170824E-04    0.8521625E-03   -0.8559684E-04    0.6242722E-03    0.5380756E-01    0.3367304E-02    0.1770912E-02   -0.2507988E-04    0.2827484E+00   -0.5079813E-02   -0.7314670E-01    0.1218430E+01    0.6107814E+00    0.1174069E+00   -0.9710470E-01    0.1115776E+00    0.1854004E-01    0.5049460E-02    0.2987557E-01   -0.1405589E-01   -0.3619892E-06    0.3457761E-04
    0.4050621E-05    0.4532809E-04   -0.3847475E-05    0.6621733E-03    0.3367304E-02    0.1456842E-02    0.1626273E-03    0.7578155E-05   -0.8680472E-02    0.2431492E-03    0.7441540E-03   -0.2970786E-01   -0.4283231E-02    0.8860555E-02    0.1820253E-01   -0.4768094E-02    0.1585113E-02   -0.2425060E-03   -0.2885648E-02   -0.2016977E-02    0.1432675E-06   -0.1606237E-05
    0.1392645E-05    0.2429978E-04   -0.2379318E-05    0.5179157E-04    0.1770912E-02    0.1626273E-03    0.7832507E-04   -0.6462730E-06    0.3798071E-02   -0.5329349E-04   -0.8861137E-03    0.1029706E-01    0.1106507E-01    0.5926133E-02    0.2619976E-02    0.9297983E-03    0.1034266E-02    0.1653975E-03    0.6422333E-03    0.2436917E-03   -0.1542038E-06    0.6447193E-06
    0.7468964E-08   -0.3989895E-06    0.5688793E-07   -0.2035541E-05   -0.2507988E-04    0.7578155E-05   -0.6462730E-06    0.6212167E-05    0.6593410E-03    0.9139129E-05    0.6489685E-04    0.2750617E-02    0.2520234E-03    0.5359461E-03    0.1300725E-02   -0.1468594E-03   -0.3180760E-04   -0.6292929E-04   -0.1064649E-03    0.5590552E-03    0.1182736E-07   -0.4852272E-07
   -0.1524495E-04    0.4600695E-02   -0.5034490E-03   -0.1002879E-01    0.2827484E+00   -0.8680472E-02    0.3798071E-02    0.6593410E-03    0.4581972E+02   -0.5365766E+00   -0.2065029E+01    0.4806699E+02    0.4131006E+01   -0.2059548E+02   -0.6225441E+02    0.1095009E+01    0.1419005E-01   -0.5284720E-01   -0.1727913E+01   -0.1870441E+02   -0.2839854E-03    0.4668008E-02
    0.5084422E-07   -0.8090334E-04    0.8126140E-05    0.1872476E-03   -0.5079813E-02    0.2431492E-03   -0.5329349E-04    0.9139129E-05   -0.5365766E+00    0.8189626E-01   -0.6955469E-01   -0.6047680E+00    0.9205636E+00    0.1818820E+01    0.7761960E+00    0.6918208E-01   -0.3856489E-02    0.4894831E-02    0.7129499E-01    0.7958214E-01    0.1022570E-04   -0.2382450E-04
    0.6539927E-05   -0.1250380E-02    0.1357875E-03    0.1883647E-02   -0.7314670E-01    0.7441540E-03   -0.8861137E-03    0.6489685E-04   -0.2065029E+01   -0.6955469E-01    0.3802802E+01   -0.3037337E+02   -0.4778545E+01    0.7496873E+01    0.6812241E+01   -0.2889094E+01   -0.1537129E+00    0.8276312E-01    0.2376346E+01    0.2314742E+01    0.1515121E-03   -0.3765296E-03
   -0.1041050E-03    0.2052041E-01   -0.2227772E-02   -0.4255332E-01    0.1218430E+01   -0.2970786E-01    0.1029706E-01    0.2750617E-02    0.4806699E+02   -0.6047680E+00   -0.3037337E+02    0.7961295E+03    0.8605272E+02   -0.5405770E+02   -0.6992320E+02    0.1601931E+02   -0.4373137E+01    0.2401948E+01   -0.1009896E+02   -0.1507602E+02    0.6402122E-02    0.4795602E-02
   -0.9915052E-04    0.1061693E-01   -0.1103553E-02   -0.1627337E-01    0.6107814E+00   -0.4283231E-02    0.1106507E-01    0.2520234E-03    0.4131006E+01    0.9205636E+00   -0.4778545E+01    0.8605272E+02    0.7060009E+02    0.4713538E+02    0.1786500E+02   -0.3160327E+01   -0.2820304E+00   -0.1226755E+01    0.3975343E+01    0.3756289E+01    0.2401414E-03    0.6276323E-03
   -0.5347746E-04    0.2343967E-02   -0.2076917E-03   -0.3445025E-03    0.1174069E+00    0.8860555E-02    0.5926133E-02    0.5359461E-03   -0.2059548E+02    0.1818820E+01    0.7496873E+01   -0.5405770E+02    0.4713538E+02    0.9981766E+02    0.6820846E+02   -0.1203399E+02   -0.5941897E+00   -0.3791491E+00    0.4556781E+01    0.5499779E+01    0.8081029E-03   -0.2445034E-02
   -0.2162943E-04   -0.1179294E-02    0.1857258E-03    0.7495312E-02   -0.9710470E-01    0.1820253E-01    0.2619976E-02    0.1300725E-02   -0.6225441E+02    0.7761960E+00    0.6812241E+01   -0.6992320E+02    0.1786500E+02    0.6820846E+02    0.1234246E+03   -0.1092669E+02   -0.3333418E+00   -0.2407604E+00   -0.4578804E+00    0.1572800E+02    0.7412579E-03   -0.7820283E-02
    0.5762642E-08    0.1795110E-02   -0.1900376E-03   -0.4113924E-02    0.1115776E+00   -0.4768094E-02    0.9297983E-03   -0.1468594E-03    0.1095009E+01    0.6918208E-01   -0.2889094E+01    0.1601931E+02   -0.3160327E+01   -0.1203399E+02   -0.1092669E+02    0.6463923E+01    0.9130710E-01   -0.9917946E-01   -0.2016628E+01   -0.1984275E+01   -0.1255274E-03    0.2255121E-03
    0.1508327E-04    0.3016850E-03   -0.2071475E-04    0.5497826E-03    0.1854004E-01    0.1585113E-02    0.1034266E-02   -0.3180760E-04    0.1419005E-01   -0.3856489E-02   -0.1537129E+00   -0.4373137E+01   -0.2820304E+00   -0.5941897E+00   -0.3333418E+00    0.9130710E-01    0.3514936E+01    0.4173900E+00    0.1267020E+00    0.2168962E+00    0.2894031E-03    0.1817705E-04
    0.6765603E-05    0.7025251E-04   -0.9849470E-05    0.9585371E-04    0.5049460E-02   -0.2425060E-03    0.1653975E-03   -0.6292929E-04   -0.5284720E-01    0.4894831E-02    0.8276312E-01    0.2401948E+01   -0.1226755E+01   -0.3791491E+00   -0.2407604E+00   -0.9917946E-01    0.4173900E+00    0.3333098E+01    0.2614713E+01    0.1892747E+01   -0.2988571E-03   -0.1942384E-03
    0.4577687E-05    0.4400715E-03   -0.6242408E-04   -0.1691224E-02    0.2987557E-01   -0.2885648E-02    0.6422333E-03   -0.1064649E-03   -0.1727913E+01    0.7129499E-01    0.2376346E+01   -0.1009896E+02    0.3975343E+01    0.4556781E+01   -0.4578804E+00   -0.2016628E+01    0.1267020E+00    0.2614713E+01    0.1749328E+02    0.2617303E+02   -0.9527821E-05    0.2649112E-02
    0.5770746E-05   -0.2578187E-03    0.1527654E-04   -0.1246483E-02   -0.1405589E-01   -0.2016977E-02    0.2436917E-03    0.5590552E-03   -0.1870441E+02    0.7958214E-01    0.2314742E+01   -0.1507602E+02    0.3756289E+01    0.5499779E+01    0.1572800E+02   -0.1984275E+01    0.2168962E+00    0.1892747E+01    0.2617303E+02    0.5534869E+02    0.9724851E-04    0.4640660E-02
   -0.9371534E-10   -0.2354359E-07    0.1635127E-08   -0.4459638E-07   -0.3619892E-06    0.1432675E-06   -0.1542038E-06    0.1182736E-07   -0.2839854E-03    0.1022570E-04    0.1515121E-03    0.6402122E-02    0.2401414E-03    0.8081029E-03    0.7412579E-03   -0.1255274E-03    0.2894031E-03   -0.2988571E-03   -0.9527821E-05    0.9724851E-04    0.6049075E-06   -0.4453974E-08
    0.1134126E-08    0.5509487E-06   -0.6811504E-07   -0.1415774E-05    0.3457761E-04   -0.1606237E-05    0.6447193E-06   -0.4852272E-07    0.4668008E-02   -0.2382450E-04   -0.3765296E-03    0.4795602E-02    0.6276323E-03   -0.2445034E-02   -0.7820283E-02    0.2255121E-03    0.1817705E-04   -0.1942384E-03    0.2649112E-02    0.4640660E-02   -0.4453974E-08    0.2155214E-05
