# omegabh2 omegach2 theta tau w wa logA ns calPlanck aps100 aps143 aps217 acib217 asz143 psr cibr xi aksz dust100 dust143 dust217 dust143x217 cal0 cal2 calTE calEE
  2.2295868E-08  -6.4074317E-08   1.1995972E-08   2.1667952E-07   5.8888544E-08   5.0486400E-06   3.8627136E-07   2.1407887E-07   1.7835901E-08  -3.4724232E-04  -2.4840439E-04   1.1183784E-04  -1.3506787E-04   1.5676958E-05   1.0111962E-06  -2.5754144E-06   8.5771685E-07  -3.4214551E-05   3.6823139E-07  -3.0173751E-07   8.1942926E-07   1.3945762E-07   5.2321841E-09  -6.7091722E-09  -9.3156272E-08  -2.5834868E-07
 -6.4074317E-08   1.1420100E-06  -8.0837245E-08  -2.6033390E-06   4.8535218E-06  -8.8522178E-05  -3.3654134E-06  -2.5504390E-06  -3.4215626E-07   2.1274214E-04   4.8986495E-04  -3.0890898E-04   2.5459004E-04  -2.0541409E-05  -2.5322816E-06   8.7071566E-06  -2.3193644E-06   1.0026396E-04  -3.2236836E-06   5.4019070E-06  -7.3857954E-07   3.4190389E-07  -6.8085138E-08   3.6643035E-08  -2.6347330E-07  -6.7683648E-07
  1.1995972E-08  -8.0837245E-08   9.0499043E-08   2.8719217E-07  -4.9282169E-07   1.1059474E-05   5.5527380E-07   3.1143923E-07   3.4816603E-08  -1.0390263E-04  -4.4342577E-05   7.5386351E-05  -4.7847469E-05   1.0643843E-05   2.8358715E-07  -3.5257529E-07  -1.0024814E-07  -1.3748172E-05   7.5824341E-07   2.6264649E-07   6.2809803E-07   4.2141291E-07   7.1508380E-09  -1.9177578E-09  -2.6606471E-08   4.1547674E-08
  2.1667952E-07  -2.6033390E-06   2.8719217E-07   4.0676870E-05  -4.8648600E-05   3.7688126E-04   7.3854292E-05   8.2278391E-06  -4.5441823E-07  -7.3177768E-03  -3.8141001E-03   2.3964086E-03  -2.1989442E-03   3.5123954E-04   2.3710539E-05  -4.7262779E-05  -5.0846859E-06  -6.9159018E-04   8.7236122E-06   1.5024861E-05   3.5447877E-06  -3.4888732E-06   6.5322025E-09  -4.0984262E-07  -1.8480925E-06  -1.1230508E-06
  5.8888544E-08   4.8535218E-06  -4.9282169E-07  -4.8648600E-05   6.3905049E-03  -2.1426888E-02  -9.8116434E-05  -6.4578603E-06  -4.4962199E-06   6.3567645E-03  -1.1302147E-02  -4.7389185E-03  -2.2208763E-03  -1.2334088E-03  -2.0216575E-04   1.5880548E-04  -3.3572558E-04   1.3567657E-03   5.9928419E-05   2.1142320E-04   6.5717388E-06  -9.4333833E-06  -8.5979053E-07  -9.9336082E-07  -1.5523643E-05  -1.3668324E-05
  5.0486400E-06  -8.8522178E-05   1.1059474E-05   3.7688126E-04  -2.1426888E-02   8.7028513E-02   6.7326144E-04   2.0128697E-04   4.9508508E-05  -4.5543101E-02   8.9000773E-03   6.8349562E-02  -1.6525255E-02   8.6581944E-03   9.9344845E-04  -7.8499713E-04   1.3131521E-03  -2.0803446E-02   3.1046108E-04  -1.4153181E-03   1.6792677E-04  -2.1450808E-04   9.6653728E-06   3.0167212E-06   6.8634796E-05   8.3073580E-05
  3.8627136E-07  -3.3654134E-06   5.5527380E-07   7.3854292E-05  -9.8116434E-05   6.7326144E-04   1.6446789E-04   1.0896787E-05   1.1139696E-05  -6.2000679E-03  -4.5888799E-03   1.2354811E-02  -5.3603586E-03   4.3550876E-04   6.1757550E-05  -1.4051651E-04   3.9013006E-05  -1.8970195E-03  -2.9258551E-06  -5.6204400E-05   3.1089471E-05  -1.9788082E-05   5.2439472E-07  -8.0470092E-07  -4.5705254E-06  -1.2606120E-06
  2.1407887E-07  -2.5504390E-06   3.1143923E-07   8.2278391E-06  -6.4578603E-06   2.0128697E-04   1.0896787E-05   1.5597807E-05   8.7748494E-07  -2.0279410E-02  -7.3713942E-03   9.1932464E-03  -6.0357863E-03   5.0326845E-04   6.1833111E-05  -1.2249411E-04   4.4352339E-05  -2.0298659E-03   2.0834743E-05  -3.2244748E-05   3.1044759E-05  -7.1553550E-06  -1.6616547E-07  -3.3284441E-07  -8.8479471E-08  -2.2496678E-06
  1.7835901E-08  -3.4215626E-07   3.4816603E-08  -4.5441823E-07  -4.4962199E-06   4.9508508E-05   1.1139696E-05   8.7748494E-07   6.4147249E-06   4.6243468E-03   4.7950672E-04   1.2323774E-03   5.2345016E-04  -1.7235525E-04  -4.8622631E-06  -5.9953466E-06   5.9851465E-06   1.1729363E-04  -4.2927307E-07  -2.2393805E-06   6.2615797E-06  -9.9821573E-07   8.9615660E-10  -2.3918841E-08  -3.9322119E-07   7.3110301E-08
 -3.4724232E-04   2.1274214E-04  -1.0390263E-04  -7.3177768E-03   6.3567645E-03  -4.5543101E-02  -6.2000679E-03  -2.0279410E-02   4.6243468E-03   5.9311173E+02   5.6113624E+01  -5.3838342E+01   2.8454310E+01  -2.4716990E+01  -8.4065024E-01  -1.4975471E-01  -2.1963591E-01   1.1187491E+01  -1.5645531E-01   2.6258569E-01  -2.3807750E-01  -2.1891849E-01   6.4293520E-03   2.6075022E-03   7.2994686E-04   5.6357026E-03
 -2.4840439E-04   4.8986495E-04  -4.4342577E-05  -3.8141001E-03  -1.1302147E-02   8.9000773E-03  -4.5888799E-03  -7.3713942E-03   4.7950672E-04   5.6113624E+01   6.7185119E+01   9.9811316E+00   6.2970681E+00   2.2160634E-02  -2.1283995E-03   4.6332046E-01   9.1907789E-01  -8.7700544E+00  -3.7944401E-02  -2.3947728E-01   5.3272171E-02   6.2386785E-02   8.2573400E-04   5.8489876E-04   1.7163960E-03   5.1461564E-03
  1.1183784E-04  -3.0890898E-04   7.5386351E-05   2.3964086E-03  -4.7389185E-03   6.8349562E-02   1.2354811E-02   9.1932464E-03   1.2323774E-03  -5.3838342E+01   9.9811316E+00   1.7715402E+02  -8.3139843E+01   2.7404797E+00   3.3242461E-01  -1.0059212E+00   3.4439912E-01  -7.7110743E+00  -3.1150534E-02  -2.9180476E-01   5.4969282E-01  -3.7536498E-02   1.9238200E-03  -7.6600087E-03   1.3244089E-03   1.9552327E-03
 -1.3506787E-04   2.5459004E-04  -4.7847469E-05  -2.1989442E-03  -2.2208763E-03  -1.6525255E-02  -5.3603586E-03  -6.0357863E-03   5.2345016E-04   2.8454310E+01   6.2970681E+00  -8.3139843E+01   5.1551448E+01   1.5283948E+00  -3.5269666E-02   6.9838229E-01  -2.4214877E-01  -2.5992983E+00   1.7084276E-02   1.7391271E-01  -4.4499623E-01  -9.7723691E-02  -7.2289472E-04   3.1319374E-03  -3.8853518E-04   7.3783509E-04
  1.5676958E-05  -2.0541409E-05   1.0643843E-05   3.5123954E-04  -1.2334088E-03   8.6581944E-03   4.3550876E-04   5.0326845E-04  -1.7235525E-04  -2.4716990E+01   2.2160634E-02   2.7404797E+00   1.5283948E+00   4.1718991E+00   1.0206874E-01   1.4641611E-01  -2.7946637E-02  -3.4668491E+00  -5.0625457E-03  -8.3825391E-03   9.7463939E-03   5.3305161E-02   4.4976993E-04  -1.7936435E-04  -1.3929467E-04  -1.7626038E-04
  1.0111962E-06  -2.5322816E-06   2.8358715E-07   2.3710539E-05  -2.0216575E-04   9.9344845E-04   6.1757550E-05   6.1833111E-05  -4.8622631E-06  -8.4065024E-01  -2.1283995E-03   3.3242461E-01  -3.5269666E-02   1.0206874E-01   1.6577794E-02  -1.6855322E-02   1.1657798E-02  -1.0857477E-01  -4.1031853E-04  -1.2114757E-03  -2.6544460E-03   5.4672028E-03   1.5795361E-05  -3.6317086E-05   1.1399111E-05   8.3568016E-06
 -2.5754144E-06   8.7071566E-06  -3.5257529E-07  -4.7262779E-05   1.5880548E-04  -7.8499713E-04  -1.4051651E-04  -1.2249411E-04  -5.9953466E-06  -1.4975471E-01   4.6332046E-01  -1.0059212E+00   6.9838229E-01   1.4641611E-01  -1.6855322E-02   6.8253375E-02   5.2219298E-03  -1.5184187E-01   9.4262524E-04   7.2160777E-03  -1.1816802E-04  -1.8211463E-02  -1.0121744E-05   9.5417321E-05  -2.3071861E-05  -3.4030234E-06
  8.5771685E-07  -2.3193644E-06  -1.0024814E-07  -5.0846859E-06  -3.3572558E-04   1.3131521E-03   3.9013006E-05   4.4352339E-05   5.9851465E-06  -2.1963591E-01   9.1907789E-01   3.4439912E-01  -2.4214877E-01  -2.7946637E-02   1.1657798E-02   5.2219298E-03   8.1804617E-02   2.5191021E-02  -1.1048819E-03   1.3888149E-04   1.2861135E-03   1.1128739E-03   1.1892980E-05  -7.1284378E-06   2.6894493E-05   2.5071532E-05
 -3.4214551E-05   1.0026396E-04  -1.3748172E-05  -6.9159018E-04   1.3567657E-03  -2.0803446E-02  -1.8970195E-03  -2.0298659E-03   1.1729363E-04   1.1187491E+01  -8.7700544E+00  -7.7110743E+00  -2.5992983E+00  -3.4668491E+00  -1.0857477E-01  -1.5184187E-01   2.5191021E-02   7.4217210E+00  -1.3040708E-03   9.0830121E-04  -3.0101055E-03  -4.7042350E-02  -3.4519984E-04   3.8984700E-05  -8.1639772E-05  -2.3663935E-04
  3.6823139E-07  -3.2236836E-06   7.5824341E-07   8.7236122E-06   5.9928419E-05   3.1046108E-04  -2.9258551E-06   2.0834743E-05  -4.2927307E-07  -1.5645531E-01  -3.7944401E-02  -3.1150534E-02   1.7084276E-02  -5.0625457E-03  -4.1031853E-04   9.4262524E-04  -1.1048819E-03  -1.3040708E-03   3.7882618E-02   3.1154347E-03  -6.1481030E-05  -2.4294119E-05   3.2606017E-05  -2.0014016E-06  -6.5514459E-06  -2.1147779E-05
 -3.0173751E-07   5.4019070E-06   2.6264649E-07   1.5024861E-05   2.1142320E-04  -1.4153181E-03  -5.6204400E-05  -3.2244748E-05  -2.2393805E-06   2.6258569E-01  -2.3947728E-01  -2.9180476E-01   1.7391271E-01  -8.3825391E-03  -1.2114757E-03   7.2160777E-03   1.3888149E-04   9.0830121E-04   3.1154347E-03   3.1199995E-02  -1.0016964E-03   4.9129309E-03  -8.2714806E-05  -4.1357135E-05  -7.6903826E-05  -7.4612797E-05
  8.1942926E-07  -7.3857954E-07   6.2809803E-07   3.5447877E-06   6.5717388E-06   1.6792677E-04   3.1089471E-05   3.1044759E-05   6.2615797E-06  -2.3807750E-01   5.3272171E-02   5.4969282E-01  -4.4499623E-01   9.7463939E-03  -2.6544460E-03  -1.1816802E-04   1.2861135E-03  -3.0101055E-03  -6.1481030E-05  -1.0016964E-03   1.0533290E-02   8.2532367E-03   4.7909685E-06   6.2041311E-05   3.6980849E-06  -6.7654062E-06
  1.3945762E-07   3.4190389E-07   4.2141291E-07  -3.4888732E-06  -9.4333833E-06  -2.1450808E-04  -1.9788082E-05  -7.1553550E-06  -9.9821573E-07  -2.1891849E-01   6.2386785E-02  -3.7536498E-02  -9.7723691E-02   5.3305161E-02   5.4672028E-03  -1.8211463E-02   1.1128739E-03  -4.7042350E-02  -2.4294119E-05   4.9129309E-03   8.2532367E-03   2.6511245E-02  -3.9894171E-06   5.8106687E-05  -1.1797020E-05  -5.8169195E-06
  5.2321841E-09  -6.8085138E-08   7.1508380E-09   6.5322025E-09  -8.5979053E-07   9.6653728E-06   5.2439472E-07  -1.6616547E-07   8.9615660E-10   6.4293520E-03   8.2573400E-04   1.9238200E-03  -7.2289472E-04   4.4976993E-04   1.5795361E-05  -1.0121744E-05   1.1892980E-05  -3.4519984E-04   3.2606017E-05  -8.2714806E-05   4.7909685E-06  -3.9894171E-06   1.1211162E-06   2.1913649E-08   3.1947952E-07   5.8400352E-07
 -6.7091722E-09   3.6643035E-08  -1.9177578E-09  -4.0984262E-07  -9.9336082E-07   3.0167212E-06  -8.0470092E-07  -3.3284441E-07  -2.3918841E-08   2.6075022E-03   5.8489876E-04  -7.6600087E-03   3.1319374E-03  -1.7936435E-04  -3.6317086E-05   9.5417321E-05  -7.1284378E-06   3.8984700E-05  -2.0014016E-06  -4.1357135E-05   6.2041311E-05   5.8106687E-05   2.1913649E-08   2.4415482E-06   1.9996553E-07   9.1826638E-08
 -9.3156272E-08  -2.6347330E-07  -2.6606471E-08  -1.8480925E-06  -1.5523643E-05   6.8634796E-05  -4.5705254E-06  -8.8479471E-08  -3.9322119E-07   7.2994686E-04   1.7163960E-03   1.3244089E-03  -3.8853518E-04  -1.3929467E-04   1.1399111E-05  -2.3071861E-05   2.6894493E-05  -8.1639772E-05  -6.5514459E-06  -7.6903826E-05   3.6980849E-06  -1.1797020E-05   3.1947952E-07   1.9996553E-07   2.3983543E-05   8.9048582E-06
 -2.5834868E-07  -6.7683648E-07   4.1547674E-08  -1.1230508E-06  -1.3668324E-05   8.3073580E-05  -1.2606120E-06  -2.2496678E-06   7.3110301E-08   5.6357026E-03   5.1461564E-03   1.9552327E-03   7.3783509E-04  -1.7626038E-04   8.3568016E-06  -3.4030234E-06   2.5071532E-05  -2.3663935E-04  -2.1147779E-05  -7.4612797E-05  -6.7654062E-06  -5.8169195E-06   5.8400352E-07   9.1826638E-08   8.9048582E-06   2.4808368E-05
