# omegabh2 omegach2 theta tau logA ns nrun calPlanck aps100 aps143 aps217 acib217 asz143 psr cibr xi aksz dust100 dust143 dust217 dust143x217 cal0 cal2 calTE calEE
  2.5646397E-08  -8.2815859E-08   1.4666213E-08   2.7290498E-07   4.7249723E-07   2.2702713E-07  -2.8323032E-07   5.9222983E-09  -6.5972222E-05  -1.7583150E-04  -5.6751372E-05  -4.5212566E-05   6.5239566E-06  -1.1050859E-06   6.8305646E-07   5.3571427E-07  -6.3570473E-06   6.2432596E-07  -8.9086467E-07   6.5182555E-07  -3.2467948E-07   7.4475728E-09   7.1581206E-09  -9.8110102E-08  -2.5374954E-07
 -8.2815859E-08   1.6403547E-06  -1.1706062E-07  -1.6757158E-06   9.2762216E-07  -4.0882179E-06  -1.2876427E-06   1.7215979E-08   9.2301113E-04   1.0688820E-03  -1.4690610E-04   3.9763975E-04  -1.1658895E-04   7.6293311E-07   8.0429956E-06   6.6086656E-06   2.1775495E-04  -1.5388755E-05   1.3335754E-05  -3.5540215E-06   2.5944421E-07  -6.3297551E-08  -8.9910333E-09  -5.3699126E-07  -6.8706548E-07
  1.4666213E-08  -1.1706062E-07   9.1024450E-08   2.4997966E-07   3.3554570E-07   3.8479787E-07   4.1582814E-08   1.6951472E-08   1.4614915E-05  -4.0655277E-05   4.1405480E-05  -2.9745947E-05   5.3349459E-06  -1.2123004E-06   1.5308373E-06   5.9507637E-07  -1.5159444E-05   3.3098146E-07  -3.4168905E-07   5.2216267E-07  -5.9735427E-07  -9.9587498E-10   9.2967854E-09  -3.7922734E-08   1.8281315E-08
  2.7290498E-07  -1.6757158E-06   2.4997966E-07   5.4378096E-05   1.0552569E-04   5.3573087E-06  -9.9383612E-06  -6.2869137E-07  -7.6683421E-03  -1.2773276E-03  -2.7599512E-03   7.7668267E-04   1.5187106E-04   1.5340751E-06   2.1901593E-07   2.3834580E-05  -3.7775383E-04   4.0760107E-05   5.6868884E-06   1.0672008E-05   4.8270027E-05  -6.2745400E-08   3.4242189E-07  -3.7165439E-06  -2.6321706E-06
  4.7249723E-07   9.2762216E-07   3.3554570E-07   1.0552569E-04   2.4700069E-04  -4.0448882E-06  -3.4228679E-05   1.1278939E-05   3.1719501E-03   6.6006587E-03  -2.5717571E-03   4.5659972E-03  -2.5654597E-04   7.3201872E-06  -1.8776430E-06   9.6096087E-05  -2.6203215E-04   7.4831990E-05  -5.9435890E-05   3.0329126E-05   1.1962210E-04   4.4193411E-07   1.1221305E-06  -1.0520744E-05  -4.6509036E-06
  2.2702713E-07  -4.0882179E-06   3.8479787E-07   5.3573087E-06  -4.0448882E-06   2.1552727E-05   1.1192913E-05  -2.8169867E-07  -2.9631828E-02  -1.0672409E-02   1.1225162E-02  -8.7066685E-03   1.1276837E-03   8.0354131E-05  -1.2858169E-04   6.0740431E-05  -2.9732850E-03   4.3288124E-05  -6.4937185E-05   6.0836875E-05  -4.2080334E-06  -2.2357599E-07  -2.9880618E-07   1.8120605E-06  -1.8445457E-06
 -2.8323032E-07  -1.2876427E-06   4.1582814E-08  -9.9383612E-06  -3.4228679E-05   1.1192913E-05   4.6175760E-05  -5.3721215E-07  -3.4193526E-02  -1.4352989E-02   1.4412326E-02  -1.1465139E-02   1.4385010E-03   1.1372762E-04  -2.1118840E-04   5.4954345E-05  -3.3577596E-03  -2.1335706E-05  -2.4711013E-05   7.1709918E-05   2.4081757E-05  -3.4544716E-07  -7.7635176E-07   4.1822452E-06   1.9579265E-06
  5.9222983E-09   1.7215979E-08   1.6951472E-08  -6.2869137E-07   1.1278939E-05  -2.8169867E-07  -5.3721215E-07   6.1848529E-06   4.2041622E-03   1.4602325E-03   2.3571854E-04   1.1595284E-03   1.0133444E-04  -3.4060370E-06   5.8299538E-06   2.6398071E-06  -6.6432891E-05   2.7802098E-05  -2.8282659E-06   1.2492842E-05   2.0900493E-05   1.4063032E-08   1.6582129E-07  -6.5833411E-07  -2.1440665E-08
 -6.5972222E-05   9.2301113E-04   1.4614915E-05  -7.6683421E-03   3.1719501E-03  -2.9631828E-02  -3.4193526E-02   4.2041622E-03   6.2556712E+02   6.8539456E+01  -7.4433316E+01   4.3710241E+01  -2.6737554E+01  -9.5122895E-01   7.2847230E-03  -1.1836232E-01   1.3651490E+01  -2.7655648E-01   2.4197141E-01  -4.2407155E-01  -3.1552109E-01   6.5615915E-03   2.9354976E-03   7.2218232E-04   7.3889714E-03
 -1.7583150E-04   1.0688820E-03  -4.0655277E-05  -1.2773276E-03   6.6006587E-03  -1.0672409E-02  -1.4352989E-02   1.4602325E-03   6.8539456E+01   7.2105110E+01   7.2466854E+00   8.9536125E+00  -8.0926123E-01  -2.7451519E-02   4.4607297E-01   8.7859101E-01  -7.9382029E+00  -8.7553702E-03  -1.8361933E-01   4.2115250E-02   1.0286710E-01   5.6414590E-04   6.7185488E-04  -1.3818617E-03   4.2449879E-03
 -5.6751372E-05  -1.4690610E-04   4.1405480E-05  -2.7599512E-03  -2.5717571E-03   1.1225162E-02   1.4412326E-02   2.3571854E-04  -7.4433316E+01   7.2466854E+00   1.9267925E+02  -9.2697146E+01   3.2262542E+00   5.3036723E-01  -1.2496358E+00   4.9148925E-01  -8.6416077E+00  -3.3459221E-02  -3.2892667E-01   6.3870725E-01   7.4680678E-02   1.5319254E-03  -8.0626081E-03   2.8309503E-03   4.0305744E-03
 -4.5212566E-05   3.9763975E-04  -2.9745947E-05   7.7668267E-04   4.5659972E-03  -8.7066685E-03  -1.1465139E-02   1.1595284E-03   4.3710241E+01   8.9536125E+00  -9.2697146E+01   5.6851385E+01   1.0523469E+00  -1.4032099E-01   7.9176053E-01  -3.1723316E-01  -1.2819960E+00   2.5830014E-02   2.0010673E-01  -4.8522706E-01  -1.2480165E-01  -5.2023135E-04   3.3302663E-03  -2.2351237E-03  -7.2578374E-04
  6.5239566E-06  -1.1658895E-04   5.3349459E-06   1.5187106E-04  -2.5654597E-04   1.1276837E-03   1.4385010E-03   1.0133444E-04  -2.6737554E+01  -8.0926123E-01   3.2262542E+00   1.0523469E+00   4.3770659E+00   1.0982736E-01   1.3962798E-01  -4.2423193E-02  -3.5908783E+00   4.8909571E-03   1.1952635E-03   2.2048578E-02   6.8155249E-02   3.9734182E-04  -1.7856902E-04  -2.0473662E-04  -5.0469187E-04
 -1.1050859E-06   7.6293311E-07  -1.2123004E-06   1.5340751E-06   7.3201872E-06   8.0354131E-05   1.1372762E-04  -3.4060370E-06  -9.5122895E-01  -2.7451519E-02   5.3036723E-01  -1.4032099E-01   1.0982736E-01   1.8444286E-02  -1.8879977E-02   1.3360181E-02  -1.1924699E-01  -1.1680271E-03  -1.2532588E-03  -2.0061319E-03   5.8298745E-03   1.6069713E-05  -4.6113347E-05   4.6680760E-06   3.1112824E-06
  6.8305646E-07   8.0429956E-06   1.5308373E-06   2.1901593E-07  -1.8776430E-06  -1.2858169E-04  -2.1118840E-04   5.8299538E-06   7.2847230E-03   4.4607297E-01  -1.2496358E+00   7.9176053E-01   1.3962798E-01  -1.8879977E-02   6.9019048E-02   1.7686869E-03  -1.2778372E-01   2.0143891E-03   7.8998826E-03   4.8298680E-05  -1.6345940E-02  -7.4890626E-06   1.0398535E-04  -5.8428497E-05  -5.5476068E-05
  5.3571427E-07   6.6086656E-06   5.9507637E-07   2.3834580E-05   9.6096087E-05   6.0740431E-05   5.4954345E-05   2.6398071E-06  -1.1836232E-01   8.7859101E-01   4.9148925E-01  -3.1723316E-01  -4.2423193E-02   1.3360181E-02   1.7686869E-03   8.2387559E-02   1.5100910E-02  -5.1526122E-04   1.2943726E-03   1.2460059E-03   1.6339187E-03   9.6684068E-06  -2.0661576E-05  -2.9138104E-05  -2.2260467E-05
 -6.3570473E-06   2.1775495E-04  -1.5159444E-05  -3.7775383E-04  -2.6203215E-04  -2.9732850E-03  -3.3577596E-03  -6.6432891E-05   1.3651490E+01  -7.9382029E+00  -8.6416077E+00  -1.2819960E+00  -3.5908783E+00  -1.1924699E-01  -1.2778372E-01   1.5100910E-02   7.4284517E+00  -1.9365974E-03  -4.7658405E-03  -2.1882247E-02  -7.0327361E-02  -2.4140398E-04   1.1595176E-04  -1.4066989E-04   4.2043465E-05
  6.2432596E-07  -1.5388755E-05   3.3098146E-07   4.0760107E-05   7.4831990E-05   4.3288124E-05  -2.1335706E-05   2.7802098E-05  -2.7655648E-01  -8.7553702E-03  -3.3459221E-02   2.5830014E-02   4.8909571E-03  -1.1680271E-03   2.0143891E-03  -5.1526122E-04  -1.9365974E-03   3.9932524E-02   3.5379746E-03   1.5731307E-04   6.1258431E-04   4.0051151E-05  -8.5507632E-06   8.5089894E-06  -1.2908280E-05
 -8.9086467E-07   1.3335754E-05  -3.4168905E-07   5.6868884E-06  -5.9435890E-05  -6.4937185E-05  -2.4711013E-05  -2.8282659E-06   2.4197141E-01  -1.8361933E-01  -3.2892667E-01   2.0010673E-01   1.1952635E-03  -1.2532588E-03   7.8998826E-03   1.2943726E-03  -4.7658405E-03   3.5379746E-03   3.1568267E-02  -1.0662056E-03   5.3255459E-03  -8.0024876E-05  -4.5224630E-05  -1.2408637E-04  -1.2855587E-04
  6.5182555E-07  -3.5540215E-06   5.2216267E-07   1.0672008E-05   3.0329126E-05   6.0836875E-05   7.1709918E-05   1.2492842E-05  -4.2407155E-01   4.2115250E-02   6.3870725E-01  -4.8522706E-01   2.2048578E-02  -2.0061319E-03   4.8298680E-05   1.2460059E-03  -2.1882247E-02   1.5731307E-04  -1.0662056E-03   1.1113008E-02   8.5154559E-03   2.6068388E-06   6.4438778E-05   2.2739056E-05   3.7734548E-06
 -3.2467948E-07   2.5944421E-07  -5.9735427E-07   4.8270027E-05   1.1962210E-04  -4.2080334E-06   2.4081757E-05   2.0900493E-05  -3.1552109E-01   1.0286710E-01   7.4680678E-02  -1.2480165E-01   6.8155249E-02   5.8298745E-03  -1.6345940E-02   1.6339187E-03  -7.0327361E-02   6.1258431E-04   5.3255459E-03   8.5154559E-03   2.5381206E-02  -5.2337503E-06   5.6263012E-05  -2.7216373E-05  -1.2902285E-05
  7.4475728E-09  -6.3297551E-08  -9.9587498E-10  -6.2745400E-08   4.4193411E-07  -2.2357599E-07  -3.4544716E-07   1.4063032E-08   6.5615915E-03   5.6414590E-04   1.5319254E-03  -5.2023135E-04   3.9734182E-04   1.6069713E-05  -7.4890626E-06   9.6684068E-06  -2.4140398E-04   4.0051151E-05  -8.0024876E-05   2.6068388E-06  -5.2337503E-06   1.0999796E-06   2.9378023E-08   5.1815530E-07   6.3351168E-07
  7.1581206E-09  -8.9910333E-09   9.2967854E-09   3.4242189E-07   1.1221305E-06  -2.9880618E-07  -7.7635176E-07   1.6582129E-07   2.9354976E-03   6.7185488E-04  -8.0626081E-03   3.3302663E-03  -1.7856902E-04  -4.6113347E-05   1.0398535E-04  -2.0661576E-05   1.1595176E-04  -8.5507632E-06  -4.5224630E-05   6.4438778E-05   5.6263012E-05   2.9378023E-08   2.5334157E-06   2.4382615E-07   2.2634237E-07
 -9.8110102E-08  -5.3699126E-07  -3.7922734E-08  -3.7165439E-06  -1.0520744E-05   1.8120605E-06   4.1822452E-06  -6.5833411E-07   7.2218232E-04  -1.3818617E-03   2.8309503E-03  -2.2351237E-03  -2.0473662E-04   4.6680760E-06  -5.8428497E-05  -2.9138104E-05  -1.4066989E-04   8.5089894E-06  -1.2408637E-04   2.2739056E-05  -2.7216373E-05   5.1815530E-07   2.4382615E-07   2.5322514E-05   8.7782900E-06
 -2.5374954E-07  -6.8706548E-07   1.8281315E-08  -2.6321706E-06  -4.6509036E-06  -1.8445457E-06   1.9579265E-06  -2.1440665E-08   7.3889714E-03   4.2449879E-03   4.0305744E-03  -7.2578374E-04  -5.0469187E-04   3.1112824E-06  -5.5476068E-05  -2.2260467E-05   4.2043465E-05  -1.2908280E-05  -1.2855587E-04   3.7734548E-06  -1.2902285E-05   6.3351168E-07   2.2634237E-07   8.7782900E-06   2.3625427E-05
