# omegabh2 omegach2 theta tau mnu logA ns calPlanck acib217 xi asz143 aps100 aps143 aps143217 aps217 aksz kgal100 kgal143 kgal143217 kgal217 galfTE100 galfTE100143 galfTE100217 galfTE143 galfTE143217 galfTE217 cal0 cal2 DES_b1 DES_b2 DES_b3 DES_b4 DES_b5 DES_m1 DES_m2 DES_m3 DES_m4 DES_AIA DES_alphaIA DES_DzL1 DES_DzL2 DES_DzL3 DES_DzL4 DES_DzL5 DES_DzS1 DES_DzS2 DES_DzS3 DES_DzS4
  1.7601507E-08  -3.9526692E-08   9.2073837E-09   1.6391862E-07   1.3492695E-07   3.5594167E-07   1.1855918E-07   1.8187658E-08  -7.2417819E-05   1.1217200E-06   1.4742368E-05  -3.1992655E-04  -1.9744458E-04  -6.5354363E-05   2.0890240E-05  -3.0804321E-05  -2.6726439E-06  -6.4756568E-06  -1.0149769E-05   8.7615333E-06   3.7548835E-08  -7.6371938E-08  -2.1144654E-07  -2.6054220E-07  -3.2716752E-07  -1.6466927E-06   3.5681538E-09  -1.0972208E-09  -3.7831872E-07  -2.6895231E-08  -5.9190120E-09  -2.3219045E-07  -1.5213779E-07   1.9840092E-08  -2.7991954E-08   2.2770905E-07   1.7847028E-07  -1.4921128E-07   1.3220195E-05   8.0606803E-09   2.1993940E-08   1.2461208E-08   1.7975032E-08   4.2477714E-09  -1.0065681E-08   3.8448217E-08   6.0538782E-08   9.8846287E-08
 -3.9526692E-08   7.1186551E-07  -3.0869923E-08  -2.3139656E-06  -4.3906923E-06  -3.3274517E-06  -1.7323872E-06  -2.0960756E-07   1.0087464E-04  -1.9074424E-06  -5.3249685E-05   1.1381376E-03   5.5145434E-04   1.7729429E-04  -2.9404468E-05   5.8388708E-05  -3.9562381E-06  -8.2780575E-06   7.1976084E-06  -5.6489426E-06   3.9650760E-07   2.1750198E-07   5.5247929E-07   3.6771699E-07   7.1483154E-07   2.3207952E-06   1.3087450E-09   4.0587610E-09   2.2782071E-06  -1.7270576E-06  -2.4626041E-06  -1.6720559E-06  -1.1875370E-06  -2.4215488E-08  -2.2940855E-08  -3.1078525E-06  -2.1567993E-06   3.1268708E-06  -1.8910909E-04  -1.2119131E-07  -1.1428725E-07  -5.0945142E-08  -2.5212134E-07  -1.9298466E-07   1.5454973E-07  -4.3936756E-07  -7.7939134E-07  -1.6641581E-06
  9.2073837E-09  -3.0869923E-08   7.9077628E-08   1.4961006E-07  -3.1639716E-07   3.6170495E-07   1.8191643E-07   2.2902476E-08   2.1093818E-05   5.9617861E-07  -3.9661613E-06  -5.4164783E-05  -3.5111734E-05  -2.3293634E-05  -2.8179706E-05   2.1184865E-06   1.2448520E-06  -5.1964097E-06  -1.5333726E-05  -3.9973175E-05   2.7585365E-08  -8.0461121E-09  -3.5520760E-07   5.5817631E-08  -9.4100641E-08  -2.3153485E-08  -3.3361437E-11   2.2259478E-09  -1.1573042E-06  -3.9084405E-07  -6.1962768E-07  -8.8837640E-07  -7.8034252E-07   1.0593622E-07  -4.1911578E-09   2.3584655E-07   1.9191617E-07   6.7113192E-07   1.7714213E-05  -1.4605027E-08   2.2524019E-08   3.3102633E-08  -1.1986248E-08   5.0856408E-09  -2.9980829E-08   6.6153111E-08   8.0574524E-08   7.2318423E-08
  1.6391862E-07  -2.3139656E-06   1.4961006E-07   4.7761791E-05   6.2489020E-05   8.7119888E-05   7.0882017E-06  -9.7681434E-07  -6.7902341E-04  -1.7130124E-05   4.5568030E-04  -8.0485160E-03  -4.2980790E-03  -1.8485449E-03  -8.2929141E-04  -3.9017943E-04  -4.3656735E-05  -1.2943740E-05  -1.6931290E-04  -2.1820397E-04   1.1191689E-06  -2.3185878E-06   7.5847791E-08  -2.9479852E-06  -4.3513081E-06  -3.6300330E-06  -1.4226712E-08   2.3383393E-08  -3.3733249E-05  -2.9823689E-05  -2.8374684E-05  -5.0438754E-05  -3.9483394E-05   5.3619435E-07  -2.3858700E-06  -2.7331905E-06  -1.5525917E-06   7.0675957E-06  -9.1628972E-05  -5.2329538E-07  -2.7178567E-08   3.1347757E-07  -2.3830042E-08   8.4860910E-07   2.6942568E-07   3.5504175E-07  -9.3107411E-07  -1.1648916E-06
  1.3492695E-07  -4.3906923E-06  -3.1639716E-07   6.2489020E-05   1.9038469E-03   1.2913330E-04   8.9508012E-06   7.7967774E-06   4.3581961E-03  -1.4262174E-04   7.4209382E-04  -1.5151941E-03  -3.5999005E-04  -8.4008475E-04  -2.3373095E-04  -7.7232197E-04  -5.0069073E-04   2.3098828E-04   1.8032235E-04  -8.4203266E-04   1.2390310E-05   4.1086134E-06   2.0501680E-05  -4.0883159E-06  -2.2451662E-05   1.5132991E-05   2.2104341E-07   1.4879019E-07   6.6579612E-04   7.6692586E-04   7.5809566E-04   8.9038964E-04   8.6752864E-04   1.2364461E-06  -1.1893014E-05   2.8236672E-05   2.4131698E-05  -2.0383530E-04   2.0123635E-04  -2.6020530E-06  -2.4814402E-06  -6.2618236E-06   3.7811131E-06  -6.4613790E-07  -7.8887353E-06   2.0543944E-06   5.3780766E-06   2.8458880E-05
  3.5594167E-07  -3.3274517E-06   3.6170495E-07   8.7119888E-05   1.2913330E-04   1.8684769E-04   9.4816189E-06   9.5306181E-06  -1.5931116E-03   2.2165710E-05   7.2537030E-04  -1.2210415E-02  -5.9910714E-03  -4.4484854E-04   4.0641605E-03  -1.3589080E-03  -4.4160145E-04  -6.0271141E-04  -8.8394888E-04   8.6235904E-04   6.0842030E-06  -6.3854275E-06  -3.2020231E-06  -5.3727396E-06  -6.5212565E-06   1.1870971E-05   1.1852884E-07   3.0826209E-08  -7.1899802E-05  -7.3700505E-05  -6.9922122E-05  -1.1535972E-04  -9.6462294E-05   7.5101686E-07  -5.7518136E-06  -1.2502074E-05  -7.2125995E-06   2.8060343E-05  -5.9745658E-04  -1.3078568E-06  -4.2581828E-07   5.6557737E-07  -6.0943762E-07   1.0135131E-06   1.5823947E-06   2.6938267E-08  -3.8495025E-06  -7.3686145E-06
  1.1855918E-07  -1.7323872E-06   1.8191643E-07   7.0882017E-06   8.9508012E-06   9.4816189E-06   1.3303353E-05   4.7321390E-07  -4.1599006E-03   1.0779281E-04   8.9136201E-04  -2.2146400E-02  -6.0457903E-03   2.0748202E-03   5.1359168E-03  -2.1450033E-03   2.7466208E-04  -2.3846863E-04  -2.6472547E-04   1.2425420E-03  -6.6079490E-07  -3.5710483E-07  -2.7325260E-06  -2.0053309E-06   3.3202063E-07   3.4689455E-07  -9.5422645E-08  -5.4550867E-08  -6.6915753E-06   2.7437481E-06   3.0642676E-06   2.1982498E-06   4.1232081E-06   4.4405334E-07  -3.4602040E-07   6.7202706E-06   5.3983191E-06  -3.9498313E-06   4.3987000E-04   4.1713209E-07   4.4391587E-07   1.5335020E-07   5.9451571E-07   5.1818553E-07  -8.0955182E-08   1.0503317E-06   1.6801947E-06   3.9122371E-06
  1.8187658E-08  -2.0960756E-07   2.2902476E-08  -9.7681434E-07   7.7967774E-06   9.5306181E-06   4.7321390E-07   5.9735726E-06   5.7192685E-04   9.0850851E-06  -2.2160174E-05   2.9574463E-03   5.9277119E-04   6.0719539E-04   1.3829073E-03   1.1517434E-05  -4.0219700E-06   1.9284710E-05  -2.4915751E-05   7.0756140E-04   1.2324033E-06  -1.0888889E-06  -5.2645085E-08  -4.2583722E-07   1.2214144E-06   1.2593348E-05  -3.4673176E-09  -9.0208814E-09  -3.9017848E-06  -4.0378507E-06  -2.8461862E-06  -3.8284255E-06  -5.0250245E-06  -6.1806416E-08  -4.5749350E-07  -1.4274277E-07   2.5477598E-07   3.8678208E-06  -7.9741943E-06   5.4048384E-10  -1.2375320E-07  -2.0549508E-08   7.1570560E-08   4.7744757E-08   6.4691916E-07   1.8516988E-07  -7.2196031E-08  -4.0027633E-07
 -7.2417819E-05   1.0087464E-04   2.1093818E-05  -6.7902341E-04   4.3581961E-03  -1.5931116E-03  -4.1599006E-03   5.7192685E-04   4.4176679E+01  -3.9587581E-01  -7.6047058E-01   3.6227887E+01   2.3329532E+00  -1.2531024E+01  -5.4201422E+01  -3.1066539E-01   3.6671168E-01   6.0709583E-01  -5.6650711E+00  -3.3023543E+01   1.3001894E-03  -1.2805080E-03   4.9925306E-03  -6.3961773E-03  -8.8192819E-03   3.0801236E-03  -1.5972301E-04   6.8775053E-04   2.4245166E-03   8.0706910E-03   1.0044535E-03   2.3173097E-03  -2.6604431E-03   2.1356705E-04   9.0497174E-05   7.6747756E-04  -3.7197164E-04  -7.9336510E-04   7.8159348E-02   5.9757759E-04   8.6501719E-05  -4.6151798E-04   1.4825168E-06   5.2136835E-04  -1.1683355E-04  -3.2649660E-04   1.2600804E-04   5.8530264E-05
  1.1217200E-06  -1.9074424E-06   5.9617861E-07  -1.7130124E-05  -1.4262174E-04   2.2165710E-05   1.0779281E-04   9.0850851E-06  -3.9587581E-01   8.2529513E-02  -2.5619608E-02  -6.7034941E-01   9.2236995E-01   1.7667576E+00   6.7170298E-01   2.4751754E-02  -6.4511165E-03   1.2693959E-02   1.3250681E-01   1.8639111E-01  -1.9354666E-04  -1.3001381E-04  -1.2283889E-04   2.3303450E-04   2.3171853E-04   9.7340166E-05   5.6970802E-06   1.3862894E-06  -1.3974269E-04  -9.3246733E-05  -1.6620980E-04  -1.0697981E-04  -1.6299453E-04   2.8813176E-05   9.2232436E-05  -2.4326186E-05  -2.0097118E-05  -6.1731818E-04   3.3598140E-04   4.2950946E-06  -2.3524078E-05   9.4284384E-06   5.8201907E-05  -4.6994580E-05  -3.9976356E-06  -8.6490707E-06   4.3801749E-06   7.0216837E-05
  1.4742368E-05  -5.3249685E-05  -3.9661613E-06   4.5568030E-04   7.4209382E-04   7.2537030E-04   8.9136201E-04  -2.2160174E-05  -7.6047058E-01  -2.5619608E-02   3.8877094E+00  -3.0335557E+01  -3.0134554E+00   8.0983742E+00   5.2814241E+00  -2.7099232E+00  -2.1296969E-01   8.8738673E-02   2.5973508E+00   3.1396575E+00  -5.7228170E-04  -4.6465873E-04   2.3210611E-03  -1.4457992E-03  -8.6646093E-04   5.6559504E-03   1.0787182E-04  -3.6907927E-05   3.8700611E-04  -1.2472029E-03   1.0050501E-05  -3.2667849E-05   2.4692789E-03   3.2974974E-04   2.3830187E-04  -2.1752660E-04   4.9070903E-04  -1.1863039E-03   1.1503773E-02  -2.4402112E-06  -1.4316227E-04   1.3140391E-05  -3.0058440E-04   7.5332914E-05  -1.4886562E-04   2.1769814E-04  -7.9808954E-05  -5.2941089E-04
 -3.1992655E-04   1.1381376E-03  -5.4164783E-05  -8.0485160E-03  -1.5151941E-03  -1.2210415E-02  -2.2146400E-02   2.9574463E-03   3.6227887E+01  -6.7034941E-01  -3.0335557E+01   7.7985534E+02   6.6397538E+01  -5.8233875E+01  -6.2000761E+01   1.3691922E+01  -6.0565988E+00   6.4351212E+00  -1.1588281E+01  -2.3653258E+01   1.9937475E-03  -9.8428341E-04   2.2065734E-02   2.2798469E-03  -2.5265116E-02  -1.0467839E-01   3.8203027E-03   5.1929085E-04   9.7123050E-03   6.9938130E-03   1.8853790E-02   1.4249457E-03  -6.7126019E-03  -7.3473124E-03  -2.0721339E-03  -4.4272544E-04  -7.1889786E-03  -2.1834761E-02  -1.2250004E+00   6.8714533E-05   2.0569216E-03  -1.4176585E-04   5.2695912E-03   1.4087056E-03   7.0622788E-03  -1.4294461E-03  -2.8113820E-04   6.0170235E-03
 -1.9744458E-04   5.5145434E-04  -3.5111734E-05  -4.2980790E-03  -3.5999005E-04  -5.9910714E-03  -6.0457903E-03   5.9277119E-04   2.3329532E+00   9.2236995E-01  -3.0134554E+00   6.6397538E+01   6.1707133E+01   4.1246378E+01   1.4734291E+01  -5.2935706E+00  -4.1401801E-01  -1.4174712E+00   3.2961728E+00   3.7554815E+00  -1.6209167E-03   2.0591681E-03   5.8778664E-04   2.3534873E-03  -1.3300915E-03   2.5402602E-03   1.0172604E-04   1.7884402E-04   5.6870069E-03  -2.4752906E-03   2.5687964E-03   3.0953205E-03   5.4141507E-03   3.8371925E-04   3.1593613E-03  -5.1494001E-03  -2.5864847E-03  -1.7524146E-02  -2.7344125E-01  -2.0896440E-04  -2.7370568E-04  -1.7325070E-05   1.6045906E-03  -3.8309661E-04  -3.1622557E-05   4.0627312E-04   6.2733907E-04  -7.7046624E-04
 -6.5354363E-05   1.7729429E-04  -2.3293634E-05  -1.8485449E-03  -8.4008475E-04  -4.4484854E-04   2.0748202E-03   6.0719539E-04  -1.2531024E+01   1.7667576E+00   8.0983742E+00  -5.8233875E+01   4.1246378E+01   8.7925840E+01   5.2845642E+01  -1.2176714E+01  -9.1375601E-01  -9.1348053E-01   5.1485107E+00   8.1917344E+00  -4.2517663E-03  -1.4306217E-03   4.8411514E-03   1.6612413E-03   3.8969218E-03   4.9466993E-03   4.7440177E-04  -2.6897344E-04   3.1128631E-03  -7.1093085E-03  -1.3095238E-03   8.8471007E-04   1.1444257E-02   1.0885753E-03   5.1937158E-03  -3.4343603E-03  -7.6101606E-04  -2.2248443E-02  -1.7747788E-01   1.4436034E-04  -1.1606007E-03   4.2632105E-04   1.3878424E-03  -1.2353187E-03   1.0111178E-04   9.8330304E-04   2.2351752E-04  -1.4105339E-03
  2.0890240E-05  -2.9404468E-05  -2.8179706E-05  -8.2929141E-04  -2.3373095E-04   4.0641605E-03   5.1359168E-03   1.3829073E-03  -5.4201422E+01   6.7170298E-01   5.2814241E+00  -6.2000761E+01   1.4734291E+01   5.2845642E+01   1.0152984E+02  -8.9710825E+00  -1.0032685E+00  -1.4593353E+00   5.1869926E+00   3.2837596E+01  -2.5548018E-03   1.3597975E-03  -1.3393887E-03   8.0081904E-03   1.4200315E-02  -8.8846034E-03   4.2192353E-04  -1.2645490E-03   3.0587161E-03  -1.3384967E-02   5.4097597E-04  -1.2552668E-03   1.0438595E-02  -2.5197759E-04   2.2025414E-03  -2.7190732E-03   1.0222611E-03  -4.2230573E-03  -1.9897801E-01  -5.7752494E-04  -6.9271180E-04   7.5217208E-04   8.1434898E-04  -1.0729895E-03   9.6979601E-04   9.4383645E-04  -1.0872026E-04  -2.8358004E-03
 -3.0804321E-05   5.8388708E-05   2.1184865E-06  -3.9017943E-04  -7.7232197E-04  -1.3589080E-03  -2.1450033E-03   1.1517434E-05  -3.1066539E-01   2.4751754E-02  -2.7099232E+00   1.3691922E+01  -5.2935706E+00  -1.2176714E+01  -8.9710825E+00   5.7831278E+00   1.6652670E-01  -1.2525026E-01  -1.9999950E+00  -2.0874191E+00   3.8268174E-04  -4.4004195E-04  -7.3197755E-04   1.6738483E-03   2.4044515E-03   3.5927395E-03  -7.4368388E-05  -2.7198531E-06  -4.7022463E-04   1.1888346E-03  -3.4679737E-04   7.1144962E-04  -1.5863587E-03  -1.1551588E-04  -9.5778424E-04   4.0483304E-04  -9.7860909E-04   3.2891793E-03   7.6032725E-03  -5.3856851E-05  -1.6510050E-04   6.6012734E-05  -4.6492580E-05   5.4863385E-06   7.3782071E-05  -2.2811583E-04  -4.3963967E-05   9.8133584E-04
 -2.6726439E-06  -3.9562381E-06   1.2448520E-06  -4.3656735E-05  -5.0069073E-04  -4.4160145E-04   2.7466208E-04  -4.0219700E-06   3.6671168E-01  -6.4511165E-03  -2.1296969E-01  -6.0565988E+00  -4.1401801E-01  -9.1375601E-01  -1.0032685E+00   1.6652670E-01   3.3458867E+00   5.3465872E-01   1.3838872E-01   5.3040798E-03  -1.0321210E-03  -5.0390462E-04  -8.0993009E-04   4.7165253E-04  -7.6728827E-04  -2.2442199E-03   1.7135582E-04   1.0081324E-05  -1.2106726E-03  -4.8021528E-04   3.3974051E-04   6.7275479E-04   4.7505119E-04   8.8348167E-04   1.2647198E-04  -2.2732717E-04  -1.7914017E-04   6.3686354E-03  -1.9986518E-02  -6.9985721E-05  -1.6448216E-04   1.3277093E-05  -1.2803763E-04  -1.9969223E-04  -3.3938915E-04   9.5992655E-05   1.9422103E-04   2.4199656E-07
 -6.4756568E-06  -8.2780575E-06  -5.1964097E-06  -1.2943740E-05   2.3098828E-04  -6.0271141E-04  -2.3846863E-04   1.9284710E-05   6.0709583E-01   1.2693959E-02   8.8738673E-02   6.4351212E+00  -1.4174712E+00  -9.1348053E-01  -1.4593353E+00  -1.2525026E-01   5.3465872E-01   3.1540501E+00   2.6390413E+00   2.5800490E+00  -4.1225870E-04  -6.8504718E-04   2.1724018E-03   5.1366952E-04   1.0656910E-03   8.2805150E-04  -1.7950380E-04  -4.3190231E-05   8.8517574E-04   7.8377395E-04   1.3070795E-03   7.4819322E-04   1.0836311E-03   3.2356927E-04   5.1089308E-04   8.8197652E-05   3.1288144E-04   3.3074042E-03  -2.4256205E-03   1.8308945E-05   4.0352140E-05  -1.5799777E-04  -2.7807821E-05   2.4915428E-04   1.9091433E-04  -1.9678155E-04  -6.9036494E-05  -2.9238693E-04
 -1.0149769E-05   7.1976084E-06  -1.5333726E-05  -1.6931290E-04   1.8032235E-04  -8.8394888E-04  -2.6472547E-04  -2.4915751E-05  -5.6650711E+00   1.3250681E-01   2.5973508E+00  -1.1588281E+01   3.2961728E+00   5.1485107E+00   5.1869926E+00  -1.9999950E+00   1.3838872E-01   2.6390413E+00   1.0601100E+01   1.8875203E+01  -1.2640496E-03  -5.1473017E-04   6.1435030E-04   4.5405380E-04  -2.0854745E-03   9.5629476E-03  -4.1397071E-05   4.1086146E-04   1.8840527E-03  -3.1706687E-04   2.2011387E-03  -3.1673015E-04   1.4872141E-03   4.8969580E-04   8.8452167E-04  -7.3892768E-04   4.8471479E-04   1.0273179E-03   3.1750263E-02  -2.5761153E-04   3.9743061E-05  -1.9330311E-04  -1.1601973E-04   2.9875278E-04  -4.5871569E-04  -2.5973712E-05  -1.4433538E-04  -1.0816857E-04
  8.7615333E-06  -5.6489426E-06  -3.9973175E-05  -2.1820397E-04  -8.4203266E-04   8.6235904E-04   1.2425420E-03   7.0756140E-04  -3.3023543E+01   1.8639111E-01   3.1396575E+00  -2.3653258E+01   3.7554815E+00   8.1917344E+00   3.2837596E+01  -2.0874191E+00   5.3040798E-03   2.5800490E+00   1.8875203E+01   5.2674059E+01  -1.4165240E-03   9.9010064E-04  -1.3553750E-03   3.3366070E-03  -1.6753689E-03   1.7643852E-02   8.7274744E-06   9.1921026E-04   1.3337376E-03  -5.0699577E-03   2.2229152E-03  -1.9415753E-03   1.7463982E-03   1.1449266E-04   7.4125970E-04  -1.3203897E-03  -2.4432226E-05   3.7779889E-03   6.9547097E-03  -6.4208092E-04   2.2876891E-04  -1.2643676E-04  -3.4691702E-04   3.8741017E-04  -6.7313878E-04   4.1955158E-04  -3.7857491E-04  -4.3953502E-05
  3.7548835E-08   3.9650760E-07   2.7585365E-08   1.1191689E-06   1.2390310E-05   6.0842030E-06  -6.6079490E-07   1.2324033E-06   1.3001894E-03  -1.9354666E-04  -5.7228170E-04   1.9937475E-03  -1.6209167E-03  -4.2517663E-03  -2.5548018E-03   3.8268174E-04  -1.0321210E-03  -4.1225870E-04  -1.2640496E-03  -1.4165240E-03   1.4499080E-03   2.6099554E-04   7.7596489E-05  -3.9387832E-04  -1.4270569E-04  -2.5482048E-04  -1.9691173E-07   2.0829570E-07  -2.4786657E-05  -5.8315637E-06  -1.6588124E-05  -2.2232849E-05   3.4909748E-05  -1.0411437E-05  -3.5343328E-06  -4.8409084E-06  -2.5794250E-06  -2.4889446E-05   4.6603429E-04  -1.1751217E-06   3.1387018E-07  -1.4304179E-06  -3.9108583E-06  -1.4743528E-06  -3.8393181E-06  -2.0374162E-06   5.4792278E-07   5.3180316E-06
 -7.6371938E-08   2.1750198E-07  -8.0461121E-09  -2.3185878E-06   4.1086134E-06  -6.3854275E-06  -3.5710483E-07  -1.0888889E-06  -1.2805080E-03  -1.3001381E-04  -4.6465873E-04  -9.8428341E-04   2.0591681E-03  -1.4306217E-03   1.3597975E-03  -4.4004195E-04  -5.0390462E-04  -6.8504718E-04  -5.1473017E-04   9.9010064E-04   2.6099554E-04   8.5080969E-04   8.5638464E-05   6.9675571E-04   5.2708601E-05  -5.7098938E-04  -1.7995557E-07  -5.5017361E-09  -2.4499689E-06  -5.2179235E-06  -3.0025089E-06  -1.2969035E-05   2.4705066E-05  -1.1406872E-05   6.3963416E-06   3.9695419E-06   8.3670246E-06  -2.8579468E-05   4.3945136E-04   8.7442214E-07  -7.5752887E-07   3.2948471E-08  -1.3887538E-06   1.0086800E-06  -2.3245057E-06  -5.0342479E-06   9.8553700E-07   2.3200377E-06
 -2.1144654E-07   5.5247929E-07  -3.5520760E-07   7.5847791E-08   2.0501680E-05  -3.2020231E-06  -2.7325260E-06  -5.2645085E-08   4.9925306E-03  -1.2283889E-04   2.3210611E-03   2.2065734E-02   5.8778664E-04   4.8411514E-03  -1.3393887E-03  -7.3197755E-04  -8.0993009E-04   2.1724018E-03   6.1435030E-04  -1.3553750E-03   7.7596489E-05   8.5638464E-05   7.0244998E-03  -1.9613125E-04   6.3478259E-04   4.5220981E-03  -1.7906769E-07  -8.6818730E-08   5.0517865E-05   1.5103540E-05  -5.8834003E-05  -3.6867311E-05   3.7733174E-05   1.7099026E-05  -1.9399093E-05  -3.6129367E-05  -2.4348033E-06   8.1997546E-05   8.1539808E-04   1.8145736E-05   3.0298254E-06  -2.1420136E-06  -2.9243103E-07   9.2303932E-07   2.6409315E-06   2.8501663E-06  -9.4532825E-07  -1.7759614E-05
 -2.6054220E-07   3.6771699E-07   5.5817631E-08  -2.9479852E-06  -4.0883159E-06  -5.3727396E-06  -2.0053309E-06  -4.2583722E-07  -6.3961773E-03   2.3303450E-04  -1.4457992E-03   2.2798469E-03   2.3534873E-03   1.6612413E-03   8.0081904E-03   1.6738483E-03   4.7165253E-04   5.1366952E-04   4.5405380E-04   3.3366070E-03  -3.9387832E-04   6.9675571E-04  -1.9613125E-04   2.8448348E-03   5.2114595E-04  -7.8247380E-04   3.1154525E-07  -2.7859499E-07  -1.8594225E-06  -4.0954250E-05   9.0837270E-06   1.4746896E-05  -9.9045187E-06   9.5774700E-07  -5.0802500E-06   6.4484361E-06   8.9075945E-07   2.1929649E-06   1.3401463E-04  -6.1293351E-06  -5.7386777E-06   6.7927915E-07  -5.8903563E-07   3.1964742E-07  -7.1600638E-07  -9.5802671E-06  -2.6680244E-06  -5.7263631E-07
 -3.2716752E-07   7.1483154E-07  -9.4100641E-08  -4.3513081E-06  -2.2451662E-05  -6.5212565E-06   3.3202063E-07   1.2214144E-06  -8.8192819E-03   2.3171853E-04  -8.6646093E-04  -2.5265116E-02  -1.3300915E-03   3.8969218E-03   1.4200315E-02   2.4044515E-03  -7.6728827E-04   1.0656910E-03  -2.0854745E-03  -1.6753689E-03  -1.4270569E-04   5.2708601E-05   6.3478259E-04   5.2114595E-04   6.4388315E-03   7.7459695E-03  -6.5071203E-07  -6.1635880E-07  -3.0342406E-05  -5.1130626E-05  -1.4765886E-05   1.1943648E-05  -5.7227201E-05   1.5144733E-05  -4.3096402E-05   4.0926821E-06  -2.3959245E-05  -1.0302457E-04   1.5860237E-03  -3.6978249E-07  -7.8290728E-06  -7.4906903E-06   1.1952703E-05   2.6313286E-06  -1.5308444E-06   3.3609422E-06  -1.4569815E-05   2.7924506E-05
 -1.6466927E-06   2.3207952E-06  -2.3153485E-08  -3.6300330E-06   1.5132991E-05   1.1870971E-05   3.4689455E-07   1.2593348E-05   3.0801236E-03   9.7340166E-05   5.6559504E-03  -1.0467839E-01   2.5402602E-03   4.9466993E-03  -8.8846034E-03   3.5927395E-03  -2.2442199E-03   8.2805150E-04   9.5629476E-03   1.7643852E-02  -2.5482048E-04  -5.7098938E-04   4.5220981E-03  -7.8247380E-04   7.7459695E-03   7.2445394E-02  -1.2471032E-06   1.0460020E-06  -6.8918985E-06  -1.5627135E-04   5.5538364E-05  -9.8883092E-05  -2.1300146E-04  -1.4283230E-05  -1.5607100E-04  -2.3200932E-05  -3.3319377E-05  -3.9332058E-04  -1.0956339E-03   2.0132980E-05  -3.8115267E-06  -1.0820289E-05  -1.7652531E-05  -1.2904578E-05  -1.1001980E-05  -3.5291011E-05  -8.7833722E-06   3.0158137E-06
  3.5681538E-09   1.3087450E-09  -3.3361437E-11  -1.4226712E-08   2.2104341E-07   1.1852884E-07  -9.5422645E-08  -3.4673176E-09  -1.5972301E-04   5.6970802E-06   1.0787182E-04   3.8203027E-03   1.0172604E-04   4.7440177E-04   4.2192353E-04  -7.4368388E-05   1.7135582E-04  -1.7950380E-04  -4.1397071E-05   8.7274744E-06  -1.9691173E-07  -1.7995557E-07  -1.7906769E-07   3.1154525E-07  -6.5071203E-07  -1.2471032E-06   3.7079780E-07  -2.5324631E-09   1.5092397E-07  -4.3784589E-07   4.2913885E-07   1.9446289E-07  -1.7083121E-07   8.0617897E-08  -9.3497412E-08  -6.0282494E-08  -1.1716475E-07   1.5989589E-07   3.2741482E-06   6.1936818E-08   1.5612292E-08   6.1901419E-08   2.7408421E-08  -9.4199995E-08  -3.2356526E-08   5.4980534E-08   6.3957727E-08   1.0149905E-07
 -1.0972208E-09   4.0587610E-09   2.2259478E-09   2.3383393E-08   1.4879019E-07   3.0826209E-08  -5.4550867E-08  -9.0208814E-09   6.8775053E-04   1.3862894E-06  -3.6907927E-05   5.1929085E-04   1.7884402E-04  -2.6897344E-04  -1.2645490E-03  -2.7198531E-06   1.0081324E-05  -4.3190231E-05   4.1086146E-04   9.1921026E-04   2.0829570E-07  -5.5017361E-09  -8.6818730E-08  -2.7859499E-07  -6.1635880E-07   1.0460020E-06  -2.5324631E-09   3.8633076E-07   2.5831680E-07   3.0824602E-07  -1.7594358E-07  -1.8649148E-08  -3.4838770E-07   4.9641648E-08  -1.6415005E-07   1.1241582E-07   7.4523863E-08   3.6860497E-07   5.5947087E-06  -5.0047574E-08   1.2531727E-08   6.2588048E-09  -2.8472859E-08   5.2527552E-08  -8.0643767E-08   3.0869434E-08  -3.6052297E-08   9.9266146E-09
 -3.7831872E-07   2.2782071E-06  -1.1573042E-06  -3.3733249E-05   6.6579612E-04  -7.1899802E-05  -6.6915753E-06  -3.9017848E-06   2.4245166E-03  -1.3974269E-04   3.8700611E-04   9.7123050E-03   5.6870069E-03   3.1128631E-03   3.0587161E-03  -4.7022463E-04  -1.2106726E-03   8.8517574E-04   1.8840527E-03   1.3337376E-03  -2.4786657E-05  -2.4499689E-06   5.0517865E-05  -1.8594225E-06  -3.0342406E-05  -6.8918985E-06   1.5092397E-07   2.5831680E-07   5.3813335E-03   3.7693656E-04   3.2019478E-04   3.8731828E-04   3.6710427E-04  -1.5358136E-05   1.9962237E-05   1.1572298E-04   4.1434483E-05  -4.7501089E-04   1.1693046E-02   1.4250519E-04   1.1277171E-05   9.9897001E-06   2.2041266E-05  -3.8270726E-06  -4.9690368E-06   1.0424569E-05   2.8976737E-05   4.9992901E-05
 -2.6895231E-08  -1.7270576E-06  -3.9084405E-07  -2.9823689E-05   7.6692586E-04  -7.3700505E-05   2.7437481E-06  -4.0378507E-06   8.0706910E-03  -9.3246733E-05  -1.2472029E-03   6.9938130E-03  -2.4752906E-03  -7.1093085E-03  -1.3384967E-02   1.1888346E-03  -4.8021528E-04   7.8377395E-04  -3.1706687E-04  -5.0699577E-03  -5.8315637E-06  -5.2179235E-06   1.5103540E-05  -4.0954250E-05  -5.1130626E-05  -1.5627135E-04  -4.3784589E-07   3.0824602E-07   3.7693656E-04   2.9616315E-03   4.0484325E-04   5.1858384E-04   4.9258273E-04  -4.6924472E-06   6.4831107E-06   6.9923348E-05   6.5111381E-05  -5.6968047E-04   2.2578758E-03   2.3734420E-06   7.3031042E-05  -1.0876043E-06   1.8859329E-05   4.0307871E-06  -4.5058824E-06   1.2503919E-06   2.2486386E-05   3.7773399E-05
 -5.9190120E-09  -2.4626041E-06  -6.1962768E-07  -2.8374684E-05   7.5809566E-04  -6.9922122E-05   3.0642676E-06  -2.8461862E-06   1.0044535E-03  -1.6620980E-04   1.0050501E-05   1.8853790E-02   2.5687964E-03  -1.3095238E-03   5.4097597E-04  -3.4679737E-04   3.3974051E-04   1.3070795E-03   2.2011387E-03   2.2229152E-03  -1.6588124E-05  -3.0025089E-06  -5.8834003E-05   9.0837270E-06  -1.4765886E-05   5.5538364E-05   4.2913885E-07  -1.7594358E-07   3.2019478E-04   4.0484325E-04   2.1439319E-03   5.2143707E-04   4.7409898E-04  -6.7195234E-06   1.0645279E-05   4.3046290E-05   4.8354325E-05  -3.0594374E-04   1.5263740E-03  -3.7824091E-06   4.8235750E-07   5.7311394E-05   6.3776205E-06  -3.5690803E-06  -1.9523892E-05   3.2271021E-06   1.9338109E-05   2.5110411E-05
 -2.3219045E-07  -1.6720559E-06  -8.8837640E-07  -5.0438754E-05   8.9038964E-04  -1.1535972E-04   2.1982498E-06  -3.8284255E-06   2.3173097E-03  -1.0697981E-04  -3.2667849E-05   1.4249457E-03   3.0953205E-03   8.8471007E-04  -1.2552668E-03   7.1144962E-04   6.7275479E-04   7.4819322E-04  -3.1673015E-04  -1.9415753E-03  -2.2232849E-05  -1.2969035E-05  -3.6867311E-05   1.4746896E-05   1.1943648E-05  -9.8883092E-05   1.9446289E-07  -1.8649148E-08   3.8731828E-04   5.1858384E-04   5.2143707E-04   2.9171891E-03   6.5477466E-04  -7.1805790E-07   1.2944739E-05   3.0094233E-05   3.2947178E-05  -4.9628084E-04  -1.7833417E-03  -2.9007854E-06   1.5066159E-06   1.0899237E-06   1.1297784E-04  -5.8959268E-07  -8.0569794E-07   1.0762358E-05   2.1524963E-05   5.9037797E-05
 -1.5213779E-07  -1.1875370E-06  -7.8034252E-07  -3.9483394E-05   8.6752864E-04  -9.6462294E-05   4.1232081E-06  -5.0250245E-06  -2.6604431E-03  -1.6299453E-04   2.4692789E-03  -6.7126019E-03   5.4141507E-03   1.1444257E-02   1.0438595E-02  -1.5863587E-03   4.7505119E-04   1.0836311E-03   1.4872141E-03   1.7463982E-03   3.4909748E-05   2.4705066E-05   3.7733174E-05  -9.9045187E-06  -5.7227201E-05  -2.1300146E-04  -1.7083121E-07  -3.4838770E-07   3.6710427E-04   4.9258273E-04   4.7409898E-04   6.5477466E-04   6.0158669E-03  -1.2681020E-05  -2.3733700E-05   3.0698133E-05   1.0122600E-05  -3.1612785E-04  -1.0552248E-03   5.8908561E-06   1.2122216E-05  -6.3755853E-07  -8.5882161E-07   1.3188327E-04  -8.6430933E-06   5.3495076E-06   1.7641290E-05   4.2454600E-05
  1.9840092E-08  -2.4215488E-08   1.0593622E-07   5.3619435E-07   1.2364461E-06   7.5101686E-07   4.4405334E-07  -6.1806416E-08   2.1356705E-04   2.8813176E-05   3.2974974E-04  -7.3473124E-03   3.8371925E-04   1.0885753E-03  -2.5197759E-04  -1.1551588E-04   8.8348167E-04   3.2356927E-04   4.8969580E-04   1.1449266E-04  -1.0411437E-05  -1.1406872E-05   1.7099026E-05   9.5774700E-07   1.5144733E-05  -1.4283230E-05   8.0617897E-08   4.9641648E-08  -1.5358136E-05  -4.6924472E-06  -6.7195234E-06  -7.1805790E-07  -1.2681020E-05   5.2138117E-04   5.8802401E-06   1.6429338E-06   8.7918772E-06   9.8953710E-05  -3.4315175E-03  -1.1292344E-06  -2.1067939E-06   1.6984067E-06   1.6756842E-06  -2.7672576E-06  -2.5209020E-05   8.8065602E-06   1.4872699E-06  -1.3104503E-06
 -2.7991954E-08  -2.2940855E-08  -4.1911578E-09  -2.3858700E-06  -1.1893014E-05  -5.7518136E-06  -3.4602040E-07  -4.5749350E-07   9.0497174E-05   9.2232436E-05   2.3830187E-04  -2.0721339E-03   3.1593613E-03   5.1937158E-03   2.2025414E-03  -9.5778424E-04   1.2647198E-04   5.1089308E-04   8.8452167E-04   7.4125970E-04  -3.5343328E-06   6.3963416E-06  -1.9399093E-05  -5.0802500E-06  -4.3096402E-05  -1.5607100E-04  -9.3497412E-08  -1.6415005E-07   1.9962237E-05   6.4831107E-06   1.0645279E-05   1.2944739E-05  -2.3733700E-05   5.8802401E-06   4.9925728E-04   9.9416812E-06   4.8511799E-06   1.7859785E-04  -3.5523647E-03  -5.7715946E-07  -2.5826490E-06   1.1303836E-07   2.1754699E-06   2.5340841E-06   2.6157132E-05  -3.2628876E-05   2.0197534E-06   6.8349566E-06
  2.2770905E-07  -3.1078525E-06   2.3584655E-07  -2.7331905E-06   2.8236672E-05  -1.2502074E-05   6.7202706E-06  -1.4274277E-07   7.6747756E-04  -2.4326186E-05  -2.1752660E-04  -4.4272544E-04  -5.1494001E-03  -3.4343603E-03  -2.7190732E-03   4.0483304E-04  -2.2732717E-04   8.8197652E-05  -7.3892768E-04  -1.3203897E-03  -4.8409084E-06   3.9695419E-06  -3.6129367E-05   6.4484361E-06   4.0926821E-06  -2.3200932E-05  -6.0282494E-08   1.1241582E-07   1.1572298E-04   6.9923348E-05   4.3046290E-05   3.0094233E-05   3.0698133E-05   1.6429338E-06   9.9416812E-06   3.8653522E-04   2.7352714E-05  -5.5727445E-05   5.4733573E-04   5.3199118E-07  -8.1287098E-07  -5.0315382E-07  -1.2667544E-06   4.9791161E-06   2.6662553E-06   5.5492064E-06  -4.5780968E-05   1.3138965E-05
  1.7847028E-07  -2.1567993E-06   1.9191617E-07  -1.5525917E-06   2.4131698E-05  -7.2125995E-06   5.3983191E-06   2.5477598E-07  -3.7197164E-04  -2.0097118E-05   4.9070903E-04  -7.1889786E-03  -2.5864847E-03  -7.6101606E-04   1.0222611E-03  -9.7860909E-04  -1.7914017E-04   3.1288144E-04   4.8471479E-04  -2.4432226E-05  -2.5794250E-06   8.3670246E-06  -2.4348033E-06   8.9075945E-07  -2.3959245E-05  -3.3319377E-05  -1.1716475E-07   7.4523863E-08   4.1434483E-05   6.5111381E-05   4.8354325E-05   3.2947178E-05   1.0122600E-05   8.7918772E-06   4.8511799E-06   2.7352714E-05   4.1992383E-04  -8.2032808E-05   2.6759461E-05  -1.2748863E-06  -5.0524884E-07  -2.0948857E-07  -1.9471310E-06   9.0742151E-07   6.0004802E-06   8.5078390E-06   4.2494874E-06  -9.8120460E-05
 -1.4921128E-07   3.1268708E-06   6.7113192E-07   7.0675957E-06  -2.0383530E-04   2.8060343E-05  -3.9498313E-06   3.8678208E-06  -7.9336510E-04  -6.1731818E-04  -1.1863039E-03  -2.1834761E-02  -1.7524146E-02  -2.2248443E-02  -4.2230573E-03   3.2891793E-03   6.3686354E-03   3.3074042E-03   1.0273179E-03   3.7779889E-03  -2.4889446E-05  -2.8579468E-05   8.1997546E-05   2.1929649E-06  -1.0302457E-04  -3.9332058E-04   1.5989589E-07   3.6860497E-07  -4.7501089E-04  -5.6968047E-04  -3.0594374E-04  -4.9628084E-04  -3.1612785E-04   9.8953710E-05   1.7859785E-04  -5.5727445E-05  -8.2032808E-05   2.7828954E-02   1.3251453E-01  -2.5759545E-05  -6.0247727E-05   3.6419648E-05  -1.6549884E-04  -2.2521868E-05   2.0968723E-04   2.2590787E-04   1.9794360E-04  -3.4433791E-05
  1.3220195E-05  -1.8910909E-04   1.7714213E-05  -9.1628972E-05   2.0123635E-04  -5.9745658E-04   4.3987000E-04  -7.9741943E-06   7.8159348E-02   3.3598140E-04   1.1503773E-02  -1.2250004E+00  -2.7344125E-01  -1.7747788E-01  -1.9897801E-01   7.6032725E-03  -1.9986518E-02  -2.4256205E-03   3.1750263E-02   6.9547097E-03   4.6603429E-04   4.3945136E-04   8.1539808E-04   1.3401463E-04   1.5860237E-03  -1.0956339E-03   3.2741482E-06   5.5947087E-06   1.1693046E-02   2.2578758E-03   1.5263740E-03  -1.7833417E-03  -1.0552248E-03  -3.4315175E-03  -3.5523647E-03   5.4733573E-04   2.6759461E-05   1.3251453E-01   4.8587297E+00   1.1474927E-03   3.6930170E-05  -7.4252909E-05  -9.4097354E-04  -2.4668997E-04  -1.2404082E-02  -3.0618067E-03   2.2854034E-03   1.4810682E-03
  8.0606803E-09  -1.2119131E-07  -1.4605027E-08  -5.2329538E-07  -2.6020530E-06  -1.3078568E-06   4.1713209E-07   5.4048384E-10   5.9757759E-04   4.2950946E-06  -2.4402112E-06   6.8714533E-05  -2.0896440E-04   1.4436034E-04  -5.7752494E-04  -5.3856851E-05  -6.9985721E-05   1.8308945E-05  -2.5761153E-04  -6.4208092E-04  -1.1751217E-06   8.7442214E-07   1.8145736E-05  -6.1293351E-06  -3.6978249E-07   2.0132980E-05   6.1936818E-08  -5.0047574E-08   1.4250519E-04   2.3734420E-06  -3.7824091E-06  -2.9007854E-06   5.8908561E-06  -1.1292344E-06  -5.7715946E-07   5.3199118E-07  -1.2748863E-06  -2.5759545E-05   1.1474927E-03   5.5883942E-05  -2.7890392E-07  -3.4879956E-07   7.4738364E-07  -4.0583709E-07   2.0152091E-06   1.2364915E-06   9.2430195E-07   8.4255830E-07
  2.1993940E-08  -1.1428725E-07   2.2524019E-08  -2.7178567E-08  -2.4814402E-06  -4.2581828E-07   4.4391587E-07  -1.2375320E-07   8.6501719E-05  -2.3524078E-05  -1.4316227E-04   2.0569216E-03  -2.7370568E-04  -1.1606007E-03  -6.9271180E-04  -1.6510050E-04  -1.6448216E-04   4.0352140E-05   3.9743061E-05   2.2876891E-04   3.1387018E-07  -7.5752887E-07   3.0298254E-06  -5.7386777E-06  -7.8290728E-06  -3.8115267E-06   1.5612292E-08   1.2531727E-08   1.1277171E-05   7.3031042E-05   4.8235750E-07   1.5066159E-06   1.2122216E-05  -2.1067939E-06  -2.5826490E-06  -8.1287098E-07  -5.0524884E-07  -6.0247727E-05   3.6930170E-05  -2.7890392E-07   4.3141422E-05   1.7929417E-07   6.5515844E-07  -4.8743592E-07   1.4441740E-06   4.2045363E-06   1.2437113E-06  -3.3096463E-07
  1.2461208E-08  -5.0945142E-08   3.3102633E-08   3.1347757E-07  -6.2618236E-06   5.6557737E-07   1.5335020E-07  -2.0549508E-08  -4.6151798E-04   9.4284384E-06   1.3140391E-05  -1.4176585E-04  -1.7325070E-05   4.2632105E-04   7.5217208E-04   6.6012734E-05   1.3277093E-05  -1.5799777E-04  -1.9330311E-04  -1.2643676E-04  -1.4304179E-06   3.2948471E-08  -2.1420136E-06   6.7927915E-07  -7.4906903E-06  -1.0820289E-05   6.1901419E-08   6.2588048E-09   9.9897001E-06  -1.0876043E-06   5.7311394E-05   1.0899237E-06  -6.3755853E-07   1.6984067E-06   1.1303836E-07  -5.0315382E-07  -2.0948857E-07   3.6419648E-05  -7.4252909E-05  -3.4879956E-07   1.7929417E-07   4.3071117E-05   4.3667350E-08  -4.0699129E-08   1.3352557E-06   5.4928989E-06   4.2719264E-06  -1.7938467E-06
  1.7975032E-08  -2.5212134E-07  -1.1986248E-08  -2.3830042E-08   3.7811131E-06  -6.0943762E-07   5.9451571E-07   7.1570560E-08   1.4825168E-06   5.8201907E-05  -3.0058440E-04   5.2695912E-03   1.6045906E-03   1.3878424E-03   8.1434898E-04  -4.6492580E-05  -1.2803763E-04  -2.7807821E-05  -1.1601973E-04  -3.4691702E-04  -3.9108583E-06  -1.3887538E-06  -2.9243103E-07  -5.8903563E-07   1.1952703E-05  -1.7652531E-05   2.7408421E-08  -2.8472859E-08   2.2041266E-05   1.8859329E-05   6.3776205E-06   1.1297784E-04  -8.5882161E-07   1.6756842E-06   2.1754699E-06  -1.2667544E-06  -1.9471310E-06  -1.6549884E-04  -9.4097354E-04   7.4738364E-07   6.5515844E-07   4.3667350E-08   8.1177633E-05  -6.9679763E-07   5.1362716E-07   3.1848049E-07   6.0601968E-06   6.8665694E-06
  4.2477714E-09  -1.9298466E-07   5.0856408E-09   8.4860910E-07  -6.4613790E-07   1.0135131E-06   5.1818553E-07   4.7744757E-08   5.2136835E-04  -4.6994580E-05   7.5332914E-05   1.4087056E-03  -3.8309661E-04  -1.2353187E-03  -1.0729895E-03   5.4863385E-06  -1.9969223E-04   2.4915428E-04   2.9875278E-04   3.8741017E-04  -1.4743528E-06   1.0086800E-06   9.2303932E-07   3.1964742E-07   2.6313286E-06  -1.2904578E-05  -9.4199995E-08   5.2527552E-08  -3.8270726E-06   4.0307871E-06  -3.5690803E-06  -5.8959268E-07   1.3188327E-04  -2.7672576E-06   2.5340841E-06   4.9791161E-06   9.0742151E-07  -2.2521868E-05  -2.4668997E-04  -4.0583709E-07  -4.8743592E-07  -4.0699129E-08  -6.9679763E-07   9.4519528E-05   2.8938536E-06  -6.5120912E-07  -7.2947278E-07   7.9711415E-06
 -1.0065681E-08   1.5454973E-07  -2.9980829E-08   2.6942568E-07  -7.8887353E-06   1.5823947E-06  -8.0955182E-08   6.4691916E-07  -1.1683355E-04  -3.9976356E-06  -1.4886562E-04   7.0622788E-03  -3.1622557E-05   1.0111178E-04   9.6979601E-04   7.3782071E-05  -3.3938915E-04   1.9091433E-04  -4.5871569E-04  -6.7313878E-04  -3.8393181E-06  -2.3245057E-06   2.6409315E-06  -7.1600638E-07  -1.5308444E-06  -1.1001980E-05  -3.2356526E-08  -8.0643767E-08  -4.9690368E-06  -4.5058824E-06  -1.9523892E-05  -8.0569794E-07  -8.6430933E-06  -2.5209020E-05   2.6157132E-05   2.6662553E-06   6.0004802E-06   2.0968723E-04  -1.2404082E-02   2.0152091E-06   1.4441740E-06   1.3352557E-06   5.1362716E-07   2.8938536E-06   2.0519669E-04   2.3621114E-05   7.1165985E-08  -8.3783109E-08
  3.8448217E-08  -4.3936756E-07   6.6153111E-08   3.5504175E-07   2.0543944E-06   2.6938267E-08   1.0503317E-06   1.8516988E-07  -3.2649660E-04  -8.6490707E-06   2.1769814E-04  -1.4294461E-03   4.0627312E-04   9.8330304E-04   9.4383645E-04  -2.2811583E-04   9.5992655E-05  -1.9678155E-04  -2.5973712E-05   4.1955158E-04  -2.0374162E-06  -5.0342479E-06   2.8501663E-06  -9.5802671E-06   3.3609422E-06  -3.5291011E-05   5.4980534E-08   3.0869434E-08   1.0424569E-05   1.2503919E-06   3.2271021E-06   1.0762358E-05   5.3495076E-06   8.8065602E-06  -3.2628876E-05   5.5492064E-06   8.5078390E-06   2.2590787E-04  -3.0618067E-03   1.2364915E-06   4.2045363E-06   5.4928989E-06   3.1848049E-07  -6.5120912E-07   2.3621114E-05   1.1410158E-04   4.5176056E-06   2.2077811E-06
  6.0538782E-08  -7.7939134E-07   8.0574524E-08  -9.3107411E-07   5.3780766E-06  -3.8495025E-06   1.6801947E-06  -7.2196031E-08   1.2600804E-04   4.3801749E-06  -7.9808954E-05  -2.8113820E-04   6.2733907E-04   2.2351752E-04  -1.0872026E-04  -4.3963967E-05   1.9422103E-04  -6.9036494E-05  -1.4433538E-04  -3.7857491E-04   5.4792278E-07   9.8553700E-07  -9.4532825E-07  -2.6680244E-06  -1.4569815E-05  -8.7833722E-06   6.3957727E-08  -3.6052297E-08   2.8976737E-05   2.2486386E-05   1.9338109E-05   2.1524963E-05   1.7641290E-05   1.4872699E-06   2.0197534E-06  -4.5780968E-05   4.2494874E-06   1.9794360E-04   2.2854034E-03   9.2430195E-07   1.2437113E-06   4.2719264E-06   6.0601968E-06  -7.2947278E-07   7.1165985E-08   4.5176056E-06   9.0931828E-05   1.3484853E-05
  9.8846287E-08  -1.6641581E-06   7.2318423E-08  -1.1648916E-06   2.8458880E-05  -7.3686145E-06   3.9122371E-06  -4.0027633E-07   5.8530264E-05   7.0216837E-05  -5.2941089E-04   6.0170235E-03  -7.7046624E-04  -1.4105339E-03  -2.8358004E-03   9.8133584E-04   2.4199656E-07  -2.9238693E-04  -1.0816857E-04  -4.3953502E-05   5.3180316E-06   2.3200377E-06  -1.7759614E-05  -5.7263631E-07   2.7924506E-05   3.0158137E-06   1.0149905E-07   9.9266146E-09   4.9992901E-05   3.7773399E-05   2.5110411E-05   5.9037797E-05   4.2454600E-05  -1.3104503E-06   6.8349566E-06   1.3138965E-05  -9.8120460E-05  -3.4433791E-05   1.4810682E-03   8.4255830E-07  -3.3096463E-07  -1.7938467E-06   6.8665694E-06   7.9711415E-06  -8.3783109E-08   2.2077811E-06   1.3484853E-05   3.2400198E-04
