# omegabh2 omegach2 theta tau logA ns calPlanck acib217 xi asz143 aps100 aps143 aps143217 aps217 aksz kgal100 kgal143 kgal143217 kgal217 galfEE100 galfEE100143 galfEE100217 galfEE143 galfEE143217 galfEE217 galfTE100 galfTE100143 galfTE100217 galfTE143 galfTE143217 galfTE217 cal0 cal2
    0.2710019E-07   -0.1697141E-06    0.2001625E-07    0.1127596E-05    0.1951741E-05    0.4374159E-06    0.6835564E-09   -0.1240411E-03    0.1789770E-05    0.3673458E-04   -0.5392031E-03   -0.2811759E-03   -0.5042999E-04    0.6222081E-04   -0.6051750E-04   -0.3180793E-05   -0.6858597E-05   -0.6836362E-05    0.1457960E-04    0.6195681E-07    0.5655878E-07    0.5822646E-07    0.6105782E-07    0.1797486E-06    0.3259570E-06   -0.4501161E-07   -0.1126683E-06   -0.3799779E-06   -0.3514129E-06   -0.6112448E-06   -0.3100273E-05    0.2496282E-08   -0.9305137E-08
   -0.1697141E-06    0.2588138E-05   -0.1846093E-06   -0.1626613E-04   -0.2695428E-04   -0.6213249E-05   -0.1144380E-06    0.7105478E-03   -0.1423240E-04   -0.2273742E-03    0.3667756E-02    0.1950207E-02    0.4978075E-03   -0.1038333E-03    0.3355161E-03    0.3349033E-04    0.1339806E-04    0.6609733E-04   -0.3230640E-04   -0.8109440E-06   -0.8477215E-06   -0.9885888E-06   -0.8406923E-06   -0.1162448E-05   -0.1516905E-06    0.4586515E-07    0.6139510E-06    0.2964673E-05    0.2913965E-05    0.5633591E-05    0.2659005E-04    0.1250397E-07    0.6473384E-07
    0.2001625E-07   -0.1846093E-06    0.9400863E-07    0.1633610E-05    0.2965335E-05    0.5771255E-06    0.1971220E-07   -0.5435255E-04   -0.1123592E-06    0.1844318E-04   -0.2533167E-03   -0.2097646E-03   -0.9798538E-04   -0.3121581E-05   -0.2516227E-04   -0.2206208E-05    0.5035153E-05   -0.1085903E-04   -0.1247040E-04    0.6190568E-07    0.5381598E-07   -0.8551805E-07    0.4768305E-07   -0.1111652E-06   -0.5665119E-06   -0.1269878E-06   -0.2126412E-07   -0.2607526E-06   -0.3406472E-06   -0.6012434E-06   -0.2146767E-05   -0.1880673E-08   -0.1004733E-07
    0.1127596E-05   -0.1626613E-04    0.1633610E-05    0.2123815E-03    0.3756592E-03    0.4643808E-04   -0.4907518E-05   -0.9353575E-02    0.1487225E-03    0.2304651E-02   -0.4434778E-01   -0.1809921E-01   -0.3208101E-02    0.3382975E-02   -0.3484582E-02   -0.1783513E-03    0.9845115E-04   -0.8884876E-03   -0.7201392E-03    0.5237252E-05    0.5277576E-05    0.6183675E-05    0.5329979E-05    0.1323225E-05   -0.2788764E-04   -0.2729808E-05   -0.6161623E-05   -0.2082337E-04   -0.2198318E-04   -0.3100720E-04   -0.1665373E-03   -0.2429426E-06   -0.1100401E-05
    0.1951741E-05   -0.2695428E-04    0.2965335E-05    0.3756592E-03    0.6945762E-03    0.7713110E-04    0.2843227E-05   -0.1575097E-01    0.2947712E-03    0.4088430E-02   -0.7231742E-01   -0.2950698E-01   -0.2417209E-02    0.1105265E-01   -0.6971405E-02   -0.5229727E-03   -0.2608955E-03   -0.2201822E-02   -0.5004611E-03    0.9649994E-05    0.9313514E-05    0.9811022E-05    0.1060489E-04   -0.1593544E-05   -0.5120102E-04   -0.3283480E-05   -0.8836595E-05   -0.3457840E-04   -0.3359032E-04   -0.5361023E-04   -0.2600370E-03   -0.2527069E-06   -0.2073161E-05
    0.4374159E-06   -0.6213249E-05    0.5771255E-06    0.4643808E-04    0.7713110E-04    0.2446775E-04    0.1934132E-06   -0.5418652E-02    0.9551888E-04    0.1627264E-02   -0.3042890E-01   -0.9217511E-02    0.1722814E-02    0.5915311E-02   -0.3335829E-02    0.1954255E-03   -0.1824247E-03   -0.4544961E-03    0.7525824E-03    0.3359979E-05    0.3553737E-05    0.2671437E-05    0.3718046E-05    0.4422991E-05   -0.2636911E-05    0.1098510E-06   -0.2063764E-05   -0.9404130E-05   -0.9441643E-05   -0.1306028E-04   -0.7608296E-04   -0.1875216E-06   -0.4712640E-06
    0.6835564E-09   -0.1144380E-06    0.1971220E-07   -0.4907518E-05    0.2843227E-05    0.1934132E-06    0.6397784E-05    0.1294955E-02   -0.2062729E-05   -0.2012519E-04    0.4763782E-02    0.8712125E-03    0.5276356E-03    0.7735373E-03   -0.1557575E-04   -0.6496706E-05    0.6361711E-05   -0.1041702E-03    0.5253412E-03    0.7499090E-06    0.6080167E-06   -0.9978254E-07    0.1245730E-05   -0.1169715E-06    0.2558438E-05    0.1237331E-05    0.1158882E-05   -0.1366121E-08    0.1235832E-05   -0.1458835E-05    0.7756422E-05   -0.1996086E-07    0.9679683E-09
   -0.1240411E-03    0.7105478E-03   -0.5435255E-04   -0.9353575E-02   -0.1575097E-01   -0.5418652E-02    0.1294955E-02    0.4312937E+02   -0.3969124E+00   -0.1375212E+01    0.3940420E+02    0.7760249E+00   -0.1894137E+02   -0.6019392E+02   -0.4119635E-01   -0.2003102E+00   -0.6100539E-01   -0.1885241E+01   -0.1834555E+02   -0.2546261E-03   -0.4227455E-03   -0.2148538E-02   -0.2594679E-03    0.2298161E-02    0.3509397E-02    0.7919540E-03    0.2260775E-02    0.4459431E-02    0.1000536E-03   -0.2774742E-02    0.1989569E-01   -0.2381669E-03    0.4377623E-02
    0.1789770E-05   -0.1423240E-04   -0.1123592E-06    0.1487225E-03    0.2947712E-03    0.9551888E-04   -0.2062729E-05   -0.3969124E+00    0.7670134E-01   -0.1211292E+00    0.4388364E-01    0.8826062E+00    0.1452907E+01    0.5015894E+00    0.1288351E+00   -0.2756563E-02    0.3086356E-02    0.5328683E-01    0.6556068E-01   -0.7491846E-05    0.1173191E-04    0.1207476E-04    0.6456742E-05   -0.1480225E-03    0.1562000E-03    0.6821931E-04   -0.5470314E-04    0.1808262E-03   -0.1248782E-03   -0.4781653E-04   -0.1707273E-03    0.5042016E-05   -0.6894839E-05
    0.3673458E-04   -0.2273742E-03    0.1844318E-04    0.2304651E-02    0.4088430E-02    0.1627264E-02   -0.2012519E-04   -0.1375212E+01   -0.1211292E+00    0.4032520E+01   -0.3031176E+02   -0.3976293E+01    0.7753943E+01    0.7270384E+01   -0.3241374E+01   -0.1408458E+00    0.3527866E-01    0.2449832E+01    0.2111860E+01    0.2515744E-03    0.1896173E-03   -0.4942720E-03   -0.4198641E-04    0.1427289E-02    0.2819376E-02    0.4696223E-03    0.7728242E-03   -0.1646788E-02    0.7008483E-03    0.8335717E-03   -0.6342312E-02    0.1851614E-03   -0.3735434E-03
   -0.5392031E-03    0.3667756E-02   -0.2533167E-03   -0.4434778E-01   -0.7231742E-01   -0.3042890E-01    0.4763782E-02    0.3940420E+02    0.4388364E-01   -0.3031176E+02    0.7704759E+03    0.7210718E+02   -0.5117040E+02   -0.6993156E+02    0.1582732E+02   -0.4025863E+01    0.3312911E+01   -0.1205472E+02   -0.1664162E+02   -0.4363964E-02   -0.2494403E-02   -0.5615390E-02   -0.1760245E-02   -0.5153170E-02   -0.3866314E-01    0.6013785E-02   -0.1101961E-01    0.3042164E-01   -0.7395154E-02    0.2306220E-02    0.7128498E-01    0.6070477E-02    0.4167538E-02
   -0.2811759E-03    0.1950207E-02   -0.2097646E-03   -0.1809921E-01   -0.2950698E-01   -0.9217511E-02    0.8712125E-03    0.7760249E+00    0.8826062E+00   -0.3976293E+01    0.7210718E+02    0.5816229E+02    0.3947508E+02    0.1673955E+02   -0.4392168E+01   -0.2748835E+00   -0.1270130E+01    0.2999911E+01    0.3288592E+01   -0.2003343E-02   -0.1084410E-02    0.7139413E-03   -0.9907837E-03   -0.6410162E-02   -0.6972037E-02    0.2586509E-02    0.1048547E-02    0.9363049E-02    0.5731713E-03    0.5463321E-02    0.3802474E-01    0.1485309E-03    0.1155058E-03
   -0.5042999E-04    0.4978075E-03   -0.9798538E-04   -0.3208101E-02   -0.2417209E-02    0.1722814E-02    0.5276356E-03   -0.1894137E+02    0.1452907E+01    0.7753943E+01   -0.5117040E+02    0.3947508E+02    0.8716289E+02    0.6449393E+02   -0.1270071E+02   -0.3904467E+00   -0.5107971E+00    0.3916681E+01    0.4851026E+01   -0.6131650E-03    0.7295598E-04   -0.6294337E-03   -0.5500164E-03   -0.2594767E-02    0.6019467E-02    0.3214914E-02    0.3390601E-03    0.2977194E-02    0.4006286E-03    0.7320055E-02    0.1388685E-02    0.7630657E-03   -0.2564737E-02
    0.6222081E-04   -0.1038333E-03   -0.3121581E-05    0.3382975E-02    0.1105265E-01    0.5915311E-02    0.7735373E-03   -0.6019392E+02    0.5015894E+00    0.7270384E+01   -0.6993156E+02    0.1673955E+02    0.6449393E+02    0.1229371E+03   -0.1139918E+02   -0.1640741E-01   -0.2911932E+00   -0.2888748E+00    0.1506339E+02   -0.1685219E-04    0.2552255E-03    0.1049646E-02   -0.4862030E-05   -0.3625858E-02   -0.1864032E-02    0.9621790E-03   -0.1826765E-02   -0.4060411E-02    0.4527357E-03    0.1105519E-01   -0.9394544E-02    0.7575923E-03   -0.7794482E-02
   -0.6051750E-04    0.3355161E-03   -0.2516227E-04   -0.3484582E-02   -0.6971405E-02   -0.3335829E-02   -0.1557575E-04   -0.4119635E-01    0.1288351E+00   -0.3241374E+01    0.1582732E+02   -0.4392168E+01   -0.1270071E+02   -0.1139918E+02    0.7008200E+01    0.5345223E-01   -0.2125643E-01   -0.2250615E+01   -0.1827983E+01   -0.3274883E-03   -0.4300678E-03    0.1596488E-03   -0.3048435E-03   -0.1484221E-02   -0.1272227E-02   -0.8943197E-03   -0.5912871E-03   -0.3825088E-03    0.6597848E-03    0.1324909E-03    0.7335153E-02   -0.1627664E-03    0.1614184E-03
   -0.3180793E-05    0.3349033E-04   -0.2206208E-05   -0.1783513E-03   -0.5229727E-03    0.1954255E-03   -0.6496706E-05   -0.2003102E+00   -0.2756563E-02   -0.1408458E+00   -0.4025863E+01   -0.2748835E+00   -0.3904467E+00   -0.1640741E-01    0.5345223E-01    0.3512512E+01    0.4272567E+00    0.8676102E-01    0.2775202E+00    0.2930865E-04    0.1070389E-03   -0.6996032E-03    0.1646732E-03    0.1007281E-02    0.8667826E-03   -0.9792947E-03   -0.4349036E-03   -0.6503249E-03   -0.2006469E-02   -0.1225168E-02   -0.4157578E-02    0.3083530E-03   -0.2278730E-04
   -0.6858597E-05    0.1339806E-04    0.5035153E-05    0.9845115E-04   -0.2608955E-03   -0.1824247E-03    0.6361711E-05   -0.6100539E-01    0.3086356E-02    0.3527866E-01    0.3312911E+01   -0.1270130E+01   -0.5107971E+00   -0.2911932E+00   -0.2125643E-01    0.4272567E+00    0.3359746E+01    0.2528129E+01    0.1855044E+01    0.1181024E-03   -0.1089576E-03   -0.5511587E-03   -0.7997455E-04    0.1078087E-02    0.2214162E-02    0.2449703E-03   -0.3162070E-03    0.2093042E-02   -0.1029734E-02   -0.5573051E-03    0.3469621E-02   -0.2879055E-03   -0.2101092E-03
   -0.6836362E-05    0.6609733E-04   -0.1085903E-04   -0.8884876E-03   -0.2201822E-02   -0.4544961E-03   -0.1041702E-03   -0.1885241E+01    0.5328683E-01    0.2449832E+01   -0.1205472E+02    0.2999911E+01    0.3916681E+01   -0.2888748E+00   -0.2250615E+01    0.8676102E-01    0.2528129E+01    0.1687294E+02    0.2547024E+02   -0.2701659E-04   -0.1179250E-04   -0.7546052E-03   -0.3019038E-03   -0.1212103E-02    0.1849943E-02    0.1850438E-02    0.2313711E-02   -0.8281207E-04    0.1538014E-02   -0.4615142E-02   -0.1603671E-02   -0.2858171E-04    0.2476046E-02
    0.1457960E-04   -0.3230640E-04   -0.1247040E-04   -0.7201392E-03   -0.5004611E-03    0.7525824E-03    0.5253412E-03   -0.1834555E+02    0.6556068E-01    0.2111860E+01   -0.1664162E+02    0.3288592E+01    0.4851026E+01    0.1506339E+02   -0.1827983E+01    0.2775202E+00    0.1855044E+01    0.2547024E+02    0.5427287E+02    0.5953063E-04    0.3802046E-03    0.9631572E-04    0.7458590E-04   -0.4145390E-02   -0.2334159E-02    0.2823652E-02    0.2995000E-02   -0.2488619E-02    0.3347549E-02   -0.9743407E-02   -0.1480372E-01    0.3168520E-04    0.4430233E-02
    0.6195681E-07   -0.8109440E-06    0.6190568E-07    0.5237252E-05    0.9649994E-05    0.3359979E-05    0.7499090E-06   -0.2546261E-03   -0.7491846E-05    0.2515744E-03   -0.4363964E-02   -0.2003343E-02   -0.6131650E-03   -0.1685219E-04   -0.3274883E-03    0.2930865E-04    0.1181024E-03   -0.2701659E-04    0.5953063E-04    0.3185272E-04    0.8530880E-05   -0.5956467E-06    0.2937528E-05    0.1269203E-05   -0.4503245E-05    0.1032527E-05    0.1977752E-05    0.3907811E-05    0.3335726E-05   -0.5407494E-05   -0.2831576E-04   -0.6791928E-07   -0.3791452E-07
    0.5655878E-07   -0.8477215E-06    0.5381598E-07    0.5277576E-05    0.9313514E-05    0.3553737E-05    0.6080167E-06   -0.4227455E-03    0.1173191E-04    0.1896173E-03   -0.2494403E-02   -0.1084410E-02    0.7295598E-04    0.2552255E-03   -0.4300678E-03    0.1070389E-03   -0.1089576E-03   -0.1179250E-04    0.3802046E-03    0.8530880E-05    0.2460995E-04    0.4524056E-06    0.1247794E-04    0.3895112E-06    0.2692587E-05   -0.7623475E-07   -0.7530629E-06   -0.9439005E-08   -0.2072774E-05   -0.1795190E-05   -0.1543442E-04   -0.4495946E-07   -0.2080846E-07
    0.5822646E-07   -0.9885888E-06   -0.8551805E-07    0.6183675E-05    0.9811022E-05    0.2671437E-05   -0.9978254E-07   -0.2148538E-02    0.1207476E-04   -0.4942720E-03   -0.5615390E-02    0.7139413E-03   -0.6294337E-03    0.1049646E-02    0.1596488E-03   -0.6996032E-03   -0.5511587E-03   -0.7546052E-03    0.9631572E-04   -0.5956467E-06    0.4524056E-06    0.1063755E-02    0.1804999E-05    0.1428163E-04   -0.1113690E-04    0.1123058E-04   -0.7877887E-06   -0.3216879E-05   -0.1526208E-04   -0.9836697E-05    0.8681622E-05   -0.1662362E-06   -0.1929749E-06
    0.6105782E-07   -0.8406923E-06    0.4768305E-07    0.5329979E-05    0.1060489E-04    0.3718046E-05    0.1245730E-05   -0.2594679E-03    0.6456742E-05   -0.4198641E-04   -0.1760245E-02   -0.9907837E-03   -0.5500164E-03   -0.4862030E-05   -0.3048435E-03    0.1646732E-03   -0.7997455E-04   -0.3019038E-03    0.7458590E-04    0.2937528E-05    0.1247794E-04    0.1804999E-05    0.4792682E-04    0.3393967E-06    0.3592508E-05    0.1427348E-05   -0.1387637E-05    0.8910460E-06   -0.6144313E-05   -0.3576962E-05   -0.3569736E-05   -0.1205765E-06   -0.2944839E-07
    0.1797486E-06   -0.1162448E-05   -0.1111652E-06    0.1323225E-05   -0.1593544E-05    0.4422991E-05   -0.1169715E-06    0.2298161E-02   -0.1480225E-03    0.1427289E-02   -0.5153170E-02   -0.6410162E-02   -0.2594767E-02   -0.3625858E-02   -0.1484221E-02    0.1007281E-02    0.1078087E-02   -0.1212103E-02   -0.4145390E-02    0.1269203E-05    0.3895112E-06    0.1428163E-04    0.3393967E-06    0.2213528E-02    0.6632219E-04   -0.1241614E-04   -0.4101513E-05    0.3502895E-04   -0.1212803E-04    0.3933839E-04    0.3201426E-04   -0.2962291E-06   -0.6946174E-06
    0.3259570E-06   -0.1516905E-06   -0.5665119E-06   -0.2788764E-04   -0.5120102E-04   -0.2636911E-05    0.2558438E-05    0.3509397E-02    0.1562000E-03    0.2819376E-02   -0.3866314E-01   -0.6972037E-02    0.6019467E-02   -0.1864032E-02   -0.1272227E-02    0.8667826E-03    0.2214162E-02    0.1849943E-02   -0.2334159E-02   -0.4503245E-05    0.2692587E-05   -0.1113690E-04    0.3592508E-05    0.6632219E-04    0.1645131E-01   -0.3147637E-04    0.1289541E-04   -0.6156284E-04    0.8351914E-04    0.1111482E-04   -0.3492339E-03   -0.3168643E-08   -0.2301223E-06
   -0.4501161E-07    0.4586515E-07   -0.1269878E-06   -0.2729808E-05   -0.3283480E-05    0.1098510E-06    0.1237331E-05    0.7919540E-03    0.6821931E-04    0.4696223E-03    0.6013785E-02    0.2586509E-02    0.3214914E-02    0.9621790E-03   -0.8943197E-03   -0.9792947E-03    0.2449703E-03    0.1850438E-02    0.2823652E-02    0.1032527E-05   -0.7623475E-07    0.1123058E-04    0.1427348E-05   -0.1241614E-04   -0.3147637E-04    0.1417574E-02    0.2906855E-03    0.1098144E-03   -0.4065107E-03   -0.7280031E-04   -0.7662673E-04    0.1855155E-07    0.5520581E-06
   -0.1126683E-06    0.6139510E-06   -0.2126412E-07   -0.6161623E-05   -0.8836595E-05   -0.2063764E-05    0.1158882E-05    0.2260775E-02   -0.5470314E-04    0.7728242E-03   -0.1101961E-01    0.1048547E-02    0.3390601E-03   -0.1826765E-02   -0.5912871E-03   -0.4349036E-03   -0.3162070E-03    0.2313711E-02    0.2995000E-02    0.1977752E-05   -0.7530629E-06   -0.7877887E-06   -0.1387637E-05   -0.4101513E-05    0.1289541E-04    0.2906855E-03    0.8573420E-03    0.4989266E-04    0.7376348E-03    0.4917721E-04   -0.6242284E-03   -0.1627375E-06    0.6054525E-06
   -0.3799779E-06    0.2964673E-05   -0.2607526E-06   -0.2082337E-04   -0.3457840E-04   -0.9404130E-05   -0.1366121E-08    0.4459431E-02    0.1808262E-03   -0.1646788E-02    0.3042164E-01    0.9363049E-02    0.2977194E-02   -0.4060411E-02   -0.3825088E-03   -0.6503249E-03    0.2093042E-02   -0.8281207E-04   -0.2488619E-02    0.3907811E-05   -0.9439005E-08   -0.3216879E-05    0.8910460E-06    0.3502895E-04   -0.6156284E-04    0.1098144E-03    0.4989266E-04    0.7120944E-02   -0.3103000E-03    0.7215144E-03    0.4579343E-02   -0.2919642E-06    0.2580649E-06
   -0.3514129E-06    0.2913965E-05   -0.3406472E-06   -0.2198318E-04   -0.3359032E-04   -0.9441643E-05    0.1235832E-05    0.1000536E-03   -0.1248782E-03    0.7008483E-03   -0.7395154E-02    0.5731713E-03    0.4006286E-03    0.4527357E-03    0.6597848E-03   -0.2006469E-02   -0.1029734E-02    0.1538014E-02    0.3347549E-02    0.3335726E-05   -0.2072774E-05   -0.1526208E-04   -0.6144313E-05   -0.1212803E-04    0.8351914E-04   -0.4065107E-03    0.7376348E-03   -0.3103000E-03    0.2909797E-02    0.4671766E-03   -0.8622113E-03    0.7203252E-07    0.4945783E-06
   -0.6112448E-06    0.5633591E-05   -0.6012434E-06   -0.3100720E-04   -0.5361023E-04   -0.1306028E-04   -0.1458835E-05   -0.2774742E-02   -0.4781653E-04    0.8335717E-03    0.2306220E-02    0.5463321E-02    0.7320055E-02    0.1105519E-01    0.1324909E-03   -0.1225168E-02   -0.5573051E-03   -0.4615142E-02   -0.9743407E-02   -0.5407494E-05   -0.1795190E-05   -0.9836697E-05   -0.3576962E-05    0.3933839E-04    0.1111482E-04   -0.7280031E-04    0.4917721E-04    0.7215144E-03    0.4671766E-03    0.6480982E-02    0.7776343E-02   -0.2824136E-06   -0.1978013E-05
   -0.3100273E-05    0.2659005E-04   -0.2146767E-05   -0.1665373E-03   -0.2600370E-03   -0.7608296E-04    0.7756422E-05    0.1989569E-01   -0.1707273E-03   -0.6342312E-02    0.7128498E-01    0.3802474E-01    0.1388685E-02   -0.9394544E-02    0.7335153E-02   -0.4157578E-02    0.3469621E-02   -0.1603671E-02   -0.1480372E-01   -0.2831576E-04   -0.1543442E-04    0.8681622E-05   -0.3569736E-05    0.3201426E-04   -0.3492339E-03   -0.7662673E-04   -0.6242284E-03    0.4579343E-02   -0.8622113E-03    0.7776343E-02    0.6444694E-01   -0.3071526E-05   -0.4307824E-05
    0.2496282E-08    0.1250397E-07   -0.1880673E-08   -0.2429426E-06   -0.2527069E-06   -0.1875216E-06   -0.1996086E-07   -0.2381669E-03    0.5042016E-05    0.1851614E-03    0.6070477E-02    0.1485309E-03    0.7630657E-03    0.7575923E-03   -0.1627664E-03    0.3083530E-03   -0.2879055E-03   -0.2858171E-04    0.3168520E-04   -0.6791928E-07   -0.4495946E-07   -0.1662362E-06   -0.1205765E-06   -0.2962291E-06   -0.3168643E-08    0.1855155E-07   -0.1627375E-06   -0.2919642E-06    0.7203252E-07   -0.2824136E-06   -0.3071526E-05    0.5940353E-06   -0.6192613E-08
   -0.9305137E-08    0.6473384E-07   -0.1004733E-07   -0.1100401E-05   -0.2073161E-05   -0.4712640E-06    0.9679683E-09    0.4377623E-02   -0.6894839E-05   -0.3735434E-03    0.4167538E-02    0.1155058E-03   -0.2564737E-02   -0.7794482E-02    0.1614184E-03   -0.2278730E-04   -0.2101092E-03    0.2476046E-02    0.4430233E-02   -0.3791452E-07   -0.2080846E-07   -0.1929749E-06   -0.2944839E-07   -0.6946174E-06   -0.2301223E-06    0.5520581E-06    0.6054525E-06    0.2580649E-06    0.4945783E-06   -0.1978013E-05   -0.4307824E-05   -0.6192613E-08    0.2077006E-05
