# omegabh2 omegach2 theta tau w logA ns calPlanck alpha_JLA beta_JLA acib217 xi asz143 aps100 aps143 aps143217 aps217 aksz kgal100 kgal143 kgal143217 kgal217 cal0 cal2
    0.4469830E-07   -0.1579188E-06    0.3487108E-07    0.1451918E-05    0.3504739E-05    0.2653563E-05    0.5289598E-06    0.1303223E-07   -0.2816093E-07   -0.3262502E-06   -0.1901626E-03    0.4399591E-05    0.5474962E-04   -0.7833391E-03   -0.4599353E-03   -0.8989383E-04    0.3191831E-04   -0.7031338E-04    0.8298865E-07    0.4164015E-06   -0.1035752E-04    0.1466876E-04    0.3345465E-08   -0.1775668E-07
   -0.1579188E-06    0.2900910E-05   -0.2546789E-06   -0.1182383E-04   -0.5643528E-04   -0.1673110E-04   -0.6894464E-05   -0.6436677E-07    0.4276187E-06    0.5897663E-05    0.4569354E-03   -0.1432536E-04   -0.1434495E-03    0.1979147E-02    0.1268801E-02    0.3302845E-03    0.1310892E-03    0.1521578E-03   -0.1533296E-04   -0.1834931E-04   -0.1938054E-04   -0.3915660E-04   -0.1610796E-07    0.5725429E-07
    0.3487108E-07   -0.2546789E-06    0.1931807E-06    0.1703757E-05    0.7076084E-05    0.3003189E-05    0.8891748E-06    0.1746199E-07   -0.2915456E-07   -0.6881696E-06   -0.8056167E-04    0.1770173E-05    0.2250683E-04   -0.2042865E-03   -0.2050225E-03   -0.5292495E-04    0.3919264E-05   -0.1867166E-04   -0.1527391E-04    0.1355766E-05    0.1387446E-05    0.1665026E-04    0.3743938E-08   -0.5259057E-08
    0.1451918E-05   -0.1182383E-04    0.1703757E-05    0.3417655E-03    0.2493076E-03    0.6505508E-03    0.4394952E-04   -0.1793390E-05   -0.1196202E-05   -0.2996117E-04   -0.1390108E-01    0.2915412E-03    0.2885584E-02   -0.5539453E-01   -0.2449342E-01   -0.2123157E-02    0.7066560E-02   -0.5070747E-02   -0.1669112E-03   -0.1626798E-03   -0.1799583E-02   -0.4921808E-04   -0.1165634E-06   -0.1652606E-05
    0.3504739E-05   -0.5643528E-04    0.7076084E-05    0.2493076E-03    0.2267906E-02    0.3687606E-03    0.1383149E-03    0.2338489E-05   -0.2131951E-04   -0.3307527E-03   -0.1150737E-01    0.4248862E-03    0.1991204E-02   -0.2247633E-01   -0.2522810E-01   -0.6700143E-02   -0.1232859E-02   -0.2286675E-02    0.1692150E-03    0.2730991E-03    0.2504705E-03    0.2395927E-02    0.6448068E-06   -0.1055154E-05
    0.2653563E-05   -0.1673110E-04    0.3003189E-05    0.6505508E-03    0.3687606E-03    0.1280895E-02    0.6983629E-04    0.8908811E-05   -0.1091865E-05   -0.5106263E-04   -0.2708995E-01    0.6252143E-03    0.5467433E-02   -0.1008589E+00   -0.4486668E-01   -0.3075041E-03    0.2039781E-01   -0.1048405E-01   -0.6197141E-03   -0.1009573E-02   -0.4207446E-02    0.1469782E-02    0.4112730E-07   -0.3176583E-05
    0.5289598E-06   -0.6894464E-05    0.8891748E-06    0.4394952E-04    0.1383149E-03    0.6983629E-04    0.2748974E-04    0.2230527E-06   -0.9839306E-06   -0.1893012E-04   -0.6030567E-02    0.1494916E-03    0.1459311E-02   -0.3016146E-01   -0.8909567E-02    0.2497548E-02    0.6027387E-02   -0.2862268E-02    0.3026201E-03    0.4723919E-05   -0.4541290E-03    0.4774586E-03   -0.1877716E-06   -0.6311609E-06
    0.1303223E-07   -0.6436677E-07    0.1746199E-07   -0.1793390E-05    0.2338489E-05    0.8908811E-05    0.2230527E-06    0.6244513E-05    0.1578862E-06   -0.3341619E-05    0.6790713E-03    0.1052362E-04   -0.2697627E-04    0.3661792E-02    0.4381041E-03    0.4354417E-03    0.1191486E-02    0.6652751E-04    0.1815156E-04   -0.5639272E-04   -0.8584044E-04    0.7961068E-03    0.1539961E-07    0.2738747E-07
   -0.2816093E-07    0.4276187E-06   -0.2915456E-07   -0.1196202E-05   -0.2131951E-04   -0.1091865E-05   -0.9839306E-06    0.1578862E-06    0.4352143E-04   -0.2690185E-04   -0.1703104E-03   -0.1262863E-04   -0.9862733E-05    0.2460299E-03    0.2581251E-03    0.3545693E-03    0.8347630E-03   -0.8345611E-04   -0.7779406E-04    0.9108280E-04   -0.2157270E-03   -0.1883967E-03   -0.1901397E-07   -0.3827565E-07
   -0.3262502E-06    0.5897663E-05   -0.6881696E-06   -0.2996117E-04   -0.3307527E-03   -0.5106263E-04   -0.1893012E-04   -0.3341619E-05   -0.2690185E-04    0.6539633E-02    0.2052205E-02    0.6565952E-04   -0.1691011E-02    0.3214271E-01    0.1402668E-01    0.2317310E-02   -0.1216016E-02    0.7113181E-03   -0.1128590E-02   -0.1386589E-02    0.6132032E-03    0.1202871E-02    0.3626046E-06    0.8343955E-06
   -0.1901626E-03    0.4569354E-03   -0.8056167E-04   -0.1390108E-01   -0.1150737E-01   -0.2708995E-01   -0.6030567E-02    0.6790713E-03   -0.1703104E-03    0.2052205E-02    0.4408563E+02   -0.4949254E+00   -0.1706992E+01    0.4261693E+02    0.1023841E+01   -0.2094508E+02   -0.6190476E+02    0.4281764E+00   -0.1252193E+00    0.5470586E-01   -0.1836436E+01   -0.1816200E+02   -0.2816167E-03    0.4535741E-02
    0.4399591E-05   -0.1432536E-04    0.1770173E-05    0.2915412E-03    0.4248862E-03    0.6252143E-03    0.1494916E-03    0.1052362E-04   -0.1262863E-04    0.6565952E-04   -0.4949254E+00    0.8071752E-01   -0.7043076E-01   -0.5138210E+00    0.9698144E+00    0.1836106E+01    0.7512786E+00    0.6967632E-01   -0.4133655E-02    0.1043123E-01    0.9785792E-01    0.1018355E+00    0.5325857E-05   -0.2035437E-04
    0.5474962E-04   -0.1434495E-03    0.2250683E-04    0.2885584E-02    0.1991204E-02    0.5467433E-02    0.1459311E-02   -0.2697627E-04   -0.9862733E-05   -0.1691011E-02   -0.1706992E+01   -0.7043076E-01    0.3708126E+01   -0.2917972E+02   -0.3897939E+01    0.7733472E+01    0.6724460E+01   -0.2692714E+01   -0.1697882E+00    0.6985504E-01    0.2322403E+01    0.2017935E+01    0.1782614E-03   -0.3663861E-03
   -0.7833391E-03    0.1979147E-02   -0.2042865E-03   -0.5539453E-01   -0.2247633E-01   -0.1008589E+00   -0.3016146E-01    0.3661792E-02    0.2460299E-03    0.3214271E-01    0.4261693E+02   -0.5138210E+00   -0.2917972E+02    0.7713634E+03    0.6897984E+02   -0.6077766E+02   -0.7059915E+02    0.1374210E+02   -0.3410849E+01    0.2734629E+01   -0.1111614E+02   -0.1446631E+02    0.6347734E-02    0.4459061E-02
   -0.4599353E-03    0.1268801E-02   -0.2050225E-03   -0.2449342E-01   -0.2522810E-01   -0.4486668E-01   -0.8909567E-02    0.4381041E-03    0.2581251E-03    0.1402668E-01    0.1023841E+01    0.9698144E+00   -0.3897939E+01    0.6897984E+02    0.6179083E+02    0.4431860E+02    0.1823706E+02   -0.4240094E+01   -0.4035810E+00   -0.1041045E+01    0.3556424E+01    0.3267611E+01    0.9410732E-04    0.1537828E-03
   -0.8989383E-04    0.3302845E-03   -0.5292495E-04   -0.2123157E-02   -0.6700143E-02   -0.3075041E-03    0.2497548E-02    0.4354417E-03    0.3545693E-03    0.2317310E-02   -0.2094508E+02    0.1836106E+01    0.7733472E+01   -0.6077766E+02    0.4431860E+02    0.9851313E+02    0.6749616E+02   -0.1202226E+02   -0.7405440E+00   -0.2844358E+00    0.4443222E+01    0.4502064E+01    0.7152052E-03   -0.2680834E-02
    0.3191831E-04    0.1310892E-03    0.3919264E-05    0.7066560E-02   -0.1232859E-02    0.2039781E-01    0.6027387E-02    0.1191486E-02    0.8347630E-03   -0.1216016E-02   -0.6190476E+02    0.7512786E+00    0.6724460E+01   -0.7059915E+02    0.1823706E+02    0.6749616E+02    0.1239725E+03   -0.1045387E+02   -0.3653585E+00   -0.3761236E+00   -0.7274571E+00    0.1461018E+02    0.7169327E-03   -0.7899842E-02
   -0.7031338E-04    0.1521578E-03   -0.1867166E-04   -0.5070747E-02   -0.2286675E-02   -0.1048405E-01   -0.2862268E-02    0.6652751E-04   -0.8345611E-04    0.7113181E-03    0.4281764E+00    0.6967632E-01   -0.2692714E+01    0.1374210E+02   -0.4240094E+01   -0.1202226E+02   -0.1045387E+02    0.6096566E+01    0.1512543E+00   -0.1206454E+00   -0.1890971E+01   -0.1417768E+01   -0.1168238E-03    0.1978155E-03
    0.8298865E-07   -0.1533296E-04   -0.1527391E-04   -0.1669112E-03    0.1692150E-03   -0.6197141E-03    0.3026201E-03    0.1815156E-04   -0.7779406E-04   -0.1128590E-02   -0.1252193E+00   -0.4133655E-02   -0.1697882E+00   -0.3410849E+01   -0.4035810E+00   -0.7405440E+00   -0.3653585E+00    0.1512543E+00    0.3581401E+01    0.4235538E+00    0.4778492E-01    0.1633832E+00    0.3125577E-03   -0.2010876E-04
    0.4164015E-06   -0.1834931E-04    0.1355766E-05   -0.1626798E-03    0.2730991E-03   -0.1009573E-02    0.4723919E-05   -0.5639272E-04    0.9108280E-04   -0.1386589E-02    0.5470586E-01    0.1043123E-01    0.6985504E-01    0.2734629E+01   -0.1041045E+01   -0.2844358E+00   -0.3761236E+00   -0.1206454E+00    0.4235538E+00    0.3306952E+01    0.2609308E+01    0.1800889E+01   -0.2803334E-03   -0.1824423E-03
   -0.1035752E-04   -0.1938054E-04    0.1387446E-05   -0.1799583E-02    0.2504705E-03   -0.4207446E-02   -0.4541290E-03   -0.8584044E-04   -0.2157270E-03    0.6132032E-03   -0.1836436E+01    0.9785792E-01    0.2322403E+01   -0.1111614E+02    0.3556424E+01    0.4443222E+01   -0.7274571E+00   -0.1890971E+01    0.4778492E-01    0.2609308E+01    0.1733137E+02    0.2573406E+02   -0.9393208E-05    0.2533019E-02
    0.1466876E-04   -0.3915660E-04    0.1665026E-04   -0.4921808E-04    0.2395927E-02    0.1469782E-02    0.4774586E-03    0.7961068E-03   -0.1883967E-03    0.1202871E-02   -0.1816200E+02    0.1018355E+00    0.2017935E+01   -0.1446631E+02    0.3267611E+01    0.4502064E+01    0.1461018E+02   -0.1417768E+01    0.1633832E+00    0.1800889E+01    0.2573406E+02    0.5423092E+02    0.9037722E-04    0.4501494E-02
    0.3345465E-08   -0.1610796E-07    0.3743938E-08   -0.1165634E-06    0.6448068E-06    0.4112730E-07   -0.1877716E-06    0.1539961E-07   -0.1901397E-07    0.3626046E-06   -0.2816167E-03    0.5325857E-05    0.1782614E-03    0.6347734E-02    0.9410732E-04    0.7152052E-03    0.7169327E-03   -0.1168238E-03    0.3125577E-03   -0.2803334E-03   -0.9393208E-05    0.9037722E-04    0.6101146E-06   -0.7085340E-08
   -0.1775668E-07    0.5725429E-07   -0.5259057E-08   -0.1652606E-05   -0.1055154E-05   -0.3176583E-05   -0.6311609E-06    0.2738747E-07   -0.3827565E-07    0.8343955E-06    0.4535741E-02   -0.2035437E-04   -0.3663861E-03    0.4459061E-02    0.1537828E-03   -0.2680834E-02   -0.7899842E-02    0.1978155E-03   -0.2010876E-04   -0.1824423E-03    0.2533019E-02    0.4501494E-02   -0.7085340E-08    0.2102128E-05
