# omegabh2 omegach2 theta tau yhe logA ns calPlanck aps100 aps143 aps217 acib217 asz143 psr cibr xi aksz dust100 dust143 dust217 dust143x217 cal0 cal2
  5.8723947E-08  -5.0942670E-08   1.0684966E-07   2.8771639E-07   2.7328146E-06   1.2543883E-06   1.2462959E-06   7.5860660E-09   5.0668170E-04   2.3436451E-04  -2.3693452E-05   9.7815430E-05  -3.4089982E-06   8.1486474E-08   2.4417309E-06   4.6233788E-07   2.5102891E-05   5.5152751E-07   2.4443724E-06  -1.6259669E-07   6.5604542E-07  -3.9894804E-09   5.3872415E-09
 -5.0942670E-08   1.5168372E-06  -3.5282069E-09  -1.1421721E-06   1.5396213E-06   1.8194649E-06  -2.5496432E-06  -4.0519635E-09   8.9269475E-04   8.7501930E-04   4.2697700E-04   9.7860114E-05  -5.2726396E-05  -1.6035967E-06   3.6067890E-06   2.1528832E-06   2.7877192E-05  -8.2947943E-07  -4.8530936E-07   4.8283830E-07  -6.4622152E-07  -2.2830574E-09   2.9768077E-08
  1.0684966E-07  -3.5282069E-09   5.3957588E-07   4.3389424E-07   1.1493849E-05   3.8811375E-06   4.6441369E-06  -3.2766966E-09   4.2521082E-03   2.6195124E-03  -4.8535041E-04   1.1873152E-03  -1.1369613E-04  -6.9451316E-06   2.3564128E-05  -1.2011067E-05   3.0106346E-04   3.4959912E-06   9.7312202E-06  -3.8330153E-06   3.0055619E-06  -1.8972185E-08   1.0471581E-07
  2.8771639E-07  -1.1421721E-06   4.3389424E-07   4.7373912E-05   7.8248069E-06   9.5073584E-05   8.0601487E-06   3.4957905E-07  -3.8324900E-03  -1.2201066E-03   2.2829319E-03  -1.1188821E-03   5.1976601E-04   2.1884046E-06   2.1438094E-05  -3.5349677E-06  -1.2782641E-03   1.3571204E-05  -1.5514399E-05   3.9280446E-06  -1.4226339E-05   4.6793169E-09  -1.5992938E-07
  2.7328146E-06   1.5396213E-06   1.1493849E-05   7.8248069E-06   3.6166008E-04   1.0863737E-04   1.3432625E-04  -2.0306259E-07   1.3178232E-01   8.7161066E-02  -1.3413248E-02   3.6736225E-02  -4.0992908E-03  -2.0252094E-04   6.7769360E-04  -3.5781475E-04   9.2343194E-03   1.9263948E-04   2.7828087E-04  -1.1624111E-04   1.1788699E-04  -7.6115755E-07   2.9155132E-06
  1.2543883E-06   1.8194649E-06   3.8811375E-06   9.5073584E-05   1.0863737E-04   2.5273661E-04   4.1277132E-05   1.2994797E-05   3.2981490E-02   2.2706485E-02   9.2912030E-03   5.9768692E-03   6.8552048E-06  -3.2390736E-05   1.8676784E-04  -6.7929247E-05  -1.2594916E-03   3.9200473E-05  -6.2888967E-05   6.7579092E-06  -2.0472111E-05   4.3620285E-07   4.6591225E-07
  1.2462959E-06  -2.5496432E-06   4.6441369E-06   8.0601487E-06   1.3432625E-04   4.1277132E-05   6.7341082E-05  -1.2881320E-07   2.5756637E-02   2.4495619E-02   4.0487263E-03   7.4710664E-03  -9.1343080E-04  -7.0365969E-06   1.4846722E-04  -8.0899021E-05   1.4315388E-03   9.0194697E-05   9.3406912E-05  -1.7806254E-05   2.8187926E-05  -6.3394564E-07   6.1434878E-07
  7.5860660E-09  -4.0519635E-09  -3.2766966E-09   3.4957905E-07  -2.0306259E-07   1.2994797E-05  -1.2881320E-07   6.1247355E-06   3.7120256E-03   6.1629519E-04   1.1513443E-03   6.4206300E-04   1.7595655E-05  -6.2434210E-06   1.3586503E-05  -9.1086423E-06  -8.6864000E-05  -4.8082298E-06  -3.9720029E-07   6.9496180E-06  -6.7996328E-06  -2.1535709E-08  -3.0965033E-08
  5.0668170E-04   8.9269475E-04   4.2521082E-03  -3.8324900E-03   1.3178232E-01   3.2981490E-02   2.5756637E-02   3.7120256E-03   6.5760661E+02   9.1771041E+01  -6.3025091E+01   4.5235274E+01  -2.6881199E+01  -8.8432680E-01   9.8308061E-02  -3.1879290E-01   1.5404637E+01   3.6247506E-02   3.5843278E-01  -2.9943562E-01  -1.6167930E-01   6.7294404E-03   4.3790699E-03
  2.3436451E-04   8.7501930E-04   2.6195124E-03  -1.2201066E-03   8.7161066E-02   2.2706485E-02   2.4495619E-02   6.1629519E-04   9.1771041E+01   8.8186965E+01   4.7658824E+00   1.5839051E+01  -2.0462428E+00  -7.8138535E-02   5.7482953E-01   7.7460709E-01  -5.1576534E+00   3.6974563E-02  -1.2978789E-01   1.8893183E-02   8.6229407E-02   4.1370011E-04   1.4740361E-03
 -2.3693452E-05   4.2697700E-04  -4.8535041E-04   2.2829319E-03  -1.3413248E-02   9.2912030E-03   4.0487263E-03   1.1513443E-03  -6.3025091E+01   4.7658824E+00   1.7162520E+02  -8.4662273E+01   1.4857977E+00   3.1403659E-01  -1.0623319E+00   3.4573930E-01  -6.2281680E+00   3.1491536E-03  -2.3343807E-01   5.5950844E-01  -3.0866537E-03   1.0720680E-03  -7.6730224E-03
  9.7815430E-05   9.7860114E-05   1.1873152E-03  -1.1188821E-03   3.6736225E-02   5.9768692E-03   7.4710664E-03   6.4206300E-04   4.5235274E+01   1.5839051E+01  -8.4662273E+01   5.6958545E+01   1.8030481E+00  -6.1968159E-02   8.0831095E-01  -2.8462095E-01  -2.2654249E+00   2.6360909E-02   1.6763339E-01  -4.6949305E-01  -1.2098690E-01  -3.5884416E-04   3.5285610E-03
 -3.4089982E-06  -5.2726396E-05  -1.1369613E-04   5.1976601E-04  -4.0992908E-03   6.8552048E-06  -9.1343080E-04   1.7595655E-05  -2.6881199E+01  -2.0462428E+00   1.4857977E+00   1.8030481E+00   4.4106824E+00   9.5197093E-02   1.5134620E-01  -5.4318704E-02  -3.6612248E+00  -8.5562538E-03  -7.8665774E-03   9.9764278E-03   5.2823296E-02   4.4328891E-04  -1.7066931E-04
  8.1486474E-08  -1.6035967E-06  -6.9451316E-06   2.1884046E-06  -2.0252094E-04  -3.2390736E-05  -7.0365969E-06  -6.2434210E-06  -8.8432680E-01  -7.8138535E-02   3.1403659E-01  -6.1968159E-02   9.5197093E-02   1.6283994E-02  -1.6971512E-02   1.2281743E-02  -1.0200705E-01  -4.3484056E-04  -1.8366997E-03  -2.7358704E-03   4.9613945E-03   1.8586827E-05  -3.6601931E-05
  2.4417309E-06   3.6067890E-06   2.3564128E-05   2.1438094E-05   6.7769360E-04   1.8676784E-04   1.4846722E-04   1.3586503E-05   9.8308061E-02   5.7482953E-01  -1.0623319E+00   8.0831095E-01   1.5134620E-01  -1.6971512E-02   6.6956634E-02   1.5916490E-03  -1.4706292E-01   1.4207685E-03   8.2976395E-03  -4.3235793E-04  -1.7232658E-02  -1.3047088E-05   9.9650490E-05
  4.6233788E-07   2.1528832E-06  -1.2011067E-05  -3.5349677E-06  -3.5781475E-04  -6.7929247E-05  -8.0899021E-05  -9.1086423E-06  -3.1879290E-01   7.7460709E-01   3.4573930E-01  -2.8462095E-01  -5.4318704E-02   1.2281743E-02   1.5916490E-03   8.2133815E-02   3.3352444E-02  -6.5526950E-04   4.1389580E-04   4.1258078E-04   6.3876918E-04   9.4486640E-06  -1.4150598E-05
  2.5102891E-05   2.7877192E-05   3.0106346E-04  -1.2782641E-03   9.2343194E-03  -1.2594916E-03   1.4315388E-03  -8.6864000E-05   1.5404637E+01  -5.1576534E+00  -6.2281680E+00  -2.2654249E+00  -3.6612248E+00  -1.0200705E-01  -1.4706292E-01   3.3352444E-02   7.5779752E+00   5.1920138E-04   3.5891630E-03  -4.7373523E-03  -3.7974453E-02  -3.4405272E-04   6.0443194E-05
  5.5152751E-07  -8.2947943E-07   3.4959912E-06   1.3571204E-05   1.9263948E-04   3.9200473E-05   9.0194697E-05  -4.8082298E-06   3.6247506E-02   3.6974563E-02   3.1491536E-03   2.6360909E-02  -8.5562538E-03  -4.3484056E-04   1.4207685E-03  -6.5526950E-04   5.1920138E-04   4.0061240E-02   2.6897549E-03  -1.7999935E-04  -2.1177834E-04   4.1501415E-05  -4.8260017E-06
  2.4443724E-06  -4.8530936E-07   9.7312202E-06  -1.5514399E-05   2.7828087E-04  -6.2888967E-05   9.3406912E-05  -3.9720029E-07   3.5843278E-01  -1.2978789E-01  -2.3343807E-01   1.6763339E-01  -7.8665774E-03  -1.8366997E-03   8.2976395E-03   4.1389580E-04   3.5891630E-03   2.6897549E-03   2.9847315E-02  -7.3380353E-04   4.3683837E-03  -7.9792647E-05  -4.1764837E-05
 -1.6259669E-07   4.8283830E-07  -3.8330153E-06   3.9280446E-06  -1.1624111E-04   6.7579092E-06  -1.7806254E-05   6.9496180E-06  -2.9943562E-01   1.8893183E-02   5.5950844E-01  -4.6949305E-01   9.9764278E-03  -2.7358704E-03  -4.3235793E-04   4.1258078E-04  -4.7373523E-03  -1.7999935E-04  -7.3380353E-04   1.0960702E-02   8.7579193E-03   3.3831262E-06   6.1541415E-05
  6.5604542E-07  -6.4622152E-07   3.0055619E-06  -1.4226339E-05   1.1788699E-04  -2.0472111E-05   2.8187926E-05  -6.7996328E-06  -1.6167930E-01   8.6229407E-02  -3.0866537E-03  -1.2098690E-01   5.2823296E-02   4.9613945E-03  -1.7232658E-02   6.3876918E-04  -3.7974453E-02  -2.1177834E-04   4.3683837E-03   8.7579193E-03   2.6507493E-02   2.3507934E-06   6.1479775E-05
 -3.9894804E-09  -2.2830574E-09  -1.8972185E-08   4.6793169E-09  -7.6115755E-07   4.3620285E-07  -6.3394564E-07  -2.1535709E-08   6.7294404E-03   4.1370011E-04   1.0720680E-03  -3.5884416E-04   4.4328891E-04   1.8586827E-05  -1.3047088E-05   9.4486640E-06  -3.4405272E-04   4.1501415E-05  -7.9792647E-05   3.3831262E-06   2.3507934E-06   1.1258904E-06   8.8559941E-08
  5.3872415E-09   2.9768077E-08   1.0471581E-07  -1.5992938E-07   2.9155132E-06   4.6591225E-07   6.1434878E-07  -3.0965033E-08   4.3790699E-03   1.4740361E-03  -7.6730224E-03   3.5285610E-03  -1.7066931E-04  -3.6601931E-05   9.9650490E-05  -1.4150598E-05   6.0443194E-05  -4.8260017E-06  -4.1764837E-05   6.1541415E-05   6.1479775E-05   8.8559941E-08   2.4933394E-06
