# omegabh2 omegach2 theta tau logA ns calPlanck acib217 xi asz143 aps100 aps143 aps143217 aps217 aksz kgal100 kgal143 kgal143217 kgal217 galfTE100 galfTE100143 galfTE100217 galfTE143 galfTE143217 galfTE217 cal0 cal2
  1.7947560E-08  -4.4433868E-08   1.0545981E-08   1.5297502E-07   2.9028348E-07   1.2343825E-07   2.8670648E-09  -8.7753121E-05   1.0677715E-06   1.3012373E-05  -2.3984754E-04  -1.6435143E-04  -5.6069542E-05   3.5363820E-05  -2.8739222E-05  -2.9112066E-06  -1.3168995E-05  -1.5873871E-05   1.1396922E-05  -5.4382760E-09   6.3405217E-09   3.0648315E-07  -1.6503803E-07  -3.2157934E-07  -1.7961411E-06   2.7035217E-09  -2.7110823E-09
 -4.4433868E-08   7.7572985E-07  -4.2744153E-08  -1.5777408E-06  -1.5711573E-06  -1.7989768E-06  -9.8786247E-08   1.3316576E-04  -5.9262252E-06  -3.5752834E-05   8.5880670E-04   4.5644630E-04   1.2768859E-04  -1.3412131E-05   5.1409606E-05   7.0284262E-09   2.4543272E-05   3.3962560E-05   4.6976193E-05   4.4865726E-07  -2.5062905E-07  -1.9059921E-06  -2.8983491E-07   6.7654174E-07   1.1255943E-05  -1.6548915E-08   1.0451153E-08
  1.0545981E-08  -4.2744153E-08   8.4221880E-08   1.7959125E-07   3.7180410E-07   1.8983785E-07   1.5261517E-08   4.8127683E-05   2.2770263E-07  -1.3544532E-05   2.7450082E-04  -3.4541079E-05  -7.4694639E-05  -1.0503818E-04   2.4634298E-05  -1.3753015E-06   2.1472833E-05   9.4386711E-06  -1.1325774E-05  -7.8388330E-09  -9.7467161E-08   9.4710022E-07  -1.6822157E-07  -9.8582014E-08  -1.5851683E-07  -5.5511887E-09   1.8115410E-09
  1.5297502E-07  -1.5777408E-06   1.7959125E-07   4.3907205E-05   8.0786489E-05   5.8720474E-06  -1.2192614E-06  -1.8716185E-03   3.8066462E-05   4.0820445E-04  -2.0150723E-03  -1.0842937E-03   7.5227704E-04   8.5687572E-04  -9.2576665E-04  -2.2038075E-05  -5.8301147E-05   3.4635233E-04   9.9792637E-04   7.8691291E-06  -1.0157618E-06   2.0006899E-05  -1.2072044E-05  -5.2150007E-06  -2.9728148E-05   5.9406821E-09  -8.7325279E-08
  2.9028348E-07  -1.5711573E-06   3.7180410E-07   8.0786489E-05   1.7811772E-04   6.2797917E-06   9.4204484E-06  -2.8089551E-03   7.3929652E-05   6.4625426E-04   5.8810108E-03   5.9291872E-04   3.8552544E-03   6.3089229E-03  -2.4035597E-03  -3.4746950E-04  -7.0263188E-04   2.6610005E-05   2.7458665E-03   1.5218240E-05  -7.6923982E-06   3.8830977E-05  -3.3224863E-05  -1.8691280E-05  -5.2947308E-05   1.7826505E-07  -1.2120304E-07
  1.2343825E-07  -1.7989768E-06   1.8983785E-07   5.8720474E-06   6.2797917E-06   1.3898755E-05   1.4541945E-07  -4.8907576E-03   8.1380311E-05   9.2607829E-04  -2.3559448E-02  -5.8216133E-03   2.0093346E-03   5.8007614E-03  -2.2916763E-03   1.1431084E-04  -4.0217797E-04  -2.5118950E-04   1.5463996E-03  -1.6257447E-06   1.2409376E-06   4.4398481E-06   2.1667516E-06   7.6244309E-06  -9.4552522E-06  -3.9215373E-08  -1.2019769E-07
  2.8670648E-09  -9.8786247E-08   1.5261517E-08  -1.2192614E-06   9.4204484E-06   1.4541945E-07   6.0309029E-06   9.4986205E-04  -1.6305962E-05  -3.0929152E-06   6.0698430E-03   9.7192303E-04   4.7649144E-04   1.1240563E-03  -3.9402344E-05  -2.3554575E-05  -4.8698280E-05  -4.7423487E-05   5.6760147E-04  -4.2212457E-07  -2.3635294E-06   1.6459540E-06  -3.9667013E-06  -4.7706026E-06  -7.4949165E-06   3.5310144E-08   2.3063707E-08
 -8.7753121E-05   1.3316576E-04   4.8127683E-05  -1.8716185E-03  -2.8089551E-03  -4.8907576E-03   9.4986205E-04   4.5668762E+01  -4.0820120E-01  -7.0417734E-01   3.9636499E+01   2.2882086E+00  -1.2193974E+01  -5.5317736E+01  -4.2235267E-01   9.4118678E-02   5.7272922E-01  -5.7355680E+00  -3.3566586E+01   3.1960152E-04  -3.1206363E-03   6.2397969E-03   1.2716771E-03  -7.1211689E-03   4.5353711E-02  -2.5328885E-04   8.4050886E-04
  1.0677715E-06  -5.9262252E-06   2.2770263E-07   3.8066462E-05   7.3929652E-05   8.1380311E-05  -1.6305962E-05  -4.0820120E-01   8.0711251E-02  -4.3427414E-02  -6.4072996E-01   8.8085785E-01   1.6356023E+00   5.8725025E-01   6.5213224E-02  -7.1675924E-03   1.2869867E-02   1.2494265E-01   2.0344649E-01  -2.1740921E-04   6.1088138E-05  -2.9491616E-04   3.1147202E-04   4.5141833E-04   1.3795295E-03   4.0279863E-06   4.3018122E-06
  1.3012373E-05  -3.5752834E-05  -1.3544532E-05   4.0820445E-04   6.4625426E-04   9.2607829E-04  -3.0929152E-06  -7.0417734E-01  -4.3427414E-02   3.9990991E+00  -3.1281605E+01  -3.1123323E+00   8.1508945E+00   5.3565559E+00  -2.8305408E+00  -3.1627926E-01   1.8338288E-01   2.8410453E+00   3.4276051E+00  -7.2793472E-04  -1.3809874E-03   1.2266755E-04  -1.2283526E-03  -8.9761273E-04   6.3831677E-03   1.1372264E-04  -3.4218072E-05
 -2.3984754E-04   8.5880670E-04   2.7450082E-04  -2.0150723E-03   5.8810108E-03  -2.3559448E-02   6.0698430E-03   3.9636499E+01  -6.4072996E-01  -3.1281605E+01   8.0699858E+02   6.9578977E+01  -5.9207078E+01  -6.4561635E+01   1.3557366E+01  -5.0292601E+00   5.7760091E+00  -1.2507430E+01  -2.4726058E+01   1.4543313E-02  -2.7667098E-03   1.3801301E-02  -6.7605361E-03  -8.4370780E-03   2.0079407E-02   3.6892595E-03   5.9265495E-04
 -1.6435143E-04   4.5644630E-04  -3.4541079E-05  -1.0842937E-03   5.9291872E-04  -5.8216133E-03   9.7192303E-04   2.2882086E+00   8.8085785E-01  -3.1123323E+00   6.9578977E+01   5.9051881E+01   3.8296879E+01   1.3506513E+01  -4.7761369E+00  -1.4000963E-01  -9.9368336E-01   3.6411675E+00   4.5610261E+00   3.6121072E-04   2.7391513E-03   2.5441042E-03  -3.4788974E-03   2.4594533E-03   7.3834898E-03   1.2995910E-04   1.6032368E-04
 -5.6069542E-05   1.2768859E-04  -7.4694639E-05   7.5227704E-04   3.8552544E-03   2.0093346E-03   4.7649144E-04  -1.2193974E+01   1.6356023E+00   8.1508945E+00  -5.9207078E+01   3.8296879E+01   8.4005474E+01   5.0792085E+01  -1.1723125E+01  -9.8125886E-01  -3.3695559E-01   5.6054279E+00   9.0530228E+00  -6.1831474E-03   3.8519012E-04  -7.5147605E-03   8.2937156E-03   1.4094776E-02   1.8421652E-02   4.4403173E-04  -3.0468344E-04
  3.5363820E-05  -1.3412131E-05  -1.0503818E-04   8.5687572E-04   6.3089229E-03   5.8007614E-03   1.1240563E-03  -5.5317736E+01   5.8725025E-01   5.3565559E+00  -6.4561635E+01   1.3506513E+01   5.0792085E+01   1.0246618E+02  -9.0194485E+00  -7.3043256E-01  -1.1972765E+00   5.3023315E+00   3.3228729E+01  -4.5142875E-03  -1.3339779E-03  -1.6489414E-02   2.3764419E-03   1.3463595E-02  -6.5952001E-02   5.4953977E-04  -1.5598339E-03
 -2.8739222E-05   5.1409606E-05   2.4634298E-05  -9.2576665E-04  -2.4035597E-03  -2.2916763E-03  -3.9402344E-05  -4.2235267E-01   6.5213224E-02  -2.8305408E+00   1.3557366E+01  -4.7761369E+00  -1.1723125E+01  -9.0194485E+00   5.9402068E+00   2.0612082E-01  -2.2580743E-01  -2.1793434E+00  -2.2722744E+00  -2.5689836E-04   1.1608431E-03   9.7452387E-04   2.2656333E-03  -3.4929366E-03   1.6390387E-03  -9.4771470E-05   2.8875748E-05
 -2.9112066E-06   7.0284262E-09  -1.3753015E-06  -2.2038075E-05  -3.4746950E-04   1.1431084E-04  -2.3554575E-05   9.4118678E-02  -7.1675924E-03  -3.1627926E-01  -5.0292601E+00  -1.4000963E-01  -9.8125886E-01  -7.3043256E-01   2.0612082E-01   3.2294740E+00   5.1992016E-01   1.6662527E-01   2.4160473E-01  -5.3721478E-04   2.8405402E-04   8.2550595E-04   1.2630373E-03   1.9988929E-04  -1.0118657E-02   1.8216001E-04   1.8309971E-05
 -1.3168995E-05   2.4543272E-05   2.1472833E-05  -5.8301147E-05  -7.0263188E-04  -4.0217797E-04  -4.8698280E-05   5.7272922E-01   1.2869867E-02   1.8338288E-01   5.7760091E+00  -9.9368336E-01  -3.3695559E-01  -1.1972765E+00  -2.2580743E-01   5.1992016E-01   3.1512840E+00   2.7330972E+00   2.7964074E+00   1.8928853E-04  -7.7206211E-04  -3.1325863E-03   7.4048816E-04   9.1494644E-04  -5.2640772E-03  -1.7227081E-04  -2.9256881E-05
 -1.5873871E-05   3.3962560E-05   9.4386711E-06   3.4635233E-04   2.6610005E-05  -2.5118950E-04  -4.7423487E-05  -5.7355680E+00   1.2494265E-01   2.8410453E+00  -1.2507430E+01   3.6411675E+00   5.6054279E+00   5.3023315E+00  -2.1793434E+00   1.6662527E-01   2.7330972E+00   1.1116444E+01   1.9662113E+01   4.5441682E-04  -8.8885389E-04  -2.0391546E-03  -4.6121828E-03  -1.8614635E-03   3.1255190E-03   4.8469621E-05   4.2251619E-04
  1.1396922E-05   4.6976193E-05  -1.1325774E-05   9.9792637E-04   2.7458665E-03   1.5463996E-03   5.6760147E-04  -3.3566586E+01   2.0344649E-01   3.4276051E+00  -2.4726058E+01   4.5610261E+00   9.0530228E+00   3.3228729E+01  -2.2722744E+00   2.4160473E-01   2.7964074E+00   1.9662113E+01   5.3849635E+01   2.5163736E-03   2.2528791E-03   3.0567712E-04  -9.8501447E-03   6.4086546E-04  -2.7007765E-02   1.9830002E-04   8.8826191E-04
 -5.4382760E-09   4.4865726E-07  -7.8388330E-09   7.8691291E-06   1.5218240E-05  -1.6257447E-06  -4.2212457E-07   3.1960152E-04  -2.1740921E-04  -7.2793472E-04   1.4543313E-02   3.6121072E-04  -6.1831474E-03  -4.5142875E-03  -2.5689836E-04  -5.3721478E-04   1.8928853E-04   4.5441682E-04   2.5163736E-03   1.4075734E-03   2.7343515E-04  -9.7342611E-06  -3.1550449E-04  -1.8040418E-04  -5.5712101E-04   4.5177167E-08  -1.2813683E-07
  6.3405217E-09  -2.5062905E-07  -9.7467161E-08  -1.0157618E-06  -7.6923982E-06   1.2409376E-06  -2.3635294E-06  -3.1206363E-03   6.1088138E-05  -1.3809874E-03  -2.7667098E-03   2.7391513E-03   3.8519012E-04  -1.3339779E-03   1.1608431E-03   2.8405402E-04  -7.7206211E-04  -8.8885389E-04   2.2528791E-03   2.7343515E-04   8.7903246E-04  -3.8653954E-05   7.5402472E-04  -1.0044468E-05  -7.7554729E-04  -4.3142839E-07   2.3344979E-07
  3.0648315E-07  -1.9059921E-06   9.4710022E-07   2.0006899E-05   3.8830977E-05   4.4398481E-06   1.6459540E-06   6.2397969E-03  -2.9491616E-04   1.2266755E-04   1.3801301E-02   2.5441042E-03  -7.5147605E-03  -1.6489414E-02   9.7452387E-04   8.2550595E-04  -3.1325863E-03  -2.0391546E-03   3.0567712E-04  -9.7342611E-06  -3.8653954E-05   7.0685706E-03  -3.4010935E-04   4.6734655E-04   4.2195229E-03  -3.4888720E-07   8.4779955E-07
 -1.6503803E-07  -2.8983491E-07  -1.6822157E-07  -1.2072044E-05  -3.3224863E-05   2.1667516E-06  -3.9667013E-06   1.2716771E-03   3.1147202E-04  -1.2283526E-03  -6.7605361E-03  -3.4788974E-03   8.2937156E-03   2.3764419E-03   2.2656333E-03   1.2630373E-03   7.4048816E-04  -4.6121828E-03  -9.8501447E-03  -3.1550449E-04   7.5402472E-04  -3.4010935E-04   2.8862501E-03   5.4782617E-04  -6.4641539E-04   2.6464136E-07  -7.4169054E-08
 -3.2157934E-07   6.7654174E-07  -9.8582014E-08  -5.2150007E-06  -1.8691280E-05   7.6244309E-06  -4.7706026E-06  -7.1211689E-03   4.5141833E-04  -8.9761273E-04  -8.4370780E-03   2.4594533E-03   1.4094776E-02   1.3463595E-02  -3.4929366E-03   1.9988929E-04   9.1494644E-04  -1.8614635E-03   6.4086546E-04  -1.8040418E-04  -1.0044468E-05   4.6734655E-04   5.4782617E-04   6.6269421E-03   7.8516268E-03   4.5658473E-07  -4.2167303E-07
 -1.7961411E-06   1.1255943E-05  -1.5851683E-07  -2.9728148E-05  -5.2947308E-05  -9.4552522E-06  -7.4949165E-06   4.5353711E-02   1.3795295E-03   6.3831677E-03   2.0079407E-02   7.3834898E-03   1.8421652E-02  -6.5952001E-02   1.6390387E-03  -1.0118657E-02  -5.2640772E-03   3.1255190E-03  -2.7007765E-02  -5.5712101E-04  -7.7554729E-04   4.2195229E-03  -6.4641539E-04   7.8516268E-03   7.3117456E-02   2.9772463E-06   2.3093996E-07
  2.7035217E-09  -1.6548915E-08  -5.5511887E-09   5.9406821E-09   1.7826505E-07  -3.9215373E-08   3.5310144E-08  -2.5328885E-04   4.0279863E-06   1.1372264E-04   3.6892595E-03   1.2995910E-04   4.4403173E-04   5.4953977E-04  -9.4771470E-05   1.8216001E-04  -1.7227081E-04   4.8469621E-05   1.9830002E-04   4.5177167E-08  -4.3142839E-07  -3.4888720E-07   2.6464136E-07   4.5658473E-07   2.9772463E-06   3.8110783E-07  -5.8489293E-09
 -2.7110823E-09   1.0451153E-08   1.8115410E-09  -8.7325279E-08  -1.2120304E-07  -1.2019769E-07   2.3063707E-08   8.4050886E-04   4.3018122E-06  -3.4218072E-05   5.9265495E-04   1.6032368E-04  -3.0468344E-04  -1.5598339E-03   2.8875748E-05   1.8309971E-05  -2.9256881E-05   4.2251619E-04   8.8826191E-04  -1.2813683E-07   2.3344979E-07   8.4779955E-07  -7.4169054E-08  -4.2167303E-07   2.3093996E-07  -5.8489293E-09   3.9253688E-07
