# omegabh2 omegach2 theta tau nnu logA ns calPlanck acib217 xi asz143 aps100 aps143 aps143217 aps217 aksz kgal100 kgal143 kgal143217 kgal217 cal0 cal2
  4.2176698E-08   2.2711374E-07  -5.6111185E-09   2.2241035E-07   1.5438570E-05   1.1166213E-06   6.1312590E-07   2.3589227E-08  -3.6431078E-05   3.6614962E-07   1.0774721E-05  -1.1989373E-04  -1.7742393E-04  -8.8395405E-05  -1.7745813E-05  -1.5812118E-05   5.4619637E-06  -6.0452665E-06  -1.8635957E-05  -2.9517564E-05   9.6565958E-10  -3.5142940E-09
  2.2711374E-07   1.2602151E-05  -1.0576383E-06  -1.8143948E-06   6.4233609E-04   2.5036653E-05   1.4566959E-05  -1.9108249E-07   3.2709465E-03  -5.4703731E-05  -9.9772197E-04   1.6145436E-02   9.1103863E-03   3.0146741E-03   5.1722741E-04   1.4591812E-03   2.4363828E-05   6.7128148E-05  -2.7970554E-04  -1.4013691E-03  -4.0518844E-08   9.3472730E-08
 -5.6111185E-09  -1.0576383E-06   2.6849220E-07   1.7231416E-07  -5.8875988E-05  -1.7901242E-06  -1.2599025E-06   5.6033413E-08  -2.4396026E-04   5.8991329E-06   9.5508725E-05  -1.3016142E-03  -8.3034770E-04  -2.9070922E-04  -1.2496855E-04  -1.4647690E-04  -2.1828334E-05  -1.4847882E-05   2.2204616E-05   9.5130723E-05  -3.1509338E-10  -9.1088585E-09
  2.2241035E-07  -1.8143948E-06   1.7231416E-07   6.4103039E-05  -2.7518946E-05   1.2387985E-04   4.6610081E-06  -2.1303175E-07  -1.8009049E-03   7.1761891E-05   1.2190702E-04  -5.8265535E-03  -4.2223040E-03  -1.1274327E-03   1.8213348E-04  -8.3340733E-04   1.3578924E-05  -3.1420140E-04  -8.5054818E-04  -9.5347827E-04   8.4870753E-09  -9.3802200E-08
  1.5438570E-05   6.4233609E-04  -5.8875988E-05  -2.7518946E-05   3.6848806E-02   1.4085745E-03   9.9337233E-04  -5.7491179E-06   1.9267975E-01  -3.3483851E-03  -5.5085105E-02   9.2325713E-01   5.0138429E-01   1.5780411E-01   1.3257201E-02   8.4583155E-02   2.2472287E-03   4.2299509E-03  -1.8231359E-02  -8.8053299E-02  -1.5544788E-06   4.5867518E-06
  1.1166213E-06   2.5036653E-05  -1.7901242E-06   1.2387985E-04   1.4085745E-03   3.3426632E-04   4.0993873E-05   1.1913797E-05   4.3735535E-03   3.8643881E-05  -1.9813369E-03   2.8383091E-02   1.3071556E-02   6.5027154E-03   6.1747576E-03   7.7575872E-04  -4.0827326E-04  -1.3079545E-03  -3.2347874E-03  -4.3881204E-03   1.0231643E-07  -6.4728099E-09
  6.1312590E-07   1.4566959E-05  -1.2599025E-06   4.6610081E-06   9.9337233E-04   4.0993873E-05   4.3245959E-05   1.5706189E-07   7.9948342E-04   1.0177531E-05  -2.4930584E-04  -5.1414672E-04   6.7899855E-03   6.6009415E-03   6.0741673E-03  -3.5163293E-04   5.1249236E-04  -3.5070909E-04  -8.2098895E-04  -1.2775049E-03  -1.1797274E-07   3.8113289E-08
  2.3589227E-08  -1.9108249E-07   5.6033413E-08  -2.1303175E-07  -5.7491179E-06   1.1913797E-05   1.5706189E-07   6.2680855E-06   1.0766218E-03  -8.2347927E-06   3.2756307E-05   3.2367474E-03   1.4362642E-04  -2.0136201E-05   6.2208413E-04  -3.1965177E-05  -1.0964060E-05  -8.8214744E-05  -1.5881176E-04   3.7942972E-04   1.1537392E-08   3.9935379E-10
 -3.6431078E-05   3.2709465E-03  -2.4396026E-04  -1.8009049E-03   1.9267975E-01   4.3735535E-03   7.9948342E-04   1.0766218E-03   4.5963576E+01  -4.3043062E-01  -1.1745790E+00   4.3404470E+01   4.6698421E+00  -1.3500622E+01  -5.5747069E+01   4.8646244E-01   2.1120186E-01   8.6262278E-01  -5.3380648E+00  -3.2750446E+01  -1.5392661E-04   8.1067603E-04
  3.6614962E-07  -5.4703731E-05   5.8991329E-06   7.1761891E-05  -3.3483851E-03   3.8643881E-05   1.0177531E-05  -8.2347927E-06  -4.3043062E-01   8.3841991E-02  -5.1236292E-02  -4.0759302E-01   8.2859872E-01   1.5568066E+00   5.8573552E-01   4.8608941E-02   9.2105239E-03   3.9431054E-03   9.5876936E-02   1.5969437E-01   9.0604023E-06  -6.3762584E-06
  1.0774721E-05  -9.9772197E-04   9.5508725E-05   1.2190702E-04  -5.5085105E-02  -1.9813369E-03  -2.4930584E-04   3.2756307E-05  -1.1745790E+00  -5.1236292E-02   4.0090841E+00  -3.1843250E+01  -3.8762868E+00   7.7905278E+00   5.7383558E+00  -3.2510081E+00  -1.7341880E-01   1.3031766E-01   2.6631421E+00   3.5090065E+00   1.0575152E-04  -3.6366746E-05
 -1.1989373E-04   1.6145436E-02  -1.3016142E-03  -5.8265535E-03   9.2325713E-01   2.8383091E-02  -5.1414672E-04   3.2367474E-03   4.3404470E+01  -4.0759302E-01  -3.1843250E+01   8.0807772E+02   8.6264570E+01  -4.9913975E+01  -6.6070766E+01   1.8625301E+01  -7.3598802E+00   6.2988563E+00  -1.1352535E+01  -2.7083680E+01   4.2887368E-03   2.7812294E-04
 -1.7742393E-04   9.1103863E-03  -8.3034770E-04  -4.2223040E-03   5.0138429E-01   1.3071556E-02   6.7899855E-03   1.4362642E-04   4.6698421E+00   8.2859872E-01  -3.8762868E+00   8.6264570E+01   7.0327394E+01   4.2434547E+01   1.5974743E+01  -4.3472539E+00  -4.2033902E-01  -1.3684213E+00   3.4471514E+00   4.0493421E+00   1.4729414E-04   1.7194779E-04
 -8.8395405E-05   3.0146741E-03  -2.9070922E-04  -1.1274327E-03   1.5780411E-01   6.5027154E-03   6.6009415E-03  -2.0136201E-05  -1.3500622E+01   1.5568066E+00   7.7905278E+00  -4.9913975E+01   4.2434547E+01   8.4885361E+01   5.5730559E+01  -1.3094371E+01  -6.9404751E-01  -1.0545519E+00   4.7970162E+00   9.5878238E+00   4.4368361E-04  -4.3946242E-04
 -1.7745813E-05   5.1722741E-04  -1.2496855E-04   1.8213348E-04   1.3257201E-02   6.1747576E-03   6.0741673E-03   6.2208413E-04  -5.5747069E+01   5.8573552E-01   5.7383558E+00  -6.6070766E+01   1.5974743E+01   5.5730559E+01   1.0680243E+02  -1.0716298E+01  -8.1242939E-01  -2.0366417E+00   4.6463880E+00   3.2717220E+01   3.7010994E-04  -1.3958222E-03
 -1.5812118E-05   1.4591812E-03  -1.4647690E-04  -8.3340733E-04   8.4583155E-02   7.7575872E-04  -3.5163293E-04  -3.1965177E-05   4.8646244E-01   4.8608941E-02  -3.2510081E+00   1.8625301E+01  -4.3472539E+00  -1.3094371E+01  -1.0716298E+01   7.0489698E+00   1.1756583E-01  -5.6534844E-02  -2.3597505E+00  -3.0988834E+00  -8.1022163E-05   7.9483739E-06
  5.4619637E-06   2.4363828E-05  -2.1828334E-05   1.3578924E-05   2.2472287E-03  -4.0827326E-04   5.1249236E-04  -1.0964060E-05   2.1120186E-01   9.2105239E-03  -1.7341880E-01  -7.3598802E+00  -4.2033902E-01  -6.9404751E-01  -8.1242939E-01   1.1756583E-01   3.4484607E+00   6.2319541E-01   2.7695054E-01   1.7760202E-01   1.5623709E-04   2.2190124E-05
 -6.0452665E-06   6.7128148E-05  -1.4847882E-05  -3.1420140E-04   4.2299509E-03  -1.3079545E-03  -3.5070909E-04  -8.8214744E-05   8.6262278E-01   3.9431054E-03   1.3031766E-01   6.2988563E+00  -1.3684213E+00  -1.0545519E+00  -2.0366417E+00  -5.6534844E-02   6.2319541E-01   3.2297191E+00   2.7978264E+00   2.7204707E+00  -1.5046048E-04  -4.0027792E-05
 -1.8635957E-05  -2.7970554E-04   2.2204616E-05  -8.5054818E-04  -1.8231359E-02  -3.2347874E-03  -8.2098895E-04  -1.5881176E-04  -5.3380648E+00   9.5876936E-02   2.6631421E+00  -1.1352535E+01   3.4471514E+00   4.7970162E+00   4.6463880E+00  -2.3597505E+00   2.7695054E-01   2.7978264E+00   1.0891133E+01   1.9223270E+01   1.2612493E-05   4.2506825E-04
 -2.9517564E-05  -1.4013691E-03   9.5130723E-05  -9.5347827E-04  -8.8053299E-02  -4.3881204E-03  -1.2775049E-03   3.7942972E-04  -3.2750446E+01   1.5969437E-01   3.5090065E+00  -2.7083680E+01   4.0493421E+00   9.5878238E+00   3.2717220E+01  -3.0988834E+00   1.7760202E-01   2.7204707E+00   1.9223270E+01   5.2991370E+01   6.0985760E-05   9.1623064E-04
  9.6565958E-10  -4.0518844E-08  -3.1509338E-10   8.4870753E-09  -1.5544788E-06   1.0231643E-07  -1.1797274E-07   1.1537392E-08  -1.5392661E-04   9.0604023E-06   1.0575152E-04   4.2887368E-03   1.4729414E-04   4.4368361E-04   3.7010994E-04  -8.1022163E-05   1.5623709E-04  -1.5046048E-04   1.2612493E-05   6.0985760E-05   3.8050905E-07  -7.4462178E-09
 -3.5142940E-09   9.3472730E-08  -9.1088585E-09  -9.3802200E-08   4.5867518E-06  -6.4728099E-09   3.8113289E-08   3.9935379E-10   8.1067603E-04  -6.3762584E-06  -3.6366746E-05   2.7812294E-04   1.7194779E-04  -4.3946242E-04  -1.3958222E-03   7.9483739E-06   2.2190124E-05  -4.0027792E-05   4.2506825E-04   9.1623064E-04  -7.4462178E-09   3.9211278E-07
