# omegabh2 omegach2 theta tau omegak logA ns calPlanck aps100 aps143 aps217 acib217 asz143 psr cibr xi aksz dust100 dust143 dust217 dust143x217 cal0 cal2 calTE calEE
  2.5926026E-08  -1.2279585E-07   1.9658175E-08   2.3821811E-07  -1.4859147E-07   2.9046925E-07   3.4127657E-07   1.1873050E-08  -4.2386623E-04  -2.7779845E-04   7.3016053E-05  -1.2721058E-04   2.5078744E-05   8.6331697E-07  -1.7524355E-06   1.4871793E-06  -4.6409792E-05   1.0866165E-06  -1.0923832E-07   8.3589294E-07   4.0730635E-08   3.4779488E-09  -5.3667391E-09  -9.3995948E-08  -2.1807143E-07
 -1.2279585E-07   1.8919588E-06  -1.7819781E-07  -2.8936356E-06   2.0132031E-06  -1.8800710E-06  -4.4297835E-06  -1.8806794E-07   1.0803344E-03   9.0789289E-04  -3.8478832E-04   4.9592128E-04  -5.7373193E-05  -1.3690375E-06   6.1671780E-06  -7.3643082E-06   2.5657020E-04  -1.5669750E-05   5.4198718E-06  -3.7412517E-06   1.4524278E-06  -2.0053652E-08   1.7003182E-08   1.9429344E-08  -5.6062810E-07
  1.9658175E-08  -1.7819781E-07   9.7204138E-08   3.0691740E-07  -2.6122416E-07   2.8012525E-07   5.3796615E-07  -5.6930345E-09  -5.1716860E-04  -1.3853429E-04   6.0722144E-05  -5.0491627E-05   3.9692927E-05   1.3535571E-06   3.4537691E-07   2.0677037E-06  -5.1162110E-05   1.2715786E-07   3.0312512E-09   1.1296689E-07  -5.4634939E-08   7.3277032E-10  -1.1866425E-08  -7.4739441E-08   2.2515054E-08
  2.3821811E-07  -2.8936356E-06   3.0691740E-07   4.5750127E-05  -1.7165476E-06   8.1657225E-05   1.0082481E-05  -1.1601502E-06  -1.4590410E-02  -1.5078914E-03   3.6768445E-03  -2.1852703E-03   9.3112626E-04   4.0405254E-05  -4.2868654E-05   1.6622465E-05  -2.1628032E-03   7.2194430E-05  -3.7686304E-05   1.1226226E-05   7.4999229E-06  -1.2673728E-07  -1.7222670E-07  -2.4536816E-06  -1.0615320E-06
 -1.4859147E-07   2.0132031E-06  -2.6122416E-07  -1.7165476E-06   3.8320109E-06   8.8670426E-07  -4.9229540E-06  -1.1234436E-07   1.7579971E-03   1.2180465E-03  -5.8901735E-04   7.2091089E-04  -5.7670670E-05  -8.1505447E-07   5.6825482E-06  -1.2368465E-05   3.0366632E-04  -1.9347544E-05  -4.7754049E-06  -6.0589187E-06  -1.5278862E-07   6.6899177E-09   4.3111218E-08   3.4501713E-07  -2.0309993E-07
  2.9046925E-07  -1.8800710E-06   2.8012525E-07   8.1657225E-05   8.8670426E-07   1.7825542E-04   9.6265970E-06   8.9176653E-06  -2.3303465E-02  -7.8374867E-04   1.4442984E-02  -5.4483132E-03   1.6382340E-03   1.1590872E-04  -1.6159594E-04   8.3507781E-05  -4.1294914E-03   1.1851588E-04  -1.3723587E-04   3.6991636E-05   1.4683555E-05   3.0976515E-07  -6.9596429E-07  -5.5442691E-06  -1.6314081E-06
  3.4127657E-07  -4.4297835E-06   5.3796615E-07   1.0082481E-05  -4.9229540E-06   9.6265970E-06   2.0209407E-05   5.4997593E-07  -2.4190381E-02  -7.4620204E-03   9.8523118E-03  -6.5757951E-03   6.1527977E-04   7.0349201E-05  -1.2453184E-04   7.2594285E-05  -2.5696180E-03   5.6135773E-05  -3.2515068E-05   3.3774000E-05  -1.1505366E-05  -3.0809875E-07  -3.4722869E-07  -8.0821464E-07  -2.2413084E-06
  1.1873050E-08  -1.8806794E-07  -5.6930345E-09  -1.1601502E-06  -1.1234436E-07   8.9176653E-06   5.4997593E-07   5.9176046E-06   2.1655312E-03  -2.1746848E-04   1.4791017E-03  -5.1225142E-06  -8.4252501E-05   2.9471074E-06  -1.9142244E-05   7.6828379E-06   2.9974325E-04   1.5672258E-05   6.5795164E-06   7.3135590E-06   3.9825394E-06  -2.0862465E-08  -1.8645674E-07  -6.6280357E-07  -2.4671423E-07
 -4.2386623E-04   1.0803344E-03  -5.1716860E-04  -1.4590410E-02   1.7579971E-03  -2.3303465E-02  -2.4190381E-02   2.1655312E-03   6.1287484E+02   5.4903545E+01  -5.1720058E+01   2.6828534E+01  -2.5131045E+01  -9.0576498E-01   9.9313631E-03  -2.2909315E-01   1.1230152E+01  -2.7703561E-01   3.5769927E-01  -1.8880895E-01  -2.1272270E-01   6.7420073E-03   2.7334569E-03   5.6656008E-03   7.5932697E-03
 -2.7779845E-04   9.0789289E-04  -1.3853429E-04  -1.5078914E-03   1.2180465E-03  -7.8374867E-04  -7.4620204E-03  -2.1746848E-04   5.4903545E+01   6.6945738E+01   1.3234255E+01   4.5651420E+00  -1.0646709E-02  -9.7750517E-03   4.5168136E-01   8.7336258E-01  -8.9437524E+00  -6.3191484E-02  -2.3585395E-01   6.1766874E-02   3.8818924E-02   1.0296183E-03   6.1066607E-04   2.2964833E-03   5.4832936E-03
  7.3016053E-05  -3.8478832E-04   6.0722144E-05   3.6768445E-03  -5.8901735E-04   1.4442984E-02   9.8523118E-03   1.4791017E-03  -5.1720058E+01   1.3234255E+01   1.7253277E+02  -8.0398576E+01   2.6040636E+00   3.6166104E-01  -1.0425821E+00   5.2960472E-01  -7.8765463E+00   1.8511356E-02  -2.7639123E-01   5.3821406E-01   2.9332222E-02   2.0002306E-03  -7.3431002E-03   2.7306603E-03   2.4778310E-03
 -1.2721058E-04   4.9592128E-04  -5.0491627E-05  -2.1852703E-03   7.2091089E-04  -5.4483132E-03  -6.5757951E-03  -5.1225142E-06   2.6828534E+01   4.5651420E+00  -8.0398576E+01   4.9922782E+01   1.7521185E+00  -4.0367061E-02   7.1955175E-01  -3.2518566E-01  -2.4250304E+00  -2.1018664E-02   1.5150382E-01  -4.4483686E-01  -1.4344430E-01  -6.2973692E-04   2.8757271E-03  -5.3717852E-04   3.4915518E-04
  2.5078744E-05  -5.7373193E-05   3.9692927E-05   9.3112626E-04  -5.7670670E-05   1.6382340E-03   6.1527977E-04  -8.4252501E-05  -2.5131045E+01  -1.0646709E-02   2.6040636E+00   1.7521185E+00   4.3919016E+00   1.0247594E-01   1.5710572E-01  -4.6796863E-02  -3.5309931E+00   4.9916437E-03  -1.4862844E-02   6.5097188E-03   4.6606284E-02   5.2866505E-04  -2.4270854E-04  -1.2367698E-04  -3.4534335E-04
  8.6331697E-07  -1.3690375E-06   1.3535571E-06   4.0405254E-05  -8.1505447E-07   1.1590872E-04   7.0349201E-05   2.9471074E-06  -9.0576498E-01  -9.7750517E-03   3.6166104E-01  -4.0367061E-02   1.0247594E-01   1.6903700E-02  -1.6578648E-02   1.2539463E-02  -1.0700056E-01   2.2858244E-04  -1.4643162E-03  -3.1368741E-03   4.2790605E-03   2.0100858E-05  -4.1089467E-05   2.9729233E-05   1.7979746E-05
 -1.7524355E-06   6.1671780E-06   3.4537691E-07  -4.2868654E-05   5.6825482E-06  -1.6159594E-04  -1.2453184E-04  -1.9142244E-05   9.9313631E-03   4.5168136E-01  -1.0425821E+00   7.1955175E-01   1.5710572E-01  -1.6578648E-02   6.8269905E-02   3.0766751E-03  -1.5491221E-01   6.5413734E-04   6.8226842E-03  -1.8775790E-04  -1.7746626E-02  -3.9134908E-06   9.5631914E-05  -3.6055471E-05  -1.8981487E-05
  1.4871793E-06  -7.3643082E-06   2.0677037E-06   1.6622465E-05  -1.2368465E-05   8.3507781E-05   7.2594285E-05   7.6828379E-06  -2.2909315E-01   8.7336258E-01   5.2960472E-01  -3.2518566E-01  -4.6796863E-02   1.2539463E-02   3.0766751E-03   8.2972355E-02   3.2836943E-02   1.3778970E-04   1.1893812E-04   6.7029269E-04  -1.1643720E-03   1.9782877E-05  -1.7387006E-05   2.9970812E-05   4.0582404E-05
 -4.6409792E-05   2.5657020E-04  -5.1162110E-05  -2.1628032E-03   3.0366632E-04  -4.1294914E-03  -2.5696180E-03   2.9974325E-04   1.1230152E+01  -8.9437524E+00  -7.8765463E+00  -2.4250304E+00  -3.5309931E+00  -1.0700056E-01  -1.5491221E-01   3.2836943E-02   7.5066446E+00  -3.3055650E-03   4.4671217E-03  -4.3260474E-03  -4.2388974E-02  -4.5340156E-04   5.7117810E-05  -5.4263766E-04  -4.7794572E-04
  1.0866165E-06  -1.5669750E-05   1.2715786E-07   7.2194430E-05  -1.9347544E-05   1.1851588E-04   5.6135773E-05   1.5672258E-05  -2.7703561E-01  -6.3191484E-02   1.8511356E-02  -2.1018664E-02   4.9916437E-03   2.2858244E-04   6.5413734E-04   1.3778970E-04  -3.3055650E-03   3.9038106E-02   2.3976724E-03   7.2641213E-04   2.8942758E-04   3.7361297E-05   4.5125712E-06  -4.3102992E-06  -6.2064358E-06
 -1.0923832E-07   5.4198718E-06   3.0312512E-09  -3.7686304E-05  -4.7754049E-06  -1.3723587E-04  -3.2515068E-05   6.5795164E-06   3.5769927E-01  -2.3585395E-01  -2.7639123E-01   1.5150382E-01  -1.4862844E-02  -1.4643162E-03   6.8226842E-03   1.1893812E-04   4.4671217E-03   2.3976724E-03   3.0533200E-02  -6.9083363E-04   4.6857442E-03  -7.7976160E-05  -3.9048870E-05  -5.8264548E-05  -7.3478802E-05
  8.3589294E-07  -3.7412517E-06   1.1296689E-07   1.1226226E-05  -6.0589187E-06   3.6991636E-05   3.3774000E-05   7.3135590E-06  -1.8880895E-01   6.1766874E-02   5.3821406E-01  -4.4483686E-01   6.5097188E-03  -3.1368741E-03  -1.8775790E-04   6.7029269E-04  -4.3260474E-03   7.2641213E-04  -6.9083363E-04   1.0945716E-02   8.8061419E-03   5.3136729E-06   6.6953003E-05   6.7911386E-07  -7.6165735E-07
  4.0730635E-08   1.4524278E-06  -5.4634939E-08   7.4999229E-06  -1.5278862E-07   1.4683555E-05  -1.1505366E-05   3.9825394E-06  -2.1272270E-01   3.8818924E-02   2.9332222E-02  -1.4344430E-01   4.6606284E-02   4.2790605E-03  -1.7746626E-02  -1.1643720E-03  -4.2388974E-02   2.8942758E-04   4.6857442E-03   8.8061419E-03   2.5529182E-02  -9.2657842E-07   5.8850653E-05  -3.8075556E-06   1.9913482E-06
  3.4779488E-09  -2.0053652E-08   7.3277032E-10  -1.2673728E-07   6.6899177E-09   3.0976515E-07  -3.0809875E-07  -2.0862465E-08   6.7420073E-03   1.0296183E-03   2.0002306E-03  -6.2973692E-04   5.2866505E-04   2.0100858E-05  -3.9134908E-06   1.9782877E-05  -4.5340156E-04   3.7361297E-05  -7.7976160E-05   5.3136729E-06  -9.2657842E-07   1.1397538E-06  -4.0743302E-09   3.7851640E-07   5.5926140E-07
 -5.3667391E-09   1.7003182E-08  -1.1866425E-08  -1.7222670E-07   4.3111218E-08  -6.9596429E-07  -3.4722869E-07  -1.8645674E-07   2.7334569E-03   6.1066607E-04  -7.3431002E-03   2.8757271E-03  -2.4270854E-04  -4.1089467E-05   9.5631914E-05  -1.7387006E-05   5.7117810E-05   4.5125712E-06  -3.9048870E-05   6.6953003E-05   5.8850653E-05  -4.0743302E-09   2.4653330E-06   1.6163665E-07   1.6322664E-07
 -9.3995948E-08   1.9429344E-08  -7.4739441E-08  -2.4536816E-06   3.4501713E-07  -5.5442691E-06  -8.0821464E-07  -6.6280357E-07   5.6656008E-03   2.2964833E-03   2.7306603E-03  -5.3717852E-04  -1.2367698E-04   2.9729233E-05  -3.6055471E-05   2.9970812E-05  -5.4263766E-04  -4.3102992E-06  -5.8264548E-05   6.7911386E-07  -3.8075556E-06   3.7851640E-07   1.6163665E-07   2.3979839E-05   8.1812576E-06
 -2.1807143E-07  -5.6062810E-07   2.2515054E-08  -1.0615320E-06  -2.0309993E-07  -1.6314081E-06  -2.2413084E-06  -2.4671423E-07   7.5932697E-03   5.4832936E-03   2.4778310E-03   3.4915518E-04  -3.4534335E-04   1.7979746E-05  -1.8981487E-05   4.0582404E-05  -4.7794572E-04  -6.2064358E-06  -7.3478802E-05  -7.6165735E-07   1.9913482E-06   5.5926140E-07   1.6322664E-07   8.1812576E-06   2.3376330E-05
