# omegabh2 omegach2 theta tau logA ns calPlanck
  3.0663701E-07  -3.9536777E-07  -2.7039122E-08  -5.2767982E-07   2.2857032E-06   6.5716579E-07  -3.4949042E-08
 -3.9536777E-07   1.8524039E-06   2.8193535E-07  -1.8837027E-06  -4.8059182E-06  -4.7716703E-06  -1.3028824E-07
 -2.7039122E-08   2.8193535E-07   6.4748027E-07   2.6827258E-07   6.3058570E-07   2.1980689E-07   8.9589552E-09
 -5.2767982E-07  -1.8837027E-06   2.6827258E-07   6.1791312E-05   1.0291693E-04   6.0537412E-06  -5.9761122E-07
  2.2857032E-06  -4.8059182E-06   6.3058570E-07   1.0291693E-04   2.4710667E-04   1.5398957E-05   9.2700380E-06
  6.5716579E-07  -4.7716703E-06   2.1980689E-07   6.0537412E-06   1.5398957E-05   9.4326700E-05  -6.8400395E-07
 -3.4949042E-08  -1.3028824E-07   8.9589552E-09  -5.9761122E-07   9.2700380E-06  -6.8400395E-07   5.8847086E-06
