# omegabh2 omegach2 theta tau logA ns calPlanck acib217 xi asz143 aps100 aps143 aps143217 aps217 aksz kgal100 kgal143 kgal143217 kgal217 galfEE100 galfEE100143 galfEE100217 galfEE143 galfEE143217 galfEE217 galfTE100 galfTE100143 galfTE100217 galfTE143 galfTE143217 galfTE217 cal0 cal2
    0.2562139E-07   -0.1628642E-06    0.2046734E-07    0.1064311E-05    0.1843772E-05    0.4217484E-06   -0.1557924E-09   -0.1261897E-03    0.2952848E-05    0.2961886E-04   -0.4925276E-03   -0.2362611E-03   -0.7688451E-05    0.7920770E-04   -0.6215393E-04   -0.4754600E-05   -0.7178780E-05   -0.2433038E-04   -0.1509219E-04    0.3987573E-07    0.5856613E-07    0.2387647E-07    0.6034617E-07    0.1228526E-06    0.2092195E-06   -0.1400097E-06   -0.7433589E-07   -0.4875702E-07   -0.3226391E-06   -0.7096814E-06   -0.3388678E-05    0.2806672E-08   -0.1563142E-07
   -0.1628642E-06    0.2705517E-05   -0.2105952E-06   -0.1268746E-04   -0.1937912E-04   -0.6414910E-05   -0.2045289E-07    0.7402458E-03   -0.2633679E-04   -0.1788913E-03    0.3605993E-02    0.1579964E-02    0.7799905E-04   -0.3204861E-03    0.3110314E-03    0.4127107E-04    0.1213153E-04    0.1903052E-03    0.2452343E-03   -0.7344750E-06   -0.8983963E-06   -0.5474403E-06   -0.9342287E-06    0.2353209E-06   -0.6148978E-06    0.8504183E-06    0.9871402E-07    0.1042185E-06    0.2423733E-05    0.4891702E-05    0.2635414E-04    0.8597058E-08    0.1115014E-06
    0.2046734E-07   -0.2105952E-06    0.1025072E-06    0.1286733E-05    0.2163544E-05    0.6193784E-06   -0.1026754E-07   -0.5155987E-04    0.1932903E-05    0.9287216E-05   -0.1676667E-03   -0.1030854E-03   -0.2063137E-04    0.6328556E-06   -0.2363072E-04   -0.1979103E-05   -0.2279351E-05   -0.1399589E-04   -0.1751809E-04    0.3313689E-07    0.5670798E-07    0.1783861E-07    0.4805311E-07   -0.1734600E-06    0.3490408E-06   -0.2179253E-06   -0.3281287E-07   -0.4034597E-07   -0.2973098E-06   -0.6772332E-06   -0.2787045E-05    0.1190427E-08   -0.7133189E-08
    0.1064311E-05   -0.1268746E-04    0.1286733E-05    0.3040519E-03    0.5744441E-03    0.4570746E-04   -0.1656347E-05   -0.1677662E-01    0.3472388E-03    0.3402748E-02   -0.6328771E-01   -0.2195167E-01    0.5952585E-02    0.1707582E-01   -0.6877998E-02   -0.9834713E-03   -0.1214647E-02   -0.3977417E-02   -0.2009762E-02    0.2881353E-05    0.3977081E-05    0.4987492E-05    0.4272596E-05   -0.2982483E-05    0.2357054E-04   -0.9416689E-05   -0.3817093E-05   -0.1666476E-04   -0.1905755E-04   -0.2737667E-04   -0.1116286E-03    0.1118496E-07   -0.2256133E-05
    0.1843772E-05   -0.1937912E-04    0.2163544E-05    0.5744441E-03    0.1122740E-02    0.7473522E-04    0.8732723E-05   -0.3118785E-01    0.6777593E-03    0.6360091E-02   -0.1118755E+00   -0.3780664E-01    0.1467305E-01    0.3821594E-01   -0.1393563E-01   -0.2026127E-02   -0.2946878E-02   -0.7778717E-02   -0.1830289E-02    0.4739094E-05    0.6050731E-05    0.7839993E-05    0.7937478E-05   -0.6958429E-05    0.4841066E-04   -0.1558889E-04   -0.6415520E-05   -0.3617740E-04   -0.3450167E-04   -0.4931757E-04   -0.1613149E-03    0.3192930E-06   -0.4216838E-05
    0.4217484E-06   -0.6414910E-05    0.6193784E-06    0.4570746E-04    0.7473522E-04    0.2538394E-04   -0.7119347E-07   -0.6464743E-02    0.1488030E-03    0.1599383E-02   -0.3120227E-01   -0.8331345E-02    0.3882133E-02    0.8002391E-02   -0.3495467E-02    0.1609774E-03   -0.2207165E-03   -0.8653822E-03    0.6015225E-04    0.2905209E-05    0.3654777E-05    0.2937109E-05    0.3868188E-05   -0.4285292E-06    0.1238938E-05   -0.5593621E-05    0.2504033E-06   -0.6500197E-06   -0.4817259E-05   -0.9786027E-05   -0.5812556E-04   -0.1542422E-06   -0.7147074E-06
   -0.1557924E-09   -0.2045289E-07   -0.1026754E-07   -0.1656347E-05    0.8732723E-05   -0.7119347E-07    0.5995824E-05    0.1032014E-02    0.1675836E-05   -0.2578486E-04    0.3863612E-02    0.8922492E-03    0.3223442E-03    0.8586261E-03   -0.3790457E-04    0.4932906E-04   -0.1412256E-04    0.6356322E-04    0.7928665E-03    0.5546239E-06    0.3597513E-06    0.8647028E-07    0.1089484E-05   -0.1192868E-06    0.2059163E-05    0.5342905E-06    0.7713493E-06   -0.1075296E-05   -0.2228760E-06   -0.1948734E-05    0.6561652E-05    0.1831393E-07    0.3861549E-07
   -0.1261897E-03    0.7402458E-03   -0.5155987E-04   -0.1677662E-01   -0.3118785E-01   -0.6464743E-02    0.1032014E-02    0.4444549E+02   -0.4636459E+00   -0.1589243E+01    0.4109426E+02    0.4610584E+00   -0.2102344E+02   -0.6232848E+02    0.3801083E+00    0.1573710E+00    0.6680082E-01   -0.1940565E+01   -0.1864847E+02   -0.4489947E-03   -0.5978289E-03   -0.2307261E-02   -0.1809185E-03    0.1064906E-02    0.3761900E-02    0.1965564E-02    0.4564112E-03    0.5489391E-02    0.1365973E-03   -0.1981556E-02    0.5712617E-02   -0.2009434E-03    0.4581493E-02
    0.2952848E-05   -0.2633679E-04    0.1932903E-05    0.3472388E-03    0.6777593E-03    0.1488030E-03    0.1675836E-05   -0.4636459E+00    0.8080929E-01   -0.1154468E+00   -0.1207261E+00    0.9622735E+00    0.1635442E+01    0.6256486E+00    0.1151403E+00   -0.1466151E-02   -0.7420762E-03    0.5304125E-01    0.7518738E-01    0.2436583E-04    0.2073815E-04    0.2867621E-04    0.1306297E-04   -0.1473454E-03   -0.7216570E-04    0.3841395E-04    0.6319980E-04   -0.4516783E-03   -0.2858109E-04   -0.2065728E-03   -0.1091727E-02    0.2802236E-05   -0.1566960E-04
    0.2961886E-04   -0.1788913E-03    0.9287216E-05    0.3402748E-02    0.6360091E-02    0.1599383E-02   -0.2578486E-04   -0.1589243E+01   -0.1154468E+00    0.4073306E+01   -0.3047357E+02   -0.3985826E+01    0.8064001E+01    0.7600765E+01   -0.3271885E+01   -0.2073116E+00    0.6398370E-01    0.2503551E+01    0.2265406E+01    0.1636736E-03    0.2203887E-03   -0.2585330E-03    0.5040190E-04    0.9293096E-03    0.1256951E-02   -0.1195697E-02   -0.6659356E-03    0.2939506E-02   -0.1352285E-02   -0.8336594E-03   -0.4209440E-02    0.1743863E-03   -0.3828895E-03
   -0.4925276E-03    0.3605993E-02   -0.1676667E-03   -0.6328771E-01   -0.1118755E+00   -0.3120227E-01    0.3863612E-02    0.4109426E+02   -0.1207261E+00   -0.3047357E+02    0.7698277E+03    0.6839484E+02   -0.5747904E+02   -0.7453483E+02    0.1606379E+02   -0.3257564E+01    0.2885735E+01   -0.1150706E+02   -0.1523965E+02   -0.3866818E-02   -0.4872122E-02   -0.2292520E-02   -0.2721965E-02   -0.6961183E-02    0.2834558E-02    0.1364350E-01    0.4704224E-02   -0.1165024E-01    0.1278432E-01    0.6700078E-02    0.8927712E-01    0.6284659E-02    0.4566713E-02
   -0.2362611E-03    0.1579964E-02   -0.1030854E-03   -0.2195167E-01   -0.3780664E-01   -0.8331345E-02    0.8922492E-03    0.4610584E+00    0.9622735E+00   -0.3985826E+01    0.6839484E+02    0.6003661E+02    0.4203115E+02    0.1717456E+02   -0.4571425E+01    0.6894282E-02   -0.1294644E+01    0.3504747E+01    0.4412503E+01   -0.5515505E-03   -0.1367337E-02   -0.1209459E-02   -0.1509862E-02   -0.1103311E-02   -0.5585060E-02    0.2592918E-02   -0.6858263E-03   -0.4799172E-02    0.6555244E-03   -0.2336385E-03    0.2756715E-01    0.1102240E-03    0.2963108E-03
   -0.7688451E-05    0.7799905E-04   -0.2063137E-04    0.5952585E-02    0.1467305E-01    0.3882133E-02    0.3223442E-03   -0.2102344E+02    0.1635442E+01    0.8064001E+01   -0.5747904E+02    0.4203115E+02    0.9359340E+02    0.6772360E+02   -0.1332795E+02   -0.5754151E+00   -0.6354004E+00    0.4308747E+01    0.5849061E+01    0.4782146E-03    0.7132305E-04   -0.1593950E-02   -0.8763402E-03   -0.2804920E-02   -0.5695211E-02   -0.3456241E-02   -0.2084420E-02   -0.1543218E-02   -0.3291056E-02   -0.5174687E-02   -0.4965005E-02    0.6350928E-03   -0.2706681E-02
    0.7920770E-04   -0.3204861E-03    0.6328556E-06    0.1707582E-01    0.3821594E-01    0.8002391E-02    0.8586261E-03   -0.6232848E+02    0.6256486E+00    0.7600765E+01   -0.7453483E+02    0.1717456E+02    0.6772360E+02    0.1257966E+03   -0.1209085E+02   -0.5977160E+00   -0.4143948E+00   -0.1050977E+00    0.1597534E+02    0.5170278E-03    0.3009117E-03    0.1581191E-02   -0.1506351E-03   -0.9934192E-03   -0.1118281E-01   -0.4997994E-02   -0.1732249E-02   -0.2081563E-02   -0.2495172E-02    0.2396322E-02    0.1363799E-01    0.5908374E-03   -0.8050592E-02
   -0.6215393E-04    0.3110314E-03   -0.2363072E-04   -0.6877998E-02   -0.1393563E-01   -0.3495467E-02   -0.3790457E-04    0.3801083E+00    0.1151403E+00   -0.3271885E+01    0.1606379E+02   -0.4571425E+01   -0.1332795E+02   -0.1209085E+02    0.7230946E+01    0.1158798E+00   -0.2751035E-01   -0.2242279E+01   -0.2027963E+01   -0.3123696E-03   -0.2810089E-03    0.5852010E-03   -0.1521298E-03   -0.7090255E-03    0.1565167E-02    0.2420580E-02    0.1074691E-02   -0.3696007E-02    0.1883089E-02    0.1016246E-02    0.1302872E-02   -0.1499734E-03    0.1971863E-03
   -0.4754600E-05    0.4127107E-04   -0.1979103E-05   -0.9834713E-03   -0.2026127E-02    0.1609774E-03    0.4932906E-04    0.1573710E+00   -0.1466151E-02   -0.2073116E+00   -0.3257564E+01    0.6894282E-02   -0.5754151E+00   -0.5977160E+00    0.1158798E+00    0.3480701E+01    0.3959568E+00    0.1016713E+00    0.1397307E+00   -0.1252784E-04    0.6364274E-04   -0.4465251E-03    0.1201751E-03    0.5552242E-03    0.1232453E-02   -0.6137024E-03    0.1395566E-03    0.7651462E-03   -0.3170968E-03   -0.3676241E-03    0.3871053E-03    0.2937960E-03    0.1648007E-04
   -0.7178780E-05    0.1213153E-04   -0.2279351E-05   -0.1214647E-02   -0.2946878E-02   -0.2207165E-03   -0.1412256E-04    0.6680082E-01   -0.7420762E-03    0.6398370E-01    0.2885735E+01   -0.1294644E+01   -0.6354004E+00   -0.4143948E+00   -0.2751035E-01    0.3959568E+00    0.3342201E+01    0.2581402E+01    0.1764102E+01    0.1768960E-03    0.6794978E-04   -0.4454865E-03   -0.1074931E-03    0.4886057E-03    0.7100968E-03   -0.2513952E-03    0.2187210E-03    0.2032009E-02    0.8145893E-03    0.2620931E-03   -0.1700661E-02   -0.2838737E-03   -0.2208661E-03
   -0.2433038E-04    0.1903052E-03   -0.1399589E-04   -0.3977417E-02   -0.7778717E-02   -0.8653822E-03    0.6356322E-04   -0.1940565E+01    0.5304125E-01    0.2503551E+01   -0.1150706E+02    0.3504747E+01    0.4308747E+01   -0.1050977E+00   -0.2242279E+01    0.1016713E+00    0.2581402E+01    0.1743023E+02    0.2627095E+02    0.3584742E-04    0.2231927E-03   -0.1063956E-02   -0.4414601E-03    0.1756657E-02    0.1948641E-02    0.5914283E-03   -0.1102216E-03    0.4548649E-02    0.1208569E-02   -0.7640632E-03   -0.2458661E-02    0.1777359E-04    0.2555466E-02
   -0.1509219E-04    0.2452343E-03   -0.1751809E-04   -0.2009762E-02   -0.1830289E-02    0.6015225E-04    0.7928665E-03   -0.1864847E+02    0.7518738E-01    0.2265406E+01   -0.1523965E+02    0.4412503E+01    0.5849061E+01    0.1597534E+02   -0.2027963E+01    0.1397307E+00    0.1764102E+01    0.2627095E+02    0.5544682E+02    0.1306848E-04    0.6010004E-03    0.8388045E-04   -0.4194070E-03    0.2323027E-03    0.4170018E-02    0.6266969E-03    0.2452096E-03    0.5074817E-02    0.4666473E-02   -0.1831488E-02   -0.4911031E-02    0.1261293E-03    0.4534499E-02
    0.3987573E-07   -0.7344750E-06    0.3313689E-07    0.2881353E-05    0.4739094E-05    0.2905209E-05    0.5546239E-06   -0.4489947E-03    0.2436583E-04    0.1636736E-03   -0.3866818E-02   -0.5515505E-03    0.4782146E-03    0.5170278E-03   -0.3123696E-03   -0.1252784E-04    0.1768960E-03    0.3584742E-04    0.1306848E-04    0.3147575E-04    0.8537655E-05    0.1147930E-05    0.3157717E-05    0.9096617E-07    0.4445876E-05   -0.1210769E-06   -0.1784112E-05   -0.1767771E-05   -0.1714033E-05    0.6935597E-06    0.9946118E-06   -0.7852433E-07   -0.9996260E-07
    0.5856613E-07   -0.8983963E-06    0.5670798E-07    0.3977081E-05    0.6050731E-05    0.3654777E-05    0.3597513E-06   -0.5978289E-03    0.2073815E-04    0.2203887E-03   -0.4872122E-02   -0.1367337E-02    0.7132305E-04    0.3009117E-03   -0.2810089E-03    0.6364274E-04    0.6794978E-04    0.2231927E-03    0.6010004E-03    0.8537655E-05    0.2461414E-04   -0.3346371E-06    0.1204415E-04    0.3159604E-06    0.5575467E-05   -0.1157552E-05   -0.4639859E-06   -0.6045026E-05   -0.2308036E-05   -0.5006861E-06    0.2617296E-05   -0.7998454E-07    0.4602041E-07
    0.2387647E-07   -0.5474403E-06    0.1783861E-07    0.4987492E-05    0.7839993E-05    0.2937109E-05    0.8647028E-07   -0.2307261E-02    0.2867621E-04   -0.2585330E-03   -0.2292520E-02   -0.1209459E-02   -0.1593950E-02    0.1581191E-02    0.5852010E-03   -0.4465251E-03   -0.4454865E-03   -0.1063956E-02    0.8388045E-04    0.1147930E-05   -0.3346371E-06    0.1068154E-02   -0.1724097E-05    0.1920299E-04    0.2888574E-04    0.4212040E-05   -0.9081123E-05   -0.1623868E-04   -0.9182319E-05   -0.4232185E-05   -0.4311591E-04   -0.4392766E-06   -0.1355507E-06
    0.6034617E-07   -0.9342287E-06    0.4805311E-07    0.4272596E-05    0.7937478E-05    0.3868188E-05    0.1089484E-05   -0.1809185E-03    0.1306297E-04    0.5040190E-04   -0.2721965E-02   -0.1509862E-02   -0.8763402E-03   -0.1506351E-03   -0.1521298E-03    0.1201751E-03   -0.1074931E-03   -0.4414601E-03   -0.4194070E-03    0.3157717E-05    0.1204415E-04   -0.1724097E-05    0.4741228E-04   -0.8350490E-06   -0.2678249E-05    0.5409802E-06   -0.7261558E-06   -0.1277689E-05   -0.2234897E-05   -0.2963985E-05   -0.7718687E-05   -0.6359741E-07   -0.3503097E-07
    0.1228526E-06    0.2353209E-06   -0.1734600E-06   -0.2982483E-05   -0.6958429E-05   -0.4285292E-06   -0.1192868E-06    0.1064906E-02   -0.1473454E-03    0.9293096E-03   -0.6961183E-02   -0.1103311E-02   -0.2804920E-02   -0.9934192E-03   -0.7090255E-03    0.5552242E-03    0.4886057E-03    0.1756657E-02    0.2323027E-03    0.9096617E-07    0.3159604E-06    0.1920299E-04   -0.8350490E-06    0.2197932E-02    0.9573561E-04   -0.5746825E-05    0.5341647E-05   -0.2267821E-04   -0.2029898E-04   -0.1476393E-04   -0.3262245E-04   -0.2522039E-06   -0.3356772E-06
    0.2092195E-06   -0.6148978E-06    0.3490408E-06    0.2357054E-04    0.4841066E-04    0.1238938E-05    0.2059163E-05    0.3761900E-02   -0.7216570E-04    0.1256951E-02    0.2834558E-02   -0.5585060E-02   -0.5695211E-02   -0.1118281E-01    0.1565167E-02    0.1232453E-02    0.7100968E-03    0.1948641E-02    0.4170018E-02    0.4445876E-05    0.5575467E-05    0.2888574E-04   -0.2678249E-05    0.9573561E-04    0.1688775E-01    0.1321603E-04    0.1217876E-04   -0.1150494E-03    0.1317405E-03   -0.5798511E-04    0.2641778E-03    0.6069963E-06    0.1001064E-05
   -0.1400097E-06    0.8504183E-06   -0.2179253E-06   -0.9416689E-05   -0.1558889E-04   -0.5593621E-05    0.5342905E-06    0.1965564E-02    0.3841395E-04   -0.1195697E-02    0.1364350E-01    0.2592918E-02   -0.3456241E-02   -0.4997994E-02    0.2420580E-02   -0.6137024E-03   -0.2513952E-03    0.5914283E-03    0.6266969E-03   -0.1210769E-06   -0.1157552E-05    0.4212040E-05    0.5409802E-06   -0.5746825E-05    0.1321603E-04    0.1441231E-02    0.3003469E-03    0.1029720E-03   -0.3850784E-03   -0.1116000E-03   -0.2197617E-03    0.1355859E-06    0.4830445E-06
   -0.7433589E-07    0.9871402E-07   -0.3281287E-07   -0.3817093E-05   -0.6415520E-05    0.2504033E-06    0.7713493E-06    0.4564112E-03    0.6319980E-04   -0.6659356E-03    0.4704224E-02   -0.6858263E-03   -0.2084420E-02   -0.1732249E-02    0.1074691E-02    0.1395566E-03    0.2187210E-03   -0.1102216E-03    0.2452096E-03   -0.1784112E-05   -0.4639859E-06   -0.9081123E-05   -0.7261558E-06    0.5341647E-05    0.1217876E-04    0.3003469E-03    0.8338929E-03    0.3223881E-04    0.7196036E-03    0.4398177E-04   -0.6934165E-03    0.7648626E-08    0.3450893E-06
   -0.4875702E-07    0.1042185E-06   -0.4034597E-07   -0.1666476E-04   -0.3617740E-04   -0.6500197E-06   -0.1075296E-05    0.5489391E-02   -0.4516783E-03    0.2939506E-02   -0.1165024E-01   -0.4799172E-02   -0.1543218E-02   -0.2081563E-02   -0.3696007E-02    0.7651462E-03    0.2032009E-02    0.4548649E-02    0.5074817E-02   -0.1767771E-05   -0.6045026E-05   -0.1623868E-04   -0.1277689E-05   -0.2267821E-04   -0.1150494E-03    0.1029720E-03    0.3223881E-04    0.7243399E-02   -0.3285356E-03    0.7196286E-03    0.4576129E-02   -0.4173718E-06    0.9274105E-06
   -0.3226391E-06    0.2423733E-05   -0.2973098E-06   -0.1905755E-04   -0.3450167E-04   -0.4817259E-05   -0.2228760E-06    0.1365973E-03   -0.2858109E-04   -0.1352285E-02    0.1278432E-01    0.6555244E-03   -0.3291056E-02   -0.2495172E-02    0.1883089E-02   -0.3170968E-03    0.8145893E-03    0.1208569E-02    0.4666473E-02   -0.1714033E-05   -0.2308036E-05   -0.9182319E-05   -0.2234897E-05   -0.2029898E-04    0.1317405E-03   -0.3850784E-03    0.7196036E-03   -0.3285356E-03    0.2878294E-02    0.5317750E-03   -0.7275734E-03    0.1507243E-07    0.1150265E-05
   -0.7096814E-06    0.4891702E-05   -0.6772332E-06   -0.2737667E-04   -0.4931757E-04   -0.9786027E-05   -0.1948734E-05   -0.1981556E-02   -0.2065728E-03   -0.8336594E-03    0.6700078E-02   -0.2336385E-03   -0.5174687E-02    0.2396322E-02    0.1016246E-02   -0.3676241E-03    0.2620931E-03   -0.7640632E-03   -0.1831488E-02    0.6935597E-06   -0.5006861E-06   -0.4232185E-05   -0.2963985E-05   -0.1476393E-04   -0.5798511E-04   -0.1116000E-03    0.4398177E-04    0.7196286E-03    0.5317750E-03    0.6419809E-02    0.7675712E-02   -0.5047740E-06   -0.8463526E-06
   -0.3388678E-05    0.2635414E-04   -0.2787045E-05   -0.1116286E-03   -0.1613149E-03   -0.5812556E-04    0.6561652E-05    0.5712617E-02   -0.1091727E-02   -0.4209440E-02    0.8927712E-01    0.2756715E-01   -0.4965005E-02    0.1363799E-01    0.1302872E-02    0.3871053E-03   -0.1700661E-02   -0.2458661E-02   -0.4911031E-02    0.9946118E-06    0.2617296E-05   -0.4311591E-04   -0.7718687E-05   -0.3262245E-04    0.2641778E-03   -0.2197617E-03   -0.6934165E-03    0.4576129E-02   -0.7275734E-03    0.7675712E-02    0.6563394E-01    0.9224496E-06   -0.3400610E-05
    0.2806672E-08    0.8597058E-08    0.1190427E-08    0.1118496E-07    0.3192930E-06   -0.1542422E-06    0.1831393E-07   -0.2009434E-03    0.2802236E-05    0.1743863E-03    0.6284659E-02    0.1102240E-03    0.6350928E-03    0.5908374E-03   -0.1499734E-03    0.2937960E-03   -0.2838737E-03    0.1777359E-04    0.1261293E-03   -0.7852433E-07   -0.7998454E-07   -0.4392766E-06   -0.6359741E-07   -0.2522039E-06    0.6069963E-06    0.1355859E-06    0.7648626E-08   -0.4173718E-06    0.1507243E-07   -0.5047740E-06    0.9224496E-06    0.5885775E-06    0.1263499E-07
   -0.1563142E-07    0.1115014E-06   -0.7133189E-08   -0.2256133E-05   -0.4216838E-05   -0.7147074E-06    0.3861549E-07    0.4581493E-02   -0.1566960E-04   -0.3828895E-03    0.4566713E-02    0.2963108E-03   -0.2706681E-02   -0.8050592E-02    0.1971863E-03    0.1648007E-04   -0.2208661E-03    0.2555466E-02    0.4534499E-02   -0.9996260E-07    0.4602041E-07   -0.1355507E-06   -0.3503097E-07   -0.3356772E-06    0.1001064E-05    0.4830445E-06    0.3450893E-06    0.9274105E-06    0.1150265E-05   -0.8463526E-06   -0.3400610E-05    0.1263499E-07    0.2126316E-05
