# omegabh2 omegach2 theta tau Alens logA ns calPlanck aps100 aps143 aps217 acib217 asz143 psr cibr xi aksz dust100 dust143 dust217 dust143x217 cal0 cal2
  9.0297673E-08  -5.4296067E-07   9.6479388E-08   1.2757591E-06   1.6235032E-05   1.5035403E-06   1.6946292E-06   1.5413632E-08  -1.7437786E-03  -1.1543814E-03   2.3196819E-04  -5.0485151E-04   6.0048133E-05   4.7449709E-06  -9.4923008E-06   3.7913645E-06  -1.2422198E-04   8.8935325E-07  -1.5433337E-06   1.9893121E-06  -1.6887490E-06   4.0496234E-09  -4.4469040E-08
 -5.4296067E-07   6.4894169E-06  -7.9297388E-07  -1.7706232E-05  -1.1579356E-04  -2.0761969E-05  -1.7308609E-05  -8.2268337E-08   8.4357581E-03   6.6601875E-03  -6.6096237E-04   2.6059520E-03  -2.4724116E-04  -2.2985496E-05   5.4697779E-05  -1.7036104E-05   6.3797168E-04  -9.1124485E-06   5.6436019E-07  -6.9134834E-06   9.9767965E-06  -3.6274709E-08   2.9734627E-07
  9.6479388E-08  -7.9297388E-07   2.8527733E-07   2.2027626E-06   1.8888766E-05   2.8537855E-06   2.4586161E-06   1.3093794E-08  -1.4110543E-03  -1.0437500E-03   1.1900972E-04  -4.3473757E-04   3.7426839E-05   4.0790091E-06  -8.2160657E-06   3.0690410E-06  -8.8088971E-05   2.4852406E-06  -1.8866964E-07   1.5629399E-06  -1.3018545E-06   3.8573728E-09  -4.6406632E-08
  1.2757591E-06  -1.7706232E-05   2.2027626E-06   8.8381110E-04  -1.6216710E-03   1.7137363E-03   7.5066105E-05  -8.0481428E-07  -6.2150632E-02  -2.7969758E-02   1.6203103E-02  -1.7154951E-02   2.1396473E-03   2.3660455E-04  -4.1504802E-04   2.1892641E-04  -5.2447623E-03  -5.6952999E-05  -8.2528770E-05   6.2460870E-05   6.7235791E-06  -5.6707271E-07  -1.9227461E-06
  1.6235032E-05  -1.1579356E-04   1.8888766E-05  -1.6216710E-03   1.1415481E-02  -3.4666474E-03   3.0957956E-04  -6.7881358E-06  -3.6717338E-01  -2.4227525E-01   4.4845094E-02  -1.0376247E-01   9.5661402E-03   9.8223718E-04  -2.2515543E-03   6.0306020E-04  -2.3738612E-02   7.3167924E-05  -5.9262547E-04   1.6128334E-04  -6.8859024E-04   2.1844808E-06  -1.1054964E-05
  1.5035403E-06  -2.0761969E-05   2.8537855E-06   1.7137363E-03  -3.4666474E-03   3.3821105E-03   1.0952138E-04   1.0621726E-05  -1.0068779E-01  -4.0147806E-02   3.8817294E-02  -3.0097838E-02   3.7600293E-03   4.4163849E-04  -7.5876838E-04   4.2206104E-04  -1.0096724E-02  -1.4066559E-04  -2.4914135E-04   1.3509765E-04   1.5575507E-05  -5.6554969E-07  -3.2554073E-06
  1.6946292E-06  -1.7308609E-05   2.4586161E-06   7.5066105E-05   3.0957956E-04   1.0952138E-04   5.9295620E-05   2.3386124E-07  -5.1596756E-02  -2.7291806E-02   1.1366188E-02  -1.4228932E-02   1.3681620E-03   1.4128829E-04  -2.6474957E-04   1.1192681E-04  -4.0310429E-03   3.6246392E-05  -4.2876013E-05   5.4566302E-05  -5.5425329E-05  -3.0221920E-07  -1.2249347E-06
  1.5413632E-08  -8.2268337E-08   1.3093794E-08  -8.0481428E-07  -6.7881358E-06   1.0621726E-05   2.3386124E-07   6.1842796E-06   3.4412183E-03   6.4732433E-04   1.4580195E-03   4.8221812E-04  -4.0007493E-05  -6.3525853E-06   6.7675819E-06  -7.3152175E-06  -2.6345103E-05   4.0917759E-06   5.6997276E-06   6.6392100E-06  -2.7078827E-06  -8.8687101E-09  -3.9013424E-08
 -1.7437786E-03   8.4357581E-03  -1.4110543E-03  -6.2150632E-02  -3.6717338E-01  -1.0068779E-01  -5.1596756E-02   3.4412183E-03   6.5625688E+02   7.7089669E+01  -6.0149604E+01   4.0577568E+01  -2.7378057E+01  -1.0557202E+00  -1.3978386E-01  -3.6885366E-01   1.3501073E+01  -1.2660827E-01   4.1310139E-01  -3.1812919E-01  -1.2504031E-01   6.6215014E-03   3.6470531E-03
 -1.1543814E-03   6.6601875E-03  -1.0437500E-03  -2.7969758E-02  -2.4227525E-01  -4.0147806E-02  -2.7291806E-02   6.4732433E-04   7.7089669E+01   7.7106415E+01   6.8450407E+00   1.1380352E+01  -1.2511852E+00  -1.4369589E-01   4.8727895E-01   8.6193799E-01  -5.9010627E+00  -2.1669142E-04  -1.9939149E-01   2.1400232E-02   1.1155807E-01   8.6718352E-04   1.0737749E-03
  2.3196819E-04  -6.6096237E-04   1.1900972E-04   1.6203103E-02   4.4845094E-02   3.8817294E-02   1.1366188E-02   1.4580195E-03  -6.0149604E+01   6.8450407E+00   1.6493302E+02  -7.7765532E+01   3.5092664E+00   3.0590529E-01  -9.7392903E-01   3.4814887E-01  -8.3199319E+00  -3.5847266E-02  -2.7715766E-01   5.3483348E-01  -8.4595602E-02   1.6450111E-03  -7.0032508E-03
 -5.0485151E-04   2.6059520E-03  -4.3473757E-04  -1.7154951E-02  -1.0376247E-01  -3.0097838E-02  -1.4228932E-02   4.8221812E-04   4.0577568E+01   1.1380352E+01  -7.7765532E+01   4.9778994E+01   5.3448671E-01  -5.2089729E-02   7.0638140E-01  -2.5789117E-01  -8.4293782E-01   1.9044864E-02   1.5874175E-01  -4.4167974E-01  -6.8856672E-02  -5.3984882E-04   2.9116837E-03
  6.0048133E-05  -2.4724116E-04   3.7426839E-05   2.1396473E-03   9.5661402E-03   3.7600293E-03   1.3681620E-03  -4.0007493E-05  -2.7378057E+01  -1.2511852E+00   3.5092664E+00   5.3448671E-01   4.2382009E+00   1.1837320E-01   1.4317662E-01  -1.5029938E-02  -3.1626779E+00  -6.4296211E-03  -1.8142825E-02   1.5025426E-02   5.1917782E-02   4.4390367E-04  -3.0877683E-04
  4.7449709E-06  -2.2985496E-05   4.0790091E-06   2.3660455E-04   9.8223718E-04   4.4163849E-04   1.4128829E-04  -6.3525853E-06  -1.0557202E+00  -1.4369589E-01   3.0590529E-01  -5.2089729E-02   1.1837320E-01   1.9187726E-02  -1.7583620E-02   1.2111676E-02  -1.0561771E-01  -3.9359892E-05  -1.3366850E-03  -2.8263949E-03   4.4707151E-03   1.9463409E-05  -3.7643767E-05
 -9.4923008E-06   5.4697779E-05  -8.2160657E-06  -4.1504802E-04  -2.2515543E-03  -7.5876838E-04  -2.6474957E-04   6.7675819E-06  -1.3978386E-01   4.8727895E-01  -9.7392903E-01   7.0638140E-01   1.4317662E-01  -1.7583620E-02   7.0994269E-02   4.3282417E-03  -1.1776369E-01   3.1594691E-04   6.8380533E-03  -4.6340557E-04  -1.6432160E-02  -1.1059121E-05   8.8898618E-05
  3.7913645E-06  -1.7036104E-05   3.0690410E-06   2.1892641E-04   6.0306020E-04   4.2206104E-04   1.1192681E-04  -7.3152175E-06  -3.6885366E-01   8.6193799E-01   3.4814887E-01  -2.5789117E-01  -1.5029938E-02   1.2111676E-02   4.3282417E-03   8.2849025E-02   1.9288391E-02   7.6725304E-04   7.7524162E-05   1.0472443E-03   1.1936478E-03   2.0493030E-05  -1.0799966E-05
 -1.2422198E-04   6.3797168E-04  -8.8088971E-05  -5.2447623E-03  -2.3738612E-02  -1.0096724E-02  -4.0310429E-03  -2.6345103E-05   1.3501073E+01  -5.9010627E+00  -8.3199319E+00  -8.4293782E-01  -3.1626779E+00  -1.0561771E-01  -1.1776369E-01   1.9288391E-02   6.6619200E+00  -2.4800522E-03   1.2917785E-02  -9.1131720E-03  -4.0380022E-02  -3.2800903E-04   1.9347914E-04
  8.8935325E-07  -9.1124485E-06   2.4852406E-06  -5.6952999E-05   7.3167924E-05  -1.4066559E-04   3.6246392E-05   4.0917759E-06  -1.2660827E-01  -2.1669142E-04  -3.5847266E-02   1.9044864E-02  -6.4296211E-03  -3.9359892E-05   3.1594691E-04   7.6725304E-04  -2.4800522E-03   3.8185385E-02   2.8987279E-03  -1.0755327E-04   7.8671750E-04   3.5690064E-05  -4.2678642E-06
 -1.5433337E-06   5.6436019E-07  -1.8866964E-07  -8.2528770E-05  -5.9262547E-04  -2.4914135E-04  -4.2876013E-05   5.6997276E-06   4.1310139E-01  -1.9939149E-01  -2.7715766E-01   1.5874175E-01  -1.8142825E-02  -1.3366850E-03   6.8380533E-03   7.7524162E-05   1.2917785E-02   2.8987279E-03   3.0666034E-02  -4.8813609E-04   5.8159417E-03  -8.1077895E-05  -3.9720506E-05
  1.9893121E-06  -6.9134834E-06   1.5629399E-06   6.2460870E-05   1.6128334E-04   1.3509765E-04   5.4566302E-05   6.6392100E-06  -3.1812919E-01   2.1400232E-02   5.3483348E-01  -4.4167974E-01   1.5025426E-02  -2.8263949E-03  -4.6340557E-04   1.0472443E-03  -9.1131720E-03  -1.0755327E-04  -4.8813609E-04   1.0649052E-02   8.4673969E-03   2.7156852E-06   6.2308180E-05
 -1.6887490E-06   9.9767965E-06  -1.3018545E-06   6.7235791E-06  -6.8859024E-04   1.5575507E-05  -5.5425329E-05  -2.7078827E-06  -1.2504031E-01   1.1155807E-01  -8.4595602E-02  -6.8856672E-02   5.1917782E-02   4.4707151E-03  -1.6432160E-02   1.1936478E-03  -4.0380022E-02   7.8671750E-04   5.8159417E-03   8.4673969E-03   2.5931717E-02  -4.0287566E-06   6.3219827E-05
  4.0496234E-09  -3.6274709E-08   3.8573728E-09  -5.6707271E-07   2.1844808E-06  -5.6554969E-07  -3.0221920E-07  -8.8687101E-09   6.6215014E-03   8.6718352E-04   1.6450111E-03  -5.3984882E-04   4.4390367E-04   1.9463409E-05  -1.1059121E-05   2.0493030E-05  -3.2800903E-04   3.5690064E-05  -8.1077895E-05   2.7156852E-06  -4.0287566E-06   1.1111991E-06   3.2983731E-08
 -4.4469040E-08   2.9734627E-07  -4.6406632E-08  -1.9227461E-06  -1.1054964E-05  -3.2554073E-06  -1.2249347E-06  -3.9013424E-08   3.6470531E-03   1.0737749E-03  -7.0032508E-03   2.9116837E-03  -3.0877683E-04  -3.7643767E-05   8.8898618E-05  -1.0799966E-05   1.9347914E-04  -4.2678642E-06  -3.9720506E-05   6.2308180E-05   6.3219827E-05   3.2983731E-08   2.4147096E-06
