# omegabh2 omegach2 theta tau Alens logA ns calPlanck galfEE100 galfEE100143 galfEE100217 galfEE143 galfEE143217 galfEE217
    0.1979078E-05   -0.6117464E-05    0.4747670E-06    0.3002914E-05    0.1811059E-03    0.1381200E-04    0.1799800E-04   -0.1546879E-07    0.1589839E-06    0.2322060E-06    0.7333961E-06    0.3340505E-06    0.2829676E-06    0.2125586E-05
   -0.6117464E-05    0.2621091E-04   -0.1939399E-05   -0.1168553E-04   -0.7459664E-03   -0.1894286E-04   -0.7743869E-04    0.1111646E-06   -0.4519107E-05   -0.5386884E-05   -0.1653627E-05   -0.6023483E-05   -0.4620863E-05   -0.1243443E-04
    0.4747670E-06   -0.1939399E-05    0.9481961E-06    0.1045897E-05    0.3159022E-04    0.8893295E-06    0.6797798E-05   -0.1187566E-06    0.3769456E-06    0.4297478E-06    0.9712893E-08    0.5349152E-06   -0.4674442E-06    0.1271337E-05
    0.3002914E-05   -0.1168553E-04    0.1045897E-05    0.4298944E-03   -0.9531913E-03    0.8637859E-03    0.4789027E-04   -0.1283983E-07    0.2199209E-05    0.2713360E-05    0.2765571E-05    0.2099300E-05   -0.1359628E-04   -0.2110203E-04
    0.1811059E-03   -0.7459664E-03    0.3159022E-04   -0.9531913E-03    0.9263669E-01   -0.1586920E-02    0.2769736E-02   -0.2010397E-04    0.1288626E-03    0.1422274E-03    0.5779665E-05    0.1451461E-03   -0.3482716E-03   -0.8165983E-04
    0.1381200E-04   -0.1894286E-04    0.8893295E-06    0.8637859E-03   -0.1586920E-02    0.1931723E-02    0.9903004E-04    0.1281063E-04   -0.9436932E-05   -0.1152803E-04    0.7757423E-05   -0.1273972E-04   -0.5985756E-04   -0.1005009E-03
    0.1799800E-04   -0.7743869E-04    0.6797798E-05    0.4789027E-04    0.2769736E-02    0.9903004E-04    0.3431623E-03   -0.4004127E-06    0.2816431E-04    0.3298332E-04   -0.3275945E-05    0.3513027E-04   -0.1371053E-04   -0.1348790E-04
   -0.1546879E-07    0.1111646E-06   -0.1187566E-06   -0.1283983E-07   -0.2010397E-04    0.1281063E-04   -0.4004127E-06    0.6256972E-05    0.6738958E-06    0.4104589E-06    0.4859591E-06    0.9666640E-06    0.3127430E-06    0.4200070E-05
    0.1589839E-06   -0.4519107E-05    0.3769456E-06    0.2199209E-05    0.1288626E-03   -0.9436932E-05    0.2816431E-04    0.6738958E-06    0.3688198E-04    0.1367915E-04   -0.3336768E-06    0.8551029E-05    0.1548126E-06    0.2266896E-05
    0.2322060E-06   -0.5386884E-05    0.4297478E-06    0.2713360E-05    0.1422274E-03   -0.1152803E-04    0.3298332E-04    0.4104589E-06    0.1367915E-04    0.3089967E-04   -0.3160577E-06    0.1868410E-04    0.1240931E-05    0.1624735E-05
    0.7333961E-06   -0.1653627E-05    0.9712893E-08    0.2765571E-05    0.5779665E-05    0.7757423E-05   -0.3275945E-05    0.4859591E-06   -0.3336768E-06   -0.3160577E-06    0.1047780E-02   -0.2817453E-05    0.9767607E-05    0.4707048E-04
    0.3340505E-06   -0.6023483E-05    0.5349152E-06    0.2099300E-05    0.1451461E-03   -0.1273972E-04    0.3513027E-04    0.9666640E-06    0.8551029E-05    0.1868410E-04   -0.2817453E-05    0.5474357E-04    0.1284606E-05    0.4435706E-05
    0.2829676E-06   -0.4620863E-05   -0.4674442E-06   -0.1359628E-04   -0.3482716E-03   -0.5985756E-04   -0.1371053E-04    0.3127430E-06    0.1548126E-06    0.1240931E-05    0.9767607E-05    0.1284606E-05    0.2176389E-02    0.1534249E-03
    0.2125586E-05   -0.1243443E-04    0.1271337E-05   -0.2110203E-04   -0.8165983E-04   -0.1005009E-03   -0.1348790E-04    0.4200070E-05    0.2266896E-05    0.1624735E-05    0.4707048E-04    0.4435706E-05    0.1534249E-03    0.1710333E-01
