# omegabh2 omegach2 theta tau meffsterile nnu logA ns calPlanck acib217 xi asz143 aps100 aps143 aps143217 aps217 aksz kgal100 kgal143 kgal143217 kgal217 cal0 cal2
  3.6403646E-08   6.3904000E-08   7.8683841E-09   2.4906924E-07  -9.5165989E-07   5.9669628E-06   7.2955930E-07   4.1938165E-07   2.4834963E-08  -7.4612105E-05   1.4792789E-06   3.1607613E-05  -4.5987970E-04  -2.9917370E-04  -1.0222361E-04  -2.9717929E-05  -3.7585902E-05   1.0471760E-05  -7.9736237E-07  -3.7266847E-07   1.5719292E-05   1.4657014E-09  -2.4829224E-09
  6.3904000E-08   1.0528267E-05  -4.2616122E-07  -1.4309014E-06  -5.5202936E-04   2.1253444E-04   7.2673137E-06   7.5141750E-06  -5.7005000E-07   1.4589226E-03  -4.0059424E-05  -3.6986946E-04   6.8172599E-03   2.0474215E-03  -3.6668917E-04  -1.5173992E-03   6.9912905E-04   9.8337210E-05   1.9382623E-04   3.6658545E-05  -3.7464621E-04  -2.0922906E-09   7.2381171E-08
  7.8683841E-09  -4.2616122E-07   1.9256743E-07   1.9349294E-07   1.5604803E-05  -1.3928842E-05   2.2158035E-08  -2.7916132E-07   5.4975697E-08  -2.9043812E-05   1.3710649E-06   2.2803760E-05  -2.9570476E-04  -8.0778429E-05   3.6791163E-05   2.8458569E-05  -3.9969210E-05  -8.2770625E-06  -5.2042816E-06  -2.5297258E-06   5.9258307E-06  -5.3989976E-10  -2.1138465E-09
  2.4906924E-07  -1.4309014E-06   1.9349294E-07   5.0189931E-05  -8.0394799E-06   5.9430057E-05   9.3416484E-05   1.0841635E-05  -6.0885897E-07  -6.4666703E-04  -1.6373653E-05   4.1188776E-04  -5.2576031E-03  -3.6396317E-03  -1.4460670E-03  -9.3158279E-04  -6.3642642E-04   1.0429748E-04  -1.1976410E-07  -6.0970670E-05  -6.5525722E-06  -1.5139103E-08  -6.7939118E-08
 -9.5165989E-07  -5.5202936E-04   1.5604803E-05  -8.0394799E-06   4.2323665E-02  -6.4837315E-03  -2.6426128E-04  -4.1363378E-04   3.2674048E-05  -6.4396298E-02   2.3247018E-03   1.2441990E-02  -2.8330074E-01  -3.3157784E-02   5.9083083E-02   1.0508803E-01  -2.3867765E-02  -2.5755168E-03  -9.9851764E-03  -9.2083948E-04   1.7059956E-02  -4.2493528E-07  -3.5540128E-06
  5.9669628E-06   2.1253444E-04  -1.3928842E-05   5.9430057E-05  -6.4837315E-03   8.8273829E-03   4.4703681E-04   3.4860617E-04   4.5073964E-07   3.6110691E-02  -8.2526684E-04  -1.0967260E-02   2.0632813E-01   8.6896745E-02   1.6410871E-02  -1.1451743E-02   2.0057991E-02   4.2731222E-03   4.7460548E-03   3.2810671E-03  -5.0933674E-03   5.3806435E-07   1.1632890E-06
  7.2955930E-07   7.2673137E-06   2.2158035E-08   9.3416484E-05  -2.6426128E-04   4.4703681E-04   2.1696427E-04   2.8650784E-05   1.0152142E-05   6.3362549E-05  -1.5972678E-05   3.2508522E-04  -1.8734675E-04  -2.2162803E-03   4.8228180E-04   2.7823623E-03  -1.1659138E-03  -8.3855107E-06  -2.4109733E-04  -4.8609871E-04   1.2272744E-03   5.5751911E-08  -9.6989783E-08
  4.1938165E-07   7.5141750E-06  -2.7916132E-07   1.0841635E-05  -4.1363378E-04   3.4860617E-04   2.8650784E-05   3.0660433E-05   6.1683124E-07  -2.9860641E-03   5.9891908E-05   7.7502346E-04  -1.5984912E-02  -2.9591005E-03   2.8633806E-03   4.5883992E-03  -1.7869827E-03   4.8495573E-04  -1.1186776E-04   1.5336658E-04   1.6953068E-03  -4.0639713E-08  -6.6181472E-09
  2.4834963E-08  -5.7005000E-07   5.4975697E-08  -6.0885897E-07   3.2674048E-05   4.5073964E-07   1.0152142E-05   6.1683124E-07   6.0090828E-06   5.3299726E-04   3.6850018E-06   1.2541382E-05   2.9981839E-03   5.1767908E-04   4.3150374E-04   1.2057880E-03  -3.2974284E-05  -7.2238649E-06   4.8198856E-05   8.1701758E-05   1.0515156E-03  -2.5464705E-08  -5.3626371E-09
 -7.4612105E-05   1.4589226E-03  -2.9043812E-05  -6.4666703E-04  -6.4396298E-02   3.6110691E-02   6.3362549E-05  -2.9860641E-03   5.3299726E-04   4.5870601E+01  -3.9973595E-01  -8.7583688E-01   3.7498785E+01   2.0091136E+00  -1.3567374E+01  -5.6518118E+01  -1.4349101E-01   3.1575829E-01   5.8645094E-01  -6.0704131E+00  -3.4384421E+01  -2.3327534E-04   7.0021634E-04
  1.4792789E-06  -4.0059424E-05   1.3710649E-06  -1.6373653E-05   2.3247018E-03  -8.2526684E-04  -1.5972678E-05   5.9891908E-05   3.6850018E-06  -3.9973595E-01   8.2522438E-02  -4.8589023E-02  -5.9782824E-01   8.9661556E-01   1.6591646E+00   6.5161714E-01   4.1435332E-02  -4.7722880E-03   7.1906299E-03   9.7486023E-02   1.3984152E-01   4.9363604E-06  -1.2492534E-06
  3.1607613E-05  -3.6986946E-04   2.2803760E-05   4.1188776E-04   1.2441990E-02  -1.0967260E-02   3.2508522E-04   7.7502346E-04   1.2541382E-05  -8.7583688E-01  -4.8589023E-02   4.0636871E+00  -3.1739594E+01  -3.4489754E+00   8.1051397E+00   5.6429270E+00  -3.0761494E+00  -1.6535014E-01   2.0278034E-01   2.8503135E+00   3.5595572E+00   9.9272506E-05  -3.0812378E-05
 -4.5987970E-04   6.8172599E-03  -2.9570476E-04  -5.2576031E-03  -2.8330074E-01   2.0632813E-01  -1.8734675E-04  -1.5984912E-02   2.9981839E-03   3.7498785E+01  -5.9782824E-01  -3.1739594E+01   7.9819193E+02   7.1600131E+01  -5.8063895E+01  -6.2857392E+01   1.6420696E+01  -7.1861905E+00   5.4003891E+00  -1.3616070E+01  -2.6573263E+01   3.7735815E-03   3.5091224E-04
 -2.9917370E-04   2.0474215E-03  -8.0778429E-05  -3.6396317E-03  -3.3157784E-02   8.6896745E-02  -2.2162803E-03  -2.9591005E-03   5.1767908E-04   2.0091136E+00   8.9661556E-01  -3.4489754E+00   7.1600131E+01   6.4014439E+01   4.1402789E+01   1.6592224E+01  -4.9071841E+00  -7.8590977E-01  -1.6076525E+00   3.3371401E+00   4.5191878E+00   1.2364540E-04   1.1793063E-04
 -1.0222361E-04  -3.6668917E-04   3.6791163E-05  -1.4460670E-03   5.9083083E-02   1.6410871E-02   4.8228180E-04   2.8633806E-03   4.3150374E-04  -1.3567374E+01   1.6591646E+00   8.1051397E+00  -5.8063895E+01   4.1402789E+01   8.7411405E+01   5.6190939E+01  -1.2955411E+01  -1.0325421E+00  -8.3350669E-01   5.4017025E+00   9.5135702E+00   4.5815647E-04  -3.5647571E-04
 -2.9717929E-05  -1.5173992E-03   2.8458569E-05  -9.3158279E-04   1.0508803E-01  -1.1451743E-02   2.7823623E-03   4.5883992E-03   1.2057880E-03  -5.6518118E+01   6.5161714E-01   5.6429270E+00  -6.2857392E+01   1.6592224E+01   5.6190939E+01   1.0715559E+02  -9.8970512E+00  -1.0562572E+00  -1.3666003E+00   6.1504586E+00   3.5253252E+01   5.3103126E-04  -1.3283520E-03
 -3.7585902E-05   6.9912905E-04  -3.9969210E-05  -6.3642642E-04  -2.3867765E-02   2.0057991E-02  -1.1659138E-03  -1.7869827E-03  -3.2974284E-05  -1.4349101E-01   4.1435332E-02  -3.0761494E+00   1.6420696E+01  -4.9071841E+00  -1.2955411E+01  -9.8970512E+00   6.5195704E+00   1.7363991E-01  -2.0187911E-01  -2.3966890E+00  -2.7260698E+00  -7.6989990E-05  -4.3337214E-06
  1.0471760E-05   9.8337210E-05  -8.2770625E-06   1.0429748E-04  -2.5755168E-03   4.2731222E-03  -8.3855107E-06   4.8495573E-04  -7.2238649E-06   3.1575829E-01  -4.7722880E-03  -1.6535014E-01  -7.1861905E+00  -7.8590977E-01  -1.0325421E+00  -1.0562572E+00   1.7363991E-01   3.3545422E+00   6.1689274E-01   1.8611073E-01   5.1772921E-02   1.6173912E-04  -4.2742738E-06
 -7.9736237E-07   1.9382623E-04  -5.2042816E-06  -1.1976410E-07  -9.9851764E-03   4.7460548E-03  -2.4109733E-04  -1.1186776E-04   4.8198856E-05   5.8645094E-01   7.1906299E-03   2.0278034E-01   5.4003891E+00  -1.6076525E+00  -8.3350669E-01  -1.3666003E+00  -2.0187911E-01   6.1689274E-01   3.2606124E+00   2.7826754E+00   2.7786287E+00  -1.7289291E-04  -3.8653278E-05
 -3.7266847E-07   3.6658545E-05  -2.5297258E-06  -6.0970670E-05  -9.2083948E-04   3.2810671E-03  -4.8609871E-04   1.5336658E-04   8.1701758E-05  -6.0704131E+00   9.7486023E-02   2.8503135E+00  -1.3616070E+01   3.3371401E+00   5.4017025E+00   6.1504586E+00  -2.3966890E+00   1.8611073E-01   2.7826754E+00   1.1068849E+01   1.9804238E+01  -2.6816592E-05   4.1776436E-04
  1.5719292E-05  -3.7464621E-04   5.9258307E-06  -6.5525722E-06   1.7059956E-02  -5.0933674E-03   1.2272744E-03   1.6953068E-03   1.0515156E-03  -3.4384421E+01   1.3984152E-01   3.5595572E+00  -2.6573263E+01   4.5191878E+00   9.5135702E+00   3.5253252E+01  -2.7260698E+00   5.1772921E-02   2.7786287E+00   1.9804238E+01   5.5065985E+01   5.2614685E-05   9.6421057E-04
  1.4657014E-09  -2.0922906E-09  -5.3989976E-10  -1.5139103E-08  -4.2493528E-07   5.3806435E-07   5.5751911E-08  -4.0639713E-08  -2.5464705E-08  -2.3327534E-04   4.9363604E-06   9.9272506E-05   3.7735815E-03   1.2364540E-04   4.5815647E-04   5.3103126E-04  -7.6989990E-05   1.6173912E-04  -1.7289291E-04  -2.6816592E-05   5.2614685E-05   3.7305188E-07  -6.0409194E-09
 -2.4829224E-09   7.2381171E-08  -2.1138465E-09  -6.7939118E-08  -3.5540128E-06   1.1632890E-06  -9.6989783E-08  -6.6181472E-09  -5.3626371E-09   7.0021634E-04  -1.2492534E-06  -3.0812378E-05   3.5091224E-04   1.1793063E-04  -3.5647571E-04  -1.3283520E-03  -4.3337214E-06  -4.2742738E-06  -3.8653278E-05   4.1776436E-04   9.6421057E-04  -6.0409194E-09   3.9527122E-07
