# omegabh2 omegach2 theta mnu logA ns
  2.4133620E-07   1.9075706E-07  -4.9226973E-10  -3.5446594E-06  -9.4075961E-07  -2.3456929E-07
  1.9075706E-07   1.1422065E-05   2.0246865E-07  -4.9057946E-04  -2.4912254E-04  -1.9425802E-05
 -4.9226973E-10   2.0246865E-07   3.6903826E-07   3.0275301E-06  -1.1841332E-06  -5.5540699E-08
 -3.5446594E-06  -4.9057946E-04   3.0275301E-06   2.7637980E-02   1.2175833E-02   9.3246265E-04
 -9.4075961E-07  -2.4912254E-04  -1.1841332E-06   1.2175833E-02   6.6240680E-03   6.8695719E-04
 -2.3456929E-07  -1.9425802E-05  -5.5540699E-08   9.3246265E-04   6.8695719E-04   3.7092131E-04
