# omegabh2 omegach2 theta tau logA ns calPlanck acib217 xi asz143 aps100 aps143 aps143217 aps217 aksz kgal100 kgal143 kgal143217 kgal217 cal0 cal2
    0.4286637E-07   -0.1011510E-06    0.2593231E-07    0.2256391E-05    0.4387350E-05    0.4589095E-06    0.9163283E-08   -0.2492888E-03    0.6590065E-05    0.5824057E-04   -0.1005002E-02   -0.5130069E-03   -0.8192095E-04    0.5726058E-04   -0.7582388E-04   -0.5043116E-05   -0.8161022E-05   -0.2321361E-04    0.2719157E-04    0.1935153E-08   -0.2083762E-07
   -0.1011510E-06    0.1776557E-05   -0.8209184E-07   -0.1332502E-04   -0.2216941E-04   -0.4553289E-05   -0.1507881E-08    0.5614821E-03   -0.1375120E-04   -0.1158117E-03    0.1994868E-02    0.1338020E-02    0.3286529E-03   -0.6033736E-04    0.1488574E-03   -0.2567682E-04    0.2136650E-04    0.1064293E-03    0.6411412E-04   -0.1653451E-07    0.7437640E-07
    0.2593231E-07   -0.8209184E-07    0.1805262E-06    0.1722677E-05    0.3516422E-05    0.5604614E-06    0.4681503E-07   -0.1745073E-03    0.2569279E-05    0.2234825E-04   -0.5571365E-03   -0.1510225E-03   -0.1387328E-04    0.1255323E-03   -0.2666103E-04    0.7390806E-05   -0.3444656E-05    0.7023729E-05    0.8912500E-04    0.1587217E-08   -0.1188544E-07
    0.2256391E-05   -0.1332502E-04    0.1722677E-05    0.6897250E-03    0.1340211E-02    0.7233340E-04   -0.1855584E-05   -0.3282475E-01    0.8648216E-03    0.6062188E-02   -0.1388219E+00   -0.4985414E-01    0.3805833E-02    0.2255119E-01   -0.1147812E-01   -0.4541392E-03   -0.1603892E-02   -0.6614978E-02   -0.1936910E-02   -0.1909929E-06   -0.4335119E-05
    0.4387350E-05   -0.2216941E-04    0.3516422E-05    0.1340211E-02    0.2641564E-02    0.1308996E-03    0.8421521E-05   -0.6449997E-01    0.1738582E-02    0.1181168E-01   -0.2634334E+00   -0.9517655E-01    0.1074540E-01    0.5042616E-01   -0.2322951E-01   -0.1334716E-02   -0.3565897E-02   -0.1326578E-01   -0.1905857E-02   -0.1436803E-06   -0.8616076E-05
    0.4589095E-06   -0.4553289E-05    0.5604614E-06    0.7233340E-04    0.1308996E-03    0.2478290E-04   -0.1365807E-06   -0.7454933E-02    0.1948037E-03    0.1454235E-02   -0.3438870E-01   -0.1105774E-01    0.2360285E-02    0.6702508E-02   -0.3163247E-02    0.3990803E-03   -0.1633394E-03   -0.1145941E-02    0.2887011E-03   -0.2046834E-06   -0.6897093E-06
    0.9163283E-08   -0.1507881E-08    0.4681503E-07   -0.1855584E-05    0.8421521E-05   -0.1365807E-06    0.5991692E-05    0.8103380E-03   -0.6785389E-05   -0.4391727E-04    0.5208488E-02    0.3392972E-03    0.5742069E-04    0.9866280E-03    0.4233351E-04   -0.6747074E-04    0.5477013E-04   -0.2241001E-05    0.7517440E-03    0.1331397E-08   -0.2726701E-07
   -0.2492888E-03    0.5614821E-03   -0.1745073E-03   -0.3282475E-01   -0.6449997E-01   -0.7454933E-02    0.8103380E-03    0.4503510E+02   -0.5827254E+00   -0.2049358E+01    0.5094421E+02    0.2219875E+01   -0.2267195E+02   -0.6207606E+02    0.6312489E+00   -0.2004085E+00    0.8896789E-01   -0.1455442E+01   -0.1790347E+02   -0.3188151E-03    0.4604712E-02
    0.6590065E-05   -0.1375120E-04    0.2569279E-05    0.8648216E-03    0.1738582E-02    0.1948037E-03   -0.6785389E-05   -0.5827254E+00    0.8130557E-01   -0.6332372E-01   -0.7237475E+00    0.9730426E+00    0.1896377E+01    0.8516831E+00    0.5628907E-01    0.1437175E-02    0.6531966E-02    0.9125383E-01    0.1359547E+00    0.5924075E-05   -0.2444482E-04
    0.5824057E-04   -0.1158117E-03    0.2234825E-04    0.6062188E-02    0.1181168E-01    0.1454235E-02   -0.4391727E-04   -0.2049358E+01   -0.6332372E-01    0.3474684E+01   -0.2777528E+02   -0.4623516E+01    0.6605971E+01    0.6316409E+01   -0.2293356E+01   -0.2372757E+00    0.2867356E-01    0.2137060E+01    0.2038733E+01    0.1884060E-03   -0.3477574E-03
   -0.1005002E-02    0.1994868E-02   -0.5571365E-03   -0.1388219E+00   -0.2634334E+00   -0.3438870E-01    0.5208488E-02    0.5094421E+02   -0.7237475E+00   -0.2777528E+02    0.7696322E+03    0.7756522E+02   -0.5496170E+02   -0.7249686E+02    0.1147896E+02   -0.3457681E+01    0.2537480E+01   -0.9810058E+01   -0.1829807E+02    0.6343903E-02    0.4105224E-02
   -0.5130069E-03    0.1338020E-02   -0.1510225E-03   -0.4985414E-01   -0.9517655E-01   -0.1105774E-01    0.3392972E-03    0.2219875E+01    0.9730426E+00   -0.4623516E+01    0.7756522E+02    0.6398087E+02    0.4371397E+02    0.1614221E+02   -0.2830623E+01   -0.2359934E+00   -0.9008077E+00    0.3591910E+01    0.2823306E+01    0.1421941E-06    0.2225535E-03
   -0.8192095E-04    0.3286529E-03   -0.1387328E-04    0.3805833E-02    0.1074540E-01    0.2360285E-02    0.5742069E-04   -0.2267195E+02    0.1896377E+01    0.6605971E+01   -0.5496170E+02    0.4371397E+02    0.9582315E+02    0.6625267E+02   -0.1006073E+02   -0.7474574E+00   -0.4128379E+00    0.3779424E+01    0.4920178E+01    0.7006924E-03   -0.2660737E-02
    0.5726058E-04   -0.6033736E-04    0.1255323E-03    0.2255119E-01    0.5042616E-01    0.6702508E-02    0.9866280E-03   -0.6207606E+02    0.8516831E+00    0.6316409E+01   -0.7249686E+02    0.1614221E+02    0.6625267E+02    0.1204381E+03   -0.9118567E+01   -0.2829340E+00   -0.3773373E+00   -0.1601074E+01    0.1357686E+02    0.7681734E-03   -0.7946772E-02
   -0.7582388E-04    0.1488574E-03   -0.2666103E-04   -0.1147812E-01   -0.2322951E-01   -0.3163247E-02    0.4233351E-04    0.6312489E+00    0.5628907E-01   -0.2293356E+01    0.1147896E+02   -0.2830623E+01   -0.1006073E+02   -0.9118567E+01    0.5416190E+01    0.2148061E+00   -0.1135986E+00   -0.1533272E+01   -0.1174475E+01   -0.7739126E-04    0.1745904E-03
   -0.5043116E-05   -0.2567682E-04    0.7390806E-05   -0.4541392E-03   -0.1334716E-02    0.3990803E-03   -0.6747074E-04   -0.2004085E+00    0.1437175E-02   -0.2372757E+00   -0.3457681E+01   -0.2359934E+00   -0.7474574E+00   -0.2829340E+00    0.2148061E+00    0.3577685E+01    0.3780669E+00    0.6897582E-01    0.1390393E+00    0.3108244E-03   -0.4819946E-04
   -0.8161022E-05    0.2136650E-04   -0.3444656E-05   -0.1603892E-02   -0.3565897E-02   -0.1633394E-03    0.5477013E-04    0.8896789E-01    0.6531966E-02    0.2867356E-01    0.2537480E+01   -0.9008077E+00   -0.4128379E+00   -0.3773373E+00   -0.1135986E+00    0.3780669E+00    0.3327972E+01    0.2626572E+01    0.1827513E+01   -0.2877846E-03   -0.1807059E-03
   -0.2321361E-04    0.1064293E-03    0.7023729E-05   -0.6614978E-02   -0.1326578E-01   -0.1145941E-02   -0.2241001E-05   -0.1455442E+01    0.9125383E-01    0.2137060E+01   -0.9810058E+01    0.3591910E+01    0.3779424E+01   -0.1601074E+01   -0.1533272E+01    0.6897582E-01    0.2626572E+01    0.1701895E+02    0.2516731E+02   -0.8268156E-05    0.2583888E-02
    0.2719157E-04    0.6411412E-04    0.8912500E-04   -0.1936910E-02   -0.1905857E-02    0.2887011E-03    0.7517440E-03   -0.1790347E+02    0.1359547E+00    0.2038733E+01   -0.1829807E+02    0.2823306E+01    0.4920178E+01    0.1357686E+02   -0.1174475E+01    0.1390393E+00    0.1827513E+01    0.2516731E+02    0.5328057E+02    0.9125639E-04    0.4568443E-02
    0.1935153E-08   -0.1653451E-07    0.1587217E-08   -0.1909929E-06   -0.1436803E-06   -0.2046834E-06    0.1331397E-08   -0.3188151E-03    0.5924075E-05    0.1884060E-03    0.6343903E-02    0.1421941E-06    0.7006924E-03    0.7681734E-03   -0.7739126E-04    0.3108244E-03   -0.2877846E-03   -0.8268156E-05    0.9125639E-04    0.6132981E-06   -0.1839383E-07
   -0.2083762E-07    0.7437640E-07   -0.1188544E-07   -0.4335119E-05   -0.8616076E-05   -0.6897093E-06   -0.2726701E-07    0.4604712E-02   -0.2444482E-04   -0.3477574E-03    0.4105224E-02    0.2225535E-03   -0.2660737E-02   -0.7946772E-02    0.1745904E-03   -0.4819946E-04   -0.1807059E-03    0.2583888E-02    0.4568443E-02   -0.1839383E-07    0.2131847E-05
