# omegabh2 omegach2 theta tau w wa logA ns calPlanck acib217 xi asz143 aps100 aps143 aps143217 aps217 aksz kgal100 kgal143 kgal143217 kgal217 galfTE100 galfTE100143 galfTE100217 galfTE143 galfTE143217 galfTE217 cal0 cal2
  1.8660478E-08  -6.9401772E-08   1.1945623E-08   2.3267597E-07  -6.2990876E-07   7.2164645E-06   4.3586372E-07   1.9207547E-07   2.4966210E-08  -7.7260224E-05   1.5806384E-06   1.7556371E-05  -3.6857957E-04  -1.7704414E-04  -2.6495962E-05   3.8703073E-05  -3.7678743E-05  -1.5522957E-06  -1.4992883E-05  -2.1892700E-05  -3.9233536E-06   7.5880438E-08  -3.2323641E-08  -8.5318817E-08  -2.8475918E-07  -4.5306172E-07  -1.3918186E-06   1.0468503E-09  -1.1942037E-09
 -6.9401772E-08   1.1251473E-06  -7.2634079E-08  -2.9377698E-06   7.7102317E-06  -9.7307292E-05  -4.0438024E-06  -2.6803213E-06  -3.7151805E-07   7.6290824E-05  -7.3387825E-07  -9.7093256E-05   1.5572691E-03   6.6212378E-04   2.1244565E-04   1.1221180E-04   1.4032636E-04  -1.7197929E-05   5.4828801E-05   5.9489901E-05   1.6066872E-05  -2.1355756E-07  -8.8099208E-07  -8.0971921E-07   2.9581415E-08   3.5690218E-06   1.4113732E-05  -7.2959153E-11  -5.1252094E-09
  1.1945623E-08  -7.2634079E-08   8.6060971E-08   2.3000353E-07  -1.6914499E-06   1.3949403E-05   4.2319886E-07   2.6800260E-07   2.2280115E-08  -2.1443290E-06  -1.6245853E-06   1.0457668E-05  -1.4735366E-04  -7.3265618E-05  -3.5626400E-05   1.8830634E-05  -3.7954685E-06  -2.1457853E-06  -1.3189283E-06  -1.5606571E-05  -3.0476494E-05   4.5591153E-07   1.3606972E-07  -5.5700944E-08  -8.5499076E-08  -3.1271106E-07   3.3564597E-07  -3.1470558E-10  -4.7403582E-09
  2.3267597E-07  -2.9377698E-06   2.3000353E-07   4.2707294E-05  -6.0248809E-05   4.3501797E-04   7.7324814E-05   9.3773144E-06  -3.1524060E-07  -1.2363087E-03   7.5524096E-06   4.0066991E-04  -1.0346285E-02  -4.1628209E-03  -1.4825092E-03  -3.0212829E-04  -6.3690050E-04   1.3368875E-04  -1.4881216E-04  -4.0840569E-04  -3.7705097E-04   2.6731860E-06   5.3904662E-07  -4.8133179E-06  -1.6710807E-06  -1.7800598E-05  -5.1847506E-05  -9.7925401E-09  -7.1773860E-08
 -6.2990876E-07   7.7102317E-06  -1.6914499E-06  -6.0248809E-05   6.2314341E-03  -2.1243158E-02  -1.1722500E-04  -1.5245980E-05  -5.5128089E-06   1.5086770E-03   7.1719180E-05   1.5536374E-03  -1.7940306E-02  -4.6292520E-03  -3.7880836E-03  -5.6370957E-03  -1.5279274E-03   6.3546154E-04   3.1379295E-03   7.9139803E-03   8.4853775E-03   4.4282526E-05   4.2242484E-05  -8.1177650E-05   3.8354024E-05   5.3266734E-05  -4.0857486E-04  -2.4511642E-07   5.5562467E-07
  7.2164645E-06  -9.7307292E-05   1.3949403E-05   4.3501797E-04  -2.1243158E-02   8.7387268E-02   7.5155396E-04   2.2613251E-04   4.2931902E-05  -1.0565491E-02  -3.2996120E-04   2.0541291E-03  -6.9196134E-02  -2.7755219E-02  -1.0216513E-02   3.2475386E-03  -2.8815490E-03  -3.2352497E-03  -1.5863732E-02  -2.7174375E-02  -2.3221252E-02  -2.1902469E-04  -8.9066643E-05   4.1803322E-04  -1.6380027E-04  -3.1844160E-04   8.8249822E-04   7.9470603E-07  -9.3148965E-07
  4.3586372E-07  -4.0438024E-06   4.2319886E-07   7.7324814E-05  -1.1722500E-04   7.5155396E-04   1.6924455E-04   1.2826156E-05   1.1001564E-05  -2.7250802E-03   4.9638527E-05   3.9754882E-04  -1.2629779E-02  -5.1052269E-03   8.0152455E-05   5.5800083E-03  -1.6277237E-03  -1.7321612E-05  -1.0142663E-03  -1.6989978E-03   3.2724726E-04   8.6608109E-06  -5.2238669E-07  -8.7894675E-06  -4.1267291E-06  -2.5154338E-05  -5.3781752E-05   6.8118895E-08  -1.5953357E-07
  1.9207547E-07  -2.6803213E-06   2.6800260E-07   9.3773144E-06  -1.5245980E-05   2.2613251E-04   1.2826156E-05   1.5263724E-05   8.1462140E-07  -3.7096306E-03   9.0633962E-05   9.2642064E-04  -2.1834648E-02  -5.9953367E-03   1.8553164E-03   4.4766654E-03  -2.2576040E-03   2.5914591E-04  -4.5782337E-04  -5.7475879E-04   5.8081651E-04   6.6437834E-07   2.5090918E-06  -3.5524213E-06  -3.2760959E-06  -7.5503857E-06  -2.1490673E-05  -8.0956021E-08  -4.1817618E-08
  2.4966210E-08  -3.7151805E-07   2.2280115E-08  -3.1524060E-07  -5.5128089E-06   4.2931902E-05   1.1001564E-05   8.1462140E-07   6.2145700E-06   6.1528532E-04  -7.4205031E-06  -6.7235785E-05   4.6262419E-03   7.0263627E-04   3.4560004E-04   1.3546828E-03   5.4207352E-05   2.7711855E-05  -1.0417413E-04  -2.2760474E-04   5.9516482E-04   1.6064990E-06   4.5825783E-08   2.0843408E-06  -6.7561781E-07   9.7108407E-07   1.0572453E-05  -2.0295081E-08   3.7246202E-09
 -7.7260224E-05   7.6290824E-05  -2.1443290E-06  -1.2363087E-03   1.5086770E-03  -1.0565491E-02  -2.7250802E-03  -3.7096306E-03   6.1528532E-04   4.2477524E+01  -3.7059656E-01  -7.9256104E-01   3.2201181E+01   1.5399889E+00  -1.2932492E+01  -5.2990422E+01  -5.5620650E-02   1.0406089E-01   6.0669577E-01  -5.3621123E+00  -3.1492259E+01   4.6186649E-03   1.1515907E-03   3.1414006E-03  -5.2994396E-03  -1.1913285E-02  -8.9655320E-04  -2.6931506E-04   7.1873880E-04
  1.5806384E-06  -7.3387825E-07  -1.6245853E-06   7.5524096E-06   7.1719180E-05  -3.2996120E-04   4.9638527E-05   9.0633962E-05  -7.4205031E-06  -3.7059656E-01   7.9092200E-02  -3.6053128E-02  -5.3777399E-01   8.7327471E-01   1.6594444E+00   6.1796824E-01   3.0227867E-02  -5.6505333E-03   3.2922138E-03   1.0539640E-01   1.3890560E-01  -7.9272413E-05  -2.2017935E-05  -3.3195279E-04  -2.8540445E-04   7.3899635E-04   1.5703504E-03   7.3169271E-06   2.1928948E-07
  1.7556371E-05  -9.7093256E-05   1.0457668E-05   4.0066991E-04   1.5536374E-03   2.0541291E-03   3.9754882E-04   9.2642064E-04  -6.7235785E-05  -7.9256104E-01  -3.6053128E-02   3.9320959E+00  -2.9232049E+01  -3.1014128E+00   7.9896199E+00   5.2601534E+00  -2.7246455E+00  -2.1652653E-01   1.5514180E-01   2.7070212E+00   3.2903765E+00   2.9987117E-04  -9.8329050E-04  -3.6768468E-05  -2.7606015E-03  -1.0604210E-03  -8.9122393E-03   1.0466690E-04  -4.1590531E-05
 -3.6857957E-04   1.5572691E-03  -1.4735366E-04  -1.0346285E-02  -1.7940306E-02  -6.9196134E-02  -1.2629779E-02  -2.1834648E-02   4.6262419E-03   3.2201181E+01  -5.3777399E-01  -2.9232049E+01   7.4713083E+02   6.5971145E+01  -5.3520778E+01  -5.6618192E+01   1.2667616E+01  -5.2406324E+00   5.9899922E+00  -1.0188551E+01  -1.8250772E+01  -2.2302654E-03   2.4087227E-02   1.9368735E-02   6.3106526E-02   1.5868148E-02   1.7938702E-01   3.5469805E-03   4.6572319E-04
 -1.7704414E-04   6.6212378E-04  -7.3265618E-05  -4.1628209E-03  -4.6292520E-03  -2.7755219E-02  -5.1052269E-03  -5.9953367E-03   7.0263627E-04   1.5399889E+00   8.7327471E-01  -3.1014128E+00   6.5971145E+01   6.0644240E+01   3.9240421E+01   1.5131586E+01  -5.5171262E+00  -4.5266982E-01  -1.6071038E+00   3.5693742E+00   5.0350155E+00   3.1235543E-03   3.4515412E-03   6.5525966E-04  -6.7606521E-04   2.5874813E-03   6.1614372E-02   5.2668534E-05   1.3413211E-04
 -2.6495962E-05   2.1244565E-04  -3.5626400E-05  -1.4825092E-03  -3.7880836E-03  -1.0216513E-02   8.0152455E-05   1.8553164E-03   3.4560004E-04  -1.2932492E+01   1.6594444E+00   7.9896199E+00  -5.3520778E+01   3.9240421E+01   8.5099468E+01   5.2868375E+01  -1.2304379E+01  -9.2373446E-01  -1.0886742E+00   4.9524598E+00   8.3236804E+00   4.3008385E-03   5.2067649E-04  -5.0239140E-03  -8.1195847E-03   5.3015400E-03   3.4110413E-02   4.5077743E-04  -4.1405870E-04
  3.8703073E-05   1.1221180E-04   1.8830634E-05  -3.0212829E-04  -5.6370957E-03   3.2475386E-03   5.5800083E-03   4.4766654E-03   1.3546828E-03  -5.2990422E+01   6.1796824E-01   5.2601534E+00  -5.6618192E+01   1.5131586E+01   5.2868375E+01   1.0156642E+02  -9.3878980E+00  -5.3637840E-01  -1.4931441E+00   4.9346605E+00   3.1527556E+01  -2.7632763E-03   1.2188443E-03   9.8750160E-06   8.6919037E-03   1.3598638E-02   2.1716620E-02   4.9694097E-04  -1.3735305E-03
 -3.7678743E-05   1.4032636E-04  -3.7954685E-06  -6.3690050E-04  -1.5279274E-03  -2.8815490E-03  -1.6277237E-03  -2.2576040E-03   5.4207352E-05  -5.5620650E-02   3.0227867E-02  -2.7246455E+00   1.2667616E+01  -5.5171262E+00  -1.2304379E+01  -9.3878980E+00   5.8765285E+00   1.6210698E-01  -9.7340509E-02  -2.1701860E+00  -2.4934588E+00  -1.7633204E-03  -1.3900656E-03  -8.8266556E-05   8.8494228E-04   9.7891378E-04   1.6339627E-03  -4.4085725E-05   7.0286872E-06
 -1.5522957E-06  -1.7197929E-05  -2.1457853E-06   1.3368875E-04   6.3546154E-04  -3.2352497E-03  -1.7321612E-05   2.5914591E-04   2.7711855E-05   1.0406089E-01  -5.6505333E-03  -2.1652653E-01  -5.2406324E+00  -4.5266982E-01  -9.2373446E-01  -5.3637840E-01   1.6210698E-01   3.2359545E+00   5.1631338E-01   1.2337445E-01   6.1467078E-02  -1.8370290E-03  -7.1882079E-04  -4.9932787E-04  -1.0392429E-03  -2.3911507E-03  -1.4996260E-02   1.8686801E-04  -1.1109310E-06
 -1.4992883E-05   5.4828801E-05  -1.3189283E-06  -1.4881216E-04   3.1379295E-03  -1.5863732E-02  -1.0142663E-03  -4.5782337E-04  -1.0417413E-04   6.0669577E-01   3.2922138E-03   1.5514180E-01   5.9899922E+00  -1.6071038E+00  -1.0886742E+00  -1.4931441E+00  -9.7340509E-02   5.1631338E-01   3.1410887E+00   2.6746259E+00   2.6018609E+00   3.9799951E-04  -1.6684502E-04  -1.0749686E-03  -1.5309495E-04   1.8149948E-03  -4.9833216E-03  -1.8619706E-04  -4.6576225E-05
 -2.1892700E-05   5.9489901E-05  -1.5606571E-05  -4.0840569E-04   7.9139803E-03  -2.7174375E-02  -1.6989978E-03  -5.7475879E-04  -2.2760474E-04  -5.3621123E+00   1.0539640E-01   2.7070212E+00  -1.0188551E+01   3.5693742E+00   4.9524598E+00   4.9346605E+00  -2.1701860E+00   1.2337445E-01   2.6746259E+00   1.0788063E+01   1.9043770E+01  -2.0875701E-04  -5.5545540E-04  -2.3549097E-03  -1.8610393E-03   7.8112979E-03   9.3074460E-03  -1.9995593E-05   4.3898089E-04
 -3.9233536E-06   1.6066872E-05  -3.0476494E-05  -3.7705097E-04   8.4853775E-03  -2.3221252E-02   3.2724726E-04   5.8081651E-04   5.9516482E-04  -3.1492259E+01   1.3890560E-01   3.2903765E+00  -1.8250772E+01   5.0350155E+00   8.3236804E+00   3.1527556E+01  -2.4934588E+00   6.1467078E-02   2.6018609E+00   1.9043770E+01   5.2345024E+01  -4.5917743E-04  -3.5680954E-04  -3.1865284E-03   1.6041583E-03   1.7158465E-02   1.9997573E-02   9.5496623E-05   9.7552135E-04
  7.5880438E-08  -2.1355756E-07   4.5591153E-07   2.6731860E-06   4.4282526E-05  -2.1902469E-04   8.6608109E-06   6.6437834E-07   1.6064990E-06   4.6186649E-03  -7.9272413E-05   2.9987117E-04  -2.2302654E-03   3.1235543E-03   4.3008385E-03  -2.7632763E-03  -1.7633204E-03  -1.8370290E-03   3.9799951E-04  -2.0875701E-04  -4.5917743E-04   1.4483983E-03   2.7001176E-04   3.9651061E-05  -3.8847028E-04  -1.5350937E-04  -6.5064034E-05   6.0382122E-08   4.1919760E-07
 -3.2323641E-08  -8.8099208E-07   1.3606972E-07   5.3904662E-07   4.2242484E-05  -8.9066643E-05  -5.2238669E-07   2.5090918E-06   4.5825783E-08   1.1515907E-03  -2.2017935E-05  -9.8329050E-04   2.4087227E-02   3.4515412E-03   5.2067649E-04   1.2188443E-03  -1.3900656E-03  -7.1882079E-04  -1.6684502E-04  -5.5545540E-04  -3.5680954E-04   2.7001176E-04   8.7796236E-04  -2.3688186E-05   7.3405582E-04  -7.8734718E-06  -9.6600037E-04   3.5952987E-08   1.2986397E-07
 -8.5318817E-08  -8.0971921E-07  -5.5700944E-08  -4.8133179E-06  -8.1177650E-05   4.1803322E-04  -8.7894675E-06  -3.5524213E-06   2.0843408E-06   3.1414006E-03  -3.3195279E-04  -3.6768468E-05   1.9368735E-02   6.5525966E-04  -5.0239140E-03   9.8750160E-06  -8.8266556E-05  -4.9932787E-04  -1.0749686E-03  -2.3549097E-03  -3.1865284E-03   3.9651061E-05  -2.3688186E-05   7.1833685E-03  -2.3911352E-04   6.9760510E-04   4.1836730E-03  -7.7509619E-07  -5.1967036E-07
 -2.8475918E-07   2.9581415E-08  -8.5499076E-08  -1.6710807E-06   3.8354024E-05  -1.6380027E-04  -4.1267291E-06  -3.2760959E-06  -6.7561781E-07  -5.2994396E-03  -2.8540445E-04  -2.7606015E-03   6.3106526E-02  -6.7606521E-04  -8.1195847E-03   8.6919037E-03   8.8494228E-04  -1.0392429E-03  -1.5309495E-04  -1.8610393E-03   1.6041583E-03  -3.8847028E-04   7.3405582E-04  -2.3911352E-04   2.8968778E-03   4.7948539E-04  -1.1820990E-03   3.0823163E-07  -1.0018970E-07
 -4.5306172E-07   3.5690218E-06  -3.1271106E-07  -1.7800598E-05   5.3266734E-05  -3.1844160E-04  -2.5154338E-05  -7.5503857E-06   9.7108407E-07  -1.1913285E-02   7.3899635E-04  -1.0604210E-03   1.5868148E-02   2.5874813E-03   5.3015400E-03   1.3598638E-02   9.7891378E-04  -2.3911507E-03   1.8149948E-03   7.8112979E-03   1.7158465E-02  -1.5350937E-04  -7.8734718E-06   6.9760510E-04   4.7948539E-04   6.5622566E-03   8.0874741E-03  -2.0810140E-07  -1.4140780E-07
 -1.3918186E-06   1.4113732E-05   3.3564597E-07  -5.1847506E-05  -4.0857486E-04   8.8249822E-04  -5.3781752E-05  -2.1490673E-05   1.0572453E-05  -8.9655320E-04   1.5703504E-03  -8.9122393E-03   1.7938702E-01   6.1614372E-02   3.4110413E-02   2.1716620E-02   1.6339627E-03  -1.4996260E-02  -4.9833216E-03   9.3074460E-03   1.9997573E-02  -6.5064034E-05  -9.6600037E-04   4.1836730E-03  -1.1820990E-03   8.0874741E-03   6.9766741E-02  -3.2515865E-07   1.0072244E-06
  1.0468503E-09  -7.2959153E-11  -3.1470558E-10  -9.7925401E-09  -2.4511642E-07   7.9470603E-07   6.8118895E-08  -8.0956021E-08  -2.0295081E-08  -2.6931506E-04   7.3169271E-06   1.0466690E-04   3.5469805E-03   5.2668534E-05   4.5077743E-04   4.9694097E-04  -4.4085725E-05   1.8686801E-04  -1.8619706E-04  -1.9995593E-05   9.5496623E-05   6.0382122E-08   3.5952987E-08  -7.7509619E-07   3.0823163E-07  -2.0810140E-07  -3.2515865E-07   3.7414072E-07  -1.9508414E-09
 -1.1942037E-09  -5.1252094E-09  -4.7403582E-09  -7.1773860E-08   5.5562467E-07  -9.3148965E-07  -1.5953357E-07  -4.1817618E-08   3.7246202E-09   7.1873880E-04   2.1928948E-07  -4.1590531E-05   4.6572319E-04   1.3413211E-04  -4.1405870E-04  -1.3735305E-03   7.0286872E-06  -1.1109310E-06  -4.6576225E-05   4.3898089E-04   9.7552135E-04   4.1919760E-07   1.2986397E-07  -5.1967036E-07  -1.0018970E-07  -1.4140780E-07   1.0072244E-06  -1.9508414E-09   3.8813240E-07
