# omegabh2 omegach2 theta tau logA ns r calPlanck acib217 xi asz143 aps100 aps143 aps143217 aps217 aksz kgal100 kgal143 kgal143217 kgal217 galfEE100 galfEE100143 galfEE100217 galfEE143 galfEE143217 galfEE217 galfTE100 galfTE100143 galfTE100217 galfTE143 galfTE143217 galfTE217 cal0 cal2
    0.2541372E-07   -0.1568455E-06    0.2056536E-07    0.1027556E-05    0.1808718E-05    0.3982518E-06   -0.6133672E-07    0.1526452E-07   -0.1276365E-03    0.1777656E-05    0.2962241E-04   -0.4668253E-03   -0.2376304E-03   -0.3305097E-04    0.7704375E-04   -0.5437960E-04   -0.4378614E-05   -0.9344693E-05   -0.2315303E-04   -0.5997075E-05    0.4685526E-07    0.5413934E-07    0.6084607E-07    0.7420319E-07   -0.2772335E-07    0.1363534E-06   -0.9330560E-07   -0.4752621E-07   -0.2199383E-06   -0.2896639E-06   -0.7796880E-06   -0.2497465E-05    0.4097947E-08   -0.1534558E-07
   -0.1568455E-06    0.2499359E-05   -0.1975142E-06   -0.1166659E-04   -0.1796830E-04   -0.6032868E-05   -0.5228088E-05   -0.2126613E-06    0.6548568E-03   -0.4223527E-05   -0.1860657E-03    0.2797644E-02    0.1735459E-02    0.6004740E-03   -0.1678156E-03    0.2618403E-03    0.1560007E-04    0.5049570E-06    0.9519189E-04    0.4128968E-04   -0.6285516E-06   -0.7861712E-06   -0.2838869E-06   -0.1060822E-05   -0.1553453E-06   -0.1242653E-05    0.3228131E-06   -0.2665142E-06    0.1801006E-05    0.2055528E-05    0.6328834E-05    0.1894647E-04   -0.8395000E-08    0.9115694E-07
    0.2056536E-07   -0.1975142E-06    0.1019967E-06    0.1054474E-05    0.1761835E-05    0.5919277E-06    0.2779265E-06    0.1060022E-07   -0.5599168E-04   -0.7614240E-06    0.7543233E-05   -0.8247660E-04   -0.1473769E-03   -0.9960352E-04   -0.1256019E-04   -0.1291898E-04    0.4209352E-05    0.2258465E-05    0.2563744E-05    0.3378683E-04    0.5259805E-07    0.4384958E-07    0.1007258E-06    0.5680998E-07   -0.1541903E-06   -0.8361507E-06   -0.1284315E-06   -0.6807263E-07    0.7830907E-07   -0.4758829E-06   -0.5451823E-06   -0.9864434E-06    0.2362732E-08   -0.2051042E-08
    0.1027556E-05   -0.1166659E-04    0.1054474E-05    0.3058218E-03    0.5808981E-03    0.4010895E-04   -0.7617350E-04   -0.1256769E-05   -0.1511944E-01    0.2869394E-03    0.2933083E-02   -0.5375999E-01   -0.1820121E-01    0.4178843E-02    0.1455530E-01   -0.5749308E-02   -0.5021856E-03   -0.9096914E-03   -0.2509847E-02   -0.9064971E-03    0.4473316E-05    0.4641753E-05    0.3874082E-05    0.5784449E-05   -0.2452613E-05    0.1564840E-04   -0.1163781E-04   -0.1134798E-05   -0.1052592E-04   -0.1638000E-04   -0.3048493E-04   -0.1067307E-03    0.1328396E-06   -0.2164807E-05
    0.1808718E-05   -0.1796830E-04    0.1761835E-05    0.5808981E-03    0.1141175E-02    0.6537708E-04   -0.1688349E-03    0.9862241E-05   -0.2933807E-01    0.6376104E-03    0.5437594E-02   -0.9620016E-01   -0.3025932E-01    0.1341677E-01    0.3556658E-01   -0.1179581E-01   -0.1246417E-02   -0.2407977E-02   -0.5261986E-02   -0.4708497E-05    0.8645195E-05    0.8062297E-05    0.7263079E-05    0.1141820E-04   -0.8245579E-05    0.2589117E-04   -0.2187921E-04   -0.4430098E-05   -0.2408758E-04   -0.2823914E-04   -0.4556016E-04   -0.1556229E-03    0.4684215E-06   -0.4286522E-05
    0.3982518E-06   -0.6032868E-05    0.5919277E-06    0.4010895E-04    0.6537708E-04    0.2435338E-04    0.3226182E-04    0.5534623E-06   -0.6079863E-02    0.1371465E-03    0.1485352E-02   -0.2951712E-01   -0.7844102E-02    0.3220018E-02    0.7371838E-02   -0.3100175E-02    0.1971162E-03   -0.2479071E-03   -0.4346916E-03    0.6942438E-03    0.2340706E-05    0.2988236E-05   -0.2013815E-06    0.3713876E-05   -0.1735790E-06    0.2237278E-05   -0.1820656E-05    0.2090719E-05   -0.3012753E-05   -0.1878068E-05   -0.1543142E-04   -0.4477795E-04   -0.9684801E-07   -0.5615666E-06
   -0.6133672E-07   -0.5228088E-05    0.2779265E-06   -0.7617350E-04   -0.1688349E-03    0.3226182E-04    0.1723795E-02    0.2773255E-05   -0.3626551E-02   -0.1334058E-04    0.2295438E-02   -0.2784844E-01   -0.7054494E-02    0.1935936E-02    0.5431721E-02   -0.2795351E-02    0.2046450E-04   -0.1685403E-03    0.1881532E-02    0.3739409E-02   -0.2030174E-04   -0.2403581E-04   -0.1531733E-05   -0.2293776E-04    0.8629254E-05    0.1217403E-04    0.3343342E-04    0.3455184E-04    0.7843112E-05    0.9845961E-04    0.1458289E-04   -0.1165771E-03   -0.2885452E-06   -0.2095682E-06
    0.1526452E-07   -0.2126613E-06    0.1060022E-07   -0.1256769E-05    0.9862241E-05    0.5534623E-06    0.2773255E-05    0.6362189E-05    0.4429475E-03    0.1591471E-04   -0.2235240E-04    0.3265980E-02    0.7707179E-03    0.7465612E-03    0.1796829E-02   -0.3521274E-04   -0.4606466E-04   -0.4654473E-04   -0.1492056E-04    0.8657302E-03    0.7184585E-06    0.5337499E-06    0.2236432E-06    0.1363554E-05   -0.5955007E-06    0.3468108E-06    0.6007251E-06   -0.4341091E-06   -0.3750256E-05    0.3387272E-06   -0.1461292E-06    0.8468985E-05   -0.1236849E-07   -0.4533870E-07
   -0.1276365E-03    0.6548568E-03   -0.5599168E-04   -0.1511944E-01   -0.2933807E-01   -0.6079863E-02   -0.3626551E-02    0.4429475E-03    0.4415680E+02   -0.4974278E+00   -0.1548521E+01    0.4117532E+02    0.1448052E+00   -0.2164241E+02   -0.6197877E+02    0.2346124E+00    0.2122927E-02    0.2740225E-01   -0.1965891E+01   -0.1869751E+02   -0.1675068E-03   -0.2975996E-03    0.5421991E-03   -0.6696956E-03    0.1588320E-04   -0.7718647E-03    0.1281539E-02    0.6147251E-03   -0.6123187E-02   -0.2508948E-02   -0.5509929E-02   -0.1556879E-01   -0.2869458E-03    0.4475148E-02
    0.1777656E-05   -0.4223527E-05   -0.7614240E-06    0.2869394E-03    0.6376104E-03    0.1371465E-03   -0.1334058E-04    0.1591471E-04   -0.4974278E+00    0.8103150E-01   -0.9165986E-01   -0.3038148E+00    0.9978894E+00    0.1804779E+01    0.7367416E+00    0.8283560E-01   -0.1176298E-01    0.1374764E-03    0.7782680E-01    0.1013918E+00    0.3374281E-04    0.3270956E-04   -0.5510413E-04    0.3780207E-04   -0.2568638E-04    0.8738401E-04   -0.9954016E-04   -0.1317046E-03    0.2573473E-03    0.6625489E-04    0.1397953E-03    0.1298240E-02    0.6991133E-05   -0.1357878E-04
    0.2962241E-04   -0.1860657E-03    0.7543233E-05    0.2933083E-02    0.5437594E-02    0.1485352E-02    0.2295438E-02   -0.2235240E-04   -0.1548521E+01   -0.9165986E-01    0.3866248E+01   -0.2965749E+02   -0.3710761E+01    0.7942675E+01    0.7102476E+01   -0.2984130E+01   -0.1419707E+00    0.7427139E-01    0.2508505E+01    0.2226191E+01    0.3024077E-04    0.8120781E-05   -0.4958468E-03   -0.9053327E-05   -0.2613688E-03   -0.1262840E-02   -0.5393362E-03    0.2094006E-04    0.2822866E-04    0.1415945E-02    0.1812820E-03   -0.6925213E-02    0.1671137E-03   -0.3628578E-03
   -0.4668253E-03    0.2797644E-02   -0.8247660E-04   -0.5375999E-01   -0.9620016E-01   -0.2951712E-01   -0.2784844E-01    0.3265980E-02    0.4117532E+02   -0.3038148E+00   -0.2965749E+02    0.7598531E+03    0.6722935E+02   -0.5970169E+02   -0.7277624E+02    0.1498637E+02   -0.4084299E+01    0.3566679E+01   -0.1189977E+02   -0.1630399E+02   -0.1579784E-02   -0.1334248E-02    0.7000329E-02   -0.3854008E-02    0.1407316E-01    0.2765675E-01    0.1664637E-01   -0.5285415E-02   -0.4726651E-02   -0.1147774E-01    0.1747328E-01    0.4369444E-01    0.6029971E-02    0.4183047E-02
   -0.2376304E-03    0.1735459E-02   -0.1473769E-03   -0.1820121E-01   -0.3025932E-01   -0.7844102E-02   -0.7054494E-02    0.7707179E-03    0.1448052E+00    0.9978894E+00   -0.3710761E+01    0.6722935E+02    0.5987229E+02    0.4413332E+02    0.1823235E+02   -0.4942965E+01   -0.3654439E+00   -0.1047164E+01    0.3909914E+01    0.4292066E+01   -0.2883761E-03   -0.1599304E-03   -0.1401025E-03   -0.3214529E-03    0.1352197E-02    0.2518759E-02    0.2364304E-04   -0.2653796E-02    0.5393137E-02   -0.6667073E-03    0.1480581E-01    0.5591441E-01    0.1148870E-03    0.2739225E-03
   -0.3305097E-04    0.6004740E-03   -0.9960352E-04    0.4178843E-02    0.1341677E-01    0.3220018E-02    0.1935936E-02    0.7465612E-03   -0.2164241E+02    0.1804779E+01    0.7942675E+01   -0.5970169E+02    0.4413332E+02    0.9868318E+02    0.6888689E+02   -0.1312961E+02   -0.8017917E+00   -0.4053261E+00    0.4986054E+01    0.6123765E+01    0.5705103E-03    0.7232690E-03   -0.3766654E-02    0.7359842E-03   -0.7413587E-03   -0.1681433E-02   -0.2596077E-02   -0.2766733E-02    0.1201861E-01    0.7851715E-02    0.1691361E-01    0.3210468E-01    0.6932391E-03   -0.2533474E-02
    0.7704375E-04   -0.1678156E-03   -0.1256019E-04    0.1455530E-01    0.3556658E-01    0.7371838E-02    0.5431721E-02    0.1796829E-02   -0.6197877E+02    0.7367416E+00    0.7102476E+01   -0.7277624E+02    0.1823235E+02    0.6888689E+02    0.1245470E+03   -0.1131411E+02   -0.4132420E+00   -0.2493651E+00    0.5614785E-01    0.1595956E+02    0.3512890E-03    0.5465322E-03   -0.3926610E-02    0.1142126E-02   -0.8694341E-05   -0.8018516E-02   -0.3319220E-04    0.5076581E-03    0.1271393E-01    0.9921272E-02    0.2242915E-01    0.3276048E-01    0.6992671E-03   -0.7793316E-02
   -0.5437960E-04    0.2618403E-03   -0.1291898E-04   -0.5749308E-02   -0.1179581E-01   -0.3100175E-02   -0.2795351E-02   -0.3521274E-04    0.2346124E+00    0.8283560E-01   -0.2984130E+01    0.1498637E+02   -0.4942965E+01   -0.1312961E+02   -0.1131411E+02    0.6704608E+01    0.7404877E-01   -0.7613895E-01   -0.2251803E+01   -0.1814711E+01   -0.1184458E-03   -0.2422685E-03    0.8211425E-03   -0.2261526E-03    0.5217290E-03    0.2016511E-02    0.1088845E-02   -0.1988743E-03   -0.1675945E-02   -0.7793433E-03   -0.2431389E-02    0.9147489E-02   -0.1373942E-03    0.1580456E-03
   -0.4378614E-05    0.1560007E-04    0.4209352E-05   -0.5021856E-03   -0.1246417E-02    0.1971162E-03    0.2046450E-04   -0.4606466E-04    0.2122927E-02   -0.1176298E-01   -0.1419707E+00   -0.4084299E+01   -0.3654439E+00   -0.8017917E+00   -0.4132420E+00    0.7404877E-01    0.3510290E+01    0.4066444E+00    0.1035721E+00    0.1923737E+00    0.3757839E-05    0.7085580E-04   -0.2511786E-03    0.5080033E-04    0.5171090E-03    0.2511503E-02    0.2906987E-03    0.3298481E-03   -0.2572703E-02   -0.1416918E-02   -0.1437571E-02   -0.5945182E-02    0.2937439E-03    0.3207869E-05
   -0.9344693E-05    0.5049570E-06    0.2258465E-05   -0.9096914E-03   -0.2407977E-02   -0.2479071E-03   -0.1685403E-03   -0.4654473E-04    0.2740225E-01    0.1374764E-03    0.7427139E-01    0.3566679E+01   -0.1047164E+01   -0.4053261E+00   -0.2493651E+00   -0.7613895E-01    0.4066444E+00    0.3398612E+01    0.2633850E+01    0.1825063E+01    0.1328877E-04    0.3985350E-04    0.4664039E-03   -0.1319107E-03    0.5961770E-03    0.5303639E-03   -0.2786235E-03   -0.4286699E-03    0.7297147E-03   -0.1275596E-02    0.7025247E-03   -0.6571240E-03   -0.2889256E-03   -0.2190945E-03
   -0.2315303E-04    0.9519189E-04    0.2563744E-05   -0.2509847E-02   -0.5261986E-02   -0.4346916E-03    0.1881532E-02   -0.1492056E-04   -0.1965891E+01    0.7782680E-01    0.2508505E+01   -0.1189977E+02    0.3909914E+01    0.4986054E+01    0.5614785E-01   -0.2251803E+01    0.1035721E+00    0.2633850E+01    0.1752315E+02    0.2608179E+02   -0.8579417E-04   -0.9123422E-04    0.8101907E-03   -0.4418618E-04    0.8819968E-03    0.3585708E-02   -0.2849454E-02   -0.1474460E-02    0.1221503E-02   -0.1140353E-02    0.1706395E-02    0.1260201E-02   -0.3017173E-04    0.2522432E-02
   -0.5997075E-05    0.4128968E-04    0.3378683E-04   -0.9064971E-03   -0.4708497E-05    0.6942438E-03    0.3739409E-02    0.8657302E-03   -0.1869751E+02    0.1013918E+00    0.2226191E+01   -0.1630399E+02    0.4292066E+01    0.6123765E+01    0.1595956E+02   -0.1814711E+01    0.1923737E+00    0.1825063E+01    0.2608179E+02    0.5502777E+02   -0.9281591E-04   -0.4834335E-04    0.1246268E-02    0.4484254E-03    0.1709275E-02    0.1100257E-01   -0.5144145E-02   -0.2352686E-02    0.3171637E-02    0.1966524E-03    0.2369555E-02    0.4912231E-02    0.5570827E-04    0.4471270E-02
    0.4685526E-07   -0.6285516E-06    0.5259805E-07    0.4473316E-05    0.8645195E-05    0.2340706E-05   -0.2030174E-04    0.7184585E-06   -0.1675068E-03    0.3374281E-04    0.3024077E-04   -0.1579784E-02   -0.2883761E-03    0.5705103E-03    0.3512890E-03   -0.1184458E-03    0.3757839E-05    0.1328877E-04   -0.8579417E-04   -0.9281591E-04    0.3167108E-04    0.8620733E-05    0.4457549E-06    0.2923776E-05    0.1050885E-05   -0.5108835E-05   -0.1310308E-05   -0.1456811E-05    0.8922989E-06   -0.2596533E-05   -0.1719273E-05   -0.3423023E-05   -0.2910258E-07   -0.3456243E-07
    0.5413934E-07   -0.7861712E-06    0.4384958E-07    0.4641753E-05    0.8062297E-05    0.2988236E-05   -0.2403581E-04    0.5337499E-06   -0.2975996E-03    0.3270956E-04    0.8120781E-05   -0.1334248E-02   -0.1599304E-03    0.7232690E-03    0.5465322E-03   -0.2422685E-03    0.7085580E-04    0.3985350E-04   -0.9123422E-04   -0.4834335E-04    0.8620733E-05    0.2526010E-04   -0.3584756E-06    0.1275536E-04   -0.1846991E-05   -0.7109435E-05   -0.1443832E-05   -0.2388448E-05   -0.1471749E-05   -0.4517497E-05   -0.5927573E-05   -0.5215334E-05   -0.2996606E-07   -0.3762115E-07
    0.6084607E-07   -0.2838869E-06    0.1007258E-06    0.3874082E-05    0.7263079E-05   -0.2013815E-06   -0.1531733E-05    0.2236432E-06    0.5421991E-03   -0.5510413E-04   -0.4958468E-03    0.7000329E-02   -0.1401025E-03   -0.3766654E-02   -0.3926610E-02    0.8211425E-03   -0.2511786E-03    0.4664039E-03    0.8101907E-03    0.1246268E-02    0.4457549E-06   -0.3584756E-06    0.1056365E-02   -0.6792911E-06    0.3217955E-05    0.8957016E-04   -0.6065810E-05   -0.1186976E-04   -0.3330841E-04   -0.1705498E-04    0.3414205E-07    0.8518626E-05   -0.3046268E-06   -0.7647462E-07
    0.7420319E-07   -0.1060822E-05    0.5680998E-07    0.5784449E-05    0.1141820E-04    0.3713876E-05   -0.2293776E-04    0.1363554E-05   -0.6696956E-03    0.3780207E-04   -0.9053327E-05   -0.3854008E-02   -0.3214529E-03    0.7359842E-03    0.1142126E-02   -0.2261526E-03    0.5080033E-04   -0.1319107E-03   -0.4418618E-04    0.4484254E-03    0.2923776E-05    0.1275536E-04   -0.6792911E-06    0.4887693E-04   -0.2852246E-05    0.1124459E-04   -0.6108274E-06   -0.2845158E-05   -0.5014860E-05   -0.4122408E-05   -0.7007947E-06   -0.1741110E-04   -0.7126052E-07    0.2556477E-08
   -0.2772335E-07   -0.1553453E-06   -0.1541903E-06   -0.2452613E-05   -0.8245579E-05   -0.1735790E-06    0.8629254E-05   -0.5955007E-06    0.1588320E-04   -0.2568638E-04   -0.2613688E-03    0.1407316E-01    0.1352197E-02   -0.7413587E-03   -0.8694341E-05    0.5217290E-03    0.5171090E-03    0.5961770E-03    0.8819968E-03    0.1709275E-02    0.1050885E-05   -0.1846991E-05    0.3217955E-05   -0.2852246E-05    0.2177809E-02    0.8205634E-04    0.2095959E-06    0.3890266E-05    0.1698868E-04    0.1643193E-04    0.5576617E-05   -0.9281219E-05    0.1336340E-06    0.6183808E-06
    0.1363534E-06   -0.1242653E-05   -0.8361507E-06    0.1564840E-04    0.2589117E-04    0.2237278E-05    0.1217403E-04    0.3468108E-06   -0.7718647E-03    0.8738401E-04   -0.1262840E-02    0.2765675E-01    0.2518759E-02   -0.1681433E-02   -0.8018516E-02    0.2016511E-02    0.2511503E-02    0.5303639E-03    0.3585708E-02    0.1100257E-01   -0.5108835E-05   -0.7109435E-05    0.8957016E-04    0.1124459E-04    0.8205634E-04    0.1724083E-01   -0.2649129E-04   -0.1493188E-04   -0.6480240E-04   -0.5478627E-07   -0.4080435E-04    0.2725187E-05    0.1284062E-05    0.1947677E-05
   -0.9330560E-07    0.3228131E-06   -0.1284315E-06   -0.1163781E-04   -0.2187921E-04   -0.1820656E-05    0.3343342E-04    0.6007251E-06    0.1281539E-02   -0.9954016E-04   -0.5393362E-03    0.1664637E-01    0.2364304E-04   -0.2596077E-02   -0.3319220E-04    0.1088845E-02    0.2906987E-03   -0.2786235E-03   -0.2849454E-02   -0.5144145E-02   -0.1310308E-05   -0.1443832E-05   -0.6065810E-05   -0.6108274E-06    0.2095959E-06   -0.2649129E-04    0.1437721E-02    0.2899917E-03    0.1030842E-03   -0.4081081E-03   -0.1186592E-03   -0.1344918E-03    0.2910507E-06   -0.3822031E-06
   -0.4752621E-07   -0.2665142E-06   -0.6807263E-07   -0.1134798E-05   -0.4430098E-05    0.2090719E-05    0.3455184E-04   -0.4341091E-06    0.6147251E-03   -0.1317046E-03    0.2094006E-04   -0.5285415E-02   -0.2653796E-02   -0.2766733E-02    0.5076581E-03   -0.1988743E-03    0.3298481E-03   -0.4286699E-03   -0.1474460E-02   -0.2352686E-02   -0.1456811E-05   -0.2388448E-05   -0.1186976E-04   -0.2845158E-05    0.3890266E-05   -0.1493188E-04    0.2899917E-03    0.8449752E-03    0.2637803E-04    0.7371941E-03    0.3492638E-04   -0.7296742E-03   -0.1481298E-06    0.4629217E-07
   -0.2199383E-06    0.1801006E-05    0.7830907E-07   -0.1052592E-04   -0.2408758E-04   -0.3012753E-05    0.7843112E-05   -0.3750256E-05   -0.6123187E-02    0.2573473E-03    0.2822866E-04   -0.4726651E-02    0.5393137E-02    0.1201861E-01    0.1271393E-01   -0.1675945E-02   -0.2572703E-02    0.7297147E-03    0.1221503E-02    0.3171637E-02    0.8922989E-06   -0.1471749E-05   -0.3330841E-04   -0.5014860E-05    0.1698868E-04   -0.6480240E-04    0.1030842E-03    0.2637803E-04    0.7042981E-02   -0.2875152E-03    0.8094220E-03    0.4685343E-02   -0.1292387E-05   -0.6303750E-06
   -0.2896639E-06    0.2055528E-05   -0.4758829E-06   -0.1638000E-04   -0.2823914E-04   -0.1878068E-05    0.9845961E-04    0.3387272E-06   -0.2508948E-02    0.6625489E-04    0.1415945E-02   -0.1147774E-01   -0.6667073E-03    0.7851715E-02    0.9921272E-02   -0.7793433E-03   -0.1416918E-02   -0.1275596E-02   -0.1140353E-02    0.1966524E-03   -0.2596533E-05   -0.4517497E-05   -0.1705498E-04   -0.4122408E-05    0.1643193E-04   -0.5478627E-07   -0.4081081E-03    0.7371941E-03   -0.2875152E-03    0.2939083E-02    0.5257163E-03   -0.8584235E-03    0.2996932E-06    0.3121519E-06
   -0.7796880E-06    0.6328834E-05   -0.5451823E-06   -0.3048493E-04   -0.4556016E-04   -0.1543142E-04    0.1458289E-04   -0.1461292E-06   -0.5509929E-02    0.1397953E-03    0.1812820E-03    0.1747328E-01    0.1480581E-01    0.1691361E-01    0.2242915E-01   -0.2431389E-02   -0.1437571E-02    0.7025247E-03    0.1706395E-02    0.2369555E-02   -0.1719273E-05   -0.5927573E-05    0.3414205E-07   -0.7007947E-06    0.5576617E-05   -0.4080435E-04   -0.1186592E-03    0.3492638E-04    0.8094220E-03    0.5257163E-03    0.6518237E-02    0.7881455E-02   -0.4501023E-06   -0.2676832E-06
   -0.2497465E-05    0.1894647E-04   -0.9864434E-06   -0.1067307E-03   -0.1556229E-03   -0.4477795E-04   -0.1165771E-03    0.8468985E-05   -0.1556879E-01    0.1298240E-02   -0.6925213E-02    0.4369444E-01    0.5591441E-01    0.3210468E-01    0.3276048E-01    0.9147489E-02   -0.5945182E-02   -0.6571240E-03    0.1260201E-02    0.4912231E-02   -0.3423023E-05   -0.5215334E-05    0.8518626E-05   -0.1741110E-04   -0.9281219E-05    0.2725187E-05   -0.1344918E-03   -0.7296742E-03    0.4685343E-02   -0.8584235E-03    0.7881455E-02    0.6658932E-01   -0.2035844E-05   -0.4309561E-05
    0.4097947E-08   -0.8395000E-08    0.2362732E-08    0.1328396E-06    0.4684215E-06   -0.9684801E-07   -0.2885452E-06   -0.1236849E-07   -0.2869458E-03    0.6991133E-05    0.1671137E-03    0.6029971E-02    0.1148870E-03    0.6932391E-03    0.6992671E-03   -0.1373942E-03    0.2937439E-03   -0.2889256E-03   -0.3017173E-04    0.5570827E-04   -0.2910258E-07   -0.2996606E-07   -0.3046268E-06   -0.7126052E-07    0.1336340E-06    0.1284062E-05    0.2910507E-06   -0.1481298E-06   -0.1292387E-05    0.2996932E-06   -0.4501023E-06   -0.2035844E-05    0.5889669E-06   -0.6620368E-08
   -0.1534558E-07    0.9115694E-07   -0.2051042E-08   -0.2164807E-05   -0.4286522E-05   -0.5615666E-06   -0.2095682E-06   -0.4533870E-07    0.4475148E-02   -0.1357878E-04   -0.3628578E-03    0.4183047E-02    0.2739225E-03   -0.2533474E-02   -0.7793316E-02    0.1580456E-03    0.3207869E-05   -0.2190945E-03    0.2522432E-02    0.4471270E-02   -0.3456243E-07   -0.3762115E-07   -0.7647462E-07    0.2556477E-08    0.6183808E-06    0.1947677E-05   -0.3822031E-06    0.4629217E-07   -0.6303750E-06    0.3121519E-06   -0.2676832E-06   -0.4309561E-05   -0.6620368E-08    0.2102051E-05
