# omegabh2 omegach2 theta tau logA ns calPlanck acib217 xi asz143 aps100 aps143 aps143217 aps217 aksz kgal100 kgal143 kgal143217 kgal217 cal0 cal2
    0.5003473E-07   -0.2501844E-06    0.4589811E-07    0.1568281E-05    0.2700151E-05    0.7617786E-06    0.3212294E-07   -0.2368171E-03    0.2928767E-05    0.5224174E-04   -0.8240018E-03   -0.5661529E-03   -0.2032638E-03    0.3295503E-04   -0.6573079E-04   -0.6583916E-05    0.1203353E-05   -0.1730176E-04    0.3471228E-04    0.6683331E-09   -0.2353649E-07
   -0.2501844E-06    0.4493224E-05   -0.4433906E-06   -0.1552436E-04   -0.2075746E-04   -0.1059273E-04   -0.2252361E-06    0.8966794E-03   -0.6133612E-05   -0.1912347E-03    0.2387946E-02    0.2400393E-02    0.1240318E-02    0.2323325E-03    0.2037731E-03    0.1003438E-03   -0.7605380E-04   -0.1074537E-03   -0.3209222E-03   -0.1531190E-07    0.1024452E-06
    0.4589811E-07   -0.4433906E-06    0.2150987E-06    0.2125861E-05    0.3358334E-05    0.1333097E-05    0.5881734E-10   -0.1376936E-03    0.1079207E-06    0.3142627E-04   -0.3537648E-03   -0.3286797E-03   -0.1693957E-03    0.2912335E-05   -0.3381723E-04   -0.3787061E-05    0.1351122E-04    0.1990563E-04    0.4691418E-04   -0.4137961E-08   -0.1809177E-07
    0.1568281E-05   -0.1552436E-04    0.2125861E-05    0.3018342E-03    0.5658776E-03    0.5230979E-04   -0.1571687E-06   -0.1541130E-01    0.2902080E-03    0.2827924E-02   -0.6438267E-01   -0.2650245E-01   -0.3936141E-02    0.7343986E-02   -0.4487856E-02   -0.8451048E-03   -0.5181260E-03   -0.1124011E-02    0.1781872E-02   -0.2812959E-06   -0.1851970E-05
    0.2700151E-05   -0.2075746E-04    0.3358334E-05    0.5658776E-03    0.1107841E-02    0.7917624E-04    0.1130777E-04   -0.3068689E-01    0.6610069E-03    0.5222284E-02   -0.1190520E+00   -0.4625784E-01   -0.1234072E-02    0.2322899E-01   -0.9317005E-02   -0.1750462E-02   -0.1959959E-02   -0.3082890E-02    0.4949514E-02   -0.2974076E-06   -0.3626758E-05
    0.7617786E-06   -0.1059273E-04    0.1333097E-05    0.5230979E-04    0.7917624E-04    0.3675817E-04    0.8436466E-06   -0.6856985E-02    0.1346808E-03    0.1654497E-02   -0.3308174E-01   -0.1203156E-01    0.4203423E-03    0.5463496E-02   -0.3243265E-02    0.1106736E-03    0.1934745E-04   -0.2462297E-03    0.1325242E-02   -0.2074607E-06   -0.6566039E-06
    0.3212294E-07   -0.2252361E-06    0.5881734E-10   -0.1571687E-06    0.1130777E-04    0.8436466E-06    0.6049985E-05   -0.6033473E-04    0.2078367E-04    0.2200039E-04    0.3258994E-02    0.3006413E-03    0.7637394E-03    0.2110867E-02   -0.7091245E-06   -0.1674402E-04   -0.7186173E-04   -0.3837433E-04    0.1067771E-02    0.2042959E-07   -0.5422452E-07
   -0.2368171E-03    0.8966794E-03   -0.1376936E-03   -0.1541130E-01   -0.3068689E-01   -0.6856985E-02   -0.6033473E-04    0.4396941E+02   -0.4735466E+00   -0.1736555E+01    0.4260562E+02    0.9953741E+00   -0.2076987E+02   -0.6201659E+02    0.6932906E+00   -0.2853136E+00    0.1917172E-01   -0.2269325E+01   -0.1931692E+02   -0.3266456E-03    0.4434739E-02
    0.2928767E-05   -0.6133612E-05    0.1079207E-06    0.2902080E-03    0.6610069E-03    0.1346808E-03    0.2078367E-04   -0.4735466E+00    0.7990495E-01   -0.7078338E-01   -0.5324184E+00    0.1028203E+01    0.1878990E+01    0.7875048E+00    0.5287020E-01   -0.6028511E-02    0.2772158E-02    0.1057965E+00    0.1147953E+00    0.9763424E-05   -0.9982032E-05
    0.5224174E-04   -0.1912347E-03    0.3142627E-04    0.2827924E-02    0.5222284E-02    0.1654497E-02    0.2200039E-04   -0.1736555E+01   -0.7078338E-01    0.3661820E+01   -0.2857429E+02   -0.4113256E+01    0.7360326E+01    0.6594648E+01   -0.2616320E+01   -0.1470284E+00    0.8177746E-01    0.2224448E+01    0.2017410E+01    0.1745923E-03   -0.3682260E-03
   -0.8240018E-03    0.2387946E-02   -0.3537648E-03   -0.6438267E-01   -0.1190520E+00   -0.3308174E-01    0.3258994E-02    0.4260562E+02   -0.5324184E+00   -0.2857429E+02    0.7816480E+03    0.7326032E+02   -0.5583949E+02   -0.6851639E+02    0.1415483E+02   -0.3334992E+01    0.3135981E+01   -0.1172813E+02   -0.1810562E+02    0.6479273E-02    0.3532315E-02
   -0.5661529E-03    0.2400393E-02   -0.3286797E-03   -0.2650245E-01   -0.4625784E-01   -0.1203156E-01    0.3006413E-03    0.9953741E+00    0.1028203E+01   -0.4113256E+01    0.7326032E+02    0.6438822E+02    0.4660905E+02    0.1898345E+02   -0.3949396E+01   -0.5124947E+00   -0.1212840E+01    0.4223761E+01    0.4398824E+01    0.2752561E-03    0.4012780E-03
   -0.2032638E-03    0.1240318E-02   -0.1693957E-03   -0.3936141E-02   -0.1234072E-02    0.4203423E-03    0.7637394E-03   -0.2076987E+02    0.1878990E+01    0.7360326E+01   -0.5583949E+02    0.4660905E+02    0.9984208E+02    0.6847929E+02   -0.1197083E+02   -0.7920689E+00   -0.4385656E+00    0.4839351E+01    0.5886600E+01    0.8744249E-03   -0.2293292E-02
    0.3295503E-04    0.2323325E-03    0.2912335E-05    0.7343986E-02    0.2322899E-01    0.5463496E-02    0.2110867E-02   -0.6201659E+02    0.7875048E+00    0.6594648E+01   -0.6851639E+02    0.1898345E+02    0.6847929E+02    0.1246712E+03   -0.1047273E+02   -0.1198849E+00   -0.3916281E+00   -0.1883057E+00    0.1649104E+02    0.8736864E-03   -0.7711240E-02
   -0.6573079E-04    0.2037731E-03   -0.3381723E-04   -0.4487856E-02   -0.9317005E-02   -0.3243265E-02   -0.7091245E-06    0.6932906E+00    0.5287020E-01   -0.2616320E+01    0.1415483E+02   -0.3949396E+01   -0.1197083E+02   -0.1047273E+02    0.5967263E+01    0.1441336E+00   -0.5809179E-01   -0.1812979E+01   -0.1597957E+01   -0.1168281E-03    0.1853993E-03
   -0.6583916E-05    0.1003438E-03   -0.3787061E-05   -0.8451048E-03   -0.1750462E-02    0.1106736E-03   -0.1674402E-04   -0.2853136E+00   -0.6028511E-02   -0.1470284E+00   -0.3334992E+01   -0.5124947E+00   -0.7920689E+00   -0.1198849E+00    0.1441336E+00    0.3474282E+01    0.4978215E+00    0.2656249E+00    0.4071207E+00    0.3102462E-03   -0.3695857E-04
    0.1203353E-05   -0.7605380E-04    0.1351122E-04   -0.5181260E-03   -0.1959959E-02    0.1934745E-04   -0.7186173E-04    0.1917172E-01    0.2772158E-02    0.8177746E-01    0.3135981E+01   -0.1212840E+01   -0.4385656E+00   -0.3916281E+00   -0.5809179E-01    0.4978215E+00    0.3437679E+01    0.2667023E+01    0.1862057E+01   -0.2964358E-03   -0.2285069E-03
   -0.1730176E-04   -0.1074537E-03    0.1990563E-04   -0.1124011E-02   -0.3082890E-02   -0.2462297E-03   -0.3837433E-04   -0.2269325E+01    0.1057965E+00    0.2224448E+01   -0.1172813E+02    0.4223761E+01    0.4839351E+01   -0.1883057E+00   -0.1812979E+01    0.2656249E+00    0.2667023E+01    0.1731678E+02    0.2595367E+02   -0.1196999E-04    0.2487049E-02
    0.3471228E-04   -0.3209222E-03    0.4691418E-04    0.1781872E-02    0.4949514E-02    0.1325242E-02    0.1067771E-02   -0.1931692E+02    0.1147953E+00    0.2017410E+01   -0.1810562E+02    0.4398824E+01    0.5886600E+01    0.1649104E+02   -0.1597957E+01    0.4071207E+00    0.1862057E+01    0.2595367E+02    0.5508556E+02    0.5906621E-05    0.4411653E-02
    0.6683331E-09   -0.1531190E-07   -0.4137961E-08   -0.2812959E-06   -0.2974076E-06   -0.2074607E-06    0.2042959E-07   -0.3266456E-03    0.9763424E-05    0.1745923E-03    0.6479273E-02    0.2752561E-03    0.8744249E-03    0.8736864E-03   -0.1168281E-03    0.3102462E-03   -0.2964358E-03   -0.1196999E-04    0.5906621E-05    0.6203200E-06   -0.3358098E-07
   -0.2353649E-07    0.1024452E-06   -0.1809177E-07   -0.1851970E-05   -0.3626758E-05   -0.6566039E-06   -0.5422452E-07    0.4434739E-02   -0.9982032E-05   -0.3682260E-03    0.3532315E-02    0.4012780E-03   -0.2293292E-02   -0.7711240E-02    0.1853993E-03   -0.3695857E-04   -0.2285069E-03    0.2487049E-02    0.4411653E-02   -0.3358098E-07    0.2094049E-05
