# omegabh2 omegach2 theta tau nnu logA ns calPlanck aps100 aps143 aps217 acib217 asz143 psr cibr xi aksz dust100 dust143 dust217 dust143x217 cal0 cal2 calTE calEE
  3.1245977E-08   1.9938195E-07  -1.6479736E-08   1.5057570E-07   1.5974658E-05   9.4529802E-07   7.0245191E-07   1.5045228E-08  -7.2827104E-05  -2.3994857E-05   1.9760882E-05  -1.6950005E-05   1.0396382E-05   4.5695176E-07   7.3723466E-09   7.8083440E-07  -3.6236212E-06   5.0992092E-07  -1.9980691E-07   4.0323479E-07   4.1541200E-07   5.9248686E-09   3.3658207E-09  -1.5827605E-09  -7.8872929E-08
  1.9938195E-07   6.7841085E-06  -7.1691995E-07  -5.1686301E-07   3.7069374E-04   1.6865693E-05   9.9711512E-06  -2.4083977E-08   8.1836992E-03   5.1308587E-03  -1.3738871E-03   2.5908069E-03  -1.7913092E-04  -1.0580801E-05   4.3272041E-05  -2.5691580E-05   5.0909553E-04   1.5257493E-05   8.4060507E-06  -1.1164727E-05   9.3576512E-06   3.6085659E-08   2.0385661E-07   1.8438665E-06   3.3430367E-06
 -1.6479736E-08  -7.1691995E-07   1.6254787E-07   6.3117598E-08  -4.2100729E-05  -1.6096449E-06  -1.1372552E-06   2.7688398E-08  -9.3368951E-04  -5.3273819E-04   1.5477612E-04  -2.6106128E-04   3.2857207E-05   2.0153671E-06  -5.3541553E-06   1.7332006E-06  -8.1076581E-05  -2.1836329E-06  -2.0405702E-06   7.9413079E-07  -1.2665998E-06   5.3417781E-09  -2.6517973E-08  -2.8116028E-07  -4.1763380E-07
  1.5057570E-07  -5.1686301E-07   6.3117598E-08   4.2344327E-05   2.8794924E-05   8.3469372E-05   5.5161872E-06   8.2610902E-08  -8.7007859E-03  -2.6754575E-03   4.2331517E-03  -3.4525560E-03   1.9224401E-04  -4.4647238E-06  -2.2118632E-05   3.1871626E-05  -4.3294222E-04   2.7418215E-05   1.1302863E-05   3.7165470E-05   1.9757358E-05  -1.1380852E-07  -9.4749231E-08  -2.5675427E-06  -1.6322808E-06
  1.5974658E-05   3.7069374E-04  -4.2100729E-05   2.8794924E-05   2.3828208E-02   1.0553338E-03   7.8194046E-04   1.6777815E-06   5.0157497E-01   3.0061554E-01  -8.3320795E-02   1.4498541E-01  -1.3341186E-02  -9.0964831E-04   2.7188650E-03  -1.5909401E-03   3.7803055E-02   1.0202169E-03   6.7219858E-04  -4.9759124E-04   5.2299597E-04   2.4425011E-06   1.1209318E-05   1.3502585E-04   2.5437478E-04
  9.4529802E-07   1.6865693E-05  -1.6096449E-06   8.3469372E-05   1.0553338E-03   2.4038208E-04   3.7831788E-05   1.2435789E-05   7.4274245E-03   8.3655047E-03   1.2974579E-02  -1.7681631E-03   1.5388491E-04   1.3903214E-07  -6.2775073E-06   2.0867162E-05  -4.2201466E-04   1.0199673E-04  -6.0051950E-05   7.4478934E-05   6.0906780E-05   7.3939489E-07   4.1570385E-07  -3.6120432E-08   7.7657937E-06
  7.0245191E-07   9.9711512E-06  -1.1372552E-06   5.5161872E-06   7.8194046E-04   3.7831788E-05   4.0080620E-05   5.0850118E-07  -5.1754979E-03   3.0151980E-03   5.0810531E-03  -9.9771084E-04   1.9971484E-06   1.7942396E-05   3.0670095E-06   5.3754570E-06  -3.7766487E-04   4.3336507E-05   4.8117130E-06   1.7720479E-05   5.5020787E-06  -2.6328266E-07   8.6132453E-08   4.2161751E-06   6.0739609E-06
  1.5045228E-08  -2.4083977E-08   2.7688398E-08   8.2610902E-08   1.6777815E-06   1.2435789E-05   5.0850118E-07   6.1527720E-06   2.7106528E-03  -1.1435668E-04   1.2679119E-03   4.8791439E-04   6.8972931E-05   1.2442925E-06  -7.6295544E-06  -6.5796533E-06   6.8399858E-06   1.1546170E-05  -4.7717396E-06   5.6501638E-06   2.9073782E-07   9.1214116E-08  -1.0223009E-08  -2.3537510E-07  -2.2922034E-07
 -7.2827104E-05   8.1836992E-03  -9.3368951E-04  -8.7007859E-03   5.0157497E-01   7.4274245E-03  -5.1754979E-03   2.7106528E-03   6.1354633E+02   6.2108975E+01  -5.9617060E+01   3.3577154E+01  -2.4573031E+01  -8.4485405E-01  -1.1265237E-01  -4.1584647E-01   1.2135849E+01  -2.1272820E-01   2.7738412E-01  -2.6977254E-01  -1.9220360E-01   6.7216650E-03   2.7071975E-03   3.8763028E-03   1.0594306E-02
 -2.3994857E-05   5.1308587E-03  -5.3273819E-04  -2.6754575E-03   3.0061554E-01   8.3655047E-03   3.0151980E-03  -1.1435668E-04   6.2108975E+01   6.9519774E+01   8.9167887E+00   7.4690407E+00  -2.9417538E-01  -8.9160460E-03   4.4887060E-01   8.0579041E-01  -8.0217776E+00  -2.9893669E-02  -2.0467879E-01   5.9387826E-02   9.7737890E-02   8.6661969E-04   7.6519320E-04   3.6426106E-03   6.5205452E-03
  1.9760882E-05  -1.3738871E-03   1.5477612E-04   4.2331517E-03  -8.3320795E-02   1.2974579E-02   5.0810531E-03   1.2679119E-03  -5.9617060E+01   8.9167887E+00   1.7300921E+02  -8.3372758E+01   2.3218680E+00   3.4563565E-01  -9.9964118E-01   4.4711662E-01  -6.7310389E+00  -5.0049877E-02  -2.6281960E-01   5.9745780E-01   2.8745848E-02   1.6616128E-03  -7.2050207E-03   2.6102090E-03   2.2830678E-03
 -1.6950005E-05   2.5908069E-03  -2.6106128E-04  -3.4525560E-03   1.4498541E-01  -1.7681631E-03  -9.9771084E-04   4.8791439E-04   3.3577154E+01   7.4690407E+00  -8.3372758E+01   5.3088041E+01   1.9424351E+00  -3.9682920E-02   7.1534189E-01  -3.1948705E-01  -2.8977739E+00   2.5995898E-02   1.6206701E-01  -4.6818464E-01  -1.1634259E-01  -4.6573723E-04   3.0763317E-03  -2.9949970E-04   7.5792395E-04
  1.0396382E-05  -1.7913092E-04   3.2857207E-05   1.9224401E-04  -1.3341186E-02   1.5388491E-04   1.9971484E-06   6.8972931E-05  -2.4573031E+01  -2.9417538E-01   2.3218680E+00   1.9424351E+00   4.3118008E+00   1.0826261E-01   1.5565735E-01  -2.5379914E-02  -3.6320733E+00  -6.6351321E-03  -3.6817644E-03   7.1165378E-03   5.5697166E-02   4.6638560E-04  -1.9951073E-04  -5.0548310E-04  -6.3630730E-04
  4.5695176E-07  -1.0580801E-05   2.0153671E-06  -4.4647238E-06  -9.0964831E-04   1.3903214E-07   1.7942396E-05   1.2442925E-06  -8.4485405E-01  -8.9160460E-03   3.4563565E-01  -3.9682920E-02   1.0826261E-01   1.8264082E-02  -1.7624998E-02   1.4355180E-02  -1.1062514E-01  -3.8114104E-04  -1.1161486E-03  -2.8293487E-03   5.7252188E-03   2.1465472E-05  -3.7773206E-05   1.0772121E-05  -1.1015236E-05
  7.3723466E-09   4.3272041E-05  -5.3541553E-06  -2.2118632E-05   2.7188650E-03  -6.2775073E-06   3.0670095E-06  -7.6295544E-06  -1.1265237E-01   4.4887060E-01  -9.9964118E-01   7.1534189E-01   1.5565735E-01  -1.7624998E-02   6.8637879E-02   8.3168889E-04  -1.6702580E-01   1.0525595E-03   7.4214466E-03   8.5998949E-05  -1.7599889E-02  -1.1357021E-05   9.7259193E-05  -4.6993809E-05   4.7462414E-06
  7.8083440E-07  -2.5691580E-05   1.7332006E-06   3.1871626E-05  -1.5909401E-03   2.0867162E-05   5.3754570E-06  -6.5796533E-06  -4.1584647E-01   8.0579041E-01   4.4711662E-01  -3.1948705E-01  -2.5379914E-02   1.4355180E-02   8.3168889E-04   8.2626618E-02   3.3223611E-02   3.1089551E-04   1.2808457E-03   1.5187588E-03   2.5112134E-03   1.2717742E-05  -8.5889095E-06  -3.1905063E-06  -8.4688048E-06
 -3.6236212E-06   5.0909553E-04  -8.1076581E-05  -4.3294222E-04   3.7803055E-02  -4.2201466E-04  -3.7766487E-04   6.8399858E-06   1.2135849E+01  -8.0217776E+00  -6.7310389E+00  -2.8977739E+00  -3.6320733E+00  -1.1062514E-01  -1.6702580E-01   3.3223611E-02   7.4611069E+00   7.6357127E-03  -5.0003316E-03  -5.6795754E-03  -5.1544376E-02  -3.9772336E-04  -1.7492277E-05   1.4676270E-04   7.4098127E-04
  5.0992092E-07   1.5257493E-05  -2.1836329E-06   2.7418215E-05   1.0202169E-03   1.0199673E-04   4.3336507E-05   1.1546170E-05  -2.1272820E-01  -2.9893669E-02  -5.0049877E-02   2.5995898E-02  -6.6351321E-03  -3.8114104E-04   1.0525595E-03   3.1089551E-04   7.6357127E-03   3.8758591E-02   2.9333285E-03   6.7502352E-05   6.1710022E-04   3.9785889E-05   4.5762616E-06  -5.9886561E-06  -2.2113824E-06
 -1.9980691E-07   8.4060507E-06  -2.0405702E-06   1.1302863E-05   6.7219858E-04  -6.0051950E-05   4.8117130E-06  -4.7717396E-06   2.7738412E-01  -2.0467879E-01  -2.6281960E-01   1.6206701E-01  -3.6817644E-03  -1.1161486E-03   7.4214466E-03   1.2808457E-03  -5.0003316E-03   2.9333285E-03   3.0724508E-02  -8.1655540E-04   4.8218196E-03  -7.6339542E-05  -4.4687825E-05  -7.3277652E-05  -5.9289941E-05
  4.0323479E-07  -1.1164727E-05   7.9413079E-07   3.7165470E-05  -4.9759124E-04   7.4478934E-05   1.7720479E-05   5.6501638E-06  -2.6977254E-01   5.9387826E-02   5.9745780E-01  -4.6818464E-01   7.1165378E-03  -2.8293487E-03   8.5998949E-05   1.5187588E-03  -5.6795754E-03   6.7502352E-05  -8.1655540E-04   1.0615628E-02   8.0095779E-03   3.9841839E-06   5.7994749E-05   3.9973107E-06   2.8766172E-06
  4.1541200E-07   9.3576512E-06  -1.2665998E-06   1.9757358E-05   5.2299597E-04   6.0906780E-05   5.5020787E-06   2.9073782E-07  -1.9220360E-01   9.7737890E-02   2.8745848E-02  -1.1634259E-01   5.5697166E-02   5.7252188E-03  -1.7599889E-02   2.5112134E-03  -5.1544376E-02   6.1710022E-04   4.8218196E-03   8.0095779E-03   2.5547981E-02   3.2061624E-06   5.0253893E-05  -6.6568098E-06  -4.1156909E-06
  5.9248686E-09   3.6085659E-08   5.3417781E-09  -1.1380852E-07   2.4425011E-06   7.3939489E-07  -2.6328266E-07   9.1214116E-08   6.7216650E-03   8.6661969E-04   1.6616128E-03  -4.6573723E-04   4.6638560E-04   2.1465472E-05  -1.1357021E-05   1.2717742E-05  -3.9772336E-04   3.9785889E-05  -7.6339542E-05   3.9841839E-06   3.2061624E-06   1.1159545E-06   4.5379890E-08   2.3267390E-07   5.3835940E-07
  3.3658207E-09   2.0385661E-07  -2.6517973E-08  -9.4749231E-08   1.1209318E-05   4.1570385E-07   8.6132453E-08  -1.0223009E-08   2.7071975E-03   7.6519320E-04  -7.2050207E-03   3.0763317E-03  -1.9951073E-04  -3.7773206E-05   9.7259193E-05  -8.5889095E-06  -1.7492277E-05   4.5762616E-06  -4.4687825E-05   5.7994749E-05   5.0253893E-05   4.5379890E-08   2.4036598E-06   3.9584128E-07   2.2508329E-07
 -1.5827605E-09   1.8438665E-06  -2.8116028E-07  -2.5675427E-06   1.3502585E-04  -3.6120432E-08   4.2161751E-06  -2.3537510E-07   3.8763028E-03   3.6426106E-03   2.6102090E-03  -2.9949970E-04  -5.0548310E-04   1.0772121E-05  -4.6993809E-05  -3.1905063E-06   1.4676270E-04  -5.9886561E-06  -7.3277652E-05   3.9973107E-06  -6.6568098E-06   2.3267390E-07   3.9584128E-07   2.5452012E-05   1.0058288E-05
 -7.8872929E-08   3.3430367E-06  -4.1763380E-07  -1.6322808E-06   2.5437478E-04   7.7657937E-06   6.0739609E-06  -2.2922034E-07   1.0594306E-02   6.5205452E-03   2.2830678E-03   7.5792395E-04  -6.3630730E-04  -1.1015236E-05   4.7462414E-06  -8.4688048E-06   7.4098127E-04  -2.2113824E-06  -5.9289941E-05   2.8766172E-06  -4.1156909E-06   5.3835940E-07   2.2508329E-07   1.0058288E-05   2.6728798E-05
