# omegabh2 omegach2 theta tau nnu logA ns calPlanck acib217 xi asz143 aps100 aps143 aps143217 aps217 aksz kgal100 kgal143 kgal143217 kgal217 galfTE100 galfTE100143 galfTE100217 galfTE143 galfTE143217 galfTE217 cal0 cal2
  2.6418845E-08   1.8625177E-07  -1.4950567E-08   1.9491113E-07   1.4258194E-05   9.2533334E-07   5.6153974E-07   5.8588599E-09   1.3842327E-05   4.5367242E-07   1.3379138E-06   7.6913857E-05   1.8024040E-05  -3.8358914E-06  -2.6351270E-05   6.3941617E-06   9.5118515E-06   3.2163238E-07   4.2225142E-06  -9.2917652E-06  -6.7157609E-08  -2.4589450E-08  -2.5361341E-07  -7.9259572E-08  -6.4508760E-07  -1.2007988E-06   4.9833987E-09  -8.8306191E-11
  1.8625177E-07   7.0028131E-06  -6.7699307E-07  -2.3816778E-06   3.7245391E-04   1.0948534E-05   9.3370015E-06  -3.9472066E-07   2.2928640E-03  -5.5479899E-05  -4.8388784E-04   1.0261989E-02   4.9699674E-03   6.5109324E-04  -1.0880587E-03   9.5087339E-04   2.8111798E-04   2.5922974E-04   4.0533923E-04  -2.3715145E-04  -8.6428114E-07  -9.4839293E-07   8.4850076E-07   6.0121125E-07  -3.2055678E-06   1.3903130E-05  -2.5256103E-08   5.8585464E-08
 -1.4950567E-08  -6.7699307E-07   1.4826080E-07   1.5618541E-07  -3.8819706E-05  -1.1886584E-06  -9.7250906E-07   1.1490878E-08  -2.3019191E-04   4.1565408E-06   5.8520072E-05  -1.0135468E-03  -5.3204725E-04  -8.0134861E-05   7.5703498E-05  -9.4595878E-05  -2.8084364E-05  -3.0075211E-05  -3.1029905E-05   5.6889576E-05   6.4122928E-08   1.2348181E-07  -5.0871353E-07   4.6867756E-07   1.7794745E-07  -2.1773609E-06   2.4150369E-09  -5.1180155E-09
  1.9491113E-07  -2.3816778E-06   1.5618541E-07   5.5085249E-05  -3.4745146E-06   1.0121204E-04   7.7667554E-06  -1.3171595E-06  -2.9051101E-03   6.5477642E-05   5.0506963E-04  -8.1244206E-03  -4.2904674E-03  -3.6925867E-04   1.2334496E-03  -4.6760643E-04  -2.1580502E-04   8.7232680E-06   2.1039383E-04   1.1341700E-03  -2.7777968E-06   3.5855963E-06   1.6319693E-06   3.2683363E-06  -5.0883624E-06   1.0964563E-05   9.9500268E-08  -9.5869295E-08
  1.4258194E-05   3.7245391E-04  -3.8819706E-05  -3.4745146E-06   2.2517973E-02   8.4576258E-04   6.8086167E-04  -1.3386758E-05   1.2986251E-01  -2.8562357E-03  -2.6992804E-02   5.7646792E-01   2.7666240E-01   3.0685381E-02  -6.7215910E-02   5.4206065E-02   1.5686688E-02   1.6153330E-02   2.5799398E-02  -1.1514716E-02  -5.5502361E-05  -3.1289463E-05   7.7680640E-05   6.3362103E-06  -2.4840877E-04   6.8523370E-04  -1.3841372E-06   3.4647979E-06
  9.2533334E-07   1.0948534E-05  -1.1886584E-06   1.0121204E-04   8.4576258E-04   2.4697827E-04   3.5935870E-05   8.5524527E-06  -1.1421550E-05   2.6830415E-05  -7.8363451E-05   1.2013455E-02   3.6935145E-03   2.3874344E-03   3.8560391E-03   5.9122355E-04  -1.4438946E-04   1.1907142E-04   8.0245293E-04   2.6319532E-03  -4.6282136E-06   3.7318241E-06   5.5728464E-06   1.8122382E-06  -1.6831279E-05   5.3141127E-05   3.0145394E-07  -1.0516376E-07
  5.6153974E-07   9.3370015E-06  -9.7250906E-07   7.7667554E-06   6.8086167E-04   3.5935870E-05   3.4046792E-05  -9.9087426E-08   1.1825972E-04   1.0566158E-05   3.6527649E-05  -4.2160986E-03   3.0279446E-03   2.7220145E-03   2.3582018E-03  -5.1921616E-04   7.0449624E-04   1.7311266E-04   6.4293092E-04   8.9631559E-04  -3.2156300E-06  -4.6011599E-07   2.1872018E-06   2.4913617E-07  -9.4232742E-06   6.6525788E-06  -9.8740572E-08   7.3183686E-08
  5.8588599E-09  -3.9472066E-07   1.1490878E-08  -1.3171595E-06  -1.3386758E-05   8.5524527E-06  -9.9087426E-08   6.0717363E-06   8.7332879E-04  -3.3099952E-06  -1.7618583E-05   3.9763678E-03   2.3151582E-04  -6.9655330E-05   5.3036693E-04   4.1850395E-05  -2.3673148E-05   2.8319718E-05  -1.6923353E-05   5.9658292E-04   2.2785114E-06  -2.4282813E-07  -4.9613389E-07  -2.9198842E-06   1.4506506E-06  -9.6719996E-07   4.3734061E-09  -2.2184427E-08
  1.3842327E-05   2.2928640E-03  -2.3019191E-04  -2.9051101E-03   1.2986251E-01  -1.1421550E-05   1.1825972E-04   8.7332879E-04   4.4138089E+01  -3.9015374E-01  -6.3643070E-01   3.5969822E+01   3.0859874E+00  -1.1869794E+01  -5.3334728E+01  -2.5627684E-01   2.1044753E-01   6.4630800E-01  -5.2777352E+00  -3.2195943E+01  -9.2974054E-04  -2.6215071E-03  -1.6190946E-02  -3.4975597E-03  -1.8130233E-03  -3.3572438E-02  -1.9665850E-04   7.9794905E-04
  4.5367242E-07  -5.5479899E-05   4.1565408E-06   6.5477642E-05  -2.8562357E-03   2.6830415E-05   1.0566158E-05  -3.3099952E-06  -3.9015374E-01   8.2288743E-02  -4.6255566E-02  -6.4366081E-01   8.4269918E-01   1.6623101E+00   6.0655920E-01   6.0546149E-02  -9.7585918E-03   1.4515405E-02   8.2443564E-02   9.0535463E-02  -1.8159344E-04  -7.0436742E-05  -1.6956011E-05  -3.4846413E-04   1.4003416E-04   7.4959559E-04   6.4723459E-06  -5.8162294E-06
  1.3379138E-06  -4.8388784E-04   5.8520072E-05   5.0506963E-04  -2.6992804E-02  -7.8363451E-05   3.6527649E-05  -1.7618583E-05  -6.3643070E-01  -4.6255566E-02   3.9967256E+00  -3.1763032E+01  -3.2907379E+00   8.0262217E+00   5.4204888E+00  -3.0293914E+00  -2.4067249E-01   1.4854514E-01   2.5848756E+00   3.0328696E+00   1.0365095E-04  -5.4061832E-04   1.4319350E-03  -1.4058260E-03   3.5149250E-03  -2.0419910E-03   1.1324247E-04  -2.3457905E-05
  7.6913857E-05   1.0261989E-02  -1.0135468E-03  -8.1244206E-03   5.7646792E-01   1.2013455E-02  -4.2160986E-03   3.9763678E-03   3.5969822E+01  -6.4366081E-01  -3.1763032E+01   7.9742750E+02   7.0251198E+01  -6.0638374E+01  -6.3298922E+01   1.6223285E+01  -5.4710744E+00   6.3072730E+00  -1.0000372E+01  -1.9757357E+01   1.4683294E-02   6.9044077E-03  -1.1575718E-02   3.6029461E-03  -9.9822889E-03  -6.4084892E-02   3.5645527E-03   4.0511827E-04
  1.8024040E-05   4.9699674E-03  -5.3204725E-04  -4.2904674E-03   2.7666240E-01   3.6935145E-03   3.0279446E-03   2.3151582E-04   3.0859874E+00   8.4269918E-01  -3.2907379E+00   7.0251198E+01   6.3136851E+01   4.0608103E+01   1.5188253E+01  -5.1227351E+00  -2.8696536E-01  -7.3766129E-01   4.1043183E+00   5.0652937E+00   1.7515471E-03  -2.4671024E-03   5.7796662E-03  -6.2113389E-03   1.1166794E-02   3.1290927E-02  -9.8409734E-05   2.0775557E-04
 -3.8358914E-06   6.5109324E-04  -8.0134861E-05  -3.6925867E-04   3.0685381E-02   2.3874344E-03   2.7220145E-03  -6.9655330E-05  -1.1869794E+01   1.6623101E+00   8.0262217E+00  -6.0638374E+01   4.0608103E+01   8.6983163E+01   5.3538755E+01  -1.2683612E+01  -9.4218259E-01  -2.3808562E-01   4.7736595E+00   7.1492237E+00  -3.6066047E-03  -1.6496362E-03   1.0861549E-02  -3.4000047E-03   1.8512266E-02  -1.6605797E-02   3.3021742E-04  -3.5428196E-04
 -2.6351270E-05  -1.0880587E-03   7.5703498E-05   1.2334496E-03  -6.7215910E-02   3.8560391E-03   2.3582018E-03   5.3036693E-04  -5.3334728E+01   6.0655920E-01   5.4204888E+00  -6.3298922E+01   1.5188253E+01   5.3538755E+01   1.0175171E+02  -9.9224484E+00  -6.3497567E-01  -9.5223785E-01   5.2407026E+00   3.2236256E+01   3.2697992E-04   1.2517036E-03   2.2414383E-02   5.6898650E-03   1.1514248E-02   1.4855759E-02   3.4706557E-04  -1.3853993E-03
  6.3941617E-06   9.5087339E-04  -9.4595878E-05  -4.6760643E-04   5.4206065E-02   5.9122355E-04  -5.1921616E-04   4.1850395E-05  -2.5627684E-01   6.0546149E-02  -3.0293914E+00   1.6223285E+01  -5.1227351E+00  -1.2683612E+01  -9.9224484E+00   6.6301342E+00   2.1485135E-01  -2.4928744E-01  -2.3015108E+00  -2.6472765E+00   4.1955621E-04   1.7058998E-03   2.7091554E-04   1.3448891E-03  -2.9091259E-03   9.3374247E-03  -4.4974826E-05  -2.2340178E-05
  9.5118515E-06   2.8111798E-04  -2.8084364E-05  -2.1580502E-04   1.5686688E-02  -1.4438946E-04   7.0449624E-04  -2.3673148E-05   2.1044753E-01  -9.7585918E-03  -2.4067249E-01  -5.4710744E+00  -2.8696536E-01  -9.4218259E-01  -6.3497567E-01   2.1485135E-01   3.3820830E+00   5.6163479E-01   2.2559899E-01   1.7391829E-01   6.1920869E-04   8.7639833E-04   1.3488653E-03  -2.1644225E-03  -3.9897870E-03   5.0047391E-03   1.7850311E-04   1.8004852E-05
  3.2163238E-07   2.5922974E-04  -3.0075211E-05   8.7232680E-06   1.6153330E-02   1.1907142E-04   1.7311266E-04   2.8319718E-05   6.4630800E-01   1.4515405E-02   1.4854514E-01   6.3072730E+00  -7.3766129E-01  -2.3808562E-01  -9.5223785E-01  -2.4928744E-01   5.6163479E-01   3.1991450E+00   2.7570961E+00   2.6806386E+00  -1.0606215E-04  -8.8456555E-04   5.8904354E-04  -1.8500492E-03  -3.1213024E-03  -2.4898858E-03  -1.8772595E-04  -6.2420132E-05
  4.2225142E-06   4.0533923E-04  -3.1029905E-05   2.1039383E-04   2.5799398E-02   8.0245293E-04   6.4293092E-04  -1.6923353E-05  -5.2777352E+00   8.2443564E-02   2.5848756E+00  -1.0000372E+01   4.1043183E+00   4.7736595E+00   5.2407026E+00  -2.3015108E+00   2.2559899E-01   2.7570961E+00   1.0811035E+01   1.9048635E+01   2.1652023E-03  -2.3992392E-03   1.7853619E-03  -8.7796799E-03   2.7766453E-03   3.0364862E-02  -2.4643658E-05   3.7989894E-04
 -9.2917652E-06  -2.3715145E-04   5.6889576E-05   1.1341700E-03  -1.1514716E-02   2.6319532E-03   8.9631559E-04   5.9658292E-04  -3.2195943E+01   9.0535463E-02   3.0328696E+00  -1.9757357E+01   5.0652937E+00   7.1492237E+00   3.2236256E+01  -2.6472765E+00   1.7391829E-01   2.6806386E+00   1.9048635E+01   5.2612863E+01   4.8400396E-03  -1.4466105E-03   1.3791965E-02  -9.6300594E-03   2.3232254E-03   7.4282859E-02   5.3138763E-05   8.2181545E-04
 -6.7157609E-08  -8.6428114E-07   6.4122928E-08  -2.7777968E-06  -5.5502361E-05  -4.6282136E-06  -3.2156300E-06   2.2785114E-06  -9.2974054E-04  -1.8159344E-04   1.0365095E-04   1.4683294E-02   1.7515471E-03  -3.6066047E-03   3.2697992E-04   4.1955621E-04   6.1920869E-04  -1.0606215E-04   2.1652023E-03   4.8400396E-03   1.4291070E-03   2.9151879E-04   2.3465012E-05  -3.3883321E-04  -5.3099152E-05  -2.7416505E-04   3.2924169E-09  -6.6706824E-08
 -2.4589450E-08  -9.4839293E-07   1.2348181E-07   3.5855963E-06  -3.1289463E-05   3.7318241E-06  -4.6011599E-07  -2.4282813E-07  -2.6215071E-03  -7.0436742E-05  -5.4061832E-04   6.9044077E-03  -2.4671024E-03  -1.6496362E-03   1.2517036E-03   1.7058998E-03   8.7639833E-04  -8.8456555E-04  -2.3992392E-03  -1.4466105E-03   2.9151879E-04   8.8480457E-04   4.2854642E-05   7.3096539E-04   7.7774987E-05  -9.2927608E-04  -3.8324970E-07  -1.2355729E-07
 -2.5361341E-07   8.4850076E-07  -5.0871353E-07   1.6319693E-06   7.7680640E-05   5.5728464E-06   2.1872018E-06  -4.9613389E-07  -1.6190946E-02  -1.6956011E-05   1.4319350E-03  -1.1575718E-02   5.7796662E-03   1.0861549E-02   2.2414383E-02   2.7091554E-04   1.3488653E-03   5.8904354E-04   1.7853619E-03   1.3791965E-02   2.3465012E-05   4.2854642E-05   7.3585739E-03  -3.5308657E-04   4.6117115E-04   4.7100781E-03  -1.7663354E-07   3.4604573E-07
 -7.9259572E-08   6.0121125E-07   4.6867756E-07   3.2683363E-06   6.3362103E-06   1.8122382E-06   2.4913617E-07  -2.9198842E-06  -3.4975597E-03  -3.4846413E-04  -1.4058260E-03   3.6029461E-03  -6.2113389E-03  -3.4000047E-03   5.6898650E-03   1.3448891E-03  -2.1644225E-03  -1.8500492E-03  -8.7796799E-03  -9.6300594E-03  -3.3883321E-04   7.3096539E-04  -3.5308657E-04   2.8485068E-03   5.9538299E-04  -1.1296452E-03  -7.6708533E-07  -8.3155742E-07
 -6.4508760E-07  -3.2055678E-06   1.7794745E-07  -5.0883624E-06  -2.4840877E-04  -1.6831279E-05  -9.4232742E-06   1.4506506E-06  -1.8130233E-03   1.4003416E-04   3.5149250E-03  -9.9822889E-03   1.1166794E-02   1.8512266E-02   1.1514248E-02  -2.9091259E-03  -3.9897870E-03  -3.1213024E-03   2.7766453E-03   2.3232254E-03  -5.3099152E-05   7.7774987E-05   4.6117115E-04   5.9538299E-04   6.3895786E-03   7.3009190E-03   5.2749365E-07   5.1415442E-07
 -1.2007988E-06   1.3903130E-05  -2.1773609E-06   1.0964563E-05   6.8523370E-04   5.3141127E-05   6.6525788E-06  -9.6719996E-07  -3.3572438E-02   7.4959559E-04  -2.0419910E-03  -6.4084892E-02   3.1290927E-02  -1.6605797E-02   1.4855759E-02   9.3374247E-03   5.0047391E-03  -2.4898858E-03   3.0364862E-02   7.4282859E-02  -2.7416505E-04  -9.2927608E-04   4.7100781E-03  -1.1296452E-03   7.3009190E-03   6.9755373E-02  -3.8019119E-07   4.6276254E-06
  4.9833987E-09  -2.5256103E-08   2.4150369E-09   9.9500268E-08  -1.3841372E-06   3.0145394E-07  -9.8740572E-08   4.3734061E-09  -1.9665850E-04   6.4723459E-06   1.1324247E-04   3.5645527E-03  -9.8409734E-05   3.3021742E-04   3.4706557E-04  -4.4974826E-05   1.7850311E-04  -1.8772595E-04  -2.4643658E-05   5.3138763E-05   3.2924169E-09  -3.8324970E-07  -1.7663354E-07  -7.6708533E-07   5.2749365E-07  -3.8019119E-07   3.7992736E-07   7.1238234E-09
 -8.8306191E-11   5.8585464E-08  -5.1180155E-09  -9.5869295E-08   3.4647979E-06  -1.0516376E-07   7.3183686E-08  -2.2184427E-08   7.9794905E-04  -5.8162294E-06  -2.3457905E-05   4.0511827E-04   2.0775557E-04  -3.5428196E-04  -1.3853993E-03  -2.2340178E-05   1.8004852E-05  -6.2420132E-05   3.7989894E-04   8.2181545E-04  -6.6706824E-08  -1.2355729E-07   3.4604573E-07  -8.3155742E-07   5.1415442E-07   4.6276254E-06   7.1238234E-09   3.8703943E-07
