# omegabh2 omegach2 theta tau mnu logA ns calPlanck acib217 xi asz143 aps100 aps143 aps143217 aps217 aksz kgal100 kgal143 kgal143217 kgal217 galfTE100 galfTE100143 galfTE100217 galfTE143 galfTE143217 galfTE217 cal0 cal2
  1.7593859E-08  -4.6322028E-08   1.0339109E-08   1.6500007E-07   3.5900434E-07   3.2459819E-07   1.4830329E-07   1.4971222E-08  -7.9565957E-05   2.0229390E-06   1.9563474E-05  -3.7653814E-04  -1.8232677E-04  -3.0209226E-05   2.4546360E-05  -3.1409671E-05  -5.2491034E-07  -9.9858559E-06  -8.8563003E-06   1.5975304E-05   3.9114754E-08  -2.4598088E-08   8.2192086E-08  -1.9673528E-07  -3.3171815E-07  -2.2640813E-06   1.5352317E-09  -4.9765839E-10
 -4.6322028E-08   8.0577285E-07  -4.3856463E-08  -2.1065469E-06  -4.4024416E-06  -2.7387374E-06  -1.8443565E-06  -1.9158822E-07   8.7002000E-05   4.7564004E-07  -5.0197588E-05   6.2903695E-04   4.6923168E-04   2.7058210E-04   1.0093664E-04   7.8127662E-05   1.6061261E-05   6.1338448E-06  -4.9838805E-05  -1.5098358E-04  -7.6957644E-09   1.1201468E-07   3.8534139E-07   2.2563068E-06   1.6264819E-06   6.8944079E-06  -5.9123918E-10  -7.7612765E-09
  1.0339109E-08  -4.3856463E-08   8.6801258E-08   1.0040080E-07  -2.9529788E-07   2.3635351E-07   2.1262300E-07   2.3071021E-08  -6.1185762E-05   3.1544482E-06   1.5214444E-06  -2.1246901E-04  -9.3965836E-08   6.6499815E-05   8.5504198E-05   1.3092237E-05   2.1790772E-06   6.2814016E-07  -2.5800773E-06   1.2332424E-05  -1.3527308E-07   1.2419062E-07   1.9880958E-07   2.1022683E-07  -2.0543988E-07  -2.2610518E-06   3.1590973E-10   5.9335133E-10
  1.6500007E-07  -2.1065469E-06   1.0040080E-07   4.5120117E-05   4.1216363E-05   8.2825090E-05   7.0258717E-06  -9.7977408E-07  -1.1530848E-03   1.6319206E-05   3.5765640E-04  -6.1377673E-03  -3.2442516E-03  -1.2110680E-03  -5.0292335E-05  -7.7327996E-04  -6.7424953E-06  -1.1990675E-04  -2.8250418E-04  -2.5934860E-04  -7.2308180E-07   5.5829421E-07   1.7038667E-05   9.2408617E-08   1.0162520E-05   2.6470401E-05   4.0649120E-08   4.7223286E-08
  3.5900434E-07  -4.4024416E-06  -2.9529788E-07   4.1216363E-05   1.2826811E-03   8.9437437E-05   8.1873453E-06   8.1613398E-06   1.5067443E-03   2.7895064E-04   1.0468999E-03   7.3021887E-03   3.4024757E-03   8.7125069E-03   4.2141878E-03  -6.2972657E-04  -4.7952522E-04  -1.0669897E-03  -8.4516714E-04  -2.6808098E-03  -1.8551264E-05   4.6364481E-06   1.6878324E-05   4.5914554E-05  -9.1781850E-05  -3.5280895E-04   4.2461362E-07   1.0983211E-07
  3.2459819E-07  -2.7387374E-06   2.3635351E-07   8.2825090E-05   8.9437437E-05   1.8045539E-04   9.4039269E-06   9.7118937E-06  -2.3471253E-03   1.0212381E-04   4.0718417E-04  -5.7423464E-03  -3.6416847E-03   8.2317912E-04   5.3168846E-03  -1.8934062E-03  -1.9700379E-04  -7.9393589E-04  -1.2401323E-03   3.9294633E-04  -2.5170835E-06   2.8668407E-07   3.9773498E-05   4.9308569E-06   1.8457097E-05   7.6785678E-05   2.3902398E-07   3.8055427E-08
  1.4830329E-07  -1.8443565E-06   2.1262300E-07   7.0258717E-06   8.1873453E-06   9.4039269E-06   1.3083858E-05   4.1291124E-07  -4.0411488E-03   8.8471254E-05   8.3280816E-04  -2.1297728E-02  -6.1396547E-03   1.1996332E-03   4.5396322E-03  -2.0863627E-03   1.8964471E-04  -4.7825582E-04  -4.6877304E-04   1.0300332E-03  -3.6976077E-06  -2.2070121E-07  -1.7269444E-06  -5.9373959E-06  -3.6504212E-06  -8.2424407E-06  -6.0825787E-08  -2.8743123E-08
  1.4971222E-08  -1.9158822E-07   2.3071021E-08  -9.7977408E-07   8.1613398E-06   9.7118937E-06   4.1291124E-07   6.0600515E-06   6.9728709E-04   1.1908056E-05  -5.0240703E-05   4.3245762E-03   8.3665829E-04   5.4109389E-04   1.0815201E-03   6.0530425E-05   2.1107610E-05  -2.5117774E-05  -1.8709772E-05   6.7787373E-04  -6.6621230E-07  -7.0126123E-07   2.3108434E-06   1.5891384E-07  -1.8797307E-06   8.7017609E-06   1.3168691E-08  -1.2062005E-08
 -7.9565957E-05   8.7002000E-05  -6.1185762E-05  -1.1530848E-03   1.5067443E-03  -2.3471253E-03  -4.0411488E-03   6.9728709E-04   4.5387784E+01  -4.2365979E-01  -5.3864266E-01   3.3769751E+01   1.0804448E+00  -1.3016536E+01  -5.5260732E+01  -6.0898004E-01   1.7638794E-01   7.6452453E-01  -5.9880047E+00  -3.4349569E+01   7.8827869E-05  -1.5336668E-04  -1.2013844E-02  -1.3963472E-03  -4.8280616E-03   2.4373898E-02  -1.7928986E-04   6.4270775E-04
  2.0229390E-06   4.7564004E-07   3.1544482E-06   1.6319206E-05   2.7895064E-04   1.0212381E-04   8.8471254E-05   1.1908056E-05  -4.2365979E-01   8.0967965E-02  -4.3332040E-02  -5.2688827E-01   9.4829244E-01   1.7108150E+00   6.8745452E-01   4.3235516E-02  -2.5427691E-03   8.1293896E-03   1.1248260E-01   1.7579963E-01  -3.6026874E-04   8.2904188E-06  -6.8055670E-05   2.1686676E-04   1.5072526E-04   5.8389031E-04   1.1394120E-06  -1.8888435E-06
  1.9563474E-05  -5.0197588E-05   1.5214444E-06   3.5765640E-04   1.0468999E-03   4.0718417E-04   8.3280816E-04  -5.0240703E-05  -5.3864266E-01  -4.3332040E-02   3.7874211E+00  -2.9414548E+01  -3.4043804E+00   7.0682591E+00   4.4018450E+00  -2.5115928E+00  -2.2884707E-01   2.0110470E-01   2.6002050E+00   3.1277329E+00  -1.3771198E-03   5.9866223E-04   1.5915594E-03   9.6123174E-04  -7.7459750E-04  -1.1545345E-02   1.0536680E-04  -3.9494753E-05
 -3.7653814E-04   6.2903695E-04  -2.1246901E-04  -6.1377673E-03   7.3021887E-03  -5.7423464E-03  -2.1297728E-02   4.3245762E-03   3.3769751E+01  -5.2688827E-01  -2.9414548E+01   7.6812703E+02   7.0283360E+01  -4.7833763E+01  -5.1436795E+01   1.0985463E+01  -6.4763169E+00   5.5846637E+00  -1.1671173E+01  -2.3813045E+01   3.0600079E-02  -3.2469163E-03   3.3567968E-02  -1.1941333E-02   1.5763653E-02   2.0021771E-01   3.9060569E-03   3.6248418E-04
 -1.8232677E-04   4.6923168E-04  -9.3965836E-08  -3.2442516E-03   3.4024757E-03  -3.6416847E-03  -6.1396547E-03   8.3665829E-04   1.0804448E+00   9.4829244E-01  -3.4043804E+00   7.0283360E+01   6.1750246E+01   4.0993108E+01   1.6404276E+01  -4.9393544E+00  -7.0510571E-01  -1.2403961E+00   3.3100189E+00   4.1218245E+00  -2.3550366E-03   9.9823275E-04   7.8570528E-03   6.9172125E-03   3.6114149E-03   4.2188310E-02   1.5862747E-05   2.7018147E-05
 -3.0209226E-05   2.7058210E-04   6.6499815E-05  -1.2110680E-03   8.7125069E-03   8.2317912E-04   1.1996332E-03   5.4109389E-04  -1.3016536E+01   1.7108150E+00   7.0682591E+00  -4.7833763E+01   4.0993108E+01   8.4110989E+01   5.1735913E+01  -1.1128289E+01  -1.0876417E+00  -5.5014493E-01   4.4786241E+00   7.7395942E+00  -1.2574470E-02   7.4745752E-04   9.3082728E-03   8.5413518E-03   5.5677970E-03   2.7248487E-02   3.5636180E-04  -4.4321375E-04
  2.4546360E-05   1.0093664E-04   8.5504198E-05  -5.0292335E-05   4.2141878E-03   5.3168846E-03   4.5396322E-03   1.0815201E-03  -5.5260732E+01   6.8745452E-01   4.4018450E+00  -5.1436795E+01   1.6404276E+01   5.1735913E+01   1.0195696E+02  -8.2508389E+00  -8.7487449E-01  -1.5087563E+00   5.0519056E+00   3.3428610E+01  -7.0476741E-03   3.3767572E-04   2.2444137E-02   4.4460348E-03   1.0132405E-02  -2.3340664E-03   4.8798917E-04  -1.3052533E-03
 -3.1409671E-05   7.8127662E-05   1.3092237E-05  -7.7327996E-04  -6.2972657E-04  -1.8934062E-03  -2.0863627E-03   6.0530425E-05  -6.0898004E-01   4.3235516E-02  -2.5115928E+00   1.0985463E+01  -4.9393544E+00  -1.1128289E+01  -8.2508389E+00   5.6378585E+00   2.0857918E-01  -2.4266562E-01  -1.8895198E+00  -1.8290197E+00   2.1256542E-03  -5.8128894E-04  -1.5134394E-03   2.4600920E-04   6.4345248E-04  -3.1315757E-03  -8.7313336E-05   1.1927093E-05
 -5.2491034E-07   1.6061261E-05   2.1790772E-06  -6.7424953E-06  -4.7952522E-04  -1.9700379E-04   1.8964471E-04   2.1107610E-05   1.7638794E-01  -2.5427691E-03  -2.2884707E-01  -6.4763169E+00  -7.0510571E-01  -1.0876417E+00  -8.7487449E-01   2.0857918E-01   3.3009243E+00   5.3507420E-01   1.2385949E-01   1.4922452E-02   9.5920100E-04   8.1482012E-04   3.0380342E-04  -9.7100688E-04  -2.3821204E-04  -2.5756004E-03   1.8860461E-04  -1.1053182E-05
 -9.9858559E-06   6.1338448E-06   6.2814016E-07  -1.1990675E-04  -1.0669897E-03  -7.9393589E-04  -4.7825582E-04  -2.5117774E-05   7.6452453E-01   8.1293896E-03   2.0110470E-01   5.5846637E+00  -1.2403961E+00  -5.5014493E-01  -1.5087563E+00  -2.4266562E-01   5.3507420E-01   3.1810999E+00   2.7663458E+00   2.7862301E+00   1.0884604E-04   9.5720899E-05  -2.5238195E-03  -1.2446546E-03  -2.5270999E-03  -6.1947068E-04  -1.8430494E-04  -2.1063125E-05
 -8.8563003E-06  -4.9838805E-05  -2.5800773E-06  -2.8250418E-04  -8.4516714E-04  -1.2401323E-03  -4.6877304E-04  -1.8709772E-05  -5.9880047E+00   1.1248260E-01   2.6002050E+00  -1.1671173E+01   3.3100189E+00   4.4786241E+00   5.0519056E+00  -1.8895198E+00   1.2385949E-01   2.7663458E+00   1.1089508E+01   2.0000151E+01  -8.1171540E-04   9.5447212E-04  -2.5045008E-03   1.5024514E-03  -4.3465192E-03  -1.3878727E-02  -4.5519311E-05   4.3325916E-04
  1.5975304E-05  -1.5098358E-04   1.2332424E-05  -2.5934860E-04  -2.6808098E-03   3.9294633E-04   1.0300332E-03   6.7787373E-04  -3.4349569E+01   1.7579963E-01   3.1277329E+00  -2.3813045E+01   4.1218245E+00   7.7395942E+00   3.3428610E+01  -1.8290197E+00   1.4922452E-02   2.7862301E+00   2.0000151E+01   5.5595246E+01   1.2618037E-04   1.2101445E-03   4.9568087E-03   3.8689782E-03  -5.6591178E-03  -2.2916103E-02   4.6862369E-07   1.0055021E-03
  3.9114754E-08  -7.6957644E-09  -1.3527308E-07  -7.2308180E-07  -1.8551264E-05  -2.5170835E-06  -3.6976077E-06  -6.6621230E-07   7.8827869E-05  -3.6026874E-04  -1.3771198E-03   3.0600079E-02  -2.3550366E-03  -1.2574470E-02  -7.0476741E-03   2.1256542E-03   9.5920100E-04   1.0884604E-04  -8.1171540E-04   1.2618037E-04   1.4953553E-03   2.9359316E-04   1.3005357E-04  -3.6103628E-04  -9.6304046E-05  -1.8509071E-04   6.2217703E-07  -5.0724072E-08
 -2.4598088E-08   1.1201468E-07   1.2419062E-07   5.5829421E-07   4.6364481E-06   2.8668407E-07  -2.2070121E-07  -7.0126123E-07  -1.5336668E-04   8.2904188E-06   5.9866223E-04  -3.2469163E-03   9.9823275E-04   7.4745752E-04   3.3767572E-04  -5.8128894E-04   8.1482012E-04   9.5720899E-05   9.5447212E-04   1.2101445E-03   2.9359316E-04   8.5155325E-04   4.0803579E-05   7.3227647E-04   4.5897561E-05  -7.1851191E-04   1.6693300E-07   1.4976544E-07
  8.2192086E-08   3.8534139E-07   1.9880958E-07   1.7038667E-05   1.6878324E-05   3.9773498E-05  -1.7269444E-06   2.3108434E-06  -1.2013844E-02  -6.8055670E-05   1.5915594E-03   3.3567968E-02   7.8570528E-03   9.3082728E-03   2.2444137E-02  -1.5134394E-03   3.0380342E-04  -2.5238195E-03  -2.5045008E-03   4.9568087E-03   1.3005357E-04   4.0803579E-05   7.4007896E-03  -2.4025321E-04   6.4794065E-04   4.0121322E-03   4.9506727E-07  -9.0421558E-07
 -1.9673528E-07   2.2563068E-06   2.1022683E-07   9.2408617E-08   4.5914554E-05   4.9308569E-06  -5.9373959E-06   1.5891384E-07  -1.3963472E-03   2.1686676E-04   9.6123174E-04  -1.1941333E-02   6.9172125E-03   8.5413518E-03   4.4460348E-03   2.4600920E-04  -9.7100688E-04  -1.2446546E-03   1.5024514E-03   3.8689782E-03  -3.6103628E-04   7.3227647E-04  -2.4025321E-04   2.8753219E-03   4.8167153E-04  -9.6624175E-04  -2.1359756E-07   2.7487165E-08
 -3.3171815E-07   1.6264819E-06  -2.0543988E-07   1.0162520E-05  -9.1781850E-05   1.8457097E-05  -3.6504212E-06  -1.8797307E-06  -4.8280616E-03   1.5072526E-04  -7.7459750E-04   1.5763653E-02   3.6114149E-03   5.5677970E-03   1.0132405E-02   6.4345248E-04  -2.3821204E-04  -2.5270999E-03  -4.3465192E-03  -5.6591178E-03  -9.6304046E-05   4.5897561E-05   6.4794065E-04   4.8167153E-04   6.5513716E-03   8.2898275E-03   9.0385650E-07  -7.7684723E-07
 -2.2640813E-06   6.8944079E-06  -2.2610518E-06   2.6470401E-05  -3.5280895E-04   7.6785678E-05  -8.2424407E-06   8.7017609E-06   2.4373898E-02   5.8389031E-04  -1.1545345E-02   2.0021771E-01   4.2188310E-02   2.7248487E-02  -2.3340664E-03  -3.1315757E-03  -2.5756004E-03  -6.1947068E-04  -1.3878727E-02  -2.2916103E-02  -1.8509071E-04  -7.1851191E-04   4.0121322E-03  -9.6624175E-04   8.2898275E-03   7.0697620E-02   4.0004441E-06   3.1067451E-06
  1.5352317E-09  -5.9123918E-10   3.1590973E-10   4.0649120E-08   4.2461362E-07   2.3902398E-07  -6.0825787E-08   1.3168691E-08  -1.7928986E-04   1.1394120E-06   1.0536680E-04   3.9060569E-03   1.5862747E-05   3.5636180E-04   4.8798917E-04  -8.7313336E-05   1.8860461E-04  -1.8430494E-04  -4.5519311E-05   4.6862369E-07   6.2217703E-07   1.6693300E-07   4.9506727E-07  -2.1359756E-07   9.0385650E-07   4.0004441E-06   3.8245876E-07  -4.5510978E-09
 -4.9765839E-10  -7.7612765E-09   5.9335133E-10   4.7223286E-08   1.0983211E-07   3.8055427E-08  -2.8743123E-08  -1.2062005E-08   6.4270775E-04  -1.8888435E-06  -3.9494753E-05   3.6248418E-04   2.7018147E-05  -4.4321375E-04  -1.3052533E-03   1.1927093E-05  -1.1053182E-05  -2.1063125E-05   4.3325916E-04   1.0055021E-03  -5.0724072E-08   1.4976544E-07  -9.0421558E-07   2.7487165E-08  -7.7684723E-07   3.1067451E-06  -4.5510978E-09   3.7083834E-07
