# omegabh2 omegach2 theta mnu logA ns
  2.4734977E-07   5.6977212E-07  -3.1446007E-09   6.3919700E-06  -3.2160550E-06  -5.0160544E-08
  5.6977212E-07   4.5740565E-04   4.1782078E-07   1.5032620E-02  -3.5082203E-03  -6.4413888E-05
 -3.1446007E-09   4.1782078E-07   3.6306506E-07   1.8258030E-05  -2.2534668E-06  -1.0850101E-07
  6.3919700E-06   1.5032620E-02   1.8258030E-05   6.2006143E-01  -1.0455538E-01   7.2367382E-04
 -3.2160550E-06  -3.5082203E-03  -2.2534668E-06  -1.0455538E-01   2.8961619E-02   9.6364480E-04
 -5.0160544E-08  -6.4413888E-05  -1.0850101E-07   7.2367382E-04   9.6364480E-04   3.9780017E-04
