# omegabh2 omegach2 theta tau mnu nnu logA ns calPlanck aps100 aps143 aps217 acib217 asz143 psr cibr xi aksz dust100 dust143 dust217 dust143x217 cal0 cal2
  1.3282527E-07   5.6563642E-07  -1.2833023E-08   9.4147385E-07  -3.7183479E-05   7.6268848E-05   4.0777776E-06   4.3628944E-06   4.7760348E-08   2.4508026E-04   1.0491867E-04  -2.3444891E-04   1.4107490E-04   6.8639187E-06  -1.0383969E-06   4.4647722E-06  -1.1040125E-06   2.3380816E-05   1.6961544E-06   1.6872940E-06   2.2735756E-07   5.1087822E-07   1.8277359E-09   1.6975160E-08
  5.6563642E-07   1.5377873E-05  -1.5957641E-06   1.2336298E-06   5.0285776E-05   9.5580417E-04   4.5318293E-05   3.1640958E-05   2.2112683E-07   2.2164601E-02   1.4339534E-02  -4.0553871E-03   6.8832809E-03  -7.4385700E-04  -3.9116503E-05   1.3619724E-04  -3.9224162E-05   1.5416867E-03   1.7657166E-05   2.1355352E-05  -2.7304871E-05   6.9267146E-06  -3.2655655E-08   5.8487365E-07
 -1.2833023E-08  -1.5957641E-06   3.6967063E-07  -5.2623982E-08  -2.6697957E-05  -8.8399102E-05  -4.2158954E-06  -2.1921864E-06  -2.6047140E-08  -2.4527211E-03  -1.5896350E-03   4.5593487E-04  -7.9681042E-04   1.0153789E-04   3.8967836E-06  -1.2542565E-05   3.7793523E-06  -1.6805178E-04  -2.6636263E-06  -1.1949699E-06   4.1747748E-06  -3.1049414E-07  -6.4954836E-10  -6.7025077E-08
  9.4147385E-07   1.2336298E-06  -5.2623982E-08   6.3922549E-05  -5.2114992E-05   5.7093830E-04   1.3317187E-04   4.0820934E-05  -3.5793770E-07   1.4300646E-03  -9.0023558E-04  -4.0689525E-03   1.9034031E-03  -2.2101061E-05  -1.1159202E-05   5.7056240E-05  -9.0614817E-06   3.5374381E-05   1.4087508E-05   2.5223851E-05  -1.3952646E-05  -1.8459131E-05  -2.4404682E-08   1.2344272E-07
 -3.7183479E-05   5.0285776E-05  -2.6697957E-05  -5.2114992E-05   3.0526805E-02  -1.5033418E-02  -1.5755952E-04  -1.3067251E-03   2.1512453E-05   1.6411845E-01   1.3634799E-01   7.3893357E-02   2.9788352E-02  -7.0673378E-03   1.3418456E-04   4.4897035E-04   5.6398882E-04  -3.8859519E-03  -6.2911934E-04  -9.9075153E-04  -5.2709112E-04  -6.9871328E-04   1.4227265E-06  -1.2834953E-06
  7.6268848E-05   9.5580417E-04  -8.8399102E-05   5.7093830E-04  -1.5033418E-02   8.2178891E-02   4.0812018E-03   3.6370126E-03   4.0838690E-05   1.5080610E+00   9.0864121E-01  -3.5404108E-01   4.8202859E-01  -4.5060669E-02  -2.8588202E-03   9.5896793E-03  -3.3351513E-03   1.0484396E-01   1.5626302E-03   1.9255734E-03  -1.6650425E-03   7.9609891E-04   2.9882174E-06   4.2953619E-05
  4.0777776E-06   4.5318293E-05  -4.2158954E-06   1.3317187E-04  -1.5755952E-04   4.0812018E-03   4.2899194E-04   1.8875471E-04   1.2646136E-05   7.0455860E-02   4.0643056E-02  -1.2986191E-02   2.2438759E-02  -1.9794756E-03  -1.1227402E-04   4.6734601E-04  -7.8859962E-05   3.5135419E-03   4.9961779E-05   1.5839712E-05  -7.8988373E-05  -2.5745218E-05   6.0929003E-07   1.8668502E-06
  4.3628944E-06   3.1640958E-05  -2.1921864E-06   4.0820934E-05  -1.3067251E-03   3.6370126E-03   1.8875471E-04   1.9946357E-04   2.3214349E-06   3.0618163E-02   2.3216514E-02  -6.6162315E-03   1.1701612E-02  -8.8930395E-04  -4.3563100E-05   2.5322415E-04  -7.0465408E-05   1.7959280E-03   8.5503551E-05   6.8565894E-05  -2.3440763E-05   2.5673227E-05  -8.3414165E-08   1.2780406E-06
  4.7760348E-08   2.2112683E-07  -2.6047140E-08  -3.5793770E-07   2.1512453E-05   4.0838690E-05   1.2646136E-05   2.3214349E-06   6.2976138E-06   3.8202920E-03   1.4466446E-03   1.1158274E-03   8.1838287E-04  -2.9005771E-05  -2.5646933E-06   7.6744295E-06   6.4763350E-06   3.6684147E-05  -9.5682801E-06  -3.3084424E-06   7.0893680E-06   3.1416926E-06   3.1349032E-08  -1.3014265E-08
  2.4508026E-04   2.2164601E-02  -2.4527211E-03   1.4300646E-03   1.6411845E-01   1.5080610E+00   7.0455860E-02   3.0618163E-02   3.8202920E-03   6.5618186E+02   8.3377086E+01  -6.3877555E+01   4.2681619E+01  -2.6445277E+01  -8.9677557E-01   2.4813452E-02  -3.4599181E-01   1.3895607E+01  -1.2180937E-01   3.7794306E-01  -2.8258904E-01  -9.1699353E-02   6.7048222E-03   3.7437147E-03
  1.0491867E-04   1.4339534E-02  -1.5896350E-03  -9.0023558E-04   1.3634799E-01   9.0864121E-01   4.0643056E-02   2.3216514E-02   1.4466446E-03   8.3377086E+01   8.1962745E+01   3.8941299E+00   1.4712407E+01  -1.2248390E+00  -7.8439521E-02   6.0321542E-01   8.2069181E-01  -6.5159685E+00  -1.0401304E-02  -2.0690823E-01   1.9269138E-02   6.9625988E-02   8.6163900E-04   1.3965789E-03
 -2.3444891E-04  -4.0553871E-03   4.5593487E-04  -4.0689525E-03   7.3893357E-02  -3.5404108E-01  -1.2986191E-02  -6.6162315E-03   1.1158274E-03  -6.3877555E+01   3.8941299E+00   1.7488376E+02  -8.5013204E+01   2.4234368E+00   3.3746223E-01  -1.0771464E+00   3.8430941E-01  -7.0435243E+00   1.9870364E-03  -2.8747527E-01   5.6269181E-01  -4.2417675E-02   1.6165874E-03  -7.7921842E-03
  1.4107490E-04   6.8832809E-03  -7.9681042E-04   1.9034031E-03   2.9788352E-02   4.8202859E-01   2.2438759E-02   1.1701612E-02   8.1838287E-04   4.2681619E+01   1.4712407E+01  -8.5013204E+01   5.6056197E+01   1.5162388E+00  -5.5589629E-02   8.0369181E-01  -2.9858542E-01  -2.3794985E+00   1.0152616E-02   1.7506149E-01  -4.6887676E-01  -9.4067034E-02  -4.7186394E-04   3.4457325E-03
  6.8639187E-06  -7.4385700E-04   1.0153789E-04  -2.2101061E-05  -7.0673378E-03  -4.5060669E-02  -1.9794756E-03  -8.8930395E-04  -2.9005771E-05  -2.6445277E+01  -1.2248390E+00   2.4234368E+00   1.5162388E+00   4.3546626E+00   1.0547403E-01   1.4772942E-01  -4.1378470E-02  -3.6031416E+00  -4.1587831E-03  -1.1453011E-02   9.4222137E-03   5.3388700E-02   4.8641600E-04  -2.1772646E-04
 -1.0383969E-06  -3.9116503E-05   3.8967836E-06  -1.1159202E-05   1.3418456E-04  -2.8588202E-03  -1.1227402E-04  -4.3563100E-05  -2.5646933E-06  -8.9677557E-01  -7.8439521E-02   3.3746223E-01  -5.5589629E-02   1.0547403E-01   1.6587686E-02  -1.6917679E-02   1.1482620E-02  -1.0811321E-01  -3.5067575E-04  -1.5220570E-03  -2.7111381E-03   4.9668391E-03   1.8930205E-05  -3.8345155E-05
  4.4647722E-06   1.3619724E-04  -1.2542565E-05   5.7056240E-05   4.4897035E-04   9.5896793E-03   4.6734601E-04   2.5322415E-04   7.6744295E-06   2.4813452E-02   6.0321542E-01  -1.0771464E+00   8.0369181E-01   1.4772942E-01  -1.6917679E-02   6.8520136E-02   2.3629645E-03  -1.5384367E-01   1.0312277E-03   7.1545056E-03  -7.0344968E-04  -1.7108459E-02  -7.6949851E-06   9.8672822E-05
 -1.1040125E-06  -3.9224162E-05   3.7793523E-06  -9.0614817E-06   5.6398882E-04  -3.3351513E-03  -7.8859962E-05  -7.0465408E-05   6.4763350E-06  -3.4599181E-01   8.2069181E-01   3.8430941E-01  -2.9858542E-01  -4.1378470E-02   1.1482620E-02   2.3629645E-03   8.1682354E-02   3.4167759E-02   8.5479246E-05  -8.8246186E-04   1.1688878E-03   4.5134552E-04   1.4832782E-05  -9.8157305E-06
  2.3380816E-05   1.5416867E-03  -1.6805178E-04   3.5374381E-05  -3.8859519E-03   1.0484396E-01   3.5135419E-03   1.7959280E-03   3.6684147E-05   1.3895607E+01  -6.5159685E+00  -7.0435243E+00  -2.3794985E+00  -3.6031416E+00  -1.0811321E-01  -1.5384367E-01   3.4167759E-02   7.5718150E+00   1.4242185E-03  -2.7036863E-03  -1.6794840E-03  -4.2381997E-02  -3.5728875E-04   1.2665738E-04
  1.6961544E-06   1.7657166E-05  -2.6636263E-06   1.4087508E-05  -6.2911934E-04   1.5626302E-03   4.9961779E-05   8.5503551E-05  -9.5682801E-06  -1.2180937E-01  -1.0401304E-02   1.9870364E-03   1.0152616E-02  -4.1587831E-03  -3.5067575E-04   1.0312277E-03   8.5479246E-05   1.4242185E-03   3.8896981E-02   2.9958323E-03  -1.3897265E-04  -1.0405744E-04   3.8335158E-05  -1.1818811E-06
  1.6872940E-06   2.1355352E-05  -1.1949699E-06   2.5223851E-05  -9.9075153E-04   1.9255734E-03   1.5839712E-05   6.8565894E-05  -3.3084424E-06   3.7794306E-01  -2.0690823E-01  -2.8747527E-01   1.7506149E-01  -1.1453011E-02  -1.5220570E-03   7.1545056E-03  -8.8246186E-04  -2.7036863E-03   2.9958323E-03   3.1343480E-02  -7.4636798E-04   5.2158478E-03  -8.3358856E-05  -4.2889370E-05
  2.2735756E-07  -2.7304871E-05   4.1747748E-06  -1.3952646E-05  -5.2709112E-04  -1.6650425E-03  -7.8988373E-05  -2.3440763E-05   7.0893680E-06  -2.8258904E-01   1.9269138E-02   5.6269181E-01  -4.6887676E-01   9.4222137E-03  -2.7111381E-03  -7.0344968E-04   1.1688878E-03  -1.6794840E-03  -1.3897265E-04  -7.4636798E-04   1.0753517E-02   8.3829113E-03   3.4719894E-06   5.9473069E-05
  5.1087822E-07   6.9267146E-06  -3.1049414E-07  -1.8459131E-05  -6.9871328E-04   7.9609891E-04  -2.5745218E-05   2.5673227E-05   3.1416926E-06  -9.1699353E-02   6.9625988E-02  -4.2417675E-02  -9.4067034E-02   5.3388700E-02   4.9668391E-03  -1.7108459E-02   4.5134552E-04  -4.2381997E-02  -1.0405744E-04   5.2158478E-03   8.3829113E-03   2.6005562E-02  -1.6725222E-06   5.8900322E-05
  1.8277359E-09  -3.2655655E-08  -6.4954836E-10  -2.4404682E-08   1.4227265E-06   2.9882174E-06   6.0929003E-07  -8.3414165E-08   3.1349032E-08   6.7048222E-03   8.6163900E-04   1.6165874E-03  -4.7186394E-04   4.8641600E-04   1.8930205E-05  -7.6949851E-06   1.4832782E-05  -3.5728875E-04   3.8335158E-05  -8.3358856E-05   3.4719894E-06  -1.6725222E-06   1.1424389E-06   6.1448980E-08
  1.6975160E-08   5.8487365E-07  -6.7025077E-08   1.2344272E-07  -1.2834953E-06   4.2953619E-05   1.8668502E-06   1.2780406E-06  -1.3014265E-08   3.7437147E-03   1.3965789E-03  -7.7921842E-03   3.4457325E-03  -2.1772646E-04  -3.8345155E-05   9.8672822E-05  -9.8157305E-06   1.2665738E-04  -1.1818811E-06  -4.2889370E-05   5.9473069E-05   5.8900322E-05   6.1448980E-08   2.4405120E-06
