# omegabh2 omegach2 theta tau alpha1 logA ns calPlanck acib217 xi asz143 aps100 aps143 aps143217 aps217 aksz kgal100 kgal143 kgal143217 kgal217 galfTE100 galfTE100143 galfTE100217 galfTE143 galfTE143217 galfTE217 cal0 cal2
  2.0553067E-08  -3.7411606E-08  -1.2302389E-10   1.6912083E-07  -2.1033530E-08   3.8902435E-07   1.2335062E-08   2.8291688E-09  -5.8492507E-05   1.9154659E-06   9.0172594E-06  -3.1979159E-04  -2.0554802E-04  -7.9418913E-05  -1.7804894E-05  -1.4599998E-05  -4.2182085E-06  -6.0309352E-06  -1.8238107E-05  -2.4096719E-05   4.1532648E-08  -5.5921685E-08  -1.9787681E-07  -1.8053313E-07   5.3843822E-08  -1.0872781E-06   3.5887135E-09  -1.6892077E-09
 -3.7411606E-08   1.3433087E-06  -1.8223491E-07  -1.0223022E-06  -2.2876130E-07   1.9225523E-06  -4.2509591E-06  -5.2806355E-09   9.1526161E-05  -1.5756225E-07  -4.8764330E-05   9.5342242E-04   7.1657691E-04   4.4709899E-04   2.8027130E-04   2.3312089E-05  -5.8870103E-05  -3.7961722E-05  -8.6575693E-05  -1.7963144E-04  -2.7493572E-07  -2.2998575E-07  -1.4872446E-06   1.0452068E-06  -1.3442545E-06  -2.7898883E-06   5.5005877E-09   1.1775245E-09
 -1.2302389E-10  -1.8223491E-07   1.4806785E-07  -5.5806378E-08   1.1221484E-07  -7.5359709E-07   1.1202840E-06   6.8296107E-09  -6.8552141E-05  -1.1744024E-06   2.8611498E-05  -2.3112024E-04  -9.4087486E-05   5.6599199E-05   1.4751664E-04  -4.7934261E-05  -5.1426337E-06   6.1780501E-06   2.5756864E-05   7.2451048E-05  -3.2167850E-07  -5.5383404E-07  -1.4507495E-07  -9.0605050E-07   1.9008048E-08   3.3254029E-06  -1.2570977E-08  -6.6004670E-11
  1.6912083E-07  -1.0223022E-06  -5.5806378E-08   5.9591432E-05  -3.4193433E-07   1.1458318E-04   3.7526455E-06  -1.2812408E-06  -2.4679630E-03   5.9525005E-05   3.2983829E-04  -1.0793185E-02  -3.3265398E-03   8.2477581E-04   2.6179703E-03  -1.0815682E-03  -1.0004051E-04  -2.5819040E-04  -8.5873153E-04  -1.1133489E-03  -1.4982287E-06   8.9591312E-07  -2.9503991E-06  -8.5120421E-06   1.5259541E-06  -9.1418726E-06   3.9476775E-08  -1.7915843E-07
 -2.1033530E-08  -2.2876130E-07   1.1221484E-07  -3.4193433E-07   2.3037150E-07  -1.7344133E-06   1.5687357E-06   2.7676953E-08  -1.5548783E-04   3.2485759E-07   3.8728115E-05  -3.5441414E-04  -1.8575476E-05   1.6375383E-04   2.9090949E-04  -7.2757625E-05   1.6255659E-06   1.9281001E-05   6.2061968E-05   2.0182699E-04  -1.8622729E-07  -4.9363841E-07   1.0951688E-06  -8.5904581E-07   7.4479917E-07   8.0848996E-06  -1.5985011E-08  -1.9042590E-09
  3.8902435E-07   1.9225523E-06  -7.5359709E-07   1.1458318E-04  -1.7344133E-06   2.5975588E-04  -8.6692023E-06   9.2609497E-06  -5.0548135E-03   1.6054855E-04   5.8684674E-04  -1.6470375E-02  -3.1192425E-03   6.1133348E-03   1.1956811E-02  -2.9584592E-03  -5.8139870E-04  -1.1561660E-03  -2.2209063E-03  -1.0994965E-03   4.7657508E-06   2.0482891E-06  -1.1424570E-05  -1.8933874E-05  -1.9897054E-07   6.2426853E-06   3.0816060E-07  -3.6515755E-07
  1.2335062E-08  -4.2509591E-06   1.1202840E-06   3.7526455E-06   1.5687357E-06  -8.6692023E-06   2.6661993E-05   4.3647678E-08  -4.5692091E-03   9.9567262E-05   1.0527294E-03  -2.5204482E-02  -6.8181849E-03   1.8259829E-03   5.2085992E-03  -2.2309192E-03   3.5974751E-04  -1.9054825E-04  -1.9719874E-05   1.8919830E-03  -9.4466485E-07  -8.7247469E-07   5.4672814E-06  -2.9184224E-06   1.8930878E-05   7.5108471E-05  -1.7895046E-07  -8.3716951E-08
  2.8291688E-09  -5.2806355E-09   6.8296107E-09  -1.2812408E-06   2.7676953E-08   9.2609497E-06   4.3647678E-08   5.9193911E-06   5.6665247E-04   1.0011659E-06   8.6477504E-05   2.9146290E-03   8.9212578E-04   1.1358785E-03   1.7142627E-03  -1.6556544E-04   1.1961878E-05   3.4394015E-05   1.7052955E-04   1.0313151E-03   4.1343285E-06   2.0823701E-07   6.2817603E-08  -2.7865403E-06   1.6761206E-06   1.6276156E-05   1.0200121E-08   1.1608214E-08
 -5.8492507E-05   9.1526161E-05  -6.8552141E-05  -2.4679630E-03  -1.5548783E-04  -5.0548135E-03  -4.5692091E-03   5.6665247E-04   4.3630762E+01  -3.8533176E-01  -8.6025461E-01   3.3229250E+01   1.8752554E+00  -1.2464579E+01  -5.3468569E+01  -1.6856810E-01   1.1489762E-01   7.0464895E-01  -5.7146066E+00  -3.2877004E+01  -3.7213050E-03   3.3286568E-03  -1.4325302E-02   8.3342014E-03  -1.0320845E-02  -6.4795777E-02  -2.3137872E-04   6.9267642E-04
  1.9154659E-06  -1.5756225E-07  -1.1744024E-06   5.9525005E-05   3.2485759E-07   1.6054855E-04   9.9567262E-05   1.0011659E-06  -3.8533176E-01   8.1333689E-02  -4.7492472E-02  -4.7151306E-01   8.6025091E-01   1.6269520E+00   5.6191389E-01   5.3385589E-02  -5.7193157E-03   2.2519221E-02   1.3546926E-01   1.8386051E-01  -3.3788688E-04  -1.4157885E-04   5.6315237E-04   3.2573375E-05   7.0364504E-04   3.4842836E-03   7.3809276E-06  -2.7736863E-06
  9.0172594E-06  -4.8764330E-05   2.8611498E-05   3.2983829E-04   3.8728115E-05   5.8684674E-04   1.0527294E-03   8.6477504E-05  -8.6025461E-01  -4.7492472E-02   4.0590922E+00  -3.2170441E+01  -3.1908009E+00   7.9967605E+00   5.5100298E+00  -2.7794380E+00  -2.4785078E-01   5.5767356E-02   2.8219273E+00   3.6101544E+00  -1.5925043E-03   6.4972407E-04   2.7217726E-03   2.8721993E-03  -3.6718292E-03  -2.4693391E-03   1.0370722E-04  -2.6334568E-05
 -3.1979159E-04   9.5342242E-04  -2.3112024E-04  -1.0793185E-02  -3.5441414E-04  -1.6470375E-02  -2.5204482E-02   2.9146290E-03   3.3229250E+01  -4.7151306E-01  -3.2170441E+01   7.8195695E+02   7.2515650E+01  -5.4680765E+01  -5.5283292E+01   1.3984249E+01  -4.1558003E+00   7.2763067E+00  -1.2404818E+01  -2.4709283E+01   1.9165853E-02  -7.9985523E-04  -7.0990267E-03  -1.4719011E-02   1.3774185E-02  -2.5964334E-01   3.4361810E-03   4.6131703E-04
 -2.0554802E-04   7.1657691E-04  -9.4087486E-05  -3.3265398E-03  -1.8575476E-05  -3.1192425E-03  -6.8181849E-03   8.9212578E-04   1.8752554E+00   8.6025091E-01  -3.1908009E+00   7.2515650E+01   5.9004026E+01   3.7819821E+01   1.3813639E+01  -4.6341219E+00  -6.1445767E-01  -1.3148768E+00   3.2354800E+00   3.9936539E+00   2.5871156E-03  -1.7396330E-03   1.7066700E-02  -5.2709665E-05   1.3313153E-03   3.4212617E-02   8.2215186E-05   7.3857227E-05
 -7.9418913E-05   4.4709899E-04   5.6599199E-05   8.2477581E-04   1.6375383E-04   6.1133348E-03   1.8259829E-03   1.1358785E-03  -1.2464579E+01   1.6269520E+00   7.9967605E+00  -5.4680765E+01   3.7819821E+01   8.2732424E+01   5.1048059E+01  -1.1483345E+01  -1.1409144E+00  -6.9329022E-01   5.7186219E+00   9.2860304E+00  -8.2477216E-03  -1.6561085E-03   2.5651158E-02   7.6319746E-03   3.4302227E-03   3.8938376E-02   4.8303046E-04  -3.5936493E-04
 -1.7804894E-05   2.8027130E-04   1.4751664E-04   2.6179703E-03   2.9090949E-04   1.1956811E-02   5.2085992E-03   1.7142627E-03  -5.3468569E+01   5.6191389E-01   5.5100298E+00  -5.5283292E+01   1.3813639E+01   5.1048059E+01   1.0140035E+02  -9.1796184E+00  -7.6012926E-01  -1.4904485E+00   5.1774972E+00   3.2517491E+01   2.7852351E-03  -4.8519550E-03   2.4892140E-02  -6.1178332E-03   1.4486126E-02   7.2850745E-02   5.5906323E-04  -1.3457028E-03
 -1.4599998E-05   2.3312089E-05  -4.7934261E-05  -1.0815682E-03  -7.2757625E-05  -2.9584592E-03  -2.2309192E-03  -1.6556544E-04  -1.6856810E-01   5.3385589E-02  -2.7794380E+00   1.3984249E+01  -4.6341219E+00  -1.1483345E+01  -9.1796184E+00   5.6744230E+00   1.4706954E-01  -1.7291592E-01  -2.0757717E+00  -2.2569585E+00   1.0281690E-04   2.4772824E-04  -6.2272176E-03  -3.9087476E-03  -1.1761599E-03  -1.3112681E-02  -6.2519535E-05   3.8378354E-05
 -4.2182085E-06  -5.8870103E-05  -5.1426337E-06  -1.0004051E-04   1.6255659E-06  -5.8139870E-04   3.5974751E-04   1.1961878E-05   1.1489762E-01  -5.7193157E-03  -2.4785078E-01  -4.1558003E+00  -6.1445767E-01  -1.1409144E+00  -7.6012926E-01   1.4706954E-01   3.4049339E+00   6.8821550E-01   3.5816623E-01   4.6573182E-01   9.0927236E-04  -7.0212428E-04   3.3249479E-03   8.4327163E-05   2.0460113E-03  -4.1619354E-03   1.9904352E-04   1.5745682E-05
 -6.0309352E-06  -3.7961722E-05   6.1780501E-06  -2.5819040E-04   1.9281001E-05  -1.1561660E-03  -1.9054825E-04   3.4394015E-05   7.0464895E-01   2.2519221E-02   5.5767356E-02   7.2763067E+00  -1.3148768E+00  -6.9329022E-01  -1.4904485E+00  -1.7291592E-01   6.8821550E-01   3.2682482E+00   2.7524978E+00   2.7677255E+00   3.3355806E-04  -5.3967623E-04   4.4945362E-03   3.7136396E-03   6.7465053E-04  -8.3296934E-03  -1.8699135E-04  -3.6074463E-06
 -1.8238107E-05  -8.6575693E-05   2.5756864E-05  -8.5873153E-04   6.2061968E-05  -2.2209063E-03  -1.9719874E-05   1.7052955E-04  -5.7146066E+00   1.3546926E-01   2.8219273E+00  -1.2404818E+01   3.2354800E+00   5.7186219E+00   5.1774972E+00  -2.0757717E+00   3.5816623E-01   2.7524978E+00   1.0942068E+01   1.9565702E+01   1.5233778E-03   8.8279939E-04   6.7217848E-03   6.1141468E-03  -4.3378135E-03   9.6526953E-03  -3.1325075E-05   4.4527501E-04
 -2.4096719E-05  -1.7963144E-04   7.2451048E-05  -1.1133489E-03   2.0182699E-04  -1.0994965E-03   1.8919830E-03   1.0313151E-03  -3.2877004E+01   1.8386051E-01   3.6101544E+00  -2.4709283E+01   3.9936539E+00   9.2860304E+00   3.2517491E+01  -2.2569585E+00   4.6573182E-01   2.7677255E+00   1.9565702E+01   5.3947240E+01   7.2836423E-03   2.0677446E-04   1.3421761E-02   1.7911054E-03  -5.3747902E-03   3.1968869E-02   3.6246750E-05   9.8759181E-04
  4.1532648E-08  -2.7493572E-07  -3.2167850E-07  -1.4982287E-06  -1.8622729E-07   4.7657508E-06  -9.4466485E-07   4.1343285E-06  -3.7213050E-03  -3.3788688E-04  -1.5925043E-03   1.9165853E-02   2.5871156E-03  -8.2477216E-03   2.7852351E-03   1.0281690E-04   9.0927236E-04   3.3355806E-04   1.5233778E-03   7.2836423E-03   1.4738311E-03   2.7547774E-04   1.4631352E-04  -3.7769468E-04  -4.2412520E-05  -2.0077267E-05  -4.3635508E-07  -8.3143239E-07
 -5.5921685E-08  -2.2998575E-07  -5.5383404E-07   8.9591312E-07  -4.9363841E-07   2.0482891E-06  -8.7247469E-07   2.0823701E-07   3.3286568E-03  -1.4157885E-04   6.4972407E-04  -7.9985523E-04  -1.7396330E-03  -1.6561085E-03  -4.8519550E-03   2.4772824E-04  -7.0212428E-04  -5.3967623E-04   8.8279939E-04   2.0677446E-04   2.7547774E-04   8.7600033E-04   7.7487376E-05   7.3278925E-04   8.9564571E-05  -5.7872865E-04   2.2699894E-07  -6.5208175E-08
 -1.9787681E-07  -1.4872446E-06  -1.4507495E-07  -2.9503991E-06   1.0951688E-06  -1.1424570E-05   5.4672814E-06   6.2817603E-08  -1.4325302E-02   5.6315237E-04   2.7217726E-03  -7.0990267E-03   1.7066700E-02   2.5651158E-02   2.4892140E-02  -6.2272176E-03   3.3249479E-03   4.4945362E-03   6.7217848E-03   1.3421761E-02   1.4631352E-04   7.7487376E-05   7.2268772E-03  -2.2086357E-04   7.1178534E-04   4.6558546E-03  -1.8444024E-09  -8.6516042E-07
 -1.8053313E-07   1.0452068E-06  -9.0605050E-07  -8.5120421E-06  -8.5904581E-07  -1.8933874E-05  -2.9184224E-06  -2.7865403E-06   8.3342014E-03   3.2573375E-05   2.8721993E-03  -1.4719011E-02  -5.2709665E-05   7.6319746E-03  -6.1178332E-03  -3.9087476E-03   8.4327163E-05   3.7136396E-03   6.1141468E-03   1.7911054E-03  -3.7769468E-04   7.3278925E-04  -2.2086357E-04   2.9191299E-03   5.1030033E-04  -8.0758303E-04   4.8240967E-07   3.5398111E-07
  5.3843822E-08  -1.3442545E-06   1.9008048E-08   1.5259541E-06   7.4479917E-07  -1.9897054E-07   1.8930878E-05   1.6761206E-06  -1.0320845E-02   7.0364504E-04  -3.6718292E-03   1.3774185E-02   1.3313153E-03   3.4302227E-03   1.4486126E-02  -1.1761599E-03   2.0460113E-03   6.7465053E-04  -4.3378135E-03  -5.3747902E-03  -4.2412520E-05   8.9564571E-05   7.1178534E-04   5.1030033E-04   6.1693257E-03   7.9133843E-03   3.4694544E-07  -4.9728750E-09
 -1.0872781E-06  -2.7898883E-06   3.3254029E-06  -9.1418726E-06   8.0848996E-06   6.2426853E-06   7.5108471E-05   1.6276156E-05  -6.4795777E-02   3.4842836E-03  -2.4693391E-03  -2.5964334E-01   3.4212617E-02   3.8938376E-02   7.2850745E-02  -1.3112681E-02  -4.1619354E-03  -8.3296934E-03   9.6526953E-03   3.1968869E-02  -2.0077267E-05  -5.7872865E-04   4.6558546E-03  -8.0758303E-04   7.9133843E-03   7.1758886E-02  -2.7232526E-06  -3.6066451E-07
  3.5887135E-09   5.5005877E-09  -1.2570977E-08   3.9476775E-08  -1.5985011E-08   3.0816060E-07  -1.7895046E-07   1.0200121E-08  -2.3137872E-04   7.3809276E-06   1.0370722E-04   3.4361810E-03   8.2215186E-05   4.8303046E-04   5.5906323E-04  -6.2519535E-05   1.9904352E-04  -1.8699135E-04  -3.1325075E-05   3.6246750E-05  -4.3635508E-07   2.2699894E-07  -1.8444024E-09   4.8240967E-07   3.4694544E-07  -2.7232526E-06   3.7377130E-07   1.8453667E-09
 -1.6892077E-09   1.1775245E-09  -6.6004670E-11  -1.7915843E-07  -1.9042590E-09  -3.6515755E-07  -8.3716951E-08   1.1608214E-08   6.9267642E-04  -2.7736863E-06  -2.6334568E-05   4.6131703E-04   7.3857227E-05  -3.5936493E-04  -1.3457028E-03   3.8378354E-05   1.5745682E-05  -3.6074463E-06   4.4527501E-04   9.8759181E-04  -8.3143239E-07  -6.5208175E-08  -8.6516042E-07   3.5398111E-07  -4.9728750E-09  -3.6066451E-07   1.8453667E-09   3.8328040E-07
