# omegabh2 omegach2 theta tau nnu logA ns calPlanck aps100 aps143 aps217 acib217 asz143 psr cibr xi aksz dust100 dust143 dust217 dust143x217 cal0 cal2
  9.8184722E-08   5.7769327E-07  -3.8744401E-08   5.7504788E-07   6.6296425E-05   2.9749187E-06   3.3894454E-06   1.9375630E-08   9.2433718E-04   2.9910412E-04  -2.2461559E-04   2.1454938E-04  -2.1351124E-05  -2.3832191E-06   4.6130280E-06  -3.5859597E-06   7.1147120E-05   2.0069088E-06   2.3291077E-06  -3.4953371E-07   1.0057587E-06   7.2678961E-09   2.1274824E-08
  5.7769327E-07   1.6633389E-05  -1.6609165E-06   3.5368037E-07   1.0074865E-03   4.5409381E-05   3.1907040E-05   1.3605732E-07   2.4812841E-02   1.4307380E-02  -3.1399472E-03   6.3908703E-03  -9.0126681E-04  -5.3134142E-05   1.2511049E-04  -6.1568951E-05   1.6895203E-03   2.3170922E-05   3.4470820E-05  -2.1903647E-05   9.3227411E-06  -5.7848750E-08   5.5854510E-07
 -3.8744401E-08  -1.6609165E-06   3.4963242E-07   2.5568442E-08  -1.0195899E-04  -4.3057852E-06  -2.9963759E-06  -4.7961135E-08  -2.5423565E-03  -1.5175207E-03   2.3729847E-04  -6.3087329E-04   9.2602053E-05   5.0338778E-06  -1.2535242E-05   4.7888262E-06  -1.7322691E-04  -1.9153542E-06  -2.4207012E-06   2.3189992E-06  -4.3938548E-07   7.1640673E-09  -5.2304949E-08
  5.7504788E-07   3.5368037E-07   2.5568442E-08   4.4279492E-05   3.2780079E-04   9.0176943E-05   2.4060592E-05  -3.1317185E-07   7.8226823E-04  -2.8215695E-04   1.2842349E-03  -1.1344257E-03  -1.0425651E-04  -3.0490671E-06   8.3236124E-06   2.7559015E-05   5.0282423E-05   3.9815700E-06   5.9399740E-06   5.6335104E-06  -1.1278991E-05   1.1875055E-07  -1.3322609E-07
  6.6296425E-05   1.0074865E-03  -1.0195899E-04   3.2780079E-04   8.3173480E-02   3.4780506E-03   3.4398849E-03   1.8318799E-05   1.9792504E+00   1.0434223E+00  -3.2828185E-01   5.0875563E-01  -6.7567970E-02  -4.5079329E-03   1.0170685E-02  -4.7806672E-03   1.3966777E-01   2.2536477E-03   3.2100225E-03  -1.7769740E-03   8.9011461E-04   1.4234990E-06   4.1873822E-05
  2.9749187E-06   4.5409381E-05  -4.3057852E-06   9.0176943E-05   3.4780506E-03   3.3499167E-04   1.3991286E-04   1.2738204E-05   7.5589852E-02   4.0443083E-02   1.4425517E-03   1.4519634E-02  -2.6124286E-03  -1.2204034E-04   3.1275663E-04  -8.9484214E-05   3.6086919E-03   6.3169896E-05   2.1810456E-05  -2.9421676E-05  -5.4512383E-06   8.3184750E-07   1.2441936E-06
  3.3894454E-06   3.1907040E-05  -2.9963759E-06   2.4060592E-05   3.4398849E-03   1.3991286E-04   1.7564277E-04   8.2687274E-07   5.5453410E-02   3.2025081E-02  -6.3121672E-03   1.4189964E-02  -1.9832500E-03  -1.2665407E-04   3.1300239E-04  -1.3069903E-04   3.7806695E-03   1.3171261E-04   1.1469982E-04  -3.8585566E-05   3.0761285E-05  -1.4154731E-07   1.2977884E-06
  1.9375630E-08   1.3605732E-07  -4.7961135E-08  -3.1317185E-07   1.8318799E-05   1.2738204E-05   8.2687274E-07   6.4309082E-06   3.7912288E-03   8.9800853E-04   1.1437854E-03   8.8287843E-04  -1.2081136E-05   3.0863182E-07   6.7893761E-06  -3.8836345E-06  -9.8499935E-05   5.6827174E-06   5.0771411E-06   2.5988886E-06  -1.6181754E-06   3.6809082E-08  -3.6551276E-08
  9.2433718E-04   2.4812841E-02  -2.5423565E-03   7.8226823E-04   1.9792504E+00   7.5589852E-02   5.5453410E-02   3.7912288E-03   6.6095921E+02   8.5803224E+01  -7.0303004E+01   4.6472961E+01  -2.7364833E+01  -9.3971148E-01   1.0014741E-01  -3.0389525E-01   1.5587330E+01  -9.1734483E-02   4.2311868E-01  -3.2513783E-01  -1.6746487E-01   6.5817894E-03   3.8471331E-03
  2.9910412E-04   1.4307380E-02  -1.5175207E-03  -2.8215695E-04   1.0434223E+00   4.0443083E-02   3.2025081E-02   8.9800853E-04   8.5803224E+01   8.2774886E+01   5.2374741E+00   1.3357718E+01  -1.5304426E+00  -6.8897460E-02   5.4620282E-01   8.4515423E-01  -5.9496546E+00  -1.3509250E-02  -1.8736750E-01   2.7161622E-02   9.2833705E-02   8.4097212E-04   1.2487914E-03
 -2.2461559E-04  -3.1399472E-03   2.3729847E-04   1.2842349E-03  -3.2828185E-01   1.4425517E-03  -6.3121672E-03   1.1437854E-03  -7.0303004E+01   5.2374741E+00   1.7795667E+02  -8.6740822E+01   2.9078093E+00   3.7371391E-01  -1.0749890E+00   4.2458518E-01  -7.4862483E+00  -2.9979850E-02  -3.2572286E-01   5.8165110E-01  -5.5126466E-04   1.6355516E-03  -7.8222938E-03
  2.1454938E-04   6.3908703E-03  -6.3087329E-04  -1.1344257E-03   5.0875563E-01   1.4519634E-02   1.4189964E-02   8.8287843E-04   4.6472961E+01   1.3357718E+01  -8.6740822E+01   5.6555065E+01   1.1900656E+00  -8.7897885E-02   7.9395638E-01  -3.2287694E-01  -1.8521453E+00   2.7654283E-02   2.0423503E-01  -4.7444355E-01  -1.1612436E-01  -5.4351959E-04   3.4173889E-03
 -2.1351124E-05  -9.0126681E-04   9.2602053E-05  -1.0425651E-04  -6.7567970E-02  -2.6124286E-03  -1.9832500E-03  -1.2081136E-05  -2.7364833E+01  -1.5304426E+00   2.9078093E+00   1.1900656E+00   4.3917751E+00   1.0451010E-01   1.4548093E-01  -3.6785295E-02  -3.6396026E+00  -6.6440900E-03  -8.8634885E-03   1.0521451E-02   4.9420659E-02   4.2562130E-04  -2.7400185E-04
 -2.3832191E-06  -5.3134142E-05   5.0338778E-06  -3.0490671E-06  -4.5079329E-03  -1.2204034E-04  -1.2665407E-04   3.0863182E-07  -9.3971148E-01  -6.8897460E-02   3.7371391E-01  -8.7897885E-02   1.0451010E-01   1.6568129E-02  -1.6810142E-02   1.2511882E-02  -1.0916538E-01  -2.2315223E-04  -1.8912737E-03  -2.4113146E-03   4.9127070E-03   1.9170154E-05  -4.0356626E-05
  4.6130280E-06   1.2511049E-04  -1.2535242E-05   8.3236124E-06   1.0170685E-02   3.1275663E-04   3.1300239E-04   6.7893761E-06   1.0014741E-01   5.4620282E-01  -1.0749890E+00   7.9395638E-01   1.4548093E-01  -1.6810142E-02   6.7517737E-02   2.3549979E-03  -1.3841807E-01   7.7378181E-04   8.0092527E-03  -6.1121614E-04  -1.7175278E-02  -1.0082456E-05   9.9893279E-05
 -3.5859597E-06  -6.1568951E-05   4.7888262E-06   2.7559015E-05  -4.7806672E-03  -8.9484214E-05  -1.3069903E-04  -3.8836345E-06  -3.0389525E-01   8.4515423E-01   4.2458518E-01  -3.2287694E-01  -3.6785295E-02   1.2511882E-02   2.3549979E-03   8.3399411E-02   3.5764085E-02   1.8652911E-05  -3.6332270E-04   1.5256421E-03   1.5422949E-03   1.5054370E-05  -9.1852272E-06
  7.1147120E-05   1.6895203E-03  -1.7322691E-04   5.0282423E-05   1.3966777E-01   3.6086919E-03   3.7806695E-03  -9.8499935E-05   1.5587330E+01  -5.9496546E+00  -7.4862483E+00  -1.8521453E+00  -3.6396026E+00  -1.0916538E-01  -1.3841807E-01   3.5764085E-02   7.4705478E+00   2.6907031E-03   7.1335987E-03  -7.1221649E-03  -4.4597514E-02  -3.3456481E-04   1.0892751E-04
  2.0069088E-06   2.3170922E-05  -1.9153542E-06   3.9815700E-06   2.2536477E-03   6.3169896E-05   1.3171261E-04   5.6827174E-06  -9.1734483E-02  -1.3509250E-02  -2.9979850E-02   2.7654283E-02  -6.6440900E-03  -2.2315223E-04   7.7378181E-04   1.8652911E-05   2.6907031E-03   3.8181915E-02   2.5681009E-03  -3.3928680E-04   9.3405837E-05   3.8712346E-05  -3.0428343E-06
  2.3291077E-06   3.4470820E-05  -2.4207012E-06   5.9399740E-06   3.2100225E-03   2.1810456E-05   1.1469982E-04   5.0771411E-06   4.2311868E-01  -1.8736750E-01  -3.2572286E-01   2.0423503E-01  -8.8634885E-03  -1.8912737E-03   8.0092527E-03  -3.6332270E-04   7.1335987E-03   2.5681009E-03   3.0888225E-02  -1.0396824E-03   4.8342734E-03  -7.9569511E-05  -4.2173346E-05
 -3.4953371E-07  -2.1903647E-05   2.3189992E-06   5.6335104E-06  -1.7769740E-03  -2.9421676E-05  -3.8585566E-05   2.5988886E-06  -3.2513783E-01   2.7161622E-02   5.8165110E-01  -4.7444355E-01   1.0521451E-02  -2.4113146E-03  -6.1121614E-04   1.5256421E-03  -7.1221649E-03  -3.3928680E-04  -1.0396824E-03   1.0680930E-02   8.3199742E-03   3.6996236E-06   5.9194604E-05
  1.0057587E-06   9.3227411E-06  -4.3938548E-07  -1.1278991E-05   8.9011461E-04  -5.4512383E-06   3.0761285E-05  -1.6181754E-06  -1.6746487E-01   9.2833705E-02  -5.5126466E-04  -1.1612436E-01   4.9420659E-02   4.9127070E-03  -1.7175278E-02   1.5422949E-03  -4.4597514E-02   9.3405837E-05   4.8342734E-03   8.3199742E-03   2.5778047E-02  -3.0463440E-06   5.3929632E-05
  7.2678961E-09  -5.7848750E-08   7.1640673E-09   1.1875055E-07   1.4234990E-06   8.3184750E-07  -1.4154731E-07   3.6809082E-08   6.5817894E-03   8.4097212E-04   1.6355516E-03  -5.4351959E-04   4.2562130E-04   1.9170154E-05  -1.0082456E-05   1.5054370E-05  -3.3456481E-04   3.8712346E-05  -7.9569511E-05   3.6996236E-06  -3.0463440E-06   1.1000728E-06   4.4758812E-08
  2.1274824E-08   5.5854510E-07  -5.2304949E-08  -1.3322609E-07   4.1873822E-05   1.2441936E-06   1.2977884E-06  -3.6551276E-08   3.8471331E-03   1.2487914E-03  -7.8222938E-03   3.4173889E-03  -2.7400185E-04  -4.0356626E-05   9.9893279E-05  -9.1852272E-06   1.0892751E-04  -3.0428343E-06  -4.2173346E-05   5.9194604E-05   5.3929632E-05   4.4758812E-08   2.4588463E-06
