# omegabh2 omegach2 theta tau logA ns calPlanck acib217 xi asz143 aps100 aps143 aps143217 aps217 aksz kgal100 kgal143 kgal143217 kgal217 galfEE100 galfEE100143 galfEE100217 galfEE143 galfEE143217 galfEE217 galfTE100 galfTE100143 galfTE100217 galfTE143 galfTE143217 galfTE217 cal0 cal2
    0.2577514E-07   -0.1515843E-06    0.2164445E-07    0.1073305E-05    0.1887363E-05    0.4044318E-06    0.7028737E-08   -0.1278896E-03    0.2082084E-05    0.3775334E-04   -0.5860481E-03   -0.2575866E-03   -0.2383359E-04    0.6869379E-04   -0.5710335E-04   -0.1606251E-05   -0.7220241E-05   -0.4130765E-05    0.1738979E-04    0.6520385E-07    0.6257525E-07   -0.3778144E-07    0.6634730E-07    0.1108132E-06    0.2587069E-06   -0.1168653E-06   -0.8861792E-07    0.3828868E-07   -0.2868497E-06   -0.6573837E-06   -0.2687196E-05    0.4216635E-08   -0.1173297E-07
   -0.1515843E-06    0.2278361E-05   -0.1841181E-06   -0.1488541E-04   -0.2482112E-04   -0.5685076E-05   -0.1761382E-06    0.6940733E-03   -0.1730381E-04   -0.2202678E-03    0.3394998E-02    0.1501891E-02    0.1555105E-03   -0.2670079E-03    0.3523941E-03    0.4219846E-04    0.4404325E-04    0.2922946E-04   -0.3287029E-04   -0.8223004E-06   -0.8169770E-06    0.2264508E-06   -0.8333140E-06   -0.7280839E-07   -0.9595113E-06    0.1087648E-05    0.2208152E-06    0.8107366E-06    0.1819733E-05    0.6521362E-05    0.2051605E-04   -0.7443674E-09    0.8025546E-07
    0.2164445E-07   -0.1841181E-06    0.1013085E-06    0.1719918E-05    0.3127765E-05    0.5820839E-06    0.8503692E-08   -0.7046264E-04    0.8600604E-06    0.3000818E-04   -0.4983628E-03   -0.1514494E-03   -0.7755265E-05    0.3164345E-04   -0.3781850E-04   -0.1836894E-05   -0.4058011E-05    0.3125046E-05    0.8782760E-05    0.4657481E-07    0.5203155E-07   -0.1147423E-07    0.3640936E-07   -0.2029594E-06   -0.6209028E-07   -0.1527905E-06    0.4996066E-07   -0.1990123E-06   -0.1624389E-06   -0.6697552E-06   -0.2880355E-05   -0.9298349E-09   -0.8404458E-08
    0.1073305E-05   -0.1488541E-04    0.1719918E-05    0.2082163E-03    0.3708395E-03    0.4462585E-04   -0.4034260E-05   -0.8653916E-02    0.1493075E-03    0.2644917E-02   -0.4585845E-01   -0.1522782E-01   -0.1253533E-04    0.4849560E-02   -0.4048052E-02   -0.1047595E-03   -0.2450695E-03   -0.5221920E-03   -0.6569400E-03    0.5003383E-05    0.6491832E-05   -0.8598824E-06    0.4940456E-05   -0.5721488E-06   -0.1025647E-04   -0.1496591E-04   -0.5738492E-05   -0.6684792E-05   -0.1688529E-04   -0.4010541E-04   -0.1402484E-03   -0.2107427E-06   -0.1204416E-05
    0.1887363E-05   -0.2482112E-04    0.3127765E-05    0.3708395E-03    0.6895904E-03    0.7480906E-04    0.3924396E-05   -0.1556545E-01    0.3053924E-03    0.4800934E-02   -0.7849298E-01   -0.2500271E-01    0.3471388E-02    0.1467779E-01   -0.7977433E-02   -0.3174544E-03   -0.9654103E-03   -0.1482963E-02    0.4335968E-04    0.9575774E-05    0.1154004E-04    0.6297271E-06    0.9800902E-05   -0.5442732E-05   -0.1294360E-04   -0.2797611E-04   -0.9812131E-05   -0.6994648E-05   -0.2539500E-04   -0.6425021E-04   -0.2047142E-03   -0.1461909E-06   -0.2257829E-05
    0.4044318E-06   -0.5685076E-05    0.5820839E-06    0.4462585E-04    0.7480906E-04    0.2394844E-04    0.3752879E-06   -0.5976953E-02    0.1386614E-03    0.1660339E-02   -0.3057765E-01   -0.7550122E-02    0.3935569E-02    0.7456279E-02   -0.3449672E-02    0.1208016E-03   -0.2829776E-03   -0.4803280E-03    0.3706930E-03    0.3351523E-05    0.3687412E-05   -0.9165055E-06    0.3711365E-05   -0.1857456E-05    0.4213052E-05   -0.4210975E-05   -0.1724069E-05   -0.5125943E-05   -0.4491655E-05   -0.1530488E-04   -0.5126948E-04   -0.1659446E-06   -0.6343538E-06
    0.7028737E-08   -0.1761382E-06    0.8503692E-08   -0.4034260E-05    0.3924396E-05    0.3752879E-06    0.6149695E-05    0.8472455E-03    0.7119189E-06   -0.1535696E-04    0.3960381E-02    0.6921586E-03    0.4756789E-03    0.1143693E-02    0.3904235E-04   -0.1245641E-04   -0.6387718E-04   -0.1338706E-03    0.5837951E-03    0.9356224E-06    0.5281113E-06    0.1204910E-05    0.1202594E-05   -0.1218924E-05    0.6832352E-05   -0.3074217E-06    0.6330491E-06    0.2186144E-05    0.2267857E-05    0.3733352E-06    0.1380237E-04    0.1499722E-07    0.2678389E-08
   -0.1278896E-03    0.6940733E-03   -0.7046264E-04   -0.8653916E-02   -0.1556545E-01   -0.5976953E-02    0.8472455E-03    0.4418148E+02   -0.4986612E+00   -0.1468032E+01    0.4008578E+02   -0.9610414E+00   -0.2195435E+02   -0.6222434E+02    0.3021960E+00   -0.1324661E+00    0.4389723E-01   -0.2064319E+01   -0.1881782E+02   -0.9220495E-03   -0.7722716E-03   -0.1007956E-02   -0.8746211E-03   -0.7946171E-03    0.8727395E-02   -0.2611376E-02    0.1210763E-03   -0.3130383E-02   -0.1676872E-02   -0.7059758E-02   -0.1868233E-01   -0.3072059E-03    0.4480266E-02
    0.2082084E-05   -0.1730381E-04    0.8600604E-06    0.1493075E-03    0.3053924E-03    0.1386614E-03    0.7119189E-06   -0.4986612E+00    0.8118261E-01   -0.1005882E+00   -0.3134404E+00    0.1018955E+01    0.1774227E+01    0.7205022E+00    0.9946238E-01   -0.4712021E-02    0.4771714E-02    0.7850121E-01    0.9240646E-01    0.3960214E-05    0.1277591E-04   -0.9108054E-04    0.3913160E-04   -0.6683263E-04    0.3201211E-03   -0.1105088E-03   -0.4502309E-04    0.2034803E-03    0.7003755E-05    0.2263267E-03    0.1779887E-02    0.3559985E-05   -0.1589388E-04
    0.3775334E-04   -0.2202678E-03    0.3000818E-04    0.2644917E-02    0.4800934E-02    0.1660339E-02   -0.1535696E-04   -0.1468032E+01   -0.1005882E+00    0.3872580E+01   -0.2924862E+02   -0.3815940E+01    0.7788362E+01    0.7161504E+01   -0.3070959E+01   -0.1755185E+00    0.5634012E-01    0.2346884E+01    0.2000430E+01    0.2429883E-03    0.3332101E-03   -0.4202962E-03    0.3302338E-03   -0.1859851E-02    0.1148759E-03    0.2810275E-04   -0.4151947E-03   -0.2032190E-02   -0.1127477E-02   -0.1499535E-02   -0.7782822E-02    0.1829015E-03   -0.3763116E-03
   -0.5860481E-03    0.3394998E-02   -0.4983628E-03   -0.4585845E-01   -0.7849298E-01   -0.3057765E-01    0.3960381E-02    0.4008578E+02   -0.3134404E+00   -0.2924862E+02    0.7565581E+03    0.6551503E+02   -0.5940369E+02   -0.7266496E+02    0.1514570E+02   -0.3748623E+01    0.2936283E+01   -0.1055129E+02   -0.1284558E+02   -0.3547779E-02   -0.5207322E-02    0.4478125E-02   -0.4814218E-02    0.2570095E-01    0.1187428E-01    0.6256383E-02   -0.2211161E-02    0.8419791E-02    0.2178675E-03   -0.1594624E-02    0.1774933E-01    0.6016632E-02    0.4561933E-02
   -0.2575866E-03    0.1501891E-02   -0.1514494E-03   -0.1522782E-01   -0.2500271E-01   -0.7550122E-02    0.6921586E-03   -0.9610414E+00    0.1018955E+01   -0.3815940E+01    0.6551503E+02    0.6014332E+02    0.4459321E+02    0.1998496E+02   -0.4852073E+01   -0.2785256E+00   -0.1098273E+01    0.3538083E+01    0.4196671E+01   -0.1468877E-02   -0.1589344E-02    0.5700119E-03   -0.6427513E-03   -0.5667700E-03   -0.1150983E-02   -0.8661546E-03   -0.3969929E-03    0.2669746E-02    0.4134078E-03    0.1343943E-01    0.6264556E-01    0.7810139E-04    0.9364308E-04
   -0.2383359E-04    0.1555105E-03   -0.7755265E-05   -0.1253533E-04    0.3471388E-02    0.3935569E-02    0.4756789E-03   -0.2195435E+02    0.1774227E+01    0.7788362E+01   -0.5940369E+02    0.4459321E+02    0.9827809E+02    0.7034229E+02   -0.1320623E+02   -0.7432083E+00   -0.3392942E+00    0.4242756E+01    0.5124314E+01    0.2645461E-03    0.4805945E-03   -0.2557209E-02    0.1688913E-02   -0.1038922E-01    0.5546186E-02   -0.1890285E-02   -0.2295742E-02   -0.2042843E-02   -0.3732098E-02    0.1289187E-01    0.5104315E-01    0.6637571E-03   -0.2715604E-02
    0.6869379E-04   -0.2670079E-03    0.3164345E-04    0.4849560E-02    0.1467779E-01    0.7456279E-02    0.1143693E-02   -0.6222434E+02    0.7205022E+00    0.7161504E+01   -0.7266496E+02    0.1998496E+02    0.7034229E+02    0.1265581E+03   -0.1185653E+02   -0.2673058E+00   -0.2339923E+00   -0.2379698E+00    0.1555537E+02    0.1610153E-02    0.1156002E-02    0.6827618E-03    0.1666756E-02   -0.6677499E-02   -0.1023046E-01    0.3672164E-02   -0.1461523E-02    0.1122605E-02   -0.1455548E-02    0.1619526E-01    0.5664088E-01    0.7451746E-03   -0.7927222E-02
   -0.5710335E-04    0.3523941E-03   -0.3781850E-04   -0.4048052E-02   -0.7977433E-02   -0.3449672E-02    0.3904235E-04    0.3021960E+00    0.9946238E-01   -0.3070959E+01    0.1514570E+02   -0.4852073E+01   -0.1320623E+02   -0.1185653E+02    0.6916366E+01    0.1173381E+00   -0.1057394E+00   -0.2161012E+01   -0.1716407E+01   -0.4100762E-03   -0.4570798E-03    0.6644247E-03   -0.5808094E-03    0.3589762E-02    0.3372485E-03    0.5713211E-03    0.1351213E-02    0.4502630E-02    0.2338031E-02    0.7333398E-04    0.4702246E-02   -0.1314852E-03    0.2077031E-03
   -0.1606251E-05    0.4219846E-04   -0.1836894E-05   -0.1047595E-03   -0.3174544E-03    0.1208016E-03   -0.1245641E-04   -0.1324661E+00   -0.4712021E-02   -0.1755185E+00   -0.3748623E+01   -0.2785256E+00   -0.7432083E+00   -0.2673058E+00    0.1173381E+00    0.3455258E+01    0.3909139E+00    0.1347243E+00    0.3009490E+00    0.2588038E-04    0.2116957E-05    0.6670707E-03   -0.9943670E-04   -0.1102177E-03   -0.1563863E-02   -0.6038987E-03    0.6409070E-03   -0.1275308E-03    0.3336020E-03    0.2910649E-03   -0.3101638E-02    0.3029623E-03    0.1133877E-05
   -0.7220241E-05    0.4404325E-04   -0.4058011E-05   -0.2450695E-03   -0.9654103E-03   -0.2829776E-03   -0.6387718E-04    0.4389723E-01    0.4771714E-02    0.5634012E-01    0.2936283E+01   -0.1098273E+01   -0.3392942E+00   -0.2339923E+00   -0.1057394E+00    0.3909139E+00    0.3308296E+01    0.2526154E+01    0.1681400E+01   -0.1071591E-03   -0.9905996E-04   -0.2400839E-03   -0.2024886E-03   -0.2818206E-03    0.1078558E-02    0.5973045E-03   -0.7661538E-03    0.2870741E-03   -0.6781016E-03    0.1049414E-02   -0.8069495E-03   -0.2824396E-03   -0.2173110E-03
   -0.4130765E-05    0.2922946E-04    0.3125046E-05   -0.5221920E-03   -0.1482963E-02   -0.4803280E-03   -0.1338706E-03   -0.2064319E+01    0.7850121E-01    0.2346884E+01   -0.1055129E+02    0.3538083E+01    0.4242756E+01   -0.2379698E+00   -0.2161012E+01    0.1347243E+00    0.2526154E+01    0.1718799E+02    0.2568407E+02   -0.4327657E-03   -0.2560705E-03   -0.8883814E-03   -0.2248747E-03    0.1036021E-02   -0.5326960E-03    0.1375587E-02   -0.3173894E-03   -0.8113592E-03    0.2550714E-03   -0.8179775E-03    0.5488581E-02   -0.1595965E-05    0.2478937E-02
    0.1738979E-04   -0.3287029E-04    0.8782760E-05   -0.6569400E-03    0.4335968E-04    0.3706930E-03    0.5837951E-03   -0.1881782E+02    0.9240646E-01    0.2000430E+01   -0.1284558E+02    0.4196671E+01    0.5124314E+01    0.1555537E+02   -0.1716407E+01    0.3009490E+00    0.1681400E+01    0.2568407E+02    0.5460036E+02   -0.3222156E-03   -0.3316100E-03   -0.3022090E-03    0.3282418E-03    0.2233212E-02   -0.5262568E-02    0.3312886E-02    0.1494321E-02    0.1006792E-02    0.4388937E-02    0.2166170E-02    0.1049539E-01    0.1400572E-03    0.4440394E-02
    0.6520385E-07   -0.8223004E-06    0.4657481E-07    0.5003383E-05    0.9575774E-05    0.3351523E-05    0.9356224E-06   -0.9220495E-03    0.3960214E-05    0.2429883E-03   -0.3547779E-02   -0.1468877E-02    0.2645461E-03    0.1610153E-02   -0.4100762E-03    0.2588038E-04   -0.1071591E-03   -0.4327657E-03   -0.3222156E-03    0.3235399E-04    0.9034736E-05   -0.1484514E-05    0.3217177E-05    0.2365540E-05    0.3373639E-05   -0.1886560E-05   -0.8839605E-09   -0.2168882E-05   -0.3173604E-07    0.2150457E-05   -0.1117536E-04    0.4399637E-07   -0.2036222E-06
    0.6257525E-07   -0.8169770E-06    0.5203155E-07    0.6491832E-05    0.1154004E-04    0.3687412E-05    0.5281113E-06   -0.7722716E-03    0.1277591E-04    0.3332101E-03   -0.5207322E-02   -0.1589344E-02    0.4805945E-03    0.1156002E-02   -0.4570798E-03    0.2116957E-05   -0.9905996E-04   -0.2560705E-03   -0.3316100E-03    0.9034736E-05    0.2492768E-04    0.2082151E-05    0.1226412E-04    0.1225782E-05   -0.3161509E-05   -0.3025887E-05   -0.2629956E-05   -0.3688181E-05   -0.2963499E-05   -0.5961020E-05   -0.8447495E-05   -0.3290434E-07   -0.1841941E-06
   -0.3778144E-07    0.2264508E-06   -0.1147423E-07   -0.8598824E-06    0.6297271E-06   -0.9165055E-06    0.1204910E-05   -0.1007956E-02   -0.9108054E-04   -0.4202962E-03    0.4478125E-02    0.5700119E-03   -0.2557209E-02    0.6827618E-03    0.6644247E-03    0.6670707E-03   -0.2400839E-03   -0.8883814E-03   -0.3022090E-03   -0.1484514E-05    0.2082151E-05    0.1063959E-02    0.2699740E-05   -0.7970202E-05    0.1755300E-04    0.8536725E-05   -0.1189322E-05   -0.4575280E-05   -0.9866786E-06    0.8124975E-05    0.3925887E-05    0.1258657E-06   -0.2418775E-06
    0.6634730E-07   -0.8333140E-06    0.3640936E-07    0.4940456E-05    0.9800902E-05    0.3711365E-05    0.1202594E-05   -0.8746211E-03    0.3913160E-04    0.3302338E-03   -0.4814218E-02   -0.6427513E-03    0.1688913E-02    0.1666756E-02   -0.5808094E-03   -0.9943670E-04   -0.2024886E-03   -0.2248747E-03    0.3282418E-03    0.3217177E-05    0.1226412E-04    0.2699740E-05    0.4665685E-04    0.4013842E-05    0.3171429E-05   -0.3390680E-05   -0.3253887E-05    0.4332956E-07   -0.5823987E-05   -0.9818029E-05   -0.5751753E-05   -0.3156927E-07   -0.4737078E-07
    0.1108132E-06   -0.7280839E-07   -0.2029594E-06   -0.5721488E-06   -0.5442732E-05   -0.1857456E-05   -0.1218924E-05   -0.7946171E-03   -0.6683263E-04   -0.1859851E-02    0.2570095E-01   -0.5667700E-03   -0.1038922E-01   -0.6677499E-02    0.3589762E-02   -0.1102177E-03   -0.2818206E-03    0.1036021E-02    0.2233212E-02    0.2365540E-05    0.1225782E-05   -0.7970202E-05    0.4013842E-05    0.2158628E-02    0.9335376E-04   -0.1894563E-04    0.1008302E-04   -0.1321819E-04    0.2423989E-04    0.7915985E-05   -0.1297123E-03    0.1715648E-06    0.1917634E-06
    0.2587069E-06   -0.9595113E-06   -0.6209028E-07   -0.1025647E-04   -0.1294360E-04    0.4213052E-05    0.6832352E-05    0.8727395E-02    0.3201211E-03    0.1148759E-03    0.1187428E-01   -0.1150983E-02    0.5546186E-02   -0.1023046E-01    0.3372485E-03   -0.1563863E-02    0.1078558E-02   -0.5326960E-03   -0.5262568E-02    0.3373639E-05   -0.3161509E-05    0.1755300E-04    0.3171429E-05    0.9335376E-04    0.1689775E-01   -0.1018381E-04    0.1526877E-04    0.6307017E-05   -0.5865581E-04    0.4127988E-04    0.1725412E-03    0.2042232E-07   -0.2623222E-06
   -0.1168653E-06    0.1087648E-05   -0.1527905E-06   -0.1496591E-04   -0.2797611E-04   -0.4210975E-05   -0.3074217E-06   -0.2611376E-02   -0.1105088E-03    0.2810275E-04    0.6256383E-02   -0.8661546E-03   -0.1890285E-02    0.3672164E-02    0.5713211E-03   -0.6038987E-03    0.5973045E-03    0.1375587E-02    0.3312886E-02   -0.1886560E-05   -0.3025887E-05    0.8536725E-05   -0.3390680E-05   -0.1894563E-04   -0.1018381E-04    0.1437654E-02    0.2914042E-03    0.1131760E-03   -0.4100890E-03   -0.8730760E-04    0.5015056E-04    0.4305641E-07   -0.1142256E-06
   -0.8861792E-07    0.2208152E-06    0.4996066E-07   -0.5738492E-05   -0.9812131E-05   -0.1724069E-05    0.6330491E-06    0.1210763E-03   -0.4502309E-04   -0.4151947E-03   -0.2211161E-02   -0.3969929E-03   -0.2295742E-02   -0.1461523E-02    0.1351213E-02    0.6409070E-03   -0.7661538E-03   -0.3173894E-03    0.1494321E-02   -0.8839605E-09   -0.2629956E-05   -0.1189322E-05   -0.3253887E-05    0.1008302E-04    0.1526877E-04    0.2914042E-03    0.8514205E-03    0.6570672E-04    0.7297787E-03    0.3438428E-04   -0.6306596E-03   -0.2711405E-06    0.4426179E-06
    0.3828868E-07    0.8107366E-06   -0.1990123E-06   -0.6684792E-05   -0.6994648E-05   -0.5125943E-05    0.2186144E-05   -0.3130383E-02    0.2034803E-03   -0.2032190E-02    0.8419791E-02    0.2669746E-02   -0.2042843E-02    0.1122605E-02    0.4502630E-02   -0.1275308E-03    0.2870741E-03   -0.8113592E-03    0.1006792E-02   -0.2168882E-05   -0.3688181E-05   -0.4575280E-05    0.4332956E-07   -0.1321819E-04    0.6307017E-05    0.1131760E-03    0.6570672E-04    0.7048476E-02   -0.3419733E-03    0.6920048E-03    0.4373211E-02    0.2968344E-07   -0.3808221E-06
   -0.2868497E-06    0.1819733E-05   -0.1624389E-06   -0.1688529E-04   -0.2539500E-04   -0.4491655E-05    0.2267857E-05   -0.1676872E-02    0.7003755E-05   -0.1127477E-02    0.2178675E-03    0.4134078E-03   -0.3732098E-02   -0.1455548E-02    0.2338031E-02    0.3336020E-03   -0.6781016E-03    0.2550714E-03    0.4388937E-02   -0.3173604E-07   -0.2963499E-05   -0.9866786E-06   -0.5823987E-05    0.2423989E-04   -0.5865581E-04   -0.4100890E-03    0.7297787E-03   -0.3419733E-03    0.2915355E-02    0.4595757E-03   -0.9048275E-03   -0.3961365E-06    0.6167027E-06
   -0.6573837E-06    0.6521362E-05   -0.6697552E-06   -0.4010541E-04   -0.6425021E-04   -0.1530488E-04    0.3733352E-06   -0.7059758E-02    0.2263267E-03   -0.1499535E-02   -0.1594624E-02    0.1343943E-01    0.1289187E-01    0.1619526E-01    0.7333398E-04    0.2910649E-03    0.1049414E-02   -0.8179775E-03    0.2166170E-02    0.2150457E-05   -0.5961020E-05    0.8124975E-05   -0.9818029E-05    0.7915985E-05    0.4127988E-04   -0.8730760E-04    0.3438428E-04    0.6920048E-03    0.4595757E-03    0.6411751E-02    0.7758198E-02    0.3910748E-06   -0.6581745E-06
   -0.2687196E-05    0.2051605E-04   -0.2880355E-05   -0.1402484E-03   -0.2047142E-03   -0.5126948E-04    0.1380237E-04   -0.1868233E-01    0.1779887E-02   -0.7782822E-02    0.1774933E-01    0.6264556E-01    0.5104315E-01    0.5664088E-01    0.4702246E-02   -0.3101638E-02   -0.8069495E-03    0.5488581E-02    0.1049539E-01   -0.1117536E-04   -0.8447495E-05    0.3925887E-05   -0.5751753E-05   -0.1297123E-03    0.1725412E-03    0.5015056E-04   -0.6306596E-03    0.4373211E-02   -0.9048275E-03    0.7758198E-02    0.6548772E-01   -0.7875990E-07   -0.2387107E-05
    0.4216635E-08   -0.7443674E-09   -0.9298349E-09   -0.2107427E-06   -0.1461909E-06   -0.1659446E-06    0.1499722E-07   -0.3072059E-03    0.3559985E-05    0.1829015E-03    0.6016632E-02    0.7810139E-04    0.6637571E-03    0.7451746E-03   -0.1314852E-03    0.3029623E-03   -0.2824396E-03   -0.1595965E-05    0.1400572E-03    0.4399637E-07   -0.3290434E-07    0.1258657E-06   -0.3156927E-07    0.1715648E-06    0.2042232E-07    0.4305641E-07   -0.2711405E-06    0.2968344E-07   -0.3961365E-06    0.3910748E-06   -0.7875990E-07    0.6004691E-06    0.3812783E-08
   -0.1173297E-07    0.8025546E-07   -0.8404458E-08   -0.1204416E-05   -0.2257829E-05   -0.6343538E-06    0.2678389E-08    0.4480266E-02   -0.1589388E-04   -0.3763116E-03    0.4561933E-02    0.9364308E-04   -0.2715604E-02   -0.7927222E-02    0.2077031E-03    0.1133877E-05   -0.2173110E-03    0.2478937E-02    0.4440394E-02   -0.2036222E-06   -0.1841941E-06   -0.2418775E-06   -0.4737078E-07    0.1917634E-06   -0.2623222E-06   -0.1142256E-06    0.4426179E-06   -0.3808221E-06    0.6167027E-06   -0.6581745E-06   -0.2387107E-05    0.3812783E-08    0.2101993E-05
