# omegabh2 omegach2 theta tau nnu yhe logA ns calPlanck acib217 xi asz143 aps100 aps143 aps143217 aps217 aksz kgal100 kgal143 kgal143217 kgal217 cal0 cal2
  5.2397053E-08   4.1276975E-07  -3.7628056E-08   3.0782186E-07   2.9436147E-05   5.4515337E-08   1.7206738E-06   1.0804391E-06   1.7081344E-08   2.3823531E-05  -4.2925787E-07   2.4849283E-05  -1.0210297E-04  -1.3129560E-04  -5.6277510E-05  -8.1814938E-05  -2.9471817E-05  -1.5491258E-06   1.7903561E-05   1.3170539E-05  -6.0154027E-06   1.7684320E-11   1.5301383E-09
  4.1276975E-07   1.7019197E-05  -2.1819381E-06  -2.8102899E-06   1.0182750E-03  -2.7281687E-06   3.2735699E-05   2.5129133E-05  -2.1524523E-07   3.9107981E-03  -7.7781957E-05  -5.9865036E-04   1.6711215E-02   1.0143523E-02   3.3854290E-03  -7.1044574E-05   1.1303911E-03  -2.6509460E-05   5.9363284E-04   9.2834703E-04  -2.7467205E-04  -7.5168172E-08   4.3285031E-08
 -3.7628056E-08  -2.1819381E-06   4.7578992E-07   2.6507481E-07  -1.3760121E-04   8.2138900E-07  -4.1122442E-06  -3.2173476E-06   2.6905320E-08  -4.7536669E-04   7.8088997E-06   8.5385900E-05  -2.0121417E-03  -1.3176319E-03  -4.9242169E-04  -7.1437834E-05  -1.3802343E-04   2.2266628E-05  -4.9082037E-05  -4.3620163E-05   1.4764915E-04   9.3509971E-09   1.5820249E-09
  3.0782186E-07  -2.8102899E-06   2.6507481E-07   5.4184388E-05   1.4610882E-05   1.3774907E-06   9.8830142E-05   1.0208912E-05  -1.2990720E-06  -1.8857593E-03   6.4631443E-05   3.7355024E-05  -9.1964715E-03  -3.2873792E-03  -1.2076800E-03  -8.9687924E-04  -1.7523386E-04   2.6588677E-05  -2.9835779E-04  -6.4103195E-04  -4.4216307E-04  -1.7523044E-08  -5.2452437E-08
  2.9436147E-05   1.0182750E-03  -1.3760121E-04   1.4610882E-05   6.5589109E-02  -1.6704044E-04   2.3443251E-03   1.7849954E-03  -1.6070051E-06   2.3981205E-01  -4.5961294E-03  -3.8263537E-02   1.0549338E+00   6.3706567E-01   2.2079472E-01   1.1774526E-02   6.9727888E-02  -8.2732719E-04   3.4049666E-02   5.1833743E-02  -2.4501430E-02  -2.5603588E-06   1.5981417E-06
  5.4515337E-08  -2.7281687E-06   8.2138900E-07   1.3774907E-06  -1.6704044E-04   1.5207322E-05   3.9632372E-08   1.4728414E-06  -1.2736788E-07  -2.7879177E-04   1.8426982E-05  -1.6217431E-04   3.2289054E-03   7.8213268E-04   1.0212086E-03   1.4709636E-03   3.4182104E-04  -5.9148175E-05   1.3317562E-04  -4.9775995E-05   9.3648645E-05   1.1958143E-07   2.3924189E-08
  1.7206738E-06   3.2735699E-05  -4.1122442E-06   9.8830142E-05   2.3443251E-03   3.9632372E-08   2.9317507E-04   7.7937294E-05   8.5551446E-06   3.9147303E-03  -2.3656546E-05  -1.3629286E-03   2.2756314E-02   1.7575576E-02   8.1594404E-03   5.6725752E-03   1.4215840E-03  -1.6676759E-06  -2.5367763E-04  -2.7877350E-05   2.3201771E-04   1.2426390E-07  -5.6212930E-08
  1.0804391E-06   2.5129133E-05  -3.2173476E-06   1.0208912E-05   1.7849954E-03   1.4728414E-06   7.7937294E-05   6.7690774E-05   3.1191731E-07   1.2692358E-03   8.7372305E-06   1.8914476E-04   2.6276958E-03   1.1599117E-02   1.0001522E-02   7.5450315E-03  -6.8072954E-04   2.4763431E-04   4.5432316E-04   1.2113983E-03   1.2511189E-03  -6.4452353E-08  -6.3118976E-08
  1.7081344E-08  -2.1524523E-07   2.6905320E-08  -1.2990720E-06  -1.6070051E-06  -1.2736788E-07   8.5551446E-06   3.1191731E-07   5.8092614E-06   7.2283296E-06  -6.3788224E-06   4.0874874E-05   2.2796817E-03   8.0187825E-05   4.0895894E-04   2.0874320E-03  -1.9449367E-05   1.9884889E-04  -2.0619848E-04  -7.8482810E-05   1.1026461E-03   6.0999756E-08  -3.1263287E-08
  2.3823531E-05   3.9107981E-03  -4.7536669E-04  -1.8857593E-03   2.3981205E-01  -2.7879177E-04   3.9147303E-03   1.2692358E-03   7.2283296E-06   4.5713836E+01  -4.3016327E-01  -1.2065819E+00   3.9000123E+01   3.4134455E+00  -1.4335974E+01  -5.6376372E+01   4.3587084E-01   7.1692489E-01   1.4062248E+00  -4.6808624E+00  -3.2267310E+01  -2.2892081E-04   7.0220148E-04
 -4.2925787E-07  -7.7781957E-05   7.8088997E-06   6.4631443E-05  -4.5961294E-03   1.8426982E-05  -2.3656546E-05   8.7372305E-06  -6.3788224E-06  -4.3016327E-01   7.9660588E-02  -3.6956206E-02  -7.3991025E-01   7.8373444E-01   1.5846316E+00   6.3287717E-01   3.9364541E-02  -1.0915442E-02  -8.9120534E-03   9.5404204E-02   1.6440929E-01   3.6204234E-06  -9.1456601E-07
  2.4849283E-05  -5.9865036E-04   8.5385900E-05   3.7355024E-05  -3.8263537E-02  -1.6217431E-04  -1.3629286E-03   1.8914476E-04   4.0874874E-05  -1.2065819E+00  -3.6956206E-02   4.0403358E+00  -3.2792387E+01  -4.0713426E+00   8.0450411E+00   5.8566611E+00  -3.0299236E+00  -9.7564961E-02   2.4156402E-01   2.7613895E+00   3.6319427E+00   6.1190471E-05  -1.3264095E-05
 -1.0210297E-04   1.6711215E-02  -2.0121417E-03  -9.1964715E-03   1.0549338E+00   3.2289054E-03   2.2756314E-02   2.6276958E-03   2.2796817E-03   3.9000123E+01  -7.3991025E-01  -3.2792387E+01   8.1858541E+02   8.5210290E+01  -5.4732163E+01  -6.1558015E+01   1.7898641E+01  -6.2170736E+00   6.1630470E+00  -1.1094017E+01  -2.2600422E+01   4.0875038E-03   2.7164769E-04
 -1.3129560E-04   1.0143523E-02  -1.3176319E-03  -3.2873792E-03   6.3706567E-01   7.8213268E-04   1.7575576E-02   1.1599117E-02   8.0187825E-05   3.4134455E+00   7.8373444E-01  -4.0713426E+00   8.5210290E+01   6.7902161E+01   4.0769239E+01   1.6137353E+01  -3.5825830E+00  -8.3039642E-02  -1.2536416E+00   3.6829322E+00   5.0730032E+00   2.4210199E-04   1.3475607E-04
 -5.6277510E-05   3.3854290E-03  -4.9242169E-04  -1.2076800E-03   2.2079472E-01   1.0212086E-03   8.1594404E-03   1.0001522E-02   4.0895894E-04  -1.4335974E+01   1.5846316E+00   8.0450411E+00  -5.4732163E+01   4.0769239E+01   8.6836384E+01   5.7855178E+01  -1.2534008E+01  -8.7919034E-01  -1.0322115E+00   5.0371569E+00   1.0148920E+01   4.4859354E-04  -2.8577388E-04
 -8.1814938E-05  -7.1044574E-05  -7.1437834E-05  -8.9687924E-04   1.1774526E-02   1.4709636E-03   5.6725752E-03   7.5450315E-03   2.0874320E-03  -5.6376372E+01   6.3287717E-01   5.8566611E+00  -6.1558015E+01   1.6137353E+01   5.7855178E+01   1.0844732E+02  -1.0176623E+01  -1.2597543E+00  -2.3338960E+00   4.1927563E+00   3.3131036E+01   5.7818054E-04  -1.2892983E-03
 -2.9471817E-05   1.1303911E-03  -1.3802343E-04  -1.7523386E-04   6.9727888E-02   3.4182104E-04   1.4215840E-03  -6.8072954E-04  -1.9449367E-05   4.3587084E-01   3.9364541E-02  -3.0299236E+00   1.7898641E+01  -3.5825830E+00  -1.2534008E+01  -1.0176623E+01   6.5197873E+00   1.9004174E-02  -1.1395451E-01  -2.0236494E+00  -2.6974906E+00  -8.0786894E-05  -2.3361061E-05
 -1.5491258E-06  -2.6509460E-05   2.2266628E-05   2.6588677E-05  -8.2732719E-04  -5.9148175E-05  -1.6676759E-06   2.4763431E-04   1.9884889E-04   7.1692489E-01  -1.0915442E-02  -9.7564961E-02  -6.2170736E+00  -8.3039642E-02  -8.7919034E-01  -1.2597543E+00   1.9004174E-02   3.2992251E+00   5.8541250E-01   4.7970681E-01   2.6231024E-01   1.4233259E-04   5.6433289E-05
  1.7903561E-05   5.9363284E-04  -4.9082037E-05  -2.9835779E-04   3.4049666E-02   1.3317562E-04  -2.5367763E-04   4.5432316E-04  -2.0619848E-04   1.4062248E+00  -8.9120534E-03   2.4156402E-01   6.1630470E+00  -1.2536416E+00  -1.0322115E+00  -2.3338960E+00  -1.1395451E-01   5.8541250E-01   3.4572433E+00   2.9686396E+00   2.3582626E+00  -2.2361223E-04  -5.3031713E-05
  1.3170539E-05   9.2834703E-04  -4.3620163E-05  -6.4103195E-04   5.1833743E-02  -4.9775995E-05  -2.7877350E-05   1.2113983E-03  -7.8482810E-05  -4.6808624E+00   9.5404204E-02   2.7613895E+00  -1.1094017E+01   3.6829322E+00   5.0371569E+00   4.1927563E+00  -2.0236494E+00   4.7970681E-01   2.9686396E+00   1.1289207E+01   1.9435627E+01  -6.4221143E-05   5.0981827E-04
 -6.0154027E-06  -2.7467205E-04   1.4764915E-04  -4.4216307E-04  -2.4501430E-02   9.3648645E-05   2.3201771E-04   1.2511189E-03   1.1026461E-03  -3.2267310E+01   1.6440929E-01   3.6319427E+00  -2.2600422E+01   5.0730032E+00   1.0148920E+01   3.3131036E+01  -2.6974906E+00   2.6231024E-01   2.3582626E+00   1.9435627E+01   5.3474827E+01   7.0742807E-05   1.1440444E-03
  1.7684320E-11  -7.5168172E-08   9.3509971E-09  -1.7523044E-08  -2.5603588E-06   1.1958143E-07   1.2426390E-07  -6.4452353E-08   6.0999756E-08  -2.2892081E-04   3.6204234E-06   6.1190471E-05   4.0875038E-03   2.4210199E-04   4.4859354E-04   5.7818054E-04  -8.0786894E-05   1.4233259E-04  -2.2361223E-04  -6.4221143E-05   7.0742807E-05   3.6370961E-07   4.3896120E-09
  1.5301383E-09   4.3285031E-08   1.5820249E-09  -5.2452437E-08   1.5981417E-06   2.3924189E-08  -5.6212930E-08  -6.3118976E-08  -3.1263287E-08   7.0220148E-04  -9.1456601E-07  -1.3264095E-05   2.7164769E-04   1.3475607E-04  -2.8577388E-04  -1.2892983E-03  -2.3361061E-05   5.6433289E-05  -5.3031713E-05   5.0981827E-04   1.1440444E-03   4.3896120E-09   4.1719696E-07
