# omegam omegab H0 mnu A ns DES_b1 DES_b2 DES_b3 DES_b4 DES_b5 DES_m1 DES_m2 DES_m3 DES_m4 DES_AIA DES_alphaIA DES_DzL1 DES_DzL2 DES_DzL3 DES_DzL4 DES_DzL5 DES_DzS1 DES_DzS2 DES_DzS3 DES_DzS4
  4.2466439E-04  -1.7811805E-05   1.1983054E-02   3.0202937E-03  -6.7401008E-03  -5.2324902E-04   1.2717564E-03   1.4611711E-03   1.4311454E-03   1.7004459E-03   1.8091744E-03  -1.4604436E-06   1.4857806E-06  -5.1111065E-06   6.0208056E-06  -3.3276672E-04  -1.7221360E-03  -1.4334264E-06  -3.7071046E-06  -3.1169123E-06  -6.6871608E-06  -2.4988690E-06  -2.3293584E-06  -1.5982060E-06   2.4664239E-06   2.1142367E-05
 -1.7811805E-05   3.3767703E-06  -1.9401583E-03  -9.8348903E-05   5.4370096E-04   4.9948219E-05  -5.7060213E-05  -6.6331737E-05  -6.3474624E-05  -7.8599336E-05  -8.8635949E-05   2.6175212E-07   1.1357169E-07   2.2238747E-07  -3.8811160E-07   8.9502285E-06  -4.1208103E-05   1.9209798E-07   2.1144282E-07   3.3394533E-07   3.4311991E-07  -8.7653673E-08  -1.1983698E-07  -1.8226686E-07   8.3234568E-08  -1.2411483E-06
  1.1983054E-02  -1.9401583E-03   1.6702141E+00   6.6258971E-02  -3.9221171E-01  -3.5591068E-02   3.7667210E-02   4.4907896E-02   4.2909334E-02   5.2972283E-02   6.0606903E-02  -4.1462166E-04  -1.5448043E-04  -1.0831549E-05   3.3607930E-04  -5.0771581E-03   4.5010934E-02  -6.6035021E-05  -1.2448258E-04  -2.0918396E-04  -2.5770741E-04   5.3542895E-05   1.1788728E-04   5.3551382E-05  -2.7566088E-05   7.5789478E-04
  3.0202937E-03  -9.8348903E-05   6.6258971E-02   5.2481597E-02  -9.3744075E-04   1.6998382E-03   8.5275552E-03   9.7211517E-03   9.3755385E-03   1.0508054E-02   1.0232432E-02   8.0667388E-06   2.2547142E-05  -5.4421150E-05  -6.2121562E-05  -2.6134300E-03  -1.0850243E-02   7.2977692E-06   2.1823778E-06   4.1393576E-06  -2.0066394E-05  -5.9426703E-06  -4.8483767E-05  -2.5013866E-05   1.8300736E-05   1.4309197E-04
 -6.7401008E-03   5.4370096E-04  -3.9221171E-01  -9.3744075E-04   2.5998484E-01   1.7260744E-02  -3.5042476E-02  -4.1750716E-02  -4.1732126E-02  -5.1495469E-02  -5.6303376E-02   1.2620493E-04  -1.8095433E-04  -1.0972914E-03  -1.2991895E-03   4.6445965E-03  -3.5883803E-02   8.7266403E-05   2.1901178E-04   2.5734079E-04   2.4147227E-04   8.4598673E-05  -4.7914342E-06  -1.5494798E-04  -5.1181791E-04  -1.6237149E-03
 -5.2324902E-04   4.9948219E-05  -3.5591068E-02   1.6998382E-03   1.7260744E-02   3.0805984E-03  -1.0449701E-03  -1.2841642E-03  -1.1477475E-03  -1.3654706E-03  -1.2643961E-03   2.5893824E-05   1.0094194E-05  -2.1502492E-06  -2.7285336E-05   5.4967295E-04   1.5306247E-04  -3.0896575E-07   2.3505858E-06   1.8077728E-06   7.4920809E-07  -7.9500605E-06  -8.6845244E-06   1.0202381E-06  -3.6789913E-06  -3.1043211E-05
  1.2717564E-03  -5.7060213E-05   3.7667210E-02   8.5275552E-03  -3.5042476E-02  -1.0449701E-03   1.4028608E-02   9.1386565E-03   9.1487173E-03   1.1097155E-02   1.1767087E-02  -2.8700984E-05   8.9032568E-05   3.3638933E-04   3.0412984E-04  -1.2418916E-03   2.0037792E-02   1.3153999E-04  -4.3219786E-05  -5.3138702E-05  -3.5732338E-05  -1.7436978E-05  -1.4156520E-05   5.2704101E-05   1.4158289E-04   4.0416565E-04
  1.4611711E-03  -6.6331737E-05   4.4907896E-02   9.7211517E-03  -4.1750716E-02  -1.2841642E-03   9.1386565E-03   1.3885740E-02   1.0961652E-02   1.3343984E-02   1.4065109E-02  -2.8856932E-05   7.2245899E-05   3.8358402E-04   4.1108127E-04  -1.5500081E-03   1.6215414E-02  -1.1625592E-05   1.7733901E-05  -6.9134038E-05  -4.7267185E-05  -2.6739557E-05  -2.1981896E-05   5.3835267E-05   1.7560854E-04   4.9985902E-04
  1.4311454E-03  -6.3474624E-05   4.2909334E-02   9.3755385E-03  -4.1732126E-02  -1.1477475E-03   9.1487173E-03   1.0961652E-02   1.2909555E-02   1.3350423E-02   1.4105469E-02  -1.6393943E-05   7.5241090E-05   3.8051232E-04   3.8287685E-04  -1.2756477E-03   1.0251206E-02  -1.8462762E-05  -5.2755925E-05  -7.0719588E-06  -5.4630031E-05  -2.7519463E-05  -2.3721385E-05   5.6481093E-05   1.8066499E-04   5.1087653E-04
  1.7004459E-03  -7.8599336E-05   5.2972283E-02   1.0508054E-02  -5.1495469E-02  -1.3654706E-03   1.1097155E-02   1.3343984E-02   1.3350423E-02   1.8831995E-02   1.7282894E-02  -2.4031816E-05   1.0915332E-04   4.6752307E-04   4.6242259E-04  -1.6221486E-03   1.0583049E-02  -2.2044148E-05  -6.6394338E-05  -8.3044055E-05   4.8698510E-05  -3.1711765E-05  -1.2464213E-05   5.8614475E-05   2.2633987E-04   6.3929703E-04
  1.8091744E-03  -8.8635949E-05   6.0606903E-02   1.0232432E-02  -5.6303376E-02  -1.2643961E-03   1.1767087E-02   1.4065109E-02   1.4105469E-02   1.7282894E-02   2.4265147E-02  -1.9551351E-05   7.8588892E-05   4.3345071E-04   4.4703519E-04  -1.4417017E-03   1.4098674E-02  -2.5267414E-05  -7.2554388E-05  -8.8581182E-05  -7.4206355E-05   8.7766791E-05  -2.4997833E-05   4.9208240E-05   2.0779573E-04   6.0385190E-04
 -1.4604436E-06   2.6175212E-07  -4.1462166E-04   8.0667388E-06   1.2620493E-04   2.5893824E-05  -2.8700984E-05  -2.8856932E-05  -1.6393943E-05  -2.4031816E-05  -1.9551351E-05   5.1995404E-04   4.7232048E-06   2.3517305E-07   3.2913740E-07   1.1171568E-04  -3.2322031E-03   5.0404432E-07  -1.5418715E-06   2.5286850E-06  -1.1320152E-06  -3.0713510E-06  -1.7626718E-05   6.2665545E-06  -7.7392186E-07  -2.1903159E-06
  1.4857806E-06   1.1357169E-07  -1.5448043E-04   2.2547142E-05  -1.8095433E-04   1.0094194E-05   8.9032568E-05   7.2245899E-05   7.5241090E-05   1.0915332E-04   7.8588892E-05   4.7232048E-06   5.2570755E-04   1.5849202E-05  -3.1786758E-06   2.3132966E-04  -2.0890654E-03   4.4811266E-07   1.2581070E-06   8.4053084E-07  -2.2180728E-06   8.0115735E-07   1.5431311E-05  -2.2424691E-05   4.1364932E-06   7.0373873E-06
 -5.1111065E-06   2.2238747E-07  -1.0831549E-05  -5.4421150E-05  -1.0972914E-03  -2.1502492E-06   3.3638933E-04   3.8358402E-04   3.8051232E-04   4.6752307E-04   4.3345071E-04   2.3517305E-07   1.5849202E-05   4.7074043E-04   4.9951385E-05  -1.0830376E-04   2.6387283E-03  -3.0574552E-06   4.3739908E-07   1.0110709E-06   4.5272180E-06   3.2659860E-07   1.2501688E-06   1.2101431E-05  -2.0494200E-05   4.3235762E-05
  6.0208056E-06  -3.8811160E-07   3.3607930E-04  -6.2121562E-05  -1.2991895E-03  -2.7285336E-05   3.0412984E-04   4.1108127E-04   3.8287685E-04   4.6242259E-04   4.4703519E-04   3.2913740E-07  -3.1786758E-06   4.9951385E-05   4.7459240E-04  -1.4054701E-04   2.0221937E-03  -1.8043368E-06  -9.3124071E-10  -1.8653647E-06   1.9680290E-06   8.9261243E-07   2.8118259E-06   7.9830499E-06   2.0963232E-05  -4.8088850E-05
 -3.3276672E-04   8.9502285E-06  -5.0771581E-03  -2.6134300E-03   4.6445965E-03   5.4967295E-04  -1.2418916E-03  -1.5500081E-03  -1.2756477E-03  -1.6221486E-03  -1.4417017E-03   1.1171568E-04   2.3132966E-04  -1.0830376E-04  -1.4054701E-04   2.8007350E-02   1.0259202E-01  -5.3403943E-05  -8.7103728E-05   2.5906503E-05  -1.5281142E-04  -4.6648047E-05   2.7281132E-04   2.5954783E-04   1.4680967E-04  -1.2022242E-04
 -1.7221360E-03  -4.1208103E-05   4.5010934E-02  -1.0850243E-02  -3.5883803E-02   1.5306247E-04   2.0037792E-02   1.6215414E-02   1.0251206E-02   1.0583049E-02   1.4098674E-02  -3.2322031E-03  -2.0890654E-03   2.6387283E-03   2.0221937E-03   1.0259202E-01   6.2344510E+00   1.6291796E-03   7.4139309E-04  -6.6129216E-05  -1.3117063E-03  -6.2291435E-04  -9.5427498E-03  -1.7160885E-03   1.4942573E-03   1.8820066E-03
 -1.4334264E-06   1.9209798E-07  -6.6035021E-05   7.2977692E-06   8.7266403E-05  -3.0896575E-07   1.3153999E-04  -1.1625592E-05  -1.8462762E-05  -2.2044148E-05  -2.5267414E-05   5.0404432E-07   4.4811266E-07  -3.0574552E-06  -1.8043368E-06  -5.3403943E-05   1.6291796E-03   5.8852950E-05   7.5485510E-07  -3.8413475E-07   6.4299386E-07  -5.2579053E-07   4.6808769E-06   1.2095123E-06  -8.8868513E-07  -2.6388359E-06
 -3.7071046E-06   2.1144282E-07  -1.2448258E-04   2.1823778E-06   2.1901178E-04   2.3505858E-06  -4.3219786E-05   1.7733901E-05  -5.2755925E-05  -6.6394338E-05  -7.2554388E-05  -1.5418715E-06   1.2581070E-06   4.3739908E-07  -9.3124071E-10  -8.7103728E-05   7.4139309E-04   7.5485510E-07   4.5408711E-05   1.0733083E-06   1.1653971E-06   1.8836346E-07   4.3855359E-07   3.2052278E-06   4.7859553E-07  -2.2408768E-06
 -3.1169123E-06   3.3394533E-07  -2.0918396E-04   4.1393576E-06   2.5734079E-04   1.8077728E-06  -5.3138702E-05  -6.9134038E-05  -7.0719588E-06  -8.3044055E-05  -8.8581182E-05   2.5286850E-06   8.4053084E-07   1.0110709E-06  -1.8653647E-06   2.5906503E-05  -6.6129216E-05  -3.8413475E-07   1.0733083E-06   4.4713560E-05   9.7745725E-07   8.8507563E-08  -2.9598292E-06   5.0544129E-06   3.6672427E-06  -4.1627526E-06
 -6.6871608E-06   3.4311991E-07  -2.5770741E-04  -2.0066394E-05   2.4147227E-04   7.4920809E-07  -3.5732338E-05  -4.7267185E-05  -5.4630031E-05   4.8698510E-05  -7.4206355E-05  -1.1320152E-06  -2.2180728E-06   4.5272180E-06   1.9680290E-06  -1.5281142E-04  -1.3117063E-03   6.4299386E-07   1.1653971E-06   9.7745725E-07   8.2272036E-05   1.1151665E-06  -7.1010885E-07   1.3959190E-06   7.5971135E-06   9.0220843E-06
 -2.4988690E-06  -8.7653673E-08   5.3542895E-05  -5.9426703E-06   8.4598673E-05  -7.9500605E-06  -1.7436978E-05  -2.6739557E-05  -2.7519463E-05  -3.1711765E-05   8.7766791E-05  -3.0713510E-06   8.0115735E-07   3.2659860E-07   8.9261243E-07  -4.6648047E-05  -6.2291435E-04  -5.2579053E-07   1.8836346E-07   8.8507563E-08   1.1151665E-06   9.5883065E-05   2.3848757E-06  -9.1960939E-07  -7.8580592E-07   7.0229605E-06
 -2.3293584E-06  -1.1983698E-07   1.1788728E-04  -4.8483767E-05  -4.7914342E-06  -8.6845244E-06  -1.4156520E-05  -2.1981896E-05  -2.3721385E-05  -1.2464213E-05  -2.4997833E-05  -1.7626718E-05   1.5431311E-05   1.2501688E-06   2.8118259E-06   2.7281132E-04  -9.5427498E-03   4.6808769E-06   4.3855359E-07  -2.9598292E-06  -7.1010885E-07   2.3848757E-06   2.1277489E-04   1.0801744E-05   1.7729036E-08  -1.4721925E-06
 -1.5982060E-06  -1.8226686E-07   5.3551382E-05  -2.5013866E-05  -1.5494798E-04   1.0202381E-06   5.2704101E-05   5.3835267E-05   5.6481093E-05   5.8614475E-05   4.9208240E-05   6.2665545E-06  -2.2424691E-05   1.2101431E-05   7.9830499E-06   2.5954783E-04  -1.7160885E-03   1.2095123E-06   3.2052278E-06   5.0544129E-06   1.3959190E-06  -9.1960939E-07   1.0801744E-05   1.2205565E-04   7.7876011E-06   8.0136948E-06
  2.4664239E-06   8.3234568E-08  -2.7566088E-05   1.8300736E-05  -5.1181791E-04  -3.6789913E-06   1.4158289E-04   1.7560854E-04   1.8066499E-04   2.2633987E-04   2.0779573E-04  -7.7392186E-07   4.1364932E-06  -2.0494200E-05   2.0963232E-05   1.4680967E-04   1.4942573E-03  -8.8868513E-07   4.7859553E-07   3.6672427E-06   7.5971135E-06  -7.8580592E-07   1.7729036E-08   7.7876011E-06   9.8300847E-05   2.6105736E-05
  2.1142367E-05  -1.2411483E-06   7.5789478E-04   1.4309197E-04  -1.6237149E-03  -3.1043211E-05   4.0416565E-04   4.9985902E-04   5.1087653E-04   6.3929703E-04   6.0385190E-04  -2.1903159E-06   7.0373873E-06   4.3235762E-05  -4.8088850E-05  -1.2022242E-04   1.8820066E-03  -2.6388359E-06  -2.2408768E-06  -4.1627526E-06   9.0220843E-06   7.0229605E-06  -1.4721925E-06   8.0136948E-06   2.6105736E-05   3.6727538E-04
