# omegabh2 omegach2 theta mnu logA ns
  2.5485127E-07   5.9280235E-07  -2.4335415E-09   9.4239046E-06  -3.1396329E-06  -7.3342481E-08
  5.9280235E-07   4.2879349E-04   2.2517199E-07   1.3354591E-02  -3.3049250E-03  -7.1497343E-05
 -2.4335415E-09   2.2517199E-07   3.6022680E-07   9.9318425E-06  -1.0384855E-06  -1.2579510E-07
  9.4239046E-06   1.3354591E-02   9.9318425E-06   6.0326604E-01  -9.2122544E-02   1.8395885E-04
 -3.1396329E-06  -3.3049250E-03  -1.0384855E-06  -9.2122544E-02   2.7485674E-02   9.9480772E-04
 -7.3342481E-08  -7.1497343E-05  -1.2579510E-07   1.8395885E-04   9.9480772E-04   3.9481206E-04
