# omegabh2 omegach2 theta tau w logA ns calPlanck acib217 xi asz143 aps100 aps143 aps143217 aps217 aksz kgal100 kgal143 kgal143217 kgal217 cal0 cal2
  4.1152921E-08  -7.1775208E-08   2.5312194E-08   3.6389362E-07   1.9683970E-06   6.8907060E-07   3.2102899E-07   1.3712082E-08  -1.4023664E-04   1.1150898E-06   4.8490657E-05  -8.3028202E-04  -5.0794627E-04  -1.9529408E-04  -5.2549496E-05  -6.0616757E-05  -1.6813552E-06  -2.9505406E-06  -6.9105831E-06   2.8154657E-05  -1.4281493E-10  -2.7561546E-09
 -7.1775208E-08   1.5951035E-06  -7.9634832E-08  -4.1487098E-06  -2.3916614E-05  -5.3969162E-06  -3.6018380E-06  -4.0948556E-07   2.5171884E-04   6.8906794E-07  -5.6297685E-05   1.1432937E-03   6.6129747E-04   1.7549262E-04  -1.8683286E-04   1.3313421E-04   5.3346350E-05   8.8889789E-05   8.9908609E-05  -4.4178520E-05  -1.1940203E-08   2.2459388E-09
  2.5312194E-08  -7.9634832E-08   1.7875796E-07   3.6284926E-07   3.4856757E-06   8.0185381E-07   4.6335717E-07   3.8461878E-08  -7.2145082E-05  -1.4217640E-06   2.8058278E-05  -3.0251340E-04  -1.6277900E-04  -5.2345158E-05   5.5576373E-05  -1.7715752E-05   4.8734013E-06  -1.9637070E-05   6.9252302E-06   4.7821445E-05   1.2301685E-09  -1.8014398E-09
  3.6389362E-07  -4.1487098E-06   3.6284926E-07   5.9233906E-05   7.1784940E-05   1.0586705E-04   1.2679777E-05  -9.1406513E-07  -1.3990416E-03  -8.6186160E-05   1.0465044E-03  -1.3214112E-02  -7.4769270E-03  -3.3860328E-03  -9.5598467E-04  -1.2211591E-03  -2.4520500E-04  -3.2868544E-04  -1.4911729E-04   1.8764802E-04  -1.4067603E-08   1.5393575E-08
  1.9683970E-06  -2.3916614E-05   3.4856757E-06   7.1784940E-05   1.0358581E-03   9.9452532E-05   6.2873743E-05   4.7176680E-06  -5.9316374E-03  -9.6735782E-05   1.9603027E-03  -3.2694076E-02  -2.5231950E-02  -1.1341031E-02  -1.8389243E-03  -2.4080316E-03  -1.2377838E-03  -2.3300700E-03  -1.2147250E-03   2.5401918E-03   8.0826431E-08   1.4854739E-07
  6.8907060E-07  -5.3969162E-06   8.0185381E-07   1.0586705E-04   9.9452532E-05   2.1984454E-04   1.6950922E-05   9.6023355E-06  -2.3449528E-03  -8.9520550E-05   1.6475721E-03  -1.7411640E-02  -1.0626010E-02  -3.2008705E-03   3.3588315E-03  -2.7766295E-03  -7.6991149E-04  -1.2818384E-03  -8.2101406E-04   1.3119660E-03   1.4829396E-07   4.6036028E-08
  3.2102899E-07  -3.6018380E-06   4.6335717E-07   1.2679777E-05   6.2873743E-05   1.6950922E-05   1.8927999E-05   7.8116728E-07  -5.4883165E-03   7.6641768E-05   1.2968564E-03  -2.6572803E-02  -8.1932572E-03   1.5900095E-03   6.2555164E-03  -2.7594264E-03   3.2657024E-04  -5.5651239E-04  -3.5803661E-04   1.7726936E-03  -9.4358682E-08  -1.0268511E-07
  1.3712082E-08  -4.0948556E-07   3.8461878E-08  -9.1406513E-07   4.7176680E-06   9.6023355E-06   7.8116728E-07   6.1699458E-06   6.7817896E-04   1.4109812E-05  -1.2848167E-04   4.8827506E-03   1.3529673E-03   7.3315240E-04   1.3804594E-03   7.1126348E-05  -2.3458772E-05  -1.4570754E-04  -8.5437269E-05   6.9139401E-04   1.6837875E-08   1.5717985E-08
 -1.4023664E-04   2.5171884E-04  -7.2145082E-05  -1.3990416E-03  -5.9316374E-03  -2.3449528E-03  -5.4883165E-03   6.7817896E-04   4.4886104E+01  -3.8167026E-01  -1.1295551E+00   3.7291444E+01   1.9505488E+00  -1.3728218E+01  -5.4958430E+01   7.6953208E-02  -7.5890606E-02   3.6967696E-01  -6.1535673E+00  -3.3720396E+01  -2.3438474E-04   7.7149294E-04
  1.1150898E-06   6.8906794E-07  -1.4217640E-06  -8.6186160E-05  -9.6735782E-05  -8.9520550E-05   7.6641768E-05   1.4109812E-05  -3.8167026E-01   8.2990870E-02  -5.7463683E-02  -5.7579471E-01   9.1942740E-01   1.6285861E+00   6.0269225E-01   5.4615357E-02   6.5693267E-03   6.6533798E-03   9.9302273E-02   1.1783163E-01   3.8973162E-06  -3.6207268E-06
  4.8490657E-05  -5.6297685E-05   2.8058278E-05   1.0465044E-03   1.9603027E-03   1.6475721E-03   1.2968564E-03  -1.2848167E-04  -1.1295551E+00  -5.7463683E-02   3.9825985E+00  -3.0373038E+01  -3.6313092E+00   7.6911926E+00   5.8033072E+00  -2.9583175E+00  -2.5768784E-01   1.8377408E-01   2.7727743E+00   3.4913487E+00   1.1189264E-04  -6.9939656E-05
 -8.3028202E-04   1.1432937E-03  -3.0251340E-04  -1.3214112E-02  -3.2694076E-02  -1.7411640E-02  -2.6572803E-02   4.8827506E-03   3.7291444E+01  -5.7579471E-01  -3.0373038E+01   7.6635079E+02   7.0724740E+01  -5.1868752E+01  -6.0211536E+01   1.4691208E+01  -7.5221622E+00   5.3532619E+00  -1.3838671E+01  -2.5082257E+01   3.4764053E-03   7.6887943E-04
 -5.0794627E-04   6.6129747E-04  -1.6277900E-04  -7.4769270E-03  -2.5231950E-02  -1.0626010E-02  -8.1932572E-03   1.3529673E-03   1.9505488E+00   9.1942740E-01  -3.6313092E+00   7.0724740E+01   6.5187679E+01   4.2053408E+01   1.7842170E+01  -4.7668066E+00  -5.4342083E-01  -1.4582975E+00   3.0733238E+00   3.5957550E+00   1.1567989E-04   3.2552906E-05
 -1.9529408E-04   1.7549262E-04  -5.2345158E-05  -3.3860328E-03  -1.1341031E-02  -3.2008705E-03   1.5900095E-03   7.3315240E-04  -1.3728218E+01   1.6285861E+00   7.6911926E+00  -5.1868752E+01   4.2053408E+01   8.5836265E+01   5.6323145E+01  -1.2579211E+01  -7.8775141E-01  -6.2418725E-01   5.1308352E+00   8.5000171E+00   4.1583143E-04  -5.6443387E-04
 -5.2549496E-05  -1.8683286E-04   5.5576373E-05  -9.5598467E-04  -1.8389243E-03   3.3588315E-03   6.2555164E-03   1.3804594E-03  -5.4958430E+01   6.0269225E-01   5.8033072E+00  -6.0211536E+01   1.7842170E+01   5.6323145E+01   1.0520086E+02  -1.0207929E+01  -5.2945473E-01  -1.1630718E+00   5.9532415E+00   3.3922553E+01   4.5177359E-04  -1.4440974E-03
 -6.0616757E-05   1.3313421E-04  -1.7715752E-05  -1.2211591E-03  -2.4080316E-03  -2.7766295E-03  -2.7594264E-03   7.1126348E-05   7.6953208E-02   5.4615357E-02  -2.9583175E+00   1.4691208E+01  -4.7668066E+00  -1.2579211E+01  -1.0207929E+01   6.3501218E+00   2.0330823E-01  -2.2025323E-01  -2.1588851E+00  -2.2995320E+00  -6.9427309E-05   6.0052520E-05
 -1.6813552E-06   5.3346350E-05   4.8734013E-06  -2.4520500E-04  -1.2377838E-03  -7.6991149E-04   3.2657024E-04  -2.3458772E-05  -7.5890606E-02   6.5693267E-03  -2.5768784E-01  -7.5221622E+00  -5.4342083E-01  -7.8775141E-01  -5.2945473E-01   2.0330823E-01   3.4336430E+00   6.1273508E-01   1.1920822E-01   7.4839122E-02   1.4441153E-04  -3.8860840E-05
 -2.9505406E-06   8.8889789E-05  -1.9637070E-05  -3.2868544E-04  -2.3300700E-03  -1.2818384E-03  -5.5651239E-04  -1.4570754E-04   3.6967696E-01   6.6533798E-03   1.8377408E-01   5.3532619E+00  -1.4582975E+00  -6.2418725E-01  -1.1630718E+00  -2.2025323E-01   6.1273508E-01   3.2079774E+00   2.7755409E+00   2.9385822E+00  -1.8088402E-04  -3.7246264E-05
 -6.9105831E-06   8.9908609E-05   6.9252302E-06  -1.4911729E-04  -1.2147250E-03  -8.2101406E-04  -3.5803661E-04  -8.5437269E-05  -6.1535673E+00   9.9302273E-02   2.7727743E+00  -1.3838671E+01   3.0733238E+00   5.1308352E+00   5.9532415E+00  -2.1588851E+00   1.1920822E-01   2.7755409E+00   1.0996178E+01   1.9498128E+01   2.1914276E-05   3.7308985E-04
  2.8154657E-05  -4.4178520E-05   4.7821445E-05   1.8764802E-04   2.5401918E-03   1.3119660E-03   1.7726936E-03   6.9139401E-04  -3.3720396E+01   1.1783163E-01   3.4913487E+00  -2.5082257E+01   3.5957550E+00   8.5000171E+00   3.3922553E+01  -2.2995320E+00   7.4839122E-02   2.9385822E+00   1.9498128E+01   5.3426114E+01   1.5201058E-04   8.0978404E-04
 -1.4281493E-10  -1.1940203E-08   1.2301685E-09  -1.4067603E-08   8.0826431E-08   1.4829396E-07  -9.4358682E-08   1.6837875E-08  -2.3438474E-04   3.8973162E-06   1.1189264E-04   3.4764053E-03   1.1567989E-04   4.1583143E-04   4.5177359E-04  -6.9427309E-05   1.4441153E-04  -1.8088402E-04   2.1914276E-05   1.5201058E-04   3.7143843E-07  -3.0066263E-09
 -2.7561546E-09   2.2459388E-09  -1.8014398E-09   1.5393575E-08   1.4854739E-07   4.6036028E-08  -1.0268511E-07   1.5717985E-08   7.7149294E-04  -3.6207268E-06  -6.9939656E-05   7.6887943E-04   3.2552906E-05  -5.6443387E-04  -1.4440974E-03   6.0052520E-05  -3.8860840E-05  -3.7246264E-05   3.7308985E-04   8.0978404E-04  -3.0066263E-09   3.8596559E-07
