# omegabh2 omegach2 theta tau Alens logA ns calPlanck
  9.5324719E-08  -1.3720535E-07   2.3395720E-08   2.5555385E-07   3.7886000E-05   3.0076378E-06   3.7688154E-06  -5.7439735E-09
 -1.3720535E-07   1.7296697E-06  -4.8111489E-09  -1.0206710E-06  -7.6144757E-05  -1.4522235E-06  -8.4675649E-06   3.3413524E-08
  2.3395720E-08  -4.8111489E-09   2.2875846E-07   1.0503402E-07   6.9056827E-06   7.7220431E-07   7.6836582E-07  -6.1881246E-09
  2.5555385E-07  -1.0206710E-06   1.0503402E-07   7.5472094E-05   3.5422770E-05   1.6035582E-04   2.0323621E-05  -7.4239234E-08
  3.7886000E-05  -7.6144757E-05   6.9056827E-06   3.5422770E-05   3.5092174E-02   1.8265632E-03   2.2838736E-03  -1.1102165E-05
  3.0076378E-06  -1.4522235E-06   7.7220431E-07   1.6035582E-04   1.8265632E-03   5.1397862E-04   1.7352111E-04   1.2478677E-05
  3.7688154E-06  -8.4675649E-06   7.6836582E-07   2.0323621E-05   2.2838736E-03   1.7352111E-04   2.5991279E-04  -4.1103916E-07
 -5.7439735E-09   3.3413524E-08  -6.1881246E-09  -7.4239234E-08  -1.1102165E-05   1.2478677E-05  -4.1103916E-07   6.3334842E-06
