# omegabh2 omegach2 theta tau Alensf logA ns calPlanck acib217 xi asz143 aps100 aps143 aps143217 aps217 aksz kgal100 kgal143 kgal143217 kgal217 cal0 cal2
    0.6933116E-07   -0.3239300E-06    0.6136247E-07    0.2227641E-05    0.5914032E-05    0.3893775E-05    0.1067354E-05    0.1738549E-07   -0.3688909E-03    0.7949000E-05    0.7952751E-04   -0.1548570E-02   -0.8726252E-03   -0.2251202E-03    0.5625362E-04   -0.1124870E-03   -0.1782152E-05   -0.9574752E-05   -0.5290589E-04    0.3537709E-05    0.5127947E-08   -0.3838373E-07
   -0.3239300E-06    0.4157340E-05   -0.4114967E-06   -0.2571875E-04   -0.1257072E-04   -0.4246190E-04   -0.1082249E-04   -0.3060847E-06    0.1613717E-02   -0.3763600E-04   -0.3494826E-03    0.6828214E-02    0.4056621E-02    0.1195923E-02   -0.1173900E-03    0.5182640E-03    0.4697554E-04    0.4191868E-04    0.2131979E-03   -0.6759455E-05   -0.3836059E-07    0.1878489E-06
    0.6136247E-07   -0.4114967E-06    0.2210681E-06    0.3747026E-05    0.4060158E-05    0.6835246E-05    0.1418268E-05    0.2633786E-07   -0.2595449E-03    0.5641241E-05    0.5758624E-04   -0.1126625E-02   -0.6222904E-03   -0.1563398E-03    0.4829307E-04   -0.8360945E-04   -0.4995086E-05   -0.1341087E-04   -0.4119374E-04   -0.6972893E-05    0.8061153E-08   -0.2912072E-07
    0.2227641E-05   -0.2571875E-04    0.3747026E-05    0.2881720E-03    0.2131273E-03    0.5084646E-03    0.7533345E-04   -0.2839217E-05   -0.1194973E-01    0.2501825E-03    0.2811101E-02   -0.5879687E-01   -0.3183688E-01   -0.1017607E-01   -0.1936395E-02   -0.3353329E-02   -0.1088656E-03   -0.1065408E-03   -0.1640372E-02   -0.8163623E-03   -0.5107292E-07   -0.1473828E-05
    0.5914032E-05   -0.1257072E-04    0.4060158E-05    0.2131273E-03    0.3634867E-02    0.4173214E-03    0.7296547E-04   -0.2404105E-05   -0.6527622E-01    0.1442899E-02    0.1091146E-01   -0.2485111E+00   -0.1144345E+00   -0.1484562E-01    0.3402921E-01   -0.2078375E-01   -0.6245544E-03   -0.3220994E-02   -0.1222423E-01   -0.4524621E-02    0.6082975E-06   -0.8080653E-05
    0.3893775E-05   -0.4246190E-04    0.6835246E-05    0.5084646E-03    0.4173214E-03    0.9292611E-03    0.1257839E-03    0.5995450E-05   -0.2118931E-01    0.4864844E-03    0.4869945E-02   -0.9913302E-01   -0.5395364E-01   -0.1509089E-01    0.1971851E-02   -0.6392510E-02   -0.3401116E-03   -0.6516245E-03   -0.3285509E-02    0.9433828E-04    0.9175055E-07   -0.2696591E-05
    0.1067354E-05   -0.1082249E-04    0.1418268E-05    0.7533345E-04    0.7296547E-04    0.1257839E-03    0.3946275E-04    0.7760556E-06   -0.9267529E-02    0.2360195E-03    0.1925913E-02   -0.4397061E-01   -0.1759324E-01   -0.7682259E-03    0.5504744E-02   -0.3459912E-02    0.2501631E-03   -0.3029491E-03   -0.1293209E-02    0.1596201E-03   -0.8714538E-07   -0.9437899E-06
    0.1738549E-07   -0.3060847E-06    0.2633786E-07   -0.2839217E-05   -0.2404105E-05    0.5995450E-05    0.7760556E-06    0.6160423E-05    0.6525327E-03    0.1823526E-05   -0.3318023E-05    0.3360806E-02    0.4841758E-03    0.3212751E-03    0.1298144E-02   -0.2665305E-04    0.2058401E-04   -0.6310492E-06    0.5745101E-05    0.8071413E-03    0.4147213E-08   -0.2974617E-07
   -0.3688909E-03    0.1613717E-02   -0.2595449E-03   -0.1194973E-01   -0.6527622E-01   -0.2118931E-01   -0.9267529E-02    0.6525327E-03    0.4454459E+02   -0.5194461E+00   -0.1941868E+01    0.4772709E+02    0.3994621E+01   -0.1963618E+02   -0.6060530E+02    0.7751448E+00   -0.5637120E-01    0.7628115E-01   -0.1709532E+01   -0.1831053E+02   -0.3205795E-03    0.4550523E-02
    0.7949000E-05   -0.3763600E-04    0.5641241E-05    0.2501825E-03    0.1442899E-02    0.4864844E-03    0.2360195E-03    0.1823526E-05   -0.5194461E+00    0.7961653E-01   -0.4227895E-01   -0.8337031E+00    0.9276359E+00    0.1924421E+01    0.8103568E+00    0.3374622E-01   -0.1333132E-02    0.1090807E-01    0.1074200E+00    0.1060105E+00    0.7803793E-05   -0.2225651E-04
    0.7952751E-04   -0.3494826E-03    0.5758624E-04    0.2811101E-02    0.1091146E-01    0.4869945E-02    0.1925913E-02   -0.3318023E-05   -0.1941868E+01   -0.4227895E-01    0.3452028E+01   -0.2863089E+02   -0.4674445E+01    0.6731343E+01    0.5784976E+01   -0.2094547E+01   -0.1649345E+00    0.1457922E-01    0.2064209E+01    0.1818737E+01    0.1760708E-03   -0.3769952E-03
   -0.1548570E-02    0.6828214E-02   -0.1126625E-02   -0.5879687E-01   -0.2485111E+00   -0.9913302E-01   -0.4397061E-01    0.3360806E-02    0.4772709E+02   -0.8337031E+00   -0.2863089E+02    0.7811818E+03    0.8049728E+02   -0.5584777E+02   -0.6707206E+02    0.1201740E+02   -0.3692331E+01    0.2793062E+01   -0.9818474E+01   -0.1371724E+02    0.6113647E-02    0.4940131E-02
   -0.8726252E-03    0.4056621E-02   -0.6222904E-03   -0.3183688E-01   -0.1144345E+00   -0.5395364E-01   -0.1759324E-01    0.4841758E-03    0.3994621E+01    0.9276359E+00   -0.4674445E+01    0.8049728E+02    0.6697110E+02    0.4480526E+02    0.1561141E+02   -0.2511831E+01   -0.1828991E+00   -0.1042739E+01    0.3752977E+01    0.3159869E+01    0.8914035E-04    0.5895563E-03
   -0.2251202E-03    0.1195923E-02   -0.1563398E-03   -0.1017607E-01   -0.1484562E-01   -0.1509089E-01   -0.7682259E-03    0.3212751E-03   -0.1963618E+02    0.1924421E+01    0.6731343E+01   -0.5584777E+02    0.4480526E+02    0.9697043E+02    0.6242410E+02   -0.9213779E+01   -0.5427470E+00   -0.3831065E+00    0.4151024E+01    0.3963322E+01    0.7346928E-03   -0.2371660E-02
    0.5625362E-04   -0.1173900E-03    0.4829307E-04   -0.1936395E-02    0.3402921E-01    0.1971851E-02    0.5504744E-02    0.1298144E-02   -0.6060530E+02    0.8103568E+00    0.5784976E+01   -0.6707206E+02    0.1561141E+02    0.6242410E+02    0.1171054E+03   -0.8080328E+01   -0.2891267E+00   -0.3939726E+00   -0.1297264E+01    0.1405511E+02    0.7210664E-03   -0.7701081E-02
   -0.1124870E-03    0.5182640E-03   -0.8360945E-04   -0.3353329E-02   -0.2078375E-01   -0.6392510E-02   -0.3459912E-02   -0.2665305E-04    0.7751448E+00    0.3374622E-01   -0.2094547E+01    0.1201740E+02   -0.2511831E+01   -0.9213779E+01   -0.8080328E+01    0.4739937E+01    0.6898343E-01   -0.4235376E-02   -0.1335556E+01   -0.1089784E+01   -0.1099117E-03    0.1848160E-03
   -0.1782152E-05    0.4697554E-04   -0.4995086E-05   -0.1088656E-03   -0.6245544E-03   -0.3401116E-03    0.2501631E-03    0.2058401E-04   -0.5637120E-01   -0.1333132E-02   -0.1649345E+00   -0.3692331E+01   -0.1828991E+00   -0.5427470E+00   -0.2891267E+00    0.6898343E-01    0.3542990E+01    0.4223334E+00    0.1293610E+00    0.2149579E+00    0.2978428E-03   -0.6968250E-05
   -0.9574752E-05    0.4191868E-04   -0.1341087E-04   -0.1065408E-03   -0.3220994E-02   -0.6516245E-03   -0.3029491E-03   -0.6310492E-06    0.7628115E-01    0.1090807E-01    0.1457922E-01    0.2793062E+01   -0.1042739E+01   -0.3831065E+00   -0.3939726E+00   -0.4235376E-02    0.4223334E+00    0.3341111E+01    0.2546397E+01    0.1706133E+01   -0.3013344E-03   -0.2063006E-03
   -0.5290589E-04    0.2131979E-03   -0.4119374E-04   -0.1640372E-02   -0.1222423E-01   -0.3285509E-02   -0.1293209E-02    0.5745101E-05   -0.1709532E+01    0.1074200E+00    0.2064209E+01   -0.9818474E+01    0.3752977E+01    0.4151024E+01   -0.1297264E+01   -0.1335556E+01    0.1293610E+00    0.2546397E+01    0.1698695E+02    0.2549435E+02   -0.1545396E-04    0.2597821E-02
    0.3537709E-05   -0.6759455E-05   -0.6972893E-05   -0.8163623E-03   -0.4524621E-02    0.9433828E-04    0.1596201E-03    0.8071413E-03   -0.1831053E+02    0.1060105E+00    0.1818737E+01   -0.1371724E+02    0.3159869E+01    0.3963322E+01    0.1405511E+02   -0.1089784E+01    0.2149579E+00    0.1706133E+01    0.2549435E+02    0.5454906E+02    0.8872346E-04    0.4614124E-02
    0.5127947E-08   -0.3836059E-07    0.8061153E-08   -0.5107292E-07    0.6082975E-06    0.9175055E-07   -0.8714538E-07    0.4147213E-08   -0.3205795E-03    0.7803793E-05    0.1760708E-03    0.6113647E-02    0.8914035E-04    0.7346928E-03    0.7210664E-03   -0.1099117E-03    0.2978428E-03   -0.3013344E-03   -0.1545396E-04    0.8872346E-04    0.6058129E-06   -0.8122551E-08
   -0.3838373E-07    0.1878489E-06   -0.2912072E-07   -0.1473828E-05   -0.8080653E-05   -0.2696591E-05   -0.9437899E-06   -0.2974617E-07    0.4550523E-02   -0.2225651E-04   -0.3769952E-03    0.4940131E-02    0.5895563E-03   -0.2371660E-02   -0.7701081E-02    0.1848160E-03   -0.6968250E-05   -0.2063006E-03    0.2597821E-02    0.4614124E-02   -0.8122551E-08    0.2131103E-05
