# omegabh2 omegach2 theta tau logA ns nrun calPlanck aps100 aps143 aps217 acib217 asz143 psr cibr xi aksz dust100 dust143 dust217 dust143x217 cal0 cal2 calTE calEE
  2.3507815E-08  -4.3459674E-08   1.1433872E-08   2.9172037E-07   6.5274207E-07   1.2804151E-07  -2.6984015E-07   2.5345351E-08  -1.8330069E-04  -1.7748128E-04   5.8571298E-06  -6.7025946E-05   1.0566043E-05   2.2571719E-07  -9.0516443E-07   4.4633475E-07  -1.0200388E-05   3.8577343E-07  -2.0685648E-07   6.7176049E-07   8.4991927E-08   4.6011340E-09   2.6607122E-09  -1.2082072E-07  -2.7812358E-07
 -4.3459674E-08   8.7814839E-07  -4.6494352E-08  -2.0763488E-06  -2.3422790E-06  -2.0643779E-06  -5.4975424E-07  -1.6040028E-07   7.5102649E-04   6.0303330E-04  -6.0121695E-04   4.7040825E-04  -6.1134679E-05  -3.3034424E-06   7.3704258E-06  -1.0861029E-06   9.3357862E-05   2.8994481E-07   6.7855241E-06  -2.9604928E-06   6.1840665E-07  -4.7322572E-08   2.1455009E-08  -2.1088256E-07  -4.6080733E-07
  1.1433872E-08  -4.6494352E-08   8.6627861E-08   2.0285002E-07   4.2144300E-07   2.3373548E-07   1.5543086E-08   1.8135634E-08  -6.6883692E-05  -2.8453092E-05   4.5823181E-05  -3.0228915E-05   3.0204010E-06  -5.5946304E-07   1.4931827E-06   9.3610954E-07  -1.0688808E-05   5.6049625E-08   4.6828051E-07   4.8949105E-07  -1.0981292E-06  -4.6894058E-09   5.5868676E-09  -3.7985914E-08   6.6002391E-10
  2.9172037E-07  -2.0763488E-06   2.0285002E-07   5.4787905E-05   1.0264860E-04   5.7055321E-06  -9.7699004E-06  -1.6503312E-06  -2.5859026E-03  -1.3514613E-03  -1.2106369E-03  -3.7628170E-04  -3.5490441E-05  -1.7292309E-06  -1.8113239E-05  -6.3640557E-06   2.0061665E-04   3.1337583E-06   3.4679640E-05   8.6959643E-06   2.9097566E-05  -1.6942171E-07   1.2120899E-07  -4.1411132E-06  -2.6333402E-06
  6.5274207E-07  -2.3422790E-06   4.2144300E-07   1.0264860E-04   2.2527841E-04   3.5335948E-06  -3.1407345E-05   8.4977120E-06   1.4160206E-02   4.8317732E-03   2.6874249E-04   2.0557145E-03  -3.9067248E-04  -2.2190726E-05   1.4877457E-05  -9.0132977E-06   4.0291230E-04   1.9167753E-05  -9.8026383E-06   1.5105334E-05   2.5874915E-05   3.7004750E-07   4.6864364E-07  -9.6991819E-06  -4.4677029E-06
  1.2804151E-07  -2.0643779E-06   2.3373548E-07   5.7055321E-06   3.5335948E-06   1.6283807E-05   9.0523802E-06   3.3768884E-07  -2.9634562E-02  -9.7072043E-03   1.0919266E-02  -7.8158913E-03   9.5213866E-04   8.6278389E-05  -1.3368288E-04   6.1438518E-05  -2.7069174E-03   1.4248253E-05  -4.1201787E-05   4.9129424E-05  -3.1525158E-06  -3.0257416E-07  -2.9511711E-07   7.4896531E-07  -2.6024402E-06
 -2.6984015E-07  -5.4975424E-07   1.5543086E-08  -9.7699004E-06  -3.1407345E-05   9.0523802E-06   4.3591162E-05  -5.5571835E-07  -3.3153102E-02  -1.4764144E-02   1.2061663E-02  -9.9776051E-03   1.2391305E-03   1.1595998E-04  -2.1392572E-04   7.9966618E-05  -3.1701042E-03  -4.1543869E-05  -2.9410763E-05   4.9744498E-05   9.4493630E-06  -3.0858898E-07  -7.6686661E-07   3.6740322E-06   1.2689739E-06
  2.5345351E-08  -1.6040028E-07   1.8135634E-08  -1.6503312E-06   8.4977120E-06   3.3768884E-07  -5.5571835E-07   6.0513518E-06   5.4770807E-03   1.1913150E-03   9.6154853E-04   8.2053563E-04   1.2960755E-05  -6.7463970E-06   2.0396329E-05  -4.6024822E-06  -4.9402676E-05   8.2068319E-06  -3.4298012E-06   5.9527861E-06  -4.9484084E-06   5.6505866E-08   3.7336846E-08  -3.0935080E-07  -1.6613761E-07
 -1.8330069E-04   7.5102649E-04  -6.6883692E-05  -2.5859026E-03   1.4160206E-02  -2.9634562E-02  -3.3153102E-02   5.4770807E-03   6.2144884E+02   7.0691377E+01  -6.4066898E+01   3.9037195E+01  -2.4260913E+01  -9.0984637E-01   1.6632053E-01  -2.0903085E-01   1.2160830E+01  -1.6164663E-01   2.2970778E-01  -2.9196644E-01  -2.2614737E-01   6.9644411E-03   3.4262856E-03  -1.6475891E-03   7.6762809E-03
 -1.7748128E-04   6.0303330E-04  -2.8453092E-05  -1.3514613E-03   4.8317732E-03  -9.7072043E-03  -1.4764144E-02   1.1913150E-03   7.0691377E+01   7.2623019E+01   7.0879019E+00   8.9494433E+00  -1.0156150E+00  -5.3027307E-02   5.3056386E-01   9.0176425E-01  -7.2743727E+00   3.4478631E-03  -2.4428123E-01   3.8028188E-02   3.2290451E-02   8.2384779E-04   8.9626033E-04  -4.4406248E-05   5.2951940E-03
  5.8571298E-06  -6.0121695E-04   4.5823181E-05  -1.2106369E-03   2.6874249E-04   1.0919266E-02   1.2061663E-02   9.6154853E-04  -6.4066898E+01   7.0879019E+00   1.7830975E+02  -8.4230769E+01   2.6749374E+00   4.0501617E-01  -1.1473692E+00   3.9482397E-01  -7.6529796E+00   2.0649456E-02  -2.9937910E-01   5.4066835E-01  -1.9504227E-02   1.4919349E-03  -7.8760232E-03   3.9232024E-03   4.8181148E-03
 -6.7025946E-05   4.7040825E-04  -3.0228915E-05  -3.7628170E-04   2.0557145E-03  -7.8158913E-03  -9.9776051E-03   8.2053563E-04   3.9037195E+01   8.9494433E+00  -8.4230769E+01   5.2326294E+01   1.3359247E+00  -8.2370980E-02   7.5703797E-01  -2.7468954E-01  -1.9267882E+00   3.7439713E-03   1.6444544E-01  -4.4143296E-01  -1.0367411E-01  -4.5547047E-04   3.2272208E-03  -1.9559813E-03  -6.8747773E-04
  1.0566043E-05  -6.1134679E-05   3.0204010E-06  -3.5490441E-05  -3.9067248E-04   9.5213866E-04   1.2391305E-03   1.2960755E-05  -2.4260913E+01  -1.0156150E+00   2.6749374E+00   1.3359247E+00   4.2630831E+00   1.0476348E-01   1.3319148E-01  -4.9444546E-02  -3.4968393E+00  -9.6508307E-03  -1.1907383E-02   1.2390134E-02   5.5835085E-02   4.7398023E-04  -1.8869053E-04   5.4119352E-05  -2.1726494E-04
  2.2571719E-07  -3.3034424E-06  -5.5946304E-07  -1.7292309E-06  -2.2190726E-05   8.6278389E-05   1.1595998E-04  -6.7463970E-06  -9.0984637E-01  -5.3027307E-02   4.0501617E-01  -8.2370980E-02   1.0476348E-01   1.7061311E-02  -1.8144095E-02   1.1760879E-02  -1.0820765E-01   2.4141845E-04  -1.4625799E-03  -2.5925727E-03   5.2239678E-03   1.6375540E-05  -4.1919971E-05   3.4744967E-05   2.5967748E-06
 -9.0516443E-07   7.3704258E-06   1.4931827E-06  -1.8113239E-05   1.4877457E-05  -1.3368288E-04  -2.1392572E-04   2.0396329E-05   1.6632053E-01   5.3056386E-01  -1.1473692E+00   7.5703797E-01   1.3319148E-01  -1.8144095E-02   6.7964027E-02   3.1458958E-03  -1.3429158E-01  -4.7493862E-05   6.8192877E-03  -2.7986305E-05  -1.7001018E-02  -5.6814859E-06   1.0117000E-04  -6.5991094E-05  -1.6983672E-05
  4.4633475E-07  -1.0861029E-06   9.3610954E-07  -6.3640557E-06  -9.0132977E-06   6.1438518E-05   7.9966618E-05  -4.6024822E-06  -2.0903085E-01   9.0176425E-01   3.9482397E-01  -2.7468954E-01  -4.9444546E-02   1.1760879E-02   3.1458958E-03   8.0963437E-02   3.2369455E-02   6.1411101E-04   1.0759955E-03   8.8778390E-04   5.6990693E-04   8.6672726E-06  -1.5965692E-05   1.4586787E-05   1.4939248E-06
 -1.0200388E-05   9.3357862E-05  -1.0688808E-05   2.0061665E-04   4.0291230E-04  -2.7069174E-03  -3.1701042E-03  -4.9402676E-05   1.2160830E+01  -7.2743727E+00  -7.6529796E+00  -1.9267882E+00  -3.4968393E+00  -1.0820765E-01  -1.3429158E-01   3.2369455E-02   7.2750224E+00  -9.6771709E-04   1.0649573E-02  -8.1474603E-03  -4.3912090E-02  -3.1457310E-04   5.6564295E-05  -2.9149083E-04  -2.4598216E-04
  3.8577343E-07   2.8994481E-07   5.6049625E-08   3.1337583E-06   1.9167753E-05   1.4248253E-05  -4.1543869E-05   8.2068319E-06  -1.6164663E-01   3.4478631E-03   2.0649456E-02   3.7439713E-03  -9.6508307E-03   2.4141845E-04  -4.7493862E-05   6.1411101E-04  -9.6771709E-04   3.7529563E-02   2.9314747E-03  -5.8719719E-04  -3.5469787E-04   3.6786437E-05  -1.4695072E-05  -7.2607847E-06   1.0830739E-06
 -2.0685648E-07   6.7855241E-06   4.6828051E-07   3.4679640E-05  -9.8026383E-06  -4.1201787E-05  -2.9410763E-05  -3.4298012E-06   2.2970778E-01  -2.4428123E-01  -2.9937910E-01   1.6444544E-01  -1.1907383E-02  -1.4625799E-03   6.8192877E-03   1.0759955E-03   1.0649573E-02   2.9314747E-03   3.2132948E-02  -8.7979626E-04   5.3124629E-03  -8.5703574E-05  -4.4562857E-05  -9.9022933E-05  -9.7089264E-05
  6.7176049E-07  -2.9604928E-06   4.8949105E-07   8.6959643E-06   1.5105334E-05   4.9129424E-05   4.9744498E-05   5.9527861E-06  -2.9196644E-01   3.8028188E-02   5.4066835E-01  -4.4143296E-01   1.2390134E-02  -2.5925727E-03  -2.7986305E-05   8.8778390E-04  -8.1474603E-03  -5.8719719E-04  -8.7979626E-04   1.0571974E-02   8.2079384E-03   3.3745028E-06   6.4923396E-05   5.5447526E-06  -1.2474738E-06
  8.4991927E-08   6.1840665E-07  -1.0981292E-06   2.9097566E-05   2.5874915E-05  -3.1525158E-06   9.4493630E-06  -4.9484084E-06  -2.2614737E-01   3.2290451E-02  -1.9504227E-02  -1.0367411E-01   5.5835085E-02   5.2239678E-03  -1.7001018E-02   5.6990693E-04  -4.3912090E-02  -3.5469787E-04   5.3124629E-03   8.2079384E-03   2.5394260E-02  -4.6363354E-06   6.0003817E-05  -2.6054205E-05  -2.2990676E-05
  4.6011340E-09  -4.7322572E-08  -4.6894058E-09  -1.6942171E-07   3.7004750E-07  -3.0257416E-07  -3.0858898E-07   5.6505866E-08   6.9644411E-03   8.2384779E-04   1.4919349E-03  -4.5547047E-04   4.7398023E-04   1.6375540E-05  -5.6814859E-06   8.6672726E-06  -3.1457310E-04   3.6786437E-05  -8.5703574E-05   3.3745028E-06  -4.6363354E-06   1.1399316E-06   5.4946906E-08   3.9746163E-07   6.4462695E-07
  2.6607122E-09   2.1455009E-08   5.5868676E-09   1.2120899E-07   4.6864364E-07  -2.9511711E-07  -7.6686661E-07   3.7336846E-08   3.4262856E-03   8.9626033E-04  -7.8760232E-03   3.2272208E-03  -1.8869053E-04  -4.1919971E-05   1.0117000E-04  -1.5965692E-05   5.6564295E-05  -1.4695072E-05  -4.4562857E-05   6.4923396E-05   6.0003817E-05   5.4946906E-08   2.5190795E-06   6.3530744E-08  -7.4178903E-08
 -1.2082072E-07  -2.1088256E-07  -3.7985914E-08  -4.1411132E-06  -9.6991819E-06   7.4896531E-07   3.6740322E-06  -3.0935080E-07  -1.6475891E-03  -4.4406248E-05   3.9232024E-03  -1.9559813E-03   5.4119352E-05   3.4744967E-05  -6.5991094E-05   1.4586787E-05  -2.9149083E-04  -7.2607847E-06  -9.9022933E-05   5.5447526E-06  -2.6054205E-05   3.9746163E-07   6.3530744E-08   2.4266925E-05   7.7676381E-06
 -2.7812358E-07  -4.6080733E-07   6.6002391E-10  -2.6333402E-06  -4.4677029E-06  -2.6024402E-06   1.2689739E-06  -1.6613761E-07   7.6762809E-03   5.2951940E-03   4.8181148E-03  -6.8747773E-04  -2.1726494E-04   2.5967748E-06  -1.6983672E-05   1.4939248E-06  -2.4598216E-04   1.0830739E-06  -9.7089264E-05  -1.2474738E-06  -2.2990676E-05   6.4462695E-07  -7.4178903E-08   7.7676381E-06   2.3995035E-05
