# omegabh2 omegach2 theta tau mnu nnu logA ns calPlanck aps100 aps143 aps217 acib217 asz143 psr cibr xi aksz dust100 dust143 dust217 dust143x217 cal0 cal2 calTE calEE
  3.5404286E-08   3.2255990E-07  -3.2264217E-08   2.6329879E-07   1.2074717E-06   2.3823237E-05   1.4919262E-06   9.4861141E-07   1.5833489E-08   2.4649792E-04   9.1023826E-05  -7.4815629E-05   7.2398709E-05  -2.3455417E-06  -3.3365889E-07   1.5060122E-06  -4.1668288E-07   1.8564787E-05   5.4844397E-07   6.4430632E-07  -1.1781266E-07   1.8668771E-07   1.3613043E-09   1.0682071E-08   5.7963492E-08   1.0187901E-08
  3.2255990E-07   1.0593032E-05  -1.1921794E-06  -1.0803482E-06   1.9096080E-05   6.3088429E-04   2.5025783E-05   1.8545470E-05  -3.0714091E-07   1.5739748E-02   9.4647840E-03  -3.4227257E-03   4.8478117E-03  -4.9496585E-04  -3.6061919E-05   9.1433515E-05  -4.9346068E-05   1.2409349E-03   1.1423253E-05   3.0779205E-05  -1.9452800E-05   1.4000898E-05  -6.0750842E-08   3.7639709E-07   3.7548810E-06   6.9936499E-06
 -3.2264217E-08  -1.1921794E-06   2.2101408E-07   7.3443785E-08  -2.8119529E-06  -7.4242190E-05  -2.8545433E-06  -2.1929860E-06   2.8641282E-08  -1.8617643E-03  -1.1119056E-03   3.2130479E-04  -5.1678090E-04   5.7677045E-05   4.2106311E-06  -9.9122680E-06   6.1912087E-06  -1.4573467E-04  -1.1793844E-06  -2.4486931E-06   1.6940885E-06  -1.6859273E-06   7.8778869E-10  -4.4386847E-08  -5.1469339E-07  -8.7989077E-07
  2.6329879E-07  -1.0803482E-06   7.3443785E-08   5.3364596E-05   6.0882352E-05   7.9827219E-05   1.0225572E-04   1.0513977E-05  -6.6648403E-07  -7.4280841E-03  -3.6601921E-03   3.7349529E-04  -1.2910732E-03   1.7235395E-04   1.1440579E-05  -1.9338468E-05   1.9164455E-07  -2.2071300E-04   1.2897943E-05   2.1628635E-05   7.2290963E-06  -3.5071593E-06  -1.2479098E-07  -2.6346009E-08  -2.6448621E-06  -1.4625153E-06
  1.2074717E-06   1.9096080E-05  -2.8119529E-06   6.0882352E-05   1.4645505E-03   1.6102600E-03   1.8565266E-04   6.4287337E-05   5.6935321E-06   3.7553337E-02   1.9104800E-02  -4.5928867E-03   1.0180800E-02  -1.3954399E-03  -7.6138153E-05   2.3418150E-04  -1.6622045E-04   3.5043776E-03   3.1595486E-05   5.7654011E-05  -1.2235340E-05  -2.3694234E-05   4.4222007E-07   9.6657756E-07   1.5176264E-05   2.5118709E-05
  2.3823237E-05   6.3088429E-04  -7.4242190E-05   7.9827219E-05   1.6102600E-03   4.0780783E-02   1.8216928E-03   1.3218085E-03  -6.0738485E-06   9.9215176E-01   5.8738327E-01  -2.0488824E-01   2.9824340E-01  -3.0163041E-02  -2.1858871E-03   5.6572568E-03  -2.9054733E-03   7.5842710E-02   7.1301086E-04   1.6550337E-03  -1.1518377E-03   7.9841319E-04  -7.5158185E-07   2.4389849E-05   2.5427595E-04   4.8001326E-04
  1.4919262E-06   2.5025783E-05  -2.8545433E-06   1.0225572E-04   1.8565266E-04   1.8216928E-03   2.9338756E-04   7.0251263E-05   9.8623612E-06   3.2613073E-02   1.8854034E-02  -1.2652984E-03   9.1262041E-03  -9.1756181E-04  -5.1001704E-05   1.5621872E-04  -9.0276249E-05   1.7631582E-03   2.9899927E-05   3.0540955E-05  -1.0894907E-05   1.3393380E-05   2.7384672E-07   1.0653823E-06   4.8794715E-06   1.8108155E-05
  9.4861141E-07   1.8545470E-05  -2.1929860E-06   1.0513977E-05   6.4287337E-05   1.3218085E-03   7.0251263E-05   5.6823654E-05   4.6682923E-07   1.2136652E-02   1.2549992E-02   1.0966819E-03   4.4155115E-03  -4.6074468E-04  -9.2452581E-06   8.5384853E-05  -3.0341180E-05   5.6701762E-04   4.0112116E-05   2.2671317E-05  -1.1173858E-05   1.5990267E-05  -2.4907433E-07   5.2982477E-07   8.0866843E-06   1.2990377E-05
  1.5833489E-08  -3.0714091E-07   2.8641282E-08  -6.6648403E-07   5.6935321E-06  -6.0738485E-06   9.8623612E-06   4.6682923E-07   5.9349071E-06   3.5005439E-03   1.6723561E-04   9.6147351E-04   5.4388603E-04  -3.7019099E-05  -2.5812299E-06  -2.1045975E-06  -8.8265198E-07  -5.6459468E-05  -4.3601476E-06  -1.5165873E-06   7.0976528E-06  -1.3643397E-06   2.1557383E-08   4.7740003E-08  -1.9586791E-07  -9.1113119E-09
  2.4649792E-04   1.5739748E-02  -1.8617643E-03  -7.4280841E-03   3.7553337E-02   9.9215176E-01   3.2613073E-02   1.2136652E-02   3.5005439E-03   6.2207732E+02   6.9778757E+01  -5.6227607E+01   3.4883559E+01  -2.5482098E+01  -8.2992458E-01  -1.2755331E-01  -3.2599119E-01   1.1906226E+01  -1.4912713E-01   3.1313783E-01  -2.6242544E-01  -1.8033270E-01   6.5033373E-03   3.4241830E-03   8.5400638E-03   1.7745127E-02
  9.1023826E-05   9.4647840E-03  -1.1119056E-03  -3.6601921E-03   1.9104800E-02   5.8738327E-01   1.8854034E-02   1.2549992E-02   1.6723561E-04   6.9778757E+01   7.3923485E+01   7.0168509E+00   1.0160446E+01  -7.0817195E-01  -3.6447124E-02   4.7655531E-01   8.3008121E-01  -7.3809048E+00  -1.8163559E-02  -2.0154477E-01   2.9359072E-02   9.0121422E-02   8.6171309E-04   9.2818561E-04   6.3737444E-03   1.2437952E-02
 -7.4815629E-05  -3.4227257E-03   3.2130479E-04   3.7349529E-04  -4.5928867E-03  -2.0488824E-01  -1.2652984E-03   1.0966819E-03   9.6147351E-04  -5.6227607E+01   7.0168509E+00   1.7247532E+02  -8.1994888E+01   2.7768798E+00   3.0111794E-01  -9.8355867E-01   3.4596751E-01  -7.2479627E+00  -2.2473245E-02  -2.3689145E-01   5.4341494E-01  -3.9640998E-02   1.6282167E-03  -7.8543570E-03   1.7208594E-03   1.0721543E-03
  7.2398709E-05   4.8478117E-03  -5.1678090E-04  -1.2910732E-03   1.0180800E-02   2.9824340E-01   9.1262041E-03   4.4155115E-03   5.4388603E-04   3.4883559E+01   1.0160446E+01  -8.1994888E+01   5.2345191E+01   1.5014756E+00  -3.3006089E-02   7.1371058E-01  -2.6944695E-01  -2.4311161E+00   4.3346615E-03   1.4906330E-01  -4.4857760E-01  -8.7966009E-02  -5.1920251E-04   3.2473724E-03   1.2249161E-03   3.7178748E-03
 -2.3455417E-06  -4.9496585E-04   5.7677045E-05   1.7235395E-04  -1.3954399E-03  -3.0163041E-02  -9.1756181E-04  -4.6074468E-04  -3.7019099E-05  -2.5482098E+01  -7.0817195E-01   2.7768798E+00   1.5014756E+00   4.3410100E+00   1.0316622E-01   1.5518595E-01  -3.2713828E-02  -3.5518787E+00  -6.7131973E-03  -7.4543743E-03   8.4343344E-03   5.1156203E-02   4.5544484E-04  -2.5111671E-04  -3.5185026E-04  -4.3303926E-04
 -3.3365889E-07  -3.6061919E-05   4.2106311E-06   1.1440579E-05  -7.6138153E-05  -2.1858871E-03  -5.1001704E-05  -9.2452581E-06  -2.5812299E-06  -8.2992458E-01  -3.6447124E-02   3.0111794E-01  -3.3006089E-02   1.0316622E-01   1.6734900E-02  -1.6926113E-02   1.2230367E-02  -1.0824164E-01  -3.0254981E-04  -1.1318617E-03  -2.7137865E-03   5.4021699E-03   1.7743291E-05  -3.6375337E-05   8.0508678E-06  -1.3874055E-05
  1.5060122E-06   9.1433515E-05  -9.9122680E-06  -1.9338468E-05   2.3418150E-04   5.6572568E-03   1.5621872E-04   8.5384853E-05  -2.1045975E-06  -1.2755331E-01   4.7655531E-01  -9.8355867E-01   7.1371058E-01   1.5518595E-01  -1.6926113E-02   6.9137210E-02   3.2495465E-03  -1.4523104E-01   8.2846144E-04   6.8168991E-03  -2.5039835E-04  -1.7951202E-02  -6.0067503E-06   9.4661413E-05   2.5630556E-07   6.6601402E-05
 -4.1668288E-07  -4.9346068E-05   6.1912087E-06   1.9164455E-07  -1.6622045E-04  -2.9054733E-03  -9.0276249E-05  -3.0341180E-05  -8.8265198E-07  -3.2599119E-01   8.3008121E-01   3.4596751E-01  -2.6944695E-01  -3.2713828E-02   1.2230367E-02   3.2495465E-03   8.2325802E-02   3.0887574E-02   5.9690656E-04   5.4001268E-04   1.1454165E-03   1.3826588E-03   1.6898125E-05  -8.5099028E-06  -2.5443579E-06  -2.0155051E-05
  1.8564787E-05   1.2409349E-03  -1.4573467E-04  -2.2071300E-04   3.5043776E-03   7.5842710E-02   1.7631582E-03   5.6701762E-04  -5.6459468E-05   1.1906226E+01  -7.3809048E+00  -7.2479627E+00  -2.4311161E+00  -3.5518787E+00  -1.0824164E-01  -1.4523104E-01   3.0887574E-02   7.4246785E+00   5.1156749E-03  -1.9060855E-03  -2.7523444E-03  -5.2197437E-02  -3.4963118E-04   1.0305791E-04  -2.4663133E-05   4.1814843E-04
  5.4844397E-07   1.1423253E-05  -1.1793844E-06   1.2897943E-05   3.1595486E-05   7.1301086E-04   2.9899927E-05   4.0112116E-05  -4.3601476E-06  -1.4912713E-01  -1.8163559E-02  -2.2473245E-02   4.3346615E-03  -6.7131973E-03  -3.0254981E-04   8.2846144E-04   5.9690656E-04   5.1156749E-03   3.8435851E-02   2.8267551E-03   7.9758457E-05   3.8975477E-04   3.5244374E-05  -2.0995848E-06  -1.3427721E-05  -1.9015771E-05
  6.4430632E-07   3.0779205E-05  -2.4486931E-06   2.1628635E-05   5.7654011E-05   1.6550337E-03   3.0540955E-05   2.2671317E-05  -1.5165873E-06   3.1313783E-01  -2.0154477E-01  -2.3689145E-01   1.4906330E-01  -7.4543743E-03  -1.1318617E-03   6.8168991E-03   5.4001268E-04  -1.9060855E-03   2.8267551E-03   3.0928783E-02  -5.6644156E-04   5.4953022E-03  -8.0403653E-05  -4.2950855E-05  -6.8647380E-05  -6.3095458E-05
 -1.1781266E-07  -1.9452800E-05   1.6940885E-06   7.2290963E-06  -1.2235340E-05  -1.1518377E-03  -1.0894907E-05  -1.1173858E-05   7.0976528E-06  -2.6242544E-01   2.9359072E-02   5.4341494E-01  -4.4857760E-01   8.4343344E-03  -2.7137865E-03  -2.5039835E-04   1.1454165E-03  -2.7523444E-03   7.9758457E-05  -5.6644156E-04   1.0608675E-02   8.3347803E-03   3.8581044E-06   6.2434424E-05  -4.1937897E-06  -1.6199468E-05
  1.8668771E-07   1.4000898E-05  -1.6859273E-06  -3.5071593E-06  -2.3694234E-05   7.9841319E-04   1.3393380E-05   1.5990267E-05  -1.3643397E-06  -1.8033270E-01   9.0121422E-02  -3.9640998E-02  -8.7966009E-02   5.1156203E-02   5.4021699E-03  -1.7951202E-02   1.3826588E-03  -5.2197437E-02   3.8975477E-04   5.4953022E-03   8.3347803E-03   2.6662299E-02  -4.2638833E-06   6.1080537E-05  -1.0855304E-05  -4.1476005E-06
  1.3613043E-09  -6.0750842E-08   7.8778869E-10  -1.2479098E-07   4.4222007E-07  -7.5158185E-07   2.7384672E-07  -2.4907433E-07   2.1557383E-08   6.5033373E-03   8.6171309E-04   1.6282167E-03  -5.1920251E-04   4.5544484E-04   1.7743291E-05  -6.0067503E-06   1.6898125E-05  -3.4963118E-04   3.5244374E-05  -8.0403653E-05   3.8581044E-06  -4.2638833E-06   1.0996443E-06   5.8370599E-08   3.9274421E-07   6.6005238E-07
  1.0682071E-08   3.7639709E-07  -4.4386847E-08  -2.6346009E-08   9.6657756E-07   2.4389849E-05   1.0653823E-06   5.2982477E-07   4.7740003E-08   3.4241830E-03   9.2818561E-04  -7.8543570E-03   3.2473724E-03  -2.5111671E-04  -3.6375337E-05   9.4661413E-05  -8.5099028E-06   1.0305791E-04  -2.0995848E-06  -4.2950855E-05   6.2434424E-05   6.1080537E-05   5.8370599E-08   2.4782304E-06   4.1126289E-07   4.2304664E-07
  5.7963492E-08   3.7548810E-06  -5.1469339E-07  -2.6448621E-06   1.5176264E-05   2.5427595E-04   4.8794715E-06   8.0866843E-06  -1.9586791E-07   8.5400638E-03   6.3737444E-03   1.7208594E-03   1.2249161E-03  -3.5185026E-04   8.0508678E-06   2.5630556E-07  -2.5443579E-06  -2.4663133E-05  -1.3427721E-05  -6.8647380E-05  -4.1937897E-06  -1.0855304E-05   3.9274421E-07   4.1126289E-07   2.5729175E-05   1.1274374E-05
  1.0187901E-08   6.9936499E-06  -8.7989077E-07  -1.4625153E-06   2.5118709E-05   4.8001326E-04   1.8108155E-05   1.2990377E-05  -9.1113119E-09   1.7745127E-02   1.2437952E-02   1.0721543E-03   3.7178748E-03  -4.3303926E-04  -1.3874055E-05   6.6601402E-05  -2.0155051E-05   4.1814843E-04  -1.9015771E-05  -6.3095458E-05  -1.6199468E-05  -4.1476005E-06   6.6005238E-07   4.2304664E-07   1.1274374E-05   2.9595139E-05
