# omegabh2 omegach2 theta tau w wa logA ns calPlanck aps100 aps143 aps217 acib217 asz143 psr cibr xi aksz dust100 dust143 dust217 dust143x217 cal0 cal2 calTE calEE
  2.3601506E-08  -8.4987999E-08   1.5126037E-08   1.8516445E-07  -1.6344606E-07   7.6211836E-06   2.5513652E-07   2.7501212E-07   1.5759049E-08  -3.7861303E-04  -2.7461957E-04   5.0578767E-05  -1.1089800E-04   1.8301817E-05   9.9182925E-07  -2.4258998E-06   5.1553866E-07  -3.1659162E-05   1.0315756E-06   4.5806870E-07   7.2605952E-07   4.3862080E-07   3.8603998E-10  -7.0215424E-09  -8.7131821E-08  -2.6301826E-07
 -8.4987999E-08   1.5786627E-06  -1.2945947E-07  -1.6310066E-06   1.4842682E-05  -1.5937072E-04   3.5635931E-07  -3.6626001E-06  -8.8740215E-08   2.8622884E-04   7.0870148E-04   9.2090033E-05   2.3082539E-04   2.5419571E-06  -2.9239992E-06   1.1750749E-05  -2.0195218E-06   1.2223152E-05  -8.6140260E-06  -2.3047380E-06  -4.7046053E-07  -2.8040468E-06  -2.2587243E-08   3.4508241E-08  -4.8679008E-07  -6.9468378E-07
  1.5126037E-08  -1.2945947E-07   9.5234199E-08   1.9409392E-07  -1.9474583E-06   1.9536582E-05   2.2298666E-07   4.0471276E-07   2.8525391E-08   4.5424626E-05  -2.3886027E-05  -1.4180312E-04   7.1279344E-05  -3.8887087E-07   1.8071548E-07   3.0584527E-07   7.3435447E-07  -1.0075954E-06   1.4019605E-06   2.1794176E-07  -8.2741759E-07  -3.1501786E-07   7.2474594E-11   2.1868253E-09  -1.0736974E-08   4.3043707E-08
  1.8516445E-07  -1.6310066E-06   1.9409392E-07   4.3226195E-05  -2.3122233E-05   2.1346366E-04   8.2356758E-05   6.1303522E-06  -7.0735460E-08  -9.7429428E-03  -3.9333206E-03   2.4764404E-03  -2.2520092E-03   3.5212642E-04   4.5236435E-05  -7.5718174E-05   3.5343724E-05  -6.2933787E-04  -4.5619731E-06   1.0534472E-06   3.7666520E-06   1.0105117E-05  -1.1277518E-07  -2.6916758E-07  -2.4428348E-06  -1.8078418E-06
 -1.6344606E-07   1.4842682E-05  -1.9474583E-06  -2.3122233E-05   6.3780912E-03  -2.3660518E-02  -2.4521338E-05  -2.6000505E-05  -6.5232592E-06  -3.0690912E-02  -8.7228734E-03   1.6619605E-03  -4.8909379E-04   1.7742618E-03  -1.5083704E-06  -4.5388856E-05  -1.4667322E-05  -3.2745905E-03   7.6190027E-05  -1.1667108E-04  -1.1539321E-04  -6.6342706E-05  -2.8700841E-07  -1.0112421E-06  -1.5522682E-05  -2.1628036E-05
  7.6211836E-06  -1.5937072E-04   1.9536582E-05   2.1346366E-04  -2.3660518E-02   1.0458001E-01   1.1931220E-04   3.3875571E-04   3.1978835E-05   7.1282295E-02  -1.0611059E-02  -1.8125659E-02  -3.5515301E-03   7.7203941E-04   2.5819530E-04  -2.2121378E-06   1.2844756E-04   2.8035507E-03   4.7511976E-04   7.8993462E-04   3.7822742E-04   3.3817876E-04   2.5980812E-06  -2.1739090E-07   8.9664175E-05   1.1718076E-04
  2.5513652E-07   3.5635931E-07   2.2298666E-07   8.2356758E-05  -2.4521338E-05   1.1931220E-04   1.9308806E-04   2.0880315E-06   1.1837202E-05  -1.0319561E-02  -4.5463597E-03   1.2863699E-02  -5.2174716E-03   6.2490463E-04   1.1526005E-04  -2.0169582E-04   1.0330306E-04  -2.0695110E-03  -5.5491324E-05  -9.0846675E-05   2.3121122E-05  -1.6321055E-08   4.2856461E-07  -6.5320034E-07  -6.4916086E-06  -2.7857691E-06
  2.7501212E-07  -3.6626001E-06   4.0471276E-07   6.1303522E-06  -2.6000505E-05   3.3875571E-04   2.0880315E-06   1.8993461E-05   2.6494714E-07  -2.2303684E-02  -7.9334486E-03   7.9073237E-03  -5.7954162E-03   6.0782543E-04   7.4935025E-05  -1.3348538E-04   4.9900460E-05  -2.0393793E-03   3.2516580E-05  -1.7763921E-05   2.9824906E-05   4.4339294E-06  -2.9433859E-07  -2.8573855E-07   5.8086539E-07  -2.2696117E-06
  1.5759049E-08  -8.8740215E-08   2.8525391E-08  -7.0735460E-08  -6.5232592E-06   3.1978835E-05   1.1837202E-05   2.6494714E-07   6.0649502E-06   4.8565186E-03   4.7921198E-04   1.2087802E-03   5.5419436E-04  -8.3340654E-05   1.2330667E-06  -1.1961131E-05   4.8706837E-07   1.6600441E-05  -5.7936820E-06   1.9190279E-06   3.5142388E-06   5.8612809E-07   2.2732358E-08  -6.9221884E-08  -4.3675444E-07  -4.5272464E-08
 -3.7861303E-04   2.8622884E-04   4.5424626E-05  -9.7429428E-03  -3.0690912E-02   7.1282295E-02  -1.0319561E-02  -2.2303684E-02   4.8565186E-03   6.0795415E+02   5.7649375E+01  -5.5567424E+01   3.1665150E+01  -2.4070282E+01  -8.9290169E-01  -3.1397603E-02  -2.7736298E-01   9.8701710E+00  -1.8407547E-01   2.6564366E-01  -2.4607235E-01  -2.1851699E-01   6.9264175E-03   3.0724355E-03   3.3311164E-03   8.8979226E-03
 -2.7461957E-04   7.0870148E-04  -2.3886027E-05  -3.9333206E-03  -8.7228734E-03  -1.0611059E-02  -4.5463597E-03  -7.9334486E-03   4.7921198E-04   5.7649375E+01   6.7570889E+01   8.9038788E+00   6.4060550E+00  -4.6388523E-02  -3.4297635E-02   4.6011126E-01   9.0317258E-01  -8.5308956E+00  -3.6216846E-02  -2.4037888E-01   5.9258945E-02   8.0498670E-02   1.0086879E-03   5.8346398E-04   2.3853887E-03   5.6505933E-03
  5.0578767E-05   9.2090033E-05  -1.4180312E-04   2.4764404E-03   1.6619605E-03  -1.8125659E-02   1.2863699E-02   7.9073237E-03   1.2087802E-03  -5.5567424E+01   8.9038788E+00   1.7211617E+02  -8.1814086E+01   2.7061417E+00   3.1484375E-01  -1.0314824E+00   3.4532490E-01  -7.0903781E+00  -6.2475270E-02  -2.5056365E-01   5.5737071E-01  -1.2435131E-02   1.6702018E-03  -7.4302927E-03   3.0079893E-03   3.7280065E-03
 -1.1089800E-04   2.3082539E-04   7.1279344E-05  -2.2520092E-03  -4.8909379E-04  -3.5515301E-03  -5.2174716E-03  -5.7954162E-03   5.5419436E-04   3.1665150E+01   6.4060550E+00  -8.1814086E+01   5.1449114E+01   1.6615065E+00  -2.8315451E-02   7.2015105E-01  -2.4541310E-01  -2.8928890E+00   2.4461269E-02   1.5797960E-01  -4.5774402E-01  -1.1176689E-01  -5.1314290E-04   2.9223508E-03  -1.1074692E-03  -4.5193172E-04
  1.8301817E-05   2.5419571E-06  -3.8887087E-07   3.5212642E-04   1.7742618E-03   7.7203941E-04   6.2490463E-04   6.0782543E-04  -8.3340654E-05  -2.4070282E+01  -4.6388523E-02   2.7061417E+00   1.6615065E+00   4.2586837E+00   1.0624149E-01   1.5524779E-01  -2.8625018E-02  -3.5838787E+00  -1.2360148E-03   7.3915239E-04   7.5720645E-03   5.1331879E-02   4.6239648E-04  -2.3228317E-04  -1.5990014E-04  -4.7078133E-04
  9.9182925E-07  -2.9239992E-06   1.8071548E-07   4.5236435E-05  -1.5083704E-06   2.5819530E-04   1.1526005E-04   7.4935025E-05   1.2330667E-06  -8.9290169E-01  -3.4297635E-02   3.1484375E-01  -2.8315451E-02   1.0624149E-01   1.6782186E-02  -1.6890421E-02   1.1034702E-02  -1.0910871E-01  -2.0305953E-04  -9.7371380E-04  -2.8269139E-03   5.3039888E-03   1.7373988E-05  -3.6622233E-05   9.7963988E-06   6.4189905E-06
 -2.4258998E-06   1.1750749E-05   3.0584527E-07  -7.5718174E-05  -4.5388856E-05  -2.2121378E-06  -2.0169582E-04  -1.3348538E-04  -1.1961131E-05  -3.1397603E-02   4.6011126E-01  -1.0314824E+00   7.2015105E-01   1.5524779E-01  -1.6890421E-02   6.9477909E-02   5.5358376E-03  -1.5644551E-01   9.6513474E-05   7.2071612E-03  -2.9822693E-04  -1.7932689E-02  -7.1159439E-06   9.4662272E-05  -1.1146991E-05  -1.8455253E-05
  5.1553866E-07  -2.0195218E-06   7.3435447E-07   3.5343724E-05  -1.4667322E-05   1.2844756E-04   1.0330306E-04   4.9900460E-05   4.8706837E-07  -2.7736298E-01   9.0317258E-01   3.4532490E-01  -2.4541310E-01  -2.8625018E-02   1.1034702E-02   5.5358376E-03   8.1485979E-02   3.3793050E-02  -7.4172419E-04  -2.1520067E-05   1.3687067E-03   7.4018434E-04   1.5371178E-05  -3.4532139E-06   2.6535019E-05   3.7896826E-05
 -3.1659162E-05   1.2223152E-05  -1.0075954E-06  -6.2933787E-04  -3.2745905E-03   2.8035507E-03  -2.0695110E-03  -2.0393793E-03   1.6600441E-05   9.8701710E+00  -8.5308956E+00  -7.0903781E+00  -2.8928890E+00  -3.5838787E+00  -1.0910871E-01  -1.5644551E-01   3.3793050E-02   7.4811920E+00  -1.7207410E-03  -6.9256670E-03   8.2065996E-05  -5.0275194E-02  -4.0916519E-04   1.0789228E-04  -2.0164204E-04  -5.1775202E-05
  1.0315756E-06  -8.6140260E-06   1.4019605E-06  -4.5619731E-06   7.6190027E-05   4.7511976E-04  -5.5491324E-05   3.2516580E-05  -5.7936820E-06  -1.8407547E-01  -3.6216846E-02  -6.2475270E-02   2.4461269E-02  -1.2360148E-03  -2.0305953E-04   9.6513474E-05  -7.4172419E-04  -1.7207410E-03   3.7883987E-02   2.9323824E-03  -1.5322817E-04   8.8529642E-04   3.7305566E-05  -5.1486371E-06   1.6239402E-06  -1.6839425E-05
  4.5806870E-07  -2.3047380E-06   2.1794176E-07   1.0534472E-06  -1.1667108E-04   7.8993462E-04  -9.0846675E-05  -1.7763921E-05   1.9190279E-06   2.6564366E-01  -2.4037888E-01  -2.5056365E-01   1.5797960E-01   7.3915239E-04  -9.7371380E-04   7.2071612E-03  -2.1520067E-05  -6.9256670E-03   2.9323824E-03   3.0247331E-02  -8.0452235E-04   4.9237394E-03  -7.9446456E-05  -4.4208528E-05  -8.8244988E-05  -9.5524111E-05
  7.2605952E-07  -4.7046053E-07  -8.2741759E-07   3.7666520E-06  -1.1539321E-04   3.7822742E-04   2.3121122E-05   2.9824906E-05   3.5142388E-06  -2.4607235E-01   5.9258945E-02   5.5737071E-01  -4.5774402E-01   7.5720645E-03  -2.8269139E-03  -2.9822693E-04   1.3687067E-03   8.2065996E-05  -1.5322817E-04  -8.0452235E-04   1.0829352E-02   8.4774076E-03   3.7076333E-06   6.3127814E-05   9.7046196E-06  -2.5595053E-06
  4.3862080E-07  -2.8040468E-06  -3.1501786E-07   1.0105117E-05  -6.6342706E-05   3.3817876E-04  -1.6321055E-08   4.4339294E-06   5.8612809E-07  -2.1851699E-01   8.0498670E-02  -1.2435131E-02  -1.1176689E-01   5.1331879E-02   5.3039888E-03  -1.7932689E-02   7.4018434E-04  -5.0275194E-02   8.8529642E-04   4.9237394E-03   8.4774076E-03   2.6200646E-02  -1.8755034E-06   5.7237045E-05  -2.4528166E-05  -2.2862684E-05
  3.8603998E-10  -2.2587243E-08   7.2474594E-11  -1.1277518E-07  -2.8700841E-07   2.5980812E-06   4.2856461E-07  -2.9433859E-07   2.2732358E-08   6.9264175E-03   1.0086879E-03   1.6702018E-03  -5.1314290E-04   4.6239648E-04   1.7373988E-05  -7.1159439E-06   1.5371178E-05  -4.0916519E-04   3.7305566E-05  -7.9446456E-05   3.7076333E-06  -1.8755034E-06   1.1372282E-06   4.3753723E-08   4.8965958E-07   7.1459804E-07
 -7.0215424E-09   3.4508241E-08   2.1868253E-09  -2.6916758E-07  -1.0112421E-06  -2.1739090E-07  -6.5320034E-07  -2.8573855E-07  -6.9221884E-08   3.0724355E-03   5.8346398E-04  -7.4302927E-03   2.9223508E-03  -2.3228317E-04  -3.6622233E-05   9.4662272E-05  -3.4532139E-06   1.0789228E-04  -5.1486371E-06  -4.4208528E-05   6.3127814E-05   5.7237045E-05   4.3753723E-08   2.4277004E-06   3.1379633E-07   7.1465881E-08
 -8.7131821E-08  -4.8679008E-07  -1.0736974E-08  -2.4428348E-06  -1.5522682E-05   8.9664175E-05  -6.4916086E-06   5.8086539E-07  -4.3675444E-07   3.3311164E-03   2.3853887E-03   3.0079893E-03  -1.1074692E-03  -1.5990014E-04   9.7963988E-06  -1.1146991E-05   2.6535019E-05  -2.0164204E-04   1.6239402E-06  -8.8244988E-05   9.7046196E-06  -2.4528166E-05   4.8965958E-07   3.1379633E-07   2.3812764E-05   8.4605886E-06
 -2.6301826E-07  -6.9468378E-07   4.3043707E-08  -1.8078418E-06  -2.1628036E-05   1.1718076E-04  -2.7857691E-06  -2.2696117E-06  -4.5272464E-08   8.8979226E-03   5.6505933E-03   3.7280065E-03  -4.5193172E-04  -4.7078133E-04   6.4189905E-06  -1.8455253E-05   3.7896826E-05  -5.1775202E-05  -1.6839425E-05  -9.5524111E-05  -2.5595053E-06  -2.2862684E-05   7.1459804E-07   7.1465881E-08   8.4605886E-06   2.4796896E-05
