# omegabh2 omegach2 theta tau mnu logA ns calPlanck acib217 xi asz143 aps100 aps143 aps143217 aps217 aksz kgal100 kgal143 kgal143217 kgal217 cal0 cal2
    0.4134447E-07   -0.1084526E-06    0.2805189E-07    0.1199569E-05    0.2897652E-05    0.2255029E-05    0.4143106E-06    0.1045588E-07   -0.1657080E-03    0.2495192E-05    0.5052480E-04   -0.8021424E-03   -0.4542986E-03   -0.1243155E-03    0.1667392E-05   -0.7032768E-04    0.2184585E-05   -0.3725118E-05   -0.9040075E-05    0.2652316E-04    0.6056294E-09   -0.1497307E-07
   -0.1084526E-06    0.1915829E-05   -0.9578106E-07   -0.1583582E-04   -0.4829021E-04   -0.2737640E-04   -0.4658077E-05   -0.2213198E-06    0.4056187E-03   -0.9053954E-05   -0.1273844E-03    0.1846814E-02    0.1099639E-02    0.2125639E-03   -0.1339443E-03    0.2277280E-03    0.3767193E-04    0.4716153E-04    0.7052625E-04    0.1428531E-04   -0.1345496E-07    0.4784410E-07
    0.2805189E-07   -0.9578106E-07    0.1656262E-06    0.1802002E-05    0.3070158E-05    0.3596485E-05    0.4852546E-06    0.2570951E-07   -0.3198248E-04    0.1295768E-05    0.9110318E-05   -0.1869950E-03   -0.1574372E-03   -0.7907032E-04   -0.5089989E-04   -0.9367001E-05   -0.4520633E-05   -0.2343496E-05   -0.1302329E-04   -0.8994428E-05   -0.1697751E-08   -0.3943585E-08
    0.1199569E-05   -0.1583582E-04    0.1802002E-05    0.2879950E-03    0.8158976E-03    0.5306446E-03    0.4874692E-04   -0.1418459E-05   -0.6870720E-02    0.1100630E-03    0.2087724E-02   -0.3741857E-01   -0.1760229E-01   -0.4013505E-02    0.1199039E-02   -0.3353913E-02    0.4445588E-04   -0.2803433E-03   -0.4999320E-03    0.1985747E-03   -0.1907957E-06   -0.6759214E-06
    0.2897652E-05   -0.4829021E-04    0.3070158E-05    0.8158976E-03    0.5682846E-02    0.1532263E-02    0.1320665E-03    0.1402532E-04   -0.1682413E-01    0.3746572E-03    0.5785405E-02   -0.8257175E-01   -0.3250890E-01    0.6154313E-02    0.1967503E-01   -0.1017295E-01   -0.1679501E-02   -0.4309503E-02   -0.1767127E-02    0.5107998E-02    0.7209953E-06   -0.3270593E-06
    0.2255029E-05   -0.2737640E-04    0.3596485E-05    0.5306446E-03    0.1532263E-02    0.1007597E-02    0.8538982E-04    0.8578678E-05   -0.1249323E-01    0.2565852E-03    0.3932142E-02   -0.6570835E-01   -0.3090111E-01   -0.4297754E-02    0.7104354E-02   -0.6979352E-02   -0.7585366E-04   -0.9120693E-03   -0.1189302E-02    0.1956852E-02   -0.1396653E-06   -0.1286275E-05
    0.4143106E-06   -0.4658077E-05    0.4852546E-06    0.4874692E-04    0.1320665E-03    0.8538982E-04    0.2243749E-04    0.6756053E-06   -0.5379226E-02    0.1299127E-03    0.1478592E-02   -0.3035750E-01   -0.8544829E-02    0.2581151E-02    0.6105471E-02   -0.3077095E-02    0.2679662E-03   -0.1691916E-03   -0.5396739E-03    0.3420193E-03   -0.1922705E-06   -0.5083275E-06
    0.1045588E-07   -0.2213198E-06    0.2570951E-07   -0.1418459E-05    0.1402532E-04    0.8578678E-05    0.6756053E-06    0.6021875E-05    0.1013388E-02    0.1730668E-05    0.1213018E-04    0.3444546E-02    0.5176508E-03    0.3635818E-03    0.7774884E-03    0.2941985E-05    0.1774954E-04    0.3197127E-04    0.1031828E-04    0.6745969E-03    0.7048411E-08    0.4673495E-08
   -0.1657080E-03    0.4056187E-03   -0.3198248E-04   -0.6870720E-02   -0.1682413E-01   -0.1249323E-01   -0.5379226E-02    0.1013388E-02    0.4373123E+02   -0.5042179E+00   -0.1787937E+01    0.4480057E+02    0.6948549E-01   -0.2207394E+02   -0.6172234E+02    0.5114856E+00   -0.1256482E-02    0.1052030E+00   -0.2272755E+01   -0.1885416E+02   -0.2044289E-03    0.4326064E-02
    0.2495192E-05   -0.9053954E-05    0.1295768E-05    0.1100630E-03    0.3746572E-03    0.2565852E-03    0.1299127E-03    0.1730668E-05   -0.5042179E+00    0.8143992E-01   -0.7375113E-01   -0.5544177E+00    0.9984430E+00    0.1858864E+01    0.7690467E+00    0.7797157E-01   -0.2993100E-02    0.5017442E-02    0.9411976E-01    0.1107822E+00    0.5035686E-05   -0.1518135E-04
    0.5052480E-04   -0.1273844E-03    0.9110318E-05    0.2087724E-02    0.5785405E-02    0.3932142E-02    0.1478592E-02    0.1213018E-04   -0.1787937E+01   -0.7375113E-01    0.3771424E+01   -0.2932650E+02   -0.3905893E+01    0.7831397E+01    0.7055817E+01   -0.2820549E+01   -0.1529382E+00    0.7681225E-01    0.2437796E+01    0.2214539E+01    0.1692369E-03   -0.3782304E-03
   -0.8021424E-03    0.1846814E-02   -0.1869950E-03   -0.3741857E-01   -0.8257175E-01   -0.6570835E-01   -0.3035750E-01    0.3444546E-02    0.4480057E+02   -0.5544177E+00   -0.2932650E+02    0.7717109E+03    0.6895416E+02   -0.6200386E+02   -0.7472271E+02    0.1424358E+02   -0.4038177E+01    0.3067540E+01   -0.1196964E+02   -0.1698184E+02    0.6248454E-02    0.4500616E-02
   -0.4542986E-03    0.1099639E-02   -0.1574372E-03   -0.1760229E-01   -0.3250890E-01   -0.3090111E-01   -0.8544829E-02    0.5176508E-03    0.6948549E-01    0.9984430E+00   -0.3905893E+01    0.6895416E+02    0.6201334E+02    0.4519382E+02    0.1941871E+02   -0.4298735E+01   -0.2119448E+00   -0.1124539E+01    0.3613112E+01    0.3829402E+01    0.1556143E-03    0.2145332E-03
   -0.1243155E-03    0.2125639E-03   -0.7907032E-04   -0.4013505E-02    0.6154313E-02   -0.4297754E-02    0.2581151E-02    0.3635818E-03   -0.2207394E+02    0.1858864E+01    0.7831397E+01   -0.6200386E+02    0.4519382E+02    0.9967842E+02    0.6959295E+02   -0.1231571E+02   -0.6439493E+00   -0.3947958E+00    0.5115772E+01    0.6170137E+01    0.6914923E-03   -0.2508962E-02
    0.1667392E-05   -0.1339443E-03   -0.5089989E-04    0.1199039E-02    0.1967503E-01    0.7104354E-02    0.6105471E-02    0.7774884E-03   -0.6172234E+02    0.7690467E+00    0.7055817E+01   -0.7472271E+02    0.1941871E+02    0.6959295E+02    0.1245342E+03   -0.1088561E+02   -0.4444265E+00   -0.4307676E+00    0.3450617E+00    0.1619444E+02    0.6332426E-03   -0.7576676E-02
   -0.7032768E-04    0.2277280E-03   -0.9367001E-05   -0.3353913E-02   -0.1017295E-01   -0.6979352E-02   -0.3077095E-02    0.2941985E-05    0.5114856E+00    0.7797157E-01   -0.2820549E+01    0.1424358E+02   -0.4298735E+01   -0.1231571E+02   -0.1088561E+02    0.6337672E+01    0.6415392E-01   -0.1286563E+00   -0.2156265E+01   -0.1831285E+01   -0.1304496E-03    0.1824021E-03
    0.2184585E-05    0.3767193E-04   -0.4520633E-05    0.4445588E-04   -0.1679501E-02   -0.7585366E-04    0.2679662E-03    0.1774954E-04   -0.1256482E-02   -0.2993100E-02   -0.1529382E+00   -0.4038177E+01   -0.2119448E+00   -0.6439493E+00   -0.4444265E+00    0.6415392E-01    0.3500294E+01    0.4407231E+00    0.2576904E+00    0.4161484E+00    0.2848602E-03    0.3308029E-04
   -0.3725118E-05    0.4716153E-04   -0.2343496E-05   -0.2803433E-03   -0.4309503E-02   -0.9120693E-03   -0.1691916E-03    0.3197127E-04    0.1052030E+00    0.5017442E-02    0.7681225E-01    0.3067540E+01   -0.1124539E+01   -0.3947958E+00   -0.4307676E+00   -0.1286563E+00    0.4407231E+00    0.3393826E+01    0.2674278E+01    0.1876127E+01   -0.2907321E-03   -0.1999379E-03
   -0.9040075E-05    0.7052625E-04   -0.1302329E-04   -0.4999320E-03   -0.1767127E-02   -0.1189302E-02   -0.5396739E-03    0.1031828E-04   -0.2272755E+01    0.9411976E-01    0.2437796E+01   -0.1196964E+02    0.3613112E+01    0.5115772E+01    0.3450617E+00   -0.2156265E+01    0.2576904E+00    0.2674278E+01    0.1741955E+02    0.2601883E+02    0.4521611E-05    0.2486858E-02
    0.2652316E-04    0.1428531E-04   -0.8994428E-05    0.1985747E-03    0.5107998E-02    0.1956852E-02    0.3420193E-03    0.6745969E-03   -0.1885416E+02    0.1107822E+00    0.2214539E+01   -0.1698184E+02    0.3829402E+01    0.6170137E+01    0.1619444E+02   -0.1831285E+01    0.4161484E+00    0.1876127E+01    0.2601883E+02    0.5481884E+02    0.9415362E-04    0.4473003E-02
    0.6056294E-09   -0.1345496E-07   -0.1697751E-08   -0.1907957E-06    0.7209953E-06   -0.1396653E-06   -0.1922705E-06    0.7048411E-08   -0.2044289E-03    0.5035686E-05    0.1692369E-03    0.6248454E-02    0.1556143E-03    0.6914923E-03    0.6332426E-03   -0.1304496E-03    0.2848602E-03   -0.2907321E-03    0.4521611E-05    0.9415362E-04    0.6016739E-06    0.1046276E-07
   -0.1497307E-07    0.4784410E-07   -0.3943585E-08   -0.6759214E-06   -0.3270593E-06   -0.1286275E-05   -0.5083275E-06    0.4673495E-08    0.4326064E-02   -0.1518135E-04   -0.3782304E-03    0.4500616E-02    0.2145332E-03   -0.2508962E-02   -0.7576676E-02    0.1824021E-03    0.3308029E-04   -0.1999379E-03    0.2486858E-02    0.4473003E-02    0.1046276E-07    0.2078306E-05
