# omegabh2 omegach2 theta tau logA ns calPlanck acib217 xi asz143 aps100 aps143 aps143217 aps217 aksz kgal100 kgal143 kgal143217 kgal217 galfTE100 galfTE100143 galfTE100217 galfTE143 galfTE143217 galfTE217 cal0 cal2
  2.0201581E-08  -7.8424152E-08   1.5847858E-08   2.5884788E-07   4.3947188E-07   2.0635175E-07   1.0559264E-08  -9.4663521E-05   1.2107223E-06   1.8683216E-05  -3.4893513E-04  -1.8912334E-04  -5.6140674E-05   3.5712009E-05  -3.5426834E-05  -3.3705094E-06  -1.0850315E-05  -9.3784220E-06   2.6676942E-05  -7.9989539E-08   1.2083317E-08   4.2109973E-07  -1.6296976E-07  -4.2099137E-07  -2.0435927E-06   1.6673829E-09  -2.3706414E-09
 -7.8424152E-08   1.2271873E-06  -1.0616892E-07  -3.0289805E-06  -3.6393426E-06  -2.8985821E-06  -1.9389880E-07   2.3333121E-04  -4.0228799E-06  -6.5520542E-05   1.3398081E-03   8.1887105E-04   2.9238327E-04  -1.1184908E-06   9.5757809E-05  -6.8295507E-07   2.1020669E-05   5.3521455E-05   1.4911560E-05   8.2145486E-07  -1.8177243E-07  -2.6160437E-06   4.3775040E-07   1.7852604E-06   1.3702067E-05  -1.0436993E-08   2.1942153E-08
  1.5847858E-08  -1.0616892E-07   9.4796430E-08   3.6853543E-07   6.4310916E-07   3.5507056E-07   2.8967421E-08   1.2146211E-05   9.1513746E-07  -3.6909907E-06   5.6847135E-05  -8.7321576E-05  -6.4255827E-05  -7.7240491E-05   1.0217297E-05  -5.7865942E-06   1.3497770E-05   5.5071574E-06   4.9919560E-06  -1.1054209E-07  -1.3560879E-07   9.9150658E-07  -2.5566183E-07  -3.7710879E-07  -1.6740620E-06  -4.7479714E-09   2.6480717E-10
  2.5884788E-07  -3.0289805E-06   3.6853543E-07   5.2647922E-05   9.4712821E-05   9.5016081E-06  -1.2624125E-06  -1.9449443E-03   1.2292601E-05   4.9826259E-04  -6.1416689E-03  -3.3440335E-03  -8.5379440E-04   3.4810445E-04  -9.6309624E-04  -6.8913130E-05   1.7725205E-05   2.5779389E-04   9.6338689E-04   4.8930307E-06  -2.5023647E-06   2.0165375E-05  -1.9026720E-05  -1.4807585E-05  -4.7736790E-05  -3.1947622E-09  -9.0381681E-08
  4.3947188E-07  -3.6393426E-06   6.4310916E-07   9.4712821E-05   2.0023303E-04   1.1939680E-05   9.0853296E-06  -3.2087569E-03   4.6275330E-05   8.2735850E-04  -3.5327290E-03  -3.5522010E-03   1.3552514E-03   5.8186108E-03  -2.5063684E-03  -3.6055051E-04  -5.2874536E-04  -1.3097868E-04   2.6872129E-03   1.0011910E-05  -8.5464449E-06   3.8053941E-05  -4.4023904E-05  -3.2256597E-05  -8.0917224E-05   1.7836332E-07  -1.3821108E-07
  2.0635175E-07  -2.8985821E-06   3.5507056E-07   9.5016081E-06   1.1939680E-05   1.6483978E-05   5.5605001E-07  -5.0174184E-03   7.9487477E-05   9.4826496E-04  -2.4553460E-02  -6.7202619E-03   1.5246657E-03   5.6296482E-03  -2.3674237E-03   1.6574415E-04  -4.1012302E-04  -3.7253339E-04   1.5549466E-03  -1.7211259E-06   1.5001240E-06   7.3443359E-06   1.8140166E-06   2.3233288E-06  -1.8772358E-05  -6.4361955E-08  -1.4320448E-07
  1.0559264E-08  -1.9389880E-07   2.8967421E-08  -1.2624125E-06   9.0853296E-06   5.5605001E-07   6.0222032E-06   7.9731368E-04  -7.4015468E-06   1.2790038E-05   5.1143493E-03   7.1942220E-04   5.2870039E-04   1.2135182E-03  -6.5571068E-05   2.3509799E-05  -3.1853204E-05  -9.5199231E-05   5.1194278E-04  -2.6720284E-07  -1.6749869E-06   1.5789896E-06  -3.3864684E-06  -3.5433587E-06  -5.8801773E-06   3.0277750E-08   1.2460532E-09
 -9.4663521E-05   2.3333121E-04   1.2146211E-05  -1.9449443E-03  -3.2087569E-03  -5.0174184E-03   7.9731368E-04   4.5400308E+01  -4.1286914E-01  -7.3396326E-01   3.9635859E+01   2.5747207E+00  -1.2442429E+01  -5.5174750E+01  -3.7356484E-01  -6.2691126E-02   5.0352057E-01  -5.6950850E+00  -3.3426111E+01  -1.9598570E-03  -3.4298413E-03   6.2486754E-03   4.7900197E-04  -9.6383703E-03   3.1409825E-02  -2.2770293E-04   8.0720689E-04
  1.2107223E-06  -4.0228799E-06   9.1513746E-07   1.2292601E-05   4.6275330E-05   7.9487477E-05  -7.4015468E-06  -4.1286914E-01   8.1171578E-02  -4.5672598E-02  -6.7520768E-01   8.9890787E-01   1.6550011E+00   6.2689857E-01   6.1558387E-02  -8.1877660E-03   1.2985651E-02   1.2065874E-01   1.8404800E-01  -8.5928831E-05   6.3611319E-05   3.3508388E-05   1.7481223E-04   2.5916606E-04   4.2086686E-04   4.0081221E-06   8.6531104E-07
  1.8683216E-05  -6.5520542E-05  -3.6909907E-06   4.9826259E-04   8.2735850E-04   9.4826496E-04   1.2790038E-05  -7.3396326E-01  -4.5672598E-02   3.9555932E+00  -3.0821112E+01  -3.0198542E+00   8.0966963E+00   5.3697877E+00  -2.8369261E+00  -3.1010755E-01   1.7205796E-01   2.7963109E+00   3.4278655E+00  -3.4806303E-04  -8.8208783E-04   7.5348248E-04  -9.5706793E-04  -7.8410619E-04   2.3990804E-03   1.1953692E-04  -3.4895062E-05
 -3.4893513E-04   1.3398081E-03   5.6847135E-05  -6.1416689E-03  -3.5327290E-03  -2.4553460E-02   5.1143493E-03   3.9635859E+01  -6.7520768E-01  -3.0821112E+01   7.9438198E+02   6.6401563E+01  -5.9526247E+01  -6.5162690E+01   1.4326086E+01  -5.1573247E+00   5.6774922E+00  -1.3422627E+01  -2.6694446E+01   1.0984596E-02  -4.3002784E-03  -4.3765550E-03   2.6189361E-03  -2.4374992E-02  -8.9856679E-03   3.5088877E-03   5.4679207E-04
 -1.8912334E-04   8.1887105E-04  -8.7321576E-05  -3.3440335E-03  -3.5522010E-03  -6.7202619E-03   7.1942220E-04   2.5747207E+00   8.9890787E-01  -3.0198542E+00   6.6401563E+01   5.9693291E+01   3.9292100E+01   1.3759988E+01  -4.8641390E+00  -2.6912004E-01  -1.2390273E+00   3.3828741E+00   3.6011435E+00   7.2713903E-04   1.8434493E-03   3.3688158E-03  -2.6685147E-03  -3.9318755E-03   6.4782833E-03   9.5300808E-05   1.0707919E-04
 -5.6140674E-05   2.9238327E-04  -6.4255827E-05  -8.5379440E-04   1.3552514E-03   1.5246657E-03   5.2870039E-04  -1.2442429E+01   1.6550011E+00   8.0966963E+00  -5.9526247E+01   3.9292100E+01   8.4980257E+01   5.1947282E+01  -1.1872105E+01  -1.1292111E+00  -5.7756314E-01   5.3446754E+00   8.4496121E+00  -3.2470262E-03   7.3295300E-04  -1.2488683E-03   6.4214343E-03   6.6029157E-03   1.0203905E-03   4.6741888E-04  -3.7080747E-04
  3.5712009E-05  -1.1184908E-06  -7.7240491E-05   3.4810445E-04   5.8186108E-03   5.6296482E-03   1.2135182E-03  -5.5174750E+01   6.2689857E-01   5.3697877E+00  -6.5162690E+01   1.3759988E+01   5.1947282E+01   1.0284748E+02  -9.1387406E+00  -5.7436367E-01  -1.2488704E+00   5.1733379E+00   3.2840687E+01  -1.9101207E-03   1.8676220E-06  -1.3097335E-02   2.4151016E-03   1.3339415E-02  -4.2089558E-02   5.4067933E-04  -1.4974784E-03
 -3.5426834E-05   9.5757809E-05   1.0217297E-05  -9.6309624E-04  -2.5063684E-03  -2.3674237E-03  -6.5571068E-05  -3.7356484E-01   6.1558387E-02  -2.8369261E+00   1.4326086E+01  -4.8641390E+00  -1.1872105E+01  -9.1387406E+00   6.0048827E+00   2.3160917E-01  -1.4554090E-01  -2.1281652E+00  -2.2428358E+00  -4.0236201E-05   4.3981024E-04   1.1109279E-04   8.2665164E-04  -1.6405658E-03   1.7059351E-03  -9.8280476E-05   2.0260125E-05
 -3.3705094E-06  -6.8295507E-07  -5.7865942E-06  -6.8913130E-05  -3.6055051E-04   1.6574415E-04   2.3509799E-05  -6.2691126E-02  -8.1877660E-03  -3.1010755E-01  -5.1573247E+00  -2.6912004E-01  -1.1292111E+00  -5.7436367E-01   2.3160917E-01   3.2492009E+00   5.0606798E-01   1.8408149E-01   3.3896546E-01  -7.1939958E-04  -2.5686379E-04  -5.2864265E-04  -4.7776354E-04   1.1900512E-03  -2.4090334E-03   1.7590003E-04   8.8688390E-07
 -1.0850315E-05   2.1020669E-05   1.3497770E-05   1.7725205E-05  -5.2874536E-04  -4.1012302E-04  -3.1853204E-05   5.0352057E-01   1.2985651E-02   1.7205796E-01   5.6774922E+00  -1.2390273E+00  -5.7756314E-01  -1.2488704E+00  -1.4554090E-01   5.0606798E-01   3.1299664E+00   2.7166493E+00   2.8018274E+00   1.6472856E-04  -1.1593363E-03  -2.9927037E-03  -6.9107994E-04   8.1452758E-04  -6.1829400E-03  -1.7991255E-04  -4.0736641E-05
 -9.3784220E-06   5.3521455E-05   5.5071574E-06   2.5779389E-04  -1.3097868E-04  -3.7253339E-04  -9.5199231E-05  -5.6950850E+00   1.2065874E-01   2.7963109E+00  -1.3422627E+01   3.3828741E+00   5.3446754E+00   5.1733379E+00  -2.1281652E+00   1.8408149E-01   2.7166493E+00   1.0980427E+01   1.9411985E+01   1.0905585E-03  -2.1363892E-04  -1.6635492E-03  -3.8663124E-03  -7.6577046E-04   3.9236590E-04   1.7737653E-05   3.9943862E-04
  2.6676942E-05   1.4911560E-05   4.9919560E-06   9.6338689E-04   2.6872129E-03   1.5549466E-03   5.1194278E-04  -3.3426111E+01   1.8404800E-01   3.4278655E+00  -2.6694446E+01   3.6011435E+00   8.4496121E+00   3.2840687E+01  -2.2428358E+00   3.3896546E-01   2.8018274E+00   1.9411985E+01   5.3465798E+01   4.5878291E-03   3.4971616E-03  -3.4552238E-03  -6.8197242E-03   4.5420813E-03  -1.9037066E-02   1.2825938E-04   8.6399605E-04
 -7.9989539E-08   8.2145486E-07  -1.1054209E-07   4.8930307E-06   1.0011910E-05  -1.7211259E-06  -2.6720284E-07  -1.9598570E-03  -8.5928831E-05  -3.4806303E-04   1.0984596E-02   7.2713903E-04  -3.2470262E-03  -1.9101207E-03  -4.0236201E-05  -7.1939958E-04   1.6472856E-04   1.0905585E-03   4.5878291E-03   1.4283041E-03   2.6775429E-04  -1.5076165E-05  -3.2421728E-04  -1.5998182E-04  -4.1364132E-04   6.2916443E-08   1.7297471E-07
  1.2083317E-08  -1.8177243E-07  -1.3560879E-07  -2.5023647E-06  -8.5464449E-06   1.5001240E-06  -1.6749869E-06  -3.4298413E-03   6.3611319E-05  -8.8208783E-04  -4.3002784E-03   1.8434493E-03   7.3295300E-04   1.8676220E-06   4.3981024E-04  -2.5686379E-04  -1.1593363E-03  -2.1363892E-04   3.4971616E-03   2.6775429E-04   8.7449195E-04  -1.4755037E-05   7.4930590E-04   7.2800164E-07  -7.4042194E-04  -3.6036111E-07   2.9674620E-07
  4.2109973E-07  -2.6160437E-06   9.9150658E-07   2.0165375E-05   3.8053941E-05   7.3443359E-06   1.5789896E-06   6.2486754E-03   3.3508388E-05   7.5348248E-04  -4.3765550E-03   3.3688158E-03  -1.2488683E-03  -1.3097335E-02   1.1109279E-04  -5.2864265E-04  -2.9927037E-03  -1.6635492E-03  -3.4552238E-03  -1.5076165E-05  -1.4755037E-05   7.2181155E-03  -3.3490078E-04   4.7139624E-04   4.3342413E-03  -1.7937424E-07   5.2254940E-07
 -1.6296976E-07   4.3775040E-07  -2.5566183E-07  -1.9026720E-05  -4.4023904E-05   1.8140166E-06  -3.3864684E-06   4.7900197E-04   1.7481223E-04  -9.5706793E-04   2.6189361E-03  -2.6685147E-03   6.4214343E-03   2.4151016E-03   8.2665164E-04  -4.7776354E-04  -6.9107994E-04  -3.8663124E-03  -6.8197242E-03  -3.2421728E-04   7.4930590E-04  -3.3490078E-04   2.8883771E-03   5.2697484E-04  -8.6863127E-04  -1.1233378E-07  -6.4456402E-08
 -4.2099137E-07   1.7852604E-06  -3.7710879E-07  -1.4807585E-05  -3.2256597E-05   2.3233288E-06  -3.5433587E-06  -9.6383703E-03   2.5916606E-04  -7.8410619E-04  -2.4374992E-02  -3.9318755E-03   6.6029157E-03   1.3339415E-02  -1.6405658E-03   1.1900512E-03   8.1452758E-04  -7.6577046E-04   4.5420813E-03  -1.5998182E-04   7.2800164E-07   4.7139624E-04   5.2697484E-04   6.4953082E-03   7.7322279E-03   4.0478215E-07  -1.5649075E-07
 -2.0435927E-06   1.3702067E-05  -1.6740620E-06  -4.7736790E-05  -8.0917224E-05  -1.8772358E-05  -5.8801773E-06   3.1409825E-02   4.2086686E-04   2.3990804E-03  -8.9856679E-03   6.4782833E-03   1.0203905E-03  -4.2089558E-02   1.7059351E-03  -2.4090334E-03  -6.1829400E-03   3.9236590E-04  -1.9037066E-02  -4.1364132E-04  -7.4042194E-04   4.3342413E-03  -8.6863127E-04   7.7322279E-03   7.2787720E-02   2.3912730E-06   1.2934676E-06
  1.6673829E-09  -1.0436993E-08  -4.7479714E-09  -3.1947622E-09   1.7836332E-07  -6.4361955E-08   3.0277750E-08  -2.2770293E-04   4.0081221E-06   1.1953692E-04   3.5088877E-03   9.5300808E-05   4.6741888E-04   5.4067933E-04  -9.8280476E-05   1.7590003E-04  -1.7991255E-04   1.7737653E-05   1.2825938E-04   6.2916443E-08  -3.6036111E-07  -1.7937424E-07  -1.1233378E-07   4.0478215E-07   2.3912730E-06   3.7717545E-07  -5.2637405E-09
 -2.3706414E-09   2.1942153E-08   2.6480717E-10  -9.0381681E-08  -1.3821108E-07  -1.4320448E-07   1.2460532E-09   8.0720689E-04   8.6531104E-07  -3.4895062E-05   5.4679207E-04   1.0707919E-04  -3.7080747E-04  -1.4974784E-03   2.0260125E-05   8.8688390E-07  -4.0736641E-05   3.9943862E-04   8.6399605E-04   1.7297471E-07   2.9674620E-07   5.2254940E-07  -6.4456402E-08  -1.5649075E-07   1.2934676E-06  -5.2637405E-09   3.8973556E-07
