# omegabh2 omegach2 theta tau alpha1 logA ns calPlanck aps100 aps143 aps217 acib217 asz143 psr cibr xi aksz dust100 dust143 dust217 dust143x217 cal0 cal2
  5.1007047E-08  -9.7939881E-08   1.3627271E-08   5.6907821E-07  -1.3829804E-07   1.2719116E-06   7.5939381E-08   4.1696705E-08  -6.1478203E-04  -4.6016565E-04   6.4117306E-05  -2.0744135E-04   2.1890758E-05   1.0341568E-06  -4.1662598E-06   2.3898983E-06  -3.3935570E-05   8.6039240E-07  -3.9557235E-08   1.5560999E-06   1.1417012E-06   7.4444006E-09  -9.7134351E-09
 -9.7939881E-08   2.5995638E-06  -3.6168735E-07  -4.4075996E-06  -7.0107998E-07  -3.2496941E-06  -7.5294763E-06  -5.5413955E-07   1.7137730E-03   1.3263543E-03  -7.6613916E-04   6.2657527E-04  -4.9032868E-05  -5.7376923E-06   1.6274851E-05  -7.3836615E-06   2.0837769E-04   1.1899025E-06   6.4948763E-06  -1.1655232E-06   2.8357693E-06  -8.1341061E-08   7.7759201E-08
  1.3627271E-08  -3.6168735E-07   2.6747443E-07   3.2310673E-07   3.8343879E-07  -1.7433429E-07   1.9531263E-06   1.1499375E-07  -5.0710132E-04  -2.1464131E-04   3.2217840E-04  -1.8561914E-04   2.2485713E-05   2.5873968E-06  -5.1804283E-06   1.5065589E-06  -7.8945407E-05  -1.4448631E-06  -1.6800622E-06   7.8875479E-07   5.4055534E-07   5.7227110E-09  -1.6888436E-08
  5.6907821E-07  -4.4075996E-06   3.2310673E-07   5.0462457E-05  -2.1909276E-06   9.1405148E-05   9.0425410E-06  -4.4938577E-07  -1.0006204E-02  -6.9714249E-03  -1.1762742E-03  -2.0771010E-03   1.4419093E-04   8.0411344E-06  -4.7727585E-05   3.1589449E-05  -9.9500326E-05  -2.9470100E-06   1.5868048E-05   6.4579272E-06  -4.4800889E-07  -3.3538384E-08  -1.7423827E-07
 -1.3829804E-07  -7.0107998E-07   3.8343879E-07  -2.1909276E-06   2.7850391E-06  -8.3965797E-06   6.7877111E-06   1.6171444E-07  -1.5739777E-03  -1.5592081E-04   1.4680282E-03  -5.3845413E-04   7.5912479E-05   9.7827780E-06  -1.8784730E-05  -8.9669694E-07  -3.0395878E-04  -7.8792009E-06  -7.1358152E-06   5.1318419E-08  -1.3935267E-06  -2.4807720E-08  -7.6065715E-08
  1.2719116E-06  -3.2496941E-06  -1.7433429E-07   9.1405148E-05  -8.3965797E-06   2.0743415E-04  -5.1769305E-06   1.0246196E-05  -9.6464601E-03  -9.7153440E-03   2.6904008E-03  -3.9279612E-03   2.3348905E-04   2.1705991E-05  -1.0608540E-04   6.7530544E-05  -5.9768131E-04  -4.1446764E-06  -2.0187623E-05   4.1004526E-05   6.7764449E-06   4.5554880E-07  -2.5753656E-07
  7.5939381E-08  -7.5294763E-06   1.9531263E-06   9.0425410E-06   6.7877111E-06  -5.1769305E-06   4.4194450E-05   1.6947566E-06  -3.3777965E-02  -1.1068655E-02   1.3954423E-02  -8.6557237E-03   1.0273599E-03   1.0647800E-04  -1.8522323E-04   8.8147699E-05  -3.2976985E-03  -7.0531303E-06  -5.1869166E-05   2.7090051E-05  -1.6912607E-05  -3.0550926E-07  -7.4284127E-07
  4.1696705E-08  -5.5413955E-07   1.1499375E-07  -4.4938577E-07   1.6171444E-07   1.0246196E-05   1.6947566E-06   6.2592977E-06   2.5784342E-03   2.2596112E-04   1.4286999E-03   4.4081005E-04   5.3178577E-05  -8.4097600E-07  -1.6953853E-06  -8.0273349E-06  -1.3435471E-04   5.4053602E-06   9.9227193E-06   6.6875735E-06   1.2251432E-06   4.2666611E-09  -9.7545081E-08
 -6.1478203E-04   1.7137730E-03  -5.0710132E-04  -1.0006204E-02  -1.5739777E-03  -9.6464601E-03  -3.3777965E-02   2.5784342E-03   6.2019233E+02   6.3556222E+01  -5.5131486E+01   3.0399470E+01  -2.5407147E+01  -8.7932014E-01   1.0057525E-02  -2.8455014E-01   1.1547933E+01  -2.5716799E-01   2.6203312E-01  -2.1773060E-01  -2.8356803E-01   7.0431825E-03   3.3511230E-03
 -4.6016565E-04   1.3263543E-03  -2.1464131E-04  -6.9714249E-03  -1.5592081E-04  -9.7153440E-03  -1.1068655E-02   2.2596112E-04   6.3556222E+01   6.8554740E+01   7.3660166E+00   7.6816146E+00  -7.5317602E-01  -3.2352439E-02   4.7648531E-01   8.3289146E-01  -7.7385173E+00  -4.6213842E-02  -2.3215065E-01   5.0135637E-02   4.7394588E-02   8.9570229E-04   8.8123234E-04
  6.4117306E-05  -7.6613916E-04   3.2217840E-04  -1.1762742E-03   1.4680282E-03   2.6904008E-03   1.3954423E-02   1.4286999E-03  -5.5131486E+01   7.3660166E+00   1.7765031E+02  -8.4713370E+01   2.5817774E+00   3.9873623E-01  -1.0888023E+00   3.9193126E-01  -7.0625588E+00  -2.3589549E-02  -2.6327797E-01   5.6080569E-01   4.6091994E-02   1.8658681E-03  -7.8511964E-03
 -2.0744135E-04   6.2657527E-04  -1.8561914E-04  -2.0771010E-03  -5.3845413E-04  -3.9279612E-03  -8.6557237E-03   4.4081005E-04   3.0399470E+01   7.6816146E+00  -8.4713370E+01   5.3490630E+01   1.7043956E+00  -7.8606597E-02   7.5615647E-01  -3.0793461E-01  -2.8403536E+00   3.5476944E-03   1.6183790E-01  -4.6499199E-01  -1.5851259E-01  -6.4291173E-04   3.1945042E-03
  2.1890758E-05  -4.9032868E-05   2.2485713E-05   1.4419093E-04   7.5912479E-05   2.3348905E-04   1.0273599E-03   5.3178577E-05  -2.5407147E+01  -7.5317602E-01   2.5817774E+00   1.7043956E+00   4.2432615E+00   9.9115900E-02   1.3921073E-01  -4.7524148E-02  -3.4879811E+00  -2.3797660E-04  -1.8010044E-03   2.6035040E-03   4.8421642E-02   4.2412218E-04  -2.9272448E-04
  1.0341568E-06  -5.7376923E-06   2.5873968E-06   8.0411344E-06   9.7827780E-06   2.1705991E-05   1.0647800E-04  -8.4097600E-07  -8.7932014E-01  -3.2352439E-02   3.9873623E-01  -7.8606597E-02   9.9115900E-02   1.6144918E-02  -1.6851558E-02   1.1407089E-02  -1.0210345E-01  -5.8216749E-04  -1.5116413E-03  -2.5504029E-03   5.0675900E-03   1.6010051E-05  -4.1036088E-05
 -4.1662598E-06   1.6274851E-05  -5.1804283E-06  -4.7727585E-05  -1.8784730E-05  -1.0608540E-04  -1.8522323E-04  -1.6953853E-06   1.0057525E-02   4.7648531E-01  -1.0888023E+00   7.5615647E-01   1.3921073E-01  -1.6851558E-02   6.4989944E-02   3.0384796E-03  -1.4521210E-01   8.8039983E-04   7.0692832E-03  -7.4887297E-04  -1.7886444E-02  -5.5132004E-06   9.6372542E-05
  2.3898983E-06  -7.3836615E-06   1.5065589E-06   3.1589449E-05  -8.9669694E-07   6.7530544E-05   8.8147699E-05  -8.0273349E-06  -2.8455014E-01   8.3289146E-01   3.9193126E-01  -3.0793461E-01  -4.7524148E-02   1.1407089E-02   3.0384796E-03   8.2081759E-02   5.2494818E-02  -1.0494833E-03   4.3253344E-04   1.6750451E-03   1.6353595E-03   9.9070065E-06  -8.6075312E-06
 -3.3935570E-05   2.0837769E-04  -7.8945407E-05  -9.9500326E-05  -3.0395878E-04  -5.9768131E-04  -3.2976985E-03  -1.3435471E-04   1.1547933E+01  -7.7385173E+00  -7.0625588E+00  -2.8403536E+00  -3.4879811E+00  -1.0210345E-01  -1.4521210E-01   5.2494818E-02   7.3877547E+00   2.0304244E-03  -5.5136884E-04   2.1404643E-03  -4.2882669E-02  -3.5076604E-04   7.3982924E-05
  8.6039240E-07   1.1899025E-06  -1.4448631E-06  -2.9470100E-06  -7.8792009E-06  -4.1446764E-06  -7.0531303E-06   5.4053602E-06  -2.5716799E-01  -4.6213842E-02  -2.3589549E-02   3.5476944E-03  -2.3797660E-04  -5.8216749E-04   8.8039983E-04  -1.0494833E-03   2.0304244E-03   3.8069262E-02   2.7089632E-03  -5.8409411E-05   1.1835286E-04   3.4248991E-05  -8.4075410E-06
 -3.9557235E-08   6.4948763E-06  -1.6800622E-06   1.5868048E-05  -7.1358152E-06  -2.0187623E-05  -5.1869166E-05   9.9227193E-06   2.6203312E-01  -2.3215065E-01  -2.6327797E-01   1.6183790E-01  -1.8010044E-03  -1.5116413E-03   7.0692832E-03   4.3253344E-04  -5.5136884E-04   2.7089632E-03   3.0617235E-02  -7.6392131E-04   5.2291449E-03  -7.8666725E-05  -4.4240694E-05
  1.5560999E-06  -1.1655232E-06   7.8875479E-07   6.4579272E-06   5.1318419E-08   4.1004526E-05   2.7090051E-05   6.6875735E-06  -2.1773060E-01   5.0135637E-02   5.6080569E-01  -4.6499199E-01   2.6035040E-03  -2.5504029E-03  -7.4887297E-04   1.6750451E-03   2.1404643E-03  -5.8409411E-05  -7.6392131E-04   1.0837168E-02   8.8443799E-03   4.2774844E-06   6.2840127E-05
  1.1417012E-06   2.8357693E-06   5.4055534E-07  -4.4800889E-07  -1.3935267E-06   6.7764449E-06  -1.6912607E-05   1.2251432E-06  -2.8356803E-01   4.7394588E-02   4.6091994E-02  -1.5851259E-01   4.8421642E-02   5.0675900E-03  -1.7886444E-02   1.6353595E-03  -4.2882669E-02   1.1835286E-04   5.2291449E-03   8.8443799E-03   2.6509650E-02  -6.5066431E-06   5.4354548E-05
  7.4444006E-09  -8.1341061E-08   5.7227110E-09  -3.3538384E-08  -2.4807720E-08   4.5554880E-07  -3.0550926E-07   4.2666611E-09   7.0431825E-03   8.9570229E-04   1.8658681E-03  -6.4291173E-04   4.2412218E-04   1.6010051E-05  -5.5132004E-06   9.9070065E-06  -3.5076604E-04   3.4248991E-05  -7.8666725E-05   4.2774844E-06  -6.5066431E-06   1.1068749E-06   3.6145443E-08
 -9.7134351E-09   7.7759201E-08  -1.6888436E-08  -1.7423827E-07  -7.6065715E-08  -2.5753656E-07  -7.4284127E-07  -9.7545081E-08   3.3511230E-03   8.8123234E-04  -7.8511964E-03   3.1945042E-03  -2.9272448E-04  -4.1036088E-05   9.6372542E-05  -8.6075312E-06   7.3982924E-05  -8.4075410E-06  -4.4240694E-05   6.2840127E-05   5.4354548E-05   3.6145443E-08   2.4905662E-06
