# omegabh2 omegach2 theta tau alpha1 logA ns calPlanck acib217 xi asz143 aps100 aps143 aps143217 aps217 aksz kgal100 kgal143 kgal143217 kgal217 cal0 cal2
    0.6475904E-07   -0.2773491E-06    0.3909648E-07    0.2618130E-05   -0.1670154E-06    0.4840740E-05    0.6162894E-06   -0.3520515E-08   -0.1678173E-03    0.3750112E-05    0.5219819E-04   -0.8345707E-03   -0.6301553E-03   -0.2175942E-03   -0.9844263E-04   -0.9585624E-04    0.6456740E-05    0.1005524E-04   -0.4009457E-04   -0.2951233E-04    0.3608954E-08   -0.1057496E-07
   -0.2773491E-06    0.4455091E-05   -0.5207358E-06   -0.2790035E-04   -0.3137751E-06   -0.4562444E-04   -0.1194993E-04   -0.2753532E-06    0.1528504E-02   -0.2183682E-04   -0.2968523E-03    0.4052764E-02    0.3001843E-02    0.5202328E-03   -0.9293791E-03    0.6652315E-03    0.1069738E-03    0.1098660E-03    0.3914851E-03    0.2133368E-03   -0.5727466E-07    0.2205459E-06
    0.3909648E-07   -0.5207358E-06    0.2660810E-06    0.3280130E-05    0.3127266E-06    0.5466248E-05    0.2201024E-05    0.8990997E-07   -0.3555165E-03    0.8029649E-05    0.5596558E-04   -0.1140689E-02   -0.4662012E-03    0.6604810E-04    0.3122608E-03   -0.1318318E-03   -0.1735099E-05    0.4357058E-06    0.2509321E-05    0.1234436E-03    0.1028388E-09   -0.2857627E-07
    0.2618130E-05   -0.2790035E-04    0.3280130E-05    0.3260894E-03   -0.7888307E-05    0.5873833E-03    0.6895876E-04   -0.1997099E-05   -0.1027791E-01    0.2680504E-03    0.2026555E-02   -0.4308998E-01   -0.2814413E-01   -0.9596952E-02   -0.2792998E-02   -0.4255109E-02   -0.4694282E-04   -0.5159161E-03   -0.2663539E-02   -0.2284915E-02    0.7639850E-07   -0.1302517E-05
   -0.1670154E-06   -0.3137751E-06    0.3127266E-06   -0.7888307E-05    0.3363228E-05   -0.1889953E-04    0.5323568E-05    0.6634628E-07   -0.6323406E-03   -0.1423967E-05    0.2237198E-03   -0.1415711E-02    0.6516022E-03    0.1415591E-02    0.1924888E-02   -0.4058955E-03   -0.1315486E-03   -0.1113642E-03    0.1298212E-03    0.4006950E-03   -0.3884155E-08   -0.6253658E-07
    0.4840740E-05   -0.4562444E-04    0.5466248E-05    0.5873833E-03   -0.1889953E-04    0.1098605E-02    0.1054625E-03    0.7593429E-05   -0.1579136E-01    0.5327811E-03    0.3315063E-02   -0.6962660E-01   -0.4879315E-01   -0.1656804E-01   -0.5311012E-02   -0.7467367E-02   -0.2756907E-03   -0.9546048E-03   -0.4930361E-02   -0.3249956E-02    0.2264444E-06   -0.2098195E-05
    0.6162894E-06   -0.1194993E-04    0.2201024E-05    0.6895876E-04    0.5323568E-05    0.1054625E-03    0.5107366E-04    0.1113976E-05   -0.9528255E-02    0.2152891E-03    0.2381503E-02   -0.3898902E-01   -0.1267479E-01    0.5139776E-02    0.1093764E-01   -0.4943796E-02    0.2259853E-04   -0.5257132E-03   -0.1090648E-02    0.9003941E-03   -0.6906796E-07   -0.1063988E-05
   -0.3520515E-08   -0.2753532E-06    0.8990997E-07   -0.1997099E-05    0.6634628E-07    0.7593429E-05    0.1113976E-05    0.6223429E-05    0.1040513E-02    0.2820945E-05    0.5764863E-05    0.4152785E-02    0.5133256E-03    0.2979124E-03    0.5891871E-03    0.3140108E-04   -0.8366143E-04    0.4774847E-04   -0.9057889E-04    0.5461427E-03   -0.3528674E-07   -0.1224121E-07
   -0.1678173E-03    0.1528504E-02   -0.3555165E-03   -0.1027791E-01   -0.6323406E-03   -0.1579136E-01   -0.9528255E-02    0.1040513E-02    0.4084024E+02   -0.4493363E+00   -0.1627607E+01    0.4309767E+02    0.8829794E+00   -0.1910735E+02   -0.5646652E+02    0.4384963E+00   -0.2386480E+00    0.2046340E-01   -0.2573837E+01   -0.1828224E+02   -0.2376543E-03    0.4047749E-02
    0.3750112E-05   -0.2183682E-04    0.8029649E-05    0.2680504E-03   -0.1423967E-05    0.5327811E-03    0.2152891E-03    0.2820945E-05   -0.4493363E+00    0.8219859E-01   -0.8799966E-01   -0.5394708E+00    0.9104336E+00    0.1748085E+01    0.6054253E+00    0.8271193E-01   -0.1368659E-01    0.2420258E-01    0.1062739E+00    0.9445634E-01   -0.5909415E-05   -0.1704179E-04
    0.5219819E-04   -0.2968523E-03    0.5596558E-04    0.2026555E-02    0.2237198E-03    0.3315063E-02    0.2381503E-02    0.5764863E-05   -0.1627607E+01   -0.8799966E-01    0.3872544E+01   -0.2937650E+02   -0.3619140E+01    0.8025513E+01    0.7241631E+01   -0.3119703E+01   -0.5978399E-01   -0.3300976E-01    0.2518975E+01    0.2489355E+01    0.2360904E-03   -0.2736429E-03
   -0.8345707E-03    0.4052764E-02   -0.1140689E-02   -0.4308998E-01   -0.1415711E-02   -0.6962660E-01   -0.3898902E-01    0.4152785E-02    0.4309767E+02   -0.5394708E+00   -0.2937650E+02    0.7707028E+03    0.6398847E+02   -0.6250224E+02   -0.7382091E+02    0.1563429E+02   -0.5108663E+01    0.3957523E+01   -0.1336745E+02   -0.1882855E+02    0.5813711E-02    0.4190637E-02
   -0.6301553E-03    0.3001843E-02   -0.4662012E-03   -0.2814413E-01    0.6516022E-03   -0.4879315E-01   -0.1267479E-01    0.5133256E-03    0.8829794E+00    0.9104336E+00   -0.3619140E+01    0.6398847E+02    0.6190475E+02    0.4442641E+02    0.1911958E+02   -0.4143427E+01   -0.5628814E+00   -0.1520948E+01    0.3835948E+01    0.3980279E+01   -0.2908158E-04    0.6329491E-04
   -0.2175942E-03    0.5202328E-03    0.6604810E-04   -0.9596952E-02    0.1415591E-02   -0.1656804E-01    0.5139776E-02    0.2979124E-03   -0.1910735E+02    0.1748085E+01    0.8025513E+01   -0.6250224E+02    0.4442641E+02    0.9799930E+02    0.6641663E+02   -0.1325128E+02   -0.7108600E+00   -0.3585317E+00    0.5403809E+01    0.6284860E+01    0.5653048E-03   -0.2155302E-02
   -0.9844263E-04   -0.9293791E-03    0.3122608E-03   -0.2792998E-02    0.1924888E-02   -0.5311012E-02    0.1093764E-01    0.5891871E-03   -0.5646652E+02    0.6054253E+00    0.7241631E+01   -0.7382091E+02    0.1911958E+02    0.6641663E+02    0.1177804E+03   -0.1140147E+02   -0.1620208E+00   -0.3934940E+00    0.5864228E+00    0.1533706E+02    0.6417520E-03   -0.7030592E-02
   -0.9585624E-04    0.6652315E-03   -0.1318318E-03   -0.4255109E-02   -0.4058955E-03   -0.7467367E-02   -0.4943796E-02    0.3140108E-04    0.4384963E+00    0.8271193E-01   -0.3119703E+01    0.1563429E+02   -0.4143427E+01   -0.1325128E+02   -0.1140147E+02    0.6824612E+01    0.1127235E+00    0.1845282E-01   -0.2147770E+01   -0.2107439E+01   -0.1864963E-03    0.8447655E-04
    0.6456740E-05    0.1069738E-03   -0.1735099E-05   -0.4694282E-04   -0.1315486E-03   -0.2756907E-03    0.2259853E-04   -0.8366143E-04   -0.2386480E+00   -0.1368659E-01   -0.5978399E-01   -0.5108663E+01   -0.5628814E+00   -0.7108600E+00   -0.1620208E+00    0.1127235E+00    0.3497342E+01    0.5656456E+00    0.1701377E+00    0.2644518E+00    0.2720690E-03   -0.1825879E-04
    0.1005524E-04    0.1098660E-03    0.4357058E-06   -0.5159161E-03   -0.1113642E-03   -0.9546048E-03   -0.5257132E-03    0.4774847E-04    0.2046340E-01    0.2420258E-01   -0.3300976E-01    0.3957523E+01   -0.1520948E+01   -0.3585317E+00   -0.3934940E+00    0.1845282E-01    0.5656456E+00    0.3575445E+01    0.2454424E+01    0.1600627E+01   -0.3016046E-03   -0.1573444E-03
   -0.4009457E-04    0.3914851E-03    0.2509321E-05   -0.2663539E-02    0.1298212E-03   -0.4930361E-02   -0.1090648E-02   -0.9057889E-04   -0.2573837E+01    0.1062739E+00    0.2518975E+01   -0.1336745E+02    0.3835948E+01    0.5403809E+01    0.5864228E+00   -0.2147770E+01    0.1701377E+00    0.2454424E+01    0.1795533E+02    0.2712871E+02   -0.5386119E-05    0.2597167E-02
   -0.2951233E-04    0.2133368E-03    0.1234436E-03   -0.2284915E-02    0.4006950E-03   -0.3249956E-02    0.9003941E-03    0.5461427E-03   -0.1828224E+02    0.9445634E-01    0.2489355E+01   -0.1882855E+02    0.3980279E+01    0.6284860E+01    0.1533706E+02   -0.2107439E+01    0.2644518E+00    0.1600627E+01    0.2712871E+02    0.5670327E+02    0.8623796E-04    0.4799457E-02
    0.3608954E-08   -0.5727466E-07    0.1028388E-09    0.7639850E-07   -0.3884155E-08    0.2264444E-06   -0.6906796E-07   -0.3528674E-07   -0.2376543E-03   -0.5909415E-05    0.2360904E-03    0.5813711E-02   -0.2908158E-04    0.5653048E-03    0.6417520E-03   -0.1864963E-03    0.2720690E-03   -0.3016046E-03   -0.5386119E-05    0.8623796E-04    0.5906779E-06   -0.1093700E-07
   -0.1057496E-07    0.2205459E-06   -0.2857627E-07   -0.1302517E-05   -0.6253658E-07   -0.2098195E-05   -0.1063988E-05   -0.1224121E-07    0.4047749E-02   -0.1704179E-04   -0.2736429E-03    0.4190637E-02    0.6329491E-04   -0.2155302E-02   -0.7030592E-02    0.8447655E-04   -0.1825879E-04   -0.1573444E-03    0.2597167E-02    0.4799457E-02   -0.1093700E-07    0.2071467E-05
