# omegabh2 omegach2 theta tau meffsterile nnu logA ns calPlanck acib217 xi asz143 aps100 aps143 aps143217 aps217 aksz kgal100 kgal143 kgal143217 kgal217 cal0 cal2
    0.5748303E-07    0.2602685E-06   -0.3990488E-08    0.2042773E-05    0.6027683E-05    0.2435377E-04    0.4722283E-05    0.1278675E-05    0.2634417E-07   -0.6601404E-04    0.1399532E-05    0.2597531E-04   -0.3001290E-03   -0.1972004E-03   -0.3108161E-04    0.2225554E-04   -0.2803853E-04    0.8104991E-05    0.1506508E-05   -0.8903787E-05    0.2431139E-05    0.3831241E-08   -0.6078749E-08
    0.2602685E-06    0.1755884E-04   -0.1226024E-05    0.9057054E-05   -0.3956867E-03    0.7143397E-03    0.4817238E-04    0.2425311E-04    0.2130669E-07    0.4389364E-02   -0.6794467E-04   -0.1082756E-02    0.1844965E-01    0.8412664E-02    0.1315760E-02   -0.2160201E-02    0.1661828E-02    0.1245238E-03    0.1000264E-03    0.2119697E-03   -0.5410363E-03    0.2154685E-07    0.4857479E-06
   -0.3990488E-08   -0.1226024E-05    0.2642149E-06   -0.3098255E-06    0.1755988E-04   -0.5924284E-04   -0.2755375E-05   -0.1785336E-05   -0.4044205E-08   -0.3979417E-03    0.6491717E-05    0.1000366E-03   -0.1638405E-02   -0.7864959E-03   -0.1342142E-03    0.1697070E-03   -0.1464544E-03   -0.1923784E-04   -0.7595955E-05   -0.1346531E-04    0.6349834E-04    0.3687699E-09   -0.4350097E-07
    0.2042773E-05    0.9057054E-05   -0.3098255E-06    0.4012186E-03    0.4072326E-03    0.1174363E-02    0.8114044E-03    0.8152532E-04   -0.1006631E-05   -0.1010739E-01    0.1520648E-03    0.2237555E-02   -0.4275366E-01   -0.1300196E-01    0.3363499E-02    0.1130102E-01   -0.4336344E-02    0.9878524E-04   -0.7111960E-03   -0.1573541E-02    0.8712118E-05    0.8745094E-08   -0.1211292E-05
    0.6027683E-05   -0.3956867E-03    0.1755988E-04    0.4072326E-03    0.3180639E-01   -0.3408730E-02    0.4284065E-03   -0.1936202E-03    0.1076819E-04   -0.5021659E-01    0.8381974E-03    0.1262586E-01   -0.1744136E+00   -0.3644983E-01    0.3702359E-01    0.8058749E-01   -0.1725636E-01    0.1962273E-02   -0.1682603E-02    0.3401579E-02    0.1382948E-01   -0.9127075E-06   -0.4791523E-05
    0.2435377E-04    0.7143397E-03   -0.5924284E-04    0.1174363E-02   -0.3408730E-02    0.4170729E-01    0.3701345E-02    0.1597736E-02    0.7742909E-05    0.2189417E+00   -0.3343069E-02   -0.5431976E-01    0.9514456E+00    0.4439605E+00    0.8632712E-01   -0.8223394E-01    0.8784019E-01    0.1037817E-01    0.5400131E-02    0.1103228E-01   -0.2862216E-01    0.1581564E-05    0.2379476E-04
    0.4722283E-05    0.4817238E-04   -0.2755375E-05    0.8114044E-03    0.4284065E-03    0.3701345E-02    0.1728616E-02    0.2028011E-03    0.1059739E-04   -0.1281507E-01    0.2609976E-03    0.2525771E-02   -0.4848325E-01   -0.7879078E-02    0.1370941E-01    0.2620706E-01   -0.6510454E-02    0.1246450E-03   -0.1874752E-02   -0.3174654E-02    0.7801874E-03    0.2968345E-06   -0.1607240E-05
    0.1278675E-05    0.2425311E-04   -0.1785336E-05    0.8152532E-04   -0.1936202E-03    0.1597736E-02    0.2028011E-03    0.8339509E-04    0.3901192E-06    0.2545924E-02   -0.6428924E-05   -0.5334749E-03    0.6893517E-02    0.8568192E-02    0.6077126E-02    0.3537716E-02    0.3082365E-03    0.7155282E-03    0.6114464E-04   -0.1506684E-03   -0.6239564E-03   -0.1100277E-06    0.2990512E-06
    0.2634417E-07    0.2130669E-07   -0.4044205E-08   -0.1006631E-05    0.1076819E-04    0.7742909E-05    0.1059739E-04    0.3901192E-06    0.6201720E-05    0.7437963E-03    0.8755618E-05   -0.2041192E-04    0.3224612E-02    0.6185028E-03    0.5043318E-03    0.1265633E-02    0.5714357E-05   -0.1570341E-04   -0.6247762E-04   -0.3451528E-04    0.7455469E-03    0.1936169E-08    0.1421834E-07
   -0.6601404E-04    0.4389364E-02   -0.3979417E-03   -0.1010739E-01   -0.5021659E-01    0.2189417E+00   -0.1281507E-01    0.2545924E-02    0.7437963E-03    0.4554226E+02   -0.5233510E+00   -0.2119957E+01    0.5069638E+02    0.3127490E+01   -0.2154189E+02   -0.6304525E+02    0.1250674E+01   -0.4697199E-01    0.9987741E-01   -0.1846740E+01   -0.1866106E+02   -0.2529078E-03    0.4623247E-02
    0.1399532E-05   -0.6794467E-04    0.6491717E-05    0.1520648E-03    0.8381974E-03   -0.3343069E-02    0.2609976E-03   -0.6428924E-05    0.8755618E-05   -0.5233510E+00    0.8115373E-01   -0.7614806E-01   -0.5031287E+00    0.9305528E+00    0.1775884E+01    0.7779417E+00    0.6854572E-01   -0.6571083E-02    0.1504292E-02    0.7269409E-01    0.9347514E-01    0.7097593E-05   -0.2292214E-04
    0.2597531E-04   -0.1082756E-02    0.1000366E-03    0.2237555E-02    0.1262586E-01   -0.5431976E-01    0.2525771E-02   -0.5334749E-03   -0.2041192E-04   -0.2119957E+01   -0.7614806E-01    0.3972160E+01   -0.3200073E+02   -0.4567578E+01    0.8092391E+01    0.7466625E+01   -0.3135658E+01   -0.1904431E+00    0.2340899E-01    0.2377384E+01    0.2202393E+01    0.1753201E-03   -0.4105214E-03
   -0.3001290E-03    0.1844965E-01   -0.1638405E-02   -0.4275366E-01   -0.1744136E+00    0.9514456E+00   -0.4848325E-01    0.6893517E-02    0.3224612E-02    0.5069638E+02   -0.5031287E+00   -0.3200073E+02    0.8125396E+03    0.8110825E+02   -0.6181472E+02   -0.8062687E+02    0.1855907E+02   -0.3426296E+01    0.3401713E+01   -0.1104667E+02   -0.1668333E+02    0.6415927E-02    0.5687756E-02
   -0.1972004E-03    0.8412664E-02   -0.7864959E-03   -0.1300196E-01   -0.3644983E-01    0.4439605E+00   -0.7879078E-02    0.8568192E-02    0.6185028E-03    0.3127490E+01    0.9305528E+00   -0.4567578E+01    0.8110825E+02    0.6777550E+02    0.4568596E+02    0.1821332E+02   -0.3446351E+01   -0.2632163E+00   -0.1183067E+01    0.3723387E+01    0.3359822E+01    0.2036532E-03    0.4936139E-03
   -0.3108161E-04    0.1315760E-02   -0.1342142E-03    0.3363499E-02    0.3702359E-01    0.8632712E-01    0.1370941E-01    0.6077126E-02    0.5043318E-03   -0.2154189E+02    0.1775884E+01    0.8092391E+01   -0.6181472E+02    0.4568596E+02    0.9961706E+02    0.7077046E+02   -0.1306080E+02   -0.7532200E+00   -0.6048830E+00    0.4547120E+01    0.5334476E+01    0.7895523E-03   -0.2645863E-02
    0.2225554E-04   -0.2160201E-02    0.1697070E-03    0.1130102E-01    0.8058749E-01   -0.8223394E-01    0.2620706E-01    0.3537716E-02    0.1265633E-02   -0.6304525E+02    0.7779417E+00    0.7466625E+01   -0.8062687E+02    0.1821332E+02    0.7077046E+02    0.1269495E+03   -0.1200769E+02   -0.3826555E+00   -0.5070836E+00   -0.3103757E+00    0.1538221E+02    0.7121385E-03   -0.7922660E-02
   -0.2803853E-04    0.1661828E-02   -0.1464544E-03   -0.4336344E-02   -0.1725636E-01    0.8784019E-01   -0.6510454E-02    0.3082365E-03    0.5714357E-05    0.1250674E+01    0.6854572E-01   -0.3135658E+01    0.1855907E+02   -0.3446351E+01   -0.1306080E+02   -0.1200769E+02    0.6911149E+01    0.1747939E+00   -0.2253048E-01   -0.2058098E+01   -0.1850886E+01   -0.1231852E-03    0.2614272E-03
    0.8104991E-05    0.1245238E-03   -0.1923784E-04    0.9878524E-04    0.1962273E-02    0.1037817E-01    0.1246450E-03    0.7155282E-03   -0.1570341E-04   -0.4697199E-01   -0.6571083E-02   -0.1904431E+00   -0.3426296E+01   -0.2632163E+00   -0.7532200E+00   -0.3826555E+00    0.1747939E+00    0.3492242E+01    0.4127239E+00    0.1317942E+00    0.2855160E+00    0.2818159E-03    0.7766535E-05
    0.1506508E-05    0.1000264E-03   -0.7595955E-05   -0.7111960E-03   -0.1682603E-02    0.5400131E-02   -0.1874752E-02    0.6114464E-04   -0.6247762E-04    0.9987741E-01    0.1504292E-02    0.2340899E-01    0.3401713E+01   -0.1183067E+01   -0.6048830E+00   -0.5070836E+00   -0.2253048E-01    0.4127239E+00    0.3410510E+01    0.2556379E+01    0.1678291E+01   -0.2989657E-03   -0.2227624E-03
   -0.8903787E-05    0.2119697E-03   -0.1346531E-04   -0.1573541E-02    0.3401579E-02    0.1103228E-01   -0.3174654E-02   -0.1506684E-03   -0.3451528E-04   -0.1846740E+01    0.7269409E-01    0.2377384E+01   -0.1104667E+02    0.3723387E+01    0.4547120E+01   -0.3103757E+00   -0.2058098E+01    0.1317942E+00    0.2556379E+01    0.1720642E+02    0.2573739E+02    0.2521607E-04    0.2537442E-02
    0.2431139E-05   -0.5410363E-03    0.6349834E-04    0.8712118E-05    0.1382948E-01   -0.2862216E-01    0.7801874E-03   -0.6239564E-03    0.7455469E-03   -0.1866106E+02    0.9347514E-01    0.2202393E+01   -0.1668333E+02    0.3359822E+01    0.5334476E+01    0.1538221E+02   -0.1850886E+01    0.2855160E+00    0.1678291E+01    0.2573739E+02    0.5467340E+02    0.1480010E-03    0.4542070E-02
    0.3831241E-08    0.2154685E-07    0.3687699E-09    0.8745094E-08   -0.9127075E-06    0.1581564E-05    0.2968345E-06   -0.1100277E-06    0.1936169E-08   -0.2529078E-03    0.7097593E-05    0.1753201E-03    0.6415927E-02    0.2036532E-03    0.7895523E-03    0.7121385E-03   -0.1231852E-03    0.2818159E-03   -0.2989657E-03    0.2521607E-04    0.1480010E-03    0.6023156E-06    0.1721461E-07
   -0.6078749E-08    0.4857479E-06   -0.4350097E-07   -0.1211292E-05   -0.4791523E-05    0.2379476E-04   -0.1607240E-05    0.2990512E-06    0.1421834E-07    0.4623247E-02   -0.2292214E-04   -0.4105214E-03    0.5687756E-02    0.4936139E-03   -0.2645863E-02   -0.7922660E-02    0.2614272E-03    0.7766535E-05   -0.2227624E-03    0.2537442E-02    0.4542070E-02    0.1721461E-07    0.2126004E-05
