# omegabh2 omegach2 theta tau mnu logA ns calPlanck aps100 aps143 aps217 acib217 asz143 psr cibr xi aksz dust100 dust143 dust217 dust143x217 cal0 cal2 calTE calEE
  2.1523687E-08  -5.0081053E-08   1.0771340E-08   1.6035185E-07   4.6245327E-07   2.9761215E-07   1.7071169E-07   1.5577351E-08  -3.9987506E-04  -2.2113442E-04   9.8708194E-05  -1.2477700E-04   2.3253671E-05   9.1799341E-07  -1.9022446E-06   1.0525088E-06  -3.2264573E-05   4.9358579E-07  -6.4373867E-07   8.1658274E-07   2.1448354E-07   3.8907241E-09  -8.2689920E-09  -1.0089506E-07  -2.5170366E-07
 -5.0081053E-08   1.0976149E-06  -5.6714071E-08  -1.1562292E-06  -1.5501135E-05   2.9537446E-07  -2.3676014E-06  -5.0205873E-08   1.7497760E-04   2.6565313E-04  -2.1364433E-05   1.4894840E-04  -2.7702396E-05   2.3275413E-06   6.6783953E-07   4.1259465E-06  -1.4408807E-05   1.0877785E-06   2.5932456E-06  -2.1387921E-06   1.9596191E-07  -2.1093389E-08   8.5812780E-09  -3.4549990E-07  -5.8432971E-07
  1.0771340E-08  -5.6714071E-08   8.8654953E-08   1.1197237E-07   6.4004549E-07   2.2017976E-07   2.1057069E-07   2.0162343E-08   8.9435472E-05  -5.4930005E-05  -1.0904518E-04   3.5724168E-05  -1.3454454E-05   2.5047149E-07  -1.6668042E-06   5.2990382E-07   3.8213312E-05  -9.0092274E-07  -2.8247457E-07  -5.0488384E-07   1.4626447E-07   4.0488140E-09   4.4842280E-09  -3.0611933E-08   4.4292002E-08
  1.6035185E-07  -1.1562292E-06   1.1197237E-07   4.6541451E-05   2.4873534E-05   8.9332057E-05   5.1427679E-06  -4.1526763E-07  -8.6166792E-03  -3.1817422E-03   1.7540125E-03  -1.4879186E-03   4.5905908E-04   3.7404868E-05  -3.1288023E-05   4.9263398E-05  -9.3769377E-04  -7.5803703E-06  -3.6448474E-05  -3.0795616E-06  -2.5761302E-05  -1.5313429E-10  -1.2290746E-07  -3.0765557E-06  -2.6079982E-06
  4.6245327E-07  -1.5501135E-05   6.4004549E-07   2.4873534E-05   2.2308607E-03   9.6075776E-06   3.3309895E-05   1.4751138E-06   2.4205715E-02   1.1331944E-02  -7.2598019E-03   3.6317302E-03  -6.1198412E-04  -5.1205729E-05   1.3687589E-04   8.8382914E-06   1.6783322E-03  -1.9051653E-04  -3.4537529E-05   3.1725334E-05   5.1069451E-05  -4.6672137E-07   5.0353471E-07   1.7209239E-05   1.0622101E-05
  2.9761215E-07   2.9537446E-07   2.2017976E-07   8.9332057E-05   9.6075776E-06   2.0634461E-04   3.2862507E-06   1.1479817E-05  -1.1666594E-02  -4.1855593E-03   1.1292267E-02  -3.8932895E-03   8.1624182E-04   1.0404969E-04  -9.2890257E-05   1.8819391E-04  -2.9537718E-03  -3.9547674E-05  -1.4863656E-04   1.2214267E-05  -7.4335799E-05   6.2509935E-07  -1.7342428E-07  -7.2527502E-06  -4.7230513E-06
  1.7071169E-07  -2.3676014E-06   2.1057069E-07   5.1427679E-06   3.3309895E-05   3.2862507E-06   1.4907626E-05   2.9473876E-07  -2.1310219E-02  -6.5223147E-03   8.0087869E-03  -5.5246237E-03   5.5715231E-04   5.9896492E-05  -1.1020676E-04   4.7733491E-05  -1.6573835E-03   1.0217945E-05  -3.8484350E-05   2.2832556E-05  -2.0663217E-05  -2.7652071E-07  -3.8926286E-07   4.1130008E-08  -2.2840584E-06
  1.5577351E-08  -5.0205873E-08   2.0162343E-08  -4.1526763E-07   1.4751138E-06   1.1479817E-05   2.9473876E-07   6.1493820E-06   3.2221766E-03   4.6364976E-04   1.0138174E-03   6.7933526E-04  -6.9199455E-05  -4.0958066E-06   1.2382828E-05   1.6501696E-05  -2.7652156E-05  -4.1004953E-06   1.1475026E-05   4.7377523E-06  -5.3673288E-06  -1.2281273E-08   1.8123302E-08  -2.8933363E-07  -1.6313838E-07
 -3.9987506E-04   1.7497760E-04   8.9435472E-05  -8.6166792E-03   2.4205715E-02  -1.1666594E-02  -2.1310219E-02   3.2221766E-03   6.1365429E+02   5.5635719E+01  -5.3227788E+01   2.7961029E+01  -2.5691435E+01  -8.5262614E-01  -2.3239099E-01  -2.4919472E-01   1.1563850E+01  -2.1616610E-01   2.7303557E-01  -2.0496115E-01  -1.6643638E-01   6.6401059E-03   3.2717526E-03  -5.2684414E-04   8.7728058E-03
 -2.2113442E-04   2.6565313E-04  -5.4930005E-05  -3.1817422E-03   1.1331944E-02  -4.1855593E-03  -6.5223147E-03   4.6364976E-04   5.5635719E+01   6.5657527E+01   9.0896226E+00   5.8110105E+00  -4.7331996E-01  -9.6524351E-03   3.9611802E-01   8.7513428E-01  -8.2391662E+00  -5.4162601E-02  -2.2403266E-01   5.7524283E-02   9.6550711E-02   8.1314129E-04   6.1159032E-04   2.3021729E-03   5.1311684E-03
  9.8708194E-05  -2.1364433E-05  -1.0904518E-04   1.7540125E-03  -7.2598019E-03   1.1292267E-02   8.0087869E-03   1.0138174E-03  -5.3227788E+01   9.0896226E+00   1.7616083E+02  -8.3361561E+01   2.6036820E+00   3.4089851E-01  -1.0573710E+00   3.4587978E-01  -7.4608743E+00   2.0380414E-02  -2.7147417E-01   5.6933581E-01  -7.9400754E-03   1.9135537E-03  -7.5298833E-03   3.7227386E-03   2.1146579E-03
 -1.2477700E-04   1.4894840E-04   3.5724168E-05  -1.4879186E-03   3.6317302E-03  -3.8932895E-03  -5.5246237E-03   6.7933526E-04   2.7961029E+01   5.8110105E+00  -8.3361561E+01   5.1691533E+01   1.6525861E+00  -4.6546188E-02   7.3268735E-01  -2.4727466E-01  -2.5295663E+00  -1.7416285E-02   1.6661988E-01  -4.5222588E-01  -1.1020552E-01  -6.8610820E-04   3.0785952E-03  -1.0589866E-03   6.5322982E-04
  2.3253671E-05  -2.7702396E-05  -1.3454454E-05   4.5905908E-04  -6.1198412E-04   8.1624182E-04   5.5715231E-04  -6.9199455E-05  -2.5691435E+01  -4.7331996E-01   2.6036820E+00   1.6525861E+00   4.3336363E+00   1.0495795E-01   1.5582022E-01  -3.2779403E-02  -3.5479861E+00  -4.3374450E-03  -5.9858257E-03   1.1329266E-02   5.5172714E-02   4.5314754E-04  -1.6675017E-04  -6.3645454E-05  -3.9731164E-04
  9.1799341E-07   2.3275413E-06   2.5047149E-07   3.7404868E-05  -5.1205729E-05   1.0404969E-04   5.9896492E-05  -4.0958066E-06  -8.5262614E-01  -9.6524351E-03   3.4089851E-01  -4.6546188E-02   1.0495795E-01   1.6736741E-02  -1.6989831E-02   1.2468632E-02  -1.0817360E-01   5.5832514E-05  -1.2895600E-03  -2.4656140E-03   5.7467326E-03   1.7955941E-05  -3.4273921E-05   6.4349774E-06   6.4355938E-06
 -1.9022446E-06   6.6783953E-07  -1.6668042E-06  -3.1288023E-05   1.3687589E-04  -9.2890257E-05  -1.1020676E-04   1.2382828E-05  -2.3239099E-01   3.9611802E-01  -1.0573710E+00   7.3268735E-01   1.5582022E-01  -1.6989831E-02   6.9266205E-02   2.9980894E-03  -1.5196567E-01  -4.5198126E-04   7.1519897E-03  -4.5039207E-04  -1.8463202E-02  -9.5340730E-06   9.6036443E-05  -2.5577183E-05  -1.2007910E-05
  1.0525088E-06   4.1259465E-06   5.2990382E-07   4.9263398E-05   8.8382914E-06   1.8819391E-04   4.7733491E-05   1.6501696E-05  -2.4919472E-01   8.7513428E-01   3.4587978E-01  -2.4727466E-01  -3.2779403E-02   1.2468632E-02   2.9980894E-03   8.3304887E-02   3.1103027E-02   2.2862353E-04   5.5235269E-04   8.0940052E-04   1.4275097E-03   1.6005134E-05  -8.9039003E-06   7.2966011E-06   3.0677075E-05
 -3.2264573E-05  -1.4408807E-05   3.8213312E-05  -9.3769377E-04   1.6783322E-03  -2.9537718E-03  -1.6573835E-03  -2.7652156E-05   1.1563850E+01  -8.2391662E+00  -7.4608743E+00  -2.5295663E+00  -3.5479861E+00  -1.0817360E-01  -1.5196567E-01   3.1103027E-02   7.3239672E+00   7.8375085E-03   4.4114700E-03  -6.1531933E-03  -4.9885169E-02  -3.9072369E-04   4.1324672E-05  -2.2302601E-04  -1.0282150E-04
  4.9358579E-07   1.0877785E-06  -9.0092274E-07  -7.5803703E-06  -1.9051653E-04  -3.9547674E-05   1.0217945E-05  -4.1004953E-06  -2.1616610E-01  -5.4162601E-02   2.0380414E-02  -1.7416285E-02  -4.3374450E-03   5.5832514E-05  -4.5198126E-04   2.2862353E-04   7.8375085E-03   3.7087291E-02   2.8570420E-03   2.5867095E-05   3.9653603E-04   3.4446222E-05  -3.9702790E-06  -1.5771628E-05  -1.3442922E-05
 -6.4373867E-07   2.5932456E-06  -2.8247457E-07  -3.6448474E-05  -3.4537529E-05  -1.4863656E-04  -3.8484350E-05   1.1475026E-05   2.7303557E-01  -2.2403266E-01  -2.7147417E-01   1.6661988E-01  -5.9858257E-03  -1.2895600E-03   7.1519897E-03   5.5235269E-04   4.4114700E-03   2.8570420E-03   3.2038918E-02  -5.5014400E-04   5.6880734E-03  -8.4420643E-05  -3.8958416E-05  -7.6300241E-05  -7.4860658E-05
  8.1658274E-07  -2.1387921E-06  -5.0488384E-07  -3.0795616E-06   3.1725334E-05   1.2214267E-05   2.2832556E-05   4.7377523E-06  -2.0496115E-01   5.7524283E-02   5.6933581E-01  -4.5222588E-01   1.1329266E-02  -2.4656140E-03  -4.5039207E-04   8.0940052E-04  -6.1531933E-03   2.5867095E-05  -5.5014400E-04   1.0623021E-02   8.3792059E-03   4.9158330E-06   6.0121105E-05   1.2092490E-05  -8.3002431E-06
  2.1448354E-07   1.9596191E-07   1.4626447E-07  -2.5761302E-05   5.1069451E-05  -7.4335799E-05  -2.0663217E-05  -5.3673288E-06  -1.6643638E-01   9.6550711E-02  -7.9400754E-03  -1.1020552E-01   5.5172714E-02   5.7467326E-03  -1.8463202E-02   1.4275097E-03  -4.9885169E-02   3.9653603E-04   5.6880734E-03   8.3792059E-03   2.6727752E-02  -3.4645023E-06   5.4428378E-05  -4.4806755E-06  -8.7642751E-06
  3.8907241E-09  -2.1093389E-08   4.0488140E-09  -1.5313429E-10  -4.6672137E-07   6.2509935E-07  -2.7652071E-07  -1.2281273E-08   6.6401059E-03   8.1314129E-04   1.9135537E-03  -6.8610820E-04   4.5314754E-04   1.7955941E-05  -9.5340730E-06   1.6005134E-05  -3.9072369E-04   3.4446222E-05  -8.4420643E-05   4.9158330E-06  -3.4645023E-06   1.1231356E-06   2.9223502E-08   2.3178509E-07   6.4005514E-07
 -8.2689920E-09   8.5812780E-09   4.4842280E-09  -1.2290746E-07   5.0353471E-07  -1.7342428E-07  -3.8926286E-07   1.8123302E-08   3.2717526E-03   6.1159032E-04  -7.5298833E-03   3.0785952E-03  -1.6675017E-04  -3.4273921E-05   9.6036443E-05  -8.9039003E-06   4.1324672E-05  -3.9702790E-06  -3.8958416E-05   6.0121105E-05   5.4428378E-05   2.9223502E-08   2.3697381E-06   2.6073238E-07   2.2053828E-07
 -1.0089506E-07  -3.4549990E-07  -3.0611933E-08  -3.0765557E-06   1.7209239E-05  -7.2527502E-06   4.1130008E-08  -2.8933363E-07  -5.2684414E-04   2.3021729E-03   3.7227386E-03  -1.0589866E-03  -6.3645454E-05   6.4349774E-06  -2.5577183E-05   7.2966011E-06  -2.2302601E-04  -1.5771628E-05  -7.6300241E-05   1.2092490E-05  -4.4806755E-06   2.3178509E-07   2.6073238E-07   2.3876145E-05   8.4108390E-06
 -2.5170366E-07  -5.8432971E-07   4.4292002E-08  -2.6079982E-06   1.0622101E-05  -4.7230513E-06  -2.2840584E-06  -1.6313838E-07   8.7728058E-03   5.1311684E-03   2.1146579E-03   6.5322982E-04  -3.9731164E-04   6.4355938E-06  -1.2007910E-05   3.0677075E-05  -1.0282150E-04  -1.3442922E-05  -7.4860658E-05  -8.3002431E-06  -8.7642751E-06   6.4005514E-07   2.2053828E-07   8.4108390E-06   2.3709469E-05
