# omegabh2 omegach2 theta tau w logA ns calPlanck acib217 xi asz143 aps100 aps143 aps143217 aps217 aksz kgal100 kgal143 kgal143217 kgal217 galfEE100 galfEE100143 galfEE100217 galfEE143 galfEE143217 galfEE217 galfTE100 galfTE100143 galfTE100217 galfTE143 galfTE143217 galfTE217 cal0 cal2
    0.2549071E-07   -0.1411469E-06    0.1932970E-07    0.8884691E-06    0.2073515E-05    0.1479096E-05    0.3888303E-06   -0.1374585E-07   -0.1021003E-03    0.5401788E-06    0.3780216E-04   -0.4769141E-03   -0.3066423E-03   -0.1119217E-03   -0.1992797E-04   -0.4501556E-04   -0.3163045E-05   -0.5617395E-05   -0.4152841E-05    0.7843016E-05    0.8565182E-07    0.6762635E-07    0.3310466E-07    0.2153840E-07    0.1125839E-06   -0.4632305E-06    0.6252673E-07   -0.5807256E-07   -0.5523158E-06   -0.1298890E-06   -0.5903438E-06   -0.1388998E-05    0.2392127E-08   -0.5375081E-08
   -0.1411469E-06    0.2156818E-05   -0.1781389E-06   -0.9781426E-05   -0.2548802E-04   -0.1448819E-04   -0.5469777E-05   -0.1366731E-06    0.5359621E-03    0.3633908E-05   -0.1394859E-03    0.1274507E-02    0.1619176E-02    0.1021399E-02    0.3739725E-03    0.1539389E-03    0.3138674E-04   -0.5810684E-04   -0.1138724E-03   -0.3128814E-03   -0.9873154E-06   -0.7915203E-06    0.2395484E-06   -0.6907105E-06    0.1017609E-05    0.5634284E-05   -0.1708908E-05   -0.5210825E-06    0.1653940E-05   -0.3407995E-06    0.1172030E-05    0.3366962E-05    0.2229068E-07    0.2190156E-07
    0.1932970E-07   -0.1781389E-06    0.9703756E-07    0.9384551E-06    0.2566466E-05    0.1518869E-05    0.5275349E-06   -0.5682628E-08   -0.9012407E-05   -0.2397639E-05    0.2148856E-04    0.1145099E-03   -0.1982747E-03   -0.1268241E-03   -0.8308678E-04   -0.1192035E-04   -0.8469784E-05   -0.1247857E-04    0.3586814E-05    0.4350077E-04    0.1802826E-07    0.4591989E-07   -0.9281141E-08    0.4257383E-07   -0.5411286E-07   -0.2425364E-06    0.9372257E-07   -0.2320915E-06    0.2526971E-06   -0.1364672E-06    0.2292930E-06   -0.6259923E-07    0.8602333E-08    0.1257536E-07
    0.8884691E-06   -0.9781426E-05    0.9384551E-06    0.2643947E-03    0.1811320E-03    0.4976716E-03    0.3508539E-04   -0.3240272E-05   -0.1190951E-01    0.5595960E-03    0.2553090E-02   -0.4493052E-01   -0.1513185E-01    0.8448744E-02    0.7808201E-02   -0.4345474E-02    0.1572139E-03    0.2981496E-03    0.1502275E-02    0.3951340E-02    0.1254165E-05    0.1854002E-05    0.7469127E-05    0.3182207E-05    0.5096447E-06   -0.6656205E-04    0.2547662E-04    0.1887349E-04   -0.3564072E-04   -0.1165318E-04    0.1476032E-04   -0.1970161E-04    0.2354799E-06   -0.7512493E-06
    0.2073515E-05   -0.2548802E-04    0.2566466E-05    0.1811320E-03    0.1237218E-01    0.2899527E-03    0.6946832E-04   -0.3794988E-05   -0.1155169E-01   -0.4529608E-03   -0.1768255E-03   -0.7355130E-01   -0.1189779E-01   -0.2282550E-01   -0.5847215E-02    0.1340335E-02    0.2538934E-02    0.6075361E-02    0.1744119E-01    0.3655217E-01    0.1230230E-04    0.1055613E-04   -0.9188406E-04    0.1254212E-04   -0.1091072E-03   -0.2344188E-03    0.3218658E-04   -0.8090900E-05   -0.6739064E-04   -0.3389806E-04   -0.3200391E-03   -0.7416890E-04   -0.3740571E-05    0.2343254E-05
    0.1479096E-05   -0.1448819E-04    0.1518869E-05    0.4976716E-03    0.2899527E-03    0.9753358E-03    0.5439503E-04    0.6361575E-05   -0.2261484E-01    0.1179150E-02    0.4560650E-02   -0.7811565E-01   -0.2282669E-01    0.2240061E-01    0.2317007E-01   -0.9111055E-02   -0.1667209E-03    0.1607474E-03    0.2594366E-02    0.9386157E-02    0.3219147E-06    0.1516577E-05    0.2014431E-04    0.6760773E-05    0.8622996E-05   -0.1623550E-03    0.4979923E-04    0.4516099E-04   -0.8826824E-04   -0.1630901E-04    0.3976958E-04    0.4402593E-04    0.7986885E-06   -0.1574378E-05
    0.3888303E-06   -0.5469777E-05    0.5275349E-06    0.3508539E-04    0.6946832E-04    0.5439503E-04    0.2316605E-04   -0.1078900E-06   -0.4119530E-02    0.5809478E-04    0.1295473E-02   -0.2478970E-01   -0.9304988E-02   -0.7083802E-03    0.2351181E-02   -0.2471260E-02    0.4454467E-03    0.7250549E-04    0.1181103E-03    0.1066267E-02    0.3425468E-05    0.3202071E-05   -0.6267092E-06    0.3216289E-05    0.6864134E-05   -0.8120100E-05    0.3633089E-05    0.1120443E-05   -0.6269796E-05    0.6060630E-05   -0.1063891E-04   -0.2911132E-04   -0.1988574E-06   -0.2334918E-06
   -0.1374585E-07   -0.1366731E-06   -0.5682628E-08   -0.3240272E-05   -0.3794988E-05    0.6361575E-05   -0.1078900E-06    0.6509010E-05    0.8754164E-03   -0.3696716E-05   -0.1031449E-03    0.4398360E-02    0.1263685E-02    0.2617082E-03    0.1499503E-02    0.3582847E-04   -0.6725980E-04    0.1247841E-03    0.1620299E-03    0.1024648E-02    0.3017980E-06    0.2839973E-06    0.2970952E-05    0.1182860E-05    0.3276537E-05   -0.1480358E-04    0.1320249E-05    0.3961376E-05   -0.7420056E-05    0.3232084E-05    0.4190675E-05    0.3830371E-04   -0.2916283E-07   -0.1612176E-07
   -0.1021003E-03    0.5359621E-03   -0.9012407E-05   -0.1190951E-01   -0.1155169E-01   -0.2261484E-01   -0.4119530E-02    0.8754164E-03    0.4252084E+02   -0.4943106E+00   -0.1229811E+01    0.4105563E+02   -0.1656068E+01   -0.2106705E+02   -0.6051045E+02    0.1398796E+00    0.1840584E+00    0.8186219E-01   -0.1600288E+01   -0.1800168E+02   -0.7674032E-03   -0.4442413E-03    0.6181789E-02   -0.1021891E-02   -0.2066374E-02    0.1386296E-01    0.9668783E-03    0.3618051E-02    0.3147480E-02   -0.9701320E-03    0.1915321E-01   -0.1328925E-01   -0.2869097E-03    0.4254264E-02
    0.5401788E-06    0.3633908E-05   -0.2397639E-05    0.5595960E-03   -0.4529608E-03    0.1179150E-02    0.5809478E-04   -0.3696716E-05   -0.4943106E+00    0.7976201E-01   -0.4795615E-01   -0.5420065E+00    0.1036529E+01    0.1931137E+01    0.7581862E+00    0.7487084E-01    0.8226654E-02    0.1088599E-01    0.1239926E+00    0.1248850E+00    0.3227762E-04    0.1044696E-04    0.1564640E-03    0.6617409E-04   -0.5815087E-05    0.5225787E-03   -0.1369596E-03    0.2434450E-03   -0.1864879E-03    0.4965511E-03    0.7805393E-03    0.2053816E-03    0.2003735E-04   -0.2234780E-04
    0.3780216E-04   -0.1394859E-03    0.2148856E-04    0.2553090E-02   -0.1768255E-03    0.4560650E-02    0.1295473E-02   -0.1031449E-03   -0.1229811E+01   -0.4795615E-01    0.3530013E+01   -0.2852863E+02   -0.3530562E+01    0.7740993E+01    0.5942926E+01   -0.2402894E+01   -0.1534569E+00    0.4586281E-01    0.2189546E+01    0.1701951E+01    0.9981969E-04    0.4184346E-03    0.2154152E-02    0.2592338E-03    0.1614812E-02   -0.1089673E-01    0.2011542E-02    0.3989212E-03   -0.6880417E-02   -0.1018319E-02   -0.6845706E-02   -0.1261316E-01    0.1175639E-03   -0.2840599E-03
   -0.4769141E-03    0.1274507E-02    0.1145099E-03   -0.4493052E-01   -0.7355130E-01   -0.7811565E-01   -0.2478970E-01    0.4398360E-02    0.4105563E+02   -0.5420065E+00   -0.2852863E+02    0.7652469E+03    0.6643332E+02   -0.5884878E+02   -0.6903899E+02    0.1066298E+02   -0.2941617E+01    0.3142734E+01   -0.1086334E+02   -0.1373129E+02   -0.1743731E-02   -0.4439025E-02   -0.4039372E-02   -0.4875859E-02   -0.5636109E-01    0.2568485E-01   -0.3326460E-01    0.1744234E-03    0.4938461E-01    0.3618617E-01    0.1015578E+00    0.2450826E+00    0.6449894E-02    0.4334083E-02
   -0.3066423E-03    0.1619176E-02   -0.1982747E-03   -0.1513185E-01   -0.1189779E-01   -0.2282669E-01   -0.9304988E-02    0.1263685E-02   -0.1656068E+01    0.1036529E+01   -0.3530562E+01    0.6643332E+02    0.6416568E+02    0.4893847E+02    0.2286015E+02   -0.4795011E+01   -0.4364958E+00   -0.8288760E+00    0.3219797E+01    0.3440263E+01   -0.2055190E-02   -0.1466073E-02    0.4842022E-03    0.3376009E-03    0.1835681E-02    0.3274828E-01   -0.9313097E-02   -0.2966594E-02    0.1573483E-01    0.3441908E-02    0.4590727E-01    0.6891299E-01    0.1718580E-03   -0.4386637E-03
   -0.1119217E-03    0.1021399E-02   -0.1268241E-03    0.8448744E-02   -0.2282550E-01    0.2240061E-01   -0.7083802E-03    0.2617082E-03   -0.2106705E+02    0.1931137E+01    0.7740993E+01   -0.5884878E+02    0.4893847E+02    0.1034132E+03    0.6854308E+02   -0.1148182E+02   -0.7779392E+00    0.5690946E-01    0.4476940E+01    0.3980410E+01   -0.3258971E-03    0.8275213E-03    0.9638052E-02    0.2833948E-02    0.4393404E-02   -0.9868214E-02   -0.7544145E-02    0.1703174E-02   -0.2867722E-01    0.1186629E-01    0.1967847E-01   -0.2216818E-02    0.8327760E-03   -0.2890492E-02
   -0.1992797E-04    0.3739725E-03   -0.8308678E-04    0.7808201E-02   -0.5847215E-02    0.2317007E-01    0.2351181E-02    0.1499503E-02   -0.6051045E+02    0.7581862E+00    0.5942926E+01   -0.6903899E+02    0.2286015E+02    0.6854308E+02    0.1235671E+03   -0.9898462E+01   -0.7149354E+00    0.1445926E+00   -0.1156037E+01    0.1455291E+02    0.6062568E-03    0.1548245E-02   -0.5767227E-02    0.3654888E-02    0.4884838E-02   -0.4541718E-01   -0.4688639E-02   -0.7037995E-02   -0.3037386E-01   -0.2777944E-02   -0.2074281E-01    0.3372367E-01    0.5583391E-03   -0.7778486E-02
   -0.4501556E-04    0.1539389E-03   -0.1192035E-04   -0.4345474E-02    0.1340335E-02   -0.9111055E-02   -0.2471260E-02    0.3582847E-04    0.1398796E+00    0.7487084E-01   -0.2402894E+01    0.1066298E+02   -0.4795011E+01   -0.1148182E+02   -0.9898462E+01    0.5738647E+01    0.1294991E+00   -0.1838658E+00   -0.1556422E+01   -0.1026131E+01    0.3241249E-04   -0.4644694E-03   -0.4537407E-03   -0.8209648E-03   -0.3953449E-02    0.9997242E-02   -0.1279577E-02    0.3596564E-03    0.7998634E-02   -0.1142922E-02    0.1350275E-02    0.1449364E-01   -0.8229734E-04    0.2067717E-03
   -0.3163045E-05    0.3138674E-04   -0.8469784E-05    0.1572139E-03    0.2538934E-02   -0.1667209E-03    0.4454467E-03   -0.6725980E-04    0.1840584E+00    0.8226654E-02   -0.1534569E+00   -0.2941617E+01   -0.4364958E+00   -0.7779392E+00   -0.7149354E+00    0.1294991E+00    0.3427036E+01    0.4818979E+00    0.3953006E+00    0.2868409E+00    0.9077400E-04    0.2443925E-03    0.1999405E-02    0.2855608E-03    0.5309879E-03    0.2431556E-02   -0.1334646E-02   -0.1662829E-02    0.5090699E-02   -0.3340865E-02   -0.2608148E-02    0.5490795E-02    0.2984856E-03    0.4727419E-04
   -0.5617395E-05   -0.5810684E-04   -0.1247857E-04    0.2981496E-03    0.6075361E-02    0.1607474E-03    0.7250549E-04    0.1247841E-03    0.8186219E-01    0.1088599E-01    0.4586281E-01    0.3142734E+01   -0.8288760E+00    0.5690946E-01    0.1445926E+00   -0.1838658E+00    0.4818979E+00    0.3414733E+01    0.2774878E+01    0.2070408E+01    0.2304571E-03    0.5606268E-03    0.1680000E-02    0.2423142E-03    0.3107458E-03    0.5758628E-02    0.8844449E-03    0.8315346E-03    0.1000225E-02   -0.1662123E-02   -0.7197475E-02   -0.1885285E-01   -0.3315851E-03   -0.1216619E-03
   -0.4152841E-05   -0.1138724E-03    0.3586814E-05    0.1502275E-02    0.1744119E-01    0.2594366E-02    0.1181103E-03    0.1620299E-03   -0.1600288E+01    0.1239926E+00    0.2189546E+01   -0.1086334E+02    0.3219797E+01    0.4476940E+01   -0.1156037E+01   -0.1556422E+01    0.3953006E+00    0.2774878E+01    0.1717370E+02    0.2549013E+02   -0.1414025E-03    0.5700829E-03   -0.4698396E-03    0.7138422E-04    0.2712124E-03   -0.1004844E-01    0.1088286E-01    0.3551633E-02   -0.2788985E-03   -0.3045933E-05   -0.4398975E-02   -0.1969929E-01   -0.1937412E-04    0.2665627E-02
    0.7843016E-05   -0.3128814E-03    0.4350077E-04    0.3951340E-02    0.3655217E-01    0.9386157E-02    0.1066267E-02    0.1024648E-02   -0.1800168E+02    0.1248850E+00    0.1701951E+01   -0.1373129E+02    0.3440263E+01    0.3980410E+01    0.1455291E+02   -0.1026131E+01    0.2868409E+00    0.2070408E+01    0.2549013E+02    0.5371722E+02   -0.3642697E-03    0.2133426E-03   -0.7546856E-02    0.4164901E-03    0.1585512E-02   -0.1709247E-01    0.1359273E-01    0.4366958E-02    0.5856062E-02    0.4477785E-02   -0.3511696E-02    0.3753509E-03    0.5272408E-04    0.4540579E-02
    0.8565182E-07   -0.9873154E-06    0.1802826E-07    0.1254165E-05    0.1230230E-04    0.3219147E-06    0.3425468E-05    0.3017980E-06   -0.7674032E-03    0.3227762E-04    0.9981969E-04   -0.1743731E-02   -0.2055190E-02   -0.3258971E-03    0.6062568E-03    0.3241249E-04    0.9077400E-04    0.2304571E-03   -0.1414025E-03   -0.3642697E-03    0.3127467E-04    0.8188244E-05    0.1071773E-04    0.3117182E-05    0.2270572E-05    0.2025070E-04    0.7228246E-05   -0.2362439E-05    0.1684774E-04   -0.1122454E-04    0.5017680E-05    0.8506162E-04    0.2835636E-07   -0.1273559E-06
    0.6762635E-07   -0.7915203E-06    0.4591989E-07    0.1854002E-05    0.1055613E-04    0.1516577E-05    0.3202071E-05    0.2839973E-06   -0.4442413E-03    0.1044696E-04    0.4184346E-03   -0.4439025E-02   -0.1466073E-02    0.8275213E-03    0.1548245E-02   -0.4644694E-03    0.2443925E-03    0.5606268E-03    0.5700829E-03    0.2133426E-03    0.8188244E-05    0.2404115E-04    0.3384537E-05    0.1227784E-04    0.1050086E-04    0.2676435E-04    0.8612740E-05    0.2629062E-05    0.8448528E-05   -0.2427803E-05   -0.1749798E-05    0.5211430E-04   -0.9947743E-07   -0.4602461E-07
    0.3310466E-07    0.2395484E-06   -0.9281141E-08    0.7469127E-05   -0.9188406E-04    0.2014431E-04   -0.6267092E-06    0.2970952E-05    0.6181789E-02    0.1564640E-03    0.2154152E-02   -0.4039372E-02    0.4842022E-03    0.9638052E-02   -0.5767227E-02   -0.4537407E-03    0.1999405E-02    0.1680000E-02   -0.4698396E-03   -0.7546856E-02    0.1071773E-04    0.3384537E-05    0.1018099E-02   -0.6362226E-05    0.1611282E-05    0.1877366E-03    0.1997686E-04   -0.2871747E-05    0.1844106E-04    0.5058442E-04   -0.1811316E-04    0.1396366E-03    0.1504869E-06   -0.1355715E-06
    0.2153840E-07   -0.6907105E-06    0.4257383E-07    0.3182207E-05    0.1254212E-04    0.6760773E-05    0.3216289E-05    0.1182860E-05   -0.1021891E-02    0.6617409E-04    0.2592338E-03   -0.4875859E-02    0.3376009E-03    0.2833948E-02    0.3654888E-02   -0.8209648E-03    0.2855608E-03    0.2423142E-03    0.7138422E-04    0.4164901E-03    0.3117182E-05    0.1227784E-04   -0.6362226E-05    0.4680157E-04   -0.7592066E-05    0.2041052E-04    0.7037455E-05    0.4931346E-05   -0.2180960E-04    0.5543269E-05    0.3355196E-05   -0.2441774E-04   -0.1994645E-06   -0.4744225E-07
    0.1125839E-06    0.1017609E-05   -0.5411286E-07    0.5096447E-06   -0.1091072E-03    0.8622996E-05    0.6864134E-05    0.3276537E-05   -0.2066374E-02   -0.5815087E-05    0.1614812E-02   -0.5636109E-01    0.1835681E-02    0.4393404E-02    0.4884838E-02   -0.3953449E-02    0.5309879E-03    0.3107458E-03    0.2712124E-03    0.1585512E-02    0.2270572E-05    0.1050086E-04    0.1611282E-05   -0.7592066E-05    0.2103030E-02    0.1471648E-03   -0.4547316E-04   -0.4033004E-04   -0.1458294E-05   -0.2370434E-04    0.7018320E-04   -0.5652387E-03    0.3409748E-06   -0.9778701E-06
   -0.4632305E-06    0.5634284E-05   -0.2425364E-06   -0.6656205E-04   -0.2344188E-03   -0.1623550E-03   -0.8120100E-05   -0.1480358E-04    0.1386296E-01    0.5225787E-03   -0.1089673E-01    0.2568485E-01    0.3274828E-01   -0.9868214E-02   -0.4541718E-01    0.9997242E-02    0.2431556E-02    0.5758628E-02   -0.1004844E-01   -0.1709247E-01    0.2025070E-04    0.2676435E-04    0.1877366E-03    0.2041052E-04    0.1471648E-03    0.1775213E-01   -0.1012699E-03    0.8413740E-04    0.3177946E-06    0.2388908E-03    0.4921074E-03   -0.1549587E-03   -0.4113960E-05   -0.5210798E-06
    0.6252673E-07   -0.1708908E-05    0.9372257E-07    0.2547662E-04    0.3218658E-04    0.4979923E-04    0.3633089E-05    0.1320249E-05    0.9668783E-03   -0.1369596E-03    0.2011542E-02   -0.3326460E-01   -0.9313097E-02   -0.7544145E-02   -0.4688639E-02   -0.1279577E-02   -0.1334646E-02    0.8844449E-03    0.1088286E-01    0.1359273E-01    0.7228246E-05    0.8612740E-05    0.1997686E-04    0.7037455E-05   -0.4547316E-04   -0.1012699E-03    0.1455756E-02    0.3050169E-03    0.6492656E-04   -0.3583858E-03   -0.2475418E-03   -0.1972814E-03   -0.1068098E-06    0.1654520E-05
   -0.5807256E-07   -0.5210825E-06   -0.2320915E-06    0.1887349E-04   -0.8090900E-05    0.4516099E-04    0.1120443E-05    0.3961376E-05    0.3618051E-02    0.2434450E-03    0.3989212E-03    0.1744234E-03   -0.2966594E-02    0.1703174E-02   -0.7037995E-02    0.3596564E-03   -0.1662829E-02    0.8315346E-03    0.3551633E-02    0.4366958E-02   -0.2362439E-05    0.2629062E-05   -0.2871747E-05    0.4931346E-05   -0.4033004E-04    0.8413740E-04    0.3050169E-03    0.8371643E-03   -0.7866427E-05    0.7151277E-03   -0.3624562E-04   -0.8022119E-03    0.1329529E-06    0.2311107E-05
   -0.5523158E-06    0.1653940E-05    0.2526971E-06   -0.3564072E-04   -0.6739064E-04   -0.8826824E-04   -0.6269796E-05   -0.7420056E-05    0.3147480E-02   -0.1864879E-03   -0.6880417E-02    0.4938461E-01    0.1573483E-01   -0.2867722E-01   -0.3037386E-01    0.7998634E-02    0.5090699E-02    0.1000225E-02   -0.2788985E-03    0.5856062E-02    0.1684774E-04    0.8448528E-05    0.1844106E-04   -0.2180960E-04   -0.1458294E-05    0.3177946E-06    0.6492656E-04   -0.7866427E-05    0.7123002E-02   -0.3322889E-03    0.9867912E-03    0.4978182E-02   -0.4388024E-06   -0.4556475E-06
   -0.1298890E-06   -0.3407995E-06   -0.1364672E-06   -0.1165318E-04   -0.3389806E-04   -0.1630901E-04    0.6060630E-05    0.3232084E-05   -0.9701320E-03    0.4965511E-03   -0.1018319E-02    0.3618617E-01    0.3441908E-02    0.1186629E-01   -0.2777944E-02   -0.1142922E-02   -0.3340865E-02   -0.1662123E-02   -0.3045933E-05    0.4477785E-02   -0.1122454E-04   -0.2427803E-05    0.5058442E-04    0.5543269E-05   -0.2370434E-04    0.2388908E-03   -0.3583858E-03    0.7151277E-03   -0.3322889E-03    0.2793795E-02    0.5937535E-03   -0.2991087E-03    0.5547116E-06    0.1833119E-05
   -0.5903438E-06    0.1172030E-05    0.2292930E-06    0.1476032E-04   -0.3200391E-03    0.3976958E-04   -0.1063891E-04    0.4190675E-05    0.1915321E-01    0.7805393E-03   -0.6845706E-02    0.1015578E+00    0.4590727E-01    0.1967847E-01   -0.2074281E-01    0.1350275E-02   -0.2608148E-02   -0.7197475E-02   -0.4398975E-02   -0.3511696E-02    0.5017680E-05   -0.1749798E-05   -0.1811316E-04    0.3355196E-05    0.7018320E-04    0.4921074E-03   -0.2475418E-03   -0.3624562E-04    0.9867912E-03    0.5937535E-03    0.6780516E-02    0.8491959E-02    0.1584298E-06    0.4909017E-05
   -0.1388998E-05    0.3366962E-05   -0.6259923E-07   -0.1970161E-04   -0.7416890E-04    0.4402593E-04   -0.2911132E-04    0.3830371E-04   -0.1328925E-01    0.2053816E-03   -0.1261316E-01    0.2450826E+00    0.6891299E-01   -0.2216818E-02    0.3372367E-01    0.1449364E-01    0.5490795E-02   -0.1885285E-01   -0.1969929E-01    0.3753509E-03    0.8506162E-04    0.5211430E-04    0.1396366E-03   -0.2441774E-04   -0.5652387E-03   -0.1549587E-03   -0.1972814E-03   -0.8022119E-03    0.4978182E-02   -0.2991087E-03    0.8491959E-02    0.6638414E-01    0.7544043E-05   -0.4752115E-05
    0.2392127E-08    0.2229068E-07    0.8602333E-08    0.2354799E-06   -0.3740571E-05    0.7986885E-06   -0.1988574E-06   -0.2916283E-07   -0.2869097E-03    0.2003735E-04    0.1175639E-03    0.6449894E-02    0.1718580E-03    0.8327760E-03    0.5583391E-03   -0.8229734E-04    0.2984856E-03   -0.3315851E-03   -0.1937412E-04    0.5272408E-04    0.2835636E-07   -0.9947743E-07    0.1504869E-06   -0.1994645E-06    0.3409748E-06   -0.4113960E-05   -0.1068098E-06    0.1329529E-06   -0.4388024E-06    0.5547116E-06    0.1584298E-06    0.7544043E-05    0.6285276E-06    0.5603343E-08
   -0.5375081E-08    0.2190156E-07    0.1257536E-07   -0.7512493E-06    0.2343254E-05   -0.1574378E-05   -0.2334918E-06   -0.1612176E-07    0.4254264E-02   -0.2234780E-04   -0.2840599E-03    0.4334083E-02   -0.4386637E-03   -0.2890492E-02   -0.7778486E-02    0.2067717E-03    0.4727419E-04   -0.1216619E-03    0.2665627E-02    0.4540579E-02   -0.1273559E-06   -0.4602461E-07   -0.1355715E-06   -0.4744225E-07   -0.9778701E-06   -0.5210798E-06    0.1654520E-05    0.2311107E-05   -0.4556475E-06    0.1833119E-05    0.4909017E-05   -0.4752115E-05    0.5603343E-08    0.1989873E-05
