# omegabh2 omegach2 theta tau meffsterile nnu logA ns calPlanck acib217 xi asz143 aps100 aps143 aps143217 aps217 aksz kgal100 kgal143 kgal143217 kgal217 galfEE100 galfEE100143 galfEE100217 galfEE143 galfEE143217 galfEE217 galfTE100 galfTE100143 galfTE100217 galfTE143 galfTE143217 galfTE217 cal0 cal2
    0.3155169E-07    0.1065217E-07    0.6759480E-08    0.1394672E-05    0.4405574E-05    0.9574061E-05    0.2836889E-05    0.6776870E-06    0.2234525E-07   -0.5642917E-04    0.1147187E-05    0.1795197E-04   -0.2404174E-03   -0.1381880E-03   -0.2177433E-04    0.1242097E-04   -0.2325550E-04    0.2813072E-05    0.2971639E-05    0.9685008E-05    0.2834056E-04    0.6562340E-07    0.7793798E-07    0.7907406E-07    0.9643672E-07    0.1048224E-06   -0.2231174E-06   -0.1478089E-06   -0.2996644E-07   -0.5424081E-07   -0.1711678E-06   -0.5909878E-06   -0.3076150E-05    0.2070925E-10   -0.1628312E-08
    0.1065217E-07    0.1064811E-04   -0.5941160E-06    0.2547472E-06   -0.3628517E-03    0.2351753E-03    0.1271581E-04    0.5980092E-05   -0.2681096E-06    0.2364684E-02   -0.5622089E-04   -0.3987657E-03    0.8348246E-02    0.3363097E-02   -0.3166543E-03   -0.2011995E-02    0.7576221E-03    0.9867791E-04    0.8029158E-04    0.2644681E-03   -0.1986794E-03   -0.3880429E-07    0.2030918E-06   -0.1536268E-05    0.3433058E-06   -0.5046125E-05   -0.6351607E-05   -0.1305109E-05    0.1917338E-06    0.1427729E-05   -0.2943791E-07    0.6269507E-06    0.2302922E-04   -0.3818987E-07    0.2861722E-06
    0.6759480E-08   -0.5941160E-06    0.1310694E-06    0.2953053E-06    0.5918628E-06   -0.1932183E-04   -0.3231396E-06   -0.1459549E-06    0.1606459E-07   -0.1398647E-03    0.2702328E-05    0.2798348E-04   -0.4999370E-03   -0.3189367E-03   -0.1029512E-03    0.2967801E-05   -0.5405432E-04   -0.9647738E-05    0.9087257E-06    0.1913222E-05    0.3966049E-04    0.6925665E-08    0.3475607E-08    0.1148362E-06    0.2639574E-07    0.9956636E-07    0.6390364E-06   -0.4465927E-07   -0.2017703E-07   -0.1486380E-06   -0.7408391E-07   -0.8773463E-06   -0.4789048E-05    0.1613693E-08   -0.1231058E-07
    0.1394672E-05    0.2547472E-06    0.2953053E-06    0.3182504E-03   -0.1129724E-04    0.5302550E-03    0.6189376E-03    0.5711106E-04   -0.2464485E-05   -0.9285401E-02    0.1973374E-03    0.1844556E-02   -0.3438779E-01   -0.1266881E-01    0.3025209E-02    0.8819029E-02   -0.4087079E-02   -0.3239260E-03   -0.7943915E-03   -0.2606755E-02   -0.1800464E-02    0.4444565E-05    0.6139897E-05   -0.1234506E-05    0.6164551E-05   -0.2545126E-05    0.8678197E-05   -0.2031547E-04    0.4942648E-07    0.4972436E-05   -0.8204753E-05   -0.3387786E-04   -0.1711314E-03   -0.1109960E-06   -0.1065801E-05
    0.4405574E-05   -0.3628517E-03    0.5918628E-06   -0.1129724E-04    0.5914123E-01    0.5260169E-02    0.8643993E-04   -0.5050380E-03    0.6742511E-05    0.7911785E-02   -0.8832504E-04   -0.3393479E-02    0.1128061E+00    0.2022022E+00    0.1841932E+00    0.1638776E+00    0.1559788E-01    0.2969188E-03   -0.2744936E-02    0.1071259E-01    0.2164165E-01   -0.4903509E-04   -0.5510972E-04    0.2552135E-04   -0.8270153E-04    0.2908960E-03   -0.4469578E-04    0.2496342E-04   -0.6005748E-04   -0.3482162E-03   -0.6671692E-04    0.1733301E-03   -0.9019638E-04   -0.5978108E-07    0.2323808E-05
    0.9574061E-05    0.2351753E-03   -0.1932183E-04    0.5302550E-03    0.5260169E-02    0.1326892E-01    0.1444815E-02    0.4017858E-03   -0.1925482E-05    0.8425869E-01   -0.2064059E-02   -0.1276222E-01    0.2953243E+00    0.1479011E+00    0.2194536E-01   -0.4113513E-01    0.3220742E-01    0.6269845E-02    0.5746006E-02    0.1687476E-01    0.3770199E-02    0.2061200E-04    0.2924469E-04   -0.2326021E-04    0.3038243E-04   -0.4624225E-04   -0.3648240E-03   -0.8875440E-04   -0.2260989E-04   -0.6317979E-04   -0.4077613E-04   -0.7242998E-04   -0.7403631E-04   -0.2053792E-05    0.1022073E-04
    0.2836889E-05    0.1271581E-04   -0.3231396E-06    0.6189376E-03    0.8643993E-04    0.1444815E-02    0.1254341E-02    0.1123645E-03    0.7126885E-05   -0.1502904E-01    0.3812023E-03    0.2983257E-02   -0.4991354E-01   -0.1580124E-01    0.1125533E-01    0.2276247E-01   -0.7744665E-02   -0.7912892E-03   -0.1978017E-02   -0.5343962E-02   -0.2654225E-02    0.8183365E-05    0.1137496E-04   -0.5503637E-05    0.1241228E-04   -0.1134975E-04    0.7456210E-05   -0.3829539E-04   -0.1146684E-05    0.8046603E-05   -0.1669483E-04   -0.5591064E-04   -0.2734502E-03   -0.8070776E-07   -0.1803913E-05
    0.6776870E-06    0.5980092E-05   -0.1459549E-06    0.5711106E-04   -0.5050380E-03    0.4017858E-03    0.1123645E-03    0.4498282E-04    0.3743622E-06   -0.3158116E-02    0.7136984E-04    0.8975174E-03   -0.1976494E-01   -0.5987686E-02    0.5882806E-03    0.2420599E-02   -0.1687439E-02    0.5241549E-03    0.1242645E-03   -0.1882836E-04    0.7159021E-03    0.4784116E-05    0.5420764E-05    0.2144598E-05    0.6285325E-05   -0.8449057E-06   -0.1220957E-04   -0.4528014E-05    0.8913674E-06   -0.4043588E-06   -0.1949000E-05   -0.1141519E-04   -0.5472180E-04   -0.2121547E-06   -0.2534228E-06
    0.2234525E-07   -0.2681096E-06    0.1606459E-07   -0.2464485E-05    0.6742511E-05   -0.1925482E-05    0.7126885E-05    0.3743622E-06    0.6148886E-05    0.6917265E-03    0.1121329E-04   -0.5933931E-04    0.3403201E-02    0.4608211E-03    0.3747913E-03    0.1282625E-02   -0.8484950E-05   -0.2328973E-04    0.3579320E-04   -0.1137848E-03    0.4885049E-03    0.5777266E-06    0.3714504E-06   -0.7566537E-06    0.1021718E-05    0.7857274E-06    0.2201680E-05    0.1075429E-05   -0.3888352E-06   -0.1771134E-05   -0.4564556E-06    0.1973107E-05    0.8833697E-05   -0.2183063E-07   -0.4630000E-07
   -0.5642917E-04    0.2364684E-02   -0.1398647E-03   -0.9285401E-02    0.7911785E-02    0.8425869E-01   -0.1502904E-01   -0.3158116E-02    0.6917265E-03    0.4354431E+02   -0.4868884E+00   -0.1920987E+01    0.4506931E+02    0.1565119E+01   -0.2151159E+02   -0.6111483E+02    0.6918093E+00   -0.3351293E-01    0.6134536E-01   -0.1892986E+01   -0.1828291E+02    0.2168578E-04   -0.5498812E-03   -0.2461005E-03   -0.6504723E-03    0.2344544E-02    0.1240893E-01    0.1119747E-02    0.2601259E-02    0.2655582E-04    0.1133833E-02   -0.1115380E-01   -0.1144374E-01   -0.3194506E-03    0.4366610E-02
    0.1147187E-05   -0.5622089E-04    0.2702328E-05    0.1973374E-03   -0.8832504E-04   -0.2064059E-02    0.3812023E-03    0.7136984E-04    0.1121329E-04   -0.4868884E+00    0.8124981E-01   -0.7363380E-01   -0.4356288E+00    0.9857208E+00    0.1853837E+01    0.7339818E+00    0.6829819E-01   -0.7812759E-02    0.6243877E-02    0.9622119E-01    0.1090998E+00    0.5879703E-06    0.9281622E-05   -0.3194633E-04    0.2554444E-04   -0.5580222E-04   -0.4806511E-03   -0.6238065E-04    0.7686689E-04    0.1310231E-03    0.1566703E-03    0.1205774E-03   -0.1618203E-03    0.7219893E-05   -0.1391670E-04
    0.1795197E-04   -0.3987657E-03    0.2798348E-04    0.1844556E-02   -0.3393479E-02   -0.1276222E-01    0.2983257E-02    0.8975174E-03   -0.5933931E-04   -0.1920987E+01   -0.7363380E-01    0.3800639E+01   -0.2995508E+02   -0.3797247E+01    0.8078654E+01    0.7274089E+01   -0.2754736E+01   -0.1549275E+00    0.3386664E-01    0.2314027E+01    0.2137344E+01    0.1454110E-03    0.2913895E-04    0.5028624E-03   -0.8362805E-05    0.5015588E-03    0.2124222E-02    0.5757998E-04    0.9618749E-04    0.3584504E-03    0.5143081E-03    0.1844336E-03    0.5685227E-02    0.1862857E-03   -0.3977529E-03
   -0.2404174E-03    0.8348246E-02   -0.4999370E-03   -0.3438779E-01    0.1128061E+00    0.2953243E+00   -0.4991354E-01   -0.1976494E-01    0.3403201E-02    0.4506931E+02   -0.4356288E+00   -0.2995508E+02    0.7773863E+03    0.7082060E+02   -0.6142464E+02   -0.7382459E+02    0.1430871E+02   -0.3817334E+01    0.3577302E+01   -0.1165825E+02   -0.1860975E+02   -0.2284351E-02   -0.1660515E-02   -0.1100040E-01   -0.2640420E-02    0.8441516E-03    0.3805870E-01    0.6654313E-03   -0.6108072E-02   -0.6718266E-02   -0.1448492E-01   -0.9521174E-02    0.4281666E-01    0.5862676E-02    0.4238517E-02
   -0.1381880E-03    0.3363097E-02   -0.3189367E-03   -0.1266881E-01    0.2022022E+00    0.1479011E+00   -0.1580124E-01   -0.5987686E-02    0.4608211E-03    0.1565119E+01    0.9857208E+00   -0.3797247E+01    0.7082060E+02    0.6260893E+02    0.4547000E+02    0.1772869E+02   -0.4342455E+01   -0.2608510E+00   -0.9617913E+00    0.3820626E+01    0.3211609E+01   -0.1119772E-02   -0.1553956E-02   -0.5012523E-02   -0.1660688E-02    0.1092729E-03    0.6548554E-03   -0.1807230E-02    0.1485565E-02   -0.3082011E-02    0.3638494E-02    0.4991240E-02    0.3458246E-01    0.8753993E-04    0.2601972E-03
   -0.2177433E-04   -0.3166543E-03   -0.1029512E-03    0.3025209E-02    0.1841932E+00    0.2194536E-01    0.1125533E-01    0.5882806E-03    0.3747913E-03   -0.2151159E+02    0.1853837E+01    0.8078654E+01   -0.6142464E+02    0.4547000E+02    0.1011431E+03    0.6905782E+02   -0.1232643E+02   -0.6698156E+00   -0.4279053E+00    0.4700942E+01    0.5348484E+01   -0.5705952E-03   -0.8576181E-03   -0.2468105E-02   -0.9747273E-03   -0.8552761E-03    0.2212289E-02   -0.2050160E-02    0.2596141E-02    0.3915271E-02    0.7188717E-02    0.1104364E-01    0.4133670E-01    0.7677692E-03   -0.2592912E-02
    0.1242097E-04   -0.2011995E-02    0.2967801E-05    0.8819029E-02    0.1638776E+00   -0.4113513E-01    0.2276247E-01    0.2420599E-02    0.1282625E-02   -0.6111483E+02    0.7339818E+00    0.7274089E+01   -0.7382459E+02    0.1772869E+02    0.6905782E+02    0.1236070E+03   -0.1092186E+02   -0.2949487E+00   -0.4113896E+00   -0.6868883E+00    0.1438238E+02   -0.5941820E-03   -0.1940242E-03   -0.1282489E-02   -0.2243266E-03   -0.4040566E-02   -0.5995562E-02   -0.1037614E-02   -0.2466239E-02   -0.1520868E-02    0.2912096E-02    0.2059810E-01    0.5538778E-01    0.7691428E-03   -0.7760362E-02
   -0.2325550E-04    0.7576221E-03   -0.5405432E-04   -0.4087079E-02    0.1559788E-01    0.3220742E-01   -0.7744665E-02   -0.1687439E-02   -0.8484950E-05    0.6918093E+00    0.6829819E-01   -0.2754736E+01    0.1430871E+02   -0.4342455E+01   -0.1232643E+02   -0.1092186E+02    0.6215440E+01    0.1140970E+00   -0.3139796E-01   -0.1812576E+01   -0.1485400E+01   -0.1913897E-03   -0.1584718E-04   -0.5276847E-03   -0.3567380E-04    0.4923408E-03   -0.6883323E-02   -0.7845343E-03   -0.6655703E-03   -0.9925082E-03   -0.6170965E-03   -0.5364664E-03   -0.1029633E-01   -0.1275641E-03    0.2236961E-03
    0.2813072E-05    0.9867791E-04   -0.9647738E-05   -0.3239260E-03    0.2969188E-03    0.6269845E-02   -0.7912892E-03    0.5241549E-03   -0.2328973E-04   -0.3351293E-01   -0.7812759E-02   -0.1549275E+00   -0.3817334E+01   -0.2608510E+00   -0.6698156E+00   -0.2949487E+00    0.1140970E+00    0.3576841E+01    0.4122505E+00    0.1867164E+00    0.3075906E+00   -0.1092352E-04    0.5985278E-04   -0.5734282E-03    0.6140762E-04   -0.6544144E-03   -0.2911987E-02    0.1024396E-03   -0.2121503E-03   -0.8439009E-03   -0.5714391E-03   -0.1332622E-02   -0.2780690E-02    0.3204978E-03   -0.4369320E-05
    0.2971639E-05    0.8029158E-04    0.9087257E-06   -0.7943915E-03   -0.2744936E-02    0.5746006E-02   -0.1978017E-02    0.1242645E-03    0.3579320E-04    0.6134536E-01    0.6243877E-02    0.3386664E-01    0.3577302E+01   -0.9617913E+00   -0.4279053E+00   -0.4113896E+00   -0.3139796E-01    0.4122505E+00    0.3398480E+01    0.2653723E+01    0.1877580E+01    0.5336709E-04    0.7549557E-04   -0.3951756E-03    0.1852389E-03    0.4928905E-03    0.1764827E-02    0.1183838E-03   -0.4094361E-03   -0.1271648E-04   -0.1853422E-03   -0.4703642E-03   -0.2618209E-02   -0.2883006E-03   -0.2126447E-03
    0.9685008E-05    0.2644681E-03    0.1913222E-05   -0.2606755E-02    0.1071259E-01    0.1687476E-01   -0.5343962E-02   -0.1882836E-04   -0.1137848E-03   -0.1892986E+01    0.9622119E-01    0.2314027E+01   -0.1165825E+02    0.3820626E+01    0.4700942E+01   -0.6868883E+00   -0.1812576E+01    0.1867164E+00    0.2653723E+01    0.1726256E+02    0.2579802E+02    0.3294490E-03   -0.1035337E-05    0.1957272E-03    0.4244252E-03    0.3594754E-02   -0.4229898E-02    0.1251758E-02    0.1429121E-03   -0.9197592E-03    0.6332278E-03   -0.1912243E-02    0.8227976E-02   -0.3675730E-04    0.2516428E-02
    0.2834056E-04   -0.1986794E-03    0.3966049E-04   -0.1800464E-02    0.2164165E-01    0.3770199E-02   -0.2654225E-02    0.7159021E-03    0.4885049E-03   -0.1828291E+02    0.1090998E+00    0.2137344E+01   -0.1860975E+02    0.3211609E+01    0.5348484E+01    0.1438238E+02   -0.1485400E+01    0.3075906E+00    0.1877580E+01    0.2579802E+02    0.5459651E+02    0.5553778E-03    0.2843029E-03   -0.3604059E-03    0.1152786E-02    0.5137515E-02   -0.1132116E-01    0.1653046E-02   -0.1624482E-02   -0.1342254E-02    0.4967714E-03    0.4457771E-02    0.1710022E-01    0.5115979E-04    0.4565881E-02
    0.6562340E-07   -0.3880429E-07    0.6925665E-08    0.4444565E-05   -0.4903509E-04    0.2061200E-04    0.8183365E-05    0.4784116E-05    0.5777266E-06    0.2168578E-04    0.5879703E-06    0.1454110E-03   -0.2284351E-02   -0.1119772E-02   -0.5705952E-03   -0.5941820E-03   -0.1913897E-03   -0.1092352E-04    0.5336709E-04    0.3294490E-03    0.5553778E-03    0.3198180E-04    0.8899662E-05    0.1853137E-05    0.3667856E-05    0.2792969E-05   -0.6583749E-05   -0.2362285E-05    0.1443662E-05   -0.9395344E-06    0.3740328E-05   -0.1480238E-05   -0.5342051E-05   -0.5019783E-07    0.8570551E-07
    0.7793798E-07    0.2030918E-06    0.3475607E-08    0.6139897E-05   -0.5510972E-04    0.2924469E-04    0.1137496E-04    0.5420764E-05    0.3714504E-06   -0.5498812E-03    0.9281622E-05    0.2913895E-04   -0.1660515E-02   -0.1553956E-02   -0.8576181E-03   -0.1940242E-03   -0.1584718E-04    0.5985278E-04    0.7549557E-04   -0.1035337E-05    0.2843029E-03    0.8899662E-05    0.2511091E-04    0.2850933E-05    0.1260813E-04    0.4503497E-05   -0.5938242E-05    0.5281435E-06    0.3280573E-06   -0.2608010E-05    0.6693444E-06   -0.1349267E-05   -0.1487707E-04   -0.4633020E-07   -0.2547860E-07
    0.7907406E-07   -0.1536268E-05    0.1148362E-06   -0.1234506E-05    0.2552135E-04   -0.2326021E-04   -0.5503637E-05    0.2144598E-05   -0.7566537E-06   -0.2461005E-03   -0.3194633E-04    0.5028624E-03   -0.1100040E-01   -0.5012523E-02   -0.2468105E-02   -0.1282489E-02   -0.5276847E-03   -0.5734282E-03   -0.3951756E-03    0.1957272E-03   -0.3604059E-03    0.1853137E-05    0.2850933E-05    0.1050905E-02    0.1358537E-05    0.1300113E-04   -0.4004099E-05    0.9511842E-06   -0.9846242E-05   -0.2356174E-04   -0.3908685E-05   -0.7171866E-04   -0.6773649E-04   -0.7518983E-07   -0.1620970E-06
    0.9643672E-07    0.3433058E-06    0.2639574E-07    0.6164551E-05   -0.8270153E-04    0.3038243E-04    0.1241228E-04    0.6285325E-05    0.1021718E-05   -0.6504723E-03    0.2554444E-04   -0.8362805E-05   -0.2640420E-02   -0.1660688E-02   -0.9747273E-03   -0.2243266E-03   -0.3567380E-04    0.6140762E-04    0.1852389E-03    0.4244252E-03    0.1152786E-02    0.3667856E-05    0.1260813E-04    0.1358537E-05    0.4800391E-04    0.7156012E-05   -0.1152045E-04   -0.9072602E-06   -0.1031750E-05    0.2586887E-05   -0.1277582E-05    0.3809753E-05    0.3231264E-05   -0.1491776E-06    0.6618083E-07
    0.1048224E-06   -0.5046125E-05    0.9956636E-07   -0.2545126E-05    0.2908960E-03   -0.4624225E-04   -0.1134975E-04   -0.8449057E-06    0.7857274E-06    0.2344544E-02   -0.5580222E-04    0.5015588E-03    0.8441516E-03    0.1092729E-03   -0.8552761E-03   -0.4040566E-02    0.4923408E-03   -0.6544144E-03    0.4928905E-03    0.3594754E-02    0.5137515E-02    0.2792969E-05    0.4503497E-05    0.1300113E-04    0.7156012E-05    0.2183477E-02    0.5904706E-04   -0.2414866E-05   -0.3259777E-05    0.5454170E-04    0.2009801E-04    0.8346088E-06   -0.1051085E-03   -0.2892931E-06    0.7158068E-06
   -0.2231174E-06   -0.6351607E-05    0.6390364E-06    0.8678197E-05   -0.4469578E-04   -0.3648240E-03    0.7456210E-05   -0.1220957E-04    0.2201680E-05    0.1240893E-01   -0.4806511E-03    0.2124222E-02    0.3805870E-01    0.6548554E-03    0.2212289E-02   -0.5995562E-02   -0.6883323E-02   -0.2911987E-02    0.1764827E-02   -0.4229898E-02   -0.1132116E-01   -0.6583749E-05   -0.5938242E-05   -0.4004099E-05   -0.1152045E-04    0.5904706E-04    0.1696321E-01    0.7772685E-05   -0.2166760E-06   -0.1543538E-03    0.2058461E-04    0.6903504E-04    0.8578101E-04    0.5883460E-07   -0.1079786E-05
   -0.1478089E-06   -0.1305109E-05   -0.4465927E-07   -0.2031547E-04    0.2496342E-04   -0.8875440E-04   -0.3829539E-04   -0.4528014E-05    0.1075429E-05    0.1119747E-02   -0.6238065E-04    0.5757998E-04    0.6654313E-03   -0.1807230E-02   -0.2050160E-02   -0.1037614E-02   -0.7845343E-03    0.1024396E-03    0.1183838E-03    0.1251758E-02    0.1653046E-02   -0.2362285E-05    0.5281435E-06    0.9511842E-06   -0.9072602E-06   -0.2414866E-05    0.7772685E-05    0.1456668E-02    0.2890900E-03    0.9023330E-04   -0.4155914E-03   -0.6543236E-04   -0.8875883E-04   -0.5826924E-08    0.4373048E-06
   -0.2996644E-07    0.1917338E-06   -0.2017703E-07    0.4942648E-07   -0.6005748E-04   -0.2260989E-04   -0.1146684E-05    0.8913674E-06   -0.3888352E-06    0.2601259E-02    0.7686689E-04    0.9618749E-04   -0.6108072E-02    0.1485565E-02    0.2596141E-02   -0.2466239E-02   -0.6655703E-03   -0.2121503E-03   -0.4094361E-03    0.1429121E-03   -0.1624482E-02    0.1443662E-05    0.3280573E-06   -0.9846242E-05   -0.1031750E-05   -0.3259777E-05   -0.2166760E-06    0.2890900E-03    0.8490109E-03   -0.8193001E-05    0.7418901E-03    0.2014109E-04   -0.7655591E-03   -0.3060032E-07    0.3426595E-06
   -0.5424081E-07    0.1427729E-05   -0.1486380E-06    0.4972436E-05   -0.3482162E-03   -0.6317979E-04    0.8046603E-05   -0.4043588E-06   -0.1771134E-05    0.2655582E-04    0.1310231E-03    0.3584504E-03   -0.6718266E-02   -0.3082011E-02    0.3915271E-02   -0.1520868E-02   -0.9925082E-03   -0.8439009E-03   -0.1271648E-04   -0.9197592E-03   -0.1342254E-02   -0.9395344E-06   -0.2608010E-05   -0.2356174E-04    0.2586887E-05    0.5454170E-04   -0.1543538E-03    0.9023330E-04   -0.8193001E-05    0.7127128E-02   -0.3304155E-03    0.7059666E-03    0.4570527E-02    0.1272274E-06   -0.4330601E-07
   -0.1711678E-06   -0.2943791E-07   -0.7408391E-07   -0.8204753E-05   -0.6671692E-04   -0.4077613E-04   -0.1669483E-04   -0.1949000E-05   -0.4564556E-06    0.1133833E-02    0.1566703E-03    0.5143081E-03   -0.1448492E-01    0.3638494E-02    0.7188717E-02    0.2912096E-02   -0.6170965E-03   -0.5714391E-03   -0.1853422E-03    0.6332278E-03    0.4967714E-03    0.3740328E-05    0.6693444E-06   -0.3908685E-05   -0.1277582E-05    0.2009801E-04    0.2058461E-04   -0.4155914E-03    0.7418901E-03   -0.3304155E-03    0.2927028E-02    0.4729171E-03   -0.9155678E-03    0.1113541E-06    0.9087706E-06
   -0.5909878E-06    0.6269507E-06   -0.8773463E-06   -0.3387786E-04    0.1733301E-03   -0.7242998E-04   -0.5591064E-04   -0.1141519E-04    0.1973107E-05   -0.1115380E-01    0.1205774E-03    0.1844336E-03   -0.9521174E-02    0.4991240E-02    0.1104364E-01    0.2059810E-01   -0.5364664E-03   -0.1332622E-02   -0.4703642E-03   -0.1912243E-02    0.4457771E-02   -0.1480238E-05   -0.1349267E-05   -0.7171866E-04    0.3809753E-05    0.8346088E-06    0.6903504E-04   -0.6543236E-04    0.2014109E-04    0.7059666E-03    0.4729171E-03    0.6499471E-02    0.7515510E-02   -0.6274632E-07   -0.1425285E-05
   -0.3076150E-05    0.2302922E-04   -0.4789048E-05   -0.1711314E-03   -0.9019638E-04   -0.7403631E-04   -0.2734502E-03   -0.5472180E-04    0.8833697E-05   -0.1144374E-01   -0.1618203E-03    0.5685227E-02    0.4281666E-01    0.3458246E-01    0.4133670E-01    0.5538778E-01   -0.1029633E-01   -0.2780690E-02   -0.2618209E-02    0.8227976E-02    0.1710022E-01   -0.5342051E-05   -0.1487707E-04   -0.6773649E-04    0.3231264E-05   -0.1051085E-03    0.8578101E-04   -0.8875883E-04   -0.7655591E-03    0.4570527E-02   -0.9155678E-03    0.7515510E-02    0.6454930E-01    0.2419126E-05   -0.2585886E-05
    0.2070925E-10   -0.3818987E-07    0.1613693E-08   -0.1109960E-06   -0.5978108E-07   -0.2053792E-05   -0.8070776E-07   -0.2121547E-06   -0.2183063E-07   -0.3194506E-03    0.7219893E-05    0.1862857E-03    0.5862676E-02    0.8753993E-04    0.7677692E-03    0.7691428E-03   -0.1275641E-03    0.3204978E-03   -0.2883006E-03   -0.3675730E-04    0.5115979E-04   -0.5019783E-07   -0.4633020E-07   -0.7518983E-07   -0.1491776E-06   -0.2892931E-06    0.5883460E-07   -0.5826924E-08   -0.3060032E-07    0.1272274E-06    0.1113541E-06   -0.6274632E-07    0.2419126E-05    0.5986138E-06   -0.1920594E-07
   -0.1628312E-08    0.2861722E-06   -0.1231058E-07   -0.1065801E-05    0.2323808E-05    0.1022073E-04   -0.1803913E-05   -0.2534228E-06   -0.4630000E-07    0.4366610E-02   -0.1391670E-04   -0.3977529E-03    0.4238517E-02    0.2601972E-03   -0.2592912E-02   -0.7760362E-02    0.2236961E-03   -0.4369320E-05   -0.2126447E-03    0.2516428E-02    0.4565881E-02    0.8570551E-07   -0.2547860E-07   -0.1620970E-06    0.6618083E-07    0.7158068E-06   -0.1079786E-05    0.4373048E-06    0.3426595E-06   -0.4330601E-07    0.9087706E-06   -0.1425285E-05   -0.2585886E-05   -0.1920594E-07    0.2097619E-05
