# omegabh2 omegach2 theta tau mnu logA ns calPlanck aps100 aps143 aps217 acib217 asz143 psr cibr xi aksz dust100 dust143 dust217 dust143x217 cal0 cal2 calTE calEE
  2.0866163E-08  -4.4122572E-08   1.0324602E-08   2.0759526E-07   1.9823218E-07   4.1267063E-07   1.7279146E-07   1.9537931E-08  -3.3589460E-04  -2.3537099E-04   8.2767633E-05  -1.1637996E-04   1.7070985E-05   7.1563114E-07  -1.6097962E-06   9.3189441E-07  -2.8495055E-05  -4.6742690E-07  -6.9109546E-07   5.7174508E-07  -4.5117113E-07   3.4480498E-09  -7.2686804E-09  -1.0882720E-07  -2.6199301E-07
 -4.4122572E-08   8.2418878E-07  -3.6666342E-08  -2.2282377E-06  -5.3357293E-06  -2.9930048E-06  -1.8545371E-06  -2.1199382E-07   5.1275933E-04   3.8945924E-04  -2.6990468E-04   2.5757807E-04  -2.2041211E-05  -1.0700588E-07   3.7100160E-06  -3.4613742E-06   6.1108994E-05  -1.5548467E-06   5.2786615E-06  -1.0987754E-06   1.4546318E-06  -3.5275896E-08   3.0653578E-08  -1.4345570E-07  -4.6681859E-07
  1.0324602E-08  -3.6666342E-08   8.9569987E-08   2.2823265E-07  -5.3381682E-07   4.9703898E-07   2.1023754E-07   1.4202781E-08  -1.0362987E-04  -4.4877503E-05  -7.4757232E-05   2.3132748E-05   4.2153968E-06  -2.7806811E-07   1.4262207E-06   1.3610867E-07  -1.0294728E-06  -8.0576906E-07  -2.9980410E-07  -1.8833831E-08  -6.9482852E-07   1.0741879E-09   4.9872063E-09  -5.1850373E-08   1.9783558E-10
  2.0759526E-07  -2.2282377E-06   2.2823265E-07   5.3514849E-05   4.5400064E-05   9.7714772E-05   8.0363586E-06  -1.4471793E-06  -1.1684558E-02  -4.1990009E-03   2.1442515E-03  -3.2026690E-03   1.1388108E-04   8.1920332E-06  -2.5383381E-05   5.1306244E-05  -7.4031398E-05  -1.5298213E-05   6.7173892E-06   1.1399442E-05  -1.8580846E-05  -2.9255734E-07  -3.5512856E-07  -3.6749320E-06  -2.0523258E-06
  1.9823218E-07  -5.3357293E-06  -5.3381682E-07   4.5400064E-05   1.4606587E-03   9.0106824E-05   1.0888360E-05   6.3172924E-06  -1.1746441E-02  -4.8589199E-03  -6.8217764E-03   2.3803166E-03   6.0154107E-04  -4.1643600E-05   2.6773408E-04   5.2601700E-05   1.3506049E-03   1.0413087E-04  -1.6967722E-04   2.6056150E-05  -1.1563777E-04   8.1990896E-07   1.0484527E-06   7.6432173E-06   2.5737061E-06
  4.1267063E-07  -2.9930048E-06   4.9703898E-07   9.7714772E-05   9.0106824E-05   2.0760491E-04   1.1204532E-05   8.9467938E-06  -1.6433166E-02  -5.4898576E-03   1.2099692E-02  -7.3165542E-03   1.7860531E-04   3.8813069E-05  -1.1648448E-04   1.3565363E-04  -1.0153322E-03  -5.9284343E-05  -6.7531335E-05   4.7233136E-05  -3.6769334E-05  -4.9665589E-08  -7.1177005E-07  -8.3438912E-06  -2.6144611E-06
  1.7279146E-07  -1.8545371E-06   2.1023754E-07   8.0363586E-06   1.0888360E-05   1.1204532E-05   1.4053837E-05   5.9101447E-07  -2.1000976E-02  -6.4448403E-03   8.2975029E-03  -5.5695269E-03   4.5082098E-04   5.4986837E-05  -8.9411443E-05   7.4520647E-05  -1.8725996E-03   2.7100100E-05  -1.6989275E-05   2.6397902E-05  -1.0399509E-05  -3.2355094E-07  -3.8400919E-07  -7.6502540E-07  -2.7938865E-06
  1.9537931E-08  -2.1199382E-07   1.4202781E-08  -1.4471793E-06   6.3172924E-06   8.9467938E-06   5.9101447E-07   6.1830689E-06   3.4883819E-03   7.1273368E-04   1.5295641E-03   4.8891852E-04  -5.1449334E-05  -2.6675750E-06  -1.1132004E-05   3.2657529E-06  -4.0577978E-05  -2.5295164E-06   4.6079743E-06   7.0281392E-06   6.5645261E-06  -3.9804451E-08  -5.1895097E-08  -5.1991244E-07   7.6845558E-08
 -3.3589460E-04   5.1275933E-04  -1.0362987E-04  -1.1684558E-02  -1.1746441E-02  -1.6433166E-02  -2.1000976E-02   3.4883819E-03   6.0871638E+02   5.3873235E+01  -5.8557403E+01   3.1377491E+01  -2.5444451E+01  -8.5478261E-01  -2.3649199E-01  -4.1047233E-01   1.0482461E+01  -9.1384429E-02   3.2429429E-01  -2.6590227E-01  -1.8349496E-01   6.7197168E-03   2.8330494E-03   3.2869347E-03   6.5661726E-03
 -2.3537099E-04   3.8945924E-04  -4.4877503E-05  -4.1990009E-03  -4.8589199E-03  -5.4898576E-03  -6.4448403E-03   7.1273368E-04   5.3873235E+01   6.4946461E+01   1.0563680E+01   5.7803413E+00  -3.9406816E-01  -1.8086757E-02   4.2132917E-01   8.5340393E-01  -8.4159175E+00  -1.8292863E-02  -2.0908522E-01   5.2961649E-02   7.1957351E-02   8.7343924E-04   6.3558670E-04   2.4995268E-03   4.9306605E-03
  8.2767633E-05  -2.6990468E-04  -7.4757232E-05   2.1442515E-03  -6.8217764E-03   1.2099692E-02   8.2975029E-03   1.5295641E-03  -5.8557403E+01   1.0563680E+01   1.7521122E+02  -8.2418607E+01   2.7619485E+00   3.3513270E-01  -9.7617721E-01   3.3167287E-01  -7.4333052E+00  -4.5241785E-02  -2.6009759E-01   5.5237573E-01  -2.4650751E-02   1.4582884E-03  -7.8167718E-03   1.4218136E-03   3.6185469E-03
 -1.1637996E-04   2.5757807E-04   2.3132748E-05  -3.2026690E-03   2.3803166E-03  -7.3165542E-03  -5.5695269E-03   4.8891852E-04   3.1377491E+01   5.7803413E+00  -8.2418607E+01   5.1266459E+01   1.6660897E+00  -4.2441184E-02   6.8905679E-01  -2.4033879E-01  -2.6444003E+00   1.5818618E-02   1.5579639E-01  -4.4533080E-01  -1.0163144E-01  -4.2320773E-04   3.1285094E-03  -1.8074428E-04  -2.3241025E-04
  1.7070985E-05  -2.2041211E-05   4.2153968E-06   1.1388108E-04   6.0154107E-04   1.7860531E-04   4.5082098E-04  -5.1449334E-05  -2.5444451E+01  -3.9406816E-01   2.7619485E+00   1.6660897E+00   4.3630712E+00   1.0548206E-01   1.5580008E-01  -3.4138346E-02  -3.4901063E+00  -7.0388054E-03  -7.2324819E-03   9.5289397E-03   5.2988515E-02   4.5029858E-04  -2.0834675E-04  -1.6117282E-04  -3.3493314E-04
  7.1563114E-07  -1.0700588E-07  -2.7806811E-07   8.1920332E-06  -4.1643600E-05   3.8813069E-05   5.4986837E-05  -2.6675750E-06  -8.5478261E-01  -1.8086757E-02   3.3513270E-01  -4.2441184E-02   1.0548206E-01   1.6714382E-02  -1.6539266E-02   1.2274244E-02  -1.0334612E-01   9.3618810E-06  -1.2716628E-03  -2.2658077E-03   5.7789370E-03   1.9043734E-05  -3.0697136E-05   1.6252172E-05   9.1470362E-06
 -1.6097962E-06   3.7100160E-06   1.4262207E-06  -2.5383381E-05   2.6773408E-04  -1.1648448E-04  -8.9411443E-05  -1.1132004E-05  -2.3649199E-01   4.2132917E-01  -9.7617721E-01   6.8905679E-01   1.5580008E-01  -1.6539266E-02   6.8317126E-02   4.5776459E-03  -1.5760544E-01   9.2709311E-06   6.7877087E-03  -5.3639663E-04  -1.8750619E-02  -7.6877252E-06   8.4295667E-05  -2.7556709E-05  -1.9567318E-05
  9.3189441E-07  -3.4613742E-06   1.3610867E-07   5.1306244E-05   5.2601700E-05   1.3565363E-04   7.4520647E-05   3.2657529E-06  -4.1047233E-01   8.5340393E-01   3.3167287E-01  -2.4033879E-01  -3.4138346E-02   1.2274244E-02   4.5776459E-03   8.2861868E-02   3.6828047E-02   9.8930707E-04   1.1036763E-03   9.0142558E-04   1.1694643E-03   1.6381993E-05  -4.4873404E-06   8.2765433E-06   4.0922681E-05
 -2.8495055E-05   6.1108994E-05  -1.0294728E-06  -7.4031398E-05   1.3506049E-03  -1.0153322E-03  -1.8725996E-03  -4.0577978E-05   1.0482461E+01  -8.4159175E+00  -7.4333052E+00  -2.6444003E+00  -3.4901063E+00  -1.0334612E-01  -1.5760544E-01   3.6828047E-02   7.2546743E+00   5.4334521E-03  -3.1853845E-03  -6.2034240E-03  -5.1120044E-02  -3.6949390E-04   5.9264137E-05  -9.8316225E-05  -1.2905117E-05
 -4.6742690E-07  -1.5548467E-06  -8.0576906E-07  -1.5298213E-05   1.0413087E-04  -5.9284343E-05   2.7100100E-05  -2.5295164E-06  -9.1384429E-02  -1.8292863E-02  -4.5241785E-02   1.5818618E-02  -7.0388054E-03   9.3618810E-06   9.2709311E-06   9.8930707E-04   5.4334521E-03   3.6648683E-02   1.8474471E-03  -2.4074502E-04   1.9433446E-04   3.7650508E-05  -1.9222474E-06   1.4530209E-07  -1.3868933E-05
 -6.9109546E-07   5.2786615E-06  -2.9980410E-07   6.7173892E-06  -1.6967722E-04  -6.7531335E-05  -1.6989275E-05   4.6079743E-06   3.2429429E-01  -2.0908522E-01  -2.6009759E-01   1.5579639E-01  -7.2324819E-03  -1.2716628E-03   6.7877087E-03   1.1036763E-03  -3.1853845E-03   1.8474471E-03   3.0167634E-02  -6.4485599E-04   5.2197489E-03  -8.2858380E-05  -4.3969814E-05  -6.3737194E-05  -8.7084635E-05
  5.7174508E-07  -1.0987754E-06  -1.8833831E-08   1.1399442E-05   2.6056150E-05   4.7233136E-05   2.6397902E-05   7.0281392E-06  -2.6590227E-01   5.2961649E-02   5.5237573E-01  -4.4533080E-01   9.5289397E-03  -2.2658077E-03  -5.3639663E-04   9.0142558E-04  -6.2034240E-03  -2.4074502E-04  -6.4485599E-04   1.0500637E-02   8.4677291E-03   2.6310730E-06   6.0563145E-05   1.3219118E-06  -3.7679110E-06
 -4.5117113E-07   1.4546318E-06  -6.9482852E-07  -1.8580846E-05  -1.1563777E-04  -3.6769334E-05  -1.0399509E-05   6.5645261E-06  -1.8349496E-01   7.1957351E-02  -2.4650751E-02  -1.0163144E-01   5.2988515E-02   5.7789370E-03  -1.8750619E-02   1.1694643E-03  -5.1120044E-02   1.9433446E-04   5.2197489E-03   8.4677291E-03   2.6865420E-02  -4.1167350E-06   6.0966555E-05  -1.0328700E-05  -1.4271126E-05
  3.4480498E-09  -3.5275896E-08   1.0741879E-09  -2.9255734E-07   8.1990896E-07  -4.9665589E-08  -3.2355094E-07  -3.9804451E-08   6.7197168E-03   8.7343924E-04   1.4582884E-03  -4.2320773E-04   4.5029858E-04   1.9043734E-05  -7.6877252E-06   1.6381993E-05  -3.6949390E-04   3.7650508E-05  -8.2858380E-05   2.6310730E-06  -4.1167350E-06   1.1300657E-06   6.6374227E-08   4.2807539E-07   6.1200250E-07
 -7.2686804E-09   3.0653578E-08   4.9872063E-09  -3.5512856E-07   1.0484527E-06  -7.1177005E-07  -3.8400919E-07  -5.1895097E-08   2.8330494E-03   6.3558670E-04  -7.8167718E-03   3.1285094E-03  -2.0834675E-04  -3.0697136E-05   8.4295667E-05  -4.4873404E-06   5.9264137E-05  -1.9222474E-06  -4.3969814E-05   6.0563145E-05   6.0966555E-05   6.6374227E-08   2.4163557E-06   2.3382399E-07   8.5932678E-08
 -1.0882720E-07  -1.4345570E-07  -5.1850373E-08  -3.6749320E-06   7.6432173E-06  -8.3438912E-06  -7.6502540E-07  -5.1991244E-07   3.2869347E-03   2.4995268E-03   1.4218136E-03  -1.8074428E-04  -1.6117282E-04   1.6252172E-05  -2.7556709E-05   8.2765433E-06  -9.8316225E-05   1.4530209E-07  -6.3737194E-05   1.3219118E-06  -1.0328700E-05   4.2807539E-07   2.3382399E-07   2.4483127E-05   8.5946179E-06
 -2.6199301E-07  -4.6681859E-07   1.9783558E-10  -2.0523258E-06   2.5737061E-06  -2.6144611E-06  -2.7938865E-06   7.6845558E-08   6.5661726E-03   4.9306605E-03   3.6185469E-03  -2.3241025E-04  -3.3493314E-04   9.1470362E-06  -1.9567318E-05   4.0922681E-05  -1.2905117E-05  -1.3868933E-05  -8.7084635E-05  -3.7679110E-06  -1.4271126E-05   6.1200250E-07   8.5932678E-08   8.5946179E-06   2.4154273E-05
