# omegabh2 omegach2 meffsterile nnu logA ns
    0.8163658E-06    0.1550960E-05    0.1971921E-05   -0.6692778E-04   -0.2024002E-04    0.7136864E-07
    0.1550960E-05    0.2245340E-02    0.2128483E-01    0.6979455E-01   -0.1140733E-01   -0.5300729E-04
    0.1971921E-05    0.2128483E-01    0.6517597E+00    0.8865962E+00   -0.9739265E-02    0.7795062E-03
   -0.6692778E-04    0.6979455E-01    0.8865962E+00    0.2437421E+01   -0.2688860E+00   -0.9182584E-03
   -0.2024002E-04   -0.1140733E-01   -0.9739265E-02   -0.2688860E+00    0.1007264E+00    0.1955907E-03
    0.7136864E-07   -0.5300729E-04    0.7795062E-03   -0.9182584E-03    0.1955907E-03    0.3946496E-03
