# omegabh2 omegach2 theta tau logA ns nrun r calPlanck acib217 xi asz143 aps100 aps143 aps143217 aps217 aksz kgal100 kgal143 kgal143217 kgal217 cal0 cal2
  5.1727456E-08  -1.3329778E-07   4.0668924E-08   6.1174038E-07   1.1169128E-06   3.7038360E-07  -8.2873622E-07   4.0535534E-06  -3.3608160E-08  -6.7636954E-05   4.5984626E-07   4.3714937E-05  -5.6690332E-04  -2.2299893E-04  -3.6290135E-05  -2.1633155E-05  -2.2644820E-05   7.9561344E-06  -3.2521081E-06  -9.3854428E-07   2.3366876E-05   1.4094274E-09  -6.4077294E-11
 -1.3329778E-07   3.3903081E-06  -3.4873544E-07  -3.2211865E-06   2.2718427E-06  -7.9834054E-06  -1.4359617E-06  -1.1752721E-05   1.4147477E-07   1.7807694E-04   2.4640497E-06  -1.7504264E-04   4.0324186E-03   1.6420392E-03   1.1511196E-03   1.0692055E-03   1.1197481E-04  -1.1312596E-04   3.0305798E-05  -5.4553353E-05  -2.4589874E-04   3.5979886E-08  -4.7973273E-08
  4.0668924E-08  -3.4873544E-07   2.1568928E-07   7.2973200E-07   7.6413613E-07   1.0501391E-06  -2.0193712E-07   3.5741499E-06  -4.7471391E-08   4.7721172E-05  -1.9088324E-06   3.6451188E-05  -7.7606646E-04  -1.6386222E-04  -8.0267580E-05  -1.7648725E-04  -5.5095860E-06   4.4985589E-05  -2.8063497E-06  -1.5612784E-05  -3.2087529E-05  -3.2588523E-09   7.8592149E-09
  6.1174038E-07  -3.2211865E-06   7.2973200E-07   6.7722359E-05   1.2939500E-04   1.0110340E-05  -1.8506952E-05   8.6900935E-05  -1.1071011E-06   1.2885725E-03  -1.1739762E-05   2.8146835E-04  -7.5054337E-03  -1.1955982E-03  -3.7989365E-04  -2.4311901E-03  -5.0831357E-04   4.8770426E-04  -3.0717837E-04  -7.6123297E-04  -1.6885405E-03  -1.7165949E-07   7.9534638E-08
  1.1169128E-06   2.2718427E-06   7.6413613E-07   1.2939500E-04   2.9935795E-04  -3.5373276E-06  -5.4049639E-05   1.6450732E-04   1.0065224E-05   3.7925152E-03   5.7780984E-05  -9.0296956E-04   1.2069766E-02   7.5260800E-03   4.5288903E-03   1.6833895E-03  -1.7545517E-04   7.9356513E-04  -7.0839126E-04  -1.6118284E-03  -1.9716698E-03  -7.6811361E-08   3.3104098E-08
  3.7038360E-07  -7.9834054E-06   1.0501391E-06   1.0110340E-05  -3.5373276E-06   3.0348965E-05   8.9091188E-06   5.7366970E-05  -3.7832446E-07  -5.7081035E-03   8.7492003E-05   1.6012709E-03  -3.6882536E-02  -1.2285319E-02  -1.3891110E-03   2.4553029E-03  -2.6058834E-03   8.4570945E-04  -3.0322157E-04  -3.6955051E-04   2.0810277E-03  -1.9716846E-07   2.2817262E-08
 -8.2873622E-07  -1.4359617E-06  -2.0193712E-07  -1.8506952E-05  -5.4049639E-05   8.9091188E-06   6.8714182E-05  -2.4106920E-04   6.1616455E-07  -7.8307107E-03   1.4812562E-04   1.9445836E-03  -3.6146734E-02  -1.8632000E-02  -3.7676999E-03   2.4118239E-03  -3.2595507E-03  -3.9839229E-04  -4.5480328E-04  -1.2942520E-04   2.8073633E-03  -6.7517752E-08  -1.7342744E-07
  4.0535534E-06  -1.1752721E-05   3.5741499E-06   8.6900935E-05   1.6450732E-04   5.7366970E-05  -2.4106920E-04   3.7022403E-03  -1.1284377E-05   1.5410692E-02   2.3356953E-04   5.2553294E-04  -2.8892109E-02   5.7015648E-02   4.3069403E-02   1.9373356E-02  -5.0775387E-03   2.6735246E-04   1.7759990E-03   1.5853227E-03  -8.5189073E-03   4.3039688E-07   1.3955329E-06
 -3.3608160E-08   1.4147477E-07  -4.7471391E-08  -1.1071011E-06   1.0065224E-05  -3.7832446E-07   6.1616455E-07  -1.1284377E-05   6.0709137E-06   1.8272919E-04   3.1826477E-05  -2.9177074E-04   6.3853362E-03   6.1549955E-04  -3.0437347E-04   5.8553377E-04   4.1919641E-04   1.8908044E-04   1.2899258E-04   2.7157442E-04   1.4796795E-03   1.1531858E-08  -1.9215421E-08
 -6.7636954E-05   1.7807694E-04   4.7721172E-05   1.2885725E-03   3.7925152E-03  -5.7081035E-03  -7.8307107E-03   1.5410692E-02   1.8272919E-04   4.3380502E+01  -3.7700195E-01  -9.7754621E-01   3.7126904E+01   4.4542926E+00  -1.2529186E+01  -5.3248191E+01   2.8129443E-01  -2.3991753E-01   6.8533398E-01  -5.1286016E+00  -3.1262984E+01  -1.1337982E-04   7.3082587E-04
  4.5984626E-07   2.4640497E-06  -1.9088324E-06  -1.1739762E-05   5.7780984E-05   8.7492003E-05   1.4812562E-04   2.3356953E-04   3.1826477E-05  -3.7700195E-01   8.2905434E-02  -5.5989933E-02  -3.1315738E-01   8.7413180E-01   1.6567624E+00   5.9495749E-01   4.1135956E-02  -1.6150936E-02   1.7426981E-02   8.3896710E-02   1.3079350E-01  -2.9097139E-07  -1.4362617E-06
  4.3714937E-05  -1.7504264E-04   3.6451188E-05   2.8146835E-04  -9.0296956E-04   1.6012709E-03   1.9445836E-03   5.2553294E-04  -2.9177074E-04  -9.7754621E-01  -5.5989933E-02   4.2460803E+00  -3.6855953E+01  -4.1836163E+00   7.9416442E+00   5.8179189E+00  -3.2180627E+00  -3.1238384E-03   3.0182206E-01   2.8104217E+00   3.3753837E+00   3.6679048E-05  -2.2159672E-05
 -5.6690332E-04   4.0324186E-03  -7.7606646E-04  -7.5054337E-03   1.2069766E-02  -3.6882536E-02  -3.6146734E-02  -2.8892109E-02   6.3853362E-03   3.7126904E+01  -3.1315738E-01  -3.6855953E+01   8.5315005E+02   8.4822891E+01  -6.0927365E+01  -6.5046655E+01   2.1228013E+01  -8.5379565E+00   3.5226054E+00  -1.5352481E+01  -2.7991470E+01   4.2144283E-03   5.2328449E-05
 -2.2299893E-04   1.6420392E-03  -1.6386222E-04  -1.1955982E-03   7.5260800E-03  -1.2285319E-02  -1.8632000E-02   5.7015648E-02   6.1549955E-04   4.4542926E+00   8.7413180E-01  -4.1836163E+00   8.4822891E+01   6.8122265E+01   4.2774484E+01   1.6855606E+01  -3.9438212E+00  -1.0819340E+00  -1.3615915E+00   2.7868727E+00   2.0565205E+00   3.5969945E-04   1.6346965E-04
 -3.6290135E-05   1.1511196E-03  -8.0267580E-05  -3.7989365E-04   4.5288903E-03  -1.3891110E-03  -3.7676999E-03   4.3069403E-02  -3.0437347E-04  -1.2529186E+01   1.6567624E+00   7.9416442E+00  -6.0927365E+01   4.2774484E+01   8.9793309E+01   5.8213378E+01  -1.3116787E+01  -1.0622211E+00  -3.1464125E-01   4.3874371E+00   6.5809708E+00   3.7955397E-04  -3.4576216E-04
 -2.1633155E-05   1.0692055E-03  -1.7648725E-04  -2.4311901E-03   1.6833895E-03   2.4553029E-03   2.4118239E-03   1.9373356E-02   5.8553377E-04  -5.3248191E+01   5.9495749E-01   5.8179189E+00  -6.5046655E+01   1.6855606E+01   5.8213378E+01   1.0710259E+02  -1.0690442E+01  -1.9753864E-01  -1.1589030E+00   4.6081998E+00   2.9659794E+01   5.5313890E-04  -1.3528376E-03
 -2.2644820E-05   1.1197481E-04  -5.5095860E-06  -5.0831357E-04  -1.7545517E-04  -2.6058834E-03  -3.2595507E-03  -5.0775387E-03   4.1919641E-04   2.8129443E-01   4.1135956E-02  -3.2180627E+00   2.1228013E+01  -3.9438212E+00  -1.3116787E+01  -1.0690442E+01   6.6335766E+00   4.7850329E-02  -2.7933685E-01  -2.1931577E+00  -2.3177818E+00  -1.0507718E-04  -2.5789264E-05
  7.9561344E-06  -1.1312596E-04   4.4985589E-05   4.8770426E-04   7.9356513E-04   8.4570945E-04  -3.9839229E-04   2.6735246E-04   1.8908044E-04  -2.3991753E-01  -1.6150936E-02  -3.1238384E-03  -8.5379565E+00  -1.0819340E+00  -1.0622211E+00  -1.9753864E-01   4.7850329E-02   3.4281645E+00   5.4543151E-01   3.6637362E-01   5.6925150E-01   1.6974315E-04   1.8264813E-05
 -3.2521081E-06   3.0305798E-05  -2.8063497E-06  -3.0717837E-04  -7.0839126E-04  -3.0322157E-04  -4.5480328E-04   1.7759990E-03   1.2899258E-04   6.8533398E-01   1.7426981E-02   3.0182206E-01   3.5226054E+00  -1.3615915E+00  -3.1464125E-01  -1.1589030E+00  -2.7933685E-01   5.4543151E-01   3.0764296E+00   2.6247870E+00   2.4501888E+00  -1.7688444E-04  -3.2300829E-05
 -9.3854428E-07  -5.4553353E-05  -1.5612784E-05  -7.6123297E-04  -1.6118284E-03  -3.6955051E-04  -1.2942520E-04   1.5853227E-03   2.7157442E-04  -5.1286016E+00   8.3896710E-02   2.8104217E+00  -1.5352481E+01   2.7868727E+00   4.3874371E+00   4.6081998E+00  -2.1931577E+00   3.6637362E-01   2.6247870E+00   1.0621757E+01   1.8754117E+01  -8.3750123E-05   4.3461086E-04
  2.3366876E-05  -2.4589874E-04  -3.2087529E-05  -1.6885405E-03  -1.9716698E-03   2.0810277E-03   2.8073633E-03  -8.5189073E-03   1.4796795E-03  -3.1262984E+01   1.3079350E-01   3.3753837E+00  -2.7991470E+01   2.0565205E+00   6.5809708E+00   2.9659794E+01  -2.3177818E+00   5.6925150E-01   2.4501888E+00   1.8754117E+01   5.1691875E+01  -1.0941580E-04   9.8851222E-04
  1.4094274E-09   3.5979886E-08  -3.2588523E-09  -1.7165949E-07  -7.6811361E-08  -1.9716846E-07  -6.7517752E-08   4.3039688E-07   1.1531858E-08  -1.1337982E-04  -2.9097139E-07   3.6679048E-05   4.2144283E-03   3.5969945E-04   3.7955397E-04   5.5313890E-04  -1.0507718E-04   1.6974315E-04  -1.7688444E-04  -8.3750123E-05  -1.0941580E-04   3.4907280E-07  -5.6475645E-09
 -6.4077294E-11  -4.7973273E-08   7.8592149E-09   7.9534638E-08   3.3104098E-08   2.2817262E-08  -1.7342744E-07   1.3955329E-06  -1.9215421E-08   7.3082587E-04  -1.4362617E-06  -2.2159672E-05   5.2328449E-05   1.6346965E-04  -3.4576216E-04  -1.3528376E-03  -2.5789264E-05   1.8264813E-05  -3.2300829E-05   4.3461086E-04   9.8851222E-04  -5.6475645E-09   4.0878522E-07
