# omegabh2 omegach2 theta tau meffsterile nnu logA ns calPlanck acib217 xi asz143 aps100 aps143 aps143217 aps217 aksz kgal100 kgal143 kgal143217 kgal217 cal0 cal2
  5.5103368E-08   3.1141638E-08   2.6200484E-08   4.0129130E-07  -5.1444772E-06   1.3234196E-05   8.4021008E-07   1.1571958E-06   3.0928180E-08  -4.1784788E-05   3.6316372E-07   2.3810371E-05  -3.6452606E-04  -3.3839575E-04  -1.9211548E-04  -1.4979251E-04  -1.7933365E-05   1.3697360E-05   7.7407545E-06   2.1362147E-06   2.1926298E-05  -2.8354524E-10   1.5252853E-09
  3.1141638E-08   1.6443501E-05  -8.8343220E-07  -1.4203816E-06  -5.9183348E-04   3.8383914E-04   1.8263209E-05   9.4875655E-06  -1.9013978E-07   2.4645960E-03  -3.7763322E-05  -6.6542398E-04   1.2369900E-02   5.4784651E-03   9.5688537E-04  -1.2857542E-03   1.2628204E-03   2.6551153E-04   2.9903964E-04   1.5959675E-04  -5.4198818E-04   7.0442426E-09   3.9957945E-08
  2.6200484E-08  -8.8343220E-07   2.6511730E-07   3.5870120E-07  -8.5385203E-06  -2.8318256E-05  -8.5954736E-07   2.9019747E-07   4.6877436E-08  -1.7953179E-04   3.9482924E-06   3.1666319E-05  -8.3496933E-04  -5.8022475E-04  -3.0071992E-04  -1.2066606E-04  -6.5648704E-05  -1.1961759E-06  -9.9013028E-06  -1.9394065E-06   6.3692265E-05   1.2764973E-09  -1.3982940E-09
  4.0129130E-07  -1.4203816E-06   3.5870120E-07   4.6326752E-05  -9.3127843E-05   1.0671803E-04   8.8201125E-05   1.5963804E-05   2.2662930E-07  -1.2931819E-03   5.3426684E-06   3.6568954E-04  -8.9426326E-03  -4.3254223E-03  -1.9936864E-03  -6.0834762E-04  -6.3513335E-04   1.6005015E-04  -1.9390085E-05   3.1476889E-05   6.5786590E-04  -5.4882771E-09  -2.5165261E-08
 -5.1444772E-06  -5.9183348E-04  -8.5385203E-06  -9.3127843E-05   7.9011324E-02  -2.3763493E-03  -1.0441078E-04  -1.0927285E-03   9.5076756E-06  -3.8621927E-03   1.1772086E-05   1.1973653E-02  -5.6774322E-02   1.9309235E-01   2.3247884E-01   2.2067160E-01  -2.1854689E-02  -1.4600876E-02  -1.0052800E-02   9.7207716E-04   1.9818721E-03  -2.0206922E-06   1.7912949E-06
  1.3234196E-05   3.8383914E-04  -2.8318256E-05   1.0671803E-04  -2.3763493E-03   2.1007295E-02   8.4730763E-04   7.7439400E-04  -3.0582232E-06   1.1813866E-01  -1.8385649E-03  -2.5376060E-02   5.2619186E-01   2.6299157E-01   6.9757521E-02  -4.1124306E-02   5.6189487E-02   1.1191469E-02   1.1435911E-02   1.0025519E-02  -2.4330246E-02   8.4322125E-07   3.1109623E-06
  8.4021008E-07   1.8263209E-05  -8.5954736E-07   8.8201125E-05  -1.0441078E-04   8.4730763E-04   2.3919733E-04   2.9680887E-05   1.2685092E-05   6.8320281E-04   1.3832461E-05  -7.7753324E-05   3.8863789E-03   4.7240971E-03   4.6269895E-03   6.8539206E-03  -7.4187558E-04   1.5012330E-04  -2.7448180E-04  -1.2129293E-04   2.2152773E-03   9.8874645E-08   1.9495762E-08
  1.1571958E-06   9.4875655E-06   2.9019747E-07   1.5963804E-05  -1.0927285E-03   7.7439400E-04   2.9680887E-05   7.7385241E-05   4.3126549E-07  -7.0678282E-04   2.6200536E-05   2.7620746E-04  -9.8840867E-03  -4.1169395E-03  -1.4995862E-03  -1.1814232E-03  -4.3268413E-04   1.1498899E-03   2.4447094E-04   2.4018928E-04   9.0483478E-04   5.6962683E-09   3.1047685E-08
  3.0928180E-08  -1.9013978E-07   4.6877436E-08   2.2662930E-07   9.5076756E-06  -3.0582232E-06   1.2685092E-05   4.3126549E-07   6.3185115E-06   5.1995339E-04   5.8260517E-07   5.1466270E-05   3.1746824E-03   2.8584542E-04   4.4023153E-04   1.5682929E-03  -1.4722857E-04   9.6669735E-06   1.9716144E-05   1.7482292E-05   9.1349739E-04  -1.4485100E-08   9.5996576E-10
 -4.1784788E-05   2.4645960E-03  -1.7953179E-04  -1.2931819E-03  -3.8621927E-03   1.1813866E-01   6.8320281E-04  -7.0678282E-04   5.1995339E-04   4.5869177E+01  -4.1913269E-01  -9.8698250E-01   3.8982745E+01   3.5891766E+00  -1.3059836E+01  -5.5830757E+01   1.7040041E-01   2.2876238E-01   5.1731441E-01  -6.0122098E+00  -3.4141572E+01  -2.0435001E-04   6.9876293E-04
  3.6316372E-07  -3.7763322E-05   3.9482924E-06   5.3426684E-06   1.1772086E-05  -1.8385649E-03   1.3832461E-05   2.6200536E-05   5.8260517E-07  -4.1913269E-01   8.2547796E-02  -5.7270951E-02  -4.9537788E-01   8.5724077E-01   1.5727000E+00   6.3189307E-01   5.3743113E-02  -2.5941456E-03   4.5776721E-03   9.3078226E-02   1.5139651E-01   2.5248963E-06  -8.6450898E-07
  2.3810371E-05  -6.6542398E-04   3.1666319E-05   3.6568954E-04   1.1973653E-02  -2.5376060E-02  -7.7753324E-05   2.7620746E-04   5.1466270E-05  -9.8698250E-01  -5.7270951E-02   4.0497742E+00  -3.1583472E+01  -3.5251371E+00   7.9753585E+00   5.7997600E+00  -3.1955415E+00  -2.3060849E-01   1.6376397E-01   2.7858757E+00   3.5272698E+00   1.1116400E-04  -3.6938982E-05
 -3.6452606E-04   1.2369900E-02  -8.3496933E-04  -8.9426326E-03  -5.6774322E-02   5.2619186E-01   3.8863789E-03  -9.8840867E-03   3.1746824E-03   3.8982745E+01  -4.9537788E-01  -3.1583472E+01   8.0105242E+02   8.1245433E+01  -4.9597524E+01  -5.8980516E+01   1.6855646E+01  -6.0991674E+00   5.6286202E+00  -1.2833752E+01  -2.6478351E+01   3.7546882E-03   4.8349599E-04
 -3.3839575E-04   5.4784651E-03  -5.8022475E-04  -4.3254223E-03   1.9309235E-01   2.6299157E-01   4.7240971E-03  -4.1169395E-03   2.8584542E-04   3.5891766E+00   8.5724077E-01  -3.5251371E+00   8.1245433E+01   6.8993362E+01   4.3933089E+01   1.8390003E+01  -4.7871642E+00  -3.6777636E-01  -1.3427918E+00   3.6591614E+00   4.1429370E+00   1.6819554E-04   1.9269171E-04
 -1.9211548E-04   9.5688537E-04  -3.0071992E-04  -1.9936864E-03   2.3247884E-01   6.9757521E-02   4.6269895E-03  -1.4995862E-03   4.4023153E-04  -1.3059836E+01   1.5727000E+00   7.9753585E+00  -4.9597524E+01   4.3933089E+01   8.7302427E+01   5.7968022E+01  -1.3281521E+01  -8.2405437E-01  -7.0915126E-01   5.4182871E+00   9.4155725E+00   4.9374484E-04  -3.2946164E-04
 -1.4979251E-04  -1.2857542E-03  -1.2066606E-04  -6.0834762E-04   2.2067160E-01  -4.1124306E-02   6.8539206E-03  -1.1814232E-03   1.5682929E-03  -5.5830757E+01   6.3189307E-01   5.7997600E+00  -5.8980516E+01   1.8390003E+01   5.7968022E+01   1.0899477E+02  -1.0893059E+01  -7.9948111E-01  -1.0881888E+00   6.2011866E+00   3.4778113E+01   5.2981691E-04  -1.3047922E-03
 -1.7933365E-05   1.2628204E-03  -6.5648704E-05  -6.3513335E-04  -2.1854689E-02   5.6189487E-02  -7.4187558E-04  -4.3268413E-04  -1.4722857E-04   1.7040041E-01   5.3743113E-02  -3.1955415E+00   1.6855646E+01  -4.7871642E+00  -1.3281521E+01  -1.0893059E+01   7.0087652E+00   1.2660064E-01  -1.8980025E-01  -2.3505090E+00  -2.7155888E+00  -1.0083655E-04   1.5152162E-05
  1.3697360E-05   2.6551153E-04  -1.1961759E-06   1.6005015E-04  -1.4600876E-02   1.1191469E-02   1.5012330E-04   1.1498899E-03   9.6669735E-06   2.2876238E-01  -2.5941456E-03  -2.3060849E-01  -6.0991674E+00  -3.6777636E-01  -8.2405437E-01  -7.9948111E-01   1.2660064E-01   3.3865705E+00   6.0891852E-01   1.7205218E-01   1.2873757E-01   1.6454882E-04  -1.2150382E-06
  7.7407545E-06   2.9903964E-04  -9.9013028E-06  -1.9390085E-05  -1.0052800E-02   1.1435911E-02  -2.7448180E-04   2.4447094E-04   1.9716144E-05   5.1731441E-01   4.5776721E-03   1.6376397E-01   5.6286202E+00  -1.3427918E+00  -7.0915126E-01  -1.0881888E+00  -1.8980025E-01   6.0891852E-01   3.1964783E+00   2.7056282E+00   2.6927302E+00  -1.8092780E-04  -4.8640125E-05
  2.1362147E-06   1.5959675E-04  -1.9394065E-06   3.1476889E-05   9.7207716E-04   1.0025519E-02  -1.2129293E-04   2.4018928E-04   1.7482292E-05  -6.0122098E+00   9.3078226E-02   2.7858757E+00  -1.2833752E+01   3.6591614E+00   5.4182871E+00   6.2011866E+00  -2.3505090E+00   1.7205218E-01   2.7056282E+00   1.0971072E+01   1.9674605E+01  -1.2893220E-05   4.2783765E-04
  2.1926298E-05  -5.4198818E-04   6.3692265E-05   6.5786590E-04   1.9818721E-03  -2.4330246E-02   2.2152773E-03   9.0483478E-04   9.1349739E-04  -3.4141572E+01   1.5139651E-01   3.5272698E+00  -2.6478351E+01   4.1429370E+00   9.4155725E+00   3.4778113E+01  -2.7155888E+00   1.2873757E-01   2.6927302E+00   1.9674605E+01   5.4605653E+01   1.0110288E-04   9.7515389E-04
 -2.8354524E-10   7.0442426E-09   1.2764973E-09  -5.4882771E-09  -2.0206922E-06   8.4322125E-07   9.8874645E-08   5.6962683E-09  -1.4485100E-08  -2.0435001E-04   2.5248963E-06   1.1116400E-04   3.7546882E-03   1.6819554E-04   4.9374484E-04   5.2981691E-04  -1.0083655E-04   1.6454882E-04  -1.8092780E-04  -1.2893220E-05   1.0110288E-04   3.7474241E-07   1.2380255E-09
  1.5252853E-09   3.9957945E-08  -1.3982940E-09  -2.5165261E-08   1.7912949E-06   3.1109623E-06   1.9495762E-08   3.1047685E-08   9.5996576E-10   6.9876293E-04  -8.6450898E-07  -3.6938982E-05   4.8349599E-04   1.9269171E-04  -3.2946164E-04  -1.3047922E-03   1.5152162E-05  -1.2150382E-06  -4.8640125E-05   4.2783765E-04   9.7515389E-04   1.2380255E-09   3.8818421E-07
