# omegabh2 omegach2 theta tau w logA ns calPlanck acib217 xi asz143 aps100 aps143 aps143217 aps217 aksz kgal100 kgal143 kgal143217 kgal217 galfTE100 galfTE100143 galfTE100217 galfTE143 galfTE143217 galfTE217 cal0 cal2
  1.9660743E-08  -8.1443048E-08   1.2737114E-08   1.8922529E-07   1.5351039E-06   2.8746446E-07   2.0741155E-07   1.2602606E-08  -7.3941537E-05   1.6637985E-06   1.5792821E-05  -3.0503745E-04  -1.8642651E-04  -6.2031403E-05   4.6749941E-06  -2.7051392E-05  -2.5973339E-06  -8.5129587E-06  -7.5449719E-06   1.5731775E-05  -4.9952778E-08  -5.1078764E-08  -3.8616053E-08  -2.4728764E-07  -4.9789213E-07  -2.3041925E-06   2.9002808E-09  -2.9519893E-10
 -8.1443048E-08   1.3543384E-06  -9.6135441E-08  -1.7682031E-06  -2.0994872E-05  -2.8248266E-07  -3.1387527E-06  -3.8723540E-08   5.5838441E-05  -1.0987623E-06  -5.5365513E-05   1.1485992E-03   7.4774427E-04   4.6510180E-04   3.9553664E-04   2.5126533E-05  -5.1257532E-05  -3.9997314E-05  -4.9590956E-05  -6.2005288E-05  -7.7605348E-08   1.8381375E-07   6.9799773E-07   1.6903840E-06   2.6680686E-06   1.5122777E-05   3.8834844E-09  -3.9316699E-09
  1.2737114E-08  -9.6135441E-08   9.0538999E-08   1.6674932E-07   2.4208162E-06   1.8646851E-07   3.2748239E-07   2.9738944E-09   6.0471633E-06   1.3770837E-06  -2.2512090E-06  -2.6016995E-05  -8.9788840E-07  -2.1444372E-05  -5.9624750E-05   7.4719461E-06   4.0605526E-06   4.6115266E-06   1.2419721E-05   1.8836512E-05  -8.1248850E-08  -7.1511200E-08   1.0275211E-07  -1.0141825E-07  -4.0814646E-07  -1.3760396E-06   1.2428365E-09   1.6830855E-09
  1.8922529E-07  -1.7682031E-06   1.6674932E-07   6.1957026E-05   2.8424126E-05   1.1934434E-04   6.4758541E-06  -2.8503484E-07  -1.8424094E-03   3.7294707E-05   5.4624354E-04  -1.2795237E-02  -4.4878737E-03  -1.7712775E-04   8.4245242E-04  -9.8540486E-04  -1.2866799E-04  -3.0758465E-04  -4.6744579E-04  -2.3165458E-04  -8.3898604E-07  -2.4060584E-06   3.0717882E-07  -5.7367431E-06  -3.7842871E-06  -2.9931390E-05   1.0651287E-08  -8.9996895E-08
  1.5351039E-06  -2.0994872E-05   2.4208162E-06   2.8424126E-05   9.4312600E-04   7.2301549E-06   5.0231450E-05   4.0213046E-07  -9.4480847E-04  -1.3858693E-05   6.8141053E-04  -1.4111056E-02  -1.2918113E-02  -9.7270368E-03  -8.3977573E-03  -1.2591554E-04   7.6244360E-04   7.9621572E-04   1.0122282E-03   1.7303804E-03  -1.0520779E-06  -5.5251157E-06   2.2365028E-05  -4.3030823E-05  -3.5308682E-05  -1.9044695E-04  -2.3246652E-07   1.3504969E-07
  2.8746446E-07  -2.8248266E-07   1.8646851E-07   1.1934434E-04   7.2301549E-06   2.6599620E-04   4.0255537E-06   1.1799718E-05  -4.3339371E-03   1.2167959E-04   8.5931033E-04  -1.8751318E-02  -6.1911314E-03   3.4131132E-03   9.0372319E-03  -2.7208087E-03  -7.6095914E-04  -1.4663461E-03  -1.9534234E-03   5.8757800E-04  -1.5371769E-06  -4.4805544E-06   4.2121432E-06  -9.3823581E-06   2.5824618E-06  -4.6154684E-06   2.3463385E-07  -2.2224036E-07
  2.0741155E-07  -3.1387527E-06   3.2748239E-07   6.4758541E-06   5.0231450E-05   4.0255537E-06   1.6132606E-05   1.1810466E-07  -4.0108478E-03   8.6827541E-05   7.7811938E-04  -2.1408693E-02  -6.2819194E-03   7.5869132E-04   3.8358216E-03  -1.8747999E-03   4.0654637E-04  -2.7279744E-04  -1.9862152E-04   1.4137521E-03   1.1938450E-08  -5.1400524E-07   5.7758412E-07  -5.7536670E-06  -7.2453737E-06  -3.1865331E-05  -6.8627293E-08  -3.2645846E-08
  1.2602606E-08  -3.8723540E-08   2.9738944E-09  -2.8503484E-07   4.0213046E-07   1.1799718E-05   1.1810466E-07   6.1294787E-06   4.4808490E-04   2.0516071E-06  -5.3436860E-05   4.3012658E-03   5.2370381E-04   4.2874067E-04   1.5596036E-03  -1.0392214E-05  -1.8377634E-05  -8.6880386E-05  -1.6144917E-04   6.7541404E-04   3.4129554E-07   1.7897679E-07   2.9797583E-07  -9.2931795E-07   1.0507565E-06   1.1000700E-05   2.4564748E-08  -9.5646896E-09
 -7.3941537E-05   5.5838441E-05   6.0471633E-06  -1.8424094E-03  -9.4480847E-04  -4.3339371E-03  -4.0108478E-03   4.4808490E-04   4.4844015E+01  -4.0152097E-01  -7.3694780E-01   3.5674361E+01   1.7868352E+00  -1.2994617E+01  -5.5044485E+01  -3.8454909E-01   2.4587638E-01   5.9122423E-01  -5.7438251E+00  -3.3427338E+01  -2.4333715E-06   7.6388180E-04   2.6052588E-03  -1.9614677E-03  -2.2250465E-03   1.0671918E-02  -2.1315737E-04   6.8622549E-04
  1.6637985E-06  -1.0987623E-06   1.3770837E-06   3.7294707E-05  -1.3858693E-05   1.2167959E-04   8.6827541E-05   2.0516071E-06  -4.0152097E-01   8.1769015E-02  -3.9408587E-02  -5.6182752E-01   9.4008873E-01   1.7244141E+00   6.4635789E-01   4.7440512E-02  -2.5394701E-03   1.5535095E-02   1.2177907E-01   1.6358516E-01   2.6293836E-05  -2.8297566E-05  -5.1041274E-05   1.8056319E-05  -2.8988333E-05   6.1987451E-04   5.2418318E-06  -1.5721050E-06
  1.5792821E-05  -5.5365513E-05  -2.2512090E-06   5.4624354E-04   6.8141053E-04   8.5931033E-04   7.7811938E-04  -5.3436860E-05  -7.3694780E-01  -3.9408587E-02   3.7330061E+00  -2.8596554E+01  -3.1881227E+00   7.2848306E+00   4.9894892E+00  -2.5966956E+00  -1.7981457E-01   1.2848764E-01   2.5598135E+00   3.1458888E+00   8.6607582E-05   1.5745679E-04  -5.2758802E-05  -5.8361037E-04   6.0059697E-04  -2.4316630E-03   1.2415068E-04  -4.1278937E-05
 -3.0503745E-04   1.1485992E-03  -2.6016995E-05  -1.2795237E-02  -1.4111056E-02  -1.8751318E-02  -2.1408693E-02   4.3012658E-03   3.5674361E+01  -5.6182752E-01  -2.8596554E+01   7.6251733E+02   6.8481852E+01  -4.9990174E+01  -5.7575713E+01   1.1989688E+01  -6.4088498E+00   5.7422759E+00  -1.1333958E+01  -2.3753359E+01   1.7201168E-03  -8.7445562E-04   8.6842331E-03   1.9947486E-03  -1.3419214E-02   3.1927462E-02   3.5415535E-03   4.4574248E-04
 -1.8642651E-04   7.4774427E-04  -8.9788840E-07  -4.4878737E-03  -1.2918113E-02  -6.1911314E-03  -6.2819194E-03   5.2370381E-04   1.7868352E+00   9.4008873E-01  -3.1881227E+00   6.8481852E+01   6.1106059E+01   4.0616488E+01   1.4829607E+01  -4.9158877E+00  -4.7036361E-01  -1.1503096E+00   3.4612388E+00   3.9497139E+00  -3.5997280E-04   3.4747188E-04  -1.7388938E-03   3.9649879E-03   7.3863788E-03   4.6224990E-02   9.0319268E-05   9.2797396E-05
 -6.2031403E-05   4.6510180E-04  -2.1444372E-05  -1.7712775E-04  -9.7270368E-03   3.4131132E-03   7.5869132E-04   4.2874067E-04  -1.2994617E+01   1.7244141E+00   7.2848306E+00  -4.9990174E+01   4.0616488E+01   8.4885194E+01   5.2248164E+01  -1.1372764E+01  -7.2725740E-01  -5.1370513E-01   4.8159266E+00   7.9464635E+00   1.3589949E-03  -1.1346398E-03   5.3083005E-04   7.4453470E-04   6.6317788E-03   3.2361396E-02   4.6746222E-04  -3.9671803E-04
  4.6749941E-06   3.9553664E-04  -5.9624750E-05   8.4245242E-04  -8.3977573E-03   9.0372319E-03   3.8358216E-03   1.5596036E-03  -5.5044485E+01   6.4635789E-01   4.9894892E+00  -5.7575713E+01   1.4829607E+01   5.2248164E+01   1.0290866E+02  -8.7859397E+00  -6.6150102E-01  -1.2670706E+00   5.0622690E+00   3.3051339E+01   1.4109505E-03  -2.7091322E-03   1.0097947E-03   3.2961226E-03   9.8038626E-03   1.2652760E-02   4.9430672E-04  -1.3224138E-03
 -2.7051392E-05   2.5126533E-05   7.4719461E-06  -9.8540486E-04  -1.2591554E-04  -2.7208087E-03  -1.8747999E-03  -1.0392214E-05  -3.8454909E-01   4.7440512E-02  -2.5966956E+00   1.1989688E+01  -4.9158877E+00  -1.1372764E+01  -8.7859397E+00   5.7086781E+00   7.5354292E-02  -1.9645846E-01  -1.9874039E+00  -2.1258476E+00   1.1867771E-04   1.5557355E-04  -1.0703885E-03   7.9237273E-04  -1.2363921E-03  -7.5501260E-03  -9.9629232E-05   5.6649036E-06
 -2.5973339E-06  -5.1257532E-05   4.0605526E-06  -1.2866799E-04   7.6244360E-04  -7.6095914E-04   4.0654637E-04  -1.8377634E-05   2.4587638E-01  -2.5394701E-03  -1.7981457E-01  -6.4088498E+00  -4.7036361E-01  -7.2725740E-01  -6.6150102E-01   7.5354292E-02   3.3306479E+00   6.0013650E-01   2.2455807E-01   1.0398420E-01  -4.5164719E-04   1.0031773E-03  -4.3466305E-04   7.1278286E-04  -2.6726351E-03  -4.4456200E-03   1.6728053E-04  -1.5839153E-05
 -8.5129587E-06  -3.9997314E-05   4.6115266E-06  -3.0758465E-04   7.9621572E-04  -1.4663461E-03  -2.7279744E-04  -8.6880386E-05   5.9122423E-01   1.5535095E-02   1.2848764E-01   5.7422759E+00  -1.1503096E+00  -5.1370513E-01  -1.2670706E+00  -1.9645846E-01   6.0013650E-01   3.1949326E+00   2.7217197E+00   2.6619315E+00   1.9283122E-04   2.9589449E-04  -8.2602843E-04   9.1036417E-04  -1.6325634E-03   6.5853601E-03  -1.8716415E-04  -4.6438631E-05
 -7.5449719E-06  -4.9590956E-05   1.2419721E-05  -4.6744579E-04   1.0122282E-03  -1.9534234E-03  -1.9862152E-04  -1.6144917E-04  -5.7438251E+00   1.2177907E-01   2.5598135E+00  -1.1333958E+01   3.4612388E+00   4.8159266E+00   5.0622690E+00  -1.9874039E+00   2.2455807E-01   2.7217197E+00   1.0801899E+01   1.9173742E+01  -5.2903041E-04   1.1933669E-03  -5.2397700E-03   1.0387184E-03  -4.8360544E-04   1.0904810E-02   6.1604281E-06   4.0193721E-04
  1.5731775E-05  -6.2005288E-05   1.8836512E-05  -2.3165458E-04   1.7303804E-03   5.8757800E-04   1.4137521E-03   6.7541404E-04  -3.3427338E+01   1.6358516E-01   3.1458888E+00  -2.3753359E+01   3.9497139E+00   7.9464635E+00   3.3051339E+01  -2.1258476E+00   1.0398420E-01   2.6619315E+00   1.9173742E+01   5.3420790E+01  -1.3907834E-03   1.7592351E-03  -1.1667109E-02   1.4686341E-03  -1.0461679E-03   1.1314423E-02   1.1754826E-04   9.3021615E-04
 -4.9952778E-08  -7.7605348E-08  -8.1248850E-08  -8.3898604E-07  -1.0520779E-06  -1.5371769E-06   1.1938450E-08   3.4129554E-07  -2.4333715E-06   2.6293836E-05   8.6607582E-05   1.7201168E-03  -3.5997280E-04   1.3589949E-03   1.4109505E-03   1.1867771E-04  -4.5164719E-04   1.9283122E-04  -5.2903041E-04  -1.3907834E-03   1.4487557E-03   2.6602354E-04   8.3762952E-05  -3.6334247E-04  -1.0617749E-04  -2.0741799E-04   1.1310405E-07  -1.6711244E-07
 -5.1078764E-08   1.8381375E-07  -7.1511200E-08  -2.4060584E-06  -5.5251157E-06  -4.4805544E-06  -5.1400524E-07   1.7897679E-07   7.6388180E-04  -2.8297566E-05   1.5745679E-04  -8.7445562E-04   3.4747188E-04  -1.1346398E-03  -2.7091322E-03   1.5557355E-04   1.0031773E-03   2.9589449E-04   1.1933669E-03   1.7592351E-03   2.6602354E-04   8.7044874E-04   6.2708506E-05   7.4469070E-04   3.3608213E-05  -8.2438933E-04  -1.0271272E-07   4.0963687E-08
 -3.8616053E-08   6.9799773E-07   1.0275211E-07   3.0717882E-07   2.2365028E-05   4.2121432E-06   5.7758412E-07   2.9797583E-07   2.6052588E-03  -5.1041274E-05  -5.2758802E-05   8.6842331E-03  -1.7388938E-03   5.3083005E-04   1.0097947E-03  -1.0703885E-03  -4.3466305E-04  -8.2602843E-04  -5.2397700E-03  -1.1667109E-02   8.3762952E-05   6.2708506E-05   7.2906843E-03  -2.4206365E-04   6.5648477E-04   4.5429661E-03   2.8959298E-07  -3.3612310E-07
 -2.4728764E-07   1.6903840E-06  -1.0141825E-07  -5.7367431E-06  -4.3030823E-05  -9.3823581E-06  -5.7536670E-06  -9.2931795E-07  -1.9614677E-03   1.8056319E-05  -5.8361037E-04   1.9947486E-03   3.9649879E-03   7.4453470E-04   3.2961226E-03   7.9237273E-04   7.1278286E-04   9.1036417E-04   1.0387184E-03   1.4686341E-03  -3.6334247E-04   7.4469070E-04  -2.4206365E-04   2.8782352E-03   5.0889557E-04  -1.0148627E-03  -4.2582835E-07  -2.8270116E-07
 -4.9789213E-07   2.6680686E-06  -4.0814646E-07  -3.7842871E-06  -3.5308682E-05   2.5824618E-06  -7.2453737E-06   1.0507565E-06  -2.2250465E-03  -2.8988333E-05   6.0059697E-04  -1.3419214E-02   7.3863788E-03   6.6317788E-03   9.8038626E-03  -1.2363921E-03  -2.6726351E-03  -1.6325634E-03  -4.8360544E-04  -1.0461679E-03  -1.0617749E-04   3.3608213E-05   6.5648477E-04   5.0889557E-04   6.4603575E-03   8.0068677E-03   5.3836498E-07  -1.3621415E-07
 -2.3041925E-06   1.5122777E-05  -1.3760396E-06  -2.9931390E-05  -1.9044695E-04  -4.6154684E-06  -3.1865331E-05   1.1000700E-05   1.0671918E-02   6.1987451E-04  -2.4316630E-03   3.1927462E-02   4.6224990E-02   3.2361396E-02   1.2652760E-02  -7.5501260E-03  -4.4456200E-03   6.5853601E-03   1.0904810E-02   1.1314423E-02  -2.0741799E-04  -8.2438933E-04   4.5429661E-03  -1.0148627E-03   8.0068677E-03   7.1637421E-02  -3.0864316E-07  -2.1320332E-06
  2.9002808E-09   3.8834844E-09   1.2428365E-09   1.0651287E-08  -2.3246652E-07   2.3463385E-07  -6.8627293E-08   2.4564748E-08  -2.1315737E-04   5.2418318E-06   1.2415068E-04   3.5415535E-03   9.0319268E-05   4.6746222E-04   4.9430672E-04  -9.9629232E-05   1.6728053E-04  -1.8716415E-04   6.1604281E-06   1.1754826E-04   1.1310405E-07  -1.0271272E-07   2.8959298E-07  -4.2582835E-07   5.3836498E-07  -3.0864316E-07   3.7507241E-07  -1.0128146E-10
 -2.9519893E-10  -3.9316699E-09   1.6830855E-09  -8.9996895E-08   1.3504969E-07  -2.2224036E-07  -3.2645846E-08  -9.5646896E-09   6.8622549E-04  -1.5721050E-06  -4.1278937E-05   4.4574248E-04   9.2797396E-05  -3.9671803E-04  -1.3224138E-03   5.6649036E-06  -1.5839153E-05  -4.6438631E-05   4.0193721E-04   9.3021615E-04  -1.6711244E-07   4.0963687E-08  -3.3612310E-07  -2.8270116E-07  -1.3621415E-07  -2.1320332E-06  -1.0128146E-10   3.8160079E-07
