# omegabh2 omegach2 theta tau logA ns r calPlanck BBdust BBsync BBalphadust BBbetadust BBalphasync BBbetasync BBdustsynccorr acib217 xi asz143 aps100 aps143 aps143217 aps217 aksz kgal100 kgal143 kgal143217 kgal217 galfTE100 galfTE100143 galfTE100217 galfTE143 galfTE143217 galfTE217 cal0 cal2
  1.7684395E-08  -5.2440729E-08   1.0745531E-08   1.8755404E-07   3.5355850E-07   1.3337716E-07   5.0259843E-08   1.1664293E-08   1.6406803E-06   8.4731440E-07   1.6125247E-07  -1.5079925E-07   1.3370743E-07   3.8587602E-07  -3.1886625E-07  -7.4841003E-05   1.2443007E-06   1.6372961E-05  -2.9430545E-04  -1.8250499E-04  -6.1115670E-05   1.2268963E-05  -2.7193971E-05  -1.8053624E-06  -6.0523027E-06  -3.7311773E-06   2.3622281E-05  -1.0065456E-07  -7.3677963E-08  -1.6127521E-07  -1.4500181E-07  -4.6779508E-07  -2.0816614E-06   3.0501750E-09  -9.5863063E-10
 -5.2440729E-08   8.7358777E-07  -4.8120811E-08  -2.1700244E-06  -2.5798244E-06  -1.9639242E-06  -1.2828671E-06  -1.3785990E-07  -2.4100657E-06   4.0575065E-06  -4.3714916E-06  -1.2283496E-07   3.3806882E-06  -1.6149493E-06   2.5424023E-06   1.5715296E-04  -2.0176405E-06  -4.3389404E-05   4.0547302E-04   5.2580111E-04   2.1622401E-04  -1.8322246E-06   5.7890089E-05   3.7580491E-06   2.9282736E-06   7.0614362E-06  -5.3562926E-05  -1.5231470E-07   2.2310520E-07  -3.3638552E-07   1.3353690E-06   1.6835872E-06   8.8035518E-06  -1.3328799E-08  -4.4874877E-10
  1.0745531E-08  -4.8120811E-08   8.7677071E-08   1.9832865E-07   4.3199115E-07   2.3093068E-07   2.2628448E-08   2.6883262E-08   5.8438153E-06  -1.9948794E-06  -3.6612149E-07   5.6560360E-07   2.9651344E-07   3.1868348E-07  -1.4693974E-06  -9.6524297E-06   2.6150871E-07   4.1153458E-06  -1.2780637E-04  -1.2083903E-05   2.1050052E-06   1.5222229E-05  -1.0921434E-05   9.4122265E-06   9.3704648E-07   6.5371646E-06   2.0306762E-05   5.3594297E-08  -6.0594567E-08  -2.0904265E-07  -1.6148003E-07  -1.0064162E-07  -9.6654448E-07   1.2539927E-09   1.2947359E-09
  1.8755404E-07  -2.1700244E-06   1.9832865E-07   4.5303688E-05   8.2619320E-05   6.9561135E-06  -1.9508392E-06  -1.1919666E-06   7.9533320E-05   3.5491019E-05  -2.8467982E-05   4.4189494E-06  -6.6744384E-06  -8.6168329E-06  -7.0058790E-06  -1.7456394E-03   7.0700642E-06   3.7510597E-04  -5.7939455E-03  -3.5616114E-03  -9.5174824E-04   6.7748188E-04  -7.0549534E-04  -3.7529769E-05  -1.4180259E-04  -2.2360304E-04   1.2023154E-04   1.0763807E-06   2.8308513E-06   4.2792075E-06   2.0793091E-06  -3.7520666E-06  -2.6874929E-05   4.9202431E-08  -6.1056163E-08
  3.5355850E-07  -2.5798244E-06   4.3199115E-07   8.2619320E-05   1.8028126E-04   8.7128856E-06  -1.0876605E-05   9.5168863E-06   1.6420732E-04   9.1797596E-05  -8.5509000E-05   1.9080751E-05   1.8303979E-05  -3.2680461E-05  -9.3015284E-06  -3.8724714E-03   5.9025665E-05   8.0508264E-04  -8.1819759E-03  -5.0643076E-03   1.3837222E-03   7.9032615E-03  -2.0800535E-03  -3.6108691E-04  -7.0045357E-04  -6.6416654E-04   1.9806504E-03   7.5755536E-07   7.4349280E-06   7.1222109E-06   8.1058435E-06  -6.8741894E-06   2.9011516E-06   2.4975211E-07  -1.7221501E-07
  1.3337716E-07  -1.9639242E-06   2.3093068E-07   6.9561135E-06   8.7128856E-06   1.3314392E-05   7.1968495E-06   4.3503310E-07   3.1712432E-05   9.5747797E-06  -1.1127368E-06   1.1290283E-06  -1.5892574E-05  -1.6704769E-06  -1.6861531E-05  -4.2354227E-03   8.6291801E-05   8.7953111E-04  -2.1130769E-02  -5.6776283E-03   1.8163924E-03   5.0275955E-03  -2.0431525E-03   2.3654600E-04  -3.1888578E-04  -2.7571098E-04   1.3783511E-03   1.6059536E-06  -2.1652498E-07   2.3169114E-07  -2.0716700E-06  -2.9874555E-06  -2.2615160E-05  -8.1213348E-08  -6.3435162E-08
  5.0259843E-08  -1.2828671E-06   2.2628448E-08  -1.9508392E-06  -1.0876605E-05   7.1968495E-06   3.5518474E-04  -1.4290796E-06  -4.5646885E-04  -8.6851339E-04  -5.6175605E-05   3.1530171E-04  -7.8370752E-06  -1.4884543E-04  -8.4682886E-04  -3.2519423E-03   2.3599410E-05   7.9623404E-04  -1.5480619E-02  -3.4273183E-03   1.1970109E-03   4.2026157E-03  -1.0542964E-03  -1.1705627E-03  -3.4782494E-04   3.2012963E-04   1.5256779E-03   1.2912764E-05   4.5378647E-06  -1.5234496E-05   1.1846994E-05   1.1049442E-05   2.5188413E-05  -2.4813068E-07  -5.7950877E-08
  1.1664293E-08  -1.3785990E-07   2.6883262E-08  -1.1919666E-06   9.5168863E-06   4.3503310E-07  -1.4290796E-06   6.1162792E-06  -7.9566662E-07   7.9838345E-06  -8.6841564E-06   5.1993248E-06   1.1668086E-05  -6.9542645E-06   1.5159385E-06   4.2680393E-04   3.5700263E-06   8.8672578E-05   3.3376123E-03   5.0179180E-04   6.8873103E-04   1.7982474E-03  -6.1730554E-05   7.1501311E-06   4.4235065E-05   1.2315917E-04   9.7370041E-04   3.5670016E-07   1.0024544E-06  -1.9071622E-07   9.1468489E-07  -9.4016453E-07   2.2961411E-05   1.8440692E-08  -1.5690037E-08
  1.6406803E-06  -2.4100657E-06   5.8438153E-06   7.9533320E-05   1.6420732E-04   3.1712432E-05  -4.5646885E-04  -7.9566662E-07   1.0642051E+00   1.5101725E-02  -1.2071089E-01   4.4857340E-02  -7.5946083E-04   9.2836569E-03  -1.1210972E-02   3.5087303E-02   4.2628108E-03   9.9995653E-03   6.5350884E-02   1.0127540E-01   1.2835390E-01  -1.5432835E-02  -2.8115422E-02   8.5841223E-03  -1.4989015E-03   6.8377302E-03  -4.3964723E-02  -6.0198395E-04   3.7138310E-04   3.0275809E-04   5.6810983E-04   2.0206527E-04   3.3845727E-04   8.5537719E-07  -5.1316741E-06
  8.4731440E-07   4.0575065E-06  -1.9948794E-06   3.5491019E-05   9.1797596E-05   9.5747797E-06  -8.6851339E-04   7.9838345E-06   1.5101725E-02   1.1580573E+00  -1.4605264E-03  -2.2276438E-03   1.9267047E-02  -4.1007550E-02   4.2550378E-02  -2.5476329E-02   3.7293243E-03  -1.9944124E-02  -3.2627406E-02  -1.0504404E-02   1.3847354E-02  -2.6538938E-02   2.9775027E-02  -3.2173984E-03   1.5295828E-02   4.6635895E-03   2.0473955E-02  -8.5792052E-05   2.1016121E-05  -1.2487964E-04  -2.8708330E-04   2.3257823E-04   1.5880681E-03  -2.0458304E-06  -6.6580037E-07
  1.6125247E-07  -4.3714916E-06  -3.6612149E-07  -2.8467982E-05  -8.5509000E-05  -1.1127368E-06  -5.6175605E-05  -8.6841564E-06  -1.2071089E-01  -1.4605264E-03   6.0397318E-02  -5.7870144E-04   4.5009448E-04  -1.7885866E-04  -3.5595076E-05  -8.2549540E-03  -1.2751065E-04   3.0096736E-03   2.7103720E-02  -1.8210720E-02   2.6357072E-03   1.4156365E-02   2.0235460E-03   1.7137518E-03   4.5088658E-03   6.5273082E-03   1.4935037E-02   1.4417484E-04  -6.2274656E-05  -1.2301890E-04  -1.1623878E-04  -7.4022411E-05  -5.0220745E-04   1.4345930E-06   8.8058566E-07
 -1.5079925E-07  -1.2283496E-07   5.6560360E-07   4.4189494E-06   1.9080751E-05   1.1290283E-06   3.1530171E-04   5.1993248E-06   4.4857340E-02  -2.2276438E-03  -5.7870144E-04   9.3486828E-03   2.8137327E-04  -1.2947697E-03   1.0704604E-03   5.6194694E-03   1.6431580E-04   9.6526075E-04   6.0629697E-03   2.1580550E-03   5.6942448E-03  -2.2149218E-03   2.0769231E-04  -1.5322419E-03  -1.4607277E-03  -3.2583838E-03  -9.4396593E-03  -2.4966699E-05   3.9919544E-05   7.3105536E-05   1.3247233E-04   1.8583799E-05   7.0116575E-05  -1.7106012E-07   1.3574069E-07
  1.3370743E-07   3.3806882E-06   2.9651344E-07  -6.6744384E-06   1.8303979E-05  -1.5892574E-05  -7.8370752E-06   1.1668086E-05  -7.5946083E-04   1.9267047E-02   4.5009448E-04   2.8137327E-04   8.1752269E-02  -1.6383104E-03   2.1958215E-03  -4.6947990E-03   2.9379547E-04   1.9350566E-03   8.4432998E-02  -1.4026459E-04   1.9470784E-02   1.7693978E-02  -9.4122825E-04  -4.0823699E-03   1.2404182E-03   3.7192983E-03   1.1382338E-02  -2.8724921E-05   1.9710156E-05   1.1473522E-04   3.7310534E-05  -1.4367466E-04  -7.3246330E-04   2.2614470E-06   1.4726931E-06
  3.8587602E-07  -1.6149493E-06   3.1868348E-07  -8.6168329E-06  -3.2680461E-05  -1.6704769E-06  -1.4884543E-04  -6.9542645E-06   9.2836569E-03  -4.1007550E-02  -1.7885866E-04  -1.2947697E-03  -1.6383104E-03   7.6043835E-02  -3.9154704E-03   1.3765149E-03   5.0581007E-04   4.1020090E-03  -2.2673016E-02  -2.2913438E-03   5.8907218E-03  -1.6872804E-02   3.9424448E-03   4.6689306E-04  -5.0981704E-03   3.2354249E-03   8.0591546E-03  -6.5824067E-05  -8.0217136E-05   1.5036976E-04  -5.3179291E-05  -7.9647784E-06   1.1363925E-03   3.0778617E-06   1.2366676E-06
 -3.1886625E-07   2.5424023E-06  -1.4693974E-06  -7.0058790E-06  -9.3015284E-06  -1.6861531E-05  -8.4682886E-04   1.5159385E-06  -1.1210972E-02   4.2550378E-02  -3.5595076E-05   1.0704604E-03   2.1958215E-03  -3.9154704E-03   8.1369427E-02   3.6300247E-02   6.0853349E-04  -3.7318085E-03  -4.8075635E-03   1.5658893E-02   3.2911638E-03  -5.9251437E-02   9.5684044E-03   3.3392241E-03   7.4404532E-03   3.3650662E-03  -1.7087610E-02  -1.1305370E-04  -5.8958790E-05   2.3450960E-04   1.6348079E-04   2.1582693E-06  -1.0483590E-03  -1.9917365E-06   1.0817633E-06
 -7.4841003E-05   1.5715296E-04  -9.6524297E-06  -1.7456394E-03  -3.8724714E-03  -4.2354227E-03  -3.2519423E-03   4.2680393E-04   3.5087303E-02  -2.5476329E-02  -8.2549540E-03   5.6194694E-03  -4.6947990E-03   1.3765149E-03   3.6300247E-02   4.4856462E+01  -3.9290628E-01  -9.2301952E-01   3.7692102E+01   2.0296240E+00  -1.3157772E+01  -5.5324052E+01  -2.6204007E-01   3.9225402E-01   5.6513655E-01  -5.9541486E+00  -3.3832260E+01  -5.4891678E-04  -1.7142218E-04  -4.4391685E-03  -3.3405389E-03   1.5672168E-03   2.1097879E-02  -1.4051476E-04   7.3319761E-04
  1.2443007E-06  -2.0176405E-06   2.6150871E-07   7.0700642E-06   5.9025665E-05   8.6291801E-05   2.3599410E-05   3.5700263E-06   4.2628108E-03   3.7293243E-03  -1.2751065E-04   1.6431580E-04   2.9379547E-04   5.0581007E-04   6.0853349E-04  -3.9290628E-01   8.1683895E-02  -4.2901504E-02  -5.8733865E-01   9.3185597E-01   1.7193818E+00   6.3471414E-01   4.7664543E-02  -9.4070548E-03   5.0339608E-03   1.0403829E-01   1.4974127E-01  -5.2223559E-05  -6.4491735E-06  -3.1570541E-05   1.1564538E-04  -1.4528742E-04  -6.8683515E-05   4.0815067E-06  -9.0196709E-07
  1.6372961E-05  -4.3389404E-05   4.1153458E-06   3.7510597E-04   8.0508264E-04   8.7953111E-04   7.9623404E-04   8.8672578E-05   9.9995653E-03  -1.9944124E-02   3.0096736E-03   9.6526075E-04   1.9350566E-03   4.1020090E-03  -3.7318085E-03  -9.2301952E-01  -4.2901504E-02   3.7118253E+00  -2.8814841E+01  -3.0525814E+00   7.4092722E+00   5.3441533E+00  -2.6069715E+00  -2.0169215E-01   1.2441211E-01   2.5407461E+00   3.2362929E+00  -3.1671301E-04  -4.4249762E-04   6.1107615E-04  -7.5002382E-04  -8.2464485E-04   9.9858078E-05   1.0942492E-04  -5.3648244E-05
 -2.9430545E-04   4.0547302E-04  -1.2780637E-04  -5.7939455E-03  -8.1819759E-03  -2.1130769E-02  -1.5480619E-02   3.3376123E-03   6.5350884E-02  -3.2627406E-02   2.7103720E-02   6.0629697E-03   8.4432998E-02  -2.2673016E-02  -4.8075635E-03   3.7692102E+01  -5.8733865E-01  -2.8814841E+01   7.6197697E+02   6.4952497E+01  -5.4738575E+01  -6.2711489E+01   1.2550402E+01  -5.3776866E+00   5.8457278E+00  -1.1502343E+01  -2.4689435E+01   3.8866820E-03  -3.4931066E-03   5.5506085E-03   1.4218120E-03   2.0004112E-02   2.5835019E-02   3.7089578E-03   6.4348374E-04
 -1.8250499E-04   5.2580111E-04  -1.2083903E-05  -3.5616114E-03  -5.0643076E-03  -5.6776283E-03  -3.4273183E-03   5.0179180E-04   1.0127540E-01  -1.0504404E-02  -1.8210720E-02   2.1580550E-03  -1.4026459E-04  -2.2913438E-03   1.5658893E-02   2.0296240E+00   9.3185597E-01  -3.0525814E+00   6.4952497E+01   6.0064701E+01   4.0146949E+01   1.3834160E+01  -4.9390345E+00  -3.7700507E-01  -1.2158570E+00   3.5609350E+00   4.3684353E+00  -3.6820795E-05   1.0366058E-03  -1.2246259E-03  -1.2686119E-03  -1.1800915E-03   6.4519278E-03   3.4185274E-05   1.8078423E-04
 -6.1115670E-05   2.1622401E-04   2.1050052E-06  -9.5174824E-04   1.3837222E-03   1.8163924E-03   1.1970109E-03   6.8873103E-04   1.2835390E-01   1.3847354E-02   2.6357072E-03   5.6942448E-03   1.9470784E-02   5.8907218E-03   3.2911638E-03  -1.3157772E+01   1.7193818E+00   7.4092722E+00  -5.4738575E+01   4.0146949E+01   8.5158298E+01   5.2236749E+01  -1.1404699E+01  -7.8559382E-01  -7.6993957E-01   4.6877980E+00   8.2651638E+00   7.1015913E-04   4.9395584E-04   6.3314287E-03   2.4157384E-03  -1.6531444E-03  -1.0107057E-02   3.9303313E-04  -3.7312447E-04
  1.2268963E-05  -1.8322246E-06   1.5222229E-05   6.7748188E-04   7.9032615E-03   5.0275955E-03   4.2026157E-03   1.7982474E-03  -1.5432835E-02  -2.6538938E-02   1.4156365E-02  -2.2149218E-03   1.7693978E-02  -1.6872804E-02  -5.9251437E-02  -5.5324052E+01   6.3471414E-01   5.3441533E+00  -6.2711489E+01   1.3834160E+01   5.2236749E+01   1.0334472E+02  -8.8209440E+00  -8.4805111E-01  -1.2173909E+00   5.5516822E+00   3.3811216E+01   2.9484543E-03   1.0804465E-03   1.1039832E-02   5.1035020E-03   2.5799128E-03  -2.4829310E-02   3.7149974E-04  -1.3794354E-03
 -2.7193971E-05   5.7890089E-05  -1.0921434E-05  -7.0549534E-04  -2.0800535E-03  -2.0431525E-03  -1.0542964E-03  -6.1730554E-05  -2.8115422E-02   2.9775027E-02   2.0235460E-03   2.0769231E-04  -9.4122825E-04   3.9424448E-03   9.5684044E-03  -2.6204007E-01   4.7664543E-02  -2.6069715E+00   1.2550402E+01  -4.9390345E+00  -1.1404699E+01  -8.8209440E+00   5.6639429E+00   1.3270027E-01  -2.3647820E-01  -2.0529210E+00  -2.2730197E+00   7.3435053E-04   9.0145971E-04  -7.4721053E-04   1.3012113E-03   5.6287597E-04   6.9991305E-03  -5.9805276E-05   5.4147821E-06
 -1.8053624E-06   3.7580491E-06   9.4122265E-06  -3.7529769E-05  -3.6108691E-04   2.3654600E-04  -1.1705627E-03   7.1501311E-06   8.5841223E-03  -3.2173984E-03   1.7137518E-03  -1.5322419E-03  -4.0823699E-03   4.6689306E-04   3.3392241E-03   3.9225402E-01  -9.4070548E-03  -2.0169215E-01  -5.3776866E+00  -3.7700507E-01  -7.8559382E-01  -8.4805111E-01   1.3270027E-01   3.3568002E+00   5.5999654E-01   1.0068974E-01  -1.1711468E-01  -1.4053923E-03   6.2874915E-04  -5.0659314E-04   1.3700599E-03   9.9866976E-04  -6.3490880E-04   1.9235756E-04  -1.4060985E-08
 -6.0523027E-06   2.9282736E-06   9.3704648E-07  -1.4180259E-04  -7.0045357E-04  -3.1888578E-04  -3.4782494E-04   4.4235065E-05  -1.4989015E-03   1.5295828E-02   4.5088658E-03  -1.4607277E-03   1.2404182E-03  -5.0981704E-03   7.4404532E-03   5.6513655E-01   5.0339608E-03   1.2441211E-01   5.8457278E+00  -1.2158570E+00  -7.6993957E-01  -1.2173909E+00  -2.3647820E-01   5.5999654E-01   3.1300365E+00   2.6684963E+00   2.7067270E+00  -1.2746865E-03  -7.8573670E-04  -1.9764971E-03   6.7247718E-04   1.3565345E-04  -3.9656442E-03  -1.8166718E-04  -2.5424951E-05
 -3.7311773E-06   7.0614362E-06   6.5371646E-06  -2.2360304E-04  -6.6416654E-04  -2.7571098E-04   3.2012963E-04   1.2315917E-04   6.8377302E-03   4.6635895E-03   6.5273082E-03  -3.2583838E-03   3.7192983E-03   3.2354249E-03   3.3650662E-03  -5.9541486E+00   1.0403829E-01   2.5407461E+00  -1.1502343E+01   3.5609350E+00   4.6877980E+00   5.5516822E+00  -2.0529210E+00   1.0068974E-01   2.6684963E+00   1.0784626E+01   1.9467198E+01  -2.1485716E-03  -1.0582405E-03  -2.7094460E-03  -9.7229186E-04  -2.0148072E-03   3.9942943E-03  -4.7895950E-05   4.1671456E-04
  2.3622281E-05  -5.3562926E-05   2.0306762E-05   1.2023154E-04   1.9806504E-03   1.3783511E-03   1.5256779E-03   9.7370041E-04  -4.3964723E-02   2.0473955E-02   1.4935037E-02  -9.4396593E-03   1.1382338E-02   8.0591546E-03  -1.7087610E-02  -3.3832260E+01   1.4974127E-01   3.2362929E+00  -2.4689435E+01   4.3684353E+00   8.2651638E+00   3.3811216E+01  -2.2730197E+00  -1.1711468E-01   2.7067270E+00   1.9467198E+01   5.4439602E+01  -2.2264897E-03  -1.0704466E-03   2.2379936E-03   1.1711922E-03  -4.5387739E-03   1.3166422E-03  -6.0310252E-06   9.2269145E-04
 -1.0065456E-07  -1.5231470E-07   5.3594297E-08   1.0763807E-06   7.5755536E-07   1.6059536E-06   1.2912764E-05   3.5670016E-07  -6.0198395E-04  -8.5792052E-05   1.4417484E-04  -2.4966699E-05  -2.8724921E-05  -6.5824067E-05  -1.1305370E-04  -5.4891678E-04  -5.2223559E-05  -3.1671301E-04   3.8866820E-03  -3.6820795E-05   7.1015913E-04   2.9484543E-03   7.3435053E-04  -1.4053923E-03  -1.2746865E-03  -2.1485716E-03  -2.2264897E-03   1.4753105E-03   2.7572378E-04   1.0878943E-04  -3.7238115E-04  -1.0609338E-04  -2.0955651E-04   1.2558873E-07   3.8043150E-08
 -7.3677963E-08   2.2310520E-07  -6.0594567E-08   2.8308513E-06   7.4349280E-06  -2.1652498E-07   4.5378647E-06   1.0024544E-06   3.7138310E-04   2.1016121E-05  -6.2274656E-05   3.9919544E-05   1.9710156E-05  -8.0217136E-05  -5.8958790E-05  -1.7142218E-04  -6.4491735E-06  -4.4249762E-04  -3.4931066E-03   1.0366058E-03   4.9395584E-04   1.0804465E-03   9.0145971E-04   6.2874915E-04  -7.8573670E-04  -1.0582405E-03  -1.0704466E-03   2.7572378E-04   8.5158728E-04   3.8331214E-05   7.2740489E-04   3.0391470E-05  -8.5670705E-04   1.1439816E-07   2.0302582E-07
 -1.6127521E-07  -3.3638552E-07  -2.0904265E-07   4.2792075E-06   7.1222109E-06   2.3169114E-07  -1.5234496E-05  -1.9071622E-07   3.0275809E-04  -1.2487964E-04  -1.2301890E-04   7.3105536E-05   1.1473522E-04   1.5036976E-04   2.3450960E-04  -4.4391685E-03  -3.1570541E-05   6.1107615E-04   5.5506085E-03  -1.2246259E-03   6.3314287E-03   1.1039832E-02  -7.4721053E-04  -5.0659314E-04  -1.9764971E-03  -2.7094460E-03   2.2379936E-03   1.0878943E-04   3.8331214E-05   7.2612366E-03  -3.1174086E-04   7.0076750E-04   4.8477011E-03   4.3798979E-07   3.5069136E-07
 -1.4500181E-07   1.3353690E-06  -1.6148003E-07   2.0793091E-06   8.1058435E-06  -2.0716700E-06   1.1846994E-05   9.1468489E-07   5.6810983E-04  -2.8708330E-04  -1.1623878E-04   1.3247233E-04   3.7310534E-05  -5.3179291E-05   1.6348079E-04  -3.3405389E-03   1.1564538E-04  -7.5002382E-04   1.4218120E-03  -1.2686119E-03   2.4157384E-03   5.1035020E-03   1.3012113E-03   1.3700599E-03   6.7247718E-04  -9.7229186E-04   1.1711922E-03  -3.7238115E-04   7.2740489E-04  -3.1174086E-04   2.9015573E-03   4.8090154E-04  -1.1935649E-03   3.1948572E-07   1.1651761E-07
 -4.6779508E-07   1.6835872E-06  -1.0064162E-07  -3.7520666E-06  -6.8741894E-06  -2.9874555E-06   1.1049442E-05  -9.4016453E-07   2.0206527E-04   2.3257823E-04  -7.4022411E-05   1.8583799E-05  -1.4367466E-04  -7.9647784E-06   2.1582693E-06   1.5672168E-03  -1.4528742E-04  -8.2464485E-04   2.0004112E-02  -1.1800915E-03  -1.6531444E-03   2.5799128E-03   5.6287597E-04   9.9866976E-04   1.3565345E-04  -2.0148072E-03  -4.5387739E-03  -1.0609338E-04   3.0391470E-05   7.0076750E-04   4.8090154E-04   6.3456817E-03   7.7901687E-03  -3.5393123E-07  -6.7310400E-07
 -2.0816614E-06   8.8035518E-06  -9.6654448E-07  -2.6874929E-05   2.9011516E-06  -2.2615160E-05   2.5188413E-05   2.2961411E-05   3.3845727E-04   1.5880681E-03  -5.0220745E-04   7.0116575E-05  -7.3246330E-04   1.1363925E-03  -1.0483590E-03   2.1097879E-02  -6.8683515E-05   9.9858078E-05   2.5835019E-02   6.4519278E-03  -1.0107057E-02  -2.4829310E-02   6.9991305E-03  -6.3490880E-04  -3.9656442E-03   3.9942943E-03   1.3166422E-03  -2.0955651E-04  -8.5670705E-04   4.8477011E-03  -1.1935649E-03   7.7901687E-03   7.3044699E-02  -2.3599433E-07  -3.2670438E-07
  3.0501750E-09  -1.3328799E-08   1.2539927E-09   4.9202431E-08   2.4975211E-07  -8.1213348E-08  -2.4813068E-07   1.8440692E-08   8.5537719E-07  -2.0458304E-06   1.4345930E-06  -1.7106012E-07   2.2614470E-06   3.0778617E-06  -1.9917365E-06  -1.4051476E-04   4.0815067E-06   1.0942492E-04   3.7089578E-03   3.4185274E-05   3.9303313E-04   3.7149974E-04  -5.9805276E-05   1.9235756E-04  -1.8166718E-04  -4.7895950E-05  -6.0310252E-06   1.2558873E-07   1.1439816E-07   4.3798979E-07   3.1948572E-07  -3.5393123E-07  -2.3599433E-07   3.8096516E-07  -4.1283164E-09
 -9.5863063E-10  -4.4874877E-10   1.2947359E-09  -6.1056163E-08  -1.7221501E-07  -6.3435162E-08  -5.7950877E-08  -1.5690037E-08  -5.1316741E-06  -6.6580037E-07   8.8058566E-07   1.3574069E-07   1.4726931E-06   1.2366676E-06   1.0817633E-06   7.3319761E-04  -9.0196709E-07  -5.3648244E-05   6.4348374E-04   1.8078423E-04  -3.7312447E-04  -1.3794354E-03   5.4147821E-06  -1.4060985E-08  -2.5424951E-05   4.1671456E-04   9.2269145E-04   3.8043150E-08   2.0302582E-07   3.5069136E-07   1.1651761E-07  -6.7310400E-07  -3.2670438E-07  -4.1283164E-09   3.8287770E-07
