# omegabh2 omegach2 theta tau logA ns calPlanck aps100 aps143 aps217 acib217 asz143 psr cibr xi aksz dust100 dust143 dust217 dust143x217 cal0 cal2
  3.5446725E-08  -4.7740243E-08   1.9472340E-08   2.9572270E-07   6.1417083E-07   2.6014453E-07   1.6682975E-08  -5.6033837E-04  -4.1872110E-04   1.3765433E-04  -2.2043171E-04   1.8479339E-05   1.5025808E-06  -5.1247312E-06   2.1977145E-06  -4.5566288E-05   1.1107594E-07  -8.4494202E-07   1.0260989E-06  -1.9029040E-07   2.5955034E-09  -1.2412860E-08
 -4.7740243E-08   1.1030024E-06  -2.5218297E-08  -2.6929739E-06  -3.2768586E-06  -2.3718178E-06  -2.2921533E-07   2.3420951E-04   2.8333254E-04  -2.4551718E-04   2.3625062E-04  -1.4784701E-05  -3.5814367E-06   4.9036096E-06  -1.3778822E-05   6.8843273E-05  -3.1275155E-06   7.1854449E-06  -9.7476108E-07   1.1813071E-06  -6.1084517E-08   2.6209280E-10
  1.9472340E-08  -2.5218297E-08   1.7139476E-07   3.5102530E-07   8.3712295E-07   3.0934736E-07   8.5635464E-09   3.3656760E-04  -1.6511947E-05  -9.0622282E-05   2.4961505E-05  -7.1040165E-06   2.6284447E-07  -9.2792898E-07   1.1138152E-06  -3.5179204E-06  -5.9445725E-07   4.3545955E-07  -2.5748909E-07   8.6844905E-08  -6.1325876E-10  -6.0086323E-09
  2.9572270E-07  -2.6929739E-06   3.5102530E-07   5.6452991E-05   1.0381096E-04   1.0326747E-05  -7.0432472E-07  -1.4335400E-02  -5.7162541E-03   1.0594297E-03  -2.4241332E-03   3.0073249E-04   2.7574628E-05  -5.2128222E-05   4.7880617E-05  -6.1345461E-04   3.3573020E-05  -5.8324865E-06  -2.0144632E-06  -1.0760151E-05  -9.6275015E-08  -3.2838016E-07
  6.1417083E-07  -3.2768586E-06   8.3712295E-07   1.0381096E-04   2.2190446E-04   1.4735610E-05   1.0526881E-05  -2.1703451E-02  -9.6167110E-03   8.3992554E-03  -5.5073199E-03   6.7017871E-04   5.7585737E-05  -1.2119028E-04   9.2799255E-05  -2.0393918E-03   2.5627406E-05  -7.6136053E-05   2.1251733E-05  -3.9101231E-05   3.1157613E-07  -8.0393061E-07
  2.6014453E-07  -2.3718178E-06   3.0934736E-07   1.0326747E-05   1.4735610E-05   1.6675108E-05   6.5212676E-07  -2.4168170E-02  -8.0854829E-03   9.6051959E-03  -6.9472316E-03   5.3704353E-04   6.6616748E-05  -1.2283652E-04   9.6593535E-05  -2.1852454E-03   2.7714879E-05  -3.6591900E-05   3.3529891E-05  -1.6141948E-05  -2.1761359E-07  -3.9213371E-07
  1.6682975E-08  -2.2921533E-07   8.5635464E-09  -7.0432472E-07   1.0526881E-05   6.5212676E-07   6.2824521E-06   3.4009709E-03   3.7393085E-04   8.9121702E-04   6.2779086E-04   1.2641777E-05  -8.5797621E-06   1.9067942E-05   3.4021482E-07  -1.7641239E-05  -9.3511775E-06   5.9589302E-06   8.0147061E-06  -6.8195140E-06  -3.1636357E-09  -5.1134425E-08
 -5.6033837E-04   2.3420951E-04   3.3656760E-04  -1.4335400E-02  -2.1703451E-02  -2.4168170E-02   3.4009709E-03   6.1672987E+02   6.1155581E+01  -5.7168630E+01   3.2941669E+01  -2.5009783E+01  -7.6439620E-01  -1.3137647E-01  -9.9366045E-02   1.0994862E+01  -2.3515389E-01   3.0517561E-01  -3.0223705E-01  -2.5031295E-01   6.4461815E-03   2.7662161E-03
 -4.1872110E-04   2.8333254E-04  -1.6511947E-05  -5.7162541E-03  -9.6167110E-03  -8.0854829E-03   3.7393085E-04   6.1155581E+01   7.0172488E+01   6.7390962E+00   9.3355415E+00  -3.2897242E-01   6.8277751E-03   4.6889852E-01   9.0661697E-01  -8.4356578E+00  -2.8902805E-02  -2.1127705E-01   2.2463464E-02   7.2786386E-02   7.3459558E-04   6.7590633E-04
  1.3765433E-04  -2.4551718E-04  -9.0622282E-05   1.0594297E-03   8.3992554E-03   9.6051959E-03   8.9121702E-04  -5.7168630E+01   6.7390962E+00   1.7389900E+02  -8.3064867E+01   2.7106316E+00   3.5519739E-01  -1.0472743E+00   2.9517867E-01  -6.9531491E+00  -1.0067328E-02  -2.7627401E-01   5.4519141E-01  -7.9560651E-03   1.9090912E-03  -7.9710637E-03
 -2.2043171E-04   2.3625062E-04   2.4961505E-05  -2.4241332E-03  -5.5073199E-03  -6.9472316E-03   6.2779086E-04   3.2941669E+01   9.3355415E+00  -8.3064867E+01   5.2996688E+01   1.5981220E+00  -5.5996124E-02   7.3900719E-01  -2.4256504E-01  -3.0126434E+00   2.8428284E-03   1.6923705E-01  -4.5295079E-01  -1.1300169E-01  -7.4286072E-04   3.3182866E-03
  1.8479339E-05  -1.4784701E-05  -7.1040165E-06   3.0073249E-04   6.7017871E-04   5.3704353E-04   1.2641777E-05  -2.5009783E+01  -3.2897242E-01   2.7106316E+00   1.5981220E+00   4.2565077E+00   9.5968045E-02   1.5753373E-01  -4.7752190E-02  -3.4876745E+00   3.0282739E-04  -6.4038508E-03   1.4300493E-02   5.1073083E-02   4.3357143E-04  -1.0071632E-04
  1.5025808E-06  -3.5814367E-06   2.6284447E-07   2.7574628E-05   5.7585737E-05   6.6616748E-05  -8.5797621E-06  -7.6439620E-01   6.8277751E-03   3.5519739E-01  -5.5996124E-02   9.5968045E-02   1.5951804E-02  -1.6399743E-02   1.1356734E-02  -1.0505352E-01   6.7607789E-04  -1.5643204E-03  -2.5228824E-03   5.0877220E-03   1.9848963E-05  -3.6366599E-05
 -5.1247312E-06   4.9036096E-06  -9.2792898E-07  -5.2128222E-05  -1.2119028E-04  -1.2283652E-04   1.9067942E-05  -1.3137647E-01   4.6889852E-01  -1.0472743E+00   7.3900719E-01   1.5753373E-01  -1.6399743E-02   6.6399963E-02   4.4391864E-03  -1.5022136E-01  -5.2251447E-04   7.7794154E-03  -1.6724564E-04  -1.7113161E-02  -1.5856588E-05   9.4840097E-05
  2.1977145E-06  -1.3778822E-05   1.1138152E-06   4.7880617E-05   9.2799255E-05   9.6593535E-05   3.4021482E-07  -9.9366045E-02   9.0661697E-01   2.9517867E-01  -2.4256504E-01  -4.7752190E-02   1.1356734E-02   4.4391864E-03   8.3359887E-02   4.2196070E-02   9.0709436E-04   4.4196986E-04   4.3328650E-04   2.8034941E-04   1.2544743E-05  -1.9193769E-05
 -4.5566288E-05   6.8843273E-05  -3.5179204E-06  -6.1345461E-04  -2.0393918E-03  -2.1852454E-03  -1.7641239E-05   1.0994862E+01  -8.4356578E+00  -6.9531491E+00  -3.0126434E+00  -3.4876745E+00  -1.0505352E-01  -1.5022136E-01   4.2196070E-02   7.4895880E+00  -7.6082564E-03  -1.2893045E-03   2.9644764E-04  -4.5723813E-02  -3.1894109E-04   1.3459683E-06
  1.1107594E-07  -3.1275155E-06  -5.9445725E-07   3.3573020E-05   2.5627406E-05   2.7714879E-05  -9.3511775E-06  -2.3515389E-01  -2.8902805E-02  -1.0067328E-02   2.8428284E-03   3.0282739E-04   6.7607789E-04  -5.2251447E-04   9.0709436E-04  -7.6082564E-03   3.8615577E-02   3.0281533E-03  -2.9495057E-04   5.9427716E-04   3.7816360E-05  -1.0660202E-05
 -8.4494202E-07   7.1854449E-06   4.3545955E-07  -5.8324865E-06  -7.6136053E-05  -3.6591900E-05   5.9589302E-06   3.0517561E-01  -2.1127705E-01  -2.7627401E-01   1.6923705E-01  -6.4038508E-03  -1.5643204E-03   7.7794154E-03   4.4196986E-04  -1.2893045E-03   3.0281533E-03   3.0581063E-02  -6.9310155E-04   4.5822731E-03  -8.2479133E-05  -4.0576397E-05
  1.0260989E-06  -9.7476108E-07  -2.5748909E-07  -2.0144632E-06   2.1251733E-05   3.3529891E-05   8.0147061E-06  -3.0223705E-01   2.2463464E-02   5.4519141E-01  -4.5295079E-01   1.4300493E-02  -2.5228824E-03  -1.6724564E-04   4.3328650E-04   2.9644764E-04  -2.9495057E-04  -6.9310155E-04   1.0657265E-02   8.4798859E-03   4.3057349E-06   5.9627715E-05
 -1.9029040E-07   1.1813071E-06   8.6844905E-08  -1.0760151E-05  -3.9101231E-05  -1.6141948E-05  -6.8195140E-06  -2.5031295E-01   7.2786386E-02  -7.9560651E-03  -1.1300169E-01   5.1073083E-02   5.0877220E-03  -1.7113161E-02   2.8034941E-04  -4.5723813E-02   5.9427716E-04   4.5822731E-03   8.4798859E-03   2.5987864E-02  -2.5862034E-06   6.1336613E-05
  2.5955034E-09  -6.1084517E-08  -6.1325876E-10  -9.6275015E-08   3.1157613E-07  -2.1761359E-07  -3.1636357E-09   6.4461815E-03   7.3459558E-04   1.9090912E-03  -7.4286072E-04   4.3357143E-04   1.9848963E-05  -1.5856588E-05   1.2544743E-05  -3.1894109E-04   3.7816360E-05  -8.2479133E-05   4.3057349E-06  -2.5862034E-06   1.1115207E-06   2.2353542E-08
 -1.2412860E-08   2.6209280E-10  -6.0086323E-09  -3.2838016E-07  -8.0393061E-07  -3.9213371E-07  -5.1134425E-08   2.7662161E-03   6.7590633E-04  -7.9710637E-03   3.3182866E-03  -1.0071632E-04  -3.6366599E-05   9.4840097E-05  -1.9193769E-05   1.3459683E-06  -1.0660202E-05  -4.0576397E-05   5.9627715E-05   6.1336613E-05   2.2353542E-08   2.3680382E-06
