# omegabh2 omegach2 theta tau nnu logA ns calPlanck aps100 aps143 aps217 acib217 asz143 psr cibr xi aksz dust100 dust143 dust217 dust143x217 cal0 cal2 calTE calEE
  4.8589634E-08   4.0311007E-07  -4.1516627E-08   3.4338514E-07   3.5182983E-05   1.9802017E-06   1.5660599E-06   3.1305015E-08   4.4718917E-04   1.7358065E-04  -1.9359086E-05   6.9418964E-05  -1.2940514E-05  -5.9058167E-07   1.5436623E-07  -1.3450757E-06   3.6151375E-05   9.0193631E-07  -4.1566014E-07  -6.5717549E-08   6.7093711E-07   1.0401505E-08   5.7992489E-09   1.5889649E-07   2.2137318E-07
  4.0311007E-07   1.0704415E-05  -1.1889377E-06  -7.0851061E-07   6.7675278E-04   2.7118549E-05   2.1910225E-05  -2.8563311E-07   1.7489927E-02   9.9000032E-03  -2.8153503E-03   4.3387090E-03  -6.6459343E-04  -4.0904464E-05   7.0172759E-05  -4.6837026E-05   1.3822028E-03   1.6049448E-05   2.1180162E-05  -1.3352540E-05   2.2401172E-05  -1.6569082E-08   3.2816454E-07   4.1314827E-06   8.2148779E-06
 -4.1516627E-08  -1.1889377E-06   2.1937161E-07   7.5078241E-08  -7.7967509E-05  -2.9605858E-06  -2.5227945E-06   2.8189633E-08  -2.1037391E-03  -1.1208329E-03   4.1791773E-04  -5.4077643E-04   7.7564628E-05   4.9979030E-06  -9.1751357E-06   6.2193735E-06  -1.4898775E-04  -1.4317657E-06  -3.9576717E-06   1.6993194E-06  -2.8910755E-06   8.4769116E-09  -3.4938580E-08  -5.2696762E-07  -9.5592534E-07
  3.4338514E-07  -7.0851061E-07   7.5078241E-08   4.0161318E-05   1.5451848E-04   7.7975542E-05   1.5285203E-05  -4.4953767E-07  -5.8152064E-03  -3.7291142E-03   2.2863657E-03  -1.8574523E-03   2.6553859E-04   1.9278708E-05  -3.2388808E-05  -1.2559101E-06  -1.0860871E-04   7.0254411E-06   1.2396787E-06  -2.4185114E-06  -1.1222880E-05   6.3564927E-08  -3.4251543E-07  -8.9161959E-08   6.2975003E-07
  3.5182983E-05   6.7675278E-04  -7.7967509E-05   1.5451848E-04   4.8928450E-02   2.1893501E-03   1.8127979E-03  -2.2883379E-06   1.1708844E+00   6.3834264E-01  -1.8223870E-01   2.8755012E-01  -4.1452238E-02  -2.6394624E-03   4.5666905E-03  -3.0728591E-03   9.1239035E-02   9.8767388E-04   1.3236842E-03  -9.2182297E-04   1.4946282E-03   2.3250812E-06   2.0648493E-05   3.2283520E-04   6.3736029E-04
  1.9802017E-06   2.7118549E-05  -2.9605858E-06   7.7975542E-05   2.1893501E-03   2.5550983E-04   9.3185345E-05   1.0350088E-05   4.0533928E-02   2.0421789E-02   5.0815164E-03   6.7501713E-03  -9.1671086E-04  -4.0602158E-05   7.8420785E-05  -1.0087323E-04   2.3337719E-03   3.5843615E-05  -4.6505143E-05  -1.5790016E-05   3.2799098E-05   8.4084116E-07   1.2975619E-07   1.1216204E-05   2.6048808E-05
  1.5660599E-06   2.1910225E-05  -2.5227945E-06   1.5285203E-05   1.8127979E-03   9.3185345E-05   8.4834237E-05   7.8367345E-07   1.9266348E-02   1.4980620E-02   1.9597883E-03   4.5588331E-03  -9.3909071E-04  -2.7669908E-05   4.6850198E-05  -7.2167361E-05   1.2797733E-03   4.7045938E-05   1.9395144E-05  -6.3956154E-06   3.9878330E-05  -1.7899119E-07   4.0757376E-07   1.2137424E-05   2.1353487E-05
  3.1305015E-08  -2.8563311E-07   2.8189633E-08  -4.4953767E-07  -2.2883379E-06   1.0350088E-05   7.8367345E-07   6.0028208E-06   2.3379816E-03   1.4670046E-04   1.7279433E-03   3.7893437E-04   1.1152794E-04   2.5520592E-06   3.4700976E-06  -4.6487694E-06  -1.6691640E-04  -2.5571879E-06  -5.4135531E-06   7.2500570E-06   3.5417680E-07   1.9107727E-08  -4.2742084E-08  -3.4210091E-07  -2.9550208E-07
  4.4718917E-04   1.7489927E-02  -2.1037391E-03  -5.8152064E-03   1.1708844E+00   4.0533928E-02   1.9266348E-02   2.3379816E-03   6.4014115E+02   7.9819666E+01  -5.5105631E+01   3.4483700E+01  -2.5911311E+01  -1.0260927E+00   1.7456022E-01  -1.5655273E-01   1.2501288E+01  -3.0208547E-01   2.0454669E-01  -2.4002308E-01  -2.4397762E-01   7.1649900E-03   3.3999384E-03   7.3206104E-03   2.3220467E-02
  1.7358065E-04   9.9000032E-03  -1.1208329E-03  -3.7291142E-03   6.3834264E-01   2.0421789E-02   1.4980620E-02   1.4670046E-04   7.9819666E+01   7.5519901E+01   4.3317656E+00   1.1230637E+01  -1.0572878E+00  -9.9394758E-02   5.5118708E-01   8.8850089E-01  -6.9212045E+00  -4.3443039E-02  -2.2083840E-01   3.1943439E-02   6.8199523E-02   1.0187809E-03   1.0183906E-03   5.6879985E-03   1.2528068E-02
 -1.9359086E-05  -2.8153503E-03   4.1791773E-04   2.2863657E-03  -1.8223870E-01   5.0815164E-03   1.9597883E-03   1.7279433E-03  -5.5105631E+01   4.3317656E+00   1.6200370E+02  -7.6852635E+01   2.9712455E+00   3.2714205E-01  -9.7862613E-01   3.3542923E-01  -7.0381383E+00  -5.4208010E-03  -2.3467510E-01   5.0370244E-01  -5.2075039E-02   1.5932378E-03  -7.3123194E-03   8.8972943E-04  -1.2657742E-03
  6.9418964E-05   4.3387090E-03  -5.4077643E-04  -1.8574523E-03   2.8755012E-01   6.7501713E-03   4.5588331E-03   3.7893437E-04   3.4483700E+01   1.1230637E+01  -7.6852635E+01   4.9856732E+01   1.3121726E+00  -4.2187803E-02   7.2139141E-01  -2.3613183E-01  -2.3925769E+00   4.0785191E-03   1.5780917E-01  -4.3787167E-01  -9.7118711E-02  -5.0236148E-04   2.8623157E-03   1.4392403E-03   4.2574658E-03
 -1.2940514E-05  -6.6459343E-04   7.7564628E-05   2.6553859E-04  -4.1452238E-02  -9.1671086E-04  -9.3909071E-04   1.1152794E-04  -2.5911311E+01  -1.0572878E+00   2.9712455E+00   1.3121726E+00   4.2932169E+00   1.1272563E-01   1.4249118E-01  -3.0552595E-02  -3.4922791E+00   2.1642393E-03  -1.8474811E-03   6.2051352E-03   5.0299858E-02   4.4678981E-04  -3.2984724E-04  -3.2936595E-04  -8.3754361E-04
 -5.9058167E-07  -4.0904464E-05   4.9979030E-06   1.9278708E-05  -2.6394624E-03  -4.0602158E-05  -2.7669908E-05   2.5520592E-06  -1.0260927E+00  -9.9394758E-02   3.2714205E-01  -4.2187803E-02   1.1272563E-01   1.7384971E-02  -1.7503883E-02   1.1258114E-02  -1.0830704E-01  -1.8677183E-04  -1.2494048E-03  -3.0319651E-03   4.8709869E-03   1.6911611E-05  -4.1403622E-05   1.2213116E-06  -3.9791716E-05
  1.5436623E-07   7.0172759E-05  -9.1751357E-06  -3.2388808E-05   4.5666905E-03   7.8420785E-05   4.6850198E-05   3.4700976E-06   1.7456022E-01   5.5118708E-01  -9.7862613E-01   7.2139141E-01   1.4249118E-01  -1.7503883E-02   7.0323226E-02   5.0738368E-03  -1.5234236E-01   7.7577612E-04   7.7348182E-03  -4.6806415E-04  -1.7984876E-02  -7.7335290E-06   8.6003532E-05   2.8710497E-06   7.4086314E-05
 -1.3450757E-06  -4.6837026E-05   6.2193735E-06  -1.2559101E-06  -3.0728591E-03  -1.0087323E-04  -7.2167361E-05  -4.6487694E-06  -1.5655273E-01   8.8850089E-01   3.3542923E-01  -2.3613183E-01  -3.0552595E-02   1.1258114E-02   5.0738368E-03   8.2699995E-02   2.8284122E-02  -1.2134823E-03  -5.5912483E-04   4.5469106E-04  -2.9279064E-04   1.8146804E-05  -1.3417374E-05   5.1868643E-07  -9.8068771E-06
  3.6151375E-05   1.3822028E-03  -1.4898775E-04  -1.0860871E-04   9.1239035E-02   2.3337719E-03   1.2797733E-03  -1.6691640E-04   1.2501288E+01  -6.9212045E+00  -7.0381383E+00  -2.3925769E+00  -3.4922791E+00  -1.0830704E-01  -1.5234236E-01   2.8284122E-02   7.3812599E+00   9.7691473E-04  -5.5692980E-03   2.4417515E-03  -3.7152543E-02  -3.8118649E-04   1.8737708E-04   3.7122980E-04   1.2738433E-03
  9.0193631E-07   1.6049448E-05  -1.4317657E-06   7.0254411E-06   9.8767388E-04   3.5843615E-05   4.7045938E-05  -2.5571879E-06  -3.0208547E-01  -4.3443039E-02  -5.4208010E-03   4.0785191E-03   2.1642393E-03  -1.8677183E-04   7.7577612E-04  -1.2134823E-03   9.7691473E-04   3.8074535E-02   2.8273762E-03   1.1020501E-05   3.5103489E-04   3.2126403E-05  -6.7265809E-06  -5.1760592E-06  -1.2525356E-05
 -4.1566014E-07   2.1180162E-05  -3.9576717E-06   1.2396787E-06   1.3236842E-03  -4.6505143E-05   1.9395144E-05  -5.4135531E-06   2.0454669E-01  -2.2083840E-01  -2.3467510E-01   1.5780917E-01  -1.8474811E-03  -1.2494048E-03   7.7348182E-03  -5.5912483E-04  -5.5692980E-03   2.8273762E-03   3.0998820E-02  -9.4622408E-04   4.6897071E-03  -8.0685871E-05  -4.9396129E-05  -5.5482953E-05  -3.0757661E-05
 -6.5717549E-08  -1.3352540E-05   1.6993194E-06  -2.4185114E-06  -9.2182297E-04  -1.5790016E-05  -6.3956154E-06   7.2500570E-06  -2.4002308E-01   3.1943439E-02   5.0370244E-01  -4.3787167E-01   6.2051352E-03  -3.0319651E-03  -4.6806415E-04   4.5469106E-04   2.4417515E-03   1.1020501E-05  -9.4622408E-04   1.0788847E-02   8.5693412E-03   3.2273953E-06   6.7330726E-05  -7.4015685E-06  -1.7402270E-05
  6.7093711E-07   2.2401172E-05  -2.8910755E-06  -1.1222880E-05   1.4946282E-03   3.2799098E-05   3.9878330E-05   3.5417680E-07  -2.4397762E-01   6.8199523E-02  -5.2075039E-02  -9.7118711E-02   5.0299858E-02   4.8709869E-03  -1.7984876E-02  -2.9279064E-04  -3.7152543E-02   3.5103489E-04   4.6897071E-03   8.5693412E-03   2.6174711E-02  -1.3726130E-06   6.2963656E-05  -3.6380814E-06   1.2162802E-05
  1.0401505E-08  -1.6569082E-08   8.4769116E-09   6.3564927E-08   2.3250812E-06   8.4084116E-07  -1.7899119E-07   1.9107727E-08   7.1649900E-03   1.0187809E-03   1.5932378E-03  -5.0236148E-04   4.4678981E-04   1.6911611E-05  -7.7335290E-06   1.8146804E-05  -3.8118649E-04   3.2126403E-05  -8.0685871E-05   3.2273953E-06  -1.3726130E-06   1.1109830E-06   2.7071116E-08   2.6641111E-07   5.5477060E-07
  5.7992489E-09   3.2816454E-07  -3.4938580E-08  -3.4251543E-07   2.0648493E-05   1.2975619E-07   4.0757376E-07  -4.2742084E-08   3.3999384E-03   1.0183906E-03  -7.3123194E-03   2.8623157E-03  -3.2984724E-04  -4.1403622E-05   8.6003532E-05  -1.3417374E-05   1.8737708E-04  -6.7265809E-06  -4.9396129E-05   6.7330726E-05   6.2963656E-05   2.7071116E-08   2.5178815E-06   3.2753678E-07   3.1169706E-07
  1.5889649E-07   4.1314827E-06  -5.2696762E-07  -8.9161959E-08   3.2283520E-04   1.1216204E-05   1.2137424E-05  -3.4210091E-07   7.3206104E-03   5.6879985E-03   8.8972943E-04   1.4392403E-03  -3.2936595E-04   1.2213116E-06   2.8710497E-06   5.1868643E-07   3.7122980E-04  -5.1760592E-06  -5.5482953E-05  -7.4015685E-06  -3.6380814E-06   2.6641111E-07   3.2753678E-07   2.6180687E-05   1.1915414E-05
  2.2137318E-07   8.2148779E-06  -9.5592534E-07   6.2975003E-07   6.3736029E-04   2.6048808E-05   2.1353487E-05  -2.9550208E-07   2.3220467E-02   1.2528068E-02  -1.2657742E-03   4.2574658E-03  -8.3754361E-04  -3.9791716E-05   7.4086314E-05  -9.8068771E-06   1.2738433E-03  -1.2525356E-05  -3.0757661E-05  -1.7402270E-05   1.2162802E-05   5.5477060E-07   3.1169706E-07   1.1915414E-05   3.1612523E-05
