# omegabh2 omegach2 theta tau logA ns nrun acib217 xi asz143 aps100 aps143 aps143217 aps217 aksz kgal100 kgal143 kgal143217 kgal217 galfEE100 galfEE100143 galfEE100217 galfEE143 galfEE143217 galfEE217 galfTE100 galfTE100143 galfTE100217 galfTE143 galfTE143217 galfTE217 cal0 cal2 calPlanck
    0.2751515E-07   -0.1365589E-06    0.2073619E-07    0.1003003E-05    0.1865998E-05    0.3144492E-06   -0.4662108E-06   -0.5442945E-04    0.4634585E-06    0.7933750E-05   -0.1517848E-03   -0.1275308E-03   -0.6626581E-04   -0.6261092E-05   -0.1259742E-04    0.3076852E-05   -0.6995963E-05   -0.1193662E-04    0.3579380E-05    0.9596521E-07    0.1024974E-06    0.4933896E-08    0.1291511E-06    0.1575118E-06   -0.4137695E-07   -0.1815305E-06   -0.1063110E-06   -0.1896140E-06   -0.3488287E-06   -0.6860488E-06   -0.2770536E-05    0.4811479E-08   -0.4458065E-08    0.6746755E-08
   -0.1365589E-06    0.2118063E-05   -0.1891721E-06   -0.8354289E-05   -0.1175298E-04   -0.5196530E-05   -0.1634220E-06    0.4275884E-03   -0.8081665E-05   -0.1083742E-03    0.1624573E-02    0.1253375E-02    0.5422802E-03    0.1775884E-03    0.1557493E-03   -0.1154204E-04    0.2244110E-04    0.7199338E-04   -0.2859667E-05   -0.7249613E-06   -0.7870190E-06   -0.6025263E-06   -0.9009636E-06   -0.1170572E-05   -0.3438738E-06    0.1403197E-05    0.2625557E-06    0.8602756E-06    0.1909000E-05    0.4296333E-05    0.1906689E-04    0.3152503E-08    0.6177118E-07   -0.1305697E-06
    0.2073619E-07   -0.1891721E-06    0.1027898E-06    0.1047531E-05    0.1777515E-05    0.5903355E-06   -0.5535867E-07   -0.2202898E-04    0.2568006E-06    0.1008357E-04   -0.1370688E-03   -0.1027573E-03   -0.6231973E-04   -0.3774757E-04   -0.1441014E-04    0.5040773E-05   -0.7179408E-05   -0.1329764E-04   -0.1099954E-05    0.8121998E-07    0.7724811E-07    0.7095748E-07    0.9123063E-07   -0.8125812E-07    0.1896080E-07   -0.2292392E-06   -0.2387501E-06   -0.4150750E-06   -0.5556464E-06   -0.6607175E-06   -0.2236777E-05   -0.2688045E-08   -0.3248989E-08    0.2344702E-07
    0.1003003E-05   -0.8354289E-05    0.1047531E-05    0.2678432E-03    0.5179031E-03    0.2712828E-04   -0.2141017E-04   -0.8919795E-02    0.1789441E-03    0.1197196E-02   -0.3234594E-01   -0.9690595E-02    0.1936745E-02    0.8218254E-02   -0.2988547E-02   -0.4153714E-03   -0.1164375E-02   -0.2213374E-02   -0.7089551E-03    0.3763373E-05    0.5445181E-05    0.1730525E-05    0.5833871E-05    0.5309733E-06   -0.4267147E-04   -0.1052496E-04   -0.2678495E-05   -0.1064663E-04   -0.3004537E-04   -0.3180958E-04   -0.1200923E-03    0.6904740E-08   -0.1125870E-05   -0.1375716E-05
    0.1865998E-05   -0.1175298E-04    0.1777515E-05    0.5179031E-03    0.1042994E-02    0.3927446E-04   -0.5676398E-04   -0.1477825E-01    0.3495799E-03    0.1815485E-02   -0.4886334E-01   -0.1163803E-01    0.7905862E-02    0.2081491E-01   -0.5740223E-02   -0.1084216E-02   -0.2696472E-02   -0.4345677E-02   -0.1851318E-03    0.8020763E-05    0.1107214E-04    0.1447107E-05    0.1290718E-04   -0.3415038E-05   -0.8848244E-04   -0.1762229E-04   -0.5317563E-05   -0.2104680E-04   -0.5578280E-04   -0.6230452E-04   -0.2007315E-03    0.2725749E-06   -0.2039874E-05    0.9367361E-05
    0.3144492E-06   -0.5196530E-05    0.5903355E-06    0.2712828E-04    0.3927446E-04    0.2308229E-04    0.8095898E-05   -0.6458131E-02    0.1626047E-03    0.1261797E-02   -0.2874713E-01   -0.9028259E-02    0.2081132E-02    0.6133886E-02   -0.2787524E-02    0.2152272E-03   -0.2918273E-03   -0.9339078E-03    0.4452296E-03    0.2443724E-05    0.2661228E-05    0.1459522E-05    0.2921998E-05    0.1580912E-05    0.1283108E-05   -0.3223438E-05   -0.1935574E-06   -0.3081347E-05   -0.6511324E-05   -0.1412395E-04   -0.4460424E-04   -0.1732984E-06   -0.6225591E-06    0.5270462E-06
   -0.4662108E-06   -0.1634220E-06   -0.5535867E-07   -0.2141017E-04   -0.5676398E-04    0.8095898E-05    0.6904432E-04   -0.1077788E-01    0.2483572E-03    0.2369415E-02   -0.4222051E-01   -0.1748650E-01    0.8718672E-03    0.7636729E-02   -0.3814963E-02   -0.4649299E-03   -0.5460911E-03   -0.1149213E-02    0.1223079E-02   -0.5877082E-05   -0.6886563E-05   -0.6001659E-06   -0.7688457E-05   -0.1790855E-07    0.5610238E-05   -0.1408123E-05    0.2702199E-05    0.1297505E-05    0.7585343E-05    0.1050555E-04    0.3512344E-04   -0.7594421E-07   -0.1090641E-05    0.5588276E-06
   -0.5442945E-04    0.4275884E-03   -0.2202898E-04   -0.8919795E-02   -0.1477825E-01   -0.6458131E-02   -0.1077788E-01    0.4486455E+02   -0.5339181E+00   -0.2023020E+01    0.4754368E+02    0.2242284E+01   -0.2201254E+02   -0.6226994E+02    0.1117990E+01    0.8690782E-01    0.1144821E+00   -0.1907091E+01   -0.1866395E+02    0.5998883E-03    0.3767233E-03    0.3775180E-02    0.1064438E-02    0.1438982E-02    0.2921467E-02    0.4315843E-03    0.2205743E-04   -0.5541106E-02   -0.9017445E-04   -0.3492910E-02   -0.1200564E-01   -0.3364349E-03    0.4498971E-02    0.7561787E-03
    0.4634585E-06   -0.8081665E-05    0.2568006E-06    0.1789441E-03    0.3495799E-03    0.1626047E-03    0.2483572E-03   -0.5339181E+00    0.8099695E-01   -0.5757516E-01   -0.6874797E+00    0.9744701E+00    0.1924706E+01    0.8185662E+00    0.4381507E-01   -0.5107819E-02    0.4263987E-03    0.1079036E+00    0.1260198E+00   -0.2692636E-05   -0.1472269E-04   -0.2884908E-04   -0.1333249E-04    0.3224598E-04   -0.1504855E-03   -0.1850277E-04    0.1057480E-04    0.1458081E-03    0.4392582E-04    0.1731933E-03    0.3956529E-03    0.6186086E-05   -0.2024822E-04    0.4582339E-05
    0.7933750E-05   -0.1083742E-03    0.1008357E-04    0.1197196E-02    0.1815485E-02    0.1261797E-02    0.2369415E-02   -0.2023020E+01   -0.5757516E-01    0.3632568E+01   -0.2957689E+02   -0.4373949E+01    0.7366328E+01    0.6611618E+01   -0.2424487E+01   -0.1653428E+00   -0.1065998E-01    0.2076475E+01    0.1904908E+01   -0.5275166E-04   -0.1272628E-03    0.3362606E-03    0.4011402E-05   -0.2773366E-05    0.1905441E-02    0.4607548E-04    0.6046760E-03   -0.7731036E-04    0.5272402E-03   -0.1321530E-02   -0.1630162E-02    0.1729196E-03   -0.3907305E-03    0.6892498E-04
   -0.1517848E-03    0.1624573E-02   -0.1370688E-03   -0.3234594E-01   -0.4886334E-01   -0.2874713E-01   -0.4222051E-01    0.4754368E+02   -0.6874797E+00   -0.2957689E+02    0.7790645E+03    0.7463502E+02   -0.6198795E+02   -0.7407942E+02    0.1433100E+02   -0.3586449E+01    0.3708570E+01   -0.9774293E+01   -0.1516188E+02   -0.2314750E-03    0.2194920E-02    0.1210353E-02   -0.2355611E-03    0.6379470E-02   -0.6873702E-03   -0.3314889E-02   -0.8054619E-02    0.7239784E-02    0.8584475E-02    0.1522052E-01    0.3734429E-01    0.5863727E-02    0.4685231E-02    0.3237502E-02
   -0.1275308E-03    0.1253375E-02   -0.1027573E-03   -0.9690595E-02   -0.1163803E-01   -0.9028259E-02   -0.1748650E-01    0.2242284E+01    0.9744701E+00   -0.4373949E+01    0.7463502E+02    0.6381412E+02    0.4416163E+02    0.1602977E+02   -0.3178486E+01   -0.1784973E+00   -0.9299402E+00    0.4229911E+01    0.3973141E+01    0.4263443E-03    0.5766615E-03    0.1295241E-02    0.2128033E-04   -0.1236386E-02    0.6803854E-04    0.2394045E-03   -0.2566128E-03    0.2470745E-02    0.5552267E-02    0.8948756E-02    0.2426297E-01    0.6442920E-04    0.4238563E-03    0.3815012E-03
   -0.6626581E-04    0.5422802E-03   -0.6231973E-04    0.1936745E-02    0.7905862E-02    0.2081132E-02    0.8718672E-03   -0.2201254E+02    0.1924706E+01    0.7366328E+01   -0.6198795E+02    0.4416163E+02    0.9912737E+02    0.6644533E+02   -0.1082462E+02   -0.5874641E+00   -0.5444259E+00    0.4498323E+01    0.5418272E+01    0.1145879E-04   -0.1491608E-03    0.4681826E-03   -0.3869310E-03   -0.2605925E-02    0.2150866E-02    0.1648083E-03    0.1169805E-02    0.9375077E-02    0.5448597E-02    0.1143579E-01    0.2530266E-01    0.6673973E-03   -0.2556831E-02    0.3753838E-03
   -0.6261092E-05    0.1775884E-03   -0.3774757E-04    0.8218254E-02    0.2081491E-01    0.6133886E-02    0.7636729E-02   -0.6226994E+02    0.8185662E+00    0.6611618E+01   -0.7407942E+02    0.1602977E+02    0.6644533E+02    0.1210866E+03   -0.9799802E+01   -0.4826143E+00   -0.4659474E+00   -0.7329447E+00    0.1524885E+02   -0.2756497E-03    0.1188177E-03   -0.4906940E-02   -0.1205757E-02   -0.3740359E-02   -0.2573725E-03   -0.1296260E-02   -0.6883339E-03    0.1023181E-01    0.2550627E-02    0.1179014E-01    0.2994655E-01    0.7444643E-03   -0.7761616E-02    0.1138957E-02
   -0.1259742E-04    0.1557493E-03   -0.1441014E-04   -0.2988547E-02   -0.5740223E-02   -0.2787524E-02   -0.3814963E-02    0.1117990E+01    0.4381507E-01   -0.2424487E+01    0.1433100E+02   -0.3178486E+01   -0.1082462E+02   -0.9799802E+01    0.5428737E+01    0.1106618E+00    0.1053986E-01   -0.1521850E+01   -0.1471486E+01    0.5334552E-04    0.5427205E-04   -0.4350060E-03    0.1899368E-03    0.3487565E-03   -0.2019035E-02    0.5015955E-03   -0.4618676E-03    0.1294165E-02   -0.1217265E-02    0.9267625E-03    0.1683871E-02   -0.8288772E-04    0.2327430E-03   -0.9748648E-04
    0.3076852E-05   -0.1154204E-04    0.5040773E-05   -0.4153714E-03   -0.1084216E-02    0.2152272E-03   -0.4649299E-03    0.8690782E-01   -0.5107819E-02   -0.1653428E+00   -0.3586449E+01   -0.1784973E+00   -0.5874641E+00   -0.4826143E+00    0.1106618E+00    0.3483358E+01    0.4391105E+00    0.1632200E+00    0.2198396E+00    0.5817897E-04    0.9566604E-04   -0.8612460E-03    0.9600876E-04    0.1331488E-03   -0.4789862E-03   -0.5547586E-04   -0.1213722E-03    0.2988595E-02   -0.1159853E-02    0.2998677E-03    0.3021504E-02    0.2994706E-03   -0.6999658E-05   -0.5695424E-04
   -0.6995963E-05    0.2244110E-04   -0.7179408E-05   -0.1164375E-02   -0.2696472E-02   -0.2918273E-03   -0.5460911E-03    0.1144821E+00    0.4263987E-03   -0.1065998E-01    0.3708570E+01   -0.9299402E+00   -0.5444259E+00   -0.4659474E+00    0.1053986E-01    0.4391105E+00    0.3316936E+01    0.2543442E+01    0.1807615E+01    0.7180865E-04    0.1418355E-03   -0.7604742E-03    0.2132286E-03    0.8866060E-03   -0.5660444E-03    0.1258808E-03    0.1080447E-03    0.9848377E-04    0.6405373E-03    0.3635614E-03    0.6069229E-03   -0.2804135E-03   -0.2103396E-03   -0.1473724E-05
   -0.1193662E-04    0.7199338E-04   -0.1329764E-04   -0.2213374E-02   -0.4345677E-02   -0.9339078E-03   -0.1149213E-02   -0.1907091E+01    0.1079036E+00    0.2076475E+01   -0.9774293E+01    0.4229911E+01    0.4498323E+01   -0.7329447E+00   -0.1521850E+01    0.1632200E+00    0.2543442E+01    0.1709717E+02    0.2564324E+02    0.2716073E-04   -0.1767884E-04   -0.9703208E-03    0.2984011E-03    0.3544875E-03    0.1609401E-02   -0.4526165E-04    0.2263960E-02   -0.3787622E-02    0.5239586E-02   -0.1715701E-02    0.9914144E-03   -0.2558596E-04    0.2570860E-02    0.6122975E-04
    0.3579380E-05   -0.2859667E-05   -0.1099954E-05   -0.7089551E-03   -0.1851318E-03    0.4452296E-03    0.1223079E-02   -0.1866395E+02    0.1260198E+00    0.1904908E+01   -0.1516188E+02    0.3973141E+01    0.5418272E+01    0.1524885E+02   -0.1471486E+01    0.2198396E+00    0.1807615E+01    0.2564324E+02    0.5446620E+02   -0.6161872E-04    0.1052500E-03   -0.2953874E-02    0.2992458E-03   -0.1072690E-02    0.4664269E-02   -0.3409618E-03    0.4242555E-02   -0.3994977E-02    0.1108168E-01   -0.1936262E-02   -0.3402485E-02    0.6307221E-04    0.4549706E-02    0.7409511E-03
    0.9596521E-07   -0.7249613E-06    0.8121998E-07    0.3763373E-05    0.8020763E-05    0.2443724E-05   -0.5877082E-05    0.5998883E-03   -0.2692636E-05   -0.5275166E-04   -0.2314750E-03    0.4263443E-03    0.1145879E-04   -0.2756497E-03    0.5334552E-04    0.5817897E-04    0.7180865E-04    0.2716073E-04   -0.6161872E-04    0.3207743E-04    0.9075804E-05   -0.1015021E-05    0.3621551E-05   -0.1295542E-05   -0.3985193E-05    0.2001194E-06   -0.2583738E-05    0.3320296E-05   -0.4005887E-05   -0.3110273E-05   -0.1207134E-04   -0.6303787E-07    0.5881166E-07    0.7429960E-06
    0.1024974E-06   -0.7870190E-06    0.7724811E-07    0.5445181E-05    0.1107214E-04    0.2661228E-05   -0.6886563E-05    0.3767233E-03   -0.1472269E-04   -0.1272628E-03    0.2194920E-02    0.5766615E-03   -0.1491608E-03    0.1188177E-03    0.5427205E-04    0.9566604E-04    0.1418355E-03   -0.1767884E-04    0.1052500E-03    0.9075804E-05    0.2552732E-04   -0.3204694E-06    0.1307748E-04    0.2290816E-05    0.8273411E-05   -0.1429497E-05   -0.1662325E-05   -0.1089645E-05   -0.5445204E-05   -0.4810764E-05   -0.1624655E-04   -0.5468047E-07    0.6216334E-07    0.5965182E-06
    0.4933896E-08   -0.6025263E-06    0.7095748E-07    0.1730525E-05    0.1447107E-05    0.1459522E-05   -0.6001659E-06    0.3775180E-02   -0.2884908E-04    0.3362606E-03    0.1210353E-02    0.1295241E-02    0.4681826E-03   -0.4906940E-02   -0.4350060E-03   -0.8612460E-03   -0.7604742E-03   -0.9703208E-03   -0.2953874E-02   -0.1015021E-05   -0.3204694E-06    0.1057496E-02    0.1968931E-05    0.8973514E-05    0.1943001E-04   -0.2651299E-05    0.7140901E-05    0.3597213E-05    0.9555511E-05    0.2767368E-04    0.3756825E-04   -0.1626234E-06   -0.4140834E-08   -0.1969875E-07
    0.1291511E-06   -0.9009636E-06    0.9123063E-07    0.5833871E-05    0.1290718E-04    0.2921998E-05   -0.7688457E-05    0.1064438E-02   -0.1333249E-04    0.4011402E-05   -0.2355611E-03    0.2128033E-04   -0.3869310E-03   -0.1205757E-02    0.1899368E-03    0.9600876E-04    0.2132286E-03    0.2984011E-03    0.2992458E-03    0.3621551E-05    0.1307748E-04    0.1968931E-05    0.4817617E-04   -0.3833412E-06    0.9619613E-05   -0.1455586E-05   -0.3684994E-05   -0.8534897E-06   -0.5547885E-05   -0.6746417E-05    0.7364099E-06   -0.3527043E-07    0.1468558E-06    0.1168048E-05
    0.1575118E-06   -0.1170572E-05   -0.8125812E-07    0.5309733E-06   -0.3415038E-05    0.1580912E-05   -0.1790855E-07    0.1438982E-02    0.3224598E-04   -0.2773366E-05    0.6379470E-02   -0.1236386E-02   -0.2605925E-02   -0.3740359E-02    0.3487565E-03    0.1331488E-03    0.8866060E-03    0.3544875E-03   -0.1072690E-02   -0.1295542E-05    0.2290816E-05    0.8973514E-05   -0.3833412E-06    0.2149784E-02    0.1560343E-03    0.1325645E-04    0.1310742E-04    0.1180335E-04    0.1901934E-04    0.3376450E-04   -0.1702610E-04   -0.3195773E-06    0.1740168E-06   -0.4865944E-06
   -0.4137695E-07   -0.3438738E-06    0.1896080E-07   -0.4267147E-04   -0.8848244E-04    0.1283108E-05    0.5610238E-05    0.2921467E-02   -0.1504855E-03    0.1905441E-02   -0.6873702E-03    0.6803854E-04    0.2150866E-02   -0.2573725E-03   -0.2019035E-02   -0.4789862E-03   -0.5660444E-03    0.1609401E-02    0.4664269E-02   -0.3985193E-05    0.8273411E-05    0.1943001E-04    0.9619613E-05    0.1560343E-03    0.1661324E-01    0.1738544E-04    0.2618013E-04   -0.3437925E-04    0.1122514E-03    0.1066240E-03    0.5019055E-03   -0.8420580E-06    0.1609174E-05    0.1107791E-05
   -0.1815305E-06    0.1403197E-05   -0.2292392E-06   -0.1052496E-04   -0.1762229E-04   -0.3223438E-05   -0.1408123E-05    0.4315843E-03   -0.1850277E-04    0.4607548E-04   -0.3314889E-02    0.2394045E-03    0.1648083E-03   -0.1296260E-02    0.5015955E-03   -0.5547586E-04    0.1258808E-03   -0.4526165E-04   -0.3409618E-03    0.2001194E-06   -0.1429497E-05   -0.2651299E-05   -0.1455586E-05    0.1325645E-04    0.1738544E-04    0.1398119E-02    0.2817264E-03    0.6647406E-04   -0.3872975E-03   -0.8907895E-04   -0.7339391E-04   -0.4749553E-07    0.2418568E-06   -0.7432876E-07
   -0.1063110E-06    0.2625557E-06   -0.2387501E-06   -0.2678495E-05   -0.5317563E-05   -0.1935574E-06    0.2702199E-05    0.2205743E-04    0.1057480E-04    0.6046760E-03   -0.8054619E-02   -0.2566128E-03    0.1169805E-02   -0.6883339E-03   -0.4618676E-03   -0.1213722E-03    0.1080447E-03    0.2263960E-02    0.4242555E-02   -0.2583738E-05   -0.1662325E-05    0.7140901E-05   -0.3684994E-05    0.1310742E-04    0.2618013E-04    0.2817264E-03    0.8461710E-03    0.2967752E-04    0.7583463E-03    0.6493671E-04   -0.6715486E-03   -0.1959758E-06    0.5700073E-06    0.4162951E-06
   -0.1896140E-06    0.8602756E-06   -0.4150750E-06   -0.1064663E-04   -0.2104680E-04   -0.3081347E-05    0.1297505E-05   -0.5541106E-02    0.1458081E-03   -0.7731036E-04    0.7239784E-02    0.2470745E-02    0.9375077E-02    0.1023181E-01    0.1294165E-02    0.2988595E-02    0.9848377E-04   -0.3787622E-02   -0.3994977E-02    0.3320296E-05   -0.1089645E-05    0.3597213E-05   -0.8534897E-06    0.1180335E-04   -0.3437925E-04    0.6647406E-04    0.2967752E-04    0.7120116E-02   -0.3040356E-03    0.6475675E-03    0.4608228E-02    0.7815570E-06   -0.1608929E-05   -0.3550614E-06
   -0.3488287E-06    0.1909000E-05   -0.5556464E-06   -0.3004537E-04   -0.5578280E-04   -0.6511324E-05    0.7585343E-05   -0.9017445E-04    0.4392582E-04    0.5272402E-03    0.8584475E-02    0.5552267E-02    0.5448597E-02    0.2550627E-02   -0.1217265E-02   -0.1159853E-02    0.6405373E-03    0.5239586E-02    0.1108168E-01   -0.4005887E-05   -0.5445204E-05    0.9555511E-05   -0.5547885E-05    0.1901934E-04    0.1122514E-03   -0.3872975E-03    0.7583463E-03   -0.3040356E-03    0.2897886E-02    0.4718472E-03   -0.9902399E-03   -0.2571789E-06    0.1212365E-05    0.1068497E-05
   -0.6860488E-06    0.4296333E-05   -0.6607175E-06   -0.3180958E-04   -0.6230452E-04   -0.1412395E-04    0.1050555E-04   -0.3492910E-02    0.1731933E-03   -0.1321530E-02    0.1522052E-01    0.8948756E-02    0.1143579E-01    0.1179014E-01    0.9267625E-03    0.2998677E-03    0.3635614E-03   -0.1715701E-02   -0.1936262E-02   -0.3110273E-05   -0.4810764E-05    0.2767368E-04   -0.6746417E-05    0.3376450E-04    0.1066240E-03   -0.8907895E-04    0.6493671E-04    0.6475675E-03    0.4718472E-03    0.6336064E-02    0.7349852E-02   -0.8331126E-07    0.5658256E-08   -0.3157440E-05
   -0.2770536E-05    0.1906689E-04   -0.2236777E-05   -0.1200923E-03   -0.2007315E-03   -0.4460424E-04    0.3512344E-04   -0.1200564E-01    0.3956529E-03   -0.1630162E-02    0.3734429E-01    0.2426297E-01    0.2530266E-01    0.2994655E-01    0.1683871E-02    0.3021504E-02    0.6069229E-03    0.9914144E-03   -0.3402485E-02   -0.1207134E-04   -0.1624655E-04    0.3756825E-04    0.7364099E-06   -0.1702610E-04    0.5019055E-03   -0.7339391E-04   -0.6715486E-03    0.4608228E-02   -0.9902399E-03    0.7349852E-02    0.6469581E-01    0.3184174E-05   -0.5517954E-05    0.1400273E-05
    0.4811479E-08    0.3152503E-08   -0.2688045E-08    0.6904740E-08    0.2725749E-06   -0.1732984E-06   -0.7594421E-07   -0.3364349E-03    0.6186086E-05    0.1729196E-03    0.5863727E-02    0.6442920E-04    0.6673973E-03    0.7444643E-03   -0.8288772E-04    0.2994706E-03   -0.2804135E-03   -0.2558596E-04    0.6307221E-04   -0.6303787E-07   -0.5468047E-07   -0.1626234E-06   -0.3527043E-07   -0.3195773E-06   -0.8420580E-06   -0.4749553E-07   -0.1959758E-06    0.7815570E-06   -0.2571789E-06   -0.8331126E-07    0.3184174E-05    0.5926809E-06   -0.1600829E-07    0.3144657E-08
   -0.4458065E-08    0.6177118E-07   -0.3248989E-08   -0.1125870E-05   -0.2039874E-05   -0.6225591E-06   -0.1090641E-05    0.4498971E-02   -0.2024822E-04   -0.3907305E-03    0.4685231E-02    0.4238563E-03   -0.2556831E-02   -0.7761616E-02    0.2327430E-03   -0.6999658E-05   -0.2103396E-03    0.2570860E-02    0.4549706E-02    0.5881166E-07    0.6216334E-07   -0.4140834E-08    0.1468558E-06    0.1740168E-06    0.1609174E-05    0.2418568E-06    0.5700073E-06   -0.1608929E-05    0.1212365E-05    0.5658256E-08   -0.5517954E-05   -0.1600829E-07    0.2106098E-05   -0.4221625E-07
    0.6746755E-08   -0.1305697E-06    0.2344702E-07   -0.1375716E-05    0.9367361E-05    0.5270462E-06    0.5588276E-06    0.7561787E-03    0.4582339E-05    0.6892498E-04    0.3237502E-02    0.3815012E-03    0.3753838E-03    0.1138957E-02   -0.9748648E-04   -0.5695424E-04   -0.1473724E-05    0.6122975E-04    0.7409511E-03    0.7429960E-06    0.5965182E-06   -0.1969875E-07    0.1168048E-05   -0.4865944E-06    0.1107791E-05   -0.7432876E-07    0.4162951E-06   -0.3550614E-06    0.1068497E-05   -0.3157440E-05    0.1400273E-05    0.3144657E-08   -0.4221625E-07    0.6240916E-05
