# omegabh2 omegach2 theta tau logA ns r calPlanck BBdust BBsync BBalphadust BBbetadust BBalphasync BBbetasync BBdustsynccorr aps100 aps143 aps217 acib217 asz143 psr cibr xi aksz dust100 dust143 dust217 dust143x217 cal0 cal2 calTE calEE
  2.1701924E-08  -5.3527536E-08   1.1694035E-08   2.0845408E-07   3.8259226E-07   2.0073258E-07   7.7488099E-08   1.7842194E-08  -4.6556174E-07   2.0179179E-06   5.1685215E-07  -5.8955517E-08   5.3030292E-07   7.2535854E-07   1.6313123E-07  -3.5160510E-04  -2.3798427E-04   6.5345060E-05  -1.1187181E-04   1.5591754E-05   7.9224271E-07  -2.0917654E-06   7.1169555E-07  -3.0601926E-05   1.3551408E-08  -2.2208807E-07   5.8910774E-07   4.7950440E-08   6.0354943E-10  -8.9988960E-09  -1.0200458E-07  -2.7009093E-07
 -5.3527536E-08   1.0370429E-06  -5.7983996E-08  -1.4258030E-06  -3.8074820E-07  -2.3724446E-06  -2.0301228E-06  -3.9866332E-08  -3.2981025E-06   1.1027480E-05  -5.0387269E-06   2.4315208E-07   2.1021261E-07   1.7331779E-07  -6.2753638E-07   1.5247388E-04   5.6991095E-04   2.5834848E-05   1.6187325E-04  -1.3272856E-05   3.2166754E-07   4.1691558E-06   1.4700388E-06  -3.2130383E-06  -3.0283532E-07  -1.8441674E-06  -1.8430601E-07   9.4435553E-08  -1.1057147E-08   2.1903638E-08  -1.9757177E-07  -4.6352907E-07
  1.1694035E-08  -5.7983996E-08   8.8746423E-08   2.1584458E-07   4.1675187E-07   2.7116543E-07   9.2809797E-08   2.2230199E-08   3.2329500E-06   9.7026276E-07   3.1407987E-07   1.6225204E-07   3.2006554E-07   3.8489441E-07  -2.9882405E-07  -4.6658157E-05  -6.6116336E-05   4.3832189E-05  -4.2411127E-05   3.5165438E-07  -1.7318342E-07  -7.8664015E-07  -5.4708883E-07   5.5167738E-06  -4.3720120E-07  -1.4700566E-07   4.1841575E-07   3.1510886E-08  -2.0345249E-09  -1.0525029E-09  -2.7851689E-08  -5.1853155E-09
  2.0845408E-07  -1.4258030E-06   2.1584458E-07   6.3988017E-05   1.2433583E-04   6.1222023E-06  -4.0754617E-06  -1.1163985E-07  -7.7578498E-05   1.6893450E-04  -1.9868991E-05   1.2011481E-05  -3.6341239E-05   3.1591523E-05  -3.9507181E-05  -1.0355636E-02  -4.5087783E-03   2.5259079E-03  -2.3413740E-03   5.8495267E-04   2.5893952E-05  -2.7239164E-05   2.9736979E-05  -1.0414008E-03   2.3009485E-05  -1.7211667E-05   7.0029341E-06  -9.4148317E-06   5.8463544E-08  -1.9201567E-07  -4.6126154E-06  -2.7822820E-06
  3.8259226E-07  -3.8074820E-07   4.1675187E-07   1.2433583E-04   2.7645124E-04   5.1379200E-06  -1.7981240E-05   1.2242903E-05  -2.0856300E-04   4.3717846E-04  -7.5917475E-05   3.3958284E-05  -8.5534389E-05   7.6747641E-05  -6.7557801E-05  -1.3881079E-02  -6.4008072E-03   1.3303866E-02  -5.7499663E-03   1.1402113E-03   7.3283898E-05  -8.7264854E-05   8.7597449E-05  -3.1007304E-03   2.4729506E-05  -1.2605444E-04   4.3459912E-05  -3.1227076E-05   7.3913142E-07  -3.1828022E-07  -1.0157623E-05  -4.8994419E-06
  2.0073258E-07  -2.3724446E-06   2.7116543E-07   6.1222023E-06   5.1379200E-06   1.5825415E-05   1.0720181E-05   2.3147300E-07   5.9303054E-07  -1.6839486E-05   1.0433865E-05   2.7776642E-06   1.0359128E-05  -5.2893557E-06  -6.4900498E-06  -2.1214840E-02  -7.1262716E-03   8.8282631E-03  -6.0395298E-03   5.4606311E-04   5.8073312E-05  -1.1631514E-04   4.4127716E-05  -1.9662406E-03   2.2253139E-05  -2.5868880E-05   2.7698438E-05  -8.1685034E-06  -2.9662976E-07  -4.1414794E-07  -3.3576196E-07  -2.9040109E-06
  7.7488099E-08  -2.0301228E-06   9.2809797E-08  -4.0754617E-06  -1.7981240E-05   1.0720181E-05   4.2534296E-04  -1.1177196E-06  -2.8983425E-04  -1.3751284E-03  -1.5661189E-04   3.4719123E-04  -2.5805903E-05  -1.3013698E-04  -9.0207116E-04  -1.8058210E-02  -6.5069093E-03   4.4755888E-04  -1.9283665E-03   5.9846716E-04  -2.2555218E-05   6.8337966E-05  -4.3546266E-05  -2.2056526E-04  -2.3105560E-05  -5.1628496E-06   2.2710602E-05  -3.1559426E-05  -3.8055070E-07   1.3594690E-07  -2.1335657E-06  -1.1266547E-06
  1.7842194E-08  -3.9866332E-08   2.2230199E-08  -1.1163985E-07   1.2242903E-05   2.3147300E-07  -1.1177196E-06   6.1967792E-06  -1.1260021E-05   2.1565816E-05  -1.2063735E-05   5.4732042E-06  -5.4042173E-06   4.6238304E-06  -2.6515425E-07   3.6940273E-03   1.8422891E-04   1.3757730E-03   4.8356093E-04  -2.7272898E-05  -5.4491278E-06   8.2708278E-06  -1.1099144E-05  -3.0203920E-05   4.6756488E-07   1.1559747E-06   8.8226360E-06  -2.2220671E-06   1.7295251E-08   1.4498220E-08  -4.3360901E-07  -2.1078141E-07
 -4.6556174E-07  -3.2981025E-06   3.2329500E-06  -7.7578498E-05  -2.0856300E-04   5.9303054E-07  -2.8983425E-04  -1.1260021E-05   1.0527743E+00   6.9953839E-03  -1.1755360E-01   4.4214398E-02  -1.9733531E-03   6.5449456E-03  -8.8454913E-03   2.8695771E-02  -2.8265058E-02  -2.7471268E-01   1.5742724E-01   2.7398327E-03  -2.1597056E-04   2.2634029E-03  -4.1295770E-03  -1.5961792E-03   1.5324890E-03   4.1633515E-03  -1.6030073E-03   4.9614809E-04  -1.3103411E-05  -1.0980601E-05  -5.8212854E-05  -4.8694950E-05
  2.0179179E-06   1.1027480E-05   9.7026276E-07   1.6893450E-04   4.3717846E-04  -1.6839486E-05  -1.3751284E-03   2.1565816E-05   6.9953839E-03   1.1366096E+00  -1.7547822E-03  -3.7747301E-03   1.6855698E-02  -4.4014752E-02   4.1945069E-02   4.5481998E-02  -1.9867310E-04   8.7275977E-03  -1.9658688E-02   4.9190068E-04  -5.5052527E-04   1.5084389E-03   9.9426404E-04  -2.4299651E-02   2.0243235E-03   1.1216638E-03   9.5260964E-04   8.2536681E-04  -8.3512578E-06  -2.6847085E-07  -4.4650876E-05  -2.2032438E-05
  5.1685215E-07  -5.0387269E-06   3.1407987E-07  -1.9868991E-05  -7.5917475E-05   1.0433865E-05  -1.5661189E-04  -1.2063735E-05  -1.1755360E-01  -1.7547822E-03   6.0767231E-02  -4.9932819E-04   1.4659527E-03   4.3335162E-04  -1.0450857E-03  -5.7170446E-03  -1.6746222E-02   8.5603572E-03  -1.3003122E-02  -4.2380523E-03   3.3832092E-05  -2.8210039E-04   1.1678701E-03   4.9737584E-03  -6.4760371E-04  -4.4029405E-05   1.6651314E-04   2.3099184E-04  -4.2701579E-07   1.2751126E-06   5.6894456E-06   1.6295895E-05
 -5.8955517E-08   2.4315208E-07   1.6225204E-07   1.2011481E-05   3.3958284E-05   2.7776642E-06   3.4719123E-04   5.4732042E-06   4.4214398E-02  -3.7747301E-03  -4.9932819E-04   9.2016938E-03  -5.8869529E-05  -1.4616937E-03   1.2445173E-03   3.5039147E-02  -1.6747791E-02  -3.1430212E-02   1.3883594E-02  -5.6993273E-03  -1.7436249E-04  -1.5747581E-04  -4.4617889E-04   5.5925502E-03   2.4118190E-04   1.7490651E-04  -2.0681520E-04  -1.4739762E-04  -2.8456146E-07   2.8353915E-07  -1.2179306E-05  -2.3191787E-06
  5.3030292E-07   2.1021261E-07   3.2006554E-07  -3.6341239E-05  -8.5534389E-05   1.0359128E-05  -2.5805903E-05  -5.4042173E-06  -1.9733531E-03   1.6855698E-02   1.4659527E-03  -5.8869529E-05   8.2099066E-02   7.2560953E-05   1.7807480E-03   1.8861448E-02   2.2044536E-02   5.4826230E-02  -2.0335002E-02  -6.8463683E-04   9.5938996E-05  -5.0525774E-04   1.5383009E-04  -1.0213091E-02  -3.1851735E-04  -1.1213036E-04   2.0326838E-04   1.8022268E-04   2.9034308E-06  -4.5485526E-07   2.5592446E-06  -1.9100509E-05
  7.2535854E-07   1.7331779E-07   3.8489441E-07   3.1591523E-05   7.6747641E-05  -5.2893557E-06  -1.3013698E-04   4.6238304E-06   6.5449456E-03  -4.4014752E-02   4.3335162E-04  -1.4616937E-03   7.2560953E-05   7.5145942E-02  -5.0740426E-03  -2.0895674E-03   4.0016540E-02   3.2346628E-02  -1.4196521E-02  -3.1725027E-06   1.7859407E-05   5.8785609E-04   2.0505660E-03  -1.9801044E-03   5.7549659E-05   1.0962470E-04   4.7155487E-04   3.6622837E-04  -1.0125031E-06   3.4651696E-06   9.2655995E-06  -1.4576483E-06
  1.6313123E-07  -6.2753638E-07  -2.9882405E-07  -3.9507181E-05  -6.7557801E-05  -6.4900498E-06  -9.0207116E-04  -2.6515425E-07  -8.8454913E-03   4.1945069E-02  -1.0450857E-03   1.2445173E-03   1.7807480E-03  -5.0740426E-03   7.9703374E-02  -2.2871707E-02   3.0767792E-03   6.5826097E-03  -8.0804267E-03  -2.9734076E-03   4.2872378E-04  -1.5688091E-03  -3.7924860E-04  -4.5102912E-03  -2.9765423E-04  -5.0575009E-04   9.5058245E-05   9.0803090E-04   1.4536241E-06  -6.0038275E-07   4.1419148E-06   7.1558842E-06
 -3.5160510E-04   1.5247388E-04  -4.6658157E-05  -1.0355636E-02  -1.3881079E-02  -2.1214840E-02  -1.8058210E-02   3.6940273E-03   2.8695771E-02   4.5481998E-02  -5.7170446E-03   3.5039147E-02   1.8861448E-02  -2.0895674E-03  -2.2871707E-02   5.9185773E+02   5.2884209E+01  -5.5944855E+01   2.9048155E+01  -2.4768278E+01  -8.0726711E-01  -1.6499048E-01  -2.7081995E-01   1.1335995E+01  -1.5207063E-01   2.8123688E-01  -2.4963275E-01  -2.4278369E-01   6.7369171E-03   2.6923165E-03   1.1174702E-03   7.6353267E-03
 -2.3798427E-04   5.6991095E-04  -6.6116336E-05  -4.5087783E-03  -6.4008072E-03  -7.1262716E-03  -6.5069093E-03   1.8422891E-04  -2.8265058E-02  -1.9867310E-04  -1.6746222E-02  -1.6747791E-02   2.2044536E-02   4.0016540E-02   3.0767792E-03   5.2884209E+01   6.4219786E+01   1.0468474E+01   5.1558889E+00  -1.7335308E-01  -3.6547667E-03   4.0874840E-01   8.6324861E-01  -8.2782669E+00  -4.7355674E-02  -2.4213806E-01   6.2475148E-02   7.4385435E-02   8.8396142E-04   6.2462844E-04   2.1526497E-03   4.8747299E-03
  6.5345060E-05   2.5834848E-05   4.3832189E-05   2.5259079E-03   1.3303866E-02   8.8282631E-03   4.4755888E-04   1.3757730E-03  -2.7471268E-01   8.7275977E-03   8.5603572E-03  -3.1430212E-02   5.4826230E-02   3.2346628E-02   6.5826097E-03  -5.5944855E+01   1.0468474E+01   1.7735743E+02  -8.3905161E+01   2.3146024E+00   3.4208870E-01  -1.0459424E+00   3.5971396E-01  -7.2449164E+00  -4.9991482E-02  -2.7340322E-01   5.6711787E-01  -1.1180099E-02   1.5550299E-03  -7.6675891E-03   2.7493004E-03   2.1623151E-03
 -1.1187181E-04   1.6187325E-04  -4.2411127E-05  -2.3413740E-03  -5.7499663E-03  -6.0395298E-03  -1.9283665E-03   4.8356093E-04   1.5742724E-01  -1.9658688E-02  -1.3003122E-02   1.3883594E-02  -2.0335002E-02  -1.4196521E-02  -8.0804267E-03   2.9048155E+01   5.1558889E+00  -8.3905161E+01   5.1911756E+01   1.8886479E+00  -4.5005878E-02   7.2310859E-01  -2.6226056E-01  -2.7006162E+00   1.4242208E-02   1.6990667E-01  -4.5165683E-01  -1.0461118E-01  -5.2663113E-04   3.0699049E-03  -1.0071587E-03   4.5004571E-04
  1.5591754E-05  -1.3272856E-05   3.5165438E-07   5.8495267E-04   1.1402113E-03   5.4606311E-04   5.9846716E-04  -2.7272898E-05   2.7398327E-03   4.9190068E-04  -4.2380523E-03  -5.6993273E-03  -6.8463683E-04  -3.1725027E-06  -2.9734076E-03  -2.4768278E+01  -1.7335308E-01   2.3146024E+00   1.8886479E+00   4.3220495E+00   9.9188358E-02   1.6079869E-01  -3.4207130E-02  -3.5554720E+00  -1.3846843E-02  -7.5595122E-03   9.4407636E-03   5.4562804E-02   4.2486751E-04  -1.7443161E-04  -1.7224673E-04  -2.3290443E-04
  7.9224271E-07   3.2166754E-07  -1.7318342E-07   2.5893952E-05   7.3283898E-05   5.8073312E-05  -2.2555218E-05  -5.4491278E-06  -2.1597056E-04  -5.5052527E-04   3.3832092E-05  -1.7436249E-04   9.5938996E-05   1.7859407E-05   4.2872378E-04  -8.0726711E-01  -3.6547667E-03   3.4208870E-01  -4.5005878E-02   9.9188358E-02   1.6796308E-02  -1.7024685E-02   1.2823501E-02  -1.0353275E-01  -1.5452952E-04  -1.2160791E-03  -2.6649231E-03   5.3885341E-03   1.8577309E-05  -3.6290433E-05   7.9030226E-06   4.8043524E-06
 -2.0917654E-06   4.1691558E-06  -7.8664015E-07  -2.7239164E-05  -8.7264854E-05  -1.1631514E-04   6.8337966E-05   8.2708278E-06   2.2634029E-03   1.5084389E-03  -2.8210039E-04  -1.5747581E-04  -5.0525774E-04   5.8785609E-04  -1.5688091E-03  -1.6499048E-01   4.0874840E-01  -1.0459424E+00   7.2310859E-01   1.6079869E-01  -1.7024685E-02   6.8758078E-02   2.7831328E-03  -1.5474268E-01  -3.5280509E-04   7.2795522E-03  -8.5040292E-05  -1.7643850E-02  -1.1037908E-05   9.3814461E-05  -2.2362313E-05  -1.3922252E-05
  7.1169555E-07   1.4700388E-06  -5.4708883E-07   2.9736979E-05   8.7597449E-05   4.4127716E-05  -4.3546266E-05  -1.1099144E-05  -4.1295770E-03   9.9426404E-04   1.1678701E-03  -4.4617889E-04   1.5383009E-04   2.0505660E-03  -3.7924860E-04  -2.7081995E-01   8.6324861E-01   3.5971396E-01  -2.6226056E-01  -3.4207130E-02   1.2823501E-02   2.7831328E-03   8.2659546E-02   3.6791368E-02  -3.3078208E-05   2.2755235E-04   9.8430588E-04   1.3387266E-03   1.8725812E-05  -8.7254511E-06   1.7486627E-05   3.6610501E-06
 -3.0601926E-05  -3.2130383E-06   5.5167738E-06  -1.0414008E-03  -3.1007304E-03  -1.9662406E-03  -2.2056526E-04  -3.0203920E-05  -1.5961792E-03  -2.4299651E-02   4.9737584E-03   5.5925502E-03  -1.0213091E-02  -1.9801044E-03  -4.5102912E-03   1.1335995E+01  -8.2782669E+00  -7.2449164E+00  -2.7006162E+00  -3.5554720E+00  -1.0353275E-01  -1.5474268E-01   3.6791368E-02   7.3951946E+00   1.3119872E-02   1.4520248E-03  -3.5172509E-03  -5.1230678E-02  -3.3691207E-04   8.6807596E-05  -1.3923104E-04  -1.3687375E-05
  1.3551408E-08  -3.0283532E-07  -4.3720120E-07   2.3009485E-05   2.4729506E-05   2.2253139E-05  -2.3105560E-05   4.6756488E-07   1.5324890E-03   2.0243235E-03  -6.4760371E-04   2.4118190E-04  -3.1851735E-04   5.7549659E-05  -2.9765423E-04  -1.5207063E-01  -4.7355674E-02  -4.9991482E-02   1.4242208E-02  -1.3846843E-02  -1.5452952E-04  -3.5280509E-04  -3.3078208E-05   1.3119872E-02   3.8400533E-02   3.0356364E-03  -3.8947011E-04   2.0931434E-04   3.4287477E-05  -6.1617270E-06  -1.2774256E-05  -1.8913491E-05
 -2.2208807E-07  -1.8441674E-06  -1.4700566E-07  -1.7211667E-05  -1.2605444E-04  -2.5868880E-05  -5.1628496E-06   1.1559747E-06   4.1633515E-03   1.1216638E-03  -4.4029405E-05   1.7490651E-04  -1.1213036E-04   1.0962470E-04  -5.0575009E-04   2.8123688E-01  -2.4213806E-01  -2.7340322E-01   1.6990667E-01  -7.5595122E-03  -1.2160791E-03   7.2795522E-03   2.2755235E-04   1.4520248E-03   3.0356364E-03   3.0844573E-02  -9.7180860E-04   4.6901889E-03  -7.9648458E-05  -4.1870139E-05  -6.5398565E-05  -7.8897464E-05
  5.8910774E-07  -1.8430601E-07   4.1841575E-07   7.0029341E-06   4.3459912E-05   2.7698438E-05   2.2710602E-05   8.8226360E-06  -1.6030073E-03   9.5260964E-04   1.6651314E-04  -2.0681520E-04   2.0326838E-04   4.7155487E-04   9.5058245E-05  -2.4963275E-01   6.2475148E-02   5.6711787E-01  -4.5165683E-01   9.4407636E-03  -2.6649231E-03  -8.5040292E-05   9.8430588E-04  -3.5172509E-03  -3.8947011E-04  -9.7180860E-04   1.0787393E-02   8.4090372E-03   3.6391209E-06   6.4501524E-05   8.3674579E-06  -1.9175325E-06
  4.7950440E-08   9.4435553E-08   3.1510886E-08  -9.4148317E-06  -3.1227076E-05  -8.1685034E-06  -3.1559426E-05  -2.2220671E-06   4.9614809E-04   8.2536681E-04   2.3099184E-04  -1.4739762E-04   1.8022268E-04   3.6622837E-04   9.0803090E-04  -2.4278369E-01   7.4385435E-02  -1.1180099E-02  -1.0461118E-01   5.4562804E-02   5.3885341E-03  -1.7643850E-02   1.3387266E-03  -5.1230678E-02   2.0931434E-04   4.6901889E-03   8.4090372E-03   2.6044711E-02  -2.1975860E-06   6.2280526E-05  -1.2541294E-05  -8.0000638E-06
  6.0354943E-10  -1.1057147E-08  -2.0345249E-09   5.8463544E-08   7.3913142E-07  -2.9662976E-07  -3.8055070E-07   1.7295251E-08  -1.3103411E-05  -8.3512578E-06  -4.2701579E-07  -2.8456146E-07   2.9034308E-06  -1.0125031E-06   1.4536241E-06   6.7369171E-03   8.8396142E-04   1.5550299E-03  -5.2663113E-04   4.2486751E-04   1.8577309E-05  -1.1037908E-05   1.8725812E-05  -3.3691207E-04   3.4287477E-05  -7.9648458E-05   3.6391209E-06  -2.1975860E-06   1.1045919E-06   4.2434980E-08   2.3393980E-07   5.4979787E-07
 -8.9988960E-09   2.1903638E-08  -1.0525029E-09  -1.9201567E-07  -3.1828022E-07  -4.1414794E-07   1.3594690E-07   1.4498220E-08  -1.0980601E-05  -2.6847085E-07   1.2751126E-06   2.8353915E-07  -4.5485526E-07   3.4651696E-06  -6.0038275E-07   2.6923165E-03   6.2462844E-04  -7.6675891E-03   3.0699049E-03  -1.7443161E-04  -3.6290433E-05   9.3814461E-05  -8.7254511E-06   8.6807596E-05  -6.1617270E-06  -4.1870139E-05   6.4501524E-05   6.2280526E-05   4.2434980E-08   2.4658888E-06   1.8273924E-07   2.5089477E-07
 -1.0200458E-07  -1.9757177E-07  -2.7851689E-08  -4.6126154E-06  -1.0157623E-05  -3.3576196E-07  -2.1335657E-06  -4.3360901E-07  -5.8212854E-05  -4.4650876E-05   5.6894456E-06  -1.2179306E-05   2.5592446E-06   9.2655995E-06   4.1419148E-06   1.1174702E-03   2.1526497E-03   2.7493004E-03  -1.0071587E-03  -1.7224673E-04   7.9030226E-06  -2.2362313E-05   1.7486627E-05  -1.3923104E-04  -1.2774256E-05  -6.5398565E-05   8.3674579E-06  -1.2541294E-05   2.3393980E-07   1.8273924E-07   2.4181290E-05   8.6150662E-06
 -2.7009093E-07  -4.6352907E-07  -5.1853155E-09  -2.7822820E-06  -4.8994419E-06  -2.9040109E-06  -1.1266547E-06  -2.1078141E-07  -4.8694950E-05  -2.2032438E-05   1.6295895E-05  -2.3191787E-06  -1.9100509E-05  -1.4576483E-06   7.1558842E-06   7.6353267E-03   4.8747299E-03   2.1623151E-03   4.5004571E-04  -2.3290443E-04   4.8043524E-06  -1.3922252E-05   3.6610501E-06  -1.3687375E-05  -1.8913491E-05  -7.8897464E-05  -1.9175325E-06  -8.0000638E-06   5.4979787E-07   2.5089477E-07   8.6150662E-06   2.4155347E-05
