# omegabh2 omegach2 theta tau nnu yhe logA ns calPlanck aps100 aps143 aps217 acib217 asz143 psr cibr xi aksz dust100 dust143 dust217 dust143x217 cal0 cal2 calTE calEE
  4.7207321E-08   4.1724421E-07  -6.2907251E-08   2.8148167E-07   3.6973957E-05   2.6994542E-08   1.7224774E-06   1.4691861E-06   1.5679932E-08   2.3517375E-04   1.0998402E-04  -1.2202274E-04   9.4432299E-05   3.6014082E-06  -8.8258072E-07   3.4500140E-06  -5.1575198E-07   1.3442853E-05   1.2352896E-06   1.0178907E-06   1.1650987E-07   3.5301052E-07   5.0160129E-09   1.6441833E-08   8.4359496E-08   1.0387449E-07
  4.1724421E-07   1.4671310E-05  -2.2010765E-06  -3.3245536E-07   9.1109371E-04  -2.4168170E-06   3.5051084E-05   2.3208875E-05  -2.3377063E-07   1.5814674E-02   9.4949017E-03  -3.3367460E-03   4.6557813E-03  -4.7561340E-04  -3.3310329E-05   9.1164570E-05  -3.1996450E-05   1.2220420E-03   7.8974991E-06   2.1941239E-05  -1.7748175E-05   1.3259433E-05   4.1932834E-08   3.4072548E-07   3.7120222E-06   7.4384266E-06
 -6.2907251E-08  -2.2010765E-06   4.3658623E-07  -9.4969873E-09  -1.4420823E-04   8.9556012E-07  -5.1515667E-06  -3.6209233E-06   5.3129546E-08  -2.3724451E-03  -1.2702422E-03   5.3180328E-04  -6.5753608E-04   7.0380289E-05   5.0352172E-06  -1.1744882E-05   7.1854639E-06  -1.8368373E-04  -8.3156640E-07  -4.2885294E-06   1.9517369E-06  -3.0662842E-06  -1.0183304E-08  -5.3497770E-08  -5.9286107E-07  -1.1118114E-06
  2.8148167E-07  -3.3245536E-07  -9.4969873E-09   3.9815505E-05   1.1357326E-04  -3.5654986E-07   7.7525688E-05   1.0480348E-05  -5.1232172E-07  -7.1867538E-03  -3.4584404E-03   1.6882760E-03  -2.0681609E-03   3.4875463E-04   5.6959507E-06  -1.0317623E-05   1.3577784E-05  -5.6203023E-04   3.0609096E-05   5.9689555E-06   2.4824164E-05   1.7063972E-05   1.6612545E-08   3.9975407E-08  -2.1704395E-06  -1.0354155E-06
  3.6973957E-05   9.1109371E-04  -1.4420823E-04   1.1357326E-04   6.4371702E-02  -1.5449426E-04   2.4586042E-03   1.9324241E-03  -1.0139258E-05   1.0427293E+00   6.1045006E-01  -2.7858003E-01   3.3134855E-01  -2.7409533E-02  -2.2167640E-03   6.6335396E-03  -2.1991545E-03   8.3112386E-02   1.0297773E-03   1.5614463E-03  -1.1954104E-03   9.6911556E-04   4.6193027E-06   2.7824610E-05   2.9073952E-04   5.7876676E-04
  2.6994542E-08  -2.4168170E-06   8.9556012E-07  -3.5654986E-07  -1.5449426E-04   1.4997452E-05  -2.4557609E-06   1.4805965E-06   3.0061126E-07   2.9171595E-03   2.2486284E-03  -1.1477831E-03   1.3474080E-03  -1.5592296E-04  -6.0051131E-06   2.2558703E-05   2.0276291E-05   3.2349708E-04   1.2888918E-05  -1.5276742E-06  -1.0802753E-05  -3.7795051E-06  -1.1188332E-08   1.1456754E-07   1.5664935E-06   2.3517233E-06
  1.7224774E-06   3.5051084E-05  -5.1515667E-06   7.7525688E-05   2.4586042E-03  -2.4557609E-06   2.6844075E-04   7.8036737E-05   1.1091796E-05   3.1352935E-02   1.8258609E-02   2.2900783E-03   6.5080222E-03  -6.1437967E-04  -4.8075324E-05   1.4474431E-04  -5.7782687E-05   1.2101585E-03   7.3092115E-05  -3.4204660E-05   2.5640870E-05   4.5945662E-05   7.8492297E-07   8.9771989E-07   5.0285132E-06   1.9307605E-05
  1.4691861E-06   2.3208875E-05  -3.6209233E-06   1.0480348E-05   1.9324241E-03   1.4805965E-06   7.8036737E-05   7.9997112E-05  -8.2474804E-08   9.6670976E-03   1.1230704E-02  -3.2330867E-03   5.7925120E-03  -2.1923960E-04  -1.2538308E-05   1.3725098E-04  -8.4917063E-06   8.7430361E-04   6.8275390E-05   4.5326773E-05  -1.4112419E-05   1.9921927E-05  -1.8908615E-07   6.8976488E-07   9.7901183E-06   1.6533861E-05
  1.5679932E-08  -2.3377063E-07   5.3129546E-08  -5.1232172E-07  -1.0139258E-05   3.0061126E-07   1.1091796E-05  -8.2474804E-08   6.2558180E-06   3.3667513E-03   7.1246268E-05   1.0204136E-03   5.2428667E-04  -8.1423331E-05  -2.4293541E-06  -6.9619163E-06  -2.1660395E-05   7.4556616E-05   2.3679977E-06   1.4385782E-07   6.1229137E-06  -1.3080611E-06  -1.3269318E-08  -4.5222341E-08  -4.3517825E-07  -2.0278496E-07
  2.3517375E-04   1.5814674E-02  -2.3724451E-03  -7.1867538E-03   1.0427293E+00   2.9171595E-03   3.1352935E-02   9.6670976E-03   3.3667513E-03   6.2266483E+02   6.8549405E+01  -6.0600559E+01   3.5788757E+01  -2.6089770E+01  -9.1770168E-01   4.4273966E-03  -1.7656127E-01   1.3111971E+01  -1.1741873E-01   2.9389295E-01  -2.8543584E-01  -2.4709162E-01   6.8348046E-03   3.1786846E-03   8.3706234E-03   1.8527095E-02
  1.0998402E-04   9.4949017E-03  -1.2702422E-03  -3.4584404E-03   6.1045006E-01   2.2486284E-03   1.8258609E-02   1.1230704E-02   7.1246268E-05   6.8549405E+01   7.2569759E+01   6.5603284E+00   1.0152107E+01  -6.9608947E-01  -3.9917457E-02   4.9066222E-01   8.8672465E-01  -7.0607045E+00  -1.2486159E-02  -2.3032378E-01   1.3936381E-02   5.4005564E-02   1.0047672E-03   7.8447179E-04   6.2704699E-03   1.2071486E-02
 -1.2202274E-04  -3.3367460E-03   5.3180328E-04   1.6882760E-03  -2.7858003E-01  -1.1477831E-03   2.2900783E-03  -3.2330867E-03   1.0204136E-03  -6.0600559E+01   6.5603284E+00   1.7263626E+02  -8.2665724E+01   2.8440845E+00   3.4588112E-01  -1.0821181E+00   3.4414703E-01  -7.2390111E+00  -4.4539083E-02  -2.8497239E-01   5.4640835E-01  -1.9524485E-02   1.8367250E-03  -7.8009173E-03   1.5411802E-03   4.2139985E-04
  9.4432299E-05   4.6557813E-03  -6.5753608E-04  -2.0681609E-03   3.3134855E-01   1.3474080E-03   6.5080222E-03   5.7925120E-03   5.2428667E-04   3.5788757E+01   1.0152107E+01  -8.2665724E+01   5.2588758E+01   1.4549299E+00  -5.6968757E-02   7.7728128E-01  -2.5056182E-01  -2.3044682E+00   1.7719232E-02   1.7154101E-01  -4.4941518E-01  -1.0104868E-01  -6.0522455E-04   3.1967723E-03   8.3695852E-04   3.4319313E-03
  3.6014082E-06  -4.7561340E-04   7.0380289E-05   3.4875463E-04  -2.7409533E-02  -1.5592296E-04  -6.1437967E-04  -2.1923960E-04  -8.1423331E-05  -2.6089770E+01  -6.9608947E-01   2.8440845E+00   1.4549299E+00   4.4039624E+00   1.0668180E-01   1.5207763E-01  -4.5471847E-02  -3.5787346E+00  -1.0252155E-02  -6.9566681E-03   1.1374648E-02   5.8860280E-02   4.5666971E-04  -2.2968396E-04  -4.5634940E-04  -5.7618928E-04
 -8.8258072E-07  -3.3310329E-05   5.0352172E-06   5.6959507E-06  -2.2167640E-03  -6.0051131E-06  -4.8075324E-05  -1.2538308E-05  -2.4293541E-06  -9.1770168E-01  -3.9917457E-02   3.4588112E-01  -5.6968757E-02   1.0668180E-01   1.7179936E-02  -1.7375481E-02   1.2009352E-02  -1.0512761E-01  -1.7394669E-04  -1.4039485E-03  -2.5824897E-03   5.3834501E-03   1.9669197E-05  -4.0503142E-05   8.7300721E-06  -5.6118674E-06
  3.4500140E-06   9.1164570E-05  -1.1744882E-05  -1.0317623E-05   6.6335396E-03   2.2558703E-05   1.4474431E-04   1.3725098E-04  -6.9619163E-06   4.4273966E-03   4.9066222E-01  -1.0821181E+00   7.7728128E-01   1.5207763E-01  -1.7375481E-02   7.0630605E-02   3.1592320E-03  -1.5704760E-01   5.2975513E-04   7.6675669E-03  -8.2472246E-04  -1.7981217E-02  -1.0540403E-05   9.8134112E-05  -2.0122953E-05   3.3622247E-05
 -5.1575198E-07  -3.1996450E-05   7.1854639E-06   1.3577784E-05  -2.1991545E-03   2.0276291E-05  -5.7782687E-05  -8.4917063E-06  -2.1660395E-05  -1.7656127E-01   8.8672465E-01   3.4414703E-01  -2.5056182E-01  -4.5471847E-02   1.2009352E-02   3.1592320E-03   8.3490486E-02   3.8389543E-02   5.7759641E-04   1.6207852E-04   7.1355620E-04   6.2230801E-04   1.8120371E-05  -8.5835072E-06   3.1366660E-05   1.9586878E-05
  1.3442853E-05   1.2220420E-03  -1.8368373E-04  -5.6203023E-04   8.3112386E-02   3.2349708E-04   1.2101585E-03   8.7430361E-04   7.4556616E-05   1.3111971E+01  -7.0607045E+00  -7.2390111E+00  -2.3044682E+00  -3.5787346E+00  -1.0512761E-01  -1.5704760E-01   3.8389543E-02   7.3492211E+00   7.9579333E-03  -1.7195234E-03  -3.6036852E-03  -4.5938838E-02  -3.6754412E-04   1.2644525E-04   2.8241953E-04   7.5977359E-04
  1.2352896E-06   7.8974991E-06  -8.3156640E-07   3.0609096E-05   1.0297773E-03   1.2888918E-05   7.3092115E-05   6.8275390E-05   2.3679977E-06  -1.1741873E-01  -1.2486159E-02  -4.4539083E-02   1.7719232E-02  -1.0252155E-02  -1.7394669E-04   5.2975513E-04   5.7759641E-04   7.9579333E-03   3.8565192E-02   3.2778745E-03  -9.1039905E-05   4.3167638E-04   3.7228111E-05  -1.1164311E-06   2.2895451E-06  -5.6534260E-06
  1.0178907E-06   2.1941239E-05  -4.2885294E-06   5.9689555E-06   1.5614463E-03  -1.5276742E-06  -3.4204660E-05   4.5326773E-05   1.4385782E-07   2.9389295E-01  -2.3032378E-01  -2.8497239E-01   1.7154101E-01  -6.9566681E-03  -1.4039485E-03   7.6675669E-03   1.6207852E-04  -1.7195234E-03   3.2778745E-03   3.1440673E-02  -8.1705390E-04   5.1450399E-03  -8.3447352E-05  -4.3318383E-05  -8.6780938E-05  -8.7456924E-05
  1.1650987E-07  -1.7748175E-05   1.9517369E-06   2.4824164E-05  -1.1954104E-03  -1.0802753E-05   2.5640870E-05  -1.4112419E-05   6.1229137E-06  -2.8543584E-01   1.3936381E-02   5.4640835E-01  -4.4941518E-01   1.1374648E-02  -2.5824897E-03  -8.2472246E-04   7.1355620E-04  -3.6036852E-03  -9.1039905E-05  -8.1705390E-04   1.0655015E-02   8.5015539E-03   4.2035607E-06   6.4223590E-05  -6.3212396E-06  -1.3398531E-05
  3.5301052E-07   1.3259433E-05  -3.0662842E-06   1.7063972E-05   9.6911556E-04  -3.7795051E-06   4.5945662E-05   1.9921927E-05  -1.3080611E-06  -2.4709162E-01   5.4005564E-02  -1.9524485E-02  -1.0104868E-01   5.8860280E-02   5.3834501E-03  -1.7981217E-02   6.2230801E-04  -4.5938838E-02   4.3167638E-04   5.1450399E-03   8.5015539E-03   2.6507127E-02  -2.8969880E-06   6.1853064E-05  -1.5416439E-05   4.8817063E-06
  5.0160129E-09   4.1932834E-08  -1.0183304E-08   1.6612545E-08   4.6193027E-06  -1.1188332E-08   7.8492297E-07  -1.8908615E-07  -1.3269318E-08   6.8348046E-03   1.0047672E-03   1.8367250E-03  -6.0522455E-04   4.5666971E-04   1.9669197E-05  -1.0540403E-05   1.8120371E-05  -3.6754412E-04   3.7228111E-05  -8.3447352E-05   4.2035607E-06  -2.8969880E-06   1.1527624E-06   4.3124345E-08   4.5662457E-07   7.0556350E-07
  1.6441833E-08   3.4072548E-07  -5.3497770E-08   3.9975407E-08   2.7824610E-05   1.1456754E-07   8.9771989E-07   6.8976488E-07  -4.5222341E-08   3.1786846E-03   7.8447179E-04  -7.8009173E-03   3.1967723E-03  -2.2968396E-04  -4.0503142E-05   9.8134112E-05  -8.5835072E-06   1.2644525E-04  -1.1164311E-06  -4.3318383E-05   6.4223590E-05   6.1853064E-05   4.3124345E-08   2.5063132E-06   2.6906122E-07   4.9092617E-07
  8.4359496E-08   3.7120222E-06  -5.9286107E-07  -2.1704395E-06   2.9073952E-04   1.5664935E-06   5.0285132E-06   9.7901183E-06  -4.3517825E-07   8.3706234E-03   6.2704699E-03   1.5411802E-03   8.3695852E-04  -4.5634940E-04   8.7300721E-06  -2.0122953E-05   3.1366660E-05   2.8241953E-04   2.2895451E-06  -8.6780938E-05  -6.3212396E-06  -1.5416439E-05   4.5662457E-07   2.6906122E-07   2.5762454E-05   1.2025582E-05
  1.0387449E-07   7.4384266E-06  -1.1118114E-06  -1.0354155E-06   5.7876676E-04   2.3517233E-06   1.9307605E-05   1.6533861E-05  -2.0278496E-07   1.8527095E-02   1.2071486E-02   4.2139985E-04   3.4319313E-03  -5.7618928E-04  -5.6118674E-06   3.3622247E-05   1.9586878E-05   7.5977359E-04  -5.6534260E-06  -8.7456924E-05  -1.3398531E-05   4.8817063E-06   7.0556350E-07   4.9092617E-07   1.2025582E-05   3.0986773E-05
