# omegabh2 omegach2 theta mnu logA ns
  2.4247489E-07   2.7624509E-07  -3.9581457E-09  -2.9996889E-08  -8.1693217E-07  -7.0722844E-08
  2.7624509E-07   1.8780724E-05   1.8407046E-07  -3.6757339E-04  -3.1733758E-04  -2.4849360E-05
 -3.9581457E-09   1.8407046E-07   3.6689017E-07   4.9092523E-06  -1.1540940E-06  -2.4026603E-07
 -2.9996889E-08  -3.6757339E-04   4.9092523E-06   2.9007678E-02   1.0942800E-02   8.7621685E-04
 -8.1693217E-07  -3.1733758E-04  -1.1540940E-06   1.0942800E-02   7.2890057E-03   7.7196410E-04
 -7.0722844E-08  -2.4849360E-05  -2.4026603E-07   8.7621685E-04   7.7196410E-04   3.7903707E-04
