# omegabh2 omegach2 theta tau mnu nnu logA ns calPlanck acib217 xi asz143 aps100 aps143 aps143217 aps217 aksz kgal100 kgal143 kgal143217 kgal217 galfTE100 galfTE100143 galfTE100217 galfTE143 galfTE143217 galfTE217 cal0 cal2
  2.9707172E-08   2.0454317E-07  -1.9601406E-08   2.1887651E-07   6.2515643E-07   1.6439816E-05   1.0517460E-06   7.1224498E-07   1.9512140E-09   1.3349825E-05  -3.4656032E-08   7.0993951E-06   5.9130782E-05  -5.5329896E-06   2.3029472E-06  -2.0495659E-05   2.5310100E-06   4.7908134E-06   6.7191773E-06   1.5634078E-05   1.9331827E-05  -5.0413790E-08  -4.5003047E-08  -1.4394516E-07  -2.3678428E-07  -1.9700074E-07  -1.7362803E-06   1.6881977E-09   2.2901742E-09
  2.0454317E-07   6.1838216E-06  -6.3447826E-07  -3.1550085E-07  -1.4633686E-06   3.2877610E-04   1.5204505E-05   8.9759204E-06  -9.0990816E-08   1.8360975E-03  -3.3286595E-05  -3.2217983E-04   8.5586301E-03   4.0612393E-03   1.2486131E-03  -4.7166298E-04   5.7386555E-04   9.1559557E-05   1.6981634E-04   2.5724283E-04  -2.1436039E-04   3.0375252E-07   1.1521044E-06   2.3301682E-06   2.4748585E-06   4.3246870E-07   1.1132626E-05  -4.7950239E-09   5.7733312E-08
 -1.9601406E-08  -6.3447826E-07   1.4954828E-07   2.5487961E-09  -4.9908819E-07  -3.7393552E-05  -1.5458148E-06  -1.0687427E-06   1.0727896E-08  -2.1124465E-04   4.6602906E-06   3.0716015E-05  -1.0035740E-03  -4.0296100E-04  -1.1786976E-04   4.0709921E-05  -5.6110605E-05  -1.9508320E-05  -1.9291741E-05  -2.7466544E-05   4.1045166E-05   1.8238902E-08  -1.2791922E-07  -3.8432978E-07  -5.4405636E-07  -1.6379680E-07  -9.9090571E-07  -3.1848151E-09  -8.0497956E-09
  2.1887651E-07  -3.1550085E-07   2.5487961E-09   6.1953071E-05   2.8557833E-05   8.3304395E-05   1.2271897E-04   9.0680605E-06  -3.9126047E-07  -1.2730891E-03   4.3088036E-05   1.4925339E-04  -9.5617970E-03  -3.3386981E-03  -8.1206346E-04   3.4501003E-04  -5.6148772E-04   9.5845439E-05  -2.5128199E-04  -6.9362867E-04  -6.9374499E-04  -3.7266855E-07  -2.2852258E-06  -2.9386432E-06  -2.0210714E-06   4.7711435E-06  -4.7781500E-05   3.5674085E-09   1.7525304E-08
  6.2515643E-07  -1.4633686E-06  -4.9908819E-07   2.8557833E-05   1.5814496E-03   4.8810251E-04   5.4568714E-05   4.1409673E-05   2.5735493E-06   5.9720336E-03  -3.3805286E-05  -1.0304180E-03   2.6621621E-02   1.2759467E-03  -3.6220853E-03  -8.7738694E-03   3.3376163E-03   9.1138250E-04   1.6491681E-03   2.1918344E-04  -1.5410901E-03   3.9976906E-06  -3.2349166E-06   2.2256490E-05  -3.2381383E-05   2.6745643E-06   8.0161376E-06  -1.9439140E-07   1.8673339E-07
  1.6439816E-05   3.2877610E-04  -3.7393552E-05   8.3304395E-05   4.8810251E-04   2.0951240E-02   1.0201817E-03   7.2395410E-04  -1.3555048E-06   1.0904226E-01  -2.1801579E-03  -1.5700572E-02   4.9079794E-01   2.1864138E-01   6.0027411E-02  -3.7462050E-02   3.5039805E-02   6.8635083E-03   1.4246777E-02   2.0430122E-02  -7.5288216E-03   7.0703531E-06   4.4814660E-05   1.7724738E-04   9.1182163E-05   3.3445215E-06   1.1797742E-04  -5.4371261E-07   3.6523304E-06
  1.0517460E-06   1.5204505E-05  -1.5458148E-06   1.2271897E-04   5.4568714E-05   1.0201817E-03   3.1154772E-04   4.0781029E-05   1.1247724E-05   1.3188746E-03   7.0352504E-05  -6.1815993E-04   4.4406532E-03   5.5029345E-03   4.6259812E-03   5.7993806E-03  -3.4837999E-04  -5.5930922E-06  -6.8901432E-04  -1.2372345E-03  -2.6592960E-04   4.4076913E-06  -3.7761131E-06   9.9401983E-07  -2.8308113E-06   4.2130754E-06  -5.9331838E-05   9.4481391E-08   1.7415300E-07
  7.1224498E-07   8.9759204E-06  -1.0687427E-06   9.0680605E-06   4.1409673E-05   7.2395410E-04   4.0781029E-05   3.9351041E-05   2.5990546E-07  -8.6407890E-05   1.3780906E-05   2.5790439E-04  -3.9601524E-03   1.2687276E-03   2.9276906E-03   2.5692773E-03  -5.5113902E-04   5.8814906E-04   3.4214148E-04   4.7453083E-04   8.3714097E-04  -3.3830054E-07   8.0506764E-07   6.0306702E-06  -7.4882345E-07  -5.2642557E-07  -2.2813979E-05  -1.0711627E-07   6.3680803E-08
  1.9512140E-09  -9.0990816E-08   1.0727896E-08  -3.9126047E-07   2.5735493E-06  -1.3555048E-06   1.1247724E-05   2.5990546E-07   6.0929492E-06   4.1775227E-04   1.4796504E-05  -4.0022027E-05   2.6038415E-03   7.9295456E-04   6.6832176E-04   1.5366694E-03   2.5727927E-05  -2.4919502E-05  -1.3595390E-05   1.0509078E-05   8.5137340E-04   2.3064541E-06  -5.1778728E-07   4.2888388E-07  -2.3300993E-06  -2.7893068E-06   4.2771940E-06  -2.1397521E-08   1.2197895E-09
  1.3349825E-05   1.8360975E-03  -2.1124465E-04  -1.2730891E-03   5.9720336E-03   1.0904226E-01   1.3188746E-03  -8.6407890E-05   4.1775227E-04   4.4787704E+01  -3.6315674E-01  -9.4320550E-01   3.4899009E+01   2.8073364E+00  -1.1765436E+01  -5.4972086E+01   9.3173672E-02   2.2063774E-01   5.2649380E-01  -5.7456163E+00  -3.3375268E+01   1.4242286E-03   1.9474847E-03   2.9839704E-03   6.0462152E-03   3.1560036E-03  -2.8542176E-02  -2.2379521E-04   7.6377433E-04
 -3.4656032E-08  -3.3286595E-05   4.6602906E-06   4.3088036E-05  -3.3805286E-05  -2.1801579E-03   7.0352504E-05   1.3780906E-05   1.4796504E-05  -3.6315674E-01   8.1243506E-02  -3.6714296E-02  -6.8216951E-01   8.7139413E-01   1.6526499E+00   5.6344401E-01   3.7705037E-02  -4.7345594E-04   2.1453560E-02   1.2270298E-01   1.5096838E-01   2.0436680E-05  -5.5420954E-05   1.0684439E-04  -6.1684112E-05   3.6268438E-05   1.1482220E-03   3.3240236E-06  -3.2970332E-06
  7.0993951E-06  -3.2217983E-04   3.0716015E-05   1.4925339E-04  -1.0304180E-03  -1.5700572E-02  -6.1815993E-04   2.5790439E-04  -4.0022027E-05  -9.4320550E-01  -3.6714296E-02   3.8236010E+00  -3.0645875E+01  -3.2664507E+00   7.5113706E+00   5.1506769E+00  -2.6108059E+00  -1.7012107E-01   1.4883941E-01   2.7391614E+00   3.4801197E+00  -5.3589828E-04  -8.5432984E-04  -8.2995634E-04  -4.0946420E-04  -2.1593451E-03  -7.5318987E-03   1.2333405E-04  -1.7414737E-05
  5.9130782E-05   8.5586301E-03  -1.0035740E-03  -9.5617970E-03   2.6621621E-02   4.9079794E-01   4.4406532E-03  -3.9601524E-03   2.6038415E-03   3.4899009E+01  -6.8216951E-01  -3.0645875E+01   7.7198415E+02   6.7437181E+01  -5.6213845E+01  -5.8471936E+01   1.4359816E+01  -6.0597806E+00   4.8043912E+00  -1.3673338E+01  -2.4352116E+01   7.1360050E-03   1.2422897E-02   1.4481187E-02   3.1366666E-03   1.6408301E-02   1.2679093E-01   3.5890948E-03   3.3351777E-04
 -5.5329896E-06   4.0612393E-03  -4.0296100E-04  -3.3386981E-03   1.2759467E-03   2.1864138E-01   5.5029345E-03   1.2687276E-03   7.9295456E-04   2.8073364E+00   8.7139413E-01  -3.2664507E+00   6.7437181E+01   6.1409362E+01   3.9658382E+01   1.4072601E+01  -4.4061476E+00  -2.6455066E-01  -1.1423066E+00   3.5177614E+00   4.1051920E+00  -8.4549429E-04   6.9609824E-04  -1.3638134E-03   1.5212094E-03  -5.2086501E-03   4.7407835E-02   2.7912708E-05   3.0709082E-05
  2.3029472E-06   1.2486131E-03  -1.1786976E-04  -8.1206346E-04  -3.6220853E-03   6.0027411E-02   4.6259812E-03   2.9276906E-03   6.6832176E-04  -1.1765436E+01   1.6526499E+00   7.5113706E+00  -5.6213845E+01   3.9658382E+01   8.3120509E+01   5.0123742E+01  -1.1172461E+01  -5.4963669E-01  -5.4493931E-01   5.2303594E+00   8.2949043E+00  -2.3305703E-03  -1.7502796E-04  -6.3580269E-04   1.7609858E-03  -1.3876104E-02   1.3206148E-02   4.1097313E-04  -3.6611777E-04
 -2.0495659E-05  -4.7166298E-04   4.0709921E-05   3.4501003E-04  -8.7738694E-03  -3.7462050E-02   5.7993806E-03   2.5692773E-03   1.5366694E-03  -5.4972086E+01   5.6344401E-01   5.1506769E+00  -5.8471936E+01   1.4072601E+01   5.0123742E+01   1.0264068E+02  -8.8543682E+00  -6.5724207E-01  -1.4451874E+00   5.0995668E+00   3.3347175E+01  -1.3414489E-03  -2.0779963E-04  -5.4810647E-03  -3.6554772E-03  -1.5203055E-02   3.0900659E-02   4.6762926E-04  -1.3598402E-03
  2.5310100E-06   5.7386555E-04  -5.6110605E-05  -5.6148772E-04   3.3376163E-03   3.5039805E-02  -3.4837999E-04  -5.5113902E-04   2.5727927E-05   9.3173672E-02   3.7705037E-02  -2.6108059E+00   1.4359816E+01  -4.4061476E+00  -1.1172461E+01  -8.8543682E+00   5.5634986E+00   7.7996586E-02  -1.0573855E-01  -2.0018208E+00  -2.3583265E+00   1.3339273E-03   5.4736928E-04   3.3203323E-03  -2.4721461E-04   3.9164268E-03   6.2837872E-03  -9.3897354E-05   4.5658604E-07
  4.7908134E-06   9.1559557E-05  -1.9508320E-05   9.5845439E-05   9.1138250E-04   6.8635083E-03  -5.5930922E-06   5.8814906E-04  -2.4919502E-05   2.2063774E-01  -4.7345594E-04  -1.7012107E-01  -6.0597806E+00  -2.6455066E-01  -5.4963669E-01  -6.5724207E-01   7.7996586E-02   3.3660298E+00   6.4670479E-01   2.9636549E-01   2.6594843E-01   1.2271391E-04   1.7973517E-04   1.5170137E-03  -8.2663006E-04   2.3412485E-03   3.8341115E-03   1.7245766E-04   1.9897657E-06
  6.7191773E-06   1.6981634E-04  -1.9291741E-05  -2.5128199E-04   1.6491681E-03   1.4246777E-02  -6.8901432E-04   3.4214148E-04  -1.3595390E-05   5.2649380E-01   2.1453560E-02   1.4883941E-01   4.8043912E+00  -1.1423066E+00  -5.4493931E-01  -1.4451874E+00  -1.0573855E-01   6.4670479E-01   3.2370688E+00   2.9012739E+00   2.9856443E+00  -3.6466527E-04  -6.7212353E-05   6.4115979E-04   1.2862019E-04   1.4199250E-03   2.7329285E-03  -1.7603521E-04  -2.6303190E-05
  1.5634078E-05   2.5724283E-04  -2.7466544E-05  -6.9362867E-04   2.1918344E-04   2.0430122E-02  -1.2372345E-03   4.7453083E-04   1.0509078E-05  -5.7456163E+00   1.2270298E-01   2.7391614E+00  -1.3673338E+01   3.5177614E+00   5.2303594E+00   5.0995668E+00  -2.0018208E+00   2.9636549E-01   2.9012739E+00   1.1135639E+01   1.9607577E+01  -7.7656013E-04  -2.4983655E-03   5.0788419E-04  -1.5337084E-03   2.8676504E-03   1.7862591E-02  -1.5068147E-05   3.8169053E-04
  1.9331827E-05  -2.1436039E-04   4.1045166E-05  -6.9374499E-04  -1.5410901E-03  -7.5288216E-03  -2.6592960E-04   8.3714097E-04   8.5137340E-04  -3.3375268E+01   1.5096838E-01   3.4801197E+00  -2.4352116E+01   4.1051920E+00   8.2949043E+00   3.3347175E+01  -2.3583265E+00   2.6594843E-01   2.9856443E+00   1.9607577E+01   5.3814396E+01  -2.8707511E-03  -5.3823545E-03   1.0969963E-03  -4.6778589E-03   1.0582955E-03   4.4674132E-02   7.4471602E-05   8.1853458E-04
 -5.0413790E-08   3.0375252E-07   1.8238902E-08  -3.7266855E-07   3.9976906E-06   7.0703531E-06   4.4076913E-06  -3.3830054E-07   2.3064541E-06   1.4242286E-03   2.0436680E-05  -5.3589828E-04   7.1360050E-03  -8.4549429E-04  -2.3305703E-03  -1.3414489E-03   1.3339273E-03   1.2271391E-04  -3.6466527E-04  -7.7656013E-04  -2.8707511E-03   1.4160374E-03   2.4730027E-04   1.1695408E-04  -3.5491019E-04  -5.1047000E-05   5.4128166E-05   3.8555159E-07  -2.8374080E-07
 -4.5003047E-08   1.1521044E-06  -1.2791922E-07  -2.2852258E-06  -3.2349166E-06   4.4814660E-05  -3.7761131E-06   8.0506764E-07  -5.1778728E-07   1.9474847E-03  -5.5420954E-05  -8.5432984E-04   1.2422897E-02   6.9609824E-04  -1.7502796E-04  -2.0779963E-04   5.4736928E-04   1.7973517E-04  -6.7212353E-05  -2.4983655E-03  -5.3823545E-03   2.4730027E-04   8.3637766E-04   2.7575330E-05   7.1859565E-04   1.3596396E-05  -7.9816526E-04   1.2356292E-07  -2.5196033E-07
 -1.4394516E-07   2.3301682E-06  -3.8432978E-07  -2.9386432E-06   2.2256490E-05   1.7724738E-04   9.9401983E-07   6.0306702E-06   4.2888388E-07   2.9839704E-03   1.0684439E-04  -8.2995634E-04   1.4481187E-02  -1.3638134E-03  -6.3580269E-04  -5.4810647E-03   3.3203323E-03   1.5170137E-03   6.4115979E-04   5.0788419E-04   1.0969963E-03   1.1695408E-04   2.7575330E-05   7.1227879E-03  -2.8415546E-04   5.7330581E-04   4.4210395E-03   3.9062321E-07   9.0689000E-07
 -2.3678428E-07   2.4748585E-06  -5.4405636E-07  -2.0210714E-06  -3.2381383E-05   9.1182163E-05  -2.8308113E-06  -7.4882345E-07  -2.3300993E-06   6.0462152E-03  -6.1684112E-05  -4.0946420E-04   3.1366666E-03   1.5212094E-03   1.7609858E-03  -3.6554772E-03  -2.4721461E-04  -8.2663006E-04   1.2862019E-04  -1.5337084E-03  -4.6778589E-03  -3.5491019E-04   7.1859565E-04  -2.8415546E-04   2.8348020E-03   4.8418365E-04  -1.0484753E-03   3.0595001E-07   3.7248557E-07
 -1.9700074E-07   4.3246870E-07  -1.6379680E-07   4.7711435E-06   2.6745643E-06   3.3445215E-06   4.2130754E-06  -5.2642557E-07  -2.7893068E-06   3.1560036E-03   3.6268438E-05  -2.1593451E-03   1.6408301E-02  -5.2086501E-03  -1.3876104E-02  -1.5203055E-02   3.9164268E-03   2.3412485E-03   1.4199250E-03   2.8676504E-03   1.0582955E-03  -5.1047000E-05   1.3596396E-05   5.7330581E-04   4.8418365E-04   6.4937734E-03   7.6097149E-03   2.5432871E-07   1.2247118E-07
 -1.7362803E-06   1.1132626E-05  -9.9090571E-07  -4.7781500E-05   8.0161376E-06   1.1797742E-04  -5.9331838E-05  -2.2813979E-05   4.2771940E-06  -2.8542176E-02   1.1482220E-03  -7.5318987E-03   1.2679093E-01   4.7407835E-02   1.3206148E-02   3.0900659E-02   6.2837872E-03   3.8341115E-03   2.7329285E-03   1.7862591E-02   4.4674132E-02   5.4128166E-05  -7.9816526E-04   4.4210395E-03  -1.0484753E-03   7.6097149E-03   7.2541731E-02   5.2506664E-07  -7.2777247E-07
  1.6881977E-09  -4.7950239E-09  -3.1848151E-09   3.5674085E-09  -1.9439140E-07  -5.4371261E-07   9.4481391E-08  -1.0711627E-07  -2.1397521E-08  -2.2379521E-04   3.3240236E-06   1.2333405E-04   3.5890948E-03   2.7912708E-05   4.1097313E-04   4.6762926E-04  -9.3897354E-05   1.7245766E-04  -1.7603521E-04  -1.5068147E-05   7.4471602E-05   3.8555159E-07   1.2356292E-07   3.9062321E-07   3.0595001E-07   2.5432871E-07   5.2506664E-07   3.7898814E-07  -4.7044317E-09
  2.2901742E-09   5.7733312E-08  -8.0497956E-09   1.7525304E-08   1.8673339E-07   3.6523304E-06   1.7415300E-07   6.3680803E-08   1.2197895E-09   7.6377433E-04  -3.2970332E-06  -1.7414737E-05   3.3351777E-04   3.0709082E-05  -3.6611777E-04  -1.3598402E-03   4.5658604E-07   1.9897657E-06  -2.6303190E-05   3.8169053E-04   8.1853458E-04  -2.8374080E-07  -2.5196033E-07   9.0689000E-07   3.7248557E-07   1.2247118E-07  -7.2777247E-07  -4.7044317E-09   3.7430922E-07
