# omegabh2 omegach2 theta tau mnu logA ns calPlanck acib217 xi asz143 aps100 aps143 aps143217 aps217 aksz kgal100 kgal143 kgal143217 kgal217 galfTE100 galfTE100143 galfTE100217 galfTE143 galfTE143217 galfTE217 cal0 cal2
  1.7960883E-08  -5.2435088E-08   1.0229244E-08   1.5057111E-07   4.7725842E-07   2.7298450E-07   1.5042500E-07   9.1090417E-09  -8.1972244E-05   1.8672525E-06   1.5920416E-05  -3.0133498E-04  -1.8760527E-04  -4.9291594E-05   1.3202418E-05  -2.8727192E-05  -3.9622322E-06  -6.0281751E-06  -6.7109607E-06   2.4057103E-05  -1.0024272E-07  -8.0592743E-08  -2.7733048E-07  -2.7303742E-07  -5.1719246E-07  -1.4666990E-06   2.8781946E-09  -4.5582543E-10
 -5.2435088E-08   9.4643467E-07  -4.5749015E-08  -1.3240473E-06  -9.0322406E-06  -3.9355135E-07  -2.2302622E-06  -6.1944778E-08   9.1129831E-05  -1.6405474E-07  -8.2025752E-06   8.8467576E-05   6.0791599E-04   4.2518904E-04   2.2411994E-04  -1.7606924E-05   3.0714917E-06  -2.9281870E-05   3.4015149E-05   3.3170430E-05   3.9410034E-07  -1.3960604E-07   3.4189447E-07   1.2598573E-06   1.8494637E-06   8.6188882E-06  -5.6966216E-09   7.6496071E-09
  1.0229244E-08  -4.5749015E-08   8.4655229E-08   1.4648379E-07   3.5421436E-07   2.5110370E-07   2.3144711E-07  -3.2269947E-09  -9.5666864E-06  -1.0171974E-06  -1.0165566E-07   6.0129878E-05  -5.4674089E-05  -6.7478710E-05  -4.8388886E-05   1.1940930E-05  -2.8288896E-06   1.6312763E-06  -7.1259442E-07   1.3251129E-05   9.7065811E-09  -2.8815524E-07   1.9128331E-07  -6.4990644E-07  -1.5595569E-07   4.7293607E-07   2.3488183E-09  -5.6377050E-10
  1.5057111E-07  -1.3240473E-06   1.4648379E-07   5.9556776E-05   2.2303324E-05   1.1584857E-04   5.8599435E-06  -1.5538281E-07  -2.8147231E-03   2.9104049E-05   5.3664287E-04  -9.3805888E-03  -4.6360793E-03  -9.6515928E-05   2.7493732E-03  -1.1398781E-03  -3.1431945E-04  -2.9081530E-04  -5.6763237E-04   3.0719399E-04  -1.7873570E-06  -2.4970634E-06   5.0824072E-06  -7.6525060E-06  -5.9861070E-06  -1.0020607E-05   1.1212015E-07  -3.7309367E-08
  4.7725842E-07  -9.0322406E-06   3.5421436E-07   2.2303324E-05   1.3962183E-03   2.6978120E-05   2.0417122E-05   3.0835387E-06   3.3729140E-03   6.6212682E-05  -7.4300074E-04   1.5714622E-02   1.7020120E-03  -3.7650185E-04  -5.1918078E-03   7.9449565E-04   7.8205827E-04   9.2372576E-04  -8.7046563E-05   6.6170169E-04  -8.3457172E-07   4.8433992E-06   1.6763120E-05   5.1871616E-06  -2.1750923E-05  -5.6130507E-05  -1.6251842E-07   3.7902421E-07
  2.7298450E-07  -3.9355135E-07   2.5110370E-07   1.1584857E-04   2.6978120E-05   2.5927032E-04   5.5045670E-06   1.2194048E-05  -5.9527206E-03   1.1596763E-04   9.8277528E-04  -1.6872674E-02  -7.0939063E-03   3.0091335E-03   1.1872954E-02  -3.1240134E-03  -9.7056152E-04  -1.3660833E-03  -1.6268190E-03   2.1834431E-03  -2.4728649E-08  -4.3740892E-06  -1.6640099E-06  -1.7387791E-05  -9.9441095E-06   7.2063598E-06   3.8993607E-07  -1.0151052E-07
  1.5042500E-07  -2.2302622E-06   2.3144711E-07   5.8599435E-06   2.0417122E-05   5.5045670E-06   1.3845120E-05   3.5641247E-07  -4.2042079E-03   8.5302602E-05   7.8549793E-04  -1.9002249E-02  -6.0773598E-03   1.2693686E-03   4.5537071E-03  -1.8339306E-03   2.5532573E-04  -2.0285317E-04  -2.9545313E-04   1.3574855E-03  -1.1382750E-06  -2.2356740E-06   1.7602524E-06  -6.9393483E-06  -6.8369513E-06  -1.5435615E-05  -4.3395548E-08  -8.5650986E-08
  9.1090417E-09  -6.1944778E-08  -3.2269947E-09  -1.5538281E-07   3.0835387E-06   1.2194048E-05   3.5641247E-07   6.2897795E-06   5.7142692E-04   4.4945580E-06  -3.7728175E-05   3.5541341E-03   5.4332414E-04   2.9689962E-04   1.4230779E-03  -3.2643102E-05  -2.1425210E-05  -4.0153479E-05   1.9184806E-05   8.2119420E-04   9.2093619E-07   1.0016744E-06  -5.2113620E-06  -1.3862253E-06  -9.2967975E-07   7.4550211E-06   1.3755092E-08  -2.4477795E-08
 -8.1972244E-05   9.1129831E-05  -9.5666864E-06  -2.8147231E-03   3.3729140E-03  -5.9527206E-03  -4.2042079E-03   5.7142692E-04   4.3920480E+01  -4.2740399E-01  -7.2313161E-01   3.6263338E+01   1.8385301E+00  -1.3495995E+01  -5.4541630E+01  -2.5101403E-01   3.4773629E-01   6.4313236E-01  -5.4332961E+00  -3.2295752E+01  -6.9243521E-04   8.3292795E-03  -3.4591713E-03   1.1915606E-02  -1.2606183E-03  -2.4883195E-02  -1.9043219E-04   6.9217338E-04
  1.8672525E-06  -1.6405474E-07  -1.0171974E-06   2.9104049E-05   6.6212682E-05   1.1596763E-04   8.5302602E-05   4.4945580E-06  -4.2740399E-01   8.0573994E-02  -3.7953365E-02  -5.5654839E-01   9.2178929E-01   1.7201157E+00   6.9779330E-01   3.6830213E-02  -1.1889424E-02   7.4434971E-03   1.0241724E-01   1.5638407E-01  -2.7442662E-05  -3.0889476E-05  -1.0233446E-04   1.5150809E-04   2.0637479E-04   1.4752810E-03   2.2208956E-06  -3.8447297E-06
  1.5920416E-05  -8.2025752E-06  -1.0165566E-07   5.3664287E-04  -7.4300074E-04   9.8277528E-04   7.8549793E-04  -3.7728175E-05  -7.2313161E-01  -3.7953365E-02   3.7608368E+00  -3.0192450E+01  -3.2496331E+00   7.3496408E+00   5.1280949E+00  -2.6110921E+00  -2.0424932E-01   8.9254978E-02   2.5075185E+00   2.9699530E+00  -4.2268282E-04  -1.8804296E-04   6.8380197E-04  -3.3937065E-05  -8.7569324E-04  -7.2032726E-03   1.0624190E-04  -2.9864450E-05
 -3.0133498E-04   8.8467576E-05   6.0129878E-05  -9.3805888E-03   1.5714622E-02  -1.6872674E-02  -1.9002249E-02   3.5541341E-03   3.6263338E+01  -5.5654839E-01  -3.0192450E+01   7.6432996E+02   6.4855263E+01  -5.7630093E+01  -6.4630125E+01   1.4373825E+01  -6.2997590E+00   5.6537387E+00  -1.1924092E+01  -2.3874427E+01   1.8221922E-02   6.8896993E-03  -2.8397187E-02   1.0660938E-03  -4.5490466E-03   6.4937492E-02   3.4667307E-03   3.9391497E-04
 -1.8760527E-04   6.0791599E-04  -5.4674089E-05  -4.6360793E-03   1.7020120E-03  -7.0939063E-03  -6.0773598E-03   5.4332414E-04   1.8385301E+00   9.2178929E-01  -3.2496331E+00   6.4855263E+01   6.1226390E+01   4.0176099E+01   1.4858322E+01  -5.0391462E+00  -1.2388698E-01  -1.2864950E+00   3.5472375E+00   4.4097261E+00   4.1556475E-03   4.1484968E-03  -4.1550561E-03   1.1012988E-04   3.6486832E-03   4.9103979E-02   4.3540796E-05   1.1959019E-04
 -4.9291594E-05   4.2518904E-04  -6.7478710E-05  -9.6515928E-05  -3.7650185E-04   3.0091335E-03   1.2693686E-03   2.9689962E-04  -1.3495995E+01   1.7201157E+00   7.3496408E+00  -5.7630093E+01   4.0176099E+01   8.4969827E+01   5.3772040E+01  -1.1656741E+01  -7.7301021E-01  -9.0774446E-01   4.4197098E+00   7.4129780E+00  -7.7709496E-04  -1.8085108E-03   1.8334861E-03   3.7088935E-03   7.1288281E-03   4.2469897E-02   4.0546555E-04  -3.6775594E-04
  1.3202418E-05   2.2411994E-04  -4.8388886E-05   2.7493732E-03  -5.1918078E-03   1.1872954E-02   4.5537071E-03   1.4230779E-03  -5.4541630E+01   6.9779330E-01   5.1280949E+00  -6.4630125E+01   1.4858322E+01   5.3772040E+01   1.0367539E+02  -9.0252407E+00  -7.9188157E-01  -1.5655164E+00   4.8881680E+00   3.2048947E+01   1.3999667E-03  -1.0651020E-02   6.1173508E-03  -1.2873789E-02   8.9089492E-03   4.7219157E-02   5.1546027E-04  -1.2991636E-03
 -2.8727192E-05  -1.7606924E-05   1.1940930E-05  -1.1398781E-03   7.9449565E-04  -3.1240134E-03  -1.8339306E-03  -3.2643102E-05  -2.5101403E-01   3.6830213E-02  -2.6110921E+00   1.4373825E+01  -5.0391462E+00  -1.1656741E+01  -9.0252407E+00   5.7025468E+00   5.4060886E-02  -1.1145581E-01  -2.0156306E+00  -2.2315054E+00  -6.3679367E-05   3.2307799E-04   6.0769364E-04   1.4848378E-03   2.2048612E-03   1.5688768E-03  -9.1639329E-05  -1.5474134E-05
 -3.9622322E-06   3.0714917E-06  -2.8288896E-06  -3.1431945E-04   7.8205827E-04  -9.7056152E-04   2.5532573E-04  -2.1425210E-05   3.4773629E-01  -1.1889424E-02  -2.0424932E-01  -6.2997590E+00  -1.2388698E-01  -7.7301021E-01  -7.9188157E-01   5.4060886E-02   3.4050912E+00   5.6607066E-01   1.9652130E-01   5.8049263E-02  -6.0272146E-04  -5.0856471E-04   3.8957708E-03  -1.8004248E-03   1.1074299E-04   5.7827376E-04   1.5887941E-04  -1.6071955E-05
 -6.0281751E-06  -2.9281870E-05   1.6312763E-06  -2.9081530E-04   9.2372576E-04  -1.3660833E-03  -2.0285317E-04  -4.0153479E-05   6.4313236E-01   7.4434971E-03   8.9254978E-02   5.6537387E+00  -1.2864950E+00  -9.0774446E-01  -1.5655164E+00  -1.1145581E-01   5.6607066E-01   3.1649054E+00   2.6582559E+00   2.6337081E+00  -1.2962676E-03  -2.2588024E-04  -1.4998475E-03   5.8537036E-04  -9.5446737E-04   3.5159539E-04  -1.9462695E-04  -3.8257816E-05
 -6.7109607E-06   3.4015149E-05  -7.1259442E-07  -5.6763237E-04  -8.7046563E-05  -1.6268190E-03  -2.9545313E-04   1.9184806E-05  -5.4332961E+00   1.0241724E-01   2.5075185E+00  -1.1924092E+01   3.5472375E+00   4.4197098E+00   4.8881680E+00  -2.0156306E+00   1.9652130E-01   2.6582559E+00   1.0636986E+01   1.8944123E+01  -2.3652992E-05   5.3555201E-04  -2.0201023E-03  -2.4009562E-03  -2.0219862E-03   8.2720472E-03  -6.2103399E-05   4.2041265E-04
  2.4057103E-05   3.3170430E-05   1.3251129E-05   3.0719399E-04   6.6170169E-04   2.1834431E-03   1.3574855E-03   8.2119420E-04  -3.2295752E+01   1.5638407E-01   2.9699530E+00  -2.3874427E+01   4.4097261E+00   7.4129780E+00   3.2048947E+01  -2.2315054E+00   5.8049263E-02   2.6337081E+00   1.8944123E+01   5.2621248E+01   4.5766373E-04  -3.2126245E-03  -3.0167479E-04  -1.0862635E-02  -5.8352677E-03   2.8421385E-02  -1.5209981E-05   9.6946143E-04
 -1.0024272E-07   3.9410034E-07   9.7065811E-09  -1.7873570E-06  -8.3457172E-07  -2.4728649E-08  -1.1382750E-06   9.2093619E-07  -6.9243521E-04  -2.7442662E-05  -4.2268282E-04   1.8221922E-02   4.1556475E-03  -7.7709496E-04   1.3999667E-03  -6.3679367E-05  -6.0272146E-04  -1.2962676E-03  -2.3652992E-05   4.5766373E-04   1.4114047E-03   2.7153331E-04   7.9663329E-05  -3.6496588E-04  -4.8440738E-05  -7.3942864E-05   3.5582381E-07   1.9219155E-07
 -8.0592743E-08  -1.3960604E-07  -2.8815524E-07  -2.4970634E-06   4.8433992E-06  -4.3740892E-06  -2.2356740E-06   1.0016744E-06   8.3292795E-03  -3.0889476E-05  -1.8804296E-04   6.8896993E-03   4.1484968E-03  -1.8085108E-03  -1.0651020E-02   3.2307799E-04  -5.0856471E-04  -2.2588024E-04   5.3555201E-04  -3.2126245E-03   2.7153331E-04   8.6471080E-04   1.1041678E-05   7.5808639E-04   6.5201607E-05  -6.5032017E-04  -8.6350343E-08  -1.1033890E-07
 -2.7733048E-07   3.4189447E-07   1.9128331E-07   5.0824072E-06   1.6763120E-05  -1.6640099E-06   1.7602524E-06  -5.2113620E-06  -3.4591713E-03  -1.0233446E-04   6.8380197E-04  -2.8397187E-02  -4.1550561E-03   1.8334861E-03   6.1173508E-03   6.0769364E-04   3.8957708E-03  -1.4998475E-03  -2.0201023E-03  -3.0167479E-04   7.9663329E-05   1.1041678E-05   7.1442111E-03  -2.9438703E-04   5.4709180E-04   4.0703817E-03   3.7103657E-07  -6.7337729E-08
 -2.7303742E-07   1.2598573E-06  -6.4990644E-07  -7.6525060E-06   5.1871616E-06  -1.7387791E-05  -6.9393483E-06  -1.3862253E-06   1.1915606E-02   1.5150809E-04  -3.3937065E-05   1.0660938E-03   1.1012988E-04   3.7088935E-03  -1.2873789E-02   1.4848378E-03  -1.8004248E-03   5.8537036E-04  -2.4009562E-03  -1.0862635E-02  -3.6496588E-04   7.5808639E-04  -2.9438703E-04   2.9652690E-03   5.5869353E-04  -9.1838806E-04  -5.3862519E-07  -2.1157206E-07
 -5.1719246E-07   1.8494637E-06  -1.5595569E-07  -5.9861070E-06  -2.1750923E-05  -9.9441095E-06  -6.8369513E-06  -9.2967975E-07  -1.2606183E-03   2.0637479E-04  -8.7569324E-04  -4.5490466E-03   3.6486832E-03   7.1288281E-03   8.9089492E-03   2.2048612E-03   1.1074299E-04  -9.5446737E-04  -2.0219862E-03  -5.8352677E-03  -4.8440738E-05   6.5201607E-05   5.4709180E-04   5.5869353E-04   6.2035377E-03   7.6417401E-03   1.5394393E-07  -1.4775581E-07
 -1.4666990E-06   8.6188882E-06   4.7293607E-07  -1.0020607E-05  -5.6130507E-05   7.2063598E-06  -1.5435615E-05   7.4550211E-06  -2.4883195E-02   1.4752810E-03  -7.2032726E-03   6.4937492E-02   4.9103979E-02   4.2469897E-02   4.7219157E-02   1.5688768E-03   5.7827376E-04   3.5159539E-04   8.2720472E-03   2.8421385E-02  -7.3942864E-05  -6.5032017E-04   4.0703817E-03  -9.1838806E-04   7.6417401E-03   7.1696915E-02   2.3691777E-06  -2.4912974E-06
  2.8781946E-09  -5.6966216E-09   2.3488183E-09   1.1212015E-07  -1.6251842E-07   3.8993607E-07  -4.3395548E-08   1.3755092E-08  -1.9043219E-04   2.2208956E-06   1.0624190E-04   3.4667307E-03   4.3540796E-05   4.0546555E-04   5.1546027E-04  -9.1639329E-05   1.5887941E-04  -1.9462695E-04  -6.2103399E-05  -1.5209981E-05   3.5582381E-07  -8.6350343E-08   3.7103657E-07  -5.3862519E-07   1.5394393E-07   2.3691777E-06   3.6239474E-07  -4.6942299E-09
 -4.5582543E-10   7.6496071E-09  -5.6377050E-10  -3.7309367E-08   3.7902421E-07  -1.0151052E-07  -8.5650986E-08  -2.4477795E-08   6.9217338E-04  -3.8447297E-06  -2.9864450E-05   3.9391497E-04   1.1959019E-04  -3.6775594E-04  -1.2991636E-03  -1.5474134E-05  -1.6071955E-05  -3.8257816E-05   4.2041265E-04   9.6946143E-04   1.9219155E-07  -1.1033890E-07  -6.7337729E-08  -2.1157206E-07  -1.4775581E-07  -2.4912974E-06  -4.6942299E-09   3.8372358E-07
