# omegabh2 omegach2 theta tau logA ns calPlanck acib217 xi asz143 aps100 aps143 aps143217 aps217 aksz kgal100 kgal143 kgal143217 kgal217 galfEE100 galfEE100143 galfEE100217 galfEE143 galfEE143217 galfEE217 galfTE100 galfTE100143 galfTE100217 galfTE143 galfTE143217 galfTE217 cal0 cal2
    0.2409778E-07   -0.1334032E-06    0.2015566E-07    0.9529339E-06    0.1695907E-05    0.3694627E-06    0.1398961E-07   -0.1122074E-03    0.2598885E-05    0.2548770E-04   -0.5127549E-03   -0.2404214E-03   -0.3316592E-04    0.4943176E-04   -0.4703292E-04    0.2359607E-05   -0.7250344E-05   -0.2787161E-04   -0.1315679E-04    0.4116186E-07    0.5855957E-07    0.1301381E-06    0.7301373E-07   -0.2919105E-07    0.1457207E-06   -0.5003865E-07   -0.6841569E-07    0.9992789E-07   -0.3885401E-06   -0.7582791E-06   -0.2337216E-05    0.1901614E-08   -0.1052607E-07
   -0.1334032E-06    0.2011366E-05   -0.1764346E-06   -0.1016832E-04   -0.1566695E-04   -0.5189053E-05   -0.1324560E-06    0.4548342E-03   -0.4976567E-05   -0.1499308E-03    0.2640501E-02    0.1557513E-02    0.6115293E-03    0.1873343E-03    0.1894211E-03   -0.3115562E-04   -0.1296811E-04    0.1263311E-03    0.1074409E-03   -0.4813486E-06   -0.7121037E-06   -0.2716217E-06   -0.8773771E-06    0.1129396E-06   -0.6696380E-06    0.7443659E-06    0.2261338E-06   -0.5269460E-07    0.2103077E-05    0.5404770E-05    0.1553195E-04    0.1332044E-07    0.7427857E-07
    0.2015566E-07   -0.1764346E-06    0.1032520E-06    0.1109260E-05    0.1899471E-05    0.5778898E-06    0.7717335E-08   -0.4855845E-04    0.1903838E-05    0.9419890E-05   -0.2803190E-03   -0.9838723E-04   -0.2079006E-04   -0.3426612E-05   -0.1697678E-04    0.1232102E-05    0.1536150E-05   -0.1258873E-04   -0.1358902E-04    0.5365448E-07    0.6172190E-07    0.1038561E-06    0.7143682E-07   -0.3329900E-06    0.7383065E-07   -0.6498373E-07   -0.3662153E-07    0.8214976E-08   -0.4421394E-06   -0.6240423E-06   -0.1627456E-05   -0.3924841E-08   -0.4064523E-08
    0.9529339E-06   -0.1016832E-04    0.1109260E-05    0.2979626E-03    0.5683957E-03    0.3831453E-04   -0.1612254E-05   -0.1270448E-01    0.2073282E-03    0.2553113E-02   -0.6338802E-01   -0.2002749E-01    0.1376641E-03    0.9603467E-02   -0.5571882E-02   -0.1798981E-03   -0.1015324E-02   -0.3180460E-02   -0.1413231E-02    0.7160473E-06    0.4259139E-05   -0.1571730E-05    0.4641674E-05   -0.8333422E-05    0.5177528E-05   -0.4644333E-05   -0.3929769E-06    0.1246952E-04   -0.1263118E-04   -0.3872477E-04   -0.1481554E-03   -0.6954361E-07   -0.1352553E-05
    0.1695907E-05   -0.1566695E-04    0.1899471E-05    0.5683957E-03    0.1122074E-02    0.6284888E-04    0.9315725E-05   -0.2438339E-01    0.4646194E-03    0.4644933E-02   -0.1154427E+00   -0.3458946E-01    0.4475571E-02    0.2533700E-01   -0.1150298E-01   -0.6860606E-03   -0.2850701E-02   -0.6818831E-02   -0.1301853E-02    0.1431727E-05    0.6990458E-05   -0.2885972E-06    0.9046519E-05   -0.1453632E-04   -0.6938741E-05   -0.7599797E-05   -0.6322497E-06    0.2426881E-04   -0.1872912E-04   -0.7191559E-04   -0.2191744E-03    0.1506736E-06   -0.2556282E-05
    0.3694627E-06   -0.5189053E-05    0.5778898E-06    0.3831453E-04    0.6284888E-04    0.2313551E-04    0.2950376E-06   -0.5273270E-02    0.1234186E-03    0.1240442E-02   -0.2863000E-01   -0.8096144E-02    0.1834482E-02    0.5138752E-02   -0.2669002E-02    0.3709674E-03   -0.1715793E-03   -0.7244573E-03    0.3247512E-03    0.2142907E-05    0.3464411E-05   -0.1059245E-05    0.4198073E-05    0.1141259E-05    0.1107028E-04   -0.2094287E-05   -0.2390502E-06    0.1941044E-05   -0.6775369E-05   -0.7502397E-05   -0.2831042E-04   -0.1777936E-06   -0.4541259E-06
    0.1398961E-07   -0.1324560E-06    0.7717335E-08   -0.1612254E-05    0.9315725E-05    0.2950376E-06    0.6327538E-05    0.8932735E-03   -0.6395364E-06   -0.8183488E-04    0.4136495E-02    0.5998842E-03    0.3954227E-04    0.9078726E-03    0.1165493E-04   -0.1982668E-04   -0.1396606E-03   -0.1479016E-03    0.6832495E-03    0.7580657E-06    0.4124189E-06    0.1267942E-05    0.1298336E-05    0.2367340E-05   -0.4213984E-05   -0.5906900E-06    0.2734816E-06   -0.1002931E-05    0.1523200E-05   -0.2304675E-05    0.2097540E-04    0.1358097E-07    0.3558667E-07
   -0.1122074E-03    0.4548342E-03   -0.4855845E-04   -0.1270448E-01   -0.2438339E-01   -0.5273270E-02    0.8932735E-03    0.4305109E+02   -0.4781375E+00   -0.1600840E+01    0.4060426E+02   -0.4687036E+00   -0.2133095E+02   -0.6076244E+02    0.5199979E+00   -0.6463071E-01    0.2724366E+00   -0.2113177E+01   -0.1859393E+02   -0.4790729E-03   -0.7866129E-03   -0.2067132E-03   -0.4895406E-03    0.2969911E-02    0.1476948E-01   -0.1657408E-03    0.2786358E-02   -0.5436680E-02    0.5288389E-02   -0.7098266E-02    0.1333685E-02   -0.2760275E-03    0.4313178E-02
    0.2598885E-05   -0.4976567E-05    0.1903838E-05    0.2073282E-03    0.4646194E-03    0.1234186E-03   -0.6395364E-06   -0.4781375E+00    0.8167997E-01   -0.6199404E-01   -0.5789730E+00    0.1069009E+01    0.1974328E+01    0.7841724E+00    0.5427268E-01   -0.3125348E-02    0.7263200E-02    0.1208297E+00    0.1072426E+00    0.1600466E-04    0.7763824E-05    0.3205549E-04    0.1317662E-04   -0.4127033E-03   -0.2347851E-03   -0.1850698E-03   -0.4911852E-04    0.3981289E-04   -0.3614279E-04    0.4161415E-03    0.6058250E-04    0.8851919E-05   -0.1805879E-04
    0.2548770E-04   -0.1499308E-03    0.9419890E-05    0.2553113E-02    0.4644933E-02    0.1240442E-02   -0.8183488E-04   -0.1600840E+01   -0.6199404E-01    0.3607761E+01   -0.2776207E+02   -0.3849893E+01    0.7549756E+01    0.6341895E+01   -0.2446759E+01   -0.1698160E+00    0.1169411E+00    0.2301477E+01    0.2028312E+01    0.6791318E-04    0.1132424E-03    0.2897015E-03    0.6167444E-04   -0.3443469E-03   -0.4313867E-02    0.7927994E-03    0.5302932E-03    0.3050360E-02    0.4965504E-03    0.8868589E-04   -0.5223967E-02    0.1760854E-03   -0.3391939E-03
   -0.5127549E-03    0.2640501E-02   -0.2803190E-03   -0.6338802E-01   -0.1154427E+00   -0.2863000E-01    0.4136495E-02    0.4060426E+02   -0.5789730E+00   -0.2776207E+02    0.7671234E+03    0.6598049E+02   -0.6008163E+02   -0.6930358E+02    0.1197487E+02   -0.4154258E+01    0.3191176E+01   -0.1012729E+02   -0.1236707E+02   -0.8275606E-04   -0.2785485E-02   -0.1291195E-01   -0.2963800E-02    0.1894488E-01   -0.9037749E-02    0.7557354E-02   -0.6854924E-02   -0.1790901E-01   -0.5179467E-02   -0.9863149E-02    0.7570513E-01    0.6211231E-02    0.4026249E-02
   -0.2404214E-03    0.1557513E-02   -0.9838723E-04   -0.2002749E-01   -0.3458946E-01   -0.8096144E-02    0.5998842E-03   -0.4687036E+00    0.1069009E+01   -0.3849893E+01    0.6598049E+02    0.6088713E+02    0.4531533E+02    0.1825393E+02   -0.4170178E+01   -0.3458079E+00   -0.1042024E+01    0.3894160E+01    0.3912269E+01   -0.7329040E-03   -0.1616482E-02   -0.3689005E-02   -0.1157128E-02   -0.9043825E-02   -0.3472522E-02   -0.1603086E-02    0.2021562E-02   -0.9493346E-02    0.4052171E-02    0.2992104E-02    0.2730717E-01    0.1245491E-03    0.5329336E-04
   -0.3316592E-04    0.6115293E-03   -0.2079006E-04    0.1376641E-03    0.4475571E-02    0.1834482E-02    0.3954227E-04   -0.2133095E+02    0.1974328E+01    0.7549756E+01   -0.6008163E+02    0.4531533E+02    0.1010647E+03    0.6653002E+02   -0.1127059E+02   -0.6629582E+00   -0.2312123E+00    0.5008460E+01    0.5030563E+01   -0.4415619E-05   -0.7003172E-03   -0.7120182E-03   -0.1869253E-03   -0.1400894E-01   -0.2951503E-01   -0.2206549E-02    0.5428032E-03    0.5930208E-02    0.2685765E-03    0.1792746E-01    0.2395392E-01    0.7668287E-03   -0.2616021E-02
    0.4943176E-04    0.1873343E-03   -0.3426612E-05    0.9603467E-02    0.2533700E-01    0.5138752E-02    0.9078726E-03   -0.6076244E+02    0.7841724E+00    0.6341895E+01   -0.6930358E+02    0.1825393E+02    0.6653002E+02    0.1204462E+03   -0.9727641E+01   -0.2564199E+00   -0.6221088E+00   -0.6711696E+00    0.1477321E+02    0.5606243E-03   -0.2138465E-04   -0.2178182E-02    0.3162214E-03   -0.7971705E-02   -0.3483906E-01    0.3509704E-03   -0.3504297E-02    0.9564732E-02   -0.6519534E-02    0.1685420E-01    0.3421653E-01    0.6962705E-03   -0.7639851E-02
   -0.4703292E-04    0.1894211E-03   -0.1697678E-04   -0.5571882E-02   -0.1150298E-01   -0.2669002E-02    0.1165493E-04    0.5199979E+00    0.5427268E-01   -0.2446759E+01    0.1197487E+02   -0.4170178E+01   -0.1127059E+02   -0.9727641E+01    0.5562575E+01    0.8183787E-01   -0.1607910E+00   -0.1873497E+01   -0.1657551E+01   -0.1337693E-03   -0.8486620E-04    0.1244742E-02   -0.3154966E-03    0.1159511E-02    0.3499086E-02   -0.1468172E-02   -0.1916760E-03   -0.5952318E-03    0.8678143E-03    0.9685116E-03   -0.5173348E-02   -0.1207382E-03    0.1296899E-03
    0.2359607E-05   -0.3115562E-04    0.1232102E-05   -0.1798981E-03   -0.6860606E-03    0.3709674E-03   -0.1982668E-04   -0.6463071E-01   -0.3125348E-02   -0.1698160E+00   -0.4154258E+01   -0.3458079E+00   -0.6629582E+00   -0.2564199E+00    0.8183787E-01    0.3523416E+01    0.3822134E+00    0.1408360E+00    0.2517703E+00   -0.2451368E-04    0.2446657E-04   -0.1808785E-03    0.1308952E-03   -0.7030416E-03    0.3493919E-02   -0.3162829E-04   -0.1833483E-04   -0.2397951E-02   -0.1627141E-02    0.5321202E-03   -0.7076766E-02    0.3046335E-03    0.2264443E-04
   -0.7250344E-05   -0.1296811E-04    0.1536150E-05   -0.1015324E-02   -0.2850701E-02   -0.1715793E-03   -0.1396606E-03    0.2724366E+00    0.7263200E-02    0.1169411E+00    0.3191176E+01   -0.1042024E+01   -0.2312123E+00   -0.6221088E+00   -0.1607910E+00    0.3822134E+00    0.3416416E+01    0.2777088E+01    0.1888483E+01    0.2155827E-03   -0.1092594E-04   -0.5162719E-03   -0.4776066E-04    0.1247494E-02   -0.2611062E-02    0.9010676E-03   -0.3639315E-03    0.1166575E-02   -0.3230466E-03   -0.4340112E-03   -0.4887742E-02   -0.2831482E-03   -0.1586664E-03
   -0.2787161E-04    0.1263311E-03   -0.1258873E-04   -0.3180460E-02   -0.6818831E-02   -0.7244573E-03   -0.1479016E-03   -0.2113177E+01    0.1208297E+00    0.2301477E+01   -0.1012729E+02    0.3894160E+01    0.5008460E+01   -0.6711696E+00   -0.1873497E+01    0.1408360E+00    0.2777088E+01    0.1756822E+02    0.2635746E+02    0.2438092E-03   -0.2050634E-04   -0.6207467E-03   -0.1416963E-03   -0.1864010E-02   -0.7284562E-02    0.4012870E-02    0.1115759E-02   -0.7657471E-03    0.1013491E-02   -0.7671950E-02   -0.2275307E-01    0.1832467E-05    0.2620585E-02
   -0.1315679E-04    0.1074409E-03   -0.1358902E-04   -0.1413231E-02   -0.1301853E-02    0.3247512E-03    0.6832495E-03   -0.1859393E+02    0.1072426E+00    0.2028312E+01   -0.1236707E+02    0.3912269E+01    0.5030563E+01    0.1477321E+02   -0.1657551E+01    0.2517703E+00    0.1888483E+01    0.2635746E+02    0.5592863E+02    0.5027788E-03    0.6029652E-03    0.6235559E-03    0.6422644E-03   -0.8154169E-03   -0.1461138E-01    0.6472924E-02    0.1138615E-03   -0.3391776E-02   -0.8596709E-03   -0.1099928E-01   -0.1718193E-01    0.9858945E-04    0.4742137E-02
    0.4116186E-07   -0.4813486E-06    0.5365448E-07    0.7160473E-06    0.1431727E-05    0.2142907E-05    0.7580657E-06   -0.4790729E-03    0.1600466E-04    0.6791318E-04   -0.8275606E-04   -0.7329040E-03   -0.4415619E-05    0.5606243E-03   -0.1337693E-03   -0.2451368E-04    0.2155827E-03    0.2438092E-03    0.5027788E-03    0.3127986E-04    0.8702146E-05    0.1029746E-05    0.3408382E-05   -0.4021230E-05    0.7059660E-05    0.2652970E-05   -0.3463889E-06   -0.1062218E-05   -0.4570766E-05   -0.2995702E-05   -0.2809913E-04   -0.6419146E-08   -0.4499232E-07
    0.5855957E-07   -0.7121037E-06    0.6172190E-07    0.4259139E-05    0.6990458E-05    0.3464411E-05    0.4124189E-06   -0.7866129E-03    0.7763824E-05    0.1132424E-03   -0.2785485E-02   -0.1616482E-02   -0.7003172E-03   -0.2138465E-04   -0.8486620E-04    0.2446657E-04   -0.1092594E-04   -0.2050634E-04    0.6029652E-03    0.8702146E-05    0.2547593E-04   -0.1626462E-05    0.1261672E-04    0.3668268E-06   -0.1428494E-05    0.9190547E-06   -0.3549272E-05    0.5399312E-05   -0.5984762E-05   -0.4178615E-05   -0.1210401E-04   -0.2589912E-07    0.1776604E-07
    0.1301381E-06   -0.2716217E-06    0.1038561E-06   -0.1571730E-05   -0.2885972E-06   -0.1059245E-05    0.1267942E-05   -0.2067132E-03    0.3205549E-04    0.2897015E-03   -0.1291195E-01   -0.3689005E-02   -0.7120182E-03   -0.2178182E-02    0.1244742E-02   -0.1808785E-03   -0.5162719E-03   -0.6207467E-03    0.6235559E-03    0.1029746E-05   -0.1626462E-05    0.1080786E-02   -0.1949668E-05    0.1762791E-05    0.1893385E-04   -0.1054966E-04   -0.4054194E-05    0.4259026E-04   -0.2438052E-04   -0.3500516E-04   -0.4920209E-04    0.2526104E-07    0.3718229E-06
    0.7301373E-07   -0.8773771E-06    0.7143682E-07    0.4641674E-05    0.9046519E-05    0.4198073E-05    0.1298336E-05   -0.4895406E-03    0.1317662E-04    0.6167444E-04   -0.2963800E-02   -0.1157128E-02   -0.1869253E-03    0.3162214E-03   -0.3154966E-03    0.1308952E-03   -0.4776066E-04   -0.1416963E-03    0.6422644E-03    0.3408382E-05    0.1261672E-04   -0.1949668E-05    0.4755159E-04    0.1966801E-05   -0.2267919E-05    0.1515801E-06   -0.3577599E-06   -0.1299927E-04    0.2987543E-05    0.3186894E-05    0.1176187E-05   -0.4865803E-07    0.2736255E-07
   -0.2919105E-07    0.1129396E-06   -0.3329900E-06   -0.8333422E-05   -0.1453632E-04    0.1141259E-05    0.2367340E-05    0.2969911E-02   -0.4127033E-03   -0.3443469E-03    0.1894488E-01   -0.9043825E-02   -0.1400894E-01   -0.7971705E-02    0.1159511E-02   -0.7030416E-03    0.1247494E-02   -0.1864010E-02   -0.8154169E-03   -0.4021230E-05    0.3668268E-06    0.1762791E-05    0.1966801E-05    0.2193667E-02    0.8367325E-04    0.7578893E-05    0.3814614E-05    0.6074681E-04   -0.1035903E-04    0.2104520E-04   -0.6932320E-04   -0.4623363E-06    0.2592864E-07
    0.1457207E-06   -0.6696380E-06    0.7383065E-07    0.5177528E-05   -0.6938741E-05    0.1107028E-04   -0.4213984E-05    0.1476948E-01   -0.2347851E-03   -0.4313867E-02   -0.9037749E-02   -0.3472522E-02   -0.2951503E-01   -0.3483906E-01    0.3499086E-02    0.3493919E-02   -0.2611062E-02   -0.7284562E-02   -0.1461138E-01    0.7059660E-05   -0.1428494E-05    0.1893385E-04   -0.2267919E-05    0.8367325E-04    0.1701674E-01    0.5545468E-04    0.5796214E-04    0.1051095E-03    0.5006657E-04   -0.2789782E-04    0.1033284E-03   -0.9613453E-06    0.1126126E-05
   -0.5003865E-07    0.7443659E-06   -0.6498373E-07   -0.4644333E-05   -0.7599797E-05   -0.2094287E-05   -0.5906900E-06   -0.1657408E-03   -0.1850698E-03    0.7927994E-03    0.7557354E-02   -0.1603086E-02   -0.2206549E-02    0.3509704E-03   -0.1468172E-02   -0.3162829E-04    0.9010676E-03    0.4012870E-02    0.6472924E-02    0.2652970E-05    0.9190547E-06   -0.1054966E-04    0.1515801E-06    0.7578893E-05    0.5545468E-04    0.1426750E-02    0.2810772E-03    0.6770157E-04   -0.3872326E-03   -0.7513798E-04   -0.5508573E-04    0.7001791E-06    0.5894896E-06
   -0.6841569E-07    0.2261338E-06   -0.3662153E-07   -0.3929769E-06   -0.6322497E-06   -0.2390502E-06    0.2734816E-06    0.2786358E-02   -0.4911852E-04    0.5302932E-03   -0.6854924E-02    0.2021562E-02    0.5428032E-03   -0.3504297E-02   -0.1916760E-03   -0.1833483E-04   -0.3639315E-03    0.1115759E-02    0.1138615E-03   -0.3463889E-06   -0.3549272E-05   -0.4054194E-05   -0.3577599E-06    0.3814614E-05    0.5796214E-04    0.2810772E-03    0.8397347E-03    0.1404979E-04    0.7345423E-03    0.5798507E-04   -0.7404038E-03   -0.2117293E-06    0.1289215E-06
    0.9992789E-07   -0.5269460E-07    0.8214976E-08    0.1246952E-04    0.2426881E-04    0.1941044E-05   -0.1002931E-05   -0.5436680E-02    0.3981289E-04    0.3050360E-02   -0.1790901E-01   -0.9493346E-02    0.5930208E-02    0.9564732E-02   -0.5952318E-03   -0.2397951E-02    0.1166575E-02   -0.7657471E-03   -0.3391776E-02   -0.1062218E-05    0.5399312E-05    0.4259026E-04   -0.1299927E-04    0.6074681E-04    0.1051095E-03    0.6770157E-04    0.1404979E-04    0.7241102E-02   -0.2732093E-03    0.6972720E-03    0.4597222E-02   -0.1625266E-06   -0.1016087E-05
   -0.3885401E-06    0.2103077E-05   -0.4421394E-06   -0.1263118E-04   -0.1872912E-04   -0.6775369E-05    0.1523200E-05    0.5288389E-02   -0.3614279E-04    0.4965504E-03   -0.5179467E-02    0.4052171E-02    0.2685765E-03   -0.6519534E-02    0.8678143E-03   -0.1627141E-02   -0.3230466E-03    0.1013491E-02   -0.8596709E-03   -0.4570766E-05   -0.5984762E-05   -0.2438052E-04    0.2987543E-05   -0.1035903E-04    0.5006657E-04   -0.3872326E-03    0.7345423E-03   -0.2732093E-03    0.2899894E-02    0.4829296E-03   -0.9488361E-03   -0.4093539E-06   -0.1566579E-06
   -0.7582791E-06    0.5404770E-05   -0.6240423E-06   -0.3872477E-04   -0.7191559E-04   -0.7502397E-05   -0.2304675E-05   -0.7098266E-02    0.4161415E-03    0.8868589E-04   -0.9863149E-02    0.2992104E-02    0.1792746E-01    0.1685420E-01    0.9685116E-03    0.5321202E-03   -0.4340112E-03   -0.7671950E-02   -0.1099928E-01   -0.2995702E-05   -0.4178615E-05   -0.3500516E-04    0.3186894E-05    0.2104520E-04   -0.2789782E-04   -0.7513798E-04    0.5798507E-04    0.6972720E-03    0.4829296E-03    0.6398886E-02    0.7319440E-02    0.8540578E-06   -0.2435146E-05
   -0.2337216E-05    0.1553195E-04   -0.1627456E-05   -0.1481554E-03   -0.2191744E-03   -0.2831042E-04    0.2097540E-04    0.1333685E-02    0.6058250E-04   -0.5223967E-02    0.7570513E-01    0.2730717E-01    0.2395392E-01    0.3421653E-01   -0.5173348E-02   -0.7076766E-02   -0.4887742E-02   -0.2275307E-01   -0.1718193E-01   -0.2809913E-04   -0.1210401E-04   -0.4920209E-04    0.1176187E-05   -0.6932320E-04    0.1033284E-03   -0.5508573E-04   -0.7404038E-03    0.4597222E-02   -0.9488361E-03    0.7319440E-02    0.6470766E-01    0.5514438E-06   -0.3273691E-05
    0.1901614E-08    0.1332044E-07   -0.3924841E-08   -0.6954361E-07    0.1506736E-06   -0.1777936E-06    0.1358097E-07   -0.2760275E-03    0.8851919E-05    0.1760854E-03    0.6211231E-02    0.1245491E-03    0.7668287E-03    0.6962705E-03   -0.1207382E-03    0.3046335E-03   -0.2831482E-03    0.1832467E-05    0.9858945E-04   -0.6419146E-08   -0.2589912E-07    0.2526104E-07   -0.4865803E-07   -0.4623363E-06   -0.9613453E-06    0.7001791E-06   -0.2117293E-06   -0.1625266E-06   -0.4093539E-06    0.8540578E-06    0.5514438E-06    0.6007430E-06    0.3157427E-08
   -0.1052607E-07    0.7427857E-07   -0.4064523E-08   -0.1352553E-05   -0.2556282E-05   -0.4541259E-06    0.3558667E-07    0.4313178E-02   -0.1805879E-04   -0.3391939E-03    0.4026249E-02    0.5329336E-04   -0.2616021E-02   -0.7639851E-02    0.1296899E-03    0.2264443E-04   -0.1586664E-03    0.2620585E-02    0.4742137E-02   -0.4499232E-07    0.1776604E-07    0.3718229E-06    0.2736255E-07    0.2592864E-07    0.1126126E-05    0.5894896E-06    0.1289215E-06   -0.1016087E-05   -0.1566579E-06   -0.2435146E-05   -0.3273691E-05    0.3157427E-08    0.2118186E-05
