# omegabh2 omegach2 theta tau logA ns calPlanck acib217 xi asz143 aps100 aps143 aps143217 aps217 aksz kgal100 kgal143 kgal143217 kgal217 cal0 cal2
    0.3687456E-07   -0.6205413E-07    0.2166220E-07    0.4227255E-06    0.8127741E-06    0.2869862E-06    0.1232397E-07   -0.1860412E-03    0.2235714E-05    0.4623245E-04   -0.7975550E-03   -0.4324296E-03   -0.1281661E-03    0.2973245E-04   -0.5622203E-04    0.6112296E-05    0.1205364E-04   -0.3359119E-05    0.3946948E-04   -0.1532881E-08   -0.1913662E-07
   -0.6205413E-07    0.1538395E-05   -0.7454566E-07   -0.2897013E-05   -0.2033705E-05   -0.3424750E-05   -0.2314603E-07    0.7207376E-04    0.1506980E-05   -0.6903392E-04    0.5898813E-03    0.4494630E-03    0.1627924E-03    0.4642175E-04    0.9824027E-04    0.6665605E-04   -0.2087758E-04   -0.4065718E-04   -0.1010103E-04    0.9578380E-09    0.2642273E-07
    0.2166220E-07   -0.7454566E-07    0.1693623E-06    0.4067190E-06    0.8496378E-06    0.4214729E-06    0.2791671E-07    0.2313977E-04   -0.8331159E-06    0.1095910E-04   -0.1960396E-03   -0.1136033E-03   -0.9137684E-04   -0.1283982E-03    0.4013813E-05    0.1297293E-04   -0.4325047E-05    0.1795632E-04    0.4905504E-04    0.2245530E-08    0.1136679E-07
    0.4227255E-06   -0.2897013E-05    0.4067190E-06    0.1290491E-03    0.2490536E-03    0.1472120E-04   -0.7733495E-06   -0.6861203E-02    0.1259338E-03    0.1946475E-02   -0.3040373E-01   -0.9887505E-02    0.3419620E-02    0.7637656E-02   -0.3052682E-02    0.3357754E-03   -0.3342413E-03   -0.1006988E-02   -0.1123546E-03    0.1022596E-06   -0.1029416E-05
    0.8127741E-06   -0.2033705E-05    0.8496378E-06    0.2490536E-03    0.5190392E-03    0.1884767E-04    0.1138309E-04   -0.1365259E-01    0.3050865E-03    0.3420196E-02   -0.5168810E-01   -0.1683213E-01    0.9083247E-02    0.2071379E-01   -0.6388110E-02    0.5438103E-03   -0.9316533E-03   -0.2139806E-02    0.2100883E-02    0.3980064E-06   -0.1953837E-05
    0.2869862E-06   -0.3424750E-05    0.4214729E-06    0.1472120E-04    0.1884767E-04    0.1917108E-04   -0.1183514E-06   -0.4881630E-02    0.1081028E-03    0.1339996E-02   -0.2846765E-01   -0.7369462E-02    0.2965406E-02    0.5998023E-02   -0.2763770E-02    0.3013772E-03   -0.1030898E-03   -0.6955159E-03    0.1348689E-03   -0.2193221E-06   -0.4904872E-06
    0.1232397E-07   -0.2314603E-07    0.2791671E-07   -0.7733495E-06    0.1138309E-04   -0.1183514E-06    0.6470359E-05    0.9327716E-03   -0.5982697E-05   -0.1969025E-03    0.5642434E-02    0.7699900E-03   -0.2357299E-03    0.8414387E-03    0.1367053E-03    0.5323556E-05    0.1570677E-03    0.1073458E-03    0.1018265E-02   -0.4496018E-07    0.7365016E-07
   -0.1860412E-03    0.7207376E-04    0.2313977E-04   -0.6861203E-02   -0.1365259E-01   -0.4881630E-02    0.9327716E-03    0.4414113E+02   -0.4831145E+00   -0.1984584E+01    0.4732308E+02    0.1331773E+01   -0.2127854E+02   -0.6193067E+02    0.6076528E+00   -0.3806484E+00    0.1745098E+00   -0.2308506E+01   -0.1891643E+02   -0.2870591E-03    0.4393884E-02
    0.2235714E-05    0.1506980E-05   -0.8331159E-06    0.1259338E-03    0.3050865E-03    0.1081028E-03   -0.5982697E-05   -0.4831145E+00    0.8067955E-01   -0.8188908E-01   -0.4430510E+00    0.1029425E+01    0.1865528E+01    0.7643532E+00    0.7443996E-01   -0.2420209E-03   -0.1191259E-02    0.7500642E-01    0.5677748E-01    0.4898119E-05   -0.2060237E-04
    0.4623245E-04   -0.6903392E-04    0.1095910E-04    0.1946475E-02    0.3420196E-02    0.1339996E-02   -0.1969025E-03   -0.1984584E+01   -0.8188908E-01    0.3758584E+01   -0.3005110E+02   -0.4059499E+01    0.7480371E+01    0.7021132E+01   -0.2720483E+01   -0.6268132E-01   -0.1305280E-01    0.2226304E+01    0.2057499E+01    0.1841652E-03   -0.4239520E-03
   -0.7975550E-03    0.5898813E-03   -0.1960396E-03   -0.3040373E-01   -0.5168810E-01   -0.2846765E-01    0.5642434E-02    0.4732308E+02   -0.4430510E+00   -0.3005110E+02    0.7843675E+03    0.7059423E+02   -0.6196605E+02   -0.7846397E+02    0.1513600E+02   -0.4063984E+01    0.3878901E+01   -0.9393457E+01   -0.1494791E+02    0.6295109E-02    0.4658344E-02
   -0.4324296E-03    0.4494630E-03   -0.1136033E-03   -0.9887505E-02   -0.1683213E-01   -0.7369462E-02    0.7699900E-03    0.1331773E+01    0.1029425E+01   -0.4059499E+01    0.7059423E+02    0.6332216E+02    0.4562700E+02    0.1773247E+02   -0.4218819E+01   -0.3574705E+00   -0.1458780E+01    0.4046002E+01    0.3853577E+01    0.7484649E-04    0.4486682E-03
   -0.1281661E-03    0.1627924E-03   -0.9137684E-04    0.3419620E-02    0.9083247E-02    0.2965406E-02   -0.2357299E-03   -0.2127854E+02    0.1865528E+01    0.7480371E+01   -0.6196605E+02    0.4562700E+02    0.9891002E+02    0.6782282E+02   -0.1189045E+02   -0.1520187E+00   -0.1098823E+01    0.3620401E+01    0.3287807E+01    0.7038449E-03   -0.2711807E-02
    0.2973245E-04    0.4642175E-04   -0.1283982E-03    0.7637656E-02    0.2071379E-01    0.5998023E-02    0.8414387E-03   -0.6193067E+02    0.7643532E+00    0.7021132E+01   -0.7846397E+02    0.1773247E+02    0.6782282E+02    0.1236607E+03   -0.1058220E+02    0.2800384E+00   -0.9502711E+00   -0.5102734E+00    0.1464406E+02    0.7192311E-03   -0.7800356E-02
   -0.5622203E-04    0.9824027E-04    0.4013813E-05   -0.3052682E-02   -0.6388110E-02   -0.2763770E-02    0.1367053E-03    0.6076528E+00    0.7443996E-01   -0.2720483E+01    0.1513600E+02   -0.4218819E+01   -0.1189045E+02   -0.1058220E+02    0.6088856E+01    0.4756526E-01    0.4754236E-01   -0.1849165E+01   -0.1556978E+01   -0.1256476E-03    0.2181021E-03
    0.6112296E-05    0.6665605E-04    0.1297293E-04    0.3357754E-03    0.5438103E-03    0.3013772E-03    0.5323556E-05   -0.3806484E+00   -0.2420209E-03   -0.6268132E-01   -0.4063984E+01   -0.3574705E+00   -0.1520187E+00    0.2800384E+00    0.4756526E-01    0.3361221E+01    0.4345199E+00    0.6766548E-01    0.2363221E+00    0.2657938E-03   -0.6557999E-04
    0.1205364E-04   -0.2087758E-04   -0.4325047E-05   -0.3342413E-03   -0.9316533E-03   -0.1030898E-03    0.1570677E-03    0.1745098E+00   -0.1191259E-02   -0.1305280E-01    0.3878901E+01   -0.1458780E+01   -0.1098823E+01   -0.9502711E+00    0.4754236E-01    0.4345199E+00    0.3358662E+01    0.2539533E+01    0.1791617E+01   -0.2670677E-03   -0.2110743E-03
   -0.3359119E-05   -0.4065718E-04    0.1795632E-04   -0.1006988E-02   -0.2139806E-02   -0.6955159E-03    0.1073458E-03   -0.2308506E+01    0.7500642E-01    0.2226304E+01   -0.9393457E+01    0.4046002E+01    0.3620401E+01   -0.5102734E+00   -0.1849165E+01    0.6766548E-01    0.2539533E+01    0.1769924E+02    0.2683401E+02   -0.9625245E-05    0.2526532E-02
    0.3946948E-04   -0.1010103E-04    0.4905504E-04   -0.1123546E-03    0.2100883E-02    0.1348689E-03    0.1018265E-02   -0.1891643E+02    0.5677748E-01    0.2057499E+01   -0.1494791E+02    0.3853577E+01    0.3287807E+01    0.1464406E+02   -0.1556978E+01    0.2363221E+00    0.1791617E+01    0.2683401E+02    0.5674840E+02    0.6502590E-04    0.4590106E-02
   -0.1532881E-08    0.9578380E-09    0.2245530E-08    0.1022596E-06    0.3980064E-06   -0.2193221E-06   -0.4496018E-07   -0.2870591E-03    0.4898119E-05    0.1841652E-03    0.6295109E-02    0.7484649E-04    0.7038449E-03    0.7192311E-03   -0.1256476E-03    0.2657938E-03   -0.2670677E-03   -0.9625245E-05    0.6502590E-04    0.6079103E-06   -0.2010290E-07
   -0.1913662E-07    0.2642273E-07    0.1136679E-07   -0.1029416E-05   -0.1953837E-05   -0.4904872E-06    0.7365016E-07    0.4393884E-02   -0.2060237E-04   -0.4239520E-03    0.4658344E-02    0.4486682E-03   -0.2711807E-02   -0.7800356E-02    0.2181021E-03   -0.6557999E-04   -0.2110743E-03    0.2526532E-02    0.4590106E-02   -0.2010290E-07    0.2103008E-05
