# omegabh2 omegach2 theta tau mnu logA ns calPlanck
  5.2411744E-07  -8.6225784E-07  -6.4817887E-09   4.9229817E-07   4.3302981E-05   6.3354113E-06   2.2016806E-06  -1.7439129E-08
 -8.6225784E-07   2.9315433E-06   2.0791024E-07  -4.2689265E-06  -9.7056777E-05  -1.4174245E-05  -8.3131831E-06  -3.1002875E-07
 -6.4817887E-09   2.0791024E-07   5.9830010E-07   2.8264441E-07   4.7469539E-06   7.3070551E-07   3.9898123E-07  -3.8182469E-08
  4.9229817E-07  -4.2689265E-06   2.8264441E-07   6.6108006E-05   2.2928546E-04   1.2297045E-04   1.3220373E-05   2.6091839E-08
  4.3302981E-05  -9.7056777E-05   4.7469539E-06   2.2928546E-04   9.4470662E-03   9.0561510E-04   3.5304445E-04   1.0946752E-05
  6.3354113E-06  -1.4174245E-05   7.3070551E-07   1.2297045E-04   9.0561510E-04   3.2636201E-04   4.4901159E-05   1.0453289E-05
  2.2016806E-06  -8.3131831E-06   3.9898123E-07   1.3220373E-05   3.5304445E-04   4.4901159E-05   1.0937557E-04  -6.2263956E-07
 -1.7439129E-08  -3.1002875E-07  -3.8182469E-08   2.6091839E-08   1.0946752E-05   1.0453289E-05  -6.2263956E-07   5.9795691E-06
