# omegabh2 omegach2 theta tau meffsterile nnu logA ns calPlanck acib217 xi asz143 aps100 aps143 aps143217 aps217 aksz kgal100 kgal143 kgal143217 kgal217 cal0 cal2
  4.0599534E-08   2.7662833E-08   1.3447611E-08   2.3924944E-07   1.6417172E-06   5.8600735E-06   6.5872690E-07   4.5465109E-07   1.6714000E-08  -9.1294084E-05   1.3348850E-06   3.6324737E-05  -5.1686111E-04  -3.3905190E-04  -1.1996643E-04  -4.0687020E-05  -4.8059417E-05   6.8225912E-06   8.4090633E-09   4.6842583E-06   3.8448085E-05   2.5812572E-09  -7.1475535E-10
  2.7662833E-08   1.4400104E-05  -6.4224934E-07  -4.5231923E-07  -7.7067447E-04   2.8722065E-04   1.3759840E-05   1.0581901E-05  -3.2828797E-07   1.9973363E-03  -2.3056616E-05  -5.3833061E-04   1.0992830E-02   3.4847983E-03   3.2194601E-04  -1.3184718E-03   9.2883129E-04  -4.6363217E-05   1.0075304E-04  -1.4317168E-04  -1.0976782E-03   2.1073700E-08   2.5541274E-08
  1.3447611E-08  -6.4224934E-07   2.1133725E-07   1.5206788E-07   2.4357351E-05  -2.0198166E-05  -4.2535215E-07  -4.5950778E-07   1.3932674E-08  -9.6894331E-05   1.4476332E-06   3.3540945E-05  -7.1374820E-04  -2.8544171E-04  -9.4010977E-05  -2.1471312E-05  -5.9242274E-05  -1.5062521E-06  -2.3464556E-07   1.6070667E-05   5.6736944E-05  -4.7845244E-09  -1.1403327E-09
  2.3924944E-07  -4.5231923E-07   1.5206788E-07   5.0561421E-05   8.1906094E-06   3.8873791E-05   9.8501715E-05   6.4696625E-06  -4.9658101E-07  -4.4245066E-04   1.5287727E-05   1.3320494E-04  -4.7907888E-03  -3.8810591E-03  -1.9860121E-03  -1.2689621E-03  -4.1515586E-04  -9.8685259E-05  -1.5589187E-04  -4.3519192E-04  -8.5697733E-04   1.6556750E-08   1.7071188E-08
  1.6417172E-06  -7.7067447E-04   2.4357351E-05   8.1906094E-06   6.1112906E-02  -7.5509307E-03  -3.4454825E-04  -5.5013889E-04   2.1844026E-05  -8.2475724E-02   6.5065390E-04   2.2603912E-02  -4.3804693E-01  -3.9417201E-02   6.8958432E-02   1.3135960E-01  -3.6788236E-02   2.3146680E-03  -7.3240171E-03   1.5354712E-02   6.7393824E-02  -4.6599726E-07   3.8308537E-07
  5.8600735E-06   2.8722065E-04  -2.0198166E-05   3.8873791E-05  -7.5509307E-03   1.2489149E-02   5.3148300E-04   4.7451095E-04  -8.3486842E-08   6.8304437E-02  -1.0955018E-03  -1.9230840E-02   3.9158797E-01   1.6167829E-01   3.6775752E-02  -1.6768622E-02   3.4182714E-02   1.4543552E-03   4.3005991E-03   2.2715622E-03  -2.0255285E-02   1.5541095E-06   1.8760352E-06
  6.5872690E-07   1.3759840E-05  -4.2535215E-07   9.8501715E-05  -3.4454825E-04   5.3148300E-04   2.4576997E-04   2.1827378E-05   1.0886992E-05   7.4131817E-04   4.8046648E-05  -3.2480680E-04   7.5654097E-03   9.5538045E-04   1.8197711E-03   4.4774952E-03  -7.7483571E-04  -6.7364083E-04  -9.0684252E-04  -1.3335601E-03  -7.7949705E-04   2.2235741E-07   1.1069877E-07
  4.5465109E-07   1.0581901E-05  -4.5950778E-07   6.4696625E-06  -5.5013889E-04   4.7451095E-04   2.1827378E-05   3.6967296E-05   3.0330655E-07  -1.2226737E-03   5.2031292E-05   1.9365870E-04  -6.5938486E-03  -8.7737362E-04   2.3332043E-03   2.9340612E-03  -9.8054963E-04   4.9032291E-04   6.2388877E-05  -1.5225423E-04   2.1567104E-04  -4.1093564E-08  -6.9510919E-09
  1.6714000E-08  -3.2828797E-07   1.3932674E-08  -4.9658101E-07   2.1844026E-05  -8.3486842E-08   1.0886992E-05   3.0330655E-07   6.0715892E-06   6.1581802E-04   8.0973704E-07  -1.8072417E-06   4.0662433E-03   9.2047673E-04   6.5428804E-04   1.4779319E-03  -6.9150090E-05  -2.5526880E-05  -1.4546831E-05  -1.9488407E-05   7.6725981E-04  -4.9385394E-09   4.8327511E-09
 -9.1294084E-05   1.9973363E-03  -9.6894331E-05  -4.4245066E-04  -8.2475724E-02   6.8304437E-02   7.4131817E-04  -1.2226737E-03   6.1581802E-04   4.5022317E+01  -4.1113159E-01  -1.0949948E+00   3.8168328E+01   2.3580666E+00  -1.4271419E+01  -5.5563189E+01   2.2759163E-01   3.3370482E-01   6.0355723E-01  -5.6685324E+00  -3.3224198E+01  -1.9090918E-04   7.0192181E-04
  1.3348850E-06  -2.3056616E-05   1.4476332E-06   1.5287727E-05   6.5065390E-04  -1.0955018E-03   4.8046648E-05   5.2031292E-05   8.0973704E-07  -4.1113159E-01   8.1877658E-02  -3.6768842E-02  -5.8570182E-01   8.5494733E-01   1.6501116E+00   6.5497249E-01   3.7603302E-02  -1.0808401E-02   9.1120517E-03   1.0786998E-01   1.5988984E-01   3.1530334E-06  -1.4626172E-06
  3.6324737E-05  -5.3833061E-04   3.3540945E-05   1.3320494E-04   2.2603912E-02  -1.9230840E-02  -3.2480680E-04   1.9365870E-04  -1.8072417E-06  -1.0949948E+00  -3.6768842E-02   4.0264177E+00  -3.1714876E+01  -3.1216714E+00   8.4007778E+00   5.9511284E+00  -3.1061309E+00  -2.3461640E-01   1.3101523E-01   2.7439403E+00   3.5070828E+00   1.1064879E-04  -3.7146870E-05
 -5.1686111E-04   1.0992830E-02  -7.1374820E-04  -4.7907888E-03  -4.3804693E-01   3.9158797E-01   7.5654097E-03  -6.5938486E-03   4.0662433E-03   3.8168328E+01  -5.8570182E-01  -3.1714876E+01   8.0005445E+02   7.2540733E+01  -5.9092017E+01  -6.4423533E+01   1.7190017E+01  -6.2248942E+00   5.8612007E+00  -1.1553876E+01  -2.3641795E+01   3.8287958E-03   5.3355392E-04
 -3.3905190E-04   3.4847983E-03  -2.8544171E-04  -3.8810591E-03  -3.9417201E-02   1.6167829E-01   9.5538045E-04  -8.7737362E-04   9.2047673E-04   2.3580666E+00   8.5494733E-01  -3.1216714E+00   7.2540733E+01   6.4418298E+01   4.2193936E+01   1.8351233E+01  -5.0430100E+00  -3.4594177E-01  -1.1126006E+00   3.9301021E+00   5.0079929E+00   1.1500499E-04   1.3159574E-04
 -1.1996643E-04   3.2194601E-04  -9.4010977E-05  -1.9860121E-03   6.8958432E-02   3.6775752E-02   1.8197711E-03   2.3332043E-03   6.5428804E-04  -1.4271419E+01   1.6501116E+00   8.4007778E+00  -5.9092017E+01   4.2193936E+01   8.8842616E+01   5.8512114E+01  -1.3373796E+01  -1.0507502E+00  -7.0497257E-01   5.5692553E+00   1.0040077E+01   3.9824348E-04  -3.8026606E-04
 -4.0687020E-05  -1.3184718E-03  -2.1471312E-05  -1.2689621E-03   1.3135960E-01  -1.6768622E-02   4.4774952E-03   2.9340612E-03   1.4779319E-03  -5.5563189E+01   6.5497249E-01   5.9511284E+00  -6.4423533E+01   1.8351233E+01   5.8512114E+01   1.0762164E+02  -1.0745951E+01  -9.2030060E-01  -1.2866943E+00   5.8419214E+00   3.4214672E+01   4.2200037E-04  -1.3445432E-03
 -4.8059417E-05   9.2883129E-04  -5.9242274E-05  -4.1515586E-04  -3.6788236E-02   3.4182714E-02  -7.7483571E-04  -9.8054963E-04  -6.9150090E-05   2.2759163E-01   3.7603302E-02  -3.1061309E+00   1.7190017E+01  -5.0430100E+00  -1.3373796E+01  -1.0745951E+01   6.7607931E+00   8.3440805E-02  -2.1805968E-01  -2.3430306E+00  -2.7483739E+00  -8.2371311E-05   1.9365020E-05
  6.8225912E-06  -4.6363217E-05  -1.5062521E-06  -9.8685259E-05   2.3146680E-03   1.4543552E-03  -6.7364083E-04   4.9032291E-04  -2.5526880E-05   3.3370482E-01  -1.0808401E-02  -2.3461640E-01  -6.2248942E+00  -3.4594177E-01  -1.0507502E+00  -9.2030060E-01   8.3440805E-02   3.4558754E+00   5.9273876E-01   2.1287241E-01   4.4137123E-02   1.7162449E-04  -5.4034483E-06
  8.4090633E-09   1.0075304E-04  -2.3464556E-07  -1.5589187E-04  -7.3240171E-03   4.3005991E-03  -9.0684252E-04   6.2388877E-05  -1.4546831E-05   6.0355723E-01   9.1120517E-03   1.3101523E-01   5.8612007E+00  -1.1126006E+00  -7.0497257E-01  -1.2866943E+00  -2.1805968E-01   5.9273876E-01   3.1593340E+00   2.6921513E+00   2.6374015E+00  -1.6176773E-04  -4.4124208E-05
  4.6842583E-06  -1.4317168E-04   1.6070667E-05  -4.3519192E-04   1.5354712E-02   2.2715622E-03  -1.3335601E-03  -1.5225423E-04  -1.9488407E-05  -5.6685324E+00   1.0786998E-01   2.7439403E+00  -1.1553876E+01   3.9301021E+00   5.5692553E+00   5.8419214E+00  -2.3430306E+00   2.1287241E-01   2.6921513E+00   1.0752361E+01   1.9091103E+01   2.7359142E-05   4.0679370E-04
  3.8448085E-05  -1.0976782E-03   5.6736944E-05  -8.5697733E-04   6.7393824E-02  -2.0255285E-02  -7.7949705E-04   2.1567104E-04   7.6725981E-04  -3.3224198E+01   1.5988984E-01   3.5070828E+00  -2.3641795E+01   5.0079929E+00   1.0040077E+01   3.4214672E+01  -2.7483739E+00   4.4137123E-02   2.6374015E+00   1.9091103E+01   5.3185615E+01   1.4871322E-04   9.4495908E-04
  2.5812572E-09   2.1073700E-08  -4.7845244E-09   1.6556750E-08  -4.6599726E-07   1.5541095E-06   2.2235741E-07  -4.1093564E-08  -4.9385394E-09  -1.9090918E-04   3.1530334E-06   1.1064879E-04   3.8287958E-03   1.1500499E-04   3.9824348E-04   4.2200037E-04  -8.2371311E-05   1.7162449E-04  -1.6176773E-04   2.7359142E-05   1.4871322E-04   3.7559998E-07   3.4010176E-09
 -7.1475535E-10   2.5541274E-08  -1.1403327E-09   1.7071188E-08   3.8308537E-07   1.8760352E-06   1.1069877E-07  -6.9510919E-09   4.8327511E-09   7.0192181E-04  -1.4626172E-06  -3.7146870E-05   5.3355392E-04   1.3159574E-04  -3.8026606E-04  -1.3445432E-03   1.9365020E-05  -5.4034483E-06  -4.4124208E-05   4.0679370E-04   9.4495908E-04   3.4010176E-09   3.8230157E-07
