# omegabh2 omegach2 theta tau mnu logA ns calPlanck acib217 xi asz143 aps100 aps143 aps143217 aps217 aksz kgal100 kgal143 kgal143217 kgal217 galfTE100 galfTE100143 galfTE100217 galfTE143 galfTE143217 galfTE217 cal0 cal2 DES_b1 DES_b2 DES_b3 DES_b4 DES_b5 DES_m1 DES_m2 DES_m3 DES_m4 DES_AIA DES_alphaIA DES_DzL1 DES_DzL2 DES_DzL3 DES_DzL4 DES_DzL5 DES_DzS1 DES_DzS2 DES_DzS3 DES_DzS4
  1.7704244E-08  -4.2022062E-08   9.2907677E-09   1.4923706E-07   3.5709417E-07   3.1372248E-07   1.2123484E-07   1.6242136E-08  -7.0734052E-05   1.0386165E-06   1.6445018E-05  -3.0256514E-04  -1.8706079E-04  -6.0082368E-05   1.9022034E-05  -3.1488252E-05  -2.8651648E-06  -5.7583977E-06  -5.2391504E-06   1.7231752E-05   2.7466083E-08  -7.0398270E-08  -8.9777532E-08  -2.1475841E-07  -3.3264238E-07  -1.5502867E-06   3.3081359E-09  -6.3698809E-10  -2.0889573E-07   1.3872537E-07   1.2274902E-07  -3.3112703E-08   6.3031260E-08   2.0677108E-08   9.3907210E-09   2.5045747E-07   1.9198776E-07  -2.7036071E-07   1.6999723E-05   1.0847549E-08   2.0082706E-08   9.5161862E-09   1.6035428E-08   6.6816712E-09  -2.4231347E-08   3.2778176E-08   6.6078452E-08   1.1220758E-07
 -4.2022062E-08   8.1324493E-07  -3.6504200E-08  -1.7228384E-06  -1.3158910E-05  -1.6552356E-06  -1.9626223E-06  -1.4193975E-07  -4.5570501E-06  -5.9571845E-07  -4.8090022E-05   8.0602448E-04   4.4849098E-04   2.1774106E-04   1.6146243E-04   3.2272841E-05  -2.3158522E-05  -3.1587909E-05  -2.7114090E-05  -1.1378687E-07   4.3427075E-09   2.3676746E-07   3.8844481E-07   6.2151455E-07   1.1376826E-06   3.0512150E-06   3.3194165E-09   1.9242442E-09  -2.2601102E-06  -7.3379170E-06  -8.1009090E-06  -8.6079275E-06  -7.9225998E-06  -1.5775325E-07  -7.9821413E-08  -3.9279156E-06  -2.7670029E-06   5.9678780E-06  -2.4137244E-04  -1.6859419E-07  -1.2321901E-07  -5.0384058E-08  -2.7866695E-07  -1.4635595E-07   2.2915481E-07  -5.1556793E-07  -1.0272205E-06  -2.2238019E-06
  9.2907677E-09  -3.6504200E-08   7.9937320E-08   1.2672096E-07   5.7604417E-08   2.8736857E-07   1.8944448E-07   1.8033455E-08   2.5737680E-05   3.3774917E-07  -2.2355592E-06  -1.2494192E-05  -3.2132186E-05  -1.9477757E-05  -3.1040530E-05   3.4866909E-06   4.8872085E-07  -2.6750428E-06  -1.1551487E-05  -3.3615968E-05   5.1996194E-08  -2.3742301E-08  -3.5624937E-07   4.7396656E-08  -1.6703184E-07  -4.4920309E-07   4.7940753E-10   1.9622483E-09  -9.5448110E-07  -1.6708456E-07  -3.4598668E-07  -5.8648515E-07  -3.6597423E-07   1.1753491E-07   4.8581825E-08   2.7135562E-07   2.0324007E-07   4.6034293E-07   2.1989699E-05  -1.5238033E-09   1.7954341E-08   2.7287718E-08  -5.7600710E-09   3.2269154E-09  -1.6904052E-08   6.9724149E-08   8.0857143E-08   9.4994143E-08
  1.4923706E-07  -1.7228384E-06   1.2672096E-07   4.6087313E-05   5.0233031E-05   8.6960335E-05   5.6778392E-06  -4.2579818E-07  -1.1695898E-03  -5.0605578E-06   4.7857934E-04  -9.0399747E-03  -3.7728173E-03  -9.1787099E-04   4.4574550E-04  -7.0224574E-04  -2.9274470E-05  -1.1150085E-04  -1.4412403E-04   2.0993599E-04   9.0583588E-07  -2.3001390E-06   2.8807678E-06  -2.5221782E-06  -2.6566629E-06   2.4136418E-06   9.1696083E-09   7.3723655E-09  -3.8453176E-05  -3.6343133E-05  -3.7077385E-05  -5.7050568E-05  -5.1411665E-05   5.8416224E-07  -1.4085039E-06  -4.9361518E-06  -2.9960670E-06   1.0557211E-05  -2.7820499E-04  -7.1890225E-07  -2.0485019E-07   3.7520009E-07  -4.2091100E-08   4.9799418E-07   7.4475008E-07  -1.1808270E-07  -1.5828121E-06  -3.1573836E-06
  3.5709417E-07  -1.3158910E-05   5.7604417E-08   5.0233031E-05   3.0891699E-03   7.0548422E-05   2.7958690E-05   5.1301164E-06   1.0130656E-02  -2.3554284E-04  -4.9582233E-05   2.4115919E-02   4.3951550E-03  -5.5212383E-03  -1.1569878E-02   1.7822504E-03   9.4855138E-04   2.1276851E-03   2.1200785E-03  -8.3310599E-04   1.4822841E-05  -1.7534669E-05   8.5908803E-06  -2.9523191E-05  -5.3626667E-05  -5.3826446E-05  -1.3409435E-07   2.9084478E-07   1.1923771E-03   1.4179492E-03   1.3979352E-03   1.6788134E-03   1.6117177E-03   8.6790906E-06  -1.1954937E-05   9.5407246E-05   7.2384743E-05  -5.5258444E-04   3.4252557E-03  -2.5942328E-06  -2.0087180E-06  -5.8323437E-06   6.0417819E-06  -2.5336003E-06  -1.1470063E-05   4.7481206E-06   2.6624793E-05   7.2729502E-05
  3.1372248E-07  -1.6552356E-06   2.8736857E-07   8.6960335E-05   7.0548422E-05   1.9567510E-04   5.4705656E-06   1.1128613E-05  -2.8073394E-03   4.1482447E-05   8.1820777E-04  -1.5324285E-02  -5.5928479E-03   1.3897792E-03   7.2438394E-03  -2.1134745E-03  -5.2341090E-04  -9.5194868E-04  -1.0393542E-03   1.6423901E-03   3.9637522E-06  -4.7521215E-06   6.7773014E-07  -3.0213130E-06  -1.7795808E-06   3.3650022E-05   1.7895672E-07   6.4901619E-09  -1.0005238E-04  -1.1055270E-04  -1.1257424E-04  -1.5762050E-04  -1.4641707E-04   3.8493103E-07  -3.9588607E-06  -2.1336945E-05  -1.3129053E-05   4.2485739E-05  -1.1642069E-03  -2.0730033E-06  -8.5987110E-07   9.7447883E-07  -7.2288320E-07   4.7404407E-07   2.9358674E-06  -1.2254411E-06  -6.2880838E-06  -1.3979819E-05
  1.2123484E-07  -1.9626223E-06   1.8944448E-07   5.6778392E-06   2.7958690E-05   5.4705656E-06   1.3836995E-05   2.9446371E-07  -3.9126335E-03   9.5930465E-05   9.2989282E-04  -2.1974211E-02  -5.7652373E-03   1.9809669E-03   4.7931354E-03  -2.1365517E-03   3.1653082E-04  -2.4298607E-04  -1.9185105E-04   1.2097101E-03   8.1270637E-07  -2.3162203E-07  -1.9353000E-06  -1.4710433E-06  -2.0725048E-07  -7.0033072E-07  -9.9443191E-08  -5.8344861E-08   4.9103208E-06   1.5668387E-05   1.5818181E-05   1.7225292E-05   1.9778048E-05   4.9816194E-07   3.2615426E-08   8.8032392E-06   6.3984788E-06  -9.8681061E-06   5.8732318E-04   5.2579750E-07   3.6007712E-07   1.3326036E-07   6.0993632E-07   5.1118310E-07  -3.5743968E-07   1.3471526E-06   2.0383297E-06   5.4943346E-06
  1.6242136E-08  -1.4193975E-07   1.8033455E-08  -4.2579818E-07   5.1301164E-06   1.1128613E-05   2.9446371E-07   6.0884622E-06   6.0611072E-04   5.5688521E-06  -2.0912324E-05   2.8909732E-03   4.4382351E-04   4.9960177E-04   1.3774942E-03   5.7285411E-06  -2.9176086E-05  -2.2589493E-05  -8.9666168E-05   6.3059608E-04   9.9381500E-07  -6.4607808E-07  -9.9300619E-07  -1.5390674E-07   1.3040694E-06   1.6170986E-05  -4.6275408E-09  -2.6829748E-09  -5.8244314E-06  -6.3230891E-06  -6.0404015E-06  -6.8877348E-06  -7.4584251E-06  -6.9579219E-08  -5.5385963E-07  -7.8977574E-07  -6.4137580E-08   2.9720053E-06  -2.9664598E-05  -9.1954392E-08  -1.3302387E-07   1.1437455E-07   7.3337553E-08   2.5583750E-08   7.2128208E-07   2.3708195E-07  -2.4726512E-07  -8.6642690E-07
 -7.0734052E-05  -4.5570501E-06   2.5737680E-05  -1.1695898E-03   1.0130656E-02  -2.8073394E-03  -3.9126335E-03   6.0611072E-04   4.4306319E+01  -3.9373308E-01  -8.3772422E-01   3.7113143E+01   2.3429353E+00  -1.2617208E+01  -5.4413644E+01  -2.9311701E-01   2.9183618E-01   5.7296246E-01  -5.7999645E+00  -3.3227609E+01   2.4745999E-03  -9.6586935E-04   4.9638089E-03  -5.1187172E-03  -6.6417444E-03   1.9076210E-03  -1.5781947E-04   6.8611966E-04   5.1761111E-03   1.2454841E-02   5.9059947E-03   8.1711856E-03  -1.8763386E-04   9.2410805E-04   4.7617938E-04   1.8553750E-03   2.8657223E-04  -9.7464009E-04   3.2071530E-03   8.5859810E-04   1.2592614E-04  -3.0338743E-04   1.9191912E-04   2.1883383E-04   1.3061854E-05  -1.1834831E-04   4.5331409E-04  -2.2811304E-04
  1.0386165E-06  -5.9571845E-07   3.3774917E-07  -5.0605578E-06  -2.3554284E-04   4.1482447E-05   9.5930465E-05   5.5688521E-06  -3.9373308E-01   8.2498325E-02  -2.9684774E-02  -6.2230839E-01   9.3410685E-01   1.7660924E+00   6.6553562E-01   2.9000338E-02  -7.2370386E-03   1.5242638E-02   1.3106739E-01   1.8094443E-01  -1.9462820E-04  -1.1462703E-04  -1.5647000E-04   1.5688984E-04   1.9261507E-04   4.6636152E-04   5.0663645E-06   7.6328470E-07  -1.1243413E-04  -1.2122905E-04  -1.5937195E-04  -1.3743114E-04  -1.3741519E-04   3.2932569E-05   6.2286786E-05  -4.6620853E-05  -7.4915801E-06  -3.8573794E-04   8.6272600E-04   1.1681317E-05  -2.3593882E-05   8.3127066E-06   4.2737862E-05  -3.8390552E-05  -1.4718191E-05   4.9852951E-06  -8.0421630E-06   6.0686851E-05
  1.6445018E-05  -4.8090022E-05  -2.2355592E-06   4.7857934E-04  -4.9582233E-05   8.1820777E-04   9.2989282E-04  -2.0912324E-05  -8.3772422E-01  -2.9684774E-02   3.9125960E+00  -3.0565749E+01  -3.0259382E+00   8.1110522E+00   5.4247838E+00  -2.7879434E+00  -2.1823194E-01   1.0396041E-01   2.6508336E+00   3.2764070E+00  -7.3534710E-04  -1.3204550E-04   1.5394002E-03  -1.2113165E-03  -9.1495654E-04   3.3956695E-03   1.0517748E-04  -3.6485527E-05  -2.0018306E-04  -2.1196492E-03  -4.0767351E-04  -5.3011704E-04   1.7959374E-03   1.6156382E-04   5.0563880E-04   1.6455845E-04   8.0963141E-05  -1.2222655E-04  -1.0985762E-02  -6.1941359E-05  -9.9690315E-05   1.3197955E-05  -3.5187875E-04  -1.6171980E-05  -1.2979340E-04   2.1398824E-04  -5.3773436E-05  -4.2122918E-04
 -3.0256514E-04   8.0602448E-04  -1.2494192E-05  -9.0399747E-03   2.4115919E-02  -1.5324285E-02  -2.1974211E-02   2.8909732E-03   3.7113143E+01  -6.2230839E-01  -3.0565749E+01   7.8186316E+02   6.7520606E+01  -5.7726542E+01  -6.3870068E+01   1.4166791E+01  -6.2326302E+00   6.3279278E+00  -1.1844462E+01  -2.4370165E+01   8.5463308E-03  -5.7367747E-03   1.3875692E-02   1.9493156E-03  -1.7922206E-02  -7.6119686E-02   3.7757020E-03   5.4952199E-04   2.9185114E-02   2.6095307E-02   3.3379740E-02   1.7761758E-02   1.0136507E-02  -3.5761891E-03  -5.7020824E-03  -4.3880709E-04  -2.6775544E-03  -2.6611085E-02  -8.7416290E-01   6.1812117E-04   1.2623912E-03  -7.5386125E-04   4.8851946E-03  -1.5623250E-04   7.4770891E-03  -8.3679996E-04   3.1453805E-04   2.3759257E-03
 -1.8706079E-04   4.4849098E-04  -3.2132186E-05  -3.7728173E-03   4.3951550E-03  -5.5928479E-03  -5.7652373E-03   4.4382351E-04   2.3429353E+00   9.3410685E-01  -3.0259382E+00   6.7520606E+01   6.1667834E+01   4.1568776E+01   1.4846417E+01  -5.3446160E+00  -4.5412729E-01  -1.2903289E+00   3.3570396E+00   3.6337789E+00  -1.6941169E-03   9.7454926E-04  -2.5116659E-03   1.8792338E-03  -2.4858272E-03   1.5012995E-02   8.0588588E-05   1.6215194E-04   7.4277059E-03   1.9687533E-03   4.7190764E-03   7.4278579E-03   9.7256744E-03  -2.4974551E-04   1.5776106E-03  -3.8503900E-03  -1.3788281E-03  -1.2572202E-02  -2.2664779E-01   9.8059655E-05  -1.9568004E-04   3.2828442E-06   1.2413491E-03  -6.3604859E-04  -1.1520678E-05   4.3102863E-04   4.7329888E-04  -1.1407203E-03
 -6.0082368E-05   2.1774106E-04  -1.9477757E-05  -9.1787099E-04  -5.5212383E-03   1.3897792E-03   1.9809669E-03   4.9960177E-04  -1.2617208E+01   1.7660924E+00   8.1110522E+00  -5.7726542E+01   4.1568776E+01   8.8392075E+01   5.3326506E+01  -1.2434782E+01  -9.2680564E-01  -7.3940293E-01   5.3476649E+00   8.3938920E+00  -5.1098019E-03  -4.1703288E-04   1.9881762E-03   1.0950532E-03   2.8814456E-03   1.4192452E-02   4.2809061E-04  -2.9277992E-04   2.7996633E-03  -1.1634913E-02  -4.2490231E-03  -1.4197789E-03   9.2068474E-03   5.3332153E-04   3.8803928E-03  -2.6530845E-03  -1.2828254E-03  -1.4565085E-02  -2.2668425E-01   7.1312326E-05  -1.0877245E-03   2.8555887E-04   7.0562519E-04  -1.4155859E-03  -1.8821860E-04   1.1279521E-03  -3.7587126E-04  -2.0011244E-03
  1.9022034E-05   1.6146243E-04  -3.1040530E-05   4.4574550E-04  -1.1569878E-02   7.2438394E-03   4.7931354E-03   1.3774942E-03  -5.4413644E+01   6.6553562E-01   5.4247838E+00  -6.3870068E+01   1.4846417E+01   5.3326506E+01   1.0241923E+02  -9.2612065E+00  -9.0354086E-01  -1.3829437E+00   5.4002084E+00   3.3121711E+01  -4.7043133E-03   1.8955956E-03  -1.5477296E-03   7.5565529E-03   1.1184702E-02   4.1281344E-04   3.8166167E-04  -1.2740778E-03  -1.2722654E-03  -2.3490860E-02  -8.9950037E-03  -1.1609261E-02   3.7668059E-03  -1.8546159E-03   8.7439838E-04  -3.4404356E-03  -7.1954876E-04  -2.1128075E-03  -1.2022829E-01  -9.3713658E-04  -7.0795584E-04   5.4447325E-04   4.3202256E-04  -9.4164089E-04   6.6997429E-04   5.9855225E-04  -9.3297015E-04  -2.8148887E-03
 -3.1488252E-05   3.2272841E-05   3.4866909E-06  -7.0224574E-04   1.7822504E-03  -2.1134745E-03  -2.1365517E-03   5.7285411E-06  -2.9311701E-01   2.9000338E-02  -2.7879434E+00   1.4166791E+01  -5.3446160E+00  -1.2434782E+01  -9.2612065E+00   5.9708214E+00   1.7182469E-01  -1.3473772E-01  -2.0824533E+00  -2.1979514E+00   1.0050977E-04  -1.0133368E-03  -2.3200031E-04   6.7000611E-04   1.5070828E-03   2.6219197E-03  -7.2913013E-05  -7.6781566E-07  -8.1735803E-05   3.1784519E-03   2.0426301E-03   2.2871674E-03  -1.8543016E-04   3.1823727E-04  -9.6064293E-04   1.2667325E-04  -3.3159570E-04   1.0367544E-03   1.1772561E-02  -3.4985407E-05  -1.1556302E-04   9.7822814E-05  -3.9211799E-05   1.1235300E-04   6.5794935E-05  -1.5017834E-04   4.3220022E-05   1.0441950E-03
 -2.8651648E-06  -2.3158522E-05   4.8872085E-07  -2.9274470E-05   9.4855138E-04  -5.2341090E-04   3.1653082E-04  -2.9176086E-05   2.9183618E-01  -7.2370386E-03  -2.1823194E-01  -6.2326302E+00  -4.5412729E-01  -9.2680564E-01  -9.0354086E-01   1.7182469E-01   3.3649498E+00   5.4687995E-01   1.4065371E-01   4.0990746E-02  -6.7369109E-04  -4.3631762E-04  -1.3293670E-03   1.3176226E-05  -7.4204546E-04  -2.8190751E-03   1.7033280E-04   1.3454582E-05  -4.7566516E-04   6.3693667E-04   1.0099066E-03   2.0053064E-03   8.3349210E-04   7.6928981E-04   2.1596014E-05  -1.2410579E-05  -1.4412994E-04   4.1246416E-03  -1.2415133E-02  -9.5419455E-05  -7.3320537E-05  -1.3134009E-06  -1.3021121E-04  -1.1959342E-04  -2.2064063E-04   1.4477053E-04   1.7848189E-04   1.4872585E-04
 -5.7583977E-06  -3.1587909E-05  -2.6750428E-06  -1.1150085E-04   2.1276851E-03  -9.5194868E-04  -2.4298607E-04  -2.2589493E-05   5.7296246E-01   1.5242638E-02   1.0396041E-01   6.3279278E+00  -1.2903289E+00  -7.3940293E-01  -1.3829437E+00  -1.3473772E-01   5.4687995E-01   3.1782721E+00   2.6654547E+00   2.6232877E+00  -1.5464726E-04  -5.0381198E-04   1.2167697E-03   6.1189711E-04   1.6521643E-03  -1.5506714E-04  -1.7395420E-04  -4.3862614E-05   2.3576015E-03   1.9847597E-03   2.4891253E-03   2.5128297E-03   2.5681168E-03   3.0705862E-04   3.7011337E-04   2.7235349E-04   5.7728341E-04   3.1309010E-03  -1.5119823E-03   8.7256278E-05   5.6028182E-05  -1.8358637E-04   2.8226066E-05   1.6670838E-04   2.7867388E-04  -7.1192037E-05   9.7380085E-05  -1.8833051E-04
 -5.2391504E-06  -2.7114090E-05  -1.1551487E-05  -1.4412403E-04   2.1200785E-03  -1.0393542E-03  -1.9185105E-04  -8.9666168E-05  -5.7999645E+00   1.3106739E-01   2.6508336E+00  -1.1844462E+01   3.3570396E+00   5.3476649E+00   5.4002084E+00  -2.0824533E+00   1.4065371E-01   2.6654547E+00   1.0663671E+01   1.9020078E+01  -1.2214969E-03  -5.3512707E-04  -1.7811461E-03  -3.3838093E-04  -1.3812738E-03   8.5342935E-03  -3.0577877E-05   4.1100518E-04   2.1808589E-03   1.3254755E-03   3.0097717E-03   1.7232977E-03   4.6112475E-03   5.1569096E-05   7.2955006E-04  -2.6337574E-04   4.2684245E-04   2.4160244E-03   3.8765009E-02  -1.6649500E-04   5.8660826E-05  -1.7412106E-04  -1.2018212E-04   2.3723424E-04  -3.4186294E-04   4.2711688E-05  -2.9813574E-06   3.1040778E-05
  1.7231752E-05  -1.1378687E-07  -3.3615968E-05   2.0993599E-04  -8.3310599E-04   1.6423901E-03   1.2097101E-03   6.3059608E-04  -3.3227609E+01   1.8094443E-01   3.2764070E+00  -2.4370165E+01   3.6337789E+00   8.3938920E+00   3.3121711E+01  -2.1979514E+00   4.0990746E-02   2.6232877E+00   1.9020078E+01   5.2948172E+01  -1.9844190E-03   4.0257509E-04  -4.9558650E-03   1.0736109E-03  -9.6242015E-04   1.7237274E-02   2.6774020E-05   9.2904875E-04  -1.3396266E-03  -4.3957752E-03  -3.8626963E-05  -2.0245906E-03   5.9977926E-03  -7.8310102E-04   2.6220591E-04  -1.6284753E-03  -3.4522221E-04   4.1064848E-03   5.2207675E-02  -8.0407642E-04   1.2640472E-04  -1.4513551E-04  -3.3992535E-04   4.6353727E-04  -4.8000866E-04   3.5324584E-04  -3.7080313E-04   2.4958551E-04
  2.7466083E-08   4.3427075E-09   5.1996194E-08   9.0583588E-07   1.4822841E-05   3.9637522E-06   8.1270637E-07   9.9381500E-07   2.4745999E-03  -1.9462820E-04  -7.3534710E-04   8.5463308E-03  -1.6941169E-03  -5.1098019E-03  -4.7043133E-03   1.0050977E-04  -6.7369109E-04  -1.5464726E-04  -1.2214969E-03  -1.9844190E-03   1.4485378E-03   2.5574557E-04   7.9389297E-05  -3.8553919E-04  -1.2651335E-04  -2.6895854E-04  -8.2958415E-08   1.5429431E-07  -1.1959731E-05  -5.1356696E-06  -2.7929861E-06  -1.2799535E-05   1.8183452E-05  -3.2796142E-06  -3.7110135E-06   1.1307773E-06  -2.3934115E-06  -1.7286297E-05   6.4752103E-04  -6.9560575E-07   4.2003112E-07   8.5791321E-07  -3.2868599E-06  -1.5122891E-06  -1.6240288E-07  -1.8505209E-06  -6.0788172E-07   9.7918897E-06
 -7.0398270E-08   2.3676746E-07  -2.3742301E-08  -2.3001390E-06  -1.7534669E-05  -4.7521215E-06  -2.3162203E-07  -6.4607808E-07  -9.6586935E-04  -1.1462703E-04  -1.3204550E-04  -5.7367747E-03   9.7454926E-04  -4.1703288E-04   1.8955956E-03  -1.0133368E-03  -4.3631762E-04  -5.0381198E-04  -5.3512707E-04   4.0257509E-04   2.5574557E-04   8.4939163E-04   7.5772289E-05   6.9814708E-04   5.0435449E-05  -6.2174068E-04  -1.6472733E-07  -4.3346175E-08   2.6747649E-06  -7.3608670E-06  -1.3608303E-05  -2.8013902E-05   9.3130030E-06  -8.5364758E-06   4.3390452E-06   2.5630452E-06   7.3614094E-06  -4.2774244E-05  -1.8849552E-04   7.9253007E-07   1.0140610E-07   3.8021074E-07  -2.0896875E-06   1.8836126E-06  -1.4265344E-06  -2.3109478E-06   1.8717583E-07   1.5425147E-06
 -8.9777532E-08   3.8844481E-07  -3.5624937E-07   2.8807678E-06   8.5908803E-06   6.7773014E-07  -1.9353000E-06  -9.9300619E-07   4.9638089E-03  -1.5647000E-04   1.5394002E-03   1.3875692E-02  -2.5116659E-03   1.9881762E-03  -1.5477296E-03  -2.3200031E-04  -1.3293670E-03   1.2167697E-03  -1.7811461E-03  -4.9558650E-03   7.9389297E-05   7.5772289E-05   7.1017234E-03  -2.2175373E-04   6.0322395E-04   4.4970271E-03  -4.5122148E-07  -8.5915059E-08   3.9586493E-05  -1.0178400E-05  -6.0856823E-05  -4.9221267E-05   9.3091412E-06   1.6757912E-05  -9.3496598E-06  -2.9134728E-05   1.2650393E-05  -3.7038318E-06   6.2321714E-04   1.7991434E-05   5.6987686E-06  -6.8133232E-07  -4.1224669E-07  -9.7423375E-07  -2.6716330E-06  -1.0584745E-06  -1.8305228E-06  -2.3078447E-05
 -2.1475841E-07   6.2151455E-07   4.7396656E-08  -2.5221782E-06  -2.9523191E-05  -3.0213130E-06  -1.4710433E-06  -1.5390674E-07  -5.1187172E-03   1.5688984E-04  -1.2113165E-03   1.9493156E-03   1.8792338E-03   1.0950532E-03   7.5565529E-03   6.7000611E-04   1.3176226E-05   6.1189711E-04  -3.3838093E-04   1.0736109E-03  -3.8553919E-04   6.9814708E-04  -2.2175373E-04   2.8377194E-03   5.1659505E-04  -8.3527540E-04   4.2933923E-07  -3.8100101E-07   1.0866312E-05  -5.2376121E-05  -1.0125509E-05  -5.2195623E-06  -2.5709018E-05   4.1771820E-06  -4.1657422E-06  -5.9813754E-06   3.2263913E-06   1.9217682E-05  -6.2614653E-04  -5.8828034E-06  -3.2022465E-06   5.6917001E-07   9.4454316E-07   2.7771274E-06   1.6808067E-06  -3.4353774E-06   1.2307438E-06  -2.7418731E-06
 -3.3264238E-07   1.1376826E-06  -1.6703184E-07  -2.6566629E-06  -5.3626667E-05  -1.7795808E-06  -2.0725048E-07   1.3040694E-06  -6.6417444E-03   1.9261507E-04  -9.1495654E-04  -1.7922206E-02  -2.4858272E-03   2.8814456E-03   1.1184702E-02   1.5070828E-03  -7.4204546E-04   1.6521643E-03  -1.3812738E-03  -9.6242015E-04  -1.2651335E-04   5.0435449E-05   6.0322395E-04   5.1659505E-04   6.3948988E-03   7.7148253E-03  -6.6304826E-07  -3.0979601E-07  -3.1738049E-05  -6.9882280E-05  -4.2603500E-05  -3.0324749E-05  -6.7595257E-05   3.0676081E-05  -3.8670070E-05  -2.4124071E-06  -1.9272106E-05  -6.8086760E-05   6.6161370E-04   7.2214968E-07  -7.5677643E-06  -6.5630646E-06   8.3939036E-06  -4.4907440E-07   2.0256409E-06   6.3231946E-06  -5.8731883E-06   1.7163975E-05
 -1.5502867E-06   3.0512150E-06  -4.4920309E-07   2.4136418E-06  -5.3826446E-05   3.3650022E-05  -7.0033072E-07   1.6170986E-05   1.9076210E-03   4.6636152E-04   3.3956695E-03  -7.6119686E-02   1.5012995E-02   1.4192452E-02   4.1281344E-04   2.6219197E-03  -2.8190751E-03  -1.5506714E-04   8.5342935E-03   1.7237274E-02  -2.6895854E-04  -6.2174068E-04   4.4970271E-03  -8.3527540E-04   7.7148253E-03   7.2526913E-02  -1.0107891E-06   1.3512780E-06  -3.3647357E-05  -1.4918495E-04  -5.0922203E-06  -7.2226364E-05  -3.8201932E-04  -1.6417659E-05  -1.4415037E-04  -3.4220910E-05  -7.8230303E-06  -3.7913978E-04  -3.2383911E-03   1.6857035E-05  -3.3778925E-06  -6.9378948E-06  -7.6472261E-06  -1.9830772E-05   3.7806860E-06  -1.6973273E-05   8.2167883E-06  -1.6243535E-05
  3.3081359E-09   3.3194165E-09   4.7940753E-10   9.1696083E-09  -1.3409435E-07   1.7895672E-07  -9.9443191E-08  -4.6275408E-09  -1.5781947E-04   5.0663645E-06   1.0517748E-04   3.7757020E-03   8.0588588E-05   4.2809061E-04   3.8166167E-04  -7.2913013E-05   1.7033280E-04  -1.7395420E-04  -3.0577877E-05   2.6774020E-05  -8.2958415E-08  -1.6472733E-07  -4.5122148E-07   4.2933923E-07  -6.6304826E-07  -1.0107891E-06   3.6864334E-07  -9.6390750E-10   3.1197100E-08  -6.8016639E-07   1.6195656E-07  -2.6244796E-07  -4.0006250E-07   8.0186508E-08   6.6183777E-09  -4.7706098E-08  -1.2069791E-07   1.8805431E-07   1.0718357E-05   9.4191590E-09  -1.2791751E-09   4.0000239E-08  -2.0997851E-08  -8.6434401E-08  -4.7867548E-08   2.0748893E-08   2.9199078E-08   3.7580209E-08
 -6.3698809E-10   1.9242442E-09   1.9622483E-09   7.3723655E-09   2.9084478E-07   6.4901619E-09  -5.8344861E-08  -2.6829748E-09   6.8611966E-04   7.6328470E-07  -3.6485527E-05   5.4952199E-04   1.6215194E-04  -2.9277992E-04  -1.2740778E-03  -7.6781566E-07   1.3454582E-05  -4.3862614E-05   4.1100518E-04   9.2904875E-04   1.5429431E-07  -4.3346175E-08  -8.5915059E-08  -3.8100101E-07  -3.0979601E-07   1.3512780E-06  -9.6390750E-10   3.8684529E-07  -1.7196711E-07   4.7528738E-07   3.1045544E-09   3.4389059E-07   4.3823008E-07   1.1962073E-09  -1.4166278E-07   1.8983572E-08   3.4222875E-08   2.3515026E-07   1.1034012E-05  -5.9215845E-08  -6.0699029E-11   2.1601057E-08  -2.1018978E-08   5.2887173E-08  -7.1267163E-08  -6.5821725E-09  -1.7566565E-08   6.1929956E-08
 -2.0889573E-07  -2.2601102E-06  -9.5448110E-07  -3.8453176E-05   1.1923771E-03  -1.0005238E-04   4.9103208E-06  -5.8244314E-06   5.1761111E-03  -1.1243413E-04  -2.0018306E-04   2.9185114E-02   7.4277059E-03   2.7996633E-03  -1.2722654E-03  -8.1735803E-05  -4.7566516E-04   2.3576015E-03   2.1808589E-03  -1.3396266E-03  -1.1959731E-05   2.6747649E-06   3.9586493E-05   1.0866312E-05  -3.1738049E-05  -3.3647357E-05   3.1197100E-08  -1.7196711E-07   5.7426559E-03   6.6891399E-04   5.9898249E-04   7.5114943E-04   6.9631344E-04  -1.2007241E-06   2.7286406E-05   1.5452608E-04   6.8159351E-05  -6.2848349E-04   1.2902762E-02   1.4570845E-04   9.0168249E-06   1.0716972E-05   2.3912892E-05  -4.2932893E-06  -3.0810363E-06   1.5659570E-05   3.5670785E-05   6.7717603E-05
  1.3872537E-07  -7.3379170E-06  -1.6708456E-07  -3.6343133E-05   1.4179492E-03  -1.1055270E-04   1.5668387E-05  -6.3230891E-06   1.2454841E-02  -1.2122905E-04  -2.1196492E-03   2.6095307E-02   1.9687533E-03  -1.1634913E-02  -2.3490860E-02   3.1784519E-03   6.3693667E-04   1.9847597E-03   1.3254755E-03  -4.3957752E-03  -5.1356696E-06  -7.3608670E-06  -1.0178400E-05  -5.2376121E-05  -6.9882280E-05  -1.4918495E-04  -6.8016639E-07   4.7528738E-07   6.6891399E-04   3.3669614E-03   7.4329978E-04   9.5128222E-04   9.1673872E-04   4.7703456E-06   5.2575517E-06   1.1200090E-04   9.3467476E-05  -7.5592668E-04   4.4819620E-03   5.0990014E-06   7.3780134E-05  -1.1118274E-06   2.1912693E-05   2.0477657E-06  -3.6377986E-06   7.1002851E-06   3.2757384E-05   6.7297580E-05
  1.2274902E-07  -8.1009090E-06  -3.4598668E-07  -3.7077385E-05   1.3979352E-03  -1.1257424E-04   1.5818181E-05  -6.0404015E-06   5.9059947E-03  -1.5937195E-04  -4.0767351E-04   3.3379740E-02   4.7190764E-03  -4.2490231E-03  -8.9950037E-03   2.0426301E-03   1.0099066E-03   2.4891253E-03   3.0097717E-03  -3.8626963E-05  -2.7929861E-06  -1.3608303E-05  -6.0856823E-05  -1.0125509E-05  -4.2603500E-05  -5.0922203E-06   1.6195656E-07   3.1045544E-09   5.9898249E-04   7.4329978E-04   2.5255072E-03   9.5341232E-04   8.9941386E-04   3.1057401E-06   3.6783414E-06   8.3639410E-05   7.3435872E-05  -4.8391545E-04   4.1079925E-03  -3.1528223E-06  -1.8509942E-07   5.8015764E-05   8.3291770E-06  -3.2424968E-06  -2.1978698E-05   5.8650576E-06   3.1014589E-05   5.5533424E-05
 -3.3112703E-08  -8.6079275E-06  -5.8648515E-07  -5.7050568E-05   1.6788134E-03  -1.5762050E-04   1.7225292E-05  -6.8877348E-06   8.1711856E-03  -1.3743114E-04  -5.3011704E-04   1.7761758E-02   7.4278579E-03  -1.4197789E-03  -1.1609261E-02   2.2871674E-03   2.0053064E-03   2.5128297E-03   1.7232977E-03  -2.0245906E-03  -1.2799535E-05  -2.8013902E-05  -4.9221267E-05  -5.2195623E-06  -3.0324749E-05  -7.2226364E-05  -2.6244796E-07   3.4389059E-07   7.5114943E-04   9.5128222E-04   9.5341232E-04   3.4666095E-03   1.1327221E-03  -1.4404669E-07   1.0407253E-05   8.2744169E-05   6.7198992E-05  -7.2673414E-04   5.2788762E-04  -3.7772009E-07   2.0464597E-06  -2.7758027E-07   1.1443709E-04  -2.6678091E-06  -5.9538698E-06   1.3962101E-05   3.6798318E-05   9.4067318E-05
  6.3031260E-08  -7.9225998E-06  -3.6597423E-07  -5.1411665E-05   1.6117177E-03  -1.4641707E-04   1.9778048E-05  -7.4584251E-06  -1.8763386E-04  -1.3741519E-04   1.7959374E-03   1.0136507E-02   9.7256744E-03   9.2068474E-03   3.7668059E-03  -1.8543016E-04   8.3349210E-04   2.5681168E-03   4.6112475E-03   5.9977926E-03   1.8183452E-05   9.3130030E-06   9.3091412E-06  -2.5709018E-05  -6.7595257E-05  -3.8201932E-04  -4.0006250E-07   4.3823008E-07   6.9631344E-04   9.1673872E-04   8.9941386E-04   1.1327221E-03   6.5571210E-03   7.5918736E-06  -1.4907366E-05   7.8968446E-05   5.1694259E-05  -5.3118782E-04   1.4208532E-03   5.3635927E-06   9.9575548E-06  -1.3536796E-06   2.9046046E-06   1.3223961E-04  -1.6655726E-05   8.9666530E-06   3.3738220E-05   7.5122432E-05
  2.0677108E-08  -1.5775325E-07   1.1753491E-07   5.8416224E-07   8.6790906E-06   3.8493103E-07   4.9816194E-07  -6.9579219E-08   9.2410805E-04   3.2932569E-05   1.6156382E-04  -3.5761891E-03  -2.4974551E-04   5.3332153E-04  -1.8546159E-03   3.1823727E-04   7.6928981E-04   3.0705862E-04   5.1569096E-05  -7.8310102E-04  -3.2796142E-06  -8.5364758E-06   1.6757912E-05   4.1771820E-06   3.0676081E-05  -1.6417659E-05   8.0186508E-08   1.1962073E-09  -1.2007241E-06   4.7703456E-06   3.1057401E-06  -1.4404669E-07   7.5918736E-06   5.1803067E-04   4.3863873E-06   2.1983540E-06   9.1969637E-06   8.0671189E-05  -3.4596460E-03   2.0968313E-07  -2.0755612E-06   2.2924468E-06   5.1919919E-07  -1.2199884E-06  -2.4973419E-05   9.0154174E-06   1.4298121E-06   1.9537618E-06
  9.3907210E-09  -7.9821413E-08   4.8581825E-08  -1.4085039E-06  -1.1954937E-05  -3.9588607E-06   3.2615426E-08  -5.5385963E-07   4.7617938E-04   6.2286786E-05   5.0563880E-04  -5.7020824E-03   1.5776106E-03   3.8803928E-03   8.7439838E-04  -9.6064293E-04   2.1596014E-05   3.7011337E-04   7.2955006E-04   2.6220591E-04  -3.7110135E-06   4.3390452E-06  -9.3496598E-06  -4.1657422E-06  -3.8670070E-05  -1.4415037E-04   6.6183777E-09  -1.4166278E-07   2.7286406E-05   5.2575517E-06   3.6783414E-06   1.0407253E-05  -1.4907366E-05   4.3863873E-06   4.9073937E-04   1.0720503E-05   3.3471024E-06   1.7271719E-04  -3.1138006E-03  -3.3323302E-07  -1.7665196E-06   4.0498878E-07   1.0344321E-06   1.4534367E-06   2.2398359E-05  -3.2505958E-05   1.8649458E-06   5.8325309E-06
  2.5045747E-07  -3.9279156E-06   2.7135562E-07  -4.9361518E-06   9.5407246E-05  -2.1336945E-05   8.8032392E-06  -7.8977574E-07   1.8553750E-03  -4.6620853E-05   1.6455845E-04  -4.3880709E-04  -3.8503900E-03  -2.6530845E-03  -3.4404356E-03   1.2667325E-04  -1.2410579E-05   2.7235349E-04  -2.6337574E-04  -1.6284753E-03   1.1307773E-06   2.5630452E-06  -2.9134728E-05  -5.9813754E-06  -2.4124071E-06  -3.4220910E-05  -4.7706098E-08   1.8983572E-08   1.5452608E-04   1.1200090E-04   8.3639410E-05   8.2744169E-05   7.8968446E-05   2.1983540E-06   1.0720503E-05   3.9386368E-04   3.0982879E-05  -7.3206402E-05   1.0319985E-03   1.0540290E-06  -1.4576449E-06  -8.4558663E-07  -9.5864999E-07   2.5826427E-06   2.3264539E-06   5.6640172E-06  -4.3753091E-05   1.7651965E-05
  1.9198776E-07  -2.7670029E-06   2.0324007E-07  -2.9960670E-06   7.2384743E-05  -1.3129053E-05   6.3984788E-06  -6.4137580E-08   2.8657223E-04  -7.4915801E-06   8.0963141E-05  -2.6775544E-03  -1.3788281E-03  -1.2828254E-03  -7.1954876E-04  -3.3159570E-04  -1.4412994E-04   5.7728341E-04   4.2684245E-04  -3.4522221E-04  -2.3934115E-06   7.3614094E-06   1.2650393E-05   3.2263913E-06  -1.9272106E-05  -7.8230303E-06  -1.2069791E-07   3.4222875E-08   6.8159351E-05   9.3467476E-05   7.3435872E-05   6.7198992E-05   5.1694259E-05   9.1969637E-06   3.3471024E-06   3.0982879E-05   4.2180951E-04  -7.2555876E-05   4.9903656E-04  -1.3385378E-07  -9.3664802E-07  -1.4159379E-06  -2.0306474E-06   4.5647472E-07   5.3716743E-06   7.7640643E-06   6.4390234E-06  -9.2427413E-05
 -2.7036071E-07   5.9678780E-06   4.6034293E-07   1.0557211E-05  -5.5258444E-04   4.2485739E-05  -9.8681061E-06   2.9720053E-06  -9.7464009E-04  -3.8573794E-04  -1.2222655E-04  -2.6611085E-02  -1.2572202E-02  -1.4565085E-02  -2.1128075E-03   1.0367544E-03   4.1246416E-03   3.1309010E-03   2.4160244E-03   4.1064848E-03  -1.7286297E-05  -4.2774244E-05  -3.7038318E-06   1.9217682E-05  -6.8086760E-05  -3.7913978E-04   1.8805431E-07   2.3515026E-07  -6.2848349E-04  -7.5592668E-04  -4.8391545E-04  -7.2673414E-04  -5.3118782E-04   8.0671189E-05   1.7271719E-04  -7.3206402E-05  -7.2555876E-05   2.8190110E-02   1.2961956E-01  -3.2943723E-05  -5.7598253E-05   3.6077788E-05  -1.7526683E-04  -2.7250260E-05   2.1425705E-04   2.2988539E-04   1.9450773E-04  -6.8053432E-05
  1.6999723E-05  -2.4137244E-04   2.1989699E-05  -2.7820499E-04   3.4252557E-03  -1.1642069E-03   5.8732318E-04  -2.9664598E-05   3.2071530E-03   8.6272600E-04  -1.0985762E-02  -8.7416290E-01  -2.2664779E-01  -2.2668425E-01  -1.2022829E-01   1.1772561E-02  -1.2415133E-02  -1.5119823E-03   3.8765009E-02   5.2207675E-02   6.4752103E-04  -1.8849552E-04   6.2321714E-04  -6.2614653E-04   6.6161370E-04  -3.2383911E-03   1.0718357E-05   1.1034012E-05   1.2902762E-02   4.4819620E-03   4.1079925E-03   5.2788762E-04   1.4208532E-03  -3.4596460E-03  -3.1138006E-03   1.0319985E-03   4.9903656E-04   1.2961956E-01   5.0052146E+00   1.1719139E-03   1.2143306E-04  -8.0346189E-05  -1.0489662E-03  -4.2920561E-04  -1.2002740E-02  -2.9810418E-03   2.4490056E-03   1.6833626E-03
  1.0847549E-08  -1.6859419E-07  -1.5238033E-09  -7.1890225E-07  -2.5942328E-06  -2.0730033E-06   5.2579750E-07  -9.1954392E-08   8.5859810E-04   1.1681317E-05  -6.1941359E-05   6.1812117E-04   9.8059655E-05   7.1312326E-05  -9.3713658E-04  -3.4985407E-05  -9.5419455E-05   8.7256278E-05  -1.6649500E-04  -8.0407642E-04  -6.9560575E-07   7.9253007E-07   1.7991434E-05  -5.8828034E-06   7.2214968E-07   1.6857035E-05   9.4191590E-09  -5.9215845E-08   1.4570845E-04   5.0990014E-06  -3.1528223E-06  -3.7772009E-07   5.3635927E-06   2.0968313E-07  -3.3323302E-07   1.0540290E-06  -1.3385378E-07  -3.2943723E-05   1.1719139E-03   5.5987733E-05  -7.3030485E-08  -1.7225825E-07   1.2166457E-06  -6.2259300E-07   2.0880495E-06   8.4776757E-07   9.5579449E-07   8.6341593E-07
  2.0082706E-08  -1.2321901E-07   1.7954341E-08  -2.0485019E-07  -2.0087180E-06  -8.5987110E-07   3.6007712E-07  -1.3302387E-07   1.2592614E-04  -2.3593882E-05  -9.9690315E-05   1.2623912E-03  -1.9568004E-04  -1.0877245E-03  -7.0795584E-04  -1.1556302E-04  -7.3320537E-05   5.6028182E-05   5.8660826E-05   1.2640472E-04   4.2003112E-07   1.0140610E-07   5.6987686E-06  -3.2022465E-06  -7.5677643E-06  -3.3778925E-06  -1.2791751E-09  -6.0699029E-11   9.0168249E-06   7.3780134E-05  -1.8509942E-07   2.0464597E-06   9.9575548E-06  -2.0755612E-06  -1.7665196E-06  -1.4576449E-06  -9.3664802E-07  -5.7598253E-05   1.2143306E-04  -7.3030485E-08   4.2958072E-05  -4.0483733E-08   5.7735004E-07  -9.8808867E-08   1.5525244E-06   3.9789280E-06   1.0296621E-06   5.2398795E-08
  9.5161862E-09  -5.0384058E-08   2.7287718E-08   3.7520009E-07  -5.8323437E-06   9.7447883E-07   1.3326036E-07   1.1437455E-07  -3.0338743E-04   8.3127066E-06   1.3197955E-05  -7.5386125E-04   3.2828442E-06   2.8555887E-04   5.4447325E-04   9.7822814E-05  -1.3134009E-06  -1.8358637E-04  -1.7412106E-04  -1.4513551E-04   8.5791321E-07   3.8021074E-07  -6.8133232E-07   5.6917001E-07  -6.5630646E-06  -6.9378948E-06   4.0000239E-08   2.1601057E-08   1.0716972E-05  -1.1118274E-06   5.8015764E-05  -2.7758027E-07  -1.3536796E-06   2.2924468E-06   4.0498878E-07  -8.4558663E-07  -1.4159379E-06   3.6077788E-05  -8.0346189E-05  -1.7225825E-07  -4.0483733E-08   4.3317814E-05   7.5121816E-07   2.1377403E-07   1.1266930E-06   5.2412787E-06   3.7915856E-06  -5.1977766E-07
  1.6035428E-08  -2.7866695E-07  -5.7600710E-09  -4.2091100E-08   6.0417819E-06  -7.2288320E-07   6.0993632E-07   7.3337553E-08   1.9191912E-04   4.2737862E-05  -3.5187875E-04   4.8851946E-03   1.2413491E-03   7.0562519E-04   4.3202256E-04  -3.9211799E-05  -1.3021121E-04   2.8226066E-05  -1.2018212E-04  -3.3992535E-04  -3.2868599E-06  -2.0896875E-06  -4.1224669E-07   9.4454316E-07   8.3939036E-06  -7.6472261E-06  -2.0997851E-08  -2.1018978E-08   2.3912892E-05   2.1912693E-05   8.3291770E-06   1.1443709E-04   2.9046046E-06   5.1919919E-07   1.0344321E-06  -9.5864999E-07  -2.0306474E-06  -1.7526683E-04  -1.0489662E-03   1.2166457E-06   5.7735004E-07   7.5121816E-07   8.1595601E-05  -2.6311506E-07   1.0026948E-06   6.5053416E-07   6.2543120E-06   7.2871784E-06
  6.6816712E-09  -1.4635595E-07   3.2269154E-09   4.9799418E-07  -2.5336003E-06   4.7404407E-07   5.1118310E-07   2.5583750E-08   2.1883383E-04  -3.8390552E-05  -1.6171980E-05  -1.5623250E-04  -6.3604859E-04  -1.4155859E-03  -9.4164089E-04   1.1235300E-04  -1.1959342E-04   1.6670838E-04   2.3723424E-04   4.6353727E-04  -1.5122891E-06   1.8836126E-06  -9.7423375E-07   2.7771274E-06  -4.4907440E-07  -1.9830772E-05  -8.6434401E-08   5.2887173E-08  -4.2932893E-06   2.0477657E-06  -3.2424968E-06  -2.6678091E-06   1.3223961E-04  -1.2199884E-06   1.4534367E-06   2.5826427E-06   4.5647472E-07  -2.7250260E-05  -4.2920561E-04  -6.2259300E-07  -9.8808867E-08   2.1377403E-07  -2.6311506E-07   9.4468788E-05   2.8314398E-06  -6.3452051E-07  -1.0935442E-06   7.1964955E-06
 -2.4231347E-08   2.2915481E-07  -1.6904052E-08   7.4475008E-07  -1.1470063E-05   2.9358674E-06  -3.5743968E-07   7.2128208E-07   1.3061854E-05  -1.4718191E-05  -1.2979340E-04   7.4770891E-03  -1.1520678E-05  -1.8821860E-04   6.6997429E-04   6.5794935E-05  -2.2064063E-04   2.7867388E-04  -3.4186294E-04  -4.8000866E-04  -1.6240288E-07  -1.4265344E-06  -2.6716330E-06   1.6808067E-06   2.0256409E-06   3.7806860E-06  -4.7867548E-08  -7.1267163E-08  -3.0810363E-06  -3.6377986E-06  -2.1978698E-05  -5.9538698E-06  -1.6655726E-05  -2.4973419E-05   2.2398359E-05   2.3264539E-06   5.3716743E-06   2.1425705E-04  -1.2002740E-02   2.0880495E-06   1.5525244E-06   1.1266930E-06   1.0026948E-06   2.8314398E-06   2.0123943E-04   2.1928232E-05  -7.1037739E-08  -8.1350850E-08
  3.2778176E-08  -5.1556793E-07   6.9724149E-08  -1.1808270E-07   4.7481206E-06  -1.2254411E-06   1.3471526E-06   2.3708195E-07  -1.1834831E-04   4.9852951E-06   2.1398824E-04  -8.3679996E-04   4.3102863E-04   1.1279521E-03   5.9855225E-04  -1.5017834E-04   1.4477053E-04  -7.1192037E-05   4.2711688E-05   3.5324584E-04  -1.8505209E-06  -2.3109478E-06  -1.0584745E-06  -3.4353774E-06   6.3231946E-06  -1.6973273E-05   2.0748893E-08  -6.5821725E-09   1.5659570E-05   7.1002851E-06   5.8650576E-06   1.3962101E-05   8.9666530E-06   9.0154174E-06  -3.2505958E-05   5.6640172E-06   7.7640643E-06   2.2988539E-04  -2.9810418E-03   8.4776757E-07   3.9789280E-06   5.2412787E-06   6.5053416E-07  -6.3452051E-07   2.1928232E-05   1.1491174E-04   5.0788001E-06   2.9336661E-06
  6.6078452E-08  -1.0272205E-06   8.0857143E-08  -1.5828121E-06   2.6624793E-05  -6.2880838E-06   2.0383297E-06  -2.4726512E-07   4.5331409E-04  -8.0421630E-06  -5.3773436E-05   3.1453805E-04   4.7329888E-04  -3.7587126E-04  -9.3297015E-04   4.3220022E-05   1.7848189E-04   9.7380085E-05  -2.9813574E-06  -3.7080313E-04  -6.0788172E-07   1.8717583E-07  -1.8305228E-06   1.2307438E-06  -5.8731883E-06   8.2167883E-06   2.9199078E-08  -1.7566565E-08   3.5670785E-05   3.2757384E-05   3.1014589E-05   3.6798318E-05   3.3738220E-05   1.4298121E-06   1.8649458E-06  -4.3753091E-05   6.4390234E-06   1.9450773E-04   2.4490056E-03   9.5579449E-07   1.0296621E-06   3.7915856E-06   6.2543120E-06  -1.0935442E-06  -7.1037739E-08   5.0788001E-06   9.0529690E-05   1.3574753E-05
  1.1220758E-07  -2.2238019E-06   9.4994143E-08  -3.1573836E-06   7.2729502E-05  -1.3979819E-05   5.4943346E-06  -8.6642690E-07  -2.2811304E-04   6.0686851E-05  -4.2122918E-04   2.3759257E-03  -1.1407203E-03  -2.0011244E-03  -2.8148887E-03   1.0441950E-03   1.4872585E-04  -1.8833051E-04   3.1040778E-05   2.4958551E-04   9.7918897E-06   1.5425147E-06  -2.3078447E-05  -2.7418731E-06   1.7163975E-05  -1.6243535E-05   3.7580209E-08   6.1929956E-08   6.7717603E-05   6.7297580E-05   5.5533424E-05   9.4067318E-05   7.5122432E-05   1.9537618E-06   5.8325309E-06   1.7651965E-05  -9.2427413E-05  -6.8053432E-05   1.6833626E-03   8.6341593E-07   5.2398795E-08  -5.1977766E-07   7.2871784E-06   7.1964955E-06  -8.1350850E-08   2.9336661E-06   1.3574753E-05   3.2874293E-04
