# omegabh2 omegach2 theta tau logA ns r calPlanck acib217 xi asz143 aps100 aps143 aps143217 aps217 aksz kgal100 kgal143 kgal143217 kgal217 cal0 cal2
    0.4400941E-07   -0.1538879E-06    0.3487020E-07    0.8318090E-06    0.1462297E-05    0.4937239E-06   -0.2879150E-06    0.3179182E-07   -0.1295531E-03    0.3728221E-05    0.4920086E-04   -0.7413163E-03   -0.4473020E-03   -0.1356652E-03   -0.7963874E-04   -0.5486578E-04    0.3482425E-07   -0.1848486E-05   -0.1119893E-05    0.2434021E-04    0.5579821E-09   -0.1066640E-07
   -0.1538879E-06    0.2596044E-05   -0.1882614E-06   -0.1010033E-04   -0.1517307E-04   -0.5978511E-05   -0.1587810E-05   -0.5107834E-06    0.2251095E-03   -0.1260804E-04   -0.1430120E-03    0.2033146E-02    0.1414552E-02    0.4219821E-03    0.2627145E-03    0.1755272E-03    0.1509438E-04    0.1336999E-04    0.1270386E-04   -0.9654887E-04   -0.3397464E-08   -0.1213773E-07
    0.3487020E-07   -0.1882614E-06    0.1944788E-06    0.1502778E-05    0.2874101E-05    0.6934836E-06   -0.7001083E-06    0.4464769E-07   -0.8306978E-05    0.2473853E-05   -0.7296816E-06   -0.1959160E-03   -0.2227768E-03   -0.1559023E-03   -0.1512690E-03    0.2940116E-05   -0.7076585E-05    0.8475907E-05    0.3527900E-05    0.3787275E-04   -0.3477855E-09    0.1158139E-07
    0.8318090E-06   -0.1010033E-04    0.1502778E-05    0.1095495E-03    0.1938792E-03    0.2865951E-04   -0.2342708E-04   -0.2649338E-06   -0.2896222E-02    0.9320349E-04    0.9935532E-03   -0.1235532E-01   -0.1126419E-01   -0.4063336E-02   -0.2625223E-02   -0.7857275E-03   -0.1852587E-03    0.2427687E-03   -0.1250962E-03    0.4333911E-03   -0.9422462E-07   -0.1253745E-06
    0.1462297E-05   -0.1517307E-04    0.2874101E-05    0.1938792E-03    0.3745640E-03    0.4414024E-04   -0.5167792E-04    0.1016731E-04   -0.6082161E-02    0.2377224E-03    0.1750517E-02   -0.1623490E-01   -0.1788731E-01   -0.3704567E-02    0.2039655E-02   -0.2236907E-02   -0.9903106E-03   -0.3372773E-03   -0.5312733E-03    0.2581241E-02   -0.1816936E-07   -0.2875557E-06
    0.4937239E-06   -0.5978511E-05    0.6934836E-06    0.2865951E-04    0.4414024E-04    0.2497711E-04    0.1436006E-04    0.1301067E-05   -0.4724004E-02    0.1489070E-03    0.1248602E-02   -0.2821140E-01   -0.8518021E-02    0.2012950E-02    0.4292723E-02   -0.2805038E-02    0.2336862E-03   -0.2325583E-03   -0.3147331E-03    0.1261372E-02   -0.2291538E-06   -0.1782035E-06
   -0.2879150E-06   -0.1587810E-05   -0.7001083E-06   -0.2342708E-04   -0.5167792E-04    0.1436006E-04    0.1180412E-02    0.1458013E-05   -0.1476387E-02    0.3496813E-06    0.1926516E-02   -0.3768004E-01    0.1095853E-02    0.5417373E-02    0.6637099E-02   -0.4221033E-02   -0.8489410E-03   -0.2863362E-02    0.1639772E-02    0.4021622E-02   -0.5011984E-06   -0.1016937E-06
    0.3179182E-07   -0.5107834E-06    0.4464769E-07   -0.2649338E-06    0.1016731E-04    0.1301067E-05    0.1458013E-05    0.5888203E-05    0.3637365E-03    0.1248976E-04    0.3912012E-04    0.2045651E-02    0.4801639E-03    0.6761471E-03    0.1705635E-02   -0.1136622E-03   -0.1991917E-03   -0.1403398E-03    0.4945537E-04    0.9463396E-03   -0.7051366E-07    0.8497637E-08
   -0.1295531E-03    0.2251095E-03   -0.8306978E-05   -0.2896222E-02   -0.6082161E-02   -0.4724004E-02   -0.1476387E-02    0.3637365E-03    0.4434784E+02   -0.5154520E+00   -0.1254520E+01    0.3728446E+02    0.4126540E+00   -0.2062968E+02   -0.6059779E+02   -0.4728145E+00   -0.1162025E-01   -0.5857504E-01   -0.2499055E+01   -0.2056420E+02   -0.2807701E-03    0.4175235E-02
    0.3728221E-05   -0.1260804E-04    0.2473853E-05    0.9320349E-04    0.2377224E-03    0.1489070E-03    0.3496813E-06    0.1248976E-04   -0.5154520E+00    0.8190908E-01   -0.8772710E-01   -0.3534081E+00    0.1015671E+01    0.1838617E+01    0.7357145E+00    0.8977275E-01   -0.2399452E-02   -0.9035903E-03    0.9291215E-01    0.1165511E+00    0.8333906E-05   -0.1798181E-04
    0.4920086E-04   -0.1430120E-03   -0.7296816E-06    0.9935532E-03    0.1750517E-02    0.1248602E-02    0.1926516E-02    0.3912012E-04   -0.1254520E+01   -0.8772710E-01    0.3692815E+01   -0.2815392E+02   -0.3943727E+01    0.7270513E+01    0.6320483E+01   -0.2739453E+01   -0.1152302E+00    0.5763405E-01    0.2289138E+01    0.2023380E+01    0.1713637E-03   -0.2699148E-03
   -0.7413163E-03    0.2033146E-02   -0.1959160E-03   -0.1235532E-01   -0.1623490E-01   -0.2821140E-01   -0.3768004E-01    0.2045651E-02    0.3728446E+02   -0.3534081E+00   -0.2815392E+02    0.7593601E+03    0.6672964E+02   -0.5410507E+02   -0.6167692E+02    0.1292875E+02   -0.3706886E+01    0.2481363E+01   -0.1374886E+02   -0.2080037E+02    0.7017134E-02    0.2921397E-02
   -0.4473020E-03    0.1414552E-02   -0.2227768E-03   -0.1126419E-01   -0.1788731E-01   -0.8518021E-02    0.1095853E-02    0.4801639E-03    0.4126540E+00    0.1015671E+01   -0.3943727E+01    0.6672964E+02    0.6098422E+02    0.4454171E+02    0.1820871E+02   -0.4148127E+01   -0.4328370E+00   -0.1583750E+01    0.3201927E+01    0.2477053E+01    0.2461213E-03    0.5214398E-04
   -0.1356652E-03    0.4219821E-03   -0.1559023E-03   -0.4063336E-02   -0.3704567E-02    0.2012950E-02    0.5417373E-02    0.6761471E-03   -0.2062968E+02    0.1838617E+01    0.7270513E+01   -0.5410507E+02    0.4454171E+02    0.9742893E+02    0.6625203E+02   -0.1152301E+02   -0.5712947E+00   -0.8871215E+00    0.4129710E+01    0.5036295E+01    0.8808210E-03   -0.2222742E-02
   -0.7963874E-04    0.2627145E-03   -0.1512690E-03   -0.2625223E-02    0.2039655E-02    0.4292723E-02    0.6637099E-02    0.1705635E-02   -0.6059779E+02    0.7357145E+00    0.6320483E+01   -0.6167692E+02    0.1820871E+02    0.6625203E+02    0.1203791E+03   -0.9466877E+01   -0.5759215E+00   -0.4337717E+00    0.1481687E+00    0.1731162E+02    0.7973707E-03   -0.7184718E-02
   -0.5486578E-04    0.1755272E-03    0.2940116E-05   -0.7857275E-03   -0.2236907E-02   -0.2805038E-02   -0.4221033E-02   -0.1136622E-03   -0.4728145E+00    0.8977275E-01   -0.2739453E+01    0.1292875E+02   -0.4148127E+01   -0.1152301E+02   -0.9466877E+01    0.6225423E+01    0.1209412E+00    0.4698653E-01   -0.2023803E+01   -0.1528524E+01   -0.1522327E-03   -0.1822746E-05
    0.3482425E-07    0.1509438E-04   -0.7076585E-05   -0.1852587E-03   -0.9903106E-03    0.2336862E-03   -0.8489410E-03   -0.1991917E-03   -0.1162025E-01   -0.2399452E-02   -0.1152302E+00   -0.3706886E+01   -0.4328370E+00   -0.5712947E+00   -0.5759215E+00    0.1209412E+00    0.3551974E+01    0.5655017E+00    0.2341576E+00    0.3611020E+00    0.3209795E-03    0.4966566E-04
   -0.1848486E-05    0.1336999E-04    0.8475907E-05    0.2427687E-03   -0.3372773E-03   -0.2325583E-03   -0.2863362E-02   -0.1403398E-03   -0.5857504E-01   -0.9035903E-03    0.5763405E-01    0.2481363E+01   -0.1583750E+01   -0.8871215E+00   -0.4337717E+00    0.4698653E-01    0.5655017E+00    0.3429744E+01    0.2615033E+01    0.1802811E+01   -0.2732288E-03   -0.2497094E-03
   -0.1119893E-05    0.1270386E-04    0.3527900E-05   -0.1250962E-03   -0.5312733E-03   -0.3147331E-03    0.1639772E-02    0.4945537E-04   -0.2499055E+01    0.9291215E-01    0.2289138E+01   -0.1374886E+02    0.3201927E+01    0.4129710E+01    0.1481687E+00   -0.2023803E+01    0.2341576E+00    0.2615033E+01    0.1724787E+02    0.2604853E+02   -0.2285072E-04    0.2473640E-02
    0.2434021E-04   -0.9654887E-04    0.3787275E-04    0.4333911E-03    0.2581241E-02    0.1261372E-02    0.4021622E-02    0.9463396E-03   -0.2056420E+02    0.1165511E+00    0.2023380E+01   -0.2080037E+02    0.2477053E+01    0.5036295E+01    0.1731162E+02   -0.1528524E+01    0.3611020E+00    0.1802811E+01    0.2604853E+02    0.5662923E+02    0.5259332E-04    0.4608722E-02
    0.5579821E-09   -0.3397464E-08   -0.3477855E-09   -0.9422462E-07   -0.1816936E-07   -0.2291538E-06   -0.5011984E-06   -0.7051366E-07   -0.2807701E-03    0.8333906E-05    0.1713637E-03    0.7017134E-02    0.2461213E-03    0.8808210E-03    0.7973707E-03   -0.1522327E-03    0.3209795E-03   -0.2732288E-03   -0.2285072E-04    0.5259332E-04    0.6371511E-06    0.3782075E-08
   -0.1066640E-07   -0.1213773E-07    0.1158139E-07   -0.1253745E-06   -0.2875557E-06   -0.1782035E-06   -0.1016937E-06    0.8497637E-08    0.4175235E-02   -0.1798181E-04   -0.2699148E-03    0.2921397E-02    0.5214398E-04   -0.2222742E-02   -0.7184718E-02   -0.1822746E-05    0.4966566E-04   -0.2497094E-03    0.2473640E-02    0.4608722E-02    0.3782075E-08    0.2083708E-05
