# omegabh2 omegach2 theta tau logA ns calPlanck acib217 xi asz143 aps100 aps143 aps143217 aps217 aksz kgal100 kgal143 kgal143217 kgal217 galfTE100 galfTE100143 galfTE100217 galfTE143 galfTE143217 galfTE217 cal0 cal2
  2.6454355E-08  -1.6288066E-07   2.3346336E-08   1.4471507E-06   2.5564428E-06   4.5196914E-07  -1.1592513E-08  -1.1028434E-04   2.8336321E-06   2.4250585E-05  -5.5063923E-04  -2.9441507E-04  -1.0232139E-04  -3.2731070E-06  -3.8226052E-05  -6.0480446E-06  -1.4133625E-05  -1.8367783E-05  -4.6632621E-06  -5.0278955E-08  -9.6964670E-08  -2.5489227E-07  -3.7234499E-07  -7.1581483E-07  -2.5504839E-06   2.1924932E-09  -2.5759193E-09
 -1.6288066E-07   2.3014257E-06  -2.1066198E-07  -1.8384582E-05  -3.1202122E-05  -5.9753055E-06   3.5938732E-09   5.1863130E-04  -2.0682513E-05  -1.3141726E-04   3.0004903E-03   1.9007913E-03   7.8717917E-04   3.1249860E-04   2.1294392E-04   4.3682647E-05   9.2201720E-05   1.8267420E-04   2.3745483E-04   1.1207962E-06   3.4450752E-07   5.5391266E-07   2.2618062E-06   4.5866671E-06   2.1143492E-05  -6.3498089E-09   2.5624501E-08
  2.3346336E-08  -2.1066198E-07   1.0383950E-07   1.8490516E-06   3.2670302E-06   6.6456999E-07  -5.7056689E-09  -5.0290678E-05   2.3147053E-06   1.3170742E-05  -3.3815848E-04  -1.7791581E-04  -1.0034593E-04  -5.7353787E-05  -1.7677100E-05  -1.7639416E-06   1.9803802E-07   5.0453361E-06   7.2500132E-06  -1.8718130E-07  -2.0618762E-07  -8.6088032E-08  -7.0218194E-07  -6.6037975E-07  -2.1995451E-06   1.5256802E-09  -2.1444231E-09
  1.4471507E-06  -1.8384582E-05   1.8490516E-06   2.8505952E-04   5.1144439E-04   5.4451752E-05  -5.7966067E-06  -7.8125587E-03   1.8774610E-04   2.2360776E-03  -4.4357040E-02  -2.3982420E-02  -8.4611297E-03  -2.9051843E-03  -3.0513719E-03  -6.7067056E-04  -7.2746644E-04  -1.4518372E-03  -1.8969055E-03  -1.2078466E-05  -4.9823973E-06  -9.2961395E-06  -2.7304871E-05  -4.4855665E-05  -2.1548623E-04   7.9174316E-09  -4.4950463E-07
  2.5564428E-06  -3.1202122E-05   3.2670302E-06   5.1144439E-04   9.4750547E-04   9.2202399E-05   1.0200338E-06  -1.4217887E-02   3.7865692E-04   4.0377100E-03  -7.5971706E-02  -4.0784811E-02  -1.2057126E-02   6.8204929E-04  -6.0148113E-03  -1.4348877E-03  -1.8743335E-03  -2.9944869E-03  -1.9581594E-03  -1.9268617E-05  -8.6057547E-06  -2.0567366E-05  -4.9364646E-05  -8.2090467E-05  -3.5676687E-04   1.2285475E-07  -8.2347127E-07
  4.5196914E-07  -5.9753055E-06   6.6456999E-07   5.4451752E-05   9.2202399E-05   2.4833169E-05  -2.9158795E-07  -5.4542279E-03   1.3672794E-04   1.0163388E-03  -2.7039508E-02  -1.0134778E-02  -7.2075245E-04   3.7052861E-03  -2.3064735E-03   1.6743713E-04  -5.0737628E-04  -7.8656392E-04   5.6063793E-04  -3.4299849E-06  -8.6074032E-07   1.7358491E-06  -6.0524835E-06  -1.6037760E-05  -6.4436413E-05  -6.1891870E-08  -1.3563962E-07
 -1.1592513E-08   3.5938732E-09  -5.7056689E-09  -5.7966067E-06   1.0200338E-06  -2.9158795E-07   6.2867228E-06   7.7829802E-04   3.6121501E-06  -5.0206160E-05   5.3225734E-03   1.2602812E-03   7.4450653E-04   1.5184002E-03   9.0990936E-05   5.1281097E-05  -1.0667425E-05  -1.6120139E-05   7.4121571E-04   4.7725839E-07   3.8105586E-07  -6.7632662E-07   3.3515023E-07  -1.0704999E-06   1.3797818E-05  -1.2344791E-08   6.3028362E-09
 -1.1028434E-04   5.1863130E-04  -5.0290678E-05  -7.8125587E-03  -1.4217887E-02  -5.4542279E-03   7.7829802E-04   4.4535994E+01  -3.7658464E-01  -6.4776605E-01   3.3561767E+01   1.9890470E+00  -1.1842894E+01  -5.4718982E+01  -2.2617960E-01   1.9063945E-01   5.5547328E-01  -5.8711177E+00  -3.3471479E+01  -5.2962317E-04   1.6959395E-03   1.0065712E-03   1.5681788E-03   1.0903423E-02   4.0087032E-02  -2.0172012E-04   6.9744468E-04
  2.8336321E-06  -2.0682513E-05   2.3147053E-06   1.8774610E-04   3.7865692E-04   1.3672794E-04   3.6121501E-06  -3.7658464E-01   8.0782147E-02  -3.6088985E-02  -6.1069295E-01   9.5395668E-01   1.7445390E+00   6.5995543E-01   2.4094289E-02  -8.5242362E-03   1.3879530E-02   1.1612186E-01   1.3392015E-01   1.0917188E-04  -1.3673211E-05  -2.5069468E-04   1.4553489E-04  -2.6117347E-04  -7.3780454E-04   7.1073249E-07  -1.1162537E-06
  2.4250585E-05  -1.3141726E-04   1.3170742E-05   2.2360776E-03   4.0377100E-03   1.0163388E-03  -5.0206160E-05  -6.4776605E-01  -3.6088985E-02   3.6744906E+00  -2.8780964E+01  -3.5721923E+00   6.8435952E+00   4.3941903E+00  -2.4233301E+00  -1.7156705E-01   1.2737866E-01   2.5205295E+00   3.1177486E+00   5.2344094E-04  -2.5794098E-05  -2.0763014E-03  -1.7191158E-03  -1.5962100E-03   2.4660378E-03   9.7325893E-05  -1.8688155E-05
 -5.5063923E-04   3.0004903E-03  -3.3815848E-04  -4.4357040E-02  -7.5971706E-02  -2.7039508E-02   5.3225734E-03   3.3561767E+01  -6.1069295E-01  -2.8780964E+01   7.7093227E+02   7.2207017E+01  -4.7009941E+01  -5.1490112E+01   1.1763908E+01  -6.3505408E+00   5.9944252E+00  -1.1237113E+01  -2.1489823E+01  -1.3665822E-02  -1.4692279E-03   1.3224511E-02   4.4541286E-02   2.7446266E-02   2.2520253E-02   3.7542446E-03   2.9744264E-04
 -2.9441507E-04   1.9007913E-03  -1.7791581E-04  -2.3982420E-02  -4.0784811E-02  -1.0134778E-02   1.2602812E-03   1.9890470E+00   9.5395668E-01  -3.5721923E+00   7.2207017E+01   6.2657883E+01   4.1455906E+01   1.5514022E+01  -4.4662372E+00  -2.7595448E-01  -1.1129268E+00   3.3557154E+00   4.0331434E+00  -2.8673976E-03   1.2226802E-03  -2.5931267E-03   1.1088921E-02   1.3250821E-02   5.2112446E-02  -1.2742203E-05   1.2286898E-04
 -1.0232139E-04   7.8717917E-04  -1.0034593E-04  -8.4611297E-03  -1.2057126E-02  -7.2075245E-04   7.4450653E-04  -1.1842894E+01   1.7445390E+00   6.8435952E+00  -4.7009941E+01   4.1455906E+01   8.4445545E+01   5.0475461E+01  -1.0627797E+01  -6.7045671E-01  -5.5211011E-01   4.7351652E+00   7.4618861E+00   5.2077332E-05   7.7196680E-04  -1.2810520E-02   6.8775001E-03  -1.1452540E-03   1.4419801E-02   3.1212335E-04  -3.1037965E-04
 -3.2731070E-06   3.1249860E-04  -5.7353787E-05  -2.9051843E-03   6.8204929E-04   3.7052861E-03   1.5184002E-03  -5.4718982E+01   6.5995543E-01   4.3941903E+00  -5.1490112E+01   1.5514022E+01   5.0475461E+01   1.0164173E+02  -7.9115389E+00  -5.5980112E-01  -1.2626330E+00   5.2724832E+00   3.3432104E+01  -1.4556840E-03  -1.2678112E-03  -7.2998833E-03   2.6057181E-03  -8.1875380E-03  -1.7028308E-02   4.3546121E-04  -1.3160225E-03
 -3.8226052E-05   2.1294392E-04  -1.7677100E-05  -3.0513719E-03  -6.0148113E-03  -2.3064735E-03   9.0990936E-05  -2.2617960E-01   2.4094289E-02  -2.4233301E+00   1.1763908E+01  -4.4662372E+00  -1.0627797E+01  -7.9115389E+00   5.1829961E+00   6.4197376E-02  -1.5545218E-01  -1.8977881E+00  -2.0853865E+00   1.1217495E-03   1.5032461E-04   2.4198385E-03   2.9318490E-04   1.2104015E-03  -4.5534163E-03  -6.6164785E-05  -1.4732106E-06
 -6.0480446E-06   4.3682647E-05  -1.7639416E-06  -6.7067056E-04  -1.4348877E-03   1.6743713E-04   5.1281097E-05   1.9063945E-01  -8.5242362E-03  -1.7156705E-01  -6.3505408E+00  -2.7595448E-01  -6.7045671E-01  -5.5980112E-01   6.4197376E-02   3.3207394E+00   5.5317729E-01   1.7243989E-01   1.3505954E-01  -1.3917718E-03  -5.4933602E-05   2.0840005E-04  -9.9395878E-06   5.9772976E-04   3.7769522E-04   1.7039267E-04  -1.2647723E-05
 -1.4133625E-05   9.2201720E-05   1.9803802E-07  -7.2746644E-04  -1.8743335E-03  -5.0737628E-04  -1.0667425E-05   5.5547328E-01   1.3879530E-02   1.2737866E-01   5.9944252E+00  -1.1129268E+00  -5.5211011E-01  -1.2626330E+00  -1.5545218E-01   5.5317729E-01   3.1606647E+00   2.6852413E+00   2.6846031E+00  -2.6397088E-04   2.8042202E-05  -2.6504988E-05   1.4039213E-04   1.2609426E-03  -1.4765478E-03  -1.9082281E-04  -5.3673414E-05
 -1.8367783E-05   1.8267420E-04   5.0453361E-06  -1.4518372E-03  -2.9944869E-03  -7.8656392E-04  -1.6120139E-05  -5.8711177E+00   1.1612186E-01   2.5205295E+00  -1.1237113E+01   3.3557154E+00   4.7351652E+00   5.2724832E+00  -1.8977881E+00   1.7243989E-01   2.6852413E+00   1.0635854E+01   1.9180139E+01   7.9568381E-04  -4.1843934E-04  -4.0139923E-04  -1.1369363E-03  -8.0865982E-04   8.9369739E-03  -5.8531871E-05   4.1010641E-04
 -4.6632621E-06   2.3745483E-04   7.2500132E-06  -1.8969055E-03  -1.9581594E-03   5.6063793E-04   7.4121571E-04  -3.3471479E+01   1.3392015E-01   3.1177486E+00  -2.1489823E+01   4.0331434E+00   7.4618861E+00   3.3432104E+01  -2.0853865E+00   1.3505954E-01   2.6846031E+00   1.9180139E+01   5.3861292E+01   8.8901974E-04  -2.1470553E-03   2.4149765E-03  -2.8876599E-03  -1.1417102E-02  -8.0545902E-03   2.8751288E-05   9.4208523E-04
 -5.0278955E-08   1.1207962E-06  -1.8718130E-07  -1.2078466E-05  -1.9268617E-05  -3.4299849E-06   4.7725839E-07  -5.2962317E-04   1.0917188E-04   5.2344094E-04  -1.3665822E-02  -2.8673976E-03   5.2077332E-05  -1.4556840E-03   1.1217495E-03  -1.3917718E-03  -2.6397088E-04   7.9568381E-04   8.8901974E-04   1.4352401E-03   2.5293141E-04   9.2255424E-05  -3.8160003E-04  -1.6737612E-04  -2.6709749E-04   1.2155315E-07   1.3688296E-07
 -9.6964670E-08   3.4450752E-07  -2.0618762E-07  -4.9823973E-06  -8.6057547E-06  -8.6074032E-07   3.8105586E-07   1.6959395E-03  -1.3673211E-05  -2.5794098E-05  -1.4692279E-03   1.2226802E-03   7.7196680E-04  -1.2678112E-03   1.5032461E-04  -5.4933602E-05   2.8042202E-05  -4.1843934E-04  -2.1470553E-03   2.5293141E-04   8.5221073E-04   4.9053513E-05   7.2762718E-04   1.7273425E-05  -7.5856979E-04  -8.7605930E-08  -1.2863535E-07
 -2.5489227E-07   5.5391266E-07  -8.6088032E-08  -9.2961395E-06  -2.0567366E-05   1.7358491E-06  -6.7632662E-07   1.0065712E-03  -2.5069468E-04  -2.0763014E-03   1.3224511E-02  -2.5931267E-03  -1.2810520E-02  -7.2998833E-03   2.4198385E-03   2.0840005E-04  -2.6504988E-05  -4.0139923E-04   2.4149765E-03   9.2255424E-05   4.9053513E-05   7.2541648E-03  -3.0887513E-04   6.4778281E-04   4.7349788E-03  -4.1998355E-07   4.4583088E-07
 -3.7234499E-07   2.2618062E-06  -7.0218194E-07  -2.7304871E-05  -4.9364646E-05  -6.0524835E-06   3.3515023E-07   1.5681788E-03   1.4553489E-04  -1.7191158E-03   4.4541286E-02   1.1088921E-02   6.8775001E-03   2.6057181E-03   2.9318490E-04  -9.9395878E-06   1.4039213E-04  -1.1369363E-03  -2.8876599E-03  -3.8160003E-04   7.2762718E-04  -3.0887513E-04   2.8784688E-03   4.4696243E-04  -9.1246227E-04   4.4834505E-07  -5.7979273E-07
 -7.1581483E-07   4.5866671E-06  -6.6037975E-07  -4.4855665E-05  -8.2090467E-05  -1.6037760E-05  -1.0704999E-06   1.0903423E-02  -2.6117347E-04  -1.5962100E-03   2.7446266E-02   1.3250821E-02  -1.1452540E-03  -8.1875380E-03   1.2104015E-03   5.9772976E-04   1.2609426E-03  -8.0865982E-04  -1.1417102E-02  -1.6737612E-04   1.7273425E-05   6.4778281E-04   4.4696243E-04   6.3838558E-03   7.7483130E-03  -3.9334869E-07  -5.2315607E-07
 -2.5504839E-06   2.1143492E-05  -2.1995451E-06  -2.1548623E-04  -3.5676687E-04  -6.4436413E-05   1.3797818E-05   4.0087032E-02  -7.3780454E-04   2.4660378E-03   2.2520253E-02   5.2112446E-02   1.4419801E-02  -1.7028308E-02  -4.5534163E-03   3.7769522E-04  -1.4765478E-03   8.9369739E-03  -8.0545902E-03  -2.6709749E-04  -7.5856979E-04   4.7349788E-03  -9.1246227E-04   7.7483130E-03   7.2051519E-02  -2.2671667E-06   3.4047150E-07
  2.1924932E-09  -6.3498089E-09   1.5256802E-09   7.9174316E-09   1.2285475E-07  -6.1891870E-08  -1.2344791E-08  -2.0172012E-04   7.1073249E-07   9.7325893E-05   3.7542446E-03  -1.2742203E-05   3.1212335E-04   4.3546121E-04  -6.6164785E-05   1.7039267E-04  -1.9082281E-04  -5.8531871E-05   2.8751288E-05   1.2155315E-07  -8.7605930E-08  -4.1998355E-07   4.4834505E-07  -3.9334869E-07  -2.2671667E-06   3.7592631E-07  -1.4467086E-09
 -2.5759193E-09   2.5624501E-08  -2.1444231E-09  -4.4950463E-07  -8.2347127E-07  -1.3563962E-07   6.3028362E-09   6.9744468E-04  -1.1162537E-06  -1.8688155E-05   2.9744264E-04   1.2286898E-04  -3.1037965E-04  -1.3160225E-03  -1.4732106E-06  -1.2647723E-05  -5.3673414E-05   4.1010641E-04   9.4208523E-04   1.3688296E-07  -1.2863535E-07   4.4583088E-07  -5.7979273E-07  -5.2315607E-07   3.4047150E-07  -1.4467086E-09   3.7725072E-07
