# omegabh2 omegach2 theta tau logA ns calPlanck acib217 xi asz143 aps100 aps143 aps143217 aps217 aksz kgal100 kgal143 kgal143217 kgal217 galfTE100 galfTE100143 galfTE100217 galfTE143 galfTE143217 galfTE217 cal0 cal2 DES_m1 DES_m2 DES_m3 DES_m4 DES_AIA DES_alphaIA DES_DzS1 DES_DzS2 DES_DzS3 DES_DzS4
  1.8610984E-08  -6.5743698E-08   1.3278084E-08   2.5994482E-07   5.0073309E-07   1.9108044E-07   2.6626047E-08  -7.8595774E-05   5.3941791E-07   1.9173621E-05  -3.0396653E-04  -2.0523251E-04  -7.4242544E-05   1.9156592E-05  -3.3830246E-05  -6.9679288E-06  -1.1182687E-05  -1.2544376E-05   9.7048226E-06  -3.5122229E-08  -1.2622480E-07  -1.9977189E-07  -3.4006347E-07  -7.0995979E-07  -2.3047783E-06   2.5793832E-09  -1.4653804E-09  -5.3610454E-08   5.9176623E-08   2.2191201E-07   1.6920219E-07  -6.3881878E-06   8.1279305E-06  -4.5549379E-08   1.4843454E-08   1.0166797E-07   2.3058945E-07
 -6.5743698E-08   1.0470967E-06  -8.1507727E-08  -3.0697853E-06  -4.3634687E-06  -2.5808341E-06  -3.3123911E-07   2.9646493E-04  -1.5607574E-06  -4.9448787E-05   9.2944739E-04   7.2131507E-04   3.1692623E-04  -4.7120040E-05   8.1608914E-05  -1.5298956E-05   3.7985014E-05   5.3125269E-05  -1.0312826E-04  -8.1560064E-07   3.7251392E-07  -5.2143992E-07   1.5798899E-07   2.4094992E-06   1.1415594E-05  -9.2344395E-09   8.4625281E-09   7.4713360E-07  -4.5337440E-07  -3.3560292E-06  -2.7805061E-06   9.3909454E-05  -5.9081143E-05   6.0434649E-07  -4.5693570E-07  -1.6084277E-06  -3.1483916E-06
  1.3278084E-08  -8.1507727E-08   8.8840032E-08   3.3690427E-07   6.4999303E-07   3.3214786E-07   3.8858342E-08  -1.3261829E-05   7.5380466E-07   3.9491605E-06  -1.9050733E-04  -6.9446673E-05  -3.0966825E-05  -4.6290056E-05   1.1622768E-07   4.8301058E-06  -1.0039891E-05  -8.0120042E-06   1.0611976E-05  -1.6982828E-08  -2.9804472E-07   2.2406867E-07  -5.4104096E-07  -2.9255316E-07  -4.7051854E-07   4.6624105E-09   2.0816395E-09  -2.1417115E-07   2.9929048E-08   3.8367504E-07   1.6950446E-07  -7.1425616E-06   3.0912494E-06   2.8271830E-08   1.2094375E-07   1.2364438E-07   4.2662777E-07
  2.5994482E-07  -3.0697853E-06   3.3690427E-07   4.5001997E-05   8.1458060E-05   9.8831929E-06  -3.6362907E-07  -2.8392808E-03  -3.3565116E-05   4.7885717E-04  -5.8559569E-03  -5.9164304E-03  -2.6184778E-03   6.9140664E-04  -4.2395616E-04   1.8784641E-04  -3.5341570E-04  -3.5136069E-04   9.5489170E-04   3.8052324E-06  -2.4024707E-06  -4.1298983E-06  -5.3394209E-06  -1.9316823E-05  -6.6903323E-05   5.9724551E-08  -5.5077240E-08  -5.6317747E-06   2.3773362E-06  -7.8115926E-07   6.3784807E-07  -9.1603484E-05   9.2150811E-05  -7.1995528E-07  -1.8299586E-06   1.4682611E-06   4.6689277E-06
  5.0073309E-07  -4.3634687E-06   6.4999303E-07   8.1458060E-05   1.7580771E-04   1.3966198E-05   1.0659408E-05  -4.2011586E-03  -1.8945746E-06   8.1606899E-04  -6.7362257E-03  -8.9186172E-03  -1.7973799E-03   5.4166941E-03  -1.4238651E-03   1.7623620E-05  -1.3363522E-03  -1.4744930E-03   1.8353449E-03   8.0605256E-06  -5.9870718E-06  -1.9742436E-05  -8.9013803E-06  -3.5655793E-05  -1.1227052E-04   2.0946139E-07  -1.1471321E-07  -9.2018823E-06   2.3262768E-06  -8.8145497E-06  -3.2848604E-06  -3.4957157E-05   2.0560133E-05   4.4250654E-07  -4.2733239E-06  -8.6306805E-07   2.0592394E-06
  1.9108044E-07  -2.5808341E-06   3.3214786E-07   9.8831929E-06   1.3966198E-05   1.5491361E-05   8.3927523E-07  -4.3887433E-03   8.3823022E-05   9.7373286E-04  -2.3726026E-02  -6.9006457E-03   1.2252635E-03   4.6127264E-03  -2.1429743E-03   4.0148061E-04  -2.7562076E-04  -2.7419450E-04   1.5099530E-03   2.4342369E-06  -2.7101322E-06   2.7302898E-06   4.5636383E-07  -3.7259371E-06  -3.0844048E-05  -6.2453611E-08  -6.9135660E-08  -2.0990267E-06   1.0684852E-06   8.4859392E-06   5.0011565E-06  -2.1650985E-04   1.4402682E-04  -8.4873321E-07   4.9495453E-07   2.7856739E-06   7.6716022E-06
  2.6626047E-08  -3.3123911E-07   3.8858342E-08  -3.6362907E-07   1.0659408E-05   8.3927523E-07   6.1026160E-06   1.1975662E-03   1.1369115E-05  -6.3557566E-06   3.4121060E-03   5.3875865E-04   4.6219763E-04   5.4352688E-04  -1.5481701E-05   6.3429689E-05  -5.1423006E-05  -1.8601908E-04   1.3374036E-04   1.9550873E-06  -3.9651788E-07  -5.1267938E-06   2.1664180E-06  -1.5418962E-06  -6.0511417E-07  -1.4389777E-08  -6.4922489E-09  -1.7517091E-08  -5.3434514E-07  -8.4868315E-08   8.0806269E-07  -3.8016611E-05  -2.6147439E-05   2.6289573E-07   4.0619865E-08   2.1733217E-08   6.7877946E-08
 -7.8595774E-05   2.9646493E-04  -1.3261829E-05  -2.8392808E-03  -4.2011586E-03  -4.3887433E-03   1.1975662E-03   4.4873655E+01  -3.4332112E-01  -8.3561291E-01   3.4727346E+01   2.5807295E+00  -1.2214303E+01  -5.4767237E+01  -2.4573533E-01   3.4913027E-01   5.0540101E-01  -6.0990500E+00  -3.4272170E+01   2.3903358E-03   5.9491899E-03  -9.6976698E-03   4.5722329E-03   7.4394589E-03   1.4973070E-02  -2.1590210E-04   6.9084978E-04   2.8665484E-04   2.3669462E-03  -2.8173601E-03  -8.7962416E-04   4.9486647E-02   1.3176377E-01   3.1881442E-05  -1.2142736E-03   1.5704027E-03   9.7590601E-05
  5.3941791E-07  -1.5607574E-06   7.5380466E-07  -3.3565116E-05  -1.8945746E-06   8.3823022E-05   1.1369115E-05  -3.4332112E-01   8.2214802E-02  -4.5407800E-02  -4.6669256E-01   9.5017051E-01   1.7298866E+00   5.9362371E-01   4.3806377E-02  -1.1726613E-02   4.5174219E-03   1.0181159E-01   1.0995321E-01   3.4009555E-06  -7.8273524E-06   1.2362298E-04   2.9693901E-04   3.3753831E-04  -5.9401578E-04   5.8922021E-06  -7.5150338E-07   6.6131403E-05   6.0694311E-06   2.0222894E-04  -2.0776608E-05  -7.5703431E-04  -1.5593273E-03  -1.1413411E-05   8.3396249E-06   7.2672194E-06   3.5252760E-05
  1.9173621E-05  -4.9448787E-05   3.9491605E-06   4.7885717E-04   8.1606899E-04   9.7373286E-04  -6.3557566E-06  -8.3561291E-01  -4.5407800E-02   3.8096630E+00  -3.0786916E+01  -3.5016463E+00   7.3023834E+00   5.3666336E+00  -2.7560818E+00  -1.3823013E-01   2.5689184E-01   2.7289416E+00   3.3793667E+00  -2.2063830E-03  -1.7063502E-03   4.1677767E-03  -2.4286079E-03   3.4329311E-03   1.8599197E-02   1.1204413E-04  -4.3336200E-05  -5.3811428E-04   2.4590853E-04  -9.3408261E-04  -1.4188070E-04  -8.5735861E-03   2.6746262E-02  -2.0049275E-04  -1.4541020E-04   1.2515618E-04  -1.8294443E-04
 -3.0396653E-04   9.2944739E-04  -1.9050733E-04  -5.8559569E-03  -6.7362257E-03  -2.3726026E-02   3.4121060E-03   3.4727346E+01  -4.6669256E-01  -3.0786916E+01   7.8496755E+02   7.1907284E+01  -5.0178021E+01  -5.7613460E+01   1.4140624E+01  -6.1216043E+00   4.8433000E+00  -1.4576094E+01  -2.7634901E+01   1.7384200E-02   1.0499314E-02  -4.3031870E-02   2.4249774E-02  -2.1506780E-02  -9.6905220E-02   3.7299290E-03   3.8800312E-04   1.8739330E-03   3.0597479E-03  -2.1506626E-04   2.1719716E-03   4.5256974E-01   1.1001724E-01   5.8379115E-03   2.9833634E-03   7.3906221E-05  -5.4376383E-03
 -2.0523251E-04   7.2131507E-04  -6.9446673E-05  -5.9164304E-03  -8.9186172E-03  -6.9006457E-03   5.3875865E-04   2.5807295E+00   9.5017051E-01  -3.5016463E+00   7.1907284E+01   6.2821625E+01   4.1021139E+01   1.4155482E+01  -5.0118118E+00  -3.0449418E-01  -1.4832632E+00   3.3164254E+00   3.6311291E+00  -1.4766390E-03   2.1990084E-03   5.7970287E-03   8.5744410E-03   3.6540821E-03   3.2034796E-02   8.6677931E-05   1.3074667E-04   1.0544481E-04   1.2933724E-04  -1.0122701E-03  -1.1138393E-04   4.6525267E-02  -1.9346518E-01   1.9367573E-03   8.0777495E-04   4.4693866E-04   5.2296246E-04
 -7.4242544E-05   3.1692623E-04  -3.0966825E-05  -2.6184778E-03  -1.7973799E-03   1.2252635E-03   4.6219763E-04  -1.2214303E+01   1.7298866E+00   7.3023834E+00  -5.0178021E+01   4.1021139E+01   8.5802668E+01   5.2336263E+01  -1.1892646E+01  -7.9336507E-01  -5.5662459E-01   5.1238920E+00   8.1840761E+00  -6.0611239E-03  -2.0047814E-03   1.7265436E-02   7.1273402E-03   1.6737917E-02   5.1208269E-02   5.3291115E-04  -3.5496673E-04   8.5002662E-04   7.0575468E-04  -3.3538359E-05  -1.5255511E-03  -2.1305573E-02  -1.6634777E-01   7.3947242E-04   7.7264408E-04  -6.0509338E-04  -4.6719785E-04
  1.9156592E-05  -4.7120040E-05  -4.6290056E-05   6.9140664E-04   5.4166941E-03   4.6127264E-03   5.4352688E-04  -5.4767237E+01   5.9362371E-01   5.3666336E+00  -5.7613460E+01   1.4155482E+01   5.2336263E+01   1.0287390E+02  -9.3587125E+00  -9.1803797E-01  -9.0844627E-01   6.3126059E+00   3.4927690E+01  -8.4980020E-03  -1.0731176E-02   2.8176026E-02  -1.9816889E-03   3.0014440E-04   2.5012836E-02   5.1498718E-04  -1.2956963E-03   2.1272460E-03  -2.1513476E-03   3.4086692E-04   1.4402867E-03  -7.0292102E-02  -2.7519228E-01   5.5751957E-04   2.1241962E-03  -2.7204002E-03  -1.5576239E-03
 -3.3830246E-05   8.1608914E-05   1.1622768E-07  -4.2395616E-04  -1.4238651E-03  -2.1429743E-03  -1.5481701E-05  -2.4573533E-01   4.3806377E-02  -2.7560818E+00   1.4140624E+01  -5.0118118E+00  -1.1892646E+01  -9.3587125E+00   5.9256940E+00   9.6435588E-02  -3.2057651E-01  -2.2849416E+00  -2.4895994E+00   3.0438014E-03   2.0887543E-03  -4.8430296E-03   4.3765497E-04   1.2316016E-05  -1.1464558E-02  -8.0132933E-05   1.4804791E-05   7.6164360E-05   3.6194831E-04   7.6721069E-04  -4.6326729E-04   8.3897592E-03  -5.4837659E-02  -1.7740837E-04  -3.2121885E-04  -7.9369111E-05   7.0248004E-05
 -6.9679288E-06  -1.5298956E-05   4.8301058E-06   1.8784641E-04   1.7623620E-05   4.0148061E-04   6.3429689E-05   3.4913027E-01  -1.1726613E-02  -1.3823013E-01  -6.1216043E+00  -3.0449418E-01  -7.9336507E-01  -9.1803797E-01   9.6435588E-02   3.2068904E+00   5.1976996E-01   1.9861705E-01   9.4691723E-02  -1.4972316E-03   1.6839204E-04  -1.5979067E-03  -3.8093004E-04  -5.3251267E-03  -6.0923865E-03   1.6430987E-04  -1.3443824E-05   2.1595469E-04   9.5864964E-04  -1.9618716E-04   1.8008985E-04   1.4935289E-04   1.4392498E-02  -3.1878895E-04  -3.8512168E-04  -8.7506909E-05   3.4694412E-04
 -1.1182687E-05   3.7985014E-05  -1.0039891E-05  -3.5341570E-04  -1.3363522E-03  -2.7562076E-04  -5.1423006E-05   5.0540101E-01   4.5174219E-03   2.5689184E-01   4.8433000E+00  -1.4832632E+00  -5.5662459E-01  -9.0844627E-01  -3.2057651E-01   5.1976996E-01   3.2289282E+00   2.7101065E+00   2.5796024E+00  -4.4929780E-04   3.1146024E-06   1.2046618E-03   2.1201377E-03  -4.1282269E-03  -1.4266053E-02  -1.8510044E-04  -5.8782929E-05  -4.3807882E-06  -2.0450913E-04  -5.6321004E-04  -1.3769566E-04   1.6091964E-02   5.5535975E-02  -3.3822513E-05  -5.3228088E-05   2.5255650E-04   5.9519721E-04
 -1.2544376E-05   5.3125269E-05  -8.0120042E-06  -3.5136069E-04  -1.4744930E-03  -2.7419450E-04  -1.8601908E-04  -6.0990500E+00   1.0181159E-01   2.7289416E+00  -1.4576094E+01   3.3164254E+00   5.1238920E+00   6.3126059E+00  -2.2849416E+00   1.9861705E-01   2.7101065E+00   1.0795510E+01   1.9195107E+01  -3.6024652E-03  -2.0983011E-03   8.0235633E-03  -9.7457494E-04  -2.8032874E-03   2.0307365E-02  -5.0902675E-05   3.7692796E-04  -4.5827229E-04  -9.5719810E-04  -4.3319930E-04   3.9636517E-04   8.3876193E-03  -1.5095955E-03  -1.4985407E-04   4.5919073E-04   5.9339720E-04   9.2084960E-04
  9.7048226E-06  -1.0312826E-04   1.0611976E-05   9.5489170E-04   1.8353449E-03   1.5099530E-03   1.3374036E-04  -3.4272170E+01   1.0995321E-01   3.3793667E+00  -2.7634901E+01   3.6311291E+00   8.1840761E+00   3.4927690E+01  -2.4895994E+00   9.4691723E-02   2.5796024E+00   1.9195107E+01   5.3839023E+01  -4.7822376E-03  -3.9741870E-03   8.5542421E-03  -2.5771948E-03  -1.0502105E-02   2.5306787E-02   3.0791190E-05   8.6874094E-04  -1.5972357E-03  -3.6002564E-03   8.3416388E-04   9.9582961E-04  -2.7670947E-02  -1.2328126E-01  -2.4521146E-04   2.0448081E-03   1.2010119E-04   1.4821428E-03
 -3.5122229E-08  -8.1560064E-07  -1.6982828E-08   3.8052324E-06   8.0605256E-06   2.4342369E-06   1.9550873E-06   2.3903358E-03   3.4009555E-06  -2.2063830E-03   1.7384200E-02  -1.4766390E-03  -6.0611239E-03  -8.4980020E-03   3.0438014E-03  -1.4972316E-03  -4.4929780E-04  -3.6024652E-03  -4.7822376E-03   1.4578443E-03   2.9674889E-04   1.1024226E-04  -3.6979997E-04  -8.1837112E-05  -2.8559155E-04   2.4726255E-08   1.5134993E-07  -3.1772407E-06  -7.1411397E-06   9.4889178E-06  -2.9798517E-06  -2.2800603E-04  -1.7705317E-03   5.7832658E-06   5.5204128E-06   7.9789920E-06  -2.0511180E-05
 -1.2622480E-07   3.7251392E-07  -2.9804472E-07  -2.4024707E-06  -5.9870718E-06  -2.7101322E-06  -3.9651788E-07   5.9491899E-03  -7.8273524E-06  -1.7063502E-03   1.0499314E-02   2.1990084E-03  -2.0047814E-03  -1.0731176E-02   2.0887543E-03   1.6839204E-04   3.1146024E-06  -2.0983011E-03  -3.9741870E-03   2.9674889E-04   8.9708954E-04   2.2537717E-06   7.8738044E-04   1.1923381E-04  -7.1748568E-04  -1.7006876E-07   3.8799189E-07  -6.3677768E-06   1.8659469E-06  -3.2552224E-06   5.5637510E-06   7.3415935E-05   7.8938370E-04  -5.8079294E-06  -7.0022129E-08  -1.6539715E-06  -5.1953706E-06
 -1.9977189E-07  -5.2143992E-07   2.2406867E-07  -4.1298983E-06  -1.9742436E-05   2.7302898E-06  -5.1267938E-06  -9.6976698E-03   1.2362298E-04   4.1677767E-03  -4.3031870E-02   5.7970287E-03   1.7265436E-02   2.8176026E-02  -4.8430296E-03  -1.5979067E-03   1.2046618E-03   8.0235633E-03   8.5542421E-03   1.1024226E-04   2.2537717E-06   7.0630470E-03  -4.1049187E-04   5.6194899E-04   4.4691677E-03   3.8620945E-07  -1.2024490E-06   5.8478868E-06  -6.4362799E-06   1.2432903E-05  -1.2335264E-05  -1.4083880E-03  -2.7792393E-03  -1.6798546E-05  -1.5985749E-05   1.0561283E-05   7.1706026E-06
 -3.4006347E-07   1.5798899E-07  -5.4104096E-07  -5.3394209E-06  -8.9013803E-06   4.5636383E-07   2.1664180E-06   4.5722329E-03   2.9693901E-04  -2.4286079E-03   2.4249774E-02   8.5744410E-03   7.1273402E-03  -1.9816889E-03   4.3765497E-04  -3.8093004E-04   2.1201377E-03  -9.7457494E-04  -2.5771948E-03  -3.6979997E-04   7.8738044E-04  -4.1049187E-04   2.9476646E-03   6.1936584E-04  -8.4520058E-04  -1.1353875E-06   2.3612461E-07  -1.0361825E-05   1.2078026E-05   1.8463110E-05   2.7797236E-05   8.5752591E-05   1.1516116E-03   1.1470089E-05   4.9697501E-06  -1.0126256E-05  -2.5748261E-06
 -7.0995979E-07   2.4094992E-06  -2.9255316E-07  -1.9316823E-05  -3.5655793E-05  -3.7259371E-06  -1.5418962E-06   7.4394589E-03   3.3753831E-04   3.4329311E-03  -2.1506780E-02   3.6540821E-03   1.6737917E-02   3.0014440E-04   1.2316016E-05  -5.3251267E-03  -4.1282269E-03  -2.8032874E-03  -1.0502105E-02  -8.1837112E-05   1.1923381E-04   5.6194899E-04   6.1936584E-04   6.4338121E-03   7.7893304E-03   4.0603451E-07   1.3821038E-06  -4.5943305E-05   1.3579225E-05  -5.6815638E-06   2.0303977E-05   8.8594039E-04   3.0816367E-03   2.8524708E-06  -2.7029956E-06  -5.5955971E-06  -3.8087201E-05
 -2.3047783E-06   1.1415594E-05  -4.7051854E-07  -6.6903323E-05  -1.1227052E-04  -3.0844048E-05  -6.0511417E-07   1.4973070E-02  -5.9401578E-04   1.8599197E-02  -9.6905220E-02   3.2034796E-02   5.1208269E-02   2.5012836E-02  -1.1464558E-02  -6.0923865E-03  -1.4266053E-02   2.0307365E-02   2.5306787E-02  -2.8559155E-04  -7.1748568E-04   4.4691677E-03  -8.4520058E-04   7.7893304E-03   7.0812796E-02   4.3191396E-06   3.3971611E-06  -8.2863949E-05  -3.8300885E-05  -6.0882270E-05   4.8053421E-05  -1.5389565E-03   1.6982489E-03  -7.7891305E-05   6.7202537E-06   4.2004073E-06  -2.2760199E-05
  2.5793832E-09  -9.2344395E-09   4.6624105E-09   5.9724551E-08   2.0946139E-07  -6.2453611E-08  -1.4389777E-08  -2.1590210E-04   5.8922021E-06   1.1204413E-04   3.7299290E-03   8.6677931E-05   5.3291115E-04   5.1498718E-04  -8.0132933E-05   1.6430987E-04  -1.8510044E-04  -5.0902675E-05   3.0791190E-05   2.4726255E-08  -1.7006876E-07   3.8620945E-07  -1.1353875E-06   4.0603451E-07   4.3191396E-06   3.8161438E-07  -2.0971515E-09  -9.4015286E-08   1.4759427E-07  -9.7129516E-08  -6.1255380E-08  -6.9716193E-07   1.0958003E-05   5.7450363E-08  -4.7682724E-08   1.0634626E-08   3.2465094E-08
 -1.4653804E-09   8.4625281E-09   2.0816395E-09  -5.5077240E-08  -1.1471321E-07  -6.9135660E-08  -6.4922489E-09   6.9084978E-04  -7.5150338E-07  -4.3336200E-05   3.8800312E-04   1.3074667E-04  -3.5496673E-04  -1.2956963E-03   1.4804791E-05  -1.3443824E-05  -5.8782929E-05   3.7692796E-04   8.6874094E-04   1.5134993E-07   3.8799189E-07  -1.2024490E-06   2.3612461E-07   1.3821038E-06   3.3971611E-06  -2.0971515E-09   3.7469867E-07   5.3505228E-08   1.5248755E-07   5.4341681E-08  -3.5703956E-08  -6.9567667E-06  -2.7318556E-05  -8.3274954E-08   8.3924439E-08   5.6175194E-08   3.2608025E-07
 -5.3610454E-08   7.4713360E-07  -2.1417115E-07  -5.6317747E-06  -9.2018823E-06  -2.0990267E-06  -1.7517091E-08   2.8665484E-04   6.6131403E-05  -5.3811428E-04   1.8739330E-03   1.0544481E-04   8.5002662E-04   2.1272460E-03   7.6164360E-05   2.1595469E-04  -4.3807882E-06  -4.5827229E-04  -1.5972357E-03  -3.1772407E-06  -6.3677768E-06   5.8478868E-06  -1.0361825E-05  -4.5943305E-05  -8.2863949E-05  -9.4015286E-08   5.3505228E-08   5.1794204E-04   6.5728441E-06   7.7015807E-07   7.0455962E-06   3.3398061E-04  -1.8145518E-03  -3.0098427E-05   2.6157638E-06  -3.3202405E-06   6.5066398E-06
  5.9176623E-08  -4.5337440E-07   2.9929048E-08   2.3773362E-06   2.3262768E-06   1.0684852E-06  -5.3434514E-07   2.3669462E-03   6.0694311E-06   2.4590853E-04   3.0597479E-03   1.2933724E-04   7.0575468E-04  -2.1513476E-03   3.6194831E-04   9.5864964E-04  -2.0450913E-04  -9.5719810E-04  -3.6002564E-03  -7.1411397E-06   1.8659469E-06  -6.4362799E-06   1.2078026E-05   1.3579225E-05  -3.8300885E-05   1.4759427E-07   1.5248755E-07   6.5728441E-06   4.9801608E-04   1.7133746E-07  -1.4843258E-06   6.0793988E-04  -1.8024360E-03   2.4682173E-05  -3.2365167E-05   3.3312313E-06   1.4535244E-05
  2.2191201E-07  -3.3560292E-06   3.8367504E-07  -7.8115926E-07  -8.8145497E-06   8.4859392E-06  -8.4868315E-08  -2.8173601E-03   2.0222894E-04  -9.3408261E-04  -2.1506626E-04  -1.0122701E-03  -3.3538359E-05   3.4086692E-04   7.6721069E-04  -1.9618716E-04  -5.6321004E-04  -4.3319930E-04   8.3416388E-04   9.4889178E-06  -3.2552224E-06   1.2432903E-05   1.8463110E-05  -5.6815638E-06  -6.0882270E-05  -9.7129516E-08   5.4341681E-08   7.7015807E-07   1.7133746E-07   4.0383398E-04   2.2862236E-05  -4.2766427E-05  -4.8596327E-04   1.5449383E-05   1.0771340E-05  -4.5544980E-05   2.8573414E-05
  1.6920219E-07  -2.7805061E-06   1.6950446E-07   6.3784807E-07  -3.2848604E-06   5.0011565E-06   8.0806269E-07  -8.7962416E-04  -2.0776608E-05  -1.4188070E-04   2.1719716E-03  -1.1138393E-04  -1.5255511E-03   1.4402867E-03  -4.6326729E-04   1.8008985E-04  -1.3769566E-04   3.9636517E-04   9.9582961E-04  -2.9798517E-06   5.5637510E-06  -1.2335264E-05   2.7797236E-05   2.0303977E-05   4.8053421E-05  -6.1255380E-08  -3.5703956E-08   7.0455962E-06  -1.4843258E-06   2.2862236E-05   4.4458545E-04   6.5811682E-04   2.1853962E-03   1.0811368E-05   1.1880185E-05   3.3601349E-07  -8.7223309E-05
 -6.3881878E-06   9.3909454E-05  -7.1425616E-06  -9.1603484E-05  -3.4957157E-05  -2.1650985E-04  -3.8016611E-05   4.9486647E-02  -7.5703431E-04  -8.5735861E-03   4.5256974E-01   4.6525267E-02  -2.1305573E-02  -7.0292102E-02   8.3897592E-03   1.4935289E-04   1.6091964E-02   8.3876193E-03  -2.7670947E-02  -2.2800603E-04   7.3415935E-05  -1.4083880E-03   8.5752591E-05   8.8594039E-04  -1.5389565E-03  -6.9716193E-07  -6.9567667E-06   3.3398061E-04   6.0793988E-04  -4.2766427E-05   6.5811682E-04   2.4150491E-01   5.4520834E-01   1.1926283E-03   9.4252316E-04  -8.8455032E-05  -8.9282558E-04
  8.1279305E-06  -5.9081143E-05   3.0912494E-06   9.2150811E-05   2.0560133E-05   1.4402682E-04  -2.6147439E-05   1.3176377E-01  -1.5593273E-03   2.6746262E-02   1.1001724E-01  -1.9346518E-01  -1.6634777E-01  -2.7519228E-01  -5.4837659E-02   1.4392498E-02   5.5535975E-02  -1.5095955E-03  -1.2328126E-01  -1.7705317E-03   7.8938370E-04  -2.7792393E-03   1.1516116E-03   3.0816367E-03   1.6982489E-03   1.0958003E-05  -2.7318556E-05  -1.8145518E-03  -1.8024360E-03  -4.8596327E-04   2.1853962E-03   5.4520834E-01   4.1513078E+00  -7.5048998E-03  -6.3585178E-04   4.9084408E-04  -1.3361233E-03
 -4.5549379E-08   6.0434649E-07   2.8271830E-08  -7.1995528E-07   4.4250654E-07  -8.4873321E-07   2.6289573E-07   3.1881442E-05  -1.1413411E-05  -2.0049275E-04   5.8379115E-03   1.9367573E-03   7.3947242E-04   5.5751957E-04  -1.7740837E-04  -3.1878895E-04  -3.3822513E-05  -1.4985407E-04  -2.4521146E-04   5.7832658E-06  -5.8079294E-06  -1.6798546E-05   1.1470089E-05   2.8524708E-06  -7.7891305E-05   5.7450363E-08  -8.3274954E-08  -3.0098427E-05   2.4682173E-05   1.5449383E-05   1.0811368E-05   1.1926283E-03  -7.5048998E-03   2.1539315E-04   2.8105806E-05   9.9641136E-07   3.4343263E-06
  1.4843454E-08  -4.5693570E-07   1.2094375E-07  -1.8299586E-06  -4.2733239E-06   4.9495453E-07   4.0619865E-08  -1.2142736E-03   8.3396249E-06  -1.4541020E-04   2.9833634E-03   8.0777495E-04   7.7264408E-04   2.1241962E-03  -3.2121885E-04  -3.8512168E-04  -5.3228088E-05   4.5919073E-04   2.0448081E-03   5.5204128E-06  -7.0022129E-08  -1.5985749E-05   4.9697501E-06  -2.7029956E-06   6.7202537E-06  -4.7682724E-08   8.3924439E-08   2.6157638E-06  -3.2365167E-05   1.0771340E-05   1.1880185E-05   9.4252316E-04  -6.3585178E-04   2.8105806E-05   1.3532523E-04   5.9058967E-06   4.5627485E-06
  1.0166797E-07  -1.6084277E-06   1.2364438E-07   1.4682611E-06  -8.6306805E-07   2.7856739E-06   2.1733217E-08   1.5704027E-03   7.2672194E-06   1.2515618E-04   7.3906221E-05   4.4693866E-04  -6.0509338E-04  -2.7204002E-03  -7.9369111E-05  -8.7506909E-05   2.5255650E-04   5.9339720E-04   1.2010119E-04   7.9789920E-06  -1.6539715E-06   1.0561283E-05  -1.0126256E-05  -5.5955971E-06   4.2004073E-06   1.0634626E-08   5.6175194E-08  -3.3202405E-06   3.3312313E-06  -4.5544980E-05   3.3601349E-07  -8.8455032E-05   4.9084408E-04   9.9641136E-07   5.9058967E-06   1.0322881E-04   6.0648552E-06
  2.3058945E-07  -3.1483916E-06   4.2662777E-07   4.6689277E-06   2.0592394E-06   7.6716022E-06   6.7877946E-08   9.7590601E-05   3.5252760E-05  -1.8294443E-04  -5.4376383E-03   5.2296246E-04  -4.6719785E-04  -1.5576239E-03   7.0248004E-05   3.4694412E-04   5.9519721E-04   9.2084960E-04   1.4821428E-03  -2.0511180E-05  -5.1953706E-06   7.1706026E-06  -2.5748261E-06  -3.8087201E-05  -2.2760199E-05   3.2465094E-08   3.2608025E-07   6.5066398E-06   1.4535244E-05   2.8573414E-05  -8.7223309E-05  -8.9282558E-04  -1.3361233E-03   3.4343263E-06   4.5627485E-06   6.0648552E-06   4.0599819E-04
