# omegabh2 omegach2 theta mnu logA ns
  2.5383566E-07   2.0010023E-07  -3.1857426E-07  -3.1646211E-06  -1.9702073E-07   6.1093390E-08
  2.0010023E-07   1.3080150E-03   1.5461997E-03   4.2893905E-02  -5.3675583E-03  -1.1669123E-04
 -3.1857426E-07   1.5461997E-03   4.3028829E-03   4.7603493E-02  -1.1942348E-03  -5.4447414E-05
 -3.1646211E-06   4.2893905E-02   4.7603493E-02   1.7142620E+00  -1.7235773E-01  -6.7981543E-04
 -1.9702073E-07  -5.3675583E-03  -1.1942348E-03  -1.7235773E-01   3.4740255E-02   1.0165221E-03
  6.1093390E-08  -1.1669123E-04  -5.4447414E-05  -6.7981543E-04   1.0165221E-03   4.1132015E-04
