# omegabh2 omegach2 theta tau omegak logA ns calPlanck acib217 xi asz143 aps100 aps143 aps143217 aps217 aksz kgal100 kgal143 kgal143217 kgal217 galfTE100 galfTE100143 galfTE100217 galfTE143 galfTE143217 galfTE217 cal0 cal2
  2.2977364E-08  -1.2277177E-07   1.9719802E-08   2.5021157E-07  -1.3189074E-07   3.1728991E-07   3.2369051E-07   1.2469107E-08  -7.6403342E-05   1.4405633E-06   2.2038076E-05  -4.0373019E-04  -2.5429681E-04  -9.0659890E-05  -2.7331112E-05  -4.1082369E-05  -3.5377225E-06  -3.0870291E-06  -2.1292927E-07   2.8542593E-05  -1.1915893E-07  -2.2712982E-08  -1.1298060E-07  -2.9853763E-07  -7.6004423E-07  -3.1373776E-06   1.7164906E-09   5.0024822E-11
 -1.2277177E-07   1.8591399E-06  -1.7218021E-07  -3.2698512E-06   1.8826900E-06  -2.7020536E-06  -4.3875981E-06  -2.6003234E-07   3.2765055E-04  -2.7983835E-06  -1.0925227E-04   1.7610720E-03   1.4020480E-03   8.1898488E-04   4.0534826E-04   1.4216113E-04   2.0978930E-05  -6.6294652E-05  -1.3564522E-04  -3.9208610E-04   1.1796243E-06   1.4170330E-07  -2.1343227E-06   1.5362328E-06   4.7587090E-06   2.0723959E-05   1.2294052E-08  -1.0693511E-08
  1.9719802E-08  -1.7218021E-07   1.0088433E-07   2.9631142E-07  -2.4436623E-07   3.2887173E-07   5.3341268E-07   2.8387468E-08  -1.5118363E-05   6.8082097E-07   1.0112602E-05  -2.3757407E-04  -1.1473945E-04  -9.0155150E-05  -7.6527622E-05  -1.1723380E-05   8.4938176E-06   5.8143023E-06   1.7298584E-05   1.9256030E-05  -2.5298784E-07  -7.7486647E-08   7.2694748E-07  -3.4594055E-07  -9.2970125E-07  -4.7298163E-06   5.5692533E-10  -9.6129465E-10
  2.5021157E-07  -3.2698512E-06   2.9631142E-07   5.3329268E-05  -1.4886541E-06   9.6175705E-05   1.0906443E-05  -7.9363865E-07  -1.9271492E-03  -2.8125693E-06   4.8699099E-04  -1.0071758E-02  -5.2444074E-03  -2.1356134E-03   2.0753184E-04  -9.5331094E-04  -3.6087613E-05  -1.0117131E-04   2.4534033E-04   1.4526818E-03   2.7960398E-06  -4.6242142E-07   3.8402238E-06  -5.2126592E-06  -1.2502810E-05  -4.1769618E-05  -8.7232744E-08   9.8072728E-08
 -1.3189074E-07   1.8826900E-06  -2.4436623E-07  -1.4886541E-06   3.6699598E-06   1.2560161E-06  -4.3328016E-06  -4.7432584E-08   4.4732457E-04  -3.3305116E-06  -4.2776793E-05   1.3149961E-03   1.2940482E-03   9.7627733E-04   3.4667254E-04   8.2097734E-05   1.3110066E-05  -1.0837206E-04  -1.5302512E-04  -3.6558628E-04   2.5289612E-06   6.6532523E-07  -6.8217973E-07   1.6222706E-06   6.8684394E-06   2.4956004E-05   2.4497508E-09   1.4415724E-08
  3.1728991E-07  -2.7020536E-06   3.2887173E-07   9.6175705E-05   1.2560161E-06   2.0747747E-04   1.0948294E-05   1.0359395E-05  -2.6357997E-03  -9.6903505E-06   4.6571452E-04  -9.1076651E-03  -6.2979891E-03  -1.5982351E-03   5.1857777E-03  -2.0766276E-03  -3.6352910E-04  -8.2529265E-04  -5.5242305E-04   2.9920833E-03   1.0181430E-05   5.4033416E-07  -9.5305113E-07  -1.0874994E-05  -1.3523718E-05  -4.1178823E-05  -4.1458965E-08   1.6633155E-07
  3.2369051E-07  -4.3875981E-06   5.3341268E-07   1.0906443E-05  -4.3328016E-06   1.0948294E-05   1.9632619E-05   4.3662052E-07  -4.4608905E-03   1.0252878E-04   9.7381682E-04  -2.4967346E-02  -8.0567416E-03   1.1248151E-04   3.4086173E-03  -2.2659614E-03   2.3530225E-04  -3.3658714E-04  -1.6880810E-04   1.5512441E-03  -4.3054795E-06  -2.8114819E-07   8.7880021E-06  -1.5310897E-06  -8.6078800E-06  -2.6811164E-05  -6.6957790E-08  -4.7556628E-08
  1.2469107E-08  -2.6003234E-07   2.8387468E-08  -7.9363865E-07  -4.7432584E-08   1.0359395E-05   4.3662052E-07   6.2470649E-06   9.3440847E-04  -2.4643122E-05  -1.2614960E-04   5.6076239E-03   4.2108140E-04  -5.3349093E-04   5.6247166E-04   1.0486955E-04  -1.0217883E-05   9.8741073E-06  -1.1639985E-04   5.9724206E-04   9.9012909E-07   7.6730130E-07  -6.6367997E-08  -8.7399152E-07   1.2377738E-06   6.0679998E-06  -1.1661410E-08   1.0817981E-08
 -7.6403342E-05   3.2765055E-04  -1.5118363E-05  -1.9271492E-03   4.4732457E-04  -2.6357997E-03  -4.4608905E-03   9.3440847E-04   4.4152725E+01  -4.3285376E-01  -7.8867282E-01   3.2576868E+01   3.5393779E-01  -1.4918820E+01  -5.4378296E+01  -6.1456971E-01  -3.7718991E-02   7.6725533E-01  -5.7183729E+00  -3.3114572E+01  -7.5956899E-04  -3.6654605E-03  -8.1645125E-03  -5.4364635E-03   8.2920549E-03  -2.1078020E-02  -2.5421821E-04   7.1726289E-04
  1.4405633E-06  -2.7983835E-06   6.8082097E-07  -2.8125693E-06  -3.3305116E-06  -9.6903505E-06   1.0252878E-04  -2.4643122E-05  -4.3285376E-01   8.4064159E-02  -5.9437378E-02  -6.3157066E-01   9.7271033E-01   1.7168273E+00   6.7256394E-01   4.3094031E-02   1.3732279E-02   1.8568893E-02   1.2364823E-01   1.8583409E-01  -1.4260519E-04  -3.8060064E-05   4.2207782E-05  -1.9347475E-05   6.8369726E-05  -1.2144121E-03   6.1220460E-06   3.1691806E-07
  2.2038076E-05  -1.0925227E-04   1.0112602E-05   4.8699099E-04  -4.2776793E-05   4.6571452E-04   9.7381682E-04  -1.2614960E-04  -7.8867282E-01  -5.9437378E-02   3.7710023E+00  -2.9508532E+01  -3.3188074E+00   7.1061518E+00   5.0108629E+00  -2.6463339E+00  -1.4906713E-01   2.1092125E-01   2.6945462E+00   3.3373072E+00  -5.1092203E-04   3.8077271E-04  -1.4087901E-03   6.7823112E-04  -3.5008100E-03  -8.1492364E-03   1.4145870E-04  -2.7945747E-05
 -4.0373019E-04   1.7610720E-03  -2.3757407E-04  -1.0071758E-02   1.3149961E-03  -9.1076651E-03  -2.4967346E-02   5.6076239E-03   3.2576868E+01  -6.3157066E-01  -2.9508532E+01   7.6661291E+02   6.6289635E+01  -5.4512819E+01  -5.5252218E+01   1.3280543E+01  -6.2977534E+00   5.5953218E+00  -1.2484020E+01  -2.1418211E+01   1.0091938E-02  -1.1160563E-02  -2.5300992E-02  -1.1272053E-04   4.5055865E-02   2.4179326E-01   3.1070942E-03   4.1515182E-04
 -2.5429681E-04   1.4020480E-03  -1.1473945E-04  -5.2444074E-03   1.2940482E-03  -6.2979891E-03  -8.0567416E-03   4.2108140E-04   3.5393779E-01   9.7271033E-01  -3.3188074E+00   6.6289635E+01   6.1883672E+01   4.1333073E+01   1.6871428E+01  -4.8101311E+00  -1.8770188E-01  -1.1857634E+00   3.8142951E+00   5.3324108E+00   1.6425038E-03   3.3448391E-03  -1.1630233E-02   3.9161138E-03   1.7238945E-02   4.2955660E-02   3.1467690E-05   1.0178088E-04
 -9.0659890E-05   8.1898488E-04  -9.0155150E-05  -2.1356134E-03   9.7627733E-04  -1.5982351E-03   1.1248151E-04  -5.3349093E-04  -1.4918820E+01   1.7168273E+00   7.1061518E+00  -5.4512819E+01   4.1333073E+01   8.5595552E+01   5.4684426E+01  -1.1406725E+01  -3.3633830E-01  -4.8866470E-01   5.2003408E+00   9.4910181E+00  -1.5864042E-04   2.3093874E-03  -7.5363457E-03   5.7262537E-03   7.0141295E-03   2.1674115E-02   5.3741019E-04  -3.4672605E-04
 -2.7331112E-05   4.0534826E-04  -7.6527622E-05   2.0753184E-04   3.4667254E-04   5.1857777E-03   3.4086173E-03   5.6247166E-04  -5.4378296E+01   6.7256394E-01   5.0108629E+00  -5.5252218E+01   1.6871428E+01   5.4684426E+01   1.0182703E+02  -8.1878340E+00  -3.2299744E-01  -1.4378739E+00   5.1970253E+00   3.3045768E+01   4.0337897E-03   5.4852193E-03   4.5193505E-03   1.2574402E-02   8.2522105E-03   6.8367814E-02   5.0132343E-04  -1.2839083E-03
 -4.1082369E-05   1.4216113E-04  -1.1723380E-05  -9.5331094E-04   8.2097734E-05  -2.0766276E-03  -2.2659614E-03   1.0486955E-04  -6.1456971E-01   4.3094031E-02  -2.6463339E+00   1.3280543E+01  -4.8101311E+00  -1.1406725E+01  -8.1878340E+00   5.7237137E+00   1.3770222E-01  -2.5227833E-01  -2.0898692E+00  -2.0753483E+00   1.9033469E-04  -4.4560888E-04   2.9778348E-03  -8.8485140E-04  -2.5881312E-03  -2.9177349E-03  -8.5839478E-05  -1.0451466E-05
 -3.5377225E-06   2.0978930E-05   8.4938176E-06  -3.6087613E-05   1.3110066E-05  -3.6352910E-04   2.3530225E-04  -1.0217883E-05  -3.7718991E-02   1.3732279E-02  -1.4906713E-01  -6.2977534E+00  -1.8770188E-01  -3.3633830E-01  -3.2299744E-01   1.3770222E-01   3.2461019E+00   5.5409619E-01   2.8922490E-01   4.2320370E-01  -2.6448309E-04   6.3596173E-04   3.5827079E-03  -9.5726255E-04  -2.6366197E-03  -5.3305812E-03   1.8466677E-04   1.4109093E-05
 -3.0870291E-06  -6.6294652E-05   5.8143023E-06  -1.0117131E-04  -1.0837206E-04  -8.2529265E-04  -3.3658714E-04   9.8741073E-06   7.6725533E-01   1.8568893E-02   2.1092125E-01   5.5953218E+00  -1.1857634E+00  -4.8866470E-01  -1.4378739E+00  -2.5227833E-01   5.5409619E-01   3.2410496E+00   2.8259983E+00   2.7336491E+00   1.5413666E-03   3.9969610E-04   3.3485913E-03   6.8315130E-04   1.0041176E-03  -6.0652283E-03  -1.5391849E-04  -2.3645108E-05
 -2.1292927E-07  -1.3564522E-04   1.7298584E-05   2.4534033E-04  -1.5302512E-04  -5.5242305E-04  -1.6880810E-04  -1.1639985E-04  -5.7183729E+00   1.2364823E-01   2.6945462E+00  -1.2484020E+01   3.8142951E+00   5.2003408E+00   5.1970253E+00  -2.0898692E+00   2.8922490E-01   2.8259983E+00   1.1190485E+01   1.9808588E+01   3.8530985E-04   3.1106831E-03  -1.7369091E-04   2.7976884E-03  -8.2529448E-03  -2.0085538E-02   2.9412167E-05   4.3280054E-04
  2.8542593E-05  -3.9208610E-04   1.9256030E-05   1.4526818E-03  -3.6558628E-04   2.9920833E-03   1.5512441E-03   5.9724206E-04  -3.3114572E+01   1.8583409E-01   3.3373072E+00  -2.1418211E+01   5.3324108E+00   9.4910181E+00   3.3045768E+01  -2.0753483E+00   4.2320370E-01   2.7336491E+00   1.9808588E+01   5.4439742E+01   2.8864708E-03   7.0892212E-03   4.5618638E-03   6.2294926E-03  -2.3989365E-02  -1.6641419E-02   1.7007405E-04   9.2350395E-04
 -1.1915893E-07   1.1796243E-06  -2.5298784E-07   2.7960398E-06   2.5289612E-06   1.0181430E-05  -4.3054795E-06   9.9012909E-07  -7.5956899E-04  -1.4260519E-04  -5.1092203E-04   1.0091938E-02   1.6425038E-03  -1.5864042E-04   4.0337897E-03   1.9033469E-04  -2.6448309E-04   1.5413666E-03   3.8530985E-04   2.8864708E-03   1.4783475E-03   2.9746229E-04   1.4114386E-04  -4.0449676E-04  -1.6214296E-04  -3.1163946E-05   4.9047249E-08   1.0206174E-06
 -2.2712982E-08   1.4170330E-07  -7.7486647E-08  -4.6242142E-07   6.6532523E-07   5.4033416E-07  -2.8114819E-07   7.6730130E-07  -3.6654605E-03  -3.8060064E-05   3.8077271E-04  -1.1160563E-02   3.3448391E-03   2.3093874E-03   5.4852193E-03  -4.4560888E-04   6.3596173E-04   3.9969610E-04   3.1106831E-03   7.0892212E-03   2.9746229E-04   8.5700090E-04   7.7045188E-05   7.1245654E-04   4.3858629E-05  -4.0714937E-04   2.3426907E-07   3.5193070E-07
 -1.1298060E-07  -2.1343227E-06   7.2694748E-07   3.8402238E-06  -6.8217973E-07  -9.5305113E-07   8.7880021E-06  -6.6367997E-08  -8.1645125E-03   4.2207782E-05  -1.4087901E-03  -2.5300992E-02  -1.1630233E-02  -7.5363457E-03   4.5193505E-03   2.9778348E-03   3.5827079E-03   3.3485913E-03  -1.7369091E-04   4.5618638E-03   1.4114386E-04   7.7045188E-05   7.2178606E-03  -3.5053548E-04   6.5501531E-04   4.3418255E-03   5.4005985E-07   3.6781425E-07
 -2.9853763E-07   1.5362328E-06  -3.4594055E-07  -5.2126592E-06   1.6222706E-06  -1.0874994E-05  -1.5310897E-06  -8.7399152E-07  -5.4364635E-03  -1.9347475E-05   6.7823112E-04  -1.1272053E-04   3.9161138E-03   5.7262537E-03   1.2574402E-02  -8.8485140E-04  -9.5726255E-04   6.8315130E-04   2.7976884E-03   6.2294926E-03  -4.0449676E-04   7.1245654E-04  -3.5053548E-04   2.9926569E-03   6.4684150E-04  -7.4456527E-04  -2.8340906E-07  -1.5882335E-07
 -7.6004423E-07   4.7587090E-06  -9.2970125E-07  -1.2502810E-05   6.8684394E-06  -1.3523718E-05  -8.6078800E-06   1.2377738E-06   8.2920549E-03   6.8369726E-05  -3.5008100E-03   4.5055865E-02   1.7238945E-02   7.0141295E-03   8.2522105E-03  -2.5881312E-03  -2.6366197E-03   1.0041176E-03  -8.2529448E-03  -2.3989365E-02  -1.6214296E-04   4.3858629E-05   6.5501531E-04   6.4684150E-04   6.3776824E-03   7.9296810E-03   1.2303560E-07  -2.2766932E-07
 -3.1373776E-06   2.0723959E-05  -4.7298163E-06  -4.1769618E-05   2.4956004E-05  -4.1178823E-05  -2.6811164E-05   6.0679998E-06  -2.1078020E-02  -1.2144121E-03  -8.1492364E-03   2.4179326E-01   4.2955660E-02   2.1674115E-02   6.8367814E-02  -2.9177349E-03  -5.3305812E-03  -6.0652283E-03  -2.0085538E-02  -1.6641419E-02  -3.1163946E-05  -4.0714937E-04   4.3418255E-03  -7.4456527E-04   7.9296810E-03   7.0290610E-02   3.9435805E-06   9.2914271E-07
  1.7164906E-09   1.2294052E-08   5.5692533E-10  -8.7232744E-08   2.4497508E-09  -4.1458965E-08  -6.6957790E-08  -1.1661410E-08  -2.5421821E-04   6.1220460E-06   1.4145870E-04   3.1070942E-03   3.1467690E-05   5.3741019E-04   5.0132343E-04  -8.5839478E-05   1.8466677E-04  -1.5391849E-04   2.9412167E-05   1.7007405E-04   4.9047249E-08   2.3426907E-07   5.4005985E-07  -2.8340906E-07   1.2303560E-07   3.9435805E-06   3.6874451E-07   7.1644218E-09
  5.0024822E-11  -1.0693511E-08  -9.6129465E-10   9.8072728E-08   1.4415724E-08   1.6633155E-07  -4.7556628E-08   1.0817981E-08   7.1726289E-04   3.1691806E-07  -2.7945747E-05   4.1515182E-04   1.0178088E-04  -3.4672605E-04  -1.2839083E-03  -1.0451466E-05   1.4109093E-05  -2.3645108E-05   4.3280054E-04   9.2350395E-04   1.0206174E-06   3.5193070E-07   3.6781425E-07  -1.5882335E-07  -2.2766932E-07   9.2914271E-07   7.1644218E-09   3.7187712E-07
