# omegabh2 omegach2 theta tau Alens logA ns calPlanck acib217 xi asz143 aps100 aps143 aps143217 aps217 aksz kgal100 kgal143 kgal143217 kgal217 galfEE100 galfEE100143 galfEE100217 galfEE143 galfEE143217 galfEE217 galfTE100 galfTE100143 galfTE100217 galfTE143 galfTE143217 galfTE217 cal0 cal2
    0.3028322E-07   -0.1846458E-06    0.2634960E-07    0.1107646E-06    0.5724800E-05   -0.1426220E-06    0.5173729E-06   -0.1095464E-07   -0.1710365E-03    0.4431125E-05    0.3556908E-04   -0.7256816E-03   -0.3495629E-03   -0.5220015E-04    0.6115278E-04   -0.5597531E-04   -0.2343312E-05   -0.1296209E-04   -0.3167581E-04   -0.1301820E-04    0.7083136E-07    0.8156878E-07    0.3989448E-07    0.8006410E-07    0.6487096E-07    0.3014237E-06   -0.1244839E-06   -0.7404853E-07   -0.2595513E-07   -0.2539728E-06   -0.5425510E-06   -0.2848793E-05    0.4472975E-08   -0.1735938E-07
   -0.1846458E-06    0.2497468E-05   -0.2358516E-06   -0.2720397E-05   -0.5038425E-04    0.6696007E-06   -0.6414717E-05    0.1470147E-06    0.9652106E-03   -0.2468079E-04   -0.2124751E-03    0.4841430E-02    0.2357919E-02    0.5931030E-03   -0.4313035E-04    0.2756062E-03   -0.4900113E-05    0.3221342E-04    0.1792801E-03    0.1724406E-03   -0.9170355E-06   -0.1022632E-05    0.7626316E-07   -0.1019341E-05    0.1514343E-06    0.5220935E-06    0.1303871E-05    0.4847455E-06    0.1061384E-05    0.1575143E-05    0.3890533E-05    0.2226739E-04   -0.3171131E-09    0.1094961E-06
    0.2634960E-07   -0.2358516E-06    0.1080262E-06    0.9915758E-07    0.6313989E-05   -0.2899063E-06    0.7449738E-06   -0.1532920E-07   -0.8541987E-04    0.3286608E-05    0.2179071E-04   -0.4438423E-03   -0.2335862E-03   -0.5534563E-04   -0.2425033E-04   -0.3068349E-04   -0.5687597E-05   -0.3750162E-05   -0.1713347E-04   -0.2610738E-04    0.8619991E-07    0.1011040E-06   -0.2264030E-06    0.9424307E-07   -0.1686863E-07   -0.4331543E-06   -0.2330895E-06   -0.7163089E-08    0.1418287E-06   -0.1294068E-06   -0.6721918E-06   -0.3364233E-05   -0.2646927E-09   -0.1035153E-07
    0.1107646E-06   -0.2720397E-05    0.9915758E-07    0.4037398E-03   -0.8829026E-03    0.7974154E-03    0.1519633E-04   -0.5352472E-06   -0.5097176E-02    0.8929466E-04    0.7281723E-03   -0.1837637E-01   -0.5979356E-02    0.7621163E-03    0.4623683E-02   -0.1574633E-02   -0.5061163E-03   -0.1807349E-03   -0.1072871E-03    0.1509309E-02    0.1092391E-05    0.1798622E-05    0.1708746E-05    0.1720598E-05   -0.9172468E-05    0.3661723E-04    0.2746722E-05   -0.2200545E-06   -0.8148806E-05   -0.9856613E-05   -0.8903705E-05   -0.6802060E-04   -0.8365228E-07   -0.4534998E-06
    0.5724800E-05   -0.5038425E-04    0.6313989E-05   -0.8829026E-03    0.5931773E-02   -0.1899555E-02    0.1394217E-03   -0.1678910E-04   -0.5214456E-01    0.1550375E-02    0.8957589E-02   -0.2271282E+00   -0.8857058E-01   -0.1437068E-02    0.2754478E-01   -0.1738475E-01    0.1328008E-03   -0.4465099E-02   -0.1645281E-01   -0.2040477E-01    0.1805910E-04    0.1967495E-04   -0.1055554E-04    0.1496521E-04    0.7685418E-05   -0.1462563E-03   -0.2231030E-04    0.1580118E-05   -0.1407358E-04   -0.2771900E-04   -0.4784578E-04   -0.6110692E-03    0.8505989E-06   -0.7165983E-05
   -0.1426220E-06    0.6696007E-06   -0.2899063E-06    0.7974154E-03   -0.1899555E-02    0.1617484E-02    0.1287628E-04    0.1145243E-04   -0.7801576E-02    0.1704792E-03    0.9794932E-03   -0.1918723E-01   -0.4669375E-02    0.5825851E-02    0.1475272E-01   -0.3241103E-02   -0.1348870E-02   -0.8120902E-03   -0.1371198E-03    0.4930326E-02    0.8303851E-06    0.9781381E-06    0.6097013E-05    0.2108461E-05   -0.1752658E-04    0.7227331E-04    0.8163272E-05    0.1427725E-05   -0.1126703E-04   -0.1451423E-04   -0.1466726E-04   -0.6334710E-04    0.6699343E-07   -0.7060356E-06
    0.5173729E-06   -0.6414717E-05    0.7449738E-06    0.1519633E-04    0.1394217E-03    0.1287628E-04    0.2604879E-04   -0.5044425E-06   -0.6895289E-02    0.1834056E-03    0.1305032E-02   -0.3375778E-01   -0.1077132E-01    0.1449541E-02    0.5643580E-02   -0.2586243E-02    0.2573072E-03   -0.2885846E-03   -0.1153683E-02   -0.1840332E-03    0.3674185E-05    0.4035774E-05   -0.1066517E-06    0.4089119E-05   -0.5166379E-06    0.7937999E-06   -0.3494571E-05   -0.8573988E-06   -0.4719584E-05   -0.4165659E-05   -0.9181366E-05   -0.5968942E-04   -0.1616739E-06   -0.6280793E-06
   -0.1095464E-07    0.1470147E-06   -0.1532920E-07   -0.5352472E-06   -0.1678910E-04    0.1145243E-04   -0.5044425E-06    0.6065530E-05    0.1030096E-02   -0.8366275E-05   -0.1887401E-04    0.4885077E-02    0.8191562E-03    0.2994585E-03    0.1053573E-02    0.4246330E-04   -0.3377955E-04    0.4648393E-05    0.4168092E-04    0.7134664E-03    0.6191953E-06    0.1793919E-06    0.1098766E-05    0.8547559E-06    0.1161637E-05    0.6590433E-06   -0.2854391E-08    0.3513673E-06    0.6044269E-06    0.3843121E-06   -0.2473562E-05    0.1283781E-04   -0.6252928E-10    0.1583800E-07
   -0.1710365E-03    0.9652106E-03   -0.8541987E-04   -0.5097176E-02   -0.5214456E-01   -0.7801576E-02   -0.6895289E-02    0.1030096E-02    0.4290948E+02   -0.5017220E+00   -0.1768703E+01    0.4493736E+02    0.1157538E+01   -0.2082362E+02   -0.5982607E+02    0.7002949E+00   -0.9766336E-01    0.1135628E+00   -0.2095656E+01   -0.1852899E+02   -0.4471449E-03   -0.8127940E-03   -0.7610449E-03   -0.4623106E-03   -0.8328125E-03   -0.2857005E-02   -0.7158812E-03    0.1528528E-02   -0.1047226E-02    0.4345547E-02   -0.1171062E-02   -0.5864262E-02   -0.2499308E-03    0.4216480E-02
    0.4431125E-05   -0.2468079E-04    0.3286608E-05    0.8929466E-04    0.1550375E-02    0.1704792E-03    0.1834056E-03   -0.8366275E-05   -0.5017220E+00    0.7994114E-01   -0.4639080E-01   -0.7905328E+00    0.1012513E+01    0.1977643E+01    0.8185426E+00    0.3184989E-01   -0.3521190E-02    0.9094723E-02    0.1177498E+00    0.1156329E+00    0.2113753E-04    0.2281705E-04   -0.9237103E-05    0.1341602E-04   -0.1713834E-03    0.3418649E-03    0.1787089E-04    0.2342908E-04   -0.1769445E-04    0.1920798E-04   -0.3927635E-04   -0.3754117E-03    0.7380837E-05   -0.1722306E-04
    0.3556908E-04   -0.2124751E-03    0.2179071E-04    0.7281723E-03    0.8957589E-02    0.9794932E-03    0.1305032E-02   -0.1887401E-04   -0.1768703E+01   -0.4639080E-01    0.3378352E+01   -0.2732865E+02   -0.3998287E+01    0.6949544E+01    0.5908582E+01   -0.2037067E+01   -0.1501309E+00    0.2115365E-01    0.2087664E+01    0.1831655E+01    0.2025180E-03    0.2507556E-03    0.2211564E-03    0.2490382E-03    0.1603560E-02    0.1773278E-03   -0.4109576E-03   -0.8641765E-04   -0.1064686E-02   -0.7066394E-03   -0.6817677E-03   -0.3288609E-02    0.1735467E-03   -0.3436650E-03
   -0.7256816E-03    0.4841430E-02   -0.4438423E-03   -0.1837637E-01   -0.2271282E+00   -0.1918723E-01   -0.3375778E-01    0.4885077E-02    0.4493736E+02   -0.7905328E+00   -0.2732865E+02    0.7633147E+03    0.6730907E+02   -0.6123309E+02   -0.6969132E+02    0.1091470E+02   -0.3660639E+01    0.3276856E+01   -0.1020089E+02   -0.1470373E+02   -0.3116291E-02   -0.4468421E-02   -0.2617830E-02   -0.3889315E-02   -0.9886269E-02   -0.1049883E-01    0.4796467E-02   -0.4016809E-02    0.1087503E-01    0.1397272E-01    0.1418436E-01    0.7452486E-01    0.6195984E-02    0.4251793E-02
   -0.3495629E-03    0.2357919E-02   -0.2335862E-03   -0.5979356E-02   -0.8857058E-01   -0.4669375E-02   -0.1077132E-01    0.8191562E-03    0.1157538E+01    0.1012513E+01   -0.3998287E+01    0.6730907E+02    0.6089006E+02    0.4382789E+02    0.1597452E+02   -0.3486043E+01   -0.2403602E+00   -0.9635690E+00    0.4023376E+01    0.4127870E+01   -0.1195503E-02   -0.1650178E-02   -0.1483580E-02   -0.1832480E-02   -0.3632355E-02    0.5060126E-02    0.4304163E-02    0.1149406E-02    0.2513605E-02    0.2957329E-02    0.7284742E-03    0.3836237E-01    0.6825423E-04    0.4042492E-03
   -0.5220015E-04    0.5931030E-03   -0.5534563E-04    0.7621163E-03   -0.1437068E-02    0.5825851E-02    0.1449541E-02    0.2994585E-03   -0.2082362E+02    0.1977643E+01    0.6949544E+01   -0.6123309E+02    0.4382789E+02    0.9772164E+02    0.6301439E+02   -0.9766797E+01   -0.6253223E+00   -0.3458961E+00    0.4677616E+01    0.4998182E+01    0.4228743E-03    0.6532810E-04    0.3250096E-03   -0.2611348E-03   -0.2068078E-02    0.7660202E-02    0.2543099E-02    0.1516246E-02   -0.4911308E-03    0.2083151E-02   -0.1265452E-02    0.1138677E-01    0.6883427E-03   -0.2313981E-02
    0.6115278E-04   -0.4313035E-04   -0.2425033E-04    0.4623683E-02    0.2754478E-01    0.1475272E-01    0.5643580E-02    0.1053573E-02   -0.5982607E+02    0.8185426E+00    0.5908582E+01   -0.6969132E+02    0.1597452E+02    0.6301439E+02    0.1161115E+03   -0.8506407E+01   -0.2997224E+00   -0.3592175E+00   -0.5939201E+00    0.1494530E+02    0.7844138E-03    0.3730000E-03    0.1238587E-02    0.6182404E-05    0.8653433E-03    0.2763269E-02    0.3117607E-02   -0.9284976E-03    0.8507322E-04   -0.3020514E-02    0.3240518E-02    0.3430517E-01    0.6230967E-03   -0.7323401E-02
   -0.5597531E-04    0.2756062E-03   -0.3068349E-04   -0.1574633E-02   -0.1738475E-01   -0.3241103E-02   -0.2586243E-02    0.4246330E-04    0.7002949E+00    0.3184989E-01   -0.2037067E+01    0.1091470E+02   -0.3486043E+01   -0.9766797E+01   -0.8506407E+01    0.4731515E+01    0.1194958E+00    0.3341617E-02   -0.1427455E+01   -0.1236956E+01   -0.3978340E-03   -0.2193415E-03   -0.5839835E-03   -0.1762723E-03    0.4452062E-03    0.2031547E-02   -0.1075655E-03   -0.2485369E-03    0.4999348E-03   -0.2789137E-03    0.1390038E-02    0.1942927E-02   -0.1039642E-03    0.1463584E-03
   -0.2343312E-05   -0.4900113E-05   -0.5687597E-05   -0.5061163E-03    0.1328008E-03   -0.1348870E-02    0.2573072E-03   -0.3377955E-04   -0.9766336E-01   -0.3521190E-02   -0.1501309E+00   -0.3660639E+01   -0.2403602E+00   -0.6253223E+00   -0.2997224E+00    0.1194958E+00    0.3432196E+01    0.4468388E+00    0.1123385E+00    0.1982473E+00    0.2537294E-04    0.6360016E-05    0.5360383E-03   -0.8156523E-04    0.1060151E-02   -0.2713516E-03   -0.3954808E-03    0.4262853E-03   -0.8977451E-03   -0.8410591E-03   -0.9647704E-03   -0.3277205E-02    0.2812437E-03   -0.3201363E-04
   -0.1296209E-04    0.3221342E-04   -0.3750162E-05   -0.1807349E-03   -0.4465099E-02   -0.8120902E-03   -0.2885846E-03    0.4648393E-05    0.1135628E+00    0.9094723E-02    0.2115365E-01    0.3276856E+01   -0.9635690E+00   -0.3458961E+00   -0.3592175E+00    0.3341617E-02    0.4468388E+00    0.3347110E+01    0.2506387E+01    0.1587531E+01    0.6338274E-04   -0.4096863E-04    0.2087688E-03   -0.3780479E-04   -0.3481450E-03   -0.1039095E-02   -0.3273721E-03   -0.4989088E-03   -0.6072819E-03   -0.6853207E-03   -0.1541697E-03    0.3158858E-02   -0.2762877E-03   -0.2248057E-03
   -0.3167581E-04    0.1792801E-03   -0.1713347E-04   -0.1072871E-03   -0.1645281E-01   -0.1371198E-03   -0.1153683E-02    0.4168092E-04   -0.2095656E+01    0.1177498E+00    0.2087664E+01   -0.1020089E+02    0.4023376E+01    0.4677616E+01   -0.5939201E+00   -0.1427455E+01    0.1123385E+00    0.2506387E+01    0.1698893E+02    0.2556775E+02   -0.1285784E-03    0.8586905E-05    0.7251342E-03   -0.9921689E-04   -0.5810832E-04   -0.9473523E-03   -0.9713708E-03   -0.9133369E-03   -0.3741694E-02   -0.1345994E-02   -0.2833227E-02    0.4298486E-02   -0.1213454E-05    0.2558957E-02
   -0.1301820E-04    0.1724406E-03   -0.2610738E-04    0.1509309E-02   -0.2040477E-01    0.4930326E-02   -0.1840332E-03    0.7134664E-03   -0.1852899E+02    0.1156329E+00    0.1831655E+01   -0.1470373E+02    0.4127870E+01    0.4998182E+01    0.1494530E+02   -0.1236956E+01    0.1982473E+00    0.1587531E+01    0.2556775E+02    0.5464732E+02   -0.1139793E-03    0.2808271E-03    0.2984830E-02    0.2112444E-03   -0.8931017E-04   -0.3403161E-02   -0.1260760E-02   -0.1863245E-02   -0.1600184E-02   -0.2088438E-02   -0.5433358E-02    0.4267752E-02    0.9180191E-04    0.4612188E-02
    0.7083136E-07   -0.9170355E-06    0.8619991E-07    0.1092391E-05    0.1805910E-04    0.8303851E-06    0.3674185E-05    0.6191953E-06   -0.4471449E-03    0.2113753E-04    0.2025180E-03   -0.3116291E-02   -0.1195503E-02    0.4228743E-03    0.7844138E-03   -0.3978340E-03    0.2537294E-04    0.6338274E-04   -0.1285784E-03   -0.1139793E-03    0.3230457E-04    0.9147677E-05    0.9794879E-06    0.3489912E-05    0.2910996E-05    0.4324414E-05   -0.2190670E-05   -0.2281512E-07    0.1900764E-05    0.7024647E-06   -0.1079252E-05   -0.1491112E-04   -0.4528242E-07    0.4217201E-08
    0.8156878E-07   -0.1022632E-05    0.1011040E-06    0.1798622E-05    0.1967495E-04    0.9781381E-06    0.4035774E-05    0.1793919E-06   -0.8127940E-03    0.2281705E-04    0.2507556E-03   -0.4468421E-02   -0.1650178E-02    0.6532810E-04    0.3730000E-03   -0.2193415E-03    0.6360016E-05   -0.4096863E-04    0.8586905E-05    0.2808271E-03    0.9147677E-05    0.2490338E-04    0.1522087E-05    0.1233950E-04    0.8007868E-06    0.5229256E-05   -0.1743754E-06   -0.6498776E-08   -0.9784415E-06   -0.2096004E-05    0.3162370E-06   -0.1189354E-04   -0.4389016E-07    0.2816161E-07
    0.3989448E-07    0.7626316E-07   -0.2264030E-06    0.1708746E-05   -0.1055554E-04    0.6097013E-05   -0.1066517E-06    0.1098766E-05   -0.7610449E-03   -0.9237103E-05    0.2211564E-03   -0.2617830E-02   -0.1483580E-02    0.3250096E-03    0.1238587E-02   -0.5839835E-03    0.5360383E-03    0.2087688E-03    0.7251342E-03    0.2984830E-02    0.9794879E-06    0.1522087E-05    0.1053665E-02    0.1708340E-05   -0.6988485E-05   -0.2076476E-04    0.3048324E-05   -0.6007714E-06    0.1134776E-04    0.3331266E-05    0.8029784E-05   -0.9014432E-05    0.1372668E-06    0.3364501E-06
    0.8006410E-07   -0.1019341E-05    0.9424307E-07    0.1720598E-05    0.1496521E-04    0.2108461E-05    0.4089119E-05    0.8547559E-06   -0.4623106E-03    0.1341602E-04    0.2490382E-03   -0.3889315E-02   -0.1832480E-02   -0.2611348E-03    0.6182404E-05   -0.1762723E-03   -0.8156523E-04   -0.3780479E-04   -0.9921689E-04    0.2112444E-03    0.3489912E-05    0.1233950E-04    0.1708340E-05    0.4723030E-04   -0.1025185E-05    0.1027412E-04   -0.1766920E-05   -0.5372245E-06    0.3756272E-07   -0.3532652E-05    0.5779178E-05   -0.9273532E-05   -0.9534316E-07    0.9886941E-08
    0.6487096E-07    0.1514343E-06   -0.1686863E-07   -0.9172468E-05    0.7685418E-05   -0.1752658E-04   -0.5166379E-06    0.1161637E-05   -0.8328125E-03   -0.1713834E-03    0.1603560E-02   -0.9886269E-02   -0.3632355E-02   -0.2068078E-02    0.8653433E-03    0.4452062E-03    0.1060151E-02   -0.3481450E-03   -0.5810832E-04   -0.8931017E-04    0.2910996E-05    0.8007868E-06   -0.6988485E-05   -0.1025185E-05    0.2196058E-02    0.1293446E-03    0.7275440E-05   -0.1020762E-04    0.8038015E-05   -0.3677698E-04   -0.1633867E-04   -0.6266312E-04    0.2814944E-06   -0.2661445E-06
    0.3014237E-06    0.5220935E-06   -0.4331543E-06    0.3661723E-04   -0.1462563E-03    0.7227331E-04    0.7937999E-06    0.6590433E-06   -0.2857005E-02    0.3418649E-03    0.1773278E-03   -0.1049883E-01    0.5060126E-02    0.7660202E-02    0.2763269E-02    0.2031547E-02   -0.2713516E-03   -0.1039095E-02   -0.9473523E-03   -0.3403161E-02    0.4324414E-05    0.5229256E-05   -0.2076476E-04    0.1027412E-04    0.1293446E-03    0.1692743E-01    0.1042318E-04   -0.1384365E-04    0.8973691E-04   -0.5207666E-04   -0.1136991E-03    0.4507280E-03   -0.1836708E-06   -0.6833001E-06
   -0.1244839E-06    0.1303871E-05   -0.2330895E-06    0.2746722E-05   -0.2231030E-04    0.8163272E-05   -0.3494571E-05   -0.2854391E-08   -0.7158812E-03    0.1787089E-04   -0.4109576E-03    0.4796467E-02    0.4304163E-02    0.2543099E-02    0.3117607E-02   -0.1075655E-03   -0.3954808E-03   -0.3273721E-03   -0.9713708E-03   -0.1260760E-02   -0.2190670E-05   -0.1743754E-06    0.3048324E-05   -0.1766920E-05    0.7275440E-05    0.1042318E-04    0.1407426E-02    0.2881400E-03    0.6394774E-04   -0.3707137E-03   -0.1009542E-03   -0.9324507E-04    0.3235734E-06   -0.3460087E-06
   -0.7404853E-07    0.4847455E-06   -0.7163089E-08   -0.2200545E-06    0.1580118E-05    0.1427725E-05   -0.8573988E-06    0.3513673E-06    0.1528528E-02    0.2342908E-04   -0.8641765E-04   -0.4016809E-02    0.1149406E-02    0.1516246E-02   -0.9284976E-03   -0.2485369E-03    0.4262853E-03   -0.4989088E-03   -0.9133369E-03   -0.1863245E-02   -0.2281512E-07   -0.6498776E-08   -0.6007714E-06   -0.5372245E-06   -0.1020762E-04   -0.1384365E-04    0.2881400E-03    0.8493329E-03    0.4163961E-04    0.7427811E-03    0.3328167E-04   -0.6638428E-03   -0.4200926E-07    0.8174123E-07
   -0.2595513E-07    0.1061384E-05    0.1418287E-06   -0.8148806E-05   -0.1407358E-04   -0.1126703E-04   -0.4719584E-05    0.6044269E-06   -0.1047226E-02   -0.1769445E-04   -0.1064686E-02    0.1087503E-01    0.2513605E-02   -0.4911308E-03    0.8507322E-04    0.4999348E-03   -0.8977451E-03   -0.6072819E-03   -0.3741694E-02   -0.1600184E-02    0.1900764E-05   -0.9784415E-06    0.1134776E-04    0.3756272E-07    0.8038015E-05    0.8973691E-04    0.6394774E-04    0.4163961E-04    0.7064624E-02   -0.3405980E-03    0.8030445E-03    0.4369172E-02   -0.5562180E-06   -0.5909454E-06
   -0.2539728E-06    0.1575143E-05   -0.1294068E-06   -0.9856613E-05   -0.2771900E-04   -0.1451423E-04   -0.4165659E-05    0.3843121E-06    0.4345547E-02    0.1920798E-04   -0.7066394E-03    0.1397272E-01    0.2957329E-02    0.2083151E-02   -0.3020514E-02   -0.2789137E-03   -0.8410591E-03   -0.6853207E-03   -0.1345994E-02   -0.2088438E-02    0.7024647E-06   -0.2096004E-05    0.3331266E-05   -0.3532652E-05   -0.3677698E-04   -0.5207666E-04   -0.3707137E-03    0.7427811E-03   -0.3405980E-03    0.2888533E-02    0.4721782E-03   -0.8535347E-03    0.4773900E-06    0.8631112E-06
   -0.5425510E-06    0.3890533E-05   -0.6721918E-06   -0.8903705E-05   -0.4784578E-04   -0.1466726E-04   -0.9181366E-05   -0.2473562E-05   -0.1171062E-02   -0.3927635E-04   -0.6817677E-03    0.1418436E-01    0.7284742E-03   -0.1265452E-02    0.3240518E-02    0.1390038E-02   -0.9647704E-03   -0.1541697E-03   -0.2833227E-02   -0.5433358E-02   -0.1079252E-05    0.3162370E-06    0.8029784E-05    0.5779178E-05   -0.1633867E-04   -0.1136991E-03   -0.1009542E-03    0.3328167E-04    0.8030445E-03    0.4721782E-03    0.6449040E-02    0.7785707E-02    0.3862404E-06   -0.1076662E-05
   -0.2848793E-05    0.2226739E-04   -0.3364233E-05   -0.6802060E-04   -0.6110692E-03   -0.6334710E-04   -0.5968942E-04    0.1283781E-04   -0.5864262E-02   -0.3754117E-03   -0.3288609E-02    0.7452486E-01    0.3836237E-01    0.1138677E-01    0.3430517E-01    0.1942927E-02   -0.3277205E-02    0.3158858E-02    0.4298486E-02    0.4267752E-02   -0.1491112E-04   -0.1189354E-04   -0.9014432E-05   -0.9273532E-05   -0.6266312E-04    0.4507280E-03   -0.9324507E-04   -0.6638428E-03    0.4369172E-02   -0.8535347E-03    0.7785707E-02    0.6524119E-01   -0.9628760E-06   -0.5380158E-05
    0.4472975E-08   -0.3171131E-09   -0.2646927E-09   -0.8365228E-07    0.8505989E-06    0.6699343E-07   -0.1616739E-06   -0.6252928E-10   -0.2499308E-03    0.7380837E-05    0.1735467E-03    0.6195984E-02    0.6825423E-04    0.6883427E-03    0.6230967E-03   -0.1039642E-03    0.2812437E-03   -0.2762877E-03   -0.1213454E-05    0.9180191E-04   -0.4528242E-07   -0.4389016E-07    0.1372668E-06   -0.9534316E-07    0.2814944E-06   -0.1836708E-06    0.3235734E-06   -0.4200926E-07   -0.5562180E-06    0.4773900E-06    0.3862404E-06   -0.9628760E-06    0.5894762E-06    0.6375273E-08
   -0.1735938E-07    0.1094961E-06   -0.1035153E-07   -0.4534998E-06   -0.7165983E-05   -0.7060356E-06   -0.6280793E-06    0.1583800E-07    0.4216480E-02   -0.1722306E-04   -0.3436650E-03    0.4251793E-02    0.4042492E-03   -0.2313981E-02   -0.7323401E-02    0.1463584E-03   -0.3201363E-04   -0.2248057E-03    0.2558957E-02    0.4612188E-02    0.4217201E-08    0.2816161E-07    0.3364501E-06    0.9886941E-08   -0.2661445E-06   -0.6833001E-06   -0.3460087E-06    0.8174123E-07   -0.5909454E-06    0.8631112E-06   -0.1076662E-05   -0.5380158E-05    0.6375273E-08    0.2060120E-05
