# omegabh2 omegach2 theta tau logA ns calPlanck acib217 xi asz143 aps100 aps143 aps143217 aps217 aksz kgal100 kgal143 kgal143217 kgal217 cal0 cal2
    0.3977263E-07   -0.8583911E-07    0.2696843E-07    0.7431366E-06    0.1425755E-05    0.3608948E-06    0.2433113E-07   -0.1584635E-03    0.2336855E-05    0.5956223E-04   -0.8271971E-03   -0.4533548E-03   -0.1001979E-03    0.2342081E-04   -0.7910119E-04    0.7631476E-05    0.7128219E-05    0.1116283E-04    0.4569683E-04    0.5746984E-09   -0.1446432E-07
   -0.8583911E-07    0.1506084E-05   -0.7985131E-07   -0.8536295E-05   -0.1375148E-04   -0.3592196E-05   -0.1411126E-06    0.3556104E-03   -0.9948145E-05   -0.9609098E-04    0.1621668E-02    0.9484822E-03    0.1875857E-03   -0.1616579E-03    0.1385713E-03   -0.2937547E-04    0.4977280E-05    0.1117662E-03    0.1553010E-03   -0.2269023E-07    0.5235161E-07
    0.2696843E-07   -0.7985131E-07    0.1694890E-06    0.1482727E-05    0.3004727E-05    0.5024784E-06    0.3378036E-07   -0.6471575E-04    0.2133576E-06    0.3905322E-04   -0.4852237E-03   -0.1922992E-03   -0.2960416E-04    0.2008643E-04   -0.3205914E-04    0.1288901E-04    0.6718278E-05    0.3297136E-04    0.5952105E-04   -0.8967556E-09   -0.1116371E-07
    0.7431366E-06   -0.8536295E-05    0.1482727E-05    0.1666252E-03    0.3007779E-03    0.3045895E-04   -0.4742751E-05   -0.5639988E-02    0.1280108E-03    0.1657163E-02   -0.3383427E-01   -0.1394476E-01   -0.2390217E-02    0.3224358E-03   -0.2159018E-02    0.5246173E-03    0.4295317E-03   -0.9678978E-03   -0.1747060E-02   -0.7478400E-07   -0.7227592E-06
    0.1425755E-05   -0.1375148E-04    0.3004727E-05    0.3007779E-03    0.5723374E-03    0.5125497E-04    0.2510114E-05   -0.1088411E-01    0.2836284E-03    0.3132678E-02   -0.6038339E-01   -0.2398840E-01   -0.1279683E-02    0.6614416E-02   -0.4805770E-02    0.7631675E-03    0.1075316E-03   -0.1998756E-02   -0.8345947E-03    0.1332427E-08   -0.1234097E-05
    0.3608948E-06   -0.3592196E-05    0.5024784E-06    0.3045895E-04    0.5125497E-04    0.2012958E-04    0.4192920E-06   -0.5549317E-02    0.1349427E-03    0.1567742E-02   -0.3151580E-01   -0.8317749E-02    0.3205158E-02    0.6429100E-02   -0.2970178E-02    0.4729857E-03   -0.1434345E-04   -0.4821697E-03    0.2474470E-03   -0.1548925E-06   -0.5880234E-06
    0.2433113E-07   -0.1411126E-06    0.3378036E-07   -0.4742751E-05    0.2510114E-05    0.4192920E-06    0.6135682E-05    0.5771980E-03    0.2947217E-05   -0.9271104E-05    0.2533755E-02    0.5483673E-03    0.4211103E-03    0.1478657E-02    0.3716046E-04    0.3698230E-04   -0.1055821E-03    0.9933166E-06    0.1041889E-02   -0.3235351E-07    0.7207001E-07
   -0.1584635E-03    0.3556104E-03   -0.6471575E-04   -0.5639988E-02   -0.1088411E-01   -0.5549317E-02    0.5771980E-03    0.4254461E+02   -0.4397573E+00   -0.1731892E+01    0.4051374E+02    0.1001686E+01   -0.2009892E+02   -0.6010300E+02    0.5085153E+00   -0.1572128E+00   -0.1355197E+00   -0.1903341E+01   -0.1793383E+02   -0.2667032E-03    0.4417898E-02
    0.2336855E-05   -0.9948145E-05    0.2133576E-06    0.1280108E-03    0.2836284E-03    0.1349427E-03    0.2947217E-05   -0.4397573E+00    0.8130846E-01   -0.8097451E-01   -0.1845660E+00    0.1015630E+01    0.1824347E+01    0.6765105E+00    0.8146804E-01    0.9215225E-02    0.1175498E-01    0.8025482E-01    0.5060557E-01    0.9910679E-05   -0.1964575E-04
    0.5956223E-04   -0.9609098E-04    0.3905322E-04    0.1657163E-02    0.3132678E-02    0.1567742E-02   -0.9271104E-05   -0.1731892E+01   -0.8097451E-01    0.3801370E+01   -0.2966090E+02   -0.4206986E+01    0.7629852E+01    0.6952469E+01   -0.2843225E+01   -0.1509120E+00    0.8965083E-01    0.2346601E+01    0.2081218E+01    0.1518206E-03   -0.4096858E-03
   -0.8271971E-03    0.1621668E-02   -0.4852237E-03   -0.3383427E-01   -0.6038339E-01   -0.3151580E-01    0.2533755E-02    0.4051374E+02   -0.1845660E+00   -0.2966090E+02    0.7610955E+03    0.7529614E+02   -0.5152318E+02   -0.6592956E+02    0.1419958E+02   -0.4013998E+01    0.3070205E+01   -0.1148491E+02   -0.1686979E+02    0.6321958E-02    0.4628121E-02
   -0.4533548E-03    0.9484822E-03   -0.1922992E-03   -0.1394476E-01   -0.2398840E-01   -0.8317749E-02    0.5483673E-03    0.1001686E+01    0.1015630E+01   -0.4206986E+01    0.7529614E+02    0.6353941E+02    0.4523513E+02    0.1811448E+02   -0.4378482E+01   -0.9478799E-01   -0.1053700E+01    0.3565941E+01    0.3047235E+01    0.1663791E-03    0.1038091E-03
   -0.1001979E-03    0.1875857E-03   -0.2960416E-04   -0.2390217E-02   -0.1279683E-02    0.3205158E-02    0.4211103E-03   -0.2009892E+02    0.1824347E+01    0.7629852E+01   -0.5152318E+02    0.4523513E+02    0.9822905E+02    0.6668195E+02   -0.1234087E+02   -0.1760113E+00   -0.1926533E+00    0.4034432E+01    0.3631948E+01    0.7591853E-03   -0.2836466E-02
    0.2342081E-04   -0.1616579E-03    0.2008643E-04    0.3224358E-03    0.6614416E-02    0.6429100E-02    0.1478657E-02   -0.6010300E+02    0.6765105E+00    0.6952469E+01   -0.6592956E+02    0.1811448E+02    0.6668195E+02    0.1220779E+03   -0.1078614E+02   -0.1944030E-01   -0.3667596E-01   -0.6895554E+00    0.1409595E+02    0.7530343E-03   -0.7932738E-02
   -0.7910119E-04    0.1385713E-03   -0.3205914E-04   -0.2159018E-02   -0.4805770E-02   -0.2970178E-02    0.3716046E-04    0.5085153E+00    0.8146804E-01   -0.2843225E+01    0.1419958E+02   -0.4378482E+01   -0.1234087E+02   -0.1078614E+02    0.6360291E+01    0.5527610E-01   -0.1833212E+00   -0.2057636E+01   -0.1602873E+01   -0.1113058E-03    0.2716761E-03
    0.7631476E-05   -0.2937547E-04    0.1288901E-04    0.5246173E-03    0.7631675E-03    0.4729857E-03    0.3698230E-04   -0.1572128E+00    0.9215225E-02   -0.1509120E+00   -0.4013998E+01   -0.9478799E-01   -0.1760113E+00   -0.1944030E-01    0.5527610E-01    0.3527400E+01    0.4444891E+00    0.1175182E+00    0.1113803E+00    0.2593737E-03   -0.3586065E-04
    0.7128219E-05    0.4977280E-05    0.6718278E-05    0.4295317E-03    0.1075316E-03   -0.1434345E-04   -0.1055821E-03   -0.1355197E+00    0.1175498E-01    0.8965083E-01    0.3070205E+01   -0.1053700E+01   -0.1926533E+00   -0.3667596E-01   -0.1833212E+00    0.4444891E+00    0.3386115E+01    0.2682110E+01    0.1857250E+01   -0.2937591E-03   -0.2314000E-03
    0.1116283E-04    0.1117662E-03    0.3297136E-04   -0.9678978E-03   -0.1998756E-02   -0.4821697E-03    0.9933166E-06   -0.1903341E+01    0.8025482E-01    0.2346601E+01   -0.1148491E+02    0.3565941E+01    0.4034432E+01   -0.6895554E+00   -0.2057636E+01    0.1175182E+00    0.2682110E+01    0.1722006E+02    0.2542676E+02   -0.5981632E-04    0.2383433E-02
    0.4569683E-04    0.1553010E-03    0.5952105E-04   -0.1747060E-02   -0.8345947E-03    0.2474470E-03    0.1041889E-02   -0.1793383E+02    0.5060557E-01    0.2081218E+01   -0.1686979E+02    0.3047235E+01    0.3631948E+01    0.1409595E+02   -0.1602873E+01    0.1113803E+00    0.1857250E+01    0.2542676E+02    0.5388271E+02   -0.3964242E-04    0.4389112E-02
    0.5746984E-09   -0.2269023E-07   -0.8967556E-09   -0.7478400E-07    0.1332427E-08   -0.1548925E-06   -0.3235351E-07   -0.2667032E-03    0.9910679E-05    0.1518206E-03    0.6321958E-02    0.1663791E-03    0.7591853E-03    0.7530343E-03   -0.1113058E-03    0.2593737E-03   -0.2937591E-03   -0.5981632E-04   -0.3964242E-04    0.6083863E-06   -0.1158885E-07
   -0.1446432E-07    0.5235161E-07   -0.1116371E-07   -0.7227592E-06   -0.1234097E-05   -0.5880234E-06    0.7207001E-07    0.4417898E-02   -0.1964575E-04   -0.4096858E-03    0.4628121E-02    0.1038091E-03   -0.2836466E-02   -0.7932738E-02    0.2716761E-03   -0.3586065E-04   -0.2314000E-03    0.2383433E-02    0.4389112E-02   -0.1158885E-07    0.2073913E-05
