# omegabh2 omegach2 theta tau nnu logA ns calPlanck acib217 xi asz143 aps100 aps143 aps143217 aps217 aksz kgal100 kgal143 kgal143217 kgal217 cal0 cal2
  5.3219112E-08   3.7444390E-07  -2.2839815E-08   2.9740417E-07   2.7414346E-05   1.7031559E-06   1.1519362E-06   1.5727870E-08  -1.4807331E-05  -1.7996392E-06   1.0750511E-05  -1.0797358E-04  -1.4047233E-04  -8.5418685E-05  -2.9758370E-05   8.6970226E-06   1.3377521E-05   1.0066450E-05  -6.8489454E-06  -5.2305319E-06  -1.9971231E-09  -2.8462202E-09
  3.7444390E-07   1.3004547E-05  -1.2493051E-06  -2.6891867E-06   7.5641380E-04   2.6780726E-05   2.2051928E-05  -4.4407370E-07   3.8288553E-03  -7.7719447E-05  -8.5450235E-04   1.8851669E-02   1.0023336E-02   3.4042150E-03  -1.1816723E-04   1.7751681E-03   1.1667784E-04   3.6427246E-04   2.9176451E-04  -9.1665356E-04  -2.1790224E-08   6.6435516E-08
 -2.2839815E-08  -1.2493051E-06   2.9623449E-07   3.2026741E-07  -7.7072995E-05  -2.2576855E-06  -2.1606530E-06   5.2837360E-08  -3.8147021E-04   8.2378886E-06   7.3372014E-05  -1.6732829E-03  -9.7549985E-04  -3.4766272E-04  -3.7471510E-05  -1.8731095E-04  -1.1168926E-05  -3.4106870E-05  -2.8609492E-05   1.3164584E-04   3.5956336E-09  -1.1569595E-09
  2.9740417E-07  -2.6891867E-06   3.2026741E-07   5.5653429E-05   2.2814626E-05   1.0263104E-04   1.0930138E-05  -8.7961207E-07  -1.9359707E-03   2.3384433E-05   1.8897478E-04  -6.6990415E-03  -4.2659004E-03  -1.7346248E-03  -2.4147579E-04  -7.4705021E-04   1.5816758E-04   3.6734167E-05  -3.9930075E-04   8.9961447E-05  -2.0444718E-07  -1.0586739E-07
  2.7414346E-05   7.5641380E-04  -7.7072995E-05   2.2814626E-05   4.8590532E-02   1.9563751E-03   1.5905518E-03  -1.4556889E-05   2.3137611E-01  -4.6760798E-03  -5.2423977E-02   1.1211090E+00   6.0343626E-01   2.0681958E-01   3.4581282E-03   1.0967226E-01   6.5691081E-03   2.2897241E-02   1.4440626E-02  -6.3616849E-02  -1.4841558E-06   3.0804372E-06
  1.7031559E-06   2.6780726E-05  -2.2576855E-06   1.0263104E-04   1.9563751E-03   2.9546324E-04   7.7803434E-05   9.1957869E-06   5.4714201E-03  -9.4744090E-05  -1.5468988E-03   3.3831479E-02   1.6250712E-02   7.2367133E-03   4.4657958E-03   2.3468646E-03   1.9495223E-04   4.7714558E-04  -5.0225912E-04  -8.3579409E-04  -3.4171205E-07  -8.9899243E-08
  1.1519362E-06   2.2051928E-05  -2.1606530E-06   1.0930138E-05   1.5905518E-03   7.7803434E-05   6.8873746E-05   1.8389753E-07   2.7850922E-03  -7.1262877E-05  -5.9050981E-04   1.0814976E-02   1.2306104E-02   8.4636034E-03   5.8621973E-03   8.2636288E-04   5.9157083E-04   4.4726919E-04   9.4783412E-06  -8.6469263E-04  -1.7171091E-07  -2.4664909E-08
  1.5727870E-08  -4.4407370E-07   5.2837360E-08  -8.7961207E-07  -1.4556889E-05   9.1957869E-06   1.8389753E-07   6.0177916E-06   5.0101422E-04   5.9470445E-06   1.3034255E-04   1.5712144E-03  -3.5579937E-04   2.2681069E-04   1.2261235E-03   2.2640952E-05  -5.1203894E-05   1.4115442E-05   5.8354411E-05   8.0440304E-04  -1.5715664E-08  -2.2988133E-08
 -1.4807331E-05   3.8288553E-03  -3.8147021E-04  -1.9359707E-03   2.3137611E-01   5.4714201E-03   2.7850922E-03   5.0101422E-04   4.5709821E+01  -4.2106041E-01  -1.0918213E+00   4.2446323E+01   6.2136927E+00  -1.1185287E+01  -5.3783856E+01  -5.9055418E-02   2.6961745E-01   7.0625824E-01  -5.5236166E+00  -3.3286803E+01  -1.7348390E-04   7.5157252E-04
 -1.7996392E-06  -7.7719447E-05   8.2378886E-06   2.3384433E-05  -4.6760798E-03  -9.4744090E-05  -7.1262877E-05   5.9470445E-06  -4.2106041E-01   8.2019854E-02  -4.6664261E-02  -6.3395432E-01   8.3262275E-01   1.5915920E+00   6.4685701E-01   4.3266179E-02  -1.0418335E-02   8.2587898E-03   9.8976321E-02   1.4544998E-01   2.3377942E-06  -3.0199012E-06
  1.0750511E-05  -8.5450235E-04   7.3372014E-05   1.8897478E-04  -5.2423977E-02  -1.5468988E-03  -5.9050981E-04   1.3034255E-04  -1.0918213E+00  -4.6664261E-02   4.0404906E+00  -3.2263781E+01  -3.9709841E+00   7.8597170E+00   5.5518936E+00  -3.1194026E+00  -1.9252058E-01   1.7551230E-01   2.7292457E+00   3.5111317E+00   8.6605540E-05  -4.6896507E-05
 -1.0797358E-04   1.8851669E-02  -1.6732829E-03  -6.6990415E-03   1.1211090E+00   3.3831479E-02   1.0814976E-02   1.5712144E-03   4.2446323E+01  -6.3395432E-01  -3.2263781E+01   8.0830236E+02   8.8772889E+01  -4.8871017E+01  -5.9716825E+01   1.6691920E+01  -6.6571750E+00   5.6548743E+00  -1.1749697E+01  -2.5368665E+01   4.0098280E-03   9.9406812E-04
 -1.4047233E-04   1.0023336E-02  -9.7549985E-04  -4.2659004E-03   6.0343626E-01   1.6250712E-02   1.2306104E-02  -3.5579937E-04   6.2136927E+00   8.3262275E-01  -3.9709841E+00   8.8772889E+01   7.2142886E+01   4.4083810E+01   1.5537878E+01  -3.9005753E+00  -5.6367138E-01  -9.1468481E-01   4.0297732E+00   3.3306001E+00   1.2479440E-04   2.0141350E-04
 -8.5418685E-05   3.4042150E-03  -3.4766272E-04  -1.7346248E-03   2.0681958E-01   7.2367133E-03   8.4636034E-03   2.2681069E-04  -1.1185287E+01   1.5915920E+00   7.8597170E+00  -4.8871017E+01   4.4083810E+01   8.7088489E+01   5.4580141E+01  -1.2460561E+01  -1.0248488E+00  -4.8312781E-01   5.5042612E+00   8.3349071E+00   3.7073634E-04  -3.5538203E-04
 -2.9758370E-05  -1.1816723E-04  -3.7471510E-05  -2.4147579E-04   3.4581282E-03   4.4657958E-03   5.8621973E-03   1.2261235E-03  -5.3783856E+01   6.4685701E-01   5.5518936E+00  -5.9716825E+01   1.5537878E+01   5.4580141E+01   1.0279344E+02  -9.5124258E+00  -8.7212331E-01  -1.2316109E+00   5.5294634E+00   3.2707160E+01   4.1853733E-04  -1.3503673E-03
  8.6970226E-06   1.7751681E-03  -1.8731095E-04  -7.4705021E-04   1.0967226E-01   2.3468646E-03   8.2636288E-04   2.2640952E-05  -5.9055418E-02   4.3266179E-02  -3.1194026E+00   1.6691920E+01  -3.9005753E+00  -1.2460561E+01  -9.5124258E+00   6.8692782E+00   7.8261781E-02  -2.4914276E-01  -2.2838930E+00  -2.5056961E+00  -6.6585641E-05   1.5267432E-05
  1.3377521E-05   1.1667784E-04  -1.1168926E-05   1.5816758E-04   6.5691081E-03   1.9495223E-04   5.9157083E-04  -5.1203894E-05   2.6961745E-01  -1.0418335E-02  -1.9252058E-01  -6.6571750E+00  -5.6367138E-01  -1.0248488E+00  -8.7212331E-01   7.8261781E-02   3.3580470E+00   6.3222361E-01   2.3976637E-01   1.2881217E-01   1.5633730E-04   6.8720528E-06
  1.0066450E-05   3.6427246E-04  -3.4106870E-05   3.6734167E-05   2.2897241E-02   4.7714558E-04   4.4726919E-04   1.4115442E-05   7.0625824E-01   8.2587898E-03   1.7551230E-01   5.6548743E+00  -9.1468481E-01  -4.8312781E-01  -1.2316109E+00  -2.4914276E-01   6.3222361E-01   3.1884054E+00   2.7787721E+00   2.6951459E+00  -1.9024692E-04  -5.5405176E-05
 -6.8489454E-06   2.9176451E-04  -2.8609492E-05  -3.9930075E-04   1.4440626E-02  -5.0225912E-04   9.4783412E-06   5.8354411E-05  -5.5236166E+00   9.8976321E-02   2.7292457E+00  -1.1749697E+01   4.0297732E+00   5.5042612E+00   5.5294634E+00  -2.2838930E+00   2.3976637E-01   2.7787721E+00   1.0907215E+01   1.9252437E+01  -3.2777813E-05   3.6446602E-04
 -5.2305319E-06  -9.1665356E-04   1.3164584E-04   8.9961447E-05  -6.3616849E-02  -8.3579409E-04  -8.6469263E-04   8.0440304E-04  -3.3286803E+01   1.4544998E-01   3.5111317E+00  -2.5368665E+01   3.3306001E+00   8.3349071E+00   3.2707160E+01  -2.5056961E+00   1.2881217E-01   2.6951459E+00   1.9252437E+01   5.3372133E+01   6.8763213E-05   8.3753572E-04
 -1.9971231E-09  -2.1790224E-08   3.5956336E-09  -2.0444718E-07  -1.4841558E-06  -3.4171205E-07  -1.7171091E-07  -1.5715664E-08  -1.7348390E-04   2.3377942E-06   8.6605540E-05   4.0098280E-03   1.2479440E-04   3.7073634E-04   4.1853733E-04  -6.6585641E-05   1.5633730E-04  -1.9024692E-04  -3.2777813E-05   6.8763213E-05   3.7899827E-07   1.1375123E-08
 -2.8462202E-09   6.6435516E-08  -1.1569595E-09  -1.0586739E-07   3.0804372E-06  -8.9899243E-08  -2.4664909E-08  -2.2988133E-08   7.5157252E-04  -3.0199012E-06  -4.6896507E-05   9.9406812E-04   2.0141350E-04  -3.5538203E-04  -1.3503673E-03   1.5267432E-05   6.8720528E-06  -5.5405176E-05   3.6446602E-04   8.3753572E-04   1.1375123E-08   3.7836255E-07
