# omegabh2 omegach2 theta tau logA ns nrun calPlanck acib217 xi asz143 aps100 aps143 aps143217 aps217 aksz kgal100 kgal143 kgal143217 kgal217 cal0 cal2
    0.5672088E-07   -0.6946023E-07    0.3182980E-07    0.2327799E-05    0.4853999E-05    0.2987793E-06   -0.1007275E-05    0.9584112E-08   -0.1034893E-03    0.5826758E-06    0.3398458E-04   -0.3575051E-03   -0.3478700E-03   -0.1657323E-03   -0.4885583E-04   -0.3975249E-04    0.6493419E-05    0.2473426E-05   -0.3609257E-05   -0.4806179E-05    0.1009989E-07   -0.1639904E-07
   -0.6946023E-07    0.1641279E-05   -0.7969076E-07   -0.6118988E-05   -0.8281538E-05   -0.3885200E-05   -0.2129524E-06   -0.8559881E-07    0.2490039E-03   -0.1040146E-04   -0.7319112E-04    0.6365173E-03    0.5076518E-03   -0.2599000E-04   -0.1344228E-03    0.1618513E-03   -0.5208377E-04    0.2222434E-05    0.6453688E-05   -0.1188782E-04   -0.3837661E-07    0.3000078E-07
    0.3182980E-07   -0.7969076E-07    0.1739474E-06    0.1481008E-05    0.3035899E-05    0.5010088E-06   -0.3040757E-06   -0.4497037E-09   -0.5688881E-04   -0.8583048E-06    0.1653795E-04   -0.1677618E-03   -0.1736563E-03   -0.6513105E-04   -0.1740516E-04   -0.2807300E-04   -0.9598044E-05   -0.3672283E-05    0.7785464E-05    0.5094382E-04    0.7116151E-08    0.1362916E-08
    0.2327799E-05   -0.6118988E-05    0.1481008E-05    0.4184069E-03    0.8340369E-03    0.3102040E-04   -0.7387699E-04   -0.2463260E-05   -0.9403038E-02    0.9411454E-04    0.2754399E-02   -0.4861025E-01   -0.1932766E-01   -0.3922535E-02    0.5135608E-02   -0.3742534E-02    0.4509940E-03   -0.3572651E-03   -0.1518764E-02   -0.2026264E-02    0.1193207E-06   -0.1824552E-05
    0.4853999E-05   -0.8281538E-05    0.3035899E-05    0.8340369E-03    0.1704783E-02    0.5018777E-04   -0.1639203E-03    0.7360150E-05   -0.1805241E-01    0.2201158E-03    0.5265477E-02   -0.8505231E-01   -0.3322630E-01   -0.3601541E-02    0.1675192E-01   -0.7560748E-02    0.4274880E-03   -0.1198475E-02   -0.3459569E-02   -0.3027821E-02    0.5596473E-06   -0.3792026E-05
    0.2987793E-06   -0.3885200E-05    0.5010088E-06    0.3102040E-04    0.5018777E-04    0.2200633E-04    0.5197873E-05    0.3255369E-06   -0.6471575E-02    0.1546658E-03    0.1886463E-02   -0.3473878E-01   -0.9270542E-02    0.4004638E-02    0.7494204E-02   -0.3776554E-02    0.4513087E-03   -0.2727933E-03   -0.2473540E-03    0.1168263E-02   -0.1016018E-06   -0.5976723E-06
   -0.1007275E-05   -0.2129524E-06   -0.3040757E-06   -0.7387699E-04   -0.1639203E-03    0.5197873E-05    0.6675678E-04    0.2579621E-06   -0.6211868E-02    0.1459651E-03    0.1614214E-02   -0.2901184E-01   -0.9877295E-02    0.2821444E-02    0.6549604E-02   -0.2995713E-02   -0.4005262E-03   -0.4201548E-03   -0.5681260E-03    0.1526431E-02   -0.3955879E-06   -0.2042669E-06
    0.9584112E-08   -0.8559881E-07   -0.4497037E-09   -0.2463260E-05    0.7360150E-05    0.3255369E-06    0.2579621E-06    0.6253163E-05    0.3701250E-03    0.1852616E-04    0.1041387E-03    0.3310904E-02    0.8060160E-03    0.1286792E-02    0.2165421E-02   -0.1105832E-03   -0.4508641E-04   -0.2172642E-04   -0.1302942E-03    0.5979346E-03    0.2195223E-07   -0.8684806E-07
   -0.1034893E-03    0.2490039E-03   -0.5688881E-04   -0.9403038E-02   -0.1805241E-01   -0.6471575E-02   -0.6211868E-02    0.3701250E-03    0.4439045E+02   -0.5150424E+00   -0.1995948E+01    0.4901021E+02    0.2684579E+01   -0.2065945E+02   -0.6113994E+02    0.8520919E+00    0.3671506E+00    0.2462599E+00   -0.2316182E+01   -0.1902554E+02   -0.2199314E-03    0.4484140E-02
    0.5826758E-06   -0.1040146E-04   -0.8583048E-06    0.9411454E-04    0.2201158E-03    0.1546658E-03    0.1459651E-03    0.1852616E-04   -0.5150424E+00    0.8174798E-01   -0.6343546E-01   -0.5348557E+00    0.9699156E+00    0.1838698E+01    0.7809349E+00    0.5833788E-01   -0.1342860E-01    0.6531177E-02    0.9465418E-01    0.9848842E-01    0.5834317E-05   -0.2422936E-04
    0.3398458E-04   -0.7319112E-04    0.1653795E-04    0.2754399E-02    0.5265477E-02    0.1886463E-02    0.1614214E-02    0.1041387E-03   -0.1995948E+01   -0.6343546E-01    0.3827811E+01   -0.3118424E+02   -0.4627314E+01    0.7796671E+01    0.6992522E+01   -0.2940136E+01   -0.1667879E+00    0.7102677E-01    0.2497426E+01    0.2446423E+01    0.1632915E-03   -0.3582440E-03
   -0.3575051E-03    0.6365173E-03   -0.1677618E-03   -0.4861025E-01   -0.8505231E-01   -0.3473878E-01   -0.2901184E-01    0.3310904E-02    0.4901021E+02   -0.5348557E+00   -0.3118424E+02    0.8063018E+03    0.8571212E+02   -0.5730748E+02   -0.7462012E+02    0.1600903E+02   -0.3687908E+01    0.3286049E+01   -0.1242905E+02   -0.1938856E+02    0.6393955E-02    0.4625641E-02
   -0.3478700E-03    0.5076518E-03   -0.1736563E-03   -0.1932766E-01   -0.3322630E-01   -0.9270542E-02   -0.9877295E-02    0.8060160E-03    0.2684579E+01    0.9699156E+00   -0.4627314E+01    0.8571212E+02    0.6647620E+02    0.4450369E+02    0.1691350E+02   -0.3585619E+01   -0.4639172E+00   -0.9802166E+00    0.3573228E+01    0.3040963E+01    0.2251533E-03    0.2741382E-03
   -0.1657323E-03   -0.2599000E-04   -0.6513105E-04   -0.3922535E-02   -0.3601541E-02    0.4004638E-02    0.2821444E-02    0.1286792E-02   -0.2065945E+02    0.1838698E+01    0.7796671E+01   -0.5730748E+02    0.4450369E+02    0.9780214E+02    0.6705257E+02   -0.1260136E+02   -0.9204533E+00   -0.3376872E+00    0.5092210E+01    0.5758263E+01    0.7597479E-03   -0.2619739E-02
   -0.4885583E-04   -0.1344228E-03   -0.1740516E-04    0.5135608E-02    0.1675192E-01    0.7494204E-02    0.6549604E-02    0.2165421E-02   -0.6113994E+02    0.7809349E+00    0.6992522E+01   -0.7462012E+02    0.1691350E+02    0.6705257E+02    0.1217020E+03   -0.1107824E+02   -0.8487089E+00   -0.5525149E+00   -0.8014828E-01    0.1537337E+02    0.7169410E-03   -0.7833144E-02
   -0.3975249E-04    0.1618513E-03   -0.2807300E-04   -0.3742534E-02   -0.7560748E-02   -0.3776554E-02   -0.2995713E-02   -0.1105832E-03    0.8520919E+00    0.5833788E-01   -0.2940136E+01    0.1600903E+02   -0.3585619E+01   -0.1260136E+02   -0.1107824E+02    0.6657052E+01    0.9379182E-01   -0.3678763E-01   -0.2122459E+01   -0.1976952E+01   -0.1369503E-03    0.2046851E-03
    0.6493419E-05   -0.5208377E-04   -0.9598044E-05    0.4509940E-03    0.4274880E-03    0.4513087E-03   -0.4005262E-03   -0.4508641E-04    0.3671506E+00   -0.1342860E-01   -0.1667879E+00   -0.3687908E+01   -0.4639172E+00   -0.9204533E+00   -0.8487089E+00    0.9379182E-01    0.3472580E+01    0.4857672E+00    0.3671032E-01   -0.7809064E-01    0.2666902E-03    0.7278947E-05
    0.2473426E-05    0.2222434E-05   -0.3672283E-05   -0.3572651E-03   -0.1198475E-02   -0.2727933E-03   -0.4201548E-03   -0.2172642E-04    0.2462599E+00    0.6531177E-02    0.7102677E-01    0.3286049E+01   -0.9802166E+00   -0.3376872E+00   -0.5525149E+00   -0.3678763E-01    0.4857672E+00    0.3361258E+01    0.2555267E+01    0.1582345E+01   -0.2707671E-03   -0.2077655E-03
   -0.3609257E-05    0.6453688E-05    0.7785464E-05   -0.1518764E-02   -0.3459569E-02   -0.2473540E-03   -0.5681260E-03   -0.1302942E-03   -0.2316182E+01    0.9465418E-01    0.2497426E+01   -0.1242905E+02    0.3573228E+01    0.5092210E+01   -0.8014828E-01   -0.2122459E+01    0.3671032E-01    0.2555267E+01    0.1753219E+02    0.2642505E+02    0.1886881E-04    0.2566322E-02
   -0.4806179E-05   -0.1188782E-04    0.5094382E-04   -0.2026264E-02   -0.3027821E-02    0.1168263E-02    0.1526431E-02    0.5979346E-03   -0.1902554E+02    0.9848842E-01    0.2446423E+01   -0.1938856E+02    0.3040963E+01    0.5758263E+01    0.1537337E+02   -0.1976952E+01   -0.7809064E-01    0.1582345E+01    0.2642505E+02    0.5598111E+02    0.1136944E-03    0.4618710E-02
    0.1009989E-07   -0.3837661E-07    0.7116151E-08    0.1193207E-06    0.5596473E-06   -0.1016018E-06   -0.3955879E-06    0.2195223E-07   -0.2199314E-03    0.5834317E-05    0.1632915E-03    0.6393955E-02    0.2251533E-03    0.7597479E-03    0.7169410E-03   -0.1369503E-03    0.2666902E-03   -0.2707671E-03    0.1886881E-04    0.1136944E-03    0.6003369E-06    0.7882375E-08
   -0.1639904E-07    0.3000078E-07    0.1362916E-08   -0.1824552E-05   -0.3792026E-05   -0.5976723E-06   -0.2042669E-06   -0.8684806E-07    0.4484140E-02   -0.2422936E-04   -0.3582440E-03    0.4625641E-02    0.2741382E-03   -0.2619739E-02   -0.7833144E-02    0.2046851E-03    0.7278947E-05   -0.2077655E-03    0.2566322E-02    0.4618710E-02    0.7882375E-08    0.2116712E-05
