# omegabh2 omegach2 theta tau logA ns calPlanck galfTE100 galfTE100143 galfTE100217 galfTE143 galfTE143217 galfTE217 cal0 cal2
  5.4518074E-08  -7.2171378E-08   1.9043367E-08   1.1460538E-07   5.1011488E-07   1.2685377E-06  -3.0900378E-08  -3.5443236E-07  -1.3458967E-07  -2.6518073E-07   2.8342107E-08  -1.7238089E-06   1.0769798E-07   6.5649072E-09   6.1158500E-09
 -7.2171378E-08   1.2297268E-06  -3.0807182E-08  -1.9386057E-06  -2.1953394E-06  -4.5631213E-06  -9.3507929E-10   1.3892298E-06   1.6977110E-06   1.4253609E-06   2.8817008E-06   5.0476592E-06   1.6783592E-06  -1.9904344E-08  -4.8308160E-08
  1.9043367E-08  -3.0807182E-08   1.9965400E-07   3.3075250E-07   8.2219684E-07   5.3307003E-07  -4.3375538E-08   4.2682918E-08   2.1213667E-07   3.3273356E-07  -6.8596362E-08  -6.6819495E-07  -7.6339979E-06  -3.4078449E-10  -8.7273702E-09
  1.1460538E-07  -1.9386057E-06   3.3075250E-07   5.4804317E-05   9.6569310E-05   1.1554513E-05  -2.4094728E-06  -1.2791963E-05  -1.4163090E-05  -1.0030145E-05  -9.0285749E-06  -2.4307957E-05  -9.8112920E-05  -2.5330010E-07  -5.8606576E-08
  5.1011488E-07  -2.1953394E-06   8.2219684E-07   9.6569310E-05   2.1650571E-04   2.7834545E-05   6.1544531E-06  -3.0452523E-05  -2.6906905E-05  -1.1435899E-05  -8.5716879E-06  -2.9710786E-05  -3.9525988E-05  -3.8263757E-07  -2.4146977E-08
  1.2685377E-06  -4.5631213E-06   5.3307003E-07   1.1554513E-05   2.7834545E-05   9.5412071E-05  -1.2548509E-06  -3.4407662E-05  -8.6018109E-06  -3.3134352E-05   1.0658686E-06  -2.5674960E-05   1.4158776E-04   4.3866415E-08   1.5753956E-07
 -3.0900378E-08  -9.3507929E-10  -4.3375538E-08  -2.4094728E-06   6.1544531E-06  -1.2548509E-06   6.1294567E-06  -9.7325230E-07  -3.1388665E-06   3.3860275E-06  -6.9300785E-06   9.5592412E-06   4.3758321E-05  -7.2609793E-09   2.8532868E-08
 -3.5443236E-07   1.3892298E-06   4.2682918E-08  -1.2791963E-05  -3.0452523E-05  -3.4407662E-05  -9.7325230E-07   1.4636634E-03   2.5474332E-04   6.0170529E-05  -4.7091451E-04  -3.0378569E-04  -6.8023703E-04  -9.1888377E-07   5.4834335E-07
 -1.3458967E-07   1.6977110E-06   2.1213667E-07  -1.4163090E-05  -2.6906905E-05  -8.6018109E-06  -3.1388665E-06   2.5474332E-04   8.6923023E-04   2.2199020E-05   6.9203557E-04  -2.8469823E-05  -5.9806799E-04  -1.0391548E-06   2.9555716E-07
 -2.6518073E-07   1.4253609E-06   3.3273356E-07  -1.0030145E-05  -1.1435899E-05  -3.3134352E-05   3.3860275E-06   6.0170529E-05   2.2199020E-05   6.8963483E-03  -2.0270713E-04   8.1285909E-04   4.5191255E-03  -1.5003235E-06  -1.1871950E-07
  2.8342107E-08   2.8817008E-06  -6.8596362E-08  -9.0285749E-06  -8.5716879E-06   1.0658686E-06  -6.9300785E-06  -4.7091451E-04   6.9203557E-04  -2.0270713E-04   3.0383480E-03   6.9627061E-04  -7.4767014E-04   2.9787206E-07  -6.5633907E-07
 -1.7238089E-06   5.0476592E-06  -6.6819495E-07  -2.4307957E-05  -2.9710786E-05  -2.5674960E-05   9.5592412E-06  -3.0378569E-04  -2.8469823E-05   8.1285909E-04   6.9627061E-04   6.7171969E-03   8.8847620E-03   2.4415714E-06  -2.2119951E-06
  1.0769798E-07   1.6783592E-06  -7.6339979E-06  -9.8112920E-05  -3.9525988E-05   1.4158776E-04   4.3758321E-05  -6.8023703E-04  -5.9806799E-04   4.5191255E-03  -7.4767014E-04   8.8847620E-03   7.7124711E-02   3.7871158E-06  -3.7802614E-06
  6.5649072E-09  -1.9904344E-08  -3.4078449E-10  -2.5330010E-07  -3.8263757E-07   4.3866415E-08  -7.2609793E-09  -9.1888377E-07  -1.0391548E-06  -1.5003235E-06   2.9787206E-07   2.4415714E-06   3.7871158E-06   4.7942232E-07  -1.0271325E-08
  6.1158500E-09  -4.8308160E-08  -8.7273702E-09  -5.8606576E-08  -2.4146977E-08   1.5753956E-07   2.8532868E-08   5.4834335E-07   2.9555716E-07  -1.1871950E-07  -6.5633907E-07  -2.2119951E-06  -3.7802614E-06  -1.0271325E-08   4.0441286E-07
