# omegabh2 omegach2 theta tau logA ns calPlanck
  5.3629582E-08  -4.6676481E-08   1.6754348E-08   2.2516878E-07   9.9232829E-07   1.1809475E-06   1.7170008E-09
 -4.6676481E-08   1.4751995E-06   3.2165820E-09  -7.9287061E-07   2.7242550E-06  -3.2284722E-06  -4.8363829E-09
  1.6754348E-08   3.2165820E-09   2.1928979E-07   8.6797004E-08   3.8184282E-07   4.1911173E-07  -2.1652645E-08
  2.2516878E-07  -7.9287061E-07   8.6797004E-08   3.5332005E-05   7.4381719E-05   1.1966011E-05  -9.3820157E-08
  9.9232829E-07   2.7242550E-06   3.8184282E-07   7.4381719E-05   2.3892373E-04   3.9586455E-05   1.2163865E-05
  1.1809475E-06  -3.2284722E-06   4.1911173E-07   1.1966011E-05   3.9586455E-05   1.0033610E-04  -1.1890436E-07
  1.7170008E-09  -4.8363829E-09  -2.1652645E-08  -9.3820157E-08   1.2163865E-05  -1.1890436E-07   6.0553289E-06
