# omegabh2 omegach2 theta tau logA ns nrun r calPlanck acib217 xi asz143 aps100 aps143 aps143217 aps217 aksz kgal100 kgal143 kgal143217 kgal217 cal0 cal2
  5.3409869E-08  -1.2693239E-07   3.5142532E-08   5.8991102E-07   1.2578508E-06   3.3986706E-07  -8.5358542E-07   1.8593027E-06   3.3592100E-08  -3.3329888E-05  -2.0167091E-08   1.9833430E-05  -2.9527421E-04  -2.7974683E-04  -1.7100907E-04  -1.2587626E-04  -1.6669070E-05   9.2305130E-06  -1.5528655E-06  -5.2290556E-06   3.8385917E-06   2.7869570E-09  -1.7213913E-09
 -1.2693239E-07   2.3615349E-06  -2.0432618E-07  -4.7033539E-06  -5.1106892E-06  -5.4146284E-06  -1.3534452E-07  -8.1256960E-06  -5.5476806E-07   3.2640587E-04  -1.1800952E-05  -1.0103714E-04   2.2018030E-03   1.1125959E-03   2.6366537E-04  -5.3085221E-05   2.1872980E-04   3.6553101E-05   9.7071098E-05   9.9223353E-05  -2.8184170E-05  -2.0365828E-08   1.9361234E-08
  3.5142532E-08  -2.0432618E-07   1.9376307E-07   6.3110610E-07   1.1506548E-06   7.3306174E-07  -2.1773260E-07   7.6363303E-07   5.1324870E-08  -2.9812932E-05  -8.1358865E-07   2.1221757E-05  -4.0123356E-04  -1.6983438E-04  -5.5404434E-05  -1.9770417E-05  -2.4318367E-05  -3.5768539E-06  -1.1613903E-05  -1.1552830E-05   7.6703130E-06   1.1980095E-10  -4.5803359E-10
  5.8991102E-07  -4.7033539E-06   6.3110610E-07   4.9913278E-05   8.9929269E-05   1.2252660E-05  -1.3490522E-05   3.8684301E-05  -6.4106898E-07   2.4011869E-04   1.1641244E-05   1.7529528E-04  -5.5063256E-03  -3.2623954E-03  -2.3953191E-03  -3.1188296E-03   1.7116450E-04   2.2626495E-04   2.2356485E-05   1.9491645E-05  -3.3294565E-04  -1.3948366E-08  -2.1848617E-08
  1.2578508E-06  -5.1106892E-06   1.1506548E-06   8.9929269E-05   1.9782312E-04   1.1568658E-05  -4.0559047E-05   7.9839380E-05   9.3488826E-06   2.7490131E-03   4.2673374E-06  -1.2576693E-04   1.7399531E-03  -4.5307749E-04  -1.7599462E-03  -2.6114666E-03   6.8156632E-04   4.3787507E-04  -1.7594447E-04  -1.3700883E-04   1.9775138E-04   1.0432650E-07  -1.1130117E-08
  3.3986706E-07  -5.4146284E-06   7.3306174E-07   1.2252660E-05   1.1568658E-05   2.4777356E-05   7.3655259E-06   2.9400514E-05   1.4984451E-06  -6.1269429E-03   1.4088497E-04   1.6658899E-03  -3.3917058E-02  -1.0776808E-02   1.8716314E-03   6.3272441E-03  -3.5293670E-03   1.8839787E-04  -5.9811160E-04  -5.2990416E-04   1.6572955E-03  -8.4628647E-08  -1.5725763E-07
 -8.5358542E-07  -1.3534452E-07  -2.1773260E-07  -1.3490522E-05  -4.0559047E-05   7.3655259E-06   6.4249341E-05  -1.3709997E-04   5.3835193E-07  -8.3145047E-03   1.5665476E-04   1.8546883E-03  -3.1292647E-02  -1.3933030E-02   1.0008258E-03   7.5714530E-03  -4.0355236E-03  -6.9654657E-04  -7.7821228E-04  -1.0236343E-03   1.7812286E-03  -8.4960622E-08  -1.8277278E-07
  1.8593027E-06  -8.1256960E-06   7.6363303E-07   3.8684301E-05   7.9839380E-05   2.9400514E-05  -1.3709997E-04   2.1389979E-03  -2.0691630E-07   6.9987510E-03  -4.0794074E-07  -8.1949250E-04   1.5166709E-02   2.2238191E-02   1.0335692E-02   1.6655642E-03   2.3489118E-03  -2.2573601E-04  -2.1344049E-04   2.3148743E-03   1.1760786E-04  -4.4126926E-07   1.7934681E-07
  3.3592100E-08  -5.5476806E-07   5.1324870E-08  -6.4106898E-07   9.3488826E-06   1.4984451E-06   5.3835193E-07  -2.0691630E-07   6.0282616E-06   6.8533862E-04   3.5650216E-06   9.0465479E-05   2.2628397E-03   1.2041306E-04   4.8938421E-04   1.0580233E-03  -1.2266130E-04   4.2494895E-05  -7.9885291E-06  -3.0622024E-05   7.0340068E-04   1.8095734E-10  -2.1650111E-08
 -3.3329888E-05   3.2640587E-04  -2.9812932E-05   2.4011869E-04   2.7490131E-03  -6.1269429E-03  -8.3145047E-03   6.9987510E-03   6.8533862E-04   4.6325390E+01  -4.1587970E-01  -1.2007598E+00   4.1290693E+01   3.8918392E+00  -1.3530766E+01  -5.6517017E+01   5.4442514E-01   2.5599269E-01   6.3315287E-01  -5.9290029E+00  -3.4131432E+01  -1.9356509E-04   7.9485224E-04
 -2.0167091E-08  -1.1800952E-05  -8.1358865E-07   1.1641244E-05   4.2673374E-06   1.4088497E-04   1.5665476E-04  -4.0794074E-07   3.5650216E-06  -4.1587970E-01   8.2338720E-02  -3.8067330E-02  -5.5586872E-01   8.4280012E-01   1.6453936E+00   6.5677470E-01   3.1742606E-02  -1.1428896E-02  -5.1661973E-04   9.3479506E-02   1.4744128E-01   3.7968003E-06  -2.5237995E-06
  1.9833430E-05  -1.0103714E-04   2.1221757E-05   1.7529528E-04  -1.2576693E-04   1.6658899E-03   1.8546883E-03  -8.1949250E-04   9.0465479E-05  -1.2007598E+00  -3.8067330E-02   4.1025177E+00  -3.3075293E+01  -3.7193443E+00   8.3596887E+00   6.1814635E+00  -3.2205883E+00  -1.8015944E-01   1.5368011E-01   2.7085037E+00   3.4470330E+00   9.5265715E-05  -5.2612903E-05
 -2.9527421E-04   2.2018030E-03  -4.0123356E-04  -5.5063256E-03   1.7399531E-03  -3.3917058E-02  -3.1292647E-02   1.5166709E-02   2.2628397E-03   4.1290693E+01  -5.5586872E-01  -3.3075293E+01   8.1504275E+02   7.9808731E+01  -5.8150734E+01  -6.8718010E+01   1.8503458E+01  -6.4041405E+00   6.5501565E+00  -1.1408050E+01  -2.4723756E+01   3.8131183E-03   7.5544596E-04
 -2.7974683E-04   1.1125959E-03  -1.6983438E-04  -3.2623954E-03  -4.5307749E-04  -1.0776808E-02  -1.3933030E-02   2.2238191E-02   1.2041306E-04   3.8918392E+00   8.4280012E-01  -3.7193443E+00   7.9808731E+01   6.7099312E+01   4.1424558E+01   1.5893451E+01  -4.2926987E+00  -3.6918308E-01  -1.1947427E+00   3.6291034E+00   3.8578614E+00   1.7272394E-04   1.7523660E-04
 -1.7100907E-04   2.6366537E-04  -5.5404434E-05  -2.3953191E-03  -1.7599462E-03   1.8716314E-03   1.0008258E-03   1.0335692E-02   4.8938421E-04  -1.3530766E+01   1.6453936E+00   8.3596887E+00  -5.8150734E+01   4.1424558E+01   8.7809322E+01   5.7266107E+01  -1.3405429E+01  -7.5576643E-01  -8.9057188E-01   5.1356328E+00   8.9743591E+00   4.5743298E-04  -3.6781828E-04
 -1.2587626E-04  -5.3085221E-05  -1.9770417E-05  -3.1188296E-03  -2.6114666E-03   6.3272441E-03   7.5714530E-03   1.6655642E-03   1.0580233E-03  -5.6517017E+01   6.5677470E-01   6.1814635E+00  -6.8718010E+01   1.5893451E+01   5.7266107E+01   1.0787400E+02  -1.1084150E+01  -5.6660803E-01  -1.4383791E+00   5.9278216E+00   3.4649814E+01   4.9115604E-04  -1.3884633E-03
 -1.6669070E-05   2.1872980E-04  -2.4318367E-05   1.7116450E-04   6.8156632E-04  -3.5293670E-03  -4.0355236E-03   2.3489118E-03  -1.2266130E-04   5.4442514E-01   3.1742606E-02  -3.2205883E+00   1.8503458E+01  -4.2926987E+00  -1.3405429E+01  -1.1084150E+01   6.9013363E+00   1.2864606E-01  -1.4880695E-01  -2.2251865E+00  -2.7299575E+00  -7.0271125E-05   1.1267659E-05
  9.2305130E-06   3.6553101E-05  -3.5768539E-06   2.2626495E-04   4.3787507E-04   1.8839787E-04  -6.9654657E-04  -2.2573601E-04   4.2494895E-05   2.5599269E-01  -1.1428896E-02  -1.8015944E-01  -6.4041405E+00  -3.6918308E-01  -7.5576643E-01  -5.6660803E-01   1.2864606E-01   3.3919912E+00   5.4193954E-01   1.4138419E-01   5.7158292E-02   1.7204469E-04   1.1100672E-05
 -1.5528655E-06   9.7071098E-05  -1.1613903E-05   2.2356485E-05  -1.7594447E-04  -5.9811160E-04  -7.7821228E-04  -2.1344049E-04  -7.9885291E-06   6.3315287E-01  -5.1661973E-04   1.5368011E-01   6.5501565E+00  -1.1947427E+00  -8.9057188E-01  -1.4383791E+00  -1.4880695E-01   5.4193954E-01   3.2327679E+00   2.8455748E+00   2.8871324E+00  -1.8091530E-04  -2.6482003E-05
 -5.2290556E-06   9.9223353E-05  -1.1552830E-05   1.9491645E-05  -1.3700883E-04  -5.2990416E-04  -1.0236343E-03   2.3148743E-03  -3.0622024E-05  -5.9290029E+00   9.3479506E-02   2.7085037E+00  -1.1408050E+01   3.6291034E+00   5.1356328E+00   5.9278216E+00  -2.2251865E+00   1.4138419E-01   2.8455748E+00   1.1013303E+01   1.9616032E+01  -3.4204705E-05   3.9321834E-04
  3.8385917E-06  -2.8184170E-05   7.6703130E-06  -3.3294565E-04   1.9775138E-04   1.6572955E-03   1.7812286E-03   1.1760786E-04   7.0340068E-04  -3.4131432E+01   1.4744128E-01   3.4470330E+00  -2.4723756E+01   3.8578614E+00   8.9743591E+00   3.4649814E+01  -2.7299575E+00   5.7158292E-02   2.8871324E+00   1.9616032E+01   5.4211628E+01   5.1058834E-05   8.5839528E-04
  2.7869570E-09  -2.0365828E-08   1.1980095E-10  -1.3948366E-08   1.0432650E-07  -8.4628647E-08  -8.4960622E-08  -4.4126926E-07   1.8095734E-10  -1.9356509E-04   3.7968003E-06   9.5265715E-05   3.8131183E-03   1.7272394E-04   4.5743298E-04   4.9115604E-04  -7.0271125E-05   1.7204469E-04  -1.8091530E-04  -3.4204705E-05   5.1058834E-05   3.7308834E-07  -2.8665572E-09
 -1.7213913E-09   1.9361234E-08  -4.5803359E-10  -2.1848617E-08  -1.1130117E-08  -1.5725763E-07  -1.8277278E-07   1.7934681E-07  -2.1650111E-08   7.9485224E-04  -2.5237995E-06  -5.2612903E-05   7.5544596E-04   1.7523660E-04  -3.6781828E-04  -1.3884633E-03   1.1267659E-05   1.1100672E-05  -2.6482003E-05   3.9321834E-04   8.5839528E-04  -2.8665572E-09   3.8636902E-07
