# omegabh2 omegach2 theta tau yhe logA ns calPlanck aps100 aps143 aps217 acib217 asz143 psr cibr xi aksz dust100 dust143 dust217 dust143x217 cal0 cal2 calTE calEE
  4.5370465E-08  -1.6024779E-07   1.0940015E-07   2.9776854E-07   2.5215820E-06   9.4679024E-07   1.3445236E-06   2.0343436E-08   6.4754390E-04   3.2614131E-04  -7.2045122E-05   1.5768349E-04  -1.3486159E-05  -7.0203371E-07   2.6864260E-06  -1.3549864E-06   5.0255494E-05   1.4498776E-06   9.7676727E-07  -3.7251066E-07   6.8876863E-07   5.2797929E-09   1.7066128E-08   2.6001058E-07   4.0071342E-07
 -1.6024779E-07   2.0125993E-06  -3.7468271E-07  -2.1742762E-06  -5.8477148E-06  -1.5293830E-06  -6.5618541E-06  -2.2279512E-07  -1.9540092E-03  -4.3143974E-04   5.9443592E-04  -4.6162518E-04   5.9079754E-05   2.7632356E-06  -4.6240698E-06   1.4928012E-06  -1.8445674E-04  -3.6375789E-06  -2.5116716E-06   2.2618790E-07  -3.4799075E-06  -3.4804644E-08  -9.3585862E-08  -1.1869731E-06  -2.3516333E-06
  1.0940015E-07  -3.7468271E-07   5.0517471E-07   6.6304584E-07   1.1207432E-05   3.3395059E-06   5.0747471E-06   1.7207158E-08   4.4376013E-03   2.6070467E-03  -7.6338736E-04   1.3028510E-03  -1.3064725E-04  -7.8427557E-06   2.3779065E-05  -9.2659576E-06   3.3901903E-04   5.5406240E-06   6.7344435E-06  -5.1022988E-06   3.5595631E-06  -1.2346590E-10   1.1334108E-07   1.4582905E-06   2.8519337E-06
  2.9776854E-07  -2.1742762E-06   6.6304584E-07   4.4878901E-05   1.1949383E-05   8.8124125E-05   1.1906406E-05   3.0302175E-07  -5.7287881E-03  -1.0504633E-03   2.4279727E-03  -1.0546638E-03   3.0839976E-04   2.5418622E-05  -3.0671397E-05   1.3227037E-05  -6.3544426E-04  -1.4931119E-07  -9.4138931E-06   3.8958029E-07   3.0902758E-07  -9.5374946E-08  -1.3753544E-07  -1.3868215E-06   1.5855902E-06
  2.5215820E-06  -5.8477148E-06   1.1207432E-05   1.1949383E-05   3.0739805E-04   8.6588458E-05   1.2607806E-04   1.1121299E-07   1.2439713E-01   7.3964395E-02  -1.9817539E-02   3.5643222E-02  -3.7448662E-03  -2.1944910E-04   6.3625851E-04  -2.3997678E-04   9.3143019E-03   1.2658919E-04   1.8800619E-04  -1.4150747E-04   9.8981027E-05  -8.3853855E-08   2.8636777E-06   4.0237769E-05   7.6093529E-05
  9.4679024E-07  -1.5293830E-06   3.3395059E-06   8.8124125E-05   8.6588458E-05   2.2271494E-04   3.9021126E-05   1.2442839E-05   1.8485011E-02   1.6863494E-02   1.0607093E-02   3.4803344E-03  -2.7704288E-05   2.6053033E-05   5.7275272E-05   3.1136817E-05  -4.9749368E-04   1.2044964E-05  -6.7900341E-05   4.6573610E-06   2.5674436E-07   3.9496030E-07   1.1437534E-07   4.5324670E-06   1.9170744E-05
  1.3445236E-06  -6.5618541E-06   5.0747471E-06   1.1906406E-05   1.2607806E-04   3.9021126E-05   7.0863770E-05   6.0870912E-07   3.0207224E-02   2.2298372E-02  -2.6016454E-04   8.6579504E-03  -1.0646322E-03  -3.0970843E-05   1.4552433E-04  -3.4986197E-05   2.1530262E-03   7.1993477E-05   5.6728577E-05  -2.3951965E-05   4.1258859E-05  -2.8898648E-07   9.4364404E-07   1.6876086E-05   2.9481406E-05
  2.0343436E-08  -2.2279512E-07   1.7207158E-08   3.0302175E-07   1.1121299E-07   1.2442839E-05   6.0870912E-07   6.1466586E-06   2.2065437E-03   4.0362242E-04   1.9199058E-03   1.1357010E-04   4.4756986E-05  -1.6434319E-06   9.6502439E-06   1.0808360E-05  -4.8911317E-05   3.0988189E-06   2.7144970E-06   1.2426304E-05  -1.4216757E-06   8.2754258E-09  -6.1919441E-08  -2.1218814E-07   1.5739965E-08
  6.4754390E-04  -1.9540092E-03   4.4376013E-03  -5.7287881E-03   1.2439713E-01   1.8485011E-02   3.0207224E-02   2.2065437E-03   6.5442873E+02   8.8357905E+01  -5.9909414E+01   4.2563542E+01  -2.6622335E+01  -9.2869423E-01   3.1877396E-02  -4.1142509E-01   1.3435833E+01  -1.2597688E-01   2.6698470E-01  -3.0575624E-01  -1.6688369E-01   6.9680210E-03   3.6262649E-03   1.8520609E-02   3.8563640E-02
  3.2614131E-04  -4.3143974E-04   2.6070467E-03  -1.0504633E-03   7.3964395E-02   1.6863494E-02   2.2298372E-02   4.0362242E-04   8.8357905E+01   8.4845069E+01   4.9717054E+00   1.4831934E+01  -1.4135178E+00  -6.3454820E-02   5.8602766E-01   8.5070711E-01  -6.3532362E+00   2.4627423E-03  -1.8359313E-01   1.6152699E-02   8.9447213E-02   7.8759318E-04   1.3700063E-03   1.1807563E-02   2.3045970E-02
 -7.2045122E-05   5.9443592E-04  -7.6338736E-04   2.4279727E-03  -1.9817539E-02   1.0607093E-02  -2.6016454E-04   1.9199058E-03  -5.9909414E+01   4.9717054E+00   1.7592393E+02  -8.4654687E+01   2.5469297E+00   3.6343506E-01  -1.0763839E+00   4.1695518E-01  -7.9560312E+00  -3.5748401E-02  -2.8175136E-01   5.5477812E-01  -3.2026405E-02   1.6519537E-03  -7.8862886E-03   6.1810293E-04  -2.4786227E-03
  1.5768349E-04  -4.6162518E-04   1.3028510E-03  -1.0546638E-03   3.5643222E-02   3.4803344E-03   8.6579504E-03   1.1357010E-04   4.2563542E+01   1.4831934E+01  -8.4654687E+01   5.5111092E+01   1.2580063E+00  -7.9680064E-02   7.8716405E-01  -2.9016328E-01  -1.3875845E+00   3.7223237E-02   1.7619023E-01  -4.5410276E-01  -8.9699264E-02  -5.3941781E-04   3.5018101E-03   3.5720855E-03   9.1719818E-03
 -1.3486159E-05   5.9079754E-05  -1.3064725E-04   3.0839976E-04  -3.7448662E-03  -2.7704288E-05  -1.0646322E-03   4.4756986E-05  -2.6622335E+01  -1.4135178E+00   2.5469297E+00   1.2580063E+00   4.2634423E+00   1.0113464E-01   1.4749605E-01  -2.6167790E-02  -3.4496503E+00   1.2769974E-04  -7.2751240E-03   1.2880872E-02   5.1581099E-02   4.2701821E-04  -1.8296765E-04  -7.7673415E-04  -1.3107862E-03
 -7.0203371E-07   2.7632356E-06  -7.8427557E-06   2.5418622E-05  -2.1944910E-04   2.6053033E-05  -3.0970843E-05  -1.6434319E-06  -9.2869423E-01  -6.3454820E-02   3.6343506E-01  -7.9680064E-02   1.0113464E-01   1.6499226E-02  -1.6940832E-02   1.2791048E-02  -1.0457900E-01   2.8116308E-04  -1.2576381E-03  -2.4718638E-03   4.9860291E-03   1.7369090E-05  -4.1589711E-05  -1.7585576E-05  -5.8595230E-05
  2.6864260E-06  -4.6240698E-06   2.3779065E-05  -3.0671397E-05   6.3625851E-04   5.7275272E-05   1.4552433E-04   9.6502439E-06   3.1877396E-02   5.8602766E-01  -1.0763839E+00   7.8716405E-01   1.4749605E-01  -1.6940832E-02   6.8536700E-02   3.3616818E-03  -1.3157220E-01   1.3927614E-04   6.7079312E-03  -1.6213517E-04  -1.6994259E-02  -9.4470522E-06   1.0923629E-04   4.8021508E-05   1.4924205E-04
 -1.3549864E-06   1.4928012E-06  -9.2659576E-06   1.3227037E-05  -2.3997678E-04   3.1136817E-05  -3.4986197E-05   1.0808360E-05  -4.1142509E-01   8.5070711E-01   4.1695518E-01  -2.9016328E-01  -2.6167790E-02   1.2791048E-02   3.3616818E-03   8.3217044E-02   1.2299060E-02   3.1418421E-04   7.2810424E-04   1.1497170E-03   1.1504993E-03   1.2887545E-05  -1.5267596E-05  -9.0227476E-06  -5.7192965E-05
  5.0255494E-05  -1.8445674E-04   3.3901903E-04  -6.3544426E-04   9.3143019E-03  -4.9749368E-04   2.1530262E-03  -4.8911317E-05   1.3435833E+01  -6.3532362E+00  -7.9560312E+00  -1.3875845E+00  -3.4496503E+00  -1.0457900E-01  -1.3157220E-01   1.2299060E-02   7.4525310E+00   2.3351467E-03   9.0899938E-03  -1.3188930E-02  -4.9485086E-02  -3.8087596E-04   9.5167533E-05   1.0380077E-03   2.0692243E-03
  1.4498776E-06  -3.6375789E-06   5.5406240E-06  -1.4931119E-07   1.2658919E-04   1.2044964E-05   7.1993477E-05   3.0988189E-06  -1.2597688E-01   2.4627423E-03  -3.5748401E-02   3.7223237E-02   1.2769974E-04   2.8116308E-04   1.3927614E-04   3.1418421E-04   2.3351467E-03   3.8187561E-02   2.3341430E-03  -4.5522934E-04   4.1326206E-04   3.8861821E-05  -3.2552149E-06   1.1631613E-05   1.2744167E-05
  9.7676727E-07  -2.5116716E-06   6.7344435E-06  -9.4138931E-06   1.8800619E-04  -6.7900341E-05   5.6728577E-05   2.7144970E-06   2.6698470E-01  -1.8359313E-01  -2.8175136E-01   1.7619023E-01  -7.2751240E-03  -1.2576381E-03   6.7079312E-03   7.2810424E-04   9.0899938E-03   2.3341430E-03   3.0246938E-02  -9.2870567E-04   5.3649216E-03  -8.2144333E-05  -4.2999944E-05  -5.8625247E-05  -3.1965430E-05
 -3.7251066E-07   2.2618790E-07  -5.1022988E-06   3.8958029E-07  -1.4150747E-04   4.6573610E-06  -2.3951965E-05   1.2426304E-05  -3.0575624E-01   1.6152699E-02   5.5477812E-01  -4.5410276E-01   1.2880872E-02  -2.4718638E-03  -1.6213517E-04   1.1497170E-03  -1.3188930E-02  -4.5522934E-04  -9.2870567E-04   1.0589476E-02   8.1763552E-03   4.0040893E-06   6.2093557E-05  -1.0967783E-05  -3.3647323E-05
  6.8876863E-07  -3.4799075E-06   3.5595631E-06   3.0902758E-07   9.8981027E-05   2.5674436E-07   4.1258859E-05  -1.4216757E-06  -1.6688369E-01   8.9447213E-02  -3.2026405E-02  -8.9699264E-02   5.1581099E-02   4.9860291E-03  -1.6994259E-02   1.1504993E-03  -4.9485086E-02   4.1326206E-04   5.3649216E-03   8.1763552E-03   2.5991028E-02  -4.0996286E-06   5.6898710E-05  -2.5758296E-06   1.9414762E-05
  5.2797929E-09  -3.4804644E-08  -1.2346590E-10  -9.5374946E-08  -8.3853855E-08   3.9496030E-07  -2.8898648E-07   8.2754258E-09   6.9680210E-03   7.8759318E-04   1.6519537E-03  -5.3941781E-04   4.2701821E-04   1.7369090E-05  -9.4470522E-06   1.2887545E-05  -3.8087596E-04   3.8861821E-05  -8.2144333E-05   4.0040893E-06  -4.0996286E-06   1.1252092E-06   5.7136998E-08   3.2585110E-07   5.1021330E-07
  1.7066128E-08  -9.3585862E-08   1.1334108E-07  -1.3753544E-07   2.8636777E-06   1.1437534E-07   9.4364404E-07  -6.1919441E-08   3.6262649E-03   1.3700063E-03  -7.8862886E-03   3.5018101E-03  -1.8296765E-04  -4.1589711E-05   1.0923629E-04  -1.5267596E-05   9.5167533E-05  -3.2552149E-06  -4.2999944E-05   6.2093557E-05   5.6898710E-05   5.7136998E-08   2.5196359E-06   6.5505718E-07   9.9554438E-07
  2.6001058E-07  -1.1869731E-06   1.4582905E-06  -1.3868215E-06   4.0237769E-05   4.5324670E-06   1.6876086E-05  -2.1218814E-07   1.8520609E-02   1.1807563E-02   6.1810293E-04   3.5720855E-03  -7.7673415E-04  -1.7585576E-05   4.8021508E-05  -9.0227476E-06   1.0380077E-03   1.1631613E-05  -5.8625247E-05  -1.0967783E-05  -2.5758296E-06   3.2585110E-07   6.5505718E-07   2.9023001E-05   1.8000342E-05
  4.0071342E-07  -2.3516333E-06   2.8519337E-06   1.5855902E-06   7.6093529E-05   1.9170744E-05   2.9481406E-05   1.5739965E-08   3.8563640E-02   2.3045970E-02  -2.4786227E-03   9.1719818E-03  -1.3107862E-03  -5.8595230E-05   1.4924205E-04  -5.7192965E-05   2.0692243E-03   1.2744167E-05  -3.1965430E-05  -3.3647323E-05   1.9414762E-05   5.1021330E-07   9.9554438E-07   1.8000342E-05   4.3329468E-05
