# omegabh2 omegach2 theta tau nnu logA ns calPlanck acib217 xi asz143 aps100 aps143 aps143217 aps217 aksz kgal100 kgal143 kgal143217 kgal217 cal0 cal2
  5.2715150E-08   1.2320495E-07   7.7964869E-09   3.7085123E-07   1.8459903E-05   1.1869317E-06   1.0638212E-06   3.0415320E-08  -4.8744227E-05   5.1431097E-07   1.7640605E-05  -2.5466048E-04  -2.2745251E-04  -9.9339583E-05  -3.4305736E-05  -1.9597742E-05   1.0880394E-05   3.2269318E-06  -6.9911204E-06   2.5655962E-06   4.7782984E-11  -5.6153002E-10
  1.2320495E-07   1.3152123E-05  -1.1837084E-06  -2.8294285E-06   6.0186321E-04   2.3556868E-05   1.0231764E-05  -4.3511058E-07   2.9436774E-03  -4.9941997E-05  -8.3022202E-04   1.5178770E-02   8.9806173E-03   3.5016484E-03   8.5858532E-04   1.3736600E-03   1.0652705E-04   1.5455151E-04   9.2885362E-05  -7.6052294E-04  -1.2874556E-10   9.1172388E-08
  7.7964869E-09  -1.1837084E-06   2.8814961E-07   3.8837827E-07  -5.5909715E-05  -1.6057139E-06  -7.0631451E-07   6.5977209E-08  -2.7787913E-04   5.0964063E-06   8.7864572E-05  -1.6029500E-03  -8.7684830E-04  -3.1399061E-04  -7.3436979E-05  -1.4910905E-04  -7.7111182E-06  -3.2900866E-05  -2.9094375E-05   4.2613630E-05  -2.0826757E-09  -7.8278999E-09
  3.7085123E-07  -2.8294285E-06   3.8837827E-07   6.0417359E-05   3.5720463E-05   1.1437915E-04   1.1741347E-05  -5.4285635E-08  -2.0263790E-03   5.6141204E-05   5.5086431E-04  -1.2702491E-02  -4.4542379E-03  -1.3089415E-04   1.1226275E-03  -1.1875130E-03  -2.7676401E-05  -2.3513256E-04  -2.3465750E-04   2.3975641E-04  -6.0362857E-08  -1.8487027E-08
  1.8459903E-05   6.0186321E-04  -5.5909715E-05   3.5720463E-05   3.8127425E-02   1.4265677E-03   1.1461384E-03  -9.4153493E-06   1.8070465E-01  -3.2930406E-03  -4.6569022E-02   8.7470349E-01   4.8660879E-01   1.6633098E-01   1.6738851E-02   8.4712167E-02   8.5721048E-03   1.1050947E-02   4.5478645E-03  -5.1466399E-02   2.3134871E-07   5.6611211E-06
  1.1869317E-06   2.3556868E-05  -1.6057139E-06   1.1437915E-04   1.4265677E-03   3.1081551E-04   4.6293511E-05   1.1789758E-05   1.8986814E-03   6.5328245E-05  -6.3508970E-04   1.1092409E-02   1.2677410E-02   1.1312396E-02   1.1105059E-02  -4.8955336E-04  -2.5013886E-04  -8.7751592E-04  -8.6493671E-04   3.8186903E-04   7.7782590E-08   1.5157801E-07
  1.0638212E-06   1.0231764E-05  -7.0631451E-07   1.1741347E-05   1.1461384E-03   4.6293511E-05   6.2566854E-05   6.9131822E-07   7.9130037E-04  -1.2486319E-05  -8.1277023E-05  -7.6671361E-04   5.6401408E-03   5.4226240E-03   4.9747012E-03  -1.8813426E-04   7.2258553E-04  -3.6949591E-05  -1.7986744E-04  -2.9270083E-04  -9.2499295E-08   9.0822827E-08
  3.0415320E-08  -4.3511058E-07   6.5977209E-08  -5.4285635E-08  -9.4153493E-06   1.1789758E-05   6.9131822E-07   6.3535240E-06   4.6845890E-04   1.0858968E-05   6.3669909E-05   2.8529628E-03   3.6116875E-04   6.6432221E-04   1.6550473E-03  -1.6138630E-04  -2.0956339E-05  -7.4823740E-05  -5.4249691E-05   7.9446430E-04   1.0963395E-08  -4.8876965E-09
 -4.8744227E-05   2.9436774E-03  -2.7787913E-04  -2.0263790E-03   1.8070465E-01   1.8986814E-03   7.9130037E-04   4.6845890E-04   4.5869070E+01  -3.8980888E-01  -9.6342218E-01   3.9764397E+01   4.6270009E+00  -1.2250222E+01  -5.5357961E+01   3.4762410E-01   2.2556462E-01   6.6362106E-01  -5.5471242E+00  -3.3375451E+01  -2.0871335E-04   7.2531973E-04
  5.1431097E-07  -4.9941997E-05   5.0964063E-06   5.6141204E-05  -3.2930406E-03   6.5328245E-05  -1.2486319E-05   1.0858968E-05  -3.8980888E-01   8.2142451E-02  -5.6049839E-02  -4.4188556E-01   8.1986676E-01   1.5238095E+00   5.5937785E-01   5.1061813E-02  -2.3317979E-03   3.0185139E-03   8.5549896E-02   1.2533394E-01   5.8823942E-06  -3.8876428E-06
  1.7640605E-05  -8.3022202E-04   8.7864572E-05   5.5086431E-04  -4.6569022E-02  -6.3508970E-04  -8.1277023E-05   6.3669909E-05  -9.6342218E-01  -5.6049839E-02   4.1064172E+00  -3.1870628E+01  -3.6959712E+00   8.0719151E+00   5.8677375E+00  -3.3541160E+00  -2.3650216E-01   1.9492875E-01   2.7650151E+00   3.4760362E+00   1.0067621E-04  -4.3060121E-05
 -2.5466048E-04   1.5178770E-02  -1.6029500E-03  -1.2702491E-02   8.7470349E-01   1.1092409E-02  -7.6671361E-04   2.8529628E-03   3.9764397E+01  -4.4188556E-01  -3.1870628E+01   7.9665710E+02   8.2846209E+01  -4.9040317E+01  -6.0748586E+01   1.8301709E+01  -6.5344246E+00   5.4356122E+00  -1.2396496E+01  -2.6136221E+01   4.0564854E-03   5.3237561E-04
 -2.2745251E-04   8.9806173E-03  -8.7684830E-04  -4.4542379E-03   4.8660879E-01   1.2677410E-02   5.6401408E-03   3.6116875E-04   4.6270009E+00   8.1986676E-01  -3.6959712E+00   8.2846209E+01   7.0324762E+01   4.3773827E+01   1.7389037E+01  -4.5435825E+00  -3.6223756E-01  -1.2785551E+00   3.5765708E+00   3.8893785E+00   1.4580455E-04   1.8271038E-04
 -9.9339583E-05   3.5016484E-03  -3.1399061E-04  -1.3089415E-04   1.6633098E-01   1.1312396E-02   5.4226240E-03   6.6432221E-04  -1.2250222E+01   1.5238095E+00   8.0719151E+00  -4.9040317E+01   4.3773827E+01   8.6669053E+01   5.6966250E+01  -1.3676869E+01  -9.5600712E-01  -7.5236594E-01   5.2265082E+00   9.1653868E+00   4.7798782E-04  -3.8652581E-04
 -3.4305736E-05   8.5858532E-04  -7.3436979E-05   1.1226275E-03   1.6738851E-02   1.1105059E-02   4.9747012E-03   1.6550473E-03  -5.5357961E+01   5.5937785E-01   5.8677375E+00  -6.0748586E+01   1.7389037E+01   5.6966250E+01   1.0825096E+02  -1.1237604E+01  -8.5033252E-01  -1.4452675E+00   5.5363407E+00   3.3860827E+01   5.0416679E-04  -1.3236435E-03
 -1.9597742E-05   1.3736600E-03  -1.4910905E-04  -1.1875130E-03   8.4712167E-02  -4.8955336E-04  -1.8813426E-04  -1.6138630E-04   3.4762410E-01   5.1061813E-02  -3.3541160E+00   1.8301709E+01  -4.5435825E+00  -1.3676869E+01  -1.1237604E+01   7.2957682E+00   1.6233428E-01  -1.8552010E-01  -2.4369471E+00  -3.0041308E+00  -8.0328531E-05   1.9844994E-05
  1.0880394E-05   1.0652705E-04  -7.7111182E-06  -2.7676401E-05   8.5721048E-03  -2.5013886E-04   7.2258553E-04  -2.0956339E-05   2.2556462E-01  -2.3317979E-03  -2.3650216E-01  -6.5344246E+00  -3.6223756E-01  -9.5600712E-01  -8.5033252E-01   1.6233428E-01   3.3942723E+00   5.5253135E-01   1.6538089E-01   6.7423557E-02   1.6262804E-04  -3.1934274E-06
  3.2269318E-06   1.5455151E-04  -3.2900866E-05  -2.3513256E-04   1.1050947E-02  -8.7751592E-04  -3.6949591E-05  -7.4823740E-05   6.6362106E-01   3.0185139E-03   1.9492875E-01   5.4356122E+00  -1.2785551E+00  -7.5236594E-01  -1.4452675E+00  -1.8552010E-01   5.5253135E-01   3.1881738E+00   2.7770897E+00   2.7675472E+00  -1.8117978E-04  -4.0198516E-05
 -6.9911204E-06   9.2885362E-05  -2.9094375E-05  -2.3465750E-04   4.5478645E-03  -8.6493671E-04  -1.7986744E-04  -5.4249691E-05  -5.5471242E+00   8.5549896E-02   2.7650151E+00  -1.2396496E+01   3.5765708E+00   5.2265082E+00   5.5363407E+00  -2.4369471E+00   1.6538089E-01   2.7770897E+00   1.0918647E+01   1.9348933E+01  -2.4457754E-05   4.1182415E-04
  2.5655962E-06  -7.6052294E-04   4.2613630E-05   2.3975641E-04  -5.1466399E-02   3.8186903E-04  -2.9270083E-04   7.9446430E-04  -3.3375451E+01   1.2533394E-01   3.4760362E+00  -2.6136221E+01   3.8893785E+00   9.1653868E+00   3.3860827E+01  -3.0041308E+00   6.7423557E-02   2.7675472E+00   1.9348933E+01   5.3625951E+01   5.9086232E-05   9.4289574E-04
  4.7782984E-11  -1.2874556E-10  -2.0826757E-09  -6.0362857E-08   2.3134871E-07   7.7782590E-08  -9.2499295E-08   1.0963395E-08  -2.0871335E-04   5.8823942E-06   1.0067621E-04   4.0564854E-03   1.4580455E-04   4.7798782E-04   5.0416679E-04  -8.0328531E-05   1.6262804E-04  -1.8117978E-04  -2.4457754E-05   5.9086232E-05   3.8718546E-07  -5.3180680E-09
 -5.6153002E-10   9.1172388E-08  -7.8278999E-09  -1.8487027E-08   5.6611211E-06   1.5157801E-07   9.0822827E-08  -4.8876965E-09   7.2531973E-04  -3.8876428E-06  -4.3060121E-05   5.3237561E-04   1.8271038E-04  -3.8652581E-04  -1.3236435E-03   1.9844994E-05  -3.1934274E-06  -4.0198516E-05   4.1182415E-04   9.4289574E-04  -5.3180680E-09   3.8370825E-07
