# omegabh2 omegach2 theta tau mnu logA ns calPlanck acib217 xi asz143 aps100 aps143 aps143217 aps217 aksz kgal100 kgal143 kgal143217 kgal217 galfTE100 galfTE100143 galfTE100217 galfTE143 galfTE143217 galfTE217 cal0 cal2 DES_b1 DES_b2 DES_b3 DES_b4 DES_b5 DES_m1 DES_m2 DES_m3 DES_m4 DES_AIA DES_alphaIA DES_DzL1 DES_DzL2 DES_DzL3 DES_DzL4 DES_DzL5 DES_DzS1 DES_DzS2 DES_DzS3 DES_DzS4
  2.3075781E-08  -8.7696340E-08   1.7788957E-08   2.1364112E-07  -6.4692304E-06   3.6732572E-07   2.5556896E-07   1.7022157E-08  -9.5991974E-05   1.7021746E-06   2.1795658E-05  -4.1333268E-04  -2.4561996E-04  -7.7805260E-05   1.8743487E-05  -4.2710476E-05  -3.1265114E-06  -9.7368183E-06  -9.3804478E-06   1.7539305E-05  -1.6084568E-08  -8.2006542E-08  -1.1492104E-07  -3.2171637E-07  -5.2065485E-07  -2.2997032E-06   3.7020845E-09  -1.4356054E-09  -3.3622955E-06  -3.1481908E-06  -3.0145603E-06  -3.5866184E-06  -3.5635912E-06   3.9061904E-08   4.7520650E-08   3.5950999E-07   2.4937304E-07   4.6316352E-07   2.6444813E-05   2.9169422E-08   2.9315934E-08   9.6376966E-09   3.8702195E-08   2.5065535E-08  -1.6555201E-08   3.9931688E-08   8.8332841E-08   1.3280667E-07
 -8.7696340E-08   1.2644668E-06  -1.1668076E-07  -2.2809132E-06   4.0716478E-05  -1.9796420E-06  -3.2681487E-06  -1.6541634E-07   2.2677878E-04  -6.8267077E-06  -1.0308935E-04   1.8939697E-03   1.0135660E-03   3.5432173E-04   1.1481468E-04   1.3540755E-04  -1.8020626E-05  -4.5296549E-07  -1.3039497E-05  -5.4648614E-05   8.5463727E-08   2.5102093E-07   6.5751727E-07   1.7221759E-06   3.0845746E-06   1.1531724E-05  -4.1218925E-09   2.0541474E-09   2.1789427E-05   1.8018621E-05   1.6141754E-05   1.9176151E-05   1.9788367E-05  -3.7936028E-07  -3.9553966E-07  -5.4795047E-06  -3.4552894E-06  -7.2020109E-07  -3.5938752E-04  -2.5657986E-07  -2.6022272E-07  -6.6271136E-08  -3.7434246E-07  -2.3142608E-07   2.6263561E-07  -6.8233078E-07  -1.2845334E-06  -2.6191011E-06
  1.7788957E-08  -1.1668076E-07   9.6728746E-08   1.9954977E-07  -1.1573723E-05   2.9798145E-07   4.2917153E-07   2.3028644E-08  -1.9655625E-05   1.0090813E-06   7.1794650E-06  -1.8238604E-04  -1.1063880E-04  -5.3133492E-05  -3.3132240E-05  -1.7705981E-05  -8.7116434E-08  -7.8324420E-06  -5.1241027E-06  -2.4659113E-06  -1.1165771E-07  -3.7155774E-08  -4.8147610E-07  -2.3694861E-07  -4.6590471E-07  -1.7013502E-06   6.8375812E-10   2.1764669E-11  -6.2178911E-06  -5.6850062E-06  -5.6232070E-06  -6.6614568E-06  -6.3829989E-06   7.9232681E-08   2.8124141E-08   5.2072305E-07   2.5204953E-07   1.3591642E-06   4.3089339E-05   1.5052363E-08   3.1294056E-08   8.8782827E-09   4.2964120E-08   6.8804100E-08  -4.0715844E-08   7.0014413E-08   9.3045167E-08   1.7040864E-07
  2.1364112E-07  -2.2809132E-06   1.9954977E-07   4.7986596E-05   9.7612736E-06   9.0090418E-05   7.2855760E-06  -2.0533112E-07  -1.4789510E-03   6.4170490E-06   5.5770774E-04  -1.0918001E-02  -4.4533149E-03  -9.6674268E-04   6.8968154E-04  -8.6988252E-04   1.5175343E-05  -2.8641390E-04  -2.4095227E-04   2.4181327E-04  -7.1349805E-07  -3.3628463E-06   4.3430787E-07  -6.3172549E-06  -6.2971965E-06  -5.0409135E-06   1.0484447E-08  -6.3694809E-09  -5.9203655E-05  -6.0275780E-05  -5.8753730E-05  -8.0482161E-05  -7.8336965E-05   1.8472368E-06  -8.5595045E-07  -3.9926125E-06  -2.1121119E-06   1.2423800E-05  -1.8212012E-04  -3.1531529E-07   8.2921651E-08   2.9336130E-07   1.3371642E-07   6.1290989E-07  -6.6166639E-07   2.5984091E-07  -1.7729851E-07  -1.9272556E-06
 -6.4692304E-06   4.0716478E-05  -1.1573723E-05   9.7612736E-06   1.4204247E-02   7.1095076E-05  -1.4934536E-04   7.6480953E-06   5.2170084E-02  -1.1039095E-03  -7.3512013E-03   2.1555789E-01   9.3881455E-02   2.5575224E-02  -1.4126624E-02   1.7876768E-02   1.9651218E-03   2.9984199E-03   1.2337346E-03  -1.6100415E-02   3.0454569E-05  -4.5786076E-06   1.8030127E-05   7.6866225E-05   1.6642522E-04   9.7177310E-04  -5.2499714E-07   8.6194140E-07   6.3446434E-03   6.8020125E-03   6.5497149E-03   7.6909879E-03   7.3625649E-03  -3.4711068E-05   1.1397375E-05  -9.1970726E-06   3.1188353E-05  -1.8843488E-03  -1.1498885E-02  -1.5534245E-05  -1.2464765E-05  -8.4311464E-06  -1.9772522E-05  -3.1797268E-05  -2.4499792E-05   6.6063175E-06   4.3212111E-05   1.2982523E-04
  3.6732572E-07  -1.9796420E-06   2.9798145E-07   9.0090418E-05   7.1095076E-05   2.0106824E-04   6.3044782E-06   1.1073546E-05  -2.8149934E-03   5.0376614E-05   9.5035359E-04  -1.6026617E-02  -6.0955797E-03   1.0259572E-03   6.8492537E-03  -2.1892080E-03  -4.8762706E-04  -1.1673418E-03  -1.0377745E-03   1.5909245E-03  -1.3703018E-06  -7.7030928E-06  -1.8219598E-06  -9.0604657E-06  -3.9584585E-06   2.6283769E-05   1.4848721E-07  -2.9812706E-08  -1.0355042E-04  -1.1877736E-04  -1.1869896E-04  -1.6192710E-04  -1.5961148E-04   3.1036795E-06  -2.3890660E-06  -2.1795621E-05  -1.3651294E-05   2.9337832E-05  -1.2899178E-03  -1.1969206E-06  -3.6239421E-07   6.0727444E-07  -5.6952902E-07   9.2431008E-07  -4.3108621E-07  -9.1928802E-07  -4.2048139E-06  -1.2020944E-05
  2.5556896E-07  -3.2681487E-06   4.2917153E-07   7.2855760E-06  -1.4934536E-04   6.3044782E-06   1.7633328E-05   2.6610943E-07  -4.6614113E-03   1.1116343E-04   1.0263148E-03  -2.4635337E-02  -7.2829551E-03   1.3826454E-03   4.9268056E-03  -2.4085101E-03   3.2987268E-04  -3.2743709E-04  -2.5520093E-04   1.3546812E-03  -1.5194354E-07  -2.3343023E-08  -3.2793693E-06  -4.5952322E-06  -6.2537800E-06  -2.4928467E-05  -5.9804439E-08  -6.5930268E-08  -7.8147871E-05  -6.9162754E-05  -6.4160706E-05  -7.4871107E-05  -7.2818136E-05   8.3349623E-07   7.6151943E-07   1.2541998E-05   7.9971051E-06   1.4043445E-05   9.4867902E-04   7.5144359E-07   6.5060600E-07   2.0549663E-07   9.5691075E-07   8.5421899E-07  -6.2182442E-07   1.4983659E-06   2.7699264E-06   6.2288801E-06
  1.7022157E-08  -1.6541634E-07   2.3028644E-08  -2.0533112E-07   7.6480953E-06   1.1073546E-05   2.6610943E-07   5.8905860E-06   7.3058869E-04   4.2367189E-06   1.8777341E-05   3.2523099E-03   4.2982411E-04   3.2170714E-04   1.0448992E-03   4.3617462E-05  -6.2514099E-05   1.1724242E-06  -7.5314145E-06   6.0845922E-04  -1.8382269E-08  -6.0441839E-07  -1.1142777E-06   1.8304262E-07   1.6642235E-06   1.0730500E-05  -1.0893091E-08  -6.8887871E-09  -3.7698602E-06  -4.5547579E-06  -4.0685980E-06  -4.6312301E-06  -7.1281718E-06   2.7277413E-08   3.5757658E-08  -3.8534514E-07  -5.4776854E-07   5.9735944E-07  -3.6347147E-05  -1.8784612E-08  -4.3907899E-08   7.1049412E-08  -2.0368627E-08   1.0342439E-07   1.3301440E-07   4.0645318E-08  -2.6216821E-07  -4.6327906E-07
 -9.5991974E-05   2.2677878E-04  -1.9655625E-05  -1.4789510E-03   5.2170084E-02  -2.8149934E-03  -4.6614113E-03   7.3058869E-04   4.4353674E+01  -4.0236521E-01  -7.7309499E-01   3.5815358E+01   2.2543764E+00  -1.2748236E+01  -5.4383126E+01  -1.6191551E-01   2.4644925E-01   4.4595272E-01  -5.8786659E+00  -3.3341608E+01   1.0425176E-04  -6.7589973E-04   5.2319284E-03   7.8156771E-04  -1.3583528E-03   1.3979576E-02  -1.6165222E-04   6.6507703E-04   2.5996233E-02   2.6971750E-02   2.6460397E-02   3.0678374E-02   2.7364914E-02  -2.4736809E-04   8.6168615E-04   1.0850754E-03   3.9317677E-04  -1.5786167E-02  -2.2591691E-01  -2.6317420E-05   1.7958008E-04  -6.2682250E-05   5.6028205E-04   5.7602751E-04   5.1615375E-04   1.4311321E-04   2.8220395E-04   4.7862737E-04
  1.7021746E-06  -6.8267077E-06   1.0090813E-06   6.4170490E-06  -1.1039095E-03   5.0376614E-05   1.1116343E-04   4.2367189E-06  -4.0236521E-01   8.1823864E-02  -3.2752994E-02  -5.7723856E-01   9.1336446E-01   1.7222822E+00   6.4611698E-01   3.9624364E-02  -7.8647170E-03   1.6263107E-02   1.2984659E-01   1.7865402E-01  -7.2323091E-05  -4.7854735E-05  -9.8076230E-06   2.0236701E-05   2.1993311E-05  -7.0486588E-04   5.3777423E-06  -9.9308666E-07  -4.9642827E-04  -5.1849903E-04  -6.6953011E-04  -6.5485303E-04  -5.6099533E-04   2.1030711E-05   2.7127276E-05  -5.5216692E-06  -2.1153747E-05   5.0876207E-04   7.4485676E-03   1.2475731E-05  -6.4864809E-06  -1.4827830E-05   2.5323839E-05  -9.8931740E-06   1.9322901E-06   1.0615438E-05   1.0308582E-05   6.6862261E-05
  2.1795658E-05  -1.0308935E-04   7.1794650E-06   5.5770774E-04  -7.3512013E-03   9.5035359E-04   1.0263148E-03   1.8777341E-05  -7.7309499E-01  -3.2752994E-02   3.8948028E+00  -3.0575061E+01  -3.1166539E+00   7.9440404E+00   5.4211290E+00  -2.8240845E+00  -2.1159731E-01   1.4259587E-01   2.6640350E+00   3.2552866E+00   3.7878449E-04   3.9818928E-04   2.4036134E-04   1.2717091E-04   4.0278769E-04  -2.7672808E-03   1.1267364E-04  -3.4931185E-05  -4.5937734E-03  -5.1180257E-03  -3.7563037E-03  -3.6521907E-03  -4.8226748E-03  -5.9974812E-06   4.9340828E-04   7.4802868E-05   1.7287266E-04  -9.3932189E-04  -2.0192317E-02  -4.3977299E-05  -1.7923197E-04  -9.5151558E-05  -1.2132985E-04   3.8097343E-05   7.2640447E-05  -2.2314738E-04  -2.7000211E-05   3.8043723E-05
 -4.1333268E-04   1.8939697E-03  -1.8238604E-04  -1.0918001E-02   2.1555789E-01  -1.6026617E-02  -2.4635337E-02   3.2523099E-03   3.5815358E+01  -5.7723856E-01  -3.0575061E+01   7.7630327E+02   6.7276182E+01  -5.6895873E+01  -6.2580700E+01   1.4897946E+01  -6.4308641E+00   5.4267495E+00  -1.2423352E+01  -2.4001272E+01  -1.6077225E-04  -3.3462814E-03   8.5995581E-03   7.7611488E-03  -2.1173400E-02  -3.1265651E-02   3.7017619E-03   5.5142915E-04   1.3158776E-01   1.1988720E-01   1.1648933E-01   1.2122130E-01   1.1916048E-01  -6.5718383E-04  -1.9675498E-03   1.2242299E-03  -2.6843478E-03  -2.3689516E-02  -2.9189238E-01   1.2987792E-03   1.5421109E-03   1.3849913E-04   1.9437803E-03   2.2762606E-03   2.0478657E-03   2.3924289E-03  -1.2754771E-03   1.7509503E-03
 -2.4561996E-04   1.0135660E-03  -1.1063880E-04  -4.4533149E-03   9.3881455E-02  -6.0955797E-03  -7.2829551E-03   4.2982411E-04   2.2543764E+00   9.1336446E-01  -3.1166539E+00   6.7276182E+01   6.1478430E+01   4.0537146E+01   1.4379834E+01  -4.9170034E+00  -5.3274795E-01  -1.2986400E+00   3.6075650E+00   4.2441685E+00  -5.0029795E-04  -3.1747916E-04   4.1667565E-03   2.6786195E-03  -1.1827265E-03   1.3048146E-03   5.3330307E-05   1.3405670E-04   5.0591374E-02   4.7410295E-02   4.3750173E-02   5.1447054E-02   5.5458205E-02  -4.8699585E-04   5.6648315E-04  -3.9471392E-03  -3.7374772E-03  -1.5422629E-02  -2.0950450E-01  -1.4308984E-04  -3.3188723E-05  -6.2029484E-05   7.8964697E-04  -4.1500650E-04  -2.8181660E-04   3.5748347E-04  -5.9501905E-04   5.2484845E-04
 -7.7805260E-05   3.5432173E-04  -5.3133492E-05  -9.6674268E-04   2.5575224E-02   1.0259572E-03   1.3826454E-03   3.2170714E-04  -1.2748236E+01   1.7222822E+00   7.9440404E+00  -5.6895873E+01   4.0537146E+01   8.6417325E+01   5.2915509E+01  -1.2098314E+01  -9.6071076E-01  -5.7629117E-01   5.4009169E+00   8.6041291E+00   4.0559468E-04  -8.2823040E-05   3.2957710E-03   2.0731761E-03   2.3105058E-03  -3.2485700E-02   4.3025360E-04  -3.3440203E-04   1.5497224E-02   9.3897176E-03   6.3381506E-03   1.2854881E-02   1.6175838E-02   5.8056937E-04   2.1284581E-03  -2.5886253E-03  -2.5922615E-03  -7.7710526E-03  -1.4359834E-01   1.3268604E-04  -9.1827658E-04  -4.9015252E-04   3.8601525E-04  -8.7274885E-04  -6.3283529E-05  -4.8036270E-05  -4.7963482E-04   3.5660642E-04
  1.8743487E-05   1.1481468E-04  -3.3132240E-05   6.8968154E-04  -1.4126624E-02   6.8492537E-03   4.9268056E-03   1.0448992E-03  -5.4383126E+01   6.4611698E-01   5.4211290E+00  -6.2580700E+01   1.4379834E+01   5.2915509E+01   1.0240472E+02  -9.3622112E+00  -8.6857464E-01  -1.0890454E+00   5.6042134E+00   3.3397944E+01  -2.8155876E-04   6.3958818E-04  -3.2893673E-03   9.8550953E-04   7.1094290E-03  -2.4573395E-02   3.7499055E-04  -1.2678593E-03  -6.2910016E-03  -1.3063329E-02  -1.4319231E-02  -1.1816477E-02  -8.6098461E-03   6.2175489E-05   1.2795487E-05  -2.5948823E-03  -1.6725633E-03   9.4227712E-04  -2.0993585E-04  -1.6847034E-04  -6.8292958E-04  -1.8893638E-04  -3.4888919E-04  -1.4132505E-03  -3.1123243E-04  -3.7824404E-05  -8.0522743E-04  -1.8914816E-03
 -4.2710476E-05   1.3540755E-04  -1.7705981E-05  -8.6988252E-04   1.7876768E-02  -2.1892080E-03  -2.4085101E-03   4.3617462E-05  -1.6191551E-01   3.9624364E-02  -2.8240845E+00   1.4897946E+01  -4.9170034E+00  -1.2098314E+01  -9.3622112E+00   6.0212843E+00   1.5683797E-01  -1.7915416E-01  -2.1427580E+00  -2.3740582E+00  -3.0768283E-04  -2.3561924E-04  -8.4782648E-04   3.0402377E-04  -1.9774279E-04   6.7367449E-03  -7.7882962E-05   4.3813740E-06   9.9347391E-03   1.0318371E-02   9.6390080E-03   1.0704828E-02   1.0130671E-02   4.5695924E-05  -7.9192813E-04  -1.0943900E-04  -1.3131490E-04   2.1060921E-03   2.2590455E-02  -1.6987987E-05  -2.6698382E-05   1.2814585E-04  -8.5812492E-05  -2.9743770E-05   1.0974933E-06   3.1767768E-05   1.9963588E-04   2.7241705E-04
 -3.1265114E-06  -1.8020626E-05  -8.7116434E-08   1.5175343E-05   1.9651218E-03  -4.8762706E-04   3.2987268E-04  -6.2514099E-05   2.4644925E-01  -7.8647170E-03  -2.1159731E-01  -6.4308641E+00  -5.3274795E-01  -9.6071076E-01  -8.6857464E-01   1.5683797E-01   3.3605319E+00   5.5871707E-01   1.4934954E-01   4.7253834E-02  -2.4409156E-04   1.7435129E-04  -9.4407828E-04  -3.9715753E-04  -1.7966765E-03  -3.9176618E-03   1.7162449E-04  -8.3268386E-06  -6.9237656E-04   8.8803961E-04   7.6699490E-04   1.8301694E-03   3.7778249E-04  -1.0924485E-04  -4.5411548E-05  -2.2503348E-04  -4.2118110E-04   1.8598126E-03   3.4618121E-03  -1.3199464E-04  -5.1892926E-05  -6.9510019E-05  -6.1030311E-05  -1.8555814E-04  -1.8212091E-04   1.6933723E-04   1.0730174E-04  -1.0112527E-04
 -9.7368183E-06  -4.5296549E-07  -7.8324420E-06  -2.8641390E-04   2.9984199E-03  -1.1673418E-03  -3.2743709E-04   1.1724242E-06   4.4595272E-01   1.6263107E-02   1.4259587E-01   5.4267495E+00  -1.2986400E+00  -5.7629117E-01  -1.0890454E+00  -1.7915416E-01   5.5871707E-01   3.1908001E+00   2.7126018E+00   2.7529359E+00   9.9272022E-05  -4.7145564E-04   5.4531712E-04  -1.4967490E-04  -4.0581476E-06  -1.7299518E-03  -1.8377577E-04  -4.3794646E-05   2.1745302E-03   2.2158540E-03   2.4395579E-03   3.3619346E-03   2.4076509E-03   3.0743861E-04   2.4000182E-04  -9.7644061E-05   2.9652459E-05   1.0278420E-03   1.0121255E-02   9.4825683E-05  -4.4271696E-05  -1.6217908E-04  -7.6813161E-06   1.8072398E-04  -3.3684651E-06  -1.4872291E-04   4.2901701E-05  -1.5308240E-04
 -9.3804478E-06  -1.3039497E-05  -5.1241027E-06  -2.4095227E-04   1.2337346E-03  -1.0377745E-03  -2.5520093E-04  -7.5314145E-06  -5.8786659E+00   1.2984659E-01   2.6640350E+00  -1.2423352E+01   3.6075650E+00   5.4009169E+00   5.6042134E+00  -2.1427580E+00   1.4934954E-01   2.7126018E+00   1.0874388E+01   1.9400838E+01   5.2928906E-06  -1.5038524E-04  -6.4404494E-04  -1.9990677E-04  -5.9502573E-04   5.5357764E-03  -3.1697930E-05   4.2217512E-04  -5.7049142E-04   4.8907039E-04   1.6632624E-03   2.1139903E-03   2.3049388E-03  -1.9819285E-04   1.8371754E-04  -9.0481930E-04  -4.9807304E-04   3.5696568E-03   3.5981002E-02  -4.8617555E-05  -1.0880495E-04  -2.2237781E-04  -1.1807857E-04   3.3733575E-04  -4.8196135E-05  -4.5070096E-04  -6.1520141E-05   2.7739365E-04
  1.7539305E-05  -5.4648614E-05  -2.4659113E-06   2.4181327E-04  -1.6100415E-02   1.5909245E-03   1.3546812E-03   6.0845922E-04  -3.3341608E+01   1.7865402E-01   3.2552866E+00  -2.4001272E+01   4.2441685E+00   8.6041291E+00   3.3397944E+01  -2.3740582E+00   4.7253834E-02   2.7529359E+00   1.9400838E+01   5.3667766E+01   4.1355864E-04   5.5447115E-04  -3.4063954E-03  -1.0980141E-03  -1.4445230E-03   8.0426972E-03   3.4053068E-05   9.5808231E-04  -1.1701014E-02  -1.0263381E-02  -7.5003671E-03  -1.0347130E-02  -8.1154943E-03  -2.9707369E-04  -6.4915370E-04  -2.3612698E-03  -1.7425943E-03   1.4709001E-02   1.7153601E-01  -1.0691702E-04  -1.4955373E-04  -1.2551588E-04  -7.0610678E-04   3.1631147E-04  -7.6164183E-04  -7.8184750E-04  -4.2339852E-04  -9.4207797E-05
 -1.6084568E-08   8.5463727E-08  -1.1165771E-07  -7.1349805E-07   3.0454569E-05  -1.3703018E-06  -1.5194354E-07  -1.8382269E-08   1.0425176E-04  -7.2323091E-05   3.7878449E-04  -1.6077225E-04  -5.0029795E-04   4.0559468E-04  -2.8155876E-04  -3.0768283E-04  -2.4409156E-04   9.9272022E-05   5.2928906E-06   4.1355864E-04   1.4409318E-03   2.6107752E-04   5.2349616E-05  -3.8074634E-04  -1.1753147E-04  -1.9176772E-04   4.6166153E-08   1.6929221E-07   1.3775386E-05   1.5162143E-05   2.7407679E-05   6.2152274E-06   3.0971633E-05  -2.2894316E-06   4.9271554E-06   1.1511396E-05   3.3489962E-06   1.0595846E-05   7.1920723E-04  -5.5266848E-07   9.8338516E-07  -6.1943695E-07  -3.3327270E-06   6.9404961E-07  -4.0626198E-07   8.8201206E-07  -9.2398717E-07  -1.1369404E-06
 -8.2006542E-08   2.5102093E-07  -3.7155774E-08  -3.3628463E-06  -4.5786076E-06  -7.7030928E-06  -2.3343023E-08  -6.0441839E-07  -6.7589973E-04  -4.7854735E-05   3.9818928E-04  -3.3462814E-03  -3.1747916E-04  -8.2823040E-05   6.3958818E-04  -2.3561924E-04   1.7435129E-04  -4.7145564E-04  -1.5038524E-04   5.5447115E-04   2.6107752E-04   8.6685185E-04   3.4317329E-05   7.3135486E-04   3.6903607E-05  -6.7109835E-04  -1.8356253E-08   1.9662220E-08   1.0849364E-05   1.2001761E-05  -2.4679570E-06  -2.1585455E-05   2.0067249E-05  -6.2486577E-06   2.4066149E-06   3.0389890E-06   5.3699675E-06   6.9856480E-06   1.0670232E-04   2.1068229E-06   1.0515059E-07  -3.0107369E-07  -3.3276659E-06   3.3967408E-07  -2.3569978E-06  -1.4142718E-06  -1.5871450E-06  -2.3275517E-06
 -1.1492104E-07   6.5751727E-07  -4.8147610E-07   4.3430787E-07   1.8030127E-05  -1.8219598E-06  -3.2793693E-06  -1.1142777E-06   5.2319284E-03  -9.8076230E-06   2.4036134E-04   8.5995581E-03   4.1667565E-03   3.2957710E-03  -3.2893673E-03  -8.4782648E-04  -9.4407828E-04   5.4531712E-04  -6.4404494E-04  -3.4063954E-03   5.2349616E-05   3.4317329E-05   7.1713770E-03  -2.6510671E-04   6.3671462E-04   4.6749732E-03  -2.2224431E-07   1.1398949E-08   3.0589856E-05   1.3649536E-05   1.5967741E-06  -4.4139858E-05  -3.7652380E-05   1.6221110E-05  -6.4273001E-06  -1.1843318E-05  -4.7400268E-06   1.2141245E-05   8.8442201E-04   8.9621248E-06   4.2917343E-06   2.5315222E-06  -6.5881481E-06  -5.3406109E-06   4.7568913E-06  -2.3246998E-06  -1.3543012E-06   8.9051060E-06
 -3.2171637E-07   1.7221759E-06  -2.3694861E-07  -6.3172549E-06   7.6866225E-05  -9.0604657E-06  -4.5952322E-06   1.8304262E-07   7.8156771E-04   2.0236701E-05   1.2717091E-04   7.7611488E-03   2.6786195E-03   2.0731761E-03   9.8550953E-04   3.0402377E-04  -3.9715753E-04  -1.4967490E-04  -1.9990677E-04  -1.0980141E-03  -3.8074634E-04   7.3135486E-04  -2.6510671E-04   2.9207285E-03   5.0400753E-04  -8.9618682E-04   3.3702802E-07  -9.5999838E-08   5.2990157E-05   2.9058130E-05   2.8861275E-05   3.9006926E-05   5.9304820E-05  -1.3138269E-05  -7.9727204E-06  -8.5497295E-06  -6.9043554E-06  -1.0508374E-05  -1.1092992E-03   1.1011329E-06  -9.5351969E-07   2.2265217E-06  -4.7228935E-06   1.6398571E-06  -1.2697096E-06  -4.7119812E-06  -2.4045636E-06   4.1282316E-06
 -5.2065485E-07   3.0845746E-06  -4.6590471E-07  -6.2971965E-06   1.6642522E-04  -3.9584585E-06  -6.2537800E-06   1.6642235E-06  -1.3583528E-03   2.1993311E-05   4.0278769E-04  -2.1173400E-02  -1.1827265E-03   2.3105058E-03   7.1094290E-03  -1.9774279E-04  -1.7966765E-03  -4.0581476E-06  -5.9502573E-04  -1.4445230E-03  -1.1753147E-04   3.6903607E-05   6.3671462E-04   5.0400753E-04   6.4371425E-03   7.9887185E-03  -1.9380977E-07  -5.9655934E-08   4.3196976E-05   6.9743259E-05   6.3773503E-05   7.1651010E-05   8.7054614E-05   8.3018558E-06  -1.2465871E-05  -5.4494992E-06  -1.0636842E-05  -2.6598795E-05  -6.4587940E-04   6.9911360E-07   1.8832543E-06  -5.9171638E-06  -2.2979097E-06  -4.2338643E-06  -2.0300935E-06  -1.7306184E-07  -4.7724454E-06   7.1548698E-06
 -2.2997032E-06   1.1531724E-05  -1.7013502E-06  -5.0409135E-06   9.7177310E-04   2.6283769E-05  -2.4928467E-05   1.0730500E-05   1.3979576E-02  -7.0486588E-04  -2.7672808E-03  -3.1265651E-02   1.3048146E-03  -3.2485700E-02  -2.4573395E-02   6.7367449E-03  -3.9176618E-03  -1.7299518E-03   5.5357764E-03   8.0426972E-03  -1.9176772E-04  -6.7109835E-04   4.6749732E-03  -8.9618682E-04   7.9887185E-03   7.2940998E-02   9.3254304E-07   1.5253666E-06   3.5577611E-04   4.9939003E-04   4.5122428E-04   4.8561395E-04   1.5991627E-04   2.6504768E-05  -5.0292277E-05   2.0932807E-07  -3.2331892E-05  -9.6884561E-05  -4.4238734E-03   5.5568833E-06   2.4570556E-06  -1.1954269E-06   5.6138667E-06  -2.8986457E-05   9.5330653E-06   8.1309951E-06   4.4797441E-06  -3.6389726E-05
  3.7020845E-09  -4.1218925E-09   6.8375812E-10   1.0484447E-08  -5.2499714E-07   1.4848721E-07  -5.9804439E-08  -1.0893091E-08  -1.6165222E-04   5.3777423E-06   1.1267364E-04   3.7017619E-03   5.3330307E-05   4.3025360E-04   3.7499055E-04  -7.7882962E-05   1.7162449E-04  -1.8377577E-04  -3.1697930E-05   3.4053068E-05   4.6166153E-08  -1.8356253E-08  -2.2224431E-07   3.3702802E-07  -1.9380977E-07   9.3254304E-07   3.7543516E-07   1.6396931E-09  -2.7603203E-07  -3.4275827E-07  -3.5550663E-07  -5.5015323E-07  -6.4364433E-07   1.0811782E-07   7.3121336E-08   8.1763886E-10  -7.7037310E-08   5.4659086E-07   3.2256283E-06  -5.3002745E-09   1.7032665E-08   1.9540871E-08  -9.3279582E-09  -6.2351043E-09   3.4187253E-08   3.8665600E-08  -1.2264272E-08   5.3023507E-08
 -1.4356054E-09   2.0541474E-09   2.1764669E-11  -6.3694809E-09   8.6194140E-07  -2.9812706E-08  -6.5930268E-08  -6.8887871E-09   6.6507703E-04  -9.9308666E-07  -3.4931185E-05   5.5142915E-04   1.3405670E-04  -3.3440203E-04  -1.2678593E-03   4.3813740E-06  -8.3268386E-06  -4.3794646E-05   4.2217512E-04   9.5808231E-04   1.6929221E-07   1.9662220E-08   1.1398949E-08  -9.5999838E-08  -5.9655934E-08   1.5253666E-06   1.6396931E-09   3.8614351E-07   2.8125661E-07   4.0060669E-07   3.9420872E-07   5.0587317E-07   6.8684019E-07   6.3970833E-08  -1.8310454E-07   6.8675294E-08   4.5088485E-08  -1.4744589E-07  -6.4671302E-06  -5.9147658E-08   3.2295569E-08   2.4925633E-09  -2.7092812E-09   4.8187279E-08  -5.8368523E-09  -3.2156126E-08   2.0468485E-08   2.8977886E-08
 -3.3622955E-06   2.1789427E-05  -6.2178911E-06  -5.9203655E-05   6.3446434E-03  -1.0355042E-04  -7.8147871E-05  -3.7698602E-06   2.5996233E-02  -4.9642827E-04  -4.5937734E-03   1.3158776E-01   5.0591374E-02   1.5497224E-02  -6.2910016E-03   9.9347391E-03  -6.9237656E-04   2.1745302E-03  -5.7049142E-04  -1.1701014E-02   1.3775386E-05   1.0849364E-05   3.0589856E-05   5.2990157E-05   4.3196976E-05   3.5577611E-04  -2.7603203E-07   2.8125661E-07   8.1896612E-03   3.1068214E-03   3.0417837E-03   3.5453700E-03   3.4070150E-03  -2.2179648E-05   1.6697339E-05   1.0348953E-04   6.5756296E-05  -1.3194540E-03   7.6171291E-03   1.4521279E-04   6.9040936E-06   9.3421172E-06   9.1473479E-07  -1.0793057E-05  -1.7421068E-05   9.9064643E-06   3.9237047E-05   9.5048064E-05
 -3.1481908E-06   1.8018621E-05  -5.6850062E-06  -6.0275780E-05   6.8020125E-03  -1.1877736E-04  -6.9162754E-05  -4.5547579E-06   2.6971750E-02  -5.1849903E-04  -5.1180257E-03   1.1988720E-01   4.7410295E-02   9.3897176E-03  -1.3063329E-02   1.0318371E-02   8.8803961E-04   2.2158540E-03   4.8907039E-04  -1.0263381E-02   1.5162143E-05   1.2001761E-05   1.3649536E-05   2.9058130E-05   6.9743259E-05   4.9939003E-04  -3.4275827E-07   4.0060669E-07   3.1068214E-03   6.0280689E-03   3.2637318E-03   3.8720861E-03   3.7194712E-03  -2.6855335E-05   1.7561033E-05   6.3681631E-05   7.0695777E-05  -1.3475163E-03  -1.9509421E-03  -2.7987316E-06   6.6954720E-05  -1.5694799E-06   2.2080286E-06  -1.2563297E-05  -1.3404637E-05   1.2847158E-05   4.0972589E-05   9.7635239E-05
 -3.0145603E-06   1.6141754E-05  -5.6232070E-06  -5.8753730E-05   6.5497149E-03  -1.1869896E-04  -6.4160706E-05  -4.0685980E-06   2.6460397E-02  -6.6953011E-04  -3.7563037E-03   1.1648933E-01   4.3750173E-02   6.3381506E-03  -1.4319231E-02   9.6390080E-03   7.6699490E-04   2.4395579E-03   1.6632624E-03  -7.5003671E-03   2.7407679E-05  -2.4679570E-06   1.5967741E-06   2.8861275E-05   6.3773503E-05   4.5122428E-04  -3.5550663E-07   3.9420872E-07   3.0417837E-03   3.2637318E-03   4.9637000E-03   3.7508242E-03   3.5595838E-03  -2.1135704E-05   1.0910476E-05   4.0744398E-05   5.1134716E-05  -1.0593910E-03  -2.3327111E-03  -8.8231592E-06  -6.6090421E-06   5.6898522E-05  -4.8344418E-06  -1.8927283E-05  -2.4985421E-05   8.2622656E-06   4.0034705E-05   9.0129604E-05
 -3.5866184E-06   1.9176151E-05  -6.6614568E-06  -8.0482161E-05   7.6909879E-03  -1.6192710E-04  -7.4871107E-05  -4.6312301E-06   3.0678374E-02  -6.5485303E-04  -3.6521907E-03   1.2122130E-01   5.1447054E-02   1.2854881E-02  -1.1816477E-02   1.0704828E-02   1.8301694E-03   3.3619346E-03   2.1139903E-03  -1.0347130E-02   6.2152274E-06  -2.1585455E-05  -4.4139858E-05   3.9006926E-05   7.1651010E-05   4.8561395E-04  -5.5015323E-07   5.0587317E-07   3.5453700E-03   3.8720861E-03   3.7508242E-03   6.8078584E-03   4.2719260E-03  -2.5114846E-05  -1.0288628E-06   3.8846898E-05   4.6739649E-05  -1.4264151E-03  -6.1631871E-03  -8.5496093E-06  -4.9412121E-06  -1.6235671E-06   1.0245578E-04  -1.5213903E-05  -1.1811307E-05   1.1017525E-05   4.6192017E-05   1.2689505E-04
 -3.5635912E-06   1.9788367E-05  -6.3829989E-06  -7.8336965E-05   7.3625649E-03  -1.5961148E-04  -7.2818136E-05  -7.1281718E-06   2.7364914E-02  -5.6099533E-04  -4.8226748E-03   1.1916048E-01   5.5458205E-02   1.6175838E-02  -8.6098461E-03   1.0130671E-02   3.7778249E-04   2.4076509E-03   2.3049388E-03  -8.1154943E-03   3.0971633E-05   2.0067249E-05  -3.7652380E-05   5.9304820E-05   8.7054614E-05   1.5991627E-04  -6.4364433E-07   6.8684019E-07   3.4070150E-03   3.7194712E-03   3.5595838E-03   4.2719260E-03   9.6442919E-03  -1.5125688E-05   6.0159469E-06   3.1368070E-05   3.8732890E-05  -1.2931916E-03  -6.0251699E-03  -2.4362137E-06   9.5387209E-08  -6.2484445E-06  -9.6542172E-06   1.1841639E-04  -1.2498643E-05   5.6366144E-06   3.7028192E-05   9.9381852E-05
  3.9061904E-08  -3.7936028E-07   7.9232681E-08   1.8472368E-06  -3.4711068E-05   3.1036795E-06   8.3349623E-07   2.7277413E-08  -2.4736809E-04   2.1030711E-05  -5.9974812E-06  -6.5718383E-04  -4.8699585E-04   5.8056937E-04   6.2175489E-05   4.5695924E-05  -1.0924485E-04   3.0743861E-04  -1.9819285E-04  -2.9707369E-04  -2.2894316E-06  -6.2486577E-06   1.6221110E-05  -1.3138269E-05   8.3018558E-06   2.6504768E-05   1.0811782E-07   6.3970833E-08  -2.2179648E-05  -2.6855335E-05  -2.1135704E-05  -2.5114846E-05  -1.5125688E-05   5.1831519E-04   3.5165844E-06   2.2007383E-06   6.3360897E-07   9.0492720E-05  -3.3785931E-03  -3.6653591E-07  -1.0142486E-06   1.1848218E-06   6.0709548E-07   5.9939605E-07  -2.7174733E-05   5.7555675E-06   2.6913487E-06  -2.7293073E-08
  4.7520650E-08  -3.9553966E-07   2.8124141E-08  -8.5595045E-07   1.1397375E-05  -2.3890660E-06   7.6151943E-07   3.5757658E-08   8.6168615E-04   2.7127276E-05   4.9340828E-04  -1.9675498E-03   5.6648315E-04   2.1284581E-03   1.2795487E-05  -7.9192813E-04  -4.5411548E-05   2.4000182E-04   1.8371754E-04  -6.4915370E-04   4.9271554E-06   2.4066149E-06  -6.4273001E-06  -7.9727204E-06  -1.2465871E-05  -5.0292277E-05   7.3121336E-08  -1.8310454E-07   1.6697339E-05   1.7561033E-05   1.0910476E-05  -1.0288628E-06   6.0159469E-06   3.5165844E-06   4.9372968E-04   1.3432273E-05   3.9058087E-06   1.9545795E-04  -2.9317469E-03  -1.5769955E-06  -3.6896784E-07   4.7757708E-07   2.2218608E-07  -1.2365438E-07   1.9906520E-05  -3.2930137E-05   2.3475554E-06   1.5672424E-06
  3.5950999E-07  -5.4795047E-06   5.2072305E-07  -3.9926125E-06  -9.1970726E-06  -2.1795621E-05   1.2541998E-05  -3.8534514E-07   1.0850754E-03  -5.5216692E-06   7.4802868E-05   1.2242299E-03  -3.9471392E-03  -2.5886253E-03  -2.5948823E-03  -1.0943900E-04  -2.2503348E-04  -9.7644061E-05  -9.0481930E-04  -2.3612698E-03   1.1511396E-05   3.0389890E-06  -1.1843318E-05  -8.5497295E-06  -5.4494992E-06   2.0932807E-07   8.1763886E-10   6.8675294E-08   1.0348953E-04   6.3681631E-05   4.0744398E-05   3.8846898E-05   3.1368070E-05   2.2007383E-06   1.3432273E-05   4.0054125E-04   3.2434903E-05  -5.2327928E-05   9.8159937E-04   8.3560143E-07  -1.1135046E-06  -4.7072558E-07   1.9045375E-07   2.1256062E-06   8.4188276E-06   9.4623726E-06  -4.1304067E-05   2.2378772E-05
  2.4937304E-07  -3.4552894E-06   2.5204953E-07  -2.1121119E-06   3.1188353E-05  -1.3651294E-05   7.9971051E-06  -5.4776854E-07   3.9317677E-04  -2.1153747E-05   1.7287266E-04  -2.6843478E-03  -3.7374772E-03  -2.5922615E-03  -1.6725633E-03  -1.3131490E-04  -4.2118110E-04   2.9652459E-05  -4.9807304E-04  -1.7425943E-03   3.3489962E-06   5.3699675E-06  -4.7400268E-06  -6.9043554E-06  -1.0636842E-05  -3.2331892E-05  -7.7037310E-08   4.5088485E-08   6.5756296E-05   7.0695777E-05   5.1134716E-05   4.6739649E-05   3.8732890E-05   6.3360897E-07   3.9058087E-06   3.2434903E-05   4.2656866E-04  -4.6009605E-05   9.7716383E-04   6.5918286E-07  -2.6515230E-07  -4.5423498E-07  -3.4054916E-07  -1.7006656E-07   5.3233546E-06   6.9442644E-06   8.5204379E-06  -9.1919349E-05
  4.6316352E-07  -7.2020109E-07   1.3591642E-06   1.2423800E-05  -1.8843488E-03   2.9337832E-05   1.4043445E-05   5.9735944E-07  -1.5786167E-02   5.0876207E-04  -9.3932189E-04  -2.3689516E-02  -1.5422629E-02  -7.7710526E-03   9.4227712E-04   2.1060921E-03   1.8598126E-03   1.0278420E-03   3.5696568E-03   1.4709001E-02   1.0595846E-05   6.9856480E-06   1.2141245E-05  -1.0508374E-05  -2.6598795E-05  -9.6884561E-05   5.4659086E-07  -1.4744589E-07  -1.3194540E-03  -1.3475163E-03  -1.0593910E-03  -1.4264151E-03  -1.2931916E-03   9.0492720E-05   1.9545795E-04  -5.2327928E-05  -4.6009605E-05   2.8550681E-02   1.3106415E-01  -3.8049869E-05  -6.3549898E-05   3.5499625E-05  -1.5627789E-04  -4.5851042E-05   2.1938493E-04   2.3950197E-04   2.0630273E-04  -9.5348460E-05
  2.6444813E-05  -3.5938752E-04   4.3089339E-05  -1.8212012E-04  -1.1498885E-02  -1.2899178E-03   9.4867902E-04  -3.6347147E-05  -2.2591691E-01   7.4485676E-03  -2.0192317E-02  -2.9189238E-01  -2.0950450E-01  -1.4359834E-01  -2.0993585E-04   2.2590455E-02   3.4618121E-03   1.0121255E-02   3.5981002E-02   1.7153601E-01   7.1920723E-04   1.0670232E-04   8.8442201E-04  -1.1092992E-03  -6.4587940E-04  -4.4238734E-03   3.2256283E-06  -6.4671302E-06   7.6171291E-03  -1.9509421E-03  -2.3327111E-03  -6.1631871E-03  -6.0251699E-03  -3.3785931E-03  -2.9317469E-03   9.8159937E-04   9.7716383E-04   1.3106415E-01   5.0103892E+00   1.4108906E-03   1.5587215E-04   5.7688621E-05  -1.0352790E-03  -5.8258421E-04  -1.1879463E-02  -3.0371100E-03   2.5214764E-03   1.6139360E-03
  2.9169422E-08  -2.5657986E-07   1.5052363E-08  -3.1531529E-07  -1.5534245E-05  -1.1969206E-06   7.5144359E-07  -1.8784612E-08  -2.6317420E-05   1.2475731E-05  -4.3977299E-05   1.2987792E-03  -1.4308984E-04   1.3268604E-04  -1.6847034E-04  -1.6987987E-05  -1.3199464E-04   9.4825683E-05  -4.8617555E-05  -1.0691702E-04  -5.5266848E-07   2.1068229E-06   8.9621248E-06   1.1011329E-06   6.9911360E-07   5.5568833E-06  -5.3002745E-09  -5.9147658E-08   1.4521279E-04  -2.7987316E-06  -8.8231592E-06  -8.5496093E-06  -2.4362137E-06  -3.6653591E-07  -1.5769955E-06   8.3560143E-07   6.5918286E-07  -3.8049869E-05   1.4108906E-03   5.5770683E-05   3.4069408E-07   1.1354383E-07   6.4217721E-07   2.5938112E-08   1.7224086E-06  -2.6963039E-08   1.0747328E-06   1.2390856E-06
  2.9315934E-08  -2.6022272E-07   3.1294056E-08   8.2921651E-08  -1.2464765E-05  -3.6239421E-07   6.5060600E-07  -4.3907899E-08   1.7958008E-04  -6.4864809E-06  -1.7923197E-04   1.5421109E-03  -3.3188723E-05  -9.1827658E-04  -6.8292958E-04  -2.6698382E-05  -5.1892926E-05  -4.4271696E-05  -1.0880495E-04  -1.4955373E-04   9.8338516E-07   1.0515059E-07   4.2917343E-06  -9.5351969E-07   1.8832543E-06   2.4570556E-06   1.7032665E-08   3.2295569E-08   6.9040936E-06   6.6954720E-05  -6.6090421E-06  -4.9412121E-06   9.5387209E-08  -1.0142486E-06  -3.6896784E-07  -1.1135046E-06  -2.6515230E-07  -6.3549898E-05   1.5587215E-04   3.4069408E-07   4.3312050E-05   3.2559965E-08   1.1855943E-07   3.0542994E-07   1.0246003E-06   3.9569291E-06   9.9738697E-07   1.0236821E-06
  9.6376966E-09  -6.6271136E-08   8.8782827E-09   2.9336130E-07  -8.4311464E-06   6.0727444E-07   2.0549663E-07   7.1049412E-08  -6.2682250E-05  -1.4827830E-05  -9.5151558E-05   1.3849913E-04  -6.2029484E-05  -4.9015252E-04  -1.8893638E-04   1.2814585E-04  -6.9510019E-05  -1.6217908E-04  -2.2237781E-04  -1.2551588E-04  -6.1943695E-07  -3.0107369E-07   2.5315222E-06   2.2265217E-06  -5.9171638E-06  -1.1954269E-06   1.9540871E-08   2.4925633E-09   9.3421172E-06  -1.5694799E-06   5.6898522E-05  -1.6235671E-06  -6.2484445E-06   1.1848218E-06   4.7757708E-07  -4.7072558E-07  -4.5423498E-07   3.5499625E-05   5.7688621E-05   1.1354383E-07   3.2559965E-08   4.2298082E-05   6.5955966E-07  -2.0420121E-07   3.9154306E-07   4.7789824E-06   4.0795984E-06  -5.8458444E-07
  3.8702195E-08  -3.7434246E-07   4.2964120E-08   1.3371642E-07  -1.9772522E-05  -5.6952902E-07   9.5691075E-07  -2.0368627E-08   5.6028205E-04   2.5323839E-05  -1.2132985E-04   1.9437803E-03   7.8964697E-04   3.8601525E-04  -3.4888919E-04  -8.5812492E-05  -6.1030311E-05  -7.6813161E-06  -1.1807857E-04  -7.0610678E-04  -3.3327270E-06  -3.3276659E-06  -6.5881481E-06  -4.7228935E-06  -2.2979097E-06   5.6138667E-06  -9.3279582E-09  -2.7092812E-09   9.1473479E-07   2.2080286E-06  -4.8344418E-06   1.0245578E-04  -9.6542172E-06   6.0709548E-07   2.2218608E-07   1.9045375E-07  -3.4054916E-07  -1.5627789E-04  -1.0352790E-03   6.4217721E-07   1.1855943E-07   6.5955966E-07   8.1630405E-05   1.9024329E-07   2.5688843E-06   9.1152973E-07   6.7057228E-06   7.6920133E-06
  2.5065535E-08  -2.3142608E-07   6.8804100E-08   6.1290989E-07  -3.1797268E-05   9.2431008E-07   8.5421899E-07   1.0342439E-07   5.7602751E-04  -9.8931740E-06   3.8097343E-05   2.2762606E-03  -4.1500650E-04  -8.7274885E-04  -1.4132505E-03  -2.9743770E-05  -1.8555814E-04   1.8072398E-04   3.3733575E-04   3.1631147E-04   6.9404961E-07   3.3967408E-07  -5.3406109E-06   1.6398571E-06  -4.2338643E-06  -2.8986457E-05  -6.2351043E-09   4.8187279E-08  -1.0793057E-05  -1.2563297E-05  -1.8927283E-05  -1.5213903E-05   1.1841639E-04   5.9939605E-07  -1.2365438E-07   2.1256062E-06  -1.7006656E-07  -4.5851042E-05  -5.8258421E-04   2.5938112E-08   3.0542994E-07  -2.0420121E-07   1.9024329E-07   9.5508069E-05   1.6793464E-06  -6.9189909E-07  -1.3232577E-06   6.6130987E-06
 -1.6555201E-08   2.6263561E-07  -4.0715844E-08  -6.6166639E-07  -2.4499792E-05  -4.3108621E-07  -6.2182442E-07   1.3301440E-07   5.1615375E-04   1.9322901E-06   7.2640447E-05   2.0478657E-03  -2.8181660E-04  -6.3283529E-05  -3.1123243E-04   1.0974933E-06  -1.8212091E-04  -3.3684651E-06  -4.8196135E-05  -7.6164183E-04  -4.0626198E-07  -2.3569978E-06   4.7568913E-06  -1.2697096E-06  -2.0300935E-06   9.5330653E-06   3.4187253E-08  -5.8368523E-09  -1.7421068E-05  -1.3404637E-05  -2.4985421E-05  -1.1811307E-05  -1.2498643E-05  -2.7174733E-05   1.9906520E-05   8.4188276E-06   5.3233546E-06   2.1938493E-04  -1.1879463E-02   1.7224086E-06   1.0246003E-06   3.9154306E-07   2.5688843E-06   1.6793464E-06   2.0077969E-04   2.3942551E-05   1.7212234E-07  -8.4808338E-07
  3.9931688E-08  -6.8233078E-07   7.0014413E-08   2.5984091E-07   6.6063175E-06  -9.1928802E-07   1.4983659E-06   4.0645318E-08   1.4311321E-04   1.0615438E-05  -2.2314738E-04   2.3924289E-03   3.5748347E-04  -4.8036270E-05  -3.7824404E-05   3.1767768E-05   1.6933723E-04  -1.4872291E-04  -4.5070096E-04  -7.8184750E-04   8.8201206E-07  -1.4142718E-06  -2.3246998E-06  -4.7119812E-06  -1.7306184E-07   8.1309951E-06   3.8665600E-08  -3.2156126E-08   9.9064643E-06   1.2847158E-05   8.2622656E-06   1.1017525E-05   5.6366144E-06   5.7555675E-06  -3.2930137E-05   9.4623726E-06   6.9442644E-06   2.3950197E-04  -3.0371100E-03  -2.6963039E-08   3.9569291E-06   4.7789824E-06   9.1152973E-07  -6.9189909E-07   2.3942551E-05   1.1560293E-04   4.7236267E-06   3.4094205E-06
  8.8332841E-08  -1.2845334E-06   9.3045167E-08  -1.7729851E-07   4.3212111E-05  -4.2048139E-06   2.7699264E-06  -2.6216821E-07   2.8220395E-04   1.0308582E-05  -2.7000211E-05  -1.2754771E-03  -5.9501905E-04  -4.7963482E-04  -8.0522743E-04   1.9963588E-04   1.0730174E-04   4.2901701E-05  -6.1520141E-05  -4.2339852E-04  -9.2398717E-07  -1.5871450E-06  -1.3543012E-06  -2.4045636E-06  -4.7724454E-06   4.4797441E-06  -1.2264272E-08   2.0468485E-08   3.9237047E-05   4.0972589E-05   4.0034705E-05   4.6192017E-05   3.7028192E-05   2.6913487E-06   2.3475554E-06  -4.1304067E-05   8.5204379E-06   2.0630273E-04   2.5214764E-03   1.0747328E-06   9.9738697E-07   4.0795984E-06   6.7057228E-06  -1.3232577E-06   1.7212234E-07   4.7236267E-06   9.1452068E-05   1.4941325E-05
  1.3280667E-07  -2.6191011E-06   1.7040864E-07  -1.9272556E-06   1.2982523E-04  -1.2020944E-05   6.2288801E-06  -4.6327906E-07   4.7862737E-04   6.6862261E-05   3.8043723E-05   1.7509503E-03   5.2484845E-04   3.5660642E-04  -1.8914816E-03   2.7241705E-04  -1.0112527E-04  -1.5308240E-04   2.7739365E-04  -9.4207797E-05  -1.1369404E-06  -2.3275517E-06   8.9051060E-06   4.1282316E-06   7.1548698E-06  -3.6389726E-05   5.3023507E-08   2.8977886E-08   9.5048064E-05   9.7635239E-05   9.0129604E-05   1.2689505E-04   9.9381852E-05  -2.7293073E-08   1.5672424E-06   2.2378772E-05  -9.1919349E-05  -9.5348460E-05   1.6139360E-03   1.2390856E-06   1.0236821E-06  -5.8458444E-07   7.6920133E-06   6.6130987E-06  -8.4808338E-07   3.4094205E-06   1.4941325E-05   3.3366461E-04
