# omegabh2 omegach2 theta tau logA ns calPlanck
  1.4791643E-06  -4.8329003E-06   3.2814945E-07   3.2215867E-06   1.2258327E-05   1.1894686E-05   3.9526081E-08
 -4.8329003E-06   2.1817743E-05  -1.4809813E-06  -1.2559809E-05  -2.0919819E-05  -5.2007427E-05  -1.4486371E-07
  3.2814945E-07  -1.4809813E-06   7.9221423E-07   8.9670631E-07   8.3480749E-07   4.4100239E-06   3.1837716E-08
  3.2215867E-06  -1.2559809E-05   8.9670631E-07   4.5582299E-05   9.6200591E-05   3.5019903E-05   1.1995400E-09
  1.2258327E-05  -2.0919819E-05   8.3480749E-07   9.6200591E-05   3.6119174E-04   7.8102898E-05   1.2446867E-05
  1.1894686E-05  -5.2007427E-05   4.4100239E-06   3.5019903E-05   7.8102898E-05   2.1169563E-04   1.0182846E-07
  3.9526081E-08  -1.4486371E-07   3.1837716E-08   1.1995400E-09   1.2446867E-05   1.0182846E-07   6.2186396E-06
