# omegabh2 omegach2 theta tau logA ns calPlanck acib217 xi asz143 aps100 aps143 aps143217 aps217 aksz kgal100 kgal143 kgal143217 kgal217 galfTE100 galfTE100143 galfTE100217 galfTE143 galfTE143217 galfTE217 cal0 cal2 DES_b1 DES_b2 DES_b3 DES_b4 DES_b5 DES_m1 DES_m2 DES_m3 DES_m4 DES_AIA DES_alphaIA DES_DzL1 DES_DzL2 DES_DzL3 DES_DzL4 DES_DzL5 DES_DzS1 DES_DzS2 DES_DzS3 DES_DzS4
  1.7715550E-08  -4.0441769E-08   9.2726083E-09   1.7288830E-07   3.6582643E-07   1.3771264E-07   1.8569013E-08  -7.9733718E-05   1.8516786E-06   1.5443558E-05  -3.4814173E-04  -1.9639261E-04  -6.4507907E-05   1.0319945E-05  -3.1731638E-05   3.4066938E-06  -7.2413923E-06  -7.2152049E-06   2.3226955E-05   1.1075778E-07   4.4373687E-09  -1.1954250E-07  -2.7892025E-07  -5.2921090E-07  -1.9289287E-06   1.2806174E-09  -1.2875448E-09  -1.2063845E-07  -5.9084238E-08  -1.2956311E-07  -4.0396126E-08  -3.7201766E-07   1.3273710E-08   1.6563140E-08   2.7281915E-07   1.4862992E-07  -2.5035244E-08   1.5093589E-05   3.0983217E-08  -1.0659105E-08  -1.4075546E-08   5.1992966E-09  -5.1202261E-09  -2.1346166E-08   3.4442199E-08   5.1013069E-08   1.4470607E-07
 -4.0441769E-08   6.9469263E-07  -3.1609811E-08  -2.1610583E-06  -3.0589223E-06  -1.7165877E-06  -2.1499500E-07   6.4619554E-05  -9.9433933E-07  -4.4649155E-05   7.8799956E-04   4.8920591E-04   3.2630847E-04   2.0439559E-04   4.2310832E-05  -2.0848691E-05   2.4569083E-05  -1.3727646E-05  -8.9705890E-05  -7.9947674E-08   8.1278145E-08  -5.7687894E-07   1.1408830E-06   1.8538054E-06   8.6148477E-06   7.6922742E-09  -8.1544811E-10   2.8606569E-06   5.4530083E-07  -4.9578273E-08   4.1220672E-07   1.1976753E-06   1.3075932E-07  -3.3085327E-07  -3.1093146E-06  -2.1959498E-06   3.9161196E-07  -2.0890807E-04  -1.5820956E-07  -1.9135128E-07  -1.6271991E-08  -1.9236580E-07  -1.4231661E-07   2.3503278E-07  -4.9335088E-07  -8.9526206E-07  -1.3983209E-06
  9.2726083E-09  -3.1609811E-08   8.2650184E-08   1.6425048E-07   3.8494990E-07   1.8148104E-07   1.9141786E-08   3.0097777E-05   2.3809808E-07  -4.1898712E-06   2.4025085E-05  -4.0802842E-05  -2.2158513E-05  -5.0176296E-05   3.1728963E-06   3.6804269E-08   4.4225470E-06  -2.1134432E-05  -5.0996279E-05   1.3863713E-07   1.4429768E-08  -2.3704994E-07  -3.1859858E-07  -8.8278282E-07  -1.7776478E-06   1.3704328E-09   1.6955283E-10  -6.1150288E-07  -4.0361476E-07  -5.0854272E-07  -3.7575840E-07  -8.3744688E-07  -9.7940992E-09  -1.2617269E-07   2.0151844E-07   6.5009397E-08   9.0633420E-08   2.3125013E-05   7.7721620E-09   1.4919475E-08   9.7539710E-09   2.8345305E-08   1.6656708E-08  -6.5220542E-08   5.7644463E-08   1.1762294E-07   2.5292691E-07
  1.7288830E-07  -2.1610583E-06   1.6425048E-07   4.6125584E-05   8.3892655E-05   7.3746775E-06  -1.0944788E-06  -1.2149647E-03  -2.0404282E-05   3.6647716E-04  -6.8862490E-03  -3.7783379E-03  -2.6555382E-03  -1.1912673E-03  -4.4529682E-04  -9.2346290E-05  -2.0173341E-04   9.9574795E-05   6.2794370E-04  -4.9571298E-06   7.2670096E-07   3.2246481E-06   5.5509872E-06  -1.3061599E-05  -1.5422052E-05  -5.2349453E-08  -7.2681385E-08  -6.2212729E-05  -6.2207991E-05  -6.5370400E-05  -8.0451715E-05  -9.3340065E-05  -1.3380071E-06   3.7664462E-07  -1.3358843E-06  -3.9612618E-06   1.1395948E-05  -2.8456630E-04   7.2356956E-07   2.8878462E-07  -4.0850034E-07  -4.4701697E-07  -2.8647210E-08   2.9296699E-06   5.2896986E-07  -2.2372607E-06  -3.0948008E-06
  3.6582643E-07  -3.0589223E-06   3.8494990E-07   8.3892655E-05   1.8069179E-04   1.0457774E-05   9.4716977E-06  -2.7236465E-03  -1.6895917E-05   6.3076766E-04  -1.0772265E-02  -5.6973161E-03  -2.4020908E-03   4.1930859E-03  -1.6481767E-03  -3.4696932E-04  -9.0644354E-04  -5.2448244E-04   2.4264232E-03  -1.1058443E-05   1.6938282E-06   3.0545983E-06   1.3824932E-05  -2.7191361E-05  -1.2533634E-05   2.2131205E-08  -1.4036178E-07  -1.3534665E-04  -1.3570358E-04  -1.4342589E-04  -1.7986482E-04  -1.9847790E-04  -1.5406305E-06  -8.6404528E-07  -1.0719464E-05  -1.2770798E-05   1.6970583E-05  -8.9960684E-04   6.5290075E-07  -2.1704839E-07  -6.7198177E-07  -1.3746935E-06  -5.6722718E-07   4.7071770E-06   1.2444352E-07  -5.8046381E-06  -1.0297293E-05
  1.3771264E-07  -1.7165877E-06   1.8148104E-07   7.3746775E-06   1.0457774E-05   1.3021029E-05   6.3180309E-07  -3.7826501E-03   8.6790752E-05   8.6801028E-04  -2.1783295E-02  -6.1241661E-03   1.0661936E-03   3.8487290E-03  -2.0168508E-03   3.3421273E-04  -3.3442846E-04  -1.4696967E-04   1.5424096E-03  -1.5053369E-06   1.2723025E-06  -1.4023648E-06  -3.3074277E-06  -4.7728553E-06  -1.9658654E-05  -1.2028603E-07  -2.9034857E-08  -8.8861235E-06  -5.7720583E-06  -1.6007482E-06  -5.2100719E-06  -5.9125971E-06  -1.0201270E-06  -2.9726739E-08   6.7945579E-06   3.9662604E-06  -1.5627920E-08   4.1906159E-04   9.9999745E-08   4.5451486E-07   1.3568187E-08   5.4977036E-07  -3.6366675E-08  -1.4591594E-07   1.0743816E-06   1.3694502E-06   3.4146952E-06
  1.8569013E-08  -2.1499500E-07   1.9141786E-08  -1.0944788E-06   9.4716977E-06   6.3180309E-07   6.0894287E-06   6.8314587E-04  -1.5169097E-05   7.1791063E-06   2.6902344E-03   2.5199914E-04   1.0036840E-04   1.3614533E-03  -5.9105280E-05   7.2492512E-05  -3.8275009E-05  -1.1064660E-04   6.7050096E-04  -1.0862213E-06   9.7090287E-08  -1.3840116E-06   9.1785738E-07  -2.4694420E-06   1.7879462E-06  -1.6907122E-08   6.5141286E-09  -8.5416191E-06  -6.3786868E-06  -5.9325715E-06  -9.2800918E-06  -7.4118340E-06   1.8207407E-08  -1.8344914E-07  -5.1287441E-07  -1.9017392E-07  -1.9632973E-06   8.2775757E-05  -2.8505972E-07  -9.9054476E-08   6.2458771E-08  -8.1888060E-08  -1.7949401E-08  -5.6829979E-07   3.7810503E-09   2.6768616E-07  -5.4868411E-07
 -7.9733718E-05   6.4619554E-05   3.0097777E-05  -1.2149647E-03  -2.7236465E-03  -3.7826501E-03   6.8314587E-04   4.4914410E+01  -3.9272786E-01  -8.9782473E-01   3.5034705E+01   1.2701478E+00  -1.3483965E+01  -5.5730858E+01  -1.2452779E-01   1.0201580E-01   4.1800469E-01  -6.1640327E+00  -3.4039838E+01   1.3955651E-04   7.4040697E-04   3.9039267E-04   8.1439983E-03  -7.4340549E-03  -5.9363476E-03  -1.9184896E-04   7.3860146E-04  -9.4743918E-03  -1.1874322E-03   3.5541913E-03   6.1438495E-03  -9.6680295E-03   7.5287160E-04  -1.2105456E-03   2.5514477E-03  -1.6695575E-03  -2.8961176E-02  -2.0516946E-01  -2.2150713E-04  -1.2820626E-04   5.1045733E-04  -1.0288432E-03  -3.3688244E-04  -1.8921277E-04  -9.3290050E-04   1.1260738E-04  -4.5881026E-04
  1.8516786E-06  -9.9433933E-07   2.3809808E-07  -2.0404282E-05  -1.6895917E-05   8.6790752E-05  -1.5169097E-05  -3.9272786E-01   8.2010186E-02  -3.1195734E-02  -7.1192469E-01   9.2330411E-01   1.7295323E+00   6.4296212E-01   2.7753518E-02  -2.0030361E-02   1.3943955E-02   1.2732372E-01   1.6306832E-01  -1.0142042E-05  -6.7513322E-05  -7.2149696E-05  -4.6712110E-04  -1.6690618E-04  -7.7474139E-04   3.8681014E-06  -4.5860372E-07   4.4614315E-04   2.4113056E-04  -2.0055708E-04   9.5662120E-05   3.4939267E-04   6.5497597E-05   3.2343736E-06   6.9238290E-05   1.7144648E-04   5.3133092E-04   3.2381563E-03   5.1447990E-06  -1.4167512E-05  -1.3471866E-05  -4.7744368E-05  -6.0337375E-05   4.9427894E-05   2.2628764E-05   1.3570219E-05  -1.6877567E-05
  1.5443558E-05  -4.4649155E-05  -4.1898712E-06   3.6647716E-04   6.3076766E-04   8.6801028E-04   7.1791063E-06  -8.9782473E-01  -3.1195734E-02   3.8378095E+00  -3.0542050E+01  -3.1523422E+00   7.7928336E+00   5.4440222E+00  -2.6560157E+00  -2.0405783E-01   1.6370692E-01   2.6497153E+00   3.3117464E+00  -4.3180977E-04   2.4821658E-04   2.8849639E-03  -1.7695179E-03   1.6130647E-03  -1.1927552E-03   1.2749832E-04  -2.2558361E-05  -2.5899753E-04  -1.1014866E-03   2.2627000E-04  -9.4677619E-04  -9.3353959E-04  -5.0008046E-04   1.2353482E-04   1.6484846E-04   4.4515336E-06  -1.1537824E-03  -8.5614964E-02  -1.2047935E-04  -1.8085166E-04  -3.9269944E-05   1.8695340E-04   1.6617538E-04   5.3155497E-04  -1.2063446E-04   1.0096039E-04   4.4723817E-04
 -3.4814173E-04   7.8799956E-04   2.4025085E-05  -6.8862490E-03  -1.0772265E-02  -2.1783295E-02   2.6902344E-03   3.5034705E+01  -7.1192469E-01  -3.0542050E+01   7.7993308E+02   6.4729327E+01  -5.6970483E+01  -5.8973429E+01   1.3163123E+01  -6.7807051E+00   5.5141131E+00  -1.3509222E+01  -2.5269757E+01   1.4629548E-02  -4.4250267E-03  -2.2428014E-02   1.5025193E-02  -4.0564920E-02  -1.2862448E-01   3.5301813E-03   5.1921887E-04  -1.6597365E-02   1.4741224E-02   9.2445388E-03   8.9872722E-03  -4.6464704E-03   3.3379103E-03  -6.2662117E-03  -6.7575615E-03   1.9249270E-03   6.2694956E-02   1.3043445E+00  -1.3946561E-03   2.9292102E-03   1.1593535E-03  -1.8810065E-03  -1.2107379E-03  -3.9490844E-04   3.7842570E-03   1.2638096E-03  -1.4165551E-02
 -1.9639261E-04   4.8920591E-04  -4.0802842E-05  -3.7783379E-03  -5.6973161E-03  -6.1241661E-03   2.5199914E-04   1.2701478E+00   9.2330411E-01  -3.1523422E+00   6.4729327E+01   6.0482985E+01   4.0253979E+01   1.5331194E+01  -5.0102225E+00  -6.1523871E-01  -1.3367952E+00   3.4402428E+00   4.2270175E+00   3.2350061E-04   2.1538166E-04  -2.0284734E-03  -1.1584815E-03   2.0541415E-03   4.7470907E-03   1.1346433E-04   1.3060507E-04   2.7716490E-03   8.0046034E-03  -1.6956838E-03   1.3672560E-03   6.8941475E-03  -1.1812408E-03   9.7745226E-04  -1.7105282E-03  -1.4680017E-03   1.9874797E-02   2.4885816E-01   7.8383990E-06   2.0108090E-04  -1.2825640E-04  -9.4278316E-04  -4.0522532E-04   1.6142222E-04  -1.8647446E-03  -9.3047207E-04  -4.1721005E-03
 -6.4507907E-05   3.2630847E-04  -2.2158513E-05  -2.6555382E-03  -2.4020908E-03   1.0661936E-03   1.0036840E-04  -1.3483965E+01   1.7295323E+00   7.7928336E+00  -5.6970483E+01   4.0253979E+01   8.5923586E+01   5.3590438E+01  -1.1838368E+01  -1.3926479E+00  -5.0432270E-01   5.4163520E+00   8.8703954E+00  -9.7924270E-04  -7.3710005E-04   8.4036645E-03  -1.0151012E-02   8.6217334E-03  -2.4957932E-02   4.8832859E-04  -3.1265083E-04   1.5345329E-02   4.6703632E-03  -2.5448740E-03  -2.8145764E-03   6.6957229E-03  -2.2876010E-03   1.1762146E-03  -1.0863541E-03   1.7966121E-03   9.6527005E-03  -2.8631913E-01  -3.3310352E-04  -5.4663889E-04  -6.3181983E-04  -7.3364651E-04  -1.1296200E-03   3.2337084E-03  -1.2343538E-03  -5.6525855E-04  -1.1938098E-03
  1.0319945E-05   2.0439559E-04  -5.0176296E-05  -1.1912673E-03   4.1930859E-03   3.8487290E-03   1.3614533E-03  -5.5730858E+01   6.4296212E-01   5.4440222E+00  -5.8973429E+01   1.5331194E+01   5.3590438E+01   1.0466094E+02  -9.0840343E+00  -8.0465503E-01  -9.4389914E-01   6.0516930E+00   3.4779156E+01  -1.2441006E-03   2.1458462E-04   7.4154739E-03  -8.7991341E-03   2.1739898E-02   1.0390000E-02   4.9375273E-04  -1.3657278E-03   1.0052206E-02  -2.8129628E-03  -6.7811242E-03  -1.7352092E-02   1.5347463E-02  -2.7009595E-03   1.6513525E-03  -5.2712808E-03   1.4233935E-03   2.2658333E-02  -8.8434111E-02  -4.3251354E-05  -8.1071428E-05  -1.1581342E-03   9.3573268E-04   4.8514833E-05   2.4343042E-03  -3.2595719E-04  -9.1271321E-04  -4.9939510E-04
 -3.1731638E-05   4.2310832E-05   3.1728963E-06  -4.4529682E-04  -1.6481767E-03  -2.0168508E-03  -5.9105280E-05  -1.2452779E-01   2.7753518E-02  -2.6560157E+00   1.3163123E+01  -5.0102225E+00  -1.1838368E+01  -9.0840343E+00   5.6740393E+00   1.3896694E-01  -2.3675597E-01  -2.1465903E+00  -2.5016426E+00   8.3180961E-04  -7.4564323E-04  -1.9346411E-03  -1.0456232E-04  -3.4117527E-03  -1.2974679E-03  -8.9158536E-05  -2.5430322E-05   1.4373302E-03   1.1596467E-03   1.6424945E-04   2.6534635E-03   2.0580679E-03   7.9602965E-04   1.0741239E-04   1.5604719E-04   2.7730461E-04   3.8080270E-03   9.9483191E-02   1.2162269E-04   4.2925420E-05   2.1797759E-04  -9.1501297E-05   7.9753366E-05  -7.1517520E-04   5.8641997E-04   2.2138772E-04   2.3327288E-04
  3.4066938E-06  -2.0848691E-05   3.6804269E-08  -9.2346290E-05  -3.4696932E-04   3.3421273E-04   7.2492512E-05   1.0201580E-01  -2.0030361E-02  -2.0405783E-01  -6.7807051E+00  -6.1523871E-01  -1.3926479E+00  -8.0465503E-01   1.3896694E-01   3.3364325E+00   4.6785011E-01   1.5846423E-01   2.2475320E-01   1.8152480E-04   7.2607730E-05   3.8057621E-03   4.4255872E-06   3.0990385E-03   6.8692678E-03   1.8216428E-04  -2.0665595E-06   1.8657136E-03   9.5329168E-04   1.2121990E-03  -3.0004306E-04   1.4189846E-03   6.9723213E-04  -1.4882879E-04   3.5958660E-04   4.5000919E-04   2.5596735E-03   5.5292993E-02   1.7294462E-04  -3.3236592E-04  -1.2498645E-04  -2.7947019E-04   1.0318891E-04  -2.6138723E-04   1.5411849E-04  -1.8167135E-04   2.5755365E-04
 -7.2413923E-06   2.4569083E-05   4.4225470E-06  -2.0173341E-04  -9.0644354E-04  -3.3442846E-04  -3.8275009E-05   4.1800469E-01   1.3943955E-02   1.6370692E-01   5.5141131E+00  -1.3367952E+00  -5.0432270E-01  -9.4389914E-01  -2.3675597E-01   4.6785011E-01   3.1313034E+00   2.6651429E+00   2.6640857E+00   3.1886895E-04  -4.4770655E-04  -2.1399141E-03   3.6833915E-04   1.8813448E-04   6.3105667E-03  -1.7833340E-04  -3.8168505E-05  -9.4233185E-04   4.2598957E-03   1.2327923E-03  -3.4925262E-04   2.5955910E-03  -3.2962435E-04  -5.7616656E-05   1.5947478E-05   5.8648509E-04  -1.7080245E-03  -1.0323914E-01  -2.8920288E-04   1.5084390E-04  -1.0181527E-04  -7.3313435E-05   1.2486851E-04   4.1440465E-04   5.8276938E-05   9.8703646E-05  -2.2143115E-05
 -7.2152049E-06  -1.3727646E-05  -2.1134432E-05   9.9574795E-05  -5.2448244E-04  -1.4696967E-04  -1.1064660E-04  -6.1640327E+00   1.2732372E-01   2.6497153E+00  -1.3509222E+01   3.4402428E+00   5.4163520E+00   6.0516930E+00  -2.1465903E+00   1.5846423E-01   2.6651429E+00   1.0709160E+01   1.9237463E+01   7.3427980E-04   8.1684986E-05  -5.4421856E-03  -2.3548342E-03   1.5284831E-03   2.0430020E-02  -1.9721920E-05   4.2443746E-04  -2.2775584E-04   2.7463483E-03   1.2477719E-04  -2.1456950E-04   4.7190462E-03  -7.7613874E-04   1.0976070E-03   2.6632680E-04   6.3703345E-04   4.8481321E-03  -6.1076538E-02  -2.7360345E-04   3.8380959E-05   4.3238275E-06   3.0885938E-04   3.4141953E-04   7.2462918E-04  -1.6709630E-04   2.2767161E-04   3.0571562E-06
  2.3226955E-05  -8.9705890E-05  -5.0996279E-05   6.2794370E-04   2.4264232E-03   1.5424096E-03   6.7050096E-04  -3.4039838E+01   1.6306832E-01   3.3117464E+00  -2.5269757E+01   4.2270175E+00   8.8703954E+00   3.4779156E+01  -2.5016426E+00   2.2475320E-01   2.6640857E+00   1.9237463E+01   5.3890917E+01  -1.7951670E-05  -6.5054718E-04  -1.0141359E-02  -4.0322706E-03   3.7990187E-03   3.1175580E-02   6.4284273E-05   9.5732692E-04   5.4803244E-03   2.8483872E-03  -1.4449511E-03  -1.7475639E-03   6.1147867E-03  -1.5058577E-03   2.6411747E-03  -1.2420155E-03   8.9972681E-04   2.6816957E-02   4.7291151E-02  -2.8412725E-04   3.3269216E-04  -1.0047771E-04   1.4221564E-03   8.1030007E-04   4.6631911E-04   3.1752334E-04   4.5374925E-04   6.1438774E-04
  1.1075778E-07  -7.9947674E-08   1.3863713E-07  -4.9571298E-06  -1.1058443E-05  -1.5053369E-06  -1.0862213E-06   1.3955651E-04  -1.0142042E-05  -4.3180977E-04   1.4629548E-02   3.2350061E-04  -9.7924270E-04  -1.2441006E-03   8.3180961E-04   1.8152480E-04   3.1886895E-04   7.3427980E-04  -1.7951670E-05   1.4699811E-03   2.8556500E-04   6.5016409E-05  -3.5665738E-04  -1.2928930E-04  -9.7786196E-05   9.9768663E-08   8.4375150E-09   2.9759064E-05   1.4681250E-05   1.3144095E-06   3.7596610E-05   1.0304593E-05   2.1041790E-05  -3.8261557E-06  -1.3703219E-05   8.2076749E-06   4.2144802E-05  -2.0917819E-04   1.8383454E-06  -2.7228524E-06   1.7066195E-06   3.7040581E-06  -2.0606093E-06  -6.6193662E-07   8.4348290E-06   1.6450727E-05   1.0821839E-05
  4.4373687E-09   8.1278145E-08   1.4429768E-08   7.2670096E-07   1.6938282E-06   1.2723025E-06   9.7090287E-08   7.4040697E-04  -6.7513322E-05   2.4821658E-04  -4.4250267E-03   2.1538166E-04  -7.3710005E-04   2.1458462E-04  -7.4564323E-04   7.2607730E-05  -4.4770655E-04   8.1684986E-05  -6.5054718E-04   2.8556500E-04   8.7337914E-04  -1.6639228E-05   7.3183173E-04   6.8037934E-06  -6.4150802E-04  -2.8490551E-07   1.2376477E-07  -5.7943557E-06  -2.0379499E-06  -1.7889842E-05   1.2742945E-05   8.9682043E-06  -2.8830521E-06  -6.4031698E-06  -6.6066826E-06   5.1147387E-06  -8.4711192E-07  -9.9549438E-04   6.9523741E-07   2.7897904E-06  -9.1255498E-07  -8.4112751E-06   3.7667056E-06   1.1367389E-05   1.3272069E-06   9.3218959E-06   1.1287225E-05
 -1.1954250E-07  -5.7687894E-07  -2.3704994E-07   3.2246481E-06   3.0545983E-06  -1.4023648E-06  -1.3840116E-06   3.9039267E-04  -7.2149696E-05   2.8849639E-03  -2.2428014E-02  -2.0284734E-03   8.4036645E-03   7.4154739E-03  -1.9346411E-03   3.8057621E-03  -2.1399141E-03  -5.4421856E-03  -1.0141359E-02   6.5016409E-05  -1.6639228E-05   7.2106193E-03  -3.6857188E-04   5.9448916E-04   4.1217664E-03   9.5927690E-07  -1.3599684E-06  -8.1965430E-05  -8.5646572E-05   3.7923876E-05   7.2751460E-05  -1.1720385E-04   2.8967022E-05   1.7829749E-05  -1.0975807E-05   2.2171405E-05   3.3027718E-04   8.6035898E-04   1.6698571E-06  -9.8745309E-07   3.8679381E-06   9.4505115E-06  -2.5179645E-06  -1.2072995E-05   2.0423797E-05   1.5164721E-05  -4.0782011E-07
 -2.7892025E-07   1.1408830E-06  -3.1859858E-07   5.5509872E-06   1.3824932E-05  -3.3074277E-06   9.1785738E-07   8.1439983E-03  -4.6712110E-04  -1.7695179E-03   1.5025193E-02  -1.1584815E-03  -1.0151012E-02  -8.7991341E-03  -1.0456232E-04   4.4255872E-06   3.6833915E-04  -2.3548342E-03  -4.0322706E-03  -3.5665738E-04   7.3183173E-04  -3.6857188E-04   2.8890539E-03   5.6727228E-04  -8.6474839E-04  -6.9389003E-07   5.3285110E-07   3.3901478E-05  -3.0122389E-05  -4.7595439E-05  -4.9991435E-05   2.8622892E-05  -2.6824216E-05  -1.6134141E-05  -9.7693091E-06  -1.9681832E-05  -1.4220906E-04  -6.8979562E-04   3.6935838E-07   1.0695957E-05  -7.2019313E-06  -9.8671446E-06   3.7314398E-06   7.5854590E-06  -5.8845613E-06   1.1942631E-05  -4.9910356E-06
 -5.2921090E-07   1.8538054E-06  -8.8278282E-07  -1.3061599E-05  -2.7191361E-05  -4.7728553E-06  -2.4694420E-06  -7.4340549E-03  -1.6690618E-04   1.6130647E-03  -4.0564920E-02   2.0541415E-03   8.6217334E-03   2.1739898E-02  -3.4117527E-03   3.0990385E-03   1.8813448E-04   1.5284831E-03   3.7990187E-03  -1.2928930E-04   6.8037934E-06   5.9448916E-04   5.6727228E-04   6.4621105E-03   8.1325617E-03   4.4271579E-07   2.6104271E-08   2.6052651E-05  -6.5278652E-05   7.2310722E-06  -3.3834540E-06   1.0709814E-04  -4.8497901E-05  -5.4267937E-06  -7.6682598E-06  -5.1025369E-05   1.5866028E-04  -2.4625972E-03  -7.1260689E-06   7.6061789E-06  -1.0680984E-06   5.7060715E-06  -4.4121449E-06   2.4545746E-06   1.0505719E-05  -8.9311075E-06   2.8965883E-06
 -1.9289287E-06   8.6148477E-06  -1.7776478E-06  -1.5422052E-05  -1.2533634E-05  -1.9658654E-05   1.7879462E-06  -5.9363476E-03  -7.7474139E-04  -1.1927552E-03  -1.2862448E-01   4.7470907E-03  -2.4957932E-02   1.0390000E-02  -1.2974679E-03   6.8692678E-03   6.3105667E-03   2.0430020E-02   3.1175580E-02  -9.7786196E-05  -6.4150802E-04   4.1217664E-03  -8.6474839E-04   8.1325617E-03   7.1321150E-02  -3.0934026E-06  -1.0353719E-06   6.4738144E-05  -3.4192223E-05   1.1895793E-04  -9.6367302E-05   1.1985007E-04   2.6045492E-05  -6.9083052E-05   1.6651662E-05   1.3275759E-05   1.3745973E-04  -1.2609861E-02   5.8446407E-06   1.3350425E-05  -4.2961581E-05   1.5140246E-05  -4.4304567E-05  -2.1559708E-05  -3.0808268E-05  -9.1290147E-07  -1.2255772E-04
  1.2806174E-09   7.6922742E-09   1.3704328E-09  -5.2349453E-08   2.2131205E-08  -1.2028603E-07  -1.6907122E-08  -1.9184896E-04   3.8681014E-06   1.2749832E-04   3.5301813E-03   1.1346433E-04   4.8832859E-04   4.9375273E-04  -8.9158536E-05   1.8216428E-04  -1.7833340E-04  -1.9721920E-05   6.4284273E-05   9.9768663E-08  -2.8490551E-07   9.5927690E-07  -6.9389003E-07   4.4271579E-07  -3.0934026E-06   3.7683868E-07   1.7945902E-09  -7.4443792E-07  -7.1488995E-07   2.4165864E-08  -4.4957532E-07  -1.8593662E-07   5.7002781E-08  -3.4699688E-08   3.6061169E-08   1.7485240E-07   9.8759163E-07   2.9468336E-05  -6.1847601E-09  -2.8326880E-08   4.4720153E-09  -1.3802010E-07  -1.3512286E-07  -7.8732773E-08   1.4418387E-07   8.2163200E-08  -2.9612088E-07
 -1.2875448E-09  -8.1544811E-10   1.6955283E-10  -7.2681385E-08  -1.4036178E-07  -2.9034857E-08   6.5141286E-09   7.3860146E-04  -4.5860372E-07  -2.2558361E-05   5.1921887E-04   1.3060507E-04  -3.1265083E-04  -1.3657278E-03  -2.5430322E-05  -2.0665595E-06  -3.8168505E-05   4.2443746E-04   9.5732692E-04   8.4375150E-09   1.2376477E-07  -1.3599684E-06   5.3285110E-07   2.6104271E-08  -1.0353719E-06   1.7945902E-09   3.9694626E-07   2.5980242E-09   4.0298199E-07  -1.8364919E-07   6.8511967E-07  -1.2542616E-06   1.1589318E-07   5.8616279E-08   2.5601988E-07   1.4684155E-07  -1.2369941E-06  -2.3805039E-05   3.0799216E-09   9.9244473E-09  -2.8343946E-08   1.4851119E-07  -5.2306057E-08  -9.9574468E-09  -2.9785246E-08   1.2701701E-07   8.2555798E-08
 -1.2063845E-07   2.8606569E-06  -6.1150288E-07  -6.2212729E-05  -1.3534665E-04  -8.8861235E-06  -8.5416191E-06  -9.4743918E-03   4.4614315E-04  -2.5899753E-04  -1.6597365E-02   2.7716490E-03   1.5345329E-02   1.0052206E-02   1.4373302E-03   1.8657136E-03  -9.4233185E-04  -2.2775584E-04   5.4803244E-03   2.9759064E-05  -5.7943557E-06  -8.1965430E-05   3.3901478E-05   2.6052651E-05   6.4738144E-05  -7.4443792E-07   2.5980242E-09   5.3004424E-03   1.0237786E-04   1.8317385E-04   1.6041065E-04   1.8522416E-04  -1.0321393E-05   1.1091054E-06   7.2223974E-05   4.1070430E-05  -1.0274994E-04   1.1277470E-02   1.4426200E-04   2.0030827E-05   1.4709734E-05   5.8089501E-06   8.0769650E-06   4.5269358E-06   4.3146822E-06   2.2615494E-05   1.3203173E-05
 -5.9084238E-08   5.4530083E-07  -4.0361476E-07  -6.2207991E-05  -1.3570358E-04  -5.7720583E-06  -6.3786868E-06  -1.1874322E-03   2.4113056E-04  -1.1014866E-03   1.4741224E-02   8.0046034E-03   4.6703632E-03  -2.8129628E-03   1.1596467E-03   9.5329168E-04   4.2598957E-03   2.7463483E-03   2.8483872E-03   1.4681250E-05  -2.0379499E-06  -8.5646572E-05  -3.0122389E-05  -6.5278652E-05  -3.4192223E-05  -7.1488995E-07   4.0298199E-07   1.0237786E-04   2.7274953E-03   1.0379244E-04   1.9717949E-04   1.5278679E-04   3.6427345E-06   3.6624113E-06   5.9639657E-05   4.5025788E-05  -3.3326309E-04   4.9325557E-03   3.4044576E-06   7.1933151E-05   1.6379878E-06   1.6691316E-05   3.5292954E-06  -2.0984456E-05   8.9850712E-06   2.3326220E-05   3.4149479E-05
 -1.2956311E-07  -4.9578273E-08  -5.0854272E-07  -6.5370400E-05  -1.4342589E-04  -1.6007482E-06  -5.9325715E-06   3.5541913E-03  -2.0055708E-04   2.2627000E-04   9.2445388E-03  -1.6956838E-03  -2.5448740E-03  -6.7811242E-03   1.6424945E-04   1.2121990E-03   1.2327923E-03   1.2477719E-04  -1.4449511E-03   1.3144095E-06  -1.7889842E-05   3.7923876E-05  -4.7595439E-05   7.2310722E-06   1.1895793E-04   2.4165864E-08  -1.8364919E-07   1.8317385E-04   1.0379244E-04   1.9239521E-03   1.5888947E-04   1.3956814E-04  -2.0675554E-05   1.7119702E-05   3.6557162E-05   2.3488307E-05  -3.2660238E-04   1.2601799E-03   5.0966369E-07   3.5650279E-06   6.3840786E-05   4.5859461E-06   3.5660594E-06  -7.8719251E-06   2.7883560E-06   1.2949860E-05   3.0615172E-05
 -4.0396126E-08   4.1220672E-07  -3.7575840E-07  -8.0451715E-05  -1.7986482E-04  -5.2100719E-06  -9.2800918E-06   6.1438495E-03   9.5662120E-05  -9.4677619E-04   8.9872722E-03   1.3672560E-03  -2.8145764E-03  -1.7352092E-02   2.6534635E-03  -3.0004306E-04  -3.4925262E-04  -2.1456950E-04  -1.7475639E-03   3.7596610E-05   1.2742945E-05   7.2751460E-05  -4.9991435E-05  -3.3834540E-06  -9.6367302E-05  -4.4957532E-07   6.8511967E-07   1.6041065E-04   1.9717949E-04   1.5888947E-04   2.6145118E-03   2.2600909E-04   1.9917032E-05   2.2759769E-05   4.0167314E-05   2.2409136E-05  -4.0556542E-04  -2.2567672E-04   5.0667523E-06   7.3774540E-07   2.8394616E-06   1.1210355E-04  -6.6130225E-06   1.6312038E-06   7.4571916E-06   1.8761895E-05   4.0794878E-05
 -3.7201766E-07   1.1976753E-06  -8.3744688E-07  -9.3340065E-05  -1.9847790E-04  -5.9125971E-06  -7.4118340E-06  -9.6680295E-03   3.4939267E-04  -9.3353959E-04  -4.6464704E-03   6.8941475E-03   6.6957229E-03   1.5347463E-02   2.0580679E-03   1.4189846E-03   2.5955910E-03   4.7190462E-03   6.1147867E-03   1.0304593E-05   8.9682043E-06  -1.1720385E-04   2.8622892E-05   1.0709814E-04   1.1985007E-04  -1.8593662E-07  -1.2542616E-06   1.8522416E-04   1.5278679E-04   1.3956814E-04   2.2600909E-04   5.6251063E-03  -2.3603891E-05   1.9810516E-05   5.2889114E-05   2.0227114E-05  -7.6099929E-05   5.0532480E-04  -1.0659087E-06   3.7104656E-06  -2.2917382E-06   1.1788654E-06   1.2903774E-04  -1.9356667E-05  -7.8026887E-06   5.0611793E-06   2.0229160E-05
  1.3273710E-08   1.3075932E-07  -9.7940992E-09  -1.3380071E-06  -1.5406305E-06  -1.0201270E-06   1.8207407E-08   7.5287160E-04   6.5497597E-05  -5.0008046E-04   3.3379103E-03  -1.1812408E-03  -2.2876010E-03  -2.7009595E-03   7.9602965E-04   6.9723213E-04  -3.2962435E-04  -7.7613874E-04  -1.5058577E-03   2.1041790E-05  -2.8830521E-06   2.8967022E-05  -2.6824216E-05  -4.8497901E-05   2.6045492E-05   5.7002781E-08   1.1589318E-07  -1.0321393E-05   3.6427345E-06  -2.0675554E-05   1.9917032E-05  -2.3603891E-05   5.0462135E-04   1.5847079E-05  -4.6119694E-06   7.7102883E-06   1.1053118E-04  -2.5902356E-03  -6.0766709E-07  -2.9243340E-06   5.2832554E-07   7.2061578E-08  -2.6546784E-06  -2.9122749E-05   6.4684213E-06   4.9011288E-07  -1.9818613E-06
  1.6563140E-08  -3.3085327E-07  -1.2617269E-07   3.7664462E-07  -8.6404528E-07  -2.9726739E-08  -1.8344914E-07  -1.2105456E-03   3.2343736E-06   1.2353482E-04  -6.2662117E-03   9.7745226E-04   1.1762146E-03   1.6513525E-03   1.0741239E-04  -1.4882879E-04  -5.7616656E-05   1.0976070E-03   2.6411747E-03  -3.8261557E-06  -6.4031698E-06   1.7829749E-05  -1.6134141E-05  -5.4267937E-06  -6.9083052E-05  -3.4699688E-08   5.8616279E-08   1.1091054E-06   3.6624113E-06   1.7119702E-05   2.2759769E-05   1.9810516E-05   1.5847079E-05   4.9742762E-04   1.3524966E-05   8.6177155E-06   1.7085749E-04  -3.1853544E-03  -2.9759975E-06  -2.1683326E-06   1.5443224E-07  -2.6808953E-06  -3.3645649E-06   2.2123043E-05  -3.5986557E-05  -2.0532505E-07  -1.9643532E-06
  2.7281915E-07  -3.1093146E-06   2.0151844E-07  -1.3358843E-06  -1.0719464E-05   6.7945579E-06  -5.1287441E-07   2.5514477E-03   6.9238290E-05   1.6484846E-04  -6.7575615E-03  -1.7105282E-03  -1.0863541E-03  -5.2712808E-03   1.5604719E-04   3.5958660E-04   1.5947478E-05   2.6632680E-04  -1.2420155E-03  -1.3703219E-05  -6.6066826E-06  -1.0975807E-05  -9.7693091E-06  -7.6682598E-06   1.6651662E-05   3.6061169E-08   2.5601988E-07   7.2223974E-05   5.9639657E-05   3.6557162E-05   4.0167314E-05   5.2889114E-05  -4.6119694E-06   1.3524966E-05   3.6514906E-04   1.5200920E-05   8.5658009E-06   9.5985298E-04  -3.4100790E-06  -1.9450401E-06   1.8005306E-06   7.3693981E-08  -1.7492226E-07   5.8530286E-06   8.6073755E-06  -4.3409691E-05   1.4863751E-05
  1.4862992E-07  -2.1959498E-06   6.5009397E-08  -3.9612618E-06  -1.2770798E-05   3.9662604E-06  -1.9017392E-07  -1.6695575E-03   1.7144648E-04   4.4515336E-06   1.9249270E-03  -1.4680017E-03   1.7966121E-03   1.4233935E-03   2.7730461E-04   4.5000919E-04   5.8648509E-04   6.3703345E-04   8.9972681E-04   8.2076749E-06   5.1147387E-06   2.2171405E-05  -1.9681832E-05  -5.1025369E-05   1.3275759E-05   1.7485240E-07   1.4684155E-07   4.1070430E-05   4.5025788E-05   2.3488307E-05   2.2409136E-05   2.0227114E-05   7.7102883E-06   8.6177155E-06   1.5200920E-05   4.2389180E-04  -4.8232794E-05   6.0162797E-04  -8.7293494E-08   4.2947051E-07   3.5374727E-07   1.5158162E-07   1.9009760E-06   3.1365222E-06   1.1813388E-05   1.0907358E-05  -9.7303018E-05
 -2.5035244E-08   3.9161196E-07   9.0633420E-08   1.1395948E-05   1.6970583E-05  -1.5627920E-08  -1.9632973E-06  -2.8961176E-02   5.3133092E-04  -1.1537824E-03   6.2694956E-02   1.9874797E-02   9.6527005E-03   2.2658333E-02   3.8080270E-03   2.5596735E-03  -1.7080245E-03   4.8481321E-03   2.6816957E-02   4.2144802E-05  -8.4711192E-07   3.3027718E-04  -1.4220906E-04   1.5866028E-04   1.3745973E-04   9.8759163E-07  -1.2369941E-06  -1.0274994E-04  -3.3326309E-04  -3.2660238E-04  -4.0556542E-04  -7.6099929E-05   1.1053118E-04   1.7085749E-04   8.5658009E-06  -4.8232794E-05   2.6832941E-02   1.3877424E-01  -6.0179244E-06  -6.3540819E-05   2.9175533E-05  -1.4074237E-04  -3.7860741E-05   2.2528195E-04   1.9945902E-04   2.0191748E-04  -1.4940415E-05
  1.5093589E-05  -2.0890807E-04   2.3125013E-05  -2.8456630E-04  -8.9960684E-04   4.1906159E-04   8.2775757E-05  -2.0516946E-01   3.2381563E-03  -8.5614964E-02   1.3043445E+00   2.4885816E-01  -2.8631913E-01  -8.8434111E-02   9.9483191E-02   5.5292993E-02  -1.0323914E-01  -6.1076538E-02   4.7291151E-02  -2.0917819E-04  -9.9549438E-04   8.6035898E-04  -6.8979562E-04  -2.4625972E-03  -1.2609861E-02   2.9468336E-05  -2.3805039E-05   1.1277470E-02   4.9325557E-03   1.2601799E-03  -2.2567672E-04   5.0532480E-04  -2.5902356E-03  -3.1853544E-03   9.5985298E-04   6.0162797E-04   1.3877424E-01   4.7935796E+00   1.0446762E-03   2.7230319E-04   3.4540684E-05  -8.1944113E-04  -9.8505033E-05  -1.2183252E-02  -3.1499762E-03   2.2663858E-03   2.1857200E-03
  3.0983217E-08  -1.5820956E-07   7.7721620E-09   7.2356956E-07   6.5290075E-07   9.9999745E-08  -2.8505972E-07  -2.2150713E-04   5.1447990E-06  -1.2047935E-04  -1.3946561E-03   7.8383990E-06  -3.3310352E-04  -4.3251354E-05   1.2162269E-04   1.7294462E-04  -2.8920288E-04  -2.7360345E-04  -2.8412725E-04   1.8383454E-06   6.9523741E-07   1.6698571E-06   3.6935838E-07  -7.1260689E-06   5.8446407E-06  -6.1847601E-09   3.0799216E-09   1.4426200E-04   3.4044576E-06   5.0966369E-07   5.0667523E-06  -1.0659087E-06  -6.0766709E-07  -2.9759975E-06  -3.4100790E-06  -8.7293494E-08  -6.0179244E-06   1.0446762E-03   5.5842620E-05  -3.7466191E-07   3.8926593E-07   7.0357067E-07   2.4125920E-06   2.9109624E-06   1.1611212E-07   6.4458257E-07   4.8521981E-07
 -1.0659105E-08  -1.9135128E-07   1.4919475E-08   2.8878462E-07  -2.1704839E-07   4.5451486E-07  -9.9054476E-08  -1.2820626E-04  -1.4167512E-05  -1.8085166E-04   2.9292102E-03   2.0108090E-04  -5.4663889E-04  -8.1071428E-05   4.2925420E-05  -3.3236592E-04   1.5084390E-04   3.8380959E-05   3.3269216E-04  -2.7228524E-06   2.7897904E-06  -9.8745309E-07   1.0695957E-05   7.6061789E-06   1.3350425E-05  -2.8326880E-08   9.9244473E-09   2.0030827E-05   7.1933151E-05   3.5650279E-06   7.3774540E-07   3.7104656E-06  -2.9243340E-06  -2.1683326E-06  -1.9450401E-06   4.2947051E-07  -6.3540819E-05   2.7230319E-04  -3.7466191E-07   4.4126486E-05   7.6859868E-07  -2.0160188E-08  -2.2770170E-07   1.4386785E-06   2.8732866E-06   1.7234763E-06   1.3093866E-07
 -1.4075546E-08  -1.6271991E-08   9.7539710E-09  -4.0850034E-07  -6.7198177E-07   1.3568187E-08   6.2458771E-08   5.1045733E-04  -1.3471866E-05  -3.9269944E-05   1.1593535E-03  -1.2825640E-04  -6.3181983E-04  -1.1581342E-03   2.1797759E-04  -1.2498645E-04  -1.0181527E-04   4.3238275E-06  -1.0047771E-04   1.7066195E-06  -9.1255498E-07   3.8679381E-06  -7.2019313E-06  -1.0680984E-06  -4.2961581E-05   4.4720153E-09  -2.8343946E-08   1.4709734E-05   1.6379878E-06   6.3840786E-05   2.8394616E-06  -2.2917382E-06   5.2832554E-07   1.5443224E-07   1.8005306E-06   3.5374727E-07   2.9175533E-05   3.4540684E-05   3.8926593E-07   7.6859868E-07   4.3002270E-05   1.8319018E-06  -5.6373557E-07  -2.8093995E-07   5.3242750E-06   3.6903163E-06  -1.6333262E-06
  5.1992966E-09  -1.9236580E-07   2.8345305E-08  -4.4701697E-07  -1.3746935E-06   5.4977036E-07  -8.1888060E-08  -1.0288432E-03  -4.7744368E-05   1.8695340E-04  -1.8810065E-03  -9.4278316E-04  -7.3364651E-04   9.3573268E-04  -9.1501297E-05  -2.7947019E-04  -7.3313435E-05   3.0885938E-04   1.4221564E-03   3.7040581E-06  -8.4112751E-06   9.4505115E-06  -9.8671446E-06   5.7060715E-06   1.5140246E-05  -1.3802010E-07   1.4851119E-07   5.8089501E-06   1.6691316E-05   4.5859461E-06   1.1210355E-04   1.1788654E-06   7.2061578E-08  -2.6808953E-06   7.3693981E-08   1.5158162E-07  -1.4074237E-04  -8.1944113E-04   7.0357067E-07  -2.0160188E-08   1.8319018E-06   8.2119039E-05   1.0096772E-06   1.1304843E-08   1.3753401E-06   7.0654539E-06   1.0809146E-05
 -5.1202261E-09  -1.4231661E-07   1.6656708E-08  -2.8647210E-08  -5.6722718E-07  -3.6366675E-08  -1.7949401E-08  -3.3688244E-04  -6.0337375E-05   1.6617538E-04  -1.2107379E-03  -4.0522532E-04  -1.1296200E-03   4.8514833E-05   7.9753366E-05   1.0318891E-04   1.2486851E-04   3.4141953E-04   8.1030007E-04  -2.0606093E-06   3.7667056E-06  -2.5179645E-06   3.7314398E-06  -4.4121449E-06  -4.4304567E-05  -1.3512286E-07  -5.2306057E-08   8.0769650E-06   3.5292954E-06   3.5660594E-06  -6.6130225E-06   1.2903774E-04  -2.6546784E-06  -3.3645649E-06  -1.7492226E-07   1.9009760E-06  -3.7860741E-05  -9.8505033E-05   2.4125920E-06  -2.2770170E-07  -5.6373557E-07   1.0096772E-06   9.7312638E-05  -4.3205060E-07   4.5079956E-07  -2.0364452E-06   1.2136260E-05
 -2.1346166E-08   2.3503278E-07  -6.5220542E-08   2.9296699E-06   4.7071770E-06  -1.4591594E-07  -5.6829979E-07  -1.8921277E-04   4.9427894E-05   5.3155497E-04  -3.9490844E-04   1.6142222E-04   3.2337084E-03   2.4343042E-03  -7.1517520E-04  -2.6138723E-04   4.1440465E-04   7.2462918E-04   4.6631911E-04  -6.6193662E-07   1.1367389E-05  -1.2072995E-05   7.5854590E-06   2.4545746E-06  -2.1559708E-05  -7.8732773E-08  -9.9574468E-09   4.5269358E-06  -2.0984456E-05  -7.8719251E-06   1.6312038E-06  -1.9356667E-05  -2.9122749E-05   2.2123043E-05   5.8530286E-06   3.1365222E-06   2.2528195E-04  -1.2183252E-02   2.9109624E-06   1.4386785E-06  -2.8093995E-07   1.1304843E-08  -4.3205060E-07   2.0708850E-04   2.7252515E-05   1.0954617E-07  -1.6719383E-06
  3.4442199E-08  -4.9335088E-07   5.7644463E-08   5.2896986E-07   1.2444352E-07   1.0743816E-06   3.7810503E-09  -9.3290050E-04   2.2628764E-05  -1.2063446E-04   3.7842570E-03  -1.8647446E-03  -1.2343538E-03  -3.2595719E-04   5.8641997E-04   1.5411849E-04   5.8276938E-05  -1.6709630E-04   3.1752334E-04   8.4348290E-06   1.3272069E-06   2.0423797E-05  -5.8845613E-06   1.0505719E-05  -3.0808268E-05   1.4418387E-07  -2.9785246E-08   4.3146822E-06   8.9850712E-06   2.7883560E-06   7.4571916E-06  -7.8026887E-06   6.4684213E-06  -3.5986557E-05   8.6073755E-06   1.1813388E-05   1.9945902E-04  -3.1499762E-03   1.1611212E-07   2.8732866E-06   5.3242750E-06   1.3753401E-06   4.5079956E-07   2.7252515E-05   1.1391043E-04   6.8446849E-06   4.9704623E-06
  5.1013069E-08  -8.9526206E-07   1.1762294E-07  -2.2372607E-06  -5.8046381E-06   1.3694502E-06   2.6768616E-07   1.1260738E-04   1.3570219E-05   1.0096039E-04   1.2638096E-03  -9.3047207E-04  -5.6525855E-04  -9.1271321E-04   2.2138772E-04  -1.8167135E-04   9.8703646E-05   2.2767161E-04   4.5374925E-04   1.6450727E-05   9.3218959E-06   1.5164721E-05   1.1942631E-05  -8.9311075E-06  -9.1290147E-07   8.2163200E-08   1.2701701E-07   2.2615494E-05   2.3326220E-05   1.2949860E-05   1.8761895E-05   5.0611793E-06   4.9011288E-07  -2.0532505E-07  -4.3409691E-05   1.0907358E-05   2.0191748E-04   2.2663858E-03   6.4458257E-07   1.7234763E-06   3.6903163E-06   7.0654539E-06  -2.0364452E-06   1.0954617E-07   6.8446849E-06   9.2680004E-05   1.2705575E-05
  1.4470607E-07  -1.3983209E-06   2.5292691E-07  -3.0948008E-06  -1.0297293E-05   3.4146952E-06  -5.4868411E-07  -4.5881026E-04  -1.6877567E-05   4.4723817E-04  -1.4165551E-02  -4.1721005E-03  -1.1938098E-03  -4.9939510E-04   2.3327288E-04   2.5755365E-04  -2.2143115E-05   3.0571562E-06   6.1438774E-04   1.0821839E-05   1.1287225E-05  -4.0782011E-07  -4.9910356E-06   2.8965883E-06  -1.2255772E-04  -2.9612088E-07   8.2555798E-08   1.3203173E-05   3.4149479E-05   3.0615172E-05   4.0794878E-05   2.0229160E-05  -1.9818613E-06  -1.9643532E-06   1.4863751E-05  -9.7303018E-05  -1.4940415E-05   2.1857200E-03   4.8521981E-07   1.3093866E-07  -1.6333262E-06   1.0809146E-05   1.2136260E-05  -1.6719383E-06   4.9704623E-06   1.2705575E-05   3.3249863E-04
