# omegabh2 omegach2 theta tau w wa logA ns calPlanck acib217 xi asz143 aps100 aps143 aps143217 aps217 aksz kgal100 kgal143 kgal143217 kgal217 galfTE100 galfTE100143 galfTE100217 galfTE143 galfTE143217 galfTE217 cal0 cal2
  2.0506906E-08  -7.4914234E-08   1.1202014E-08   2.4261352E-07   4.7739113E-09   5.1413202E-06   4.7317260E-07   2.1005428E-07   3.8548585E-08  -6.6300443E-05   2.0517992E-06   3.6531197E-05  -4.8122008E-04  -1.8536180E-04  -7.4039080E-06   2.2697521E-05  -5.3667027E-05   1.0791619E-05  -5.6373492E-06   1.9638631E-05   5.6676404E-05  -6.2093032E-08  -2.8661183E-07   3.7287981E-07  -5.1558891E-07  -6.0188762E-07  -1.2306257E-06   3.8722089E-09  -1.6036525E-09
 -7.4914234E-08   1.1076448E-06  -8.9425577E-08  -2.8150722E-06   5.7240770E-06  -8.7002630E-05  -3.8652178E-06  -2.5127770E-06  -3.5230802E-07   1.3694795E-04   4.2788229E-06  -1.5382750E-04   1.3900370E-03   7.1423432E-04   2.5071474E-04  -6.7510004E-06   1.5250240E-04  -6.6497309E-05   4.9077788E-05  -1.0977273E-04  -2.9031464E-04  -1.8823218E-06   5.2329477E-07  -4.3388527E-06   2.2656201E-06   1.5246052E-06   1.4551970E-06  -4.3033042E-08   6.2526499E-09
  1.1202014E-08  -8.9425577E-08   8.7490375E-08   3.6984387E-07  -2.2988304E-06   1.7689325E-05   7.3024639E-07   3.0790524E-07   5.5165496E-08   1.1020166E-05  -2.1401316E-06   7.7162775E-06  -1.7640385E-04  -1.0557580E-04  -8.4662921E-05  -1.7727331E-05   8.4754209E-06   2.8091041E-05  -1.3779701E-05  -2.6026706E-05  -3.1932780E-05  -3.0596196E-09   2.0832344E-07   5.7636690E-07   1.6301956E-07  -4.8717404E-07  -4.0862721E-06  -4.4941496E-09   2.3911867E-09
  2.4261352E-07  -2.8150722E-06   3.6984387E-07   4.3374282E-05  -4.2028954E-05   3.4369665E-04   7.7573357E-05   8.1908607E-06  -1.1623132E-06  -4.5179082E-04   2.8329472E-07   5.3037455E-04  -8.5113966E-03  -3.1321939E-03  -1.8059155E-03  -1.7539791E-03  -5.7371972E-04   5.6420289E-04  -2.7640406E-04   6.4472468E-04   1.3354280E-03   1.2273584E-06  -1.9471379E-06   2.1368824E-05  -3.5656661E-06  -7.6201005E-07  -2.9213352E-06   1.2520823E-07   6.4486505E-08
  4.7739113E-09   5.7240770E-06  -2.2988304E-06  -4.2028954E-05   5.8156953E-03  -2.0593029E-02  -8.8733980E-05  -1.1747879E-05  -7.6786431E-06  -2.0292596E-02  -6.8047421E-04   9.8633905E-04   1.9600943E-02  -3.4824814E-03  -2.4041805E-02   3.9075913E-03  -3.6294916E-03  -1.8327759E-03   1.9503002E-03   1.8418439E-02   4.2819714E-02   2.8501333E-05  -2.9302854E-05   8.0046165E-05  -2.6478449E-06   6.8814090E-05   1.4148176E-04  -5.6101854E-08   6.9496672E-07
  5.1413202E-06  -8.7002630E-05   1.7689325E-05   3.4369665E-04  -2.0593029E-02   8.6332700E-02   6.2283540E-04   1.9956799E-04   5.9399631E-05   5.7448495E-02   2.9825408E-03   5.0471966E-03  -1.1811278E-01  -3.4042010E-02   9.3325838E-02   1.5518520E-02   6.8527135E-04   1.6940688E-02  -2.1820310E-03  -5.7283428E-02  -1.3327603E-01  -1.0970992E-05  -3.7551955E-05  -5.4881671E-05  -3.2961696E-04  -4.2076373E-04  -1.1828522E-03   3.6379227E-06  -2.2135224E-06
  4.7317260E-07  -3.8652178E-06   7.3024639E-07   7.7573357E-05  -8.8733980E-05   6.2283540E-04   1.6714465E-04   1.1333283E-05   9.5110971E-06  -1.2355311E-03  -9.0499769E-06   1.1444510E-03  -9.7030217E-03  -4.3448521E-03  -1.2158634E-03   2.8658468E-03  -2.0260785E-03   8.6186125E-04  -7.0766366E-04   1.0111952E-03   4.4366312E-03  -2.4368467E-06  -9.5581447E-06   4.6393842E-05  -4.7874472E-06   7.7461855E-06   1.2210246E-06   2.5851672E-07   6.6260896E-09
  2.1005428E-07  -2.5127770E-06   3.0790524E-07   8.1908607E-06  -1.1747879E-05   1.9956799E-04   1.1333283E-05   1.4671438E-05   9.2931501E-07  -3.9177536E-03   1.0976242E-04   1.3147356E-03  -2.4718744E-02  -6.8391259E-03   2.5715016E-03   4.6341163E-03  -2.2480805E-03   3.8221096E-04  -3.6439066E-04   3.4759707E-05   1.6036210E-03   6.3474424E-06   1.0186029E-06   1.8404129E-05  -7.3293719E-06  -6.1397111E-06  -2.2073170E-05   5.7893081E-08  -8.5704816E-08
  3.8548585E-08  -3.5230802E-07   5.5165496E-08  -1.1623132E-06  -7.6786431E-06   5.9399631E-05   9.5110971E-06   9.2931501E-07   6.3680887E-06   5.6500772E-04  -2.7967868E-05   2.0572711E-04   3.5541682E-03   1.3250328E-04   2.0394054E-04   1.7378159E-03  -2.4490618E-04   7.1359551E-05   2.0356071E-04   2.3844621E-04   1.2042133E-03   4.0992174E-07  -2.1310687E-06   6.6281246E-06  -1.5118644E-06   2.4850440E-06   2.0195604E-06  -1.9414341E-08  -4.4802491E-08
 -6.6300443E-05   1.3694795E-04   1.1020166E-05  -4.5179082E-04  -2.0292596E-02   5.7448495E-02  -1.2355311E-03  -3.9177536E-03   5.6500772E-04   4.2824182E+01  -3.9261742E-01  -9.1069430E-01   3.5898072E+01   1.5252064E+00  -1.2926014E+01  -5.2712902E+01  -3.0740947E-01  -8.6524359E-02   1.0584322E+00  -5.2489714E+00  -3.1362342E+01  -3.7111025E-03   3.5661203E-03  -9.0644012E-03   7.6510533E-03   5.9989188E-03  -2.4569584E-02  -2.4023182E-04   8.2865075E-04
  2.0517992E-06   4.2788229E-06  -2.1401316E-06   2.8329472E-07  -6.8047421E-04   2.9825408E-03  -9.0499769E-06   1.0976242E-04  -2.7967868E-05  -3.9261742E-01   8.1056088E-02  -4.9813042E-02  -6.1678107E-01   8.5219461E-01   1.6765644E+00   6.1277011E-01   6.6677459E-02  -1.1820750E-02  -3.8860926E-02   3.1231100E-02   4.5972137E-02   5.3045162E-06  -3.0615645E-04   1.8586687E-03  -7.0661027E-04  -6.6975566E-04   1.3743703E-03   5.9100143E-06  -5.7801292E-06
  3.6531197E-05  -1.5382750E-04   7.7162775E-06   5.3037455E-04   9.8633905E-04   5.0471966E-03   1.1444510E-03   1.3147356E-03   2.0572711E-04  -9.1069430E-01  -4.9813042E-02   3.7344669E+00  -3.0894316E+01  -3.6791064E+00   6.8446413E+00   4.9674046E+00  -2.6059086E+00  -4.4550257E-02   1.6262146E-01   2.7018633E+00   3.4608902E+00   3.5271005E-03   8.4473972E-04  -3.2773554E-03   1.3327164E-03  -3.8171301E-04  -1.6511740E-02   1.3895990E-04  -1.1526757E-05
 -4.8122008E-04   1.3900370E-03  -1.7640385E-04  -8.5113966E-03   1.9600943E-02  -1.1811278E-01  -9.7030217E-03  -2.4718744E-02   3.5541682E-03   3.5898072E+01  -6.1678107E-01  -3.0894316E+01   7.7831335E+02   6.2042028E+01  -6.0775820E+01  -6.1733919E+01   1.4604198E+01  -7.8057596E+00   6.3221290E+00  -1.4161888E+01  -2.8005094E+01  -1.3763823E-02   1.4703128E-03   3.0228155E-02   9.6890509E-03   4.5142366E-02   5.5619379E-02   2.9532497E-03  -1.9251135E-04
 -1.8536180E-04   7.1423432E-04  -1.0557580E-04  -3.1321939E-03  -3.4824814E-03  -3.4042010E-02  -4.3448521E-03  -6.8391259E-03   1.3250328E-04   1.5252064E+00   8.5219461E-01  -3.6791064E+00   6.2042028E+01   6.0721378E+01   3.8422759E+01   1.4494359E+01  -4.2790384E+00  -7.3793217E-01  -2.1507770E+00   1.7759371E+00   2.8866432E+00  -8.1881690E-03  -2.3376095E-03   2.1420988E-02   6.0623430E-03   2.6502606E-03   1.0118960E-01  -7.6421089E-05   1.6252168E-04
 -7.4039080E-06   2.5071474E-04  -8.4662921E-05  -1.8059155E-03  -2.4041805E-02   9.3325838E-02  -1.2158634E-03   2.5715016E-03   2.0394054E-04  -1.2926014E+01   1.6765644E+00   6.8446413E+00  -6.0775820E+01   3.8422759E+01   8.2746913E+01   5.0565327E+01  -1.0616765E+01  -1.1177731E+00  -1.9767615E+00   2.6573099E+00   5.7661857E+00   7.3262582E-03  -6.7437116E-03   3.5980176E-02  -5.6736379E-03   5.5225050E-03   4.5531128E-02   3.5342634E-04  -3.5474239E-04
  2.2697521E-05  -6.7510004E-06  -1.7727331E-05  -1.7539791E-03   3.9075913E-03   1.5518520E-02   2.8658468E-03   4.6341163E-03   1.7378159E-03  -5.2712902E+01   6.1277011E-01   4.9674046E+00  -6.1733919E+01   1.4494359E+01   5.0565327E+01   9.8536956E+01  -8.1341135E+00  -4.6039865E-01  -1.9540443E+00   4.2739959E+00   3.0863008E+01   1.0469117E-02  -5.1551489E-03   7.0261782E-03  -3.2910284E-03   5.2104212E-03   5.4672363E-02   4.3679670E-04  -1.4205553E-03
 -5.3667027E-05   1.5250240E-04   8.4754209E-06  -5.7371972E-04  -3.6294916E-03   6.8527135E-04  -2.0260785E-03  -2.2480805E-03  -2.4490618E-04  -3.0740947E-01   6.6677459E-02  -2.6059086E+00   1.4604198E+01  -4.2790384E+00  -1.0616765E+01  -8.1341135E+00   5.5004058E+00   1.0515375E-01  -1.5337887E-01  -2.0376581E+00  -2.4172119E+00  -3.1600874E-03  -3.0846348E-04  -1.2363017E-04  -3.5709649E-03  -6.8496994E-03  -1.2872446E-02  -9.0870516E-05  -1.6301629E-05
  1.0791619E-05  -6.6497309E-05   2.8091041E-05   5.6420289E-04  -1.8327759E-03   1.6940688E-02   8.6186125E-04   3.8221096E-04   7.1359551E-05  -8.6524359E-02  -1.1820750E-02  -4.4550257E-02  -7.8057596E+00  -7.3793217E-01  -1.1177731E+00  -4.6039865E-01   1.0515375E-01   3.5268300E+00   6.0207813E-01   4.2985206E-01   6.2474432E-01  -1.3786573E-03  -1.4168142E-04  -1.1923764E-03   5.5887699E-04  -5.3879439E-03  -2.0289925E-03   2.2358300E-04  -5.7036370E-06
 -5.6373492E-06   4.9077788E-05  -1.3779701E-05  -2.7640406E-04   1.9503002E-03  -2.1820310E-03  -7.0766366E-04  -3.6439066E-04   2.0356071E-04   1.0584322E+00  -3.8860926E-02   1.6262146E-01   6.3221290E+00  -2.1507770E+00  -1.9767615E+00  -1.9540443E+00  -1.5337887E-01   6.0207813E-01   3.1661292E+00   2.5313757E+00   2.2819158E+00   3.7038343E-03   4.0504239E-04  -4.3481703E-03   2.0313932E-03   3.6138518E-03   9.0120287E-03  -1.6244389E-04  -6.9052110E-05
  1.9638631E-05  -1.0977273E-04  -2.6026706E-05   6.4472468E-04   1.8418439E-02  -5.7283428E-02   1.0111952E-03   3.4759707E-05   2.3844621E-04  -5.2489714E+00   3.1231100E-02   2.7018633E+00  -1.4161888E+01   1.7759371E+00   2.6573099E+00   4.2739959E+00  -2.0376581E+00   4.2985206E-01   2.5313757E+00   1.0537730E+01   1.8805681E+01   5.0610784E-03   2.2371973E-03   6.4887344E-04   4.7438243E-03  -3.0402717E-04   9.7352687E-03   2.4908443E-05   3.9342806E-04
  5.6676404E-05  -2.9031464E-04  -3.1932780E-05   1.3354280E-03   4.2819714E-02  -1.3327603E-01   4.4366312E-03   1.6036210E-03   1.2042133E-03  -3.1362342E+01   4.5972137E-02   3.4608902E+00  -2.8005094E+01   2.8866432E+00   5.7661857E+00   3.0863008E+01  -2.4172119E+00   6.2474432E-01   2.2819158E+00   1.8805681E+01   5.2028711E+01   6.0685377E-03   9.3946546E-04   1.3494340E-02   5.0622445E-03   1.6224460E-03   3.9353853E-02   1.4146870E-04   8.6047682E-04
 -6.2093032E-08  -1.8823218E-06  -3.0596196E-09   1.2273584E-06   2.8501333E-05  -1.0970992E-05  -2.4368467E-06   6.3474424E-06   4.0992174E-07  -3.7111025E-03   5.3045162E-06   3.5271005E-03  -1.3763823E-02  -8.1881690E-03   7.3262582E-03   1.0469117E-02  -3.1600874E-03  -1.3786573E-03   3.7038343E-03   5.0610784E-03   6.0685377E-03   1.4849308E-03   2.9661838E-04   1.6986441E-04  -3.0218934E-04  -5.2317223E-07  -3.6776574E-04   1.0371412E-07  -6.7178127E-07
 -2.8661183E-07   5.2329477E-07   2.0832344E-07  -1.9471379E-06  -2.9302854E-05  -3.7551955E-05  -9.5581447E-06   1.0186029E-06  -2.1310687E-06   3.5661203E-03  -3.0615645E-04   8.4473972E-04   1.4703128E-03  -2.3376095E-03  -6.7437116E-03  -5.1551489E-03  -3.0846348E-04  -1.4168142E-04   4.0504239E-04   2.2371973E-03   9.3946546E-04   2.9661838E-04   8.7703613E-04   1.0734050E-04   7.9946994E-04   9.8063103E-05  -8.8727325E-04  -5.9527561E-07  -7.8109878E-07
  3.7287981E-07  -4.3388527E-06   5.7636690E-07   2.1368824E-05   8.0046165E-05  -5.4881671E-05   4.6393842E-05   1.8404129E-05   6.6281246E-06  -9.0644012E-03   1.8586687E-03  -3.2773554E-03   3.0228155E-02   2.1420988E-02   3.5980176E-02   7.0261782E-03  -1.2363017E-04  -1.1923764E-03  -4.3481703E-03   6.4887344E-04   1.3494340E-02   1.6986441E-04   1.0734050E-04   7.4275703E-03  -2.2495497E-04   4.5905886E-04   4.4936707E-03  -1.3258113E-06  -7.4007304E-07
 -5.1558891E-07   2.2656201E-06   1.6301956E-07  -3.5656661E-06  -2.6478449E-06  -3.2961696E-04  -4.7874472E-06  -7.3293719E-06  -1.5118644E-06   7.6510533E-03  -7.0661027E-04   1.3327164E-03   9.6890509E-03   6.0623430E-03  -5.6736379E-03  -3.2910284E-03  -3.5709649E-03   5.5887699E-04   2.0313932E-03   4.7438243E-03   5.0622445E-03  -3.0218934E-04   7.9946994E-04  -2.2495497E-04   2.9309752E-03   3.6634633E-04  -1.3335327E-03  -6.3260678E-07  -1.4038122E-07
 -6.0188762E-07   1.5246052E-06  -4.8717404E-07  -7.6201005E-07   6.8814090E-05  -4.2076373E-04   7.7461855E-06  -6.1397111E-06   2.4850440E-06   5.9989188E-03  -6.6975566E-04  -3.8171301E-04   4.5142366E-02   2.6502606E-03   5.5225050E-03   5.2104212E-03  -6.8496994E-03  -5.3879439E-03   3.6138518E-03  -3.0402717E-04   1.6224460E-03  -5.2317223E-07   9.8063103E-05   4.5905886E-04   3.6634633E-04   6.0564264E-03   7.9170013E-03  -1.8513283E-06  -3.7988371E-07
 -1.2306257E-06   1.4551970E-06  -4.0862721E-06  -2.9213352E-06   1.4148176E-04  -1.1828522E-03   1.2210246E-06  -2.2073170E-05   2.0195604E-06  -2.4569584E-02   1.3743703E-03  -1.6511740E-02   5.5619379E-02   1.0118960E-01   4.5531128E-02   5.4672363E-02  -1.2872446E-02  -2.0289925E-03   9.0120287E-03   9.7352687E-03   3.9353853E-02  -3.6776574E-04  -8.8727325E-04   4.4936707E-03  -1.3335327E-03   7.9170013E-03   7.3553566E-02  -1.5102177E-06  -6.7292379E-06
  3.8722089E-09  -4.3033042E-08  -4.4941496E-09   1.2520823E-07  -5.6101854E-08   3.6379227E-06   2.5851672E-07   5.7893081E-08  -1.9414341E-08  -2.4023182E-04   5.9100143E-06   1.3895990E-04   2.9532497E-03  -7.6421089E-05   3.5342634E-04   4.3679670E-04  -9.0870516E-05   2.2358300E-04  -1.6244389E-04   2.4908443E-05   1.4146870E-04   1.0371412E-07  -5.9527561E-07  -1.3258113E-06  -6.3260678E-07  -1.8513283E-06  -1.5102177E-06   3.7526101E-07   3.9734842E-09
 -1.6036525E-09   6.2526499E-09   2.3911867E-09   6.4486505E-08   6.9496672E-07  -2.2135224E-06   6.6260896E-09  -8.5704816E-08  -4.4802491E-08   8.2865075E-04  -5.7801292E-06  -1.1526757E-05  -1.9251135E-04   1.6252168E-04  -3.5474239E-04  -1.4205553E-03  -1.6301629E-05  -5.7036370E-06  -6.9052110E-05   3.9342806E-04   8.6047682E-04  -6.7178127E-07  -7.8109878E-07  -7.4007304E-07  -1.4038122E-07  -3.7988371E-07  -6.7292379E-06   3.9734842E-09   4.0415958E-07
