# omegabh2 omegach2 theta tau logA ns calPlanck acib217 xi asz143 aps100 aps143 aps143217 aps217 aksz kgal100 kgal143 kgal143217 kgal217 galfEE100 galfEE100143 galfEE100217 galfEE143 galfEE143217 galfEE217 galfTE100 galfTE100143 galfTE100217 galfTE143 galfTE143217 galfTE217 cal0 cal2
    0.2145609E-07   -0.8137886E-07    0.1401254E-07    0.1096659E-05    0.2100112E-05    0.2510000E-06    0.1234908E-07   -0.1340616E-03    0.3149127E-05    0.2551390E-04   -0.4862538E-03   -0.2261751E-03   -0.6884688E-05    0.7496067E-04   -0.4264109E-04   -0.6655320E-05   -0.1446310E-04   -0.2486221E-04    0.7539714E-05    0.1109701E-07    0.3488422E-07    0.5963576E-07    0.4912579E-07   -0.4192988E-07    0.2180448E-06   -0.1128627E-06   -0.2575557E-07   -0.2947170E-06   -0.5701127E-07   -0.4647251E-06   -0.3101360E-05    0.2976726E-08   -0.1133442E-07
   -0.8137886E-07    0.1266178E-05   -0.8681459E-07   -0.1050048E-04   -0.1778340E-04   -0.3299149E-05    0.3324323E-07    0.2959599E-03   -0.8407488E-05   -0.9304905E-04    0.1860238E-02    0.8937918E-03    0.2323839E-03    0.1130079E-03    0.1760877E-03    0.5452036E-05    0.3830159E-04    0.6336168E-04    0.6504080E-04   -0.3556218E-06   -0.4599552E-06    0.1109184E-06   -0.4675822E-06    0.6066900E-06    0.2612737E-05    0.2605559E-06    0.2087990E-06   -0.1589252E-07    0.6258130E-06    0.2549460E-05    0.1163723E-04   -0.7121624E-08    0.2039066E-07
    0.1401254E-07   -0.8681459E-07    0.9101664E-07    0.1163625E-05    0.2187163E-05    0.3810835E-06   -0.7817809E-08   -0.6467776E-04    0.1066256E-05    0.1040381E-04   -0.3369046E-03   -0.9551290E-04   -0.3217660E-04    0.2318213E-04   -0.1739486E-04   -0.1582030E-05   -0.1021952E-04   -0.7840605E-06    0.1342620E-04   -0.3171978E-08    0.1436347E-07   -0.2288672E-06   -0.3625651E-08   -0.7429995E-07   -0.1829736E-06    0.1915323E-07   -0.1743766E-07    0.7338191E-07    0.2946117E-08   -0.1941509E-06   -0.2139375E-05    0.1052219E-08   -0.5960824E-09
    0.1096659E-05   -0.1050048E-04    0.1163625E-05    0.5036304E-03    0.9695095E-03    0.4903576E-04   -0.5073662E-05   -0.1922567E-01    0.4592443E-03    0.3371062E-02   -0.8362746E-01   -0.2743241E-01    0.2476285E-02    0.1396820E-01   -0.8317515E-02   -0.8339811E-03   -0.2952379E-02   -0.5885728E-02   -0.4770293E-02   -0.6286958E-06    0.1140575E-05    0.6273566E-05    0.1802371E-05   -0.9929832E-05    0.4194089E-04    0.3007869E-05   -0.6020426E-05   -0.3710154E-04   -0.1507194E-04   -0.4142505E-04   -0.1850248E-03    0.2255992E-06   -0.2309886E-05
    0.2100112E-05   -0.1778340E-04    0.2187163E-05    0.9695095E-03    0.1901214E-02    0.8786770E-04    0.2851381E-05   -0.3719210E-01    0.9596245E-03    0.6785618E-02   -0.1572741E+00   -0.5119767E-01    0.9679267E-02    0.3414112E-01   -0.1714337E-01   -0.1893962E-02   -0.6273472E-02   -0.1236340E-01   -0.8695625E-02   -0.1231449E-05    0.1507427E-05    0.1058133E-04    0.3926279E-05   -0.2170448E-04    0.7307738E-04    0.4111584E-05   -0.1071277E-04   -0.8176536E-04   -0.2170052E-04   -0.8092996E-04   -0.3499537E-03    0.7227912E-06   -0.4659897E-05
    0.2510000E-06   -0.3299149E-05    0.3810835E-06    0.4903576E-04    0.8786770E-04    0.1870379E-04   -0.1238265E-06   -0.5324143E-02    0.1522403E-03    0.1026161E-02   -0.2810093E-01   -0.6886182E-02    0.2673266E-02    0.5450519E-02   -0.2532444E-02    0.2576580E-03   -0.3846513E-03   -0.6208951E-03    0.3998234E-03    0.2276814E-05    0.2729235E-05   -0.5081059E-06    0.2822921E-05   -0.2636206E-05   -0.5141528E-05   -0.5476613E-05   -0.9962423E-06    0.1716619E-05   -0.3095616E-06   -0.6034536E-05   -0.3143639E-04   -0.1432428E-06   -0.3730504E-06
    0.1234908E-07    0.3324323E-07   -0.7817809E-08   -0.5073662E-05    0.2851381E-05   -0.1238265E-06    0.6363357E-05    0.1113418E-02    0.9320865E-06    0.1014774E-03    0.3986792E-02    0.6213947E-03    0.8677986E-03    0.1270956E-02   -0.1135260E-03    0.2160725E-04    0.3407435E-04   -0.9411103E-04    0.4232698E-03    0.8101766E-06    0.4359440E-06   -0.6821281E-06    0.9208167E-06   -0.8818865E-06   -0.8707953E-05   -0.2092980E-05    0.1090051E-06   -0.2264360E-05    0.3290458E-05   -0.1583980E-05    0.5252345E-05    0.1921452E-07    0.7746576E-09
   -0.1340616E-03    0.2959599E-03   -0.6467776E-04   -0.1922567E-01   -0.3719210E-01   -0.5324143E-02    0.1113418E-02    0.4268184E+02   -0.5330165E+00   -0.1740625E+01    0.4082996E+02   -0.2500703E+00   -0.2232145E+02   -0.6032967E+02    0.4440217E+00   -0.8511421E-01    0.1869240E+00   -0.1880832E+01   -0.1779433E+02    0.6833793E-03   -0.5568876E-03   -0.3883942E-02   -0.2118060E-03    0.3562243E-02    0.8127088E-03    0.3367040E-02    0.3324760E-02    0.1572312E-02    0.1511712E-02    0.6720244E-02    0.4234873E-02   -0.3382402E-03    0.4280744E-02
    0.3149127E-05   -0.8407488E-05    0.1066256E-05    0.4592443E-03    0.9596245E-03    0.1522403E-03    0.9320865E-06   -0.5330165E+00    0.7935249E-01   -0.5264627E-01   -0.6332025E+00    0.1006225E+01    0.1955152E+01    0.8591269E+00    0.4381433E-01   -0.4884435E-02    0.2052557E-02    0.9948616E-01    0.1077904E+00   -0.4490623E-06    0.1382151E-04    0.1716994E-04    0.2751283E-05   -0.8189776E-04    0.3716868E-03   -0.1417596E-03   -0.1320586E-04    0.1581455E-03    0.1563407E-03   -0.4588369E-04   -0.8657874E-03    0.9240479E-05   -0.2161133E-04
    0.2551390E-04   -0.9304905E-04    0.1040381E-04    0.3371062E-02    0.6785618E-02    0.1026161E-02    0.1014774E-03   -0.1740625E+01   -0.5264627E-01    0.3485535E+01   -0.2772511E+02   -0.3907917E+01    0.7312902E+01    0.6141792E+01   -0.2166618E+01   -0.1501183E+00    0.7156379E-01    0.2176479E+01    0.2033129E+01    0.1020590E-05    0.2431936E-03   -0.7603673E-03    0.3685915E-03   -0.1133563E-02    0.3015701E-02   -0.1349683E-03    0.8346661E-03   -0.1689216E-03    0.8151729E-04    0.2704813E-02    0.4587893E-02    0.1776092E-03   -0.3238898E-03
   -0.4862538E-03    0.1860238E-02   -0.3369046E-03   -0.8362746E-01   -0.1572741E+00   -0.2810093E-01    0.3986792E-02    0.4082996E+02   -0.6332025E+00   -0.2772511E+02    0.7498538E+03    0.6468339E+02   -0.6200546E+02   -0.6781423E+02    0.1197864E+02   -0.3330037E+01    0.3060719E+01   -0.1149281E+02   -0.1597157E+02   -0.2374298E-02   -0.4158590E-02    0.2358498E-04   -0.2613009E-02    0.1534676E-01    0.1157615E-01   -0.5340343E-03   -0.5284363E-02   -0.4695006E-02    0.7890035E-02    0.3979266E-02    0.1072683E+00    0.5806687E-02    0.3298497E-02
   -0.2261751E-03    0.8937918E-03   -0.9551290E-04   -0.2743241E-01   -0.5119767E-01   -0.6886182E-02    0.6213947E-03   -0.2500703E+00    0.1006225E+01   -0.3907917E+01    0.6468339E+02    0.5887993E+02    0.4275442E+02    0.1699383E+02   -0.3581157E+01   -0.1249332E+00   -0.1043945E+01    0.3577925E+01    0.3639670E+01   -0.1517652E-02   -0.8363254E-03   -0.4720946E-02   -0.9780860E-03   -0.4742188E-02    0.7499625E-02    0.2732457E-02   -0.1883829E-02    0.2872367E-02   -0.1844600E-02    0.4097587E-02    0.9508885E-02    0.5252191E-04    0.6382764E-04
   -0.6884688E-05    0.2323839E-03   -0.3217660E-04    0.2476285E-02    0.9679267E-02    0.2673266E-02    0.8677986E-03   -0.2232145E+02    0.1955152E+01    0.7312902E+01   -0.6200546E+02    0.4275442E+02    0.9848762E+02    0.6577331E+02   -0.1007501E+02   -0.4822776E+00   -0.3704455E+00    0.4293881E+01    0.5010977E+01   -0.1415926E-02    0.7655745E-03   -0.6854031E-02    0.7854429E-03   -0.8728634E-02    0.1656387E-01   -0.3291209E-02   -0.9209276E-03    0.2036506E-02    0.1498261E-02    0.1015010E-01    0.1407519E-01    0.7186142E-03   -0.2504865E-02
    0.7496067E-04    0.1130079E-03    0.2318213E-04    0.1396820E-01    0.3414112E-01    0.5450519E-02    0.1270956E-02   -0.6032967E+02    0.8591269E+00    0.6141792E+01   -0.6781423E+02    0.1699383E+02    0.6577331E+02    0.1183092E+03   -0.8441680E+01   -0.1507996E+00   -0.3792595E+00   -0.1037572E+01    0.1402290E+02   -0.1579081E-02    0.1196051E-02   -0.1594005E-02    0.5427768E-03   -0.1013750E-01    0.6227112E-03   -0.4814782E-02   -0.6269692E-02    0.1352051E-02   -0.4685668E-02    0.1111309E-02    0.4946621E-01    0.6955540E-03   -0.7515684E-02
   -0.4264109E-04    0.1760877E-03   -0.1739486E-04   -0.8317515E-02   -0.1714337E-01   -0.2532444E-02   -0.1135260E-03    0.4440217E+00    0.4381433E-01   -0.2166618E+01    0.1197864E+02   -0.3581157E+01   -0.1007501E+02   -0.8441680E+01    0.4924483E+01    0.9507708E-01   -0.2420411E-01   -0.1677571E+01   -0.1608188E+01    0.1338385E-03   -0.4151933E-03    0.2441833E-02   -0.6316255E-03    0.3121038E-02   -0.5154318E-02    0.5531278E-03   -0.2091287E-03    0.2695178E-02    0.6457682E-04   -0.3767338E-02    0.1782142E-02   -0.8980826E-04    0.7199795E-04
   -0.6655320E-05    0.5452036E-05   -0.1582030E-05   -0.8339811E-03   -0.1893962E-02    0.2576580E-03    0.2160725E-04   -0.8511421E-01   -0.4884435E-02   -0.1501183E+00   -0.3330037E+01   -0.1249332E+00   -0.4822776E+00   -0.1507996E+00    0.9507708E-01    0.3585781E+01    0.3865737E+00    0.1247473E+00    0.2210411E+00    0.1129446E-03    0.1779307E-03    0.9471235E-03    0.1900278E-03    0.1827430E-03   -0.3927239E-02   -0.4152511E-03    0.1605482E-03    0.6800274E-03   -0.1009901E-02   -0.8296942E-03   -0.1417966E-01    0.3249358E-03   -0.2440501E-04
   -0.1446310E-04    0.3830159E-04   -0.1021952E-04   -0.2952379E-02   -0.6273472E-02   -0.3846513E-03    0.3407435E-04    0.1869240E+00    0.2052557E-02    0.7156379E-01    0.3060719E+01   -0.1043945E+01   -0.3704455E+00   -0.3792595E+00   -0.2420411E-01    0.3865737E+00    0.3402490E+01    0.2687325E+01    0.1850584E+01    0.1063694E-03   -0.4333255E-04    0.1257878E-02    0.5579365E-04    0.2232135E-03   -0.8472835E-03    0.3003631E-03    0.9676813E-03   -0.4989020E-03    0.2802973E-02    0.2955390E-02    0.3511531E-02   -0.3003091E-03   -0.1674812E-03
   -0.2486221E-04    0.6336168E-04   -0.7840605E-06   -0.5885728E-02   -0.1236340E-01   -0.6208951E-03   -0.9411103E-04   -0.1880832E+01    0.9948616E-01    0.2176479E+01   -0.1149281E+02    0.3577925E+01    0.4293881E+01   -0.1037572E+01   -0.1677571E+01    0.1247473E+00    0.2687325E+01    0.1735684E+02    0.2593086E+02   -0.2127089E-03   -0.4893162E-04   -0.1076681E-02    0.3379013E-03   -0.1811568E-02    0.6436157E-02    0.3166134E-03    0.2007769E-02   -0.3235053E-02    0.3582275E-02    0.3545344E-02    0.3328114E-02   -0.1455184E-05    0.2629945E-02
    0.7539714E-05    0.6504080E-04    0.1342620E-04   -0.4770293E-02   -0.8695625E-02    0.3998234E-03    0.4232698E-03   -0.1779433E+02    0.1077904E+00    0.2033129E+01   -0.1597157E+02    0.3639670E+01    0.5010977E+01    0.1402290E+02   -0.1608188E+01    0.2210411E+00    0.1850584E+01    0.2593086E+02    0.5425679E+02   -0.6948089E-03    0.1799394E-03   -0.2395116E-03    0.7440981E-03   -0.2152942E-02    0.9442671E-02   -0.2576020E-02    0.6221574E-03   -0.9341986E-02    0.4975300E-02   -0.3430162E-02   -0.1950593E-01    0.1330126E-03    0.4658609E-02
    0.1109701E-07   -0.3556218E-06   -0.3171978E-08   -0.6286958E-06   -0.1231449E-05    0.2276814E-05    0.8101766E-06    0.6833793E-03   -0.4490623E-06    0.1020590E-05   -0.2374298E-02   -0.1517652E-02   -0.1415926E-02   -0.1579081E-02    0.1338385E-03    0.1129446E-03    0.1063694E-03   -0.2127089E-03   -0.6948089E-03    0.3230916E-04    0.8651767E-05    0.6422353E-07    0.2749584E-05   -0.2471983E-05   -0.6651671E-05   -0.4581514E-05   -0.1494243E-05    0.1513087E-05   -0.4875934E-06    0.5375827E-05    0.1221414E-04   -0.1070413E-06   -0.1739470E-08
    0.3488422E-07   -0.4599552E-06    0.1436347E-07    0.1140575E-05    0.1507427E-05    0.2729235E-05    0.4359440E-06   -0.5568876E-03    0.1382151E-04    0.2431936E-03   -0.4158590E-02   -0.8363254E-03    0.7655745E-03    0.1196051E-02   -0.4151933E-03    0.1779307E-03   -0.4333255E-04   -0.4893162E-04    0.1799394E-03    0.8651767E-05    0.2462824E-04   -0.4064579E-05    0.1182814E-04   -0.2361242E-05   -0.1756405E-05   -0.2578633E-05   -0.3778854E-05    0.7430365E-05   -0.4964920E-05   -0.1464131E-05    0.4079787E-05   -0.4935883E-07   -0.8215479E-08
    0.5963576E-07    0.1109184E-06   -0.2288672E-06    0.6273566E-05    0.1058133E-04   -0.5081059E-06   -0.6821281E-06   -0.3883942E-02    0.1716994E-04   -0.7603673E-03    0.2358498E-04   -0.4720946E-02   -0.6854031E-02   -0.1594005E-02    0.2441833E-02    0.9471235E-03    0.1257878E-02   -0.1076681E-02   -0.2395116E-03    0.6422353E-07   -0.4064579E-05    0.1072605E-02   -0.1380390E-06    0.2812373E-04    0.5871461E-04    0.2097711E-04   -0.3520184E-05    0.1047392E-04   -0.2483337E-04   -0.3536098E-04   -0.7661716E-04   -0.2355877E-06   -0.6831519E-06
    0.4912579E-07   -0.4675822E-06   -0.3625651E-08    0.1802371E-05    0.3926279E-05    0.2822921E-05    0.9208167E-06   -0.2118060E-03    0.2751283E-05    0.3685915E-03   -0.2613009E-02   -0.9780860E-03    0.7854429E-03    0.5427768E-03   -0.6316255E-03    0.1900278E-03    0.5579365E-04    0.3379013E-03    0.7440981E-03    0.2749584E-05    0.1182814E-04   -0.1380390E-06    0.4739882E-04    0.3835172E-05    0.2061644E-06    0.2835702E-05   -0.3437108E-05    0.8970108E-06   -0.1362493E-04   -0.1939919E-05   -0.3100628E-05    0.3166443E-07    0.1142090E-06
   -0.4192988E-07    0.6066900E-06   -0.7429995E-07   -0.9929832E-05   -0.2170448E-04   -0.2636206E-05   -0.8818865E-06    0.3562243E-02   -0.8189776E-04   -0.1133563E-02    0.1534676E-01   -0.4742188E-02   -0.8728634E-02   -0.1013750E-01    0.3121038E-02    0.1827430E-03    0.2232135E-03   -0.1811568E-02   -0.2152942E-02   -0.2471983E-05   -0.2361242E-05    0.2812373E-04    0.3835172E-05    0.2120644E-02    0.1764887E-03    0.1585859E-05    0.1294184E-04    0.2581707E-04    0.2931518E-04    0.9091663E-04    0.1556993E-03    0.4455207E-06    0.2742431E-06
    0.2180448E-06    0.2612737E-05   -0.1829736E-06    0.4194089E-04    0.7307738E-04   -0.5141528E-05   -0.8707953E-05    0.8127088E-03    0.3716868E-03    0.3015701E-02    0.1157615E-01    0.7499625E-02    0.1656387E-01    0.6227112E-03   -0.5154318E-02   -0.3927239E-02   -0.8472835E-03    0.6436157E-02    0.9442671E-02   -0.6651671E-05   -0.1756405E-05    0.5871461E-04    0.2061644E-06    0.1764887E-03    0.1626680E-01   -0.3256158E-05   -0.1943533E-04   -0.6654952E-04   -0.7581588E-06   -0.2368040E-03   -0.5069392E-03    0.1020028E-05    0.4921773E-06
   -0.1128627E-06    0.2605559E-06    0.1915323E-07    0.3007869E-05    0.4111584E-05   -0.5476613E-05   -0.2092980E-05    0.3367040E-02   -0.1417596E-03   -0.1349683E-03   -0.5340343E-03    0.2732457E-02   -0.3291209E-02   -0.4814782E-02    0.5531278E-03   -0.4152511E-03    0.3003631E-03    0.3166134E-03   -0.2576020E-02   -0.4581514E-05   -0.2578633E-05    0.2097711E-04    0.2835702E-05    0.1585859E-05   -0.3256158E-05    0.1441104E-02    0.2959009E-03    0.9077276E-04   -0.3660528E-03   -0.6618867E-04   -0.2260187E-03   -0.3517384E-06   -0.7146600E-06
   -0.2575557E-07    0.2087990E-06   -0.1743766E-07   -0.6020426E-05   -0.1071277E-04   -0.9962423E-06    0.1090051E-06    0.3324760E-02   -0.1320586E-04    0.8346661E-03   -0.5284363E-02   -0.1883829E-02   -0.9209276E-03   -0.6269692E-02   -0.2091287E-03    0.1605482E-03    0.9676813E-03    0.2007769E-02    0.6221574E-03   -0.1494243E-05   -0.3778854E-05   -0.3520184E-05   -0.3437108E-05    0.1294184E-04   -0.1943533E-04    0.2959009E-03    0.8500927E-03   -0.1456630E-04    0.7538294E-03   -0.2939404E-05   -0.7843588E-03   -0.1734322E-06    0.5637978E-06
   -0.2947170E-06   -0.1589252E-07    0.7338191E-07   -0.3710154E-04   -0.8176536E-04    0.1716619E-05   -0.2264360E-05    0.1572312E-02    0.1581455E-03   -0.1689216E-03   -0.4695006E-02    0.2872367E-02    0.2036506E-02    0.1352051E-02    0.2695178E-02    0.6800274E-03   -0.4989020E-03   -0.3235053E-02   -0.9341986E-02    0.1513087E-05    0.7430365E-05    0.1047392E-04    0.8970108E-06    0.2581707E-04   -0.6654952E-04    0.9077276E-04   -0.1456630E-04    0.7114276E-02   -0.3369722E-03    0.6022928E-03    0.4753451E-02    0.3746453E-06   -0.1673535E-05
   -0.5701127E-07    0.6258130E-06    0.2946117E-08   -0.1507194E-04   -0.2170052E-04   -0.3095616E-06    0.3290458E-05    0.1511712E-02    0.1563407E-03    0.8151729E-04    0.7890035E-02   -0.1844600E-02    0.1498261E-02   -0.4685668E-02    0.6457682E-04   -0.1009901E-02    0.2802973E-02    0.3582275E-02    0.4975300E-02   -0.4875934E-06   -0.4964920E-05   -0.2483337E-04   -0.1362493E-04    0.2931518E-04   -0.7581588E-06   -0.3660528E-03    0.7538294E-03   -0.3369722E-03    0.2909824E-02    0.4056580E-03   -0.8986775E-03    0.3402060E-06    0.1116071E-05
   -0.4647251E-06    0.2549460E-05   -0.1941509E-06   -0.4142505E-04   -0.8092996E-04   -0.6034536E-05   -0.1583980E-05    0.6720244E-02   -0.4588369E-04    0.2704813E-02    0.3979266E-02    0.4097587E-02    0.1015010E-01    0.1111309E-02   -0.3767338E-02   -0.8296942E-03    0.2955390E-02    0.3545344E-02   -0.3430162E-02    0.5375827E-05   -0.1464131E-05   -0.3536098E-04   -0.1939919E-05    0.9091663E-04   -0.2368040E-03   -0.6618867E-04   -0.2939404E-05    0.6022928E-03    0.4056580E-03    0.6311658E-02    0.7757803E-02    0.7114510E-06   -0.6263610E-06
   -0.3101360E-05    0.1163723E-04   -0.2139375E-05   -0.1850248E-03   -0.3499537E-03   -0.3143639E-04    0.5252345E-05    0.4234873E-02   -0.8657874E-03    0.4587893E-02    0.1072683E+00    0.9508885E-02    0.1407519E-01    0.4946621E-01    0.1782142E-02   -0.1417966E-01    0.3511531E-02    0.3328114E-02   -0.1950593E-01    0.1221414E-04    0.4079787E-05   -0.7661716E-04   -0.3100628E-05    0.1556993E-03   -0.5069392E-03   -0.2260187E-03   -0.7843588E-03    0.4753451E-02   -0.8986775E-03    0.7757803E-02    0.6847422E-01    0.3025933E-05   -0.9176065E-05
    0.2976726E-08   -0.7121624E-08    0.1052219E-08    0.2255992E-06    0.7227912E-06   -0.1432428E-06    0.1921452E-07   -0.3382402E-03    0.9240479E-05    0.1776092E-03    0.5806687E-02    0.5252191E-04    0.7186142E-03    0.6955540E-03   -0.8980826E-04    0.3249358E-03   -0.3003091E-03   -0.1455184E-05    0.1330126E-03   -0.1070413E-06   -0.4935883E-07   -0.2355877E-06    0.3166443E-07    0.4455207E-06    0.1020028E-05   -0.3517384E-06   -0.1734322E-06    0.3746453E-06    0.3402060E-06    0.7114510E-06    0.3025933E-05    0.5980959E-06   -0.1014784E-07
   -0.1133442E-07    0.2039066E-07   -0.5960824E-09   -0.2309886E-05   -0.4659897E-05   -0.3730504E-06    0.7746576E-09    0.4280744E-02   -0.2161133E-04   -0.3238898E-03    0.3298497E-02    0.6382764E-04   -0.2504865E-02   -0.7515684E-02    0.7199795E-04   -0.2440501E-04   -0.1674812E-03    0.2629945E-02    0.4658609E-02   -0.1739470E-08   -0.8215479E-08   -0.6831519E-06    0.1142090E-06    0.2742431E-06    0.4921773E-06   -0.7146600E-06    0.5637978E-06   -0.1673535E-05    0.1116071E-05   -0.6263610E-06   -0.9176065E-05   -0.1014784E-07    0.2098221E-05
