# omegabh2 omegach2 theta tau logA ns r calPlanck galfEE100 galfEE100143 galfEE100217 galfEE143 galfEE143217 galfEE217
    0.1860825E-05   -0.5492059E-05    0.4184484E-06    0.1137355E-05    0.1065772E-04    0.1304018E-04    0.8752205E-06   -0.3108541E-07   -0.3046501E-06   -0.3351409E-06    0.1263825E-05   -0.2775560E-06    0.1062068E-05    0.1527190E-05
   -0.5492059E-05    0.2278882E-04   -0.1665803E-05   -0.8558677E-05   -0.1555554E-04   -0.5452453E-04   -0.4845837E-04    0.3195127E-07   -0.1597894E-05   -0.2018756E-05   -0.4775052E-05   -0.2348115E-05   -0.7750104E-05   -0.1193566E-04
    0.4184484E-06   -0.1665803E-05    0.8793032E-06    0.4324373E-06    0.1669168E-06    0.4762254E-05    0.5083256E-05    0.3847222E-09    0.9320746E-07    0.1282810E-06    0.3045902E-06    0.2254923E-06   -0.8730414E-08    0.1661881E-05
    0.1137355E-05   -0.8558677E-05    0.4324373E-06    0.4287489E-03    0.8497020E-03    0.4766369E-04   -0.1212468E-03    0.8931969E-06    0.6145700E-05    0.7385185E-05    0.4602242E-05    0.7843073E-05   -0.3078841E-05    0.1773987E-04
    0.1065772E-04   -0.1555554E-04    0.1669168E-06    0.8497020E-03    0.1876265E-02    0.1041299E-03   -0.4164641E-03    0.1366296E-04    0.1862185E-05    0.1335222E-05    0.1159384E-04    0.3044839E-05   -0.3544901E-04   -0.2126807E-04
    0.1304018E-04   -0.5452453E-04    0.4762254E-05    0.4766369E-04    0.1041299E-03    0.2258042E-03    0.2964006E-03   -0.1623517E-06    0.1479602E-04    0.1647279E-04    0.1039430E-04    0.1764071E-04   -0.3185390E-05   -0.1016714E-04
    0.8752205E-06   -0.4845837E-04    0.5083256E-05   -0.1212468E-03   -0.4164641E-03    0.2964006E-03    0.3964596E-02   -0.3707667E-06   -0.1399128E-04   -0.1419373E-04   -0.7340688E-05   -0.1165002E-04   -0.7192478E-05   -0.3573690E-06
   -0.3108541E-07    0.3195127E-07    0.3847222E-09    0.8931969E-06    0.1366296E-04   -0.1623517E-06   -0.3707667E-06    0.6102709E-05    0.6752773E-06    0.3601154E-06    0.1355847E-05    0.1043666E-05    0.1432256E-06    0.2504235E-05
   -0.3046501E-06   -0.1597894E-05    0.9320746E-07    0.6145700E-05    0.1862185E-05    0.1479602E-04   -0.1399128E-04    0.6752773E-06    0.3499689E-04    0.1225548E-04    0.9024387E-06    0.6468647E-05   -0.3636065E-05    0.4779031E-05
   -0.3351409E-06   -0.2018756E-05    0.1282810E-06    0.7385185E-05    0.1335222E-05    0.1647279E-04   -0.1419373E-04    0.3601154E-06    0.1225548E-04    0.2911103E-04    0.1692837E-05    0.1664148E-04   -0.4947449E-07    0.7771965E-06
    0.1263825E-05   -0.4775052E-05    0.3045902E-06    0.4602242E-05    0.1159384E-04    0.1039430E-04   -0.7340688E-05    0.1355847E-05    0.9024387E-06    0.1692837E-05    0.1075161E-02    0.1231925E-05    0.8866322E-06   -0.4321486E-05
   -0.2775560E-06   -0.2348115E-05    0.2254923E-06    0.7843073E-05    0.3044839E-05    0.1764071E-04   -0.1165002E-04    0.1043666E-05    0.6468647E-05    0.1664148E-04    0.1231925E-05    0.5147887E-04   -0.3097286E-05   -0.8750774E-05
    0.1062068E-05   -0.7750104E-05   -0.8730414E-08   -0.3078841E-05   -0.3544901E-04   -0.3185390E-05   -0.7192478E-05    0.1432256E-06   -0.3636065E-05   -0.4947449E-07    0.8866322E-06   -0.3097286E-05    0.2198971E-02    0.9729296E-04
    0.1527190E-05   -0.1193566E-04    0.1661881E-05    0.1773987E-04   -0.2126807E-04   -0.1016714E-04   -0.3573690E-06    0.2504235E-05    0.4779031E-05    0.7771965E-06   -0.4321486E-05   -0.8750774E-05    0.9729296E-04    0.1711141E-01
