# omegabh2 omegach2 theta tau mnu nnu logA ns calPlanck aps100 aps143 aps217 acib217 asz143 psr cibr xi aksz dust100 dust143 dust217 dust143x217 cal0 cal2 calTE calEE
  3.2191489E-08   2.0243014E-07  -1.8700940E-08   2.2887259E-07   1.1060388E-06   1.6978964E-05   1.1194228E-06   7.5753943E-07   2.2878261E-08   1.0370746E-04  -2.1840392E-05  -7.0951221E-05   3.5463333E-05   6.8107327E-06   9.1221684E-08   3.4956406E-07  -5.0754716E-07   6.9564061E-07   6.8023341E-07   5.6295722E-07  -7.8324413E-09   4.9937329E-07   2.5356842E-09   5.3209500E-09   5.6130025E-09  -5.7702703E-08
  2.0243014E-07   6.9323080E-06  -7.2957716E-07  -5.4695780E-07   1.5071648E-06   3.7889696E-04   1.7043725E-05   1.0053395E-05  -5.0462262E-08   8.9535505E-03   5.3816116E-03  -1.5137033E-03   2.6357361E-03  -2.0056456E-04  -1.3293247E-05   4.6026165E-05  -2.3331573E-05   5.9667846E-04   9.9946959E-06   1.5357576E-05  -7.5956728E-06   1.4312641E-05  -1.3515260E-08   2.4959687E-07   1.8605721E-06   3.3817917E-06
 -1.8700940E-08  -7.2957716E-07   1.6295196E-07   4.2344293E-08  -1.1596674E-06  -4.3471565E-05  -1.7576497E-06  -1.1759343E-06   6.6497494E-10  -1.0045826E-03  -5.8448895E-04   1.7683513E-04  -2.9217763E-04   2.2975236E-05   2.3395209E-06  -6.2202489E-06   3.5312060E-06  -7.3529725E-05  -9.3741206E-07  -2.1846039E-06   6.0866680E-07  -1.6941333E-06   3.6924660E-09  -2.5654828E-08  -3.0128627E-07  -4.4479994E-07
  2.2887259E-07  -5.4695780E-07   4.2344293E-08   6.1532220E-05   2.7350308E-05   6.2554095E-05   1.2172963E-04   8.8388993E-06  -8.5664973E-08  -7.9526331E-03  -4.6164576E-03   2.8795358E-03  -2.4802479E-03   2.2727366E-04   3.0329186E-05  -7.3932819E-05   5.3103819E-07  -9.5418676E-04  -9.8132899E-06  -1.8963778E-06   2.4070753E-06  -2.5807775E-06  -8.2612675E-08  -2.7327092E-07  -3.7240259E-06  -1.4828851E-06
  1.1060388E-06   1.5071648E-06  -1.1596674E-06   2.7350308E-05   2.2469851E-03   1.0387176E-03   6.3835602E-05   6.4617159E-05   3.6445541E-06   4.7255855E-02   1.6698943E-02  -1.5061638E-02   1.0884856E-02  -1.9650928E-03  -1.4549445E-04   1.7354092E-04  -1.4883601E-04   5.0724993E-03   5.3377546E-05   6.8824836E-05  -3.0101898E-05   7.8372989E-05  -3.0552304E-07   6.7575038E-07   2.2229703E-05   2.2333251E-05
  1.6978964E-05   3.7889696E-04  -4.3471565E-05   6.2554095E-05   1.0387176E-03   2.4841823E-02   1.1460197E-03   8.2687226E-04   4.8899028E-06   5.9705497E-01   3.2028539E-01  -1.2788388E-01   1.7344913E-01  -1.3953911E-02  -1.0489347E-03   2.9193007E-03  -1.7029411E-03   4.1256170E-02   6.3834060E-04   1.0248045E-03  -5.0168750E-04   1.0145021E-03  -3.9216391E-07   1.6188727E-05   1.4519481E-04   2.6437629E-04
  1.1194228E-06   1.7043725E-05  -1.7576497E-06   1.2172963E-04   6.3835602E-05   1.1460197E-03   3.1751368E-04   4.4211066E-05   1.2149446E-05   1.3076090E-02   6.7424019E-03   1.0945089E-02   4.0761655E-05  -4.8894033E-05   5.5716545E-05  -8.3883673E-05  -1.6051352E-05  -1.3237292E-03   1.0870073E-05  -5.7086487E-05   1.3231955E-05   1.4379472E-05   5.4807757E-07   5.7448290E-09  -2.9149053E-06   8.5773307E-06
  7.5753943E-07   1.0053395E-05  -1.1759343E-06   8.8388993E-06   6.4617159E-05   8.2687226E-04   4.4211066E-05   4.3555679E-05   4.4874880E-07   4.6543887E-05   3.4677813E-03   2.4546849E-03   5.4264180E-04  -9.4749688E-05   1.7141775E-05  -7.5571712E-06  -6.1383866E-06  -3.1688346E-04   4.0709710E-05   8.0397454E-06   8.3155233E-06   2.3971021E-05  -2.8260510E-07   3.0011824E-07   4.8475836E-06   6.2309652E-06
  2.2878261E-08  -5.0462262E-08   6.6497494E-10  -8.5664973E-08   3.6445541E-06   4.8899028E-06   1.2149446E-05   4.4874880E-07   6.1326828E-06   3.0182488E-03   4.9717496E-04   1.7361827E-03   2.8414472E-04   2.7343591E-06   5.7142482E-07   2.4022146E-07   2.2525790E-07  -2.5763316E-05   1.1513753E-05   1.7757281E-06   8.5629936E-06  -1.6958176E-06   4.1226835E-08  -4.2209139E-08  -4.3825909E-07  -1.1859533E-07
  1.0370746E-04   8.9535505E-03  -1.0045826E-03  -7.9526331E-03   4.7255855E-02   5.9705497E-01   1.3076090E-02   4.6543887E-05   3.0182488E-03   6.1360036E+02   6.6898513E+01  -5.9125642E+01   3.5321068E+01  -2.4736400E+01  -8.2903906E-01  -1.1556784E-01  -2.9057730E-01   1.0467889E+01  -1.4449704E-01   2.7892935E-01  -2.9918710E-01  -1.6822264E-01   6.4384616E-03   2.6096439E-03   5.7199514E-03   1.3301750E-02
 -2.1840392E-05   5.3816116E-03  -5.8448895E-04  -4.6164576E-03   1.6698943E-02   3.2028539E-01   6.7424019E-03   3.4677813E-03   4.9717496E-04   6.6898513E+01   7.0508848E+01   8.4822034E+00   7.9994510E+00  -6.8133191E-01  -3.4981179E-02   4.5757269E-01   8.6093291E-01  -7.5906884E+00  -2.5834451E-02  -2.4071745E-01   4.2862694E-02   7.5653069E-02   9.3012851E-04   7.5239819E-04   4.3255728E-03   8.7684126E-03
 -7.0951221E-05  -1.5137033E-03   1.7683513E-04   2.8795358E-03  -1.5061638E-02  -1.2788388E-01   1.0945089E-02   2.4546849E-03   1.7361827E-03  -5.9125642E+01   8.4822034E+00   1.7965202E+02  -8.5581953E+01   2.3709238E+00   3.4829787E-01  -1.0760896E+00   3.9841382E-01  -6.9590859E+00  -6.7928433E-02  -3.1476091E-01   5.6575037E-01  -4.0118664E-02   1.8047726E-03  -7.8881213E-03   1.4931172E-03   2.5255915E-03
  3.5463333E-05   2.6357361E-03  -2.9217763E-04  -2.4802479E-03   1.0884856E-02   1.7344913E-01   4.0761655E-05   5.4264180E-04   2.8414472E-04   3.5321068E+01   7.9994510E+00  -8.5581953E+01   5.3668230E+01   1.7282393E+00  -5.8012882E-02   7.5141439E-01  -3.0795781E-01  -2.6411302E+00   3.2779502E-02   1.8484202E-01  -4.5614541E-01  -9.1921675E-02  -6.0506855E-04   3.2461513E-03   3.9649869E-04   1.5347684E-03
  6.8107327E-06  -2.0056456E-04   2.2975236E-05   2.2727366E-04  -1.9650928E-03  -1.3953911E-02  -4.8894033E-05  -9.4749688E-05   2.7343591E-06  -2.4736400E+01  -6.8133191E-01   2.3709238E+00   1.7282393E+00   4.3077116E+00   9.8222472E-02   1.6026417E-01  -4.2811620E-02  -3.4278275E+00  -9.4361361E-03  -4.1683143E-03   9.7998221E-03   5.0601668E-02   4.5559355E-04  -1.9483869E-04  -2.2252894E-04  -4.3682223E-04
  9.1221684E-08  -1.3293247E-05   2.3395209E-06   3.0329186E-05  -1.4549445E-04  -1.0489347E-03   5.5716545E-05   1.7141775E-05   5.7142482E-07  -8.2903906E-01  -3.4981179E-02   3.4829787E-01  -5.8012882E-02   9.8222472E-02   1.6548352E-02  -1.6749601E-02   1.2248982E-02  -9.6086441E-02  -2.7413447E-04  -1.0722891E-03  -2.5923492E-03   4.9181273E-03   1.7822643E-05  -3.7654597E-05  -7.6091619E-06  -6.8326042E-06
  3.4956406E-07   4.6026165E-05  -6.2202489E-06  -7.3932819E-05   1.7354092E-04   2.9193007E-03  -8.3883673E-05  -7.5571712E-06   2.4022146E-07  -1.1556784E-01   4.5757269E-01  -1.0760896E+00   7.5141439E-01   1.6026417E-01  -1.6749601E-02   6.7887593E-02   2.6966290E-03  -1.5639110E-01   1.7641896E-04   6.6967935E-03  -2.6759534E-04  -1.6867315E-02  -7.2601850E-06   9.8023259E-05   1.5819366E-05   1.8932972E-05
 -5.0754716E-07  -2.3331573E-05   3.5312060E-06   5.3103819E-07  -1.4883601E-04  -1.7029411E-03  -1.6051352E-05  -6.1383866E-06   2.2525790E-07  -2.9057730E-01   8.6093291E-01   3.9841382E-01  -3.0795781E-01  -4.2811620E-02   1.2248982E-02   2.6966290E-03   8.2858138E-02   4.7961089E-02   1.9169941E-05  -4.5056720E-04   1.4138683E-03   9.9401954E-04   1.5926608E-05  -1.0456730E-05  -9.9409474E-06   1.8969905E-06
  6.9564061E-07   5.9667846E-04  -7.3529725E-05  -9.5418676E-04   5.0724993E-03   4.1256170E-02  -1.3237292E-03  -3.1688346E-04  -2.5763316E-05   1.0467889E+01  -7.5906884E+00  -6.9590859E+00  -2.6411302E+00  -3.4278275E+00  -9.6086441E-02  -1.5639110E-01   4.7961089E-02   7.2681565E+00   4.9812383E-03   1.6698409E-03  -2.1569869E-03  -4.1712823E-02  -3.9584426E-04   6.4483681E-05   8.4204003E-05   1.8596044E-04
  6.8023341E-07   9.9946959E-06  -9.3741206E-07  -9.8132899E-06   5.3377546E-05   6.3834060E-04   1.0870073E-05   4.0709710E-05   1.1513753E-05  -1.4449704E-01  -2.5834451E-02  -6.7928433E-02   3.2779502E-02  -9.4361361E-03  -2.7413447E-04   1.7641896E-04   1.9169941E-05   4.9812383E-03   3.8899997E-02   3.2007268E-03  -5.6150183E-05   8.3522341E-04   3.4368959E-05   1.1013473E-06  -1.1884365E-05  -1.1998249E-05
  5.6295722E-07   1.5357576E-05  -2.1846039E-06  -1.8963778E-06   6.8824836E-05   1.0248045E-03  -5.7086487E-05   8.0397454E-06   1.7757281E-06   2.7892935E-01  -2.4071745E-01  -3.1476091E-01   1.8484202E-01  -4.1683143E-03  -1.0722891E-03   6.6967935E-03  -4.5056720E-04   1.6698409E-03   3.2007268E-03   3.1384616E-02  -8.8675936E-04   5.6248152E-03  -8.2265250E-05  -4.2360679E-05  -7.0880229E-05  -7.0272013E-05
 -7.8324413E-09  -7.5956728E-06   6.0866680E-07   2.4070753E-06  -3.0101898E-05  -5.0168750E-04   1.3231955E-05   8.3155233E-06   8.5629936E-06  -2.9918710E-01   4.2862694E-02   5.6575037E-01  -4.5614541E-01   9.7998221E-03  -2.5923492E-03  -2.6759534E-04   1.4138683E-03  -2.1569869E-03  -5.6150183E-05  -8.8675936E-04   1.0647640E-02   8.3169810E-03   4.8251068E-06   6.1512630E-05   7.0450014E-06   1.1132208E-06
  4.9937329E-07   1.4312641E-05  -1.6941333E-06  -2.5807775E-06   7.8372989E-05   1.0145021E-03   1.4379472E-05   2.3971021E-05  -1.6958176E-06  -1.6822264E-01   7.5653069E-02  -4.0118664E-02  -9.1921675E-02   5.0601668E-02   4.9181273E-03  -1.6867315E-02   9.9401954E-04  -4.1712823E-02   8.3522341E-04   5.6248152E-03   8.3169810E-03   2.5950419E-02  -3.6417102E-06   5.8796683E-05  -1.4643682E-05   7.5057963E-06
  2.5356842E-09  -1.3515260E-08   3.6924660E-09  -8.2612675E-08  -3.0552304E-07  -3.9216391E-07   5.4807757E-07  -2.8260510E-07   4.1226835E-08   6.4384616E-03   9.3012851E-04   1.8047726E-03  -6.0506855E-04   4.5559355E-04   1.7822643E-05  -7.2601850E-06   1.5926608E-05  -3.9584426E-04   3.4368959E-05  -8.2265250E-05   4.8251068E-06  -3.6417102E-06   1.1038216E-06   4.3800953E-08   3.4784979E-07   5.9395444E-07
  5.3209500E-09   2.4959687E-07  -2.5654828E-08  -2.7327092E-07   6.7575038E-07   1.6188727E-05   5.7448290E-09   3.0011824E-07  -4.2209139E-08   2.6096439E-03   7.5239819E-04  -7.8881213E-03   3.2461513E-03  -1.9483869E-04  -3.7654597E-05   9.8023259E-05  -1.0456730E-05   6.4483681E-05   1.1013473E-06  -4.2360679E-05   6.1512630E-05   5.8796683E-05   4.3800953E-08   2.4670950E-06   4.2569518E-07   3.3706381E-07
  5.6130025E-09   1.8605721E-06  -3.0128627E-07  -3.7240259E-06   2.2229703E-05   1.4519481E-04  -2.9149053E-06   4.8475836E-06  -4.3825909E-07   5.7199514E-03   4.3255728E-03   1.4931172E-03   3.9649869E-04  -2.2252894E-04  -7.6091619E-06   1.5819366E-05  -9.9409474E-06   8.4204003E-05  -1.1884365E-05  -7.0880229E-05   7.0450014E-06  -1.4643682E-05   3.4784979E-07   4.2569518E-07   2.5153808E-05   1.0064851E-05
 -5.7702703E-08   3.3817917E-06  -4.4479994E-07  -1.4828851E-06   2.2333251E-05   2.6437629E-04   8.5773307E-06   6.2309652E-06  -1.1859533E-07   1.3301750E-02   8.7684126E-03   2.5255915E-03   1.5347684E-03  -4.3682223E-04  -6.8326042E-06   1.8932972E-05   1.8969905E-06   1.8596044E-04  -1.1998249E-05  -7.0272013E-05   1.1132208E-06   7.5057963E-06   5.9395444E-07   3.3706381E-07   1.0064851E-05   2.7070173E-05
