# omegabh2 omegach2 theta tau logA ns nrun r calPlanck acib217 xi asz143 aps100 aps143 aps143217 aps217 aksz kgal100 kgal143 kgal143217 kgal217 cal0 cal2
    0.6004013E-07   -0.8183201E-07    0.3389159E-07    0.2339028E-05    0.4879114E-05    0.3010743E-06   -0.1213375E-05    0.1950749E-05    0.3853007E-08   -0.5310334E-04    0.2490655E-06    0.1881615E-04   -0.3313242E-03   -0.2854477E-03   -0.1747673E-03   -0.1167321E-03   -0.1516786E-04    0.1374020E-04    0.6195296E-05   -0.3594815E-05   -0.4419190E-05    0.1944027E-08   -0.6155369E-08
   -0.8183201E-07    0.1685903E-05   -0.8434789E-07   -0.6301892E-05   -0.8667695E-05   -0.3899758E-05    0.2046564E-06   -0.4672400E-05   -0.1046860E-06    0.1477307E-03   -0.3732704E-05   -0.6722722E-04    0.1160821E-02    0.7255112E-03    0.3077427E-03    0.2703996E-03    0.4823299E-04    0.2212002E-04   -0.6895994E-05   -0.3371137E-04   -0.8540481E-04   -0.7308807E-08    0.9264988E-08
    0.3389159E-07   -0.8434789E-07    0.1802607E-06    0.1537118E-05    0.3133508E-05    0.4889482E-06   -0.4407675E-06    0.7787855E-06   -0.5332233E-09   -0.2282810E-04   -0.1304674E-05    0.9156280E-05   -0.7076990E-04   -0.9922099E-04   -0.1025533E-03   -0.7767442E-04    0.1055211E-04   -0.7123963E-05   -0.1003309E-04    0.9708560E-05    0.2262522E-04    0.2294472E-08   -0.2785740E-08
    0.2339028E-05   -0.6301892E-05    0.1537118E-05    0.4233644E-03    0.8470354E-03    0.2882275E-04   -0.7991836E-04    0.1252585E-04   -0.1596300E-05   -0.6721417E-02    0.1064233E-03    0.1334992E-02   -0.2932552E-01   -0.1141958E-01   -0.1323222E-02    0.3041277E-02   -0.3073815E-02    0.2038988E-03   -0.6333408E-03   -0.1097899E-02   -0.5937063E-03    0.2509173E-06   -0.6904123E-06
    0.4879114E-05   -0.8667695E-05    0.3133508E-05    0.8470354E-03    0.1737459E-02    0.4598714E-04   -0.1775392E-03    0.4534678E-04    0.9171262E-05   -0.1143980E-01    0.2278539E-03    0.2079137E-02   -0.4291773E-01   -0.1704083E-01    0.4518230E-03    0.1049579E-01   -0.6170466E-02    0.3247306E-03   -0.1829801E-02   -0.2867775E-02   -0.3716326E-03    0.8176383E-06   -0.1317829E-05
    0.3010743E-06   -0.3899758E-05    0.4889482E-06    0.2882275E-04    0.4598714E-04    0.2168832E-04    0.4259860E-05    0.2003241E-04    0.4471427E-06   -0.6271698E-02    0.1435398E-03    0.1686719E-02   -0.3327252E-01   -0.8856790E-02    0.3490797E-02    0.7302627E-02   -0.3336117E-02    0.2231226E-03   -0.3052943E-03   -0.5668003E-03    0.6074525E-03   -0.1750742E-06   -0.5767535E-06
   -0.1213375E-05    0.2046564E-06   -0.4407675E-06   -0.7991836E-04   -0.1775392E-03    0.4259860E-05    0.8202332E-04   -0.1714037E-03    0.3358793E-06   -0.9057356E-02    0.1939700E-03    0.2452500E-02   -0.3727984E-01   -0.1210916E-01    0.4606503E-02    0.1008816E-01   -0.4050038E-02   -0.5822552E-03   -0.4629514E-03   -0.7784347E-03    0.1314499E-02   -0.1310412E-06   -0.9381197E-06
    0.1950749E-05   -0.4672400E-05    0.7787855E-06    0.1252585E-04    0.4534678E-04    0.2003241E-04   -0.1714037E-03    0.2693169E-02    0.1646303E-05    0.1681120E-01   -0.5506192E-03   -0.3471787E-02    0.4454108E-01    0.2265477E-01   -0.8890669E-02   -0.1735419E-01    0.7050561E-02    0.6667540E-03    0.4163612E-03    0.5198653E-02    0.4698677E-02   -0.3242001E-06    0.2683575E-05
    0.3853007E-08   -0.1046860E-06   -0.5332233E-09   -0.1596300E-05    0.9171262E-05    0.4471427E-06    0.3358793E-06    0.1646303E-05    0.6314620E-05    0.7532094E-03    0.4752214E-05    0.6111687E-05    0.3682967E-02    0.4980783E-03    0.4006857E-03    0.1126730E-02   -0.3295567E-04    0.1378154E-04   -0.4210328E-04   -0.1059233E-03    0.6988309E-03    0.6463407E-08   -0.3756134E-07
   -0.5310334E-04    0.1477307E-03   -0.2282810E-04   -0.6721417E-02   -0.1143980E-01   -0.6271698E-02   -0.9057356E-02    0.1681120E-01    0.7532094E-03    0.4514135E+02   -0.5195355E+00   -0.2138053E+01    0.5111751E+02    0.2181471E+01   -0.2273541E+02   -0.6372517E+02    0.1287863E+01    0.1458465E+00    0.1165942E+00   -0.1607483E+01   -0.1815416E+02   -0.1894743E-03    0.4631693E-02
    0.2490655E-06   -0.3732704E-05   -0.1304674E-05    0.1064233E-03    0.2278539E-03    0.1435398E-03    0.1939700E-03   -0.5506192E-03    0.4752214E-05   -0.5195355E+00    0.8144885E-01   -0.6042917E-01   -0.6677712E+00    0.9260860E+00    0.1838600E+01    0.8186775E+00    0.5524859E-01   -0.6854797E-02    0.3002511E-03    0.6140319E-01    0.5181619E-01    0.4517197E-05   -0.2551262E-04
    0.1881615E-04   -0.6722722E-04    0.9156280E-05    0.1334992E-02    0.2079137E-02    0.1686719E-02    0.2452500E-02   -0.3471787E-02    0.6111687E-05   -0.2138053E+01   -0.6042917E-01    0.3860909E+01   -0.3066043E+02   -0.4122230E+01    0.8393161E+01    0.7615944E+01   -0.3087518E+01   -0.1838293E+00    0.3922491E-01    0.2325634E+01    0.2197478E+01    0.1762962E-03   -0.4032966E-03
   -0.3313242E-03    0.1160821E-02   -0.7076990E-04   -0.2932552E-01   -0.4291773E-01   -0.3327252E-01   -0.3727984E-01    0.4454108E-01    0.3682967E-02    0.5111751E+02   -0.6677712E+00   -0.3066043E+02    0.7874533E+03    0.7683815E+02   -0.6613889E+02   -0.8383481E+02    0.1723628E+02   -0.3441552E+01    0.2878581E+01   -0.1046242E+02   -0.1629069E+02    0.6167115E-02    0.5390768E-02
   -0.2854477E-03    0.7255112E-03   -0.9922099E-04   -0.1141958E-01   -0.1704083E-01   -0.8856790E-02   -0.1210916E-01    0.2265477E-01    0.4980783E-03    0.2181471E+01    0.9260860E+00   -0.4122230E+01    0.7683815E+02    0.6404919E+02    0.4403863E+02    0.1782517E+02   -0.3808734E+01   -0.2885792E+00   -0.1174762E+01    0.3482222E+01    0.3081676E+01    0.2238740E-03    0.3067257E-03
   -0.1747673E-03    0.3077427E-03   -0.1025533E-03   -0.1323222E-02    0.4518230E-03    0.3490797E-02    0.4606503E-02   -0.8890669E-02    0.4006857E-03   -0.2273541E+02    0.1838600E+01    0.8393161E+01   -0.6613889E+02    0.4403863E+02    0.1009356E+03    0.7253519E+02   -0.1350570E+02   -0.7956684E+00   -0.6676637E+00    0.3879958E+01    0.4489489E+01    0.7766468E-03   -0.2775895E-02
   -0.1167321E-03    0.2703996E-03   -0.7767442E-04    0.3041277E-02    0.1049579E-01    0.7302627E-02    0.1008816E-01   -0.1735419E-01    0.1126730E-02   -0.6372517E+02    0.8186775E+00    0.7615944E+01   -0.8383481E+02    0.1782517E+02    0.7253519E+02    0.1285952E+03   -0.1228407E+02   -0.7292573E+00   -0.5250041E+00   -0.1142655E+01    0.1440372E+02    0.6411715E-03   -0.8098406E-02
   -0.1516786E-04    0.4823299E-04    0.1055211E-04   -0.3073815E-02   -0.6170466E-02   -0.3336117E-02   -0.4050038E-02    0.7050561E-02   -0.3295567E-04    0.1287863E+01    0.5524859E-01   -0.3087518E+01    0.1723628E+02   -0.3808734E+01   -0.1350570E+02   -0.1228407E+02    0.6896067E+01    0.1499275E+00    0.7785425E-02   -0.1882953E+01   -0.1707247E+01   -0.1556938E-03    0.2613819E-03
    0.1374020E-04    0.2212002E-04   -0.7123963E-05    0.2038988E-03    0.3247306E-03    0.2231226E-03   -0.5822552E-03    0.6667540E-03    0.1378154E-04    0.1458465E+00   -0.6854797E-02   -0.1838293E+00   -0.3441552E+01   -0.2885792E+00   -0.7956684E+00   -0.7292573E+00    0.1499275E+00    0.3590867E+01    0.4810754E+00    0.2465985E+00    0.3718499E+00    0.2930603E-03    0.4653959E-04
    0.6195296E-05   -0.6895994E-05   -0.1003309E-04   -0.6333408E-03   -0.1829801E-02   -0.3052943E-03   -0.4629514E-03    0.4163612E-03   -0.4210328E-04    0.1165942E+00    0.3002511E-03    0.3922491E-01    0.2878581E+01   -0.1174762E+01   -0.6676637E+00   -0.5250041E+00    0.7785425E-02    0.4810754E+00    0.3395697E+01    0.2591691E+01    0.1741865E+01   -0.2918633E-03   -0.2245882E-03
   -0.3594815E-05   -0.3371137E-04    0.9708560E-05   -0.1097899E-02   -0.2867775E-02   -0.5668003E-03   -0.7784347E-03    0.5198653E-02   -0.1059233E-03   -0.1607483E+01    0.6140319E-01    0.2325634E+01   -0.1046242E+02    0.3482222E+01    0.3879958E+01   -0.1142655E+01   -0.1882953E+01    0.2465985E+00    0.2591691E+01    0.1711201E+02    0.2568044E+02   -0.1095861E-04    0.2515244E-02
   -0.4419190E-05   -0.8540481E-04    0.2262522E-04   -0.5937063E-03   -0.3716326E-03    0.6074525E-03    0.1314499E-02    0.4698677E-02    0.6988309E-03   -0.1815416E+02    0.5181619E-01    0.2197478E+01   -0.1629069E+02    0.3081676E+01    0.4489489E+01    0.1440372E+02   -0.1707247E+01    0.3718499E+00    0.1741865E+01    0.2568044E+02    0.5466525E+02    0.7205036E-04    0.4509665E-02
    0.1944027E-08   -0.7308807E-08    0.2294472E-08    0.2509173E-06    0.8176383E-06   -0.1750742E-06   -0.1310412E-06   -0.3242001E-06    0.6463407E-08   -0.1894743E-03    0.4517197E-05    0.1762962E-03    0.6167115E-02    0.2238740E-03    0.7766468E-03    0.6411715E-03   -0.1556938E-03    0.2930603E-03   -0.2918633E-03   -0.1095861E-04    0.7205036E-04    0.6080118E-06    0.8409498E-08
   -0.6155369E-08    0.9264988E-08   -0.2785740E-08   -0.6904123E-06   -0.1317829E-05   -0.5767535E-06   -0.9381197E-06    0.2683575E-05   -0.3756134E-07    0.4631693E-02   -0.2551262E-04   -0.4032966E-03    0.5390768E-02    0.3067257E-03   -0.2775895E-02   -0.8098406E-02    0.2613819E-03    0.4653959E-04   -0.2245882E-03    0.2515244E-02    0.4509665E-02    0.8409498E-08    0.2124465E-05
