# omegabh2 omegach2 theta tau mnu logA ns calPlanck acib217 xi asz143 aps100 aps143 aps143217 aps217 aksz kgal100 kgal143 kgal143217 kgal217 galfTE100 galfTE100143 galfTE100217 galfTE143 galfTE143217 galfTE217 cal0 cal2 DES_b1 DES_b2 DES_b3 DES_b4 DES_b5 DES_m1 DES_m2 DES_m3 DES_m4 DES_AIA DES_alphaIA DES_DzL1 DES_DzL2 DES_DzL3 DES_DzL4 DES_DzL5 DES_DzS1 DES_DzS2 DES_DzS3 DES_DzS4
  2.0573942E-08  -7.2883814E-08   1.3980892E-08   2.3034072E-07  -1.8429712E-06   4.1788363E-07   2.0790064E-07   1.9541798E-08  -8.3047236E-05   1.5131455E-06   1.8238154E-05  -3.8941903E-04  -2.3207656E-04  -7.4544305E-05   1.7322859E-05  -3.5671789E-05  -1.6772171E-06  -6.3183416E-06  -1.0339555E-05   1.0685895E-05   1.7924911E-08  -8.2104652E-08  -2.5387419E-07  -2.9060805E-07  -4.0965096E-07  -2.0405893E-06   3.7407287E-09  -1.6377767E-09  -1.3094930E-06  -9.1863672E-07  -8.2939517E-07  -1.1381693E-06  -1.1523075E-06   3.8947434E-08  -7.9403018E-10   3.6212617E-07   2.6099045E-07  -1.1136247E-07   2.2186423E-05   2.1882187E-08   2.8581132E-08   1.9631544E-08   3.1419096E-08   8.7384898E-09  -1.5061865E-08   5.4576351E-08   8.5586281E-08   1.5461198E-07
 -7.2883814E-08   1.1030766E-06  -8.8991417E-08  -3.0514463E-06   1.8086178E-05  -4.0022488E-06  -2.7692407E-06  -2.4045447E-07   1.8261094E-04  -6.4018392E-06  -8.6649108E-05   1.8832940E-03   9.7280207E-04   3.2348262E-04   7.2228890E-05   9.5964766E-05  -1.3048967E-05  -7.2635946E-06   1.1718412E-05  -3.7798980E-06   3.8027709E-07   2.8219461E-07   1.0569424E-06   9.4466710E-07   1.9257012E-06   8.5433355E-06  -1.1390653E-09   1.0044208E-08   1.3104776E-05   8.2885817E-06   6.6439057E-06   9.3608654E-06   1.0449132E-05  -1.4440581E-07  -2.5952665E-07  -4.7332422E-06  -3.2123215E-06   1.0365951E-06  -3.0540976E-04  -2.7672921E-07  -2.3499099E-07  -1.2206533E-07  -3.2202222E-07  -2.4857450E-07   2.9730726E-07  -6.2462373E-07  -1.0676774E-06  -2.2619770E-06
  1.3980892E-08  -8.8991417E-08   8.8633533E-08   2.4268361E-07  -3.8635141E-06   4.3076828E-07   3.3617138E-07   2.9084980E-08   8.7521834E-06   1.2604633E-06   1.0256042E-06  -1.5108506E-04  -8.6597804E-05  -3.6537386E-05  -4.1082818E-05  -2.6315284E-06   2.4220999E-06  -6.0373663E-06  -1.4688186E-05  -3.3326532E-05  -5.2574789E-08  -4.4566398E-08  -3.8399773E-07  -8.8289348E-08  -1.1636612E-07  -4.7286456E-07   5.5207300E-10   1.1695471E-09  -2.8911933E-06  -2.0084111E-06  -2.1246917E-06  -2.5411189E-06  -2.5475029E-06   1.0619320E-07   2.2256478E-08   4.8027150E-07   3.4833835E-07   8.3391085E-07   3.7228151E-05   2.8243503E-10   2.0653397E-08   4.4541794E-08   8.2313955E-09   3.2423598E-08  -4.6569028E-08   9.1753848E-08   1.3599260E-07   1.7733720E-07
  2.3034072E-07  -3.0514463E-06   2.4268361E-07   5.1043566E-05   4.7067710E-05   9.2343442E-05   9.1983047E-06  -8.1549595E-07  -1.0071114E-03  -1.1811782E-05   5.1128241E-04  -9.4865736E-03  -5.2597676E-03  -2.2246103E-03  -7.8044779E-04  -5.0735740E-04  -3.3801677E-05  -2.1094068E-05  -1.8917674E-04  -1.6179384E-04   8.6304077E-07  -4.0345712E-06  -1.5388916E-06  -4.5963238E-06  -4.7581805E-06  -2.0873113E-05  -2.4979318E-08  -9.4153282E-09  -4.5521773E-05  -3.8081897E-05  -3.5666425E-05  -5.9745284E-05  -5.2986539E-05   4.6880941E-07  -2.1997242E-06   6.0222161E-07  -2.4622306E-07   1.0841541E-05   4.2276948E-05  -4.2446279E-07   1.7746781E-07   4.0218901E-07  -3.2973487E-08   1.3448513E-06  -5.8663206E-07   9.6976726E-07  -2.9752007E-07   6.1488356E-07
 -1.8429712E-06   1.8086178E-05  -3.8635141E-06   4.7067710E-05   3.9537335E-03   1.4676496E-04  -5.1517838E-05   8.1963428E-06   1.1102295E-02  -3.6042289E-04  -1.3092637E-03   4.6373879E-02   2.5381540E-02   9.7451765E-03   6.1824774E-03   1.3280636E-03  -4.3171784E-04   1.2524428E-04  -7.9409233E-05  -2.8364124E-03   1.5503336E-05  -7.2556029E-06   4.6795822E-05   1.3539489E-05   2.5672355E-05   2.4025100E-04  -1.9787060E-08   3.6159653E-07   1.6157454E-03   1.6791331E-03   1.6179890E-03   1.9194236E-03   1.8891246E-03  -8.2093780E-06  -1.1997171E-05  -5.6661178E-05  -2.9631731E-05  -4.0085318E-04  -7.2565372E-03  -1.3413174E-05  -7.8355460E-06  -8.8877270E-06  -5.7607594E-06  -5.7476528E-06  -3.9024078E-06  -8.6589379E-06  -1.1721394E-05   1.0831128E-05
  4.1788363E-07  -4.0022488E-06   4.3076828E-07   9.2343442E-05   1.4676496E-04   1.9599906E-04   1.1507610E-05   9.6960436E-06  -1.8062256E-03   2.6616477E-05   8.3702963E-04  -1.3313918E-02  -7.0499353E-03  -7.2205510E-04   3.9985257E-03  -1.5047706E-03  -4.2563769E-04  -5.7799571E-04  -8.5926615E-04   9.2755322E-04   4.9126365E-06  -9.4689837E-06  -2.8358651E-06  -8.3021459E-06  -4.9141399E-06  -9.6609245E-06   8.6743032E-08  -1.4321417E-08  -7.0842204E-05  -6.7754359E-05  -6.4245244E-05  -1.0845264E-04  -9.7704663E-05   1.8091173E-07  -5.2931144E-06  -9.0582629E-06  -6.8015975E-06   2.5398150E-05  -6.1198131E-04  -1.4426621E-06  -3.9381750E-08   6.7887656E-07  -9.1846061E-07   2.1336561E-06   1.5794548E-09   7.1282882E-07  -3.2919332E-06  -4.6803466E-06
  2.0790064E-07  -2.7692407E-06   3.3617138E-07   9.1983047E-06  -5.1517838E-05   1.1507610E-05   1.6034566E-05   5.2495735E-07  -4.3134096E-03   1.1458915E-04   9.8791864E-04  -2.4141714E-02  -7.1867640E-03   1.5860190E-03   4.7314223E-03  -2.2367594E-03   2.9559913E-04  -2.2047869E-04  -2.5972566E-04   1.2087721E-03  -2.6315366E-07  -4.0761843E-07  -3.5681007E-06  -3.0452691E-06  -3.2854464E-06  -1.3556057E-05  -8.2696739E-08  -6.8236143E-08  -3.6516253E-05  -2.4226587E-05  -2.1805543E-05  -2.8005605E-05  -2.7725579E-05   4.9005686E-07   4.4966795E-07   1.0722547E-05   7.9667945E-06   1.2599312E-06   7.5330474E-04   8.2229782E-07   7.7699709E-07   4.0082091E-07   8.0343372E-07   6.6311524E-07  -5.9014095E-07   1.5687496E-06   2.4993987E-06   5.2986909E-06
  1.9541798E-08  -2.4045447E-07   2.9084980E-08  -8.1549595E-07   8.1963428E-06   9.6960436E-06   5.2495735E-07   5.9422832E-06   7.1570933E-04   1.1063110E-05   1.3684114E-05   2.9104334E-03   5.7190057E-04   6.9203281E-04   1.1867617E-03   9.3535791E-06   6.8504784E-06   3.6270424E-05   2.0790222E-06   6.6908897E-04   1.1346467E-06  -9.2804706E-07   9.0991243E-07  -7.5803878E-07   1.2048277E-06   1.0980545E-05  -3.5440688E-09  -3.5439092E-09  -3.4604521E-06  -3.5367533E-06  -2.1985462E-06  -3.0219262E-06  -4.8995592E-06  -2.5102184E-07  -2.5873485E-07   8.0093579E-08   3.1403145E-07   9.5711727E-07  -9.4086321E-06   2.4474740E-08   1.6581818E-08   3.8919234E-08   1.8497264E-09   1.6029400E-07   4.3773517E-07   9.4583741E-08  -1.3627419E-07  -1.8798923E-07
 -8.3047236E-05   1.8261094E-04   8.7521834E-06  -1.0071114E-03   1.1102295E-02  -1.8062256E-03  -4.3134096E-03   7.1570933E-04   4.4174209E+01  -3.9487499E-01  -8.2689438E-01   3.7553349E+01   2.5667130E+00  -1.2520728E+01  -5.4107603E+01  -2.9075411E-01   3.7241930E-01   6.0071497E-01  -5.7065933E+00  -3.3000293E+01   1.5663520E-03  -1.5629767E-03   1.3322207E-03  -6.8358564E-03  -8.3189116E-03  -7.0693287E-03  -1.5603136E-04   6.7754576E-04   4.2963586E-03   8.5436865E-03   3.6825934E-03   4.6268208E-03   8.6243618E-04   4.0629840E-04  -3.3763745E-05   1.3979482E-03  -3.3906474E-04   6.1255156E-05   2.1752241E-02   3.8060715E-04   2.4088653E-04  -4.9335916E-04  -3.5353845E-06   5.7292192E-04  -7.8086442E-05  -1.9800003E-04  -1.9273151E-04   6.6695628E-04
  1.5131455E-06  -6.4018392E-06   1.2604633E-06  -1.1811782E-05  -3.6042289E-04   2.6616477E-05   1.1458915E-04   1.1063110E-05  -3.9487499E-01   8.2246970E-02  -2.6367112E-02  -6.5969078E-01   9.2036327E-01   1.7578661E+00   6.6583616E-01   2.7687875E-02  -4.8117840E-03   1.1398596E-02   1.2971055E-01   1.8134015E-01  -1.5583681E-04  -9.5365576E-05   4.9421332E-05   2.1331043E-04   1.9850276E-04   3.8147878E-04   5.2997126E-06   1.1700336E-06  -2.5971925E-04  -1.2354072E-04  -2.4596422E-04  -1.2728683E-04  -3.5765056E-04  -9.3468255E-06   7.3896622E-05   7.1430661E-07  -4.3003970E-05  -3.9010006E-04   2.1704175E-03   1.1420468E-05  -1.9883297E-05   6.8787780E-06   4.0638525E-05  -4.8060024E-05   7.6100668E-06   2.8753702E-06   1.1488255E-05   1.0336352E-04
  1.8238154E-05  -8.6649108E-05   1.0256042E-06   5.1128241E-04  -1.3092637E-03   8.3702963E-04   9.8791864E-04   1.3684114E-05  -8.2689438E-01  -2.6367112E-02   3.8811710E+00  -3.0624441E+01  -3.1510229E+00   7.9791189E+00   5.2712991E+00  -2.6919002E+00  -1.8680410E-01   1.0271828E-01   2.6175504E+00   3.2133924E+00  -5.3191699E-04  -2.6017348E-04   1.3908575E-03  -7.2758092E-04  -8.0162810E-04   5.7629064E-03   1.0955898E-04  -3.7072078E-05  -9.0080395E-04  -1.8566261E-03  -8.7850135E-04  -1.3435306E-03   6.3034906E-04   2.5181985E-04   4.5093411E-04  -6.0315849E-05   6.9489265E-04  -1.0110037E-03   6.7717814E-03  -1.7879332E-05  -1.6576618E-04   4.5064031E-05  -2.8545721E-04   9.9857480E-05  -1.1899268E-04   1.5503570E-04  -1.3003892E-05  -4.6353990E-04
 -3.8941903E-04   1.8832940E-03  -1.5108506E-04  -9.4865736E-03   4.6373879E-02  -1.3313918E-02  -2.4141714E-02   2.9104334E-03   3.7553349E+01  -6.5969078E-01  -3.0624441E+01   7.8213022E+02   6.7615476E+01  -5.7973788E+01  -6.3337796E+01   1.3878315E+01  -6.1699475E+00   5.9184166E+00  -1.2362193E+01  -2.5191142E+01   1.2180643E-03  -4.7103632E-03   2.1554279E-02  -3.2992895E-04  -2.1614869E-02  -7.3831282E-02   3.8248568E-03   5.6797643E-04   3.5238037E-02   2.0785982E-02   3.4587006E-02   2.8166619E-02   2.1874544E-02  -6.5283834E-03  -4.6538444E-03  -3.8763811E-06  -8.9184349E-03  -3.4760721E-02  -1.2271709E+00  -5.9803068E-04   2.0420677E-03  -4.5006377E-04   4.4166252E-03   1.7674756E-03   5.7597824E-03  -1.3060949E-03  -2.1292562E-03   3.2675120E-03
 -2.3207656E-04   9.7280207E-04  -8.6597804E-05  -5.2597676E-03   2.5381540E-02  -7.0499353E-03  -7.1867640E-03   5.7190057E-04   2.5667130E+00   9.2036327E-01  -3.1510229E+00   6.7615476E+01   6.2063424E+01   4.1029786E+01   1.4561391E+01  -5.0912052E+00  -3.7093847E-01  -1.5022642E+00   3.1812249E+00   3.5532589E+00  -2.1340097E-03   1.5697275E-03   3.5808522E-03   1.8424539E-03   1.4558215E-03   8.8412678E-03   9.9401592E-05   1.9029290E-04   1.9867001E-02   1.1254910E-02   1.2831403E-02   1.6963997E-02   1.8483801E-02  -6.5452112E-04   1.3316640E-03  -5.4327325E-03  -4.5915794E-03  -1.9926331E-02  -3.0453888E-01  -2.4758189E-04  -5.0288227E-04   3.7935237E-05   9.9712240E-04  -4.3979869E-04  -3.5973580E-05  -2.2920640E-04   1.1313296E-04  -6.5220470E-04
 -7.4544305E-05   3.2348262E-04  -3.6537386E-05  -2.2246103E-03   9.7451765E-03  -7.2205510E-04   1.5860190E-03   6.9203281E-04  -1.2520728E+01   1.7578661E+00   7.9791189E+00  -5.7973788E+01   4.1029786E+01   8.7439341E+01   5.2637026E+01  -1.1943798E+01  -8.4240149E-01  -9.6038042E-01   5.0302756E+00   8.1447520E+00  -4.1433701E-03  -7.1437709E-04   6.7557973E-03   3.7659719E-03   4.3415631E-03   1.7282550E-02   4.5233155E-04  -2.6991328E-04   6.9725114E-03   1.8181684E-03   2.8126818E-03   7.2934010E-03   1.3804036E-02  -2.2456462E-04   3.6414271E-03  -3.2833147E-03  -2.1221362E-03  -1.9810459E-02  -1.7471515E-01   2.5560906E-04  -1.2832261E-03   3.8931451E-04   6.1931972E-04  -1.0868098E-03   1.3494749E-04   6.0209609E-04   5.4707299E-05  -8.2539261E-04
  1.7322859E-05   7.2228890E-05  -4.1082818E-05  -7.8044779E-04   6.1824774E-03   3.9985257E-03   4.7314223E-03   1.1867617E-03  -5.4107603E+01   6.6583616E-01   5.2712991E+00  -6.3337796E+01   1.4561391E+01   5.2637026E+01   1.0125251E+02  -8.8885180E+00  -1.0033874E+00  -1.4516243E+00   5.2191720E+00   3.2851931E+01  -3.3989303E-03   2.1844762E-03   1.2354397E-03   1.0438876E-02   1.4911921E-02   1.3181047E-02   3.8624795E-04  -1.2564184E-03   6.4766299E-03  -4.5868109E-03   2.7312170E-03   3.8443633E-03   1.3415318E-02  -6.3486811E-04   1.4366611E-03  -3.5118599E-03   6.7643858E-05  -7.3166675E-03  -1.5077915E-01  -3.5994573E-04  -7.5705077E-04   6.7936337E-04   5.1538568E-04  -1.0833232E-03   6.2018051E-04   5.1276250E-04   6.3539446E-05  -3.8379273E-03
 -3.5671789E-05   9.5964766E-05  -2.6315284E-06  -5.0735740E-04   1.3280636E-03  -1.5047706E-03  -2.2367594E-03   9.3535791E-06  -2.9075411E-01   2.7687875E-02  -2.6919002E+00   1.3878315E+01  -5.0912052E+00  -1.1943798E+01  -8.8885180E+00   5.7480497E+00   1.5177092E-01  -1.3653041E-01  -2.0001941E+00  -2.1007412E+00   4.8691528E-04  -2.8808447E-04  -4.0551993E-04   1.0515789E-03   2.1652924E-03   2.9394500E-03  -7.0959344E-05   2.3275654E-06   7.8084743E-04   1.3919281E-03   9.5906507E-04   2.0970870E-03   9.7172299E-05  -1.6726858E-05  -7.5364556E-04  -5.4845186E-05  -8.1772521E-04   4.2104815E-03  -1.1285083E-05  -3.6882834E-05  -1.6981984E-04   1.5695774E-05  -7.6719479E-06   2.4182306E-05   1.2743711E-04  -1.5435743E-04  -4.8448826E-05   9.4963048E-04
 -1.6772171E-06  -1.3048967E-05   2.4220999E-06  -3.3801677E-05  -4.3171784E-04  -4.2563769E-04   2.9559913E-04   6.8504784E-06   3.7241930E-01  -4.8117840E-03  -1.8680410E-01  -6.1699475E+00  -3.7093847E-01  -8.4240149E-01  -1.0033874E+00   1.5177092E-01   3.3653545E+00   5.4063245E-01   1.7870133E-01   4.7587394E-02  -6.5406112E-04  -1.3372106E-04  -1.2157161E-03   4.4350962E-04  -9.8154098E-04  -2.6898440E-03   1.7884795E-04   6.0455615E-06  -8.3215881E-04  -1.5560037E-04  -1.6967996E-04   9.4709000E-04  -2.3675097E-04   8.5058242E-04   1.2537853E-04  -1.9981005E-04  -1.2920230E-04   8.3201459E-03   2.2384763E-02  -8.2333223E-05  -1.6318029E-04  -3.1490497E-05  -6.6026255E-06  -2.2480509E-04  -2.6475684E-04   9.0555210E-05   2.2851388E-04   1.3183142E-04
 -6.3183416E-06  -7.2635946E-06  -6.0373663E-06  -2.1094068E-05   1.2524428E-04  -5.7799571E-04  -2.2047869E-04   3.6270424E-05   6.0071497E-01   1.1398596E-02   1.0271828E-01   5.9184166E+00  -1.5022642E+00  -9.6038042E-01  -1.4516243E+00  -1.3653041E-01   5.4063245E-01   3.1451110E+00   2.6332121E+00   2.5543554E+00   5.8570199E-05  -5.9346135E-04   1.7991923E-03   5.7866147E-04   4.0151572E-04   1.0889416E-03  -1.7957904E-04  -4.7876342E-05   1.0459214E-03   6.5587011E-04   1.5284177E-03   1.1804265E-03   3.6983154E-04   3.8923881E-04   3.7568533E-04   3.0858960E-04   1.6485359E-04   3.8324528E-03   1.2422310E-02  -7.5501457E-06   6.5481304E-06  -1.2403232E-04   8.0650886E-05   2.0650521E-04   2.4608352E-04  -1.3340658E-04  -1.1086360E-04  -3.2106752E-04
 -1.0339555E-05   1.1718412E-05  -1.4688186E-05  -1.8917674E-04  -7.9409233E-05  -8.5926615E-04  -2.5972566E-04   2.0790222E-06  -5.7065933E+00   1.2971055E-01   2.6175504E+00  -1.2362193E+01   3.1812249E+00   5.0302756E+00   5.2191720E+00  -2.0001941E+00   1.7870133E-01   2.6332121E+00   1.0626726E+01   1.8892613E+01  -9.0889408E-04  -3.2912739E-04   1.9452139E-03   6.1618278E-04  -1.3594688E-03   1.1977097E-02  -2.9487384E-05   4.0842522E-04   1.6702769E-03   4.5366815E-05   2.1300423E-03  -1.4832325E-04   2.4701441E-04   2.7866056E-04   8.3366640E-04  -6.6622255E-04   2.0211921E-04   1.0324499E-03   3.5371290E-02  -2.8889483E-04  -6.6253266E-05  -1.1283434E-04  -1.3051488E-05   2.7043618E-04  -2.1919797E-04  -8.7273263E-05  -1.2334554E-04  -1.5612996E-04
  1.0685895E-05  -3.7798980E-06  -3.3326532E-05  -1.6179384E-04  -2.8364124E-03   9.2755322E-04   1.2087721E-03   6.6908897E-04  -3.3000293E+01   1.8134015E-01   3.2133924E+00  -2.5191142E+01   3.5532589E+00   8.1447520E+00   3.2851931E+01  -2.1007412E+00   4.7587394E-02   2.5543554E+00   1.8892613E+01   5.2594861E+01  -1.3803936E-03   9.4548200E-04   3.9678700E-03   3.0695658E-03  -1.4606333E-04   2.4632459E-02   3.1261151E-05   9.2913732E-04   8.5323984E-04  -4.2562335E-03   1.4754797E-03  -2.4961402E-03  -7.8122495E-04  -4.8580700E-04   6.6565173E-04  -2.1232653E-03  -4.9424317E-04   1.0482023E-03   1.2162366E-02  -5.4985791E-04  -1.2270615E-04   9.0700368E-05  -2.1829075E-04   3.7552330E-04  -4.5611901E-04   1.7876350E-04  -1.9720173E-04  -5.1282381E-04
  1.7924911E-08   3.8027709E-07  -5.2574789E-08   8.6304077E-07   1.5503336E-05   4.9126365E-06  -2.6315366E-07   1.1346467E-06   1.5663520E-03  -1.5583681E-04  -5.3191699E-04   1.2180643E-03  -2.1340097E-03  -4.1433701E-03  -3.3989303E-03   4.8691528E-04  -6.5406112E-04   5.8570199E-05  -9.0889408E-04  -1.3803936E-03   1.4549544E-03   2.6493626E-04   8.6360790E-05  -3.9289324E-04  -1.2732022E-04  -1.9587183E-04  -2.3263261E-07   9.3659436E-08  -1.0066033E-05  -6.7532535E-06  -3.3270689E-06  -1.8575646E-05   4.0397043E-05  -1.0197485E-05   2.6488372E-06  -2.0875622E-06  -2.6626616E-06  -1.7501940E-09   3.7396559E-04   1.0908807E-06   3.8166767E-08  -1.6916513E-06  -2.7321087E-06  -9.4695595E-07  -6.5990426E-07  -4.0027504E-06   4.3309774E-07   7.2691302E-07
 -8.2104652E-08   2.8219461E-07  -4.4566398E-08  -4.0345712E-06  -7.2556029E-06  -9.4689837E-06  -4.0761843E-07  -9.2804706E-07  -1.5629767E-03  -9.5365576E-05  -2.6017348E-04  -4.7103632E-03   1.5697275E-03  -7.1437709E-04   2.1844762E-03  -2.8808447E-04  -1.3372106E-04  -5.9346135E-04  -3.2912739E-04   9.4548200E-04   2.6493626E-04   8.4920673E-04   6.6917490E-05   6.8821695E-04   4.5347279E-05  -5.9729491E-04  -1.7280561E-07  -1.0816532E-07  -1.6994663E-05  -4.6889593E-06   4.2837932E-07  -1.7234759E-05   2.7813551E-05  -9.2609677E-06   5.9526751E-06   2.5913164E-06   8.0920712E-06  -3.9540570E-05   1.3182234E-04   5.1001907E-07  -7.6796529E-07   1.0434246E-07  -2.8324792E-06  -1.7315932E-07  -6.7776968E-07  -4.7402260E-06   7.7392710E-07  -7.0820481E-07
 -2.5387419E-07   1.0569424E-06  -3.8399773E-07  -1.5388916E-06   4.6795822E-05  -2.8358651E-06  -3.5681007E-06   9.0991243E-07   1.3322207E-03   4.9421332E-05   1.3908575E-03   2.1554279E-02   3.5808522E-03   6.7557973E-03   1.2354397E-03  -4.0551993E-04  -1.2157161E-03   1.7991923E-03   1.9452139E-03   3.9678700E-03   8.6360790E-05   6.6917490E-05   7.0561316E-03  -2.3686418E-04   6.6675109E-04   4.6138092E-03  -1.4713360E-07   1.3793339E-07   6.4009992E-05   1.7522145E-05  -2.7802759E-05  -3.2688949E-05   2.3336573E-06   9.8606338E-06  -7.6112494E-06  -3.4481968E-05  -3.9854364E-06   5.8526697E-05   1.0315658E-03   1.6400067E-05   5.1289535E-06  -3.8509368E-06  -5.8517227E-06  -1.8769312E-06  -5.9618265E-08  -1.6906804E-06  -1.5763781E-06  -8.9134276E-06
 -2.9060805E-07   9.4466710E-07  -8.8289348E-08  -4.5963238E-06   1.3539489E-05  -8.3021459E-06  -3.0452691E-06  -7.5803878E-07  -6.8358564E-03   2.1331043E-04  -7.2758092E-04  -3.2992895E-04   1.8424539E-03   3.7659719E-03   1.0438876E-02   1.0515789E-03   4.4350962E-04   5.7866147E-04   6.1618278E-04   3.0695658E-03  -3.9289324E-04   6.8821695E-04  -2.3686418E-04   2.8494967E-03   5.1393444E-04  -8.5476054E-04   2.8444787E-07  -3.2989619E-07  -1.5400958E-05  -2.5396873E-05   1.9197616E-05   1.5377470E-06   1.1497605E-05   9.3049333E-06  -5.0725646E-06  -4.9068230E-07   2.9518573E-06   1.3510197E-05  -3.5743541E-04  -6.6579141E-06  -4.2650368E-06   1.2084153E-06  -4.7831688E-06   1.0990563E-06  -2.8604451E-06  -7.7641095E-06  -4.9170369E-07  -3.2202788E-06
 -4.0965096E-07   1.9257012E-06  -1.1636612E-07  -4.7581805E-06   2.5672355E-05  -4.9141399E-06  -3.2854464E-06   1.2048277E-06  -8.3189116E-03   1.9850276E-04  -8.0162810E-04  -2.1614869E-02   1.4558215E-03   4.3415631E-03   1.4911921E-02   2.1652924E-03  -9.8154098E-04   4.0151572E-04  -1.3594688E-03  -1.4606333E-04  -1.2732022E-04   4.5347279E-05   6.6675109E-04   5.1393444E-04   6.4441254E-03   7.8146666E-03  -5.8320791E-07  -2.8917769E-07  -2.6931871E-06  -3.5854753E-05  -4.8214321E-06   1.6961987E-05  -2.5499795E-05   1.6210816E-05  -3.6435518E-05  -4.5847208E-06  -2.5218304E-05  -8.9139972E-05   1.6096970E-03   1.7493055E-06  -5.0545761E-06  -7.9448533E-06   7.7475664E-06   5.2858605E-07  -3.1432712E-06   1.1055111E-06  -1.3716434E-05   2.1228280E-05
 -2.0405893E-06   8.5433355E-06  -4.7286456E-07  -2.0873113E-05   2.4025100E-04  -9.6609245E-06  -1.3556057E-05   1.0980545E-05  -7.0693287E-03   3.8147878E-04   5.7629064E-03  -7.3831282E-02   8.8412678E-03   1.7282550E-02   1.3181047E-02   2.9394500E-03  -2.6898440E-03   1.0889416E-03   1.1977097E-02   2.4632459E-02  -1.9587183E-04  -5.9729491E-04   4.6138092E-03  -8.5476054E-04   7.8146666E-03   7.3046373E-02   1.7607654E-07   5.6083805E-07   1.5459714E-04  -6.6168497E-05   1.5199557E-04   1.9242012E-05  -5.6912329E-05  -1.9335277E-05  -1.6233950E-04  -4.2271171E-05  -5.4259829E-05  -5.5682763E-04   7.0298930E-05   1.0393566E-05  -8.6585453E-06  -3.0101241E-06  -2.2880775E-05  -5.7928351E-06  -2.4000191E-05  -3.6251476E-05  -1.6849253E-05  -1.7949982E-05
  3.7407287E-09  -1.1390653E-09   5.5207300E-10  -2.4979318E-08  -1.9787060E-08   8.6743032E-08  -8.2696739E-08  -3.5440688E-09  -1.5603136E-04   5.2997126E-06   1.0955898E-04   3.8248568E-03   9.9401592E-05   4.5233155E-04   3.8624795E-04  -7.0959344E-05   1.7884795E-04  -1.7957904E-04  -2.9487384E-05   3.1261151E-05  -2.3263261E-07  -1.7280561E-07  -1.4713360E-07   2.8444787E-07  -5.8320791E-07   1.7607654E-07   3.7345161E-07   1.0126799E-09  -1.0515455E-07  -4.5374142E-07   9.6119830E-08   9.6159186E-08  -3.6615712E-07   9.8698175E-08  -6.4558947E-08  -4.0459502E-08  -3.0002946E-09   4.8522251E-07   7.5631332E-06   4.4937364E-08   2.2690038E-08   6.3741878E-08   3.8324146E-08  -9.1688151E-08  -3.7172717E-08   3.5323941E-08   5.8021021E-08   7.8099282E-08
 -1.6377767E-09   1.0044208E-08   1.1695471E-09  -9.4153282E-09   3.6159653E-07  -1.4321417E-08  -6.8236143E-08  -3.5439092E-09   6.7754576E-04   1.1700336E-06  -3.7072078E-05   5.6797643E-04   1.9029290E-04  -2.6991328E-04  -1.2564184E-03   2.3275654E-06   6.0455615E-06  -4.7876342E-05   4.0842522E-04   9.2913732E-04   9.3659436E-08  -1.0816532E-07   1.3793339E-07  -3.2989619E-07  -2.8917769E-07   5.6083805E-07   1.0126799E-09   3.8575489E-07   1.4024201E-07   4.2777763E-07  -1.5499283E-07   1.0246143E-07  -1.0851794E-07   1.4132222E-08  -1.8132958E-07   2.5928263E-08   8.5508912E-08   3.1951835E-07  -2.8098590E-06  -3.9153628E-08   7.4130800E-09   9.8459828E-09  -9.6629815E-09   4.6615157E-08  -2.4785011E-08   5.4706877E-08   4.1491251E-09   3.6615997E-08
 -1.3094930E-06   1.3104776E-05  -2.8911933E-06  -4.5521773E-05   1.6157454E-03  -7.0842204E-05  -3.6516253E-05  -3.4604521E-06   4.2963586E-03  -2.5971925E-04  -9.0080395E-04   3.5238037E-02   1.9867001E-02   6.9725114E-03   6.4766299E-03   7.8084743E-04  -8.3215881E-04   1.0459214E-03   1.6702769E-03   8.5323984E-04  -1.0066033E-05  -1.6994663E-05   6.4009992E-05  -1.5400958E-05  -2.6931871E-06   1.5459714E-04  -1.0515455E-07   1.4024201E-07   5.8731169E-03   7.6953077E-04   7.1992635E-04   8.7789196E-04   8.7445002E-04  -1.6449858E-05   1.4565863E-05   7.7705393E-05   2.4196091E-05  -5.8440085E-04   8.6275429E-03   1.3821842E-04   8.6251799E-06   7.6041990E-06   1.5908798E-05  -2.8248409E-06  -7.7022537E-06   2.6774012E-06   1.8882018E-05   3.7645621E-05
 -9.1863672E-07   8.2885817E-06  -2.0084111E-06  -3.8081897E-05   1.6791331E-03  -6.7754359E-05  -2.4226587E-05  -3.5367533E-06   8.5436865E-03  -1.2354072E-04  -1.8566261E-03   2.0785982E-02   1.1254910E-02   1.8181684E-03  -4.5868109E-03   1.3919281E-03  -1.5560037E-04   6.5587011E-04   4.5366815E-05  -4.2562335E-03  -6.7532535E-06  -4.6889593E-06   1.7522145E-05  -2.5396873E-05  -3.5854753E-05  -6.6168497E-05  -4.5374142E-07   4.2777763E-07   7.6953077E-04   3.3597394E-03   7.8761887E-04   9.7467329E-04   9.6080488E-04  -8.0709975E-06   1.1796190E-05   3.4325717E-05   4.1244327E-05  -5.8863857E-04  -9.2012427E-04  -4.0087016E-06   6.9296797E-05  -1.3668822E-06   1.4381287E-05   2.0367172E-06  -5.4592251E-06   4.9764224E-07   1.5736079E-05   2.9667219E-05
 -8.2939517E-07   6.6439057E-06  -2.1246917E-06  -3.5666425E-05   1.6179890E-03  -6.4245244E-05  -2.1805543E-05  -2.1985462E-06   3.6825934E-03  -2.4596422E-04  -8.7850135E-04   3.4587006E-02   1.2831403E-02   2.8126818E-03   2.7312170E-03   9.5906507E-04  -1.6967996E-04   1.5284177E-03   2.1300423E-03   1.4754797E-03  -3.3270689E-06   4.2837932E-07  -2.7802759E-05   1.9197616E-05  -4.8214321E-06   1.5199557E-04   9.6119830E-08  -1.5499283E-07   7.1992635E-04   7.8761887E-04   2.5263349E-03   9.4514166E-04   9.1931802E-04  -9.4657507E-06   8.0666065E-06   9.0729656E-06   2.5989793E-05  -3.8247496E-04  -1.2915566E-03  -8.1428825E-06  -2.3445437E-06   5.6460838E-05   2.4280934E-06  -4.5829346E-06  -1.8488770E-05  -1.0172560E-06   1.3473227E-05   1.6953884E-05
 -1.1381693E-06   9.3608654E-06  -2.5411189E-06  -5.9745284E-05   1.9194236E-03  -1.0845264E-04  -2.8005605E-05  -3.0219262E-06   4.6268208E-03  -1.2728683E-04  -1.3435306E-03   2.8166619E-02   1.6963997E-02   7.2934010E-03   3.8443633E-03   2.0970870E-03   9.4709000E-04   1.1804265E-03  -1.4832325E-04  -2.4961402E-03  -1.8575646E-05  -1.7234759E-05  -3.2688949E-05   1.5377470E-06   1.6961987E-05   1.9242012E-05   9.6159186E-08   1.0246143E-07   8.7789196E-04   9.7467329E-04   9.4514166E-04   3.4659002E-03   1.1569230E-03  -3.7182803E-06   1.0465677E-05  -9.4955081E-06   1.1202026E-05  -5.9270858E-04  -4.5157074E-03  -6.0644514E-06  -7.6810658E-07  -2.4272542E-07   1.0837224E-04  -5.3453326E-06  -5.3890458E-07   3.5436170E-06   1.4413369E-05   4.8756809E-05
 -1.1523075E-06   1.0449132E-05  -2.5475029E-06  -5.2986539E-05   1.8891246E-03  -9.7704663E-05  -2.7725579E-05  -4.8995592E-06   8.6243618E-04  -3.5765056E-04   6.3034906E-04   2.1874544E-02   1.8483801E-02   1.3804036E-02   1.3415318E-02   9.7172299E-05  -2.3675097E-04   3.6983154E-04   2.4701441E-04  -7.8122495E-04   4.0397043E-05   2.7813551E-05   2.3336573E-06   1.1497605E-05  -2.5499795E-05  -5.6912329E-05  -3.6615712E-07  -1.0851794E-07   8.7445002E-04   9.6080488E-04   9.1931802E-04   1.1569230E-03   6.5389778E-03  -9.0833119E-06  -1.9564967E-05  -1.3255625E-05  -1.0610566E-05  -4.9357407E-04  -5.3071927E-03   3.4381424E-07   8.4603402E-06  -3.3979550E-06  -6.8019861E-06   1.2912805E-04  -9.4913582E-06  -5.3401776E-06   7.5425387E-06   3.0132980E-05
  3.8947434E-08  -1.4440581E-07   1.0619320E-07   4.6880941E-07  -8.2093780E-06   1.8091173E-07   4.9005686E-07  -2.5102184E-07   4.0629840E-04  -9.3468255E-06   2.5181985E-04  -6.5283834E-03  -6.5452112E-04  -2.2456462E-04  -6.3486811E-04  -1.6726858E-05   8.5058242E-04   3.8923881E-04   2.7866056E-04  -4.8580700E-04  -1.0197485E-05  -9.2609677E-06   9.8606338E-06   9.3049333E-06   1.6210816E-05  -1.9335277E-05   9.8698175E-08   1.4132222E-08  -1.6449858E-05  -8.0709975E-06  -9.4657507E-06  -3.7182803E-06  -9.0833119E-06   5.1970548E-04   3.3630372E-06   7.0497175E-07   1.0023205E-05   9.2966507E-05  -3.3763965E-03  -8.3756153E-07  -1.1283583E-06   1.5360771E-06   1.9258076E-06  -1.6006050E-06  -2.5745683E-05   8.7569878E-06   2.0670137E-06  -1.5132808E-06
 -7.9403018E-10  -2.5952665E-07   2.2256478E-08  -2.1997242E-06  -1.1997171E-05  -5.2931144E-06   4.4966795E-07  -2.5873485E-07  -3.3763745E-05   7.3896622E-05   4.5093411E-04  -4.6538444E-03   1.3316640E-03   3.6414271E-03   1.4366611E-03  -7.5364556E-04   1.2537853E-04   3.7568533E-04   8.3366640E-04   6.6565173E-04   2.6488372E-06   5.9526751E-06  -7.6112494E-06  -5.0725646E-06  -3.6435518E-05  -1.6233950E-04  -6.4558947E-08  -1.8132958E-07   1.4565863E-05   1.1796190E-05   8.0666065E-06   1.0465677E-05  -1.9564967E-05   3.3630372E-06   5.0028551E-04   1.3858949E-05   5.4718658E-06   1.7932809E-04  -3.5857067E-03  -1.0905419E-06  -1.6412755E-06   4.1645435E-08   1.9531267E-06   1.5603076E-06   2.4677690E-05  -3.1871642E-05   1.2386806E-06   4.0804971E-06
  3.6212617E-07  -4.7332422E-06   4.8027150E-07   6.0222161E-07  -5.6661178E-05  -9.0582629E-06   1.0722547E-05   8.0093579E-08   1.3979482E-03   7.1430661E-07  -6.0315849E-05  -3.8763811E-06  -5.4327325E-03  -3.2833147E-03  -3.5118599E-03  -5.4845186E-05  -1.9981005E-04   3.0858960E-04  -6.6622255E-04  -2.1232653E-03  -2.0875622E-06   2.5913164E-06  -3.4481968E-05  -4.9068230E-07  -4.5847208E-06  -4.2271171E-05  -4.0459502E-08   2.5928263E-08   7.7705393E-05   3.4325717E-05   9.0729656E-06  -9.4955081E-06  -1.3255625E-05   7.0497175E-07   1.3858949E-05   3.9359285E-04   3.0083798E-05  -3.8359649E-05   1.0541662E-03   5.8015723E-07   5.8737624E-08  -4.1249017E-07  -1.7071496E-06   4.3233642E-06   3.2441675E-06   6.2204651E-06  -4.4306598E-05   1.6119020E-05
  2.6099045E-07  -3.2123215E-06   3.4833835E-07  -2.4622306E-07  -2.9631731E-05  -6.8015975E-06   7.9667945E-06   3.1403145E-07  -3.3906474E-04  -4.3003970E-05   6.9489265E-04  -8.9184349E-03  -4.5915794E-03  -2.1221362E-03   6.7643858E-05  -8.1772521E-04  -1.2920230E-04   1.6485359E-04   2.0211921E-04  -4.9424317E-04  -2.6626616E-06   8.0920712E-06  -3.9854364E-06   2.9518573E-06  -2.5218304E-05  -5.4259829E-05  -3.0002946E-09   8.5508912E-08   2.4196091E-05   4.1244327E-05   2.5989793E-05   1.1202026E-05  -1.0610566E-05   1.0023205E-05   5.4718658E-06   3.0083798E-05   4.2286045E-04  -7.2125375E-05   3.1975888E-04  -5.9768945E-07  -5.4106428E-07   2.9625346E-07  -6.8343688E-07  -6.0594301E-07   4.4474636E-06   8.0763047E-06   6.6144440E-06  -9.5440769E-05
 -1.1136247E-07   1.0365951E-06   8.3391085E-07   1.0841541E-05  -4.0085318E-04   2.5398150E-05   1.2599312E-06   9.5711727E-07   6.1255156E-05  -3.9010006E-04  -1.0110037E-03  -3.4760721E-02  -1.9926331E-02  -1.9810459E-02  -7.3166675E-03   4.2104815E-03   8.3201459E-03   3.8324528E-03   1.0324499E-03   1.0482023E-03  -1.7501940E-09  -3.9540570E-05   5.8526697E-05   1.3510197E-05  -8.9139972E-05  -5.5682763E-04   4.8522251E-07   3.1951835E-07  -5.8440085E-04  -5.8863857E-04  -3.8247496E-04  -5.9270858E-04  -4.9357407E-04   9.2966507E-05   1.7932809E-04  -3.8359649E-05  -7.2125375E-05   2.7813063E-02   1.3346174E-01  -2.9256272E-05  -5.8581791E-05   3.4875405E-05  -1.5673512E-04  -2.4167943E-05   2.0475503E-04   2.2459094E-04   1.9582110E-04  -2.0856542E-05
  2.2186423E-05  -3.0540976E-04   3.7228151E-05   4.2276948E-05  -7.2565372E-03  -6.1198131E-04   7.5330474E-04  -9.4086321E-06   2.1752241E-02   2.1704175E-03   6.7717814E-03  -1.2271709E+00  -3.0453888E-01  -1.7471515E-01  -1.5077915E-01  -1.1285083E-05   2.2384763E-02   1.2422310E-02   3.5371290E-02   1.2162366E-02   3.7396559E-04   1.3182234E-04   1.0315658E-03  -3.5743541E-04   1.6096970E-03   7.0298930E-05   7.5631332E-06  -2.8098590E-06   8.6275429E-03  -9.2012427E-04  -1.2915566E-03  -4.5157074E-03  -5.3071927E-03  -3.3763965E-03  -3.5857067E-03   1.0541662E-03   3.1975888E-04   1.3346174E-01   4.8950898E+00   1.2172053E-03   8.6695721E-05  -1.3735823E-05  -9.8734421E-04  -3.6520049E-04  -1.2456134E-02  -2.9183992E-03   2.3392240E-03   1.7687802E-03
  2.1882187E-08  -2.7672921E-07   2.8243503E-10  -4.2446279E-07  -1.3413174E-05  -1.4426621E-06   8.2229782E-07   2.4474740E-08   3.8060715E-04   1.1420468E-05  -1.7879332E-05  -5.9803068E-04  -2.4758189E-04   2.5560906E-04  -3.5994573E-04  -3.6882834E-05  -8.2333223E-05  -7.5501457E-06  -2.8889483E-04  -5.4985791E-04   1.0908807E-06   5.1001907E-07   1.6400067E-05  -6.6579141E-06   1.7493055E-06   1.0393566E-05   4.4937364E-08  -3.9153628E-08   1.3821842E-04  -4.0087016E-06  -8.1428825E-06  -6.0644514E-06   3.4381424E-07  -8.3756153E-07  -1.0905419E-06   5.8015723E-07  -5.9768945E-07  -2.9256272E-05   1.2172053E-03   5.6069125E-05  -1.6882887E-07  -3.5236889E-07   1.0214002E-06  -3.4627894E-07   1.9779273E-06   6.1733453E-07   8.1782307E-07   8.7841059E-07
  2.8581132E-08  -2.3499099E-07   2.0653397E-08   1.7746781E-07  -7.8355460E-06  -3.9381750E-08   7.7699709E-07   1.6581818E-08   2.4088653E-04  -1.9883297E-05  -1.6576618E-04   2.0420677E-03  -5.0288227E-04  -1.2832261E-03  -7.5705077E-04  -1.6981984E-04  -1.6318029E-04   6.5481304E-06  -6.6253266E-05  -1.2270615E-04   3.8166767E-08  -7.6796529E-07   5.1289535E-06  -4.2650368E-06  -5.0545761E-06  -8.6585453E-06   2.2690038E-08   7.4130800E-09   8.6251799E-06   6.9296797E-05  -2.3445437E-06  -7.6810658E-07   8.4603402E-06  -1.1283583E-06  -1.6412755E-06   5.8737624E-08  -5.4106428E-07  -5.8581791E-05   8.6695721E-05  -1.6882887E-07   4.3141996E-05   3.7905234E-07   3.9597976E-07  -3.1310090E-07   6.4156752E-07   4.0105036E-06   1.1574358E-06  -5.7890182E-07
  1.9631544E-08  -1.2206533E-07   4.4541794E-08   4.0218901E-07  -8.8877270E-06   6.7887656E-07   4.0082091E-07   3.8919234E-08  -4.9335916E-04   6.8787780E-06   4.5064031E-05  -4.5006377E-04   3.7935237E-05   3.8931451E-04   6.7936337E-04   1.5695774E-05  -3.1490497E-05  -1.2403232E-04  -1.1283434E-04   9.0700368E-05  -1.6916513E-06   1.0434246E-07  -3.8509368E-06   1.2084153E-06  -7.9448533E-06  -3.0101241E-06   6.3741878E-08   9.8459828E-09   7.6041990E-06  -1.3668822E-06   5.6460838E-05  -2.4272542E-07  -3.3979550E-06   1.5360771E-06   4.1645435E-08  -4.1249017E-07   2.9625346E-07   3.4875405E-05  -1.3735823E-05  -3.5236889E-07   3.7905234E-07   4.3212383E-05   3.4534671E-07   3.7048714E-07   9.5752865E-07   5.5822474E-06   4.7139593E-06  -1.4498141E-06
  3.1419096E-08  -3.2202222E-07   8.2313955E-09  -3.2973487E-08  -5.7607594E-06  -9.1846061E-07   8.0343372E-07   1.8497264E-09  -3.5353845E-06   4.0638525E-05  -2.8545721E-04   4.4166252E-03   9.9712240E-04   6.1931972E-04   5.1538568E-04  -7.6719479E-06  -6.6026255E-06   8.0650886E-05  -1.3051488E-05  -2.1829075E-04  -2.7321087E-06  -2.8324792E-06  -5.8517227E-06  -4.7831688E-06   7.7475664E-06  -2.2880775E-05   3.8324146E-08  -9.6629815E-09   1.5908798E-05   1.4381287E-05   2.4280934E-06   1.0837224E-04  -6.8019861E-06   1.9258076E-06   1.9531267E-06  -1.7071496E-06  -6.8343688E-07  -1.5673512E-04  -9.8734421E-04   1.0214002E-06   3.9597976E-07   3.4534671E-07   8.1269115E-05  -3.6720308E-07   1.3345809E-06   8.7518736E-07   6.5408009E-06   6.9179787E-06
  8.7384898E-09  -2.4857450E-07   3.2423598E-08   1.3448513E-06  -5.7476528E-06   2.1336561E-06   6.6311524E-07   1.6029400E-07   5.7292192E-04  -4.8060024E-05   9.9857480E-05   1.7674756E-03  -4.3979869E-04  -1.0868098E-03  -1.0833232E-03   2.4182306E-05  -2.2480509E-04   2.0650521E-04   2.7043618E-04   3.7552330E-04  -9.4695595E-07  -1.7315932E-07  -1.8769312E-06   1.0990563E-06   5.2858605E-07  -5.7928351E-06  -9.1688151E-08   4.6615157E-08  -2.8248409E-06   2.0367172E-06  -4.5829346E-06  -5.3453326E-06   1.2912805E-04  -1.6006050E-06   1.5603076E-06   4.3233642E-06  -6.0594301E-07  -2.4167943E-05  -3.6520049E-04  -3.4627894E-07  -3.1310090E-07   3.7048714E-07  -3.6720308E-07   9.4861950E-05   2.4541581E-06  -7.4574861E-08  -6.8148904E-07   6.9622201E-06
 -1.5061865E-08   2.9730726E-07  -4.6569028E-08  -5.8663206E-07  -3.9024078E-06   1.5794548E-09  -5.9014095E-07   4.3773517E-07  -7.8086442E-05   7.6100668E-06  -1.1899268E-04   5.7597824E-03  -3.5973580E-05   1.3494749E-04   6.2018051E-04   1.2743711E-04  -2.6475684E-04   2.4608352E-04  -2.1919797E-04  -4.5611901E-04  -6.5990426E-07  -6.7776968E-07  -5.9618265E-08  -2.8604451E-06  -3.1432712E-06  -2.4000191E-05  -3.7172717E-08  -2.4785011E-08  -7.7022537E-06  -5.4592251E-06  -1.8488770E-05  -5.3890458E-07  -9.4913582E-06  -2.5745683E-05   2.4677690E-05   3.2441675E-06   4.4474636E-06   2.0475503E-04  -1.2456134E-02   1.9779273E-06   6.4156752E-07   9.5752865E-07   1.3345809E-06   2.4541581E-06   2.0523565E-04   2.3327814E-05   2.1974248E-08  -5.0704301E-07
  5.4576351E-08  -6.2462373E-07   9.1753848E-08   9.6976726E-07  -8.6589379E-06   7.1282882E-07   1.5687496E-06   9.4583741E-08  -1.9800003E-04   2.8753702E-06   1.5503570E-04  -1.3060949E-03  -2.2920640E-04   6.0209609E-04   5.1276250E-04  -1.5435743E-04   9.0555210E-05  -1.3340658E-04  -8.7273263E-05   1.7876350E-04  -4.0027504E-06  -4.7402260E-06  -1.6906804E-06  -7.7641095E-06   1.1055111E-06  -3.6251476E-05   3.5323941E-08   5.4706877E-08   2.6774012E-06   4.9764224E-07  -1.0172560E-06   3.5436170E-06  -5.3401776E-06   8.7569878E-06  -3.1871642E-05   6.2204651E-06   8.0763047E-06   2.2459094E-04  -2.9183992E-03   6.1733453E-07   4.0105036E-06   5.5822474E-06   8.7518736E-07  -7.4574861E-08   2.3327814E-05   1.1480381E-04   4.7740088E-06   3.3852482E-06
  8.5586281E-08  -1.0676774E-06   1.3599260E-07  -2.9752007E-07  -1.1721394E-05  -3.2919332E-06   2.4993987E-06  -1.3627419E-07  -1.9273151E-04   1.1488255E-05  -1.3003892E-05  -2.1292562E-03   1.1313296E-04   5.4707299E-05   6.3539446E-05  -4.8448826E-05   2.2851388E-04  -1.1086360E-04  -1.2334554E-04  -1.9720173E-04   4.3309774E-07   7.7392710E-07  -1.5763781E-06  -4.9170369E-07  -1.3716434E-05  -1.6849253E-05   5.8021021E-08   4.1491251E-09   1.8882018E-05   1.5736079E-05   1.3473227E-05   1.4413369E-05   7.5425387E-06   2.0670137E-06   1.2386806E-06  -4.4306598E-05   6.6144440E-06   1.9582110E-04   2.3392240E-03   8.1782307E-07   1.1574358E-06   4.7139593E-06   6.5408009E-06  -6.8148904E-07   2.1974248E-08   4.7740088E-06   9.0844794E-05   1.3558698E-05
  1.5461198E-07  -2.2619770E-06   1.7733720E-07   6.1488356E-07   1.0831128E-05  -4.6803466E-06   5.2986909E-06  -1.8798923E-07   6.6695628E-04   1.0336352E-04  -4.6353990E-04   3.2675120E-03  -6.5220470E-04  -8.2539261E-04  -3.8379273E-03   9.4963048E-04   1.3183142E-04  -3.2106752E-04  -1.5612996E-04  -5.1282381E-04   7.2691302E-07  -7.0820481E-07  -8.9134276E-06  -3.2202788E-06   2.1228280E-05  -1.7949982E-05   7.8099282E-08   3.6615997E-08   3.7645621E-05   2.9667219E-05   1.6953884E-05   4.8756809E-05   3.0132980E-05  -1.5132808E-06   4.0804971E-06   1.6119020E-05  -9.5440769E-05  -2.0856542E-05   1.7687802E-03   8.7841059E-07  -5.7890182E-07  -1.4498141E-06   6.9179787E-06   6.9622201E-06  -5.0704301E-07   3.3852482E-06   1.3558698E-05   3.2611938E-04
