# omegabh2 omegach2 theta tau logA ns galfTE100 galfTE100143 galfTE100217 galfTE143 galfTE143217 galfTE217 cal0 calPlanck
    0.6421873E-07   -0.8357093E-07    0.2005329E-07    0.5942234E-05    0.1305073E-04    0.1905463E-05   -0.3111490E-06   -0.2273132E-06    0.2233400E-06   -0.5322867E-06   -0.6935453E-06   -0.3378791E-05    0.2053556E-08    0.2785022E-07
   -0.8357093E-07    0.1640370E-05   -0.3461986E-07   -0.1293049E-04   -0.2269421E-04   -0.5321796E-05   -0.1506830E-06    0.7591750E-06   -0.1685561E-05    0.3292969E-05    0.1488111E-05    0.1015805E-04   -0.1819522E-07   -0.2109408E-07
    0.2005329E-07   -0.3461986E-07    0.2225408E-06    0.8418194E-06    0.1973465E-05    0.4102422E-06   -0.6068049E-07    0.2632806E-06   -0.8431250E-06    0.5959449E-06   -0.3221856E-06   -0.3342257E-05    0.6288741E-08    0.2449300E-07
    0.5942234E-05   -0.1293049E-04    0.8418194E-06    0.2658311E-02    0.5599539E-02    0.3692599E-03   -0.4592613E-04   -0.2786029E-04    0.5332621E-04   -0.5509698E-04    0.9504644E-04    0.2470028E-03    0.2846183E-06   -0.4037363E-05
    0.1305073E-04   -0.2269421E-04    0.1973465E-05    0.5599539E-02    0.1188390E-01    0.7976988E-03   -0.9642574E-04   -0.5383915E-04    0.1068907E-03   -0.1041967E-03    0.2135743E-03    0.6150105E-03    0.7708513E-06    0.4904088E-05
    0.1905463E-05   -0.5321796E-05    0.4102422E-06    0.3692599E-03    0.7976988E-03    0.1504341E-03   -0.1365094E-04   -0.1050605E-04    0.3565466E-04   -0.1516786E-04    0.2773507E-04    0.1006815E-03    0.3278579E-06    0.1236037E-05
   -0.3111490E-06   -0.1506830E-06   -0.6068049E-07   -0.4592613E-04   -0.9642574E-04   -0.1365094E-04    0.1459084E-02    0.2990166E-03    0.1185680E-03   -0.3626315E-03    0.2709205E-04    0.4631917E-04    0.6305226E-06    0.6917356E-06
   -0.2273132E-06    0.7591750E-06    0.2632806E-06   -0.2786029E-04   -0.5383915E-04   -0.1050605E-04    0.2990166E-03    0.8631947E-03    0.6181839E-04    0.7634447E-03    0.9841122E-04   -0.5620071E-03   -0.3403960E-06   -0.1251031E-05
    0.2233400E-06   -0.1685561E-05   -0.8431250E-06    0.5332621E-04    0.1068907E-03    0.3565466E-04    0.1185680E-03    0.6181839E-04    0.7086004E-02   -0.3130794E-03    0.4708655E-03    0.3939580E-02   -0.1331269E-05   -0.5397552E-05
   -0.5322867E-06    0.3292969E-05    0.5959449E-06   -0.5509698E-04   -0.1041967E-03   -0.1516786E-04   -0.3626315E-03    0.7634447E-03   -0.3130794E-03    0.2916599E-02    0.5516867E-03   -0.3997786E-03   -0.4607575E-06   -0.1226892E-05
   -0.6935453E-06    0.1488111E-05   -0.3221856E-06    0.9504644E-04    0.2135743E-03    0.2773507E-04    0.2709205E-04    0.9841122E-04    0.4708655E-03    0.5516867E-03    0.6592694E-02    0.7755745E-02   -0.1735436E-06    0.1205665E-05
   -0.3378791E-05    0.1015805E-04   -0.3342257E-05    0.2470028E-03    0.6150105E-03    0.1006815E-03    0.4631917E-04   -0.5620071E-03    0.3939580E-02   -0.3997786E-03    0.7755745E-02    0.6638816E-01    0.1202859E-05    0.1048839E-04
    0.2053556E-08   -0.1819522E-07    0.6288741E-08    0.2846183E-06    0.7708513E-06    0.3278579E-06    0.6305226E-06   -0.3403960E-06   -0.1331269E-05   -0.4607575E-06   -0.1735436E-06    0.1202859E-05    0.1000971E-05   -0.7848639E-08
    0.2785022E-07   -0.2109408E-07    0.2449300E-07   -0.4037363E-05    0.4904088E-05    0.1236037E-05    0.6917356E-06   -0.1251031E-05   -0.5397552E-05   -0.1226892E-05    0.1205665E-05    0.1048839E-04   -0.7848639E-08    0.6287337E-05
