# omegabh2 omegach2 theta tau w logA ns calPlanck acib217 xi asz143 aps100 aps143 aps143217 aps217 aksz kgal100 kgal143 kgal143217 kgal217 galfTE100 galfTE100143 galfTE100217 galfTE143 galfTE143217 galfTE217 cal0 cal2
  2.1075429E-08  -9.6908695E-08   1.5185512E-08   2.0137823E-07   2.8781529E-06   2.9698366E-07   2.4125701E-07   2.1457053E-08  -6.1953615E-05   9.8538025E-07   1.8919813E-05  -3.2107823E-04  -2.0485815E-04  -6.2653268E-05  -5.9709515E-06  -3.2745476E-05   7.1462016E-07  -7.1428909E-06  -1.1943561E-05   5.0840163E-06  -4.5698984E-08  -1.3155842E-07  -2.8130086E-08  -3.0924825E-07  -3.4566692E-07  -1.9117135E-06   1.8537470E-09  -1.4492841E-09
 -9.6908695E-08   1.5640349E-06  -1.1748320E-07  -2.0241538E-06  -4.3671617E-05  -5.5656294E-07  -3.6152939E-06  -1.5423484E-07  -7.8731468E-05  -4.1392403E-07  -2.7966550E-05   6.7716057E-04   8.4035531E-04   6.3585769E-04   5.9763593E-04   2.5127927E-05  -3.2993951E-05  -1.1042819E-05   3.6336392E-05   1.3769876E-04   3.3430586E-07   4.1692144E-07   1.0323337E-06   2.0700979E-06   2.1636011E-06   1.7035979E-05   5.9205515E-09   3.9734829E-10
  1.5185512E-08  -1.1748320E-07   9.5853970E-08   2.2820099E-07   4.9265359E-06   2.5132009E-07   3.8957977E-07  -2.9021926E-09   5.8870229E-06  -1.2301609E-06   1.5310156E-06  -9.8777152E-05  -6.1978346E-05  -7.0095032E-05  -6.6299916E-05   2.8385087E-06   4.5171378E-06   4.0467159E-06   2.9223642E-06   1.8742137E-06  -1.2949335E-07  -1.2418290E-07  -2.2537096E-07  -2.4546005E-07  -1.2458681E-07  -1.9290349E-06  -5.5434493E-10   4.2431605E-10
  2.0137823E-07  -2.0241538E-06   2.2820099E-07   4.7234215E-05   5.4129686E-05   9.0468606E-05   6.3358665E-06   3.1956955E-07  -9.5176790E-04   3.5792427E-05   3.3238152E-04  -5.5734411E-03  -3.3241260E-03  -7.1981459E-04   2.2362353E-05  -7.4796446E-04   3.6558093E-05  -1.7762377E-04  -1.1581723E-04   5.5525977E-05  -4.2988186E-07  -1.4252020E-06  -8.9254815E-06  -6.8084802E-06  -3.2996151E-07  -7.1802804E-06   1.6010408E-08  -2.0251409E-08
  2.8781529E-06  -4.3671617E-05   4.9265359E-06   5.4129686E-05   3.2874986E-03   1.3056491E-05   1.0337019E-04   4.7530028E-06   5.7128319E-03   2.5210943E-06   5.8529929E-04   2.6029359E-04  -1.9480452E-02  -1.7789500E-02  -2.0519046E-02  -1.1702690E-03  -7.5090900E-05   5.5503707E-04  -1.1989314E-03  -5.7180686E-03   1.0227584E-06  -5.7550201E-07  -6.0000495E-05  -7.7005016E-05  -4.9693136E-05  -5.2212669E-04   1.2541962E-07  -4.6631845E-08
  2.9698366E-07  -5.5656294E-07   2.5132009E-07   9.0468606E-05   1.3056491E-05   2.1030189E-04   3.1555014E-06   1.3185024E-05  -2.7421462E-03   1.1822589E-04   7.3666260E-04  -7.3365791E-03  -3.9888541E-03   3.1927775E-03   7.9137921E-03  -2.4188557E-03  -3.2337452E-04  -1.0490624E-03  -1.0028657E-03   1.6202726E-03   4.7414812E-06  -2.0871956E-06  -1.9263975E-05  -1.0138581E-05   4.2539430E-06   3.3453830E-05   1.9770348E-07  -6.5177909E-08
  2.4125701E-07  -3.6152939E-06   3.8957977E-07   6.3358665E-06   1.0337019E-04   3.1555014E-06   1.7373273E-05   4.1950105E-07  -3.4421344E-03   7.4146528E-05   8.5245135E-04  -2.1094904E-02  -6.4038609E-03   6.5066553E-04   3.1181204E-03  -1.9782259E-03   3.3175223E-04  -3.5177144E-04  -4.0599566E-04   7.2358205E-04  -1.2933490E-06   4.1018981E-07  -3.0580536E-06  -5.1749397E-06  -4.8315534E-06  -4.8991260E-05  -1.0087241E-07  -6.5987918E-08
  2.1457053E-08  -1.5423484E-07  -2.9021926E-09   3.1956955E-07   4.7530028E-06   1.3185024E-05   4.1950105E-07   6.3536152E-06   5.1266126E-04   2.9146251E-07   4.2890350E-05   3.1076570E-03   3.1378567E-04   5.5622036E-04   1.5376478E-03  -6.8588090E-05   4.4804194E-06  -6.3657073E-05  -1.8783460E-04   5.8422018E-04   2.0752276E-06   4.6837185E-07  -2.0363970E-06  -2.6692378E-07  -7.5311899E-08   4.7744871E-06  -3.7927353E-09  -1.0590902E-08
 -6.1953615E-05  -7.8731468E-05   5.8870229E-06  -9.5176790E-04   5.7128319E-03  -2.7421462E-03  -3.4421344E-03   5.1266126E-04   4.3204191E+01  -3.5235620E-01  -8.7188800E-01   3.2870537E+01   1.5273573E+00  -1.2812260E+01  -5.3723933E+01  -1.0954596E-01   1.2687809E-01   4.1357541E-01  -5.7708585E+00  -3.2662063E+01   7.5688773E-04   1.8092523E-03  -8.7175901E-05  -4.1047376E-03  -2.5499467E-03   1.1402360E-02  -1.7937661E-04   6.8472715E-04
  9.8538025E-07  -4.1392403E-07  -1.2301609E-06   3.5792427E-05   2.5210943E-06   1.1822589E-04   7.4146528E-05   2.9146251E-07  -3.5235620E-01   8.0349265E-02  -4.8246539E-02  -4.7722865E-01   9.0370254E-01   1.6582611E+00   5.8395444E-01   4.5451518E-02   1.1770094E-03   1.5266628E-02   1.0235418E-01   1.1694244E-01  -6.0836585E-05  -3.3421048E-06  -2.1896871E-04  -3.2654406E-04   5.3651536E-05   4.6573085E-04   5.2478543E-06  -2.8523958E-07
  1.8919813E-05  -2.7966550E-05   1.5310156E-06   3.3238152E-04   5.8529929E-04   7.3666260E-04   8.5245135E-04   4.2890350E-05  -8.7188800E-01  -4.8246539E-02   3.8929647E+00  -2.9852764E+01  -3.0646328E+00   7.8610248E+00   5.5135292E+00  -2.8056610E+00  -2.0777315E-01   1.3012849E-01   2.6896195E+00   3.4268769E+00  -1.8593995E-04   7.4774755E-04   1.3746233E-03   8.6246444E-04  -6.1774221E-04  -2.8236439E-03   1.0569227E-04  -3.0225274E-05
 -3.2107823E-04   6.7716057E-04  -9.8777152E-05  -5.5734411E-03   2.6029359E-04  -7.3365791E-03  -2.1094904E-02   3.1076570E-03   3.2870537E+01  -4.7722865E-01  -2.9852764E+01   7.6564584E+02   6.5326577E+01  -5.4197976E+01  -5.6334807E+01   1.3627207E+01  -6.0456682E+00   5.2212810E+00  -1.2406171E+01  -2.3872168E+01   6.4250447E-03  -1.1364065E-02   1.2265432E-03  -7.7708139E-03  -7.3104073E-03  -2.1102851E-03   3.8903107E-03   3.6308806E-04
 -2.0485815E-04   8.4035531E-04  -6.1978346E-05  -3.3241260E-03  -1.9480452E-02  -3.9888541E-03  -6.4038609E-03   3.1378567E-04   1.5273573E+00   9.0370254E-01  -3.0646328E+00   6.5326577E+01   5.8717629E+01   3.9011573E+01   1.4598248E+01  -4.8093412E+00  -1.0031336E-01  -1.2071702E+00   3.3111194E+00   3.8924187E+00   4.6375784E-04   8.7645971E-04  -5.8720984E-03  -1.1459958E-03   8.2272549E-04   2.8630260E-02   1.0941959E-04   4.3963494E-05
 -6.2653268E-05   6.3585769E-04  -7.0095032E-05  -7.1981459E-04  -1.7789500E-02   3.1927775E-03   6.5066553E-04   5.5622036E-04  -1.2812260E+01   1.6582611E+00   7.8610248E+00  -5.4197976E+01   3.9011573E+01   8.5132838E+01   5.2722112E+01  -1.2027011E+01  -6.2213265E-01  -6.1649013E-01   4.8613528E+00   7.9925649E+00  -1.6043770E-03   1.7504369E-03  -3.8356038E-03  -3.4776233E-03   2.1877386E-03   4.8366552E-04   4.6893682E-04  -4.0131640E-04
 -5.9709515E-06   5.9763593E-04  -6.6299916E-05   2.2362353E-05  -2.0519046E-02   7.9137921E-03   3.1181204E-03   1.5376478E-03  -5.3723933E+01   5.8395444E-01   5.5135292E+00  -5.6334807E+01   1.4598248E+01   5.2722112E+01   1.0221967E+02  -9.2915639E+00  -5.2907074E-01  -1.1234969E+00   5.3369465E+00   3.2668423E+01   7.5968389E-04  -2.2863424E-03  -4.0187769E-03   4.3486210E-03   6.7014607E-03  -4.6160572E-03   4.7428344E-04  -1.3514130E-03
 -3.2745476E-05   2.5127927E-05   2.8385087E-06  -7.4796446E-04  -1.1702690E-03  -2.4188557E-03  -1.9782259E-03  -6.8588090E-05  -1.0954596E-01   4.5451518E-02  -2.8056610E+00   1.3627207E+01  -4.8093412E+00  -1.2027011E+01  -9.2915639E+00   5.8548683E+00   9.2137687E-02  -1.8559892E-01  -2.1265734E+00  -2.4014212E+00  -4.8095009E-04  -4.4325533E-04  -3.8061557E-04   7.1626420E-04   6.9173523E-04   6.1497805E-03  -8.1254029E-05   2.1294105E-05
  7.1462016E-07  -3.2993951E-05   4.5171378E-06   3.6558093E-05  -7.5090900E-05  -3.2337452E-04   3.3175223E-04   4.4804194E-06   1.2687809E-01   1.1770094E-03  -2.0777315E-01  -6.0456682E+00  -1.0031336E-01  -6.2213265E-01  -5.2907074E-01   9.2137687E-02   3.3462232E+00   5.2826915E-01   1.9920059E-01   1.9484569E-01   4.8888870E-05   1.1389399E-03   1.7025094E-04  -3.6830904E-04  -8.9460759E-04  -3.3283673E-04   1.9008028E-04  -3.5875799E-06
 -7.1428909E-06  -1.1042819E-05   4.0467159E-06  -1.7762377E-04   5.5503707E-04  -1.0490624E-03  -3.5177144E-04  -6.3657073E-05   4.1357541E-01   1.5266628E-02   1.3012849E-01   5.2212810E+00  -1.2071702E+00  -6.1649013E-01  -1.1234969E+00  -1.8559892E-01   5.2826915E-01   3.0643743E+00   2.6750049E+00   2.7454335E+00  -5.9487085E-05  -1.5781418E-04   2.7169064E-04  -2.5122607E-04   9.5042233E-04  -2.6869552E-03  -1.8210700E-04  -5.1102423E-05
 -1.1943561E-05   3.6336392E-05   2.9223642E-06  -1.1581723E-04  -1.1989314E-03  -1.0028657E-03  -4.0599566E-04  -1.8783460E-04  -5.7708585E+00   1.0235418E-01   2.6896195E+00  -1.2406171E+01   3.3111194E+00   4.8613528E+00   5.3369465E+00  -2.1265734E+00   1.9920059E-01   2.6750049E+00   1.0826279E+01   1.9261267E+01   2.5762155E-04   9.4467205E-04   3.9928821E-04   1.6502132E-03  -2.2019599E-03   3.4037596E-03  -3.7058312E-05   4.0447470E-04
  5.0840163E-06   1.3769876E-04   1.8742137E-06   5.5525977E-05  -5.7180686E-03   1.6202726E-03   7.2358205E-04   5.8422018E-04  -3.2662063E+01   1.1694244E-01   3.4268769E+00  -2.3872168E+01   3.8924187E+00   7.9925649E+00   3.2668423E+01  -2.4014212E+00   1.9484569E-01   2.7454335E+00   1.9261267E+01   5.3152822E+01   3.5992759E-04   3.3541809E-04   3.2320448E-03   5.5473134E-03  -5.0145934E-03  -4.8917375E-03   2.7226951E-05   9.3157864E-04
 -4.5698984E-08   3.3430586E-07  -1.2949335E-07  -4.2988186E-07   1.0227584E-06   4.7414812E-06  -1.2933490E-06   2.0752276E-06   7.5688773E-04  -6.0836585E-05  -1.8593995E-04   6.4250447E-03   4.6375784E-04  -1.6043770E-03   7.5968389E-04  -4.8095009E-04   4.8888870E-05  -5.9487085E-05   2.5762155E-04   3.5992759E-04   1.4457500E-03   2.5280101E-04   1.2775717E-04  -3.9443153E-04  -1.2886620E-04  -3.3079089E-05   2.3540862E-07   1.3335786E-07
 -1.3155842E-07   4.1692144E-07  -1.2418290E-07  -1.4252020E-06  -5.7550201E-07  -2.0871956E-06   4.1018981E-07   4.6837185E-07   1.8092523E-03  -3.3421048E-06   7.4774755E-04  -1.1364065E-02   8.7645971E-04   1.7504369E-03  -2.2863424E-03  -4.4325533E-04   1.1389399E-03  -1.5781418E-04   9.4467205E-04   3.3541809E-04   2.5280101E-04   8.4353891E-04   3.5043615E-05   7.0850302E-04   6.9266458E-05  -6.6036119E-04   1.1766967E-07  -2.0843398E-08
 -2.8130086E-08   1.0323337E-06  -2.2537096E-07  -8.9254815E-06  -6.0000495E-05  -1.9263975E-05  -3.0580536E-06  -2.0363970E-06  -8.7175901E-05  -2.1896871E-04   1.3746233E-03   1.2265432E-03  -5.8720984E-03  -3.8356038E-03  -4.0187769E-03  -3.8061557E-04   1.7025094E-04   2.7169064E-04   3.9928821E-04   3.2320448E-03   1.2775717E-04   3.5043615E-05   7.3560998E-03  -2.9629275E-04   6.1852518E-04   4.6259419E-03   2.6715653E-07   1.1071413E-06
 -3.0924825E-07   2.0700979E-06  -2.4546005E-07  -6.8084802E-06  -7.7005016E-05  -1.0138581E-05  -5.1749397E-06  -2.6692378E-07  -4.1047376E-03  -3.2654406E-04   8.6246444E-04  -7.7708139E-03  -1.1459958E-03  -3.4776233E-03   4.3486210E-03   7.1626420E-04  -3.6830904E-04  -2.5122607E-04   1.6502132E-03   5.5473134E-03  -3.9443153E-04   7.0850302E-04  -2.9629275E-04   2.8700972E-03   5.5667150E-04  -1.0133105E-03   3.4241130E-08   4.0083154E-07
 -3.4566692E-07   2.1636011E-06  -1.2458681E-07  -3.2996151E-07  -4.9693136E-05   4.2539430E-06  -4.8315534E-06  -7.5311899E-08  -2.5499467E-03   5.3651536E-05  -6.1774221E-04  -7.3104073E-03   8.2272549E-04   2.1877386E-03   6.7014607E-03   6.9173523E-04  -8.9460759E-04   9.5042233E-04  -2.2019599E-03  -5.0145934E-03  -1.2886620E-04   6.9266458E-05   6.1852518E-04   5.5667150E-04   6.3994371E-03   7.9208141E-03  -2.8278236E-07  -8.4166416E-07
 -1.9117135E-06   1.7035979E-05  -1.9290349E-06  -7.1802804E-06  -5.2212669E-04   3.3453830E-05  -4.8991260E-05   4.7744871E-06   1.1402360E-02   4.6573085E-04  -2.8236439E-03  -2.1102851E-03   2.8630260E-02   4.8366552E-04  -4.6160572E-03   6.1497805E-03  -3.3283673E-04  -2.6869552E-03   3.4037596E-03  -4.8917375E-03  -3.3079089E-05  -6.6036119E-04   4.6259419E-03  -1.0133105E-03   7.9208141E-03   7.3129983E-02  -2.2738525E-07   1.5469189E-07
  1.8537470E-09   5.9205515E-09  -5.5434493E-10   1.6010408E-08   1.2541962E-07   1.9770348E-07  -1.0087241E-07  -3.7927353E-09  -1.7937661E-04   5.2478543E-06   1.0569227E-04   3.8903107E-03   1.0941959E-04   4.6893682E-04   4.7428344E-04  -8.1254029E-05   1.9008028E-04  -1.8210700E-04  -3.7058312E-05   2.7226951E-05   2.3540862E-07   1.1766967E-07   2.6715653E-07   3.4241130E-08  -2.8278236E-07  -2.2738525E-07   3.8039853E-07  -2.0006758E-09
 -1.4492841E-09   3.9734829E-10   4.2431605E-10  -2.0251409E-08  -4.6631845E-08  -6.5177909E-08  -6.5987918E-08  -1.0590902E-08   6.8472715E-04  -2.8523958E-07  -3.0225274E-05   3.6308806E-04   4.3963494E-05  -4.0131640E-04  -1.3514130E-03   2.1294105E-05  -3.5875799E-06  -5.1102423E-05   4.0447470E-04   9.3157864E-04   1.3335786E-07  -2.0843398E-08   1.1071413E-06   4.0083154E-07  -8.4166416E-07   1.5469189E-07  -2.0006758E-09   3.8632930E-07
