# omegabh2 omegach2 theta tau Alens logA ns calPlanck acib217 xi asz143 aps100 aps143 aps143217 aps217 aksz kgal100 kgal143 kgal143217 kgal217 cal0 cal2
    0.8571168E-07   -0.5086171E-06    0.9167150E-07    0.4426832E-06    0.1703060E-04   -0.8678698E-07    0.1521642E-05    0.1266804E-07   -0.4352793E-03    0.9105108E-05    0.8499034E-04   -0.1704148E-02   -0.9775063E-03   -0.2783682E-03    0.4041616E-04   -0.1259791E-03    0.3747499E-05   -0.4848551E-05   -0.6661775E-04    0.1325677E-04    0.3916637E-08   -0.4673742E-07
   -0.5086171E-06    0.6325084E-05   -0.7793735E-06   -0.5667579E-05   -0.1404292E-03    0.2810435E-05   -0.1625365E-04   -0.9873582E-07    0.2213222E-02   -0.4841702E-04   -0.4342691E-03    0.9322907E-02    0.5525090E-02    0.1796130E-02    0.2023238E-03    0.6943519E-03   -0.7664728E-05   -0.1914915E-04    0.3946422E-03    0.1184783E-03   -0.1624840E-07    0.2677860E-06
    0.9167150E-07   -0.7793735E-06    0.2816359E-06    0.6593542E-06    0.2162948E-04   -0.1840908E-06    0.2321481E-05    0.1176114E-07   -0.3153595E-03    0.6178789E-05    0.6137219E-04   -0.1460634E-02   -0.8822989E-03   -0.3718441E-03   -0.9856076E-04   -0.1027995E-03   -0.1307234E-04    0.1852285E-05   -0.7694752E-04   -0.5755443E-04   -0.2476350E-08   -0.3936322E-07
    0.4426832E-06   -0.5667579E-05    0.6593542E-06    0.2430314E-03   -0.4123829E-03    0.4711973E-03    0.2149871E-04    0.3436884E-06   -0.3384170E-02    0.1448581E-03    0.7024549E-03   -0.2144950E-01   -0.9379356E-02   -0.2536732E-02   -0.4984204E-03   -0.8367124E-03    0.1480833E-03   -0.1123819E-03   -0.5149010E-03   -0.5013269E-03   -0.3686681E-07   -0.8804996E-07
    0.1703060E-04   -0.1404292E-03    0.2162948E-04   -0.4123829E-03    0.8959012E-02   -0.1132363E-02    0.3978233E-03   -0.9676068E-05   -0.1199447E+00    0.2402010E-02    0.1991592E-01   -0.4685689E+00   -0.2317792E+00   -0.5597215E-01    0.3285594E-01   -0.3383074E-01    0.3110680E-03   -0.3413314E-02   -0.2220418E-01   -0.7228787E-02    0.2285466E-06   -0.1645125E-04
   -0.8678698E-07    0.2810435E-05   -0.1840908E-06    0.4711973E-03   -0.1132363E-02    0.9734052E-03    0.5495208E-05    0.1313238E-04   -0.2013847E-02    0.2472541E-03    0.2898418E-03   -0.1815796E-01   -0.6127461E-02    0.6611477E-03    0.4247691E-02   -0.7300419E-03    0.7418467E-04   -0.7920573E-03   -0.1165655E-02    0.1615225E-03    0.1133648E-06    0.3591971E-06
    0.1521642E-05   -0.1625365E-04    0.2321481E-05    0.2149871E-04    0.3978233E-03    0.5495208E-05    0.5349899E-04    0.4285488E-06   -0.1130005E-01    0.2698637E-03    0.2097957E-02   -0.5155856E-01   -0.2167611E-01   -0.2570145E-02    0.5261182E-02   -0.3895884E-02    0.2878227E-03   -0.1773313E-03   -0.1929552E-02   -0.2482176E-03   -0.1940752E-06   -0.1209125E-05
    0.1266804E-07   -0.9873582E-07    0.1176114E-07    0.3436884E-06   -0.9676068E-05    0.1313238E-04    0.4285488E-06    0.6367975E-05    0.9941442E-03   -0.1445011E-05   -0.1049044E-03    0.3912981E-02    0.2938122E-03   -0.1482890E-03    0.7003708E-03    0.1019426E-03    0.4368339E-04    0.1370930E-04   -0.2273809E-03    0.4357522E-03   -0.1644056E-07    0.3071726E-07
   -0.4352793E-03    0.2213222E-02   -0.3153595E-03   -0.3384170E-02   -0.1199447E+00   -0.2013847E-02   -0.1130005E-01    0.9941442E-03    0.4582505E+02   -0.5289422E+00   -0.2227423E+01    0.5325850E+02    0.4999938E+01   -0.2045133E+02   -0.6230485E+02    0.9677745E+00    0.9688324E-01    0.1839280E+00   -0.1164617E+01   -0.1820869E+02   -0.1171457E-03    0.4757412E-02
    0.9105108E-05   -0.4841702E-04    0.6178789E-05    0.1448581E-03    0.2402010E-02    0.2472541E-03    0.2698637E-03   -0.1445011E-05   -0.5289422E+00    0.7851404E-01   -0.3050029E-01   -0.8354661E+00    0.8924210E+00    0.1937404E+01    0.8376440E+00    0.1710349E-01   -0.1089127E-01   -0.1840079E-02    0.9856200E-01    0.1117445E+00    0.8478856E-05   -0.2096567E-04
    0.8499034E-04   -0.4342691E-03    0.6137219E-04    0.7024549E-03    0.1991592E-01    0.2898418E-03    0.2097957E-02   -0.1049044E-03   -0.2227423E+01   -0.3050029E-01    0.3434600E+01   -0.2883580E+02   -0.4492330E+01    0.7067749E+01    0.6205642E+01   -0.2101301E+01   -0.9329220E-01    0.7513278E-01    0.2055150E+01    0.1856065E+01    0.1774425E-03   -0.4282434E-03
   -0.1704148E-02    0.9322907E-02   -0.1460634E-02   -0.2144950E-01   -0.4685689E+00   -0.1815796E-01   -0.5155856E-01    0.3912981E-02    0.5325850E+02   -0.8354661E+00   -0.2883580E+02    0.8001660E+03    0.8501237E+02   -0.5341207E+02   -0.7275403E+02    0.1245473E+02   -0.4385091E+01    0.3150847E+01   -0.8831230E+01   -0.1483479E+02    0.6235755E-02    0.5629228E-02
   -0.9775063E-03    0.5525090E-02   -0.8822989E-03   -0.9379356E-02   -0.2317792E+00   -0.6127461E-02   -0.2167611E-01    0.2938122E-03    0.4999938E+01    0.8924210E+00   -0.4492330E+01    0.8501237E+02    0.6725666E+02    0.4531679E+02    0.1529551E+02   -0.2609673E+01   -0.6071250E+00   -0.9997428E+00    0.4092026E+01    0.2997769E+01    0.8400471E-04    0.6552028E-03
   -0.2783682E-03    0.1796130E-02   -0.3718441E-03   -0.2536732E-02   -0.5597215E-01    0.6611477E-03   -0.2570145E-02   -0.1482890E-03   -0.2045133E+02    0.1937404E+01    0.7067749E+01   -0.5341207E+02    0.4531679E+02    0.9929910E+02    0.6484505E+02   -0.9518889E+01   -0.7295897E+00   -0.4889693E+00    0.4008028E+01    0.3921675E+01    0.7511758E-03   -0.2526966E-02
    0.4041616E-04    0.2023238E-03   -0.9856076E-04   -0.4984204E-03    0.3285594E-01    0.4247691E-02    0.5261182E-02    0.7003708E-03   -0.6230485E+02    0.8376440E+00    0.6205642E+01   -0.7275403E+02    0.1529551E+02    0.6484505E+02    0.1200786E+03   -0.8151393E+01   -0.4333949E+00   -0.5938750E+00   -0.2158402E+01    0.1364357E+02    0.5037715E-03   -0.7978891E-02
   -0.1259791E-03    0.6943519E-03   -0.1027995E-03   -0.8367124E-03   -0.3383074E-01   -0.7300419E-03   -0.3895884E-02    0.1019426E-03    0.9677745E+00    0.1710349E-01   -0.2101301E+01    0.1245473E+02   -0.2609673E+01   -0.9518889E+01   -0.8151393E+01    0.4719508E+01    0.4745888E-01   -0.8599536E-01   -0.1386554E+01   -0.1049624E+01   -0.9475844E-04    0.2331234E-03
    0.3747499E-05   -0.7664728E-05   -0.1307234E-04    0.1480833E-03    0.3110680E-03    0.7418467E-04    0.2878227E-03    0.4368339E-04    0.9688324E-01   -0.1089127E-01   -0.9329220E-01   -0.4385091E+01   -0.6071250E+00   -0.7295897E+00   -0.4333949E+00    0.4745888E-01    0.3536272E+01    0.4201413E+00    0.9427164E-01    0.1560920E+00    0.2912163E-03    0.2242800E-05
   -0.4848551E-05   -0.1914915E-04    0.1852285E-05   -0.1123819E-03   -0.3413314E-02   -0.7920573E-03   -0.1773313E-03    0.1370930E-04    0.1839280E+00   -0.1840079E-02    0.7513278E-01    0.3150847E+01   -0.9997428E+00   -0.4889693E+00   -0.5938750E+00   -0.8599536E-01    0.4201413E+00    0.3456689E+01    0.2849899E+01    0.2158144E+01   -0.3123933E-03   -0.1677017E-03
   -0.6661775E-04    0.3946422E-03   -0.7694752E-04   -0.5149010E-03   -0.2220418E-01   -0.1165655E-02   -0.1929552E-02   -0.2273809E-03   -0.1164617E+01    0.9856200E-01    0.2055150E+01   -0.8831230E+01    0.4092026E+01    0.4008028E+01   -0.2158402E+01   -0.1386554E+01    0.9427164E-01    0.2849899E+01    0.1757987E+02    0.2602626E+02   -0.5220280E-04    0.2662052E-02
    0.1325677E-04    0.1184783E-03   -0.5755443E-04   -0.5013269E-03   -0.7228787E-02    0.1615225E-03   -0.2482176E-03    0.4357522E-03   -0.1820869E+02    0.1117445E+00    0.1856065E+01   -0.1483479E+02    0.2997769E+01    0.3921675E+01    0.1364357E+02   -0.1049624E+01    0.1560920E+00    0.2158144E+01    0.2602626E+02    0.5503385E+02   -0.2857020E-04    0.4594865E-02
    0.3916637E-08   -0.1624840E-07   -0.2476350E-08   -0.3686681E-07    0.2285466E-06    0.1133648E-06   -0.1940752E-06   -0.1644056E-07   -0.1171457E-03    0.8478856E-05    0.1774425E-03    0.6235755E-02    0.8400471E-04    0.7511758E-03    0.5037715E-03   -0.9475844E-04    0.2912163E-03   -0.3123933E-03   -0.5220280E-04   -0.2857020E-04    0.6112428E-06    0.1250284E-07
   -0.4673742E-07    0.2677860E-06   -0.3936322E-07   -0.8804996E-07   -0.1645125E-04    0.3591971E-06   -0.1209125E-05    0.3071726E-07    0.4757412E-02   -0.2096567E-04   -0.4282434E-03    0.5629228E-02    0.6552028E-03   -0.2526966E-02   -0.7978891E-02    0.2331234E-03    0.2242800E-05   -0.1677017E-03    0.2662052E-02    0.4594865E-02    0.1250284E-07    0.2154792E-05
