# omegabh2 omegach2 theta tau yhe logA ns calPlanck aps100 aps143 aps217 acib217 asz143 psr cibr xi aksz dust100 dust143 dust217 dust143x217 cal0 cal2 calTE calEE
  2.5122304E-08  -8.7907694E-08   2.0463186E-08   2.6197767E-07   1.4481745E-07   4.8358316E-07   3.1505916E-07   2.9246732E-08  -3.5900149E-04  -2.2154388E-04   1.2932558E-04  -1.3455738E-04   1.6490812E-05   6.3085860E-07  -2.6713057E-06   3.7425630E-07  -3.0312920E-05   7.4219323E-07  -5.9063600E-07   9.2698908E-07   6.3589795E-07   3.6352104E-09  -5.0133514E-09  -7.4070638E-08  -2.1288430E-07
 -8.7907694E-08   1.4416359E-06  -1.2716096E-07  -3.0347660E-06  -1.8939018E-07  -3.5979393E-06  -3.3918113E-06  -3.3754634E-07   6.5641037E-04   6.4015564E-04  -7.2707265E-04   6.0688685E-04  -3.1290228E-05  -3.5212533E-06   1.5270339E-05  -7.6514703E-06   1.3501331E-04   6.8254391E-07   6.4169569E-06  -4.2891665E-06  -5.7759249E-06  -4.2996895E-08   3.5793871E-08  -2.2203182E-07  -7.7565285E-07
  2.0463186E-08  -1.2716096E-07   1.1584334E-07   3.6723818E-07   5.6157368E-07   7.6320731E-07   6.2346686E-07   4.0463578E-08   8.0477362E-05   7.5700880E-05  -2.2425484E-05   2.5838529E-05  -1.2787930E-05  -3.1716953E-07  -8.5282922E-07   4.2384733E-07   9.5670129E-06   2.2717201E-06   1.0170293E-06   1.3490074E-08   1.4491163E-06  -2.3013784E-09   3.0308901E-09   2.2416483E-08   1.6420870E-07
  2.6197767E-07  -3.0347660E-06   3.6723818E-07   4.2874766E-05   9.8491111E-07   7.7074938E-05   9.7301676E-06  -5.8549107E-07  -8.5125719E-03  -5.5377030E-03   2.5699753E-04  -2.0084643E-03   1.1918407E-04   3.8576461E-05  -1.1436316E-04   2.9450816E-05  -1.5030519E-04   2.0318118E-05   9.1145664E-06   1.7229672E-06   3.4406438E-05  -1.9091487E-07  -2.2714804E-07  -2.2303035E-06  -1.6380332E-06
  1.4481745E-07  -1.8939018E-07   5.6157368E-07   9.8491111E-07   1.4636363E-05   5.2101319E-06   5.7743357E-06  -2.0886050E-08   5.0245377E-03   3.5004681E-03  -1.2212195E-03   1.7718926E-03  -1.5608107E-04  -5.0622832E-06   2.3674633E-05  -8.0043317E-06   4.3494064E-04   1.3727539E-05   1.4657234E-05  -5.7582045E-06   1.0351292E-05  -6.3345155E-08   2.0085987E-07   1.8071807E-06   3.0308555E-06
  4.8358316E-07  -3.5979393E-06   7.6320731E-07   7.7074938E-05   5.2101319E-06   1.6985060E-04   1.2672708E-05   1.0342458E-05  -7.4739963E-03  -6.2808956E-03   6.0059807E-03  -3.5290205E-03  -5.6456129E-05   6.8790052E-05  -2.3988255E-04   1.3187379E-05  -6.4003548E-04   3.2551518E-05  -6.0147208E-05   1.8356513E-05   4.7780112E-05   7.1996353E-08  -3.5049717E-07  -4.9589768E-06  -2.2000172E-06
  3.1505916E-07  -3.3918113E-06   6.2346686E-07   9.7301676E-06   5.7743357E-06   1.2672708E-05   2.0104802E-05   6.3187175E-07  -1.8677661E-02  -5.9268908E-03   9.1111719E-03  -5.9862124E-03   3.9088347E-04   5.6285727E-05  -1.1469276E-04   5.9204740E-05  -1.9338647E-03   3.3088721E-05  -3.1585503E-05   3.2403981E-05  -1.0989259E-06  -2.7650035E-07  -3.2597531E-07   6.8805136E-07  -9.1529120E-07
  2.9246732E-08  -3.3754634E-07   4.0463578E-08  -5.8549107E-07  -2.0886050E-08   1.0342458E-05   6.3187175E-07   6.1411865E-06   3.7480533E-03   8.1778451E-04   1.1755797E-03   4.7246551E-04  -9.3694135E-05  -1.0660605E-05  -1.8097582E-06  -2.9648000E-05   6.9911355E-05  -4.8603923E-07  -1.8779403E-06   6.6039517E-06  -9.6396273E-08  -2.0819766E-08  -4.1005791E-08  -4.1653206E-07  -1.6833289E-07
 -3.5900149E-04   6.5641037E-04   8.0477362E-05  -8.5125719E-03   5.0245377E-03  -7.4739963E-03  -1.8677661E-02   3.7480533E-03   6.0915802E+02   6.2222284E+01  -4.6099329E+01   2.4091632E+01  -2.6035882E+01  -7.7852613E-01  -3.6442484E-01  -5.8748682E-02   1.1126456E+01  -2.4898830E-01   2.2697264E-01  -1.9686129E-01  -1.5506944E-01   7.0203491E-03   2.4944352E-03   1.2264551E-03   6.8016250E-03
 -2.2154388E-04   6.4015564E-04   7.5700880E-05  -5.5377030E-03   3.5004681E-03  -6.2808956E-03  -5.9268908E-03   8.1778451E-04   6.2222284E+01   6.8290613E+01   7.9718281E+00   7.1246348E+00  -4.8093980E-01  -2.7316518E-02   4.9177728E-01   9.2859813E-01  -8.3178572E+00  -4.9469719E-02  -2.5168159E-01   5.3481896E-02   4.9700068E-02   9.9936160E-04   7.8924588E-04   2.6272878E-03   5.9778022E-03
  1.2932558E-04  -7.2707265E-04  -2.2425484E-05   2.5699753E-04  -1.2212195E-03   6.0059807E-03   9.1111719E-03   1.1755797E-03  -4.6099329E+01   7.9718281E+00   1.6998269E+02  -8.1091810E+01   2.0348951E+00   3.0130362E-01  -1.0299072E+00   2.5515916E-01  -7.0524462E+00  -7.7519201E-02  -2.7373844E-01   5.3968883E-01  -2.0828552E-02   1.4069301E-03  -7.5515591E-03   2.0679789E-03   2.1597394E-03
 -1.3455738E-04   6.0688685E-04   2.5838529E-05  -2.0084643E-03   1.7718926E-03  -3.5290205E-03  -5.9862124E-03   4.7246551E-04   2.4091632E+01   7.1246348E+00  -8.1091810E+01   5.1216550E+01   2.2043386E+00  -1.1837549E-02   7.1537352E-01  -2.0669397E-01  -2.9017154E+00   2.7315535E-02   1.6898635E-01  -4.4209539E-01  -9.0837345E-02  -4.1128708E-04   3.0557140E-03  -5.7216115E-04   9.0538164E-04
  1.6490812E-05  -3.1290228E-05  -1.2787930E-05   1.1918407E-04  -1.5608107E-04  -5.6456129E-05   3.9088347E-04  -9.3694135E-05  -2.6035882E+01  -4.8093980E-01   2.0348951E+00   2.2043386E+00   4.4539228E+00   1.0293584E-01   1.7020141E-01  -4.2545197E-02  -3.5868762E+00  -1.1848317E-02  -6.1155105E-03   1.8800970E-03   4.7963582E-02   4.4733465E-04  -2.3084631E-04   5.2330463E-07  -9.0775483E-05
  6.3085860E-07  -3.5212533E-06  -3.1716953E-07   3.8576461E-05  -5.0622832E-06   6.8790052E-05   5.6285727E-05  -1.0660605E-05  -7.7852613E-01  -2.7316518E-02   3.0130362E-01  -1.1837549E-02   1.0293584E-01   1.6414227E-02  -1.6278232E-02   1.1181864E-02  -1.0339105E-01  -5.4032003E-04  -6.4425073E-04  -3.2033930E-03   5.0601866E-03   1.6247155E-05  -4.1944957E-05   1.6883683E-05   9.9493937E-06
 -2.6713057E-06   1.5270339E-05  -8.5282922E-07  -1.1436316E-04   2.3674633E-05  -2.3988255E-04  -1.1469276E-04  -1.8097582E-06  -3.6442484E-01   4.9177728E-01  -1.0299072E+00   7.1537352E-01   1.7020141E-01  -1.6278232E-02   6.9339616E-02   6.3248595E-03  -1.6744591E-01   1.4716050E-03   5.8845032E-03   1.6253546E-04  -1.7977792E-02  -1.3051659E-06   1.0077799E-04  -2.4899953E-05   2.4595557E-05
  3.7425630E-07  -7.6514703E-06   4.2384733E-07   2.9450816E-05  -8.0043317E-06   1.3187379E-05   5.9204740E-05  -2.9648000E-05  -5.8748682E-02   9.2859813E-01   2.5515916E-01  -2.0669397E-01  -4.2545197E-02   1.1181864E-02   6.3248595E-03   8.2362199E-02   3.6979400E-02   2.8790114E-04  -3.6188004E-04   5.7997470E-04  -3.0593226E-04   1.7544157E-05  -8.3893572E-06   2.4150155E-05   3.5378238E-05
 -3.0312920E-05   1.3501331E-04   9.5670129E-06  -1.5030519E-04   4.3494064E-04  -6.4003548E-04  -1.9338647E-03   6.9911355E-05   1.1126456E+01  -8.3178572E+00  -7.0524462E+00  -2.9017154E+00  -3.5868762E+00  -1.0339105E-01  -1.6744591E-01   3.6979400E-02   7.4688063E+00   7.4822417E-03   2.4136016E-03  -1.5501775E-03  -4.6351534E-02  -3.8552576E-04   7.2116871E-05  -2.4040509E-04  -3.1422105E-04
  7.4219323E-07   6.8254391E-07   2.2717201E-06   2.0318118E-05   1.3727539E-05   3.2551518E-05   3.3088721E-05  -4.8603923E-07  -2.4898830E-01  -4.9469719E-02  -7.7519201E-02   2.7315535E-02  -1.1848317E-02  -5.4032003E-04   1.4716050E-03   2.8790114E-04   7.4822417E-03   3.9278574E-02   2.7831755E-03  -1.9326289E-04  -3.0589997E-04   3.5487389E-05   1.5035022E-06  -1.4019276E-05  -1.6725241E-05
 -5.9063600E-07   6.4169569E-06   1.0170293E-06   9.1145664E-06   1.4657234E-05  -6.0147208E-05  -3.1585503E-05  -1.8779403E-06   2.2697264E-01  -2.5168159E-01  -2.7373844E-01   1.6898635E-01  -6.1155105E-03  -6.4425073E-04   5.8845032E-03  -3.6188004E-04   2.4136016E-03   2.7831755E-03   3.0943926E-02  -1.0380266E-03   5.1470057E-03  -8.2297894E-05  -4.4778908E-05  -8.3216321E-05  -7.6723784E-05
  9.2698908E-07  -4.2891665E-06   1.3490074E-08   1.7229672E-06  -5.7582045E-06   1.8356513E-05   3.2403981E-05   6.6039517E-06  -1.9686129E-01   5.3481896E-02   5.3968883E-01  -4.4209539E-01   1.8800970E-03  -3.2033930E-03   1.6253546E-04   5.7997470E-04  -1.5501775E-03  -1.9326289E-04  -1.0380266E-03   1.0563751E-02   7.9739784E-03   4.4347106E-06   6.5204078E-05   1.4722635E-05  -9.0304270E-06
  6.3589795E-07  -5.7759249E-06   1.4491163E-06   3.4406438E-05   1.0351292E-05   4.7780112E-05  -1.0989259E-06  -9.6396273E-08  -1.5506944E-01   4.9700068E-02  -2.0828552E-02  -9.0837345E-02   4.7963582E-02   5.0601866E-03  -1.7977792E-02  -3.0593226E-04  -4.6351534E-02  -3.0589997E-04   5.1470057E-03   7.9739784E-03   2.5978137E-02  -3.1382612E-06   5.5447886E-05   9.9894780E-06  -1.5272552E-05
  3.6352104E-09  -4.2996895E-08  -2.3013784E-09  -1.9091487E-07  -6.3345155E-08   7.1996353E-08  -2.7650035E-07  -2.0819766E-08   7.0203491E-03   9.9936160E-04   1.4069301E-03  -4.1128708E-04   4.4733465E-04   1.6247155E-05  -1.3051659E-06   1.7544157E-05  -3.8552576E-04   3.5487389E-05  -8.2297894E-05   4.4347106E-06  -3.1382612E-06   1.1196624E-06   8.3505239E-08   4.0327201E-07   5.8468587E-07
 -5.0133514E-09   3.5793871E-08   3.0308901E-09  -2.2714804E-07   2.0085987E-07  -3.5049717E-07  -3.2597531E-07  -4.1005791E-08   2.4944352E-03   7.8924588E-04  -7.5515591E-03   3.0557140E-03  -2.3084631E-04  -4.1944957E-05   1.0077799E-04  -8.3893572E-06   7.2116871E-05   1.5035022E-06  -4.4778908E-05   6.5204078E-05   5.5447886E-05   8.3505239E-08   2.5248345E-06   3.9638676E-07   1.0843895E-07
 -7.4070638E-08  -2.2203182E-07   2.2416483E-08  -2.2303035E-06   1.8071807E-06  -4.9589768E-06   6.8805136E-07  -4.1653206E-07   1.2264551E-03   2.6272878E-03   2.0679789E-03  -5.7216115E-04   5.2330463E-07   1.6883683E-05  -2.4899953E-05   2.4150155E-05  -2.4040509E-04  -1.4019276E-05  -8.3216321E-05   1.4722635E-05   9.9894780E-06   4.0327201E-07   3.9638676E-07   2.3604948E-05   8.1905393E-06
 -2.1288430E-07  -7.7565285E-07   1.6420870E-07  -1.6380332E-06   3.0308555E-06  -2.2000172E-06  -9.1529120E-07  -1.6833289E-07   6.8016250E-03   5.9778022E-03   2.1597394E-03   9.0538164E-04  -9.0775483E-05   9.9493937E-06   2.4595557E-05   3.5378238E-05  -3.1422105E-04  -1.6725241E-05  -7.6723784E-05  -9.0304270E-06  -1.5272552E-05   5.8468587E-07   1.0843895E-07   8.1905393E-06   2.4408655E-05
