# omegabh2 omegach2 theta tau yhe logA ns calPlanck aps100 aps143 aps217 acib217 asz143 psr cibr xi aksz dust100 dust143 dust217 dust143x217 cal0 cal2 calTE calEE
  4.1908816E-08  -1.1874578E-07   9.9979101E-08   3.8780743E-07   2.3553970E-06   1.2047128E-06   1.1906690E-06   2.5194990E-08   6.0361220E-04   3.3113353E-04  -2.3568894E-05   1.3791632E-04  -1.0774723E-05  -1.0716943E-07   1.8512836E-06  -1.7770872E-07   3.6695144E-05   1.9338227E-06  -3.4764590E-07  -3.9770804E-07   7.0950934E-07   1.0581155E-08   1.6437549E-08   2.2143158E-07   3.3844854E-07
 -1.1874578E-07   1.4864606E-06  -2.6236608E-07  -3.2840507E-06  -4.1096510E-06  -5.0122040E-06  -4.7926843E-06  -3.6048110E-07  -6.0828607E-04  -2.1855011E-04  -2.6035629E-04  -3.7511337E-05   2.6766349E-05  -1.2241228E-06   3.1692687E-06  -1.4828449E-06  -1.3827713E-05  -3.9808811E-06   3.8194674E-06  -1.6766664E-06  -2.3376801E-06  -5.3286124E-08  -5.3190155E-08  -7.5824055E-07  -1.8043449E-06
  9.9979101E-08  -2.6236608E-07   4.8060686E-07   9.1754759E-07   1.0779643E-05   4.0642509E-06   4.6472058E-06   3.1699632E-08   4.4776023E-03   2.5778802E-03  -6.8266979E-04   1.2665726E-03  -1.2732194E-04  -7.3294235E-06   2.0532666E-05  -9.2426866E-06   3.0997930E-04   5.2040853E-06   3.7620668E-06  -5.3535060E-06   4.2735701E-06   1.4732066E-08   1.0774524E-07   1.3568629E-06   2.7038023E-06
  3.8780743E-07  -3.2840507E-06   9.1754759E-07   4.3651554E-05   1.6418753E-05   8.2607666E-05   1.5811300E-05  -2.8240917E-07  -2.2461489E-03   5.9588168E-04   5.7336101E-04   4.8234382E-05   5.3547918E-05   7.4102745E-06  -1.5415679E-05   1.7886106E-05  -2.7426617E-04   1.6349085E-05   2.2737011E-06  -1.1785193E-06   1.3905694E-05  -1.3255481E-07   7.1204063E-08  -4.5968869E-07   3.1360680E-06
  2.3553970E-06  -4.1096510E-06   1.0779643E-05   1.6418753E-05   2.9897186E-04   9.8096732E-05   1.1883808E-04   3.7891952E-07   1.2512218E-01   7.3111827E-02  -1.8755715E-02   3.5138379E-02  -3.5098385E-03  -1.9465300E-04   5.5056912E-04  -2.5262841E-04   8.7484581E-03   1.4121088E-04   1.2948107E-04  -1.4828264E-04   1.2784361E-04   2.9275707E-07   2.6588636E-06   3.8694286E-05   7.3334264E-05
  1.2047128E-06  -5.0122040E-06   4.0642509E-06   8.2607666E-05   9.8096732E-05   2.0133208E-04   5.0328868E-05   1.0747860E-05   2.9709712E-02   2.1003263E-02   4.6526346E-03   6.9909804E-03  -5.0819901E-04  -2.2635252E-05   8.9492397E-05   1.3694443E-05   4.6342112E-04   5.7598429E-05  -2.8376295E-05  -6.3153740E-06   5.2959745E-05   3.2968657E-07   5.1577403E-07   7.3947250E-06   2.3164439E-05
  1.1906690E-06  -4.7926843E-06   4.6472058E-06   1.5811300E-05   1.1883808E-04   5.0328868E-05   6.4023591E-05   9.2182246E-07   2.8045986E-02   2.1756845E-02   1.2316020E-03   7.8178538E-03  -1.0149916E-03  -1.6261283E-05   9.6183862E-05  -2.9487220E-05   1.6276315E-03   7.5689671E-05   1.3634567E-05  -2.2701362E-05   5.0560541E-05  -1.2263017E-07   8.4732955E-07   1.5488728E-05   2.7154967E-05
  2.5194990E-08  -3.6048110E-07   3.1699632E-08  -2.8240917E-07   3.7891952E-07   1.0747860E-05   9.2182246E-07   6.0987385E-06   2.8293795E-03   6.6930480E-04   1.8599043E-03   2.1717488E-04   4.3679699E-05  -6.5287343E-06   1.1622005E-05   1.4287689E-06  -5.7450223E-05   7.9634649E-06   1.2332842E-05   1.3104877E-05   6.8110928E-06  -1.3757276E-08  -9.6962342E-08   5.5361919E-09   1.6354116E-07
  6.0361220E-04  -6.0828607E-04   4.4776023E-03  -2.2461489E-03   1.2512218E-01   2.9709712E-02   2.8045986E-02   2.8293795E-03   6.5834352E+02   8.5600452E+01  -5.7649437E+01   4.1510386E+01  -2.6844387E+01  -9.5890535E-01  -7.2909389E-02  -6.1249989E-01   1.3650578E+01  -1.5996148E-01   2.7211870E-01  -3.2029162E-01  -1.4935267E-01   6.8700821E-03   3.4163756E-03   1.9075790E-02   3.7728219E-02
  3.3113353E-04  -2.1855011E-04   2.5778802E-03   5.9588168E-04   7.3111827E-02   2.1003263E-02   2.1756845E-02   6.6930480E-04   8.5600452E+01   8.2767562E+01   4.3161732E+00   1.4641097E+01  -1.2931913E+00  -5.5567461E-02   5.3522420E-01   8.2160631E-01  -6.3830665E+00   1.4372341E-02  -1.8095422E-01   1.6810567E-02   1.1314478E-01   8.4997502E-04   1.2937767E-03   1.1683190E-02   2.2841965E-02
 -2.3568894E-05  -2.6035629E-04  -6.8266979E-04   5.7336101E-04  -1.8755715E-02   4.6526346E-03   1.2316020E-03   1.8599043E-03  -5.7649437E+01   4.3161732E+00   1.7392786E+02  -8.3835258E+01   2.4993214E+00   3.4073076E-01  -1.0771862E+00   3.6312729E-01  -7.5349563E+00  -5.9142268E-03  -2.9146683E-01   5.5130437E-01  -2.7293178E-02   1.7209456E-03  -7.7399559E-03   2.0678176E-03  -1.1427097E-03
  1.3791632E-04  -3.7511337E-05   1.2665726E-03   4.8234382E-05   3.5138379E-02   6.9909804E-03   7.8178538E-03   2.1717488E-04   4.1510386E+01   1.4641097E+01  -8.3835258E+01   5.4566045E+01   1.1932518E+00  -7.4217343E-02   7.7820321E-01  -2.8976990E-01  -1.5132441E+00   1.9393647E-02   1.7318647E-01  -4.4498476E-01  -8.3095240E-02  -5.6653453E-04   3.5388714E-03   2.8526395E-03   8.7630480E-03
 -1.0774723E-05   2.6766349E-05  -1.2732194E-04   5.3547918E-05  -3.5098385E-03  -5.0819901E-04  -1.0149916E-03   4.3679699E-05  -2.6844387E+01  -1.2931913E+00   2.4993214E+00   1.1932518E+00   4.2572304E+00   9.8834569E-02   1.5796881E-01  -2.3896092E-02  -3.3881248E+00   1.0844197E-03  -6.8925818E-03   1.5536896E-02   4.8924411E-02   4.3146801E-04  -1.9293700E-04  -6.7846113E-04  -1.0384734E-03
 -1.0716943E-07  -1.2241228E-06  -7.3294235E-06   7.4102745E-06  -1.9465300E-04  -2.2635252E-05  -1.6261283E-05  -6.5287343E-06  -9.5890535E-01  -5.5567461E-02   3.4073076E-01  -7.4217343E-02   9.8834569E-02   1.6593344E-02  -1.6706824E-02   1.3553405E-02  -9.8084339E-02   4.9355041E-04  -1.1871221E-03  -2.4532712E-03   4.9463206E-03   1.6685081E-05  -3.9715175E-05  -1.4967349E-05  -5.0084543E-05
  1.8512836E-06   3.1692687E-06   2.0532666E-05  -1.5415679E-05   5.5056912E-04   8.9492397E-05   9.6183862E-05   1.1622005E-05  -7.2909389E-02   5.3522420E-01  -1.0771862E+00   7.7820321E-01   1.5796881E-01  -1.6706824E-02   6.9090735E-02   2.8344434E-03  -1.3790730E-01  -1.4137345E-04   6.9184229E-03   9.0942449E-05  -1.6751162E-02  -6.9693478E-06   1.0700516E-04   1.7450526E-05   1.3346652E-04
 -1.7770872E-07  -1.4828449E-06  -9.2426866E-06   1.7886106E-05  -2.5262841E-04   1.3694443E-05  -2.9487220E-05   1.4287689E-06  -6.1249989E-01   8.2160631E-01   3.6312729E-01  -2.8976990E-01  -2.3896092E-02   1.3553405E-02   2.8344434E-03   8.4881219E-02   2.0192691E-02   1.0153306E-03   1.1957335E-03   1.1519965E-03   1.4642434E-03   1.3393044E-05  -1.8652213E-05  -2.8087594E-05  -7.4024460E-05
  3.6695144E-05  -1.3827713E-05   3.0997930E-04  -2.7426617E-04   8.7484581E-03   4.6342112E-04   1.6276315E-03  -5.7450223E-05   1.3650578E+01  -6.3830665E+00  -7.5349563E+00  -1.5132441E+00  -3.3881248E+00  -9.8084339E-02  -1.3790730E-01   2.0192691E-02   7.3662054E+00  -2.5172810E-03   1.2498619E-02  -1.4663049E-02  -4.6798215E-02  -3.6426082E-04   3.6979865E-05   7.9439871E-04   1.6180599E-03
  1.9338227E-06  -3.9808811E-06   5.2040853E-06   1.6349085E-05   1.4121088E-04   5.7598429E-05   7.5689671E-05   7.9634649E-06  -1.5996148E-01   1.4372341E-02  -5.9142268E-03   1.9393647E-02   1.0844197E-03   4.9355041E-04  -1.4137345E-04   1.0153306E-03  -2.5172810E-03   3.8082349E-02   1.9378947E-03  -2.2160019E-04   4.8397239E-04   4.0162536E-05  -4.8557824E-06   2.6844730E-06   1.3852322E-05
 -3.4764590E-07   3.8194674E-06   3.7620668E-06   2.2737011E-06   1.2948107E-04  -2.8376295E-05   1.3634567E-05   1.2332842E-05   2.7211870E-01  -1.8095422E-01  -2.9146683E-01   1.7318647E-01  -6.8925818E-03  -1.1871221E-03   6.9184229E-03   1.1957335E-03   1.2498619E-02   1.9378947E-03   3.0285977E-02  -8.9094490E-04   5.3297364E-03  -8.1858275E-05  -4.4327568E-05  -6.7244109E-05  -3.0417100E-05
 -3.9770804E-07  -1.6766664E-06  -5.3535060E-06  -1.1785193E-06  -1.4828264E-04  -6.3153740E-06  -2.2701362E-05   1.3104877E-05  -3.2029162E-01   1.6810567E-02   5.5130437E-01  -4.4498476E-01   1.5536896E-02  -2.4532712E-03   9.0942449E-05   1.1519965E-03  -1.4663049E-02  -2.2160019E-04  -8.9094490E-04   1.0248077E-02   7.8007301E-03   4.3481012E-06   5.7955026E-05  -4.6099583E-06  -3.7753325E-05
  7.0950934E-07  -2.3376801E-06   4.2735701E-06   1.3905694E-05   1.2784361E-04   5.2959745E-05   5.0560541E-05   6.8110928E-06  -1.4935267E-01   1.1314478E-01  -2.7293178E-02  -8.3095240E-02   4.8924411E-02   4.9463206E-03  -1.6751162E-02   1.4642434E-03  -4.6798215E-02   4.8397239E-04   5.3297364E-03   7.8007301E-03   2.5259752E-02  -4.8915088E-06   5.1996640E-05   9.7872219E-06   1.9883862E-05
  1.0581155E-08  -5.3286124E-08   1.4732066E-08  -1.3255481E-07   2.9275707E-07   3.2968657E-07  -1.2263017E-07  -1.3757276E-08   6.8700821E-03   8.4997502E-04   1.7209456E-03  -5.6653453E-04   4.3146801E-04   1.6685081E-05  -6.9693478E-06   1.3393044E-05  -3.6426082E-04   4.0162536E-05  -8.1858275E-05   4.3481012E-06  -4.8915088E-06   1.1347670E-06   5.6311700E-08   3.4132909E-07   5.8524813E-07
  1.6437549E-08  -5.3190155E-08   1.0774524E-07   7.1204063E-08   2.6588636E-06   5.1577403E-07   8.4732955E-07  -9.6962342E-08   3.4163756E-03   1.2937767E-03  -7.7399559E-03   3.5388714E-03  -1.9293700E-04  -3.9715175E-05   1.0700516E-04  -1.8652213E-05   3.6979865E-05  -4.8557824E-06  -4.4327568E-05   5.7955026E-05   5.1996640E-05   5.6311700E-08   2.4773874E-06   5.6933485E-07   7.3013438E-07
  2.2143158E-07  -7.5824055E-07   1.3568629E-06  -4.5968869E-07   3.8694286E-05   7.3947250E-06   1.5488728E-05   5.5361919E-09   1.9075790E-02   1.1683190E-02   2.0678176E-03   2.8526395E-03  -6.7846113E-04  -1.4967349E-05   1.7450526E-05  -2.8087594E-05   7.9439871E-04   2.6844730E-06  -6.7244109E-05  -4.6099583E-06   9.7872219E-06   3.4132909E-07   5.6933485E-07   2.8740639E-05   1.7614696E-05
  3.3844854E-07  -1.8043449E-06   2.7038023E-06   3.1360680E-06   7.3334264E-05   2.3164439E-05   2.7154967E-05   1.6354116E-07   3.7728219E-02   2.2841965E-02  -1.1427097E-03   8.7630480E-03  -1.0384734E-03  -5.0084543E-05   1.3346652E-04  -7.4024460E-05   1.6180599E-03   1.3852322E-05  -3.0417100E-05  -3.7753325E-05   1.9883862E-05   5.8524813E-07   7.3013438E-07   1.7614696E-05   4.2463362E-05
