# omegabh2 omegach2 theta tau logA ns calPlanck acib217 xi asz143 aps100 aps143 aps143217 aps217 aksz kgal100 kgal143 kgal143217 kgal217 cal0 cal2
    0.5774261E-07   -0.3319850E-06    0.5393270E-07    0.2114800E-05    0.3582277E-05    0.9791345E-06    0.1544402E-07   -0.2518869E-03    0.4438069E-05    0.6822505E-04   -0.1126686E-02   -0.5836196E-03   -0.1436776E-03    0.4381654E-04   -0.9527229E-04    0.2664618E-06   -0.1734294E-05   -0.1296980E-04    0.2635342E-04   -0.1946728E-08   -0.2614927E-07
   -0.3319850E-06    0.5702261E-05   -0.5411092E-06   -0.2308845E-04   -0.3322150E-04   -0.1354115E-04   -0.9695047E-07    0.1252294E-02   -0.2917880E-04   -0.2239777E-03    0.4824749E-02    0.3048074E-02    0.1114277E-02    0.1363848E-03    0.3477703E-03   -0.2093128E-04   -0.1262895E-04    0.1979887E-03    0.1367722E-03    0.8396215E-08    0.1803514E-06
    0.5393270E-07   -0.5411092E-06    0.2225672E-06    0.2827255E-05    0.4595826E-05    0.1532866E-05    0.1340401E-08   -0.1289742E-03    0.2554754E-05    0.2284540E-04   -0.5143925E-03   -0.3956575E-03   -0.1990917E-03   -0.7903493E-04   -0.3217297E-04    0.8129200E-05    0.1345352E-04   -0.9811290E-06    0.1173025E-04   -0.1736010E-08   -0.1568558E-07
    0.2114800E-05   -0.2308845E-04    0.2827255E-05    0.4023158E-03    0.7426282E-03    0.7653759E-04   -0.3266673E-05   -0.2031007E-01    0.3532459E-03    0.4261306E-02   -0.8203944E-01   -0.3203149E-01   -0.1480718E-02    0.1403072E-01   -0.8859624E-02   -0.5927498E-03   -0.7450008E-03   -0.1228826E-02    0.2253532E-02   -0.1671801E-06   -0.2063183E-05
    0.3582277E-05   -0.3322150E-04    0.4595826E-05    0.7426282E-03    0.1419153E-02    0.1199334E-03    0.5545904E-05   -0.3753834E-01    0.6902604E-03    0.8012666E-02   -0.1452556E+00   -0.5436642E-01    0.2936077E-02    0.3413703E-01   -0.1777820E-01   -0.1465247E-02   -0.2030464E-02   -0.2396524E-02    0.6098019E-02   -0.6603696E-07   -0.3917163E-05
    0.9791345E-06   -0.1354115E-04    0.1532866E-05    0.7653759E-04    0.1199334E-03    0.4472796E-04    0.2718760E-06   -0.8174617E-02    0.1624915E-03    0.2067674E-02   -0.3963851E-01   -0.1405192E-01    0.1034159E-02    0.6896994E-02   -0.4149581E-02    0.3424155E-03   -0.1279054E-03   -0.8911497E-03    0.2231325E-03   -0.1973892E-06   -0.9350988E-06
    0.1544402E-07   -0.9695047E-07    0.1340401E-08   -0.3266673E-05    0.5545904E-05    0.2718760E-06    0.6155434E-05    0.9199386E-03   -0.7714314E-06    0.4927794E-05    0.4549442E-02    0.8333723E-03    0.5303322E-03    0.1185731E-02   -0.6609239E-04    0.3943105E-04   -0.2475048E-05   -0.8725674E-04    0.4941680E-03   -0.3209129E-08   -0.7242261E-07
   -0.2518869E-03    0.1252294E-02   -0.1289742E-03   -0.2031007E-01   -0.3753834E-01   -0.8174617E-02    0.9199386E-03    0.4479052E+02   -0.4950658E+00   -0.1733115E+01    0.4498315E+02    0.1424334E+01   -0.2085695E+02   -0.6221260E+02    0.7520858E+00    0.9644432E-01    0.1358391E+00   -0.2401532E+01   -0.1955379E+02   -0.2533136E-03    0.4416375E-02
    0.4438069E-05   -0.2917880E-04    0.2554754E-05    0.3532459E-03    0.6902604E-03    0.1624915E-03   -0.7714314E-06   -0.4950658E+00    0.7979988E-01   -0.8363758E-01   -0.3753274E+00    0.9072365E+00    0.1676525E+01    0.7074039E+00    0.8741462E-01   -0.1757426E-01    0.2606650E-02    0.8565518E-01    0.1171230E+00    0.6509947E-05   -0.1409679E-04
    0.6822505E-04   -0.2239777E-03    0.2284540E-04    0.4261306E-02    0.8012666E-02    0.2067674E-02    0.4927794E-05   -0.1733115E+01   -0.8363758E-01    0.3885017E+01   -0.2969577E+02   -0.3807777E+01    0.8232832E+01    0.7477729E+01   -0.3194287E+01   -0.2001045E+00    0.8190147E-01    0.2390021E+01    0.1997727E+01    0.1638924E-03   -0.4056841E-03
   -0.1126686E-02    0.4824749E-02   -0.5143925E-03   -0.8203944E-01   -0.1452556E+00   -0.3963851E-01    0.4549442E-02    0.4498315E+02   -0.3753274E+00   -0.2969577E+02    0.7672425E+03    0.7242961E+02   -0.5706296E+02   -0.7400980E+02    0.1636679E+02   -0.2798646E+01    0.3599289E+01   -0.1224117E+02   -0.1844249E+02    0.6303357E-02    0.3863879E-02
   -0.5836196E-03    0.3048074E-02   -0.3956575E-03   -0.3203149E-01   -0.5436642E-01   -0.1405192E-01    0.8333723E-03    0.1424334E+01    0.9072365E+00   -0.3807777E+01    0.7242961E+02    0.6245459E+02    0.4374248E+02    0.1913778E+02   -0.4443136E+01   -0.3778961E+00   -0.1075670E+01    0.3862349E+01    0.4131826E+01    0.2084189E-03    0.2762528E-03
   -0.1436776E-03    0.1114277E-02   -0.1990917E-03   -0.1480718E-02    0.2936077E-02    0.1034159E-02    0.5303322E-03   -0.2085695E+02    0.1676525E+01    0.8232832E+01   -0.5706296E+02    0.4374248E+02    0.9633019E+02    0.6990870E+02   -0.1363802E+02   -0.1110702E+01   -0.3802587E+00    0.5088794E+01    0.6152253E+01    0.7503906E-03   -0.2562115E-02
    0.4381654E-04    0.1363848E-03   -0.7903493E-04    0.1403072E-01    0.3413703E-01    0.6896994E-02    0.1185731E-02   -0.6221260E+02    0.7074039E+00    0.7477729E+01   -0.7400980E+02    0.1913778E+02    0.6990870E+02    0.1264930E+03   -0.1228270E+02   -0.6568080E+00   -0.4166772E+00    0.7537995E+00    0.1693926E+02    0.7271460E-03   -0.7788005E-02
   -0.9527229E-04    0.3477703E-03   -0.3217297E-04   -0.8859624E-02   -0.1777820E-01   -0.4149581E-02   -0.6609239E-04    0.7520858E+00    0.8741462E-01   -0.3194287E+01    0.1636679E+02   -0.4443136E+01   -0.1363802E+02   -0.1228270E+02    0.7130114E+01    0.1404104E+00   -0.9373544E-01   -0.2174173E+01   -0.1749226E+01   -0.1310031E-03    0.2706178E-03
    0.2664618E-06   -0.2093128E-04    0.8129200E-05   -0.5927498E-03   -0.1465247E-02    0.3424155E-03    0.3943105E-04    0.9644432E-01   -0.1757426E-01   -0.2001045E+00   -0.2798646E+01   -0.3778961E+00   -0.1110702E+01   -0.6568080E+00    0.1404104E+00    0.3511207E+01    0.4522143E+00    0.1624684E+00    0.3142729E+00    0.2810625E-03    0.2161485E-04
   -0.1734294E-05   -0.1262895E-04    0.1345352E-04   -0.7450008E-03   -0.2030464E-02   -0.1279054E-03   -0.2475048E-05    0.1358391E+00    0.2606650E-02    0.8190147E-01    0.3599289E+01   -0.1075670E+01   -0.3802587E+00   -0.4166772E+00   -0.9373544E-01    0.4522143E+00    0.3404918E+01    0.2668264E+01    0.1846405E+01   -0.2779780E-03   -0.1841458E-03
   -0.1296980E-04    0.1979887E-03   -0.9811290E-06   -0.1228826E-02   -0.2396524E-02   -0.8911497E-03   -0.8725674E-04   -0.2401532E+01    0.8565518E-01    0.2390021E+01   -0.1224117E+02    0.3862349E+01    0.5088794E+01    0.7537995E+00   -0.2174173E+01    0.1624684E+00    0.2668264E+01    0.1743673E+02    0.2617931E+02   -0.1677525E-04    0.2532563E-02
    0.2635342E-04    0.1367722E-03    0.1173025E-04    0.2253532E-02    0.6098019E-02    0.2231325E-03    0.4941680E-03   -0.1955379E+02    0.1171230E+00    0.1997727E+01   -0.1844249E+02    0.4131826E+01    0.6152253E+01    0.1693926E+02   -0.1749226E+01    0.3142729E+00    0.1846405E+01    0.2617931E+02    0.5561320E+02    0.2226402E-04    0.4560263E-02
   -0.1946728E-08    0.8396215E-08   -0.1736010E-08   -0.1671801E-06   -0.6603696E-07   -0.1973892E-06   -0.3209129E-08   -0.2533136E-03    0.6509947E-05    0.1638924E-03    0.6303357E-02    0.2084189E-03    0.7503906E-03    0.7271460E-03   -0.1310031E-03    0.2810625E-03   -0.2779780E-03   -0.1677525E-04    0.2226402E-04    0.6008316E-06   -0.1604262E-07
   -0.2614927E-07    0.1803514E-06   -0.1568558E-07   -0.2063183E-05   -0.3917163E-05   -0.9350988E-06   -0.7242261E-07    0.4416375E-02   -0.1409679E-04   -0.4056841E-03    0.3863879E-02    0.2762528E-03   -0.2562115E-02   -0.7788005E-02    0.2706178E-03    0.2161485E-04   -0.1841458E-03    0.2532563E-02    0.4560263E-02   -0.1604262E-07    0.2111634E-05
