# omegabh2 omegach2 theta tau Alens logA ns calPlanck acib217 xi asz143 aps100 aps143 aps143217 aps217 aksz kgal100 kgal143 kgal143217 kgal217 galfTE100 galfTE100143 galfTE100217 galfTE143 galfTE143217 galfTE217 cal0 cal2
  2.0732404E-08  -7.9249038E-08   1.3114813E-08   6.2375630E-08   1.6763215E-06   1.4567861E-08   2.1814959E-07  -7.1940917E-10  -8.7718744E-05   2.2064903E-06   2.0540207E-05  -4.3725028E-04  -1.9033548E-04  -4.9111358E-05   5.1872625E-06  -3.5812701E-05  -8.9232421E-08  -8.1465953E-06  -2.2879609E-06   2.8705601E-05  -1.0018575E-07  -7.2566776E-08  -8.4868245E-08  -1.9682657E-07  -6.2023201E-07  -2.4905125E-06   2.7317241E-09  -1.1341034E-09
 -7.9249038E-08   1.1372936E-06  -7.6424406E-08  -4.6003765E-07  -1.9354497E-05   1.8437304E-06  -2.7645216E-06   8.5131500E-09   1.7808746E-04  -2.6626191E-06  -3.4771865E-05   1.4603815E-03   7.1313423E-04   4.4318560E-04   2.9777440E-04   1.0846308E-04  -4.4048553E-05   3.1263528E-05   3.2214912E-05  -2.6522412E-05   7.1294695E-07   2.5788807E-07   1.6668730E-06   1.0054473E-08   1.3336255E-06   1.5380919E-05  -2.0871859E-09   5.0295628E-09
  1.3114813E-08  -7.6424406E-08   8.5881698E-08  -2.2354987E-09   1.8680459E-06  -1.0847542E-07   3.1246173E-07  -6.5506828E-09  -7.7143216E-05   1.5344470E-06   4.1080155E-06  -2.5658379E-04  -3.5360285E-05  -3.0311053E-05   4.0340762E-06   1.3352436E-06  -1.0914877E-05  -1.7208168E-05   6.0451202E-06   5.6036006E-05  -9.4256858E-08   9.0590985E-08   6.0936604E-07   4.9609562E-08  -4.3938529E-07  -1.1128585E-06  -7.8158635E-10  -3.1369962E-09
  6.2375630E-08  -4.6003765E-07  -2.2354987E-09   3.3507220E-05  -5.8639539E-05   6.5714158E-05   1.9191700E-06   1.1685337E-07  -5.0423029E-04  -3.0373697E-05   1.3720010E-04  -3.3247343E-03  -4.6283274E-04  -2.7940511E-04   5.2726263E-04  -3.4542282E-04   4.8235210E-05   4.5031115E-05   2.6261567E-05   5.8096156E-04   2.3286644E-06  -4.2979844E-07  -6.0495593E-06  -3.8628987E-06  -6.2009314E-06  -2.4955447E-05  -3.2943803E-08  -4.7755236E-08
  1.6763215E-06  -1.9354497E-05   1.8680459E-06  -5.8639539E-05   1.1201128E-03  -1.9638339E-04   5.4127351E-05  -1.5129202E-05  -1.0598646E-02   2.9363756E-04   2.3384573E-03  -5.5332511E-02  -2.2718790E-02  -9.1916418E-03  -6.2960513E-03  -3.8888223E-03   8.7913804E-04   3.7780965E-04   4.6086624E-04   2.4837324E-04  -3.1044019E-05  -3.9027954E-06   5.4064584E-05  -7.3397384E-06  -5.0326871E-05  -3.0038999E-04  -2.5497498E-07  -5.0147158E-07
  1.4567861E-08   1.8437304E-06  -1.0847542E-07   6.5714158E-05  -1.9638339E-04   1.6337377E-04  -4.0819103E-06   1.2772242E-05  -3.5813172E-04  -4.8370365E-05   3.4194198E-04   1.7431359E-03   3.0402147E-03   3.0792484E-03   6.7037350E-03  -1.2330693E-03  -3.1281542E-04  -5.2981934E-04   1.4495150E-05   3.2304239E-03   4.7084054E-06   2.1424878E-06  -2.4003297E-05  -7.5221203E-06  -1.7564006E-05  -2.7927029E-06   1.0753777E-07  -1.1163921E-07
  2.1814959E-07  -2.7645216E-06   3.1246173E-07   1.9191700E-06   5.4127351E-05  -4.0819103E-06   1.5712791E-05   8.3820116E-08  -4.7403415E-03   7.0756514E-05   9.4650962E-04  -2.4375517E-02  -6.5675327E-03   6.8755036E-04   4.5730272E-03  -2.2210682E-03   3.6720637E-04  -4.6187885E-04  -2.6254925E-04   1.6757198E-03  -3.6675721E-06  -2.4539590E-07   8.0969194E-08  -9.4722237E-07  -4.4963715E-06  -4.9578726E-05  -1.1780881E-07  -6.9945398E-08
 -7.1940917E-10   8.5131500E-09  -6.5506828E-09   1.1685337E-07  -1.5129202E-05   1.2772242E-05   8.3820116E-08   6.3255105E-06   9.9095725E-04  -2.4147324E-05   7.0420076E-05   5.0629926E-03   1.0403997E-03   2.1378328E-04   9.2612842E-04  -8.1940850E-05  -2.3778100E-05  -7.1329283E-05   1.9181675E-04   1.1112076E-03  -7.7473820E-07   8.1395928E-07  -8.2490515E-06  -1.1199299E-06  -3.0690262E-06   1.0379693E-05   2.1848460E-08   1.2269594E-08
 -8.7718744E-05   1.7808746E-04  -7.7143216E-05  -5.0423029E-04  -1.0598646E-02  -3.5813172E-04  -4.7403415E-03   9.9095725E-04   4.4290859E+01  -4.5746818E-01  -1.0726668E+00   3.7877478E+01   1.5495558E+00  -1.3982878E+01  -5.3793057E+01  -1.3246276E-01   1.3025010E-01   3.8398701E-01  -6.3904396E+00  -3.3684568E+01  -8.1607170E-03  -1.9643342E-03  -1.2729698E-02  -4.0933571E-05   1.6335266E-04   3.1919957E-02  -8.6310604E-05   7.6884908E-04
  2.2064903E-06  -2.6626191E-06   1.5344470E-06  -3.0373697E-05   2.9363756E-04  -4.8370365E-05   7.0756514E-05  -2.4147324E-05  -4.5746818E-01   8.1296031E-02  -3.4999092E-02  -6.4851949E-01   9.1440228E-01   1.7546745E+00   7.3415999E-01   4.1231623E-02  -2.0441916E-03   1.0705722E-03   1.0910705E-01   1.6759719E-01   1.3473383E-04   1.8468188E-04   1.2950768E-04   4.3217090E-04   6.3601844E-04  -1.0216764E-03   2.9675875E-06  -3.4784287E-06
  2.0540207E-05  -3.4771865E-05   4.1080155E-06   1.3720010E-04   2.3384573E-03   3.4194198E-04   9.4650962E-04   7.0420076E-05  -1.0726668E+00  -3.4999092E-02   3.6877511E+00  -2.8370623E+01  -2.9465612E+00   7.3924215E+00   5.1457947E+00  -2.5566950E+00  -1.4865148E-01   1.6768899E-01   2.6923127E+00   3.6224534E+00   5.4390951E-04  -5.4019810E-04   3.0368503E-03  -2.7855804E-04  -1.3005926E-03   1.7889434E-03   1.4955793E-04  -1.8311543E-05
 -4.3725028E-04   1.4603815E-03  -2.5658379E-04  -3.3247343E-03  -5.5332511E-02   1.7431359E-03  -2.4375517E-02   5.0629926E-03   3.7877478E+01  -6.4851949E-01  -2.8370623E+01   7.6871680E+02   6.6572636E+01  -5.3007266E+01  -5.8011165E+01   1.2270992E+01  -7.7245723E+00   6.7756992E+00  -1.0461693E+01  -2.5268130E+01   2.5465407E-03  -8.9249917E-03  -4.3527027E-02  -4.0048203E-03  -1.4384409E-03   6.0401631E-02   3.2147243E-03   1.9051445E-04
 -1.9033548E-04   7.1313423E-04  -3.5360285E-05  -4.6283274E-04  -2.2718790E-02   3.0402147E-03  -6.5675327E-03   1.0403997E-03   1.5495558E+00   9.1440228E-01  -2.9465612E+00   6.6572636E+01   5.7914614E+01   3.8931936E+01   1.4458001E+01  -4.3638000E+00  -6.3949168E-01  -1.2511893E+00   3.3018173E+00   3.5259554E+00  -1.1385587E-03   1.9835273E-03   4.4482073E-03  -6.8270720E-03   1.6034627E-02   7.3945226E-03   1.5775910E-04   8.4592949E-06
 -4.9111358E-05   4.4318560E-04  -3.0311053E-05  -2.7940511E-04  -9.1916418E-03   3.0792484E-03   6.8755036E-04   2.1378328E-04  -1.3982878E+01   1.7546745E+00   7.3924215E+00  -5.3007266E+01   3.8931936E+01   8.5224551E+01   5.2412080E+01  -1.0886803E+01  -5.9180815E-01  -6.9259271E-01   4.9607217E+00   8.6428628E+00   5.3058644E-03   2.9946086E-03   6.6191813E-03   4.5742616E-03   2.4621915E-02   1.9849078E-02   5.1975617E-04  -3.8373089E-04
  5.1872625E-06   2.9777440E-04   4.0340762E-06   5.2726263E-04  -6.2960513E-03   6.7037350E-03   4.5730272E-03   9.2612842E-04  -5.3793057E+01   7.3415999E-01   5.1457947E+00  -5.8011165E+01   1.4458001E+01   5.2412080E+01   9.9386211E+01  -8.4223281E+00  -3.9269023E-01  -1.0159564E+00   6.0441028E+00   3.3450963E+01   1.4288703E-02   2.7144937E-03   1.1625899E-02  -7.0596890E-03   8.7503117E-03  -6.6841986E-05   3.5416134E-04  -1.4062171E-03
 -3.5812701E-05   1.0846308E-04   1.3352436E-06  -3.4542282E-04  -3.8888223E-03  -1.2330693E-03  -2.2210682E-03  -8.1940850E-05  -1.3246276E-01   4.1231623E-02  -2.5566950E+00   1.2270992E+01  -4.3638000E+00  -1.0886803E+01  -8.4223281E+00   5.3885498E+00   6.5146905E-02  -3.0755089E-01  -2.0409272E+00  -2.3229751E+00   8.8946971E-04   1.1885979E-03  -3.7950229E-03   3.5181733E-03   7.7476734E-04  -5.4329819E-03  -9.5112746E-05   2.1253404E-05
 -8.9232421E-08  -4.4048553E-05  -1.0914877E-05   4.8235210E-05   8.7913804E-04  -3.1281542E-04   3.6720637E-04  -2.3778100E-05   1.3025010E-01  -2.0441916E-03  -1.4865148E-01  -7.7245723E+00  -6.3949168E-01  -5.9180815E-01  -3.9269023E-01   6.5146905E-02   3.4321337E+00   5.5675103E-01   8.3160285E-02   6.7015419E-02  -1.6999713E-03  -5.0444393E-04  -5.8493839E-04  -3.7455031E-04   5.6439508E-04  -2.7595060E-03   1.5157702E-04   2.6091141E-05
 -8.1465953E-06   3.1263528E-05  -1.7208168E-05   4.5031115E-05   3.7780965E-04  -5.2981934E-04  -4.6187885E-04  -7.1329283E-05   3.8398701E-01   1.0705722E-03   1.6768899E-01   6.7756992E+00  -1.2511893E+00  -6.9259271E-01  -1.0159564E+00  -3.0755089E-01   5.5675103E-01   3.1541619E+00   2.7574927E+00   3.0581397E+00   6.8009144E-04  -1.1541602E-03   1.3832797E-03   1.0985414E-04  -6.6539777E-04   1.8275905E-02  -2.0409026E-04  -5.6009856E-06
 -2.2879609E-06   3.2214912E-05   6.0451202E-06   2.6261567E-05   4.6086624E-04   1.4495150E-05  -2.6254925E-04   1.9181675E-04  -6.3904396E+00   1.0910705E-01   2.6923127E+00  -1.0461693E+01   3.3018173E+00   4.9607217E+00   6.0441028E+00  -2.0409272E+00   8.3160285E-02   2.7574927E+00   1.0855991E+01   1.9678259E+01   2.1962380E-03  -6.2271571E-04   1.1897633E-02  -8.8487896E-04  -1.5747155E-03   1.8033968E-02  -4.2078202E-06   4.3034963E-04
  2.8705601E-05  -2.6522412E-05   5.6036006E-05   5.8096156E-04   2.4837324E-04   3.2304239E-03   1.6757198E-03   1.1112076E-03  -3.3684568E+01   1.6759719E-01   3.6224534E+00  -2.5268130E+01   3.5259554E+00   8.6428628E+00   3.3450963E+01  -2.3229751E+00   6.7015419E-02   3.0581397E+00   1.9678259E+01   5.4159797E+01   5.6352309E-03   8.8688122E-04   2.7352545E-02   1.5066516E-03  -1.5495775E-03   3.8871175E-03   5.3808064E-05   9.1742416E-04
 -1.0018575E-07   7.1294695E-07  -9.4256858E-08   2.3286644E-06  -3.1044019E-05   4.7084054E-06  -3.6675721E-06  -7.7473820E-07  -8.1607170E-03   1.3473383E-04   5.4390951E-04   2.5465407E-03  -1.1385587E-03   5.3058644E-03   1.4288703E-02   8.8946971E-04  -1.6999713E-03   6.8009144E-04   2.1962380E-03   5.6352309E-03   1.4726545E-03   2.8316215E-04   1.2178085E-04  -3.7879709E-04  -3.4976734E-05   1.6808486E-04  -7.6920017E-09  -4.3941839E-07
 -7.2566776E-08   2.5788807E-07   9.0590985E-08  -4.2979844E-07  -3.9027954E-06   2.1424878E-06  -2.4539590E-07   8.1395928E-07  -1.9643342E-03   1.8468188E-04  -5.4019810E-04  -8.9249917E-03   1.9835273E-03   2.9946086E-03   2.7144937E-03   1.1885979E-03  -5.0444393E-04  -1.1541602E-03  -6.2271571E-04   8.8688122E-04   2.8316215E-04   8.7809890E-04   6.9747689E-05   7.3089656E-04   5.8964673E-05  -7.2581676E-04  -1.0571436E-07   2.5799940E-07
 -8.4868245E-08   1.6668730E-06   6.0936604E-07  -6.0495593E-06   5.4064584E-05  -2.4003297E-05   8.0969194E-08  -8.2490515E-06  -1.2729698E-02   1.2950768E-04   3.0368503E-03  -4.3527027E-02   4.4482073E-03   6.6191813E-03   1.1625899E-02  -3.7950229E-03  -5.8493839E-04   1.3832797E-03   1.1897633E-02   2.7352545E-02   1.2178085E-04   6.9747689E-05   7.2965959E-03  -2.1752446E-04   6.3896457E-04   4.2498894E-03   1.4929090E-07   1.5613475E-06
 -1.9682657E-07   1.0054473E-08   4.9609562E-08  -3.8628987E-06  -7.3397384E-06  -7.5221203E-06  -9.4722237E-07  -1.1199299E-06  -4.0933571E-05   4.3217090E-04  -2.7855804E-04  -4.0048203E-03  -6.8270720E-03   4.5742616E-03  -7.0596890E-03   3.5181733E-03  -3.7455031E-04   1.0985414E-04  -8.8487896E-04   1.5066516E-03  -3.7879709E-04   7.3089656E-04  -2.1752446E-04   2.8624910E-03   5.3174994E-04  -7.6104286E-04   2.4156260E-07   1.4449540E-06
 -6.2023201E-07   1.3336255E-06  -4.3938529E-07  -6.2009314E-06  -5.0326871E-05  -1.7564006E-05  -4.4963715E-06  -3.0690262E-06   1.6335266E-04   6.3601844E-04  -1.3005926E-03  -1.4384409E-03   1.6034627E-02   2.4621915E-02   8.7503117E-03   7.7476734E-04   5.6439508E-04  -6.6539777E-04  -1.5747155E-03  -1.5495775E-03  -3.4976734E-05   5.8964673E-05   6.3896457E-04   5.3174994E-04   6.3316006E-03   7.3813464E-03  -1.7173974E-06   6.1366865E-07
 -2.4905125E-06   1.5380919E-05  -1.1128585E-06  -2.4955447E-05  -3.0038999E-04  -2.7927029E-06  -4.9578726E-05   1.0379693E-05   3.1919957E-02  -1.0216764E-03   1.7889434E-03   6.0401631E-02   7.3945226E-03   1.9849078E-02  -6.6841986E-05  -5.4329819E-03  -2.7595060E-03   1.8275905E-02   1.8033968E-02   3.8871175E-03   1.6808486E-04  -7.2581676E-04   4.2498894E-03  -7.6104286E-04   7.3813464E-03   7.1051762E-02  -2.1503305E-06  -2.8543901E-06
  2.7317241E-09  -2.0871859E-09  -7.8158635E-10  -3.2943803E-08  -2.5497498E-07   1.0753777E-07  -1.1780881E-07   2.1848460E-08  -8.6310604E-05   2.9675875E-06   1.4955793E-04   3.2147243E-03   1.5775910E-04   5.1975617E-04   3.5416134E-04  -9.5112746E-05   1.5157702E-04  -2.0409026E-04  -4.2078202E-06   5.3808064E-05  -7.6920017E-09  -1.0571436E-07   1.4929090E-07   2.4156260E-07  -1.7173974E-06  -2.1503305E-06   3.7443939E-07   3.8550471E-09
 -1.1341034E-09   5.0295628E-09  -3.1369962E-09  -4.7755236E-08  -5.0147158E-07  -1.1163921E-07  -6.9945398E-08   1.2269594E-08   7.6884908E-04  -3.4784287E-06  -1.8311543E-05   1.9051445E-04   8.4592949E-06  -3.8373089E-04  -1.4062171E-03   2.1253404E-05   2.6091141E-05  -5.6009856E-06   4.3034963E-04   9.1742416E-04  -4.3941839E-07   2.5799940E-07   1.5613475E-06   1.4449540E-06   6.1366865E-07  -2.8543901E-06   3.8550471E-09   3.9278226E-07
