# omegabh2 omegach2 theta tau mnu logA ns calPlanck acib217 xi asz143 aps100 aps143 aps143217 aps217 aksz kgal100 kgal143 kgal143217 kgal217 cal0 cal2
    0.5491689E-07   -0.2730331E-06    0.5590697E-07    0.1826542E-05   -0.5382154E-05    0.3160199E-05    0.8385522E-06    0.6986250E-08   -0.2458840E-03    0.4431926E-05    0.7263838E-04   -0.1121721E-02   -0.6066174E-03   -0.1294564E-03    0.4974962E-04   -0.9577400E-04   -0.4683191E-05   -0.4290999E-05   -0.2506126E-04    0.7866526E-05    0.4843355E-08   -0.2554285E-07
   -0.2730331E-06    0.4571856E-05   -0.4797119E-06   -0.1817777E-04    0.2197226E-04   -0.2572832E-04   -0.1092662E-04   -0.7804545E-07    0.8501998E-03   -0.1528087E-04   -0.3107914E-03    0.3976971E-02    0.2615335E-02    0.8679735E-03    0.1934343E-03    0.2823582E-03    0.1345339E-05    0.4642809E-04    0.9949769E-04    0.7131423E-04   -0.3053690E-07    0.1098333E-06
    0.5590697E-07   -0.4797119E-06    0.2352304E-06    0.2530660E-05   -0.9697533E-05    0.4181142E-05    0.1488307E-05    0.5099010E-08   -0.1740434E-03    0.3907969E-05    0.4241966E-04   -0.7512055E-03   -0.4127915E-03   -0.1170330E-03   -0.3234556E-05   -0.6060201E-04    0.1887317E-04   -0.1024727E-04   -0.1712775E-04    0.1728705E-04    0.7124977E-08   -0.1650305E-07
    0.1826542E-05   -0.1817777E-04    0.2530660E-05    0.4046624E-03    0.2694542E-03    0.7637427E-03    0.6161295E-04   -0.6787625E-06   -0.1937198E-01    0.3416157E-03    0.4744021E-02   -0.7813402E-01   -0.2844850E-01    0.2273873E-02    0.1599933E-01   -0.7435613E-02    0.1279895E-03   -0.1977820E-03   -0.8865309E-03    0.2114119E-02    0.1867457E-06   -0.2034769E-05
   -0.5382154E-05    0.2197226E-04   -0.9697533E-05    0.2694542E-03    0.1131220E-01    0.5519303E-03   -0.8166270E-04    0.4308060E-05    0.3352787E-01   -0.7992100E-04   -0.6659150E-02    0.1478120E+00    0.7630895E-01    0.3143786E-01   -0.1156152E-01    0.1271028E-01   -0.6854769E-04   -0.2646608E-03    0.4937284E-02    0.3107548E-02   -0.2442035E-06    0.5154927E-05
    0.3160199E-05   -0.2572832E-04    0.4181142E-05    0.7637427E-03    0.5519303E-03    0.1490212E-02    0.9623800E-04    0.1103715E-04   -0.3681986E-01    0.7470265E-03    0.8601762E-02   -0.1412156E+00   -0.4854317E-01    0.1038469E-01    0.3819497E-01   -0.1517182E-01   -0.5056170E-04   -0.8051273E-03   -0.1985596E-02    0.5802561E-02    0.5939413E-06   -0.3878540E-05
    0.8385522E-06   -0.1092662E-04    0.1488307E-05    0.6161295E-04   -0.8166270E-04    0.9623800E-04    0.3818277E-04    0.2741296E-06   -0.7086309E-02    0.1672804E-03    0.1989998E-02   -0.3739695E-01   -0.1310873E-01    0.1314351E-02    0.5743469E-02   -0.3347428E-02    0.3458455E-03   -0.2158414E-03   -0.8899250E-03    0.6712302E-04   -0.1649004E-06   -0.6948019E-06
    0.6986250E-08   -0.7804545E-07    0.5099010E-08   -0.6787625E-06    0.4308060E-05    0.1103715E-04    0.2741296E-06    0.6311901E-05    0.9467798E-03    0.1813632E-04   -0.9981454E-04    0.4473298E-02    0.1070809E-02    0.7651967E-03    0.1136932E-02   -0.2299872E-04   -0.1659276E-04    0.1407576E-04   -0.2678003E-04    0.6095214E-03    0.1286444E-07   -0.1158005E-09
   -0.2458840E-03    0.8501998E-03   -0.1740434E-03   -0.1937198E-01    0.3352787E-01   -0.3681986E-01   -0.7086309E-02    0.9467798E-03    0.4385571E+02   -0.5186304E+00   -0.1870716E+01    0.4566980E+02    0.1258770E+01   -0.2153734E+02   -0.6083053E+02    0.6636250E+00    0.5947777E-01   -0.1468592E+00   -0.2483772E+01   -0.1906606E+02   -0.2153448E-03    0.4420960E-02
    0.4431926E-05   -0.1528087E-04    0.3907969E-05    0.3416157E-03   -0.7992100E-04    0.7470265E-03    0.1672804E-03    0.1813632E-04   -0.5186304E+00    0.8215901E-01   -0.6630594E-01   -0.4409121E+00    0.1006360E+01    0.1926613E+01    0.8115796E+00    0.5951239E-01    0.4353185E-02    0.4092859E-02    0.8757028E-01    0.9091417E-01    0.1161324E-04   -0.2734986E-04
    0.7263838E-04   -0.3107914E-03    0.4241966E-04    0.4744021E-02   -0.6659150E-02    0.8601762E-02    0.1989998E-02   -0.9981454E-04   -0.1870716E+01   -0.6630594E-01    0.3675861E+01   -0.2895362E+02   -0.4140946E+01    0.7470578E+01    0.6803231E+01   -0.2708058E+01   -0.1468445E+00    0.1013548E+00    0.2317649E+01    0.2045157E+01    0.1725319E-03   -0.3819113E-03
   -0.1121721E-02    0.3976971E-02   -0.7512055E-03   -0.7813402E-01    0.1478120E+00   -0.1412156E+00   -0.3739695E-01    0.4473298E-02    0.4566980E+02   -0.4409121E+00   -0.2895362E+02    0.7610896E+03    0.7574052E+02   -0.5394324E+02   -0.7128057E+02    0.1446886E+02   -0.3705715E+01    0.2794896E+01   -0.1002736E+02   -0.1491145E+02    0.6067524E-02    0.4839392E-02
   -0.6066174E-03    0.2615335E-02   -0.4127915E-03   -0.2844850E-01    0.7630895E-01   -0.4854317E-01   -0.1310873E-01    0.1070809E-02    0.1258770E+01    0.1006360E+01   -0.4140946E+01    0.7574052E+02    0.6568694E+02    0.4662078E+02    0.1908744E+02   -0.3846999E+01    0.4029594E-01   -0.1281946E+01    0.4098508E+01    0.4020554E+01    0.2404131E-03    0.1848795E-03
   -0.1294564E-03    0.8679735E-03   -0.1170330E-03    0.2273873E-02    0.3143786E-01    0.1038469E-01    0.1314351E-02    0.7651967E-03   -0.2153734E+02    0.1926613E+01    0.7470578E+01   -0.5394324E+02    0.4662078E+02    0.1006677E+03    0.6836948E+02   -0.1187923E+02   -0.2250638E+00   -0.3217075E+00    0.5098548E+01    0.5598464E+01    0.8189520E-03   -0.2725530E-02
    0.4974962E-04    0.1934343E-03   -0.3234556E-05    0.1599933E-01   -0.1156152E-01    0.3819497E-01    0.5743469E-02    0.1136932E-02   -0.6083053E+02    0.8115796E+00    0.6803231E+01   -0.7128057E+02    0.1908744E+02    0.6836948E+02    0.1211974E+03   -0.1047852E+02   -0.4655794E+00    0.7773903E-01    0.9853687E+00    0.1652118E+02    0.6178124E-03   -0.7659506E-02
   -0.9577400E-04    0.2823582E-03   -0.6060201E-04   -0.7435613E-02    0.1271028E-01   -0.1517182E-01   -0.3347428E-02   -0.2299872E-04    0.6636250E+00    0.5951239E-01   -0.2708058E+01    0.1446886E+02   -0.3846999E+01   -0.1187923E+02   -0.1047852E+02    0.6064993E+01    0.8005353E-01   -0.4419113E-01   -0.1871489E+01   -0.1526911E+01   -0.1100231E-03    0.1794596E-03
   -0.4683191E-05    0.1345339E-05    0.1887317E-04    0.1279895E-03   -0.6854769E-04   -0.5056170E-04    0.3458455E-03   -0.1659276E-04    0.5947777E-01    0.4353185E-02   -0.1468445E+00   -0.3705715E+01    0.4029594E-01   -0.2250638E+00   -0.4655794E+00    0.8005353E-01    0.3523762E+01    0.4555822E+00    0.2244268E+00    0.3662521E+00    0.3027358E-03    0.4065627E-04
   -0.4290999E-05    0.4642809E-04   -0.1024727E-04   -0.1977820E-03   -0.2646608E-03   -0.8051273E-03   -0.2158414E-03    0.1407576E-04   -0.1468592E+00    0.4092859E-02    0.1013548E+00    0.2794896E+01   -0.1281946E+01   -0.3217075E+00    0.7773903E-01   -0.4419113E-01    0.4555822E+00    0.3333622E+01    0.2459656E+01    0.1585525E+01   -0.2744291E-03   -0.2801653E-03
   -0.2506126E-04    0.9949769E-04   -0.1712775E-04   -0.8865309E-03    0.4937284E-02   -0.1985596E-02   -0.8899250E-03   -0.2678003E-04   -0.2483772E+01    0.8757028E-01    0.2317649E+01   -0.1002736E+02    0.4098508E+01    0.5098548E+01    0.9853687E+00   -0.1871489E+01    0.2244268E+00    0.2459656E+01    0.1681106E+02    0.2532171E+02    0.6171228E-04    0.2386768E-02
    0.7866526E-05    0.7131423E-04    0.1728705E-04    0.2114119E-02    0.3107548E-02    0.5802561E-02    0.6712302E-04    0.6095214E-03   -0.1906606E+02    0.9091417E-01    0.2045157E+01   -0.1491145E+02    0.4020554E+01    0.5598464E+01    0.1652118E+02   -0.1526911E+01    0.3662521E+00    0.1585525E+01    0.2532171E+02    0.5436338E+02    0.1298970E-03    0.4438531E-02
    0.4843355E-08   -0.3053690E-07    0.7124977E-08    0.1867457E-06   -0.2442035E-06    0.5939413E-06   -0.1649004E-06    0.1286444E-07   -0.2153448E-03    0.1161324E-04    0.1725319E-03    0.6067524E-02    0.2404131E-03    0.8189520E-03    0.6178124E-03   -0.1100231E-03    0.3027358E-03   -0.2744291E-03    0.6171228E-04    0.1298970E-03    0.6071904E-06    0.1108611E-07
   -0.2554285E-07    0.1098333E-06   -0.1650305E-07   -0.2034769E-05    0.5154927E-05   -0.3878540E-05   -0.6948019E-06   -0.1158005E-09    0.4420960E-02   -0.2734986E-04   -0.3819113E-03    0.4839392E-02    0.1848795E-03   -0.2725530E-02   -0.7659506E-02    0.1794596E-03    0.4065627E-04   -0.2801653E-03    0.2386768E-02    0.4438531E-02    0.1108611E-07    0.2105354E-05
