# omegabh2 omegach2 theta tau meffsterile nnu logA ns calPlanck acib217 xi asz143 aps100 aps143 aps143217 aps217 aksz kgal100 kgal143 kgal143217 kgal217 cal0 cal2
    0.8138397E-07    0.1278623E-06    0.1922348E-07    0.3571635E-05   -0.3165187E-05    0.3157015E-04    0.7433560E-05    0.2344351E-05    0.3424288E-07   -0.1141484E-03    0.1099705E-05    0.3936170E-04   -0.5520878E-03   -0.3543171E-03   -0.1148959E-03   -0.6814793E-05   -0.4879243E-04    0.1054364E-04    0.4946016E-05    0.7223952E-06    0.3177434E-04    0.4138464E-08   -0.6138833E-08
    0.1278623E-06    0.1306952E-04   -0.1066825E-05    0.3794691E-06   -0.7546324E-04    0.5455534E-03    0.2517093E-04    0.1384983E-04   -0.2101349E-07    0.3650259E-02   -0.5571896E-04   -0.9313628E-03    0.1661777E-01    0.7598627E-02    0.1467295E-02   -0.1360021E-02    0.1580494E-02    0.1893810E-03    0.1082167E-03    0.3454902E-03   -0.2688901E-03    0.2770407E-07    0.4309139E-06
    0.1922348E-07   -0.1066825E-05    0.2647513E-06    0.1502439E-05   -0.6797730E-05   -0.4468101E-04    0.1062268E-05   -0.5319061E-06    0.1747652E-07   -0.3465698E-03    0.4862869E-05    0.9734036E-04   -0.1638479E-02   -0.8392597E-03   -0.2130330E-03    0.6381391E-04   -0.1575549E-03   -0.2010929E-04   -0.6448217E-05   -0.2959168E-04    0.3403115E-04    0.9744845E-09   -0.3538978E-07
    0.3571635E-05    0.3794691E-06    0.1502439E-05    0.3939607E-03   -0.1938445E-03    0.1923479E-02    0.7656668E-03    0.1669689E-03   -0.1767744E-05   -0.2965044E-02   -0.3782021E-04    0.1038513E-02   -0.1713076E-01   -0.1280727E-01   -0.6906898E-02   -0.3500022E-02   -0.1146210E-02    0.4099866E-03    0.3085289E-03   -0.3857251E-03   -0.8018806E-04   -0.8484936E-08   -0.1609257E-06
   -0.3165187E-05   -0.7546324E-04   -0.6797730E-05   -0.1938445E-03    0.3541286E-01    0.1460902E-02   -0.2009301E-03   -0.6022736E-03    0.8434979E-05    0.4345289E-01   -0.8219620E-03   -0.9261946E-02    0.1618908E+00    0.1714223E+00    0.9985515E-01    0.6202570E-01    0.1159770E-01    0.3085432E-02    0.1380597E-02    0.6750576E-02   -0.1350750E-02   -0.3451532E-05    0.3603647E-05
    0.3157015E-04    0.5455534E-03   -0.4468101E-04    0.1923479E-02    0.1460902E-02    0.4005243E-01    0.4918500E-02    0.1755284E-02    0.1777494E-04    0.1697808E+00   -0.2853073E-02   -0.4222417E-01    0.7709411E+00    0.3393120E+00    0.5718968E-01   -0.6592846E-01    0.7272593E-01    0.1123039E-01    0.5878965E-02    0.1410718E-01   -0.1223430E-01    0.1961065E-05    0.2040935E-04
    0.7433560E-05    0.2517093E-04    0.1062268E-05    0.7656668E-03   -0.2009301E-03    0.4918500E-02    0.1566665E-02    0.3514139E-03    0.8844109E-05    0.1772004E-02   -0.1444601E-03    0.1863563E-03    0.5568248E-02   -0.6447944E-02   -0.6606601E-02   -0.3265595E-02    0.1849595E-03    0.1013600E-02    0.3445495E-03   -0.3840224E-03    0.8362270E-03    0.2475598E-06    0.4176450E-06
    0.2344351E-05    0.1384983E-04   -0.5319061E-06    0.1669689E-03   -0.6022736E-03    0.1755284E-02    0.3514139E-03    0.1289029E-03    0.1180247E-05   -0.9514887E-03    0.1728911E-04    0.3918574E-03   -0.8168078E-02   -0.2068139E-02    0.1271917E-02    0.2225784E-02   -0.1115449E-02    0.6877436E-03    0.8883884E-04   -0.1876518E-03    0.3580259E-03   -0.1234477E-07    0.8418930E-07
    0.3424288E-07   -0.2101349E-07    0.1747652E-07   -0.1767744E-05    0.8434979E-05    0.1777494E-04    0.8844109E-05    0.1180247E-05    0.6248686E-05    0.9687660E-03   -0.1849770E-05   -0.4646241E-04    0.4333296E-02    0.9029346E-03    0.3720707E-03    0.1032243E-02    0.7365174E-04    0.2742612E-04   -0.1045241E-04   -0.3775730E-04    0.6765319E-03    0.2907165E-08   -0.1251121E-07
   -0.1141484E-03    0.3650259E-02   -0.3465698E-03   -0.2965044E-02    0.4345289E-01    0.1697808E+00    0.1772004E-02   -0.9514887E-03    0.9687660E-03    0.4463664E+02   -0.4877540E+00   -0.1791943E+01    0.4704420E+02    0.2974057E+01   -0.2002581E+02   -0.6105487E+02    0.6435870E+00   -0.8508095E-01    0.1236274E+00   -0.1752577E+01   -0.1838725E+02   -0.2116651E-03    0.4571833E-02
    0.1099705E-05   -0.5571896E-04    0.4862869E-05   -0.3782021E-04   -0.8219620E-03   -0.2853073E-02   -0.1444601E-03    0.1728911E-04   -0.1849770E-05   -0.4877540E+00    0.8106102E-01   -0.8976407E-01   -0.3752743E+00    0.9221670E+00    0.1690263E+01    0.6881017E+00    0.9167162E-01   -0.4835826E-02    0.2225240E-02    0.6710354E-01    0.8063703E-01    0.4411719E-05   -0.1691801E-04
    0.3936170E-04   -0.9313628E-03    0.9734036E-04    0.1038513E-02   -0.9261946E-02   -0.4222417E-01    0.1863563E-03    0.3918574E-03   -0.4646241E-04   -0.1791943E+01   -0.8976407E-01    0.3983674E+01   -0.3124156E+02   -0.4395100E+01    0.7979443E+01    0.7190391E+01   -0.3233792E+01   -0.1449862E+00    0.6887036E-01    0.2457245E+01    0.2203058E+01    0.1845284E-03   -0.3899169E-03
   -0.5520878E-03    0.1661777E-01   -0.1638479E-02   -0.1713076E-01    0.1618908E+00    0.7709411E+00    0.5568248E-02   -0.8168078E-02    0.4333296E-02    0.4704420E+02   -0.3752743E+00   -0.3124156E+02    0.7910207E+03    0.8093532E+02   -0.5620437E+02   -0.7300888E+02    0.1757969E+02   -0.4096027E+01    0.3089082E+01   -0.1226764E+02   -0.1812097E+02    0.6067234E-02    0.4755501E-02
   -0.3543171E-03    0.7598627E-02   -0.8392597E-03   -0.1280727E-01    0.1714223E+00    0.3393120E+00   -0.6447944E-02   -0.2068139E-02    0.9029346E-03    0.2974057E+01    0.9221670E+00   -0.4395100E+01    0.8093532E+02    0.6752936E+02    0.4557464E+02    0.1901068E+02   -0.3852221E+01   -0.2987737E+00   -0.1105187E+01    0.3886747E+01    0.3654907E+01    0.1162770E-03    0.4346903E-03
   -0.1148959E-03    0.1467295E-02   -0.2130330E-03   -0.6906898E-02    0.9985515E-01    0.5718968E-01   -0.6606601E-02    0.1271917E-02    0.3720707E-03   -0.2002581E+02    0.1690263E+01    0.7979443E+01   -0.5620437E+02    0.4557464E+02    0.9707829E+02    0.6873558E+02   -0.1302808E+02   -0.5898330E+00   -0.4220428E+00    0.4774654E+01    0.5459543E+01    0.7340533E-03   -0.2563804E-02
   -0.6814793E-05   -0.1360021E-02    0.6381391E-04   -0.3500022E-02    0.6202570E-01   -0.6592846E-01   -0.3265595E-02    0.2225784E-02    0.1032243E-02   -0.6105487E+02    0.6881017E+00    0.7190391E+01   -0.7300888E+02    0.1901068E+02    0.6873558E+02    0.1240095E+03   -0.1149410E+02   -0.2183732E+00   -0.4211717E+00   -0.1032938E+00    0.1531043E+02    0.6674464E-03   -0.7866815E-02
   -0.4879243E-04    0.1580494E-02   -0.1575549E-03   -0.1146210E-02    0.1159770E-01    0.7272593E-01    0.1849595E-03   -0.1115449E-02    0.7365174E-04    0.6435870E+00    0.9167162E-01   -0.3233792E+01    0.1757969E+02   -0.3852221E+01   -0.1302808E+02   -0.1149410E+02    0.7147359E+01    0.9816451E-01   -0.1252930E+00   -0.2329855E+01   -0.1989294E+01   -0.1329641E-03    0.2357923E-03
    0.1054364E-04    0.1893810E-03   -0.2010929E-04    0.4099866E-03    0.3085432E-02    0.1123039E-01    0.1013600E-02    0.6877436E-03    0.2742612E-04   -0.8508095E-01   -0.4835826E-02   -0.1449862E+00   -0.4096027E+01   -0.2987737E+00   -0.5898330E+00   -0.2183732E+00    0.9816451E-01    0.3529606E+01    0.4656760E+00    0.1754643E+00    0.3264468E+00    0.2866662E-03    0.8064223E-05
    0.4946016E-05    0.1082167E-03   -0.6448217E-05    0.3085289E-03    0.1380597E-02    0.5878965E-02    0.3445495E-03    0.8883884E-04   -0.1045241E-04    0.1236274E+00    0.2225240E-02    0.6887036E-01    0.3089082E+01   -0.1105187E+01   -0.4220428E+00   -0.4211717E+00   -0.1252930E+00    0.4656760E+00    0.3373477E+01    0.2607588E+01    0.1744101E+01   -0.2723024E-03   -0.2117970E-03
    0.7223952E-06    0.3454902E-03   -0.2959168E-04   -0.3857251E-03    0.6750576E-02    0.1410718E-01   -0.3840224E-03   -0.1876518E-03   -0.3775730E-04   -0.1752577E+01    0.6710354E-01    0.2457245E+01   -0.1226764E+02    0.3886747E+01    0.4774654E+01   -0.1032938E+00   -0.2329855E+01    0.1754643E+00    0.2607588E+01    0.1735507E+02    0.2588568E+02   -0.3144536E-04    0.2556904E-02
    0.3177434E-04   -0.2688901E-03    0.3403115E-04   -0.8018806E-04   -0.1350750E-02   -0.1223430E-01    0.8362270E-03    0.3580259E-03    0.6765319E-03   -0.1838725E+02    0.8063703E-01    0.2203058E+01   -0.1812097E+02    0.3654907E+01    0.5459543E+01    0.1531043E+02   -0.1989294E+01    0.3264468E+00    0.1744101E+01    0.2588568E+02    0.5481033E+02    0.3452008E-04    0.4580973E-02
    0.4138464E-08    0.2770407E-07    0.9744845E-09   -0.8484936E-08   -0.3451532E-05    0.1961065E-05    0.2475598E-06   -0.1234477E-07    0.2907165E-08   -0.2116651E-03    0.4411719E-05    0.1845284E-03    0.6067234E-02    0.1162770E-03    0.7340533E-03    0.6674464E-03   -0.1329641E-03    0.2866662E-03   -0.2723024E-03   -0.3144536E-04    0.3452008E-04    0.5926941E-06   -0.1120383E-08
   -0.6138833E-08    0.4309139E-06   -0.3538978E-07   -0.1609257E-06    0.3603647E-05    0.2040935E-04    0.4176450E-06    0.8418930E-07   -0.1251121E-07    0.4571833E-02   -0.1691801E-04   -0.3899169E-03    0.4755501E-02    0.4346903E-03   -0.2563804E-02   -0.7866815E-02    0.2357923E-03    0.8064223E-05   -0.2117970E-03    0.2556904E-02    0.4580973E-02   -0.1120383E-08    0.2136806E-05
