# omegabh2 omegach2 theta mnu logA ns
  2.4313768E-07   2.0436095E-07  -3.6549205E-09  -4.2589293E-06  -1.2071032E-06  -1.7118654E-07
  2.0436095E-07   1.1934732E-05   2.0518720E-07  -5.3023260E-04  -2.7660865E-04  -2.7325963E-05
 -3.6549205E-09   2.0518720E-07   3.7597695E-07   3.4789583E-06  -1.2366885E-06  -1.2641608E-07
 -4.2589293E-06  -5.3023260E-04   3.4789583E-06   3.0344467E-02   1.3835728E-02   1.3640242E-03
 -1.2071032E-06  -2.7660865E-04  -1.2366885E-06   1.3835728E-02   7.5045951E-03   8.5895272E-04
 -1.7118654E-07  -2.7325963E-05  -1.2641608E-07   1.3640242E-03   8.5895272E-04   3.8154118E-04
