# omegabh2 omegach2 theta tau Alens logA ns calPlanck acib217 xi asz143 aps100 aps143 aps143217 aps217 aksz kgal100 kgal143 kgal143217 kgal217 cal0 cal2
  4.3967361E-08  -9.8184017E-08   2.3772960E-08   8.4544087E-08   2.6740917E-06  -3.7301812E-08   3.7275858E-07  -3.3006716E-08  -1.1828402E-04   1.9492289E-06   6.0848172E-05  -9.8031251E-04  -5.2193700E-04  -1.7624117E-04  -9.1396408E-05  -7.3632984E-05   1.3304690E-05   1.7780543E-06  -2.3993499E-06   4.0742399E-06   8.4528383E-10  -5.3921599E-09
 -9.8184017E-08   1.6549794E-06  -8.7435629E-08  -4.2502290E-06  -1.9807642E-05  -4.2286374E-06  -3.9841706E-06   1.3010664E-07   3.4156638E-04  -4.2679989E-06  -6.1109550E-05   1.9808126E-03   1.3552458E-03   6.6108165E-04   2.5636951E-04   1.1283545E-04  -1.4926316E-05   5.5980639E-05   1.3778698E-04   1.3350289E-04  -9.6861018E-09   1.4248963E-08
  2.3772960E-08  -8.7435629E-08   1.8771433E-07   1.6801598E-07   2.4282717E-06   3.0553272E-07   4.4400893E-07  -1.5875664E-08  -4.7951205E-05   1.1313264E-06  -3.5222199E-05   5.9098036E-05   8.7338415E-05  -1.5947990E-05   8.5049283E-05  -2.0490340E-05   2.9186492E-05  -6.0703698E-06  -3.0243402E-05  -5.4329868E-05  -2.0185115E-10  -8.8299735E-09
  8.4544087E-08  -4.2502290E-06   1.6801598E-07   6.0001523E-04  -1.1308981E-03   1.1833078E-03   2.8663641E-05  -2.9477172E-07  -8.6693259E-03   2.7462137E-04   1.4864114E-03  -2.8002084E-02  -7.9242283E-03   4.1298279E-03   7.6090578E-03  -3.4907191E-03  -2.5049149E-03  -1.6372761E-03  -4.3447908E-04   4.0774873E-03   8.9790765E-08   1.2116793E-07
  2.6740917E-06  -1.9807642E-05   2.4282717E-06  -1.1308981E-03   3.3445578E-03  -2.3341038E-03   2.7223443E-05  -1.5402786E-05   5.0531325E-03  -6.6373732E-04   8.3124966E-04  -6.7138608E-03  -3.1704922E-02  -3.2556700E-02  -2.6366825E-02   1.4586413E-03   6.5727862E-03   3.1839453E-03  -9.2098154E-04  -9.7273790E-03  -3.6742098E-07  -8.9325032E-07
 -3.7301812E-08  -4.2286374E-06   3.0553272E-07   1.1833078E-03  -2.3341038E-03   2.3741355E-03   4.4372613E-05   1.2798219E-05  -1.5493127E-02   5.5051448E-04   2.4278674E-03  -3.9014855E-02  -9.0755302E-03   1.2432527E-02   2.0823312E-02  -7.1824271E-03  -5.5521966E-03  -4.0603554E-03  -1.3753172E-03   9.2107862E-03   4.4581495E-07   2.2866865E-07
  3.7275858E-07  -3.9841706E-06   4.4400893E-07   2.8663641E-05   2.7223443E-05   4.4372613E-05   2.1031438E-05  -7.3213578E-07  -5.5361912E-03   1.2083105E-04   1.3113253E-03  -3.2721882E-02  -1.0530752E-02   8.7501726E-04   5.1519382E-03  -2.6944758E-03   3.8463410E-04  -5.5474544E-04  -1.0370575E-03   2.6003205E-04  -1.0042735E-07  -9.9841273E-08
 -3.3006716E-08   1.3010664E-07  -1.5875664E-08  -2.9477172E-07  -1.5402786E-05   1.2798219E-05  -7.3213578E-07   6.5030666E-06   1.2610311E-03  -2.2443365E-05  -1.3575221E-04   8.0569450E-03   1.2219445E-03   1.5149219E-04   8.5296060E-04   1.6407749E-04  -5.4267330E-05  -1.0832107E-04  -5.8110082E-05   6.2638569E-04   6.1790991E-08   1.3263636E-09
 -1.1828402E-04   3.4156638E-04  -4.7951205E-05  -8.6693259E-03   5.0531325E-03  -1.5493127E-02  -5.5361912E-03   1.2610311E-03   4.6499726E+01  -4.0387749E-01  -1.0042995E+00   4.6267831E+01   2.0996796E+00  -1.4257892E+01  -5.8069317E+01  -1.0324383E-01   1.6615340E-01   5.6495268E-01  -5.4667150E+00  -3.3400591E+01  -2.2669991E-04   7.2234651E-04
  1.9492289E-06  -4.2679989E-06   1.1313264E-06   2.7462137E-04  -6.6373732E-04   5.5051448E-04   1.2083105E-04  -2.2443365E-05  -4.0387749E-01   7.9898976E-02  -4.4749808E-02  -6.7511447E-01   8.9014631E-01   1.6290492E+00   6.6839562E-01   4.1696867E-02  -1.7906410E-02   5.5825072E-03   9.1201429E-02   1.0603335E-01   3.9369750E-06   1.1133140E-07
  6.0848172E-05  -6.1109550E-05  -3.5222199E-05   1.4864114E-03   8.3124966E-04   2.4278674E-03   1.3113253E-03  -1.3575221E-04  -1.0042995E+00  -4.4749808E-02   3.7317090E+00  -2.9426953E+01  -4.2556884E+00   6.8076595E+00   4.8807238E+00  -2.6388966E+00  -1.7893058E-01   1.1810706E-01   2.4542772E+00   3.1803084E+00   7.6986663E-05  -2.5876009E-05
 -9.8031251E-04   1.9808126E-03   5.9098036E-05  -2.8002084E-02  -6.7138608E-03  -3.9014855E-02  -3.2721882E-02   8.0569450E-03   4.6267831E+01  -6.7511447E-01  -2.9426953E+01   8.1495325E+02   8.2863743E+01  -4.8945140E+01  -6.8154799E+01   1.3412379E+01  -4.5829980E+00   6.6906502E+00  -9.2578024E+00  -2.4427007E+01   4.4349879E-03   4.7382792E-04
 -5.2193700E-04   1.3552458E-03   8.7338415E-05  -7.9242283E-03  -3.1704922E-02  -9.0755302E-03  -1.0530752E-02   1.2219445E-03   2.0996796E+00   8.9014631E-01  -4.2556884E+00   8.2863743E+01   6.7988743E+01   4.1901236E+01   1.7496700E+01  -4.6782940E+00  -8.6245258E-01  -1.3087989E+00   3.2569498E+00   4.3847730E+00   1.0320695E-04   1.5358447E-04
 -1.7624117E-04   6.6108165E-04  -1.5947990E-05   4.1298279E-03  -3.2556700E-02   1.2432527E-02   8.7501726E-04   1.5149219E-04  -1.4257892E+01   1.6290492E+00   6.8076595E+00  -4.8945140E+01   4.1901236E+01   8.4038587E+01   5.5820448E+01  -1.1745122E+01  -1.1959274E+00  -1.4018376E+00   3.7001798E+00   7.8296568E+00   3.9146693E-04  -2.1970537E-04
 -9.1396408E-05   2.5636951E-04   8.5049283E-05   7.6090578E-03  -2.6366825E-02   2.0823312E-02   5.1519382E-03   8.5296060E-04  -5.8069317E+01   6.6839562E-01   4.8807238E+00  -6.8154799E+01   1.7496700E+01   5.5820448E+01   1.0942656E+02  -9.1901456E+00  -6.1742363E-01  -1.8033506E+00   4.3569637E+00   3.3780284E+01   5.3071976E-04  -1.3113834E-03
 -7.3632984E-05   1.1283545E-04  -2.0490340E-05  -3.4907191E-03   1.4586413E-03  -7.1824271E-03  -2.6944758E-03   1.6407749E-04  -1.0324383E-01   4.1696867E-02  -2.6388966E+00   1.3412379E+01  -4.6782940E+00  -1.1745122E+01  -9.1901456E+00   6.0287381E+00   1.2856785E-01  -4.5560462E-02  -1.7481789E+00  -1.9473182E+00  -6.7936696E-05   4.6062575E-06
  1.3304690E-05  -1.4926316E-05   2.9186492E-05  -2.5049149E-03   6.5727862E-03  -5.5521966E-03   3.8463410E-04  -5.4267330E-05   1.6615340E-01  -1.7906410E-02  -1.7893058E-01  -4.5829980E+00  -8.6245258E-01  -1.1959274E+00  -6.1742363E-01   1.2856785E-01   3.3107908E+00   5.7186884E-01   2.7800814E-01   2.8884259E-01   1.6737019E-04   2.0220544E-06
  1.7780543E-06   5.5980639E-05  -6.0703698E-06  -1.6372761E-03   3.1839453E-03  -4.0603554E-03  -5.5474544E-04  -1.0832107E-04   5.6495268E-01   5.5825072E-03   1.1810706E-01   6.6906502E+00  -1.3087989E+00  -1.4018376E+00  -1.8033506E+00  -4.5560462E-02   5.7186884E-01   3.1672503E+00   2.9595804E+00   3.1574320E+00  -1.9322048E-04   1.1574634E-05
 -2.3993499E-06   1.3778698E-04  -3.0243402E-05  -4.3447908E-04  -9.2098154E-04  -1.3753172E-03  -1.0370575E-03  -5.8110082E-05  -5.4667150E+00   9.1201429E-02   2.4542772E+00  -9.2578024E+00   3.2569498E+00   3.7001798E+00   4.3569637E+00  -1.7481789E+00   2.7800814E-01   2.9595804E+00   1.0957877E+01   1.9319875E+01  -3.8282577E-05   4.1824589E-04
  4.0742399E-06   1.3350289E-04  -5.4329868E-05   4.0774873E-03  -9.7273790E-03   9.2107862E-03   2.6003205E-04   6.2638569E-04  -3.3400591E+01   1.0603335E-01   3.1803084E+00  -2.4427007E+01   4.3847730E+00   7.8296568E+00   3.3780284E+01  -1.9473182E+00   2.8884259E-01   3.1574320E+00   1.9319875E+01   5.3449472E+01   4.6343069E-05   9.0053926E-04
  8.4528383E-10  -9.6861018E-09  -2.0185115E-10   8.9790765E-08  -3.6742098E-07   4.4581495E-07  -1.0042735E-07   6.1790991E-08  -2.2669991E-04   3.9369750E-06   7.6986663E-05   4.4349879E-03   1.0320695E-04   3.9146693E-04   5.3071976E-04  -6.7936696E-05   1.6737019E-04  -1.9322048E-04  -3.8282577E-05   4.6343069E-05   3.8798542E-07  -9.1592281E-09
 -5.3921599E-09   1.4248963E-08  -8.8299735E-09   1.2116793E-07  -8.9325032E-07   2.2866865E-07  -9.9841273E-08   1.3263636E-09   7.2234651E-04   1.1133140E-07  -2.5876009E-05   4.7382792E-04   1.5358447E-04  -2.1970537E-04  -1.3113834E-03   4.6062575E-06   2.0220544E-06   1.1574634E-05   4.1824589E-04   9.0053926E-04  -9.1592281E-09   3.8084703E-07
