# omegabh2 omegach2 theta tau Alens logA ns calPlanck acib217 xi asz143 aps100 aps143 aps143217 aps217 aksz kgal100 kgal143 kgal143217 kgal217 cal0 cal2
  4.2831584E-08  -9.5936630E-08   2.7730352E-08   9.9126146E-08   2.4963880E-06   8.5687926E-08   3.6354905E-07   3.9765763E-09  -1.4984621E-04   1.0293753E-06   4.4239543E-05  -7.3544598E-04  -4.6350304E-04  -1.7853120E-04  -2.5978575E-05  -7.1203529E-05   8.1521830E-06  -1.8479042E-06  -1.3984993E-05   3.0467625E-05   3.0699046E-09  -3.8887668E-09
 -9.5936630E-08   1.6475330E-06  -9.4563527E-08  -9.1967692E-07  -2.7136192E-05   2.2053712E-06  -3.9764363E-06   2.3016512E-08   2.5030375E-04  -2.8661244E-06  -6.2020238E-05   1.7265663E-03   1.0452147E-03   5.7236160E-04   2.6041255E-04   1.7045991E-04  -3.7692342E-05   3.3171133E-05   1.0290068E-04   1.0402550E-04  -1.1555108E-08   1.8337991E-08
  2.7730352E-08  -9.4563527E-08   1.8566770E-07   1.1314839E-07   2.6363758E-06   2.1511686E-07   5.0203875E-07  -4.1407889E-09  -7.3306798E-05   4.0539072E-07   1.6332378E-05  -2.9391062E-04  -1.7096980E-04  -2.3343321E-05   5.1424542E-05  -2.6585164E-05   1.7716340E-05   2.7805906E-06  -1.5166751E-05   4.3285948E-07   9.2861281E-11  -4.1116253E-09
  9.9126146E-08  -9.1967692E-07   1.1314839E-07   7.0868432E-05  -1.3919474E-04   1.3902772E-04   3.2226543E-06  -3.0281974E-07  -6.2609170E-04  -1.9094661E-05   1.0876002E-05  -2.3337541E-04  -1.4785576E-03  -1.4219286E-03   4.3203837E-05  -3.7270209E-04   2.2611647E-04   3.5699053E-04   6.0915529E-05   4.2357721E-04   7.0617053E-08   5.5775840E-08
  2.4963880E-06  -2.7136192E-05   2.6363758E-06  -1.3919474E-04   1.5634978E-03  -3.7616215E-04   7.6845371E-05  -1.3445797E-05  -1.4805968E-02   2.6529641E-04   3.2774634E-03  -4.8860758E-02  -3.7185600E-02  -1.3576690E-02  -5.2799038E-03  -4.4356571E-03   1.8104885E-03  -1.3522035E-04   9.1878095E-04   4.4961708E-03  -8.5516406E-08  -6.1962530E-07
  8.5687926E-08   2.2053712E-06   2.1511686E-07   1.3902772E-04  -3.7616215E-04   3.1201844E-04  -5.2808978E-06   1.2122422E-05  -4.1715804E-04  -6.6511801E-06  -4.8868097E-05   4.8219668E-03   2.2247451E-03   1.9898834E-03   6.7421798E-03  -1.3831049E-03   4.5870629E-06   1.1407771E-04  -2.2172409E-04   2.4085288E-03   2.4352045E-07   1.4628984E-07
  3.6354905E-07  -3.9764363E-06   5.0203875E-07   3.2226543E-06   7.6845371E-05  -5.2808978E-06   2.0239397E-05  -2.8641245E-07  -5.4783877E-03   9.1379736E-05   1.2504707E-03  -3.0196672E-02  -9.0589008E-03   7.6431702E-04   5.3032800E-03  -2.7489741E-03   4.9628740E-04  -3.2022237E-04  -4.1825360E-04   1.3967784E-03  -9.1233402E-08  -1.0715246E-07
  3.9765763E-09   2.3016512E-08  -4.1407889E-09  -3.0281974E-07  -1.3445797E-05   1.2122422E-05  -2.8641245E-07   6.2630289E-06   9.3967086E-04  -3.5909596E-06   4.6360902E-05   2.3876357E-03   1.2446778E-03   7.4550135E-04   1.2564874E-03  -4.3548969E-05   1.7755298E-05  -2.2516629E-05   3.7037237E-05   7.9467770E-04  -1.4844633E-08  -3.8708103E-09
 -1.4984621E-04   2.5030375E-04  -7.3306798E-05  -6.2609170E-04  -1.4805968E-02  -4.1715804E-04  -5.4783877E-03   9.3967086E-04   4.4710086E+01  -3.5986879E-01  -1.2462527E+00   3.9770823E+01   2.6218608E+00  -1.3003383E+01  -5.4990703E+01   2.6449410E-01   1.4742889E-01   6.6810894E-01  -6.0012341E+00  -3.3771883E+01  -2.2351438E-04   6.7959135E-04
  1.0293753E-06  -2.8661244E-06   4.0539072E-07  -1.9094661E-05   2.6529641E-04  -6.6511801E-06   9.1379736E-05  -3.5909596E-06  -3.5986879E-01   8.1650175E-02  -4.2507191E-02  -5.8129595E-01   9.1451834E-01   1.6843948E+00   6.0742865E-01   4.5218635E-02  -6.1058264E-03  -1.0355304E-03   8.6983140E-02   1.0026304E-01   3.2602201E-06   1.8255541E-06
  4.4239543E-05  -6.2020238E-05   1.6332378E-05   1.0876002E-05   3.2774634E-03  -4.8868097E-05   1.2504707E-03   4.6360902E-05  -1.2462527E+00  -4.2507191E-02   3.9496254E+00  -3.0386155E+01  -3.4305987E+00   7.7676369E+00   5.7221112E+00  -2.8411262E+00  -3.3379028E-01   1.2079762E-01   2.8094721E+00   3.8145917E+00   1.2878432E-04  -3.3606496E-05
 -7.3544598E-04   1.7265663E-03  -2.9391062E-04  -2.3337541E-04  -4.8860758E-02   4.8219668E-03  -3.0196672E-02   2.3876357E-03   3.9770823E+01  -5.8129595E-01  -3.0386155E+01   7.6636310E+02   7.1791899E+01  -5.3482876E+01  -6.3071404E+01   1.4743900E+01  -5.3699175E+00   5.2260815E+00  -1.3817946E+01  -3.0336527E+01   3.7470522E-03   1.7525309E-05
 -4.6350304E-04   1.0452147E-03  -1.7096980E-04  -1.4785576E-03  -3.7185600E-02   2.2247451E-03  -9.0589008E-03   1.2446778E-03   2.6218608E+00   9.1451834E-01  -3.4305987E+00   7.1791899E+01   6.6159396E+01   4.3060707E+01   1.7228031E+01  -5.0953376E+00  -3.4561236E-01  -1.8854081E+00   3.1109957E+00   4.1232040E+00   1.1437567E-04   2.0117183E-04
 -1.7853120E-04   5.7236160E-04  -2.3343321E-05  -1.4219286E-03  -1.3576690E-02   1.9898834E-03   7.6431702E-04   7.4550135E-04  -1.3003383E+01   1.6843948E+00   7.7676369E+00  -5.3482876E+01   4.3060707E+01   8.8018386E+01   5.5587011E+01  -1.2431734E+01  -1.1417143E+00  -1.3973303E+00   4.4635702E+00   8.3224251E+00   5.0220763E-04  -3.1853156E-04
 -2.5978575E-05   2.6041255E-04   5.1424542E-05   4.3203837E-05  -5.2799038E-03   6.7421798E-03   5.3032800E-03   1.2564874E-03  -5.4990703E+01   6.0742865E-01   5.7221112E+00  -6.3071404E+01   1.7228031E+01   5.5587011E+01   1.0538464E+02  -1.0243157E+01  -8.6914133E-01  -1.8780512E+00   5.4056244E+00   3.4176849E+01   4.9273871E-04  -1.3137612E-03
 -7.1203529E-05   1.7045991E-04  -2.6585164E-05  -3.7270209E-04  -4.4356571E-03  -1.3831049E-03  -2.7489741E-03  -4.3548969E-05   2.6449410E-01   4.5218635E-02  -2.8411262E+00   1.4743900E+01  -5.0953376E+00  -1.2431734E+01  -1.0243157E+01   6.3014104E+00   1.6107970E-01  -8.7408834E-02  -2.1473961E+00  -2.7442432E+00  -9.3476917E-05   1.4390240E-05
  8.1521830E-06  -3.7692342E-05   1.7716340E-05   2.2611647E-04   1.8104885E-03   4.5870629E-06   4.9628740E-04   1.7755298E-05   1.4742889E-01  -6.1058264E-03  -3.3379028E-01  -5.3699175E+00  -3.4561236E-01  -1.1417143E+00  -8.6914133E-01   1.6107970E-01   3.4648241E+00   5.9050401E-01   1.6238445E-01   2.6484798E-01   1.6431912E-04   2.8605234E-05
 -1.8479042E-06   3.3171133E-05   2.7805906E-06   3.5699053E-04  -1.3522035E-04   1.1407771E-04  -3.2022237E-04  -2.2516629E-05   6.6810894E-01  -1.0355304E-03   1.2079762E-01   5.2260815E+00  -1.8854081E+00  -1.3973303E+00  -1.8780512E+00  -8.7408834E-02   5.9050401E-01   3.1632178E+00   2.7118074E+00   2.6844912E+00  -1.9537884E-04  -4.7645967E-05
 -1.3984993E-05   1.0290068E-04  -1.5166751E-05   6.0915529E-05   9.1878095E-04  -2.2172409E-04  -4.1825360E-04   3.7037237E-05  -6.0012341E+00   8.6983140E-02   2.8094721E+00  -1.3817946E+01   3.1109957E+00   4.4635702E+00   5.4056244E+00  -2.1473961E+00   1.6238445E-01   2.7118074E+00   1.1155391E+01   1.9943804E+01  -3.8214862E-05   4.0643384E-04
  3.0467625E-05   1.0402550E-04   4.3285948E-07   4.2357721E-04   4.4961708E-03   2.4085288E-03   1.3967784E-03   7.9467770E-04  -3.3771883E+01   1.0026304E-01   3.8145917E+00  -3.0336527E+01   4.1232040E+00   8.3224251E+00   3.4176849E+01  -2.7442432E+00   2.6484798E-01   2.6844912E+00   1.9943804E+01   5.4693393E+01   7.2901983E-05   8.9728719E-04
  3.0699046E-09  -1.1555108E-08   9.2861281E-11   7.0617053E-08  -8.5516406E-08   2.4352045E-07  -9.1233402E-08  -1.4844633E-08  -2.2351438E-04   3.2602201E-06   1.2878432E-04   3.7470522E-03   1.1437567E-04   5.0220763E-04   4.9273871E-04  -9.3476917E-05   1.6431912E-04  -1.9537884E-04  -3.8214862E-05   7.2901983E-05   3.8602906E-07  -1.4849766E-09
 -3.8887668E-09   1.8337991E-08  -4.1116253E-09   5.5775840E-08  -6.1962530E-07   1.4628984E-07  -1.0715246E-07  -3.8708103E-09   6.7959135E-04   1.8255541E-06  -3.3606496E-05   1.7525309E-05   2.0117183E-04  -3.1853156E-04  -1.3137612E-03   1.4390240E-05   2.8605234E-05  -4.7645967E-05   4.0643384E-04   8.9728719E-04  -1.4849766E-09   3.7968354E-07
