# omegabh2 omegach2 theta tau mnu logA ns calPlanck acib217 xi asz143 aps100 aps143 aps143217 aps217 aksz kgal100 kgal143 kgal143217 kgal217 galfTE100 galfTE100143 galfTE100217 galfTE143 galfTE143217 galfTE217 cal0 cal2
  2.2537493E-08  -1.0761473E-07   1.3769657E-08   1.4983414E-06   3.8346834E-06   2.8228597E-06   3.5059463E-07   1.1666781E-08  -1.7064624E-04   2.7769588E-06   1.4234927E-05  -5.0403560E-04  -2.9412134E-04  -8.1998064E-05   6.5612488E-05  -3.8114208E-05  -2.4377189E-07  -8.8882605E-06  -1.6083004E-05   6.9506791E-05  -1.5143063E-07  -3.6131274E-07  -8.6161965E-08  -3.2973287E-07   2.9224987E-07  -3.0235414E-06   4.6081494E-09  -5.2242460E-09
 -1.0761473E-07   1.7298062E-06  -1.0514411E-07  -2.0673197E-05  -5.9040605E-05  -3.7126569E-05  -4.8133539E-06  -1.1599175E-07   1.1452468E-03  -1.4749153E-05   1.2914861E-05   2.8377344E-03   1.5446940E-03   7.2017314E-04  -5.4710263E-04   1.1287716E-04  -2.0624346E-05   7.7670081E-05   1.7765562E-04  -4.0578283E-04   2.1684673E-07   2.2054216E-06  -2.5119243E-07   3.3708240E-06   2.9334419E-07   1.9131556E-05  -1.0881393E-08   3.8209695E-08
  1.3769657E-08  -1.0514411E-07   9.6676172E-08   1.2534334E-06   3.0965839E-06   2.3801624E-06   4.4853290E-07   3.2361317E-08  -3.1717443E-05  -1.2811141E-06   7.4996060E-06  -3.0111406E-04  -1.4907412E-04  -1.2297619E-04  -3.1972354E-05   2.1388705E-06  -8.5027090E-06   1.3010507E-05   9.2577067E-06   1.8864143E-05   2.4191386E-07  -2.2569715E-07   2.3568803E-07  -2.4802235E-07  -1.0137711E-06  -2.7493131E-06   5.4614638E-09   7.9908276E-10
  1.4983414E-06  -2.0673197E-05   1.2534334E-06   4.5043202E-04   1.2136829E-03   8.3473738E-04   6.8633942E-05  -4.2698507E-06  -2.1041872E-02   2.6719379E-04   6.9259785E-04  -6.7919692E-02  -3.2795320E-02  -1.2325933E-02   1.0973491E-02  -3.2467519E-03  -4.1530616E-04  -1.6139782E-03  -3.1804255E-03   6.4994356E-03  -1.4794088E-05  -3.4627743E-05  -4.4470017E-05  -2.3352245E-05  -1.8927784E-05  -2.6990905E-04  -5.5739400E-08  -6.0206106E-07
  3.8346834E-06  -5.9040605E-05   3.0965839E-06   1.2136829E-03   6.5191306E-03   2.2726083E-03   1.7964921E-04   3.9379861E-06  -6.2100985E-02   7.5785859E-04  -5.4784001E-03  -1.0852379E-01  -5.1768782E-02  -2.5898920E-02   5.0395356E-02  -2.1155502E-03  -4.4768944E-03  -1.0532754E-02  -1.5979906E-02   1.7113369E-02  -2.9119976E-05  -1.7615411E-04  -9.0596958E-05  -2.6533582E-04  -9.4944548E-05  -5.9041255E-04   9.8397584E-07  -1.1613369E-06
  2.8228597E-06  -3.7126569E-05   2.3801624E-06   8.3473738E-04   2.2726083E-03   1.5777536E-03   1.2398501E-04   4.3677430E-06  -4.0869585E-02   5.9675407E-04   1.4939162E-03  -1.2474713E-01  -6.2073656E-02  -1.9304270E-02   2.7988360E-02  -6.9037277E-03  -6.2327783E-04  -3.2989882E-03  -6.1021025E-03   1.4769601E-02  -2.6092776E-05  -6.9251534E-05  -8.9283493E-05  -5.0278150E-05  -4.7665795E-05  -4.9480339E-04   1.2821838E-07  -1.0733128E-06
  3.5059463E-07  -4.8133539E-06   4.4853290E-07   6.8633942E-05   1.7964921E-04   1.2398501E-04   2.2888871E-05   3.0234869E-07  -7.3996103E-03   1.4785558E-04   4.3767244E-04  -2.9128187E-02  -9.7620905E-03  -1.1464127E-03   5.4294768E-03  -1.9951700E-03   2.0987628E-04  -3.9917042E-04  -8.4635081E-04   2.6369965E-03   4.2023195E-06  -4.7589324E-06  -5.3298720E-06  -6.3825227E-06  -3.4522609E-06  -5.1718102E-05  -1.5448985E-07  -8.5068397E-08
  1.1666781E-08  -1.1599175E-07   3.2361317E-08  -4.2698507E-06   3.9379861E-06   4.3677430E-06   3.0234869E-07   6.4784626E-06  -2.9016516E-05   1.5892697E-05   2.9521811E-05   4.3709696E-03  -3.3680312E-05   7.8599860E-04   2.3216071E-03  -6.7125288E-05   2.0167722E-04   7.2954518E-05   1.1046218E-04   1.3540886E-03   2.2982173E-06  -2.3274081E-06  -9.2487853E-08  -5.2207858E-06  -3.3820901E-06   7.3696223E-06   4.1294733E-08   3.1412386E-08
 -1.7064624E-04   1.1452468E-03  -3.1717443E-05  -2.1041872E-02  -6.2100985E-02  -4.0869585E-02  -7.3996103E-03  -2.9016516E-05   4.3569742E+01  -4.4951655E-01  -7.5056657E-01   3.4923322E+01   4.2345705E+00  -1.2471405E+01  -5.3991057E+01  -3.9816639E-01   1.4886508E-02   7.0980784E-01  -4.9984539E+00  -3.1272065E+01  -1.5637962E-02   1.7583152E-03   1.1101035E-03   1.5631232E-02  -1.4788218E-02   9.7231382E-02  -2.1843787E-04   6.3112936E-04
  2.7769588E-06  -1.4749153E-05  -1.2811141E-06   2.6719379E-04   7.5785859E-04   5.9675407E-04   1.4785558E-04   1.5892697E-05  -4.4951655E-01   8.0789251E-02  -3.1718616E-02  -6.3207779E-01   9.3846909E-01   1.8065907E+00   8.2313024E-01  -1.1099101E-03  -4.2374617E-03   2.4289052E-02   1.1340911E-01   1.3779410E-01   6.0215745E-05   2.0731204E-04   4.7291303E-04  -1.7798847E-04   2.5373850E-05  -3.1895880E-03   5.9895538E-06  -4.3772898E-06
  1.4234927E-05   1.2914861E-05   7.4996060E-06   6.9259785E-04  -5.4784001E-03   1.4939162E-03   4.3767244E-04   2.9521811E-05  -7.5056657E-01  -3.1718616E-02   3.6092622E+00  -2.7774357E+01  -3.5009909E+00   6.8511571E+00   4.7634623E+00  -2.1861623E+00  -2.2699710E-01  -2.6397857E-02   2.3122705E+00   2.7055891E+00  -2.2021292E-03  -1.7531224E-03  -1.0389231E-03  -5.7938477E-03   7.3442831E-03   1.3664493E-03   9.9368767E-05  -6.9429639E-05
 -5.0403560E-04   2.8377344E-03  -3.0111406E-04  -6.7919692E-02  -1.0852379E-01  -1.2474713E-01  -2.9128187E-02   4.3709696E-03   3.4923322E+01  -6.3207779E-01  -2.7774357E+01   7.5457666E+02   7.4541782E+01  -4.9039141E+01  -5.7724428E+01   1.1217344E+01  -5.1582227E+00   8.2418075E+00  -4.2571383E+00  -1.0427315E+01   5.0613084E-02   3.6471839E-03   3.4734649E-02   4.8832374E-03  -6.4321109E-02   6.1731315E-02   4.2390046E-03   1.1216657E-03
 -2.9412134E-04   1.5446940E-03  -1.4907412E-04  -3.2795320E-02  -5.1768782E-02  -6.2073656E-02  -9.7620905E-03  -3.3680312E-05   4.2345705E+00   9.3846909E-01  -3.5009909E+00   7.4541782E+01   6.3684163E+01   4.1652902E+01   1.4642507E+01  -4.3953652E+00  -2.3938373E-01  -1.3215871E+00   2.5689343E+00   1.6268985E-01   3.5056227E-03  -9.4826900E-04   4.2342602E-03  -8.2735384E-03  -2.3647093E-02  -2.7986514E-02   2.8469145E-04   2.2720615E-04
 -8.1998064E-05   7.2017314E-04  -1.2297619E-04  -1.2325933E-02  -2.5898920E-02  -1.9304270E-02  -1.1464127E-03   7.8599860E-04  -1.2471405E+01   1.8065907E+00   6.8511571E+00  -4.9039141E+01   4.1652902E+01   8.6665122E+01   5.4365295E+01  -1.0396861E+01  -7.7699794E-01  -5.2390865E-01   3.6889201E+00   4.2318943E+00  -1.0345034E-02  -5.9505719E-03   7.1250954E-03  -1.3254803E-02   8.3551416E-03  -9.3747009E-02   4.6302911E-04  -4.9243170E-04
  6.5612488E-05  -5.4710263E-04  -3.1972354E-05   1.0973491E-02   5.0395356E-02   2.7988360E-02   5.4294768E-03   2.3216071E-03  -5.3991057E+01   8.2313024E-01   4.7634623E+00  -5.7724428E+01   1.4642507E+01   5.4365295E+01   1.0430113E+02  -7.6418094E+00  -4.0424571E-01  -1.2938080E+00   4.4177195E+00   2.9965914E+01   7.0819293E-03  -1.7135425E-02  -1.7440760E-02  -2.8101864E-02   4.0396589E-03  -1.5495478E-01   4.5460316E-04  -1.2584592E-03
 -3.8114208E-05   1.1287716E-04   2.1388705E-06  -3.2467519E-03  -2.1155502E-03  -6.9037277E-03  -1.9951700E-03  -6.7125288E-05  -3.9816639E-01  -1.1099101E-03  -2.1861623E+00   1.1217344E+01  -4.3953652E+00  -1.0396861E+01  -7.6418094E+00   4.8014278E+00   4.1139435E-02  -9.1064365E-02  -1.4447467E+00  -1.2748333E+00   3.5010964E-03   4.9401471E-03   5.9970925E-03   3.6636435E-03   5.8992710E-05   7.7593869E-03  -7.2069224E-05   2.3078464E-05
 -2.4377189E-07  -2.0624346E-05  -8.5027090E-06  -4.1530616E-04  -4.4768944E-03  -6.2327783E-04   2.0987628E-04   2.0167722E-04   1.4886508E-02  -4.2374617E-03  -2.2699710E-01  -5.1582227E+00  -2.3938373E-01  -7.7699794E-01  -4.0424571E-01   4.1139435E-02   3.3641596E+00   4.7515659E-01   2.2785386E-01   4.0812773E-01  -2.3867321E-03   1.0462849E-03   7.1692829E-03  -8.8705559E-04   6.6822509E-03   1.0642821E-02   1.9275913E-04   4.0784874E-05
 -8.8882605E-06   7.7670081E-05   1.3010507E-05  -1.6139782E-03  -1.0532754E-02  -3.2989882E-03  -3.9917042E-04   7.2954518E-05   7.0980784E-01   2.4289052E-02  -2.6397857E-02   8.2418075E+00  -1.3215871E+00  -5.2390865E-01  -1.2938080E+00  -9.1064365E-02   4.7515659E-01   3.2595261E+00   2.4746816E+00   2.2840734E+00  -2.3212242E-04  -1.3550049E-03  -5.3854546E-04  -2.8664333E-03   1.9200991E-03  -1.8371413E-03  -1.8595613E-04  -4.3476211E-05
 -1.6083004E-05   1.7765562E-04   9.2577067E-06  -3.1804255E-03  -1.5979906E-02  -6.1021025E-03  -8.4635081E-04   1.1046218E-04  -4.9984539E+00   1.1340911E-01   2.3122705E+00  -4.2571383E+00   2.5689343E+00   3.6889201E+00   4.4177195E+00  -1.4447467E+00   2.2785386E-01   2.4746816E+00   1.0000645E+01   1.7438739E+01   3.2780581E-03  -1.4536016E-03  -1.7033353E-03  -1.2199920E-02   2.4165199E-03  -8.7387018E-03   5.2712148E-05   3.8894630E-04
  6.9506791E-05  -4.0578283E-04   1.8864143E-05   6.4994356E-03   1.7113369E-02   1.4769601E-02   2.6369965E-03   1.3540886E-03  -3.1272065E+01   1.3779410E-01   2.7055891E+00  -1.0427315E+01   1.6268985E-01   4.2318943E+00   2.9965914E+01  -1.2748333E+00   4.0812773E-01   2.2840734E+00   1.7438739E+01   4.9607586E+01   1.7506796E-02  -1.3341691E-03   1.2949866E-04  -2.2986673E-02   1.2678161E-02  -5.8266219E-02   2.2177732E-04   9.2065980E-04
 -1.5143063E-07   2.1684673E-07   2.4191386E-07  -1.4794088E-05  -2.9119976E-05  -2.6092776E-05   4.2023195E-06   2.2982173E-06  -1.5637962E-02   6.0215745E-05  -2.2021292E-03   5.0613084E-02   3.5056227E-03  -1.0345034E-02   7.0819293E-03   3.5010964E-03  -2.3867321E-03  -2.3212242E-04   3.2780581E-03   1.7506796E-02   1.4276806E-03   2.7185096E-04   1.5459675E-04  -3.2442514E-04  -6.9987283E-05  -4.9016595E-04  -3.8124251E-07   2.2453360E-07
 -3.6131274E-07   2.2054216E-06  -2.2569715E-07  -3.4627743E-05  -1.7615411E-04  -6.9251534E-05  -4.7589324E-06  -2.3274081E-06   1.7583152E-03   2.0731204E-04  -1.7531224E-03   3.6471839E-03  -9.4826900E-04  -5.9505719E-03  -1.7135425E-02   4.9401471E-03   1.0462849E-03  -1.3550049E-03  -1.4536016E-03  -1.3341691E-03   2.7185096E-04   8.7490076E-04   1.3119159E-04   7.1924536E-04   8.9263831E-05  -4.1464008E-04  -1.2370574E-07   3.4291882E-07
 -8.6161965E-08  -2.5119243E-07   2.3568803E-07  -4.4470017E-05  -9.0596958E-05  -8.9283493E-05  -5.3298720E-06  -9.2487853E-08   1.1101035E-03   4.7291303E-04  -1.0389231E-03   3.4734649E-02   4.2342602E-03   7.1250954E-03  -1.7440760E-02   5.9970925E-03   7.1692829E-03  -5.3854546E-04  -1.7033353E-03   1.2949866E-04   1.5459675E-04   1.3119159E-04   7.5159180E-03  -2.1978236E-04   7.7384941E-04   4.7804584E-03   4.1052946E-06  -2.1535880E-06
 -3.2973287E-07   3.3708240E-06  -2.4802235E-07  -2.3352245E-05  -2.6533582E-04  -5.0278150E-05  -6.3825227E-06  -5.2207858E-06   1.5631232E-02  -1.7798847E-04  -5.7938477E-03   4.8832374E-03  -8.2735384E-03  -1.3254803E-02  -2.8101864E-02   3.6636435E-03  -8.8705559E-04  -2.8664333E-03  -1.2199920E-02  -2.2986673E-02  -3.2442514E-04   7.1924536E-04  -2.1978236E-04   2.7573840E-03   3.6427861E-04  -1.1694711E-03  -4.2505074E-07  -3.1091083E-07
  2.9224987E-07   2.9334419E-07  -1.0137711E-06  -1.8927784E-05  -9.4944548E-05  -4.7665795E-05  -3.4522609E-06  -3.3820901E-06  -1.4788218E-02   2.5373850E-05   7.3442831E-03  -6.4321109E-02  -2.3647093E-02   8.3551416E-03   4.0396589E-03   5.8992710E-05   6.6822509E-03   1.9200991E-03   2.4165199E-03   1.2678161E-02  -6.9987283E-05   8.9263831E-05   7.7384941E-04   3.6427861E-04   6.2829473E-03   8.5342557E-03   5.9748894E-07  -3.9571711E-08
 -3.0235414E-06   1.9131556E-05  -2.7493131E-06  -2.6990905E-04  -5.9041255E-04  -4.9480339E-04  -5.1718102E-05   7.3696223E-06   9.7231382E-02  -3.1895880E-03   1.3664493E-03   6.1731315E-02  -2.7986514E-02  -9.3747009E-02  -1.5495478E-01   7.7593869E-03   1.0642821E-02  -1.8371413E-03  -8.7387018E-03  -5.8266219E-02  -4.9016595E-04  -4.1464008E-04   4.7804584E-03  -1.1694711E-03   8.5342557E-03   6.9500646E-02   8.9880083E-07   5.0507836E-06
  4.6081494E-09  -1.0881393E-08   5.4614638E-09  -5.5739400E-08   9.8397584E-07   1.2821838E-07  -1.5448985E-07   4.1294733E-08  -2.1843787E-04   5.9895538E-06   9.9368767E-05   4.2390046E-03   2.8469145E-04   4.6302911E-04   4.5460316E-04  -7.2069224E-05   1.9275913E-04  -1.8595613E-04   5.2712148E-05   2.2177732E-04  -3.8124251E-07  -1.2370574E-07   4.1052946E-06  -4.2505074E-07   5.9748894E-07   8.9880083E-07   3.8500870E-07  -4.4264699E-09
 -5.2242460E-09   3.8209695E-08   7.9908276E-10  -6.0206106E-07  -1.1613369E-06  -1.0733128E-06  -8.5068397E-08   3.1412386E-08   6.3112936E-04  -4.3772898E-06  -6.9429639E-05   1.1216657E-03   2.2720615E-04  -4.9243170E-04  -1.2584592E-03   2.3078464E-05   4.0784874E-05  -4.3476211E-05   3.8894630E-04   9.2065980E-04   2.2453360E-07   3.4291882E-07  -2.1535880E-06  -3.1091083E-07  -3.9571711E-08   5.0507836E-06  -4.4264699E-09   3.7544841E-07
