# omegabh2 omegach2 theta tau logA ns nrun calPlanck aps100 aps143 aps217 acib217 asz143 psr cibr xi aksz dust100 dust143 dust217 dust143x217 cal0 cal2 calTE calEE
  2.5754821E-08  -8.0569123E-08   1.5530499E-08   4.1051919E-07   8.0904912E-07   2.2134918E-07  -2.3930591E-07   2.9414084E-08  -2.2080822E-04  -2.0616509E-04   1.2866305E-06  -6.9059021E-05   1.5900238E-05   4.3612917E-07  -1.3248697E-06   2.1893870E-07  -2.0005127E-05   1.4300989E-07  -5.4844527E-07   4.4027997E-07   2.5314998E-08   8.1584780E-09  -1.9454871E-09  -1.1837773E-07  -2.6168414E-07
 -8.0569123E-08   1.4283030E-06  -1.1480440E-07  -3.7129887E-06  -4.5056841E-06  -3.4352326E-06  -9.5284192E-07  -2.6104447E-07   1.2787777E-03   1.0094662E-03  -5.4921689E-04   5.1318969E-04  -9.8055268E-05  -5.5644124E-06   9.6954641E-06  -3.9325330E-06   1.9391132E-04   1.9997918E-06   7.7882280E-06  -8.6159504E-07   1.9302761E-06  -6.6786247E-08   5.4491086E-08  -3.0605336E-07  -6.6635693E-07
  1.5530499E-08  -1.1480440E-07   9.4249626E-08   3.9530659E-07   6.6917000E-07   4.0485246E-07   7.5495686E-08   3.0189909E-08  -1.4558512E-04  -9.1033340E-05   5.0898252E-06  -1.9323567E-05   1.2511416E-05   1.4218095E-08   1.2375011E-06   9.4673169E-07  -2.4810056E-05  -3.5394896E-07  -1.3292582E-07  -1.9181763E-07  -1.6417104E-06   1.2310245E-09  -3.4644616E-09  -2.7060617E-08   2.7138408E-08
  4.1051919E-07  -3.7129887E-06   3.9530659E-07   5.8941382E-05   1.0795091E-04   9.9402417E-06  -7.9757657E-06  -1.1072633E-06  -5.6477153E-03  -3.2895442E-03  -2.0730295E-03  -3.3086951E-04   1.3849645E-04   7.7981044E-06  -2.9049902E-05   4.9420566E-06  -2.8145391E-05   2.6236013E-06   2.5293459E-05  -4.4539857E-06   1.7532135E-05  -1.1773195E-07  -6.3129523E-08  -3.9340956E-06  -2.6132696E-06
  8.0904912E-07  -4.5056841E-06   6.6917000E-07   1.0795091E-04   2.3183149E-04   9.4207985E-06  -2.8244780E-05   9.3158908E-06   8.3380875E-03   1.7716634E-03  -1.3245371E-03   2.1382476E-03  -1.7702417E-04  -4.1216879E-06  -2.3216622E-06   2.5857132E-05   9.5622363E-05   1.6480360E-05  -1.6662734E-05  -3.8797746E-06   1.0143031E-05   3.9101880E-07   1.4807952E-07  -9.0750515E-06  -4.7341453E-06
  2.2134918E-07  -3.4352326E-06   4.0485246E-07   9.9402417E-06   9.4207985E-06   1.9828825E-05   1.0322688E-05   6.7615331E-07  -3.1489182E-02  -1.0988407E-02   1.1478477E-02  -8.2955138E-03   1.0616212E-03   9.2995491E-05  -1.5036758E-04   6.9056765E-05  -2.9425167E-03  -3.3796703E-06  -4.7890529E-05   4.1453948E-05  -8.2149607E-06  -2.6935494E-07  -4.8794288E-07   7.3483342E-07  -2.1522095E-06
 -2.3930591E-07  -9.5284192E-07   7.5495686E-08  -7.9757657E-06  -2.8244780E-05   1.0322688E-05   4.3987101E-05  -2.7465454E-07  -3.4632697E-02  -1.5822284E-02   1.3465271E-02  -1.1070484E-02   1.2203837E-03   1.1245255E-04  -2.2146452E-04   8.8420413E-05  -3.0384216E-03  -5.2598353E-05  -3.3087090E-05   5.8067602E-05   7.7323920E-06  -3.4940901E-07  -8.0710024E-07   3.6359503E-06   1.5732274E-06
  2.9414084E-08  -2.6104447E-07   3.0189909E-08  -1.1072633E-06   9.3158908E-06   6.7615331E-07  -2.7465454E-07   6.0813187E-06   4.6935298E-03   1.0487213E-03   1.0201150E-03   7.2443613E-04   9.3025382E-06  -4.8302629E-06   2.0116620E-05   3.4714208E-06  -7.0270859E-05   4.4657372E-06   1.1526924E-06   6.8949964E-06  -3.3067704E-06   1.9961611E-08   4.5578757E-09  -1.5363748E-07  -9.3956518E-08
 -2.2080822E-04   1.2787777E-03  -1.4558512E-04  -5.6477153E-03   8.3380875E-03  -3.1489182E-02  -3.4632697E-02   4.6935298E-03   6.2600203E+02   7.1340619E+01  -6.4023226E+01   3.8954070E+01  -2.4833442E+01  -9.0651888E-01   1.7615195E-01  -2.1674888E-01   1.2425188E+01  -1.4440584E-01   2.6526156E-01  -2.8671805E-01  -2.5202277E-01   6.9649332E-03   3.4341793E-03  -9.5844181E-04   7.5967309E-03
 -2.0616509E-04   1.0094662E-03  -9.1033340E-05  -3.2895442E-03   1.7716634E-03  -1.0988407E-02  -1.5822284E-02   1.0487213E-03   7.1340619E+01   7.3664795E+01   6.4676404E+00   9.6041320E+00  -9.7139182E-01  -4.6498627E-02   5.2897598E-01   8.8921532E-01  -7.2678627E+00   2.7222893E-02  -2.3320826E-01   3.4336943E-02   4.3338809E-02   8.6224777E-04   9.1672528E-04   5.7739750E-04   4.7715913E-03
  1.2866305E-06  -5.4921689E-04   5.0898252E-06  -2.0730295E-03  -1.3245371E-03   1.1478477E-02   1.3465271E-02   1.0201150E-03  -6.4023226E+01   6.4676404E+00   1.7897858E+02  -8.4821516E+01   2.7577045E+00   4.2194354E-01  -1.1745565E+00   4.4495671E-01  -8.0648968E+00  -2.4388486E-02  -2.9383237E-01   5.4396887E-01   4.7310421E-03   1.5159298E-03  -7.8810610E-03   4.5303377E-03   4.4634247E-03
 -6.9059021E-05   5.1318969E-04  -1.9323567E-05  -3.3086951E-04   2.1382476E-03  -8.2955138E-03  -1.1070484E-02   7.2443613E-04   3.8954070E+01   9.6041320E+00  -8.4821516E+01   5.2963311E+01   1.3752792E+00  -8.9152736E-02   7.7841456E-01  -3.0578936E-01  -1.8708304E+00   3.8839569E-02   1.7188021E-01  -4.4478853E-01  -1.1284189E-01  -4.4063535E-04   3.2151061E-03  -1.9601686E-03  -5.9805812E-04
  1.5900238E-05  -9.8055268E-05   1.2511416E-05   1.3849645E-04  -1.7702417E-04   1.0616212E-03   1.2203837E-03   9.3025382E-06  -2.4833442E+01  -9.7139182E-01   2.7577045E+00   1.3752792E+00   4.3403270E+00   1.0576748E-01   1.3353912E-01  -5.1334492E-02  -3.5848855E+00  -7.2984374E-03  -8.6748652E-03   1.1361210E-02   5.7872210E-02   4.7670602E-04  -2.1974100E-04  -4.9581990E-05  -3.1416616E-04
  4.3612917E-07  -5.5644124E-06   1.4218095E-08   7.7981044E-06  -4.1216879E-06   9.2995491E-05   1.1245255E-04  -4.8302629E-06  -9.0651888E-01  -4.6498627E-02   4.2194354E-01  -8.9152736E-02   1.0576748E-01   1.7044773E-02  -1.8204972E-02   1.1811663E-02  -1.1114306E-01   2.2302625E-04  -1.5652595E-03  -2.5590157E-03   5.2358657E-03   1.7885700E-05  -4.2890314E-05   4.2518396E-05   6.2623908E-06
 -1.3248697E-06   9.6954641E-06   1.2375011E-06  -2.9049902E-05  -2.3216622E-06  -1.5036758E-04  -2.2146452E-04   2.0116620E-05   1.7615195E-01   5.2897598E-01  -1.1745565E+00   7.7841456E-01   1.3353912E-01  -1.8204972E-02   6.8052904E-02   2.0516289E-03  -1.3044376E-01   8.9277831E-05   7.2187273E-03  -2.5026071E-04  -1.7143416E-02  -7.2123889E-06   9.9171839E-05  -7.2993939E-05  -1.8269473E-05
  2.1893870E-07  -3.9325330E-06   9.4673169E-07   4.9420566E-06   2.5857132E-05   6.9056765E-05   8.8420413E-05   3.4714208E-06  -2.1674888E-01   8.8921532E-01   4.4495671E-01  -3.0578936E-01  -5.1334492E-02   1.1811663E-02   2.0516289E-03   8.0804925E-02   3.9649149E-02   4.3712490E-04   3.7174085E-04   9.7963112E-04   5.1399638E-04   1.1310592E-05  -1.9390948E-05   3.1689928E-05   1.6163674E-05
 -2.0005127E-05   1.9391132E-04  -2.4810056E-05  -2.8145391E-05   9.5622363E-05  -2.9425167E-03  -3.0384216E-03  -7.0270859E-05   1.2425188E+01  -7.2678627E+00  -8.0648968E+00  -1.8708304E+00  -3.5848855E+00  -1.1114306E-01  -1.3044376E-01   3.9649149E-02   7.4294491E+00  -2.9264966E-03   5.9613503E-03  -6.6795472E-03  -4.6786192E-02  -3.4971577E-04   1.2811926E-04  -3.3524876E-04  -1.4005965E-04
  1.4300989E-07   1.9997918E-06  -3.5394896E-07   2.6236013E-06   1.6480360E-05  -3.3796703E-06  -5.2598353E-05   4.4657372E-06  -1.4440584E-01   2.7222893E-02  -2.4388486E-02   3.8839569E-02  -7.2984374E-03   2.2302625E-04   8.9277831E-05   4.3712490E-04  -2.9264966E-03   3.7342253E-02   3.1223578E-03  -8.7370056E-04   7.1770236E-05   3.7322221E-05  -1.1847446E-05  -4.6103130E-06   5.1039444E-06
 -5.4844527E-07   7.7882280E-06  -1.3292582E-07   2.5293459E-05  -1.6662734E-05  -4.7890529E-05  -3.3087090E-05   1.1526924E-06   2.6526156E-01  -2.3320826E-01  -2.9383237E-01   1.7188021E-01  -8.6748652E-03  -1.5652595E-03   7.2187273E-03   3.7174085E-04   5.9613503E-03   3.1223578E-03   3.2105737E-02  -9.5300442E-04   5.0861032E-03  -8.4163456E-05  -4.6588166E-05  -9.2145268E-05  -9.1446624E-05
  4.4027997E-07  -8.6159504E-07  -1.9181763E-07  -4.4539857E-06  -3.8797746E-06   4.1453948E-05   5.8067602E-05   6.8949964E-06  -2.8671805E-01   3.4336943E-02   5.4396887E-01  -4.4478853E-01   1.1361210E-02  -2.5590157E-03  -2.5026071E-04   9.7963112E-04  -6.6795472E-03  -8.7370056E-04  -9.5300442E-04   1.0516571E-02   8.2319605E-03   3.0530951E-06   6.3528421E-05   2.5823403E-06  -3.8955854E-06
  2.5314998E-08   1.9302761E-06  -1.6417104E-06   1.7532135E-05   1.0143031E-05  -8.2149607E-06   7.7323920E-06  -3.3067704E-06  -2.5202277E-01   4.3338809E-02   4.7310421E-03  -1.1284189E-01   5.7872210E-02   5.2358657E-03  -1.7143416E-02   5.1399638E-04  -4.6786192E-02   7.1770236E-05   5.0861032E-03   8.2319605E-03   2.5505198E-02  -3.5462323E-06   5.7718841E-05  -2.3255199E-05  -2.7117765E-05
  8.1584780E-09  -6.6786247E-08   1.2310245E-09  -1.1773195E-07   3.9101880E-07  -2.6935494E-07  -3.4940901E-07   1.9961611E-08   6.9649332E-03   8.6224777E-04   1.5159298E-03  -4.4063535E-04   4.7670602E-04   1.7885700E-05  -7.2123889E-06   1.1310592E-05  -3.4971577E-04   3.7322221E-05  -8.4163456E-05   3.0530951E-06  -3.5462323E-06   1.1425009E-06   5.3502774E-08   3.9491106E-07   6.7118619E-07
 -1.9454871E-09   5.4491086E-08  -3.4644616E-09  -6.3129523E-08   1.4807952E-07  -4.8794288E-07  -8.0710024E-07   4.5578757E-09   3.4341793E-03   9.1672528E-04  -7.8810610E-03   3.2151061E-03  -2.1974100E-04  -4.2890314E-05   9.9171839E-05  -1.9390948E-05   1.2811926E-04  -1.1847446E-05  -4.6588166E-05   6.3528421E-05   5.7718841E-05   5.3502774E-08   2.4902965E-06   8.1734968E-08   2.0499035E-08
 -1.1837773E-07  -3.0605336E-07  -2.7060617E-08  -3.9340956E-06  -9.0750515E-06   7.3483342E-07   3.6359503E-06  -1.5363748E-07  -9.5844181E-04   5.7739750E-04   4.5303377E-03  -1.9601686E-03  -4.9581990E-05   4.2518396E-05  -7.2993939E-05   3.1689928E-05  -3.3524876E-04  -4.6103130E-06  -9.2145268E-05   2.5823403E-06  -2.3255199E-05   3.9491106E-07   8.1734968E-08   2.4628858E-05   8.2042643E-06
 -2.6168414E-07  -6.6635693E-07   2.7138408E-08  -2.6132696E-06  -4.7341453E-06  -2.1522095E-06   1.5732274E-06  -9.3956518E-08   7.5967309E-03   4.7715913E-03   4.4634247E-03  -5.9805812E-04  -3.1416616E-04   6.2623908E-06  -1.8269473E-05   1.6163674E-05  -1.4005965E-04   5.1039444E-06  -9.1446624E-05  -3.8955854E-06  -2.7117765E-05   6.7118619E-07   2.0499035E-08   8.2042643E-06   2.4416349E-05
