# omegabh2 omegach2 theta tau nnu yhe logA ns calPlanck acib217 xi asz143 aps100 aps143 aps143217 aps217 aksz kgal100 kgal143 kgal143217 kgal217 cal0 cal2
    0.1399437E-06    0.6727099E-06   -0.2677238E-07    0.4813454E-05    0.8996645E-04    0.1532493E-05    0.1175336E-04    0.5092955E-05    0.1388747E-07    0.1856988E-03   -0.3769376E-05   -0.2719270E-04    0.7494616E-03    0.2412571E-03    0.6333297E-05   -0.1254097E-03    0.6722264E-04    0.2564761E-04    0.1842282E-04    0.2903093E-04   -0.9967835E-05    0.5454019E-08    0.2297292E-07
    0.6727099E-06    0.5654763E-04   -0.1303764E-04    0.1155441E-04    0.3884876E-02   -0.1794466E-03    0.1104885E-03    0.4832014E-04   -0.4259503E-06   -0.2640629E-03   -0.1727537E-04   -0.2993844E-04    0.3949445E-03   -0.5183161E-02   -0.5031096E-02   -0.4126654E-02    0.1283490E-03    0.9832299E-04    0.3055884E-04   -0.1743764E-03    0.4929334E-04    0.1824181E-06   -0.7873610E-08
   -0.2677238E-07   -0.1303764E-04    0.3644187E-05    0.4171315E-06   -0.9013455E-03    0.5458895E-04   -0.1604822E-04   -0.6086905E-05    0.6188924E-07    0.1131437E-02   -0.1476064E-04   -0.2441678E-03    0.4517471E-02    0.3723937E-02    0.1931128E-02    0.8933146E-03    0.3548480E-03    0.2884043E-04    0.2385597E-04    0.1370948E-03   -0.1033919E-03   -0.4993077E-07    0.1225646E-06
    0.4813454E-05    0.1155441E-04    0.4171315E-06    0.4712718E-03    0.2958002E-02    0.5739305E-04    0.9813993E-03    0.2077631E-03   -0.9424409E-06   -0.1366304E-02    0.5203499E-05    0.5383403E-03   -0.9346507E-02   -0.2670584E-02    0.1654863E-02    0.3220481E-02   -0.1294253E-02    0.5976642E-03   -0.4970235E-04   -0.1336620E-02   -0.2394849E-02   -0.1596125E-07   -0.4215493E-06
    0.8996645E-04    0.3884876E-02   -0.9013455E-03    0.2958002E-02    0.2966725E+00   -0.1222020E-01    0.1196074E-01    0.5328088E-02   -0.1728864E-04    0.2305875E-01   -0.2125851E-02   -0.8474364E-02    0.1961250E+00   -0.3451110E+00   -0.3878788E+00   -0.3476110E+00    0.2773483E-01    0.1385261E-01    0.9361468E-02   -0.5040294E-02   -0.9823619E-03    0.1458214E-04    0.4302703E-05
    0.1532493E-05   -0.1794466E-03    0.5458895E-04    0.5739305E-04   -0.1222020E-01    0.9627311E-03   -0.6564837E-04    0.1002191E-04    0.1228775E-06    0.3322104E-01   -0.5151200E-03   -0.7471815E-02    0.1383667E+00    0.9400486E-01    0.3986977E-01    0.1198603E-01    0.1149094E-01    0.1196958E-02    0.9467013E-03    0.3740914E-02   -0.3149365E-02   -0.7955278E-06    0.3515243E-05
    0.1175336E-04    0.1104885E-03   -0.1604822E-04    0.9813993E-03    0.1196074E-01   -0.6564837E-04    0.2232137E-02    0.5314806E-03    0.9803466E-05    0.4398581E-02   -0.9009552E-04   -0.6598400E-03    0.2083631E-01    0.7631699E-02    0.5160784E-02    0.6183911E-02   -0.4178250E-03    0.1417895E-02   -0.3651912E-03   -0.2444345E-02   -0.3413114E-02    0.5003591E-06   -0.9587982E-07
    0.5092955E-05    0.4832014E-04   -0.6086905E-05    0.2077631E-03    0.5328088E-02    0.1002191E-04    0.5314806E-03    0.2519285E-03    0.3092930E-08    0.1055485E-01   -0.1843654E-03   -0.2232402E-02    0.4034920E-01    0.2093049E-01    0.5855483E-02   -0.1994099E-02    0.3417289E-02    0.1477087E-02    0.7788279E-03    0.1001288E-02   -0.1118537E-02   -0.9502055E-08    0.1270598E-05
    0.1388747E-07   -0.4259503E-06    0.6188924E-07   -0.9424409E-06   -0.1728864E-04    0.1228775E-06    0.9803466E-05    0.3092930E-08    0.6232914E-05    0.5347574E-03    0.5759848E-05    0.7505483E-04    0.2743837E-02    0.3896387E-03    0.5604794E-03    0.1444589E-02   -0.7098014E-04   -0.1734222E-04   -0.1019812E-04    0.2584811E-04    0.9406804E-03    0.8818593E-08   -0.2871592E-07
    0.1856988E-03   -0.2640629E-03    0.1131437E-02   -0.1366304E-02    0.2305875E-01    0.3322104E-01    0.4398581E-02    0.1055485E-01    0.5347574E-03    0.4602468E+02   -0.5278921E+00   -0.2468152E+01    0.5478288E+02    0.6910587E+01   -0.1957459E+02   -0.6123200E+02    0.1670650E+01    0.1004480E+00    0.2830115E+00   -0.1626529E+01   -0.1847216E+02   -0.3062656E-03    0.4721203E-02
   -0.3769376E-05   -0.1727537E-04   -0.1476064E-04    0.5203499E-05   -0.2125851E-02   -0.5151200E-03   -0.9009552E-04   -0.1843654E-03    0.5759848E-05   -0.5278921E+00    0.8241795E-01   -0.6469272E-01   -0.6610612E+00    0.8708103E+00    0.1796023E+01    0.7437914E+00    0.5275263E-01   -0.5831644E-02   -0.2274951E-02    0.7411759E-01    0.8201017E-01    0.8393682E-05   -0.2327378E-04
   -0.2719270E-04   -0.2993844E-04   -0.2441678E-03    0.5383403E-03   -0.8474364E-02   -0.7471815E-02   -0.6598400E-03   -0.2232402E-02    0.7505483E-04   -0.2468152E+01   -0.6469272E-01    0.3924346E+01   -0.3258523E+02   -0.5402962E+01    0.7532799E+01    0.7128934E+01   -0.3017807E+01   -0.1989119E+00    0.2020621E-01    0.2320678E+01    0.2270931E+01    0.1730138E-03   -0.4411255E-03
    0.7494616E-03    0.3949445E-03    0.4517471E-02   -0.9346507E-02    0.1961250E+00    0.1383667E+00    0.2083631E-01    0.4034920E-01    0.2743837E-02    0.5478288E+02   -0.6610612E+00   -0.3258523E+02    0.8294785E+03    0.9816777E+02   -0.5276949E+02   -0.7291276E+02    0.1903800E+02   -0.2987688E+01    0.3526819E+01   -0.1094097E+02   -0.1802105E+02    0.6258495E-02    0.5517674E-02
    0.2412571E-03   -0.5183161E-02    0.3723937E-02   -0.2670584E-02   -0.3451110E+00    0.9400486E-01    0.7631699E-02    0.2093049E-01    0.3896387E-03    0.6910587E+01    0.8708103E+00   -0.5402962E+01    0.9816777E+02    0.7780277E+02    0.4975999E+02    0.1906452E+02   -0.1991572E+01   -0.1578234E-01   -0.1025846E+01    0.4128367E+01    0.2860728E+01    0.1482480E-03    0.8177112E-03
    0.6333297E-05   -0.5031096E-02    0.1931128E-02    0.1654863E-02   -0.3878788E+00    0.3986977E-01    0.5160784E-02    0.5855483E-02    0.5604794E-03   -0.1957459E+02    0.1796023E+01    0.7532799E+01   -0.5276949E+02    0.4975999E+02    0.1016084E+03    0.6956952E+02   -0.1179206E+02   -0.6488338E+00   -0.6161916E+00    0.4563033E+01    0.4754444E+01    0.7847267E-03   -0.2491036E-02
   -0.1254097E-03   -0.4126654E-02    0.8933146E-03    0.3220481E-02   -0.3476110E+00    0.1198603E-01    0.6183911E-02   -0.1994099E-02    0.1444589E-02   -0.6123200E+02    0.7437914E+00    0.7128934E+01   -0.7291276E+02    0.1906452E+02    0.6956952E+02    0.1240791E+03   -0.1110405E+02   -0.4295913E+00   -0.6475620E+00   -0.7320090E+00    0.1454040E+02    0.7596018E-03   -0.7855058E-02
    0.6722264E-04    0.1283490E-03    0.3548480E-03   -0.1294253E-02    0.2773483E-01    0.1149094E-01   -0.4178250E-03    0.3417289E-02   -0.7098014E-04    0.1670650E+01    0.5275263E-01   -0.3017807E+01    0.1903800E+02   -0.1991572E+01   -0.1179206E+02   -0.1110405E+02    0.6633562E+01    0.1469242E+00   -0.1130548E-01   -0.1764251E+01   -0.1596006E+01   -0.1329995E-03    0.3349213E-03
    0.2564761E-04    0.9832299E-04    0.2884043E-04    0.5976642E-03    0.1385261E-01    0.1196958E-02    0.1417895E-02    0.1477087E-02   -0.1734222E-04    0.1004480E+00   -0.5831644E-02   -0.1989119E+00   -0.2987688E+01   -0.1578234E-01   -0.6488338E+00   -0.4295913E+00    0.1469242E+00    0.3579084E+01    0.4681668E+00    0.2221349E+00    0.3196245E+00    0.3081126E-03    0.3316294E-04
    0.1842282E-04    0.3055884E-04    0.2385597E-04   -0.4970235E-04    0.9361468E-02    0.9467013E-03   -0.3651912E-03    0.7788279E-03   -0.1019812E-04    0.2830115E+00   -0.2274951E-02    0.2020621E-01    0.3526819E+01   -0.1025846E+01   -0.6161916E+00   -0.6475620E+00   -0.1130548E-01    0.4681668E+00    0.3390128E+01    0.2588878E+01    0.1718065E+01   -0.2834787E-03   -0.1890756E-03
    0.2903093E-04   -0.1743764E-03    0.1370948E-03   -0.1336620E-02   -0.5040294E-02    0.3740914E-02   -0.2444345E-02    0.1001288E-02    0.2584811E-04   -0.1626529E+01    0.7411759E-01    0.2320678E+01   -0.1094097E+02    0.4128367E+01    0.4563033E+01   -0.7320090E+00   -0.1764251E+01    0.2221349E+00    0.2588878E+01    0.1730824E+02    0.2583644E+02   -0.4108030E-05    0.2562396E-02
   -0.9967835E-05    0.4929334E-04   -0.1033919E-03   -0.2394849E-02   -0.9823619E-03   -0.3149365E-02   -0.3413114E-02   -0.1118537E-02    0.9406804E-03   -0.1847216E+02    0.8201017E-01    0.2270931E+01   -0.1802105E+02    0.2860728E+01    0.4754444E+01    0.1454040E+02   -0.1596006E+01    0.3196245E+00    0.1718065E+01    0.2583644E+02    0.5479714E+02    0.8188164E-04    0.4522589E-02
    0.5454019E-08    0.1824181E-06   -0.4993077E-07   -0.1596125E-07    0.1458214E-04   -0.7955278E-06    0.5003591E-06   -0.9502055E-08    0.8818593E-08   -0.3062656E-03    0.8393682E-05    0.1730138E-03    0.6258495E-02    0.1482480E-03    0.7847267E-03    0.7596018E-03   -0.1329995E-03    0.3081126E-03   -0.2834787E-03   -0.4108030E-05    0.8188164E-04    0.6063377E-06   -0.8741766E-08
    0.2297292E-07   -0.7873610E-08    0.1225646E-06   -0.4215493E-06    0.4302703E-05    0.3515243E-05   -0.9587982E-07    0.1270598E-05   -0.2871592E-07    0.4721203E-02   -0.2327378E-04   -0.4411255E-03    0.5517674E-02    0.8177112E-03   -0.2491036E-02   -0.7855058E-02    0.3349213E-03    0.3316294E-04   -0.1890756E-03    0.2562396E-02    0.4522589E-02   -0.8741766E-08    0.2140712E-05
