# omegabh2 omegach2 theta tau nnu logA ns calPlanck acib217 xi asz143 aps100 aps143 aps143217 aps217 aksz kgal100 kgal143 kgal143217 kgal217 galfTE100 galfTE100143 galfTE100217 galfTE143 galfTE143217 galfTE217 cal0 cal2
  4.0665108E-08   1.9180751E-07  -1.9113124E-08   2.7728487E-07   2.1546383E-05   1.1965558E-06   1.1136385E-06   1.5833582E-08   4.1703928E-05  -1.3942481E-06   1.4372040E-05   1.6709159E-05  -6.6023061E-05  -1.0815540E-05  -2.8616290E-05   1.2306010E-05   1.2948726E-05   1.7199930E-05  -4.0546866E-06  -3.7957926E-05   1.0356067E-08   4.8183723E-08  -4.4673092E-07  -4.1480954E-07  -5.7936860E-07  -2.6235734E-06   4.3226784E-10   2.1226451E-10
  1.9180751E-07   5.8374665E-06  -6.0530414E-07  -2.1871241E-07   3.0492974E-04   1.4767971E-05   8.2781399E-06  -6.9324971E-08   1.0157235E-03  -1.5422867E-05  -2.7023373E-04   6.5211208E-03   3.8092487E-03   1.5672418E-03   7.5313002E-04   5.1899518E-04   1.5113360E-04   2.1291243E-04   3.4233806E-04   8.5948309E-05  -1.5066041E-07   1.0370523E-06  -4.2974847E-06   1.5290890E-06   2.4189367E-06   9.3798562E-06  -1.8713979E-08   4.7330596E-08
 -1.9113124E-08  -6.0530414E-07   1.5032655E-07   5.6045393E-08  -3.5117469E-05  -1.3751608E-06  -9.7256674E-07   1.6340665E-08  -1.6323748E-04   2.2716338E-06   2.5409266E-05  -8.0154256E-04  -3.7389267E-04  -1.5200719E-04  -2.0464573E-05  -5.5402074E-05  -9.9963142E-06  -3.0731055E-05  -2.6743668E-05   4.0786226E-05  -2.2135168E-07  -2.2607098E-07   6.2479779E-07   6.9744940E-08  -2.8373770E-07  -3.0863955E-06   3.0667779E-09  -5.5929772E-09
  2.7728487E-07  -2.1871241E-07   5.6045393E-08   4.1259569E-05   1.1502022E-04   8.3260519E-05   1.0777514E-05   3.9048123E-07  -1.9023764E-04   1.3958704E-06   5.8175685E-04  -7.0118327E-03  -3.7457130E-03  -3.0521268E-05  -4.2649380E-04  -5.4823606E-04   7.1738110E-06   7.1061211E-05  -2.5089237E-04  -6.3653423E-05  -2.4704018E-07   3.3588125E-06  -2.1748764E-06   6.3320716E-06  -1.7877253E-06  -6.3648165E-05   4.1446667E-08   6.6185101E-08
  2.1546383E-05   3.0492974E-04  -3.5117469E-05   1.1502022E-04   2.2485773E-02   1.0520555E-03   8.9990514E-04   2.6640538E-06   9.0736098E-02  -1.7124394E-03  -1.1689062E-02   3.9062890E-01   1.8741576E-01   6.3885863E-02  -3.8914603E-03   3.8592853E-02   1.4927347E-02   2.1200141E-02   1.9556415E-02  -1.4489578E-02   2.0966374E-05   1.2466816E-04  -2.2907546E-04  -5.2290660E-06  -4.0055576E-06  -2.2143212E-04  -2.0197129E-06   1.4649630E-06
  1.1965558E-06   1.4767971E-05  -1.3751608E-06   8.3260519E-05   1.0520555E-03   2.3562988E-04   4.4185448E-05   1.2979990E-05   2.0753747E-03  -2.9114392E-05   3.9020542E-04   2.8622960E-03   2.6990677E-03   5.2417627E-03   6.1143246E-03  -4.3885149E-04   2.7580417E-04   2.0686363E-04  -1.8034883E-04   1.4777913E-03  -1.1258382E-06   8.6024531E-06  -1.4678860E-05   1.7683580E-05   7.5136920E-06  -8.1242980E-05   1.9431914E-07   2.0862309E-07
  1.1136385E-06   8.2781399E-06  -9.7256674E-07   1.0777514E-05   8.9990514E-04   4.4185448E-05   5.4228332E-05   6.1901635E-07   3.1309134E-04   2.6857069E-06   5.8831690E-04  -7.6051248E-03  -8.7169798E-05   3.2981538E-03   2.9351205E-03  -3.8179067E-04   1.0657893E-03   8.4966793E-04   5.6094376E-04   3.4848381E-04   3.5510214E-06   7.8170137E-06  -2.9083563E-06  -2.0032146E-06  -7.8822340E-06  -5.1517117E-05  -1.7762399E-07  -1.2841206E-08
  1.5833582E-08  -6.9324971E-08   1.6340665E-08   3.9048123E-07   2.6640538E-06   1.2979990E-05   6.1901635E-07   6.1818974E-06   6.6268249E-04  -1.2659341E-05  -3.6881063E-05   2.1307624E-03   1.9409837E-04  -8.2361918E-05   1.1061906E-03  -2.3857587E-05   9.0907421E-05   3.4159514E-05  -2.7370049E-05   7.5017096E-04   8.0523918E-07   4.9640111E-07   2.1589121E-06   1.2754863E-06   3.7391491E-06   1.4779074E-05   1.1812953E-08  -1.5530548E-08
  4.1703928E-05   1.0157235E-03  -1.6323748E-04  -1.9023764E-04   9.0736098E-02   2.0753747E-03   3.1309134E-04   6.6268249E-04   4.4595220E+01  -4.2513575E-01  -9.2688511E-01   3.6873257E+01   1.8611320E+00  -1.3446914E+01  -5.4644893E+01  -3.1541724E-01   1.7960614E-01   5.5299803E-01  -6.0707474E+00  -3.3871217E+01  -3.2663516E-03  -3.5360942E-03  -1.3398666E-02  -1.6025094E-03   1.0066649E-02   5.3152745E-02  -2.6272325E-04   6.7249890E-04
 -1.3942481E-06  -1.5422867E-05   2.2716338E-06   1.3958704E-06  -1.7124394E-03  -2.9114392E-05   2.6857069E-06  -1.2659341E-05  -4.2513575E-01   7.9495621E-02  -4.4447250E-02  -6.2070864E-01   9.1142241E-01   1.6522668E+00   6.6237412E-01   4.8341643E-02  -6.5312841E-04   5.4002600E-03   1.1503718E-01   1.7885637E-01  -3.7756247E-05  -7.8814793E-06  -1.7022424E-04  -6.8353906E-05  -9.4370055E-06  -9.7924826E-04   6.0932172E-06  -2.9861010E-06
  1.4372040E-05  -2.7023373E-04   2.5409266E-05   5.8175685E-04  -1.1689062E-02   3.9020542E-04   5.8831690E-04  -3.6881063E-05  -9.2688511E-01  -4.4447250E-02   3.7932795E+00  -2.9647844E+01  -3.6911816E+00   7.3937534E+00   5.2394157E+00  -2.6019324E+00  -2.9342509E-01   1.9885649E-01   2.5351132E+00   3.1260852E+00   2.6189237E-06  -7.6551579E-05   2.3440636E-03  -2.6609312E-04   2.6037243E-04  -1.5369856E-03   1.0165304E-04  -3.8848409E-05
  1.6709159E-05   6.5211208E-03  -8.0154256E-04  -7.0118327E-03   3.9062890E-01   2.8622960E-03  -7.6051248E-03   2.1307624E-03   3.6873257E+01  -6.2070864E-01  -2.9647844E+01   7.9200000E+02   7.3853442E+01  -5.1229695E+01  -5.6168809E+01   1.2189031E+01  -6.4417792E+00   4.6262489E+00  -1.2771120E+01  -2.6534099E+01   2.0339103E-02  -4.0461450E-03  -2.9768318E-02   7.8010233E-03  -4.8111162E-03   1.6166169E-01   3.6842834E-03   4.7315760E-05
 -6.6023061E-05   3.8092487E-03  -3.7389267E-04  -3.7457130E-03   1.8741576E-01   2.6990677E-03  -8.7169798E-05   1.9409837E-04   1.8611320E+00   9.1142241E-01  -3.6911816E+00   7.3853442E+01   6.5408448E+01   4.1097719E+01   1.6032327E+01  -4.6226396E+00  -2.2602698E-01  -1.5701810E+00   3.4670000E+00   4.1566155E+00  -2.9117807E-03  -5.3175488E-03  -1.1527966E-02   4.3833477E-03   1.6271048E-02   4.3276407E-02   1.5730615E-04   2.5007877E-05
 -1.0815540E-05   1.5672418E-03  -1.5200719E-04  -3.0521268E-05   6.3885863E-02   5.2417627E-03   3.2981538E-03  -8.2361918E-05  -1.3446914E+01   1.6522668E+00   7.3937534E+00  -5.1229695E+01   4.1097719E+01   8.5027581E+01   5.3933761E+01  -1.1407105E+01  -8.5423107E-01  -6.6510014E-01   4.6896458E+00   7.9100537E+00  -2.8483839E-03  -4.8530558E-03   1.1126009E-02  -5.4692261E-04   6.5937298E-03   2.6312013E-02   5.3018824E-04  -4.2409855E-04
 -2.8616290E-05   7.5313002E-04  -2.0464573E-05  -4.2649380E-04  -3.8914603E-03   6.1143246E-03   2.9351205E-03   1.1061906E-03  -5.4644893E+01   6.6237412E-01   5.2394157E+00  -5.6168809E+01   1.6032327E+01   5.3933761E+01   1.0359075E+02  -8.8314001E+00  -6.5364241E-01  -1.1069441E+00   5.6470805E+00   3.3476276E+01   4.3462408E-03   5.6729651E-04   3.1196995E-02   4.5905248E-03  -5.6558349E-03  -2.1884127E-02   6.2509322E-04  -1.2803645E-03
  1.2306010E-05   5.1899518E-04  -5.5402074E-05  -5.4823606E-04   3.8592853E-02  -4.3885149E-04  -3.8179067E-04  -2.3857587E-05  -3.1541724E-01   4.8341643E-02  -2.6019324E+00   1.2189031E+01  -4.6226396E+00  -1.1407105E+01  -8.8314001E+00   5.6900964E+00   1.9712173E-01  -1.2438608E-01  -1.8511849E+00  -1.8978984E+00   1.0285162E-03   2.1855046E-03  -1.4790429E-03  -3.0022597E-04  -1.7443182E-03  -1.1831093E-02  -1.0671812E-04  -1.6395088E-05
  1.2948726E-05   1.5113360E-04  -9.9963142E-06   7.1738110E-06   1.4927347E-02   2.7580417E-04   1.0657893E-03   9.0907421E-05   1.7960614E-01  -6.5312841E-04  -2.9342509E-01  -6.4417792E+00  -2.2602698E-01  -8.5423107E-01  -6.5364241E-01   1.9712173E-01   3.4418139E+00   5.9353605E-01   1.3470943E-01   9.1037310E-02  -8.8765477E-04   3.7508003E-04   9.2728242E-04   1.0012745E-03  -2.3880786E-03  -7.8326853E-03   1.6226819E-04   1.2488030E-05
  1.7199930E-05   2.1291243E-04  -3.0731055E-05   7.1061211E-05   2.1200141E-02   2.0686363E-04   8.4966793E-04   3.4159514E-05   5.5299803E-01   5.4002600E-03   1.9885649E-01   4.6262489E+00  -1.5701810E+00  -6.6510014E-01  -1.1069441E+00  -1.2438608E-01   5.9353605E-01   3.1396078E+00   2.6354959E+00   2.5869715E+00   1.0714825E-03   4.5629200E-04   1.9563997E-03  -1.2025460E-03   2.0386487E-03   1.8454328E-02  -1.7777734E-04  -3.4449575E-05
 -4.0546866E-06   3.4233806E-04  -2.6743668E-05  -2.5089237E-04   1.9556415E-02  -1.8034883E-04   5.6094376E-04  -2.7370049E-05  -6.0707474E+00   1.1503718E-01   2.5351132E+00  -1.2771120E+01   3.4670000E+00   4.6896458E+00   5.6470805E+00  -1.8511849E+00   1.3470943E-01   2.6354959E+00   1.0783917E+01   1.9363402E+01  -1.1717006E-03   1.6698345E-03  -9.2919315E-05   1.8920413E-03   1.6296597E-03   1.8658386E-03  -3.4145332E-05   4.0702929E-04
 -3.7957926E-05   8.5948309E-05   4.0786226E-05  -6.3653423E-05  -1.4489578E-02   1.4777913E-03   3.4848381E-04   7.5017096E-04  -3.3871217E+01   1.7885637E-01   3.1260852E+00  -2.6534099E+01   4.1566155E+00   7.9100537E+00   3.3476276E+01  -1.8978984E+00   9.1037310E-02   2.5869715E+00   1.9363402E+01   5.4068327E+01  -7.3874577E-04   5.3243876E-03   7.0574433E-03   4.3147174E-03  -3.3450894E-03  -1.3942652E-02   6.3763207E-05   9.3744651E-04
  1.0356067E-08  -1.5066041E-07  -2.2135168E-07  -2.4704018E-07   2.0966374E-05  -1.1258382E-06   3.5510214E-06   8.0523918E-07  -3.2663516E-03  -3.7756247E-05   2.6189237E-06   2.0339103E-02  -2.9117807E-03  -2.8483839E-03   4.3462408E-03   1.0285162E-03  -8.8765477E-04   1.0714825E-03  -1.1717006E-03  -7.3874577E-04   1.5077803E-03   2.8069232E-04   1.3548185E-04  -3.8752314E-04  -1.6959828E-04  -2.6904678E-04   2.4690943E-07  -5.1939197E-07
  4.8183723E-08   1.0370523E-06  -2.2607098E-07   3.3588125E-06   1.2466816E-04   8.6024531E-06   7.8170137E-06   4.9640111E-07  -3.5360942E-03  -7.8814793E-06  -7.6551579E-05  -4.0461450E-03  -5.3175488E-03  -4.8530558E-03   5.6729651E-04   2.1855046E-03   3.7508003E-04   4.5629200E-04   1.6698345E-03   5.3243876E-03   2.8069232E-04   8.5970989E-04   6.0051422E-05   7.0997929E-04   7.4566356E-05  -9.1612066E-04   7.0841745E-09   1.8743171E-07
 -4.4673092E-07  -4.2974847E-06   6.2479779E-07  -2.1748764E-06  -2.2907546E-04  -1.4678860E-05  -2.9083563E-06   2.1589121E-06  -1.3398666E-02  -1.7022424E-04   2.3440636E-03  -2.9768318E-02  -1.1527966E-02   1.1126009E-02   3.1196995E-02  -1.4790429E-03   9.2728242E-04   1.9563997E-03  -9.2919315E-05   7.0574433E-03   1.3548185E-04   6.0051422E-05   7.4192541E-03  -2.4832724E-04   7.9510145E-04   4.5605971E-03  -1.9167480E-07  -5.9036098E-07
 -4.1480954E-07   1.5290890E-06   6.9744940E-08   6.3320716E-06  -5.2290660E-06   1.7683580E-05  -2.0032146E-06   1.2754863E-06  -1.6025094E-03  -6.8353906E-05  -2.6609312E-04   7.8010233E-03   4.3833477E-03  -5.4692261E-04   4.5905248E-03  -3.0022597E-04   1.0012745E-03  -1.2025460E-03   1.8920413E-03   4.3147174E-03  -3.8752314E-04   7.0997929E-04  -2.4832724E-04   2.8328633E-03   5.7015854E-04  -8.9574544E-04  -3.2197001E-08  -5.0879692E-08
 -5.7936860E-07   2.4189367E-06  -2.8373770E-07  -1.7877253E-06  -4.0055576E-06   7.5136920E-06  -7.8822340E-06   3.7391491E-06   1.0066649E-02  -9.4370055E-06   2.6037243E-04  -4.8111162E-03   1.6271048E-02   6.5937298E-03  -5.6558349E-03  -1.7443182E-03  -2.3880786E-03   2.0386487E-03   1.6296597E-03  -3.3450894E-03  -1.6959828E-04   7.4566356E-05   7.9510145E-04   5.7015854E-04   6.3999445E-03   7.7892357E-03  -1.7124379E-06  -5.9016665E-08
 -2.6235734E-06   9.3798562E-06  -3.0863955E-06  -6.3648165E-05  -2.2143212E-04  -8.1242980E-05  -5.1517117E-05   1.4779074E-05   5.3152745E-02  -9.7924826E-04  -1.5369856E-03   1.6166169E-01   4.3276407E-02   2.6312013E-02  -2.1884127E-02  -1.1831093E-02  -7.8326853E-03   1.8454328E-02   1.8658386E-03  -1.3942652E-02  -2.6904678E-04  -9.1612066E-04   4.5605971E-03  -8.9574544E-04   7.7892357E-03   7.1104418E-02  -3.5125445E-06   9.5504866E-07
  4.3226784E-10  -1.8713979E-08   3.0667779E-09   4.1446667E-08  -2.0197129E-06   1.9431914E-07  -1.7762399E-07   1.1812953E-08  -2.6272325E-04   6.0932172E-06   1.0165304E-04   3.6842834E-03   1.5730615E-04   5.3018824E-04   6.2509322E-04  -1.0671812E-04   1.6226819E-04  -1.7777734E-04  -3.4145332E-05   6.3763207E-05   2.4690943E-07   7.0841745E-09  -1.9167480E-07  -3.2197001E-08  -1.7124379E-06  -3.5125445E-06   3.6802142E-07  -9.5928839E-09
  2.1226451E-10   4.7330596E-08  -5.5929772E-09   6.6185101E-08   1.4649630E-06   2.0862309E-07  -1.2841206E-08  -1.5530548E-08   6.7249890E-04  -2.9861010E-06  -3.8848409E-05   4.7315760E-05   2.5007877E-05  -4.2409855E-04  -1.2803645E-03  -1.6395088E-05   1.2488030E-05  -3.4449575E-05   4.0702929E-04   9.3744651E-04  -5.1939197E-07   1.8743171E-07  -5.9036098E-07  -5.0879692E-08  -5.9016665E-08   9.5504866E-07  -9.5928839E-09   3.8811529E-07
