# omegabh2 omegach2 theta tau meffsterile nnu logA ns calPlanck acib217 xi asz143 aps100 aps143 aps143217 aps217 aksz kgal100 kgal143 kgal143217 kgal217 cal0 cal2
  4.2514305E-08   1.6311637E-07   9.6558966E-10   2.7065513E-07  -1.2714603E-06   1.1990266E-05   1.0221550E-06   6.3272176E-07   2.9069288E-08  -6.7681032E-05   1.1507664E-06   3.0517685E-05  -4.3121663E-04  -2.6626322E-04  -8.5809183E-05  -2.6169854E-05  -2.8510823E-05   8.5910336E-06   7.7872938E-07   3.7835952E-06   2.9307833E-05   1.1856242E-09  -1.8851574E-09
  1.6311637E-07   1.4282816E-05  -8.9579711E-07  -1.5015012E-06  -4.8878741E-04   4.8767722E-04   1.7643225E-05   1.6226652E-05  -5.1605385E-07   2.6497887E-03  -4.9522815E-05  -7.5249682E-04   1.3828018E-02   5.8586161E-03   1.1622680E-03  -1.0895146E-03   1.3675161E-03   8.2267175E-05   3.1850226E-04   7.6800353E-05  -7.9350716E-04  -1.4126044E-08   6.7628731E-08
  9.6558966E-10  -8.9579711E-07   2.3963966E-07   1.6163948E-07   2.2160346E-05  -3.9430204E-05  -9.8463033E-07  -1.1225836E-06   4.7880895E-08  -1.9287856E-04   3.7304302E-06   6.3563460E-05  -1.0661906E-03  -4.5563326E-04  -7.9804963E-05   5.4509112E-05  -1.1597296E-04  -1.4510909E-05  -2.5758739E-05  -8.3554285E-06   6.3754719E-05  -1.8480135E-09  -2.4541108E-09
  2.7065513E-07  -1.5015012E-06   1.6163948E-07   5.2054230E-05   3.0615745E-05   7.6923334E-05   9.6905704E-05   1.1470529E-05  -9.8760823E-07  -1.0313576E-03   8.2534097E-06   3.7134822E-04  -5.5468810E-03  -3.2142013E-03  -9.7809410E-04  -4.1917730E-04  -6.4049783E-04   1.3043399E-04  -3.6997567E-05   2.1949874E-05   2.0531576E-04  -2.9922060E-08  -7.2619371E-08
 -1.2714603E-06  -4.8878741E-04   2.2160346E-05   3.0615745E-05   3.1616980E-02  -9.7550621E-03  -3.2423468E-04  -4.6087170E-04   2.8079556E-05  -6.4920324E-02   1.3775558E-03   1.6861734E-02  -3.6849341E-01  -1.0362678E-01   2.8396218E-03   6.1844229E-02  -3.0712517E-02   5.3989516E-05  -9.2515933E-03  -5.2606403E-04   2.2167893E-02  -3.3968191E-07  -2.4841641E-06
  1.1990266E-05   4.8767722E-04  -3.9430204E-05   7.6923334E-05  -9.7550621E-03   2.3721787E-02   1.0424536E-03   8.5625061E-04  -1.4621435E-06   1.0686969E-01  -1.8313743E-03  -3.1340025E-02   5.7015900E-01   2.6979623E-01   7.5535390E-02  -1.3514963E-02   5.7156890E-02   5.2239780E-03   1.2122152E-02   4.5744012E-03  -2.8056497E-02   2.4629701E-07   2.0958606E-06
  1.0221550E-06   1.7643225E-05  -9.8463033E-07   9.6905704E-05  -3.2423468E-04   1.0424536E-03   2.4511390E-04   4.8979833E-05   9.4875854E-06   2.1390806E-03  -1.5599449E-05  -4.8726760E-04   1.3299292E-02   5.5908465E-03   3.5373941E-03   3.7547546E-03   2.0247390E-04   8.0372765E-06  -7.8084069E-05  -3.0267657E-04   6.5849220E-04   1.7485479E-08  -5.5151736E-08
  6.3272176E-07   1.6226652E-05  -1.1225836E-06   1.1470529E-05  -4.6087170E-04   8.5625061E-04   4.8979833E-05   4.7747396E-05   5.2576074E-07  -7.9244420E-04   2.7667147E-05   8.1402480E-05  -4.0466944E-03   3.2436563E-03   5.1250431E-03   5.1051926E-03  -6.5859926E-04   5.7286904E-04   8.4904117E-05   5.3498431E-05   7.6121348E-04  -4.5991371E-08   1.0006343E-08
  2.9069288E-08  -5.1605385E-07   4.7880895E-08  -9.8760823E-07   2.8079556E-05  -1.4621435E-06   9.4875854E-06   5.2576074E-07   6.0382045E-06   5.7952747E-04   1.1394386E-06   2.5480700E-05   2.8681020E-03   4.4805338E-04   4.0356417E-04   1.2672575E-03  -3.0562439E-05  -3.0074827E-05   1.9232217E-05   1.2421892E-05   9.0283738E-04  -1.7782295E-08   6.4057242E-09
 -6.7681032E-05   2.6497887E-03  -1.9287856E-04  -1.0313576E-03  -6.4920324E-02   1.0686969E-01   2.1390806E-03  -7.9244420E-04   5.7952747E-04   4.5331061E+01  -4.0080387E-01  -1.0339267E+00   3.9550327E+01   3.3605845E+00  -1.2828859E+01  -5.5002829E+01   7.6940814E-02   2.0830057E-01   6.1104522E-01  -5.9856111E+00  -3.3897811E+01  -2.4209995E-04   7.0258098E-04
  1.1507664E-06  -4.9522815E-05   3.7304302E-06   8.2534097E-06   1.3775558E-03  -1.8313743E-03  -1.5599449E-05   2.7667147E-05   1.1394386E-06  -4.0080387E-01   8.2655814E-02  -5.0444232E-02  -5.3441831E-01   8.5741901E-01   1.6043111E+00   6.1536347E-01   4.9984293E-02  -5.2610126E-03   5.3032465E-03   1.0109709E-01   1.4694018E-01   6.3215927E-06  -6.5684568E-07
  3.0517685E-05  -7.5249682E-04   6.3563460E-05   3.7134822E-04   1.6861734E-02  -3.1340025E-02  -4.8726760E-04   8.1402480E-05   2.5480700E-05  -1.0339267E+00  -5.0444232E-02   4.0750618E+00  -3.1700768E+01  -3.7056119E+00   7.9575860E+00   5.6900923E+00  -3.1542485E+00  -2.1955176E-01   1.6070169E-01   2.7822942E+00   3.5446481E+00   1.1025345E-04  -4.6405543E-05
 -4.3121663E-04   1.3828018E-02  -1.0661906E-03  -5.5468810E-03  -3.6849341E-01   5.7015900E-01   1.3299292E-02  -4.0466944E-03   2.8681020E-03   3.9550327E+01  -5.3441831E-01  -3.1700768E+01   8.0041101E+02   7.7649699E+01  -5.2775728E+01  -6.1112931E+01   1.6842783E+01  -6.8085073E+00   6.1798213E+00  -1.2511476E+01  -2.6678538E+01   3.6532498E-03   5.7148219E-04
 -2.6626322E-04   5.8586161E-03  -4.5563326E-04  -3.2142013E-03  -1.0362678E-01   2.6979623E-01   5.5908465E-03   3.2436563E-03   4.4805338E-04   3.3605845E+00   8.5741901E-01  -3.7056119E+00   7.7649699E+01   6.6441370E+01   4.1762789E+01   1.6472196E+01  -4.6597914E+00  -6.5353001E-01  -1.4078616E+00   3.3189979E+00   3.8332601E+00   1.2840584E-04   1.6929419E-04
 -8.5809183E-05   1.1622680E-03  -7.9804963E-05  -9.7809410E-04   2.8396218E-03   7.5535390E-02   3.5373941E-03   5.1250431E-03   4.0356417E-04  -1.2828859E+01   1.6043111E+00   7.9575860E+00  -5.2775728E+01   4.1762789E+01   8.6238767E+01   5.5590156E+01  -1.3002347E+01  -1.1003618E+00  -8.5478513E-01   5.1235724E+00   8.8610654E+00   5.0368675E-04  -3.4674774E-04
 -2.6169854E-05  -1.0895146E-03   5.4509112E-05  -4.1917730E-04   6.1844229E-02  -1.3514963E-02   3.7547546E-03   5.1051926E-03   1.2672575E-03  -5.5002829E+01   6.1536347E-01   5.6900923E+00  -6.1112931E+01   1.6472196E+01   5.5590156E+01   1.0550737E+02  -1.0335649E+01  -9.4907672E-01  -1.3833285E+00   5.7955048E+00   3.3998817E+01   5.5056624E-04  -1.2929938E-03
 -2.8510823E-05   1.3675161E-03  -1.1597296E-04  -6.4049783E-04  -3.0712517E-02   5.7156890E-02   2.0247390E-04  -6.5859926E-04  -3.0562439E-05   7.6940814E-02   4.9984293E-02  -3.1542485E+00   1.6842783E+01  -4.6597914E+00  -1.3002347E+01  -1.0335649E+01   6.8228051E+00   1.8507234E-01  -1.7422896E-01  -2.3192413E+00  -2.6688752E+00  -8.6546469E-05   1.3368964E-05
  8.5910336E-06   8.2267175E-05  -1.4510909E-05   1.3043399E-04   5.3989516E-05   5.2239780E-03   8.0372765E-06   5.7286904E-04  -3.0074827E-05   2.0830057E-01  -5.2610126E-03  -2.1955176E-01  -6.8085073E+00  -6.5353001E-01  -1.1003618E+00  -9.4907672E-01   1.8507234E-01   3.3609753E+00   5.7967348E-01   1.8633174E-01   1.2566337E-01   1.6798571E-04  -2.6844165E-06
  7.7872938E-07   3.1850226E-04  -2.5758739E-05  -3.6997567E-05  -9.2515933E-03   1.2122152E-02  -7.8084069E-05   8.4904117E-05   1.9232217E-05   6.1104522E-01   5.3032465E-03   1.6070169E-01   6.1798213E+00  -1.4078616E+00  -8.5478513E-01  -1.3833285E+00  -1.7422896E-01   5.7967348E-01   3.2295333E+00   2.7624153E+00   2.7631493E+00  -1.7563022E-04  -4.3349376E-05
  3.7835952E-06   7.6800353E-05  -8.3554285E-06   2.1949874E-05  -5.2606403E-04   4.5744012E-03  -3.0267657E-04   5.3498431E-05   1.2421892E-05  -5.9856111E+00   1.0109709E-01   2.7822942E+00  -1.2511476E+01   3.3189979E+00   5.1235724E+00   5.7955048E+00  -2.3192413E+00   1.8633174E-01   2.7624153E+00   1.1053547E+01   1.9691905E+01  -9.5296780E-06   3.9821086E-04
  2.9307833E-05  -7.9350716E-04   6.3754719E-05   2.0531576E-04   2.2167893E-02  -2.8056497E-02   6.5849220E-04   7.6121348E-04   9.0283738E-04  -3.3897811E+01   1.4694018E-01   3.5446481E+00  -2.6678538E+01   3.8332601E+00   8.8610654E+00   3.3998817E+01  -2.6688752E+00   1.2566337E-01   2.7631493E+00   1.9691905E+01   5.4437440E+01   8.3255003E-05   9.2101587E-04
  1.1856242E-09  -1.4126044E-08  -1.8480135E-09  -2.9922060E-08  -3.3968191E-07   2.4629701E-07   1.7485479E-08  -4.5991371E-08  -1.7782295E-08  -2.4209995E-04   6.3215927E-06   1.1025345E-04   3.6532498E-03   1.2840584E-04   5.0368675E-04   5.5056624E-04  -8.6546469E-05   1.6798571E-04  -1.7563022E-04  -9.5296780E-06   8.3255003E-05   3.7830133E-07  -9.7321126E-10
 -1.8851574E-09   6.7628731E-08  -2.4541108E-09  -7.2619371E-08  -2.4841641E-06   2.0958606E-06  -5.5151736E-08   1.0006343E-08   6.4057242E-09   7.0258098E-04  -6.5684568E-07  -4.6405543E-05   5.7148219E-04   1.6929419E-04  -3.4674774E-04  -1.2929938E-03   1.3368964E-05  -2.6844165E-06  -4.3349376E-05   3.9821086E-04   9.2101587E-04  -9.7321126E-10   3.8654993E-07
