# omegabh2 omegach2 theta tau logA ns nrun calPlanck acib217 xi asz143 aps100 aps143 aps143217 aps217 aksz kgal100 kgal143 kgal143217 kgal217 cal0 cal2
    0.7087950E-07   -0.2691776E-06    0.5751270E-07    0.3311593E-05    0.6384426E-05    0.8004705E-06   -0.1078436E-05    0.2030407E-07   -0.1490880E-03    0.2134053E-05    0.4023096E-04   -0.5065120E-03   -0.4412908E-03   -0.1848424E-03   -0.4125568E-04   -0.5109439E-04    0.7486548E-05    0.1671742E-05   -0.1333757E-04   -0.5728382E-05    0.1052893E-07   -0.2212661E-07
   -0.2691776E-06    0.4365884E-05   -0.4370174E-06   -0.1976466E-04   -0.2958898E-04   -0.1075370E-04    0.9017716E-06   -0.2056823E-06    0.7668144E-03   -0.2965995E-04   -0.1987606E-03    0.3216911E-02    0.1921292E-02    0.3873758E-03    0.6310368E-04    0.3254862E-03   -0.7789816E-04    0.1042359E-04    0.5205748E-04    0.3535183E-04   -0.5270841E-07    0.1036870E-06
    0.5751270E-07   -0.4370174E-06    0.2237819E-06    0.3152598E-05    0.5588080E-05    0.1416917E-05   -0.3971544E-06    0.1903472E-07   -0.1200200E-03    0.3530439E-05    0.2203735E-04   -0.3862343E-03   -0.3346570E-03   -0.1146734E-03   -0.5990981E-04   -0.4049517E-04   -0.3658098E-05   -0.3832832E-05    0.1225292E-05    0.3894001E-04    0.7491453E-08   -0.6527147E-08
    0.3311593E-05   -0.1976466E-04    0.3152598E-05    0.4900786E-03    0.9479843E-03    0.6510432E-04   -0.7933637E-04   -0.1534408E-05   -0.1302228E-01    0.2145081E-03    0.3160930E-02   -0.5743903E-01   -0.2411865E-01   -0.4071550E-02    0.7087583E-02   -0.4889900E-02    0.5411872E-03   -0.5963388E-03   -0.1755418E-02   -0.1523257E-02    0.3348188E-06   -0.2162148E-05
    0.6384426E-05   -0.2958898E-04    0.5588080E-05    0.9479843E-03    0.1887069E-02    0.1033161E-03   -0.1722823E-03    0.8968542E-05   -0.2389142E-01    0.4182303E-03    0.5722212E-02   -0.9616908E-01   -0.3987478E-01   -0.3184671E-02    0.2060356E-01   -0.9516942E-02    0.5965896E-03   -0.1611267E-02   -0.3801119E-02   -0.1634119E-02    0.9322738E-06   -0.4184203E-05
    0.8004705E-06   -0.1075370E-04    0.1416917E-05    0.6510432E-04    0.1033161E-03    0.3934218E-04    0.2404638E-05    0.6823509E-06   -0.7841209E-02    0.2044135E-03    0.2127156E-02   -0.4066359E-01   -0.1272063E-01    0.2863381E-02    0.7141800E-02   -0.4095688E-02    0.5258141E-03   -0.2717762E-03   -0.3895248E-03    0.1066549E-02   -0.7022444E-07   -0.7683607E-06
   -0.1078436E-05    0.9017716E-06   -0.3971544E-06   -0.7933637E-04   -0.1722823E-03    0.2404638E-05    0.6705882E-04    0.1858787E-06   -0.5710274E-02    0.1303373E-03    0.1662588E-02   -0.2892042E-01   -0.9598968E-02    0.2711887E-02    0.6034943E-02   -0.2904644E-02   -0.3882219E-03   -0.4199045E-03   -0.4280444E-03    0.1382451E-02   -0.3799273E-06   -0.1974536E-06
    0.2030407E-07   -0.2056823E-06    0.1903472E-07   -0.1534408E-05    0.8968542E-05    0.6823509E-06    0.1858787E-06    0.6250448E-05    0.4646240E-03    0.1714451E-04    0.7422596E-04    0.3459531E-02    0.6179924E-03    0.1081907E-02    0.1889279E-02   -0.1245359E-03   -0.1356545E-04    0.1868704E-05   -0.9664317E-04    0.7122628E-03    0.1341606E-07   -0.4184253E-07
   -0.1490880E-03    0.7668144E-03   -0.1200200E-03   -0.1302228E-01   -0.2389142E-01   -0.7841209E-02   -0.5710274E-02    0.4646240E-03    0.4494194E+02   -0.5172751E+00   -0.1947592E+01    0.4995718E+02    0.2926807E+01   -0.2076088E+02   -0.6181279E+02    0.9001289E+00    0.2896076E+00    0.2094896E+00   -0.2208532E+01   -0.1922690E+02   -0.1899842E-03    0.4484935E-02
    0.2134053E-05   -0.2965995E-04    0.3530439E-05    0.2145081E-03    0.4182303E-03    0.2044135E-03    0.1303373E-03    0.1714451E-04   -0.5172751E+00    0.8186435E-01   -0.6490666E-01   -0.5324643E+00    0.9704325E+00    0.1848127E+01    0.7867473E+00    0.5639712E-01   -0.8988883E-02    0.5674002E-02    0.9279359E-01    0.1032438E+00    0.7247140E-05   -0.2213741E-04
    0.4023096E-04   -0.1987606E-03    0.2203735E-04    0.3160930E-02    0.5722212E-02    0.2127156E-02    0.1662588E-02    0.7422596E-04   -0.1947592E+01   -0.6490666E-01    0.3876136E+01   -0.3168542E+02   -0.4732023E+01    0.7802786E+01    0.6985028E+01   -0.2981738E+01   -0.1981613E+00    0.7976074E-01    0.2490889E+01    0.2362054E+01    0.1673727E-03   -0.3578546E-03
   -0.5065120E-03    0.3216911E-02   -0.3862343E-03   -0.5743903E-01   -0.9616908E-01   -0.4066359E-01   -0.2892042E-01    0.3459531E-02    0.4995718E+02   -0.5324643E+00   -0.3168542E+02    0.8112983E+03    0.8688896E+02   -0.5744680E+02   -0.7586312E+02    0.1644974E+02   -0.3204306E+01    0.3262266E+01   -0.1359240E+02   -0.2139860E+02    0.6349992E-02    0.4453550E-02
   -0.4412908E-03    0.1921292E-02   -0.3346570E-03   -0.2411865E-01   -0.3987478E-01   -0.1272063E-01   -0.9598968E-02    0.6179924E-03    0.2926807E+01    0.9704325E+00   -0.4732023E+01    0.8688896E+02    0.6758158E+02    0.4508823E+02    0.1718064E+02   -0.3561598E+01   -0.5186383E+00   -0.9643924E+00    0.3512964E+01    0.2747178E+01    0.2323830E-03    0.3007854E-03
   -0.1848424E-03    0.3873758E-03   -0.1146734E-03   -0.4071550E-02   -0.3184671E-02    0.2863381E-02    0.2711887E-02    0.1081907E-02   -0.2076088E+02    0.1848127E+01    0.7802786E+01   -0.5744680E+02    0.4508823E+02    0.9877542E+02    0.6793471E+02   -0.1275802E+02   -0.9353141E+00   -0.2697726E+00    0.4961954E+01    0.5592346E+01    0.8080455E-03   -0.2576463E-02
   -0.4125568E-04    0.6310368E-04   -0.5990981E-04    0.7087583E-02    0.2060356E-01    0.7141800E-02    0.6034943E-02    0.1889279E-02   -0.6181279E+02    0.7867473E+00    0.6985028E+01   -0.7586312E+02    0.1718064E+02    0.6793471E+02    0.1231008E+03   -0.1125520E+02   -0.7920356E+00   -0.4499913E+00   -0.2284954E+00    0.1552935E+02    0.6865942E-03   -0.7809258E-02
   -0.5109439E-04    0.3254862E-03   -0.4049517E-04   -0.4889900E-02   -0.9516942E-02   -0.4095688E-02   -0.2904644E-02   -0.1245359E-03    0.9001289E+00    0.5639712E-01   -0.2981738E+01    0.1644974E+02   -0.3561598E+01   -0.1275802E+02   -0.1125520E+02    0.6681253E+01    0.1438611E+00   -0.4792314E-01   -0.2088636E+01   -0.1889666E+01   -0.1489707E-03    0.2180391E-03
    0.7486548E-05   -0.7789816E-04   -0.3658098E-05    0.5411872E-03    0.5965896E-03    0.5258141E-03   -0.3882219E-03   -0.1356545E-04    0.2896076E+00   -0.8988883E-02   -0.1981613E+00   -0.3204306E+01   -0.5186383E+00   -0.9353141E+00   -0.7920356E+00    0.1438611E+00    0.3459501E+01    0.4563997E+00    0.9189794E-02   -0.2783994E-01    0.2724766E-03    0.2819030E-04
    0.1671742E-05    0.1042359E-04   -0.3832832E-05   -0.5963388E-03   -0.1611267E-02   -0.2717762E-03   -0.4199045E-03    0.1868704E-05    0.2094896E+00    0.5674002E-02    0.7976074E-01    0.3262266E+01   -0.9643924E+00   -0.2697726E+00   -0.4499913E+00   -0.4792314E-01    0.4563997E+00    0.3353164E+01    0.2567362E+01    0.1613696E+01   -0.2633736E-03   -0.2192319E-03
   -0.1333757E-04    0.5205748E-04    0.1225292E-05   -0.1755418E-02   -0.3801119E-02   -0.3895248E-03   -0.4280444E-03   -0.9664317E-04   -0.2208532E+01    0.9279359E-01    0.2490889E+01   -0.1359240E+02    0.3512964E+01    0.4961954E+01   -0.2284954E+00   -0.2088636E+01    0.9189794E-02    0.2567362E+01    0.1752383E+02    0.2628148E+02    0.1442038E-04    0.2556164E-02
   -0.5728382E-05    0.3535183E-04    0.3894001E-04   -0.1523257E-02   -0.1634119E-02    0.1066549E-02    0.1382451E-02    0.7122628E-03   -0.1922690E+02    0.1032438E+00    0.2362054E+01   -0.2139860E+02    0.2747178E+01    0.5592346E+01    0.1552935E+02   -0.1889666E+01   -0.2783994E-01    0.1613696E+01    0.2628148E+02    0.5584838E+02    0.8572928E-04    0.4586761E-02
    0.1052893E-07   -0.5270841E-07    0.7491453E-08    0.3348188E-06    0.9322738E-06   -0.7022444E-07   -0.3799273E-06    0.1341606E-07   -0.1899842E-03    0.7247140E-05    0.1673727E-03    0.6349992E-02    0.2323830E-03    0.8080455E-03    0.6865942E-03   -0.1489707E-03    0.2724766E-03   -0.2633736E-03    0.1442038E-04    0.8572928E-04    0.5978516E-06    0.1100735E-07
   -0.2212661E-07    0.1036870E-06   -0.6527147E-08   -0.2162148E-05   -0.4184203E-05   -0.7683607E-06   -0.1974536E-06   -0.4184253E-07    0.4484935E-02   -0.2213741E-04   -0.3578546E-03    0.4453550E-02    0.3007854E-03   -0.2576463E-02   -0.7809258E-02    0.2180391E-03    0.2819030E-04   -0.2192319E-03    0.2556164E-02    0.4586761E-02    0.1100735E-07    0.2106235E-05
