# omegabh2 omegach2 theta tau logA ns nrun r calPlanck BBdust BBsync BBalphadust BBbetadust BBalphasync BBbetasync BBdustsynccorr aps100 aps143 aps217 acib217 asz143 psr cibr xi aksz dust100 dust143 dust217 dust143x217 cal0 cal2
  5.1554258E-08  -1.3903496E-07   3.7822451E-08   7.0631030E-07   1.4487004E-06   3.7402053E-07  -6.8851452E-07   3.6359254E-07   4.2480071E-08  -5.8480009E-07  -6.4848822E-07   1.0078208E-06  -2.3484856E-07  -1.6666326E-07   2.8683894E-07   2.1631757E-07  -2.7955375E-04  -3.2861248E-04  -2.4257425E-05  -1.0633709E-04   1.0307201E-05  -5.0071540E-07  -1.1196281E-06  -8.6910832E-08  -7.8515639E-06   9.2993555E-07  -3.7030370E-07   9.7458214E-07  -1.8609973E-08   9.6562233E-09  -2.1167242E-09
 -1.3903496E-07   2.4916943E-06  -2.3662439E-07  -6.3981289E-06  -8.3217897E-06  -5.7159634E-06  -2.3990235E-07  -2.2181612E-06  -5.7578489E-07  -4.1340642E-06  -1.6873818E-05  -8.6194212E-06   4.6928693E-06  -2.6383749E-06  -2.0351179E-06  -9.1129416E-06   1.3361338E-03   1.3301235E-03  -6.8600299E-04   7.3525341E-04  -4.7544171E-05  -3.8332396E-06   1.7720044E-05  -3.8808451E-06   1.6470513E-04  -9.8127616E-07   1.4927676E-05  -4.8375233E-06   8.2379594E-07  -9.9913111E-08   2.9178512E-08
  3.7822451E-08  -2.3662439E-07   2.0899654E-07   9.1052734E-07   1.7313142E-06   7.9455812E-07  -2.1359437E-07   2.3579846E-07   9.2092773E-08  -2.1430600E-06  -5.2778805E-06   1.8895670E-06   9.8074362E-08  -1.5235037E-06   7.0257383E-07   2.0827937E-07  -1.1457316E-04  -1.0782483E-04  -1.4056869E-05  -4.2793812E-05   1.1908938E-06  -9.3934203E-07  -2.4900465E-07   2.6266354E-07  -1.0847650E-06   4.9124079E-07  -1.9458692E-06   1.2920940E-06   8.1959271E-07   1.5302107E-08   1.7154560E-08
  7.0631030E-07  -6.3981289E-06   9.1052734E-07   6.7246710E-05   1.2156656E-04   1.6409676E-05  -1.3537718E-05   5.6112332E-06  -4.0655336E-07   1.6201434E-05   7.0027661E-05  -6.6016001E-06   5.9465001E-06   2.3878706E-06   7.4870721E-06   2.3757700E-05  -5.0756996E-03  -4.7927683E-03  -1.0314746E-03  -1.4344076E-03  -1.3163571E-05  -3.3099434E-06  -4.5946302E-05  -6.1734536E-06   9.2021899E-05   1.4472037E-05  -1.0819515E-05   8.6645247E-06   9.8100348E-06   1.0486586E-07  -9.4726945E-08
  1.4487004E-06  -8.3217897E-06   1.7313142E-06   1.2156656E-04   2.5677343E-04   1.9265532E-05  -3.9930269E-05   7.0657336E-06   1.0422471E-05  -1.3386853E-05   1.1024460E-04  -4.6166805E-05   2.4491621E-05  -1.5625240E-05   1.7180020E-05   2.4856986E-05   5.5494071E-03  -2.5470765E-03   9.2247534E-04  -1.8058851E-04  -4.1792248E-04  -1.4489102E-05  -6.2502917E-05   3.8097282E-06   3.6837786E-04   1.5937383E-05  -7.6938395E-05   2.0104198E-05   5.7559291E-06   6.8759730E-07   5.7906235E-08
  3.7402053E-07  -5.7159634E-06   7.9455812E-07   1.6409676E-05   1.9265532E-05   2.5994224E-05   8.9724345E-06   6.4385333E-06   1.4729367E-06   9.7317833E-06   2.0314944E-05   2.4040665E-05  -1.3108261E-05   1.3579801E-05   4.0808199E-06   1.8021885E-05  -3.3414027E-02  -1.3050908E-02   1.3175672E-02  -9.8692647E-03   8.3535769E-04   8.4830316E-05  -1.8588647E-04   8.0205638E-05  -2.8257120E-03   1.4070551E-05  -7.2063846E-05   5.1438790E-05  -1.0070871E-05  -1.7461545E-07  -5.4595355E-07
 -6.8851452E-07  -2.3990235E-07  -2.1359437E-07  -1.3537718E-05  -3.9930269E-05   8.9724345E-06   5.7275306E-05  -2.0067606E-05   3.4433638E-07   6.5793771E-05   7.5736438E-05  -6.2337345E-06  -1.8372001E-05   1.8326010E-05  -1.0362437E-05   2.7371301E-05  -3.6746698E-02  -1.5160370E-02   1.4463139E-02  -1.1215812E-02   1.2961532E-03   1.0655275E-04  -2.0658843E-04   8.0764343E-05  -3.3819196E-03  -4.7105304E-05  -7.2585226E-05   4.7150928E-05  -1.9421446E-05  -1.6536156E-07  -8.3687868E-07
  3.6359254E-07  -2.2181612E-06   2.3579846E-07   5.6112332E-06   7.0657336E-06   6.4385333E-06  -2.0067606E-05   3.5441355E-04  -8.5223729E-07  -4.5777151E-04  -9.9995631E-04  -1.1968049E-04   2.9395421E-04  -3.5995548E-05  -1.2276432E-04  -8.3846345E-04   1.0815962E-02   2.7028938E-03  -3.4502772E-03   1.9017946E-03  -6.0967774E-05  -1.8788150E-05   4.1435099E-05  -7.0913926E-06   5.7389356E-04   2.7033869E-05  -9.1824213E-06   2.0436315E-06   2.5162597E-05   1.2907755E-07   3.0012100E-07
  4.2480071E-08  -5.7578489E-07   9.2092773E-08  -4.0655336E-07   1.0422471E-05   1.4729367E-06   3.4433638E-07  -8.5223729E-07   6.2815861E-06  -1.2906220E-05   1.1688542E-05  -5.0157359E-06  -1.0714891E-06  -2.3520085E-06  -1.0058681E-06   1.3234118E-06   2.7098376E-03   1.3705235E-04   1.3645722E-03   4.3246865E-04  -3.7069635E-05  -8.7537397E-07  -3.1275594E-06   4.4867465E-06  -7.4949954E-06  -2.0528120E-06  -4.3938953E-06   6.7432965E-06  -3.0928310E-06  -7.2821078E-09  -8.9845979E-09
 -5.8480009E-07  -4.1340642E-06  -2.1430600E-06   1.6201434E-05  -1.3386853E-05   9.7317833E-06   6.5793771E-05  -4.5777151E-04  -1.2906220E-05   1.0725521E+00   2.5104085E-02  -1.2171889E-01   4.4701237E-02  -3.4065992E-03   3.0205168E-03  -1.0143464E-02   1.3572093E-01   1.8574562E-02   4.5568056E-02  -6.5969888E-03   1.2933659E-02   5.3953705E-04   7.4906711E-04   3.5825977E-04  -4.1847988E-02   1.1626793E-04   1.3699745E-03   1.0271760E-03   1.7009867E-03   3.8767385E-06   1.0599645E-05
 -6.4848822E-07  -1.6873818E-05  -5.2778805E-06   7.0027661E-05   1.1024460E-04   2.0314944E-05   7.5736438E-05  -9.9995631E-04   1.1688542E-05   2.5104085E-02   1.1328957E+00  -4.2375934E-03  -1.5658154E-03   2.0322576E-02  -3.8703249E-02   4.1524861E-02  -1.3399441E-01  -3.1616014E-02   2.3535487E-02  -2.5713876E-02  -1.4826058E-02  -9.2329840E-04   1.5597793E-04   1.0145293E-03   2.6191627E-03  -7.7769720E-04  -3.5318653E-06  -4.3223417E-04  -1.4298738E-03  -8.5764256E-06  -1.1736082E-05
  1.0078208E-06  -8.6194212E-06   1.8895670E-06  -6.6016001E-06  -4.6166805E-05   2.4040665E-05  -6.2337345E-06  -1.1968049E-04  -5.0157359E-06  -1.2171889E-01  -4.2375934E-03   5.9870923E-02  -8.7180377E-04   1.5019380E-03   3.7418978E-04   9.4940493E-04  -1.3554898E-02  -3.7168576E-03  -1.6685786E-02   5.6368248E-03   1.6818007E-04  -8.2417120E-05   2.7545765E-04   2.4219175E-04   5.8468737E-03  -1.7139893E-04  -2.3411536E-04  -1.7460361E-04  -4.6421584E-04  -5.0025056E-07   1.4371977E-06
 -2.3484856E-07   4.6928693E-06   9.8074362E-08   5.9465001E-06   2.4491621E-05  -1.3108261E-05  -1.8372001E-05   2.9395421E-04  -1.0714891E-06   4.4701237E-02  -1.5658154E-03  -8.7180377E-04   9.3103938E-03  -5.2189435E-04  -1.5991110E-03   1.0212162E-03   2.3266269E-02   1.2705489E-02   2.6360501E-04   9.6881100E-03   3.2506931E-03   1.6706000E-05   3.3131126E-04  -1.9916319E-04  -4.2047331E-03   9.2088373E-05  -9.5186559E-05  -4.2862513E-05  -9.8127051E-05   1.6393679E-06   1.1529594E-06
 -1.6666326E-07  -2.6383749E-06  -1.5235037E-06   2.3878706E-06  -1.5625240E-05   1.3579801E-05   1.8326010E-05  -3.5995548E-05  -2.3520085E-06  -3.4065992E-03   2.0322576E-02   1.5019380E-03  -5.2189435E-04   8.1632549E-02   3.2061674E-04   5.1023835E-04   4.5908048E-03   1.0594511E-02   6.2712960E-02  -2.8456159E-02   6.9496779E-03   2.7125615E-04  -4.2810701E-04   1.3486621E-04  -1.1472014E-02   3.2048243E-04   1.6679808E-04   1.9747810E-04   2.7938701E-04   1.7251975E-06  -4.1330233E-06
  2.8683894E-07  -2.0351179E-06   7.0257383E-07   7.4870721E-06   1.7180020E-05   4.0808199E-06  -1.0362437E-05  -1.2276432E-04  -1.0058681E-06   3.0205168E-03  -3.8703249E-02   3.7418978E-04  -1.5991110E-03   3.2061674E-04   7.4888640E-02  -4.6511471E-03   3.1362517E-03   4.2227762E-03   1.0408798E-02  -7.5206300E-03  -5.6817051E-03   2.6586801E-04  -5.3762299E-04   7.2781403E-04   6.1881829E-04   2.4248579E-04   1.9361146E-04   1.9495447E-04   3.5848132E-04  -2.2113112E-06   2.3488124E-06
  2.1631757E-07  -9.1129416E-06   2.0827937E-07   2.3757700E-05   2.4856986E-05   1.8021885E-05   2.7371301E-05  -8.3846345E-04   1.3234118E-06  -1.0143464E-02   4.1524861E-02   9.4940493E-04   1.0212162E-03   5.1023835E-04  -4.6511471E-03   8.0512922E-02   2.3788685E-02  -3.5317650E-03   1.5069514E-02  -6.7095739E-03  -7.9650656E-04  -1.9775157E-04  -3.6139894E-04  -3.5436184E-04  -6.9295043E-05   6.5813052E-04  -5.3806059E-04  -2.1665380E-05   3.3350714E-04   3.9016271E-06  -1.3152408E-06
 -2.7955375E-04   1.3361338E-03  -1.1457316E-04  -5.0756996E-03   5.5494071E-03  -3.3414027E-02  -3.6746698E-02   1.0815962E-02   2.7098376E-03   1.3572093E-01  -1.3399441E-01  -1.3554898E-02   2.3266269E-02   4.5908048E-03   3.1362517E-03   2.3788685E-02   6.3442623E+02   7.2749179E+01  -6.3424164E+01   3.8323635E+01  -2.5116420E+01  -8.7408039E-01   1.1801744E-01  -2.8451872E-01   1.3093852E+01  -1.7970499E-01   3.4626330E-01  -2.6752043E-01  -2.1791668E-01   6.9022970E-03   3.3568685E-03
 -3.2861248E-04   1.3301235E-03  -1.0782483E-04  -4.7927683E-03  -2.5470765E-03  -1.3050908E-02  -1.5160370E-02   2.7028938E-03   1.3705235E-04   1.8574562E-02  -3.1616014E-02  -3.7168576E-03   1.2705489E-02   1.0594511E-02   4.2227762E-03  -3.5317650E-03   7.2749179E+01   7.3631140E+01   4.2923118E+00   1.0741006E+01  -8.3939644E-01  -2.3137349E-02   5.0057103E-01   8.2249367E-01  -6.9658465E+00  -5.2461738E-02  -2.0118272E-01   3.2718827E-02   7.3534580E-02   8.0572456E-04   9.2649720E-04
 -2.4257425E-05  -6.8600299E-04  -1.4056869E-05  -1.0314746E-03   9.2247534E-04   1.3175672E-02   1.4463139E-02  -3.4502772E-03   1.3645722E-03   4.5568056E-02   2.3535487E-02  -1.6685786E-02   2.6360501E-04   6.2712960E-02   1.0408798E-02   1.5069514E-02  -6.3424164E+01   4.2923118E+00   1.8072365E+02  -8.7484911E+01   2.4375532E+00   3.7864197E-01  -1.1269238E+00   3.2306410E-01  -7.6635720E+00  -4.6561061E-02  -3.3595821E-01   5.6871619E-01   1.3142972E-02   1.7378985E-03  -7.9421390E-03
 -1.0633709E-04   7.3525341E-04  -4.2793812E-05  -1.4344076E-03  -1.8058851E-04  -9.8692647E-03  -1.1215812E-02   1.9017946E-03   4.3246865E-04  -6.5969888E-03  -2.5713876E-02   5.6368248E-03   9.6881100E-03  -2.8456159E-02  -7.5206300E-03  -6.7095739E-03   3.8323635E+01   1.0741006E+01  -8.7484911E+01   5.5704235E+01   1.7092311E+00  -7.2846030E-02   7.7586458E-01  -2.6829819E-01  -2.2290146E+00   1.4455457E-02   2.0751030E-01  -4.6981069E-01  -1.2627679E-01  -5.9514233E-04   3.2815561E-03
  1.0307201E-05  -4.7544171E-05   1.1908938E-06  -1.3163571E-05  -4.1792248E-04   8.3535769E-04   1.2961532E-03  -6.0967774E-05  -3.7069635E-05   1.2933659E-02  -1.4826058E-02   1.6818007E-04   3.2506931E-03   6.9496779E-03  -5.6817051E-03  -7.9650656E-04  -2.5116420E+01  -8.3939644E-01   2.4375532E+00   1.7092311E+00   4.2782762E+00   9.9559051E-02   1.3995478E-01  -4.6277512E-02  -3.5953453E+00  -1.1181682E-02  -1.8260586E-03   5.7243880E-03   5.0188268E-02   4.2813469E-04  -2.3499332E-04
 -5.0071540E-07  -3.8332396E-06  -9.3934203E-07  -3.3099434E-06  -1.4489102E-05   8.4830316E-05   1.0655275E-04  -1.8788150E-05  -8.7537397E-07   5.3953705E-04  -9.2329840E-04  -8.2417120E-05   1.6706000E-05   2.7125615E-04   2.6586801E-04  -1.9775157E-04  -8.7408039E-01  -2.3137349E-02   3.7864197E-01  -7.2846030E-02   9.9559051E-02   1.5871197E-02  -1.6485204E-02   1.1918729E-02  -1.0796936E-01  -4.0321424E-04  -1.6101721E-03  -2.3878503E-03   5.2568981E-03   1.8173115E-05  -3.6342294E-05
 -1.1196281E-06   1.7720044E-05  -2.4900465E-07  -4.5946302E-05  -6.2502917E-05  -1.8588647E-04  -2.0658843E-04   4.1435099E-05  -3.1275594E-06   7.4906711E-04   1.5597793E-04   2.7545765E-04   3.3131126E-04  -4.2810701E-04  -5.3762299E-04  -3.6139894E-04   1.1801744E-01   5.0057103E-01  -1.1269238E+00   7.7586458E-01   1.3995478E-01  -1.6485204E-02   6.4376994E-02   2.7031069E-03  -1.3592148E-01   1.0550477E-04   7.9407470E-03  -6.4471283E-04  -1.7109191E-02  -1.1628055E-05   9.3785639E-05
 -8.6910832E-08  -3.8808451E-06   2.6266354E-07  -6.1734536E-06   3.8097282E-06   8.0205638E-05   8.0764343E-05  -7.0913926E-06   4.4867465E-06   3.5825977E-04   1.0145293E-03   2.4219175E-04  -1.9916319E-04   1.3486621E-04   7.2781403E-04  -3.5436184E-04  -2.8451872E-01   8.2249367E-01   3.2306410E-01  -2.6829819E-01  -4.6277512E-02   1.1918729E-02   2.7031069E-03   8.1587304E-02   4.4818473E-02  -1.9601120E-04   2.1321379E-04   1.3063918E-03   1.4991681E-03   1.2499523E-05  -2.2821579E-06
 -7.8515639E-06   1.6470513E-04  -1.0847650E-06   9.2021899E-05   3.6837786E-04  -2.8257120E-03  -3.3819196E-03   5.7389356E-04  -7.4949954E-06  -4.1847988E-02   2.6191627E-03   5.8468737E-03  -4.2047331E-03  -1.1472014E-02   6.1881829E-04  -6.9295043E-05   1.3093852E+01  -6.9658465E+00  -7.6635720E+00  -2.2290146E+00  -3.5953453E+00  -1.0796936E-01  -1.3592148E-01   4.4818473E-02   7.5624198E+00   1.4097122E-02  -6.4408182E-04  -2.1835496E-03  -4.4342764E-02  -3.4273803E-04   1.3854055E-04
  9.2993555E-07  -9.8127616E-07   4.9124079E-07   1.4472037E-05   1.5937383E-05   1.4070551E-05  -4.7105304E-05   2.7033869E-05  -2.0528120E-06   1.1626793E-04  -7.7769720E-04  -1.7139893E-04   9.2088373E-05   3.2048243E-04   2.4248579E-04   6.5813052E-04  -1.7970499E-01  -5.2461738E-02  -4.6561061E-02   1.4455457E-02  -1.1181682E-02  -4.0321424E-04   1.0550477E-04  -1.9601120E-04   1.4097122E-02   3.8162757E-02   3.1156224E-03  -3.1554851E-05   7.2630147E-04   3.4038321E-05  -1.2143337E-06
 -3.7030370E-07   1.4927676E-05  -1.9458692E-06  -1.0819515E-05  -7.6938395E-05  -7.2063846E-05  -7.2585226E-05  -9.1824213E-06  -4.3938953E-06   1.3699745E-03  -3.5318653E-06  -2.3411536E-04  -9.5186559E-05   1.6679808E-04   1.9361146E-04  -5.3806059E-04   3.4626330E-01  -2.0118272E-01  -3.3595821E-01   2.0751030E-01  -1.8260586E-03  -1.6101721E-03   7.9407470E-03   2.1321379E-04  -6.4408182E-04   3.1156224E-03   3.1304468E-02  -9.4053520E-04   5.3156033E-03  -8.0154019E-05  -3.9437675E-05
  9.7458214E-07  -4.8375233E-06   1.2920940E-06   8.6645247E-06   2.0104198E-05   5.1438790E-05   4.7150928E-05   2.0436315E-06   6.7432965E-06   1.0271760E-03  -4.3223417E-04  -1.7460361E-04  -4.2862513E-05   1.9747810E-04   1.9495447E-04  -2.1665380E-05  -2.6752043E-01   3.2718827E-02   5.6871619E-01  -4.6981069E-01   5.7243880E-03  -2.3878503E-03  -6.4471283E-04   1.3063918E-03  -2.1835496E-03  -3.1554851E-05  -9.4053520E-04   1.0789164E-02   8.6455063E-03   3.6997959E-06   6.2307065E-05
 -1.8609973E-08   8.2379594E-07   8.1959271E-07   9.8100348E-06   5.7559291E-06  -1.0070871E-05  -1.9421446E-05   2.5162597E-05  -3.0928310E-06   1.7009867E-03  -1.4298738E-03  -4.6421584E-04  -9.8127051E-05   2.7938701E-04   3.5848132E-04   3.3350714E-04  -2.1791668E-01   7.3534580E-02   1.3142972E-02  -1.2627679E-01   5.0188268E-02   5.2568981E-03  -1.7109191E-02   1.4991681E-03  -4.4342764E-02   7.2630147E-04   5.3156033E-03   8.6455063E-03   2.6373547E-02  -2.6412975E-06   5.9923092E-05
  9.6562233E-09  -9.9913111E-08   1.5302107E-08   1.0486586E-07   6.8759730E-07  -1.7461545E-07  -1.6536156E-07   1.2907755E-07  -7.2821078E-09   3.8767385E-06  -8.5764256E-06  -5.0025056E-07   1.6393679E-06   1.7251975E-06  -2.2113112E-06   3.9016271E-06   6.9022970E-03   8.0572456E-04   1.7378985E-03  -5.9514233E-04   4.2813469E-04   1.8173115E-05  -1.1628055E-05   1.2499523E-05  -3.4273803E-04   3.4038321E-05  -8.0154019E-05   3.6997959E-06  -2.6412975E-06   1.1190472E-06   4.3389052E-08
 -2.1167242E-09   2.9178512E-08   1.7154560E-08  -9.4726945E-08   5.7906235E-08  -5.4595355E-07  -8.3687868E-07   3.0012100E-07  -8.9845979E-09   1.0599645E-05  -1.1736082E-05   1.4371977E-06   1.1529594E-06  -4.1330233E-06   2.3488124E-06  -1.3152408E-06   3.3568685E-03   9.2649720E-04  -7.9421390E-03   3.2815561E-03  -2.3499332E-04  -3.6342294E-05   9.3785639E-05  -2.2821579E-06   1.3854055E-04  -1.2143337E-06  -3.9437675E-05   6.2307065E-05   5.9923092E-05   4.3389052E-08   2.4693914E-06
