# omegabh2 omegach2 theta tau w wa logA ns calPlanck acib217 xi asz143 aps100 aps143 aps143217 aps217 aksz kgal100 kgal143 kgal143217 kgal217 cal0 cal2
  4.3728015E-08  -1.5161856E-07   3.4096357E-08   2.5206466E-07  -9.7811830E-07   1.7508002E-05   2.9574163E-07   4.6545658E-07   2.2086106E-08  -1.3069805E-04   1.7403033E-06   5.0284760E-05  -7.4706110E-04  -4.8373619E-04  -1.7074442E-04  -5.6772669E-05  -6.3452832E-05   5.3233340E-06   2.8906929E-06   1.9690195E-06   4.7698951E-05   2.1207011E-09  -1.5637911E-09
 -1.5161856E-07   3.2047113E-06  -2.5750285E-07  -2.8361558E-06   3.2700070E-05  -3.5647077E-04   1.6877267E-06  -6.9903232E-06  -1.8687186E-07   3.3153360E-05  -3.1574510E-06  -9.2441615E-05   7.5100536E-04   9.0595803E-04   5.2831836E-04   5.9574770E-04   5.3473451E-05  -3.0706952E-06  -4.5596425E-05  -5.2214086E-05  -8.1230592E-05  -2.5267844E-08   7.8692803E-09
  3.4096357E-08  -2.5750285E-07   1.9793532E-07   3.8394555E-07  -3.5590219E-06   4.2074371E-05   3.7368057E-07   7.8630562E-07   8.9527223E-09   7.8493028E-07  -1.5089904E-06   1.2878796E-05  -1.6674550E-04  -1.5064197E-04  -8.4919584E-05  -6.4601144E-05  -1.5224793E-05   2.4128233E-06   1.9847482E-05   2.4067533E-06  -8.5495803E-06   3.5621096E-09  -1.9651380E-09
  2.5206466E-07  -2.8361558E-06   3.8394555E-07   4.2444787E-05  -3.9928683E-05   3.6558614E-04   7.8903702E-05   8.8892695E-06   3.4166752E-07  -1.7087696E-03  -5.0627789E-06   4.7482844E-04  -9.3778070E-03  -4.8727090E-03  -1.5103220E-03   4.6250381E-04  -7.3957966E-04  -1.5373514E-04  -2.7483795E-04  -5.8665220E-04  -3.4164741E-05  -1.5595216E-08  -5.4851288E-08
 -9.7811830E-07   3.2700070E-05  -3.5590219E-06  -3.9928683E-05   6.7073302E-03  -2.6711039E-02  -9.3964325E-07  -7.3777625E-05  -4.5318027E-07  -5.7461334E-03   1.7557684E-05  -2.8424030E-03  -8.9881587E-03  -2.4972806E-03  -9.9446817E-03   7.5668553E-03   2.2723822E-03   2.5556234E-03   1.2370252E-03  -9.4899105E-04   7.8075631E-04  -1.4025864E-06  -1.1345046E-07
  1.7508002E-05  -3.5647077E-04   4.2074371E-05   3.6558614E-04  -2.6711039E-02   1.3449495E-01  -8.8538965E-05   8.0217946E-04   1.4427280E-05   1.3126085E-02  -2.4440604E-05   1.9862235E-02  -5.5293325E-02  -8.0724985E-02  -8.5460921E-03  -7.3950624E-02  -1.5542843E-02  -6.3606023E-03  -7.9431936E-04   6.2257698E-03   3.9726771E-03   7.4098135E-06  -2.4374315E-07
  2.9574163E-07   1.6877267E-06   3.7368057E-07   7.8903702E-05  -9.3964325E-07  -8.8538965E-05   1.9146066E-04   6.5649921E-07   1.2665046E-05  -4.2990186E-03   2.6373837E-05   8.2354528E-04  -1.7313244E-02  -7.4672523E-03   5.1955519E-04   8.7191757E-03  -2.3303758E-03  -6.6809746E-04  -1.4270045E-03  -1.9883996E-03   1.2884978E-03   2.9437681E-08  -1.3071456E-07
  4.6545658E-07  -6.9903232E-06   7.8630562E-07   8.8892695E-06  -7.3777625E-05   8.0217946E-04   6.5649921E-07   2.6771287E-05   7.5217612E-07  -5.0137891E-03   1.0337109E-04   1.3373770E-03  -2.7710571E-02  -8.8038149E-03   1.1241031E-03   4.8266148E-03  -2.7238808E-03   4.7060037E-04  -1.7486413E-04  -8.6107744E-05   1.8824719E-03  -7.9655671E-08  -9.9749340E-08
  2.2086106E-08  -1.8687186E-07   8.9527223E-09   3.4166752E-07  -4.5318027E-07   1.4427280E-05   1.2665046E-05   7.5217612E-07   6.1711603E-06   3.1970240E-04   2.7190158E-06   4.3751852E-05   2.0517202E-03   1.5932603E-04   3.3917536E-04   1.5775544E-03  -8.5207012E-05   5.4756053E-06  -8.1242673E-05  -6.6414642E-05   8.5166208E-04  -1.9480300E-08  -2.2276830E-08
 -1.3069805E-04   3.3153360E-05   7.8493028E-07  -1.7087696E-03  -5.7461334E-03   1.3126085E-02  -4.2990186E-03  -5.0137891E-03   3.1970240E-04   4.5470712E+01  -3.9508046E-01  -1.0193549E+00   3.9162326E+01   2.6093048E+00  -1.3455218E+01  -5.6279713E+01   2.3443363E-01  -1.2817587E-01   3.3417517E-01  -6.1280403E+00  -3.4223027E+01  -1.9951512E-04   7.4319266E-04
  1.7403033E-06  -3.1574510E-06  -1.5089904E-06  -5.0627789E-06   1.7557684E-05  -2.4440604E-05   2.6373837E-05   1.0337109E-04   2.7190158E-06  -3.9508046E-01   8.1655271E-02  -4.9813434E-02  -5.1011021E-01   8.9310166E-01   1.6381030E+00   6.1901985E-01   4.5786368E-02  -4.1999846E-03   7.5372524E-03   1.0504693E-01   1.4233523E-01   3.8613265E-06  -1.6910926E-06
  5.0284760E-05  -9.2441615E-05   1.2878796E-05   4.7482844E-04  -2.8424030E-03   1.9862235E-02   8.2354528E-04   1.3373770E-03   4.3751852E-05  -1.0193549E+00  -4.9813434E-02   3.9864466E+00  -3.1809492E+01  -3.6032750E+00   7.8730150E+00   5.7696174E+00  -2.9450509E+00  -2.0827458E-01   1.8505068E-01   2.7410632E+00   3.5214356E+00   1.1931116E-04  -2.1202034E-05
 -7.4706110E-04   7.5100536E-04  -1.6674550E-04  -9.3778070E-03  -8.9881587E-03  -5.5293325E-02  -1.7313244E-02  -2.7710571E-02   2.0517202E-03   3.9162326E+01  -5.1011021E-01  -3.1809492E+01   8.0195343E+02   7.5774559E+01  -5.6004287E+01  -6.6615123E+01   1.5596783E+01  -6.1214558E+00   5.5322020E+00  -1.2186750E+01  -2.5359871E+01   3.9252745E-03   3.6318765E-04
 -4.8373619E-04   9.0595803E-04  -1.5064197E-04  -4.8727090E-03  -2.4972806E-03  -8.0724985E-02  -7.4672523E-03  -8.8038149E-03   1.5932603E-04   2.6093048E+00   8.9310166E-01  -3.6032750E+00   7.5774559E+01   6.5064090E+01   4.1029142E+01   1.5503355E+01  -4.7137496E+00  -6.6233912E-01  -1.3690373E+00   3.5204783E+00   3.9743849E+00   1.0925151E-04   7.9066611E-05
 -1.7074442E-04   5.2831836E-04  -8.4919584E-05  -1.5103220E-03  -9.9446817E-03  -8.5460921E-03   5.1955519E-04   1.1241031E-03   3.3917536E-04  -1.3455218E+01   1.6381030E+00   7.8730150E+00  -5.6004287E+01   4.1029142E+01   8.6228810E+01   5.5512919E+01  -1.2557781E+01  -1.0139395E+00  -6.8155806E-01   5.2444779E+00   8.8676453E+00   4.4048732E-04  -3.6441606E-04
 -5.6772669E-05   5.9574770E-04  -6.4601144E-05   4.6250381E-04   7.5668553E-03  -7.3950624E-02   8.7191757E-03   4.8266148E-03   1.5775544E-03  -5.6279713E+01   6.1901985E-01   5.7696174E+00  -6.6615123E+01   1.5503355E+01   5.5512919E+01   1.0750117E+02  -1.0283448E+01  -5.5189152E-01  -1.1364861E+00   5.9413474E+00   3.4705465E+01   4.5624192E-04  -1.3888729E-03
 -6.3452832E-05   5.3473451E-05  -1.5224793E-05  -7.3957966E-04   2.2723822E-03  -1.5542843E-02  -2.3303758E-03  -2.7238808E-03  -8.5207012E-05   2.3443363E-01   4.5786368E-02  -2.9450509E+00   1.5596783E+01  -4.7137496E+00  -1.2557781E+01  -1.0283448E+01   6.3104857E+00   1.4887693E-01  -2.1922787E-01  -2.2836756E+00  -2.7798637E+00  -6.9599037E-05  -2.5291154E-06
  5.3233340E-06  -3.0706952E-06   2.4128233E-06  -1.5373514E-04   2.5556234E-03  -6.3606023E-03  -6.6809746E-04   4.7060037E-04   5.4756053E-06  -1.2817587E-01  -4.1999846E-03  -2.0827458E-01  -6.1214558E+00  -6.6233912E-01  -1.0139395E+00  -5.5189152E-01   1.4887693E-01   3.4075006E+00   5.8660821E-01   2.1459298E-01   3.5746117E-01   1.7425941E-04  -1.6443088E-06
  2.8906929E-06  -4.5596425E-05   1.9847482E-05  -2.7483795E-04   1.2370252E-03  -7.9431936E-04  -1.4270045E-03  -1.7486413E-04  -8.1242673E-05   3.3417517E-01   7.5372524E-03   1.8505068E-01   5.5322020E+00  -1.3690373E+00  -6.8155806E-01  -1.1364861E+00  -2.1922787E-01   5.8660821E-01   3.2665086E+00   2.9014306E+00   3.1140094E+00  -1.8060653E-04  -3.5554842E-05
  1.9690195E-06  -5.2214086E-05   2.4067533E-06  -5.8665220E-04  -9.4899105E-04   6.2257698E-03  -1.9883996E-03  -8.6107744E-05  -6.6414642E-05  -6.1280403E+00   1.0504693E-01   2.7410632E+00  -1.2186750E+01   3.5204783E+00   5.2444779E+00   5.9413474E+00  -2.2836756E+00   2.1459298E-01   2.9014306E+00   1.1227732E+01   2.0098847E+01   2.2433605E-06   4.3338174E-04
  4.7698951E-05  -8.1230592E-05  -8.5495803E-06  -3.4164741E-05   7.8075631E-04   3.9726771E-03   1.2884978E-03   1.8824719E-03   8.5166208E-04  -3.4223027E+01   1.4233523E-01   3.5214356E+00  -2.5359871E+01   3.9743849E+00   8.8676453E+00   3.4705465E+01  -2.7798637E+00   3.5746117E-01   3.1140094E+00   2.0098847E+01   5.5273916E+01   9.8813965E-05   9.4302459E-04
  2.1207011E-09  -2.5267844E-08   3.5621096E-09  -1.5595216E-08  -1.4025864E-06   7.4098135E-06   2.9437681E-08  -7.9655671E-08  -1.9480300E-08  -1.9951512E-04   3.8613265E-06   1.1931116E-04   3.9252745E-03   1.0925151E-04   4.4048732E-04   4.5624192E-04  -6.9599037E-05   1.7425941E-04  -1.8060653E-04   2.2433605E-06   9.8813965E-05   3.8774307E-07  -3.1588702E-11
 -1.5637911E-09   7.8692803E-09  -1.9651380E-09  -5.4851288E-08  -1.1345046E-07  -2.4374315E-07  -1.3071456E-07  -9.9749340E-08  -2.2276830E-08   7.4319266E-04  -1.6910926E-06  -2.1202034E-05   3.6318765E-04   7.9066611E-05  -3.6441606E-04  -1.3888729E-03  -2.5291154E-06  -1.6443088E-06  -3.5554842E-05   4.3338174E-04   9.4302459E-04  -3.1588702E-11   3.9049488E-07
