# omegabh2 omegach2 theta tau nnu logA ns calPlanck acib217 xi asz143 aps100 aps143 aps143217 aps217 aksz kgal100 kgal143 kgal143217 kgal217 galfTE100 galfTE100143 galfTE100217 galfTE143 galfTE143217 galfTE217 cal0 cal2
  3.2437787E-08   2.8778990E-07  -2.9450349E-08   1.7185484E-07   2.0930380E-05   1.1971778E-06   8.1037758E-07   8.7887695E-09   3.8432246E-05  -2.4799861E-07  -7.1508611E-06   2.5182058E-04   7.2167642E-05   2.1262926E-05  -1.1497707E-05   1.8043801E-05   6.1604317E-06   6.8286836E-06   4.4643407E-06  -1.0269734E-05   5.9016064E-08  -1.5242546E-07  -3.1668225E-07  -2.8638669E-07  -4.8601360E-07  -8.9248974E-07   1.0679926E-09   1.6470858E-09
  2.8778990E-07   8.2223825E-06  -9.0200814E-07  -1.4993799E-06   4.6693142E-04   1.7332219E-05   1.3590129E-05  -3.5966791E-07   2.4945955E-03  -6.3523066E-05  -5.2957874E-04   1.4312372E-02   5.6847373E-03   1.1671140E-03  -6.6782138E-04   1.0565566E-03   1.0994577E-04   3.8606117E-04   4.2966383E-04  -2.6529286E-04   3.1637541E-06   1.6700139E-06  -1.5201176E-06   2.1584439E-06   1.0565218E-06   2.5136751E-05  -9.3091336E-09   5.8967537E-08
 -2.9450349E-08  -9.0200814E-07   1.8327776E-07   1.1768870E-07  -5.4113385E-05  -1.9041014E-06  -1.5688215E-06   4.5609214E-08  -2.7279905E-04   9.6622185E-06   5.3875971E-05  -1.5549423E-03  -6.0366563E-04  -7.0149274E-05   9.7105902E-05  -1.2308387E-04  -1.4252058E-05  -4.9041359E-05  -5.2982979E-05   1.9849909E-05  -3.6449941E-07  -2.1972054E-07  -1.2660306E-07  -3.2734524E-07  -3.6391939E-07  -2.6745404E-06   1.0263412E-09  -5.6458209E-09
  1.7185484E-07  -1.4993799E-06   1.1768870E-07   4.6816888E-05   3.1591572E-05   8.7164556E-05   8.0513158E-06  -9.8028238E-07  -1.0403534E-03   3.4737060E-05   3.8342601E-04  -1.1679746E-02  -2.8472714E-03  -5.3225125E-04  -9.7619467E-04  -3.5102088E-04   3.0113802E-04  -9.7077834E-05  -2.5491247E-04  -2.4566028E-04   2.9824256E-06   3.2368218E-06  -6.5171111E-06  -2.9772036E-06  -2.1380690E-06  -3.1930887E-05   1.8543493E-08  -8.0351038E-08
  2.0930380E-05   4.6693142E-04  -5.4113385E-05   3.1591572E-05   2.9369902E-02   1.2478803E-03   9.6834497E-04  -1.0166989E-05   1.4297629E-01  -3.6388086E-03  -3.0154813E-02   8.2910707E-01   3.3487281E-01   7.1682011E-02  -3.4023977E-02   6.3482095E-02   1.0583842E-02   2.4614208E-02   2.7111883E-02  -1.0343495E-02   1.8837325E-04   6.6942020E-05  -1.7391169E-04   3.2612849E-05  -6.3045831E-05   1.0516407E-03  -7.6366371E-07   3.0389626E-06
  1.1971778E-06   1.7332219E-05  -1.9041014E-06   8.7164556E-05   1.2478803E-03   2.4000271E-04   5.0913795E-05   9.5510182E-06   3.3487582E-03  -3.6292054E-05  -6.4234291E-04   1.4846560E-02   8.9132303E-03   4.1142880E-03   2.2888361E-03   1.2878438E-03   8.0577272E-04   3.1942689E-04   3.0413661E-05   6.9391317E-04   8.5144641E-06   7.8370407E-06  -2.4931510E-05  -2.1622786E-07  -5.7007369E-06  -1.1712960E-05   1.1878697E-07   5.7906336E-08
  8.1037758E-07   1.3590129E-05  -1.5688215E-06   8.0513158E-06   9.6834497E-04   5.0913795E-05   4.5045932E-05   3.8784215E-07   7.5443292E-04  -2.4892799E-05  -2.6298923E-04   5.5377491E-03   5.3679766E-03   3.9261086E-03   3.3872701E-03   1.9514690E-04   7.0541157E-04   4.3545464E-04   2.8843440E-04   4.4120605E-04   6.3068616E-06   2.3589804E-06  -9.5647169E-06  -3.9801511E-06  -1.0821652E-05   2.6432638E-05  -1.1002748E-07   2.2459181E-08
  8.7887695E-09  -3.5966791E-07   4.5609214E-08  -9.8028238E-07  -1.0166989E-05   9.5510182E-06   3.8784215E-07   6.1639573E-06   3.2480059E-04  -6.2970773E-08  -1.4580938E-05   2.8166922E-03   7.9420621E-06   2.0031045E-04   1.4951213E-03  -1.8402942E-05   1.1081545E-04   2.5904662E-05  -5.4702196E-05   9.1780857E-04  -1.4056073E-06  -7.3201911E-07  -3.1458180E-06   7.5391641E-08  -1.0760933E-06  -2.5795382E-06  -1.3600242E-08   2.5562104E-08
  3.8432246E-05   2.4945955E-03  -2.7279905E-04  -1.0403534E-03   1.4297629E-01   3.3487582E-03   7.5443292E-04   3.2480059E-04   4.5238647E+01  -4.0102004E-01  -1.1297942E+00   4.0064197E+01   3.4792868E+00  -1.2707840E+01  -5.5508438E+01   1.4810156E-01   3.8705922E-01   4.8762787E-01  -6.2341353E+00  -3.4355051E+01   5.5075330E-03   3.0580739E-03   8.1267216E-03  -4.7667828E-03   8.3561563E-04   1.4824811E-02  -1.5628347E-04   6.8320847E-04
 -2.4799861E-07  -6.3523066E-05   9.6622185E-06   3.4737060E-05  -3.6388086E-03  -3.6292054E-05  -2.4892799E-05  -6.2970773E-08  -4.0102004E-01   8.0134852E-02  -2.8277364E-02  -7.7992383E-01   8.2964356E-01   1.6611516E+00   6.2010984E-01   4.0692509E-02  -2.7183091E-02   8.9835751E-03   1.1153758E-01   1.4980165E-01  -3.3645161E-05  -3.3813198E-05  -2.5658859E-05   2.7592272E-04   5.3817388E-05   3.3927267E-04   3.0961324E-06   1.3556900E-06
 -7.1508611E-06  -5.2957874E-04   5.3875971E-05   3.8342601E-04  -3.0154813E-02  -6.4234291E-04  -2.6298923E-04  -1.4580938E-05  -1.1297942E+00  -2.8277364E-02   3.7486885E+00  -2.9662423E+01  -3.4014377E+00   7.4924810E+00   5.4339400E+00  -2.5900445E+00  -2.0564719E-01   8.6927788E-02   2.5675240E+00   3.3521451E+00   2.7522761E-04   1.2604329E-03  -5.9030080E-03   1.6339953E-03  -8.4937171E-04  -5.3943906E-03   1.2304160E-04  -4.0783187E-05
  2.5182058E-04   1.4312372E-02  -1.5549423E-03  -1.1679746E-02   8.2910707E-01   1.4846560E-02   5.5377491E-03   2.8166922E-03   4.0064197E+01  -7.7992383E-01  -2.9662423E+01   7.7150800E+02   7.3202175E+01  -5.5520837E+01  -6.4051876E+01   1.4991000E+01  -5.5245820E+00   6.6835773E+00  -9.6399965E+00  -2.2379645E+01   4.3651005E-03  -1.3861526E-02   7.3041604E-02  -4.4774025E-02   1.9245863E-02   1.0802176E-01   3.7305618E-03   6.7153062E-04
  7.2167642E-05   5.6847373E-03  -6.0366563E-04  -2.8472714E-03   3.3487281E-01   8.9132303E-03   5.3679766E-03   7.9420621E-06   3.4792868E+00   8.2964356E-01  -3.4014377E+00   7.3202175E+01   6.1383105E+01   3.8434492E+01   1.3015681E+01  -3.5633527E+00  -2.9487440E-01  -8.6686965E-01   3.6444265E+00   3.6593621E+00   2.2040968E-03   1.2445785E-03   2.0197936E-03   4.9661944E-03   7.2928125E-03   2.9320498E-02   8.2274545E-05   1.6921552E-04
  2.1262926E-05   1.1671140E-03  -7.0149274E-05  -5.3225125E-04   7.1682011E-02   4.1142880E-03   3.9261086E-03   2.0031045E-04  -1.2707840E+01   1.6611516E+00   7.4924810E+00  -5.5520837E+01   3.8434492E+01   8.2798112E+01   5.1346894E+01  -1.0643355E+01  -1.0832936E+00  -6.8815375E-01   4.9355375E+00   8.1767057E+00  -1.9353751E-03   1.2970240E-03  -3.4566668E-03   1.1348864E-02   3.4539573E-03   2.0260007E-02   4.6517156E-04  -2.5234349E-04
 -1.1497707E-05  -6.6782138E-04   9.7105902E-05  -9.7619467E-04  -3.4023977E-02   2.2888361E-03   3.3872701E-03   1.4951213E-03  -5.5508438E+01   6.2010984E-01   5.4339400E+00  -6.4051876E+01   1.3015681E+01   5.1346894E+01   1.0329355E+02  -8.7138486E+00  -7.2298403E-01  -1.0554673E+00   6.1839397E+00   3.5134021E+01  -8.8567613E-03  -8.3037934E-04  -4.6858997E-03   1.2272539E-02   2.0594728E-03  -4.6378760E-03   4.4271161E-04  -1.1937822E-03
  1.8043801E-05   1.0565566E-03  -1.2308387E-04  -3.5102088E-04   6.3482095E-02   1.2878438E-03   1.9514690E-04  -1.8402942E-05   1.4810156E-01   4.0692509E-02  -2.5900445E+00   1.4991000E+01  -3.5633527E+00  -1.0643355E+01  -8.7138486E+00   5.5018275E+00   1.0227211E-01  -1.0505584E-01  -1.8207549E+00  -2.0860972E+00   9.7216917E-04  -5.0543412E-04   3.2055073E-04   1.4848692E-04   1.5234968E-03  -6.7638639E-04  -9.2678673E-05   1.2679507E-05
  6.1604317E-06   1.0994577E-04  -1.4252058E-05   3.0113802E-04   1.0583842E-02   8.0577272E-04   7.0541157E-04   1.1081545E-04   3.8705922E-01  -2.7183091E-02  -2.0564719E-01  -5.5245820E+00  -2.9487440E-01  -1.0832936E+00  -7.2298403E-01   1.0227211E-01   3.3864705E+00   4.9916203E-01   9.1280309E-02  -9.3531406E-02   1.2811543E-03   6.2920770E-04  -3.7658486E-03   6.1899510E-04   2.0544364E-04   1.2945918E-03   1.8119791E-04  -1.3908560E-05
  6.8286836E-06   3.8606117E-04  -4.9041359E-05  -9.7077834E-05   2.4614208E-02   3.1942689E-04   4.3545464E-04   2.5904662E-05   4.8762787E-01   8.9835751E-03   8.6927788E-02   6.6835773E+00  -8.6686965E-01  -6.8815375E-01  -1.0554673E+00  -1.0505584E-01   4.9916203E-01   3.2311177E+00   2.8501742E+00   2.9079301E+00   1.6018058E-03  -5.5510151E-04   1.1576584E-03  -6.4926914E-04   2.5389701E-03   1.1601778E-02  -1.7941458E-04  -5.1276307E-05
  4.4643407E-06   4.2966383E-04  -5.2982979E-05  -2.5491247E-04   2.7111883E-02   3.0413661E-05   2.8843440E-04  -5.4702196E-05  -6.2341353E+00   1.1153758E-01   2.5675240E+00  -9.6399965E+00   3.6444265E+00   4.9355375E+00   6.1839397E+00  -1.8207549E+00   9.1280309E-02   2.8501742E+00   1.0973947E+01   1.9651676E+01   2.4434971E-03   4.6666830E-04  -7.8284941E-03   2.1162342E-03   1.7195360E-03   7.3170942E-03  -3.4359485E-05   3.7387917E-04
 -1.0269734E-05  -2.6529286E-04   1.9849909E-05  -2.4566028E-04  -1.0343495E-02   6.9391317E-04   4.4120605E-04   9.1780857E-04  -3.4355051E+01   1.4980165E-01   3.3521451E+00  -2.2379645E+01   3.6593621E+00   8.1767057E+00   3.5134021E+01  -2.0860972E+00  -9.3531406E-02   2.9079301E+00   1.9651676E+01   5.4530790E+01  -4.4887056E-04  -2.5116386E-03  -1.3493800E-02   5.0474491E-03   1.5742363E-03  -4.7540016E-03   2.4804258E-05   8.6628972E-04
  5.9016064E-08   3.1637541E-06  -3.6449941E-07   2.9824256E-06   1.8837325E-04   8.5144641E-06   6.3068616E-06  -1.4056073E-06   5.5075330E-03  -3.3645161E-05   2.7522761E-04   4.3651005E-03   2.2040968E-03  -1.9353751E-03  -8.8567613E-03   9.7216917E-04   1.2811543E-03   1.6018058E-03   2.4434971E-03  -4.4887056E-04   1.4404855E-03   2.4767210E-04   9.3324191E-05  -3.8837820E-04  -9.2313292E-05   2.2921765E-04  -7.0673868E-08   1.3593379E-07
 -1.5242546E-07   1.6700139E-06  -2.1972054E-07   3.2368218E-06   6.6942020E-05   7.8370407E-06   2.3589804E-06  -7.3201911E-07   3.0580739E-03  -3.3813198E-05   1.2604329E-03  -1.3861526E-02   1.2445785E-03   1.2970240E-03  -8.3037934E-04  -5.0543412E-04   6.2920770E-04  -5.5510151E-04   4.6666830E-04  -2.5116386E-03   2.4767210E-04   8.7588021E-04   6.3688691E-05   7.7237813E-04   9.9003870E-05  -7.9968261E-04  -2.5722015E-07   1.3718410E-07
 -3.1668225E-07  -1.5201176E-06  -1.2660306E-07  -6.5171111E-06  -1.7391169E-04  -2.4931510E-05  -9.5647169E-06  -3.1458180E-06   8.1267216E-03  -2.5658859E-05  -5.9030080E-03   7.3041604E-02   2.0197936E-03  -3.4566668E-03  -4.6858997E-03   3.2055073E-04  -3.7658486E-03   1.1576584E-03  -7.8284941E-03  -1.3493800E-02   9.3324191E-05   6.3688691E-05   7.2710673E-03  -2.5283311E-04   6.4519089E-04   4.4491595E-03  -7.3695045E-07   8.4298208E-07
 -2.8638669E-07   2.1584439E-06  -3.2734524E-07  -2.9772036E-06   3.2612849E-05  -2.1622786E-07  -3.9801511E-06   7.5391641E-08  -4.7667828E-03   2.7592272E-04   1.6339953E-03  -4.4774025E-02   4.9661944E-03   1.1348864E-02   1.2272539E-02   1.4848692E-04   6.1899510E-04  -6.4926914E-04   2.1162342E-03   5.0474491E-03  -3.8837820E-04   7.7237813E-04  -2.5283311E-04   2.9244822E-03   6.4760800E-04  -8.7823177E-04  -8.4744162E-07   1.8928522E-07
 -4.8601360E-07   1.0565218E-06  -3.6391939E-07  -2.1380690E-06  -6.3045831E-05  -5.7007369E-06  -1.0821652E-05  -1.0760933E-06   8.3561563E-04   5.3817388E-05  -8.4937171E-04   1.9245863E-02   7.2928125E-03   3.4539573E-03   2.0594728E-03   1.5234968E-03   2.0544364E-04   2.5389701E-03   1.7195360E-03   1.5742363E-03  -9.2313292E-05   9.9003870E-05   6.4519089E-04   6.4760800E-04   6.3707100E-03   7.9230968E-03  -2.9342286E-07  -6.8154682E-08
 -8.9248974E-07   2.5136751E-05  -2.6745404E-06  -3.1930887E-05   1.0516407E-03  -1.1712960E-05   2.6432638E-05  -2.5795382E-06   1.4824811E-02   3.3927267E-04  -5.3943906E-03   1.0802176E-01   2.9320498E-02   2.0260007E-02  -4.6378760E-03  -6.7638639E-04   1.2945918E-03   1.1601778E-02   7.3170942E-03  -4.7540016E-03   2.2921765E-04  -7.9968261E-04   4.4491595E-03  -8.7823177E-04   7.9230968E-03   7.1184190E-02  -6.6825534E-07   1.6304693E-06
  1.0679926E-09  -9.3091336E-09   1.0263412E-09   1.8543493E-08  -7.6366371E-07   1.1878697E-07  -1.1002748E-07  -1.3600242E-08  -1.5628347E-04   3.0961324E-06   1.2304160E-04   3.7305618E-03   8.2274545E-05   4.6517156E-04   4.4271161E-04  -9.2678673E-05   1.8119791E-04  -1.7941458E-04  -3.4359485E-05   2.4804258E-05  -7.0673868E-08  -2.5722015E-07  -7.3695045E-07  -8.4744162E-07  -2.9342286E-07  -6.6825534E-07   3.7853913E-07   3.2109508E-10
  1.6470858E-09   5.8967537E-08  -5.6458209E-09  -8.0351038E-08   3.0389626E-06   5.7906336E-08   2.2459181E-08   2.5562104E-08   6.8320847E-04   1.3556900E-06  -4.0783187E-05   6.7153062E-04   1.6921552E-04  -2.5234349E-04  -1.1937822E-03   1.2679507E-05  -1.3908560E-05  -5.1276307E-05   3.7387917E-04   8.6628972E-04   1.3593379E-07   1.3718410E-07   8.4298208E-07   1.8928522E-07  -6.8154682E-08   1.6304693E-06   3.2109508E-10   3.7976078E-07
