# omegabh2 omegach2 theta tau mnu nnu logA ns calPlanck acib217 xi asz143 aps100 aps143 aps143217 aps217 aksz kgal100 kgal143 kgal143217 kgal217 galfTE100 galfTE100143 galfTE100217 galfTE143 galfTE143217 galfTE217 cal0 cal2
  3.1191650E-08   2.1575859E-07  -2.0095958E-08   1.9363095E-07   9.2863388E-07   1.7368041E-05   1.0450979E-06   7.6428088E-07   6.3940882E-09  -9.1538197E-06   1.1588052E-06  -7.6606949E-07   9.9189677E-05   1.5884849E-05   2.9770521E-05   2.0480048E-05   2.4204456E-06   1.1044109E-05   1.1152518E-05   1.4626181E-05   2.5866006E-05   3.4451199E-08  -2.0998546E-08   2.3641759E-09  -3.2777787E-07  -4.2898658E-07  -1.2616920E-06  -6.4501259E-10   8.2916161E-10
  2.1575859E-07   6.2191076E-06  -6.5425899E-07  -2.6040959E-07   2.1294773E-06   3.3166914E-04   1.5429258E-05   9.2956457E-06  -6.2310327E-08   1.3498174E-03  -2.2162333E-05  -3.7175605E-04   7.9660928E-03   3.9718361E-03   1.3296154E-03  -1.7723960E-05   6.5335022E-04   1.9537732E-04   1.8062194E-04   2.2828967E-04  -1.0307320E-04   1.3073680E-06   4.6046189E-07   2.4254224E-06   1.1037636E-08  -6.9734290E-07   9.0520224E-06  -1.5819639E-08   1.3938243E-08
 -2.0095958E-08  -6.5425899E-07   1.5540392E-07   1.6384535E-08  -1.4763136E-06  -3.7819457E-05  -1.5926065E-06  -1.0504845E-06  -2.8384489E-09  -1.7912545E-04   2.0997810E-06   4.4447960E-05  -1.0839404E-03  -4.5015673E-04  -1.4286604E-04   3.0119666E-05  -7.1307029E-05  -2.1818679E-05  -1.7486428E-05  -1.0799159E-05   4.6497046E-05  -3.9551879E-08   8.0130047E-08  -3.8991734E-09   1.2158943E-07   4.5069920E-08  -9.1812561E-07   5.9889911E-10  -2.2040638E-09
  1.9363095E-07  -2.6040959E-07   1.6384535E-08   4.8745986E-05   2.8230024E-05   7.6621430E-05   9.5930087E-05   8.2226766E-06  -5.2569261E-07  -8.0074859E-04   4.7762014E-05   4.2165817E-04  -7.2559068E-03  -2.5762109E-03   5.9884708E-04   5.4317889E-04  -7.2416680E-04  -1.1449457E-04  -2.8077418E-04  -5.2136880E-04  -7.5312554E-04  -3.4948858E-06  -4.4285303E-06   2.8098309E-06  -8.7584822E-06   2.6359016E-06   2.3590413E-05  -5.4199541E-08  -3.5181083E-08
  9.2863388E-07   2.1294773E-06  -1.4763136E-06   2.8230024E-05   1.6214246E-03   7.2523390E-04   6.6009844E-05   4.5861795E-05   2.6818332E-06   9.9580008E-03  -1.5707969E-04  -1.0280164E-03   2.6614323E-02   4.8378359E-03  -2.8302310E-03  -7.9517977E-03   1.6528062E-03   1.1587234E-03   1.6761387E-03   1.2873209E-03  -2.2722269E-03  -1.7320863E-05  -1.7629452E-05  -2.0565755E-05  -2.8528948E-05  -8.8415136E-06   1.4347694E-05   4.3917301E-09   4.8434862E-07
  1.7368041E-05   3.3166914E-04  -3.7819457E-05   7.6621430E-05   7.2523390E-04   2.1201809E-02   1.0160612E-03   7.4472936E-04  -1.5312070E-07   8.3844379E-02  -1.2704372E-03  -1.9272349E-02   4.6885556E-01   2.1786117E-01   7.1223259E-02  -1.3499618E-02   3.9393044E-02   1.2479330E-02   1.4273497E-02   1.6981162E-02  -2.5368950E-03   6.1218807E-05  -6.9468459E-07   1.1344899E-04  -1.1127383E-04  -1.0804598E-04   6.5602594E-05  -1.7692104E-06   1.2409025E-06
  1.0450979E-06   1.5429258E-05  -1.5926065E-06   9.5930087E-05   6.6009844E-05   1.0160612E-03   2.5828418E-04   4.0134627E-05   1.1394995E-05   1.3568288E-03   5.5049353E-05  -5.3807848E-05   7.0142884E-03   6.0468254E-03   7.0843799E-03   7.7317007E-03  -9.2030615E-04  -4.7496231E-05  -7.8041137E-04  -1.2060814E-03  -5.7315895E-04   2.4439877E-08  -9.3405650E-06   1.1345147E-05  -1.9886485E-05  -6.0969761E-06   8.3763571E-05  -1.3150478E-08  -1.4825012E-07
  7.6428088E-07   9.2956457E-06  -1.0504845E-06   8.2226766E-06   4.5861795E-05   7.4472936E-04   4.0134627E-05   4.0332800E-05   3.0022025E-07  -1.0850014E-03   5.8936044E-05   1.2278928E-04  -4.2448979E-03   1.9273367E-03   4.1271558E-03   4.1501121E-03  -4.6962665E-04   7.3228391E-04   3.0712319E-04   2.9466522E-04   1.0705051E-03  -5.5690286E-07  -5.7160475E-07   6.7119492E-07  -9.0727399E-06  -5.3351955E-06  -2.3739830E-05  -1.6588602E-07  -2.7712708E-09
  6.3940882E-09  -6.2310327E-08  -2.8384489E-09  -5.2569261E-07   2.6818332E-06  -1.5312070E-07   1.1394995E-05   3.0022025E-07   6.2554255E-06   7.0624337E-04  -1.0636312E-05   3.6721170E-05   2.7845073E-03   5.4825291E-04   4.8499619E-04   1.6078281E-03  -1.8959572E-04  -3.1445793E-05  -7.3236525E-05  -1.6130675E-04   4.8814948E-04   2.1865014E-06  -8.3512597E-07  -1.2020332E-07  -1.5152235E-06  -3.8812469E-06   9.6684568E-06  -1.6841220E-09  -4.3481103E-08
 -9.1538197E-06   1.3498174E-03  -1.7912545E-04  -8.0074859E-04   9.9580008E-03   8.3844379E-02   1.3568288E-03  -1.0850014E-03   7.0624337E-04   4.5260665E+01  -4.4431698E-01  -8.9188709E-01   3.8498118E+01   2.0531857E+00  -1.3666623E+01  -5.5058977E+01  -4.7542716E-02   2.0977754E-01   4.7246814E-01  -6.2539701E+00  -3.4290910E+01   7.2621288E-03  -2.0122186E-03   1.5045694E-03   1.9909595E-03   1.0771643E-02   1.2176357E-02  -1.8171858E-04   6.7976112E-04
  1.1588052E-06  -2.2162333E-05   2.0997810E-06   4.7762014E-05  -1.5707969E-04  -1.2704372E-03   5.5049353E-05   5.8936044E-05  -1.0636312E-05  -4.4431698E-01   7.9691207E-02  -2.6008368E-02  -7.6486038E-01   8.7829982E-01   1.7068997E+00   7.0295559E-01   3.0391017E-02  -4.5446637E-04   1.6442422E-02   1.2632641E-01   1.9609675E-01  -1.1109142E-04  -4.5404774E-06  -9.5891637E-05  -1.4062814E-04  -2.6717533E-04   6.0584790E-05   5.4024336E-06  -3.6377516E-06
 -7.6606949E-07  -3.7175605E-04   4.4447960E-05   4.2165817E-04  -1.0280164E-03  -1.9272349E-02  -5.3807848E-05   1.2278928E-04   3.6721170E-05  -8.9188709E-01  -2.6008368E-02   3.6875511E+00  -2.8552658E+01  -3.2066220E+00   7.2632590E+00   4.9776270E+00  -2.5255469E+00  -2.8837374E-01   1.3315377E-01   2.5856274E+00   3.2485807E+00  -1.8290710E-03  -3.2172148E-04   1.1266794E-03  -6.4589566E-05  -3.4017002E-03  -2.2890899E-03   1.1294773E-04  -3.7395781E-05
  9.9189677E-05   7.9660928E-03  -1.0839404E-03  -7.2559068E-03   2.6614323E-02   4.6885556E-01   7.0142884E-03  -4.2448979E-03   2.7845073E-03   3.8498118E+01  -7.6486038E-01  -2.8552658E+01   7.5531914E+02   7.0067081E+01  -5.1543728E+01  -5.9235075E+01   1.2641830E+01  -5.3950536E+00   5.3530747E+00  -1.1517737E+01  -2.4985695E+01   2.6335377E-02  -6.7627245E-03  -3.3969946E-02   1.3557451E-02   3.3258343E-02   4.8826383E-02   3.6140148E-03   5.1638923E-04
  1.5884849E-05   3.9718361E-03  -4.5015673E-04  -2.5762109E-03   4.8378359E-03   2.1786117E-01   6.0468254E-03   1.9273367E-03   5.4825291E-04   2.0531857E+00   8.7829982E-01  -3.2066220E+00   7.0067081E+01   6.1374167E+01   4.0222316E+01   1.5074586E+01  -4.3467294E+00  -7.5559215E-02  -1.2390675E+00   3.1842007E+00   3.5756002E+00   2.5399978E-03  -1.4525486E-04   6.2758771E-03  -2.9243044E-04  -6.6285638E-03   4.4944676E-02   1.2196679E-04   1.1060607E-05
  2.9770521E-05   1.3296154E-03  -1.4286604E-04   5.9884708E-04  -2.8302310E-03   7.1223259E-02   7.0843799E-03   4.1271558E-03   4.8499619E-04  -1.3666623E+01   1.7068997E+00   7.2632590E+00  -5.1543728E+01   4.0222316E+01   8.4058710E+01   5.2448515E+01  -1.1004417E+01  -7.0360203E-01  -6.0103753E-01   4.8662510E+00   8.5841151E+00  -6.9001945E-03   3.1444034E-04   1.9372956E-03   8.9389220E-04  -1.6994902E-02   2.8355339E-02   4.7883865E-04  -4.3756835E-04
  2.0480048E-05  -1.7723960E-05   3.0119666E-05   5.4317889E-04  -7.9517977E-03  -1.3499618E-02   7.7317007E-03   4.1501121E-03   1.6078281E-03  -5.5058977E+01   7.0295559E-01   4.9776270E+00  -5.9235075E+01   1.5074586E+01   5.2448515E+01   1.0175902E+02  -8.8131877E+00  -7.2607376E-01  -1.2461894E+00   5.7301840E+00   3.4085054E+01  -7.3630095E-03   2.8474268E-03   6.8087790E-04   3.2313072E-04  -1.7285328E-02   2.0114973E-02   5.0236704E-04  -1.2824137E-03
  2.4204456E-06   6.5335022E-04  -7.1307029E-05  -7.2416680E-04   1.6528062E-03   3.9393044E-02  -9.2030615E-04  -4.6962665E-04  -1.8959572E-04  -4.7542716E-02   3.0391017E-02  -2.5255469E+00   1.2641830E+01  -4.3467294E+00  -1.1004417E+01  -8.8131877E+00   5.5275037E+00   1.2720820E-01  -1.2200561E-01  -1.8138337E+00  -1.9696542E+00   1.2475428E-03   5.0393908E-04  -8.0501730E-04  -5.8993218E-04   3.1497488E-03  -4.4870758E-03  -1.1150853E-04   1.6493710E-05
  1.1044109E-05   1.9537732E-04  -2.1818679E-05  -1.1449457E-04   1.1587234E-03   1.2479330E-02  -4.7496231E-05   7.3228391E-04  -3.1445793E-05   2.0977754E-01  -4.5446637E-04  -2.8837374E-01  -5.3950536E+00  -7.5559215E-02  -7.0360203E-01  -7.2607376E-01   1.2720820E-01   3.3387001E+00   5.9407809E-01   2.2241743E-01   3.2126694E-01  -1.8695359E-04  -2.7573118E-04   3.6289656E-03  -1.3650449E-03  -5.2707721E-04  -5.4812332E-03   1.6319225E-04   1.7595813E-05
  1.1152518E-05   1.8062194E-04  -1.7486428E-05  -2.8077418E-04   1.6761387E-03   1.4273497E-02  -7.8041137E-04   3.0712319E-04  -7.3236525E-05   4.7246814E-01   1.6442422E-02   1.3315377E-01   5.3530747E+00  -1.2390675E+00  -6.0103753E-01  -1.2461894E+00  -1.2200561E-01   5.9407809E-01   3.1863129E+00   2.7313920E+00   2.7978497E+00   1.3554672E-03  -1.2985965E-03  -1.6259578E-03  -3.1144983E-03   1.2497218E-04   4.4576050E-03  -1.8198883E-04  -3.1676219E-05
  1.4626181E-05   2.2828967E-04  -1.0799159E-05  -5.2136880E-04   1.2873209E-03   1.6981162E-02  -1.2060814E-03   2.9466522E-04  -1.6130675E-04  -6.2539701E+00   1.2632641E-01   2.5856274E+00  -1.1517737E+01   3.1842007E+00   4.8662510E+00   5.7301840E+00  -1.8138337E+00   2.2241743E-01   2.7313920E+00   1.0864822E+01   1.9558951E+01  -7.7793867E-04  -1.3320352E-03   1.0881883E-03  -4.9589799E-03  -8.1735674E-03  -7.4301027E-04  -6.7494871E-06   3.9289246E-04
  2.5866006E-05  -1.0307320E-04   4.6497046E-05  -7.5312554E-04  -2.2722269E-03  -2.5368950E-03  -5.7315895E-04   1.0705051E-03   4.8814948E-04  -3.4290910E+01   1.9609675E-01   3.2485807E+00  -2.4985695E+01   3.5756002E+00   8.5841151E+00   3.4085054E+01  -1.9696542E+00   3.2126694E-01   2.7978497E+00   1.9558951E+01   5.4368218E+01  -5.8970733E-03  -1.0173465E-03   2.4970437E-03  -7.1315846E-03  -1.6806420E-02  -9.7055393E-03   6.5480512E-05   8.9390504E-04
  3.4451199E-08   1.3073680E-06  -3.9551879E-08  -3.4948858E-06  -1.7320863E-05   6.1218807E-05   2.4439877E-08  -5.5690286E-07   2.1865014E-06   7.2621288E-03  -1.1109142E-04  -1.8290710E-03   2.6335377E-02   2.5399978E-03  -6.9001945E-03  -7.3630095E-03   1.2475428E-03  -1.8695359E-04   1.3554672E-03  -7.7793867E-04  -5.8970733E-03   1.4834154E-03   2.9579072E-04   1.1713690E-04  -3.4958943E-04  -9.3633387E-05  -1.4428969E-04  -5.0825419E-08   2.4070102E-07
 -2.0998546E-08   4.6046189E-07   8.0130047E-08  -4.4285303E-06  -1.7629452E-05  -6.9468459E-07  -9.3405650E-06  -5.7160475E-07  -8.3512597E-07  -2.0122186E-03  -4.5404774E-06  -3.2172148E-04  -6.7627245E-03  -1.4525486E-04   3.1444034E-04   2.8474268E-03   5.0393908E-04  -2.7573118E-04  -1.2985965E-03  -1.3320352E-03  -1.0173465E-03   2.9579072E-04   8.6785224E-04   5.6066768E-05   7.1039011E-04   4.6047684E-05  -6.5965058E-04   1.6170844E-07   7.0003028E-08
  2.3641759E-09   2.4254224E-06  -3.8991734E-09   2.8098309E-06  -2.0565755E-05   1.1344899E-04   1.1345147E-05   6.7119492E-07  -1.2020332E-07   1.5045694E-03  -9.5891637E-05   1.1266794E-03  -3.3969946E-02   6.2758771E-03   1.9372956E-03   6.8087790E-04  -8.0501730E-04   3.6289656E-03  -1.6259578E-03   1.0881883E-03   2.4970437E-03   1.1713690E-04   5.6066768E-05   7.4286897E-03  -3.6226870E-04   5.9218326E-04   4.4920534E-03  -6.8025704E-07   2.1071296E-07
 -3.2777787E-07   1.1037636E-08   1.2158943E-07  -8.7584822E-06  -2.8528948E-05  -1.1127383E-04  -1.9886485E-05  -9.0727399E-06  -1.5152235E-06   1.9909595E-03  -1.4062814E-04  -6.4589566E-05   1.3557451E-02  -2.9243044E-04   8.9389220E-04   3.2313072E-04  -5.8993218E-04  -1.3650449E-03  -3.1144983E-03  -4.9589799E-03  -7.1315846E-03  -3.4958943E-04   7.1039011E-04  -3.6226870E-04   2.8487585E-03   5.4182840E-04  -8.5365955E-04   5.5946129E-07  -6.1542301E-08
 -4.2898658E-07  -6.9734290E-07   4.5069920E-08   2.6359016E-06  -8.8415136E-06  -1.0804598E-04  -6.0969761E-06  -5.3351955E-06  -3.8812469E-06   1.0771643E-02  -2.6717533E-04  -3.4017002E-03   3.3258343E-02  -6.6285638E-03  -1.6994902E-02  -1.7285328E-02   3.1497488E-03  -5.2707721E-04   1.2497218E-04  -8.1735674E-03  -1.6806420E-02  -9.3633387E-05   4.6047684E-05   5.9218326E-04   5.4182840E-04   6.4177377E-03   7.6629755E-03  -6.6679956E-07   4.6419950E-07
 -1.2616920E-06   9.0520224E-06  -9.1812561E-07   2.3590413E-05   1.4347694E-05   6.5602594E-05   8.3763571E-05  -2.3739830E-05   9.6684568E-06   1.2176357E-02   6.0584790E-05  -2.2890899E-03   4.8826383E-02   4.4944676E-02   2.8355339E-02   2.0114973E-02  -4.4870758E-03  -5.4812332E-03   4.4576050E-03  -7.4301027E-04  -9.7055393E-03  -1.4428969E-04  -6.5965058E-04   4.4920534E-03  -8.5365955E-04   7.6629755E-03   6.9555610E-02  -1.3953915E-06   7.2784083E-07
 -6.4501259E-10  -1.5819639E-08   5.9889911E-10  -5.4199541E-08   4.3917301E-09  -1.7692104E-06  -1.3150478E-08  -1.6588602E-07  -1.6841220E-09  -1.8171858E-04   5.4024336E-06   1.1294773E-04   3.6140148E-03   1.2196679E-04   4.7883865E-04   5.0236704E-04  -1.1150853E-04   1.6319225E-04  -1.8198883E-04  -6.7494871E-06   6.5480512E-05  -5.0825419E-08   1.6170844E-07  -6.8025704E-07   5.5946129E-07  -6.6679956E-07  -1.3953915E-06   3.7414323E-07  -1.1298225E-09
  8.2916161E-10   1.3938243E-08  -2.2040638E-09  -3.5181083E-08   4.8434862E-07   1.2409025E-06  -1.4825012E-07  -2.7712708E-09  -4.3481103E-08   6.7976112E-04  -3.6377516E-06  -3.7395781E-05   5.1638923E-04   1.1060607E-05  -4.3756835E-04  -1.2824137E-03   1.6493710E-05   1.7595813E-05  -3.1676219E-05   3.9289246E-04   8.9390504E-04   2.4070102E-07   7.0003028E-08   2.1071296E-07  -6.1542301E-08   4.6419950E-07   7.2784083E-07  -1.1298225E-09   3.7767416E-07
