# omegabh2 omegach2 theta tau nnu logA ns calPlanck acib217 xi asz143 aps100 aps143 aps143217 aps217 aksz kgal100 kgal143 kgal143217 kgal217 galfTE100 galfTE100143 galfTE100217 galfTE143 galfTE143217 galfTE217 cal0 cal2
  2.6860558E-08   1.8919452E-07  -1.5531072E-08   2.2191468E-07   1.4691484E-05   9.9201355E-07   5.8921069E-07   1.0162875E-08   1.0055023E-05   4.1370837E-07  -6.0215183E-07   8.3546850E-05   2.0084946E-05   3.3022925E-07  -1.3738739E-05   4.2896315E-06   8.0915927E-06  -5.7191546E-07   2.8555346E-06  -5.7103982E-06  -8.2378266E-08  -9.3070331E-09  -2.6410162E-07  -8.3809856E-08  -6.9461004E-07  -1.5746363E-06   5.0293771E-09   1.5814663E-10
  1.8919452E-07   7.7563991E-06  -7.4864293E-07  -1.4499403E-07   4.0085332E-04   1.7771541E-05   9.7105200E-06  -1.4370015E-07   2.2856027E-03  -5.2622974E-05  -5.3221321E-04   1.0528028E-02   5.3918405E-03   1.0072670E-03  -6.8312643E-04   9.3165795E-04   2.7558659E-04   1.6862636E-04   3.2980953E-04  -2.7892261E-04  -5.1042286E-07  -6.7636130E-07   1.3312122E-06   1.1480668E-06  -3.6075116E-06   9.0950666E-06  -5.2386239E-09   5.7882820E-08
 -1.5531072E-08  -7.4864293E-07   1.5501201E-07  -5.0775614E-08  -4.1553493E-05  -1.8055817E-06  -1.0147350E-06  -2.8229650E-09  -2.2434421E-04   4.2285978E-06   5.8578436E-05  -1.0172789E-03  -5.6184365E-04  -1.1733094E-04   3.3784074E-05  -8.7617604E-05  -2.7931733E-05  -2.4358120E-05  -2.5419450E-05   5.7767282E-05   6.8397387E-08   1.1258674E-07  -5.7979775E-07   3.4419634E-07   1.1304709E-07  -1.8259918E-06   1.0578726E-09  -3.8233709E-09
  2.2191468E-07  -1.4499403E-07  -5.0775614E-08   6.3333459E-05   7.6266071E-05   1.2517830E-04   8.1605903E-06  -6.4478139E-07  -2.9222558E-03   5.6797357E-05   4.2117187E-04  -7.8445279E-03  -3.6466681E-03   1.8198458E-04   2.3135194E-03  -6.7700607E-04  -2.8660365E-04  -1.7277455E-04  -2.5740251E-05   1.0099765E-03  -4.8795547E-06   3.5613319E-06   6.4030385E-06   3.8771007E-06  -1.7711283E-06   3.1785331E-05   1.2594796E-07  -9.0300272E-08
  1.4691484E-05   4.0085332E-04  -4.1553493E-05   7.6266071E-05   2.3856734E-02   1.0901375E-03   7.1529610E-04  -4.3280294E-06   1.2816638E-01  -2.7672000E-03  -2.9200777E-02   5.8371191E-01   2.9375640E-01   4.5435912E-02  -4.9078992E-02   5.3850509E-02   1.5758900E-02   1.2218768E-02   2.2565228E-02  -1.1986612E-02  -3.3459303E-05  -1.6750112E-05   7.6000308E-05   3.9914115E-05  -2.7170649E-04   3.0368269E-04  -6.0665774E-07   3.6398216E-06
  9.9201355E-07   1.7771541E-05  -1.8055817E-06   1.2517830E-04   1.0901375E-03   3.1759332E-04   3.7606197E-05   1.0747837E-05  -1.1833962E-04   1.8946766E-05  -3.9873778E-04   1.3799250E-02   6.2631149E-03   4.7842118E-03   7.6124854E-03  -1.1149271E-05  -4.0227162E-04  -5.1466973E-04   4.5019248E-05   2.2187803E-03  -8.5316727E-06   5.8281942E-06   1.5699154E-05   7.0773710E-06  -1.0205612E-05   8.3424827E-05   4.0218088E-07  -1.0600695E-07
  5.8921069E-07   9.7105200E-06  -1.0147350E-06   8.1605903E-06   7.1529610E-04   3.7606197E-05   3.5705929E-05  -1.4794893E-08   2.6167440E-05   1.4195506E-05  -5.2492868E-07  -3.7870127E-03   3.5050230E-03   3.1571296E-03   2.8386590E-03  -5.1622466E-04   7.1802794E-04   1.0969970E-04   5.9006292E-04   9.3332913E-04  -2.7534326E-06  -5.0150328E-07   2.2101696E-07  -3.7635311E-07  -9.4257387E-06  -7.5502545E-06  -8.9807838E-08   8.4382269E-08
  1.0162875E-08  -1.4370015E-07  -2.8229650E-09  -6.4478139E-07  -4.3280294E-06   1.0747837E-05  -1.4794893E-08   6.1476736E-06   8.6696873E-04  -2.5710812E-06  -2.7695742E-05   4.3205991E-03   4.0278429E-04   1.2775564E-04   7.5791518E-04  -3.7909664E-06  -6.4389318E-05   7.6398688E-06  -5.1907156E-05   5.7260626E-04   1.8267828E-06   2.7941238E-07  -5.1845878E-07  -1.7628528E-06   2.1369718E-06   9.4397161E-08   3.5467307E-09  -2.7137368E-08
  1.0055023E-05   2.2856027E-03  -2.2434421E-04  -2.9222558E-03   1.2816638E-01  -1.1833962E-04   2.6167440E-05   8.6696873E-04   4.4252095E+01  -3.9457421E-01  -6.2502119E-01   3.5690919E+01   2.7686787E+00  -1.2146614E+01  -5.3503487E+01  -2.4319488E-01   2.4948020E-01   5.8023760E-01  -5.4392893E+00  -3.2616968E+01  -9.4874841E-04  -2.1313832E-03  -1.0327430E-02  -1.0474139E-03   1.0331475E-03  -2.3498781E-02  -1.5495519E-04   7.6823347E-04
  4.1370837E-07  -5.2622974E-05   4.2285978E-06   5.6797357E-05  -2.7672000E-03   1.8946766E-05   1.4195506E-05  -2.5710812E-06  -3.9457421E-01   8.1986578E-02  -4.8370628E-02  -6.6102765E-01   8.4347629E-01   1.6490469E+00   6.0722307E-01   6.0861360E-02  -9.3095980E-03   1.3202558E-02   8.5517707E-02   9.9479989E-02  -1.6589081E-04  -5.7054909E-05  -1.0869790E-04  -2.8380711E-04   1.4765392E-04   8.6988649E-04   5.3212412E-06  -4.7248452E-06
 -6.0215183E-07  -5.3221321E-04   5.8578436E-05   4.2117187E-04  -2.9200777E-02  -3.9873778E-04  -5.2492868E-07  -2.7695742E-05  -6.2502119E-01  -4.8370628E-02   3.9885522E+00  -3.1774753E+01  -3.3249994E+00   7.8894352E+00   5.3166045E+00  -3.0274678E+00  -2.3486488E-01   1.4115090E-01   2.6024686E+00   3.0790009E+00   4.0857718E-04  -3.0505789E-04   7.2118012E-04  -1.6482736E-03   3.7418607E-03   4.0130016E-04   1.1207692E-04  -2.3051884E-05
  8.3546850E-05   1.0528028E-02  -1.0172789E-03  -7.8445279E-03   5.8371191E-01   1.3799250E-02  -3.7870127E-03   4.3205991E-03   3.5690919E+01  -6.6102765E-01  -3.1774753E+01   8.0291612E+02   7.0449543E+01  -5.9933975E+01  -6.1766236E+01   1.5803908E+01  -5.4174886E+00   6.5201799E+00  -1.0083008E+01  -1.9578396E+01   8.7819092E-03   5.7287242E-03   9.4260553E-03   9.4264120E-03  -1.4510576E-02  -8.6937132E-02   3.6647819E-03   4.8467567E-04
  2.0084946E-05   5.3918405E-03  -5.6184365E-04  -3.6466681E-03   2.9375640E-01   6.2631149E-03   3.5050230E-03   4.0278429E-04   2.7686787E+00   8.4347629E-01  -3.3249994E+00   7.0449543E+01   6.3685294E+01   4.0948325E+01   1.5829655E+01  -5.1429095E+00  -2.7862637E-01  -8.3586436E-01   4.1555270E+00   5.3605438E+00   2.3741581E-03  -2.1515873E-03   5.7537487E-03  -2.5431509E-03   1.0967267E-02   1.0287570E-02  -6.8849493E-05   2.1920868E-04
  3.3022925E-07   1.0072670E-03  -1.1733094E-04   1.8198458E-04   4.5435912E-02   4.7842118E-03   3.1571296E-03   1.2775564E-04  -1.2146614E+01   1.6490469E+00   7.8894352E+00  -5.9933975E+01   4.0948325E+01   8.6461705E+01   5.3701973E+01  -1.2685946E+01  -9.0303576E-01  -3.5013056E-01   4.9209246E+00   7.7789239E+00  -1.9838090E-03  -8.7602342E-04   6.3279642E-03  -2.4938006E-03   1.8605875E-02  -2.0511050E-02   3.4407585E-04  -3.0973732E-04
 -1.3738739E-05  -6.8312643E-04   3.3784074E-05   2.3135194E-03  -4.9078992E-02   7.6124854E-03   2.8386590E-03   7.5791518E-04  -5.3503487E+01   6.0722307E-01   5.3166045E+00  -6.1766236E+01   1.5829655E+01   5.3701973E+01   1.0212418E+02  -9.9888728E+00  -6.9203738E-01  -9.4913811E-01   5.4376424E+00   3.2887010E+01   4.0687769E-04   9.2984687E-04   1.2581468E-02   4.0986135E-03   8.3855645E-03  -4.8033611E-03   3.3888013E-04  -1.3309641E-03
  4.2896315E-06   9.3165795E-04  -8.7617604E-05  -6.7700607E-04   5.3850509E-02  -1.1149271E-05  -5.1622466E-04  -3.7909664E-06  -2.4319488E-01   6.0861360E-02  -3.0274678E+00   1.5803908E+01  -5.1429095E+00  -1.2685946E+01  -9.9888728E+00   6.6690777E+00   2.1532386E-01  -2.3299675E-01  -2.2998345E+00  -2.6547854E+00   5.3372964E-04   1.3711630E-03   1.5338003E-04   1.2797553E-03  -3.7555838E-03   1.0474415E-02  -6.0200511E-05  -2.4647988E-05
  8.0915927E-06   2.7558659E-04  -2.7931733E-05  -2.8660365E-04   1.5758900E-02  -4.0227162E-04   7.1802794E-04  -6.4389318E-05   2.4948020E-01  -9.3095980E-03  -2.3486488E-01  -5.4174886E+00  -2.7862637E-01  -9.0303576E-01  -6.9203738E-01   2.1532386E-01   3.3911466E+00   5.5443754E-01   2.2680035E-01   1.5285939E-01   2.9656249E-04   7.1083039E-04   6.9346302E-04  -2.0365910E-03  -3.0398850E-03   4.8196757E-03   1.7800721E-04   2.1555651E-05
 -5.7191546E-07   1.6862636E-04  -2.4358120E-05  -1.7277455E-04   1.2218768E-02  -5.1466973E-04   1.0969970E-04   7.6398688E-06   5.8023760E-01   1.3202558E-02   1.4115090E-01   6.5201799E+00  -8.3586436E-01  -3.5013056E-01  -9.4913811E-01  -2.3299675E-01   5.5443754E-01   3.1940003E+00   2.7729509E+00   2.7607427E+00  -3.8406199E-04  -1.0473978E-03   1.7061097E-03  -1.6784295E-03  -2.2947379E-03   5.0982222E-04  -1.8206573E-04  -5.5899972E-05
  2.8555346E-06   3.2980953E-04  -2.5419450E-05  -2.5740251E-05   2.2565228E-02   4.5019248E-05   5.9006292E-04  -5.1907156E-05  -5.4392893E+00   8.5517707E-02   2.6024686E+00  -1.0083008E+01   4.1555270E+00   4.9209246E+00   5.4376424E+00  -2.2998345E+00   2.2680035E-01   2.7729509E+00   1.0905507E+01   1.9281198E+01   2.2646311E-03  -2.1009213E-03   2.1120792E-03  -8.1777257E-03   2.2107703E-03   3.0689892E-02  -2.8844289E-05   3.8832196E-04
 -5.7103982E-06  -2.7892261E-04   5.7767282E-05   1.0099765E-03  -1.1986612E-02   2.2187803E-03   9.3332913E-04   5.7260626E-04  -3.2616968E+01   9.9479989E-02   3.0790009E+00  -1.9578396E+01   5.3605438E+00   7.7789239E+00   3.2887010E+01  -2.6547854E+00   1.5285939E-01   2.7607427E+00   1.9281198E+01   5.3253470E+01   5.2316828E-03  -9.0143636E-04   1.1437841E-02  -9.7702338E-03   1.3412948E-04   6.7358613E-02   2.9696125E-05   8.4468686E-04
 -8.2378266E-08  -5.1042286E-07   6.8397387E-08  -4.8795547E-06  -3.3459303E-05  -8.5316727E-06  -2.7534326E-06   1.8267828E-06  -9.4874841E-04  -1.6589081E-04   4.0857718E-04   8.7819092E-03   2.3741581E-03  -1.9838090E-03   4.0687769E-04   5.3372964E-04   2.9656249E-04  -3.8406199E-04   2.2646311E-03   5.2316828E-03   1.4409926E-03   2.9436534E-04   3.4143648E-05  -3.4841113E-04  -4.6628696E-05  -2.8569634E-04  -2.5771453E-08   4.4654458E-09
 -9.3070331E-09  -6.7636130E-07   1.1258674E-07   3.5613319E-06  -1.6750112E-05   5.8281942E-06  -5.0150328E-07   2.7941238E-07  -2.1313832E-03  -5.7054909E-05  -3.0505789E-04   5.7287242E-03  -2.1515873E-03  -8.7602342E-04   9.2984687E-04   1.3711630E-03   7.1083039E-04  -1.0473978E-03  -2.1009213E-03  -9.0143636E-04   2.9436534E-04   8.9148909E-04   4.6143371E-05   7.3376666E-04   8.4676139E-05  -9.1753128E-04  -2.8932429E-07   7.9453595E-09
 -2.6410162E-07   1.3312122E-06  -5.7979775E-07   6.4030385E-06   7.6000308E-05   1.5699154E-05   2.2101696E-07  -5.1845878E-07  -1.0327430E-02  -1.0869790E-04   7.2118012E-04   9.4260553E-03   5.7537487E-03   6.3279642E-03   1.2581468E-02   1.5338003E-04   6.9346302E-04   1.7061097E-03   2.1120792E-03   1.1437841E-02   3.4143648E-05   4.6143371E-05   7.3372142E-03  -3.2569927E-04   5.5001101E-04   4.8018636E-03  -2.1141762E-07   5.1476031E-07
 -8.3809856E-08   1.1480668E-06   3.4419634E-07   3.8771007E-06   3.9914115E-05   7.0773710E-06  -3.7635311E-07  -1.7628528E-06  -1.0474139E-03  -2.8380711E-04  -1.6482736E-03   9.4264120E-03  -2.5431509E-03  -2.4938006E-03   4.0986135E-03   1.2797553E-03  -2.0365910E-03  -1.6784295E-03  -8.1777257E-03  -9.7702338E-03  -3.4841113E-04   7.3376666E-04  -3.2569927E-04   2.8776435E-03   5.8600188E-04  -1.0583132E-03  -6.4769213E-07  -5.2949042E-07
 -6.9461004E-07  -3.6075116E-06   1.1304709E-07  -1.7711283E-06  -2.7170649E-04  -1.0205612E-05  -9.4257387E-06   2.1369718E-06   1.0331475E-03   1.4765392E-04   3.7418607E-03  -1.4510576E-02   1.0967267E-02   1.8605875E-02   8.3855645E-03  -3.7555838E-03  -3.0398850E-03  -2.2947379E-03   2.2107703E-03   1.3412948E-04  -4.6628696E-05   8.4676139E-05   5.5001101E-04   5.8600188E-04   6.4064963E-03   7.4552195E-03   2.0012513E-07   2.5603377E-07
 -1.5746363E-06   9.0950666E-06  -1.8259918E-06   3.1785331E-05   3.0368269E-04   8.3424827E-05  -7.5502545E-06   9.4397161E-08  -2.3498781E-02   8.6988649E-04   4.0130016E-04  -8.6937132E-02   1.0287570E-02  -2.0511050E-02  -4.8033611E-03   1.0474415E-02   4.8196757E-03   5.0982222E-04   3.0689892E-02   6.7358613E-02  -2.8569634E-04  -9.1753128E-04   4.8018636E-03  -1.0583132E-03   7.4552195E-03   7.0190338E-02  -2.8251310E-07   4.1156996E-06
  5.0293771E-09  -5.2386239E-09   1.0578726E-09   1.2594796E-07  -6.0665774E-07   4.0218088E-07  -8.9807838E-08   3.5467307E-09  -1.5495519E-04   5.3212412E-06   1.1207692E-04   3.6647819E-03  -6.8849493E-05   3.4407585E-04   3.3888013E-04  -6.0200511E-05   1.7800721E-04  -1.8206573E-04  -2.8844289E-05   2.9696125E-05  -2.5771453E-08  -2.8932429E-07  -2.1141762E-07  -6.4769213E-07   2.0012513E-07  -2.8251310E-07   3.8047777E-07   6.3988511E-09
  1.5814663E-10   5.7882820E-08  -3.8233709E-09  -9.0300272E-08   3.6398216E-06  -1.0600695E-07   8.4382269E-08  -2.7137368E-08   7.6823347E-04  -4.7248452E-06  -2.3051884E-05   4.8467567E-04   2.1920868E-04  -3.0973732E-04  -1.3309641E-03  -2.4647988E-05   2.1555651E-05  -5.5899972E-05   3.8832196E-04   8.4468686E-04   4.4654458E-09   7.9453595E-09   5.1476031E-07  -5.2949042E-07   2.5603377E-07   4.1156996E-06   6.3988511E-09   3.8559079E-07
