# omegabh2 omegach2 theta tau logA ns r calPlanck aps100 aps143 aps217 acib217 asz143 psr cibr xi aksz dust100 dust143 dust217 dust143x217 cal0 cal2 calTE calEE
  2.0874827E-08  -4.8394049E-08   1.0316741E-08   1.7375083E-07   3.3365902E-07   1.8161379E-07  -1.3666682E-07   1.8491086E-08  -3.3842197E-04  -2.3447137E-04   1.0828992E-04  -1.4074342E-04   1.0747367E-05   6.8325661E-07  -2.3197589E-06   1.1401775E-06  -2.3404867E-05  -7.2967361E-08  -5.9602407E-07   9.7430049E-07  -3.7639544E-08   1.1900908E-09  -3.4992188E-09  -9.1558290E-08  -2.5525108E-07
 -4.8394049E-08   9.0430100E-07  -3.8070148E-08  -1.9705124E-06  -2.1791729E-06  -2.0866074E-06  -3.4328063E-06  -1.6196487E-07   5.5776492E-04   4.3814831E-04  -2.7085894E-04   2.5182660E-04  -4.8418913E-05  -3.6889603E-06   5.6821228E-06  -4.4096879E-06   1.0377110E-04  -8.7489366E-07   6.1805331E-06  -1.6965000E-06  -9.1775028E-07  -4.2017431E-08   1.0483958E-08  -1.8384450E-07  -4.8534822E-07
  1.0316741E-08  -3.8070148E-08   8.6547446E-08   1.6360866E-07   3.7620692E-07   1.8829169E-07  -2.7409956E-07   2.1806243E-08  -6.4574477E-06   4.0443593E-05   1.1377192E-04  -8.4366181E-05   2.4538111E-06  -1.3915129E-07   1.9133863E-07   2.0953512E-06  -2.7292766E-06  -1.1091266E-06   8.0023523E-07   1.4256390E-06   9.7924164E-07  -2.6635151E-09   2.3929385E-09  -5.2801884E-08   2.0843240E-08
  1.7375083E-07  -1.9705124E-06   1.6360866E-07   4.2212790E-05   7.7145161E-05   6.5308230E-06  -1.1323829E-06  -9.1083748E-07  -5.2907355E-03  -2.0681382E-03   9.6033003E-04  -1.9125366E-03   3.0531843E-04   2.3501800E-05  -4.0658162E-05   4.9735986E-05  -5.1762639E-04  -1.1483897E-05  -1.0309174E-05   1.7400287E-05   1.9350198E-05   2.0187969E-08   4.5053114E-08  -2.1039484E-06  -1.5796281E-06
  3.3365902E-07  -2.1791729E-06   3.7620692E-07   7.7145161E-05   1.7048958E-04   7.4949482E-06  -1.7133208E-05   9.7155019E-06  -3.7245182E-03  -1.8645568E-03   9.0731501E-03  -4.7030685E-03   6.1800928E-04   6.9951867E-05  -1.2674342E-04   1.1306344E-04  -1.8095113E-03  -3.9707773E-05  -9.9666099E-05   5.9045467E-05   2.6537276E-05   5.9181857E-07   5.4839446E-08  -4.8690513E-06  -2.3072603E-06
  1.8161379E-07  -2.0866074E-06   1.8829169E-07   6.5308230E-06   7.4949482E-06   1.5012873E-05   3.4541044E-05   5.5057228E-07  -2.1712304E-02  -6.5089123E-03   9.3000120E-03  -6.1978904E-03   5.0859245E-04   6.5543120E-05  -1.1542538E-04   7.1247758E-05  -2.0444531E-03   1.6648678E-05  -4.2361940E-05   3.7433267E-05  -2.9351635E-06  -2.1453093E-07  -1.7241569E-07  -6.1502676E-08  -2.5728074E-06
 -1.3666682E-07  -3.4328063E-06  -2.7409956E-07  -1.1323829E-06  -1.7133208E-05   3.4541044E-05   2.0026641E-03   1.6326324E-06  -4.7577633E-02  -1.1391550E-02   2.2477013E-02  -1.4281271E-02   8.3723098E-04   1.7861595E-04  -2.8219213E-04   2.9945280E-06  -3.5395708E-03  -2.4233575E-04  -8.2875656E-05   7.3041021E-05  -3.0800652E-05  -9.1931455E-07  -5.5049149E-07   2.5294263E-06   3.5157995E-06
  1.8491086E-08  -1.6196487E-07   2.1806243E-08  -9.1083748E-07   9.7155019E-06   5.5057228E-07   1.6326324E-06   5.9924421E-06   3.3837053E-03   3.1324348E-04   1.4513743E-03   3.6089431E-04   1.3215316E-05   2.0664939E-06  -4.1923198E-06  -5.5482356E-06  -4.7513601E-05   1.0972180E-06  -3.9887350E-07   9.0203809E-06   2.8257250E-06   1.7214897E-08  -3.6373971E-08  -3.8858108E-07  -3.3011208E-07
 -3.3842197E-04   5.5776492E-04  -6.4574477E-06  -5.2907355E-03  -3.7245182E-03  -2.1712304E-02  -4.7577633E-02   3.3837053E-03   6.2038082E+02   5.8523073E+01  -4.9568440E+01   2.5541760E+01  -2.5863206E+01  -8.6056731E-01  -1.8419325E-01  -1.6095984E-01   1.1326888E+01  -2.5964913E-01   2.6251161E-01  -1.9929547E-01  -2.1282278E-01   6.7016323E-03   2.7252949E-03   1.5302794E-03   5.2493971E-03
 -2.3447137E-04   4.3814831E-04   4.0443593E-05  -2.0681382E-03  -1.8645568E-03  -6.5089123E-03  -1.1391550E-02   3.1324348E-04   5.8523073E+01   6.4960874E+01   8.9626089E+00   6.1969508E+00  -3.2628446E-01  -3.5339493E-02   4.6664532E-01   8.7606713E-01  -8.4197383E+00  -5.2047626E-02  -1.9630793E-01   5.0228996E-02   5.6434517E-02   7.9049774E-04   6.2851394E-04   2.4861941E-03   5.5437351E-03
  1.0828992E-04  -2.7085894E-04   1.1377192E-04   9.6033003E-04   9.0731501E-03   9.3000120E-03   2.2477013E-02   1.4513743E-03  -4.9568440E+01   8.9626089E+00   1.7208768E+02  -8.1969997E+01   2.6620534E+00   3.3168468E-01  -1.0723153E+00   3.7741001E-01  -6.9574723E+00  -1.7679457E-02  -2.5031625E-01   5.6320894E-01   1.3290278E-02   1.9395845E-03  -7.4202496E-03   2.7622636E-03   3.1513140E-03
 -1.4074342E-04   2.5182660E-04  -8.4366181E-05  -1.9125366E-03  -4.7030685E-03  -6.1978904E-03  -1.4281271E-02   3.6089431E-04   2.5541760E+01   6.1969508E+00  -8.1969997E+01   5.1497512E+01   1.7005117E+00  -3.8380663E-02   7.4138555E-01  -2.7865930E-01  -2.8907347E+00   5.2416062E-03   1.5321385E-01  -4.5858405E-01  -1.2153234E-01  -7.1175071E-04   2.9163617E-03  -9.3642321E-04  -2.5618637E-06
  1.0747367E-05  -4.8418913E-05   2.4538111E-06   3.0531843E-04   6.1800928E-04   5.0859245E-04   8.3723098E-04   1.3215316E-05  -2.5863206E+01  -3.2628446E-01   2.6620534E+00   1.7005117E+00   4.3089493E+00   1.0653555E-01   1.5208212E-01  -3.9860678E-02  -3.4707845E+00  -6.9522499E-03  -5.6794229E-03   6.3899575E-03   5.0564202E-02   4.4086275E-04  -2.6131489E-04  -1.4901305E-04  -1.0790930E-04
  6.8325661E-07  -3.6889603E-06  -1.3915129E-07   2.3501800E-05   6.9951867E-05   6.5543120E-05   1.7861595E-04   2.0664939E-06  -8.6056731E-01  -3.5339493E-02   3.3168468E-01  -3.8380663E-02   1.0653555E-01   1.6746465E-02  -1.6655029E-02   1.1505626E-02  -1.0226610E-01  -2.6249231E-04  -1.3007209E-03  -2.8115321E-03   4.9918207E-03   1.8341572E-05  -3.7132432E-05   1.8328566E-05   2.0021020E-05
 -2.3197589E-06   5.6821228E-06   1.9133863E-07  -4.0658162E-05  -1.2674342E-04  -1.1542538E-04  -2.8219213E-04  -4.1923198E-06  -1.8419325E-01   4.6664532E-01  -1.0723153E+00   7.4138555E-01   1.5208212E-01  -1.6655029E-02   6.8757396E-02   3.9736923E-03  -1.6250561E-01   7.4921151E-04   6.9714385E-03  -3.8698071E-04  -1.7680553E-02  -1.0511981E-05   9.4777479E-05  -2.1527179E-05  -1.7293660E-05
  1.1401775E-06  -4.4096879E-06   2.0953512E-06   4.9735986E-05   1.1306344E-04   7.1247758E-05   2.9945280E-06  -5.5482356E-06  -1.6095984E-01   8.7606713E-01   3.7741001E-01  -2.7865930E-01  -3.9860678E-02   1.1505626E-02   3.9736923E-03   8.2110260E-02   4.0403197E-02  -9.7347311E-05   7.0159442E-04   1.2435093E-03   6.1635725E-04   1.1954666E-05  -6.1675217E-06   5.7842996E-05   4.1599496E-05
 -2.3404867E-05   1.0377110E-04  -2.7292766E-06  -5.1762639E-04  -1.8095113E-03  -2.0444531E-03  -3.5395708E-03  -4.7513601E-05   1.1326888E+01  -8.4197383E+00  -6.9574723E+00  -2.8907347E+00  -3.4707845E+00  -1.0226610E-01  -1.6250561E-01   4.0403197E-02   7.3022206E+00   8.8744923E-03  -2.7975406E-03  -1.7651846E-04  -4.4276323E-02  -3.3418451E-04   5.0322665E-05  -2.6552883E-04  -4.5590041E-04
 -7.2967361E-08  -8.7489366E-07  -1.1091266E-06  -1.1483897E-05  -3.9707773E-05   1.6648678E-05  -2.4233575E-04   1.0972180E-06  -2.5964913E-01  -5.2047626E-02  -1.7679457E-02   5.2416062E-03  -6.9522499E-03  -2.6249231E-04   7.4921151E-04  -9.7347311E-05   8.8744923E-03   3.7072236E-02   2.8439344E-03  -2.5168058E-04  -1.8752750E-04   2.9921995E-05  -5.8271191E-06  -1.5718042E-05  -4.7804687E-05
 -5.9602407E-07   6.1805331E-06   8.0023523E-07  -1.0309174E-05  -9.9666099E-05  -4.2361940E-05  -8.2875656E-05  -3.9887350E-07   2.6251161E-01  -1.9630793E-01  -2.5031625E-01   1.5321385E-01  -5.6794229E-03  -1.3007209E-03   6.9714385E-03   7.0159442E-04  -2.7975406E-03   2.8439344E-03   3.0710231E-02  -4.7633482E-04   5.7676861E-03  -8.1321311E-05  -4.2465411E-05  -7.8624380E-05  -1.0317387E-04
  9.7430049E-07  -1.6965000E-06   1.4256390E-06   1.7400287E-05   5.9045467E-05   3.7433267E-05   7.3041021E-05   9.0203809E-06  -1.9929547E-01   5.0228996E-02   5.6320894E-01  -4.5858405E-01   6.3899575E-03  -2.8115321E-03  -3.8698071E-04   1.2435093E-03  -1.7651846E-04  -2.5168058E-04  -4.7633482E-04   1.0799087E-02   8.3677121E-03   4.4055165E-06   6.3003307E-05   4.5300095E-06  -3.2228912E-06
 -3.7639544E-08  -9.1775028E-07   9.7924164E-07   1.9350198E-05   2.6537276E-05  -2.9351635E-06  -3.0800652E-05   2.8257250E-06  -2.1282278E-01   5.6434517E-02   1.3290278E-02  -1.2153234E-01   5.0564202E-02   4.9918207E-03  -1.7680553E-02   6.1635725E-04  -4.4276323E-02  -1.8752750E-04   5.7676861E-03   8.3677121E-03   2.5949989E-02  -5.9102015E-06   5.4702103E-05  -2.0150711E-05  -1.0116908E-05
  1.1900908E-09  -4.2017431E-08  -2.6635151E-09   2.0187969E-08   5.9181857E-07  -2.1453093E-07  -9.1931455E-07   1.7214897E-08   6.7016323E-03   7.9049774E-04   1.9395845E-03  -7.1175071E-04   4.4086275E-04   1.8341572E-05  -1.0511981E-05   1.1954666E-05  -3.3418451E-04   2.9921995E-05  -8.1321311E-05   4.4055165E-06  -5.9102015E-06   1.1018776E-06   1.6490786E-08   3.0272362E-07   6.1033178E-07
 -3.4992188E-09   1.0483958E-08   2.3929385E-09   4.5053114E-08   5.4839446E-08  -1.7241569E-07  -5.5049149E-07  -3.6373971E-08   2.7252949E-03   6.2851394E-04  -7.4202496E-03   2.9163617E-03  -2.6131489E-04  -3.7132432E-05   9.4777479E-05  -6.1675217E-06   5.0322665E-05  -5.8271191E-06  -4.2465411E-05   6.3003307E-05   5.4702103E-05   1.6490786E-08   2.4355444E-06   1.7819780E-07   9.8510592E-08
 -9.1558290E-08  -1.8384450E-07  -5.2801884E-08  -2.1039484E-06  -4.8690513E-06  -6.1502676E-08   2.5294263E-06  -3.8858108E-07   1.5302794E-03   2.4861941E-03   2.7622636E-03  -9.3642321E-04  -1.4901305E-04   1.8328566E-05  -2.1527179E-05   5.7842996E-05  -2.6552883E-04  -1.5718042E-05  -7.8624380E-05   4.5300095E-06  -2.0150711E-05   3.0272362E-07   1.7819780E-07   2.3784664E-05   8.1340647E-06
 -2.5525108E-07  -4.8534822E-07   2.0843240E-08  -1.5796281E-06  -2.3072603E-06  -2.5728074E-06   3.5157995E-06  -3.3011208E-07   5.2493971E-03   5.5437351E-03   3.1513140E-03  -2.5618637E-06  -1.0790930E-04   2.0021020E-05  -1.7293660E-05   4.1599496E-05  -4.5590041E-04  -4.7804687E-05  -1.0317387E-04  -3.2228912E-06  -1.0116908E-05   6.1033178E-07   9.8510592E-08   8.1340647E-06   2.4397327E-05
