# omegabh2 omegach2 theta tau logA ns nrun calPlanck aps100 aps143 aps217 acib217 asz143 psr cibr xi aksz dust100 dust143 dust217 dust143x217 cal0 cal2
  4.4282929E-08  -5.5426780E-08   2.5632181E-08   3.7649031E-07   9.2067567E-07   1.6340276E-07  -6.8029515E-07   2.2170779E-08  -1.3705507E-04  -2.4719629E-04  -4.9616264E-05  -7.7312923E-05   1.1385596E-05  -5.4590087E-08  -1.5335975E-06   8.6555426E-07  -5.1632506E-07   2.3872833E-06   1.4448453E-06   8.8186106E-07   1.0389640E-06   4.4474003E-09  -4.6578589E-09
 -5.5426780E-08   1.4726114E-06  -6.5388958E-08  -9.7084217E-07   2.0351658E-06  -3.5218014E-06  -1.1036106E-06   4.2248436E-08   1.2173074E-03   1.0962985E-03  -1.3918802E-04   4.4067214E-04  -7.5159097E-05  -4.7792393E-06   7.4841727E-06  -5.8030717E-06   7.2703118E-05  -9.7029491E-07  -3.4905811E-06  -2.3745871E-06   3.0320214E-07  -1.5396686E-08   3.9097960E-08
  2.5632181E-08  -6.5388958E-08   1.7584373E-07   2.5478700E-07   6.2645090E-07   3.5519922E-07  -2.2737672E-07   2.3381672E-08  -1.8948101E-04  -2.9325042E-05  -9.5405533E-05   3.3675060E-05   9.7482961E-06  -2.9026733E-06   3.3649127E-06  -3.9836075E-06   7.0977596E-06  -8.6836251E-07  -1.4535445E-07   5.5684711E-07  -1.1475957E-06  -1.1287613E-08   9.1982075E-09
  3.7649031E-07  -9.7084217E-07   2.5478700E-07   5.4355713E-05   1.0927732E-04   3.8444807E-06  -1.4069187E-05  -2.5887158E-07  -9.0153935E-04  -7.9583009E-04   8.0313190E-05  -1.3105523E-03  -2.1557600E-04  -1.5265109E-05  -1.8142126E-05   4.1220921E-05  -1.7176046E-04   1.3451156E-05   2.8176217E-05   2.1575013E-05   2.1938680E-05  -5.0238453E-08   1.0915420E-08
  9.2067567E-07   2.0351658E-06   6.2645090E-07   1.0927732E-04   2.6247501E-04  -4.9799777E-06  -4.3642972E-05   1.1986531E-05   1.4601768E-02   4.2222038E-03   5.6868374E-03  -1.3335143E-03  -9.1383683E-04  -3.0837667E-05  -6.8362531E-05   5.2705211E-05  -2.7781771E-04   4.4745078E-05  -3.9811709E-05   6.0907429E-05   3.0334782E-05   5.7492183E-07   3.6728398E-07
  1.6340276E-07  -3.5218014E-06   3.5519922E-07   3.8444807E-06  -4.9799777E-06   2.1502204E-05   1.2002164E-05   2.2616866E-07  -3.2796899E-02  -1.2376979E-02   1.1200352E-02  -8.8397749E-03   1.0076740E-03   9.3301519E-05  -1.5130398E-04   1.1898366E-04  -2.8735369E-03   1.7194051E-05  -1.5864037E-05   4.5750767E-05  -2.8573975E-06  -3.9204815E-07  -5.6128567E-07
 -6.8029515E-07  -1.1036106E-06  -2.2737672E-07  -1.4069187E-05  -4.3642972E-05   1.2002164E-05   5.6699730E-05   1.3342988E-07  -3.8519340E-02  -1.6713004E-02   1.2607411E-02  -1.0597441E-02   1.1744598E-03   9.7636132E-05  -1.7293272E-04   9.3414490E-05  -3.3456439E-03  -7.7545533E-05  -4.7481373E-05   4.0972531E-05  -2.8952107E-05  -3.9447735E-07  -8.8413500E-07
  2.2170779E-08   4.2248436E-08   2.3381672E-08  -2.5887158E-07   1.1986531E-05   2.2616866E-07   1.3342988E-07   6.1562458E-06   2.7636104E-03  -4.6221964E-04   1.5910758E-03   2.8175278E-04  -3.8250333E-05   3.6962037E-06  -1.7592265E-05  -1.3348328E-05   3.2324395E-05   3.6031791E-06  -5.7823897E-07   6.8503736E-06  -5.4848939E-06  -3.4129168E-08   6.9900675E-11
 -1.3705507E-04   1.2173074E-03  -1.8948101E-04  -9.0153935E-04   1.4601768E-02  -3.2796899E-02  -3.8519340E-02   2.7636104E-03   6.2684639E+02   7.1952513E+01  -6.6344505E+01   4.0385063E+01  -2.5395949E+01  -8.8829111E-01   5.6177097E-02  -4.0982946E-01   1.2005621E+01  -1.2141198E-01   2.4438015E-01  -2.8999523E-01  -2.4029133E-01   6.6644721E-03   3.8151930E-03
 -2.4719629E-04   1.0962985E-03  -2.9325042E-05  -7.9583009E-04   4.2222038E-03  -1.2376979E-02  -1.6713004E-02  -4.6221964E-04   7.1952513E+01   7.4218369E+01   5.7115338E+00   1.0729507E+01  -6.5270422E-01  -3.2272896E-02   5.1896018E-01   8.1649006E-01  -7.4440792E+00  -1.6969907E-02  -2.4207294E-01   1.5811252E-02   3.8452376E-02   8.8240895E-04   7.1666973E-04
 -4.9616264E-05  -1.3918802E-04  -9.5405533E-05   8.0313190E-05   5.6868374E-03   1.1200352E-02   1.2607411E-02   1.5910758E-03  -6.6344505E+01   5.7115338E+00   1.8256599E+02  -8.8088581E+01   2.8863400E+00   4.1530650E-01  -1.1707006E+00   3.1657349E-01  -7.9568551E+00  -8.1765883E-02  -3.6663623E-01   5.8684629E-01   4.3013935E-02   1.8642736E-03  -7.9523547E-03
 -7.7312923E-05   4.4067214E-04   3.3675060E-05  -1.3105523E-03  -1.3335143E-03  -8.8397749E-03  -1.0597441E-02   2.8175278E-04   4.0385063E+01   1.0729507E+01  -8.8088581E+01   5.6018569E+01   1.4121699E+00  -9.3428409E-02   8.0742842E-01  -2.5296022E-01  -2.0656859E+00   2.4735615E-02   2.0335148E-01  -4.8026827E-01  -1.5045549E-01  -6.6170566E-04   3.3433043E-03
  1.1385596E-05  -7.5159097E-05   9.7482961E-06  -2.1557600E-04  -9.1383683E-04   1.0076740E-03   1.1744598E-03  -3.8250333E-05  -2.5395949E+01  -6.5270422E-01   2.8863400E+00   1.4121699E+00   4.2260555E+00   9.9731241E-02   1.3830091E-01  -2.7030898E-02  -3.4765338E+00  -1.5461297E-02  -1.2281287E-02   8.2231934E-03   5.3000411E-02   4.4229433E-04  -1.9306603E-04
 -5.4590087E-08  -4.7792393E-06  -2.9026733E-06  -1.5265109E-05  -3.0837667E-05   9.3301519E-05   9.7636132E-05   3.6962037E-06  -8.8829111E-01  -3.2272896E-02   4.1530650E-01  -9.3428409E-02   9.9731241E-02   1.6524062E-02  -1.7113091E-02   1.2597288E-02  -1.1004119E-01   2.1903618E-05  -1.1145298E-03  -2.1846867E-03   5.8195964E-03   1.5380008E-05  -3.9468557E-05
 -1.5335975E-06   7.4841727E-06   3.3649127E-06  -1.8142126E-05  -6.8362531E-05  -1.5130398E-04  -1.7293272E-04  -1.7592265E-05   5.6177097E-02   5.1896018E-01  -1.1707006E+00   8.0742842E-01   1.3830091E-01  -1.7113091E-02   6.6631477E-02   4.3762510E-03  -1.3138390E-01   5.3627195E-05   5.7411190E-03  -1.4115884E-03  -1.9137637E-02  -5.8975874E-06   1.0006018E-04
  8.6555426E-07  -5.8030717E-06  -3.9836075E-06   4.1220921E-05   5.2705211E-05   1.1898366E-04   9.3414490E-05  -1.3348328E-05  -4.0982946E-01   8.1649006E-01   3.1657349E-01  -2.5296022E-01  -2.7030898E-02   1.2597288E-02   4.3762510E-03   8.2928910E-02   2.1415719E-02   1.9344450E-03   2.2745004E-04   8.4736622E-04   8.0473920E-04   1.1842973E-05  -1.4271864E-05
 -5.1632506E-07   7.2703118E-05   7.0977596E-06  -1.7176046E-04  -2.7781771E-04  -2.8735369E-03  -3.3456439E-03   3.2324395E-05   1.2005621E+01  -7.4440792E+00  -7.9568551E+00  -2.0656859E+00  -3.4765338E+00  -1.1004119E-01  -1.3138390E-01   2.1415719E-02   7.5505870E+00   4.7533335E-03   3.7766216E-03  -3.7138363E-03  -4.8520972E-02  -3.4347774E-04   1.0011669E-04
  2.3872833E-06  -9.7029491E-07  -8.6836251E-07   1.3451156E-05   4.4745078E-05   1.7194051E-05  -7.7545533E-05   3.6031791E-06  -1.2141198E-01  -1.6969907E-02  -8.1765883E-02   2.4735615E-02  -1.5461297E-02   2.1903618E-05   5.3627195E-05   1.9344450E-03   4.7533335E-03   3.8749512E-02   2.9201228E-03   7.9382197E-06   7.8576147E-04   3.6424468E-05   1.7194061E-06
  1.4448453E-06  -3.4905811E-06  -1.4535445E-07   2.8176217E-05  -3.9811709E-05  -1.5864037E-05  -4.7481373E-05  -5.7823897E-07   2.4438015E-01  -2.4207294E-01  -3.6663623E-01   2.0335148E-01  -1.2281287E-02  -1.1145298E-03   5.7411190E-03   2.2745004E-04   3.7766216E-03   2.9201228E-03   3.0672398E-02  -9.5350852E-04   5.8203874E-03  -8.2912111E-05  -3.7364999E-05
  8.8186106E-07  -2.3745871E-06   5.5684711E-07   2.1575013E-05   6.0907429E-05   4.5750767E-05   4.0972531E-05   6.8503736E-06  -2.8999523E-01   1.5811252E-02   5.8684629E-01  -4.8026827E-01   8.2231934E-03  -2.1846867E-03  -1.4115884E-03   8.4736622E-04  -3.7138363E-03   7.9382197E-06  -9.5350852E-04   1.0803473E-02   8.8046396E-03   6.2875193E-06   5.9814658E-05
  1.0389640E-06   3.0320214E-07  -1.1475957E-06   2.1938680E-05   3.0334782E-05  -2.8573975E-06  -2.8952107E-05  -5.4848939E-06  -2.4029133E-01   3.8452376E-02   4.3013935E-02  -1.5045549E-01   5.3000411E-02   5.8195964E-03  -1.9137637E-02   8.0473920E-04  -4.8520972E-02   7.8576147E-04   5.8203874E-03   8.8046396E-03   2.7597386E-02  -2.7249011E-06   5.3207844E-05
  4.4474003E-09  -1.5396686E-08  -1.1287613E-08  -5.0238453E-08   5.7492183E-07  -3.9204815E-07  -3.9447735E-07  -3.4129168E-08   6.6644721E-03   8.8240895E-04   1.8642736E-03  -6.6170566E-04   4.4229433E-04   1.5380008E-05  -5.8975874E-06   1.1842973E-05  -3.4347774E-04   3.6424468E-05  -8.2912111E-05   6.2875193E-06  -2.7249011E-06   1.1120458E-06   6.8135810E-08
 -4.6578589E-09   3.9097960E-08   9.1982075E-09   1.0915420E-08   3.6728398E-07  -5.6128567E-07  -8.8413500E-07   6.9900675E-11   3.8151930E-03   7.1666973E-04  -7.9523547E-03   3.3433043E-03  -1.9306603E-04  -3.9468557E-05   1.0006018E-04  -1.4271864E-05   1.0011669E-04   1.7194061E-06  -3.7364999E-05   5.9814658E-05   5.3207844E-05   6.8135810E-08   2.4153714E-06
