# omegabh2 omegach2 theta tau alpha1 logA ns calPlanck aps100 aps143 aps217 acib217 asz143 psr cibr xi aksz dust100 dust143 dust217 dust143x217 cal0 cal2
  5.1365007E-08  -3.1749565E-08  -3.3313397E-09   5.4568949E-07  -1.8141041E-07   1.4194411E-06  -2.0248581E-07   3.2068072E-08  -5.7737012E-04  -4.4166833E-04   1.3846320E-06  -1.8848183E-04   1.8249555E-05   5.9531840E-07  -3.4899062E-06   2.6263492E-06  -1.6881662E-05   1.5847599E-06   5.8448606E-07   1.8030755E-06   1.7257599E-06   7.9535421E-09  -5.5077603E-09
 -3.1749565E-08   1.2049673E-06  -9.4583877E-08  -2.2370453E-06  -2.5011160E-07  -1.6732057E-06  -3.2889784E-06  -1.9312573E-07   6.2187108E-04   4.8791223E-04   1.3632921E-04  -1.8769247E-05  -3.7158435E-05  -1.8664873E-07   8.1470064E-07   2.0113443E-06   8.7503534E-05   9.9589368E-07   3.3333859E-06   8.9767619E-07   1.2512315E-06  -3.0618836E-08  -1.7104962E-09
 -3.3313397E-09  -9.4583877E-08   2.1864764E-07  -2.3627402E-07   3.2551883E-07  -8.5064735E-07   1.2649663E-06   3.4873319E-08  -2.9029585E-04  -1.1961274E-04   1.7374382E-04  -6.8682699E-05   1.3464910E-05   1.6009722E-06  -3.6520360E-06  -3.0576704E-06  -5.7141101E-05  -2.5849242E-07  -9.8496088E-07  -7.4711785E-08  -3.0943820E-08  -1.7036701E-09  -8.9561291E-11
  5.4568949E-07  -2.2370453E-06  -2.3627402E-07   5.3647482E-05  -3.6556507E-06   1.0334940E-04   5.4396305E-07  -7.9081567E-07  -6.4831570E-03  -6.0647850E-03  -4.1766180E-03  -5.7240918E-04  -7.7005756E-05  -2.5202685E-05   7.9055794E-06  -1.9676545E-06   4.3466194E-04   9.7759177E-08   4.4434767E-05  -2.6430466E-06  -1.5885767E-05  -1.4822744E-07  -9.5124197E-08
 -1.8141041E-07  -2.5011160E-07   3.2551883E-07  -3.6556507E-06   2.6290874E-06  -1.0778454E-05   5.8793885E-06   1.9840362E-08  -7.6955768E-04   2.7134703E-04   1.1920074E-03  -3.0091546E-04   6.2375674E-05   9.9745153E-06  -1.7303781E-05  -3.1362984E-06  -2.7634487E-04  -1.2707622E-05  -1.1650004E-05  -3.7648113E-07  -1.0404919E-06  -3.2958184E-08  -4.1246458E-08
  1.4194411E-06  -1.6732057E-06  -8.5064735E-07   1.0334940E-04  -1.0778454E-05   2.3807626E-04  -1.5255759E-05   1.0384848E-05  -6.2229699E-03  -9.9374637E-03  -1.3033555E-03  -2.1815482E-03  -2.6082095E-04  -3.7659127E-05  -2.3522212E-05   3.3762669E-05   3.4122882E-04   6.5689924E-06   3.8926179E-05   2.7197933E-05  -2.2756682E-05   4.0110148E-07  -1.7641206E-07
 -2.0248581E-07  -3.2889784E-06   1.2649663E-06   5.4396305E-07   5.8793885E-06  -1.5255759E-05   3.3707065E-05   4.7543961E-07  -3.0347297E-02  -8.8556033E-03   1.0845275E-02  -6.4600262E-03   1.0594608E-03   9.3760936E-05  -1.3833782E-04   6.0867727E-05  -2.9555139E-03  -1.4438343E-05  -5.8555037E-05   1.6411510E-05  -2.4043110E-05  -3.9250950E-07  -4.1775932E-07
  3.2068072E-08  -1.9312573E-07   3.4873319E-08  -7.9081567E-07   1.9840362E-08   1.0384848E-05   4.7543961E-07   6.1916063E-06   2.1580223E-03   2.8691713E-04   1.2343643E-03   6.8696493E-04   4.9231471E-05  -3.3479178E-06   4.2364387E-06  -4.6345557E-06  -6.2647890E-05   3.3834136E-06   1.1825030E-05   5.3394339E-06   1.8363498E-06   1.9735787E-08  -3.8219072E-08
 -5.7737012E-04   6.2187108E-04  -2.9029585E-04  -6.4831570E-03  -7.6955768E-04  -6.2229699E-03  -3.0347297E-02   2.1580223E-03   6.1311195E+02   6.4076775E+01  -5.1488044E+01   2.7874334E+01  -2.5837985E+01  -9.0569541E-01   2.6889357E-03  -2.6516820E-01   1.1706063E+01  -2.4686593E-01   2.5382926E-01  -2.1283926E-01  -3.1057821E-01   6.8104511E-03   2.6135325E-03
 -4.4166833E-04   4.8791223E-04  -1.1961274E-04  -6.0647850E-03   2.7134703E-04  -9.9374637E-03  -8.8556033E-03   2.8691713E-04   6.4076775E+01   6.8513950E+01   6.9014267E+00   7.7215610E+00  -9.3544294E-01  -3.1045323E-02   4.3905764E-01   8.0269531E-01  -7.7565035E+00  -5.7289263E-02  -2.4856962E-01   5.0206135E-02   5.6830323E-02   8.9159722E-04   8.6595620E-04
  1.3846320E-06   1.3632921E-04   1.7374382E-04  -4.1766180E-03   1.1920074E-03  -1.3033555E-03   1.0845275E-02   1.2343643E-03  -5.1488044E+01   6.9014267E+00   1.7625212E+02  -8.4606681E+01   2.0338428E+00   3.7740546E-01  -1.1117649E+00   3.6155553E-01  -6.3390111E+00  -4.4322261E-02  -2.6797055E-01   5.6258017E-01   2.8109149E-02   1.7409657E-03  -7.7091843E-03
 -1.8848183E-04  -1.8769247E-05  -6.8682699E-05  -5.7240918E-04  -3.0091546E-04  -2.1815482E-03  -6.4600262E-03   6.8696493E-04   2.7874334E+01   7.7215610E+00  -8.4606681E+01   5.3945663E+01   2.0169287E+00  -7.1357849E-02   7.8086646E-01  -3.1051135E-01  -3.2908275E+00   1.4480334E-02   1.6712754E-01  -4.6796753E-01  -1.4957655E-01  -5.7411528E-04   3.1633285E-03
  1.8249555E-05  -3.7158435E-05   1.3464910E-05  -7.7005756E-05   6.2375674E-05  -2.6082095E-04   1.0594608E-03   4.9231471E-05  -2.5837985E+01  -9.3544294E-01   2.0338428E+00   2.0169287E+00   4.3238207E+00   1.0061111E-01   1.4528536E-01  -4.6982549E-02  -3.5238659E+00  -4.9455007E-03  -8.7774175E-04   2.2167347E-03   5.1570567E-02   4.4533073E-04  -2.1903233E-04
  5.9531840E-07  -1.8664873E-07   1.6009722E-06  -2.5202685E-05   9.9745153E-06  -3.7659127E-05   9.3760936E-05  -3.3479178E-06  -9.0569541E-01  -3.1045323E-02   3.7740546E-01  -7.1357849E-02   1.0061111E-01   1.6188592E-02  -1.6810390E-02   1.1583643E-02  -1.0158733E-01  -3.7665850E-04  -1.7535419E-03  -2.3463807E-03   5.4138941E-03   1.5993330E-05  -3.6465433E-05
 -3.4899062E-06   8.1470064E-07  -3.6520360E-06   7.9055794E-06  -1.7303781E-05  -2.3522212E-05  -1.3833782E-04   4.2364387E-06   2.6889357E-03   4.3905764E-01  -1.1117649E+00   7.8086646E-01   1.4528536E-01  -1.6810390E-02   6.5851976E-02   2.5212595E-03  -1.5354556E-01   2.9608694E-04   7.6356931E-03  -1.1979088E-03  -1.8189199E-02  -2.0117000E-06   9.4105138E-05
  2.6263492E-06   2.0113443E-06  -3.0576704E-06  -1.9676545E-06  -3.1362984E-06   3.3762669E-05   6.0867727E-05  -4.6345557E-06  -2.6516820E-01   8.0269531E-01   3.6155553E-01  -3.1051135E-01  -4.6982549E-02   1.1583643E-02   2.5212595E-03   8.1961187E-02   5.6999723E-02  -9.2075649E-04   9.2816805E-05   1.8799677E-03   2.0697943E-03   1.2853873E-05  -6.6069082E-06
 -1.6881662E-05   8.7503534E-05  -5.7141101E-05   4.3466194E-04  -2.7634487E-04   3.4122882E-04  -2.9555139E-03  -6.2647890E-05   1.1706063E+01  -7.7565035E+00  -6.3390111E+00  -3.2908275E+00  -3.5238659E+00  -1.0158733E-01  -1.5354556E-01   5.6999723E-02   7.4129491E+00   9.0365185E-03   9.3904960E-04   1.9961974E-03  -4.6921039E-02  -3.8209247E-04  -3.6354337E-05
  1.5847599E-06   9.9589368E-07  -2.5849242E-07   9.7759177E-08  -1.2707622E-05   6.5689924E-06  -1.4438343E-05   3.3834136E-06  -2.4686593E-01  -5.7289263E-02  -4.4322261E-02   1.4480334E-02  -4.9455007E-03  -3.7665850E-04   2.9608694E-04  -9.2075649E-04   9.0365185E-03   3.8069024E-02   3.1967006E-03  -3.2587587E-04   4.6372909E-05   3.4492540E-05  -7.1604665E-06
  5.8448606E-07   3.3333859E-06  -9.8496088E-07   4.4434767E-05  -1.1650004E-05   3.8926179E-05  -5.8555037E-05   1.1825030E-05   2.5382926E-01  -2.4856962E-01  -2.6797055E-01   1.6712754E-01  -8.7774175E-04  -1.7535419E-03   7.6356931E-03   9.2816805E-05   9.3904960E-04   3.1967006E-03   3.1170116E-02  -7.3434415E-04   5.2493210E-03  -7.8138970E-05  -4.3945033E-05
  1.8030755E-06   8.9767619E-07  -7.4711785E-08  -2.6430466E-06  -3.7648113E-07   2.7197933E-05   1.6411510E-05   5.3394339E-06  -2.1283926E-01   5.0206135E-02   5.6258017E-01  -4.6796753E-01   2.2167347E-03  -2.3463807E-03  -1.1979088E-03   1.8799677E-03   1.9961974E-03  -3.2587587E-04  -7.3434415E-04   1.0852472E-02   8.9337193E-03   4.0310847E-06   6.3519328E-05
  1.7257599E-06   1.2512315E-06  -3.0943820E-08  -1.5885767E-05  -1.0404919E-06  -2.2756682E-05  -2.4043110E-05   1.8363498E-06  -3.1057821E-01   5.6830323E-02   2.8109149E-02  -1.4957655E-01   5.1570567E-02   5.4138941E-03  -1.8189199E-02   2.0697943E-03  -4.6921039E-02   4.6372909E-05   5.2493210E-03   8.9337193E-03   2.6953431E-02  -7.5147916E-06   5.8154497E-05
  7.9535421E-09  -3.0618836E-08  -1.7036701E-09  -1.4822744E-07  -3.2958184E-08   4.0110148E-07  -3.9250950E-07   1.9735787E-08   6.8104511E-03   8.9159722E-04   1.7409657E-03  -5.7411528E-04   4.4533073E-04   1.5993330E-05  -2.0117000E-06   1.2853873E-05  -3.8209247E-04   3.4492540E-05  -7.8138970E-05   4.0310847E-06  -7.5147916E-06   1.1146696E-06   3.5614086E-08
 -5.5077603E-09  -1.7104962E-09  -8.9561291E-11  -9.5124197E-08  -4.1246458E-08  -1.7641206E-07  -4.1775932E-07  -3.8219072E-08   2.6135325E-03   8.6595620E-04  -7.7091843E-03   3.1633285E-03  -2.1903233E-04  -3.6465433E-05   9.4105138E-05  -6.6069082E-06  -3.6354337E-05  -7.1604665E-06  -4.3945033E-05   6.3519328E-05   5.8154497E-05   3.5614086E-08   2.4709112E-06
