# omegabh2 omegach2 theta tau mnu nnu logA ns calPlanck acib217 xi asz143 aps100 aps143 aps143217 aps217 aksz kgal100 kgal143 kgal143217 kgal217 cal0 cal2
    0.6914220E-07    0.4922373E-06   -0.3929371E-07    0.2477614E-05    0.1146298E-04    0.4373654E-04    0.6342144E-05    0.2016349E-05    0.2695607E-07    0.6139887E-04   -0.1343228E-05   -0.8433363E-05    0.3135305E-03    0.2679810E-04   -0.3810023E-04   -0.7184486E-04    0.2836596E-04    0.1640909E-04    0.9066195E-05    0.4378300E-05    0.3288570E-05    0.1953771E-08    0.1134483E-07
    0.4922373E-06    0.1452691E-04   -0.1441187E-05    0.8639744E-05    0.1141101E-03    0.9038588E-03    0.5436477E-04    0.2857267E-04    0.1872968E-06    0.5144054E-02   -0.9174648E-04   -0.1228781E-02    0.2430416E-01    0.1129435E-01    0.2752157E-02   -0.1190360E-02    0.1936485E-02    0.2199494E-03    0.8518255E-04    0.3063076E-03   -0.5626085E-03    0.2573028E-07    0.5451242E-06
   -0.3929371E-07   -0.1441187E-05    0.3230652E-06   -0.1092480E-05   -0.1603414E-04   -0.9857961E-04   -0.5719203E-05   -0.3225283E-05   -0.3240278E-07   -0.5880217E-03    0.1133008E-04    0.1357304E-03   -0.2701657E-02   -0.1175430E-02   -0.2651759E-03    0.1493085E-03   -0.1990535E-03   -0.2640182E-04    0.2571632E-06   -0.1221692E-04    0.9775233E-04   -0.4371029E-08   -0.6000951E-07
    0.2477614E-05    0.8639744E-05   -0.1092480E-05    0.3687370E-03    0.1338594E-02    0.1930254E-02    0.7541359E-03    0.1253627E-03   -0.1555634E-06    0.3210862E-03   -0.8568586E-04    0.1774375E-03    0.2486188E-02   -0.4706329E-03   -0.1088568E-02    0.2319838E-03    0.1523328E-02    0.5758150E-04    0.4452714E-03   -0.8915102E-03   -0.1068206E-02   -0.1071210E-06    0.8110545E-09
    0.1146298E-04    0.1141101E-03   -0.1603414E-04    0.1338594E-02    0.9350049E-02    0.1274193E-01    0.2992490E-02    0.6253441E-03    0.2321530E-04    0.4626181E-01   -0.1028445E-02   -0.1013378E-01    0.2353499E+00    0.9303881E-01    0.1783209E-01   -0.7122636E-02    0.2268130E-01   -0.1057321E-02   -0.6572093E-03    0.1322611E-02    0.2528520E-02    0.6187446E-06    0.6959557E-05
    0.4373654E-04    0.9038588E-03   -0.9857961E-04    0.1930254E-02    0.1274193E-01    0.6572655E-01    0.6211611E-02    0.2442185E-02    0.3473163E-04    0.3360956E+00   -0.5936702E-02   -0.8084682E-01    0.1595518E+01    0.7140669E+00    0.1568507E+00   -0.8776747E-01    0.1337628E+00    0.1389909E-01    0.4873272E-02    0.1791809E-01   -0.3556204E-01    0.2282907E-05    0.3732060E-04
    0.6342144E-05    0.5436477E-04   -0.5719203E-05    0.7541359E-03    0.2992490E-02    0.6211611E-02    0.1665783E-02    0.3237725E-03    0.1272698E-04    0.1398609E-01   -0.3661977E-03   -0.2958483E-02    0.7743890E-01    0.3163971E-01    0.8681262E-02    0.3798344E-02    0.7281580E-02    0.4556082E-03    0.6738997E-03   -0.1281721E-02   -0.1479432E-02    0.9775605E-07    0.1389928E-05
    0.2016349E-05    0.2857267E-04   -0.3225283E-05    0.1253627E-03    0.6253441E-03    0.2442185E-02    0.3237725E-03    0.1146471E-03    0.1605708E-05    0.6618716E-02   -0.9621593E-04   -0.1314997E-02    0.2539709E-01    0.1681804E-01    0.8077798E-02    0.2789405E-02    0.1980086E-02    0.9090352E-03    0.8114334E-04    0.1117286E-03   -0.8676740E-03   -0.1474043E-06    0.8539067E-06
    0.2695607E-07    0.1872968E-06   -0.3240278E-07   -0.1555634E-06    0.2321530E-04    0.3473163E-04    0.1272698E-04    0.1605708E-05    0.6237820E-05    0.9072568E-03   -0.6119353E-05   -0.1328212E-03    0.6262350E-02    0.1590383E-02    0.7389061E-03    0.1406417E-02    0.1204207E-03    0.4304481E-04    0.5078163E-04    0.4053244E-04    0.1004052E-02   -0.2790567E-07    0.1983249E-07
    0.6139887E-04    0.5144054E-02   -0.5880217E-03    0.3210862E-03    0.4626181E-01    0.3360956E+00    0.1398609E-01    0.6618716E-02    0.9072568E-03    0.4376811E+02   -0.5016748E+00   -0.2562289E+01    0.5348979E+02    0.4124260E+01   -0.2209518E+02   -0.6138257E+02    0.1470158E+01   -0.2469741E-01    0.8517061E-01   -0.1268299E+01   -0.1681978E+02   -0.3619592E-03    0.4584875E-02
   -0.1343228E-05   -0.9174648E-04    0.1133008E-04   -0.8568586E-04   -0.1028445E-02   -0.5936702E-02   -0.3661977E-03   -0.9621593E-04   -0.6119353E-05   -0.5016748E+00    0.8084922E-01   -0.7458977E-01   -0.4899459E+00    0.8980641E+00    0.1738337E+01    0.7010019E+00    0.7713960E-01   -0.1826659E-01    0.3043569E-02    0.6656541E-01    0.7656567E-01    0.7105147E-05   -0.2332618E-04
   -0.8433363E-05   -0.1228781E-02    0.1357304E-03    0.1774375E-03   -0.1013378E-01   -0.8084682E-01   -0.2958483E-02   -0.1314997E-02   -0.1328212E-03   -0.2562289E+01   -0.7458977E-01    0.4173927E+01   -0.3390964E+02   -0.4944631E+01    0.8804690E+01    0.8367907E+01   -0.3234720E+01   -0.1270474E+00    0.5823569E-01    0.2388929E+01    0.2177986E+01    0.1811415E-03   -0.4618133E-03
    0.3135305E-03    0.2430416E-01   -0.2701657E-02    0.2486188E-02    0.2353499E+00    0.1595518E+01    0.7743890E-01    0.2539709E-01    0.6262350E-02    0.5348979E+02   -0.4899459E+00   -0.3390964E+02    0.8289978E+03    0.8981840E+02   -0.6175754E+02   -0.8181556E+02    0.1915967E+02   -0.3571758E+01    0.4370083E+01   -0.9810251E+01   -0.1355850E+02    0.5981275E-02    0.5830054E-02
    0.2679810E-04    0.1129435E-01   -0.1175430E-02   -0.4706329E-03    0.9303881E-01    0.7140669E+00    0.3163971E-01    0.1681804E-01    0.1590383E-02    0.4124260E+01    0.8980641E+00   -0.4944631E+01    0.8981840E+02    0.7077769E+02    0.4588655E+02    0.1805351E+02   -0.2961744E+01   -0.5499026E+00   -0.9620865E+00    0.4061001E+01    0.4140245E+01    0.2238613E-03    0.5288705E-03
   -0.3810023E-04    0.2752157E-02   -0.2651759E-03   -0.1088568E-02    0.1783209E-01    0.1568507E+00    0.8681262E-02    0.8077798E-02    0.7389061E-03   -0.2209518E+02    0.1738337E+01    0.8804690E+01   -0.6175754E+02    0.4588655E+02    0.1020925E+03    0.7337346E+02   -0.1298768E+02   -0.9626396E+00   -0.3044865E+00    0.4933830E+01    0.5659552E+01    0.8803249E-03   -0.2833452E-02
   -0.7184486E-04   -0.1190360E-02    0.1493085E-03    0.2319838E-03   -0.7122636E-02   -0.8776747E-01    0.3798344E-02    0.2789405E-02    0.1406417E-02   -0.6138257E+02    0.7010019E+00    0.8367907E+01   -0.8181556E+02    0.1805351E+02    0.7337346E+02    0.1277432E+03   -0.1220532E+02   -0.4538741E+00   -0.1825825E+00   -0.7650745E+00    0.1357346E+02    0.8877922E-03   -0.8012530E-02
    0.2836596E-04    0.1936485E-02   -0.1990535E-03    0.1523328E-02    0.2268130E-01    0.1337628E+00    0.7281580E-02    0.1980086E-02    0.1204207E-03    0.1470158E+01    0.7713960E-01   -0.3234720E+01    0.1915967E+02   -0.2961744E+01   -0.1298768E+02   -0.1220532E+02    0.6929390E+01    0.1193029E+00   -0.1097596E+00   -0.2052887E+01   -0.1790813E+01   -0.1487768E-03    0.3164491E-03
    0.1640909E-04    0.2199494E-03   -0.2640182E-04    0.5758150E-04   -0.1057321E-02    0.1389909E-01    0.4556082E-03    0.9090352E-03    0.4304481E-04   -0.2469741E-01   -0.1826659E-01   -0.1270474E+00   -0.3571758E+01   -0.5499026E+00   -0.9626396E+00   -0.4538741E+00    0.1193029E+00    0.3531333E+01    0.3761694E+00    0.1242477E+00    0.2805782E+00    0.3151178E-03    0.8850481E-05
    0.9066195E-05    0.8518255E-04    0.2571632E-06    0.4452714E-03   -0.6572093E-03    0.4873272E-02    0.6738997E-03    0.8114334E-04    0.5078163E-04    0.8517061E-01    0.3043569E-02    0.5823569E-01    0.4370083E+01   -0.9620865E+00   -0.3044865E+00   -0.1825825E+00   -0.1097596E+00    0.3761694E+00    0.3313249E+01    0.2405583E+01    0.1472535E+01   -0.2868037E-03   -0.2470128E-03
    0.4378300E-05    0.3063076E-03   -0.1221692E-04   -0.8915102E-03    0.1322611E-02    0.1791809E-01   -0.1281721E-02    0.1117286E-03    0.4053244E-04   -0.1268299E+01    0.6656541E-01    0.2388929E+01   -0.9810251E+01    0.4061001E+01    0.4933830E+01   -0.7650745E+00   -0.2052887E+01    0.1242477E+00    0.2405583E+01    0.1651437E+02    0.2461530E+02   -0.9804410E-05    0.2442661E-02
    0.3288570E-05   -0.5626085E-03    0.9775233E-04   -0.1068206E-02    0.2528520E-02   -0.3556204E-01   -0.1479432E-02   -0.8676740E-03    0.1004052E-02   -0.1681978E+02    0.7656567E-01    0.2177986E+01   -0.1355850E+02    0.4140245E+01    0.5659552E+01    0.1357346E+02   -0.1790813E+01    0.2805782E+00    0.1472535E+01    0.2461530E+02    0.5264252E+02    0.9936139E-04    0.4456995E-02
    0.1953771E-08    0.2573028E-07   -0.4371029E-08   -0.1071210E-06    0.6187446E-06    0.2282907E-05    0.9775605E-07   -0.1474043E-06   -0.2790567E-07   -0.3619592E-03    0.7105147E-05    0.1811415E-03    0.5981275E-02    0.2238613E-03    0.8803249E-03    0.8877922E-03   -0.1487768E-03    0.3151178E-03   -0.2868037E-03   -0.9804410E-05    0.9936139E-04    0.6212914E-06   -0.2340655E-07
    0.1134483E-07    0.5451242E-06   -0.6000951E-07    0.8110545E-09    0.6959557E-05    0.3732060E-04    0.1389928E-05    0.8539067E-06    0.1983249E-07    0.4584875E-02   -0.2332618E-04   -0.4618133E-03    0.5830054E-02    0.5288705E-03   -0.2833452E-02   -0.8012530E-02    0.3164491E-03    0.8850481E-05   -0.2470128E-03    0.2442661E-02    0.4456995E-02   -0.2340655E-07    0.2071207E-05
