# omegabh2 omegach2 theta tau mnu nnu logA ns calPlanck acib217 xi asz143 aps100 aps143 aps143217 aps217 aksz kgal100 kgal143 kgal143217 kgal217 cal0 cal2
  4.8492543E-08   2.7140799E-07  -1.2990077E-08   2.8155953E-07   9.4266737E-07   2.0908944E-05   1.4351395E-06   9.5215380E-07   2.0679896E-08  -2.1438360E-05  -5.9192505E-08   9.8530974E-06  -1.2303616E-04  -1.4712650E-04  -6.2270141E-05  -2.5583831E-05  -1.1495907E-05   9.6234633E-06   4.0566979E-06  -8.0838958E-06  -4.3931660E-06  -7.6932824E-10   9.1943237E-10
  2.7140799E-07   7.7119580E-06  -7.0239022E-07  -1.5114205E-06   1.3844320E-05   4.2625819E-04   1.6507688E-05   1.2168433E-05  -3.1960603E-07   1.7813132E-03  -3.8059690E-05  -4.3854927E-04   9.6019247E-03   5.3212110E-03   1.8940866E-03   2.2410557E-04   7.9854464E-04   8.7748360E-05   2.2940163E-04   2.4631173E-04  -2.3457010E-04  -1.3472223E-08   6.2125585E-08
 -1.2990077E-08  -7.0239022E-07   2.4713682E-07   1.5623853E-07  -1.6540260E-06  -4.3796273E-05  -1.3060051E-06  -1.1808868E-06   1.6235139E-08  -1.8110738E-04   3.1044053E-06   5.0108867E-05  -1.0075795E-03  -5.6219559E-04  -2.0340468E-04  -4.1574552E-05  -8.5737070E-05  -7.1475737E-06  -3.5810005E-05  -4.0287722E-05   7.9112732E-06   3.6258925E-09  -1.1146227E-08
  2.8155953E-07  -1.5114205E-06   1.5623853E-07   4.5095405E-05   6.1974129E-05   6.7128619E-05   8.5369782E-05   1.0114507E-05  -3.5088322E-07  -4.1807508E-04   2.6050880E-06   2.8295356E-04  -2.7118890E-03  -2.8002201E-03  -7.6690010E-04  -4.2740984E-05  -5.0174796E-04   6.2511511E-05  -1.3476798E-05  -2.4082219E-04  -4.9336420E-04  -3.0489525E-08   1.6392639E-08
  9.4266737E-07   1.3844320E-05  -1.6540260E-06   6.1974129E-05   1.7955936E-03   1.3547671E-03   1.7630411E-04   6.2748840E-05   7.1526264E-06   8.1921470E-03   2.0535201E-05  -2.0560832E-03   4.0091940E-02   2.9799475E-02   1.6918049E-02   8.5926765E-03   5.9258793E-04  -6.7688406E-04  -7.8856050E-04  -3.8319550E-04  -2.3445360E-03   4.5281888E-08   2.7656347E-07
  2.0908944E-05   4.2625819E-04  -4.3796273E-05   6.7128619E-05   1.3547671E-03   2.8053217E-02   1.2679191E-03   9.7427420E-04  -1.5608896E-06   1.1914185E-01  -2.3888560E-03  -2.7878513E-02   6.0776962E-01   3.2159185E-01   1.1927863E-01   1.9359260E-02   4.7366902E-02   7.2884492E-03   1.1942695E-02   8.6434806E-03  -3.0607419E-02  -2.5752882E-07   3.7513383E-06
  1.4351395E-06   1.6507688E-05  -1.3060051E-06   8.5369782E-05   1.7630411E-04   1.2679191E-03   2.3989146E-04   5.3434399E-05   1.1140415E-05   2.7465764E-03  -4.5738836E-05  -7.0253424E-04   2.5032406E-02   9.4237335E-03   5.8956726E-03   7.4243320E-03   3.1236526E-04  -4.2249910E-05   6.5067916E-05  -4.7576137E-04   8.8687844E-05   9.9049229E-08   1.2939846E-07
  9.5215380E-07   1.2168433E-05  -1.1808868E-06   1.0114507E-05   6.2748840E-05   9.7427420E-04   5.3434399E-05   5.0317792E-05   7.5778980E-07  -9.5720916E-05   2.1331538E-06   4.3235481E-05  -4.3494625E-03   3.7384465E-03   5.5438040E-03   5.7164169E-03  -8.6112237E-04   6.1915739E-04   2.8646783E-05  -1.2465587E-04   9.9696472E-07  -1.4222138E-07   7.2873551E-08
  2.0679896E-08  -3.1960603E-07   1.6235139E-08  -3.5088322E-07   7.1526264E-06  -1.5608896E-06   1.1140415E-05   7.5778980E-07   6.2994729E-06   4.1521208E-04   3.3992126E-06  -6.0770895E-05   4.3721489E-03   4.4233378E-04   2.3086007E-04   1.5107364E-03   2.7640821E-05  -1.4407122E-05   5.6767370E-05  -1.8661131E-05   8.9799672E-04   4.6531407E-09  -8.7163150E-09
 -2.1438360E-05   1.7813132E-03  -1.8110738E-04  -4.1807508E-04   8.1921470E-03   1.1914185E-01   2.7465764E-03  -9.5720916E-05   4.1521208E-04   4.6052323E+01  -4.1001850E-01  -1.1013782E+00   4.0296110E+01   3.4546521E+00  -1.3347578E+01  -5.6380977E+01   2.8004990E-01   1.7218370E-01   5.5122248E-01  -5.8058700E+00  -3.4052168E+01  -1.9399841E-04   7.9317661E-04
 -5.9192505E-08  -3.8059690E-05   3.1044053E-06   2.6050880E-06   2.0535201E-05  -2.3888560E-03  -4.5738836E-05   2.1331538E-06   3.3992126E-06  -4.1001850E-01   8.1873438E-02  -4.3440576E-02  -6.0446298E-01   8.8846931E-01   1.6380514E+00   6.2707860E-01   4.3948131E-02  -3.4422984E-03   1.4138964E-02   1.1844403E-01   1.7301862E-01   1.3703932E-06  -2.0604530E-06
  9.8530974E-06  -4.3854927E-04   5.0108867E-05   2.8295356E-04  -2.0560832E-03  -2.7878513E-02  -7.0253424E-04   4.3235481E-05  -6.0770895E-05  -1.1013782E+00  -4.3440576E-02   4.0047324E+00  -3.1707608E+01  -3.6148194E+00   8.0153102E+00   5.7727358E+00  -3.0196692E+00  -2.2569883E-01   1.5452186E-01   2.7416703E+00   3.5326405E+00   1.0396049E-04  -5.3532154E-05
 -1.2303616E-04   9.6019247E-03  -1.0075795E-03  -2.7118890E-03   4.0091940E-02   6.0776962E-01   2.5032406E-02  -4.3494625E-03   4.3721489E-03   4.0296110E+01  -6.0446298E-01  -3.1707608E+01   8.0328207E+02   7.9111711E+01  -5.3411437E+01  -6.1920202E+01   1.6416369E+01  -5.9619847E+00   5.3396900E+00  -1.2680729E+01  -2.6735547E+01   4.1903165E-03   6.5578070E-04
 -1.4712650E-04   5.3212110E-03  -5.6219559E-04  -2.8002201E-03   2.9799475E-02   3.2159185E-01   9.4237335E-03   3.7384465E-03   4.4233378E-04   3.4546521E+00   8.8846931E-01  -3.6148194E+00   7.9111711E+01   6.8127564E+01   4.3401778E+01   1.7054279E+01  -4.5873838E+00  -4.3364920E-01  -1.1045523E+00   3.7175433E+00   3.7159637E+00   1.6865238E-04   3.7974005E-05
 -6.2270141E-05   1.8940866E-03  -2.0340468E-04  -7.6690010E-04   1.6918049E-02   1.1927863E-01   5.8956726E-03   5.5438040E-03   2.3086007E-04  -1.3347578E+01   1.6380514E+00   8.0153102E+00  -5.3411437E+01   4.3401778E+01   8.8001928E+01   5.6366793E+01  -1.2681528E+01  -9.4646053E-01  -4.9348142E-01   5.6355709E+00   9.5631077E+00   4.0257085E-04  -4.8051031E-04
 -2.5583831E-05   2.2410557E-04  -4.1574552E-05  -4.2740984E-05   8.5926765E-03   1.9359260E-02   7.4243320E-03   5.7164169E-03   1.5107364E-03  -5.6380977E+01   6.2707860E-01   5.7727358E+00  -6.1920202E+01   1.7054279E+01   5.6366793E+01   1.0751835E+02  -1.0286597E+01  -7.6256554E-01  -1.2018768E+00   5.8740568E+00   3.4810618E+01   4.9806044E-04  -1.4890147E-03
 -1.1495907E-05   7.9854464E-04  -8.5737070E-05  -5.0174796E-04   5.9258793E-04   4.7366902E-02   3.1236526E-04  -8.6112237E-04   2.7640821E-05   2.8004990E-01   4.3948131E-02  -3.0196692E+00   1.6416369E+01  -4.5873838E+00  -1.2681528E+01  -1.0286597E+01   6.4819099E+00   1.7738893E-01  -1.5800131E-01  -2.2384601E+00  -2.6635956E+00  -9.8515759E-05   4.0143932E-05
  9.6234633E-06   8.7748360E-05  -7.1475737E-06   6.2511511E-05  -6.7688406E-04   7.2884492E-03  -4.2249910E-05   6.1915739E-04  -1.4407122E-05   1.7218370E-01  -3.4422984E-03  -2.2569883E-01  -5.9619847E+00  -4.3364920E-01  -9.4646053E-01  -7.6256554E-01   1.7738893E-01   3.3449695E+00   6.1952907E-01   2.3057624E-01   2.1790035E-01   1.6264481E-04   1.1425608E-05
  4.0566979E-06   2.2940163E-04  -3.5810005E-05  -1.3476798E-05  -7.8856050E-04   1.1942695E-02   6.5067916E-05   2.8646783E-05   5.6767370E-05   5.5122248E-01   1.4138964E-02   1.5452186E-01   5.3396900E+00  -1.1045523E+00  -4.9348142E-01  -1.2018768E+00  -1.5800131E-01   6.1952907E-01   3.1479042E+00   2.7157573E+00   2.7505566E+00  -1.7072447E-04  -2.3985930E-05
 -8.0838958E-06   2.4631173E-04  -4.0287722E-05  -2.4082219E-04  -3.8319550E-04   8.6434806E-03  -4.7576137E-04  -1.2465587E-04  -1.8661131E-05  -5.8058700E+00   1.1844403E-01   2.7416703E+00  -1.2680729E+01   3.7175433E+00   5.6355709E+00   5.8740568E+00  -2.2384601E+00   2.3057624E-01   2.7157573E+00   1.0925306E+01   1.9331860E+01   7.5455937E-06   3.9511837E-04
 -4.3931660E-06  -2.3457010E-04   7.9112732E-06  -4.9336420E-04  -2.3445360E-03  -3.0607419E-02   8.8687844E-05   9.9696472E-07   8.9799672E-04  -3.4052168E+01   1.7301862E-01   3.5326405E+00  -2.6735547E+01   3.7159637E+00   9.5631077E+00   3.4810618E+01  -2.6635956E+00   2.1790035E-01   2.7505566E+00   1.9331860E+01   5.3787938E+01   1.0744450E-04   8.4124445E-04
 -7.6932824E-10  -1.3472223E-08   3.6258925E-09  -3.0489525E-08   4.5281888E-08  -2.5752882E-07   9.9049229E-08  -1.4222138E-07   4.6531407E-09  -1.9399841E-04   1.3703932E-06   1.0396049E-04   4.1903165E-03   1.6865238E-04   4.0257085E-04   4.9806044E-04  -9.8515759E-05   1.6264481E-04  -1.7072447E-04   7.5455937E-06   1.0744450E-04   3.8514044E-07  -7.9207333E-09
  9.1943237E-10   6.2125585E-08  -1.1146227E-08   1.6392639E-08   2.7656347E-07   3.7513383E-06   1.2939846E-07   7.2873551E-08  -8.7163150E-09   7.9317661E-04  -2.0604530E-06  -5.3532154E-05   6.5578070E-04   3.7974005E-05  -4.8051031E-04  -1.4890147E-03   4.0143932E-05   1.1425608E-05  -2.3985930E-05   3.9511837E-04   8.4124445E-04  -7.9207333E-09   3.8569046E-07
