# omegabh2 omegach2 theta tau mnu logA ns calPlanck acib217 xi asz143 aps100 aps143 aps143217 aps217 aksz kgal100 kgal143 kgal143217 kgal217 cal0 cal2
    0.7126000E-07   -0.3935300E-06    0.8502992E-07    0.1448126E-05   -0.3199567E-04    0.2230744E-05    0.1260517E-05   -0.7796988E-09   -0.3289707E-03    0.5726391E-05    0.9857082E-04   -0.1511359E-02   -0.8197016E-03   -0.1841196E-03    0.4404998E-04   -0.1313210E-03    0.1536484E-05   -0.5327625E-05   -0.2333093E-04    0.2499888E-04    0.6640210E-08   -0.3512918E-07
   -0.3935300E-06    0.5550931E-05   -0.7016483E-06   -0.1594534E-04    0.1944588E-03   -0.1973702E-04   -0.1411530E-04   -0.4802289E-07    0.1405763E-02   -0.2405332E-04   -0.4587476E-03    0.6348331E-02    0.4020846E-02    0.1256292E-02    0.2408842E-03    0.5433540E-03   -0.2417687E-04    0.6005731E-04    0.1566611E-03    0.7109929E-04   -0.5612203E-07    0.1933413E-06
    0.8502992E-07   -0.7016483E-06    0.2893823E-06    0.1921786E-05   -0.5678834E-04    0.2661479E-05    0.2271463E-05   -0.4251359E-09   -0.3221335E-03    0.5735690E-05    0.8890110E-04   -0.1488907E-02   -0.7858616E-03   -0.2120215E-03    0.1435474E-04   -0.1303247E-03    0.2128339E-04   -0.1039917E-04   -0.1996010E-04    0.2778306E-04    0.8200967E-08   -0.3605176E-07
    0.1448126E-05   -0.1594534E-04    0.1921786E-05    0.3490367E-03    0.4967830E-03    0.6559992E-03    0.5079597E-04   -0.6788060E-06   -0.1501001E-01    0.2850803E-03    0.3447168E-02   -0.5836218E-01   -0.2288890E-01    0.5573132E-03    0.1163617E-01   -0.5531944E-02    0.1704040E-03   -0.1350846E-03   -0.4416621E-03    0.1828997E-02    0.2146390E-06   -0.1556040E-05
   -0.3199567E-04    0.1944588E-03   -0.5678834E-04    0.4967830E-03    0.5371903E-01    0.1230908E-02   -0.7566829E-03    0.2528110E-04    0.1873634E+00   -0.3031100E-02   -0.4802780E-01    0.8499541E+00    0.4088836E+00    0.9599690E-01   -0.3520156E-01    0.7431365E-01    0.5080060E-03    0.4755865E-02    0.1173640E-01   -0.1327265E-01   -0.1862385E-05    0.2317471E-04
    0.2230744E-05   -0.1973702E-04    0.2661479E-05    0.6559992E-03    0.1230908E-02    0.1284289E-02    0.7000224E-04    0.1103402E-04   -0.2760505E-01    0.6045675E-03    0.5954116E-02   -0.9908166E-01   -0.3586595E-01    0.7288018E-02    0.3000962E-01   -0.1097213E-01   -0.1024495E-03   -0.7696585E-03   -0.1061165E-02    0.5361907E-02    0.5506545E-06   -0.2830982E-05
    0.1260517E-05   -0.1411530E-04    0.2271463E-05    0.5079597E-04   -0.7566829E-03    0.7000224E-04    0.4945858E-04    0.7193633E-07   -0.9157108E-02    0.1935490E-03    0.2519688E-02   -0.4549733E-01   -0.1792126E-01   -0.1593987E-03    0.5703085E-02   -0.4350694E-02    0.4274324E-03   -0.2828341E-03   -0.9168990E-03    0.4194615E-03   -0.6768555E-07   -0.9555635E-06
   -0.7796988E-09   -0.4802289E-07   -0.4251359E-09   -0.6788060E-06    0.2528110E-04    0.1103402E-04    0.7193633E-07    0.6316183E-05    0.9520775E-03    0.8490972E-05   -0.7422014E-04    0.4939847E-02    0.1054074E-02    0.6526011E-03    0.1207396E-02    0.1945544E-04   -0.5989082E-04   -0.4786899E-04   -0.7889031E-04    0.5879176E-03   -0.4929291E-08   -0.8074187E-08
   -0.3289707E-03    0.1405763E-02   -0.3221335E-03   -0.1501001E-01    0.1873634E+00   -0.2760505E-01   -0.9157108E-02    0.9520775E-03    0.4456855E+02   -0.5106834E+00   -0.1985349E+01    0.4701569E+02    0.2393425E+01   -0.2096447E+02   -0.6152318E+02    0.9373069E+00   -0.3315355E-01   -0.6923976E-01   -0.2445213E+01   -0.1918233E+02   -0.2802576E-03    0.4516350E-02
    0.5726391E-05   -0.2405332E-04    0.5735690E-05    0.2850803E-03   -0.3031100E-02    0.6045675E-03    0.1935490E-03    0.8490972E-05   -0.5106834E+00    0.8204322E-01   -0.7213023E-01   -0.3811533E+00    0.9727072E+00    0.1856177E+01    0.7651455E+00    0.6450790E-01    0.5217688E-02    0.3143101E-02    0.9000939E-01    0.1037861E+00    0.1217595E-04   -0.2126819E-04
    0.9857082E-04   -0.4587476E-03    0.8890110E-04    0.3447168E-02   -0.4802780E-01    0.5954116E-02    0.2519688E-02   -0.7422014E-04   -0.1985349E+01   -0.7213023E-01    0.3793341E+01   -0.3007479E+02   -0.4393125E+01    0.7545780E+01    0.6946653E+01   -0.2870828E+01   -0.1399544E+00    0.9121756E-01    0.2404418E+01    0.2203049E+01    0.1636114E-03   -0.3974089E-03
   -0.1511359E-02    0.6348331E-02   -0.1488907E-02   -0.5836218E-01    0.8499541E+00   -0.9908166E-01   -0.4549733E-01    0.4939847E-02    0.4701569E+02   -0.3811533E+00   -0.3007479E+02    0.7731147E+03    0.7959963E+02   -0.5384170E+02   -0.7248065E+02    0.1595980E+02   -0.3688843E+01    0.3045415E+01   -0.1039026E+02   -0.1507955E+02    0.6113884E-02    0.5186791E-02
   -0.8197016E-03    0.4020846E-02   -0.7858616E-03   -0.2288890E-01    0.4088836E+00   -0.3586595E-01   -0.1792126E-01    0.1054074E-02    0.2393425E+01    0.9727072E+00   -0.4393125E+01    0.7959963E+02    0.6757802E+02    0.4673009E+02    0.1923681E+02   -0.3599780E+01   -0.2814412E-02   -0.1283447E+01    0.3972261E+01    0.3778334E+01    0.2200488E-03    0.3627485E-03
   -0.1841196E-03    0.1256292E-02   -0.2120215E-03    0.5573132E-03    0.9599690E-01    0.7288018E-02   -0.1593987E-03    0.6526011E-03   -0.2096447E+02    0.1856177E+01    0.7545780E+01   -0.5384170E+02    0.4673009E+02    0.9957939E+02    0.6839468E+02   -0.1211778E+02   -0.2244468E+00   -0.4268658E+00    0.5127202E+01    0.5935837E+01    0.7817661E-03   -0.2555831E-02
    0.4404998E-04    0.2408842E-03    0.1435474E-04    0.1163617E-01   -0.3520156E-01    0.3000962E-01    0.5703085E-02    0.1207396E-02   -0.6152318E+02    0.7651455E+00    0.6946653E+01   -0.7248065E+02    0.1923681E+02    0.6839468E+02    0.1234662E+03   -0.1093924E+02   -0.3458596E+00   -0.1620382E+00    0.8682903E+00    0.1673966E+02    0.6673612E-03   -0.7723478E-02
   -0.1313210E-03    0.5433540E-03   -0.1303247E-03   -0.5531944E-02    0.7431365E-01   -0.1097213E-01   -0.4350694E-02    0.1945544E-04    0.9373069E+00    0.6450790E-01   -0.2870828E+01    0.1595980E+02   -0.3599780E+01   -0.1211778E+02   -0.1093924E+02    0.6351007E+01    0.5048153E-01   -0.3830903E-01   -0.2020822E+01   -0.1825401E+01   -0.1199165E-03    0.1928168E-03
    0.1536484E-05   -0.2417687E-04    0.2128339E-04    0.1704040E-03    0.5080060E-03   -0.1024495E-03    0.4274324E-03   -0.5989082E-04   -0.3315355E-01    0.5217688E-02   -0.1399544E+00   -0.3688843E+01   -0.2814412E-02   -0.2244468E+00   -0.3458596E+00    0.5048153E-01    0.3524521E+01    0.4356445E+00    0.2965159E+00    0.4676201E+00    0.3144105E-03    0.4116143E-04
   -0.5327625E-05    0.6005731E-04   -0.1039917E-04   -0.1350846E-03    0.4755865E-02   -0.7696585E-03   -0.2828341E-03   -0.4786899E-04   -0.6923976E-01    0.3143101E-02    0.9121756E-01    0.3045415E+01   -0.1283447E+01   -0.4268658E+00   -0.1620382E+00   -0.3830903E-01    0.4356445E+00    0.3379546E+01    0.2545096E+01    0.1705561E+01   -0.2688475E-03   -0.2506685E-03
   -0.2333093E-04    0.1566611E-03   -0.1996010E-04   -0.4416621E-03    0.1173640E-01   -0.1061165E-02   -0.9168990E-03   -0.7889031E-04   -0.2445213E+01    0.9000939E-01    0.2404418E+01   -0.1039026E+02    0.3972261E+01    0.5127202E+01    0.8682903E+00   -0.2020822E+01    0.2965159E+00    0.2545096E+01    0.1721510E+02    0.2586826E+02    0.7037348E-04    0.2440246E-02
    0.2499888E-04    0.7109929E-04    0.2778306E-04    0.1828997E-02   -0.1327265E-01    0.5361907E-02    0.4194615E-03    0.5879176E-03   -0.1918233E+02    0.1037861E+00    0.2203049E+01   -0.1507955E+02    0.3778334E+01    0.5935837E+01    0.1673966E+02   -0.1825401E+01    0.4676201E+00    0.1705561E+01    0.2586826E+02    0.5505333E+02    0.1686079E-03    0.4476592E-02
    0.6640210E-08   -0.5612203E-07    0.8200967E-08    0.2146390E-06   -0.1862385E-05    0.5506545E-06   -0.6768555E-07   -0.4929291E-08   -0.2802576E-03    0.1217595E-04    0.1636114E-03    0.6113884E-02    0.2200488E-03    0.7817661E-03    0.6673612E-03   -0.1199165E-03    0.3144105E-03   -0.2688475E-03    0.7037348E-04    0.1686079E-03    0.6024505E-06    0.3339470E-08
   -0.3512918E-07    0.1933413E-06   -0.3605176E-07   -0.1556040E-05    0.2317471E-04   -0.2830982E-05   -0.9555635E-06   -0.8074187E-08    0.4516350E-02   -0.2126819E-04   -0.3974089E-03    0.5186791E-02    0.3627485E-03   -0.2555831E-02   -0.7723478E-02    0.1928168E-03    0.4116143E-04   -0.2506685E-03    0.2440246E-02    0.4476592E-02    0.3339470E-08    0.2130029E-05
