# omegabh2 omegach2 theta tau w logA ns calPlanck acib217 xi asz143 aps100 aps143 aps143217 aps217 aksz kgal100 kgal143 kgal143217 kgal217 galfTE100 galfTE100143 galfTE100217 galfTE143 galfTE143217 galfTE217 cal0 cal2
  2.0215294E-08  -8.5427477E-08   1.3455400E-08   1.9389296E-07   1.4932588E-06   2.8456317E-07   2.2438598E-07   1.1790120E-08  -6.9668860E-05   1.5221806E-06   2.0544913E-05  -3.7702300E-04  -1.9839384E-04  -4.8433114E-05   4.0422315E-06  -3.2235321E-05   2.8310979E-06  -1.1158977E-05  -8.7155310E-06   1.0487081E-05  -2.6115463E-08  -6.2160456E-08  -2.4038674E-07  -3.9128567E-07  -8.2076086E-07  -1.8868459E-06   2.0633980E-09  -1.8048957E-10
 -8.5427477E-08   1.3503566E-06  -1.0340555E-07  -1.7455085E-06  -2.0987422E-05  -5.0804760E-07  -3.1351564E-06  -1.3552413E-07  -1.1098839E-04  -9.9311990E-07  -5.5397134E-05   3.1904938E-04   5.4656855E-04   3.7116799E-04   5.1296101E-04   9.1532090E-05  -8.8215790E-06  -1.6256438E-05  -2.7505005E-05   2.8860284E-05  -1.2736947E-08   4.2754151E-07   7.9570700E-07   2.1583484E-06   4.0888110E-06   1.7752075E-05   2.7658311E-09  -1.8986981E-08
  1.3455400E-08  -1.0340555E-07   9.2039334E-08   1.8235750E-07   2.3366621E-06   2.0777970E-07   3.4236947E-07   7.9731399E-10  -1.2909886E-05   8.0029470E-07   6.8553747E-06  -5.8275027E-05  -6.6067111E-06   3.0192259E-05   1.5232727E-05  -8.9665010E-06   5.0989625E-06  -9.3992095E-06  -1.2086592E-05  -1.3305183E-05  -7.4415044E-08  -4.3693956E-08  -3.2725999E-07  -2.6101051E-07  -5.9966951E-07  -2.3611658E-06   6.4823796E-10   3.3267879E-10
  1.9389296E-07  -1.7455085E-06   1.8235750E-07   6.2072637E-05   3.2934843E-05   1.2018498E-04   7.1329144E-06   4.5323541E-08  -1.7190532E-03   4.5602371E-05   6.9828636E-04  -1.2177908E-02  -3.8566260E-03   3.3747647E-04   1.2064923E-03  -1.3478723E-03  -5.9077021E-04  -5.0581209E-04  -3.9240716E-04  -2.2973463E-04  -8.9759640E-07  -2.2543996E-06  -1.5719675E-05  -8.3487350E-06  -1.6410624E-05  -4.0368858E-05  -4.5936530E-08  -2.8554486E-08
  1.4932588E-06  -2.0987422E-05   2.3366621E-06   3.2934843E-05   9.4181001E-04   1.4950990E-05   4.9838067E-05  -2.2603754E-07   1.4281288E-03   1.1455964E-05  -2.2164457E-04   1.0734804E-02  -9.3255354E-03  -1.0359675E-02  -9.6654325E-03  -4.3653138E-04   5.3157948E-04   2.9398091E-04   6.0711763E-04  -2.7684652E-04  -1.7629230E-05  -1.4201031E-05  -1.3654822E-05  -4.4505084E-05  -4.6428244E-05  -1.9408422E-04  -5.9256024E-08   4.0085150E-07
  2.8456317E-07  -5.0804760E-07   2.0777970E-07   1.2018498E-04   1.4950990E-05   2.6800827E-04   5.9627879E-06   1.2633035E-05  -4.3861091E-03   1.2746439E-04   1.3544548E-03  -2.2631293E-02  -4.8392430E-03   4.5481821E-03   1.0094449E-02  -3.4233865E-03  -1.4003653E-03  -1.8416744E-03  -1.4203706E-03   1.5467099E-03   3.1520990E-07  -1.2936854E-06  -3.5857245E-05  -8.0328486E-06  -2.6866676E-05  -2.0407093E-05   9.2108834E-08  -1.1735698E-07
  2.2438598E-07  -3.1351564E-06   3.4236947E-07   7.1329144E-06   4.9838067E-05   5.9627879E-06   1.6375673E-05   3.3266671E-07  -3.9607257E-03   1.0621702E-04   8.5577642E-04  -1.9958885E-02  -5.7230723E-03   1.6993744E-03   4.2766047E-03  -2.1538427E-03   2.4367764E-04  -3.9681114E-04  -3.4643013E-04   1.0001025E-03   2.7242362E-06  -3.4044950E-07  -1.3305074E-06  -8.4246715E-06  -9.8536620E-06  -3.8866284E-05  -7.5487251E-08  -1.8746523E-08
  1.1790120E-08  -1.3552413E-07   7.9731399E-10   4.5323541E-08  -2.2603754E-07   1.2633035E-05   3.3266671E-07   6.4239361E-06   5.8349905E-04  -4.3921955E-06   1.0477532E-05   3.3102955E-03   8.1232108E-04   5.0913809E-04   1.4965937E-03  -7.3054080E-05   6.0015069E-05  -8.5644037E-05  -3.4202969E-05   9.6231381E-04   1.3736565E-06   1.1820303E-06  -2.3126642E-06   1.7718604E-06  -3.0581326E-07   1.0845180E-05   8.3896929E-09   4.1678754E-09
 -6.9668860E-05  -1.1098839E-04  -1.2909886E-05  -1.7190532E-03   1.4281288E-03  -4.3861091E-03  -3.9607257E-03   5.8349905E-04   4.4540074E+01  -4.0933246E-01  -7.3119716E-01   3.6725287E+01   1.7473960E+00  -1.3225123E+01  -5.5194866E+01  -1.6865480E-01   6.2413267E-02   7.5628717E-01  -5.4800297E+00  -3.2668187E+01   3.0262158E-03   1.8682583E-03  -6.7527795E-03   5.8630090E-03   8.2738222E-03  -2.6988640E-02  -2.1175410E-04   7.3483032E-04
  1.5221806E-06  -9.9311990E-07   8.0029470E-07   4.5602371E-05   1.1455964E-05   1.2746439E-04   1.0621702E-04  -4.3921955E-06  -4.0933246E-01   8.0437576E-02  -2.9379799E-02  -7.3370838E-01   9.1306937E-01   1.7235644E+00   6.8352159E-01   3.0176043E-02  -5.5046055E-03   6.3075174E-03   1.0575576E-01   1.4156813E-01  -1.7785111E-04  -3.9546948E-05   3.9628594E-04   1.7763713E-04  -2.9864521E-04   3.1648897E-04   2.8728356E-06  -2.4606346E-06
  2.0544913E-05  -5.5397134E-05   6.8553747E-06   6.9828636E-04  -2.2164457E-04   1.3544548E-03   8.5577642E-04   1.0477532E-05  -7.3119716E-01  -2.9379799E-02   3.7575659E+00  -3.0071411E+01  -2.9965118E+00   7.6282621E+00   4.9936589E+00  -2.5974405E+00  -2.2789973E-01   9.1077693E-02   2.5696974E+00   3.1461844E+00  -4.0515504E-04  -4.2240416E-05  -1.9473415E-03  -1.1843707E-04   1.0927713E-03   5.6577778E-04   1.2555389E-04  -3.1390728E-05
 -3.7702300E-04   3.1904938E-04  -5.8275027E-05  -1.2177908E-02   1.0734804E-02  -2.2631293E-02  -1.9958885E-02   3.3102955E-03   3.6725287E+01  -7.3370838E-01  -3.0071411E+01   7.6315630E+02   6.3624915E+01  -6.0078617E+01  -6.2836088E+01   1.3633358E+01  -5.6113878E+00   5.8568589E+00  -1.2549095E+01  -2.5141276E+01  -1.3175266E-03  -1.9388614E-03   1.8712287E-02   1.6792715E-02  -5.3530589E-03  -2.6112602E-02   3.4178710E-03   4.3516187E-04
 -1.9839384E-04   5.4656855E-04  -6.6067111E-06  -3.8566260E-03  -9.3255354E-03  -4.8392430E-03  -5.7230723E-03   8.1232108E-04   1.7473960E+00   9.1306937E-01  -2.9965118E+00   6.3624915E+01   5.9769148E+01   3.9357009E+01   1.4331275E+01  -4.9007337E+00  -6.6124152E-01  -1.3652777E+00   3.5635947E+00   4.3743208E+00  -1.5737145E-03  -2.3215048E-05   5.5594655E-03   8.5449970E-03   5.9480227E-03   1.2772998E-02   1.9527500E-05   1.5368288E-04
 -4.8433114E-05   3.7116799E-04   3.0192259E-05   3.3747647E-04  -1.0359675E-02   4.5481821E-03   1.6993744E-03   5.0913809E-04  -1.3225123E+01   1.7235644E+00   7.6282621E+00  -6.0078617E+01   3.9357009E+01   8.4710390E+01   5.2302456E+01  -1.1519755E+01  -9.6896023E-01  -1.0180097E+00   4.5971505E+00   7.8048866E+00  -4.5666737E-03   2.0402369E-03   1.0864039E-02   1.3257756E-02   2.4798787E-03   1.1535517E-02   4.2775912E-04  -3.6079496E-04
  4.0422315E-06   5.1296101E-04   1.5232727E-05   1.2064923E-03  -9.6654325E-03   1.0094449E-02   4.2766047E-03   1.4965937E-03  -5.5194866E+01   6.8352159E-01   4.9936589E+00  -6.2836088E+01   1.4331275E+01   5.2302456E+01   1.0289963E+02  -8.7503173E+00  -5.8680930E-01  -1.5954403E+00   5.0281475E+00   3.2887758E+01  -3.8079416E-03   6.0799497E-04   1.0936214E-02   2.5340948E-03  -3.3398068E-03   2.7073051E-02   4.8930297E-04  -1.3558533E-03
 -3.2235321E-05   9.1532090E-05  -8.9665010E-06  -1.3478723E-03  -4.3653138E-04  -3.4233865E-03  -2.1538427E-03  -7.3054080E-05  -1.6865480E-01   3.0176043E-02  -2.5974405E+00   1.3633358E+01  -4.9007337E+00  -1.1519755E+01  -8.7503173E+00   5.6074770E+00   1.6698359E-01  -1.3204957E-01  -2.0443743E+00  -2.2866001E+00  -7.9360222E-04  -4.8953231E-04   2.6432995E-03  -7.3512382E-04  -1.4308387E-03   6.9680757E-03  -9.5033082E-05   1.8818443E-06
  2.8310979E-06  -8.8215790E-06   5.0989625E-06  -5.9077021E-04   5.3157948E-04  -1.4003653E-03   2.4367764E-04   6.0015069E-05   6.2413267E-02  -5.5046055E-03  -2.2789973E-01  -5.6113878E+00  -6.6124152E-01  -9.6896023E-01  -5.8680930E-01   1.6698359E-01   3.3660351E+00   6.5360640E-01   1.5298887E-01   1.8400704E-01  -2.9408705E-04   4.6223504E-05   6.6556933E-04  -9.5998248E-04  -8.0946368E-04  -4.6655617E-03   1.7016494E-04  -3.8821978E-05
 -1.1158977E-05  -1.6256438E-05  -9.3992095E-06  -5.0581209E-04   2.9398091E-04  -1.8416744E-03  -3.9681114E-04  -8.5644037E-05   7.5628717E-01   6.3075174E-03   9.1077693E-02   5.8568589E+00  -1.3652777E+00  -1.0180097E+00  -1.5954403E+00  -1.3204957E-01   6.5360640E-01   3.2548845E+00   2.7149385E+00   2.5504134E+00  -3.9102320E-04  -4.5601718E-04   1.7471511E-03  -3.1761406E-04   2.7041428E-04  -2.5330274E-03  -1.8253335E-04  -4.9189302E-05
 -8.7155310E-06  -2.7505005E-05  -1.2086592E-05  -3.9240716E-04   6.0711763E-04  -1.4203706E-03  -3.4643013E-04  -3.4202969E-05  -5.4800297E+00   1.0575576E-01   2.5696974E+00  -1.2549095E+01   3.5635947E+00   4.5971505E+00   5.0281475E+00  -2.0443743E+00   1.5298887E-01   2.7149385E+00   1.0663254E+01   1.8734348E+01  -1.5059074E-03  -9.4108511E-04  -4.6505895E-03  -2.1871421E-04   2.2452174E-03   1.2476511E-02  -2.3590023E-05   3.8039767E-04
  1.0487081E-05   2.8860284E-05  -1.3305183E-05  -2.2973463E-04  -2.7684652E-04   1.5467099E-03   1.0001025E-03   9.6231381E-04  -3.2668187E+01   1.4156813E-01   3.1461844E+00  -2.5141276E+01   4.3743208E+00   7.8048866E+00   3.2887758E+01  -2.2866001E+00   1.8400704E-01   2.5504134E+00   1.8734348E+01   5.2158252E+01  -4.0588440E-03  -1.9007014E-03  -9.3197397E-03  -1.0425504E-03   2.1535646E-03   3.9712096E-02   6.4258635E-05   8.5866185E-04
 -2.6115463E-08  -1.2736947E-08  -7.4415044E-08  -8.9759640E-07  -1.7629230E-05   3.1520990E-07   2.7242362E-06   1.3736565E-06   3.0262158E-03  -1.7785111E-04  -4.0515504E-04  -1.3175266E-03  -1.5737145E-03  -4.5666737E-03  -3.8079416E-03  -7.9360222E-04  -2.9408705E-04  -3.9102320E-04  -1.5059074E-03  -4.0588440E-03   1.4422635E-03   2.6901689E-04   1.1597684E-04  -3.7448849E-04  -1.1335100E-04   3.3546282E-06  -2.1636493E-07  -2.1361199E-08
 -6.2160456E-08   4.2754151E-07  -4.3693956E-08  -2.2543996E-06  -1.4201031E-05  -1.2936854E-06  -3.4044950E-07   1.1820303E-06   1.8682583E-03  -3.9546948E-05  -4.2240416E-05  -1.9388614E-03  -2.3215048E-05   2.0402369E-03   6.0799497E-04  -4.8953231E-04   4.6223504E-05  -4.5601718E-04  -9.4108511E-04  -1.9007014E-03   2.6901689E-04   8.6519151E-04   3.6080048E-06   7.5700876E-04   1.6952327E-05  -6.9935487E-04  -5.9663403E-08  -4.8161521E-08
 -2.4038674E-07   7.9570700E-07  -3.2725999E-07  -1.5719675E-05  -1.3654822E-05  -3.5857245E-05  -1.3305074E-06  -2.3126642E-06  -6.7527795E-03   3.9628594E-04  -1.9473415E-03   1.8712287E-02   5.5594655E-03   1.0864039E-02   1.0936214E-02   2.6432995E-03   6.6556933E-04   1.7471511E-03  -4.6505895E-03  -9.3197397E-03   1.1597684E-04   3.6080048E-06   7.0473942E-03  -2.9943777E-04   5.6114589E-04   4.4240088E-03  -5.9335871E-07  -1.0498445E-06
 -3.9128567E-07   2.1583484E-06  -2.6101051E-07  -8.3487350E-06  -4.4505084E-05  -8.0328486E-06  -8.4246715E-06   1.7718604E-06   5.8630090E-03   1.7763713E-04  -1.1843707E-04   1.6792715E-02   8.5449970E-03   1.3257756E-02   2.5340948E-03  -7.3512382E-04  -9.5998248E-04  -3.1761406E-04  -2.1871421E-04  -1.0425504E-03  -3.7448849E-04   7.5700876E-04  -2.9943777E-04   2.9913519E-03   4.8811801E-04  -9.3608007E-04   2.6092876E-07   7.2954388E-07
 -8.2076086E-07   4.0888110E-06  -5.9966951E-07  -1.6410624E-05  -4.6428244E-05  -2.6866676E-05  -9.8536620E-06  -3.0581326E-07   8.2738222E-03  -2.9864521E-04   1.0927713E-03  -5.3530589E-03   5.9480227E-03   2.4798787E-03  -3.3398068E-03  -1.4308387E-03  -8.0946368E-04   2.7041428E-04   2.2452174E-03   2.1535646E-03  -1.1335100E-04   1.6952327E-05   5.6114589E-04   4.8811801E-04   6.3723294E-03   7.6053559E-03   3.2082311E-07   7.9500008E-07
 -1.8868459E-06   1.7752075E-05  -2.3611658E-06  -4.0368858E-05  -1.9408422E-04  -2.0407093E-05  -3.8866284E-05   1.0845180E-05  -2.6988640E-02   3.1648897E-04   5.6577778E-04  -2.6112602E-02   1.2772998E-02   1.1535517E-02   2.7073051E-02   6.9680757E-03  -4.6655617E-03  -2.5330274E-03   1.2476511E-02   3.9712096E-02   3.3546282E-06  -6.9935487E-04   4.4240088E-03  -9.3608007E-04   7.6053559E-03   7.1609004E-02  -5.1693993E-07  -6.6853267E-07
  2.0633980E-09   2.7658311E-09   6.4823796E-10  -4.5936530E-08  -5.9256024E-08   9.2108834E-08  -7.5487251E-08   8.3896929E-09  -2.1175410E-04   2.8728356E-06   1.2555389E-04   3.4178710E-03   1.9527500E-05   4.2775912E-04   4.8930297E-04  -9.5033082E-05   1.7016494E-04  -1.8253335E-04  -2.3590023E-05   6.4258635E-05  -2.1636493E-07  -5.9663403E-08  -5.9335871E-07   2.6092876E-07   3.2082311E-07  -5.1693993E-07   3.7273079E-07  -7.1298164E-09
 -1.8048957E-10  -1.8986981E-08   3.3267879E-10  -2.8554486E-08   4.0085150E-07  -1.1735698E-07  -1.8746523E-08   4.1678754E-09   7.3483032E-04  -2.4606346E-06  -3.1390728E-05   4.3516187E-04   1.5368288E-04  -3.6079496E-04  -1.3558533E-03   1.8818443E-06  -3.8821978E-05  -4.9189302E-05   3.8039767E-04   8.5866185E-04  -2.1361199E-08  -4.8161521E-08  -1.0498445E-06   7.2954388E-07   7.9500008E-07  -6.6853267E-07  -7.1298164E-09   3.8115670E-07
