# omegabh2 omegach2 theta tau w wa logA ns calPlanck alpha_JLA beta_JLA acib217 xi asz143 aps100 aps143 aps143217 aps217 aksz kgal100 kgal143 kgal143217 kgal217 cal0 cal2
    0.4810268E-07   -0.2130552E-06    0.4123860E-07    0.1893785E-05   -0.1842913E-05    0.2355102E-04    0.3441326E-05    0.6859518E-06    0.2540298E-07   -0.9952544E-08    0.2459514E-06   -0.2120714E-03    0.4290137E-05    0.6262209E-04   -0.9487044E-03   -0.5555454E-03   -0.1304455E-03    0.4067468E-04   -0.8469540E-04   -0.3484376E-05    0.2152717E-05   -0.1720532E-04    0.6573819E-05    0.2619217E-08   -0.1830949E-07
   -0.2130552E-06    0.3375534E-05   -0.2964532E-06   -0.2460998E-04    0.3304868E-04   -0.3469762E-03   -0.4215568E-04   -0.8345274E-05   -0.4071591E-06   -0.3065875E-07   -0.1137039E-05    0.9612692E-03   -0.2087618E-04   -0.2859126E-03    0.4083569E-02    0.2344356E-02    0.4324560E-03   -0.4706748E-03    0.4816176E-03    0.1927451E-04    0.3791872E-04    0.3738837E-04   -0.1375758E-03   -0.2800468E-07    0.8454998E-07
    0.4123860E-07   -0.2964532E-06    0.1907481E-06    0.3395719E-05   -0.3423654E-05    0.4149846E-04    0.6355950E-05    0.1032582E-05    0.4208052E-07   -0.4569865E-08    0.1510675E-06   -0.7876076E-04    0.1248486E-05    0.4532327E-04   -0.5474746E-03   -0.3057250E-03   -0.8468113E-04   -0.1319850E-04   -0.7849607E-04   -0.6292019E-05    0.6374878E-05    0.1645958E-04    0.3674130E-04   -0.3656927E-09   -0.3094616E-10
    0.1893785E-05   -0.2460998E-04    0.3395719E-05    0.3091085E-03   -0.4285366E-03    0.3382099E-02    0.5550628E-03    0.7098254E-04   -0.1569334E-05    0.3847094E-06    0.7660182E-05   -0.9373086E-02    0.1453912E-03    0.2968667E-02   -0.4922375E-01   -0.2741265E-01   -0.7796535E-02    0.8384285E-03   -0.4595891E-02   -0.3191727E-03    0.4420246E-03   -0.5031216E-03    0.1307181E-04   -0.1855493E-06   -0.9332146E-06
   -0.1842913E-05    0.3304868E-04   -0.3423654E-05   -0.4285366E-03    0.1165264E-01   -0.3779696E-01   -0.7952304E-03   -0.8017279E-04   -0.7391727E-05   -0.5074121E-04   -0.6604288E-03   -0.5377263E-02    0.2230449E-03   -0.3408749E-02    0.4675854E-01    0.3818181E-01    0.2104625E-01    0.1630992E-01    0.2336890E-02    0.1203835E-02   -0.2908232E-03   -0.2830891E-02    0.1433649E-02   -0.5211694E-06   -0.1402159E-05
    0.2355102E-04   -0.3469762E-03    0.4149846E-04    0.3382099E-02   -0.3779696E-01    0.1539714E+00    0.6059543E-02    0.8775015E-03    0.4764948E-04    0.1281193E-03    0.1692994E-02   -0.7537010E-01    0.1840534E-03    0.3680826E-01   -0.4996278E+00   -0.3157736E+00   -0.1087702E+00   -0.4343111E-02   -0.4460909E-01   -0.6052647E-02   -0.1295109E-02    0.7057246E-02    0.1900182E-01    0.2640104E-05   -0.4308789E-05
    0.3441326E-05   -0.4215568E-04    0.6355950E-05    0.5550628E-03   -0.7952304E-03    0.6059543E-02    0.1026861E-02    0.1228184E-03    0.8101407E-05    0.1774682E-06    0.2711955E-04   -0.1711475E-01    0.3028822E-03    0.5493265E-02   -0.8665424E-01   -0.4715214E-01   -0.9862506E-02    0.8182449E-02   -0.9548590E-02   -0.8929016E-03    0.1720786E-03   -0.1911783E-02    0.3596473E-03   -0.1894513E-06   -0.1906328E-05
    0.6859518E-06   -0.8345274E-05    0.1032582E-05    0.7098254E-04   -0.8017279E-04    0.8775015E-03    0.1228184E-03    0.3221168E-04    0.1149366E-05   -0.4961060E-06   -0.9827564E-06   -0.6892391E-02    0.1885527E-03    0.1693636E-02   -0.3462097E-01   -0.1157622E-01    0.1928623E-02    0.6537241E-02   -0.3518324E-02    0.2554320E-03   -0.2114428E-03   -0.8278790E-03    0.3035959E-03   -0.1767695E-06   -0.6253317E-06
    0.2540298E-07   -0.4071591E-06    0.4208052E-07   -0.1569334E-05   -0.7391727E-05    0.4764948E-04    0.8101407E-05    0.1149366E-05    0.6032306E-05   -0.2502950E-06    0.4051207E-05    0.5893603E-03    0.3500515E-05    0.7899310E-04    0.2300632E-02    0.7851459E-03    0.1056391E-02    0.1940981E-02   -0.2647742E-03   -0.2546914E-04   -0.1492634E-03   -0.2928624E-03    0.2852576E-03   -0.1824007E-07   -0.8154838E-07
   -0.9952544E-08   -0.3065875E-07   -0.4569865E-08    0.3847094E-06   -0.5074121E-04    0.1281193E-03    0.1774682E-06   -0.4961060E-06   -0.2502950E-06    0.4369475E-04   -0.2572087E-04    0.2342745E-03   -0.3433485E-05   -0.1858832E-04   -0.9866727E-03   -0.9928157E-03   -0.1668470E-02   -0.1795197E-02    0.6241323E-03    0.6242043E-04   -0.7233556E-04    0.4547604E-03    0.6065543E-03    0.6451538E-07    0.4783637E-07
    0.2459514E-06   -0.1137039E-05    0.1510675E-06    0.7660182E-05   -0.6604288E-03    0.1692994E-02    0.2711955E-04   -0.9827564E-06    0.4051207E-05   -0.2572087E-04    0.6516380E-02    0.2317281E-02   -0.7073231E-05    0.3487795E-03    0.2018860E-01    0.6341233E-03    0.4010991E-02    0.2446434E-02   -0.4433009E-02    0.4718805E-03   -0.4268835E-02   -0.3065511E-02   -0.2932131E-02    0.1528525E-05    0.2212747E-05
   -0.2120714E-03    0.9612692E-03   -0.7876076E-04   -0.9373086E-02   -0.5377263E-02   -0.7537010E-01   -0.1711475E-01   -0.6892391E-02    0.5893603E-03    0.2342745E-03    0.2317281E-02    0.4395207E+02   -0.5150275E+00   -0.1691161E+01    0.4687349E+02    0.7478465E+00   -0.2146569E+02   -0.6104823E+02    0.3962688E+00   -0.2470769E-01    0.1947283E+00   -0.1540380E+01   -0.1796384E+02   -0.2419514E-03    0.4573168E-02
    0.4290137E-05   -0.2087618E-04    0.1248486E-05    0.1453912E-03    0.2230449E-03    0.1840534E-03    0.3028822E-03    0.1885527E-03    0.3500515E-05   -0.3433485E-05   -0.7073231E-05   -0.5150275E+00    0.8172123E-01   -0.8548935E-01   -0.5343773E+00    0.9273641E+00    0.1787420E+01    0.7366075E+00    0.8717157E-01   -0.1510573E-02    0.1824231E-01    0.9341993E-01    0.9934389E-01    0.2485360E-05   -0.1910816E-04
    0.6262209E-04   -0.2859126E-03    0.4532327E-04    0.2968667E-02   -0.3408749E-02    0.3680826E-01    0.5493265E-02    0.1693636E-02    0.7899310E-04   -0.1858832E-04    0.3487795E-03   -0.1691161E+01   -0.8548935E-01    0.3911132E+01   -0.2956839E+02   -0.3569304E+01    0.8127527E+01    0.7193759E+01   -0.2947216E+01   -0.1886385E+00   -0.1536419E-01    0.2474451E+01    0.2204509E+01    0.1953800E-03   -0.3814011E-03
   -0.9487044E-03    0.4083569E-02   -0.5474746E-03   -0.4922375E-01    0.4675854E-01   -0.4996278E+00   -0.8665424E-01   -0.3462097E-01    0.2300632E-02   -0.9866727E-03    0.2018860E-01    0.4687349E+02   -0.5343773E+00   -0.2956839E+02    0.7863751E+03    0.6996117E+02   -0.6076352E+02   -0.7639044E+02    0.1402794E+02   -0.4684240E+01    0.3366760E+01   -0.1065367E+02   -0.1559883E+02    0.6120888E-02    0.5041958E-02
   -0.5555454E-03    0.2344356E-02   -0.3057250E-03   -0.2741265E-01    0.3818181E-01   -0.3157736E+00   -0.4715214E-01   -0.1157622E-01    0.7851459E-03   -0.9928157E-03    0.6341233E-03    0.7478465E+00    0.9273641E+00   -0.3569304E+01    0.6996117E+02    0.6301884E+02    0.4617146E+02    0.2075957E+02   -0.5018559E+01   -0.3447962E+00   -0.9225786E+00    0.4634973E+01    0.5249544E+01    0.1069726E-03    0.3853505E-03
   -0.1304455E-03    0.4324560E-03   -0.8468113E-04   -0.7796535E-02    0.2104625E-01   -0.1087702E+00   -0.9862506E-02    0.1928623E-02    0.1056391E-02   -0.1668470E-02    0.4010991E-02   -0.2146569E+02    0.1787420E+01    0.8127527E+01   -0.6076352E+02    0.4617146E+02    0.1003616E+03    0.7051410E+02   -0.1301551E+02   -0.6944372E+00   -0.4059438E+00    0.5421600E+01    0.6144521E+01    0.6998092E-03   -0.2583745E-02
    0.4067468E-04   -0.4706748E-03   -0.1319850E-04    0.8384285E-03    0.1630992E-01   -0.4343111E-02    0.8182449E-02    0.6537241E-02    0.1940981E-02   -0.1795197E-02    0.2446434E-02   -0.6104823E+02    0.7366075E+00    0.7193759E+01   -0.7639044E+02    0.2075957E+02    0.7051410E+02    0.1246289E+03   -0.1150025E+02   -0.4882339E+00   -0.6236317E+00   -0.2024283E+00    0.1524345E+02    0.6288523E-03   -0.7891463E-02
   -0.8469540E-04    0.4816176E-03   -0.7849607E-04   -0.4595891E-02    0.2336890E-02   -0.4460909E-01   -0.9548590E-02   -0.3518324E-02   -0.2647742E-03    0.6241323E-03   -0.4433009E-02    0.3962688E+00    0.8717157E-01   -0.2947216E+01    0.1402794E+02   -0.5018559E+01   -0.1301551E+02   -0.1150025E+02    0.6653841E+01    0.1635878E+00   -0.4268083E-01   -0.2186880E+01   -0.1897134E+01   -0.1280543E-03    0.1582667E-03
   -0.3484376E-05    0.1927451E-04   -0.6292019E-05   -0.3191727E-03    0.1203835E-02   -0.6052647E-02   -0.8929016E-03    0.2554320E-03   -0.2546914E-04    0.6242043E-04    0.4718805E-03   -0.2470769E-01   -0.1510573E-02   -0.1886385E+00   -0.4684240E+01   -0.3447962E+00   -0.6944372E+00   -0.4882339E+00    0.1635878E+00    0.3568437E+01    0.5381957E+00    0.2146890E+00    0.3471854E+00    0.2603767E-03    0.8000570E-05
    0.2152717E-05    0.3791872E-04    0.6374878E-05    0.4420246E-03   -0.2908232E-03   -0.1295109E-02    0.1720786E-03   -0.2114428E-03   -0.1492634E-03   -0.7233556E-04   -0.4268835E-02    0.1947283E+00    0.1824231E-01   -0.1536419E-01    0.3366760E+01   -0.9225786E+00   -0.4059438E+00   -0.6236317E+00   -0.4268083E-01    0.5381957E+00    0.3409667E+01    0.2595186E+01    0.1544087E+01   -0.2864556E-03   -0.2099628E-03
   -0.1720532E-04    0.3738837E-04    0.1645958E-04   -0.5031216E-03   -0.2830891E-02    0.7057246E-02   -0.1911783E-02   -0.8278790E-03   -0.2928624E-03    0.4547604E-03   -0.3065511E-02   -0.1540380E+01    0.9341993E-01    0.2474451E+01   -0.1065367E+02    0.4634973E+01    0.5421600E+01   -0.2024283E+00   -0.2186880E+01    0.2146890E+00    0.2595186E+01    0.1723008E+02    0.2540958E+02    0.2073318E-04    0.2573541E-02
    0.6573819E-05   -0.1375758E-03    0.3674130E-04    0.1307181E-04    0.1433649E-02    0.1900182E-01    0.3596473E-03    0.3035959E-03    0.2852576E-03    0.6065543E-03   -0.2932131E-02   -0.1796384E+02    0.9934389E-01    0.2204509E+01   -0.1559883E+02    0.5249544E+01    0.6144521E+01    0.1524345E+02   -0.1897134E+01    0.3471854E+00    0.1544087E+01    0.2540958E+02    0.5389893E+02    0.1469403E-03    0.4587653E-02
    0.2619217E-08   -0.2800468E-07   -0.3656927E-09   -0.1855493E-06   -0.5211694E-06    0.2640104E-05   -0.1894513E-06   -0.1767695E-06   -0.1824007E-07    0.6451538E-07    0.1528525E-05   -0.2419514E-03    0.2485360E-05    0.1953800E-03    0.6120888E-02    0.1069726E-03    0.6998092E-03    0.6288523E-03   -0.1280543E-03    0.2603767E-03   -0.2864556E-03    0.2073318E-04    0.1469403E-03    0.5932393E-06   -0.3156765E-09
   -0.1830949E-07    0.8454998E-07   -0.3094616E-10   -0.9332146E-06   -0.1402159E-05   -0.4308789E-05   -0.1906328E-05   -0.6253317E-06   -0.8154838E-07    0.4783637E-07    0.2212747E-05    0.4573168E-02   -0.1910816E-04   -0.3814011E-03    0.5041958E-02    0.3853505E-03   -0.2583745E-02   -0.7891463E-02    0.1582667E-03    0.8000570E-05   -0.2099628E-03    0.2573541E-02    0.4587653E-02   -0.3156765E-09    0.2159619E-05
