# omegabh2 omegach2 theta tau logA ns r galfTE100 galfTE100143 galfTE100217 galfTE143 galfTE143217 galfTE217 cal0 cal2 calPlanck
  6.3380165E-08  -2.1726256E-07   3.7685064E-08   2.9486450E-07   7.5687563E-07   1.6729388E-06  -1.4764335E-07  -2.5248383E-07  -1.0407039E-07  -2.7846800E-07  -5.2956191E-07  -1.1508533E-06  -4.5349589E-06   9.8979661E-10  -1.3090132E-09   2.3065256E-08
 -2.1726256E-07   4.0444518E-06  -3.3411284E-07  -2.0756087E-06   5.6869253E-06  -1.0759802E-05   6.0889840E-06   1.6313585E-06   6.8544738E-07  -5.9845864E-07   4.3616942E-06   7.8158016E-06   3.7767306E-05  -1.2765729E-08   1.3803479E-08  -2.1626047E-07
  3.7685064E-08  -3.3411284E-07   2.5638014E-07   2.1428717E-07  -1.3357349E-07   1.3364128E-06  -1.8211051E-06  -1.4739596E-07  -7.4508592E-08  -4.0606571E-10  -6.2361073E-07  -8.6108468E-07  -3.7311821E-06   4.9522269E-09   9.0796188E-10   3.8764885E-09
  2.9486450E-07  -2.0756087E-06   2.1428717E-07   3.5160000E-05   7.1231403E-05   1.4750220E-05  -9.7986166E-06  -2.1859635E-06   5.9489311E-07  -2.8947380E-06   2.8931792E-06  -9.1424322E-07  -2.0970643E-05   2.2632193E-08  -1.3892648E-08   4.6897563E-08
  7.5687563E-07   5.6869253E-06  -1.3357349E-07   7.1231403E-05   2.3887586E-04   3.3579987E-05  -2.9179516E-05   3.5047077E-06   3.7805933E-06  -6.2611404E-06   1.6453719E-05   2.3672887E-05   1.5176154E-04  -2.1719372E-08   9.2834424E-08   1.2454058E-05
  1.6729388E-06  -1.0759802E-05   1.3364128E-06   1.4750220E-05   3.3579987E-05   1.2320871E-04   7.2395294E-05  -8.8538425E-06   6.4989803E-07  -7.0376974E-06  -8.0413977E-06  -5.5910463E-06   2.5571859E-07  -3.9333430E-08  -6.3687874E-08   1.4987186E-06
 -1.4764335E-07   6.0889840E-06  -1.8211051E-06  -9.7986166E-06  -2.9179516E-05   7.2395294E-05   8.4419619E-03   1.4376295E-04   1.2697278E-04  -8.4271108E-06   3.5497487E-04   1.0498540E-04  -3.2977008E-05   8.4586275E-08  -8.2270479E-07  -3.9587842E-06
 -2.5248383E-07   1.6313585E-06  -1.4739596E-07  -2.1859635E-06   3.5047077E-06  -8.8538425E-06   1.4376295E-04   1.4619352E-03   2.6523731E-04   1.1972535E-04  -3.4593450E-04  -1.0549566E-04  -5.4046148E-05   1.0703616E-07  -7.8875100E-08   6.5206138E-07
 -1.0407039E-07   6.8544738E-07  -7.4508592E-08   5.9489311E-07   3.7805933E-06   6.4989803E-07   1.2697278E-04   2.6523731E-04   8.7223382E-04   5.5135435E-05   7.4400201E-04   5.4310035E-05  -6.9376029E-04  -1.9491379E-07   4.8394252E-08   5.1705054E-08
 -2.7846800E-07  -5.9845864E-07  -4.0606571E-10  -2.8947380E-06  -6.2611404E-06  -7.0376974E-06  -8.4271108E-06   1.1972535E-04   5.5135435E-05   7.1209739E-03  -2.6313043E-04   7.1933021E-04   4.3223608E-03   3.9197114E-07  -2.3692671E-07   8.5029123E-07
 -5.2956191E-07   4.3616942E-06  -6.2361073E-07   2.8931792E-06   1.6453719E-05  -8.0413977E-06   3.5497487E-04  -3.4593450E-04   7.4400201E-04  -2.6313043E-04   2.9102453E-03   5.5282642E-04  -1.0933740E-03  -1.1267238E-07  -3.4645898E-10  -1.1778189E-06
 -1.1508533E-06   7.8158016E-06  -8.6108468E-07  -9.1424322E-07   2.3672887E-05  -5.5910463E-06   1.0498540E-04  -1.0549566E-04   5.4310035E-05   7.1933021E-04   5.5282642E-04   6.4155216E-03   8.1217993E-03  -2.7972383E-07  -4.9003284E-07  -2.4724665E-06
 -4.5349589E-06   3.7767306E-05  -3.7311821E-06  -2.0970643E-05   1.5176154E-04   2.5571859E-07  -3.2977008E-05  -5.4046148E-05  -6.9376029E-04   4.3223608E-03  -1.0933740E-03   8.1217993E-03   7.3547625E-02  -7.3311117E-07   3.7421274E-07   3.2056372E-06
  9.8979661E-10  -1.2765729E-08   4.9522269E-09   2.2632193E-08  -2.1719372E-08  -3.9333430E-08   8.4586275E-08   1.0703616E-07  -1.9491379E-07   3.9197114E-07  -1.1267238E-07  -2.7972383E-07  -7.3311117E-07   4.8427001E-07  -1.8053697E-09  -2.8091659E-08
 -1.3090132E-09   1.3803479E-08   9.0796188E-10  -1.3892648E-08   9.2834424E-08  -6.3687874E-08  -8.2270479E-07  -7.8875100E-08   4.8394252E-08  -2.3692671E-07  -3.4645898E-10  -4.9003284E-07   3.7421274E-07  -1.8053697E-09   4.2816453E-07   2.6982794E-08
  2.3065256E-08  -2.1626047E-07   3.8764885E-09   4.6897563E-08   1.2454058E-05   1.4987186E-06  -3.9587842E-06   6.5206138E-07   5.1705054E-08   8.5029123E-07  -1.1778189E-06  -2.4724665E-06   3.2056372E-06  -2.8091659E-08   2.6982794E-08   6.2274775E-06
