# omegabh2 omegach2 theta tau logA ns calPlanck acib217 xi asz143 aps100 aps143 aps143217 aps217 aksz kgal100 kgal143 kgal143217 kgal217 cal0 cal2
    0.7403128E-07   -0.4904856E-06    0.8092008E-07    0.5746298E-05    0.1046478E-04    0.1545109E-05    0.2233939E-07   -0.3924507E-03    0.9924280E-05    0.8743173E-04   -0.1579764E-02   -0.8710876E-03   -0.1780580E-03    0.6997603E-04   -0.1213103E-03   -0.1243924E-04   -0.1438233E-04   -0.3858449E-04    0.3016098E-04    0.2974383E-08   -0.3432493E-07
   -0.4904856E-06    0.6769215E-05   -0.7830788E-06   -0.5789203E-04   -0.9961561E-04   -0.1847922E-04   -0.9909124E-07    0.2536625E-02   -0.6428382E-04   -0.5112298E-03    0.1058943E-01    0.5767582E-02    0.1403701E-02   -0.3365252E-03    0.7156340E-03    0.4988922E-04    0.1092689E-03    0.3574208E-03    0.7068472E-04   -0.2082193E-07    0.2802215E-06
    0.8092008E-07   -0.7830788E-06    0.2759009E-06    0.8013429E-05    0.1443024E-04    0.2479319E-05    0.4602097E-07   -0.3676843E-03    0.8162940E-05    0.6235312E-04   -0.1446224E-02   -0.8087629E-03   -0.2359120E-03    0.4553454E-04   -0.9699484E-04   -0.3999631E-05   -0.1509502E-04   -0.4070976E-04    0.4398018E-04    0.2600451E-08   -0.2870789E-07
    0.5746298E-05   -0.5789203E-04    0.8013429E-05    0.1094681E-02    0.2043952E-02    0.1950492E-03   -0.1692286E-05   -0.4789840E-01    0.1211651E-02    0.8941231E-02   -0.1941932E+00   -0.8997870E-01   -0.1027853E-01    0.2021908E-01   -0.1541530E-01   -0.2294695E-02   -0.2447339E-02   -0.7572012E-02   -0.8556180E-03   -0.1439203E-06   -0.5308757E-05
    0.1046478E-04   -0.9961561E-04    0.1443024E-04    0.2043952E-02    0.3864302E-02    0.3436868E-03    0.8618189E-05   -0.9028255E-01    0.2303450E-02    0.1676398E-01   -0.3578979E+00   -0.1655686E+00   -0.1494953E-01    0.4554277E-01   -0.2983471E-01   -0.4745292E-02   -0.5121210E-02   -0.1457946E-01    0.4262537E-03   -0.7323391E-07   -0.1006075E-04
    0.1545109E-05   -0.1847922E-04    0.2479319E-05    0.1950492E-03    0.3436868E-03    0.6319002E-04    0.1323770E-06   -0.1292790E-01    0.3327060E-03    0.2503872E-02   -0.5781278E-01   -0.2343101E-01   -0.9576717E-03    0.7291539E-02   -0.4472613E-02    0.1430250E-03   -0.4512391E-03   -0.1817738E-02    0.2005840E-03   -0.1835668E-06   -0.1287372E-05
    0.2233939E-07   -0.9909124E-07    0.4602097E-07   -0.1692286E-05    0.8618189E-05    0.1323770E-06    0.6044907E-05    0.6099607E-03   -0.5085330E-05    0.2590295E-04    0.3481454E-02    0.1609045E-03    0.1535810E-03    0.1238527E-02    0.9124751E-05   -0.1021976E-05    0.2594028E-04    0.2378471E-04    0.8576764E-03   -0.3239925E-08   -0.2934137E-07
   -0.3924507E-03    0.2536625E-02   -0.3676843E-03   -0.4789840E-01   -0.9028255E-01   -0.1292790E-01    0.6099607E-03    0.4533927E+02   -0.5545483E+00   -0.2171337E+01    0.5201484E+02    0.4308102E+01   -0.2121300E+02   -0.6211410E+02    0.1063413E+01    0.6300170E-01    0.1298894E+00   -0.1682619E+01   -0.1827893E+02   -0.2634071E-03    0.4612065E-02
    0.9924280E-05   -0.6428382E-04    0.8162940E-05    0.1211651E-02    0.2303450E-02    0.3327060E-03   -0.5085330E-05   -0.5545483E+00    0.8020994E-01   -0.4814953E-01   -0.8021941E+00    0.8913388E+00    0.1868859E+01    0.8104298E+00    0.4588766E-01   -0.1008258E-01    0.7503332E-02    0.1019115E+00    0.1203729E+00    0.4211937E-05   -0.2405832E-04
    0.8743173E-04   -0.5112298E-03    0.6235312E-04    0.8941231E-02    0.1676398E-01    0.2503872E-02    0.2590295E-04   -0.2171337E+01   -0.4814953E-01    0.3584648E+01   -0.2925738E+02   -0.4716827E+01    0.7079172E+01    0.6474851E+01   -0.2372999E+01   -0.1385216E+00    0.1198733E-01    0.2120288E+01    0.2001638E+01    0.1930354E-03   -0.3849378E-03
   -0.1579764E-02    0.1058943E-01   -0.1446224E-02   -0.1941932E+00   -0.3578979E+00   -0.5781278E-01    0.3481454E-02    0.5201484E+02   -0.8021941E+00   -0.2925738E+02    0.7944261E+03    0.8232745E+02   -0.5725486E+02   -0.7379534E+02    0.1347617E+02   -0.3950449E+01    0.3407725E+01   -0.1007624E+02   -0.1734309E+02    0.6195565E-02    0.4617274E-02
   -0.8710876E-03    0.5767582E-02   -0.8087629E-03   -0.8997870E-01   -0.1655686E+00   -0.2343101E-01    0.1609045E-03    0.4308102E+01    0.8913388E+00   -0.4716827E+01    0.8232745E+02    0.6687634E+02    0.4354641E+02    0.1498212E+02   -0.2453442E+01   -0.1350737E+00   -0.9981841E+00    0.4151420E+01    0.3792408E+01    0.6104661E-04    0.6435900E-03
   -0.1780580E-03    0.1403701E-02   -0.2359120E-03   -0.1027853E-01   -0.1494953E-01   -0.9576717E-03    0.1535810E-03   -0.2121300E+02    0.1868859E+01    0.7079172E+01   -0.5725486E+02    0.4354641E+02    0.9622788E+02    0.6526473E+02   -0.9982848E+01   -0.5846463E+00   -0.4426067E+00    0.4160879E+01    0.4820962E+01    0.7261862E-03   -0.2523465E-02
    0.6997603E-04   -0.3365252E-03    0.4553454E-04    0.2021908E-01    0.4554277E-01    0.7291539E-02    0.1238527E-02   -0.6211410E+02    0.8104298E+00    0.6474851E+01   -0.7379534E+02    0.1498212E+02    0.6526473E+02    0.1213053E+03   -0.9214904E+01   -0.3875543E+00   -0.4822093E+00   -0.1326279E+01    0.1410689E+02    0.7320412E-03   -0.7870302E-02
   -0.1213103E-03    0.7156340E-03   -0.9699484E-04   -0.1541530E-01   -0.2983471E-01   -0.4472613E-02    0.9124751E-05    0.1063413E+01    0.4588766E-01   -0.2372999E+01    0.1347617E+02   -0.2453442E+01   -0.9982848E+01   -0.9214904E+01    0.5323933E+01    0.9825089E-01   -0.1632701E-01   -0.1547735E+01   -0.1442142E+01   -0.1187336E-03    0.1990396E-03
   -0.1243924E-04    0.4988922E-04   -0.3999631E-05   -0.2294695E-02   -0.4745292E-02    0.1430250E-03   -0.1021976E-05    0.6300170E-01   -0.1008258E-01   -0.1385216E+00   -0.3950449E+01   -0.1350737E+00   -0.5846463E+00   -0.3875543E+00    0.9825089E-01    0.3574024E+01    0.4186593E+00    0.1841020E+00    0.2977647E+00    0.2918936E-03   -0.1029337E-05
   -0.1438233E-04    0.1092689E-03   -0.1509502E-04   -0.2447339E-02   -0.5121210E-02   -0.4512391E-03    0.2594028E-04    0.1298894E+00    0.7503332E-02    0.1198733E-01    0.3407725E+01   -0.9981841E+00   -0.4426067E+00   -0.4822093E+00   -0.1632701E-01    0.4186593E+00    0.3447616E+01    0.2654421E+01    0.1763986E+01   -0.2807152E-03   -0.2262708E-03
   -0.3858449E-04    0.3574208E-03   -0.4070976E-04   -0.7572012E-02   -0.1457946E-01   -0.1817738E-02    0.2378471E-04   -0.1682619E+01    0.1019115E+00    0.2120288E+01   -0.1007624E+02    0.4151420E+01    0.4160879E+01   -0.1326279E+01   -0.1547735E+01    0.1841020E+00    0.2654421E+01    0.1739327E+02    0.2606114E+02   -0.1917897E-04    0.2606553E-02
    0.3016098E-04    0.7068472E-04    0.4398018E-04   -0.8556180E-03    0.4262537E-03    0.2005840E-03    0.8576764E-03   -0.1827893E+02    0.1203729E+00    0.2001638E+01   -0.1734309E+02    0.3792408E+01    0.4820962E+01    0.1410689E+02   -0.1442142E+01    0.2977647E+00    0.1763986E+01    0.2606114E+02    0.5530730E+02    0.4894344E-04    0.4655826E-02
    0.2974383E-08   -0.2082193E-07    0.2600451E-08   -0.1439203E-06   -0.7323391E-07   -0.1835668E-06   -0.3239925E-08   -0.2634071E-03    0.4211937E-05    0.1930354E-03    0.6195565E-02    0.6104661E-04    0.7261862E-03    0.7320412E-03   -0.1187336E-03    0.2918936E-03   -0.2807152E-03   -0.1917897E-04    0.4894344E-04    0.6111381E-06   -0.1608777E-07
   -0.3432493E-07    0.2802215E-06   -0.2870789E-07   -0.5308757E-05   -0.1006075E-04   -0.1287372E-05   -0.2934137E-07    0.4612065E-02   -0.2405832E-04   -0.3849378E-03    0.4617274E-02    0.6435900E-03   -0.2523465E-02   -0.7870302E-02    0.1990396E-03   -0.1029337E-05   -0.2262708E-03    0.2606553E-02    0.4655826E-02   -0.1608777E-07    0.2136787E-05
