# omegabh2 omegach2 theta tau w logA ns calPlanck acib217 xi asz143 aps100 aps143 aps143217 aps217 aksz kgal100 kgal143 kgal143217 kgal217 cal0 cal2
  4.5536643E-08  -2.0397871E-07   4.3164543E-08   3.6725329E-07   5.0492045E-06   3.6044255E-07   6.2657387E-07   8.0192458E-09  -1.1700178E-04   2.3794603E-06   5.6453653E-05  -9.3504674E-04  -4.8870157E-04  -1.7715629E-04  -1.0429209E-04  -7.2490547E-05   1.1520077E-05   4.7324683E-06   2.0328070E-05   5.8329876E-05  -3.5282531E-09   2.8545180E-09
 -2.0397871E-07   4.1664576E-06  -3.9153682E-07  -3.7124707E-06  -7.8525378E-05   2.2226537E-06  -9.5097483E-06  -2.6398363E-07  -7.2091352E-04   1.9205928E-05   3.3027378E-05   3.3994529E-04   1.7637920E-03   2.2602151E-03   2.1466615E-03   3.2599685E-05  -1.0380610E-04  -1.3947414E-04  -6.7286312E-05   2.0322410E-04   5.1518757E-08  -5.7923049E-08
  4.3164543E-08  -3.9153682E-07   2.1297588E-07   3.0115788E-07   1.0733198E-05  -6.1348602E-08   1.1475588E-06   5.7008589E-08   2.5070760E-04  -2.5329309E-06   1.5569385E-05   4.4803579E-05  -3.8756753E-04  -3.4592611E-04  -5.5615765E-04   1.3762847E-05   4.0598752E-05   6.2735700E-05   4.2560056E-06  -8.1270483E-05  -1.3292724E-08   1.3126384E-08
  3.6725329E-07  -3.7124707E-06   3.0115788E-07   6.1941025E-05   6.5279745E-05   1.1582792E-04   1.0922124E-05   4.8349725E-07   1.1910218E-03  -8.2368949E-05   7.9816106E-04  -2.7602025E-03  -7.5476249E-03  -4.0348893E-03  -2.7516664E-03  -1.6054719E-03  -1.9192468E-04   1.2936197E-04  -7.2598805E-04  -1.9143094E-03  -2.9046398E-08   1.4201731E-07
  5.0492045E-06  -7.8525378E-05   1.0733198E-05   6.5279745E-05   4.4281999E-03  -4.3828428E-05   1.8909427E-04   6.8438544E-06   1.2673834E-02  -3.8861521E-04   7.7655810E-05  -2.6161530E-02  -4.9587893E-02  -4.0831583E-02  -4.2176474E-02  -1.6778345E-03   7.6260824E-04   1.4325182E-03  -6.7196513E-03  -1.5452146E-02  -1.1507251E-06   5.9432184E-07
  3.6044255E-07   2.2226537E-06  -6.1348602E-08   1.1582792E-04  -4.3828428E-05   2.6360750E-04  -8.6160491E-07   1.1309355E-05  -7.5007457E-05  -2.7179163E-05   1.5450494E-03  -4.1425026E-03  -8.3717657E-03   1.2471645E-03   5.6366370E-03  -4.1082495E-03  -1.2341308E-03  -1.2283201E-03  -2.8065330E-03  -2.6507026E-03   2.8443991E-07   2.6466723E-07
  6.2657387E-07  -9.5097483E-06   1.1475588E-06   1.0922124E-05   1.8909427E-04  -8.6160491E-07   3.3164287E-05   1.1539178E-06  -1.5897899E-03  -2.4579595E-08   9.8164131E-04  -2.5885829E-02  -1.1003172E-02  -4.2117558E-03  -1.7438400E-03  -2.7680659E-03   6.5453114E-04   2.3357830E-05  -2.0721662E-04   2.5112666E-04  -2.9789825E-07   5.2214205E-08
  8.0192458E-09  -2.6398363E-07   5.7008589E-08   4.8349725E-07   6.8438544E-06   1.1309355E-05   1.1539178E-06   5.5457118E-06   7.2744572E-04   1.5859895E-05  -4.8893458E-05   2.1984635E-03   1.3777544E-03   9.6576177E-04   1.1063883E-03  -1.3591781E-04  -8.5693074E-05  -2.3161057E-04  -2.6274414E-04   4.3539027E-04   1.6098363E-08   5.9784702E-08
 -1.1700178E-04  -7.2091352E-04   2.5070760E-04   1.1910218E-03   1.2673834E-02  -7.5007457E-05  -1.5897899E-03   7.2744572E-04   4.2652844E+01  -3.2550211E-01  -4.4616993E-01   3.4643873E+01   2.1334444E+00  -1.0862155E+01  -5.2186009E+01  -1.9031687E-01   2.9782703E-01   7.9743726E-01  -5.1546192E+00  -3.0999998E+01  -2.9846356E-04   6.9582813E-04
  2.3794603E-06   1.9205928E-05  -2.5329309E-06  -8.2368949E-05  -3.8861521E-04  -2.7179163E-05  -2.4579595E-08   1.5859895E-05  -3.2550211E-01   7.9321041E-02  -6.6266301E-02  -2.9370164E-01   9.2325450E-01   1.5239172E+00   5.0352052E-01   5.6912906E-02   1.7791874E-02   1.8297841E-02   1.1397597E-01   1.1241690E-01  -3.1880393E-06  -2.1935329E-06
  5.6453653E-05   3.3027378E-05   1.5569385E-05   7.9816106E-04   7.7655810E-05   1.5450494E-03   9.8164131E-04  -4.8893458E-05  -4.4616993E-01  -6.6266301E-02   4.1570669E+00  -3.2671752E+01  -4.0921322E+00   8.0038180E+00   5.1779416E+00  -3.0557638E+00  -1.4388847E-01   2.8530218E-01   2.6081018E+00   2.8664010E+00   1.3755242E-04  -5.4745630E-05
 -9.3504674E-04   3.3994529E-04   4.4803579E-05  -2.7602025E-03  -2.6161530E-02  -4.1425026E-03  -2.5885829E-02   2.1984635E-03   3.4643873E+01  -2.9370164E-01  -3.2671752E+01   7.8872566E+02   7.8020322E+01  -5.2444205E+01  -6.0865121E+01   1.6273193E+01  -7.0050010E+00   4.5065354E+00  -1.3276028E+01  -2.2723950E+01   3.2867921E-03   1.0841335E-03
 -4.8870157E-04   1.7637920E-03  -3.8756753E-04  -7.5476249E-03  -4.9587893E-02  -8.3717657E-03  -1.1003172E-02   1.3777544E-03   2.1334444E+00   9.2325450E-01  -4.0921322E+00   7.8020322E+01   6.2566966E+01   3.8762147E+01   1.4918462E+01  -3.8243951E+00  -3.4040060E-01  -1.2673518E+00   2.7621524E+00   3.3619192E+00   2.1882800E-04   1.4636661E-04
 -1.7715629E-04   2.2602151E-03  -3.4592611E-04  -4.0348893E-03  -4.0831583E-02   1.2471645E-03  -4.2117558E-03   9.6576177E-04  -1.0862155E+01   1.5239172E+00   8.0038180E+00  -5.2444205E+01   3.8762147E+01   8.2796285E+01   5.1427978E+01  -1.2334324E+01  -1.4009942E-01  -3.0772419E-01   4.7072361E+00   6.1835755E+00   6.0148864E-04  -5.0203899E-04
 -1.0429209E-04   2.1466615E-03  -5.5615765E-04  -2.7516664E-03  -4.2176474E-02   5.6366370E-03  -1.7438400E-03   1.1063883E-03  -5.2186009E+01   5.0352052E-01   5.1779416E+00  -6.0865121E+01   1.4918462E+01   5.1427978E+01   1.0083650E+02  -9.1941438E+00  -4.5099398E-01  -1.5303353E+00   4.2640491E+00   2.9501917E+01   6.9784179E-04  -1.4642596E-03
 -7.2490547E-05   3.2599685E-05   1.3762847E-05  -1.6054719E-03  -1.6778345E-03  -4.1082495E-03  -2.7680659E-03  -1.3591781E-04  -1.9031687E-01   5.6912906E-02  -3.0557638E+00   1.6273193E+01  -3.8243951E+00  -1.2334324E+01  -9.1941438E+00   6.3533001E+00   1.7963955E-01  -2.8066751E-01  -2.0141454E+00  -2.1643089E+00  -9.7196152E-05  -1.3429247E-05
  1.1520077E-05  -1.0380610E-04   4.0598752E-05  -1.9192468E-04   7.6260824E-04  -1.2341308E-03   6.5453114E-04  -8.5693074E-05   2.9782703E-01   1.7791874E-02  -1.4388847E-01  -7.0050010E+00  -3.4040060E-01  -1.4009942E-01  -4.5099398E-01   1.7963955E-01   3.2624726E+00   5.8757090E-01   1.4668276E-01  -2.9650493E-01   2.1213923E-04  -1.1595109E-05
  4.7324683E-06  -1.3947414E-04   6.2735700E-05   1.2936197E-04   1.4325182E-03  -1.2283201E-03   2.3357830E-05  -2.3161057E-04   7.9743726E-01   1.8297841E-02   2.8530218E-01   4.5065354E+00  -1.2673518E+00  -3.0772419E-01  -1.5303353E+00  -2.8066751E-01   5.8757090E-01   3.3107639E+00   2.7686989E+00   2.5500220E+00  -2.2821535E-04  -2.4679709E-05
  2.0328070E-05  -6.7286312E-05   4.2560056E-06  -7.2598805E-04  -6.7196513E-03  -2.8065330E-03  -2.0721662E-04  -2.6274414E-04  -5.1546192E+00   1.1397597E-01   2.6081018E+00  -1.3276028E+01   2.7621524E+00   4.7072361E+00   4.2640491E+00  -2.0141454E+00   1.4668276E-01   2.7686989E+00   1.0272941E+01   1.8072164E+01  -4.3754115E-06   4.8014470E-04
  5.8329876E-05   2.0322410E-04  -8.1270483E-05  -1.9143094E-03  -1.5452146E-02  -2.6507026E-03   2.5112666E-04   4.3539027E-04  -3.0999998E+01   1.1241690E-01   2.8664010E+00  -2.2723950E+01   3.3619192E+00   6.1835755E+00   2.9501917E+01  -2.1643089E+00  -2.9650493E-01   2.5500220E+00   1.8072164E+01   5.0650175E+01   1.7195608E-04   1.1039939E-03
 -3.5282531E-09   5.1518757E-08  -1.3292724E-08  -2.9046398E-08  -1.1507251E-06   2.8443991E-07  -2.9789825E-07   1.6098363E-08  -2.9846356E-04  -3.1880393E-06   1.3755242E-04   3.2867921E-03   2.1882800E-04   6.0148864E-04   6.9784179E-04  -9.7196152E-05   2.1213923E-04  -2.2821535E-04  -4.3754115E-06   1.7195608E-04   3.9993093E-07   3.9554772E-09
  2.8545180E-09  -5.7923049E-08   1.3126384E-08   1.4201731E-07   5.9432184E-07   2.6466723E-07   5.2214205E-08   5.9784702E-08   6.9582813E-04  -2.1935329E-06  -5.4745630E-05   1.0841335E-03   1.4636661E-04  -5.0203899E-04  -1.4642596E-03  -1.3429247E-05  -1.1595109E-05  -2.4679709E-05   4.8014470E-04   1.1039939E-03   3.9554772E-09   3.9699350E-07
