# omegabh2 omegach2 theta tau alpha1 logA ns calPlanck acib217 xi asz143 aps100 aps143 aps143217 aps217 aksz kgal100 kgal143 kgal143217 kgal217 galfEE100 galfEE100143 galfEE100217 galfEE143 galfEE143217 galfEE217 galfTE100 galfTE100143 galfTE100217 galfTE143 galfTE143217 galfTE217 cal0 cal2
    0.2446255E-07   -0.1137471E-06    0.1425358E-07    0.9325193E-06   -0.1033799E-07    0.1725093E-05    0.2740736E-06    0.1656776E-07   -0.1139966E-03    0.2935223E-05    0.2718275E-04   -0.4808818E-03   -0.2470366E-03   -0.3121104E-04    0.5141702E-04   -0.3836560E-04   -0.5581823E-06   -0.1009705E-04   -0.1514594E-04    0.4022258E-06    0.5190818E-07    0.7204863E-07   -0.2235041E-07    0.8266549E-07    0.1471658E-06    0.2692092E-06   -0.6149215E-07   -0.5268573E-07    0.7822969E-07   -0.2079749E-06   -0.5664980E-06   -0.2481810E-05    0.4741791E-08   -0.1051620E-07
   -0.1137471E-06    0.3357300E-05   -0.5578051E-06   -0.1020664E-04   -0.6756905E-06   -0.1122659E-04   -0.1108532E-04   -0.2157323E-06    0.4784979E-03   -0.1481807E-04   -0.2169861E-03    0.3877975E-02    0.1910363E-02    0.5142213E-03    0.1389478E-03    0.2682127E-03   -0.7572016E-05    0.5502306E-05    0.7052033E-04    0.1037186E-03   -0.1596464E-06   -0.2217052E-06   -0.1724748E-06   -0.3798075E-06   -0.1349500E-05   -0.1294475E-05    0.1179116E-05    0.2927213E-06    0.1849191E-05    0.1572140E-05    0.4246424E-05    0.1819161E-04    0.2013857E-07    0.5149878E-07
    0.1425358E-07   -0.5578051E-06    0.2166764E-06    0.1258663E-05    0.2013535E-06    0.8893167E-06    0.2322868E-05    0.3297091E-07   -0.9256407E-04    0.1263214E-05    0.4194066E-04   -0.6868483E-03   -0.2673502E-03   -0.1644662E-04    0.6017075E-04   -0.5594589E-04    0.2962657E-06   -0.7795536E-06   -0.8252110E-05    0.1384820E-04   -0.1071483E-06   -0.1465805E-06   -0.8888371E-07   -0.1231898E-06    0.1757176E-06   -0.4438556E-07   -0.2427400E-06   -0.2915066E-06   -0.1029479E-06   -0.4274128E-06   -0.7223743E-06   -0.2745200E-05   -0.5405658E-08   -0.6742545E-08
    0.9325193E-06   -0.1020664E-04    0.1258663E-05    0.2696188E-03    0.1989838E-06    0.5102394E-03    0.3796598E-04   -0.1592704E-05   -0.1226971E-01    0.2858089E-03    0.2317371E-02   -0.4608660E-01   -0.1948264E-01    0.4786311E-03    0.8981604E-02   -0.4229810E-02   -0.7068828E-03   -0.1037236E-02   -0.2800846E-02   -0.2018513E-02    0.3109375E-05    0.4830520E-05    0.1573161E-05    0.4260711E-05   -0.1421606E-05   -0.2213412E-04   -0.3631241E-05    0.4317327E-06    0.1008645E-04   -0.1304946E-04   -0.3493854E-04   -0.8605121E-04    0.1361754E-06   -0.1618444E-05
   -0.1033799E-07   -0.6756905E-06    0.2013535E-06    0.1989838E-06    0.4288393E-06   -0.1938142E-05    0.3107828E-05    0.3470755E-07   -0.5287975E-04    0.1134202E-05    0.4200654E-04   -0.6823628E-03   -0.2195229E-03    0.3618917E-04    0.5658446E-04   -0.7001625E-04   -0.2320399E-05    0.1585174E-04    0.5163889E-05    0.3192153E-04   -0.2946104E-06   -0.3732457E-06    0.2670655E-08   -0.3842674E-06    0.1683991E-06    0.7424598E-06   -0.4674716E-06   -0.6609426E-07   -0.1802839E-06   -0.2522904E-06   -0.5260235E-06   -0.1378494E-06   -0.1481292E-07    0.4546835E-08
    0.1725093E-05   -0.1122659E-04    0.8893167E-06    0.5102394E-03   -0.1938142E-05    0.1017480E-02    0.4165611E-04    0.8835431E-05   -0.2332596E-01    0.6023757E-03    0.3905598E-02   -0.7670591E-01   -0.3222479E-01    0.4967824E-02    0.2375973E-01   -0.8297010E-02   -0.1887022E-02   -0.2772279E-02   -0.6105920E-02   -0.2522252E-02    0.7270651E-05    0.9930495E-05    0.1835399E-05    0.9422661E-05   -0.7877675E-05   -0.4483348E-04   -0.3812216E-05    0.2719617E-05    0.2476553E-04   -0.1754779E-04   -0.6045703E-04   -0.1172704E-03    0.5694758E-06   -0.3169970E-05
    0.2740736E-06   -0.1108532E-04    0.2322868E-05    0.3796598E-04    0.3107828E-05    0.4165611E-04    0.4948088E-04    0.4568918E-06   -0.5794982E-02    0.1612086E-03    0.1565010E-02   -0.3318392E-01   -0.1020424E-01    0.2314033E-02    0.5686366E-02   -0.2933145E-02    0.1971630E-03   -0.1149687E-03   -0.8801768E-03   -0.1314394E-03    0.6206569E-06    0.7624154E-06   -0.6174080E-06    0.1065059E-05    0.4543632E-05    0.5568593E-05   -0.4212048E-05    0.5884884E-06   -0.6884332E-05   -0.2704736E-05   -0.8885796E-05   -0.3981638E-04   -0.2259241E-06   -0.5301681E-06
    0.1656776E-07   -0.2157323E-06    0.3297091E-07   -0.1592704E-05    0.3470755E-07    0.8835431E-05    0.4568918E-06    0.6206778E-05    0.8230488E-03    0.6273690E-05   -0.5427690E-04    0.3606052E-02    0.6497121E-03    0.3654321E-03    0.1133957E-02    0.3181692E-04   -0.1318512E-03   -0.9350278E-04   -0.1253661E-03    0.6255116E-03    0.6425637E-06    0.3592671E-06   -0.2250755E-06    0.8998174E-06    0.2925619E-06    0.1655827E-05   -0.3450158E-07    0.6594360E-06   -0.1136187E-05    0.2691801E-05    0.3480844E-07    0.7170820E-05    0.2835502E-09    0.1022349E-07
   -0.1139966E-03    0.4784979E-03   -0.9256407E-04   -0.1226971E-01   -0.5287975E-04   -0.2332596E-01   -0.5794982E-02    0.8230488E-03    0.4300181E+02   -0.5038190E+00   -0.1687360E+01    0.4102915E+02    0.4949001E-01   -0.2216686E+02   -0.6127788E+02    0.4908528E+00   -0.1752108E-01    0.1318830E+00   -0.1522159E+01   -0.1751160E+02   -0.9029115E-03   -0.8897949E-03   -0.2573346E-03   -0.1165813E-03   -0.3722135E-02   -0.6954237E-02   -0.4360447E-03   -0.1205499E-03    0.5096924E-03   -0.3913868E-02   -0.2124478E-02   -0.9375675E-02   -0.2819717E-03    0.4399136E-02
    0.2935223E-05   -0.1481807E-04    0.1263214E-05    0.2858089E-03    0.1134202E-05    0.6023757E-03    0.1612086E-03    0.6273690E-05   -0.5038190E+00    0.7957690E-01   -0.5789651E-01   -0.7963703E+00    0.9858141E+00    0.1921972E+01    0.8144196E+00    0.5949731E-01   -0.1542360E-01    0.1335829E-02    0.9131081E-01    0.8289907E-01    0.3394612E-04    0.1265818E-04   -0.6262013E-04    0.9226666E-05    0.1220260E-04    0.1454858E-03    0.5124235E-05    0.6370331E-04    0.1963854E-04    0.1119463E-03    0.7318633E-05   -0.5388749E-03    0.3656823E-05   -0.1876490E-04
    0.2718275E-04   -0.2169861E-03    0.4194066E-04    0.2317371E-02    0.4200654E-04    0.3905598E-02    0.1565010E-02   -0.5427690E-04   -0.1687360E+01   -0.5789651E-01    0.3546620E+01   -0.2708855E+02   -0.3594400E+01    0.7497455E+01    0.6402472E+01   -0.2392795E+01   -0.1087430E+00    0.8299194E-01    0.2268771E+01    0.1991441E+01    0.1391085E-03    0.1818229E-03   -0.3396535E-03    0.1705382E-03   -0.6478531E-03    0.1839355E-02    0.9223967E-04   -0.8751550E-04   -0.9705260E-03    0.2457569E-03    0.3278563E-03   -0.3242748E-02    0.1789107E-03   -0.3744386E-03
   -0.4808818E-03    0.3877975E-02   -0.6868483E-03   -0.4608660E-01   -0.6823628E-03   -0.7670591E-01   -0.3318392E-01    0.3606052E-02    0.4102915E+02   -0.7963703E+00   -0.2708855E+02    0.7418546E+03    0.6161325E+02   -0.6356502E+02   -0.6735327E+02    0.1080249E+02   -0.4540194E+01    0.3297638E+01   -0.1066150E+02   -0.1476122E+02   -0.3035651E-02   -0.3677521E-02    0.4638596E-02   -0.4301675E-02    0.2079024E-02   -0.3901199E-01    0.7165578E-02    0.6183567E-03    0.1084264E-01    0.4961812E-02   -0.1172291E-01   -0.1095800E-01    0.5839182E-02    0.3594090E-02
   -0.2470366E-03    0.1910363E-02   -0.2673502E-03   -0.1948264E-01   -0.2195229E-03   -0.3222479E-01   -0.1020424E-01    0.6497121E-03    0.4949001E-01    0.9858141E+00   -0.3594400E+01    0.6161325E+02    0.5920369E+02    0.4393450E+02    0.1802946E+02   -0.4110158E+01   -0.3726771E+00   -0.1305578E+01    0.3468814E+01    0.3574546E+01   -0.5524143E-03   -0.1353654E-02   -0.6108634E-03   -0.1296948E-02    0.4194037E-03   -0.2833460E-02    0.2905846E-02    0.6963719E-03    0.2619932E-02   -0.1030289E-02    0.5027813E-02    0.1531670E-01    0.7792587E-04    0.2092897E-03
   -0.3121104E-04    0.5142213E-03   -0.1644662E-04    0.4786311E-03    0.3618917E-04    0.4967824E-02    0.2314033E-02    0.3654321E-03   -0.2216686E+02    0.1921972E+01    0.7497455E+01   -0.6356502E+02    0.4393450E+02    0.9935753E+02    0.6761873E+02   -0.1090759E+02   -0.8589214E+00   -0.5035218E+00    0.4083426E+01    0.4324817E+01    0.9786795E-03    0.1211026E-03   -0.4108114E-02   -0.2771759E-04   -0.3446333E-02    0.1370928E-01    0.1297991E-02   -0.4049361E-04   -0.1765921E-02    0.8793486E-03    0.7055062E-02    0.5787532E-02    0.6211831E-03   -0.2703019E-02
    0.5141702E-04    0.1389478E-03    0.6017075E-04    0.8981604E-02    0.5658446E-04    0.2375973E-01    0.5686366E-02    0.1133957E-02   -0.6127788E+02    0.8144196E+00    0.6402472E+01   -0.6735327E+02    0.1802946E+02    0.6761873E+02    0.1221245E+03   -0.9504546E+01   -0.4782592E+00   -0.4748165E+00   -0.1521042E+01    0.1329245E+02    0.1206486E-02    0.8024534E-03   -0.2056209E-02    0.6223594E-04    0.2622112E-03    0.1471789E-01    0.1600928E-03    0.1942486E-03   -0.9904640E-03    0.4006407E-02    0.9621872E-02    0.3923662E-01    0.6538039E-03   -0.7896004E-02
   -0.3836560E-04    0.2682127E-03   -0.5594589E-04   -0.4229810E-02   -0.7001625E-04   -0.8297010E-02   -0.2933145E-02    0.3181692E-04    0.4908528E+00    0.5949731E-01   -0.2392795E+01    0.1080249E+02   -0.4110158E+01   -0.1090759E+02   -0.9504546E+01    0.5346528E+01    0.7558932E-01   -0.7937429E-01   -0.1690116E+01   -0.1364431E+01   -0.1689260E-03   -0.2263210E-03    0.8217481E-03   -0.1729844E-03    0.1911317E-02   -0.1630925E-02   -0.8776396E-03   -0.2794051E-03   -0.1226840E-02    0.1237725E-02   -0.9435340E-03   -0.2829282E-02   -0.1219531E-03    0.2044011E-03
   -0.5581823E-06   -0.7572016E-05    0.2962657E-06   -0.7068828E-03   -0.2320399E-05   -0.1887022E-02    0.1971630E-03   -0.1318512E-03   -0.1752108E-01   -0.1542360E-01   -0.1087430E+00   -0.4540194E+01   -0.3726771E+00   -0.8589214E+00   -0.4782592E+00    0.7558932E-01    0.3462194E+01    0.4097051E+00    0.2819871E+00    0.4503183E+00    0.8456256E-04    0.7930539E-04    0.2636599E-03    0.7608212E-04    0.6725216E-03    0.2303881E-02   -0.7281513E-03    0.6750996E-03    0.9306922E-03    0.9373400E-03   -0.6052799E-03   -0.2155427E-02    0.2915775E-03    0.2142520E-04
   -0.1009705E-04    0.5502306E-05   -0.7795536E-06   -0.1037236E-02    0.1585174E-04   -0.2772279E-02   -0.1149687E-03   -0.9350278E-04    0.1318830E+00    0.1335829E-02    0.8299194E-01    0.3297638E+01   -0.1305578E+01   -0.5035218E+00   -0.4748165E+00   -0.7937429E-01    0.4097051E+00    0.3406177E+01    0.2591296E+01    0.1755368E+01    0.1236158E-03    0.4272987E-04    0.1196012E-02    0.1391500E-03    0.1509633E-03   -0.3394637E-03    0.5642679E-03   -0.1611731E-03    0.9784846E-03   -0.1652080E-03    0.1847462E-02    0.2902960E-02   -0.2825905E-03   -0.1959676E-03
   -0.1514594E-04    0.7052033E-04   -0.8252110E-05   -0.2800846E-02    0.5163889E-05   -0.6105920E-02   -0.8801768E-03   -0.1253661E-03   -0.1522159E+01    0.9131081E-01    0.2268771E+01   -0.1066150E+02    0.3468814E+01    0.4083426E+01   -0.1521042E+01   -0.1690116E+01    0.2819871E+00    0.2591296E+01    0.1722667E+02    0.2562724E+02   -0.2962742E-04   -0.7068654E-04    0.7387919E-03    0.4656713E-04    0.9313278E-03   -0.2583952E-02    0.1325630E-02   -0.1566438E-03   -0.7586590E-03    0.4822693E-03   -0.3530304E-02   -0.8306218E-02    0.2439814E-04    0.2604625E-02
    0.4022258E-06    0.1037186E-03    0.1384820E-04   -0.2018513E-02    0.3192153E-04   -0.2522252E-02   -0.1314394E-03    0.6255116E-03   -0.1751160E+02    0.8289907E-01    0.1991441E+01   -0.1476122E+02    0.3574546E+01    0.4324817E+01    0.1329245E+02   -0.1364431E+01    0.4503183E+00    0.1755368E+01    0.2562724E+02    0.5423499E+02    0.4265136E-03    0.2544531E-03    0.4545830E-03    0.9979609E-04    0.3068362E-02    0.2401885E-03    0.2201855E-02   -0.1354347E-02   -0.2103458E-03    0.2442932E-02   -0.6165352E-02   -0.3622234E-02    0.1270188E-03    0.4643369E-02
    0.5190818E-07   -0.1596464E-06   -0.1071483E-06    0.3109375E-05   -0.2946104E-06    0.7270651E-05    0.6206569E-06    0.6425637E-06   -0.9029115E-03    0.3394612E-04    0.1391085E-03   -0.3035651E-02   -0.5524143E-03    0.9786795E-03    0.1206486E-02   -0.1689260E-03    0.8456256E-04    0.1236158E-03   -0.2962742E-04    0.4265136E-03    0.3209718E-04    0.8753150E-05   -0.1693684E-05    0.3791634E-05    0.8373500E-06   -0.5530912E-05   -0.1804006E-06   -0.1740045E-05   -0.2004272E-05   -0.1113386E-05   -0.1895841E-05   -0.5632395E-05   -0.4943732E-07   -0.6215652E-07
    0.7204863E-07   -0.2217052E-06   -0.1465805E-06    0.4830520E-05   -0.3732457E-06    0.9930495E-05    0.7624154E-06    0.3592671E-06   -0.8897949E-03    0.1265818E-04    0.1818229E-03   -0.3677521E-02   -0.1353654E-02    0.1211026E-03    0.8024534E-03   -0.2263210E-03    0.7930539E-04    0.4272987E-04   -0.7068654E-04    0.2544531E-03    0.8753150E-05    0.2526765E-04   -0.1878046E-05    0.1315115E-04   -0.1530294E-05   -0.3129180E-05    0.1437493E-05   -0.1945268E-06    0.4774039E-05   -0.2169969E-05   -0.1528139E-05   -0.9862658E-05   -0.5989567E-07   -0.1211266E-06
   -0.2235041E-07   -0.1724748E-06   -0.8888371E-07    0.1573161E-05    0.2670655E-08    0.1835399E-05   -0.6174080E-06   -0.2250755E-06   -0.2573346E-03   -0.6262013E-04   -0.3396535E-03    0.4638596E-02   -0.6108634E-03   -0.4108114E-02   -0.2056209E-02    0.8217481E-03    0.2636599E-03    0.1196012E-02    0.7387919E-03    0.4545830E-03   -0.1693684E-05   -0.1878046E-05    0.1044377E-02   -0.3013886E-05    0.3140988E-05    0.5465098E-04   -0.1017596E-04   -0.5387435E-06   -0.6673673E-04    0.1213195E-04   -0.4265587E-05   -0.2963324E-04    0.5077146E-07   -0.6471485E-06
    0.8266549E-07   -0.3798075E-06   -0.1231898E-06    0.4260711E-05   -0.3842674E-06    0.9422661E-05    0.1065059E-05    0.8998174E-06   -0.1165813E-03    0.9226666E-05    0.1705382E-03   -0.4301675E-02   -0.1296948E-02   -0.2771759E-04    0.6223594E-04   -0.1729844E-03    0.7608212E-04    0.1391500E-03    0.4656713E-04    0.9979609E-04    0.3791634E-05    0.1315115E-04   -0.3013886E-05    0.4791548E-04   -0.3358394E-05    0.2207403E-06    0.1680687E-05   -0.2994073E-05    0.1588932E-05   -0.6694319E-05   -0.5676260E-06   -0.3718848E-05   -0.1946638E-07    0.2272677E-07
    0.1471658E-06   -0.1349500E-05    0.1757176E-06   -0.1421606E-05    0.1683991E-06   -0.7877675E-05    0.4543632E-05    0.2925619E-06   -0.3722135E-02    0.1220260E-04   -0.6478531E-03    0.2079024E-02    0.4194037E-03   -0.3446333E-02    0.2622112E-03    0.1911317E-02    0.6725216E-03    0.1509633E-03    0.9313278E-03    0.3068362E-02    0.8373500E-06   -0.1530294E-05    0.3140988E-05   -0.3358394E-05    0.2161862E-02    0.6165402E-04   -0.1182717E-04   -0.3290568E-05    0.7190691E-05    0.1335148E-04    0.1123743E-06   -0.1236683E-03   -0.1165757E-06   -0.6951617E-06
    0.2692092E-06   -0.1294475E-05   -0.4438556E-07   -0.2213412E-04    0.7424598E-06   -0.4483348E-04    0.5568593E-05    0.1655827E-05   -0.6954237E-02    0.1454858E-03    0.1839355E-02   -0.3901199E-01   -0.2833460E-02    0.1370928E-01    0.1471789E-01   -0.1630925E-02    0.2303881E-02   -0.3394637E-03   -0.2583952E-02    0.2401885E-03   -0.5530912E-05   -0.3129180E-05    0.5465098E-04    0.2207403E-06    0.6165402E-04    0.1646578E-01   -0.4024974E-05   -0.1623383E-04   -0.1463068E-03    0.2826092E-04    0.8142167E-05   -0.3272730E-03    0.1487850E-05   -0.1600266E-05
   -0.6149215E-07    0.1179116E-05   -0.2427400E-06   -0.3631241E-05   -0.4674716E-06   -0.3812216E-05   -0.4212048E-05   -0.3450158E-07   -0.4360447E-03    0.5124235E-05    0.9223967E-04    0.7165578E-02    0.2905846E-02    0.1297991E-02    0.1600928E-03   -0.8776396E-03   -0.7281513E-03    0.5642679E-03    0.1325630E-02    0.2201855E-02   -0.1804006E-06    0.1437493E-05   -0.1017596E-04    0.1680687E-05   -0.1182717E-04   -0.4024974E-05    0.1421083E-02    0.2973357E-03    0.8068449E-04   -0.3670554E-03   -0.5183206E-04   -0.6751928E-05    0.2347923E-06    0.1384426E-06
   -0.5268573E-07    0.2927213E-06   -0.2915066E-06    0.4317327E-06   -0.6609426E-07    0.2719617E-05    0.5884884E-06    0.6594360E-06   -0.1205499E-03    0.6370331E-04   -0.8751550E-04    0.6183567E-03    0.6963719E-03   -0.4049361E-04    0.1942486E-03   -0.2794051E-03    0.6750996E-03   -0.1611731E-03   -0.1566438E-03   -0.1354347E-02   -0.1740045E-05   -0.1945268E-06   -0.5387435E-06   -0.2994073E-05   -0.3290568E-05   -0.1623383E-04    0.2973357E-03    0.8517540E-03    0.4535630E-04    0.7439244E-03    0.3884556E-04   -0.7064690E-03   -0.1078904E-06   -0.1935739E-06
    0.7822969E-07    0.1849191E-05   -0.1029479E-06    0.1008645E-04   -0.1802839E-06    0.2476553E-04   -0.6884332E-05   -0.1136187E-05    0.5096924E-03    0.1963854E-04   -0.9705260E-03    0.1084264E-01    0.2619932E-02   -0.1765921E-02   -0.9904640E-03   -0.1226840E-02    0.9306922E-03    0.9784846E-03   -0.7586590E-03   -0.2103458E-03   -0.2004272E-05    0.4774039E-05   -0.6673673E-04    0.1588932E-05    0.7190691E-05   -0.1463068E-03    0.8068449E-04    0.4535630E-04    0.7234438E-02   -0.3459320E-03    0.6464298E-03    0.4638213E-02   -0.2778280E-06   -0.1237006E-06
   -0.2079749E-06    0.1572140E-05   -0.4274128E-06   -0.1304946E-04   -0.2522904E-06   -0.1754779E-04   -0.2704736E-05    0.2691801E-05   -0.3913868E-02    0.1119463E-03    0.2457569E-03    0.4961812E-02   -0.1030289E-02    0.8793486E-03    0.4006407E-02    0.1237725E-02    0.9373400E-03   -0.1652080E-03    0.4822693E-03    0.2442932E-02   -0.1113386E-05   -0.2169969E-05    0.1213195E-04   -0.6694319E-05    0.1335148E-04    0.2826092E-04   -0.3670554E-03    0.7439244E-03   -0.3459320E-03    0.2880047E-02    0.4139785E-03   -0.1075973E-02    0.2073950E-06   -0.4585231E-06
   -0.5664980E-06    0.4246424E-05   -0.7223743E-06   -0.3493854E-04   -0.5260235E-06   -0.6045703E-04   -0.8885796E-05    0.3480844E-07   -0.2124478E-02    0.7318633E-05    0.3278563E-03   -0.1172291E-01    0.5027813E-02    0.7055062E-02    0.9621872E-02   -0.9435340E-03   -0.6052799E-03    0.1847462E-02   -0.3530304E-02   -0.6165352E-02   -0.1895841E-05   -0.1528139E-05   -0.4265587E-05   -0.5676260E-06    0.1123743E-06    0.8142167E-05   -0.5183206E-04    0.3884556E-04    0.6464298E-03    0.4139785E-03    0.6451200E-02    0.7535459E-02   -0.3097369E-06   -0.2462506E-05
   -0.2481810E-05    0.1819161E-04   -0.2745200E-05   -0.8605121E-04   -0.1378494E-06   -0.1172704E-03   -0.3981638E-04    0.7170820E-05   -0.9375675E-02   -0.5388749E-03   -0.3242748E-02   -0.1095800E-01    0.1531670E-01    0.5787532E-02    0.3923662E-01   -0.2829282E-02   -0.2155427E-02    0.2902960E-02   -0.8306218E-02   -0.3622234E-02   -0.5632395E-05   -0.9862658E-05   -0.2963324E-04   -0.3718848E-05   -0.1236683E-03   -0.3272730E-03   -0.6751928E-05   -0.7064690E-03    0.4638213E-02   -0.1075973E-02    0.7535459E-02    0.6452553E-01   -0.2141941E-05   -0.5612035E-05
    0.4741791E-08    0.2013857E-07   -0.5405658E-08    0.1361754E-06   -0.1481292E-07    0.5694758E-06   -0.2259241E-06    0.2835502E-09   -0.2819717E-03    0.3656823E-05    0.1789107E-03    0.5839182E-02    0.7792587E-04    0.6211831E-03    0.6538039E-03   -0.1219531E-03    0.2915775E-03   -0.2825905E-03    0.2439814E-04    0.1270188E-03   -0.4943732E-07   -0.5989567E-07    0.5077146E-07   -0.1946638E-07   -0.1165757E-06    0.1487850E-05    0.2347923E-06   -0.1078904E-06   -0.2778280E-06    0.2073950E-06   -0.3097369E-06   -0.2141941E-05    0.5848144E-06   -0.9793625E-08
   -0.1051620E-07    0.5149878E-07   -0.6742545E-08   -0.1618444E-05    0.4546835E-08   -0.3169970E-05   -0.5301681E-06    0.1022349E-07    0.4399136E-02   -0.1876490E-04   -0.3744386E-03    0.3594090E-02    0.2092897E-03   -0.2703019E-02   -0.7896004E-02    0.2044011E-03    0.2142520E-04   -0.1959676E-03    0.2604625E-02    0.4643369E-02   -0.6215652E-07   -0.1211266E-06   -0.6471485E-06    0.2272677E-07   -0.6951617E-06   -0.1600266E-05    0.1384426E-06   -0.1935739E-06   -0.1237006E-06   -0.4585231E-06   -0.2462506E-05   -0.5612035E-05   -0.9793625E-08    0.2103285E-05
