# omegabh2 omegach2 theta tau nnu logA ns calPlanck acib217 xi asz143 aps100 aps143 aps143217 aps217 aksz kgal100 kgal143 kgal143217 kgal217 galfTE100 galfTE100143 galfTE100217 galfTE143 galfTE143217 galfTE217 cal0 cal2
  2.6420678E-08   1.8634065E-07  -1.4964629E-08   1.9501302E-07   1.4263109E-05   9.2558197E-07   5.6181671E-07   5.7579628E-09   1.3849668E-05   4.5214016E-07   1.3991444E-06   7.5691650E-05   1.8017669E-05  -3.8032462E-06  -2.6411021E-05   6.3923742E-06   9.5589492E-06   3.2395213E-07   4.2715635E-06  -9.2829353E-06  -6.7714404E-08  -2.4798819E-08  -2.5586778E-07  -7.9567172E-08  -6.4686448E-07  -1.2035818E-06   5.0021173E-09  -7.8580796E-11
  1.8634065E-07   7.0035790E-06  -6.7731669E-07  -2.3773876E-06   3.7250145E-04   1.0961220E-05   9.3421781E-06  -3.9440789E-07   2.2950603E-03  -5.5448661E-05  -4.8291979E-04   1.0252009E-02   4.9717708E-03   6.5164709E-04  -1.0915862E-03   9.4989260E-04   2.8188863E-04   2.5941027E-04   4.0726325E-04  -2.3624329E-04  -8.7728858E-07  -9.4853860E-07   8.8424635E-07   6.0469750E-07  -3.1947976E-06   1.3964978E-05  -2.5100249E-08   5.8723722E-08
 -1.4964629E-08  -6.7731669E-07   1.4832693E-07   1.5622492E-07  -3.8839068E-05  -1.1897154E-06  -9.7337315E-07   1.1414442E-08  -2.3049096E-04   4.1568104E-06   5.8344190E-05  -1.0123897E-03  -5.3244350E-04  -8.0211597E-05   7.5895373E-05  -9.4449412E-05  -2.8127494E-05  -3.0125936E-05  -3.1505164E-05   5.6478674E-05   6.4249115E-08   1.2265610E-07  -5.1561966E-07   4.6493287E-07   1.7596255E-07  -2.1794428E-06   2.4115128E-09  -5.1412660E-09
  1.9501302E-07  -2.3773876E-06   1.5622492E-07   5.5049913E-05  -3.2284146E-06   1.0114914E-04   7.7674123E-06  -1.3196343E-06  -2.9096168E-03   6.5507677E-05   5.0423291E-04  -8.1027793E-03  -4.2832271E-03  -3.6591181E-04   1.2413004E-03  -4.6550107E-04  -2.1459146E-04   8.1359337E-06   2.1003859E-04   1.1372428E-03  -2.7476770E-06   3.5922287E-06   1.5271271E-06   3.2990238E-06  -5.1410644E-06   1.0684895E-05   1.0029960E-07  -9.5474010E-08
  1.4263109E-05   3.7250145E-04  -3.8839068E-05  -3.2284146E-06   2.2520863E-02   8.4648717E-04   6.8114056E-04  -1.3368613E-05   1.2992217E-01  -2.8549138E-03  -2.6929239E-02   5.7579470E-01   2.7679024E-01   3.0710095E-02  -6.7364596E-02   5.4164050E-02   1.5751445E-02   1.6171021E-02   2.5937921E-02  -1.1384991E-02  -5.6247948E-05  -3.1326257E-05   7.9635372E-05   6.9278545E-06  -2.4785266E-04   6.8981359E-04  -1.3692495E-06   3.4715052E-06
  9.2558197E-07   1.0961220E-05  -1.1897154E-06   1.0114914E-04   8.4648717E-04   2.4688378E-04   3.5954744E-05   8.5487629E-06  -1.2681674E-05   2.6819214E-05  -7.8120784E-05   1.2039297E-02   3.7162171E-03   2.3987100E-03   3.8646976E-03   5.9169347E-04  -1.4265654E-04   1.1786517E-04   8.0568572E-04   2.6385702E-03  -4.5988606E-06   3.7545545E-06   5.4011066E-06   1.8809288E-06  -1.6855132E-05   5.2745882E-05   3.0379024E-07  -1.0340293E-07
  5.6181671E-07   9.3421781E-06  -9.7337315E-07   7.7674123E-06   6.8114056E-04   3.5954744E-05   3.4055844E-05  -9.8125214E-08   1.1874190E-04   1.0785267E-05   3.7966732E-05  -4.2220734E-03   3.0373619E-03   2.7269819E-03   2.3562220E-03  -5.1762851E-04   7.0685558E-04   1.7425920E-04   6.4739397E-04   8.9998201E-04  -3.2335325E-06  -4.5870798E-07   2.2130942E-06   2.8003260E-07  -9.4675380E-06   6.6945230E-06  -9.7854000E-08   7.3251180E-08
  5.7579628E-09  -3.9440789E-07   1.1414442E-08  -1.3196343E-06  -1.3368613E-05   8.5487629E-06  -9.8125214E-08   6.0720585E-06   8.7530014E-04  -3.3286521E-06  -1.7569806E-05   3.9810889E-03   2.3345971E-04  -6.7191193E-05   5.2974054E-04   4.1330793E-05  -2.5068146E-05   2.8106547E-05  -1.7101576E-05   5.9565097E-04   2.2819468E-06  -2.3794395E-07  -5.1474878E-07  -2.9153261E-06   1.4825807E-06  -9.4387986E-07   4.5478437E-09  -2.1770378E-08
  1.3849668E-05   2.2950603E-03  -2.3049096E-04  -2.9096168E-03   1.2992217E-01  -1.2681674E-05   1.1874190E-04   8.7530014E-04   4.4147064E+01  -3.9020901E-01  -6.3571802E-01   3.5990070E+01   3.0828793E+00  -1.1876530E+01  -5.3351581E+01  -2.5556638E-01   2.1274196E-01   6.4781800E-01  -5.2747810E+00  -3.2194982E+01  -9.8472204E-04  -2.6396275E-03  -1.6161100E-02  -3.5065359E-03  -1.6921356E-03  -3.3374926E-02  -1.9582402E-04   7.9903457E-04
  4.5214016E-07  -5.5448661E-05   4.1568104E-06   6.5507677E-05  -2.8549138E-03   2.6819214E-05   1.0785267E-05  -3.3286521E-06  -3.9020901E-01   8.2290351E-02  -4.6306735E-02  -6.4267826E-01   8.4253170E-01   1.6622830E+00   6.0664742E-01   6.0640479E-02  -9.7481843E-03   1.4538294E-02   8.2394303E-02   9.0521507E-02  -1.8186074E-04  -7.0675091E-05  -1.8238114E-05  -3.5108036E-04   1.3850204E-04   7.4197923E-04   6.4638428E-06  -5.8068567E-06
  1.3991444E-06  -4.8291979E-04   5.8344190E-05   5.0423291E-04  -2.6929239E-02  -7.8120784E-05   3.7966732E-05  -1.7569806E-05  -6.3571802E-01  -4.6306735E-02   3.9954249E+00  -3.1757885E+01  -3.2930576E+00   8.0215845E+00   5.4178353E+00  -3.0274790E+00  -2.4013663E-01   1.4800139E-01   2.5822644E+00   3.0286536E+00   1.0886466E-04  -5.3743357E-04   1.4225322E-03  -1.3995260E-03   3.5114833E-03  -2.0968273E-03   1.1321932E-04  -2.3538577E-05
  7.5691650E-05   1.0252009E-02  -1.0123897E-03  -8.1027793E-03   5.7579470E-01   1.2039297E-02  -4.2220734E-03   3.9810889E-03   3.5990070E+01  -6.4267826E-01  -3.1757885E+01   7.9746836E+02   7.0284484E+01  -6.0614227E+01  -6.3330236E+01   1.6209960E+01  -5.4671574E+00   6.3161389E+00  -9.9728407E+00  -1.9724934E+01   1.4576732E-02   6.9624450E-03  -1.1416315E-02   3.6118537E-03  -9.5832745E-03  -6.3757452E-02   3.5661200E-03   4.0939804E-04
  1.8017669E-05   4.9717708E-03  -5.3244350E-04  -4.2832271E-03   2.7679024E-01   3.7162171E-03   3.0373619E-03   2.3345971E-04   3.0828793E+00   8.4253170E-01  -3.2930576E+00   7.0284484E+01   6.3150389E+01   4.0606413E+01   1.5193265E+01  -5.1235917E+00  -2.8694275E-01  -7.3826714E-01   4.1067726E+00   5.0743558E+00   1.6998847E-03  -2.4901946E-03   5.8691946E-03  -6.2214949E-03   1.1157715E-02   3.1226316E-02  -9.8195443E-05   2.0857290E-04
 -3.8032462E-06   6.5164709E-04  -8.0211597E-05  -3.6591181E-04   3.0710095E-02   2.3987100E-03   2.7269819E-03  -6.7191193E-05  -1.1876530E+01   1.6622830E+00   8.0215845E+00  -6.0614227E+01   4.0606413E+01   8.6973900E+01   5.3545399E+01  -1.2678324E+01  -9.4191918E-01  -2.4020342E-01   4.7684605E+00   7.1464176E+00  -3.6215952E-03  -1.6393077E-03   1.0862483E-02  -3.4009275E-03   1.8490583E-02  -1.7017443E-02   3.3029777E-04  -3.5417877E-04
 -2.6411021E-05  -1.0915862E-03   7.5895373E-05   1.2413004E-03  -6.7364596E-02   3.8646976E-03   2.3562220E-03   5.2974054E-04  -5.3351581E+01   6.0664742E-01   5.4178353E+00  -6.3330236E+01   1.5193265E+01   5.3545399E+01   1.0178057E+02  -9.9223353E+00  -6.3806369E-01  -9.5559477E-01   5.2346277E+00   3.2235021E+01   3.4863271E-04   1.2735309E-03   2.2377231E-02   5.7429834E-03   1.1376278E-02   1.4384430E-02   3.4648968E-04  -1.3866392E-03
  6.3923742E-06   9.4989260E-04  -9.4449412E-05  -4.6550107E-04   5.4164050E-02   5.9169347E-04  -5.1762851E-04   4.1330793E-05  -2.5556638E-01   6.0640479E-02  -3.0274790E+00   1.6209960E+01  -5.1235917E+00  -1.2678324E+01  -9.9223353E+00   6.6283736E+00   2.1481244E-01  -2.4881871E-01  -2.2996824E+00  -2.6449623E+00   4.3654265E-04   1.7092369E-03   2.9824626E-04   1.3343726E-03  -2.8972139E-03   9.4721657E-03  -4.5191083E-05  -2.2384727E-05
  9.5589492E-06   2.8188863E-04  -2.8127494E-05  -2.1459146E-04   1.5751445E-02  -1.4265654E-04   7.0685558E-04  -2.5068146E-05   2.1274196E-01  -9.7481843E-03  -2.4013663E-01  -5.4671574E+00  -2.8694275E-01  -9.4191918E-01  -6.3806369E-01   2.1481244E-01   3.3819972E+00   5.6145679E-01   2.2627178E-01   1.7408405E-01   6.1864362E-04   8.8276246E-04   1.3545834E-03  -2.1549507E-03  -3.9789933E-03   5.1045468E-03   1.7880156E-04   1.8375488E-05
  3.2395213E-07   2.5941027E-04  -3.0125936E-05   8.1359337E-06   1.6171021E-02   1.1786517E-04   1.7425920E-04   2.8106547E-05   6.4781800E-01   1.4538294E-02   1.4800139E-01   6.3161389E+00  -7.3826714E-01  -2.4020342E-01  -9.5559477E-01  -2.4881871E-01   5.6145679E-01   3.1995704E+00   2.7568672E+00   2.6794875E+00  -1.2104286E-04  -8.8386939E-04   5.6426899E-04  -1.8385437E-03  -3.1087957E-03  -2.5811192E-03  -1.8766763E-04  -6.2157560E-05
  4.2715635E-06   4.0726325E-04  -3.1505164E-05   2.1003859E-04   2.5937921E-02   8.0568572E-04   6.4739397E-04  -1.7101576E-05  -5.2747810E+00   8.2394303E-02   2.5822644E+00  -9.9728407E+00   4.1067726E+00   4.7684605E+00   5.2346277E+00  -2.2996824E+00   2.2627178E-01   2.7568672E+00   1.0807594E+01   1.9042088E+01   2.1630982E-03  -2.4139848E-03   1.7833705E-03  -8.8008220E-03   2.7745128E-03   3.0250938E-02  -2.4773703E-05   3.7999631E-04
 -9.2829353E-06  -2.3624329E-04   5.6478674E-05   1.1372428E-03  -1.1384991E-02   2.6385702E-03   8.9998201E-04   5.9565097E-04  -3.2194982E+01   9.0521507E-02   3.0286536E+00  -1.9724934E+01   5.0743558E+00   7.1464176E+00   3.2235021E+01  -2.6449623E+00   1.7408405E-01   2.6794875E+00   1.9042088E+01   5.2601835E+01   4.8882167E-03  -1.4418798E-03   1.3766883E-02  -9.6423952E-03   2.2743908E-03   7.4051793E-02   5.2382955E-05   8.2123972E-04
 -6.7714404E-08  -8.7728858E-07   6.4249115E-08  -2.7476770E-06  -5.6247948E-05  -4.5988606E-06  -3.2335325E-06   2.2819468E-06  -9.8472204E-04  -1.8186074E-04   1.0886466E-04   1.4576732E-02   1.6998847E-03  -3.6215952E-03   3.4863271E-04   4.3654265E-04   6.1864362E-04  -1.2104286E-04   2.1630982E-03   4.8882167E-03   1.4294889E-03   2.9153855E-04   2.3707640E-05  -3.3896019E-04  -5.2767637E-05  -2.7238450E-04   3.3552174E-09  -6.5858457E-08
 -2.4798819E-08  -9.4853860E-07   1.2265610E-07   3.5922287E-06  -3.1326257E-05   3.7545545E-06  -4.5870798E-07  -2.3794395E-07  -2.6396275E-03  -7.0675091E-05  -5.3743357E-04   6.9624450E-03  -2.4901946E-03  -1.6393077E-03   1.2735309E-03   1.7092369E-03   8.8276246E-04  -8.8386939E-04  -2.4139848E-03  -1.4418798E-03   2.9153855E-04   8.8488242E-04   4.2770704E-05   7.3093478E-04   7.7915945E-05  -9.2934807E-04  -3.8397122E-07  -1.1996737E-07
 -2.5586778E-07   8.8424635E-07  -5.1561966E-07   1.5271271E-06   7.9635372E-05   5.4011066E-06   2.2130942E-06  -5.1474878E-07  -1.6161100E-02  -1.8238114E-05   1.4225322E-03  -1.1416315E-02   5.8691946E-03   1.0862483E-02   2.2377231E-02   2.9824626E-04   1.3545834E-03   5.6426899E-04   1.7833705E-03   1.3766883E-02   2.3707640E-05   4.2770704E-05   7.3612380E-03  -3.5374707E-04   4.6077409E-04   4.7185854E-03  -1.7423816E-07   3.3644996E-07
 -7.9567172E-08   6.0469750E-07   4.6493287E-07   3.2990238E-06   6.9278545E-06   1.8809288E-06   2.8003260E-07  -2.9153261E-06  -3.5065359E-03  -3.5108036E-04  -1.3995260E-03   3.6118537E-03  -6.2214949E-03  -3.4009275E-03   5.7429834E-03   1.3343726E-03  -2.1549507E-03  -1.8385437E-03  -8.8008220E-03  -9.6423952E-03  -3.3896019E-04   7.3093478E-04  -3.5374707E-04   2.8482592E-03   5.9533397E-04  -1.1318644E-03  -7.7061300E-07  -8.3038188E-07
 -6.4686448E-07  -3.1947976E-06   1.7596255E-07  -5.1410644E-06  -2.4785266E-04  -1.6855132E-05  -9.4675380E-06   1.4825807E-06  -1.6921356E-03   1.3850204E-04   3.5114833E-03  -9.5832745E-03   1.1157715E-02   1.8490583E-02   1.1376278E-02  -2.8972139E-03  -3.9789933E-03  -3.1087957E-03   2.7745128E-03   2.2743908E-03  -5.2767637E-05   7.7915945E-05   4.6077409E-04   5.9533397E-04   6.3901673E-03   7.3023310E-03   5.2713186E-07   5.1112928E-07
 -1.2035818E-06   1.3964978E-05  -2.1794428E-06   1.0684895E-05   6.8981359E-04   5.2745882E-05   6.6945230E-06  -9.4387986E-07  -3.3374926E-02   7.4197923E-04  -2.0968273E-03  -6.3757452E-02   3.1226316E-02  -1.7017443E-02   1.4384430E-02   9.4721657E-03   5.1045468E-03  -2.5811192E-03   3.0250938E-02   7.4051793E-02  -2.7238450E-04  -9.2934807E-04   4.7185854E-03  -1.1318644E-03   7.3023310E-03   6.9772402E-02  -3.6273109E-07   4.6098538E-06
  5.0021173E-09  -2.5100249E-08   2.4115128E-09   1.0029960E-07  -1.3692495E-06   3.0379024E-07  -9.7854000E-08   4.5478437E-09  -1.9582402E-04   6.4638428E-06   1.1321932E-04   3.5661200E-03  -9.8195443E-05   3.3029777E-04   3.4648968E-04  -4.5191083E-05   1.7880156E-04  -1.8766763E-04  -2.4773703E-05   5.2382955E-05   3.3552174E-09  -3.8397122E-07  -1.7423816E-07  -7.7061300E-07   5.2713186E-07  -3.6273109E-07   3.7999015E-07   7.0871143E-09
 -7.8580796E-11   5.8723722E-08  -5.1412660E-09  -9.5474010E-08   3.4715052E-06  -1.0340293E-07   7.3251180E-08  -2.1770378E-08   7.9903457E-04  -5.8068567E-06  -2.3538577E-05   4.0939804E-04   2.0857290E-04  -3.5417877E-04  -1.3866392E-03  -2.2384727E-05   1.8375488E-05  -6.2157560E-05   3.7999631E-04   8.2123972E-04  -6.5858457E-08  -1.1996737E-07   3.3644996E-07  -8.3038188E-07   5.1112928E-07   4.6098538E-06   7.0871143E-09   3.8708044E-07
