# omegabh2 omegach2 theta tau meffsterile nnu logA ns calPlanck acib217 xi asz143 aps100 aps143 aps143217 aps217 aksz kgal100 kgal143 kgal143217 kgal217 cal0 cal2
    0.8118241E-07    0.1805079E-06    0.1821945E-07    0.3235513E-05   -0.5784545E-05    0.3256759E-04    0.6733287E-05    0.2336815E-05    0.3107928E-07   -0.5931128E-04    0.4534911E-06    0.3699004E-04   -0.3092945E-03   -0.2954932E-03   -0.1105921E-03   -0.6385188E-04   -0.2857441E-04    0.9433183E-05    0.6174432E-05    0.5484106E-05    0.1102416E-04    0.4371228E-08   -0.4139563E-08
    0.1805079E-06    0.1956481E-04   -0.1208127E-05    0.9037137E-05   -0.5703660E-03    0.6393846E-03    0.4586840E-04    0.1995322E-04   -0.1672872E-07    0.4512712E-02   -0.8104115E-04   -0.1140378E-02    0.1988120E-01    0.8082950E-02    0.4200480E-03   -0.2896277E-02    0.1949258E-02    0.2463911E-03    0.2561326E-03    0.3620211E-03   -0.4853043E-03    0.3106603E-07    0.4915645E-06
    0.1821945E-07   -0.1208127E-05    0.2796593E-06    0.8801765E-06   -0.5185450E-06   -0.4454327E-04   -0.3131797E-06   -0.3093616E-06    0.3705276E-07   -0.3529682E-03    0.6516596E-05    0.9872841E-04   -0.1604666E-02   -0.8001540E-03   -0.1654752E-03    0.8942460E-04   -0.1455087E-03   -0.2119495E-04   -0.1211244E-04   -0.2241461E-04    0.3319952E-04    0.1646570E-09   -0.3937115E-07
    0.3235513E-05    0.9037137E-05    0.8801765E-06    0.4594541E-03   -0.8308062E-03    0.1660009E-02    0.9052529E-03    0.1476964E-03   -0.1673872E-05   -0.8099296E-02    0.1083331E-03    0.2521528E-02   -0.3696250E-01   -0.1744436E-01   -0.1811571E-02    0.3152506E-02   -0.3508149E-02    0.8319434E-04    0.1491239E-04   -0.1028628E-02   -0.9528690E-03    0.9329756E-08   -0.1128707E-05
   -0.5784545E-05   -0.5703660E-03   -0.5185450E-06   -0.8308062E-03    0.7971299E-01   -0.6219864E-02   -0.1723551E-02   -0.1348721E-02   -0.1362990E-04   -0.3581436E-01    0.9186957E-03    0.2500385E-02   -0.9048774E-01    0.1499149E+00    0.1805534E+00    0.1996553E+00   -0.1645164E-01    0.1220365E-02   -0.5779642E-02    0.9559595E-02    0.2829271E-01   -0.3832387E-05   -0.6679029E-06
    0.3256759E-04    0.6393846E-03   -0.4454327E-04    0.1660009E-02   -0.6219864E-02    0.4183626E-01    0.4366435E-02    0.1839310E-02    0.1182324E-05    0.2113187E+00   -0.3821980E-02   -0.5063807E-01    0.9361190E+00    0.3783961E+00    0.2366643E-01   -0.1308285E+00    0.9283246E-01    0.1590976E-01    0.1258722E-01    0.2325343E-01   -0.1451861E-01    0.2466495E-05    0.2383247E-04
    0.6733287E-05    0.4586840E-04   -0.3131797E-06    0.9052529E-03   -0.1723551E-02    0.4366435E-02    0.1866156E-02    0.3092173E-03    0.8954996E-05   -0.8687721E-02    0.1444818E-03    0.3087213E-02   -0.3682337E-01   -0.1640378E-01    0.3084678E-02    0.9786737E-02   -0.4761671E-02    0.3135671E-03   -0.2340156E-03   -0.1834367E-02   -0.8931522E-03    0.2651514E-06   -0.1463675E-05
    0.2336815E-05    0.1995322E-04   -0.3093616E-06    0.1476964E-03   -0.1348721E-02    0.1839310E-02    0.3092173E-03    0.1410229E-03    0.5979251E-06    0.1580461E-02   -0.2494021E-04    0.6604461E-04    0.1125696E-02   -0.4979975E-03   -0.6340686E-03   -0.1926345E-02    0.9062580E-04    0.8541069E-03    0.5045155E-03    0.2191780E-03   -0.3517166E-03   -0.5682116E-08    0.2205059E-06
    0.3107928E-07   -0.1672872E-07    0.3705276E-07   -0.1673872E-05   -0.1362990E-04    0.1182324E-05    0.8954996E-05    0.5979251E-06    0.6264204E-05    0.8383540E-03    0.5171133E-05    0.7644776E-05    0.2654643E-02    0.5425151E-03    0.5197891E-03    0.1164404E-02   -0.3828743E-04   -0.2441507E-04   -0.2631785E-04   -0.9853300E-04    0.6261356E-03   -0.1241903E-07    0.1257880E-08
   -0.5931128E-04    0.4512712E-02   -0.3529682E-03   -0.8099296E-02   -0.3581436E-01    0.2113187E+00   -0.8687721E-02    0.1580461E-02    0.8383540E-03    0.4546514E+02   -0.5082877E+00   -0.2133931E+01    0.5106679E+02    0.3226024E+01   -0.2145130E+02   -0.6277778E+02    0.1282337E+01   -0.6860519E-01    0.2187373E+00   -0.1991685E+01   -0.1909279E+02   -0.2366978E-03    0.4549228E-02
    0.4534911E-06   -0.8104115E-04    0.6516596E-05    0.1083331E-03    0.9186957E-03   -0.3821980E-02    0.1444818E-03   -0.2494021E-04    0.5171133E-05   -0.5082877E+00    0.8135676E-01   -0.8829984E-01   -0.4618052E+00    0.9215346E+00    0.1724492E+01    0.7230042E+00    0.7793793E-01   -0.4964975E-02    0.6688994E-02    0.7070663E-01    0.9688921E-01    0.3379625E-05   -0.1925692E-04
    0.3699004E-04   -0.1140378E-02    0.9872841E-04    0.2521528E-02    0.2500385E-02   -0.5063807E-01    0.3087213E-02    0.6604461E-04    0.7644776E-05   -0.2133931E+01   -0.8829984E-01    0.4010923E+01   -0.3232177E+02   -0.4712375E+01    0.7950654E+01    0.7427903E+01   -0.3178933E+01   -0.2140959E+00    0.2038464E-01    0.2417377E+01    0.2251691E+01    0.1692323E-03   -0.4209945E-03
   -0.3092945E-03    0.1988120E-01   -0.1604666E-02   -0.3696250E-01   -0.9048774E-01    0.9361190E+00   -0.3682337E-01    0.1125696E-02    0.2654643E-02    0.5106679E+02   -0.4618052E+00   -0.3232177E+02    0.8082950E+03    0.8070164E+02   -0.6282370E+02   -0.8104399E+02    0.1907288E+02   -0.2995827E+01    0.3600899E+01   -0.1205419E+02   -0.1850422E+02    0.6320251E-02    0.5296160E-02
   -0.2954932E-03    0.8082950E-02   -0.8001540E-03   -0.1744436E-01    0.1499149E+00    0.3783961E+00   -0.1640378E-01   -0.4979975E-03    0.5425151E-03    0.3226024E+01    0.9215346E+00   -0.4712375E+01    0.8070164E+02    0.6789415E+02    0.4528368E+02    0.1810882E+02   -0.3252577E+01   -0.1832855E+00   -0.1061148E+01    0.3773429E+01    0.3709706E+01    0.1206302E-03    0.5014839E-03
   -0.1105921E-03    0.4200480E-03   -0.1654752E-03   -0.1811571E-02    0.1805534E+00    0.2366643E-01    0.3084678E-02   -0.6340686E-03    0.5197891E-03   -0.2145130E+02    0.1724492E+01    0.7950654E+01   -0.6282370E+02    0.4528368E+02    0.9829184E+02    0.7001224E+02   -0.1296321E+02   -0.7593982E+00   -0.4836860E+00    0.4673759E+01    0.5950740E+01    0.6661425E-03   -0.2631189E-02
   -0.6385188E-04   -0.2896277E-02    0.8942460E-04    0.3152506E-02    0.1996553E+00   -0.1308285E+00    0.9786737E-02   -0.1926345E-02    0.1164404E-02   -0.6277778E+02    0.7230042E+00    0.7427903E+01   -0.8104399E+02    0.1810882E+02    0.7001224E+02    0.1263415E+03   -0.1196393E+02   -0.3884654E+00   -0.6360933E+00   -0.1740627E+00    0.1598571E+02    0.6642560E-03   -0.7871397E-02
   -0.2857441E-04    0.1949258E-02   -0.1455087E-03   -0.3508149E-02   -0.1645164E-01    0.9283246E-01   -0.4761671E-02    0.9062580E-04   -0.3828743E-04    0.1282337E+01    0.7793793E-01   -0.3178933E+01    0.1907288E+02   -0.3252577E+01   -0.1296321E+02   -0.1196393E+02    0.6968869E+01    0.2201779E+00   -0.3068203E-01   -0.2041984E+01   -0.1795051E+01   -0.1129129E-03    0.2848705E-03
    0.9433183E-05    0.2463911E-03   -0.2119495E-04    0.8319434E-04    0.1220365E-02    0.1590976E-01    0.3135671E-03    0.8541069E-03   -0.2441507E-04   -0.6860519E-01   -0.4964975E-02   -0.2140959E+00   -0.2995827E+01   -0.1832855E+00   -0.7593982E+00   -0.3884654E+00    0.2201779E+00    0.3542611E+01    0.4741230E+00    0.1896601E+00    0.3318883E+00    0.2879337E-03    0.6114182E-05
    0.6174432E-05    0.2561326E-03   -0.1211244E-04    0.1491239E-04   -0.5779642E-02    0.1258722E-01   -0.2340156E-03    0.5045155E-03   -0.2631785E-04    0.2187373E+00    0.6688994E-02    0.2038464E-01    0.3600899E+01   -0.1061148E+01   -0.4836860E+00   -0.6360933E+00   -0.3068203E-01    0.4741230E+00    0.3409833E+01    0.2630332E+01    0.1759874E+01   -0.2850279E-03   -0.1835878E-03
    0.5484106E-05    0.3620211E-03   -0.2241461E-04   -0.1028628E-02    0.9559595E-02    0.2325343E-01   -0.1834367E-02    0.2191780E-03   -0.9853300E-04   -0.1991685E+01    0.7070663E-01    0.2417377E+01   -0.1205419E+02    0.3773429E+01    0.4673759E+01   -0.1740627E+00   -0.2041984E+01    0.1896601E+00    0.2630332E+01    0.1756863E+02    0.2637869E+02   -0.2597796E-04    0.2595292E-02
    0.1102416E-04   -0.4853043E-03    0.3319952E-04   -0.9528690E-03    0.2829271E-01   -0.1451861E-01   -0.8931522E-03   -0.3517166E-03    0.6261356E-03   -0.1909279E+02    0.9688921E-01    0.2251691E+01   -0.1850422E+02    0.3709706E+01    0.5950740E+01    0.1598571E+02   -0.1795051E+01    0.3318883E+00    0.1759874E+01    0.2637869E+02    0.5595368E+02    0.4227739E-04    0.4648685E-02
    0.4371228E-08    0.3106603E-07    0.1646570E-09    0.9329756E-08   -0.3832387E-05    0.2466495E-05    0.2651514E-06   -0.5682116E-08   -0.1241903E-07   -0.2366978E-03    0.3379625E-05    0.1692323E-03    0.6320251E-02    0.1206302E-03    0.6661425E-03    0.6642560E-03   -0.1129129E-03    0.2879337E-03   -0.2850279E-03   -0.2597796E-04    0.4227739E-04    0.6013982E-06   -0.7015742E-08
   -0.4139563E-08    0.4915645E-06   -0.3937115E-07   -0.1128707E-05   -0.6679029E-06    0.2383247E-04   -0.1463675E-05    0.2205059E-06    0.1257880E-08    0.4549228E-02   -0.1925692E-04   -0.4209945E-03    0.5296160E-02    0.5014839E-03   -0.2631189E-02   -0.7871397E-02    0.2848705E-03    0.6114182E-05   -0.1835878E-03    0.2595292E-02    0.4648685E-02   -0.7015742E-08    0.2122889E-05
