# omegabh2 omegach2 theta tau logA ns calPlanck aps100 aps143 aps217 acib217 asz143 psr cibr xi aksz dust100 dust143 dust217 dust143x217 cal0 cal2 calTE calEE
  1.8535797E-08  -3.3186900E-08   7.8351217E-09   2.3395405E-07   4.5532256E-07   1.4199295E-07   9.0047213E-09  -4.1286750E-04  -1.8224993E-04   8.1038928E-05  -1.0489453E-04   1.5871499E-05   7.7610306E-07  -1.6715278E-06   9.7014555E-07  -3.1646620E-05   8.0784590E-08  -4.1153220E-07   6.3075500E-07  -3.5083436E-07  -3.3780404E-09  -5.5873820E-09  -1.1380835E-07  -2.3879485E-07
 -3.3186900E-08   7.3847439E-07  -3.5162794E-08  -1.9092245E-06  -2.6641576E-06  -1.5610949E-06  -2.5108670E-07   6.4655089E-04  -1.7874938E-05  -2.2669636E-04   1.2785684E-04  -1.9603229E-05   4.8717499E-07   1.6121064E-07  -1.0106156E-06   9.8635760E-05   2.1252000E-06   5.5953077E-06  -1.0263087E-06   3.4271600E-06  -7.5401684E-09   5.5293610E-09  -2.0181608E-07  -5.0767641E-07
  7.8351217E-09  -3.5162794E-08   8.9853634E-08   2.0591897E-07   4.1638733E-07   2.2228745E-07   8.0568829E-09  -2.6701829E-04   3.3771814E-05   2.9364659E-05   2.6834421E-06   2.5173693E-05  -4.1569992E-07   3.2038330E-06   1.9366658E-06  -1.7834007E-05   2.3947996E-07   7.6450093E-07   1.5846020E-07  -1.0905926E-06  -6.8891181E-09  -5.5596354E-09  -5.1348170E-08   4.2465047E-09
  2.3395405E-07  -1.9092245E-06   2.0591897E-07   5.4296254E-05   1.0051289E-04   7.8028599E-06  -1.0792373E-06  -1.0783372E-02  -1.0021406E-03   2.9140162E-03  -3.4776247E-03   7.3369264E-06  -1.2936117E-05  -5.5615025E-06   2.3007497E-05  -5.1830401E-04  -3.4665268E-05  -3.1421246E-05   2.7093231E-05  -2.6144620E-05  -3.3450644E-07  -7.1493669E-08  -4.7769032E-06  -4.2565369E-06
  4.5532256E-07  -2.6641576E-06   4.1638733E-07   1.0051289E-04   2.1457812E-04   1.1258426E-05   9.6669348E-06  -1.4231403E-02  -5.8438418E-04   1.2828085E-02  -7.8435816E-03  -8.4360369E-05   1.0503195E-05  -9.7940994E-05   9.3432869E-05  -1.7678840E-03  -6.4652026E-05  -1.1569323E-04   6.9170655E-05  -4.2302438E-05  -1.9588795E-07  -3.8662202E-07  -9.5502393E-06  -6.9174470E-06
  1.4199295E-07  -1.5610949E-06   2.2228745E-07   7.8028599E-06   1.1258426E-05   1.3573526E-05   5.3439369E-07  -2.5113676E-02  -5.7915504E-03   9.8977427E-03  -6.2638916E-03   5.6800948E-04   6.3723827E-05  -1.1782077E-04   3.9887864E-05  -2.0593358E-03   2.5342056E-06  -3.8700856E-05   3.2337298E-05  -1.0368934E-05  -4.7872281E-07  -4.7545091E-07  -3.7914509E-07  -2.6859221E-06
  9.0047213E-09  -2.5108670E-07   8.0568829E-09  -1.0792373E-06   9.6669348E-06   5.3439369E-07   6.2818154E-06   3.5774501E-03   3.4802012E-04   1.0990077E-03   6.3308351E-04  -2.2741359E-05   4.5397252E-06  -1.5195534E-05  -3.1726832E-06  -3.9234474E-05   1.1744510E-05   1.1340488E-05   3.1428115E-06   8.2624050E-06  -6.1497595E-08  -1.2762306E-07  -1.9393493E-07  -5.2662873E-08
 -4.1286750E-04   6.4655089E-04  -2.6701829E-04  -1.0783372E-02  -1.4231403E-02  -2.5113676E-02   3.5774501E-03   5.8573832E+02   5.5235731E+01  -5.8678994E+01   2.9794129E+01  -2.4372496E+01  -8.7199223E-01  -1.2090018E-01  -2.8825904E-01   1.2187327E+01  -1.6384592E-01   3.0085421E-01  -1.9042347E-01  -7.3309047E-02   5.9636408E-03   3.6574017E-03   4.2832725E-03   6.4807129E-03
 -1.8224993E-04  -1.7874938E-05   3.3771814E-05  -1.0021406E-03  -5.8438418E-04  -5.7915504E-03   3.4802012E-04   5.5235731E+01   6.6967134E+01   1.0275312E+01   6.0561364E+00  -1.2652093E-01  -2.5450247E-02   4.6984991E-01   9.4866132E-01  -8.7994763E+00   2.8608205E-04  -2.0895865E-01   5.2316526E-02   7.5460827E-02   6.4107515E-04   6.3547596E-04   1.0005704E-03   4.5802785E-03
  8.1038928E-05  -2.2669636E-04   2.9364659E-05   2.9140162E-03   1.2828085E-02   9.8977427E-03   1.0990077E-03  -5.8678994E+01   1.0275312E+01   1.7856152E+02  -8.4577420E+01   3.0567602E+00   3.3633723E-01  -1.0828182E+00   3.4404046E-01  -8.2110349E+00  -9.1574615E-02  -2.3577755E-01   5.8755203E-01   4.6099910E-02   1.4210197E-03  -7.8142380E-03   3.2843868E-03   4.4532329E-03
 -1.0489453E-04   1.2785684E-04   2.6834421E-06  -3.4776247E-03  -7.8435816E-03  -6.2638916E-03   6.3308351E-04   2.9794129E+01   6.0561364E+00  -8.4577420E+01   5.3223144E+01   1.8370281E+00  -2.1253592E-02   7.4924267E-01  -2.3938470E-01  -2.6951933E+00   6.6681377E-02   1.5785957E-01  -4.7456805E-01  -1.3413756E-01  -4.7050138E-04   3.1331759E-03  -9.0109535E-04  -3.7141545E-05
  1.5871499E-05  -1.9603229E-05   2.5173693E-05   7.3369264E-06  -8.4360369E-05   5.6800948E-04  -2.2741359E-05  -2.4372496E+01  -1.2652093E-01   3.0567602E+00   1.8370281E+00   4.4630842E+00   1.0447260E-01   1.6135086E-01  -4.5282138E-02  -3.7090987E+00   5.5989219E-03   6.5189452E-03   5.7920172E-03   5.3451901E-02   5.0497457E-04  -2.9514382E-04  -1.7929601E-04   1.8611094E-04
  7.7610306E-07   4.8717499E-07  -4.1569992E-07  -1.2936117E-05   1.0503195E-05   6.3723827E-05   4.5397252E-06  -8.7199223E-01  -2.5450247E-02   3.3633723E-01  -2.1253592E-02   1.0447260E-01   1.6844774E-02  -1.6744247E-02   1.1455957E-02  -1.1398152E-01  -2.0976764E-04  -2.7890649E-04  -3.2063696E-03   5.1398887E-03   1.3099469E-05  -4.4764963E-05   1.4535340E-05   1.5772632E-05
 -1.6715278E-06   1.6121064E-07   3.2038330E-06  -5.5615025E-06  -9.7940994E-05  -1.1782077E-04  -1.5195534E-05  -1.2090018E-01   4.6984991E-01  -1.0828182E+00   7.4924267E-01   1.6135086E-01  -1.6744247E-02   6.9403529E-02   3.8999823E-03  -1.5155806E-01   2.0579605E-03   6.5301967E-03  -5.8599142E-04  -1.8680365E-02  -4.2452913E-06   9.8669134E-05  -5.1026596E-05   1.4843143E-05
  9.7014555E-07  -1.0106156E-06   1.9366658E-06   2.3007497E-05   9.3432869E-05   3.9887864E-05  -3.1726832E-06  -2.8825904E-01   9.4866132E-01   3.4404046E-01  -2.3938470E-01  -4.5282138E-02   1.1455957E-02   3.8999823E-03   8.2603195E-02   3.5030063E-02  -3.6047897E-04  -1.7908269E-04  -3.3129096E-05  -1.1317806E-04   6.8876734E-06  -2.5259489E-05  -3.2399570E-06   4.4056477E-05
 -3.1646620E-05   9.8635760E-05  -1.7834007E-05  -5.1830401E-04  -1.7678840E-03  -2.0593358E-03  -3.9234474E-05   1.2187327E+01  -8.7994763E+00  -8.2110349E+00  -2.6951933E+00  -3.7090987E+00  -1.1398152E-01  -1.5155806E-01   3.5030063E-02   7.6025565E+00  -1.0125865E-02  -1.3099323E-02  -2.1026708E-03  -5.5611585E-02  -3.0168672E-04   1.3528678E-04  -2.7155286E-04  -6.2773134E-04
  8.0784590E-08   2.1252000E-06   2.3947996E-07  -3.4665268E-05  -6.4652026E-05   2.5342056E-06   1.1744510E-05  -1.6384592E-01   2.8608205E-04  -9.1574615E-02   6.6681377E-02   5.5989219E-03  -2.0976764E-04   2.0579605E-03  -3.6047897E-04  -1.0125865E-02   3.6865306E-02   3.4565046E-03  -2.3813732E-04   8.8077624E-04   3.4397096E-05  -2.0066640E-06  -2.0211561E-05  -1.3364053E-05
 -4.1153220E-07   5.5953077E-06   7.6450093E-07  -3.1421246E-05  -1.1569323E-04  -3.8700856E-05   1.1340488E-05   3.0085421E-01  -2.0895865E-01  -2.3577755E-01   1.5785957E-01   6.5189452E-03  -2.7890649E-04   6.5301967E-03  -1.7908269E-04  -1.3099323E-02   3.4565046E-03   2.9590143E-02  -6.3078602E-04   5.4528034E-03  -6.9453892E-05  -3.9925583E-05  -5.4245927E-05  -1.0028240E-04
  6.3075500E-07  -1.0263087E-06   1.5846020E-07   2.7093231E-05   6.9170655E-05   3.2337298E-05   3.1428115E-06  -1.9042347E-01   5.2316526E-02   5.8755203E-01  -4.7456805E-01   5.7920172E-03  -3.2063696E-03  -5.8599142E-04  -3.3129096E-05  -2.1026708E-03  -2.3813732E-04  -6.3078602E-04   1.1121757E-02   8.8224831E-03   5.7496972E-06   6.4696860E-05   1.2639999E-06  -4.9723613E-06
 -3.5083436E-07   3.4271600E-06  -1.0905926E-06  -2.6144620E-05  -4.2302438E-05  -1.0368934E-05   8.2624050E-06  -7.3309047E-02   7.5460827E-02   4.6099910E-02  -1.3413756E-01   5.3451901E-02   5.1398887E-03  -1.8680365E-02  -1.1317806E-04  -5.5611585E-02   8.8077624E-04   5.4528034E-03   8.8224831E-03   2.7435013E-02   6.0740232E-06   5.5440303E-05  -1.2794041E-05  -2.6793211E-05
 -3.3780404E-09  -7.5401684E-09  -6.8891181E-09  -3.3450644E-07  -1.9588795E-07  -4.7872281E-07  -6.1497595E-08   5.9636408E-03   6.4107515E-04   1.4210197E-03  -4.7050138E-04   5.0497457E-04   1.3099469E-05  -4.2452913E-06   6.8876734E-06  -3.0168672E-04   3.4397096E-05  -6.9453892E-05   5.7496972E-06   6.0740232E-06   1.0940782E-06   4.5948586E-08   2.7990316E-07   9.5409608E-07
 -5.5873820E-09   5.5293610E-09  -5.5596354E-09  -7.1493669E-08  -3.8662202E-07  -4.7545091E-07  -1.2762306E-07   3.6574017E-03   6.3547596E-04  -7.8142380E-03   3.1331759E-03  -2.9514382E-04  -4.4764963E-05   9.8669134E-05  -2.5259489E-05   1.3528678E-04  -2.0066640E-06  -3.9925583E-05   6.4696860E-05   5.5440303E-05   4.5948586E-08   2.5308084E-06   2.9531728E-07   2.2435655E-07
 -1.1380835E-07  -2.0181608E-07  -5.1348170E-08  -4.7769032E-06  -9.5502393E-06  -3.7914509E-07  -1.9393493E-07   4.2832725E-03   1.0005704E-03   3.2843868E-03  -9.0109535E-04  -1.7929601E-04   1.4535340E-05  -5.1026596E-05  -3.2399570E-06  -2.7155286E-04  -2.0211561E-05  -5.4245927E-05   1.2639999E-06  -1.2794041E-05   2.7990316E-07   2.9531728E-07   2.5315503E-05   8.8785732E-06
 -2.3879485E-07  -5.0767641E-07   4.2465047E-09  -4.2565369E-06  -6.9174470E-06  -2.6859221E-06  -5.2662873E-08   6.4807129E-03   4.5802785E-03   4.4532329E-03  -3.7141545E-05   1.8611094E-04   1.5772632E-05   1.4843143E-05   4.4056477E-05  -6.2773134E-04  -1.3364053E-05  -1.0028240E-04  -4.9723613E-06  -2.6793211E-05   9.5409608E-07   2.2435655E-07   8.8785732E-06   2.3940118E-05
