# omegabh2 omegach2 theta mnu logA ns
  2.3763296E-07   2.1120155E-07   1.0992800E-07   1.9579071E-06   8.7328978E-07   1.8743929E-07
  2.1120155E-07   1.0168279E-04   1.6165599E-04   1.4433726E-03  -5.6649748E-04  -2.9706333E-05
  1.0992800E-07   1.6165599E-04   3.0210778E-04   3.9610398E-03  -5.2390004E-04  -1.9186184E-05
  1.9579071E-06   1.4433726E-03   3.9610398E-03   9.0667835E-02   7.3697072E-03   7.8955373E-04
  8.7328978E-07  -5.6649748E-04  -5.2390004E-04   7.3697072E-03   7.5238702E-03   6.6396866E-04
  1.8743929E-07  -2.9706333E-05  -1.9186184E-05   7.8955373E-04   6.6396866E-04   3.7450897E-04
