# omegabh2 omegach2 theta tau logA ns r calPlanck BBdust BBsync BBalphadust BBbetadust BBalphasync BBbetasync BBdustsynccorr aps100 aps143 aps217 acib217 asz143 psr cibr xi aksz dust100 dust143 dust217 dust143x217 cal0 cal2
  3.7369917E-08  -5.2217716E-08   2.2927284E-08   2.4885706E-07   5.3730688E-07   2.6156778E-07   1.0047819E-07   2.6605280E-08   7.4774062E-07   9.4481616E-07   2.3642695E-07  -4.7164782E-08   3.4758113E-07  -1.0100463E-06   7.7470504E-07  -6.7831875E-04  -4.7165240E-04   1.1692378E-04  -2.0850412E-04   2.7093827E-05   9.6005235E-07  -2.9251370E-06   7.3588433E-07  -4.1143182E-05   6.9469214E-07   1.5398176E-07   1.1200644E-06  -5.0449672E-07   5.3500508E-10  -1.2687493E-08
 -5.2217716E-08   1.1638606E-06  -4.1267903E-08  -2.4582461E-06  -2.6756585E-06  -2.5975290E-06  -1.1155242E-06  -2.4195234E-07  -6.6648911E-06  -1.8093764E-06  -7.2168640E-06   6.0333328E-07   3.4012763E-06   2.4087100E-06  -2.8501157E-06   5.6103602E-04   4.4985052E-04  -4.4321458E-04   3.1100800E-04  -4.3830031E-05  -2.6871768E-06   5.0893373E-06  -3.3903392E-06   1.0332598E-04   3.8329079E-09   1.3547089E-06  -1.2873178E-06   1.1610133E-06  -4.1112558E-08   4.0377174E-08
  2.2927284E-08  -4.1267903E-08   1.7081040E-07   2.2917866E-07   5.9667309E-07   3.2471363E-07  -1.8734837E-08   1.4988602E-08   3.6838881E-06   3.0259320E-07  -4.8061717E-07   1.7310371E-07   2.0665558E-06  -8.5528768E-07   1.2092367E-06   5.4197764E-05  -1.1373702E-04  -7.9752849E-05  -8.5508143E-06   2.3529019E-06   5.2120551E-08   1.2872983E-07  -1.1156047E-07   1.1653723E-05   1.3410800E-07  -1.3705679E-06  -1.2950391E-07  -9.2829331E-07   1.0608772E-08  -9.2213536E-10
  2.4885706E-07  -2.4582461E-06   2.2917866E-07   4.5273202E-05   8.1809343E-05   9.0903567E-06   7.0007602E-08  -9.6705225E-07  -1.0144625E-04   1.5025406E-05   1.2418524E-06   7.0325957E-06  -2.0684831E-05   5.8271053E-06   5.0302663E-06  -9.8227363E-03  -4.9282371E-03   2.0522021E-03  -2.5882833E-03   5.3970636E-04   2.6443124E-05  -2.6149911E-05   3.6348555E-05  -7.6479669E-04   3.0043459E-06   2.4192505E-05   9.0669289E-06  -3.9411148E-06  -1.0485461E-07  -3.5501861E-07
  5.3730688E-07  -2.6756585E-06   5.9667309E-07   8.1809343E-05   1.7852833E-04   1.1523379E-05  -3.9183389E-06   9.6120156E-06  -1.6987301E-04  -4.3945874E-05  -3.4019252E-05   2.4802598E-05  -2.1006739E-05   2.7307062E-05  -1.0232584E-05  -1.3365605E-02  -7.9917320E-03   1.0343264E-02  -5.5989941E-03   1.0153780E-03   7.0029053E-05  -9.4447951E-05   1.0320319E-04  -2.1693342E-03  -1.2327918E-05  -3.8767357E-05   3.4014532E-05  -1.9154850E-05   2.8685837E-07  -7.1413212E-07
  2.6156778E-07  -2.5975290E-06   3.2471363E-07   9.0903567E-06   1.1523379E-05   1.7385332E-05   7.6711951E-06   5.9271914E-07  -3.9008265E-05   4.3656242E-05   1.8426915E-05   6.7214572E-06  -1.2915585E-05  -1.7888057E-05   1.4459636E-05  -2.4613715E-02  -8.6474879E-03   9.3584804E-03  -6.7624627E-03   5.9781049E-04   5.4509215E-05  -1.0307908E-04   4.5678333E-05  -2.2422973E-03   2.6073246E-05  -1.9659329E-05   3.7810246E-05  -1.4928581E-05  -3.3388967E-07  -3.9608597E-07
  1.0047819E-07  -1.1155242E-06  -1.8734837E-08   7.0007602E-08  -3.9183389E-06   7.6711951E-06   3.4030661E-04   2.0585255E-07  -4.3469616E-04  -9.5526398E-04  -1.1682917E-04   2.9599017E-04   7.7802850E-05  -1.6940993E-04  -8.1511296E-04  -1.1178934E-02  -5.2901256E-03   7.3961217E-04  -8.7016328E-05   7.5334141E-04   3.3470478E-05  -3.2359823E-05  -1.5511422E-04  -1.5271653E-03  -3.8356147E-06   1.2186097E-05  -3.2980886E-05  -4.8274304E-05  -7.2057027E-08  -5.2684399E-07
  2.6605280E-08  -2.4195234E-07   1.4988602E-08  -9.6705225E-07   9.6120156E-06   5.9271914E-07   2.0585255E-07   6.0444187E-06   2.0073770E-05  -2.4920028E-05  -1.0067439E-05   5.3786449E-06   7.8226432E-07   6.4623002E-06  -6.9268828E-06   3.0556140E-03   2.6076775E-04   1.2555778E-03   5.4628493E-04  -1.7363484E-05  -2.4730060E-06   1.4528484E-06   4.4034984E-06   1.2177438E-05  -3.2083877E-06   1.1542426E-06   4.6399144E-06  -2.0478025E-06  -3.0786877E-08  -5.7834528E-08
  7.4774062E-07  -6.6648911E-06   3.6838881E-06  -1.0144625E-04  -1.6987301E-04  -3.9008265E-05  -4.3469616E-04   2.0073770E-05   1.0638994E+00   1.9114057E-02  -1.1781985E-01   4.5511583E-02  -1.0093159E-03   4.2405405E-03  -1.3575936E-02   3.3711008E-01  -9.2522105E-02  -2.8614453E-01   1.5177531E-01  -1.4256319E-02   2.5281378E-04  -1.1143199E-03  -2.8017927E-03   4.7895683E-02   1.6328095E-03  -5.2197460E-04  -2.0431411E-03  -4.0395255E-04   6.0223512E-06   1.0465486E-05
  9.4481616E-07  -1.8093764E-06   3.0259320E-07   1.5025406E-05  -4.3945874E-05   4.3656242E-05  -9.5526398E-04  -2.4920028E-05   1.9114057E-02   1.1623348E+00  -8.2814767E-03  -3.6156017E-03   1.4143041E-02  -3.6704790E-02   4.7250963E-02   1.5439634E-01  -3.5019908E-02   1.1605797E-01  -6.1310451E-02   9.0827306E-03  -4.5888603E-04  -8.3155617E-04  -4.4439102E-03  -1.1339435E-03  -2.8134207E-03  -1.3461319E-03   9.8698289E-04   2.0777339E-03   6.6926050E-06  -4.4061885E-06
  2.3642695E-07  -7.2168640E-06  -4.8061717E-07   1.2418524E-06  -3.4019252E-05   1.8426915E-05  -1.1682917E-04  -1.0067439E-05  -1.1781985E-01  -8.2814767E-03   5.8836788E-02  -7.5083948E-04   6.9472360E-04   1.3088041E-03  -3.4386029E-04  -3.3406691E-03   2.8016512E-02   7.8811349E-02  -4.2993836E-02   2.7752523E-04  -3.7913608E-05  -3.0913902E-04   9.5442198E-04  -7.2583175E-03   2.3867805E-05   9.0099135E-05   4.4905252E-04   2.5739088E-04  -1.9480208E-07  -3.1487658E-06
 -4.7164782E-08   6.0333328E-07   1.7310371E-07   7.0325957E-06   2.4802598E-05   6.7214572E-06   2.9599017E-04   5.3786449E-06   4.5511583E-02  -3.6156017E-03  -7.5083948E-04   9.2812679E-03   2.5069394E-04  -1.6621538E-03   6.2904680E-04  -7.3897726E-03  -1.5029011E-02  -7.9225572E-03   1.0877878E-03  -5.9757777E-04   5.0539197E-05  -3.2042840E-04  -6.0868721E-04   1.3383212E-03   1.3840910E-04  -6.4800985E-05  -8.1833882E-05  -2.6150760E-05  -8.1855454E-07  -1.7140640E-06
  3.4758113E-07   3.4012763E-06   2.0665558E-06  -2.0684831E-05  -2.1006739E-05  -1.2915585E-05   7.7802850E-05   7.8226432E-07  -1.0093159E-03   1.4143041E-02   6.9472360E-04   2.5069394E-04   8.1997444E-02  -3.9021603E-04  -6.0378575E-04  -6.6536271E-02   3.0540797E-02   3.1073625E-02  -1.4113418E-02   5.2984979E-03   1.8697509E-04   1.2023724E-04   1.4295615E-03  -5.4831934E-03  -1.3467109E-04  -3.4995838E-04  -8.9541777E-05  -2.2837407E-04  -4.2445310E-06  -3.1001841E-06
 -1.0100463E-06   2.4087100E-06  -8.5528768E-07   5.8271053E-06   2.7307062E-05  -1.7888057E-05  -1.6940993E-04   6.4623002E-06   4.2405405E-03  -3.6704790E-02   1.3088041E-03  -1.6621538E-03  -3.9021603E-04   7.4623629E-02  -4.0319096E-03   1.4524307E-02   1.5225055E-02   5.6550781E-02  -1.2292095E-02   3.5107561E-03   3.8906599E-04  -9.9502050E-05   9.3046733E-04   4.9487523E-03   4.3811567E-04   5.9771767E-04  -1.7504019E-04  -3.8407290E-04  -1.1781812E-06  -2.6693824E-06
  7.7470504E-07  -2.8501157E-06   1.2092367E-06   5.0302663E-06  -1.0232584E-05   1.4459636E-05  -8.1511296E-04  -6.9268828E-06  -1.3575936E-02   4.7250963E-02  -3.4386029E-04   6.2904680E-04  -6.0378575E-04  -4.0319096E-03   7.8229067E-02  -1.6042346E-01  -2.9517528E-02   3.5650583E-02  -4.8193501E-02  -1.6098814E-03  -6.4767735E-04   3.3954470E-04   5.0602603E-04   1.2518371E-02   6.1614641E-04  -5.7265303E-04   6.3953957E-04   2.9947442E-04   2.3130478E-06  -7.9035497E-07
 -6.7831875E-04   5.6103602E-04   5.4197764E-05  -9.8227363E-03  -1.3365605E-02  -2.4613715E-02  -1.1178934E-02   3.0556140E-03   3.3711008E-01   1.5439634E-01  -3.3406691E-03  -7.3897726E-03  -6.6536271E-02   1.4524307E-02  -1.6042346E-01   6.1407732E+02   6.4380836E+01  -5.3440277E+01   3.1840562E+01  -2.5185430E+01  -8.3823687E-01  -1.0754767E-01  -3.0182083E-01   1.0710905E+01  -1.8298550E-01   1.9558815E-01  -2.6413391E-01  -2.4963370E-01   6.9926733E-03   2.8265430E-03
 -4.7165240E-04   4.4985052E-04  -1.1373702E-04  -4.9282371E-03  -7.9917320E-03  -8.6474879E-03  -5.2901256E-03   2.6076775E-04  -9.2522105E-02  -3.5019908E-02   2.8016512E-02  -1.5029011E-02   3.0540797E-02   1.5225055E-02  -2.9517528E-02   6.4380836E+01   7.0133909E+01   7.7810274E+00   8.3266879E+00  -3.8264198E-01   8.4192100E-06   4.4685988E-01   8.8326206E-01  -8.3826663E+00  -5.0276537E-02  -2.4349465E-01   4.1245285E-02   7.7406834E-02   9.5253983E-04   7.4690170E-04
  1.1692378E-04  -4.4321458E-04  -7.9752849E-05   2.0522021E-03   1.0343264E-02   9.3584804E-03   7.3961217E-04   1.2555778E-03  -2.8614453E-01   1.1605797E-01   7.8811349E-02  -7.9225572E-03   3.1073625E-02   5.6550781E-02   3.5650583E-02  -5.3440277E+01   7.7810274E+00   1.6953801E+02  -8.1166237E+01   2.3696119E+00   3.0466102E-01  -1.0038776E+00   3.2184454E-01  -6.5237985E+00  -5.8388530E-04  -2.3104377E-01   5.5237222E-01   2.8506244E-02   1.4885250E-03  -7.5256136E-03
 -2.0850412E-04   3.1100800E-04  -8.5508143E-06  -2.5882833E-03  -5.5989941E-03  -6.7624627E-03  -8.7016328E-05   5.4628493E-04   1.5177531E-01  -6.1310451E-02  -4.2993836E-02   1.0877878E-03  -1.4113418E-02  -1.2292095E-02  -4.8193501E-02   3.1840562E+01   8.3266879E+00  -8.1166237E+01   5.1826399E+01   1.7519274E+00  -2.7392724E-02   7.0098831E-01  -2.5318889E-01  -3.1062630E+00  -8.8552727E-03   1.3262089E-01  -4.5463528E-01  -1.2647303E-01  -4.4594520E-04   3.0794911E-03
  2.7093827E-05  -4.3830031E-05   2.3529019E-06   5.3970636E-04   1.0153780E-03   5.9781049E-04   7.5334141E-04  -1.7363484E-05  -1.4256319E-02   9.0827306E-03   2.7752523E-04  -5.9757777E-04   5.2984979E-03   3.5107561E-03  -1.6098814E-03  -2.5185430E+01  -3.8264198E-01   2.3696119E+00   1.7519274E+00   4.2771812E+00   9.9543887E-02   1.5471829E-01  -3.5080777E-02  -3.4597081E+00  -4.2679275E-03  -1.0814532E-02   7.5221188E-03   4.9325720E-02   4.2834072E-04  -2.1198458E-04
  9.6005235E-07  -2.6871768E-06   5.2120551E-08   2.6443124E-05   7.0029053E-05   5.4509215E-05   3.3470478E-05  -2.4730060E-06   2.5281378E-04  -4.5888603E-04  -3.7913608E-05   5.0539197E-05   1.8697509E-04   3.8906599E-04  -6.4767735E-04  -8.3823687E-01   8.4192100E-06   3.0466102E-01  -2.7392724E-02   9.9543887E-02   1.5630728E-02  -1.5504278E-02   1.1288213E-02  -1.0325068E-01  -2.0274855E-04  -1.2213106E-03  -2.5694514E-03   4.9777842E-03   1.4757475E-05  -3.4402202E-05
 -2.9251370E-06   5.0893373E-06   1.2872983E-07  -2.6149911E-05  -9.4447951E-05  -1.0307908E-04  -3.2359823E-05   1.4528484E-06  -1.1143199E-03  -8.3155617E-04  -3.0913902E-04  -3.2042840E-04   1.2023724E-04  -9.9502050E-05   3.3954470E-04  -1.0754767E-01   4.4685988E-01  -1.0038776E+00   7.0098831E-01   1.5471829E-01  -1.5504278E-02   6.5325201E-02   5.1281789E-03  -1.5304436E-01   4.9958868E-04   6.3949032E-03  -2.3040120E-04  -1.7181702E-02  -4.0532169E-06   9.2910590E-05
  7.3588433E-07  -3.3903392E-06  -1.1156047E-07   3.6348555E-05   1.0320319E-04   4.5678333E-05  -1.5511422E-04   4.4034984E-06  -2.8017927E-03  -4.4439102E-03   9.5442198E-04  -6.0868721E-04   1.4295615E-03   9.3046733E-04   5.0602603E-04  -3.0182083E-01   8.8326206E-01   3.2184454E-01  -2.5318889E-01  -3.5080777E-02   1.1288213E-02   5.1281789E-03   8.1220360E-02   4.4645670E-02   5.1318297E-04   1.3068907E-03   1.5547410E-03   1.2489321E-03   1.0033011E-05  -4.1177447E-06
 -4.1143182E-05   1.0332598E-04   1.1653723E-05  -7.6479669E-04  -2.1693342E-03  -2.2422973E-03  -1.5271653E-03   1.2177438E-05   4.7895683E-02  -1.1339435E-03  -7.2583175E-03   1.3383212E-03  -5.4831934E-03   4.9487523E-03   1.2518371E-02   1.0710905E+01  -8.3826663E+00  -6.5237985E+00  -3.1062630E+00  -3.4597081E+00  -1.0325068E-01  -1.5304436E-01   4.4645670E-02   7.4456993E+00   1.4105338E-03   7.5373462E-04   1.9013062E-04  -4.9239033E-02  -3.0933518E-04   4.3290898E-05
  6.9469214E-07   3.8329079E-09   1.3410800E-07   3.0043459E-06  -1.2327918E-05   2.6073246E-05  -3.8356147E-06  -3.2083877E-06   1.6328095E-03  -2.8134207E-03   2.3867805E-05   1.3840910E-04  -1.3467109E-04   4.3811567E-04   6.1614641E-04  -1.8298550E-01  -5.0276537E-02  -5.8388530E-04  -8.8552727E-03  -4.2679275E-03  -2.0274855E-04   4.9958868E-04   5.1318297E-04   1.4105338E-03   3.7419124E-02   3.0632378E-03   3.5647804E-05   2.5308981E-04   3.6336574E-05  -5.2436734E-06
  1.5398176E-07   1.3547089E-06  -1.3705679E-06   2.4192505E-05  -3.8767357E-05  -1.9659329E-05   1.2186097E-05   1.1542426E-06  -5.2197460E-04  -1.3461319E-03   9.0099135E-05  -6.4800985E-05  -3.4995838E-04   5.9771767E-04  -5.7265303E-04   1.9558815E-01  -2.4349465E-01  -2.3104377E-01   1.3262089E-01  -1.0814532E-02  -1.2213106E-03   6.3949032E-03   1.3068907E-03   7.5373462E-04   3.0632378E-03   3.1045232E-02  -5.0839580E-04   5.3462900E-03  -8.5774538E-05  -4.4350888E-05
  1.1200644E-06  -1.2873178E-06  -1.2950391E-07   9.0669289E-06   3.4014532E-05   3.7810246E-05  -3.2980886E-05   4.6399144E-06  -2.0431411E-03   9.8698289E-04   4.4905252E-04  -8.1833882E-05  -8.9541777E-05  -1.7504019E-04   6.3953957E-04  -2.6413391E-01   4.1245285E-02   5.5237222E-01  -4.5463528E-01   7.5221188E-03  -2.5694514E-03  -2.3040120E-04   1.5547410E-03   1.9013062E-04   3.5647804E-05  -5.0839580E-04   1.0683121E-02   8.5700495E-03   3.4972574E-06   6.2706433E-05
 -5.0449672E-07   1.1610133E-06  -9.2829331E-07  -3.9411148E-06  -1.9154850E-05  -1.4928581E-05  -4.8274304E-05  -2.0478025E-06  -4.0395255E-04   2.0777339E-03   2.5739088E-04  -2.6150760E-05  -2.2837407E-04  -3.8407290E-04   2.9947442E-04  -2.4963370E-01   7.7406834E-02   2.8506244E-02  -1.2647303E-01   4.9325720E-02   4.9777842E-03  -1.7181702E-02   1.2489321E-03  -4.9239033E-02   2.5308981E-04   5.3462900E-03   8.5700495E-03   2.5967815E-02  -6.2808626E-06   5.6772464E-05
  5.3500508E-10  -4.1112558E-08   1.0608772E-08  -1.0485461E-07   2.8685837E-07  -3.3388967E-07  -7.2057027E-08  -3.0786877E-08   6.0223512E-06   6.6926050E-06  -1.9480208E-07  -8.1855454E-07  -4.2445310E-06  -1.1781812E-06   2.3130478E-06   6.9926733E-03   9.5253983E-04   1.4885250E-03  -4.4594520E-04   4.2834072E-04   1.4757475E-05  -4.0532169E-06   1.0033011E-05  -3.0933518E-04   3.6336574E-05  -8.5774538E-05   3.4972574E-06  -6.2808626E-06   1.1227131E-06   6.4569236E-08
 -1.2687493E-08   4.0377174E-08  -9.2213536E-10  -3.5501861E-07  -7.1413212E-07  -3.9608597E-07  -5.2684399E-07  -5.7834528E-08   1.0465486E-05  -4.4061885E-06  -3.1487658E-06  -1.7140640E-06  -3.1001841E-06  -2.6693824E-06  -7.9035497E-07   2.8265430E-03   7.4690170E-04  -7.5256136E-03   3.0794911E-03  -2.1198458E-04  -3.4402202E-05   9.2910590E-05  -4.1177447E-06   4.3290898E-05  -5.2436734E-06  -4.4350888E-05   6.2706433E-05   5.6772464E-05   6.4569236E-08   2.4822267E-06
