# omegabh2 omegach2 theta tau w wa logA ns calPlanck aps100 aps143 aps217 acib217 asz143 psr cibr xi aksz dust100 dust143 dust217 dust143x217 cal0 cal2 calTE calEE
  2.2935430E-08  -6.3397316E-08   1.2984222E-08   2.3674769E-07   3.5564679E-07   4.2764052E-06   4.4441195E-07   2.2210096E-07   2.6517495E-08  -3.7800319E-04  -2.7846902E-04   7.5616779E-05  -1.1670967E-04   1.6569545E-05   9.0301169E-07  -2.6812765E-06   1.9793888E-07  -3.4613056E-05   7.2507948E-07   3.0496110E-07   7.3017260E-07   2.1491369E-07  -1.0198796E-09  -4.2450335E-09  -9.7671347E-08  -2.7337382E-07
 -6.3397316E-08   1.1178921E-06  -8.7932508E-08  -2.5869738E-06   4.9939728E-06  -8.8612342E-05  -3.2200711E-06  -2.5803846E-06  -2.7684492E-07   1.2385400E-04   5.5345671E-04  -2.8769604E-05   1.7408705E-04   1.6051388E-05  -5.2693600E-06   1.3573717E-05  -5.9158011E-06   6.3822486E-05  -7.8319732E-06   2.7645767E-06   8.6111008E-07  -2.5773201E-07  -4.4193045E-08   1.1490914E-08  -2.0641974E-07  -5.8622318E-07
  1.2984222E-08  -8.7932508E-08   9.2547442E-08   2.9669340E-07  -1.1241577E-06   1.3021011E-05   5.5769225E-07   3.0383646E-07   3.3934466E-08   9.0812549E-05  -4.2498863E-05  -1.6290311E-04   9.5991236E-05  -4.1527600E-06   3.4109141E-07   1.7494491E-08  -3.0127586E-07  -1.1841366E-06   4.7620321E-08  -5.1063378E-08  -1.3152359E-06  -8.7844083E-07  -3.0695150E-09   9.7771218E-09  -4.5530549E-08   3.2510124E-08
  2.3674769E-07  -2.5869738E-06   2.9669340E-07   4.0863586E-05  -3.5859464E-05   3.3500425E-04   7.4436277E-05   8.4485391E-06  -2.5361881E-07  -8.5783148E-03  -4.6931402E-03  -9.8315863E-04  -7.7242623E-04   1.6018409E-04   4.1550793E-05  -8.1119502E-05   1.0711830E-05  -1.8564177E-04  -2.5179792E-06   1.7718810E-05  -1.4727382E-05   9.7548564E-06  -2.9567425E-07  -1.5305494E-07  -2.0807656E-06  -1.4426307E-06
  3.5564679E-07   4.9939728E-06  -1.1241577E-06  -3.5859464E-05   6.1006639E-03  -2.1808895E-02  -8.5135584E-05  -2.8328028E-06  -9.9157693E-06  -3.8534097E-02  -9.1826196E-03  -2.2815031E-02   1.0646667E-02   8.2686846E-04  -2.3459305E-04   2.5233582E-04  -3.0168566E-05  -6.5149858E-04   4.0152144E-04   4.6337284E-06  -2.0429911E-04  -1.1604148E-04  -1.5048776E-06   5.8959233E-07  -1.4433830E-05  -2.2567068E-05
  4.2764052E-06  -8.8612342E-05   1.3021011E-05   3.3500425E-04  -2.1808895E-02   9.1853657E-02   6.2060177E-04   1.6886818E-04   5.9362673E-05   7.2629827E-02   6.1884222E-03   7.0484402E-02  -3.7818743E-02   4.0712987E-03   1.3746261E-03  -1.4302522E-03   8.9280592E-04  -7.8493343E-03  -1.3879275E-03  -1.9111979E-04   5.8726151E-04   4.4997084E-04   8.4892164E-06  -3.1953500E-06   5.8088467E-05   1.1079372E-04
  4.4441195E-07  -3.2200711E-06   5.5769225E-07   7.4436277E-05  -8.5135584E-05   6.2060177E-04   1.6466730E-04   1.0567845E-05   1.0725474E-05  -7.7844394E-03  -6.5196491E-03   5.1042993E-03  -2.3331537E-03   3.3113854E-04   1.0402533E-04  -2.1111623E-04   4.7490424E-05  -1.0306780E-03  -3.9614986E-05  -4.7477602E-05  -8.6949697E-06   6.1720598E-06   1.3416008E-08  -3.8559761E-07  -4.9743691E-06  -1.5775374E-06
  2.2210096E-07  -2.5803846E-06   3.0383646E-07   8.4485391E-06  -2.8328028E-06   1.6886818E-04   1.0567845E-05   1.6388304E-05   6.7561705E-07  -2.0907690E-02  -7.5093098E-03   7.1827258E-03  -5.3167420E-03   3.8852064E-04   7.0951946E-05  -1.4023640E-04   5.1860878E-05  -1.9603422E-03   3.2081907E-05  -3.8030745E-05   2.3357070E-05  -4.5350180E-06  -2.5754838E-07  -1.5858541E-07  -4.6760305E-08  -2.5089832E-06
  2.6517495E-08  -2.7684492E-07   3.3934466E-08  -2.5361881E-07  -9.9157693E-06   5.9362673E-05   1.0725474E-05   6.7561705E-07   5.9697961E-06   5.4452097E-03   5.0050958E-04   1.0054916E-03   5.3985121E-04  -7.0332777E-05   1.5835180E-06  -1.4015437E-05   3.0597398E-06   4.9666116E-05  -2.9451443E-06  -2.1580120E-06   4.5557338E-06   7.9629049E-07   3.1812640E-08  -4.5015259E-08  -3.3106334E-07   9.6741388E-08
 -3.7800319E-04   1.2385400E-04   9.0812549E-05  -8.5783148E-03  -3.8534097E-02   7.2629827E-02  -7.7844394E-03  -2.0907690E-02   5.4452097E-03   6.1338536E+02   6.0134030E+01  -5.9474432E+01   3.4695026E+01  -2.3691771E+01  -8.1219393E-01  -4.4383121E-02  -4.8479810E-02   9.8308186E+00  -9.3845922E-02   2.4609481E-01  -3.3537207E-01  -2.7113716E-01   7.2760800E-03   2.3204331E-03   8.3443047E-04   5.4245040E-03
 -2.7846902E-04   5.5345671E-04  -4.2498863E-05  -4.6931402E-03  -9.1826196E-03   6.1884222E-03  -6.5196491E-03  -7.5093098E-03   5.0050958E-04   6.0134030E+01   6.9760234E+01   1.1748302E+01   6.0736229E+00   1.4091105E-01  -2.5782157E-02   4.8031010E-01   9.5120949E-01  -9.0490514E+00  -2.2664060E-02  -2.4986526E-01   5.1972220E-02   7.0083749E-02   1.1812342E-03   2.3699950E-04   2.4253878E-03   5.5539780E-03
  7.5616779E-05  -2.8769604E-05  -1.6290311E-04  -9.8315863E-04  -2.2815031E-02   7.0484402E-02   5.1042993E-03   7.1827258E-03   1.0054916E-03  -5.9474432E+01   1.1748302E+01   1.7178025E+02  -8.0689979E+01   2.6145233E+00   2.9846608E-01  -9.9967112E-01   3.2982787E-01  -7.4364860E+00  -3.2924418E-02  -2.6743662E-01   5.5961628E-01  -2.4255184E-02   1.4569648E-03  -7.0548258E-03   3.1057194E-03   3.1251458E-03
 -1.1670967E-04   1.7408705E-04   9.5991236E-05  -7.7242623E-04   1.0646667E-02  -3.7818743E-02  -2.3331537E-03  -5.3167420E-03   5.3985121E-04   3.4695026E+01   6.0736229E+00  -8.0689979E+01   5.0410384E+01   1.6316189E+00  -2.6061766E-02   7.0969586E-01  -2.2247658E-01  -2.7569877E+00   7.7985624E-03   1.5944515E-01  -4.5159873E-01  -1.0362555E-01  -3.8176562E-04   2.7193391E-03  -1.1905088E-03  -1.1305172E-04
  1.6569545E-05   1.6051388E-05  -4.1527600E-06   1.6018409E-04   8.2686846E-04   4.0712987E-03   3.3113854E-04   3.8852064E-04  -7.0332777E-05  -2.3691771E+01   1.4091105E-01   2.6145233E+00   1.6316189E+00   4.2575927E+00   1.0180990E-01   1.6088100E-01  -3.2316883E-02  -3.5594764E+00  -4.3652526E-03   2.0623265E-03   1.3773996E-02   5.8502308E-02   4.8467678E-04  -1.7618905E-04  -6.1243770E-05  -2.3431968E-04
  9.0301169E-07  -5.2693600E-06   3.4109141E-07   4.1550793E-05  -2.3459305E-04   1.3746261E-03   1.0402533E-04   7.0951946E-05   1.5835180E-06  -8.1219393E-01  -2.5782157E-02   2.9846608E-01  -2.6061766E-02   1.0180990E-01   1.6512480E-02  -1.6705149E-02   1.0892948E-02  -1.0428433E-01  -1.6854599E-05  -1.0072542E-03  -2.6424294E-03   5.3203723E-03   1.6786044E-05  -3.4735841E-05   6.1046841E-07   9.3240546E-06
 -2.6812765E-06   1.3573717E-05   1.7494491E-08  -8.1119502E-05   2.5233582E-04  -1.4302522E-03  -2.1111623E-04  -1.4023640E-04  -1.4015437E-05  -4.4383121E-02   4.8031010E-01  -9.9967112E-01   7.0969586E-01   1.6088100E-01  -1.6705149E-02   6.9154011E-02   5.8220144E-03  -1.6126603E-01  -4.8184399E-04   6.9592354E-03  -1.2823047E-04  -1.7032391E-02  -1.6712226E-06   9.4017037E-05   9.6805387E-06  -1.8336736E-06
  1.9793888E-07  -5.9158011E-06  -3.0127586E-07   1.0711830E-05  -3.0168566E-05   8.9280592E-04   4.7490424E-05   5.1860878E-05   3.0597398E-06  -4.8479810E-02   9.5120949E-01   3.2982787E-01  -2.2247658E-01  -3.2316883E-02   1.0892948E-02   5.8220144E-03   8.2169021E-02   2.8252094E-02  -5.3278461E-05  -7.9305053E-04   1.3284623E-03   8.6826118E-04   1.8767678E-05  -2.5939918E-07   3.2574640E-05   4.8883881E-05
 -3.4613056E-05   6.3822486E-05  -1.1841366E-06  -1.8564177E-04  -6.5149858E-04  -7.8493343E-03  -1.0306780E-03  -1.9603422E-03   4.9666116E-05   9.8308186E+00  -9.0490514E+00  -7.4364860E+00  -2.7569877E+00  -3.5594764E+00  -1.0428433E-01  -1.6126603E-01   2.8252094E-02   7.4947437E+00  -7.1222705E-03  -8.0644793E-03  -3.6305989E-03  -5.5011258E-02  -4.3187001E-04   1.1898541E-04  -1.6404061E-04  -1.1026115E-04
  7.2507948E-07  -7.8319732E-06   4.7620321E-08  -2.5179792E-06   4.0152144E-04  -1.3879275E-03  -3.9614986E-05   3.2081907E-05  -2.9451443E-06  -9.3845922E-02  -2.2664060E-02  -3.2924418E-02   7.7985624E-03  -4.3652526E-03  -1.6854599E-05  -4.8184399E-04  -5.3278461E-05  -7.1222705E-03   3.7644200E-02   2.6968546E-03   7.1253655E-06   1.3814701E-03   3.9509025E-05  -6.6352956E-06   7.2493793E-06  -1.5006306E-05
  3.0496110E-07   2.7645767E-06  -5.1063378E-08   1.7718810E-05   4.6337284E-06  -1.9111979E-04  -4.7477602E-05  -3.8030745E-05  -2.1580120E-06   2.4609481E-01  -2.4986526E-01  -2.6743662E-01   1.5944515E-01   2.0623265E-03  -1.0072542E-03   6.9592354E-03  -7.9305053E-04  -8.0644793E-03   2.6968546E-03   3.0087434E-02  -8.5402669E-04   4.9565501E-03  -7.8813225E-05  -4.5586823E-05  -8.6830912E-05  -9.0121190E-05
  7.3017260E-07   8.6111008E-07  -1.3152359E-06  -1.4727382E-05  -2.0429911E-04   5.8726151E-04  -8.6949697E-06   2.3357070E-05   4.5557338E-06  -3.3537207E-01   5.1972220E-02   5.5961628E-01  -4.5159873E-01   1.3773996E-02  -2.6424294E-03  -1.2823047E-04   1.3284623E-03  -3.6305989E-03   7.1253655E-06  -8.5402669E-04   1.0785349E-02   8.4922225E-03   3.1899351E-06   6.4153084E-05   1.2492752E-05  -1.0560338E-06
  2.1491369E-07  -2.5773201E-07  -8.7844083E-07   9.7548564E-06  -1.1604148E-04   4.4997084E-04   6.1720598E-06  -4.5350180E-06   7.9629049E-07  -2.7113716E-01   7.0083749E-02  -2.4255184E-02  -1.0362555E-01   5.8502308E-02   5.3203723E-03  -1.7032391E-02   8.6826118E-04  -5.5011258E-02   1.3814701E-03   4.9565501E-03   8.4922225E-03   2.5948371E-02  -1.7438317E-06   5.7938107E-05  -2.7049911E-05  -1.7646905E-05
 -1.0198796E-09  -4.4193045E-08  -3.0695150E-09  -2.9567425E-07  -1.5048776E-06   8.4892164E-06   1.3416008E-08  -2.5754838E-07   3.1812640E-08   7.2760800E-03   1.1812342E-03   1.4569648E-03  -3.8176562E-04   4.8467678E-04   1.6786044E-05  -1.6712226E-06   1.8767678E-05  -4.3187001E-04   3.9509025E-05  -7.8813225E-05   3.1899351E-06  -1.7438317E-06   1.1450470E-06   4.4223194E-08   5.0100957E-07   7.1779016E-07
 -4.2450335E-09   1.1490914E-08   9.7771218E-09  -1.5305494E-07   5.8959233E-07  -3.1953500E-06  -3.8559761E-07  -1.5858541E-07  -4.5015259E-08   2.3204331E-03   2.3699950E-04  -7.0548258E-03   2.7193391E-03  -1.7618905E-04  -3.4735841E-05   9.4017037E-05  -2.5939918E-07   1.1898541E-04  -6.6352956E-06  -4.5586823E-05   6.4153084E-05   5.7938107E-05   4.4223194E-08   2.4107683E-06   2.5657864E-07   1.3194483E-07
 -9.7671347E-08  -2.0641974E-07  -4.5530549E-08  -2.0807656E-06  -1.4433830E-05   5.8088467E-05  -4.9743691E-06  -4.6760305E-08  -3.3106334E-07   8.3443047E-04   2.4253878E-03   3.1057194E-03  -1.1905088E-03  -6.1243770E-05   6.1046841E-07   9.6805387E-06   3.2574640E-05  -1.6404061E-04   7.2493793E-06  -8.6830912E-05   1.2492752E-05  -2.7049911E-05   5.0100957E-07   2.5657864E-07   2.2896042E-05   7.6987484E-06
 -2.7337382E-07  -5.8622318E-07   3.2510124E-08  -1.4426307E-06  -2.2567068E-05   1.1079372E-04  -1.5775374E-06  -2.5089832E-06   9.6741388E-08   5.4245040E-03   5.5539780E-03   3.1251458E-03  -1.1305172E-04  -2.3431968E-04   9.3240546E-06  -1.8336736E-06   4.8883881E-05  -1.1026115E-04  -1.5006306E-05  -9.0121190E-05  -1.0560338E-06  -1.7646905E-05   7.1779016E-07   1.3194483E-07   7.6987484E-06   2.4088065E-05
