# omegabh2 omegach2 theta tau nnu yhe logA ns calPlanck acib217 xi asz143 aps100 aps143 aps143217 aps217 aksz kgal100 kgal143 kgal143217 kgal217 cal0 cal2
  5.1906944E-08   4.1010471E-07  -3.7479236E-08   2.7036009E-07   2.9182724E-05   5.4861642E-08   1.6459239E-06   1.0665465E-06   2.0583912E-08   2.1413229E-05  -7.7930089E-07   2.2715475E-05  -7.2625877E-05  -1.2816747E-04  -6.8607441E-05  -8.4635320E-05  -2.6470504E-05  -2.2154923E-06   1.8387018E-05   1.4053847E-05   1.2127026E-06  -4.8037416E-10   1.6234832E-09
  4.1010471E-07   1.6915919E-05  -2.1677122E-06  -2.4711412E-06   1.0141253E-03  -2.6869275E-06   3.3224256E-05   2.5063064E-05  -1.8870958E-07   3.9275965E-03  -7.7283487E-05  -5.9514278E-04   1.6999130E-02   1.0288217E-02   3.4174215E-03  -3.9808280E-05   1.0879156E-03  -1.9649960E-05   5.8775566E-04   9.9525145E-04  -1.5195373E-04  -6.4615897E-08   5.6745607E-08
 -3.7479236E-08  -2.1677122E-06   4.7492246E-07   2.5719678E-07  -1.3702345E-04   8.1953010E-07  -4.1015961E-06  -3.2013866E-06   2.4099771E-08  -4.8373753E-04   7.5499159E-06   8.4031303E-05  -2.0639455E-03  -1.3362269E-03  -4.9825517E-04  -6.6974420E-05  -1.2912270E-04   1.8521006E-05  -4.9222112E-05  -5.7033997E-05   1.2880174E-04   6.1025235E-09  -1.3973603E-09
  2.7036009E-07  -2.4711412E-06   2.5719678E-07   4.3917938E-05   5.0790467E-06   9.0611451E-07   7.9565652E-05   8.5724812E-06  -1.0781337E-06  -2.0276371E-03   4.7388154E-05  -1.3735570E-05  -8.0093385E-03  -3.6383682E-03  -1.5238362E-03  -7.3080634E-04   3.1537531E-05  -3.6569616E-05  -2.3040718E-04  -7.9629924E-04  -5.6509722E-04  -1.1805797E-08  -8.3401474E-08
  2.9182724E-05   1.0141253E-03  -1.3702345E-04   5.0790467E-06   6.5386942E-02  -1.6611526E-04   2.3190587E-03   1.7782907E-03   4.5547628E-08   2.4177031E-01  -4.5937564E-03  -3.7602690E-02   1.0750017E+00   6.4616593E-01   2.2553538E-01   1.4775542E-02   6.6542880E-02  -1.5354056E-05   3.3960903E-02   5.5691993E-02  -1.7694445E-02  -1.8271318E-06   2.4424246E-06
  5.4861642E-08  -2.6869275E-06   8.1953010E-07   9.0611451E-07  -1.6611526E-04   1.5230678E-05  -6.7776159E-07   1.4564055E-06  -8.0839851E-08  -2.0235050E-04   1.3827408E-05  -1.7820026E-04   3.5379302E-03   6.2862241E-04   9.6547719E-04   1.4831394E-03   3.5580263E-04  -1.1770380E-04   1.2224366E-04  -1.8894534E-04  -1.7029369E-04   1.0744178E-07   3.1963271E-09
  1.6459239E-06   3.3224256E-05  -4.1015961E-06   7.9565652E-05   2.3190587E-03  -6.7776159E-07   2.5684778E-04   7.4731805E-05   9.0361301E-06   3.5780274E-03  -5.6714823E-05  -1.4477277E-03   2.5566641E-02   1.7241679E-02   7.7224643E-03   6.2890881E-03   1.7116291E-03  -1.0263254E-04  -1.9096763E-04  -2.5834511E-04   2.2435859E-04   1.5850202E-07  -9.5083832E-08
  1.0665465E-06   2.5063064E-05  -3.2013866E-06   8.5724812E-06   1.7782907E-03   1.4564055E-06   7.4731805E-05   6.7299206E-05   4.1013554E-07   1.3920214E-03   6.5907701E-06   2.1013965E-04   3.2600793E-03   1.1811996E-02   1.0184187E-02   7.5761056E-03  -7.6283343E-04   2.3126662E-04   4.4974218E-04   1.2840080E-03   1.3898618E-03  -5.4744455E-08  -5.2176939E-08
  2.0583912E-08  -1.8870958E-07   2.4099771E-08  -1.0781337E-06   4.5547628E-08  -8.0839851E-08   9.0361301E-06   4.1013554E-07   5.7980693E-06  -1.9100768E-05  -4.5673359E-06   5.6002986E-05   2.1403686E-03   7.1793953E-05   4.8972752E-04   2.1459040E-03  -2.9657693E-05   2.1281482E-04  -2.2729504E-04  -9.1455497E-05   1.1035166E-03   6.5281572E-08  -3.3423013E-08
  2.1413229E-05   3.9275965E-03  -4.8373753E-04  -2.0276371E-03   2.4177031E-01  -2.0235050E-04   3.5780274E-03   1.3920214E-03  -1.9100768E-05   4.5872766E+01  -4.3138369E-01  -1.1615308E+00   3.8229829E+01   3.5794777E+00  -1.4254493E+01  -5.6471021E+01   3.8441195E-01   8.1081673E-01   1.4958129E+00  -4.5834960E+00  -3.2307431E+01  -2.3745975E-04   7.0672652E-04
 -7.7930089E-07  -7.7283487E-05   7.5499159E-06   4.7388154E-05  -4.5937564E-03   1.3827408E-05  -5.6714823E-05   6.5907701E-06  -4.5673359E-06  -4.3138369E-01   7.9817147E-02  -3.9447653E-02  -7.3089098E-01   7.9656975E-01   1.5882843E+00   6.3876896E-01   4.1967462E-02  -1.4120754E-02  -1.0237246E-02   9.0851797E-02   1.5580469E-01   2.6069284E-06  -8.6587800E-07
  2.2715475E-05  -5.9514278E-04   8.4031303E-05  -1.3735570E-05  -3.7602690E-02  -1.7820026E-04  -1.4477277E-03   2.1013965E-04   5.6002986E-05  -1.1615308E+00  -3.9447653E-02   4.0278356E+00  -3.2770704E+01  -4.1106182E+00   7.9177920E+00   5.7459796E+00  -2.9924066E+00  -9.9618495E-02   2.5794634E-01   2.7767107E+00   3.6377582E+00   5.3816933E-05  -1.5678422E-05
 -7.2625877E-05   1.6999130E-02  -2.0639455E-03  -8.0093385E-03   1.0750017E+00   3.5379302E-03   2.5566641E-02   3.2600793E-03   2.1403686E-03   3.8229829E+01  -7.3089098E-01  -3.2770704E+01   8.1950358E+02   8.5586377E+01  -5.4391695E+01  -6.0542055E+01   1.7797337E+01  -6.0644611E+00   5.9877061E+00  -1.0997637E+01  -2.2091884E+01   4.1778305E-03   2.7961997E-04
 -1.2816747E-04   1.0288217E-02  -1.3362269E-03  -3.6383682E-03   6.4616593E-01   6.2862241E-04   1.7241679E-02   1.1811996E-02   7.1793953E-05   3.5794777E+00   7.9656975E-01  -4.1106182E+00   8.5586377E+01   6.8178468E+01   4.1109915E+01   1.6179313E+01  -3.6147434E+00  -8.7213354E-02  -1.3238694E+00   3.5257389E+00   4.6963925E+00   2.7955834E-04   1.6217261E-04
 -6.8607441E-05   3.4174215E-03  -4.9825517E-04  -1.5238362E-03   2.2553538E-01   9.6547719E-04   7.7224643E-03   1.0184187E-02   4.8972752E-04  -1.4254493E+01   1.5882843E+00   7.9177920E+00  -5.4391695E+01   4.1109915E+01   8.6801519E+01   5.7845071E+01  -1.2402999E+01  -9.3231687E-01  -1.0511245E+00   4.9349994E+00   9.9705414E+00   4.2976671E-04  -2.6239667E-04
 -8.4635320E-05  -3.9808280E-05  -6.6974420E-05  -7.3080634E-04   1.4775542E-02   1.4831394E-03   6.2890881E-03   7.5761056E-03   2.1459040E-03  -5.6471021E+01   6.3876896E-01   5.7459796E+00  -6.0542055E+01   1.6179313E+01   5.7845071E+01   1.0848719E+02  -1.0066682E+01  -1.3579788E+00  -2.4491887E+00   4.1049141E+00   3.3240425E+01   5.8131468E-04  -1.2673763E-03
 -2.6470504E-05   1.0879156E-03  -1.2912270E-04   3.1537531E-05   6.6542880E-02   3.5580263E-04   1.7116291E-03  -7.6283343E-04  -2.9657693E-05   3.8441195E-01   4.1967462E-02  -2.9924066E+00   1.7797337E+01  -3.6147434E+00  -1.2402999E+01  -1.0066682E+01   6.4774104E+00   1.5709360E-02  -1.2444082E-01  -2.0275016E+00  -2.7063132E+00  -7.7255899E-05  -2.9345183E-05
 -2.2154923E-06  -1.9649960E-05   1.8521006E-05  -3.6569616E-05  -1.5354056E-05  -1.1770380E-04  -1.0263254E-04   2.3126662E-04   2.1281482E-04   8.1081673E-01  -1.4120754E-02  -9.9618495E-02  -6.0644611E+00  -8.7213354E-02  -9.3231687E-01  -1.3579788E+00   1.5709360E-02   3.3039618E+00   5.7251538E-01   4.4586645E-01   1.8719507E-01   1.4306416E-04   6.0721507E-05
  1.8387018E-05   5.8775566E-04  -4.9222112E-05  -2.3040718E-04   3.3960903E-02   1.2224366E-04  -1.9096763E-04   4.4974218E-04  -2.2729504E-04   1.4958129E+00  -1.0237246E-02   2.5794634E-01   5.9877061E+00  -1.3238694E+00  -1.0511245E+00  -2.4491887E+00  -1.2444082E-01   5.7251538E-01   3.4746771E+00   2.9730395E+00   2.2975194E+00  -2.2871696E-04  -5.4065244E-05
  1.4053847E-05   9.9525145E-04  -5.7033997E-05  -7.9629924E-04   5.5691993E-02  -1.8894534E-04  -2.5834511E-04   1.2840080E-03  -9.1455497E-05  -4.5834960E+00   9.0851797E-02   2.7767107E+00  -1.0997637E+01   3.5257389E+00   4.9349994E+00   4.1049141E+00  -2.0275016E+00   4.4586645E-01   2.9730395E+00   1.1291309E+01   1.9371973E+01  -6.5615488E-05   5.1033311E-04
  1.2127026E-06  -1.5195373E-04   1.2880174E-04  -5.6509722E-04  -1.7694445E-02  -1.7029369E-04   2.2435859E-04   1.3898618E-03   1.1035166E-03  -3.2307431E+01   1.5580469E-01   3.6377582E+00  -2.2091884E+01   4.6963925E+00   9.9705414E+00   3.3240425E+01  -2.7063132E+00   1.8719507E-01   2.2975194E+00   1.9371973E+01   5.3457314E+01   8.1369407E-05   1.1437349E-03
 -4.8037416E-10  -6.4615897E-08   6.1025235E-09  -1.1805797E-08  -1.8271318E-06   1.0744178E-07   1.5850202E-07  -5.4744455E-08   6.5281572E-08  -2.3745975E-04   2.6069284E-06   5.3816933E-05   4.1778305E-03   2.7955834E-04   4.2976671E-04   5.8131468E-04  -7.7255899E-05   1.4306416E-04  -2.2871696E-04  -6.5615488E-05   8.1369407E-05   3.6110998E-07   3.2149841E-09
  1.6234832E-09   5.6745607E-08  -1.3973603E-09  -8.3401474E-08   2.4424246E-06   3.1963271E-09  -9.5083832E-08  -5.2176939E-08  -3.3423013E-08   7.0672652E-04  -8.6587800E-07  -1.5678422E-05   2.7961997E-04   1.6217261E-04  -2.6239667E-04  -1.2673763E-03  -2.9345183E-05   6.0721507E-05  -5.4065244E-05   5.1033311E-04   1.1437349E-03   3.2149841E-09   4.1905513E-07
