# omegabh2 omegach2 theta tau nnu logA ns calPlanck acib217 xi asz143 aps100 aps143 aps143217 aps217 aksz kgal100 kgal143 kgal143217 kgal217 cal0 cal2
  4.1758169E-08   2.0600805E-07  -5.7098525E-09   1.6378192E-07   1.4750876E-05   9.4405291E-07   6.1659328E-07   1.9304459E-08  -3.4657438E-05   1.7521931E-08   1.1865482E-05  -1.1908301E-04  -1.9136451E-04  -1.0005032E-04  -2.6392648E-05  -1.4236680E-05   2.8588085E-06  -8.1680497E-06  -2.0457894E-05  -3.2712521E-05   4.0242275E-10  -3.3025273E-09
  2.0600805E-07   1.0749538E-05  -9.2927861E-07  -4.7222906E-06   5.6931199E-04   1.4124164E-05   1.3806378E-05  -5.1976895E-07   2.8693775E-03  -6.0975581E-05  -9.2174203E-04   1.5207325E-02   7.9267955E-03   2.2386299E-03   2.6942113E-04   1.5168867E-03   5.2030259E-05   1.3285252E-04  -2.4725555E-04  -1.3154027E-03  -5.0573120E-08   7.4345278E-08
 -5.7098525E-09  -9.2927861E-07   2.6122003E-07   3.9890776E-07  -5.4048332E-05  -9.9251765E-07  -1.2376843E-06   7.7122255E-08  -1.8503474E-04   6.2544845E-06   7.9357805E-05  -1.0894774E-03  -7.3088338E-04  -2.4858437E-04  -1.5453651E-04  -1.4230278E-04  -2.2109094E-05  -1.7325705E-05   8.0647234E-06   5.4058463E-05  -1.7670002E-09  -7.2678861E-09
  1.6378192E-07  -4.7222906E-06   3.9890776E-07   5.0084186E-05  -1.3045472E-04   8.7171047E-05   3.8469289E-06  -8.7144269E-07  -1.2362793E-03   4.0656818E-05   1.0361326E-04  -6.2649662E-03  -4.8335697E-03  -2.6811686E-03  -1.7998503E-03  -7.6049920E-04   1.2250555E-04  -2.1630466E-04  -7.4974965E-04  -9.4344712E-04   3.0690488E-08  -4.7374280E-08
  1.4750876E-05   5.6931199E-04  -5.4048332E-05  -1.3045472E-04   3.3785921E-02   1.0140808E-03   9.5499760E-04  -1.5590079E-05   1.6947422E-01  -3.5480723E-03  -5.3099440E-02   8.7722998E-01   4.5088716E-01   1.2554412E-01   1.2478034E-02   8.6515205E-02   3.5807557E-03   5.1625463E-03  -1.9688196E-02  -8.4828715E-02  -1.9518328E-06   3.8237796E-06
  9.4405291E-07   1.4124164E-05  -9.9251765E-07   8.7171047E-05   1.0140808E-03   2.2865864E-04   3.8157830E-05   9.4582209E-06   4.2596626E-03  -4.1308075E-05  -1.8053059E-03   2.5169670E-02   8.4184488E-03   1.1962443E-03   1.5256293E-03   1.1889697E-03   3.1513313E-05  -8.4666100E-04  -2.8420089E-03  -3.9502049E-03   1.1857082E-07   1.5802873E-08
  6.1659328E-07   1.3806378E-05  -1.2376843E-06   3.8469289E-06   9.5499760E-04   3.8157830E-05   4.2493511E-05   2.3707848E-07   3.2731936E-04   1.2432865E-05  -3.5509915E-04   7.6171232E-05   6.2569180E-03   6.1407385E-03   6.3323179E-03  -2.9207164E-04   5.4435311E-04  -4.4199011E-04  -1.0477210E-03  -1.4517464E-03  -1.0321092E-07   2.5039920E-08
  1.9304459E-08  -5.1976895E-07   7.7122255E-08  -8.7144269E-07  -1.5590079E-05   9.4582209E-06   2.3707848E-07   6.1395704E-06   8.9397685E-04  -8.4771404E-06   5.5243024E-05   3.3096669E-03  -1.3170816E-04  -1.2634921E-04   6.6689490E-04   5.2066307E-06   5.5624621E-05  -3.4844813E-05  -9.7353320E-05   5.2967191E-04   1.3613395E-08  -8.2730371E-09
 -3.4657438E-05   2.8693775E-03  -1.8503474E-04  -1.2362793E-03   1.6947422E-01   4.2596626E-03   3.2731936E-04   8.9397685E-04   4.6204087E+01  -4.4511083E-01  -1.0960271E+00   4.2346290E+01   3.8251226E+00  -1.3676618E+01  -5.6160284E+01   3.8788656E-01   2.7760127E-01   8.6477896E-01  -5.5202335E+00  -3.3199365E+01  -1.5692672E-04   8.3490842E-04
  1.7521931E-08  -6.0975581E-05   6.2544845E-06   4.0656818E-05  -3.5480723E-03  -4.1308075E-05   1.2432865E-05  -8.4771404E-06  -4.4511083E-01   8.3834011E-02  -4.7012329E-02  -3.9122571E-01   8.3077633E-01   1.5701679E+00   6.0453782E-01   4.8477703E-02   7.6715960E-03   6.5653683E-03   1.0475438E-01   1.7696629E-01   9.1604733E-06  -6.8209490E-06
  1.1865482E-05  -9.2174203E-04   7.9357805E-05   1.0361326E-04  -5.3099440E-02  -1.8053059E-03  -3.5509915E-04   5.5243024E-05  -1.0960271E+00  -4.7012329E-02   3.9778476E+00  -3.1800653E+01  -3.8026045E+00   7.7820082E+00   5.6016932E+00  -3.2280482E+00  -1.5323886E-01   1.3228957E-01   2.6638820E+00   3.4794542E+00   1.0908889E-04  -3.0969104E-05
 -1.1908301E-04   1.5207325E-02  -1.0894774E-03  -6.2649662E-03   8.7722998E-01   2.5169670E-02   7.6171232E-05   3.3096669E-03   4.2346290E+01  -3.9122571E-01  -3.1800653E+01   8.1538043E+02   8.6485088E+01  -4.7826496E+01  -6.3790448E+01   1.8102118E+01  -7.4340001E+00   6.6462974E+00  -1.2090629E+01  -2.7824386E+01   4.2877488E-03   1.5390313E-04
 -1.9136451E-04   7.9267955E-03  -7.3088338E-04  -4.8335697E-03   4.5088716E-01   8.4184488E-03   6.2569180E-03  -1.3170816E-04   3.8251226E+00   8.3077633E-01  -3.8026045E+00   8.6485088E+01   7.0038289E+01   4.2518510E+01   1.6601457E+01  -4.3857171E+00  -2.4268694E-01  -1.3535741E+00   3.5218043E+00   4.4631413E+00   1.3598955E-04   1.7275462E-04
 -1.0005032E-04   2.2386299E-03  -2.4858437E-04  -2.6811686E-03   1.2554412E-01   1.1962443E-03   6.1407385E-03  -1.2634921E-04  -1.3676618E+01   1.5701679E+00   7.7820082E+00  -4.7826496E+01   4.2518510E+01   8.4931694E+01   5.5557633E+01  -1.3036040E+01  -6.1849685E-01  -9.7287494E-01   4.9257838E+00   9.7261670E+00   4.6595788E-04  -4.4711752E-04
 -2.6392648E-05   2.6942113E-04  -1.5453651E-04  -1.7998503E-03   1.2478034E-02   1.5256293E-03   6.3323179E-03   6.6689490E-04  -5.6160284E+01   6.0453782E-01   5.6016932E+00  -6.3790448E+01   1.6601457E+01   5.5557633E+01   1.0702425E+02  -1.0475817E+01  -8.4864755E-01  -2.0451850E+00   4.7603956E+00   3.3056546E+01   3.8844882E-04  -1.4452436E-03
 -1.4236680E-05   1.5168867E-03  -1.4230278E-04  -7.6049920E-04   8.6515205E-02   1.1889697E-03  -2.9207164E-04   5.2066307E-06   3.8788656E-01   4.8477703E-02  -3.2280482E+00   1.8102118E+01  -4.3857171E+00  -1.3036040E+01  -1.0475817E+01   7.0128399E+00   8.7060479E-02  -3.6725811E-02  -2.3499125E+00  -3.0769746E+00  -9.1870447E-05   2.2355790E-06
  2.8588085E-06   5.2030259E-05  -2.2109094E-05   1.2250555E-04   3.5807557E-03   3.1513313E-05   5.4435311E-04   5.5624621E-05   2.7760127E-01   7.6715960E-03  -1.5323886E-01  -7.4340001E+00  -2.4268694E-01  -6.1849685E-01  -8.4864755E-01   8.7060479E-02   3.4451855E+00   5.6694347E-01   3.2275900E-01   2.7116247E-01   1.6368206E-04   2.4879959E-05
 -8.1680497E-06   1.3285252E-04  -1.7325705E-05  -2.1630466E-04   5.1625463E-03  -8.4666100E-04  -4.4199011E-04  -3.4844813E-05   8.6477896E-01   6.5653683E-03   1.3228957E-01   6.6462974E+00  -1.3535741E+00  -9.7287494E-01  -2.0451850E+00  -3.6725811E-02   5.6694347E-01   3.2117411E+00   2.7608385E+00   2.7369677E+00  -1.4591680E-04  -3.6765158E-05
 -2.0457894E-05  -2.4725555E-04   8.0647234E-06  -7.4974965E-04  -1.9688196E-02  -2.8420089E-03  -1.0477210E-03  -9.7353320E-05  -5.5202335E+00   1.0475438E-01   2.6638820E+00  -1.2090629E+01   3.5218043E+00   4.9257838E+00   4.7603956E+00  -2.3499125E+00   3.2275900E-01   2.7608385E+00   1.0972954E+01   1.9571944E+01   1.4001736E-05   4.4680756E-04
 -3.2712521E-05  -1.3154027E-03   5.4058463E-05  -9.4344712E-04  -8.4828715E-02  -3.9502049E-03  -1.4517464E-03   5.2967191E-04  -3.3199365E+01   1.7696629E-01   3.4794542E+00  -2.7824386E+01   4.4631413E+00   9.7261670E+00   3.3056546E+01  -3.0769746E+00   2.7116247E-01   2.7369677E+00   1.9571944E+01   5.3986694E+01   6.0409649E-05   9.3833819E-04
  4.0242275E-10  -5.0573120E-08  -1.7670002E-09   3.0690488E-08  -1.9518328E-06   1.1857082E-07  -1.0321092E-07   1.3613395E-08  -1.5692672E-04   9.1604733E-06   1.0908889E-04   4.2877488E-03   1.3598955E-04   4.6595788E-04   3.8844882E-04  -9.1870447E-05   1.6368206E-04  -1.4591680E-04   1.4001736E-05   6.0409649E-05   3.8222732E-07  -8.0816971E-09
 -3.3025273E-09   7.4345278E-08  -7.2678861E-09  -4.7374280E-08   3.8237796E-06   1.5802873E-08   2.5039920E-08  -8.2730371E-09   8.3490842E-04  -6.8209490E-06  -3.0969104E-05   1.5390313E-04   1.7275462E-04  -4.4711752E-04  -1.4452436E-03   2.2355790E-06   2.4879959E-05  -3.6765158E-05   4.4680756E-04   9.3833819E-04  -8.0816971E-09   3.9048395E-07
