# omegabh2 omegach2 theta tau logA ns r calPlanck BBdust BBsync BBalphadust BBbetadust BBalphasync BBbetasync BBdustsynccorr acib217 xi asz143 aps100 aps143 aps143217 aps217 aksz kgal100 kgal143 kgal143217 kgal217 cal0 cal2
  3.7465066E-08  -5.4416562E-08   2.2956211E-08   2.3376682E-07   4.7808792E-07   2.5592880E-07   7.1165358E-08   1.7384831E-08  -1.4495114E-06  -3.2664093E-06   7.9007162E-07  -1.7923859E-07  -4.4006564E-07   2.0151503E-07  -3.7559202E-07  -1.2114839E-04   2.5649828E-06   3.7510250E-05  -7.4567429E-04  -4.2910966E-04  -1.5417575E-04  -4.2348851E-05  -5.5294753E-05   1.2582921E-05   6.5712300E-07  -9.7894907E-06   1.6808214E-05   1.3045359E-10  -3.7536219E-09
 -5.4416562E-08   1.4753670E-06  -4.9158991E-08  -1.1793236E-06   1.1513271E-06  -3.1351380E-06  -1.3672109E-06  -7.9263726E-08  -5.1275953E-06   7.5893275E-06  -1.0252088E-05   2.2527543E-06  -3.9594937E-06   3.8837971E-06  -5.7866610E-06   2.4617750E-05  -4.3539983E-06   6.6822261E-06  -4.6404817E-05   3.2182214E-04   2.6965180E-04   2.3910186E-04  -2.8940451E-05  -3.1381128E-05  -4.1373971E-05   7.6400438E-07   2.7456582E-05  -7.5108411E-09   4.1100009E-09
  2.2956211E-08  -4.9158991E-08   1.7897957E-07   1.9983402E-07   5.0856495E-07   3.7235677E-07   3.8266528E-09   1.5008996E-08  -1.0853629E-06   5.2023491E-06  -1.1679376E-06  -3.5753521E-07   4.5459228E-07   8.6597068E-07   4.6241255E-07   1.4954501E-05  -2.1088793E-06   1.3519123E-05  -2.0321193E-04  -1.0590767E-04  -8.6974513E-05  -7.4047784E-05  -1.5829231E-05   1.7036816E-05   6.1002579E-06   6.6687814E-06   6.5797090E-07   2.8509427E-11   9.9071908E-10
  2.3376682E-07  -1.1793236E-06   1.9983402E-07   4.6460815E-05   9.0016192E-05   5.3470637E-06  -3.7199569E-06  -8.7603019E-08  -1.8215368E-04  -3.5192078E-05  -1.9254553E-05   2.9484709E-06  -1.7084094E-05  -1.6437943E-05  -2.2600372E-05  -1.8615015E-03   5.4926140E-05   2.3890259E-04  -8.8143439E-03  -4.0939072E-03  -1.0143180E-03   3.6736324E-04  -6.2366141E-04  -3.4347359E-05  -1.4130938E-04  -5.5548050E-04  -1.7543591E-04  -5.9547024E-08  -9.5770953E-08
  4.7808792E-07   1.1513271E-06   5.0856495E-07   9.0016192E-05   2.1155753E-04   2.2473269E-06  -1.4305422E-05   1.2154178E-05  -4.4371501E-04  -4.6896317E-06  -9.4101543E-05   1.9271360E-05  -4.8787592E-05  -2.8418718E-06  -4.6739262E-05  -4.5410208E-03   1.3986145E-04   6.6338282E-04  -1.8326163E-02  -6.8766226E-03   1.6176902E-03   8.0764313E-03  -2.4311038E-03  -4.3559531E-04  -9.5442255E-04  -1.6444454E-03   1.3457734E-03   4.6163978E-08  -2.0088653E-07
  2.5592880E-07  -3.1351380E-06   3.7235677E-07   5.3470637E-06   2.2473269E-06   1.7725697E-05   7.0734660E-06   5.0196193E-07  -2.3834099E-05  -6.8905692E-05   3.3808479E-05  -2.8393283E-06   2.3669817E-05   3.1812023E-07   2.0674613E-06  -4.8672702E-03   1.0824122E-04   1.0722603E-03  -2.4798508E-02  -7.0752340E-03   1.6441364E-03   5.2148437E-03  -2.3897296E-03   4.3917383E-04  -1.1564330E-04  -3.2963483E-05   1.8444927E-03  -1.3517009E-07  -8.0564495E-08
  7.1165358E-08  -1.3672109E-06   3.8266528E-09  -3.7199569E-06  -1.4305422E-05   7.0734660E-06   3.3087931E-04  -9.9726567E-07  -1.1152711E-04  -5.9564480E-04  -5.0046920E-05   3.0339937E-04  -3.3421864E-05  -1.4458267E-04  -8.0561109E-04  -1.3648692E-03  -7.2781459E-06   5.1232372E-04  -3.9954279E-03  -1.9793443E-03  -3.7271373E-04   9.4613773E-04  -9.2558710E-04  -4.3763764E-04   2.1996851E-04   6.2961245E-04   1.0760479E-03  -1.0382707E-07   6.3913249E-08
  1.7384831E-08  -7.9263726E-08   1.5008996E-08  -8.7603019E-08   1.2154178E-05   5.0196193E-07  -9.9726567E-07   6.2210499E-06  -3.0538786E-05   9.7277764E-06  -1.3858364E-05   3.7202156E-06   1.5846397E-06   6.1722182E-06   5.0840300E-06   4.3499568E-04  -2.7317326E-06   7.6780413E-05   2.3544403E-03   2.9038951E-04   5.5539293E-04   1.6754324E-03  -1.1046683E-04   1.2647830E-05   4.3160099E-05   1.5786070E-05   8.6014096E-04   1.1306803E-09  -6.9545724E-09
 -1.4495114E-06  -5.1275953E-06  -1.0853629E-06  -1.8215368E-04  -4.4371501E-04  -2.3834099E-05  -1.1152711E-04  -3.0538786E-05   1.0760165E+00   2.5811126E-02  -1.2321686E-01   4.3961631E-02  -4.5251095E-04  -5.6342526E-04  -6.1730983E-03   5.0179586E-02  -8.7428540E-04  -1.8951527E-02   4.2517755E-01   3.8180300E-02  -1.9654804E-02  -4.5132165E-02   1.7971403E-02   2.3948230E-02  -9.8993495E-03  -6.6813278E-02  -1.5056575E-01   6.2589130E-06   1.8954240E-06
 -3.2664093E-06   7.5893275E-06   5.2023491E-06  -3.5192078E-05  -4.6896317E-06  -6.8905692E-05  -5.9564480E-04   9.7277764E-06   2.5811126E-02   1.1588464E+00  -6.4036714E-04  -2.3075082E-03   2.1829665E-02  -4.2859132E-02   4.7912089E-02   5.9626487E-02   7.7060084E-04   2.9119749E-04  -8.3094904E-02   5.0154339E-02   2.4454682E-02  -3.1012738E-02  -4.1554937E-03  -4.9708192E-03  -7.1450139E-03  -1.0092884E-02  -3.5965640E-02  -5.5575750E-07   3.9998063E-07
  7.9007162E-07  -1.0252088E-05  -1.1679376E-06  -1.9254553E-05  -9.4101543E-05   3.3808479E-05  -5.0046920E-05  -1.3858364E-05  -1.2321686E-01  -6.4036714E-04   6.1225149E-02  -6.3303671E-04   8.9610185E-04   8.1453394E-04  -7.9696213E-04   1.1403583E-02   9.0429332E-05   6.4042711E-03  -1.2224106E-01  -2.2659937E-03   1.2464295E-02  -1.4792240E-02  -1.2512933E-02  -1.6248641E-03   2.0215210E-03   8.7957073E-03   4.8453009E-03  -1.6014407E-06   1.6138948E-08
 -1.7923859E-07   2.2527543E-06  -3.5753521E-07   2.9484709E-06   1.9271360E-05  -2.8393283E-06   3.0339937E-04   3.7202156E-06   4.3961631E-02  -2.3075082E-03  -6.3303671E-04   9.0428155E-03   2.4992888E-05  -1.7994076E-03   6.9142359E-04  -2.2208467E-03   2.4788902E-04  -3.0892604E-03   3.6592469E-02   1.2142149E-02   1.1175648E-03   4.7452150E-03  -2.8470813E-04  -7.4963561E-04  -1.6597951E-03  -1.9412762E-03  -7.7182128E-04   6.0760994E-07   6.4391662E-07
 -4.4006564E-07  -3.9594937E-06   4.5459228E-07  -1.7084094E-05  -4.8787592E-05   2.3669817E-05  -3.3421864E-05   1.5846397E-06  -4.5251095E-04   2.1829665E-02   8.9610185E-04   2.4992888E-05   8.2428946E-02   4.5261352E-04   7.3498991E-04   5.9623202E-03  -7.0180681E-04   9.1827586E-03  -6.8232266E-02   2.7353233E-03   1.1036511E-02   1.0158888E-02  -7.2737808E-03  -1.3274375E-03  -1.1792135E-03   1.0415101E-02   8.1462070E-03   2.2553616E-06   8.8488277E-08
  2.0151503E-07   3.8837971E-06   8.6597068E-07  -1.6437943E-05  -2.8418718E-06   3.1812023E-07  -1.4458267E-04   6.1722182E-06  -5.6342526E-04  -4.2859132E-02   8.1453394E-04  -1.7994076E-03   4.5261352E-04   7.6424432E-02  -3.3888595E-03  -6.3583164E-03   2.1954543E-04   4.7833662E-03  -6.1788987E-02  -1.1754910E-02   1.5587968E-02   2.4224788E-02  -4.5530531E-03  -3.0566029E-03   1.2739283E-03  -6.0346728E-03  -1.4277830E-02   4.6185305E-07  -3.3752199E-06
 -3.7559202E-07  -5.7866610E-06   4.6241255E-07  -2.2600372E-05  -4.6739262E-05   2.0674613E-06  -8.0561109E-04   5.0840300E-06  -6.1730983E-03   4.7912089E-02  -7.9696213E-04   6.9142359E-04   7.3498991E-04  -3.3888595E-03   7.9642103E-02  -1.4834825E-02  -8.0198751E-04  -1.3357159E-02   1.3283733E-01   4.3509643E-02  -1.4286831E-02   2.9515856E-02  -2.9706199E-04  -6.1161174E-03  -2.6503309E-03  -7.0138571E-03   6.4285903E-03   6.3887318E-07  -9.7695173E-08
 -1.2114839E-04   2.4617750E-05   1.4954501E-05  -1.8615015E-03  -4.5410208E-03  -4.8672702E-03  -1.3648692E-03   4.3499568E-04   5.0179586E-02   5.9626487E-02   1.1403583E-02  -2.2208467E-03   5.9623202E-03  -6.3583164E-03  -1.4834825E-02   4.5701511E+01  -4.0583888E-01  -9.2209530E-01   4.0415469E+01   1.5375862E+00  -1.4042107E+01  -5.6542868E+01   2.8038507E-01   1.6017528E-01   5.9136847E-01  -6.1047882E+00  -3.4442101E+01  -1.4024525E-04   6.7279918E-04
  2.5649828E-06  -4.3539983E-06  -2.1088793E-06   5.4926140E-05   1.3986145E-04   1.0824122E-04  -7.2781459E-06  -2.7317326E-06  -8.7428540E-04   7.7060084E-04   9.0429332E-05   2.4788902E-04  -7.0180681E-04   2.1954543E-04  -8.0198751E-04  -4.0583888E-01   8.2291859E-02  -4.6510459E-02  -6.2884722E-01   8.8018781E-01   1.6442564E+00   6.4770484E-01   3.8044347E-02  -1.3456829E-03   9.1322875E-03   1.0442433E-01   1.4504847E-01   6.3709833E-06  -1.3665739E-07
  3.7510250E-05   6.6822261E-06   1.3519123E-05   2.3890259E-04   6.6338282E-04   1.0722603E-03   5.1232372E-04   7.6780413E-05  -1.8951527E-02   2.9119749E-04   6.4042711E-03  -3.0892604E-03   9.1827586E-03   4.7833662E-03  -1.3357159E-02  -9.2209530E-01  -4.6510459E-02   4.0162759E+00  -3.1788367E+01  -3.1813924E+00   8.2157527E+00   5.8079335E+00  -2.9964948E+00  -1.8327726E-01   1.7922767E-01   2.7619758E+00   3.4139756E+00   8.6176344E-05  -5.0999340E-05
 -7.4567429E-04  -4.6404817E-05  -2.0321193E-04  -8.8143439E-03  -1.8326163E-02  -2.4798508E-02  -3.9954279E-03   2.3544403E-03   4.2517755E-01  -8.3094904E-02  -1.2224106E-01   3.6592469E-02  -6.8232266E-02  -6.1788987E-02   1.3283733E-01   4.0415469E+01  -6.2884722E-01  -3.1788367E+01   7.9920079E+02   7.0385439E+01  -6.0294185E+01  -6.8594665E+01   1.6416451E+01  -7.0939890E+00   5.4395155E+00  -1.4053988E+01  -2.8553488E+01   3.9460382E-03   4.4684568E-04
 -4.2910966E-04   3.2182214E-04  -1.0590767E-04  -4.0939072E-03  -6.8766226E-03  -7.0752340E-03  -1.9793443E-03   2.9038951E-04   3.8180300E-02   5.0154339E-02  -2.2659937E-03   1.2142149E-02   2.7353233E-03  -1.1754910E-02   4.3509643E-02   1.5375862E+00   8.8018781E-01  -3.1813924E+00   7.0385439E+01   6.2950243E+01   4.0704617E+01   1.6459576E+01  -4.9599765E+00  -6.3020503E-01  -1.4288949E+00   3.7957039E+00   5.2936306E+00   1.5063202E-04   1.5528060E-04
 -1.5417575E-04   2.6965180E-04  -8.6974513E-05  -1.0143180E-03   1.6176902E-03   1.6441364E-03  -3.7271373E-04   5.5539293E-04  -1.9654804E-02   2.4454682E-02   1.2464295E-02   1.1175648E-03   1.1036511E-02   1.5587968E-02  -1.4286831E-02  -1.4042107E+01   1.6442564E+00   8.2157527E+00  -6.0294185E+01   4.0704617E+01   8.6836086E+01   5.6506413E+01  -1.2846374E+01  -9.0884134E-01  -8.5012751E-01   5.3513513E+00   9.4160079E+00   4.8887100E-04  -3.3386827E-04
 -4.2348851E-05   2.3910186E-04  -7.4047784E-05   3.6736324E-04   8.0764313E-03   5.2148437E-03   9.4613773E-04   1.6754324E-03  -4.5132165E-02  -3.1012738E-02  -1.4792240E-02   4.7452150E-03   1.0158888E-02   2.4224788E-02   2.9515856E-02  -5.6542868E+01   6.4770484E-01   5.8079335E+00  -6.8594665E+01   1.6459576E+01   5.6506413E+01   1.0754491E+02  -1.0324562E+01  -8.3065409E-01  -1.3314656E+00   6.1474267E+00   3.5287475E+01   4.3743790E-04  -1.2771566E-03
 -5.5294753E-05  -2.8940451E-05  -1.5829231E-05  -6.2366141E-04  -2.4311038E-03  -2.3897296E-03  -9.2558710E-04  -1.1046683E-04   1.7971403E-02  -4.1554937E-03  -1.2512933E-02  -2.8470813E-04  -7.2737808E-03  -4.5530531E-03  -2.9706199E-04   2.8038507E-01   3.8044347E-02  -2.9964948E+00   1.6416451E+01  -4.9599765E+00  -1.2846374E+01  -1.0324562E+01   6.3216946E+00   1.5075851E-01  -2.2069736E-01  -2.3680783E+00  -2.8938223E+00  -6.5596674E-05   1.9041368E-05
  1.2582921E-05  -3.1381128E-05   1.7036816E-05  -3.4347359E-05  -4.3559531E-04   4.3917383E-04  -4.3763764E-04   1.2647830E-05   2.3948230E-02  -4.9708192E-03  -1.6248641E-03  -7.4963561E-04  -1.3274375E-03  -3.0566029E-03  -6.1161174E-03   1.6017528E-01  -1.3456829E-03  -1.8327726E-01  -7.0939890E+00  -6.3020503E-01  -9.0884134E-01  -8.3065409E-01   1.5075851E-01   3.4171420E+00   5.4693557E-01   1.6117883E-01   1.0300798E-01   1.5982876E-04  -1.2538827E-05
  6.5712300E-07  -4.1373971E-05   6.1002579E-06  -1.4130938E-04  -9.5442255E-04  -1.1564330E-04   2.1996851E-04   4.3160099E-05  -9.8993495E-03  -7.1450139E-03   2.0215210E-03  -1.6597951E-03  -1.1792135E-03   1.2739283E-03  -2.6503309E-03   5.9136847E-01   9.1322875E-03   1.7922767E-01   5.4395155E+00  -1.4288949E+00  -8.5012751E-01  -1.3314656E+00  -2.2069736E-01   5.4693557E-01   3.2104633E+00   2.7459975E+00   2.6833689E+00  -1.9289477E-04  -4.9569190E-05
 -9.7894907E-06   7.6400438E-07   6.6687814E-06  -5.5548050E-04  -1.6444454E-03  -3.2963483E-05   6.2961245E-04   1.5786070E-05  -6.6813278E-02  -1.0092884E-02   8.7957073E-03  -1.9412762E-03   1.0415101E-02  -6.0346728E-03  -7.0138571E-03  -6.1047882E+00   1.0442433E-01   2.7619758E+00  -1.4053988E+01   3.7957039E+00   5.3513513E+00   6.1474267E+00  -2.3680783E+00   1.6117883E-01   2.7459975E+00   1.1048039E+01   1.9723492E+01  -7.3986248E-05   3.9880402E-04
  1.6808214E-05   2.7456582E-05   6.5797090E-07  -1.7543591E-04   1.3457734E-03   1.8444927E-03   1.0760479E-03   8.6014096E-04  -1.5056575E-01  -3.5965640E-02   4.8453009E-03  -7.7182128E-04   8.1462070E-03  -1.4277830E-02   6.4285903E-03  -3.4442101E+01   1.4504847E-01   3.4139756E+00  -2.8553488E+01   5.2936306E+00   9.4160079E+00   3.5287475E+01  -2.8938223E+00   1.0300798E-01   2.6833689E+00   1.9723492E+01   5.4823453E+01  -3.9573121E-05   9.3363055E-04
  1.3045359E-10  -7.5108411E-09   2.8509427E-11  -5.9547024E-08   4.6163978E-08  -1.3517009E-07  -1.0382707E-07   1.1306803E-09   6.2589130E-06  -5.5575750E-07  -1.6014407E-06   6.0760994E-07   2.2553616E-06   4.6185305E-07   6.3887318E-07  -1.4024525E-04   6.3709833E-06   8.6176344E-05   3.9460382E-03   1.5063202E-04   4.8887100E-04   4.3743790E-04  -6.5596674E-05   1.5982876E-04  -1.9289477E-04  -7.3986248E-05  -3.9573121E-05   3.7678924E-07  -2.4971906E-09
 -3.7536219E-09   4.1100009E-09   9.9071908E-10  -9.5770953E-08  -2.0088653E-07  -8.0564495E-08   6.3913249E-08  -6.9545724E-09   1.8954240E-06   3.9998063E-07   1.6138948E-08   6.4391662E-07   8.8488277E-08  -3.3752199E-06  -9.7695173E-08   6.7279918E-04  -1.3665739E-07  -5.0999340E-05   4.4684568E-04   1.5528060E-04  -3.3386827E-04  -1.2771566E-03   1.9041368E-05  -1.2538827E-05  -4.9569190E-05   3.9880402E-04   9.3363055E-04  -2.4971906E-09   3.8745781E-07
