# omegabh2 omegach2 theta tau mnu logA ns calPlanck acib217 xi asz143 aps100 aps143 aps143217 aps217 aksz kgal100 kgal143 kgal143217 kgal217 galfTE100 galfTE100143 galfTE100217 galfTE143 galfTE143217 galfTE217 cal0 cal2 DES_m1 DES_m2 DES_m3 DES_m4 DES_AIA DES_alphaIA DES_DzS1 DES_DzS2 DES_DzS3 DES_DzS4
  1.7492259E-08  -4.5683330E-08   1.0484073E-08   1.7392388E-07   4.1606519E-07   3.5021586E-07   1.2784501E-07   1.4158742E-08  -6.8644118E-05   1.6903343E-06   1.7798362E-05  -3.7797940E-04  -1.6830838E-04  -3.7760544E-05   9.9147633E-06  -2.9359096E-05  -2.9536970E-06  -8.6965729E-06  -1.0469898E-05   8.0726245E-06  -1.3110363E-07  -9.1748203E-08  -4.6832388E-08  -2.2689683E-07  -2.1200365E-09  -1.0572360E-06   1.9996637E-09  -1.9261328E-09   2.1747391E-08  -2.5246952E-08   2.4790315E-07   1.4117884E-07  -5.2495619E-06   2.0319342E-06  -7.3688849E-08   2.0814024E-08   7.4467662E-08   1.4710126E-07
 -4.5683330E-08   8.4785922E-07  -5.4801428E-08  -1.6373404E-06  -9.2941280E-06  -1.3383181E-06  -1.9708170E-06  -7.5196914E-08  -7.5803613E-05  -1.3673490E-06  -2.9279246E-05   5.3115607E-04   3.6548435E-04   2.8174468E-04   3.5207684E-04   1.1441229E-05  -1.1078288E-05  -2.6291184E-05  -2.3419637E-05   5.9138312E-05   3.6528088E-08   3.0379198E-07  -1.3183609E-07   1.0982905E-06   5.2893561E-07   3.7502168E-06  -1.3897271E-09  -5.9160209E-09   4.2282218E-07  -4.7647049E-07  -3.7513967E-06  -2.0529357E-06   7.2553948E-05  -5.9412055E-05   7.2585313E-07  -4.9023367E-07  -1.3465307E-06  -2.1687920E-06
  1.0484073E-08  -5.4801428E-08   8.5204754E-08   1.6636587E-07   4.6623445E-07   2.9118734E-07   2.5747544E-07   1.0816431E-08  -8.8940274E-06   1.3207560E-06  -9.7149217E-06  -4.2809103E-05  -1.3746489E-06  -3.5693464E-05  -4.9753234E-05   1.5985645E-05   8.9563788E-06   8.5859331E-06   1.9826142E-06   1.0413239E-05  -1.0440160E-07  -9.7849162E-08   1.7997359E-07  -4.6605925E-08  -1.9774111E-08   1.1971687E-07  -1.7228090E-09  -6.2899199E-10   2.4257416E-08  -6.4411006E-10   3.0171254E-07   1.6279143E-07  -7.6782477E-06   6.5112024E-06  -7.1299038E-08   5.8125962E-08   8.2509639E-08   1.5116604E-07
  1.7392388E-07  -1.6373404E-06   1.6636587E-07   4.4376843E-05   3.5422795E-05   8.4780813E-05   5.7692869E-06  -1.4028637E-07  -1.1506379E-03   6.1695845E-05   3.6066694E-04  -1.0946815E-02  -3.4715793E-03  -4.2668732E-04  -4.7676981E-04  -5.8564135E-04  -2.1380387E-04  -2.7996223E-04  -3.2978814E-04  -2.7096130E-04   1.6187630E-06  -1.0262414E-06  -1.3879681E-06   8.9336898E-07  -9.4372780E-07  -1.6626166E-05   1.3015719E-08  -2.9499549E-08   6.0489518E-08  -8.6362182E-07  -1.2236325E-06  -3.3373464E-06   1.0181815E-04  -3.1604348E-05   3.6886876E-07  -8.5535599E-07  -6.8467403E-07  -1.0470404E-06
  4.1606519E-07  -9.2941280E-06   4.6623445E-07   3.5422795E-05   2.0861403E-03   5.0092144E-05   1.7923589E-05   2.1281590E-06   4.9542078E-03  -3.6897798E-05  -1.5112075E-03   1.4892482E-02   9.2422476E-03   1.4873554E-04  -6.2161548E-03   1.6746132E-03   1.8388621E-03   2.8693848E-04  -6.0527731E-04  -2.0542300E-03  -2.4562744E-05   1.0899665E-05   3.1596092E-05   1.1718013E-05  -1.3433778E-05   1.8637981E-04   1.1459325E-07   1.3874503E-09  -1.2750290E-05  -3.3877814E-06   4.6515657E-05   4.0999200E-05  -1.5537652E-03  -1.6347984E-03  -2.1840952E-05   5.0732959E-06   1.9054618E-05   3.0301551E-05
  3.5021586E-07  -1.3383181E-06   2.9118734E-07   8.4780813E-05   5.0092144E-05   1.9409332E-04   5.6820807E-06   1.1832360E-05  -2.7751098E-03   1.5846514E-04   6.2187126E-04  -1.8374126E-02  -4.8837979E-03   2.2258309E-03   5.4572981E-03  -2.0948779E-03  -7.9822672E-04  -1.1207002E-03  -1.2059915E-03   1.0361796E-03   3.1361884E-06  -4.8328011E-06  -2.2133956E-06  -3.6277512E-07   3.2934703E-06  -2.5278509E-05   1.5007032E-07  -1.1419214E-07   4.2977696E-06  -2.4903842E-06  -1.4788408E-05  -1.4199175E-05   3.8129961E-04  -4.7189862E-04   1.3011556E-06  -3.5095250E-06  -5.4442561E-06  -1.1758005E-05
  1.2784501E-07  -1.9708170E-06   2.5747544E-07   5.7692869E-06   1.7923589E-05   5.6820807E-06   1.3485876E-05   1.3989315E-07  -3.5915454E-03   9.0793723E-05   7.8393671E-04  -2.1647693E-02  -5.5611568E-03   1.4320374E-03   3.8531091E-03  -1.8840285E-03   3.5988520E-04  -4.4795827E-04  -4.6311059E-04   7.3027481E-04   1.7647583E-06   1.4780808E-06  -3.4665316E-06  -3.6470850E-06   7.4964831E-07  -1.3469802E-05  -4.4453833E-08  -9.8700037E-09  -2.0122276E-06   1.2164091E-06   7.8668933E-06   5.2396178E-06  -1.5176974E-04   2.0154770E-04  -1.2372001E-06   8.4932884E-07   2.5255459E-06   4.1953275E-06
  1.4158742E-08  -7.5196914E-08   1.0816431E-08  -1.4028637E-07   2.1281590E-06   1.1832360E-05   1.3989315E-07   6.0870404E-06   7.7222298E-04  -5.5599441E-06  -3.5099049E-05   3.7540501E-03   7.6843684E-04   3.5605727E-04   1.1677259E-03  -6.5183142E-05  -1.3338507E-05   2.4703698E-05   5.7184674E-06   7.0899636E-04   6.1810706E-07  -1.1132494E-06  -8.4085843E-08  -1.6675721E-06   1.6306079E-06   3.1114319E-06  -1.1458486E-08  -3.4030400E-09   1.1506142E-06   3.6431993E-07  -1.7505105E-06  -1.2729574E-06  -1.2963279E-06  -1.3698030E-04  -3.9218470E-07  -4.5060134E-07  -4.5347338E-07  -2.0874543E-06
 -6.8644118E-05  -7.5803613E-05  -8.8940274E-06  -1.1506379E-03   4.9542078E-03  -2.7751098E-03  -3.5915454E-03   7.7222298E-04   4.3681695E+01  -3.7369011E-01  -8.4062589E-01   3.5231304E+01   1.9510772E+00  -1.2996958E+01  -5.3789417E+01  -2.8553130E-01   3.9757562E-01   7.7704063E-01  -5.4457883E+00  -3.2432743E+01   1.5618605E-03   5.7402600E-04  -3.4602208E-03  -7.8767940E-03  -1.2606923E-02  -4.8496910E-03  -2.4752020E-04   7.5966749E-04   3.5960881E-04   5.5492382E-05   3.8459883E-03  -4.4294002E-04  -5.5798660E-02  -2.3315557E-01  -1.5808991E-03   8.1627499E-05  -6.5260185E-04  -1.6118634E-03
  1.6903343E-06  -1.3673490E-06   1.3207560E-06   6.1695845E-05  -3.6897798E-05   1.5846514E-04   9.0793723E-05  -5.5599441E-06  -3.7369011E-01   7.9163065E-02  -4.1276497E-02  -6.5043020E-01   8.9638540E-01   1.6582105E+00   6.0984589E-01   4.4262521E-02  -1.1993637E-02   6.7554972E-03   1.0445139E-01   1.2270468E-01  -2.3473981E-05   3.8015294E-05  -1.9130138E-04  -1.5858321E-04   5.4809084E-04   1.0678435E-03   2.9472781E-06  -1.7432884E-06  -1.2473638E-04  -3.8764063E-05  -7.9274129E-05   1.2225354E-05   8.7157937E-04   8.7128817E-03  -1.9597623E-05   1.4392085E-05   2.2715142E-05   1.1635721E-05
  1.7798362E-05  -2.9279246E-05  -9.7149217E-06   3.6066694E-04  -1.5112075E-03   6.2187126E-04   7.8393671E-04  -3.5099049E-05  -8.4062589E-01  -4.1276497E-02   3.8425879E+00  -3.0296258E+01  -3.4306562E+00   7.5208099E+00   5.3982717E+00  -2.6579425E+00  -1.6514997E-01   1.3895036E-01   2.4905185E+00   2.9323668E+00  -2.8251067E-04   2.1779729E-04   2.9808723E-03   1.6995091E-03   1.3618607E-03  -4.5621615E-03   1.2490292E-04  -5.4122207E-05   3.5786437E-04   5.4639826E-04   8.6325188E-05   4.3328859E-04  -7.3372826E-06   1.1628353E-02   3.3749026E-04  -5.2274334E-05   5.8422298E-05  -4.7645971E-04
 -3.7797940E-04   5.3115607E-04  -4.2809103E-05  -1.0946815E-02   1.4892482E-02  -1.8374126E-02  -2.1647693E-02   3.7540501E-03   3.5231304E+01  -6.5043020E-01  -3.0296258E+01   7.7977852E+02   6.7316459E+01  -5.8620972E+01  -6.3368986E+01   1.4161990E+01  -6.7642903E+00   5.8864678E+00  -1.0420287E+01  -2.0109438E+01   1.0084533E-02   4.4200681E-03  -3.0739223E-02  -4.2083052E-03  -4.0416579E-03  -3.4552443E-02   3.5199602E-03   5.1510870E-04  -6.3390485E-03  -2.1138212E-04   2.7451564E-03  -1.3644785E-02   1.5682235E-02  -3.7899641E-01  -4.9177182E-03  -6.9130622E-05  -1.1457138E-03   7.6876365E-03
 -1.6830838E-04   3.6548435E-04  -1.3746489E-06  -3.4715793E-03   9.2422476E-03  -4.8837979E-03  -5.5611568E-03   7.6843684E-04   1.9510772E+00   8.9638540E-01  -3.4306562E+00   6.7316459E+01   6.0118214E+01   3.8338033E+01   1.3638500E+01  -4.5361259E+00  -5.4594897E-01  -1.0228921E+00   3.4696535E+00   3.9933074E+00  -1.3158665E-03   3.8207659E-03   3.6192851E-03   3.2175870E-03   1.0320016E-02   4.3288013E-02   1.6790260E-06   6.0219257E-05  -2.2046118E-03  -7.6477166E-04  -1.8219760E-03  -9.7948242E-04   2.2660813E-02   2.0178269E-03   5.5789933E-04  -1.1796861E-03   1.3175799E-04  -3.6013663E-03
 -3.7760544E-05   2.8174468E-04  -3.5693464E-05  -4.2668732E-04   1.4873554E-04   2.2258309E-03   1.4320374E-03   3.5605727E-04  -1.2996958E+01   1.6582105E+00   7.5208099E+00  -5.8620972E+01   3.8338033E+01   8.2565890E+01   5.1526193E+01  -1.1181722E+01  -8.5941860E-01  -6.4229329E-01   4.6757512E+00   7.2957261E+00  -9.9221035E-04   1.1574859E-03   3.7088932E-03   4.2553724E-03   1.9554180E-02   2.0099972E-02   4.0877061E-04  -4.6434184E-04  -2.5631199E-03  -4.6513834E-04  -2.1246072E-03   7.4477427E-04   6.2169722E-02   1.0642141E-01   8.6453815E-04  -5.8464948E-04  -3.2448410E-04  -2.7616557E-03
  9.9147633E-06   3.5207684E-04  -4.9753234E-05  -4.7676981E-04  -6.2161548E-03   5.4572981E-03   3.8531091E-03   1.1677259E-03  -5.3789417E+01   6.0984589E-01   5.3982717E+00  -6.3368986E+01   1.3638500E+01   5.1526193E+01   1.0110159E+02  -8.7248088E+00  -8.8825711E-01  -1.4109145E+00   5.1512340E+00   3.2143055E+01  -2.6475815E-03  -1.5886871E-03   5.2166099E-03   9.3692105E-03   1.6255288E-02  -7.9719996E-03   4.6488216E-04  -1.4255064E-03  -1.4391163E-03   2.1703541E-03  -5.2043473E-03   2.1446613E-05   1.0046825E-01   1.7283855E-01   3.1267627E-03  -1.1432424E-03  -4.9406547E-04  -1.2151633E-03
 -2.9359096E-05   1.1441229E-05   1.5985645E-05  -5.8564135E-04   1.6746132E-03  -2.0948779E-03  -1.8840285E-03  -6.5183142E-05  -2.8553130E-01   4.4262521E-02  -2.6579425E+00   1.4161990E+01  -4.5361259E+00  -1.1181722E+01  -8.7248088E+00   5.6407192E+00   6.1887936E-02  -1.5313912E-01  -1.9430268E+00  -1.9959917E+00  -5.9765012E-05  -1.1760798E-04  -2.3155637E-05   7.4924014E-04   2.8353483E-04   9.8496577E-03  -8.4244062E-05   1.1226017E-05   3.3309269E-04  -4.2164527E-04  -1.9138563E-04   1.0724847E-04  -1.1395097E-02  -3.8306864E-02  -3.9537784E-04   3.2416773E-04   2.3332630E-04   1.5952625E-03
 -2.9536970E-06  -1.1078288E-05   8.9563788E-06  -2.1380387E-04   1.8388621E-03  -7.9822672E-04   3.5988520E-04  -1.3338507E-05   3.9757562E-01  -1.1993637E-02  -1.6514997E-01  -6.7642903E+00  -5.4594897E-01  -8.5941860E-01  -8.8825711E-01   6.1887936E-02   3.4613195E+00   5.6690758E-01   1.4963415E-01  -4.1666890E-02  -6.9892076E-04   3.5722409E-04   1.3811064E-04   2.0091505E-03  -2.7439749E-03   5.1004914E-03   1.9461209E-04  -7.5991446E-07  -3.8781419E-04   7.4652154E-05  -1.2304154E-05   1.1137034E-03  -5.1540168E-03   1.6057256E-02  -5.1563046E-04  -4.1617765E-04   5.0698524E-05  -2.7701620E-05
 -8.6965729E-06  -2.6291184E-05   8.5859331E-06  -2.7996223E-04   2.8693848E-04  -1.1207002E-03  -4.4795827E-04   2.4703698E-05   7.7704063E-01   6.7554972E-03   1.3895036E-01   5.8864678E+00  -1.0228921E+00  -6.4229329E-01  -1.4109145E+00  -1.5313912E-01   5.6690758E-01   3.1701357E+00   2.6793524E+00   2.5278779E+00   8.7339472E-04  -1.3542015E-03  -2.7275103E-03  -8.8110971E-04  -2.4624171E-03  -8.5902968E-03  -1.7085800E-04  -4.5203536E-05   3.6103935E-06  -1.9182633E-04  -3.6077621E-04  -3.9763841E-04  -5.5396015E-03  -1.0714913E-02  -3.2861866E-04  -1.5421854E-04   3.9356892E-04   4.1743516E-04
 -1.0469898E-05  -2.3419637E-05   1.9826142E-06  -3.2978814E-04  -6.0527731E-04  -1.2059915E-03  -4.6311059E-04   5.7184674E-06  -5.4457883E+00   1.0445139E-01   2.4905185E+00  -1.0420287E+01   3.4696535E+00   4.6757512E+00   5.1512340E+00  -1.9430268E+00   1.4963415E-01   2.6793524E+00   1.0403286E+01   1.8399934E+01   1.0459985E-03  -3.3698095E-04   6.2338735E-04   1.0100872E-03  -1.3193627E-03   1.5759200E-03   6.4130094E-06   3.9382816E-04   2.2933362E-04  -1.0490538E-04  -1.2488645E-03  -5.2742363E-04   1.3741881E-02   1.2733938E-01   1.5960182E-04   1.0778006E-05   8.8509947E-04  -4.1642828E-04
  8.0726245E-06   5.9138312E-05   1.0413239E-05  -2.7096130E-04  -2.0542300E-03   1.0361796E-03   7.3027481E-04   7.0899636E-04  -3.2432743E+01   1.2270468E-01   2.9323668E+00  -2.0109438E+01   3.9933074E+00   7.2957261E+00   3.2143055E+01  -1.9959917E+00  -4.1666890E-02   2.5278779E+00   1.8399934E+01   5.1935266E+01   1.1253831E-03  -6.4788778E-04   3.2813947E-03   6.7945727E-03   3.4231925E-03   5.8520022E-03   1.4890208E-04   9.0174128E-04   1.5395346E-03  -1.6210431E-03  -4.7517413E-03  -1.3815042E-03   6.0913179E-02   3.2613742E-01   7.5573062E-04   3.2292441E-04   1.4255482E-03  -5.0410034E-04
 -1.3110363E-07   3.6528088E-08  -1.0440160E-07   1.6187630E-06  -2.4562744E-05   3.1361884E-06   1.7647583E-06   6.1810706E-07   1.5618605E-03  -2.3473981E-05  -2.8251067E-04   1.0084533E-02  -1.3158665E-03  -9.9221035E-04  -2.6475815E-03  -5.9765012E-05  -6.9892076E-04   8.7339472E-04   1.0459985E-03   1.1253831E-03   1.4591781E-03   2.7586709E-04   9.0574836E-05  -3.5355585E-04  -3.4976173E-05   3.0680486E-05  -1.2909716E-07  -8.2279309E-08  -4.5088783E-06   1.6316570E-05  -4.4023251E-06  -1.1361136E-06   1.9013568E-04   1.0466297E-04   3.6597884E-06  -3.7315107E-06   7.3752846E-06   1.6279269E-06
 -9.1748203E-08   3.0379198E-07  -9.7849162E-08  -1.0262414E-06   1.0899665E-05  -4.8328011E-06   1.4780808E-06  -1.1132494E-06   5.7402600E-04   3.8015294E-05   2.1779729E-04   4.4200681E-03   3.8207659E-03   1.1574859E-03  -1.5886871E-03  -1.1760798E-04   3.5722409E-04  -1.3542015E-03  -3.3698095E-04  -6.4788778E-04   2.7586709E-04   8.8050564E-04  -1.8308833E-05   7.5633004E-04   5.9456229E-05  -7.3182372E-04   1.7466920E-07  -2.0629018E-07  -5.5947594E-06   2.0766620E-05  -1.1957670E-05  -1.4256650E-05  -1.5075223E-04  -1.8045339E-04  -6.5722055E-06  -8.6806789E-06   1.0822828E-06   9.9773602E-06
 -4.6832388E-08  -1.3183609E-07   1.7997359E-07  -1.3879681E-06   3.1596092E-05  -2.2133956E-06  -3.4665316E-06  -8.4085843E-08  -3.4602208E-03  -1.9130138E-04   2.9808723E-03  -3.0739223E-02   3.6192851E-03   3.7088932E-03   5.2166099E-03  -2.3155637E-05   1.3811064E-04  -2.7275103E-03   6.2338735E-04   3.2813947E-03   9.0574836E-05  -1.8308833E-05   7.2796750E-03  -3.7365982E-04   6.8684491E-04   4.6748936E-03  -1.1057757E-07   2.3569292E-07   1.7688278E-05   4.7166476E-05   1.1191480E-05  -3.3955408E-05  -6.7204782E-04  -3.8002717E-03   3.2863991E-05  -4.0421650E-06  -5.5815355E-06   6.9929345E-06
 -2.2689683E-07   1.0982905E-06  -4.6605925E-08   8.9336898E-07   1.1718013E-05  -3.6277512E-07  -3.6470850E-06  -1.6675721E-06  -7.8767940E-03  -1.5858321E-04   1.6995091E-03  -4.2083052E-03   3.2175870E-03   4.2553724E-03   9.3692105E-03   7.4924014E-04   2.0091505E-03  -8.8110971E-04   1.0100872E-03   6.7945727E-03  -3.5355585E-04   7.5633004E-04  -3.7365982E-04   2.9744886E-03   5.3250843E-04  -8.9200456E-04   8.7719290E-07  -1.1286729E-07   1.3071926E-05   1.1274689E-05  -1.9825795E-05  -1.0353685E-06  -1.3122461E-05   8.0714717E-04  -9.7039028E-06  -1.0113131E-05  -1.2815684E-05  -2.0489336E-06
 -2.1200365E-09   5.2893561E-07  -1.9774111E-08  -9.4372780E-07  -1.3433778E-05   3.2934703E-06   7.4964831E-07   1.6306079E-06  -1.2606923E-02   5.4809084E-04   1.3618607E-03  -4.0416579E-03   1.0320016E-02   1.9554180E-02   1.6255288E-02   2.8353483E-04  -2.7439749E-03  -2.4624171E-03  -1.3193627E-03   3.4231925E-03  -3.4976173E-05   5.9456229E-05   6.8684491E-04   5.3250843E-04   6.2960759E-03   7.8353527E-03   8.7652832E-07  -3.3428065E-07  -4.0342807E-05   5.0928138E-06  -2.7542179E-05  -1.8221534E-06  -6.7563883E-05   9.0857569E-05  -5.9981667E-06  -6.0546724E-07   1.6450018E-06  -5.4684731E-06
 -1.0572360E-06   3.7502168E-06   1.1971687E-07  -1.6626166E-05   1.8637981E-04  -2.5278509E-05  -1.3469802E-05   3.1114319E-06  -4.8496910E-03   1.0678435E-03  -4.5621615E-03  -3.4552443E-02   4.3288013E-02   2.0099972E-02  -7.9719996E-03   9.8496577E-03   5.1004914E-03  -8.5902968E-03   1.5759200E-03   5.8520022E-03   3.0680486E-05  -7.3182372E-04   4.6748936E-03  -8.9200456E-04   7.8353527E-03   7.2543961E-02  -1.5206053E-06  -2.0138027E-06   4.1177769E-05   1.9105960E-05  -3.1423202E-05  -7.8270113E-05   1.9951833E-03  -1.5493775E-03   4.9878187E-05   7.4996234E-05   4.0987146E-05   7.9008844E-05
  1.9996637E-09  -1.3897271E-09  -1.7228090E-09   1.3015719E-08   1.1459325E-07   1.5007032E-07  -4.4453833E-08  -1.1458486E-08  -2.4752020E-04   2.9472781E-06   1.2490292E-04   3.5199602E-03   1.6790260E-06   4.0877061E-04   4.6488216E-04  -8.4244062E-05   1.9461209E-04  -1.7085800E-04   6.4130094E-06   1.4890208E-04  -1.2909716E-07   1.7466920E-07  -1.1057757E-07   8.7719290E-07   8.7652832E-07  -1.5206053E-06   3.6939300E-07   6.4925580E-09  -1.2479932E-08   1.7865316E-08  -5.3045842E-08   2.1029734E-07   2.2983841E-06   1.5366271E-05  -5.9975353E-08  -7.4853741E-08   8.2890300E-08  -5.2284805E-09
 -1.9261328E-09  -5.9160209E-09  -6.2899199E-10  -2.9499549E-08   1.3874503E-09  -1.1419214E-07  -9.8700037E-09  -3.4030400E-09   7.5966749E-04  -1.7432884E-06  -5.4122207E-05   5.1510870E-04   6.0219257E-05  -4.6434184E-04  -1.4255064E-03   1.1226017E-05  -7.5991446E-07  -4.5203536E-05   3.9382816E-04   9.0174128E-04  -8.2279309E-08  -2.0629018E-07   2.3569292E-07  -1.1286729E-07  -3.3428065E-07  -2.0138027E-06   6.4925580E-09   4.0226886E-07   1.3970596E-07  -1.2825237E-07  -5.9818106E-09   7.6528915E-08   8.4272918E-07   2.2229338E-05  -1.2494388E-07   3.6383556E-08   2.4777459E-08  -1.4470255E-07
  2.1747391E-08   4.2282218E-07   2.4257416E-08   6.0489518E-08  -1.2750290E-05   4.2977696E-06  -2.0122276E-06   1.1506142E-06   3.5960881E-04  -1.2473638E-04   3.5786437E-04  -6.3390485E-03  -2.2046118E-03  -2.5631199E-03  -1.4391163E-03   3.3309269E-04  -3.8781419E-04   3.6103935E-06   2.2933362E-04   1.5395346E-03  -4.5088783E-06  -5.5947594E-06   1.7688278E-05   1.3071926E-05  -4.0342807E-05   4.1177769E-05  -1.2479932E-08   1.3970596E-07   5.2266916E-04   1.1250913E-05   7.7243925E-06  -2.3147639E-06   4.4492087E-04  -2.1618833E-03  -2.5676791E-05   1.0082390E-05  -3.6328083E-06  -5.6019841E-06
 -2.5246952E-08  -4.7647049E-07  -6.4411006E-10  -8.6362182E-07  -3.3877814E-06  -2.4903842E-06   1.2164091E-06   3.6431993E-07   5.5492382E-05  -3.8764063E-05   5.4639826E-04  -2.1138212E-04  -7.6477166E-04  -4.6513834E-04   2.1703541E-03  -4.2164527E-04   7.4652154E-05  -1.9182633E-04  -1.0490538E-04  -1.6210431E-03   1.6316570E-05   2.0766620E-05   4.7166476E-05   1.1274689E-05   5.0928138E-06   1.9105960E-05   1.7865316E-08  -1.2825237E-07   1.1250913E-05   4.9229287E-04   3.8258591E-06  -9.0356762E-07   5.2611181E-04  -2.4369350E-03   1.9732907E-05  -3.3589073E-05   4.0394146E-06   5.3211553E-06
  2.4790315E-07  -3.7513967E-06   3.0171254E-07  -1.2236325E-06   4.6515657E-05  -1.4788408E-05   7.8668933E-06  -1.7505105E-06   3.8459883E-03  -7.9274129E-05   8.6325188E-05   2.7451564E-03  -1.8219760E-03  -2.1246072E-03  -5.2043473E-03  -1.9138563E-04  -1.2304154E-05  -3.6077621E-04  -1.2488645E-03  -4.7517413E-03  -4.4023251E-06  -1.1957670E-05   1.1191480E-05  -1.9825795E-05  -2.7542179E-05  -3.1423202E-05  -5.3045842E-08  -5.9818106E-09   7.7243925E-06   3.8258591E-06   4.0670357E-04   2.3145698E-05  -1.7259059E-04   1.7025841E-05   9.2516734E-06   6.0728453E-06  -4.1195664E-05   1.8129574E-05
  1.4117884E-07  -2.0529357E-06   1.6279143E-07  -3.3373464E-06   4.0999200E-05  -1.4199175E-05   5.2396178E-06  -1.2729574E-06  -4.4294002E-04   1.2225354E-05   4.3328859E-04  -1.3644785E-02  -9.7948242E-04   7.4477427E-04   2.1446613E-05   1.0724847E-04   1.1137034E-03  -3.9763841E-04  -5.2742363E-04  -1.3815042E-03  -1.1361136E-06  -1.4256650E-05  -3.3955408E-05  -1.0353685E-06  -1.8221534E-06  -7.8270113E-05   2.1029734E-07   7.6528915E-08  -2.3147639E-06  -9.0356762E-07   2.3145698E-05   4.2514520E-04   4.8224755E-04   2.2182953E-03   7.9163498E-06   8.5504462E-06   1.7446698E-06  -7.8818650E-05
 -5.2495619E-06   7.2553948E-05  -7.6782477E-06   1.0181815E-04  -1.5537652E-03   3.8129961E-04  -1.5176974E-04  -1.2963279E-06  -5.5798660E-02   8.7157937E-04  -7.3372826E-06   1.5682235E-02   2.2660813E-02   6.2169722E-02   1.0046825E-01  -1.1395097E-02  -5.1540168E-03  -5.5396015E-03   1.3741881E-02   6.0913179E-02   1.9013568E-04  -1.5075223E-04  -6.7204782E-04  -1.3122461E-05  -6.7563883E-05   1.9951833E-03   2.2983841E-06   8.4272918E-07   4.4492087E-04   5.2611181E-04  -1.7259059E-04   4.8224755E-04   2.5454757E-01   5.9244114E-01   1.3342336E-03   9.8307316E-04   8.8265198E-05  -5.7749123E-04
  2.0319342E-06  -5.9412055E-05   6.5112024E-06  -3.1604348E-05  -1.6347984E-03  -4.7189862E-04   2.0154770E-04  -1.3698030E-04  -2.3315557E-01   8.7128817E-03   1.1628353E-02  -3.7899641E-01   2.0178269E-03   1.0642141E-01   1.7283855E-01  -3.8306864E-02   1.6057256E-02  -1.0714913E-02   1.2733938E-01   3.2613742E-01   1.0466297E-04  -1.8045339E-04  -3.8002717E-03   8.0714717E-04   9.0857569E-05  -1.5493775E-03   1.5366271E-05   2.2229338E-05  -2.1618833E-03  -2.4369350E-03   1.7025841E-05   2.2182953E-03   5.9244114E-01   4.2910721E+00  -6.2457760E-03  -2.5499731E-04   1.0026844E-03  -9.6569122E-04
 -7.3688849E-08   7.2585313E-07  -7.1299038E-08   3.6886876E-07  -2.1840952E-05   1.3011556E-06  -1.2372001E-06  -3.9218470E-07  -1.5808991E-03  -1.9597623E-05   3.3749026E-04  -4.9177182E-03   5.5789933E-04   8.6453815E-04   3.1267627E-03  -3.9537784E-04  -5.1563046E-04  -3.2861866E-04   1.5960182E-04   7.5573062E-04   3.6597884E-06  -6.5722055E-06   3.2863991E-05  -9.7039028E-06  -5.9981667E-06   4.9878187E-05  -5.9975353E-08  -1.2494388E-07  -2.5676791E-05   1.9732907E-05   9.2516734E-06   7.9163498E-06   1.3342336E-03  -6.2457760E-03   2.0940170E-04   2.4845110E-05   7.2321770E-06   4.1769463E-06
  2.0814024E-08  -4.9023367E-07   5.8125962E-08  -8.5535599E-07   5.0732959E-06  -3.5095250E-06   8.4932884E-07  -4.5060134E-07   8.1627499E-05   1.4392085E-05  -5.2274334E-05  -6.9130622E-05  -1.1796861E-03  -5.8464948E-04  -1.1432424E-03   3.2416773E-04  -4.1617765E-04  -1.5421854E-04   1.0778006E-05   3.2292441E-04  -3.7315107E-06  -8.6806789E-06  -4.0421650E-06  -1.0113131E-05  -6.0546724E-07   7.4996234E-05  -7.4853741E-08   3.6383556E-08   1.0082390E-05  -3.3589073E-05   6.0728453E-06   8.5504462E-06   9.8307316E-04  -2.5499731E-04   2.4845110E-05   1.3236530E-04   6.9317831E-06   3.7198265E-06
  7.4467662E-08  -1.3465307E-06   8.2509639E-08  -6.8467403E-07   1.9054618E-05  -5.4442561E-06   2.5255459E-06  -4.5347338E-07  -6.5260185E-04   2.2715142E-05   5.8422298E-05  -1.1457138E-03   1.3175799E-04  -3.2448410E-04  -4.9406547E-04   2.3332630E-04   5.0698524E-05   3.9356892E-04   8.8509947E-04   1.4255482E-03   7.3752846E-06   1.0822828E-06  -5.5815355E-06  -1.2815684E-05   1.6450018E-06   4.0987146E-05   8.2890300E-08   2.4777459E-08  -3.6328083E-06   4.0394146E-06  -4.1195664E-05   1.7446698E-06   8.8265198E-05   1.0026844E-03   7.2321770E-06   6.9317831E-06   1.0306614E-04   1.1143039E-05
  1.4710126E-07  -2.1687920E-06   1.5116604E-07  -1.0470404E-06   3.0301551E-05  -1.1758005E-05   4.1953275E-06  -2.0874543E-06  -1.6118634E-03   1.1635721E-05  -4.7645971E-04   7.6876365E-03  -3.6013663E-03  -2.7616557E-03  -1.2151633E-03   1.5952625E-03  -2.7701620E-05   4.1743516E-04  -4.1642828E-04  -5.0410034E-04   1.6279269E-06   9.9773602E-06   6.9929345E-06  -2.0489336E-06  -5.4684731E-06   7.9008844E-05  -5.2284805E-09  -1.4470255E-07  -5.6019841E-06   5.3211553E-06   1.8129574E-05  -7.8818650E-05  -5.7749123E-04  -9.6569122E-04   4.1769463E-06   3.7198265E-06   1.1143039E-05   3.9946237E-04
