# omegabh2 omegach2 theta tau mnu nnu logA ns calPlanck acib217 xi asz143 aps100 aps143 aps143217 aps217 aksz kgal100 kgal143 kgal143217 kgal217 cal0 cal2
    0.1679068E-06    0.5466368E-06    0.3661694E-09    0.3887354E-05   -0.3701043E-04    0.9753981E-04    0.9797621E-05    0.5903662E-05    0.3042635E-07    0.1341953E-03   -0.3031400E-05   -0.1058588E-04    0.4054314E-03   -0.9355207E-05   -0.1495494E-03   -0.2273862E-03    0.5197753E-04    0.3036379E-04    0.1926523E-04    0.1829288E-04   -0.1614570E-04    0.5546326E-08    0.1312834E-07
    0.5466368E-06    0.1497187E-04   -0.1516424E-05    0.1179988E-04    0.1514612E-03    0.9481807E-03    0.6242470E-04    0.3123957E-04    0.1803797E-06    0.5353710E-02   -0.9026332E-04   -0.1273688E-02    0.2313748E-01    0.1148491E-01    0.2703995E-02   -0.1461254E-02    0.2140529E-02    0.2662676E-03    0.1875608E-03    0.5883308E-03   -0.2113236E-03   -0.1886313E-07    0.6147562E-06
    0.3661694E-09   -0.1516424E-05    0.3509944E-06   -0.7827509E-06   -0.4459898E-04   -0.8086566E-04   -0.5128274E-05   -0.1731235E-05   -0.2627663E-07   -0.6066599E-03    0.1013144E-04    0.1368684E-03   -0.2538253E-02   -0.1316336E-02   -0.3774803E-03    0.1131251E-03   -0.2247595E-03   -0.3011158E-04   -0.1559025E-04   -0.6319438E-04    0.2626242E-04    0.3303874E-09   -0.7211826E-07
    0.3887354E-05    0.1179988E-04   -0.7827509E-06    0.4148856E-03    0.1132979E-02    0.2862868E-02    0.8613011E-03    0.1845657E-03    0.6637803E-06    0.2772492E-02   -0.8818063E-04   -0.1478591E-03    0.1101649E-01    0.3607278E-02    0.3288006E-03   -0.3888011E-03    0.1387637E-02    0.8610632E-03    0.6433227E-03    0.3771202E-03   -0.6638778E-03    0.1406432E-06    0.1198542E-06
   -0.3701043E-04    0.1514612E-03   -0.4459898E-04    0.1132979E-02    0.4215784E-01   -0.9554649E-02    0.2422878E-02   -0.1163420E-02    0.2737748E-04    0.3069423E-01   -0.2000930E-03   -0.1091768E-01    0.2308131E+00    0.1971014E+00    0.1426510E+00    0.1192519E+00    0.9766582E-02   -0.2571882E-02   -0.1055321E-02    0.3910193E-02    0.1126103E-01   -0.6213687E-06    0.5883920E-05
    0.9753981E-04    0.9481807E-03   -0.8086566E-04    0.2862868E-02   -0.9554649E-02    0.9548836E-01    0.8471070E-02    0.4568128E-02    0.3965704E-04    0.3888031E+00   -0.6801419E-02   -0.8483314E-01    0.1609894E+01    0.7041743E+00    0.9092037E-01   -0.1917920E+00    0.1554395E+00    0.2502324E-01    0.1578484E-01    0.4167168E-01   -0.2419792E-01    0.2651051E-05    0.4293773E-04
    0.9797621E-05    0.6242470E-04   -0.5128274E-05    0.8613011E-03    0.2422878E-02    0.8471070E-02    0.1918596E-02    0.4693174E-03    0.1453923E-04    0.1983846E-01   -0.3787823E-03   -0.3547307E-02    0.8997279E-01    0.3936509E-01    0.1062507E-01    0.9889007E-03    0.7552594E-02    0.2233338E-02    0.1270663E-02    0.2048161E-02   -0.2415347E-03    0.5268577E-06    0.1742155E-05
    0.5903662E-05    0.3123957E-04   -0.1731235E-05    0.1845657E-03   -0.1163420E-02    0.4568128E-02    0.4693174E-03    0.2668672E-03    0.2237497E-05    0.1008784E-01   -0.1564393E-03   -0.1687751E-02    0.3219857E-01    0.1625520E-01    0.3237200E-02   -0.4223070E-02    0.3171614E-02    0.1505641E-02    0.6332452E-03    0.1159104E-02   -0.7884603E-03    0.1154158E-07    0.1137846E-05
    0.3042635E-07    0.1803797E-06   -0.2627663E-07    0.6637803E-06    0.2737748E-04    0.3965704E-04    0.1453923E-04    0.2237497E-05    0.6368929E-05    0.9790487E-03   -0.5403985E-05   -0.2599613E-04    0.4999494E-02    0.1270571E-02    0.7236440E-03    0.1418135E-02    0.2132196E-04    0.3496537E-04   -0.8695757E-05    0.6645725E-04    0.8424916E-03    0.7072703E-08   -0.4720830E-08
    0.1341953E-03    0.5353710E-02   -0.6066599E-03    0.2772492E-02    0.3069423E-01    0.3888031E+00    0.1983846E-01    0.1008784E-01    0.9790487E-03    0.4536492E+02   -0.5281537E+00   -0.2247892E+01    0.5112926E+02    0.4187228E+01   -0.2109559E+02   -0.6195741E+02    0.1186937E+01    0.7747841E-01   -0.4437099E-02   -0.1824169E+01   -0.1826204E+02   -0.2855606E-03    0.4691353E-02
   -0.3031400E-05   -0.9026332E-04    0.1013144E-04   -0.8818063E-04   -0.2000930E-03   -0.6801419E-02   -0.3787823E-03   -0.1564393E-03   -0.5403985E-05   -0.5281537E+00    0.8164519E-01   -0.7287919E-01   -0.5776684E+00    0.8956794E+00    0.1759842E+01    0.7447422E+00    0.7286515E-01   -0.1265107E-01    0.4933930E-02    0.8643712E-01    0.1078741E+00    0.4237453E-05   -0.2116733E-04
   -0.1058588E-04   -0.1273688E-02    0.1368684E-03   -0.1478591E-03   -0.1091768E-01   -0.8483314E-01   -0.3547307E-02   -0.1687751E-02   -0.2599613E-04   -0.2247892E+01   -0.7287919E-01    0.3924924E+01   -0.3159258E+02   -0.4657338E+01    0.7970837E+01    0.7385584E+01   -0.3088967E+01   -0.1511805E+00    0.6457068E-01    0.2340148E+01    0.2189819E+01    0.1834180E-03   -0.4410901E-03
    0.4054314E-03    0.2313748E-01   -0.2538253E-02    0.1101649E-01    0.2308131E+00    0.1609894E+01    0.8997279E-01    0.3219857E-01    0.4999494E-02    0.5112926E+02   -0.5776684E+00   -0.3159258E+02    0.8060283E+03    0.8668602E+02   -0.5699864E+02   -0.7455916E+02    0.1744530E+02   -0.3564626E+01    0.3054796E+01   -0.1111665E+02   -0.1679220E+02    0.6266597E-02    0.5250153E-02
   -0.9355207E-05    0.1148491E-01   -0.1316336E-02    0.3607278E-02    0.1971014E+00    0.7041743E+00    0.3936509E-01    0.1625520E-01    0.1270571E-02    0.4187228E+01    0.8956794E+00   -0.4657338E+01    0.8668602E+02    0.6994691E+02    0.4638594E+02    0.1845744E+02   -0.3062214E+01   -0.2288276E+00   -0.1071008E+01    0.4275497E+01    0.4108527E+01    0.1993911E-03    0.6137646E-03
   -0.1495494E-03    0.2703995E-02   -0.3774803E-03    0.3288006E-03    0.1426510E+00    0.9092037E-01    0.1062507E-01    0.3237200E-02    0.7236440E-03   -0.2109559E+02    0.1759842E+01    0.7970837E+01   -0.5699864E+02    0.4638594E+02    0.9949857E+02    0.6999612E+02   -0.1248489E+02   -0.7146634E+00   -0.3436361E+00    0.5030725E+01    0.6067411E+01    0.8032999E-03   -0.2623093E-02
   -0.2273862E-03   -0.1461254E-02    0.1131251E-03   -0.3888011E-03    0.1192519E+00   -0.1917920E+00    0.9889007E-03   -0.4223070E-02    0.1418135E-02   -0.6195741E+02    0.7447422E+00    0.7385584E+01   -0.7455916E+02    0.1845744E+02    0.6999612E+02    0.1251095E+03   -0.1137443E+02   -0.4116535E+00   -0.2183278E+00   -0.2087841E+00    0.1513245E+02    0.8171776E-03   -0.7984085E-02
    0.5197753E-04    0.2140529E-02   -0.2247595E-03    0.1387637E-02    0.9766582E-02    0.1554395E+00    0.7552594E-02    0.3171614E-02    0.2132196E-04    0.1186937E+01    0.7286515E-01   -0.3088967E+01    0.1744530E+02   -0.3062214E+01   -0.1248489E+02   -0.1137443E+02    0.6862610E+01    0.1058685E+00   -0.9963456E-01   -0.2027104E+01   -0.1793571E+01   -0.1528666E-03    0.2867779E-03
    0.3036379E-04    0.2662676E-03   -0.3011158E-04    0.8610632E-03   -0.2571882E-02    0.2502324E-01    0.2233338E-02    0.1505641E-02    0.3496537E-04    0.7747841E-01   -0.1265107E-01   -0.1511805E+00   -0.3564626E+01   -0.2288276E+00   -0.7146634E+00   -0.4116535E+00    0.1058685E+00    0.3582368E+01    0.4515282E+00    0.1419823E+00    0.1941825E+00    0.3063035E-03    0.1577470E-05
    0.1926523E-04    0.1875608E-03   -0.1559025E-04    0.6433227E-03   -0.1055321E-02    0.1578484E-01    0.1270663E-02    0.6332452E-03   -0.8695757E-05   -0.4437099E-02    0.4933930E-02    0.6457068E-01    0.3054796E+01   -0.1071008E+01   -0.3436361E+00   -0.2183278E+00   -0.9963456E-01    0.4515282E+00    0.3398251E+01    0.2624597E+01    0.1798866E+01   -0.2777533E-03   -0.2361713E-03
    0.1829288E-04    0.5883308E-03   -0.6319438E-04    0.3771202E-03    0.3910193E-02    0.4167168E-01    0.2048161E-02    0.1159104E-02    0.6645725E-04   -0.1824169E+01    0.8643712E-01    0.2340148E+01   -0.1111665E+02    0.4275497E+01    0.5030725E+01   -0.2087841E+00   -0.2027104E+01    0.1419823E+00    0.2624597E+01    0.1732878E+02    0.2595707E+02   -0.3652892E-05    0.2553007E-02
   -0.1614570E-04   -0.2113236E-03    0.2626242E-04   -0.6638778E-03    0.1126103E-01   -0.2419792E-01   -0.2415347E-03   -0.7884603E-03    0.8424916E-03   -0.1826204E+02    0.1078741E+00    0.2189819E+01   -0.1679220E+02    0.4108527E+01    0.6067411E+01    0.1513245E+02   -0.1793571E+01    0.1941825E+00    0.1798866E+01    0.2595707E+02    0.5489127E+02    0.8434453E-04    0.4590134E-02
    0.5546326E-08   -0.1886313E-07    0.3303874E-09    0.1406432E-06   -0.6213687E-06    0.2651051E-05    0.5268577E-06    0.1154158E-07    0.7072703E-08   -0.2855606E-03    0.4237453E-05    0.1834180E-03    0.6266597E-02    0.1993911E-03    0.8032999E-03    0.8171776E-03   -0.1528666E-03    0.3063035E-03   -0.2777533E-03   -0.3652892E-05    0.8434453E-04    0.6055151E-06   -0.6790809E-08
    0.1312834E-07    0.6147562E-06   -0.7211826E-07    0.1198542E-06    0.5883920E-05    0.4293773E-04    0.1742155E-05    0.1137846E-05   -0.4720830E-08    0.4691353E-02   -0.2116733E-04   -0.4410901E-03    0.5250153E-02    0.6137646E-03   -0.2623093E-02   -0.7984085E-02    0.2867779E-03    0.1577470E-05   -0.2361713E-03    0.2553007E-02    0.4590134E-02   -0.6790809E-08    0.2155014E-05
