# omegabh2 omegach2 theta tau logA ns nrun r calPlanck acib217 xi asz143 aps100 aps143 aps143217 aps217 aksz kgal100 kgal143 kgal143217 kgal217 galfTE100 galfTE100143 galfTE100217 galfTE143 galfTE143217 galfTE217 cal0 cal2
  1.9973714E-08  -5.6727829E-08   1.1716467E-08   2.6432448E-07   5.3243307E-07   1.2139609E-07  -3.1890752E-07   1.0837595E-06   8.3337750E-11  -2.3521356E-05  -1.0045554E-07   8.7892520E-06  -9.3998128E-05  -8.6793238E-05  -4.7362965E-05  -6.7518120E-06  -1.3554553E-05   4.7690432E-06  -5.1119437E-06  -6.6114591E-06  -7.6186900E-06  -8.3462679E-08  -7.4064903E-08  -3.1863482E-07  -1.6660495E-07  -4.9520437E-07  -2.2344182E-06   4.4853261E-09  -1.0090588E-09
 -5.6727829E-08   1.0566848E-06  -5.4281257E-08  -1.2426144E-06   1.6972825E-07  -2.5848615E-06  -5.1658862E-07  -4.9439002E-06  -5.8185576E-08   1.4159051E-04  -1.9389901E-06  -8.6907933E-05   8.9192518E-04   8.6869910E-04   3.4459211E-04   1.5837640E-04   6.9175322E-05  -7.3570328E-06  -2.9579530E-05   1.7896299E-05   1.3502108E-05   3.8908280E-07  -4.6386222E-07  -1.5520766E-07   1.4057381E-07   1.2279286E-06   9.2309697E-06  -3.3482533E-09  -1.8896959E-09
  1.1716467E-08  -5.4281257E-08   8.7554906E-08   1.1484934E-07   1.7486043E-07   2.3966686E-07  -3.2464212E-08   2.9004199E-07  -1.0885384E-08   2.6921960E-05   3.5216109E-07  -2.6116720E-06   1.1732577E-04   2.8464005E-05   1.1262620E-05  -3.0693886E-05  -1.2668336E-05   3.1785039E-06   6.3154827E-06  -9.4470637E-06  -4.0444539E-05  -2.8908828E-07  -4.2009026E-08   3.7219955E-07   1.4117756E-07  -4.8600776E-07  -6.6062847E-07   1.2516733E-09  -7.5660962E-10
  2.6432448E-07  -1.2426144E-06   1.1484934E-07   6.6963217E-05   1.3185778E-04   3.6206796E-06  -1.3953463E-05   3.8866051E-05  -1.0092205E-06   2.7135490E-04  -7.3185135E-06  -3.8083217E-04   5.2105612E-03   2.7234009E-04  -1.9192167E-03  -1.5481273E-03   1.9118112E-04   1.4985893E-04   2.5739579E-05  -1.1959387E-04  -4.7109036E-04   2.0773355E-06  -4.7164219E-06  -7.0174468E-06  -4.0757264E-06   7.2342034E-06  -6.8477932E-05   1.4037331E-07   1.3079136E-08
  5.3243307E-07   1.6972825E-07   1.7486043E-07   1.3185778E-04   2.9643415E-04  -1.7639080E-06  -3.9313367E-05   9.1698833E-05   1.0140795E-05   1.8331051E-03   2.2012937E-05  -1.2406659E-03   2.1805926E-02   7.7930792E-03   1.0863213E-03   3.5036828E-03   1.4421634E-04  -1.1768989E-04  -5.0207475E-04  -5.5656342E-04   9.9499097E-05   8.4614577E-06  -9.3462942E-06  -2.2183272E-05  -7.5422474E-06   1.5619170E-05  -1.3463077E-04   3.8919840E-07  -4.2246013E-08
  1.2139609E-07  -2.5848615E-06   2.3966686E-07   3.6206796E-06  -1.7639080E-06   1.6371477E-05   7.2439706E-06   2.7306016E-05   2.9018113E-07  -5.0903697E-03   1.0477656E-04   1.2300737E-03  -2.5695142E-02  -8.6315615E-03   1.5658318E-03   5.3782954E-03  -2.6967016E-03   2.7289162E-04  -2.9069520E-04  -5.2622136E-04   1.2727466E-03  -1.9190738E-06  -3.7569417E-09   3.0766965E-06   1.2853701E-06   3.5238514E-06  -1.0518890E-05  -9.6893376E-08  -4.6635643E-08
 -3.1890752E-07  -5.1658862E-07  -3.2464212E-08  -1.3953463E-05  -3.9313367E-05   7.2439706E-06   5.6573857E-05  -1.9108666E-04   5.6285236E-07  -8.8195657E-03   1.8670587E-04   2.0690073E-03  -3.6945103E-02  -1.7224551E-02  -1.2153547E-03   4.5733160E-03  -3.4867104E-03  -2.2502695E-04  -4.8120099E-04  -5.7969482E-04   2.6426456E-03  -4.5508342E-06  -1.6921527E-06   1.4187984E-05   2.8191291E-06   5.0873399E-06   6.0004365E-05  -1.1013786E-07  -1.8208663E-07
  1.0837595E-06  -4.9439002E-06   2.9004199E-07   3.8866051E-05   9.1698833E-05   2.7306016E-05  -1.9108666E-04   2.9893445E-03   8.2531644E-07   2.1520981E-02  -4.5252568E-04  -2.4286698E-03   6.7504348E-02   3.6271866E-02   3.8329689E-03  -6.2388719E-03   5.8915385E-03  -1.5690788E-03   5.0858845E-04   4.8093232E-03  -3.0894558E-03   4.4609487E-05   1.5298703E-05  -6.8038176E-05   9.6404131E-05  -4.4807272E-05  -2.5848424E-04  -4.5446505E-07   8.5894019E-07
  8.3337750E-11  -5.8185576E-08  -1.0885384E-08  -1.0092205E-06   1.0140795E-05   2.9018113E-07   5.6285236E-07   8.2531644E-07   6.1634920E-06   5.0339851E-04   1.7750738E-05   6.3519209E-05   3.1618628E-03   6.0596329E-04   9.2129577E-04   1.7863452E-03  -1.1950985E-04  -6.0490147E-05   1.5052812E-05  -2.7063214E-05   6.7687271E-04   1.5641409E-06   3.7935887E-07  -1.4428124E-06   6.5472295E-07  -3.8981697E-07   1.3629682E-06  -2.9198004E-08  -3.9698705E-08
 -2.3521356E-05   1.4159051E-04   2.6921960E-05   2.7135490E-04   1.8331051E-03  -5.0903697E-03  -8.8195657E-03   2.1520981E-02   5.0339851E-04   4.6707035E+01  -4.5492057E-01  -9.9855086E-01   3.7572373E+01   2.9588517E+00  -1.4604661E+01  -5.7584452E+01   6.5608660E-01   2.0953644E-01   6.2886208E-01  -5.6816767E+00  -3.3978454E+01   3.0657907E-04   5.8299580E-04   4.2845341E-03   1.5641847E-03  -1.4594729E-02   1.3947965E-02  -1.8284234E-04   7.7836008E-04
 -1.0045554E-07  -1.9389901E-06   3.5216109E-07  -7.3185135E-06   2.2012937E-05   1.0477656E-04   1.8670587E-04  -4.5252568E-04   1.7750738E-05  -4.5492057E-01   8.1946898E-02  -5.1076050E-02  -4.7352685E-01   8.3705579E-01   1.6391012E+00   6.9114985E-01   4.8433779E-02  -1.2322257E-02   2.8204391E-03   8.5390073E-02   1.5491069E-01  -1.1796025E-04  -1.5205173E-04  -2.4760409E-04   7.4639416E-05   2.5196106E-04  -1.8617534E-04   4.9727369E-06  -2.4116453E-06
  8.7892520E-06  -8.6907933E-05  -2.6116720E-06  -3.8083217E-04  -1.2406659E-03   1.2300737E-03   2.0690073E-03  -2.4286698E-03   6.3519209E-05  -9.9855086E-01  -5.1076050E-02   4.0887435E+00  -3.2267602E+01  -3.7589969E+00   8.1444281E+00   5.8732560E+00  -3.1592131E+00  -1.7915371E-01   2.0817273E-01   2.7374692E+00   3.4916726E+00  -1.4649182E-04  -1.2611616E-03   1.9159411E-03  -1.6987529E-03   5.0545290E-04   1.6650142E-03   1.0467921E-04  -4.1797032E-05
 -9.3998128E-05   8.9192518E-04   1.1732577E-04   5.2105612E-03   2.1805926E-02  -2.5695142E-02  -3.6945103E-02   6.7504348E-02   3.1618628E-03   3.7572373E+01  -4.7352685E-01  -3.2267602E+01   7.9312083E+02   7.7253288E+01  -5.5859266E+01  -6.3971866E+01   1.8079602E+01  -6.6448087E+00   5.4001566E+00  -1.2301188E+01  -2.4135003E+01   1.4041063E-02   2.1659873E-02  -5.1317941E-04   2.1455126E-02   1.2181854E-02   8.2663507E-02   3.7721397E-03   5.8312798E-04
 -8.6793238E-05   8.6869910E-04   2.8464005E-05   2.7234009E-04   7.7930792E-03  -8.6315615E-03  -1.7224551E-02   3.6271866E-02   6.0596329E-04   2.9588517E+00   8.3705579E-01  -3.7589969E+00   7.7253288E+01   6.5705778E+01   4.0803096E+01   1.6218683E+01  -4.1929097E+00  -6.3793060E-01  -1.3527939E+00   3.4238899E+00   4.0695578E+00   5.7409578E-04   2.9430319E-03   4.8828430E-04   2.2130532E-03  -5.9640298E-03  -7.1380966E-03   1.2952531E-04   1.1709973E-04
 -4.7362965E-05   3.4459211E-04   1.1262620E-05  -1.9192167E-03   1.0863213E-03   1.5658318E-03  -1.2153547E-03   3.8329689E-03   9.2129577E-04  -1.4604661E+01   1.6391012E+00   8.1444281E+00  -5.5859266E+01   4.0803096E+01   8.7937530E+01   5.8094688E+01  -1.3015271E+01  -1.0028462E+00  -6.2330312E-01   5.1404792E+00   9.6210192E+00  -1.0723566E-03  -3.1743610E-03  -9.8642149E-05  -1.1117568E-03   4.7871590E-03  -2.1404337E-02   4.5053186E-04  -4.1891039E-04
 -6.7518120E-06   1.5837640E-04  -3.0693886E-05  -1.5481273E-03   3.5036828E-03   5.3782954E-03   4.5733160E-03  -6.2388719E-03   1.7863452E-03  -5.7584452E+01   6.9114985E-01   5.8732560E+00  -6.3971866E+01   1.6218683E+01   5.8094688E+01   1.0993105E+02  -1.0911856E+01  -7.8470529E-01  -1.1972685E+00   5.7412476E+00   3.4713984E+01  -2.2328839E-05   8.2503359E-04  -1.9812257E-03  -6.5252800E-04   2.0153385E-02  -3.3189960E-02   4.6108857E-04  -1.4530658E-03
 -1.3554553E-05   6.9175322E-05  -1.2668336E-05   1.9118112E-04   1.4421634E-04  -2.6967016E-03  -3.4867104E-03   5.8915385E-03  -1.1950985E-04   6.5608660E-01   4.8433779E-02  -3.1592131E+00   1.8079602E+01  -4.1929097E+00  -1.3015271E+01  -1.0911856E+01   6.6056054E+00   1.6075676E-01  -2.0801062E-01  -2.2754586E+00  -2.9939332E+00   8.1024286E-04   6.3034631E-06  -4.8643404E-03   6.2732478E-04  -1.1493997E-03  -4.1639008E-03  -8.0560399E-05   2.6986753E-05
  4.7690432E-06  -7.3570328E-06   3.1785039E-06   1.4985893E-04  -1.1768989E-04   2.7289162E-04  -2.2502695E-04  -1.5690788E-03  -6.0490147E-05   2.0953644E-01  -1.2322257E-02  -1.7915371E-01  -6.6448087E+00  -6.3793060E-01  -1.0028462E+00  -7.8470529E-01   1.6075676E-01   3.4739271E+00   5.6269988E-01   1.4124802E-01   1.8480947E-02  -1.0709017E-03  -4.6956258E-04   1.9855528E-03  -1.5288683E-03  -1.7549715E-03  -5.1353946E-03   1.8132716E-04   7.5510061E-07
 -5.1119437E-06  -2.9579530E-05   6.3154827E-06   2.5739579E-05  -5.0207475E-04  -2.9069520E-04  -4.8120099E-04   5.0858845E-04   1.5052812E-05   6.2886208E-01   2.8204391E-03   2.0817273E-01   5.4001566E+00  -1.3527939E+00  -6.2330312E-01  -1.1972685E+00  -2.0801062E-01   5.6269988E-01   3.1785221E+00   2.6974540E+00   2.6209922E+00  -4.9632891E-04   3.4562376E-04   6.9829547E-04   1.0868423E-04  -1.7041879E-03  -4.6265675E-03  -1.8308930E-04  -4.5438635E-05
 -6.6114591E-06   1.7896299E-05  -9.4470637E-06  -1.1959387E-04  -5.5656342E-04  -5.2622136E-04  -5.7969482E-04   4.8093232E-03  -2.7063214E-05  -5.6816767E+00   8.5390073E-02   2.7374692E+00  -1.2301188E+01   3.4238899E+00   5.1404792E+00   5.7412476E+00  -2.2754586E+00   1.4124802E-01   2.6974540E+00   1.0737703E+01   1.9198362E+01  -1.0767156E-03  -1.0163157E-03   2.8253775E-03  -3.1238677E-03  -5.4227360E-04  -7.2196588E-03  -2.0386308E-05   3.9214734E-04
 -7.6186900E-06   1.3502108E-05  -4.0444539E-05  -4.7109036E-04   9.9499097E-05   1.2727466E-03   2.6426456E-03  -3.0894558E-03   6.7687271E-04  -3.3978454E+01   1.5491069E-01   3.4916726E+00  -2.4135003E+01   4.0695578E+00   9.6210192E+00   3.4713984E+01  -2.9939332E+00   1.8480947E-02   2.6209922E+00   1.9198362E+01   5.3955147E+01  -9.9235889E-04  -9.6455806E-04   4.6894600E-03  -5.5825309E-03   6.3442301E-03  -1.9487771E-02   5.9252418E-05   8.9338477E-04
 -8.3462679E-08   3.8908280E-07  -2.8908828E-07   2.0773355E-06   8.4614577E-06  -1.9190738E-06  -4.5508342E-06   4.4609487E-05   1.5641409E-06   3.0657907E-04  -1.1796025E-04  -1.4649182E-04   1.4041063E-02   5.7409578E-04  -1.0723566E-03  -2.2328839E-05   8.1024286E-04  -1.0709017E-03  -4.9632891E-04  -1.0767156E-03  -9.9235889E-04   1.4427836E-03   2.5646323E-04   3.7141210E-05  -3.4915696E-04  -7.4669727E-05   1.7591304E-04   3.6165311E-08   1.0411708E-07
 -7.4064903E-08  -4.6386222E-07  -4.2009026E-08  -4.7164219E-06  -9.3462942E-06  -3.7569417E-09  -1.6921527E-06   1.5298703E-05   3.7935887E-07   5.8299580E-04  -1.5205173E-04  -1.2611616E-03   2.1659873E-02   2.9430319E-03  -3.1743610E-03   8.2503359E-04   6.3034631E-06  -4.6956258E-04   3.4562376E-04  -1.0163157E-03  -9.6455806E-04   2.5646323E-04   8.6265132E-04   4.0109678E-05   7.4606171E-04   7.8995941E-05  -6.8233070E-04  -9.8319986E-08  -6.8590473E-08
 -3.1863482E-07  -1.5520766E-07   3.7219955E-07  -7.0174468E-06  -2.2183272E-05   3.0766965E-06   1.4187984E-05  -6.8038176E-05  -1.4428124E-06   4.2845341E-03  -2.4760409E-04   1.9159411E-03  -5.1317941E-04   4.8828430E-04  -9.8642149E-05  -1.9812257E-03  -4.8643404E-03   1.9855528E-03   6.9829547E-04   2.8253775E-03   4.6894600E-03   3.7141210E-05   4.0109678E-05   6.8743982E-03  -2.5376446E-04   7.0071770E-04   4.3846975E-03  -4.4458332E-07   3.2030523E-07
 -1.6660495E-07   1.4057381E-07   1.4117756E-07  -4.0757264E-06  -7.5422474E-06   1.2853701E-06   2.8191291E-06   9.6404131E-05   6.5472295E-07   1.5641847E-03   7.4639416E-05  -1.6987529E-03   2.1455126E-02   2.2130532E-03  -1.1117568E-03  -6.5252800E-04   6.2732478E-04  -1.5288683E-03   1.0868423E-04  -3.1238677E-03  -5.5825309E-03  -3.4915696E-04   7.4606171E-04  -2.5376446E-04   2.8620371E-03   5.2276460E-04  -1.1985636E-03   5.7459891E-07   9.5875732E-08
 -4.9520437E-07   1.2279286E-06  -4.8600776E-07   7.2342034E-06   1.5619170E-05   3.5238514E-06   5.0873399E-06  -4.4807272E-05  -3.8981697E-07  -1.4594729E-02   2.5196106E-04   5.0545290E-04   1.2181854E-02  -5.9640298E-03   4.7871590E-03   2.0153385E-02  -1.1493997E-03  -1.7549715E-03  -1.7041879E-03  -5.4227360E-04   6.3442301E-03  -7.4669727E-05   7.8995941E-05   7.0071770E-04   5.2276460E-04   6.2466359E-03   7.9311019E-03   1.1360074E-06   5.7296995E-08
 -2.2344182E-06   9.2309697E-06  -6.6062847E-07  -6.8477932E-05  -1.3463077E-04  -1.0518890E-05   6.0004365E-05  -2.5848424E-04   1.3629682E-06   1.3947965E-02  -1.8617534E-04   1.6650142E-03   8.2663507E-02  -7.1380966E-03  -2.1404337E-02  -3.3189960E-02  -4.1639008E-03  -5.1353946E-03  -4.6265675E-03  -7.2196588E-03  -1.9487771E-02   1.7591304E-04  -6.8233070E-04   4.3846975E-03  -1.1985636E-03   7.9311019E-03   7.1653792E-02   5.7633327E-07  -3.3920518E-06
  4.4853261E-09  -3.3482533E-09   1.2516733E-09   1.4037331E-07   3.8919840E-07  -9.6893376E-08  -1.1013786E-07  -4.5446505E-07  -2.9198004E-08  -1.8284234E-04   4.9727369E-06   1.0467921E-04   3.7721397E-03   1.2952531E-04   4.5053186E-04   4.6108857E-04  -8.0560399E-05   1.8132716E-04  -1.8308930E-04  -2.0386308E-05   5.9252418E-05   3.6165311E-08  -9.8319986E-08  -4.4458332E-07   5.7459891E-07   1.1360074E-06   5.7633327E-07   3.7449728E-07   3.6159452E-09
 -1.0090588E-09  -1.8896959E-09  -7.5660962E-10   1.3079136E-08  -4.2246013E-08  -4.6635643E-08  -1.8208663E-07   8.5894019E-07  -3.9698705E-08   7.7836008E-04  -2.4116453E-06  -4.1797032E-05   5.8312798E-04   1.1709973E-04  -4.1891039E-04  -1.4530658E-03   2.6986753E-05   7.5510061E-07  -4.5438635E-05   3.9214734E-04   8.9338477E-04   1.0411708E-07  -6.8590473E-08   3.2030523E-07   9.5875732E-08   5.7296995E-08  -3.3920518E-06   3.6159452E-09   3.8455066E-07
