# omegabh2 omegach2 theta tau w wa logA ns calPlanck acib217 xi asz143 aps100 aps143 aps143217 aps217 aksz kgal100 kgal143 kgal143217 kgal217 cal0 cal2
  4.0112186E-08  -1.4307239E-07   3.1553840E-08   3.3079803E-07  -1.7892881E-06   1.8863116E-05   4.3796910E-07   4.4106647E-07   1.3785619E-08  -9.7330252E-05   2.8406837E-06   3.0775983E-05  -5.4568141E-04  -4.1400725E-04  -1.7567780E-04  -1.0877833E-04  -4.4406684E-05   7.1221098E-06  -3.9010948E-06  -1.6119888E-05  -1.0960235E-06   2.0833149E-09  -2.9492859E-09
 -1.4307239E-07   3.2064128E-06  -2.6376228E-07  -3.1368392E-06   3.9213600E-05  -3.7206568E-04   8.5708099E-07  -6.9547461E-06  -3.1273902E-07  -1.9850939E-04  -2.7072543E-06  -2.0056499E-05  -3.5464803E-04   8.9993545E-04   7.8793021E-04   9.7430578E-04  -3.8250391E-05  -2.7342203E-05  -4.7646503E-05   1.4296151E-06   9.7769035E-05  -2.7339037E-08  -2.4967700E-09
  3.1553840E-08  -2.6376228E-07   2.0008013E-07   4.5985282E-07  -4.7364005E-06   4.5822402E-05   5.2171523E-07   8.4198393E-07   2.5132978E-08   2.3151595E-05   7.1232537E-07  -1.4021864E-06   1.5507853E-05  -9.0725646E-05  -7.9212859E-05  -1.1578121E-04   4.4573453E-06   1.4365043E-05  -2.9547644E-07  -1.0952580E-05  -2.9524390E-05   6.7318761E-09   1.2846741E-09
  3.3079803E-07  -3.1368392E-06   4.5985282E-07   6.1228906E-05  -3.0559933E-05   3.6149954E-04   1.1522599E-04   1.1024030E-05   7.2645081E-08  -2.3364082E-03   3.8517125E-05   5.3166276E-04  -1.3865854E-02  -5.9527140E-03  -1.7582254E-03   2.0398401E-04  -1.1809448E-03   3.3016993E-05  -3.4410121E-04  -6.2023059E-04   1.9854826E-04   2.5996816E-08  -2.1738880E-08
 -1.7892881E-06   3.9213600E-05  -4.7364005E-06  -3.0559933E-05   7.1275377E-03  -2.7536148E-02   2.4384981E-05  -7.9100466E-05  -3.1901586E-06  -6.8853784E-03   8.6240726E-05   1.9367328E-03  -4.8921807E-02  -7.9647646E-04   6.9969064E-03   1.5620511E-02  -1.8537461E-03  -7.8004468E-04  -2.3296089E-03  -5.2673560E-04   9.1368066E-04  -4.9885206E-07  -3.2133345E-07
  1.8863116E-05  -3.7206568E-04   4.5822402E-05   3.6149954E-04  -2.7536148E-02   1.3539470E-01  -8.1710551E-05   8.1408626E-04   3.6524067E-05   4.4158843E-02  -3.9600024E-05  -2.7336344E-03   1.5955205E-01  -7.4831716E-02  -8.4333714E-02  -1.3803708E-01   3.1225209E-03   5.7676113E-03   1.2248871E-02   1.8045978E-03  -1.4367027E-02   3.7928903E-06   1.8313565E-06
  4.3796910E-07   8.5708099E-07   5.2171523E-07   1.1522599E-04   2.4384981E-05  -8.1710551E-05   2.6090531E-04   5.1474441E-06   1.2043524E-05  -5.6353368E-03   1.3177783E-04   9.7477598E-04  -2.6232290E-02  -7.8094682E-03   1.7177706E-03   9.2583523E-03  -3.5293374E-03  -4.9181746E-04  -1.5433836E-03  -1.8359756E-03   2.1659311E-03   1.1290009E-07  -2.6967649E-08
  4.4106647E-07  -6.9547461E-06   8.4198393E-07   1.1024030E-05  -7.9100466E-05   8.1408626E-04   5.1474441E-06   2.5986023E-05   8.3087431E-07  -3.8240026E-03   8.8919243E-05   1.0088114E-03  -2.1832919E-02  -8.3933225E-03   1.2874677E-05   2.9208186E-03  -2.2779602E-03   4.5727943E-04  -1.4691024E-04  -2.9407961E-04   1.1300334E-03  -3.4629202E-08  -6.0894519E-08
  1.3785619E-08  -3.1273902E-07   2.5132978E-08   7.2645081E-08  -3.1901586E-06   3.6524067E-05   1.2043524E-05   8.3087431E-07   6.2901484E-06   6.3434522E-04   4.5927206E-06  -5.2418037E-06   3.5693203E-03   8.2782608E-04   7.3112718E-04   1.5883196E-03  -1.3681360E-04  -5.8524954E-05  -3.0860118E-05  -1.7977822E-05   8.3718961E-04  -2.4676100E-08   2.2286350E-08
 -9.7330252E-05  -1.9850939E-04   2.3151595E-05  -2.3364082E-03  -6.8853784E-03   4.4158843E-02  -5.6353368E-03  -3.8240026E-03   6.3434522E-04   4.5083923E+01  -3.8358094E-01  -8.5276278E-01   3.8728773E+01   2.5007516E+00  -1.2934285E+01  -5.5389113E+01  -1.1725975E-01   1.3030805E-01   6.7789044E-01  -5.7505501E+00  -3.3640298E+01  -1.7919419E-04   6.9553071E-04
  2.8406837E-06  -2.7072543E-06   7.1232537E-07   3.8517125E-05   8.6240726E-05  -3.9600024E-05   1.3177783E-04   8.8919243E-05   4.5927206E-06  -3.8358094E-01   8.2389415E-02  -5.0109977E-02  -5.0881461E-01   8.7829038E-01   1.6223154E+00   5.9298278E-01   5.3065895E-02  -1.0205195E-02   9.5800437E-03   1.0112894E-01   1.3693589E-01   3.8158550E-06  -7.2273046E-07
  3.0775983E-05  -2.0056499E-05  -1.4021864E-06   5.3166276E-04   1.9367328E-03  -2.7336344E-03   9.7477598E-04   1.0088114E-03  -5.2418037E-06  -8.5276278E-01  -5.0109977E-02   3.9726824E+00  -3.0691933E+01  -3.0949585E+00   8.0403559E+00   5.5964962E+00  -2.9573113E+00  -2.4653101E-01   1.2743208E-01   2.7950764E+00   3.5401379E+00   1.1116047E-04  -3.0743009E-05
 -5.4568141E-04  -3.5464803E-04   1.5507853E-05  -1.3865854E-02  -4.8921807E-02   1.5955205E-01  -2.6232290E-02  -2.1832919E-02   3.5693203E-03   3.8728773E+01  -5.0881461E-01  -3.0691933E+01   7.8426232E+02   6.8930124E+01  -5.4875706E+01  -6.3244225E+01   1.5076137E+01  -6.0243262E+00   6.2692025E+00  -1.3549374E+01  -2.8875343E+01   3.7234891E-03   4.1629663E-04
 -4.1400725E-04   8.9993545E-04  -9.0725646E-05  -5.9527140E-03  -7.9647646E-04  -7.4831716E-02  -7.8094682E-03  -8.3933225E-03   8.2782608E-04   2.5007516E+00   8.7829038E-01  -3.0949585E+00   6.8930124E+01   6.3945298E+01   4.2119987E+01   1.7216791E+01  -5.3856028E+00  -4.5193144E-01  -1.3673444E+00   3.4530142E+00   3.8580794E+00   6.3600650E-05   1.1456512E-04
 -1.7567780E-04   7.8793021E-04  -7.9212859E-05  -1.7582254E-03   6.9969064E-03  -8.4333714E-02   1.7177706E-03   1.2874677E-05   7.3112718E-04  -1.2934285E+01   1.6223154E+00   8.0403559E+00  -5.4875706E+01   4.2119987E+01   8.7006315E+01   5.5786879E+01  -1.2932988E+01  -9.2227773E-01  -7.9560051E-01   5.2532828E+00   9.0103419E+00   4.3002167E-04  -3.5973740E-04
 -1.0877833E-04   9.7430578E-04  -1.1578121E-04   2.0398401E-04   1.5620511E-02  -1.3803708E-01   9.2583523E-03   2.9208186E-03   1.5883196E-03  -5.5389113E+01   5.9298278E-01   5.5964962E+00  -6.3244225E+01   1.7216791E+01   5.5786879E+01   1.0662543E+02  -1.0279134E+01  -5.7854640E-01  -1.5337479E+00   5.6385338E+00   3.4261548E+01   4.7552429E-04  -1.3175469E-03
 -4.4406684E-05  -3.8250391E-05   4.4573453E-06  -1.1809448E-03  -1.8537461E-03   3.1225209E-03  -3.5293374E-03  -2.2779602E-03  -1.3681360E-04  -1.1725975E-01   5.3065895E-02  -2.9573113E+00   1.5076137E+01  -5.3856028E+00  -1.2932988E+01  -1.0279134E+01   6.4583579E+00   1.1758627E-01  -1.6848458E-01  -2.2552167E+00  -2.5239909E+00  -8.3965051E-05   1.7468952E-05
  7.1221098E-06  -2.7342203E-05   1.4365043E-05   3.3016993E-05  -7.8004468E-04   5.7676113E-03  -4.9181746E-04   4.5727943E-04  -5.8524954E-05   1.3030805E-01  -1.0205195E-02  -2.4653101E-01  -6.0243262E+00  -4.5193144E-01  -9.2227773E-01  -5.7854640E-01   1.1758627E-01   3.4214753E+00   5.7018422E-01   8.1774947E-02   1.8115685E-03   1.6003743E-04  -1.0308054E-05
 -3.9010948E-06  -4.7646503E-05  -2.9547644E-07  -3.4410121E-04  -2.3296089E-03   1.2248871E-02  -1.5433836E-03  -1.4691024E-04  -3.0860118E-05   6.7789044E-01   9.5800437E-03   1.2743208E-01   6.2692025E+00  -1.3673444E+00  -7.9560051E-01  -1.5337479E+00  -1.6848458E-01   5.7018422E-01   3.1936916E+00   2.7276794E+00   2.6791891E+00  -1.8079636E-04  -3.2707272E-05
 -1.6119888E-05   1.4296151E-06  -1.0952580E-05  -6.2023059E-04  -5.2673560E-04   1.8045978E-03  -1.8359756E-03  -2.9407961E-04  -1.7977822E-05  -5.7505501E+00   1.0112894E-01   2.7950764E+00  -1.3549374E+01   3.4530142E+00   5.2532828E+00   5.6385338E+00  -2.2552167E+00   8.1774947E-02   2.7276794E+00   1.1061271E+01   1.9554675E+01  -3.9524153E-05   4.1979460E-04
 -1.0960235E-06   9.7769035E-05  -2.9524390E-05   1.9854826E-04   9.1368066E-04  -1.4367027E-02   2.1659311E-03   1.1300334E-03   8.3718961E-04  -3.3640298E+01   1.3693589E-01   3.5401379E+00  -2.8875343E+01   3.8580794E+00   9.0103419E+00   3.4261548E+01  -2.5239909E+00   1.8115685E-03   2.6791891E+00   1.9554675E+01   5.4029228E+01   2.7291347E-06   9.3860674E-04
  2.0833149E-09  -2.7339037E-08   6.7318761E-09   2.5996816E-08  -4.9885206E-07   3.7928903E-06   1.1290009E-07  -3.4629202E-08  -2.4676100E-08  -1.7919419E-04   3.8158550E-06   1.1116047E-04   3.7234891E-03   6.3600650E-05   4.3002167E-04   4.7552429E-04  -8.3965051E-05   1.6003743E-04  -1.8079636E-04  -3.9524153E-05   2.7291347E-06   3.7690587E-07  -1.6106840E-09
 -2.9492859E-09  -2.4967700E-09   1.2846741E-09  -2.1738880E-08  -3.2133345E-07   1.8313565E-06  -2.6967649E-08  -6.0894519E-08   2.2286350E-08   6.9553071E-04  -7.2273046E-07  -3.0743009E-05   4.1629663E-04   1.1456512E-04  -3.5973740E-04  -1.3175469E-03   1.7468952E-05  -1.0308054E-05  -3.2707272E-05   4.1979460E-04   9.3860674E-04  -1.6106840E-09   3.8102510E-07
