# omegabh2 omegach2 theta tau logA ns calPlanck acib217 xi asz143 aps100 aps143 aps143217 aps217 aksz kgal100 kgal143 kgal143217 kgal217 cal0 cal2
    0.4469032E-07   -0.1544437E-06    0.3185205E-07    0.7935830E-06    0.1395859E-05    0.5310981E-06    0.3660880E-07   -0.2459377E-03    0.1917669E-05    0.6044666E-04   -0.9109116E-03   -0.5142420E-03   -0.1327330E-03    0.1022663E-03   -0.7397659E-04    0.6178454E-05    0.1118425E-04   -0.5417970E-05    0.6862872E-04   -0.5562903E-08   -0.2141962E-07
   -0.1544437E-06    0.2650800E-05   -0.2241957E-06   -0.1127730E-04   -0.1713099E-04   -0.6409185E-05   -0.4052500E-06    0.8536822E-03   -0.4176299E-05   -0.1907726E-03    0.1855641E-02    0.1337398E-02    0.1548112E-03   -0.9559176E-03    0.3463314E-03    0.6579319E-04    0.4350197E-04    0.1124478E-03    0.6086822E-05   -0.4927760E-08    0.1304110E-06
    0.3185205E-07   -0.2241957E-06    0.1778330E-06    0.1482689E-05    0.2876628E-05    0.7661469E-06    0.1203528E-06   -0.6066560E-04    0.2209424E-05    0.1274856E-04   -0.1218261E-03   -0.1418197E-03   -0.4310922E-04    0.2081870E-04   -0.2274238E-04    0.3409090E-04   -0.2994014E-06    0.4473906E-05    0.4335156E-04    0.5657455E-08    0.1507912E-08
    0.7935830E-06   -0.1127730E-04    0.1482689E-05    0.1188189E-03    0.2069764E-03    0.3450565E-04   -0.1043869E-05   -0.6136297E-02    0.8476719E-04    0.1506407E-02   -0.2148975E-01   -0.1154366E-01   -0.6833220E-03    0.4579017E-02   -0.2496364E-02    0.4447612E-03   -0.1003204E-03   -0.1354374E-02   -0.8520935E-03   -0.7261911E-07   -0.9073391E-06
    0.1395859E-05   -0.1713099E-04    0.2876628E-05    0.2069764E-03    0.3939506E-03    0.5336518E-04    0.1000598E-04   -0.1000294E-01    0.2295465E-03    0.2529923E-02   -0.3317148E-01   -0.1807556E-01    0.1999263E-02    0.1235488E-01   -0.4945007E-02    0.7838806E-03   -0.4481376E-03   -0.2251271E-02    0.7457664E-03    0.9274631E-07   -0.1295998E-05
    0.5310981E-06   -0.6409185E-05    0.7661469E-06    0.3450565E-04    0.5336518E-04    0.2687689E-04    0.6391008E-06   -0.6556109E-02    0.1201563E-03    0.1563827E-02   -0.3025138E-01   -0.9630187E-02    0.2714154E-02    0.7789724E-02   -0.3302895E-02    0.2517999E-03   -0.2199224E-03   -0.9844738E-03    0.3701091E-03   -0.2319447E-06   -0.6641353E-06
    0.3660880E-07   -0.4052500E-06    0.1203528E-06   -0.1043869E-05    0.1000598E-04    0.6391008E-06    0.6389112E-05    0.1126352E-02    0.7304374E-05   -0.9984757E-04    0.5005126E-02    0.7973114E-03    0.2495010E-03    0.7141021E-03    0.4242378E-04    0.2278308E-04    0.1090442E-03    0.2472330E-03    0.1123153E-02   -0.1498376E-07    0.1450384E-06
   -0.2459377E-03    0.8536822E-03   -0.6066560E-04   -0.6136297E-02   -0.1000294E-01   -0.6556109E-02    0.1126352E-02    0.4323977E+02   -0.3843365E+00   -0.2231411E+01    0.4280577E+02    0.3213002E+01   -0.1875299E+02   -0.5978965E+02    0.5748538E+00   -0.4282715E+00    0.4176973E+00   -0.2535076E+01   -0.1938060E+02   -0.3814368E-03    0.4221991E-02
    0.1917669E-05   -0.4176299E-05    0.2209424E-05    0.8476719E-04    0.2295465E-03    0.1201563E-03    0.7304374E-05   -0.3843365E+00    0.8123094E-01   -0.1039043E+00   -0.2770852E+00    0.1041290E+01    0.1798308E+01    0.6017383E+00    0.9726787E-01   -0.6090449E-02   -0.9984601E-02    0.4343594E-01   -0.1751153E-01    0.2725758E-05   -0.1746108E-04
    0.6044666E-04   -0.1907726E-03    0.1274856E-04    0.1506407E-02    0.2529923E-02    0.1563827E-02   -0.9984757E-04   -0.2231411E+01   -0.1039043E+00    0.3891852E+01   -0.3033941E+02   -0.4368994E+01    0.7177439E+01    0.7617421E+01   -0.2872341E+01   -0.1205845E+00   -0.9702785E-01    0.2334189E+01    0.2349613E+01    0.2030882E-03   -0.4346527E-03
   -0.9109116E-03    0.1855641E-02   -0.1218261E-03   -0.2148975E-01   -0.3317148E-01   -0.3025138E-01    0.5005126E-02    0.4280577E+02   -0.2770852E+00   -0.3033941E+02    0.7678177E+03    0.6959896E+02   -0.5954194E+02   -0.7327067E+02    0.1622160E+02   -0.3346381E+01    0.4187928E+01   -0.1090567E+02   -0.1648907E+02    0.6220060E-02    0.3848398E-02
   -0.5142420E-03    0.1337398E-02   -0.1418197E-03   -0.1154366E-01   -0.1807556E-01   -0.9630187E-02    0.7973114E-03    0.3213002E+01    0.1041290E+01   -0.4368994E+01    0.6959896E+02    0.6331173E+02    0.4460783E+02    0.1462322E+02   -0.3620775E+01   -0.4174819E+00   -0.1777092E+01    0.3118916E+01    0.2038015E+01    0.8946891E-04    0.4626784E-03
   -0.1327330E-03    0.1548112E-03   -0.4310922E-04   -0.6833220E-03    0.1999263E-02    0.2714154E-02    0.2495010E-03   -0.1875299E+02    0.1798308E+01    0.7177439E+01   -0.5954194E+02    0.4460783E+02    0.9542905E+02    0.6402081E+02   -0.1163285E+02   -0.3286129E+00   -0.1654453E+01    0.2759475E+01    0.1618804E+01    0.7663456E-03   -0.2659696E-02
    0.1022663E-03   -0.9559176E-03    0.2081870E-04    0.4579017E-02    0.1235488E-01    0.7789724E-02    0.7141021E-03   -0.5978965E+02    0.6017383E+00    0.7617421E+01   -0.7327067E+02    0.1462322E+02    0.6402081E+02    0.1203492E+03   -0.1087543E+02    0.2347676E+00   -0.1582330E+01   -0.1662840E+00    0.1511787E+02    0.9646298E-03   -0.7444129E-02
   -0.7397659E-04    0.3463314E-03   -0.2274238E-04   -0.2496364E-02   -0.4945007E-02   -0.3302895E-02    0.4242378E-04    0.5748538E+00    0.9726787E-01   -0.2872341E+01    0.1622160E+02   -0.3620775E+01   -0.1163285E+02   -0.1087543E+02    0.6283350E+01    0.1467722E+00    0.1152182E+00   -0.1760237E+01   -0.1542057E+01   -0.1248373E-03    0.1962890E-03
    0.6178454E-05    0.6579319E-04    0.3409090E-04    0.4447612E-03    0.7838806E-03    0.2517999E-03    0.2278308E-04   -0.4282715E+00   -0.6090449E-02   -0.1205845E+00   -0.3346381E+01   -0.4174819E+00   -0.3286129E+00    0.2347676E+00    0.1467722E+00    0.3365931E+01    0.3793250E+00    0.1411496E-01    0.3493967E+00    0.2838876E-03   -0.5450280E-04
    0.1118425E-04    0.4350197E-04   -0.2994014E-06   -0.1003204E-03   -0.4481376E-03   -0.2199224E-03    0.1090442E-03    0.4176973E+00   -0.9984601E-02   -0.9702785E-01    0.4187928E+01   -0.1777092E+01   -0.1654453E+01   -0.1582330E+01    0.1152182E+00    0.3793250E+00    0.3380573E+01    0.2425611E+01    0.1748844E+01   -0.3147537E-03   -0.1383133E-03
   -0.5417970E-05    0.1124478E-03    0.4473906E-05   -0.1354374E-02   -0.2251271E-02   -0.9844738E-03    0.2472330E-03   -0.2535076E+01    0.4343594E-01    0.2334189E+01   -0.1090567E+02    0.3118916E+01    0.2759475E+01   -0.1662840E+00   -0.1760237E+01    0.1411496E-01    0.2425611E+01    0.1754230E+02    0.2697234E+02   -0.5226935E-04    0.2543796E-02
    0.6862872E-04    0.6086822E-05    0.4335156E-04   -0.8520935E-03    0.7457664E-03    0.3701091E-03    0.1123153E-02   -0.1938060E+02   -0.1751153E-01    0.2349613E+01   -0.1648907E+02    0.2038015E+01    0.1618804E+01    0.1511787E+02   -0.1542057E+01    0.3493967E+00    0.1748844E+01    0.2697234E+02    0.5747291E+02    0.4305239E-04    0.4646117E-02
   -0.5562903E-08   -0.4927760E-08    0.5657455E-08   -0.7261911E-07    0.9274631E-07   -0.2319447E-06   -0.1498376E-07   -0.3814368E-03    0.2725758E-05    0.2030882E-03    0.6220060E-02    0.8946891E-04    0.7663456E-03    0.9646298E-03   -0.1248373E-03    0.2838876E-03   -0.3147537E-03   -0.5226935E-04    0.4305239E-04    0.6135914E-06   -0.3537352E-07
   -0.2141962E-07    0.1304110E-06    0.1507912E-08   -0.9073391E-06   -0.1295998E-05   -0.6641353E-06    0.1450384E-06    0.4221991E-02   -0.1746108E-04   -0.4346527E-03    0.3848398E-02    0.4626784E-03   -0.2659696E-02   -0.7444129E-02    0.1962890E-03   -0.5450280E-04   -0.1383133E-03    0.2543796E-02    0.4646117E-02   -0.3537352E-07    0.2099114E-05
