# omegabh2 omegach2 theta tau logA ns nrun nrunrun calPlanck acib217 xi asz143 aps100 aps143 aps143217 aps217 aksz kgal100 kgal143 kgal143217 kgal217 galfTE100 galfTE100143 galfTE100217 galfTE143 galfTE143217 galfTE217 cal0 cal2
  2.1863827E-08  -6.3850519E-08   1.2699077E-08   1.6492140E-07   3.6323627E-07   1.9223033E-07  -5.5674000E-07  -4.7214231E-07   6.5841699E-09   4.4934859E-05   9.8145189E-07   2.1392128E-06   5.7486055E-05   4.4864255E-05   3.1673853E-05  -4.0652878E-05  -1.3308134E-06   2.1810676E-06  -6.6933361E-10   2.0151505E-06  -3.0604959E-05  -3.0740654E-08  -5.6178259E-08  -1.8921645E-07  -3.0163530E-07  -4.9693432E-07  -1.7581217E-06   1.5473914E-09   1.8599544E-09
 -6.3850519E-08   1.0601228E-06  -7.1480039E-08  -1.2987538E-06  -2.6001830E-07  -2.8033497E-06   6.1283469E-07   2.0282152E-06  -1.3632368E-07  -3.6701354E-04   5.4652401E-06  -2.2216418E-05  -6.9138568E-04   2.1452428E-04   2.4577007E-04   4.8058494E-04   7.9654168E-06   2.4101146E-05  -1.3135852E-05   5.8032493E-05   3.7116222E-04   7.4387321E-07   7.0410467E-07   2.6957278E-06   2.1858742E-06   3.4789624E-06   1.1136919E-05   1.8187568E-08   1.5973070E-08
  1.2699077E-08  -7.1480039E-08   8.2483548E-08   1.1370516E-07   1.7363775E-07   2.6233410E-07  -9.1494242E-08  -6.6786472E-08   1.5872129E-08   7.5123370E-05  -1.2605868E-06  -3.5972830E-07   2.0878161E-04   3.2973853E-05  -1.6937344E-06  -9.7261892E-05   1.4607580E-07  -7.0712039E-06   2.4584394E-06  -3.9732423E-06  -3.8580916E-05   1.6274588E-07   2.2984015E-07  -5.2848797E-07  -3.7888574E-08  -4.9651811E-07  -8.1848725E-07  -2.5027127E-09  -1.7385086E-09
  1.6492140E-07  -1.2987538E-06   1.1370516E-07   6.6373017E-05   1.2786497E-04   7.1591987E-07   4.8499867E-06   2.6843599E-05  -1.1379160E-06  -2.0058818E-03   2.8765047E-05   4.1953450E-04  -6.9939036E-03  -5.6033908E-03  -2.2615251E-03  -3.6655206E-04  -1.6144868E-03   3.4022553E-04  -1.5354218E-04  -2.3259199E-04  -1.9155095E-04   3.7686390E-06   2.8467355E-06  -1.4463550E-05   5.9147772E-06   5.7917844E-06   2.9093246E-05   1.2447382E-07  -9.1087390E-08
  3.6323627E-07  -2.6001830E-07   1.7363775E-07   1.2786497E-04   2.8175871E-04  -5.3200601E-06  -5.8009528E-06   4.4234086E-05   9.6598218E-06  -3.1632887E-03   8.1588529E-05   5.4960179E-04  -8.9719764E-04  -3.7803583E-03   1.5548373E-03   7.1330371E-03  -3.2514928E-03   3.5427746E-05  -9.0042208E-04  -7.5073422E-04   1.2503117E-03   1.7173047E-05   1.1459018E-05  -1.1086657E-05   2.1251572E-05   1.1906040E-05   6.9259426E-05   5.0487385E-07  -9.7840520E-08
  1.9223033E-07  -2.8033497E-06   2.6233410E-07   7.1591987E-07  -5.3200601E-06   1.9890815E-05  -8.0520291E-06  -2.6575288E-05   6.9202255E-07  -2.5951428E-03   9.6961579E-05   3.2159762E-04  -1.0999104E-02  -1.6138344E-03   3.5244704E-03   5.3142493E-03  -1.4815874E-03   1.1292828E-04  -2.8406335E-04  -5.6429522E-04   9.6576947E-05  -2.7170073E-06  -1.3916798E-07   2.0655269E-06  -5.0951887E-08  -6.1570198E-06  -1.0412271E-05  -1.6781551E-07  -6.6173154E-08
 -5.5674000E-07   6.1283469E-07  -9.1494242E-08   4.8499867E-06  -5.8009528E-06  -8.0520291E-06   9.9864211E-05   9.6150229E-05  -3.8920089E-07  -1.3490136E-02   1.6966557E-04   3.2010892E-03  -6.0487285E-02  -3.7882772E-02  -1.3866902E-02  -1.0195398E-03  -5.3989040E-03  -3.7347564E-04  -7.1423493E-04  -1.2993019E-03   2.8810274E-03   2.4998201E-06  -1.4378299E-06  -1.7992776E-05   4.6003856E-06   7.5868075E-06   8.7455595E-05  -1.2838365E-07  -4.1089090E-07
 -4.7214231E-07   2.0282152E-06  -6.6786472E-08   2.6843599E-05   4.4234086E-05  -2.6575288E-05   9.6150229E-05   1.6286545E-04  -1.4759333E-06  -1.0666525E-02   1.1430938E-04   2.9660310E-03  -5.8107056E-02  -4.1560817E-02  -2.0387135E-02  -1.0268895E-02  -4.4609861E-03   3.9715566E-04  -2.4967859E-05  -4.9153320E-04   2.6702879E-03   6.4471749E-06  -1.4503581E-06  -1.9154648E-05   6.0302144E-06   2.3038564E-05   1.1051610E-04   6.0872731E-08  -3.0326189E-07
  6.5841699E-09  -1.3632368E-07   1.5872129E-08  -1.1379160E-06   9.6598218E-06   6.9202255E-07  -3.8920089E-07  -1.4759333E-06   6.1263880E-06   5.8435016E-04  -3.1886363E-06   1.3000311E-04   5.2378517E-03   6.3893079E-04   8.4551017E-04   1.8021633E-03  -1.0152111E-04  -2.8769685E-04  -2.0328005E-05   4.3717669E-05   8.2383815E-04   3.4303699E-06   2.2810485E-06   6.1429446E-06   3.2687417E-06  -3.4311461E-06   3.5975264E-06   1.3643109E-08  -7.9953816E-09
  4.4934859E-05  -3.6701354E-04   7.5123370E-05  -2.0058818E-03  -3.1632887E-03  -2.5951428E-03  -1.3490136E-02  -1.0666525E-02   5.8435016E-04   4.6912320E+01  -4.4108169E-01  -9.3172033E-01   4.2683501E+01   7.3205400E+00  -1.1437258E+01  -5.5349454E+01   1.0334318E-01  -3.9738577E-01   6.4901405E-01  -5.4911551E+00  -3.3904778E+01  -3.9148520E-03   1.3515312E-03  -6.5348481E-03   4.7151973E-04  -1.3175124E-02  -2.5078187E-02  -2.7371258E-04   7.7164989E-04
  9.8145189E-07   5.4652401E-06  -1.2605868E-06   2.8765047E-05   8.1588529E-05   9.6961579E-05   1.6966557E-04   1.1430938E-04  -3.1886363E-06  -4.4108169E-01   8.0925726E-02  -4.9871002E-02  -6.0037098E-01   8.5085175E-01   1.6351986E+00   6.5864331E-01   3.8245857E-02   6.5172427E-03   5.3217694E-03   9.5379811E-02   1.3539858E-01   2.2424563E-04   7.6445595E-05   9.8758580E-04   1.3176672E-04   4.3047928E-04   1.1051323E-03   7.2009832E-06  -8.3502810E-07
  2.1392128E-06  -2.2216418E-05  -3.5972830E-07   4.1953450E-04   5.4960179E-04   3.2159762E-04   3.2010892E-03   2.9660310E-03   1.3000311E-04  -9.3172033E-01  -4.9871002E-02   3.8624552E+00  -3.1318821E+01  -4.7572472E+00   6.3023255E+00   4.4685336E+00  -2.7398144E+00  -1.9452961E-01   1.3619022E-01   2.6431750E+00   3.5267795E+00   1.3997488E-03   7.1092544E-04  -6.6070568E-03   2.1479302E-03   1.9763911E-03   1.8398718E-03   8.7357427E-05  -1.7488201E-05
  5.7486055E-05  -6.9138568E-04   2.0878161E-04  -6.9939036E-03  -8.9719764E-04  -1.0999104E-02  -6.0487285E-02  -5.8107056E-02   5.2378517E-03   4.2683501E+01  -6.0037098E-01  -3.1318821E+01   8.1474503E+02   9.5209927E+01  -3.9145294E+01  -5.4544672E+01   1.5749171E+01  -5.6250025E+00   5.7825061E+00  -1.2545708E+01  -2.8613697E+01  -1.3620772E-02  -6.9589012E-03   3.4736906E-02  -4.6469841E-02  -6.5071789E-03  -1.9866443E-02   4.1229652E-03   1.9935125E-04
  4.4864255E-05   2.1452428E-04   3.2973853E-05  -5.6033908E-03  -3.7803583E-03  -1.6138344E-03  -3.7882772E-02  -4.1560817E-02   6.3893079E-04   7.3205400E+00   8.5085175E-01  -4.7572472E+00   9.5209927E+01   7.7197273E+01   4.5627819E+01   1.5754561E+01  -2.7408211E+00  -2.4495842E-01  -1.0401153E+00   3.2319530E+00   1.0009739E+00  -7.3037409E-03  -1.4861438E-03   2.4960300E-02  -7.9615572E-03   3.4969185E-03  -2.9325565E-02   1.5198441E-04   2.3246543E-04
  3.1673853E-05   2.4577007E-04  -1.6937344E-06  -2.2615251E-03   1.5548373E-03   3.5244704E-03  -1.3866902E-02  -2.0387135E-02   8.4551017E-04  -1.1437258E+01   1.6351986E+00   6.3023255E+00  -3.9145294E+01   4.5627819E+01   8.4691940E+01   5.3114108E+01  -1.0397960E+01  -3.4206504E-01  -7.9912840E-01   4.2305397E+00   6.6771660E+00   3.9939482E-03   1.5421011E-03   1.5999218E-02   2.9209280E-03   1.4441361E-02   5.3303972E-03   4.9484036E-04  -2.3322339E-04
 -4.0652878E-05   4.8058494E-04  -9.7261892E-05  -3.6655206E-04   7.1330371E-03   5.3142493E-03  -1.0195398E-03  -1.0268895E-02   1.8021633E-03  -5.5349454E+01   6.5864331E-01   4.4685336E+00  -5.4544672E+01   1.5754561E+01   5.3114108E+01   1.0429176E+02  -8.4954115E+00   2.1028715E-01  -1.3895905E+00   4.8579939E+00   3.3185613E+01   7.0929376E-03  -1.3521852E-03   8.3027555E-03  -8.1001057E-04   2.1448663E-02   6.8378576E-03   5.2459244E-04  -1.2696536E-03
 -1.3308134E-06   7.9654168E-06   1.4607580E-07  -1.6144868E-03  -3.2514928E-03  -1.4815874E-03  -5.3989040E-03  -4.4609861E-03  -1.0152111E-04   1.0334318E-01   3.8245857E-02  -2.7398144E+00   1.5749171E+01  -2.7408211E+00  -1.0397960E+01  -8.4954115E+00   5.9004598E+00   9.2481831E-02  -9.1785952E-02  -1.7736064E+00  -1.9847271E+00   4.2897544E-04   4.0303797E-04   5.5196606E-03  -1.9115653E-03  -7.9674598E-04  -3.7490760E-03  -3.9769477E-05  -2.1777518E-05
  2.1810676E-06   2.4101146E-05  -7.0712039E-06   3.4022553E-04   3.5427746E-05   1.1292828E-04  -3.7347564E-04   3.9715566E-04  -2.8769685E-04  -3.9738577E-01   6.5172427E-03  -1.9452961E-01  -5.6250025E+00  -2.4495842E-01  -3.4206504E-01   2.1028715E-01   9.2481831E-02   3.2190093E+00   4.5472094E-01   2.0526351E-01   4.5554631E-01   1.0621497E-03   1.1308614E-03   6.8712851E-03   1.1092882E-03  -3.9259104E-03  -8.3004297E-03   2.0913138E-04   2.2417074E-05
 -6.6933361E-10  -1.3135852E-05   2.4584394E-06  -1.5354218E-04  -9.0042208E-04  -2.8406335E-04  -7.1423493E-04  -2.4967859E-05  -2.0328005E-05   6.4901405E-01   5.3217694E-03   1.3619022E-01   5.7825061E+00  -1.0401153E+00  -7.9912840E-01  -1.3895905E+00  -9.1785952E-02   4.5472094E-01   3.0673423E+00   2.6960690E+00   2.7499756E+00   2.8387296E-03   1.3528722E-03  -1.0913674E-03  -5.9694397E-05   2.9102368E-03   4.1288790E-03  -1.9246603E-04  -1.0089274E-06
  2.0151505E-06   5.8032493E-05  -3.9732423E-06  -2.3259199E-04  -7.5073422E-04  -5.6429522E-04  -1.2993019E-03  -4.9153320E-04   4.3717669E-05  -5.4911551E+00   9.5379811E-02   2.6431750E+00  -1.2545708E+01   3.2319530E+00   4.2305397E+00   4.8579939E+00  -1.7736064E+00   2.0526351E-01   2.6960690E+00   1.0827601E+01   1.9220485E+01   1.9239105E-03   1.2757109E-03  -3.0173679E-03   7.8398005E-04   2.3196551E-03   1.3025414E-02  -4.1967461E-05   4.1738065E-04
 -3.0604959E-05   3.7116222E-04  -3.8580916E-05  -1.9155095E-04   1.2503117E-03   9.6576947E-05   2.8810274E-03   2.6702879E-03   8.2383815E-04  -3.3904778E+01   1.3539858E-01   3.5267795E+00  -2.8613697E+01   1.0009739E+00   6.6771660E+00   3.3185613E+01  -1.9847271E+00   4.5554631E-01   2.7499756E+00   1.9220485E+01   5.3588189E+01   2.1444931E-03   6.3699994E-04   3.1117053E-03   4.0566394E-03   9.8444315E-04   2.2857304E-02   1.2512661E-04   8.5198583E-04
 -3.0740654E-08   7.4387321E-07   1.6274588E-07   3.7686390E-06   1.7173047E-05  -2.7170073E-06   2.4998201E-06   6.4471749E-06   3.4303699E-06  -3.9148520E-03   2.2424563E-04   1.3997488E-03  -1.3620772E-02  -7.3037409E-03   3.9939482E-03   7.0929376E-03   4.2897544E-04   1.0621497E-03   2.8387296E-03   1.9239105E-03   2.1444931E-03   1.4406710E-03   2.2213176E-04   6.5546360E-05  -3.7124610E-04  -8.5397980E-05  -2.0128510E-05   8.5139216E-07   2.9096981E-07
 -5.6178259E-08   7.0410467E-07   2.2984015E-07   2.8467355E-06   1.1459018E-05  -1.3916798E-07  -1.4378299E-06  -1.4503581E-06   2.2810485E-06   1.3515312E-03   7.6445595E-05   7.1092544E-04  -6.9589012E-03  -1.4861438E-03   1.5421011E-03  -1.3521852E-03   4.0303797E-04   1.1308614E-03   1.3528722E-03   1.2757109E-03   6.3699994E-04   2.2213176E-04   8.7514429E-04   1.6008110E-05   7.9949958E-04   5.0507992E-05  -7.6351130E-04   3.1410037E-07  -7.0875376E-08
 -1.8921645E-07   2.6957278E-06  -5.2848797E-07  -1.4463550E-05  -1.1086657E-05   2.0655269E-06  -1.7992776E-05  -1.9154648E-05   6.1429446E-06  -6.5348481E-03   9.8758580E-04  -6.6070568E-03   3.4736906E-02   2.4960300E-02   1.5999218E-02   8.3027555E-03   5.5196606E-03   6.8712851E-03  -1.0913674E-03  -3.0173679E-03   3.1117053E-03   6.5546360E-05   1.6008110E-05   7.2448162E-03  -3.4109432E-04   7.3218882E-04   4.0877356E-03   6.3662710E-07   3.3334527E-07
 -3.0163530E-07   2.1858742E-06  -3.7888574E-08   5.9147772E-06   2.1251572E-05  -5.0951887E-08   4.6003856E-06   6.0302144E-06   3.2687417E-06   4.7151973E-04   1.3176672E-04   2.1479302E-03  -4.6469841E-02  -7.9615572E-03   2.9209280E-03  -8.1001057E-04  -1.9115653E-03   1.1092882E-03  -5.9694397E-05   7.8398005E-04   4.0566394E-03  -3.7124610E-04   7.9949958E-04  -3.4109432E-04   3.0235329E-03   4.8018765E-04  -1.4923631E-03   1.5398548E-07  -1.1816772E-07
 -4.9693432E-07   3.4789624E-06  -4.9651811E-07   5.7917844E-06   1.1906040E-05  -6.1570198E-06   7.5868075E-06   2.3038564E-05  -3.4311461E-06  -1.3175124E-02   4.3047928E-04   1.9763911E-03  -6.5071789E-03   3.4969185E-03   1.4441361E-02   2.1448663E-02  -7.9674598E-04  -3.9259104E-03   2.9102368E-03   2.3196551E-03   9.8444315E-04  -8.5397980E-05   5.0507992E-05   7.3218882E-04   4.8018765E-04   6.4054421E-03   7.6323165E-03   9.4779105E-07  -1.3158708E-06
 -1.7581217E-06   1.1136919E-05  -8.1848725E-07   2.9093246E-05   6.9259426E-05  -1.0412271E-05   8.7455595E-05   1.1051610E-04   3.5975264E-06  -2.5078187E-02   1.1051323E-03   1.8398718E-03  -1.9866443E-02  -2.9325565E-02   5.3303972E-03   6.8378576E-03  -3.7490760E-03  -8.3004297E-03   4.1288790E-03   1.3025414E-02   2.2857304E-02  -2.0128510E-05  -7.6351130E-04   4.0877356E-03  -1.4923631E-03   7.6323165E-03   6.9408414E-02  -5.3607779E-07  -5.3144392E-06
  1.5473914E-09   1.8187568E-08  -2.5027127E-09   1.2447382E-07   5.0487385E-07  -1.6781551E-07  -1.2838365E-07   6.0872731E-08   1.3643109E-08  -2.7371258E-04   7.2009832E-06   8.7357427E-05   4.1229652E-03   1.5198441E-04   4.9484036E-04   5.2459244E-04  -3.9769477E-05   2.0913138E-04  -1.9246603E-04  -4.1967461E-05   1.2512661E-04   8.5139216E-07   3.1410037E-07   6.3662710E-07   1.5398548E-07   9.4779105E-07  -5.3607779E-07   3.7734940E-07  -6.9998638E-09
  1.8599544E-09   1.5973070E-08  -1.7385086E-09  -9.1087390E-08  -9.7840520E-08  -6.6173154E-08  -4.1089090E-07  -3.0326189E-07  -7.9953816E-09   7.7164989E-04  -8.3502810E-07  -1.7488201E-05   1.9935125E-04   2.3246543E-04  -2.3322339E-04  -1.2696536E-03  -2.1777518E-05   2.2417074E-05  -1.0089274E-06   4.1738065E-04   8.5198583E-04   2.9096981E-07  -7.0875376E-08   3.3334527E-07  -1.1816772E-07  -1.3158708E-06  -5.3144392E-06  -6.9998638E-09   3.7706198E-07
