# omegabh2 omegach2 theta tau w wa logA ns calPlanck acib217 xi asz143 aps100 aps143 aps143217 aps217 aksz kgal100 kgal143 kgal143217 kgal217 cal0 cal2
  4.2891412E-08  -1.5169390E-07   3.1812012E-08   2.7843151E-07  -1.9306124E-06   2.0091207E-05   3.6332014E-07   4.6741903E-07   3.4211661E-08  -1.2924534E-04   1.5951588E-06   4.1019270E-05  -7.1220235E-04  -4.7822205E-04  -1.9990857E-04  -6.7737588E-05  -5.0266476E-05   4.7149524E-06  -3.2906373E-06  -1.4153830E-05   2.0106808E-05   2.2657990E-09  -3.6122960E-09
 -1.5169390E-07   3.2717412E-06  -2.7376930E-07  -2.5419854E-06   3.8539275E-05  -3.6795605E-04   2.3131331E-06  -6.9971664E-06  -2.5049716E-07  -5.6092428E-05  -2.6866683E-06  -1.5823193E-05  -7.8008461E-05   9.9844261E-04   7.7564071E-04   7.6190069E-04  -9.6737723E-05  -2.3870632E-05  -4.3821400E-05   7.9618967E-07   1.5759758E-05  -2.3968802E-08  -9.2304009E-09
  3.1812012E-08  -2.7376930E-07   2.0219459E-07   3.6045969E-07  -6.0522085E-06   4.9123290E-05   3.2399541E-07   8.2922077E-07   3.7606996E-08   2.1854234E-05  -1.0838247E-06  -1.0095564E-05   1.2526520E-04  -1.1444251E-04  -1.4383872E-04  -1.4041617E-04   2.6624573E-05   3.3998245E-06   7.7167844E-06  -2.2881172E-05  -3.7589003E-05   2.1238094E-09  -3.5160542E-09
  2.7843151E-07  -2.5419854E-06   3.6045969E-07   4.2176560E-05  -2.9566981E-05   3.1597362E-04   7.8373019E-05   8.1328574E-06  -7.6306971E-08  -1.2350197E-03   3.6579069E-05   1.1738781E-04  -7.3293686E-03  -4.5286167E-03  -2.1139364E-03  -6.6955771E-04  -4.8845159E-04   9.0182892E-05  -2.8124972E-04  -5.9205489E-04  -6.4119607E-04   3.2021596E-08   4.9170255E-09
 -1.9306124E-06   3.8539275E-05  -6.0522085E-06  -2.9566981E-05   7.1064536E-03  -2.7205041E-02   2.3310737E-05  -8.7242511E-05  -3.5467192E-06  -1.9130621E-03   9.0376251E-05  -2.5912000E-03   1.8710534E-02   1.1465885E-02   3.6448827E-03   6.4206635E-03   1.0528089E-03   2.5531735E-04  -5.0167649E-04  -1.5961830E-03  -1.7626376E-03  -1.1192073E-07  -2.6480253E-07
  2.0091207E-05  -3.6795605E-04   4.9123290E-05   3.1597362E-04  -2.7205041E-02   1.3219170E-01  -1.7004215E-04   8.2664249E-04   3.2894665E-05   6.7706322E-04  -1.0623849E-04   1.2615467E-02  -9.6661884E-02  -1.3909013E-01  -8.8113022E-02  -8.2078281E-02   4.2528467E-03   2.4867709E-03   6.3669850E-03   8.4050204E-03   1.1284495E-02   2.6334683E-06   1.4534284E-06
  3.6332014E-07   2.3131331E-06   3.2399541E-07   7.8373019E-05   2.3310737E-05  -1.7004215E-04   1.9140621E-04  -1.4695407E-06   1.2149064E-05  -3.0479134E-03   9.7069626E-05   1.5923434E-04  -1.2498052E-02  -5.5260404E-03  -3.7332920E-04   6.3963701E-03  -2.0668530E-03  -4.3479969E-04  -1.4299540E-03  -1.7861985E-03   3.2863875E-04   1.9090606E-07  -4.9869113E-08
  4.6741903E-07  -6.9971664E-06   8.2922077E-07   8.1328574E-06  -8.7242511E-05   8.2664249E-04  -1.4695407E-06   2.5680911E-05   4.4258509E-07  -3.8913721E-03   1.0470344E-04   1.0966949E-03  -2.3831176E-02  -8.6576172E-03   3.8019366E-04   3.0589163E-03  -2.1308533E-03   4.0635265E-04  -1.9589794E-04  -3.8191762E-04   8.4389948E-04  -4.4803166E-08  -3.1732408E-08
  3.4211661E-08  -2.5049716E-07   3.7606996E-08  -7.6306971E-08  -3.5467192E-06   3.2894665E-05   1.2149064E-05   4.4258509E-07   6.3552540E-06   6.2780657E-04  -5.5867518E-06  -2.5064140E-05   3.5238320E-03   4.6709027E-04   7.7732483E-05   1.2525894E-03   1.7825002E-05  -9.8431138E-05  -7.0456962E-05  -2.9454827E-05   8.3757569E-04   8.0003852E-09  -6.5902520E-09
 -1.2924534E-04  -5.6092428E-05   2.1854234E-05  -1.2350197E-03  -1.9130621E-03   6.7706322E-04  -3.0479134E-03  -3.8913721E-03   6.2780657E-04   4.5076066E+01  -4.0822511E-01  -9.3857368E-01   3.6889529E+01   2.1583222E+00  -1.3531874E+01  -5.5489940E+01  -2.3483758E-01   1.5175418E-01   4.5954619E-01  -6.0459579E+00  -3.3741924E+01  -2.0049688E-04   7.4117444E-04
  1.5951588E-06  -2.6866683E-06  -1.0838247E-06   3.6579069E-05   9.0376251E-05  -1.0623849E-04   9.7069626E-05   1.0470344E-04  -5.5867518E-06  -4.0822511E-01   8.2281476E-02  -4.1977858E-02  -6.0163980E-01   8.6173431E-01   1.6351904E+00   6.3874997E-01   5.1503606E-02   5.9798060E-05   1.3925704E-02   1.0886214E-01   1.4338590E-01   3.3945336E-06  -3.7932668E-06
  4.1019270E-05  -1.5823193E-05  -1.0095564E-05   1.1738781E-04  -2.5912000E-03   1.2615467E-02   1.5923434E-04   1.0966949E-03  -2.5064140E-05  -9.3857368E-01  -4.1977858E-02   3.9931247E+00  -3.1680829E+01  -3.3150121E+00   8.0439824E+00   5.6470633E+00  -2.9867706E+00  -2.3751601E-01   1.5295681E-01   2.7794564E+00   3.4906533E+00   9.9599059E-05  -2.7317080E-05
 -7.1220235E-04  -7.8008461E-05   1.2526520E-04  -7.3293686E-03   1.8710534E-02  -9.6661884E-02  -1.2498052E-02  -2.3831176E-02   3.5238320E-03   3.6889529E+01  -6.0163980E-01  -3.1680829E+01   7.9362414E+02   7.1135371E+01  -5.7432658E+01  -6.2496080E+01   1.6048401E+01  -6.3493975E+00   5.8759004E+00  -1.2873780E+01  -2.4529465E+01   3.8662150E-03   4.2780977E-04
 -4.7822205E-04   9.9844261E-04  -1.1444251E-04  -4.5286167E-03   1.1465885E-02  -1.3909013E-01  -5.5260404E-03  -8.6576172E-03   4.6709027E-04   2.1583222E+00   8.6173431E-01  -3.3150121E+00   7.1135371E+01   6.3464662E+01   4.0704896E+01   1.6627742E+01  -5.0243659E+00  -4.4421783E-01  -1.2388271E+00   3.7632479E+00   4.7920777E+00   7.3439173E-05   1.3258911E-04
 -1.9990857E-04   7.7564071E-04  -1.4383872E-04  -2.1139364E-03   3.6448827E-03  -8.8113022E-02  -3.7332920E-04   3.8019366E-04   7.7732483E-05  -1.3531874E+01   1.6351904E+00   8.0439824E+00  -5.7432658E+01   4.0704896E+01   8.5820741E+01   5.5484432E+01  -1.2670494E+01  -8.5474994E-01  -6.2414971E-01   5.5323535E+00   9.3999197E+00   4.1022526E-04  -3.4142736E-04
 -6.7737588E-05   7.6190069E-04  -1.4041617E-04  -6.6955771E-04   6.4206635E-03  -8.2078281E-02   6.3963701E-03   3.0589163E-03   1.2525894E-03  -5.5489940E+01   6.3874997E-01   5.6470633E+00  -6.2496080E+01   1.6627742E+01   5.5484432E+01   1.0584765E+02  -9.8813182E+00  -7.7759705E-01  -1.1649847E+00   6.2448946E+00   3.4780099E+01   4.5177463E-04  -1.2735849E-03
 -5.0266476E-05  -9.6737723E-05   2.6624573E-05  -4.8845159E-04   1.0528089E-03   4.2528467E-03  -2.0668530E-03  -2.1308533E-03   1.7825002E-05  -2.3483758E-01   5.1503606E-02  -2.9867706E+00   1.6048401E+01  -5.0243659E+00  -1.2670494E+01  -9.8813182E+00   6.4770878E+00   1.8072920E-01  -1.8925782E-01  -2.2896427E+00  -2.5508028E+00  -7.7376315E-05  -2.6773334E-05
  4.7149524E-06  -2.3870632E-05   3.3998245E-06   9.0182892E-05   2.5531735E-04   2.4867709E-03  -4.3479969E-04   4.0635265E-04  -9.8431138E-05   1.5175418E-01   5.9798060E-05  -2.3751601E-01  -6.3493975E+00  -4.4421783E-01  -8.5474994E-01  -7.7759705E-01   1.8072920E-01   3.3851135E+00   5.1275793E-01   1.0585347E-01   1.9405035E-02   1.7033644E-04   2.1360022E-07
 -3.2906373E-06  -4.3821400E-05   7.7167844E-06  -2.8124972E-04  -5.0167649E-04   6.3669850E-03  -1.4299540E-03  -1.9589794E-04  -7.0456962E-05   4.5954619E-01   1.3925704E-02   1.5295681E-01   5.8759004E+00  -1.2388271E+00  -6.2414971E-01  -1.1649847E+00  -1.8925782E-01   5.1275793E-01   3.1793587E+00   2.7692094E+00   2.8292032E+00  -1.7372669E-04  -4.4880652E-05
 -1.4153830E-05   7.9618967E-07  -2.2881172E-05  -5.9205489E-04  -1.5961830E-03   8.4050204E-03  -1.7861985E-03  -3.8191762E-04  -2.9454827E-05  -6.0459579E+00   1.0886214E-01   2.7794564E+00  -1.2873780E+01   3.7632479E+00   5.5323535E+00   6.2448946E+00  -2.2896427E+00   1.0585347E-01   2.7692094E+00   1.1091173E+01   1.9744216E+01  -2.8828378E-05   3.9945900E-04
  2.0106808E-05   1.5759758E-05  -3.7589003E-05  -6.4119607E-04  -1.7626376E-03   1.1284495E-02   3.2863875E-04   8.4389948E-04   8.3757569E-04  -3.3741924E+01   1.4338590E-01   3.4906533E+00  -2.4529465E+01   4.7920777E+00   9.3999197E+00   3.4780099E+01  -2.5508028E+00   1.9405035E-02   2.8292032E+00   1.9744216E+01   5.4363369E+01   7.1536454E-05   8.8998245E-04
  2.2657990E-09  -2.3968802E-08   2.1238094E-09   3.2021596E-08  -1.1192073E-07   2.6334683E-06   1.9090606E-07  -4.4803166E-08   8.0003852E-09  -2.0049688E-04   3.3945336E-06   9.9599059E-05   3.8662150E-03   7.3439173E-05   4.1022526E-04   4.5177463E-04  -7.7376315E-05   1.7033644E-04  -1.7372669E-04  -2.8828378E-05   7.1536454E-05   3.7601067E-07  -1.0845076E-09
 -3.6122960E-09  -9.2304009E-09  -3.5160542E-09   4.9170255E-09  -2.6480253E-07   1.4534284E-06  -4.9869113E-08  -3.1732408E-08  -6.5902520E-09   7.4117444E-04  -3.7932668E-06  -2.7317080E-05   4.2780977E-04   1.3258911E-04  -3.4142736E-04  -1.2735849E-03  -2.6773334E-05   2.1360022E-07  -4.4880652E-05   3.9945900E-04   8.8998245E-04  -1.0845076E-09   3.9042658E-07
