# omegabh2 omegach2 theta tau w wa logA ns calPlanck acib217 xi asz143 aps100 aps143 aps143217 aps217 aksz kgal100 kgal143 kgal143217 kgal217 cal0 cal2
  3.7414910E-08  -7.9117070E-08   2.5020590E-08   2.8810711E-07  -4.4289940E-07   8.3487823E-06   5.3348781E-07   2.9153400E-07   1.8659551E-08  -9.9759130E-05   3.3492419E-06   2.6306072E-05  -5.0352149E-04  -3.6452732E-04  -1.3718274E-04  -6.2001249E-05  -5.3789341E-05   5.9972159E-06  -1.4038126E-05  -2.8380304E-05  -2.2329476E-05   6.4655137E-09  -3.8822125E-09
 -7.9117070E-08   1.6742765E-06  -1.1919222E-07  -3.3262126E-06   8.8389723E-06  -1.3622330E-04  -3.8682430E-06  -3.6891241E-06  -4.7486098E-07   2.0039327E-04  -1.7239800E-05  -6.7268516E-05   5.6017310E-04   5.6512115E-04  -7.5046336E-05  -2.3829540E-04   1.5016057E-04   1.2782874E-05   5.5360771E-05   4.3941121E-05   2.0673591E-05  -5.6962536E-08  -4.5689991E-09
  2.5020590E-08  -1.1919222E-07   1.8847550E-07   4.4949503E-07  -2.2696543E-06   2.4502129E-05   9.1694750E-07   5.4150698E-07   5.0160197E-08   8.2076232E-06   3.0849947E-06  -1.8284974E-05   1.5099660E-04  -4.7081965E-05  -9.9073892E-05  -1.3084339E-04   1.3031112E-05   1.1778294E-05  -7.8028316E-06   1.1231126E-05   9.5107360E-06   9.6065063E-09   2.4280633E-09
  2.8810711E-07  -3.3262126E-06   4.4949503E-07   3.9516768E-05  -4.6281724E-05   4.0742095E-04   7.1580908E-05   1.0589657E-05   2.1668160E-07  -1.6247633E-03   5.6071686E-05   2.9868817E-04  -8.7183321E-03  -4.3899450E-03  -1.7004682E-03  -4.5860570E-04  -6.9895951E-04   2.1401370E-04  -1.2376566E-04  -1.2084721E-04   1.8569962E-04   1.0857648E-07  -1.6398888E-08
 -4.4289940E-07   8.8389723E-06  -2.2696543E-06  -4.6281724E-05   6.4943433E-03  -2.2577804E-02  -9.6951925E-05  -1.3768730E-05  -9.0016604E-06   1.3581243E-03  -3.1388271E-04   3.8545556E-03  -4.3052354E-02  -1.0706641E-02  -5.6049384E-03  -9.3716757E-03  -8.9495404E-04  -1.2067306E-03  -1.3295183E-03  -9.1625221E-05  -2.6844403E-03  -6.0711683E-08   1.5634599E-07
  8.3487823E-06  -1.3622330E-04   2.4502129E-05   4.0742095E-04  -2.2577804E-02   9.6389235E-02   6.8096602E-04   3.0425738E-04   6.6840576E-05  -2.3361044E-02   1.9332249E-03  -6.0576831E-03   4.6898379E-02  -1.9228306E-02   2.0645750E-02   5.1919160E-02  -1.2985230E-02  -3.3566989E-04  -7.7848285E-05  -6.5015110E-03   1.9874114E-03   3.7962645E-06  -1.2805098E-06
  5.3348781E-07  -3.8682430E-06   9.1694750E-07   7.1580908E-05  -9.6951925E-05   6.8096602E-04   1.6061047E-04   1.3693396E-05   1.1825421E-05  -3.1028633E-03   1.6038472E-04   2.3789311E-04  -1.2772622E-02  -5.3899683E-03  -1.7210012E-04   5.0314112E-03  -1.9504917E-03   2.4453029E-04  -9.0344182E-04  -1.0398634E-03   1.2686573E-03   2.0773073E-07   9.5442320E-09
  2.9153400E-07  -3.6891241E-06   5.4150698E-07   1.0589657E-05  -1.3768730E-05   3.0425738E-04   1.3693396E-05   1.8957034E-05   1.2202222E-06  -4.2435263E-03   1.1484533E-04   1.1398428E-03  -2.3987375E-02  -7.6587760E-03   1.4986351E-03   4.9632376E-03  -2.6120325E-03   3.1124841E-04  -5.0066360E-04  -4.0649526E-04   9.0101637E-04   4.5908454E-08  -3.4049963E-08
  1.8659551E-08  -4.7486098E-07   5.0160197E-08   2.1668160E-07  -9.0016604E-06   6.6840576E-05   1.1825421E-05   1.2202222E-06   6.2866217E-06   6.9642009E-04   1.5923264E-05  -6.0615204E-05   3.5046685E-03   8.1787830E-04   7.0112806E-04   1.5868397E-03  -2.7642274E-05   5.3051511E-05  -5.5450342E-05  -1.3613337E-04   5.7465980E-04  -3.3585124E-08   3.9776705E-08
 -9.9759130E-05   2.0039327E-04   8.2076232E-06  -1.6247633E-03   1.3581243E-03  -2.3361044E-02  -3.1028633E-03  -4.2435263E-03   6.9642009E-04   4.5437783E+01  -3.7728557E-01  -7.3218674E-01   3.4355289E+01   1.4703074E+00  -1.3236050E+01  -5.6115132E+01   6.4137849E-02  -7.8383786E-03   4.8401051E-01  -6.0261164E+00  -3.4413664E+01  -2.1395547E-04   7.1139023E-04
  3.3492419E-06  -1.7239800E-05   3.0849947E-06   5.6071686E-05  -3.1388271E-04   1.9332249E-03   1.6038472E-04   1.1484533E-04   1.5923264E-05  -3.7728557E-01   8.4216368E-02  -5.5596104E-02  -3.5307532E-01   9.1750429E-01   1.6518282E+00   6.0132604E-01   5.1822080E-02  -1.7263015E-02   3.7422376E-03   1.0059412E-01   1.4061991E-01   2.9993444E-06   3.4783528E-07
  2.6306072E-05  -6.7268516E-05  -1.8284974E-05   2.9868817E-04   3.8545556E-03  -6.0576831E-03   2.3789311E-04   1.1398428E-03  -6.0615204E-05  -7.3218674E-01  -5.5596104E-02   4.0177295E+00  -3.0813960E+01  -2.8677507E+00   8.2709482E+00   5.6057445E+00  -3.1161485E+00  -2.0121369E-01   2.0040671E-01   2.9066194E+00   3.6675257E+00   1.3618999E-04  -1.3390587E-05
 -5.0352149E-04   5.6017310E-04   1.5099660E-04  -8.7183321E-03  -4.3052354E-02   4.6898379E-02  -1.2772622E-02  -2.3987375E-02   3.5046685E-03   3.4355289E+01  -3.5307532E-01  -3.0813960E+01   7.8022475E+02   6.6308303E+01  -5.3498576E+01  -5.8873600E+01   1.6029769E+01  -5.6202532E+00   6.1368546E+00  -1.4858778E+01  -2.9552675E+01   3.6287537E-03   1.5121877E-04
 -3.6452732E-04   5.6512115E-04  -4.7081965E-05  -4.3899450E-03  -1.0706641E-02  -1.9228306E-02  -5.3899683E-03  -7.6587760E-03   8.1787830E-04   1.4703074E+00   9.1750429E-01  -2.8677507E+00   6.6308303E+01   6.2647204E+01   4.2460641E+01   1.7846969E+01  -5.4566332E+00  -4.6122872E-01  -1.3642064E+00   3.6692734E+00   4.8567466E+00  -7.8938198E-05   1.3319602E-04
 -1.3718274E-04  -7.5046336E-05  -9.9073892E-05  -1.7004682E-03  -5.6049384E-03   2.0645750E-02  -1.7210012E-04   1.4986351E-03   7.0112806E-04  -1.3236050E+01   1.6518282E+00   8.2709482E+00  -5.3498576E+01   4.2460641E+01   8.8140718E+01   5.6113164E+01  -1.3416898E+01  -9.0969016E-01  -6.6623447E-01   5.6310435E+00   9.8476513E+00   4.4377102E-04  -3.0884727E-04
 -6.2001249E-05  -2.3829540E-04  -1.3084339E-04  -4.5860570E-04  -9.3716757E-03   5.1919160E-02   5.0314112E-03   4.9632376E-03   1.5868397E-03  -5.6115132E+01   6.0132604E-01   5.6057445E+00  -5.8873600E+01   1.7846969E+01   5.6113164E+01   1.0711078E+02  -1.0636999E+01  -2.8659715E-01  -1.1766901E+00   6.1211733E+00   3.5538431E+01   5.7585507E-04  -1.3223824E-03
 -5.3789341E-05   1.5016057E-04   1.3031112E-05  -6.9895951E-04  -8.9495404E-04  -1.2985230E-02  -1.9504917E-03  -2.6120325E-03  -2.7642274E-05   6.4137849E-02   5.1822080E-02  -3.1161485E+00   1.6029769E+01  -5.4566332E+00  -1.3416898E+01  -1.0636999E+01   6.7052483E+00   7.7684146E-02  -1.8621225E-01  -2.4360478E+00  -2.8560204E+00  -1.0994941E-04   1.1304812E-06
  5.9972159E-06   1.2782874E-05   1.1778294E-05   2.1401370E-04  -1.2067306E-03  -3.3566989E-04   2.4453029E-04   3.1124841E-04   5.3051511E-05  -7.8383786E-03  -1.7263015E-02  -2.0121369E-01  -5.6202532E+00  -4.6122872E-01  -9.0969016E-01  -2.8659715E-01   7.7684146E-02   3.3567176E+00   5.6022157E-01   1.6002257E-01   2.3828874E-01   1.8572633E-04  -4.5307809E-06
 -1.4038126E-05   5.5360771E-05  -7.8028316E-06  -1.2376566E-04  -1.3295183E-03  -7.7848285E-05  -9.0344182E-04  -5.0066360E-04  -5.5450342E-05   4.8401051E-01   3.7422376E-03   2.0040671E-01   6.1368546E+00  -1.3642064E+00  -6.6623447E-01  -1.1766901E+00  -1.8621225E-01   5.6022157E-01   3.1756608E+00   2.7992275E+00   2.9353456E+00  -1.6242536E-04  -4.5418675E-05
 -2.8380304E-05   4.3941121E-05   1.1231126E-05  -1.2084721E-04  -9.1625221E-05  -6.5015110E-03  -1.0398634E-03  -4.0649526E-04  -1.3613337E-04  -6.0261164E+00   1.0059412E-01   2.9066194E+00  -1.4858778E+01   3.6692734E+00   5.6310435E+00   6.1211733E+00  -2.4360478E+00   1.6002257E-01   2.7992275E+00   1.1504207E+01   2.0565943E+01  -4.3214381E-05   4.3241009E-04
 -2.2329476E-05   2.0673591E-05   9.5107360E-06   1.8569962E-04  -2.6844403E-03   1.9874114E-03   1.2686573E-03   9.0101637E-04   5.7465980E-04  -3.4413664E+01   1.4061991E-01   3.6675257E+00  -2.9552675E+01   4.8567466E+00   9.8476513E+00   3.5538431E+01  -2.8560204E+00   2.3828874E-01   2.9353456E+00   2.0565943E+01   5.6273867E+01  -2.6441196E-05   9.4914880E-04
  6.4655137E-09  -5.6962536E-08   9.6065063E-09   1.0857648E-07  -6.0711683E-08   3.7962645E-06   2.0773073E-07   4.5908454E-08  -3.3585124E-08  -2.1395547E-04   2.9993444E-06   1.3618999E-04   3.6287537E-03  -7.8938198E-05   4.4377102E-04   5.7585507E-04  -1.0994941E-04   1.8572633E-04  -1.6242536E-04  -4.3214381E-05  -2.6441196E-05   3.8706929E-07  -2.1981829E-09
 -3.8822125E-09  -4.5689991E-09   2.4280633E-09  -1.6398888E-08   1.5634599E-07  -1.2805098E-06   9.5442320E-09  -3.4049963E-08   3.9776705E-08   7.1139023E-04   3.4783528E-07  -1.3390587E-05   1.5121877E-04   1.3319602E-04  -3.0884727E-04  -1.3223824E-03   1.1304812E-06  -4.5307809E-06  -4.5418675E-05   4.3241009E-04   9.4914880E-04  -2.1981829E-09   3.8495893E-07
