# omegabh2 omegach2 theta tau logA ns calPlanck acib217 xi asz143 aps100 aps143 aps143217 aps217 aksz kgal100 kgal143 kgal143217 kgal217 galfTE100 galfTE100143 galfTE100217 galfTE143 galfTE143217 galfTE217 cal0 cal2
  2.6003194E-08  -1.5859382E-07   2.3240081E-08   1.8032115E-06   3.3226400E-06   4.6954409E-07   1.1115370E-08  -1.1890086E-04   3.1697856E-06   2.1261184E-05  -5.6509692E-04  -3.1135407E-04  -1.0344122E-04  -1.8223723E-06  -4.2101489E-05  -3.6634424E-06  -1.8353603E-05  -2.6979583E-05  -3.7099453E-06  -1.5529543E-07  -1.1352675E-07   1.0059235E-08  -3.9590643E-07  -8.7263942E-07  -3.2941819E-06   1.9264190E-09  -4.0081672E-09
 -1.5859382E-07   2.3429567E-06  -2.1428753E-07  -1.9939158E-05  -3.4209545E-05  -6.2646996E-06  -2.6825008E-08   6.0606205E-04  -1.6635308E-05  -1.5322844E-04   3.4271607E-03   1.9559959E-03   7.2503658E-04   2.7133156E-04   2.6353709E-04   6.3952005E-06   1.1454641E-04   1.6744019E-04   9.0712690E-05   9.1599293E-07   1.4835382E-07  -2.0395512E-07   2.0157611E-06   6.8911625E-06   2.8037166E-05  -4.7331264E-09   2.8047643E-08
  2.3240081E-08  -2.1428753E-07   1.0636478E-07   2.2579552E-06   4.0711102E-06   7.0950029E-07  -3.2671690E-09  -5.1269765E-05   7.4689477E-07   1.8959840E-05  -3.8740568E-04  -2.3909641E-04  -1.0611511E-04  -5.1671078E-05  -2.1179731E-05  -1.7105759E-06  -1.4404500E-05  -2.6234418E-05  -2.9091783E-05   9.2830416E-09  -8.0280567E-08  -2.6134730E-08  -3.2359988E-07  -5.5327359E-07  -2.8188893E-06  -1.6179276E-09  -5.1095778E-09
  1.8032115E-06  -1.9939158E-05   2.2579552E-06   5.5837056E-04   1.0606439E-03   7.3545228E-05  -3.2929522E-06  -1.9259434E-02   5.2496662E-04   2.3520028E-03  -8.5713715E-02  -3.7676534E-02  -8.0309935E-03   6.0292291E-03  -7.2378302E-03  -1.4629774E-03  -3.5867222E-03  -5.4314518E-03  -1.7000919E-03  -8.8371529E-06  -1.4907302E-06   9.8640602E-06  -1.7722929E-05  -6.0429276E-05  -2.7915198E-04   5.2638726E-08  -7.4797760E-07
  3.3226400E-06  -3.4209545E-05   4.0711102E-06   1.0606439E-03   2.0508569E-03   1.3017925E-04   5.6161012E-06  -3.7635901E-02   1.0416966E-03   4.2640452E-03  -1.6152061E-01  -6.9956140E-02  -1.2274412E-02   1.8443532E-02  -1.4353112E-02  -3.3246532E-03  -7.5221909E-03  -1.1201293E-02  -1.8433864E-03  -1.5296662E-05  -4.4671990E-06   1.7637079E-05  -3.5424446E-05  -1.1410728E-04  -4.7590015E-04   2.5080546E-07  -1.4611597E-06
  4.6954409E-07  -6.2646996E-06   7.0950029E-07   7.3545228E-05   1.3017925E-04   2.6242214E-05  -7.1096637E-08  -6.1791873E-03   1.4772255E-04   1.0727149E-03  -3.0685865E-02  -1.1404974E-02  -9.0030396E-04   3.9250641E-03  -2.3863648E-03   2.2035479E-04  -7.5328295E-04  -1.0152242E-03   7.4116916E-04  -2.6558139E-06  -7.9011271E-08   1.7917970E-06  -4.6042360E-06  -1.4209318E-05  -7.6852677E-05  -7.5539507E-08  -1.6824560E-07
  1.1115370E-08  -2.6825008E-08  -3.2671690E-09  -3.2929522E-06   5.6161012E-06  -7.1096637E-08   6.0531311E-06   4.6081707E-04  -3.6082373E-06   1.9151400E-05   2.7737695E-03   4.1599348E-04   4.6955971E-04   1.5193595E-03   3.5710447E-05  -4.2391657E-05  -7.4426303E-06  -4.9208768E-05   8.1330976E-04   8.0064918E-08  -4.0571317E-07  -4.9011734E-07  -1.6241132E-06  -3.4493652E-06   9.6931638E-06   8.4323781E-09  -7.7070417E-09
 -1.1890086E-04   6.0606205E-04  -5.1269765E-05  -1.9259434E-02  -3.7635901E-02  -6.1791873E-03   4.6081707E-04   4.4449483E+01  -3.8525404E-01  -9.4050624E-01   3.6590338E+01   3.2382860E+00  -1.1926723E+01  -5.4469932E+01   9.8846651E-02   1.6207758E-01   6.3024384E-01  -5.7445693E+00  -3.3277367E+01  -2.4586096E-03  -3.1264543E-04   2.8738851E-03   7.3911866E-04   1.9838897E-03   1.8570332E-02  -1.9033773E-04   7.5905475E-04
  3.1697856E-06  -1.6635308E-05   7.4689477E-07   5.2496662E-04   1.0416966E-03   1.4772255E-04  -3.6082373E-06  -3.8525404E-01   7.8858841E-02  -2.4249549E-02  -7.3114895E-01   8.7707552E-01   1.6949791E+00   6.4149344E-01   1.9543045E-02  -4.9548610E-03   9.3376932E-03   1.1651132E-01   1.4905011E-01  -1.3683910E-05   2.2278950E-06   1.3349072E-04   2.8474910E-04   1.5051440E-04   3.7490689E-04   5.7205203E-06  -3.3042107E-06
  2.1261184E-05  -1.5322844E-04   1.8959840E-05   2.3520028E-03   4.2640452E-03   1.0727149E-03   1.9151400E-05  -9.4050624E-01  -2.4249549E-02   3.4883066E+00  -2.8630407E+01  -3.6413452E+00   6.5769551E+00   4.4681105E+00  -2.0892821E+00  -2.1583628E-01   1.4016066E-01   2.3700014E+00   2.9466210E+00   4.1474094E-05  -4.5514424E-04  -1.1883523E-03  -1.5703360E-03   1.0537112E-04  -7.5720713E-04   8.2776718E-05  -4.3156686E-05
 -5.6509692E-04   3.4271607E-03  -3.8740568E-04  -8.5713715E-02  -1.6152061E-01  -3.0685865E-02   2.7737695E-03   3.6590338E+01  -7.3114895E-01  -2.8630407E+01   7.7272543E+02   7.4710026E+01  -4.8047547E+01  -5.5102846E+01   1.1369539E+01  -5.6938902E+00   5.9121255E+00  -1.0367478E+01  -2.1267228E+01   5.0227918E-05   6.2839193E-03   1.1745430E-02   8.4989247E-03  -1.7188072E-02  -3.7198864E-02   3.8383202E-03   7.4831893E-04
 -3.1135407E-04   1.9559959E-03  -2.3909641E-04  -3.7676534E-02  -6.9956140E-02  -1.1404974E-02   4.1599348E-04   3.2382860E+00   8.7707552E-01  -3.6413452E+00   7.4710026E+01   6.1434434E+01   3.8429419E+01   1.2392162E+01  -3.4594443E+00  -2.6075324E-01  -1.0558866E+00   3.3342140E+00   3.6373279E+00   1.0319301E-03   2.3984134E-03   2.7999712E-03   1.0186082E-02   4.0276661E-03   4.9916488E-02   1.3770180E-04   1.7516252E-04
 -1.0344122E-04   7.2503658E-04  -1.0611511E-04  -8.0309935E-03  -1.2274412E-02  -9.0030396E-04   4.6955971E-04  -1.1926723E+01   1.6949791E+00   6.5769551E+00  -4.8047547E+01   3.8429419E+01   8.0728590E+01   4.8229489E+01  -9.2034541E+00  -8.0686674E-01  -4.9542543E-01   4.2083914E+00   6.7593865E+00   2.2727931E-03   1.8119776E-03   2.7283186E-03   9.7558857E-03   4.2326163E-03   3.3461991E-02   3.9810945E-04  -3.7222330E-04
 -1.8223723E-06   2.7133156E-04  -5.1671078E-05   6.0292291E-03   1.8443532E-02   3.9250641E-03   1.5193595E-03  -5.4469932E+01   6.4149344E-01   4.4681105E+00  -5.5102846E+01   1.2392162E+01   4.8229489E+01   9.9651481E+01  -7.2974467E+00  -6.6803661E-01  -1.2315252E+00   4.7848183E+00   3.2579014E+01   4.7415519E-03   7.0107503E-04  -2.6213062E-03   5.5364360E-03   2.6555521E-03   1.5927209E-03   4.0561509E-04  -1.3706511E-03
 -4.2101489E-05   2.6353709E-04  -2.1179731E-05  -7.2378302E-03  -1.4353112E-02  -2.3863648E-03   3.5710447E-05   9.8846651E-02   1.9543045E-02  -2.0892821E+00   1.1369539E+01  -3.4594443E+00  -9.2034541E+00  -7.2974467E+00   4.5476448E+00   1.2539525E-01  -1.3457667E-01  -1.5139926E+00  -1.6532720E+00   4.1630472E-05   3.7978372E-04  -1.2358206E-03   9.4620552E-04   7.0158665E-04   1.2614491E-03  -5.6249054E-05   1.4903837E-05
 -3.6634424E-06   6.3952005E-06  -1.7105759E-06  -1.4629774E-03  -3.3246532E-03   2.2035479E-04  -4.2391657E-05   1.6207758E-01  -4.9548610E-03  -2.1583628E-01  -5.6938902E+00  -2.6075324E-01  -8.0686674E-01  -6.6803661E-01   1.2539525E-01   3.4247458E+00   5.9350648E-01   2.4817260E-01   2.7864435E-01   5.2729173E-04   5.5498008E-04   1.3015846E-04  -3.1434286E-04  -4.8751550E-04   9.8366439E-04   1.9075057E-04   4.1793038E-06
 -1.8353603E-05   1.1454641E-04  -1.4404500E-05  -3.5867222E-03  -7.5221909E-03  -7.5328295E-04  -7.4426303E-06   6.3024384E-01   9.3376932E-03   1.4016066E-01   5.9121255E+00  -1.0558866E+00  -4.9542543E-01  -1.2315252E+00  -1.3457667E-01   5.9350648E-01   3.2039916E+00   2.7081007E+00   2.6932277E+00   2.4044034E-04  -1.3971505E-04  -4.4627506E-04   1.7595907E-04   7.6838667E-04  -2.7537573E-04  -1.8247097E-04  -4.0533969E-05
 -2.6979583E-05   1.6744019E-04  -2.6234418E-05  -5.4314518E-03  -1.1201293E-02  -1.0152242E-03  -4.9208768E-05  -5.7445693E+00   1.1651132E-01   2.3700014E+00  -1.0367478E+01   3.3342140E+00   4.2083914E+00   4.7848183E+00  -1.5139926E+00   2.4817260E-01   2.7081007E+00   1.0572979E+01   1.8983191E+01   1.2262834E-04  -1.8058951E-04  -1.0202387E-03  -2.7942442E-04   1.0877919E-03   6.0680409E-03  -2.6428219E-05   4.0316666E-04
 -3.7099453E-06   9.0712690E-05  -2.9091783E-05  -1.7000919E-03  -1.8433864E-03   7.4116916E-04   8.1330976E-04  -3.3277367E+01   1.4905011E-01   2.9466210E+00  -2.1267228E+01   3.6373279E+00   6.7593865E+00   3.2579014E+01  -1.6532720E+00   2.7864435E-01   2.6932277E+00   1.8983191E+01   5.3287195E+01   1.7029485E-03   1.7000150E-03  -2.1162389E-03  -1.2584884E-03  -3.8278357E-03  -1.2947191E-03   6.7495037E-05   8.9076175E-04
 -1.5529543E-07   9.1599293E-07   9.2830416E-09  -8.8371529E-06  -1.5296662E-05  -2.6558139E-06   8.0064918E-08  -2.4586096E-03  -1.3683910E-05   4.1474094E-05   5.0227918E-05   1.0319301E-03   2.2727931E-03   4.7415519E-03   4.1630472E-05   5.2729173E-04   2.4044034E-04   1.2262834E-04   1.7029485E-03   1.4577683E-03   2.7336291E-04   7.9282735E-05  -3.5606886E-04  -1.2983056E-04   2.5017369E-05  -9.5492395E-08  -1.5795725E-07
 -1.1352675E-07   1.4835382E-07  -8.0280567E-08  -1.4907302E-06  -4.4671990E-06  -7.9011271E-08  -4.0571317E-07  -3.1264543E-04   2.2278950E-06  -4.5514424E-04   6.2839193E-03   2.3984134E-03   1.8119776E-03   7.0107503E-04   3.7978372E-04   5.5498008E-04  -1.3971505E-04  -1.8058951E-04   1.7000150E-03   2.7336291E-04   8.6477973E-04  -4.9480771E-07   7.3810179E-04   3.0805254E-05  -7.6406348E-04  -5.8459847E-09   3.6326982E-07
  1.0059235E-08  -2.0395512E-07  -2.6134730E-08   9.8640602E-06   1.7637079E-05   1.7917970E-06  -4.9011734E-07   2.8738851E-03   1.3349072E-04  -1.1883523E-03   1.1745430E-02   2.7999712E-03   2.7283186E-03  -2.6213062E-03  -1.2358206E-03   1.3015846E-04  -4.4627506E-04  -1.0202387E-03  -2.1162389E-03   7.9282735E-05  -4.9480771E-07   7.1848408E-03  -2.8524200E-04   6.5475262E-04   4.5451670E-03  -7.6389929E-07  -3.8604875E-07
 -3.9590643E-07   2.0157611E-06  -3.2359988E-07  -1.7722929E-05  -3.5424446E-05  -4.6042360E-06  -1.6241132E-06   7.3911866E-04   2.8474910E-04  -1.5703360E-03   8.4989247E-03   1.0186082E-02   9.7558857E-03   5.5364360E-03   9.4620552E-04  -3.1434286E-04   1.7595907E-04  -2.7942442E-04  -1.2584884E-03  -3.5606886E-04   7.3810179E-04  -2.8524200E-04   2.8942208E-03   5.4408626E-04  -1.0490653E-03  -7.4884800E-08   7.2224771E-07
 -8.7263942E-07   6.8911625E-06  -5.5327359E-07  -6.0429276E-05  -1.1410728E-04  -1.4209318E-05  -3.4493652E-06   1.9838897E-03   1.5051440E-04   1.0537112E-04  -1.7188072E-02   4.0276661E-03   4.2326163E-03   2.6555521E-03   7.0158665E-04  -4.8751550E-04   7.6838667E-04   1.0877919E-03  -3.8278357E-03  -1.2983056E-04   3.0805254E-05   6.5475262E-04   5.4408626E-04   6.4447560E-03   7.9333356E-03  -8.9514732E-07  -5.2304399E-07
 -3.2941819E-06   2.8037166E-05  -2.8188893E-06  -2.7915198E-04  -4.7590015E-04  -7.6852677E-05   9.6931638E-06   1.8570332E-02   3.7490689E-04  -7.5720713E-04  -3.7198864E-02   4.9916488E-02   3.3461991E-02   1.5927209E-03   1.2614491E-03   9.8366439E-04  -2.7537573E-04   6.0680409E-03  -1.2947191E-03   2.5017369E-05  -7.6406348E-04   4.5451670E-03  -1.0490653E-03   7.9333356E-03   7.2597732E-02  -8.5893053E-07  -2.2763970E-06
  1.9264190E-09  -4.7331264E-09  -1.6179276E-09   5.2638726E-08   2.5080546E-07  -7.5539507E-08   8.4323781E-09  -1.9033773E-04   5.7205203E-06   8.2776718E-05   3.8383202E-03   1.3770180E-04   3.9810945E-04   4.0561509E-04  -5.6249054E-05   1.9075057E-04  -1.8247097E-04  -2.6428219E-05   6.7495037E-05  -9.5492395E-08  -5.8459847E-09  -7.6389929E-07  -7.4884800E-08  -8.9514732E-07  -8.5893053E-07   3.7078683E-07   2.5834995E-09
 -4.0081672E-09   2.8047643E-08  -5.1095778E-09  -7.4797760E-07  -1.4611597E-06  -1.6824560E-07  -7.7070417E-09   7.5905475E-04  -3.3042107E-06  -4.3156686E-05   7.4831893E-04   1.7516252E-04  -3.7222330E-04  -1.3706511E-03   1.4903837E-05   4.1793038E-06  -4.0533969E-05   4.0316666E-04   8.9076175E-04  -1.5795725E-07   3.6326982E-07  -3.8604875E-07   7.2224771E-07  -5.2304399E-07  -2.2763970E-06   2.5834995E-09   3.8365346E-07
