# omegabh2 omegach2 theta tau alpha1 logA ns calPlanck acib217 xi asz143 aps100 aps143 aps143217 aps217 aksz kgal100 kgal143 kgal143217 kgal217 galfEE100 galfEE100143 galfEE100217 galfEE143 galfEE143217 galfEE217 galfTE100 galfTE100143 galfTE100217 galfTE143 galfTE143217 galfTE217 cal0 cal2
    0.2434840E-07   -0.1048368E-06    0.1248301E-07    0.9748888E-06   -0.1274840E-07    0.1838139E-05    0.2437400E-06    0.1680197E-07   -0.1138534E-03    0.2925412E-05    0.2692164E-04   -0.4737845E-03   -0.2459659E-03   -0.3095073E-04    0.5180908E-04   -0.3881641E-04   -0.5073819E-06   -0.9734368E-05   -0.1423083E-04    0.1686437E-05    0.5128172E-07    0.7298915E-07   -0.2297863E-07    0.8096615E-07    0.1336526E-06    0.2708363E-06   -0.5201826E-07   -0.5825893E-07    0.8389432E-07   -0.2305587E-06   -0.5539037E-06   -0.2350167E-05    0.4844123E-08   -0.1042606E-07
   -0.1048368E-06    0.3004413E-05   -0.4866985E-06   -0.9874427E-05   -0.6010507E-06   -0.1157247E-04   -0.9856351E-05   -0.1971180E-06    0.4332303E-03   -0.1370171E-04   -0.1928529E-03    0.3428725E-02    0.1732611E-02    0.4722393E-03    0.1332241E-03    0.2424291E-03   -0.1707295E-04    0.5042126E-05    0.6231979E-04    0.9095462E-04   -0.2195069E-06   -0.2324316E-06   -0.1254907E-06   -0.3769594E-06   -0.1232059E-05   -0.1537289E-05    0.1157365E-05    0.4227523E-06    0.2010500E-05    0.1512931E-05    0.4204728E-05    0.1656920E-04    0.1382272E-07    0.4549501E-07
    0.1248301E-07   -0.4866985E-06    0.2019911E-06    0.1097261E-05    0.1868926E-06    0.7696615E-06    0.2071426E-05    0.2949623E-07   -0.8175675E-04    0.1385198E-05    0.3290923E-04   -0.5463874E-03   -0.2230902E-03   -0.8764555E-05    0.5860847E-04   -0.4595662E-04    0.4320937E-06    0.1276103E-05   -0.8959781E-05    0.1080284E-04   -0.9939713E-07   -0.1404294E-06   -0.1194020E-06   -0.1201278E-06    0.1784459E-06   -0.5088314E-07   -0.2572580E-06   -0.2974556E-06   -0.1118446E-06   -0.4069870E-06   -0.7239643E-06   -0.2371679E-05   -0.4924247E-08   -0.5025277E-08
    0.9748888E-06   -0.9874427E-05    0.1097261E-05    0.2934204E-03   -0.3827866E-07    0.5594629E-03    0.3692104E-04   -0.1487578E-05   -0.1300152E-01    0.2931610E-03    0.2549411E-02   -0.4947797E-01   -0.2092908E-01    0.5689967E-03    0.9684303E-02   -0.4663395E-02   -0.5693312E-03   -0.1051879E-02   -0.2658496E-02   -0.1707096E-02    0.3701483E-05    0.5063081E-05    0.3186723E-05    0.3948582E-05    0.2216705E-05   -0.2777710E-04   -0.2023335E-05    0.2508069E-06    0.1373295E-04   -0.1614923E-04   -0.3355426E-04   -0.6532079E-04    0.1799038E-06   -0.1714666E-05
   -0.1274840E-07   -0.6010507E-06    0.1868926E-06   -0.3827866E-07    0.4234418E-06   -0.2214019E-05    0.2851960E-05    0.2761488E-07   -0.4450715E-04    0.1267494E-05    0.3253373E-04   -0.5436849E-03   -0.1598063E-03    0.5142299E-04    0.5734887E-04   -0.5771985E-04   -0.1425150E-05    0.1660038E-04    0.7292811E-05    0.3529413E-04   -0.2840913E-06   -0.3681300E-06   -0.3213486E-07   -0.3861013E-06    0.1555905E-06    0.7781266E-06   -0.4968019E-06   -0.7947150E-07   -0.1812276E-06   -0.2231260E-06   -0.6840236E-06    0.2618442E-07   -0.1401918E-07    0.5768984E-08
    0.1838139E-05   -0.1157247E-04    0.7696615E-06    0.5594629E-03   -0.2214019E-05    0.1116229E-02    0.4312047E-04    0.9078962E-05   -0.2479383E-01    0.6157866E-03    0.4477159E-02   -0.8501479E-01   -0.3570599E-01    0.4983091E-02    0.2504583E-01   -0.9295849E-02   -0.1647163E-02   -0.2784363E-02   -0.5860990E-02   -0.2054039E-02    0.8264678E-05    0.1034957E-04    0.6167725E-05    0.8794706E-05   -0.2821072E-07   -0.5623540E-04   -0.4528875E-06    0.2737047E-05    0.3299050E-04   -0.2361898E-04   -0.5682569E-04   -0.7916086E-04    0.6301136E-06   -0.3372923E-05
    0.2437400E-06   -0.9856351E-05    0.2071426E-05    0.3692104E-04    0.2851960E-05    0.4312047E-04    0.4513416E-04    0.4023340E-06   -0.5647973E-02    0.1566198E-03    0.1447474E-02   -0.3128733E-01   -0.9588413E-02    0.2347882E-02    0.5661268E-02   -0.2800312E-02    0.2314370E-03   -0.1263306E-03   -0.8816213E-03   -0.1075267E-03    0.8913367E-06    0.8128176E-06   -0.8028859E-06    0.1046074E-05    0.4241430E-05    0.4541641E-05   -0.3998698E-05    0.1720939E-06   -0.6972349E-05   -0.2670228E-05   -0.9297138E-05   -0.3479794E-04   -0.2019528E-06   -0.5086210E-06
    0.1680197E-07   -0.1971180E-06    0.2949623E-07   -0.1487578E-05    0.2761488E-07    0.9078962E-05    0.4023340E-06    0.6200185E-05    0.8897179E-03    0.4233810E-05   -0.4334965E-04    0.3563702E-02    0.6515320E-03    0.3505368E-03    0.1085572E-02    0.1367990E-04   -0.1367143E-03   -0.8540799E-04   -0.1345833E-03    0.5672551E-03    0.6495351E-06    0.3441443E-06    0.2218539E-06    0.8871176E-06    0.3282572E-06    0.2023777E-05    0.4021627E-07    0.7093374E-06   -0.9295112E-06    0.2944120E-05    0.4711142E-06    0.7837103E-05   -0.3757770E-08    0.1413840E-07
   -0.1138534E-03    0.4332303E-03   -0.8175675E-04   -0.1300152E-01   -0.4450715E-04   -0.2479383E-01   -0.5647973E-02    0.8897179E-03    0.4317541E+02   -0.5097790E+00   -0.1712669E+01    0.4119015E+02    0.5504377E-01   -0.2237256E+02   -0.6148611E+02    0.4868635E+00    0.3165854E-02    0.1190706E+00   -0.1603594E+01   -0.1764457E+02   -0.8881424E-03   -0.8812478E-03   -0.6600677E-03   -0.9112835E-04   -0.3750491E-02   -0.5844739E-02   -0.4756907E-03    0.1130561E-03    0.1504661E-02   -0.3549685E-02   -0.1298261E-02   -0.1211341E-01   -0.2871984E-03    0.4414550E-02
    0.2925412E-05   -0.1370171E-04    0.1385198E-05    0.2931610E-03    0.1267494E-05    0.6157866E-03    0.1566198E-03    0.4233810E-05   -0.5097790E+00    0.7951774E-01   -0.5778006E-01   -0.7891378E+00    0.9864555E+00    0.1923680E+01    0.8227730E+00    0.6038521E-01   -0.1516635E-01    0.2542282E-02    0.9226829E-01    0.8432929E-01    0.3518414E-04    0.1234735E-04   -0.6451265E-04    0.8623027E-05    0.2304148E-04    0.1406248E-03   -0.9526165E-05    0.5995181E-04   -0.2779130E-05    0.1345926E-03    0.3667009E-04   -0.5500069E-03    0.3809291E-05   -0.2035369E-04
    0.2692164E-04   -0.1928529E-03    0.3290923E-04    0.2549411E-02    0.3253373E-04    0.4477159E-02    0.1447474E-02   -0.4334965E-04   -0.1712669E+01   -0.5778006E-01    0.3543532E+01   -0.2702159E+02   -0.3598926E+01    0.7479922E+01    0.6390636E+01   -0.2373743E+01   -0.1159461E+00    0.8885751E-01    0.2283214E+01    0.2025551E+01    0.1795814E-03    0.1952944E-03   -0.3156616E-03    0.1775918E-03   -0.7345269E-03    0.1167123E-02    0.4261967E-03   -0.4244730E-04   -0.9552954E-03   -0.1246384E-03    0.1656096E-03   -0.4268299E-02    0.1790505E-03   -0.3772094E-03
   -0.4737845E-03    0.3428725E-02   -0.5463874E-03   -0.4947797E-01   -0.5436849E-03   -0.8501479E-01   -0.3128733E-01    0.3563702E-02    0.4119015E+02   -0.7891378E+00   -0.2702159E+02    0.7407578E+03    0.6182334E+02   -0.6291475E+02   -0.6699192E+02    0.1059555E+02   -0.4683471E+01    0.3191372E+01   -0.1077296E+02   -0.1505704E+02   -0.3143354E-02   -0.3610600E-02    0.4482406E-02   -0.4064609E-02   -0.1642451E-02   -0.2955340E-01    0.4289341E-02    0.5892359E-03    0.1266526E-01    0.7069505E-02   -0.8520698E-02   -0.1908858E-02    0.5812873E-02    0.3606776E-02
   -0.2459659E-03    0.1732611E-02   -0.2230902E-03   -0.2092908E-01   -0.1598063E-03   -0.3570599E-01   -0.9588413E-02    0.6515320E-03    0.5504377E-01    0.9864555E+00   -0.3598926E+01    0.6182334E+02    0.5922446E+02    0.4392218E+02    0.1802488E+02   -0.4072356E+01   -0.3949838E+00   -0.1280041E+01    0.3460172E+01    0.3552195E+01   -0.5885937E-03   -0.1433402E-02   -0.5458149E-03   -0.1332657E-02   -0.4220691E-03   -0.8768938E-03    0.1673171E-02    0.8637198E-03    0.1433415E-02    0.2601617E-03    0.5686315E-02    0.1210629E-01    0.7385856E-04    0.2106181E-03
   -0.3095073E-04    0.4722393E-03   -0.8764555E-05    0.5689967E-03    0.5142299E-04    0.4983091E-02    0.2347882E-02    0.3505368E-03   -0.2237256E+02    0.1923680E+01    0.7479922E+01   -0.6291475E+02    0.4392218E+02    0.9929304E+02    0.6769530E+02   -0.1079179E+02   -0.8906579E+00   -0.4618028E+00    0.4145986E+01    0.4479863E+01    0.1093674E-02    0.7273509E-04   -0.4189926E-02   -0.4912575E-04   -0.4503515E-02    0.1260574E-01    0.1351641E-02   -0.2239897E-03   -0.2213919E-02    0.2280751E-03    0.7664091E-02    0.8731556E-03    0.6330217E-03   -0.2730968E-02
    0.5180908E-04    0.1332241E-03    0.5860847E-04    0.9684303E-02    0.5734887E-04    0.2504583E-01    0.5661268E-02    0.1085572E-02   -0.6148611E+02    0.8227730E+00    0.6390636E+01   -0.6699192E+02    0.1802488E+02    0.6769530E+02    0.1222020E+03   -0.9417985E+01   -0.5267647E+00   -0.4564460E+00   -0.1418584E+01    0.1349274E+02    0.1233169E-02    0.7542636E-03   -0.1570775E-02    0.2924926E-04   -0.4931887E-03    0.1278960E-01    0.5730662E-03   -0.1365131E-03   -0.2171392E-02    0.2952769E-02    0.8460242E-02    0.3996537E-01    0.6651292E-03   -0.7909031E-02
   -0.3881641E-04    0.2424291E-03   -0.4595662E-04   -0.4663395E-02   -0.5771985E-04   -0.9295849E-02   -0.2800312E-02    0.1367990E-04    0.4868635E+00    0.6038521E-01   -0.2373743E+01    0.1059555E+02   -0.4072356E+01   -0.1079179E+02   -0.9417985E+01    0.5318534E+01    0.7501327E-01   -0.7328100E-01   -0.1689005E+01   -0.1396285E+01   -0.2163917E-03   -0.2209955E-03    0.8134938E-03   -0.1738101E-03    0.2069385E-02   -0.7595435E-03   -0.1128470E-02   -0.2912426E-03   -0.1147930E-02    0.1509432E-02   -0.7287646E-03   -0.1393337E-02   -0.1235450E-03    0.1960281E-03
   -0.5073819E-06   -0.1707295E-04    0.4320937E-06   -0.5693312E-03   -0.1425150E-05   -0.1647163E-02    0.2314370E-03   -0.1367143E-03    0.3165854E-02   -0.1516635E-01   -0.1159461E+00   -0.4683471E+01   -0.3949838E+00   -0.8906579E+00   -0.5267647E+00    0.7501327E-01    0.3466001E+01    0.4134429E+00    0.2680459E+00    0.4211077E+00    0.8531269E-04    0.7415788E-04    0.2089111E-03    0.9278349E-04    0.6467434E-03    0.1928520E-02   -0.6687134E-03    0.7532431E-03    0.8731843E-03    0.1095636E-02   -0.1380156E-03   -0.1893194E-02    0.2847587E-03    0.2168501E-04
   -0.9734368E-05    0.5042126E-05    0.1276103E-05   -0.1051879E-02    0.1660038E-04   -0.2784363E-02   -0.1263306E-03   -0.8540799E-04    0.1190706E+00    0.2542282E-02    0.8885751E-01    0.3191372E+01   -0.1280041E+01   -0.4618028E+00   -0.4564460E+00   -0.7328100E-01    0.4134429E+00    0.3406382E+01    0.2609285E+01    0.1779921E+01    0.1298459E-03    0.1940703E-04    0.1210847E-02    0.1338351E-03    0.2292685E-03   -0.1957161E-03    0.5121555E-03   -0.1499816E-03    0.2526970E-03    0.2552065E-04    0.1903595E-02    0.3274846E-02   -0.2870957E-03   -0.1955671E-03
   -0.1423083E-04    0.6231979E-04   -0.8959781E-05   -0.2658496E-02    0.7292811E-05   -0.5860990E-02   -0.8816213E-03   -0.1345833E-03   -0.1603594E+01    0.9226829E-01    0.2283214E+01   -0.1077296E+02    0.3460172E+01    0.4145986E+01   -0.1418584E+01   -0.1689005E+01    0.2680459E+00    0.2609285E+01    0.1726319E+02    0.2570478E+02   -0.1048370E-04   -0.9232057E-04    0.1010212E-02    0.5499842E-04    0.1424255E-02   -0.3753686E-02    0.1368917E-02    0.7232879E-04   -0.2005167E-02    0.1246495E-02   -0.4433319E-02   -0.9722792E-02    0.1294626E-04    0.2600458E-02
    0.1686437E-05    0.9095462E-04    0.1080284E-04   -0.1707096E-02    0.3529413E-04   -0.2054039E-02   -0.1075267E-03    0.5672551E-03   -0.1764457E+02    0.8432929E-01    0.2025551E+01   -0.1505704E+02    0.3552195E+01    0.4479863E+01    0.1349274E+02   -0.1396285E+01    0.4211077E+00    0.1779921E+01    0.2570478E+02    0.5441196E+02    0.3873517E-03    0.2101836E-03    0.1109987E-02    0.1364988E-03    0.3891354E-02   -0.1250299E-02    0.2027896E-02   -0.1303189E-02   -0.1980607E-02    0.3557838E-02   -0.7998208E-02   -0.4329518E-02    0.1123845E-03    0.4650699E-02
    0.5128172E-07   -0.2195069E-06   -0.9939713E-07    0.3701483E-05   -0.2840913E-06    0.8264678E-05    0.8913367E-06    0.6495351E-06   -0.8881424E-03    0.3518414E-04    0.1795814E-03   -0.3143354E-02   -0.5885937E-03    0.1093674E-02    0.1233169E-02   -0.2163917E-03    0.8531269E-04    0.1298459E-03   -0.1048370E-04    0.3873517E-03    0.3211673E-04    0.8677184E-05   -0.1223864E-05    0.3761263E-05    0.5135950E-06   -0.6688689E-05   -0.5885564E-06   -0.1725571E-05   -0.1307156E-05   -0.7928003E-06   -0.9646868E-06   -0.8402183E-05   -0.4308493E-07   -0.7022421E-07
    0.7298915E-07   -0.2324316E-06   -0.1404294E-06    0.5063081E-05   -0.3681300E-06    0.1034957E-04    0.8128176E-06    0.3441443E-06   -0.8812478E-03    0.1234735E-04    0.1952944E-03   -0.3610600E-02   -0.1433402E-02    0.7273509E-04    0.7542636E-03   -0.2209955E-03    0.7415788E-04    0.1940703E-04   -0.9232057E-04    0.2101836E-03    0.8677184E-05    0.2510996E-04   -0.1524758E-05    0.1295530E-04   -0.1170427E-05   -0.1982413E-05    0.1377641E-05   -0.4993148E-06    0.4648178E-05   -0.2471474E-05   -0.1161281E-05   -0.8180599E-05   -0.4278045E-07   -0.1166374E-06
   -0.2297863E-07   -0.1254907E-06   -0.1194020E-06    0.3186723E-05   -0.3213486E-07    0.6167725E-05   -0.8028859E-06    0.2218539E-06   -0.6600677E-03   -0.6451265E-04   -0.3156616E-03    0.4482406E-02   -0.5458149E-03   -0.4189926E-02   -0.1570775E-02    0.8134938E-03    0.2089111E-03    0.1210847E-02    0.1010212E-02    0.1109987E-02   -0.1223864E-05   -0.1524758E-05    0.1042935E-02   -0.2548723E-05   -0.4558520E-06    0.5544708E-04   -0.1029552E-04    0.1247496E-05   -0.7196827E-04    0.1256557E-04   -0.9139360E-05   -0.4636534E-04    0.2536502E-07   -0.6345157E-06
    0.8096615E-07   -0.3769594E-06   -0.1201278E-06    0.3948582E-05   -0.3861013E-06    0.8794706E-05    0.1046074E-05    0.8871176E-06   -0.9112835E-04    0.8623027E-05    0.1775918E-03   -0.4064609E-02   -0.1332657E-02   -0.4912575E-04    0.2924926E-04   -0.1738101E-03    0.9278349E-04    0.1338351E-03    0.5499842E-04    0.1364988E-03    0.3761263E-05    0.1295530E-04   -0.2548723E-05    0.4778351E-04   -0.3269201E-05    0.1628371E-05    0.1438169E-05   -0.3171116E-05    0.1204926E-05   -0.6293936E-05    0.1652735E-06   -0.3062393E-05   -0.5172882E-08    0.4563846E-07
    0.1336526E-06   -0.1232059E-05    0.1784459E-06    0.2216705E-05    0.1555905E-06   -0.2821072E-07    0.4241430E-05    0.3282572E-06   -0.3750491E-02    0.2304148E-04   -0.7345269E-03   -0.1642451E-02   -0.4220691E-03   -0.4503515E-02   -0.4931887E-03    0.2069385E-02    0.6467434E-03    0.2292685E-03    0.1424255E-02    0.3891354E-02    0.5135950E-06   -0.1170427E-05   -0.4558520E-06   -0.3269201E-05    0.2162351E-02    0.8437450E-04   -0.9818883E-05   -0.3385977E-05    0.6370389E-05    0.1373561E-04    0.1111892E-06   -0.1158942E-03   -0.1507892E-06   -0.5586070E-06
    0.2708363E-06   -0.1537289E-05   -0.5088314E-07   -0.2777710E-04    0.7781266E-06   -0.5623540E-04    0.4541641E-05    0.2023777E-05   -0.5844739E-02    0.1406248E-03    0.1167123E-02   -0.2955340E-01   -0.8768938E-03    0.1260574E-01    0.1278960E-01   -0.7595435E-03    0.1928520E-02   -0.1957161E-03   -0.3753686E-02   -0.1250299E-02   -0.6688689E-05   -0.1982413E-05    0.5544708E-04    0.1628371E-05    0.8437450E-04    0.1642023E-01    0.4126133E-05   -0.1842402E-04   -0.1396694E-03    0.3864961E-04   -0.8366754E-05   -0.3310825E-03    0.1508325E-05   -0.1410012E-05
   -0.5201826E-07    0.1157365E-05   -0.2572580E-06   -0.2023335E-05   -0.4968019E-06   -0.4528875E-06   -0.3998698E-05    0.4021627E-07   -0.4756907E-03   -0.9526165E-05    0.4261967E-03    0.4289341E-02    0.1673171E-02    0.1351641E-02    0.5730662E-03   -0.1128470E-02   -0.6687134E-03    0.5121555E-03    0.1368917E-02    0.2027896E-02   -0.5885564E-06    0.1377641E-05   -0.1029552E-04    0.1438169E-05   -0.9818883E-05    0.4126133E-05    0.1416618E-02    0.2952599E-03    0.7470186E-04   -0.3683544E-03   -0.5056922E-04   -0.1044223E-04    0.2982126E-06    0.1371966E-06
   -0.5825893E-07    0.4227523E-06   -0.2974556E-06    0.2508069E-06   -0.7947150E-07    0.2737047E-05    0.1720939E-06    0.7093374E-06    0.1130561E-03    0.5995181E-04   -0.4244730E-04    0.5892359E-03    0.8637198E-03   -0.2239897E-03   -0.1365131E-03   -0.2912426E-03    0.7532431E-03   -0.1499816E-03    0.7232879E-04   -0.1303189E-02   -0.1725571E-05   -0.4993148E-06    0.1247496E-05   -0.3171116E-05   -0.3385977E-05   -0.1842402E-04    0.2952599E-03    0.8524636E-03    0.3679442E-04    0.7455774E-03    0.3604889E-04   -0.7123763E-03   -0.1238120E-06   -0.2182921E-06
    0.8389432E-07    0.2010500E-05   -0.1118446E-06    0.1373295E-04   -0.1812276E-06    0.3299050E-04   -0.6972349E-05   -0.9295112E-06    0.1504661E-02   -0.2779130E-05   -0.9552954E-03    0.1266526E-01    0.1433415E-02   -0.2213919E-02   -0.2171392E-02   -0.1147930E-02    0.8731843E-03    0.2526970E-03   -0.2005167E-02   -0.1980607E-02   -0.1307156E-05    0.4648178E-05   -0.7196827E-04    0.1204926E-05    0.6370389E-05   -0.1396694E-03    0.7470186E-04    0.3679442E-04    0.7228266E-02   -0.3432232E-03    0.6491232E-03    0.4632514E-02   -0.2310275E-06   -0.1394265E-06
   -0.2305587E-06    0.1512931E-05   -0.4069870E-06   -0.1614923E-04   -0.2231260E-06   -0.2361898E-04   -0.2670228E-05    0.2944120E-05   -0.3549685E-02    0.1345926E-03   -0.1246384E-03    0.7069505E-02    0.2601617E-03    0.2280751E-03    0.2952769E-02    0.1509432E-02    0.1095636E-02    0.2552065E-04    0.1246495E-02    0.3557838E-02   -0.7928003E-06   -0.2471474E-05    0.1256557E-04   -0.6293936E-05    0.1373561E-04    0.3864961E-04   -0.3683544E-03    0.7455774E-03   -0.3432232E-03    0.2880641E-02    0.4124369E-03   -0.1064789E-02    0.1466014E-06   -0.2440736E-06
   -0.5539037E-06    0.4204728E-05   -0.7239643E-06   -0.3355426E-04   -0.6840236E-06   -0.5682569E-04   -0.9297138E-05    0.4711142E-06   -0.1298261E-02    0.3667009E-04    0.1656096E-03   -0.8520698E-02    0.5686315E-02    0.7664091E-02    0.8460242E-02   -0.7287646E-03   -0.1380156E-03    0.1903595E-02   -0.4433319E-02   -0.7998208E-02   -0.9646868E-06   -0.1161281E-05   -0.9139360E-05    0.1652735E-06    0.1111892E-06   -0.8366754E-05   -0.5056922E-04    0.3604889E-04    0.6491232E-03    0.4124369E-03    0.6458281E-02    0.7555061E-02   -0.2326123E-06   -0.2621915E-05
   -0.2350167E-05    0.1656920E-04   -0.2371679E-05   -0.6532079E-04    0.2618442E-07   -0.7916086E-04   -0.3479794E-04    0.7837103E-05   -0.1211341E-01   -0.5500069E-03   -0.4268299E-02   -0.1908858E-02    0.1210629E-01    0.8731556E-03    0.3996537E-01   -0.1393337E-02   -0.1893194E-02    0.3274846E-02   -0.9722792E-02   -0.4329518E-02   -0.8402183E-05   -0.8180599E-05   -0.4636534E-04   -0.3062393E-05   -0.1158942E-03   -0.3310825E-03   -0.1044223E-04   -0.7123763E-03    0.4632514E-02   -0.1064789E-02    0.7555061E-02    0.6445349E-01   -0.2395705E-05   -0.5971012E-05
    0.4844123E-08    0.1382272E-07   -0.4924247E-08    0.1799038E-06   -0.1401918E-07    0.6301136E-06   -0.2019528E-06   -0.3757770E-08   -0.2871984E-03    0.3809291E-05    0.1790505E-03    0.5812873E-02    0.7385856E-04    0.6330217E-03    0.6651292E-03   -0.1235450E-03    0.2847587E-03   -0.2870957E-03    0.1294626E-04    0.1123845E-03   -0.4308493E-07   -0.4278045E-07    0.2536502E-07   -0.5172882E-08   -0.1507892E-06    0.1508325E-05    0.2982126E-06   -0.1238120E-06   -0.2310275E-06    0.1466014E-06   -0.2326123E-06   -0.2395705E-05    0.5841179E-06   -0.1238652E-07
   -0.1042606E-07    0.4549501E-07   -0.5025277E-08   -0.1714666E-05    0.5768984E-08   -0.3372923E-05   -0.5086210E-06    0.1413840E-07    0.4414550E-02   -0.2035369E-04   -0.3772094E-03    0.3606776E-02    0.2106181E-03   -0.2730968E-02   -0.7909031E-02    0.1960281E-03    0.2168501E-04   -0.1955671E-03    0.2600458E-02    0.4650699E-02   -0.7022421E-07   -0.1166374E-06   -0.6345157E-06    0.4563846E-07   -0.5586070E-06   -0.1410012E-05    0.1371966E-06   -0.2182921E-06   -0.1394265E-06   -0.2440736E-06   -0.2621915E-05   -0.5971012E-05   -0.1238652E-07    0.2106767E-05
