# omegam omegab H0 A ns DES_b1 DES_b2 DES_b3 DES_b4 DES_b5 DES_m1 DES_m2 DES_m3 DES_m4 DES_AIA DES_alphaIA DES_DzL1 DES_DzL2 DES_DzL3 DES_DzL4 DES_DzL5 DES_DzS1 DES_DzS2 DES_DzS3 DES_DzS4
  2.0507925E-04  -1.1011880E-05   7.7606425E-03  -4.3382736E-03  -6.6822564E-04   4.8642914E-04   4.4116840E-04   4.1150813E-04   4.8483550E-04   5.0327729E-04  -7.2588062E-06  -8.7559998E-06  -5.1913176E-05  -3.5825968E-05  -1.2584014E-04  -3.6363612E-03  -1.9452041E-06  -4.0185885E-06  -1.9047686E-06  -5.4982713E-06  -2.2635167E-06   2.1390071E-08  -5.7270867E-06  -1.2938525E-05  -2.4855433E-05
 -1.1011880E-05   3.0066223E-06  -1.6262588E-03   3.8115741E-04   5.7367866E-05  -2.2965211E-05  -2.1186839E-05  -1.9186157E-05  -2.2950940E-05  -2.4244585E-05   3.1229462E-07   4.6975807E-07   3.0893069E-06   2.5994867E-06   2.8692227E-06   2.2500094E-04   1.9315388E-07   3.4784009E-07   1.1454986E-07   3.2555892E-08   1.4664923E-08  -1.7562960E-07   4.2136956E-07   7.6595258E-07   1.3434557E-06
  7.7606425E-03  -1.6262588E-03   1.3908922E+00  -2.7214584E-01  -4.0031592E-02   1.6468584E-02   1.5176998E-02   1.3196278E-02   1.6001939E-02   1.6838053E-02  -3.7610049E-04  -3.8025028E-04  -2.2170589E-03  -1.8287245E-03  -1.1990963E-03  -1.4819369E-01  -1.8124042E-04  -2.1185409E-04  -1.0613515E-04  -1.2506045E-04  -9.5579239E-05   1.0081002E-04  -1.6432826E-04  -6.2682875E-04  -1.0650415E-03
 -4.3382736E-03   3.8115741E-04  -2.7214584E-01   1.0931632E-01   1.6592281E-02  -1.1109216E-02  -1.0604157E-02  -9.9226580E-03  -1.1718785E-02  -1.1921772E-02   1.7364840E-04   1.2463708E-04   8.0292396E-04   5.6769180E-04   3.3812494E-03   6.3594762E-02   3.0722339E-05   7.1025491E-05   3.5090752E-05   8.0539392E-05   4.2579195E-05  -6.2148481E-06   8.1927396E-05   1.8312212E-04   3.1773795E-04
 -6.6822564E-04   5.7367866E-05  -4.0031592E-02   1.6592281E-02   2.9854426E-03  -1.7208451E-03  -1.6776494E-03  -1.5329108E-03  -1.7704169E-03  -1.6394986E-03   2.9928791E-05   1.4195864E-05   8.3108383E-05   4.7963768E-05   7.0144859E-04   7.9529260E-03   1.0720055E-06   8.8435630E-06   4.0523035E-06   7.2610660E-06   5.8631238E-06   3.8501257E-06   6.9916012E-06   1.5843840E-05   2.0227637E-05
  4.8642914E-04  -2.2965211E-05   1.6468584E-02  -1.1109216E-02  -1.7208451E-03   6.3447674E-03   1.3478537E-03   1.2745388E-03   1.5396630E-03   1.5774710E-03  -2.7538892E-05   7.7131783E-06   5.8638370E-05   8.0667127E-06  -1.0650220E-03   4.4778126E-03   1.3359926E-04   3.7957835E-06   5.7623631E-06  -4.3960980E-06   3.0812000E-06   1.8699827E-06  -3.2228300E-06   1.9036228E-06   1.8270533E-05
  4.4116840E-04  -2.1186839E-05   1.5176998E-02  -1.0604157E-02  -1.6776494E-03   1.3478537E-03   3.8711925E-03   1.3397385E-03   1.5825158E-03   1.5491310E-03  -2.6529531E-05   2.6121773E-06   3.2602833E-05   2.8065407E-05  -8.6957830E-04  -5.8277468E-04   5.5790370E-08   6.4815142E-05   7.4910383E-08   3.9464861E-06  -1.1940128E-06  -4.7517799E-06   8.6929628E-06   1.8146048E-05   3.5499096E-05
  4.1150813E-04  -1.9186157E-05   1.3196278E-02  -9.9226580E-03  -1.5329108E-03   1.2745388E-03   1.3397385E-03   3.0004101E-03   1.5300576E-03   1.4556983E-03  -1.3458828E-05   7.2232583E-06   4.8090934E-06   1.2173967E-05  -7.0567848E-04  -2.4938369E-03  -2.4358479E-06  -2.2078645E-06   5.2055581E-05  -2.3956770E-06  -3.1073139E-06  -6.8637375E-06   3.6053215E-06   1.6408297E-05   3.2483986E-05
  4.8483550E-04  -2.2950940E-05   1.6001939E-02  -1.1718785E-02  -1.7704169E-03   1.5396630E-03   1.5825158E-03   1.5300576E-03   4.0449529E-03   1.8550354E-03  -1.4187010E-05  -2.6079161E-06   3.9239008E-06  -2.0076043E-06  -1.0738352E-03  -5.6022146E-03   5.1827794E-06   4.1035565E-06  -2.0198705E-06   1.0237882E-04  -4.4174316E-06  -1.8022281E-07   4.8520200E-06   1.7641097E-05   5.0201498E-05
  5.0327729E-04  -2.4244585E-05   1.6838053E-02  -1.1921772E-02  -1.6394986E-03   1.5774710E-03   1.5491310E-03   1.4556983E-03   1.8550354E-03   7.0122325E-03  -1.5861266E-05  -2.1358327E-05  -4.2030145E-05  -2.3087851E-05  -8.9257391E-04  -7.7010749E-03  -6.1041700E-06   2.5156776E-07  -1.1693673E-05  -5.4948486E-06   1.1770228E-04  -7.4433002E-06  -3.7548748E-07  -2.3189257E-06   1.9835845E-05
 -7.2588062E-06   3.1229462E-07  -3.7610049E-04   1.7364840E-04   2.9928791E-05  -2.7538892E-05  -2.6529531E-05  -1.3458828E-05  -1.4187010E-05  -1.5861266E-05   5.1702693E-04   5.4771744E-06   1.4436594E-06   4.8412989E-06   1.0825018E-04  -3.1170145E-03  -3.0746381E-07  -3.0274393E-07   8.7797681E-07  -1.3153583E-06   2.5913097E-07  -2.8770424E-05   5.2126658E-06   6.4800551E-07  -4.7862572E-06
 -8.7559998E-06   4.6975807E-07  -3.8025028E-04   1.2463708E-04   1.4195864E-05   7.7131783E-06   2.6121773E-06   7.2232583E-06  -2.6079161E-06  -2.1358327E-05   5.4771744E-06   5.0107268E-04   1.4895646E-05   9.1039376E-06   2.4996919E-04  -1.6065756E-03   1.0510146E-06   2.6984977E-06   9.0348508E-07   9.2030383E-07   2.8591478E-07   1.7871569E-05  -3.2897558E-05   4.0876953E-06   6.6753472E-06
 -5.1913176E-05   3.0893069E-06  -2.2170589E-03   8.0292396E-04   8.3108383E-05   5.8638370E-05   3.2602833E-05   4.8090934E-06   3.9239008E-06  -4.2030145E-05   1.4436594E-06   1.4895646E-05   4.1677036E-04   4.3261145E-05  -1.4902505E-05   1.9146285E-03   8.6071794E-07   2.1001825E-06   2.7873731E-07   8.6813571E-08   8.3514475E-07   7.9329431E-06   1.1227650E-05  -3.5395234E-05   3.3719299E-05
 -3.5825968E-05   2.5994867E-06  -1.8287245E-03   5.6769180E-04   4.7963768E-05   8.0667127E-06   2.8065407E-05   1.2173967E-05  -2.0076043E-06  -2.3087851E-05   4.8412989E-06   9.1039376E-06   4.3261145E-05   4.3952393E-04  -1.0845095E-04   1.6611176E-03   1.6417600E-06  -8.2920324E-07   1.2563696E-06   4.6390422E-07  -1.3058664E-06   4.0401867E-06   6.0553976E-06   1.2088346E-05  -8.0959625E-05
 -1.2584014E-04   2.8692227E-06  -1.1990963E-03   3.3812494E-03   7.0144859E-04  -1.0650220E-03  -8.6957830E-04  -7.0567848E-04  -1.0738352E-03  -8.9257391E-04   1.0825018E-04   2.4996919E-04  -1.4902505E-05  -1.0845095E-04   3.3915084E-02   1.2866338E-01  -3.9299365E-05  -5.9172370E-05   2.8383731E-05  -1.6290204E-04  -7.3443844E-05   2.4473235E-04   2.4195673E-04   2.0081700E-04  -4.8079136E-05
 -3.6363612E-03   2.2500094E-04  -1.4819369E-01   6.3594762E-02   7.9529260E-03   4.4778126E-03  -5.8277468E-04  -2.4938369E-03  -5.6022146E-03  -7.7010749E-03  -3.1170145E-03  -1.6065756E-03   1.9146285E-03   1.6611176E-03   1.2866338E-01   5.4645071E+00   1.0951611E-03   4.5079857E-04  -1.7109550E-04  -8.5535698E-04  -6.1025636E-04  -1.0348376E-02  -2.7830317E-03   2.3010032E-03   2.2237700E-03
 -1.9452041E-06   1.9315388E-07  -1.8124042E-04   3.0722339E-05   1.0720055E-06   1.3359926E-04   5.5790370E-08  -2.4358479E-06   5.1827794E-06  -6.1041700E-06  -3.0746381E-07   1.0510146E-06   8.6071794E-07   1.6417600E-06  -3.9299365E-05   1.0951611E-03   5.6079543E-05  -4.0773594E-08  -2.6391476E-08   1.0565290E-06   4.2336203E-07   4.2611697E-06  -9.6484682E-07   1.6059842E-06   2.9813261E-06
 -4.0185885E-06   3.4784009E-07  -2.1185409E-04   7.1025491E-05   8.8435630E-06   3.7957835E-06   6.4815142E-05  -2.2078645E-06   4.1035565E-06   2.5156776E-07  -3.0274393E-07   2.6984977E-06   2.1001825E-06  -8.2920324E-07  -5.9172370E-05   4.5079857E-04  -4.0773594E-08   4.3980965E-05  -1.7403161E-07   5.5397499E-07   2.8724317E-07   1.2866361E-06   2.9581291E-06   1.1642330E-06   3.9616601E-07
 -1.9047686E-06   1.1454986E-07  -1.0613515E-04   3.5090752E-05   4.0523035E-06   5.7623631E-06   7.4910383E-08   5.2055581E-05  -2.0198705E-06  -1.1693673E-05   8.7797681E-07   9.0348508E-07   2.7873731E-07   1.2563696E-06   2.8383731E-05  -1.7109550E-04  -2.6391476E-08  -1.7403161E-07   4.2268553E-05   1.2499476E-06  -7.9769241E-07   2.2735891E-08   4.7865023E-06   4.0846220E-06  -4.9405267E-07
 -5.4982713E-06   3.2555892E-08  -1.2506045E-04   8.0539392E-05   7.2610660E-06  -4.3960980E-06   3.9464861E-06  -2.3956770E-06   1.0237882E-04  -5.4948486E-06  -1.3153583E-06   9.2030383E-07   8.6813571E-08   4.6390422E-07  -1.6290204E-04  -8.5535698E-04   1.0565290E-06   5.5397499E-07   1.2499476E-06   8.1653751E-05   7.1465847E-07   3.4723642E-07   1.7194939E-06   8.2592989E-06   1.0174075E-05
 -2.2635167E-06   1.4664923E-08  -9.5579239E-05   4.2579195E-05   5.8631238E-06   3.0812000E-06  -1.1940128E-06  -3.1073139E-06  -4.4174316E-06   1.1770228E-04   2.5913097E-07   2.8591478E-07   8.3514475E-07  -1.3058664E-06  -7.3443844E-05  -6.1025636E-04   4.2336203E-07   2.8724317E-07  -7.9769241E-07   7.1465847E-07   9.4435831E-05   1.6841350E-06   6.2699310E-07   4.9209975E-08   9.5028431E-06
  2.1390071E-08  -1.7562960E-07   1.0081002E-04  -6.2148481E-06   3.8501257E-06   1.8699827E-06  -4.7517799E-06  -6.8637375E-06  -1.8022281E-07  -7.4433002E-06  -2.8770424E-05   1.7871569E-05   7.9329431E-06   4.0401867E-06   2.4473235E-04  -1.0348376E-02   4.2611697E-06   1.2866361E-06   2.2735891E-08   3.4723642E-07   1.6841350E-06   1.9579755E-04   2.0134716E-05   8.7229899E-07   1.3737455E-06
 -5.7270867E-06   4.2136956E-07  -1.6432826E-04   8.1927396E-05   6.9916012E-06  -3.2228300E-06   8.6929628E-06   3.6053215E-06   4.8520200E-06  -3.7548748E-07   5.2126658E-06  -3.2897558E-05   1.1227650E-05   6.0553976E-06   2.4195673E-04  -2.7830317E-03  -9.6484682E-07   2.9581291E-06   4.7865023E-06   1.7194939E-06   6.2699310E-07   2.0134716E-05   1.1520866E-04   5.2894406E-06   4.1844351E-06
 -1.2938525E-05   7.6595258E-07  -6.2682875E-04   1.8312212E-04   1.5843840E-05   1.9036228E-06   1.8146048E-05   1.6408297E-05   1.7641097E-05  -2.3189257E-06   6.4800551E-07   4.0876953E-06  -3.5395234E-05   1.2088346E-05   2.0081700E-04   2.3010032E-03   1.6059842E-06   1.1642330E-06   4.0846220E-06   8.2592989E-06   4.9209975E-08   8.7229899E-07   5.2894406E-06   9.3787490E-05   1.8468889E-05
 -2.4855433E-05   1.3434557E-06  -1.0650415E-03   3.1773795E-04   2.0227637E-05   1.8270533E-05   3.5499096E-05   3.2483986E-05   5.0201498E-05   1.9835845E-05  -4.7862572E-06   6.6753472E-06   3.3719299E-05  -8.0959625E-05  -4.8079136E-05   2.2237700E-03   2.9813261E-06   3.9616601E-07  -4.9405267E-07   1.0174075E-05   9.5028431E-06   1.3737455E-06   4.1844351E-06   1.8468889E-05   3.3740715E-04
