# omegabh2 omegach2 theta tau w wa logA ns calPlanck acib217 xi asz143 aps100 aps143 aps143217 aps217 aksz kgal100 kgal143 kgal143217 kgal217 cal0 cal2
  4.0208510E-08  -1.4108847E-07   3.1704396E-08   2.5257634E-07  -1.6586929E-06   1.8016965E-05   2.9277643E-07   4.3027286E-07   1.5877177E-08  -9.1830555E-05   2.9075801E-06   2.8637215E-05  -5.3740645E-04  -4.1320856E-04  -1.8043357E-04  -1.1657651E-04  -4.1070610E-05   7.1866171E-06  -4.4501487E-06  -1.6306482E-05  -2.9632790E-06   2.3296659E-09  -2.3650123E-09
 -1.4108847E-07   3.1841291E-06  -2.6439925E-07  -2.4934623E-06   3.7010837E-05  -3.5883310E-04   2.0702623E-06  -6.8029239E-06  -3.1528636E-07  -1.9266144E-04  -3.5233987E-06  -6.8137633E-07  -8.7515703E-04   8.2597718E-04   7.9059492E-04   9.6689505E-04  -8.6339794E-05  -2.2807952E-05  -5.0042630E-05  -4.8047476E-06   8.6886343E-05  -3.1621791E-08   1.6564337E-09
  3.1704396E-08  -2.6439925E-07   1.9989410E-07   3.5087662E-07  -5.0102126E-06   4.6346021E-05   3.1934217E-07   8.2786317E-07   3.1801061E-08   2.2283293E-05   1.0294728E-06  -7.1990961E-06   9.4859641E-05  -7.7962416E-05  -8.2356927E-05  -1.2033638E-04   1.3479271E-05   1.5303343E-05  -5.4580069E-07  -5.5964733E-06  -1.6473082E-05   7.5734513E-09   3.1182177E-09
  2.5257634E-07  -2.4934623E-06   3.5087662E-07   4.1208432E-05  -2.5749894E-05   2.7818876E-04   7.7071796E-05   8.5506374E-06   2.5504123E-07  -1.5781085E-03   2.1253817E-05   3.5391890E-04  -1.0246584E-02  -4.3456207E-03  -1.5919790E-03  -3.8877916E-05  -8.1838652E-04  -4.7218535E-05  -3.1818247E-04  -4.7721145E-04   3.8768463E-05   2.2879448E-08  -3.0007577E-08
 -1.6586929E-06   3.7010837E-05  -5.0102126E-06  -2.5749894E-05   7.0573830E-03  -2.7078301E-02   2.9134808E-05  -7.4299799E-05  -2.9341397E-06  -4.6110069E-03   2.8642851E-05   1.9775857E-03  -5.5604361E-02  -3.0548339E-03   4.7102795E-03   1.2082003E-02  -1.9083188E-03  -9.2262682E-04  -3.3011462E-03  -2.5380701E-03  -3.3478519E-03  -3.2603509E-07  -1.6378472E-07
  1.8016965E-05  -3.5883310E-04   4.6346021E-05   2.7818876E-04  -2.7078301E-02   1.3208423E-01  -2.1708791E-04   7.7367612E-04   3.5989116E-05   3.2776239E-02   1.2821642E-04  -5.5737574E-03   2.3469903E-01  -6.0713657E-02  -7.8813126E-02  -1.2251647E-01   9.7996385E-03   5.5540111E-03   1.5253642E-02   8.4784651E-03   3.2797185E-03   3.4828591E-06   1.0090760E-06
  2.9277643E-07   2.0702623E-06   3.1934217E-07   7.7071796E-05   2.9134808E-05  -2.1708791E-04   1.8808600E-04   6.0341556E-07   1.2375965E-05  -4.1990627E-03   9.8100949E-05   5.7558707E-04  -1.9326506E-02  -4.7608430E-03   1.9292471E-03   8.7577707E-03  -2.8277047E-03  -6.1630702E-04  -1.5429030E-03  -1.6550268E-03   1.7947720E-03   1.0884143E-07  -2.3166870E-08
  4.3027286E-07  -6.8029239E-06   8.2786317E-07   8.5506374E-06  -7.4299799E-05   7.7367612E-04   6.0341556E-07   2.5462302E-05   8.4185477E-07  -3.8350545E-03   8.9393630E-05   9.4525875E-04  -2.0476020E-02  -8.0949609E-03   5.1210904E-05   3.0457077E-03  -2.1915133E-03   4.3977728E-04  -1.4623999E-04  -2.7613767E-04   1.1538834E-03  -2.6393171E-08  -6.0408205E-08
  1.5877177E-08  -3.1528636E-07   3.1801061E-08   2.5504123E-07  -2.9341397E-06   3.5989116E-05   1.2375965E-05   8.4185477E-07   6.2792941E-06   6.1083516E-04   5.3048949E-06  -3.9508970E-05   3.9463476E-03   8.3675697E-04   6.9439476E-04   1.5892385E-03  -1.0322955E-04  -4.9594590E-05  -5.2022076E-05  -7.1815993E-05   7.9365976E-04  -2.0719886E-08   2.6242533E-08
 -9.1830555E-05  -1.9266144E-04   2.2283293E-05  -1.5781085E-03  -4.6110069E-03   3.2776239E-02  -4.1990627E-03  -3.8350545E-03   6.1083516E-04   4.5199004E+01  -3.9249344E-01  -7.9674782E-01   3.7830416E+01   2.2332794E+00  -1.3059363E+01  -5.5625596E+01  -1.0741636E-01   1.4735837E-01   6.8403557E-01  -5.8182540E+00  -3.3782122E+01  -1.8689634E-04   6.8602252E-04
  2.9075801E-06  -3.5233987E-06   1.0294728E-06   2.1253817E-05   2.8642851E-05   1.2821642E-04   9.8100949E-05   8.9393630E-05   5.3048949E-06  -3.9249344E-01   8.2499033E-02  -5.2202851E-02  -4.7339445E-01   8.9441521E-01   1.6327423E+00   6.1305376E-01   5.0645441E-02  -1.0481475E-02   8.1857952E-03   1.0141455E-01   1.4327808E-01   4.9424549E-06  -9.3197194E-07
  2.8637215E-05  -6.8137633E-07  -7.1990961E-06   3.5391890E-04   1.9775857E-03  -5.5737574E-03   5.7558707E-04   9.4525875E-04  -3.9508970E-05  -7.9674782E-01  -5.2202851E-02   3.9950865E+00  -3.0870722E+01  -3.1052549E+00   8.0360276E+00   5.5493132E+00  -2.9673108E+00  -2.5062262E-01   1.2822128E-01   2.8132391E+00   3.5129629E+00   1.1100098E-04  -2.9083338E-05
 -5.3740645E-04  -8.7515703E-04   9.4859641E-05  -1.0246584E-02  -5.5604361E-02   2.3469903E-01  -1.9326506E-02  -2.0476020E-02   3.9463476E-03   3.7830416E+01  -4.7339445E-01  -3.0870722E+01   7.8518319E+02   6.8988542E+01  -5.4276636E+01  -6.2319357E+01   1.5218279E+01  -6.0132982E+00   6.3618679E+00  -1.3869361E+01  -2.8719433E+01   3.7235523E-03   3.2246541E-04
 -4.1320856E-04   8.2597718E-04  -7.7962416E-05  -4.3456207E-03  -3.0548339E-03  -6.0713657E-02  -4.7608430E-03  -8.0949609E-03   8.3675697E-04   2.2332794E+00   8.9441521E-01  -3.1052549E+00   6.8988542E+01   6.3944931E+01   4.2379457E+01   1.7375157E+01  -5.3624202E+00  -4.2949143E-01  -1.3790412E+00   3.4223726E+00   3.9612673E+00   7.2291127E-05   8.9387893E-05
 -1.8043357E-04   7.9059492E-04  -8.2356927E-05  -1.5919790E-03   4.7102795E-03  -7.8813126E-02   1.9292471E-03   5.1210904E-05   6.9439476E-04  -1.3059363E+01   1.6327423E+00   8.0360276E+00  -5.4276636E+01   4.2379457E+01   8.7256009E+01   5.5893832E+01  -1.2946520E+01  -9.2237317E-01  -8.0849681E-01   5.2902227E+00   9.0864868E+00   4.4474713E-04  -3.6311802E-04
 -1.1657651E-04   9.6689505E-04  -1.2033638E-04  -3.8877916E-05   1.2082003E-02  -1.2251647E-01   8.7577707E-03   3.0457077E-03   1.5892385E-03  -5.5625596E+01   6.1305376E-01   5.5493132E+00  -6.2319357E+01   1.7375157E+01   5.5893832E+01   1.0668708E+02  -1.0240520E+01  -5.8263563E-01  -1.5535406E+00   5.7514714E+00   3.4519220E+01   4.8533908E-04  -1.3003152E-03
 -4.1070610E-05  -8.6339794E-05   1.3479271E-05  -8.1838652E-04  -1.9083188E-03   9.7996385E-03  -2.8277047E-03  -2.1915133E-03  -1.0322955E-04  -1.0741636E-01   5.0645441E-02  -2.9673108E+00   1.5218279E+01  -5.3624202E+00  -1.2946520E+01  -1.0240520E+01   6.4427776E+00   1.1792208E-01  -1.6048484E-01  -2.2596937E+00  -2.5138989E+00  -8.1537016E-05   1.8674925E-05
  7.1866171E-06  -2.2807952E-05   1.5303343E-05  -4.7218535E-05  -9.2262682E-04   5.5540111E-03  -6.1630702E-04   4.3977728E-04  -4.9594590E-05   1.4735837E-01  -1.0481475E-02  -2.5062262E-01  -6.0132982E+00  -4.2949143E-01  -9.2237317E-01  -5.8263563E-01   1.1792208E-01   3.4239250E+00   5.6216396E-01   5.7899419E-02  -4.7312433E-02   1.5915345E-04  -1.2127401E-05
 -4.4501487E-06  -5.0042630E-05  -5.4580069E-07  -3.1818247E-04  -3.3011462E-03   1.5253642E-02  -1.5429030E-03  -1.4623999E-04  -5.2022076E-05   6.8403557E-01   8.1857952E-03   1.2822128E-01   6.3618679E+00  -1.3790412E+00  -8.0849681E-01  -1.5535406E+00  -1.6048484E-01   5.6216396E-01   3.1910852E+00   2.7061831E+00   2.6480620E+00  -1.8058437E-04  -3.9158405E-05
 -1.6306482E-05  -4.8047476E-06  -5.5964733E-06  -4.7721145E-04  -2.5380701E-03   8.4784651E-03  -1.6550268E-03  -2.7613767E-04  -7.1815993E-05  -5.8182540E+00   1.0141455E-01   2.8132391E+00  -1.3869361E+01   3.4223726E+00   5.2902227E+00   5.7514714E+00  -2.2596937E+00   5.7899419E-02   2.7061831E+00   1.1067271E+01   1.9580874E+01  -3.6972922E-05   4.0826700E-04
 -2.9632790E-06   8.6886343E-05  -1.6473082E-05   3.8768463E-05  -3.3478519E-03   3.2797185E-03   1.7947720E-03   1.1538834E-03   7.9365976E-04  -3.3782122E+01   1.4327808E-01   3.5129629E+00  -2.8719433E+01   3.9612673E+00   9.0864868E+00   3.4519220E+01  -2.5138989E+00  -4.7312433E-02   2.6480620E+00   1.9580874E+01   5.4111616E+01   3.3838389E-06   9.3018978E-04
  2.3296659E-09  -3.1621791E-08   7.5734513E-09   2.2879448E-08  -3.2603509E-07   3.4828591E-06   1.0884143E-07  -2.6393171E-08  -2.0719886E-08  -1.8689634E-04   4.9424549E-06   1.1100098E-04   3.7235523E-03   7.2291127E-05   4.4474713E-04   4.8533908E-04  -8.1537016E-05   1.5915345E-04  -1.8058437E-04  -3.6972922E-05   3.3838389E-06   3.7702521E-07  -1.3421869E-09
 -2.3650123E-09   1.6564337E-09   3.1182177E-09  -3.0007577E-08  -1.6378472E-07   1.0090760E-06  -2.3166870E-08  -6.0408205E-08   2.6242533E-08   6.8602252E-04  -9.3197194E-07  -2.9083338E-05   3.2246541E-04   8.9387893E-05  -3.6311802E-04  -1.3003152E-03   1.8674925E-05  -1.2127401E-05  -3.9158405E-05   4.0826700E-04   9.3018978E-04  -1.3421869E-09   3.7905484E-07
