# omegabh2 omegach2 theta tau nnu yhe logA ns calPlanck acib217 xi asz143 aps100 aps143 aps143217 aps217 aksz kgal100 kgal143 kgal143217 kgal217 galfTE100 galfTE100143 galfTE100217 galfTE143 galfTE143217 galfTE217 cal0 cal2
  3.2212838E-08   3.2284970E-07  -4.3189122E-08   2.2665495E-07   2.3759324E-05   3.5468611E-08   1.3177094E-06   8.3101709E-07   6.1481237E-09  -1.6318626E-05  -1.9688768E-06  -1.3082844E-05   2.7706930E-04   1.9561271E-05  -6.2999572E-05  -1.2781035E-05   1.9352121E-05   1.1902467E-05   1.2365116E-05   1.1037513E-05   4.9184838E-05  -1.9052699E-07   4.6238840E-08  -3.8551072E-07   1.0813472E-07  -6.9817478E-07  -1.5332773E-06   6.2387117E-10   1.8467040E-09
  3.2284970E-07   1.1929076E-05  -1.7686656E-06  -2.6330769E-06   7.0085601E-04  -3.2114899E-06   2.1724333E-05   1.6663694E-05  -2.4559128E-07   1.8949743E-03  -8.6299890E-05  -4.6499797E-04   1.1228623E-02   5.1512280E-03   9.2287756E-04  -1.9629453E-04   1.2092210E-03   2.5115032E-04   4.2948770E-04   3.8555241E-04   2.6174353E-05   2.5184453E-06   3.4659868E-06  -4.3582778E-07   5.6761179E-06  -1.0203094E-06   1.1717594E-05  -5.8264708E-08   2.0230116E-08
 -4.3189122E-08  -1.7686656E-06   3.7111848E-07   3.3138108E-07  -1.0905375E-04   9.6366339E-07  -3.1201206E-06  -2.4925373E-06   4.4009247E-08  -2.3178302E-04   1.4075220E-05   5.1563083E-05  -1.6433722E-03  -6.3812000E-04  -9.4300059E-05  -8.1896764E-06  -1.6473661E-04  -2.0053840E-05  -4.9855042E-05  -4.0346323E-05  -2.5711636E-05   2.4490861E-07  -6.0294237E-07  -1.4491199E-08  -1.7674749E-06   1.9915307E-08  -2.1335361E-06   4.8335959E-09  -7.8337083E-09
  2.2665495E-07  -2.6330769E-06   3.3138108E-07   5.4578418E-05  -3.7092614E-06   1.0374886E-06   9.8316574E-05   8.8449356E-06  -2.1204593E-06  -3.5785587E-04   1.2199312E-05   4.5282450E-04  -2.0016526E-03  -4.3477746E-03  -2.2910016E-03  -2.9170377E-03  -5.9357177E-04  -3.1325461E-04  -8.9208417E-05  -5.6819681E-04  -1.5110080E-03  -7.0709915E-06  -1.6670111E-06  -1.5376206E-05  -5.6811486E-06  -1.5162123E-06  -4.8245365E-05   2.3839748E-08   2.4452372E-08
  2.3759324E-05   7.0085601E-04  -1.0905375E-04  -3.7092614E-06   4.4446665E-02  -2.0284146E-04   1.5891075E-03   1.1904723E-03  -7.3886471E-06   1.0999397E-01  -5.4023726E-03  -2.7679720E-02   6.9704654E-01   2.9577455E-01   4.1318799E-02  -1.6529951E-02   7.1420592E-02   1.5491294E-02   2.9349819E-02   2.5756252E-02   1.1605765E-02   2.7837227E-05   1.9916939E-04  -1.7667762E-04   3.4831403E-04  -5.4160633E-05   3.8697263E-04  -3.8037661E-06   2.1827251E-06
  3.5468611E-08  -3.2114899E-06   9.6366339E-07   1.0374886E-06  -2.0284146E-04   1.5507160E-05  -2.4092602E-06   1.1764604E-06  -6.3600783E-08   7.8899880E-05  -8.7706403E-06  -1.4069361E-04   1.7366352E-03   1.0159928E-03   6.6833145E-05  -4.9223649E-06   1.1138242E-04   9.3714287E-05  -2.7395038E-05   2.2780655E-04   5.3346584E-04   6.0071803E-06   2.5663622E-06   1.5036709E-06  -1.0800422E-05  -1.5303107E-06  -2.4679413E-06  -3.7650696E-08  -2.3735221E-08
  1.3177094E-06   2.1724333E-05  -3.1201206E-06   9.8316574E-05   1.5891075E-03  -2.4092602E-06   2.6410897E-04   5.6406511E-05   7.3636086E-06   2.3754149E-03  -1.1015707E-04  -4.8091090E-04   2.7422159E-02   6.4968666E-03   1.2548259E-03   1.1097293E-03   8.3264912E-04  -6.8761254E-05   3.6690134E-04  -6.3877421E-04  -5.2929167E-04  -2.0231123E-05   5.1979709E-06  -3.3662029E-05   6.2217362E-07  -2.0941062E-05  -3.5672881E-05   1.7264161E-08   2.1107670E-08
  8.3101709E-07   1.6663694E-05  -2.4925373E-06   8.8449356E-06   1.1904723E-03   1.1764604E-06   5.6406511E-05   4.8441474E-05   3.1932950E-07  -9.0871981E-04  -8.9609743E-05  -8.1826073E-05   5.3595615E-04   2.6419327E-03   1.5683725E-03   3.3179008E-03   3.1952350E-04   8.6797023E-04   7.0775799E-04   7.7274033E-04   2.5197247E-03  -1.2952608E-06   6.0546884E-06  -1.1882941E-05   4.4454320E-06   3.5140876E-06  -5.0729954E-06  -2.0875689E-07   6.1458628E-08
  6.1481237E-09  -2.4559128E-07   4.4009247E-08  -2.1204593E-06  -7.3886471E-06  -6.3600783E-08   7.3636086E-06   3.1932950E-07   6.1487228E-06   3.7865664E-04   1.2261206E-05  -1.1331189E-04   4.1848046E-03   1.2886320E-03   9.9188522E-04   1.9259525E-03  -7.2776383E-05   1.2302175E-04   7.4897258E-05  -3.1506615E-05   8.8247514E-04  -6.5170441E-06  -5.9318126E-07  -1.0131591E-06  -1.3091859E-07  -5.3974611E-06   1.7276041E-05  -1.7604101E-08  -3.4875024E-08
 -1.6318626E-05   1.8949743E-03  -2.3178302E-04  -3.5785587E-04   1.0999397E-01   7.8899880E-05   2.3754149E-03  -9.0871981E-04   3.7865664E-04   4.5601280E+01  -4.0157283E-01  -4.1062772E-01   3.2253556E+01   9.1448152E-01  -1.2685695E+01  -5.5712826E+01   2.1720404E-01   3.1671941E-01   8.6065355E-01  -5.6974993E+00  -3.4424033E+01   1.8383974E-03   7.2481234E-03   1.2752325E-02   1.0080314E-02  -4.2403094E-03   3.4843038E-02  -3.2623603E-04   6.5849415E-04
 -1.9688768E-06  -8.6299890E-05   1.4075220E-05   1.2199312E-05  -5.4023726E-03  -8.7706403E-06  -1.1015707E-04  -8.9609743E-05   1.2261206E-05  -4.0157283E-01   7.9759070E-02  -3.2168507E-02  -6.4781558E-01   9.7390492E-01   1.6947332E+00   6.2508205E-01   1.5792686E-02  -1.6820794E-02   7.7722660E-03   1.4458611E-01   2.2713277E-01   3.0092919E-04  -2.7098482E-04  -6.0931207E-04  -4.9194327E-04  -6.4583987E-04  -8.5306852E-04   4.5427655E-07   1.9677575E-09
 -1.3082844E-05  -4.6499797E-04   5.1563083E-05   4.5282450E-04  -2.7679720E-02  -1.4069361E-04  -4.8091090E-04  -8.1826073E-05  -1.1331189E-04  -4.1062772E-01  -3.2168507E-02   3.8834177E+00  -2.9469214E+01  -3.3827243E+00   7.9589952E+00   4.9355152E+00  -2.7531993E+00  -2.4165565E-01   4.2257819E-02   2.4612301E+00   2.7679874E+00  -2.1542541E-04   4.8100113E-04   1.6298366E-04   1.8435268E-03   2.9568526E-03   6.9345609E-03   1.2395317E-04  -2.3573263E-05
  2.7706930E-04   1.1228623E-02  -1.6433722E-03  -2.0016526E-03   6.9704654E-01   1.7366352E-03   2.7422159E-02   5.3595615E-04   4.1848046E-03   3.2253556E+01  -6.4781558E-01  -2.9469214E+01   7.5365815E+02   6.8413346E+01  -5.1589746E+01  -5.2323161E+01   1.4462906E+01  -5.6674329E+00   6.9597173E+00  -1.1909648E+01  -2.4050233E+01   5.0448962E-02   1.9314847E-02  -1.7478773E-02  -4.6279114E-03  -7.8355968E-02  -9.7078096E-02   3.2320028E-03  -4.7696116E-04
  1.9561271E-05   5.1512280E-03  -6.3812000E-04  -4.3477746E-03   2.9577455E-01   1.0159928E-03   6.4968666E-03   2.6419327E-03   1.2886320E-03   9.1448152E-01   9.7390492E-01  -3.3827243E+00   6.8413346E+01   6.3712139E+01   4.2458333E+01   1.7174771E+01  -4.2435162E+00  -6.8523173E-01  -1.0063864E+00   3.7819428E+00   4.9830722E+00   8.2792849E-03   1.6162028E-03   2.9818617E-03  -3.9278051E-03  -8.6708996E-03  -4.0960230E-03  -1.0874694E-04  -1.8165152E-04
 -6.2999572E-05   9.2287756E-04  -9.4300059E-05  -2.2910016E-03   4.1318799E-02   6.6833145E-05   1.2548259E-03   1.5683725E-03   9.9188522E-04  -1.2685695E+01   1.6947332E+00   7.9589952E+00  -5.1589746E+01   4.2458333E+01   8.7420263E+01   5.3685333E+01  -1.1878765E+01  -1.1260039E+00  -5.8037557E-01   5.4743486E+00   9.3336941E+00   9.6247023E-03  -2.4013833E-04   2.0785119E-04  -3.1320754E-03  -3.4562958E-03   2.9430159E-02   3.6355813E-04  -4.8014473E-04
 -1.2781035E-05  -1.9629453E-04  -8.1896764E-06  -2.9170377E-03  -1.6529951E-02  -4.9223649E-06   1.1097293E-03   3.3179008E-03   1.9259525E-03  -5.5712826E+01   6.2508205E-01   4.9355152E+00  -5.2323161E+01   1.7174771E+01   5.3685333E+01   1.0493911E+02  -9.2903753E+00  -7.2426164E-01  -1.3601000E+00   5.3522360E+00   3.4649147E+01   2.2216385E-03  -4.5338940E-03  -3.7621451E-03  -1.0455858E-02   1.2692961E-02   1.2449432E-02   5.6720500E-04  -1.3869577E-03
  1.9352121E-05   1.2092210E-03  -1.6473661E-04  -5.9357177E-04   7.1420592E-02   1.1138242E-04   8.3264912E-04   3.1952350E-04  -7.2776383E-05   2.1720404E-01   1.5792686E-02  -2.7531993E+00   1.4462906E+01  -4.2435162E+00  -1.1878765E+01  -9.2903753E+00   5.6308731E+00   2.1499195E-01  -7.2811968E-02  -1.8900958E+00  -2.2031359E+00  -9.5801242E-04  -1.5067193E-03  -2.6336079E-03  -2.8243871E-03  -3.9076583E-03  -8.8308830E-03  -6.3364933E-05   4.0336136E-05
  1.1902467E-05   2.5115032E-04  -2.0053840E-05  -3.1325461E-04   1.5491294E-02   9.3714287E-05  -6.8761254E-05   8.6797023E-04   1.2302175E-04   3.1671941E-01  -1.6820794E-02  -2.4165565E-01  -5.6674329E+00  -6.8523173E-01  -1.1260039E+00  -7.2426164E-01   2.1499195E-01   3.2627590E+00   5.1195990E-01  -1.2056620E-01  -3.7477554E-01   5.8844610E-05   1.1594454E-04  -2.8914512E-03  -7.3290072E-04  -1.9856411E-03   4.4244598E-03   1.8334875E-04   4.9755134E-06
  1.2365116E-05   4.2948770E-04  -4.9855042E-05  -8.9208417E-05   2.9349819E-02  -2.7395038E-05   3.6690134E-04   7.0775799E-04   7.4897258E-05   8.6065355E-01   7.7722660E-03   4.2257819E-02   6.9597173E+00  -1.0063864E+00  -5.8037557E-01  -1.3601000E+00  -7.2811968E-02   5.1195990E-01   3.0919490E+00   2.3206985E+00   1.9000432E+00   1.7285016E-03  -4.4786536E-04  -4.0924419E-03  -1.0986908E-03  -9.0837240E-04  -1.0766121E-03  -1.7954661E-04  -4.3109644E-05
  1.1037513E-05   3.8555241E-04  -4.0346323E-05  -5.6819681E-04   2.5756252E-02   2.2780655E-04  -6.3877421E-04   7.7274033E-04  -3.1506615E-05  -5.6974993E+00   1.4458611E-01   2.4612301E+00  -1.1909648E+01   3.7819428E+00   5.4743486E+00   5.3522360E+00  -1.8900958E+00  -1.2056620E-01   2.3206985E+00   1.0219720E+01   1.8269930E+01   2.0962288E-03  -8.4865106E-04  -2.9353352E-03  -2.1798711E-03   7.8590302E-04  -1.1082192E-02  -2.1352141E-05   4.2582384E-04
  4.9184838E-05   2.6174353E-05  -2.5711636E-05  -1.5110080E-03   1.1605765E-02   5.3346584E-04  -5.2929167E-04   2.5197247E-03   8.8247514E-04  -3.4424033E+01   2.2713277E-01   2.7679874E+00  -2.4050233E+01   4.9830722E+00   9.3336941E+00   3.4649147E+01  -2.2031359E+00  -3.7477554E-01   1.9000432E+00   1.8269930E+01   5.3008165E+01   1.7005147E-04  -4.2386381E-03  -8.6201966E-03  -5.0871974E-03   3.8225976E-05  -2.9919624E-02   1.7740916E-04   1.0104909E-03
 -1.9052699E-07   2.5184453E-06   2.4490861E-07  -7.0709915E-06   2.7837227E-05   6.0071803E-06  -2.0231123E-05  -1.2952608E-06  -6.5170441E-06   1.8383974E-03   3.0092919E-04  -2.1542541E-04   5.0448962E-02   8.2792849E-03   9.6247023E-03   2.2216385E-03  -9.5801242E-04   5.8844610E-05   1.7285016E-03   2.0962288E-03   1.7005147E-04   1.4024478E-03   2.7376219E-04   9.0058542E-05  -3.2922056E-04  -1.5975223E-04  -3.8166722E-04   3.7215342E-07   5.4732001E-07
  4.6238840E-08   3.4659868E-06  -6.0294237E-07  -1.6670111E-06   1.9916939E-04   2.5663622E-06   5.1979709E-06   6.0546884E-06  -5.9318126E-07   7.2481234E-03  -2.7098482E-04   4.8100113E-04   1.9314847E-02   1.6162028E-03  -2.4013833E-04  -4.5338940E-03  -1.5067193E-03   1.1594454E-04  -4.4786536E-04  -8.4865106E-04  -4.2386381E-03   2.7376219E-04   8.6196567E-04   1.0718123E-04   7.0840081E-04   4.5440398E-05  -6.8546809E-04   5.8825005E-07   5.1361060E-07
 -3.8551072E-07  -4.3582778E-07  -1.4491199E-08  -1.5376206E-05  -1.7667762E-04   1.5036709E-06  -3.3662029E-05  -1.1882941E-05  -1.0131591E-06   1.2752325E-02  -6.0931207E-04   1.6298366E-04  -1.7478773E-02   2.9818617E-03   2.0785119E-04  -3.7621451E-03  -2.6336079E-03  -2.8914512E-03  -4.0924419E-03  -2.9353352E-03  -8.6201966E-03   9.0058542E-05   1.0718123E-04   7.3450002E-03  -1.9091784E-04   6.4300504E-04   4.5352679E-03  -7.7283274E-07  -2.0149502E-07
  1.0813472E-07   5.6761179E-06  -1.7674749E-06  -5.6811486E-06   3.4831403E-04  -1.0800422E-05   6.2217362E-07   4.4454320E-06  -1.3091859E-07   1.0080314E-02  -4.9194327E-04   1.8435268E-03  -4.6279114E-03  -3.9278051E-03  -3.1320754E-03  -1.0455858E-02  -2.8243871E-03  -7.3290072E-04  -1.0986908E-03  -2.1798711E-03  -5.0871974E-03  -3.2922056E-04   7.0840081E-04  -1.9091784E-04   2.8375836E-03   4.9821641E-04  -7.3591874E-04   7.8215678E-07   8.8420411E-07
 -6.9817478E-07  -1.0203094E-06   1.9915307E-08  -1.5162123E-06  -5.4160633E-05  -1.5303107E-06  -2.0941062E-05   3.5140876E-06  -5.3974611E-06  -4.2403094E-03  -6.4583987E-04   2.9568526E-03  -7.8355968E-02  -8.6708996E-03  -3.4562958E-03   1.2692961E-02  -3.9076583E-03  -1.9856411E-03  -9.0837240E-04   7.8590302E-04   3.8225976E-05  -1.5975223E-04   4.5440398E-05   6.4300504E-04   4.9821641E-04   6.5389602E-03   7.9519676E-03  -2.9644750E-07  -1.2488139E-06
 -1.5332773E-06   1.1717594E-05  -2.1335361E-06  -4.8245365E-05   3.8697263E-04  -2.4679413E-06  -3.5672881E-05  -5.0729954E-06   1.7276041E-05   3.4843038E-02  -8.5306852E-04   6.9345609E-03  -9.7078096E-02  -4.0960230E-03   2.9430159E-02   1.2449432E-02  -8.8308830E-03   4.4244598E-03  -1.0766121E-03  -1.1082192E-02  -2.9919624E-02  -3.8166722E-04  -6.8546809E-04   4.5352679E-03  -7.3591874E-04   7.9519676E-03   7.1162499E-02  -2.6998366E-06  -6.3006824E-06
  6.2387117E-10  -5.8264708E-08   4.8335959E-09   2.3839748E-08  -3.8037661E-06  -3.7650696E-08   1.7264161E-08  -2.0875689E-07  -1.7604101E-08  -3.2623603E-04   4.5427655E-07   1.2395317E-04   3.2320028E-03  -1.0874694E-04   3.6355813E-04   5.6720500E-04  -6.3364933E-05   1.8334875E-04  -1.7954661E-04  -2.1352141E-05   1.7740916E-04   3.7215342E-07   5.8825005E-07  -7.7283274E-07   7.8215678E-07  -2.9644750E-07  -2.6998366E-06   3.6759640E-07  -1.9056819E-09
  1.8467040E-09   2.0230116E-08  -7.8337083E-09   2.4452372E-08   2.1827251E-06  -2.3735221E-08   2.1107670E-08   6.1458628E-08  -3.4875024E-08   6.5849415E-04   1.9677575E-09  -2.3573263E-05  -4.7696116E-04  -1.8165152E-04  -4.8014473E-04  -1.3869577E-03   4.0336136E-05   4.9755134E-06  -4.3109644E-05   4.2582384E-04   1.0104909E-03   5.4732001E-07   5.1361060E-07  -2.0149502E-07   8.8420411E-07  -1.2488139E-06  -6.3006824E-06  -1.9056819E-09   4.1368917E-07
