# omegabh2 omegach2 theta tau mnu nnu logA ns calPlanck aps100 aps143 aps217 acib217 asz143 psr cibr xi aksz dust100 dust143 dust217 dust143x217 cal0 cal2
  5.1916683E-08   4.0988266E-07  -2.8442101E-08   2.6376899E-07   1.5781348E-06   2.9236556E-05   1.7423765E-06   1.1917951E-06   1.8818869E-08  -1.4362742E-05   3.5131346E-07  -7.1867991E-05   4.2823454E-05   6.7837015E-06  -1.7286584E-07   1.2638417E-06  -2.3612908E-07   2.8497428E-06   2.0316020E-06   5.4776807E-07   2.4123776E-08   2.2907369E-07   2.6120897E-09   8.1643854E-09
  4.0988266E-07   1.4366491E-05  -1.4681882E-06  -1.7083338E-06   2.8924011E-05   8.4576265E-04   3.2659820E-05   2.4750615E-05  -3.9148212E-07   2.0313975E-02   1.2721616E-02  -5.1594662E-03   6.6681000E-03  -6.5084063E-04  -4.4653916E-05   1.2660769E-04  -6.0271797E-05   1.5462638E-03   2.0243102E-05   3.6237583E-05  -2.0811429E-05   1.9715228E-05  -8.0083729E-08   6.5009130E-07
 -2.8442101E-08  -1.4681882E-06   3.3497961E-07   1.2683316E-07  -3.4105207E-06  -9.1812535E-05  -3.3164473E-06  -2.6537210E-06   2.1076418E-08  -2.2505997E-03  -1.4050940E-03   2.9749175E-04  -5.9746019E-04   7.7580782E-05   3.5778911E-06  -1.0247350E-05   4.6541438E-06  -1.6282224E-04  -1.3678313E-06  -3.3899060E-06   1.5818812E-06  -2.7147389E-06   6.3805966E-09  -6.0749426E-08
  2.6376899E-07  -1.7083338E-06   1.2683316E-07   4.6609378E-05   6.3318811E-05   5.4301791E-05   8.8022510E-05   1.0271262E-05  -2.5701109E-07  -8.8418540E-03  -3.6289042E-03   7.5040347E-04  -1.5215985E-03   2.8150470E-04   2.3534488E-05  -4.8454535E-05   3.4833661E-05  -3.1792637E-04   9.8288595E-06  -1.3553483E-06  -5.4556969E-06   1.8205886E-07  -1.2777571E-07  -2.9094396E-07
  1.5781348E-06   2.8924011E-05  -3.4105207E-06   6.3318811E-05   1.6663028E-03   2.3487382E-03   2.1440284E-04   9.3994184E-05   4.7990961E-06   5.3096036E-02   3.9236581E-02  -5.3886674E-03   1.7466231E-02  -9.8702533E-05  -3.6560676E-05   3.8438099E-04  -1.3772526E-04   4.0655274E-04   1.2689251E-04  -1.3221863E-04  -2.7082466E-05   4.5573409E-05   1.5027558E-06   2.6575145E-06
  2.9236556E-05   8.4576265E-04  -9.1812535E-05   5.4301791E-05   2.3487382E-03   5.4034391E-02   2.2804527E-03   1.7376199E-03  -7.7066540E-06   1.2701938E+00   7.8883544E-01  -3.1267566E-01   4.1233934E-01  -4.1006403E-02  -2.6940376E-03   7.7677486E-03  -3.3695241E-03   9.5368643E-02   1.3373265E-03   1.8491134E-03  -1.3247171E-03   1.0696958E-03  -2.1056358E-06   4.0802553E-05
  1.7423765E-06   3.2659820E-05  -3.3164473E-06   8.8022510E-05   2.1440284E-04   2.2804527E-03   2.8488140E-04   8.4748872E-05   1.0641882E-05   3.7526888E-02   2.6393501E-02  -3.8983099E-03   1.2743748E-02  -8.4664142E-04  -3.1007441E-05   1.6886636E-04  -6.5205134E-05   2.1012872E-03   6.4466464E-05  -8.9213414E-06  -4.3553481E-05   3.6821398E-05   2.4970524E-07   1.0455819E-06
  1.1917951E-06   2.4750615E-05  -2.6537210E-06   1.0271262E-05   9.3994184E-05   1.7376199E-03   8.4748872E-05   7.2655679E-05   6.0891328E-07   1.6819093E-02   1.7520616E-02  -5.6298221E-04   6.7974317E-03  -8.5189240E-04  -2.1285437E-05   1.3033381E-04  -3.0938799E-05   9.0593845E-04   6.8437892E-05   1.8230895E-05  -1.3714367E-05   1.7753369E-05  -3.5781314E-07   9.7521083E-07
  1.8818869E-08  -3.9148212E-07   2.1076418E-08  -2.5701109E-07   4.7990961E-06  -7.7066540E-06   1.0641882E-05   6.0891328E-07   6.0372810E-06   1.9314547E-03   3.1263587E-04   1.5403353E-03   3.9400929E-04   7.3396440E-05   4.3248409E-06  -5.2721922E-06  -7.4212947E-06  -1.6467928E-04   1.4575653E-06  -3.3350859E-06   5.7197123E-06  -1.7141964E-07   1.4300992E-08  -3.8819470E-08
 -1.4362742E-05   2.0313975E-02  -2.2505997E-03  -8.8418540E-03   5.3096036E-02   1.2701938E+00   3.7526888E-02   1.6819093E-02   1.9314547E-03   6.3006425E+02   7.8530426E+01  -5.8942413E+01   3.9117922E+01  -2.5352790E+01  -8.8696830E-01   9.9117004E-02  -3.7376233E-01   1.3292316E+01  -1.7383758E-01   2.9228484E-01  -2.6627913E-01  -1.8569541E-01   6.5718444E-03   3.7605886E-03
  3.5131346E-07   1.2721616E-02  -1.4050940E-03  -3.6289042E-03   3.9236581E-02   7.8883544E-01   2.6393501E-02   1.7520616E-02   3.1263587E-04   7.8530426E+01   8.0592412E+01   3.4610487E+00   1.3769926E+01  -1.0378801E+00  -4.7344997E-02   5.6963004E-01   8.2255969E-01  -6.7412599E+00  -3.3962524E-02  -2.0009140E-01   2.5547110E-02   7.9297293E-02   7.0592020E-04   1.4754498E-03
 -7.1867991E-05  -5.1594662E-03   2.9749175E-04   7.5040347E-04  -5.3886674E-03  -3.1267566E-01  -3.8983099E-03  -5.6298221E-04   1.5403353E-03  -5.8942413E+01   3.4610487E+00   1.7891637E+02  -8.6611750E+01   2.4641073E+00   3.7366281E-01  -1.1316712E+00   3.7791586E-01  -7.4246522E+00  -4.5111305E-02  -2.9873205E-01   5.5249410E-01  -1.6805881E-02   1.8977288E-03  -8.1223530E-03
  4.2823454E-05   6.6681000E-03  -5.9746019E-04  -1.5215985E-03   1.7466231E-02   4.1233934E-01   1.2743748E-02   6.7974317E-03   3.9400929E-04   3.9117922E+01   1.3769926E+01  -8.6611750E+01   5.5854782E+01   1.4749045E+00  -7.5947943E-02   8.0298715E-01  -2.9826181E-01  -2.0900760E+00   2.1436465E-02   1.7715827E-01  -4.5801154E-01  -1.1066240E-01  -6.6646567E-04   3.5434776E-03
  6.7837015E-06  -6.5084063E-04   7.7580782E-05   2.8150470E-04  -9.8702533E-05  -4.1006403E-02  -8.4664142E-04  -8.5189240E-04   7.3396440E-05  -2.5352790E+01  -1.0378801E+00   2.4641073E+00   1.4749045E+00   4.2550728E+00   1.0136619E-01   1.3903252E-01  -3.8321308E-02  -3.4925339E+00  -5.1577007E-03  -1.0433128E-02   7.8027899E-03   4.9372698E-02   4.7186634E-04  -2.4971418E-04
 -1.7286584E-07  -4.4653916E-05   3.5778911E-06   2.3534488E-05  -3.6560676E-05  -2.6940376E-03  -3.1007441E-05  -2.1285437E-05   4.3248409E-06  -8.8696830E-01  -4.7344997E-02   3.7366281E-01  -7.5947943E-02   1.0136619E-01   1.6683090E-02  -1.6999508E-02   1.2449729E-02  -1.0824112E-01  -2.8274017E-05  -1.3531000E-03  -2.4394850E-03   5.2526858E-03   1.8624858E-05  -3.7894251E-05
  1.2638417E-06   1.2660769E-04  -1.0247350E-05  -4.8454535E-05   3.8438099E-04   7.7677486E-03   1.6886636E-04   1.3033381E-04  -5.2721922E-06   9.9117004E-02   5.6963004E-01  -1.1316712E+00   8.0298715E-01   1.3903252E-01  -1.6999508E-02   6.6576215E-02   2.5943880E-03  -1.3448974E-01   5.4419011E-04   7.0014181E-03  -7.5701683E-04  -1.7566355E-02  -1.0267313E-05   9.9742738E-05
 -2.3612908E-07  -6.0271797E-05   4.6541438E-06   3.4833661E-05  -1.3772526E-04  -3.3695241E-03  -6.5205134E-05  -3.0938799E-05  -7.4212947E-06  -3.7376233E-01   8.2255969E-01   3.7791586E-01  -2.9826181E-01  -3.8321308E-02   1.2449729E-02   2.5943880E-03   8.2880142E-02   3.3311878E-02   9.1092038E-05   5.0760143E-04   1.4606242E-03   1.3677942E-03   1.2278457E-05  -4.8256825E-06
  2.8497428E-06   1.5462638E-03  -1.6282224E-04  -3.1792637E-04   4.0655274E-04   9.5368643E-02   2.1012872E-03   9.0593845E-04  -1.6467928E-04   1.3292316E+01  -6.7412599E+00  -7.4246522E+00  -2.0900760E+00  -3.4925339E+00  -1.0824112E-01  -1.3448974E-01   3.3311878E-02   7.4663948E+00  -1.8926085E-03   6.8986507E-03  -3.6629255E-03  -4.2751563E-02  -3.5028670E-04   9.4597150E-05
  2.0316020E-06   2.0243102E-05  -1.3678313E-06   9.8288595E-06   1.2689251E-04   1.3373265E-03   6.4466464E-05   6.8437892E-05   1.4575653E-06  -1.7383758E-01  -3.3962524E-02  -4.5111305E-02   2.1436465E-02  -5.1577007E-03  -2.8274017E-05   5.4419011E-04   9.1092038E-05  -1.8926085E-03   3.7613139E-02   2.8358104E-03  -2.9601398E-05   4.3623422E-04   3.7202208E-05  -3.9439151E-09
  5.4776807E-07   3.6237583E-05  -3.3899060E-06  -1.3553483E-06  -1.3221863E-04   1.8491134E-03  -8.9213414E-06   1.8230895E-05  -3.3350859E-06   2.9228484E-01  -2.0009140E-01  -2.9873205E-01   1.7715827E-01  -1.0433128E-02  -1.3531000E-03   7.0014181E-03   5.0760143E-04   6.8986507E-03   2.8358104E-03   3.0625036E-02  -7.6816682E-04   5.4487217E-03  -8.2162058E-05  -4.1777779E-05
  2.4123776E-08  -2.0811429E-05   1.5818812E-06  -5.4556969E-06  -2.7082466E-05  -1.3247171E-03  -4.3553481E-05  -1.3714367E-05   5.7197123E-06  -2.6627913E-01   2.5547110E-02   5.5249410E-01  -4.5801154E-01   7.8027899E-03  -2.4394850E-03  -7.5701683E-04   1.4606242E-03  -3.6629255E-03  -2.9601398E-05  -7.6816682E-04   1.0665890E-02   8.6125992E-03   4.6624088E-06   6.2062394E-05
  2.2907369E-07   1.9715228E-05  -2.7147389E-06   1.8205886E-07   4.5573409E-05   1.0696958E-03   3.6821398E-05   1.7753369E-05  -1.7141964E-07  -1.8569541E-01   7.9297293E-02  -1.6805881E-02  -1.1066240E-01   4.9372698E-02   5.2526858E-03  -1.7566355E-02   1.3677942E-03  -4.2751563E-02   4.3623422E-04   5.4487217E-03   8.6125992E-03   2.6814292E-02  -3.2921840E-06   6.0593305E-05
  2.6120897E-09  -8.0083729E-08   6.3805966E-09  -1.2777571E-07   1.5027558E-06  -2.1056358E-06   2.4970524E-07  -3.5781314E-07   1.4300992E-08   6.5718444E-03   7.0592020E-04   1.8977288E-03  -6.6646567E-04   4.7186634E-04   1.8624858E-05  -1.0267313E-05   1.2278457E-05  -3.5028670E-04   3.7202208E-05  -8.2162058E-05   4.6624088E-06  -3.2921840E-06   1.1326565E-06   4.2495931E-08
  8.1643854E-09   6.5009130E-07  -6.0749426E-08  -2.9094396E-07   2.6575145E-06   4.0802553E-05   1.0455819E-06   9.7521083E-07  -3.8819470E-08   3.7605886E-03   1.4754498E-03  -8.1223530E-03   3.5434776E-03  -2.4971418E-04  -3.7894251E-05   9.9742738E-05  -4.8256825E-06   9.4597150E-05  -3.9439151E-09  -4.1777779E-05   6.2062394E-05   6.0593305E-05   4.2495931E-08   2.4997660E-06
