# logA nnu ns ombh2 omch2 tau theta_MC_100 A_planck amp_143 amp_217 amp_143x217 n_143 n_217 n_143x217 calTE calEE
3.293792172433329473e-04 2.144440284236710185e-03 8.608423563330874762e-05 1.870622040328388155e-06 2.855434687439680183e-05 1.140760802858704643e-04 -3.022064699966718063e-06 1.090974581144224202e-05 7.995845488126995110e-03 7.619268840662375870e-03 7.740042988728378613e-03 1.761856760045208897e-05 -6.310226074270252001e-04 -1.123876578094867981e-03 4.341360510932769366e-06 2.071564375790317655e-05
2.144440284236710185e-03 5.019314785648591043e-02 1.785325903903202871e-03 3.505123856930659668e-05 6.876962044833441132e-04 1.943102201226665421e-04 -7.748261812222650025e-05 5.934428249326844150e-08 3.824820157542824228e-01 3.699737033488880167e-01 3.807102026105292913e-01 -1.197799296592754262e-02 -4.376446137907716305e-02 -7.379495141720254781e-02 2.338423698199711977e-04 5.303121261257054886e-04
8.608423563330874762e-05 1.785325903903202871e-03 8.212622117560695596e-05 1.525752061897315072e-06 2.083092062219015758e-05 1.565989192292611100e-05 -2.373767339327330630e-06 6.077857634943722099e-07 8.459341169100256796e-03 8.312536185924944421e-03 8.502022747833562141e-03 -2.403927042893725340e-04 -8.936237401111108173e-04 -1.535319703700706914e-03 9.061071137818421195e-06 1.796398263594691262e-05
1.870622040328388155e-06 3.505123856930660346e-05 1.525752061897315072e-06 4.453901976582594191e-08 3.910607148757595982e-07 3.781739308279301503e-07 -4.057113353933334571e-08 1.632239352210568740e-08 1.667398911327045785e-04 1.621128809722663649e-04 1.668532016388103950e-04 -7.990196322694676455e-06 -2.110978077549230161e-05 -3.630765671822923211e-05 1.109147454287346985e-07 2.073738863723388998e-07
2.855434687439680183e-05 6.876962044833441132e-04 2.083092062219015758e-05 3.910607148757595982e-07 1.096713180043408717e-05 5.282204653292354536e-07 -1.189714792624867954e-06 -1.408774843719198920e-07 5.497058405619612530e-03 5.308678058234177731e-03 5.467365609986800726e-03 -1.538758812523567459e-04 -6.111331636662935491e-04 -1.029245211307104873e-03 2.920790842031813791e-06 6.642098202481320061e-06
1.140760802858704643e-04 1.943102201226665421e-04 1.565989192292611100e-05 3.781739308279302032e-07 5.282204653292354536e-07 5.594310427929244546e-05 -4.463966357442403868e-08 -1.704068025041729840e-07 -1.673053666844706924e-03 -1.599863951789446716e-03 -1.628117408840285083e-03 5.947129311944034135e-05 2.061607107435337342e-04 3.300980455420743668e-04 -1.658508419605908742e-06 7.916268153821161923e-07
-3.022064699966718063e-06 -7.748261812222650025e-05 -2.373767339327330630e-06 -4.057113353933334571e-08 -1.189714792624867954e-06 -4.463966357442403868e-08 1.978927928786028153e-07 1.764326026207002988e-08 -5.991297329716511501e-04 -5.787968607185130839e-04 -5.968720383286032312e-04 1.577398099367410361e-05 6.646299474811955747e-05 1.126168214988813925e-04 -3.803214781967109296e-07 -7.811737421703665637e-07
1.090974581144224202e-05 5.934428249326909001e-08 6.077857634943722099e-07 1.632239352210568740e-08 -1.408774843719198920e-07 -1.704068025041729840e-07 1.764326026207002988e-08 5.804152875275929979e-06 -4.085259451263385973e-05 -5.757927870217319569e-05 -1.309828805833834471e-04 3.813007144274392338e-06 3.420620542743279982e-05 5.056514687874230385e-05 -3.042206770254528383e-07 -2.316218841056681117e-07
7.995845488126998579e-03 3.824820157542824228e-01 8.459341169100256796e-03 1.667398911327045785e-04 5.497058405619612530e-03 -1.673053666844706491e-03 -5.991297329716511501e-04 -4.085259451263385295e-05 7.784556634262312258e+00 7.009039251273413207e+00 7.400974774333930917e+00 -3.594825388877370687e-01 -1.045664200029013946e+00 -1.752622942493885949e+00 1.138549409952164214e-03 3.791320541883188861e-03
7.619268840662376738e-03 3.699737033488880167e-01 8.312536185924942686e-03 1.621128809722663649e-04 5.308678058234177731e-03 -1.599863951789446933e-03 -5.787968607185130839e-04 -5.757927870217318891e-05 7.009039251273413207e+00 7.260771155042564651e+00 7.208220435785664293e+00 -4.132079518277466113e-01 -1.073482651499856777e+00 -1.774737333737061773e+00 1.034444094023191608e-03 3.550299255251377576e-03
7.740042988728378613e-03 3.807102026105292913e-01 8.502022747833562141e-03 1.668532016388103950e-04 5.467365609986800726e-03 -1.628117408840285083e-03 -5.968720383286032312e-04 -1.309828805833834471e-04 7.400974774333930917e+00 7.208220435785664293e+00 7.501381681870814333e+00 -4.222380253248571580e-01 -1.083747564092011562e+00 -1.797627451470194870e+00 1.070035027243959255e-03 3.659622975828416731e-03
1.761856760045207881e-05 -1.197799296592754262e-02 -2.403927042893725340e-04 -7.990196322694676455e-06 -1.538758812523568001e-04 5.947129311944033457e-05 1.577398099367410361e-05 3.813007144274392338e-06 -3.594825388877370687e-01 -4.132079518277466113e-01 -4.222380253248571580e-01 7.339760061613682940e-02 6.977000533816510308e-02 1.444859842762475921e-01 9.380521959371778968e-05 6.659537116764468307e-05
-6.310226074270253085e-04 -4.376446137907716305e-02 -8.936237401111108173e-04 -2.110978077549230161e-05 -6.111331636662935491e-04 2.061607107435337342e-04 6.646299474811955747e-05 3.420620542743279982e-05 -1.045664200029013946e+00 -1.073482651499856777e+00 -1.083747564092011562e+00 6.977000533816510308e-02 2.186561722699229271e-01 3.303897203100094049e-01 -5.852711161803917647e-05 -3.039114992517120994e-04
-1.123876578094867981e-03 -7.379495141720254781e-02 -1.535319703700706914e-03 -3.630765671822923211e-05 -1.029245211307104873e-03 3.300980455420744210e-04 1.126168214988813925e-04 5.056514687874230385e-05 -1.752622942493885949e+00 -1.774737333737061773e+00 -1.797627451470194870e+00 1.444859842762475921e-01 3.303897203100094049e-01 6.405928595298830963e-01 -5.982214901984577707e-05 -5.132865614544257623e-04
4.341360510932769366e-06 2.338423698199711977e-04 9.061071137818421195e-06 1.109147454287346985e-07 2.920790842031813791e-06 -1.658508419605908742e-06 -3.803214781967109296e-07 -3.042206770254528383e-07 1.138549409952164431e-03 1.034444094023191608e-03 1.070035027243959255e-03 9.380521959371778968e-05 -5.852711161803917647e-05 -5.982214901984577707e-05 1.767257388560052606e-05 8.031212996501234708e-06
2.071564375790317655e-05 5.303121261257054886e-04 1.796398263594691262e-05 2.073738863723388998e-07 6.642098202481320061e-06 7.916268153821160865e-07 -7.811737421703665637e-07 -2.316218841056681117e-07 3.791320541883188861e-03 3.550299255251377576e-03 3.659622975828416731e-03 6.659537116764468307e-05 -3.039114992517120994e-04 -5.132865614544256539e-04 8.031212996501234708e-06 2.427819491164850428e-05
