# omegabh2 omegach2 theta tau nnu logA ns calPlanck galfTE100 galfTE100143 galfTE100217 galfTE143 galfTE143217 galfTE217 cal0 cal2
  8.0379787E-08   8.7291472E-07  -1.1099742E-07   4.5589443E-08   5.6884449E-05   2.3977987E-06   2.3996473E-06  -1.8489193E-08   2.9560529E-07   6.4767387E-08   9.9825426E-07  -4.1105173E-07  -1.5871768E-06  -8.5826871E-07   3.6622260E-09  -2.3316689E-10
  8.7291472E-07   3.2557373E-05  -4.0694742E-06  -3.7790943E-06   1.9031594E-03   6.0809743E-05   3.7300209E-05  -2.5052932E-07   3.0846840E-06   4.6872729E-06   1.7293207E-06   4.2160900E-06  -2.1370423E-05   4.3208019E-05   3.6465380E-08   3.0800111E-08
 -1.1099742E-07  -4.0694742E-06   7.4367905E-07   3.4913826E-07  -2.4681058E-04  -7.9507748E-06  -5.2184649E-06   2.4648434E-08  -8.0432451E-07  -6.8067222E-07  -2.2348917E-06   8.0799977E-08   2.2390793E-06  -7.4054337E-06  -6.5371356E-09  -3.5504236E-09
  4.5589443E-08  -3.7790943E-06   3.4913826E-07   5.5956133E-05  -7.2005293E-05   9.7374614E-05   9.8958350E-06  -6.3893969E-07  -5.5490325E-06   5.1931013E-06   1.1984633E-05   2.6165103E-06  -1.2314427E-05  -1.8425995E-05   2.5685632E-09  -1.6599259E-07
  5.6884449E-05   1.9031594E-03  -2.4681058E-04  -7.2005293E-05   1.1548819E-01   3.9309550E-03   2.5376641E-03  -4.9253654E-06   1.8836560E-04   2.8917670E-04   2.8088748E-04   1.5387545E-04  -1.3297335E-03   2.5456473E-03   2.6897379E-06   1.5478389E-06
  2.3977987E-06   6.0809743E-05  -7.9507748E-06   9.7374614E-05   3.9309550E-03   3.5865279E-04   1.1798567E-04   9.0504401E-06  -8.1992513E-06   1.9677787E-05   2.7912366E-05   2.1045979E-05  -5.9219162E-05   1.2009238E-04   4.5141752E-07  -1.0724767E-07
  2.3996473E-06   3.7300209E-05  -5.2184649E-06   9.8958350E-06   2.5376641E-03   1.1798567E-04   1.5418350E-04  -3.2484515E-07  -4.7866213E-06  -1.0016581E-05   2.1821978E-05  -2.5189843E-05  -8.9731318E-06   1.5330478E-04   2.2792791E-07   3.3861536E-09
 -1.8489193E-08  -2.5052932E-07   2.4648434E-08  -6.3893969E-07  -4.9253654E-06   9.0504401E-06  -3.2484515E-07   6.1352150E-06  -3.1044860E-07   4.1178820E-07  -8.6623942E-06   5.3988654E-06   6.3421228E-07  -1.8230634E-05   8.3655835E-08  -4.9873502E-09
  2.9560529E-07   3.0846840E-06  -8.0432451E-07  -5.5490325E-06   1.8836560E-04  -8.1992513E-06  -4.7866213E-06  -3.1044860E-07   1.4738880E-03   2.5257600E-04   1.1056582E-04  -3.5515429E-04  -4.9876257E-05  -3.7246346E-05  -1.5253908E-07  -5.2990444E-07
  6.4767387E-08   4.6872729E-06  -6.8067222E-07   5.1931013E-06   2.8917670E-04   1.9677787E-05  -1.0016581E-05   4.1178820E-07   2.5257600E-04   8.7760909E-04  -1.2273867E-05   7.7973812E-04   1.1524111E-05  -7.5766856E-04   4.7555705E-07   2.0514615E-07
  9.9825426E-07   1.7293207E-06  -2.2348917E-06   1.1984633E-05   2.8088748E-04   2.7912366E-05   2.1821978E-05  -8.6623942E-06   1.1056582E-04  -1.2273867E-05   7.5230840E-03  -4.4672696E-04   5.8357882E-04   3.4365515E-03  -1.6588769E-07   5.1038830E-07
 -4.1105173E-07   4.2160900E-06   8.0799977E-08   2.6165103E-06   1.5387545E-04   2.1045979E-05  -2.5189843E-05   5.3988654E-06  -3.5515429E-04   7.7973812E-04  -4.4672696E-04   2.9150259E-03   2.8176010E-04  -1.7560582E-03  -5.0385756E-07   1.3855330E-07
 -1.5871768E-06  -2.1370423E-05   2.2390793E-06  -1.2314427E-05  -1.3297335E-03  -5.9219162E-05  -8.9731318E-06   6.3421228E-07  -4.9876257E-05   1.1524111E-05   5.8357882E-04   2.8176010E-04   6.5246766E-03   7.8317518E-03  -2.2561639E-06   3.4471541E-07
 -8.5826871E-07   4.3208019E-05  -7.4054337E-06  -1.8425995E-05   2.5456473E-03   1.2009238E-04   1.5330478E-04  -1.8230634E-05  -3.7246346E-05  -7.5766856E-04   3.4365515E-03  -1.7560582E-03   7.8317518E-03   7.1492301E-02  -7.7222321E-06   5.0601893E-06
  3.6622260E-09   3.6465380E-08  -6.5371356E-09   2.5685632E-09   2.6897379E-06   4.5141752E-07   2.2792791E-07   8.3655835E-08  -1.5253908E-07   4.7555705E-07  -1.6588769E-07  -5.0385756E-07  -2.2561639E-06  -7.7222321E-06   5.0396527E-07   3.8167482E-10
 -2.3316689E-10   3.0800111E-08  -3.5504236E-09  -1.6599259E-07   1.5478389E-06  -1.0724767E-07   3.3861536E-09  -4.9873502E-09  -5.2990444E-07   2.0514615E-07   5.1038830E-07   1.3855330E-07   3.4471541E-07   5.0601893E-06   3.8167482E-10   4.1866080E-07
