# omegabh2 omegach2 theta tau mnu logA ns calPlanck acib217 xi asz143 aps100 aps143 aps143217 aps217 aksz kgal100 kgal143 kgal143217 kgal217 cal0 cal2
  5.8890994E-08  -3.1522951E-07   6.6660026E-08   3.6378108E-07  -2.0605797E-05   2.1712642E-07   9.3614877E-07   1.7124303E-08  -1.6621834E-04   3.4460649E-06   6.1247030E-05  -1.0820659E-03  -6.5866051E-04  -2.6020735E-04  -1.1424952E-04  -8.6408477E-05   5.0274432E-06  -7.1162043E-06  -1.7895084E-05   1.1669314E-05   2.9386026E-09  -4.3744502E-09
 -3.1522951E-07   4.8673181E-06  -5.6309984E-07  -3.8406023E-06   1.3454823E-04   2.8395523E-06  -1.1388743E-05  -2.0231932E-07   5.0843501E-04  -4.2272844E-06  -2.5066706E-04   4.5854075E-03   2.9460356E-03   1.6285117E-03   9.9156521E-04   2.3296902E-04  -1.1190511E-04   1.6674940E-05   6.9004857E-05  -6.6603081E-06  -2.8243742E-08   2.2582727E-08
  6.6660026E-08  -5.6309984E-07   2.5784473E-07   4.8939618E-07  -3.5347672E-05  -9.4979250E-09   1.7033150E-06  -7.5107996E-09  -1.2223741E-04   1.8332007E-06   5.1046254E-05  -9.5213972E-04  -5.6188929E-04  -2.7043567E-04  -1.6235641E-04  -6.5938388E-05   1.8189588E-05  -3.7666312E-06  -7.2888486E-06   1.7412257E-05   2.3960847E-09  -3.0478938E-09
  3.6378108E-07  -3.8406023E-06   4.8939618E-07   4.3401178E-05  -7.5256396E-05   7.8186087E-05   1.0441348E-05   9.1381118E-09  -1.5561934E-03   2.5689836E-05   4.5653382E-04  -7.3853673E-03  -4.6042278E-03  -1.3915439E-03  -3.4077970E-04  -7.2846249E-04   6.0221102E-06  -7.4204500E-05  -2.1397556E-04   2.4312859E-04   1.5463017E-08  -5.0910562E-08
 -2.0605797E-05   1.3454823E-04  -3.5347672E-05  -7.5256396E-05   3.1864254E-02   2.9433952E-05  -4.6215729E-04   1.1036037E-05   8.6499113E-02  -2.0484505E-03  -2.5806500E-02   5.9642850E-01   2.8348158E-01   1.0270011E-01   4.1868302E-02   4.3995523E-02   3.0068617E-03   1.0108880E-02   7.2354253E-03  -1.7746322E-02  -1.7301872E-08   4.8013659E-07
  2.1712642E-07   2.8395523E-06  -9.4979250E-09   7.8186087E-05   2.9433952E-05   1.9199845E-04  -4.4808593E-06   1.2427718E-05  -2.8324400E-03   7.9449418E-05   5.9398476E-04  -5.7056857E-03  -2.7760070E-03   3.2579205E-03   7.9260792E-03  -2.1988684E-03  -6.0122817E-04  -8.1529534E-04  -8.1028614E-04   2.2489734E-03   1.6304605E-07  -7.8764619E-08
  9.3614877E-07  -1.1388743E-05   1.7033150E-06   1.0441348E-05  -4.6215729E-04  -4.4808593E-06   3.8103234E-05   5.1360652E-07  -5.5925165E-03   1.2485769E-04   1.8132742E-03  -3.7670882E-02  -1.3930023E-02  -1.5949679E-03   2.4744361E-03  -3.1377939E-03   5.4997169E-04  -3.5803940E-04  -3.3605214E-04   1.4279748E-03  -7.3978937E-08  -1.2512295E-07
  1.7124303E-08  -2.0231932E-07  -7.5107996E-09   9.1381118E-09   1.1036037E-05   1.2427718E-05   5.1360652E-07   6.4366618E-06   5.5035420E-04  -7.3600916E-06   5.6151236E-05   2.8746304E-03   3.9207850E-04   3.7634276E-04   1.5242537E-03  -6.2017224E-05   7.5289522E-06   4.1911581E-06   6.3313542E-05   1.0106161E-03   6.2985733E-09  -1.0582304E-08
 -1.6621834E-04   5.0843501E-04  -1.2223741E-04  -1.5561934E-03   8.6499113E-02  -2.8324400E-03  -5.5925165E-03   5.5035420E-04   4.3489671E+01  -3.8863040E-01  -8.9693627E-01   3.5669858E+01   2.8910120E+00  -1.2293203E+01  -5.2890229E+01  -1.2176233E-01   1.3043324E-01   6.5045007E-01  -5.6359492E+00  -3.2599486E+01  -2.9247369E-04   6.6649682E-04
  3.4460649E-06  -4.2272844E-06   1.8332007E-06   2.5689836E-05  -2.0484505E-03   7.9449418E-05   1.2485769E-04  -7.3600916E-06  -3.8863040E-01   8.3049302E-02  -4.3067056E-02  -6.1285211E-01   8.6953207E-01   1.6431782E+00   6.0617631E-01   3.9668923E-02  -4.6530240E-03   4.3769006E-03   9.8951299E-02   1.3102060E-01   4.9611351E-06  -2.7488563E-06
  6.1247030E-05  -2.5066706E-04   5.1046254E-05   4.5653382E-04  -2.5806500E-02   5.9398476E-04   1.8132742E-03   5.6151236E-05  -8.9693627E-01  -4.3067056E-02   4.0946550E+00  -3.2735555E+01  -3.6429901E+00   8.1910406E+00   5.7319132E+00  -3.1246816E+00  -2.5375059E-01   1.7888054E-01   2.7376317E+00   3.3060521E+00   9.5278534E-05  -5.0103767E-05
 -1.0820659E-03   4.5854075E-03  -9.5213972E-04  -7.3853673E-03   5.9642850E-01  -5.7056857E-03  -3.7670882E-02   2.8746304E-03   3.5669858E+01  -6.1285211E-01  -3.2735555E+01   8.1969368E+02   7.8826293E+01  -5.5808217E+01  -5.9706151E+01   1.7301804E+01  -6.1501425E+00   5.4245874E+00  -1.2379718E+01  -2.2257966E+01   3.9428062E-03   6.4469704E-04
 -6.5866051E-04   2.9460356E-03  -5.6188929E-04  -4.6042278E-03   2.8348158E-01  -2.7760070E-03  -1.3930023E-02   3.9207850E-04   2.8910120E+00   8.6953207E-01  -3.6429901E+00   7.8826293E+01   6.6876991E+01   4.2549639E+01   1.7570197E+01  -4.9418914E+00  -4.1815030E-01  -1.4257031E+00   3.4456771E+00   4.0087728E+00   9.9006728E-05   1.2095599E-04
 -2.6020735E-04   1.6285117E-03  -2.7043567E-04  -1.3915439E-03   1.0270011E-01   3.2579205E-03  -1.5949679E-03   3.7634276E-04  -1.2293203E+01   1.6431782E+00   8.1910406E+00  -5.5808217E+01   4.2549639E+01   8.7971647E+01   5.5831013E+01  -1.3250806E+01  -9.6910866E-01  -8.5081847E-01   5.0763366E+00   8.0169499E+00   4.2188817E-04  -3.9050016E-04
 -1.1424952E-04   9.9156521E-04  -1.6235641E-04  -3.4077970E-04   4.1868302E-02   7.9260792E-03   2.4744361E-03   1.5242537E-03  -5.2890229E+01   6.0617631E-01   5.7319132E+00  -5.9706151E+01   1.7570197E+01   5.5831013E+01   1.0381455E+02  -1.0313019E+01  -7.2804462E-01  -1.4956477E+00   5.4506662E+00   3.2302216E+01   5.6463501E-04  -1.2987455E-03
 -8.6408477E-05   2.3296902E-04  -6.5938388E-05  -7.2846249E-04   4.3995523E-02  -2.1988684E-03  -3.1377939E-03  -6.2017224E-05  -1.2176233E-01   3.9668923E-02  -3.1246816E+00   1.7301804E+01  -4.9418914E+00  -1.3250806E+01  -1.0313019E+01   6.6934972E+00   1.6920179E-01  -1.2376050E-01  -2.2107700E+00  -2.3082156E+00  -7.0242561E-05   1.9526884E-05
  5.0274432E-06  -1.1190511E-04   1.8189588E-05   6.0221102E-06   3.0068617E-03  -6.0122817E-04   5.4997169E-04   7.5289522E-06   1.3043324E-01  -4.6530240E-03  -2.5375059E-01  -6.1501425E+00  -4.1815030E-01  -9.6910866E-01  -7.2804462E-01   1.6920179E-01   3.3489749E+00   5.5097080E-01   1.1958410E-01   1.0730464E-01   1.6292121E-04  -2.3257640E-06
 -7.1162043E-06   1.6674940E-05  -3.7666312E-06  -7.4204500E-05   1.0108880E-02  -8.1529534E-04  -3.5803940E-04   4.1911581E-06   6.5045007E-01   4.3769006E-03   1.7888054E-01   5.4245874E+00  -1.4257031E+00  -8.5081847E-01  -1.4956477E+00  -1.2376050E-01   5.5097080E-01   3.1977696E+00   2.7647402E+00   2.7619342E+00  -1.8528332E-04  -4.0116180E-05
 -1.7895084E-05   6.9004857E-05  -7.2888486E-06  -2.1397556E-04   7.2354253E-03  -8.1028614E-04  -3.3605214E-04   6.3313542E-05  -5.6359492E+00   9.8951299E-02   2.7376317E+00  -1.2379718E+01   3.4456771E+00   5.0763366E+00   5.4506662E+00  -2.2107700E+00   1.1958410E-01   2.7647402E+00   1.0958904E+01   1.9418951E+01  -8.2525057E-06   3.9662161E-04
  1.1669314E-05  -6.6603081E-06   1.7412257E-05   2.4312859E-04  -1.7746322E-02   2.2489734E-03   1.4279748E-03   1.0106161E-03  -3.2599486E+01   1.3102060E-01   3.3060521E+00  -2.2257966E+01   4.0087728E+00   8.0169499E+00   3.2302216E+01  -2.3082156E+00   1.0730464E-01   2.7619342E+00   1.9418951E+01   5.3650413E+01   1.5317190E-04   9.5435620E-04
  2.9386026E-09  -2.8243742E-08   2.3960847E-09   1.5463017E-08  -1.7301872E-08   1.6304605E-07  -7.3978937E-08   6.2985733E-09  -2.9247369E-04   4.9611351E-06   9.5278534E-05   3.9428062E-03   9.9006728E-05   4.2188817E-04   5.6463501E-04  -7.0242561E-05   1.6292121E-04  -1.8528332E-04  -8.2525057E-06   1.5317190E-04   3.8338895E-07   1.3896940E-10
 -4.3744502E-09   2.2582727E-08  -3.0478938E-09  -5.0910562E-08   4.8013659E-07  -7.8764619E-08  -1.2512295E-07  -1.0582304E-08   6.6649682E-04  -2.7488563E-06  -5.0103767E-05   6.4469704E-04   1.2095599E-04  -3.9050016E-04  -1.2987455E-03   1.9526884E-05  -2.3257640E-06  -4.0116180E-05   3.9662161E-04   9.5435620E-04   1.3896940E-10   3.8692616E-07
