# omegabh2 omegach2 theta tau w wa logA ns calPlanck aps100 aps143 aps217 acib217 asz143 psr cibr xi aksz dust100 dust143 dust217 dust143x217 cal0 cal2 calTE calEE
  2.3590661E-08  -7.5634439E-08   1.4013360E-08   3.3263112E-07  -2.4053738E-07   6.6680199E-06   6.0040590E-07   2.3434437E-07   1.7191004E-08  -3.2757017E-04  -2.4495357E-04   7.6989767E-05  -1.1909474E-04   1.6977182E-05   6.0133958E-07  -1.2072007E-06   1.2839059E-06  -3.7234789E-05   8.4263835E-08  -8.4134009E-07   6.6440306E-07  -9.1888391E-07   6.2262106E-09  -3.1569904E-09  -8.6948200E-08  -2.5479833E-07
 -7.5634439E-08   1.2043473E-06  -9.6486886E-08  -3.6155761E-06   4.7552072E-06  -9.2611323E-05  -5.1863888E-06  -2.6916279E-06  -2.8668499E-07   8.3744387E-04   7.0216192E-04  -2.9286340E-04   3.1771648E-04  -3.5470405E-05  -1.0361292E-06   3.6639644E-06   2.4942763E-06   1.1353495E-04   4.4218039E-07   7.3248197E-06  -2.4068882E-06   4.6397129E-06  -5.4293070E-08  -2.6360961E-08  -2.7261990E-07  -5.3201794E-07
  1.4013360E-08  -9.6486886E-08   9.1008431E-08   4.2788013E-07  -8.1539753E-07   1.3198993E-05   7.9129691E-07   3.3319059E-07   2.7847065E-08  -1.5154586E-04  -7.1989045E-05   1.5075370E-05  -2.1493403E-05   1.4148225E-05   5.6981502E-07   3.1244361E-07   1.0253358E-06  -9.0119633E-06  -2.2913595E-07  -4.0234403E-07   4.8583494E-07   1.8055184E-07   4.7003665E-09   5.5239865E-09  -2.0476478E-08   2.7473458E-08
  3.3263112E-07  -3.6155761E-06   4.2788013E-07   5.7014008E-05  -5.3472112E-05   4.8181004E-04   1.0406097E-04   1.0673105E-05  -5.8658857E-07  -8.7222673E-03  -5.4270816E-03   6.6675178E-04  -2.0009303E-03  -5.9286526E-05  -1.4758713E-05  -2.1483661E-05  -5.8585671E-06  -5.5786236E-04  -1.6835399E-05   1.3638857E-05   7.0758888E-06  -1.7415293E-05  -1.9749871E-07   7.7730537E-08  -2.3419549E-06  -1.4827702E-06
 -2.4053738E-07   4.7552072E-06  -8.1539753E-07  -5.3472112E-05   6.2000112E-03  -2.0848341E-02  -1.2758976E-04  -8.2331449E-06  -1.3820396E-05  -3.5386345E-02  -6.4677100E-03   2.6269961E-03  -2.4204498E-04   1.1115841E-03  -2.3207323E-05  -3.1934157E-05  -6.0987695E-04  -6.8494795E-04   1.0767485E-04  -3.6408653E-05  -1.0341538E-04  -9.4063731E-05  -1.2222906E-06  -1.8412810E-06  -1.4985872E-05  -1.3121276E-05
  6.6680199E-06  -9.2611323E-05   1.3198993E-05   4.8181004E-04  -2.0848341E-02   8.5779092E-02   9.0324600E-04   2.1621122E-04   6.3684012E-05   1.9047421E-02  -3.0980660E-02   7.2234338E-02  -4.1425178E-02   1.6086669E-03   1.1987553E-04  -1.0324208E-04   1.5180480E-03  -1.2689309E-02   5.2832844E-05  -2.5715325E-04   5.1533012E-04  -2.5873327E-04   8.1578446E-06   3.9858504E-06   7.4552513E-05   7.3139091E-05
  6.0040590E-07  -5.1863888E-06   7.9129691E-07   1.0406097E-04  -1.2758976E-04   9.0324600E-04   2.1822006E-04   1.5643392E-05   9.9245878E-06  -1.1821287E-02  -8.7031550E-03   6.9165575E-03  -4.1270006E-03  -2.2379649E-04   7.6248882E-06  -8.9450535E-05   1.5118261E-05  -1.7380196E-03  -6.0661026E-05  -3.0509419E-05   2.8766096E-05  -4.5810676E-05  -6.3333291E-08   1.3461046E-07  -4.8821244E-06  -2.2869172E-06
  2.3434437E-07  -2.6916279E-06   3.3319059E-07   1.0673105E-05  -8.2331449E-06   2.1621122E-04   1.5643392E-05   1.6166272E-05   9.4042589E-07  -2.1026128E-02  -7.6176012E-03   8.5583985E-03  -5.8210568E-03   5.3839843E-04   5.2237150E-05  -8.6415164E-05   4.5872596E-05  -2.1594629E-03  -8.0587503E-06  -4.3339740E-05   2.9851252E-05  -2.5956839E-05  -1.8750606E-07  -1.9442156E-07  -1.0466519E-08  -2.2906053E-06
  1.7191004E-08  -2.8668499E-07   2.7847065E-08  -5.8658857E-07  -1.3820396E-05   6.3684012E-05   9.9245878E-06   9.4042589E-07   5.9481575E-06   2.9362384E-03  -5.8527060E-05   6.2640372E-04   7.2094537E-04  -8.4425187E-05   3.8204243E-06  -5.4450916E-07  -7.8579785E-06   6.0895318E-05  -6.3348038E-06   1.2521319E-05   3.0282308E-06  -5.9885958E-06  -9.9357393E-08  -9.7508331E-09   2.2864905E-08  -1.9684858E-07
 -3.2757017E-04   8.3744387E-04  -1.5154586E-04  -8.7222673E-03  -3.5386345E-02   1.9047421E-02  -1.1821287E-02  -2.1026128E-02   2.9362384E-03   6.0441329E+02   5.5028525E+01  -5.4021234E+01   2.8621702E+01  -2.5862579E+01  -8.6515431E-01  -2.4450914E-01  -2.2282117E-01   1.1045521E+01  -1.5503031E-01   3.7848214E-01  -2.6548239E-01  -1.8719491E-01   6.2493977E-03   2.1335184E-03   3.4685998E-03   4.6524008E-03
 -2.4495357E-04   7.0216192E-04  -7.1989045E-05  -5.4270816E-03  -6.4677100E-03  -3.0980660E-02  -8.7031550E-03  -7.6176012E-03  -5.8527060E-05   5.5028525E+01   6.4782229E+01   7.1201787E+00   6.3669425E+00  -2.2956724E-01   5.9131626E-04   4.0039329E-01   8.9891312E-01  -7.8353411E+00  -1.1735424E-02  -2.1201046E-01   6.5392222E-02   1.1394062E-01   8.7331841E-04   8.9182917E-04   2.4889604E-03   4.5025016E-03
  7.6989767E-05  -2.9286340E-04   1.5075370E-05   6.6675178E-04   2.6269961E-03   7.2234338E-02   6.9165575E-03   8.5583985E-03   6.2640372E-04  -5.4021234E+01   7.1201787E+00   1.6698138E+02  -7.8933107E+01   2.5762178E+00   3.3295386E-01  -1.0467889E+00   2.1856211E-01  -6.8954810E+00  -4.1405446E-02  -2.6271392E-01   5.1892741E-01   5.5105381E-04   1.6026578E-03  -7.4525643E-03   2.8469666E-03   4.1655030E-03
 -1.1909474E-04   3.1771648E-04  -2.1493403E-05  -2.0009303E-03  -2.4204498E-04  -4.1425178E-02  -4.1270006E-03  -5.8210568E-03   7.2094537E-04   2.8621702E+01   6.3669425E+00  -7.8933107E+01   4.9333371E+01   1.6288054E+00  -4.3033663E-02   7.2429457E-01  -2.0796764E-01  -2.6169506E+00   1.1400194E-02   1.6579553E-01  -4.2862562E-01  -1.1845443E-01  -6.0394395E-04   2.9433857E-03  -7.6332278E-04  -4.5093874E-04
  1.6977182E-05  -3.5470405E-05   1.4148225E-05  -5.9286526E-05   1.1115841E-03   1.6086669E-03  -2.2379649E-04   5.3839843E-04  -8.4425187E-05  -2.5862579E+01  -2.2956724E-01   2.5762178E+00   1.6288054E+00   4.3422864E+00   1.0723222E-01   1.6016239E-01  -2.8553426E-02  -3.4771182E+00  -1.3382942E-02  -8.5330846E-03   1.1440378E-02   5.2559485E-02   4.7495157E-04  -1.5893396E-04  -1.7491804E-04  -1.0263461E-04
  6.0133958E-07  -1.0361292E-06   5.6981502E-07  -1.4758713E-05  -2.3207323E-05   1.1987553E-04   7.6248882E-06   5.2237150E-05   3.8204243E-06  -8.6515431E-01   5.9131626E-04   3.3295386E-01  -4.3033663E-02   1.0723222E-01   1.5969284E-02  -1.5719126E-02   1.1472447E-02  -1.0451543E-01   8.6623109E-06  -1.1605994E-03  -2.3671259E-03   5.4092505E-03   1.8241463E-05  -3.7263158E-05   1.1118375E-05   1.0962921E-05
 -1.2072007E-06   3.6639644E-06   3.1244361E-07  -2.1483661E-05  -3.1934157E-05  -1.0324208E-04  -8.9450535E-05  -8.6415164E-05  -5.4450916E-07  -2.4450914E-01   4.0039329E-01  -1.0467889E+00   7.2429457E-01   1.6016239E-01  -1.5719126E-02   6.8759959E-02   6.3065824E-03  -1.5849021E-01   8.8726934E-05   7.4508778E-03  -6.1854048E-04  -1.8685741E-02  -6.4917133E-06   9.7286894E-05  -2.9192219E-05  -1.7699769E-05
  1.2839059E-06   2.4942763E-06   1.0253358E-06  -5.8585671E-06  -6.0987695E-04   1.5180480E-03   1.5118261E-05   4.5872596E-05  -7.8579785E-06  -2.2282117E-01   8.9891312E-01   2.1856211E-01  -2.0796764E-01  -2.8553426E-02   1.1472447E-02   6.3065824E-03   8.3012447E-02   3.6651642E-02   6.2387473E-04   1.5609685E-03   1.1104902E-03   1.0542934E-03   1.4957478E-05  -1.2147278E-06   3.6250967E-07  -8.7419191E-06
 -3.7234789E-05   1.1353495E-04  -9.0119633E-06  -5.5786236E-04  -6.8494795E-04  -1.2689309E-02  -1.7380196E-03  -2.1594629E-03   6.0895318E-05   1.1045521E+01  -7.8353411E+00  -6.8954810E+00  -2.6169506E+00  -3.4771182E+00  -1.0451543E-01  -1.5849021E-01   3.6651642E-02   7.2259429E+00   1.3558773E-02   2.0526832E-03  -7.9556985E-03  -5.1388457E-02  -4.0376184E-04  -3.7551929E-05  -2.8472498E-04  -2.4080716E-04
  8.4263835E-08   4.4218039E-07  -2.2913595E-07  -1.6835399E-05   1.0767485E-04   5.2832844E-05  -6.0661026E-05  -8.0587503E-06  -6.3348038E-06  -1.5503031E-01  -1.1735424E-02  -4.1405446E-02   1.1400194E-02  -1.3382942E-02   8.6623109E-06   8.8726934E-05   6.2387473E-04   1.3558773E-02   3.8078031E-02   3.0007929E-03  -1.5753186E-04   4.2628071E-04   3.3243531E-05  -6.3497349E-06   2.2205837E-06  -2.0917754E-05
 -8.4134009E-07   7.3248197E-06  -4.0234403E-07   1.3638857E-05  -3.6408653E-05  -2.5715325E-04  -3.0509419E-05  -4.3339740E-05   1.2521319E-05   3.7848214E-01  -2.1201046E-01  -2.6271392E-01   1.6579553E-01  -8.5330846E-03  -1.1605994E-03   7.4508778E-03   1.5609685E-03   2.0526832E-03   3.0007929E-03   3.0891780E-02  -9.9084407E-04   4.8048055E-03  -7.8062793E-05  -4.5933579E-05  -8.5482454E-05  -8.9326730E-05
  6.6440306E-07  -2.4068882E-06   4.8583494E-07   7.0758888E-06  -1.0341538E-04   5.1533012E-04   2.8766096E-05   2.9851252E-05   3.0282308E-06  -2.6548239E-01   6.5392222E-02   5.1892741E-01  -4.2862562E-01   1.1440378E-02  -2.3671259E-03  -6.1854048E-04   1.1104902E-03  -7.9556985E-03  -1.5753186E-04  -9.9084407E-04   1.0629570E-02   8.8829921E-03   7.1774951E-06   6.7065668E-05   8.0709975E-06   5.3395594E-06
 -9.1888391E-07   4.6397129E-06   1.8055184E-07  -1.7415293E-05  -9.4063731E-05  -2.5873327E-04  -4.5810676E-05  -2.5956839E-05  -5.9885958E-06  -1.8719491E-01   1.1394062E-01   5.5105381E-04  -1.1845443E-01   5.2559485E-02   5.4092505E-03  -1.8685741E-02   1.0542934E-03  -5.1388457E-02   4.2628071E-04   4.8048055E-03   8.8829921E-03   2.7304098E-02   1.4867838E-07   6.1548046E-05  -1.3728868E-05  -2.9456336E-06
  6.2262106E-09  -5.4293070E-08   4.7003665E-09  -1.9749871E-07  -1.2222906E-06   8.1578446E-06  -6.3333291E-08  -1.8750606E-07  -9.9357393E-08   6.2493977E-03   8.7331841E-04   1.6026578E-03  -6.0394395E-04   4.7495157E-04   1.8241463E-05  -6.4917133E-06   1.4957478E-05  -4.0376184E-04   3.3243531E-05  -7.8062793E-05   7.1774951E-06   1.4867838E-07   1.0978613E-06   7.2523577E-08   3.5161980E-07   5.8419605E-07
 -3.1569904E-09  -2.6360961E-08   5.5239865E-09   7.7730537E-08  -1.8412810E-06   3.9858504E-06   1.3461046E-07  -1.9442156E-07  -9.7508331E-09   2.1335184E-03   8.9182917E-04  -7.4525643E-03   2.9433857E-03  -1.5893396E-04  -3.7263158E-05   9.7286894E-05  -1.2147278E-06  -3.7551929E-05  -6.3497349E-06  -4.5933579E-05   6.7065668E-05   6.1548046E-05   7.2523577E-08   2.4788469E-06   2.4533008E-07   1.6098954E-07
 -8.6948200E-08  -2.7261990E-07  -2.0476478E-08  -2.3419549E-06  -1.4985872E-05   7.4552513E-05  -4.8821244E-06  -1.0466519E-08   2.2864905E-08   3.4685998E-03   2.4889604E-03   2.8469666E-03  -7.6332278E-04  -1.7491804E-04   1.1118375E-05  -2.9192219E-05   3.6250967E-07  -2.8472498E-04   2.2205837E-06  -8.5482454E-05   8.0709975E-06  -1.3728868E-05   3.5161980E-07   2.4533008E-07   2.3140016E-05   7.5645234E-06
 -2.5479833E-07  -5.3201794E-07   2.7473458E-08  -1.4827702E-06  -1.3121276E-05   7.3139091E-05  -2.2869172E-06  -2.2906053E-06  -1.9684858E-07   4.6524008E-03   4.5025016E-03   4.1655030E-03  -4.5093874E-04  -1.0263461E-04   1.0962921E-05  -1.7699769E-05  -8.7419191E-06  -2.4080716E-04  -2.0917754E-05  -8.9326730E-05   5.3395594E-06  -2.9456336E-06   5.8419605E-07   1.6098954E-07   7.5645234E-06   2.4297748E-05
