# omegabh2 omegach2 theta tau nnu logA ns calPlanck acib217 xi asz143 aps100 aps143 aps143217 aps217 aksz kgal100 kgal143 kgal143217 kgal217 cal0 cal2
  5.2042700E-08   3.6623548E-07  -2.2420203E-08   2.3261733E-07   2.6396166E-05   1.5496499E-06   1.0938939E-06   1.6953508E-08  -2.5408321E-05  -1.5377360E-06   1.1143920E-05  -8.9562062E-05  -1.3892424E-04  -7.6604661E-05  -1.3591655E-05   7.2440865E-06   1.1734765E-05   7.8895730E-06  -6.4612285E-06   2.1521843E-06  -1.1523458E-09  -2.7862929E-09
  3.6623548E-07   1.2998417E-05  -1.2455102E-06  -2.9366884E-06   7.5281938E-04   2.6091457E-05   2.1711449E-05  -4.7183796E-07   3.6476349E-03  -7.3888335E-05  -8.5336409E-04   1.9123465E-02   1.0092032E-02   3.5771474E-03   1.5874353E-04   1.7705003E-03   9.5363772E-05   3.4852861E-04   2.9336312E-04  -8.0199332E-04  -1.3219979E-08   6.6238272E-08
 -2.2420203E-08  -1.2455102E-06   2.9566194E-07   3.3620568E-07  -7.6678628E-05  -2.2007801E-06  -2.1352998E-06   5.4443934E-08  -3.6700516E-04   8.0745270E-06   7.3204594E-05  -1.7158044E-03  -9.9026192E-04  -3.6497571E-04  -6.0912859E-05  -1.7973710E-04  -5.9275014E-06  -3.1269988E-05  -3.3053861E-05   1.1273559E-04   3.1468242E-09  -2.8611690E-09
  2.3261733E-07  -2.9366884E-06   3.3620568E-07   4.6890367E-05  -2.5409210E-05   8.4545851E-05   7.8448848E-06  -8.0787354E-07  -1.8509319E-03   1.8477499E-05   1.5222622E-04  -6.6002182E-03  -4.5817576E-03  -1.9834833E-03  -3.6218860E-04  -6.1729135E-04   1.9195511E-04  -7.4215289E-05  -4.5558114E-04   1.2220756E-04  -1.7722640E-07  -5.9449382E-08
  2.6396166E-05   7.5281938E-04  -7.6678628E-05  -2.5409210E-05   4.7947466E-02   1.8389829E-03   1.5465185E-03  -1.5907966E-05   2.1929734E-01  -4.3870203E-03  -5.2460103E-02   1.1423979E+00   6.0663271E-01   2.1828875E-01   2.1608699E-02   1.0928603E-01   5.3216219E-03   2.1757720E-02   1.4817790E-02  -5.4965854E-02  -7.6824427E-07   3.3238059E-06
  1.5496499E-06   2.6091457E-05  -2.2007801E-06   8.4545851E-05   1.8389829E-03   2.5733719E-04   7.0309091E-05   9.3096289E-06   5.0604179E-03  -9.4541318E-05  -1.5666050E-03   3.3993601E-02   1.5636336E-02   7.2430285E-03   5.0907532E-03   2.5427441E-03   2.1081076E-04   2.0692298E-04  -5.7963892E-04  -3.8484276E-04  -2.6712646E-07  -1.9851981E-10
  1.0938939E-06   2.1711449E-05  -2.1352998E-06   7.8448848E-06   1.5465185E-03   7.0309091E-05   6.6308540E-05   1.4446206E-07   2.3723533E-03  -6.0274444E-05  -5.6719391E-04   1.1544659E-02   1.2353478E-02   8.9020169E-03   6.4948663E-03   7.6256772E-04   5.6645807E-04   4.0958961E-04   6.0503084E-05  -5.0046415E-04  -1.3836868E-07  -1.6311813E-08
  1.6953508E-08  -4.7183796E-07   5.4443934E-08  -8.0787354E-07  -1.5907966E-05   9.3096289E-06   1.4446206E-07   6.0343341E-06   4.8818727E-04   5.4922648E-06   1.5279790E-04   1.2862691E-03  -3.7470707E-04   2.6310297E-04   1.2544137E-03  -3.0803648E-07  -4.3806649E-05   1.5040963E-05   9.0387698E-05   8.6175199E-04  -1.9375758E-08  -2.2154632E-08
 -2.5408321E-05   3.6476349E-03  -3.6700516E-04  -1.8509319E-03   2.1929734E-01   5.0604179E-03   2.3723533E-03   4.8818727E-04   4.5764975E+01  -4.2485765E-01  -1.0348834E+00   4.2481721E+01   6.0778982E+00  -1.1128105E+01  -5.3797685E+01  -1.3572609E-01   2.2524399E-01   7.0073527E-01  -5.5530189E+00  -3.3368770E+01  -1.8096246E-04   7.5381292E-04
 -1.5377360E-06  -7.3888335E-05   8.0745270E-06   1.8477499E-05  -4.3870203E-03  -9.4541318E-05  -6.0274444E-05   5.4922648E-06  -4.2485765E-01   8.2356085E-02  -4.7896594E-02  -6.2709021E-01   8.4180242E-01   1.5997422E+00   6.5238678E-01   4.4598409E-02  -9.1973644E-03   9.6949134E-03   1.0051225E-01   1.4935388E-01   2.2532385E-06  -3.1110212E-06
  1.1143920E-05  -8.5336409E-04   7.3204594E-05   1.5222622E-04  -5.2460103E-02  -1.5666050E-03  -5.6719391E-04   1.5279790E-04  -1.0348834E+00  -4.7896594E-02   4.0190225E+00  -3.1868670E+01  -3.9849361E+00   7.8014158E+00   5.4944477E+00  -3.1111663E+00  -1.9681506E-01   1.7011382E-01   2.6857734E+00   3.4184449E+00   8.8733090E-05  -4.5951466E-05
 -8.9562062E-05   1.9123465E-02  -1.7158044E-03  -6.6002182E-03   1.1423979E+00   3.3993601E-02   1.1544659E-02   1.2862691E-03   4.2481721E+01  -6.2709021E-01  -3.1868670E+01   8.0432181E+02   8.8639791E+01  -4.7773806E+01  -5.9222450E+01   1.6411930E+01  -6.5008301E+00   5.6835056E+00  -1.1502358E+01  -2.5003650E+01   3.9823434E-03   1.0271553E-03
 -1.3892424E-04   1.0092032E-02  -9.9026192E-04  -4.5817576E-03   6.0663271E-01   1.5636336E-02   1.2353478E-02  -3.7470707E-04   6.0778982E+00   8.4180242E-01  -3.9849361E+00   8.8639791E+01   7.2106411E+01   4.4312799E+01   1.5705540E+01  -3.8791919E+00  -5.3338564E-01  -9.0567329E-01   3.9905266E+00   3.3811580E+00   1.2853888E-04   2.0848251E-04
 -7.6604661E-05   3.5771474E-03  -3.6497571E-04  -1.9834833E-03   2.1828875E-01   7.2430285E-03   8.9020169E-03   2.6310297E-04  -1.1128105E+01   1.5997422E+00   7.8014158E+00  -4.7773806E+01   4.4312799E+01   8.7363328E+01   5.4648152E+01  -1.2438971E+01  -9.6895720E-01  -4.4812537E-01   5.4619915E+00   8.2408917E+00   3.7907831E-04  -3.5067590E-04
 -1.3591655E-05   1.5874353E-04  -6.0912859E-05  -3.6218860E-04   2.1608699E-02   5.0907532E-03   6.4948663E-03   1.2544137E-03  -5.3797685E+01   6.5238678E-01   5.4944477E+00  -5.9222450E+01   1.5705540E+01   5.4648152E+01   1.0286436E+02  -9.4706911E+00  -7.8043835E-01  -1.2025728E+00   5.5733702E+00   3.2783709E+01   4.3444321E-04  -1.3439541E-03
  7.2440865E-06   1.7705003E-03  -1.7973710E-04  -6.1729135E-04   1.0928603E-01   2.5427441E-03   7.6256772E-04  -3.0803648E-07  -1.3572609E-01   4.4598409E-02  -3.1111663E+00   1.6411930E+01  -3.8791919E+00  -1.2438971E+01  -9.4706911E+00   6.8947415E+00   6.8760445E-02  -2.5690086E-01  -2.2639165E+00  -2.4314540E+00  -7.0159576E-05   1.4359040E-05
  1.1734765E-05   9.5363772E-05  -5.9275014E-06   1.9195511E-04   5.3216219E-03   2.1081076E-04   5.6645807E-04  -4.3806649E-05   2.2524399E-01  -9.1973644E-03  -1.9681506E-01  -6.5008301E+00  -5.3338564E-01  -9.6895720E-01  -7.8043835E-01   6.8760445E-02   3.3568693E+00   6.4080625E-01   2.4794318E-01   1.4504269E-01   1.5574125E-04   4.6201165E-07
  7.8895730E-06   3.4852861E-04  -3.1269988E-05  -7.4215289E-05   2.1757720E-02   2.0692298E-04   4.0958961E-04   1.5040963E-05   7.0073527E-01   9.6949134E-03   1.7011382E-01   5.6835056E+00  -9.0567329E-01  -4.4812537E-01  -1.2025728E+00  -2.5690086E-01   6.4080625E-01   3.2091922E+00   2.8023420E+00   2.7321155E+00  -1.8915790E-04  -4.8523144E-05
 -6.4612285E-06   2.9336312E-04  -3.3053861E-05  -4.5558114E-04   1.4817790E-02  -5.7963892E-04   6.0503084E-05   9.0387698E-05  -5.5530189E+00   1.0051225E-01   2.6857734E+00  -1.1502358E+01   3.9905266E+00   5.4619915E+00   5.5733702E+00  -2.2639165E+00   2.4794318E-01   2.8023420E+00   1.0869050E+01   1.9222113E+01  -3.3754417E-05   3.6709311E-04
  2.1521843E-06  -8.0199332E-04   1.1273559E-04   1.2220756E-04  -5.4965854E-02  -3.8484276E-04  -5.0046415E-04   8.6175199E-04  -3.3368770E+01   1.4935388E-01   3.4184449E+00  -2.5003650E+01   3.3811580E+00   8.2408917E+00   3.2783709E+01  -2.4314540E+00   1.4504269E-01   2.7321155E+00   1.9222113E+01   5.3401534E+01   7.1308418E-05   8.3833955E-04
 -1.1523458E-09  -1.3219979E-08   3.1468242E-09  -1.7722640E-07  -7.6824427E-07  -2.6712646E-07  -1.3836868E-07  -1.9375758E-08  -1.8096246E-04   2.2532385E-06   8.8733090E-05   3.9823434E-03   1.2853888E-04   3.7907831E-04   4.3444321E-04  -7.0159576E-05   1.5574125E-04  -1.8915790E-04  -3.3754417E-05   7.1308418E-05   3.7851923E-07   1.0311343E-08
 -2.7862929E-09   6.6238272E-08  -2.8611690E-09  -5.9449382E-08   3.3238059E-06  -1.9851981E-10  -1.6311813E-08  -2.2154632E-08   7.5381292E-04  -3.1110212E-06  -4.5951466E-05   1.0271553E-03   2.0848251E-04  -3.5067590E-04  -1.3439541E-03   1.4359040E-05   4.6201165E-07  -4.8523144E-05   3.6709311E-04   8.3833955E-04   1.0311343E-08   3.7764333E-07
