# omegabh2 omegach2 theta tau meffsterile nnu logA ns calPlanck aps100 aps143 aps217 acib217 asz143 psr cibr xi aksz dust100 dust143 dust217 dust143x217 cal0 cal2 calTE calEE
  2.4142347E-08   9.7772718E-08   1.4146122E-09   2.3649960E-07  -2.9847538E-06   6.4522395E-06   7.1642417E-07   3.9816764E-07   2.5647013E-08  -1.1605095E-04  -1.4721464E-04   2.0409084E-05  -5.8087552E-05   1.0541958E-05   4.7263892E-07  -9.1882404E-07   7.7837717E-07  -1.4883582E-05  -4.7826331E-07   5.2677789E-07   6.0691252E-07   3.0046391E-07   1.8459606E-09  -5.9337510E-10  -5.5189949E-08  -1.7973856E-07
  9.7772718E-08   1.0172955E-05  -4.8024059E-07  -8.8207444E-07  -4.6879738E-04   2.5861365E-04   1.0014117E-05   8.8850755E-06  -3.8953961E-07   6.3142248E-03   2.9799351E-03  -2.6564622E-03   2.1459282E-03  -1.5919748E-04  -1.8979901E-05   3.7656397E-05  -1.4064865E-05   7.6259938E-04  -1.3040787E-06   1.5689404E-05  -1.0209963E-05   8.7104453E-06  -4.2062127E-08   6.6905237E-08   1.5658527E-06   3.1290494E-06
  1.4146122E-09  -4.8024059E-07   1.1978122E-07   1.5787303E-07   1.0602799E-05  -1.9700180E-05  -4.0305935E-07  -5.1248644E-07   3.6774469E-08  -4.7262360E-04  -3.4962785E-04   8.0670759E-05  -1.4446021E-04   2.0179742E-06   1.3034781E-06  -3.5805048E-06   1.2215396E-06  -1.5080062E-05  -1.0727897E-06  -9.8433817E-07   4.5693974E-07  -1.0530804E-06  -7.3184480E-11  -2.7493363E-09  -1.6843818E-07  -2.6298377E-07
  2.3649960E-07  -8.8207444E-07   1.5787303E-07   4.9100343E-05  -2.8269073E-05   4.9685122E-05   9.1619956E-05   9.8071638E-06  -8.0530413E-07  -6.4572992E-03  -4.0011479E-03   2.3226605E-04  -1.3803946E-03   3.6644927E-04   4.7956157E-06  -2.0625400E-05   1.3792710E-06  -4.9939068E-04  -1.9960026E-05   3.9473234E-05   1.3629246E-05   2.1957504E-05  -1.8701684E-07  -4.0197707E-08  -2.4925747E-06  -2.1011692E-06
 -2.9847538E-06  -4.6879738E-04   1.0602799E-05  -2.8269073E-05   3.5825315E-02  -5.6332233E-03  -3.0084246E-04  -3.7693266E-04   2.1410398E-05  -9.7884504E-02   1.8330334E-02   1.2148309E-01  -4.4743670E-02   3.8977675E-03   6.5724614E-04  -4.1354252E-04   2.7851419E-04  -2.8317498E-02   3.8742258E-04  -5.4240946E-04   3.3768553E-04  -1.2909900E-04   1.6611639E-06   1.3003758E-06  -4.3955063E-05  -9.7441998E-05
  6.4522395E-06   2.5861365E-04  -1.9700180E-05   4.9685122E-05  -5.6332233E-03   1.1922308E-02   5.5490794E-04   4.1921516E-04  -5.0125269E-07   3.1330528E-01   1.6697461E-01  -8.3193364E-02   9.3226014E-02  -4.8965502E-03  -6.9674829E-04   2.0955303E-03  -5.3860316E-04   2.1395437E-02   2.8281265E-04   5.3018957E-04  -2.8857379E-04   3.4983095E-04   5.7282948E-07   5.9666246E-06   7.3974402E-05   1.5370881E-04
  7.1642417E-07   1.0014117E-05  -4.0305935E-07   9.1619956E-05  -3.0084246E-04   5.5490794E-04   2.1857471E-04   2.9530282E-05   1.0228636E-05   7.0824318E-03   1.2728222E-03   2.8926310E-03   1.0400330E-03   5.3808455E-04  -3.8519139E-06   1.0268624E-05  -4.7570286E-06  -6.2867805E-04  -3.5967184E-05   3.9150447E-05   3.3481213E-05   5.2068842E-05   1.2928372E-07   1.1292429E-07  -2.6842592E-06   2.6886360E-06
  3.9816764E-07   8.8850755E-06  -5.1248644E-07   9.8071638E-06  -3.7693266E-04   4.1921516E-04   2.9530282E-05   3.0844940E-05  -7.7766716E-08  -1.0251529E-02  -1.3307263E-03   5.7589584E-03  -3.0620246E-03   3.7283569E-04   4.0368155E-05  -4.3833463E-05   5.0730776E-05  -1.2921575E-03   8.4222289E-06  -1.7139441E-05   2.5481080E-05   9.1670466E-06  -2.1872514E-07  -1.2562285E-07   2.4179152E-06   2.4287032E-06
  2.5647013E-08  -3.8953961E-07   3.6774469E-08  -8.0530413E-07   2.1410398E-05  -5.0125269E-07   1.0228636E-05  -7.7766716E-08   6.2596407E-06   4.6429189E-03   8.3318744E-04   5.6980629E-04   1.0545177E-03  -1.2126046E-05  -4.6866742E-06   1.0982610E-05  -3.2925745E-06   7.8658428E-05   7.2828009E-06   1.2848896E-05   4.2218067E-06   1.0381302E-06  -2.0616030E-08  -1.4291232E-08  -3.1741558E-07  -2.9256219E-07
 -1.1605095E-04   6.3142248E-03  -4.7262360E-04  -6.4572992E-03  -9.7884504E-02   3.1330528E-01   7.0824318E-03  -1.0251529E-02   4.6429189E-03   6.1413493E+02   5.9719088E+01  -5.5924791E+01   3.2803983E+01  -2.4666514E+01  -8.4958400E-01  -2.4164977E-02  -2.3198175E-01   1.1446915E+01  -1.4117500E-01   3.6114604E-01  -2.6657627E-01  -2.2396189E-01   6.8733932E-03   2.9215283E-03   2.1700323E-03   1.0813224E-02
 -1.4721464E-04   2.9799351E-03  -3.4962785E-04  -4.0011479E-03   1.8330334E-02   1.6697461E-01   1.2728222E-03  -1.3307263E-03   8.3318744E-04   5.9719088E+01   6.9554209E+01   9.6586998E+00   7.2533794E+00   1.6346473E-02  -2.8689666E-04   4.8005132E-01   8.8579375E-01  -8.6484858E+00  -3.8786666E-02  -2.1625853E-01   6.3745365E-02   8.1174279E-02   8.1064019E-04   8.9231122E-04   3.5020170E-03   7.5101341E-03
  2.0409084E-05  -2.6564622E-03   8.0670759E-05   2.3226605E-04   1.2148309E-01  -8.3193364E-02   2.8926310E-03   5.7589584E-03   5.6980629E-04  -5.5924791E+01   9.6586998E+00   1.7726866E+02  -8.4526624E+01   2.9601327E+00   3.5414723E-01  -1.0894502E+00   3.2982019E-01  -7.7031640E+00  -7.1813902E-02  -3.0795403E-01   5.7243685E-01   3.9390452E-02   1.6539927E-03  -8.0731803E-03   2.3472127E-03   1.2333705E-03
 -5.8087552E-05   2.1459282E-03  -1.4446021E-04  -1.3803946E-03  -4.4743670E-02   9.3226014E-02   1.0400330E-03  -3.0620246E-03   1.0545177E-03   3.2803983E+01   7.2533794E+00  -8.4526624E+01   5.3176155E+01   1.4271825E+00  -5.9725650E-02   7.4824065E-01  -2.5980199E-01  -2.3775197E+00   4.3208780E-02   1.8756353E-01  -4.5931288E-01  -1.2561965E-01  -5.6422230E-04   3.3915523E-03  -2.7785120E-04   1.7848699E-03
  1.0541958E-05  -1.5919748E-04   2.0179742E-06   3.6644927E-04   3.8977675E-03  -4.8965502E-03   5.3808455E-04   3.7283569E-04  -1.2126046E-05  -2.4666514E+01   1.6346473E-02   2.9601327E+00   1.4271825E+00   4.1871666E+00   1.0054540E-01   1.3957512E-01  -3.2308039E-02  -3.4929518E+00  -6.7006408E-03  -6.3267285E-03   9.9867682E-03   5.6805858E-02   4.2249229E-04  -2.7339393E-04  -2.7168426E-05  -1.6842831E-04
  4.7263892E-07  -1.8979901E-05   1.3034781E-06   4.7956157E-06   6.5724614E-04  -6.9674829E-04  -3.8519139E-06   4.0368155E-05  -4.6866742E-06  -8.4958400E-01  -2.8689666E-04   3.5414723E-01  -5.9725650E-02   1.0054540E-01   1.6156940E-02  -1.6809709E-02   1.2184697E-02  -1.0523742E-01  -4.6659051E-04  -1.5865395E-03  -2.3531339E-03   5.5905383E-03   1.5919830E-05  -3.6169441E-05   3.6369748E-06  -4.2976333E-06
 -9.1882404E-07   3.7656397E-05  -3.5805048E-06  -2.0625400E-05  -4.1354252E-04   2.0955303E-03   1.0268624E-05  -4.3833463E-05   1.0982610E-05  -2.4164977E-02   4.8005132E-01  -1.0894502E+00   7.4824065E-01   1.3957512E-01  -1.6809709E-02   6.6888275E-02   3.5479876E-03  -1.4232346E-01   1.1829505E-03   7.3729788E-03  -3.1124076E-04  -1.7528041E-02  -1.0033814E-05   1.0181831E-04   8.7227455E-06   3.7646214E-05
  7.7837717E-07  -1.4064865E-05   1.2215396E-06   1.3792710E-06   2.7851419E-04  -5.3860316E-04  -4.7570286E-06   5.0730776E-05  -3.2925745E-06  -2.3198175E-01   8.8579375E-01   3.2982019E-01  -2.5980199E-01  -3.2308039E-02   1.2184697E-02   3.5479876E-03   8.2077434E-02   3.0948625E-02  -7.4707652E-04   2.1009292E-04   1.5905165E-03   1.5560921E-03   1.0202706E-05  -2.4179614E-06   6.3455339E-06   3.5090872E-06
 -1.4883582E-05   7.6259938E-04  -1.5080062E-05  -4.9939068E-04  -2.8317498E-02   2.1395437E-02  -6.2867805E-04  -1.2921575E-03   7.8658428E-05   1.1446915E+01  -8.6484858E+00  -7.7031640E+00  -2.3775197E+00  -3.4929518E+00  -1.0523742E-01  -1.4232346E-01   3.0948625E-02   7.4327016E+00   1.1973286E-02   1.6276890E-03  -9.2064805E-03  -5.9588005E-02  -3.2248944E-04   5.8803961E-05  -2.4122652E-04  -2.7565394E-05
 -4.7826331E-07  -1.3040787E-06  -1.0727897E-06  -1.9960026E-05   3.8742258E-04   2.8281265E-04  -3.5967184E-05   8.4222289E-06   7.2828009E-06  -1.4117500E-01  -3.8786666E-02  -7.1813902E-02   4.3208780E-02  -6.7006408E-03  -4.6659051E-04   1.1829505E-03  -7.4707652E-04   1.1973286E-02   3.8110271E-02   3.3770493E-03  -4.9109448E-04  -7.6905460E-05   3.3210001E-05  -3.8626609E-06   1.5060511E-06  -1.8692596E-06
  5.2677789E-07   1.5689404E-05  -9.8433817E-07   3.9473234E-05  -5.4240946E-04   5.3018957E-04   3.9150447E-05  -1.7139441E-05   1.2848896E-05   3.6114604E-01  -2.1625853E-01  -3.0795403E-01   1.8756353E-01  -6.3267285E-03  -1.5865395E-03   7.3729788E-03   2.1009292E-04   1.6276890E-03   3.3770493E-03   3.0580786E-02  -9.1575915E-04   5.2509982E-03  -7.8207452E-05  -3.9169419E-05  -7.8991411E-05  -7.4054445E-05
  6.0691252E-07  -1.0209963E-05   4.5693974E-07   1.3629246E-05   3.3768553E-04  -2.8857379E-04   3.3481213E-05   2.5481080E-05   4.2218067E-06  -2.6657627E-01   6.3745365E-02   5.7243685E-01  -4.5931288E-01   9.9867682E-03  -2.3531339E-03  -3.1124076E-04   1.5905165E-03  -9.2064805E-03  -4.9109448E-04  -9.1575915E-04   1.0707728E-02   8.4688048E-03   3.0742503E-06   5.9567153E-05   8.1560733E-06  -2.5183130E-06
  3.0046391E-07   8.7104453E-06  -1.0530804E-06   2.1957504E-05  -1.2909900E-04   3.4983095E-04   5.2068842E-05   9.1670466E-06   1.0381302E-06  -2.2396189E-01   8.1174279E-02   3.9390452E-02  -1.2561965E-01   5.6805858E-02   5.5905383E-03  -1.7528041E-02   1.5560921E-03  -5.9588005E-02  -7.6905460E-05   5.2509982E-03   8.4688048E-03   2.6238867E-02  -4.0947209E-06   5.3520425E-05  -1.9831524E-05  -4.2226230E-06
  1.8459606E-09  -4.2062127E-08  -7.3184480E-11  -1.8701684E-07   1.6611639E-06   5.7282948E-07   1.2928372E-07  -2.1872514E-07  -2.0616030E-08   6.8733932E-03   8.1064019E-04   1.6539927E-03  -5.6422230E-04   4.2249229E-04   1.5919830E-05  -1.0033814E-05   1.0202706E-05  -3.2248944E-04   3.3210001E-05  -7.8207452E-05   3.0742503E-06  -4.0947209E-06   1.1022256E-06   1.1984603E-08   3.2568376E-07   5.9787772E-07
 -5.9337510E-10   6.6905237E-08  -2.7493363E-09  -4.0197707E-08   1.3003758E-06   5.9666246E-06   1.1292429E-07  -1.2562285E-07  -1.4291232E-08   2.9215283E-03   8.9231122E-04  -8.0731803E-03   3.3915523E-03  -2.7339393E-04  -3.6169441E-05   1.0181831E-04  -2.4179614E-06   5.8803961E-05  -3.8626609E-06  -3.9169419E-05   5.9567153E-05   5.3520425E-05   1.1984603E-08   2.4945988E-06   2.7540159E-07   3.5764394E-07
 -5.5189949E-08   1.5658527E-06  -1.6843818E-07  -2.4925747E-06  -4.3955063E-05   7.3974402E-05  -2.6842592E-06   2.4179152E-06  -3.1741558E-07   2.1700323E-03   3.5020170E-03   2.3472127E-03  -2.7785120E-04  -2.7168426E-05   3.6369748E-06   8.7227455E-06   6.3455339E-06  -2.4122652E-04   1.5060511E-06  -7.8991411E-05   8.1560733E-06  -1.9831524E-05   3.2568376E-07   2.7540159E-07   2.4697921E-05   9.1778300E-06
 -1.7973856E-07   3.1290494E-06  -2.6298377E-07  -2.1011692E-06  -9.7441998E-05   1.5370881E-04   2.6886360E-06   2.4287032E-06  -2.9256219E-07   1.0813224E-02   7.5101341E-03   1.2333705E-03   1.7848699E-03  -1.6842831E-04  -4.2976333E-06   3.7646214E-05   3.5090872E-06  -2.7565394E-05  -1.8692596E-06  -7.4054445E-05  -2.5183130E-06  -4.2226230E-06   5.9787772E-07   3.5764394E-07   9.1778300E-06   2.6207389E-05
