# omegabh2 omegach2 theta tau nnu logA ns calPlanck aps100 aps143 aps217 acib217 asz143 psr cibr xi aksz dust100 dust143 dust217 dust143x217 cal0 cal2 calTE calEE
  3.5017360E-08   3.0606641E-07  -2.9088464E-08   1.8253769E-07   2.2434597E-05   1.2769432E-06   8.9734109E-07   9.5069754E-09   1.3456155E-04   5.2806196E-05  -2.4263902E-05   3.5998236E-05   2.4556587E-06   2.0339179E-07   8.5895800E-07   2.7141075E-07   1.0174061E-05   1.2591369E-06   1.4888468E-07   1.6359155E-07   4.9975868E-07   6.7764689E-09   1.0197517E-08   4.1831725E-08  -9.2473336E-09
  3.0606641E-07   1.0158308E-05  -1.1321868E-06  -2.6418989E-06   5.9449277E-04   2.0642922E-05   1.7120893E-05  -3.3665412E-07   1.4653789E-02   8.4400491E-03  -2.9784291E-03   4.6858690E-03  -3.8264332E-04  -3.1383394E-05   1.0209189E-04  -4.8880333E-05   1.0271647E-03   1.6735574E-05   2.9506512E-05  -2.2765509E-05   1.1826638E-06  -6.2499760E-09   3.7607605E-07   3.8276783E-06   6.5875597E-06
 -2.9088464E-08  -1.1321868E-06   2.1424751E-07   2.6770601E-07  -6.9067369E-05  -2.2015267E-06  -1.9945193E-06   6.1856690E-08  -1.6689272E-03  -9.4142187E-04   3.2839773E-04  -5.1595766E-04   5.3672959E-05   4.4436412E-06  -1.2796102E-05   4.8131320E-06  -1.3271241E-04  -2.2859899E-06  -4.5232950E-06   2.1967064E-06  -3.6260398E-08   8.4570596E-09  -4.8437864E-08  -5.2329014E-07  -8.0557475E-07
  1.8253769E-07  -2.6418989E-06   2.6770601E-07   5.1010337E-05  -3.0183769E-05   9.2675235E-05   6.8401167E-06  -9.0629902E-07  -1.1330526E-02  -4.7370258E-03   2.8510094E-03  -3.8430031E-03   1.6607244E-04   2.2939548E-06  -5.4773163E-05   2.1568802E-05  -2.7371430E-04   3.0343845E-05   3.2828009E-05   3.4456866E-05   2.6379043E-05  -3.4211088E-07  -2.4793682E-07  -3.2666235E-06  -2.8298845E-06
  2.2434597E-05   5.9449277E-04  -6.9067369E-05  -3.0183769E-05   3.7942966E-02   1.4913187E-03   1.2141590E-03  -1.0965391E-05   8.9938593E-01   5.1078733E-01  -1.6414075E-01   2.6906122E-01  -2.5441537E-02  -1.9613581E-03   5.8787294E-03  -2.8401620E-03   6.6027428E-02   1.2266718E-03   1.6283666E-03  -1.1683313E-03   2.0385669E-04   1.2032627E-06   2.2461893E-05   2.5243357E-04   4.5026136E-04
  1.2769432E-06   2.0642922E-05  -2.2015267E-06   9.2675235E-05   1.4913187E-03   2.6050746E-04   5.8739420E-05   9.2766469E-06   1.9805750E-02   1.3097242E-02   4.9028320E-03   3.3627890E-03  -4.3798538E-04  -3.8800778E-05   9.0952906E-05  -4.8007218E-05   1.2262756E-03   1.2106941E-04   6.0250508E-05   3.4753449E-05   5.7791746E-05   7.1436989E-08   4.9212532E-07   3.5388782E-06   1.3473665E-05
  8.9734109E-07   1.7120893E-05  -1.9945193E-06   6.8401167E-06   1.2141590E-03   5.8739420E-05   5.2766553E-05   2.9513102E-07   7.1709845E-03   9.4059588E-03   3.1233670E-03   2.5073918E-03  -3.6908481E-04  -6.1261888E-06   8.2415391E-05  -2.6445069E-05   3.6185324E-04   5.4659605E-05   2.6319240E-05   2.5834191E-06   5.3154985E-06  -2.8550834E-07   4.9291114E-07   7.4791898E-06   1.1689926E-05
  9.5069754E-09  -3.3665412E-07   6.1856690E-08  -9.0629902E-07  -1.0965391E-05   9.2766469E-06   2.9513102E-07   6.0211719E-06   2.8641278E-03  -2.1927219E-06   9.1332632E-04   5.9268092E-04   4.7859339E-05   1.5298358E-06  -5.2958882E-06  -1.2821546E-06   2.5024618E-06   1.4994135E-05   2.6494291E-06   6.0619329E-06   4.7231586E-06   4.6283713E-08  -1.5347086E-08  -3.5499058E-07  -3.2335128E-07
  1.3456155E-04   1.4653789E-02  -1.6689272E-03  -1.1330526E-02   8.9938593E-01   1.9805750E-02   7.1709845E-03   2.8641278E-03   6.1725102E+02   6.7453436E+01  -6.0730360E+01   3.6959323E+01  -2.4759335E+01  -8.7612421E-01  -2.4653215E-02  -4.7184774E-01   1.2405194E+01  -1.7701605E-01   2.5249885E-01  -2.9575339E-01  -2.1245778E-01   6.7879394E-03   2.9763674E-03   6.9906056E-03   1.5984073E-02
  5.2806196E-05   8.4400491E-03  -9.4142187E-04  -4.7370258E-03   5.1078733E-01   1.3097242E-02   9.4059588E-03  -2.1927219E-06   6.7453436E+01   7.2974466E+01   7.5845537E+00   9.6155672E+00  -5.9141407E-01  -3.5194642E-02   4.9936660E-01   7.9390624E-01  -7.4966260E+00  -3.1694798E-02  -2.0924656E-01   3.6010408E-02   7.1322934E-02   8.4054530E-04   8.1912083E-04   5.7047708E-03   9.7532539E-03
 -2.4263902E-05  -2.9784291E-03   3.2839773E-04   2.8510094E-03  -1.6414075E-01   4.9028320E-03   3.1233670E-03   9.1332632E-04  -6.0730360E+01   7.5845537E+00   1.7149458E+02  -8.2903030E+01   2.4645986E+00   3.3224231E-01  -9.8934837E-01   4.2152684E-01  -6.7171658E+00  -4.5694223E-02  -2.3643051E-01   5.8476259E-01   6.3306983E-03   1.5498506E-03  -7.4012504E-03   2.0020244E-03   1.5806532E-03
  3.5998236E-05   4.6858690E-03  -5.1595766E-04  -3.8430031E-03   2.6906122E-01   3.3627890E-03   2.5073918E-03   5.9268092E-04   3.6959323E+01   9.6155672E+00  -8.2903030E+01   5.3367566E+01   1.6910326E+00  -4.5733836E-02   7.2439298E-01  -3.1386923E-01  -2.5904967E+00   2.9477751E-02   1.4257177E-01  -4.6630716E-01  -1.1077472E-01  -3.9927272E-04   3.1544269E-03   8.9917082E-04   2.5803470E-03
  2.4556587E-06  -3.8264332E-04   5.3672959E-05   1.6607244E-04  -2.5441537E-02  -4.3798538E-04  -3.6908481E-04   4.7859339E-05  -2.4759335E+01  -5.9141407E-01   2.4645986E+00   1.6910326E+00   4.2802559E+00   1.0708855E-01   1.5221960E-01  -2.3387688E-02  -3.5648644E+00  -6.8224468E-03  -5.3509418E-03   8.8304376E-03   5.4903959E-02   4.6981362E-04  -2.2497822E-04  -5.5027664E-04  -6.6297793E-04
  2.0339179E-07  -3.1383394E-05   4.4436412E-06   2.2939548E-06  -1.9613581E-03  -3.8800778E-05  -6.1261888E-06   1.5298358E-06  -8.7612421E-01  -3.5194642E-02   3.3224231E-01  -4.5733836E-02   1.0708855E-01   1.8380194E-02  -1.8001229E-02   1.4229105E-02  -1.0859546E-01  -3.4183038E-04  -1.2796069E-03  -2.8850595E-03   5.5105203E-03   1.9869808E-05  -3.9288447E-05   3.5396572E-06  -2.5073325E-05
  8.5895800E-07   1.0209189E-04  -1.2796102E-05  -5.4773163E-05   5.8787294E-03   9.0952906E-05   8.2415391E-05  -5.2958882E-06  -2.4653215E-02   4.9936660E-01  -9.8934837E-01   7.2439298E-01   1.5221960E-01  -1.8001229E-02   6.9695394E-02   9.2674379E-04  -1.5862887E-01   8.6019468E-04   7.1857939E-03   3.3792654E-04  -1.7372210E-02  -7.3878159E-06   1.0299834E-04  -1.8166326E-05   4.2977316E-05
  2.7141075E-07  -4.8880333E-05   4.8131320E-06   2.1568802E-05  -2.8401620E-03  -4.8007218E-05  -2.6445069E-05  -1.2821546E-06  -4.7184774E-01   7.9390624E-01   4.2152684E-01  -3.1386923E-01  -2.3387688E-02   1.4229105E-02   9.2674379E-04   8.2189197E-02   2.6856781E-02  -2.4497609E-04   1.2250024E-03   1.5831018E-03   2.6677453E-03   8.7903171E-06  -5.4257780E-06  -1.0953680E-05  -4.3493748E-05
  1.0174061E-05   1.0271647E-03  -1.3271241E-04  -2.7371430E-04   6.6027428E-02   1.2262756E-03   3.6185324E-04   2.5024618E-06   1.2405194E+01  -7.4966260E+00  -6.7171658E+00  -2.5904967E+00  -3.5648644E+00  -1.0859546E-01  -1.5862887E-01   2.6856781E-02   7.3807961E+00   3.9803057E-03  -5.2871254E-04  -5.3211603E-03  -4.7897532E-02  -4.0211133E-04   6.0891899E-05   2.9364485E-04   1.0201102E-03
  1.2591369E-06   1.6735574E-05  -2.2859899E-06   3.0343845E-05   1.2266718E-03   1.2106941E-04   5.4659605E-05   1.4994135E-05  -1.7701605E-01  -3.1694798E-02  -4.5694223E-02   2.9477751E-02  -6.8224468E-03  -3.4183038E-04   8.6019468E-04  -2.4497609E-04   3.9803057E-03   3.8349587E-02   2.9874507E-03   5.9759415E-06   5.6516684E-04   3.8948859E-05   4.9416459E-06  -1.3335950E-05  -4.3196874E-06
  1.4888468E-07   2.9506512E-05  -4.5232950E-06   3.2828009E-05   1.6283666E-03   6.0250508E-05   2.6319240E-05   2.6494291E-06   2.5249885E-01  -2.0924656E-01  -2.3643051E-01   1.4257177E-01  -5.3509418E-03  -1.2796069E-03   7.1857939E-03   1.2250024E-03  -5.2871254E-04   2.9874507E-03   2.9978471E-02  -4.2370519E-04   5.2104431E-03  -7.3895570E-05  -4.0891774E-05  -6.8738746E-05  -5.0972278E-05
  1.6359155E-07  -2.2765509E-05   2.1967064E-06   3.4456866E-05  -1.1683313E-03   3.4753449E-05   2.5834191E-06   6.0619329E-06  -2.9575339E-01   3.6010408E-02   5.8476259E-01  -4.6630716E-01   8.8304376E-03  -2.8850595E-03   3.3792654E-04   1.5831018E-03  -5.3211603E-03   5.9759415E-06  -4.2370519E-04   1.0594214E-02   7.8956080E-03   2.7873594E-06   5.8100163E-05  -8.4772358E-06  -1.1973078E-05
  4.9975868E-07   1.1826638E-06  -3.6260398E-08   2.6379043E-05   2.0385669E-04   5.7791746E-05   5.3154985E-06   4.7231586E-06  -2.1245778E-01   7.1322934E-02   6.3306983E-03  -1.1077472E-01   5.4903959E-02   5.5105203E-03  -1.7372210E-02   2.6677453E-03  -4.7897532E-02   5.6516684E-04   5.2104431E-03   7.8956080E-03   2.5379223E-02   3.5299063E-07   4.9764808E-05  -1.3935018E-05  -9.9945265E-06
  6.7764689E-09  -6.2499760E-09   8.4570596E-09  -3.4211088E-07   1.2032627E-06   7.1436989E-08  -2.8550834E-07   4.6283713E-08   6.7879394E-03   8.4054530E-04   1.5498506E-03  -3.9927272E-04   4.6981362E-04   1.9869808E-05  -7.3878159E-06   8.7903171E-06  -4.0211133E-04   3.8948859E-05  -7.3895570E-05   2.7873594E-06   3.5299063E-07   1.1037873E-06   2.9973565E-08   2.3269292E-07   5.5432683E-07
  1.0197517E-08   3.7607605E-07  -4.8437864E-08  -2.4793682E-07   2.2461893E-05   4.9212532E-07   4.9291114E-07  -1.5347086E-08   2.9763674E-03   8.1912083E-04  -7.4012504E-03   3.1544269E-03  -2.2497822E-04  -3.9288447E-05   1.0299834E-04  -5.4257780E-06   6.0891899E-05   4.9416459E-06  -4.0891774E-05   5.8100163E-05   4.9764808E-05   2.9973565E-08   2.4137028E-06   4.0092687E-07   2.6753500E-07
  4.1831725E-08   3.8276783E-06  -5.2329014E-07  -3.2666235E-06   2.5243357E-04   3.5388782E-06   7.4791898E-06  -3.5499058E-07   6.9906056E-03   5.7047708E-03   2.0020244E-03   8.9917082E-04  -5.5027664E-04   3.5396572E-06  -1.8166326E-05  -1.0953680E-05   2.9364485E-04  -1.3335950E-05  -6.8738746E-05  -8.4772358E-06  -1.3935018E-05   2.3269292E-07   4.0092687E-07   2.6509410E-05   1.1720166E-05
 -9.2473336E-09   6.5875597E-06  -8.0557475E-07  -2.8298845E-06   4.5026136E-04   1.3473665E-05   1.1689926E-05  -3.2335128E-07   1.5984073E-02   9.7532539E-03   1.5806532E-03   2.5803470E-03  -6.6297793E-04  -2.5073325E-05   4.2977316E-05  -4.3493748E-05   1.0201102E-03  -4.3196874E-06  -5.0972278E-05  -1.1973078E-05  -9.9945265E-06   5.5432683E-07   2.6753500E-07   1.1720166E-05   2.9377851E-05
