# omegabh2 omegach2 theta tau w logA ns calPlanck acib217 xi asz143 aps100 aps143 aps143217 aps217 aksz kgal100 kgal143 kgal143217 kgal217 galfTE100 galfTE100143 galfTE100217 galfTE143 galfTE143217 galfTE217 cal0 cal2
  2.0101171E-08  -7.3912394E-08   1.3416286E-08   2.4488943E-07   2.0892307E-06   4.7086077E-07   1.8805390E-07   3.3044377E-08  -8.2840025E-05   1.8974053E-06   2.0977651E-05  -3.3052259E-04  -2.0094638E-04  -2.9568266E-05   3.6788264E-05  -3.2804220E-05  -2.3967030E-06  -5.9723033E-06  -1.5299902E-05   2.6084578E-06  -1.1053070E-07  -1.5169876E-07   6.9500331E-08  -2.2697407E-07  -3.3545422E-07  -1.1903858E-06   2.4304757E-09  -3.5783078E-09
 -7.3912394E-08   1.1313005E-06  -7.8105335E-08  -2.9113093E-06  -2.8155326E-05  -3.9186777E-06  -2.5899236E-06  -3.5445399E-07  -1.3392484E-05  -3.9761884E-06  -4.7586645E-05   9.4453231E-04   6.6306260E-04   2.9067319E-04   2.4465726E-04   8.7057105E-05  -3.0283696E-05   6.8120852E-06   3.8233317E-05   6.7020448E-05   3.6354930E-07   3.8702200E-07   1.0585395E-06   1.1613554E-06   2.3219831E-06   8.8764548E-06   6.3050426E-09  -2.0604071E-10
  1.3416286E-08  -7.8105335E-08   9.2468121E-08   3.0859641E-07   3.3991684E-06   5.8094477E-07   2.9537149E-07   2.7885653E-08   1.8770112E-05  -1.9280086E-06   4.9789578E-06  -1.6122523E-04  -6.3138294E-05  -6.4351113E-05  -5.8847768E-05  -4.1881291E-08   7.8763348E-06   7.0465656E-06  -5.3426825E-06  -1.9167818E-05  -9.0330937E-08  -2.0949952E-08  -2.7686499E-07   1.1427863E-09  -2.1003001E-07  -2.1926932E-06  -1.7323878E-09  -1.3103465E-09
  2.4488943E-07  -2.9113093E-06   3.0859641E-07   4.4372509E-05   8.6127805E-05   8.1224021E-05   8.3439368E-06  -2.0114514E-08  -5.7620150E-04   3.6689429E-05   4.3588059E-04  -4.9540950E-03  -3.8427080E-03  -1.1128502E-03  -1.1787049E-03  -3.9614343E-04   1.4209727E-04   1.5160262E-05  -4.6581692E-05  -9.9441819E-05  -5.8263527E-06  -3.9625911E-06  -8.3428388E-06  -3.6855973E-06  -3.3589895E-06  -2.1065156E-05  -1.6563877E-08  -4.2414868E-08
  2.0892307E-06  -2.8155326E-05   3.3991684E-06   8.6127805E-05   2.6830240E-03   1.3886492E-04   6.6452321E-05   1.4052714E-05   6.4311436E-03  -1.7562865E-05   1.0747498E-03   1.2354867E-02  -1.1131774E-02  -6.0405661E-03  -1.0123788E-02  -4.3751154E-03   4.6475700E-05  -6.2584975E-04  -3.1696224E-03  -6.8110946E-03  -4.9502430E-06   5.7055339E-06  -9.7348680E-05  -6.0448012E-05  -4.8327826E-05  -2.3384627E-04   8.8366651E-08  -4.5417424E-09
  4.7086077E-07  -3.9186777E-06   5.8094477E-07   8.1224021E-05   1.3886492E-04   1.7883491E-04   1.0994171E-05   1.1789717E-05  -1.6696302E-03   9.1471497E-05   9.3064567E-04  -5.8689263E-03  -5.7735523E-03   1.0356274E-03   3.8658316E-03  -1.5095521E-03  -3.2253681E-05  -4.6788114E-04  -8.2682438E-04   1.1866550E-03  -9.3381169E-06  -6.4081347E-06  -1.9560571E-05  -7.4917175E-06  -5.8093447E-06  -2.6485035E-05   6.2373642E-08  -1.2999594E-07
  1.8805390E-07  -2.5899236E-06   2.9537149E-07   8.3439368E-06   6.6452321E-05   1.0994171E-05   1.4884353E-05   9.0986940E-07  -3.4736658E-03   8.8338542E-05   8.8543338E-04  -2.1849766E-02  -5.8352999E-03   1.5655263E-03   3.9151633E-03  -2.1265434E-03   4.2724420E-04  -3.8676115E-04  -3.6719456E-04   8.6220463E-04  -1.2827151E-06  -7.8264087E-08  -2.0744995E-06  -2.5227056E-06  -7.1592688E-06  -3.7113496E-05  -8.6825114E-08  -5.9138647E-08
  3.3044377E-08  -3.5445399E-07   2.7885653E-08  -2.0114514E-08   1.4052714E-05   1.1789717E-05   9.0986940E-07   6.2717689E-06   4.9995977E-04  -1.2200034E-05   5.0578272E-05   2.8618350E-03   1.3437468E-04   2.7136512E-04   1.3465174E-03  -7.6872053E-05   3.9040285E-05  -2.8215255E-05  -1.8739516E-04   6.7668826E-04   5.8878807E-07   3.5863971E-07  -2.9698160E-06  -1.2618430E-06  -2.2051395E-06   1.9481422E-06  -3.2904723E-08  -1.5785306E-08
 -8.2840025E-05  -1.3392484E-05   1.8770112E-05  -5.7620150E-04   6.4311436E-03  -1.6696302E-03  -3.4736658E-03   4.9995977E-04   4.3947022E+01  -3.7432665E-01  -9.6860086E-01   3.3509200E+01   1.8443148E+00  -1.3331376E+01  -5.4927543E+01  -3.4214408E-01   1.8529171E-01   3.2533032E-01  -5.8724610E+00  -3.2964474E+01  -1.7883625E-03  -1.2156630E-03  -7.8720216E-03  -2.8588064E-03   7.4551407E-03   3.0358826E-02  -2.5038453E-04   6.9192649E-04
  1.8974053E-06  -3.9761884E-06  -1.9280086E-06   3.6689429E-05  -1.7562865E-05   9.1471497E-05   8.8338542E-05  -1.2200034E-05  -3.7432665E-01   8.2188155E-02  -4.9153954E-02  -5.8410521E-01   9.0926080E-01   1.6977678E+00   6.3037734E-01   4.2443694E-02   4.9745877E-03   1.6857310E-02   1.0059109E-01   1.2202591E-01   9.8882593E-05  -7.3826826E-05  -3.6454105E-04  -4.2402603E-04   4.4230281E-04   7.4278437E-04   3.7366727E-06   2.5619754E-06
  2.0977651E-05  -4.7586645E-05   4.9789578E-06   4.3588059E-04   1.0747498E-03   9.3064567E-04   8.8543338E-04   5.0578272E-05  -9.6860086E-01  -4.9153954E-02   3.8833096E+00  -2.9722379E+01  -3.2142126E+00   7.7329386E+00   5.6816421E+00  -2.7486876E+00  -2.5103374E-01   1.1167441E-01   2.6412953E+00   3.2817093E+00  -8.6283557E-04   2.2363429E-03   1.4742551E-03   2.2486301E-03  -2.3860798E-03   4.7661488E-04   1.1210883E-04  -6.3148405E-05
 -3.3052259E-04   9.4453231E-04  -1.6122523E-04  -4.9540950E-03   1.2354867E-02  -5.8689263E-03  -2.1849766E-02   2.8618350E-03   3.3509200E+01  -5.8410521E-01  -2.9722379E+01   7.7712318E+02   6.8790831E+01  -5.4435890E+01  -5.7312569E+01   1.2270903E+01  -5.2088253E+00   5.4290310E+00  -1.0958495E+01  -2.1201219E+01  -5.3913247E-03  -2.1035446E-02  -2.8486036E-02  -1.6454489E-02   7.1585626E-03  -9.3062734E-02   3.9582158E-03   5.7289975E-04
 -2.0094638E-04   6.6306260E-04  -6.3138294E-05  -3.8427080E-03  -1.1131774E-02  -5.7735523E-03  -5.8352999E-03   1.3437468E-04   1.8443148E+00   9.0926080E-01  -3.2142126E+00   6.8790831E+01   5.9895778E+01   3.9558957E+01   1.5093709E+01  -5.1547402E+00  -1.0101232E-01  -1.2791291E+00   3.2596082E+00   3.8714773E+00   4.7293627E-03  -1.9159018E-03  -4.6892053E-03  -5.4982277E-03   1.0678461E-02   3.3421028E-03   9.3466131E-05   1.0273477E-04
 -2.9568266E-05   2.9067319E-04  -6.4351113E-05  -1.1128502E-03  -6.0405661E-03   1.0356274E-03   1.5655263E-03   2.7136512E-04  -1.3331376E+01   1.6977678E+00   7.7329386E+00  -5.4435890E+01   3.9558957E+01   8.5717004E+01   5.3841664E+01  -1.2087177E+01  -7.0011488E-01  -5.5860621E-01   5.0062675E+00   8.2227451E+00  -8.7585856E-04   4.7482794E-03  -4.6723317E-05  -1.5547533E-03   5.3778247E-03  -2.0146075E-02   4.5333310E-04  -4.0594432E-04
  3.6788264E-05   2.4465726E-04  -5.8847768E-05  -1.1787049E-03  -1.0123788E-02   3.8658316E-03   3.9151633E-03   1.3465174E-03  -5.4927543E+01   6.3037734E-01   5.6816421E+00  -5.7312569E+01   1.5093709E+01   5.3841664E+01   1.0392257E+02  -9.0989743E+00  -6.4444986E-01  -8.7203442E-01   5.8548775E+00   3.3523828E+01   1.0323564E-03   3.6734508E-03   7.6622600E-03   7.7027724E-03  -7.6336010E-03  -3.1513710E-02   5.3232889E-04  -1.4450312E-03
 -3.2804220E-05   8.7057105E-05  -4.1881291E-08  -3.9614343E-04  -4.3751154E-03  -1.5095521E-03  -2.1265434E-03  -7.6872053E-05  -3.4214408E-01   4.2443694E-02  -2.7486876E+00   1.2270903E+01  -5.1547402E+00  -1.2087177E+01  -9.0989743E+00   5.8470474E+00   8.1923179E-02  -1.9054773E-01  -2.1072855E+00  -2.1822782E+00   5.2463750E-04  -1.6589522E-03  -2.1905344E-03  -1.3358857E-03   2.0295700E-03   1.6827821E-02  -8.6425855E-05   4.2855646E-05
 -2.3967030E-06  -3.0283696E-05   7.8763348E-06   1.4209727E-04   4.6475700E-05  -3.2253681E-05   4.2724420E-04   3.9040285E-05   1.8529171E-01   4.9745877E-03  -2.5103374E-01  -5.2088253E+00  -1.0101232E-01  -7.0011488E-01  -6.4444986E-01   8.1923179E-02   3.2861123E+00   5.4292383E-01   1.6524095E-01   8.7206389E-02  -1.3000150E-03   4.5929067E-04  -4.4254322E-04  -6.8990530E-04  -2.9430678E-03   2.2594857E-03   1.9433342E-04  -1.7548551E-05
 -5.9723033E-06   6.8120852E-06   7.0465656E-06   1.5160262E-05  -6.2584975E-04  -4.6788114E-04  -3.8676115E-04  -2.8215255E-05   3.2533032E-01   1.6857310E-02   1.1167441E-01   5.4290310E+00  -1.2791291E+00  -5.5860621E-01  -8.7203442E-01  -1.9054773E-01   5.4292383E-01   3.0325526E+00   2.5787017E+00   2.5874314E+00  -1.5259770E-04  -1.3904861E-05  -1.2998422E-03   3.4484085E-04   1.6427715E-03  -3.4537156E-03  -1.8016623E-04  -6.1356337E-05
 -1.5299902E-05   3.8233317E-05  -5.3426825E-06  -4.6581692E-05  -3.1696224E-03  -8.2682438E-04  -3.6719456E-04  -1.8739516E-04  -5.8724610E+00   1.0059109E-01   2.6412953E+00  -1.0958495E+01   3.2596082E+00   5.0062675E+00   5.8548775E+00  -2.1072855E+00   1.6524095E-01   2.5787017E+00   1.0587201E+01   1.8892207E+01   6.7187513E-04   2.0248456E-03  -1.7537652E-04   1.2365902E-03  -1.8022501E-04   1.5452676E-02  -1.2876319E-05   3.8750144E-04
  2.6084578E-06   6.7020448E-05  -1.9167818E-05  -9.9441819E-05  -6.8110946E-03   1.1866550E-03   8.6220463E-04   6.7668826E-04  -3.2964474E+01   1.2202591E-01   3.2817093E+00  -2.1201219E+01   3.8714773E+00   8.2227451E+00   3.3523828E+01  -2.1822782E+00   8.7206389E-02   2.5874314E+00   1.8892207E+01   5.2817319E+01   2.8801019E-03   4.0221802E-03   8.0001718E-03   2.3210950E-03  -1.2250934E-02  -1.1650272E-02   8.5898177E-05   9.4562047E-04
 -1.1053070E-07   3.6354930E-07  -9.0330937E-08  -5.8263527E-06  -4.9502430E-06  -9.3381169E-06  -1.2827151E-06   5.8878807E-07  -1.7883625E-03   9.8882593E-05  -8.6283557E-04  -5.3913247E-03   4.7293627E-03  -8.7585856E-04   1.0323564E-03   5.2463750E-04  -1.3000150E-03  -1.5259770E-04   6.7187513E-04   2.8801019E-03   1.4468204E-03   2.7892569E-04   1.3768479E-04  -3.8125597E-04  -1.0235768E-04  -9.1705588E-05  -3.3787603E-07   3.4593130E-09
 -1.5169876E-07   3.8702200E-07  -2.0949952E-08  -3.9625911E-06   5.7055339E-06  -6.4081347E-06  -7.8264087E-08   3.5863971E-07  -1.2156630E-03  -7.3826826E-05   2.2363429E-03  -2.1035446E-02  -1.9159018E-03   4.7482794E-03   3.6734508E-03  -1.6589522E-03   4.5929067E-04  -1.3904861E-05   2.0248456E-03   4.0221802E-03   2.7892569E-04   8.4611325E-04   1.6803851E-05   7.1906663E-04   7.6961996E-05  -7.1361580E-04   1.1845935E-07   4.2195876E-08
  6.9500331E-08   1.0585395E-06  -2.7686499E-07  -8.3428388E-06  -9.7348680E-05  -1.9560571E-05  -2.0744995E-06  -2.9698160E-06  -7.8720216E-03  -3.6454105E-04   1.4742551E-03  -2.8486036E-02  -4.6892053E-03  -4.6723317E-05   7.6622600E-03  -2.1905344E-03  -4.4254322E-04  -1.2998422E-03  -1.7537652E-04   8.0001718E-03   1.3768479E-04   1.6803851E-05   7.2586673E-03  -3.2882661E-04   5.6371841E-04   4.6817207E-03  -3.0751051E-07   6.2919480E-07
 -2.2697407E-07   1.1613554E-06   1.1427863E-09  -3.6855973E-06  -6.0448012E-05  -7.4917175E-06  -2.5227056E-06  -1.2618430E-06  -2.8588064E-03  -4.2402603E-04   2.2486301E-03  -1.6454489E-02  -5.4982277E-03  -1.5547533E-03   7.7027724E-03  -1.3358857E-03  -6.8990530E-04   3.4484085E-04   1.2365902E-03   2.3210950E-03  -3.8125597E-04   7.1906663E-04  -3.2882661E-04   2.8955603E-03   5.7270919E-04  -1.0117211E-03  -1.3455229E-08  -1.3630004E-07
 -3.3545422E-07   2.3219831E-06  -2.1003001E-07  -3.3589895E-06  -4.8327826E-05  -5.8093447E-06  -7.1592688E-06  -2.2051395E-06   7.4551407E-03   4.4230281E-04  -2.3860798E-03   7.1585626E-03   1.0678461E-02   5.3778247E-03  -7.6336010E-03   2.0295700E-03  -2.9430678E-03   1.6427715E-03  -1.8022501E-04  -1.2250934E-02  -1.0235768E-04   7.6961996E-05   5.6371841E-04   5.7270919E-04   6.2202954E-03   7.7856873E-03  -1.0697164E-06  -9.6289935E-07
 -1.1903858E-06   8.8764548E-06  -2.1926932E-06  -2.1065156E-05  -2.3384627E-04  -2.6485035E-05  -3.7113496E-05   1.9481422E-06   3.0358826E-02   7.4278437E-04   4.7661488E-04  -9.3062734E-02   3.3421028E-03  -2.0146075E-02  -3.1513710E-02   1.6827821E-02   2.2594857E-03  -3.4537156E-03   1.5452676E-02  -1.1650272E-02  -9.1705588E-05  -7.1361580E-04   4.6817207E-03  -1.0117211E-03   7.7856873E-03   7.4263519E-02   7.3385686E-07  -3.3108017E-07
  2.4304757E-09   6.3050426E-09  -1.7323878E-09  -1.6563877E-08   8.8366651E-08   6.2373642E-08  -8.6825114E-08  -3.2904723E-08  -2.5038453E-04   3.7366727E-06   1.1210883E-04   3.9582158E-03   9.3466131E-05   4.5333310E-04   5.3232889E-04  -8.6425855E-05   1.9433342E-04  -1.8016623E-04  -1.2876319E-05   8.5898177E-05  -3.3787603E-07   1.1845935E-07  -3.0751051E-07  -1.3455229E-08  -1.0697164E-06   7.3385686E-07   3.8132044E-07  -6.5412750E-09
 -3.5783078E-09  -2.0604071E-10  -1.3103465E-09  -4.2414868E-08  -4.5417424E-09  -1.2999594E-07  -5.9138647E-08  -1.5785306E-08   6.9192649E-04   2.5619754E-06  -6.3148405E-05   5.7289975E-04   1.0273477E-04  -4.0594432E-04  -1.4450312E-03   4.2855646E-05  -1.7548551E-05  -6.1356337E-05   3.8750144E-04   9.4562047E-04   3.4593130E-09   4.2195876E-08   6.2919480E-07  -1.3630004E-07  -9.6289935E-07  -3.3108017E-07  -6.5412750E-09   3.8716290E-07
