# omegabh2 omegach2 theta mnu logA ns
  2.4222953E-07   1.9561624E-07   1.7912394E-09  -3.6177352E-06  -1.0787040E-06  -2.6246160E-07
  1.9561624E-07   1.1090669E-05   1.9420790E-07  -4.6817582E-04  -2.3799520E-04  -1.7781882E-05
  1.7912394E-09   1.9420790E-07   3.6450804E-07   3.1395888E-06  -1.0049657E-06  -1.5893315E-08
 -3.6177352E-06  -4.6817582E-04   3.1395888E-06   2.6269997E-02   1.1524836E-02   8.4784775E-04
 -1.0787040E-06  -2.3799520E-04  -1.0049657E-06   1.1524836E-02   6.3219766E-03   6.5103836E-04
 -2.6246160E-07  -1.7781882E-05  -1.5893315E-08   8.4784775E-04   6.5103836E-04   3.6865473E-04
