# omegabh2 omegach2 theta tau logA ns r calPlanck BBdust BBsync BBalphadust BBbetadust BBalphasync BBbetasync BBdustsynccorr aps100 aps143 aps217 acib217 asz143 psr cibr xi aksz dust100 dust143 dust217 dust143x217 cal0 cal2
  4.3108991E-08  -1.3368254E-07   3.5626833E-08   3.9406916E-07   6.9895176E-07   4.5682082E-07   1.7925437E-07   4.8783681E-08  -4.8834233E-07   2.7487121E-06   9.7995375E-07  -2.4327616E-07   2.2314879E-07  -4.0260433E-07   3.0619415E-07  -7.0943856E-04  -5.0802606E-04   1.6545186E-04  -2.3921035E-04   3.4388497E-05   1.3950850E-06  -3.6585379E-06   8.6750123E-07  -5.8224268E-05   5.3330075E-07  -5.6168705E-07   1.4068350E-06  -2.7917458E-07   6.1648715E-09  -1.2859782E-08
 -1.3368254E-07   2.3257130E-06  -2.1760148E-07  -4.5835034E-06  -5.0393556E-06  -5.2995232E-06  -2.2190848E-06  -5.2403707E-07   4.8213801E-06  -8.0547163E-06  -1.4528550E-05   2.9447675E-06  -8.9181961E-07   6.4192195E-07  -3.1694645E-06   9.9651390E-04   1.0918651E-03  -9.5773219E-04   7.5800335E-04  -7.8849268E-05  -4.4726515E-06   1.1002347E-05  -6.7532609E-06   2.0311886E-04   8.8793502E-07   8.5824785E-06  -3.5977357E-06   4.1682118E-06  -9.8196370E-08   6.7422171E-08
  3.5626833E-08  -2.1760148E-07   2.0307975E-07   5.7136969E-07   9.7756937E-07   7.5775448E-07   1.8080728E-07   5.0304047E-08   1.6344822E-06  -5.5628112E-07   6.1645357E-07  -2.3625565E-07   2.2872874E-06  -7.4370219E-07   3.6041282E-07  -3.7676224E-05  -2.1993188E-04   2.8128938E-05  -8.9316482E-05   8.8745118E-06   7.5527895E-07  -1.7284364E-06   3.0758208E-07  -6.4842187E-06  -4.3686137E-07  -1.9997508E-06   2.1008715E-07  -9.0912914E-07   1.6841478E-08  -6.1251294E-09
  3.9406916E-07  -4.5835034E-06   5.7136969E-07   4.4048268E-05   7.6593010E-05   1.3602510E-05   2.0125556E-06  -2.0865526E-07  -6.6351421E-05   1.5221663E-05   1.4842095E-05   4.0853363E-06  -9.5480697E-06   1.0823237E-05   1.4724821E-05  -9.1564725E-03  -5.7644951E-03   2.6204614E-03  -3.0326473E-03   5.0476267E-04   2.5602072E-05  -3.7513168E-05   2.6506601E-05  -8.2871793E-04   4.6630400E-06   2.6972324E-07   7.0956706E-06  -1.9719640E-05   4.6828114E-08  -3.6149131E-07
  6.9895176E-07  -5.0393556E-06   9.7756937E-07   7.6593010E-05   1.6547797E-04   1.6403163E-05  -2.1099372E-06   1.0642334E-05  -1.4589696E-04  -1.0864548E-05  -9.6872076E-06   1.7488363E-05  -9.7538782E-06   2.9572165E-05   2.2582832E-06  -1.1028878E-02  -8.8037985E-03   1.0675399E-02  -5.9603131E-03   8.9220283E-04   6.7331256E-05  -1.1341683E-04   7.7239148E-05  -2.1734944E-03  -5.2099511E-06  -7.0514806E-05   2.8304538E-05  -4.1667755E-05   5.1841221E-07  -7.0041424E-07
  4.5682082E-07  -5.2995232E-06   7.5775448E-07   1.3602510E-05   1.6403163E-05   2.3639716E-05   1.0106121E-05   1.3352485E-06  -5.6849208E-05   4.7807089E-05   3.6541517E-05  -1.6073317E-06  -1.1271361E-06  -1.0987787E-05   6.4260237E-06  -2.6091581E-02  -1.0101073E-02   1.1141159E-02  -7.9810067E-03   7.2774195E-04   6.8400500E-05  -1.3296672E-04   6.7836430E-05  -2.4860128E-03   1.9033555E-05  -4.0379183E-05   4.0575700E-05  -1.7199742E-05  -1.6561612E-07  -5.1442277E-07
  1.7925437E-07  -2.2190848E-06   1.8080728E-07   2.0125556E-06  -2.1099372E-06   1.0106121E-05   3.2352927E-04   2.1906567E-07  -5.6415420E-04  -8.8133831E-04  -7.4647806E-05   2.7714824E-04   4.9626118E-05  -1.7828539E-04  -7.8332960E-04  -1.2930211E-02  -5.3432744E-03   2.0386657E-03  -1.8723100E-03   5.6378895E-04   3.2426161E-05  -5.1983232E-05  -6.4591371E-05  -1.0984540E-03  -4.3382958E-05  -4.8701327E-06  -8.5391209E-06  -3.2240685E-05  -5.9850112E-08  -4.4985133E-07
  4.8783681E-08  -5.2403707E-07   5.0304047E-08  -2.0865526E-07   1.0642334E-05   1.3352485E-06   2.1906567E-07   6.1155452E-06  -7.8264169E-06  -8.7027694E-06  -3.2532750E-06   2.3757145E-06   1.2487804E-06   3.2885708E-06  -9.8749421E-06   2.9189041E-03   8.7214858E-06   1.3321335E-03   3.6775100E-04  -8.0914789E-06  -1.7773699E-06  -2.5573804E-06   4.1368175E-06  -1.5807287E-05  -2.2495020E-06   1.9577721E-06   5.8885150E-06  -7.3302344E-07  -1.2943530E-08  -7.2149037E-08
 -4.8834233E-07   4.8213801E-06   1.6344822E-06  -6.6351421E-05  -1.4589696E-04  -5.6849208E-05  -5.6415420E-04  -7.8264169E-06   1.0628976E+00   1.5653264E-02  -1.1888724E-01   4.4605180E-02  -1.4258161E-04   5.9512160E-03  -1.3815616E-02   1.5003099E-01  -4.4908779E-02  -2.8568634E-01   1.6120622E-01  -2.5063065E-03  -6.3090329E-04   1.2576203E-03  -2.8092993E-03   2.5288870E-02   1.7837119E-04   1.2042697E-03  -1.7070097E-03  -1.0325097E-06  -2.1913270E-06   1.6372143E-05
  2.7487121E-06  -8.0547163E-06  -5.5628112E-07   1.5221663E-05  -1.0864548E-05   4.7807089E-05  -8.8133831E-04  -8.7027694E-06   1.5653264E-02   1.1417211E+00  -7.1242185E-03  -2.9357173E-03   1.6480168E-02  -3.9422348E-02   4.3583003E-02  -6.0877894E-02  -9.4404679E-02   1.2531450E-01  -9.5652015E-02   1.2316047E-02   2.9940595E-04  -2.0451087E-03  -2.2284853E-03   6.5096021E-03  -1.3477875E-03  -2.1531927E-03   1.1590140E-03   1.6502675E-03   1.0254764E-05  -6.7309363E-06
  9.7995375E-07  -1.4528550E-05   6.1645357E-07   1.4842095E-05  -9.6872076E-06   3.6541517E-05  -7.4647806E-05  -3.2532750E-06  -1.1888724E-01  -7.1242185E-03   5.9078585E-02  -7.4778260E-04   9.2296768E-04   9.0029682E-04   3.0779003E-05   9.5108644E-03   1.1433054E-02   6.5083491E-02  -3.5645998E-02   3.9290335E-03   1.9821732E-04  -5.0400483E-04   5.8119693E-04  -8.2083733E-03   4.7029940E-05   1.9116626E-04   3.7991602E-04   4.5735873E-04   1.4359532E-06  -5.3966068E-06
 -2.4327616E-07   2.9447675E-06  -2.3625565E-07   4.0853363E-06   1.7488363E-05  -1.6073317E-06   2.7714824E-04   2.3757145E-06   4.4605180E-02  -2.9357173E-03  -7.4778260E-04   9.1919633E-03   2.1485895E-04  -1.6066121E-03   7.2099246E-04  -2.1519797E-02  -8.0856737E-03  -1.1074810E-02   5.8412817E-03   1.7258380E-03   1.9828247E-05   1.8526746E-05  -4.3852398E-04  -1.0073761E-03   4.8027995E-05   2.9029174E-05  -5.3590704E-05  -1.9781464E-05  -1.0341983E-06  -3.5808939E-07
  2.2314879E-07  -8.9181961E-07   2.2872874E-06  -9.5480697E-06  -9.7538782E-06  -1.1271361E-06   4.9626118E-05   1.2487804E-06  -1.4258161E-04   1.6480168E-02   9.2296768E-04   2.1485895E-04   8.2032789E-02  -3.2884164E-04  -3.9244872E-04   1.0765395E-02   2.2798542E-02   2.8903970E-02  -1.1612014E-02   3.6151848E-03   5.4026381E-05   3.9565339E-04   1.1998333E-03  -5.7150986E-03   2.3698193E-04  -1.2934059E-04   6.5591156E-05  -1.1247081E-04  -9.9878287E-07  -1.1956288E-06
 -4.0260433E-07   6.4192195E-07  -7.4370219E-07   1.0823237E-05   2.9572165E-05  -1.0987787E-05  -1.7828539E-04   3.2885708E-06   5.9512160E-03  -3.9422348E-02   9.0029682E-04  -1.6066121E-03  -3.2884164E-04   7.4404758E-02  -4.1153677E-03   3.0648082E-02   1.9819540E-02   4.5504024E-02  -8.1975565E-03   2.8722847E-03   3.8911728E-04  -1.8684016E-04   8.0564612E-04  -1.2390814E-03   2.4097391E-04   4.6781269E-05  -8.9197621E-05  -7.6442817E-05   4.5478969E-07  -8.4740951E-07
  3.0619415E-07  -3.1694645E-06   3.6041282E-07   1.4724821E-05   2.2582832E-06   6.4260237E-06  -7.8332960E-04  -9.8749421E-06  -1.3815616E-02   4.3583003E-02   3.0779003E-05   7.2099246E-04  -3.9244872E-04  -4.1153677E-03   7.9034594E-02  -1.1307373E-01  -2.3766428E-02   3.1266841E-02  -3.0278624E-02   4.5173242E-03  -2.3401945E-04   2.6136487E-04   1.6186010E-04   9.0135449E-03   1.9752522E-04  -5.5272803E-04   1.3137990E-04  -2.4875864E-04   3.2771017E-06  -6.7209092E-06
 -7.0943856E-04   9.9651390E-04  -3.7676224E-05  -9.1564725E-03  -1.1028878E-02  -2.6091581E-02  -1.2930211E-02   2.9189041E-03   1.5003099E-01  -6.0877894E-02   9.5108644E-03  -2.1519797E-02   1.0765395E-02   3.0648082E-02  -1.1307373E-01   6.1257046E+02   6.3799219E+01  -5.3327494E+01   3.0802074E+01  -2.5337542E+01  -8.4509265E-01  -7.8448395E-02  -2.9739103E-01   1.1323730E+01  -1.6453759E-01   2.1834564E-01  -2.4488107E-01  -2.6345973E-01   7.0266233E-03   3.1239359E-03
 -5.0802606E-04   1.0918651E-03  -2.1993188E-04  -5.7644951E-03  -8.8037985E-03  -1.0101073E-02  -5.3432744E-03   8.7214858E-06  -4.4908779E-02  -9.4404679E-02   1.1433054E-02  -8.0856737E-03   2.2798542E-02   1.9819540E-02  -2.3766428E-02   6.3799219E+01   6.9657539E+01   7.2366720E+00   8.3499115E+00  -4.8849920E-01  -6.1834217E-03   4.6357112E-01   8.7082151E-01  -8.0596952E+00  -5.0012379E-02  -2.4088608E-01   4.2097893E-02   6.2596885E-02   9.0552943E-04   8.3763586E-04
  1.6545186E-04  -9.5773219E-04   2.8128938E-05   2.6204614E-03   1.0675399E-02   1.1141159E-02   2.0386657E-03   1.3321335E-03  -2.8568634E-01   1.2531450E-01   6.5083491E-02  -1.1074810E-02   2.8903970E-02   4.5504024E-02   3.1266841E-02  -5.3327494E+01   7.2366720E+00   1.7205668E+02  -8.2130275E+01   2.5505443E+00   3.3123900E-01  -1.0376405E+00   3.2391510E-01  -6.9220108E+00  -4.3083988E-03  -2.6897402E-01   5.4549142E-01   2.1925847E-02   1.7387143E-03  -7.7035689E-03
 -2.3921035E-04   7.5800335E-04  -8.9316482E-05  -3.0326473E-03  -5.9603131E-03  -7.9810067E-03  -1.8723100E-03   3.6775100E-04   1.6120622E-01  -9.5652015E-02  -3.5645998E-02   5.8412817E-03  -1.1612014E-02  -8.1975565E-03  -3.0278624E-02   3.0802074E+01   8.3499115E+00  -8.2130275E+01   5.2101427E+01   1.6898764E+00  -4.3056764E-02   7.2714240E-01  -2.5447563E-01  -2.8821001E+00  -4.2930285E-03   1.5606669E-01  -4.5081608E-01  -1.3193654E-01  -5.6060433E-04   3.1350196E-03
  3.4388497E-05  -7.8849268E-05   8.8745118E-06   5.0476267E-04   8.9220283E-04   7.2774195E-04   5.6378895E-04  -8.0914789E-06  -2.5063065E-03   1.2316047E-02   3.9290335E-03   1.7258380E-03   3.6151848E-03   2.8722847E-03   4.5173242E-03  -2.5337542E+01  -4.8849920E-01   2.5505443E+00   1.6898764E+00   4.2956838E+00   1.0207203E-01   1.4971384E-01  -3.5227781E-02  -3.5249934E+00  -4.6322266E-03  -9.4501883E-03   6.9499069E-03   4.9957990E-02   4.2951484E-04  -2.4086370E-04
  1.3950850E-06  -4.4726515E-06   7.5527895E-07   2.5602072E-05   6.7331256E-05   6.8400500E-05   3.2426161E-05  -1.7773699E-06  -6.3090329E-04   2.9940595E-04   1.9821732E-04   1.9828247E-05   5.4026381E-05   3.8911728E-04  -2.3401945E-04  -8.4509265E-01  -6.1834217E-03   3.3123900E-01  -4.3056764E-02   1.0207203E-01   1.5798992E-02  -1.5791918E-02   1.1544540E-02  -1.0643135E-01  -2.7010619E-04  -1.3982450E-03  -2.5189361E-03   5.1004063E-03   1.7344978E-05  -3.6287473E-05
 -3.6585379E-06   1.1002347E-05  -1.7284364E-06  -3.7513168E-05  -1.1341683E-04  -1.3296672E-04  -5.1983232E-05  -2.5573804E-06   1.2576203E-03  -2.0451087E-03  -5.0400483E-04   1.8526746E-05   3.9565339E-04  -1.8684016E-04   2.6136487E-04  -7.8448395E-02   4.6357112E-01  -1.0376405E+00   7.2714240E-01   1.4971384E-01  -1.5791918E-02   6.5401128E-02   4.5217420E-03  -1.5278322E-01  -3.4805888E-05   6.8220174E-03  -3.5599386E-04  -1.7337569E-02  -8.9186620E-06   9.5252065E-05
  8.6750123E-07  -6.7532609E-06   3.0758208E-07   2.6506601E-05   7.7239148E-05   6.7836430E-05  -6.4591371E-05   4.1368175E-06  -2.8092993E-03  -2.2284853E-03   5.8119693E-04  -4.3852398E-04   1.1998333E-03   8.0564612E-04   1.6186010E-04  -2.9739103E-01   8.7082151E-01   3.2391510E-01  -2.5447563E-01  -3.5227781E-02   1.1544540E-02   4.5217420E-03   8.1829852E-02   4.2070181E-02  -3.3650524E-04   7.7728857E-04   1.4104248E-03   1.3189263E-03   1.1132828E-05  -3.2102437E-06
 -5.8224268E-05   2.0311886E-04  -6.4842187E-06  -8.2871793E-04  -2.1734944E-03  -2.4860128E-03  -1.0984540E-03  -1.5807287E-05   2.5288870E-02   6.5096021E-03  -8.2083733E-03  -1.0073761E-03  -5.7150986E-03  -1.2390814E-03   9.0135449E-03   1.1323730E+01  -8.0596952E+00  -6.9220108E+00  -2.8821001E+00  -3.5249934E+00  -1.0643135E-01  -1.5278322E-01   4.2070181E-02   7.4832371E+00   2.5176205E-03   1.5237724E-03  -6.2523731E-04  -4.6020418E-02  -3.4371614E-04   6.5935292E-05
  5.3330075E-07   8.8793502E-07  -4.3686137E-07   4.6630400E-06  -5.2099511E-06   1.9033555E-05  -4.3382958E-05  -2.2495020E-06   1.7837119E-04  -1.3477875E-03   4.7029940E-05   4.8027995E-05   2.3698193E-04   2.4097391E-04   1.9752522E-04  -1.6453759E-01  -5.0012379E-02  -4.3083988E-03  -4.2930285E-03  -4.6322266E-03  -2.7010619E-04  -3.4805888E-05  -3.3650524E-04   2.5176205E-03   3.7672326E-02   2.7087006E-03  -3.5044968E-05   4.1292453E-04   3.6815726E-05  -6.7075235E-06
 -5.6168705E-07   8.5824785E-06  -1.9997508E-06   2.6972324E-07  -7.0514806E-05  -4.0379183E-05  -4.8701327E-06   1.9577721E-06   1.2042697E-03  -2.1531927E-03   1.9116626E-04   2.9029174E-05  -1.2934059E-04   4.6781269E-05  -5.5272803E-04   2.1834564E-01  -2.4088608E-01  -2.6897402E-01   1.5606669E-01  -9.4501883E-03  -1.3982450E-03   6.8220174E-03   7.7728857E-04   1.5237724E-03   2.7087006E-03   3.1079802E-02  -6.2126273E-04   5.2826070E-03  -8.5520288E-05  -4.1545172E-05
  1.4068350E-06  -3.5977357E-06   2.1008715E-07   7.0956706E-06   2.8304538E-05   4.0575700E-05  -8.5391209E-06   5.8885150E-06  -1.7070097E-03   1.1590140E-03   3.7991602E-04  -5.3590704E-05   6.5591156E-05  -8.9197621E-05   1.3137990E-04  -2.4488107E-01   4.2097893E-02   5.4549142E-01  -4.5081608E-01   6.9499069E-03  -2.5189361E-03  -3.5599386E-04   1.4104248E-03  -6.2523731E-04  -3.5044968E-05  -6.2126273E-04   1.0669395E-02   8.6523485E-03   3.2220913E-06   6.3367616E-05
 -2.7917458E-07   4.1682118E-06  -9.0912914E-07  -1.9719640E-05  -4.1667755E-05  -1.7199742E-05  -3.2240685E-05  -7.3302344E-07  -1.0325097E-06   1.6502675E-03   4.5735873E-04  -1.9781464E-05  -1.1247081E-04  -7.6442817E-05  -2.4875864E-04  -2.6345973E-01   6.2596885E-02   2.1925847E-02  -1.3193654E-01   4.9957990E-02   5.1004063E-03  -1.7337569E-02   1.3189263E-03  -4.6020418E-02   4.1292453E-04   5.2826070E-03   8.6523485E-03   2.6172337E-02  -5.8397110E-06   5.7431304E-05
  6.1648715E-09  -9.8196370E-08   1.6841478E-08   4.6828114E-08   5.1841221E-07  -1.6561612E-07  -5.9850112E-08  -1.2943530E-08  -2.1913270E-06   1.0254764E-05   1.4359532E-06  -1.0341983E-06  -9.9878287E-07   4.5478969E-07   3.2771017E-06   7.0266233E-03   9.0552943E-04   1.7387143E-03  -5.6060433E-04   4.2951484E-04   1.7344978E-05  -8.9186620E-06   1.1132828E-05  -3.4371614E-04   3.6815726E-05  -8.5520288E-05   3.2220913E-06  -5.8397110E-06   1.1297238E-06   4.4608504E-08
 -1.2859782E-08   6.7422171E-08  -6.1251294E-09  -3.6149131E-07  -7.0041424E-07  -5.1442277E-07  -4.4985133E-07  -7.2149037E-08   1.6372143E-05  -6.7309363E-06  -5.3966068E-06  -3.5808939E-07  -1.1956288E-06  -8.4740951E-07  -6.7209092E-06   3.1239359E-03   8.3763586E-04  -7.7035689E-03   3.1350196E-03  -2.4086370E-04  -3.6287473E-05   9.5252065E-05  -3.2102437E-06   6.5935292E-05  -6.7075235E-06  -4.1545172E-05   6.3367616E-05   5.7431304E-05   4.4608504E-08   2.4937030E-06
