# logA mnu ns ombh2 omch2 tau theta_MC_100 A_planck amp_143 amp_217 amp_143x217 n_143 n_217 n_143x217
2.422809608612649479e-04 -2.206791109862352499e-04 1.489980681539496627e-05 6.380681621205717504e-07 -3.834411512616308393e-07 1.062484260347065806e-04 6.328729003360204714e-07 1.059072512912957495e-05 -1.217564614764182589e-02 -1.197204686719141251e-02 -1.246832569451194681e-02 8.257449608292285722e-04 1.511698325844659102e-03 2.026168757958238774e-03
-2.206791109862352499e-04 3.223349004619461416e-02 -6.570689885355448893e-04 -1.733054839264054804e-05 9.531749377085835706e-05 -1.281185761634654982e-04 -2.604595292816234538e-05 2.110273459794580760e-06 1.772929054876032917e-01 1.719171813040455132e-01 1.756470327151292421e-01 -6.989422421677802394e-03 -1.592545771071745761e-02 -2.092848271108906089e-02
1.489980681539496627e-05 -6.570689885355448893e-04 4.307569655735058698e-05 9.107783810718009285e-07 -9.634622793654139866e-06 1.579467319726320513e-05 1.501073401057123779e-06 6.996334961975950004e-07 -1.084789652191185672e-02 -1.049067238865624557e-02 -1.077704506434445583e-02 5.147565625714407150e-04 1.143947454117331172e-03 1.522224538382132251e-03
6.380681621205717504e-07 -1.733054839264054804e-05 9.107783810718009285e-07 5.029375560768664045e-08 -2.412870177979136033e-07 4.579379457429432321e-07 5.136126143134127759e-08 2.681747905945358172e-08 -2.892637670876498004e-04 -2.781255370105525601e-04 -2.849332589844404107e-04 5.941104145268528783e-06 2.205114681081135408e-05 2.859629788128336593e-05
-3.834411512616308393e-07 9.531749377085837061e-05 -9.634622793654139866e-06 -2.412870177979136033e-07 3.850290910942450853e-06 -4.273319055811576577e-06 -4.222660880715860687e-07 -1.957301622023078886e-07 8.533654700692280349e-04 8.395404822834041329e-04 8.640024927816875250e-04 -6.754302399261428022e-06 -4.992354240078820005e-05 -5.716874128633556352e-05
1.062484260347065806e-04 -1.281185761634654982e-04 1.579467319726320513e-05 4.579379457429432321e-07 -4.273319055811576577e-06 5.727154923279735902e-05 6.323832403308477366e-07 -1.075496548407780150e-07 -4.590858484482072260e-03 -4.445665865442199362e-03 -4.598061580679169320e-03 1.961651807808710026e-04 4.514863741620882688e-04 5.767637074332159506e-04
6.328729003360204714e-07 -2.604595292816234538e-05 1.501073401057123779e-06 5.136126143134127759e-08 -4.222660880715860687e-07 6.323832403308477366e-07 1.997046455489826035e-07 1.853854192685531789e-08 -2.134711538625490475e-04 -2.020843376438483986e-04 -2.093694961590509857e-04 4.200714952433908188e-06 1.522240728788981998e-05 1.886465457473400631e-05
1.059072512912957495e-05 2.110273459794579489e-06 6.996334961975950004e-07 2.681747905945358172e-08 -1.957301622023078886e-07 -1.075496548407780547e-07 1.853854192685531789e-08 5.662631271677328456e-06 2.141951772894015279e-05 -1.716607631782291561e-05 -8.124277094947594986e-05 -1.918567262237811039e-06 9.923857753110248465e-06 3.540944849993677017e-06
-1.217564614764182589e-02 1.772929054876032917e-01 -1.084789652191185672e-02 -2.892637670876498004e-04 8.533654700692280349e-04 -4.590858484482073128e-03 -2.134711538625490475e-04 2.141951772894014940e-05 7.947172294645387325e+00 7.248921022920927548e+00 7.605564463314355095e+00 -5.154442664646208261e-01 -1.001267575802742948e+00 -1.379876449242607439e+00
-1.197204686719141251e-02 1.719171813040455132e-01 -1.049067238865624557e-02 -2.781255370105525601e-04 8.395404822834041329e-04 -4.445665865442199362e-03 -2.020843376438483986e-04 -1.716607631782290545e-05 7.248921022920927548e+00 7.582168792219565745e+00 7.489490761222979742e+00 -5.751765934392176760e-01 -1.023887314155688566e+00 -1.430029841380314748e+00
-1.246832569451194681e-02 1.756470327151292421e-01 -1.077704506434445583e-02 -2.849332589844404107e-04 8.640024927816875250e-04 -4.598061580679170188e-03 -2.093694961590509857e-04 -8.124277094947594986e-05 7.605564463314355095e+00 7.489490761222979742e+00 7.742428549152801764e+00 -5.785343950467615182e-01 -1.035901704440503890e+00 -1.424353269130587130e+00
8.257449608292285722e-04 -6.989422421677799792e-03 5.147565625714407150e-04 5.941104145268528783e-06 -6.754302399261428022e-06 1.961651807808710026e-04 4.200714952433908188e-06 -1.918567262237810192e-06 -5.154442664646207151e-01 -5.751765934392176760e-01 -5.785343950467615182e-01 8.505853450288287931e-02 9.409018989699730051e-02 1.517859877450378758e-01
1.511698325844659102e-03 -1.592545771071745761e-02 1.143947454117331172e-03 2.205114681081135069e-05 -4.992354240078820683e-05 4.514863741620882688e-04 1.522240728788981998e-05 9.923857753110250159e-06 -1.001267575802742948e+00 -1.023887314155688566e+00 -1.035901704440503890e+00 9.409018989699730051e-02 1.858816831309225981e-01 2.457419863078371125e-01
2.026168757958238774e-03 -2.092848271108906089e-02 1.522224538382132251e-03 2.859629788128336593e-05 -5.716874128633556352e-05 5.767637074332159506e-04 1.886465457473400631e-05 3.540944849993679559e-06 -1.379876449242607439e+00 -1.430029841380314748e+00 -1.424353269130587130e+00 1.517859877450378758e-01 2.457419863078371125e-01 3.800487885980948222e-01
