# omegabh2 omegach2 theta tau w logA ns calPlanck acib217 xi asz143 aps100 aps143 aps143217 aps217 aksz kgal100 kgal143 kgal143217 kgal217 galfTE100 galfTE100143 galfTE100217 galfTE143 galfTE143217 galfTE217 cal0 cal2
  2.1298198E-08  -9.5229596E-08   1.5834136E-08   2.2488146E-07  -3.9041622E-06   3.6718869E-07   2.3510627E-07   2.7891715E-08  -8.7283447E-05   1.7283084E-06   1.4411889E-05  -2.8427731E-04  -2.1342284E-04  -8.2373231E-05   1.9935642E-05  -2.2479218E-05  -3.0111453E-06  -1.1239477E-05  -1.2707382E-05   7.9331077E-06  -2.0099287E-08   3.8188399E-08  -2.0111275E-07  -8.5856678E-08  -6.3905483E-07  -2.7741482E-06   3.2807166E-09  -2.2563297E-10
 -9.5229596E-08   1.3783634E-06  -1.1570432E-07  -2.6860484E-06   4.1041425E-05  -2.8271772E-06  -3.1746560E-06  -2.8825562E-07   3.3855904E-04  -6.5496493E-06  -6.8590033E-05   1.2014732E-03   6.1751401E-04   2.2458048E-04  -1.6764923E-04   1.3300842E-04   4.6516162E-06   5.5743659E-05   3.2846087E-06  -1.5461628E-04   2.2222761E-07  -2.4491593E-07  -1.1284788E-06   4.2328011E-07   1.5597146E-06   9.8984572E-06  -1.3662979E-08  -8.8941828E-09
  1.5834136E-08  -1.1570432E-07   9.4353508E-08   3.1048145E-07  -2.2025459E-06   5.2168309E-07   3.8810893E-07   3.9007420E-08  -4.0516123E-05   1.0289587E-06   1.0092425E-06  -1.1052710E-04  -7.5484623E-05  -3.2880574E-05   3.0536316E-05  -6.0885530E-06   5.2106906E-06  -1.5885441E-06  -4.7928801E-07   5.6126508E-06   2.5803907E-08   1.4982874E-07   2.2271394E-08  -9.3982105E-08   1.2597589E-07   5.2300537E-07   1.1138649E-09  -2.7422297E-09
  2.2488146E-07  -2.6860484E-06   3.1048145E-07   3.7790445E-05   1.2889334E-04   6.7910680E-05   7.6421360E-06  -4.9657594E-07  -1.0962586E-03  -2.4863068E-05   1.9941966E-04  -5.3378637E-03  -4.0442646E-03  -2.8271648E-03  -8.7506635E-04  -3.6196568E-04   1.5303048E-04   1.6123464E-05  -1.0359863E-04   3.0873426E-04   3.1937811E-06  -1.2377594E-08   2.6304209E-06  -5.7383823E-06  -6.3520500E-06  -1.4558645E-05   1.9550291E-08  -1.6317136E-08
 -3.9041622E-06   4.1041425E-05  -2.2025459E-06   1.2889334E-04   6.4550142E-02   4.2936310E-04  -9.4832113E-05   3.5681920E-05  -1.4104406E-02   4.8279274E-04  -1.8475141E-02   2.0312842E-01   9.1711208E-02   4.5734627E-02   5.1571984E-02   9.4897537E-03   1.0529588E-02   2.6998506E-03  -8.9870711E-03   1.1619192E-02  -7.6170251E-05  -9.3602042E-05  -5.8315659E-05  -3.3769433E-05  -1.5695033E-04  -5.1366800E-04  -2.3176207E-06   2.3234116E-06
  3.6718869E-07  -2.8271772E-06   5.2168309E-07   6.7910680E-05   4.2936310E-04   1.5161037E-04   8.1378947E-06   1.0188965E-05  -2.1059945E-03   2.9605763E-05   2.3112541E-04  -5.0247514E-03  -4.6342121E-03  -1.7513911E-03   3.6345632E-03  -1.0898235E-03   2.5835826E-05  -2.2107913E-04  -4.6800835E-04   1.8538553E-03   7.2199641E-06   2.0692300E-06  -6.3484489E-06  -7.7821812E-06  -1.4826737E-05  -2.1945301E-05   5.9011685E-08  -1.0425610E-07
  2.3510627E-07  -3.1746560E-06   3.8810893E-07   7.6421360E-06  -9.4832113E-05   8.1378947E-06   1.6198373E-05   7.5094561E-07  -4.0681836E-03   1.0183491E-04   9.4158910E-04  -2.2090254E-02  -6.2313216E-03   1.5428073E-03   4.6368403E-03  -2.2388982E-03   2.4775504E-04  -4.1404637E-04  -3.2841314E-04   1.0696917E-03  -5.3834708E-07   7.7453947E-07   8.6486913E-06  -3.4881603E-07  -4.7759857E-06  -1.8137234E-05  -1.4217964E-08  -1.3339053E-08
  2.7891715E-08  -2.8825562E-07   3.9007420E-08  -4.9657594E-07   3.5681920E-05   1.0188965E-05   7.5094561E-07   5.9547377E-06   6.5524469E-04   1.9728028E-05   9.2911153E-06   4.1477809E-03   1.1076846E-03   8.4155057E-04   1.2173744E-03  -2.7782585E-05  -8.7750588E-06   8.4090579E-05   1.0214457E-04   7.3325732E-04   2.6390220E-07   9.9500316E-07  -2.4119862E-06   3.0264805E-07  -1.6722789E-06  -1.6521335E-07  -4.2195106E-08  -7.6707280E-09
 -8.7283447E-05   3.3855904E-04  -4.0516123E-05  -1.0962586E-03  -1.4104406E-02  -2.1059945E-03  -4.0681836E-03   6.5524469E-04   4.4472953E+01  -4.1458860E-01  -5.0232376E-01   3.1830662E+01   7.8266415E-01  -1.2742821E+01  -5.4361215E+01  -4.1918218E-01   1.6514616E-01   4.2346982E-01  -5.9260232E+00  -3.3627345E+01   3.2587989E-03  -9.7779219E-04  -9.1503391E-03   7.0736427E-03   3.6094607E-03   2.0718301E-02  -2.6007981E-04   7.0433920E-04
  1.7283084E-06  -6.5496493E-06   1.0289587E-06  -2.4863068E-05   4.8279274E-04   2.9605763E-05   1.0183491E-04   1.9728028E-05  -4.1458860E-01   8.2716239E-02  -2.7007383E-02  -6.9951405E-01   9.8893089E-01   1.8035812E+00   7.1398032E-01   3.0659794E-02  -3.5320150E-03   1.7176386E-02   1.3548708E-01   1.7814066E-01  -3.7874300E-04  -2.3780274E-04   2.7019280E-04  -7.2203203E-05   1.6243461E-04   3.0750082E-03   8.8757810E-06  -8.2431908E-08
  1.4411889E-05  -6.8590033E-05   1.0092425E-06   1.9941966E-04  -1.8475141E-02   2.3112541E-04   9.4158910E-04   9.2911153E-06  -5.0232376E-01  -2.7007383E-02   3.8482694E+00  -2.9890806E+01  -3.1925222E+00   7.6883884E+00   4.7090746E+00  -2.6187597E+00  -2.2043870E-01   1.4768516E-01   2.6311283E+00   3.0192483E+00   2.0175782E-05   5.9515443E-04  -3.7901167E-03   2.2530625E-03  -2.7291892E-04  -2.5066110E-03   1.1542796E-04  -5.5095434E-05
 -2.8427731E-04   1.2014732E-03  -1.1052710E-04  -5.3378637E-03   2.0312842E-01  -5.0247514E-03  -2.2090254E-02   4.1477809E-03   3.1830662E+01  -6.9951405E-01  -2.9890806E+01   7.8262874E+02   6.8937401E+01  -5.4731039E+01  -5.2905292E+01   1.2932003E+01  -6.4978269E+00   5.2066997E+00  -1.2227070E+01  -2.2226529E+01   1.9798493E-02   6.3337677E-03   9.3587015E-03   3.4947486E-03  -7.7625008E-03   1.2935399E-01   3.7193552E-03   3.1371575E-04
 -2.1342284E-04   6.1751401E-04  -7.5484623E-05  -4.0442646E-03   9.1711208E-02  -4.6342121E-03  -6.2313216E-03   1.1076846E-03   7.8266415E-01   9.8893089E-01  -3.1925222E+00   6.8937401E+01   6.4178521E+01   4.2833216E+01   1.6686439E+01  -5.0030908E+00  -5.4063160E-01  -1.1801842E+00   4.0987983E+00   5.6848156E+00  -4.2999237E-04   9.1236619E-04   5.4573003E-03   6.5452893E-03   7.8142632E-03   3.5190433E-02   9.8634361E-05   1.1915782E-04
 -8.2373231E-05   2.2458048E-04  -3.2880574E-05  -2.8271648E-03   4.5734627E-02  -1.7513911E-03   1.5428073E-03   8.4155057E-04  -1.2742821E+01   1.8035812E+00   7.6883884E+00  -5.4731039E+01   4.2833216E+01   8.7635770E+01   5.2180116E+01  -1.1433654E+01  -9.7075564E-01  -3.9819065E-01   5.5336094E+00   8.4349523E+00  -7.4640242E-03  -1.4736462E-03   7.8467451E-03   1.2159524E-02   1.2909297E-02   6.5303985E-02   4.3985255E-04  -3.6231211E-04
  1.9935642E-05  -1.6764923E-04   3.0536316E-05  -8.7506635E-04   5.1571984E-02   3.6345632E-03   4.6368403E-03   1.2173744E-03  -5.4361215E+01   7.1398032E-01   4.7090746E+00  -5.2905292E+01   1.6686439E+01   5.2180116E+01   1.0081598E+02  -8.3545132E+00  -6.0763360E-01  -7.7816579E-01   5.7946274E+00   3.3562070E+01  -5.3621690E-03   2.7026005E-03   1.7414087E-02  -2.4543420E-03   5.2501263E-04  -1.4322751E-02   4.3976046E-04  -1.3373556E-03
 -2.2479218E-05   1.3300842E-04  -6.0885530E-06  -3.6196568E-04   9.4897537E-03  -1.0898235E-03  -2.2388982E-03  -2.7782585E-05  -4.1918218E-01   3.0659794E-02  -2.6187597E+00   1.2932003E+01  -5.0030908E+00  -1.1433654E+01  -8.3545132E+00   5.5483188E+00   1.1448575E-01  -1.9979493E-01  -2.1097205E+00  -2.2416663E+00  -2.1635471E-04  -1.7423639E-03   2.2695471E-03  -4.5600695E-03   1.8186813E-03   1.1495009E-02  -6.7578865E-05  -5.2015189E-06
 -3.0111453E-06   4.6516162E-06   5.2106906E-06   1.5303048E-04   1.0529588E-02   2.5835826E-05   2.4775504E-04  -8.7750588E-06   1.6514616E-01  -3.5320150E-03  -2.2043870E-01  -6.4978269E+00  -5.4063160E-01  -9.7075564E-01  -6.0763360E-01   1.1448575E-01   3.2803242E+00   5.9658564E-01   2.3987606E-01   1.9334048E-01  -5.1547635E-05   9.5349114E-06   1.1405278E-03  -2.0746682E-03  -3.6132227E-03  -6.3174020E-03   1.6695241E-04   4.3182289E-05
 -1.1239477E-05   5.5743659E-05  -1.5885441E-06   1.6123464E-05   2.6998506E-03  -2.2107913E-04  -4.1404637E-04   8.4090579E-05   4.2346982E-01   1.7176386E-02   1.4768516E-01   5.2066997E+00  -1.1801842E+00  -3.9819065E-01  -7.7816579E-01  -1.9979493E-01   5.9658564E-01   3.0976465E+00   2.6209992E+00   2.6092113E+00  -7.5988271E-04  -6.5730907E-04   1.2668353E-03  -2.7915278E-03   2.5869914E-03   1.6153877E-02  -1.6329815E-04  -1.9798651E-05
 -1.2707382E-05   3.2846087E-06  -4.7928801E-07  -1.0359863E-04  -8.9870711E-03  -4.6800835E-04  -3.2841314E-04   1.0214457E-04  -5.9260232E+00   1.3548708E-01   2.6311283E+00  -1.2227070E+01   4.0987983E+00   5.5336094E+00   5.7946274E+00  -2.1097205E+00   2.3987606E-01   2.6209992E+00   1.0986307E+01   1.9585508E+01   2.6982033E-04  -3.3409751E-04  -6.5097826E-03  -4.5777763E-03  -3.3194152E-04   1.3270579E-02   3.4429494E-05   4.2178390E-04
  7.9331077E-06  -1.5461628E-04   5.6126508E-06   3.0873426E-04   1.1619192E-02   1.8538553E-03   1.0696917E-03   7.3325732E-04  -3.3627345E+01   1.7814066E-01   3.0192483E+00  -2.2226529E+01   5.6848156E+00   8.4349523E+00   3.3562070E+01  -2.2416663E+00   1.9334048E-01   2.6092113E+00   1.9585508E+01   5.4461384E+01  -3.0341777E-04   5.5459426E-04  -8.4379025E-03  -9.0680598E-03  -7.4738085E-03  -1.7649245E-02   1.3859726E-04   9.6794435E-04
 -2.0099287E-08   2.2222761E-07   2.5803907E-08   3.1937811E-06  -7.6170251E-05   7.2199641E-06  -5.3834708E-07   2.6390220E-07   3.2587989E-03  -3.7874300E-04   2.0175782E-05   1.9798493E-02  -4.2999237E-04  -7.4640242E-03  -5.3621690E-03  -2.1635471E-04  -5.1547635E-05  -7.5988271E-04   2.6982033E-04  -3.0341777E-04   1.4693280E-03   2.5808389E-04   6.2629115E-06  -3.7150634E-04  -1.6238421E-04   7.9693417E-05   4.8711366E-07   6.4107324E-08
  3.8188399E-08  -2.4491593E-07   1.4982874E-07  -1.2377594E-08  -9.3602042E-05   2.0692300E-06   7.7453947E-07   9.9500316E-07  -9.7779219E-04  -2.3780274E-04   5.9515443E-04   6.3337677E-03   9.1236619E-04  -1.4736462E-03   2.7026005E-03  -1.7423639E-03   9.5349114E-06  -6.5730907E-04  -3.3409751E-04   5.5459426E-04   2.5808389E-04   8.6693404E-04   2.7053197E-05   7.3057829E-04   4.3171033E-05  -6.9000299E-04   3.5818084E-07  -4.1946918E-07
 -2.0111275E-07  -1.1284788E-06   2.2271394E-08   2.6304209E-06  -5.8315659E-05  -6.3484489E-06   8.6486913E-06  -2.4119862E-06  -9.1503391E-03   2.7019280E-04  -3.7901167E-03   9.3587015E-03   5.4573003E-03   7.8467451E-03   1.7414087E-02   2.2695471E-03   1.1405278E-03   1.2668353E-03  -6.5097826E-03  -8.4379025E-03   6.2629115E-06   2.7053197E-05   7.2223645E-03  -3.4304527E-04   7.0169171E-04   4.2972472E-03  -4.2389319E-07   5.6893318E-08
 -8.5856678E-08   4.2328011E-07  -9.3982105E-08  -5.7383823E-06  -3.3769433E-05  -7.7821812E-06  -3.4881603E-07   3.0264805E-07   7.0736427E-03  -7.2203203E-05   2.2530625E-03   3.4947486E-03   6.5452893E-03   1.2159524E-02  -2.4543420E-03  -4.5600695E-03  -2.0746682E-03  -2.7915278E-03  -4.5777763E-03  -9.0680598E-03  -3.7150634E-04   7.3057829E-04  -3.4304527E-04   2.9174518E-03   4.7354980E-04  -1.2812157E-03   4.4245682E-07  -4.5403865E-07
 -6.3905483E-07   1.5597146E-06   1.2597589E-07  -6.3520500E-06  -1.5695033E-04  -1.4826737E-05  -4.7759857E-06  -1.6722789E-06   3.6094607E-03   1.6243461E-04  -2.7291892E-04  -7.7625008E-03   7.8142632E-03   1.2909297E-02   5.2501263E-04   1.8186813E-03  -3.6132227E-03   2.5869914E-03  -3.3194152E-04  -7.4738085E-03  -1.6238421E-04   4.3171033E-05   7.0169171E-04   4.7354980E-04   6.6021624E-03   8.1899500E-03  -1.7383285E-06  -5.1316200E-07
 -2.7741482E-06   9.8984572E-06   5.2300537E-07  -1.4558645E-05  -5.1366800E-04  -2.1945301E-05  -1.8137234E-05  -1.6521335E-07   2.0718301E-02   3.0750082E-03  -2.5066110E-03   1.2935399E-01   3.5190433E-02   6.5303985E-02  -1.4322751E-02   1.1495009E-02  -6.3174020E-03   1.6153877E-02   1.3270579E-02  -1.7649245E-02   7.9693417E-05  -6.9000299E-04   4.2972472E-03  -1.2812157E-03   8.1899500E-03   7.4079547E-02   2.7646263E-07   9.3803353E-07
  3.2807166E-09  -1.3662979E-08   1.1138649E-09   1.9550291E-08  -2.3176207E-06   5.9011685E-08  -1.4217964E-08  -4.2195106E-08  -2.6007981E-04   8.8757810E-06   1.1542796E-04   3.7193552E-03   9.8634361E-05   4.3985255E-04   4.3976046E-04  -6.7578865E-05   1.6695241E-04  -1.6329815E-04   3.4429494E-05   1.3859726E-04   4.8711366E-07   3.5818084E-07  -4.2389319E-07   4.4245682E-07  -1.7383285E-06   2.7646263E-07   3.7785415E-07  -1.5714821E-08
 -2.2563297E-10  -8.8941828E-09  -2.7422297E-09  -1.6317136E-08   2.3234116E-06  -1.0425610E-07  -1.3339053E-08  -7.6707280E-09   7.0433920E-04  -8.2431908E-08  -5.5095434E-05   3.1371575E-04   1.1915782E-04  -3.6231211E-04  -1.3373556E-03  -5.2015189E-06   4.3182289E-05  -1.9798651E-05   4.2178390E-04   9.6794435E-04   6.4107324E-08  -4.1946918E-07   5.6893318E-08  -4.5403865E-07  -5.1316200E-07   9.3803353E-07  -1.5714821E-08   4.0454300E-07
