# omegabh2 omegach2 theta tau mnu logA ns calPlanck galfTE100 galfTE100143 galfTE100217 galfTE143 galfTE143217 galfTE217 cal0 cal2
  4.6392673E-08  -7.9873929E-08   2.0507118E-08   1.9105930E-07   1.1927803E-06   7.2126920E-07   1.1151892E-06   3.0861895E-08  -7.0930898E-07  -1.6109753E-07  -4.2404549E-07   1.5206041E-07  -4.9042076E-07   8.1624698E-07  -8.4737607E-09   4.8587491E-09
 -7.9873929E-08   1.4385653E-06   8.2376100E-09  -2.5827643E-06  -1.2018871E-05  -4.4519225E-06  -5.3827457E-06  -4.1412952E-07   1.2775293E-06  -1.1834428E-09   5.0115066E-06  -2.8883777E-06  -2.1381780E-06  -6.8809953E-06   6.4077966E-08   2.3111498E-08
  2.0507118E-08   8.2376100E-09   2.0414980E-07   7.9396867E-08   1.2802603E-07   4.8333132E-07   3.7237353E-07   5.9309040E-08  -1.4149857E-07  -2.3139716E-07  -4.2726316E-07   4.9751026E-07   1.5649514E-06   3.0521650E-06   5.2480672E-09   5.4622955E-09
  1.9105930E-07  -2.5827643E-06   7.9396867E-08   4.4169847E-05   5.3318554E-05   7.6535208E-05   1.2041626E-05  -1.5129056E-06   2.4514991E-06   2.3863700E-06   4.1370352E-05  -8.9878265E-06  -1.4680522E-05  -9.3087012E-06  -5.5723267E-07   1.0415346E-07
  1.1927803E-06  -1.2018871E-05   1.2802603E-07   5.3318554E-05   2.2541775E-03   1.4331801E-04   8.2321696E-05   6.5563990E-06  -3.6399429E-05   2.0812479E-05   1.0498197E-05   6.4453530E-05   1.6588466E-04   1.1184804E-04  -1.5601628E-06   2.2146057E-08
  7.2126920E-07  -4.4519225E-06   4.8333132E-07   7.6535208E-05   1.4331801E-04   1.8573121E-04   3.4490053E-05   1.1048891E-05  -1.5555994E-05   2.5901348E-06   3.6031430E-05  -6.9989826E-06  -4.4986205E-05   4.1472519E-05  -9.6666534E-07   4.3985263E-08
  1.1151892E-06  -5.3827457E-06   3.7237353E-07   1.2041626E-05   8.2321696E-05   3.4490053E-05   1.0319235E-04   8.6257654E-08  -3.6100309E-05   1.6376812E-05   6.9175695E-06   2.8272228E-05   3.3511325E-05   5.7021165E-05  -4.5722328E-07  -1.6852905E-07
  3.0861895E-08  -4.1412952E-07   5.9309040E-08  -1.5129056E-06   6.5563990E-06   1.1048891E-05   8.6257654E-08   7.1845026E-06  -4.9867543E-06  -2.0753868E-07  -1.4423019E-05   1.6101342E-06  -1.6477576E-05   4.2028479E-06   6.9683183E-08  -8.9059650E-08
 -7.0930898E-07   1.2775293E-06  -1.4149857E-07   2.4514991E-06  -3.6399429E-05  -1.5555994E-05  -3.6100309E-05  -4.9867543E-06   1.4469910E-03   2.4470053E-04   3.7537620E-05  -4.5634310E-04  -1.5641511E-04  -4.3443572E-04   1.0987584E-07  -3.0501373E-07
 -1.6109753E-07  -1.1834428E-09  -2.3139716E-07   2.3863700E-06   2.0812479E-05   2.5901348E-06   1.6376812E-05  -2.0753868E-07   2.4470053E-04   8.8726999E-04  -1.5651930E-04   6.7701695E-04   7.4400001E-05  -8.2560975E-04  -4.9014351E-07   6.3988990E-07
 -4.2404549E-07   5.0115066E-06  -4.2726316E-07   4.1370352E-05   1.0498197E-05   3.6031430E-05   6.9175695E-06  -1.4423019E-05   3.7537620E-05  -1.5651930E-04   7.5494787E-03  -4.8693495E-04   2.7667032E-04   5.3905471E-03   1.8821675E-06   1.4377838E-06
  1.5206041E-07  -2.8883777E-06   4.9751026E-07  -8.9878265E-06   6.4453530E-05  -6.9989826E-06   2.8272228E-05   1.6101342E-06  -4.5634310E-04   6.7701695E-04  -4.8693495E-04   2.7571735E-03   7.4282167E-04  -6.7034721E-04   4.1716778E-07   1.5095687E-06
 -4.9042076E-07  -2.1381780E-06   1.5649514E-06  -1.4680522E-05   1.6588466E-04  -4.4986205E-05   3.3511325E-05  -1.6477576E-05  -1.5641511E-04   7.4400001E-05   2.7667032E-04   7.4282167E-04   6.0222026E-03   6.6516864E-03   2.0090848E-06   1.6302003E-06
  8.1624698E-07  -6.8809953E-06   3.0521650E-06  -9.3087012E-06   1.1184804E-04   4.1472519E-05   5.7021165E-05   4.2028479E-06  -4.3443572E-04  -8.2560975E-04   5.3905471E-03  -6.7034721E-04   6.6516864E-03   7.3650546E-02  -1.0216516E-06  -5.9959771E-06
 -8.4737607E-09   6.4077966E-08   5.2480672E-09  -5.5723267E-07  -1.5601628E-06  -9.6666534E-07  -4.5722328E-07   6.9683183E-08   1.0987584E-07  -4.9014351E-07   1.8821675E-06   4.1716778E-07   2.0090848E-06  -1.0216516E-06   4.8871764E-07   1.8531074E-08
  4.8587491E-09   2.3111498E-08   5.4622955E-09   1.0415346E-07   2.2146057E-08   4.3985263E-08  -1.6852905E-07  -8.9059650E-08  -3.0501373E-07   6.3988990E-07   1.4377838E-06   1.5095687E-06   1.6302003E-06  -5.9959771E-06   1.8531074E-08   3.7264912E-07
