# omegabh2 omegach2 theta tau yhe logA ns calPlanck acib217 xi asz143 aps100 aps143 aps143217 aps217 aksz kgal100 kgal143 kgal143217 kgal217 galfTE100 galfTE100143 galfTE100217 galfTE143 galfTE143217 galfTE217 cal0 cal2
  3.9835666E-08  -1.1706234E-07   7.6499304E-08   5.3723064E-07   1.7008280E-06   1.3619174E-06   9.9251819E-07   4.8449802E-08   6.9246670E-05  -1.0183105E-06  -2.1184498E-06   1.8458126E-04   7.7393879E-05   4.5673401E-05  -4.7586736E-06   1.7034971E-05   1.6364154E-05   1.8017535E-05   5.7120378E-06  -2.2356473E-05  -2.0828731E-07  -5.7284150E-08   1.1093098E-07  -4.5335834E-07  -7.6777214E-07   1.7423969E-07  -2.5300814E-09  -8.4364454E-10
 -1.1706234E-07   1.4536554E-06  -1.9287457E-07  -4.1728333E-06  -2.0338782E-06  -6.1811895E-06  -4.3844620E-06  -3.7052456E-07   8.5108384E-05  -4.8963866E-06  -9.6455947E-05   1.3148006E-03   7.2079637E-04   1.4011846E-04   8.6892726E-05   1.0361592E-04  -4.7242002E-05  -1.8701313E-05   2.8782023E-05  -2.7631781E-06   9.8256143E-07   5.2134984E-07  -3.0306179E-07   2.2145910E-06   1.8694230E-06   1.5788852E-06   4.6203630E-09   9.5975086E-09
  7.6499304E-08  -1.9287457E-07   2.9731576E-07   1.2071913E-06   5.6999025E-06   3.4488804E-06   2.9404997E-06   5.9321886E-08   4.7968727E-04  -8.3755450E-06  -6.3128731E-05   1.7305684E-03   9.3843471E-04   3.6696140E-04  -6.5115569E-05   1.5081914E-04   6.0995859E-05   8.3005025E-05   6.7814333E-05  -8.0090036E-05  -8.1242389E-08   3.1042611E-07   3.9894509E-07  -6.1231814E-07  -8.1749347E-07   2.3283225E-06  -1.3268328E-08   6.5457086E-09
  5.3723064E-07  -4.1728333E-06   1.2071913E-06   5.9254991E-05   1.9037944E-05   1.1187258E-04   2.0186329E-05  -3.6434686E-07  -3.6986934E-04   2.8826630E-05   4.6313332E-04  -6.2057120E-03  -1.8015504E-03   7.8487246E-04   4.2976342E-05  -3.5689311E-04   2.1737461E-04   1.7864948E-04  -2.0078375E-04  -1.8600693E-04  -9.2371060E-07  -2.1096187E-06   3.7698450E-06  -1.3881825E-05  -1.7178782E-05   1.2139817E-05  -5.8002423E-08  -3.8711422E-08
  1.7008280E-06  -2.0338782E-06   5.6999025E-06   1.9037944E-05   1.5888679E-04   7.1000091E-05   7.0154184E-05   1.0615287E-06   1.4169875E-02  -2.4328437E-04  -2.0125852E-03   5.1409918E-02   2.9216228E-02   1.0927402E-02  -1.7923944E-03   4.6050657E-03   1.7544310E-03   2.5333133E-03   2.1239908E-03  -2.3289805E-03  -4.1964016E-06   8.1539473E-06   1.6451042E-05  -1.8111281E-06  -2.1554088E-05   7.4425028E-05  -4.4272079E-07   2.9027743E-07
  1.3619174E-06  -6.1811895E-06   3.4488804E-06   1.1187258E-04   7.1000091E-05   2.4830463E-04   4.6961868E-05   1.0359805E-05   1.8439975E-03   7.7000542E-05   1.2384554E-04   4.2743348E-03   6.0717214E-03   7.1496528E-03   5.5884809E-03   7.1172625E-05   4.6115074E-04   2.4843280E-04  -1.4549906E-04   8.8972328E-04  -1.3057385E-06  -2.0519149E-06   6.4377667E-06  -2.6084999E-05  -3.6643421E-05   7.7477407E-05  -9.6150021E-08  -2.8054823E-08
  9.9251819E-07  -4.3844620E-06   2.9404997E-06   2.0186329E-05   7.0154184E-05   4.6961868E-05   4.8588040E-05   1.3142235E-06   1.6724932E-03   2.0405140E-05   3.1309636E-05   1.5960912E-03   6.1755522E-03   6.8159234E-03   3.9708040E-03  -1.6392087E-04   1.0760824E-03   7.4316533E-04   3.7009846E-04   6.2550853E-05  -3.4207766E-06   3.2468566E-06   6.8411278E-06  -2.1013792E-06  -1.0955292E-05   2.3465667E-05  -2.3962407E-07   2.8645939E-08
  4.8449802E-08  -3.7052456E-07   5.9321886E-08  -3.6434686E-07   1.0615287E-06   1.0359805E-05   1.3142235E-06   5.8172666E-06   2.9662569E-04   2.0853711E-05  -8.5654949E-05   3.7322239E-03   7.9648919E-04   6.8823522E-04   1.5672722E-03   1.0286055E-04   6.2953660E-06  -4.6400521E-05   4.2020456E-05   9.2762301E-04  -3.2950523E-08   1.2393572E-07  -8.3198133E-07  -5.1127854E-07   3.4923416E-07   1.9784984E-05  -9.3667584E-09  -1.2352087E-08
  6.9246670E-05   8.5108384E-05   4.7968727E-04  -3.6986934E-04   1.4169875E-02   1.8439975E-03   1.6724932E-03   2.9662569E-04   4.4232320E+01  -3.9300698E-01  -1.4818164E+00   3.7543929E+01   4.1802432E+00  -1.3078579E+01  -5.4142705E+01   7.8191503E-01   3.7155004E-01   5.0603203E-01  -5.9866854E+00  -3.3162679E+01   7.1385238E-04   1.6579332E-03  -2.0559749E-03  -5.2735873E-03  -6.3375090E-03  -2.1239394E-02  -2.2036110E-04   6.7263021E-04
 -1.0183105E-06  -4.8963866E-06  -8.3755450E-06   2.8826630E-05  -2.4328437E-04   7.7000542E-05   2.0405140E-05   2.0853711E-05  -3.9300698E-01   8.2162741E-02  -3.5817965E-02  -6.7540218E-01   8.7374116E-01   1.6871663E+00   6.0703267E-01   2.8059433E-02   5.7095531E-03  -9.4796070E-04   1.0839758E-01   1.4908543E-01   4.5212960E-05  -3.0955032E-04  -7.5550422E-04  -3.6691497E-04   7.2934169E-05   1.1435134E-03   1.6051417E-06  -1.2546723E-06
 -2.1184498E-06  -9.6455947E-05  -6.3128731E-05   4.6313332E-04  -2.0125852E-03   1.2384554E-04   3.1309636E-05  -8.5654949E-05  -1.4818164E+00  -3.5817965E-02   3.8144219E+00  -3.0768683E+01  -3.8260208E+00   7.2701388E+00   5.7110183E+00  -2.6597202E+00  -2.3502935E-01   1.4479002E-01   2.5981280E+00   3.5728701E+00  -5.6135569E-04  -1.1881460E-03   2.3069402E-03  -1.1658118E-03  -2.8306013E-04  -1.2440196E-02   1.3908004E-04  -4.6044604E-05
  1.8458126E-04   1.3148006E-03   1.7305684E-03  -6.2057120E-03   5.1409918E-02   4.2743348E-03   1.5960912E-03   3.7322239E-03   3.7543929E+01  -6.7540218E-01  -3.0768683E+01   7.6049923E+02   7.7710011E+01  -5.2266678E+01  -5.8414267E+01   1.5282324E+01  -5.6294813E+00   5.7758586E+00  -1.1285035E+01  -2.3882699E+01  -9.7360135E-03   2.3616487E-02   1.1583141E-02   3.6794754E-02  -1.7847489E-02   1.7645509E-01   3.0352445E-03   4.8853731E-04
  7.7393879E-05   7.2079637E-04   9.3843471E-04  -1.8015504E-03   2.9216228E-02   6.0717214E-03   6.1755522E-03   7.9648919E-04   4.1802432E+00   8.7374116E-01  -3.8260208E+00   7.7710011E+01   6.5759654E+01   4.1240213E+01   1.4331976E+01  -3.8096934E+00   1.5745366E-01  -8.7525589E-01   3.5040232E+00   3.2009313E+00  -3.0463900E-03  -1.4098639E-03   9.1327448E-03  -1.7961768E-03   2.5741987E-04   1.1728656E-02  -2.6042288E-05   9.9969004E-05
  4.5673401E-05   1.4011846E-04   3.6696140E-04   7.8487246E-04   1.0927402E-02   7.1496528E-03   6.8159234E-03   6.8823522E-04  -1.3078579E+01   1.6871663E+00   7.2701388E+00  -5.2266678E+01   4.1240213E+01   8.4678544E+01   5.2737255E+01  -1.1070574E+01  -2.2503745E-01  -6.2544421E-01   5.1441092E+00   9.0353303E+00  -3.6650025E-04  -9.0826095E-03  -4.2558669E-03  -6.5079029E-04  -1.4014682E-03  -8.7339307E-03   3.7980475E-04  -3.6716751E-04
 -4.7586736E-06   8.6892726E-05  -6.5115569E-05   4.2976342E-05  -1.7923944E-03   5.5884809E-03   3.9708040E-03   1.5672722E-03  -5.4142705E+01   6.0703267E-01   5.7110183E+00  -5.8414267E+01   1.4331976E+01   5.2737255E+01   1.0208827E+02  -9.3757889E+00  -5.0544421E-01  -1.0263363E+00   6.0891991E+00   3.4036626E+01  -1.5413773E-03  -4.8255281E-03   5.1064133E-04   1.1869232E-02   1.0568020E-02   2.5807670E-02   4.4151674E-04  -1.2700952E-03
  1.7034971E-05   1.0361592E-04   1.5081914E-04  -3.5689311E-04   4.6050657E-03   7.1172625E-05  -1.6392087E-04   1.0286055E-04   7.8191503E-01   2.8059433E-02  -2.6597202E+00   1.5282324E+01  -3.8096934E+00  -1.1070574E+01  -9.3757889E+00   5.6801527E+00   1.2458474E-01  -1.4987608E-01  -2.0176961E+00  -2.6391009E+00   1.0679951E-03   1.9478716E-03  -4.2583992E-03   1.1649152E-03   1.9928842E-03   1.7010467E-02  -1.0806441E-04   4.4270322E-05
  1.6364154E-05  -4.7242002E-05   6.0995859E-05   2.1737461E-04   1.7544310E-03   4.6115074E-04   1.0760824E-03   6.2953660E-06   3.7155004E-01   5.7095531E-03  -2.3502935E-01  -5.6294813E+00   1.5745366E-01  -2.2503745E-01  -5.0544421E-01   1.2458474E-01   3.3084576E+00   4.9639073E-01   4.7002491E-02  -1.7867961E-01   7.5029005E-04  -1.4572076E-03   1.7190692E-03  -2.6013526E-03  -1.8917915E-03   9.3788038E-03   1.6641869E-04  -1.7274346E-05
  1.8017535E-05  -1.8701313E-05   8.3005025E-05   1.7864948E-04   2.5333133E-03   2.4843280E-04   7.4316533E-04  -4.6400521E-05   5.0603203E-01  -9.4796070E-04   1.4479002E-01   5.7758586E+00  -8.7525589E-01  -6.2544421E-01  -1.0263363E+00  -1.4987608E-01   4.9639073E-01   3.2609028E+00   2.8465575E+00   2.9692052E+00   1.7824844E-03  -1.3658209E-04   3.0952576E-03  -3.2697202E-03  -1.0857470E-03   1.4158877E-02  -2.0828136E-04  -4.2334279E-05
  5.7120378E-06   2.8782023E-05   6.7814333E-05  -2.0078375E-04   2.1239908E-03  -1.4549906E-04   3.7009846E-04   4.2020456E-05  -5.9866854E+00   1.0839758E-01   2.5981280E+00  -1.1285035E+01   3.5040232E+00   5.1441092E+00   6.0891991E+00  -2.0176961E+00   4.7002491E-02   2.8465575E+00   1.0745223E+01   1.9167363E+01   9.7606154E-04  -5.0991507E-04   8.3818079E-03  -6.9743922E-03  -2.0305507E-03   1.3364222E-02   7.4030371E-08   4.0449081E-04
 -2.2356473E-05  -2.7631781E-06  -8.0090036E-05  -1.8600693E-04  -2.3289805E-03   8.8972328E-04   6.2550853E-05   9.2762301E-04  -3.3162679E+01   1.4908543E-01   3.5728701E+00  -2.3882699E+01   3.2009313E+00   9.0353303E+00   3.4036626E+01  -2.6391009E+00  -1.7867961E-01   2.9692052E+00   1.9167363E+01   5.2908872E+01   1.1730718E-03  -5.1245988E-04   1.8544319E-02  -4.8384682E-03  -3.8695323E-03   3.2994407E-02   1.4151451E-04   9.3131568E-04
 -2.0828731E-07   9.8256143E-07  -8.1242389E-08  -9.2371060E-07  -4.1964016E-06  -1.3057385E-06  -3.4207766E-06  -3.2950523E-08   7.1385238E-04   4.5212960E-05  -5.6135569E-04  -9.7360135E-03  -3.0463900E-03  -3.6650025E-04  -1.5413773E-03   1.0679951E-03   7.5029005E-04   1.7824844E-03   9.7606154E-04   1.1730718E-03   1.4532696E-03   2.7477391E-04   1.4105596E-04  -3.7570697E-04  -4.1824473E-05   9.9529019E-05  -5.3298164E-08   5.4598283E-07
 -5.7284150E-08   5.2134984E-07   3.1042611E-07  -2.1096187E-06   8.1539473E-06  -2.0519149E-06   3.2468566E-06   1.2393572E-07   1.6579332E-03  -3.0955032E-04  -1.1881460E-03   2.3616487E-02  -1.4098639E-03  -9.0826095E-03  -4.8255281E-03   1.9478716E-03  -1.4572076E-03  -1.3658209E-04  -5.0991507E-04  -5.1245988E-04   2.7477391E-04   8.7144134E-04   3.1167441E-05   7.0729944E-04   4.6771910E-05  -6.7204208E-04  -1.8981217E-07  -7.3413515E-08
  1.1093098E-07  -3.0306179E-07   3.9894509E-07   3.7698450E-06   1.6451042E-05   6.4377667E-06   6.8411278E-06  -8.3198133E-07  -2.0559749E-03  -7.5550422E-04   2.3069402E-03   1.1583141E-02   9.1327448E-03  -4.2558669E-03   5.1064133E-04  -4.2583992E-03   1.7190692E-03   3.0952576E-03   8.3818079E-03   1.8544319E-02   1.4105596E-04   3.1167441E-05   7.4428038E-03  -2.8250418E-04   6.5336849E-04   4.6716410E-03   2.7434105E-07  -6.8623986E-08
 -4.5335834E-07   2.2145910E-06  -6.1231814E-07  -1.3881825E-05  -1.8111281E-06  -2.6084999E-05  -2.1013792E-06  -5.1127854E-07  -5.2735873E-03  -3.6691497E-04  -1.1658118E-03   3.6794754E-02  -1.7961768E-03  -6.5079029E-04   1.1869232E-02   1.1649152E-03  -2.6013526E-03  -3.2697202E-03  -6.9743922E-03  -4.8384682E-03  -3.7570697E-04   7.0729944E-04  -2.8250418E-04   2.8775282E-03   4.7697439E-04  -9.6667966E-04  -1.3451442E-07   4.6503008E-07
 -7.6777214E-07   1.8694230E-06  -8.1749347E-07  -1.7178782E-05  -2.1554088E-05  -3.6643421E-05  -1.0955292E-05   3.4923416E-07  -6.3375090E-03   7.2934169E-05  -2.8306013E-04  -1.7847489E-02   2.5741987E-04  -1.4014682E-03   1.0568020E-02   1.9928842E-03  -1.8917915E-03  -1.0857470E-03  -2.0305507E-03  -3.8695323E-03  -4.1824473E-05   4.6771910E-05   6.5336849E-04   4.7697439E-04   6.3382924E-03   7.2758967E-03  -2.7409284E-07  -1.8310761E-08
  1.7423969E-07   1.5788852E-06   2.3283225E-06   1.2139817E-05   7.4425028E-05   7.7477407E-05   2.3465667E-05   1.9784984E-05  -2.1239394E-02   1.1435134E-03  -1.2440196E-02   1.7645509E-01   1.1728656E-02  -8.7339307E-03   2.5807670E-02   1.7010467E-02   9.3788038E-03   1.4158877E-02   1.3364222E-02   3.2994407E-02   9.9529019E-05  -6.7204208E-04   4.6716410E-03  -9.6667966E-04   7.2758967E-03   7.1439813E-02   2.0788866E-06   4.5706982E-07
 -2.5300814E-09   4.6203630E-09  -1.3268328E-08  -5.8002423E-08  -4.4272079E-07  -9.6150021E-08  -2.3962407E-07  -9.3667584E-09  -2.2036110E-04   1.6051417E-06   1.3908004E-04   3.0352445E-03  -2.6042288E-05   3.7980475E-04   4.4151674E-04  -1.0806441E-04   1.6641869E-04  -2.0828136E-04   7.4030371E-08   1.4151451E-04  -5.3298164E-08  -1.8981217E-07   2.7434105E-07  -1.3451442E-07  -2.7409284E-07   2.0788866E-06   3.7585584E-07   7.9324161E-09
 -8.4364454E-10   9.5975086E-09   6.5457086E-09  -3.8711422E-08   2.9027743E-07  -2.8054823E-08   2.8645939E-08  -1.2352087E-08   6.7263021E-04  -1.2546723E-06  -4.6044604E-05   4.8853731E-04   9.9969004E-05  -3.6716751E-04  -1.2700952E-03   4.4270322E-05  -1.7274346E-05  -4.2334279E-05   4.0449081E-04   9.3131568E-04   5.4598283E-07  -7.3413515E-08  -6.8623986E-08   4.6503008E-07  -1.8310761E-08   4.5706982E-07   7.9324161E-09   3.8192938E-07
