# omegabh2 omegach2 theta mnu logA ns
  2.5459735E-07   1.6816849E-07  -3.3887307E-07  -8.6342724E-06   2.4262325E-07  -3.1385685E-08
  1.6816849E-07   1.1529708E-03   1.4906515E-03   4.1396910E-02  -4.9848517E-03  -1.0284386E-04
 -3.3887307E-07   1.4906515E-03   4.3288418E-03   4.9854801E-02  -1.3519524E-03  -4.4823846E-05
 -8.6342724E-06   4.1396910E-02   4.9854801E-02   1.8342624E+00  -1.8013311E-01  -5.2989057E-04
  2.4262325E-07  -4.9848517E-03  -1.3519524E-03  -1.8013311E-01   3.4149232E-02   9.8037951E-04
 -3.1385685E-08  -1.0284386E-04  -4.4823846E-05  -5.2989057E-04   9.8037951E-04   4.1538617E-04
