# omegabh2 omegach2 theta mnu logA ns
  2.5467831E-07   7.3623675E-07   4.8120001E-07   8.5945044E-06  -2.1546252E-06   8.6461876E-08
  7.3623675E-07   6.7684569E-04   8.7227535E-04   1.9490584E-02  -3.0285601E-03  -3.9082347E-05
  4.8120001E-07   8.7227535E-04   1.2127731E-03   2.9116192E-02  -3.4756765E-03  -9.6044398E-06
  8.5945044E-06   1.9490584E-02   2.9116192E-02   8.4690188E-01  -6.2261212E-02   1.5961369E-03
 -2.1546252E-06  -3.0285601E-03  -3.4756765E-03  -6.2261212E-02   1.7408888E-02   6.0575202E-04
  8.6461876E-08  -3.9082347E-05  -9.6044398E-06   1.5961369E-03   6.0575202E-04   3.9930899E-04
