# omegabh2 omegach2 theta mnu logA ns
  2.5316933E-07   7.4456926E-07   5.5399002E-07   1.1726063E-05  -1.9120947E-06   7.8755318E-08
  7.4456926E-07   6.1760416E-04   8.1752813E-04   1.8640626E-02  -2.5240806E-03  -5.6220959E-05
  5.5399002E-07   8.1752813E-04   1.1524381E-03   2.7677356E-02  -3.0187983E-03  -2.7087513E-05
  1.1726063E-05   1.8640626E-02   2.7677356E-02   7.8730976E-01  -5.7541162E-02   1.4512973E-03
 -1.9120947E-06  -2.5240806E-03  -3.0187983E-03  -5.7541162E-02   1.3331741E-02   7.2618166E-04
  7.8755318E-08  -5.6220959E-05  -2.7087513E-05   1.4512973E-03   7.2618166E-04   4.0135754E-04
