# omegabh2 omegach2 theta tau logA ns r calPlanck acib217 xi asz143 aps100 aps143 aps143217 aps217 aksz kgal100 kgal143 kgal143217 kgal217 cal0 cal2
  3.8633036E-08  -5.8952848E-08   2.2416116E-08   1.8288411E-07   3.6471836E-07   2.6501495E-07  -9.2015097E-08   1.8243374E-08  -1.1308057E-04   1.5896314E-06   3.9691207E-05  -6.1872180E-04  -4.2677336E-04  -1.6599673E-04  -6.4245913E-05  -6.0384444E-05  -2.4469955E-06  -6.7179046E-07  -3.1828355E-06   3.6739334E-05  -3.1417157E-09  -2.5836154E-09
 -5.8952848E-08   1.5348527E-06  -5.3016823E-08  -9.6351489E-07   1.6493542E-06  -3.2029694E-06  -3.7994896E-06  -1.0109873E-07  -1.0753519E-04   4.2365952E-07  -1.3468039E-05   1.3511501E-04   4.2876888E-04   3.5997720E-04   4.4401145E-04  -2.2796148E-05   1.6388748E-05  -1.8678379E-05  -1.0815483E-05   1.6515315E-05  -6.6692493E-09   4.3626065E-10
  2.2416116E-08  -5.3016823E-08   1.6793988E-07   1.7306736E-07   4.6404702E-07   3.7939287E-07  -3.9641788E-07   2.9046938E-08   3.0918805E-05  -4.9418442E-06   1.0347746E-05  -1.1971612E-04  -1.4328869E-04  -1.5034691E-04  -8.4453063E-05  -1.5807234E-05  -7.6784413E-07  -1.4384804E-05  -1.9792504E-05  -1.4546294E-05  -2.8364935E-09   8.3501573E-09
  1.8288411E-07  -9.6351489E-07   1.7306736E-07   4.5128469E-05   8.7550953E-05   4.9075924E-06  -1.2872404E-06  -1.4696720E-07  -2.6870358E-03   2.5381128E-05   4.0125065E-04  -8.2624490E-03  -3.9920603E-03  -4.0194916E-04   2.1806283E-03  -8.7285828E-04  -1.2456737E-04  -3.4090283E-04  -4.4104967E-04   8.8534532E-04  -2.4258416E-08   1.1093458E-08
  3.6471836E-07   1.6493542E-06   4.6404702E-07   8.7550953E-05   2.0778937E-04   6.6943696E-07  -1.9829820E-05   1.2218470E-05  -6.1158555E-03   1.1544322E-04   7.0773381E-04  -1.2995931E-02  -5.6071154E-03   2.4728058E-03   1.1154563E-02  -2.6341235E-03  -7.4176162E-04  -1.5826055E-03  -1.4180672E-03   3.5218792E-03   1.4572827E-07   5.1737785E-08
  2.6501495E-07  -3.2029694E-06   3.7939287E-07   4.9075924E-06   6.6943696E-07   1.7761405E-05   2.6941481E-05   2.8914106E-07  -4.0029850E-03   6.4807286E-05   1.1924908E-03  -2.5630306E-02  -8.1793553E-03   7.2088611E-04   3.7041550E-03  -2.2917285E-03   3.2905467E-04  -1.4421396E-04  -2.5905216E-04   1.3572281E-03  -1.6601584E-07  -5.8987465E-08
 -9.2015097E-08  -3.7994896E-06  -3.9641788E-07  -1.2872404E-06  -1.9829820E-05   2.6941481E-05   1.3137967E-03  -4.5330768E-07  -5.3423142E-03   2.1838468E-04   3.0987194E-03  -2.6571348E-02  -5.3108934E-03   1.2725125E-02   1.2664788E-02  -4.5316122E-03  -2.0324753E-03  -1.3105043E-03  -8.2072511E-04  -1.7224907E-03   1.3370348E-07  -4.0397686E-07
  1.8243374E-08  -1.0109873E-07   2.9046938E-08  -1.4696720E-07   1.2218470E-05   2.8914106E-07  -4.5330768E-07   6.2540055E-06   5.7498170E-04   1.0480986E-05  -2.9953024E-05   3.5387603E-03   5.3032135E-04   3.1473914E-04   1.2106060E-03  -5.7549044E-06  -7.6768026E-05  -7.1996613E-05   3.7256858E-06   8.3441821E-04   2.1678049E-08   6.8718344E-09
 -1.1308057E-04  -1.0753519E-04   3.0918805E-05  -2.6870358E-03  -6.1158555E-03  -4.0029850E-03  -5.3423142E-03   5.7498170E-04   4.3374915E+01  -3.4916488E-01  -8.9484322E-01   3.9288311E+01   3.1167215E+00  -1.1826548E+01  -5.3169011E+01  -5.2679114E-02   5.1117481E-02   3.9164333E-01  -5.9120560E+00  -3.2808918E+01  -1.1317159E-04   6.5762390E-04
  1.5896314E-06   4.2365952E-07  -4.9418442E-06   2.5381128E-05   1.1544322E-04   6.4807286E-05   2.1838468E-04   1.0480986E-05  -3.4916488E-01   8.2505941E-02  -5.5565980E-02  -4.9925117E-01   9.8112364E-01   1.6648355E+00   5.6846720E-01   4.7950878E-02   7.7623902E-03   1.1044163E-02   1.0162709E-01   1.1629809E-01  -1.7720056E-06  -3.4109160E-06
  3.9691207E-05  -1.3468039E-05   1.0347746E-05   4.0125065E-04   7.0773381E-04   1.1924908E-03   3.0987194E-03  -2.9953024E-05  -8.9484322E-01  -5.5565980E-02   3.9470254E+00  -2.9925822E+01  -3.8434747E+00   7.3753722E+00   5.2115767E+00  -2.8344630E+00  -2.9259674E-01   1.2812184E-01   2.6195118E+00   3.3404671E+00   8.9754411E-05  -3.0370442E-05
 -6.1872180E-04   1.3511501E-04  -1.1971612E-04  -8.2624490E-03  -1.2995931E-02  -2.5630306E-02  -2.6571348E-02   3.5387603E-03   3.9288311E+01  -4.9925117E-01  -2.9925822E+01   7.9634951E+02   7.6820571E+01  -4.8550737E+01  -5.8071933E+01   1.2909654E+01  -6.9698926E+00   5.5808199E+00  -1.1762123E+01  -2.6987776E+01   4.0846447E-03   4.2223818E-04
 -4.2677336E-04   4.2876888E-04  -1.4328869E-04  -3.9920603E-03  -5.6071154E-03  -8.1793553E-03  -5.3108934E-03   5.3032135E-04   3.1167215E+00   9.8112364E-01  -3.8434747E+00   7.6820571E+01   6.6779520E+01   4.2701833E+01   1.5910923E+01  -4.7555569E+00  -5.5954610E-01  -1.3197030E+00   3.3657870E+00   2.8818493E+00   1.2169362E-04   9.5987713E-05
 -1.6599673E-04   3.5997720E-04  -1.5034691E-04  -4.0194916E-04   2.4728058E-03   7.2088611E-04   1.2725125E-02   3.1473914E-04  -1.1826548E+01   1.6648355E+00   7.3753722E+00  -4.8550737E+01   4.2701833E+01   8.5186395E+01   5.2666635E+01  -1.2049605E+01  -8.9601530E-01  -8.6881361E-01   4.4692544E+00   6.7678189E+00   3.1730323E-04  -4.0889834E-04
 -6.4245913E-05   4.4401145E-04  -8.4453063E-05   2.1806283E-03   1.1154563E-02   3.7041550E-03   1.2664788E-02   1.2106060E-03  -5.3169011E+01   5.6846720E-01   5.2115767E+00  -5.8071933E+01   1.5910923E+01   5.2666635E+01   1.0255501E+02  -9.5678794E+00  -8.2827526E-01  -1.1756496E+00   5.4989880E+00   3.2247927E+01   3.8578529E-04  -1.2442119E-03
 -6.0384444E-05  -2.2796148E-05  -1.5807234E-05  -8.7285828E-04  -2.6341235E-03  -2.2917285E-03  -4.5316122E-03  -5.7549044E-06  -5.2679114E-02   4.7950878E-02  -2.8344630E+00   1.2909654E+01  -4.7555569E+00  -1.2049605E+01  -9.5678794E+00   6.0771492E+00   2.8626997E-01  -1.9034652E-01  -2.1314406E+00  -2.3999486E+00  -6.7326302E-05  -2.5587038E-06
 -2.4469955E-06   1.6388748E-05  -7.6784413E-07  -1.2456737E-04  -7.4176162E-04   3.2905467E-04  -2.0324753E-03  -7.6768026E-05   5.1117481E-02   7.7623902E-03  -2.9259674E-01  -6.9698926E+00  -5.5954610E-01  -8.9601530E-01  -8.2827526E-01   2.8626997E-01   3.4144786E+00   4.9426761E-01  -2.0966196E-02  -1.4808245E-01   1.6440573E-04  -1.8895734E-05
 -6.7179046E-07  -1.8678379E-05  -1.4384804E-05  -3.4090283E-04  -1.5826055E-03  -1.4421396E-04  -1.3105043E-03  -7.1996613E-05   3.9164333E-01   1.1044163E-02   1.2812184E-01   5.5808199E+00  -1.3197030E+00  -8.6881361E-01  -1.1756496E+00  -1.9034652E-01   4.9426761E-01   3.1546568E+00   2.7188410E+00   2.8016835E+00  -1.8043898E-04  -4.3419819E-05
 -3.1828355E-06  -1.0815483E-05  -1.9792504E-05  -4.4104967E-04  -1.4180672E-03  -2.5905216E-04  -8.2072511E-04   3.7256858E-06  -5.9120560E+00   1.0162709E-01   2.6195118E+00  -1.1762123E+01   3.3657870E+00   4.4692544E+00   5.4989880E+00  -2.1314406E+00  -2.0966196E-02   2.7188410E+00   1.0940805E+01   1.9579810E+01  -5.7084738E-05   4.2870979E-04
  3.6739334E-05   1.6515315E-05  -1.4546294E-05   8.8534532E-04   3.5218792E-03   1.3572281E-03  -1.7224907E-03   8.3441821E-04  -3.2808918E+01   1.1629809E-01   3.3404671E+00  -2.6987776E+01   2.8818493E+00   6.7678189E+00   3.2247927E+01  -2.3999486E+00  -1.4808245E-01   2.8016835E+00   1.9579810E+01   5.3821610E+01   3.9269203E-06   9.9920993E-04
 -3.1417157E-09  -6.6692493E-09  -2.8364935E-09  -2.4258416E-08   1.4572827E-07  -1.6601584E-07   1.3370348E-07   2.1678049E-08  -1.1317159E-04  -1.7720056E-06   8.9754411E-05   4.0846447E-03   1.2169362E-04   3.1730323E-04   3.8578529E-04  -6.7326302E-05   1.6440573E-04  -1.8043898E-04  -5.7084738E-05   3.9269203E-06   3.7346445E-07  -2.8614205E-10
 -2.5836154E-09   4.3626065E-10   8.3501573E-09   1.1093458E-08   5.1737785E-08  -5.8987465E-08  -4.0397686E-07   6.8718344E-09   6.5762390E-04  -3.4109160E-06  -3.0370442E-05   4.2223818E-04   9.5987713E-05  -4.0889834E-04  -1.2442119E-03  -2.5587038E-06  -1.8895734E-05  -4.3419819E-05   4.2870979E-04   9.9920993E-04  -2.8614205E-10   3.9447862E-07
