# omegabh2 omegach2 theta tau nnu logA ns calPlanck acib217 xi asz143 aps100 aps143 aps143217 aps217 aksz kgal100 kgal143 kgal143217 kgal217 galfTE100 galfTE100143 galfTE100217 galfTE143 galfTE143217 galfTE217 cal0 cal2
  3.4627878E-08   1.6539177E-07  -1.2006454E-08   3.4252894E-07   1.7987103E-05   1.1985994E-06   8.7556605E-07   2.0439115E-08   1.9154081E-05  -7.6747242E-07  -1.9302310E-07   8.7383074E-05  -7.4460093E-06  -3.8779440E-05  -3.0038077E-05   7.3418277E-06   1.1358551E-05   5.5653466E-06   6.9083360E-06   7.9448026E-07  -1.1161618E-07  -9.9342216E-08  -6.7075610E-08  -3.4598471E-07  -7.8311458E-07  -2.4924910E-06   1.7576340E-09   1.2274287E-09
  1.6539177E-07   7.8340292E-06  -7.5438310E-07  -5.6804528E-07   3.9005335E-04   1.7067000E-05   8.7916585E-06  -1.2970496E-07   2.1521217E-03  -5.5285429E-05  -4.1901630E-04   9.0823050E-03   5.2192347E-03   1.3790794E-03  -2.0612980E-04   8.4701019E-04   2.0060296E-04   2.5378999E-04   3.2814356E-04  -2.9668664E-04   6.9030042E-07   6.8597249E-07   1.4588551E-06   1.3156170E-06  -6.1873788E-07   1.0037929E-05  -2.7839291E-08   3.5408143E-08
 -1.2006454E-08  -7.5438310E-07   1.5521034E-07  -4.0294014E-09  -3.9854626E-05  -1.6943718E-06  -8.8878107E-07   8.0388700E-09  -2.1960920E-04   4.0864077E-06   4.6284316E-05  -8.8199230E-04  -5.1926009E-04  -1.4707481E-04   3.0203961E-05  -8.6249644E-05  -1.7908081E-05  -3.1331419E-05  -2.3257695E-05   6.0571894E-05  -4.3511014E-08  -1.0109347E-08  -5.5748542E-07   5.5873379E-08  -5.2631155E-08  -2.5548485E-06   2.9264569E-09  -1.9557388E-09
  3.4252894E-07  -5.6804528E-07  -4.0294014E-09   6.6215365E-05   1.3000556E-04   1.3042095E-04   1.2735143E-05  -4.4065878E-07  -2.4892527E-03   1.6378524E-08   4.7094903E-04  -9.8409307E-03  -3.6491191E-03  -9.6883279E-04   1.7337343E-03  -8.1636781E-04  -3.3753024E-05  -2.1014745E-04   3.2807413E-05   1.0607187E-03  -5.5743642E-06  -3.1944679E-08   6.4689263E-08   2.1036048E-06  -1.1588212E-05  -2.9915603E-05  -3.9590009E-09  -4.5199448E-08
  1.7987103E-05   3.9005335E-04  -3.9854626E-05   1.3000556E-04   2.5215173E-02   1.1800762E-03   8.3796518E-04   1.6440133E-07   1.2670495E-01  -3.4611452E-03  -2.4103271E-02   5.2998778E-01   2.7060326E-01   4.2260701E-02  -3.9487561E-02   5.1676575E-02   1.5207212E-02   1.8821067E-02   2.2774706E-02  -1.3081837E-02   3.0671513E-06   1.7955945E-05   7.8816536E-05  -2.3265671E-05  -2.4625265E-04  -1.1761868E-04  -2.1048592E-06   2.8308166E-06
  1.1985994E-06   1.7067000E-05  -1.6943718E-06   1.3042095E-04   1.1800762E-03   3.2780944E-04   4.5225090E-05   1.1314288E-05   1.2081372E-04  -8.4352616E-05  -1.0326923E-05   6.7412264E-03   6.0849411E-03   3.9933375E-03   8.6432153E-03  -6.0736925E-04  -2.9868153E-05  -4.0193641E-04   2.2003701E-04   2.5126433E-03  -6.8197203E-06   2.4602712E-06   5.5690925E-06   6.9022319E-06  -2.5113138E-05  -4.0424470E-05   9.5813192E-08  -4.4709202E-08
  8.7556605E-07   8.7916585E-06  -8.8878107E-07   1.2735143E-05   8.3796518E-04   4.5225090E-05   4.6476652E-05   2.9623519E-07   2.3599797E-04  -3.2481496E-05   5.0853719E-06  -3.8332487E-03   2.1081025E-03   1.6762297E-03   2.1662864E-03  -3.1264445E-04   9.2530889E-04   3.5150645E-04   4.7196700E-04   7.3334153E-04  -2.1652949E-06   1.3546960E-07   4.0121242E-06  -5.7195325E-06  -1.6044107E-05  -3.5144464E-05  -1.3940805E-07   7.1572445E-08
  2.0439115E-08  -1.2970496E-07   8.0388700E-09  -4.4065878E-07   1.6440133E-07   1.1314288E-05   2.9623519E-07   6.1552692E-06   7.1878161E-04   4.2564279E-06  -6.9452500E-06   4.4139922E-03   5.0091410E-04   4.4346681E-04   1.2490547E-03  -5.6861598E-05  -3.1395321E-05   3.3599403E-06  -3.5582301E-05   6.6039811E-04   1.4629582E-06   5.6752716E-07   8.2448981E-07  -1.0917696E-07   8.0952942E-07  -2.6204416E-07   6.6364467E-09  -1.2770819E-08
  1.9154081E-05   2.1521217E-03  -2.1960920E-04  -2.4892527E-03   1.2670495E-01   1.2081372E-04   2.3599797E-04   7.1878161E-04   4.4395144E+01  -4.1966817E-01  -8.5242054E-01   3.6472482E+01   2.0883665E+00  -1.3600289E+01  -5.4602073E+01  -2.4732789E-02   2.4763149E-01   6.0925258E-01  -5.6575013E+00  -3.2965979E+01   3.3396412E-04  -7.1411915E-04  -5.5137694E-03  -1.8605520E-04  -4.5751421E-03  -1.7756029E-02  -1.9032055E-04   7.2175281E-04
 -7.6747242E-07  -5.5285429E-05   4.0864077E-06   1.6378524E-08  -3.4611452E-03  -8.4352616E-05  -3.2481496E-05   4.2564279E-06  -4.1966817E-01   8.2337974E-02  -5.3009479E-02  -5.5516032E-01   8.6680044E-01   1.6463579E+00   6.2841327E-01   6.0644807E-02  -1.8699078E-02   8.1712551E-03   9.5182173E-02   1.3034881E-01   8.8546538E-06  -8.4721616E-05   8.9120550E-05  -1.8507628E-04  -1.2610422E-04   6.8293215E-04   5.0075726E-06  -4.6613518E-06
 -1.9302310E-07  -4.1901630E-04   4.6284316E-05   4.7094903E-04  -2.4103271E-02  -1.0326923E-05   5.0853719E-06  -6.9452500E-06  -8.5242054E-01  -5.3009479E-02   4.0139612E+00  -3.1334158E+01  -3.2536838E+00   7.9708361E+00   5.6870640E+00  -3.0235627E+00  -2.3962330E-01   1.5602395E-01   2.7431144E+00   3.4407067E+00   2.9516534E-04   4.3132665E-05   8.7863229E-04  -9.2072464E-04   1.6630521E-03   5.3798389E-03   1.2253320E-04  -2.4446439E-05
  8.7383074E-05   9.0823050E-03  -8.8199230E-04  -9.8409307E-03   5.2998778E-01   6.7412264E-03  -3.8332487E-03   4.4139922E-03   3.6472482E+01  -5.5516032E-01  -3.1334158E+01   7.9033443E+02   7.1017456E+01  -5.5806994E+01  -6.0632525E+01   1.5808821E+01  -5.6323700E+00   6.6154481E+00  -1.1843914E+01  -2.3601592E+01   1.0067145E-02  -5.0143829E-04  -8.6283105E-03   8.7605840E-03   2.1463072E-02  -4.5260085E-02   3.5379690E-03   4.2826644E-04
 -7.4460093E-06   5.2192347E-03  -5.1926009E-04  -3.6491191E-03   2.7060326E-01   6.0849411E-03   2.1081025E-03   5.0091410E-04   2.0883665E+00   8.6680044E-01  -3.2536838E+00   7.1017456E+01   6.3945994E+01   4.1492340E+01   1.6700961E+01  -4.9061073E+00  -4.6132502E-01  -1.0155640E+00   4.0015010E+00   5.0617140E+00   2.9737699E-03  -7.5793262E-04   4.0409232E-03   3.5419220E-03   7.6792748E-03   3.5329661E-02   3.2514007E-06   1.2363245E-04
 -3.8779440E-05   1.3790794E-03  -1.4707481E-04  -9.6883279E-04   4.2260701E-02   3.9933375E-03   1.6762297E-03   4.4346681E-04  -1.3600289E+01   1.6463579E+00   7.9708361E+00  -5.5806994E+01   4.1492340E+01   8.6775921E+01   5.5634464E+01  -1.2550900E+01  -1.0659063E+00  -4.6216114E-01   5.4951359E+00   9.3232468E+00   1.6129170E-03  -1.9073049E-03   8.4243778E-03   9.5048155E-04   8.7897989E-03   3.1992315E-02   4.2676826E-04  -3.7799422E-04
 -3.0038077E-05  -2.0612980E-04   3.0203961E-05   1.7337343E-03  -3.9487561E-02   8.6432153E-03   2.1662864E-03   1.2490547E-03  -5.4602073E+01   6.2841327E-01   5.6870640E+00  -6.0632525E+01   1.6700961E+01   5.5634464E+01   1.0499424E+02  -1.0165278E+01  -7.1458422E-01  -1.0514460E+00   5.9638099E+00   3.4092935E+01   6.2767891E-04  -1.0450080E-03   6.0548731E-03   4.3964071E-03   1.2419312E-02   2.6171956E-02   4.2311372E-04  -1.3209143E-03
  7.3418277E-06   8.4701019E-04  -8.6249644E-05  -8.1636781E-04   5.1676575E-02  -6.0736925E-04  -3.1264445E-04  -5.6861598E-05  -2.4732789E-02   6.0644807E-02  -3.0235627E+00   1.5808821E+01  -4.9061073E+00  -1.2550900E+01  -1.0165278E+01   6.5041042E+00   1.8143850E-01  -1.8277714E-01  -2.2706424E+00  -2.6845241E+00   4.1368509E-04   8.7747999E-04  -3.4667084E-04   2.4735497E-05  -2.2319493E-03  -2.5927232E-03  -9.5312524E-05  -7.9347256E-06
  1.1358551E-05   2.0060296E-04  -1.7908081E-05  -3.3753024E-05   1.5207212E-02  -2.9868153E-05   9.2530889E-04  -3.1395321E-05   2.4763149E-01  -1.8699078E-02  -2.3962330E-01  -5.6323700E+00  -4.6132502E-01  -1.0659063E+00  -7.1458422E-01   1.8143850E-01   3.3761100E+00   5.4115939E-01   1.2770351E-01   7.0575614E-02  -5.0783809E-04  -1.0515875E-05   1.4731197E-03  -2.1810632E-03  -3.1807024E-03  -7.7469980E-03   1.7351809E-04   8.7750609E-07
  5.5653466E-06   2.5378999E-04  -3.1331419E-05  -2.1014745E-04   1.8821067E-02  -4.0193641E-04   3.5150645E-04   3.3599403E-06   6.0925258E-01   8.1712551E-03   1.5602395E-01   6.6154481E+00  -1.0155640E+00  -4.6216114E-01  -1.0514460E+00  -1.8277714E-01   5.4115939E-01   3.1797647E+00   2.7164009E+00   2.7177263E+00  -2.7087066E-04  -4.5627563E-04   4.1170010E-04  -6.8194024E-04  -1.0252942E-03  -1.3532543E-03  -1.7873064E-04  -4.4867498E-05
  6.9083360E-06   3.2814356E-04  -2.3257695E-05   3.2807413E-05   2.2774706E-02   2.2003701E-04   4.7196700E-04  -3.5582301E-05  -5.6575013E+00   9.5182173E-02   2.7431144E+00  -1.1843914E+01   4.0015010E+00   5.4951359E+00   5.9638099E+00  -2.2706424E+00   1.2770351E-01   2.7164009E+00   1.0891294E+01   1.9351023E+01   7.4130814E-04  -4.1826344E-05   1.4772211E-03  -2.6996384E-03   3.2852302E-03   2.3769132E-02  -5.6280866E-06   4.1465671E-04
  7.9448026E-07  -2.9668664E-04   6.0571894E-05   1.0607187E-03  -1.3081837E-02   2.5126433E-03   7.3334153E-04   6.6039811E-04  -3.2965979E+01   1.3034881E-01   3.4407067E+00  -2.3601592E+01   5.0617140E+00   9.3232468E+00   3.4092935E+01  -2.6845241E+00   7.0575614E-02   2.7177263E+00   1.9351023E+01   5.3520431E+01   1.0331792E-03   1.3085486E-03   7.0923578E-03  -2.2368878E-03   7.7164772E-03   5.2813455E-02   1.0401504E-04   9.3313765E-04
 -1.1161618E-07   6.9030042E-07  -4.3511014E-08  -5.5743642E-06   3.0671513E-06  -6.8197203E-06  -2.1652949E-06   1.4629582E-06   3.3396412E-04   8.8546538E-06   2.9516534E-04   1.0067145E-02   2.9737699E-03   1.6129170E-03   6.2767891E-04   4.1368509E-04  -5.0783809E-04  -2.7087066E-04   7.4130814E-04   1.0331792E-03   1.4258282E-03   2.7793027E-04   7.0104055E-05  -3.4845379E-04  -6.3954090E-05  -1.8001980E-04   9.2751882E-08   2.1181955E-07
 -9.9342216E-08   6.8597249E-07  -1.0109347E-08  -3.1944679E-08   1.7955945E-05   2.4602712E-06   1.3546960E-07   5.6752716E-07  -7.1411915E-04  -8.4721616E-05   4.3132665E-05  -5.0143829E-04  -7.5793262E-04  -1.9073049E-03  -1.0450080E-03   8.7747999E-04  -1.0515875E-05  -4.5627563E-04  -4.1826344E-05   1.3085486E-03   2.7793027E-04   8.9067848E-04   5.7480536E-05   7.6181261E-04   7.9785897E-05  -7.2841905E-04  -1.1930646E-07   1.8179418E-07
 -6.7075610E-08   1.4588551E-06  -5.5748542E-07   6.4689263E-08   7.8816536E-05   5.5690925E-06   4.0121242E-06   8.2448981E-07  -5.5137694E-03   8.9120550E-05   8.7863229E-04  -8.6283105E-03   4.0409232E-03   8.4243778E-03   6.0548731E-03  -3.4667084E-04   1.4731197E-03   4.1170010E-04   1.4772211E-03   7.0923578E-03   7.0104055E-05   5.7480536E-05   7.2231892E-03  -2.5937096E-04   6.1903540E-04   4.5031974E-03   9.9347372E-08   3.6208772E-07
 -3.4598471E-07   1.3156170E-06   5.5873379E-08   2.1036048E-06  -2.3265671E-05   6.9022319E-06  -5.7195325E-06  -1.0917696E-07  -1.8605520E-04  -1.8507628E-04  -9.2072464E-04   8.7605840E-03   3.5419220E-03   9.5048155E-04   4.3964071E-03   2.4735497E-05  -2.1810632E-03  -6.8194024E-04  -2.6996384E-03  -2.2368878E-03  -3.4845379E-04   7.6181261E-04  -2.5937096E-04   2.9171342E-03   5.8087696E-04  -8.5399819E-04  -2.8454420E-07   6.8001108E-08
 -7.8311458E-07  -6.1873788E-07  -5.2631155E-08  -1.1588212E-05  -2.4625265E-04  -2.5113138E-05  -1.6044107E-05   8.0952942E-07  -4.5751421E-03  -1.2610422E-04   1.6630521E-03   2.1463072E-02   7.6792748E-03   8.7897989E-03   1.2419312E-02  -2.2319493E-03  -3.1807024E-03  -1.0252942E-03   3.2852302E-03   7.7164772E-03  -6.3954090E-05   7.9785897E-05   6.1903540E-04   5.8087696E-04   6.4008571E-03   7.6051572E-03   7.9867727E-08   1.4444100E-07
 -2.4924910E-06   1.0037929E-05  -2.5548485E-06  -2.9915603E-05  -1.1761868E-04  -4.0424470E-05  -3.5144464E-05  -2.6204416E-07  -1.7756029E-02   6.8293215E-04   5.3798389E-03  -4.5260085E-02   3.5329661E-02   3.1992315E-02   2.6171956E-02  -2.5927232E-03  -7.7469980E-03  -1.3532543E-03   2.3769132E-02   5.2813455E-02  -1.8001980E-04  -7.2841905E-04   4.5031974E-03  -8.5399819E-04   7.6051572E-03   7.0823916E-02  -1.0736355E-06   1.6210466E-06
  1.7576340E-09  -2.7839291E-08   2.9264569E-09  -3.9590009E-09  -2.1048592E-06   9.5813192E-08  -1.3940805E-07   6.6364467E-09  -1.9032055E-04   5.0075726E-06   1.2253320E-04   3.5379690E-03   3.2514007E-06   4.2676826E-04   4.2311372E-04  -9.5312524E-05   1.7351809E-04  -1.7873064E-04  -5.6280866E-06   1.0401504E-04   9.2751882E-08  -1.1930646E-07   9.9347372E-08  -2.8454420E-07   7.9867727E-08  -1.0736355E-06   3.8053497E-07   4.2989166E-09
  1.2274287E-09   3.5408143E-08  -1.9557388E-09  -4.5199448E-08   2.8308166E-06  -4.4709202E-08   7.1572445E-08  -1.2770819E-08   7.2175281E-04  -4.6613518E-06  -2.4446439E-05   4.2826644E-04   1.2363245E-04  -3.7799422E-04  -1.3209143E-03  -7.9347256E-06   8.7750609E-07  -4.4867498E-05   4.1465671E-04   9.3313765E-04   2.1181955E-07   1.8179418E-07   3.6208772E-07   6.8001108E-08   1.4444100E-07   1.6210466E-06   4.2989166E-09   3.9387803E-07
