# omegabh2 omegach2 theta tau yhe logA ns calPlanck aps100 aps143 aps217 acib217 asz143 psr cibr xi aksz dust100 dust143 dust217 dust143x217 cal0 cal2 calTE calEE
  2.2463534E-08  -5.2416694E-08   1.5044808E-08   1.5648971E-07   1.2254028E-07   3.1853421E-07   2.2450255E-07   1.8671385E-08  -3.7686214E-04  -2.2619833E-04   6.8784700E-05  -1.0001489E-04   1.8236462E-05   5.0085618E-07  -1.8248121E-06  -8.1871858E-08  -2.6226008E-05   8.6373619E-07   2.2460417E-07   6.6677163E-07   4.0685905E-07  -2.4777402E-10  -4.3888147E-09  -7.5370668E-08  -2.3788116E-07
 -5.2416694E-08   1.0530699E-06  -6.1374980E-08  -9.4881579E-07   3.6344957E-08   4.4381261E-07  -2.3169508E-06  -9.6507995E-08   4.2996594E-04   4.7401829E-04  -2.6044769E-05   1.8372162E-04  -4.7711741E-05  -2.1426787E-06   3.0962636E-06  -5.0034458E-06   1.4918928E-05  -1.2072296E-07  -4.0934662E-07  -8.7544398E-07  -1.7796110E-06  -4.4598073E-09   2.5197909E-08  -2.9246672E-07  -6.5388885E-07
  1.5044808E-08  -6.1374980E-08   1.0671216E-07   1.5884051E-07   5.3154333E-07   4.1154742E-07   4.5528647E-07   1.2221755E-08  -4.6168276E-05   1.0094015E-04  -9.1368218E-05   6.0197635E-05  -1.2450256E-05  -8.6057325E-07   6.8515882E-07   4.1584825E-07   2.7556451E-05   1.1879472E-06   1.7115454E-06  -2.5770494E-07   1.0688953E-06  -1.3322025E-08  -1.6168667E-09   6.0358556E-09   1.2094505E-07
  1.5648971E-07  -9.4881579E-07   1.5884051E-07   4.5576588E-05   8.5759529E-07   8.8589127E-05   4.7238652E-06  -3.0405925E-07  -9.8154897E-03  -5.0539729E-03   7.5325460E-04  -1.7814207E-03   2.1704599E-04   4.0932630E-05  -9.7729817E-05   4.3462077E-05  -3.0745516E-04   1.3285829E-05  -9.0655620E-06  -3.0735149E-06   1.6826472E-05  -1.1105362E-07  -2.2684672E-07  -3.0883174E-06  -2.5190816E-06
  1.2254028E-07   3.6344957E-08   5.3154333E-07   8.5759529E-07   1.4601970E-05   5.0946937E-06   5.2613966E-06  -1.9363703E-07   4.5425578E-03   3.7299603E-03  -1.3075076E-03   1.8808943E-03  -8.4289958E-05  -1.0377433E-05   3.5100202E-05  -1.3176021E-05   3.6577816E-04   5.0653381E-06   1.3479238E-05  -7.1866138E-06   6.4390407E-06  -8.0419692E-08   1.1862784E-07   1.9064739E-06   3.0992381E-06
  3.1853421E-07   4.4381261E-07   4.1154742E-07   8.8589127E-05   5.0946937E-06   2.0632032E-04   3.2228926E-06   1.1296100E-05  -9.5070578E-03  -5.7501840E-03   8.4235898E-03  -3.9383603E-03   4.5648999E-05   6.6392300E-05  -2.2010165E-04   4.0134580E-05  -1.2108690E-03   1.4486202E-05  -1.1413705E-04   1.2774672E-05   6.3284438E-06   3.6204372E-07  -3.9598666E-07  -6.9386939E-06  -4.2689660E-06
  2.2450255E-07  -2.3169508E-06   4.5528647E-07   4.7238652E-06   5.2613966E-06   3.2228926E-06   1.7262012E-05   1.9026217E-08  -1.9047719E-02  -5.4502288E-03   7.3160782E-03  -5.0160675E-03   4.8591045E-04   4.9961271E-05  -8.5058174E-05   5.1696715E-05  -1.6254519E-03   4.0333657E-05  -1.7305688E-05   2.5937622E-05  -6.6381897E-06  -3.5860902E-07  -3.5722373E-07   6.7580440E-07  -1.4998858E-06
  1.8671385E-08  -9.6507995E-08   1.2221755E-08  -3.0405925E-07  -1.9363703E-07   1.1296100E-05   1.9026217E-08   6.0723779E-06   4.3114688E-03   8.2026579E-04   1.1492836E-03   4.0920573E-04  -1.5457290E-04  -1.4902156E-05   8.7085651E-07  -2.7823747E-05   1.4934914E-04  -6.7427648E-07  -1.4263616E-06   6.3004932E-06  -4.6918079E-06  -1.0395660E-08  -4.8900620E-08  -4.4024056E-07  -4.4548368E-07
 -3.7686214E-04   4.2996594E-04  -4.6168276E-05  -9.8154897E-03   4.5425578E-03  -9.5070578E-03  -1.9047719E-02   4.3114688E-03   6.0437622E+02   5.8023740E+01  -4.7089166E+01   2.5316073E+01  -2.5542540E+01  -7.7718923E-01  -3.0851584E-01  -8.0527921E-02   1.1232008E+01  -1.9733802E-01   2.9412947E-01  -2.2489066E-01  -1.9664264E-01   7.2322938E-03   2.5509127E-03   2.6248164E-03   6.3652943E-03
 -2.2619833E-04   4.7401829E-04   1.0094015E-04  -5.0539729E-03   3.7299603E-03  -5.7501840E-03  -5.4502288E-03   8.2026579E-04   5.8023740E+01   6.7206370E+01   9.7143039E+00   5.5939925E+00  -4.0935912E-01  -2.7082119E-02   4.7360956E-01   9.2031792E-01  -7.8970829E+00  -4.4226300E-02  -2.4219866E-01   6.6613832E-02   5.4987929E-02   9.2950361E-04   7.8221501E-04   2.8808148E-03   6.3014397E-03
  6.8784700E-05  -2.6044769E-05  -9.1368218E-05   7.5325460E-04  -1.3075076E-03   8.4235898E-03   7.3160782E-03   1.1492836E-03  -4.7089166E+01   9.7143039E+00   1.6729146E+02  -7.9502420E+01   2.5664726E+00   3.0888257E-01  -9.8233277E-01   2.8333277E-01  -7.3100531E+00  -2.7459857E-02  -3.2270160E-01   5.4054886E-01  -3.5691991E-02   1.8094631E-03  -7.2321422E-03   2.0752023E-03   2.5880805E-03
 -1.0001489E-04   1.8372162E-04   6.0197635E-05  -1.7814207E-03   1.8808943E-03  -3.9383603E-03  -5.0160675E-03   4.0920573E-04   2.5316073E+01   5.5939925E+00  -7.9502420E+01   5.0098387E+01   1.8305664E+00  -1.4905616E-02   6.8163389E-01  -2.1870055E-01  -2.5605920E+00   3.3621090E-03   1.9074486E-01  -4.4462589E-01  -8.7972319E-02  -5.5418614E-04   2.8743112E-03  -5.4617805E-04   9.0950585E-04
  1.8236462E-05  -4.7711741E-05  -1.2450256E-05   2.1704599E-04  -8.4289958E-05   4.5648999E-05   4.8591045E-04  -1.5457290E-04  -2.5542540E+01  -4.0935912E-01   2.5664726E+00   1.8305664E+00   4.4275862E+00   1.0501708E-01   1.6427260E-01  -3.6030970E-02  -3.5682597E+00  -1.5742711E-02  -1.1422247E-02   5.0253477E-03   4.9758721E-02   4.6538204E-04  -2.5513974E-04  -6.3481878E-06  -8.2186381E-06
  5.0085618E-07  -2.1426787E-06  -8.6057325E-07   4.0932630E-05  -1.0377433E-05   6.6392300E-05   4.9961271E-05  -1.4902156E-05  -7.7718923E-01  -2.7082119E-02   3.0888257E-01  -1.4905616E-02   1.0501708E-01   1.6497326E-02  -1.6119549E-02   1.1357403E-02  -1.0454673E-01  -3.4955400E-04  -9.3601359E-04  -3.0648098E-03   5.1108099E-03   1.8836505E-05  -3.9259409E-05   1.8404359E-05   2.3881224E-06
 -1.8248121E-06   3.0962636E-06   6.8515882E-07  -9.7729817E-05   3.5100202E-05  -2.2010165E-04  -8.5058174E-05   8.7085651E-07  -3.0851584E-01   4.7360956E-01  -9.8233277E-01   6.8163389E-01   1.6427260E-01  -1.6119549E-02   6.8182685E-02   6.2774620E-03  -1.5904455E-01   6.4137983E-04   6.3920464E-03   1.5477196E-05  -1.7888172E-02  -4.5613474E-06   9.1616201E-05  -2.9672675E-05   3.0868555E-05
 -8.1871858E-08  -5.0034458E-06   4.1584825E-07   4.3462077E-05  -1.3176021E-05   4.0134580E-05   5.1696715E-05  -2.7823747E-05  -8.0527921E-02   9.2031792E-01   2.8333277E-01  -2.1870055E-01  -3.6030970E-02   1.1357403E-02   6.2774620E-03   8.2278022E-02   4.2397446E-02  -2.8571030E-05   1.9540405E-04   6.2966505E-04  -2.8469249E-05   1.8853326E-05  -9.4427427E-06   1.6215008E-05   8.3393838E-06
 -2.6226008E-05   1.4918928E-05   2.7556451E-05  -3.0745516E-04   3.6577816E-04  -1.2108690E-03  -1.6254519E-03   1.4934914E-04   1.1232008E+01  -7.8970829E+00  -7.3100531E+00  -2.5605920E+00  -3.5682597E+00  -1.0454673E-01  -1.5904455E-01   4.2397446E-02   7.3464938E+00   1.9355367E-03   6.5918696E-03  -3.4608984E-03  -4.6187029E-02  -4.0904035E-04   8.0191152E-05  -2.1831437E-04  -2.5471268E-04
  8.6373619E-07  -1.2072296E-07   1.1879472E-06   1.3285829E-05   5.0653381E-06   1.4486202E-05   4.0333657E-05  -6.7427648E-07  -1.9733802E-01  -4.4226300E-02  -2.7459857E-02   3.3621090E-03  -1.5742711E-02  -3.4955400E-04   6.4137983E-04  -2.8571030E-05   1.9355367E-03   3.7628742E-02   2.5599143E-03  -1.8301795E-04  -5.8971498E-04   3.3629748E-05  -3.0507057E-07  -1.9226674E-05  -2.6417777E-05
  2.2460417E-07  -4.0934662E-07   1.7115454E-06  -9.0655620E-06   1.3479238E-05  -1.1413705E-04  -1.7305688E-05  -1.4263616E-06   2.9412947E-01  -2.4219866E-01  -3.2270160E-01   1.9074486E-01  -1.1422247E-02  -9.3601359E-04   6.3920464E-03   1.9540405E-04   6.5918696E-03   2.5599143E-03   3.1326163E-02  -1.2078379E-03   5.1222137E-03  -8.4572080E-05  -4.3312648E-05  -8.4971163E-05  -9.2166286E-05
  6.6677163E-07  -8.7544398E-07  -2.5770494E-07  -3.0735149E-06  -7.1866138E-06   1.2774672E-05   2.5937622E-05   6.3004932E-06  -2.2489066E-01   6.6613832E-02   5.4054886E-01  -4.4462589E-01   5.0253477E-03  -3.0648098E-03   1.5477196E-05   6.2966505E-04  -3.4608984E-03  -1.8301795E-04  -1.2078379E-03   1.0807223E-02   8.3021155E-03   3.5382428E-06   6.7856575E-05   1.1390603E-05  -1.4329636E-05
  4.0685905E-07  -1.7796110E-06   1.0688953E-06   1.6826472E-05   6.4390407E-06   6.3284438E-06  -6.6381897E-06  -4.6918079E-06  -1.9664264E-01   5.4987929E-02  -3.5691991E-02  -8.7972319E-02   4.9758721E-02   5.1108099E-03  -1.7888172E-02  -2.8469249E-05  -4.6187029E-02  -5.8971498E-04   5.1222137E-03   8.3021155E-03   2.6509929E-02  -6.1493644E-06   6.2152545E-05   7.0820826E-06  -2.6718354E-05
 -2.4777402E-10  -4.4598073E-09  -1.3322025E-08  -1.1105362E-07  -8.0419692E-08   3.6204372E-07  -3.5860902E-07  -1.0395660E-08   7.2322938E-03   9.2950361E-04   1.8094631E-03  -5.5418614E-04   4.6538204E-04   1.8836505E-05  -4.5613474E-06   1.8853326E-05  -4.0904035E-04   3.3629748E-05  -8.4572080E-05   3.5382428E-06  -6.1493644E-06   1.1496340E-06   6.2180855E-08   4.2844937E-07   6.1556278E-07
 -4.3888147E-09   2.5197909E-08  -1.6168667E-09  -2.2684672E-07   1.1862784E-07  -3.9598666E-07  -3.5722373E-07  -4.8900620E-08   2.5509127E-03   7.8221501E-04  -7.2321422E-03   2.8743112E-03  -2.5513974E-04  -3.9259409E-05   9.1616201E-05  -9.4427427E-06   8.0191152E-05  -3.0507057E-07  -4.3312648E-05   6.7856575E-05   6.2152545E-05   6.2180855E-08   2.5259727E-06   2.9076896E-07  -9.7534163E-09
 -7.5370668E-08  -2.9246672E-07   6.0358556E-09  -3.0883174E-06   1.9064739E-06  -6.9386939E-06   6.7580440E-07  -4.4024056E-07   2.6248164E-03   2.8808148E-03   2.0752023E-03  -5.4617805E-04  -6.3481878E-06   1.8404359E-05  -2.9672675E-05   1.6215008E-05  -2.1831437E-04  -1.9226674E-05  -8.4971163E-05   1.1390603E-05   7.0820826E-06   4.2844937E-07   2.9076896E-07   2.3523032E-05   8.3540783E-06
 -2.3788116E-07  -6.5388885E-07   1.2094505E-07  -2.5190816E-06   3.0992381E-06  -4.2689660E-06  -1.4998858E-06  -4.4548368E-07   6.3652943E-03   6.3014397E-03   2.5880805E-03   9.0950585E-04  -8.2186381E-06   2.3881224E-06   3.0868555E-05   8.3393838E-06  -2.5471268E-04  -2.6417777E-05  -9.2166286E-05  -1.4329636E-05  -2.6718354E-05   6.1556278E-07  -9.7534163E-09   8.3540783E-06   2.4826358E-05
