# omegabh2 omegach2 theta tau logA ns calPlanck
  1.8874985E-07  -5.6086807E-07   3.0444011E-08   5.3686410E-07   2.3416129E-06   1.3096201E-06   6.9322570E-09
 -5.6086807E-07   4.0191401E-06  -5.7228780E-08  -6.6818454E-06  -1.1098226E-05  -1.1636281E-05  -2.8142023E-07
  3.0444011E-08  -5.7228780E-08   6.4515735E-07   5.9103336E-07   1.2733524E-06   1.1511839E-06   3.5553420E-08
  5.3686410E-07  -6.6818454E-06   5.9103336E-07   6.4273473E-05   1.0942261E-04   1.9722963E-05  -5.5585094E-07
  2.3416129E-06  -1.1098226E-05   1.2733524E-06   1.0942261E-04   2.4375190E-04   3.4447134E-05   1.0066777E-05
  1.3096201E-06  -1.1636281E-05   1.1511839E-06   1.9722963E-05   3.4447134E-05   1.1708543E-04  -8.1906180E-07
  6.9322570E-09  -2.8142023E-07   3.5553420E-08  -5.5585094E-07   1.0066777E-05  -8.1906180E-07   6.3330438E-06
