# omegabh2 omegach2 theta tau nnu logA ns calPlanck acib217 xi asz143 aps100 aps143 aps143217 aps217 aksz kgal100 kgal143 kgal143217 kgal217 galfTE100 galfTE100143 galfTE100217 galfTE143 galfTE143217 galfTE217 cal0 cal2
  3.2491213E-08   2.8677596E-07  -2.9273330E-08   1.9182182E-07   2.0922834E-05   1.2318756E-06   8.1264138E-07   7.6477627E-09   3.4065115E-05  -8.1082043E-08  -7.3755792E-06   2.4403137E-04   7.5404476E-05   2.4345973E-05  -7.2655528E-06   1.8673699E-05   6.0478331E-06   6.4092205E-06   5.4448485E-06  -5.9672569E-06   4.4054978E-08  -1.5050216E-07  -3.1106738E-07  -3.0479265E-07  -4.9132626E-07  -1.0058174E-06   8.0052542E-10   1.7741618E-09
  2.8677596E-07   8.2257902E-06  -9.0288060E-07  -1.6650759E-06   4.6689674E-04   1.7020967E-05   1.3582831E-05  -3.5322830E-07   2.4513027E-03  -6.3242470E-05  -5.3739616E-04   1.4284415E-02   5.6983021E-03   1.1466046E-03  -6.5063876E-04   1.0758362E-03   1.0957653E-04   3.8228795E-04   4.4457266E-04  -2.1392941E-04   2.9701817E-06   1.3963267E-06  -1.3464378E-06   1.8951408E-06   1.1783137E-06   2.6593859E-05  -9.8959369E-09   5.7809040E-08
 -2.9273330E-08  -9.0288060E-07   1.8314399E-07   1.2688630E-07  -5.4117709E-05  -1.8919146E-06  -1.5647130E-06   4.4094318E-08  -2.7310103E-04   9.6040015E-06   5.5123465E-05  -1.5535910E-03  -6.0765306E-04  -6.6823197E-05   1.0256423E-04  -1.2644708E-04  -1.4454247E-05  -4.8153669E-05  -5.5015775E-05   1.5618503E-05  -3.5326775E-07  -1.8713587E-07  -2.0758219E-07  -3.2572954E-07  -4.2803441E-07  -3.0148835E-06   8.2150885E-10  -5.6102901E-09
  1.9182182E-07  -1.6650759E-06   1.2688630E-07   5.4192881E-05   3.9221886E-05   1.0092018E-04   9.1333919E-06  -1.1860101E-06  -1.1443581E-03   3.5871491E-05   3.1839597E-04  -1.0470012E-02  -2.7732493E-03  -7.1899979E-04  -9.8582341E-04  -3.3189983E-04   3.0030587E-04  -7.2953211E-05  -2.8982378E-04  -3.0708642E-04   3.1633246E-06   4.2893701E-06  -7.9788295E-06  -2.6544673E-06  -3.3137260E-06  -3.5254703E-05  -2.4846523E-09  -1.1721013E-07
  2.0922834E-05   4.6689674E-04  -5.4117709E-05   3.9221886E-05   2.9393730E-02   1.2615794E-03   9.7053094E-04  -1.0637788E-05   1.4023315E-01  -3.5869429E-03  -3.0891480E-02   8.3021701E-01   3.3666160E-01   7.0343785E-02  -3.3779516E-02   6.4979671E-02   1.0354315E-02   2.4278157E-02   2.7929156E-02  -7.1615593E-03   1.7845523E-04   5.5998109E-05  -1.6304903E-04   1.9006020E-05  -6.2329588E-05   1.0964459E-03  -8.7390004E-07   2.9950085E-06
  1.2318756E-06   1.7020967E-05  -1.8919146E-06   1.0092018E-04   1.2615794E-03   2.6559582E-04   5.2893906E-05   9.1444802E-06   3.0796484E-03  -3.3706334E-05  -8.0228275E-04   1.7130694E-02   9.0929330E-03   3.6596690E-03   2.1856089E-03   1.3913271E-03   7.9652125E-04   3.4084497E-04  -3.6502179E-05   6.3878448E-04   8.6119399E-06   8.8856754E-06  -2.5789552E-05  -8.9150608E-07  -7.3261438E-06  -1.1421732E-05   7.4839159E-08  -1.5194579E-08
  8.1264138E-07   1.3582831E-05  -1.5647130E-06   9.1333919E-06   9.7053094E-04   5.2893906E-05   4.5221063E-05   3.2705762E-07   6.6337549E-04  -2.2013895E-05  -3.0187157E-04   5.6328669E-03   5.5483833E-03   3.8765154E-03   3.3519270E-03   2.5584923E-04   6.8448267E-04   4.0867390E-04   3.4160528E-04   6.1096231E-04   6.0926082E-06   2.1525890E-06  -9.7245918E-06  -4.6732152E-06  -1.2037649E-05   2.5261897E-05  -1.2072427E-07   2.3003209E-08
  7.6477627E-09  -3.5322830E-07   4.4094318E-08  -1.1860101E-06  -1.0637788E-05   9.1444802E-06   3.2705762E-07   6.1575688E-06   3.6813807E-04  -7.3687930E-07  -1.9034648E-05   2.8172476E-03   1.3053173E-05   1.7587465E-04   1.4148543E-03  -1.2640092E-05   1.0869096E-04   1.8664464E-05  -6.8111694E-05   8.7824524E-04  -1.2597142E-06  -8.4432868E-07  -2.2932302E-06  -1.4905016E-07  -8.6025595E-07  -8.8359019E-07  -1.3237712E-08   2.6609668E-08
  3.4065115E-05   2.4513027E-03  -2.7310103E-04  -1.1443581E-03   1.4023315E-01   3.0796484E-03   6.6337549E-04   3.6813807E-04   4.5391834E+01  -4.0661820E-01  -1.1278670E+00   4.0551198E+01   3.3733191E+00  -1.2923529E+01  -5.5823054E+01   1.6029392E-01   3.9318851E-01   5.2155379E-01  -6.1946914E+00  -3.4356224E+01   5.5935959E-03   2.8855105E-03   9.2933044E-03  -4.5055128E-03   9.3629978E-05   1.5010093E-02  -1.6989206E-04   6.8646026E-04
 -8.1082043E-08  -6.3242470E-05   9.6040015E-06   3.5871491E-05  -3.5869429E-03  -3.3706334E-05  -2.2013895E-05  -7.3687930E-07  -4.0661820E-01   8.0215385E-02  -2.8484182E-02  -7.8528552E-01   8.3096799E-01   1.6640801E+00   6.2687780E-01   4.0387539E-02  -2.6719354E-02   9.0094141E-03   1.1430430E-01   1.5777830E-01  -3.0369853E-05  -3.1791968E-05  -8.4347727E-05   3.1464252E-04  -8.1680365E-06   1.0535470E-04   3.0066647E-06   1.5875385E-06
 -7.3755792E-06  -5.3739616E-04   5.5123465E-05   3.1839597E-04  -3.0891480E-02  -8.0228275E-04  -3.0187157E-04  -1.9034648E-05  -1.1278670E+00  -2.8484182E-02   3.7340930E+00  -2.9564001E+01  -3.3831770E+00   7.4468614E+00   5.3937798E+00  -2.5848232E+00  -2.0433263E-01   8.7173841E-02   2.5636877E+00   3.3582511E+00   6.8621668E-05   1.1535842E-03  -5.7759268E-03   1.6306479E-03  -6.2384642E-04  -4.8194302E-03   1.2203966E-04  -3.8222194E-05
  2.4403137E-04   1.4284415E-02  -1.5535910E-03  -1.0470012E-02   8.3021701E-01   1.7130694E-02   5.6328669E-03   2.8172476E-03   4.0551198E+01  -7.8528552E-01  -2.9564001E+01   7.7187442E+02   7.3301083E+01  -5.5316092E+01  -6.4244345E+01   1.4878250E+01  -5.6013352E+00   6.8363768E+00  -9.5491860E+00  -2.2682632E+01   7.3378157E-03  -1.2995269E-02   7.5199975E-02  -4.1416357E-02   1.8099230E-02   9.1561227E-02   3.7130698E-03   6.5775758E-04
  7.5404476E-05   5.6983021E-03  -6.0765306E-04  -2.7732493E-03   3.3666160E-01   9.0929330E-03   5.5483833E-03   1.3053173E-05   3.3733191E+00   8.3096799E-01  -3.3831770E+00   7.3301083E+01   6.1270933E+01   3.8487453E+01   1.3165931E+01  -3.5968788E+00  -3.3078062E-01  -8.4435018E-01   3.7175585E+00   3.8202254E+00   2.1445720E-03   1.1091572E-03  -2.2930561E-04   5.9738754E-03   7.3840036E-03   2.5103158E-02   8.1547807E-05   1.7601425E-04
  2.4345973E-05   1.1466046E-03  -6.6823197E-05  -7.1899979E-04   7.0343785E-02   3.6596690E-03   3.8765154E-03   1.7587465E-04  -1.2923529E+01   1.6640801E+00   7.4468614E+00  -5.5316092E+01   3.8487453E+01   8.2728272E+01   5.1483327E+01  -1.0643108E+01  -1.0921776E+00  -6.8164186E-01   5.0269823E+00   8.4838795E+00  -1.9524012E-03   1.2412460E-03  -6.1932762E-03   1.2464792E-02   3.0771478E-03   1.6409272E-02   4.6345568E-04  -2.3804496E-04
 -7.2655528E-06  -6.5063876E-04   1.0256423E-04  -9.8582341E-04  -3.3779516E-02   2.1856089E-03   3.3519270E-03   1.4148543E-03  -5.5823054E+01   6.2687780E-01   5.3937798E+00  -6.4244345E+01   1.3165931E+01   5.1483327E+01   1.0373474E+02  -8.7193248E+00  -7.4114715E-01  -1.0760183E+00   6.1803141E+00   3.5277838E+01  -8.8319700E-03  -6.4796849E-04  -7.3648223E-03   1.2371077E-02   3.4186209E-03  -4.1458002E-03   4.5969680E-04  -1.2006986E-03
  1.8673699E-05   1.0758362E-03  -1.2644708E-04  -3.3189983E-04   6.4979671E-02   1.3913271E-03   2.5584923E-04  -1.2640092E-05   1.6029392E-01   4.0387539E-02  -2.5848232E+00   1.4878250E+01  -3.5968788E+00  -1.0643108E+01  -8.7193248E+00   5.5157839E+00   1.0815547E-01  -1.0591436E-01  -1.8328657E+00  -2.1271177E+00   1.1249264E-03  -3.2298405E-04   9.5120841E-04   2.9726718E-04   1.6717105E-03   3.9687368E-04  -9.1783218E-05   9.2611126E-06
  6.0478331E-06   1.0957653E-04  -1.4454247E-05   3.0030587E-04   1.0354315E-02   7.9652125E-04   6.8448267E-04   1.0869096E-04   3.9318851E-01  -2.6719354E-02  -2.0433263E-01  -5.6013352E+00  -3.3078062E-01  -1.0921776E+00  -7.4114715E-01   1.0815547E-01   3.3783590E+00   4.9949310E-01   9.3328571E-02  -9.9059908E-02   1.2758447E-03   6.3627920E-04  -3.5593733E-03   6.6152922E-04   5.7047770E-04   1.5673393E-03   1.8098168E-04  -1.7537240E-05
  6.4092205E-06   3.8228795E-04  -4.8153669E-05  -7.2953211E-05   2.4278157E-02   3.4084497E-04   4.0867390E-04   1.8664464E-05   5.2155379E-01   9.0094141E-03   8.7173841E-02   6.8363768E+00  -8.4435018E-01  -6.8164186E-01  -1.0760183E+00  -1.0591436E-01   4.9949310E-01   3.2246908E+00   2.8488451E+00   2.8908723E+00   1.4725770E-03  -6.7722672E-04   1.2857114E-03  -6.9312276E-04   2.6911613E-03   1.1512407E-02  -1.7849082E-04  -4.7965528E-05
  5.4448485E-06   4.4457266E-04  -5.5015775E-05  -2.8982378E-04   2.7929156E-02  -3.6502179E-05   3.4160528E-04  -6.8111694E-05  -6.1946914E+00   1.1430430E-01   2.5636877E+00  -9.5491860E+00   3.7175585E+00   5.0269823E+00   6.1803141E+00  -1.8328657E+00   9.3328571E-02   2.8488451E+00   1.0973612E+01   1.9629262E+01   1.8494546E-03   1.2384345E-04  -7.4648931E-03   1.9869649E-03   2.4244987E-03   8.2511445E-03  -3.4269212E-05   3.7976183E-04
 -5.9672569E-06  -2.1392941E-04   1.5618503E-05  -3.0708642E-04  -7.1615593E-03   6.3878448E-04   6.1096231E-04   8.7824524E-04  -3.4356224E+01   1.5777830E-01   3.3582511E+00  -2.2682632E+01   3.8202254E+00   8.4838795E+00   3.5277838E+01  -2.1271177E+00  -9.9059908E-02   2.8908723E+00   1.9629262E+01   5.4495477E+01  -1.2093148E-03  -2.8818563E-03  -1.3454657E-02   4.2938326E-03   3.0874511E-03  -3.2563151E-03   3.0388853E-05   8.7832367E-04
  4.4054978E-08   2.9701817E-06  -3.5326775E-07   3.1633246E-06   1.7845523E-04   8.6119399E-06   6.0926082E-06  -1.2597142E-06   5.5935959E-03  -3.0369853E-05   6.8621668E-05   7.3378157E-03   2.1445720E-03  -1.9524012E-03  -8.8319700E-03   1.1249264E-03   1.2758447E-03   1.4725770E-03   1.8494546E-03  -1.2093148E-03   1.4453967E-03   2.5288100E-04   9.5973792E-05  -3.7881573E-04  -9.2743149E-05   2.0483415E-04  -5.7675469E-08   1.2201772E-07
 -1.5050216E-07   1.3963267E-06  -1.8713587E-07   4.2893701E-06   5.5998109E-05   8.8856754E-06   2.1525890E-06  -8.4432868E-07   2.8855105E-03  -3.1791968E-05   1.1535842E-03  -1.2995269E-02   1.1091572E-03   1.2412460E-03  -6.4796849E-04  -3.2298405E-04   6.3627920E-04  -6.7722672E-04   1.2384345E-04  -2.8818563E-03   2.5288100E-04   8.7710609E-04   6.1214533E-05   7.7280839E-04   9.0209925E-05  -7.9708146E-04  -2.4949164E-07   1.2559070E-07
 -3.1106738E-07  -1.3464378E-06  -2.0758219E-07  -7.9788295E-06  -1.6304903E-04  -2.5789552E-05  -9.7245918E-06  -2.2932302E-06   9.2933044E-03  -8.4347727E-05  -5.7759268E-03   7.5199975E-02  -2.2930561E-04  -6.1932762E-03  -7.3648223E-03   9.5120841E-04  -3.5593733E-03   1.2857114E-03  -7.4648931E-03  -1.3454657E-02   9.5973792E-05   6.1214533E-05   7.2700028E-03  -2.6587450E-04   6.3992423E-04   4.4748687E-03  -7.9941502E-07   7.9694938E-07
 -3.0479265E-07   1.8951408E-06  -3.2572954E-07  -2.6544673E-06   1.9006020E-05  -8.9150608E-07  -4.6732152E-06  -1.4905016E-07  -4.5055128E-03   3.1464252E-04   1.6306479E-03  -4.1416357E-02   5.9738754E-03   1.2464792E-02   1.2371077E-02   2.9726718E-04   6.6152922E-04  -6.9312276E-04   1.9869649E-03   4.2938326E-03  -3.7881573E-04   7.7280839E-04  -2.6587450E-04   2.9176511E-03   6.2479089E-04  -8.8252674E-04  -7.1488259E-07   1.4334858E-07
 -4.9132626E-07   1.1783137E-06  -4.2803441E-07  -3.3137260E-06  -6.2329588E-05  -7.3261438E-06  -1.2037649E-05  -8.6025595E-07   9.3629978E-05  -8.1680365E-06  -6.2384642E-04   1.8099230E-02   7.3840036E-03   3.0771478E-03   3.4186209E-03   1.6717105E-03   5.7047770E-04   2.6911613E-03   2.4244987E-03   3.0874511E-03  -9.2743149E-05   9.0209925E-05   6.3992423E-04   6.2479089E-04   6.3834432E-03   7.9741304E-03  -3.2604635E-07  -1.6775518E-07
 -1.0058174E-06   2.6593859E-05  -3.0148835E-06  -3.5254703E-05   1.0964459E-03  -1.1421732E-05   2.5261897E-05  -8.8359019E-07   1.5010093E-02   1.0535470E-04  -4.8194302E-03   9.1561227E-02   2.5103158E-02   1.6409272E-02  -4.1458002E-03   3.9687368E-04   1.5673393E-03   1.1512407E-02   8.2511445E-03  -3.2563151E-03   2.0483415E-04  -7.9708146E-04   4.4748687E-03  -8.8252674E-04   7.9741304E-03   7.1457017E-02  -1.2252477E-06   1.6515575E-06
  8.0052542E-10  -9.8959369E-09   8.2150885E-10  -2.4846523E-09  -8.7390004E-07   7.4839159E-08  -1.2072427E-07  -1.3237712E-08  -1.6989206E-04   3.0066647E-06   1.2203966E-04   3.7130698E-03   8.1547807E-05   4.6345568E-04   4.5969680E-04  -9.1783218E-05   1.8098168E-04  -1.7849082E-04  -3.4269212E-05   3.0388853E-05  -5.7675469E-08  -2.4949164E-07  -7.9941502E-07  -7.1488259E-07  -3.2604635E-07  -1.2252477E-06   3.7800193E-07  -1.2617321E-09
  1.7741618E-09   5.7809040E-08  -5.6102901E-09  -1.1721013E-07   2.9950085E-06  -1.5194579E-08   2.3003209E-08   2.6609668E-08   6.8646026E-04   1.5875385E-06  -3.8222194E-05   6.5775758E-04   1.7601425E-04  -2.3804496E-04  -1.2006986E-03   9.2611126E-06  -1.7537240E-05  -4.7965528E-05   3.7976183E-04   8.7832367E-04   1.2201772E-07   1.2559070E-07   7.9694938E-07   1.4334858E-07  -1.6775518E-07   1.6515575E-06  -1.2617321E-09   3.8097527E-07
