# omegabh2 omegach2 theta tau mnu nnu logA ns calPlanck acib217 xi asz143 aps100 aps143 aps143217 aps217 aksz kgal100 kgal143 kgal143217 kgal217 cal0 cal2
  5.6317867E-08   4.2030497E-07  -2.8485176E-08   3.9495492E-07   1.6741525E-06   3.1199091E-05   2.0347206E-06   1.3092969E-06   1.7487074E-08   1.3603517E-05   2.3331932E-07   2.9157562E-06   8.0107366E-06  -3.3132509E-05  -9.0546663E-06  -1.6475627E-05   6.0482360E-06   1.5324814E-05   1.1522781E-05   4.4026681E-06  -3.5026703E-07   6.0781561E-11   2.9349394E-09
  4.2030497E-07   1.3883273E-05  -1.3944323E-06  -1.4314586E-06   3.5325596E-05   8.2022615E-04   3.1878777E-05   2.4601406E-05  -3.8627193E-07   3.8864469E-03  -6.9383645E-05  -1.0107164E-03   1.9886756E-02   1.1217511E-02   3.8611595E-03   4.7554761E-04   1.8084528E-03   2.1711782E-04   4.1172204E-04   4.3032052E-04  -7.1690054E-04  -3.3097838E-08   1.0506922E-07
 -2.8485176E-08  -1.3944323E-06   3.2350605E-07   1.3941915E-07  -3.8077928E-06  -8.7684616E-05  -3.0465839E-06  -2.5547039E-06   3.3541692E-08  -4.2645296E-04   7.1192473E-06   1.0458644E-04  -2.1190562E-03  -1.2408136E-03  -4.4089060E-04  -7.7779814E-05  -1.8977211E-04  -2.1024843E-05  -5.0689146E-05  -6.1849722E-05   7.2416342E-05   3.0945182E-09  -1.1816388E-08
  3.9495492E-07  -1.4314586E-06   1.3941915E-07   5.7739290E-05   8.7348921E-05   1.2485463E-04   1.1057534E-04   1.4092829E-05  -5.4644225E-07  -4.7541346E-04   1.1258881E-05   3.9785304E-04  -4.5931916E-03  -3.0967583E-03  -9.5987984E-04  -6.9822083E-04  -5.5115249E-04   1.9584687E-04   1.6614071E-04   2.8161542E-05  -1.1867666E-04  -1.5349094E-08  -1.3800735E-09
  1.6741525E-06   3.5325596E-05  -3.8077928E-06   8.7348921E-05   2.0786536E-03   2.8143512E-03   2.8146911E-04   1.1049270E-04   7.3997609E-06   1.4551601E-02  -1.7800571E-04  -3.7674579E-03   7.7440904E-02   4.8454777E-02   2.0693143E-02   9.1614323E-03   4.7360111E-03   2.3449255E-04   2.8102572E-04   1.4346349E-03  -1.7191106E-03   1.8541260E-07   5.4310918E-07
  3.1199091E-05   8.2022615E-04  -8.7684616E-05   1.2485463E-04   2.8143512E-03   5.3444614E-02   2.3537298E-03   1.7834062E-03  -7.1044728E-06   2.4864357E-01  -4.1479681E-03  -6.3141481E-02   1.2504992E+00   7.0319459E-01   2.4760618E-01   3.5421116E-02   1.1069376E-01   1.5099018E-02   2.5001845E-02   2.4985632E-02  -5.1400601E-02  -1.0496340E-06   6.5715518E-06
  2.0347206E-06   3.1878777E-05  -3.0465839E-06   1.1057534E-04   2.8146911E-04   2.3537298E-03   3.2796358E-04   9.1877541E-05   1.0670243E-05   8.3418955E-03  -1.0253481E-04  -1.8071404E-03   4.5906159E-02   2.3561722E-02   1.0423180E-02   6.0823317E-03   2.7017376E-03   4.8157156E-04   7.7631646E-04   6.3875622E-04  -3.3925918E-04   4.4895799E-08   2.5396490E-07
  1.3092969E-06   2.4601406E-05  -2.5547039E-06   1.4092829E-05   1.1049270E-04   1.7834062E-03   9.1877541E-05   7.6414053E-05   4.6482164E-07   3.7416891E-03  -3.5676056E-05  -1.0030749E-03   1.5502785E-02   1.5969396E-02   9.8930189E-03   6.2253354E-03   1.0753435E-03   8.8429415E-04   4.9095791E-04   5.1879413E-04  -3.5260109E-04  -1.4086920E-07   1.5689624E-07
  1.7487074E-08  -3.8627193E-07   3.3541692E-08  -5.4644225E-07   7.3997609E-06  -7.1044728E-06   1.0670243E-05   4.6482164E-07   6.3361761E-06   5.9335122E-04   3.6565216E-06  -1.9408562E-05   4.0996578E-03   4.9392408E-04   2.5896055E-04   1.2772400E-03   1.9959870E-05  -4.0669877E-05   8.5974169E-06   2.9428230E-05   9.1860871E-04  -1.0223518E-08   8.7275655E-09
  1.3603517E-05   3.8864469E-03  -4.2645296E-04  -4.7541346E-04   1.4551601E-02   2.4864357E-01   8.3418955E-03   3.7416891E-03   5.9335122E-04   4.5890262E+01  -4.0413782E-01  -1.2620182E+00   4.3013130E+01   5.8613837E+00  -1.2026223E+01  -5.5110462E+01   5.8097081E-01   2.5228583E-01   5.9093326E-01  -5.6464076E+00  -3.3417739E+01  -1.9356730E-04   7.8749820E-04
  2.3331932E-07  -6.9383645E-05   7.1192473E-06   1.1258881E-05  -1.7800571E-04  -4.1479681E-03  -1.0253481E-04  -3.5676056E-05   3.6565216E-06  -4.0413782E-01   8.2329075E-02  -4.1123450E-02  -6.6751462E-01   8.2616481E-01   1.6010404E+00   6.0281615E-01   3.8855776E-02  -4.6213425E-03   1.2099909E-02   1.0601268E-01   1.4699373E-01   3.2981559E-06  -2.8637532E-06
  2.9157562E-06  -1.0107164E-03   1.0458644E-04   3.9785304E-04  -3.7674579E-03  -6.3141481E-02  -1.8071404E-03  -1.0030749E-03  -1.9408562E-05  -1.2620182E+00  -4.1123450E-02   4.0887572E+00  -3.2574483E+01  -4.1388238E+00   7.9022337E+00   5.7347035E+00  -3.1389686E+00  -2.4997219E-01   1.1037438E-01   2.7268006E+00   3.5539254E+00   1.1226252E-04  -4.7787600E-05
  8.0107366E-06   1.9886756E-02  -2.1190562E-03  -4.5931916E-03   7.7440904E-02   1.2504992E+00   4.5906159E-02   1.5502785E-02   4.0996578E-03   4.3013130E+01  -6.6751462E-01  -3.2574483E+01   8.1704946E+02   9.0202313E+01  -4.9359698E+01  -6.0675955E+01   1.7914712E+01  -5.8863285E+00   6.2870481E+00  -1.1688455E+01  -2.5697271E+01   3.9219999E-03   7.1183467E-04
 -3.3132509E-05   1.1217511E-02  -1.2408136E-03  -3.0967583E-03   4.8454777E-02   7.0319459E-01   2.3561722E-02   1.5969396E-02   4.9392408E-04   5.8613837E+00   8.2616481E-01  -4.1388238E+00   9.0202313E+01   7.3734638E+01   4.4703980E+01   1.6948884E+01  -3.6312595E+00  -3.7155054E-01  -8.9463663E-01   4.0361140E+00   3.5449984E+00   1.3685465E-04   1.4746988E-04
 -9.0546663E-06   3.8611595E-03  -4.4089060E-04  -9.5987984E-04   2.0693143E-02   2.4760618E-01   1.0423180E-02   9.8930189E-03   2.5896055E-04  -1.2026223E+01   1.6010404E+00   7.9022337E+00  -4.9359698E+01   4.4703980E+01   8.7658258E+01   5.5597192E+01  -1.2384389E+01  -9.3443412E-01  -5.3023474E-01   5.7194822E+00   9.1934173E+00   4.6458543E-04  -3.9811011E-04
 -1.6475627E-05   4.7554761E-04  -7.7779814E-05  -6.9822083E-04   9.1614323E-03   3.5421116E-02   6.0823317E-03   6.2253354E-03   1.2772400E-03  -5.5110462E+01   6.0281615E-01   5.7347035E+00  -6.0675955E+01   1.6948884E+01   5.5597192E+01   1.0598663E+02  -1.0173820E+01  -8.3160289E-01  -1.2112375E+00   5.9403422E+00   3.4152770E+01   5.0242837E-04  -1.4056560E-03
  6.0482360E-06   1.8084528E-03  -1.8977211E-04  -5.5115249E-04   4.7360111E-03   1.1069376E-01   2.7017376E-03   1.0753435E-03   1.9959870E-05   5.8097081E-01   3.8855776E-02  -3.1389686E+00   1.7914712E+01  -3.6312595E+00  -1.2384389E+01  -1.0173820E+01   6.6840545E+00   2.0621443E-01  -1.3711063E-01  -2.2685877E+00  -2.8162905E+00  -9.6350834E-05   2.9713994E-05
  1.5324814E-05   2.1711782E-04  -2.1024843E-05   1.9584687E-04   2.3449255E-04   1.5099018E-02   4.8157156E-04   8.8429415E-04  -4.0669877E-05   2.5228583E-01  -4.6213425E-03  -2.4997219E-01  -5.8863285E+00  -3.7155054E-01  -9.3443412E-01  -8.3160289E-01   2.0621443E-01   3.4139809E+00   6.0167697E-01   1.7263148E-01   9.6520664E-02   1.6962378E-04  -4.9624496E-07
  1.1522781E-05   4.1172204E-04  -5.0689146E-05   1.6614071E-04   2.8102572E-04   2.5001845E-02   7.7631646E-04   4.9095791E-04   8.5974169E-06   5.9093326E-01   1.2099909E-02   1.1037438E-01   6.2870481E+00  -8.9463663E-01  -5.3023474E-01  -1.2112375E+00  -1.3711063E-01   6.0167697E-01   3.1905004E+00   2.7488193E+00   2.7841044E+00  -1.7680530E-04  -3.0140619E-05
  4.4026681E-06   4.3032052E-04  -6.1849722E-05   2.8161542E-05   1.4346349E-03   2.4985632E-02   6.3875622E-04   5.1879413E-04   2.9428230E-05  -5.6464076E+00   1.0601268E-01   2.7268006E+00  -1.1688455E+01   4.0361140E+00   5.7194822E+00   5.9403422E+00  -2.2685877E+00   1.7263148E-01   2.7488193E+00   1.0897404E+01   1.9255072E+01  -1.2603389E-05   3.9705010E-04
 -3.5026703E-07  -7.1690054E-04   7.2416342E-05  -1.1867666E-04  -1.7191106E-03  -5.1400601E-02  -3.3925918E-04  -3.5260109E-04   9.1860871E-04  -3.3417739E+01   1.4699373E-01   3.5539254E+00  -2.5697271E+01   3.5449984E+00   9.1934173E+00   3.4152770E+01  -2.8162905E+00   9.6520664E-02   2.7841044E+00   1.9255072E+01   5.3307797E+01   7.1655003E-05   8.6932995E-04
  6.0781561E-11  -3.3097838E-08   3.0945182E-09  -1.5349094E-08   1.8541260E-07  -1.0496340E-06   4.4895799E-08  -1.4086920E-07  -1.0223518E-08  -1.9356730E-04   3.2981559E-06   1.1226252E-04   3.9219999E-03   1.3685465E-04   4.6458543E-04   5.0242837E-04  -9.6350834E-05   1.6962378E-04  -1.7680530E-04  -1.2603389E-05   7.1655003E-05   3.8358450E-07  -4.8519209E-09
  2.9349394E-09   1.0506922E-07  -1.1816388E-08  -1.3800735E-09   5.4310918E-07   6.5715518E-06   2.5396490E-07   1.5689624E-07   8.7275655E-09   7.8749820E-04  -2.8637532E-06  -4.7787600E-05   7.1183467E-04   1.4746988E-04  -3.9811011E-04  -1.4056560E-03   2.9713994E-05  -4.9624496E-07  -3.0140619E-05   3.9705010E-04   8.6932995E-04  -4.8519209E-09   3.8610048E-07
