# omegabh2 omegach2 theta tau Alens logA ns calPlanck aps100 aps143 aps217 acib217 asz143 psr cibr xi aksz dust100 dust143 dust217 dust143x217 cal0 cal2
  8.5881887E-08  -5.1549843E-07   9.5184214E-08   3.3283169E-07   1.9344825E-05  -2.9467107E-07   1.5552951E-06   2.0573496E-08  -1.4996282E-03  -1.1082707E-03   2.1082941E-04  -4.6883083E-04   5.5744429E-05   3.9143811E-06  -7.8257991E-06   3.3432064E-06  -1.0791884E-04   2.7595875E-07  -2.1093613E-06   1.4277353E-06  -2.9071321E-06   1.2237924E-08  -4.2051545E-08
 -5.1549843E-07   6.2786133E-06  -7.8571388E-07  -3.0618073E-06  -1.5575264E-04   7.9759955E-06  -1.6002440E-05  -3.6714516E-08   6.6598223E-03   6.0579895E-03  -6.4265766E-04   2.4025637E-03  -2.8564009E-04  -1.7612299E-05   3.8276990E-05  -2.2048588E-05   4.9928250E-04   2.3900332E-06   9.6097492E-06  -5.2374164E-06   1.6078155E-05  -1.0262882E-07   2.6193891E-07
  9.5184214E-08  -7.8571388E-07   2.8580268E-07   3.6483240E-07   2.6533594E-05  -8.2401109E-07   2.3523425E-06  -1.0343279E-08  -1.4495565E-03  -1.1424606E-03   3.5005381E-05  -4.0062341E-04   5.8083659E-05   2.7748876E-06  -5.2654401E-06   3.0137092E-06  -6.2845658E-05  -4.8655141E-07  -2.5810706E-08   1.0193446E-06  -2.3198361E-06   5.2163451E-09  -4.6586791E-08
  3.3283169E-07  -3.0618073E-06   3.6483240E-07   3.7570018E-05  -6.1557978E-06   6.8302415E-05   8.9652255E-06   3.2674006E-08  -5.2230796E-03  -3.8963964E-03   1.7347261E-03  -2.1989582E-03   1.9735758E-04   1.7805147E-05  -1.9326676E-05   4.6024194E-05  -4.5357737E-04  -1.0382722E-05  -1.5888983E-05   6.0841495E-06  -1.6737155E-05   6.1798942E-08  -2.1954231E-07
  1.9344825E-05  -1.5575264E-04   2.6533594E-05  -6.1557978E-06   9.4815369E-03  -3.5619707E-04   4.6039164E-04  -1.2361643E-05  -4.6656588E-01  -2.9952937E-01   8.8930824E-02  -1.4390486E-01   1.4856007E-02   1.0044563E-03  -2.2246102E-03   8.6928888E-04  -3.5518545E-02  -1.2042341E-05  -9.5554573E-04   3.5613111E-04  -1.0985278E-03   4.1824974E-06  -1.4458163E-05
 -2.9467107E-07   7.9759955E-06  -8.2401109E-07   6.8302415E-05  -3.5619707E-04   1.8405842E-04  -1.8821688E-05   1.2634164E-05   6.4196738E-03   6.2158866E-03   1.0642974E-02  -1.4978131E-03  -1.5292272E-04   2.3093665E-05  -3.5706720E-05   1.0392685E-04  -8.0552039E-04  -1.9876445E-05  -1.0382597E-04   4.0012209E-05   6.8637768E-06   5.3095701E-07   1.0832832E-07
  1.5552951E-06  -1.6002440E-05   2.3523425E-06   8.9652255E-06   4.6039164E-04  -1.8821688E-05   5.3514692E-05   2.7305533E-07  -4.4949894E-02  -2.5115755E-02   1.1802682E-02  -1.3616338E-02   1.3187442E-03   1.2832529E-04  -2.3126314E-04   1.2590396E-04  -3.5332432E-03   1.8252655E-05  -6.0093073E-05   4.8248926E-05  -7.2087850E-05  -1.0116217E-07  -1.1063128E-06
  2.0573496E-08  -3.6714516E-08  -1.0343279E-08   3.2674006E-08  -1.2361643E-05   1.2634164E-05   2.7305533E-07   6.3366967E-06   2.5492748E-03   8.0067347E-04   1.9102185E-03   8.7214106E-05  -2.0466279E-05  -3.5090177E-06  -9.0866505E-06   1.4188342E-05  -1.5035737E-05   5.1474499E-06  -2.2598499E-07   1.4616328E-05   1.1206584E-05  -1.7258230E-09  -1.4927897E-08
 -1.4996282E-03   6.6598223E-03  -1.4495565E-03  -5.2230796E-03  -4.6656588E-01   6.4196738E-03  -4.4949894E-02   2.5492748E-03   6.2419447E+02   7.3795701E+01  -6.0670419E+01   3.8839569E+01  -2.5516509E+01  -9.8687594E-01  -5.1380823E-02  -3.6308257E-01   1.2707657E+01  -1.7368000E-01   4.0255534E-01  -2.8815953E-01  -1.0664637E-01   6.2806693E-03   3.3196577E-03
 -1.1082707E-03   6.0579895E-03  -1.1424606E-03  -3.8963964E-03  -2.9952937E-01   6.2158866E-03  -2.5115755E-02   8.0067347E-04   7.3795701E+01   7.6910372E+01   6.3012540E+00   1.1174618E+01  -7.9046207E-01  -1.1013105E-01   4.9467709E-01   8.7425427E-01  -6.1478699E+00  -3.5673608E-02  -1.8975434E-01   3.3566497E-02   1.1877499E-01   8.3490106E-04   1.0275385E-03
  2.1082941E-04  -6.4265766E-04   3.5005381E-05   1.7347261E-03   8.8930824E-02   1.0642974E-02   1.1802682E-02   1.9102185E-03  -6.0670419E+01   6.3012540E+00   1.6859117E+02  -7.9762711E+01   3.0918164E+00   3.0933162E-01  -9.7312742E-01   3.7150487E-01  -8.2224047E+00   2.0517284E-02  -2.6348894E-01   5.4002490E-01  -9.6330381E-02   1.5883087E-03  -7.2911722E-03
 -4.6883083E-04   2.4025637E-03  -4.0062341E-04  -2.1989582E-03  -1.4390486E-01  -1.4978131E-03  -1.3616338E-02   8.7214106E-05   3.8839569E+01   1.1174618E+01  -7.9762711E+01   5.0618224E+01   9.4652277E-01  -4.6864875E-02   6.9912727E-01  -2.7553329E-01  -1.1248227E+00  -1.9537521E-02   1.5506265E-01  -4.3710433E-01  -5.1789002E-02  -5.3689127E-04   3.0608236E-03
  5.5744429E-05  -2.8564009E-04   5.8083659E-05   1.9735758E-04   1.4856007E-02  -1.5292272E-04   1.3187442E-03  -2.0466279E-05  -2.5516509E+01  -7.9046207E-01   3.0918164E+00   9.4652277E-01   4.2425550E+00   1.0942648E-01   1.5423520E-01  -1.9382784E-02  -3.3145483E+00  -1.0713736E-02  -1.5060817E-02   1.4599340E-02   5.1556469E-02   4.6625352E-04  -2.4451609E-04
  3.9143811E-06  -1.7612299E-05   2.7748876E-06   1.7805147E-05   1.0044563E-03   2.3093665E-05   1.2832529E-04  -3.5090177E-06  -9.8687594E-01  -1.1013105E-01   3.0933162E-01  -4.6864875E-02   1.0942648E-01   1.8609834E-02  -1.7855890E-02   1.2112806E-02  -1.0844354E-01   5.9546402E-06  -1.4098667E-03  -2.8157422E-03   4.7832810E-03   1.7385250E-05  -3.5642270E-05
 -7.8257991E-06   3.8276990E-05  -5.2654401E-06  -1.9326676E-05  -2.2246102E-03  -3.5706720E-05  -2.3126314E-04  -9.0866505E-06  -5.1380823E-02   4.9467709E-01  -9.7312742E-01   6.9912727E-01   1.5423520E-01  -1.7855890E-02   7.1951715E-02   4.4721575E-03  -1.2647565E-01  -8.5766867E-04   7.1100689E-03  -1.3611824E-04  -1.7127164E-02  -5.5350135E-06   9.2581511E-05
  3.3432064E-06  -2.2048588E-05   3.0137092E-06   4.6024194E-05   8.6928888E-04   1.0392685E-04   1.2590396E-04   1.4188342E-05  -3.6308257E-01   8.7425427E-01   3.7150487E-01  -2.7553329E-01  -1.9382784E-02   1.2112806E-02   4.4721575E-03   8.2422807E-02   2.2535725E-02   7.0686763E-06   8.2235868E-05   1.4208792E-03   1.0827630E-03   1.7476727E-05  -6.1673490E-06
 -1.0791884E-04   4.9928250E-04  -6.2845658E-05  -4.5357737E-04  -3.5518545E-02  -8.0552039E-04  -3.5332432E-03  -1.5035737E-05   1.2707657E+01  -6.1478699E+00  -8.2224047E+00  -1.1248227E+00  -3.3145483E+00  -1.0844354E-01  -1.2647565E-01   2.2535725E-02   6.8597955E+00   4.1924424E-03   8.3763822E-03  -8.1724367E-03  -3.9324215E-02  -3.7935779E-04   1.9495825E-04
  2.7595875E-07   2.3900332E-06  -4.8655141E-07  -1.0382722E-05  -1.2042341E-05  -1.9876445E-05   1.8252655E-05   5.1474499E-06  -1.7368000E-01  -3.5673608E-02   2.0517284E-02  -1.9537521E-02  -1.0713736E-02   5.9546402E-06  -8.5766867E-04   7.0686763E-06   4.1924424E-03   3.7590779E-02   3.3491254E-03   4.1208261E-05   8.2063448E-04   3.3918587E-05  -7.6559452E-06
 -2.1093613E-06   9.6097492E-06  -2.5810706E-08  -1.5888983E-05  -9.5554573E-04  -1.0382597E-04  -6.0093073E-05  -2.2598499E-07   4.0255534E-01  -1.8975434E-01  -2.6348894E-01   1.5506265E-01  -1.5060817E-02  -1.4098667E-03   7.1100689E-03   8.2235868E-05   8.3763822E-03   3.3491254E-03   3.0606069E-02  -3.4164944E-04   5.8958010E-03  -7.8769994E-05  -4.0198084E-05
  1.4277353E-06  -5.2374164E-06   1.0193446E-06   6.0841495E-06   3.5613111E-04   4.0012209E-05   4.8248926E-05   1.4616328E-05  -2.8815953E-01   3.3566497E-02   5.4002490E-01  -4.3710433E-01   1.4599340E-02  -2.8157422E-03  -1.3611824E-04   1.4208792E-03  -8.1724367E-03   4.1208261E-05  -3.4164944E-04   1.0448281E-02   8.1650837E-03   3.9637544E-06   5.9655292E-05
 -2.9071321E-06   1.6078155E-05  -2.3198361E-06  -1.6737155E-05  -1.0985278E-03   6.8637768E-06  -7.2087850E-05   1.1206584E-05  -1.0664637E-01   1.1877499E-01  -9.6330381E-02  -5.1789002E-02   5.1556469E-02   4.7832810E-03  -1.7127164E-02   1.0827630E-03  -3.9324215E-02   8.2063448E-04   5.8958010E-03   8.1650837E-03   2.6270562E-02  -3.1667387E-06   5.9650913E-05
  1.2237924E-08  -1.0262882E-07   5.2163451E-09   6.1798942E-08   4.1824974E-06   5.3095701E-07  -1.0116217E-07  -1.7258230E-09   6.2806693E-03   8.3490106E-04   1.5883087E-03  -5.3689127E-04   4.6625352E-04   1.7385250E-05  -5.5350135E-06   1.7476727E-05  -3.7935779E-04   3.3918587E-05  -7.8769994E-05   3.9637544E-06  -3.1667387E-06   1.0932088E-06   4.3345874E-08
 -4.2051545E-08   2.6193891E-07  -4.6586791E-08  -2.1954231E-07  -1.4458163E-05   1.0832832E-07  -1.1063128E-06  -1.4927897E-08   3.3196577E-03   1.0275385E-03  -7.2911722E-03   3.0608236E-03  -2.4451609E-04  -3.5642270E-05   9.2581511E-05  -6.1673490E-06   1.9495825E-04  -7.6559452E-06  -4.0198084E-05   5.9655292E-05   5.9650913E-05   4.3345874E-08   2.4031273E-06
