# omegabh2 omegach2 theta tau mnu nnu logA ns calPlanck acib217 xi asz143 aps100 aps143 aps143217 aps217 aksz kgal100 kgal143 kgal143217 kgal217 cal0 cal2
  4.7569599E-08   2.3499867E-07  -7.9869121E-09   1.9744781E-07   1.2572673E-06   1.8794501E-05   1.1350924E-06   8.6822764E-07   8.8547147E-09  -3.6769424E-05   5.6329317E-07   1.8140122E-05  -1.0611094E-04  -1.3289501E-04  -5.7479256E-05  -3.9306128E-05  -1.2918198E-05   7.8911816E-06   9.1200006E-06   1.4952835E-05   3.4518009E-05   7.1355383E-10  -5.5811418E-10
  2.3499867E-07   1.0075763E-05  -9.7371224E-07  -9.2113892E-07  -7.4003239E-08   5.3037681E-04   2.3945375E-05   1.3640714E-05  -1.7776287E-07   2.5662360E-03  -2.8694936E-05  -6.7452637E-04   1.3468004E-02   7.3434912E-03   2.6942703E-03   7.0560330E-05   1.1780677E-03   1.2845579E-05   1.0299519E-04   1.9888793E-04  -5.4159211E-04  -5.4042434E-09   6.0707021E-08
 -7.9869121E-09  -9.7371224E-07   2.7395875E-07   1.4815183E-07  -1.0071798E-06  -5.6376355E-05  -1.9802725E-06  -1.3684995E-06   4.6798530E-08  -3.2666264E-04   3.1962961E-06   8.6047567E-05  -1.6717837E-03  -8.2338288E-04  -2.9131871E-04   3.5161618E-05  -1.3650776E-04  -3.9030842E-06  -1.5711098E-05   3.4373020E-07   1.1951684E-04  -2.0042277E-09  -6.5763579E-09
  1.9744781E-07  -9.2113892E-07   1.4815183E-07   4.5477493E-05   2.7741926E-05   3.4724850E-05   8.8132019E-05   7.4799581E-06  -2.4510094E-07  -1.7803155E-03   3.7916529E-05   3.8976974E-04  -1.0631059E-02  -2.5290929E-03   3.8545276E-04   1.8450248E-03  -1.0256721E-03  -1.0261572E-04  -1.4505914E-04  -5.8876110E-08   3.3430099E-04  -1.5009572E-08  -4.7293363E-08
  1.2572673E-06  -7.4003239E-08  -1.0071798E-06   2.7741926E-05   2.8364653E-03   1.7783714E-03   5.7562700E-05   1.1335751E-04   2.4517721E-06   2.0892285E-02  -3.9989845E-04  -3.5592231E-03   9.3904749E-02   3.7720281E-02   1.1821748E-02  -8.8073304E-03   7.4467244E-03   7.3366828E-04  -5.0897525E-04  -1.3762553E-03  -6.8018184E-03   3.0680561E-07   8.8827150E-07
  1.8794501E-05   5.3037681E-04  -5.6376355E-05   3.4724850E-05   1.7783714E-03   3.3940983E-02   1.4370265E-03   1.1174129E-03  -7.6833825E-06   1.6412353E-01  -2.2739125E-03  -4.1775393E-02   8.6679498E-01   4.5563303E-01   1.5870845E-01  -4.1768079E-03   7.6476579E-02   2.0008293E-03   1.0628142E-02   1.4457607E-02  -3.0598442E-02  -3.8414110E-07   3.4415091E-06
  1.1350924E-06   2.3945375E-05  -1.9802725E-06   8.8132019E-05   5.7562700E-05   1.4370265E-03   2.6601164E-04   4.8928675E-05   1.1697669E-05   2.2836682E-03   2.7843958E-05  -9.8044721E-04   1.4888852E-02   1.4897545E-02   1.0249570E-02   1.0878285E-02  -1.2940638E-05  -6.1767298E-04  -5.2851093E-04  -4.3084079E-05   8.1046103E-04   9.9220920E-08  -3.9370200E-08
  8.6822764E-07   1.3640714E-05  -1.3684995E-06   7.4799581E-06   1.1335751E-04   1.1174129E-03   4.8928675E-05   5.5778383E-05  -1.0569575E-07   5.8837832E-04  -3.0745610E-06  -2.1964809E-04   5.5816009E-03   8.7942884E-03   7.0658014E-03   5.4258844E-03   7.7950487E-05   4.8455983E-04   2.1874340E-04   5.5684812E-04   1.1285150E-03  -1.2145899E-07   4.0291998E-08
  8.8547147E-09  -1.7776287E-07   4.6798530E-08  -2.4510094E-07   2.4517721E-06  -7.6833825E-06   1.1697669E-05  -1.0569575E-07   6.2576774E-06   4.6140632E-04  -8.8435600E-06  -8.5411160E-06   2.9676290E-03   4.4415039E-04   3.6399262E-04   1.7493539E-03  -7.3211068E-05  -3.0476625E-05   3.6476607E-05  -4.7405926E-05   8.0765236E-04  -4.7285032E-09  -4.2695034E-08
 -3.6769424E-05   2.5662360E-03  -3.2666264E-04  -1.7803155E-03   2.0892285E-02   1.6412353E-01   2.2836682E-03   5.8837832E-04   4.6140632E-04   4.5403128E+01  -4.0912638E-01  -1.2017527E+00   4.0683961E+01   3.6877598E+00  -1.3882344E+01  -5.6253399E+01   8.6796124E-01   1.8070278E-01   4.2899934E-01  -5.7906215E+00  -3.3377196E+01  -7.2565675E-05   6.9399126E-04
  5.6329317E-07  -2.8694936E-05   3.1962961E-06   3.7916529E-05  -3.9989845E-04  -2.2739125E-03   2.7843958E-05  -3.0745610E-06  -8.8435600E-06  -4.0912638E-01   8.3610199E-02  -4.9146103E-02  -5.8735400E-01   8.6824186E-01   1.6440894E+00   6.0386432E-01   5.0766883E-02  -5.8649060E-03   7.8001518E-03   1.0513310E-01   1.4659179E-01   2.0666631E-06  -3.6580690E-06
  1.8140122E-05  -6.7452637E-04   8.6047567E-05   3.8976974E-04  -3.5592231E-03  -4.1775393E-02  -9.8044721E-04  -2.1964809E-04  -8.5411160E-06  -1.2017527E+00  -4.9146103E-02   4.0181607E+00  -3.2697876E+01  -4.1197419E+00   7.6952137E+00   5.9252004E+00  -3.0901023E+00  -1.2031046E-01   1.6253248E-01   2.7014581E+00   3.4973312E+00   1.1911993E-04  -3.1946749E-05
 -1.0611094E-04   1.3468004E-02  -1.6717837E-03  -1.0631059E-02   9.3904749E-02   8.6679498E-01   1.4888852E-02   5.5816009E-03   2.9676290E-03   4.0683961E+01  -5.8735400E-01  -3.2697876E+01   8.1208268E+02   8.3239970E+01  -5.3382261E+01  -6.4405174E+01   1.8103549E+01  -6.6634070E+00   4.7652902E+00  -1.3517680E+01  -2.6719697E+01   3.8693531E-03   7.1750750E-04
 -1.3289501E-04   7.3434912E-03  -8.2338288E-04  -2.5290929E-03   3.7720281E-02   4.5563303E-01   1.4897545E-02   8.7942884E-03   4.4415039E-04   3.6877598E+00   8.6824186E-01  -4.1197419E+00   8.3239970E+01   6.7671678E+01   4.1964212E+01   1.6308545E+01  -3.5390492E+00  -6.5128748E-01  -1.3848737E+00   3.3019034E+00   3.7274977E+00   8.7686709E-05   1.1541739E-04
 -5.7479256E-05   2.6942703E-03  -2.9131871E-04   3.8545276E-04   1.1821748E-02   1.5870845E-01   1.0249570E-02   7.0658014E-03   3.6399262E-04  -1.3882344E+01   1.6440894E+00   7.6952137E+00  -5.3382261E+01   4.1964212E+01   8.7322479E+01   5.7526498E+01  -1.2182042E+01  -7.8948969E-01  -8.1233131E-01   5.0554024E+00   9.2316324E+00   4.6420463E-04  -3.5793448E-04
 -3.9306128E-05   7.0560330E-05   3.5161618E-05   1.8450248E-03  -8.8073304E-03  -4.1768079E-03   1.0878285E-02   5.4258844E-03   1.7493539E-03  -5.6253399E+01   6.0386432E-01   5.9252004E+00  -6.4405174E+01   1.6308545E+01   5.7526498E+01   1.0981837E+02  -1.0895983E+01  -6.8100173E-01  -1.2479705E+00   5.5539606E+00   3.4075718E+01   3.9028762E-04  -1.3164729E-03
 -1.2918198E-05   1.1780677E-03  -1.3650776E-04  -1.0256721E-03   7.4467244E-03   7.6476579E-02  -1.2940638E-05   7.7950487E-05  -7.3211068E-05   8.6796124E-01   5.0766883E-02  -3.0901023E+00   1.8103549E+01  -3.5390492E+00  -1.2182042E+01  -1.0895983E+01   6.5478552E+00   9.2357680E-02  -1.7696626E-01  -2.3097747E+00  -3.0483669E+00  -1.0744322E-04   1.2067929E-05
  7.8911816E-06   1.2845579E-05  -3.9030842E-06  -1.0261572E-04   7.3366828E-04   2.0008293E-03  -6.1767298E-04   4.8455983E-04  -3.0476625E-05   1.8070278E-01  -5.8649060E-03  -1.2031046E-01  -6.6634070E+00  -6.5128748E-01  -7.8948969E-01  -6.8100173E-01   9.2357680E-02   3.4309066E+00   6.3824198E-01   2.6278972E-01   1.9938914E-01   1.8325102E-04   1.1982418E-05
  9.1200006E-06   1.0299519E-04  -1.5711098E-05  -1.4505914E-04  -5.0897525E-04   1.0628142E-02  -5.2851093E-04   2.1874340E-04   3.6476607E-05   4.2899934E-01   7.8001518E-03   1.6253248E-01   4.7652902E+00  -1.3848737E+00  -8.1233131E-01  -1.2479705E+00  -1.7696626E-01   6.3824198E-01   3.1912358E+00   2.7734583E+00   2.9344784E+00  -1.8209713E-04  -3.3812434E-05
  1.4952835E-05   1.9888793E-04   3.4373020E-07  -5.8876110E-08  -1.3762553E-03   1.4457607E-02  -4.3084079E-05   5.5684812E-04  -4.7405926E-05  -5.7906215E+00   1.0513310E-01   2.7014581E+00  -1.3517680E+01   3.3019034E+00   5.0554024E+00   5.5539606E+00  -2.3097747E+00   2.6278972E-01   2.7734583E+00   1.0956218E+01   1.9501974E+01  -3.6081573E-05   4.1113607E-04
  3.4518009E-05  -5.4159211E-04   1.1951684E-04   3.3430099E-04  -6.8018184E-03  -3.0598442E-02   8.1046103E-04   1.1285150E-03   8.0765236E-04  -3.3377196E+01   1.4659179E-01   3.4973312E+00  -2.6719697E+01   3.7274977E+00   9.2316324E+00   3.4075718E+01  -3.0483669E+00   1.9938914E-01   2.9344784E+00   1.9501974E+01   5.3841167E+01  -2.1498932E-05   9.4650912E-04
  7.1355383E-10  -5.4042434E-09  -2.0042277E-09  -1.5009572E-08   3.0680561E-07  -3.8414110E-07   9.9220920E-08  -1.2145899E-07  -4.7285032E-09  -7.2565675E-05   2.0666631E-06   1.1911993E-04   3.8693531E-03   8.7686709E-05   4.6420463E-04   3.9028762E-04  -1.0744322E-04   1.8325102E-04  -1.8209713E-04  -3.6081573E-05  -2.1498932E-05   3.7885435E-07   5.3318615E-09
 -5.5811418E-10   6.0707021E-08  -6.5763579E-09  -4.7293363E-08   8.8827150E-07   3.4415091E-06  -3.9370200E-08   4.0291998E-08  -4.2695034E-08   6.9399126E-04  -3.6580690E-06  -3.1946749E-05   7.1750750E-04   1.1541739E-04  -3.5793448E-04  -1.3164729E-03   1.2067929E-05   1.1982418E-05  -3.3812434E-05   4.1113607E-04   9.4650912E-04   5.3318615E-09   3.9155906E-07
