# omegabh2 omegach2 theta tau mnu logA ns calPlanck acib217 xi asz143 aps100 aps143 aps143217 aps217 aksz kgal100 kgal143 kgal143217 kgal217 galfEE100 galfEE100143 galfEE100217 galfEE143 galfEE143217 galfEE217 galfTE100 galfTE100143 galfTE100217 galfTE143 galfTE143217 galfTE217 cal0 cal2
    0.2101543E-07   -0.1010827E-06    0.1578109E-07    0.1314683E-05    0.2969133E-05    0.2395431E-05    0.3006100E-06   -0.2575786E-07   -0.1293046E-03    0.3535040E-05    0.2405235E-04   -0.4824022E-03   -0.2209720E-03   -0.1082677E-04    0.4079923E-04   -0.3478387E-04   -0.5482817E-05   -0.7430892E-05   -0.1866109E-04    0.5266555E-05    0.1805093E-07    0.3884218E-07    0.1589886E-07    0.6530126E-07    0.2029003E-06    0.1077098E-05   -0.1858889E-06    0.3760983E-07   -0.2675633E-06   -0.2636912E-06   -0.5384380E-06   -0.3605532E-05    0.6663030E-08   -0.1110479E-07
   -0.1010827E-06    0.1581477E-05   -0.1124916E-06   -0.1837588E-04   -0.5038944E-04   -0.3236807E-04   -0.4332938E-05    0.1476079E-06    0.5297453E-03   -0.5421751E-05   -0.1762335E-03    0.2942618E-02    0.1463085E-02    0.4883547E-03    0.1729846E-03    0.2350942E-03    0.1128401E-03    0.1936694E-04    0.5189898E-04   -0.8101845E-05   -0.3071838E-06   -0.3551280E-06   -0.6851785E-06   -0.9004652E-06   -0.1357301E-06   -0.5607051E-05    0.1538576E-05    0.8342706E-07    0.2627859E-05    0.2949023E-05    0.5057900E-05    0.1764435E-04    0.4343282E-08    0.6674960E-07
    0.1578109E-07   -0.1124916E-06    0.8505595E-07    0.1980342E-05    0.3584327E-05    0.3676356E-05    0.4319531E-06   -0.3989490E-07   -0.3947920E-04    0.1067970E-05    0.2858316E-04   -0.6462713E-03   -0.1723690E-03   -0.1477835E-04   -0.4531522E-04   -0.2017793E-04    0.2727645E-06    0.6437919E-05   -0.1678411E-04   -0.3014230E-04    0.6795758E-07    0.2317443E-07    0.1233757E-06   -0.2722237E-08   -0.3767341E-06    0.3682676E-06   -0.1069668E-07    0.2048914E-06    0.2306540E-06   -0.3370990E-06   -0.2192634E-06   -0.2032003E-05   -0.2213998E-08    0.2220145E-08
    0.1314683E-05   -0.1837588E-04    0.1980342E-05    0.4150386E-03    0.1145502E-02    0.7616894E-03    0.5934338E-04   -0.8994291E-05   -0.1089245E-01    0.2243705E-03    0.2977155E-02   -0.6853488E-01   -0.2346132E-01   -0.4313933E-02   -0.1397375E-03   -0.4075719E-02   -0.1674316E-02   -0.1127515E-02   -0.3171460E-02   -0.3251039E-02    0.3660723E-05    0.2337321E-05    0.1115564E-04    0.7487718E-05   -0.1784765E-05    0.7996484E-04   -0.3243451E-04   -0.1446439E-04   -0.1493593E-04   -0.5411208E-04   -0.6186131E-04   -0.1826491E-03   -0.3519754E-06   -0.1404495E-05
    0.2969133E-05   -0.5038944E-04    0.3584327E-05    0.1145502E-02    0.6285139E-02    0.2133666E-02    0.1502203E-03   -0.7671027E-05   -0.2970586E-01    0.1077800E-03    0.5418435E-02   -0.1284101E+00   -0.5464449E-01   -0.2710293E-01    0.2539611E-03   -0.7029836E-02   -0.3070049E-02    0.7916855E-03    0.2115778E-02    0.1494363E-01    0.1017639E-04    0.7488622E-05    0.4458555E-05    0.3450857E-04   -0.9020260E-04    0.1105133E-03   -0.4756744E-04   -0.2581758E-04   -0.1047417E-04   -0.1013434E-03   -0.2158390E-03   -0.2545387E-03   -0.6476852E-06   -0.1291982E-05
    0.2395431E-05   -0.3236807E-04    0.3676356E-05    0.7616894E-03    0.2133666E-02    0.1425847E-02    0.1049289E-03   -0.5601834E-05   -0.2097268E-01    0.4873665E-03    0.5511912E-02   -0.1247205E+00   -0.4159438E-01   -0.3563199E-02    0.7062118E-02   -0.8030659E-02   -0.3262643E-02   -0.2160829E-02   -0.6526213E-02   -0.4903703E-02    0.7202471E-05    0.4446880E-05    0.1946915E-04    0.1445469E-04   -0.9109248E-05    0.1398315E-03   -0.6192683E-04   -0.2808330E-04   -0.2278329E-04   -0.1007289E-03   -0.1214861E-03   -0.2799931E-03   -0.4677844E-06   -0.2840595E-05
    0.3006100E-06   -0.4332938E-05    0.4319531E-06    0.5934338E-04    0.1502203E-03    0.1049289E-03    0.2122778E-04   -0.5052343E-06   -0.5734652E-02    0.1210283E-03    0.1323323E-02   -0.2852746E-01   -0.8127532E-02    0.1850882E-02    0.5460038E-02   -0.2700490E-02    0.1253989E-03   -0.4235680E-03   -0.6631444E-03    0.2549194E-03    0.2138770E-05    0.2214198E-05    0.3623089E-05    0.3462731E-05   -0.3446761E-05    0.2696677E-04   -0.3851234E-05   -0.2210946E-08   -0.1680539E-04   -0.1188677E-04   -0.1621370E-04   -0.5335366E-04   -0.6832131E-07   -0.6361080E-06
   -0.2575786E-07    0.1476079E-06   -0.3989490E-07   -0.8994291E-05   -0.7671027E-05   -0.5601834E-05   -0.5052343E-06    0.5989057E-05    0.8229676E-03   -0.9281493E-05    0.7173704E-05    0.4032584E-02    0.5155900E-03    0.5956927E-03    0.1535205E-02    0.9729401E-04    0.2130698E-04    0.1696229E-03    0.2496656E-04    0.6740165E-03    0.5746800E-06    0.5983484E-06   -0.5336914E-06    0.1144184E-05   -0.2972714E-05    0.1081684E-06   -0.8641968E-06    0.5278162E-07   -0.2322446E-05   -0.7177573E-06   -0.5271869E-05    0.2434439E-04    0.3808437E-08   -0.3516880E-07
   -0.1293046E-03    0.5297453E-03   -0.3947920E-04   -0.1089245E-01   -0.2970586E-01   -0.2097268E-01   -0.5734652E-02    0.8229676E-03    0.4406406E+02   -0.5025942E+00   -0.1328481E+01    0.3830224E+02   -0.3836381E+00   -0.2092267E+02   -0.6068750E+02    0.4088441E+00    0.6442559E-01    0.3567896E+00   -0.2249636E+01   -0.1940949E+02   -0.8724187E-04    0.3281590E-03    0.8800255E-02   -0.1461141E-03   -0.1051654E-01   -0.5856247E-02   -0.8032735E-02   -0.3981468E-02    0.8317353E-02    0.1235748E-02   -0.1048252E-01    0.1275689E-01   -0.4380481E-03    0.4444675E-02
    0.3535040E-05   -0.5421751E-05    0.1067970E-05    0.2243705E-03    0.1077800E-03    0.4873665E-03    0.1210283E-03   -0.9281493E-05   -0.5025942E+00    0.8104666E-01   -0.9073265E-01   -0.5820173E+00    0.9779177E+00    0.1844399E+01    0.7533392E+00    0.8294708E-01   -0.3189449E-01   -0.2291145E-02    0.6471038E-01    0.5440347E-01    0.3721591E-04    0.2796669E-04   -0.7672612E-04   -0.1724995E-05    0.6727397E-04    0.1517026E-02   -0.1718060E-03    0.5769033E-04    0.5415481E-03   -0.3635587E-03    0.2289053E-03   -0.1242120E-02    0.4552538E-05   -0.2313153E-04
    0.2405235E-04   -0.1762335E-03    0.2858316E-04    0.2977155E-02    0.5418435E-02    0.5511912E-02    0.1323323E-02    0.7173704E-05   -0.1328481E+01   -0.9073265E-01    0.3632756E+01   -0.2889083E+02   -0.3863226E+01    0.6910182E+01    0.6269176E+01   -0.2552202E+01   -0.1786959E-01   -0.3608864E-01    0.2160196E+01    0.1794270E+01   -0.1930579E-05   -0.3962807E-03   -0.2026267E-02   -0.3879685E-03    0.7132526E-03    0.2321151E-03   -0.2917126E-02   -0.9007839E-03   -0.5288902E-02    0.3802809E-02   -0.2488836E-02   -0.1852842E-01    0.2234853E-03   -0.3550657E-03
   -0.4824022E-03    0.2942618E-02   -0.6462713E-03   -0.6853488E-01   -0.1284101E+00   -0.1247205E+00   -0.2852746E-01    0.4032584E-02    0.3830224E+02   -0.5820173E+00   -0.2889083E+02    0.7785784E+03    0.6709766E+02   -0.6011552E+02   -0.6256191E+02    0.1223520E+02   -0.5251310E+01    0.3990001E+01   -0.1095439E+02   -0.1323053E+02    0.2811468E-02    0.6826762E-02    0.2354668E-01    0.1224090E-01   -0.1773480E-01    0.1164276E-01    0.1227119E-01    0.1839567E-02    0.1014719E+00    0.1250428E-01    0.3512828E-01    0.3444404E+00    0.5358781E-02    0.4300978E-02
   -0.2209720E-03    0.1463085E-02   -0.1723690E-03   -0.2346132E-01   -0.5464449E-01   -0.4159438E-01   -0.8127532E-02    0.5155900E-03   -0.3836381E+00    0.9779177E+00   -0.3863226E+01    0.6709766E+02    0.6026178E+02    0.4460541E+02    0.1988564E+02   -0.4774599E+01   -0.9286611E+00   -0.8748072E+00    0.3486826E+01    0.3176066E+01   -0.3862883E-03    0.4668217E-03    0.4791609E-02    0.7830754E-03   -0.1218345E-01    0.7100183E-02    0.3053506E-02    0.1051044E-02    0.1172961E-01    0.7622895E-02   -0.2521016E-02    0.3591067E-01   -0.5967746E-04    0.1171889E-03
   -0.1082677E-04    0.4883547E-03   -0.1477835E-04   -0.4313933E-02   -0.2710293E-01   -0.3563199E-02    0.1850882E-02    0.5956927E-03   -0.2092267E+02    0.1844399E+01    0.6910182E+01   -0.6011552E+02    0.4460541E+02    0.9676239E+02    0.6679823E+02   -0.1136582E+02   -0.1170024E+01   -0.6925754E+00    0.3687187E+01    0.3459628E+01    0.1058115E-03   -0.3448054E-03   -0.8593633E-02   -0.1479629E-02   -0.4214149E-02    0.4200337E-01   -0.8580334E-02   -0.2116727E-02   -0.2212804E-02    0.1051697E-01    0.5651687E-03   -0.3226689E-01    0.7494799E-03   -0.2677672E-02
    0.4079923E-04    0.1729846E-03   -0.4531522E-04   -0.1397375E-03    0.2539611E-03    0.7062118E-02    0.5460038E-02    0.1535205E-02   -0.6068750E+02    0.7533392E+00    0.6269176E+01   -0.6256191E+02    0.1988564E+02    0.6679823E+02    0.1212234E+03   -0.1031350E+02   -0.6432951E+00   -0.9819647E+00   -0.3682330E+00    0.1556111E+02   -0.4664948E-03   -0.9050545E-03   -0.1919086E-01   -0.4134676E-03    0.9700493E-02    0.1489004E-01    0.1922016E-02   -0.6220276E-03   -0.2139843E-01    0.7168907E-02    0.1296301E-01   -0.5326197E-02    0.9604736E-03   -0.7569884E-02
   -0.3478387E-04    0.2350942E-03   -0.2017793E-04   -0.4075719E-02   -0.7029836E-02   -0.8030659E-02   -0.2700490E-02    0.9729401E-04    0.4088441E+00    0.8294708E-01   -0.2552202E+01    0.1223520E+02   -0.4774599E+01   -0.1136582E+02   -0.1031350E+02    0.5760582E+01    0.6982455E-01   -0.3886474E-01   -0.1872823E+01   -0.1575288E+01    0.8767670E-04    0.3323408E-04   -0.8156277E-03   -0.1284904E-03    0.2660300E-02   -0.3696313E-02    0.2117759E-02    0.2305761E-02    0.6680235E-02   -0.3464237E-02    0.1089918E-01    0.8374422E-02   -0.1519983E-03    0.1997651E-03
   -0.5482817E-05    0.1128401E-03    0.2727645E-06   -0.1674316E-02   -0.3070049E-02   -0.3262643E-02    0.1253989E-03    0.2130698E-04    0.6442559E-01   -0.3189449E-01   -0.1786959E-01   -0.5251310E+01   -0.9286611E+00   -0.1170024E+01   -0.6432951E+00    0.6982455E-01    0.3670472E+01    0.5148564E+00    0.4135955E+00    0.5529424E+00    0.1276170E-03   -0.1935953E-03   -0.2551185E-03    0.2601975E-03   -0.1973415E-02    0.4809459E-02    0.2292026E-02    0.1967931E-02   -0.3013653E-02   -0.1859414E-02   -0.1307938E-02    0.5364390E-02    0.3199347E-03    0.5154267E-04
   -0.7430892E-05    0.1936694E-04    0.6437919E-05   -0.1127515E-02    0.7916855E-03   -0.2160829E-02   -0.4235680E-03    0.1696229E-03    0.3567896E+00   -0.2291145E-02   -0.3608864E-01    0.3990001E+01   -0.8748072E+00   -0.6925754E+00   -0.9819647E+00   -0.3886474E-01    0.5148564E+00    0.3314865E+01    0.2431694E+01    0.1726013E+01   -0.4755158E-03   -0.3543344E-03   -0.3743186E-03   -0.2346582E-03   -0.1449129E-02    0.7759989E-02    0.3101689E-02   -0.2612549E-02    0.1484813E-02   -0.5731338E-02   -0.3854617E-03    0.2244151E-01   -0.3009246E-03   -0.1597217E-03
   -0.1866109E-04    0.5189898E-04   -0.1678411E-04   -0.3171460E-02    0.2115778E-02   -0.6526213E-02   -0.6631444E-03    0.2496656E-04   -0.2249636E+01    0.6471038E-01    0.2160196E+01   -0.1095439E+02    0.3486826E+01    0.3687187E+01   -0.3682330E+00   -0.1872823E+01    0.4135955E+00    0.2431694E+01    0.1671234E+02    0.2543597E+02   -0.1064397E-04   -0.6372559E-03    0.1818407E-02   -0.1849617E-03   -0.7375295E-03    0.1376904E-01    0.5103198E-02    0.7481250E-03    0.8864450E-03   -0.2123901E-02   -0.1326949E-01    0.1082623E-02    0.3024555E-04    0.2412494E-02
    0.5266555E-05   -0.8101845E-05   -0.3014230E-04   -0.3251039E-02    0.1494363E-01   -0.4903703E-02    0.2549194E-03    0.6740165E-03   -0.1940949E+02    0.5440347E-01    0.1794270E+01   -0.1323053E+02    0.3176066E+01    0.3459628E+01    0.1556111E+02   -0.1575288E+01    0.5529424E+00    0.1726013E+01    0.2543597E+02    0.5472103E+02   -0.4199453E-06   -0.7966797E-03   -0.7189688E-04    0.6105989E-04    0.4326390E-02    0.1494843E-01    0.1357110E-01    0.3603051E-02    0.1959675E-02   -0.1907493E-02   -0.2654352E-01    0.9982560E-02    0.2080755E-03    0.4211157E-02
    0.1805093E-07   -0.3071838E-06    0.6795758E-07    0.3660723E-05    0.1017639E-04    0.7202471E-05    0.2138770E-05    0.5746800E-06   -0.8724187E-04    0.3721591E-04   -0.1930579E-05    0.2811468E-02   -0.3862883E-03    0.1058115E-03   -0.4664948E-03    0.8767670E-04    0.1276170E-03   -0.4755158E-03   -0.1064397E-04   -0.4199453E-06    0.3219241E-04    0.8509762E-05   -0.1260446E-05    0.2588165E-05   -0.1750876E-04    0.7607405E-05   -0.1006772E-04    0.6552144E-06    0.2372606E-05    0.1112686E-04   -0.5304577E-05    0.1116998E-04    0.6292029E-07   -0.6242039E-08
    0.3884218E-07   -0.3551280E-06    0.2317443E-07    0.2337321E-05    0.7488622E-05    0.4446880E-05    0.2214198E-05    0.5983484E-06    0.3281590E-03    0.2796669E-04   -0.3962807E-03    0.6826762E-02    0.4668217E-03   -0.3448054E-03   -0.9050545E-03    0.3323408E-04   -0.1935953E-03   -0.3543344E-03   -0.6372559E-03   -0.7966797E-03    0.8509762E-05    0.2445869E-04    0.3285476E-05    0.1103258E-04   -0.2123895E-05    0.2424902E-04   -0.3521596E-05    0.2043973E-05    0.2581658E-05    0.4572870E-05    0.4068546E-05    0.5088911E-05   -0.1055931E-06   -0.7858457E-07
    0.1589886E-07   -0.6851785E-06    0.1233757E-06    0.1115564E-04    0.4458555E-05    0.1946915E-04    0.3623089E-05   -0.5336914E-06    0.8800255E-02   -0.7672612E-04   -0.2026267E-02    0.2354668E-01    0.4791609E-02   -0.8593633E-02   -0.1919086E-01   -0.8156277E-03   -0.2551185E-03   -0.3743186E-03    0.1818407E-02   -0.7189688E-04   -0.1260446E-05    0.3285476E-05    0.1066153E-02    0.1325422E-05   -0.2034249E-04    0.9596846E-04   -0.4450550E-05    0.1389425E-04    0.6118819E-04    0.4548788E-04    0.6253838E-04    0.1436309E-03    0.2824063E-06    0.5613494E-06
    0.6530126E-07   -0.9004652E-06   -0.2722237E-08    0.7487718E-05    0.3450857E-04    0.1445469E-04    0.3462731E-05    0.1144184E-05   -0.1461141E-03   -0.1724995E-05   -0.3879685E-03    0.1224090E-01    0.7830754E-03   -0.1479629E-02   -0.4134676E-03   -0.1284904E-03    0.2601975E-03   -0.2346582E-03   -0.1849617E-03    0.6105989E-04    0.2588165E-05    0.1103258E-04    0.1325422E-05    0.4513466E-04    0.1608981E-05    0.2298711E-04    0.2135484E-05    0.1300058E-05    0.6834569E-06   -0.9616176E-05    0.1792143E-04    0.6070778E-04    0.1337056E-06   -0.8288992E-08
    0.2029003E-06   -0.1357301E-06   -0.3767341E-06   -0.1784765E-05   -0.9020260E-04   -0.9109248E-05   -0.3446761E-05   -0.2972714E-05   -0.1051654E-01    0.6727397E-04    0.7132526E-03   -0.1773480E-01   -0.1218345E-01   -0.4214149E-02    0.9700493E-02    0.2660300E-02   -0.1973415E-02   -0.1449129E-02   -0.7375295E-03    0.4326390E-02   -0.1750876E-04   -0.2123895E-05   -0.2034249E-04    0.1608981E-05    0.2199365E-02    0.3280830E-04    0.3319440E-04    0.3113140E-04    0.6477778E-04    0.3752367E-04    0.5070436E-04   -0.7019321E-04    0.1221503E-05    0.1619880E-06
    0.1077098E-05   -0.5607051E-05    0.3682676E-06    0.7996484E-04    0.1105133E-03    0.1398315E-03    0.2696677E-04    0.1081684E-06   -0.5856247E-02    0.1517026E-02    0.2321151E-03    0.1164276E-01    0.7100183E-02    0.4200337E-01    0.1489004E-01   -0.3696313E-02    0.4809459E-02    0.7759989E-02    0.1376904E-01    0.1494843E-01    0.7607405E-05    0.2424902E-04    0.9596846E-04    0.2298711E-04    0.3280830E-04    0.1674734E-01   -0.1352930E-03   -0.1073950E-03   -0.6339401E-04   -0.1836348E-03    0.2008201E-03    0.1103212E-02   -0.1564218E-05    0.1970861E-05
   -0.1858889E-06    0.1538576E-05   -0.1069668E-07   -0.3243451E-04   -0.4756744E-04   -0.6192683E-04   -0.3851234E-05   -0.8641968E-06   -0.8032735E-02   -0.1718060E-03   -0.2917126E-02    0.1227119E-01    0.3053506E-02   -0.8580334E-02    0.1922016E-02    0.2117759E-02    0.2292026E-02    0.3101689E-02    0.5103198E-02    0.1357110E-01   -0.1006772E-04   -0.3521596E-05   -0.4450550E-05    0.2135484E-05    0.3319440E-04   -0.1352930E-03    0.1437725E-02    0.3180252E-03    0.5590240E-04   -0.4012393E-03   -0.9757831E-04   -0.1399940E-03    0.2793424E-06    0.2121611E-06
    0.3760983E-07    0.8342706E-07    0.2048914E-06   -0.1446439E-04   -0.2581758E-04   -0.2808330E-04   -0.2210946E-08    0.5278162E-07   -0.3981468E-02    0.5769033E-04   -0.9007839E-03    0.1839567E-02    0.1051044E-02   -0.2116727E-02   -0.6220276E-03    0.2305761E-02    0.1967931E-02   -0.2612549E-02    0.7481250E-03    0.3603051E-02    0.6552144E-06    0.2043973E-05    0.1389425E-04    0.1300058E-05    0.3113140E-04   -0.1073950E-03    0.3180252E-03    0.8525413E-03    0.3089577E-04    0.7510311E-03   -0.1182982E-04   -0.8920934E-03    0.6618709E-06   -0.2945040E-07
   -0.2675633E-06    0.2627859E-05    0.2306540E-06   -0.1493593E-04   -0.1047417E-04   -0.2278329E-04   -0.1680539E-04   -0.2322446E-05    0.8317353E-02    0.5415481E-03   -0.5288902E-02    0.1014719E+00    0.1172961E-01   -0.2212804E-02   -0.2139843E-01    0.6680235E-02   -0.3013653E-02    0.1484813E-02    0.8864450E-03    0.1959675E-02    0.2372606E-05    0.2581658E-05    0.6118819E-04    0.6834569E-06    0.6477778E-04   -0.6339401E-04    0.5590240E-04    0.3089577E-04    0.7437952E-02   -0.3531770E-03    0.9495503E-03    0.4921774E-02   -0.2957911E-06    0.2870137E-05
   -0.2636912E-06    0.2949023E-05   -0.3370990E-06   -0.5411208E-04   -0.1013434E-03   -0.1007289E-03   -0.1188677E-04   -0.7177573E-06    0.1235748E-02   -0.3635587E-03    0.3802809E-02    0.1250428E-01    0.7622895E-02    0.1051697E-01    0.7168907E-02   -0.3464237E-02   -0.1859414E-02   -0.5731338E-02   -0.2123901E-02   -0.1907493E-02    0.1112686E-04    0.4572870E-05    0.4548788E-04   -0.9616176E-05    0.3752367E-04   -0.1836348E-03   -0.4012393E-03    0.7510311E-03   -0.3531770E-03    0.2976080E-02    0.4967223E-03   -0.5089807E-03    0.9899842E-06   -0.1571067E-05
   -0.5384380E-06    0.5057900E-05   -0.2192634E-06   -0.6186131E-04   -0.2158390E-03   -0.1214861E-03   -0.1621370E-04   -0.5271869E-05   -0.1048252E-01    0.2289053E-03   -0.2488836E-02    0.3512828E-01   -0.2521016E-02    0.5651687E-03    0.1296301E-01    0.1089918E-01   -0.1307938E-02   -0.3854617E-03   -0.1326949E-01   -0.2654352E-01   -0.5304577E-05    0.4068546E-05    0.6253838E-04    0.1792143E-04    0.5070436E-04    0.2008201E-03   -0.9757831E-04   -0.1182982E-04    0.9495503E-03    0.4967223E-03    0.6512904E-02    0.7633891E-02    0.2070267E-06   -0.7165393E-05
   -0.3605532E-05    0.1764435E-04   -0.2032003E-05   -0.1826491E-03   -0.2545387E-03   -0.2799931E-03   -0.5335366E-04    0.2434439E-04    0.1275689E-01   -0.1242120E-02   -0.1852842E-01    0.3444404E+00    0.3591067E-01   -0.3226689E-01   -0.5326197E-02    0.8374422E-02    0.5364390E-02    0.2244151E-01    0.1082623E-02    0.9982560E-02    0.1116998E-04    0.5088911E-05    0.1436309E-03    0.6070778E-04   -0.7019321E-04    0.1103212E-02   -0.1399940E-03   -0.8920934E-03    0.4921774E-02   -0.5089807E-03    0.7633891E-02    0.6633555E-01   -0.2095922E-05   -0.5743658E-05
    0.6663030E-08    0.4343282E-08   -0.2213998E-08   -0.3519754E-06   -0.6476852E-06   -0.4677844E-06   -0.6832131E-07    0.3808437E-08   -0.4380481E-03    0.4552538E-05    0.2234853E-03    0.5358781E-02   -0.5967746E-04    0.7494799E-03    0.9604736E-03   -0.1519983E-03    0.3199347E-03   -0.3009246E-03    0.3024555E-04    0.2080755E-03    0.6292029E-07   -0.1055931E-06    0.2824063E-06    0.1337056E-06    0.1221503E-05   -0.1564218E-05    0.2793424E-06    0.6618709E-06   -0.2957911E-06    0.9899842E-06    0.2070267E-06   -0.2095922E-05    0.6020586E-06   -0.8371335E-08
   -0.1110479E-07    0.6674960E-07    0.2220145E-08   -0.1404495E-05   -0.1291982E-05   -0.2840595E-05   -0.6361080E-06   -0.3516880E-07    0.4444675E-02   -0.2313153E-04   -0.3550657E-03    0.4300978E-02    0.1171889E-03   -0.2677672E-02   -0.7569884E-02    0.1997651E-03    0.5154267E-04   -0.1597217E-03    0.2412494E-02    0.4211157E-02   -0.6242039E-08   -0.7858457E-07    0.5613494E-06   -0.8288992E-08    0.1619880E-06    0.1970861E-05    0.2121611E-06   -0.2945040E-07    0.2870137E-05   -0.1571067E-05   -0.7165393E-05   -0.5743658E-05   -0.8371335E-08    0.2040412E-05
