# omegabh2 omegach2 theta tau logA ns nrun r calPlanck acib217 xi asz143 aps100 aps143 aps143217 aps217 aksz kgal100 kgal143 kgal143217 kgal217 galfEE100 galfEE100143 galfEE100217 galfEE143 galfEE143217 galfEE217 galfTE100 galfTE100143 galfTE100217 galfTE143 galfTE143217 galfTE217 cal0 cal2
    0.2235314E-07   -0.6762519E-07    0.1225785E-07    0.9219045E-06    0.1865720E-05    0.1541521E-06   -0.4387352E-06    0.6520612E-06    0.6738854E-08   -0.3698444E-04    0.1479586E-05    0.4822931E-05   -0.1070641E-03   -0.7524799E-04   -0.9047081E-05    0.2054710E-04   -0.1342529E-04    0.1885122E-05   -0.4986315E-05   -0.1683836E-04   -0.1928352E-04    0.5712840E-07    0.6105507E-07   -0.4637077E-07    0.5867110E-07    0.1517528E-06    0.6688971E-07   -0.4170233E-07   -0.5293649E-07   -0.1292039E-06   -0.1331824E-06   -0.6870123E-06   -0.2593487E-05    0.3244000E-08   -0.3428211E-08
   -0.6762519E-07    0.1152008E-05   -0.7196615E-07   -0.5485382E-05   -0.8253806E-05   -0.2841880E-05   -0.2724989E-07   -0.1857242E-05   -0.9064793E-07    0.2048368E-03   -0.5548394E-05   -0.8834267E-04    0.1398313E-02    0.7727066E-03    0.2600749E-03    0.8680332E-04    0.7347049E-04   -0.2621801E-04   -0.1037026E-04    0.2623815E-04    0.7176777E-04   -0.3789254E-06   -0.3954254E-06   -0.1146229E-06   -0.3946880E-06   -0.8327793E-06    0.2664910E-06    0.3987876E-06    0.3123031E-06    0.8276959E-06    0.4079976E-06    0.2521038E-05    0.1081346E-04    0.6998891E-08    0.4062397E-07
    0.1225785E-07   -0.7196615E-07    0.8779108E-07    0.5871690E-06    0.1140849E-05    0.2929549E-06   -0.9622822E-07    0.2346522E-06    0.2056945E-07    0.2563522E-04   -0.7718238E-06    0.2974126E-05    0.2464525E-04   -0.2455886E-04   -0.4312675E-04   -0.5492033E-04   -0.3522510E-06    0.2834185E-05   -0.4566846E-05    0.4207469E-05   -0.2730906E-05    0.1405838E-08    0.2496587E-07    0.3491507E-07    0.3614304E-07   -0.6077122E-07   -0.3582754E-06   -0.9684781E-07   -0.1973104E-06   -0.4222847E-06   -0.3783840E-06   -0.3579560E-06   -0.2260416E-05    0.1962700E-08    0.3624461E-08
    0.9219045E-06   -0.5485382E-05    0.5871690E-06    0.2994382E-03    0.5895474E-03    0.2038005E-04   -0.4091382E-04   -0.1219791E-04   -0.2212589E-05   -0.6034421E-02    0.1934097E-03    0.4330594E-03   -0.1999764E-01   -0.3656335E-02    0.5026971E-02    0.8494583E-02   -0.2572916E-02   -0.9018578E-04   -0.7799158E-03   -0.3646833E-02   -0.4690291E-02    0.5407854E-05    0.6266821E-05    0.3747267E-05    0.5549237E-05    0.7426864E-05   -0.3561153E-04   -0.4425567E-05   -0.1016535E-04   -0.5566339E-05   -0.1456678E-04   -0.2297354E-04   -0.8673994E-04    0.1107034E-06   -0.1268709E-05
    0.1865720E-05   -0.8253806E-05    0.1140849E-05    0.5895474E-03    0.1198027E-02    0.3093384E-04   -0.9296974E-04   -0.1148273E-04    0.7978619E-05   -0.9575414E-02    0.4282002E-03    0.1327209E-03   -0.2325914E-01   -0.4974935E-03    0.1362870E-01    0.2092857E-01   -0.4928830E-02   -0.3806708E-03   -0.2132652E-02   -0.7586265E-02   -0.8227211E-02    0.1154037E-04    0.1272070E-04    0.1754766E-05    0.1205400E-04    0.1196742E-04   -0.6050051E-04   -0.8809134E-05   -0.1776278E-04   -0.8690813E-05   -0.2396389E-04   -0.5606335E-04   -0.1349374E-03    0.4653806E-06   -0.2360123E-05
    0.1541521E-06   -0.2841880E-05    0.2929549E-06    0.2038005E-04    0.3093384E-04    0.1757225E-04    0.5877329E-05    0.1474124E-04    0.1241470E-06   -0.5860085E-02    0.1363944E-03    0.1554928E-02   -0.2976053E-01   -0.7559904E-02    0.4096559E-02    0.7480609E-02   -0.3046949E-02    0.2341544E-03   -0.2120020E-03   -0.6773523E-03    0.3079332E-03    0.1959537E-05    0.1845789E-05    0.6720281E-06    0.1781500E-05    0.3950560E-05    0.3872761E-05   -0.5976596E-06   -0.1495255E-05   -0.2606746E-05   -0.2274166E-05   -0.3581949E-05   -0.1651245E-04   -0.1807930E-06   -0.5948774E-06
   -0.4387352E-06   -0.2724989E-07   -0.9622822E-07   -0.4091382E-04   -0.9296974E-04    0.5877329E-05    0.5828665E-04   -0.1211073E-03    0.5626582E-06   -0.9125361E-02    0.1164354E-03    0.2508357E-02   -0.3738554E-01   -0.1521489E-01    0.8283310E-03    0.8027851E-02   -0.3746290E-02   -0.4274109E-03   -0.1740245E-03    0.4764030E-04    0.2617281E-02   -0.3013045E-05   -0.4003448E-05    0.6450618E-06   -0.4458472E-05    0.1601162E-05    0.1701270E-04   -0.3952937E-05   -0.2785787E-05    0.2795571E-05   -0.1385207E-05    0.1326643E-04    0.6676927E-04   -0.1406441E-06   -0.8075481E-06
    0.6520612E-06   -0.1857242E-05    0.2346522E-06   -0.1219791E-04   -0.1148273E-04    0.1474124E-04   -0.1211073E-03    0.2165695E-02    0.8120011E-06    0.1500836E-01    0.1412733E-03   -0.2866961E-02    0.4779934E-01    0.3129081E-01    0.1348433E-01   -0.7010608E-02    0.5004838E-02   -0.8560451E-03   -0.7037430E-03    0.1948797E-02   -0.3359486E-02   -0.1836891E-04   -0.1759941E-04    0.3389120E-05   -0.1657865E-04    0.3913686E-04   -0.6569473E-05    0.6240959E-04    0.3128069E-04   -0.5760655E-04    0.7105988E-04   -0.5380869E-04   -0.9358827E-04    0.1758993E-06    0.1524071E-05
    0.6738854E-08   -0.9064793E-07    0.2056945E-07   -0.2212589E-05    0.7978619E-05    0.1241470E-06    0.5626582E-06    0.8120011E-06    0.6303410E-05    0.8955228E-03    0.1384441E-04   -0.1260789E-04    0.3846515E-02    0.6445569E-03    0.4889031E-03    0.9806530E-03    0.3687092E-04    0.8199851E-05   -0.1857308E-04    0.5197874E-04    0.7694097E-03    0.7080790E-06    0.4183915E-06   -0.1812155E-05    0.7725013E-06   -0.1142690E-06    0.7961072E-05   -0.7098032E-06    0.7223728E-06    0.1004303E-05    0.1592278E-05   -0.5167167E-05    0.1840162E-04   -0.2290507E-07   -0.2548504E-08
   -0.3698444E-04    0.2048368E-03    0.2563522E-04   -0.6034421E-02   -0.9575414E-02   -0.5860085E-02   -0.9125361E-02    0.1500836E-01    0.8955228E-03    0.4502651E+02   -0.5323135E+00   -0.1976014E+01    0.4840127E+02    0.1246967E+01   -0.2273578E+02   -0.6302149E+02    0.1098009E+01   -0.4226194E-01    0.3278438E+00   -0.2131114E+01   -0.1927323E+02    0.6965564E-04    0.3611068E-03    0.7852263E-03    0.4258115E-03   -0.2388411E-02    0.1941130E-02   -0.5085888E-03   -0.3996758E-03   -0.7375760E-02    0.8434905E-03   -0.3699800E-02   -0.1000162E-01   -0.2449894E-03    0.4426163E-02
    0.1479586E-05   -0.5548394E-05   -0.7718238E-06    0.1934097E-03    0.4282002E-03    0.1363944E-03    0.1164354E-03    0.1412733E-03    0.1384441E-04   -0.5323135E+00    0.8226233E-01   -0.7382596E-01   -0.4590707E+00    0.1012918E+01    0.1899470E+01    0.8259167E+00    0.6169658E-01   -0.8241020E-02    0.8647099E-03    0.9630700E-01    0.1105082E+00   -0.2084914E-06    0.7941228E-05   -0.1402957E-03   -0.1758417E-06    0.1752098E-04    0.3931494E-03   -0.1021756E-03   -0.6684080E-04    0.1702297E-03   -0.6554686E-04   -0.1988535E-03    0.1302505E-03    0.1010312E-04   -0.2033036E-04
    0.4822931E-05   -0.8834267E-04    0.2974126E-05    0.4330594E-03    0.1327209E-03    0.1554928E-02    0.2508357E-02   -0.2866961E-02   -0.1260789E-04   -0.1976014E+01   -0.7382596E-01    0.3812988E+01   -0.3065170E+02   -0.4104228E+01    0.7950137E+01    0.7293528E+01   -0.2932838E+01   -0.1367825E+00   -0.7079872E-02    0.2290834E+01    0.2130617E+01    0.8401150E-04   -0.7867406E-05    0.4181123E-03    0.1530018E-04   -0.3128974E-03    0.4052987E-03    0.4690074E-03    0.5106555E-03    0.3098828E-02   -0.6824992E-04    0.1799959E-03    0.2002493E-02    0.1604532E-03   -0.3991307E-03
   -0.1070641E-03    0.1398313E-02    0.2464525E-04   -0.1999764E-01   -0.2325914E-01   -0.2976053E-01   -0.3738554E-01    0.4779934E-01    0.3846515E-02    0.4840127E+02   -0.4590707E+00   -0.3065170E+02    0.7919080E+03    0.7410376E+02   -0.6356753E+02   -0.8066757E+02    0.1651200E+02   -0.4040063E+01    0.3423474E+01   -0.1019323E+02   -0.1559793E+02   -0.9411102E-03   -0.8204709E-03   -0.1421366E-02    0.1234222E-02    0.5697918E-02   -0.2667989E-01   -0.1170670E-01   -0.6277366E-02   -0.3815777E-01    0.8197832E-02    0.3294862E-02   -0.6849102E-01    0.6463062E-02    0.5346024E-02
   -0.7524799E-04    0.7727066E-03   -0.2455886E-04   -0.3656335E-02   -0.4974935E-03   -0.7559904E-02   -0.1521489E-01    0.3129081E-01    0.6445569E-03    0.1246967E+01    0.1012918E+01   -0.4104228E+01    0.7410376E+02    0.6377326E+02    0.4491748E+02    0.1750675E+02   -0.3792989E+01   -0.2053849E+00   -0.9729515E+00    0.4480786E+01    0.4365890E+01   -0.3140958E-03    0.4675007E-04   -0.1628576E-02    0.3995903E-03    0.8075212E-03   -0.1341223E-02    0.9398667E-03    0.1079831E-03    0.4841655E-02    0.3822909E-02   -0.3586432E-02    0.3977855E-02    0.2637415E-03    0.2968285E-03
   -0.9047081E-05    0.2600749E-03   -0.4312675E-04    0.5026971E-02    0.1362870E-01    0.4096559E-02    0.8283310E-03    0.1348433E-01    0.4889031E-03   -0.2273578E+02    0.1899470E+01    0.7950137E+01   -0.6356753E+02    0.4491748E+02    0.1005771E+03    0.6986024E+02   -0.1267196E+02   -0.5392471E+00   -0.7149379E+00    0.5114701E+01    0.6178639E+01    0.2310685E-03    0.2273998E-03   -0.9945349E-03    0.3067845E-03    0.9835607E-03    0.5795619E-02    0.1449716E-04    0.2179493E-02    0.1798178E-01    0.5755236E-02   -0.1690277E-03    0.9237640E-02    0.8176712E-03   -0.2675910E-02
    0.2054710E-04    0.8680332E-04   -0.5492033E-04    0.8494583E-02    0.2092857E-01    0.7480609E-02    0.8027851E-02   -0.7010608E-02    0.9806530E-03   -0.6302149E+02    0.8259167E+00    0.7293528E+01   -0.8066757E+02    0.1750675E+02    0.6986024E+02    0.1247227E+03   -0.1152549E+02   -0.2794717E+00   -0.8804559E+00   -0.2213068E-01    0.1632113E+02    0.4453814E-03    0.1541008E-04   -0.1674736E-03    0.1332567E-03    0.4370960E-02   -0.6301722E-02    0.2181199E-02    0.3385134E-02    0.1822143E-01    0.5317257E-02    0.1017619E-01    0.2527896E-01    0.6520409E-03   -0.7782959E-02
   -0.1342529E-04    0.7347049E-04   -0.3522510E-06   -0.2572916E-02   -0.4928830E-02   -0.3046949E-02   -0.3746290E-02    0.5004838E-02    0.3687092E-04    0.1098009E+01    0.6169658E-01   -0.2932838E+01    0.1651200E+02   -0.3792989E+01   -0.1267196E+02   -0.1152549E+02    0.6476480E+01    0.1271698E+00   -0.4207499E-01   -0.1989516E+01   -0.1819719E+01   -0.1222110E-03    0.5799978E-04   -0.1657146E-03    0.9233931E-04   -0.1535118E-02   -0.1083442E-02   -0.1094692E-02   -0.7186052E-03   -0.2104097E-02   -0.1244276E-02   -0.1446039E-02   -0.4544506E-02   -0.1049237E-03    0.2612778E-03
    0.1885122E-05   -0.2621801E-04    0.2834185E-05   -0.9018578E-04   -0.3806708E-03    0.2341544E-03   -0.4274109E-03   -0.8560451E-03    0.8199851E-05   -0.4226194E-01   -0.8241020E-02   -0.1367825E+00   -0.4040063E+01   -0.2053849E+00   -0.5392471E+00   -0.2794717E+00    0.1271698E+00    0.3569431E+01    0.4398230E+00    0.1236499E+00    0.2857080E+00    0.1087310E-03    0.3318020E-04    0.8227496E-03    0.8190048E-04    0.1509139E-03    0.8774340E-03    0.9262468E-03    0.1027648E-03   -0.1674380E-03   -0.1255850E-02   -0.9849684E-05    0.4457229E-02    0.2962960E-03   -0.1653280E-04
   -0.4986315E-05   -0.1037026E-04   -0.4566846E-05   -0.7799158E-03   -0.2132652E-02   -0.2120020E-03   -0.1740245E-03   -0.7037430E-03   -0.1857308E-04    0.3278438E+00    0.8647099E-03   -0.7079872E-02    0.3423474E+01   -0.9729515E+00   -0.7149379E+00   -0.8804559E+00   -0.4207499E-01    0.4398230E+00    0.3328977E+01    0.2587302E+01    0.1727679E+01   -0.1288325E-03   -0.4458102E-04   -0.9482876E-04   -0.5062317E-04    0.4684306E-03   -0.1035330E-02    0.1257037E-02    0.8853254E-03    0.3718800E-03   -0.1145614E-02    0.2671346E-02    0.5094072E-02   -0.2924294E-03   -0.1578359E-03
   -0.1683836E-04    0.2623815E-04    0.4207469E-05   -0.3646833E-02   -0.7586265E-02   -0.6773523E-03    0.4764030E-04    0.1948797E-02    0.5197874E-04   -0.2131114E+01    0.9630700E-01    0.2290834E+01   -0.1019323E+02    0.4480786E+01    0.5114701E+01   -0.2213068E-01   -0.1989516E+01    0.1236499E+00    0.2587302E+01    0.1743613E+02    0.2613368E+02   -0.3527136E-03   -0.2766575E-03   -0.1068087E-02   -0.1236228E-03   -0.7573893E-03   -0.1909292E-02    0.1959131E-02   -0.2613598E-03    0.2028808E-02   -0.3544148E-02   -0.2189450E-02    0.4005481E-02   -0.1714442E-04    0.2568403E-02
   -0.1928352E-04    0.7176777E-04   -0.2730906E-05   -0.4690291E-02   -0.8227211E-02    0.3079332E-03    0.2617281E-02   -0.3359486E-02    0.7694097E-03   -0.1927323E+02    0.1105082E+00    0.2130617E+01   -0.1559793E+02    0.4365890E+01    0.6178639E+01    0.1632113E+02   -0.1819719E+01    0.2857080E+00    0.1727679E+01    0.2613368E+02    0.5557804E+02   -0.4751646E-03   -0.5950965E-03   -0.3373188E-02   -0.3218187E-03    0.8204350E-03   -0.5218222E-03    0.1838172E-02   -0.6041861E-03    0.4608077E-02   -0.3346920E-02   -0.4317189E-02    0.6881225E-02    0.8971818E-04    0.4589282E-02
    0.5712840E-07   -0.3789254E-06    0.1405838E-08    0.5407854E-05    0.1154037E-04    0.1959537E-05   -0.3013045E-05   -0.1836891E-04    0.7080790E-06    0.6965564E-04   -0.2084914E-06    0.8401150E-04   -0.9411102E-03   -0.3140958E-03    0.2310685E-03    0.4453814E-03   -0.1222110E-03    0.1087310E-03   -0.1288325E-03   -0.3527136E-03   -0.4751646E-03    0.3212309E-04    0.8999418E-05    0.1200210E-05    0.3705468E-05    0.1222350E-05    0.1772712E-05   -0.3709008E-05   -0.1199797E-05   -0.1680905E-05    0.2201506E-05   -0.3488266E-06    0.2442551E-05    0.2146277E-08   -0.7921165E-07
    0.6105507E-07   -0.3954254E-06    0.2496587E-07    0.6266821E-05    0.1272070E-04    0.1845789E-05   -0.4003448E-05   -0.1759941E-04    0.4183915E-06    0.3611068E-03    0.7941228E-05   -0.7867406E-05   -0.8204709E-03    0.4675007E-04    0.2273998E-03    0.1541008E-04    0.5799978E-04    0.3318020E-04   -0.4458102E-04   -0.2766575E-03   -0.5950965E-03    0.8999418E-05    0.2500003E-04    0.1456291E-05    0.1329072E-04    0.6976638E-06    0.7217405E-05   -0.5461419E-05   -0.1799110E-05   -0.3836827E-05   -0.3128206E-05    0.9765126E-06   -0.2433545E-05   -0.8652322E-07   -0.2843172E-07
   -0.4637077E-07   -0.1146229E-06    0.3491507E-07    0.3747267E-05    0.1754766E-05    0.6720281E-06    0.6450618E-06    0.3389120E-05   -0.1812155E-05    0.7852263E-03   -0.1402957E-03    0.4181123E-03   -0.1421366E-02   -0.1628576E-02   -0.9945349E-03   -0.1674736E-03   -0.1657146E-03    0.8227496E-03   -0.9482876E-04   -0.1068087E-02   -0.3373188E-02    0.1200210E-05    0.1456291E-05    0.1049842E-02    0.1350109E-05    0.6875966E-05    0.2594531E-04    0.7327059E-05    0.5117954E-05   -0.1775148E-04   -0.9463168E-05   -0.3860705E-04   -0.6974468E-04    0.2166768E-06   -0.5719092E-06
    0.5867110E-07   -0.3946880E-06    0.3614304E-07    0.5549237E-05    0.1205400E-04    0.1781500E-05   -0.4458472E-05   -0.1657865E-04    0.7725013E-06    0.4258115E-03   -0.1758417E-06    0.1530018E-04    0.1234222E-02    0.3995903E-03    0.3067845E-03    0.1332567E-03    0.9233931E-04    0.8190048E-04   -0.5062317E-04   -0.1236228E-03   -0.3218187E-03    0.3705468E-05    0.1329072E-04    0.1350109E-05    0.4730182E-04   -0.3251779E-05   -0.1617951E-05   -0.2325465E-05   -0.3227814E-05    0.3648128E-06   -0.1209693E-05    0.3766706E-05    0.1491513E-05   -0.1091373E-06   -0.1775758E-07
    0.1517528E-06   -0.8327793E-06   -0.6077122E-07    0.7426864E-05    0.1196742E-04    0.3950560E-05    0.1601162E-05    0.3913686E-04   -0.1142690E-06   -0.2388411E-02    0.1752098E-04   -0.3128974E-03    0.5697918E-02    0.8075212E-03    0.9835607E-03    0.4370960E-02   -0.1535118E-02    0.1509139E-03    0.4684306E-03   -0.7573893E-03    0.8204350E-03    0.1222350E-05    0.6976638E-06    0.6875966E-05   -0.3251779E-05    0.2177078E-02    0.1314743E-03   -0.1723815E-04    0.3228644E-05    0.3623520E-04    0.3514212E-05    0.5893670E-04    0.1389635E-03   -0.1836954E-06    0.2681790E-06
    0.6688971E-07    0.2664910E-06   -0.3582754E-06   -0.3561153E-04   -0.6050051E-04    0.3872761E-05    0.1701270E-04   -0.6569473E-05    0.7961072E-05    0.1941130E-02    0.3931494E-03    0.4052987E-03   -0.2667989E-01   -0.1341223E-02    0.5795619E-02   -0.6301722E-02   -0.1083442E-02    0.8774340E-03   -0.1035330E-02   -0.1909292E-02   -0.5218222E-03    0.1772712E-05    0.7217405E-05    0.2594531E-04   -0.1617951E-05    0.1314743E-03    0.1653242E-01   -0.1198724E-04   -0.3438980E-05   -0.1404957E-03   -0.5044680E-04   -0.5051405E-04    0.2021529E-03   -0.1205466E-05   -0.2612536E-06
   -0.4170233E-07    0.3987876E-06   -0.9684781E-07   -0.4425567E-05   -0.8809134E-05   -0.5976596E-06   -0.3952937E-05    0.6240959E-04   -0.7098032E-06   -0.5085888E-03   -0.1021756E-03    0.4690074E-03   -0.1170670E-01    0.9398667E-03    0.1449716E-04    0.2181199E-02   -0.1094692E-02    0.9262468E-03    0.1257037E-02    0.1959131E-02    0.1838172E-02   -0.3709008E-05   -0.5461419E-05    0.7327059E-05   -0.2325465E-05   -0.1723815E-04   -0.1198724E-04    0.1410996E-02    0.3059462E-03    0.4596181E-04   -0.3539764E-03   -0.4022558E-04   -0.2100789E-03   -0.6950428E-07   -0.5423501E-06
   -0.5293649E-07    0.3123031E-06   -0.1973104E-06   -0.1016535E-04   -0.1776278E-04   -0.1495255E-05   -0.2785787E-05    0.3128069E-04    0.7223728E-06   -0.3996758E-03   -0.6684080E-04    0.5106555E-03   -0.6277366E-02    0.1079831E-03    0.2179493E-02    0.3385134E-02   -0.7186052E-03    0.1027648E-03    0.8853254E-03   -0.2613598E-03   -0.6041861E-03   -0.1199797E-05   -0.1799110E-05    0.5117954E-05   -0.3227814E-05    0.3228644E-05   -0.3438980E-05    0.3059462E-03    0.8626064E-03    0.2357285E-04    0.7341519E-03    0.2264684E-04   -0.7314056E-03   -0.1931256E-06   -0.5485430E-06
   -0.1292039E-06    0.8276959E-06   -0.4222847E-06   -0.5566339E-05   -0.8690813E-05   -0.2606746E-05    0.2795571E-05   -0.5760655E-04    0.1004303E-05   -0.7375760E-02    0.1702297E-03    0.3098828E-02   -0.3815777E-01    0.4841655E-02    0.1798178E-01    0.1822143E-01   -0.2104097E-02   -0.1674380E-03    0.3718800E-03    0.2028808E-02    0.4608077E-02   -0.1680905E-05   -0.3836827E-05   -0.1775148E-04    0.3648128E-06    0.3623520E-04   -0.1404957E-03    0.4596181E-04    0.2357285E-04    0.7151250E-02   -0.2614850E-03    0.8499235E-03    0.4771932E-02    0.2549726E-07   -0.1572414E-05
   -0.1331824E-06    0.4079976E-06   -0.3783840E-06   -0.1456678E-04   -0.2396389E-04   -0.2274166E-05   -0.1385207E-05    0.7105988E-04    0.1592278E-05    0.8434905E-03   -0.6554686E-04   -0.6824992E-04    0.8197832E-02    0.3822909E-02    0.5755236E-02    0.5317257E-02   -0.1244276E-02   -0.1255850E-02   -0.1145614E-02   -0.3544148E-02   -0.3346920E-02    0.2201506E-05   -0.3128206E-05   -0.9463168E-05   -0.1209693E-05    0.3514212E-05   -0.5044680E-04   -0.3539764E-03    0.7341519E-03   -0.2614850E-03    0.2802737E-02    0.3945716E-03   -0.1022193E-02    0.6827914E-06   -0.2671712E-06
   -0.6870123E-06    0.2521038E-05   -0.3579560E-06   -0.2297354E-04   -0.5606335E-04   -0.3581949E-05    0.1326643E-04   -0.5380869E-04   -0.5167167E-05   -0.3699800E-02   -0.1988535E-03    0.1799959E-03    0.3294862E-02   -0.3586432E-02   -0.1690277E-03    0.1017619E-01   -0.1446039E-02   -0.9849684E-05    0.2671346E-02   -0.2189450E-02   -0.4317189E-02   -0.3488266E-06    0.9765126E-06   -0.3860705E-04    0.3766706E-05    0.5893670E-04   -0.5051405E-04   -0.4022558E-04    0.2264684E-04    0.8499235E-03    0.3945716E-03    0.6404962E-02    0.7390943E-02    0.2229755E-06   -0.1575530E-05
   -0.2593487E-05    0.1081346E-04   -0.2260416E-05   -0.8673994E-04   -0.1349374E-03   -0.1651245E-04    0.6676927E-04   -0.9358827E-04    0.1840162E-04   -0.1000162E-01    0.1302505E-03    0.2002493E-02   -0.6849102E-01    0.3977855E-02    0.9237640E-02    0.2527896E-01   -0.4544506E-02    0.4457229E-02    0.5094072E-02    0.4005481E-02    0.6881225E-02    0.2442551E-05   -0.2433545E-05   -0.6974468E-04    0.1491513E-05    0.1389635E-03    0.2021529E-03   -0.2100789E-03   -0.7314056E-03    0.4771932E-02   -0.1022193E-02    0.7390943E-02    0.6469847E-01   -0.1125912E-05   -0.4540462E-05
    0.3244000E-08    0.6998891E-08    0.1962700E-08    0.1107034E-06    0.4653806E-06   -0.1807930E-06   -0.1406441E-06    0.1758993E-06   -0.2290507E-07   -0.2449894E-03    0.1010312E-04    0.1604532E-03    0.6463062E-02    0.2637415E-03    0.8176712E-03    0.6520409E-03   -0.1049237E-03    0.2962960E-03   -0.2924294E-03   -0.1714442E-04    0.8971818E-04    0.2146277E-08   -0.8652322E-07    0.2166768E-06   -0.1091373E-06   -0.1836954E-06   -0.1205466E-05   -0.6950428E-07   -0.1931256E-06    0.2549726E-07    0.6827914E-06    0.2229755E-06   -0.1125912E-05    0.6046414E-06    0.9927835E-08
   -0.3428211E-08    0.4062397E-07    0.3624461E-08   -0.1268709E-05   -0.2360123E-05   -0.5948774E-06   -0.8075481E-06    0.1524071E-05   -0.2548504E-08    0.4426163E-02   -0.2033036E-04   -0.3991307E-03    0.5346024E-02    0.2968285E-03   -0.2675910E-02   -0.7782959E-02    0.2612778E-03   -0.1653280E-04   -0.1578359E-03    0.2568403E-02    0.4589282E-02   -0.7921165E-07   -0.2843172E-07   -0.5719092E-06   -0.1775758E-07    0.2681790E-06   -0.2612536E-06   -0.5423501E-06   -0.5485430E-06   -0.1572414E-05   -0.2671712E-06   -0.1575530E-05   -0.4540462E-05    0.9927835E-08    0.2104746E-05
