# omegabh2 omegach2 theta tau logA ns calPlanck aps100 aps143 aps217 acib217 asz143 psr cibr xi aksz dust100 dust143 dust217 dust143x217 cal0 cal2 calTE calEE
  3.2483519E-08  -1.7280802E-07   2.5554308E-08   2.3789052E-06   4.4162936E-06   5.9435505E-07   8.2409981E-09  -7.1941386E-04  -4.3998390E-04   1.5453662E-04  -2.2263496E-04   2.5099400E-05   1.5942588E-06  -3.0733148E-06   2.0090625E-06  -5.7129277E-05  -7.3272499E-07  -1.1916435E-06   9.2285138E-07  -1.2690027E-06   3.1964296E-09  -1.6101188E-08  -2.4662976E-07  -3.1312352E-07
 -1.7280802E-07   2.3345773E-06  -2.1995715E-07  -2.0665392E-05  -3.5735511E-05  -6.3105281E-06  -7.5708886E-09   3.6656982E-03   2.3391682E-03  -4.8120011E-04   1.0394306E-03  -1.2999513E-04  -6.9162599E-06   1.3578936E-05  -9.3133697E-06   2.4706502E-04   6.8735339E-06   5.1555532E-06  -5.2124145E-06   4.5071781E-06  -2.1694351E-08   4.9205337E-08   1.1493638E-06  -7.4177143E-09
  2.5554308E-08  -2.1995715E-07   1.0744257E-07   2.3212052E-06   4.2328061E-06   7.2060477E-07   1.3888253E-08  -3.0268584E-04  -2.6687123E-04   1.9112394E-05  -9.2012293E-05   1.4672360E-05   6.9779836E-07  -2.0637939E-06  -3.7077564E-08  -3.0995998E-05  -7.6213289E-07  -1.9543934E-07   4.2261046E-07  -1.5209599E-07   1.8474248E-09  -4.4777292E-09  -1.6754258E-07  -2.1069662E-08
  2.3789052E-06  -2.0665392E-05   2.3212052E-06   6.4818797E-04   1.2365563E-03   8.2671207E-05  -3.7204407E-06  -1.1206038E-01  -5.5929441E-02   2.5384355E-02  -3.0580724E-02   3.3222716E-03   2.7024536E-04  -5.5175955E-04   3.0125607E-04  -8.2863468E-03  -2.1348259E-04  -1.9470665E-04   1.0046518E-04  -1.3491433E-04  -3.5864776E-07  -2.5421585E-06  -5.0847401E-05  -2.5754817E-05
  4.4162936E-06  -3.5735511E-05   4.2328061E-06   1.2365563E-03   2.3945577E-03   1.4831040E-04   4.4299745E-06  -2.0945071E-01  -1.0388761E-01   5.8529793E-02  -6.0278843E-02   6.4229089E-03   5.5988874E-04  -1.1318927E-03   6.1920202E-04  -1.6990584E-02  -4.2117228E-04  -4.7374607E-04   2.0876054E-04  -2.8316921E-04  -4.0624391E-08  -5.1525250E-06  -9.8193104E-05  -4.9030291E-05
  5.9435505E-07  -6.3105281E-06   7.2060477E-07   8.2671207E-05   1.4831040E-04   2.8178314E-05  -3.9376857E-08  -3.4957181E-02  -1.4241409E-02   1.0566463E-02  -9.3943586E-03   8.7745792E-04   8.4040979E-05  -1.5271825E-04   8.9924091E-05  -2.6511738E-03  -1.5433161E-05  -4.1377776E-05   4.6552298E-05  -2.8950661E-05  -2.9113775E-07  -5.1430519E-07  -5.7122004E-06  -5.4278259E-06
  8.2409981E-09  -7.5708886E-09   1.3888253E-08  -3.7204407E-06   4.4299745E-06  -3.9376857E-08   5.9043442E-06   3.1596567E-03   7.2000738E-04   1.9698597E-03   2.2073504E-04   1.7878394E-05   4.6979239E-06  -7.8735718E-06  -1.0976055E-06  -4.4955749E-05   2.4869042E-06   6.7375243E-07   7.4501665E-06   7.5371068E-08   3.0506950E-08  -9.7968250E-08   1.0426918E-08  -6.4621796E-08
 -7.1941386E-04   3.6656982E-03  -3.0268584E-04  -1.1206038E-01  -2.0945071E-01  -3.4957181E-02   3.1596567E-03   6.3040565E+02   6.6438051E+01  -5.9558224E+01   3.5029321E+01  -2.5702662E+01  -9.2730973E-01  -1.9412580E-01  -4.2580673E-01   1.1511454E+01  -1.1844587E-01   3.2163523E-01  -2.6450344E-01  -1.1383335E-01   6.7246363E-03   3.1336757E-03   9.0788387E-03   1.1916619E-02
 -4.3998390E-04   2.3391682E-03  -2.6687123E-04  -5.5929441E-02  -1.0388761E-01  -1.4241409E-02   7.2000738E-04   6.6438051E+01   7.2493843E+01   8.6880404E+00   8.2234020E+00  -5.5199056E-01  -8.2662532E-02   4.9757775E-01   8.8928699E-01  -7.9654722E+00   5.8035598E-04  -2.2776525E-01   5.0870844E-02   7.9734407E-02   9.9356677E-04   8.6345143E-04   6.1028825E-03   7.0103794E-03
  1.5453662E-04  -4.8120011E-04   1.9112394E-05   2.5384355E-02   5.8529793E-02   1.0566463E-02   1.9698597E-03  -5.9558224E+01   8.6880404E+00   1.7328660E+02  -8.1442499E+01   3.3794222E+00   3.0082914E-01  -9.5234513E-01   3.8106661E-01  -8.2326251E+00  -5.1439154E-02  -2.7053271E-01   5.4835774E-01  -9.7161139E-02   1.8377165E-03  -7.6569682E-03   1.6279394E-03   1.4706452E-03
 -2.2263496E-04   1.0394306E-03  -9.2012293E-05  -3.0580724E-02  -6.0278843E-02  -9.3943586E-03   2.2073504E-04   3.5029321E+01   8.2234020E+00  -8.1442499E+01   5.0775953E+01   1.0333983E+00  -2.8571123E-02   6.8150564E-01  -2.6569162E-01  -1.7406444E+00   3.9031881E-02   1.5568403E-01  -4.4329201E-01  -6.4296420E-02  -5.8225525E-04   3.1047056E-03   1.0792797E-03   1.3603038E-03
  2.5099400E-05  -1.2999513E-04   1.4672360E-05   3.3222716E-03   6.4229089E-03   8.7745792E-04   1.7878394E-05  -2.5702662E+01  -5.5199056E-01   3.3794222E+00   1.0333983E+00   4.2436211E+00   1.0668591E-01   1.5681224E-01  -1.8026781E-02  -3.3411383E+00  -5.7718905E-03  -5.1876941E-03   1.3508631E-02   5.1201717E-02   4.4686418E-04  -2.5255908E-04  -3.5896147E-04  -3.5124093E-04
  1.5942588E-06  -6.9162599E-06   6.9779836E-07   2.7024536E-04   5.5988874E-04   8.4040979E-05   4.6979239E-06  -9.2730973E-01  -8.2662532E-02   3.0082914E-01  -2.8571123E-02   1.0668591E-01   1.7261092E-02  -1.6852729E-02   1.2214012E-02  -9.8557226E-02  -4.4140218E-04  -9.0457735E-04  -2.9988227E-03   4.7083095E-03   1.5729439E-05  -3.9042045E-05  -9.1600270E-06  -3.4281733E-06
 -3.0733148E-06   1.3578936E-05  -2.0637939E-06  -5.5175955E-04  -1.1318927E-03  -1.5271825E-04  -7.8735718E-06  -1.9412580E-01   4.9757775E-01  -9.5234513E-01   6.8150564E-01   1.5681224E-01  -1.6852729E-02   7.0737064E-02   4.7469224E-03  -1.5734991E-01   1.2469293E-03   6.8160721E-03   3.2120772E-04  -1.6942043E-02  -5.1884999E-06   9.7102141E-05   2.0229911E-05  -2.8267343E-06
  2.0090625E-06  -9.3133697E-06  -3.7077564E-08   3.0125607E-04   6.1920202E-04   8.9924091E-05  -1.0976055E-06  -4.2580673E-01   8.8928699E-01   3.8106661E-01  -2.6569162E-01  -1.8026781E-02   1.2214012E-02   4.7469224E-03   8.4042709E-02   1.6880134E-02   9.8917793E-05   9.4408518E-05   1.1743122E-03   1.0126359E-03   1.6433523E-05  -1.5032346E-05  -5.4080696E-07   4.8231438E-06
 -5.7129277E-05   2.4706502E-04  -3.0995998E-05  -8.2863468E-03  -1.6990584E-02  -2.6511738E-03  -4.4955749E-05   1.1511454E+01  -7.9654722E+00  -8.2326251E+00  -1.7406444E+00  -3.3411383E+00  -9.8557226E-02  -1.5734991E-01   1.6880134E-02   7.0791775E+00   3.2072206E-03   5.4671853E-03  -9.3769860E-03  -4.0117021E-02  -3.8854097E-04   7.8666374E-05   3.5941412E-04   2.7853647E-04
 -7.3272499E-07   6.8735339E-06  -7.6213289E-07  -2.1348259E-04  -4.2117228E-04  -1.5433161E-05   2.4869042E-06  -1.1844587E-01   5.8035598E-04  -5.1439154E-02   3.9031881E-02  -5.7718905E-03  -4.4140218E-04   1.2469293E-03   9.8917793E-05   3.2072206E-03   3.8203409E-02   2.5570197E-03  -2.7741432E-04   9.1376337E-05   3.5922388E-05  -7.0320142E-07  -1.0108272E-06  -9.4672313E-06
 -1.1916435E-06   5.1555532E-06  -1.9543934E-07  -1.9470665E-04  -4.7374607E-04  -4.1377776E-05   6.7375243E-07   3.2163523E-01  -2.2776525E-01  -2.7053271E-01   1.5568403E-01  -5.1876941E-03  -9.0457735E-04   6.8160721E-03   9.4408518E-05   5.4671853E-03   2.5570197E-03   3.0888456E-02  -5.3668581E-04   5.7578080E-03  -8.2662264E-05  -4.3129857E-05  -6.8728325E-05  -7.3006115E-05
  9.2285138E-07  -5.2124145E-06   4.2261046E-07   1.0046518E-04   2.0876054E-04   4.6552298E-05   7.4501665E-06  -2.6450344E-01   5.0870844E-02   5.4835774E-01  -4.4329201E-01   1.3508631E-02  -2.9988227E-03   3.2120772E-04   1.1743122E-03  -9.3769860E-03  -2.7741432E-04  -5.3668581E-04   1.0817775E-02   8.3610575E-03   3.5392661E-06   6.5561179E-05  -3.8215176E-06  -4.4516237E-06
 -1.2690027E-06   4.5071781E-06  -1.5209599E-07  -1.3491433E-04  -2.8316921E-04  -2.8950661E-05   7.5371068E-08  -1.1383335E-01   7.9734407E-02  -9.7161139E-02  -6.4296420E-02   5.1201717E-02   4.7083095E-03  -1.6942043E-02   1.0126359E-03  -4.0117021E-02   9.1376337E-05   5.7578080E-03   8.3610575E-03   2.6271127E-02  -6.7673331E-06   6.4951154E-05  -2.1273279E-05   5.0595720E-06
  3.1964296E-09  -2.1694351E-08   1.8474248E-09  -3.5864776E-07  -4.0624391E-08  -2.9113775E-07   3.0506950E-08   6.7246363E-03   9.9356677E-04   1.8377165E-03  -5.8225525E-04   4.4686418E-04   1.5729439E-05  -5.1884999E-06   1.6433523E-05  -3.8854097E-04   3.5922388E-05  -8.2662264E-05   3.5392661E-06  -6.7673331E-06   1.1213680E-06   3.0931127E-08   4.1000869E-07   6.3577303E-07
 -1.6101188E-08   4.9205337E-08  -4.4777292E-09  -2.5421585E-06  -5.1525250E-06  -5.1430519E-07  -9.7968250E-08   3.1336757E-03   8.6345143E-04  -7.6569682E-03   3.1047056E-03  -2.5255908E-04  -3.9042045E-05   9.7102141E-05  -1.5032346E-05   7.8666374E-05  -7.0320142E-07  -4.3129857E-05   6.5561179E-05   6.4951154E-05   3.0931127E-08   2.5210882E-06   3.3305360E-07   2.8202367E-07
 -2.4662976E-07   1.1493638E-06  -1.6754258E-07  -5.0847401E-05  -9.8193104E-05  -5.7122004E-06   1.0426918E-08   9.0788387E-03   6.1028825E-03   1.6279394E-03   1.0792797E-03  -3.5896147E-04  -9.1600270E-06   2.0229911E-05  -5.4080696E-07   3.5941412E-04  -1.0108272E-06  -6.8728325E-05  -3.8215176E-06  -2.1273279E-05   4.1000869E-07   3.3305360E-07   2.7481066E-05   9.8496017E-06
 -3.1312352E-07  -7.4177143E-09  -2.1069662E-08  -2.5754817E-05  -4.9030291E-05  -5.4278259E-06  -6.4621796E-08   1.1916619E-02   7.0103794E-03   1.4706452E-03   1.3603038E-03  -3.5124093E-04  -3.4281733E-06  -2.8267343E-06   4.8231438E-06   2.7853647E-04  -9.4672313E-06  -7.3006115E-05  -4.4516237E-06   5.0595720E-06   6.3577303E-07   2.8202367E-07   9.8496017E-06   2.4664558E-05
