# omegabh2 omegach2 theta tau mnu logA ns calPlanck acib217 xi asz143 aps100 aps143 aps143217 aps217 aksz kgal100 kgal143 kgal143217 kgal217 cal0 cal2
    0.3942227E-07   -0.6792668E-07    0.2547050E-07    0.3761064E-06    0.8887235E-06    0.7493887E-06    0.3077802E-06    0.2989911E-07   -0.1453514E-03    0.3664197E-05    0.4825329E-04   -0.6227526E-03   -0.4000588E-03   -0.9808924E-04   -0.2363185E-04   -0.6233172E-04    0.2254343E-05    0.1369484E-04    0.3094246E-04    0.8101621E-04    0.7177525E-08   -0.3020722E-08
   -0.6792668E-07    0.1942358E-05   -0.1088707E-06   -0.4511429E-05   -0.3740094E-04   -0.4344395E-05   -0.4400737E-05   -0.9403449E-07    0.1995803E-03   -0.8009518E-05    0.3594261E-04   -0.3774852E-03    0.4580418E-03    0.4889029E-03    0.2367318E-03   -0.5260223E-04   -0.2063155E-04    0.6411739E-05   -0.1115481E-04   -0.9729957E-04   -0.1765913E-07    0.2025009E-07
    0.2547050E-07   -0.1088707E-06    0.1778259E-06    0.5862151E-06    0.2745060E-05    0.1130739E-05    0.5024891E-06    0.9734740E-08   -0.5734408E-04   -0.4418491E-05    0.1720510E-04   -0.3049751E-03   -0.1506757E-03   -0.1128344E-03    0.1914397E-04   -0.2472403E-04   -0.1452189E-04   -0.1238432E-04    0.1964765E-05    0.6889424E-04   -0.3101628E-08    0.6779124E-08
    0.3761064E-06   -0.4511429E-05    0.5862151E-06    0.1349997E-03    0.1303272E-03    0.2583169E-03    0.1860018E-04   -0.1523208E-06   -0.6207746E-02    0.1192033E-03    0.9517667E-03   -0.2419152E-01   -0.1019663E-01   -0.2957649E-03    0.5258093E-02   -0.1929216E-02    0.7514425E-03   -0.7551997E-03   -0.1636405E-02   -0.2342683E-03    0.1350652E-06   -0.4759501E-06
    0.8887235E-06   -0.3740094E-04    0.2745060E-05    0.1303272E-03    0.3788730E-02    0.1715712E-03    0.8427504E-04    0.5712049E-05    0.5581630E-03    0.2553608E-03   -0.3647859E-02    0.4468689E-01    0.1254940E-01   -0.2203528E-03   -0.2367763E-02    0.3866485E-02   -0.2500867E-02   -0.5960543E-03   -0.3601315E-04    0.3576746E-02   -0.9510558E-06    0.4754057E-06
    0.7493887E-06   -0.4344395E-05    0.1130739E-05    0.2583169E-03    0.1715712E-03    0.5344445E-03    0.2500807E-04    0.1189332E-04   -0.1363757E-01    0.3077567E-03    0.1960028E-02   -0.4775721E-01   -0.1887676E-01    0.3672099E-02    0.1830706E-01   -0.5023797E-02    0.1388393E-02   -0.1982141E-02   -0.3707561E-02    0.1468692E-02    0.5480137E-06   -0.1145502E-05
    0.3077802E-06   -0.4400737E-05    0.5024891E-06    0.1860018E-04    0.8427504E-04    0.2500807E-04    0.2092578E-04    0.2734851E-06   -0.5055120E-02    0.1329217E-03    0.1089847E-02   -0.2187450E-01   -0.6968968E-02    0.2460917E-02    0.5701294E-02   -0.2380203E-02    0.3421438E-03   -0.2839980E-03   -0.4640000E-03    0.9195633E-03   -0.4543558E-07   -0.2678918E-06
    0.2989911E-07   -0.9403449E-07    0.9734740E-08   -0.1523208E-06    0.5712049E-05    0.1189332E-04    0.2734851E-06    0.6062863E-05    0.3443292E-03    0.1560397E-04   -0.1143356E-03    0.3355171E-02   -0.1223899E-03   -0.1147351E-03    0.1131617E-02    0.1294025E-03    0.1229845E-03    0.6367061E-04    0.1712559E-04    0.1039712E-02    0.1355434E-07   -0.3868837E-07
   -0.1453514E-03    0.1995803E-03   -0.5734408E-04   -0.6207746E-02    0.5581630E-03   -0.1363757E-01   -0.5055120E-02    0.3443292E-03    0.4321270E+02   -0.4725471E+00   -0.1965102E+01    0.4613309E+02    0.7539471E+00   -0.2243723E+02   -0.6233238E+02    0.9716523E+00   -0.2376996E-01    0.2627614E-01   -0.1908142E+01   -0.1840154E+02   -0.2573958E-03    0.4094580E-02
    0.3664197E-05   -0.8009518E-05   -0.4418491E-05    0.1192033E-03    0.2553608E-03    0.3077567E-03    0.1329217E-03    0.1560397E-04   -0.4725471E+00    0.8256328E-01   -0.7319561E-01   -0.5326147E+00    0.1027873E+01    0.1918174E+01    0.7611028E+00    0.4375469E-01    0.6406601E-02    0.1477464E-01    0.1104294E+00    0.1500527E+00    0.4292781E-05   -0.5793417E-05
    0.4825329E-04    0.3594261E-04    0.1720510E-04    0.9517667E-03   -0.3647859E-02    0.1960028E-02    0.1089847E-02   -0.1143356E-03   -0.1965102E+01   -0.7319561E-01    0.3791284E+01   -0.2953447E+02   -0.4115205E+01    0.7851205E+01    0.7228813E+01   -0.2714955E+01   -0.2160437E+00   -0.6392461E-01    0.2330479E+01    0.2291241E+01    0.2476355E-03   -0.3418408E-03
   -0.6227526E-03   -0.3774852E-03   -0.3049751E-03   -0.2419152E-01    0.4468689E-01   -0.4775721E-01   -0.2187450E-01    0.3355171E-02    0.4613309E+02   -0.5326147E+00   -0.2953447E+02    0.7552633E+03    0.6642965E+02   -0.6644700E+02   -0.8138651E+02    0.1389537E+02   -0.1541227E+01    0.3831706E+01   -0.1235956E+02   -0.1993171E+02    0.5607706E-02    0.3796767E-02
   -0.4000588E-03    0.4580418E-03   -0.1506757E-03   -0.1019663E-01    0.1254940E-01   -0.1887676E-01   -0.6968968E-02   -0.1223899E-03    0.7539471E+00    0.1027873E+01   -0.4115205E+01    0.6642965E+02    0.6264256E+02    0.4556552E+02    0.1791577E+02   -0.4636820E+01   -0.2872033E+00   -0.1210138E+01    0.2596656E+01    0.2394145E+01    0.1899671E-04    0.1406486E-03
   -0.9808924E-04    0.4889029E-03   -0.1128344E-03   -0.2957649E-03   -0.2203528E-03    0.3672099E-02    0.2460917E-02   -0.1147351E-03   -0.2243723E+02    0.1918174E+01    0.7851205E+01   -0.6644700E+02    0.4556552E+02    0.1025456E+03    0.7120393E+02   -0.1307744E+02   -0.6378249E+00   -0.9069990E+00    0.3810799E+01    0.5561929E+01    0.8605353E-03   -0.2413029E-02
   -0.2363185E-04    0.2367318E-03    0.1914397E-04    0.5258093E-02   -0.2367763E-02    0.1830706E-01    0.5701294E-02    0.1131617E-02   -0.6233238E+02    0.7611028E+00    0.7228813E+01   -0.8138651E+02    0.1791577E+02    0.7120393E+02    0.1274144E+03   -0.1168736E+02   -0.2905717E+00   -0.7875809E+00   -0.1670609E+01    0.1408984E+02    0.7729272E-03   -0.7595105E-02
   -0.6233172E-04   -0.5260223E-04   -0.2472403E-04   -0.1929216E-02    0.3866485E-02   -0.5023797E-02   -0.2380203E-02    0.1294025E-03    0.9716523E+00    0.4375469E-01   -0.2714955E+01    0.1389537E+02   -0.4636820E+01   -0.1307744E+02   -0.1168736E+02    0.6254332E+01    0.1767475E+00    0.1300644E+00   -0.1446964E+01   -0.9726940E+00   -0.2294939E-03    0.2747741E-03
    0.2254343E-05   -0.2063155E-04   -0.1452189E-04    0.7514425E-03   -0.2500867E-02    0.1388393E-02    0.3421438E-03    0.1229845E-03   -0.2376996E-01    0.6406601E-02   -0.2160437E+00   -0.1541227E+01   -0.2872033E+00   -0.6378249E+00   -0.2905717E+00    0.1767475E+00    0.3435103E+01    0.5054219E+00    0.5605605E-01   -0.3938880E-01    0.3010821E-03   -0.7528126E-04
    0.1369484E-04    0.6411739E-05   -0.1238432E-04   -0.7551997E-03   -0.5960543E-03   -0.1982141E-02   -0.2839980E-03    0.6367061E-04    0.2627614E-01    0.1477464E-01   -0.6392461E-01    0.3831706E+01   -0.1210138E+01   -0.9069990E+00   -0.7875809E+00    0.1300644E+00    0.5054219E+00    0.3405418E+01    0.2446027E+01    0.1492865E+01   -0.2884384E-03   -0.2906766E-03
    0.3094246E-04   -0.1115481E-04    0.1964765E-05   -0.1636405E-02   -0.3601315E-04   -0.3707561E-02   -0.4640000E-03    0.1712559E-04   -0.1908142E+01    0.1104294E+00    0.2330479E+01   -0.1235956E+02    0.2596656E+01    0.3810799E+01   -0.1670609E+01   -0.1446964E+01    0.5605605E-01    0.2446027E+01    0.1703486E+02    0.2557804E+02    0.3141488E-04    0.2569865E-02
    0.8101621E-04   -0.9729957E-04    0.6889424E-04   -0.2342683E-03    0.3576746E-02    0.1468692E-02    0.9195633E-03    0.1039712E-02   -0.1840154E+02    0.1500527E+00    0.2291241E+01   -0.1993171E+02    0.2394145E+01    0.5561929E+01    0.1408984E+02   -0.9726940E+00   -0.3938880E-01    0.1492865E+01    0.2557804E+02    0.5454808E+02    0.1131331E-03    0.4794818E-02
    0.7177525E-08   -0.1765913E-07   -0.3101628E-08    0.1350652E-06   -0.9510558E-06    0.5480137E-06   -0.4543558E-07    0.1355434E-07   -0.2573958E-03    0.4292781E-05    0.2476355E-03    0.5607706E-02    0.1899671E-04    0.8605353E-03    0.7729272E-03   -0.2294939E-03    0.3010821E-03   -0.2884384E-03    0.3141488E-04    0.1131331E-03    0.6073793E-06   -0.1229970E-07
   -0.3020722E-08    0.2025009E-07    0.6779124E-08   -0.4759501E-06    0.4754057E-06   -0.1145502E-05   -0.2678918E-06   -0.3868837E-07    0.4094580E-02   -0.5793417E-05   -0.3418408E-03    0.3796767E-02    0.1406486E-03   -0.2413029E-02   -0.7595105E-02    0.2747741E-03   -0.7528126E-04   -0.2906766E-03    0.2569865E-02    0.4794818E-02   -0.1229970E-07    0.2092331E-05
