# omegabh2 omegach2 theta tau nnu logA ns calPlanck acib217 xi asz143 aps100 aps143 aps143217 aps217 aksz kgal100 kgal143 kgal143217 kgal217 cal0 cal2
  4.3005232E-08   2.2683718E-07  -5.5967081E-09   2.0505224E-07   1.6025966E-05   1.0763710E-06   6.5240589E-07   2.1661116E-08  -3.3630232E-05   4.9632556E-08   1.1009315E-05  -1.0170561E-04  -1.8133900E-04  -9.6314404E-05  -2.2610108E-05  -1.4106975E-05   4.8020027E-06  -5.0206866E-06  -1.6747203E-05  -2.8261595E-05   1.2096768E-09  -3.2222207E-09
  2.2683718E-07   1.2601893E-05  -1.0540486E-06  -1.8407011E-06   6.4011721E-04   2.4921323E-05   1.4443708E-05  -2.1342244E-07   3.2048575E-03  -5.6131133E-05  -1.0265425E-03   1.6501303E-02   9.1554893E-03   2.9304001E-03   5.3012428E-04   1.4648773E-03   5.0345747E-05   8.7264472E-05  -2.3237569E-04  -1.3123879E-03  -3.5782705E-08   9.7818497E-08
 -5.5967081E-09  -1.0540486E-06   2.6683196E-07   1.8417775E-07  -5.8401281E-05  -1.7613365E-06  -1.2363080E-06   5.3075457E-08  -2.4046738E-04   5.7321991E-06   9.7332167E-05  -1.3459237E-03  -8.3882268E-04  -2.8704168E-04  -1.2768846E-04  -1.4761612E-04  -2.2367482E-05  -1.6099846E-05   1.6888530E-05   8.5547733E-05  -1.1202404E-09  -1.0474750E-08
  2.0505224E-07  -1.8407011E-06   1.8417775E-07   5.3350696E-05  -2.9731400E-05   1.0249871E-04   4.1472426E-06  -1.9029166E-07  -1.2678562E-03   4.9576289E-05   3.1888547E-05  -5.2726709E-03  -3.7138173E-03  -1.4843726E-03  -5.2869911E-04  -7.0475197E-04   5.3859679E-05  -3.2345318E-04  -8.9109265E-04  -1.0563907E-03   3.4438998E-08  -7.5018994E-08
  1.6025966E-05   6.4011721E-04  -5.8401281E-05  -2.9731400E-05   3.7015458E-02   1.3983590E-03   1.0102356E-03  -5.9578159E-06   1.9011547E-01  -3.4594625E-03  -5.6752545E-02   9.4071305E-01   5.0375898E-01   1.5245557E-01   1.3368180E-02   8.5007901E-02   3.7158725E-03   5.3554251E-03  -1.6612423E-02  -8.5105658E-02  -1.4610448E-06   4.8219169E-06
  1.0763710E-06   2.4921323E-05  -1.7613365E-06   1.0249871E-04   1.3983590E-03   2.9120610E-04   3.9887609E-05   1.1829982E-05   5.0621615E-03  -9.9973049E-06  -2.2516744E-03   3.0348785E-02   1.3871175E-02   5.4002225E-03   5.0136994E-03   1.0912319E-03  -2.7978805E-04  -1.2818530E-03  -3.2531973E-03  -4.4008133E-03   1.6162799E-07   1.6310680E-08
  6.5240589E-07   1.4443708E-05  -1.2363080E-06   4.1472426E-06   1.0102356E-03   3.9887609E-05   4.4695812E-05   2.2915516E-07   7.8250109E-04   6.6123193E-06  -3.0185249E-04   1.5433217E-05   6.8570034E-03   6.4678920E-03   6.0588455E-03  -3.5988714E-04   5.7360136E-04  -3.2953265E-04  -8.1138574E-04  -1.2543605E-03  -1.1465620E-07   4.6862301E-08
  2.1661116E-08  -2.1342244E-07   5.3075457E-08  -1.9029166E-07  -5.9578159E-06   1.1829982E-05   2.2915516E-07   6.2467440E-06   9.7372225E-04  -9.2131644E-06   2.2401970E-05   3.3142957E-03   3.0220269E-06  -1.0133337E-04   7.3625528E-04  -9.8116845E-06  -1.2398013E-05  -9.0669774E-05  -1.9012527E-04   3.6446790E-04   1.2353876E-08  -1.0273873E-08
 -3.3630232E-05   3.2048575E-03  -2.4046738E-04  -1.2678562E-03   1.9011547E-01   5.0621615E-03   7.8250109E-04   9.7372225E-04   4.6179250E+01  -4.3719814E-01  -1.1759809E+00   4.3325458E+01   4.4500623E+00  -1.3606523E+01  -5.5950585E+01   4.4606374E-01   2.5971989E-01   8.9547790E-01  -5.4286809E+00  -3.3143207E+01  -1.5120388E-04   8.0731441E-04
  4.9632556E-08  -5.6131133E-05   5.7321991E-06   4.9576289E-05  -3.4594625E-03  -9.9973049E-06   6.6123193E-06  -9.2131644E-06  -4.3719814E-01   8.3742726E-02  -4.8809844E-02  -4.1353146E-01   8.2072250E-01   1.5562128E+00   5.9460399E-01   4.7790596E-02   6.1672205E-03   4.5624390E-03   1.0202378E-01   1.7151172E-01   8.7761350E-06  -6.4706934E-06
  1.1009315E-05  -1.0265425E-03   9.7332167E-05   3.1888547E-05  -5.6752545E-02  -2.2516744E-03  -3.0185249E-04   2.2401970E-05  -1.1759809E+00  -4.8809844E-02   4.0060989E+00  -3.1810610E+01  -3.8846252E+00   7.7973931E+00   5.6954260E+00  -3.2478864E+00  -1.8242339E-01   1.3313815E-01   2.6629925E+00   3.5143707E+00   1.0708899E-04  -3.0915250E-05
 -1.0170561E-04   1.6501303E-02  -1.3459237E-03  -5.2726709E-03   9.4071305E-01   3.0348785E-02   1.5433217E-05   3.3142957E-03   4.3325458E+01  -4.1353146E-01  -3.1810610E+01   8.0807348E+02   8.6852566E+01  -4.8753842E+01  -6.4575548E+01   1.8421558E+01  -7.2187705E+00   6.2813583E+00  -1.1825975E+01  -2.8229920E+01   4.2959285E-03   1.1263949E-04
 -1.8133900E-04   9.1554893E-03  -8.3882268E-04  -3.7138173E-03   5.0375898E-01   1.3871175E-02   6.8570034E-03   3.0220269E-06   4.4500623E+00   8.2072250E-01  -3.8846252E+00   8.6852566E+01   7.0544209E+01   4.2580510E+01   1.6410699E+01  -4.4008790E+00  -4.5273097E-01  -1.3573603E+00   3.4826680E+00   4.1853465E+00   1.4393188E-04   1.5950764E-04
 -9.6314404E-05   2.9304001E-03  -2.8704168E-04  -1.4843726E-03   1.5245557E-01   5.4002225E-03   6.4678920E-03  -1.0133337E-04  -1.3606523E+01   1.5562128E+00   7.7973931E+00  -4.8753842E+01   4.2580510E+01   8.4941353E+01   5.5883902E+01  -1.3156761E+01  -8.3390650E-01  -1.0600541E+00   4.9049847E+00   9.8065656E+00   4.4638539E-04  -4.3452633E-04
 -2.2610108E-05   5.3012428E-04  -1.2768846E-04  -5.2869911E-04   1.3368180E-02   5.0136994E-03   6.0588455E-03   7.3625528E-04  -5.5950585E+01   5.9460399E-01   5.6954260E+00  -6.4575548E+01   1.6410699E+01   5.5883902E+01   1.0711262E+02  -1.0720646E+01  -9.3196260E-01  -2.0711173E+00   4.7259606E+00   3.3087487E+01   3.8315470E-04  -1.3931094E-03
 -1.4106975E-05   1.4648773E-03  -1.4761612E-04  -7.0475197E-04   8.5007901E-02   1.0912319E-03  -3.5988714E-04  -9.8116845E-06   4.4606374E-01   4.7790596E-02  -3.2478864E+00   1.8421558E+01  -4.4008790E+00  -1.3156761E+01  -1.0720646E+01   7.0790960E+00   1.3475798E-01  -5.2406359E-02  -2.3535912E+00  -3.0696500E+00  -8.4367578E-05   2.6097294E-06
  4.8020027E-06   5.0345747E-05  -2.2367482E-05   5.3859679E-05   3.7158725E-03  -2.7978805E-04   5.7360136E-04  -1.2398013E-05   2.5971989E-01   6.1672205E-03  -1.8242339E-01  -7.2187705E+00  -4.5273097E-01  -8.3390650E-01  -9.3196260E-01   1.3475798E-01   3.4413447E+00   6.1324136E-01   2.7900193E-01   1.7523068E-01   1.5443225E-04   2.1638558E-05
 -5.0206866E-06   8.7264472E-05  -1.6099846E-05  -3.2345318E-04   5.3554251E-03  -1.2818530E-03  -3.2953265E-04  -9.0669774E-05   8.9547790E-01   4.5624390E-03   1.3313815E-01   6.2813583E+00  -1.3573603E+00  -1.0600541E+00  -2.0711173E+00  -5.2406359E-02   6.1324136E-01   3.2182118E+00   2.7831456E+00   2.6767799E+00  -1.5257518E-04  -4.0830680E-05
 -1.6747203E-05  -2.3237569E-04   1.6888530E-05  -8.9109265E-04  -1.6612423E-02  -3.2531973E-03  -8.1138574E-04  -1.9012527E-04  -5.4286809E+00   1.0202378E-01   2.6629925E+00  -1.1825975E+01   3.4826680E+00   4.9049847E+00   4.7259606E+00  -2.3535912E+00   2.7900193E-01   2.7831456E+00   1.0889769E+01   1.9293175E+01   7.6969925E-06   4.3033352E-04
 -2.8261595E-05  -1.3123879E-03   8.5547733E-05  -1.0563907E-03  -8.5105658E-02  -4.4008133E-03  -1.2543605E-03   3.6446790E-04  -3.3143207E+01   1.7151172E-01   3.5143707E+00  -2.8229920E+01   4.1853465E+00   9.8065656E+00   3.3087487E+01  -3.0696500E+00   1.7523068E-01   2.6767799E+00   1.9293175E+01   5.3404256E+01   4.6439582E-05   9.2051850E-04
  1.2096768E-09  -3.5782705E-08  -1.1202404E-09   3.4438998E-08  -1.4610448E-06   1.6162799E-07  -1.1465620E-07   1.2353876E-08  -1.5120388E-04   8.7761350E-06   1.0708899E-04   4.2959285E-03   1.4393188E-04   4.4638539E-04   3.8315470E-04  -8.4367578E-05   1.5443225E-04  -1.5257518E-04   7.6969925E-06   4.6439582E-05   3.7971794E-07  -9.5469912E-09
 -3.2222207E-09   9.7818497E-08  -1.0474750E-08  -7.5018994E-08   4.8219169E-06   1.6310680E-08   4.6862301E-08  -1.0273873E-08   8.0731441E-04  -6.4706934E-06  -3.0915250E-05   1.1263949E-04   1.5950764E-04  -4.3452633E-04  -1.3931094E-03   2.6097294E-06   2.1638558E-05  -4.0830680E-05   4.3033352E-04   9.2051850E-04  -9.5469912E-09   3.9214619E-07
