# omegabh2 omegach2 theta tau mnu nnu logA ns calPlanck acib217 xi asz143 aps100 aps143 aps143217 aps217 aksz kgal100 kgal143 kgal143217 kgal217 cal0 cal2
    0.9442105E-07    0.3329028E-06   -0.2231187E-08    0.3125346E-05   -0.2691913E-05    0.5091485E-04    0.7358062E-05    0.2937389E-05    0.5145593E-07   -0.1245257E-04   -0.7206575E-06    0.6299094E-05    0.2880786E-04   -0.7468766E-04   -0.6039974E-04   -0.2023689E-04    0.6494012E-05    0.2499141E-04    0.1298476E-04   -0.3601003E-05   -0.8594608E-05    0.6074887E-08   -0.7846641E-08
    0.3329028E-06    0.1377825E-04   -0.1344239E-05    0.5350080E-05    0.8810271E-04    0.7659306E-03    0.4444494E-04    0.2090203E-04    0.1139944E-06    0.4589808E-02   -0.8171421E-04   -0.1216498E-02    0.2053875E-01    0.1004786E-01    0.2112104E-02   -0.1145446E-02    0.1738120E-02    0.2480366E-03    0.2654438E-03    0.2864531E-03   -0.5373663E-03   -0.2777600E-07    0.4814515E-06
   -0.2231187E-08   -0.1344239E-05    0.3126941E-06    0.1361347E-06   -0.1656015E-04   -0.7093108E-04   -0.2756525E-05   -0.1436548E-05    0.1046665E-07   -0.5402230E-03    0.8423467E-05    0.1407719E-03   -0.2470980E-02   -0.1123856E-02   -0.2015296E-03    0.1999453E-03   -0.2025940E-03   -0.1147834E-04   -0.2804118E-04   -0.2539218E-05    0.1377993E-03   -0.7844384E-09   -0.4583892E-07
    0.3125346E-05    0.5350080E-05    0.1361347E-06    0.4305925E-03    0.4628958E-03    0.1873147E-02    0.8749219E-03    0.1334892E-03    0.3714842E-06   -0.7813025E-02    0.1909772E-03    0.1134689E-02   -0.1902730E-01   -0.7440269E-02    0.2710765E-02    0.7737134E-02   -0.2106516E-02    0.6783556E-03    0.1045918E-04   -0.6618676E-03    0.9472343E-03    0.2380512E-06   -0.1024333E-05
   -0.2691913E-05    0.8810271E-04   -0.1656015E-04    0.4628958E-03    0.1452963E-01    0.4748044E-02    0.1081807E-02    0.8609728E-04    0.3554872E-05    0.6252598E-01   -0.9758879E-03   -0.1245668E-01    0.2508890E+00    0.1243196E+00    0.3644352E-01   -0.1797773E-01    0.2325066E-01   -0.5333351E-03    0.2803499E-03    0.3456935E-02   -0.3934124E-02   -0.2135175E-06    0.7975194E-05
    0.5091485E-04    0.7659306E-03   -0.7093108E-04    0.1873147E-02    0.4748044E-02    0.6407670E-01    0.5710038E-02    0.2649877E-02    0.2649197E-04    0.3010003E+00   -0.5413794E-02   -0.8317752E-01    0.1417328E+01    0.6373253E+00    0.9338493E-01   -0.1129463E+00    0.1272384E+00    0.2097722E-01    0.1656997E-01    0.1153053E-01   -0.4289794E-01    0.1160281E-05    0.2948040E-04
    0.7358062E-05    0.4444494E-04   -0.2756525E-05    0.8749219E-03    0.1081807E-02    0.5710038E-02    0.1889974E-02    0.3231570E-03    0.1372735E-04   -0.4374202E-02    0.2108188E-03   -0.5888915E-03    0.1617755E-01    0.1075907E-01    0.1327219E-01    0.1849091E-01   -0.9699904E-03    0.1537310E-02    0.7295244E-04   -0.1278658E-02    0.1730527E-02    0.5530047E-06   -0.1080037E-05
    0.2937389E-05    0.2090203E-04   -0.1436548E-05    0.1334892E-03    0.8609728E-04    0.2649877E-02    0.3231570E-03    0.1469454E-03    0.1923839E-05    0.4751890E-02   -0.6312815E-04   -0.1565472E-02    0.2250855E-01    0.1438267E-01    0.5365347E-02    0.1921090E-02    0.1836494E-02    0.1128242E-02    0.4133475E-03   -0.1589539E-03   -0.7223528E-03   -0.5489562E-07    0.4704892E-06
    0.5145593E-07    0.1139944E-06    0.1046665E-07    0.3714842E-06    0.3554872E-05    0.2649197E-04    0.1372735E-04    0.1923839E-05    0.6330625E-05    0.9025170E-03   -0.7405584E-05    0.1640972E-04    0.3680152E-02    0.5495534E-03    0.3823198E-03    0.1217409E-02   -0.7185623E-04   -0.1168859E-03   -0.3069434E-04   -0.1398631E-03    0.4988321E-03   -0.6117593E-07   -0.7066186E-07
   -0.1245257E-04    0.4589808E-02   -0.5402230E-03   -0.7813025E-02    0.6252598E-01    0.3010003E+00   -0.4374202E-02    0.4751890E-02    0.9025170E-03    0.4602832E+02   -0.5165970E+00   -0.2035355E+01    0.4955739E+02    0.4191692E+01   -0.2053725E+02   -0.6274977E+02    0.1211605E+01   -0.1173485E+00    0.2202134E+00   -0.1386669E+01   -0.1847854E+02   -0.3419453E-03    0.4636908E-02
   -0.7206575E-06   -0.8171421E-04    0.8423467E-05    0.1909772E-03   -0.9758879E-03   -0.5413794E-02    0.2108188E-03   -0.6312815E-04   -0.7405584E-05   -0.5165970E+00    0.8195921E-01   -0.6360428E-01   -0.6304785E+00    0.8964594E+00    0.1792008E+01    0.7481928E+00    0.6462445E-01   -0.3701154E-03    0.2321642E-02    0.8807364E-01    0.9241859E-01    0.7780478E-05   -0.2044176E-04
    0.6299094E-05   -0.1216498E-02    0.1407719E-03    0.1134689E-02   -0.1245668E-01   -0.8317752E-01   -0.5888915E-03   -0.1565472E-02    0.1640972E-04   -0.2035355E+01   -0.6360428E-01    0.3998806E+01   -0.3243019E+02   -0.5078920E+01    0.7768088E+01    0.6800759E+01   -0.3067284E+01   -0.1546632E+00    0.6710328E-01    0.2528463E+01    0.2292983E+01    0.1792071E-03   -0.4017530E-03
    0.2880786E-04    0.2053875E-01   -0.2470980E-02   -0.1902730E-01    0.2508890E+00    0.1417328E+01    0.1617755E-01    0.2250855E-01    0.3680152E-02    0.4955739E+02   -0.6304785E+00   -0.3243019E+02    0.8067371E+03    0.8852368E+02   -0.5770414E+02   -0.7015363E+02    0.1798186E+02   -0.3050249E+01    0.3026317E+01   -0.1350783E+02   -0.2021314E+02    0.5897755E-02    0.4813386E-02
   -0.7468766E-04    0.1004786E-01   -0.1123856E-02   -0.7440269E-02    0.1243196E+00    0.6373253E+00    0.1075907E-01    0.1438267E-01    0.5495534E-03    0.4191692E+01    0.8964594E+00   -0.5078920E+01    0.8852368E+02    0.7060238E+02    0.4530803E+02    0.1789579E+02   -0.2925377E+01   -0.1020965E+00   -0.1158450E+01    0.3704352E+01    0.3380459E+01    0.1224228E-03    0.6484049E-03
   -0.6039974E-04    0.2112104E-02   -0.2015296E-03    0.2710765E-02    0.3644352E-01    0.9338493E-01    0.1327219E-01    0.5365347E-02    0.3823198E-03   -0.2053725E+02    0.1792008E+01    0.7768088E+01   -0.5770414E+02    0.4530803E+02    0.9811835E+02    0.6774510E+02   -0.1220168E+02   -0.4850065E+00   -0.5601781E+00    0.4901238E+01    0.5880043E+01    0.8018448E-03   -0.2351793E-02
   -0.2023689E-04   -0.1145446E-02    0.1999453E-03    0.7737134E-02   -0.1797773E-01   -0.1129463E+00    0.1849091E-01    0.1921090E-02    0.1217409E-02   -0.6274977E+02    0.7481928E+00    0.6800759E+01   -0.7015363E+02    0.1789579E+02    0.6774510E+02    0.1245309E+03   -0.1115619E+02   -0.2189030E+00   -0.5788993E+00   -0.7679612E+00    0.1553019E+02    0.8548708E-03   -0.7823003E-02
    0.6494012E-05    0.1738120E-02   -0.2025940E-03   -0.2106516E-02    0.2325066E-01    0.1272384E+00   -0.9699904E-03    0.1836494E-02   -0.7185623E-04    0.1211605E+01    0.6462445E-01   -0.3067284E+01    0.1798186E+02   -0.2925377E+01   -0.1220168E+02   -0.1115619E+02    0.6766460E+01    0.1510526E+00   -0.4300140E-01   -0.2217726E+01   -0.2114167E+01   -0.1376825E-03    0.2390311E-03
    0.2499141E-04    0.2480366E-03   -0.1147834E-04    0.6783556E-03   -0.5333351E-03    0.2097722E-01    0.1537310E-02    0.1128242E-02   -0.1168859E-03   -0.1173485E+00   -0.3701154E-03   -0.1546632E+00   -0.3050249E+01   -0.1020965E+00   -0.4850065E+00   -0.2189030E+00    0.1510526E+00    0.3553899E+01    0.4011282E+00    0.1768963E+00    0.3755026E+00    0.3327073E-03    0.3591877E-05
    0.1298476E-04    0.2654438E-03   -0.2804118E-04    0.1045918E-04    0.2803499E-03    0.1656997E-01    0.7295244E-04    0.4133475E-03   -0.3069434E-04    0.2202134E+00    0.2321642E-02    0.6710328E-01    0.3026317E+01   -0.1158450E+01   -0.5601781E+00   -0.5788993E+00   -0.4300140E-01    0.4011282E+00    0.3349457E+01    0.2631642E+01    0.1704363E+01   -0.2983784E-03   -0.2204118E-03
   -0.3601003E-05    0.2864531E-03   -0.2539218E-05   -0.6618676E-03    0.3456935E-02    0.1153053E-01   -0.1278658E-02   -0.1589539E-03   -0.1398631E-03   -0.1386669E+01    0.8807364E-01    0.2528463E+01   -0.1350783E+02    0.3704352E+01    0.4901238E+01   -0.7679612E+00   -0.2217726E+01    0.1768963E+00    0.2631642E+01    0.1738044E+02    0.2547450E+02   -0.1444245E-04    0.2525310E-02
   -0.8594608E-05   -0.5373663E-03    0.1377993E-03    0.9472343E-03   -0.3934124E-02   -0.4289794E-01    0.1730527E-02   -0.7223528E-03    0.4988321E-03   -0.1847854E+02    0.9241859E-01    0.2292983E+01   -0.2021314E+02    0.3380459E+01    0.5880043E+01    0.1553019E+02   -0.2114167E+01    0.3755026E+00    0.1704363E+01    0.2547450E+02    0.5415596E+02    0.9302072E-04    0.4481830E-02
    0.6074887E-08   -0.2777600E-07   -0.7844384E-09    0.2380512E-06   -0.2135175E-06    0.1160281E-05    0.5530047E-06   -0.5489562E-07   -0.6117593E-07   -0.3419453E-03    0.7780478E-05    0.1792071E-03    0.5897755E-02    0.1224228E-03    0.8018448E-03    0.8548708E-03   -0.1376825E-03    0.3327073E-03   -0.2983784E-03   -0.1444245E-04    0.9302072E-04    0.6083882E-06    0.3227876E-09
   -0.7846641E-08    0.4814515E-06   -0.4583892E-07   -0.1024333E-05    0.7975194E-05    0.2948040E-04   -0.1080037E-05    0.4704892E-06   -0.7066186E-07    0.4636908E-02   -0.2044176E-04   -0.4017530E-03    0.4813386E-02    0.6484049E-03   -0.2351793E-02   -0.7823003E-02    0.2390311E-03    0.3591877E-05   -0.2204118E-03    0.2525310E-02    0.4481830E-02    0.3227876E-09    0.2117323E-05
