# omegabh2 omegach2 theta tau meffsterile nnu logA ns calPlanck acib217 xi asz143 aps100 aps143 aps143217 aps217 aksz kgal100 kgal143 kgal143217 kgal217 galfTE100 galfTE100143 galfTE100217 galfTE143 galfTE143217 galfTE217 cal0 cal2
  2.2445974E-08   7.5309165E-08   2.4080562E-09   2.0918571E-07  -2.6514806E-06   5.6816357E-06   6.0364107E-07   3.5131065E-07   1.4260964E-08  -3.3035382E-05   4.4394259E-07   1.3729572E-05  -1.5635049E-04  -1.2319075E-04  -4.1455745E-05  -3.5346373E-06  -1.6790130E-05   2.4936260E-07  -3.6444524E-06  -7.7733962E-06  -1.0555639E-05  -1.2025486E-07  -9.4728059E-08  -2.0479851E-07  -3.4483560E-07  -4.9786236E-07  -2.0107775E-06   3.6266194E-09  -1.1887743E-09
  7.5309165E-08   1.0397011E-05  -3.7632045E-07  -1.5633059E-07  -5.8827153E-04   1.8414947E-04   8.9338818E-06   7.0251492E-06  -5.5024456E-07   1.4278127E-03  -2.3444194E-05  -1.6329962E-04   6.1967202E-03   1.8016418E-03  -8.9739893E-05  -1.3740225E-03   4.3425095E-04   1.2025516E-04   2.5700891E-04   2.8284103E-04  -4.4643773E-04  -3.9822762E-07  -1.8257006E-06  -4.8954625E-06   2.2739268E-07   2.3504790E-06   1.6804433E-05  -1.0041887E-08   3.5575598E-08
  2.4080562E-09  -3.7632045E-07   1.0127538E-07   2.2015224E-08   1.1497192E-05  -1.2465164E-05  -4.4229001E-07  -3.0596203E-07   2.3559411E-08  -9.7246987E-05   1.8410589E-06   9.7390609E-06  -3.2808785E-04  -1.3425284E-04  -1.4445419E-05   8.4810420E-05  -1.6297364E-05  -4.2439813E-06  -2.2360078E-05  -2.7801211E-05  -3.5906333E-06   4.6650788E-09  -9.8107216E-08   6.2974238E-07  -3.4315433E-07  -1.5654832E-07  -7.8369385E-07   2.3249365E-09  -4.3272186E-09
  2.0918571E-07  -1.5633059E-07   2.2015224E-08   6.0825377E-05  -1.2639033E-05   6.3376885E-05   1.1956662E-04   9.1065784E-06  -3.1193974E-07  -1.8431582E-03   6.2011817E-05   6.3227213E-04  -1.2413742E-02  -3.0283410E-03   4.8290278E-04   1.2100340E-03  -1.1754669E-03  -1.5278364E-04  -2.9722523E-04  -1.0135219E-04   2.4909299E-04  -1.7026497E-06   4.0852830E-06   9.8701320E-06   1.3783164E-06  -7.1335695E-06  -1.2764655E-05   5.2326989E-08  -1.6226656E-07
 -2.6514806E-06  -5.8827153E-04   1.1497192E-05  -1.2639033E-05   4.6787936E-02  -5.2352648E-03  -2.6436699E-04  -4.1489446E-04   3.5938741E-05  -4.3832753E-02   7.3092995E-05   3.5941834E-03  -1.7396470E-01   1.0750080E-02   5.3781250E-02   9.9340581E-02  -1.6007147E-02  -8.1604432E-03  -9.6389569E-03  -8.0366074E-03   3.0871836E-02   7.4683892E-05   1.3761082E-04   2.2906276E-04   1.1684758E-05  -1.4807435E-04  -5.8193513E-04  -9.8085074E-07  -1.4154460E-06
  5.6816357E-06   1.8414947E-04  -1.2465164E-05   6.3376885E-05  -5.2352648E-03   7.5598010E-03   4.0434654E-04   2.8636255E-04  -2.9968324E-06   4.9336175E-02  -1.1717550E-03  -6.2294792E-03   2.1691278E-01   7.4700800E-02   3.8702039E-03  -3.2981614E-02   1.6653120E-02   3.3671791E-03   8.9437614E-03   9.0227283E-03  -9.6717988E-03  -1.5794966E-05  -8.3029657E-06  -1.3969499E-04  -2.6463122E-06  -1.0318981E-05   1.0215345E-04  -1.0184211E-06   7.9567927E-07
  6.0364107E-07   8.9338818E-06  -4.4229001E-07   1.1956662E-04  -2.6436699E-04   4.0434654E-04   2.7907915E-04   2.2623100E-05   1.1420628E-05  -1.7021421E-03   1.2822691E-04   1.0804525E-03  -1.3673388E-02  -3.4359384E-04   5.1238936E-03   7.4547493E-03  -2.8853143E-03  -5.4919677E-04  -8.8080733E-04  -2.5168901E-04   1.4031667E-03   1.7201300E-06   5.1739762E-06   6.3060833E-06   2.2313148E-07  -9.7136437E-06   2.0991278E-05   2.7755474E-07  -3.0398732E-07
  3.5131065E-07   7.0251492E-06  -3.0596203E-07   9.1065784E-06  -4.1489446E-04   2.8636255E-04   2.2623100E-05   2.6253714E-05  -3.3018020E-08  -2.4413277E-03   3.9849590E-05   6.2787428E-04  -1.3117222E-02  -3.8139171E-03   9.5793563E-04   3.0994491E-03  -1.3094636E-03   3.7142130E-04  -4.0282660E-06  -6.0242963E-05   6.7290341E-04  -2.2425012E-06  -1.8393301E-07  -3.0963988E-06  -2.0726102E-06  -2.5013254E-06  -8.0085977E-06  -6.9885672E-08  -3.2110603E-08
  1.4260964E-08  -5.5024456E-07   2.3559411E-08  -3.1193974E-07   3.5938741E-05  -2.9968324E-06   1.1420628E-05  -3.3018020E-08   6.1664993E-06   6.9012313E-04  -2.6615156E-06   5.4710283E-05   3.1019890E-03   7.8729801E-04   6.3161144E-04   1.4134834E-03  -1.5817923E-04  -2.6131737E-05  -2.3095737E-05   3.9021545E-05   7.5939832E-04   1.8893958E-06  -1.5632733E-07  -2.4494622E-06  -3.9990848E-07   2.8285956E-06   1.4431176E-05   3.3348912E-08  -3.5373939E-09
 -3.3035382E-05   1.4278127E-03  -9.7246987E-05  -1.8431582E-03  -4.3832753E-02   4.9336175E-02  -1.7021421E-03  -2.4413277E-03   6.9012313E-04   4.5145744E+01  -4.0288815E-01  -7.4588462E-01   3.7413215E+01   2.8609038E+00  -1.2623092E+01  -5.4850758E+01  -4.2338210E-01   2.1975894E-01   8.6683844E-01  -5.6457439E+00  -3.3670627E+01  -2.8822465E-03   5.2133726E-04   6.2710081E-03   7.8925659E-04   1.3139440E-02   3.2664360E-02  -2.8290227E-04   6.9718197E-04
  4.4394259E-07  -2.3444194E-05   1.8410589E-06   6.2011817E-05   7.3092995E-05  -1.1717550E-03   1.2822691E-04   3.9849590E-05  -2.6615156E-06  -4.0288815E-01   8.1697504E-02  -4.0949008E-02  -5.2660471E-01   9.0270978E-01   1.6716826E+00   6.1561589E-01   4.3957341E-02  -9.6431856E-03   5.0921075E-03   1.1813146E-01   1.6571286E-01   7.4439743E-05  -4.1672576E-05   2.6683369E-04  -1.9421677E-04  -3.1774783E-05  -1.3513368E-04   7.3632146E-06  -2.8213018E-06
  1.3729572E-05  -1.6329962E-04   9.7390609E-06   6.3227213E-04   3.5941834E-03  -6.2294792E-03   1.0804525E-03   6.2787428E-04   5.4710283E-05  -7.4588462E-01  -4.0949008E-02   3.9536394E+00  -3.1680344E+01  -3.3175510E+00   7.8576263E+00   5.3988924E+00  -2.8532859E+00  -1.8794233E-01   1.6276118E-01   2.6928584E+00   3.2770355E+00  -2.7306924E-04  -6.4478339E-04  -2.9151404E-03  -1.7263287E-03  -2.6813268E-03  -2.9467370E-03   1.0372783E-04  -3.4315808E-05
 -1.5635049E-04   6.1967202E-03  -3.2808785E-04  -1.2413742E-02  -1.7396470E-01   2.1691278E-01  -1.3673388E-02  -1.3117222E-02   3.1019890E-03   3.7413215E+01  -5.2660471E-01  -3.1680344E+01   7.9354167E+02   7.2224937E+01  -5.6148657E+01  -6.3354214E+01   1.5382937E+01  -6.2303980E+00   5.7145238E+00  -1.3073961E+01  -2.6086757E+01  -1.2069745E-02  -7.8733236E-03   3.4845288E-02  -1.6746688E-04   3.5138989E-02   7.9176959E-02   3.6537425E-03   5.4824828E-04
 -1.2319075E-04   1.8016418E-03  -1.3425284E-04  -3.0283410E-03   1.0750080E-02   7.4700800E-02  -3.4359384E-04  -3.8139171E-03   7.8729801E-04   2.8609038E+00   9.0270978E-01  -3.3175510E+00   7.2224937E+01   6.1398715E+01   3.9611724E+01   1.4001649E+01  -4.7725098E+00  -4.2150638E-01  -1.2538865E+00   3.4498623E+00   3.5930511E+00   8.8572116E-04  -8.9439414E-04  -5.7888396E-04  -1.5501179E-04  -8.4526931E-03   2.2776618E-03   6.0877162E-05   1.3818682E-04
 -4.1455745E-05  -8.9739893E-05  -1.4445419E-05   4.8290278E-04   5.3781250E-02   3.8702039E-03   5.1238936E-03   9.5793563E-04   6.3161144E-04  -1.2623092E+01   1.6716826E+00   7.8576263E+00  -5.6148657E+01   3.9611724E+01   8.4689095E+01   5.2485734E+01  -1.2136911E+01  -1.0276730E+00  -6.6806886E-01   5.4148705E+00   8.8287135E+00   3.1665763E-03  -2.2046724E-03  -1.0397915E-03  -6.4419825E-03  -1.1985838E-02  -1.4909380E-02   4.3678979E-04  -2.9477242E-04
 -3.5346373E-06  -1.3740225E-03   8.4810420E-05   1.2100340E-03   9.9340581E-02  -3.2981614E-02   7.4547493E-03   3.0994491E-03   1.4134834E-03  -5.4850758E+01   6.1561589E-01   5.3988924E+00  -6.3354214E+01   1.4001649E+01   5.2485734E+01   1.0315503E+02  -9.3004505E+00  -9.0378657E-01  -1.5865050E+00   5.5023228E+00   3.3818923E+01   5.5188950E-03  -1.7013726E-03  -5.8038342E-03  -2.5670357E-03  -2.2733656E-02  -2.2984065E-02   4.9304248E-04  -1.2385595E-03
 -1.6790130E-05   4.3425095E-04  -1.6297364E-05  -1.1754669E-03  -1.6007147E-02   1.6653120E-02  -2.8853143E-03  -1.3094636E-03  -1.5817923E-04  -4.2338210E-01   4.3957341E-02  -2.8532859E+00   1.5382937E+01  -4.7725098E+00  -1.2136911E+01  -9.3004505E+00   6.0875501E+00   1.5076575E-01  -2.1264751E-01  -2.1166781E+00  -2.1930714E+00   9.1911021E-05   1.0078339E-03   2.7708999E-03   3.2680454E-03   5.8155081E-03   4.3159767E-03  -7.1106279E-05  -1.9111885E-05
  2.4936260E-07   1.2025516E-04  -4.2439813E-06  -1.5278364E-04  -8.1604432E-03   3.3671791E-03  -5.4919677E-04   3.7142130E-04  -2.6131737E-05   2.1975894E-01  -9.6431856E-03  -1.8794233E-01  -6.2303980E+00  -4.2150638E-01  -1.0276730E+00  -9.0378657E-01   1.5076575E-01   3.3136233E+00   5.6913316E-01   2.4159715E-01   2.2048499E-01  -1.4406208E-04   3.4901972E-04  -2.0713590E-03   4.3592110E-04  -1.2787780E-03  -9.1696096E-03   1.7615618E-04  -3.5384517E-06
 -3.6444524E-06   2.5700891E-04  -2.2360078E-05  -2.9722523E-04  -9.6389569E-03   8.9437614E-03  -8.8080733E-04  -4.0282660E-06  -2.3095737E-05   8.6683844E-01   5.0921075E-03   1.6276118E-01   5.7145238E+00  -1.2538865E+00  -6.6806886E-01  -1.5865050E+00  -2.1264751E-01   5.6913316E-01   3.1777908E+00   2.6568389E+00   2.5774656E+00  -2.0616937E-04   3.6054161E-04   3.3201197E-04   5.6527367E-04   3.2092720E-03   7.4879165E-03  -1.8020827E-04  -3.0998643E-05
 -7.7733962E-06   2.8284103E-04  -2.7801211E-05  -1.0135219E-04  -8.0366074E-03   9.0227283E-03  -2.5168901E-04  -6.0242963E-05   3.9021545E-05  -5.6457439E+00   1.1813146E-01   2.6928584E+00  -1.3073961E+01   3.4498623E+00   5.4148705E+00   5.5023228E+00  -2.1166781E+00   2.4159715E-01   2.6568389E+00   1.0688702E+01   1.9126835E+01  -2.1057822E-04  -7.1042768E-04  -4.5420240E-03  -2.0087448E-03  -1.9155761E-03   4.7120719E-03   1.2263500E-05   4.2289096E-04
 -1.0555639E-05  -4.4643773E-04  -3.5906333E-06   2.4909299E-04   3.0871836E-02  -9.6717988E-03   1.4031667E-03   6.7290341E-04   7.5939832E-04  -3.3670627E+01   1.6571286E-01   3.2770355E+00  -2.6086757E+01   3.5930511E+00   8.8287135E+00   3.3818923E+01  -2.1930714E+00   2.2048499E-01   2.5774656E+00   1.9126835E+01   5.3836865E+01   1.9890153E-03  -4.4901447E-04  -1.2966450E-02  -6.4904662E-04  -1.0732974E-02  -1.5065008E-02   1.7167005E-04   9.7509941E-04
 -1.2025486E-07  -3.9822762E-07   4.6650788E-09  -1.7026497E-06   7.4683892E-05  -1.5794966E-05   1.7201300E-06  -2.2425012E-06   1.8893958E-06  -2.8822465E-03   7.4439743E-05  -2.7306924E-04  -1.2069745E-02   8.8572116E-04   3.1665763E-03   5.5188950E-03   9.1911021E-05  -1.4406208E-04  -2.0616937E-04  -2.1057822E-04   1.9890153E-03   1.4388398E-03   2.7567878E-04   9.1240762E-05  -3.5151443E-04  -1.0307307E-04  -1.1960426E-04  -2.4277631E-07   1.7353289E-07
 -9.4728059E-08  -1.8257006E-06  -9.8107216E-08   4.0852830E-06   1.3761082E-04  -8.3029657E-06   5.1739762E-06  -1.8393301E-07  -1.5632733E-07   5.2133726E-04  -4.1672576E-05  -6.4478339E-04  -7.8733236E-03  -8.9439414E-04  -2.2046724E-03  -1.7013726E-03   1.0078339E-03   3.4901972E-04   3.6054161E-04  -7.1042768E-04  -4.4901447E-04   2.7567878E-04   8.7338856E-04   1.4154064E-05   7.5356957E-04   6.2885377E-05  -8.8113246E-04  -2.8759109E-07   3.1747062E-08
 -2.0479851E-07  -4.8954625E-06   6.2974238E-07   9.8701320E-06   2.2906276E-04  -1.3969499E-04   6.3060833E-06  -3.0963988E-06  -2.4494622E-06   6.2710081E-03   2.6683369E-04  -2.9151404E-03   3.4845288E-02  -5.7888396E-04  -1.0397915E-03  -5.8038342E-03   2.7708999E-03  -2.0713590E-03   3.3201197E-04  -4.5420240E-03  -1.2966450E-02   9.1240762E-05   1.4154064E-05   7.0708667E-03  -3.5053688E-04   5.1494816E-04   4.3515647E-03   3.0301362E-07   1.7166304E-07
 -3.4483560E-07   2.2739268E-07  -3.4315433E-07   1.3783164E-06   1.1684758E-05  -2.6463122E-06   2.2313148E-07  -2.0726102E-06  -3.9990848E-07   7.8925659E-04  -1.9421677E-04  -1.7263287E-03  -1.6746688E-04  -1.5501179E-04  -6.4419825E-03  -2.5670357E-03   3.2680454E-03   4.3592110E-04   5.6527367E-04  -2.0087448E-03  -6.4904662E-04  -3.5151443E-04   7.5356957E-04  -3.5053688E-04   2.9263781E-03   5.5864747E-04  -1.2104521E-03  -3.8182440E-07   4.8983966E-08
 -4.9786236E-07   2.3504790E-06  -1.5654832E-07  -7.1335695E-06  -1.4807435E-04  -1.0318981E-05  -9.7136437E-06  -2.5013254E-06   2.8285956E-06   1.3139440E-02  -3.1774783E-05  -2.6813268E-03   3.5138989E-02  -8.4526931E-03  -1.1985838E-02  -2.2733656E-02   5.8155081E-03  -1.2787780E-03   3.2092720E-03  -1.9155761E-03  -1.0732974E-02  -1.0307307E-04   6.2885377E-05   5.1494816E-04   5.5864747E-04   6.6945734E-03   8.4860019E-03   1.4786034E-07  -5.7643644E-07
 -2.0107775E-06   1.6804433E-05  -7.8369385E-07  -1.2764655E-05  -5.8193513E-04   1.0215345E-04   2.0991278E-05  -8.0085977E-06   1.4431176E-05   3.2664360E-02  -1.3513368E-04  -2.9467370E-03   7.9176959E-02   2.2776618E-03  -1.4909380E-02  -2.2984065E-02   4.3159767E-03  -9.1696096E-03   7.4879165E-03   4.7120719E-03  -1.5065008E-02  -1.1960426E-04  -8.8113246E-04   4.3515647E-03  -1.2104521E-03   8.4860019E-03   7.2419839E-02  -4.3283737E-07  -1.7590630E-06
  3.6266194E-09  -1.0041887E-08   2.3249365E-09   5.2326989E-08  -9.8085074E-07  -1.0184211E-06   2.7755474E-07  -6.9885672E-08   3.3348912E-08  -2.8290227E-04   7.3632146E-06   1.0372783E-04   3.6537425E-03   6.0877162E-05   4.3678979E-04   4.9304248E-04  -7.1106279E-05   1.7615618E-04  -1.8020827E-04   1.2263500E-05   1.7167005E-04  -2.4277631E-07  -2.8759109E-07   3.0301362E-07  -3.8182440E-07   1.4786034E-07  -4.3283737E-07   3.7238319E-07   1.2775501E-09
 -1.1887743E-09   3.5575598E-08  -4.3272186E-09  -1.6226656E-07  -1.4154460E-06   7.9567927E-07  -3.0398732E-07  -3.2110603E-08  -3.5373939E-09   6.9718197E-04  -2.8213018E-06  -3.4315808E-05   5.4824828E-04   1.3818682E-04  -2.9477242E-04  -1.2385595E-03  -1.9111885E-05  -3.5384517E-06  -3.0998643E-05   4.2289096E-04   9.7509941E-04   1.7353289E-07   3.1747062E-08   1.7166304E-07   4.8983966E-08  -5.7643644E-07  -1.7590630E-06   1.2775501E-09   3.9343022E-07
