# omegabh2 omegach2 theta tau omegak logA ns calPlanck aps100 aps143 aps217 acib217 asz143 psr cibr xi aksz dust100 dust143 dust217 dust143x217 cal0 cal2
  4.9580091E-08  -2.3676979E-07   4.9144484E-08   4.5956905E-07  -2.9058119E-07   5.8707426E-07   7.0307429E-07   4.3701387E-08  -6.7856486E-04  -5.2519630E-04   1.6654373E-04  -2.6632704E-04   4.3098335E-05   1.9103750E-06  -3.6266557E-06   2.5252436E-06  -8.1205421E-05   9.2982358E-07  -1.8755462E-06   2.0046933E-06   4.2033216E-07   1.5790589E-08  -5.7925100E-09
 -2.3676979E-07   3.8004392E-06  -4.3314276E-07  -5.4516193E-06   4.0795837E-06  -3.3344927E-06  -8.6861503E-06  -4.8033623E-07   1.0916651E-03   1.9655225E-03  -5.8966897E-04   1.0283834E-03  -1.3306705E-04  -1.6131728E-05   2.9330414E-05  -2.3600041E-05   2.7553586E-04  -5.3610181E-06   1.3146009E-05  -8.3919863E-06  -7.5791553E-06  -1.7815384E-07  -1.4437348E-09
  4.9144484E-08  -4.3314276E-07   2.2906481E-07   6.2556942E-07  -5.9803807E-07   5.2335615E-07   1.2796501E-06   2.3360466E-08  -1.5229892E-04  -3.2377695E-04   3.0477575E-06  -1.3277785E-04   2.7674057E-05   3.2154386E-06  -5.1225101E-06   5.0170599E-06  -3.9526594E-05  -2.6728050E-07  -1.2573679E-06   4.3641503E-07   1.4952894E-06   1.4025732E-08  -1.1922532E-08
  4.5956905E-07  -5.4516193E-06   6.2556942E-07   5.0997661E-05  -4.5906589E-06   8.8167487E-05   1.5491460E-05  -4.1749141E-07  -1.0178268E-02  -7.1164438E-03   1.5010886E-03  -2.9159432E-03   6.0169635E-05   3.9796171E-05  -9.6135171E-05   2.4606807E-05  -6.8935597E-04   2.9693945E-05  -2.2790925E-05   1.1163105E-05   4.2680386E-06   3.3073137E-08   4.0214627E-08
 -2.9058119E-07   4.0795837E-06  -5.9803807E-07  -4.5906589E-06   6.1288511E-06  -8.6392220E-07  -9.6135209E-06  -3.6047796E-07   2.2362769E-03   2.7288406E-03  -7.5471943E-04   1.4569096E-03  -1.4705470E-04  -1.5355237E-05   3.0990762E-05  -2.4224375E-05   2.1169955E-04  -9.5822401E-06   2.0611709E-05  -1.1958895E-05  -5.3122198E-06  -2.1556403E-07  -8.0818091E-09
  5.8707426E-07  -3.3344927E-06   5.2335615E-07   8.8167487E-05  -8.6392220E-07   1.9152354E-04   1.2268216E-05   1.0231593E-05  -1.5011330E-02  -8.4825644E-03   8.1150872E-03  -4.2930355E-03   3.7439037E-04   6.1822831E-05  -1.1966630E-04   5.0787224E-05  -2.2639888E-03   6.9290948E-06  -9.4742552E-05   3.3202239E-05  -1.4000077E-05   3.4759401E-07   1.3374645E-07
  7.0307429E-07  -8.6861503E-06   1.2796501E-06   1.5491460E-05  -9.6135209E-06   1.2268216E-05   3.1287484E-05   1.1733300E-06  -2.5972951E-02  -1.1937924E-02   1.0510377E-02  -8.2605617E-03   8.9847296E-04   1.0809694E-04  -1.7384581E-04   1.2396653E-04  -2.8029186E-03   5.0186245E-05  -4.9679482E-05   4.2642968E-05   7.7394833E-06  -3.1701121E-08  -3.0693893E-07
  4.3701387E-08  -4.8033623E-07   2.3360466E-08  -4.1749141E-07  -3.6047796E-07   1.0231593E-05   1.1733300E-06   6.1180353E-06   2.4143388E-03   6.3808267E-04   9.7534883E-04   7.3910107E-04   1.6717058E-04  -3.6415101E-06   2.4154579E-05   1.4276079E-05  -2.5505192E-04  -1.2269186E-05   8.1195248E-06   7.2155407E-06   6.7279412E-07   7.0454760E-09   1.4355670E-08
 -6.7856486E-04   1.0916651E-03  -1.5229892E-04  -1.0178268E-02   2.2362769E-03  -1.5011330E-02  -2.5972951E-02   2.4143388E-03   6.0502253E+02   6.3074644E+01  -5.5860369E+01   2.9160257E+01  -2.6484205E+01  -8.9463382E-01  -1.2397122E-01  -1.4380226E-01   1.3878914E+01  -3.4853124E-01   3.2483463E-01  -2.5603314E-01  -2.6418244E-01   5.6222404E-03   2.1743751E-03
 -5.2519630E-04   1.9655225E-03  -3.2377695E-04  -7.1164438E-03   2.7288406E-03  -8.4825644E-03  -1.1937924E-02   6.3808267E-04   6.3074644E+01   6.9310844E+01   6.4675996E+00   9.3322021E+00  -7.6070761E-01  -2.3817842E-02   4.6031920E-01   8.6272339E-01  -7.6281829E+00  -6.9262336E-02  -2.0110674E-01   2.2662840E-03   2.3596282E-02   6.3029204E-04   4.8664448E-04
  1.6654373E-04  -5.8966897E-04   3.0477575E-06   1.5010886E-03  -7.5471943E-04   8.1150872E-03   1.0510377E-02   9.7534883E-04  -5.5860369E+01   6.4675996E+00   1.7337465E+02  -8.0998409E+01   3.2158549E+00   3.7486854E-01  -9.7595709E-01   3.4031902E-01  -7.9222692E+00   7.1228170E-02  -2.1220717E-01   5.1569470E-01   8.3505724E-03   1.6202335E-03  -7.7144501E-03
 -2.6632704E-04   1.0283834E-03  -1.3277785E-04  -2.9159432E-03   1.4569096E-03  -4.2930355E-03  -8.2605617E-03   7.3910107E-04   2.9160257E+01   9.3322021E+00  -8.0998409E+01   5.0632483E+01   1.3501859E+00  -5.3407913E-02   6.7206120E-01  -2.3176262E-01  -2.4564310E+00  -4.8996394E-02   1.3766805E-01  -4.2691896E-01  -1.1367658E-01  -6.2491269E-04   3.0799838E-03
  4.3098335E-05  -1.3306705E-04   2.7674057E-05   6.0169635E-05  -1.4705470E-04   3.7439037E-04   8.9847296E-04   1.6717058E-04  -2.6484205E+01  -7.6070761E-01   3.2158549E+00   1.3501859E+00   4.4480004E+00   1.0500713E-01   1.4532857E-01  -4.4215180E-02  -3.7007884E+00  -3.1178616E-03  -1.3698212E-02   1.1518188E-02   5.6692523E-02   4.8539643E-04  -2.7691529E-04
  1.9103750E-06  -1.6131728E-05   3.2154386E-06   3.9796171E-05  -1.5355237E-05   6.1822831E-05   1.0809694E-04  -3.6415101E-06  -8.9463382E-01  -2.3817842E-02   3.7486854E-01  -5.3407913E-02   1.0500713E-01   1.6487771E-02  -1.6841397E-02   1.1624048E-02  -1.1061442E-01  -5.0007441E-05  -1.5260466E-03  -2.4335479E-03   5.6821776E-03   1.6936515E-05  -3.5103104E-05
 -3.6266557E-06   2.9330414E-05  -5.1225101E-06  -9.6135171E-05   3.0990762E-05  -1.1966630E-04  -1.7384581E-04   2.4154579E-05  -1.2397122E-01   4.6031920E-01  -9.7595709E-01   6.7206120E-01   1.4532857E-01  -1.6841397E-02   6.6862301E-02   5.8034981E-03  -1.4639209E-01   3.3756837E-04   6.2734184E-03  -1.5121047E-04  -1.8762445E-02  -5.7182355E-06   8.6729014E-05
  2.5252436E-06  -2.3600041E-05   5.0170599E-06   2.4606807E-05  -2.4224375E-05   5.0787224E-05   1.2396653E-04   1.4276079E-05  -1.4380226E-01   8.6272339E-01   3.4031902E-01  -2.3176262E-01  -4.4215180E-02   1.1624048E-02   5.8034981E-03   8.3541322E-02   4.3926514E-02   3.1131086E-04   4.6727494E-04   3.2597790E-04  -6.6138308E-04   1.3575711E-05  -5.6746152E-06
 -8.1205421E-05   2.7553586E-04  -3.9526594E-05  -6.8935597E-04   2.1169955E-04  -2.2639888E-03  -2.8029186E-03  -2.5505192E-04   1.3878914E+01  -7.6281829E+00  -7.9222692E+00  -2.4564310E+00  -3.7007884E+00  -1.1061442E-01  -1.4639209E-01   4.3926514E-02   7.5504137E+00  -1.0912894E-02   5.8176625E-03  -4.8084335E-04  -4.3419232E-02  -3.4353746E-04   1.2005562E-04
  9.2982358E-07  -5.3610181E-06  -2.6728050E-07   2.9693945E-05  -9.5822401E-06   6.9290948E-06   5.0186245E-05  -1.2269186E-05  -3.4853124E-01  -6.9262336E-02   7.1228170E-02  -4.8996394E-02  -3.1178616E-03  -5.0007441E-05   3.3756837E-04   3.1131086E-04  -1.0912894E-02   3.8757083E-02   2.6848058E-03   1.3239580E-04  -3.7690175E-04   3.5336116E-05  -1.4637079E-05
 -1.8755462E-06   1.3146009E-05  -1.2573679E-06  -2.2790925E-05   2.0611709E-05  -9.4742552E-05  -4.9679482E-05   8.1195248E-06   3.2483463E-01  -2.0110674E-01  -2.1220717E-01   1.3766805E-01  -1.3698212E-02  -1.5260466E-03   6.2734184E-03   4.6727494E-04   5.8176625E-03   2.6848058E-03   2.9978376E-02  -6.9663009E-04   4.6362381E-03  -8.0301401E-05  -4.3496286E-05
  2.0046933E-06  -8.3919863E-06   4.3641503E-07   1.1163105E-05  -1.1958895E-05   3.3202239E-05   4.2642968E-05   7.2155407E-06  -2.5603314E-01   2.2662840E-03   5.1569470E-01  -4.2691896E-01   1.1518188E-02  -2.4335479E-03  -1.5121047E-04   3.2597790E-04  -4.8084335E-04   1.3239580E-04  -6.9663009E-04   9.9483448E-03   7.8538543E-03   4.1406639E-06   5.9196399E-05
  4.2033216E-07  -7.5791553E-06   1.4952894E-06   4.2680386E-06  -5.3122198E-06  -1.4000077E-05   7.7394833E-06   6.7279412E-07  -2.6418244E-01   2.3596282E-02   8.3505724E-03  -1.1367658E-01   5.6692523E-02   5.6821776E-03  -1.8762445E-02  -6.6138308E-04  -4.3419232E-02  -3.7690175E-04   4.6362381E-03   7.8538543E-03   2.5477899E-02  -3.2221820E-06   5.1548719E-05
  1.5790589E-08  -1.7815384E-07   1.4025732E-08   3.3073137E-08  -2.1556403E-07   3.4759401E-07  -3.1701121E-08   7.0454760E-09   5.6222404E-03   6.3029204E-04   1.6202335E-03  -6.2491269E-04   4.8539643E-04   1.6936515E-05  -5.7182355E-06   1.3575711E-05  -3.4353746E-04   3.5336116E-05  -8.0301401E-05   4.1406639E-06  -3.2221820E-06   1.1194948E-06   4.8689217E-09
 -5.7925100E-09  -1.4437348E-09  -1.1922532E-08   4.0214627E-08  -8.0818091E-09   1.3374645E-07  -3.0693893E-07   1.4355670E-08   2.1743751E-03   4.8664448E-04  -7.7144501E-03   3.0799838E-03  -2.7691529E-04  -3.5103104E-05   8.6729014E-05  -5.6746152E-06   1.2005562E-04  -1.4637079E-05  -4.3496286E-05   5.9196399E-05   5.1548719E-05   4.8689217E-09   2.4264920E-06
