# omegabh2 omegach2 theta tau yhe logA ns calPlanck aps100 aps143 aps217 acib217 asz143 psr cibr xi aksz dust100 dust143 dust217 dust143x217 cal0 cal2 calTE calEE
  4.3368037E-08  -1.3165017E-07   9.7655105E-08   2.8356488E-07   2.2987351E-06   9.0184652E-07   1.2723844E-06   1.2985917E-08   3.9150240E-04   3.0392211E-04   2.8009934E-05   6.4064023E-05  -3.4142827E-05   8.7885020E-07  -1.9593191E-06   4.3395407E-06   6.7691472E-05   3.1627322E-06   1.7060607E-06   6.9469745E-07   3.0931265E-06  -9.7204730E-09   2.9495688E-08   2.1783583E-07   2.9737533E-07
 -1.3165017E-07   1.7585003E-06  -2.6613215E-07  -1.8614063E-06  -3.8169886E-06  -9.7813835E-07  -5.4587791E-06  -2.3566728E-07   1.2678134E-03   5.3075387E-05   2.5428300E-04   1.1043782E-04   8.5083838E-05  -4.1841777E-06   1.4423192E-05  -2.2465972E-05  -2.8624671E-04   4.0120750E-06  -3.1947881E-06  -5.7710071E-06  -1.7086114E-05   6.2672961E-08  -8.8195135E-08  -1.1044203E-06  -1.8449922E-06
  9.7655105E-08  -2.6613215E-07   4.4885896E-07   5.8607702E-07   1.0025415E-05   3.1325566E-06   4.6237085E-06   1.0874179E-08   3.4073674E-03   2.1915911E-03  -1.4398064E-04   8.8208865E-04  -1.3940999E-04  -3.8738342E-06   1.0289214E-05  -2.9106330E-06   3.5091058E-04   5.6074967E-06   1.0290695E-05  -2.8171885E-06   7.4074156E-06  -4.0334258E-08   8.9960921E-08   1.3071965E-06   2.4359301E-06
  2.8356488E-07  -1.8614063E-06   5.8607702E-07   5.3675523E-05   1.1006726E-05   1.0455012E-04   1.1781865E-05  -2.7174767E-07  -1.0757118E-02  -1.8951040E-04   3.0693530E-04  -2.8382254E-04   1.7134026E-04   2.7808583E-05  -1.3767553E-05   8.4275104E-05  -9.1995257E-04   8.0438592E-05  -9.5239269E-06   1.7208491E-06  -1.6782010E-06  -2.7564631E-07   6.3199390E-08  -2.3670953E-06   1.0987824E-06
  2.2987351E-06  -3.8169886E-06   1.0025415E-05   1.1006726E-05   2.7974812E-04   8.1991189E-05   1.1719177E-04  -1.6141749E-07   1.0904375E-01   6.5129901E-02  -1.0330924E-02   2.7955327E-02  -3.8522751E-03  -1.2515509E-04   3.4368408E-04  -5.6590582E-05   9.2923185E-03   1.7241681E-04   2.5172742E-04  -8.7909728E-05   2.1178349E-04  -7.0977341E-07   3.0994577E-06   3.6121286E-05   6.6306200E-05
  9.0184652E-07  -9.7813835E-07   3.1325566E-06   1.0455012E-04   8.1991189E-05   2.5083497E-04   4.0104216E-05   1.0703633E-05   9.7788122E-03   1.7397990E-02   1.0389086E-02   3.1544210E-03  -3.0125474E-04   4.5729930E-05   3.5972820E-05   1.8195558E-04  -1.5734571E-03   2.4967673E-04  -4.8495776E-05   2.4197299E-05   1.7377925E-05   8.8737674E-08   6.8565454E-07   2.0095063E-06   1.5727122E-05
  1.2723844E-06  -5.4587791E-06   4.6237085E-06   1.1781865E-05   1.1719177E-04   4.0104216E-05   6.7235237E-05   1.0080592E-06   2.3923712E-02   1.9425051E-02   4.0846038E-03   4.5866715E-03  -1.6922252E-03   2.1954859E-05  -4.7599909E-05   1.4195021E-04   3.0291584E-03   9.4046453E-05   9.8454882E-05   7.7307724E-06   1.3062523E-04  -6.8931048E-07   9.9248792E-07   1.5590759E-05   2.6014586E-05
  1.2985917E-08  -2.3566728E-07   1.0874179E-08  -2.7174767E-07  -1.6141749E-07   1.0703633E-05   1.0080592E-06   5.9791597E-06   1.1299710E-03   1.1892867E-04   3.0728120E-03  -6.4912438E-04   2.2943588E-05  -1.5161731E-06  -6.4264770E-06   9.0630809E-06  -9.7558926E-05   2.8732777E-05   3.4617738E-06   2.4498686E-05   1.3250005E-05   7.5431742E-09   6.5269587E-09   3.0611213E-08  -5.7573552E-07
  3.9150240E-04   1.2678134E-03   3.4073674E-03  -1.0757118E-02   1.0904375E-01   9.7788122E-03   2.3923712E-02   1.1299710E-03   6.2492370E+02   6.5328834E+01  -5.5837602E+01   3.5370454E+01  -2.5831344E+01  -7.5961107E-01  -4.1544913E-01  -3.6442165E-01   1.4252545E+01  -7.7498269E-02   2.2642617E-01  -2.3032049E-01  -3.0834846E-02   6.8916021E-03   5.0131272E-03   1.3376128E-02   3.0869357E-02
  3.0392211E-04   5.3075387E-05   2.1915911E-03  -1.8951040E-04   6.5129901E-02   1.7397990E-02   1.9425051E-02   1.1892867E-04   6.5328834E+01   7.6873550E+01   8.2236135E+00   1.1680872E+01  -1.1529995E+00  -3.0102003E-02   5.5265919E-01   8.4344578E-01  -5.9705613E+00   3.8255625E-02  -1.6236202E-01   2.0695822E-02   4.0901547E-02   4.0093496E-04   1.4298100E-03   9.6822997E-03   1.9357090E-02
  2.8009934E-05   2.5428300E-04  -1.4398064E-04   3.0693530E-04  -1.0330924E-02   1.0389086E-02   4.0846038E-03   3.0728120E-03  -5.5837602E+01   8.2236135E+00   1.7336940E+02  -8.3388723E+01   1.5317229E+00   3.4451596E-01  -1.0929857E+00   4.9694300E-01  -6.2700620E+00   1.1568470E-02  -2.4753561E-01   5.5498774E-01  -1.2200326E-03   1.2083746E-03  -7.6370983E-03   2.0929574E-04  -1.3974996E-03
  6.4064023E-05   1.1043782E-04   8.8208865E-04  -2.8382254E-04   2.7955327E-02   3.1544210E-03   4.5866715E-03  -6.4912438E-04   3.5370454E+01   1.1680872E+01  -8.3388723E+01   5.3889219E+01   1.6991435E+00  -8.9570715E-02   8.3579364E-01  -3.2076677E-01  -2.0233387E+00   4.5473726E-02   1.6802080E-01  -4.4460908E-01  -1.3474364E-01  -3.7531717E-04   3.5303684E-03   3.1015391E-03   7.6452004E-03
 -3.4142827E-05   8.5083838E-05  -1.3940999E-04   1.7134026E-04  -3.8522751E-03  -3.0125474E-04  -1.6922252E-03   2.2943588E-05  -2.5831344E+01  -1.1529995E+00   1.5317229E+00   1.6991435E+00   4.1763599E+00   8.5316621E-02   1.8389246E-01  -2.4416579E-02  -3.2532516E+00  -7.9540017E-03   8.9724380E-03   1.0158242E-02   3.8022948E-02   3.5817052E-04  -1.7404464E-04  -6.3749218E-04  -9.1319474E-04
  8.7885020E-07  -4.1841777E-06  -3.8738342E-06   2.7808583E-05  -1.2515509E-04   4.5729930E-05   2.1954859E-05  -1.5161731E-06  -7.5961107E-01  -3.0102003E-02   3.4451596E-01  -8.9570715E-02   8.5316621E-02   1.4993513E-02  -1.5250912E-02   1.3922023E-02  -9.8462216E-02   4.0120249E-04  -9.1195030E-04  -1.9536168E-03   4.6703785E-03   1.5103213E-05  -3.6028207E-05  -1.7266269E-05  -1.7234100E-05
 -1.9593191E-06   1.4423192E-05   1.0289214E-05  -1.3767553E-05   3.4368408E-04   3.5972820E-05  -4.7599909E-05  -6.4264770E-06  -4.1544913E-01   5.5265919E-01  -1.0929857E+00   8.3579364E-01   1.8389246E-01  -1.5250912E-02   6.8517010E-02   1.1210649E-03  -1.5937127E-01  -9.8163094E-04   6.4582888E-03  -1.3309791E-03  -1.8227289E-02  -2.6413054E-06   9.9880893E-05   5.9640408E-05   9.1935416E-05
  4.3395407E-06  -2.2465972E-05  -2.9106330E-06   8.4275104E-05  -5.6590582E-05   1.8195558E-04   1.4195021E-04   9.0630809E-06  -3.6442165E-01   8.4344578E-01   4.9694300E-01  -3.2076677E-01  -2.4416579E-02   1.3922023E-02   1.1210649E-03   8.4785177E-02  -2.0905171E-02   4.6562939E-04   9.2116817E-05   1.2001678E-03   8.3882098E-04   1.5745817E-05  -1.1242769E-05   5.1071894E-05   2.2548997E-05
  6.7691472E-05  -2.8624671E-04   3.5091058E-04  -9.1995257E-04   9.2923185E-03  -1.5734571E-03   3.0291584E-03  -9.7558926E-05   1.4252545E+01  -5.9705613E+00  -6.2700620E+00  -2.0233387E+00  -3.2532516E+00  -9.8462216E-02  -1.5937127E-01  -2.0905171E-02   7.1491151E+00  -1.1912420E-02  -2.7250918E-03  -5.0520262E-03  -2.5085462E-02  -3.3468584E-04  -2.7230342E-06   1.6182657E-03   2.1444567E-03
  3.1627322E-06   4.0120750E-06   5.6074967E-06   8.0438592E-05   1.7241681E-04   2.4967673E-04   9.4046453E-05   2.8732777E-05  -7.7498269E-02   3.8255625E-02   1.1568470E-02   4.5473726E-02  -7.9540017E-03   4.0120249E-04  -9.8163094E-04   4.6562939E-04  -1.1912420E-02   3.7814099E-02   2.2324695E-03  -6.6722331E-04   4.4145478E-04   3.9879558E-05   4.2305231E-06  -2.7639274E-05  -3.4576528E-05
  1.7060607E-06  -3.1947881E-06   1.0290695E-05  -9.5239269E-06   2.5172742E-04  -4.8495776E-05   9.8454882E-05   3.4617738E-06   2.2642617E-01  -1.6236202E-01  -2.4753561E-01   1.6802080E-01   8.9724380E-03  -9.1195030E-04   6.4582888E-03   9.2116817E-05  -2.7250918E-03   2.2324695E-03   2.8244421E-02   5.7244294E-05   6.3562862E-03  -7.8177096E-05  -1.8290674E-05  -3.4326110E-05  -2.2980670E-05
  6.9469745E-07  -5.7710071E-06  -2.8171885E-06   1.7208491E-06  -8.7909728E-05   2.4197299E-05   7.7307724E-06   2.4498686E-05  -2.3032049E-01   2.0695822E-02   5.5498774E-01  -4.4460908E-01   1.0158242E-02  -1.9536168E-03  -1.3309791E-03   1.2001678E-03  -5.0520262E-03  -6.6722331E-04   5.7244294E-05   1.0396305E-02   8.9060422E-03  -3.4416504E-07   6.2267730E-05  -1.2707785E-05  -3.6992422E-05
  3.0931265E-06  -1.7086114E-05   7.4074156E-06  -1.6782010E-06   2.1178349E-04   1.7377925E-05   1.3062523E-04   1.3250005E-05  -3.0834846E-02   4.0901547E-02  -1.2200326E-03  -1.3474364E-01   3.8022948E-02   4.6703785E-03  -1.8227289E-02   8.3882098E-04  -2.5085462E-02   4.4145478E-04   6.3562862E-03   8.9060422E-03   2.7034047E-02  -1.3940016E-05   6.7304351E-05   1.4781643E-05   5.4185183E-05
 -9.7204730E-09   6.2672961E-08  -4.0334258E-08  -2.7564631E-07  -7.0977341E-07   8.8737674E-08  -6.8931048E-07   7.5431742E-09   6.8916021E-03   4.0093496E-04   1.2083746E-03  -3.7531717E-04   3.5817052E-04   1.5103213E-05  -2.6413054E-06   1.5745817E-05  -3.3468584E-04   3.9879558E-05  -7.8177096E-05  -3.4416504E-07  -1.3940016E-05   1.1251712E-06   3.6346456E-08   9.5631335E-08   3.0039821E-07
  2.9495688E-08  -8.8195135E-08   8.9960921E-08   6.3199390E-08   3.0994577E-06   6.8565454E-07   9.9248792E-07   6.5269587E-09   5.0131272E-03   1.4298100E-03  -7.6370983E-03   3.5303684E-03  -1.7404464E-04  -3.6028207E-05   9.9880893E-05  -1.1242769E-05  -2.7230342E-06   4.2305231E-06  -1.8290674E-05   6.2267730E-05   6.7304351E-05   3.6346456E-08   2.4880373E-06   5.8885286E-07   7.9770430E-07
  2.1783583E-07  -1.1044203E-06   1.3071965E-06  -2.3670953E-06   3.6121286E-05   2.0095063E-06   1.5590759E-05   3.0611213E-08   1.3376128E-02   9.6822997E-03   2.0929574E-04   3.1015391E-03  -6.3749218E-04  -1.7266269E-05   5.9640408E-05   5.1071894E-05   1.6182657E-03  -2.7639274E-05  -3.4326110E-05  -1.2707785E-05   1.4781643E-05   9.5631335E-08   5.8885286E-07   2.8197201E-05   1.7133146E-05
  2.9737533E-07  -1.8449922E-06   2.4359301E-06   1.0987824E-06   6.6306200E-05   1.5727122E-05   2.6014586E-05  -5.7573552E-07   3.0869357E-02   1.9357090E-02  -1.3974996E-03   7.6452004E-03  -9.1319474E-04  -1.7234100E-05   9.1935416E-05   2.2548997E-05   2.1444567E-03  -3.4576528E-05  -2.2980670E-05  -3.6992422E-05   5.4185183E-05   3.0039821E-07   7.9770430E-07   1.7133146E-05   4.1576469E-05
