# omegabh2 omegach2 theta tau mnu nnu logA ns calPlanck aps100 aps143 aps217 acib217 asz143 psr cibr xi aksz dust100 dust143 dust217 dust143x217 cal0 cal2 calTE calEE
  3.5786567E-08   3.0974882E-07  -3.2509203E-08   1.8730467E-07   1.8464393E-06   2.3759583E-05   1.3037432E-06   9.6958629E-07   1.7911996E-08   1.8223163E-04   7.6760209E-05  -4.1874253E-05   4.6485515E-05  -6.6642909E-07  -4.6957508E-07   1.1245532E-06  -3.9841898E-07   1.9355433E-05   5.8063751E-07   5.8830794E-07   7.1978840E-08   4.7144302E-07   1.7745385E-09   8.0744110E-09   5.0954329E-08   2.8824261E-08
  3.0974882E-07   1.1300349E-05  -1.2329527E-06  -8.0167136E-07   2.0423322E-05   6.5286378E-04   2.7750164E-05   1.8369778E-05  -1.5147120E-07   1.6490534E-02   1.0355969E-02  -3.0245209E-03   4.7429398E-03  -6.3714514E-04  -3.8192688E-05   9.0968338E-05  -2.5863516E-05   1.2844072E-03   1.7717366E-05   2.6688234E-05  -1.6921762E-05   1.5115109E-05  -6.7606661E-08   4.1606124E-07   3.9600830E-06   7.3883008E-06
 -3.2509203E-08  -1.2329527E-06   2.2626241E-07   4.8466724E-08  -3.1478864E-06  -7.5453193E-05  -3.0294503E-06  -2.1730434E-06   2.0913604E-08  -1.8454873E-03  -1.1483538E-03   4.0635686E-04  -5.7053275E-04   6.6812360E-05   3.7802746E-06  -9.5099496E-06   1.7815644E-06  -1.4457420E-04  -3.7049072E-06  -2.8611427E-06   2.1808861E-06  -2.3859241E-06   4.1416825E-09  -5.4024082E-08  -5.4593549E-07  -9.1074709E-07
  1.8730467E-07  -8.0167136E-07   4.8466724E-08   5.8199705E-05   4.1310045E-05   4.5381713E-05   1.1395274E-04   7.7777625E-06  -1.5056863E-07  -8.2820490E-03  -3.9637279E-03   1.0206655E-03  -1.1720683E-03   3.9693399E-04   2.4941835E-05  -3.4215722E-05  -1.6479986E-05  -8.6593055E-04   7.9775390E-06  -1.1857424E-05  -4.8637199E-06  -2.0392747E-05  -1.9925622E-08  -1.1459337E-07  -3.7127112E-06  -1.1352291E-06
  1.8464393E-06   2.0423322E-05  -3.1478864E-06   4.1310045E-05   2.4960157E-03   2.3080829E-03   1.4385718E-04   1.0616043E-04   4.0045356E-06   7.4584521E-02   3.3884420E-02  -2.4382685E-02   2.5701229E-02  -5.6048849E-04  -1.2446078E-04   4.1600647E-04  -2.7089157E-04   4.9596932E-03   9.1584569E-06   8.5598547E-05  -1.0948457E-04   1.9627613E-04   2.7801723E-07   2.1518948E-06   3.2456907E-05   4.2992541E-05
  2.3759583E-05   6.5286378E-04  -7.5453193E-05   4.5381713E-05   2.3080829E-03   4.1938760E-02   1.8116063E-03   1.3445215E-03  -1.9135478E-06   1.0258074E+00   6.2626341E-01  -2.0781246E-01   3.0445129E-01  -3.5061392E-02  -2.1937223E-03   5.5048810E-03  -1.7437341E-03   7.9490603E-02   1.1557762E-03   1.7102822E-03  -1.1270642E-03   1.1422212E-03  -2.8848662E-06   2.6430368E-05   2.7228022E-04   5.1214952E-04
  1.3037432E-06   2.7750164E-05  -3.0294503E-06   1.1395274E-04   1.4385718E-04   1.8116063E-03   3.2891945E-04   6.3665416E-05   1.2002687E-05   2.9661471E-02   2.0039136E-02   1.8423577E-03   8.7734248E-03  -8.4240832E-04  -4.1834494E-06   1.0926719E-04  -2.3293397E-05   8.0236096E-04   3.5389031E-05  -5.4406247E-05  -3.6545694E-05  -2.2788402E-05   4.4482502E-07   8.0378097E-07   2.4476162E-06   1.9484206E-05
  9.6958629E-07   1.8369778E-05  -2.1730434E-06   7.7777625E-06   1.0616043E-04   1.3445215E-03   6.3665416E-05   5.8954393E-05   4.1294257E-07   9.7253990E-03   1.2685483E-02   1.9238782E-03   3.8618668E-03  -4.4648308E-04  -3.0269074E-06   6.6459687E-05  -5.7942717E-06   6.6790610E-04   4.4078389E-05   3.2928512E-05  -7.6640201E-06   3.0721149E-05  -4.2878393E-07   4.2866656E-07   8.6831023E-06   1.3742018E-05
  1.7911996E-08  -1.5147120E-07   2.0913604E-08  -1.5056863E-07   4.0045356E-06  -1.9135478E-06   1.2002687E-05   4.1294257E-07   6.2945279E-06   2.1886021E-03   5.5641360E-05   1.3700516E-03   4.2578409E-04  -2.0110637E-05   7.0429562E-06  -2.3015523E-06   1.9197164E-05   6.3971588E-05  -5.9494805E-06  -8.4690975E-07   3.5403244E-06  -5.7236227E-06  -5.2503959E-09  -6.4398974E-08  -4.7037999E-07  -1.4609678E-07
  1.8223163E-04   1.6490534E-02  -1.8454873E-03  -8.2820490E-03   7.4584521E-02   1.0258074E+00   2.9661471E-02   9.7253990E-03   2.1886021E-03   6.2992065E+02   7.0415555E+01  -6.6280843E+01   3.9489151E+01  -2.5558197E+01  -9.6010510E-01   7.2065892E-02  -3.6378570E-01   1.3697714E+01  -1.3023616E-01   3.8851954E-01  -2.6670273E-01  -1.5020559E-01   6.5705741E-03   4.1115853E-03   9.5113132E-03   2.0318461E-02
  7.6760209E-05   1.0355969E-02  -1.1483538E-03  -3.9637279E-03   3.3884420E-02   6.2626341E-01   2.0039136E-02   1.2685483E-02   5.5641360E-05   7.0415555E+01   7.5710548E+01   4.8284725E+00   1.1423484E+01  -8.5783949E-01  -4.7826962E-02   5.2177530E-01   8.6810915E-01  -7.0839943E+00  -1.1473916E-02  -1.8254453E-01   3.1796967E-02   9.5566412E-02   7.1815423E-04   1.1405622E-03   6.5035637E-03   1.3697864E-02
 -4.1874253E-05  -3.0245209E-03   4.0635686E-04   1.0206655E-03  -2.4382685E-02  -2.0781246E-01   1.8423577E-03   1.9238782E-03   1.3700516E-03  -6.6280843E+01   4.8284725E+00   1.7360492E+02  -8.4466189E+01   2.4592197E+00   3.8378181E-01  -1.1172114E+00   3.8815135E-01  -6.6567112E+00  -2.9437034E-02  -2.9276415E-01   5.5217203E-01   5.0345137E-04   1.5820064E-03  -7.9718417E-03   1.0859210E-03  -1.3762112E-03
  4.6485515E-05   4.7429398E-03  -5.7053275E-04  -1.1720683E-03   2.5701229E-02   3.0445129E-01   8.7734248E-03   3.8618668E-03   4.2578409E-04   3.9489151E+01   1.1423484E+01  -8.4466189E+01   5.4678023E+01   1.6299913E+00  -7.7022040E-02   8.0423508E-01  -2.8663901E-01  -2.6378073E+00   1.9190164E-02   1.8818699E-01  -4.5846065E-01  -1.1744904E-01  -5.5725432E-04   3.4460364E-03   1.2636517E-03   5.1735124E-03
 -6.6642909E-07  -6.3714514E-04   6.6812360E-05   3.9693399E-04  -5.6048849E-04  -3.5061392E-02  -8.4240832E-04  -4.4648308E-04  -2.0110637E-05  -2.5558197E+01  -8.5783949E-01   2.4592197E+00   1.6299913E+00   4.3486864E+00   1.0663630E-01   1.5082768E-01  -3.5073707E-02  -3.5951271E+00  -8.0115838E-03  -8.2657493E-03   7.8530540E-03   5.0767701E-02   4.7570809E-04  -2.6162424E-04  -4.1233645E-04  -6.7129953E-04
 -4.6957508E-07  -3.8192688E-05   3.7802746E-06   2.4941835E-05  -1.2446078E-04  -2.1937223E-03  -4.1834494E-06  -3.0269074E-06   7.0429562E-06  -9.6010510E-01  -4.7826962E-02   3.8378181E-01  -7.7022040E-02   1.0663630E-01   1.7213043E-02  -1.7415266E-02   1.2210807E-02  -1.0854996E-01  -4.1282945E-04  -1.5519257E-03  -2.5054579E-03   5.2622742E-03   1.7983591E-05  -4.2910346E-05  -1.9546072E-06  -2.2993930E-05
  1.1245532E-06   9.0968338E-05  -9.5099496E-06  -3.4215722E-05   4.1600647E-04   5.5048810E-03   1.0926719E-04   6.6459687E-05  -2.3015523E-06   7.2065892E-02   5.2177530E-01  -1.1172114E+00   8.0423508E-01   1.5082768E-01  -1.7415266E-02   6.9538508E-02   3.3260128E-03  -1.5492988E-01   6.0058697E-04   7.7356209E-03  -8.1209366E-04  -1.7743490E-02  -8.3817802E-06   1.0048214E-04   1.4141621E-05   7.8356760E-05
 -3.9841898E-07  -2.5863516E-05   1.7815644E-06  -1.6479986E-05  -2.7089157E-04  -1.7437341E-03  -2.3293397E-05  -5.7942717E-06   1.9197164E-05  -3.6378570E-01   8.6810915E-01   3.8815135E-01  -2.8663901E-01  -3.5073707E-02   1.2210807E-02   3.3260128E-03   8.2142946E-02   3.7790725E-02  -6.5199205E-04  -2.8418810E-04   1.1668310E-03   9.9204120E-04   1.4810017E-05  -1.3549302E-05   8.1196997E-06   4.8631569E-06
  1.9355433E-05   1.2844072E-03  -1.4457420E-04  -8.6593055E-04   4.9596932E-03   7.9490603E-02   8.0236096E-04   6.6790610E-04   6.3971588E-05   1.3697714E+01  -7.0839943E+00  -6.6567112E+00  -2.6378073E+00  -3.5951271E+00  -1.0854996E-01  -1.5492988E-01   3.7790725E-02   7.4762207E+00   5.2755303E-03  -3.7656029E-03  -3.3395531E-03  -4.6789020E-02  -3.3758630E-04   5.3775851E-05   4.0697079E-04   6.2166760E-04
  5.8063751E-07   1.7717366E-05  -3.7049072E-06   7.9775390E-06   9.1584569E-06   1.1557762E-03   3.5389031E-05   4.4078389E-05  -5.9494805E-06  -1.3023616E-01  -1.1473916E-02  -2.9437034E-02   1.9190164E-02  -8.0115838E-03  -4.1282945E-04   6.0058697E-04  -6.5199205E-04   5.2755303E-03   3.8531913E-02   2.7163489E-03  -1.3948269E-04   1.0329009E-04   3.6094800E-05  -1.8909851E-06  -7.0166561E-06  -3.2490202E-06
  5.8830794E-07   2.6688234E-05  -2.8611427E-06  -1.1857424E-05   8.5598547E-05   1.7102822E-03  -5.4406247E-05   3.2928512E-05  -8.4690975E-07   3.8851954E-01  -1.8254453E-01  -2.9276415E-01   1.8818699E-01  -8.2657493E-03  -1.5519257E-03   7.7356209E-03  -2.8418810E-04  -3.7656029E-03   2.7163489E-03   3.0970370E-02  -8.7948715E-04   5.1404150E-03  -8.1425376E-05  -4.1599555E-05  -6.8040806E-05  -5.7313178E-05
  7.1978840E-08  -1.6921762E-05   2.1808861E-06  -4.8637199E-06  -1.0948457E-04  -1.1270642E-03  -3.6545694E-05  -7.6640201E-06   3.5403244E-06  -2.6670273E-01   3.1796967E-02   5.5217203E-01  -4.5846065E-01   7.8530540E-03  -2.5054579E-03  -8.1209366E-04   1.1668310E-03  -3.3395531E-03  -1.3948269E-04  -8.7948715E-04   1.0673873E-02   8.6808101E-03   4.6035357E-06   6.1897123E-05  -1.6151267E-06  -2.3432822E-05
  4.7144302E-07   1.5115109E-05  -2.3859241E-06  -2.0392747E-05   1.9627613E-04   1.1422212E-03  -2.2788402E-05   3.0721149E-05  -5.7236227E-06  -1.5020559E-01   9.5566412E-02   5.0345137E-04  -1.1744904E-01   5.0767701E-02   5.2622742E-03  -1.7743490E-02   9.9204120E-04  -4.6789020E-02   1.0329009E-04   5.1404150E-03   8.6808101E-03   2.6569485E-02  -2.3738184E-06   5.9510970E-05  -1.3408276E-05   6.1201039E-06
  1.7745385E-09  -6.7606661E-08   4.1416825E-09  -1.9925622E-08   2.7801723E-07  -2.8848662E-06   4.4482502E-07  -4.2878393E-07  -5.2503959E-09   6.5705741E-03   7.1815423E-04   1.5820064E-03  -5.5725432E-04   4.7570809E-04   1.7983591E-05  -8.3817802E-06   1.4810017E-05  -3.3758630E-04   3.6094800E-05  -8.1425376E-05   4.6035357E-06  -2.3738184E-06   1.1323479E-06   5.4039029E-08   3.2991666E-07   5.4066176E-07
  8.0744110E-09   4.1606124E-07  -5.4024082E-08  -1.1459337E-07   2.1518948E-06   2.6430368E-05   8.0378097E-07   4.2866656E-07  -6.4398974E-08   4.1115853E-03   1.1405622E-03  -7.9718417E-03   3.4460364E-03  -2.6162424E-04  -4.2910346E-05   1.0048214E-04  -1.3549302E-05   5.3775851E-05  -1.8909851E-06  -4.1599555E-05   6.1897123E-05   5.9510970E-05   5.4039029E-08   2.5214437E-06   4.7458649E-07   6.6101739E-07
  5.0954329E-08   3.9600830E-06  -5.4593549E-07  -3.7127112E-06   3.2456907E-05   2.7228022E-04   2.4476162E-06   8.6831023E-06  -4.7037999E-07   9.5113132E-03   6.5035637E-03   1.0859210E-03   1.2636517E-03  -4.1233645E-04  -1.9546072E-06   1.4141621E-05   8.1196997E-06   4.0697079E-04  -7.0166561E-06  -6.8040806E-05  -1.6151267E-06  -1.3408276E-05   3.2991666E-07   4.7458649E-07   2.6350619E-05   1.1882785E-05
  2.8824261E-08   7.3883008E-06  -9.1074709E-07  -1.1352291E-06   4.2992541E-05   5.1214952E-04   1.9484206E-05   1.3742018E-05  -1.4609678E-07   2.0318461E-02   1.3697864E-02  -1.3762112E-03   5.1735124E-03  -6.7129953E-04  -2.2993930E-05   7.8356760E-05   4.8631569E-06   6.2166760E-04  -3.2490202E-06  -5.7313178E-05  -2.3432822E-05   6.1201039E-06   5.4066176E-07   6.6101739E-07   1.1882785E-05   3.0879228E-05
