# omegabh2 omegach2 theta tau logA ns nrun calPlanck galfTE100 galfTE100143 galfTE100217 galfTE143 galfTE143217 galfTE217 cal0 cal2
  5.4004212E-08  -7.0530559E-08   1.4547367E-08   1.4442999E-07   7.1232808E-07   1.4242895E-06   6.4927687E-07   3.8576363E-08  -2.3721221E-07   6.6852230E-08  -5.2394183E-07  -8.0301681E-08  -6.6864586E-07  -3.8232952E-06   9.0716409E-09   1.4372596E-09
 -7.0530559E-08   1.5728497E-06  -2.1833725E-08   3.9264204E-08   5.3926759E-06  -6.6793835E-06  -7.3196641E-06  -8.4989700E-08   4.7444014E-07   6.2754455E-07   2.5588523E-06   8.2836204E-07   5.9795902E-07   3.8955596E-06  -4.1715200E-09   9.6298626E-09
  1.4547367E-08  -2.1833725E-08   2.0751069E-07   1.2822266E-07   4.8108316E-07   1.4563143E-07  -3.3461890E-07   2.2002721E-08  -1.0611355E-07  -5.0047544E-07  -1.1694500E-06  -8.4352544E-08   6.6386095E-07  -4.2716335E-07   8.5600253E-10  -1.6992186E-09
  1.4442999E-07   3.9264204E-08   1.2822266E-07   3.2952674E-05   7.6947185E-05  -5.3681278E-06  -3.7584452E-05   9.7149868E-08   3.5175675E-06   3.0227161E-06   8.5239027E-06  -7.3269681E-06   8.7282283E-08  -7.1571487E-06   3.5464067E-08  -2.7436221E-08
  7.1232808E-07   5.3926759E-06   4.8108316E-07   7.6947185E-05   2.7758445E-04  -2.8214033E-05  -1.6746319E-04   1.3221828E-05   2.0626419E-05   1.1530453E-05   2.3403681E-05  -2.3290596E-05  -5.1522675E-06   5.1989430E-05   2.8180415E-07   7.9420760E-08
  1.4242895E-06  -6.6793835E-06   1.4563143E-07  -5.3681278E-06  -2.8214033E-05   1.9486765E-04   2.2153359E-04   2.5236963E-06   8.9176940E-06   2.4057747E-06   6.8502595E-06   2.1986724E-05   2.5834392E-05   1.0466244E-04   2.1103463E-07  -2.0427467E-07
  6.4927687E-07  -7.3196641E-06  -3.3461890E-07  -3.7584452E-05  -1.6746319E-04   2.2153359E-04   5.3739687E-04   3.2536989E-06   1.3581757E-05  -1.0239931E-05   2.2568086E-05   6.6419515E-05   4.8558987E-05   2.4655308E-04   2.5324283E-07   5.6899022E-08
  3.8576363E-08  -8.4989700E-08   2.2002721E-08   9.7149868E-08   1.3221828E-05   2.5236963E-06   3.2536989E-06   6.3927489E-06   4.9858986E-07  -7.6017181E-07   1.7273642E-06  -9.4120533E-07  -1.6557504E-06   1.3299244E-05   6.3854378E-09  -5.7928014E-09
 -2.3721221E-07   4.7444014E-07  -1.0611355E-07   3.5175675E-06   2.0626419E-05   8.9176940E-06   1.3581757E-05   4.9858986E-07   1.4919246E-03   2.9642016E-04   1.6184702E-04  -3.6482503E-04  -1.1224705E-04  -2.0776717E-04   5.2812400E-07  -3.4814282E-07
  6.6852230E-08   6.2754455E-07  -5.0047544E-07   3.0227161E-06   1.1530453E-05   2.4057747E-06  -1.0239931E-05  -7.6017181E-07   2.9642016E-04   9.0788527E-04   5.3705993E-05   7.4171765E-04  -1.9409428E-05  -8.9616650E-04   7.6899688E-07  -3.5990572E-07
 -5.2394183E-07   2.5588523E-06  -1.1694500E-06   8.5239027E-06   2.3403681E-05   6.8502595E-06   2.2568086E-05   1.7273642E-06   1.6184702E-04   5.3705993E-05   7.0798727E-03  -2.8214115E-04   6.5876313E-04   4.3498522E-03  -8.1459961E-07  -5.8219174E-07
 -8.0301681E-08   8.2836204E-07  -8.4352544E-08  -7.3269681E-06  -2.3290596E-05   2.1986724E-05   6.6419515E-05  -9.4120533E-07  -3.6482503E-04   7.4171765E-04  -2.8214115E-04   2.8934262E-03   4.3143300E-04  -1.3132651E-03   8.5169706E-07  -3.2522589E-07
 -6.6864586E-07   5.9795902E-07   6.6386095E-07   8.7282283E-08  -5.1522675E-06   2.5834392E-05   4.8558987E-05  -1.6557504E-06  -1.1224705E-04  -1.9409428E-05   6.5876313E-04   4.3143300E-04   6.4445907E-03   8.2273216E-03   8.9585209E-07  -2.1386758E-07
 -3.8232952E-06   3.8955596E-06  -4.2716335E-07  -7.1571487E-06   5.1989430E-05   1.0466244E-04   2.4655308E-04   1.3299244E-05  -2.0776717E-04  -8.9616650E-04   4.3498522E-03  -1.3132651E-03   8.2273216E-03   7.4442810E-02  -1.0842839E-06   5.5300643E-07
  9.0716409E-09  -4.1715200E-09   8.5600253E-10   3.5464067E-08   2.8180415E-07   2.1103463E-07   2.5324283E-07   6.3854378E-09   5.2812400E-07   7.6899688E-07  -8.1459961E-07   8.5169706E-07   8.9585209E-07  -1.0842839E-06   4.6783559E-07  -9.3262895E-09
  1.4372596E-09   9.6298626E-09  -1.6992186E-09  -2.7436221E-08   7.9420760E-08  -2.0427467E-07   5.6899022E-08  -5.7928014E-09  -3.4814282E-07  -3.5990572E-07  -5.8219174E-07  -3.2522589E-07  -2.1386758E-07   5.5300643E-07  -9.3262895E-09   4.2331732E-07
