# omegabh2 omegach2 theta tau Alens logA ns calPlanck acib217 xi asz143 aps100 aps143 aps143217 aps217 aksz kgal100 kgal143 kgal143217 kgal217 cal0 cal2
    0.7664840E-07   -0.4157551E-06    0.7800725E-07    0.3668949E-06    0.1506514E-04   -0.4646474E-07    0.1269722E-05    0.5236683E-08   -0.3892669E-03    0.7898327E-05    0.7553281E-04   -0.1523830E-02   -0.8644629E-03   -0.2507965E-03    0.4646415E-04   -0.1155378E-03    0.3608614E-05   -0.1003840E-04   -0.6467316E-04    0.1474897E-05    0.4838728E-08   -0.4163872E-07
   -0.4157551E-06    0.5316386E-05   -0.6309481E-06   -0.6096402E-05   -0.1162636E-03   -0.1196991E-06   -0.1350864E-04   -0.2166543E-07    0.1716512E-02   -0.3754895E-04   -0.3399464E-03    0.7184021E-02    0.4318014E-02    0.1463741E-02    0.2171010E-03    0.5761254E-03   -0.4834483E-06    0.9207790E-05    0.3539239E-03    0.2245137E-03   -0.2665888E-07    0.2233100E-06
    0.7800725E-07   -0.6309481E-06    0.2584475E-06    0.6331495E-06    0.1859891E-04    0.6363491E-07    0.1915245E-05   -0.5185470E-08   -0.2596327E-03    0.5131192E-05    0.4922414E-04   -0.1181632E-02   -0.7147285E-03   -0.3071757E-03   -0.6348944E-04   -0.8835588E-04   -0.1174901E-04   -0.3365525E-05   -0.7115965E-04   -0.8024089E-04   -0.5515648E-09   -0.3586370E-07
    0.3668949E-06   -0.6096402E-05    0.6331495E-06    0.4299726E-03   -0.9113158E-03    0.8427839E-03    0.2420875E-04    0.5051576E-06   -0.6289785E-02    0.1866252E-03    0.9191289E-03   -0.2462033E-01   -0.7261057E-02    0.1213978E-02    0.5425760E-02   -0.1079801E-02    0.2557255E-04   -0.3680261E-03   -0.4030265E-03    0.3479308E-03   -0.2284063E-06   -0.7911454E-06
    0.1506514E-04   -0.1162636E-03    0.1859891E-04   -0.9113158E-03    0.9934282E-02   -0.2078651E-02    0.3311725E-03   -0.1273260E-04   -0.1037841E+00    0.2052169E-02    0.1658761E-01   -0.4051549E+00   -0.2083207E+00   -0.5618051E-01    0.2354536E-01   -0.3161111E-01    0.8767548E-03   -0.4616989E-02   -0.2383192E-01   -0.1313831E-01    0.1203724E-05   -0.1388750E-04
   -0.4646474E-07   -0.1196991E-06    0.6363491E-07    0.8427839E-03   -0.2078651E-02    0.1707826E-02    0.1631939E-04    0.1361788E-04   -0.8790586E-02    0.3429269E-03    0.9859792E-03   -0.2868778E-01   -0.4621492E-02    0.7380942E-02    0.1601224E-01   -0.1440741E-02   -0.1182876E-03   -0.1217424E-02   -0.7360062E-03    0.2510900E-02   -0.2303966E-06   -0.1112313E-05
    0.1269722E-05   -0.1350864E-04    0.1915245E-05    0.2420875E-04    0.3311725E-03    0.1631939E-04    0.4593415E-04    0.9432182E-07   -0.9999811E-02    0.2453196E-03    0.1853189E-02   -0.4519160E-01   -0.1817680E-01   -0.1363961E-02    0.5419075E-02   -0.3608296E-02    0.3143464E-03   -0.2171452E-03   -0.1865571E-02   -0.6467420E-03   -0.1646729E-06   -0.1124802E-05
    0.5236683E-08   -0.2166543E-07   -0.5185470E-08    0.5051576E-06   -0.1273260E-04    0.1361788E-04    0.9432182E-07    0.6344024E-05    0.1041401E-02   -0.5237717E-05   -0.7150527E-04    0.4301020E-02    0.2925418E-03   -0.9284543E-04    0.6854575E-03    0.1155086E-03    0.5508563E-04    0.3742966E-04   -0.1118538E-03    0.5678970E-03    0.1826653E-07    0.2952381E-07
   -0.3892669E-03    0.1716512E-02   -0.2596327E-03   -0.6289785E-02   -0.1037841E+00   -0.8790586E-02   -0.9999811E-02    0.1041401E-02    0.4541212E+02   -0.5267722E+00   -0.2100280E+01    0.5114602E+02    0.4106071E+01   -0.2060413E+02   -0.6215012E+02    0.9397221E+00    0.1854362E-02    0.2306436E+00   -0.1281140E+01   -0.1821098E+02   -0.1598032E-03    0.4627004E-02
    0.7898327E-05   -0.3754895E-04    0.5131192E-05    0.1866252E-03    0.2052169E-02    0.3429269E-03    0.2453196E-03   -0.5237717E-05   -0.5267722E+00    0.7915115E-01   -0.3501089E-01   -0.8179011E+00    0.9357665E+00    0.1962513E+01    0.8489739E+00    0.2155929E-01   -0.5419800E-02    0.2158621E-02    0.9665384E-01    0.1025586E+00    0.7767280E-05   -0.1970580E-04
    0.7553281E-04   -0.3399464E-03    0.4922414E-04    0.9191289E-03    0.1658761E-01    0.9859792E-03    0.1853189E-02   -0.7150527E-04   -0.2100280E+01   -0.3501089E-01    0.3397634E+01   -0.2825322E+02   -0.4486419E+01    0.6895642E+01    0.6062421E+01   -0.2066522E+01   -0.1040956E+00    0.6808185E-01    0.1989319E+01    0.1732642E+01    0.1690817E-03   -0.4312607E-03
   -0.1523830E-02    0.7184021E-02   -0.1181632E-02   -0.2462033E-01   -0.4051549E+00   -0.2868778E-01   -0.4519160E-01    0.4301020E-02    0.5114602E+02   -0.8179011E+00   -0.2825322E+02    0.7910421E+03    0.8122105E+02   -0.5409793E+02   -0.7140140E+02    0.1204800E+02   -0.4670385E+01    0.2929011E+01   -0.8485822E+01   -0.1376249E+02    0.6503286E-02    0.5390612E-02
   -0.8644629E-03    0.4318014E-02   -0.7147285E-03   -0.7261057E-02   -0.2083207E+00   -0.4621492E-02   -0.1817680E-01    0.2925418E-03    0.4106071E+01    0.9357665E+00   -0.4486419E+01    0.8122105E+02    0.6662197E+02    0.4566433E+02    0.1574840E+02   -0.2787684E+01   -0.4790357E+00   -0.9596523E+00    0.4213272E+01    0.3511337E+01    0.7129533E-04    0.6767979E-03
   -0.2507965E-03    0.1463741E-02   -0.3071757E-03    0.1213978E-02   -0.5618051E-01    0.7380942E-02   -0.1363961E-02   -0.9284543E-04   -0.2060413E+02    0.1962513E+01    0.6895642E+01   -0.5409793E+02    0.4566433E+02    0.9952391E+02    0.6499131E+02   -0.9506449E+01   -0.6004593E+00   -0.4138993E+00    0.3866644E+01    0.3788622E+01    0.7010269E-03   -0.2487939E-02
    0.4646415E-04    0.2171010E-03   -0.6348944E-04    0.5425760E-02    0.2354536E-01    0.1601224E-01    0.5419075E-02    0.6854575E-03   -0.6215012E+02    0.8489739E+00    0.6062421E+01   -0.7140140E+02    0.1574840E+02    0.6499131E+02    0.1200181E+03   -0.8216064E+01   -0.2914821E+00   -0.5766291E+00   -0.1978966E+01    0.1377390E+02    0.5395320E-03   -0.7850423E-02
   -0.1155378E-03    0.5761254E-03   -0.8835588E-04   -0.1079801E-02   -0.3161111E-01   -0.1440741E-02   -0.3608296E-02    0.1155086E-03    0.9397221E+00    0.2155929E-01   -0.2066522E+01    0.1204800E+02   -0.2787684E+01   -0.9506449E+01   -0.8216064E+01    0.4727234E+01    0.4101939E-01   -0.6467478E-01   -0.1377197E+01   -0.1095744E+01   -0.9234337E-04    0.2288512E-03
    0.3608614E-05   -0.4834483E-06   -0.1174901E-04    0.2557255E-04    0.8767548E-03   -0.1182876E-03    0.3143464E-03    0.5508563E-04    0.1854362E-02   -0.5419800E-02   -0.1040956E+00   -0.4670385E+01   -0.4790357E+00   -0.6004593E+00   -0.2914821E+00    0.4101939E-01    0.3566676E+01    0.3945264E+00    0.5383310E-01    0.1089797E+00    0.2920328E-03   -0.1399942E-04
   -0.1003840E-04    0.9207790E-05   -0.3365525E-05   -0.3680261E-03   -0.4616989E-02   -0.1217424E-02   -0.2171452E-03    0.3742966E-04    0.2306436E+00    0.2158621E-02    0.6808185E-01    0.2929011E+01   -0.9596523E+00   -0.4138993E+00   -0.5766291E+00   -0.6467478E-01    0.3945264E+00    0.3458253E+01    0.2802350E+01    0.2029368E+01   -0.3153464E-03   -0.1670437E-03
   -0.6467316E-04    0.3539239E-03   -0.7115965E-04   -0.4030265E-03   -0.2383192E-01   -0.7360062E-03   -0.1865571E-02   -0.1118538E-03   -0.1281140E+01    0.9665384E-01    0.1989319E+01   -0.8485822E+01    0.4213272E+01    0.3866644E+01   -0.1978966E+01   -0.1377197E+01    0.5383310E-01    0.2802350E+01    0.1752846E+02    0.2604893E+02   -0.5098550E-04    0.2666203E-02
    0.1474897E-05    0.2245137E-03   -0.8024089E-04    0.3479308E-03   -0.1313831E-01    0.2510900E-02   -0.6467420E-03    0.5678970E-03   -0.1821098E+02    0.1025586E+00    0.1732642E+01   -0.1376249E+02    0.3511337E+01    0.3788622E+01    0.1377390E+02   -0.1095744E+01    0.1089797E+00    0.2029368E+01    0.2604893E+02    0.5526154E+02   -0.2994796E-05    0.4669310E-02
    0.4838728E-08   -0.2665888E-07   -0.5515648E-09   -0.2284063E-06    0.1203724E-05   -0.2303966E-06   -0.1646729E-06    0.1826653E-07   -0.1598032E-03    0.7767280E-05    0.1690817E-03    0.6503286E-02    0.7129533E-04    0.7010269E-03    0.5395320E-03   -0.9234337E-04    0.2920328E-03   -0.3153464E-03   -0.5098550E-04   -0.2994796E-05    0.6157063E-06    0.1328874E-08
   -0.4163872E-07    0.2233100E-06   -0.3586370E-07   -0.7911454E-06   -0.1388750E-04   -0.1112313E-05   -0.1124802E-05    0.2952381E-07    0.4627004E-02   -0.1970580E-04   -0.4312607E-03    0.5390612E-02    0.6767979E-03   -0.2487939E-02   -0.7850423E-02    0.2288512E-03   -0.1399942E-04   -0.1670437E-03    0.2666203E-02    0.4669310E-02    0.1328874E-08    0.2139208E-05
