# omegabh2 omegach2 theta tau w logA ns calPlanck acib217 xi asz143 aps100 aps143 aps143217 aps217 aksz kgal100 kgal143 kgal143217 kgal217 cal0 cal2
  3.9568983E-08  -7.5481599E-08   2.7455183E-08   3.1716138E-07   1.5783409E-06   6.1967213E-07   3.1439953E-07   2.6919496E-08  -1.5157883E-04   2.0596998E-06   4.8289278E-05  -7.9679167E-04  -4.5318815E-04  -1.5549499E-04  -2.9449710E-05  -5.6890970E-05   3.1485010E-07  -9.3081332E-06  -4.1406729E-06   5.3639423E-05   1.7245467E-09  -1.4447455E-09
 -7.5481599E-08   1.5189162E-06  -9.9201543E-08  -3.2338219E-06  -2.3181189E-05  -3.7566311E-06  -3.2993023E-06  -3.5849715E-07   3.1832635E-04  -4.8069370E-06  -7.1854188E-05   1.6601754E-03   5.8582210E-04   1.6746859E-04  -2.5849532E-04   1.2000558E-04   1.8210538E-05   1.3518270E-05   1.4102018E-06  -9.6289518E-05  -1.2513136E-08   1.9664929E-08
  2.7455183E-08  -9.9201543E-08   1.8366961E-07   4.3278471E-07   3.4272195E-06   8.9814819E-07   4.9859780E-07   3.1909499E-08  -4.3204280E-05  -2.8717501E-07   1.9859649E-05  -4.0208387E-04  -1.6688337E-04  -8.3593097E-05  -3.1354005E-05  -1.7681443E-05  -1.4439609E-05   7.0787632E-06   2.5895751E-05   5.2159478E-05  -3.5967045E-09   4.1331667E-09
  3.1716138E-07  -3.2338219E-06   4.3278471E-07   4.4664916E-05   6.1283423E-05   8.0046639E-05   1.0529506E-05  -5.6253644E-07  -3.1306536E-03   4.1945172E-05   5.1716865E-04  -1.3791548E-02  -5.1290004E-03  -1.7336205E-03   1.1954332E-03  -5.3594368E-04   3.1700125E-04   4.6340163E-05   2.5335271E-04   1.2516025E-03  -5.3046841E-08  -8.9143443E-08
  1.5783409E-06  -2.3181189E-05   3.4272195E-06   6.1283423E-05   1.1071356E-03   8.8555319E-05   5.3118300E-05   7.1237758E-06  -5.2171161E-03   3.9330999E-05   1.3620465E-03  -2.9864447E-02  -1.0448844E-02  -2.5257300E-03   5.4263049E-03  -3.1095635E-03   5.7752916E-04  -4.2703148E-04  -9.8732486E-04   8.8986383E-04   1.6550402E-07   1.2964489E-08
  6.1967213E-07  -3.7566311E-06   8.9814819E-07   8.0046639E-05   8.8555319E-05   1.7457299E-04   1.3841609E-05   1.0542607E-05  -6.3619742E-03   1.2958837E-04   7.0153770E-04  -2.2256066E-02  -8.4474885E-03  -1.3622086E-03   7.7078143E-03  -1.3268302E-03   4.8501603E-04  -6.0264359E-04  -4.5431138E-04   3.2466032E-03   5.7800160E-08  -2.1760783E-07
  3.1439953E-07  -3.2993023E-06   4.9859780E-07   1.0529506E-05   5.3118300E-05   1.3841609E-05   1.8207170E-05   9.6176569E-07  -5.4441014E-03   9.7002362E-05   1.1893245E-03  -2.8081117E-02  -7.4356587E-03   1.5562381E-03   6.1780168E-03  -2.6675478E-03   3.0935434E-04  -4.5824156E-04  -3.2378175E-04   1.6583990E-03  -7.8604112E-08  -1.3062431E-07
  2.6919496E-08  -3.5849715E-07   3.1909499E-08  -5.6253644E-07   7.1237758E-06   1.0542607E-05   9.6176569E-07   6.2510942E-06   3.8789383E-04   2.7109852E-06  -9.5702178E-05   3.0769242E-03   2.2227991E-04  -3.7738662E-05   1.4094031E-03   1.3746222E-04   8.9327707E-05  -7.6154936E-05  -2.7296094E-04   4.6358732E-04   1.7305404E-08  -5.4901409E-08
 -1.5157883E-04   3.1832635E-04  -4.3204280E-05  -3.1306536E-03  -5.2171161E-03  -6.3619742E-03  -5.4441014E-03   3.8789383E-04   4.6196152E+01  -4.2831360E-01  -6.5032714E-01   3.9256668E+01   1.7145660E+00  -1.3715233E+01  -5.7023908E+01  -1.0329929E-01   9.1864529E-02   5.9293994E-01  -5.8220640E+00  -3.4056358E+01  -1.8465271E-04   7.3202838E-04
  2.0596998E-06  -4.8069370E-06  -2.8717501E-07   4.1945172E-05   3.9330999E-05   1.2958837E-04   9.7002362E-05   2.7109852E-06  -4.2831360E-01   8.1718662E-02  -5.2257986E-02  -5.4061378E-01   8.8882334E-01   1.6393308E+00   6.8071626E-01   4.6759934E-02  -7.2896380E-03  -3.3680972E-05   8.1264107E-02   1.3488191E-01   4.4438679E-06  -1.5556214E-06
  4.8289278E-05  -7.1854188E-05   1.9859649E-05   5.1716865E-04   1.3620465E-03   7.0153770E-04   1.1893245E-03  -9.5702178E-05  -6.5032714E-01  -5.2257986E-02   3.8937987E+00  -3.0435625E+01  -3.4893799E+00   7.5442097E+00   4.9462815E+00  -2.8803719E+00  -1.9719009E-01   2.4397544E-01   2.5793987E+00   3.0022881E+00   7.6968351E-05  -6.0828286E-05
 -7.9679167E-04   1.6601754E-03  -4.0208387E-04  -1.3791548E-02  -2.9864447E-02  -2.2256066E-02  -2.8081117E-02   3.0769242E-03   3.9256668E+01  -5.4061378E-01  -3.0435625E+01   7.9229813E+02   7.4498367E+01  -4.9829017E+01  -5.9824782E+01   1.3748611E+01  -5.6121463E+00   5.0948859E+00  -1.2870204E+01  -2.6227383E+01   4.1488198E-03   3.7642082E-04
 -4.5318815E-04   5.8582210E-04  -1.6688337E-04  -5.1290004E-03  -1.0448844E-02  -8.4474885E-03  -7.4356587E-03   2.2227991E-04   1.7145660E+00   8.8882334E-01  -3.4893799E+00   7.4498367E+01   6.3429352E+01   4.1188986E+01   1.7247111E+01  -5.2743527E+00  -4.3483831E-01  -1.1436191E+00   3.3527382E+00   4.3567764E+00   1.4988206E-04   7.7153794E-05
 -1.5549499E-04   1.6746859E-04  -8.3593097E-05  -1.7336205E-03  -2.5257300E-03  -1.3622086E-03   1.5562381E-03  -3.7738662E-05  -1.3715233E+01   1.6393308E+00   7.5442097E+00  -4.9829017E+01   4.1188986E+01   8.5637422E+01   5.5418757E+01  -1.2626548E+01  -7.7016495E-01  -4.9763040E-01   4.5636124E+00   8.2535111E+00   4.2611385E-04  -4.2804143E-04
 -2.9449710E-05  -2.5849532E-04  -3.1354005E-05   1.1954332E-03   5.4263049E-03   7.7078143E-03   6.1780168E-03   1.4094031E-03  -5.7023908E+01   6.8071626E-01   4.9462815E+00  -5.9824782E+01   1.7247111E+01   5.5418757E+01   1.0755753E+02  -9.8304765E+00  -5.1258437E-01  -1.0546598E+00   5.5407234E+00   3.4430904E+01   4.8009857E-04  -1.3510836E-03
 -5.6890970E-05   1.2000558E-04  -1.7681443E-05  -5.3594368E-04  -3.1095635E-03  -1.3268302E-03  -2.6675478E-03   1.3746222E-04  -1.0329929E-01   4.6759934E-02  -2.8803719E+00   1.3748611E+01  -5.2743527E+00  -1.2626548E+01  -9.8304765E+00   6.4211098E+00   8.9409059E-02  -3.4759203E-01  -2.2676954E+00  -2.5105795E+00  -6.2452070E-05   1.2689964E-05
  3.1485010E-07   1.8210538E-05  -1.4439609E-05   3.1700125E-04   5.7752916E-04   4.8501603E-04   3.0935434E-04   8.9327707E-05   9.1864529E-02  -7.2896380E-03  -1.9719009E-01  -5.6121463E+00  -4.3483831E-01  -7.7016495E-01  -5.1258437E-01   8.9409059E-02   3.3128396E+00   5.5756076E-01   1.2786067E-01   1.3835055E-01   1.7810945E-04  -2.1766282E-06
 -9.3081332E-06   1.3518270E-05   7.0787632E-06   4.6340163E-05  -4.2703148E-04  -6.0264359E-04  -4.5824156E-04  -7.6154936E-05   5.9293994E-01  -3.3680972E-05   2.4397544E-01   5.0948859E+00  -1.1436191E+00  -4.9763040E-01  -1.0546598E+00  -3.4759203E-01   5.5756076E-01   3.2172662E+00   2.9071405E+00   3.0018168E+00  -1.8115170E-04  -1.7271918E-05
 -4.1406729E-06   1.4102018E-06   2.5895751E-05   2.5335271E-04  -9.8732486E-04  -4.5431138E-04  -3.2378175E-04  -2.7296094E-04  -5.8220640E+00   8.1264107E-02   2.5793987E+00  -1.2870204E+01   3.3527382E+00   4.5636124E+00   5.5407234E+00  -2.2676954E+00   1.2786067E-01   2.9071405E+00   1.0862793E+01   1.9347815E+01  -8.1662703E-05   4.0911810E-04
  5.3639423E-05  -9.6289518E-05   5.2159478E-05   1.2516025E-03   8.8986383E-04   3.2466032E-03   1.6583990E-03   4.6358732E-04  -3.4056358E+01   1.3488191E-01   3.0022881E+00  -2.6227383E+01   4.3567764E+00   8.2535111E+00   3.4430904E+01  -2.5105795E+00   1.3835055E-01   3.0018168E+00   1.9347815E+01   5.3973930E+01  -3.1487895E-05   8.9425482E-04
  1.7245467E-09  -1.2513136E-08  -3.5967045E-09  -5.3046841E-08   1.6550402E-07   5.7800160E-08  -7.8604112E-08   1.7305404E-08  -1.8465271E-04   4.4438679E-06   7.6968351E-05   4.1488198E-03   1.4988206E-04   4.2611385E-04   4.8009857E-04  -6.2452070E-05   1.7810945E-04  -1.8115170E-04  -8.1662703E-05  -3.1487895E-05   3.8118658E-07  -2.2260034E-09
 -1.4447455E-09   1.9664929E-08   4.1331667E-09  -8.9143443E-08   1.2964489E-08  -2.1760783E-07  -1.3062431E-07  -5.4901409E-08   7.3202838E-04  -1.5556214E-06  -6.0828286E-05   3.7642082E-04   7.7153794E-05  -4.2804143E-04  -1.3510836E-03   1.2689964E-05  -2.1766282E-06  -1.7271918E-05   4.0911810E-04   8.9425482E-04  -2.2260034E-09   3.8820311E-07
