# omegabh2 omegach2 theta tau logA ns nrun r calPlanck BBdust BBsync BBalphadust BBbetadust BBalphasync BBbetasync BBdustsynccorr aps100 aps143 aps217 acib217 asz143 psr cibr xi aksz dust100 dust143 dust217 dust143x217 cal0 cal2
  5.0366011E-08  -1.2739911E-07   3.6345488E-08   5.8280144E-07   1.2274129E-06   3.4287528E-07  -6.6866710E-07   3.4749009E-07   4.3008349E-08  -9.5045743E-07  -1.0140289E-06   9.8573103E-07  -2.7430319E-07  -2.2123247E-07   3.8798303E-07   2.2340935E-07  -2.5547062E-04  -3.2138117E-04  -2.7583313E-05  -1.0165112E-04   1.1237938E-05  -4.3288542E-07  -1.0285091E-06   3.9989936E-08  -6.6133841E-06   9.3864614E-07  -4.3454167E-07   9.6583353E-07  -7.6375231E-08   1.0566301E-08  -2.6921825E-10
 -1.2739911E-07   2.3656894E-06  -2.1980278E-07  -5.0415748E-06  -5.8800312E-06  -5.3993590E-06  -4.6294876E-07  -2.0763822E-06  -5.8295061E-07  -6.0322785E-07  -1.5881577E-05  -7.9438224E-06   5.3442193E-06  -2.0122678E-06  -2.6830540E-06  -8.6850581E-06   1.1679049E-03   1.2494419E-03  -6.2501560E-04   6.8420434E-04  -5.3224895E-05  -3.8925837E-06   1.5996311E-05  -4.9349491E-06   1.6032757E-04  -2.9119966E-07   1.5789238E-05  -4.9870396E-06   1.1585727E-06  -1.0392948E-07   1.5296758E-08
  3.6345488E-08  -2.1980278E-07   2.0803488E-07   7.5050741E-07   1.4503747E-06   7.5979929E-07  -1.9267814E-07   2.3175665E-07   9.3390200E-08  -2.2934784E-06  -5.1942492E-06   1.6928352E-06  -6.0992033E-08  -1.6551880E-06   1.2047943E-06   2.7560261E-07  -1.1228040E-04  -1.0400771E-04   5.1068259E-07  -4.6257916E-05   2.8362132E-06  -8.0209512E-07  -2.0892813E-07   3.1661955E-07  -1.3508772E-06   6.6744487E-07  -1.9314158E-06   1.3282818E-06   7.7085950E-07   1.5283253E-08   1.6645378E-08
  5.8280144E-07  -5.0415748E-06   7.5050741E-07   5.1783420E-05   9.3753968E-05   1.3097790E-05  -1.0949468E-05   4.4801120E-06  -2.2872599E-07  -5.7012560E-05   5.6036311E-05  -3.1991750E-06   3.4894273E-07   8.4474834E-06   9.2885988E-06   2.3938462E-05  -4.0603408E-03  -4.1480186E-03  -1.0306719E-03  -1.1753996E-03   1.1191040E-05  -7.6659511E-07  -3.8626611E-05   1.5605898E-06   1.0454974E-04   6.7045425E-06  -2.2136086E-05   8.8822865E-06   3.8712252E-06   1.2476928E-07  -7.0204324E-09
  1.2274129E-06  -5.8800312E-06   1.4503747E-06   9.3753968E-05   2.0689672E-04   1.3290366E-05  -3.5351255E-05   4.8764644E-06   1.0797266E-05  -1.5105094E-04   8.3582273E-05  -3.7288981E-05   1.4110610E-05  -3.0860757E-06   1.9105664E-05   2.8189743E-05   7.6432627E-03  -1.2934312E-03   1.0449283E-03   1.8677565E-04  -4.1241075E-04  -8.5505002E-06  -5.2902208E-05   2.4655741E-05   4.5013004E-04   3.4313928E-06  -9.7304516E-05   1.9328391E-05  -5.4637891E-06   7.3049201E-07   1.8974921E-07
  3.4287528E-07  -5.3993590E-06   7.5979929E-07   1.3097790E-05   1.3290366E-05   2.5210495E-05   9.6263228E-06   5.8432711E-06   1.4885778E-06   6.6044514E-06   8.7048048E-06   2.0931944E-05  -1.3851329E-05   1.0539543E-05   6.7783031E-06   1.7809888E-05  -3.2972117E-02  -1.2901465E-02   1.2819394E-02  -9.6169076E-03   8.5947518E-04   8.5361691E-05  -1.7875947E-04   8.0474621E-05  -2.8244638E-03   1.1363878E-05  -7.3398555E-05   5.0989420E-05  -1.1844802E-05  -1.6743200E-07  -4.9448855E-07
 -6.6866710E-07  -4.6294876E-07  -1.9267814E-07  -1.0949468E-05  -3.5351255E-05   9.6263228E-06   5.6748996E-05  -1.9630440E-05   2.9101176E-07   1.1117718E-04   6.7634134E-05  -1.1224878E-05  -1.6896533E-05   1.4802270E-05  -8.9563863E-06   2.4451320E-05  -3.7150361E-02  -1.5234126E-02   1.4648741E-02  -1.1364260E-02   1.2843082E-03   1.0515970E-04  -2.0875718E-04   7.0809963E-05  -3.4076465E-03  -4.4657018E-05  -7.0645110E-05   4.9043124E-05  -1.8317171E-05  -1.8561927E-07  -8.7301435E-07
  3.4749009E-07  -2.0763822E-06   2.3175665E-07   4.4801120E-06   4.8764644E-06   5.8432711E-06  -1.9630440E-05   3.5523591E-04  -9.5074743E-07  -4.1336076E-04  -1.0012328E-03  -1.1724809E-04   2.9506152E-04  -2.7062102E-05  -1.2603178E-04  -8.3595610E-04   1.2838606E-02   2.7469531E-03  -4.3913249E-03   2.2457137E-03  -1.8366443E-04  -1.5530078E-05   2.8732104E-05   7.7506322E-06   7.9746351E-04   2.7508220E-05  -5.1339148E-06   1.0218086E-06   3.3529875E-05   1.2370990E-07   3.6244163E-07
  4.3008349E-08  -5.8295061E-07   9.3390200E-08  -2.2872599E-07   1.0797266E-05   1.4885778E-06   2.9101176E-07  -9.5074743E-07   6.2973048E-06  -1.1167003E-05   1.0150275E-05  -5.4048334E-06  -1.2773516E-06  -2.8460838E-06  -8.2486570E-07   2.3999064E-06   2.8629170E-03   1.8321232E-04   1.3125723E-03   4.3658654E-04  -4.9730570E-05  -4.2646828E-07  -2.8412756E-06   7.4481518E-06   1.8068137E-05  -1.3261713E-06  -4.0197635E-06   6.1623180E-06  -3.6899816E-06  -2.5957559E-09  -1.6669211E-08
 -9.5045743E-07  -6.0322785E-07  -2.2934784E-06  -5.7012560E-05  -1.5105094E-04   6.6044514E-06   1.1117718E-04  -4.1336076E-04  -1.1167003E-05   1.0731543E+00   2.4680245E-02  -1.2155890E-01   4.4930562E-02  -3.4643280E-03   2.6489040E-03  -1.0365869E-02   8.8309385E-02  -8.8178191E-03   5.6756490E-02  -2.8312143E-02   1.1433140E-02   2.5561999E-04   1.3728647E-03   8.2895080E-04  -3.6100022E-02  -4.8386350E-05   9.7605783E-04   1.2774305E-03   1.2930195E-03   5.9163369E-06   1.4031894E-05
 -1.0140289E-06  -1.5881577E-05  -5.1942492E-06   5.6036311E-05   8.3582273E-05   8.7048048E-06   6.7634134E-05  -1.0012328E-03   1.0150275E-05   2.4680245E-02   1.1347989E+00  -3.9898383E-03  -1.5306915E-03   2.0677931E-02  -3.8568644E-02   4.0944902E-02  -8.4580436E-02  -4.4257036E-02   4.5800545E-02  -2.9597110E-02  -1.0607776E-02  -1.1246397E-03   2.8838887E-04  -6.4766730E-04   4.2191913E-03  -1.2747488E-03  -2.9256072E-04  -3.9105213E-04  -1.7475060E-03  -5.2917825E-06  -1.0424435E-05
  9.8573103E-07  -7.9438224E-06   1.6928352E-06  -3.1991750E-06  -3.7288981E-05   2.0931944E-05  -1.1224878E-05  -1.1724809E-04  -5.4048334E-06  -1.2155890E-01  -3.9898383E-03   5.9604652E-02  -9.3090200E-04   1.5222971E-03   2.8647585E-04   1.0029101E-03  -3.9698595E-03   3.5593609E-03  -9.1028803E-03   5.8202041E-03   1.0182078E-03  -4.7296987E-06   1.8049469E-04   1.6699723E-04   4.0682488E-03  -1.6338275E-04  -3.2381802E-04  -2.0816148E-04  -4.9257441E-04   4.6274015E-07   1.1246651E-06
 -2.7430319E-07   5.3442193E-06  -6.0992033E-08   3.4894273E-07   1.4110610E-05  -1.3851329E-05  -1.6896533E-05   2.9506152E-04  -1.2773516E-06   4.4930562E-02  -1.5306915E-03  -9.3090200E-04   9.3167795E-03  -4.8441517E-04  -1.6247354E-03   1.0492647E-03   1.5869941E-02   1.2052763E-02   2.0722845E-03   9.1354054E-03   4.1461382E-03   4.9824565E-05   3.6150061E-04  -1.3246155E-04  -5.0205623E-03   1.2919819E-04  -1.5217619E-04  -4.1662915E-05  -1.1422607E-04   1.8787709E-06   9.4700947E-07
 -2.2123247E-07  -2.0122678E-06  -1.6551880E-06   8.4474834E-06  -3.0860757E-06   1.0539543E-05   1.4802270E-05  -2.7062102E-05  -2.8460838E-06  -3.4643280E-03   2.0677931E-02   1.5222971E-03  -4.8441517E-04   8.1609020E-02   4.2460016E-04   4.1631518E-04   1.9439692E-02   1.1952524E-02   5.4183148E-02  -2.5047736E-02   6.6514064E-03   2.6401033E-04  -4.1917748E-04  -2.8950273E-05  -9.2185992E-03   3.4584238E-04   2.2781460E-04   1.2426881E-04   2.3307849E-04   2.1063059E-06  -4.7176810E-06
  3.8798303E-07  -2.6830540E-06   1.2047943E-06   9.2885988E-06   1.9105664E-05   6.7783031E-06  -8.9563863E-06  -1.2603178E-04  -8.2486570E-07   2.6489040E-03  -3.8568644E-02   2.8647585E-04  -1.6247354E-03   4.2460016E-04   7.4908416E-02  -4.9408598E-03  -1.2318819E-02   3.4734750E-03   1.1687318E-02  -9.2877163E-03  -6.6233238E-03   3.1958496E-04  -8.3564742E-04   7.0355237E-04   2.1172465E-03   1.5548212E-04   2.0678797E-04   1.8989030E-04   4.5664571E-04  -4.2976973E-06   1.6107958E-06
  2.2340935E-07  -8.6850581E-06   2.7560261E-07   2.3938462E-05   2.8189743E-05   1.7809888E-05   2.4451320E-05  -8.3595610E-04   2.3999064E-06  -1.0365869E-02   4.0944902E-02   1.0029101E-03   1.0492647E-03   4.1631518E-04  -4.9408598E-03   8.0663463E-02   2.6014031E-02  -6.8569029E-03   2.6569870E-02  -1.3375815E-02  -4.8889245E-04  -1.8857562E-04  -3.4378230E-04  -3.7009175E-04   2.2997802E-04   6.4785320E-04  -5.5800143E-04   6.2322019E-05   3.3115151E-04   3.6571664E-06  -1.4897378E-06
 -2.5547062E-04   1.1679049E-03  -1.1228040E-04  -4.0603408E-03   7.6432627E-03  -3.2972117E-02  -3.7150361E-02   1.2838606E-02   2.8629170E-03   8.8309385E-02  -8.4580436E-02  -3.9698595E-03   1.5869941E-02   1.9439692E-02  -1.2318819E-02   2.6014031E-02   6.3336734E+02   7.2311249E+01  -6.3266960E+01   3.8197101E+01  -2.5148812E+01  -8.8002046E-01   1.1045834E-01  -2.8993353E-01   1.3080762E+01  -1.6139372E-01   3.5865022E-01  -2.7446380E-01  -2.2265449E-01   6.8515539E-03   3.1052618E-03
 -3.2138117E-04   1.2494419E-03  -1.0400771E-04  -4.1480186E-03  -1.2934312E-03  -1.2901465E-02  -1.5234126E-02   2.7469531E-03   1.8321232E-04  -8.8178191E-03  -4.4257036E-02   3.5593609E-03   1.2052763E-02   1.1952524E-02   3.4734750E-03  -6.8569029E-03   7.2311249E+01   7.3750575E+01   4.5423605E+00   1.0563742E+01  -8.5494805E-01  -2.3201559E-02   5.0165451E-01   8.3596862E-01  -6.9317354E+00  -5.1249664E-02  -2.0367748E-01   3.2738555E-02   7.1695827E-02   7.9752356E-04   8.8201170E-04
 -2.7583313E-05  -6.2501560E-04   5.1068259E-07  -1.0306719E-03   1.0449283E-03   1.2819394E-02   1.4648741E-02  -4.3913249E-03   1.3125723E-03   5.6756490E-02   4.5800545E-02  -9.1028803E-03   2.0722845E-03   5.4183148E-02   1.1687318E-02   2.6569870E-02  -6.3266960E+01   4.5423605E+00   1.8004588E+02  -8.7115889E+01   2.4297455E+00   3.7527710E-01  -1.1173060E+00   3.2116594E-01  -7.6676047E+00  -5.3173443E-02  -3.3375027E-01   5.6774425E-01   1.5997701E-02   1.7222224E-03  -7.9134373E-03
 -1.0165112E-04   6.8420434E-04  -4.6257916E-05  -1.1753996E-03   1.8677565E-04  -9.6169076E-03  -1.1364260E-02   2.2457137E-03   4.3658654E-04  -2.8312143E-02  -2.9597110E-02   5.8202041E-03   9.1354054E-03  -2.5047736E-02  -9.2877163E-03  -1.3375815E-02   3.8197101E+01   1.0563742E+01  -8.7115889E+01   5.5471604E+01   1.7084165E+00  -7.1370021E-02   7.7188489E-01  -2.6383719E-01  -2.2116345E+00   1.7666268E-02   2.0704383E-01  -4.6865493E-01  -1.2691630E-01  -5.9133697E-04   3.2647511E-03
  1.1237938E-05  -5.3224895E-05   2.8362132E-06   1.1191040E-05  -4.1241075E-04   8.5947518E-04   1.2843082E-03  -1.8366443E-04  -4.9730570E-05   1.1433140E-02  -1.0607776E-02   1.0182078E-03   4.1461382E-03   6.6514064E-03  -6.6233238E-03  -4.8889245E-04  -2.5148812E+01  -8.5494805E-01   2.4297455E+00   1.7084165E+00   4.2834400E+00   1.0018466E-01   1.4106242E-01  -4.3642988E-02  -3.5918162E+00  -1.1715885E-02  -1.1400122E-03   6.0654632E-03   5.0499768E-02   4.2946867E-04  -2.2412912E-04
 -4.3288542E-07  -3.8925837E-06  -8.0209512E-07  -7.6659511E-07  -8.5505002E-06   8.5361691E-05   1.0515970E-04  -1.5530078E-05  -4.2646828E-07   2.5561999E-04  -1.1246397E-03  -4.7296987E-06   4.9824565E-05   2.6401033E-04   3.1958496E-04  -1.8857562E-04  -8.8002046E-01  -2.3201559E-02   3.7527710E-01  -7.1370021E-02   1.0018466E-01   1.5896838E-02  -1.6452543E-02   1.1967265E-02  -1.0839927E-01  -3.6358316E-04  -1.5598097E-03  -2.3662309E-03   5.3436582E-03   1.8085351E-05  -3.6190164E-05
 -1.0285091E-06   1.5996311E-05  -2.0892813E-07  -3.8626611E-05  -5.2902208E-05  -1.7875947E-04  -2.0875718E-04   2.8732104E-05  -2.8412756E-06   1.3728647E-03   2.8838887E-04   1.8049469E-04   3.6150061E-04  -4.1917748E-04  -8.3564742E-04  -3.4378230E-04   1.1045834E-01   5.0165451E-01  -1.1173060E+00   7.7188489E-01   1.4106242E-01  -1.6452543E-02   6.4529151E-02   2.9094902E-03  -1.3690357E-01   3.3740026E-05   7.8896199E-03  -6.1270080E-04  -1.7231975E-02  -1.1728588E-05   9.4380059E-05
  3.9989936E-08  -4.9349491E-06   3.1661955E-07   1.5605898E-06   2.4655741E-05   8.0474621E-05   7.0809963E-05   7.7506322E-06   7.4481518E-06   8.2895080E-04  -6.4766730E-04   1.6699723E-04  -1.3246155E-04  -2.8950273E-05   7.0355237E-04  -3.7009175E-04  -2.8993353E-01   8.3596862E-01   3.2116594E-01  -2.6383719E-01  -4.3642988E-02   1.1967265E-02   2.9094902E-03   8.1578409E-02   4.2055081E-02  -1.8687369E-04   1.0625210E-04   1.3412032E-03   1.5241728E-03   1.2776196E-05  -1.2240955E-06
 -6.6133841E-06   1.6032757E-04  -1.3508772E-06   1.0454974E-04   4.5013004E-04  -2.8244638E-03  -3.4076465E-03   7.9746351E-04   1.8068137E-05  -3.6100022E-02   4.2191913E-03   4.0682488E-03  -5.0205623E-03  -9.2185992E-03   2.1172465E-03   2.2997802E-04   1.3080762E+01  -6.9317354E+00  -7.6676047E+00  -2.2116345E+00  -3.5918162E+00  -1.0839927E-01  -1.3690357E-01   4.2055081E-02   7.5338655E+00   1.4932873E-02  -1.2803638E-03  -2.1669157E-03  -4.3824791E-02  -3.3973128E-04   1.3615793E-04
  9.3864614E-07  -2.9119966E-07   6.6744487E-07   6.7045425E-06   3.4313928E-06   1.1363878E-05  -4.4657018E-05   2.7508220E-05  -1.3261713E-06  -4.8386350E-05  -1.2747488E-03  -1.6338275E-04   1.2919819E-04   3.4584238E-04   1.5548212E-04   6.4785320E-04  -1.6139372E-01  -5.1249664E-02  -5.3173443E-02   1.7666268E-02  -1.1715885E-02  -3.6358316E-04   3.3740026E-05  -1.8687369E-04   1.4932873E-02   3.8247480E-02   3.0599951E-03  -3.9387747E-05   7.7531170E-04   3.4202982E-05  -1.0023701E-07
 -4.3454167E-07   1.5789238E-05  -1.9314158E-06  -2.2136086E-05  -9.7304516E-05  -7.3398555E-05  -7.0645110E-05  -5.1339148E-06  -4.0197635E-06   9.7605783E-04  -2.9256072E-04  -3.2381802E-04  -1.5217619E-04   2.2781460E-04   2.0678797E-04  -5.5800143E-04   3.5865022E-01  -2.0367748E-01  -3.3375027E-01   2.0704383E-01  -1.1400122E-03  -1.5598097E-03   7.8896199E-03   1.0625210E-04  -1.2803638E-03   3.0599951E-03   3.1263759E-02  -9.4646573E-04   5.2781232E-03  -7.9459924E-05  -3.9679793E-05
  9.6583353E-07  -4.9870396E-06   1.3282818E-06   8.8822865E-06   1.9328391E-05   5.0989420E-05   4.9043124E-05   1.0218086E-06   6.1623180E-06   1.2774305E-03  -3.9105213E-04  -2.0816148E-04  -4.1662915E-05   1.2426881E-04   1.8989030E-04   6.2322019E-05  -2.7446380E-01   3.2738555E-02   5.6774425E-01  -4.6865493E-01   6.0654632E-03  -2.3662309E-03  -6.1270080E-04   1.3412032E-03  -2.1669157E-03  -3.9387747E-05  -9.4646573E-04   1.0750285E-02   8.6031160E-03   3.8190585E-06   6.2364819E-05
 -7.6375231E-08   1.1585727E-06   7.7085950E-07   3.8712252E-06  -5.4637891E-06  -1.1844802E-05  -1.8317171E-05   3.3529875E-05  -3.6899816E-06   1.2930195E-03  -1.7475060E-03  -4.9257441E-04  -1.1422607E-04   2.3307849E-04   4.5664571E-04   3.3115151E-04  -2.2265449E-01   7.1695827E-02   1.5997701E-02  -1.2691630E-01   5.0499768E-02   5.3436582E-03  -1.7231975E-02   1.5241728E-03  -4.3824791E-02   7.7531170E-04   5.2781232E-03   8.6031160E-03   2.6356234E-02  -1.9151927E-06   5.9673064E-05
  1.0566301E-08  -1.0392948E-07   1.5283253E-08   1.2476928E-07   7.3049201E-07  -1.6743200E-07  -1.8561927E-07   1.2370990E-07  -2.5957559E-09   5.9163369E-06  -5.2917825E-06   4.6274015E-07   1.8787709E-06   2.1063059E-06  -4.2976973E-06   3.6571664E-06   6.8515539E-03   7.9752356E-04   1.7222224E-03  -5.9133697E-04   4.2946867E-04   1.8085351E-05  -1.1728588E-05   1.2776196E-05  -3.3973128E-04   3.4202982E-05  -7.9459924E-05   3.8190585E-06  -1.9151927E-06   1.1171979E-06   4.2042490E-08
 -2.6921825E-10   1.5296758E-08   1.6645378E-08  -7.0204324E-09   1.8974921E-07  -4.9448855E-07  -8.7301435E-07   3.6244163E-07  -1.6669211E-08   1.4031894E-05  -1.0424435E-05   1.1246651E-06   9.4700947E-07  -4.7176810E-06   1.6107958E-06  -1.4897378E-06   3.1052618E-03   8.8201170E-04  -7.9134373E-03   3.2647511E-03  -2.2412912E-04  -3.6190164E-05   9.4380059E-05  -1.2240955E-06   1.3615793E-04  -1.0023701E-07  -3.9679793E-05   6.2364819E-05   5.9673064E-05   4.2042490E-08   2.4761008E-06
