# omegabh2 omegach2 theta tau logA ns r calPlanck aps100 aps143 aps217 acib217 asz143 psr cibr xi aksz dust100 dust143 dust217 dust143x217 cal0 cal2 calTE calEE
  2.6447863E-08  -1.2181439E-07   1.7941352E-08   2.0926173E-07   2.3255155E-07   3.4858689E-07   2.4726359E-07   2.1154455E-08  -3.7606332E-04  -2.8425526E-04   5.2418524E-05  -1.2066913E-04   1.9917394E-05   8.6527929E-07  -1.6889533E-06   1.0621202E-06  -2.9834598E-05   1.3599207E-07  -1.3295113E-07   8.7724820E-07   1.4036277E-07   3.2869851E-09  -2.1167419E-09  -9.7083245E-08  -2.3487150E-07
 -1.2181439E-07   2.0167119E-06  -1.7130587E-07  -1.8215232E-06   8.5327165E-07  -4.7575147E-06  -9.3029635E-06  -1.7680489E-07   1.2664811E-03   1.1372797E-03   1.2123315E-04   3.0596611E-04  -9.8781275E-05  -1.6829417E-06   2.0802976E-06  -4.5967119E-06   7.0127854E-05   6.0455260E-07  -1.1166549E-07  -2.5563574E-06  -9.4278261E-07  -1.9291432E-08   5.2751811E-09  -2.1709730E-07  -8.2555212E-07
  1.7941352E-08  -1.7130587E-07   1.0518716E-07   2.0683052E-07   1.3793151E-07   5.0845565E-07   4.4963332E-07   2.1447843E-08  -1.8129151E-05  -6.9937530E-05  -6.5252918E-05  -2.8730045E-06   1.1825833E-05   2.2871876E-07   1.6332321E-07   6.8837260E-07   3.2522752E-06   4.8211981E-08   7.3741456E-07   5.3782185E-07   1.3087557E-06   4.6791480E-09   5.4157716E-09  -3.3380944E-08   7.3169895E-08
  2.0926173E-07  -1.8215232E-06   2.0683052E-07   4.1820881E-05   7.8810037E-05   6.7489742E-06  -2.8968171E-06  -2.5003611E-07  -6.8105780E-03  -4.3633444E-03   2.3118758E-03  -2.3756817E-03   2.8437626E-04   2.3801267E-05  -4.6149370E-05   2.1225720E-05  -8.3501169E-04   2.1924411E-06  -1.1258645E-06   8.2935111E-06   7.8852032E-07   1.9774998E-08  -1.8336509E-07  -2.6542716E-06  -1.7177501E-06
  2.3255155E-07   8.5327165E-07   1.3793151E-07   7.8810037E-05   1.8711260E-04   1.3242400E-06  -3.6866918E-05   1.1658295E-05  -5.3831349E-03  -4.3892875E-03   1.3565886E-02  -5.8633606E-03   4.1413363E-04   8.1621195E-05  -1.3788685E-04   9.8650093E-05  -2.4175623E-03  -7.9233340E-06  -8.9940142E-05   3.7570147E-05  -1.8099413E-05   6.4968116E-07  -4.3241576E-07  -6.2231631E-06  -3.2617606E-06
  3.4858689E-07  -4.7575147E-06   5.0845565E-07   6.7489742E-06   1.3242400E-06   2.2170419E-05   4.9648242E-05   5.8872262E-07  -2.4438515E-02  -8.5411174E-03   8.8145368E-03  -6.5496558E-03   5.9006007E-04   6.9800436E-05  -1.2925755E-04   8.3425670E-05  -2.1159807E-03   9.8851161E-06  -3.1693460E-05   3.3638116E-05  -6.2490109E-06  -3.1561939E-07  -3.0052405E-07   1.2490575E-07  -1.8975755E-06
  2.4726359E-07  -9.3029635E-06   4.4963332E-07  -2.8968171E-06  -3.6866918E-05   4.9648242E-05   1.9775525E-03   5.2895288E-07  -4.9179136E-02  -1.2798913E-02   2.1989223E-02  -1.3415257E-02   1.3268605E-03   1.1140233E-04  -1.5559445E-04   7.3295423E-05  -5.0657825E-03  -4.5494597E-05  -1.0865913E-04   5.4680532E-05  -1.5501875E-04  -1.1562194E-06  -1.0102557E-06   6.5084512E-06   6.1567222E-06
  2.1154455E-08  -1.7680489E-07   2.1447843E-08  -2.5003611E-07   1.1658295E-05   5.8872262E-07   5.2895288E-07   6.2521882E-06   2.8158271E-03   3.9688594E-04   1.7455526E-03   2.1813095E-04  -9.1756296E-06   5.4177906E-06  -3.3655926E-06   1.4984045E-05   1.8688514E-05   3.0993518E-06   2.6709451E-06   7.2692929E-06  -1.7542085E-06  -4.4571760E-09  -5.8473314E-08  -4.0685734E-07  -1.6988579E-07
 -3.7606332E-04   1.2664811E-03  -1.8129151E-05  -6.8105780E-03  -5.3831349E-03  -2.4438515E-02  -4.9179136E-02   2.8158271E-03   6.1879203E+02   5.8769382E+01  -5.5153968E+01   3.0256583E+01  -2.5191919E+01  -8.6749912E-01  -1.6416906E-01  -2.7217700E-01   1.0548429E+01  -1.7155648E-01   2.8970567E-01  -2.6814868E-01  -2.1229606E-01   6.8406171E-03   2.5406571E-03   2.0034542E-03   7.2836720E-03
 -2.8425526E-04   1.1372797E-03  -6.9937530E-05  -4.3633444E-03  -4.3892875E-03  -8.5411174E-03  -1.2798913E-02   3.9688594E-04   5.8769382E+01   6.7239290E+01   1.1706564E+01   5.1987204E+00  -3.1144897E-01  -1.8299045E-02   4.4016357E-01   9.1594106E-01  -8.3517055E+00  -3.1382425E-02  -2.3598610E-01   5.4459857E-02   5.4293053E-02   9.0849450E-04   4.9565968E-04   2.2742011E-03   4.3602415E-03
  5.2418524E-05   1.2123315E-04  -6.5252918E-05   2.3118758E-03   1.3565886E-02   8.8145368E-03   2.1989223E-02   1.7455526E-03  -5.5153968E+01   1.1706564E+01   1.7317161E+02  -8.1537408E+01   2.5808335E+00   3.3913583E-01  -1.0504504E+00   4.2468242E-01  -7.4561245E+00  -3.6608999E-02  -2.9029784E-01   5.5328977E-01  -1.0748580E-03   1.5389853E-03  -7.4061000E-03   3.1952910E-03   2.0257232E-03
 -1.2066913E-04   3.0596611E-04  -2.8730045E-06  -2.3756817E-03  -5.8633606E-03  -6.5496558E-03  -1.3415257E-02   2.1813095E-04   3.0256583E+01   5.1987204E+00  -8.1537408E+01   5.0811110E+01   1.7355852E+00  -4.1277171E-02   7.3159425E-01  -2.8905107E-01  -2.6144635E+00   2.0982823E-02   1.7293817E-01  -4.4994950E-01  -1.1979558E-01  -4.4692657E-04   2.8951316E-03  -1.0698264E-03   4.0729098E-04
  1.9917394E-05  -9.8781275E-05   1.1825833E-05   2.8437626E-04   4.1413363E-04   5.9006007E-04   1.3268605E-03  -9.1756296E-06  -2.5191919E+01  -3.1144897E-01   2.5808335E+00   1.7355852E+00   4.3292706E+00   1.0364583E-01   1.5730856E-01  -3.6487381E-02  -3.5111022E+00  -1.9297812E-03  -2.5779465E-03   8.9595449E-03   5.3848831E-02   4.6553235E-04  -2.2670153E-04  -9.3252943E-05  -2.5307077E-04
  8.6527929E-07  -1.6829417E-06   2.2871876E-07   2.3801267E-05   8.1621195E-05   6.9800436E-05   1.1140233E-04   5.4177906E-06  -8.6749912E-01  -1.8299045E-02   3.3913583E-01  -4.1277171E-02   1.0364583E-01   1.6910374E-02  -1.6929536E-02   1.2341051E-02  -1.0598243E-01  -2.0754354E-04  -1.1905968E-03  -2.5580771E-03   5.4068839E-03   1.6923348E-05  -3.3269226E-05   1.2818801E-05   6.0872668E-06
 -1.6889533E-06   2.0802976E-06   1.6332321E-07  -4.6149370E-05  -1.3788685E-04  -1.2925755E-04  -1.5559445E-04  -3.3655926E-06  -1.6416906E-01   4.4016357E-01  -1.0504504E+00   7.3159425E-01   1.5730856E-01  -1.6929536E-02   6.9287190E-02   3.5541905E-03  -1.5372323E-01   2.7864272E-04   6.9970313E-03  -5.8391031E-04  -1.8340876E-02  -4.9019992E-06   9.0273986E-05  -2.7216296E-05  -1.5477437E-05
  1.0621202E-06  -4.5967119E-06   6.8837260E-07   2.1225720E-05   9.8650093E-05   8.3425670E-05   7.3295423E-05   1.4984045E-05  -2.7217700E-01   9.1594106E-01   4.2468242E-01  -2.8905107E-01  -3.6487381E-02   1.2341051E-02   3.5541905E-03   8.2948379E-02   3.3587288E-02  -5.8294913E-04  -3.8546659E-04   1.4542274E-03   9.6550872E-04   1.3917315E-05  -4.5367825E-06   7.1346543E-06  -2.6198269E-06
 -2.9834598E-05   7.0127854E-05   3.2522752E-06  -8.3501169E-04  -2.4175623E-03  -2.1159807E-03  -5.0657825E-03   1.8688514E-05   1.0548429E+01  -8.3517055E+00  -7.4561245E+00  -2.6144635E+00  -3.5111022E+00  -1.0598243E-01  -1.5372323E-01   3.3587288E-02   7.3643321E+00   3.1018653E-03  -6.2149590E-04  -2.3010769E-03  -4.6284231E-02  -4.0053199E-04   7.3458948E-05  -3.1880300E-04  -1.4990809E-04
  1.3599207E-07   6.0455260E-07   4.8211981E-08   2.1924411E-06  -7.9233340E-06   9.8851161E-06  -4.5494597E-05   3.0993518E-06  -1.7155648E-01  -3.1382425E-02  -3.6608999E-02   2.0982823E-02  -1.9297812E-03  -2.0754354E-04   2.7864272E-04  -5.8294913E-04   3.1018653E-03   3.7874788E-02   2.8097418E-03  -2.2503166E-04   4.0182546E-04   3.5686206E-05  -4.7667720E-06  -1.0322365E-05  -1.8275653E-05
 -1.3295113E-07  -1.1166549E-07   7.3741456E-07  -1.1258645E-06  -8.9940142E-05  -3.1693460E-05  -1.0865913E-04   2.6709451E-06   2.8970567E-01  -2.3598610E-01  -2.9029784E-01   1.7293817E-01  -2.5779465E-03  -1.1905968E-03   6.9970313E-03  -3.8546659E-04  -6.2149590E-04   2.8097418E-03   3.0846282E-02  -8.4695917E-04   5.3947103E-03  -7.8429399E-05  -4.2620521E-05  -8.4190102E-05  -8.1463968E-05
  8.7724820E-07  -2.5563574E-06   5.3782185E-07   8.2935111E-06   3.7570147E-05   3.3638116E-05   5.4680532E-05   7.2692929E-06  -2.6814868E-01   5.4459857E-02   5.5328977E-01  -4.4994950E-01   8.9595449E-03  -2.5580771E-03  -5.8391031E-04   1.4542274E-03  -2.3010769E-03  -2.2503166E-04  -8.4695917E-04   1.0693545E-02   8.6079390E-03   3.5073454E-06   6.3377530E-05   7.0533842E-06  -5.5892666E-06
  1.4036277E-07  -9.4278261E-07   1.3087557E-06   7.8852032E-07  -1.8099413E-05  -6.2490109E-06  -1.5501875E-04  -1.7542085E-06  -2.1229606E-01   5.4293053E-02  -1.0748580E-03  -1.1979558E-01   5.3848831E-02   5.4068839E-03  -1.8340876E-02   9.6550872E-04  -4.6284231E-02   4.0182546E-04   5.3947103E-03   8.6079390E-03   2.6731395E-02  -2.8249010E-06   5.8825083E-05  -2.2335109E-05  -1.2452105E-05
  3.2869851E-09  -1.9291432E-08   4.6791480E-09   1.9774998E-08   6.4968116E-07  -3.1561939E-07  -1.1562194E-06  -4.4571760E-09   6.8406171E-03   9.0849450E-04   1.5389853E-03  -4.4692657E-04   4.6553235E-04   1.6923348E-05  -4.9019992E-06   1.3917315E-05  -4.0053199E-04   3.5686206E-05  -7.8429399E-05   3.5073454E-06  -2.8249010E-06   1.1089051E-06   4.1904031E-08   4.0095113E-07   6.2470903E-07
 -2.1167419E-09   5.2751811E-09   5.4157716E-09  -1.8336509E-07  -4.3241576E-07  -3.0052405E-07  -1.0102557E-06  -5.8473314E-08   2.5406571E-03   4.9565968E-04  -7.4061000E-03   2.8951316E-03  -2.2670153E-04  -3.3269226E-05   9.0273986E-05  -4.5367825E-06   7.3458948E-05  -4.7667720E-06  -4.2620521E-05   6.3377530E-05   5.8825083E-05   4.1904031E-08   2.4383022E-06   1.8721200E-07   1.3502275E-07
 -9.7083245E-08  -2.1709730E-07  -3.3380944E-08  -2.6542716E-06  -6.2231631E-06   1.2490575E-07   6.5084512E-06  -4.0685734E-07   2.0034542E-03   2.2742011E-03   3.1952910E-03  -1.0698264E-03  -9.3252943E-05   1.2818801E-05  -2.7216296E-05   7.1346543E-06  -3.1880300E-04  -1.0322365E-05  -8.4190102E-05   7.0533842E-06  -2.2335109E-05   4.0095113E-07   1.8721200E-07   2.3994739E-05   8.2252429E-06
 -2.3487150E-07  -8.2555212E-07   7.3169895E-08  -1.7177501E-06  -3.2617606E-06  -1.8975755E-06   6.1567222E-06  -1.6988579E-07   7.2836720E-03   4.3602415E-03   2.0257232E-03   4.0729098E-04  -2.5307077E-04   6.0872668E-06  -1.5477437E-05  -2.6198269E-06  -1.4990809E-04  -1.8275653E-05  -8.1463968E-05  -5.5892666E-06  -1.2452105E-05   6.2470903E-07   1.3502275E-07   8.2252429E-06   2.4154903E-05
