# omegabh2 omegach2 theta tau meffsterile nnu logA ns calPlanck acib217 xi asz143 aps100 aps143 aps143217 aps217 aksz kgal100 kgal143 kgal143217 kgal217 cal0 cal2
  4.5314587E-08   2.0936671E-07  -2.8643618E-09   2.7314536E-07   1.1239884E-07   1.5578899E-05   1.1009035E-06   7.7518262E-07   1.8781157E-08  -4.3253026E-05   7.1289896E-07   2.5693700E-05  -2.9516424E-04  -2.1772529E-04  -6.8088641E-05  -3.4979046E-05  -3.0293103E-05   7.8148734E-06   2.8893509E-06   3.4171344E-06   1.9118873E-05   2.6664759E-09   3.1821236E-10
  2.0936671E-07   1.8508801E-05  -1.1531794E-06  -8.8077286E-08  -6.3670864E-04   6.3166780E-04   2.7738296E-05   2.1283708E-05  -1.9132734E-07   3.4409126E-03  -4.2368253E-05  -8.7564839E-04   1.7649196E-02   7.8502491E-03   2.2117373E-03  -7.9810864E-04   1.5541324E-03   8.2941014E-05   2.0329779E-04   4.4832918E-05  -1.2388774E-03   4.2169540E-08   7.6922855E-08
 -2.8643618E-09  -1.1531794E-06   2.5724792E-07   1.2332442E-07   2.7398838E-05  -5.0291249E-05  -1.6343346E-06  -1.4772827E-06   2.7801525E-09  -2.4431550E-04   3.0526098E-06   6.3844506E-05  -1.2674586E-03  -6.4042125E-04  -2.2327503E-04  -1.5242921E-05  -1.1820985E-04  -1.0675669E-05  -6.1003587E-06   2.0078328E-06   8.5890663E-05  -5.6014733E-09  -6.0482184E-09
  2.7314536E-07  -8.8077286E-08   1.2332442E-07   5.2355241E-05   2.3119037E-05   6.8430080E-05   1.0306231E-04   7.9165538E-06  -4.1755815E-07  -7.2289138E-04   1.7042722E-05   2.1935834E-04  -4.5689462E-03  -3.3923700E-03  -1.2413379E-03  -4.4755785E-04  -6.6420571E-04  -3.5078472E-05  -7.9738613E-05  -3.1994062E-04  -4.4532463E-04   5.4866121E-09   7.0659498E-09
  1.1239884E-07  -6.3670864E-04   2.7398838E-05   2.3119037E-05   4.3376727E-02  -1.0726734E-02  -4.6439670E-04  -5.3640290E-04   1.7576011E-05  -7.7990201E-02   4.6492523E-04   2.1492758E-02  -4.4662847E-01  -1.1707539E-01  -4.9792600E-03   6.6569851E-02  -3.3766458E-02   1.0945540E-03  -7.5316936E-03   5.9353051E-03   4.6877923E-02  -9.5600161E-07  -4.4044694E-07
  1.5578899E-05   6.3166780E-04  -5.0291249E-05   6.8430080E-05  -1.0726734E-02   3.1601426E-02   1.3158705E-03   1.1221233E-03   3.7649137E-06   1.6248400E-01  -2.4947226E-03  -4.0513776E-02   7.9699690E-01   3.8552117E-01   1.0966837E-01  -2.4927294E-02   7.4911199E-02   7.7349890E-03   9.8720579E-03   7.8003494E-03  -4.3204624E-02   2.5433696E-06   4.6521047E-06
  1.1009035E-06   2.7738296E-05  -1.6343346E-06   1.0306231E-04  -4.6439670E-04   1.3158705E-03   2.8523051E-04   4.9053795E-05   1.1327879E-05   3.5791016E-03   3.5270080E-06  -9.8041581E-04   2.3865989E-02   1.0237292E-02   5.9515912E-03   5.8275390E-03   2.6782913E-04  -2.6093378E-04  -5.4963268E-04  -8.6032714E-04  -6.0691540E-04   2.5753008E-07   1.9101891E-07
  7.7518262E-07   2.1283708E-05  -1.4772827E-06   7.9165538E-06  -5.3640290E-04   1.1221233E-03   4.9053795E-05   5.7800080E-05   3.2851012E-07   2.0303094E-03  -3.5250229E-06  -4.7201885E-04   7.0856519E-03   7.0262957E-03   5.2269709E-03   3.0582563E-03   3.3338256E-04   6.8572634E-04   2.0606333E-04  -8.9112643E-06  -6.9283709E-04  -5.4570829E-09   8.5180305E-08
  1.8781157E-08  -1.9132734E-07   2.7801525E-09  -4.1755815E-07   1.7576011E-05   3.7649137E-06   1.1327879E-05   3.2851012E-07   6.0990803E-06   5.9364154E-04   2.4319015E-06  -1.6729056E-05   4.3402374E-03   9.2010998E-04   6.3618750E-04   1.4606653E-03  -3.9386754E-05  -6.3716262E-06  -2.4333138E-05  -1.0412745E-05   8.2089680E-04   2.4550465E-09   5.5320512E-09
 -4.3253026E-05   3.4409126E-03  -2.4431550E-04  -7.2289138E-04  -7.7990201E-02   1.6248400E-01   3.5791016E-03   2.0303094E-03   5.9364154E-04   4.5779581E+01  -4.0877247E-01  -1.1305912E+00   3.9557250E+01   3.4641085E+00  -1.3666850E+01  -5.5876164E+01   3.8943031E-01   3.0551995E-01   6.5185445E-01  -5.6665141E+00  -3.3552816E+01  -1.9068953E-04   7.3478570E-04
  7.1289896E-07  -4.2368253E-05   3.0526098E-06   1.7042722E-05   4.6492523E-04  -2.4947226E-03   3.5270080E-06  -3.5250229E-06   2.4319015E-06  -4.0877247E-01   8.2046808E-02  -4.2724754E-02  -5.7174447E-01   8.3006317E-01   1.6048513E+00   6.2420489E-01   4.2876037E-02  -1.0212337E-02   1.0028859E-02   1.0299643E-01   1.5403456E-01   2.7349399E-06  -1.7306527E-06
  2.5693700E-05  -8.7564839E-04   6.3844506E-05   2.1935834E-04   2.1492758E-02  -4.0513776E-02  -9.8041581E-04  -4.7201885E-04  -1.6729056E-05  -1.1305912E+00  -4.2724754E-02   4.1125952E+00  -3.2463044E+01  -3.4629320E+00   8.3233999E+00   5.9635552E+00  -3.2454691E+00  -2.2020491E-01   1.2314753E-01   2.7686984E+00   3.5402889E+00   1.0698518E-04  -3.5687545E-05
 -2.9516424E-04   1.7649196E-02  -1.2674586E-03  -4.5689462E-03  -4.4662847E-01   7.9699690E-01   2.3865989E-02   7.0856519E-03   4.3402374E-03   3.9557250E+01  -5.7174447E-01  -3.2463044E+01   8.0964024E+02   7.8057677E+01  -5.6490360E+01  -6.3755464E+01   1.8233524E+01  -6.4070693E+00   5.7376062E+00  -1.1961381E+01  -2.4220683E+01   3.9281090E-03   5.9287900E-04
 -2.1772529E-04   7.8502491E-03  -6.4042125E-04  -3.3923700E-03  -1.1707539E-01   3.8552117E-01   1.0237292E-02   7.0262957E-03   9.2010998E-04   3.4641085E+00   8.3006317E-01  -3.4629320E+00   7.8057677E+01   6.7202160E+01   4.2440520E+01   1.7937931E+01  -4.5239475E+00  -2.6492720E-01  -1.0213641E+00   4.0081984E+00   4.7882557E+00   1.4094810E-04   1.4211971E-04
 -6.8088641E-05   2.2117373E-03  -2.2327503E-04  -1.2413379E-03  -4.9792600E-03   1.0966837E-01   5.9515912E-03   5.2269709E-03   6.3618750E-04  -1.3666850E+01   1.6048513E+00   8.3233999E+00  -5.6490360E+01   4.2440520E+01   8.7737386E+01   5.7766175E+01  -1.3334256E+01  -9.0976204E-01  -6.5055065E-01   5.6014029E+00   9.9420789E+00   4.0580289E-04  -3.6938718E-04
 -3.4979046E-05  -7.9810864E-04  -1.5242921E-05  -4.4755785E-04   6.6569851E-02  -2.4927294E-02   5.8275390E-03   3.0582563E-03   1.4606653E-03  -5.5876164E+01   6.2420489E-01   5.9635552E+00  -6.3755464E+01   1.7937931E+01   5.7766175E+01   1.0782077E+02  -1.0896614E+01  -7.8555598E-01  -1.3421356E+00   5.8745772E+00   3.4454560E+01   4.4047134E-04  -1.3662940E-03
 -3.0293103E-05   1.5541324E-03  -1.1820985E-04  -6.6420571E-04  -3.3766458E-02   7.4911199E-02   2.6782913E-04   3.3338256E-04  -3.9386754E-05   3.8943031E-01   4.2876037E-02  -3.2454691E+00   1.8233524E+01  -4.5239475E+00  -1.3334256E+01  -1.0896614E+01   7.0135124E+00   9.1557654E-02  -1.9919610E-01  -2.3570458E+00  -2.8079197E+00  -8.2208688E-05   2.4213511E-05
  7.8148734E-06   8.2941014E-05  -1.0675669E-05  -3.5078472E-05   1.0945540E-03   7.7349890E-03  -2.6093378E-04   6.8572634E-04  -6.3716262E-06   3.0551995E-01  -1.0212337E-02  -2.2020491E-01  -6.4070693E+00  -2.6492720E-01  -9.0976204E-01  -7.8555598E-01   9.1557654E-02   3.4642003E+00   5.9665581E-01   2.3344177E-01   8.3172503E-02   1.7216605E-04  -4.9141071E-06
  2.8893509E-06   2.0329779E-04  -6.1003587E-06  -7.9738613E-05  -7.5316936E-03   9.8720579E-03  -5.4963268E-04   2.0606333E-04  -2.4333138E-05   6.5185445E-01   1.0028859E-02   1.2314753E-01   5.7376062E+00  -1.0213641E+00  -6.5055065E-01  -1.3421356E+00  -1.9919610E-01   5.9665581E-01   3.1826962E+00   2.7177050E+00   2.6732297E+00  -1.7318483E-04  -3.1606986E-05
  3.4171344E-06   4.4832918E-05   2.0078328E-06  -3.1994062E-04   5.9353051E-03   7.8003494E-03  -8.6032714E-04  -8.9112643E-06  -1.0412745E-05  -5.6665141E+00   1.0299643E-01   2.7686984E+00  -1.1961381E+01   4.0081984E+00   5.6014029E+00   5.8745772E+00  -2.3570458E+00   2.3344177E-01   2.7177050E+00   1.0859412E+01   1.9270082E+01   1.9372047E-05   4.1718109E-04
  1.9118873E-05  -1.2388774E-03   8.5890663E-05  -4.4532463E-04   4.6877923E-02  -4.3204624E-02  -6.0691540E-04  -6.9283709E-04   8.2089680E-04  -3.3552816E+01   1.5403456E-01   3.5402889E+00  -2.4220683E+01   4.7882557E+00   9.9420789E+00   3.4454560E+01  -2.8079197E+00   8.3172503E-02   2.6732297E+00   1.9270082E+01   5.3631665E+01   1.4246400E-04   9.4677768E-04
  2.6664759E-09   4.2169540E-08  -5.6014733E-09   5.4866121E-09  -9.5600161E-07   2.5433696E-06   2.5753008E-07  -5.4570829E-09   2.4550465E-09  -1.9068953E-04   2.7349399E-06   1.0698518E-04   3.9281090E-03   1.4094810E-04   4.0580289E-04   4.4047134E-04  -8.2208688E-05   1.7216605E-04  -1.7318483E-04   1.9372047E-05   1.4246400E-04   3.7824910E-07   2.3356965E-09
  3.1821236E-10   7.6922855E-08  -6.0482184E-09   7.0659498E-09  -4.4044694E-07   4.6521047E-06   1.9101891E-07   8.5180305E-08   5.5320512E-09   7.3478570E-04  -1.7306527E-06  -3.5687545E-05   5.9287900E-04   1.4211971E-04  -3.6938718E-04  -1.3662940E-03   2.4213511E-05  -4.9141071E-06  -3.1606986E-05   4.1718109E-04   9.4677768E-04   2.3356965E-09   3.8522050E-07
