# omegabh2 omegach2 theta tau logA ns nrun r calPlanck aps100 aps143 aps217 acib217 asz143 psr cibr xi aksz dust100 dust143 dust217 dust143x217 cal0 cal2
  4.7802046E-08  -4.8145354E-08   2.4062337E-08   3.9699413E-07   1.0161552E-06   1.5199689E-07  -8.5795506E-07   2.5527254E-06   1.7654148E-08  -2.0268224E-04  -2.0526829E-04  -6.0949991E-05  -3.4538238E-05   1.7784920E-05  -7.5321619E-08  -2.5766723E-07  -8.9799928E-07  -1.8391004E-05   7.4262040E-07   8.7445225E-07   4.7783337E-07   7.6284131E-07   1.2171232E-09  -3.8228315E-09
 -4.8145354E-08   1.5484317E-06  -6.0928855E-08  -1.1378448E-06   1.6118237E-06  -3.4392786E-06  -7.5834527E-07  -4.1560515E-06  -7.0868709E-08   4.0306539E-04   6.4854090E-04   3.7629452E-04   6.3937584E-05  -1.9831677E-05   2.5197656E-06  -8.8112599E-07   1.3077543E-06   4.1093140E-06   6.1288309E-06  -7.6797336E-07  -1.2231069E-07   2.5882278E-06  -3.5855225E-09   2.6834766E-09
  2.4062337E-08  -6.0928855E-08   1.6810344E-07   1.8661781E-07   5.0485924E-07   3.2368790E-07  -2.0245108E-07   6.8856348E-07   2.5729440E-08  -5.4026105E-05   7.7630792E-06  -1.8182432E-04   6.5762210E-05   6.4908103E-06  -6.2426323E-07   2.8104553E-06   1.6528912E-06   2.0405667E-05   9.3413751E-07   8.9297575E-07   3.0133765E-07   1.5110489E-07  -3.3325899E-09   1.1087531E-08
  3.9699413E-07  -1.1378448E-06   1.8661781E-07   5.2463462E-05   1.0487693E-04   3.5762011E-06  -1.5886282E-05   3.1418552E-05  -4.3723342E-07   3.7345902E-04   4.6488311E-04  -7.4791275E-05  -3.0006500E-04  -2.0962360E-04  -1.1813358E-05  -2.1814351E-05  -8.9580109E-06  -5.0484804E-05   1.2633911E-05   5.2908292E-06  -3.0665343E-06   7.6977896E-06  -2.1152889E-08  -2.2207959E-07
  1.0161552E-06   1.6118237E-06   5.0485924E-07   1.0487693E-04   2.5266019E-04  -4.6396207E-06  -4.9497588E-05   8.5653409E-05   1.1652130E-05   1.3675811E-02   7.6831460E-03   4.9299174E-03   1.2465693E-03  -5.7678614E-04  -1.2109238E-05  -2.9404229E-05   3.9360860E-06  -4.0464385E-04   5.0060582E-05  -7.3058147E-05   1.7516791E-06   3.8150634E-06   7.2479397E-07  -2.8183188E-07
  1.5199689E-07  -3.4392786E-06   3.2368790E-07   3.5762011E-06  -4.6396207E-06   2.0572424E-05   9.5723823E-06   1.6737229E-05   3.3303795E-07  -3.2070778E-02  -1.1680938E-02   9.8919401E-03  -8.0064905E-03   9.0055814E-04   7.2504784E-05  -1.3366040E-04   7.1824905E-05  -2.3939704E-03  -3.0613076E-06  -3.8802570E-05   3.8635951E-05  -1.6889355E-05  -4.1697178E-07  -4.8678051E-07
 -8.5795506E-07  -7.5834527E-07  -2.0245108E-07  -1.5886282E-05  -4.9497588E-05   9.5723823E-06   7.3116584E-05  -2.0063632E-04   9.3423355E-08  -4.1319168E-02  -1.9364804E-02   1.6483194E-02  -1.3522844E-02   1.4094612E-03   1.1905036E-04  -2.3648594E-04   1.1894763E-04  -3.3796574E-03  -6.0896367E-05  -5.6596925E-05   5.1485375E-05  -3.9126779E-05  -2.6450768E-07  -1.0637477E-06
  2.5527254E-06  -4.1560515E-06   6.8856348E-07   3.1418552E-05   8.5653409E-05   1.6737229E-05  -2.0063632E-04   2.8873864E-03  -9.5217474E-08   8.8681566E-02   3.3686985E-02  -3.4541847E-02   2.4448300E-02  -4.1543301E-03  -2.2359151E-04   4.5010124E-04  -1.2393070E-04   9.2430172E-03   4.6629082E-05   1.6356120E-04  -8.3480500E-05   4.2552277E-05   5.9675092E-07   3.0495543E-06
  1.7654148E-08  -7.0868709E-08   2.5729440E-08  -4.3723342E-07   1.1652130E-05   3.3303795E-07   9.3423355E-08  -9.5217474E-08   6.3245249E-06   2.1425906E-03   3.4860402E-04   1.0158631E-03   7.1424948E-04   4.9351561E-05   7.8378743E-08   1.0668416E-05   2.2800745E-06  -1.8341786E-05   3.3898110E-06  -4.4523369E-08   1.7357608E-06  -9.8138405E-06   1.0291649E-08  -3.8819119E-08
 -2.0268224E-04   4.0306539E-04  -5.4026105E-05   3.7345902E-04   1.3675811E-02  -3.2070778E-02  -4.1319168E-02   8.8681566E-02   2.1425906E-03   6.4033387E+02   7.7266057E+01  -7.1156148E+01   4.2936425E+01  -2.5716840E+01  -8.8616813E-01   1.6136713E-01  -2.3046091E-01   1.3364579E+01  -8.2989553E-02   2.9274400E-01  -2.8526037E-01  -1.8804780E-01   7.1723628E-03   4.4066140E-03
 -2.0526829E-04   6.4854090E-04   7.7630792E-06   4.6488311E-04   7.6831460E-03  -1.1680938E-02  -1.9364804E-02   3.3686985E-02   3.4860402E-04   7.7266057E+01   7.4245561E+01   8.2041133E-01   1.2730180E+01  -1.0006032E+00  -3.7319906E-02   5.5221168E-01   8.3322670E-01  -6.5710810E+00  -8.6064299E-03  -2.4693572E-01   1.9663586E-02   4.0880166E-02   1.1235260E-03   1.3466392E-03
 -6.0949991E-05   3.7629452E-04  -1.8182432E-04  -7.4791275E-05   4.9299174E-03   9.8919401E-03   1.6483194E-02  -3.4541847E-02   1.0158631E-03  -7.1156148E+01   8.2041133E-01   1.8267222E+02  -8.9735956E+01   2.3122177E+00   3.9088496E-01  -1.1633513E+00   3.3796119E-01  -6.7222616E+00  -2.7052307E-02  -3.2699277E-01   5.8722222E-01   1.7262203E-02   1.6037842E-03  -8.0800724E-03
 -3.4538238E-05   6.3937584E-05   6.5762210E-05  -3.0006500E-04   1.2465693E-03  -8.0064905E-03  -1.3522844E-02   2.4448300E-02   7.1424948E-04   4.2936425E+01   1.2730180E+01  -8.9735956E+01   5.7244347E+01   1.6571586E+00  -8.9484539E-02   8.2141271E-01  -2.7042103E-01  -2.5542271E+00   1.9626658E-02   1.9537576E-01  -4.7400437E-01  -1.3614701E-01  -4.4474982E-04   3.5378683E-03
  1.7784920E-05  -1.9831677E-05   6.4908103E-06  -2.0962360E-04  -5.7678614E-04   9.0055814E-04   1.4094612E-03  -4.1543301E-03   4.9351561E-05  -2.5716840E+01  -1.0006032E+00   2.3122177E+00   1.6571586E+00   4.2708835E+00   9.5888230E-02   1.4559544E-01  -4.9902745E-02  -3.6099547E+00  -7.4939063E-03  -7.4795809E-03   8.4547508E-03   4.5694540E-02   4.1991302E-04  -2.0139569E-04
 -7.5321619E-08   2.5197656E-06  -6.2426323E-07  -1.1813358E-05  -1.2109238E-05   7.2504784E-05   1.1905036E-04  -2.2359151E-04   7.8378743E-08  -8.8616813E-01  -3.7319906E-02   3.9088496E-01  -8.9484539E-02   9.5888230E-02   1.5792464E-02  -1.6234232E-02   1.2152923E-02  -1.0569220E-01  -1.4927182E-05  -1.4228887E-03  -2.2124281E-03   5.0259562E-03   1.6782024E-05  -3.8824512E-05
 -2.5766723E-07  -8.8112599E-07   2.8104553E-06  -2.1814351E-05  -2.9404229E-05  -1.3366040E-04  -2.3648594E-04   4.5010124E-04   1.0668416E-05   1.6136713E-01   5.5221168E-01  -1.1633513E+00   8.2141271E-01   1.4559544E-01  -1.6234232E-02   6.5088240E-02   3.2835495E-03  -1.4764136E-01   6.0724812E-04   6.6869151E-03  -1.0529561E-03  -1.7924334E-02  -3.5004925E-06   1.0387565E-04
 -8.9799928E-07   1.3077543E-06   1.6528912E-06  -8.9580109E-06   3.9360860E-06   7.1824905E-05   1.1894763E-04  -1.2393070E-04   2.2800745E-06  -2.3046091E-01   8.3322670E-01   3.3796119E-01  -2.7042103E-01  -4.9902745E-02   1.2152923E-02   3.2835495E-03   8.1740657E-02   4.4179850E-02   7.0970934E-04  -4.3596130E-04   1.2431806E-03   7.4029947E-04   1.4037212E-05   2.3734644E-07
 -1.8391004E-05   4.1093140E-06   2.0405667E-05  -5.0484804E-05  -4.0464385E-04  -2.3939704E-03  -3.3796574E-03   9.2430172E-03  -1.8341786E-05   1.3364579E+01  -6.5710810E+00  -6.7222616E+00  -2.5542271E+00  -3.6099547E+00  -1.0569220E-01  -1.4764136E-01   4.4179850E-02   7.4204247E+00   9.4869805E-05   6.5053277E-03  -2.5704945E-03  -3.8267344E-02  -3.8211581E-04   3.2407733E-05
  7.4262040E-07   6.1288309E-06   9.3413751E-07   1.2633911E-05   5.0060582E-05  -3.0613076E-06  -6.0896367E-05   4.6629082E-05   3.3898110E-06  -8.2989553E-02  -8.6064299E-03  -2.7052307E-02   1.9626658E-02  -7.4939063E-03  -1.4927182E-05   6.0724812E-04   7.0970934E-04   9.4869805E-05   3.8702893E-02   3.4169534E-03  -1.3998003E-04   5.7448267E-04   3.6862858E-05  -2.0619145E-06
  8.7445225E-07  -7.6797336E-07   8.9297575E-07   5.2908292E-06  -7.3058147E-05  -3.8802570E-05  -5.6596925E-05   1.6356120E-04  -4.4523369E-08   2.9274400E-01  -2.4693572E-01  -3.2699277E-01   1.9537576E-01  -7.4795809E-03  -1.4228887E-03   6.6869151E-03  -4.3596130E-04   6.5053277E-03   3.4169534E-03   3.1329839E-02  -1.2291815E-03   5.0459411E-03  -8.2611589E-05  -4.5009215E-05
  4.7783337E-07  -1.2231069E-07   3.0133765E-07  -3.0665343E-06   1.7516791E-06   3.8635951E-05   5.1485375E-05  -8.3480500E-05   1.7357608E-06  -2.8526037E-01   1.9663586E-02   5.8722222E-01  -4.7400437E-01   8.4547508E-03  -2.2124281E-03  -1.0529561E-03   1.2431806E-03  -2.5704945E-03  -1.3998003E-04  -1.2291815E-03   1.0666006E-02   8.6080737E-03   4.7175286E-06   6.1467385E-05
  7.6284131E-07   2.5882278E-06   1.5110489E-07   7.6977896E-06   3.8150634E-06  -1.6889355E-05  -3.9126779E-05   4.2552277E-05  -9.8138405E-06  -1.8804780E-01   4.0880166E-02   1.7262203E-02  -1.3614701E-01   4.5694540E-02   5.0259562E-03  -1.7924334E-02   7.4029947E-04  -3.8267344E-02   5.7448267E-04   5.0459411E-03   8.6080737E-03   2.6575831E-02  -4.9289083E-06   5.7660831E-05
  1.2171232E-09  -3.5855225E-09  -3.3325899E-09  -2.1152889E-08   7.2479397E-07  -4.1697178E-07  -2.6450768E-07   5.9675092E-07   1.0291649E-08   7.1723628E-03   1.1235260E-03   1.6037842E-03  -4.4474982E-04   4.1991302E-04   1.6782024E-05  -3.5004925E-06   1.4037212E-05  -3.8211581E-04   3.6862858E-05  -8.2611589E-05   4.7175286E-06  -4.9289083E-06   1.1280000E-06   9.6046714E-08
 -3.8228315E-09   2.6834766E-09   1.1087531E-08  -2.2207959E-07  -2.8183188E-07  -4.8678051E-07  -1.0637477E-06   3.0495543E-06  -3.8819119E-08   4.4066140E-03   1.3466392E-03  -8.0800724E-03   3.5378683E-03  -2.0139569E-04  -3.8824512E-05   1.0387565E-04   2.3734644E-07   3.2407733E-05  -2.0619145E-06  -4.5009215E-05   6.1467385E-05   5.7660831E-05   9.6046714E-08   2.5237813E-06
