# omegabh2 omegach2 theta tau mnu logA ns calPlanck aps100 aps143 aps217 acib217 asz143 psr cibr xi aksz dust100 dust143 dust217 dust143x217 cal0 cal2 calTE calEE
  2.5469935E-08  -9.9636680E-08   1.7618043E-08   1.9127285E-07  -3.3580369E-07   3.4565961E-07   2.9327805E-07   5.6844911E-08  -2.2953186E-04  -2.3720418E-04   5.2041515E-05  -1.1299201E-04   7.0423729E-06  -3.8412277E-07  -1.6950830E-07  -2.9369566E-07  -3.1352313E-05  -5.9220466E-07  -4.5678285E-07   9.7698411E-07  -8.3464615E-07  -4.6543915E-10  -2.7898675E-09  -1.1291881E-07  -2.4511119E-07
 -9.9636680E-08   1.6295113E-06  -1.2085620E-07  -1.6229827E-06   1.5716237E-06  -3.8991248E-08  -3.7051829E-06  -3.3916386E-07   1.1041468E-03   3.9294316E-04   4.5232868E-04  -1.3207810E-04  -3.5931000E-05   6.7480874E-07  -7.2993648E-06   3.0048631E-06   1.1450086E-04  -5.6069144E-06  -9.7721356E-07   9.6548551E-07   5.1480363E-06  -1.0800398E-08  -2.6448285E-08  -4.5760297E-07  -8.1089142E-07
  1.7618043E-08  -1.2085620E-07   1.0457881E-07   4.2186225E-07  -1.0738967E-06   7.4019173E-07   4.5123184E-07   4.0953901E-08   2.8110556E-04  -3.7600785E-05   8.5520730E-05  -5.4660618E-05  -2.8266179E-05  -1.9360599E-06   4.0478150E-08  -8.8155570E-07  -5.2068941E-06  -5.8577106E-07  -2.3182807E-06  -4.8573154E-07  -3.5983282E-06   6.7975716E-09  -9.4396457E-09  -5.6209500E-08   2.9608936E-08
  1.9127285E-07  -1.6229827E-06   4.2186225E-07   4.7348465E-05   9.0989116E-06   9.1968124E-05   6.6654447E-06   3.6387606E-07  -1.5715846E-02  -2.3179539E-03   1.0073620E-02  -4.0409149E-03   7.3509951E-04   5.9003856E-05  -1.6506669E-04  -2.0732252E-05  -1.7645039E-03  -2.2181198E-05  -7.9606031E-05  -1.4175361E-05   1.2156966E-05   1.7697045E-07  -9.9752527E-07  -2.5512003E-06  -1.5605618E-06
 -3.3580369E-07   1.5716237E-06  -1.0738967E-06   9.0989116E-06   1.2528850E-03   1.9477128E-05  -5.2483522E-06   7.9755996E-07   2.8155454E-02   8.3883824E-03   8.4618710E-03  -4.9143672E-03  -1.1123352E-03  -7.6389691E-05  -1.3082992E-05   2.0889580E-04   4.2604940E-03  -1.4497373E-04  -1.6073136E-04   4.9511630E-05  -5.5729235E-05   5.2885717E-07   4.0857995E-08   4.5666108E-06  -3.0162033E-07
  3.4565961E-07  -3.8991248E-08   7.4019173E-07   9.1968124E-05   1.9477128E-05   2.1265902E-04   4.1957504E-06   1.1616775E-05  -2.6412221E-02  -1.3303921E-03   3.0221604E-02  -1.0903322E-02   1.9805246E-03   1.4918775E-04  -3.7834219E-04   2.5488626E-05  -4.6440366E-03  -1.0892101E-04  -3.3798987E-04   2.4865702E-05   2.7900810E-05   1.2716143E-06  -1.7379707E-06  -7.4343218E-06  -2.8904086E-06
  2.9327805E-07  -3.7051829E-06   4.5123184E-07   6.6654447E-06  -5.2483522E-06   4.1957504E-06   1.9357742E-05   7.4880491E-07  -2.4009238E-02  -7.2704878E-03   9.0203824E-03  -5.8916537E-03   2.6336590E-04   3.6619735E-05  -9.6345135E-05   1.3402477E-05  -2.0811966E-03   1.1991739E-05  -2.9429031E-05   2.0924986E-05  -4.8808505E-05  -4.1900102E-07  -3.1193467E-07   1.5422169E-07  -2.5024298E-06
  5.6844911E-08  -3.3916386E-07   4.0953901E-08   3.6387606E-07   7.9755996E-07   1.1616775E-05   7.4880491E-07   5.7476570E-06   1.5160396E-03   1.0370028E-03   2.2853980E-03  -2.5743118E-04   1.1085795E-04   7.3353098E-08  -4.6991937E-07   1.3104638E-05  -3.5489781E-05  -8.3138407E-06  -2.9749306E-05   1.8363145E-05   1.7816986E-06   7.1886154E-08   8.9581506E-08  -8.9107012E-07  -2.2337982E-08
 -2.2953186E-04   1.1041468E-03   2.8110556E-04  -1.5715846E-02   2.8155454E-02  -2.6412221E-02  -2.4009238E-02   1.5160396E-03   5.7876479E+02   5.6792632E+01  -5.1119566E+01   2.7297567E+01  -2.3320891E+01  -6.9912622E-01  -1.7405060E-01  -1.1244325E-01   9.8502488E+00  -2.0581943E-01   2.5707631E-01  -1.7215085E-01  -1.4204800E-01   6.2484698E-03   4.1646951E-03  -6.6515251E-04   8.6601778E-03
 -2.3720418E-04   3.9294316E-04  -3.7600785E-05  -2.3179539E-03   8.3883824E-03  -1.3303921E-03  -7.2704878E-03   1.0370028E-03   5.6792632E+01   6.9430772E+01   1.1347712E+01   6.3086366E+00   1.5864596E-01  -3.3511899E-02   5.3640446E-01   8.4370757E-01  -9.1062102E+00   3.0085361E-03  -2.6062665E-01   6.1075422E-02   2.0665205E-02   9.0920751E-04   6.1424137E-04   2.6973911E-03   5.1932991E-03
  5.2041515E-05   4.5232868E-04   8.5520730E-05   1.0073620E-02   8.4618710E-03   3.0221604E-02   9.0203824E-03   2.2853980E-03  -5.1119566E+01   1.1347712E+01   1.6485295E+02  -7.7298198E+01   2.6205266E+00   3.4340315E-01  -1.0936227E+00   2.1322185E-01  -7.7659388E+00   2.3301817E-02  -3.8250762E-01   5.1886951E-01  -1.9617840E-02   1.7401595E-03  -7.0462648E-03   8.2775485E-04  -1.6550049E-04
 -1.1299201E-04  -1.3207810E-04  -5.4660618E-05  -4.0409149E-03  -4.9143672E-03  -1.0903322E-02  -5.8916537E-03  -2.5743118E-04   2.7297567E+01   6.3086366E+00  -7.7298198E+01   4.8914884E+01   1.9448379E+00  -2.5568805E-02   7.1762053E-01  -1.6191818E-01  -2.7283477E+00  -3.4897878E-02   1.8975426E-01  -4.2479030E-01  -7.7266088E-02  -4.1592933E-04   2.9468670E-03   1.2344878E-03   1.9507196E-03
  7.0423729E-06  -3.5931000E-05  -2.8266179E-05   7.3509951E-04  -1.1123352E-03   1.9805246E-03   2.6336590E-04   1.1085795E-04  -2.3320891E+01   1.5864596E-01   2.6205266E+00   1.9448379E+00   4.0804924E+00   1.0289331E-01   1.3057268E-01  -3.9472037E-02  -3.4907536E+00  -2.3369126E-02  -2.7264634E-02  -1.1190279E-03   4.7957851E-02   4.8671053E-04  -2.8108312E-04   4.6157269E-04  -1.6982383E-04
 -3.8412277E-07   6.7480874E-07  -1.9360599E-06   5.9003856E-05  -7.6389691E-05   1.4918775E-04   3.6619735E-05   7.3353098E-08  -6.9912622E-01  -3.3511899E-02   3.4340315E-01  -2.5568805E-02   1.0289331E-01   1.7214467E-02  -1.8664324E-02   1.0497247E-02  -1.0290248E-01  -8.1086957E-04  -1.1039240E-03  -3.0646623E-03   5.6060898E-03   2.0239748E-05  -4.0072977E-05   3.4368954E-05   2.7217464E-05
 -1.6950830E-07  -7.2993648E-06   4.0478150E-08  -1.6506669E-04  -1.3082992E-05  -3.7834219E-04  -9.6345135E-05  -4.6991937E-07  -1.7405060E-01   5.3640446E-01  -1.0936227E+00   7.1762053E-01   1.3057268E-01  -1.8664324E-02   7.0756115E-02   7.7141162E-03  -1.4831950E-01   7.6754352E-05   5.4510279E-03   5.9752303E-04  -1.7635203E-02  -6.0499812E-06   1.1140048E-04   1.8278367E-05  -1.2750774E-05
 -2.9369566E-07   3.0048631E-06  -8.8155570E-07  -2.0732252E-05   2.0889580E-04   2.5488626E-05   1.3402477E-05   1.3104638E-05  -1.1244325E-01   8.4370757E-01   2.1322185E-01  -1.6191818E-01  -3.9472037E-02   1.0497247E-02   7.7141162E-03   7.7840096E-02   3.7555257E-02   1.8835262E-03   1.0191233E-03   4.0001802E-04  -1.0610863E-03   1.2621664E-05  -6.5800538E-06   4.2947921E-06   2.5728995E-05
 -3.1352313E-05   1.1450086E-04  -5.2068941E-06  -1.7645039E-03   4.2604940E-03  -4.6440366E-03  -2.0811966E-03  -3.5489781E-05   9.8502488E+00  -9.1062102E+00  -7.7659388E+00  -2.7283477E+00  -3.4907536E+00  -1.0290248E-01  -1.4831950E-01   3.7555257E-02   7.4890915E+00   2.3718455E-02   3.2700099E-02   7.0622226E-04  -3.8159857E-02  -4.7919897E-04   4.9424733E-05  -1.1916182E-03  -6.9949038E-05
 -5.9220466E-07  -5.6069144E-06  -5.8577106E-07  -2.2181198E-05  -1.4497373E-04  -1.0892101E-04   1.1991739E-05  -8.3138407E-06  -2.0581943E-01   3.0085361E-03   2.3301817E-02  -3.4897878E-02  -2.3369126E-02  -8.1086957E-04   7.6754352E-05   1.8835262E-03   2.3718455E-02   3.6144735E-02   2.6687080E-03   4.3218905E-04   7.7045023E-04   3.0746092E-05  -1.2432732E-05   1.8330467E-05   7.1546122E-06
 -4.5678285E-07  -9.7721356E-07  -2.3182807E-06  -7.9606031E-05  -1.6073136E-04  -3.3798987E-04  -2.9429031E-05  -2.9749306E-05   2.5707631E-01  -2.6062665E-01  -3.8250762E-01   1.8975426E-01  -2.7264634E-02  -1.1039240E-03   5.4510279E-03   1.0191233E-03   3.2700099E-02   2.6687080E-03   3.1130792E-02  -1.1038189E-03   5.5136606E-03  -8.3899280E-05  -3.8921956E-05  -4.8082438E-05  -8.3985174E-05
  9.7698411E-07   9.6548551E-07  -4.8573154E-07  -1.4175361E-05   4.9511630E-05   2.4865702E-05   2.0924986E-05   1.8363145E-05  -1.7215085E-01   6.1075422E-02   5.1886951E-01  -4.2479030E-01  -1.1190279E-03  -3.0646623E-03   5.9752303E-04   4.0001802E-04   7.0622226E-04   4.3218905E-04  -1.1038189E-03   9.8459398E-03   6.6503130E-03   2.1228436E-06   5.6001071E-05  -1.2976680E-05  -1.7692092E-05
 -8.3464615E-07   5.1480363E-06  -3.5983282E-06   1.2156966E-05  -5.5729235E-05   2.7900810E-05  -4.8808505E-05   1.7816986E-06  -1.4204800E-01   2.0665205E-02  -1.9617840E-02  -7.7266088E-02   4.7957851E-02   5.6060898E-03  -1.7635203E-02  -1.0610863E-03  -3.8159857E-02   7.7045023E-04   5.5136606E-03   6.6503130E-03   2.3540563E-02  -6.4423102E-06   3.6769203E-05  -1.7705432E-05  -6.5522443E-06
 -4.6543915E-10  -1.0800398E-08   6.7975716E-09   1.7697045E-07   5.2885717E-07   1.2716143E-06  -4.1900102E-07   7.1886154E-08   6.2484698E-03   9.0920751E-04   1.7401595E-03  -4.1592933E-04   4.8671053E-04   2.0239748E-05  -6.0499812E-06   1.2621664E-05  -4.7919897E-04   3.0746092E-05  -8.3899280E-05   2.1228436E-06  -6.4423102E-06   1.0824014E-06   7.1076395E-08   5.3778537E-07   7.3536936E-07
 -2.7898675E-09  -2.6448285E-08  -9.4396457E-09  -9.9752527E-07   4.0857995E-08  -1.7379707E-06  -3.1193467E-07   8.9581506E-08   4.1646951E-03   6.1424137E-04  -7.0462648E-03   2.9468670E-03  -2.8108312E-04  -4.0072977E-05   1.1140048E-04  -6.5800538E-06   4.9424733E-05  -1.2432732E-05  -3.8921956E-05   5.6001071E-05   3.6769203E-05   7.1076395E-08   2.3552390E-06   4.6814216E-07   2.4003406E-07
 -1.1291881E-07  -4.5760297E-07  -5.6209500E-08  -2.5512003E-06   4.5666108E-06  -7.4343218E-06   1.5422169E-07  -8.9107012E-07  -6.6515251E-04   2.6973911E-03   8.2775485E-04   1.2344878E-03   4.6157269E-04   3.4368954E-05   1.8278367E-05   4.2947921E-06  -1.1916182E-03   1.8330467E-05  -4.8082438E-05  -1.2976680E-05  -1.7705432E-05   5.3778537E-07   4.6814216E-07   2.4002187E-05   8.0787440E-06
 -2.4511119E-07  -8.1089142E-07   2.9608936E-08  -1.5605618E-06  -3.0162033E-07  -2.8904086E-06  -2.5024298E-06  -2.2337982E-08   8.6601778E-03   5.1932991E-03  -1.6550049E-04   1.9507196E-03  -1.6982383E-04   2.7217464E-05  -1.2750774E-05   2.5728995E-05  -6.9949038E-05   7.1546122E-06  -8.3985174E-05  -1.7692092E-05  -6.5522443E-06   7.3536936E-07   2.4003406E-07   8.0787440E-06   2.4264834E-05
