# omegabh2 omegach2 theta tau mnu logA ns calPlanck acib217 xi asz143 aps100 aps143 aps143217 aps217 aksz kgal100 kgal143 kgal143217 kgal217 cal0 cal2
  3.7446172E-08  -4.9452192E-08   2.0182049E-08   2.9111566E-07   3.2224360E-07   6.1080267E-07   2.5296245E-07   2.1576300E-08  -1.5539912E-04   2.2715113E-06   4.1767706E-05  -6.6804457E-04  -4.2546673E-04  -1.4418916E-04  -1.4860424E-05  -6.1144021E-05   1.9707930E-06  -3.3203147E-06  -1.2360026E-06   6.5162437E-05   6.0773577E-10  -2.2591959E-09
 -4.9452192E-08   1.1245600E-06  -3.7507141E-08  -2.7977648E-06  -7.8466851E-06  -3.4554685E-06  -2.4565267E-06  -2.2857769E-07   2.4229049E-04  -5.0851099E-07  -1.0332643E-05   5.6531862E-04   4.2456687E-04   2.2901766E-04  -1.3726423E-04   9.1534716E-05   1.0159426E-05   3.4229629E-05   2.4892621E-05  -1.3655316E-04  -1.7403193E-08  -6.7198377E-10
  2.0182049E-08  -3.7507141E-08   1.7274303E-07   3.2347563E-07   8.8273121E-07   8.1743983E-07   3.1968017E-07   3.9975596E-08  -6.4515901E-06  -3.8652906E-07  -4.6061450E-06   1.4811371E-04  -5.4798796E-05  -5.8951068E-05  -2.1451237E-05   2.2281319E-06  -7.3620095E-06   1.5738699E-05   4.4961933E-06   2.7909499E-05   6.6284334E-10  -1.3893116E-09
  2.9111566E-07  -2.7977648E-06   3.2347563E-07   5.4308859E-05   5.2749773E-05   9.9377571E-05   9.3287458E-06  -8.7806114E-07  -1.8663969E-03   6.0924663E-05   2.1064482E-04  -7.6143995E-03  -4.6511413E-03  -2.0073649E-03  -1.0289065E-03  -2.2874104E-04   3.8725130E-06  -1.4939061E-04  -2.6999184E-05   6.3732278E-04   1.8224839E-09  -5.9360223E-08
  3.2224360E-07  -7.8466851E-06   8.8273121E-07   5.2749773E-05   1.5226638E-03   9.5752792E-05   1.9007912E-05   4.0774972E-06  -1.0645346E-03  -6.5178475E-05  -7.9695673E-04   1.7057761E-02   1.6656276E-03  -7.3859621E-04   1.7816576E-03  -8.2285595E-04  -1.4226355E-04  -1.0755541E-03   5.3691184E-04   4.5090641E-03   4.9168105E-07   3.0161401E-07
  6.1080267E-07  -3.4554685E-06   8.1743983E-07   9.9377571E-05   9.5752792E-05   2.1341386E-04   1.2596283E-05   1.0375104E-05  -3.6272015E-03   1.8194318E-04   4.4834144E-04  -1.3072026E-02  -7.6197077E-03  -4.6858433E-04   4.0346159E-03  -1.2367402E-03  -3.1349364E-04  -8.8514375E-04  -7.4338084E-04   2.0155100E-03   8.9014686E-08  -1.9754600E-07
  2.5296245E-07  -2.4565267E-06   3.1968017E-07   9.3287458E-06   1.9007912E-05   1.2596283E-05   1.6200204E-05   6.6656119E-07  -4.9910465E-03   8.9185122E-05   1.0505178E-03  -2.4539074E-02  -7.4596510E-03   1.1692514E-03   5.2288115E-03  -2.5544291E-03   4.0690338E-04  -3.4157692E-04  -2.2339127E-04   2.0047130E-03  -4.9904415E-08  -3.7277057E-08
  2.1576300E-08  -2.2857769E-07   3.9975596E-08  -8.7806114E-07   4.0774972E-06   1.0375104E-05   6.6656119E-07   6.2937418E-06   6.1227897E-04   6.9818849E-06   3.6354601E-05   2.8307451E-03   2.7166548E-04   5.2668823E-04   1.4775723E-03  -4.4446097E-05   1.9387282E-05  -2.0894633E-05  -4.8222491E-05   6.8426336E-04  -1.2048841E-08  -1.7971932E-08
 -1.5539912E-04   2.4229049E-04  -6.4515901E-06  -1.8663969E-03  -1.0645346E-03  -3.6272015E-03  -4.9910465E-03   6.1227897E-04   4.4672983E+01  -3.7013847E-01  -8.4598315E-01   3.7403529E+01   2.8235623E+00  -1.2120206E+01  -5.4518685E+01  -8.8988682E-02   1.6473852E-01   4.5113442E-01  -5.8696191E+00  -3.3313106E+01  -2.0804721E-04   8.1160366E-04
  2.2715113E-06  -5.0851099E-07  -3.8652906E-07   6.0924663E-05  -6.5178475E-05   1.8194318E-04   8.9185122E-05   6.9818849E-06  -3.7013847E-01   8.2378068E-02  -4.3880956E-02  -6.3948720E-01   8.5087562E-01   1.6195622E+00   5.6962872E-01   5.0360994E-02  -1.0218892E-02   1.0015333E-02   9.9769005E-02   1.2471171E-01   3.5278608E-06  -1.3545420E-06
  4.1767706E-05  -1.0332643E-05  -4.6061450E-06   2.1064482E-04  -7.9695673E-04   4.4834144E-04   1.0505178E-03   3.6354601E-05  -8.4598315E-01  -4.3880956E-02   3.9561640E+00  -3.0694194E+01  -3.2297328E+00   8.0386030E+00   5.5439754E+00  -2.9287128E+00  -1.3228020E-01   2.0880500E-01   2.7048118E+00   3.3283531E+00   1.0948688E-04  -5.1623166E-05
 -6.6804457E-04   5.6531862E-04   1.4811371E-04  -7.6143995E-03   1.7057761E-02  -1.3072026E-02  -2.4539074E-02   2.8307451E-03   3.7403529E+01  -6.3948720E-01  -3.0694194E+01   7.8507505E+02   7.0413140E+01  -5.7373486E+01  -6.0834302E+01   1.5441007E+01  -7.5891289E+00   4.9319069E+00  -1.3102375E+01  -2.6317153E+01   3.5905553E-03   6.9872710E-04
 -4.2546673E-04   4.2456687E-04  -5.4798796E-05  -4.6511413E-03   1.6656276E-03  -7.6197077E-03  -7.4596510E-03   2.7166548E-04   2.8235623E+00   8.5087562E-01  -3.2297328E+00   7.0413140E+01   6.3377669E+01   4.0560814E+01   1.6055102E+01  -5.1704387E+00  -5.6516845E-01  -1.3366000E+00   3.5259297E+00   3.8120786E+00   1.2158736E-04   1.2944327E-04
 -1.4418916E-04   2.2901766E-04  -5.8951068E-05  -2.0073649E-03  -7.3859621E-04  -4.6858433E-04   1.1692514E-03   5.2668823E-04  -1.2120206E+01   1.6195622E+00   8.0386030E+00  -5.7373486E+01   4.0560814E+01   8.5729117E+01   5.4116752E+01  -1.2751167E+01  -7.1452749E-01  -6.3233873E-01   4.9344210E+00   7.7922348E+00   4.3105253E-04  -3.4987814E-04
 -1.4860424E-05  -1.3726423E-04  -2.1451237E-05  -1.0289065E-03   1.7816576E-03   4.0346159E-03   5.2288115E-03   1.4775723E-03  -5.4518685E+01   5.6962872E-01   5.5439754E+00  -6.0834302E+01   1.6055102E+01   5.4116752E+01   1.0519144E+02  -1.0168694E+01  -5.6133634E-01  -1.1004629E+00   5.5643006E+00   3.3147102E+01   4.9206251E-04  -1.4317222E-03
 -6.1144021E-05   9.1534716E-05   2.2281319E-06  -2.2874104E-04  -8.2285595E-04  -1.2367402E-03  -2.5544291E-03  -4.4446097E-05  -8.8988682E-02   5.0360994E-02  -2.9287128E+00   1.5441007E+01  -5.1704387E+00  -1.2751167E+01  -1.0168694E+01   6.4052171E+00   2.8419511E-02  -1.9756920E-01  -2.1499838E+00  -2.3733940E+00  -8.1208884E-05   1.6505818E-06
  1.9707930E-06   1.0159426E-05  -7.3620095E-06   3.8725130E-06  -1.4226355E-04  -3.1349364E-04   4.0690338E-04   1.9387282E-05   1.6473852E-01  -1.0218892E-02  -1.3228020E-01  -7.5891289E+00  -5.6516845E-01  -7.1452749E-01  -5.6133634E-01   2.8419511E-02   3.3277550E+00   4.7305322E-01   1.2754819E-01   1.2742682E-01   1.7226302E-04   3.1893296E-06
 -3.3203147E-06   3.4229629E-05   1.5738699E-05  -1.4939061E-04  -1.0755541E-03  -8.8514375E-04  -3.4157692E-04  -2.0894633E-05   4.5113442E-01   1.0015333E-02   2.0880500E-01   4.9319069E+00  -1.3366000E+00  -6.3233873E-01  -1.1004629E+00  -1.9756920E-01   4.7305322E-01   3.1584766E+00   2.7938081E+00   2.8520907E+00  -1.9437485E-04  -4.9075478E-05
 -1.2360026E-06   2.4892621E-05   4.4961933E-06  -2.6999184E-05   5.3691184E-04  -7.4338084E-04  -2.2339127E-04  -4.8222491E-05  -5.8696191E+00   9.9769005E-02   2.7048118E+00  -1.3102375E+01   3.5259297E+00   4.9344210E+00   5.5643006E+00  -2.1499838E+00   1.2754819E-01   2.7938081E+00   1.0993945E+01   1.9492579E+01  -3.8336826E-05   3.5834626E-04
  6.5162437E-05  -1.3655316E-04   2.7909499E-05   6.3732278E-04   4.5090641E-03   2.0155100E-03   2.0047130E-03   6.8426336E-04  -3.3313106E+01   1.2471171E-01   3.3283531E+00  -2.6317153E+01   3.8120786E+00   7.7922348E+00   3.3147102E+01  -2.3733940E+00   1.2742682E-01   2.8520907E+00   1.9492579E+01   5.3632371E+01   4.7584195E-05   8.2197249E-04
  6.0773577E-10  -1.7403193E-08   6.6284334E-10   1.8224839E-09   4.9168105E-07   8.9014686E-08  -4.9904415E-08  -1.2048841E-08  -2.0804721E-04   3.5278608E-06   1.0948688E-04   3.5905553E-03   1.2158736E-04   4.3105253E-04   4.9206251E-04  -8.1208884E-05   1.7226302E-04  -1.9437485E-04  -3.8336826E-05   4.7584195E-05   3.7013909E-07  -2.0461024E-09
 -2.2591959E-09  -6.7198377E-10  -1.3893116E-09  -5.9360223E-08   3.0161401E-07  -1.9754600E-07  -3.7277057E-08  -1.7971932E-08   8.1160366E-04  -1.3545420E-06  -5.1623166E-05   6.9872710E-04   1.2944327E-04  -3.4987814E-04  -1.4317222E-03   1.6505818E-06   3.1893296E-06  -4.9075478E-05   3.5834626E-04   8.2197249E-04  -2.0461024E-09   3.9430196E-07
