# omegabh2 omegach2 theta tau logA ns calPlanck acib217 xi asz143 aps100 aps143 aps143217 aps217 aksz kgal100 kgal143 kgal143217 kgal217 galfTE100 galfTE100143 galfTE100217 galfTE143 galfTE143217 galfTE217 cal0 cal2
  1.7786537E-08  -4.2126723E-08   8.9985800E-09   1.6818391E-07   3.2041645E-07   1.2795551E-07  -1.7157074E-10  -5.8949265E-05   9.0255810E-07   1.1398017E-05  -1.4816333E-04  -1.4936153E-04  -5.3158791E-05  -1.4924241E-06  -3.1775335E-05  -1.2842920E-05  -2.2682724E-05  -2.7632750E-05  -1.9563029E-05   2.5536563E-08   4.0048205E-08   2.1387516E-09  -1.3607570E-07  -2.0039791E-07  -2.5749079E-06   4.4451964E-09  -2.1247636E-09
 -4.2126723E-08   7.5847525E-07  -3.9626097E-08  -1.7312252E-06  -1.8737862E-06  -1.8817891E-06  -7.8931921E-08   9.1039859E-05  -1.0254319E-05  -6.2345208E-05   1.0610528E-03   6.3747709E-04   8.3653279E-05   1.3701084E-04   3.6544234E-05   5.6192454E-05   2.7024164E-05   1.6519338E-05   6.1866556E-05   2.6935662E-07  -2.0302529E-07  -5.4126521E-07  -9.9193779E-07  -2.3858525E-07   1.6425518E-05  -1.7336048E-08  -5.2255001E-09
  8.9985800E-09  -3.9626097E-08   8.1235636E-08   1.5345291E-07   2.8985813E-07   1.8540600E-07   2.8423891E-09   8.7861841E-05   1.0091884E-06  -1.5104852E-05   4.8593125E-04  -3.0068772E-05  -5.5343038E-05  -1.8484800E-04   2.8771668E-05  -1.7460007E-05   3.5031041E-05   1.2047176E-05  -2.7244308E-05  -2.3045993E-07   5.6280842E-08   7.5247223E-07   3.8250737E-07   4.8072310E-07  -1.0670862E-06  -8.4478581E-09   3.3831453E-11
  1.6818391E-07  -1.7312252E-06   1.5345291E-07   4.8002212E-05   8.8142923E-05   6.4446603E-06  -1.4659458E-06  -1.0008984E-03   1.0499995E-05   4.4388913E-04  -3.9636315E-04  -9.9030479E-04   7.1494329E-05  -5.7563627E-04  -1.3346628E-03  -1.8246606E-04  -7.7656978E-05   4.6546828E-04   6.3424742E-04   1.3372535E-05   2.2216406E-07   2.7127695E-05  -1.3277491E-05  -1.3740960E-05  -1.0541545E-04  -1.7025781E-10  -5.4881799E-08
  3.2041645E-07  -1.8737862E-06   2.8985813E-07   8.8142923E-05   1.9073670E-04   6.8346391E-06   8.6977931E-06  -4.6377753E-04  -5.2370687E-06   5.7771314E-04   1.0954950E-02   1.8663484E-03   2.0796821E-03   2.8551582E-03  -3.1158896E-03  -5.0694271E-04  -8.9562263E-04   5.4516399E-05   1.5381601E-03   2.1816878E-05  -7.9299829E-06   4.9304729E-05  -3.8117321E-05  -3.6106275E-05  -2.1908246E-04   1.5041485E-07  -5.7482422E-08
  1.2795551E-07  -1.8817891E-06   1.8540600E-07   6.4446603E-06   6.8346391E-06   1.4190548E-05  -3.9002625E-08  -4.5616437E-03   9.6254165E-05   9.6176014E-04  -2.2760455E-02  -5.9690033E-03   2.4827409E-03   5.2661185E-03  -2.3045263E-03  -7.8021407E-05  -3.2349309E-04  -2.8658227E-04   1.1179106E-03  -3.5458976E-06   2.8420467E-06   6.4166697E-08   5.4480794E-06   1.4145850E-05  -2.8295251E-05  -4.4933214E-08  -9.3585710E-08
 -1.7157074E-10  -7.8931921E-08   2.8423891E-09  -1.4659458E-06   8.6977931E-06  -3.9002625E-08   5.8887170E-06   1.0820518E-03  -2.0479942E-05  -2.2253170E-05   5.9146762E-03   1.3077417E-03   4.9799256E-04   9.4399576E-04   3.6790022E-05  -1.0373956E-05  -1.3710028E-04  -1.2404269E-04   4.5853457E-04  -2.5903135E-06  -3.5302811E-06   6.5172079E-07  -3.7177529E-06  -2.6726315E-06  -2.1433635E-05   2.6281167E-08   4.7885033E-08
 -5.8949265E-05   9.1039859E-05   8.7861841E-05  -1.0008984E-03  -4.6377753E-04  -4.5616437E-03   1.0820518E-03   4.4876499E+01  -3.6728753E-01  -7.4944220E-01   3.8476476E+01   1.9461207E+00  -1.1660674E+01  -5.4470793E+01  -3.2330208E-01   7.2978151E-02   3.0585615E-01  -5.9828296E+00  -3.3553075E+01  -3.3458766E-03  -5.4489099E-03  -4.7646407E-03   5.8790017E-03  -7.5391725E-03  -1.7514263E-02  -2.3372492E-04   8.1417405E-04
  9.0255810E-07  -1.0254319E-05   1.0091884E-06   1.0499995E-05  -5.2370687E-06   9.6254165E-05  -2.0479942E-05  -3.6728753E-01   7.9949838E-02  -2.8975197E-02  -5.8688259E-01   8.8705106E-01   1.6714570E+00   5.2673674E-01   5.4920709E-02  -1.3903519E-02   6.6925256E-03   1.3197757E-01   2.1711759E-01  -1.4572834E-04   1.6133973E-04  -8.8238515E-04   5.7370382E-04   6.6642924E-04   1.9663204E-03   3.4321803E-06   9.9836378E-06
  1.1398017E-05  -6.2345208E-05  -1.5104852E-05   4.4388913E-04   5.7771314E-04   9.6176014E-04  -2.2253170E-05  -7.4944220E-01  -2.8975197E-02   4.0111242E+00  -3.0282337E+01  -3.2018314E+00   8.3599953E+00   5.2898152E+00  -2.7434135E+00  -3.6218389E-01   2.2923430E-01   2.8726288E+00   3.4054302E+00  -3.6989332E-03  -2.4718807E-03  -7.8755923E-04  -3.0761993E-03  -4.2477903E-04   9.9710002E-03   1.3789666E-04  -4.6824274E-05
 -1.4816333E-04   1.0610528E-03   4.8593125E-04  -3.9636315E-04   1.0954950E-02  -2.2760455E-02   5.9146762E-03   3.8476476E+01  -5.8688259E-01  -3.0282337E+01   7.8271955E+02   7.2940711E+01  -5.3757363E+01  -5.9145625E+01   1.1658780E+01  -4.9092875E+00   4.2335934E+00  -1.3252396E+01  -2.5483586E+01   2.6075940E-02  -6.5334489E-03   1.6337371E-02   2.6586726E-02   7.4770649E-02   4.4734682E-02   3.6346918E-03   5.2809877E-04
 -1.4936153E-04   6.3747709E-04  -3.0068772E-05  -9.9030479E-04   1.8663484E-03  -5.9690033E-03   1.3077417E-03   1.9461207E+00   8.8705106E-01  -3.2018314E+00   7.2940711E+01   5.9751329E+01   3.8715189E+01   1.3952234E+01  -4.6772698E+00  -1.1096074E-01  -1.1524053E+00   3.4898750E+00   5.0625391E+00   4.5404130E-03  -5.5826544E-04  -7.3241654E-04  -9.2577523E-03   1.8018631E-02  -1.3539466E-03   1.5719452E-04   2.7035680E-04
 -5.3158791E-05   8.3653279E-05  -5.5343038E-05   7.1494329E-05   2.0796821E-03   2.4827409E-03   4.9799256E-04  -1.1660674E+01   1.6714570E+00   8.3599953E+00  -5.3757363E+01   3.8715189E+01   8.5536393E+01   4.9497513E+01  -1.1670845E+01  -1.1572785E+00  -3.2517603E-01   5.7185742E+00   9.2962493E+00  -1.0461128E-02  -8.9656504E-04  -2.2513741E-02   4.2028477E-03   2.6508582E-02   4.5423266E-02   4.8715347E-04  -2.3891959E-04
 -1.4924241E-06   1.3701084E-04  -1.8484800E-04  -5.7563627E-04   2.8551582E-03   5.2661185E-03   9.4399576E-04  -5.4470793E+01   5.2673674E-01   5.2898152E+00  -5.9145625E+01   1.3952234E+01   4.9497513E+01   1.0095120E+02  -9.0291440E+00  -6.5725034E-01  -8.9634667E-01   5.5181957E+00   3.3141397E+01  -3.2133951E-03  -3.0350855E-03  -1.7262136E-02  -7.4957686E-03   1.9908778E-02  -9.1372202E-04   5.6116781E-04  -1.6188451E-03
 -3.1775335E-05   3.6544234E-05   2.8771668E-05  -1.3346628E-03  -3.1158896E-03  -2.3045263E-03   3.6790022E-05  -3.2330208E-01   5.4920709E-02  -2.7434135E+00   1.1658780E+01  -4.6772698E+00  -1.1670845E+01  -9.0291440E+00   5.8458585E+00   1.5447950E-01  -2.8041031E-01  -2.0749923E+00  -2.0354654E+00   1.2021860E-03   3.3894744E-03   3.3501916E-03   7.0059225E-03  -6.1690538E-03   4.8164717E-03  -1.1514280E-04   5.4880706E-05
 -1.2842920E-05   5.6192454E-05  -1.7460007E-05  -1.8246606E-04  -5.0694271E-04  -7.8021407E-05  -1.0373956E-05   7.2978151E-02  -1.3903519E-02  -3.6218389E-01  -4.9092875E+00  -1.1096074E-01  -1.1572785E+00  -6.5725034E-01   1.5447950E-01   3.1537572E+00   5.6716969E-01   2.5593813E-01   5.0376230E-01  -2.1580300E-04   1.4154260E-03   4.5131552E-03   1.7279925E-03  -3.3846719E-03  -1.0949580E-02   1.6265101E-04   3.7461406E-05
 -2.2682724E-05   2.7024164E-05   3.5031041E-05  -7.7656978E-05  -8.9562263E-04  -3.2349309E-04  -1.3710028E-04   3.0585615E-01   6.6925256E-03   2.2923430E-01   4.2335934E+00  -1.1524053E+00  -3.2517603E-01  -8.9634667E-01  -2.8041031E-01   5.6716969E-01   3.1955456E+00   2.8429059E+00   3.1489288E+00   2.4524254E-04  -1.5006653E-03   3.6759889E-04   1.1719413E-03  -4.6685030E-04  -1.8216717E-02  -1.8853836E-04  -2.2654030E-05
 -2.7632750E-05   1.6519338E-05   1.2047176E-05   4.6546828E-04   5.4516399E-05  -2.8658227E-04  -1.2404269E-04  -5.9828296E+00   1.3197757E-01   2.8726288E+00  -1.3252396E+01   3.4898750E+00   5.7185742E+00   5.5181957E+00  -2.0749923E+00   2.5593813E-01   2.8429059E+00   1.1241385E+01   2.0044431E+01  -7.5899114E-04  -3.2763455E-03   1.5844463E-03  -1.0827640E-02  -4.2512319E-03   1.3848999E-03   6.8887708E-05   4.8236088E-04
 -1.9563029E-05   6.1866556E-05  -2.7244308E-05   6.3424742E-04   1.5381601E-03   1.1179106E-03   4.5853457E-04  -3.3553075E+01   2.1711759E-01   3.4054302E+00  -2.5483586E+01   5.0625391E+00   9.2962493E+00   3.3141397E+01  -2.0354654E+00   5.0376230E-01   3.1489288E+00   2.0044431E+01   5.4564319E+01   3.4343033E-03   4.7650327E-04   2.0062709E-02  -2.4528212E-02  -4.0379571E-03   1.6388516E-02   2.1035033E-04   1.0322698E-03
  2.5536563E-08   2.6935662E-07  -2.3045993E-07   1.3372535E-05   2.1816878E-05  -3.5458976E-06  -2.5903135E-06  -3.3458766E-03  -1.4572834E-04  -3.6989332E-03   2.6075940E-02   4.5404130E-03  -1.0461128E-02  -3.2133951E-03   1.2021860E-03  -2.1580300E-04   2.4524254E-04  -7.5899114E-04   3.4343033E-03   1.4486091E-03   2.7782393E-04  -1.5071640E-05  -3.6589871E-04  -1.7619500E-04  -7.5729794E-04  -2.0062606E-09  -4.3724946E-07
  4.0048205E-08  -2.0302529E-07   5.6280842E-08   2.2216406E-07  -7.9299829E-06   2.8420467E-06  -3.5302811E-06  -5.4489099E-03   1.6133973E-04  -2.4718807E-03  -6.5334489E-03  -5.5826544E-04  -8.9656504E-04  -3.0350855E-03   3.3894744E-03   1.4154260E-03  -1.5006653E-03  -3.2763455E-03   4.7650327E-04   2.7782393E-04   8.6323497E-04  -1.2091564E-04   7.3456000E-04  -2.9525233E-05  -7.5710685E-04  -1.0165890E-07   4.0277373E-07
  2.1387516E-09  -5.4126521E-07   7.5247223E-07   2.7127695E-05   4.9304729E-05   6.4166697E-08   6.5172079E-07  -4.7646407E-03  -8.8238515E-04  -7.8755923E-04   1.6337371E-02  -7.3241654E-04  -2.2513741E-02  -1.7262136E-02   3.3501916E-03   4.5131552E-03   3.6759889E-04   1.5844463E-03   2.0062709E-02  -1.5071640E-05  -1.2091564E-04   6.7712508E-03  -4.2738651E-04   3.5740589E-04   3.5033332E-03  -4.9649396E-07   1.1466932E-06
 -1.3607570E-07  -9.9193779E-07   3.8250737E-07  -1.3277491E-05  -3.8117321E-05   5.4480794E-06  -3.7177529E-06   5.8790017E-03   5.7370382E-04  -3.0761993E-03   2.6586726E-02  -9.2577523E-03   4.2028477E-03  -7.4957686E-03   7.0059225E-03   1.7279925E-03   1.1719413E-03  -1.0827640E-02  -2.4528212E-02  -3.6589871E-04   7.3456000E-04  -4.2738651E-04   2.9648040E-03   5.9904903E-04  -3.6159055E-04   1.1374508E-06  -1.7214404E-07
 -2.0039791E-07  -2.3858525E-07   4.8072310E-07  -1.3740960E-05  -3.6106275E-05   1.4145850E-05  -2.6726315E-06  -7.5391725E-03   6.6642924E-04  -4.2477903E-04   7.4770649E-02   1.8018631E-02   2.6508582E-02   1.9908778E-02  -6.1690538E-03  -3.3846719E-03  -4.6685030E-04  -4.2512319E-03  -4.0379571E-03  -1.7619500E-04  -2.9525233E-05   3.5740589E-04   5.9904903E-04   6.9044907E-03   8.2274867E-03   1.6688192E-06  -4.2298001E-07
 -2.5749079E-06   1.6425518E-05  -1.0670862E-06  -1.0541545E-04  -2.1908246E-04  -2.8295251E-05  -2.1433635E-05  -1.7514263E-02   1.9663204E-03   9.9710002E-03   4.4734682E-02  -1.3539466E-03   4.5423266E-02  -9.1372202E-04   4.8164717E-03  -1.0949580E-02  -1.8216717E-02   1.3848999E-03   1.6388516E-02  -7.5729794E-04  -7.5710685E-04   3.5033332E-03  -3.6159055E-04   8.2274867E-03   7.3359959E-02   5.7550805E-06   1.3146877E-07
  4.4451964E-09  -1.7336048E-08  -8.4478581E-09  -1.7025781E-10   1.5041485E-07  -4.4933214E-08   2.6281167E-08  -2.3372492E-04   3.4321803E-06   1.3789666E-04   3.6346918E-03   1.5719452E-04   4.8715347E-04   5.6116781E-04  -1.1514280E-04   1.6265101E-04  -1.8853836E-04   6.8887708E-05   2.1035033E-04  -2.0062606E-09  -1.0165890E-07  -4.9649396E-07   1.1374508E-06   1.6688192E-06   5.7550805E-06   3.8099287E-07  -1.1365386E-08
 -2.1247636E-09  -5.2255001E-09   3.3831453E-11  -5.4881799E-08  -5.7482422E-08  -9.3585710E-08   4.7885033E-08   8.1417405E-04   9.9836378E-06  -4.6824274E-05   5.2809877E-04   2.7035680E-04  -2.3891959E-04  -1.6188451E-03   5.4880706E-05   3.7461406E-05  -2.2654030E-05   4.8236088E-04   1.0322698E-03  -4.3724946E-07   4.0277373E-07   1.1466932E-06  -1.7214404E-07  -4.2298001E-07   1.3146877E-07  -1.1365386E-08   4.0346837E-07
