# omegabh2 omegach2 theta tau nnu logA ns calPlanck acib217 xi asz143 aps100 aps143 aps143217 aps217 aksz kgal100 kgal143 kgal143217 kgal217 galfTE100 galfTE100143 galfTE100217 galfTE143 galfTE143217 galfTE217 cal0 cal2
  3.3356427E-08   2.9063004E-07  -3.0013068E-08   1.8214500E-07   2.1551088E-05   1.2320361E-06   8.4939540E-07   9.8494726E-09   3.8789953E-05  -4.0244203E-07  -8.7109891E-06   2.7528637E-04   7.8855815E-05   1.8211883E-05  -1.2104605E-05   1.9016675E-05   8.5093155E-06   7.3736638E-06   4.9460703E-06  -6.7069421E-06   3.5204382E-08  -1.6377418E-07  -3.2402774E-07  -2.9471705E-07  -4.5775294E-07  -9.8043026E-07   8.6571283E-10   1.6278438E-09
  2.9063004E-07   8.2247818E-06  -9.0785513E-07  -1.4736864E-06   4.6873561E-04   1.7494639E-05   1.3775539E-05  -3.4378958E-07   2.4738211E-03  -6.6061219E-05  -5.3281854E-04   1.4389900E-02   5.6830088E-03   1.0899391E-03  -7.0488536E-04   1.0614644E-03   1.1809376E-04   3.9281606E-04   4.5763815E-04  -1.4753031E-04   2.8497360E-06   1.6711162E-06  -1.4850498E-06   1.9828686E-06   1.3048409E-06   2.3494703E-05  -1.0007400E-08   6.5785047E-08
 -3.0013068E-08  -9.0785513E-07   1.8405915E-07   1.1442811E-07  -5.4671416E-05  -1.9362665E-06  -1.6033092E-06   4.4627457E-08  -2.7061795E-04   1.0367251E-05   5.5599152E-05  -1.5857943E-03  -5.9651140E-04  -4.9656716E-05   9.9390134E-05  -1.2644407E-04  -1.4775055E-05  -5.0019951E-05  -5.3052280E-05   1.3138265E-05  -3.4041815E-07  -2.0673994E-07  -1.0769570E-07  -2.8866111E-07  -5.0237048E-07  -2.7375041E-06   1.3597260E-09  -6.0575303E-09
  1.8214500E-07  -1.4736864E-06   1.1442811E-07   4.5890951E-05   3.7721727E-05   8.5377572E-05   8.3160620E-06  -1.0160800E-06  -9.7787814E-04   3.6828094E-05   3.4518282E-04  -1.1507083E-02  -2.6575825E-03  -4.5505071E-04  -9.3389436E-04  -3.5100965E-04   3.0267616E-04  -1.0050550E-04  -2.7087271E-04  -3.1389984E-04   3.2400826E-06   2.6491945E-06  -8.3281267E-06  -3.9667871E-06  -1.5110360E-06  -2.4527193E-05   4.4319451E-09  -8.6548803E-08
  2.1551088E-05   4.6873561E-04  -5.4671416E-05   3.7721727E-05   2.9777274E-02   1.2726115E-03   9.9738557E-04  -9.0713886E-06   1.4100079E-01  -3.8287789E-03  -3.0760948E-02   8.4180159E-01   3.3667381E-01   6.7022357E-02  -3.4085860E-02   6.3618019E-02   1.1631155E-02   2.5197861E-02   2.9165729E-02  -1.9417692E-03   1.6708451E-04   6.2282102E-05  -1.8013315E-04   1.5787445E-05  -3.7743220E-05   9.5221184E-04  -8.1703975E-07   3.3670274E-06
  1.2320361E-06   1.7494639E-05  -1.9362665E-06   8.5377572E-05   1.2726115E-03   2.3713223E-04   5.2276697E-05   9.5310156E-06   3.2198605E-03  -3.6983391E-05  -7.3384633E-04   1.5451258E-02   9.3498003E-03   4.0853121E-03   2.4378569E-03   1.3327553E-03   8.6306601E-04   3.5795572E-04   1.5963326E-04   1.1698786E-03   7.7229000E-06   6.8049752E-06  -2.9073315E-05  -2.0058249E-06  -2.1832463E-06   4.1751608E-07   8.6384977E-08   6.7636233E-08
  8.4939540E-07   1.3775539E-05  -1.6033092E-06   8.3160620E-06   9.9738557E-04   5.2276697E-05   4.6766202E-05   4.4716690E-07   7.7706502E-04  -3.0653337E-05  -3.2211911E-04   6.6367971E-03   5.6517893E-03   3.7281246E-03   3.2819538E-03   2.3748043E-04   7.6949781E-04   4.7177973E-04   4.0768406E-04   7.6485875E-04   5.6830014E-06   2.2214186E-06  -1.0365302E-05  -4.9239751E-06  -1.0317744E-05   2.0504127E-05  -1.1533550E-07   3.1264951E-08
  9.8494726E-09  -3.4378958E-07   4.4627457E-08  -1.0160800E-06  -9.0713886E-06   9.5310156E-06   4.4716690E-07   6.1696147E-06   2.4748890E-04   8.2625614E-07  -8.3127595E-06   2.8010074E-03   2.0391812E-05   2.2255735E-04   1.5509545E-03  -1.7028588E-05   1.1948740E-04   3.6041586E-05  -1.4484980E-05   1.0482732E-03  -1.5961185E-06  -5.7318678E-07  -3.4030968E-06   4.3787424E-07  -4.4836092E-07  -1.5962098E-06  -1.3069927E-08   2.8589011E-08
  3.8789953E-05   2.4738211E-03  -2.7061795E-04  -9.7787814E-04   1.4100079E-01   3.2198605E-03   7.7706502E-04   2.4748890E-04   4.5159109E+01  -4.1000971E-01  -1.1105891E+00   4.0247558E+01   3.2376323E+00  -1.2948019E+01  -5.5565522E+01   1.3207949E-01   3.9150673E-01   4.5348688E-01  -6.2315212E+00  -3.4225666E+01   5.8440206E-03   3.3305063E-03   9.2463170E-03  -3.6302582E-03  -6.1184507E-04   2.0382931E-02  -1.4911780E-04   6.8586268E-04
 -4.0244203E-07  -6.6061219E-05   1.0367251E-05   3.6828094E-05  -3.8287789E-03  -3.6983391E-05  -3.0653337E-05   8.2625614E-07  -4.1000971E-01   8.0356169E-02  -2.7373943E-02  -7.9946743E-01   8.3594118E-01   1.6675874E+00   6.3186387E-01   3.9379696E-02  -2.6224468E-02   9.5886243E-03   1.1586604E-01   1.5744342E-01  -4.6305114E-05  -4.3917370E-05  -1.1980078E-04   2.3754561E-04  -5.7831010E-06   1.7545860E-04   2.9803768E-06   1.1332307E-06
 -8.7109891E-06  -5.3281854E-04   5.5599152E-05   3.4518282E-04  -3.0760948E-02  -7.3384633E-04  -3.2211911E-04  -8.3127595E-06  -1.1105891E+00  -2.7373943E-02   3.7372793E+00  -2.9554923E+01  -3.4119593E+00   7.4567480E+00   5.3696527E+00  -2.5533784E+00  -2.1297674E-01   8.8548607E-02   2.5554147E+00   3.3255797E+00   5.0581518E-04   1.2336495E-03  -5.5362118E-03   1.6180755E-03  -1.0333539E-03  -6.3230725E-03   1.2103177E-04  -4.1013710E-05
  2.7528637E-04   1.4389900E-02  -1.5857943E-03  -1.1507083E-02   8.4180159E-01   1.5451258E-02   6.6367971E-03   2.8010074E-03   4.0247558E+01  -7.9946743E-01  -2.9554923E+01   7.7420012E+02   7.3739442E+01  -5.4958446E+01  -6.3855491E+01   1.4496712E+01  -5.5643688E+00   6.7319798E+00  -9.5860560E+00  -2.2208807E+01   5.0561514E-03  -1.2053500E-02   6.9442541E-02  -4.5561234E-02   1.2623615E-02   1.1118610E-01   3.7677494E-03   6.6555671E-04
  7.8855815E-05   5.6830088E-03  -5.9651140E-04  -2.6575825E-03   3.3667381E-01   9.3498003E-03   5.6517893E-03   2.0391812E-05   3.2376323E+00   8.3594118E-01  -3.4119593E+00   7.3739442E+01   6.1663590E+01   3.8613541E+01   1.3337752E+01  -3.6404804E+00  -3.3071161E-01  -8.3917677E-01   3.7892046E+00   4.0103723E+00   1.3681464E-03   1.2167576E-03   1.6309515E-05   4.6810564E-03   8.9234791E-03   2.6953353E-02   8.1178041E-05   1.8795827E-04
  1.8211883E-05   1.0899391E-03  -4.9656716E-05  -4.5505071E-04   6.7022357E-02   4.0853121E-03   3.7281246E-03   2.2255735E-04  -1.2948019E+01   1.6675874E+00   7.4567480E+00  -5.4958446E+01   3.8613541E+01   8.2768835E+01   5.1508356E+01  -1.0571188E+01  -1.0972947E+00  -6.3728558E-01   5.0543585E+00   8.4403446E+00  -1.8054527E-03   1.0169960E-03  -4.7967861E-03   1.0607372E-02   3.4910960E-03   1.2265971E-02   4.5860624E-04  -2.4594490E-04
 -1.2104605E-05  -7.0488536E-04   9.9390134E-05  -9.3389436E-04  -3.4085860E-02   2.4378569E-03   3.2819538E-03   1.5509545E-03  -5.5565522E+01   6.3186387E-01   5.3696527E+00  -6.3855491E+01   1.3337752E+01   5.1508356E+01   1.0339495E+02  -8.6489223E+00  -7.2793370E-01  -9.7540934E-01   6.2545762E+00   3.5219368E+01  -8.7920639E-03  -8.3302563E-04  -5.6867754E-03   1.1146744E-02   5.4265627E-03  -1.4266759E-02   4.2327278E-04  -1.1807836E-03
  1.9016675E-05   1.0614644E-03  -1.2644407E-04  -3.5100965E-04   6.3618019E-02   1.3327553E-03   2.3748043E-04  -1.7028588E-05   1.3207949E-01   3.9379696E-02  -2.5533784E+00   1.4496712E+01  -3.6404804E+00  -1.0571188E+01  -8.6489223E+00   5.4615081E+00   1.0628379E-01  -1.1350897E-01  -1.8271364E+00  -2.0867662E+00   5.2749553E-04  -6.9039054E-04  -5.7302601E-06   4.3817441E-05   1.3879401E-03   1.2745130E-03  -8.9054094E-05   7.8430870E-06
  8.5093155E-06   1.1809376E-04  -1.4775055E-05   3.0267616E-04   1.1631155E-02   8.6306601E-04   7.6949781E-04   1.1948740E-04   3.9150673E-01  -2.6224468E-02  -2.1297674E-01  -5.5643688E+00  -3.3071161E-01  -1.0972947E+00  -7.2793370E-01   1.0628379E-01   3.3778792E+00   4.9832657E-01   7.7774522E-02  -1.2130347E-01   1.2724718E-03   4.0190909E-04  -3.5428893E-03   2.7187109E-04   8.2245472E-04   2.4962943E-03   1.7733501E-04  -1.3979132E-05
  7.3736638E-06   3.9281606E-04  -5.0019951E-05  -1.0050550E-04   2.5197861E-02   3.5795572E-04   4.7177973E-04   3.6041586E-05   4.5348688E-01   9.5886243E-03   8.8548607E-02   6.7319798E+00  -8.3917677E-01  -6.3728558E-01  -9.7540934E-01  -1.1350897E-01   4.9832657E-01   3.2306970E+00   2.8446402E+00   2.9182864E+00   1.6676241E-03  -4.6173151E-04   6.7528749E-04  -4.1186151E-04   2.3847024E-03   1.0148703E-02  -1.7697864E-04  -5.2797893E-05
  4.9460703E-06   4.5763815E-04  -5.3052280E-05  -2.7087271E-04   2.9165729E-02   1.5963326E-04   4.0768406E-04  -1.4484980E-05  -6.2315212E+00   1.1586604E-01   2.5554147E+00  -9.5860560E+00   3.7892046E+00   5.0543585E+00   6.2545762E+00  -1.8271364E+00   7.7774522E-02   2.8446402E+00   1.0962964E+01   1.9611851E+01   2.4792759E-03   4.5542009E-04  -8.5343786E-03   2.3112378E-03   1.2265784E-03   3.6167543E-03  -3.6053280E-05   3.7410184E-04
 -6.7069421E-06  -1.4753031E-04   1.3138265E-05  -3.1389984E-04  -1.9417692E-03   1.1698786E-03   7.6485875E-04   1.0482732E-03  -3.4225666E+01   1.5744342E-01   3.3255797E+00  -2.2208807E+01   4.0103723E+00   8.4403446E+00   3.5219368E+01  -2.0867662E+00  -1.2130347E-01   2.9182864E+00   1.9611851E+01   5.4328631E+01  -5.3313716E-04  -2.5811836E-03  -1.5232661E-02   4.7305341E-03   1.6762921E-03  -1.3524152E-02   2.3502830E-05   8.6274996E-04
  3.5204382E-08   2.8497360E-06  -3.4041815E-07   3.2400826E-06   1.6708451E-04   7.7229000E-06   5.6830014E-06  -1.5961185E-06   5.8440206E-03  -4.6305114E-05   5.0581518E-04   5.0561514E-03   1.3681464E-03  -1.8054527E-03  -8.7920639E-03   5.2749553E-04   1.2724718E-03   1.6676241E-03   2.4792759E-03  -5.3313716E-04   1.4399966E-03   2.4986141E-04   8.8720115E-05  -3.8390933E-04  -1.0284768E-04   2.0124862E-04   3.2946647E-09   2.6052848E-07
 -1.6377418E-07   1.6711162E-06  -2.0673994E-07   2.6491945E-06   6.2282102E-05   6.8049752E-06   2.2214186E-06  -5.7318678E-07   3.3305063E-03  -4.3917370E-05   1.2336495E-03  -1.2053500E-02   1.2167576E-03   1.0169960E-03  -8.3302563E-04  -6.9039054E-04   4.0190909E-04  -4.6173151E-04   4.5542009E-04  -2.5811836E-03   2.4986141E-04   8.7703000E-04   6.5024031E-05   7.7485264E-04   1.0075358E-04  -8.0530147E-04  -2.3672283E-07   1.4753958E-07
 -3.2402774E-07  -1.4850498E-06  -1.0769570E-07  -8.3281267E-06  -1.8013315E-04  -2.9073315E-05  -1.0365302E-05  -3.4030968E-06   9.2463170E-03  -1.1980078E-04  -5.5362118E-03   6.9442541E-02   1.6309515E-05  -4.7967861E-03  -5.6867754E-03  -5.7302601E-06  -3.5428893E-03   6.7528749E-04  -8.5343786E-03  -1.5232661E-02   8.8720115E-05   6.5024031E-05   7.2499927E-03  -2.5424728E-04   6.4900201E-04   4.4747262E-03  -7.3883004E-07   6.5773677E-07
 -2.9471705E-07   1.9828686E-06  -2.8866111E-07  -3.9667871E-06   1.5787445E-05  -2.0058249E-06  -4.9239751E-06   4.3787424E-07  -3.6302582E-03   2.3754561E-04   1.6180755E-03  -4.5561234E-02   4.6810564E-03   1.0607372E-02   1.1146744E-02   4.3817441E-05   2.7187109E-04  -4.1186151E-04   2.3112378E-03   4.7305341E-03  -3.8390933E-04   7.7485264E-04  -2.5424728E-04   2.9259217E-03   6.5019313E-04  -8.7882778E-04  -8.9013131E-07   2.3027109E-07
 -4.5775294E-07   1.3048409E-06  -5.0237048E-07  -1.5110360E-06  -3.7743220E-05  -2.1832463E-06  -1.0317744E-05  -4.4836092E-07  -6.1184507E-04  -5.7831010E-06  -1.0333539E-03   1.2623615E-02   8.9234791E-03   3.4910960E-03   5.4265627E-03   1.3879401E-03   8.2245472E-04   2.3847024E-03   1.2265784E-03   1.6762921E-03  -1.0284768E-04   1.0075358E-04   6.4900201E-04   6.5019313E-04   6.3764450E-03   7.8892004E-03  -3.9655804E-07  -1.9739150E-07
 -9.8043026E-07   2.3494703E-05  -2.7375041E-06  -2.4527193E-05   9.5221184E-04   4.1751608E-07   2.0504127E-05  -1.5962098E-06   2.0382931E-02   1.7545860E-04  -6.3230725E-03   1.1118610E-01   2.6953353E-02   1.2265971E-02  -1.4266759E-02   1.2745130E-03   2.4962943E-03   1.0148703E-02   3.6167543E-03  -1.3524152E-02   2.0124862E-04  -8.0530147E-04   4.4747262E-03  -8.7882778E-04   7.8892004E-03   7.1066482E-02  -1.9590943E-07   1.3225910E-06
  8.6571283E-10  -1.0007400E-08   1.3597260E-09   4.4319451E-09  -8.1703975E-07   8.6384977E-08  -1.1533550E-07  -1.3069927E-08  -1.4911780E-04   2.9803768E-06   1.2103177E-04   3.7677494E-03   8.1178041E-05   4.5860624E-04   4.2327278E-04  -8.9054094E-05   1.7733501E-04  -1.7697864E-04  -3.6053280E-05   2.3502830E-05   3.2946647E-09  -2.3672283E-07  -7.3883004E-07  -8.9013131E-07  -3.9655804E-07  -1.9590943E-07   3.7770605E-07   2.8886452E-10
  1.6278438E-09   6.5785047E-08  -6.0575303E-09  -8.6548803E-08   3.3670274E-06   6.7636233E-08   3.1264951E-08   2.8589011E-08   6.8586268E-04   1.1332307E-06  -4.1013710E-05   6.6555671E-04   1.8795827E-04  -2.4594490E-04  -1.1807836E-03   7.8430870E-06  -1.3979132E-05  -5.2797893E-05   3.7410184E-04   8.6274996E-04   2.6052848E-07   1.4753958E-07   6.5773677E-07   2.3027109E-07  -1.9739150E-07   1.3225910E-06   2.8886452E-10   3.7922498E-07
