# omegabh2 omegach2 theta tau meffsterile nnu logA ns calPlanck acib217 xi asz143 aps100 aps143 aps143217 aps217 aksz kgal100 kgal143 kgal143217 kgal217 cal0 cal2
  4.5590943E-08   2.1888670E-07  -2.7884564E-09   3.2399974E-07  -6.8406350E-07   1.5749815E-05   1.2057928E-06   7.8523925E-07   1.7557924E-08  -4.3598060E-05   5.8767534E-07   2.4063765E-05  -2.8792909E-04  -2.1669270E-04  -7.6048072E-05  -4.0545803E-05  -2.8271847E-05   7.6986319E-06   1.9439786E-06   3.2621833E-06   2.0989035E-05   2.2968970E-09   5.3814327E-10
  2.1888670E-07   1.8731449E-05  -1.1524493E-06   2.2493562E-07  -6.5824989E-04   6.3274798E-04   2.8363713E-05   2.1470713E-05  -1.8746218E-07   3.4564337E-03  -4.6221554E-05  -8.7450664E-04   1.7108561E-02   7.6171302E-03   1.9829103E-03  -9.2124811E-04   1.5843844E-03   1.0848069E-04   1.8402065E-04   1.3244337E-05  -1.2980663E-03   3.0454205E-08   7.8346972E-08
 -2.7884564E-09  -1.1524493E-06   2.5858743E-07   1.3632906E-07   2.7842295E-05  -5.0025916E-05  -1.6075066E-06  -1.4722049E-06  -3.3304495E-09  -2.4900884E-04   2.5263566E-06   6.2203595E-05  -1.2530813E-03  -6.3605047E-04  -2.3111533E-04  -7.0162745E-06  -1.1902773E-04  -1.2017483E-05  -5.5433704E-06   9.2127880E-07   8.8384073E-05  -5.6517975E-09  -6.7202316E-09
  3.2399974E-07   2.2493562E-07   1.3632906E-07   6.6960805E-05   1.2113913E-05   9.3551958E-05   1.3253984E-04   9.9923158E-06  -4.5596240E-07  -9.4225989E-04   1.2077318E-05   3.1577527E-04  -4.6378063E-03  -3.6569756E-03  -1.2354326E-03  -1.6432999E-04  -9.1609737E-04  -4.7412635E-05  -1.1086627E-04  -1.8359064E-04  -2.1987875E-04   1.3728741E-08  -2.3767147E-09
 -6.8406350E-07  -6.5824989E-04   2.7842295E-05   1.2113913E-05   4.4752026E-02  -1.1193618E-02  -5.0453817E-04  -5.5916571E-04   1.5498428E-05  -8.0885102E-02   9.3040199E-04   2.2494356E-02  -4.3097971E-01  -1.0615519E-01   1.3584126E-02   7.4163060E-02  -3.7525614E-02  -1.2662611E-03  -6.7903918E-03   9.0256985E-03   5.3204501E-02  -3.8110553E-07  -2.6335524E-07
  1.5749815E-05   6.3274798E-04  -5.0025916E-05   9.3551958E-05  -1.1193618E-02   3.1441875E-02   1.3575314E-03   1.1224417E-03   3.2956704E-06   1.6031010E-01  -2.3996676E-03  -4.0612281E-02   7.8550167E-01   3.7936487E-01   1.0589841E-01  -2.6427503E-02   7.5031931E-02   7.9860136E-03   9.3960197E-03   7.4877227E-03  -4.3448627E-02   2.2030747E-06   4.6181065E-06
  1.2057928E-06   2.8363713E-05  -1.6075066E-06   1.3253984E-04  -5.0453817E-04   1.3575314E-03   3.4416869E-04   5.3137102E-05   1.1199678E-05   3.1515580E-03  -4.5200969E-07  -7.5306295E-04   2.2631261E-02   9.4532004E-03   5.9581893E-03   6.2610236E-03  -2.5344894E-04  -2.9664895E-04  -6.6560146E-04  -6.4099216E-04  -2.9250210E-04   2.5911605E-07   1.6689722E-07
  7.8523925E-07   2.1470713E-05  -1.4722049E-06   9.9923158E-06  -5.5916571E-04   1.1224417E-03   5.3137102E-05   5.8045539E-05   3.3539717E-07   1.8498582E-03  -3.4923300E-06  -5.2161086E-04   7.0724819E-03   6.8865920E-03   4.9306328E-03   3.0892545E-03   3.8255506E-04   7.4503078E-04   1.8841470E-04  -1.4134874E-05  -6.3117864E-04  -1.6760038E-08   7.7188997E-08
  1.7557924E-08  -1.8746218E-07  -3.3304495E-09  -4.5596240E-07   1.5498428E-05   3.2956704E-06   1.1199678E-05   3.3539717E-07   6.0944649E-06   6.1543351E-04   4.1179912E-06  -1.2659282E-05   4.2718636E-03   9.2849304E-04   6.6334849E-04   1.4374045E-03  -4.1391217E-05  -3.5963452E-06  -3.2737523E-05  -2.1866790E-05   7.7080090E-04   2.2700184E-09   1.0817018E-09
 -4.3598060E-05   3.4564337E-03  -2.4900884E-04  -9.4225989E-04  -8.0885102E-02   1.6031010E-01   3.1515580E-03   1.8498582E-03   6.1543351E-04   4.5866604E+01  -4.1238632E-01  -1.1273737E+00   4.0419784E+01   3.5160409E+00  -1.3742429E+01  -5.6068175E+01   4.0554528E-01   2.6921308E-01   6.3500337E-01  -5.6908312E+00  -3.3602282E+01  -1.9107791E-04   7.3475078E-04
  5.8767534E-07  -4.6221554E-05   2.5263566E-06   1.2077318E-05   9.3040199E-04  -2.3996676E-03  -4.5200969E-07  -3.4923300E-06   4.1179912E-06  -4.1238632E-01   8.2207424E-02  -4.4156779E-02  -5.6266561E-01   8.3879284E-01   1.6111443E+00   6.3876215E-01   4.3541576E-02  -1.0481027E-02   8.0804181E-03   1.0003852E-01   1.4927867E-01   2.9963039E-06  -1.5358251E-06
  2.4063765E-05  -8.7450664E-04   6.2203595E-05   3.1577527E-04   2.2494356E-02  -4.0612281E-02  -7.5306295E-04  -5.2161086E-04  -1.2659282E-05  -1.1273737E+00  -4.4156779E-02   4.1048133E+00  -3.2313197E+01  -3.4047167E+00   8.3225870E+00   5.9704740E+00  -3.2440256E+00  -2.2455662E-01   1.1824075E-01   2.7698542E+00   3.5551736E+00   1.0876090E-04  -3.4377332E-05
 -2.8792909E-04   1.7108561E-02  -1.2530813E-03  -4.6378063E-03  -4.3097971E-01   7.8550167E-01   2.2631261E-02   7.0724819E-03   4.2718636E-03   4.0419784E+01  -5.6266561E-01  -3.2313197E+01   8.0711939E+02   7.7209041E+01  -5.6596259E+01  -6.4821581E+01   1.8288812E+01  -6.2174349E+00   5.8195231E+00  -1.2008795E+01  -2.5138808E+01   3.9109466E-03   6.1409561E-04
 -2.1669270E-04   7.6171302E-03  -6.3605047E-04  -3.6569756E-03  -1.0615519E-01   3.7936487E-01   9.4532004E-03   6.8865920E-03   9.2849304E-04   3.5160409E+00   8.3879284E-01  -3.4047167E+00   7.7209041E+01   6.6988308E+01   4.2623029E+01   1.8041571E+01  -4.5868601E+00  -3.0619126E-01  -1.0853770E+00   3.9242133E+00   4.4538321E+00   1.4958838E-04   1.3841497E-04
 -7.6048072E-05   1.9829103E-03  -2.3111533E-04  -1.2354326E-03   1.3584126E-02   1.0589841E-01   5.9581893E-03   4.9306328E-03   6.6334849E-04  -1.3742429E+01   1.6111443E+00   8.3225870E+00  -5.6596259E+01   4.2623029E+01   8.8002408E+01   5.8142422E+01  -1.3367317E+01  -9.2970401E-01  -7.3176169E-01   5.5298458E+00   9.7389065E+00   4.2283588E-04  -3.6339744E-04
 -4.0545803E-05  -9.2124811E-04  -7.0162745E-06  -1.6432999E-04   7.4163060E-02  -2.6427503E-02   6.2610236E-03   3.0892545E-03   1.4374045E-03  -5.6068175E+01   6.3876215E-01   5.9704740E+00  -6.4821581E+01   1.8041571E+01   5.8142422E+01   1.0823899E+02  -1.0929742E+01  -7.6868103E-01  -1.3870145E+00   5.8779118E+00   3.4450009E+01   4.5429492E-04  -1.3663065E-03
 -2.8271847E-05   1.5843844E-03  -1.1902773E-04  -9.1609737E-04  -3.7525614E-02   7.5031931E-02  -2.5344894E-04   3.8255506E-04  -4.1391217E-05   4.0554528E-01   4.3541576E-02  -3.2440256E+00   1.8288812E+01  -4.5868601E+00  -1.3367317E+01  -1.0929742E+01   7.0126422E+00   9.6729320E-02  -1.7463823E-01  -2.3515901E+00  -2.8153537E+00  -8.5934929E-05   2.2889268E-05
  7.6986319E-06   1.0848069E-04  -1.2017483E-05  -4.7412635E-05  -1.2662611E-03   7.9860136E-03  -2.9664895E-04   7.4503078E-04  -3.5963452E-06   2.6921308E-01  -1.0481027E-02  -2.2455662E-01  -6.2174349E+00  -3.0619126E-01  -9.2970401E-01  -7.6868103E-01   9.6729320E-02   3.4724978E+00   6.0478442E-01   2.2937519E-01   9.3760356E-02   1.7459774E-04  -8.8325987E-06
  1.9439786E-06   1.8402065E-04  -5.5433704E-06  -1.1086627E-04  -6.7903918E-03   9.3960197E-03  -6.6560146E-04   1.8841470E-04  -3.2737523E-05   6.3500337E-01   8.0804181E-03   1.1824075E-01   5.8195231E+00  -1.0853770E+00  -7.3176169E-01  -1.3870145E+00  -1.7463823E-01   6.0478442E-01   3.1881490E+00   2.7244996E+00   2.7196118E+00  -1.7381275E-04  -3.0603993E-05
  3.2621833E-06   1.3244337E-05   9.2127880E-07  -1.8359064E-04   9.0256985E-03   7.4877227E-03  -6.4099216E-04  -1.4134874E-05  -2.1866790E-05  -5.6908312E+00   1.0003852E-01   2.7698542E+00  -1.2008795E+01   3.9242133E+00   5.5298458E+00   5.8779118E+00  -2.3515901E+00   2.2937519E-01   2.7244996E+00   1.0873513E+01   1.9325643E+01   1.7446794E-05   4.1652324E-04
  2.0989035E-05  -1.2980663E-03   8.8384073E-05  -2.1987875E-04   5.3204501E-02  -4.3448627E-02  -2.9250210E-04  -6.3117864E-04   7.7080090E-04  -3.3602282E+01   1.4927867E-01   3.5551736E+00  -2.5138808E+01   4.4538321E+00   9.7389065E+00   3.4450009E+01  -2.8153537E+00   9.3760356E-02   2.7196118E+00   1.9325643E+01   5.3714513E+01   1.3472755E-04   9.4114892E-04
  2.2968970E-09   3.0454205E-08  -5.6517975E-09   1.3728741E-08  -3.8110553E-07   2.2030747E-06   2.5911605E-07  -1.6760038E-08   2.2700184E-09  -1.9107791E-04   2.9963039E-06   1.0876090E-04   3.9109466E-03   1.4958838E-04   4.2283588E-04   4.5429492E-04  -8.5934929E-05   1.7459774E-04  -1.7381275E-04   1.7446794E-05   1.3472755E-04   3.7794957E-07   2.9912118E-09
  5.3814327E-10   7.8346972E-08  -6.7202316E-09  -2.3767147E-09  -2.6335524E-07   4.6181065E-06   1.6689722E-07   7.7188997E-08   1.0817018E-09   7.3475078E-04  -1.5358251E-06  -3.4377332E-05   6.1409561E-04   1.3841497E-04  -3.6339744E-04  -1.3663065E-03   2.2889268E-05  -8.8325987E-06  -3.0603993E-05   4.1652324E-04   9.4114892E-04   2.9912118E-09   3.8363434E-07
