# omegabh2 omegach2 theta tau w logA ns calPlanck acib217 xi asz143 aps100 aps143 aps143217 aps217 aksz kgal100 kgal143 kgal143217 kgal217 galfEE100 galfEE100143 galfEE100217 galfEE143 galfEE143217 galfEE217 galfTE100 galfTE100143 galfTE100217 galfTE143 galfTE143217 galfTE217 cal0 cal2
    0.2481352E-07   -0.1356053E-06    0.2043177E-07    0.8288577E-06   -0.1871342E-05    0.1423782E-05    0.3809291E-06    0.6091118E-08   -0.1329193E-03    0.2296884E-05    0.3417543E-04   -0.5629499E-03   -0.2678333E-03   -0.3824345E-04    0.5920021E-04   -0.4676754E-04   -0.3240667E-05   -0.1074475E-04   -0.1403775E-04    0.1473869E-04    0.5601019E-07    0.6136090E-07    0.6847649E-07    0.5862238E-07    0.2343727E-06    0.3078681E-06    0.7194368E-08   -0.6048892E-07   -0.1314357E-06   -0.2886134E-06   -0.6118924E-06   -0.2531500E-05    0.2261277E-08   -0.9398647E-08
   -0.1356053E-06    0.2074085E-05   -0.1783201E-06   -0.9279421E-05    0.3189657E-05   -0.1387170E-04   -0.5268152E-05   -0.1645905E-06    0.5856913E-03   -0.6142007E-05   -0.1997891E-03    0.2954899E-02    0.1741358E-02    0.5118721E-03   -0.3642616E-04    0.2006848E-03    0.1058655E-04    0.2887996E-04    0.2942139E-04   -0.1121133E-03   -0.8444223E-06   -0.7993556E-06   -0.6960961E-06   -0.7152990E-06   -0.1212664E-05    0.2519086E-05    0.1863378E-06   -0.2822969E-06    0.4016605E-06    0.1075340E-05    0.2686464E-05    0.1402404E-04    0.1293397E-07    0.4845377E-07
    0.2043177E-07   -0.1783201E-06    0.9851721E-07    0.9417819E-06   -0.3327239E-06    0.1587067E-05    0.5560614E-06    0.1728229E-07   -0.2615918E-04    0.2391643E-06    0.1599823E-04   -0.2319238E-03   -0.1588970E-03   -0.6965135E-04   -0.5005950E-04   -0.1741596E-04   -0.8399854E-05   -0.3760484E-05   -0.4183519E-06    0.1088716E-04    0.4627785E-07    0.4406538E-07    0.7212037E-07    0.4364209E-07    0.6851763E-07   -0.2866734E-06   -0.2526707E-06   -0.1367935E-06    0.4184381E-07   -0.1503404E-07   -0.9944880E-07   -0.1220143E-05   -0.9183588E-09   -0.7691931E-09
    0.8288577E-06   -0.9279421E-05    0.9417819E-06    0.2566660E-03    0.5608567E-03    0.4872047E-03    0.3257023E-04   -0.1618834E-05   -0.1011024E-01    0.3234057E-03    0.1921936E-02   -0.4299799E-01   -0.1609372E-01    0.1211696E-02    0.5930932E-02   -0.3698354E-02   -0.3103614E-03   -0.9062071E-03   -0.1077460E-02    0.7010986E-03    0.2828120E-05    0.3317756E-05    0.6033695E-05    0.1629490E-05    0.4575411E-05   -0.3694648E-05    0.5660236E-05   -0.3858832E-05    0.2658080E-05   -0.2287434E-04   -0.1277992E-04    0.1871614E-06   -0.2734127E-07   -0.7221122E-06
   -0.1871342E-05    0.3189657E-05   -0.3327239E-06    0.5608567E-03    0.8095407E-01    0.1105590E-02    0.1231188E-04    0.2262256E-05    0.7314451E-01   -0.1503280E-02    0.3237121E-03    0.7714834E-01   -0.2040037E-01   -0.5355376E-01   -0.1008062E+00    0.1850224E-01   -0.7706912E-03    0.2820911E-02   -0.7883632E-02   -0.4031618E-01   -0.6541537E-05   -0.1120199E-04   -0.1281832E-03   -0.2994486E-04   -0.2498433E-03   -0.5911189E-03    0.2819940E-04    0.3419197E-04    0.1562816E-03    0.2737679E-03   -0.5150651E-04   -0.1697509E-03   -0.1869005E-05    0.1747209E-05
    0.1423782E-05   -0.1387170E-04    0.1587067E-05    0.4872047E-03    0.1105590E-02    0.9611680E-03    0.5153496E-04    0.8908924E-05   -0.1901692E-01    0.7008663E-03    0.3252999E-02   -0.7112520E-01   -0.2616941E-01    0.6842450E-02    0.1791020E-01   -0.7560376E-02   -0.8800840E-03   -0.2078071E-02   -0.2789812E-02    0.2114410E-02    0.4003121E-05    0.5052435E-05    0.1102951E-04    0.3770005E-05    0.4952443E-05   -0.1104892E-04    0.1043627E-04   -0.4801627E-05    0.3768173E-05   -0.4316871E-04   -0.1656184E-04    0.4564207E-04    0.2377976E-06   -0.1547323E-05
    0.3809291E-06   -0.5268152E-05    0.5560614E-06    0.3257023E-04    0.1231188E-04    0.5153496E-04    0.2263500E-04    0.3756675E-06   -0.5248431E-02    0.1106432E-03    0.1386823E-02   -0.2889486E-01   -0.8824030E-02    0.1621637E-02    0.5143602E-02   -0.2607326E-02    0.3019348E-03   -0.1808612E-03   -0.2910781E-03    0.9309526E-03    0.3499363E-05    0.3564802E-05    0.2641654E-05    0.3275019E-05    0.7276807E-05   -0.3746746E-06   -0.1055335E-05    0.1147334E-05    0.2822204E-06   -0.7302570E-06   -0.1057693E-04   -0.2860167E-04   -0.1758194E-06   -0.3931953E-06
    0.6091118E-08   -0.1645905E-06    0.1728229E-07   -0.1618834E-05    0.2262256E-05    0.8908924E-05    0.3756675E-06    0.6257418E-05    0.7592297E-03    0.1145431E-05   -0.4273582E-04    0.4943725E-02    0.6226997E-03    0.4003225E-03    0.1410159E-02    0.5668236E-04    0.3630709E-05    0.7642338E-04   -0.1131699E-03    0.5185611E-03    0.4464211E-06    0.4457847E-06    0.8247306E-06    0.1352947E-05   -0.4133278E-06   -0.1849488E-05   -0.1055294E-05    0.1977998E-05   -0.1992498E-06    0.8049914E-06    0.2598751E-05    0.8133233E-05    0.8779476E-08   -0.6270517E-07
   -0.1329193E-03    0.5856913E-03   -0.2615918E-04   -0.1011024E-01    0.7314451E-01   -0.1901692E-01   -0.5248431E-02    0.7592297E-03    0.4210971E+02   -0.4749317E+00   -0.1379197E+01    0.4082797E+02   -0.7020604E+00   -0.2034283E+02   -0.5926826E+02    0.2962547E+00   -0.1861849E-02   -0.6001597E-01   -0.2144685E+01   -0.1848112E+02   -0.6601606E-03   -0.7328673E-03   -0.8312452E-03   -0.8186845E-03   -0.6511737E-02    0.1454397E-01   -0.1148798E-02    0.1761357E-02   -0.9794264E-03    0.5496385E-02    0.7004128E-02   -0.3365703E-02   -0.1816278E-03    0.4181822E-02
    0.2296884E-05   -0.6142007E-05    0.2391643E-06    0.3234057E-03   -0.1503280E-02    0.7008663E-03    0.1106432E-03    0.1145431E-05   -0.4749317E+00    0.8000182E-01   -0.6408601E-01   -0.4976447E+00    0.1057834E+01    0.1929306E+01    0.7679903E+00    0.5854222E-01   -0.1799752E-02    0.5826013E-02    0.1253503E+00    0.1271603E+00    0.1584271E-04    0.6533939E-05   -0.1228232E-04    0.2948960E-04    0.1170671E-03   -0.3315716E-03    0.1512595E-03    0.2865716E-04   -0.3753670E-04    0.3799913E-04   -0.1190400E-03   -0.5808171E-03    0.9885026E-05   -0.1422226E-04
    0.3417543E-04   -0.1997891E-03    0.1599823E-04    0.1921936E-02    0.3237121E-03    0.3252999E-02    0.1386823E-02   -0.4273582E-04   -0.1379197E+01   -0.6408601E-01    0.3478265E+01   -0.2781299E+02   -0.4031205E+01    0.6831311E+01    0.5620897E+01   -0.2254725E+01   -0.1428748E+00    0.4226687E-02    0.2084426E+01    0.1689548E+01    0.1676467E-03    0.2910843E-03    0.4253093E-03    0.2852054E-03    0.1678158E-03   -0.3141379E-02    0.7514077E-03   -0.9035045E-03   -0.1523727E-02   -0.1663759E-02   -0.3245067E-02   -0.7688327E-02    0.1684764E-03   -0.3221385E-03
   -0.5629499E-03    0.2954899E-02   -0.2319238E-03   -0.4299799E-01    0.7714834E-01   -0.7112520E-01   -0.2889486E-01    0.4943725E-02    0.4082797E+02   -0.4976447E+00   -0.2781299E+02    0.7617891E+03    0.6791919E+02   -0.5539156E+02   -0.6542780E+02    0.1106973E+02   -0.3543751E+01    0.2631592E+01   -0.1063510E+02   -0.1366652E+02   -0.5004919E-02   -0.4705838E-02   -0.4433382E-03   -0.5182127E-02   -0.2207736E-01   -0.1903229E-01   -0.7932419E-02   -0.6804968E-02    0.1899375E-01    0.1531390E-01    0.1412677E-01    0.5953687E-01    0.6111021E-02    0.4180141E-02
   -0.2678333E-03    0.1741358E-02   -0.1588970E-03   -0.1609372E-01   -0.2040037E-01   -0.2616941E-01   -0.8824030E-02    0.6226997E-03   -0.7020604E+00    0.1057834E+01   -0.4031205E+01    0.6791919E+02    0.6119608E+02    0.4490941E+02    0.1850324E+02   -0.3949097E+01   -0.2909739E+00   -0.1040056E+01    0.3743221E+01    0.4140287E+01   -0.1792122E-02   -0.1721064E-02    0.1235461E-02   -0.1132348E-02   -0.9068911E-03   -0.1555800E-01   -0.1910129E-02   -0.3072410E-02    0.7410428E-02    0.3413246E-02    0.2004823E-01    0.4139576E-01    0.1332925E-03    0.5782139E-04
   -0.3824345E-04    0.5118721E-03   -0.6965135E-04    0.1211696E-02   -0.5355376E-01    0.6842450E-02    0.1621637E-02    0.4003225E-03   -0.2034283E+02    0.1929306E+01    0.6831311E+01   -0.5539156E+02    0.4490941E+02    0.9735767E+02    0.6368436E+02   -0.1038335E+02   -0.6472584E+00   -0.4345105E+00    0.4269866E+01    0.4425822E+01    0.2004764E-04    0.2569523E-03    0.1658666E-02    0.1047376E-02    0.2351729E-02   -0.2952648E-01    0.2568791E-02   -0.4650923E-02   -0.6198313E-02   -0.5208810E-02   -0.3210895E-02   -0.1324773E-01    0.7619476E-03   -0.2395267E-02
    0.5920021E-04   -0.3642616E-04   -0.5005950E-04    0.5930932E-02   -0.1008062E+00    0.1791020E-01    0.5143602E-02    0.1410159E-02   -0.5926826E+02    0.7679903E+00    0.5620897E+01   -0.6542780E+02    0.1850324E+02    0.6368436E+02    0.1175804E+03   -0.8895761E+01   -0.3285072E+00   -0.1290908E+00   -0.1029196E+01    0.1427280E+02    0.7845025E-03    0.8531063E-03    0.7882098E-03    0.2059492E-02    0.6488744E-02   -0.3311777E-01   -0.3776684E-04   -0.4769171E-02    0.6764488E-03   -0.1320805E-01   -0.8096389E-02    0.6524313E-02    0.5473205E-03   -0.7469831E-02
   -0.4676754E-04    0.2006848E-03   -0.1741596E-04   -0.3698354E-02    0.1850224E-01   -0.7560376E-02   -0.2607326E-02    0.5668236E-04    0.2962547E+00    0.5854222E-01   -0.2254725E+01    0.1106973E+02   -0.3949097E+01   -0.1038335E+02   -0.8895761E+01    0.5254860E+01    0.8557381E-01   -0.2579167E-01   -0.1569331E+01   -0.1258119E+01   -0.2418763E-03   -0.3476101E-03   -0.7400034E-03   -0.3882638E-03   -0.5829245E-03    0.3549265E-02    0.2467374E-03    0.1643694E-02    0.1212078E-02    0.1601218E-02    0.1098344E-02    0.8233150E-03   -0.1196534E-03    0.1362430E-03
   -0.3240667E-05    0.1058655E-04   -0.8399854E-05   -0.3103614E-03   -0.7706912E-03   -0.8800840E-03    0.3019348E-03    0.3630709E-05   -0.1861849E-02   -0.1799752E-02   -0.1428748E+00   -0.3543751E+01   -0.2909739E+00   -0.6472584E+00   -0.3285072E+00    0.8557381E-01    0.3404394E+01    0.4991487E+00    0.2811087E+00    0.3268736E+00   -0.1149694E-03    0.3811649E-04    0.1162494E-02    0.1749109E-03    0.2958908E-03    0.2056008E-02   -0.7389862E-03   -0.4359041E-03    0.3233343E-02   -0.1126106E-02   -0.1190890E-02   -0.3329767E-02    0.2829341E-03    0.9589001E-05
   -0.1074475E-04    0.2887996E-04   -0.3760484E-05   -0.9062071E-03    0.2820911E-02   -0.2078071E-02   -0.1808612E-03    0.7642338E-04   -0.6001597E-01    0.5826013E-02    0.4226687E-02    0.2631592E+01   -0.1040056E+01   -0.4345105E+00   -0.1290908E+00   -0.2579167E-01    0.4991487E+00    0.3363152E+01    0.2582169E+01    0.1856348E+01   -0.1752155E-03    0.9201790E-04    0.1216041E-02   -0.5914022E-04   -0.1385757E-02    0.4537263E-02   -0.7691920E-03   -0.7761400E-03   -0.5805506E-03   -0.3646419E-03   -0.1856154E-02   -0.5603362E-02   -0.3009984E-03   -0.2138971E-03
   -0.1403775E-04    0.2942139E-04   -0.4183519E-06   -0.1077460E-02   -0.7883632E-02   -0.2789812E-02   -0.2910781E-03   -0.1131699E-03   -0.2144685E+01    0.1253503E+00    0.2084426E+01   -0.1063510E+02    0.3743221E+01    0.4269866E+01   -0.1029196E+01   -0.1569331E+01    0.2811087E+00    0.2582169E+01    0.1698502E+02    0.2544756E+02   -0.3599132E-03   -0.1285684E-03    0.2353447E-02   -0.4494517E-04   -0.1990597E-02   -0.9511207E-02    0.1619724E-02   -0.2970892E-02    0.3784868E-02   -0.3355441E-02    0.2552653E-02    0.2472499E-01   -0.1644034E-04    0.2506180E-02
    0.1473869E-04   -0.1121133E-03    0.1088716E-04    0.7010986E-03   -0.4031618E-01    0.2114410E-02    0.9309526E-03    0.5185611E-03   -0.1848112E+02    0.1271603E+00    0.1689548E+01   -0.1366652E+02    0.4140287E+01    0.4425822E+01    0.1427280E+02   -0.1258119E+01    0.3268736E+00    0.1856348E+01    0.2544756E+02    0.5420004E+02   -0.3109584E-03    0.8450061E-05    0.3594003E-02    0.2641387E-03    0.4509346E-03   -0.2243069E-01    0.1496011E-02   -0.4393253E-02    0.7734467E-02   -0.5851237E-02    0.3662987E-02    0.5177191E-01    0.2881227E-04    0.4507134E-02
    0.5601019E-07   -0.8444223E-06    0.4627785E-07    0.2828120E-05   -0.6541537E-05    0.4003121E-05    0.3499363E-05    0.4464211E-06   -0.6601606E-03    0.1584271E-04    0.1676467E-03   -0.5004919E-02   -0.1792122E-02    0.2004764E-04    0.7845025E-03   -0.2418763E-03   -0.1149694E-03   -0.1752155E-03   -0.3599132E-03   -0.3109584E-03    0.3203456E-04    0.9115569E-05    0.3633762E-05    0.3602885E-05    0.2132733E-05    0.9604613E-05   -0.1860880E-05   -0.3524543E-06    0.4134572E-05   -0.4875447E-05   -0.2895743E-06    0.2914829E-05   -0.7078616E-07   -0.5342781E-07
    0.6136090E-07   -0.7993556E-06    0.4406538E-07    0.3317756E-05   -0.1120199E-04    0.5052435E-05    0.3564802E-05    0.4457847E-06   -0.7328673E-03    0.6533939E-05    0.2910843E-03   -0.4705838E-02   -0.1721064E-02    0.2569523E-03    0.8531063E-03   -0.3476101E-03    0.3811649E-04    0.9201790E-04   -0.1285684E-03    0.8450061E-05    0.9115569E-05    0.2473465E-04   -0.1656122E-05    0.1179990E-04   -0.2772770E-06    0.1090506E-04    0.1852179E-05   -0.6802387E-06   -0.4465963E-05   -0.9041658E-07   -0.5785951E-05   -0.2028007E-04   -0.1433350E-06   -0.9895953E-07
    0.6847649E-07   -0.6960961E-06    0.7212037E-07    0.6033695E-05   -0.1281832E-03    0.1102951E-04    0.2641654E-05    0.8247306E-06   -0.8312452E-03   -0.1228232E-04    0.4253093E-03   -0.4433382E-03    0.1235461E-02    0.1658666E-02    0.7882098E-03   -0.7400034E-03    0.1162494E-02    0.1216041E-02    0.2353447E-02    0.3594003E-02    0.3633762E-05   -0.1656122E-05    0.1081163E-02   -0.4002531E-05   -0.1130229E-04    0.7467408E-04    0.4508208E-05    0.9020814E-05    0.1204691E-04    0.2387977E-04    0.2068987E-04   -0.3094203E-04   -0.6646374E-07    0.1353834E-06
    0.5862238E-07   -0.7152990E-06    0.4364209E-07    0.1629490E-05   -0.2994486E-04    0.3770005E-05    0.3275019E-05    0.1352947E-05   -0.8186845E-03    0.2948960E-04    0.2852054E-03   -0.5182127E-02   -0.1132348E-02    0.1047376E-02    0.2059492E-02   -0.3882638E-03    0.1749109E-03   -0.5914022E-04   -0.4494517E-04    0.2641387E-03    0.3602885E-05    0.1179990E-04   -0.4002531E-05    0.4625414E-04   -0.1170424E-05    0.1614883E-04    0.1379287E-05    0.2666058E-06   -0.2550274E-05   -0.2597332E-05    0.6132825E-05   -0.9815591E-05   -0.1622151E-06   -0.8147731E-07
    0.2343727E-06   -0.1212664E-05    0.6851763E-07    0.4575411E-05   -0.2498433E-03    0.4952443E-05    0.7276807E-05   -0.4133278E-06   -0.6511737E-02    0.1170671E-03    0.1678158E-03   -0.2207736E-01   -0.9068911E-03    0.2351729E-02    0.6488744E-02   -0.5829245E-03    0.2958908E-03   -0.1385757E-02   -0.1990597E-02    0.4509346E-03    0.2132733E-05   -0.2772770E-06   -0.1130229E-04   -0.1170424E-05    0.2121655E-02    0.5088009E-04   -0.1369639E-04   -0.2068848E-05    0.7267089E-05   -0.3196172E-05   -0.4529408E-04   -0.1709268E-03   -0.1166917E-06   -0.1352651E-05
    0.3078681E-06    0.2519086E-05   -0.2866734E-06   -0.3694648E-05   -0.5911189E-03   -0.1104892E-04   -0.3746746E-06   -0.1849488E-05    0.1454397E-01   -0.3315716E-03   -0.3141379E-02   -0.1903229E-01   -0.1555800E-01   -0.2952648E-01   -0.3311777E-01    0.3549265E-02    0.2056008E-02    0.4537263E-02   -0.9511207E-02   -0.2243069E-01    0.9604613E-05    0.1090506E-04    0.7467408E-04    0.1614883E-04    0.5088009E-04    0.1754780E-01    0.1799249E-04    0.1992207E-04   -0.3848903E-04    0.3790507E-04   -0.1533913E-03   -0.9330648E-04   -0.1731198E-05   -0.3426965E-06
    0.7194368E-08    0.1863378E-06   -0.2526707E-06    0.5660236E-05    0.2819940E-04    0.1043627E-04   -0.1055335E-05   -0.1055294E-05   -0.1148798E-02    0.1512595E-03    0.7514077E-03   -0.7932419E-02   -0.1910129E-02    0.2568791E-02   -0.3776684E-04    0.2467374E-03   -0.7389862E-03   -0.7691920E-03    0.1619724E-02    0.1496011E-02   -0.1860880E-05    0.1852179E-05    0.4508208E-05    0.1379287E-05   -0.1369639E-04    0.1799249E-04    0.1437081E-02    0.2936422E-03    0.1171513E-03   -0.3734342E-03   -0.9692593E-04    0.3933513E-04    0.3038436E-06    0.1122031E-06
   -0.6048892E-07   -0.2822969E-06   -0.1367935E-06   -0.3858832E-05    0.3419197E-04   -0.4801627E-05    0.1147334E-05    0.1977998E-05    0.1761357E-02    0.2865716E-04   -0.9035045E-03   -0.6804968E-02   -0.3072410E-02   -0.4650923E-02   -0.4769171E-02    0.1643694E-02   -0.4359041E-03   -0.7761400E-03   -0.2970892E-02   -0.4393253E-02   -0.3524543E-06   -0.6802387E-06    0.9020814E-05    0.2666058E-06   -0.2068848E-05    0.1992207E-04    0.2936422E-03    0.8467763E-03    0.2393301E-04    0.7267294E-03    0.4506302E-04   -0.5855600E-03   -0.3754042E-06   -0.8832618E-07
   -0.1314357E-06    0.4016605E-06    0.4184381E-07    0.2658080E-05    0.1562816E-03    0.3768173E-05    0.2822204E-06   -0.1992498E-06   -0.9794264E-03   -0.3753670E-04   -0.1523727E-02    0.1899375E-01    0.7410428E-02   -0.6198313E-02    0.6764488E-03    0.1212078E-02    0.3233343E-02   -0.5805506E-03    0.3784868E-02    0.7734467E-02    0.4134572E-05   -0.4465963E-05    0.1204691E-04   -0.2550274E-05    0.7267089E-05   -0.3848903E-04    0.1171513E-03    0.2393301E-04    0.7009285E-02   -0.3208271E-03    0.7347784E-03    0.4221311E-02    0.4539807E-06    0.1030509E-05
   -0.2886134E-06    0.1075340E-05   -0.1503404E-07   -0.2287434E-04    0.2737679E-03   -0.4316871E-04   -0.7302570E-06    0.8049914E-06    0.5496385E-02    0.3799913E-04   -0.1663759E-02    0.1531390E-01    0.3413246E-02   -0.5208810E-02   -0.1320805E-01    0.1601218E-02   -0.1126106E-02   -0.3646419E-03   -0.3355441E-02   -0.5851237E-02   -0.4875447E-05   -0.9041658E-07    0.2387977E-04   -0.2597332E-05   -0.3196172E-05    0.3790507E-04   -0.3734342E-03    0.7267294E-03   -0.3208271E-03    0.2848004E-02    0.4702685E-03   -0.7518925E-03   -0.7912371E-06   -0.4020800E-06
   -0.6118924E-06    0.2686464E-05   -0.9944880E-07   -0.1277992E-04   -0.5150651E-04   -0.1656184E-04   -0.1057693E-04    0.2598751E-05    0.7004128E-02   -0.1190400E-03   -0.3245067E-02    0.1412677E-01    0.2004823E-01   -0.3210895E-02   -0.8096389E-02    0.1098344E-02   -0.1190890E-02   -0.1856154E-02    0.2552653E-02    0.3662987E-02   -0.2895743E-06   -0.5785951E-05    0.2068987E-04    0.6132825E-05   -0.4529408E-04   -0.1533913E-03   -0.9692593E-04    0.4506302E-04    0.7347784E-03    0.4702685E-03    0.6615304E-02    0.8152829E-02   -0.6583210E-06    0.1700118E-05
   -0.2531500E-05    0.1402404E-04   -0.1220143E-05    0.1871614E-06   -0.1697509E-03    0.4564207E-04   -0.2860167E-04    0.8133233E-05   -0.3365703E-02   -0.5808171E-03   -0.7688327E-02    0.5953687E-01    0.4139576E-01   -0.1324773E-01    0.6524313E-02    0.8233150E-03   -0.3329767E-02   -0.5603362E-02    0.2472499E-01    0.5177191E-01    0.2914829E-05   -0.2028007E-04   -0.3094203E-04   -0.9815591E-05   -0.1709268E-03   -0.9330648E-04    0.3933513E-04   -0.5855600E-03    0.4221311E-02   -0.7518925E-03    0.8152829E-02    0.6491835E-01   -0.1279743E-06    0.3668194E-05
    0.2261277E-08    0.1293397E-07   -0.9183588E-09   -0.2734127E-07   -0.1869005E-05    0.2377976E-06   -0.1758194E-06    0.8779476E-08   -0.1816278E-03    0.9885026E-05    0.1684764E-03    0.6111021E-02    0.1332925E-03    0.7619476E-03    0.5473205E-03   -0.1196534E-03    0.2829341E-03   -0.3009984E-03   -0.1644034E-04    0.2881227E-04   -0.7078616E-07   -0.1433350E-06   -0.6646374E-07   -0.1622151E-06   -0.1166917E-06   -0.1731198E-05    0.3038436E-06   -0.3754042E-06    0.4539807E-06   -0.7912371E-06   -0.6583210E-06   -0.1279743E-06    0.5945077E-06    0.1112152E-07
   -0.9398647E-08    0.4845377E-07   -0.7691931E-09   -0.7221122E-06    0.1747209E-05   -0.1547323E-05   -0.3931953E-06   -0.6270517E-07    0.4181822E-02   -0.1422226E-04   -0.3221385E-03    0.4180141E-02    0.5782139E-04   -0.2395267E-02   -0.7469831E-02    0.1362430E-03    0.9589001E-05   -0.2138971E-03    0.2506180E-02    0.4507134E-02   -0.5342781E-07   -0.9895953E-07    0.1353834E-06   -0.8147731E-07   -0.1352651E-05   -0.3426965E-06    0.1122031E-06   -0.8832618E-07    0.1030509E-05   -0.4020800E-06    0.1700118E-05    0.3668194E-05    0.1112152E-07    0.2034296E-05
