# omegabh2 omegach2 theta tau logA ns nrun r calPlanck BBdust BBsync BBalphadust BBbetadust BBalphasync BBbetasync BBdustsynccorr aps100 aps143 aps217 acib217 asz143 psr cibr xi aksz dust100 dust143 dust217 dust143x217 cal0 cal2 calTE calEE
  2.3219816E-08  -4.4345363E-08   1.0389008E-08   2.5777833E-07   5.7571493E-07   1.1978912E-07  -3.1027508E-07   1.6154608E-07   1.6765869E-08  -1.2263152E-06  -2.6071602E-07   3.2470098E-07  -1.0020503E-07  -1.1171124E-07  -5.5504547E-07  -5.0339008E-07  -1.6223359E-04  -1.2161438E-04   1.6643365E-05  -5.7023172E-05   9.3653286E-06   2.3828351E-07  -6.4150503E-07   3.9289826E-07  -1.4803192E-05   8.4635145E-07  -3.7992406E-07   5.6245867E-07   1.5386758E-07   3.8831117E-09   8.2847414E-10  -1.1524327E-07  -2.6920102E-07
 -4.4345363E-08   9.0140623E-07  -4.9813198E-08  -2.1176110E-06  -2.4724172E-06  -2.1251330E-06  -4.4293101E-07  -1.1580192E-06  -2.0380111E-07   6.1357894E-06   3.4289629E-06  -5.5400497E-06   7.4915760E-07  -4.4796290E-07   1.7255987E-06   3.0927170E-06   9.2804175E-04   5.5518165E-04  -1.9654771E-04   2.3647878E-04  -3.8290796E-05  -3.2763818E-06   4.4176800E-06  -7.6703659E-06   1.1408010E-04  -1.7836067E-07   3.8780617E-06  -7.2580191E-07   2.0943626E-06  -1.8153144E-08   1.7407056E-08  -2.0948293E-07  -4.9129962E-07
  1.0389008E-08  -4.9813198E-08   8.2783476E-08   1.8921002E-07   3.8193031E-07   2.2061670E-07  -8.8088309E-09   2.7282267E-08   1.4168871E-08   7.8409399E-10   2.1994267E-06  -4.3243847E-08  -5.3866795E-08   9.6783634E-07   2.3853005E-07   9.9111155E-08  -1.0661123E-04  -3.3847271E-05  -1.6697141E-05  -1.3319947E-05   5.3508762E-06  -1.4650059E-09   6.2346760E-07   5.5865719E-07  -3.3316198E-07  -3.5605146E-07  -1.1367544E-07   4.0330896E-07  -2.8941135E-07   1.0818958E-09   3.6899188E-09  -4.2258768E-08   1.7397558E-08
  2.5777833E-07  -2.1176110E-06   1.8921002E-07   4.8783386E-05   9.1352559E-05   6.1299921E-06  -8.7163541E-06   1.3808977E-07  -1.0597921E-06  -8.1376952E-05  -4.4957993E-06  -3.2677679E-05   1.5042399E-05  -3.7710236E-06  -5.4606488E-06   4.1878024E-06  -2.9796324E-03  -1.0766409E-03  -1.0660983E-03  -5.3041561E-04  -1.3996922E-04  -1.3616778E-05   1.1305511E-05   3.1803028E-05   2.4020476E-04   2.4759945E-05   1.6238284E-05   4.2369212E-06  -5.4988610E-06  -1.9288520E-07  -9.0429221E-08  -3.6419191E-06  -2.2198505E-06
  5.7571493E-07  -2.4724172E-06   3.8193031E-07   9.1352559E-05   2.0321877E-04   4.4110241E-06  -2.7853371E-05  -9.2426727E-07   9.3400496E-06  -1.6045226E-04   1.3241256E-05  -1.0572759E-04   4.1326867E-05  -5.7318502E-06   1.4697695E-05   3.3029275E-06   9.7727322E-03   3.9174492E-03   1.8261974E-03   6.3042901E-04  -5.5669535E-04  -3.7834313E-05   2.8311112E-05   5.2151759E-05   4.0920040E-04   5.0663929E-05  -1.7065126E-05   2.2455447E-05  -7.2657840E-06   2.0820000E-07  -3.7785756E-08  -8.4857382E-06  -3.7005700E-06
  1.1978912E-07  -2.1251330E-06   2.2061670E-07   6.1299921E-06   4.4110241E-06   1.6826508E-05   9.4806258E-06   6.0686014E-06   4.3704803E-07   1.7680618E-05   1.7782987E-06   5.6205563E-06  -2.6048876E-07   1.4375609E-05  -1.0209561E-05  -2.1454385E-05  -2.9594693E-02  -1.0305865E-02   1.1434270E-02  -8.3220388E-03   7.7072629E-04   8.3278048E-05  -1.3970597E-04   9.7017247E-05  -2.6098392E-03   1.1554036E-05  -4.2328238E-05   3.9054150E-05  -2.3188871E-05  -3.7478932E-07  -5.4539410E-07   4.6485490E-07  -2.6798684E-06
 -3.1027508E-07  -4.4293101E-07  -8.8088309E-09  -8.7163541E-06  -2.7853371E-05   9.4806258E-06   4.7584661E-05  -2.5441694E-05   4.5602238E-07   8.4145039E-05   5.2920413E-05   1.9242922E-05  -1.9676193E-05   2.6860983E-05   3.9674487E-05   2.6785352E-05  -3.4344939E-02  -1.6534523E-02   1.2017715E-02  -1.0244364E-02   1.3111782E-03   1.1005482E-04  -1.8778444E-04   1.0401333E-04  -3.1193121E-03  -5.5568233E-05  -5.9087653E-05   3.3720897E-05  -3.2266385E-05  -1.0595435E-07  -8.2170809E-07   3.3569061E-06   1.3203163E-06
  1.6154608E-07  -1.1580192E-06   2.7282267E-08   1.3808977E-07  -9.2426727E-07   6.0686014E-06  -2.5441694E-05   4.4196245E-04  -9.1647730E-07  -5.3883330E-04  -1.0437560E-03  -1.3548466E-04   3.4868968E-04   6.6040720E-05  -1.6815636E-04  -9.6954356E-04   9.2307592E-03   5.4170118E-03   3.4448788E-04   5.5861835E-04  -1.0417315E-03  -2.8264981E-05   4.1094460E-05  -3.9293713E-05   9.3641747E-04  -2.3041323E-05  -1.7226234E-05  -1.1521604E-05  -5.0642072E-05  -5.5954439E-08   2.7143650E-08  -1.4913073E-06   2.0898017E-07
  1.6765869E-08  -2.0380111E-07   1.4168871E-08  -1.0597921E-06   9.3400496E-06   4.3704803E-07   4.5602238E-07  -9.1647730E-07   6.0049953E-06  -4.9345921E-06   9.7304012E-06  -8.9581269E-06   3.3351594E-06   1.6634359E-06   1.3772188E-05  -5.6296206E-06   3.3952170E-03   2.9772974E-04   1.0374811E-03   5.7378939E-04   1.0521463E-05  -4.0549605E-06   3.7202691E-06  -3.2469873E-06  -5.8095198E-05   4.1315642E-06   1.0340025E-05   6.5418904E-06   1.0080840E-06  -2.4121228E-08  -3.5891200E-08  -2.3697967E-07  -9.6589322E-08
 -1.2263152E-06   6.1357894E-06   7.8409399E-10  -8.1376952E-05  -1.6045226E-04   1.7680618E-05   8.4145039E-05  -5.3883330E-04  -4.9345921E-06   1.0810975E+00   2.5577009E-02  -1.1877873E-01   4.5521886E-02   3.5692344E-03   6.9388239E-03  -9.0499319E-03   1.4608616E-01   4.4084153E-02   1.2737143E-02   3.2459924E-02  -1.5116181E-02   4.8732032E-04  -1.0103378E-03   2.3752540E-03  -2.6170807E-02  -2.5112276E-05  -1.5681637E-03  -9.7015158E-04  -1.6496185E-03   1.1667596E-05   9.2611662E-06   7.5074021E-05   3.1741781E-05
 -2.6071602E-07   3.4289629E-06   2.1994267E-06  -4.4957993E-06   1.3241256E-05   1.7782987E-06   5.2920413E-05  -1.0437560E-03   9.7304012E-06   2.5577009E-02   1.1410564E+00  -3.0007659E-03  -2.2693595E-03   1.7415671E-02  -4.1788182E-02   4.8993890E-02   8.6424132E-02   7.9588310E-02   1.1223984E-01  -2.9190603E-02  -1.3279122E-02   1.1461147E-03  -3.3506346E-03  -3.3540861E-04  -1.5708573E-02   9.9906996E-04  -1.9874568E-03  -5.8887805E-04  -3.8148522E-04   1.1902997E-05  -1.3372327E-05   3.0577907E-05   6.2162715E-06
  3.2470098E-07  -5.5400497E-06  -4.3243847E-08  -3.2677679E-05  -1.0572759E-04   5.6205563E-06   1.9242922E-05  -1.3548466E-04  -8.9581269E-06  -1.1877873E-01  -3.0007659E-03   5.9390388E-02  -3.5300017E-04   5.2803592E-04   3.9369695E-04   1.6936550E-04  -6.7516184E-04  -3.0208132E-02  -3.8046621E-02   7.8113096E-03   2.2715560E-03   9.9890681E-05   1.8038295E-04  -1.8220581E-04   8.6992106E-03   1.3508662E-04   6.2676835E-04  -1.1933389E-04   9.0381874E-05  -1.4030229E-06  -2.9410344E-06  -6.5788435E-06  -1.6932252E-05
 -1.0020503E-07   7.4915760E-07  -5.3866795E-08   1.5042399E-05   4.1326867E-05  -2.6048876E-07  -1.9676193E-05   3.4868968E-04   3.3351594E-06   4.5521886E-02  -2.2693595E-03  -3.5300017E-04   9.3973997E-03   5.9075176E-04  -1.2966879E-03   7.6258954E-04   3.3910331E-02   1.4502076E-02   4.9047301E-03   1.1657626E-03  -6.8065510E-04  -4.7170701E-05   2.6709538E-04   1.6669678E-04   9.2058103E-05  -3.2050845E-05  -9.6321220E-05  -4.2435512E-05  -2.0990867E-04   1.9472927E-06  -2.6336455E-07   1.0113281E-05   6.0312281E-06
 -1.1171124E-07  -4.4796290E-07   9.6783634E-07  -3.7710236E-06  -5.7318502E-06   1.4375609E-05   2.6860983E-05   6.6040720E-05   1.6634359E-06   3.5692344E-03   1.7415671E-02   5.2803592E-04   5.9075176E-04   8.2117844E-02  -3.3516458E-04   5.6811451E-04  -8.3757202E-02  -1.3661721E-02   4.1758887E-02  -2.7994996E-02  -2.3182895E-04   5.0173419E-04  -7.0986080E-04   3.4708419E-05   1.8887516E-03   1.5497390E-04  -3.0485382E-04   1.1484002E-04   7.0093257E-05   3.1369512E-07  -3.0982627E-06  -3.1972985E-06   1.8378658E-05
 -5.5504547E-07   1.7255987E-06   2.3853005E-07  -5.4606488E-06   1.4697695E-05  -1.0209561E-05   3.9674487E-05  -1.6815636E-04   1.3772188E-05   6.9388239E-03  -4.1788182E-02   3.9369695E-04  -1.2966879E-03  -3.3516458E-04   7.4549127E-02  -5.2786097E-03  -5.2622051E-02  -7.7621868E-03   1.6932189E-02  -1.0213379E-02  -2.1297707E-03   3.4516602E-05  -4.3754921E-04  -5.8679823E-04   3.8504338E-03   2.9613622E-04   1.6517533E-04  -2.6452098E-04  -3.6555065E-04   1.3018116E-06  -6.1482776E-06   9.8116318E-06   1.5760631E-05
 -5.0339008E-07   3.0927170E-06   9.9111155E-08   4.1878024E-06   3.3029275E-06  -2.1454385E-05   2.6785352E-05  -9.6954356E-04  -5.6296206E-06  -9.0499319E-03   4.8993890E-02   1.6936550E-04   7.6258954E-04   5.6811451E-04  -5.2786097E-03   7.9733271E-02   4.8453994E-02   1.7644420E-02   4.5190177E-02  -1.8058457E-02   5.9743647E-05  -4.4189439E-04   8.1671512E-04   2.5282533E-04   3.4717229E-05  -1.2446759E-04  -7.7502041E-05   1.0144107E-04  -4.7780031E-04   3.8108870E-06  -2.7744104E-06  -2.0589046E-06   1.0318281E-05
 -1.6223359E-04   9.2804175E-04  -1.0661123E-04  -2.9796324E-03   9.7727322E-03  -2.9594693E-02  -3.4344939E-02   9.2307592E-03   3.3952170E-03   1.4608616E-01   8.6424132E-02  -6.7516184E-04   3.3910331E-02  -8.3757202E-02  -5.2622051E-02   4.8453994E-02   6.3337324E+02   6.8857031E+01  -6.0623526E+01   3.5903283E+01  -2.5975250E+01  -9.0460754E-01  -6.4587082E-02  -3.5497162E-01   1.2973680E+01  -1.6292680E-01   3.0053428E-01  -2.6262580E-01  -1.8505109E-01   7.0247162E-03   3.7236701E-03   3.3642287E-04   7.4396209E-03
 -1.2161438E-04   5.5518165E-04  -3.3847271E-05  -1.0766409E-03   3.9174492E-03  -1.0305865E-02  -1.6534523E-02   5.4170118E-03   2.9772974E-04   4.4084153E-02   7.9588310E-02  -3.0208132E-02   1.4502076E-02  -1.3661721E-02  -7.7621868E-03   1.7644420E-02   6.8857031E+01   7.0903018E+01   4.9315388E+00   9.7736374E+00  -7.3849413E-01  -4.6776184E-02   5.0258334E-01   8.2431935E-01  -7.0941970E+00  -1.9189490E-02  -1.9922810E-01   3.4695305E-02   6.4307949E-02   9.3718479E-04   9.0411985E-04   1.3914940E-03   4.0854443E-03
  1.6643365E-05  -1.9654771E-04  -1.6697141E-05  -1.0660983E-03   1.8261974E-03   1.1434270E-02   1.2017715E-02   3.4448788E-04   1.0374811E-03   1.2737143E-02   1.1223984E-01  -3.8046621E-02   4.9047301E-03   4.1758887E-02   1.6932189E-02   4.5190177E-02  -6.0623526E+01   4.9315388E+00   1.8152225E+02  -8.7591783E+01   2.7114695E+00   3.8965895E-01  -1.1293375E+00   3.9002095E-01  -7.5715778E+00   7.9558838E-03  -3.0122518E-01   5.6261477E-01  -1.1990405E-02   1.8376038E-03  -8.4380467E-03   3.6753803E-03   2.4351220E-03
 -5.7023172E-05   2.3647878E-04  -1.3319947E-05  -5.3041561E-04   6.3042901E-04  -8.3220388E-03  -1.0244364E-02   5.5861835E-04   5.7378939E-04   3.2459924E-02  -2.9190603E-02   7.8113096E-03   1.1657626E-03  -2.7994996E-02  -1.0213379E-02  -1.8058457E-02   3.5903283E+01   9.7736374E+00  -8.7591783E+01   5.5109224E+01   1.5591230E+00  -8.0430993E-02   7.8273445E-01  -2.9511905E-01  -2.2107690E+00  -9.0687311E-03   1.8638078E-01  -4.5573385E-01  -1.0783034E-01  -5.9641224E-04   3.5638840E-03  -1.5104326E-03   3.5023306E-04
  9.3653286E-06  -3.8290796E-05   5.3508762E-06  -1.3996922E-04  -5.5669535E-04   7.7072629E-04   1.3111782E-03  -1.0417315E-03   1.0521463E-05  -1.5116181E-02  -1.3279122E-02   2.2715560E-03  -6.8065510E-04  -2.3182895E-04  -2.1297707E-03   5.9743647E-05  -2.5975250E+01  -7.3849413E-01   2.7114695E+00   1.5591230E+00   4.3695904E+00   1.0578988E-01   1.4809062E-01  -4.1333022E-02  -3.6352256E+00  -6.6771931E-03  -2.9058165E-03   9.5155497E-03   5.4600568E-02   4.4720160E-04  -2.3066145E-04  -1.4130540E-05  -2.4908051E-04
  2.3828351E-07  -3.2763818E-06  -1.4650059E-09  -1.3616778E-05  -3.7834313E-05   8.3278048E-05   1.1005482E-04  -2.8264981E-05  -4.0549605E-06   4.8732032E-04   1.1461147E-03   9.9890681E-05  -4.7170701E-05   5.0173419E-04   3.4516602E-05  -4.4189439E-04  -9.0460754E-01  -4.6776184E-02   3.8965895E-01  -8.0430993E-02   1.0578988E-01   1.6636532E-02  -1.6900140E-02   1.2081303E-02  -1.1144738E-01  -2.8860002E-04  -1.2714124E-03  -2.3391065E-03   5.2545833E-03   1.8553970E-05  -3.8616006E-05   2.4520960E-05   1.4146013E-05
 -6.4150503E-07   4.4176800E-06   6.2346760E-07   1.1305511E-05   2.8311112E-05  -1.3970597E-04  -1.8778444E-04   4.1094460E-05   3.7202691E-06  -1.0103378E-03  -3.3506346E-03   1.8038295E-04   2.6709538E-04  -7.0986080E-04  -4.3754921E-04   8.1671512E-04  -6.4587082E-02   5.0258334E-01  -1.1293375E+00   7.8273445E-01   1.4809062E-01  -1.6900140E-02   6.8056717E-02   3.2854398E-03  -1.4909050E-01  -2.5099521E-06   7.5917603E-03  -5.5710378E-04  -1.7614079E-02  -1.3028680E-05   1.0055849E-04  -3.5984238E-05  -1.3041984E-05
  3.9289826E-07  -7.6703659E-06   5.5865719E-07   3.1803028E-05   5.2151759E-05   9.7017247E-05   1.0401333E-04  -3.9293713E-05  -3.2469873E-06   2.3752540E-03  -3.3540861E-04  -1.8220581E-04   1.6669678E-04   3.4708419E-05  -5.8679823E-04   2.5282533E-04  -3.5497162E-01   8.2431935E-01   3.9002095E-01  -2.9511905E-01  -4.1333022E-02   1.2081303E-02   3.2854398E-03   8.2288031E-02   3.2453130E-02  -6.6192427E-04   8.9005623E-04   1.2794999E-03   8.1778809E-04   7.7150336E-06  -8.3132768E-06   3.8404546E-05   2.2321694E-05
 -1.4803192E-05   1.1408010E-04  -3.3316198E-07   2.4020476E-04   4.0920040E-04  -2.6098392E-03  -3.1193121E-03   9.3641747E-04  -5.8095198E-05  -2.6170807E-02  -1.5708573E-02   8.6992106E-03   9.2058103E-05   1.8887516E-03   3.8504338E-03   3.4717229E-05   1.2973680E+01  -7.0941970E+00  -7.5715778E+00  -2.2107690E+00  -3.6352256E+00  -1.1144738E-01  -1.4909050E-01   3.2453130E-02   7.4786926E+00   5.1300217E-03  -2.8197597E-03  -4.0102218E-03  -4.4389928E-02  -3.7578703E-04   1.2683335E-04  -5.0745098E-04  -1.1269615E-04
  8.4635145E-07  -1.7836067E-07  -3.5605146E-07   2.4759945E-05   5.0663929E-05   1.1554036E-05  -5.5568233E-05  -2.3041323E-05   4.1315642E-06  -2.5112276E-05   9.9906996E-04   1.3508662E-04  -3.2050845E-05   1.5497390E-04   2.9613622E-04  -1.2446759E-04  -1.6292680E-01  -1.9189490E-02   7.9558838E-03  -9.0687311E-03  -6.6771931E-03  -2.8860002E-04  -2.5099521E-06  -6.6192427E-04   5.1300217E-03   3.7992943E-02   2.8956869E-03   2.6234575E-04   6.6644826E-04   3.4249292E-05  -5.5264046E-06  -1.4500402E-05  -3.3161937E-05
 -3.7992406E-07   3.8780617E-06  -1.1367544E-07   1.6238284E-05  -1.7065126E-05  -4.2328238E-05  -5.9087653E-05  -1.7226234E-05   1.0340025E-05  -1.5681637E-03  -1.9874568E-03   6.2676835E-04  -9.6321220E-05  -3.0485382E-04   1.6517533E-04  -7.7502041E-05   3.0053428E-01  -1.9922810E-01  -3.0122518E-01   1.8638078E-01  -2.9058165E-03  -1.2714124E-03   7.5917603E-03   8.9005623E-04  -2.8197597E-03   2.8956869E-03   3.0710644E-02  -6.5430568E-04   5.4722511E-03  -7.9913048E-05  -3.8239362E-05  -7.9433656E-05  -6.4156143E-05
  5.6245867E-07  -7.2580191E-07   4.0330896E-07   4.2369212E-06   2.2455447E-05   3.9054150E-05   3.3720897E-05  -1.1521604E-05   6.5418904E-06  -9.7015158E-04  -5.8887805E-04  -1.1933389E-04  -4.2435512E-05   1.1484002E-04  -2.6452098E-04   1.0144107E-04  -2.6262580E-01   3.4695305E-02   5.6261477E-01  -4.5573385E-01   9.5155497E-03  -2.3391065E-03  -5.5710378E-04   1.2794999E-03  -4.0102218E-03   2.6234575E-04  -6.5430568E-04   1.0525257E-02   8.4204971E-03   3.3781413E-06   6.0386438E-05   6.4788087E-06  -9.5830413E-06
  1.5386758E-07   2.0943626E-06  -2.8941135E-07  -5.4988610E-06  -7.2657840E-06  -2.3188871E-05  -3.2266385E-05  -5.0642072E-05   1.0080840E-06  -1.6496185E-03  -3.8148522E-04   9.0381874E-05  -2.0990867E-04   7.0093257E-05  -3.6555065E-04  -4.7780031E-04  -1.8505109E-01   6.4307949E-02  -1.1990405E-02  -1.0783034E-01   5.4600568E-02   5.2545833E-03  -1.7614079E-02   8.1778809E-04  -4.4389928E-02   6.6644826E-04   5.4722511E-03   8.4204971E-03   2.6480916E-02  -2.4201092E-06   5.7829880E-05  -1.9027172E-05  -1.2284581E-05
  3.8831117E-09  -1.8153144E-08   1.0818958E-09  -1.9288520E-07   2.0820000E-07  -3.7478932E-07  -1.0595435E-07  -5.5954439E-08  -2.4121228E-08   1.1667596E-05   1.1902997E-05  -1.4030229E-06   1.9472927E-06   3.1369512E-07   1.3018116E-06   3.8108870E-06   7.0247162E-03   9.3718479E-04   1.8376038E-03  -5.9641224E-04   4.4720160E-04   1.8553970E-05  -1.3028680E-05   7.7150336E-06  -3.7578703E-04   3.4249292E-05  -7.9913048E-05   3.3781413E-06  -2.4201092E-06   1.1209587E-06   2.1675834E-08   3.9102476E-07   5.7870300E-07
  8.2847414E-10   1.7407056E-08   3.6899188E-09  -9.0429221E-08  -3.7785756E-08  -5.4539410E-07  -8.2170809E-07   2.7143650E-08  -3.5891200E-08   9.2611662E-06  -1.3372327E-05  -2.9410344E-06  -2.6336455E-07  -3.0982627E-06  -6.1482776E-06  -2.7744104E-06   3.7236701E-03   9.0411985E-04  -8.4380467E-03   3.5638840E-03  -2.3066145E-04  -3.8616006E-05   1.0055849E-04  -8.3132768E-06   1.2683335E-04  -5.5264046E-06  -3.8239362E-05   6.0386438E-05   5.7829880E-05   2.1675834E-08   2.5285454E-06   1.2175925E-07   3.9421848E-08
 -1.1524327E-07  -2.0948293E-07  -4.2258768E-08  -3.6419191E-06  -8.4857382E-06   4.6485490E-07   3.3569061E-06  -1.4913073E-06  -2.3697967E-07   7.5074021E-05   3.0577907E-05  -6.5788435E-06   1.0113281E-05  -3.1972985E-06   9.8116318E-06  -2.0589046E-06   3.3642287E-04   1.3914940E-03   3.6753803E-03  -1.5104326E-03  -1.4130540E-05   2.4520960E-05  -3.5984238E-05   3.8404546E-05  -5.0745098E-04  -1.4500402E-05  -7.9433656E-05   6.4788087E-06  -1.9027172E-05   3.9102476E-07   1.2175925E-07   2.3757975E-05   8.2148355E-06
 -2.6920102E-07  -4.9129962E-07   1.7397558E-08  -2.2198505E-06  -3.7005700E-06  -2.6798684E-06   1.3203163E-06   2.0898017E-07  -9.6589322E-08   3.1741781E-05   6.2162715E-06  -1.6932252E-05   6.0312281E-06   1.8378658E-05   1.5760631E-05   1.0318281E-05   7.4396209E-03   4.0854443E-03   2.4351220E-03   3.5023306E-04  -2.4908051E-04   1.4146013E-05  -1.3041984E-05   2.2321694E-05  -1.1269615E-04  -3.3161937E-05  -6.4156143E-05  -9.5830413E-06  -1.2284581E-05   5.7870300E-07   3.9421848E-08   8.2148355E-06   2.4066541E-05
