# omegabh2 omegach2 theta tau w logA ns calPlanck aps100 aps143 aps217 acib217 asz143 psr cibr xi aksz dust100 dust143 dust217 dust143x217 cal0 cal2 calTE calEE
  2.1760991E-08  -5.8887080E-08   1.1937874E-08   2.2314776E-07   1.1769165E-06   4.1240654E-07   2.0198822E-07   1.7621593E-08  -3.6173843E-04  -2.6312553E-04   8.9187593E-05  -1.2379153E-04   1.1725522E-05   7.4731655E-07  -2.6171751E-06   8.4057113E-08  -2.6984950E-05  -1.5693253E-07  -1.2625294E-07   7.0264819E-07  -1.0981915E-07   3.5302663E-09  -6.0070365E-09  -9.4550398E-08  -2.6108946E-07
 -5.8887080E-08   1.0501688E-06  -7.4727747E-08  -2.3647032E-06  -1.5519553E-05  -3.0043027E-06  -2.3843414E-06  -3.0424232E-07   3.3218847E-04   5.5438290E-04  -4.0095380E-04   3.8547011E-04  -2.2933060E-05  -8.7255950E-07   5.9889569E-06  -6.5342897E-07   6.7948558E-05   2.4901415E-06   5.1983195E-06  -3.2934580E-06   3.1607505E-06  -3.7731136E-08   4.7493881E-09  -1.0060567E-07  -5.6567683E-07
  1.1937874E-08  -7.4727747E-08   9.0019858E-08   2.1021623E-07   2.0970443E-06   3.8133788E-07   2.7716565E-07   1.8470206E-08   1.1141687E-04  -2.6526923E-05  -6.5348438E-05   2.5575378E-05  -2.0185216E-05   6.9613420E-08  -8.7574369E-07   1.3983408E-07   7.9689686E-06  -2.9575270E-07  -6.9159969E-07  -1.9025888E-07  -3.3871622E-07  -1.5643273E-10   1.4210914E-08  -2.8293521E-08   4.0569654E-08
  2.2314776E-07  -2.3647032E-06   2.1021623E-07   4.0179311E-05   4.1172329E-05   7.2511970E-05   8.4888450E-06  -7.3108084E-07  -1.1614270E-02  -4.8165360E-03   2.0219880E-03  -3.1559019E-03   1.6515345E-04  -2.7101834E-06  -4.6655734E-05   7.8448119E-06  -2.5907316E-04  -3.3878672E-06  -3.1196481E-05   2.5024293E-05   3.5695376E-06  -9.7225467E-08  -3.6389499E-08  -2.8432730E-06  -2.5373185E-06
  1.1769165E-06  -1.5519553E-05   2.0970443E-06   4.1172329E-05   8.4013959E-04   6.3506315E-05   3.9091172E-05   6.6933868E-06  -9.7681627E-03  -1.1197753E-02   1.3702557E-02  -1.0084534E-02   7.2322272E-04   5.5944768E-05  -1.3694327E-04   1.2216762E-05  -2.0115226E-03  -9.8726940E-05  -1.7021349E-04   1.0264148E-04  -5.4199373E-05   8.1088995E-07   1.8942979E-07   8.3568474E-07   8.3671785E-06
  4.1240654E-07  -3.0043027E-06   3.8133788E-07   7.2511970E-05   6.3506315E-05   1.5922199E-04   1.0841684E-05   9.6356469E-06  -1.7826396E-02  -6.3807617E-03   1.1490150E-02  -6.8261958E-03   5.1733276E-04   2.8058891E-05  -1.3540847E-04   5.7934104E-05  -1.3748932E-03  -3.1508575E-05  -1.4652334E-04   5.5404601E-05  -1.3424515E-05   4.0691714E-07  -2.9178819E-07  -5.6728207E-06  -3.1281430E-06
  2.0198822E-07  -2.3843414E-06   2.7716565E-07   8.4888450E-06   3.9091172E-05   1.0841684E-05   1.5592093E-05   5.5532054E-07  -2.0359726E-02  -7.5383111E-03   7.4840859E-03  -5.5257796E-03   4.5721096E-04   4.5080627E-05  -9.0587636E-05   3.4981804E-05  -1.9837567E-03   6.0577820E-06  -2.6380927E-05   3.4915034E-05  -1.3545904E-05  -2.5938216E-07  -1.4424411E-07  -3.2129718E-07  -3.3567454E-06
  1.7621593E-08  -3.0424232E-07   1.8470206E-08  -7.3108084E-07   6.6933868E-06   9.6356469E-06   5.5532054E-07   5.8679417E-06   2.8203384E-03   6.0329031E-04   1.5196472E-03   4.4201231E-04   9.5962717E-05   2.4083012E-06  -2.3179167E-06   8.7123513E-08  -6.0140006E-05  -9.6615949E-06  -3.0716456E-06   2.2289309E-06  -5.3164120E-06   4.4431318E-08  -1.0805633E-07  -1.0082212E-07   2.6099001E-07
 -3.6173843E-04   3.3218847E-04   1.1141687E-04  -1.1614270E-02  -9.7681627E-03  -1.7826396E-02  -2.0359726E-02   2.8203384E-03   6.2377982E+02   6.1763029E+01  -5.5918780E+01   3.0032749E+01  -2.5479997E+01  -8.1862364E-01  -2.4716604E-01  -1.8062918E-01   9.9500382E+00  -1.8769364E-01   2.5135896E-01  -2.6046004E-01  -2.1426511E-01   6.7001689E-03   2.5791702E-03   2.3598125E-03   1.1008869E-02
 -2.6312553E-04   5.5438290E-04  -2.6526923E-05  -4.8165360E-03  -1.1197753E-02  -6.3807617E-03  -7.5383111E-03   6.0329031E-04   6.1763029E+01   6.7368293E+01   8.6596474E+00   7.2948701E+00  -3.2066149E-01   2.2988334E-04   4.7536647E-01   8.7188630E-01  -8.5863315E+00  -1.7850495E-03  -2.3980227E-01   3.7075302E-02   2.8267827E-02   1.0023137E-03   7.6899334E-04   2.5023848E-03   4.9161386E-03
  8.9187593E-05  -4.0095380E-04  -6.5348438E-05   2.0219880E-03   1.3702557E-02   1.1490150E-02   7.4840859E-03   1.5196472E-03  -5.5918780E+01   8.6596474E+00   1.7338532E+02  -8.1723936E+01   3.0154351E+00   3.3165694E-01  -1.0208634E+00   2.9222594E-01  -7.1183174E+00   6.1590193E-03  -2.5008300E-01   5.5074759E-01   1.0012016E-02   1.6312372E-03  -7.8349027E-03   3.4777946E-03   2.6909386E-03
 -1.2379153E-04   3.8547011E-04   2.5575378E-05  -3.1559019E-03  -1.0084534E-02  -6.8261958E-03  -5.5257796E-03   4.4201231E-04   3.0032749E+01   7.2948701E+00  -8.1723936E+01   5.1561355E+01   1.7490843E+00  -1.8704710E-02   7.1230393E-01  -2.3454114E-01  -3.2157099E+00  -1.6303640E-02   1.4669610E-01  -4.5649282E-01  -1.2491629E-01  -4.8713292E-04   3.0910409E-03  -6.9707235E-04   4.3714688E-04
  1.1725522E-05  -2.2933060E-05  -2.0185216E-05   1.6515345E-04   7.2322272E-04   5.1733276E-04   4.5721096E-04   9.5962717E-05  -2.5479997E+01  -3.2066149E-01   3.0154351E+00   1.7490843E+00   4.3718973E+00   1.1041500E-01   1.5305462E-01  -3.7987431E-02  -3.5476960E+00  -6.8477023E-03  -3.4624023E-03   5.4926952E-03   4.8680703E-02   4.5550564E-04  -2.3930800E-04  -1.5551226E-04  -3.1654686E-04
  7.4731655E-07  -8.7255950E-07   6.9613420E-08  -2.7101834E-06   5.5944768E-05   2.8058891E-05   4.5080627E-05   2.4083012E-06  -8.1862364E-01   2.2988334E-04   3.3165694E-01  -1.8704710E-02   1.1041500E-01   1.6610273E-02  -1.5966572E-02   1.0941185E-02  -1.1207620E-01  -1.5263555E-04  -8.5602716E-04  -3.0916183E-03   4.7564405E-03   1.6595035E-05  -4.1596941E-05   1.3820233E-05   2.3061416E-06
 -2.6171751E-06   5.9889569E-06  -8.7574369E-07  -4.6655734E-05  -1.3694327E-04  -1.3540847E-04  -9.0587636E-05  -2.3179167E-06  -2.4716604E-01   4.7536647E-01  -1.0208634E+00   7.1230393E-01   1.5305462E-01  -1.5966572E-02   6.7806753E-02   6.3481248E-03  -1.6398122E-01  -5.6486815E-04   6.5455695E-03   1.5079189E-04  -1.7253264E-02  -2.0855691E-06   1.0513670E-04   5.7680238E-06   1.6435609E-05
  8.4057113E-08  -6.5342897E-07   1.3983408E-07   7.8448119E-06   1.2216762E-05   5.7934104E-05   3.4981804E-05   8.7123513E-08  -1.8062918E-01   8.7188630E-01   2.9222594E-01  -2.3454114E-01  -3.7987431E-02   1.0941185E-02   6.3481248E-03   8.2157220E-02   4.9115214E-02   1.6951934E-04   1.0355466E-03   1.0232813E-03  -2.8740385E-04   1.8315114E-05  -1.0712689E-08   4.3805278E-05   2.6697208E-05
 -2.6984950E-05   6.7948558E-05   7.9689686E-06  -2.5907316E-04  -2.0115226E-03  -1.3748932E-03  -1.9837567E-03  -6.0140006E-05   9.9500382E+00  -8.5863315E+00  -7.1183174E+00  -3.2157099E+00  -3.5476960E+00  -1.1207620E-01  -1.6398122E-01   4.9115214E-02   7.5131655E+00   1.5453313E-03  -4.6042603E-03   5.1046350E-03  -3.6800245E-02  -3.8725749E-04   8.2910694E-05  -2.6839357E-04   4.9982071E-05
 -1.5693253E-07   2.4901415E-06  -2.9575270E-07  -3.3878672E-06  -9.8726940E-05  -3.1508575E-05   6.0577820E-06  -9.6615949E-06  -1.8769364E-01  -1.7850495E-03   6.1590193E-03  -1.6303640E-02  -6.8477023E-03  -1.5263555E-04  -5.6486815E-04   1.6951934E-04   1.5453313E-03   3.8777342E-02   2.1595159E-03   1.4564436E-04   7.0737778E-04   3.6024858E-05  -5.7115215E-06   6.4850077E-06  -2.6780934E-05
 -1.2625294E-07   5.1983195E-06  -6.9159969E-07  -3.1196481E-05  -1.7021349E-04  -1.4652334E-04  -2.6380927E-05  -3.0716456E-06   2.5135896E-01  -2.3980227E-01  -2.5008300E-01   1.4669610E-01  -3.4624023E-03  -8.5602716E-04   6.5455695E-03   1.0355466E-03  -4.6042603E-03   2.1595159E-03   3.0737330E-02  -8.3310958E-04   4.9214807E-03  -7.7639309E-05  -4.5435652E-05  -7.3309045E-05  -7.4426613E-05
  7.0264819E-07  -3.2934580E-06  -1.9025888E-07   2.5024293E-05   1.0264148E-04   5.5404601E-05   3.4915034E-05   2.2289309E-06  -2.6046004E-01   3.7075302E-02   5.5074759E-01  -4.5649282E-01   5.4926952E-03  -3.0916183E-03   1.5079189E-04   1.0232813E-03   5.1046350E-03   1.4564436E-04  -8.3310958E-04   1.0701100E-02   8.0363566E-03   4.9083958E-06   6.2978919E-05  -3.3066205E-06  -6.0612605E-06
 -1.0981915E-07   3.1607505E-06  -3.3871622E-07   3.5695376E-06  -5.4199373E-05  -1.3424515E-05  -1.3545904E-05  -5.3164120E-06  -2.1426511E-01   2.8267827E-02   1.0012016E-02  -1.2491629E-01   4.8680703E-02   4.7564405E-03  -1.7253264E-02  -2.8740385E-04  -3.6800245E-02   7.0737778E-04   4.9214807E-03   8.0363566E-03   2.4555244E-02  -4.1704760E-06   5.3206565E-05  -4.1926660E-05  -3.4755108E-05
  3.5302663E-09  -3.7731136E-08  -1.5643273E-10  -9.7225467E-08   8.1088995E-07   4.0691714E-07  -2.5938216E-07   4.4431318E-08   6.7001689E-03   1.0023137E-03   1.6312372E-03  -4.8713292E-04   4.5550564E-04   1.6595035E-05  -2.0855691E-06   1.8315114E-05  -3.8725749E-04   3.6024858E-05  -7.7639309E-05   4.9083958E-06  -4.1704760E-06   1.0807976E-06   8.5311756E-08   3.3946698E-07   5.8093788E-07
 -6.0070365E-09   4.7493881E-09   1.4210914E-08  -3.6389499E-08   1.8942979E-07  -2.9178819E-07  -1.4424411E-07  -1.0805633E-07   2.5791702E-03   7.6899334E-04  -7.8349027E-03   3.0910409E-03  -2.3930800E-04  -4.1596941E-05   1.0513670E-04  -1.0712689E-08   8.2910694E-05  -5.7115215E-06  -4.5435652E-05   6.2978919E-05   5.3206565E-05   8.5311756E-08   2.4791170E-06   1.8926628E-07   2.4021361E-07
 -9.4550398E-08  -1.0060567E-07  -2.8293521E-08  -2.8432730E-06   8.3568474E-07  -5.6728207E-06  -3.2129718E-07  -1.0082212E-07   2.3598125E-03   2.5023848E-03   3.4777946E-03  -6.9707235E-04  -1.5551226E-04   1.3820233E-05   5.7680238E-06   4.3805278E-05  -2.6839357E-04   6.4850077E-06  -7.3309045E-05  -3.3066205E-06  -4.1926660E-05   3.3946698E-07   1.8926628E-07   2.3342515E-05   8.1122743E-06
 -2.6108946E-07  -5.6567683E-07   4.0569654E-08  -2.5373185E-06   8.3671785E-06  -3.1281430E-06  -3.3567454E-06   2.6099001E-07   1.1008869E-02   4.9161386E-03   2.6909386E-03   4.3714688E-04  -3.1654686E-04   2.3061416E-06   1.6435609E-05   2.6697208E-05   4.9982071E-05  -2.6780934E-05  -7.4426613E-05  -6.0612605E-06  -3.4755108E-05   5.8093788E-07   2.4021361E-07   8.1122743E-06   2.5746762E-05
