# omegabh2 omegach2 theta tau logA ns nrun calPlanck acib217 xi asz143 aps100 aps143 aps143217 aps217 aksz kgal100 kgal143 kgal143217 kgal217 cal0 cal2
  4.5957222E-08  -4.2118507E-08   2.5438235E-08   3.7455639E-07   9.2136201E-07   1.3855740E-07  -6.5943532E-07   7.2760295E-09  -4.8409639E-05   1.1073240E-06   2.2820701E-05  -2.9588667E-04  -2.7133928E-04  -1.4189594E-04  -9.5800670E-05  -9.1981529E-06   1.8701706E-05  -2.2839190E-06   3.9536070E-06   1.2781346E-05   3.1734726E-09  -3.4757761E-09
 -4.2118507E-08   1.5119523E-06  -5.2405088E-08  -9.3259347E-07   1.9405268E-06  -3.4827983E-06  -1.1984773E-06  -1.2674406E-07   2.9707727E-04  -2.5043191E-06  -5.7476251E-05   9.4302534E-04   8.4751934E-04   3.7436291E-04   8.6116920E-05   2.8607881E-05   2.2894167E-05  -2.2277371E-06   4.4675035E-05  -5.6679082E-05   7.6108188E-09   1.6567733E-08
  2.5438235E-08  -5.2405088E-08   1.7843661E-07   2.8667645E-07   6.7227415E-07   3.8611153E-07  -1.4768694E-07  -1.4838067E-09  -4.2118758E-05  -5.6541447E-07   1.1670513E-05  -5.3224842E-04  -1.3911516E-04  -1.1113664E-04  -3.8892953E-05   1.5421197E-05   3.3410928E-05  -1.8779558E-07   1.3132946E-05   2.9351781E-05   6.0176408E-10   2.4105936E-10
  3.7455639E-07  -9.3259347E-07   2.8667645E-07   5.1805225E-05   1.0317927E-04   4.3612706E-06  -1.0928258E-05  -3.8050500E-07  -1.2467676E-03  -2.3601760E-05   3.4804981E-04  -7.9610660E-03  -2.3822275E-03  -1.4724576E-03  -2.0820245E-04  -4.4456143E-04  -7.7503547E-06  -2.8428715E-04   1.2581898E-04   6.6354626E-04  -4.5177012E-08  -1.0561828E-07
  9.2136201E-07   1.9405268E-06   6.7227415E-07   1.0317927E-04   2.4833773E-04  -3.3003291E-06  -3.7509137E-05   1.1958370E-05  -5.4096128E-04  -4.2226433E-05   2.0310094E-04  -4.5465346E-03   1.9492838E-03   1.3311170E-03   5.3182157E-03  -1.0366013E-03  -4.6925100E-04  -1.2398534E-03  -2.9497144E-04   1.8414128E-03   1.7318643E-07  -1.8925285E-07
  1.3855740E-07  -3.4827983E-06   3.8611153E-07   4.3612706E-06  -3.3003291E-06   1.9875559E-05   1.0214712E-05   3.0611161E-07  -6.6705894E-03   1.2431986E-04   1.2697575E-03  -3.0374223E-02  -9.9898523E-03   8.0216216E-04   5.9199642E-03  -2.7703591E-03   3.5312657E-04  -4.4087375E-04  -5.0840737E-04   2.1562164E-03  -1.3248648E-07  -1.0908320E-07
 -6.5943532E-07  -1.1984773E-06  -1.4768694E-07  -1.0928258E-05  -3.7509137E-05   1.0214712E-05   5.5093183E-05   1.6358056E-07  -7.5163890E-03   1.7628034E-04   1.8100675E-03  -3.3371457E-02  -1.3722229E-02   3.7542890E-04   5.8827984E-03  -3.4134590E-03  -5.2174996E-04  -5.9989673E-04  -7.7516016E-04   1.7976163E-03  -1.1418366E-07  -1.0657375E-07
  7.2760295E-09  -1.2674406E-07  -1.4838067E-09  -3.8050500E-07   1.1958370E-05   3.0611161E-07   1.6358056E-07   6.4020563E-06   5.2716621E-04   3.4038104E-06  -4.3315036E-05   3.2883426E-03   6.6532498E-04   6.2079330E-04   1.7685698E-03  -8.3205275E-06  -1.4894551E-04  -9.8149664E-05  -2.0314730E-04   5.2245965E-04   1.4907289E-08  -9.3899634E-09
 -4.8409639E-05   2.9707727E-04  -4.2118758E-05  -1.2467676E-03  -5.4096128E-04  -6.6705894E-03  -7.5163890E-03   5.2716621E-04   4.5931226E+01  -4.0687035E-01  -9.8062250E-01   3.7914088E+01   4.3342271E+00  -1.2261368E+01  -5.5431205E+01   1.6078283E-01   2.0454147E-01   8.1714401E-01  -5.6443889E+00  -3.3607766E+01  -2.4019903E-04   7.0286514E-04
  1.1073240E-06  -2.5043191E-06  -5.6541447E-07  -2.3601760E-05  -4.2226433E-05   1.2431986E-04   1.7628034E-04   3.4038104E-06  -4.0687035E-01   8.0785964E-02  -3.1834839E-02  -6.4124574E-01   8.1043399E-01   1.6019781E+00   6.1355031E-01   3.0243603E-02  -2.0337243E-02   1.3979349E-02   1.1177826E-01   1.6116543E-01   6.2725449E-06   9.6831694E-08
  2.2820701E-05  -5.7476251E-05   1.1670513E-05   3.4804981E-04   2.0310094E-04   1.2697575E-03   1.8100675E-03  -4.3315036E-05  -9.8062250E-01  -3.1834839E-02   4.2536017E+00  -3.4537897E+01  -3.6539567E+00   8.6880544E+00   5.9450488E+00  -3.2388234E+00  -1.5047394E-01   1.6199627E-01   2.8500351E+00   3.5957709E+00   1.2128244E-04  -3.3238969E-05
 -2.9588667E-04   9.4302534E-04  -5.3224842E-04  -7.9610660E-03  -4.5465346E-03  -3.0374223E-02  -3.3371457E-02   3.2883426E-03   3.7914088E+01  -6.4124574E-01  -3.4537897E+01   8.1454695E+02   7.6699247E+01  -6.1271189E+01  -6.3641818E+01   1.9100088E+01  -6.2506849E+00   6.2256723E+00  -1.3666908E+01  -2.7461410E+01   3.6061096E-03   2.4952539E-04
 -2.7133928E-04   8.4751934E-04  -1.3911516E-04  -2.3822275E-03   1.9492838E-03  -9.9898523E-03  -1.3722229E-02   6.6532498E-04   4.3342271E+00   8.1043399E-01  -3.6539567E+00   7.6699247E+01   6.6821950E+01   4.0580623E+01   1.4746815E+01  -4.4600038E+00  -4.7818178E-01  -1.4444317E+00   3.5520721E+00   3.4431910E+00   2.9117802E-04   1.5403072E-04
 -1.4189594E-04   3.7436291E-04  -1.1113664E-04  -1.4724576E-03   1.3311170E-03   8.0216216E-04   3.7542890E-04   6.2079330E-04  -1.2261368E+01   1.6019781E+00   8.6880544E+00  -6.1271189E+01   4.0580623E+01   8.6873330E+01   5.4731370E+01  -1.3460406E+01  -1.0602362E+00  -6.6827207E-01   5.5210191E+00   8.8176777E+00   6.2783714E-04  -3.0282412E-04
 -9.5800670E-05   8.6116920E-05  -3.8892953E-05  -2.0820245E-04   5.3182157E-03   5.9199642E-03   5.8827984E-03   1.7685698E-03  -5.5431205E+01   6.1355031E-01   5.9450488E+00  -6.3641818E+01   1.4746815E+01   5.4731370E+01   1.0561562E+02  -1.0513863E+01  -8.3056973E-01  -1.4996853E+00   5.7379151E+00   3.3895419E+01   6.7115909E-04  -1.2651957E-03
 -9.1981529E-06   2.8607881E-05   1.5421197E-05  -4.4456143E-04  -1.0366013E-03  -2.7703591E-03  -3.4134590E-03  -8.3205275E-06   1.6078283E-01   3.0243603E-02  -3.2388234E+00   1.9100088E+01  -4.4600038E+00  -1.3460406E+01  -1.0513863E+01   6.8393809E+00   9.3980834E-02  -1.2243497E-01  -2.1904056E+00  -2.5103670E+00  -1.4333717E-04   8.6673411E-06
  1.8701706E-05   2.2894167E-05   3.3410928E-05  -7.7503547E-06  -4.6925100E-04   3.5312657E-04  -5.2174996E-04  -1.4894551E-04   2.0454147E-01  -2.0337243E-02  -1.5047394E-01  -6.2506849E+00  -4.7818178E-01  -1.0602362E+00  -8.3056973E-01   9.3980834E-02   3.2849389E+00   5.9621166E-01   3.0140438E-01   2.6367649E-01   1.4965780E-04  -3.1553905E-06
 -2.2839190E-06  -2.2277371E-06  -1.8779558E-07  -2.8428715E-04  -1.2398534E-03  -4.4087375E-04  -5.9989673E-04  -9.8149664E-05   8.1714401E-01   1.3979349E-02   1.6199627E-01   6.2256723E+00  -1.4444317E+00  -6.6827207E-01  -1.4996853E+00  -1.2243497E-01   5.9621166E-01   3.1979428E+00   2.7286119E+00   2.4324225E+00  -1.8892199E-04  -3.9138569E-05
  3.9536070E-06   4.4675035E-05   1.3132946E-05   1.2581898E-04  -2.9497144E-04  -5.0840737E-04  -7.7516016E-04  -2.0314730E-04  -5.6443889E+00   1.1177826E-01   2.8500351E+00  -1.3666908E+01   3.5520721E+00   5.5210191E+00   5.7379151E+00  -2.1904056E+00   3.0140438E-01   2.7286119E+00   1.1130107E+01   1.9497656E+01   2.1259906E-05   4.4552533E-04
  1.2781346E-05  -5.6679082E-05   2.9351781E-05   6.6354626E-04   1.8414128E-03   2.1562164E-03   1.7976163E-03   5.2245965E-04  -3.3607766E+01   1.6116543E-01   3.5957709E+00  -2.7461410E+01   3.4431910E+00   8.8176777E+00   3.3895419E+01  -2.5103670E+00   2.6367649E-01   2.4324225E+00   1.9497656E+01   5.3627093E+01   1.4158636E-04   9.8726004E-04
  3.1734726E-09   7.6108188E-09   6.0176408E-10  -4.5177012E-08   1.7318643E-07  -1.3248648E-07  -1.1418366E-07   1.4907289E-08  -2.4019903E-04   6.2725449E-06   1.2128244E-04   3.6061096E-03   2.9117802E-04   6.2783714E-04   6.7115909E-04  -1.4333717E-04   1.4965780E-04  -1.8892199E-04   2.1259906E-05   1.4158636E-04   3.7036723E-07  -9.5417070E-10
 -3.4757761E-09   1.6567733E-08   2.4105936E-10  -1.0561828E-07  -1.8925285E-07  -1.0908320E-07  -1.0657375E-07  -9.3899634E-09   7.0286514E-04   9.6831694E-08  -3.3238969E-05   2.4952539E-04   1.5403072E-04  -3.0282412E-04  -1.2651957E-03   8.6673411E-06  -3.1553905E-06  -3.9138569E-05   4.4552533E-04   9.8726004E-04  -9.5417070E-10   3.9576557E-07
