# omegabh2 omegach2 theta tau meffsterile nnu logA ns calPlanck aps100 aps143 aps217 acib217 asz143 psr cibr xi aksz dust100 dust143 dust217 dust143x217 cal0 cal2 calTE calEE
  2.8602303E-08  -2.0072731E-08   7.6230766E-09   2.2390729E-07   1.5680063E-06   5.5491852E-06   4.9912548E-07   4.6813720E-07   2.9126716E-08  -2.2542105E-04  -1.8922068E-04   5.9838269E-05  -8.4584872E-05   1.3563002E-05   5.3788663E-07  -1.1996703E-06   7.5864187E-07  -2.0035373E-05   3.1505180E-07  -3.0494937E-07   4.9377432E-07  -2.7821597E-07   5.3254003E-09  -9.2473403E-11  -5.3233567E-08  -1.8013951E-07
 -2.0072731E-08   1.1811085E-05  -6.6386358E-07  -1.1215276E-06  -4.8615943E-04   2.4180006E-04   1.0929754E-05   6.0076524E-06  -2.4546271E-07   8.2519835E-03   4.2368300E-03  -1.7872767E-03   2.1034017E-03  -3.5096946E-04  -1.5821730E-05   2.8329455E-05  -7.8738386E-06   6.5787899E-04  -2.9043283E-06   9.0777306E-06  -1.0108161E-05   3.8744607E-06   3.2242803E-08   1.8910310E-07   1.9540923E-06   3.7352298E-06
  7.6230766E-09  -6.6386358E-07   1.3082803E-07   1.0227956E-07   9.0409243E-06  -1.9934376E-05  -7.9965670E-07  -1.6979801E-07   2.0656655E-09  -6.3004413E-04  -4.1521608E-04   5.3229879E-05  -1.8085780E-04   2.2602424E-05   7.5433414E-07  -2.6484576E-06   1.2336647E-06  -4.1166626E-05  -2.2544790E-07  -2.9148135E-07   1.0028405E-06   1.0799659E-08  -9.2144876E-12  -1.6586137E-08  -2.0263712E-07  -2.3746240E-07
  2.2390729E-07  -1.1215276E-06   1.0227956E-07   4.6676917E-05  -1.3004916E-05   4.9425777E-05   8.9780161E-05   8.8043774E-06  -3.6344948E-07  -7.7664388E-03  -3.9060537E-03   2.4550827E-03  -2.3217199E-03   3.4799750E-04   9.0096529E-06  -1.0948569E-05   5.4084962E-06  -6.9839035E-04   2.8051429E-06  -1.3110037E-05   1.3919167E-05  -1.2575209E-05  -1.2587796E-08  -1.0434973E-07  -2.5248593E-06  -1.2006476E-06
  1.5680063E-06  -4.8615943E-04   9.0409243E-06  -1.3004916E-05   5.6521016E-02   1.2090269E-05  -8.8269023E-05  -5.4100049E-04   1.0152106E-05   7.3790562E-02   1.6243746E-01   3.9078977E-02   4.9059452E-02   4.4008910E-04   5.5599376E-04   1.4154032E-03   9.3250361E-04   2.2169489E-03   6.9594015E-04   1.3269908E-04  -1.4851885E-05   1.4424272E-04  -4.7103435E-06   1.0657769E-05  -3.6737488E-05  -1.2804962E-04
  5.5491852E-06   2.4180006E-04  -1.9934376E-05   4.9425777E-05   1.2090269E-05   1.1631813E-02   5.0582769E-04   3.3619760E-04   4.1730976E-06   3.6803926E-01   2.0942610E-01  -5.4403862E-02   9.4733711E-02  -1.2517900E-02  -5.3665440E-04   1.7826277E-03   2.7355393E-05   2.6284293E-02   2.3532812E-04   4.1501868E-04  -3.6706058E-04   8.3229560E-05   1.2529856E-06   1.0989062E-05   9.3890223E-05   1.6098265E-04
  4.9912548E-07   1.0929754E-05  -7.9965670E-07   8.9780161E-05  -8.8269023E-05   5.0582769E-04   2.2688375E-04   1.9018955E-05   1.2281469E-05  -1.7309117E-03   2.7940055E-03   1.2782006E-02  -2.9700348E-03   5.0733061E-04   3.6847799E-05  -1.2119883E-05   5.0405372E-05  -1.6343995E-03  -1.1028464E-05  -1.1440328E-04   4.9555472E-05  -2.3593403E-05   6.2677000E-07   1.4663858E-07  -2.6215852E-06   3.1986235E-06
  4.6813720E-07   6.0076524E-06  -1.6979801E-07   8.8043774E-06  -5.4100049E-04   3.3619760E-04   1.9018955E-05   3.7597928E-05   7.6249394E-07  -1.3385602E-02  -4.4411895E-03   6.9421901E-03  -4.3196054E-03   4.3262961E-04   2.9985422E-05  -5.4404020E-05   3.9092753E-05  -1.3735034E-03   3.0831200E-05  -1.7888600E-05   2.5552736E-05  -1.2621579E-05  -1.0159367E-07  -2.1198035E-07   2.9826438E-06   3.8910879E-06
  2.9126716E-08  -2.4546271E-07   2.0656655E-09  -3.6344948E-07   1.0152106E-05   4.1730976E-06   1.2281469E-05   7.6249394E-07   6.5771301E-06   1.1406528E-03   4.4577686E-04   2.1641659E-03   1.4693376E-04   1.4769375E-04   1.8498151E-06   4.2313262E-06  -2.9563477E-06  -1.8131738E-04   1.7444042E-06  -2.3524509E-06   1.2472156E-05  -7.2230108E-07   1.0196253E-08  -3.6534061E-08  -2.9270868E-07  -3.6484067E-07
 -2.2542105E-04   8.2519835E-03  -6.3004413E-04  -7.7664388E-03   7.3790562E-02   3.6803926E-01  -1.7309117E-03  -1.3385602E-02   1.1406528E-03   6.2466320E+02   6.8875162E+01  -6.2843558E+01   3.5578397E+01  -2.5843499E+01  -8.5014388E-01   4.6436097E-02  -1.3533918E-01   1.1671282E+01  -1.6929959E-01   3.2444827E-01  -2.7761500E-01  -2.4530146E-01   6.5071002E-03   3.0123055E-03   5.2820096E-03   1.3584755E-02
 -1.8922068E-04   4.2368300E-03  -4.1521608E-04  -3.9060537E-03   1.6243746E-01   2.0942610E-01   2.7940055E-03  -4.4411895E-03   4.4577686E-04   6.8875162E+01   7.0368039E+01   7.1469641E+00   8.5603626E+00  -9.2673888E-01  -1.6574949E-02   4.7336302E-01   8.8456564E-01  -7.3087931E+00  -4.6751696E-02  -2.2091183E-01   3.7021514E-02   4.6696119E-02   8.3357968E-04   8.9074960E-04   3.9845199E-03   8.0744428E-03
  5.9838269E-05  -1.7872767E-03   5.3229879E-05   2.4550827E-03   3.9078977E-02  -5.4403862E-02   1.2782006E-02   6.9421901E-03   2.1641659E-03  -6.2843558E+01   7.1469641E+00   1.7961188E+02  -8.5281116E+01   3.0788050E+00   3.5273298E-01  -1.0457604E+00   3.4493007E-01  -7.5439286E+00  -3.6641735E-02  -2.8834837E-01   5.5519490E-01   1.0426308E-03   1.8707298E-03  -8.2630872E-03   4.9280933E-04   1.5281796E-03
 -8.4584872E-05   2.1034017E-03  -1.8085780E-04  -2.3217199E-03   4.9059452E-02   9.4733711E-02  -2.9700348E-03  -4.3196054E-03   1.4693376E-04   3.5578397E+01   8.5603626E+00  -8.5281116E+01   5.3524317E+01   1.4475156E+00  -5.8302144E-02   7.3678032E-01  -2.5964253E-01  -2.4785839E+00   2.1527168E-02   1.8072506E-01  -4.5174837E-01  -1.2035038E-01  -5.8631966E-04   3.4765790E-03   9.7983664E-04   1.7191765E-03
  1.3563002E-05  -3.5096946E-04   2.2602424E-05   3.4799750E-04   4.4008910E-04  -1.2517900E-02   5.0733061E-04   4.3262961E-04   1.4769375E-04  -2.5843499E+01  -9.2673888E-01   3.0788050E+00   1.4475156E+00   4.3519725E+00   9.9065464E-02   1.4354607E-01  -4.4776893E-02  -3.6027230E+00  -7.0375533E-03  -3.7356839E-03   1.0141596E-02   5.3605174E-02   4.6206373E-04  -2.1463930E-04  -1.6528179E-04  -4.3539741E-04
  5.3788663E-07  -1.5821730E-05   7.5433414E-07   9.0096529E-06   5.5599376E-04  -5.3665440E-04   3.6847799E-05   2.9985422E-05   1.8498151E-06  -8.5014388E-01  -1.6574949E-02   3.5273298E-01  -5.8302144E-02   9.9065464E-02   1.5505150E-02  -1.6053730E-02   1.1763969E-02  -1.0040254E-01  -1.5345792E-04  -1.3030907E-03  -2.4695560E-03   5.1949500E-03   1.7999720E-05  -3.7399755E-05  -3.2950853E-06  -4.2592196E-06
 -1.1996703E-06   2.8329455E-05  -2.6484576E-06  -1.0948569E-05   1.4154032E-03   1.7826277E-03  -1.2119883E-05  -5.4404020E-05   4.2313262E-06   4.6436097E-02   4.7336302E-01  -1.0457604E+00   7.3678032E-01   1.4354607E-01  -1.6053730E-02   6.4824558E-02   3.8810564E-03  -1.5094243E-01   2.7850143E-04   6.6394441E-03  -2.4102719E-04  -1.7467115E-02  -5.8967228E-06   1.0393485E-04   9.9524768E-06   2.9152132E-05
  7.5864187E-07  -7.8738386E-06   1.2336647E-06   5.4084962E-06   9.3250361E-04   2.7355393E-05   5.0405372E-05   3.9092753E-05  -2.9563477E-06  -1.3533918E-01   8.8456564E-01   3.4493007E-01  -2.5964253E-01  -4.4776893E-02   1.1763969E-02   3.8810564E-03   8.2591962E-02   4.9019924E-02  -5.8005070E-04  -8.0942756E-04   1.0725471E-03   5.9195937E-04   1.7016980E-05  -2.1550337E-06  -3.3164132E-06   3.3295694E-05
 -2.0035373E-05   6.5787899E-04  -4.1166626E-05  -6.9839035E-04   2.2169489E-03   2.6284293E-02  -1.6343995E-03  -1.3735034E-03  -1.8131738E-04   1.1671282E+01  -7.3087931E+00  -7.5439286E+00  -2.4785839E+00  -3.6027230E+00  -1.0040254E-01  -1.5094243E-01   4.9019924E-02   7.4520035E+00   2.4665286E-03  -5.5737934E-03  -3.8231883E-03  -4.5380990E-02  -4.1172322E-04   1.1126587E-04  -6.5465440E-05   1.7744812E-04
  3.1505180E-07  -2.9043283E-06  -2.2544790E-07   2.8051429E-06   6.9594015E-04   2.3532812E-04  -1.1028464E-05   3.0831200E-05   1.7444042E-06  -1.6929959E-01  -4.6751696E-02  -3.6641735E-02   2.1527168E-02  -7.0375533E-03  -1.5345792E-04   2.7850143E-04  -5.8005070E-04   2.4665286E-03   3.8161024E-02   3.3745058E-03  -2.8216173E-04   9.3154400E-05   3.2151602E-05  -2.4465246E-06  -2.5276448E-05  -2.1162228E-05
 -3.0494937E-07   9.0777306E-06  -2.9148135E-07  -1.3110037E-05   1.3269908E-04   4.1501868E-04  -1.1440328E-04  -1.7888600E-05  -2.3524509E-06   3.2444827E-01  -2.2091183E-01  -2.8834837E-01   1.8072506E-01  -3.7356839E-03  -1.3030907E-03   6.6394441E-03  -8.0942756E-04  -5.5737934E-03   3.3745058E-03   3.0404511E-02  -8.7933047E-04   5.0521035E-03  -7.6831094E-05  -4.0876060E-05  -7.8516823E-05  -7.6197442E-05
  4.9377432E-07  -1.0108161E-05   1.0028405E-06   1.3919167E-05  -1.4851885E-05  -3.6706058E-04   4.9555472E-05   2.5552736E-05   1.2472156E-05  -2.7761500E-01   3.7021514E-02   5.5519490E-01  -4.5174837E-01   1.0141596E-02  -2.4695560E-03  -2.4102719E-04   1.0725471E-03  -3.8231883E-03  -2.8216173E-04  -8.7933047E-04   1.0531900E-02   8.3797047E-03   2.8733741E-06   5.9908495E-05  -1.9547770E-06  -1.0439330E-05
 -2.7821597E-07   3.8744607E-06   1.0799659E-08  -1.2575209E-05   1.4424272E-04   8.3229560E-05  -2.3593403E-05  -1.2621579E-05  -7.2230108E-07  -2.4530146E-01   4.6696119E-02   1.0426308E-03  -1.2035038E-01   5.3605174E-02   5.1949500E-03  -1.7467115E-02   5.9195937E-04  -4.5380990E-02   9.3154400E-05   5.0521035E-03   8.3797047E-03   2.6181912E-02  -4.0170965E-06   5.4725204E-05  -1.1628125E-05  -9.0493231E-06
  5.3254003E-09   3.2242803E-08  -9.2144876E-12  -1.2587796E-08  -4.7103435E-06   1.2529856E-06   6.2677000E-07  -1.0159367E-07   1.0196253E-08   6.5071002E-03   8.3357968E-04   1.8707298E-03  -5.8631966E-04   4.6206373E-04   1.7999720E-05  -5.8967228E-06   1.7016980E-05  -4.1172322E-04   3.2151602E-05  -7.6831094E-05   2.8733741E-06  -4.0170965E-06   1.0935406E-06   2.1493683E-08   3.6886568E-07   6.8414065E-07
 -9.2473403E-11   1.8910310E-07  -1.6586137E-08  -1.0434973E-07   1.0657769E-05   1.0989062E-05   1.4663858E-07  -2.1198035E-07  -3.6534061E-08   3.0123055E-03   8.9074960E-04  -8.2630872E-03   3.4765790E-03  -2.1463930E-04  -3.7399755E-05   1.0393485E-04  -2.1550337E-06   1.1126587E-04  -2.4465246E-06  -4.0876060E-05   5.9908495E-05   5.4725204E-05   2.1493683E-08   2.5050126E-06   4.0960991E-07   2.6148988E-07
 -5.3233567E-08   1.9540923E-06  -2.0263712E-07  -2.5248593E-06  -3.6737488E-05   9.3890223E-05  -2.6215852E-06   2.9826438E-06  -2.9270868E-07   5.2820096E-03   3.9845199E-03   4.9280933E-04   9.7983664E-04  -1.6528179E-04  -3.2950853E-06   9.9524768E-06  -3.3164132E-06  -6.5465440E-05  -2.5276448E-05  -7.8516823E-05  -1.9547770E-06  -1.1628125E-05   3.6886568E-07   4.0960991E-07   2.5023145E-05   9.7108987E-06
 -1.8013951E-07   3.7352298E-06  -2.3746240E-07  -1.2006476E-06  -1.2804962E-04   1.6098265E-04   3.1986235E-06   3.8910879E-06  -3.6484067E-07   1.3584755E-02   8.0744428E-03   1.5281796E-03   1.7191765E-03  -4.3539741E-04  -4.2592196E-06   2.9152132E-05   3.3295694E-05   1.7744812E-04  -2.1162228E-05  -7.6197442E-05  -1.0439330E-05  -9.0493231E-06   6.8414065E-07   2.6148988E-07   9.7108987E-06   2.6811573E-05
