# omegabh2 omegach2 theta tau nnu yhe logA ns calPlanck acib217 xi asz143 aps100 aps143 aps143217 aps217 aksz kgal100 kgal143 kgal143217 kgal217 cal0 cal2
    0.1332396E-06    0.5002492E-06    0.6046183E-08    0.4808416E-05    0.7585084E-04    0.1941125E-05    0.1148462E-04    0.4693590E-05    0.3120446E-07    0.1541170E-03   -0.3807080E-05   -0.3092596E-04    0.8110678E-03    0.1921293E-03   -0.2426945E-04   -0.1271428E-03    0.7513796E-04    0.2265183E-04    0.1049757E-04    0.1405178E-04    0.5921086E-05    0.6804430E-08    0.2947478E-07
    0.5002492E-06    0.4971580E-04   -0.1184167E-04    0.9654544E-05    0.3416950E-02   -0.1645004E-03    0.9541062E-04    0.3796805E-04   -0.2537828E-06   -0.1098269E-02   -0.2698983E-05   -0.1555102E-03    0.3868108E-02   -0.5182449E-02   -0.4565364E-02   -0.2606914E-02   -0.8826211E-04   -0.1255269E-04    0.9943384E-04   -0.4223137E-03   -0.2588854E-03    0.1608263E-06   -0.8728531E-07
    0.6046183E-08   -0.1184167E-04    0.3431192E-05   -0.3963017E-06   -0.8160066E-03    0.5170714E-04   -0.1580505E-04   -0.4126080E-05    0.2604157E-07    0.1324214E-02   -0.1979367E-04   -0.2203519E-03    0.4039387E-02    0.3670538E-02    0.1680646E-02    0.4066949E-03    0.4556060E-03    0.4758143E-04   -0.1127806E-05    0.2266192E-03    0.7353045E-04   -0.3094611E-07    0.1620956E-06
    0.4808416E-05    0.9654544E-05   -0.3963017E-06    0.3903017E-03    0.3322240E-02    0.2552271E-04    0.8033664E-03    0.2175343E-03   -0.2063617E-05    0.1470607E-02   -0.1094656E-03    0.2801757E-04    0.3333925E-02   -0.3027570E-02   -0.3232859E-02   -0.4286793E-02    0.5882778E-03    0.1184299E-02    0.5463146E-03   -0.1239714E-02   -0.3026252E-02    0.1284146E-07   -0.4922349E-07
    0.7585084E-04    0.3416950E-02   -0.8160066E-03    0.3322240E-02    0.2612375E+00   -0.1107183E-01    0.1197881E-01    0.4463050E-02    0.7485506E-05   -0.6216507E-01   -0.9875626E-03   -0.1009985E-01    0.3411961E+00   -0.3725088E+00   -0.3371999E+00   -0.2011694E+00   -0.8072940E-04    0.6353827E-02    0.1072341E-01   -0.2740413E-01   -0.1928796E-01    0.1284040E-04   -0.4897783E-05
    0.1941125E-05   -0.1645004E-03    0.5170714E-04    0.2552271E-04   -0.1107183E-01    0.9204973E-03   -0.1085136E-03    0.3627127E-04   -0.2820467E-06    0.3585765E-01   -0.6326960E-03   -0.7309641E-02    0.1373057E+00    0.9232093E-01    0.3362520E-01    0.3342639E-02    0.1354833E-01    0.1376076E-02    0.8707672E-03    0.5583722E-02    0.9078060E-03   -0.5243760E-06    0.4381547E-05
    0.1148462E-04    0.9541062E-04   -0.1580505E-04    0.8033664E-03    0.1197881E-01   -0.1085136E-03    0.1822564E-02    0.5350104E-03    0.7384922E-05    0.9342733E-02   -0.2894394E-03   -0.2048433E-02    0.5687032E-01    0.7206270E-02   -0.4565789E-02   -0.8170841E-02    0.3448543E-02    0.2407897E-02    0.1098912E-02   -0.2267628E-02   -0.4654778E-02    0.5703599E-06    0.7914421E-06
    0.4693590E-05    0.3796805E-04   -0.4126080E-05    0.2175343E-03    0.4463050E-02    0.3627127E-04    0.5350104E-03    0.2282284E-03    0.9488455E-06    0.8170955E-02   -0.1929172E-03   -0.1906043E-02    0.3909358E-01    0.1835728E-01    0.5563952E-02    0.1569011E-03    0.3016960E-02    0.1421017E-02    0.7370228E-03    0.9769507E-03    0.1146090E-03   -0.3785812E-08    0.1233083E-05
    0.3120446E-07   -0.2537828E-06    0.2604157E-07   -0.2063617E-05    0.7485506E-05   -0.2820467E-06    0.7384922E-05    0.9488455E-06    0.5949662E-05    0.7968963E-03    0.1629678E-04    0.5214379E-04    0.3594238E-02    0.8178654E-03    0.9737851E-03    0.1200716E-02   -0.1047956E-03   -0.1158034E-04    0.4897877E-04    0.1247519E-03    0.8940651E-03    0.1840549E-08    0.2598111E-07
    0.1541170E-03   -0.1098269E-02    0.1324214E-02    0.1470607E-02   -0.6216507E-01    0.3585765E-01    0.9342733E-02    0.8170955E-02    0.7968963E-03    0.4418218E+02   -0.4619210E+00   -0.2457658E+01    0.5352606E+02    0.6748466E+01   -0.1829665E+02   -0.5893537E+02    0.1927476E+01   -0.8962918E-01    0.1566725E-01   -0.1849174E+01   -0.1774286E+02   -0.2614941E-03    0.4648420E-02
   -0.3807080E-05   -0.2698983E-05   -0.1979367E-04   -0.1094656E-03   -0.9875626E-03   -0.6326960E-03   -0.2894394E-03   -0.1929172E-03    0.1629678E-04   -0.4619210E+00    0.8254907E-01   -0.7855491E-01   -0.5225101E+00    0.8570035E+00    0.1717707E+01    0.6344578E+00    0.6134199E-01   -0.2742963E-02    0.2708835E-02    0.5099836E-01    0.1624456E-01    0.6406589E-05   -0.2191324E-04
   -0.3092596E-04   -0.1555102E-03   -0.2203519E-03    0.2801757E-04   -0.1009985E-01   -0.7309641E-02   -0.2048433E-02   -0.1906043E-02    0.5214379E-04   -0.2457658E+01   -0.7855491E-01    0.4020418E+01   -0.3376063E+02   -0.5372671E+01    0.7707525E+01    0.7464878E+01   -0.3147508E+01   -0.1490160E+00    0.2180428E-01    0.2444351E+01    0.2468970E+01    0.1800810E-03   -0.4065888E-03
    0.8110678E-03    0.3868108E-02    0.4039387E-02    0.3333925E-02    0.3411961E+00    0.1373057E+00    0.5687032E-01    0.3909358E-01    0.3594238E-02    0.5352606E+02   -0.5225101E+00   -0.3376063E+02    0.8505666E+03    0.1022457E+03   -0.5204209E+02   -0.7149486E+02    0.2014236E+02   -0.4292995E+01    0.2985885E+01   -0.1105010E+02   -0.1623271E+02    0.6395889E-02    0.5555721E-02
    0.1921293E-03   -0.5182449E-02    0.3670538E-02   -0.3027570E-02   -0.3725088E+00    0.9232093E-01    0.7206270E-02    0.1835728E-01    0.8178654E-03    0.6748466E+01    0.8570035E+00   -0.5372671E+01    0.1022457E+03    0.7709217E+02    0.4876839E+02    0.1882821E+02   -0.2109879E+01    0.1017809E+00   -0.8652440E+00    0.4503096E+01    0.3603722E+01    0.2436657E-03    0.8206175E-03
   -0.2426945E-04   -0.4565364E-02    0.1680646E-02   -0.3232859E-02   -0.3371999E+00    0.3362520E-01   -0.4565789E-02    0.5563952E-02    0.9737851E-03   -0.1829665E+02    0.1717707E+01    0.7707525E+01   -0.5204209E+02    0.4876839E+02    0.9950659E+02    0.6811175E+02   -0.1226409E+02   -0.2874999E+00   -0.3060506E+00    0.4980726E+01    0.4851350E+01    0.8317022E-03   -0.2383347E-02
   -0.1271428E-03   -0.2606914E-02    0.4066949E-03   -0.4286793E-02   -0.2011694E+00    0.3342639E-02   -0.8170841E-02    0.1569011E-03    0.1200716E-02   -0.5893537E+02    0.6344578E+00    0.7464878E+01   -0.7149486E+02    0.1882821E+02    0.6811175E+02    0.1219048E+03   -0.1193579E+02   -0.7616294E-02   -0.4548070E-01    0.3054566E+00    0.1453020E+02    0.7767650E-03   -0.7710057E-02
    0.7513796E-04   -0.8826211E-04    0.4556060E-03    0.5882778E-03   -0.8072940E-04    0.1354833E-01    0.3448543E-02    0.3016960E-02   -0.1047956E-03    0.1927476E+01    0.6134199E-01   -0.3147508E+01    0.2014236E+02   -0.2109879E+01   -0.1226409E+02   -0.1193579E+02    0.6859552E+01    0.1173409E-02   -0.8429882E-01   -0.2076358E+01   -0.2154333E+01   -0.1506573E-03    0.3320114E-03
    0.2265183E-04   -0.1255269E-04    0.4758143E-04    0.1184299E-02    0.6353827E-02    0.1376076E-02    0.2407897E-02    0.1421017E-02   -0.1158034E-04   -0.8962918E-01   -0.2742963E-02   -0.1490160E+00   -0.4292995E+01    0.1017809E+00   -0.2874999E+00   -0.7616294E-02    0.1173409E-02    0.3659257E+01    0.5015948E+00    0.2217678E+00    0.3116115E+00    0.2898759E-03    0.3190446E-04
    0.1049757E-04    0.9943384E-04   -0.1127806E-05    0.5463146E-03    0.1072341E-01    0.8707672E-03    0.1098912E-02    0.7370228E-03    0.4897877E-04    0.1566725E-01    0.2708835E-02    0.2180428E-01    0.2985885E+01   -0.8652440E+00   -0.3060506E+00   -0.4548070E-01   -0.8429882E-01    0.5015948E+00    0.3387662E+01    0.2542726E+01    0.1713254E+01   -0.2674196E-03   -0.2235915E-03
    0.1405178E-04   -0.4223137E-03    0.2266192E-03   -0.1239714E-02   -0.2740413E-01    0.5583722E-02   -0.2267628E-02    0.9769507E-03    0.1247519E-03   -0.1849174E+01    0.5099836E-01    0.2444351E+01   -0.1105010E+02    0.4503096E+01    0.4980726E+01    0.3054566E+00   -0.2076358E+01    0.2217678E+00    0.2542726E+01    0.1753346E+02    0.2652029E+02    0.2669879E-04    0.2631655E-02
    0.5921086E-05   -0.2588854E-03    0.7353045E-04   -0.3026252E-02   -0.1928796E-01    0.9078060E-03   -0.4654778E-02    0.1146090E-03    0.8940651E-03   -0.1774286E+02    0.1624456E-01    0.2468970E+01   -0.1623271E+02    0.3603722E+01    0.4851350E+01    0.1453020E+02   -0.2154333E+01    0.3116115E+00    0.1713254E+01    0.2652029E+02    0.5593309E+02    0.1157014E-03    0.4744749E-02
    0.6804430E-08    0.1608263E-06   -0.3094611E-07    0.1284146E-07    0.1284040E-04   -0.5243760E-06    0.5703599E-06   -0.3785812E-08    0.1840549E-08   -0.2614941E-03    0.6406589E-05    0.1800810E-03    0.6395889E-02    0.2436657E-03    0.8317022E-03    0.7767650E-03   -0.1506573E-03    0.2898759E-03   -0.2674196E-03    0.2669879E-04    0.1157014E-03    0.5963925E-06   -0.3492850E-08
    0.2947478E-07   -0.8728531E-07    0.1620956E-06   -0.4922349E-07   -0.4897783E-05    0.4381547E-05    0.7914421E-06    0.1233083E-05    0.2598111E-07    0.4648420E-02   -0.2191324E-04   -0.4065888E-03    0.5555721E-02    0.8206175E-03   -0.2383347E-02   -0.7710057E-02    0.3320114E-03    0.3190446E-04   -0.2235915E-03    0.2631655E-02    0.4744749E-02   -0.3492850E-08    0.2160928E-05
