# omegabh2 omegach2 theta tau nnu logA ns calPlanck aps100 aps143 aps217 acib217 asz143 psr cibr xi aksz dust100 dust143 dust217 dust143x217 cal0 cal2 calTE calEE
  3.3482443E-08   1.7607835E-07  -1.1619470E-08   2.8166474E-07   1.7761975E-05   1.0922426E-06   8.3154653E-07   2.2401592E-08   7.2106259E-05  -2.9003212E-06  -4.2320285E-05   2.1533745E-05   2.3573774E-06  -1.9535029E-07   9.9341923E-07   4.6566443E-07   1.8907703E-06   7.1932620E-07   6.3796450E-07   1.7128127E-07   1.1142436E-07   2.5294078E-09   5.1090877E-09   1.4636283E-08  -2.6903651E-08
  1.7607835E-07   9.4710078E-06  -9.1566485E-07  -1.7446575E-06   4.9664334E-04   1.8457234E-05   1.0847488E-05  -3.0730115E-07   1.3305287E-02   7.9499426E-03  -3.1894464E-03   4.2110284E-03  -3.3457459E-04  -2.8409969E-05   9.0901432E-05  -3.9236464E-05   8.7947754E-04  -2.8569503E-06   1.2701111E-05  -1.7622947E-05   1.3081721E-06   1.3018259E-08   3.3037519E-07   2.6300845E-06   5.4233177E-06
 -1.1619470E-08  -9.1566485E-07   1.7366081E-07   1.3530642E-07  -4.9908259E-05  -1.7983132E-06  -1.0533833E-06   1.6302786E-08  -1.2658021E-03  -8.2320033E-04   2.9562106E-04  -4.2504771E-04   2.7530410E-05   1.9160690E-06  -8.4674760E-06   2.2604428E-06  -7.8446027E-05   3.5770414E-07  -7.5009137E-07   2.2373756E-06  -5.1613184E-08  -4.6048743E-09  -2.7610969E-08  -3.0819939E-07  -5.5861191E-07
  2.8166474E-07  -1.7446575E-06   1.3530642E-07   6.4448079E-05   4.9624807E-05   1.2551758E-04   1.0239780E-05   2.8335320E-07  -6.2799282E-03  -3.5972128E-03   4.6904657E-03  -3.8597077E-03  -3.0365605E-05   1.6564931E-05  -6.7581067E-05   5.6236193E-05  -7.9794483E-04   6.0959473E-06  -3.4588144E-05   2.0756961E-05  -9.4048552E-06   2.0723526E-08  -2.6739603E-07  -3.4962551E-06  -1.5779201E-06
  1.7761975E-05   4.9664334E-04  -4.9908259E-05   4.9624807E-05   3.2223305E-02   1.2745266E-03   9.6450791E-04  -7.4459340E-06   8.3190992E-01   4.6634835E-01  -2.1440545E-01   2.5754286E-01  -2.1432056E-02  -1.8007416E-03   5.4464987E-03  -2.0597443E-03   5.6946376E-02   1.6412801E-04   1.1627838E-03  -9.7529784E-04   3.3760963E-04   1.6140303E-06   2.0292618E-05   1.9382008E-04   4.0200948E-04
  1.0922426E-06   1.8457234E-05  -1.7983132E-06   1.2551758E-04   1.2745266E-03   3.2548032E-04   4.5438525E-05   1.2847015E-05   2.4743688E-02   1.3693227E-02   1.2166748E-02  -3.8205993E-04  -8.2549228E-04  -6.3949968E-07   6.7464126E-06   8.7096503E-05  -5.1214278E-04  -2.0415194E-05  -1.4023374E-04   3.3413081E-05  -1.9324469E-05   8.2911741E-07  -3.0998597E-08  -1.1564214E-06   1.1973888E-05
  8.3154653E-07   1.0847488E-05  -1.0533833E-06   1.0239780E-05   9.6450791E-04   4.5438525E-05   4.7769827E-05   2.7794722E-07   2.6494820E-03   5.9579084E-03   1.5198464E-03   1.7228798E-03  -2.1212204E-04  -5.7585661E-06   5.9567618E-05   7.6581519E-06  -1.8285461E-05   2.6355032E-05   2.8676472E-05   5.0110175E-06   1.0741367E-05  -2.7870407E-07   2.7005468E-07   5.8381983E-06   9.6654112E-06
  2.2401592E-08  -3.0730115E-07   1.6302786E-08   2.8335320E-07  -7.4459340E-06   1.2847015E-05   2.7794722E-07   6.3950918E-06   2.8605407E-03   5.4223203E-04   2.5033852E-03  -1.4086268E-04   1.4389080E-05   2.0661970E-06  -7.2119581E-06   1.4425303E-05  -7.8917203E-05  -3.8316153E-06  -2.4182636E-06   1.0718843E-05   2.4010343E-06   3.7798500E-08  -1.5118605E-07  -4.6714361E-07  -2.6570051E-07
  7.2106259E-05   1.3305287E-02  -1.2658021E-03  -6.2799282E-03   8.3190992E-01   2.4743688E-02   2.6494820E-03   2.8605407E-03   6.2674380E+02   7.1167575E+01  -5.7026632E+01   3.3389495E+01  -2.5597327E+01  -8.0550575E-01  -6.2378100E-02  -2.1028513E-01   1.2402267E+01  -8.2429311E-02   2.8401502E-01  -2.3538431E-01  -1.7994191E-01   6.8269968E-03   3.3978674E-03   6.1924157E-03   1.8988264E-02
 -2.9003212E-06   7.9499426E-03  -8.2320033E-04  -3.5972128E-03   4.6634835E-01   1.3693227E-02   5.9579084E-03   5.4223203E-04   7.1167575E+01   7.2723968E+01   6.0540083E+00   9.5988935E+00  -8.7736898E-01  -1.5050801E-02   4.6756998E-01   8.2042330E-01  -7.1746097E+00  -1.7281500E-02  -1.9807330E-01   4.4039054E-02   8.8791245E-02   8.0545263E-04   9.1057411E-04   4.7921074E-03   1.1007885E-02
 -4.2320285E-05  -3.1894464E-03   2.9562106E-04   4.6904657E-03  -2.1440545E-01   1.2166748E-02   1.5198464E-03   2.5033852E-03  -5.7026632E+01   6.0540083E+00   1.8066896E+02  -8.7437242E+01   2.0701681E+00   3.3650876E-01  -1.0978979E+00   3.9120295E-01  -6.6703444E+00  -5.4528913E-02  -2.8717858E-01   5.7163398E-01   7.5666478E-03   1.7602628E-03  -8.2010778E-03   1.1431661E-03  -9.1138933E-04
  2.1533745E-05   4.2110284E-03  -4.2504771E-04  -3.8597077E-03   2.5754286E-01  -3.8205993E-04   1.7228798E-03  -1.4086268E-04   3.3389495E+01   9.5988935E+00  -8.7437242E+01   5.5321672E+01   1.9053506E+00  -5.1245393E-02   7.6279636E-01  -2.9622696E-01  -2.7209757E+00   2.3774005E-02   1.8818706E-01  -4.6084146E-01  -1.1615066E-01  -6.5846446E-04   3.4459758E-03   8.4851325E-04   3.8575041E-03
  2.3573774E-06  -3.3457459E-04   2.7530410E-05  -3.0365605E-05  -2.1432056E-02  -8.2549228E-04  -2.1212204E-04   1.4389080E-05  -2.5597327E+01  -8.7736898E-01   2.0701681E+00   1.9053506E+00   4.2884421E+00   9.6329851E-02   1.4478993E-01  -4.8137755E-02  -3.5033842E+00  -9.5976488E-03   1.8722525E-03   5.3208896E-03   4.9879459E-02   3.9758904E-04  -2.3713583E-04  -2.7440842E-04  -5.9969275E-04
 -1.9535029E-07  -2.8409969E-05   1.9160690E-06   1.6564931E-05  -1.8007416E-03  -6.3949968E-07  -5.7585661E-06   2.0661970E-06  -8.0550575E-01  -1.5050801E-02   3.3650876E-01  -5.1245393E-02   9.6329851E-02   1.5396663E-02  -1.6104485E-02   1.1774357E-02  -1.0476539E-01  -2.2747484E-04  -1.4884527E-03  -2.5206755E-03   5.1029065E-03   1.8901237E-05  -3.4901292E-05  -5.3309192E-07  -1.1408950E-05
  9.9341923E-07   9.0901432E-05  -8.4674760E-06  -6.7581067E-05   5.4464987E-03   6.7464126E-06   5.9567618E-05  -7.2119581E-06  -6.2378100E-02   4.6756998E-01  -1.0978979E+00   7.6279636E-01   1.4478993E-01  -1.6104485E-02   6.4941474E-02   2.4224896E-03  -1.3575340E-01   3.7024157E-04   8.2192310E-03  -4.3575187E-04  -1.7328879E-02  -1.5238821E-05   9.4658667E-05   1.5257638E-05   5.6907485E-05
  4.6566443E-07  -3.9236464E-05   2.2604428E-06   5.6236193E-05  -2.0597443E-03   8.7096503E-05   7.6581519E-06   1.4425303E-05  -2.1028513E-01   8.2042330E-01   3.9120295E-01  -2.9622696E-01  -4.8137755E-02   1.1774357E-02   2.4224896E-03   8.1782849E-02   4.4641468E-02   8.2137082E-06   4.1788590E-04   1.5888554E-03   1.7018516E-03   1.6510528E-05  -1.3441412E-06  -4.1646705E-06  -2.5745133E-06
  1.8907703E-06   8.7947754E-04  -7.8446027E-05  -7.9794483E-04   5.6946376E-02  -5.1214278E-04  -1.8285461E-05  -7.8917203E-05   1.2402267E+01  -7.1746097E+00  -6.6703444E+00  -2.7209757E+00  -3.5033842E+00  -1.0476539E-01  -1.3575340E-01   4.4641468E-02   7.3561221E+00   5.3255800E-03  -1.2712097E-02  -4.9211788E-04  -4.8412563E-02  -2.9750581E-04   1.2186744E-04   2.6121528E-04   6.0664323E-04
  7.1932620E-07  -2.8569503E-06   3.5770414E-07   6.0959473E-06   1.6412801E-04  -2.0415194E-05   2.6355032E-05  -3.8316153E-06  -8.2429311E-02  -1.7281500E-02  -5.4528913E-02   2.3774005E-02  -9.5976488E-03  -2.2747484E-04   3.7024157E-04   8.2137082E-06   5.3255800E-03   3.8442291E-02   2.8931939E-03  -1.8929406E-04   3.2897900E-04   3.5185951E-05  -3.7000894E-06   3.6399838E-06  -1.6554220E-05
  6.3796450E-07   1.2701111E-05  -7.5009137E-07  -3.4588144E-05   1.1627838E-03  -1.4023374E-04   2.8676472E-05  -2.4182636E-06   2.8401502E-01  -1.9807330E-01  -2.8717858E-01   1.8818706E-01   1.8722525E-03  -1.4884527E-03   8.2192310E-03   4.1788590E-04  -1.2712097E-02   2.8931939E-03   3.0642340E-02  -7.7667358E-04   4.8572104E-03  -7.9905805E-05  -4.0169125E-05  -7.0003704E-05  -6.4375906E-05
  1.7128127E-07  -1.7622947E-05   2.2373756E-06   2.0756961E-05  -9.7529784E-04   3.3413081E-05   5.0110175E-06   1.0718843E-05  -2.3538431E-01   4.4039054E-02   5.7163398E-01  -4.6084146E-01   5.3208896E-03  -2.5206755E-03  -4.3575187E-04   1.5888554E-03  -4.9211788E-04  -1.8929406E-04  -7.7667358E-04   1.0587452E-02   8.4401882E-03   3.9431255E-06   6.0253761E-05  -2.6919241E-06  -1.6500853E-05
  1.1142436E-07   1.3081721E-06  -5.1613184E-08  -9.4048552E-06   3.3760963E-04  -1.9324469E-05   1.0741367E-05   2.4010343E-06  -1.7994191E-01   8.8791245E-02   7.5666478E-03  -1.1615066E-01   4.9879459E-02   5.1029065E-03  -1.7328879E-02   1.7018516E-03  -4.8412563E-02   3.2897900E-04   4.8572104E-03   8.4401882E-03   2.6459976E-02  -1.8893909E-06   5.8234384E-05  -2.2468171E-05  -9.3791793E-08
  2.5294078E-09   1.3018259E-08  -4.6048743E-09   2.0723526E-08   1.6140303E-06   8.2911741E-07  -2.7870407E-07   3.7798500E-08   6.8269968E-03   8.0545263E-04   1.7602628E-03  -6.5846446E-04   3.9758904E-04   1.8901237E-05  -1.5238821E-05   1.6510528E-05  -2.9750581E-04   3.5185951E-05  -7.9905805E-05   3.9431255E-06  -1.8893909E-06   1.1092577E-06   3.8283291E-08   3.9370909E-07   6.3219490E-07
  5.1090877E-09   3.3037519E-07  -2.7610969E-08  -2.6739603E-07   2.0292618E-05  -3.0998597E-08   2.7005468E-07  -1.5118605E-07   3.3978674E-03   9.1057411E-04  -8.2010778E-03   3.4459758E-03  -2.3713583E-04  -3.4901292E-05   9.4658667E-05  -1.3441412E-06   1.2186744E-04  -3.7000894E-06  -4.0169125E-05   6.0253761E-05   5.8234384E-05   3.8283291E-08   2.4897461E-06   3.7001364E-07   5.1248149E-07
  1.4636283E-08   2.6300845E-06  -3.0819939E-07  -3.4962551E-06   1.9382008E-04  -1.1564214E-06   5.8381983E-06  -4.6714361E-07   6.1924157E-03   4.7921074E-03   1.1431661E-03   8.4851325E-04  -2.7440842E-04  -5.3309192E-07   1.5257638E-05  -4.1646705E-06   2.6121528E-04   3.6399838E-06  -7.0003704E-05  -2.6919241E-06  -2.2468171E-05   3.9370909E-07   3.7001364E-07   2.5127277E-05   1.0803913E-05
 -2.6903651E-08   5.4233177E-06  -5.5861191E-07  -1.5779201E-06   4.0200948E-04   1.1973888E-05   9.6654112E-06  -2.6570051E-07   1.8988264E-02   1.1007885E-02  -9.1138933E-04   3.8575041E-03  -5.9969275E-04  -1.1408950E-05   5.6907485E-05  -2.5745133E-06   6.0664323E-04  -1.6554220E-05  -6.4375906E-05  -1.6500853E-05  -9.3791793E-08   6.3219490E-07   5.1248149E-07   1.0803913E-05   3.0029961E-05
