# omegabh2 omegach2 theta tau mnu logA ns calPlanck acib217 xi asz143 aps100 aps143 aps143217 aps217 aksz kgal100 kgal143 kgal143217 kgal217 galfEE100 galfEE100143 galfEE100217 galfEE143 galfEE143217 galfEE217 galfTE100 galfTE100143 galfTE100217 galfTE143 galfTE143217 galfTE217 cal0 cal2
    0.1966903E-07   -0.6958655E-07    0.1102669E-07    0.6429234E-06    0.8221610E-06    0.1201841E-05    0.2034636E-06    0.1894243E-08   -0.1152509E-03    0.2627109E-05    0.2059613E-04   -0.3935802E-03   -0.2027476E-03   -0.1854542E-04    0.7062661E-04   -0.3834555E-04   -0.4080659E-05   -0.9236949E-05   -0.1758430E-04    0.5522790E-05    0.3092573E-07    0.3367784E-07    0.5680819E-07    0.3420501E-07    0.5133786E-07    0.4474511E-06    0.1018731E-07   -0.7601628E-07   -0.3426184E-07   -0.3188914E-06   -0.4135118E-06   -0.1444890E-05    0.5410500E-08   -0.7882417E-08
   -0.6958655E-07    0.1212811E-05   -0.6699304E-07   -0.6693254E-05   -0.1879132E-04   -0.1045423E-04   -0.3107764E-05   -0.7241128E-07    0.3488253E-03   -0.8051083E-05   -0.1041974E-03    0.1545864E-02    0.8010392E-03    0.1084304E-03   -0.1225718E-03    0.1250750E-03    0.3371118E-05   -0.9742919E-05    0.2626347E-04    0.2517735E-04   -0.4506672E-06   -0.4580444E-06   -0.3138190E-06   -0.4467154E-06    0.2555086E-06   -0.1038310E-05    0.5085141E-06    0.4950997E-07    0.3422657E-06    0.4471309E-06    0.8782102E-06    0.2561514E-05   -0.1772311E-07    0.5484675E-07
    0.1102669E-07   -0.6699304E-07    0.8797952E-07    0.4408171E-06    0.4436212E-06    0.7981769E-06    0.2922964E-06   -0.1798070E-08   -0.9295087E-05    0.7532360E-06   -0.9081414E-06   -0.8938255E-04   -0.6529542E-04   -0.4856442E-04   -0.2590043E-04    0.1546480E-05    0.4113286E-05   -0.5248843E-05   -0.1558184E-05    0.4399155E-05    0.3106592E-07    0.1005894E-07   -0.5044341E-07    0.5112672E-08   -0.1452544E-06    0.3827729E-06    0.7156537E-07   -0.1849921E-07   -0.8201590E-08   -0.3596501E-06   -0.1792397E-06    0.5360346E-07    0.1938379E-08    0.4216826E-08
    0.6429234E-06   -0.6693254E-05    0.4408171E-06    0.2821705E-03    0.2122756E-03    0.5433220E-03    0.3014981E-04   -0.1625128E-05   -0.1212496E-01    0.2370821E-03    0.2539103E-02   -0.4722738E-01   -0.1665866E-01    0.3486727E-02    0.1099936E-01   -0.5432805E-02   -0.3870767E-03   -0.1110668E-02   -0.2642127E-02   -0.1480790E-02    0.8381027E-06    0.3264294E-05    0.2715708E-05    0.2847786E-05   -0.7938036E-06    0.1725893E-05   -0.1008546E-04   -0.3102149E-05    0.2158595E-04   -0.7489775E-05   -0.6757927E-05   -0.2891374E-04    0.3794868E-06   -0.1479221E-05
    0.8221610E-06   -0.1879132E-04    0.4436212E-06    0.2122756E-03    0.2715093E-02    0.3772131E-03    0.4860561E-04    0.3624632E-05    0.3814190E-02    0.3740213E-05    0.1280844E-02   -0.1669356E-03   -0.2777664E-02    0.2013724E-02   -0.8108439E-02   -0.6301636E-03   -0.1450673E-03    0.1194079E-04    0.1194384E-02    0.8693076E-03    0.3135294E-05    0.4916726E-05    0.1556009E-04    0.7836802E-05    0.3609948E-05    0.6642313E-04   -0.4403727E-05   -0.1197563E-04    0.5363279E-04   -0.1510232E-04   -0.2411398E-04   -0.8557441E-05    0.6161879E-06    0.5237464E-07
    0.1201841E-05   -0.1045423E-04    0.7981769E-06    0.5433220E-03    0.3772131E-03    0.1080139E-02    0.5115713E-04    0.9076293E-05   -0.2367322E-01    0.5169891E-03    0.4791489E-02   -0.8383414E-01   -0.2980504E-01    0.1015618E-01    0.2776905E-01   -0.1127199E-01   -0.1118015E-02   -0.2764664E-02   -0.5835680E-02   -0.1545075E-02    0.1982363E-05    0.5705756E-05    0.3778487E-05    0.6114248E-05   -0.4740849E-05   -0.6999839E-05   -0.1700897E-04   -0.6327425E-05    0.4839225E-04   -0.1387246E-04   -0.1009290E-04   -0.3150873E-04    0.1020544E-05   -0.2969319E-05
    0.2034636E-06   -0.3107764E-05    0.2922964E-06    0.3014981E-04    0.4860561E-04    0.5115713E-04    0.1802117E-04    0.2033691E-06   -0.5335724E-02    0.1360902E-03    0.1119384E-02   -0.2681784E-01   -0.6617635E-02    0.3157396E-02    0.6202159E-02   -0.2485094E-02    0.2542962E-03   -0.2460736E-03   -0.7446588E-03    0.4314293E-04    0.2531581E-05    0.3118647E-05    0.1084847E-06    0.2746301E-05    0.2758847E-06   -0.6231055E-06   -0.3011087E-06    0.1266054E-05    0.2226709E-05   -0.2313229E-05    0.3074339E-05   -0.5307544E-05   -0.1100454E-06   -0.5486495E-06
    0.1894243E-08   -0.7241128E-07   -0.1798070E-08   -0.1625128E-05    0.3624632E-05    0.9076293E-05    0.2033691E-06    0.6212214E-05    0.7871652E-03    0.3366966E-05   -0.2489945E-04    0.4597577E-02    0.6095999E-03    0.3860921E-03    0.1270049E-02    0.1587175E-04   -0.5800184E-04   -0.1280134E-04   -0.1003182E-03    0.5934861E-03    0.9609119E-06    0.4419255E-06   -0.3036571E-06    0.1031925E-05   -0.1447053E-05   -0.4756069E-05    0.5687923E-06    0.1853093E-06    0.2726903E-05    0.1142224E-05    0.2475131E-05    0.1322008E-04    0.3179692E-07   -0.3798687E-07
   -0.1152509E-03    0.3488253E-03   -0.9295087E-05   -0.1212496E-01    0.3814190E-02   -0.2367322E-01   -0.5335724E-02    0.7871652E-03    0.4321152E+02   -0.5211813E+00   -0.1455218E+01    0.4168440E+02   -0.2935226E+00   -0.2148273E+02   -0.6062546E+02    0.3453949E+00   -0.9835594E-01    0.7087847E-01   -0.2059493E+01   -0.1834800E+02   -0.1747678E-03   -0.8391000E-03    0.1972280E-02   -0.3533956E-03    0.1899619E-02    0.4956860E-03   -0.5781108E-03    0.7721555E-03    0.1552140E-02    0.1002544E-02    0.5909542E-02    0.1248382E-01   -0.3305042E-03    0.4320325E-02
    0.2627109E-05   -0.8051083E-05    0.7532360E-06    0.2370821E-03    0.3740213E-05    0.5169891E-03    0.1360902E-03    0.3366966E-05   -0.5211813E+00    0.8167190E-01   -0.7006587E-01   -0.5210617E+00    0.1062301E+01    0.1954785E+01    0.8235827E+00    0.6082447E-01   -0.5692689E-03    0.3460489E-02    0.1057712E+00    0.1123233E+00    0.2221970E-04   -0.1342473E-05    0.2631773E-04    0.8409212E-05   -0.2530786E-03   -0.3653724E-03    0.9554353E-05   -0.2650623E-04    0.1414086E-03   -0.1119064E-03   -0.3069796E-03   -0.9124781E-03    0.6892694E-05   -0.2201607E-04
    0.2059613E-04   -0.1041974E-03   -0.9081414E-06    0.2539103E-02    0.1280844E-02    0.4791489E-02    0.1119384E-02   -0.2489945E-04   -0.1455218E+01   -0.7006587E-01    0.3587153E+01   -0.2799050E+02   -0.3784825E+01    0.7427626E+01    0.6185199E+01   -0.2435170E+01   -0.1458663E+00    0.6496966E-01    0.2230067E+01    0.1864465E+01    0.6566052E-04    0.1341105E-03   -0.6707359E-03    0.1622898E-03    0.8206782E-03   -0.6070357E-03    0.4998672E-03    0.3678959E-03    0.1440080E-02   -0.2393654E-03    0.5724345E-03   -0.9124607E-03    0.1854730E-03   -0.3402676E-03
   -0.3935802E-03    0.1545864E-02   -0.8938255E-04   -0.4722738E-01   -0.1669356E-03   -0.8383414E-01   -0.2681784E-01    0.4597577E-02    0.4168440E+02   -0.5210617E+00   -0.2799050E+02    0.7506600E+03    0.6644854E+02   -0.6032822E+02   -0.6791088E+02    0.1201118E+02   -0.3517041E+01    0.3346501E+01   -0.1011363E+02   -0.1428547E+02   -0.2667482E-02   -0.4708082E-02    0.7932307E-02   -0.1767550E-02   -0.5543103E-02    0.3231040E-02   -0.9765560E-03   -0.9496254E-02   -0.2846168E-01    0.9552549E-02   -0.1055240E-02    0.4981209E-01    0.5861756E-02    0.4082849E-02
   -0.2027476E-03    0.8010392E-03   -0.6529542E-04   -0.1665866E-01   -0.2777664E-02   -0.2980504E-01   -0.6617635E-02    0.6095999E-03   -0.2935226E+00    0.1062301E+01   -0.3784825E+01    0.6644854E+02    0.6003990E+02    0.4470322E+02    0.1755610E+02   -0.3993663E+01   -0.1289795E+00   -0.9300979E+00    0.4210983E+01    0.4324736E+01   -0.1000704E-02   -0.2084798E-02   -0.5210471E-03   -0.7142199E-03   -0.6898030E-02   -0.1763813E-01    0.1619260E-02   -0.2126968E-02    0.5115957E-02   -0.3231530E-03   -0.7427230E-03    0.8208118E-02    0.9675850E-04    0.1542794E-03
   -0.1854542E-04    0.1084304E-03   -0.4856442E-04    0.3486727E-02    0.2013724E-02    0.1015618E-01    0.3157396E-02    0.3860921E-03   -0.2148273E+02    0.1954785E+01    0.7427626E+01   -0.6032822E+02    0.4470322E+02    0.9979808E+02    0.6566703E+02   -0.1100975E+02   -0.4463752E+00   -0.3029200E+00    0.5146257E+01    0.5391013E+01   -0.2882860E-04   -0.6439026E-03   -0.2444063E-02    0.5639930E-03   -0.5028779E-02   -0.1672529E-01    0.3447287E-02    0.9363894E-03    0.9310810E-02   -0.5519659E-03   -0.5824098E-02   -0.8901346E-02    0.7810319E-03   -0.2538267E-02
    0.7062661E-04   -0.1225718E-03   -0.2590043E-04    0.1099936E-01   -0.8108439E-02    0.2776905E-01    0.6202159E-02    0.1270049E-02   -0.6062546E+02    0.8235827E+00    0.6185199E+01   -0.6791088E+02    0.1755610E+02    0.6566703E+02    0.1191128E+03   -0.9331383E+01   -0.2282025E+00   -0.2954481E+00   -0.2716805E+00    0.1503302E+02    0.6751861E-04    0.6308519E-03   -0.5023711E-02    0.7860498E-03   -0.3444247E-02   -0.2861644E-02    0.2746337E-02   -0.7664906E-03   -0.2485522E-02    0.4953378E-03   -0.6926459E-02   -0.3158270E-02    0.8234744E-03   -0.7538009E-02
   -0.3834555E-04    0.1250750E-03    0.1546480E-05   -0.5432805E-02   -0.6301636E-03   -0.1127199E-01   -0.2485094E-02    0.1587175E-04    0.3453949E+00    0.6082447E-01   -0.2435170E+01    0.1201118E+02   -0.3993663E+01   -0.1100975E+02   -0.9331383E+01    0.5446102E+01    0.6576122E-01   -0.7944775E-01   -0.1813861E+01   -0.1447484E+01   -0.8488258E-04   -0.1547149E-03    0.5889563E-03   -0.4588811E-03   -0.3211465E-03    0.1083433E-02   -0.1154017E-02   -0.2843317E-03   -0.1069168E-02    0.8768604E-03   -0.7484798E-03   -0.2542998E-04   -0.1332898E-03    0.1473952E-03
   -0.4080659E-05    0.3371118E-05    0.4113286E-05   -0.3870767E-03   -0.1450673E-03   -0.1118015E-02    0.2542962E-03   -0.5800184E-04   -0.9835594E-01   -0.5692689E-03   -0.1458663E+00   -0.3517041E+01   -0.1289795E+00   -0.4463752E+00   -0.2282025E+00    0.6576122E-01    0.3515863E+01    0.4532180E+00    0.2225229E+00    0.4093166E+00    0.6853812E-04    0.1175161E-03   -0.2416533E-03    0.1493400E-03    0.3760782E-03    0.2577125E-02   -0.8662256E-04    0.2238715E-03    0.1160302E-02    0.3491006E-03    0.1223347E-02   -0.3196014E-02    0.2879992E-03    0.4018125E-05
   -0.9236949E-05   -0.9742919E-05   -0.5248843E-05   -0.1110668E-02    0.1194079E-04   -0.2764664E-02   -0.2460736E-03   -0.1280134E-04    0.7087847E-01    0.3460489E-02    0.6496966E-01    0.3346501E+01   -0.9300979E+00   -0.3029200E+00   -0.2954481E+00   -0.7944775E-01    0.4532180E+00    0.3375725E+01    0.2651643E+01    0.1848055E+01   -0.2364614E-04    0.4038099E-04    0.4438748E-03    0.3196313E-04    0.6253760E-03    0.3841628E-02    0.2509220E-03   -0.1651592E-03   -0.8845496E-03    0.1095937E-02    0.2341145E-03   -0.3547486E-02   -0.2813365E-03   -0.2179601E-03
   -0.1758430E-04    0.2626347E-04   -0.1558184E-05   -0.2642127E-02    0.1194384E-02   -0.5835680E-02   -0.7446588E-03   -0.1003182E-03   -0.2059493E+01    0.1057712E+00    0.2230067E+01   -0.1011363E+02    0.4210983E+01    0.5146257E+01   -0.2716805E+00   -0.1813861E+01    0.2225229E+00    0.2651643E+01    0.1720352E+02    0.2566626E+02   -0.2043772E-03   -0.3339682E-03    0.6326609E-03   -0.2409855E-03   -0.9560840E-03   -0.5554758E-04    0.1444021E-02    0.7048271E-03    0.2650132E-02    0.1693982E-02    0.1808336E-03   -0.3893419E-02   -0.7536678E-05    0.2497469E-02
    0.5522790E-05    0.2517735E-04    0.4399155E-05   -0.1480790E-02    0.8693076E-03   -0.1545075E-02    0.4314293E-04    0.5934861E-03   -0.1834800E+02    0.1123233E+00    0.1864465E+01   -0.1428547E+02    0.4324736E+01    0.5391013E+01    0.1503302E+02   -0.1447484E+01    0.4093166E+00    0.1848055E+01    0.2566626E+02    0.5434212E+02   -0.9035394E-04   -0.3215951E-03    0.3458179E-04   -0.1996871E-03   -0.2070858E-02   -0.4590576E-03    0.8698909E-03    0.1223940E-02    0.5101800E-02    0.3602499E-02   -0.4651171E-02   -0.1180914E-01    0.1062561E-03    0.4548407E-02
    0.3092573E-07   -0.4506672E-06    0.3106592E-07    0.8381027E-06    0.3135294E-05    0.1982363E-05    0.2531581E-05    0.9609119E-06   -0.1747678E-03    0.2221970E-04    0.6566052E-04   -0.2667482E-02   -0.1000704E-02   -0.2882860E-04    0.6751861E-04   -0.8488258E-04    0.6853812E-04   -0.2364614E-04   -0.2043772E-03   -0.9035394E-04    0.3250072E-04    0.8849263E-05   -0.1972519E-07    0.2837634E-05    0.2780985E-06   -0.1023506E-04   -0.4844414E-07   -0.6336321E-06    0.2802126E-05   -0.5302170E-06    0.5361051E-05    0.1250170E-04   -0.5190644E-07   -0.6084399E-07
    0.3367784E-07   -0.4580444E-06    0.1005894E-07    0.3264294E-05    0.4916726E-05    0.5705756E-05    0.3118647E-05    0.4419255E-06   -0.8391000E-03   -0.1342473E-05    0.1341105E-03   -0.4708082E-02   -0.2084798E-02   -0.6439026E-03    0.6308519E-03   -0.1547149E-03    0.1175161E-03    0.4038099E-04   -0.3339682E-03   -0.3215951E-03    0.8849263E-05    0.2491654E-04    0.1446229E-05    0.1207533E-04    0.2888994E-05   -0.7715531E-05   -0.1612207E-05   -0.1614031E-05    0.4057819E-05   -0.2557554E-05    0.2784483E-05    0.8840152E-05   -0.5404865E-07   -0.1784245E-06
    0.5680819E-07   -0.3138190E-06   -0.5044341E-07    0.2715708E-05    0.1556009E-04    0.3778487E-05    0.1084847E-06   -0.3036571E-06    0.1972280E-02    0.2631773E-04   -0.6707359E-03    0.7932307E-02   -0.5210471E-03   -0.2444063E-02   -0.5023711E-02    0.5889563E-03   -0.2416533E-03    0.4438748E-03    0.6326609E-03    0.3458179E-04   -0.1972519E-07    0.1446229E-05    0.1052392E-02    0.3981523E-06   -0.5080751E-06    0.1118192E-04    0.1619802E-04   -0.1054050E-05   -0.1356904E-04    0.1858942E-04    0.1267105E-04    0.7248911E-04    0.6414551E-07    0.4031299E-06
    0.3420501E-07   -0.4467154E-06    0.5112672E-08    0.2847786E-05    0.7836802E-05    0.6114248E-05    0.2746301E-05    0.1031925E-05   -0.3533956E-03    0.8409212E-05    0.1622898E-03   -0.1767550E-02   -0.7142199E-03    0.5639930E-03    0.7860498E-03   -0.4588811E-03    0.1493400E-03    0.3196313E-04   -0.2409855E-03   -0.1996871E-03    0.2837634E-05    0.1207533E-04    0.3981523E-06    0.4705983E-04    0.2044607E-05   -0.7258358E-05   -0.4908381E-08   -0.1675319E-05    0.9066806E-05   -0.4148280E-05   -0.2277491E-05    0.4321562E-05   -0.2324835E-07   -0.1254413E-06
    0.5133786E-07    0.2555086E-06   -0.1452544E-06   -0.7938036E-06    0.3609948E-05   -0.4740849E-05    0.2758847E-06   -0.1447053E-05    0.1899619E-02   -0.2530786E-03    0.8206782E-03   -0.5543103E-02   -0.6898030E-02   -0.5028779E-02   -0.3444247E-02   -0.3211465E-03    0.3760782E-03    0.6253760E-03   -0.9560840E-03   -0.2070858E-02    0.2780985E-06    0.2888994E-05   -0.5080751E-06    0.2044607E-05    0.2153553E-02    0.4674058E-04    0.5581462E-05    0.9447203E-05    0.4194765E-05    0.8945996E-05    0.2185631E-04   -0.8702891E-04    0.2473707E-10    0.1636171E-06
    0.4474511E-06   -0.1038310E-05    0.3827729E-06    0.1725893E-05    0.6642313E-04   -0.6999839E-05   -0.6231055E-06   -0.4756069E-05    0.4956860E-03   -0.3653724E-03   -0.6070357E-03    0.3231040E-02   -0.1763813E-01   -0.1672529E-01   -0.2861644E-02    0.1083433E-02    0.2577125E-02    0.3841628E-02   -0.5554758E-04   -0.4590576E-03   -0.1023506E-04   -0.7715531E-05    0.1118192E-04   -0.7258358E-05    0.4674058E-04    0.1670164E-01   -0.6198229E-05    0.1283884E-04   -0.1439443E-03    0.7537994E-04   -0.3070078E-05   -0.2604521E-03   -0.5762092E-07    0.1015407E-05
    0.1018731E-07    0.5085141E-06    0.7156537E-07   -0.1008546E-04   -0.4403727E-05   -0.1700897E-04   -0.3011087E-06    0.5687923E-06   -0.5781108E-03    0.9554353E-05    0.4998672E-03   -0.9765560E-03    0.1619260E-02    0.3447287E-02    0.2746337E-02   -0.1154017E-02   -0.8662256E-04    0.2509220E-03    0.1444021E-02    0.8698909E-03   -0.4844414E-07   -0.1612207E-05    0.1619802E-04   -0.4908381E-08    0.5581462E-05   -0.6198229E-05    0.1425664E-02    0.3033236E-03    0.9890934E-04   -0.3769861E-03   -0.5913136E-04   -0.4837616E-05    0.1786974E-06   -0.1353653E-06
   -0.7601628E-07    0.4950997E-07   -0.1849921E-07   -0.3102149E-05   -0.1197563E-04   -0.6327425E-05    0.1266054E-05    0.1853093E-06    0.7721555E-03   -0.2650623E-04    0.3678959E-03   -0.9496254E-02   -0.2126968E-02    0.9363894E-03   -0.7664906E-03   -0.2843317E-03    0.2238715E-03   -0.1651592E-03    0.7048271E-03    0.1223940E-02   -0.6336321E-06   -0.1614031E-05   -0.1054050E-05   -0.1675319E-05    0.9447203E-05    0.1283884E-04    0.3033236E-03    0.8521165E-03    0.2714420E-04    0.7390956E-03    0.3162788E-04   -0.5892039E-03   -0.1212918E-06    0.4419349E-06
   -0.3426184E-07    0.3422657E-06   -0.8201590E-08    0.2158595E-04    0.5363279E-04    0.4839225E-04    0.2226709E-05    0.2726903E-05    0.1552140E-02    0.1414086E-03    0.1440080E-02   -0.2846168E-01    0.5115957E-02    0.9310810E-02   -0.2485522E-02   -0.1069168E-02    0.1160302E-02   -0.8845496E-03    0.2650132E-02    0.5101800E-02    0.2802126E-05    0.4057819E-05   -0.1356904E-04    0.9066806E-05    0.4194765E-05   -0.1439443E-03    0.9890934E-04    0.2714420E-04    0.7200929E-02   -0.2955229E-03    0.7775019E-03    0.4704908E-02   -0.3507458E-06    0.1423224E-05
   -0.3188914E-06    0.4471309E-06   -0.3596501E-06   -0.7489775E-05   -0.1510232E-04   -0.1387246E-04   -0.2313229E-05    0.1142224E-05    0.1002544E-02   -0.1119064E-03   -0.2393654E-03    0.9552549E-02   -0.3231530E-03   -0.5519659E-03    0.4953378E-03    0.8768604E-03    0.3491006E-03    0.1095937E-02    0.1693982E-02    0.3602499E-02   -0.5302170E-06   -0.2557554E-05    0.1858942E-04   -0.4148280E-05    0.8945996E-05    0.7537994E-04   -0.3769861E-03    0.7390956E-03   -0.2955229E-03    0.2887421E-02    0.4622420E-03   -0.7403351E-03    0.1194035E-07    0.8024808E-06
   -0.4135118E-06    0.8782102E-06   -0.1792397E-06   -0.6757927E-05   -0.2411398E-04   -0.1009290E-04    0.3074339E-05    0.2475131E-05    0.5909542E-02   -0.3069796E-03    0.5724345E-03   -0.1055240E-02   -0.7427230E-03   -0.5824098E-02   -0.6926459E-02   -0.7484798E-03    0.1223347E-02    0.2341145E-03    0.1808336E-03   -0.4651171E-02    0.5361051E-05    0.2784483E-05    0.1267105E-04   -0.2277491E-05    0.2185631E-04   -0.3070078E-05   -0.5913136E-04    0.3162788E-04    0.7775019E-03    0.4622420E-03    0.6541434E-02    0.7818178E-02    0.2366672E-06   -0.4558054E-06
   -0.1444890E-05    0.2561514E-05    0.5360346E-07   -0.2891374E-04   -0.8557441E-05   -0.3150873E-04   -0.5307544E-05    0.1322008E-04    0.1248382E-01   -0.9124781E-03   -0.9124607E-03    0.4981209E-01    0.8208118E-02   -0.8901346E-02   -0.3158270E-02   -0.2542998E-04   -0.3196014E-02   -0.3547486E-02   -0.3893419E-02   -0.1180914E-01    0.1250170E-04    0.8840152E-05    0.7248911E-04    0.4321562E-05   -0.8702891E-04   -0.2604521E-03   -0.4837616E-05   -0.5892039E-03    0.4704908E-02   -0.7403351E-03    0.7818178E-02    0.6484613E-01   -0.3834684E-06   -0.3417536E-05
    0.5410500E-08   -0.1772311E-07    0.1938379E-08    0.3794868E-06    0.6161879E-06    0.1020544E-05   -0.1100454E-06    0.3179692E-07   -0.3305042E-03    0.6892694E-05    0.1854730E-03    0.5861756E-02    0.9675850E-04    0.7810319E-03    0.8234744E-03   -0.1332898E-03    0.2879992E-03   -0.2813365E-03   -0.7536678E-05    0.1062561E-03   -0.5190644E-07   -0.5404865E-07    0.6414551E-07   -0.2324835E-07    0.2473707E-10   -0.5762092E-07    0.1786974E-06   -0.1212918E-06   -0.3507458E-06    0.1194035E-07    0.2366672E-06   -0.3834684E-06    0.5890791E-06   -0.7915225E-08
   -0.7882417E-08    0.5484675E-07    0.4216826E-08   -0.1479221E-05    0.5237464E-07   -0.2969319E-05   -0.5486495E-06   -0.3798687E-07    0.4320325E-02   -0.2201607E-04   -0.3402676E-03    0.4082849E-02    0.1542794E-03   -0.2538267E-02   -0.7538009E-02    0.1473952E-03    0.4018125E-05   -0.2179601E-03    0.2497469E-02    0.4548407E-02   -0.6084399E-07   -0.1784245E-06    0.4031299E-06   -0.1254413E-06    0.1636171E-06    0.1015407E-05   -0.1353653E-06    0.4419349E-06    0.1423224E-05    0.8024808E-06   -0.4558054E-06   -0.3417536E-05   -0.7915225E-08    0.2092191E-05
