# omegabh2 omegach2 theta tau w wa logA ns calPlanck acib217 xi asz143 aps100 aps143 aps143217 aps217 aksz kgal100 kgal143 kgal143217 kgal217 galfTE100 galfTE100143 galfTE100217 galfTE143 galfTE143217 galfTE217 cal0 cal2
  1.9531938E-08  -6.9523424E-08   1.3253043E-08   2.0024082E-07  -1.5357676E-07   7.3210015E-06   3.8015029E-07   1.9637762E-07   2.7243261E-08  -8.1623610E-05   1.8137692E-06   1.4588531E-05  -2.8422524E-04  -1.8210397E-04  -4.2236056E-05   4.2540961E-05  -4.0215985E-05   5.3467239E-07  -6.8787432E-06  -1.1951162E-05   9.3935910E-06   4.4674297E-08  -7.3661558E-08  -2.7386933E-07  -2.1522382E-07  -1.3607802E-07  -1.7609878E-06   4.1118892E-09  -3.1099962E-09
 -6.9523424E-08   1.1326681E-06  -8.8600133E-08  -2.7198140E-06   1.9261069E-06  -9.9035091E-05  -3.4948474E-06  -2.6262071E-06  -3.3020223E-07   5.4021940E-05  -3.3603637E-06  -2.6360402E-05   6.3537759E-04   5.7793481E-04   3.3067960E-04   1.4952278E-04   7.6941207E-05  -4.3279688E-05  -2.0331005E-05   2.0525093E-05   4.0824506E-05  -6.7044966E-08   3.3119826E-07   2.1216524E-06   1.0336496E-06   5.5448355E-07   1.1129320E-05  -1.1171628E-08   1.6474502E-08
  1.3253043E-08  -8.8600133E-08   9.5941879E-08   2.7382896E-07  -2.7825385E-07   1.3790538E-05   5.3830370E-07   3.3081899E-07   5.0029485E-08   6.5414142E-06   1.4660060E-06  -2.8120798E-06   1.5823761E-05  -3.0977286E-05  -4.7581618E-06  -9.5627539E-06  -7.1721510E-06   2.7992741E-06   7.1771261E-06  -3.6107676E-06  -9.3313526E-06  -1.5149219E-07   9.2319368E-08   1.1277204E-07   2.7157064E-08   2.5612077E-07   4.5681891E-07   2.5515765E-09  -1.8503635E-09
  2.0024082E-07  -2.7198140E-06   2.7382896E-07   4.1140157E-05  -9.8044563E-05   5.4412839E-04   7.4098263E-05   7.9106114E-06  -6.4992225E-07  -7.0889316E-04   1.9102003E-07   1.1426894E-04  -6.9781530E-03  -3.4963253E-03  -2.3011089E-03  -1.2033988E-03  -4.6906929E-04   4.7433042E-05   2.7992464E-05   7.9542137E-05   2.1617312E-04  -4.3968096E-06  -4.5934386E-07  -5.6775049E-06  -1.9663338E-07  -5.9856233E-06  -3.6177372E-05  -1.1793908E-07  -5.5833535E-08
 -1.5357676E-07   1.9261069E-06  -2.7825385E-07  -9.8044563E-05   7.1612737E-02  -1.9297776E-01  -2.3145775E-04  -2.2200511E-06  -1.3399333E-05   1.3749126E-02  -3.1109090E-04  -1.7418619E-04   4.0989465E-02   5.0745342E-03  -8.2842311E-03  -2.2635258E-02  -4.7552344E-03   9.3198324E-03   5.6828773E-03  -7.0470981E-03  -2.3357375E-02   2.3426826E-04   6.7343071E-06  -1.8346782E-04  -2.9485504E-04   3.2159756E-04   5.6399443E-04   6.2031829E-07  -1.9457892E-06
  7.3210015E-06  -9.9035091E-05   1.3790538E-05   5.4412839E-04  -1.9297776E-01   5.4817299E-01   1.0311589E-03   2.2906822E-04   6.2403058E-05  -4.8783107E-02   1.1649110E-03   4.2738840E-03  -1.4875728E-01  -6.6964242E-02  -4.1516844E-03   6.1670829E-02   4.0871863E-03  -1.9564553E-02  -8.8991024E-03   2.7269187E-02   8.1009088E-02  -7.6808396E-04  -2.9370949E-05   2.9912779E-04   7.8213047E-04  -9.3808975E-04  -2.7867455E-03  -4.2508679E-07   4.3459507E-06
  3.8015029E-07  -3.4948474E-06   5.3830370E-07   7.4098263E-05  -2.3145775E-04   1.0311589E-03   1.6231244E-04   1.0068331E-05   1.0064759E-05  -1.8521797E-03   5.6555913E-05   7.6762300E-05  -1.1006418E-02  -3.7470725E-03  -7.0849551E-04   4.0247627E-03  -1.6688523E-03  -2.0924473E-04  -5.8053888E-04  -3.9796774E-04   2.0944151E-03  -8.0286202E-06  -1.5573675E-07  -1.1708758E-05   5.1369998E-06  -1.1581907E-05  -3.7420290E-05  -1.1040100E-07  -1.0965652E-07
  1.9637762E-07  -2.6262071E-06   3.3081899E-07   7.9106114E-06  -2.2200511E-06   2.2906822E-04   1.0068331E-05   1.4992399E-05   8.0657231E-07  -4.2632346E-03   1.0119179E-04   6.6446619E-04  -2.0654022E-02  -5.6009702E-03   1.1673907E-03   4.7226975E-03  -2.0429785E-03   3.3873151E-04  -2.4488720E-04  -2.0076255E-04   1.4641516E-03  -5.6364931E-07   3.3533505E-07  -5.2749865E-06  -8.5370696E-08  -3.2460846E-06  -3.7926992E-05  -6.6389080E-08  -1.0625751E-07
  2.7243261E-08  -3.3020223E-07   5.0029485E-08  -6.4992225E-07  -1.3399333E-05   6.2403058E-05   1.0064759E-05   8.0657231E-07   6.0514742E-06   5.8210199E-04   6.8774027E-06  -5.2853064E-05   3.1825943E-03   9.2518079E-04   5.5161988E-04   1.3569731E-03  -2.9876699E-05   4.1310986E-05  -2.9366142E-05  -2.9533426E-05   8.5371958E-04   1.0465033E-07   4.3463610E-07  -1.9779991E-06   2.3155980E-06  -2.2803427E-06   5.3168665E-07  -3.3724832E-10  -4.2982960E-09
 -8.1623610E-05   5.4021940E-05   6.5414142E-06  -7.0889316E-04   1.3749126E-02  -4.8783107E-02  -1.8521797E-03  -4.2632346E-03   5.8210199E-04   4.4528034E+01  -4.0664528E-01  -7.8476770E-01   3.2340328E+01   1.6221710E+00  -1.3465243E+01  -5.5667226E+01  -1.1039248E-01   3.5818862E-01   6.2557342E-01  -5.7070168E+00  -3.3046403E+01  -4.4218434E-03   1.3217537E-03  -1.3248936E-03  -5.5225409E-03  -9.8961221E-03   7.9650392E-03  -2.6840359E-04   6.8299297E-04
  1.8137692E-06  -3.3603637E-06   1.4660060E-06   1.9102003E-07  -3.1109090E-04   1.1649110E-03   5.6555913E-05   1.0119179E-04   6.8774027E-06  -4.0664528E-01   8.1514103E-02  -4.9725936E-02  -4.0157117E-01   9.2103561E-01   1.7097963E+00   6.6574916E-01   4.7678764E-02  -1.9357522E-02   4.4335326E-03   9.1535372E-02   1.3152298E-01   2.6891347E-05   1.8435263E-04   1.7771610E-06   2.3181085E-04   3.4465694E-05   3.0244914E-04   1.0516708E-05  -3.8245465E-06
  1.4588531E-05  -2.6360402E-05  -2.8120798E-06   1.1426894E-04  -1.7418619E-04   4.2738840E-03   7.6762300E-05   6.6446619E-04  -5.2853064E-05  -7.8476770E-01  -4.9725936E-02   3.8041587E+00  -2.9189913E+01  -3.0262571E+00   7.3882168E+00   5.2294815E+00  -2.6744176E+00  -1.1823473E-01   1.8572476E-01   2.6170217E+00   3.1242347E+00   4.1658275E-04  -9.1781322E-04   5.0347086E-04  -3.7681704E-04   9.0191463E-04  -3.3250200E-03   9.6642424E-05  -7.4789185E-05
 -2.8422524E-04   6.3537759E-04   1.5823761E-05  -6.9781530E-03   4.0989465E-02  -1.4875728E-01  -1.1006418E-02  -2.0654022E-02   3.1825943E-03   3.2340328E+01  -4.0157117E-01  -2.9189913E+01   7.6908869E+02   6.6323967E+01  -4.8426058E+01  -5.3759257E+01   1.3005337E+01  -7.2180004E+00   5.7260739E+00  -1.1812424E+01  -2.2371863E+01  -7.4572913E-04   1.2054971E-02  -3.9608985E-03  -2.1792571E-02  -1.5847028E-02   3.9128426E-02   3.9147910E-03   7.7933301E-04
 -1.8210397E-04   5.7793481E-04  -3.0977286E-05  -3.4963253E-03   5.0745342E-03  -6.6964242E-02  -3.7470725E-03  -5.6009702E-03   9.2518079E-04   1.6221710E+00   9.2103561E-01  -3.0262571E+00   6.6323967E+01   6.0297896E+01   4.0943531E+01   1.5516869E+01  -5.3278496E+00  -5.3357054E-01  -1.1236727E+00   3.1577369E+00   3.5638957E+00   1.0260017E-04   3.6582149E-03  -6.0083292E-03   9.2582561E-04   1.6548780E-03   3.3459247E-02   1.5297795E-04   1.3606388E-05
 -4.2236056E-05   3.3067960E-04  -4.7581618E-06  -2.3011089E-03  -8.2842311E-03  -4.1516844E-03  -7.0849551E-04   1.1673907E-03   5.5161988E-04  -1.3465243E+01   1.7097963E+00   7.3882168E+00  -4.8426058E+01   4.0943531E+01   8.5359269E+01   5.3699208E+01  -1.1841646E+01  -7.8086988E-01  -4.5907005E-01   4.7708393E+00   7.7948758E+00  -7.1997620E-04   1.4236192E-03  -4.7669373E-03   7.4922642E-03   7.9081253E-03  -4.7512549E-03   5.9326795E-04  -5.1434884E-04
  4.2540961E-05   1.4952278E-04  -9.5627539E-06  -1.2033988E-03  -2.2635258E-02   6.1670829E-02   4.0247627E-03   4.7226975E-03   1.3569731E-03  -5.5667226E+01   6.6574916E-01   5.2294815E+00  -5.3759257E+01   1.5516869E+01   5.3699208E+01   1.0519403E+02  -9.3673236E+00  -7.1267066E-01  -1.1596828E+00   5.3744845E+00   3.3258016E+01   6.7214944E-03  -2.9634648E-03  -6.9548189E-03   9.5034004E-03   1.9977816E-02  -2.5431011E-02   6.2539914E-04  -1.4111452E-03
 -4.0215985E-05   7.6941207E-05  -7.1721510E-06  -4.6906929E-04  -4.7552344E-03   4.0871863E-03  -1.6688523E-03  -2.0429785E-03  -2.9876699E-05  -1.1039248E-01   4.7678764E-02  -2.6744176E+00   1.3005337E+01  -5.3278496E+00  -1.1841646E+01  -9.3673236E+00   5.9360364E+00  -8.6599606E-03  -3.1167978E-01  -2.1318168E+00  -2.3117451E+00   6.4537200E-05   1.0045247E-03  -6.0272687E-05   1.7972522E-03  -1.6563174E-03   3.0101123E-03  -7.9616226E-05   6.3188840E-05
  5.3467239E-07  -4.3279688E-05   2.7992741E-06   4.7433042E-05   9.3198324E-03  -1.9564553E-02  -2.0924473E-04   3.3873151E-04   4.1310986E-05   3.5818862E-01  -1.9357522E-02  -1.1823473E-01  -7.2180004E+00  -5.3357054E-01  -7.8086988E-01  -7.1267066E-01  -8.6599606E-03   3.2872191E+00   5.5753107E-01   1.9592881E-01   2.2645019E-01  -9.3343946E-05   9.1588681E-04   2.0104796E-03   1.7102569E-03   2.1722791E-03   1.6097473E-03   1.3964996E-04   2.9981720E-05
 -6.8787432E-06  -2.0331005E-05   7.1771261E-06   2.7992464E-05   5.6828773E-03  -8.8991024E-03  -5.8053888E-04  -2.4488720E-04  -2.9366142E-05   6.2557342E-01   4.4335326E-03   1.8572476E-01   5.7260739E+00  -1.1236727E+00  -4.5907005E-01  -1.1596828E+00  -3.1167978E-01   5.5753107E-01   3.0910388E+00   2.5523272E+00   2.5152071E+00   3.2132790E-04  -2.7046619E-04   3.1061367E-03  -2.0773886E-03  -1.9796529E-03  -4.2641187E-03  -1.6157505E-04  -4.2526479E-05
 -1.1951162E-05   2.0525093E-05  -3.6107676E-06   7.9542137E-05  -7.0470981E-03   2.7269187E-02  -3.9796774E-04  -2.0076255E-04  -2.9533426E-05  -5.7070168E+00   9.1535372E-02   2.6170217E+00  -1.1812424E+01   3.1577369E+00   4.7708393E+00   5.3744845E+00  -2.1318168E+00   1.9592881E-01   2.5523272E+00   1.0358826E+01   1.8627905E+01   2.0359044E-03  -8.3973961E-04   4.7816294E-03  -4.8275673E-03   2.9406371E-04   1.7007745E-02  -2.7440013E-05   3.6455036E-04
  9.3935910E-06   4.0824506E-05  -9.3313526E-06   2.1617312E-04  -2.3357375E-02   8.1009088E-02   2.0944151E-03   1.4641516E-03   8.5371958E-04  -3.3046403E+01   1.3152298E-01   3.1242347E+00  -2.2371863E+01   3.5638957E+00   7.7948758E+00   3.3258016E+01  -2.3117451E+00   2.2645019E-01   2.5152071E+00   1.8627905E+01   5.2593359E+01   4.9391664E-03  -1.7886210E-03   9.5223353E-03  -2.5448492E-03   1.7759477E-03   2.9425759E-02   5.5053242E-05   9.3013024E-04
  4.4674297E-08  -6.7044966E-08  -1.5149219E-07  -4.3968096E-06   2.3426826E-04  -7.6808396E-04  -8.0286202E-06  -5.6364931E-07   1.0465033E-07  -4.4218434E-03   2.6891347E-05   4.1658275E-04  -7.4572913E-04   1.0260017E-04  -7.1997620E-04   6.7214944E-03   6.4537200E-05  -9.3343946E-05   3.2132790E-04   2.0359044E-03   4.9391664E-03   1.4704563E-03   2.5594741E-04   9.3615447E-05  -3.4786332E-04  -1.7579492E-04  -1.6797400E-04  -5.1583520E-08   6.5989603E-08
 -7.3661558E-08   3.3119826E-07   9.2319368E-08  -4.5934386E-07   6.7343071E-06  -2.9370949E-05  -1.5573675E-07   3.3533505E-07   4.3463610E-07   1.3217537E-03   1.8435263E-04  -9.1781322E-04   1.2054971E-02   3.6582149E-03   1.4236192E-03  -2.9634648E-03   1.0045247E-03   9.1588681E-04  -2.7046619E-04  -8.3973961E-04  -1.7886210E-03   2.5594741E-04   8.6966706E-04   6.2589200E-06   7.4536173E-04   5.4735151E-05  -6.3094635E-04  -5.6681524E-08  -9.7315549E-08
 -2.7386933E-07   2.1216524E-06   1.1277204E-07  -5.6775049E-06  -1.8346782E-04   2.9912779E-04  -1.1708758E-05  -5.2749865E-06  -1.9779991E-06  -1.3248936E-03   1.7771610E-06   5.0347086E-04  -3.9608985E-03  -6.0083292E-03  -4.7669373E-03  -6.9548189E-03  -6.0272687E-05   2.0104796E-03   3.1061367E-03   4.7816294E-03   9.5223353E-03   9.3615447E-05   6.2589200E-06   6.9947777E-03  -2.9936997E-04   6.5485812E-04   4.2478238E-03   5.4044383E-07   1.6537567E-07
 -2.1522382E-07   1.0336496E-06   2.7157064E-08  -1.9663338E-07  -2.9485504E-04   7.8213047E-04   5.1369998E-06  -8.5370696E-08   2.3155980E-06  -5.5225409E-03   2.3181085E-04  -3.7681704E-04  -2.1792571E-02   9.2582561E-04   7.4922642E-03   9.5034004E-03   1.7972522E-03   1.7102569E-03  -2.0773886E-03  -4.8275673E-03  -2.5448492E-03  -3.4786332E-04   7.4536173E-04  -2.9936997E-04   2.8405591E-03   6.0439007E-04  -5.8052370E-04   2.3603957E-07  -1.0752369E-07
 -1.3607802E-07   5.5448355E-07   2.5612077E-07  -5.9856233E-06   3.2159756E-04  -9.3808975E-04  -1.1581907E-05  -3.2460846E-06  -2.2803427E-06  -9.8961221E-03   3.4465694E-05   9.0191463E-04  -1.5847028E-02   1.6548780E-03   7.9081253E-03   1.9977816E-02  -1.6563174E-03   2.1722791E-03  -1.9796529E-03   2.9406371E-04   1.7759477E-03  -1.7579492E-04   5.4735151E-05   6.5485812E-04   6.0439007E-04   6.4656632E-03   7.7596363E-03   1.4893059E-06  -2.1346824E-07
 -1.7609878E-06   1.1129320E-05   4.5681891E-07  -3.6177372E-05   5.6399443E-04  -2.7867455E-03  -3.7420290E-05  -3.7926992E-05   5.3168665E-07   7.9650392E-03   3.0244914E-04  -3.3250200E-03   3.9128426E-02   3.3459247E-02  -4.7512549E-03  -2.5431011E-02   3.0101123E-03   1.6097473E-03  -4.2641187E-03   1.7007745E-02   2.9425759E-02  -1.6797400E-04  -6.3094635E-04   4.2478238E-03  -5.8052370E-04   7.7596363E-03   7.0318723E-02   3.6151413E-06   4.5958049E-06
  4.1118892E-09  -1.1171628E-08   2.5515765E-09  -1.1793908E-07   6.2031829E-07  -4.2508679E-07  -1.1040100E-07  -6.6389080E-08  -3.3724832E-10  -2.6840359E-04   1.0516708E-05   9.6642424E-05   3.9147910E-03   1.5297795E-04   5.9326795E-04   6.2539914E-04  -7.9616226E-05   1.3964996E-04  -1.6157505E-04  -2.7440013E-05   5.5053242E-05  -5.1583520E-08  -5.6681524E-08   5.4044383E-07   2.3603957E-07   1.4893059E-06   3.6151413E-06   3.7374585E-07  -4.7946238E-09
 -3.1099962E-09   1.6474502E-08  -1.8503635E-09  -5.5833535E-08  -1.9457892E-06   4.3459507E-06  -1.0965652E-07  -1.0625751E-07  -4.2982960E-09   6.8299297E-04  -3.8245465E-06  -7.4789185E-05   7.7933301E-04   1.3606388E-05  -5.1434884E-04  -1.4111452E-03   6.3188840E-05   2.9981720E-05  -4.2526479E-05   3.6455036E-04   9.3013024E-04   6.5989603E-08  -9.7315549E-08   1.6537567E-07  -1.0752369E-07  -2.1346824E-07   4.5958049E-06  -4.7946238E-09   3.9227591E-07
