# omegabh2 omegach2 theta tau nnu logA ns calPlanck aps100 aps143 aps217 acib217 asz143 psr cibr xi aksz dust100 dust143 dust217 dust143x217 cal0 cal2 calTE calEE
  3.6297535E-08   3.1651671E-07  -3.0405472E-08   2.0457662E-07   2.3626580E-05   1.3609835E-06   9.5579396E-07   1.1405944E-08   1.6612567E-04   6.9596743E-05  -3.5577292E-05   4.7080273E-05   2.9525808E-06   1.5888675E-07   1.1243075E-06   1.5098145E-07   9.4498976E-06   1.2888705E-06   1.6427343E-07   1.7042383E-07   5.8372186E-07   7.5505044E-09   1.0930054E-08   4.7128605E-08   8.3801183E-09
  3.1651671E-07   1.0216256E-05  -1.1449545E-06  -2.4378562E-06   6.0236481E-04   2.1362302E-05   1.7608151E-05  -3.2760226E-07   1.4904034E-02   8.6158030E-03  -2.9658483E-03   4.7284522E-03  -3.6669008E-04  -3.1004808E-05   1.0358332E-04  -4.8163338E-05   1.0056222E-03   1.9299470E-05   2.8109026E-05  -2.2471338E-05   2.0008814E-06   6.6376026E-09   3.8080587E-07   3.8571582E-06   6.6837179E-06
 -3.0405472E-08  -1.1449545E-06   2.1616301E-07   2.4429322E-07  -7.0326057E-05  -2.3014665E-06  -2.0627127E-06   6.0222272E-08  -1.6994370E-03  -9.5182285E-04   3.3206283E-04  -5.2139712E-04   5.1906623E-05   4.4811294E-06  -1.2817899E-05   5.0054267E-06  -1.3359323E-04  -2.7014368E-06  -4.2240490E-06   2.1013912E-06  -2.9446932E-07   6.6737277E-09  -5.0530395E-08  -5.3323383E-07  -8.1828117E-07
  2.0457662E-07  -2.4378562E-06   2.4429322E-07   5.0843834E-05  -9.0840189E-06   9.3072961E-05   7.7893601E-06  -8.2576527E-07  -1.1148623E-02  -4.6368521E-03   2.5929242E-03  -3.7241182E-03   1.1283992E-04  -9.6890333E-07  -5.4934519E-05   1.8111573E-05  -1.7168948E-04   3.0195239E-05   3.0375025E-05   3.5040019E-05   2.6709066E-05  -3.4366228E-07  -2.3309025E-07  -3.0549139E-06  -2.6136611E-06
  2.3626580E-05   6.0236481E-04  -7.0326057E-05  -9.0840189E-06   3.8905551E-02   1.5675141E-03   1.2676323E-03  -9.5449492E-06   9.2502485E-01   5.2418572E-01  -1.6479050E-01   2.7382745E-01  -2.5030447E-02  -2.0030762E-03   6.0461354E-03  -2.9071086E-03   6.5297709E-02   1.4225524E-03   1.5495993E-03  -1.1379789E-03   2.5572436E-04   2.2894920E-06   2.3227594E-05   2.5643030E-04   4.6212962E-04
  1.3609835E-06   2.1362302E-05  -2.3014665E-06   9.3072961E-05   1.5675141E-03   2.6416491E-04   6.2413934E-05   9.5319180E-06   2.1366507E-02   1.4133234E-02   4.1997732E-03   3.9169199E-03  -5.6015781E-04  -5.0277141E-05   1.0397364E-04  -5.3963193E-05   1.4022453E-03   1.2693913E-04   5.2600381E-05   3.5975473E-05   5.7487513E-05   8.6572685E-08   5.7149422E-07   4.0797956E-06   1.4231258E-05
  9.5579396E-07   1.7608151E-05  -2.0627127E-06   7.7893601E-06   1.2676323E-03   6.2413934E-05   5.5492303E-05   3.4288977E-07   8.7476048E-03   1.0077015E-02   3.0293247E-03   2.7964478E-03  -3.8982679E-04  -9.2254072E-06   9.0226412E-05  -3.2719418E-05   3.5735945E-04   6.3598500E-05   2.4373479E-05   3.1655291E-06   6.6438505E-06  -2.3665568E-07   5.3167709E-07   7.7620119E-06   1.2386441E-05
  1.1405944E-08  -3.2760226E-07   6.0222272E-08  -8.2576527E-07  -9.5449492E-06   9.5319180E-06   3.4288977E-07   6.0558314E-06   3.0267388E-03   1.0678584E-04   8.4073770E-04   6.5754155E-04   2.1092332E-05  -7.9630969E-07  -2.1920522E-06  -1.7725384E-06   1.0768326E-05   1.4747867E-05   2.7293964E-06   5.6950351E-06   3.1520372E-06   4.0144486E-08  -6.3364537E-11  -3.5488508E-07  -3.5595412E-07
  1.6612567E-04   1.4904034E-02  -1.6994370E-03  -1.1148623E-02   9.2502485E-01   2.1366507E-02   8.7476048E-03   3.0267388E-03   6.1605707E+02   6.7275211E+01  -6.0468635E+01   3.6800137E+01  -2.4661784E+01  -8.7085148E-01  -4.5396687E-02  -4.6573469E-01   1.2491950E+01  -1.9652089E-01   2.4737616E-01  -2.9330635E-01  -1.9939777E-01   6.8075054E-03   2.9570012E-03   7.2714835E-03   1.6164283E-02
  6.9596743E-05   8.6158030E-03  -9.5182285E-04  -4.6368521E-03   5.2418572E-01   1.4133234E-02   1.0077015E-02   1.0678584E-04   6.7275211E+01   7.3233005E+01   7.6845888E+00   9.5964486E+00  -5.9448314E-01  -3.6772806E-02   5.0142844E-01   7.9768004E-01  -7.4994236E+00  -2.6876239E-02  -2.1261197E-01   3.7995967E-02   7.1403142E-02   8.4138955E-04   8.5218885E-04   5.8002458E-03   9.8545483E-03
 -3.5577292E-05  -2.9658483E-03   3.3206283E-04   2.5929242E-03  -1.6479050E-01   4.1997732E-03   3.0293247E-03   8.4073770E-04  -6.0468635E+01   7.6845888E+00   1.7147151E+02  -8.2949096E+01   2.3874742E+00   3.3375136E-01  -9.9152716E-01   4.3175620E-01  -6.6187132E+00  -5.0448011E-02  -2.3260370E-01   5.8228007E-01  -1.8280986E-03   1.4966873E-03  -7.4094577E-03   2.0943506E-03   1.8126513E-03
  4.7080273E-05   4.7284522E-03  -5.2139712E-04  -3.7241182E-03   2.7382745E-01   3.9169199E-03   2.7964478E-03   6.5754155E-04   3.6800137E+01   9.5964486E+00  -8.2949096E+01   5.3449891E+01   1.7528879E+00  -4.6326801E-02   7.2944614E-01  -3.1971140E-01  -2.6270321E+00   3.3179666E-02   1.3924083E-01  -4.6496907E-01  -1.0727265E-01  -3.7283978E-04   3.1761990E-03   8.3335939E-04   2.4837902E-03
  2.9525808E-06  -3.6669008E-04   5.1906623E-05   1.1283992E-04  -2.5030447E-02  -5.6015781E-04  -3.8982679E-04   2.1092332E-05  -2.4661784E+01  -5.9448314E-01   2.3874742E+00   1.7528879E+00   4.2749374E+00   1.0645742E-01   1.5505229E-01  -2.5463577E-02  -3.5684481E+00  -5.5305719E-03  -5.0976651E-03   7.7507468E-03   5.3162406E-02   4.6842693E-04  -2.2699173E-04  -5.4449090E-04  -6.6729679E-04
  1.5888675E-07  -3.1004808E-05   4.4811294E-06  -9.6890333E-07  -2.0030762E-03  -5.0277141E-05  -9.2254072E-06  -7.9630969E-07  -8.7085148E-01  -3.6772806E-02   3.3375136E-01  -4.6326801E-02   1.0645742E-01   1.8473804E-02  -1.8032815E-02   1.4266918E-02  -1.0811529E-01  -3.5374544E-04  -1.2759555E-03  -2.9383708E-03   5.4418147E-03   1.9733437E-05  -3.9980516E-05   1.2837402E-06  -2.7444598E-05
  1.1243075E-06   1.0358332E-04  -1.2817899E-05  -5.4934519E-05   6.0461354E-03   1.0397364E-04   9.0226412E-05  -2.1920522E-06  -4.5396687E-02   5.0142844E-01  -9.9152716E-01   7.2944614E-01   1.5505229E-01  -1.8032815E-02   7.0000524E-02   6.9902730E-04  -1.6132565E-01   1.1505411E-03   7.2277517E-03   3.4207249E-04  -1.7325006E-02  -7.1133904E-06   1.0385329E-04  -1.7331718E-05   4.6018151E-05
  1.5098145E-07  -4.8163338E-05   5.0054267E-06   1.8111573E-05  -2.9071086E-03  -5.3963193E-05  -3.2719418E-05  -1.7725384E-06  -4.6573469E-01   7.9768004E-01   4.3175620E-01  -3.1971140E-01  -2.5463577E-02   1.4266918E-02   6.9902730E-04   8.2176949E-02   2.6660987E-02  -1.0895919E-04   1.2470066E-03   1.5900355E-03   2.6385022E-03   8.9151233E-06  -6.0558303E-06  -8.8625400E-06  -4.2761483E-05
  9.4498976E-06   1.0056222E-03  -1.3359323E-04  -1.7168948E-04   6.5297709E-02   1.4022453E-03   3.5735945E-04   1.0768326E-05   1.2491950E+01  -7.4994236E+00  -6.6187132E+00  -2.6270321E+00  -3.5684481E+00  -1.0811529E-01  -1.6132565E-01   2.6660987E-02   7.3685978E+00   3.7577890E-03  -2.1119141E-04  -5.1931019E-03  -4.7085359E-02  -3.9319719E-04   5.4124744E-05   2.8233915E-04   1.0397461E-03
  1.2888705E-06   1.9299470E-05  -2.7014368E-06   3.0195239E-05   1.4225524E-03   1.2693913E-04   6.3598500E-05   1.4747867E-05  -1.9652089E-01  -2.6876239E-02  -5.0448011E-02   3.3179666E-02  -5.5305719E-03  -3.5374544E-04   1.1505411E-03  -1.0895919E-04   3.7577890E-03   3.8310577E-02   3.0437749E-03   7.1494931E-06   5.4800460E-04   3.8774743E-05   5.4225849E-06  -1.0597557E-05   1.3670764E-06
  1.6427343E-07   2.8109026E-05  -4.2240490E-06   3.0375025E-05   1.5495993E-03   5.2600381E-05   2.4373479E-05   2.7293964E-06   2.4737616E-01  -2.1261197E-01  -2.3260370E-01   1.3924083E-01  -5.0976651E-03  -1.2759555E-03   7.2277517E-03   1.2470066E-03  -2.1119141E-04   3.0437749E-03   3.0036418E-02  -3.8596867E-04   5.2372162E-03  -7.3692190E-05  -4.1148499E-05  -6.8230695E-05  -4.9710139E-05
  1.7042383E-07  -2.2471338E-05   2.1013912E-06   3.5040019E-05  -1.1379789E-03   3.5975473E-05   3.1655291E-06   5.6950351E-06  -2.9330635E-01   3.7995967E-02   5.8228007E-01  -4.6496907E-01   7.7507468E-03  -2.9383708E-03   3.4207249E-04   1.5900355E-03  -5.1931019E-03   7.1494931E-06  -3.8596867E-04   1.0544803E-02   7.8111965E-03   2.2242700E-06   5.7537321E-05  -7.4792482E-06  -9.9669802E-06
  5.8372186E-07   2.0008814E-06  -2.9446932E-07   2.6709066E-05   2.5572436E-04   5.7487513E-05   6.6438505E-06   3.1520372E-06  -1.9939777E-01   7.1403142E-02  -1.8280986E-03  -1.0727265E-01   5.3162406E-02   5.4418147E-03  -1.7325006E-02   2.6385022E-03  -4.7085359E-02   5.4800460E-04   5.2372162E-03   7.8111965E-03   2.5260287E-02   5.7305019E-08   4.8833368E-05  -1.2594234E-05  -8.9984148E-06
  7.5505044E-09   6.6376026E-09   6.6737277E-09  -3.4366228E-07   2.2894920E-06   8.6572685E-08  -2.3665568E-07   4.0144486E-08   6.8075054E-03   8.4138955E-04   1.4966873E-03  -3.7283978E-04   4.6842693E-04   1.9733437E-05  -7.1133904E-06   8.9151233E-06  -3.9319719E-04   3.8774743E-05  -7.3692190E-05   2.2242700E-06   5.7305019E-08   1.1004622E-06   2.5533550E-08   2.5431566E-07   5.6989434E-07
  1.0930054E-08   3.8080587E-07  -5.0530395E-08  -2.3309025E-07   2.3227594E-05   5.7149422E-07   5.3167709E-07  -6.3364537E-11   2.9570012E-03   8.5218885E-04  -7.4094577E-03   3.1761990E-03  -2.2699173E-04  -3.9980516E-05   1.0385329E-04  -6.0558303E-06   5.4124744E-05   5.4225849E-06  -4.1148499E-05   5.7537321E-05   4.8833368E-05   2.5533550E-08   2.4021888E-06   4.0447609E-07   2.9981256E-07
  4.7128605E-08   3.8571582E-06  -5.3323383E-07  -3.0549139E-06   2.5643030E-04   4.0797956E-06   7.7620119E-06  -3.5488508E-07   7.2714835E-03   5.8002458E-03   2.0943506E-03   8.3335939E-04  -5.4449090E-04   1.2837402E-06  -1.7331718E-05  -8.8625400E-06   2.8233915E-04  -1.0597557E-05  -6.8230695E-05  -7.4792482E-06  -1.2594234E-05   2.5431566E-07   4.0447609E-07   2.6424163E-05   1.1769340E-05
  8.3801183E-09   6.6837179E-06  -8.1828117E-07  -2.6136611E-06   4.6212962E-04   1.4231258E-05   1.2386441E-05  -3.5595412E-07   1.6164283E-02   9.8545483E-03   1.8126513E-03   2.4837902E-03  -6.6729679E-04  -2.7444598E-05   4.6018151E-05  -4.2761483E-05   1.0397461E-03   1.3670764E-06  -4.9710139E-05  -9.9669802E-06  -8.9984148E-06   5.6989434E-07   2.9981256E-07   1.1769340E-05   2.9599104E-05
