# omegabh2 omegach2 theta tau w wa logA ns calPlanck alpha_JLA beta_JLA acib217 xi asz143 aps100 aps143 aps143217 aps217 aksz kgal100 kgal143 kgal143217 kgal217 galfEE100 galfEE100143 galfEE100217 galfEE143 galfEE143217 galfEE217 galfTE100 galfTE100143 galfTE100217 galfTE143 galfTE143217 galfTE217 cal0 cal2
    0.2246511E-07   -0.1184922E-06    0.1739282E-07    0.9219170E-06   -0.1710548E-05    0.1645980E-04    0.1648878E-05    0.3177418E-06    0.7536281E-08   -0.1226195E-07   -0.4777614E-07   -0.8009517E-04    0.1839732E-05    0.2097345E-04   -0.3701084E-03   -0.2250432E-03   -0.6042318E-04    0.1671541E-05   -0.3746706E-04   -0.3331457E-05   -0.9785375E-05   -0.2562721E-04   -0.2179585E-04    0.4064810E-07    0.5441062E-07    0.7810843E-09    0.5704695E-07    0.5538180E-07    0.1441457E-06   -0.4619118E-07   -0.6963748E-07   -0.1021648E-06   -0.3047393E-06   -0.5353467E-06   -0.2546424E-05    0.3657900E-08   -0.7076734E-08
   -0.1184922E-06    0.1941763E-05   -0.1676127E-06   -0.1090406E-04    0.2195094E-04   -0.2334730E-03   -0.1728611E-04   -0.4831636E-05   -0.1222251E-06    0.6013069E-07    0.7071616E-07    0.2310959E-03   -0.1980780E-05   -0.1086235E-03    0.1632048E-02    0.1198038E-02    0.5251391E-03    0.3039409E-03    0.1729633E-03    0.1370657E-04    0.3317539E-04    0.1344076E-03    0.1587268E-03   -0.5997484E-06   -0.7365960E-06    0.3665064E-06   -0.8135523E-06   -0.9270151E-07   -0.5055583E-06    0.3983109E-06    0.7286182E-06    0.5202327E-06    0.2498696E-05    0.3440153E-05    0.1483659E-04    0.8806616E-08    0.3153596E-07
    0.1739282E-07   -0.1676127E-06    0.1000725E-06    0.1114576E-05   -0.2221136E-05    0.2673241E-04    0.1907143E-05    0.5166217E-06   -0.2072213E-08   -0.3541135E-07   -0.1442303E-06    0.2488964E-04   -0.3462915E-06    0.1819560E-05   -0.6881029E-04   -0.9190939E-04   -0.7927338E-04   -0.8894367E-04   -0.5659029E-05   -0.3950953E-05   -0.5884304E-05   -0.2238502E-04   -0.5392762E-04    0.6025795E-07    0.5239653E-07   -0.5476720E-07    0.5622472E-07    0.8755878E-07    0.2164878E-06   -0.1448477E-06   -0.8523243E-07   -0.2896859E-06   -0.5174166E-06   -0.7119025E-06   -0.2493326E-05   -0.1200617E-08    0.3395587E-08
    0.9219170E-06   -0.1090406E-04    0.1114576E-05    0.2948724E-03   -0.2238401E-03    0.1733729E-02    0.5593624E-03    0.3765142E-04   -0.1889106E-05   -0.1564141E-05   -0.1025493E-05   -0.1325946E-01    0.2829650E-03    0.2526462E-02   -0.5110866E-01   -0.1602600E-01    0.4349531E-02    0.1246798E-01   -0.5027573E-02   -0.4524669E-03   -0.1063317E-02   -0.3443305E-02   -0.2574819E-02    0.3239590E-05    0.3594644E-05   -0.4147888E-05    0.4125107E-05   -0.3833599E-06   -0.2652730E-04   -0.1399529E-05   -0.7873362E-05   -0.1676135E-06   -0.1924835E-04   -0.1573296E-04   -0.7855210E-04   -0.6112566E-08   -0.1767468E-05
   -0.1710548E-05    0.2195094E-04   -0.2221136E-05   -0.2238401E-03    0.1216395E-01   -0.4100527E-01   -0.3894515E-03   -0.4938097E-04    0.2605944E-05   -0.6124760E-04   -0.9050698E-03   -0.8361051E-02   -0.2037209E-03    0.9328016E-04    0.4397295E-02    0.7450056E-02    0.1491001E-02    0.1425512E-01    0.1479043E-03    0.2787632E-02   -0.3631047E-03    0.6819740E-02    0.1794366E-01   -0.6956559E-05   -0.5742896E-05   -0.1698663E-04   -0.1741254E-05   -0.6000688E-04    0.1467597E-04    0.2630784E-04    0.1045648E-04    0.5035495E-04    0.2183260E-04   -0.5108806E-05    0.1832631E-03    0.3389538E-06   -0.3934695E-06
    0.1645980E-04   -0.2334730E-03    0.2673241E-04    0.1733729E-02   -0.4100527E-01    0.1673568E+00    0.2916103E-02    0.5729643E-03    0.5537683E-05    0.1705270E-03    0.2474241E-02    0.9498761E-02    0.9083965E-03    0.1116290E-01   -0.1759323E+00   -0.1262053E+00   -0.4513741E-01   -0.7152001E-01   -0.1761396E-01   -0.8728563E-02   -0.1533671E-02   -0.2985335E-01   -0.6712158E-01    0.7316272E-04    0.7821954E-04   -0.3194083E-04    0.7399644E-04    0.2356871E-03    0.1407140E-03   -0.1537534E-03   -0.1222163E-03   -0.2603886E-03   -0.3006728E-03   -0.3092428E-03   -0.1825460E-02   -0.3001665E-05   -0.3025690E-06
    0.1648878E-05   -0.1728611E-04    0.1907143E-05    0.5593624E-03   -0.3894515E-03    0.2916103E-02    0.1097101E-02    0.6246146E-04    0.8468831E-05   -0.2905617E-05   -0.2258052E-05   -0.2642624E-01    0.6095502E-03    0.4826248E-02   -0.9396780E-01   -0.2768962E-01    0.1293806E-01    0.3225574E-01   -0.1058328E-01   -0.1146101E-02   -0.2593307E-02   -0.6969516E-02   -0.2975222E-02    0.6432882E-05    0.5954479E-05   -0.6873400E-05    0.7435138E-05   -0.3671458E-05   -0.4954964E-04   -0.3122952E-05   -0.1530468E-04   -0.3686248E-05   -0.2846750E-04   -0.2356858E-04   -0.1061991E-03    0.2585146E-06   -0.3540640E-05
    0.3177418E-06   -0.4831636E-05    0.5166217E-06    0.3765142E-04   -0.4938097E-04    0.5729643E-03    0.6246146E-04    0.2149871E-04    0.3210144E-06   -0.3107113E-06   -0.2832285E-05   -0.4691979E-02    0.1110006E-03    0.1112490E-02   -0.2504470E-01   -0.7227715E-02    0.2084607E-02    0.4934784E-02   -0.2527010E-02    0.2099516E-03   -0.2524231E-03   -0.8617397E-03   -0.4494287E-04    0.2737459E-05    0.3480696E-05   -0.2085419E-06    0.3872994E-05    0.9006575E-06    0.4920344E-05   -0.2301352E-06   -0.2231763E-05    0.4427267E-06   -0.8782753E-05   -0.4974531E-05   -0.2284758E-04   -0.1698234E-06   -0.4223169E-06
    0.7536281E-08   -0.1222251E-06   -0.2072213E-08   -0.1889106E-05    0.2605944E-05    0.5537683E-05    0.8468831E-05    0.3210144E-06    0.6221130E-05    0.6569016E-07   -0.2809584E-06    0.6449139E-03   -0.1911892E-05    0.3546135E-06    0.3558662E-02    0.5430065E-03    0.3718730E-03    0.1549871E-02   -0.5354823E-04   -0.9861187E-05   -0.8558851E-05   -0.3476596E-05    0.8343744E-03    0.9000205E-06    0.5414400E-06    0.3024791E-06    0.9681810E-06   -0.5255112E-06    0.4252267E-05   -0.1688921E-06   -0.4611015E-06   -0.1872679E-05    0.1938707E-05    0.9426533E-06    0.1302979E-04    0.5586305E-08   -0.2215850E-08
   -0.1226195E-07    0.6013069E-07   -0.3541135E-07   -0.1564141E-05   -0.6124760E-04    0.1705270E-03   -0.2905617E-05   -0.3107113E-06    0.6569016E-07    0.4364585E-04   -0.2499070E-04    0.5072726E-03   -0.1074472E-04   -0.3174141E-04    0.5897414E-04    0.9949552E-04   -0.1148748E-03   -0.3802082E-03    0.3224602E-04   -0.1926997E-03   -0.6228324E-04   -0.3713327E-03   -0.6148561E-03    0.1052505E-06    0.1541693E-06    0.8312818E-06    0.4706155E-07    0.5199108E-06    0.1949663E-05   -0.1144988E-05    0.2423918E-06   -0.4180659E-06   -0.2017215E-05    0.1368047E-05    0.1645120E-04   -0.4841886E-07   -0.2828249E-07
   -0.4777614E-07    0.7071616E-07   -0.1442303E-06   -0.1025493E-05   -0.9050698E-03    0.2474241E-02   -0.2258052E-05   -0.2832285E-05   -0.2809584E-06   -0.2499070E-04    0.6656564E-02    0.1790410E-02   -0.2774128E-03    0.7283923E-03   -0.1054513E-01    0.1690635E-04   -0.2489726E-02   -0.9003056E-03   -0.4231875E-03    0.1748894E-03   -0.7195594E-03    0.9771936E-03    0.2113092E-02    0.8825295E-06   -0.3326323E-05    0.8229954E-05   -0.7081239E-05   -0.1806557E-04   -0.4720844E-05    0.2458242E-04   -0.4683663E-05    0.5088368E-04   -0.6559013E-05    0.1977233E-04    0.1118439E-03   -0.4803642E-06    0.1005380E-05
   -0.8009517E-04    0.2310959E-03    0.2488964E-04   -0.1325946E-01   -0.8361051E-02    0.9498761E-02   -0.2642624E-01   -0.4691979E-02    0.6449139E-03    0.5072726E-03    0.1790410E-02    0.4355344E+02   -0.4986164E+00   -0.1572131E+01    0.3916610E+02   -0.4276927E+00   -0.2172504E+02   -0.6137202E+02    0.3182738E+00    0.7403885E-01   -0.4367562E-01   -0.2351380E+01   -0.1914759E+02   -0.5418784E-03   -0.5230662E-03   -0.3181786E-02   -0.4133091E-03    0.2667410E-02   -0.1721954E-02   -0.5814671E-03    0.6717283E-03    0.2708462E-02    0.2910512E-03   -0.4889187E-02   -0.4819743E-02   -0.3029177E-03    0.4333048E-02
    0.1839732E-05   -0.1980780E-05   -0.3462915E-06    0.2829650E-03   -0.2037209E-03    0.9083965E-03    0.6095502E-03    0.1110006E-03   -0.1911892E-05   -0.1074472E-04   -0.2774128E-03   -0.4986164E+00    0.8099238E-01   -0.7618705E-01   -0.4232712E+00    0.1054783E+01    0.1911358E+01    0.7758397E+00    0.7047633E-01   -0.7329052E-02    0.6992314E-02    0.9968890E-01    0.1058632E+00    0.7339371E-05    0.2524822E-04   -0.1436468E-05    0.3516797E-04    0.2410488E-04   -0.1867555E-03    0.6327042E-05    0.3431000E-04    0.2406799E-03   -0.8099484E-04   -0.3102590E-03   -0.4052999E-03    0.8658760E-05   -0.2054847E-04
    0.2097345E-04   -0.1086235E-03    0.1819560E-05    0.2526462E-02    0.9328016E-04    0.1116290E-01    0.4826248E-02    0.1112490E-02    0.3546135E-06   -0.3174141E-04    0.7283923E-03   -0.1572131E+01   -0.7618705E-01    0.3561560E+01   -0.2781812E+02   -0.3780491E+01    0.7348872E+01    0.6329939E+01   -0.2432270E+01   -0.2018160E+00    0.2941711E-01    0.2197474E+01    0.1996031E+01    0.1298832E-03    0.1473194E-03    0.1209884E-03    0.1390570E-03    0.2159918E-03    0.1564660E-02    0.2360448E-04   -0.3794243E-03    0.3721773E-03    0.2587672E-03    0.8896029E-03    0.9183002E-04    0.1698938E-03   -0.3436449E-03
   -0.3701084E-03    0.1632048E-02   -0.6881029E-04   -0.5110866E-01    0.4397295E-02   -0.1759323E+00   -0.9396780E-01   -0.2504470E-01    0.3558662E-02    0.5897414E-04   -0.1054513E-01    0.3916610E+02   -0.4232712E+00   -0.2781812E+02    0.7446436E+03    0.6475408E+02   -0.5927551E+02   -0.6672692E+02    0.1198107E+02   -0.3219148E+01    0.3508885E+01   -0.9186827E+01   -0.1273398E+02   -0.3325341E-02   -0.2957557E-02    0.2509270E-02   -0.2828743E-02    0.3688464E-02    0.2136792E-02    0.3903813E-02   -0.1916220E-02   -0.5981679E-02    0.1003015E-02   -0.1728259E-01   -0.5137980E-01    0.5986986E-02    0.4217868E-02
   -0.2250432E-03    0.1198038E-02   -0.9190939E-04   -0.1602600E-01    0.7450056E-02   -0.1262053E+00   -0.2768962E-01   -0.7227715E-02    0.5430065E-03    0.9949552E-04    0.1690635E-04   -0.4276927E+00    0.1054783E+01   -0.3780491E+01    0.6475408E+02    0.5969585E+02    0.4458115E+02    0.1805163E+02   -0.4162800E+01   -0.2368127E+00   -0.1010190E+01    0.3660668E+01    0.3633057E+01   -0.1211643E-02   -0.9957244E-03    0.2031498E-02   -0.8183685E-03   -0.2926757E-02   -0.1178169E-01    0.2967188E-02    0.2260038E-02    0.6345275E-02    0.6791062E-03   -0.1972768E-02    0.2995477E-01    0.9108602E-04    0.3284403E-04
   -0.6042318E-04    0.5251391E-03   -0.7927338E-04    0.4349531E-02    0.1491001E-02   -0.4513741E-01    0.1293806E-01    0.2084607E-02    0.3718730E-03   -0.1148748E-03   -0.2489726E-02   -0.2172504E+02    0.1911358E+01    0.7348872E+01   -0.5927551E+02    0.4458115E+02    0.9930542E+02    0.6648498E+02   -0.1112212E+02   -0.7724170E+00   -0.3678349E+00    0.4470607E+01    0.5092505E+01   -0.2116010E-03    0.3932686E-03    0.3063573E-02    0.7092925E-03    0.1178640E-02   -0.1172478E-01    0.2484626E-02    0.3096160E-03    0.8587695E-02    0.5500560E-03   -0.3698945E-02    0.7698287E-02    0.7365497E-03   -0.2690417E-02
    0.1671541E-05    0.3039409E-03   -0.8894367E-04    0.1246798E-01    0.1425512E-01   -0.7152001E-01    0.3225574E-01    0.4934784E-02    0.1549871E-02   -0.3802082E-03   -0.9003056E-03   -0.6137202E+02    0.7758397E+00    0.6329939E+01   -0.6672692E+02    0.1805163E+02    0.6648498E+02    0.1212204E+03   -0.9626197E+01   -0.4647009E+00   -0.2349264E+00   -0.1480089E+00    0.1604322E+02    0.6844421E-03    0.4630929E-03    0.6395554E-02    0.5613808E-03   -0.2477060E-02   -0.1135588E-03    0.2012597E-02   -0.1397547E-02   -0.2730338E-02    0.1343583E-02    0.1116318E-01    0.2587905E-01    0.7048946E-03   -0.7627242E-02
   -0.3746706E-04    0.1729633E-03   -0.5659029E-05   -0.5027573E-02    0.1479043E-03   -0.1761396E-01   -0.1058328E-01   -0.2527010E-02   -0.5354823E-04    0.3224602E-04   -0.4231875E-03    0.3182738E+00    0.7047633E-01   -0.2432270E+01    0.1198107E+02   -0.4162800E+01   -0.1112212E+02   -0.9626197E+01    0.5581519E+01    0.1097248E+00   -0.3788115E-01   -0.1694552E+01   -0.1419170E+01   -0.1704118E-03   -0.3326969E-03   -0.3637726E-03   -0.2556176E-03    0.9094172E-04    0.1885363E-02   -0.7979828E-03    0.2820666E-03   -0.2109393E-02    0.8597178E-03   -0.1418304E-02   -0.5853579E-02   -0.1101145E-03    0.1487017E-03
   -0.3331457E-05    0.1370657E-04   -0.3950953E-05   -0.4524669E-03    0.2787632E-02   -0.8728563E-02   -0.1146101E-02    0.2099516E-03   -0.9861187E-05   -0.1926997E-03    0.1748894E-03    0.7403885E-01   -0.7329052E-02   -0.2018160E+00   -0.3219148E+01   -0.2368127E+00   -0.7724170E+00   -0.4647009E+00    0.1097248E+00    0.3536989E+01    0.3975260E+00    0.6484431E-01    0.1325937E+00    0.1693043E-03    0.1413755E-03    0.1769922E-03    0.5012828E-04   -0.2778498E-03    0.3391535E-02   -0.5048463E-03    0.2149346E-03    0.3431032E-04   -0.5845791E-04   -0.6259192E-03    0.3501050E-02    0.2972593E-03   -0.2394637E-05
   -0.9785375E-05    0.3317539E-04   -0.5884304E-05   -0.1063317E-02   -0.3631047E-03   -0.1533671E-02   -0.2593307E-02   -0.2524231E-03   -0.8558851E-05   -0.6228324E-04   -0.7195594E-03   -0.4367562E-01    0.6992314E-02    0.2941711E-01    0.3508885E+01   -0.1010190E+01   -0.3678349E+00   -0.2349264E+00   -0.3788115E-01    0.3975260E+00    0.3358501E+01    0.2584790E+01    0.1820088E+01    0.1140460E-03    0.1043715E-03   -0.9595124E-04    0.2960695E-04    0.9935592E-03    0.2248394E-04   -0.6595070E-03   -0.2032239E-04    0.1868098E-03    0.3852165E-03    0.1052561E-03    0.3044358E-04   -0.2902219E-03   -0.2126786E-03
   -0.2562721E-04    0.1344076E-03   -0.2238502E-04   -0.3443305E-02    0.6819740E-02   -0.2985335E-01   -0.6969516E-02   -0.8617397E-03   -0.3476596E-05   -0.3713327E-03    0.9771936E-03   -0.2351380E+01    0.9968890E-01    0.2197474E+01   -0.9186827E+01    0.3660668E+01    0.4470607E+01   -0.1480089E+00   -0.1694552E+01    0.6484431E-01    0.2584790E+01    0.1708992E+02    0.2578576E+02    0.1219004E-03    0.2797122E-04   -0.1208202E-02   -0.2215271E-03   -0.3895534E-03    0.3736282E-02    0.4303608E-04   -0.3764862E-03    0.1445275E-02    0.4916671E-03   -0.8411684E-03    0.8338229E-02   -0.4180954E-05    0.2499637E-02
   -0.2179585E-04    0.1587268E-03   -0.5392762E-04   -0.2574819E-02    0.1794366E-01   -0.6712158E-01   -0.2975222E-02   -0.4494287E-04    0.8343744E-03   -0.6148561E-03    0.2113092E-02   -0.1914759E+02    0.1058632E+00    0.1996031E+01   -0.1273398E+02    0.3633057E+01    0.5092505E+01    0.1604322E+02   -0.1419170E+01    0.1325937E+00    0.1820088E+01    0.2578576E+02    0.5506141E+02    0.3473358E-03    0.2198348E-03   -0.7053398E-03   -0.1596629E-03   -0.1436257E-02    0.4891393E-02    0.6471695E-03   -0.1041311E-02   -0.1206590E-02    0.1133641E-02   -0.6777034E-03    0.9897374E-02    0.1043941E-03    0.4520572E-02
    0.4064810E-07   -0.5997484E-06    0.6025795E-07    0.3239590E-05   -0.6956559E-05    0.7316272E-04    0.6432882E-05    0.2737459E-05    0.9000205E-06    0.1052505E-06    0.8825295E-06   -0.5418784E-03    0.7339371E-05    0.1298832E-03   -0.3325341E-02   -0.1211643E-02   -0.2116010E-03    0.6844421E-03   -0.1704118E-03    0.1693043E-03    0.1140460E-03    0.1219004E-03    0.3473358E-03    0.3164658E-04    0.8740062E-05    0.2357786E-06    0.2840824E-05    0.3384698E-05    0.4086415E-05    0.3150581E-06   -0.9901328E-07    0.1563705E-05   -0.2342209E-05    0.2292863E-05    0.4167347E-05   -0.2558624E-07   -0.1046549E-06
    0.5441062E-07   -0.7365960E-06    0.5239653E-07    0.3594644E-05   -0.5742896E-05    0.7821954E-04    0.5954479E-05    0.3480696E-05    0.5414400E-06    0.1541693E-06   -0.3326323E-05   -0.5230662E-03    0.2524822E-04    0.1473194E-03   -0.2957557E-02   -0.9957244E-03    0.3932686E-03    0.4630929E-03   -0.3326969E-03    0.1413755E-03    0.1043715E-03    0.2797122E-04    0.2198348E-03    0.8740062E-05    0.2505534E-04   -0.8309887E-06    0.1217996E-04   -0.3399000E-06    0.7054867E-05    0.3794102E-06   -0.7393023E-06   -0.2886084E-05   -0.3806203E-05    0.1774747E-05   -0.1487521E-04   -0.4387880E-07   -0.6866493E-07
    0.7810843E-09    0.3665064E-06   -0.5476720E-07   -0.4147888E-05   -0.1698663E-04   -0.3194083E-04   -0.6873400E-05   -0.2085419E-06    0.3024791E-06    0.8312818E-06    0.8229954E-05   -0.3181786E-02   -0.1436468E-05    0.1209884E-03    0.2509270E-02    0.2031498E-02    0.3063573E-02    0.6395554E-02   -0.3637726E-03    0.1769922E-03   -0.9595124E-04   -0.1208202E-02   -0.7053398E-03    0.2357786E-06   -0.8309887E-06    0.1056486E-02   -0.3484224E-06    0.6027937E-05   -0.6096180E-05    0.2105337E-05   -0.2996312E-05    0.3349077E-04    0.1998779E-04   -0.3002359E-04   -0.4121481E-05    0.6744537E-07   -0.8450754E-06
    0.5704695E-07   -0.8135523E-06    0.5622472E-07    0.4125107E-05   -0.1741254E-05    0.7399644E-04    0.7435138E-05    0.3872994E-05    0.9681810E-06    0.4706155E-07   -0.7081239E-05   -0.4133091E-03    0.3516797E-04    0.1390570E-03   -0.2828743E-02   -0.8183685E-03    0.7092925E-03    0.5613808E-03   -0.2556176E-03    0.5012828E-04    0.2960695E-04   -0.2215271E-03   -0.1596629E-03    0.2840824E-05    0.1217996E-04   -0.3484224E-06    0.4702364E-04    0.1669186E-05    0.1347324E-04    0.8684044E-06   -0.3157473E-05    0.7990362E-06   -0.5696919E-05   -0.2686620E-05   -0.2039697E-05   -0.9844256E-07   -0.1442007E-06
    0.5538180E-07   -0.9270151E-07    0.8755878E-07   -0.3833599E-06   -0.6000688E-04    0.2356871E-03   -0.3671458E-05    0.9006575E-06   -0.5255112E-06    0.5199108E-06   -0.1806557E-04    0.2667410E-02    0.2410488E-04    0.2159918E-03    0.3688464E-02   -0.2926757E-02    0.1178640E-02   -0.2477060E-02    0.9094172E-04   -0.2778498E-03    0.9935592E-03   -0.3895534E-03   -0.1436257E-02    0.3384698E-05   -0.3399000E-06    0.6027937E-05    0.1669186E-05    0.2157786E-02    0.1076622E-03    0.1628357E-04    0.4253469E-05   -0.2895365E-04    0.1453168E-04    0.1341787E-04   -0.3794133E-04   -0.1377985E-06    0.2350676E-06
    0.1441457E-06   -0.5055583E-06    0.2164878E-06   -0.2652730E-04    0.1467597E-04    0.1407140E-03   -0.4954964E-04    0.4920344E-05    0.4252267E-05    0.1949663E-05   -0.4720844E-05   -0.1721954E-02   -0.1867555E-03    0.1564660E-02    0.2136792E-02   -0.1178169E-01   -0.1172478E-01   -0.1135588E-03    0.1885363E-02    0.3391535E-02    0.2248394E-04    0.3736282E-02    0.4891393E-02    0.4086415E-05    0.7054867E-05   -0.6096180E-05    0.1347324E-04    0.1076622E-03    0.1676499E-01   -0.3609685E-04    0.8877547E-05   -0.1508109E-03    0.3290824E-05   -0.4239611E-04   -0.2476005E-03    0.7203488E-06    0.4007732E-06
   -0.4619118E-07    0.3983109E-06   -0.1448477E-06   -0.1399529E-05    0.2630784E-04   -0.1537534E-03   -0.3122952E-05   -0.2301352E-06   -0.1688921E-06   -0.1144988E-05    0.2458242E-04   -0.5814671E-03    0.6327042E-05    0.2360448E-04    0.3903813E-02    0.2967188E-02    0.2484626E-02    0.2012597E-02   -0.7979828E-03   -0.5048463E-03   -0.6595070E-03    0.4303608E-04    0.6471695E-03    0.3150581E-06    0.3794102E-06    0.2105337E-05    0.8684044E-06    0.1628357E-04   -0.3609685E-04    0.1426963E-02    0.2904408E-03    0.9389023E-04   -0.3898270E-03   -0.1044534E-03   -0.1143001E-03   -0.4968966E-07    0.1797981E-07
   -0.6963748E-07    0.7286182E-06   -0.8523243E-07   -0.7873362E-05    0.1045648E-04   -0.1222163E-03   -0.1530468E-04   -0.2231763E-05   -0.4611015E-06    0.2423918E-06   -0.4683663E-05    0.6717283E-03    0.3431000E-04   -0.3794243E-03   -0.1916220E-02    0.2260038E-02    0.3096160E-03   -0.1397547E-02    0.2820666E-03    0.2149346E-03   -0.2032239E-04   -0.3764862E-03   -0.1041311E-02   -0.9901328E-07   -0.7393023E-06   -0.2996312E-05   -0.3157473E-05    0.4253469E-05    0.8877547E-05    0.2904408E-03    0.8522791E-03    0.6134311E-04    0.7468930E-03    0.4008648E-04   -0.7059267E-03   -0.3910730E-06   -0.3409686E-06
   -0.1021648E-06    0.5202327E-06   -0.2896859E-06   -0.1676135E-06    0.5035495E-04   -0.2603886E-03   -0.3686248E-05    0.4427267E-06   -0.1872679E-05   -0.4180659E-06    0.5088368E-04    0.2708462E-02    0.2406799E-03    0.3721773E-03   -0.5981679E-02    0.6345275E-02    0.8587695E-02   -0.2730338E-02   -0.2109393E-02    0.3431032E-04    0.1868098E-03    0.1445275E-02   -0.1206590E-02    0.1563705E-05   -0.2886084E-05    0.3349077E-04    0.7990362E-06   -0.2895365E-04   -0.1508109E-03    0.9389023E-04    0.6134311E-04    0.7173949E-02   -0.3011584E-03    0.7151924E-03    0.4349114E-02   -0.5718138E-06    0.3908871E-06
   -0.3047393E-06    0.2498696E-05   -0.5174166E-06   -0.1924835E-04    0.2183260E-04   -0.3006728E-03   -0.2846750E-04   -0.8782753E-05    0.1938707E-05   -0.2017215E-05   -0.6559013E-05    0.2910512E-03   -0.8099484E-04    0.2587672E-03    0.1003015E-02    0.6791062E-03    0.5500560E-03    0.1343583E-02    0.8597178E-03   -0.5845791E-04    0.3852165E-03    0.4916671E-03    0.1133641E-02   -0.2342209E-05   -0.3806203E-05    0.1998779E-04   -0.5696919E-05    0.1453168E-04    0.3290824E-05   -0.3898270E-03    0.7468930E-03   -0.3011584E-03    0.2917751E-02    0.4952146E-03   -0.8825591E-03   -0.1862109E-07   -0.4712374E-06
   -0.5353467E-06    0.3440153E-05   -0.7119025E-06   -0.1573296E-04   -0.5108806E-05   -0.3092428E-03   -0.2356858E-04   -0.4974531E-05    0.9426533E-06    0.1368047E-05    0.1977233E-04   -0.4889187E-02   -0.3102590E-03    0.8896029E-03   -0.1728259E-01   -0.1972768E-02   -0.3698945E-02    0.1116318E-01   -0.1418304E-02   -0.6259192E-03    0.1052561E-03   -0.8411684E-03   -0.6777034E-03    0.2292863E-05    0.1774747E-05   -0.3002359E-04   -0.2686620E-05    0.1341787E-04   -0.4239611E-04   -0.1044534E-03    0.4008648E-04    0.7151924E-03    0.4952146E-03    0.6335585E-02    0.7307362E-02   -0.4499175E-06   -0.2264718E-05
   -0.2546424E-05    0.1483659E-04   -0.2493326E-05   -0.7855210E-04    0.1832631E-03   -0.1825460E-02   -0.1061991E-03   -0.2284758E-04    0.1302979E-04    0.1645120E-04    0.1118439E-03   -0.4819743E-02   -0.4052999E-03    0.9183002E-04   -0.5137980E-01    0.2995477E-01    0.7698287E-02    0.2587905E-01   -0.5853579E-02    0.3501050E-02    0.3044358E-04    0.8338229E-02    0.9897374E-02    0.4167347E-05   -0.1487521E-04   -0.4121481E-05   -0.2039697E-05   -0.3794133E-04   -0.2476005E-03   -0.1143001E-03   -0.7059267E-03    0.4349114E-02   -0.8825591E-03    0.7307362E-02    0.6473504E-01   -0.2115964E-05   -0.4910930E-05
    0.3657900E-08    0.8806616E-08   -0.1200617E-08   -0.6112566E-08    0.3389538E-06   -0.3001665E-05    0.2585146E-06   -0.1698234E-06    0.5586305E-08   -0.4841886E-07   -0.4803642E-06   -0.3029177E-03    0.8658760E-05    0.1698938E-03    0.5986986E-02    0.9108602E-04    0.7365497E-03    0.7048946E-03   -0.1101145E-03    0.2972593E-03   -0.2902219E-03   -0.4180954E-05    0.1043941E-03   -0.2558624E-07   -0.4387880E-07    0.6744537E-07   -0.9844256E-07   -0.1377985E-06    0.7203488E-06   -0.4968966E-07   -0.3910730E-06   -0.5718138E-06   -0.1862109E-07   -0.4499175E-06   -0.2115964E-05    0.6002505E-06   -0.1919733E-08
   -0.7076734E-08    0.3153596E-07    0.3395587E-08   -0.1767468E-05   -0.3934695E-06   -0.3025690E-06   -0.3540640E-05   -0.4223169E-06   -0.2215850E-08   -0.2828249E-07    0.1005380E-05    0.4333048E-02   -0.2054847E-04   -0.3436449E-03    0.4217868E-02    0.3284403E-04   -0.2690417E-02   -0.7627242E-02    0.1487017E-03   -0.2394637E-05   -0.2126786E-03    0.2499637E-02    0.4520572E-02   -0.1046549E-06   -0.6866493E-07   -0.8450754E-06   -0.1442007E-06    0.2350676E-06    0.4007732E-06    0.1797981E-07   -0.3409686E-06    0.3908871E-06   -0.4712374E-06   -0.2264718E-05   -0.4910930E-05   -0.1919733E-08    0.2080755E-05
