# omegabh2 omegach2 theta tau logA ns calPlanck acib217 xi asz143 aps100 aps143 aps143217 aps217 aksz kgal100 kgal143 kgal143217 kgal217 galfEE100 galfEE100143 galfEE100217 galfEE143 galfEE143217 galfEE217 galfTE100 galfTE100143 galfTE100217 galfTE143 galfTE143217 galfTE217 cal0 cal2
    0.2684517E-07   -0.1730505E-06    0.2541510E-07    0.1512828E-05    0.2704810E-05    0.4797121E-06    0.1162785E-07   -0.1194138E-03    0.2601883E-05    0.3735978E-04   -0.6107712E-03   -0.2773385E-03   -0.2890353E-04    0.4161837E-04   -0.5805238E-04   -0.1246742E-05   -0.1792040E-05   -0.1420858E-04   -0.6677526E-05    0.5214208E-07    0.7404805E-07    0.7481829E-07    0.7287980E-07    0.8611186E-07    0.2537573E-06   -0.1126906E-06   -0.2662538E-07   -0.1702442E-06   -0.3147117E-06   -0.5833835E-06   -0.2625077E-05    0.7331780E-09   -0.1582213E-07
   -0.1730505E-06    0.2484102E-05   -0.2364283E-06   -0.1981339E-04   -0.3370494E-04   -0.6481858E-05   -0.6081677E-07    0.7608348E-03   -0.1740168E-04   -0.2689734E-03    0.4583631E-02    0.1960170E-02    0.2803963E-03   -0.1377422E-03    0.3629917E-03    0.4556358E-04   -0.2930686E-04    0.3423194E-04    0.5986451E-04   -0.8162329E-06   -0.8996652E-06    0.7459451E-07   -0.9357402E-06    0.2727905E-06    0.5119611E-06    0.7774510E-06    0.2348281E-06    0.1280370E-05    0.2380300E-05    0.3881510E-05    0.1948010E-04    0.2546587E-07    0.1194575E-06
    0.2541510E-07   -0.2364283E-06    0.1067970E-06    0.2556227E-05    0.4658111E-05    0.7448763E-06    0.1497462E-07   -0.7852514E-04    0.2594837E-05    0.2821778E-04   -0.5690208E-03   -0.2012356E-03   -0.2908256E-04   -0.4276322E-05   -0.3843615E-04    0.2088526E-05    0.1179681E-05   -0.8887364E-05   -0.2002871E-04    0.7484564E-07    0.1000907E-06   -0.4698076E-07    0.8392037E-07   -0.1475678E-06   -0.4239673E-06   -0.2992958E-07   -0.5234864E-07   -0.4520449E-06   -0.3199752E-06   -0.7135360E-06   -0.3797989E-05   -0.3569522E-08   -0.1627223E-07
    0.1512828E-05   -0.1981339E-04    0.2556227E-05    0.2932346E-03    0.5258614E-03    0.5835068E-04   -0.5160474E-05   -0.9742219E-02    0.1898180E-03    0.2456555E-02   -0.5062149E-01   -0.2111530E-01   -0.4300840E-02    0.8718595E-03   -0.3748816E-02   -0.4419920E-03    0.1666844E-03   -0.1620954E-02   -0.2617901E-02    0.6417200E-05    0.7346165E-05    0.2832809E-05    0.6308599E-05   -0.3230598E-05   -0.1984654E-04   -0.3880774E-05   -0.3690889E-05   -0.1450963E-04   -0.3013887E-04   -0.4056397E-04   -0.2205528E-03   -0.4219081E-06   -0.1618618E-05
    0.2704810E-05   -0.3370494E-04    0.4658111E-05    0.5258614E-03    0.9733505E-03    0.9970704E-04    0.2172961E-05   -0.1790385E-01    0.3942609E-03    0.4477793E-02   -0.8644479E-01   -0.3586269E-01   -0.4062304E-02    0.7912695E-02   -0.7579627E-02   -0.8759660E-03   -0.1673545E-03   -0.3408913E-02   -0.3242904E-02    0.1158018E-04    0.1289370E-04    0.6555997E-05    0.1211438E-04   -0.5622796E-05   -0.3768541E-04   -0.5880882E-05   -0.7677340E-05   -0.2574211E-04   -0.5423946E-04   -0.6920799E-04   -0.3554559E-03   -0.5386944E-06   -0.3091407E-05
    0.4797121E-06   -0.6481858E-05    0.7448763E-06    0.5835068E-04    0.9970704E-04    0.2597425E-04    0.1297763E-06   -0.5899627E-02    0.1520978E-03    0.1581230E-02   -0.3235363E-01   -0.8722934E-02    0.3163693E-02    0.6101885E-02   -0.3106719E-02    0.1123536E-03   -0.1592683E-03   -0.5202706E-03    0.2574440E-03    0.3494959E-05    0.3816237E-05    0.8981879E-07    0.3878574E-05   -0.7531244E-06   -0.2518166E-05   -0.1384003E-05    0.9022512E-06   -0.5113939E-05   -0.5456179E-05   -0.1068259E-04   -0.6115597E-04   -0.2047727E-06   -0.6342070E-06
    0.1162785E-07   -0.6081677E-07    0.1497462E-07   -0.5160474E-05    0.2172961E-05    0.1297763E-06    0.6253208E-05    0.7528718E-03    0.1864053E-05    0.5949584E-04    0.3399993E-02    0.5784154E-03    0.6974691E-03    0.1406883E-02   -0.4411278E-04    0.6571132E-04    0.5624810E-05    0.5861520E-04    0.8852982E-03    0.6468244E-06    0.4317762E-06    0.3841911E-06    0.1135951E-05    0.2075850E-06    0.1354109E-05    0.9889970E-07   -0.4442573E-06    0.6478651E-06    0.1124107E-06    0.1117275E-05    0.1879274E-04    0.1154495E-07   -0.1565806E-07
   -0.1194138E-03    0.7608348E-03   -0.7852514E-04   -0.9742219E-02   -0.1790385E-01   -0.5899627E-02    0.7528718E-03    0.4289464E+02   -0.5118259E+00   -0.1589108E+01    0.4068630E+02   -0.1117007E+01   -0.2251149E+02   -0.6122748E+02    0.4542444E+00   -0.3289395E-01    0.7957511E-01   -0.1897239E+01   -0.1785229E+02   -0.3486874E-03   -0.8012196E-03   -0.2449710E-02   -0.4918009E-03   -0.1018477E-02    0.3139748E-02   -0.1054661E-02   -0.2189041E-03    0.1666198E-02    0.1103410E-02   -0.7917383E-03    0.1843248E-01   -0.3057815E-03    0.4414099E-02
    0.2601883E-05   -0.1740168E-04    0.2594837E-05    0.1898180E-03    0.3942609E-03    0.1520978E-03    0.1864053E-05   -0.5118259E+00    0.8193158E-01   -0.8559985E-01   -0.3609603E+00    0.1028747E+01    0.1891308E+01    0.7948912E+00    0.8145613E-01    0.1496073E-03    0.4372125E-02    0.9071646E-01    0.1008115E+00    0.3175572E-04    0.2430731E-04   -0.4773496E-04   -0.1980924E-05    0.5632251E-04   -0.2685344E-03   -0.3712485E-04   -0.7281206E-05    0.3600625E-03    0.4105702E-04    0.1177999E-03    0.1006086E-02    0.8654597E-05   -0.1672976E-04
    0.3735978E-04   -0.2689734E-03    0.2821778E-04    0.2456555E-02    0.4477793E-02    0.1581230E-02    0.5949584E-04   -0.1589108E+01   -0.8559985E-01    0.3794809E+01   -0.2871708E+02   -0.3732316E+01    0.7857894E+01    0.7054525E+01   -0.2829000E+01   -0.1612966E+00    0.8131857E-01    0.2332180E+01    0.2035073E+01    0.2806975E-03    0.3223026E-03    0.5792612E-03    0.3960913E-03    0.7587059E-04    0.1696828E-02   -0.2633233E-03    0.8510712E-05    0.1731917E-03    0.2037687E-04   -0.1954464E-02   -0.5446676E-02    0.1710936E-03   -0.3913243E-03
   -0.6107712E-03    0.4583631E-02   -0.5690208E-03   -0.5062149E-01   -0.8644479E-01   -0.3235363E-01    0.3399993E-02    0.4068630E+02   -0.3609603E+00   -0.2871708E+02    0.7578889E+03    0.6598010E+02   -0.5848252E+02   -0.7089297E+02    0.1368443E+02   -0.3826085E+01    0.3245844E+01   -0.1101916E+02   -0.1470830E+02   -0.5316226E-02   -0.5082845E-02   -0.8167027E-02   -0.4652395E-02    0.8511529E-02   -0.2513717E-02    0.1487905E-02   -0.6154192E-02   -0.8640803E-02    0.7271808E-02    0.1887128E-01    0.8435912E-01    0.6297463E-02    0.4384716E-02
   -0.2773385E-03    0.1960170E-02   -0.2012356E-03   -0.2111530E-01   -0.3586269E-01   -0.8722934E-02    0.5784154E-03   -0.1117007E+01    0.1028747E+01   -0.3732316E+01    0.6598010E+02    0.6012996E+02    0.4532710E+02    0.2013933E+02   -0.4599250E+01   -0.2019656E+00   -0.1153741E+01    0.3686719E+01    0.4253375E+01   -0.9831423E-03   -0.1234028E-02   -0.3588560E-02   -0.1391084E-02   -0.4361349E-04   -0.8153602E-02    0.9978261E-03    0.2139517E-02    0.5602874E-02    0.6678722E-02    0.7079188E-02    0.5569528E-01    0.1517358E-03    0.1485504E-03
   -0.2890353E-04    0.2803963E-03   -0.2908256E-04   -0.4300840E-02   -0.4062304E-02    0.3163693E-02    0.6974691E-03   -0.2251149E+02    0.1891308E+01    0.7857894E+01   -0.5848252E+02    0.4532710E+02    0.1014604E+03    0.7078923E+02   -0.1241323E+02   -0.5904790E+00   -0.3213981E+00    0.4814962E+01    0.5501617E+01    0.5759571E-03    0.8168181E-03   -0.1536685E-02    0.3109365E-03    0.1242095E-02   -0.1204166E-01   -0.1226756E-02    0.2005736E-02    0.1440522E-01    0.8144882E-02    0.1664344E-02    0.4004515E-01    0.7953457E-03   -0.2697611E-02
    0.4161837E-04   -0.1377422E-03   -0.4276322E-05    0.8718595E-03    0.7912695E-02    0.6101885E-02    0.1406883E-02   -0.6122748E+02    0.7948912E+00    0.7054525E+01   -0.7089297E+02    0.2013933E+02    0.7078923E+02    0.1245315E+03   -0.1091345E+02   -0.3552724E+00   -0.2549528E+00   -0.1870157E+00    0.1490599E+02    0.2299381E-03    0.1028294E-02    0.1975451E-02    0.8387367E-03    0.1783534E-02   -0.9500408E-02    0.1508399E-02    0.2225578E-02    0.8793387E-02    0.5198174E-02    0.3117025E-02    0.3814941E-02    0.7701005E-03   -0.7858403E-02
   -0.5805238E-04    0.3629917E-03   -0.3843615E-04   -0.3748816E-02   -0.7579627E-02   -0.3106719E-02   -0.4411278E-04    0.4542444E+00    0.8145613E-01   -0.2829000E+01    0.1368443E+02   -0.4599250E+01   -0.1241323E+02   -0.1091345E+02    0.6233442E+01    0.1441959E+00   -0.1160129E+00   -0.2018464E+01   -0.1698513E+01   -0.2931293E-03   -0.4722954E-03    0.1227066E-03   -0.5851295E-03   -0.3646254E-03    0.9929623E-03    0.4642224E-05   -0.1129211E-02   -0.4748620E-03   -0.8318999E-03    0.1148920E-02   -0.4036293E-03   -0.1174085E-03    0.2202965E-03
   -0.1246742E-05    0.4556358E-04    0.2088526E-05   -0.4419920E-03   -0.8759660E-03    0.1123536E-03    0.6571132E-04   -0.3289395E-01    0.1496073E-03   -0.1612966E+00   -0.3826085E+01   -0.2019656E+00   -0.5904790E+00   -0.3552724E+00    0.1441959E+00    0.3515233E+01    0.4459690E+00    0.2433525E+00    0.3173930E+00    0.1331055E-03    0.6248190E-04   -0.9293902E-03    0.4828406E-04   -0.1866759E-03    0.8686187E-03   -0.1472222E-03    0.3784038E-03   -0.1524249E-03   -0.2972933E-03    0.1154136E-02   -0.2605350E-04    0.2941717E-03   -0.2011852E-05
   -0.1792040E-05   -0.2930686E-04    0.1179681E-05    0.1666844E-03   -0.1673545E-03   -0.1592683E-03    0.5624810E-05    0.7957511E-01    0.4372125E-02    0.8131857E-01    0.3245844E+01   -0.1153741E+01   -0.3213981E+00   -0.2549528E+00   -0.1160129E+00    0.4459690E+00    0.3351514E+01    0.2550693E+01    0.1724010E+01    0.4599677E-07    0.5928881E-04   -0.1203004E-03   -0.1056108E-03    0.1708961E-03    0.1176273E-02    0.1926069E-03   -0.2699049E-03    0.1881205E-02   -0.5664809E-03    0.8728755E-03    0.4100220E-02   -0.2510485E-03   -0.2036448E-03
   -0.1420858E-04    0.3423194E-04   -0.8887364E-05   -0.1620954E-02   -0.3408913E-02   -0.5202706E-03    0.5861520E-04   -0.1897239E+01    0.9071646E-01    0.2332180E+01   -0.1101916E+02    0.3686719E+01    0.4814962E+01   -0.1870157E+00   -0.2018464E+01    0.2433525E+00    0.2550693E+01    0.1702732E+02    0.2555244E+02    0.2766235E-03    0.2238859E-03    0.2388547E-04    0.1046674E-03    0.1369822E-03    0.2997923E-02    0.3921341E-03   -0.1351743E-03   -0.4925867E-02   -0.1737751E-02    0.1068952E-04    0.7236648E-02    0.1419433E-04    0.2538073E-02
   -0.6677526E-05    0.5986451E-04   -0.2002871E-04   -0.2617901E-02   -0.3242904E-02    0.2574440E-03    0.8852982E-03   -0.1785229E+02    0.1008115E+00    0.2035073E+01   -0.1470830E+02    0.4253375E+01    0.5501617E+01    0.1490599E+02   -0.1698513E+01    0.3173930E+00    0.1724010E+01    0.2555244E+02    0.5404592E+02    0.4821009E-03    0.5419156E-03    0.1514541E-02    0.5408861E-03    0.5411012E-03    0.1125033E-02    0.1292426E-02   -0.3668201E-03   -0.9735423E-02   -0.4328958E-02   -0.5925155E-03   -0.1411412E-02    0.1111274E-03    0.4538091E-02
    0.5214208E-07   -0.8162329E-06    0.7484564E-07    0.6417200E-05    0.1158018E-04    0.3494959E-05    0.6468244E-06   -0.3486874E-03    0.3175572E-04    0.2806975E-03   -0.5316226E-02   -0.9831423E-03    0.5759571E-03    0.2299381E-03   -0.2931293E-03    0.1331055E-03    0.4599677E-07    0.2766235E-03    0.4821009E-03    0.3221439E-04    0.8459736E-05    0.1389704E-05    0.3260164E-05   -0.7894356E-06    0.3279184E-05   -0.3103475E-05   -0.9912610E-06   -0.1626872E-05   -0.8169128E-06   -0.1133357E-05   -0.9994742E-05   -0.1272963E-06   -0.1310035E-07
    0.7404805E-07   -0.8996652E-06    0.1000907E-06    0.7346165E-05    0.1289370E-04    0.3816237E-05    0.4317762E-06   -0.8012196E-03    0.2430731E-04    0.3223026E-03   -0.5082845E-02   -0.1234028E-02    0.8168181E-03    0.1028294E-02   -0.4722954E-03    0.6248190E-04    0.5928881E-04    0.2238859E-03    0.5419156E-03    0.8459736E-05    0.2467840E-04    0.5759768E-06    0.1233525E-04   -0.8080418E-06   -0.2164173E-05   -0.3896984E-05   -0.1841481E-05    0.2171021E-06   -0.2118735E-05   -0.3914850E-05   -0.9698893E-05   -0.8066822E-07   -0.5648754E-07
    0.7481829E-07    0.7459451E-07   -0.4698076E-07    0.2832809E-05    0.6555997E-05    0.8981879E-07    0.3841911E-06   -0.2449710E-02   -0.4773496E-04    0.5792612E-03   -0.8167027E-02   -0.3588560E-02   -0.1536685E-02    0.1975451E-02    0.1227066E-03   -0.9293902E-03   -0.1203004E-03    0.2388547E-04    0.1514541E-02    0.1389704E-05    0.5759768E-06    0.1055436E-02    0.3215899E-05    0.1870566E-04    0.2068924E-04    0.1689035E-06    0.1682190E-04    0.2916180E-05    0.2099467E-04   -0.1915390E-04    0.2503163E-04   -0.1837419E-06   -0.3127746E-06
    0.7287980E-07   -0.9357402E-06    0.8392037E-07    0.6308599E-05    0.1211438E-04    0.3878574E-05    0.1135951E-05   -0.4918009E-03   -0.1980924E-05    0.3960913E-03   -0.4652395E-02   -0.1391084E-02    0.3109365E-03    0.8387367E-03   -0.5851295E-03    0.4828406E-04   -0.1056108E-03    0.1046674E-03    0.5408861E-03    0.3260164E-05    0.1233525E-04    0.3215899E-05    0.4817087E-04    0.3313159E-05   -0.1537586E-04   -0.3738031E-05   -0.2442172E-05    0.4405025E-05   -0.2309784E-05   -0.1342969E-06    0.2214318E-05   -0.4878224E-07   -0.2119955E-07
    0.8611186E-07    0.2727905E-06   -0.1475678E-06   -0.3230598E-05   -0.5622796E-05   -0.7531244E-06    0.2075850E-06   -0.1018477E-02    0.5632251E-04    0.7587059E-04    0.8511529E-02   -0.4361349E-04    0.1242095E-02    0.1783534E-02   -0.3646254E-03   -0.1866759E-03    0.1708961E-03    0.1369822E-03    0.5411012E-03   -0.7894356E-06   -0.8080418E-06    0.1870566E-04    0.3313159E-05    0.2162425E-02    0.6122380E-04    0.2579578E-04   -0.1411527E-05   -0.1589918E-04   -0.7496823E-05   -0.3076955E-04    0.8116449E-05    0.3601754E-06   -0.2454799E-07
    0.2537573E-06    0.5119611E-06   -0.4239673E-06   -0.1984654E-04   -0.3768541E-04   -0.2518166E-05    0.1354109E-05    0.3139748E-02   -0.2685344E-03    0.1696828E-02   -0.2513717E-02   -0.8153602E-02   -0.1204166E-01   -0.9500408E-02    0.9929623E-03    0.8686187E-03    0.1176273E-02    0.2997923E-02    0.1125033E-02    0.3279184E-05   -0.2164173E-05    0.2068924E-04   -0.1537586E-04    0.6122380E-04    0.1680852E-01   -0.1526621E-04    0.3585316E-04    0.8542170E-04    0.5217211E-04    0.5957382E-04    0.3829705E-03   -0.3685803E-06    0.1490977E-06
   -0.1126906E-06    0.7774510E-06   -0.2992958E-07   -0.3880774E-05   -0.5880882E-05   -0.1384003E-05    0.9889970E-07   -0.1054661E-02   -0.3712485E-04   -0.2633233E-03    0.1487905E-02    0.9978261E-03   -0.1226756E-02    0.1508399E-02    0.4642224E-05   -0.1472222E-03    0.1926069E-03    0.3921341E-03    0.1292426E-02   -0.3103475E-05   -0.3896984E-05    0.1689035E-06   -0.3738031E-05    0.2579578E-04   -0.1526621E-04    0.1437128E-02    0.2965593E-03    0.1282209E-03   -0.4023888E-03   -0.1194170E-03   -0.1516485E-03   -0.2742064E-06   -0.1642308E-06
   -0.2662538E-07    0.2348281E-06   -0.5234864E-07   -0.3690889E-05   -0.7677340E-05    0.9022512E-06   -0.4442573E-06   -0.2189041E-03   -0.7281206E-05    0.8510712E-05   -0.6154192E-02    0.2139517E-02    0.2005736E-02    0.2225578E-02   -0.1129211E-02    0.3784038E-03   -0.2699049E-03   -0.1351743E-03   -0.3668201E-03   -0.9912610E-06   -0.1841481E-05    0.1682190E-04   -0.2442172E-05   -0.1411527E-05    0.3585316E-04    0.2965593E-03    0.8320352E-03    0.4833784E-04    0.7067319E-03    0.3277803E-04   -0.7312481E-03   -0.2646980E-06    0.5261589E-07
   -0.1702442E-06    0.1280370E-05   -0.4520449E-06   -0.1450963E-04   -0.2574211E-04   -0.5113939E-05    0.6478651E-06    0.1666198E-02    0.3600625E-03    0.1731917E-03   -0.8640803E-02    0.5602874E-02    0.1440522E-01    0.8793387E-02   -0.4748620E-03   -0.1524249E-03    0.1881205E-02   -0.4925867E-02   -0.9735423E-02   -0.1626872E-05    0.2171021E-06    0.2916180E-05    0.4405025E-05   -0.1589918E-04    0.8542170E-04    0.1282209E-03    0.4833784E-04    0.7087505E-02   -0.3533758E-03    0.6908099E-03    0.4409428E-02   -0.5704994E-06   -0.6075192E-06
   -0.3147117E-06    0.2380300E-05   -0.3199752E-06   -0.3013887E-04   -0.5423946E-04   -0.5456179E-05    0.1124107E-06    0.1103410E-02    0.4105702E-04    0.2037687E-04    0.7271808E-02    0.6678722E-02    0.8144882E-02    0.5198174E-02   -0.8318999E-03   -0.2972933E-03   -0.5664809E-03   -0.1737751E-02   -0.4328958E-02   -0.8169128E-06   -0.2118735E-05    0.2099467E-04   -0.2309784E-05   -0.7496823E-05    0.5217211E-04   -0.4023888E-03    0.7067319E-03   -0.3533758E-03    0.2872661E-02    0.4842080E-03   -0.8362041E-03    0.5454435E-06   -0.2333096E-06
   -0.5833835E-06    0.3881510E-05   -0.7135360E-06   -0.4056397E-04   -0.6920799E-04   -0.1068259E-04    0.1117275E-05   -0.7917383E-03    0.1177999E-03   -0.1954464E-02    0.1887128E-01    0.7079188E-02    0.1664344E-02    0.3117025E-02    0.1148920E-02    0.1154136E-02    0.8728755E-03    0.1068952E-04   -0.5925155E-03   -0.1133357E-05   -0.3914850E-05   -0.1915390E-04   -0.1342969E-06   -0.3076955E-04    0.5957382E-04   -0.1194170E-03    0.3277803E-04    0.6908099E-03    0.4842080E-03    0.6417865E-02    0.7975652E-02   -0.2959522E-06   -0.5785033E-06
   -0.2625077E-05    0.1948010E-04   -0.3797989E-05   -0.2205528E-03   -0.3554559E-03   -0.6115597E-04    0.1879274E-04    0.1843248E-01    0.1006086E-02   -0.5446676E-02    0.8435912E-01    0.5569528E-01    0.4004515E-01    0.3814941E-02   -0.4036293E-03   -0.2605350E-04    0.4100220E-02    0.7236648E-02   -0.1411412E-02   -0.9994742E-05   -0.9698893E-05    0.2503163E-04    0.2214318E-05    0.8116449E-05    0.3829705E-03   -0.1516485E-03   -0.7312481E-03    0.4409428E-02   -0.8362041E-03    0.7975652E-02    0.6661779E-01    0.9117241E-06    0.1175204E-06
    0.7331780E-09    0.2546587E-07   -0.3569522E-08   -0.4219081E-06   -0.5386944E-06   -0.2047727E-06    0.1154495E-07   -0.3057815E-03    0.8654597E-05    0.1710936E-03    0.6297463E-02    0.1517358E-03    0.7953457E-03    0.7701005E-03   -0.1174085E-03    0.2941717E-03   -0.2510485E-03    0.1419433E-04    0.1111274E-03   -0.1272963E-06   -0.8066822E-07   -0.1837419E-06   -0.4878224E-07    0.3601754E-06   -0.3685803E-06   -0.2742064E-06   -0.2646980E-06   -0.5704994E-06    0.5454435E-06   -0.2959522E-06    0.9117241E-06    0.5947288E-06   -0.8269783E-08
   -0.1582213E-07    0.1194575E-06   -0.1627223E-07   -0.1618618E-05   -0.3091407E-05   -0.6342070E-06   -0.1565806E-07    0.4414099E-02   -0.1672976E-04   -0.3913243E-03    0.4384716E-02    0.1485504E-03   -0.2697611E-02   -0.7858403E-02    0.2202965E-03   -0.2011852E-05   -0.2036448E-03    0.2538073E-02    0.4538091E-02   -0.1310035E-07   -0.5648754E-07   -0.3127746E-06   -0.2119955E-07   -0.2454799E-07    0.1490977E-06   -0.1642308E-06    0.5261589E-07   -0.6075192E-06   -0.2333096E-06   -0.5785033E-06    0.1175204E-06   -0.8269783E-08    0.2092455E-05
