# omegabh2 omegach2 theta tau Alens logA ns calPlanck aps100 aps143 aps217 acib217 asz143 psr cibr xi aksz dust100 dust143 dust217 dust143x217 cal0 cal2 calTE calEE
  2.6567940E-08  -8.1274556E-08   1.4841073E-08   2.6683437E-07   3.9645553E-06   4.2025530E-07   2.9425243E-07  -8.5167624E-10  -6.2581535E-04  -3.6069362E-04   1.2233855E-04  -1.7699235E-04   2.5336497E-05   1.8027378E-06  -3.3028436E-06   1.2045868E-06  -4.7260096E-05   3.3938297E-07  -8.8921620E-07   8.7992737E-07  -2.6314240E-07   5.5001855E-09  -9.4367855E-09  -2.1690440E-07  -3.2130114E-07
 -8.1274556E-08   1.1756377E-06  -7.3482943E-08  -3.1962939E-06  -1.9548523E-05  -3.5962285E-06  -2.9057237E-06   2.7416416E-08   1.4252128E-03   1.0848021E-03  -3.2713010E-04   5.4478213E-04  -4.8731188E-05  -3.2902064E-06   1.0547062E-05  -3.7082753E-06   1.2140433E-04  -5.1186512E-08   2.7596411E-06  -2.6146696E-06   8.0059361E-07  -3.2865534E-08   2.4530401E-08   4.6766926E-07  -1.5789164E-07
  1.4841073E-08  -7.3482943E-08   9.2066629E-08   2.6565218E-07   2.5816375E-06   4.6232436E-07   3.0560138E-07   1.3567460E-09  -1.5122929E-04  -1.0726514E-04  -5.6009965E-05   5.2147174E-06   9.3059720E-06   3.5672065E-07  -1.0306835E-06  -1.3102686E-06  -1.4271853E-05  -3.0648297E-07  -9.3964659E-07  -3.8680661E-07  -2.1562460E-07   4.1181808E-09   3.7944074E-09  -1.5371022E-07  -3.6288898E-08
  2.6683437E-07  -3.1962939E-06   2.6565218E-07   1.0842097E-03  -2.2538128E-03   2.1556613E-03   3.4718318E-05   1.6466170E-06  -4.5492133E-02  -1.9923453E-02   1.8696396E-02  -1.4622753E-02   1.2524675E-03   1.6908067E-04  -3.5937553E-04   1.4532803E-05  -4.3624007E-03  -1.4413995E-04  -1.0550002E-04   9.3791807E-05  -8.0532956E-06  -5.6485830E-07  -9.2666060E-07  -1.0695095E-05  -1.1308608E-05
  3.9645553E-06  -1.9548523E-05   2.5816375E-06  -2.2538128E-03   8.5676340E-03  -4.5533257E-03   2.6097091E-05  -1.5853852E-05  -8.1632331E-02  -4.8829998E-02   1.3169121E-02  -2.7366462E-02   1.5885214E-03   1.7365449E-04  -2.4717567E-04   1.0067068E-03  -9.3743992E-03   2.4890019E-04  -2.4862547E-04  -7.6854430E-05  -3.5762677E-04   2.6275044E-06  -3.4724272E-06  -9.6207306E-05  -3.5697514E-05
  4.2025530E-07  -3.5962285E-06   4.6232436E-07   2.1556613E-03  -4.5533257E-03   4.3218764E-03   6.0560925E-05   1.6058578E-05  -7.9688749E-02  -3.5282790E-02   4.3974828E-02  -2.8752906E-02   2.3867892E-03   3.5192111E-04  -7.3773432E-04   8.0863641E-05  -9.3385575E-03  -2.9378402E-04  -2.9691979E-04   1.9820492E-04  -3.7690780E-05  -5.2724908E-07  -1.8757843E-06  -2.0023443E-05  -2.0666635E-05
  2.9425243E-07  -2.9057237E-06   3.0560138E-07   3.4718318E-05   2.6097091E-05   6.0560925E-05   1.8167085E-05  -6.1442344E-08  -2.7328084E-02  -9.7007282E-03   8.1983075E-03  -6.7413329E-03   5.9711069E-04   7.3744633E-05  -1.2310615E-04   7.7578866E-05  -2.1789426E-03   1.7992958E-05  -2.3687438E-05   3.2298572E-05  -1.6224229E-05  -3.5295026E-07  -3.7306792E-07  -3.1537478E-06  -4.1365377E-06
 -8.5167624E-10   2.7416416E-08   1.3567460E-09   1.6466170E-06  -1.5853852E-05   1.6058578E-05  -6.1442344E-08   6.3417521E-06   4.4503451E-03   9.2235109E-04   1.1448122E-03   8.5651146E-04   4.9604935E-06  -4.8988857E-06   1.0824820E-05   5.7394847E-06  -4.3569335E-05   8.4883731E-06   4.3054426E-06   1.8175832E-06  -4.6009424E-06  -1.2105935E-09  -9.2405443E-08   7.3591255E-09   9.5900977E-08
 -6.2581535E-04   1.4252128E-03  -1.5122929E-04  -4.5492133E-02  -8.1632331E-02  -7.9688749E-02  -2.7328084E-02   4.4503451E-03   6.2904720E+02   6.6212672E+01  -5.1458944E+01   3.0620372E+01  -2.6077246E+01  -9.7331033E-01  -1.8183570E-01  -3.9999721E-01   1.1321176E+01  -2.2000919E-01   2.5768185E-01  -2.5411147E-01  -1.9109740E-01   6.6957845E-03   2.7718772E-03   6.3028680E-03   8.2839464E-03
 -3.6069362E-04   1.0848021E-03  -1.0726514E-04  -1.9923453E-02  -4.8829998E-02  -3.5282790E-02  -9.7007282E-03   9.2235109E-04   6.6212672E+01   6.5751477E+01   6.3198037E+00   7.9287522E+00  -7.4528583E-01  -9.4673100E-02   4.6661432E-01   8.2945930E-01  -7.2502430E+00  -3.1831972E-02  -1.9583909E-01   3.8527321E-02   6.8412635E-02   8.6751204E-04   7.6943111E-04   4.9797816E-03   5.4963913E-03
  1.2233855E-04  -3.2713010E-04  -5.6009965E-05   1.8696396E-02   1.3169121E-02   4.3974828E-02   8.1983075E-03   1.1448122E-03  -5.1458944E+01   6.3198037E+00   1.6346277E+02  -7.6205094E+01   2.7806882E+00   3.0060805E-01  -9.2118749E-01   2.8604654E-01  -7.6265035E+00  -1.9169210E-02  -1.4970782E-01   5.1322582E-01  -7.2803114E-02   1.3531396E-03  -7.3220682E-03   1.4391380E-03   2.3791610E-03
 -1.7699235E-04   5.4478213E-04   5.2147174E-06  -1.4622753E-02  -2.7366462E-02  -2.8752906E-02  -6.7413329E-03   8.5651146E-04   3.0620372E+01   7.9287522E+00  -7.6205094E+01   4.7837506E+01   1.3199879E+00  -3.7774222E-02   6.6928522E-01  -2.2663211E-01  -1.8350634E+00   5.8416071E-03   1.1084423E-01  -4.2928052E-01  -8.4109333E-02  -3.7711749E-04   2.8031823E-03   7.5162048E-04   4.9088909E-04
  2.5336497E-05  -4.8731188E-05   9.3059720E-06   1.2524675E-03   1.5885214E-03   2.3867892E-03   5.9711069E-04   4.9604935E-06  -2.6077246E+01  -7.4528583E-01   2.7806882E+00   1.3199879E+00   4.2556997E+00   1.0284116E-01   1.6065694E-01  -2.6533747E-02  -3.2962514E+00  -2.7953905E-03  -8.9789991E-03   1.2277357E-02   5.1992966E-02   4.5107540E-04  -2.4945916E-04  -2.6603242E-04  -4.8033382E-04
  1.8027378E-06  -3.2902064E-06   3.5672065E-07   1.6908067E-04   1.7365449E-04   3.5192111E-04   7.3744633E-05  -4.8988857E-06  -9.7331033E-01  -9.4673100E-02   3.0060805E-01  -3.7774222E-02   1.0284116E-01   1.6784105E-02  -1.6591116E-02   1.1642343E-02  -9.8469581E-02  -5.7300139E-04  -5.0139929E-04  -2.6173084E-03   4.8157566E-03   1.3861942E-05  -3.5344151E-05   2.5417933E-06  -4.3658789E-06
 -3.3028436E-06   1.0547062E-05  -1.0306835E-06  -3.5937553E-04  -2.4717567E-04  -7.3773432E-04  -1.2310615E-04   1.0824820E-05  -1.8183570E-01   4.6661432E-01  -9.2118749E-01   6.6928522E-01   1.6065694E-01  -1.6591116E-02   7.1039427E-02   6.0777993E-03  -1.4317791E-01   1.2497528E-03   5.2265993E-03  -3.4150103E-04  -1.8246496E-02   1.0557683E-06   9.0313957E-05  -2.4851645E-05  -3.0411556E-05
  1.2045868E-06  -3.7082753E-06  -1.3102686E-06   1.4532803E-05   1.0067068E-03   8.0863641E-05   7.7578866E-05   5.7394847E-06  -3.9999721E-01   8.2945930E-01   2.8604654E-01  -2.2663211E-01  -2.6533747E-02   1.1642343E-02   6.0777993E-03   8.2063480E-02   2.1776072E-02  -3.7145732E-04  -2.3648069E-05   1.1755561E-03   5.3932732E-04   1.3781992E-05   2.0291375E-06  -1.0732706E-05   1.0315381E-05
 -4.7260096E-05   1.2140433E-04  -1.4271853E-05  -4.3624007E-03  -9.3743992E-03  -9.3385575E-03  -2.1789426E-03  -4.3569335E-05   1.1321176E+01  -7.2502430E+00  -7.6265035E+00  -1.8350634E+00  -3.2962514E+00  -9.8469581E-02  -1.4317791E-01   2.1776072E-02   6.8389073E+00   1.9231685E-03  -3.2603759E-03  -8.5872627E-03  -4.9565089E-02  -3.7020156E-04   1.2278281E-04   1.3574063E-04   4.2842603E-04
  3.3938297E-07  -5.1186512E-08  -3.0648297E-07  -1.4413995E-04   2.4890019E-04  -2.9378402E-04   1.7992958E-05   8.4883731E-06  -2.2000919E-01  -3.1831972E-02  -1.9169210E-02   5.8416071E-03  -2.7953905E-03  -5.7300139E-04   1.2497528E-03  -3.7145732E-04   1.9231685E-03   3.7427084E-02   3.1005859E-03   1.7116862E-04   8.5040397E-05   2.9070159E-05  -1.6626106E-06  -2.0106133E-05  -4.3157195E-05
 -8.8921620E-07   2.7596411E-06  -9.3964659E-07  -1.0550002E-04  -2.4862547E-04  -2.9691979E-04  -2.3687438E-05   4.3054426E-06   2.5768185E-01  -1.9583909E-01  -1.4970782E-01   1.1084423E-01  -8.9789991E-03  -5.0139929E-04   5.2265993E-03  -2.3648069E-05  -3.2603759E-03   3.1005859E-03   3.0732127E-02  -5.3236811E-04   5.7844576E-03  -8.2061079E-05  -5.3016354E-05  -4.3229215E-05  -5.6007214E-05
  8.7992737E-07  -2.6146696E-06  -3.8680661E-07   9.3791807E-05  -7.6854430E-05   1.9820492E-04   3.2298572E-05   1.8175832E-06  -2.5411147E-01   3.8527321E-02   5.1322582E-01  -4.2928052E-01   1.2277357E-02  -2.6173084E-03  -3.4150103E-04   1.1755561E-03  -8.5872627E-03   1.7116862E-04  -5.3236811E-04   1.0577998E-02   8.4965599E-03   4.2173984E-06   6.4879245E-05   5.8055470E-06  -2.9491147E-06
 -2.6314240E-07   8.0059361E-07  -2.1562460E-07  -8.0532956E-06  -3.5762677E-04  -3.7690780E-05  -1.6224229E-05  -4.6009424E-06  -1.9109740E-01   6.8412635E-02  -7.2803114E-02  -8.4109333E-02   5.1992966E-02   4.8157566E-03  -1.8246496E-02   5.3932732E-04  -4.9565089E-02   8.5040397E-05   5.7844576E-03   8.4965599E-03   2.6672143E-02  -5.2752309E-06   5.9924934E-05   1.4080467E-05   2.6333481E-06
  5.5001855E-09  -3.2865534E-08   4.1181808E-09  -5.6485830E-07   2.6275044E-06  -5.2724908E-07  -3.5295026E-07  -1.2105935E-09   6.6957845E-03   8.6751204E-04   1.3531396E-03  -3.7711749E-04   4.5107540E-04   1.3861942E-05   1.0557683E-06   1.3781992E-05  -3.7020156E-04   2.9070159E-05  -8.2061079E-05   4.2173984E-06  -5.2752309E-06   1.0966204E-06   9.7818315E-08   2.4771172E-07   4.3874295E-07
 -9.4367855E-09   2.4530401E-08   3.7944074E-09  -9.2666060E-07  -3.4724272E-06  -1.8757843E-06  -3.7306792E-07  -9.2405443E-08   2.7718772E-03   7.6943111E-04  -7.3220682E-03   2.8031823E-03  -2.4945916E-04  -3.5344151E-05   9.0313957E-05   2.0291375E-06   1.2278281E-04  -1.6626106E-06  -5.3016354E-05   6.4879245E-05   5.9924934E-05   9.7818315E-08   2.5040828E-06   4.1763179E-07   2.2360836E-07
 -2.1690440E-07   4.6766926E-07  -1.5371022E-07  -1.0695095E-05  -9.6207306E-05  -2.0023443E-05  -3.1537478E-06   7.3591255E-09   6.3028680E-03   4.9797816E-03   1.4391380E-03   7.5162048E-04  -2.6603242E-04   2.5417933E-06  -2.4851645E-05  -1.0732706E-05   1.3574063E-04  -2.0106133E-05  -4.3229215E-05   5.8055470E-06   1.4080467E-05   2.4771172E-07   4.1763179E-07   2.8073231E-05   1.0084105E-05
 -3.2130114E-07  -1.5789164E-07  -3.6288898E-08  -1.1308608E-05  -3.5697514E-05  -2.0666635E-05  -4.1365377E-06   9.5900977E-08   8.2839464E-03   5.4963913E-03   2.3791610E-03   4.9088909E-04  -4.8033382E-04  -4.3658789E-06  -3.0411556E-05   1.0315381E-05   4.2842603E-04  -4.3157195E-05  -5.6007214E-05  -2.9491147E-06   2.6333481E-06   4.3874295E-07   2.2360836E-07   1.0084105E-05   2.4495499E-05
