# omegabh2 omegach2 theta tau mnu logA ns calPlanck galfTE100 galfTE100143 galfTE100217 galfTE143 galfTE143217 galfTE217 cal0
    0.8238699E-07   -0.2505691E-06    0.6090195E-07    0.1061671E-05   -0.6125198E-04    0.2881112E-05    0.2801156E-05    0.1977436E-07    0.6367037E-07    0.7247564E-08    0.2317439E-08   -0.1826841E-06   -0.6561594E-06   -0.4579710E-05   -0.1579492E-08
   -0.2505691E-06    0.4479089E-05   -0.3950008E-06   -0.6351297E-05    0.9753658E-04   -0.2751521E-05   -0.1316741E-04   -0.1859904E-06    0.1716042E-05    0.9556964E-06   -0.2036801E-05    0.3096711E-05    0.7937671E-05    0.3805166E-04    0.2725648E-08
    0.6090195E-07   -0.3950008E-06    0.2963110E-06    0.6785115E-06   -0.7820834E-04    0.1607871E-05    0.2832205E-05    0.5474188E-07    0.1385877E-06    0.2230655E-06    0.4068352E-06   -0.4799652E-08   -0.4361036E-06   -0.4371162E-05    0.2476337E-08
    0.1061671E-05   -0.6351297E-05    0.6785115E-06    0.3600472E-03   -0.5998992E-03    0.7481184E-03    0.7655280E-04    0.7223059E-06   -0.1118758E-04   -0.3994388E-05    0.2445627E-04   -0.4142082E-05   -0.1634540E-04    0.3052317E-04    0.2591155E-07
   -0.6125198E-04    0.9753658E-04   -0.7820834E-04   -0.5998992E-03    0.2004611E+00   -0.3065027E-02   -0.3687370E-02    0.7709838E-06   -0.6404604E-03   -0.2717524E-03    0.5792884E-03   -0.1052339E-02   -0.2574053E-03    0.1862896E-02    0.7246223E-05
    0.2881112E-05   -0.2751521E-05    0.1607871E-05    0.7481184E-03   -0.3065027E-02    0.1669690E-02    0.1923940E-03    0.1364256E-04   -0.1179259E-04   -0.7400035E-06    0.2795765E-04    0.1666215E-04    0.8045248E-05    0.2202422E-03    0.5238362E-07
    0.2801156E-05   -0.1316741E-04    0.2832205E-05    0.7655280E-04   -0.3687370E-02    0.1923940E-03    0.2009352E-03    0.7568501E-06   -0.8750934E-07   -0.2112662E-05    0.2537158E-05    0.2404890E-05    0.1927399E-04   -0.4999330E-04   -0.1719304E-06
    0.1977436E-07   -0.1859904E-06    0.5474188E-07    0.7223059E-06    0.7709838E-06    0.1364256E-04    0.7568501E-06    0.6183775E-05    0.7061803E-06    0.1341259E-05   -0.3288398E-05    0.6621811E-06   -0.2935402E-05    0.7153177E-05   -0.3437696E-07
    0.6367037E-07    0.1716042E-05    0.1385877E-06   -0.1118758E-04   -0.6404604E-03   -0.1179259E-04   -0.8750934E-07    0.7061803E-06    0.1438495E-02    0.3027541E-03    0.1198151E-03   -0.3641645E-03   -0.7594973E-04    0.1334722E-04   -0.1189781E-06
    0.7247564E-08    0.9556964E-06    0.2230655E-06   -0.3994388E-05   -0.2717524E-03   -0.7400035E-06   -0.2112662E-05    0.1341259E-05    0.3027541E-03    0.8478765E-03    0.1934151E-04    0.7259646E-03   -0.4734959E-05   -0.7657107E-03    0.2697250E-06
    0.2317439E-08   -0.2036801E-05    0.4068352E-06    0.2445627E-04    0.5792884E-03    0.2795765E-04    0.2537158E-05   -0.3288398E-05    0.1198151E-03    0.1934151E-04    0.7007051E-02   -0.3571909E-03    0.7202617E-03    0.4266984E-02   -0.6567562E-06
   -0.1826841E-06    0.3096711E-05   -0.4799652E-08   -0.4142082E-05   -0.1052339E-02    0.1666215E-04    0.2404890E-05    0.6621811E-06   -0.3641645E-03    0.7259646E-03   -0.3571909E-03    0.2907039E-02    0.4621591E-03   -0.9057195E-03    0.4033520E-06
   -0.6561594E-06    0.7937671E-05   -0.4361036E-06   -0.1634540E-04   -0.2574053E-03    0.8045248E-05    0.1927399E-04   -0.2935402E-05   -0.7594973E-04   -0.4734959E-05    0.7202617E-03    0.4621591E-03    0.6552059E-02    0.7955689E-02    0.5126714E-06
   -0.4579710E-05    0.3805166E-04   -0.4371162E-05    0.3052317E-04    0.1862896E-02    0.2202422E-03   -0.4999330E-04    0.7153177E-05    0.1334722E-04   -0.7657107E-03    0.4266984E-02   -0.9057195E-03    0.7955689E-02    0.6573108E-01   -0.2778875E-06
   -0.1579492E-08    0.2725648E-08    0.2476337E-08    0.2591155E-07    0.7246223E-05    0.5238362E-07   -0.1719304E-06   -0.3437696E-07   -0.1189781E-06    0.2697250E-06   -0.6567562E-06    0.4033520E-06    0.5126714E-06   -0.2778875E-06    0.9805523E-06
