# logA ns ombh2 omch2 tau theta_MC_100 A_planck amp_143 amp_217 amp_143x217 n_143 n_217 n_143x217 calTE
2.441817191211881604e-04 1.159936541669942578e-05 4.499902155227843481e-07 -2.309497953264735344e-07 1.070214263051601493e-04 2.582689638968383716e-07 1.174344456316396023e-05 -1.079197077317678444e-02 -1.058336831812694938e-02 -1.105055809983761066e-02 7.473273959458877260e-04 1.509743639485991310e-03 2.243248975223098660e-03 -7.792623747173519358e-06
1.159936541669942578e-05 2.149732576476506881e-05 3.115083171513109988e-07 -4.134294010252894007e-06 9.657088391112957104e-06 4.354473228688285061e-07 9.904971146295362692e-07 -6.462450945061694492e-03 -6.288900713746178525e-03 -6.411240610436778724e-03 3.256405022309311384e-04 8.104357709236376193e-04 1.167813679742833819e-03 8.607897821486566883e-07
4.499902155227843481e-07 3.115083171513109988e-07 2.184764200930171533e-08 -9.063219957029053573e-08 2.651383047251425694e-07 1.342562852097952837e-08 2.788908857044708424e-08 -1.281895772954775507e-04 -1.224414586867085585e-04 -1.264944504453234823e-04 2.825727235062044012e-06 1.200855966080784951e-05 1.611976963021811984e-05 -8.515248890536406024e-08
-2.309497953264735344e-07 -4.134294010252894007e-06 -9.063219957029053573e-08 1.846089636928645722e-06 -2.147553469243181962e-06 -1.454143326821587725e-07 -1.658211112348949338e-07 2.268024791162935832e-04 2.294456541245902374e-04 2.266412721225700836e-04 6.476977797737158185e-06 -7.436856759061597353e-06 -6.747139771074389519e-06 -5.799895517854692757e-07
1.070214263051601493e-04 9.657088391112957104e-06 2.651383047251425164e-07 -2.147553469243181962e-06 5.547179775144737794e-05 2.499106334217548692e-07 3.547984753063301942e-08 -3.882565061529120488e-03 -3.732442762945722536e-03 -3.869737300049524986e-03 1.779026672583400716e-04 4.538349973608957677e-04 6.572157743443396817e-04 -3.140386884588148654e-06
2.582689638968383716e-07 4.354473228688285061e-07 1.342562852097952837e-08 -1.454143326821587725e-07 2.499106334217548692e-07 8.624990651299299543e-08 1.726865892218056302e-08 -1.483771853986492383e-05 -1.627225644845508838e-05 -1.613074970019848001e-05 -7.422597034440652401e-08 1.559426325922410136e-06 1.633634430707881819e-06 -1.530153747253365316e-08
1.174344456316396023e-05 9.904971146295362692e-07 2.788908857044708424e-08 -1.658211112348949338e-07 3.547984753063297310e-08 1.726865892218056302e-08 6.004100193786439594e-06 -2.353852544828562393e-04 -2.762621201991306971e-04 -3.323623067912797181e-04 1.719976998666246555e-05 4.801385695766749581e-05 7.435717599416643111e-05 -4.105556953327615975e-07
-1.079197077317678444e-02 -6.462450945061694492e-03 -1.281895772954775507e-04 2.268024791162935832e-04 -3.882565061529120488e-03 -1.483771853986492383e-05 -2.353852544828562935e-04 6.041832730690329889e+00 5.409043111568949236e+00 5.694727932794454439e+00 -3.939215175129071600e-01 -8.464925370250944159e-01 -1.241965204591346739e+00 -4.622097401327097781e-04
-1.058336831812694938e-02 -6.288900713746178525e-03 -1.224414586867085585e-04 2.294456541245902645e-04 -3.732442762945722536e-03 -1.627225644845508838e-05 -2.762621201991306971e-04 5.409043111568949236e+00 5.786562563033137430e+00 5.639254036080775023e+00 -4.533658096026237927e-01 -8.773651019272483698e-01 -1.294794388590599699e+00 -5.732541817856688041e-04
-1.105055809983761066e-02 -6.411240610436778724e-03 -1.264944504453234823e-04 2.266412721225700836e-04 -3.869737300049524986e-03 -1.613074970019848001e-05 -3.323623067912797181e-04 5.694727932794454439e+00 5.639254036080775023e+00 5.830318845199088607e+00 -4.549873925060713420e-01 -8.815961349135595926e-01 -1.284242797623664112e+00 -5.535842471453503860e-04
7.473273959458877260e-04 3.256405022309311384e-04 2.825727235062044012e-06 6.476977797737159032e-06 1.779026672583400987e-04 -7.422597034440649754e-08 1.719976998666245877e-05 -3.939215175129071600e-01 -4.533658096026237927e-01 -4.549873925060713420e-01 7.665395545258160692e-02 8.081102027379589992e-02 1.426278861724113167e-01 1.641950671355142796e-04
1.509743639485991310e-03 8.104357709236376193e-04 1.200855966080784951e-05 -7.436856759061595659e-06 4.538349973608956050e-04 1.559426325922409924e-06 4.801385695766749581e-05 -8.464925370250944159e-01 -8.773651019272483698e-01 -8.815961349135593705e-01 8.081102027379589992e-02 1.814887036004336207e-01 2.478298307879020224e-01 1.643090487412206832e-04
2.243248975223098660e-03 1.167813679742833819e-03 1.611976963021811984e-05 -6.747139771074389519e-06 6.572157743443397902e-04 1.633634430707881607e-06 7.435717599416643111e-05 -1.241965204591346961e+00 -1.294794388590599699e+00 -1.284242797623664112e+00 1.426278861724113167e-01 2.478298307879020224e-01 4.075933349598129252e-01 2.766303874777465972e-04
-7.792623747173519358e-06 8.607897821486566883e-07 -8.515248890536406024e-08 -5.799895517854692757e-07 -3.140386884588148654e-06 -1.530153747253365316e-08 -4.105556953327615975e-07 -4.622097401327097781e-04 -5.732541817856688041e-04 -5.535842471453503860e-04 1.641950671355142796e-04 1.643090487412206832e-04 2.766303874777465972e-04 1.874963823054643535e-05
