# omegabh2 omegach2 theta tau mnu logA ns calPlanck acib217 xi asz143 aps100 aps143 aps143217 aps217 aksz kgal100 kgal143 kgal143217 kgal217 cal0 cal2
  3.7467442E-08  -4.8559666E-08   2.0249851E-08   2.6280749E-07   2.9979446E-07   5.6052422E-07   2.5189960E-07   2.2707642E-08  -1.5826627E-04   2.5698700E-06   4.1199128E-05  -6.6801473E-04  -4.1854195E-04  -1.3506419E-04  -6.4234978E-06  -6.2305448E-05   1.0425183E-06  -3.4286045E-06  -6.0899663E-07   6.5488445E-05   5.6693242E-10  -2.8335164E-09
 -4.8559666E-08   1.1119977E-06  -3.6256647E-08  -2.3898491E-06  -7.5459583E-06  -2.7219826E-06  -2.4008315E-06  -2.4656699E-07   2.3554466E-04   7.0797653E-07  -6.3655309E-06   5.1517121E-04   4.0130950E-04   2.3415244E-04  -1.6954257E-04   9.1116663E-05   1.6765235E-05   4.1170430E-05   2.9223155E-05  -1.2655140E-04  -1.7690033E-08   7.3111329E-10
  2.0249851E-08  -3.6256647E-08   1.7320040E-07   2.4835706E-07   8.3421799E-07   6.7896827E-07   3.1703632E-07   4.4809986E-08  -7.0454140E-07   6.2915359E-08  -3.5527219E-06   1.6080750E-04  -3.6001328E-05  -4.2805531E-05  -1.5762250E-05  -1.1011785E-06  -6.8066422E-06   1.8079740E-05   1.0815905E-05   2.8636410E-05   2.1883008E-10  -1.2334716E-09
  2.6280749E-07  -2.3898491E-06   2.4835706E-07   4.3701289E-05   4.6343537E-05   8.0394530E-05   7.8991047E-06  -4.1081424E-07  -1.6031926E-03   4.9391290E-05   2.1238198E-04  -6.7378387E-03  -4.1185654E-03  -1.7806265E-03  -6.5223376E-04  -2.7681522E-04  -6.7835384E-05  -1.6528429E-04   6.6553514E-05   6.4529917E-04   1.6293029E-09  -5.0261808E-08
  2.9979446E-07  -7.5459583E-06   8.3421799E-07   4.6343537E-05   1.5479016E-03   8.4306450E-05   1.7829946E-05   4.3625564E-06  -1.2100939E-03  -8.9269701E-05  -6.8880976E-04   1.5134607E-02   1.8004414E-03  -7.9732058E-04   2.4408287E-03  -7.6415198E-04  -2.7968298E-05  -1.0681971E-03   9.6378989E-04   5.0996189E-03   4.6899940E-07   2.8657071E-07
  5.6052422E-07  -2.7219826E-06   6.7896827E-07   8.0394530E-05   8.4306450E-05   1.7945870E-04   1.0081953E-05   1.1225646E-05  -2.9962622E-03   1.6763434E-04   4.2968267E-04  -1.1068885E-02  -6.5061227E-03   7.9232491E-05   4.5610235E-03  -1.3353769E-03  -4.5094653E-04  -8.9607501E-04  -5.9495982E-04   1.8733360E-03   8.3105037E-08  -1.7639990E-07
  2.5189960E-07  -2.4008315E-06   3.1703632E-07   7.8991047E-06   1.7829946E-05   1.0081953E-05   1.6039224E-05   7.4925710E-07  -5.0025400E-03   8.9405686E-05   1.0529677E-03  -2.4366223E-02  -7.3844986E-03   1.2271642E-03   5.3627980E-03  -2.5629860E-03   4.0555501E-04  -3.4754788E-04  -2.1386414E-04   2.0085241E-03  -5.0720669E-08  -4.6745112E-08
  2.2707642E-08  -2.4656699E-07   4.4809986E-08  -4.1081424E-07   4.3625564E-06   1.1225646E-05   7.4925710E-07   6.2863853E-06   6.5771557E-04   8.2428230E-06   3.1441325E-05   2.9415388E-03   2.8756008E-04   5.4508772E-04   1.4155432E-03  -4.2110705E-05   1.3401294E-05  -1.6593951E-05  -5.6516980E-05   6.3932641E-04  -1.5461752E-08  -1.7744456E-08
 -1.5826627E-04   2.3554466E-04  -7.0454140E-07  -1.6031926E-03  -1.2100939E-03  -2.9962622E-03  -5.0025400E-03   6.5771557E-04   4.4504886E+01  -3.7761151E-01  -8.1407448E-01   3.7015368E+01   2.7810584E+00  -1.2094937E+01  -5.4251127E+01  -1.5040403E-01   2.0631693E-01   4.9511243E-01  -5.7925471E+00  -3.3072566E+01  -2.2114519E-04   8.0577853E-04
  2.5698700E-06   7.0797653E-07   6.2915359E-08   4.9391290E-05  -8.9269701E-05   1.6763434E-04   8.9405686E-05   8.2428230E-06  -3.7761151E-01   8.2334013E-02  -4.3442716E-02  -6.4284842E-01   8.3982772E-01   1.6158027E+00   5.7792391E-01   5.0546814E-02  -1.0827597E-02   9.0712337E-03   9.7902521E-02   1.2451181E-01   4.3203445E-06  -1.0738451E-06
  4.1199128E-05  -6.3655309E-06  -3.5527219E-06   2.1238198E-04  -6.8880976E-04   4.2968267E-04   1.0529677E-03   3.1441325E-05  -8.1407448E-01  -4.3442716E-02   3.9349360E+00  -3.0568939E+01  -3.1562284E+00   8.0411512E+00   5.5273139E+00  -2.9258726E+00  -1.3189451E-01   2.1206079E-01   2.6955127E+00   3.3006286E+00   1.0367116E-04  -5.1408519E-05
 -6.6801473E-04   5.1517121E-04   1.6080750E-04  -6.7378387E-03   1.5134607E-02  -1.1068885E-02  -2.4366223E-02   2.9415388E-03   3.7015368E+01  -6.4284842E-01  -3.0568939E+01   7.8467243E+02   6.9700963E+01  -5.7495732E+01  -6.0606655E+01   1.5443974E+01  -7.6469350E+00   4.8703700E+00  -1.3090887E+01  -2.6079339E+01   3.6505769E-03   6.9594803E-04
 -4.1854195E-04   4.0130950E-04  -3.6001328E-05  -4.1185654E-03   1.8004414E-03  -6.5061227E-03  -7.3844986E-03   2.8756008E-04   2.7810584E+00   8.3982772E-01  -3.1562284E+00   6.9700963E+01   6.2897531E+01   4.0298767E+01   1.6008278E+01  -5.1925680E+00  -5.9373230E-01  -1.3282983E+00   3.5578118E+00   3.8651821E+00   1.4450307E-04   1.4068359E-04
 -1.3506419E-04   2.3415244E-04  -4.2805531E-05  -1.7806265E-03  -7.9732058E-04   7.9232491E-05   1.2271642E-03   5.4508772E-04  -1.2094937E+01   1.6158027E+00   8.0411512E+00  -5.7495732E+01   4.0298767E+01   8.5603095E+01   5.4086515E+01  -1.2764331E+01  -7.5310478E-01  -6.3436730E-01   4.8625708E+00   7.6311380E+00   4.5105193E-04  -3.3661609E-04
 -6.4234978E-06  -1.6954257E-04  -1.5762250E-05  -6.5223376E-04   2.4408287E-03   4.5610235E-03   5.3627980E-03   1.4155432E-03  -5.4251127E+01   5.7792391E-01   5.5273139E+00  -6.0606655E+01   1.6008278E+01   5.4086515E+01   1.0478571E+02  -1.0127437E+01  -6.2868300E-01  -1.1288673E+00   5.4621865E+00   3.2771854E+01   5.1973166E-04  -1.4239613E-03
 -6.2305448E-05   9.1116663E-05  -1.1011785E-06  -2.7681522E-04  -7.6415198E-04  -1.3353769E-03  -2.5629860E-03  -4.2110705E-05  -1.5040403E-01   5.0546814E-02  -2.9258726E+00   1.5443974E+01  -5.1925680E+00  -1.2764331E+01  -1.0127437E+01   6.4252059E+00   2.4435591E-02  -2.0008553E-01  -2.1417524E+00  -2.3170460E+00  -8.1771442E-05   3.1844102E-06
  1.0425183E-06   1.6765235E-05  -6.8066422E-06  -6.7835384E-05  -2.7968298E-05  -4.5094653E-04   4.0555501E-04   1.3401294E-05   2.0631693E-01  -1.0827597E-02  -1.3189451E-01  -7.6469350E+00  -5.9373230E-01  -7.5310478E-01  -6.2868300E-01   2.4435591E-02   3.3302961E+00   4.6487666E-01   1.3415174E-01   1.2971725E-01   1.7171604E-04   8.4051640E-06
 -3.4286045E-06   4.1170430E-05   1.8079740E-05  -1.6528429E-04  -1.0681971E-03  -8.9607501E-04  -3.4754788E-04  -1.6593951E-05   4.9511243E-01   9.0712337E-03   2.1206079E-01   4.8703700E+00  -1.3282983E+00  -6.3436730E-01  -1.1288673E+00  -2.0008553E-01   4.6487666E-01   3.1420249E+00   2.7909513E+00   2.8238902E+00  -1.9431814E-04  -4.7327364E-05
 -6.0899663E-07   2.9223155E-05   1.0815905E-05   6.6553514E-05   9.6378989E-04  -5.9495982E-04  -2.1386414E-04  -5.6516980E-05  -5.7925471E+00   9.7902521E-02   2.6955127E+00  -1.3090887E+01   3.5578118E+00   4.8625708E+00   5.4621865E+00  -2.1417524E+00   1.3415174E-01   2.7909513E+00   1.1014702E+01   1.9498223E+01  -4.3668994E-05   3.6495605E-04
  6.5488445E-05  -1.2655140E-04   2.8636410E-05   6.4529917E-04   5.0996189E-03   1.8733360E-03   2.0085241E-03   6.3932641E-04  -3.3072566E+01   1.2451181E-01   3.3006286E+00  -2.6079339E+01   3.8651821E+00   7.6311380E+00   3.2771854E+01  -2.3170460E+00   1.2971725E-01   2.8238902E+00   1.9498223E+01   5.3544324E+01   4.4323699E-05   8.3962685E-04
  5.6693242E-10  -1.7690033E-08   2.1883008E-10   1.6293029E-09   4.6899940E-07   8.3105037E-08  -5.0720669E-08  -1.5461752E-08  -2.2114519E-04   4.3203445E-06   1.0367116E-04   3.6505769E-03   1.4450307E-04   4.5105193E-04   5.1973166E-04  -8.1771442E-05   1.7171604E-04  -1.9431814E-04  -4.3668994E-05   4.4323699E-05   3.7037879E-07  -2.2942513E-09
 -2.8335164E-09   7.3111329E-10  -1.2334716E-09  -5.0261808E-08   2.8657071E-07  -1.7639990E-07  -4.6745112E-08  -1.7744456E-08   8.0577853E-04  -1.0738451E-06  -5.1408519E-05   6.9594803E-04   1.4068359E-04  -3.3661609E-04  -1.4239613E-03   3.1844102E-06   8.4051640E-06  -4.7327364E-05   3.6495605E-04   8.3962685E-04  -2.2942513E-09   3.9596779E-07
