# omegabh2 omegach2 theta tau nnu logA ns calPlanck acib217 xi asz143 aps100 aps143 aps143217 aps217 aksz kgal100 kgal143 kgal143217 kgal217 galfTE100 galfTE100143 galfTE100217 galfTE143 galfTE143217 galfTE217 cal0 cal2
  3.2054777E-08   2.7201382E-07  -2.7988818E-08   1.9518568E-07   2.0316396E-05   1.2054837E-06   7.9872521E-07   1.1499074E-08   3.5073894E-05   9.4780840E-08  -7.1864111E-06   2.0328070E-04   6.2563336E-05  -6.4047633E-07  -4.5211230E-05   2.8284900E-05   7.0891174E-07   5.6888944E-06   8.9781555E-06  -1.3527940E-06   8.8423447E-09  -2.9234604E-07  -1.0912128E-07  -5.6720248E-07  -3.3127320E-07  -7.2333050E-07  -1.1174996E-09   7.7226112E-10
  2.7201382E-07   7.7751992E-06  -8.3686571E-07  -1.3971320E-06   4.4140569E-04   1.6620538E-05   1.2635145E-05  -2.1895851E-07   2.4082679E-03  -5.0331817E-05  -5.5362085E-04   1.2096894E-02   5.4959409E-03   7.3301826E-04  -1.4059721E-03   1.3199020E-03   8.9773750E-05   3.3300343E-04   4.8623877E-04  -1.1730480E-04   2.2353757E-06   2.2307300E-07   3.6685444E-08  -1.6554215E-06   2.3114530E-06   2.4693981E-05  -3.3234224E-08   5.8072144E-08
 -2.7988818E-08  -8.3686571E-07   1.6847976E-07   1.1367391E-07  -5.0347629E-05  -1.7383035E-06  -1.4199664E-06   4.9319924E-08  -2.6672284E-04   8.3568157E-06   5.7603804E-05  -1.3962169E-03  -5.6466796E-04   1.3185752E-07   2.1251864E-04  -1.5939344E-04  -1.5296669E-05  -4.4044269E-05  -6.5419629E-05  -2.2412872E-05  -2.7728276E-07   6.5524348E-08  -3.8767589E-07   5.6790100E-10  -1.5403814E-06  -2.3501496E-06   2.5296184E-09  -7.6294925E-09
  1.9518568E-07  -1.3971320E-06   1.1367391E-07   4.7697385E-05   5.0155326E-05   8.9249061E-05   9.2869222E-06  -9.9874509E-07  -5.3098585E-04   4.2500868E-05   3.5764536E-04  -1.2049229E-02  -1.8695242E-03  -1.0387602E-04  -1.5246116E-03  -5.4564829E-04   1.8065358E-04  -2.2823591E-04  -2.8062185E-04  -5.2845653E-04   2.7484240E-07  -1.1535644E-06  -9.7008747E-06  -7.3955406E-06   7.0511679E-06  -2.6842855E-05   9.1622521E-09  -6.1052641E-08
  2.0316396E-05   4.4140569E-04  -5.0347629E-05   5.0155326E-05   2.8029414E-02   1.2298395E-03   9.2287922E-04  -3.2517944E-06   1.3405932E-01  -2.7454409E-03  -3.1629402E-02   7.0119984E-01   3.2456863E-01   4.7863712E-02  -7.5525329E-02   7.8725930E-02   9.9095095E-03   2.3239191E-02   3.4382266E-02   5.7782829E-03   1.4857689E-04  -3.7377106E-05  -3.1317658E-05  -2.1316994E-04   1.0738936E-04   1.2851561E-03  -2.6266348E-06   3.2727745E-06
  1.2054837E-06   1.6620538E-05  -1.7383035E-06   8.9249061E-05   1.2298395E-03   2.4310391E-04   5.1362308E-05   9.9257878E-06   3.5176487E-03  -1.2763762E-05  -9.0024320E-04   9.8616693E-03   1.0369294E-02   3.5187635E-03   7.4024108E-04   1.4750588E-03   6.9820100E-04  -6.4007568E-05  -8.3035405E-05   4.2820447E-04   1.0859040E-06  -3.3783758E-06  -2.0024213E-05  -1.3298695E-05   1.6106673E-05   2.9973473E-05   7.8688423E-08   1.1874592E-07
  7.9872521E-07   1.2635145E-05  -1.4199664E-06   9.2869222E-06   9.2287922E-04   5.1362308E-05   4.3877707E-05   6.5509462E-07  -1.5480715E-04   1.9345163E-05  -1.8399501E-04   1.1459835E-03   5.8792261E-03   4.1149965E-03   2.8397236E-03   4.0876426E-04   6.7792124E-04   4.8088446E-04   1.0749371E-03   2.1652572E-03   3.5542245E-06  -2.2395182E-06   2.8717398E-06  -9.0491769E-06  -4.5519751E-06   4.1548274E-05  -2.2582295E-07   4.1896519E-08
  1.1499074E-08  -2.1895851E-07   4.9319924E-08  -9.9874509E-07  -3.2517944E-06   9.9257878E-06   6.5509462E-07   6.2102999E-06  -2.9572804E-05  -1.0533167E-05  -5.5638035E-05   3.5718694E-03   1.1166577E-04   1.9191182E-04   2.2814958E-03  -7.4118626E-05   1.8935569E-04   5.5737757E-05  -7.3893146E-05   1.0477232E-03  -1.5422205E-06   6.8710241E-08   2.6860614E-06   3.2556005E-06  -1.1725948E-06   7.7317643E-06   4.3085340E-10   3.4022266E-08
  3.5073894E-05   2.4082679E-03  -2.6672284E-04  -5.3098585E-04   1.3405932E-01   3.5176487E-03  -1.5480715E-04  -2.9572804E-05   4.5205450E+01  -3.9849535E-01  -1.1621178E+00   4.1056777E+01   3.4162661E+00  -1.2980880E+01  -5.5940611E+01   5.1004810E-01   3.8569282E-01   2.7460512E-01  -6.5125936E+00  -3.4851500E+01  -5.2529424E-03  -2.4369880E-03  -1.8338234E-03  -7.5261170E-06  -2.6427979E-03   4.1141005E-02  -1.0269040E-04   6.4915587E-04
  9.4780840E-08  -5.0331817E-05   8.3568157E-06   4.2500868E-05  -2.7454409E-03  -1.2763762E-05   1.9345163E-05  -1.0533167E-05  -3.9849535E-01   8.1289367E-02  -2.8100574E-02  -8.6693489E-01   8.7424116E-01   1.7312341E+00   6.3448696E-01   3.1497923E-02  -3.5341719E-02   3.6496824E-03   1.0405922E-01   1.5245071E-01  -1.5127610E-04   8.6469936E-06  -1.7471591E-04   3.3080786E-04   2.1125444E-04  -7.1197632E-04   5.5538307E-07   4.1422029E-06
 -7.1864111E-06  -5.5362085E-04   5.7603804E-05   3.5764536E-04  -3.1629402E-02  -9.0024320E-04  -1.8399501E-04  -5.5638035E-05  -1.1621178E+00  -2.8100574E-02   3.8008870E+00  -2.9858629E+01  -3.4462244E+00   7.5345983E+00   5.4912534E+00  -2.6660638E+00  -2.5686588E-01   7.5520936E-02   2.5836095E+00   3.2996827E+00  -1.5297616E-04   1.2306992E-03  -7.7654222E-03   3.6800763E-03  -4.8588346E-03  -9.7482095E-03   1.1566196E-04  -7.9096077E-05
  2.0328070E-04   1.2096894E-02  -1.3962169E-03  -1.2049229E-02   7.0119984E-01   9.8616693E-03   1.1459835E-03   3.5718694E-03   4.1056777E+01  -8.6693489E-01  -2.9858629E+01   7.5743223E+02   6.7385948E+01  -6.1602851E+01  -7.0026030E+01   1.5711093E+01  -4.0731648E+00   7.3446011E+00  -9.8548134E+00  -2.2203899E+01   4.9912945E-03  -1.0878923E-02   8.0099315E-02  -8.6313288E-02   1.4686053E-02   1.4399610E-01   3.5634559E-03   1.1099784E-03
  6.2563336E-05   5.4959409E-03  -5.6466796E-04  -1.8695242E-03   3.2456863E-01   1.0369294E-02   5.8792261E-03   1.1166577E-04   3.4162661E+00   8.7424116E-01  -3.4462244E+00   6.7385948E+01   6.1496631E+01   3.9204651E+01   1.2484755E+01  -3.5455816E+00  -2.7665801E-01  -9.3631252E-01   3.4232868E+00   3.5727664E+00   2.9216941E-04   1.3593778E-03   7.6754557E-04   5.1770807E-04   1.0998640E-02   5.9376412E-02  -1.1433660E-05   2.5006139E-04
 -6.4047633E-07   7.3301826E-04   1.3185752E-07  -1.0387602E-04   4.7863712E-02   3.5187635E-03   4.1149965E-03   1.9191182E-04  -1.2980880E+01   1.7312341E+00   7.5345983E+00  -6.1602851E+01   3.9204651E+01   8.4714945E+01   5.1756855E+01  -1.1067625E+01  -1.2258226E+00  -7.4744529E-01   5.0003636E+00   8.4233030E+00  -4.4961962E-03   2.9206793E-03  -6.7157319E-03   1.8880068E-02   1.7591475E-03  -1.0226518E-02   3.6267509E-04  -1.8892088E-04
 -4.5211230E-05  -1.4059721E-03   2.1251864E-04  -1.5246116E-03  -7.5525329E-02   7.4024108E-04   2.8397236E-03   2.2814958E-03  -5.5940611E+01   6.3448696E-01   5.4912534E+00  -7.0026030E+01   1.2484755E+01   5.1756855E+01   1.0439392E+02  -9.3622425E+00  -7.0128193E-01  -8.7023496E-01   6.5748716E+00   3.6004920E+01   4.0729580E-03   5.2381308E-03   3.9034245E-03   1.1913765E-02  -1.9829688E-03  -3.6330808E-02   3.4264640E-04  -1.1009143E-03
  2.8284900E-05   1.3199020E-03  -1.5939344E-04  -5.4564829E-04   7.8725930E-02   1.4750588E-03   4.0876426E-04  -7.4118626E-05   5.1004810E-01   3.1497923E-02  -2.6660638E+00   1.5711093E+01  -3.5455816E+00  -1.1067625E+01  -9.3622425E+00   5.7111614E+00   1.0830515E-01  -5.6045671E-02  -1.8574205E+00  -2.2837307E+00   2.0783944E-03   5.3026079E-04   1.3483251E-03  -3.1967598E-03   4.3913896E-03  -7.2334505E-03  -8.3218889E-05   3.1930981E-05
  7.0891174E-07   8.9773750E-05  -1.5296669E-05   1.8065358E-04   9.9095095E-03   6.9820100E-04   6.7792124E-04   1.8935569E-04   3.8569282E-01  -3.5341719E-02  -2.5686588E-01  -4.0731648E+00  -2.7665801E-01  -1.2258226E+00  -7.0128193E-01   1.0830515E-01   3.3796861E+00   5.6024703E-01   5.7151963E-02  -1.0250554E-01   3.2767944E-04   9.0297498E-04  -2.8537731E-03   1.7028877E-03   1.2908632E-04  -4.5709462E-03   2.1938289E-04  -3.0015675E-05
  5.6888944E-06   3.3300343E-04  -4.4044269E-05  -2.2823591E-04   2.3239191E-02  -6.4007568E-05   4.8088446E-04   5.5737757E-05   2.7460512E-01   3.6496824E-03   7.5520936E-02   7.3446011E+00  -9.3631252E-01  -7.4744529E-01  -8.7023496E-01  -5.6045671E-02   5.6024703E-01   3.2800840E+00   2.8913450E+00   3.0942627E+00   3.6490623E-03  -3.5283640E-04   2.6270773E-03  -2.1905635E-03   8.0742044E-04   1.1001815E-02  -1.7371008E-04  -5.5285267E-05
  8.9781555E-06   4.8623877E-04  -6.5419629E-05  -2.8062185E-04   3.4382266E-02  -8.3035405E-05   1.0749371E-03  -7.3893146E-05  -6.5125936E+00   1.0405922E-01   2.5836095E+00  -9.8548134E+00   3.4232868E+00   5.0003636E+00   6.5748716E+00  -1.8574205E+00   5.7151963E-02   2.8913450E+00   1.0807735E+01   1.9510266E+01   5.7229500E-03   1.2904935E-03  -4.9596539E-03  -5.2629978E-04  -5.3919166E-03   1.4478569E-03  -5.9035684E-05   2.9790759E-04
 -1.3527940E-06  -1.1730480E-04  -2.2412872E-05  -5.2845653E-04   5.7782829E-03   4.2820447E-04   2.1652572E-03   1.0477232E-03  -3.4851500E+01   1.5245071E-01   3.2996827E+00  -2.2203899E+01   3.5727664E+00   8.4233030E+00   3.6004920E+01  -2.2837307E+00  -1.0250554E-01   3.0942627E+00   1.9510266E+01   5.4496452E+01   1.0306630E-02   3.3709987E-03  -2.2036970E-03  -1.1934142E-03  -3.2224727E-04  -2.8481951E-02  -3.0818333E-05   7.5115441E-04
  8.8423447E-09   2.2353757E-06  -2.7728276E-07   2.7484240E-07   1.4857689E-04   1.0859040E-06   3.5542245E-06  -1.5422205E-06  -5.2529424E-03  -1.5127610E-04  -1.5297616E-04   4.9912945E-03   2.9216941E-04  -4.4961962E-03   4.0729580E-03   2.0783944E-03   3.2767944E-04   3.6490623E-03   5.7229500E-03   1.0306630E-02   1.4077123E-03   2.6045983E-04  -8.2445974E-06  -3.1470443E-04  -8.1278277E-05  -4.1652095E-05  -4.7357676E-07   2.6191549E-07
 -2.9234604E-07   2.2307300E-07   6.5524348E-08  -1.1535644E-06  -3.7377106E-05  -3.3783758E-06  -2.2395182E-06   6.8710241E-08  -2.4369880E-03   8.6469936E-06   1.2306992E-03  -1.0878923E-02   1.3593778E-03   2.9206793E-03   5.2381308E-03   5.3026079E-04   9.0297498E-04  -3.5283640E-04   1.2904935E-03   3.3709987E-03   2.6045983E-04   8.9404856E-04   6.4868763E-05   8.1611761E-04   1.3770591E-04  -7.4889061E-04  -2.1278886E-07   3.5398581E-07
 -1.0912128E-07   3.6685444E-08  -3.8767589E-07  -9.7008747E-06  -3.1317658E-05  -2.0024213E-05   2.8717398E-06   2.6860614E-06  -1.8338234E-03  -1.7471591E-04  -7.7654222E-03   8.0099315E-02   7.6754557E-04  -6.7157319E-03   3.9034245E-03   1.3483251E-03  -2.8537731E-03   2.6270773E-03  -4.9596539E-03  -2.2036970E-03  -8.2445974E-06   6.4868763E-05   7.2408824E-03  -2.9732589E-04   7.0898808E-04   4.4116497E-03  -1.4712492E-06   1.1685683E-06
 -5.6720248E-07  -1.6554215E-06   5.6790100E-10  -7.3955406E-06  -2.1316994E-04  -1.3298695E-05  -9.0491769E-06   3.2556005E-06  -7.5261170E-06   3.3080786E-04   3.6800763E-03  -8.6313288E-02   5.1770807E-04   1.8880068E-02   1.1913765E-02  -3.1967598E-03   1.7028877E-03  -2.1905635E-03  -5.2629978E-04  -1.1934142E-03  -3.1470443E-04   8.1611761E-04  -2.9732589E-04   2.9482424E-03   6.5779863E-04  -8.6878122E-04  -1.0610196E-06   2.5288943E-07
 -3.3127320E-07   2.3114530E-06  -1.5403814E-06   7.0511679E-06   1.0738936E-04   1.6106673E-05  -4.5519751E-06  -1.1725948E-06  -2.6427979E-03   2.1125444E-04  -4.8588346E-03   1.4686053E-02   1.0998640E-02   1.7591475E-03  -1.9829688E-03   4.3913896E-03   1.2908632E-04   8.0742044E-04  -5.3919166E-03  -3.2224727E-04  -8.1278277E-05   1.3770591E-04   7.0898808E-04   6.5779863E-04   6.2947560E-03   7.8745617E-03  -6.3290665E-07   9.0421872E-08
 -7.2333050E-07   2.4693981E-05  -2.3501496E-06  -2.6842855E-05   1.2851561E-03   2.9973473E-05   4.1548274E-05   7.7317643E-06   4.1141005E-02  -7.1197632E-04  -9.7482095E-03   1.4399610E-01   5.9376412E-02  -1.0226518E-02  -3.6330808E-02  -7.2334505E-03  -4.5709462E-03   1.1001815E-02   1.4478569E-03  -2.8481951E-02  -4.1652095E-05  -7.4889061E-04   4.4116497E-03  -8.6878122E-04   7.8745617E-03   6.9233960E-02  -2.9692856E-07   9.4097760E-07
 -1.1174996E-09  -3.3234224E-08   2.5296184E-09   9.1622521E-09  -2.6266348E-06   7.8688423E-08  -2.2582295E-07   4.3085340E-10  -1.0269040E-04   5.5538307E-07   1.1566196E-04   3.5634559E-03  -1.1433660E-05   3.6267509E-04   3.4264640E-04  -8.3218889E-05   2.1938289E-04  -1.7371008E-04  -5.9035684E-05  -3.0818333E-05  -4.7357676E-07  -2.1278886E-07  -1.4712492E-06  -1.0610196E-06  -6.3290665E-07  -2.9692856E-07   3.7866687E-07   7.5062241E-09
  7.7226112E-10   5.8072144E-08  -7.6294925E-09  -6.1052641E-08   3.2727745E-06   1.1874592E-07   4.1896519E-08   3.4022266E-08   6.4915587E-04   4.1422029E-06  -7.9096077E-05   1.1099784E-03   2.5006139E-04  -1.8892088E-04  -1.1009143E-03   3.1930981E-05  -3.0015675E-05  -5.5285267E-05   2.9790759E-04   7.5115441E-04   2.6191549E-07   3.5398581E-07   1.1685683E-06   2.5288943E-07   9.0421872E-08   9.4097760E-07   7.5062241E-09   3.6761991E-07
