# omegabh2 omegach2 theta tau w logA ns calPlanck aps100 aps143 aps217 acib217 asz143 psr cibr xi aksz dust100 dust143 dust217 dust143x217 cal0 cal2 calTE calEE
  2.1876179E-08  -6.0298873E-08   1.1909106E-08   2.6239020E-07   1.2201215E-06   4.8377222E-07   2.0817209E-07   1.6318865E-08  -3.6061246E-04  -2.6625283E-04   9.0203336E-05  -1.2405283E-04   1.2196999E-05   8.4026233E-07  -2.7391089E-06   2.3006765E-07  -2.8130448E-05  -2.9356696E-08  -2.0024857E-07   6.7389288E-07  -6.8552760E-08   3.5157323E-09  -5.9257783E-09  -9.4707518E-08  -2.6593355E-07
 -6.0298873E-08   1.0824449E-06  -7.4547889E-08  -2.9659039E-06  -1.6198236E-05  -4.0386502E-06  -2.4901758E-06  -2.6890723E-07   6.4921908E-04   6.2145854E-04  -4.2634711E-04   4.1166773E-04  -2.9830023E-05  -1.2266300E-06   5.0599211E-06  -2.4505664E-06   7.2146791E-05   1.5081971E-06   5.0281688E-06  -3.1018029E-06   3.9551859E-06  -3.0571787E-08   1.0323877E-08  -1.1727343E-07  -5.4314175E-07
  1.1909106E-08  -7.4547889E-08   8.9688616E-08   2.5098305E-07   2.1481091E-06   4.5146509E-07   2.8096844E-07   1.5671949E-08   8.3281437E-05  -1.9275415E-05  -5.2722253E-05   1.8728830E-05  -1.7633122E-05  -5.0313584E-08  -5.0609301E-07   2.9135682E-07   5.4848109E-06  -4.1983263E-08  -5.9550899E-07  -1.5144229E-07  -3.7131748E-07  -1.2481849E-09   1.1973922E-08  -3.1190425E-08   2.8913314E-08
  2.6239020E-07  -2.9659039E-06   2.5098305E-07   5.1856734E-05   5.2223759E-05   9.3321364E-05   1.0485378E-05  -1.1449384E-06  -1.4832913E-02  -6.0654156E-03   2.3223764E-03  -3.6517423E-03   1.8680537E-04   2.5871586E-06  -4.7152959E-05   3.8046634E-05  -2.4220370E-04  -1.5230161E-06  -2.5800377E-05   1.8311778E-05  -9.8519075E-06  -1.8094464E-07  -1.8225665E-07  -3.1758129E-06  -2.9924881E-06
  1.2201215E-06  -1.6198236E-05   2.1481091E-06   5.2223759E-05   8.5385557E-04   8.2575935E-05   4.1065239E-05   6.1956528E-06  -1.4639183E-02  -1.1647964E-02   1.4452792E-02  -1.0521554E-02   1.0085958E-03   6.4177105E-05  -1.2125889E-04   4.4418934E-05  -2.1653863E-03  -9.4671117E-05  -1.6153193E-04   9.5927417E-05  -6.2488241E-05   6.8388286E-07  -1.3786827E-07   1.1415183E-06   7.5185792E-06
  4.8377222E-07  -4.0386502E-06   4.5146509E-07   9.3321364E-05   8.2575935E-05   1.9629247E-04   1.4351426E-05   8.8570844E-06  -2.3453407E-02  -8.6697182E-03   1.1714274E-02  -7.5139890E-03   5.5133736E-04   3.8942274E-05  -1.3875183E-04   1.1190825E-04  -1.3431916E-03  -2.5116433E-05  -1.3521852E-04   4.0601782E-05  -3.7180561E-05   2.3906254E-07  -5.4232677E-07  -6.2985629E-06  -4.0630630E-06
  2.0817209E-07  -2.4901758E-06   2.8096844E-07   1.0485378E-05   4.1065239E-05   1.4351426E-05   1.5961996E-05   4.8025965E-07  -2.1217788E-02  -7.7334032E-03   7.6168648E-03  -5.6801747E-03   4.7724234E-04   4.5414285E-05  -8.8792449E-05   4.0691246E-05  -1.9704722E-03   6.1010008E-06  -2.7016829E-05   3.5321409E-05  -1.4522622E-05  -2.7522205E-07  -1.7213103E-07  -3.6116944E-07  -3.3999314E-06
  1.6318865E-08  -2.6890723E-07   1.5671949E-08  -1.1449384E-06   6.1956528E-06   8.8570844E-06   4.8025965E-07   5.8520160E-06   2.7998520E-03   5.9537531E-04   1.3794871E-03   5.2742135E-04   8.9625626E-05   2.4146943E-06  -2.0176136E-06  -1.2038598E-06  -5.2307680E-05  -7.9109400E-06  -2.2715018E-06   1.6480310E-06  -5.1731919E-06   3.3417924E-08  -9.5070412E-08  -7.2936830E-08   2.2968480E-07
 -3.6061246E-04   6.4921908E-04   8.3281437E-05  -1.4832913E-02  -1.4639183E-02  -2.3453407E-02  -2.1217788E-02   2.7998520E-03   6.2047400E+02   6.1193460E+01  -5.7020054E+01   3.0868487E+01  -2.5291499E+01  -8.1224442E-01  -2.3673248E-01  -1.9219448E-01   9.9827301E+00  -1.9374940E-01   2.5275019E-01  -2.6525252E-01  -2.1260398E-01   6.6786993E-03   2.6805986E-03   2.2563722E-03   9.8437735E-03
 -2.6625283E-04   6.2145854E-04  -1.9275415E-05  -6.0654156E-03  -1.1647964E-02  -8.6697182E-03  -7.7334032E-03   5.9537531E-04   6.1193460E+01   6.7054971E+01   8.8648240E+00   7.2715427E+00  -2.9567274E-01   2.7516161E-03   4.7102740E-01   8.7055381E-01  -8.5928927E+00  -1.6843584E-03  -2.3667879E-01   3.6287506E-02   3.0398846E-02   9.9674094E-04   7.6637770E-04   2.3719540E-03   4.8572011E-03
  9.0203336E-05  -4.2634711E-04  -5.2722253E-05   2.3223764E-03   1.4452792E-02   1.1714274E-02   7.6168648E-03   1.3794871E-03  -5.7020054E+01   8.8648240E+00   1.7355877E+02  -8.1837914E+01   3.0951477E+00   3.3263339E-01  -1.0250885E+00   3.0262536E-01  -7.1856778E+00   1.5326159E-02  -2.6135814E-01   5.4900478E-01   7.0218281E-03   1.6927436E-03  -7.8292413E-03   3.5100097E-03   2.5882409E-03
 -1.2405283E-04   4.1166773E-04   1.8728830E-05  -3.6517423E-03  -1.0521554E-02  -7.5139890E-03  -5.6801747E-03   5.2742135E-04   3.0868487E+01   7.2715427E+00  -8.1837914E+01   5.1566073E+01   1.6842352E+00  -2.1032648E-02   7.1403790E-01  -2.3239543E-01  -3.1546595E+00  -2.0373707E-02   1.5092635E-01  -4.5410351E-01  -1.2169739E-01  -5.0616015E-04   3.1001320E-03  -7.8556822E-04   4.1025279E-04
  1.2196999E-05  -2.9830023E-05  -1.7633122E-05   1.8680537E-04   1.0085958E-03   5.5133736E-04   4.7724234E-04   8.9625626E-05  -2.5291499E+01  -2.9567274E-01   3.0951477E+00   1.6842352E+00   4.3462095E+00   1.1012030E-01   1.5102771E-01  -3.3458525E-02  -3.5471394E+00  -5.1128422E-03  -4.1588260E-03   5.4603975E-03   4.8723125E-02   4.5569845E-04  -2.5323944E-04  -1.6945155E-04  -2.9081362E-04
  8.4026233E-07  -1.2266300E-06  -5.0313584E-08   2.5871586E-06   6.4177105E-05   3.8942274E-05   4.5414285E-05   2.4146943E-06  -8.1224442E-01   2.7516161E-03   3.3263339E-01  -2.1032648E-02   1.1012030E-01   1.6563859E-02  -1.5965947E-02   1.1167200E-02  -1.1243199E-01  -1.2374471E-04  -8.8668091E-04  -3.0779877E-03   4.7730865E-03   1.7067030E-05  -4.2316711E-05   1.1708754E-05   6.9851215E-07
 -2.7391089E-06   5.0599211E-06  -5.0609301E-07  -4.7152959E-05  -1.2125889E-04  -1.3875183E-04  -8.8792449E-05  -2.0176136E-06  -2.3673248E-01   4.7102740E-01  -1.0250885E+00   7.1403790E-01   1.5102771E-01  -1.5965947E-02   6.7739437E-02   6.3173064E-03  -1.6276615E-01  -3.9820489E-04   6.5949476E-03   1.6111297E-04  -1.7268982E-02  -3.5030710E-06   1.0644577E-04   4.7473368E-06   2.0750779E-05
  2.3006765E-07  -2.4505664E-06   2.9135682E-07   3.8046634E-05   4.4418934E-05   1.1190825E-04   4.0691246E-05  -1.2038598E-06  -1.9219448E-01   8.7055381E-01   3.0262536E-01  -2.3239543E-01  -3.3458525E-02   1.1167200E-02   6.3173064E-03   8.2015548E-02   4.1513025E-02   3.3754363E-04   1.2037609E-03   9.3689973E-04  -2.5842490E-04   1.8408429E-05  -1.7431356E-06   3.5284904E-05   2.3671577E-05
 -2.8130448E-05   7.2146791E-05   5.4848109E-06  -2.4220370E-04  -2.1653863E-03  -1.3431916E-03  -1.9704722E-03  -5.2307680E-05   9.9827301E+00  -8.5928927E+00  -7.1856778E+00  -3.1546595E+00  -3.5471394E+00  -1.1243199E-01  -1.6276615E-01   4.1513025E-02   7.5057816E+00   1.8507188E-03  -3.5362612E-03   4.5155954E-03  -3.8417271E-02  -3.8955361E-04   8.6036848E-05  -2.1091727E-04   6.0680038E-05
 -2.9356696E-08   1.5081971E-06  -4.1983263E-08  -1.5230161E-06  -9.4671117E-05  -2.5116433E-05   6.1010008E-06  -7.9109400E-06  -1.9374940E-01  -1.6843584E-03   1.5326159E-02  -2.0373707E-02  -5.1128422E-03  -1.2374471E-04  -3.9820489E-04   3.3754363E-04   1.8507188E-03   3.8678879E-02   2.1624605E-03   1.2220748E-04   5.4888558E-04   3.6500283E-05  -7.2018094E-06   8.5179618E-06  -2.5588264E-05
 -2.0024857E-07   5.0281688E-06  -5.9550899E-07  -2.5800377E-05  -1.6153193E-04  -1.3521852E-04  -2.7016829E-05  -2.2715018E-06   2.5275019E-01  -2.3667879E-01  -2.6135814E-01   1.5092635E-01  -4.1588260E-03  -8.8668091E-04   6.5949476E-03   1.2037609E-03  -3.5362612E-03   2.1624605E-03   3.0752350E-02  -8.1064094E-04   4.9910483E-03  -7.7795879E-05  -4.4479409E-05  -7.4587336E-05  -7.3314748E-05
  6.7389288E-07  -3.1018029E-06  -1.5144229E-07   1.8311778E-05   9.5927417E-05   4.0601782E-05   3.5321409E-05   1.6480310E-06  -2.6525252E-01   3.6287506E-02   5.4900478E-01  -4.5410351E-01   5.4603975E-03  -3.0779877E-03   1.6111297E-04   9.3689973E-04   4.5155954E-03   1.2220748E-04  -8.1064094E-04   1.0644037E-02   7.9768407E-03   4.4946740E-06   6.2678926E-05  -1.0541473E-07  -3.7702964E-06
 -6.8552760E-08   3.9551859E-06  -3.7131748E-07  -9.8519075E-06  -6.2488241E-05  -3.7180561E-05  -1.4522622E-05  -5.1731919E-06  -2.1260398E-01   3.0398846E-02   7.0218281E-03  -1.2169739E-01   4.8723125E-02   4.7730865E-03  -1.7268982E-02  -2.5842490E-04  -3.8417271E-02   5.4888558E-04   4.9910483E-03   7.9768407E-03   2.4621942E-02  -4.5233670E-06   5.1713346E-05  -4.1271362E-05  -3.2682419E-05
  3.5157323E-09  -3.0571787E-08  -1.2481849E-09  -1.8094464E-07   6.8388286E-07   2.3906254E-07  -2.7522205E-07   3.3417924E-08   6.6786993E-03   9.9674094E-04   1.6927436E-03  -5.0616015E-04   4.5569845E-04   1.7067030E-05  -3.5030710E-06   1.8408429E-05  -3.8955361E-04   3.6500283E-05  -7.7795879E-05   4.4946740E-06  -4.5233670E-06   1.0789012E-06   7.5472495E-08   3.4403532E-07   5.5988087E-07
 -5.9257783E-09   1.0323877E-08   1.1973922E-08  -1.8225665E-07  -1.3786827E-07  -5.4232677E-07  -1.7213103E-07  -9.5070412E-08   2.6805986E-03   7.6637770E-04  -7.8292413E-03   3.1001320E-03  -2.5323944E-04  -4.2316711E-05   1.0644577E-04  -1.7431356E-06   8.6036848E-05  -7.2018094E-06  -4.4479409E-05   6.2678926E-05   5.1713346E-05   7.5472495E-08   2.4706717E-06   2.1221444E-07   2.6507843E-07
 -9.4707518E-08  -1.1727343E-07  -3.1190425E-08  -3.1758129E-06   1.1415183E-06  -6.2985629E-06  -3.6116944E-07  -7.2936830E-08   2.2563722E-03   2.3719540E-03   3.5100097E-03  -7.8556822E-04  -1.6945155E-04   1.1708754E-05   4.7473368E-06   3.5284904E-05  -2.1091727E-04   8.5179618E-06  -7.4587336E-05  -1.0541473E-07  -4.1271362E-05   3.4403532E-07   2.1221444E-07   2.3317114E-05   8.1449146E-06
 -2.6593355E-07  -5.4314175E-07   2.8913314E-08  -2.9924881E-06   7.5185792E-06  -4.0630630E-06  -3.3999314E-06   2.2968480E-07   9.8437735E-03   4.8572011E-03   2.5882409E-03   4.1025279E-04  -2.9081362E-04   6.9851215E-07   2.0750779E-05   2.3671577E-05   6.0680038E-05  -2.5588264E-05  -7.3314748E-05  -3.7702964E-06  -3.2682419E-05   5.5988087E-07   2.6507843E-07   8.1449146E-06   2.5812359E-05
