# omegabh2 omegach2 theta tau alpha1 logA ns calPlanck aps100 aps143 aps217 acib217 asz143 psr cibr xi aksz dust100 dust143 dust217 dust143x217 cal0 cal2
  5.2018938E-08  -3.4211174E-08  -3.6900478E-09   6.1600966E-07  -1.8515203E-07   1.5571848E-06  -2.0620411E-07   3.1087972E-08  -5.9741976E-04  -4.5208004E-04   2.2934384E-06  -1.9304782E-04   1.6646085E-05   3.8976411E-07  -3.4929881E-06   2.4657812E-06  -1.5112695E-05   1.6986774E-06   5.1427133E-07   1.8078230E-06   1.6066044E-06   7.3519596E-09  -6.5232556E-09
 -3.4211174E-08   1.2119626E-06  -9.2641938E-08  -2.5507613E-06  -2.3157638E-07  -2.2870444E-06  -3.2724279E-06  -1.8573703E-07   6.7121300E-04   5.1939704E-04   1.7033430E-04  -1.2606389E-05  -3.3013760E-05   2.7289109E-07   4.1039667E-07   2.0177510E-06   8.0591619E-05   1.0575387E-06   2.9154782E-06   7.6291163E-07   1.4603974E-06  -2.7435532E-08  -2.8413815E-09
 -3.6900478E-09  -9.2641938E-08   2.2036874E-07  -2.9286202E-07   3.2972023E-07  -9.6019797E-07   1.2775205E-06   3.6432346E-08  -3.0843330E-04  -1.1800077E-04   1.8911556E-04  -6.7187581E-05   1.8078649E-05   1.8771037E-06  -3.6344245E-06  -2.5632546E-06  -6.4595276E-05  -5.3306104E-07  -6.9255141E-07  -2.0265049E-07   1.4625024E-09  -2.0945531E-09  -3.6403999E-09
  6.1600966E-07  -2.5507613E-06  -2.9286202E-07   6.2593623E-05  -4.1079390E-06   1.2043213E-04   3.0692912E-07  -1.0356122E-06  -7.4664196E-03  -7.0242947E-03  -4.8166944E-03  -7.5976338E-04  -1.8858450E-04  -3.5041578E-05   7.0554515E-06  -9.9059577E-06   6.3702598E-04   4.0904212E-06   4.6481289E-05  -9.6470453E-07  -1.7802018E-05  -2.1035034E-07  -7.4302983E-08
 -1.8515203E-07  -2.3157638E-07   3.2972023E-07  -4.1079390E-06   2.6440546E-06  -1.1660460E-05   5.9121316E-06   2.8637816E-08  -8.0590171E-04   2.9568218E-04   1.1750828E-03  -2.6064952E-04   7.9843322E-05   1.1528155E-05  -1.7188586E-05  -2.5188532E-06  -2.9435381E-04  -1.3339856E-05  -1.0483891E-05  -6.9681468E-07  -3.1184382E-07  -3.5480659E-08  -4.0304933E-08
  1.5571848E-06  -2.2870444E-06  -9.6019797E-07   1.2043213E-04  -1.1660460E-05   2.7073021E-04  -1.5731970E-05   9.9274844E-06  -8.0503969E-03  -1.1741775E-02  -2.4511338E-03  -2.5436015E-03  -4.4678236E-04  -5.7773230E-05  -2.2744286E-05   2.1486411E-05   7.1579604E-04   1.3867961E-05   3.8387673E-05   2.9320875E-05  -2.8403453E-05   3.0596969E-07  -1.5432303E-07
 -2.0620411E-07  -3.2724279E-06   1.2775205E-06   3.0692912E-07   5.9121316E-06  -1.5731970E-05   3.3859561E-05   4.8999414E-07  -3.0491379E-02  -8.8468151E-03   1.0929525E-02  -6.4924172E-03   1.0614609E-03   9.5950479E-05  -1.4012011E-04   6.3378996E-05  -2.9768425E-03  -1.5656992E-05  -5.5829109E-05   1.6104031E-05  -2.3282460E-05  -4.0859687E-07  -4.3390044E-07
  3.1087972E-08  -1.8573703E-07   3.6432346E-08  -1.0356122E-06   2.8637816E-08   9.9274844E-06   4.8999414E-07   6.2044730E-06   2.1609304E-03   3.2757268E-04   1.2466473E-03   6.9395209E-04   6.7151330E-05  -3.0424625E-06   5.9781779E-06  -1.7710068E-06  -6.8106843E-05   2.2004616E-06   1.0946519E-05   5.2652942E-06   1.6551149E-06   2.9754659E-08  -3.8382967E-08
 -5.9741976E-04   6.7121300E-04  -3.0843330E-04  -7.4664196E-03  -8.0590171E-04  -8.0503969E-03  -3.0491379E-02   2.1609304E-03   6.1170266E+02   6.4409872E+01  -5.1004784E+01   2.7977865E+01  -2.5680802E+01  -9.0156212E-01   7.4449101E-03  -2.5795423E-01   1.1589901E+01  -2.5310801E-01   2.4659358E-01  -2.1511655E-01  -3.0994206E-01   6.8328982E-03   2.6583637E-03
 -4.5208004E-04   5.1939704E-04  -1.1800077E-04  -7.0242947E-03   2.9568218E-04  -1.1741775E-02  -8.8468151E-03   3.2757268E-04   6.4409872E+01   6.8680201E+01   7.0308941E+00   7.7952612E+00  -8.7768388E-01  -2.8736942E-02   4.3839213E-01   8.0583407E-01  -7.7890488E+00  -5.8932297E-02  -2.5568286E-01   4.8937508E-02   5.6797336E-02   9.3215666E-04   8.8536745E-04
  2.2934384E-06   1.7033430E-04   1.8911556E-04  -4.8166944E-03   1.1750828E-03  -2.4511338E-03   1.0929525E-02   1.2466473E-03  -5.1004784E+01   7.0308941E+00   1.7593018E+02  -8.4284289E+01   2.0500058E+00   3.7539075E-01  -1.1136498E+00   3.5649112E-01  -6.4824566E+00  -3.5708387E-02  -2.7172047E-01   5.5500685E-01   2.4220413E-02   1.7409261E-03  -7.7694443E-03
 -1.9304782E-04  -1.2606389E-05  -6.7187581E-05  -7.5976338E-04  -2.6064952E-04  -2.5436015E-03  -6.4924172E-03   6.9395209E-04   2.7977865E+01   7.7952612E+00  -8.4284289E+01   5.3726078E+01   2.0252093E+00  -6.8513096E-02   7.7828216E-01  -3.0435561E-01  -3.2443852E+00   7.8420596E-03   1.6719360E-01  -4.6355826E-01  -1.4463452E-01  -5.5909231E-04   3.1870819E-03
  1.6646085E-05  -3.3013760E-05   1.8078649E-05  -1.8858450E-04   7.9843322E-05  -4.4678236E-04   1.0614609E-03   6.7151330E-05  -2.5680802E+01  -8.7768388E-01   2.0500058E+00   2.0252093E+00   4.3205895E+00   1.0084487E-01   1.4471309E-01  -4.6347252E-02  -3.5268395E+00  -5.7315218E-03  -3.7555263E-04   2.1576464E-03   5.2353701E-02   4.4581873E-04  -2.2425328E-04
  3.8976411E-07   2.7289109E-07   1.8771037E-06  -3.5041578E-05   1.1528155E-05  -5.7773230E-05   9.5950479E-05  -3.0424625E-06  -9.0156212E-01  -2.8736942E-02   3.7539075E-01  -6.8513096E-02   1.0084487E-01   1.6252065E-02  -1.6833849E-02   1.1688556E-02  -1.0183805E-01  -3.6895534E-04  -1.7328425E-03  -2.4256613E-03   5.3844279E-03   1.6251003E-05  -3.7255491E-05
 -3.4929881E-06   4.1039667E-07  -3.6344245E-06   7.0554515E-06  -1.7188586E-05  -2.2744286E-05  -1.4012011E-04   5.9781779E-06   7.4449101E-03   4.3839213E-01  -1.1136498E+00   7.7828216E-01   1.4471309E-01  -1.6833849E-02   6.5888266E-02   2.6647473E-03  -1.5078561E-01   1.7280758E-04   7.6418907E-03  -1.0678907E-03  -1.8092404E-02  -2.1901888E-06   9.5874929E-05
  2.4657812E-06   2.0177510E-06  -2.5632546E-06  -9.9059577E-06  -2.5188532E-06   2.1486411E-05   6.3378996E-05  -1.7710068E-06  -2.5795423E-01   8.0583407E-01   3.5649112E-01  -3.0435561E-01  -4.6347252E-02   1.1688556E-02   2.6647473E-03   8.2207153E-02   5.7638911E-02  -8.0945163E-04  -5.8472139E-05   1.7375053E-03   1.8603605E-03   1.4359974E-05  -6.6733492E-06
 -1.5112695E-05   8.0591619E-05  -6.4595276E-05   6.3702598E-04  -2.9435381E-04   7.1579604E-04  -2.9768425E-03  -6.8106843E-05   1.1589901E+01  -7.7890488E+00  -6.4824566E+00  -3.2443852E+00  -3.5268395E+00  -1.0183805E-01  -1.5078561E-01   5.7638911E-02   7.4261852E+00   1.0032700E-02   2.3978060E-03   2.2288023E-03  -4.7649640E-02  -3.8380168E-04  -2.2666372E-05
  1.6986774E-06   1.0575387E-06  -5.3306104E-07   4.0904212E-06  -1.3339856E-05   1.3867961E-05  -1.5656992E-05   2.2004616E-06  -2.5310801E-01  -5.8932297E-02  -3.5708387E-02   7.8420596E-03  -5.7315218E-03  -3.6895534E-04   1.7280758E-04  -8.0945163E-04   1.0032700E-02   3.8056653E-02   3.1244311E-03  -3.0815342E-04   1.0479586E-05   3.4959976E-05  -8.1255285E-06
  5.1427133E-07   2.9154782E-06  -6.9255141E-07   4.6481289E-05  -1.0483891E-05   3.8387673E-05  -5.5829109E-05   1.0946519E-05   2.4659358E-01  -2.5568286E-01  -2.7172047E-01   1.6719360E-01  -3.7555263E-04  -1.7328425E-03   7.6418907E-03  -5.8472139E-05   2.3978060E-03   3.1244311E-03   3.1132363E-02  -7.3302840E-04   5.2196332E-03  -7.7811362E-05  -4.3861759E-05
  1.8078230E-06   7.6291163E-07  -2.0265049E-07  -9.6470453E-07  -6.9681468E-07   2.9320875E-05   1.6104031E-05   5.2652942E-06  -2.1511655E-01   4.8937508E-02   5.5500685E-01  -4.6355826E-01   2.1576464E-03  -2.4256613E-03  -1.0678907E-03   1.7375053E-03   2.2288023E-03  -3.0815342E-04  -7.3302840E-04   1.0818093E-02   8.8693942E-03   3.7289501E-06   6.3864203E-05
  1.6066044E-06   1.4603974E-06   1.4625024E-09  -1.7802018E-05  -3.1184382E-07  -2.8403453E-05  -2.3282460E-05   1.6551149E-06  -3.0994206E-01   5.6797336E-02   2.4220413E-02  -1.4463452E-01   5.2353701E-02   5.3844279E-03  -1.8092404E-02   1.8603605E-03  -4.7649640E-02   1.0479586E-05   5.2196332E-03   8.8693942E-03   2.6900905E-02  -7.1548476E-06   5.8031786E-05
  7.3519596E-09  -2.7435532E-08  -2.0945531E-09  -2.1035034E-07  -3.5480659E-08   3.0596969E-07  -4.0859687E-07   2.9754659E-08   6.8328982E-03   9.3215666E-04   1.7409261E-03  -5.5909231E-04   4.4581873E-04   1.6251003E-05  -2.1901888E-06   1.4359974E-05  -3.8380168E-04   3.4959976E-05  -7.7811362E-05   3.7289501E-06  -7.1548476E-06   1.1130921E-06   3.2465268E-08
 -6.5232556E-09  -2.8413815E-09  -3.6403999E-09  -7.4302983E-08  -4.0304933E-08  -1.5432303E-07  -4.3390044E-07  -3.8382967E-08   2.6583637E-03   8.8536745E-04  -7.7694443E-03   3.1870819E-03  -2.2425328E-04  -3.7255491E-05   9.5874929E-05  -6.6733492E-06  -2.2666372E-05  -8.1255285E-06  -4.3861759E-05   6.3864203E-05   5.8031786E-05   3.2465268E-08   2.4801284E-06
