# omegabh2 omegach2 theta tau logA ns nrun calPlanck acib217 xi asz143 aps100 aps143 aps143217 aps217 aksz kgal100 kgal143 kgal143217 kgal217 galfTE100 galfTE100143 galfTE100217 galfTE143 galfTE143217 galfTE217 cal0 cal2
  2.1651585E-08  -8.5597263E-08   1.5372784E-08   3.1167490E-07   5.8641511E-07   1.8407212E-07  -2.5189215E-07   1.5804538E-08  -2.5642996E-05  -1.6008491E-07   9.2740170E-06  -2.0292713E-04  -1.3378099E-04  -6.8079329E-05  -9.3805009E-06  -1.5967038E-05   2.2333358E-06  -7.3671456E-06  -1.7517133E-05  -2.6709380E-05   1.6372830E-07  -4.9083730E-08   2.4540645E-07  -2.8540624E-07  -7.2213652E-07  -1.3146587E-06   4.1164575E-09  -1.6747355E-09
 -8.5597263E-08   1.3486652E-06  -1.0363733E-07  -2.7703117E-06  -2.7890453E-06  -3.3110176E-06  -8.3637046E-07  -2.9107721E-07   3.0927207E-04  -6.0770759E-06  -1.0994329E-04   1.8014999E-03   1.2160903E-03   4.4851676E-04   2.4397831E-05   1.4733271E-04  -3.0609970E-05  -7.8435945E-06   2.3170826E-05  -5.8214596E-05  -8.9066057E-07   2.9641083E-07   1.5463765E-07   1.2792584E-06   2.6162219E-06   9.0865127E-06  -6.0829148E-09  -2.5475949E-10
  1.5372784E-08  -1.0363733E-07   9.7159778E-08   3.0583492E-07   4.6103693E-07   3.6068251E-07   1.4260652E-08   1.6794076E-09   2.7135405E-06  -1.5860028E-06   1.9324373E-05  -3.4680833E-04  -8.4375290E-05   1.0090152E-05   2.6761861E-05  -2.5501751E-05   4.1705853E-06  -4.8643991E-06  -1.5424747E-05  -3.4145448E-05   3.6144547E-07   3.5223105E-07  -3.6828025E-07   5.2962184E-08  -8.6511422E-07  -2.1345583E-06  -2.0838906E-09  -2.5503582E-09
  3.1167490E-07  -2.7703117E-06   3.0583492E-07   4.5929041E-05   8.4208217E-05   8.2488617E-06  -6.6555190E-06  -1.1220339E-06  -1.1265974E-03  -1.1064936E-05   1.1844391E-04  -7.4921440E-03  -2.8812753E-03  -1.4447693E-03  -2.3185838E-04  -3.4523594E-04   1.3484894E-04   9.3926501E-05  -7.0601356E-05   9.0037441E-05   6.4190295E-06  -1.0970373E-06  -7.7558873E-06  -2.3973351E-06  -4.5563270E-06  -9.9090344E-06  -1.7372426E-08   7.7887027E-08
  5.8641511E-07  -2.7890453E-06   4.6103693E-07   8.4208217E-05   1.8809749E-04   6.3950153E-06  -2.4434462E-05   9.2199028E-06   1.7753576E-04  -2.3531982E-05  -5.4698643E-04   1.9337657E-03   2.1934397E-03   4.4855903E-04   3.6141742E-03  -2.7471651E-04   3.4925835E-05  -5.6284666E-04  -7.7650922E-04   5.6512905E-04   1.8209012E-05  -1.1908191E-06  -1.8875177E-05  -5.0465860E-06  -1.4866665E-05  -9.4136744E-06   1.3554421E-07   2.4113289E-07
  1.8407212E-07  -3.3110176E-06   3.6068251E-07   8.2488617E-06   6.3950153E-06   1.8837879E-05   9.1439894E-06   5.7597233E-07  -6.1279104E-03   1.2543269E-04   1.4167044E-03  -3.2574528E-02  -1.0383527E-02   1.3081029E-03   6.2832292E-03  -3.1261725E-03   3.4890469E-04  -3.5994631E-04  -4.4877797E-04   1.6494222E-03   3.0965083E-07  -6.0613678E-07   3.7463053E-06  -3.4991340E-06  -1.1046591E-06  -5.2615631E-06  -1.0837412E-07  -9.3736010E-08
 -2.5189215E-07  -8.3637046E-07   1.4260652E-08  -6.6555190E-06  -2.4434462E-05   9.1439894E-06   4.4597495E-05   4.6123549E-07  -6.6737614E-03   1.5989087E-04   2.0097960E-03  -3.0384445E-02  -1.4287409E-02  -4.3071036E-04   4.2887665E-03  -3.4964223E-03  -2.2662476E-04  -1.7836143E-04  -2.6446044E-05   1.9877412E-03  -5.3589671E-06  -1.1215320E-06  -1.0999963E-05   2.5559122E-06   5.0596347E-06  -1.7081358E-06  -1.2210212E-07  -2.6027981E-07
  1.5804538E-08  -2.9107721E-07   1.6794076E-09  -1.1220339E-06   9.2199028E-06   5.7597233E-07   4.6123549E-07   6.1196744E-06   7.6035410E-04   4.5003636E-06  -8.4431767E-05   5.1214991E-03   9.3815987E-04   2.0146945E-04   9.6673892E-04   4.7776998E-05   1.8858208E-05  -1.0361666E-04  -8.9474930E-05   6.8595820E-04   3.0829177E-06  -6.8348530E-08  -2.6755649E-06  -1.0908685E-06  -4.3253289E-06  -6.7420825E-06   4.6205117E-09   3.9210550E-08
 -2.5642996E-05   3.0927207E-04   2.7135405E-06  -1.1265974E-03   1.7753576E-04  -6.1279104E-03  -6.6737614E-03   7.6035410E-04   4.4148232E+01  -3.9374340E-01  -8.6469170E-01   3.9319146E+01   4.1541711E+00  -1.1410021E+01  -5.2499406E+01   8.2143348E-02  -1.8356026E-02   4.2971035E-01  -5.5727544E+00  -3.2266338E+01   8.7719415E-04   8.0804741E-04  -1.1353252E-03   4.9993698E-03  -1.1170276E-02   2.4664667E-02  -1.1866334E-04   8.3448561E-04
 -1.6008491E-07  -6.0770759E-06  -1.5860028E-06  -1.1064936E-05  -2.3531982E-05   1.2543269E-04   1.5989087E-04   4.5003636E-06  -3.9374340E-01   8.0784859E-02  -3.9674079E-02  -4.9898570E-01   8.7195393E-01   1.6461778E+00   6.2155949E-01   2.3281971E-02  -1.9563531E-02   2.0293156E-02   1.1524604E-01   1.5903399E-01  -6.3907518E-05   3.5025188E-05  -4.8035115E-04   1.6156897E-04  -4.4506498E-05   2.1918935E-03   2.6213659E-06  -1.9798033E-06
  9.2740170E-06  -1.0994329E-04   1.9324373E-05   1.1844391E-04  -5.4698643E-04   1.4167044E-03   2.0097960E-03  -8.4431767E-05  -8.6469170E-01  -3.9674079E-02   4.0590223E+00  -3.3804529E+01  -4.1449755E+00   7.9333832E+00   5.5331347E+00  -3.0761705E+00  -6.4267533E-02   2.2487523E-01   2.6529283E+00   3.2212491E+00  -7.7524539E-04  -2.0259876E-03   7.0375677E-03  -3.0348688E-03   1.8110011E-03  -7.2520636E-03   9.7746458E-05  -1.9177899E-05
 -2.0292713E-04   1.8014999E-03  -3.4680833E-04  -7.4921440E-03   1.9337657E-03  -3.2574528E-02  -3.0384445E-02   5.1214991E-03   3.9319146E+01  -4.9898570E-01  -3.3804529E+01   8.1270784E+02   8.2291558E+01  -5.5246839E+01  -6.4451288E+01   1.8248353E+01  -7.0628784E+00   5.9362138E+00  -1.2163929E+01  -2.3787627E+01   2.2141087E-02   1.6776077E-02  -1.1750978E-01   3.2928256E-02  -3.1741898E-02   5.6020006E-02   3.8216378E-03   6.7652964E-04
 -1.3378099E-04   1.2160903E-03  -8.4375290E-05  -2.8812753E-03   2.1934397E-03  -1.0383527E-02  -1.4287409E-02   9.3815987E-04   4.1541711E+00   8.7195393E-01  -4.1449755E+00   8.2291558E+01   6.6825423E+01   3.9746783E+01   1.3219173E+01  -3.7279387E+00  -5.7976011E-01  -1.1876771E+00   3.6376725E+00   4.3019420E+00   4.8243749E-03   7.1767667E-03  -2.5590207E-02   9.9585708E-03   5.4519898E-03   2.2694524E-02   5.8872066E-05   3.1748001E-04
 -6.8079329E-05   4.4851676E-04   1.0090152E-05  -1.4447693E-03   4.4855903E-04   1.3081029E-03  -4.3071036E-04   2.0146945E-04  -1.1410021E+01   1.6461778E+00   7.9333832E+00  -5.5246839E+01   3.9746783E+01   8.5362042E+01   5.2454547E+01  -1.2722153E+01  -7.2391475E-01  -2.7562437E-01   5.1137224E+00   7.8014374E+00  -2.6931861E-03  -5.6126380E-04  -1.0292724E-02   2.2599305E-03   9.6046371E-03   2.2656243E-02   3.9028349E-04  -2.5409012E-04
 -9.3805009E-06   2.4397831E-05   2.6761861E-05  -2.3185838E-04   3.6141742E-03   6.2832292E-03   4.2887665E-03   9.6673892E-04  -5.2499406E+01   6.2155949E-01   5.5331347E+00  -6.4451288E+01   1.3219173E+01   5.2454547E+01   1.0040885E+02  -1.0098138E+01  -2.1333517E-01  -1.0741937E+00   5.0455512E+00   3.0982554E+01  -1.0891973E-03   3.3523414E-04  -1.0237012E-02  -4.7828468E-03   1.4205518E-02  -2.9708082E-02   2.8725867E-04  -1.3726108E-03
 -1.5967038E-05   1.4733271E-04  -2.5501751E-05  -3.4523594E-04  -2.7471651E-04  -3.1261725E-03  -3.4964223E-03   4.7776998E-05   8.2143348E-02   2.3281971E-02  -3.0761705E+00   1.8248353E+01  -3.7279387E+00  -1.2722153E+01  -1.0098138E+01   6.5502688E+00   2.2520744E-02  -2.8468762E-01  -2.1643858E+00  -2.3569415E+00   1.3521271E-03   5.8740620E-04  -2.3821741E-03   1.6528453E-03  -3.5362224E-03   8.3958381E-05  -5.7103114E-05  -5.9887555E-06
  2.2333358E-06  -3.0609970E-05   4.1705853E-06   1.3484894E-04   3.4925835E-05   3.4890469E-04  -2.2662476E-04   1.8858208E-05  -1.8356026E-02  -1.9563531E-02  -6.4267533E-02  -7.0628784E+00  -5.7976011E-01  -7.2391475E-01  -2.1333517E-01   2.2520744E-02   3.3099112E+00   5.6093784E-01   2.3026267E-01   2.9610852E-01  -3.9658012E-04   9.1897541E-04   5.6899553E-04   1.0710855E-03   1.3663040E-03  -1.0269698E-02   1.8060489E-04   5.5213940E-06
 -7.3671456E-06  -7.8435945E-06  -4.8643991E-06   9.3926501E-05  -5.6284666E-04  -3.5994631E-04  -1.7836143E-04  -1.0361666E-04   4.2971035E-01   2.0293156E-02   2.2487523E-01   5.9362138E+00  -1.1876771E+00  -2.7562437E-01  -1.0741937E+00  -2.8468762E-01   5.6093784E-01   3.2603246E+00   2.8817611E+00   3.0058537E+00   1.1093638E-03  -3.4638636E-04  -2.0298218E-03   1.5794052E-03  -2.2267535E-03  -7.4303292E-03  -1.6313738E-04  -3.0077801E-05
 -1.7517133E-05   2.3170826E-05  -1.5424747E-05  -7.0601356E-05  -7.7650922E-04  -4.4877797E-04  -2.6446044E-05  -8.9474930E-05  -5.5727544E+00   1.1524604E-01   2.6529283E+00  -1.2163929E+01   3.6376725E+00   5.1137224E+00   5.0455512E+00  -2.1643858E+00   2.3026267E-01   2.8817611E+00   1.0939439E+01   1.9350038E+01   2.0321971E-03  -2.1362007E-03   6.1984354E-03  -2.9065076E-03   2.3862918E-03   2.8873692E-05  -3.4188097E-05   4.2021270E-04
 -2.6709380E-05  -5.8214596E-05  -3.4145448E-05   9.0037441E-05   5.6512905E-04   1.6494222E-03   1.9877412E-03   6.8595820E-04  -3.2266338E+01   1.5903399E-01   3.2212491E+00  -2.3787627E+01   4.3019420E+00   7.8014374E+00   3.0982554E+01  -2.3569415E+00   2.9610852E-01   3.0058537E+00   1.9350038E+01   5.2803156E+01   3.9961048E-03  -2.7168738E-03   1.3106066E-02  -5.8510562E-03   9.6941791E-03  -1.6534246E-02   4.0077569E-05   8.5200013E-04
  1.6372830E-07  -8.9066057E-07   3.6144547E-07   6.4190295E-06   1.8209012E-05   3.0965083E-07  -5.3589671E-06   3.0829177E-06   8.7719415E-04  -6.3907518E-05  -7.7524539E-04   2.2141087E-02   4.8243749E-03  -2.6931861E-03  -1.0891973E-03   1.3521271E-03  -3.9658012E-04   1.1093638E-03   2.0321971E-03   3.9961048E-03   1.4536909E-03   2.4121315E-04   1.4489320E-04  -4.1319029E-04  -1.1722191E-04  -2.4031479E-04  -4.7151017E-07   4.0763905E-07
 -4.9083730E-08   2.9641083E-07   3.5223105E-07  -1.0970373E-06  -1.1908191E-06  -6.0613678E-07  -1.1215320E-06  -6.8348530E-08   8.0804741E-04   3.5025188E-05  -2.0259876E-03   1.6776077E-02   7.1767667E-03  -5.6126380E-04   3.3523414E-04   5.8740620E-04   9.1897541E-04  -3.4638636E-04  -2.1362007E-03  -2.7168738E-03   2.4121315E-04   8.6493703E-04   8.3450965E-05   7.3453894E-04   3.6215646E-06  -7.9946100E-04  -1.9290350E-07   1.2418142E-07
  2.4540645E-07   1.5463765E-07  -3.6828025E-07  -7.7558873E-06  -1.8875177E-05   3.7463053E-06  -1.0999963E-05  -2.6755649E-06  -1.1353252E-03  -4.8035115E-04   7.0375677E-03  -1.1750978E-01  -2.5590207E-02  -1.0292724E-02  -1.0237012E-02  -2.3821741E-03   5.6899553E-04  -2.0298218E-03   6.1984354E-03   1.3106066E-02   1.4489320E-04   8.3450965E-05   7.3032627E-03  -1.9803642E-04   6.7469409E-04   4.3546760E-03  -5.9545770E-07   1.5740976E-06
 -2.8540624E-07   1.2792584E-06   5.2962184E-08  -2.3973351E-06  -5.0465860E-06  -3.4991340E-06   2.5559122E-06  -1.0908685E-06   4.9993698E-03   1.6156897E-04  -3.0348688E-03   3.2928256E-02   9.9585708E-03   2.2599305E-03  -4.7828468E-03   1.6528453E-03   1.0710855E-03   1.5794052E-03  -2.9065076E-03  -5.8510562E-03  -4.1319029E-04   7.3453894E-04  -1.9803642E-04   2.9044585E-03   5.2453997E-04  -1.1956962E-03   4.4804733E-07  -5.0927676E-07
 -7.2213652E-07   2.6162219E-06  -8.6511422E-07  -4.5563270E-06  -1.4866665E-05  -1.1046591E-06   5.0596347E-06  -4.3253289E-06  -1.1170276E-02  -4.4506498E-05   1.8110011E-03  -3.1741898E-02   5.4519898E-03   9.6046371E-03   1.4205518E-02  -3.5362224E-03   1.3663040E-03  -2.2267535E-03   2.3862918E-03   9.6941791E-03  -1.1722191E-04   3.6215646E-06   6.7469409E-04   5.2453997E-04   6.4639853E-03   8.3668548E-03   8.2412586E-07  -1.7059097E-07
 -1.3146587E-06   9.0865127E-06  -2.1345583E-06  -9.9090344E-06  -9.4136744E-06  -5.2615631E-06  -1.7081358E-06  -6.7420825E-06   2.4664667E-02   2.1918935E-03  -7.2520636E-03   5.6020006E-02   2.2694524E-02   2.2656243E-02  -2.9708082E-02   8.3958381E-05  -1.0269698E-02  -7.4303292E-03   2.8873692E-05  -1.6534246E-02  -2.4031479E-04  -7.9946100E-04   4.3546760E-03  -1.1956962E-03   8.3668548E-03   7.0743160E-02   1.3266484E-06   1.2890306E-06
  4.1164575E-09  -6.0829148E-09  -2.0838906E-09  -1.7372426E-08   1.3554421E-07  -1.0837412E-07  -1.2210212E-07   4.6205117E-09  -1.1866334E-04   2.6213659E-06   9.7746458E-05   3.8216378E-03   5.8872066E-05   3.9028349E-04   2.8725867E-04  -5.7103114E-05   1.8060489E-04  -1.6313738E-04  -3.4188097E-05   4.0077569E-05  -4.7151017E-07  -1.9290350E-07  -5.9545770E-07   4.4804733E-07   8.2412586E-07   1.3266484E-06   3.7089408E-07  -3.1277569E-09
 -1.6747355E-09  -2.5475949E-10  -2.5503582E-09   7.7887027E-08   2.4113289E-07  -9.3736010E-08  -2.6027981E-07   3.9210550E-08   8.3448561E-04  -1.9798033E-06  -1.9177899E-05   6.7652964E-04   3.1748001E-04  -2.5409012E-04  -1.3726108E-03  -5.9887555E-06   5.5213940E-06  -3.0077801E-05   4.2021270E-04   8.5200013E-04   4.0763905E-07   1.2418142E-07   1.5740976E-06  -5.0927676E-07  -1.7059097E-07   1.2890306E-06  -3.1277569E-09   3.7797716E-07
