# omegabh2 omegach2 theta tau meffsterile nnu logA ns calPlanck aps100 aps143 aps217 acib217 asz143 psr cibr xi aksz dust100 dust143 dust217 dust143x217 cal0 cal2 calTE calEE
  2.4112844E-08   9.6954969E-08   1.4746682E-09   2.3645796E-07  -2.9679894E-06   6.4084753E-06   7.1435945E-07   3.9665058E-07   2.5598872E-08  -1.1633437E-04  -1.4769078E-04   2.0612363E-05  -5.8279971E-05   1.0505024E-05   4.7050112E-07  -9.2252148E-07   7.7808064E-07  -1.4979627E-05  -4.7930497E-07   5.2466787E-07   6.0654227E-07   2.9746850E-07   1.8614402E-09  -5.9870872E-10  -5.5339425E-08  -1.8024355E-07
  9.6954969E-08   1.0160292E-05  -4.7808568E-07  -8.7532103E-07  -4.6949591E-04   2.5721906E-04   9.9772572E-06   8.8435842E-06  -3.8807029E-07   6.2709235E-03   2.9559721E-03  -2.6562008E-03   2.1377056E-03  -1.5904570E-04  -1.8900889E-05   3.7250568E-05  -1.4049137E-05   7.6213786E-04  -1.2387072E-06   1.5709510E-05  -1.0162942E-05   8.8252665E-06  -4.2545955E-08   6.6868536E-08   1.5577681E-06   3.1127390E-06
  1.4746682E-09  -4.7808568E-07   1.1961637E-07   1.5746892E-07   1.0568665E-05  -1.9579853E-05  -4.0024556E-07  -5.0858959E-07   3.6279379E-08  -4.6945239E-04  -3.4720384E-04   8.0276179E-05  -1.4355472E-04   2.0194986E-06   1.2981010E-06  -3.5442848E-06   1.2231210E-06  -1.5003091E-05  -1.0746392E-06  -9.8887438E-07   4.5293342E-07  -1.0551965E-06  -3.6412181E-11  -2.6774074E-09  -1.6750766E-07  -2.6113114E-07
  2.3645796E-07  -8.7532103E-07   1.5746892E-07   4.9018969E-05  -2.8192436E-05   4.9839325E-05   9.1477780E-05   9.7951159E-06  -8.0214236E-07  -6.4364562E-03  -3.9903841E-03   2.2140561E-04  -1.3702748E-03   3.6593894E-04   4.6610725E-06  -2.0308399E-05   1.4352048E-06  -4.9800381E-04  -1.9682173E-05   3.9373822E-05   1.3632340E-05   2.1960357E-05  -1.8606808E-07  -3.8843902E-08  -2.4838990E-06  -2.0955967E-06
 -2.9679894E-06  -4.6949591E-04   1.0568665E-05  -2.8192436E-05   3.5922658E-02  -5.6092448E-03  -2.9993706E-04  -3.7657174E-04   2.1505178E-05  -9.6793895E-02   1.8979211E-02   1.2204644E-01  -4.4729622E-02   3.9091445E-03   6.5546980E-04  -4.0381127E-04   2.7506858E-04  -2.8379655E-02   3.8799002E-04  -5.4150822E-04   3.3686047E-04  -1.3415921E-04   1.6704700E-06   1.2649895E-06  -4.3906173E-05  -9.7219002E-05
  6.4084753E-06   2.5721906E-04  -1.9579853E-05   4.9839325E-05  -5.6092448E-03   1.1846632E-02   5.5239991E-04   4.1677384E-04  -3.6929966E-07   3.1129955E-01   1.6582881E-01  -8.2543608E-02   9.2592845E-02  -4.8766127E-03  -6.9282069E-04   2.0772762E-03  -5.3772910E-04   2.1282517E-02   2.8516381E-04   5.3011346E-04  -2.8632941E-04   3.5078048E-04   5.6999175E-07   5.9133326E-06   7.3588269E-05   1.5280790E-04
  7.1435945E-07   9.9772572E-06  -4.0024556E-07   9.1477780E-05  -2.9993706E-04   5.5239991E-04   2.1822074E-04   2.9419234E-05   1.0238621E-05   7.0653529E-03   1.2512258E-03   2.8845494E-03   1.0420414E-03   5.3634801E-04  -3.9411973E-06   1.0002784E-05  -4.6411839E-06  -6.2859647E-04  -3.5358714E-05   3.8998192E-05   3.3523241E-05   5.2240932E-05   1.3044054E-07   1.1384315E-07  -2.6827290E-06   2.6644382E-06
  3.9665058E-07   8.8435842E-06  -5.0858959E-07   9.7951159E-06  -3.7657174E-04   4.1677384E-04   2.9419234E-05   3.0774000E-05  -7.2846155E-08  -1.0322041E-02  -1.3659459E-03   5.7827718E-03  -3.0835183E-03   3.7308830E-04   4.0495285E-05  -4.4561283E-05   5.0723655E-05  -1.2981266E-03   8.5513471E-06  -1.7342684E-05   2.5567679E-05   9.1691424E-06  -2.1780842E-07  -1.2691137E-07   2.4115447E-06   2.4028800E-06
  2.5598872E-08  -3.8807029E-07   3.6279379E-08  -8.0214236E-07   2.1505178E-05  -3.6929966E-07   1.0238621E-05  -7.2846155E-08   6.2595523E-06   4.6563336E-03   8.3514808E-04   5.6890139E-04   1.0559172E-03  -1.2878731E-05  -4.6769553E-06   1.0884178E-05  -3.3471453E-06   7.8894189E-05   7.2438692E-06   1.2820862E-05   4.1972086E-06   1.0568804E-06  -2.0420914E-08  -1.4630362E-08  -3.1478297E-07  -2.9150806E-07
 -1.1633437E-04   6.2709235E-03  -4.6945239E-04  -6.4364562E-03  -9.6793895E-02   3.1129955E-01   7.0653529E-03  -1.0322041E-02   4.6563336E-03   6.1410456E+02   5.9713383E+01  -5.5900674E+01   3.2778791E+01  -2.4664999E+01  -8.4947801E-01  -2.3672117E-02  -2.3065909E-01   1.1441813E+01  -1.4209196E-01   3.6174941E-01  -2.6636828E-01  -2.2368175E-01   6.8708350E-03   2.9139025E-03   2.1394621E-03   1.0769755E-02
 -1.4769078E-04   2.9559721E-03  -3.4720384E-04  -3.9903841E-03   1.8979211E-02   1.6582881E-01   1.2512258E-03  -1.3659459E-03   8.3514808E-04   5.9713383E+01   6.9519115E+01   9.6949769E+00   7.2206958E+00   1.4396628E-02  -1.9452942E-04   4.7915360E-01   8.8558832E-01  -8.6449173E+00  -3.8782664E-02  -2.1630241E-01   6.4005449E-02   8.1368626E-02   8.1140534E-04   8.9013259E-04   3.4905018E-03   7.4912636E-03
  2.0612363E-05  -2.6562008E-03   8.0276179E-05   2.2140561E-04   1.2204644E-01  -8.2543608E-02   2.8845494E-03   5.7827718E-03   5.6890139E-04  -5.5900674E+01   9.6949769E+00   1.7725584E+02  -8.4512003E+01   2.9579479E+00   3.5383090E-01  -1.0889615E+00   3.3001260E-01  -7.7045588E+00  -7.1455510E-02  -3.0795066E-01   5.7245849E-01   3.9236564E-02   1.6552111E-03  -8.0676715E-03   2.3612100E-03   1.2610754E-03
 -5.8279971E-05   2.1377056E-03  -1.4355472E-04  -1.3702748E-03  -4.4729622E-02   9.2592845E-02   1.0420414E-03  -3.0835183E-03   1.0559172E-03   3.2778791E+01   7.2206958E+00  -8.4512003E+01   5.3165066E+01   1.4302606E+00  -5.9462432E-02   7.4784643E-01  -2.6008825E-01  -2.3784336E+00   4.3054288E-02   1.8767406E-01  -4.5932080E-01  -1.2552693E-01  -5.6451179E-04   3.3884560E-03  -2.8641079E-04   1.7652665E-03
  1.0505024E-05  -1.5904570E-04   2.0194986E-06   3.6593894E-04   3.9091445E-03  -4.8766127E-03   5.3634801E-04   3.7308830E-04  -1.2878731E-05  -2.4664999E+01   1.4396628E-02   2.9579479E+00   1.4302606E+00   4.1874634E+00   1.0056909E-01   1.3956161E-01  -3.2394792E-02  -3.4932941E+00  -6.7138610E-03  -6.3349687E-03   9.9556993E-03   5.6775000E-02   4.2265366E-04  -2.7254770E-04  -2.6267204E-05  -1.6662873E-04
  4.7050112E-07  -1.8900889E-05   1.2981010E-06   4.6610725E-06   6.5546980E-04  -6.9282069E-04  -3.9411973E-06   4.0495285E-05  -4.6769553E-06  -8.4947801E-01  -1.9452942E-04   3.5383090E-01  -5.9462432E-02   1.0056909E-01   1.6157347E-02  -1.6810135E-02   1.2184221E-02  -1.0526390E-01  -4.6635178E-04  -1.5889049E-03  -2.3558549E-03   5.5897477E-03   1.5932367E-05  -3.6145311E-05   3.7762341E-06  -4.1194485E-06
 -9.2252148E-07   3.7250568E-05  -3.5442848E-06  -2.0308399E-05  -4.0381127E-04   2.0772762E-03   1.0002784E-05  -4.4561283E-05   1.0884178E-05  -2.3672117E-02   4.7915360E-01  -1.0889615E+00   7.4784643E-01   1.3956161E-01  -1.6810135E-02   6.6880577E-02   3.5285022E-03  -1.4227308E-01   1.1834576E-03   7.3821314E-03  -3.0956879E-04  -1.7527750E-02  -1.0017703E-05   1.0174977E-04   8.3545700E-06   3.7219677E-05
  7.7808064E-07  -1.4049137E-05   1.2231210E-06   1.4352048E-06   2.7506858E-04  -5.3772910E-04  -4.6411839E-06   5.0723655E-05  -3.3471453E-06  -2.3065909E-01   8.8558832E-01   3.3001260E-01  -2.6008825E-01  -3.2394792E-02   1.2184221E-02   3.5285022E-03   8.2078214E-02   3.1112727E-02  -7.5066240E-04   2.0641854E-04   1.5933442E-03   1.5627848E-03   1.0237491E-05  -2.4060343E-06   6.3245970E-06   3.7670705E-06
 -1.4979627E-05   7.6213786E-04  -1.5003091E-05  -4.9800381E-04  -2.8379655E-02   2.1282517E-02  -6.2859647E-04  -1.2981266E-03   7.8894189E-05   1.1441813E+01  -8.6449173E+00  -7.7045588E+00  -2.3784336E+00  -3.4932941E+00  -1.0526390E-01  -1.4227308E-01   3.1112727E-02   7.4333803E+00   1.1932543E-02   1.6361242E-03  -9.2086867E-03  -5.9580684E-02  -3.2287060E-04   5.8000159E-05  -2.4159322E-04  -2.7734516E-05
 -4.7930497E-07  -1.2387072E-06  -1.0746392E-06  -1.9682173E-05   3.8799002E-04   2.8516381E-04  -3.5358714E-05   8.5513471E-06   7.2438692E-06  -1.4209196E-01  -3.8782664E-02  -7.1455510E-02   4.3054288E-02  -6.7138610E-03  -4.6635178E-04   1.1834576E-03  -7.5066240E-04   1.1932543E-02   3.8117784E-02   3.3775903E-03  -4.9150620E-04  -8.1017783E-05   3.3206690E-05  -3.8910298E-06   1.4786884E-06  -1.7249657E-06
  5.2466787E-07   1.5709510E-05  -9.8887438E-07   3.9373822E-05  -5.4150822E-04   5.3011346E-04   3.8998192E-05  -1.7342684E-05   1.2820862E-05   3.6174941E-01  -2.1630241E-01  -3.0795066E-01   1.8767406E-01  -6.3349687E-03  -1.5889049E-03   7.3821314E-03   2.0641854E-04   1.6361242E-03   3.3775903E-03   3.0581814E-02  -9.1895884E-04   5.2440517E-03  -7.8181549E-05  -3.9194921E-05  -7.8876191E-05  -7.3988171E-05
  6.0654227E-07  -1.0162942E-05   4.5293342E-07   1.3632340E-05   3.3686047E-04  -2.8632941E-04   3.3523241E-05   2.5567679E-05   4.1972086E-06  -2.6636828E-01   6.4005449E-02   5.7245849E-01  -4.5932080E-01   9.9556993E-03  -2.3558549E-03  -3.0956879E-04   1.5933442E-03  -9.2086867E-03  -4.9150620E-04  -9.1895884E-04   1.0708188E-02   8.4681094E-03   3.0870473E-06   5.9570538E-05   8.1348925E-06  -2.4619314E-06
  2.9746850E-07   8.8252665E-06  -1.0551965E-06   2.1960357E-05  -1.3415921E-04   3.5078048E-04   5.2240932E-05   9.1691424E-06   1.0568804E-06  -2.2368175E-01   8.1368626E-02   3.9236564E-02  -1.2552693E-01   5.6775000E-02   5.5897477E-03  -1.7527750E-02   1.5627848E-03  -5.9580684E-02  -8.1017783E-05   5.2440517E-03   8.4681094E-03   2.6236972E-02  -4.0837914E-06   5.3551663E-05  -1.9785454E-05  -4.1552047E-06
  1.8614402E-09  -4.2545955E-08  -3.6412181E-11  -1.8606808E-07   1.6704700E-06   5.6999175E-07   1.3044054E-07  -2.1780842E-07  -2.0420914E-08   6.8708350E-03   8.1140534E-04   1.6552111E-03  -5.6451179E-04   4.2265366E-04   1.5932367E-05  -1.0017703E-05   1.0237491E-05  -3.2287060E-04   3.3206690E-05  -7.8181549E-05   3.0870473E-06  -4.0837914E-06   1.1021959E-06   1.2165301E-08   3.2493586E-07   5.9782418E-07
 -5.9870872E-10   6.6868536E-08  -2.6774074E-09  -3.8843902E-08   1.2649895E-06   5.9133326E-06   1.1384315E-07  -1.2691137E-07  -1.4630362E-08   2.9139025E-03   8.9013259E-04  -8.0676715E-03   3.3884560E-03  -2.7254770E-04  -3.6145311E-05   1.0174977E-04  -2.4060343E-06   5.8000159E-05  -3.8910298E-06  -3.9194921E-05   5.9570538E-05   5.3551663E-05   1.2165301E-08   2.4936453E-06   2.7269601E-07   3.5381597E-07
 -5.5339425E-08   1.5577681E-06  -1.6750766E-07  -2.4838990E-06  -4.3906173E-05   7.3588269E-05  -2.6827290E-06   2.4115447E-06  -3.1478297E-07   2.1394621E-03   3.4905018E-03   2.3612100E-03  -2.8641079E-04  -2.6267204E-05   3.7762341E-06   8.3545700E-06   6.3245970E-06  -2.4159322E-04   1.4786884E-06  -7.8876191E-05   8.1348925E-06  -1.9785454E-05   3.2493586E-07   2.7269601E-07   2.4690544E-05   9.1673487E-06
 -1.8024355E-07   3.1127390E-06  -2.6113114E-07  -2.0955967E-06  -9.7219002E-05   1.5280790E-04   2.6644382E-06   2.4028800E-06  -2.9150806E-07   1.0769755E-02   7.4912636E-03   1.2610754E-03   1.7652665E-03  -1.6662873E-04  -4.1194485E-06   3.7219677E-05   3.7670705E-06  -2.7734516E-05  -1.7249657E-06  -7.3988171E-05  -2.4619314E-06  -4.1552047E-06   5.9782418E-07   3.5381597E-07   9.1673487E-06   2.6196649E-05
