# omegabh2 omegach2 theta tau omegak logA ns calPlanck aps100 aps143 aps217 acib217 asz143 psr cibr xi aksz dust100 dust143 dust217 dust143x217 cal0 cal2
  4.9906515E-08  -2.4744210E-07   5.0277916E-08   5.3275572E-07  -2.9307758E-07   7.1218265E-07   7.2297830E-07   4.5936036E-08  -7.2399943E-04  -5.3742211E-04   1.8129531E-04  -2.7141868E-04   4.6111781E-05   2.0988402E-06  -3.8384778E-06   2.1694849E-06  -8.1305431E-05   6.4068717E-07  -1.8683535E-06   2.1269765E-06   5.9598662E-07   1.4715760E-08  -4.5042685E-09
 -2.4744210E-07   3.9697130E-06  -4.5722591E-07  -6.5726868E-06   4.1524251E-06  -5.1230665E-06  -9.0380829E-06  -4.5067445E-07   1.6874832E-03   2.1952914E-03  -6.6600651E-04   1.1236808E-03  -1.6682766E-04  -1.7734602E-05   3.0860813E-05  -2.3990676E-05   2.6035347E-04  -5.2517491E-06   1.2222216E-05  -9.5183497E-06  -8.6996767E-06  -1.6885541E-07  -1.2475590E-08
  5.0277916E-08  -4.5722591E-07   2.3358321E-07   7.6048884E-07  -6.0303749E-07   7.5059909E-07   1.3298294E-06   3.2303711E-08  -1.7445624E-04  -3.4861171E-04   4.2274281E-06  -1.3051795E-04   3.3858985E-05   3.1815973E-06  -5.1076720E-06   3.9994109E-06  -4.3384294E-05  -4.6640408E-07  -5.1178939E-07   6.6431838E-07   1.9970376E-06   1.2986141E-08  -1.1346189E-08
  5.3275572E-07  -6.5726868E-06   7.6048884E-07   6.2465170E-05  -5.3782520E-06   1.0764722E-04   1.8103698E-05  -7.1491908E-07  -1.3979190E-02  -8.4577523E-03   1.5129664E-03  -3.5686694E-03   3.7302741E-04   4.3352062E-05  -8.5051663E-05   4.5118076E-05  -6.7347675E-04   2.3484652E-05  -1.5250260E-05   2.4027151E-05   1.3449815E-05   1.3557933E-08   8.2660418E-08
 -2.9307758E-07   4.1524251E-06  -6.0303749E-07  -5.3782520E-06   6.1832045E-06  -2.1483415E-06  -9.6899457E-06  -3.1130080E-07   2.5249972E-03   2.9209738E-03  -7.0979855E-04   1.4724748E-03  -1.6229579E-04  -1.5781625E-05   3.2275541E-05  -2.1912292E-05   1.6738180E-04  -1.0003700E-05   1.8431765E-05  -1.2585362E-05  -7.2535312E-06  -2.0350111E-07  -1.9195268E-08
  7.1218265E-07  -5.1230665E-06   7.5059909E-07   1.0764722E-04  -2.1483415E-06   2.2480596E-04   1.6497798E-05   9.7028403E-06  -2.0413355E-02  -1.0829665E-02   8.0708888E-03  -5.2628243E-03   8.8562354E-04   6.4131722E-05  -9.3193574E-05   7.8944318E-05  -2.2723027E-03  -2.5475902E-07  -7.6638711E-05   5.4181439E-05  -9.4006101E-07   3.1683593E-07   1.9288850E-07
  7.2297830E-07  -9.0380829E-06   1.3298294E-06   1.8103698E-05  -9.6899457E-06   1.6497798E-05   3.1888922E-05   1.0902216E-06  -2.7095403E-02  -1.2336446E-02   1.0313485E-02  -8.3112959E-03   9.6678818E-04   1.0959319E-04  -1.7358940E-04   1.2250107E-04  -2.7279879E-03   4.8316479E-05  -4.6857668E-05   4.5193937E-05   1.0817040E-05  -5.0423625E-08  -2.8096160E-07
  4.5936036E-08  -4.5067445E-07   3.2303711E-08  -7.1491908E-07  -3.1130080E-07   9.7028403E-06   1.0902216E-06   6.1036875E-06   2.7597230E-03   5.1013245E-04   9.5429017E-04   7.9695659E-04   1.5472676E-04  -4.9201414E-06   2.5224113E-05   6.8453960E-06  -2.5024759E-04  -1.0122132E-05   1.0353598E-05   6.7737444E-06  -1.5185645E-07   1.1282714E-09   2.0868592E-08
 -7.2399943E-04   1.6874832E-03  -1.7445624E-04  -1.3979190E-02   2.5249972E-03  -2.0413355E-02  -2.7095403E-02   2.7597230E-03   6.0867630E+02   6.2777489E+01  -5.6347975E+01   2.9723911E+01  -2.6414486E+01  -8.8707115E-01  -1.2484624E-01  -1.5688716E-01   1.3866425E+01  -3.2012400E-01   3.5531173E-01  -2.6119600E-01  -2.4794739E-01   5.7801080E-03   2.1877659E-03
 -5.3742211E-04   2.1952914E-03  -3.4861171E-04  -8.4577523E-03   2.9209738E-03  -1.0829665E-02  -1.2336446E-02   5.1013245E-04   6.2777489E+01   6.9410839E+01   6.4559291E+00   9.4133363E+00  -7.4354934E-01  -2.1859645E-02   4.5650536E-01   8.6826065E-01  -7.6991570E+00  -6.1898845E-02  -2.0328213E-01  -2.0897392E-03   2.1488030E-02   6.7376399E-04   4.1756184E-04
  1.8129531E-04  -6.6600651E-04   4.2274281E-06   1.5129664E-03  -7.0979855E-04   8.0708888E-03   1.0313485E-02   9.5429017E-04  -5.6347975E+01   6.4559291E+00   1.7291583E+02  -8.0829859E+01   3.1642923E+00   3.7096861E-01  -9.6636571E-01   3.3849938E-01  -7.8057735E+00   9.5197042E-02  -2.2474718E-01   5.1064144E-01  -9.2926890E-03   1.7018868E-03  -7.7371654E-03
 -2.7141868E-04   1.1236808E-03  -1.3051795E-04  -3.5686694E-03   1.4724748E-03  -5.2628243E-03  -8.3112959E-03   7.9695659E-04   2.9723911E+01   9.4133363E+00  -8.0829859E+01   5.0584108E+01   1.3244543E+00  -5.3580938E-02   6.6592132E-01  -2.2849155E-01  -2.5013734E+00  -5.6868045E-02   1.4375689E-01  -4.2526482E-01  -1.0564379E-01  -6.6095369E-04   3.0657978E-03
  4.6111781E-05  -1.6682766E-04   3.3858985E-05   3.7302741E-04  -1.6229579E-04   8.8562354E-04   9.6678818E-04   1.5472676E-04  -2.6414486E+01  -7.4354934E-01   3.1642923E+00   1.3244543E+00   4.4022716E+00   1.0344114E-01   1.4443127E-01  -4.1315040E-02  -3.6689920E+00  -3.0170585E-03  -1.3256877E-02   1.2818508E-02   5.7227465E-02   4.6970128E-04  -2.5653921E-04
  2.0988402E-06  -1.7734602E-05   3.1815973E-06   4.3352062E-05  -1.5781625E-05   6.4131722E-05   1.0959319E-04  -4.9201414E-06  -8.8707115E-01  -2.1859645E-02   3.7096861E-01  -5.3580938E-02   1.0344114E-01   1.6367960E-02  -1.6818659E-02   1.1649990E-02  -1.1027732E-01  -1.7570026E-05  -1.5057967E-03  -2.4350617E-03   5.6444215E-03   1.6995967E-05  -3.5349982E-05
 -3.8384778E-06   3.0860813E-05  -5.1076720E-06  -8.5051663E-05   3.2275541E-05  -9.3193574E-05  -1.7358940E-04   2.5224113E-05  -1.2484624E-01   4.5650536E-01  -9.6636571E-01   6.6592132E-01   1.4443127E-01  -1.6818659E-02   6.6489721E-02   5.8262590E-03  -1.4630338E-01   1.2411874E-04   6.2189030E-03   3.2323663E-05  -1.8529236E-02  -7.3484924E-06   8.8668761E-05
  2.1694849E-06  -2.3990676E-05   3.9994109E-06   4.5118076E-05  -2.1912292E-05   7.8944318E-05   1.2250107E-04   6.8453960E-06  -1.5688716E-01   8.6826065E-01   3.3849938E-01  -2.2849155E-01  -4.1315040E-02   1.1649990E-02   5.8262590E-03   8.3494034E-02   3.7725162E-02   3.2750837E-04   2.0081880E-05   2.3745533E-04  -8.5743764E-04   1.5685813E-05  -6.3857367E-06
 -8.1305431E-05   2.6035347E-04  -4.3384294E-05  -6.7347675E-04   1.6738180E-04  -2.2723027E-03  -2.7279879E-03  -2.5024759E-04   1.3866425E+01  -7.6991570E+00  -7.8057735E+00  -2.5013734E+00  -3.6689920E+00  -1.1027732E-01  -1.4630338E-01   3.7725162E-02   7.5223668E+00  -1.2887596E-02   4.2458021E-03  -2.6994545E-04  -4.3683855E-02  -3.4263625E-04   1.2844810E-04
  6.4068717E-07  -5.2517491E-06  -4.6640408E-07   2.3484652E-05  -1.0003700E-05  -2.5475902E-07   4.8316479E-05  -1.0122132E-05  -3.2012400E-01  -6.1898845E-02   9.5197042E-02  -5.6868045E-02  -3.0170585E-03  -1.7570026E-05   1.2411874E-04   3.2750837E-04  -1.2887596E-02   3.8606547E-02   2.5863113E-03   2.7430465E-04  -2.3842203E-04   3.6633818E-05  -1.3745923E-05
 -1.8683535E-06   1.2222216E-05  -5.1178939E-07  -1.5250260E-05   1.8431765E-05  -7.6638711E-05  -4.6857668E-05   1.0353598E-05   3.5531173E-01  -2.0328213E-01  -2.2474718E-01   1.4375689E-01  -1.3256877E-02  -1.5057967E-03   6.2189030E-03   2.0081880E-05   4.2458021E-03   2.5863113E-03   3.0010499E-02  -6.4177693E-04   4.8559521E-03  -7.9343056E-05  -4.2956363E-05
  2.1269765E-06  -9.5183497E-06   6.6431838E-07   2.4027151E-05  -1.2585362E-05   5.4181439E-05   4.5193937E-05   6.7737444E-06  -2.6119600E-01  -2.0897392E-03   5.1064144E-01  -4.2526482E-01   1.2818508E-02  -2.4350617E-03   3.2323663E-05   2.3745533E-04  -2.6994545E-04   2.7430465E-04  -6.4177693E-04   9.9546917E-03   7.8141218E-03   4.3003044E-06   5.9815626E-05
  5.9598662E-07  -8.6996767E-06   1.9970376E-06   1.3449815E-05  -7.2535312E-06  -9.4006101E-07   1.0817040E-05  -1.5185645E-07  -2.4794739E-01   2.1488030E-02  -9.2926890E-03  -1.0564379E-01   5.7227465E-02   5.6444215E-03  -1.8529236E-02  -8.5743764E-04  -4.3683855E-02  -2.3842203E-04   4.8559521E-03   7.8141218E-03   2.5562001E-02  -2.8727383E-06   5.1668182E-05
  1.4715760E-08  -1.6885541E-07   1.2986141E-08   1.3557933E-08  -2.0350111E-07   3.1683593E-07  -5.0423625E-08   1.1282714E-09   5.7801080E-03   6.7376399E-04   1.7018868E-03  -6.6095369E-04   4.6970128E-04   1.6995967E-05  -7.3484924E-06   1.5685813E-05  -3.4263625E-04   3.6633818E-05  -7.9343056E-05   4.3003044E-06  -2.8727383E-06   1.1153592E-06   5.5175433E-09
 -4.5042685E-09  -1.2475590E-08  -1.1346189E-08   8.2660418E-08  -1.9195268E-08   1.9288850E-07  -2.8096160E-07   2.0868592E-08   2.1877659E-03   4.1756184E-04  -7.7371654E-03   3.0657978E-03  -2.5653921E-04  -3.5349982E-05   8.8668761E-05  -6.3857367E-06   1.2844810E-04  -1.3745923E-05  -4.2956363E-05   5.9815626E-05   5.1668182E-05   5.5175433E-09   2.4330671E-06
