# omegabh2 omegach2 theta tau w logA ns calPlanck acib217 xi asz143 aps100 aps143 aps143217 aps217 aksz kgal100 kgal143 kgal143217 kgal217 cal0 cal2
  3.8137691E-08  -8.2147390E-08   2.5443394E-08   3.1896625E-07   2.6938658E-06   5.9773676E-07   3.3319053E-07   2.4118738E-08  -1.4629783E-04   1.5607260E-06   3.6708886E-05  -6.6674930E-04  -4.4927817E-04  -1.6782743E-04  -9.6926176E-06  -6.0924256E-05   2.4879673E-06  -6.8486709E-06  -1.6013647E-05   2.8065569E-05   1.8827144E-09  -2.5751822E-09
 -8.2147390E-08   1.7708385E-06  -1.2460287E-07  -3.8955195E-06  -4.3468764E-05  -4.4300301E-06  -3.8867625E-06  -3.2563115E-07   2.6241274E-04  -2.8642484E-06   2.9050744E-05   8.2151856E-05   6.6655826E-04   5.2102358E-04   1.5957615E-05   6.5839539E-05   3.9657570E-05   8.9406691E-05   6.4718188E-05  -6.3071008E-05  -3.1810438E-08  -8.1501108E-09
  2.5443394E-08  -1.2460287E-07   1.7902465E-07   4.7077636E-07   6.5085936E-06   9.2157230E-07   4.9361209E-07   2.8357804E-08   1.2756901E-05  -1.8291691E-06   7.3790249E-06  -8.8675781E-05  -1.2512350E-04  -5.2543657E-05   2.7549402E-05  -1.9320594E-05   5.3951688E-06   3.2717632E-06  -2.7912399E-05  -7.4531028E-05   7.4558077E-09   2.9652622E-09
  3.1896625E-07  -3.8955195E-06   4.7077636E-07   4.5715781E-05   1.1394961E-04   8.0298695E-05   1.1167801E-05  -7.5271398E-07  -1.1130921E-03  -6.1876916E-05   3.2857914E-04  -8.6818275E-03  -6.0307870E-03  -4.2123249E-03  -1.7907813E-03  -4.8403868E-04  -1.2763325E-04  -2.9441723E-04  -4.5419138E-04  -1.8854925E-04  -1.8073038E-09   6.8912898E-09
  2.6938658E-06  -4.3468764E-05   6.5085936E-06   1.1394961E-04   3.1897748E-03   1.6030695E-04   1.0089182E-04   1.2017240E-05  -1.1910043E-02   3.5226350E-04  -4.2151942E-04  -6.9290119E-03  -1.3256575E-02  -4.6561742E-03   1.2595572E-02  -4.5719197E-03  -2.6079464E-03  -2.4500584E-03   3.7655325E-04   6.2905343E-03   5.5680085E-07  -4.4717521E-07
  5.9773676E-07  -4.4300301E-06   9.2157230E-07   8.0298695E-05   1.6030695E-04   1.7208490E-04   1.3563127E-05   9.7062792E-06  -2.1233151E-03  -8.4019555E-05   7.8769733E-04  -1.4153713E-02  -9.9299178E-03  -4.7914606E-03   2.6311236E-03  -1.5916227E-03  -4.3996596E-04  -1.3151940E-03  -1.7276101E-03   1.2861657E-04   1.2747192E-07  -1.3288656E-09
  3.3319053E-07  -3.8867625E-06   4.9361209E-07   1.1167801E-05   1.0089182E-04   1.3563127E-05   1.9370191E-05   8.6223132E-07  -4.7885558E-03   9.3170126E-05   9.6514348E-04  -2.4947465E-02  -8.1139034E-03   4.1299184E-04   4.7166033E-03  -2.5588062E-03   3.4641571E-04  -4.5249153E-04  -2.5126203E-04   1.6355607E-03  -5.3258106E-08  -1.1411487E-08
  2.4118738E-08  -3.2563115E-07   2.8357804E-08  -7.5271398E-07   1.2017240E-05   9.7062792E-06   8.6223132E-07   5.9730903E-06   6.2618335E-04   1.7810722E-06   5.5891057E-05   3.7060749E-03   2.7256437E-04   3.8767471E-04   1.3766062E-03   3.6568994E-08   5.7282859E-05  -1.1488893E-04  -9.2278541E-05   5.6294864E-04   1.8070255E-08   2.1198472E-08
 -1.4629783E-04   2.6241274E-04   1.2756901E-05  -1.1130921E-03  -1.1910043E-02  -2.1233151E-03  -4.7885558E-03   6.2618335E-04   4.4056762E+01  -3.8354413E-01  -7.2672994E-01   3.7861636E+01   1.8270388E+00  -1.2553102E+01  -5.3992783E+01  -1.2855578E-01   4.3579218E-01   9.2359189E-01  -5.1690591E+00  -3.2016725E+01  -2.0771106E-04   8.2633170E-04
  1.5607260E-06  -2.8642484E-06  -1.8291691E-06  -6.1876916E-05   3.5226350E-04  -8.4019555E-05   9.3170126E-05   1.7810722E-06  -3.8354413E-01   7.9789434E-02  -5.3626928E-02  -4.7824191E-01   8.8760339E-01   1.5967191E+00   6.3028488E-01   4.8033281E-02  -5.5340326E-03  -5.3223252E-03   7.6660243E-02   1.0157277E-01   2.3847852E-06  -7.8724065E-07
  3.6708886E-05   2.9050744E-05   7.3790249E-06   3.2857914E-04  -4.2151942E-04   7.8769733E-04   9.6514348E-04   5.5891057E-05  -7.2672994E-01  -5.3626928E-02   3.9418833E+00  -3.0708814E+01  -3.4646460E+00   7.7835133E+00   5.1579427E+00  -2.8530476E+00  -3.0237680E-01   2.2891190E-01   2.6105786E+00   3.2054214E+00   6.9837228E-05  -5.8318874E-05
 -6.6674930E-04   8.2151856E-05  -8.8675781E-05  -8.6818275E-03  -6.9290119E-03  -1.4153713E-02  -2.4947465E-02   3.7060749E-03   3.7861636E+01  -4.7824191E-01  -3.0708814E+01   8.0021658E+02   7.6444632E+01  -4.8706768E+01  -5.7330608E+01   1.3928715E+01  -4.9734288E+00   5.4958979E+00  -1.2137265E+01  -2.4763857E+01   4.1223711E-03   1.1345861E-03
 -4.4927817E-04   6.6655826E-04  -1.2512350E-04  -6.0307870E-03  -1.3256575E-02  -9.9299178E-03  -8.1139034E-03   2.7256437E-04   1.8270388E+00   8.8760339E-01  -3.4646460E+00   7.6444632E+01   6.4093954E+01   4.1420458E+01   1.6820321E+01  -4.7154866E+00  -5.4184872E-01  -1.7664183E+00   3.2550374E+00   4.6336493E+00   2.0297248E-04   2.3874610E-04
 -1.6782743E-04   5.2102358E-04  -5.2543657E-05  -4.2123249E-03  -4.6561742E-03  -4.7914606E-03   4.1299184E-04   3.8767471E-04  -1.2553102E+01   1.5967191E+00   7.7835133E+00  -4.8706768E+01   4.1420458E+01   8.5003615E+01   5.3640176E+01  -1.2203038E+01  -1.2294716E+00  -8.6484913E-01   4.8664266E+00   8.3941938E+00   4.2238369E-04  -3.0929321E-04
 -9.6926176E-06   1.5957615E-05   2.7549402E-05  -1.7907813E-03   1.2595572E-02   2.6311236E-03   4.7166033E-03   1.3766062E-03  -5.3992783E+01   6.3028488E-01   5.1579427E+00  -5.7330608E+01   1.6820321E+01   5.3640176E+01   1.0285753E+02  -9.4001105E+00  -1.1029684E+00  -1.8188560E+00   4.7941906E+00   3.2117289E+01   4.9292203E-04  -1.3660545E-03
 -6.0924256E-05   6.5839539E-05  -1.9320594E-05  -4.8403868E-04  -4.5719197E-03  -1.5916227E-03  -2.5588062E-03   3.6568994E-08  -1.2855578E-01   4.8033281E-02  -2.8530476E+00   1.3928715E+01  -4.7154866E+00  -1.2203038E+01  -9.4001105E+00   6.1342991E+00   1.9667266E-01  -1.6080022E-01  -2.0809095E+00  -2.4084307E+00  -6.9113571E-05  -1.7858522E-05
  2.4879673E-06   3.9657570E-05   5.3951688E-06  -1.2763325E-04  -2.6079464E-03  -4.3996596E-04   3.4641571E-04   5.7282859E-05   4.3579218E-01  -5.5340326E-03  -3.0237680E-01  -4.9734288E+00  -5.4184872E-01  -1.2294716E+00  -1.1029684E+00   1.9667266E-01   3.4669632E+00   6.4245905E-01   8.5089893E-02  -1.5166932E-01   1.6084340E-04   5.8626932E-07
 -6.8486709E-06   8.9406691E-05   3.2717632E-06  -2.9441723E-04  -2.4500584E-03  -1.3151940E-03  -4.5249153E-04  -1.1488893E-04   9.2359189E-01  -5.3223252E-03   2.2891190E-01   5.4958979E+00  -1.7664183E+00  -8.6484913E-01  -1.8188560E+00  -1.6080022E-01   6.4245905E-01   3.2649799E+00   2.5846542E+00   2.3550609E+00  -2.0418122E-04  -3.8138089E-05
 -1.6013647E-05   6.4718188E-05  -2.7912399E-05  -4.5419138E-04   3.7655325E-04  -1.7276101E-03  -2.5126203E-04  -9.2278541E-05  -5.1690591E+00   7.6660243E-02   2.6105786E+00  -1.2137265E+01   3.2550374E+00   4.8664266E+00   4.7941906E+00  -2.0809095E+00   8.5089893E-02   2.5846542E+00   1.0153194E+01   1.8172260E+01  -7.4271407E-05   3.6505708E-04
  2.8065569E-05  -6.3071008E-05  -7.4531028E-05  -1.8854925E-04   6.2905343E-03   1.2861657E-04   1.6355607E-03   5.6294864E-04  -3.2016725E+01   1.0157277E-01   3.2054214E+00  -2.4763857E+01   4.6336493E+00   8.3941938E+00   3.2117289E+01  -2.4084307E+00  -1.5166932E-01   2.3550609E+00   1.8172260E+01   5.1372148E+01   2.9615152E-05   7.8155687E-04
  1.8827144E-09  -3.1810438E-08   7.4558077E-09  -1.8073038E-09   5.5680085E-07   1.2747192E-07  -5.3258106E-08   1.8070255E-08  -2.0771106E-04   2.3847852E-06   6.9837228E-05   4.1223711E-03   2.0297248E-04   4.2238369E-04   4.9292203E-04  -6.9113571E-05   1.6084340E-04  -2.0418122E-04  -7.4271407E-05   2.9615152E-05   3.6657317E-07  -9.9475777E-10
 -2.5751822E-09  -8.1501108E-09   2.9652622E-09   6.8912898E-09  -4.4717521E-07  -1.3288656E-09  -1.1411487E-08   2.1198472E-08   8.2633170E-04  -7.8724065E-07  -5.8318874E-05   1.1345861E-03   2.3874610E-04  -3.0929321E-04  -1.3660545E-03  -1.7858522E-05   5.8626932E-07  -3.8138089E-05   3.6505708E-04   7.8155687E-04  -9.9475777E-10   3.8190217E-07
