# omegabh2 omegach2 theta tau omegak logA ns calPlanck acib217 xi asz143 aps100 aps143 aps143217 aps217 aksz kgal100 kgal143 kgal143217 kgal217 cal0 cal2
  5.7142763E-08  -3.1961065E-07   5.6932677E-08   2.4508084E-07  -8.7624278E-07  -8.8183605E-08   9.2030755E-07   2.1268010E-08  -1.7509525E-04   2.6161505E-06   5.3926321E-05  -1.0082986E-03  -6.6647952E-04  -3.1070823E-04  -1.4426127E-04  -7.7139229E-05   1.6932195E-06  -6.6695212E-06  -9.4367066E-06   3.9877499E-05   3.1938364E-09  -5.8879715E-09
 -3.1961065E-07   4.5948932E-06  -5.2684679E-07  -2.9442107E-06   1.1175639E-05   4.3494999E-06  -1.1192779E-05  -1.3127483E-07   1.1315840E-03  -2.5087651E-05  -2.0798472E-04   4.8750740E-03   3.3772883E-03   1.7280901E-03   6.7954424E-04   3.5278885E-04   3.1125728E-05   4.5155737E-05   2.0130243E-05  -3.3098417E-04  -2.9592887E-08   3.1836075E-08
  5.6932677E-08  -5.2684679E-07   2.3590756E-07   3.3029727E-07  -1.4170238E-06  -2.6952328E-07   1.5446178E-06   3.5969665E-08  -9.7630734E-05   1.0875636E-06   3.3746931E-05  -5.8637832E-04  -4.8984871E-04  -2.7265808E-04  -1.3742218E-04  -4.6253747E-05   1.1251177E-05  -1.0302577E-05  -3.3863673E-05  -3.5812003E-05   6.8748383E-09  -6.6009798E-09
  2.4508084E-07  -2.9442107E-06   3.3029727E-07   3.4649545E-05   4.6911850E-06   6.3721457E-05   8.8160008E-06   6.0923915E-07  -1.0960097E-03   3.5880527E-05   1.4396704E-04  -6.3769301E-03  -3.6424419E-03  -1.2873140E-03  -2.5663014E-04  -5.5986146E-04   4.6097185E-05  -1.9241812E-04  -4.4280045E-04  -2.1827674E-04   4.6272357E-08  -1.3526381E-08
 -8.7624278E-07   1.1175639E-05  -1.4170238E-06   4.6911850E-06   5.2483262E-05   3.9986829E-05  -2.8823262E-05   1.9609185E-06   3.0365857E-03  -4.3022104E-05  -9.3436951E-04   1.4596023E-02   1.1295644E-02   6.1250582E-03   3.9743407E-03   1.0251989E-03  -7.2115635E-05  -3.3692554E-04  -4.5954438E-04  -1.1392684E-03  -1.5484451E-09   1.0760783E-07
 -8.8183605E-08   4.3494999E-06  -2.6952328E-07   6.3721457E-05   3.9986829E-05   1.6818684E-04  -8.6637860E-06   1.3428467E-05   5.4861837E-05   8.3265085E-05  -1.3095384E-05   3.6491900E-04   1.7448490E-03   4.4638157E-03   6.8988963E-03  -1.3409729E-03  -1.4584942E-04  -9.9098078E-04  -1.2429904E-03   3.6220201E-04   2.2883580E-07  -6.2198313E-09
  9.2030755E-07  -1.1192779E-05   1.5446178E-06   8.8160008E-06  -2.8823262E-05  -8.6637860E-06   3.7882190E-05   4.5388052E-07  -6.7734313E-03   1.4145833E-04   1.4941486E-03  -3.6622484E-02  -1.4777451E-02  -2.7897816E-03   2.7728771E-03  -3.0854705E-03   2.6500702E-04  -5.3681871E-04  -5.5793865E-04   1.5422728E-03  -5.5250700E-08  -1.9832415E-07
  2.1268010E-08  -1.3127483E-07   3.5969665E-08   6.0923915E-07   1.9609185E-06   1.3428467E-05   4.5388052E-07   6.1772303E-06   6.0349421E-04   1.0038452E-05   8.0761717E-05   3.2036262E-03   5.5495104E-04   6.3310663E-04   1.3462501E-03  -5.9960719E-05  -4.4972811E-06  -5.2594308E-05   4.2968663E-05   8.2186274E-04   1.5016912E-08  -1.4123041E-08
 -1.7509525E-04   1.1315840E-03  -9.7630734E-05  -1.0960097E-03   3.0365857E-03   5.4861837E-05  -6.7734313E-03   6.0349421E-04   4.4096720E+01  -4.0653147E-01  -9.5953776E-01   3.6470409E+01   1.6883677E+00  -1.3363044E+01  -5.3852083E+01   9.0759202E-02   5.2495937E-01   5.9713067E-01  -6.2578583E+00  -3.3851135E+01  -1.8647081E-04   7.1036712E-04
  2.6161505E-06  -2.5087651E-05   1.0875636E-06   3.5880527E-05  -4.3022104E-05   8.3265085E-05   1.4145833E-04   1.0038452E-05  -4.0653147E-01   8.2734504E-02  -3.5537827E-02  -7.1126807E-01   8.7675183E-01   1.6733922E+00   6.3448469E-01   4.7828080E-02  -6.3655501E-03   1.0565756E-02   1.1307217E-01   1.5847359E-01   7.1824951E-06  -6.2278742E-07
  5.3926321E-05  -2.0798472E-04   3.3746931E-05   1.4396704E-04  -9.3436951E-04  -1.3095384E-05   1.4941486E-03   8.0761717E-05  -9.5953776E-01  -3.5537827E-02   3.9229416E+00  -3.1171856E+01  -3.5133947E+00   7.7060591E+00   5.2203477E+00  -2.8548190E+00  -2.4326166E-01   1.8921357E-01   2.7735107E+00   3.5862030E+00   8.8114938E-05  -4.6707801E-05
 -1.0082986E-03   4.8750740E-03  -5.8637832E-04  -6.3769301E-03   1.4596023E-02   3.6491900E-04  -3.6622484E-02   3.2036262E-03   3.6470409E+01  -7.1126807E-01  -3.1171856E+01   8.1164945E+02   7.6793828E+01  -5.2918999E+01  -5.6063373E+01   1.5253398E+01  -6.8351139E+00   6.0972821E+00  -1.2268830E+01  -2.3951845E+01   3.8233159E-03   7.1333688E-04
 -6.6647952E-04   3.3772883E-03  -4.8984871E-04  -3.6424419E-03   1.1295644E-02   1.7448490E-03  -1.4777451E-02   5.5495104E-04   1.6883677E+00   8.7675183E-01  -3.5133947E+00   7.6793828E+01   6.7777365E+01   4.4104482E+01   2.0108948E+01  -5.0787408E+00  -4.0972568E-01  -1.6028813E+00   3.5099305E+00   4.8190231E+00   2.4795485E-04   1.9430402E-04
 -3.1070823E-04   1.7280901E-03  -2.7265808E-04  -1.2873140E-03   6.1250582E-03   4.4638157E-03  -2.7897816E-03   6.3310663E-04  -1.3363044E+01   1.6733922E+00   7.7060591E+00  -5.2918999E+01   4.4104482E+01   8.7866446E+01   5.5921524E+01  -1.2356633E+01  -1.0153238E+00  -7.6756962E-01   5.4892566E+00   9.8486510E+00   5.0862044E-04  -3.1997772E-04
 -1.4426127E-04   6.7954424E-04  -1.3742218E-04  -2.5663014E-04   3.9743407E-03   6.8988963E-03   2.7728771E-03   1.3462501E-03  -5.3852083E+01   6.3448469E-01   5.2203477E+00  -5.6063373E+01   2.0108948E+01   5.5921524E+01   1.0400969E+02  -9.8742634E+00  -1.1488342E+00  -1.3983646E+00   6.2628040E+00   3.4678597E+01   4.1159960E-04  -1.2728627E-03
 -7.7139229E-05   3.5278885E-04  -4.6253747E-05  -5.5986146E-04   1.0251989E-03  -1.3409729E-03  -3.0854705E-03  -5.9960719E-05   9.0759202E-02   4.7828080E-02  -2.8548190E+00   1.5253398E+01  -5.0787408E+00  -1.2356633E+01  -9.8742634E+00   6.3063812E+00   1.3972951E-01  -1.0400744E-01  -2.1409264E+00  -2.5999714E+00  -6.9804772E-05   2.6300995E-05
  1.6932195E-06   3.1125728E-05   1.1251177E-05   4.6097185E-05  -7.2115635E-05  -1.4584942E-04   2.6500702E-04  -4.4972811E-06   5.2495937E-01  -6.3655501E-03  -2.4326166E-01  -6.8351139E+00  -4.0972568E-01  -1.0153238E+00  -1.1488342E+00   1.3972951E-01   3.3631753E+00   5.4173192E-01   7.9370739E-02  -2.1591923E-01   1.5500544E-04   1.8202754E-05
 -6.6695212E-06   4.5155737E-05  -1.0302577E-05  -1.9241812E-04  -3.3692554E-04  -9.9098078E-04  -5.3681871E-04  -5.2594308E-05   5.9713067E-01   1.0565756E-02   1.8921357E-01   6.0972821E+00  -1.6028813E+00  -7.6756962E-01  -1.3983646E+00  -1.0400744E-01   5.4173192E-01   3.1482141E+00   2.6469286E+00   2.4994337E+00  -1.7307589E-04  -5.5835585E-05
 -9.4367066E-06   2.0130243E-05  -3.3863673E-05  -4.4280045E-04  -4.5954438E-04  -1.2429904E-03  -5.5793865E-04   4.2968663E-05  -6.2578583E+00   1.1307217E-01   2.7735107E+00  -1.2268830E+01   3.5099305E+00   5.4892566E+00   6.2628040E+00  -2.1409264E+00   7.9370739E-02   2.6469286E+00   1.0986546E+01   1.9850828E+01  -1.4883498E-05   4.0074205E-04
  3.9877499E-05  -3.3098417E-04  -3.5812003E-05  -2.1827674E-04  -1.1392684E-03   3.6220201E-04   1.5422728E-03   8.2186274E-04  -3.3851135E+01   1.5847359E-01   3.5862030E+00  -2.3951845E+01   4.8190231E+00   9.8486510E+00   3.4678597E+01  -2.5999714E+00  -2.1591923E-01   2.4994337E+00   1.9850828E+01   5.4939061E+01   1.1421226E-04   9.3442740E-04
  3.1938364E-09  -2.9592887E-08   6.8748383E-09   4.6272357E-08  -1.5484451E-09   2.2883580E-07  -5.5250700E-08   1.5016912E-08  -1.8647081E-04   7.1824951E-06   8.8114938E-05   3.8233159E-03   2.4795485E-04   5.0862044E-04   4.1159960E-04  -6.9804772E-05   1.5500544E-04  -1.7307589E-04  -1.4883498E-05   1.1421226E-04   3.7307805E-07   2.8441194E-09
 -5.8879715E-09   3.1836075E-08  -6.6009798E-09  -1.3526381E-08   1.0760783E-07  -6.2198313E-09  -1.9832415E-07  -1.4123041E-08   7.1036712E-04  -6.2278742E-07  -4.6707801E-05   7.1333688E-04   1.9430402E-04  -3.1997772E-04  -1.2728627E-03   2.6300995E-05   1.8202754E-05  -5.5835585E-05   4.0074205E-04   9.3442740E-04   2.8441194E-09   3.9164596E-07
