# omegabh2 omegach2 theta tau mnu nnu logA ns calPlanck acib217 xi asz143 aps100 aps143 aps143217 aps217 aksz kgal100 kgal143 kgal143217 kgal217 galfTE100 galfTE100143 galfTE100217 galfTE143 galfTE143217 galfTE217 cal0 cal2
  3.4359547E-08   3.0791711E-07  -3.1079563E-08   1.9775630E-07   1.1437205E-06   2.2579891E-05   1.2792527E-06   9.2147770E-07   2.8677872E-09   2.3027590E-05   4.5978625E-07  -4.8598432E-06   2.2618340E-04   7.8051441E-05   4.8252550E-05   9.1066400E-06   1.2869986E-05   1.1662548E-05   1.2595572E-05   1.4414589E-05   1.2443279E-05   8.5759557E-08   1.2644069E-08   2.5204353E-08  -3.0244214E-07  -3.6272966E-07  -1.6105974E-06  -9.5556549E-10   1.4403078E-09
  3.0791711E-07   9.0423548E-06  -9.9019646E-07  -1.0336296E-07   6.6210317E-06   5.0078071E-04   2.2750418E-05   1.4780398E-05  -1.0345660E-07   2.1654077E-03  -4.0480544E-05  -5.2302271E-04   1.2261995E-02   6.1162037E-03   2.0692009E-03  -2.3693965E-05   9.9159506E-04   2.8064728E-04   2.8534415E-04   3.5155993E-04  -1.8559388E-04   2.3386484E-06   8.5260253E-07   2.1797588E-06   8.7135220E-07   5.6300995E-08   1.3131331E-05  -3.2464892E-08   2.9522586E-08
 -3.1079563E-08  -9.9019646E-07   1.9544616E-07   1.3779183E-08  -1.8297864E-06  -5.8024537E-05  -2.4299981E-06  -1.7096995E-06   1.8515062E-09  -2.7245495E-04   4.4650653E-06   6.3454576E-05  -1.5672359E-03  -7.0370298E-04  -2.1167997E-04   4.0597443E-05  -1.1724430E-04  -3.3759365E-05  -2.9608426E-05  -2.9942536E-05   4.4989706E-05  -1.6295224E-07   7.3145617E-10   7.1028206E-08  -2.0522006E-08   1.5904166E-07  -1.0508023E-06   3.7447711E-09  -4.4909896E-09
  1.9775630E-07  -1.0336296E-07   1.3779183E-08   5.0074234E-05   2.6130525E-05   8.3323064E-05   9.8853356E-05   8.4682106E-06  -5.9818263E-07  -1.0215260E-03   3.7134195E-05   3.6953625E-04  -6.7211757E-03  -2.6269546E-03   2.8926543E-04   7.6114726E-04  -7.5067680E-04  -9.8330469E-05  -3.0602429E-04  -4.6087966E-04  -4.8148774E-04  -4.3938933E-06  -3.3790055E-06   4.8177651E-06  -5.6209541E-06   3.0977248E-06   1.7752113E-05  -4.2377655E-08  -4.9489226E-09
  1.1437205E-06   6.6210317E-06  -1.8297864E-06   2.6130525E-05   1.5378434E-03   1.0102031E-03   7.3580117E-05   5.6709816E-05   2.9718523E-06   1.1605393E-02  -2.3081973E-04  -2.4256673E-04   2.7771980E-02   6.9182516E-03  -6.1977297E-04  -7.4032707E-03   1.5356190E-03   1.0804255E-03   1.6726025E-03   2.0242966E-03  -1.9176268E-03  -9.6821165E-06  -1.2193082E-05  -3.4287879E-05  -2.7540953E-05  -2.3268831E-05  -5.5968808E-05  -1.9028526E-07   4.9229936E-07
  2.2579891E-05   5.0078071E-04  -5.8024537E-05   8.3323064E-05   1.0102031E-03   3.1164736E-02   1.4473636E-03   1.0619096E-03  -3.0027562E-06   1.3349084E-01  -2.3633026E-03  -2.8489784E-02   7.2289359E-01   3.4712296E-01   1.1420563E-01  -1.5283055E-02   5.9905844E-02   1.6652097E-02   2.0258905E-02   2.4526229E-02  -8.3909416E-03   1.1944012E-04   3.4054030E-05   9.8180253E-05  -4.8582392E-05  -5.0711285E-05   1.7109273E-04  -2.8975538E-06   2.1891199E-06
  1.2792527E-06   2.2750418E-05  -2.4299981E-06   9.8853356E-05   7.3580117E-05   1.4473636E-03   2.8223812E-04   5.4062603E-05   1.1199867E-05   2.8529263E-03  -4.0473179E-06  -5.0748222E-04   1.9106338E-02   1.1427211E-02   8.5494415E-03   8.3723215E-03  -1.7318671E-04   8.2277786E-05  -5.8424132E-04  -6.8766420E-04  -6.1658525E-05   1.0926350E-06  -6.1117145E-06   1.5859645E-05  -1.2037525E-05  -6.8632445E-07   8.6123901E-05  -1.6251855E-08  -5.9650035E-08
  9.2147770E-07   1.4780398E-05  -1.7096995E-06   8.4682106E-06   5.6709816E-05   1.0619096E-03   5.4062603E-05   5.0301298E-05   1.8389541E-07   6.0576821E-04   2.2436538E-05  -1.6642282E-04   3.5215353E-03   6.0962792E-03   5.5002185E-03   3.9990603E-03   2.0022149E-04   8.3125421E-04   4.9013245E-04   5.1726251E-04   7.5667042E-04   1.2399397E-06   1.0888052E-06  -1.5232782E-06  -7.0896169E-06  -1.7871690E-06  -2.4866620E-05  -2.0485887E-07   3.6135334E-08
  2.8677872E-09  -1.0345660E-07   1.8515062E-09  -5.9818263E-07   2.9718523E-06  -3.0027562E-06   1.1199867E-05   1.8389541E-07   6.2835296E-06   6.2880118E-04  -5.6158521E-06   5.3996049E-05   2.8136029E-03   6.2466628E-04   6.1928299E-04   1.7359073E-03  -2.0799453E-04  -7.8379720E-05  -8.0747858E-05  -1.0322062E-04   5.9785396E-04   2.3204215E-06  -5.0069550E-07   2.7472016E-07  -1.7015881E-06  -2.4955971E-06   1.1170554E-05   2.9077044E-09  -4.7687527E-08
  2.3027590E-05   2.1654077E-03  -2.7245495E-04  -1.0215260E-03   1.1605393E-02   1.3349084E-01   2.8529263E-03   6.0576821E-04   6.2880118E-04   4.5791104E+01  -4.5004902E-01  -9.0002891E-01   3.8869133E+01   2.6174716E+00  -1.3360743E+01  -5.5319544E+01  -1.8089671E-02   2.5081810E-01   5.2599953E-01  -6.2648168E+00  -3.4560129E+01   7.7888713E-03  -2.1963328E-03   2.7930271E-03   1.7592115E-03   8.6669399E-03   2.0806695E-02  -2.0867722E-04   7.0097672E-04
  4.5978625E-07  -4.0480544E-05   4.4650653E-06   3.7134195E-05  -2.3081973E-04  -2.3633026E-03  -4.0473179E-06   2.2436538E-05  -5.6158521E-06  -4.5004902E-01   7.9761119E-02  -2.6607701E-02  -7.2326631E-01   8.6374591E-01   1.6922456E+00   6.9911099E-01   2.9715658E-02  -1.3486482E-03   1.8017340E-02   1.3065624E-01   2.0890258E-01  -1.3443939E-04  -5.9953419E-05  -8.2272572E-05  -1.8855898E-04  -9.7970265E-05  -3.2472870E-04   6.6086472E-06  -3.2190860E-06
 -4.8598432E-06  -5.2302271E-04   6.3454576E-05   3.6953625E-04  -2.4256673E-04  -2.8489784E-02  -5.0748222E-04  -1.6642282E-04   5.3996049E-05  -9.0002891E-01  -2.6607701E-02   3.6988504E+00  -2.8829373E+01  -3.4169002E+00   7.1576947E+00   4.8813257E+00  -2.5196574E+00  -2.9511979E-01   1.2868291E-01   2.5669904E+00   3.2133728E+00  -1.8905494E-03  -4.3684941E-04   1.3351288E-03  -2.5135348E-04  -3.4890071E-03  -3.3033797E-03   1.1599421E-04  -3.1860608E-05
  2.2618340E-04   1.2261995E-02  -1.5672359E-03  -6.7211757E-03   2.7771980E-02   7.2289359E-01   1.9106338E-02   3.5215353E-03   2.8136029E-03   3.8869133E+01  -7.2326631E-01  -2.8829373E+01   7.6199301E+02   7.4962899E+01  -4.8552577E+01  -5.8325259E+01   1.3199886E+01  -5.6964269E+00   5.4071774E+00  -1.1174156E+01  -2.3904457E+01   3.2620221E-02  -2.9850883E-03  -2.6868495E-02   1.4848254E-02   3.5448695E-02   4.0879584E-02   3.4794880E-03   5.8187573E-04
  7.8051441E-05   6.1162037E-03  -7.0370298E-04  -2.6269546E-03   6.9182516E-03   3.4712296E-01   1.1427211E-02   6.0962792E-03   6.2466628E-04   2.6174716E+00   8.6374591E-01  -3.4169002E+00   7.4962899E+01   6.3212603E+01   4.0421092E+01   1.4940181E+01  -3.9616765E+00  -6.8162641E-02  -1.1683291E+00   3.3533414E+00   3.7738248E+00   3.7439977E-03  -1.2917568E-04   6.0035219E-03   1.1583892E-03  -4.2154235E-03   4.1200382E-02   1.2134593E-04   4.9875406E-05
  4.8252550E-05   2.0692009E-03  -2.1167997E-04   2.8926543E-04  -6.1977297E-04   1.1420563E-01   8.5494415E-03   5.5002185E-03   6.1928299E-04  -1.3360743E+01   1.6922456E+00   7.1576947E+00  -4.8552577E+01   4.0421092E+01   8.3581036E+01   5.1928995E+01  -1.0728825E+01  -8.1553472E-01  -5.4951265E-01   4.9218736E+00   8.6404954E+00  -6.0429972E-03  -1.1944844E-04   2.4148827E-03   1.4606956E-03  -1.3865850E-02   1.7093513E-02   5.0417112E-04  -4.1294754E-04
  9.1066400E-06  -2.3693965E-05   4.0597443E-05   7.6114726E-04  -7.4032707E-03  -1.5283055E-02   8.3723215E-03   3.9990603E-03   1.7359073E-03  -5.5319544E+01   6.9911099E-01   4.8813257E+00  -5.8325259E+01   1.4940181E+01   5.1928995E+01   1.0160152E+02  -8.5745615E+00  -8.7265744E-01  -1.2968028E+00   5.7040543E+00   3.4253230E+01  -7.5449222E-03   3.7735791E-03  -2.8138750E-03   2.4972403E-03  -1.3315823E-02   4.2056784E-03   5.1859580E-04  -1.3018773E-03
  1.2869986E-05   9.9159506E-04  -1.1724430E-04  -7.5067680E-04   1.5356190E-03   5.9905844E-02  -1.7318671E-04   2.0022149E-04  -2.0799453E-04  -1.8089671E-02   2.9715658E-02  -2.5196574E+00   1.3199886E+01  -3.9616765E+00  -1.0728825E+01  -8.5745615E+00   5.5088644E+00   1.6746595E-01  -1.0899908E-01  -1.7549480E+00  -1.8981365E+00   1.2596605E-03   8.7973567E-04  -4.1470832E-04  -3.2045556E-04   3.3709651E-03  -3.0099661E-03  -1.1241437E-04   9.3381994E-06
  1.1662548E-05   2.8064728E-04  -3.3759365E-05  -9.8330469E-05   1.0804255E-03   1.6652097E-02   8.2277786E-05   8.3125421E-04  -7.8379720E-05   2.5081810E-01  -1.3486482E-03  -2.9511979E-01  -5.6964269E+00  -6.8162641E-02  -8.1553472E-01  -8.7265744E-01   1.6746595E-01   3.3600224E+00   5.9516113E-01   2.7666137E-01   3.7330745E-01  -1.5064911E-05  -1.8085373E-04   2.7659876E-03  -1.8138820E-03  -7.4299057E-06  -4.0327632E-03   1.5792882E-04   1.8699255E-05
  1.2595572E-05   2.8534415E-04  -2.9608426E-05  -3.0602429E-04   1.6726025E-03   2.0258905E-02  -5.8424132E-04   4.9013245E-04  -8.0747858E-05   5.2599953E-01   1.8017340E-02   1.2868291E-01   5.4071774E+00  -1.1683291E+00  -5.4951265E-01  -1.2968028E+00  -1.0899908E-01   5.9516113E-01   3.1875174E+00   2.7505531E+00   2.8118722E+00   1.2629456E-03  -1.1891877E-03  -1.8908811E-03  -2.5853632E-03   4.9420240E-04   2.2669482E-03  -1.8523251E-04  -2.9437532E-05
  1.4414589E-05   3.5155993E-04  -2.9942536E-05  -4.6087966E-04   2.0242966E-03   2.4526229E-02  -6.8766420E-04   5.1726251E-04  -1.0322062E-04  -6.2648168E+00   1.3065624E-01   2.5669904E+00  -1.1174156E+01   3.3533414E+00   4.9218736E+00   5.7040543E+00  -1.7549480E+00   2.7666137E-01   2.7505531E+00   1.0926887E+01   1.9686398E+01  -1.4698636E-03  -2.1811417E-03   6.3533294E-04  -5.0387653E-03  -6.6218940E-03  -4.3813681E-03  -1.1833467E-05   4.0169131E-04
  1.2443279E-05  -1.8559388E-04   4.4989706E-05  -4.8148774E-04  -1.9176268E-03  -8.3909416E-03  -6.1658525E-05   7.5667042E-04   5.9785396E-04  -3.4560129E+01   2.0890258E-01   3.2133728E+00  -2.3904457E+01   3.7738248E+00   8.6404954E+00   3.4253230E+01  -1.8981365E+00   3.7330745E-01   2.8118722E+00   1.9686398E+01   5.4698980E+01  -6.3881476E-03  -1.8520377E-03   1.8667700E-03  -7.4539267E-03  -1.4518199E-02  -1.5898835E-02   7.6603726E-05   8.9778714E-04
  8.5759557E-08   2.3386484E-06  -1.6295224E-07  -4.3938933E-06  -9.6821165E-06   1.1944012E-04   1.0926350E-06   1.2399397E-06   2.3204215E-06   7.7888713E-03  -1.3443939E-04  -1.8905494E-03   3.2620221E-02   3.7439977E-03  -6.0429972E-03  -7.5449222E-03   1.2596605E-03  -1.5064911E-05   1.2629456E-03  -1.4698636E-03  -6.3881476E-03   1.4911047E-03   2.9481857E-04   9.6953399E-05  -3.4451640E-04  -8.2718796E-05  -1.3831746E-04  -3.3084657E-09   3.3907593E-07
  1.2644069E-08   8.5260253E-07   7.3145617E-10  -3.3790055E-06  -1.2193082E-05   3.4054030E-05  -6.1117145E-06   1.0888052E-06  -5.0069550E-07  -2.1963328E-03  -5.9953419E-05  -4.3684941E-04  -2.9850883E-03  -1.2917568E-04  -1.1944844E-04   3.7735791E-03   8.7973567E-04  -1.8085373E-04  -1.1891877E-03  -2.1811417E-03  -1.8520377E-03   2.9481857E-04   8.6060048E-04   5.4053861E-05   7.1300687E-04   5.2297023E-05  -7.0956069E-04   5.2898965E-08  -3.7198007E-08
  2.5204353E-08   2.1797588E-06   7.1028206E-08   4.8177651E-06  -3.4287879E-05   9.8180253E-05   1.5859645E-05  -1.5232782E-06   2.7472016E-07   2.7930271E-03  -8.2272572E-05   1.3351288E-03  -2.6868495E-02   6.0035219E-03   2.4148827E-03  -2.8138750E-03  -4.1470832E-04   2.7659876E-03  -1.8908811E-03   6.3533294E-04   1.8667700E-03   9.6953399E-05   5.4053861E-05   7.4231440E-03  -3.5234601E-04   6.0142149E-04   4.5299693E-03  -6.5487424E-07   1.5232649E-07
 -3.0244214E-07   8.7135220E-07  -2.0522006E-08  -5.6209541E-06  -2.7540953E-05  -4.8582392E-05  -1.2037525E-05  -7.0896169E-06  -1.7015881E-06   1.7592115E-03  -1.8855898E-04  -2.5135348E-04   1.4848254E-02   1.1583892E-03   1.4606956E-03   2.4972403E-03  -3.2045556E-04  -1.8138820E-03  -2.5853632E-03  -5.0387653E-03  -7.4539267E-03  -3.4451640E-04   7.1300687E-04  -3.5234601E-04   2.8572403E-03   5.2240109E-04  -9.6160849E-04   3.2377502E-07  -1.9105533E-07
 -3.6272966E-07   5.6300995E-08   1.5904166E-07   3.0977248E-06  -2.3268831E-05  -5.0711285E-05  -6.8632445E-07  -1.7871690E-06  -2.4955971E-06   8.6669399E-03  -9.7970265E-05  -3.4890071E-03   3.5448695E-02  -4.2154235E-03  -1.3865850E-02  -1.3315823E-02   3.3709651E-03  -7.4299057E-06   4.9420240E-04  -6.6218940E-03  -1.4518199E-02  -8.2718796E-05   5.2297023E-05   6.0142149E-04   5.2240109E-04   6.4273398E-03   7.7595992E-03  -6.7828779E-07   5.9917372E-07
 -1.6105974E-06   1.3131331E-05  -1.0508023E-06   1.7752113E-05  -5.5968808E-05   1.7109273E-04   8.6123901E-05  -2.4866620E-05   1.1170554E-05   2.0806695E-02  -3.2472870E-04  -3.3033797E-03   4.0879584E-02   4.1200382E-02   1.7093513E-02   4.2056784E-03  -3.0099661E-03  -4.0327632E-03   2.2669482E-03  -4.3813681E-03  -1.5898835E-02  -1.3831746E-04  -7.0956069E-04   4.5299693E-03  -9.6160849E-04   7.7595992E-03   7.0358761E-02  -9.4552296E-07   1.0029927E-06
 -9.5556549E-10  -3.2464892E-08   3.7447711E-09  -4.2377655E-08  -1.9028526E-07  -2.8975538E-06  -1.6251855E-08  -2.0485887E-07   2.9077044E-09  -2.0867722E-04   6.6086472E-06   1.1599421E-04   3.4794880E-03   1.2134593E-04   5.0417112E-04   5.1859580E-04  -1.1241437E-04   1.5792882E-04  -1.8523251E-04  -1.1833467E-05   7.6603726E-05  -3.3084657E-09   5.2898965E-08  -6.5487424E-07   3.2377502E-07  -6.7828779E-07  -9.4552296E-07   3.7221382E-07  -2.6772160E-09
  1.4403078E-09   2.9522586E-08  -4.4909896E-09  -4.9489226E-09   4.9229936E-07   2.1891199E-06  -5.9650035E-08   3.6135334E-08  -4.7687527E-08   7.0097672E-04  -3.2190860E-06  -3.1860608E-05   5.8187573E-04   4.9875406E-05  -4.1294754E-04  -1.3018773E-03   9.3381994E-06   1.8699255E-05  -2.9437532E-05   4.0169131E-04   8.9778714E-04   3.3907593E-07  -3.7198007E-08   1.5232649E-07  -1.9105533E-07   5.9917372E-07   1.0029927E-06  -2.6772160E-09   3.8018153E-07
