# omegabh2 omegach2 theta mnu logA ns
  2.4260683E-07   1.9364286E-07  -6.7085091E-10  -3.7482387E-06  -1.0212038E-06  -2.3384645E-07
  1.9364286E-07   1.2032834E-05   1.9845193E-07  -5.2556766E-04  -2.6478254E-04  -2.1096489E-05
 -6.7085091E-10   1.9845193E-07   3.6941254E-07   3.2802905E-06  -1.1065701E-06  -5.7494615E-08
 -3.7482387E-06  -5.2556766E-04   3.2802905E-06   2.9632136E-02   1.3044217E-02   1.0261395E-03
 -1.0212038E-06  -2.6478254E-04  -1.1065701E-06   1.3044217E-02   7.0173048E-03   7.2508693E-04
 -2.3384645E-07  -2.1096489E-05  -5.7494615E-08   1.0261395E-03   7.2508693E-04   3.7422653E-04
