# omegabh2 omegach2 theta tau nnu yhe logA ns calPlanck acib217 xi asz143 aps100 aps143 aps143217 aps217 aksz kgal100 kgal143 kgal143217 kgal217 cal0 cal2
    0.6576340E-07   -0.6382948E-07    0.1204991E-06    0.1604181E-05    0.3910559E-06    0.3091427E-05    0.3932514E-05    0.1531321E-05    0.4206498E-08    0.7723937E-04   -0.1221329E-05   -0.1093098E-04    0.3498111E-03    0.2065927E-03    0.1096947E-03    0.2110121E-04    0.2710530E-04    0.9870934E-05    0.3651972E-05    0.1261748E-04    0.7747345E-05    0.2224102E-08    0.1222934E-07
   -0.6382948E-07    0.4968073E-04   -0.1166240E-04   -0.1887268E-04    0.3042860E-02   -0.1665560E-03    0.3638746E-04    0.1384360E-04   -0.3096445E-06   -0.1269276E-02   -0.2240258E-04    0.1958345E-03   -0.2997349E-02   -0.6206614E-02   -0.4816615E-02   -0.2736928E-02   -0.3265890E-03   -0.7903628E-04   -0.1099098E-03   -0.2222626E-03    0.2525997E-03    0.1058086E-06   -0.1577690E-06
    0.1204991E-06   -0.1166240E-04    0.3361448E-05    0.6524332E-05   -0.7346190E-03    0.5194948E-04   -0.1158932E-05    0.7584298E-06    0.1643980E-07    0.1299585E-02   -0.1318629E-04   -0.2890845E-03    0.5066013E-02    0.3921757E-02    0.1900353E-02    0.6205695E-03    0.4469584E-03    0.4184376E-04    0.5115935E-04    0.1518413E-03   -0.9952675E-04   -0.2970715E-07    0.1621790E-06
    0.1604181E-05   -0.1887268E-04    0.6524332E-05    0.3332757E-03   -0.8260478E-03    0.1226731E-03    0.6472902E-03    0.5620553E-04   -0.1670550E-05   -0.5174118E-02    0.1146985E-03    0.1126833E-02   -0.2144961E-01   -0.2895269E-02    0.6207068E-02    0.8282371E-02   -0.3018773E-02    0.1559661E-03   -0.4277158E-03   -0.1347680E-02   -0.1050988E-02   -0.5621593E-07   -0.8226047E-06
    0.3910559E-06    0.3042860E-02   -0.7346190E-03   -0.8260478E-03    0.1927870E+00   -0.1057812E-01    0.2793128E-02    0.1104599E-02   -0.1464843E-04   -0.9670703E-01   -0.1191179E-02    0.1685504E-01   -0.2605403E+00   -0.4442920E+00   -0.3280958E+00   -0.1804616E+00   -0.2449584E-01   -0.5386296E-02   -0.6512347E-02   -0.1702527E-01    0.1256183E-01    0.7321456E-05   -0.1272780E-04
    0.3091427E-05   -0.1665560E-03    0.5194948E-04    0.1226731E-03   -0.1057812E-01    0.9413975E-03    0.8875037E-04    0.8038358E-04   -0.8268078E-06    0.3431664E-01   -0.4934193E-03   -0.7942465E-02    0.1427382E+00    0.9717076E-01    0.4113854E-01    0.1041423E-01    0.1228610E-01    0.1235254E-02    0.1122099E-02    0.3704933E-02   -0.2463712E-02   -0.4932176E-06    0.4074505E-05
    0.3932514E-05    0.3638746E-04   -0.1158932E-05    0.6472902E-03    0.2793128E-02    0.8875037E-04    0.1419592E-02    0.1616456E-03    0.8442806E-05   -0.5762755E-02    0.1457111E-03    0.9659209E-03   -0.1094775E-01    0.5626963E-02    0.1585550E-01    0.2000812E-01   -0.4817028E-02    0.4684555E-04   -0.1381421E-02   -0.2406193E-02    0.2685313E-03    0.2855827E-06   -0.1110821E-05
    0.1531321E-05    0.1384360E-04    0.7584298E-06    0.5620553E-04    0.1104599E-02    0.8038358E-04    0.1616456E-03    0.8184358E-04   -0.5194980E-06    0.5253543E-02   -0.9438655E-04   -0.1264753E-02    0.1981191E-01    0.1844370E-01    0.1019451E-01    0.5446723E-02    0.1338846E-02    0.6518581E-03    0.1229653E-03    0.4164833E-03   -0.1308451E-03   -0.2025342E-06    0.7351227E-06
    0.4206498E-08   -0.3096445E-06    0.1643980E-07   -0.1670550E-05   -0.1464843E-04   -0.8268078E-06    0.8442806E-05   -0.5194980E-06    0.6284301E-05    0.4414475E-03    0.1542321E-04    0.1001797E-03    0.2367669E-02    0.4153927E-03    0.8768356E-03    0.1694290E-02   -0.1066392E-03   -0.4439321E-04    0.9871507E-08    0.1112257E-03    0.1090318E-02   -0.6457686E-08   -0.1145747E-07
    0.7723937E-04   -0.1269276E-02    0.1299585E-02   -0.5174118E-02   -0.9670703E-01    0.3431664E-01   -0.5762755E-02    0.5253543E-02    0.4414475E-03    0.4579121E+02   -0.5295450E+00   -0.2383561E+01    0.5214589E+02    0.6064759E+01   -0.1974845E+02   -0.6105855E+02    0.1784655E+01    0.1670480E+00    0.1843114E+00   -0.1907388E+01   -0.1885328E+02   -0.3108754E-03    0.4700088E-02
   -0.1221329E-05   -0.2240258E-04   -0.1318629E-04    0.1146985E-03   -0.1191179E-02   -0.4934193E-03    0.1457111E-03   -0.9438655E-04    0.1542321E-04   -0.5295450E+00    0.8300618E-01   -0.7200370E-01   -0.5630117E+00    0.8813461E+00    0.1791988E+01    0.7379033E+00    0.5806529E-01   -0.8733082E-02    0.2416804E-02    0.6827789E-01    0.7960341E-01    0.7526993E-05   -0.2356495E-04
   -0.1093098E-04    0.1958345E-03   -0.2890845E-03    0.1126833E-02    0.1685504E-01   -0.7942465E-02    0.9659209E-03   -0.1264753E-02    0.1001797E-03   -0.2383561E+01   -0.7200370E-01    0.3902624E+01   -0.3257002E+02   -0.5248466E+01    0.7388208E+01    0.7076969E+01   -0.3038180E+01   -0.1858287E+00   -0.4432707E-01    0.2229645E+01    0.2178697E+01    0.1720115E-03   -0.4535571E-03
    0.3498111E-03   -0.2997349E-02    0.5066013E-02   -0.2144961E-01   -0.2605403E+00    0.1427382E+00   -0.1094775E-01    0.1981191E-01    0.2367669E-02    0.5214589E+02   -0.5630117E+00   -0.3257002E+02    0.8282207E+03    0.9720192E+02   -0.5011363E+02   -0.6835652E+02    0.1884936E+02   -0.4096123E+01    0.4003459E+01   -0.1080444E+02   -0.1786906E+02    0.6117186E-02    0.5441714E-02
    0.2065927E-03   -0.6206614E-02    0.3921757E-02   -0.2895269E-02   -0.4442920E+00    0.9717076E-01    0.5626963E-02    0.1844370E-01    0.4153927E-03    0.6064759E+01    0.8813461E+00   -0.5248466E+01    0.9720192E+02    0.7767935E+02    0.5072586E+02    0.2067401E+02   -0.2128556E+01   -0.1919354E+00   -0.9711790E+00    0.4251960E+01    0.3323125E+01    0.1972903E-03    0.8165936E-03
    0.1096947E-03   -0.4816615E-02    0.1900353E-02    0.6207068E-02   -0.3280958E+00    0.4113854E-01    0.1585550E-01    0.1019451E-01    0.8768356E-03   -0.1974845E+02    0.1791988E+01    0.7388208E+01   -0.5011363E+02    0.5072586E+02    0.1019102E+03    0.7036027E+02   -0.1182360E+02   -0.7696770E+00   -0.6488162E+00    0.4145647E+01    0.4520834E+01    0.8474913E-03   -0.2573207E-02
    0.2110121E-04   -0.2736928E-02    0.6205695E-03    0.8282371E-02   -0.1804616E+00    0.1041423E-01    0.2000812E-01    0.5446723E-02    0.1694290E-02   -0.6105855E+02    0.7379033E+00    0.7076969E+01   -0.6835652E+02    0.2067401E+02    0.7036027E+02    0.1248656E+03   -0.1141227E+02   -0.6043857E+00   -0.5348284E+00   -0.6150378E+00    0.1468394E+02    0.8175144E-03   -0.7923185E-02
    0.2710530E-04   -0.3265890E-03    0.4469584E-03   -0.3018773E-02   -0.2449584E-01    0.1228610E-01   -0.4817028E-02    0.1338846E-02   -0.1066392E-03    0.1784655E+01    0.5806529E-01   -0.3038180E+01    0.1884936E+02   -0.2128556E+01   -0.1182360E+02   -0.1141227E+02    0.6655181E+01    0.1221243E+00    0.1640697E-01   -0.1747707E+01   -0.1619117E+01   -0.1325634E-03    0.3676130E-03
    0.9870934E-05   -0.7903628E-04    0.4184376E-04    0.1559661E-03   -0.5386296E-02    0.1235254E-02    0.4684555E-04    0.6518581E-03   -0.4439321E-04    0.1670480E+00   -0.8733082E-02   -0.1858287E+00   -0.4096123E+01   -0.1919354E+00   -0.7696770E+00   -0.6043857E+00    0.1221243E+00    0.3608241E+01    0.4939574E+00    0.1758503E+00    0.2137193E+00    0.2838206E-03    0.3286973E-04
    0.3651972E-05   -0.1099098E-03    0.5115935E-04   -0.4277158E-03   -0.6512347E-02    0.1122099E-02   -0.1381421E-02    0.1229653E-03    0.9871507E-08    0.1843114E+00    0.2416804E-02   -0.4432707E-01    0.4003459E+01   -0.9711790E+00   -0.6488162E+00   -0.5348284E+00    0.1640697E-01    0.4939574E+00    0.3359997E+01    0.2448734E+01    0.1586185E+01   -0.2723387E-03   -0.2052644E-03
    0.1261748E-04   -0.2222626E-03    0.1518413E-03   -0.1347680E-02   -0.1702527E-01    0.3704933E-02   -0.2406193E-02    0.4164833E-03    0.1112257E-03   -0.1907388E+01    0.6827789E-01    0.2229645E+01   -0.1080444E+02    0.4251960E+01    0.4145647E+01   -0.6150378E+00   -0.1747707E+01    0.1758503E+00    0.2448734E+01    0.1729209E+02    0.2623260E+02   -0.1097595E-04    0.2622302E-02
    0.7747345E-05    0.2525997E-03   -0.9952675E-04   -0.1050988E-02    0.1256183E-01   -0.2463712E-02    0.2685313E-03   -0.1308451E-03    0.1090318E-02   -0.1885328E+02    0.7960341E-01    0.2178697E+01   -0.1786906E+02    0.3323125E+01    0.4520834E+01    0.1468394E+02   -0.1619117E+01    0.2137193E+00    0.1586185E+01    0.2623260E+02    0.5607521E+02    0.5868205E-04    0.4693230E-02
    0.2224102E-08    0.1058086E-06   -0.2970715E-07   -0.5621593E-07    0.7321456E-05   -0.4932176E-06    0.2855827E-06   -0.2025342E-06   -0.6457686E-08   -0.3108754E-03    0.7526993E-05    0.1720115E-03    0.6117186E-02    0.1972903E-03    0.8474913E-03    0.8175144E-03   -0.1325634E-03    0.2838206E-03   -0.2723387E-03   -0.1097595E-04    0.5868205E-04    0.5936743E-06   -0.1110866E-07
    0.1222934E-07   -0.1577690E-06    0.1621790E-06   -0.8226047E-06   -0.1272780E-04    0.4074505E-05   -0.1110821E-05    0.7351227E-06   -0.1145747E-07    0.4700088E-02   -0.2356495E-04   -0.4535571E-03    0.5441714E-02    0.8165936E-03   -0.2573207E-02   -0.7923185E-02    0.3676130E-03    0.3286973E-04   -0.2052644E-03    0.2622302E-02    0.4693230E-02   -0.1110866E-07    0.2167633E-05
