# omegabh2 omegach2 theta tau meffsterile nnu logA ns calPlanck aps100 aps143 aps217 acib217 asz143 psr cibr xi aksz dust100 dust143 dust217 dust143x217 cal0 cal2 calTE calEE
  2.4083172E-08   9.4141360E-08   1.5913825E-09   2.6105239E-07  -2.8600199E-06   6.3547961E-06   7.5875852E-07   3.9655049E-07   2.5607435E-08  -1.3088918E-04  -1.5308444E-04   2.1670933E-05  -6.1292132E-05   1.0448511E-05   4.4282485E-07  -9.8177569E-07   7.1919712E-07  -1.3710182E-05  -4.1270459E-07   5.2032937E-07   6.3490119E-07   3.1345769E-07   1.5961718E-09  -8.2241115E-10  -5.6234967E-08  -1.8037286E-07
  9.4141360E-08   1.0092154E-05  -4.7502138E-07  -8.9583687E-07  -4.6712314E-04   2.5442125E-04   9.8042932E-06   8.7658424E-06  -3.8367387E-07   6.2382599E-03   2.9593687E-03  -2.6957783E-03   2.1351309E-03  -1.7171260E-04  -1.9934745E-05   3.9104141E-05  -1.4245237E-05   7.6486411E-04  -1.9450477E-06   1.6365833E-05  -9.6974540E-06   7.9759767E-06  -5.4568106E-08   7.1251289E-08   1.5525409E-06   3.0727334E-06
  1.5913825E-09  -4.7502138E-07   1.1927948E-07   1.4031551E-07   1.0518523E-05  -1.9436888E-05  -4.1881260E-07  -5.0917047E-07   3.8912011E-08  -4.6338681E-04  -3.4626405E-04   7.6572326E-05  -1.4237118E-04   2.5265002E-06   1.3567691E-06  -3.6222487E-06   1.2096871E-06  -1.4873282E-05  -8.8308091E-07  -8.9948179E-07   5.1605559E-07  -8.7412669E-07   7.6634950E-10  -2.2604487E-09  -1.6836675E-07  -2.5875131E-07
  2.6105239E-07  -8.9583687E-07   1.4031551E-07   5.5110696E-05  -2.6909031E-05   6.2423560E-05   1.0308638E-04   1.0804579E-05  -9.1484431E-07  -6.9207632E-03  -4.5335857E-03  -3.6291178E-04  -1.3012035E-03   2.6117884E-04  -2.2027209E-06  -3.0337210E-05  -1.2555954E-05  -2.9277998E-04  -1.2147197E-05   4.8129754E-05   1.1043219E-05   2.4358864E-05  -2.7617547E-07  -9.4351501E-08  -2.8076166E-06  -2.3163646E-06
 -2.8600199E-06  -4.6712314E-04   1.0518523E-05  -2.6909031E-05   3.5759804E-02  -5.5584071E-03  -2.9386629E-04  -3.7468813E-04   2.1746925E-05  -9.8312299E-02   1.7087087E-02   1.2172811E-01  -4.3785385E-02   4.8055195E-03   7.0871538E-04  -4.7136548E-04   3.1034982E-04  -2.8591978E-02   4.1018415E-04  -6.0012225E-04   3.0709111E-04  -1.0066474E-04   2.3068775E-06   1.2810242E-06  -4.4712461E-05  -9.7377777E-05
  6.3547961E-06   2.5442125E-04  -1.9436888E-05   6.2423560E-05  -5.5584071E-03   1.1725053E-02   5.7079053E-04   4.1496576E-04  -1.9699814E-07   3.0423900E-01   1.6242944E-01  -8.3652914E-02   9.1735966E-02  -5.0686503E-03  -7.1270057E-04   2.0703611E-03  -5.5584748E-04   2.1504318E-02   2.6679393E-04   5.4016488E-04  -2.7382233E-04   3.4634122E-04   1.3839710E-07   5.9832906E-06   7.2317271E-05   1.5000925E-04
  7.5875852E-07   9.8042932E-06  -4.1881260E-07   1.0308638E-04  -2.9386629E-04   5.7079053E-04   2.4017195E-04   3.1247671E-05   1.0059244E-05   5.9089139E-03   8.8555032E-05   1.6950569E-03   1.1912177E-03   3.3273514E-04  -1.6766494E-05  -9.9843895E-06  -3.2152005E-05  -2.6056174E-04  -2.1772926E-05   5.5284785E-05   2.7959095E-05   5.6132479E-05  -4.8862964E-08   8.2591153E-09  -3.3395326E-06   2.1326772E-06
  3.9655049E-07   8.7658424E-06  -5.0917047E-07   1.0804579E-05  -3.7468813E-04   4.1496576E-04   3.1247671E-05   3.0804263E-05  -5.7428875E-08  -1.0533480E-02  -1.5323744E-03   5.7342267E-03  -3.1230085E-03   3.5182431E-04   3.8491916E-05  -4.6400264E-05   4.6436647E-05  -1.2584281E-03   8.3479103E-06  -1.5483625E-05   2.6183826E-05   1.0130490E-05  -2.4418765E-07  -1.3288435E-07   2.3530225E-06   2.3379791E-06
  2.5607435E-08  -3.8367387E-07   3.8912011E-08  -9.1484431E-07   2.1746925E-05  -1.9699814E-07   1.0059244E-05  -5.7428875E-08   6.2669403E-06   4.6359389E-03   8.1347237E-04   5.5507849E-04   1.0744865E-03  -1.2338185E-05  -3.9919167E-06   9.9417924E-06  -3.1592361E-06   7.4180534E-05   7.3062990E-06   1.3238365E-05   3.4571432E-06   1.0859491E-06  -2.1261785E-08  -2.2608987E-08  -3.0835959E-07  -2.9473591E-07
 -1.3088918E-04   6.2382599E-03  -4.6338681E-04  -6.9207632E-03  -9.8312299E-02   3.0423900E-01   5.9089139E-03  -1.0533480E-02   4.6359389E-03   6.1331830E+02   5.9439158E+01  -5.5659464E+01   3.2557754E+01  -2.4613835E+01  -8.4835134E-01  -2.7564165E-02  -2.3418370E-01   1.1436699E+01  -1.4053063E-01   3.6029453E-01  -2.6680172E-01  -2.2624486E-01   6.8648209E-03   2.8715052E-03   2.4486103E-03   1.0713532E-02
 -1.5308444E-04   2.9593687E-03  -3.4626405E-04  -4.5335857E-03   1.7087087E-02   1.6242944E-01   8.8555032E-05  -1.5323744E-03   8.1347237E-04   5.9439158E+01   6.9457515E+01   9.7268169E+00   7.1695848E+00  -1.2041416E-02  -5.5819546E-04   4.8110916E-01   8.8750918E-01  -8.6240365E+00  -4.2533199E-02  -2.1854808E-01   6.3930878E-02   7.8350975E-02   8.2003251E-04   9.1229358E-04   3.5566957E-03   7.4721173E-03
  2.1670933E-05  -2.6957783E-03   7.6572326E-05  -3.6291178E-04   1.2172811E-01  -8.3652914E-02   1.6950569E-03   5.7342267E-03   5.5507849E-04  -5.5659464E+01   9.7268169E+00   1.7692900E+02  -8.4258239E+01   2.9864554E+00   3.4983547E-01  -1.0782770E+00   3.2162040E-01  -7.8001049E+00  -7.4634881E-02  -3.1301442E-01   5.7125321E-01   3.4827749E-02   1.6835826E-03  -7.9985860E-03   2.3942139E-03   1.3565390E-03
 -6.1292132E-05   2.1351309E-03  -1.4237118E-04  -1.3012035E-03  -4.3785385E-02   9.1735966E-02   1.1912177E-03  -3.1230085E-03   1.0744865E-03   3.2557754E+01   7.1695848E+00  -8.4258239E+01   5.2984063E+01   1.4058145E+00  -5.7573730E-02   7.4241463E-01  -2.5431868E-01  -2.3274825E+00   4.3410562E-02   1.9010093E-01  -4.5810662E-01  -1.2375967E-01  -5.8206774E-04   3.3642881E-03  -3.1900340E-04   1.6797828E-03
  1.0448511E-05  -1.7171260E-04   2.5265002E-06   2.6117884E-04   4.8055195E-03  -5.0686503E-03   3.3273514E-04   3.5182431E-04  -1.2338185E-05  -2.4613835E+01  -1.2041416E-02   2.9864554E+00   1.4058145E+00   4.1771051E+00   1.0076534E-01   1.3842889E-01  -3.1998370E-02  -3.4850328E+00  -6.6848493E-03  -6.5795118E-03   1.0435277E-02   5.7227285E-02   4.2287838E-04  -2.6362261E-04  -2.5369174E-05  -1.7086873E-04
  4.4282485E-07  -1.9934745E-05   1.3567691E-06  -2.2027209E-06   7.0871538E-04  -7.1270057E-04  -1.6766494E-05   3.8491916E-05  -3.9919167E-06  -8.4835134E-01  -5.5819546E-04   3.4983547E-01  -5.7573730E-02   1.0076534E-01   1.6173813E-02  -1.6824683E-02   1.2221658E-02  -1.0504324E-01  -4.8004458E-04  -1.6137788E-03  -2.3437003E-03   5.6454162E-03   1.6330883E-05  -3.5619095E-05   3.5913487E-06  -3.7966644E-06
 -9.8177569E-07   3.9104141E-05  -3.6222487E-06  -3.0337210E-05  -4.7136548E-04   2.0703611E-03  -9.9843895E-06  -4.6400264E-05   9.9417924E-06  -2.7564165E-02   4.8110916E-01  -1.0782770E+00   7.4241463E-01   1.3842889E-01  -1.6824683E-02   6.6861998E-02   3.5412861E-03  -1.4167885E-01   1.1702136E-03   7.4074185E-03  -2.7737180E-04  -1.7588136E-02  -1.0631560E-05   1.0155311E-04   8.5251876E-06   3.4723770E-05
  7.1919712E-07  -1.4245237E-05   1.2096871E-06  -1.2555954E-05   3.1034982E-04  -5.5584748E-04  -3.2152005E-05   4.6436647E-05  -3.1592361E-06  -2.3418370E-01   8.8750918E-01   3.2162040E-01  -2.5431868E-01  -3.1998370E-02   1.2221658E-02   3.5412861E-03   8.1942630E-02   3.1381789E-02  -8.4922560E-04   1.5044008E-04   1.5456140E-03   1.5919615E-03   1.0886819E-05  -1.6408563E-06   7.7587291E-06   2.7657325E-06
 -1.3710182E-05   7.6486411E-04  -1.4873282E-05  -2.9277998E-04  -2.8591978E-02   2.1504318E-02  -2.6056174E-04  -1.2584281E-03   7.4180534E-05   1.1436699E+01  -8.6240365E+00  -7.8001049E+00  -2.3274825E+00  -3.4850328E+00  -1.0504324E-01  -1.4167885E-01   3.1381789E-02   7.4256102E+00   1.2885924E-02   2.8457666E-03  -9.8635165E-03  -5.9294689E-02  -3.2888682E-04   4.5869852E-05  -2.5847985E-04  -5.5069012E-05
 -4.1270459E-07  -1.9450477E-06  -8.8308091E-07  -1.2147197E-05   4.1018415E-04   2.6679393E-04  -2.1772926E-05   8.3479103E-06   7.3062990E-06  -1.4053063E-01  -4.2533199E-02  -7.4634881E-02   4.3410562E-02  -6.6848493E-03  -4.8004458E-04   1.1702136E-03  -8.4922560E-04   1.2885924E-02   3.8125783E-02   3.3522694E-03  -5.3235114E-04  -1.2877461E-04   3.3422694E-05  -4.9725533E-06   2.0890741E-06  -1.1186672E-06
  5.2032937E-07   1.6365833E-05  -8.9948179E-07   4.8129754E-05  -6.0012225E-04   5.4016488E-04   5.5284785E-05  -1.5483625E-05   1.3238365E-05   3.6029453E-01  -2.1854808E-01  -3.1301442E-01   1.9010093E-01  -6.5795118E-03  -1.6137788E-03   7.4074185E-03   1.5044008E-04   2.8457666E-03   3.3522694E-03   3.0637208E-02  -9.4105614E-04   5.2285217E-03  -7.8887833E-05  -3.9118033E-05  -7.9513655E-05  -7.6076984E-05
  6.3490119E-07  -9.6974540E-06   5.1605559E-07   1.1043219E-05   3.0709111E-04  -2.7382233E-04   2.7959095E-05   2.6183826E-05   3.4571432E-06  -2.6680172E-01   6.3930878E-02   5.7125321E-01  -4.5810662E-01   1.0435277E-02  -2.3437003E-03  -2.7737180E-04   1.5456140E-03  -9.8635165E-03  -5.3235114E-04  -9.4105614E-04   1.0710398E-02   8.4655112E-03   3.2432032E-06   6.0005766E-05   9.2781040E-06  -1.5174509E-06
  3.1345769E-07   7.9759767E-06  -8.7412669E-07   2.4358864E-05  -1.0066474E-04   3.4634122E-04   5.6132479E-05   1.0130490E-05   1.0859491E-06  -2.2624486E-01   7.8350975E-02   3.4827749E-02  -1.2375967E-01   5.7227285E-02   5.6454162E-03  -1.7588136E-02   1.5919615E-03  -5.9294689E-02  -1.2877461E-04   5.2285217E-03   8.4655112E-03   2.6272704E-02  -3.8617341E-06   5.4060534E-05  -1.9075497E-05  -3.7896358E-06
  1.5961718E-09  -5.4568106E-08   7.6634950E-10  -2.7617547E-07   2.3068775E-06   1.3839710E-07  -4.8862964E-08  -2.4418765E-07  -2.1261785E-08   6.8648209E-03   8.2003251E-04   1.6835826E-03  -5.8206774E-04   4.2287838E-04   1.6330883E-05  -1.0631560E-05   1.0886819E-05  -3.2888682E-04   3.3422694E-05  -7.8887833E-05   3.2432032E-06  -3.8617341E-06   1.1063511E-06   1.3681076E-08   3.4010524E-07   6.0711154E-07
 -8.2241115E-10   7.1251289E-08  -2.2604487E-09  -9.4351501E-08   1.2810242E-06   5.9832906E-06   8.2591153E-09  -1.3288435E-07  -2.2608987E-08   2.8715052E-03   9.1229358E-04  -7.9985860E-03   3.3642881E-03  -2.6362261E-04  -3.5619095E-05   1.0155311E-04  -1.6408563E-06   4.5869852E-05  -4.9725533E-06  -3.9118033E-05   6.0005766E-05   5.4060534E-05   1.3681076E-08   2.4934376E-06   2.8222491E-07   3.5267011E-07
 -5.6234967E-08   1.5525409E-06  -1.6836675E-07  -2.8076166E-06  -4.4712461E-05   7.2317271E-05  -3.3395326E-06   2.3530225E-06  -3.0835959E-07   2.4486103E-03   3.5566957E-03   2.3942139E-03  -3.1900340E-04  -2.5369174E-05   3.5913487E-06   8.5251876E-06   7.7587291E-06  -2.5847985E-04   2.0890741E-06  -7.9513655E-05   9.2781040E-06  -1.9075497E-05   3.4010524E-07   2.8222491E-07   2.4720681E-05   9.2032602E-06
 -1.8037286E-07   3.0727334E-06  -2.5875131E-07  -2.3163646E-06  -9.7377777E-05   1.5000925E-04   2.1326772E-06   2.3379791E-06  -2.9473591E-07   1.0713532E-02   7.4721173E-03   1.3565390E-03   1.6797828E-03  -1.7086873E-04  -3.7966644E-06   3.4723770E-05   2.7657325E-06  -5.5069012E-05  -1.1186672E-06  -7.6076984E-05  -1.5174509E-06  -3.7896358E-06   6.0711154E-07   3.5267011E-07   9.2032602E-06   2.6158789E-05
