# omegabh2 omegach2 theta tau logA ns calPlanck acib217 xi asz143 aps100 aps143 aps143217 aps217 aksz kgal100 kgal143 kgal143217 kgal217 galfTE100 galfTE100143 galfTE100217 galfTE143 galfTE143217 galfTE217 cal0 cal2
  1.8259383E-08  -4.9452862E-08   1.1363663E-08   1.8051082E-07   3.3472141E-07   1.3359350E-07   3.5242353E-09  -8.8098323E-05   1.0147421E-06   1.3779594E-05  -2.5303538E-04  -1.6562132E-04  -5.7629460E-05   3.5022947E-05  -3.0052908E-05  -3.3517900E-06  -1.2031419E-05  -1.3357326E-05   1.5944618E-05  -3.3496200E-08   4.7925283E-09   3.3306308E-07  -1.6685730E-07  -3.5498025E-07  -1.7625654E-06   2.2389527E-09  -2.4461699E-09
 -4.9452862E-08   8.3384991E-07  -5.0175067E-08  -1.9209722E-06  -2.1282794E-06  -1.9412337E-06  -1.0296154E-07   1.4467498E-04  -4.9146544E-06  -3.5276344E-05   8.2745428E-04   4.9469365E-04   1.7557345E-04  -1.1030418E-06   5.9137084E-05   1.3485711E-06   2.4430443E-05   3.7175008E-05   4.0708698E-05   6.2553325E-07  -1.7837487E-07  -1.7874273E-06   6.7840447E-08   1.0486555E-06   1.0994496E-05  -1.5822354E-08   1.2176075E-08
  1.1363663E-08  -5.0175067E-08   8.5677597E-08   2.2499557E-07   4.5210639E-07   2.0928688E-07   1.7397302E-08   4.0496373E-05   2.5584519E-07  -1.3160847E-05   2.4641731E-04  -3.7238216E-05  -7.3577508E-05  -9.6235681E-05   2.1480095E-05  -3.2430454E-06   1.8596709E-05   7.4381823E-06  -8.7077185E-06  -1.8664686E-08  -1.5130128E-07   9.3409255E-07  -2.2928718E-07  -2.3308761E-07  -5.2793329E-07  -5.1425092E-09   1.2651387E-09
  1.8051082E-07  -1.9209722E-06   2.2499557E-07   5.0196921E-05   9.1926469E-05   6.8814113E-06  -1.4422748E-06  -1.7912840E-03   3.4121466E-05   5.1046113E-04  -3.7102824E-03  -2.0060198E-03   1.0456845E-04   3.1469939E-04  -9.2045117E-04  -3.1029484E-05   5.3708184E-05   5.2988781E-04   1.2507131E-03   6.9765411E-06  -8.9931574E-07   1.8834588E-05  -1.7054957E-05  -1.0626816E-05  -4.5832668E-05   2.1228763E-08  -6.0609108E-08
  3.3472141E-07  -2.1282794E-06   4.5210639E-07   9.1926469E-05   1.9787144E-04   8.1080876E-06   8.9830409E-06  -2.9171018E-03   7.6452681E-05   8.7276951E-04   1.6272082E-03  -1.1490949E-03   2.9705271E-03   5.6936047E-03  -2.4583312E-03  -3.2341949E-04  -4.9382283E-04   3.8949134E-04   3.3803746E-03   1.3880588E-05  -7.0667209E-06   3.6849435E-05  -4.1692876E-05  -2.7937119E-05  -8.0359425E-05   2.1209309E-07  -7.1583773E-08
  1.3359350E-07  -1.9412337E-06   2.0928688E-07   6.8814113E-06   8.1080876E-06   1.4266360E-05   2.2347731E-07  -4.9151248E-03   8.0556034E-05   9.0694049E-04  -2.3274816E-02  -5.9287211E-03   1.8511844E-03   5.7230364E-03  -2.2871949E-03   1.2429217E-04  -4.0054277E-04  -2.6985682E-04   1.5861634E-03  -1.4145123E-06   1.1938237E-06   4.5318496E-06   1.5205283E-06   6.5669569E-06  -6.7758755E-06  -4.2492531E-08  -1.1791913E-07
  3.5242353E-09  -1.0296154E-07   1.7397302E-08  -1.4422748E-06   8.9830409E-06   2.2347731E-07   6.0389596E-06   8.4626164E-04  -1.2424346E-05   3.8892152E-06   5.7257983E-03   9.5668281E-04   5.8166390E-04   1.2542042E-03  -6.4831114E-05  -3.2811463E-06  -5.2264811E-05  -6.2060824E-05   5.9995054E-04  -2.4208352E-07  -2.3968228E-06   1.5185400E-06  -3.7190504E-06  -4.2251457E-06  -4.8096129E-06   3.3293128E-08   1.9422024E-08
 -8.8098323E-05   1.4467498E-04   4.0496373E-05  -1.7912840E-03  -2.9171018E-03  -4.9151248E-03   8.4626164E-04   4.5736807E+01  -4.1786841E-01  -7.1425246E-01   4.0325346E+01   2.2967758E+00  -1.2399851E+01  -5.5426573E+01  -3.8517448E-01   6.3225429E-02   5.5798713E-01  -5.8008552E+00  -3.3757571E+01  -2.6196540E-05  -3.5718615E-03   7.5429544E-03   4.6492962E-04  -9.1808726E-03   3.7298560E-02  -2.3327839E-04   8.2986009E-04
  1.0147421E-06  -4.9146544E-06   2.5584519E-07   3.4121466E-05   7.6452681E-05   8.0556034E-05  -1.2424346E-05  -4.1786841E-01   8.0835494E-02  -4.4422458E-02  -6.4924536E-01   8.8790180E-01   1.6418172E+00   6.0892538E-01   6.4586901E-02  -7.5276894E-03   1.2539551E-02   1.2421379E-01   2.0434298E-01  -1.6896200E-04   8.2459340E-05  -9.0462269E-05   2.7158475E-04   4.4731742E-04   1.1246640E-03   4.3789880E-06   3.4205969E-06
  1.3779594E-05  -3.5276344E-05  -1.3160847E-05   5.1046113E-04   8.7276951E-04   9.0694049E-04   3.8892152E-06  -7.1425246E-01  -4.4422458E-02   3.9781592E+00  -3.1267921E+01  -3.1006773E+00   8.0875583E+00   5.3559308E+00  -2.8318117E+00  -3.0614357E-01   1.8310469E-01   2.8294820E+00   3.4359833E+00  -5.5036354E-04  -1.1903064E-03   2.2778314E-04  -1.3482181E-03  -8.7013235E-04   5.3435070E-03   1.1434027E-04  -3.2613650E-05
 -2.5303538E-04   8.2745428E-04   2.4641731E-04  -3.7102824E-03   1.6272082E-03  -2.3274816E-02   5.7257983E-03   4.0325346E+01  -6.4924536E-01  -3.1267921E+01   8.0484268E+02   6.9016900E+01  -5.9122238E+01  -6.5474348E+01   1.3739416E+01  -5.1595396E+00   5.7067966E+00  -1.3184719E+01  -2.6411028E+01   1.4386872E-02  -5.9150058E-03   1.1846067E-02  -6.8061999E-03  -2.5193248E-02  -1.8814896E-03   3.5870206E-03   5.7117516E-04
 -1.6562132E-04   4.9469365E-04  -3.7238216E-05  -2.0060198E-03  -1.1490949E-03  -5.9287211E-03   9.5668281E-04   2.2967758E+00   8.8790180E-01  -3.1006773E+00   6.9016900E+01   5.9282166E+01   3.8696018E+01   1.3705743E+01  -4.7836377E+00  -2.1094376E-01  -1.1134656E+00   3.4446640E+00   4.1576842E+00   7.4396215E-04   2.7124881E-03   6.7881222E-03  -2.7748933E-03   1.2823918E-04   3.8075109E-03   1.1150844E-04   1.4681517E-04
 -5.7629460E-05   1.7557345E-04  -7.3577508E-05   1.0456845E-04   2.9705271E-03   1.8511844E-03   5.8166390E-04  -1.2399851E+01   1.6418172E+00   8.0875583E+00  -5.9122238E+01   3.8696018E+01   8.4224704E+01   5.1303618E+01  -1.1759716E+01  -1.0208388E+00  -4.3674180E-01   5.4748415E+00   8.9228509E+00  -4.9392602E-03   1.0263409E-03  -1.6763610E-03   7.6608534E-03   1.2478948E-02   1.2850903E-02   4.5129029E-04  -3.1139059E-04
  3.5022947E-05  -1.1030418E-06  -9.6235681E-05   3.1469939E-04   5.6936047E-03   5.7230364E-03   1.2542042E-03  -5.5426573E+01   6.0892538E-01   5.3559308E+00  -6.5474348E+01   1.3705743E+01   5.1303618E+01   1.0274947E+02  -9.0972579E+00  -7.0502410E-01  -1.2348912E+00   5.3199861E+00   3.3346571E+01  -3.9923714E-03  -5.4142245E-04  -1.5339276E-02   2.8675440E-03   1.4620997E-02  -5.4449171E-02   5.3677843E-04  -1.5315742E-03
 -3.0052908E-05   5.9137084E-05   2.1480095E-05  -9.2045117E-04  -2.4583312E-03  -2.2871949E-03  -6.4831114E-05  -3.8517448E-01   6.4586901E-02  -2.8318117E+00   1.3739416E+01  -4.7836377E+00  -1.1759716E+01  -9.0972579E+00   5.9612293E+00   2.1498578E-01  -1.9608276E-01  -2.1489298E+00  -2.2638800E+00  -2.8091442E-04   8.6944719E-04   3.5429142E-04   2.0233873E-03  -2.6957447E-03   7.7635234E-04  -9.5839174E-05   2.3321283E-05
 -3.3517900E-06   1.3485711E-06  -3.2430454E-06  -3.1029484E-05  -3.2341949E-04   1.2429217E-04  -3.2811463E-06   6.3225429E-02  -7.5276894E-03  -3.0614357E-01  -5.1595396E+00  -2.1094376E-01  -1.0208388E+00  -7.0502410E-01   2.1498578E-01   3.2476419E+00   5.1528608E-01   1.7017206E-01   2.5629553E-01  -4.8872552E-04   2.2460346E-04   1.6584590E-04   7.9517330E-04   5.7571719E-04  -7.6938551E-03   1.8514011E-04   1.3152985E-05
 -1.2031419E-05   2.4430443E-05   1.8596709E-05   5.3708184E-05  -4.9382283E-04  -4.0054277E-04  -5.2264811E-05   5.5798713E-01   1.2539551E-02   1.8310469E-01   5.7067966E+00  -1.1134656E+00  -4.3674180E-01  -1.2348912E+00  -1.9608276E-01   5.1528608E-01   3.1444968E+00   2.7220904E+00   2.7845144E+00   2.5186523E-04  -9.0273312E-04  -3.2522382E-03   2.2267898E-04   1.1596873E-03  -3.9020203E-03  -1.7435576E-04  -3.2562007E-05
 -1.3357326E-05   3.7175008E-05   7.4381823E-06   5.2988781E-04   3.8949134E-04  -2.6985682E-04  -6.2060824E-05  -5.8008552E+00   1.2421379E-01   2.8294820E+00  -1.3184719E+01   3.4446640E+00   5.4748415E+00   5.3199861E+00  -2.1489298E+00   1.7017206E-01   2.7220904E+00   1.1070166E+01   1.9622849E+01   6.7186605E-04  -4.7437931E-04  -2.2464896E-03  -4.1281007E-03  -8.9832248E-04   3.9480863E-03   3.5126081E-05   4.1387596E-04
  1.5944618E-05   4.0708698E-05  -8.7077185E-06   1.2507131E-03   3.3803746E-03   1.5861634E-03   5.9995054E-04  -3.3757571E+01   2.0434298E-01   3.4359833E+00  -2.6411028E+01   4.1576842E+00   8.9228509E+00   3.3346571E+01  -2.2638800E+00   2.5629553E-01   2.7845144E+00   1.9622849E+01   5.3927005E+01   2.8947764E-03   3.1554954E-03  -2.6328949E-03  -7.8697899E-03   3.7202621E-03  -2.0820891E-02   1.5872969E-04   8.7624613E-04
 -3.3496200E-08   6.2553325E-07  -1.8664686E-08   6.9765411E-06   1.3880588E-05  -1.4145123E-06  -2.4208352E-07  -2.6196540E-05  -1.6896200E-04  -5.5036354E-04   1.4386872E-02   7.4396215E-04  -4.9392602E-03  -3.9923714E-03  -2.8091442E-04  -4.8872552E-04   2.5186523E-04   6.7186605E-04   2.8947764E-03   1.4077216E-03   2.7057204E-04   2.9361605E-07  -3.0800128E-04  -1.6667066E-04  -5.0271250E-04   1.0878086E-08  -1.9626132E-08
  4.7925283E-09  -1.7837487E-07  -1.5130128E-07  -8.9931574E-07  -7.0667209E-06   1.1938237E-06  -2.3968228E-06  -3.5718615E-03   8.2459340E-05  -1.1903064E-03  -5.9150058E-03   2.7124881E-03   1.0263409E-03  -5.4142245E-04   8.6944719E-04   2.2460346E-04  -9.0273312E-04  -4.7437931E-04   3.1554954E-03   2.7057204E-04   8.7758750E-04  -2.4456601E-05   7.5599904E-04  -5.8010356E-06  -7.6057941E-04  -3.7147959E-07   2.9376272E-07
  3.3306308E-07  -1.7874273E-06   9.3409255E-07   1.8834588E-05   3.6849435E-05   4.5318496E-06   1.5185400E-06   7.5429544E-03  -9.0462269E-05   2.2778314E-04   1.1846067E-02   6.7881222E-03  -1.6763610E-03  -1.5339276E-02   3.5429142E-04   1.6584590E-04  -3.2522382E-03  -2.2464896E-03  -2.6328949E-03   2.9361605E-07  -2.4456601E-05   7.1151258E-03  -3.3948227E-04   4.4756974E-04   4.2101077E-03  -4.4663727E-07   8.5359036E-07
 -1.6685730E-07   6.7840447E-08  -2.2928718E-07  -1.7054957E-05  -4.1692876E-05   1.5205283E-06  -3.7190504E-06   4.6492962E-04   2.7158475E-04  -1.3482181E-03  -6.8061999E-03  -2.7748933E-03   7.6608534E-03   2.8675440E-03   2.0233873E-03   7.9517330E-04   2.2267898E-04  -4.1281007E-03  -7.8697899E-03  -3.0800128E-04   7.5599904E-04  -3.3948227E-04   2.8784499E-03   5.4598453E-04  -7.0084005E-04   1.5886096E-07   2.3051953E-08
 -3.5498025E-07   1.0486555E-06  -2.3308761E-07  -1.0626816E-05  -2.7937119E-05   6.5669569E-06  -4.2251457E-06  -9.1808726E-03   4.4731742E-04  -8.7013235E-04  -2.5193248E-02   1.2823918E-04   1.2478948E-02   1.4620997E-02  -2.6957447E-03   5.7571719E-04   1.1596873E-03  -8.9832248E-04   3.7202621E-03  -1.6667066E-04  -5.8010356E-06   4.4756974E-04   5.4598453E-04   6.5814133E-03   7.7646129E-03   1.5565176E-07  -1.5284947E-07
 -1.7625654E-06   1.0994496E-05  -5.2793329E-07  -4.5832668E-05  -8.0359425E-05  -6.7758755E-06  -4.8096129E-06   3.7298560E-02   1.1246640E-03   5.3435070E-03  -1.8814896E-03   3.8075109E-03   1.2850903E-02  -5.4449171E-02   7.7635234E-04  -7.6938551E-03  -3.9020203E-03   3.9480863E-03  -2.0820891E-02  -5.0271250E-04  -7.6057941E-04   4.2101077E-03  -7.0084005E-04   7.7646129E-03   7.2729536E-02   1.9566979E-06   6.3436198E-07
  2.2389527E-09  -1.5822354E-08  -5.1425092E-09   2.1228763E-08   2.1209309E-07  -4.2492531E-08   3.3293128E-08  -2.3327839E-04   4.3789880E-06   1.1434027E-04   3.5870206E-03   1.1150844E-04   4.5129029E-04   5.3677843E-04  -9.5839174E-05   1.8514011E-04  -1.7435576E-04   3.5126081E-05   1.5872969E-04   1.0878086E-08  -3.7147959E-07  -4.4663727E-07   1.5886096E-07   1.5565176E-07   1.9566979E-06   3.8061251E-07  -6.3438486E-09
 -2.4461699E-09   1.2176075E-08   1.2651387E-09  -6.0609108E-08  -7.1583773E-08  -1.1791913E-07   1.9422024E-08   8.2986009E-04   3.4205969E-06  -3.2613650E-05   5.7117516E-04   1.4681517E-04  -3.1139059E-04  -1.5315742E-03   2.3321283E-05   1.3152985E-05  -3.2562007E-05   4.1387596E-04   8.7624613E-04  -1.9626132E-08   2.9376272E-07   8.5359036E-07   2.3051953E-08  -1.5284947E-07   6.3436198E-07  -6.3438486E-09   3.9084132E-07
