# omegabh2 omegach2 theta tau logA ns r calPlanck acib217 xi asz143 aps100 aps143 aps143217 aps217 aksz kgal100 kgal143 kgal143217 kgal217 cal0 cal2
  4.3532793E-08  -1.2580501E-07   3.3996820E-08   3.8079948E-07   6.9580894E-07   4.2722929E-07   2.5092986E-07   5.4448441E-08  -1.4662683E-04   2.0990637E-06   3.8638301E-05  -6.5310373E-04  -4.7684295E-04  -1.9469144E-04  -5.0899730E-05  -6.3813071E-05   2.4310321E-06  -2.6781075E-06  -1.3253062E-05   4.0252339E-05   1.1911607E-09  -3.2555221E-09
 -1.2580501E-07   2.2458381E-06  -2.1530833E-07  -4.1958023E-06  -4.3673769E-06  -5.0380484E-06  -4.4266126E-06  -4.9889709E-07   3.7609704E-04  -8.8799734E-06  -6.0314684E-05   1.1994594E-03   1.0350024E-03   4.0293859E-04  -8.7567262E-05   1.8267860E-04   4.6571726E-05   6.7450117E-06   9.6253658E-06  -1.8743316E-04  -2.6317805E-08  -5.2980711E-09
  3.3996820E-08  -2.1530833E-07   2.0211542E-07   5.6272278E-07   1.0285773E-06   7.8799962E-07   4.0612089E-07   8.9364157E-08  -8.8926601E-05   9.2782204E-07   1.5339608E-05  -3.4280908E-04  -1.8407027E-04  -6.1556443E-05   1.9201703E-05  -3.4305945E-05  -6.7092797E-06   3.9662322E-06   9.6713411E-06   8.1031064E-05   1.6865801E-10  -4.3327592E-10
  3.8079948E-07  -4.1958023E-06   5.6272278E-07   4.2375724E-05   7.4124693E-05   1.2190605E-05   1.0321233E-06  -2.3948487E-07  -1.3511641E-03   8.9208874E-06   3.0372181E-04  -4.9568517E-03  -5.7396600E-03  -3.1202844E-03  -1.5566298E-03  -5.8701133E-04  -1.3021081E-04   7.5279238E-05  -2.8080213E-04  -5.2971835E-05  -1.1737889E-08  -5.7075119E-08
  6.9580894E-07  -4.3673769E-06   1.0285773E-06   7.4124693E-05   1.6259204E-04   1.4005445E-05  -1.1470465E-05   1.0810931E-05  -2.8013385E-03   4.4402360E-05   6.6771393E-04  -5.9398118E-03  -8.4064107E-03  -2.5271090E-03   3.1683175E-03  -1.8747203E-03  -6.4519646E-04  -4.2390511E-04  -1.0484393E-03   1.1577050E-03   9.1658289E-08  -1.8592476E-07
  4.2722929E-07  -5.0380484E-06   7.8799962E-07   1.2190605E-05   1.4005445E-05   2.2523118E-05   2.9738056E-05   1.3309816E-06  -5.4874636E-03   1.1491610E-04   1.2231249E-03  -2.6447299E-02  -8.6159170E-03   1.2771522E-03   5.5663652E-03  -2.9059026E-03   3.2004302E-04  -2.8145276E-04  -1.9815944E-04   2.1338363E-03  -7.8809702E-08  -6.9870278E-08
  2.5092986E-07  -4.4266126E-06   4.0612089E-07   1.0321233E-06  -1.1470465E-05   2.9738056E-05   1.1604763E-03   8.4636316E-07  -7.5868364E-03   1.4838738E-04   2.1701525E-03  -3.5288807E-02  -1.2051636E-02   3.7592865E-03   7.9608648E-03  -4.0790984E-03  -9.3430040E-04  -9.9830873E-04  -1.1170107E-03   1.9975286E-03  -8.6432403E-08  -4.6241757E-09
  5.4448441E-08  -4.9889709E-07   8.9364157E-08  -2.3948487E-07   1.0810931E-05   1.3309816E-06   8.4636316E-07   6.1306574E-06   3.1695795E-04   2.3993525E-06   9.4171556E-05   3.0137557E-03   3.1137105E-04   5.3898054E-04   1.6440995E-03  -1.3579752E-04  -7.0827586E-05  -1.7560109E-05   9.2270593E-06   9.0353473E-04   8.9764049E-09  -2.6022582E-08
 -1.4662683E-04   3.7609704E-04  -8.8926601E-05  -1.3511641E-03  -2.8013385E-03  -5.4874636E-03  -7.5868364E-03   3.1695795E-04   4.5193077E+01  -4.0867048E-01  -9.1050064E-01   3.6814101E+01   1.8149934E+00  -1.3624568E+01  -5.5608984E+01   8.4658326E-02   2.2334737E-01   5.1909070E-01  -5.8829486E+00  -3.3910542E+01  -1.7192737E-04   6.8942018E-04
  2.0990637E-06  -8.8799734E-06   9.2782204E-07   8.9208874E-06   4.4402360E-05   1.1491610E-04   1.4838738E-04   2.3993525E-06  -4.0867048E-01   8.1217297E-02  -4.3865713E-02  -4.9145656E-01   9.1135150E-01   1.6474782E+00   6.4185059E-01   4.1201464E-02  -8.0851066E-03   1.4877636E-02   1.1343094E-01   1.7001765E-01   2.5680544E-06  -8.5542003E-07
  3.8638301E-05  -6.0314684E-05   1.5339608E-05   3.0372181E-04   6.6771393E-04   1.2231249E-03   2.1701525E-03   9.4171556E-05  -9.1050064E-01  -4.3865713E-02   3.9394674E+00  -3.0928722E+01  -3.3416143E+00   7.9231657E+00   5.6560278E+00  -2.9498795E+00  -1.8722777E-01   1.4647914E-01   2.6422729E+00   3.3725139E+00   1.1374389E-04  -3.6325695E-05
 -6.5310373E-04   1.1994594E-03  -3.4280908E-04  -4.9568517E-03  -5.9398118E-03  -2.6447299E-02  -3.5288807E-02   3.0137557E-03   3.6814101E+01  -4.9145656E-01  -3.0928722E+01   7.8645770E+02   6.9869703E+01  -5.5149447E+01  -6.2855393E+01   1.6114690E+01  -6.6703619E+00   4.9502239E+00  -1.2963949E+01  -2.6130046E+01   3.7292269E-03   4.9572140E-04
 -4.7684295E-04   1.0350024E-03  -1.8407027E-04  -5.7396600E-03  -8.4064107E-03  -8.6159170E-03  -1.2051636E-02   3.1137105E-04   1.8149934E+00   9.1135150E-01  -3.3416143E+00   6.9869703E+01   6.3858291E+01   4.1702195E+01   1.6858854E+01  -4.7719544E+00  -5.5946421E-01  -1.4526139E+00   3.3632601E+00   4.0664476E+00   1.0243606E-04   9.5334252E-05
 -1.9469144E-04   4.0293859E-04  -6.1556443E-05  -3.1202844E-03  -2.5271090E-03   1.2771522E-03   3.7592865E-03   5.3898054E-04  -1.3624568E+01   1.6474782E+00   7.9231657E+00  -5.5149447E+01   4.1702195E+01   8.6628359E+01   5.6159414E+01  -1.2629807E+01  -8.8368491E-01  -6.8946592E-01   5.0130139E+00   8.9498368E+00   4.1507283E-04  -3.5973509E-04
 -5.0899730E-05  -8.7567262E-05   1.9201703E-05  -1.5566298E-03   3.1683175E-03   5.5663652E-03   7.9608648E-03   1.6440995E-03  -5.5608984E+01   6.4185059E-01   5.6560278E+00  -6.2855393E+01   1.6858854E+01   5.6159414E+01   1.0655466E+02  -1.0121180E+01  -8.1277366E-01  -1.3007959E+00   5.4578612E+00   3.4006038E+01   4.2986754E-04  -1.3003385E-03
 -6.3813071E-05   1.8267860E-04  -3.4305945E-05  -5.8701133E-04  -1.8747203E-03  -2.9059026E-03  -4.0790984E-03  -1.3579752E-04   8.4658326E-02   4.1201464E-02  -2.9498795E+00   1.6114690E+01  -4.7719544E+00  -1.2629807E+01  -1.0121180E+01   6.3225743E+00   8.6883673E-02  -1.5077488E-01  -2.0837838E+00  -2.4097167E+00  -8.0047240E-05   1.7341001E-05
  2.4310321E-06   4.6571726E-05  -6.7092797E-06  -1.3021081E-04  -6.4519646E-04   3.2004302E-04  -9.3430040E-04  -7.0827586E-05   2.2334737E-01  -8.0851066E-03  -1.8722777E-01  -6.6703619E+00  -5.5946421E-01  -8.8368491E-01  -8.1277366E-01   8.6883673E-02   3.3421540E+00   5.8442143E-01   1.4795098E-01   3.2950358E-02   1.5444922E-04  -8.8938158E-06
 -2.6781075E-06   6.7450117E-06   3.9662322E-06   7.5279238E-05  -4.2390511E-04  -2.8145276E-04  -9.9830873E-04  -1.7560109E-05   5.1909070E-01   1.4877636E-02   1.4647914E-01   4.9502239E+00  -1.4526139E+00  -6.8946592E-01  -1.3007959E+00  -1.5077488E-01   5.8442143E-01   3.1065937E+00   2.6067979E+00   2.5671192E+00  -1.7661292E-04  -4.9700352E-05
 -1.3253062E-05   9.6253658E-06   9.6713411E-06  -2.8080213E-04  -1.0484393E-03  -1.9815944E-04  -1.1170107E-03   9.2270593E-06  -5.8829486E+00   1.1343094E-01   2.6422729E+00  -1.2963949E+01   3.3632601E+00   5.0130139E+00   5.4578612E+00  -2.0837838E+00   1.4795098E-01   2.6067979E+00   1.0664751E+01   1.9212986E+01  -4.8268247E-06   4.1619360E-04
  4.0252339E-05  -1.8743316E-04   8.1031064E-05  -5.2971835E-05   1.1577050E-03   2.1338363E-03   1.9975286E-03   9.0353473E-04  -3.3910542E+01   1.7001765E-01   3.3725139E+00  -2.6130046E+01   4.0664476E+00   8.9498368E+00   3.4006038E+01  -2.4097167E+00   3.2950358E-02   2.5671192E+00   1.9212986E+01   5.3902413E+01   9.0753226E-05   9.5925004E-04
  1.1911607E-09  -2.6317805E-08   1.6865801E-10  -1.1737889E-08   9.1658289E-08  -7.8809702E-08  -8.6432403E-08   8.9764049E-09  -1.7192737E-04   2.5680544E-06   1.1374389E-04   3.7292269E-03   1.0243606E-04   4.1507283E-04   4.2986754E-04  -8.0047240E-05   1.5444922E-04  -1.7661292E-04  -4.8268247E-06   9.0753226E-05   3.7449312E-07   4.0076106E-09
 -3.2555221E-09  -5.2980711E-09  -4.3327592E-10  -5.7075119E-08  -1.8592476E-07  -6.9870278E-08  -4.6241757E-09  -2.6022582E-08   6.8942018E-04  -8.5542003E-07  -3.6325695E-05   4.9572140E-04   9.5334252E-05  -3.5973509E-04  -1.3003385E-03   1.7341001E-05  -8.8938158E-06  -4.9700352E-05   4.1619360E-04   9.5925004E-04   4.0076106E-09   3.9583044E-07
