# omegabh2 omegach2 theta tau meffsterile nnu logA ns calPlanck acib217 xi asz143 aps100 aps143 aps143217 aps217 aksz kgal100 kgal143 kgal143217 kgal217 galfTE100 galfTE100143 galfTE100217 galfTE143 galfTE143217 galfTE217 cal0 cal2
  2.3907603E-08   7.2669072E-09   7.4183810E-09   3.3628913E-07  -1.6138272E-06   4.2568836E-06   7.4020942E-07   3.8753649E-07   2.2410119E-08  -6.0693664E-05   1.1208279E-06   1.8870961E-05  -2.4179954E-04  -1.4781458E-04  -4.8528603E-05  -1.1836165E-05  -3.0682641E-05   1.1937717E-06  -1.4695527E-05  -8.7709979E-06   1.0975597E-05  -9.4745030E-08   5.0411026E-08  -1.5138843E-07  -1.9556023E-07  -2.1352376E-07  -2.0430972E-06   4.3351289E-09  -2.1517557E-09
  7.2669072E-09   8.5124042E-06  -3.5758146E-07  -1.7666401E-06  -3.7287004E-04   1.4072297E-04   5.1049428E-06   3.3013907E-06  -8.3857823E-08   1.2134729E-03  -5.0289399E-05  -2.4092978E-04   6.3564713E-03   1.8880085E-03  -4.3856814E-04  -1.1607124E-03   4.5261163E-04   1.1728623E-04   1.1890079E-04   2.1833141E-04   2.0409668E-04   3.7375429E-07  -1.2615177E-07   2.3902862E-06   5.3678154E-06   2.3163771E-06   3.4194079E-05   3.7212899E-10   6.9970147E-08
  7.4183810E-09  -3.5758146E-07   1.0370084E-07   1.7908224E-07   1.6322058E-06  -9.8455759E-06  -8.2280253E-08   1.1354666E-07   4.4717170E-08  -8.3994021E-05   7.0781602E-07   3.6285507E-05  -3.8971521E-04  -2.3877312E-04  -2.4791531E-05   3.0747017E-05  -5.2897306E-05  -4.6521962E-06  -3.5274377E-06  -1.6392021E-06   3.0737554E-05   6.0449460E-08   2.0798314E-07  -3.0205071E-07   4.1519265E-07  -1.5981231E-07  -3.6148138E-06   5.1946787E-09  -6.1009668E-09
  3.3628913E-07  -1.7666401E-06   1.7908224E-07   5.7321362E-05  -2.7455249E-05   9.4501670E-05   1.0550476E-04   1.4679321E-05  -9.1504044E-07  -9.7310032E-04   8.1679537E-05   4.7308259E-04  -8.3461861E-03  -2.5580754E-03   5.4381759E-04  -7.4136888E-04  -7.1919674E-04   3.5053059E-05   1.2331908E-04   2.5433025E-04   5.1856834E-04  -9.4298945E-07  -3.9038696E-07  -1.0759249E-05  -9.7939137E-06   8.1559810E-06  -5.0804561E-05  -1.6168104E-08  -5.1787776E-08
 -1.6138272E-06  -3.7287004E-04   1.6322058E-06  -2.7455249E-05   4.4649229E-02   4.1907813E-04  -7.8422573E-05  -4.4200639E-04  -1.5187813E-05  -1.1753716E-02   1.7210804E-03  -6.5336115E-03   6.6977869E-03   1.4753052E-01   1.4507816E-01   1.5255751E-01  -1.7240257E-03  -4.2508272E-03  -5.9214072E-03  -9.8044588E-03  -2.3231766E-02  -2.0508379E-05   1.1719428E-05  -7.8531651E-05  -3.8625542E-04   2.1773053E-05  -1.3289740E-04  -3.0110246E-06  -5.5667349E-07
  4.2568836E-06   1.4072297E-04  -9.8455759E-06   9.4501670E-05   4.1907813E-04   6.2771348E-03   4.2219774E-04   1.7350261E-04   3.4299653E-06   3.9575468E-02  -1.2442197E-03  -8.7426461E-03   1.8705268E-01   8.2888162E-02   7.7764118E-03  -1.4535800E-02   1.4580268E-02   3.3419549E-03   1.3641040E-03   1.7417105E-03  -5.0276761E-03  -2.2412525E-05  -8.5962453E-06   1.8588999E-05  -5.2644781E-06   1.0036350E-04   6.3956222E-04  -4.8433510E-07   2.1454287E-06
  7.4020942E-07   5.1049428E-06  -8.2280253E-08   1.0550476E-04  -7.8422573E-05   4.2219774E-04   2.3574017E-04   2.8633430E-05   1.0556429E-05  -7.5881758E-04   1.2832439E-04   6.4359978E-04  -5.8976890E-03   6.6213698E-04   4.5541756E-03   4.7990941E-03  -1.7748345E-03  -9.8310379E-05  -3.2503684E-04   2.7115296E-04   2.9547064E-03  -5.4086745E-06  -1.9497149E-06  -7.1930773E-06  -1.2562214E-05   1.8038288E-05  -2.3132357E-05   5.9154331E-08  -4.9479767E-08
  3.8753649E-07   3.3013907E-06   1.1354666E-07   1.4679321E-05  -4.4200639E-04   1.7350261E-04   2.8633430E-05   2.8168920E-05   1.2667813E-06  -3.1105139E-03   6.5257509E-05   7.5558322E-04  -1.8318270E-02  -6.0760198E-03  -7.4699538E-05   2.0555623E-03  -1.6533512E-03   1.6004348E-04  -3.7191790E-04  -3.0799412E-04   1.1905438E-03  -5.4176821E-06  -3.1295883E-06  -6.7217266E-06  -4.0672041E-06   5.4463516E-06  -1.8053376E-05  -4.7303730E-08  -9.9759870E-09
  2.2410119E-08  -8.3857823E-08   4.4717170E-08  -9.1504044E-07  -1.5187813E-05   3.4299653E-06   1.0556429E-05   1.2667813E-06   6.4951032E-06   4.8712480E-04  -6.1956324E-06   8.6220418E-05   2.5861437E-03   4.1841582E-04   2.7049389E-04   1.4733535E-03  -1.0086315E-04  -4.1645904E-05  -3.3223281E-05   1.1405737E-04   1.1358502E-03  -1.6569250E-06  -4.4932593E-07   3.6588201E-06   1.1830860E-06  -1.0941399E-06   1.0723953E-05  -1.5353454E-08  -1.7429529E-08
 -6.0693664E-05   1.2134729E-03  -8.3994021E-05  -9.7310032E-04  -1.1753716E-02   3.9575468E-02  -7.5881758E-04  -3.1105139E-03   4.8712480E-04   4.3508092E+01  -4.1961521E-01  -6.2078560E-01   3.4976107E+01   7.4367662E-01  -1.4195793E+01  -5.4812306E+01   2.7885475E-01   3.0700720E-01   5.7940287E-01  -5.6015738E+00  -3.2599133E+01   3.9075767E-03   1.8995167E-03   1.0472186E-03  -6.9267224E-03  -2.3738150E-03   2.0597785E-02  -1.1768723E-04   6.2058570E-04
  1.1208279E-06  -5.0289399E-05   7.0781602E-07   8.1679537E-05   1.7210804E-03  -1.2442197E-03   1.2832439E-04   6.5257509E-05  -6.1956324E-06  -4.1961521E-01   8.2256867E-02  -3.6385479E-02  -7.4680578E-01   9.6887194E-01   1.7579228E+00   6.9558969E-01   2.2405447E-02  -2.6764409E-03   1.4185927E-03   1.1650352E-01   1.5407023E-01  -1.9421479E-04  -1.0896528E-04  -2.6275911E-04   1.2272088E-04  -2.0166790E-04  -1.7532642E-03   2.8278329E-06  -2.6855304E-06
  1.8870961E-05  -2.4092978E-04   3.6285507E-05   4.7308259E-04  -6.5336115E-03  -8.7426461E-03   6.4359978E-04   7.5558322E-04   8.6220418E-05  -6.2078560E-01  -3.6385479E-02   3.8415838E+00  -2.8997682E+01  -3.1066062E+00   7.7184085E+00   5.3165479E+00  -2.8169625E+00  -2.6927605E-01   5.9929347E-02   2.4959776E+00   2.8610817E+00  -1.1006531E-03  -1.3897117E-04  -2.4158386E-04  -2.3079564E-03  -1.1199768E-03  -9.7232707E-03   1.1782322E-04  -4.2805097E-05
 -2.4179954E-04   6.3564713E-03  -3.8971521E-04  -8.3461861E-03   6.6977869E-03   1.8705268E-01  -5.8976890E-03  -1.8318270E-02   2.5861437E-03   3.4976107E+01  -7.4680578E-01  -2.8997682E+01   7.5535594E+02   6.5759423E+01  -5.8049974E+01  -6.3863476E+01   1.4172647E+01  -4.8192010E+00   7.6451654E+00  -8.5525442E+00  -1.7222462E+01   1.6576623E-02  -8.1207844E-03  -2.9783812E-02   3.0260005E-02  -2.6533240E-02   1.9491087E-01   3.5103478E-03   6.5932056E-04
 -1.4781458E-04   1.8880085E-03  -2.3877312E-04  -2.5580754E-03   1.4753052E-01   8.2888162E-02   6.6213698E-04  -6.0760198E-03   4.1841582E-04   7.4367662E-01   9.6887194E-01  -3.1066062E+00   6.5759423E+01   6.4155792E+01   4.3601093E+01   1.8017873E+01  -5.4172431E+00   1.6570664E-01  -1.1572260E+00   4.1940694E+00   5.7848757E+00  -1.4995247E-03  -3.4618473E-04  -5.5178022E-03   3.9326416E-03   5.3183856E-03   6.6440943E-02   2.3276638E-05   3.9235123E-05
 -4.8528603E-05  -4.3856814E-04  -2.4791531E-05   5.4381759E-04   1.4507816E-01   7.7764118E-03   4.5541756E-03  -7.4699538E-05   2.7049389E-04  -1.4195793E+01   1.7579228E+00   7.7184085E+00  -5.8049974E+01   4.3601093E+01   8.8580836E+01   5.6556059E+01  -1.2826748E+01  -4.6258737E-01  -8.7059846E-01   5.5890015E+00   9.5742345E+00  -6.3861698E-03  -2.7009140E-03   1.4552038E-03  -5.5433592E-03   4.9777336E-03  -7.7281025E-03   3.6706956E-04  -3.7679168E-04
 -1.1836165E-05  -1.1607124E-03   3.0747017E-05  -7.4136888E-04   1.5255751E-01  -1.4535800E-02   4.7990941E-03   2.0555623E-03   1.4733535E-03  -5.4812306E+01   6.9558969E-01   5.3165479E+00  -6.3863476E+01   1.8017873E+01   5.6556059E+01   1.0660977E+02  -1.0322727E+01  -5.8997869E-01  -1.2967618E+00   5.8264842E+00   3.3939444E+01  -3.6591611E-03  -2.7148471E-03   1.8010339E-02   2.2708270E-03   1.4278383E-02  -3.4501741E-03   2.9390009E-04  -1.2120337E-03
 -3.0682641E-05   4.5261163E-04  -5.2897306E-05  -7.1919674E-04  -1.7240257E-03   1.4580268E-02  -1.7748345E-03  -1.6533512E-03  -1.0086315E-04   2.7885475E-01   2.2405447E-02  -2.8169625E+00   1.4172647E+01  -5.4172431E+00  -1.2826748E+01  -1.0322727E+01   6.1777521E+00   1.2337919E-01  -1.5388034E-01  -2.1723375E+00  -2.6631930E+00   7.7822474E-04   1.7561995E-04  -1.0674624E-04   2.8361609E-03  -1.5668527E-03   1.3666047E-03  -8.4741293E-05   2.5474136E-05
  1.1937717E-06   1.1728623E-04  -4.6521962E-06   3.5053059E-05  -4.2508272E-03   3.3419549E-03  -9.8310379E-05   1.6004348E-04  -4.1645904E-05   3.0700720E-01  -2.6764409E-03  -2.6927605E-01  -4.8192010E+00   1.6570664E-01  -4.6258737E-01  -5.8997869E-01   1.2337919E-01   3.3449162E+00   5.6409487E-01   4.9778977E-02  -1.6333659E-01   1.6815349E-04   9.6793807E-04  -1.3626255E-03  -1.9147105E-03   2.5966949E-03   2.6230495E-03   1.6055427E-04  -4.1403322E-05
 -1.4695527E-05   1.1890079E-04  -3.5274377E-06   1.2331908E-04  -5.9214072E-03   1.3641040E-03  -3.2503684E-04  -3.7191790E-04  -3.3223281E-05   5.7940287E-01   1.4185927E-03   5.9929347E-02   7.6451654E+00  -1.1572260E+00  -8.7059846E-01  -1.2967618E+00  -1.5388034E-01   5.6409487E-01   3.1916920E+00   2.6101398E+00   2.6297080E+00   8.8640536E-04  -9.6470263E-04  -3.5816774E-03   5.6194693E-04  -9.8217924E-05  -6.8178252E-03  -1.9035873E-04  -3.8893822E-05
 -8.7709979E-06   2.1833141E-04  -1.6392021E-06   2.5433025E-04  -9.8044588E-03   1.7417105E-03   2.7115296E-04  -3.0799412E-04   1.1405737E-04  -5.6015738E+00   1.1650352E-01   2.4959776E+00  -8.5525442E+00   4.1940694E+00   5.5890015E+00   5.8264842E+00  -2.1723375E+00   4.9778977E-02   2.6101398E+00   1.0473533E+01   1.8664363E+01   6.3870625E-04  -1.4034686E-03  -6.8799727E-03   4.7063863E-04  -3.7328106E-03   7.4300223E-04  -3.8216919E-05   3.9241431E-04
  1.0975597E-05   2.0409668E-04   3.0737554E-05   5.1856834E-04  -2.3231766E-02  -5.0276761E-03   2.9547064E-03   1.1905438E-03   1.1358502E-03  -3.2599133E+01   1.5407023E-01   2.8610817E+00  -1.7222462E+01   5.7848757E+00   9.5742345E+00   3.3939444E+01  -2.6631930E+00  -1.6333659E-01   2.6297080E+00   1.8664363E+01   5.2651659E+01  -3.3792732E-03  -2.3866610E-03  -1.3073677E-02   7.6310450E-03  -6.8930295E-03   1.0656119E-02  -8.5431573E-06   9.5248325E-04
 -9.4745030E-08   3.7375429E-07   6.0449460E-08  -9.4298945E-07  -2.0508379E-05  -2.2412525E-05  -5.4086745E-06  -5.4176821E-06  -1.6569250E-06   3.9075767E-03  -1.9421479E-04  -1.1006531E-03   1.6576623E-02  -1.4995247E-03  -6.3861698E-03  -3.6591611E-03   7.7822474E-04   1.6815349E-04   8.8640536E-04   6.3870625E-04  -3.3792732E-03   1.4192887E-03   2.7077168E-04  -2.8708968E-05  -3.6544990E-04  -1.4451209E-04  -1.5688659E-04   1.8347662E-07  -1.5829320E-07
  5.0411026E-08  -1.2615177E-07   2.0798314E-07  -3.9038696E-07   1.1719428E-05  -8.5962453E-06  -1.9497149E-06  -3.1295883E-06  -4.4932593E-07   1.8995167E-03  -1.0896528E-04  -1.3897117E-04  -8.1207844E-03  -3.4618473E-04  -2.7009140E-03  -2.7148471E-03   1.7561995E-04   9.6793807E-04  -9.6470263E-04  -1.4034686E-03  -2.3866610E-03   2.7077168E-04   8.3200661E-04  -1.3750362E-05   7.0099147E-04   4.6630840E-05  -6.0592613E-04  -1.3428451E-07   1.8855059E-07
 -1.5138843E-07   2.3902862E-06  -3.0205071E-07  -1.0759249E-05  -7.8531651E-05   1.8588999E-05  -7.1930773E-06  -6.7217266E-06   3.6588201E-06   1.0472186E-03  -2.6275911E-04  -2.4158386E-04  -2.9783812E-02  -5.5178022E-03   1.4552038E-03   1.8010339E-02  -1.0674624E-04  -1.3626255E-03  -3.5816774E-03  -6.8799727E-03  -1.3073677E-02  -2.8708968E-05  -1.3750362E-05   7.0014177E-03  -3.7435846E-04   5.4401096E-04   4.4550793E-03   6.8071576E-07  -5.0271019E-07
 -1.9556023E-07   5.3678154E-06   4.1519265E-07  -9.7939137E-06  -3.8625542E-04  -5.2644781E-06  -1.2562214E-05  -4.0672041E-06   1.1830860E-06  -6.9267224E-03   1.2272088E-04  -2.3079564E-03   3.0260005E-02   3.9326416E-03  -5.5433592E-03   2.2708270E-03   2.8361609E-03  -1.9147105E-03   5.6194693E-04   4.7063863E-04   7.6310450E-03  -3.6544990E-04   7.0099147E-04  -3.7435846E-04   2.8692495E-03   4.7725009E-04  -8.4021153E-04  -3.7170820E-07   5.4923940E-07
 -2.1352376E-07   2.3163771E-06  -1.5981231E-07   8.1559810E-06   2.1773053E-05   1.0036350E-04   1.8038288E-05   5.4463516E-06  -1.0941399E-06  -2.3738150E-03  -2.0166790E-04  -1.1199768E-03  -2.6533240E-02   5.3183856E-03   4.9777336E-03   1.4278383E-02  -1.5668527E-03   2.5966949E-03  -9.8217924E-05  -3.7328106E-03  -6.8930295E-03  -1.4451209E-04   4.6630840E-05   5.4401096E-04   4.7725009E-04   6.6378908E-03   8.2223867E-03   1.0678505E-06  -1.3306366E-06
 -2.0430972E-06   3.4194079E-05  -3.6148138E-06  -5.0804561E-05  -1.3289740E-04   6.3956222E-04  -2.3132357E-05  -1.8053376E-05   1.0723953E-05   2.0597785E-02  -1.7532642E-03  -9.7232707E-03   1.9491087E-01   6.6440943E-02  -7.7281025E-03  -3.4501741E-03   1.3666047E-03   2.6230495E-03  -6.8178252E-03   7.4300223E-04   1.0656119E-02  -1.5688659E-04  -6.0592613E-04   4.4550793E-03  -8.4021153E-04   8.2223867E-03   7.1924870E-02   3.5174858E-06   2.1276366E-06
  4.3351289E-09   3.7212899E-10   5.1946787E-09  -1.6168104E-08  -3.0110246E-06  -4.8433510E-07   5.9154331E-08  -4.7303730E-08  -1.5353454E-08  -1.1768723E-04   2.8278329E-06   1.1782322E-04   3.5103478E-03   2.3276638E-05   3.6706956E-04   2.9390009E-04  -8.4741293E-05   1.6055427E-04  -1.9035873E-04  -3.8216919E-05  -8.5431573E-06   1.8347662E-07  -1.3428451E-07   6.8071576E-07  -3.7170820E-07   1.0678505E-06   3.5174858E-06   3.7355175E-07  -4.0831971E-09
 -2.1517557E-09   6.9970147E-08  -6.1009668E-09  -5.1787776E-08  -5.5667349E-07   2.1454287E-06  -4.9479767E-08  -9.9759870E-09  -1.7429529E-08   6.2058570E-04  -2.6855304E-06  -4.2805097E-05   6.5932056E-04   3.9235123E-05  -3.7679168E-04  -1.2120337E-03   2.5474136E-05  -4.1403322E-05  -3.8893822E-05   3.9241431E-04   9.5248325E-04  -1.5829320E-07   1.8855059E-07  -5.0271019E-07   5.4923940E-07  -1.3306366E-06   2.1276366E-06  -4.0831971E-09   3.8078460E-07
