# omegabh2 omegach2 theta tau logA ns nrun r calPlanck acib217 xi asz143 aps100 aps143 aps143217 aps217 aksz kgal100 kgal143 kgal143217 kgal217 galfTE100 galfTE100143 galfTE100217 galfTE143 galfTE143217 galfTE217 cal0 cal2
  2.3898608E-08  -1.1729617E-07   1.8933196E-08   2.8741730E-07   4.3846078E-07   2.7299992E-07  -2.9853832E-07   1.2838762E-06   3.7530322E-09  -3.3059979E-05   3.6038409E-07   1.0724494E-05  -1.5630013E-04  -1.1959716E-04  -5.8082855E-05  -1.8103647E-05  -1.7946237E-05   5.8258807E-06  -4.8797895E-06  -7.6869412E-06  -5.8722139E-06  -1.7733089E-08  -5.2594915E-08  -1.0947873E-07  -2.9059159E-07  -5.7040364E-07  -2.3775665E-06   4.6504000E-09  -1.3632829E-09
 -1.1729617E-07   1.9612216E-06  -1.5976219E-07  -2.1026632E-06   5.0764832E-07  -4.8338437E-06  -6.8910906E-07  -9.1917109E-06  -1.2116470E-07   2.5745552E-04  -1.7069874E-06  -1.4313409E-04   2.1731370E-03   1.3619704E-03   6.1546476E-04   3.2945074E-04   1.6819932E-04  -1.9325645E-05  -3.8931282E-06  -1.0586843E-05  -5.3804014E-05  -4.8888708E-08  -1.4064005E-08  -9.9148898E-07   1.9135544E-06   3.3763492E-06   1.6980369E-05  -9.2864046E-09   5.5195565E-09
  1.8933196E-08  -1.5976219E-07   1.0059248E-07   2.6081637E-07   2.1032755E-07   5.0918039E-07  -2.7135061E-08   8.0908686E-07  -9.0187293E-09  -2.7959174E-06   5.7714404E-07   9.9326113E-06  -1.0981153E-04  -7.2152082E-05  -3.3154616E-05  -4.3561265E-05  -1.1552497E-05   3.8972957E-06   2.3412945E-06   2.6341994E-06  -1.2992025E-05  -9.9011622E-08  -6.7487618E-08   1.7878887E-07  -1.7209471E-07  -6.7731237E-07  -2.3738650E-06   2.6244726E-09  -1.7115068E-09
  2.8741730E-07  -2.1026632E-06   2.6081637E-07   5.4696391E-05   1.0563715E-04   6.1434596E-06  -1.1507764E-05   4.1264879E-05  -5.7183382E-07  -3.2184255E-04   1.2574500E-05  -1.7676964E-04  -6.8725358E-04  -5.4505219E-04  -8.3119355E-04  -1.6359410E-04  -7.7185122E-05   2.0716106E-04  -7.1187630E-06  -1.4096365E-04  -3.3917553E-04   1.5933650E-06  -8.0271446E-07  -5.1586625E-06  -3.6171686E-06  -3.8153637E-07  -5.3176469E-05   7.3955607E-08   2.1298655E-08
  4.3846078E-07   5.0764832E-07   2.1032755E-07   1.0563715E-04   2.4526126E-04  -2.2310455E-06  -3.5004412E-05   8.5403180E-05   1.0856496E-05   1.2887894E-03   6.2017535E-05  -9.9477812E-04   1.4043198E-02   7.2598031E-03   3.7012755E-03   5.6669182E-03   1.4447949E-05   6.9830442E-05  -4.8253962E-04  -5.5792583E-04   4.2720000E-04   5.9702429E-06  -1.1135468E-06  -1.2259311E-05  -2.4444168E-06   2.2018801E-06  -6.5123236E-05   2.9407575E-07   5.0256440E-08
  2.7299992E-07  -4.8338437E-06   5.0918039E-07   6.1434596E-06  -2.2310455E-06   2.2335138E-05   7.7866889E-06   3.5687423E-05   3.1143278E-07  -5.4420674E-03   1.0026372E-04   1.4596522E-03  -3.0288499E-02  -1.0011252E-02   9.1663010E-04   5.2240859E-03  -3.0943818E-03   2.6664022E-04  -3.8829178E-04  -3.8910563E-04   1.3684874E-03  -1.7373009E-07   6.3726983E-07   3.8455600E-06  -3.2474183E-06  -4.1487639E-06  -3.5855692E-05  -8.7679742E-08  -1.1757757E-07
 -2.9853832E-07  -6.8910906E-07  -2.7135061E-08  -1.1507764E-05  -3.5004412E-05   7.7866889E-06   5.5079880E-05  -1.6719924E-04   4.3876731E-07  -7.9942817E-03   1.6356524E-04   2.0817326E-03  -3.6902559E-02  -1.6491649E-02  -1.3871977E-03   4.5787049E-03  -3.7598944E-03  -4.0437332E-04  -5.9582332E-04  -5.0395316E-04   2.0963217E-03  -3.6637456E-06  -2.5906935E-06   4.6157373E-06  -2.0480899E-06   8.2840026E-06   4.5280183E-05  -1.5338743E-07  -1.9123686E-07
  1.2838762E-06  -9.1917109E-06   8.0908686E-07   4.1264879E-05   8.5403180E-05   3.5687423E-05  -1.6719924E-04   2.7319858E-03   1.5360718E-06   1.7053375E-02  -2.9604198E-04  -2.5962816E-03   5.6275415E-02   3.2347247E-02   7.6829540E-03  -5.4512534E-03   5.1106860E-03  -4.1361823E-04   4.6820770E-04   1.5097519E-03  -4.6662616E-03   4.4524287E-05   4.5754134E-05  -4.0320563E-07   1.1065763E-04  -2.7712027E-05  -1.9614947E-04   1.8510834E-07   3.4480866E-07
  3.7530322E-09  -1.2116470E-07  -9.0187293E-09  -5.7183382E-07   1.0856496E-05   3.1143278E-07   4.3876731E-07   1.5360718E-06   6.1506715E-06   6.5227916E-04   1.4264426E-05   5.4587851E-05   3.3253580E-03   6.4764600E-04   7.9296526E-04   1.4137388E-03  -8.9707524E-05  -4.8757235E-05  -1.5658874E-05   4.3107546E-05   8.1436427E-04   1.3467318E-06   1.2513391E-07   7.0090430E-07   3.5085011E-07  -1.0353732E-06   7.4928738E-06  -8.3631270E-09  -1.4961216E-08
 -3.3059979E-05   2.5745552E-04  -2.7959174E-06  -3.2184255E-04   1.2887894E-03  -5.4420674E-03  -7.9942817E-03   1.7053375E-02   6.5227916E-04   4.5753844E+01  -4.0127904E-01  -1.0176781E+00   3.8376751E+01   3.2811989E+00  -1.3184939E+01  -5.5904651E+01   4.4794114E-01   1.7520318E-01   7.3063303E-01  -5.5699670E+00  -3.3396039E+01   8.5872263E-04   6.3615977E-04   3.2706520E-03   4.7875977E-04  -5.1865327E-03   6.5509679E-03  -1.6178558E-04   7.9512880E-04
  3.6038409E-07  -1.7069874E-06   5.7714404E-07   1.2574500E-05   6.2017535E-05   1.0026372E-04   1.6356524E-04  -2.9604198E-04   1.4264426E-05  -4.0127904E-01   8.1767742E-02  -5.1972438E-02  -4.9391663E-01   8.4219077E-01   1.6039265E+00   6.1102199E-01   4.6602779E-02  -8.9351049E-03   8.4997867E-03   8.6248680E-02   1.1990646E-01   4.2944983E-05   3.2567381E-05  -6.3368464E-05  -5.3033387E-05  -1.6635736E-04   2.0818169E-04   2.5847128E-06  -3.2447684E-06
  1.0724494E-05  -1.4313409E-04   9.9326113E-06  -1.7676964E-04  -9.9477812E-04   1.4596522E-03   2.0817326E-03  -2.5962816E-03   5.4587851E-05  -1.0176781E+00  -5.1972438E-02   4.0740483E+00  -3.2549567E+01  -3.7218510E+00   7.9998324E+00   5.8285799E+00  -3.1497031E+00  -1.9020991E-01   1.4416266E-01   2.7118947E+00   3.4031419E+00  -3.4349998E-04  -5.1998165E-04   8.4999317E-04  -1.0062058E-03   6.5067846E-04  -5.0518872E-03   1.0531874E-04  -4.8547187E-05
 -1.5630013E-04   2.1731370E-03  -1.0981153E-04  -6.8725358E-04   1.4043198E-02  -3.0288499E-02  -3.6902559E-02   5.6275415E-02   3.3253580E-03   3.8376751E+01  -4.9391663E-01  -3.2549567E+01   8.0110026E+02   7.5227923E+01  -5.7167262E+01  -6.4814238E+01   1.8523324E+01  -6.0593618E+00   6.0212568E+00  -1.2144735E+01  -2.3797549E+01   3.0569863E-03   6.5775809E-04   1.8032004E-04   9.3480099E-03  -7.4569488E-03   5.2041070E-02   3.8455436E-03   7.7140638E-04
 -1.1959716E-04   1.3619704E-03  -7.2152082E-05  -5.4505219E-04   7.2598031E-03  -1.0011252E-02  -1.6491649E-02   3.2347247E-02   6.4764600E-04   3.2811989E+00   8.4219077E-01  -3.7218510E+00   7.5227923E+01   6.5481319E+01   4.0273393E+01   1.5018709E+01  -4.1031412E+00  -3.2350799E-01  -1.2440942E+00   3.6880057E+00   4.4096274E+00  -5.1967948E-04   1.1674436E-03  -9.7948143E-04   3.9675860E-03  -6.1563324E-03   1.4845619E-02   1.2374823E-04   2.0952438E-04
 -5.8082855E-05   6.1546476E-04  -3.3154616E-05  -8.3119355E-04   3.7012755E-03   9.1663010E-04  -1.3871977E-03   7.6829540E-03   7.9296526E-04  -1.3184939E+01   1.6039265E+00   7.9998324E+00  -5.7167262E+01   4.0273393E+01   8.5553284E+01   5.5149579E+01  -1.2840178E+01  -7.5409383E-01  -6.1534113E-01   5.0592817E+00   8.6021329E+00  -8.1398108E-04  -1.3861277E-04   1.4970286E-03   7.9933770E-04  -2.0640070E-03  -1.0021337E-02   4.1735383E-04  -3.9070714E-04
 -1.8103647E-05   3.2945074E-04  -4.3561265E-05  -1.6359410E-04   5.6669182E-03   5.2240859E-03   4.5787049E-03  -5.4512534E-03   1.4137388E-03  -5.5904651E+01   6.1102199E-01   5.8285799E+00  -6.4814238E+01   1.5018709E+01   5.5149579E+01   1.0641659E+02  -1.0646213E+01  -6.3692618E-01  -1.3611505E+00   5.4369502E+00   3.3577219E+01  -2.3253650E-03  -1.0547179E-03  -2.5849938E-03   2.7394252E-03   1.0874430E-02  -1.0443195E-02   4.1439338E-04  -1.4256953E-03
 -1.7946237E-05   1.6819932E-04  -1.1552497E-05  -7.7185122E-05   1.4447949E-05  -3.0943818E-03  -3.7598944E-03   5.1106860E-03  -8.9707524E-05   4.4794114E-01   4.6602779E-02  -3.1497031E+00   1.8523324E+01  -4.1031412E+00  -1.2840178E+01  -1.0646213E+01   6.7048237E+00   1.1430145E-01  -1.8377412E-01  -2.2649753E+00  -2.7625118E+00   1.7433511E-03   5.2210234E-04  -2.5108337E-03   5.8091866E-05  -2.3514744E-03  -8.2220598E-04  -7.3797646E-05   2.1681327E-05
  5.8258807E-06  -1.9325645E-05   3.8972957E-06   2.0716106E-04   6.9830442E-05   2.6664022E-04  -4.0437332E-04  -4.1361823E-04  -4.8757235E-05   1.7520318E-01  -8.9351049E-03  -1.9020991E-01  -6.0593618E+00  -3.2350799E-01  -7.5409383E-01  -6.3692618E-01   1.1430145E-01   3.4007662E+00   5.1936418E-01   1.6204467E-01   1.3412642E-01  -1.4300717E-04   3.8256654E-04   1.9335943E-03  -1.1546287E-03   5.5186702E-04  -3.3580910E-03   1.9530382E-04   7.6572291E-06
 -4.8797895E-06  -3.8931282E-06   2.3412945E-06  -7.1187630E-06  -4.8253962E-04  -3.8829178E-04  -5.9582332E-04   4.6820770E-04  -1.5658874E-05   7.3063303E-01   8.4997867E-03   1.4416266E-01   6.0212568E+00  -1.2440942E+00  -6.1534113E-01  -1.3611505E+00  -1.8377412E-01   5.1936418E-01   3.1407859E+00   2.6421312E+00   2.5383544E+00  -8.1454210E-04  -3.4363020E-04   7.9360801E-04  -3.0067087E-04   1.6530531E-05  -4.0158773E-03  -1.7541422E-04  -3.7993280E-05
 -7.6869412E-06  -1.0586843E-05   2.6341994E-06  -1.4096365E-04  -5.5792583E-04  -3.8910563E-04  -5.0395316E-04   1.5097519E-03   4.3107546E-05  -5.5699670E+00   8.6248680E-02   2.7118947E+00  -1.2144735E+01   3.6880057E+00   5.0592817E+00   5.4369502E+00  -2.2649753E+00   1.6204467E-01   2.6421312E+00   1.0786479E+01   1.9230688E+01  -1.3287252E-03  -5.5686149E-04  -5.5007170E-04  -8.6523683E-04  -3.2257036E-04  -4.6108777E-03  -1.5937495E-05   4.0207339E-04
 -5.8722139E-06  -5.3804014E-05  -1.2992025E-05  -3.3917553E-04   4.2720000E-04   1.3684874E-03   2.0963217E-03  -4.6662616E-03   8.1436427E-04  -3.3396039E+01   1.1990646E-01   3.4031419E+00  -2.3797549E+01   4.4096274E+00   8.6021329E+00   3.3577219E+01  -2.7625118E+00   1.3412642E-01   2.5383544E+00   1.9230688E+01   5.3724779E+01  -2.1189508E-03  -6.1738571E-04  -1.5818184E-03  -1.0001209E-03   1.3120885E-03  -1.0878145E-02   7.2446086E-05   8.9472012E-04
 -1.7733089E-08  -4.8888708E-08  -9.9011622E-08   1.5933650E-06   5.9702429E-06  -1.7373009E-07  -3.6637456E-06   4.4524287E-05   1.3467318E-06   8.5872263E-04   4.2944983E-05  -3.4349998E-04   3.0569863E-03  -5.1967948E-04  -8.1398108E-04  -2.3253650E-03   1.7433511E-03  -1.4300717E-04  -8.1454210E-04  -1.3287252E-03  -2.1189508E-03   1.4591638E-03   2.6580372E-04   5.7327428E-05  -3.8674892E-04  -1.3297584E-04  -6.4249349E-05   2.6724867E-07   3.0203231E-08
 -5.2594915E-08  -1.4064005E-08  -6.7487618E-08  -8.0271446E-07  -1.1135468E-06   6.3726983E-07  -2.5906935E-06   4.5754134E-05   1.2513391E-07   6.3615977E-04   3.2567381E-05  -5.1998165E-04   6.5775809E-04   1.1674436E-03  -1.3861277E-04  -1.0547179E-03   5.2210234E-04   3.8256654E-04  -3.4363020E-04  -5.5686149E-04  -6.1738571E-04   2.6580372E-04   8.6515176E-04   2.1369316E-05   7.4367247E-04   7.0558024E-05  -6.7953477E-04   1.5978955E-07   1.9717340E-07
 -1.0947873E-07  -9.9148898E-07   1.7878887E-07  -5.1586625E-06  -1.2259311E-05   3.8455600E-06   4.6157373E-06  -4.0320563E-07   7.0090430E-07   3.2706520E-03  -6.3368464E-05   8.4999317E-04   1.8032004E-04  -9.7948143E-04   1.4970286E-03  -2.5849938E-03  -2.5108337E-03   1.9335943E-03   7.9360801E-04  -5.5007170E-04  -1.5818184E-03   5.7327428E-05   2.1369316E-05   7.0740238E-03  -2.8881284E-04   6.7440387E-04   4.3106119E-03   1.5355501E-07  -2.5163286E-07
 -2.9059159E-07   1.9135544E-06  -1.7209471E-07  -3.6171686E-06  -2.4444168E-06  -3.2474183E-06  -2.0480899E-06   1.1065763E-04   3.5085011E-07   4.7875977E-04  -5.3033387E-05  -1.0062058E-03   9.3480099E-03   3.9675860E-03   7.9933770E-04   2.7394252E-03   5.8091866E-05  -1.1546287E-03  -3.0067087E-04  -8.6523683E-04  -1.0001209E-03  -3.8674892E-04   7.4367247E-04  -2.8881284E-04   2.9407583E-03   5.8217393E-04  -9.7707491E-04   3.0930064E-07   3.5529895E-07
 -5.7040364E-07   3.3763492E-06  -6.7731237E-07  -3.8153637E-07   2.2018801E-06  -4.1487639E-06   8.2840026E-06  -2.7712027E-05  -1.0353732E-06  -5.1865327E-03  -1.6635736E-04   6.5067846E-04  -7.4569488E-03  -6.1563324E-03  -2.0640070E-03   1.0874430E-02  -2.3514744E-03   5.5186702E-04   1.6530531E-05  -3.2257036E-04   1.3120885E-03  -1.3297584E-04   7.0558024E-05   6.7440387E-04   5.8217393E-04   6.3486742E-03   7.8003879E-03   1.5739096E-07  -2.8046999E-07
 -2.3775665E-06   1.6980369E-05  -2.3738650E-06  -5.3176469E-05  -6.5123236E-05  -3.5855692E-05   4.5280183E-05  -1.9614947E-04   7.4928738E-06   6.5509679E-03   2.0818169E-04  -5.0518872E-03   5.2041070E-02   1.4845619E-02  -1.0021337E-02  -1.0443195E-02  -8.2220598E-04  -3.3580910E-03  -4.0158773E-03  -4.6108777E-03  -1.0878145E-02  -6.4249349E-05  -6.7953477E-04   4.3106119E-03  -9.7707491E-04   7.8003879E-03   7.0830550E-02   6.6270306E-08  -2.0464462E-06
  4.6504000E-09  -9.2864046E-09   2.6244726E-09   7.3955607E-08   2.9407575E-07  -8.7679742E-08  -1.5338743E-07   1.8510834E-07  -8.3631270E-09  -1.6178558E-04   2.5847128E-06   1.0531874E-04   3.8455436E-03   1.2374823E-04   4.1735383E-04   4.1439338E-04  -7.3797646E-05   1.9530382E-04  -1.7541422E-04  -1.5937495E-05   7.2446086E-05   2.6724867E-07   1.5978955E-07   1.5355501E-07   3.0930064E-07   1.5739096E-07   6.6270306E-08   3.7847668E-07   2.5382381E-09
 -1.3632829E-09   5.5195565E-09  -1.7115068E-09   2.1298655E-08   5.0256440E-08  -1.1757757E-07  -1.9123686E-07   3.4480866E-07  -1.4961216E-08   7.9512880E-04  -3.2447684E-06  -4.8547187E-05   7.7140638E-04   2.0952438E-04  -3.9070714E-04  -1.4256953E-03   2.1681327E-05   7.6572291E-06  -3.7993280E-05   4.0207339E-04   8.9472012E-04   3.0203231E-08   1.9717340E-07  -2.5163286E-07   3.5529895E-07  -2.8046999E-07  -2.0464462E-06   2.5382381E-09   3.9158830E-07
