# omegabh2 omegach2 theta tau nnu logA ns calPlanck aps100 aps143 aps217 acib217 asz143 psr cibr xi aksz dust100 dust143 dust217 dust143x217 cal0 cal2 calTE calEE
  5.0639470E-08   3.8255622E-07  -3.8938605E-08   2.9531245E-07   3.5983487E-05   1.7733607E-06   1.6620954E-06   1.6796518E-08   4.9278048E-04   1.6746775E-04  -1.4254740E-04   1.2792550E-04  -1.2328897E-05  -1.4614207E-06   2.2287200E-06  -2.4543343E-06   3.8757816E-05   1.1874109E-06   9.1488049E-07  -3.2210365E-07   5.0787340E-07   3.4124004E-09   1.2362572E-08   1.7106677E-07   2.2950887E-07
  3.8255622E-07   1.1434356E-05  -1.2414776E-06   6.9386512E-08   6.9381199E-04   3.0646677E-05   2.1360595E-05  -1.1965529E-07   1.7343504E-02   1.0340020E-02  -3.1229662E-03   4.7979947E-03  -6.3996500E-04  -4.5119488E-05   9.6510722E-05  -4.9136925E-05   1.3334605E-03   1.6882550E-05   1.8193585E-05  -1.6502371E-05   9.0081638E-06  -1.9529963E-08   4.0770186E-07   4.1917707E-06   8.2271518E-06
 -3.8938605E-08  -1.2414776E-06   2.2317081E-07   3.7783507E-08  -7.8610813E-05  -3.1840679E-06  -2.4411413E-06   6.7793498E-09  -1.9899864E-03  -1.1431380E-03   4.3038894E-04  -5.7598509E-04   7.0834962E-05   5.1437743E-06  -1.1493065E-05   5.6787517E-06  -1.4528418E-04  -1.5086717E-06  -2.5410611E-06   2.0826150E-06  -1.0778373E-06   4.1402934E-09  -4.8963165E-08  -5.4480180E-07  -9.4104109E-07
  2.9531245E-07   6.9386512E-08   3.7783507E-08   4.2311864E-05   1.4478763E-04   8.5118876E-05   1.2864738E-05  -1.7543378E-07  -5.5450887E-03  -3.4249144E-03   2.0091207E-03  -1.7663861E-03   2.1538550E-04   2.2370759E-05  -3.2615173E-05   2.8398158E-06  -3.9727807E-04   2.0027493E-05  -2.3344010E-05   2.7950356E-06  -1.3073563E-05   1.2443821E-07  -1.8597371E-07  -1.0198293E-06   4.4519485E-07
  3.5983487E-05   6.9381199E-04  -7.8610813E-05   1.4478763E-04   5.0352884E-02   2.1833756E-03   1.8637473E-03  -4.2457118E-06   1.2025414E+00   6.5755432E-01  -2.6103274E-01   3.3947664E-01  -4.2064444E-02  -3.2252566E-03   6.6347263E-03  -3.7054255E-03   9.4371805E-02   1.2987264E-03   1.8547533E-03  -1.2508679E-03   7.3763381E-04  -1.3651960E-06   2.7050429E-05   3.4052267E-04   6.4634665E-04
  1.7733607E-06   3.0646677E-05  -3.1840679E-06   8.5118876E-05   2.1833756E-03   2.8117575E-04   8.4530666E-05   1.1449590E-05   3.9770790E-02   2.1725439E-02   3.0936268E-03   8.0972796E-03  -1.1319413E-03  -5.1660127E-05   1.4244915E-04  -9.0730811E-05   1.6999558E-03   7.8537325E-05  -9.9619496E-05  -1.4072968E-05  -1.1802756E-05   9.0954363E-07   7.4923398E-07   9.0825759E-06   2.5534538E-05
  1.6620954E-06   2.1360595E-05  -2.4411413E-06   1.2864738E-05   1.8637473E-03   8.4530666E-05   8.9025283E-05   2.3962681E-07   2.3403154E-02   1.5142886E-02  -2.9697479E-03   7.1033964E-03  -1.0305455E-03  -5.7601756E-05   1.2840095E-04  -1.0631802E-04   1.6438528E-03   6.2655380E-05   5.9002552E-05  -2.0317047E-05   2.4217515E-05  -3.5659695E-07   6.6126525E-07   1.3244006E-05   2.1750591E-05
  1.6796518E-08  -1.1965529E-07   6.7793498E-09  -1.7543378E-07  -4.2457118E-06   1.1449590E-05   2.3962681E-07   6.0131419E-06   2.4164474E-03   1.3637059E-04   1.3598683E-03   4.3574136E-04   2.8778388E-05   2.5346847E-07   3.6729518E-08  -2.1057532E-07  -1.1065309E-04   2.9101070E-06  -3.6690246E-06   6.8545176E-06   1.3090467E-07   1.0543147E-08  -4.3982965E-09  -4.5784676E-07  -2.6817834E-07
  4.9278048E-04   1.7343504E-02  -1.9899864E-03  -5.5450887E-03   1.2025414E+00   3.9770790E-02   2.3403154E-02   2.4164474E-03   6.2622669E+02   7.6179859E+01  -5.2138067E+01   3.3753880E+01  -2.5657284E+01  -9.5327233E-01   9.1465709E-02  -2.5691775E-01   1.2410244E+01  -2.3531403E-01   3.0435953E-01  -2.5645813E-01  -2.4649990E-01   6.4042745E-03   2.9782629E-03   7.9353920E-03   2.3168530E-02
  1.6746775E-04   1.0340020E-02  -1.1431380E-03  -3.4249144E-03   6.5755432E-01   2.1725439E-02   1.5142886E-02   1.3637059E-04   7.6179859E+01   7.5670130E+01   4.4451810E+00   1.1530023E+01  -1.0248529E+00  -9.6414823E-02   5.6969438E-01   8.6433382E-01  -6.7926887E+00  -3.9977657E-02  -2.0579951E-01   2.8140554E-02   5.9960430E-02   8.5317347E-04   1.0545083E-03   6.3107613E-03   1.2993564E-02
 -1.4254740E-04  -3.1229662E-03   4.3038894E-04   2.0091207E-03  -2.6103274E-01   3.0936268E-03  -2.9697479E-03   1.3598683E-03  -5.2138067E+01   4.4451810E+00   1.6738940E+02  -8.0278710E+01   2.7833759E+00   3.2450640E-01  -1.0414760E+00   3.1581253E-01  -7.0424218E+00  -1.9738125E-02  -2.5787597E-01   5.4270905E-01  -1.8116791E-02   1.8110424E-03  -7.3523354E-03   1.3282812E-03  -7.6982506E-04
  1.2792550E-04   4.7979947E-03  -5.7598509E-04  -1.7663861E-03   3.3947664E-01   8.0972796E-03   7.1033964E-03   4.3574136E-04   3.3753880E+01   1.1530023E+01  -8.0278710E+01   5.1936696E+01   1.3620390E+00  -4.5377851E-02   7.5046781E-01  -2.4422140E-01  -2.2988328E+00   1.7019459E-02   1.6218586E-01  -4.5649523E-01  -1.1162364E-01  -6.1630986E-04   3.0033165E-03   1.3746747E-03   4.4240886E-03
 -1.2328897E-05  -6.3996500E-04   7.0834962E-05   2.1538550E-04  -4.2064444E-02  -1.1319413E-03  -1.0305455E-03   2.8778388E-05  -2.5657284E+01  -1.0248529E+00   2.7833759E+00   1.3620390E+00   4.3389364E+00   1.0846931E-01   1.4486135E-01  -3.6456048E-02  -3.5212618E+00  -1.8734506E-04  -1.0437695E-02   8.7715060E-03   5.3219087E-02   4.8741229E-04  -2.6773382E-04  -3.4085279E-04  -8.5848025E-04
 -1.4614207E-06  -4.5119488E-05   5.1437743E-06   2.2370759E-05  -3.2252566E-03  -5.1660127E-05  -5.7601756E-05   2.5346847E-07  -9.5327233E-01  -9.6414823E-02   3.2450640E-01  -4.5377851E-02   1.0846931E-01   1.7065966E-02  -1.7252101E-02   1.1528751E-02  -1.0558023E-01  -2.9262134E-04  -1.6204533E-03  -2.9947634E-03   4.7102355E-03   2.0255264E-05  -4.0109098E-05  -1.4661662E-06  -3.8997062E-05
  2.2287200E-06   9.6510722E-05  -1.1493065E-05  -3.2615173E-05   6.6347263E-03   1.4244915E-04   1.2840095E-04   3.6729518E-08   9.1465709E-02   5.6969438E-01  -1.0414760E+00   7.5046781E-01   1.4486135E-01  -1.7252101E-02   6.9876090E-02   4.4853080E-03  -1.5069763E-01   8.5748302E-04   7.9007393E-03  -3.4138596E-04  -1.7371439E-02  -1.1565201E-05   9.3700276E-05   1.4076968E-05   8.2078395E-05
 -2.4543343E-06  -4.9136925E-05   5.6787517E-06   2.8398158E-06  -3.7054255E-03  -9.0730811E-05  -1.0631802E-04  -2.1057532E-07  -2.5691775E-01   8.6433382E-01   3.1581253E-01  -2.4422140E-01  -3.6456048E-02   1.1528751E-02   4.4853080E-03   8.3292526E-02   3.2396850E-02  -1.2878501E-03  -5.9299687E-05   6.2946663E-04   1.0475931E-04   1.5719891E-05  -1.0728525E-05   9.9097030E-06  -1.1725232E-05
  3.8757816E-05   1.3334605E-03  -1.4528418E-04  -3.9727807E-04   9.4371805E-02   1.6999558E-03   1.6438528E-03  -1.1065309E-04   1.2410244E+01  -6.7926887E+00  -7.0424218E+00  -2.2988328E+00  -3.5212618E+00  -1.0558023E-01  -1.5069763E-01   3.2396850E-02   7.3171701E+00   2.7169231E-03   4.8146172E-03  -2.1871510E-03  -4.1926461E-02  -4.1159865E-04   1.1678188E-04   4.2255665E-04   1.2212738E-03
  1.1874109E-06   1.6882550E-05  -1.5086717E-06   2.0027493E-05   1.2987264E-03   7.8537325E-05   6.2655380E-05   2.9101070E-06  -2.3531403E-01  -3.9977657E-02  -1.9738125E-02   1.7019459E-02  -1.8734506E-04  -2.9262134E-04   8.5748302E-04  -1.2878501E-03   2.7169231E-03   3.8613178E-02   2.8046475E-03  -2.1742706E-04   5.7757350E-05   3.5757713E-05  -4.6425370E-06   6.1266568E-06  -5.0102392E-06
  9.1488049E-07   1.8193585E-05  -2.5410611E-06  -2.3344010E-05   1.8547533E-03  -9.9619496E-05   5.9002552E-05  -3.6690246E-06   3.0435953E-01  -2.0579951E-01  -2.5787597E-01   1.6218586E-01  -1.0437695E-02  -1.6204533E-03   7.9007393E-03  -5.9299687E-05   4.8146172E-03   2.8046475E-03   3.1381268E-02  -8.5440748E-04   4.6815598E-03  -8.2805535E-05  -4.7483984E-05  -6.6752872E-05  -3.6438601E-05
 -3.2210365E-07  -1.6502371E-05   2.0826150E-06   2.7950356E-06  -1.2508679E-03  -1.4072968E-05  -2.0317047E-05   6.8545176E-06  -2.5645813E-01   2.8140554E-02   5.4270905E-01  -4.5649523E-01   8.7715060E-03  -2.9947634E-03  -3.4138596E-04   6.2946663E-04  -2.1871510E-03  -2.1742706E-04  -8.5440748E-04   1.0962386E-02   8.6026333E-03   3.9648820E-06   6.5158719E-05  -3.8014431E-06  -1.8620971E-05
  5.0787340E-07   9.0081638E-06  -1.0778373E-06  -1.3073563E-05   7.3763381E-04  -1.1802756E-05   2.4217515E-05   1.3090467E-07  -2.4649990E-01   5.9960430E-02  -1.8116791E-02  -1.1162364E-01   5.3219087E-02   4.7102355E-03  -1.7371439E-02   1.0475931E-04  -4.1926461E-02   5.7757350E-05   4.6815598E-03   8.6026333E-03   2.5899948E-02  -1.1843837E-06   5.9569378E-05  -8.3458724E-06   1.1479011E-07
  3.4124004E-09  -1.9529963E-08   4.1402934E-09   1.2443821E-07  -1.3651960E-06   9.0954363E-07  -3.5659695E-07   1.0543147E-08   6.4042745E-03   8.5317347E-04   1.8110424E-03  -6.1630986E-04   4.8741229E-04   2.0255264E-05  -1.1565201E-05   1.5719891E-05  -4.1159865E-04   3.5757713E-05  -8.2805535E-05   3.9648820E-06  -1.1843837E-06   1.1226625E-06   3.1736001E-08   3.8254044E-07   5.5467026E-07
  1.2362572E-08   4.0770186E-07  -4.8963165E-08  -1.8597371E-07   2.7050429E-05   7.4923398E-07   6.6126525E-07  -4.3982965E-09   2.9782629E-03   1.0545083E-03  -7.3523354E-03   3.0033165E-03  -2.6773382E-04  -4.0109098E-05   9.3700276E-05  -1.0728525E-05   1.1678188E-04  -4.6425370E-06  -4.7483984E-05   6.5158719E-05   5.9569378E-05   3.1736001E-08   2.4904916E-06   4.0121194E-07   4.4584520E-07
  1.7106677E-07   4.1917707E-06  -5.4480180E-07  -1.0198293E-06   3.4052267E-04   9.0825759E-06   1.3244006E-05  -4.5784676E-07   7.9353920E-03   6.3107613E-03   1.3282812E-03   1.3746747E-03  -3.4085279E-04  -1.4661662E-06   1.4076968E-05   9.9097030E-06   4.2255665E-04   6.1266568E-06  -6.6752872E-05  -3.8014431E-06  -8.3458724E-06   3.8254044E-07   4.0121194E-07   2.6401524E-05   1.2406209E-05
  2.2950887E-07   8.2271518E-06  -9.4104109E-07   4.4519485E-07   6.4634665E-04   2.5534538E-05   2.1750591E-05  -2.6817834E-07   2.3168530E-02   1.2993564E-02  -7.6982506E-04   4.4240886E-03  -8.5848025E-04  -3.8997062E-05   8.2078395E-05  -1.1725232E-05   1.2212738E-03  -5.0102392E-06  -3.6438601E-05  -1.8620971E-05   1.1479011E-07   5.5467026E-07   4.4584520E-07   1.2406209E-05   3.2055839E-05
