# omegabh2 omegach2 theta tau w wa logA ns calPlanck aps100 aps143 aps217 acib217 asz143 psr cibr xi aksz dust100 dust143 dust217 dust143x217 cal0 cal2 calTE calEE
  2.3442602E-08  -8.9424295E-08   1.4022379E-08   1.7232959E-07  -4.4211155E-07   8.6300468E-06   2.0938210E-07   2.7217015E-07   9.5117595E-09  -3.4784055E-04  -2.5379616E-04   7.7412262E-05  -1.2350750E-04   1.6201492E-05   7.7154295E-07  -2.0092466E-06   8.2175419E-07  -2.9400121E-05   5.0601758E-07  -1.1861726E-07   7.5166327E-07  -1.2223331E-08   2.2441369E-09  -5.6145578E-09  -8.1733660E-08  -2.4912161E-07
 -8.9424295E-08   1.6335316E-06  -1.2529377E-07  -1.6148289E-06   1.4110615E-05  -1.5854359E-04   3.4851980E-07  -3.6478338E-06  -1.6767649E-07   7.5139930E-05   6.3641768E-04   2.6624576E-04   7.6588979E-05  -2.0543778E-05   9.9091148E-07   9.6763697E-07  -2.3575172E-07   2.0063826E-05  -3.1006227E-06  -1.6504811E-06  -3.9118136E-07   4.4985047E-07  -2.3335412E-08   8.5266857E-09  -4.8915056E-07  -7.9387883E-07
  1.4022379E-08  -1.2529377E-07   9.4772017E-08   1.8996591E-07  -1.5767973E-06   1.7951323E-05   2.1474691E-07   4.1448603E-07   2.5661154E-08  -2.4977223E-05  -3.8270795E-05  -2.3341144E-05  -1.4541628E-05   3.7579864E-06  -7.5639552E-09   2.2850335E-07   5.3119835E-07  -4.5278819E-06   8.6048217E-07   4.6542735E-07   5.0921926E-07   5.3810824E-07   2.8272330E-09   3.3272171E-09  -9.5334215E-09   5.0726259E-08
  1.7232959E-07  -1.6148289E-06   1.8996591E-07   4.1193054E-05  -2.8801533E-05   2.2573630E-04   7.8613020E-05   5.8639475E-06   5.2615076E-08  -7.6527522E-03  -3.2297089E-03   2.4938745E-03  -2.0354369E-03   2.8931238E-04   3.1092303E-05  -6.2230719E-05   1.6058071E-05  -7.6621988E-04  -2.9189238E-06  -4.9070829E-06   2.8643541E-06  -4.2386856E-07   3.4299221E-08  -2.7186020E-07  -2.5034771E-06  -1.5348528E-06
 -4.4211155E-07   1.4110615E-05  -1.5767973E-06  -2.8801533E-05   6.6013283E-03  -2.2903611E-02  -2.7378739E-05  -2.8098899E-05  -1.8118487E-06  -1.5166429E-02  -6.0231723E-03   9.2233654E-03  -6.9406938E-03   1.3865447E-04   3.3284786E-05  -7.0418782E-05  -1.4782200E-04  -9.2025396E-04   1.7465633E-05   4.9763434E-05   3.1247749E-05  -1.2781997E-06   9.0711822E-09  -1.4880620E-06  -1.5984698E-05  -1.5469517E-05
  8.6300468E-06  -1.5854359E-04   1.7951323E-05   2.2573630E-04  -2.2903611E-02   9.7655413E-02   1.2407798E-04   3.5983979E-04   2.4127863E-05   2.7251141E-02  -2.8105630E-02  -3.1255809E-02   1.0276353E-02   2.5546411E-03  -3.3278873E-05   2.3577373E-04   6.7053440E-04  -1.8925177E-03   4.0842327E-04  -3.6797378E-04   4.2225255E-05  -1.1550510E-04   3.4719011E-06   5.7746083E-06   9.4750841E-05   9.9845583E-05
  2.0938210E-07   3.4851980E-07   2.1474691E-07   7.8613020E-05  -2.7378739E-05   1.2407798E-04   1.8734634E-04   2.3694389E-06   1.2674196E-05  -8.8997953E-03  -2.7373760E-03   1.4476437E-02  -5.4487091E-03   5.1143239E-04   9.0773488E-05  -1.7811601E-04   7.9777506E-05  -2.5492525E-03  -3.2000603E-05  -1.2004117E-04   2.9142132E-05  -1.6961925E-05   7.2516517E-07  -6.2356195E-07  -6.3811298E-06  -2.4800067E-06
  2.7217015E-07  -3.6478338E-06   4.1448603E-07   5.8639475E-06  -2.8098899E-05   3.5983979E-04   2.3694389E-06   1.8182341E-05   5.2377887E-07  -2.0700530E-02  -7.6972096E-03   8.0160391E-03  -5.8487681E-03   4.8800619E-04   5.3415967E-05  -1.0409850E-04   5.0251540E-05  -1.7828981E-03   1.6403235E-05  -2.2090881E-05   3.0950218E-05  -9.2686657E-06  -2.6224697E-07  -2.9913953E-07   4.1074104E-07  -2.0942918E-06
  9.5117595E-09  -1.6767649E-07   2.5661154E-08   5.2615076E-08  -1.8118487E-06   2.4127863E-05   1.2674196E-05   5.2377887E-07   6.4318048E-06   3.8931574E-03   7.0756663E-04   1.6811532E-03   4.2904470E-04  -7.6454739E-05  -2.1868205E-06  -7.7819235E-07   5.1604698E-06  -2.2810007E-05  -2.4390823E-06  -3.9019670E-06   5.7711377E-06  -3.5170077E-06   2.3895558E-08  -6.1961638E-08  -3.3404204E-07   4.5714857E-08
 -3.4784055E-04   7.5139930E-05  -2.4977223E-05  -7.6527522E-03  -1.5166429E-02   2.7251141E-02  -8.8997953E-03  -2.0700530E-02   3.8931574E-03   6.1106997E+02   5.9452710E+01  -5.5799253E+01   2.9886692E+01  -2.5154602E+01  -8.5579250E-01  -1.1552815E-01  -1.6992402E-01   1.0892827E+01  -1.6993447E-01   2.6693137E-01  -2.4270949E-01  -2.2307366E-01   6.7480960E-03   2.7302781E-03   1.4785587E-03   6.7253899E-03
 -2.5379616E-04   6.3641768E-04  -3.8270795E-05  -3.2297089E-03  -6.0231723E-03  -2.8105630E-02  -2.7373760E-03  -7.6972096E-03   7.0756663E-04   5.9452710E+01   6.7485293E+01   9.4024453E+00   6.5212786E+00  -2.5648665E-01  -1.5630251E-02   4.5910952E-01   9.1074166E-01  -8.6120879E+00  -3.3849783E-02  -2.3354189E-01   5.1088500E-02   5.6831356E-02   8.7470988E-04   6.0389664E-04   2.2985847E-03   5.2057525E-03
  7.7412262E-05   2.6624576E-04  -2.3341144E-05   2.4938745E-03   9.2233654E-03  -3.1255809E-02   1.4476437E-02   8.0160391E-03   1.6811532E-03  -5.5799253E+01   9.4024453E+00   1.7608980E+02  -8.2715204E+01   2.7483875E+00   3.2665540E-01  -1.0059378E+00   3.3652008E-01  -7.4714122E+00  -5.7332490E-02  -2.7967338E-01   5.4798534E-01  -3.1039199E-02   1.7663693E-03  -7.6739905E-03   1.9236954E-03   1.9919262E-03
 -1.2350750E-04   7.6588979E-05  -1.4541628E-05  -2.0354369E-03  -6.9406938E-03   1.0276353E-02  -5.4487091E-03  -5.8487681E-03   4.2904470E-04   2.9886692E+01   6.5212786E+00  -8.2715204E+01   5.1280761E+01   1.5373255E+00  -4.0312248E-02   7.0135548E-01  -2.4997767E-01  -2.6148272E+00   3.0972112E-02   1.6466323E-01  -4.4324275E-01  -1.0214519E-01  -6.1909493E-04   3.0844062E-03  -5.3471897E-04   7.9595865E-04
  1.6201492E-05  -2.0543778E-05   3.7579864E-06   2.8931238E-04   1.3865447E-04   2.5546411E-03   5.1143239E-04   4.8800619E-04  -7.6454739E-05  -2.5154602E+01  -2.5648665E-01   2.7483875E+00   1.5373255E+00   4.2315586E+00   1.0005831E-01   1.5000394E-01  -3.6668869E-02  -3.4669931E+00  -5.7457146E-03  -8.7441471E-03   1.0767471E-02   5.3538643E-02   4.4165238E-04  -1.7954699E-04  -1.0458382E-04  -1.5363408E-04
  7.7154295E-07   9.9091148E-07  -7.5639552E-09   3.1092303E-05   3.3284786E-05  -3.3278873E-05   9.0773488E-05   5.3415967E-05  -2.1868205E-06  -8.5579250E-01  -1.5630251E-02   3.2665540E-01  -4.0312248E-02   1.0005831E-01   1.6237955E-02  -1.6650192E-02   1.1533050E-02  -1.0126612E-01  -2.1094687E-04  -1.2034155E-03  -2.5868167E-03   5.3799807E-03   1.6918736E-05  -3.5808554E-05   9.4813094E-06   6.4769828E-06
 -2.0092466E-06   9.6763697E-07   2.2850335E-07  -6.2230719E-05  -7.0418782E-05   2.3577373E-04  -1.7811601E-04  -1.0409850E-04  -7.7819235E-07  -1.1552815E-01   4.5910952E-01  -1.0059378E+00   7.0135548E-01   1.5000394E-01  -1.6650192E-02   6.8222877E-02   4.8429536E-03  -1.5621781E-01   6.6747957E-04   6.8706014E-03  -6.9041117E-05  -1.8202413E-02  -9.9803185E-06   9.5739896E-05  -1.3582074E-05   1.7945381E-06
  8.2175419E-07  -2.3575172E-07   5.3119835E-07   1.6058071E-05  -1.4782200E-04   6.7053440E-04   7.9777506E-05   5.0251540E-05   5.1604698E-06  -1.6992402E-01   9.1074166E-01   3.3652008E-01  -2.4997767E-01  -3.6668869E-02   1.1533050E-02   4.8429536E-03   8.2051720E-02   3.6749869E-02  -8.5575711E-04   1.0588550E-04   1.2792104E-03   1.0316601E-03   1.3920502E-05  -5.3642353E-06   2.2795459E-05   7.7550195E-06
 -2.9400121E-05   2.0063826E-05  -4.5278819E-06  -7.6621988E-04  -9.2025396E-04  -1.8925177E-03  -2.5492525E-03  -1.7828981E-03  -2.2810007E-05   1.0892827E+01  -8.6120879E+00  -7.4714122E+00  -2.6148272E+00  -3.4669931E+00  -1.0126612E-01  -1.5621781E-01   3.6749869E-02   7.3407498E+00   4.4816691E-04   4.5500972E-03  -4.8020996E-03  -4.6508688E-02  -3.6278575E-04   3.4401444E-05  -2.0370092E-04  -2.7714828E-04
  5.0601758E-07  -3.1006227E-06   8.6048217E-07  -2.9189238E-06   1.7465633E-05   4.0842327E-04  -3.2000603E-05   1.6403235E-05  -2.4390823E-06  -1.6993447E-01  -3.3849783E-02  -5.7332490E-02   3.0972112E-02  -5.7457146E-03  -2.1094687E-04   6.6747957E-04  -8.5575711E-04   4.4816691E-04   3.7737652E-02   2.9047107E-03  -2.1640557E-04   2.4903836E-04   3.3833230E-05  -8.3807543E-07  -1.1395625E-05  -1.5228526E-05
 -1.1861726E-07  -1.6504811E-06   4.6542735E-07  -4.9070829E-06   4.9763434E-05  -3.6797378E-04  -1.2004117E-04  -2.2090881E-05  -3.9019670E-06   2.6693137E-01  -2.3354189E-01  -2.7967338E-01   1.6466323E-01  -8.7441471E-03  -1.2034155E-03   6.8706014E-03   1.0588550E-04   4.5500972E-03   2.9047107E-03   3.1307405E-02  -9.1684562E-04   5.0636706E-03  -8.3142864E-05  -4.4142523E-05  -8.6456749E-05  -8.3152001E-05
  7.5166327E-07  -3.9118136E-07   5.0921926E-07   2.8643541E-06   3.1247749E-05   4.2225255E-05   2.9142132E-05   3.0950218E-05   5.7711377E-06  -2.4270949E-01   5.1088500E-02   5.4798534E-01  -4.4324275E-01   1.0767471E-02  -2.5868167E-03  -6.9041117E-05   1.2792104E-03  -4.8020996E-03  -2.1640557E-04  -9.1684562E-04   1.0557231E-02   8.3028292E-03   4.7519673E-06   6.2855702E-05   6.3749798E-06  -5.0169941E-06
 -1.2223331E-08   4.4985047E-07   5.3810824E-07  -4.2386856E-07  -1.2781997E-06  -1.1550510E-04  -1.6961925E-05  -9.2686657E-06  -3.5170077E-06  -2.2307366E-01   5.6831356E-02  -3.1039199E-02  -1.0214519E-01   5.3538643E-02   5.3799807E-03  -1.8202413E-02   1.0316601E-03  -4.6508688E-02   2.4903836E-04   5.0636706E-03   8.3028292E-03   2.6542352E-02  -2.6181505E-06   5.8013810E-05  -1.7301794E-05  -9.0000876E-06
  2.2441369E-09  -2.3335412E-08   2.8272330E-09   3.4299221E-08   9.0711822E-09   3.4719011E-06   7.2516517E-07  -2.6224697E-07   2.3895558E-08   6.7480960E-03   8.7470988E-04   1.7663693E-03  -6.1909493E-04   4.4165238E-04   1.6918736E-05  -9.9803185E-06   1.3920502E-05  -3.6278575E-04   3.3833230E-05  -8.3142864E-05   4.7519673E-06  -2.6181505E-06   1.1182380E-06   4.5175956E-08   3.7799042E-07   6.0831818E-07
 -5.6145578E-09   8.5266857E-09   3.3272171E-09  -2.7186020E-07  -1.4880620E-06   5.7746083E-06  -6.2356195E-07  -2.9913953E-07  -6.1961638E-08   2.7302781E-03   6.0389664E-04  -7.6739905E-03   3.0844062E-03  -1.7954699E-04  -3.5808554E-05   9.5739896E-05  -5.3642353E-06   3.4401444E-05  -8.3807543E-07  -4.4142523E-05   6.2855702E-05   5.8013810E-05   4.5175956E-08   2.4478831E-06   2.7114911E-07   1.5535989E-07
 -8.1733660E-08  -4.8915056E-07  -9.5334215E-09  -2.5034771E-06  -1.5984698E-05   9.4750841E-05  -6.3811298E-06   4.1074104E-07  -3.3404204E-07   1.4785587E-03   2.2985847E-03   1.9236954E-03  -5.3471897E-04  -1.0458382E-04   9.4813094E-06  -1.3582074E-05   2.2795459E-05  -2.0370092E-04  -1.1395625E-05  -8.6456749E-05   6.3749798E-06  -1.7301794E-05   3.7799042E-07   2.7114911E-07   2.4304716E-05   8.8692386E-06
 -2.4912161E-07  -7.9387883E-07   5.0726259E-08  -1.5348528E-06  -1.5469517E-05   9.9845583E-05  -2.4800067E-06  -2.0942918E-06   4.5714857E-08   6.7253899E-03   5.2057525E-03   1.9919262E-03   7.9595865E-04  -1.5363408E-04   6.4769828E-06   1.7945381E-06   7.7550195E-06  -2.7714828E-04  -1.5228526E-05  -8.3152001E-05  -5.0169941E-06  -9.0000876E-06   6.0831818E-07   1.5535989E-07   8.8692386E-06   2.4913252E-05
