# omegabh2 omegach2 theta tau logA ns r calPlanck BBdust BBsync BBalphadust BBbetadust BBalphasync BBbetasync BBdustsynccorr aps100 aps143 aps217 acib217 asz143 psr cibr xi aksz dust100 dust143 dust217 dust143x217 cal0 cal2 calTE calEE
  2.1633403E-08  -4.8664451E-08   1.1538921E-08   2.1913025E-07   4.3344596E-07   1.8872400E-07   5.8438095E-08   2.4114753E-08  -2.0957302E-07   2.6396707E-06   6.7024198E-07  -1.8760554E-08   5.0757601E-07   5.6982686E-07   1.0623123E-07  -3.5518765E-04  -2.3264139E-04   7.2317074E-05  -1.1404389E-04   1.7224486E-05   7.6527744E-07  -2.0183861E-06   6.6896652E-07  -3.4872958E-05   1.4630944E-07  -2.2135257E-07   6.9207816E-07   1.5308328E-07   1.3271168E-09  -8.7926461E-09  -1.0270664E-07  -2.6799584E-07
 -4.8664451E-08   8.8180502E-07  -4.8243417E-08  -2.1996994E-06  -2.7087936E-06  -2.0103274E-06  -1.4997421E-06  -1.7893862E-07   4.2205369E-07   5.7976038E-06  -3.9275167E-06  -4.5768876E-08   1.7391175E-06  -1.0972350E-06  -6.6524664E-07   3.2664927E-04   5.2639386E-04  -1.8721814E-04   2.0483867E-04  -3.4811870E-05  -1.3836570E-06   4.2686344E-06   2.3146831E-07   6.0179129E-05  -9.3741896E-07   1.0534305E-06  -8.5817821E-07   4.3128789E-07  -3.2815319E-08   1.1534086E-08  -6.8835473E-08  -4.2651169E-07
  1.1538921E-08  -4.8243417E-08   8.9010669E-08   2.3986915E-07   5.1818206E-07   2.4994929E-07   6.3334728E-08   3.2473377E-08   3.1899196E-06   5.9548827E-08   2.3501647E-07   2.1832260E-07   2.6792052E-07   4.9676903E-07  -7.1498354E-07  -7.4519244E-05  -6.8040565E-05   4.9188594E-05  -4.0736288E-05   4.8567897E-06  -1.5833026E-07  -6.4240601E-07  -8.8940866E-07  -1.1253631E-06  -1.6583459E-07  -4.4741976E-07   5.9042187E-07   1.8285092E-07  -1.4603599E-10   2.9205025E-09  -2.7915184E-08  -5.5023141E-09
  2.1913025E-07  -2.1996994E-06   2.3986915E-07   4.7115422E-05   8.6627046E-05   7.4171901E-06  -6.8640617E-07  -7.6239216E-07  -3.7955831E-05   1.2344096E-04  -1.0314752E-05   6.5490386E-06  -2.3274885E-05   3.0206644E-05  -2.7179599E-05  -7.9645212E-03  -4.3387003E-03   2.8886757E-05  -1.2490724E-03   4.5957299E-04   1.0688086E-05  -1.2413890E-05   8.6340199E-06  -5.9494410E-04   1.6371071E-05   1.4826221E-05   5.7958789E-06   6.4877951E-06  -1.2730802E-07  -7.9125995E-08  -3.2335452E-06  -1.8148820E-06
  4.3344596E-07  -2.7087936E-06   5.1818206E-07   8.6627046E-05   1.8918095E-04   9.6349475E-06  -8.5735699E-06   1.0284056E-05  -1.3615362E-04   3.1380605E-04  -4.1208746E-05   2.2092312E-05  -4.4432982E-05   7.5391108E-05  -4.4979852E-05  -7.7846724E-03  -6.4731435E-03   6.6591890E-03  -3.1189132E-03   7.2857444E-04   2.7390302E-05  -4.6768873E-05   3.3000475E-05  -1.8334633E-03   1.2274126E-05  -4.2304961E-05   3.7082185E-05  -6.4062224E-07   2.4850195E-07  -8.3985091E-08  -6.8876602E-06  -2.9827129E-06
  1.8872400E-07  -2.0103274E-06   2.4994929E-07   7.4171901E-06   9.6349475E-06   1.5070242E-05   9.2780543E-06   6.0120809E-07  -2.9219910E-05   3.4175075E-06   6.2620941E-06   1.6651422E-06   5.7303035E-06   9.1638059E-07  -3.5262821E-06  -2.1413797E-02  -7.1964467E-03   9.4058899E-03  -6.1754201E-03   6.1467716E-04   5.9797304E-05  -1.1591315E-04   3.7780827E-05  -2.1388952E-03   2.6656707E-05  -3.2730434E-05   2.9559034E-05  -1.0910238E-05  -2.3676506E-07  -3.9423735E-07  -5.9711147E-07  -2.9765899E-06
  5.8438095E-08  -1.4997421E-06   6.3334728E-08  -6.8640617E-07  -8.5735699E-06   9.2780543E-06   4.1491430E-04  -6.2000501E-07  -2.0713584E-04  -1.1979388E-03  -1.5742810E-04   3.5640493E-04  -5.4448984E-05  -1.4104934E-04  -8.9091536E-04  -1.7880698E-02  -6.1368484E-03   4.3324563E-04  -1.3318494E-03   5.7227394E-04  -1.7955737E-05   6.2540445E-05  -4.8849758E-05  -6.0554924E-04  -1.8853933E-05   1.0978948E-05   1.2846545E-05  -2.0776201E-05  -4.0411542E-07   6.7658750E-08  -2.3817623E-06  -1.2263960E-06
  2.4114753E-08  -1.7893862E-07   3.2473377E-08  -7.6239216E-07   1.0284056E-05   6.0120809E-07  -6.2000501E-07   6.1042968E-06  -2.3893076E-05   1.0845525E-05  -5.4459546E-06   4.9136995E-06  -1.1839733E-06   7.3630337E-06  -6.9340487E-07   4.2475981E-03   5.5253250E-05   1.0110412E-03   5.8168964E-04  -7.7563726E-05  -9.8150669E-06   1.1524811E-05  -1.4662226E-05   4.7164727E-05   1.5235447E-06   5.0873274E-06   8.4718208E-06  -2.7113441E-06  -2.1432832E-09   3.2141947E-08  -3.6743694E-07  -2.3387080E-07
 -2.0957302E-07   4.2205369E-07   3.1899196E-06  -3.7955831E-05  -1.3615362E-04  -2.9219910E-05  -2.0713584E-04  -2.3893076E-05   1.0508396E+00   3.8509367E-03  -1.1718531E-01   4.4298184E-02  -3.3206973E-03   8.9505694E-03  -8.0895597E-03   1.1766813E-01  -3.1054112E-03  -3.9674945E-01   2.0701665E-01  -1.2171020E-02  -6.4308952E-04   2.6155564E-03  -3.7757046E-03   9.7438131E-03   1.9827311E-03   2.8828725E-03  -2.2219595E-03  -4.8549613E-04  -1.3427288E-05  -6.5105689E-06  -5.1729092E-05  -4.3877375E-05
  2.6396707E-06   5.7976038E-06   5.9548827E-08   1.2344096E-04   3.1380605E-04   3.4175075E-06  -1.1979388E-03   1.0845525E-05   3.8509367E-03   1.1535273E+00   2.3566524E-04  -3.6297410E-03   1.6207505E-02  -4.5933479E-02   4.1800233E-02  -8.1703358E-02   3.3911894E-02   6.1505651E-02  -4.4835922E-02   1.5220460E-02  -3.4397373E-04   2.5322887E-03   2.2580328E-03  -4.4055603E-02   1.7213177E-03   6.1137971E-04   1.4381636E-03   7.5633321E-04  -4.4156841E-06  -3.5460042E-06  -3.9602427E-05  -5.0080493E-05
  6.7024198E-07  -3.9275167E-06   2.3501647E-07  -1.0314752E-05  -4.1208746E-05   6.2620941E-06  -1.5742810E-04  -5.4459546E-06  -1.1718531E-01   2.3566524E-04   6.0788102E-02  -5.8904294E-04   1.7290666E-03   2.3858919E-04  -1.1649520E-03  -3.3816603E-03  -2.8724986E-02  -2.8638131E-03  -5.4376005E-03  -4.5458094E-04   2.4455125E-05  -3.2594229E-05   6.9210570E-04   2.9411079E-03  -6.1578883E-04   2.4184856E-04   2.1921932E-04   3.5411882E-04  -2.3297955E-07   3.6641098E-06  -5.2564918E-07   1.5255290E-05
 -1.8760554E-08  -4.5768876E-08   2.1832260E-07   6.5490386E-06   2.2092312E-05   1.6651422E-06   3.5640493E-04   4.9136995E-06   4.4298184E-02  -3.6297410E-03  -5.8904294E-04   9.1813479E-03  -1.2840805E-04  -1.3202410E-03   1.2623813E-03   3.4416287E-02  -1.5178815E-02  -4.4457296E-02   2.0389074E-02  -6.0881261E-03  -1.9651918E-04  -2.2321590E-04  -6.2913462E-04   4.7843993E-03   2.5738501E-04   1.5797745E-04  -2.6508856E-04  -6.1040885E-05  -2.3927736E-07   1.9190972E-07  -1.0586084E-05  -1.6042241E-07
  5.0757601E-07   1.7391175E-06   2.6792052E-07  -2.3274885E-05  -4.4432982E-05   5.7303035E-06  -5.4448984E-05  -1.1839733E-06  -3.3206973E-03   1.6207505E-02   1.7290666E-03  -1.2840805E-04   8.2110251E-02  -3.5746621E-04   1.7218171E-03   1.4889748E-02   2.7313816E-02   4.8461587E-02  -1.3416362E-02  -3.1405697E-03   3.5105060E-04  -6.8621452E-04   8.8635736E-04  -1.1873619E-02  -3.3273613E-04  -1.0293261E-04   9.4685380E-05   1.1117987E-04   2.4546724E-06   8.8819618E-07  -2.9124408E-06  -1.2830429E-05
  5.6982686E-07  -1.0972350E-06   4.9676903E-07   3.0206644E-05   7.5391108E-05   9.1638059E-07  -1.4104934E-04   7.3630337E-06   8.9505694E-03  -4.5933479E-02   2.3858919E-04  -1.3202410E-03  -3.5746621E-04   7.4666062E-02  -4.8439446E-03  -2.7058407E-02   3.0422962E-02   5.2754787E-02  -2.8388557E-02   2.8607679E-03   6.8110343E-05   3.7102438E-04   1.8324001E-03  -2.5239579E-03  -2.7200799E-04   4.8185789E-05   7.7727273E-04   6.8026958E-04  -1.1077085E-06   5.3798044E-06   1.0511049E-05   5.8865841E-06
  1.0623123E-07  -6.6524664E-07  -7.1498354E-07  -2.7179599E-05  -4.4979852E-05  -3.5262821E-06  -8.9091536E-04  -6.9340487E-07  -8.0895597E-03   4.1800233E-02  -1.1649520E-03   1.2623813E-03   1.7218171E-03  -4.8439446E-03   7.8669910E-02  -3.9244197E-02   1.4695037E-02   1.8878115E-02  -2.0925870E-02  -3.0615266E-03   3.9903430E-04  -1.4586623E-03   7.4997254E-05  -4.3834035E-03   2.2926502E-05  -5.2533235E-04   2.6186405E-04   9.0526322E-04   2.7050361E-06  -3.4529163E-06   1.1640566E-05   1.3927314E-05
 -3.5518765E-04   3.2664927E-04  -7.4519244E-05  -7.9645212E-03  -7.7846724E-03  -2.1413797E-02  -1.7880698E-02   4.2475981E-03   1.1766813E-01  -8.1703358E-02  -3.3816603E-03   3.4416287E-02   1.4889748E-02  -2.7058407E-02  -3.9244197E-02   5.9192318E+02   5.2783255E+01  -5.7573421E+01   3.0137446E+01  -2.4794260E+01  -8.0487775E-01  -1.7203411E-01  -2.8585414E-01   1.1314525E+01  -1.4775524E-01   3.1133344E-01  -2.6781923E-01  -2.3410726E-01   6.6802849E-03   2.5629115E-03   7.7512477E-04   6.9964715E-03
 -2.3264139E-04   5.2639386E-04  -6.8040565E-05  -4.3387003E-03  -6.4731435E-03  -7.1964467E-03  -6.1368484E-03   5.5253250E-05  -3.1054112E-03   3.3911894E-02  -2.8724986E-02  -1.5178815E-02   2.7313816E-02   3.0422962E-02   1.4695037E-02   5.2783255E+01   6.4389549E+01   9.6513710E+00   5.5773635E+00  -2.1746407E-01  -2.1076426E-03   4.1353152E-01   8.8700873E-01  -8.2023963E+00  -4.8096167E-02  -2.3479209E-01   5.4120512E-02   6.8351743E-02   8.4382962E-04   6.0996603E-04   2.1341072E-03   4.7407877E-03
  7.2317074E-05  -1.8721814E-04   4.9188594E-05   2.8886757E-05   6.6591890E-03   9.4058899E-03   4.3324563E-04   1.0110412E-03  -3.9674945E-01   6.1505651E-02  -2.8638131E-03  -4.4457296E-02   4.8461587E-02   5.2754787E-02   1.8878115E-02  -5.7573421E+01   9.6513710E+00   1.7571026E+02  -8.3072169E+01   2.3726560E+00   3.3063339E-01  -1.0367077E+00   3.1940991E-01  -7.1648109E+00  -4.2786881E-02  -2.6124790E-01   5.5219216E-01  -1.8683147E-02   1.4103289E-03  -7.7748031E-03   3.2075948E-03   2.2833962E-03
 -1.1404389E-04   2.0483867E-04  -4.0736288E-05  -1.2490724E-03  -3.1189132E-03  -6.1754201E-03  -1.3318494E-03   5.8168964E-04   2.0701665E-01  -4.4835922E-02  -5.4376005E-03   2.0389074E-02  -1.3416362E-02  -2.8388557E-02  -2.0925870E-02   3.0137446E+01   5.5773635E+00  -8.3072169E+01   5.1518110E+01   1.8239077E+00  -3.9894379E-02   7.1867643E-01  -2.3771624E-01  -2.6881550E+00   1.1306497E-02   1.6262234E-01  -4.4643294E-01  -1.0384067E-01  -4.3326257E-04   3.1123604E-03  -1.1899923E-03   4.2260379E-04
  1.7224486E-05  -3.4811870E-05   4.8567897E-06   4.5957299E-04   7.2857444E-04   6.1467716E-04   5.7227394E-04  -7.7563726E-05  -1.2171020E-02   1.5220460E-02  -4.5458094E-04  -6.0881261E-03  -3.1405697E-03   2.8607679E-03  -3.0615266E-03  -2.4794260E+01  -2.1746407E-01   2.3726560E+00   1.8239077E+00   4.3156868E+00   9.8357775E-02   1.6164656E-01  -3.3505606E-02  -3.5296125E+00  -1.5434710E-02  -8.6300997E-03   9.8259886E-03   5.3350630E-02   4.2619226E-04  -1.8643645E-04  -1.3305510E-04  -2.1997496E-04
  7.6527744E-07  -1.3836570E-06  -1.5833026E-07   1.0688086E-05   2.7390302E-05   5.9797304E-05  -1.7955737E-05  -9.8150669E-06  -6.4308952E-04  -3.4397373E-04   2.4455125E-05  -1.9651918E-04   3.5105060E-04   6.8110343E-05   3.9903430E-04  -8.0487775E-01  -2.1076426E-03   3.3063339E-01  -3.9894379E-02   9.8357775E-02   1.6732615E-02  -1.6985418E-02   1.2807171E-02  -1.0049402E-01  -3.1442939E-05  -1.3328200E-03  -2.7866570E-03   5.2252257E-03   1.9032626E-05  -3.6766964E-05   6.3878386E-06   3.3971340E-06
 -2.0183861E-06   4.2686344E-06  -6.4240601E-07  -1.2413890E-05  -4.6768873E-05  -1.1591315E-04   6.2540445E-05   1.1524811E-05   2.6155564E-03   2.5322887E-03  -3.2594229E-05  -2.2321590E-04  -6.8621452E-04   3.7102438E-04  -1.4586623E-03  -1.7203411E-01   4.1353152E-01  -1.0367077E+00   7.1867643E-01   1.6164656E-01  -1.6985418E-02   6.8794990E-02   3.0317105E-03  -1.5772914E-01  -9.2316483E-04   7.2506911E-03   1.0141735E-04  -1.7381567E-02  -1.1585180E-05   9.4786157E-05  -1.5101888E-05  -1.0912987E-05
  6.6896652E-07   2.3146831E-07  -8.8940866E-07   8.6340199E-06   3.3000475E-05   3.7780827E-05  -4.8849758E-05  -1.4662226E-05  -3.7757046E-03   2.2580328E-03   6.9210570E-04  -6.2913462E-04   8.8635736E-04   1.8324001E-03   7.4997254E-05  -2.8585414E-01   8.8700873E-01   3.1940991E-01  -2.3771624E-01  -3.3505606E-02   1.2807171E-02   3.0317105E-03   8.2851214E-02   3.5708933E-02  -9.4299108E-05   1.8973422E-04   7.4102102E-04   1.3360973E-03   1.7453846E-05  -7.4752424E-06   1.3078353E-05  -3.5042633E-06
 -3.4872958E-05   6.0179129E-05  -1.1253631E-06  -5.9494410E-04  -1.8334633E-03  -2.1388952E-03  -6.0554924E-04   4.7164727E-05   9.7438131E-03  -4.4055603E-02   2.9411079E-03   4.7843993E-03  -1.1873619E-02  -2.5239579E-03  -4.3834035E-03   1.1314525E+01  -8.2023963E+00  -7.1648109E+00  -2.6881550E+00  -3.5296125E+00  -1.0049402E-01  -1.5772914E-01   3.5708933E-02   7.3211311E+00   1.2358237E-02  -5.7588721E-04  -2.0739346E-03  -4.7224447E-02  -3.2520212E-04   1.1611093E-04  -1.7730202E-04   1.2002015E-05
  1.4630944E-07  -9.3741896E-07  -1.6583459E-07   1.6371071E-05   1.2274126E-05   2.6656707E-05  -1.8853933E-05   1.5235447E-06   1.9827311E-03   1.7213177E-03  -6.1578883E-04   2.5738501E-04  -3.3273613E-04  -2.7200799E-04   2.2926502E-05  -1.4775524E-01  -4.8096167E-02  -4.2786881E-02   1.1306497E-02  -1.5434710E-02  -3.1442939E-05  -9.2316483E-04  -9.4299108E-05   1.2358237E-02   3.8366640E-02   2.9616637E-03  -3.8879378E-04   3.6996058E-04   3.3599663E-05  -6.0655565E-06  -1.3557994E-05  -2.2288259E-05
 -2.2135257E-07   1.0534305E-06  -4.4741976E-07   1.4826221E-05  -4.2304961E-05  -3.2730434E-05   1.0978948E-05   5.0873274E-06   2.8828725E-03   6.1137971E-04   2.4184856E-04   1.5797745E-04  -1.0293261E-04   4.8185789E-05  -5.2533235E-04   3.1133344E-01  -2.3479209E-01  -2.6124790E-01   1.6262234E-01  -8.6300997E-03  -1.3328200E-03   7.2506911E-03   1.8973422E-04  -5.7588721E-04   2.9616637E-03   3.0660976E-02  -8.0049505E-04   4.8142043E-03  -7.8155144E-05  -3.9806160E-05  -6.9800276E-05  -7.7579098E-05
  6.9207816E-07  -8.5817821E-07   5.9042187E-07   5.7958789E-06   3.7082185E-05   2.9559034E-05   1.2846545E-05   8.4718208E-06  -2.2219595E-03   1.4381636E-03   2.1921932E-04  -2.6508856E-04   9.4685380E-05   7.7727273E-04   2.6186405E-04  -2.6781923E-01   5.4120512E-02   5.5219216E-01  -4.4643294E-01   9.8259886E-03  -2.7866570E-03   1.0141735E-04   7.4102102E-04  -2.0739346E-03  -3.8879378E-04  -8.0049505E-04   1.0773053E-02   8.4090574E-03   1.7901959E-06   6.4580410E-05   9.9925268E-06  -1.8495263E-06
  1.5308328E-07   4.3128789E-07   1.8285092E-07   6.4877951E-06  -6.4062224E-07  -1.0910238E-05  -2.0776201E-05  -2.7113441E-06  -4.8549613E-04   7.5633321E-04   3.5411882E-04  -6.1040885E-05   1.1117987E-04   6.8026958E-04   9.0526322E-04  -2.3410726E-01   6.8351743E-02  -1.8683147E-02  -1.0384067E-01   5.3350630E-02   5.2252257E-03  -1.7381567E-02   1.3360973E-03  -4.7224447E-02   3.6996058E-04   4.8142043E-03   8.4090574E-03   2.5852256E-02  -2.5869953E-06   6.2938491E-05  -1.9520165E-05  -9.7876818E-06
  1.3271168E-09  -3.2815319E-08  -1.4603599E-10  -1.2730802E-07   2.4850195E-07  -2.3676506E-07  -4.0411542E-07  -2.1432832E-09  -1.3427288E-05  -4.4156841E-06  -2.3297955E-07  -2.3927736E-07   2.4546724E-06  -1.1077085E-06   2.7050361E-06   6.6802849E-03   8.4382962E-04   1.4103289E-03  -4.3326257E-04   4.2619226E-04   1.9032626E-05  -1.1585180E-05   1.7453846E-05  -3.2520212E-04   3.3599663E-05  -7.8155144E-05   1.7901959E-06  -2.5869953E-06   1.0923661E-06   3.6609985E-08   2.8141594E-07   5.2166968E-07
 -8.7926461E-09   1.1534086E-08   2.9205025E-09  -7.9125995E-08  -8.3985091E-08  -3.9423735E-07   6.7658750E-08   3.2141947E-08  -6.5105689E-06  -3.5460042E-06   3.6641098E-06   1.9190972E-07   8.8819618E-07   5.3798044E-06  -3.4529163E-06   2.5629115E-03   6.0996603E-04  -7.7748031E-03   3.1123604E-03  -1.8643645E-04  -3.6766964E-05   9.4786157E-05  -7.4752424E-06   1.1611093E-04  -6.0655565E-06  -3.9806160E-05   6.4580410E-05   6.2938491E-05   3.6609985E-08   2.4677674E-06   1.9851765E-07   2.3933922E-07
 -1.0270664E-07  -6.8835473E-08  -2.7915184E-08  -3.2335452E-06  -6.8876602E-06  -5.9711147E-07  -2.3817623E-06  -3.6743694E-07  -5.1729092E-05  -3.9602427E-05  -5.2564918E-07  -1.0586084E-05  -2.9124408E-06   1.0511049E-05   1.1640566E-05   7.7512477E-04   2.1341072E-03   3.2075948E-03  -1.1899923E-03  -1.3305510E-04   6.3878386E-06  -1.5101888E-05   1.3078353E-05  -1.7730202E-04  -1.3557994E-05  -6.9800276E-05   9.9925268E-06  -1.9520165E-05   2.8141594E-07   1.9851765E-07   2.3925994E-05   8.3333685E-06
 -2.6799584E-07  -4.2651169E-07  -5.5023141E-09  -1.8148820E-06  -2.9827129E-06  -2.9765899E-06  -1.2263960E-06  -2.3387080E-07  -4.3877375E-05  -5.0080493E-05   1.5255290E-05  -1.6042241E-07  -1.2830429E-05   5.8865841E-06   1.3927314E-05   6.9964715E-03   4.7407877E-03   2.2833962E-03   4.2260379E-04  -2.1997496E-04   3.3971340E-06  -1.0912987E-05  -3.5042633E-06   1.2002015E-05  -2.2288259E-05  -7.7579098E-05  -1.8495263E-06  -9.7876818E-06   5.2166968E-07   2.3933922E-07   8.3333685E-06   2.3974534E-05
