# omegabh2 omegach2 theta tau mnu logA ns calPlanck acib217 xi asz143 aps100 aps143 aps143217 aps217 aksz kgal100 kgal143 kgal143217 kgal217 cal0 cal2
  4.5561551E-08  -1.5528975E-07   3.3409086E-08   2.4191886E-06   6.9787320E-06   4.4909137E-06   6.2253072E-07  -1.3501413E-08  -1.9013667E-04   1.6020032E-06   7.8461602E-05  -1.0939798E-03  -6.0446138E-04  -2.2348038E-04  -8.2733008E-05  -9.2997740E-05  -1.2860437E-05   2.1631145E-05   4.9155132E-05   1.4414647E-04  -2.1129496E-09  -1.5002251E-09
 -1.5528975E-07   2.9242829E-06  -2.2710466E-07  -3.6149157E-05  -1.2393697E-04  -6.4574543E-05  -8.2162355E-06  -5.5381867E-08   1.0780956E-03  -1.9268047E-05  -2.5726407E-04   3.6428740E-03   2.1269217E-03   6.5892880E-04   3.0336768E-05   3.3706889E-04   7.2511963E-05   7.6942444E-05  -1.2474750E-04  -6.7715241E-04  -2.0400999E-08   2.9962551E-08
  3.3409086E-08  -2.2710466E-07   1.9006198E-07   3.7718152E-06   1.2481448E-05   7.0494390E-06   9.5659679E-07  -1.9237564E-08  -1.9214248E-05  -1.6440404E-06   3.6806451E-05  -5.7538552E-04  -4.1059770E-04  -2.0206958E-04  -1.7026947E-04  -5.2523849E-05  -4.0902756E-06   3.4465249E-05   3.4499522E-05   2.3320196E-05  -3.1171799E-09  -5.4109579E-09
  2.4191886E-06  -3.6149157E-05   3.7718152E-06   6.6474902E-04   2.1442381E-03   1.2132450E-03   1.1804123E-04  -6.1476856E-06  -2.1285596E-02   3.7216148E-04   4.9811177E-03  -7.2815705E-02  -4.3735208E-02  -1.3094355E-02  -1.2270224E-03  -6.1398672E-03  -1.8724143E-03   4.7212520E-04   3.0654116E-03   1.2692662E-02  -3.0432740E-07  -6.9639971E-07
  6.9787320E-06  -1.2393697E-04   1.2481448E-05   2.1442381E-03   1.0740271E-02   3.9319322E-03   3.8318016E-04  -1.1556355E-06  -4.0200982E-02   1.0569231E-03   1.5228866E-02  -2.0256592E-01  -1.0923458E-01  -2.2091738E-02  -8.2586868E-03  -2.3373529E-02  -7.3385021E-03  -1.5159049E-04   9.4316082E-03   2.5577649E-02   2.2981967E-07  -1.8276365E-06
  4.4909137E-06  -6.4574543E-05   7.0494390E-06   1.2132450E-03   3.9319322E-03   2.2435962E-03   2.1219324E-04   1.0081336E-07  -3.8340210E-02   7.4645494E-04   9.6537467E-03  -1.2971535E-01  -7.9835132E-02  -1.9747844E-02   2.4874267E-03  -1.2470067E-02  -3.9314049E-03   5.7649286E-04   5.0661468E-03   2.3580903E-02  -2.3335912E-07  -1.3005820E-06
  6.2253072E-07  -8.2162355E-06   9.5659679E-07   1.1804123E-04   3.8318016E-04   2.1219324E-04   3.4467281E-05   9.4756612E-08  -7.5494350E-03   1.2959702E-04   2.0562463E-03  -3.4873144E-02  -1.3563608E-02  -1.2581473E-03   3.8117294E-03  -3.4360228E-03  -1.5028696E-04  -1.6474205E-04   7.7373049E-04   4.0476241E-03  -9.5924691E-08  -2.1366552E-07
 -1.3501413E-08  -5.5381867E-08  -1.9237564E-08  -6.1476856E-06  -1.1556355E-06   1.0081336E-07   9.4756612E-08   6.2048196E-06   1.4562268E-03   1.1153096E-05   2.5182721E-04   4.7680269E-03   8.0403651E-04   1.4822992E-03   7.7150503E-04  -1.7250977E-04   3.8143551E-05  -7.4726648E-06  -4.4143814E-05   9.2672509E-05   1.3037970E-07   6.4696511E-09
 -1.9013667E-04   1.0780956E-03  -1.9214248E-05  -2.1285596E-02  -4.0200982E-02  -3.8340210E-02  -7.5494350E-03   1.4562268E-03   4.7195521E+01  -3.4567031E-01  -8.5207657E-01   3.5128521E+01   2.1598041E+00  -1.2954789E+01  -5.7465947E+01   4.6262590E-01  -2.7760666E-01   6.0389233E-01  -5.8653280E+00  -3.4840288E+01  -1.2806839E-04   7.8132847E-04
  1.6020032E-06  -1.9268047E-05  -1.6440404E-06   3.7216148E-04   1.0569231E-03   7.4645494E-04   1.2959702E-04   1.1153096E-05  -3.4567031E-01   8.0223364E-02  -1.6624700E-02  -6.5338488E-01   8.9899952E-01   1.7211735E+00   6.0662839E-01   2.4305464E-02  -4.2709468E-03   2.2144306E-02   1.1877255E-01   1.3478606E-01   4.1619818E-06   1.9143120E-06
  7.8461602E-05  -2.5726407E-04   3.6806451E-05   4.9811177E-03   1.5228866E-02   9.6537467E-03   2.0562463E-03   2.5182721E-04  -8.5207657E-01  -1.6624700E-02   4.2425953E+00  -3.2048777E+01  -3.8087294E+00   8.4174935E+00   5.2479648E+00  -3.0552552E+00  -3.8107334E-01   2.2932802E-01   2.9218206E+00   3.5359129E+00   1.2466569E-04  -5.9432219E-05
 -1.0939798E-03   3.6428740E-03  -5.7538552E-04  -7.2815705E-02  -2.0256592E-01  -1.2971535E-01  -3.4873144E-02   4.7680269E-03   3.5128521E+01  -6.5338488E-01  -3.2048777E+01   8.0459924E+02   7.9962723E+01  -4.9618060E+01  -4.6923257E+01   1.5344980E+01  -6.7843214E+00   2.9884662E+00  -1.4473165E+01  -2.5464721E+01   4.0566024E-03   6.2400105E-04
 -6.0446138E-04   2.1269217E-03  -4.1059770E-04  -4.3735208E-02  -1.0923458E-01  -7.9835132E-02  -1.3563608E-02   8.0403651E-04   2.1598041E+00   8.9899952E-01  -3.8087294E+00   7.9962723E+01   6.5710596E+01   4.3530863E+01   1.9426879E+01  -4.2665097E+00  -3.0177460E-01  -1.7580750E+00   2.5984524E+00   2.8679229E+00   3.2049037E-04   1.1338579E-04
 -2.2348038E-04   6.5892880E-04  -2.0206958E-04  -1.3094355E-02  -2.2091738E-02  -1.9747844E-02  -1.2581473E-03   1.4822992E-03  -1.2954789E+01   1.7211735E+00   8.4174935E+00  -4.9618060E+01   4.3530863E+01   9.0872518E+01   5.6460415E+01  -1.2314422E+01  -1.2838390E+00  -5.1690961E-01   5.1763752E+00   8.3997057E+00   5.3217011E-04  -4.5001619E-04
 -8.2733008E-05   3.0336768E-05  -1.7026947E-04  -1.2270224E-03  -8.2586868E-03   2.4874267E-03   3.8117294E-03   7.7150503E-04  -5.7465947E+01   6.0662839E-01   5.2479648E+00  -4.6923257E+01   1.9426879E+01   5.6460415E+01   1.0805932E+02  -9.8327532E+00  -3.3941473E-01  -1.6063635E+00   5.4623373E+00   3.5323411E+01   5.4646507E-04  -1.3839251E-03
 -9.2997740E-05   3.3706889E-04  -5.2523849E-05  -6.1398672E-03  -2.3373529E-02  -1.2470067E-02  -3.4360228E-03  -1.7250977E-04   4.6262590E-01   2.4305464E-02  -3.0552552E+00   1.5344980E+01  -4.2665097E+00  -1.2314422E+01  -9.8327532E+00   6.0733352E+00   4.3607353E-01  -2.2176522E-01  -2.4244800E+00  -2.9964905E+00  -1.1400732E-04   5.2715076E-05
 -1.2860437E-05   7.2511963E-05  -4.0902756E-06  -1.8724143E-03  -7.3385021E-03  -3.9314049E-03  -1.5028696E-04   3.8143551E-05  -2.7760666E-01  -4.2709468E-03  -3.8107334E-01  -6.7843214E+00  -3.0177460E-01  -1.2838390E+00  -3.3941473E-01   4.3607353E-01   3.5670321E+00   6.2573987E-01   3.3209510E-01   6.3555030E-01   1.5827663E-04  -3.6786761E-05
  2.1631145E-05   7.6942444E-05   3.4465249E-05   4.7212520E-04  -1.5159049E-04   5.7649286E-04  -1.6474205E-04  -7.4726648E-06   6.0389233E-01   2.2144306E-02   2.2932802E-01   2.9884662E+00  -1.7580750E+00  -5.1690961E-01  -1.6063635E+00  -2.2176522E-01   6.2573987E-01   3.1240921E+00   2.7642242E+00   2.8116718E+00  -2.0818525E-04  -1.8841794E-05
  4.9155132E-05  -1.2474750E-04   3.4499522E-05   3.0654116E-03   9.4316082E-03   5.0661468E-03   7.7373049E-04  -4.4143814E-05  -5.8653280E+00   1.1877255E-01   2.9218206E+00  -1.4473165E+01   2.5984524E+00   5.1763752E+00   5.4623373E+00  -2.4244800E+00   3.3209510E-01   2.7642242E+00   1.1135326E+01   1.9414465E+01  -3.9160051E-07   4.3389555E-04
  1.4414647E-04  -6.7715241E-04   2.3320196E-05   1.2692662E-02   2.5577649E-02   2.3580903E-02   4.0476241E-03   9.2672509E-05  -3.4840288E+01   1.3478606E-01   3.5359129E+00  -2.5464721E+01   2.8679229E+00   8.3997057E+00   3.5323411E+01  -2.9964905E+00   6.3555030E-01   2.8116718E+00   1.9414465E+01   5.3511704E+01   6.7018178E-05   8.2639087E-04
 -2.1129496E-09  -2.0400999E-08  -3.1171799E-09  -3.0432740E-07   2.2981967E-07  -2.3335912E-07  -9.5924691E-08   1.3037970E-07  -1.2806839E-04   4.1619818E-06   1.2466569E-04   4.0566024E-03   3.2049037E-04   5.3217011E-04   5.4646507E-04  -1.1400732E-04   1.5827663E-04  -2.0818525E-04  -3.9160051E-07   6.7018178E-05   4.0076367E-07  -5.2585669E-09
 -1.5002251E-09   2.9962551E-08  -5.4109579E-09  -6.9639971E-07  -1.8276365E-06  -1.3005820E-06  -2.1366552E-07   6.4696511E-09   7.8132847E-04   1.9143120E-06  -5.9432219E-05   6.2400105E-04   1.1338579E-04  -4.5001619E-04  -1.3839251E-03   5.2715076E-05  -3.6786761E-05  -1.8841794E-05   4.3389555E-04   8.2639087E-04  -5.2585669E-09   3.7579365E-07
