# omegabh2 omegach2 theta tau mnu nnu logA ns calPlanck acib217 xi asz143 aps100 aps143 aps143217 aps217 aksz kgal100 kgal143 kgal143217 kgal217 galfTE100 galfTE100143 galfTE100217 galfTE143 galfTE143217 galfTE217 cal0 cal2
  5.2499051E-08   3.3268466E-07  -3.1540456E-08   4.1821473E-07  -4.9309500E-06   3.2222353E-05   1.9134007E-06   1.5748214E-06   1.5446942E-08   4.9094556E-05  -1.4214599E-06   3.1944944E-06   1.8628672E-04   8.0869467E-05   2.2117506E-05  -1.5513419E-05   8.6029485E-06   2.4881811E-05   2.5079284E-05   2.5257057E-05   5.1089229E-06   7.8945002E-08   3.7248787E-08  -1.0464477E-07  -2.5138118E-07  -5.0976431E-07  -2.2964025E-06   1.8241770E-09  -2.0904602E-09
  3.3268466E-07   8.6425373E-06  -9.7624350E-07  -1.4028943E-07   3.3304402E-05   5.0292254E-04   2.2229502E-05   1.6061554E-05  -1.0094478E-07   2.2566872E-03  -4.7285516E-05  -5.2993672E-04   1.2798318E-02   6.3921627E-03   1.8215632E-03  -1.5586544E-04   9.8563609E-04   2.5425122E-04   4.9352395E-04   5.1470612E-04  -1.2634590E-04  -7.4597331E-07  -1.5603366E-07  -5.7993435E-08   8.2567854E-07   3.8507176E-06   1.8917201E-05  -1.6388285E-08  -5.5000602E-09
 -3.1540456E-08  -9.7624350E-07   1.9767817E-07  -6.3654917E-08  -7.0796698E-06  -5.8021893E-05  -2.5947595E-06  -1.7733358E-06   3.5192079E-09  -2.5019570E-04   5.4182946E-06   7.8859390E-05  -1.6476420E-03  -7.3213001E-04  -1.5778426E-04   4.4654915E-05  -1.3079322E-04  -2.2654086E-05  -5.4026758E-05  -4.8869306E-05   1.3912503E-05   3.1786162E-07  -2.2173960E-08   1.6057297E-07  -4.5379012E-07  -6.9768922E-07  -2.4295146E-06   3.5328244E-09  -5.1669805E-10
  4.1821473E-07  -1.4028943E-07  -6.3654917E-08   5.5963071E-05   8.5147820E-05   2.1832945E-04   1.1046198E-04   1.8319212E-05  -6.0714550E-07  -2.6699150E-04  -8.8876814E-07   1.6275532E-04  -4.3638620E-03  -2.4875730E-03  -1.3915751E-03  -9.2098222E-04  -3.1102507E-05   2.6685442E-04   2.0348469E-04  -1.6135397E-04  -7.5176218E-04   3.1508790E-06   3.9030229E-06   1.3040254E-06   7.1072674E-06  -5.0017045E-08  -6.1561788E-05  -8.9435569E-08  -1.0231742E-08
 -4.9309500E-06   3.3304402E-05  -7.0796698E-06   8.5147820E-05   6.8510455E-03  -6.5796581E-04   2.6037441E-04  -1.3281506E-04   1.6912880E-05   1.2123782E-02   3.3855827E-04  -7.6166008E-03   8.4400313E-02   6.0818664E-02   3.1529525E-02   1.6219121E-02   6.3370395E-03  -3.1894318E-03  -1.9670905E-03  -3.5420044E-03  -4.6031356E-03  -3.7369133E-05  -4.9013992E-06  -7.3508489E-05   8.1163347E-05   2.1175578E-04   5.0032184E-04  -1.7699102E-07   8.3972529E-07
  3.2222353E-05   5.0292254E-04  -5.8021893E-05   2.1832945E-04  -6.5796581E-04   3.6036858E-02   1.8096181E-03   1.4256602E-03   5.0361241E-06   1.4329496E-01  -3.0872780E-03  -2.7677230E-02   7.7542576E-01   3.6825459E-01   9.6759299E-02  -2.5480389E-02   6.0165762E-02   2.1415220E-02   3.4578777E-02   3.7748356E-02  -3.5209704E-03  -1.9817801E-05   3.1664479E-05  -3.1795091E-06  -1.8127027E-05   3.3678619E-05   1.4580362E-04  -7.2631155E-07  -1.7704068E-07
  1.9134007E-06   2.2229502E-05  -2.5947595E-06   1.1046198E-04   2.6037441E-04   1.8096181E-03   3.0443008E-04   8.1921244E-05   1.0678985E-05   4.5620969E-03  -7.3069045E-05  -9.8817127E-04   2.6307105E-02   1.3351713E-02   5.2921924E-03   4.5132078E-03   1.7733189E-03   9.2220227E-04   1.2249170E-03   4.8604625E-04  -2.1031672E-04   7.0653706E-06   8.1577282E-06  -3.4856982E-06   1.2964683E-05   7.0513085E-07  -8.6121473E-05  -8.9220920E-08  -1.2024548E-07
  1.5748214E-06   1.6061554E-05  -1.7733358E-06   1.8319212E-05  -1.3281506E-04   1.4256602E-03   8.1921244E-05   7.4682025E-05   6.9522618E-07   1.1135531E-03  -2.4318430E-05  -9.8641321E-06   4.0279198E-03   6.7219969E-03   4.8834834E-03   3.4991496E-03   1.1068621E-04   1.2420566E-03   9.8590646E-04   1.1725903E-03   1.1867751E-03   4.1636224E-07   2.9636982E-06   3.9100750E-06  -1.1390315E-06  -3.5745147E-06  -2.2552551E-05  -1.4170246E-07  -5.0306568E-08
  1.5446942E-08  -1.0094478E-07   3.5192079E-09  -6.0714550E-07   1.6912880E-05   5.0361241E-06   1.0678985E-05   6.9522618E-07   6.1115859E-06   4.1196244E-04   3.1727627E-06   1.6045245E-05   3.1809241E-03   8.9190765E-04   8.0293319E-04   1.8653575E-03   4.3117496E-06  -4.9442016E-06   2.5029810E-05   3.3150213E-06   8.8716500E-04   8.7446186E-07   7.0274894E-08  -2.2494173E-06  -1.5370398E-06  -2.5103599E-06   7.3795688E-07  -1.2439994E-08  -2.5905343E-08
  4.9094556E-05   2.2566872E-03  -2.5019570E-04  -2.6699150E-04   1.2123782E-02   1.4329496E-01   4.5620969E-03   1.1135531E-03   4.1196244E-04   4.4764310E+01  -4.0233265E-01  -9.7037841E-01   3.8355350E+01   2.9704753E+00  -1.2977924E+01  -5.5260565E+01   3.0713721E-01   1.3844773E-01   8.2008206E-01  -5.4919303E+00  -3.3165057E+01  -9.0038841E-04   3.0160700E-03  -5.7269839E-03  -1.6064629E-03   8.4770941E-04  -1.6571319E-02  -2.4618972E-04   6.7795123E-04
 -1.4214599E-06  -4.7285516E-05   5.4182946E-06  -8.8876814E-07   3.3855827E-04  -3.0872780E-03  -7.3069045E-05  -2.4318430E-05   3.1727627E-06  -4.0233265E-01   8.0229073E-02  -3.7270467E-02  -8.2066857E-01   8.7443018E-01   1.7030006E+00   6.6508074E-01   3.4731694E-02   4.4808804E-03  -4.7513009E-03   8.0883751E-02   1.1693904E-01   6.6829669E-05  -9.4498258E-06  -3.1359618E-04  -7.7983198E-05  -1.9459480E-04  -5.0278754E-04   4.8361338E-06  -1.7977034E-06
  3.1944944E-06  -5.2993672E-04   7.8859390E-05   1.6275532E-04  -7.6166008E-03  -2.7677230E-02  -9.8817127E-04  -9.8641321E-06   1.6045245E-05  -9.7037841E-01  -3.7270467E-02   3.8125757E+00  -3.0851937E+01  -3.6668085E+00   7.2605819E+00   5.0499284E+00  -2.6034630E+00  -1.8585694E-01   1.5037184E-01   2.6081562E+00   3.2647525E+00   1.0386660E-03   1.0931199E-03   2.3583734E-03   8.0974542E-04  -2.8731350E-05   3.0766845E-03   1.0362832E-04  -3.7750056E-05
  1.8628672E-04   1.2798318E-02  -1.6476420E-03  -4.3638620E-03   8.4400313E-02   7.7542576E-01   2.6307105E-02   4.0279198E-03   3.1809241E-03   3.8355350E+01  -8.2066857E-01  -3.0851937E+01   8.0943066E+02   7.6401901E+01  -5.3009569E+01  -5.7768431E+01   1.4875202E+01  -7.2875273E+00   6.3292408E+00  -1.1910626E+01  -2.4576608E+01  -8.3615099E-03  -2.1737641E-02  -4.8881924E-02  -5.3591297E-03  -2.8485749E-02  -1.5416190E-01   3.7895449E-03   4.7064133E-04
  8.0869467E-05   6.3921627E-03  -7.3213001E-04  -2.4875730E-03   6.0818664E-02   3.6825459E-01   1.3351713E-02   6.7219969E-03   8.9190765E-04   2.9704753E+00   8.7443018E-01  -3.6668085E+00   7.6401901E+01   6.4824186E+01   4.1019960E+01   1.5237253E+01  -3.9065704E+00  -2.0259358E-01  -1.1652775E+00   3.1196579E+00   3.2868277E+00  -1.8850392E-03  -4.2114513E-03  -1.2532070E-02  -5.7224488E-03   3.9633475E-03   1.3861221E-03   1.0833052E-04   1.4421107E-05
  2.2117506E-05   1.8215632E-03  -1.5778426E-04  -1.3915751E-03   3.1529525E-02   9.6759299E-02   5.2921924E-03   4.8834834E-03   8.0293319E-04  -1.2977924E+01   1.7030006E+00   7.2605819E+00  -5.3009569E+01   4.1019960E+01   8.5408689E+01   5.3053551E+01  -1.1008617E+01  -6.1690450E-01  -8.6429959E-01   4.2085876E+00   7.2217976E+00   3.4184713E-03  -7.7291868E-04   9.1582220E-03  -3.5215744E-03  -2.9010236E-03  -1.0258485E-03   4.3562970E-04  -4.0996954E-04
 -1.5513419E-05  -1.5586544E-04   4.4654915E-05  -9.2098222E-04   1.6219121E-02  -2.5480389E-02   4.5132078E-03   3.4991496E-03   1.8653575E-03  -5.5260565E+01   6.6508074E-01   5.0499284E+00  -5.7768431E+01   1.5237253E+01   5.3053551E+01   1.0403960E+02  -8.8586370E+00  -4.6503468E-01  -1.6052398E+00   4.8008142E+00   3.2892103E+01   2.9933753E-03  -1.4754647E-03   1.8206691E-02   1.7391800E-03   1.3127570E-03   1.7089679E-02   5.4539798E-04  -1.3545939E-03
  8.6029485E-06   9.8563609E-04  -1.3079322E-04  -3.1102507E-05   6.3370395E-03   6.0165762E-02   1.7733189E-03   1.1068621E-04   4.3117496E-06   3.0713721E-01   3.4731694E-02  -2.6034630E+00   1.4875202E+01  -3.9065704E+00  -1.1008617E+01  -8.8586370E+00   5.5344593E+00   2.1716386E-01  -8.0443260E-02  -1.7942117E+00  -2.0796989E+00  -1.4410174E-03  -7.6822573E-04  -8.2043057E-04  -7.1861907E-04   6.4437028E-04   1.7721741E-03  -5.7692871E-05   3.0122916E-05
  2.4881811E-05   2.5425122E-04  -2.2654086E-05   2.6685442E-04  -3.1894318E-03   2.1415220E-02   9.2220227E-04   1.2420566E-03  -4.9442016E-06   1.3844773E-01   4.4808804E-03  -1.8585694E-01  -7.2875273E+00  -2.0259358E-01  -6.1690450E-01  -4.6503468E-01   2.1716386E-01   3.4697156E+00   5.3390348E-01   1.7878373E-01   3.0918744E-02  -8.8313924E-04  -5.3854275E-04   1.3448357E-03  -1.7911343E-04  -1.1535851E-03   3.5981867E-03   1.9002543E-04  -2.9292512E-05
  2.5079284E-05   4.9352395E-04  -5.4026758E-05   2.0348469E-04  -1.9670905E-03   3.4578777E-02   1.2249170E-03   9.8590646E-04   2.5029810E-05   8.2008206E-01  -4.7513009E-03   1.5037184E-01   6.3292408E+00  -1.1652775E+00  -8.6429959E-01  -1.6052398E+00  -8.0443260E-02   5.3390348E-01   3.1571838E+00   2.7292319E+00   2.7213784E+00  -1.5546162E-04  -1.0866446E-03  -1.7463621E-03  -1.5962689E-03  -2.9189565E-03  -1.8526237E-03  -1.7748882E-04  -1.7165045E-05
  2.5257057E-05   5.1470612E-04  -4.8869306E-05  -1.6135397E-04  -3.5420044E-03   3.7748356E-02   4.8604625E-04   1.1725903E-03   3.3150213E-06  -5.4919303E+00   8.0883751E-02   2.6081562E+00  -1.1910626E+01   3.1196579E+00   4.2085876E+00   4.8008142E+00  -1.7942117E+00   1.7878373E-01   2.7292319E+00   1.0644169E+01   1.8953516E+01   3.4412661E-04  -1.2556366E-03  -9.2383615E-03  -2.3506405E-04  -2.8759397E-03   5.1144478E-03  -5.3191314E-06   4.0356394E-04
  5.1089229E-06  -1.2634590E-04   1.3912503E-05  -7.5176218E-04  -4.6031356E-03  -3.5209704E-03  -2.1031672E-04   1.1867751E-03   8.8716500E-04  -3.3165057E+01   1.1693904E-01   3.2647525E+00  -2.4576608E+01   3.2868277E+00   7.2217976E+00   3.2892103E+01  -2.0796989E+00   3.0918744E-02   2.7213784E+00   1.8953516E+01   5.3135192E+01  -3.4894996E-04  -5.4890930E-03  -1.0046119E-02  -5.5220782E-04  -7.9352694E-03   1.7879844E-02   8.5897868E-05   9.1109469E-04
  7.8945002E-08  -7.4597331E-07   3.1786162E-07   3.1508790E-06  -3.7369133E-05  -1.9817801E-05   7.0653706E-06   4.1636224E-07   8.7446186E-07  -9.0038841E-04   6.6829669E-05   1.0386660E-03  -8.3615099E-03  -1.8850392E-03   3.4184713E-03   2.9933753E-03  -1.4410174E-03  -8.8313924E-04  -1.5546162E-04   3.4412661E-04  -3.4894996E-04   1.4208892E-03   2.8423825E-04   1.1489108E-04  -3.1143094E-04  -1.0636762E-04  -1.8395378E-05  -7.6974331E-09  -1.9712348E-07
  3.7248787E-08  -1.5603366E-07  -2.2173960E-08   3.9030229E-06  -4.9013992E-06   3.1664479E-05   8.1577282E-06   2.9636982E-06   7.0274894E-08   3.0160700E-03  -9.4498258E-06   1.0931199E-03  -2.1737641E-02  -4.2114513E-03  -7.7291868E-04  -1.4754647E-03  -7.6822573E-04  -5.3854275E-04  -1.0866446E-03  -1.2556366E-03  -5.4890930E-03   2.8423825E-04   8.9319600E-04   5.6647406E-06   7.6711597E-04   7.3909772E-05  -5.8286023E-04  -3.0672915E-07  -4.5648922E-07
 -1.0464477E-07  -5.7993435E-08   1.6057297E-07   1.3040254E-06  -7.3508489E-05  -3.1795091E-06  -3.4856982E-06   3.9100750E-06  -2.2494173E-06  -5.7269839E-03  -3.1359618E-04   2.3583734E-03  -4.8881924E-02  -1.2532070E-02   9.1582220E-03   1.8206691E-02  -8.2043057E-04   1.3448357E-03  -1.7463621E-03  -9.2383615E-03  -1.0046119E-02   1.1489108E-04   5.6647406E-06   7.1540893E-03  -3.4356084E-04   7.0246499E-04   4.8465084E-03  -5.6981383E-07  -5.0837620E-07
 -2.5138118E-07   8.2567854E-07  -4.5379012E-07   7.1072674E-06   8.1163347E-05  -1.8127027E-05   1.2964683E-05  -1.1390315E-06  -1.5370398E-06  -1.6064629E-03  -7.7983198E-05   8.0974542E-04  -5.3591297E-03  -5.7224488E-03  -3.5215744E-03   1.7391800E-03  -7.1861907E-04  -1.7911343E-04  -1.5962689E-03  -2.3506405E-04  -5.5220782E-04  -3.1143094E-04   7.6711597E-04  -3.4356084E-04   2.9419503E-03   5.4731482E-04  -9.2897695E-04   4.1706483E-07   3.1636264E-08
 -5.0976431E-07   3.8507176E-06  -6.9768922E-07  -5.0017045E-08   2.1175578E-04   3.3678619E-05   7.0513085E-07  -3.5745147E-06  -2.5103599E-06   8.4770941E-04  -1.9459480E-04  -2.8731350E-05  -2.8485749E-02   3.9633475E-03  -2.9010236E-03   1.3127570E-03   6.4437028E-04  -1.1535851E-03  -2.9189565E-03  -2.8759397E-03  -7.9352694E-03  -1.0636762E-04   7.3909772E-05   7.0246499E-04   5.4731482E-04   6.4776307E-03   7.7801730E-03   6.8601718E-07  -6.8866364E-07
 -2.2964025E-06   1.8917201E-05  -2.4295146E-06  -6.1561788E-05   5.0032184E-04   1.4580362E-04  -8.6121473E-05  -2.2552551E-05   7.3795688E-07  -1.6571319E-02  -5.0278754E-04   3.0766845E-03  -1.5416190E-01   1.3861221E-03  -1.0258485E-03   1.7089679E-02   1.7721741E-03   3.5981867E-03  -1.8526237E-03   5.1144478E-03   1.7879844E-02  -1.8395378E-05  -5.8286023E-04   4.8465084E-03  -9.2897695E-04   7.7801730E-03   7.0558176E-02   1.0531224E-07  -4.2400674E-06
  1.8241770E-09  -1.6388285E-08   3.5328244E-09  -8.9435569E-08  -1.7699102E-07  -7.2631155E-07  -8.9220920E-08  -1.4170246E-07  -1.2439994E-08  -2.4618972E-04   4.8361338E-06   1.0362832E-04   3.7895449E-03   1.0833052E-04   4.3562970E-04   5.4539798E-04  -5.7692871E-05   1.9002543E-04  -1.7748882E-04  -5.3191314E-06   8.5897868E-05  -7.6974331E-09  -3.0672915E-07  -5.6981383E-07   4.1706483E-07   6.8601718E-07   1.0531224E-07   3.8101384E-07  -1.3087648E-09
 -2.0904602E-09  -5.5000602E-09  -5.1669805E-10  -1.0231742E-08   8.3972529E-07  -1.7704068E-07  -1.2024548E-07  -5.0306568E-08  -2.5905343E-08   6.7795123E-04  -1.7977034E-06  -3.7750056E-05   4.7064133E-04   1.4421107E-05  -4.0996954E-04  -1.3545939E-03   3.0122916E-05  -2.9292512E-05  -1.7165045E-05   4.0356394E-04   9.1109469E-04  -1.9712348E-07  -4.5648922E-07  -5.0837620E-07   3.1636264E-08  -6.8866364E-07  -4.2400674E-06  -1.3087648E-09   3.8700676E-07
