# omegabh2 omegach2 theta tau logA ns r calPlanck aps100 aps143 aps217 acib217 asz143 psr cibr xi aksz dust100 dust143 dust217 dust143x217 cal0 cal2
  4.8968365E-08  -2.4081784E-07   4.6951166E-08   3.7301077E-07   3.4251223E-07   6.7958009E-07   2.9462767E-07   2.5451719E-08  -6.9667187E-04  -5.4335231E-04   7.7834927E-05  -2.0837541E-04   3.1343296E-05   1.5474350E-06  -4.0680163E-06   1.0497561E-06  -4.3758531E-05   7.9353877E-07  -9.4631419E-10   8.2934878E-07  -1.3223735E-07   4.9821581E-09  -1.6662122E-08
 -2.4081784E-07   4.5659425E-06  -4.5444460E-07  -3.8048839E-06   3.0738482E-06  -1.0251149E-05  -9.0665078E-06  -1.2444089E-07   1.0223747E-03   1.8780273E-03   7.1682416E-04   2.8181598E-04  -6.9704893E-05  -2.2990025E-06   1.5043041E-05   5.6604032E-06   4.3294497E-06  -9.1023206E-06  -4.2677295E-06   1.3697803E-06  -2.2918783E-06  -5.1386125E-08   5.1360831E-08
  4.6951166E-08  -4.5444460E-07   2.2930299E-07   5.3579672E-07   2.2325973E-07   1.2776747E-06   4.4397264E-07   1.2641027E-08  -6.6694861E-05  -2.4302218E-04  -6.5978185E-05  -7.0907632E-05   5.1347456E-06   6.4037127E-08  -1.2088430E-06   7.2104731E-07   6.9580609E-06   1.7272587E-06   5.3566232E-07   2.6042551E-07  -4.2496470E-07   1.1563182E-08  -4.1379453E-09
  3.7301077E-07  -3.8048839E-06   5.3579672E-07   4.3912981E-05   7.8975480E-05   1.1000483E-05  -2.6809860E-06  -1.1789391E-08  -1.0619634E-02  -6.0730960E-03   1.3896040E-03  -2.5084429E-03   4.4415917E-04   2.3227910E-05  -4.3808260E-05   1.0264839E-05  -5.7633625E-04   1.8753243E-05  -2.8886967E-06   5.8380937E-06  -4.1122777E-06   5.2397597E-08  -2.9914036E-07
  3.4251223E-07   3.0738482E-06   2.2325973E-07   7.8975480E-05   1.9512791E-04  -3.2557275E-06  -3.1455380E-05   1.2460814E-05  -1.4647294E-02  -6.9947940E-03   1.2577361E-02  -5.9553877E-03   9.7369415E-04   7.3481358E-05  -1.0667059E-04   7.5375851E-05  -2.2701370E-03  -1.7970583E-05  -1.1583098E-04   3.9169243E-05  -2.8696836E-05   7.2518470E-07  -6.1554927E-07
  6.7958009E-07  -1.0251149E-05   1.2776747E-06   1.1000483E-05  -3.2557275E-06   3.4590540E-05   3.7512696E-05   4.8656383E-07  -2.6658054E-02  -1.1701291E-02   7.5952712E-03  -7.0315489E-03   6.8074396E-04   6.8731208E-05  -1.4402499E-04   6.8808907E-05  -1.9221291E-03   3.3097491E-05  -1.4485181E-05   2.8207419E-05  -2.4920058E-06  -2.5692963E-07  -5.0579635E-07
  2.9462767E-07  -9.0665078E-06   4.4397264E-07  -2.6809860E-06  -3.1455380E-05   3.7512696E-05   1.2594146E-03   8.8294601E-07  -3.5875725E-02  -8.1182185E-03   1.2310229E-02  -7.7773661E-03   1.5621097E-03   1.4814050E-04  -1.9440984E-04   1.4178659E-04  -2.8623663E-03  -1.3013182E-04  -8.9294664E-05   4.4465282E-06   1.4875596E-05  -3.1341195E-07  -1.1791061E-06
  2.5451719E-08  -1.2444089E-07   1.2641027E-08  -1.1789391E-08   1.2460814E-05   4.8656383E-07   8.8294601E-07   6.3417319E-06   2.7812363E-03   2.3177808E-04   1.2637806E-03   5.2715220E-04   9.5345087E-05   1.2023083E-06   3.1003050E-06   9.2881249E-07  -9.4380397E-05  -1.0091480E-05  -2.1385293E-07   5.9619953E-06  -2.3312732E-07   3.2938072E-08  -6.6333690E-08
 -6.9667187E-04   1.0223747E-03  -6.6694861E-05  -1.0619634E-02  -1.4647294E-02  -2.6658054E-02  -3.5875725E-02   2.7812363E-03   6.2654617E+02   6.6209035E+01  -5.8264910E+01   3.3862252E+01  -2.4984411E+01  -8.3457031E-01  -2.6142728E-02  -1.6863554E-01   1.0908818E+01  -1.3461853E-01   2.7855394E-01  -2.7778553E-01  -2.5034748E-01   7.0544063E-03   3.0411665E-03
 -5.4335231E-04   1.8780273E-03  -2.4302218E-04  -6.0730960E-03  -6.9947940E-03  -1.1701291E-02  -8.1182185E-03   2.3177808E-04   6.6209035E+01   7.1311066E+01   8.5556797E+00   7.8088484E+00  -6.1356728E-01  -2.4742716E-02   4.8118773E-01   8.7306299E-01  -8.1878153E+00  -4.8905875E-02  -2.1960835E-01   5.4022350E-02   7.0282424E-02   8.8689258E-04   8.9891322E-04
  7.7834927E-05   7.1682416E-04  -6.5978185E-05   1.3896040E-03   1.2577361E-02   7.5952712E-03   1.2310229E-02   1.2637806E-03  -5.8264910E+01   8.5556797E+00   1.7770859E+02  -8.4167028E+01   2.4724498E+00   3.5860330E-01  -1.0659568E+00   3.4115642E-01  -7.1688268E+00  -3.7880203E-02  -2.6815510E-01   5.5302733E-01   8.9669472E-03   1.5430494E-03  -7.8644632E-03
 -2.0837541E-04   2.8181598E-04  -7.0907632E-05  -2.5084429E-03  -5.9553877E-03  -7.0315489E-03  -7.7773661E-03   5.2715220E-04   3.3862252E+01   7.8088484E+00  -8.4167028E+01   5.2670180E+01   1.7458180E+00  -6.0306616E-02   7.3934316E-01  -2.6723339E-01  -2.7676021E+00   1.5639377E-02   1.6377468E-01  -4.4556435E-01  -1.1872853E-01  -4.7488468E-04   3.2276019E-03
  3.1343296E-05  -6.9704893E-05   5.1347456E-06   4.4415917E-04   9.7369415E-04   6.8074396E-04   1.5621097E-03   9.5345087E-05  -2.4984411E+01  -6.1356728E-01   2.4724498E+00   1.7458180E+00   4.3038850E+00   9.5451892E-02   1.5202525E-01  -5.4367066E-02  -3.5442045E+00  -3.5886487E-03  -2.8286590E-03   8.8547464E-03   5.1851264E-02   4.3116809E-04  -2.3065371E-04
  1.5474350E-06  -2.2990025E-06   6.4037127E-08   2.3227910E-05   7.3481358E-05   6.8731208E-05   1.4814050E-04   1.2023083E-06  -8.3457031E-01  -2.4742716E-02   3.5860330E-01  -6.0306616E-02   9.5451892E-02   1.5943581E-02  -1.6677718E-02   1.1200759E-02  -9.9779356E-02  -2.0737380E-04  -1.2290810E-03  -2.5277132E-03   5.0817854E-03   1.5567348E-05  -3.7678275E-05
 -4.0680163E-06   1.5043041E-05  -1.2088430E-06  -4.3808260E-05  -1.0667059E-04  -1.4402499E-04  -1.9440984E-04   3.1003050E-06  -2.6142728E-02   4.8118773E-01  -1.0659568E+00   7.3934316E-01   1.5202525E-01  -1.6677718E-02   6.6581763E-02   3.9341943E-03  -1.5614528E-01   3.7165663E-04   6.7827005E-03  -1.9725904E-04  -1.7489189E-02  -6.4740558E-06   9.5755281E-05
  1.0497561E-06   5.6604032E-06   7.2104731E-07   1.0264839E-05   7.5375851E-05   6.8808907E-05   1.4178659E-04   9.2881249E-07  -1.6863554E-01   8.7306299E-01   3.4115642E-01  -2.6723339E-01  -5.4367066E-02   1.1200759E-02   3.9341943E-03   8.2681378E-02   4.8154496E-02  -6.2590510E-04   3.1709763E-04   1.0616060E-03   5.2411518E-04   1.3180599E-05  -6.5534011E-06
 -4.3758531E-05   4.3294497E-06   6.9580609E-06  -5.7633625E-04  -2.2701370E-03  -1.9221291E-03  -2.8623663E-03  -9.4380397E-05   1.0908818E+01  -8.1878153E+00  -7.1688268E+00  -2.7676021E+00  -3.5442045E+00  -9.9779356E-02  -1.5614528E-01   4.8154496E-02   7.4225719E+00   9.1862287E-04  -1.1019301E-03  -3.8150502E-03  -4.8176246E-02  -3.6847811E-04   7.1903661E-05
  7.9353877E-07  -9.1023206E-06   1.7272587E-06   1.8753243E-05  -1.7970583E-05   3.3097491E-05  -1.3013182E-04  -1.0091480E-05  -1.3461853E-01  -4.8905875E-02  -3.7880203E-02   1.5639377E-02  -3.5886487E-03  -2.0737380E-04   3.7165663E-04  -6.2590510E-04   9.1862287E-04   3.7968407E-02   2.8161630E-03  -1.6804891E-04   4.2567697E-04   3.7656150E-05  -4.0787120E-06
 -9.4631419E-10  -4.2677295E-06   5.3566232E-07  -2.8886967E-06  -1.1583098E-04  -1.4485181E-05  -8.9294664E-05  -2.1385293E-07   2.7855394E-01  -2.1960835E-01  -2.6815510E-01   1.6377468E-01  -2.8286590E-03  -1.2290810E-03   6.7827005E-03   3.1709763E-04  -1.1019301E-03   2.8161630E-03   3.0614535E-02  -8.9396474E-04   5.1306871E-03  -7.9763917E-05  -4.6649814E-05
  8.2934878E-07   1.3697803E-06   2.6042551E-07   5.8380937E-06   3.9169243E-05   2.8207419E-05   4.4465282E-06   5.9619953E-06  -2.7778553E-01   5.4022350E-02   5.5302733E-01  -4.4556435E-01   8.8547464E-03  -2.5277132E-03  -1.9725904E-04   1.0616060E-03  -3.8150502E-03  -1.6804891E-04  -8.9396474E-04   1.0507529E-02   8.3895280E-03   3.7326763E-06   6.2065886E-05
 -1.3223735E-07  -2.2918783E-06  -4.2496470E-07  -4.1122777E-06  -2.8696836E-05  -2.4920058E-06   1.4875596E-05  -2.3312732E-07  -2.5034748E-01   7.0282424E-02   8.9669472E-03  -1.1872853E-01   5.1851264E-02   5.0817854E-03  -1.7489189E-02   5.2411518E-04  -4.8176246E-02   4.2567697E-04   5.1306871E-03   8.3895280E-03   2.6155867E-02  -3.3828760E-06   5.6370742E-05
  4.9821581E-09  -5.1386125E-08   1.1563182E-08   5.2397597E-08   7.2518470E-07  -2.5692963E-07  -3.1341195E-07   3.2938072E-08   7.0544063E-03   8.8689258E-04   1.5430494E-03  -4.7488468E-04   4.3116809E-04   1.5567348E-05  -6.4740558E-06   1.3180599E-05  -3.6847811E-04   3.7656150E-05  -7.9763917E-05   3.7326763E-06  -3.3828760E-06   1.1140265E-06   5.6094312E-08
 -1.6662122E-08   5.1360831E-08  -4.1379453E-09  -2.9914036E-07  -6.1554927E-07  -5.0579635E-07  -1.1791061E-06  -6.6333690E-08   3.0411665E-03   8.9891322E-04  -7.8644632E-03   3.2276019E-03  -2.3065371E-04  -3.7678275E-05   9.5755281E-05  -6.5534011E-06   7.1903661E-05  -4.0787120E-06  -4.6649814E-05   6.2065886E-05   5.6370742E-05   5.6094312E-08   2.4705325E-06
