# omegabh2 omegach2 theta tau w wa logA ns calPlanck alpha_JLA beta_JLA acib217 xi asz143 aps100 aps143 aps143217 aps217 aksz kgal100 kgal143 kgal143217 kgal217 cal0 cal2
  3.9719071E-08  -8.1394127E-08   2.7203810E-08   2.8995546E-07  -1.1144745E-08   8.7186636E-06   5.5204756E-07   3.2507755E-07   2.4844749E-08  -2.1203687E-08   2.4041633E-08  -1.3211508E-04   4.1818174E-06   4.0368398E-05  -7.0707555E-04  -4.2533834E-04  -1.2400060E-04  -2.2451012E-05  -5.3927836E-05  -6.2909883E-06  -1.5504068E-05  -2.0355563E-05   8.0791056E-06   3.2897302E-09  -2.4200733E-09
 -8.1394127E-08   1.6635294E-06  -1.0248037E-07  -3.4597387E-06   1.2225947E-05  -1.6034277E-04  -3.7658063E-06  -3.5651132E-06  -3.3014760E-07  -6.4730393E-08   9.1137698E-07   1.2712900E-04  -2.4765229E-06  -7.1490347E-05   1.0289641E-03   5.2500102E-04   1.4609462E-04  -3.0940229E-05   1.5317864E-04   1.3114226E-06   4.2728334E-05  -2.3581956E-05  -9.3511468E-05  -2.3523664E-08  -4.3167821E-09
  2.7203810E-08  -1.0248037E-07   1.9526799E-07   3.6717122E-07  -2.1144691E-06   2.6040120E-05   8.9687127E-07   4.8386193E-07   8.8304355E-08  -6.1069565E-08  -5.6041870E-07  -1.4092522E-05   1.3218658E-08   3.4293428E-06  -4.0962982E-05  -8.7915190E-05  -5.9698613E-05  -3.5868516E-05   1.3439714E-05   3.7057655E-06  -6.3470169E-06  -3.7483501E-06   2.9169266E-05  -1.4583535E-09  -4.1616436E-09
  2.8995546E-07  -3.4597387E-06   3.6717122E-07   3.9683951E-05  -6.0091554E-05   5.0698824E-04   6.8956368E-05   1.0417045E-05  -8.1916053E-07   4.6772733E-07  -3.2840260E-06  -1.3090968E-03   7.7408248E-05   5.8499393E-04  -7.9868380E-03  -3.7467230E-03  -7.0835293E-04  -1.2806852E-03  -6.2332474E-04  -3.7907208E-05  -3.5582582E-04   3.7513112E-04   9.1214733E-04   8.4801523E-08   4.4433606E-08
 -1.1144745E-08   1.2225947E-05  -2.1144691E-06  -6.0091554E-05   9.9649388E-03  -3.3725895E-02  -1.1966684E-04  -1.5220808E-05  -9.8895593E-06  -4.3918762E-05  -7.6420454E-04   1.6700978E-02  -9.2318657E-05   5.8201234E-04   2.4701624E-02  -2.1718934E-02  -2.1566378E-02  -3.0295746E-02   7.6484225E-04  -3.8871002E-03   2.0986936E-03  -3.3369370E-03  -1.9460864E-02  -5.3552984E-07  -1.4118323E-07
  8.7186636E-06  -1.6034277E-04   2.6040120E-05   5.0698824E-04  -3.3725895E-02   1.3581492E-01   8.2367480E-04   3.3934162E-04   6.8142497E-05   1.1958545E-04   1.9056816E-03  -8.3090582E-02   1.7092416E-03   3.4604552E-03  -2.5005269E-01   1.1641873E-02   6.4459975E-02   1.0495957E-01  -7.7096636E-03   1.1312812E-02  -1.5116905E-02   6.6986745E-03   7.4238767E-02   1.4674052E-06  -6.4307887E-07
  5.5204756E-07  -3.7658063E-06   8.9687127E-07   6.8956368E-05  -1.1966684E-04   8.2367480E-04   1.5115922E-04   1.2482144E-05   9.8731107E-06  -4.1212066E-08  -4.1091062E-06  -3.3142387E-03   1.8244783E-04   8.7825557E-04  -1.0025131E-02  -5.4946915E-03   1.1081220E-03   4.1050277E-03  -1.6053873E-03  -1.6183554E-04  -9.5220472E-04  -3.1319549E-05   3.0286479E-03   2.8181782E-07   2.3826861E-08
  3.2507755E-07  -3.5651132E-06   4.8386193E-07   1.0417045E-05  -1.5220808E-05   3.3934162E-04   1.2482144E-05   1.9008436E-05   7.8143274E-07  -5.8097656E-08  -3.1241914E-07  -4.5764542E-03   1.1355770E-04   1.1171568E-03  -2.6914827E-02  -8.1743049E-03   1.1326441E-03   4.5051805E-03  -2.5699481E-03   3.6337328E-04  -4.5907575E-04  -3.3916638E-04   1.3467006E-03  -1.0111281E-07  -2.6643129E-08
  2.4844749E-08  -3.3014760E-07   8.8304355E-08  -8.1916053E-07  -9.8895593E-06   6.8142497E-05   9.8731107E-06   7.8143274E-07   6.1177030E-06  -3.0347144E-07   7.4759557E-07   4.3442038E-04  -4.7983413E-06  -9.0924568E-05   4.2058412E-03   3.6499852E-04   1.3048943E-04   1.5943783E-03   5.7159000E-05   1.2373370E-04   1.1264297E-04  -1.1528334E-04   6.7668968E-04  -5.6260217E-09  -1.6522363E-08
 -2.1203687E-08  -6.4730393E-08  -6.1069565E-08   4.6772733E-07  -4.3918762E-05   1.1958545E-04  -4.1212066E-08  -5.8097656E-08  -3.0347144E-07   4.3284834E-05  -3.6526941E-05  -8.8615927E-04  -1.6215605E-05   5.0656378E-05   2.6549563E-04   2.1480573E-04  -3.4455203E-04   1.2737772E-03   9.6239615E-05  -5.0579171E-05   2.5896285E-05   5.8877649E-04   1.0399068E-03   5.5212756E-08   9.6711727E-08
  2.4041633E-08   9.1137698E-07  -5.6041870E-07  -3.2840260E-06  -7.6420454E-04   1.9056816E-03  -4.1091062E-06  -3.1241914E-07   7.4759557E-07  -3.6526941E-05   6.1992443E-03   1.0736603E-03   4.3978296E-04   5.1728191E-03  -7.8613851E-02  -1.9670288E-03   1.4540964E-02   4.1380359E-03  -3.1397245E-03   4.2787017E-03   9.1147250E-04   5.8527081E-03   1.9897635E-03   1.0965444E-06  -1.6864189E-07
 -1.3211508E-04   1.2712900E-04  -1.4092522E-05  -1.3090968E-03   1.6700978E-02  -8.3090582E-02  -3.3142387E-03  -4.5764542E-03   4.3442038E-04  -8.8615927E-04   1.0736603E-03   4.4850316E+01  -3.4783212E-01  -8.9554855E-01   3.6262233E+01   3.5854268E+00  -1.1452615E+01  -5.4505652E+01  -2.7233866E-01   1.5369084E-01   4.6875643E-01  -5.6303632E+00  -3.3288744E+01  -1.9366065E-04   7.2317839E-04
  4.1818174E-06  -2.4765229E-06   1.3218658E-08   7.7408248E-05  -9.2318657E-05   1.7092416E-03   1.8244783E-04   1.1355770E-04  -4.7983413E-06  -1.6215605E-05   4.3978296E-04  -3.4783212E-01   8.0311241E-02  -4.0336559E-02  -5.5073960E-01   8.3933806E-01   1.5784217E+00   5.3807282E-01   3.4944418E-02  -4.5534921E-03   1.4792679E-02   1.0808884E-01   1.3126720E-01   2.0375727E-06   2.0027827E-06
  4.0368398E-05  -7.1490347E-05   3.4293428E-06   5.8499393E-04   5.8201234E-04   3.4604552E-03   8.7825557E-04   1.1171568E-03  -9.0924568E-05   5.0656378E-05   5.1728191E-03  -8.9554855E-01  -4.0336559E-02   3.9545904E+00  -3.1736325E+01  -3.2231036E+00   7.9664434E+00   5.4900657E+00  -2.9803147E+00  -1.2727622E-01   2.1398325E-01   2.7896435E+00   3.4671173E+00   8.5023878E-05  -2.8811487E-05
 -7.0707555E-04   1.0289641E-03  -4.0962982E-05  -7.9868380E-03   2.4701624E-02  -2.5005269E-01  -1.0025131E-02  -2.6914827E-02   4.2058412E-03   2.6549563E-04  -7.8613851E-02   3.6262233E+01  -5.5073960E-01  -3.1736325E+01   8.1345325E+02   7.1701590E+01  -5.6170766E+01  -5.9191168E+01   1.6609913E+01  -8.3301706E+00   5.5242620E+00  -1.3716327E+01  -2.6469602E+01   4.3276297E-03   3.4365741E-04
 -4.2533834E-04   5.2500102E-04  -8.7915190E-05  -3.7467230E-03  -2.1718934E-02   1.1641873E-02  -5.4946915E-03  -8.1743049E-03   3.6499852E-04   2.1480573E-04  -1.9670288E-03   3.5854268E+00   8.3933806E-01  -3.2231036E+00   7.1701590E+01   6.4583235E+01   4.1224900E+01   1.5779543E+01  -5.4485285E+00  -4.2745175E-01  -9.1928687E-01   3.9125311E+00   4.0257629E+00   2.6928972E-05   1.0130193E-04
 -1.2400060E-04   1.4609462E-04  -5.9698613E-05  -7.0835293E-04  -2.1566378E-02   6.4459975E-02   1.1081220E-03   1.1326441E-03   1.3048943E-04  -3.4455203E-04   1.4540964E-02  -1.1452615E+01   1.5784217E+00   7.9664434E+00  -5.6170766E+01   4.1224900E+01   8.4160461E+01   5.2424945E+01  -1.2982750E+01  -6.3589362E-01  -1.7174345E-01   5.6970598E+00   8.7725235E+00   2.9508422E-04  -2.7055814E-04
 -2.2451012E-05  -3.0940229E-05  -3.5868516E-05  -1.2806852E-03  -3.0295746E-02   1.0495957E-01   4.1050277E-03   4.5051805E-03   1.5943783E-03   1.2737772E-03   4.1380359E-03  -5.4505652E+01   5.3807282E-01   5.4900657E+00  -5.9191168E+01   1.5779543E+01   5.2424945E+01   1.0410891E+02  -9.8755435E+00  -4.9091592E-01  -7.9007759E-01   5.9603283E+00   3.4010044E+01   4.3716363E-04  -1.3096229E-03
 -5.3927836E-05   1.5317864E-04   1.3439714E-05  -6.2332474E-04   7.6484225E-04  -7.7096636E-03  -1.6053873E-03  -2.5699481E-03   5.7159000E-05   9.6239615E-05  -3.1397245E-03  -2.7233866E-01   3.4944418E-02  -2.9803147E+00   1.6609913E+01  -5.4485285E+00  -1.2982750E+01  -9.8755435E+00   6.4493515E+00   7.5131694E-02  -3.3279226E-01  -2.5103149E+00  -2.6965784E+00  -5.4811477E-05  -2.2425190E-05
 -6.2909883E-06   1.3114226E-06   3.7057655E-06  -3.7907208E-05  -3.8871002E-03   1.1312812E-02  -1.6183554E-04   3.6337328E-04   1.2373370E-04  -5.0579171E-05   4.2787017E-03   1.5369084E-01  -4.5534921E-03  -1.2727622E-01  -8.3301706E+00  -4.2745175E-01  -6.3589362E-01  -4.9091592E-01   7.5131694E-02   3.4483509E+00   5.1550079E-01   2.5031934E-01   3.0219717E-01   1.6741588E-04   3.4665582E-05
 -1.5504068E-05   4.2728334E-05  -6.3470169E-06  -3.5582582E-04   2.0986936E-03  -1.5116905E-02  -9.5220472E-04  -4.5907575E-04   1.1264297E-04   2.5896285E-05   9.1147250E-04   4.6875643E-01   1.4792679E-02   2.1398325E-01   5.5242620E+00  -9.1928687E-01  -1.7174345E-01  -7.9007759E-01  -3.3279226E-01   5.1550079E-01   3.2677297E+00   2.9331819E+00   3.0099584E+00  -1.8756108E-04  -2.5775526E-05
 -2.0355563E-05  -2.3581956E-05  -3.7483501E-06   3.7513112E-04  -3.3369370E-03   6.6986745E-03  -3.1319549E-05  -3.3916638E-04  -1.1528334E-04   5.8877649E-04   5.8527081E-03  -5.6303632E+00   1.0808884E-01   2.7896435E+00  -1.3716327E+01   3.9125311E+00   5.6970598E+00   5.9603283E+00  -2.5103149E+00   2.5031934E-01   2.9331819E+00   1.1199254E+01   1.9600804E+01  -4.7885466E-05   4.3709602E-04
  8.0791056E-06  -9.3511468E-05   2.9169266E-05   9.1214733E-04  -1.9460864E-02   7.4238767E-02   3.0286479E-03   1.3467006E-03   6.7668968E-04   1.0399068E-03   1.9897635E-03  -3.3288744E+01   1.3126720E-01   3.4671173E+00  -2.6469602E+01   4.0257629E+00   8.7725235E+00   3.4010044E+01  -2.6965784E+00   3.0219717E-01   3.0099584E+00   1.9600804E+01   5.3804297E+01   5.3092260E-05   9.5303473E-04
  3.2897302E-09  -2.3523664E-08  -1.4583535E-09   8.4801523E-08  -5.3552984E-07   1.4674052E-06   2.8181782E-07  -1.0111281E-07  -5.6260217E-09   5.5212756E-08   1.0965444E-06  -1.9366065E-04   2.0375727E-06   8.5023878E-05   4.3276297E-03   2.6928972E-05   2.9508422E-04   4.3716363E-04  -5.4811477E-05   1.6741588E-04  -1.8756108E-04  -4.7885466E-05   5.3092260E-05   3.9042227E-07   6.0115689E-09
 -2.4200733E-09  -4.3167821E-09  -4.1616436E-09   4.4433606E-08  -1.4118323E-07  -6.4307887E-07   2.3826861E-08  -2.6643129E-08  -1.6522363E-08   9.6711727E-08  -1.6864189E-07   7.2317839E-04   2.0027827E-06  -2.8811487E-05   3.4365741E-04   1.0130193E-04  -2.7055814E-04  -1.3096229E-03  -2.2425190E-05   3.4665582E-05  -2.5775526E-05   4.3709602E-04   9.5303473E-04   6.0115689E-09   3.8985853E-07
