# omegabh2 omegach2 theta tau mnu nnu logA ns calPlanck acib217 xi asz143 aps100 aps143 aps143217 aps217 aksz kgal100 kgal143 kgal143217 kgal217 cal0 cal2
  4.8266709E-08   2.6544753E-07  -1.2756061E-08   3.3969079E-07   9.9797659E-07   2.0721189E-05   1.5247972E-06   9.5479206E-07   1.6462728E-08  -2.6250059E-05   1.4664096E-07   1.1150703E-05  -1.3183848E-04  -1.4778935E-04  -5.7841668E-05  -2.5315349E-05  -1.2980064E-05   1.1206330E-05   6.0755534E-06  -4.3502991E-06   1.3269683E-06  -7.6280525E-10   2.9945521E-10
  2.6544753E-07   7.6670874E-06  -7.0028618E-07  -1.9107129E-06   1.2946201E-05   4.2203551E-04   1.5600275E-05   1.2002889E-05  -3.1533216E-07   1.7254496E-03  -3.4496981E-05  -4.4425502E-04   9.4430852E-03   5.2963145E-03   1.9087583E-03   2.4672929E-04   7.9367592E-04   9.5867659E-05   2.2304744E-04   2.5238958E-04  -2.0232525E-04  -1.4718207E-08   6.1623116E-08
 -1.2756061E-08  -7.0028618E-07   2.4741918E-07   1.9125119E-07  -1.4899112E-06  -4.3502158E-05  -1.2313252E-06  -1.1649149E-06   1.8363712E-08  -1.8251923E-04   2.8560222E-06   4.9390674E-05  -9.5162511E-04  -5.6497734E-04  -2.1177883E-04  -4.7397374E-05  -8.1170232E-05  -1.0533479E-05  -3.4466473E-05  -3.7755220E-05   1.6148966E-05   2.9033091E-09  -1.1094398E-08
  3.3969079E-07  -1.9107129E-06   1.9125119E-07   5.7138509E-05   7.3487232E-05   8.6761252E-05   1.0774472E-04   1.2734154E-05  -6.3823819E-07  -5.2363381E-04   1.5408182E-05   4.2348204E-04  -4.3867407E-03  -3.3920167E-03  -8.9591444E-04  -5.9087521E-04  -5.1566364E-04   8.7583307E-05   1.0743541E-04  -5.8278820E-05  -2.6928550E-04  -5.0450679E-08   1.4100022E-08
  9.9797659E-07   1.2946201E-05  -1.4899112E-06   7.3487232E-05   1.7555391E-03   1.3351631E-03   1.9554999E-04   6.3795961E-05   6.5135685E-06   7.0934874E-03   1.0861109E-05  -1.9182698E-03   3.7260784E-02   2.8438171E-02   1.5665376E-02   8.0173331E-03   7.3563445E-04  -6.0030435E-04  -6.6519290E-04   8.4967482E-05  -1.0240742E-03  -3.8135409E-08   2.1268265E-07
  2.0721189E-05   4.2203551E-04  -4.3502158E-05   8.6761252E-05   1.3351631E-03   2.7852790E-02   1.2937508E-03   9.7238740E-04  -2.5627124E-06   1.1620681E-01  -2.1784604E-03  -2.7232224E-02   5.9278395E-01   3.1863299E-01   1.2099729E-01   1.9050747E-02   4.6336803E-02   7.8251986E-03   1.2341957E-02   9.9853585E-03  -2.7764572E-02  -3.3894185E-07   3.6626630E-06
  1.5247972E-06   1.5600275E-05  -1.2313252E-06   1.0774472E-04   1.9554999E-04   1.2937508E-03   2.8094904E-04   5.7967316E-05   1.0589267E-05   2.3938748E-03  -6.6689354E-06  -4.4574550E-04   2.1379155E-02   8.2929989E-03   5.7483156E-03   6.4271490E-03   3.1013239E-04   2.6369318E-05   3.0167205E-04  -4.0099435E-05   6.5463608E-04   5.6565742E-08   1.2466633E-07
  9.5479206E-07   1.2002889E-05  -1.1649149E-06   1.2734154E-05   6.3795961E-05   9.7238740E-04   5.7967316E-05   5.0685833E-05   6.4616121E-07  -2.2602605E-04   9.9689771E-06   1.0232175E-04  -4.6770546E-03   3.6535549E-03   5.6800023E-03   5.6580879E-03  -9.0000233E-04   6.4118823E-04   5.9887316E-05  -2.3329801E-05   1.9420645E-04  -1.4357274E-07   6.8823022E-08
  1.6462728E-08  -3.1533216E-07   1.8363712E-08  -6.3823819E-07   6.5135685E-06  -2.5627124E-06   1.0589267E-05   6.4616121E-07   6.3063576E-06   4.0196205E-04   5.7242312E-06  -6.9929868E-05   4.4385458E-03   4.9510901E-04   2.6637367E-04   1.5446262E-03   4.8670068E-05  -1.9806496E-05   5.4600481E-05  -3.3099439E-06   9.1064651E-04   2.7999027E-09  -6.7796184E-09
 -2.6250059E-05   1.7254496E-03  -1.8251923E-04  -5.2363381E-04   7.0934874E-03   1.1620681E-01   2.3938748E-03  -2.2602605E-04   4.0196205E-04   4.5906925E+01  -4.0768909E-01  -1.1389642E+00   4.0266166E+01   3.4027251E+00  -1.3303382E+01  -5.6210540E+01   3.4641340E-01   1.7849085E-01   5.7566948E-01  -5.8803742E+00  -3.4062911E+01  -2.0257723E-04   7.9377231E-04
  1.4664096E-07  -3.4496981E-05   2.8560222E-06   1.5408182E-05   1.0861109E-05  -2.1784604E-03  -6.6689354E-06   9.9689771E-06   5.7242312E-06  -4.0768909E-01   8.2029317E-02  -4.3874909E-02  -6.0179003E-01   8.8742786E-01   1.6396451E+00   6.2627472E-01   4.4453243E-02  -3.4503192E-03   1.3752377E-02   1.1743677E-01   1.7029049E-01   1.0803802E-06  -2.0953570E-06
  1.1150703E-05  -4.4425502E-04   4.9390674E-05   4.2348204E-04  -1.9182698E-03  -2.7232224E-02  -4.4574550E-04   1.0232175E-04  -6.9929868E-05  -1.1389642E+00  -4.3874909E-02   4.0079719E+00  -3.1743349E+01  -3.6159276E+00   8.0330157E+00   5.8220627E+00  -3.0241126E+00  -2.2204789E-01   1.4891326E-01   2.7370209E+00   3.5467264E+00   1.1013602E-04  -5.2503200E-05
 -1.3183848E-04   9.4430852E-03  -9.5162511E-04  -4.3867407E-03   3.7260784E-02   5.9278395E-01   2.1379155E-02  -4.6770546E-03   4.4385458E-03   4.0266166E+01  -6.0179003E-01  -3.1743349E+01   8.0263633E+02   7.8800635E+01  -5.3638020E+01  -6.2051411E+01   1.6496002E+01  -5.9359413E+00   5.2869719E+00  -1.2933551E+01  -2.7194112E+01   4.1022115E-03   5.8283311E-04
 -1.4778935E-04   5.2963145E-03  -5.6497734E-04  -3.3920167E-03   2.8438171E-02   3.1863299E-01   8.2929989E-03   3.6535549E-03   4.9510901E-04   3.4027251E+00   8.8742786E-01  -3.6159276E+00   7.8800635E+01   6.8013297E+01   4.3414598E+01   1.7253117E+01  -4.6170537E+00  -4.7790214E-01  -1.1439748E+00   3.6296123E+00   3.5976348E+00   1.4457310E-04   3.2597961E-05
 -5.7841668E-05   1.9087583E-03  -2.1177883E-04  -8.9591444E-04   1.5665376E-02   1.2099729E-01   5.7483156E-03   5.6800023E-03   2.6637367E-04  -1.3303382E+01   1.6396451E+00   8.0330157E+00  -5.3638020E+01   4.3414598E+01   8.8242094E+01   5.6518448E+01  -1.2744528E+01  -9.6966451E-01  -5.6754499E-01   5.5013075E+00   9.3264908E+00   4.0924936E-04  -4.8691854E-04
 -2.5315349E-05   2.4672929E-04  -4.7397374E-05  -5.9087521E-04   8.0173331E-03   1.9050747E-02   6.4271490E-03   5.6580879E-03   1.5446262E-03  -5.6210540E+01   6.2627472E-01   5.8220627E+00  -6.2051411E+01   1.7253117E+01   5.6518448E+01   1.0751341E+02  -1.0408844E+01  -7.8649716E-01  -1.2881306E+00   5.8945802E+00   3.4730504E+01   5.1646613E-04  -1.4861699E-03
 -1.2980064E-05   7.9367592E-04  -8.1170232E-05  -5.1566364E-04   7.3563445E-04   4.6336803E-02   3.1013239E-04  -9.0000233E-04   4.8670068E-05   3.4641340E-01   4.4453243E-02  -3.0241126E+00   1.6496002E+01  -4.6170537E+00  -1.2744528E+01  -1.0408844E+01   6.4855693E+00   1.8308904E-01  -1.4939272E-01  -2.2251978E+00  -2.6756584E+00  -1.0509759E-04   4.3356336E-05
  1.1206330E-05   9.5867659E-05  -1.0533479E-05   8.7583307E-05  -6.0030435E-04   7.8251986E-03   2.6369318E-05   6.4118823E-04  -1.9806496E-05   1.7849085E-01  -3.4503192E-03  -2.2204789E-01  -5.9359413E+00  -4.7790214E-01  -9.6966451E-01  -7.8649716E-01   1.8308904E-01   3.3577806E+00   6.1432036E-01   2.1651029E-01   1.8030499E-01   1.6618616E-04   7.1203090E-06
  6.0755534E-06   2.2304744E-04  -3.4466473E-05   1.0743541E-04  -6.6519290E-04   1.2341957E-02   3.0167205E-04   5.9887316E-05   5.4600481E-05   5.7566948E-01   1.3752377E-02   1.4891326E-01   5.2869719E+00  -1.1439748E+00  -5.6754499E-01  -1.2881306E+00  -1.4939272E-01   6.1432036E-01   3.1522038E+00   2.7081809E+00   2.7275906E+00  -1.6677149E-04  -2.4131728E-05
 -4.3502991E-06   2.5238958E-04  -3.7755220E-05  -5.8278820E-05   8.4967482E-05   9.9853585E-03  -4.0099435E-05  -2.3329801E-05  -3.3099439E-06  -5.8803742E+00   1.1743677E-01   2.7370209E+00  -1.2933551E+01   3.6296123E+00   5.5013075E+00   5.8945802E+00  -2.2251978E+00   2.1651029E-01   2.7081809E+00   1.0949256E+01   1.9403011E+01   1.0169625E-05   3.9523758E-04
  1.3269683E-06  -2.0232525E-04   1.6148966E-05  -2.6928550E-04  -1.0240742E-03  -2.7764572E-02   6.5463608E-04   1.9420645E-04   9.1064651E-04  -3.4062911E+01   1.7029049E-01   3.5467264E+00  -2.7194112E+01   3.5976348E+00   9.3264908E+00   3.4730504E+01  -2.6756584E+00   1.8030499E-01   2.7275906E+00   1.9403011E+01   5.3853892E+01   1.1212766E-04   8.3683674E-04
 -7.6280525E-10  -1.4718207E-08   2.9033091E-09  -5.0450679E-08  -3.8135409E-08  -3.3894185E-07   5.6565742E-08  -1.4357274E-07   2.7999027E-09  -2.0257723E-04   1.0803802E-06   1.1013602E-04   4.1022115E-03   1.4457310E-04   4.0924936E-04   5.1646613E-04  -1.0509759E-04   1.6618616E-04  -1.6677149E-04   1.0169625E-05   1.1212766E-04   3.8452174E-07  -8.2113175E-09
  2.9945521E-10   6.1623116E-08  -1.1094398E-08   1.4100022E-08   2.1268265E-07   3.6626630E-06   1.2466633E-07   6.8823022E-08  -6.7796184E-09   7.9377231E-04  -2.0953570E-06  -5.2503200E-05   5.8283311E-04   3.2597961E-05  -4.8691854E-04  -1.4861699E-03   4.3356336E-05   7.1203090E-06  -2.4131728E-05   3.9523758E-04   8.3683674E-04  -8.2113175E-09   3.8626708E-07
