# omegabh2 omegach2 theta tau nnu yhe logA ns calPlanck acib217 xi asz143 aps100 aps143 aps143217 aps217 aksz kgal100 kgal143 kgal143217 kgal217 cal0 cal2
  5.9229810E-08  -6.3046000E-08   1.1411339E-07   3.6154944E-07  -1.3936506E-06   2.8077132E-06   1.3647412E-06   1.2742833E-06   1.1673891E-09   8.3168525E-05  -2.0803626E-06  -7.3860194E-06   3.8180622E-04   1.5835028E-04   7.7856667E-05   3.2178910E-05   2.2578564E-05   3.8269890E-05   2.1303711E-05  -5.2532541E-07  -4.9183028E-05  -3.1950092E-09  -6.4458886E-11
 -6.3046000E-08   4.3822331E-05  -1.0796844E-05  -9.2828322E-06   2.7607245E-03  -1.5764226E-04   4.2297067E-05   1.3952488E-05  -8.6888711E-07  -2.6329131E-03   1.5529222E-06   2.3868301E-04  -6.6876022E-03  -7.5694657E-03  -6.3885097E-03  -3.6653191E-03  -1.7718477E-04   9.8868161E-05   9.6937627E-05   8.2273805E-04   2.6098906E-03  -1.0027446E-08   2.9178169E-08
  1.1411339E-07  -1.0796844E-05   3.2646946E-06   2.2993529E-06  -6.9924512E-04   5.1342668E-05  -7.4376539E-06   4.0163803E-07   1.0630689E-07   1.5793414E-03  -1.6752992E-05  -2.6732025E-04   6.3505495E-03   4.4140026E-03   2.5647198E-03   1.0970037E-03   4.4718050E-04   6.9727574E-05   5.6175584E-05  -1.2819084E-04  -8.6740440E-04  -4.3805856E-10   1.7434538E-08
  3.6154944E-07  -9.2828322E-06   2.2993529E-06   5.3463277E-05  -4.0950636E-04   3.6212037E-05   9.1716184E-05   1.2731913E-05  -9.2658641E-07  -4.7246088E-04  -3.7994941E-06  -3.5794858E-04   9.8680482E-04  -7.9124937E-04  -1.3945583E-03  -4.8391126E-04  -3.7881938E-05   1.0170669E-04  -3.7622146E-04  -7.0873083E-04  -1.0002757E-03  -8.4689998E-08   2.1474199E-08
 -1.3936506E-06   2.7607245E-03  -6.9924512E-04  -4.0950636E-04   1.7892976E-01  -1.0288798E-02   2.9659616E-03   1.0525363E-03  -3.5941789E-05  -1.8492185E-01   3.7982226E-05   2.1101278E-02  -5.1118146E-01  -5.4162309E-01  -4.3039517E-01  -2.2743828E-01  -2.1886649E-02   5.3055839E-03   1.8355926E-03   4.5319589E-02   1.6298136E-01   4.1277521E-08   1.7516011E-06
  2.8077132E-06  -1.5764226E-04   5.1342668E-05   3.6212037E-05  -1.0288798E-02   9.3488618E-04  -6.1670810E-05   6.9211425E-05   5.3872278E-07   3.6650600E-02  -4.8856408E-04  -6.8403846E-03   1.5526144E-01   1.0557539E-01   5.5422526E-02   2.2635256E-02   1.1443319E-02   1.8217454E-03   2.2117206E-03  -2.1104916E-04  -1.6237425E-02  -2.5104332E-07   4.2725571E-07
  1.3647412E-06   4.2297067E-05  -7.4376539E-06   9.1716184E-05   2.9659616E-03  -6.1670810E-05   2.8766142E-04   7.3273662E-05   9.1835312E-06   1.9741089E-03  -2.2160608E-05  -1.9507634E-03   2.8125417E-02   8.2567670E-03  -8.6194012E-04   1.2807598E-03   1.6591530E-03   2.4013921E-04  -7.4691973E-04  -4.3485510E-04   7.4943200E-04  -1.0007042E-07   2.2915088E-07
  1.2742833E-06   1.3952488E-05   4.0163803E-07   1.2731913E-05   1.0525363E-03   6.9211425E-05   7.3273662E-05   7.2627846E-05  -2.4976977E-08   3.8571417E-03  -8.5387771E-05  -8.6851033E-04   1.9033309E-02   1.7534073E-02   1.0416112E-02   7.3983373E-03   1.0561481E-03   1.0734191E-03   4.3939671E-04   9.6473539E-04   2.1184414E-04  -2.2859608E-07   1.8865015E-07
  1.1673891E-09  -8.6888711E-07   1.0630689E-07  -9.2658641E-07  -3.5941789E-05   5.3872278E-07   9.1835312E-06  -2.4976977E-08   6.3999437E-06   9.6907938E-04   2.0318817E-05   1.8051790E-05   3.2431891E-03   5.0860794E-04   5.6435591E-04   7.7578319E-04   3.7121616E-06  -1.7712909E-04  -8.6624874E-05  -1.1021573E-04   4.0521038E-04  -4.4717408E-09   1.6965223E-08
  8.3168525E-05  -2.6329131E-03   1.5793414E-03  -4.7246088E-04  -1.8492185E-01   3.6650600E-02   1.9741089E-03   3.8571417E-03   9.6907938E-04   4.7183296E+01  -4.2984971E-01  -8.0111288E-01   4.4799568E+01   8.9422976E+00  -8.1842888E+00  -5.2058369E+01   2.0128029E-01   3.6098335E-01   9.4294282E-01  -5.8209158E+00  -3.5096539E+01  -2.1551404E-04   6.9463298E-04
 -2.0803626E-06   1.5529222E-06  -1.6752992E-05  -3.7994941E-06   3.7982226E-05  -4.8856408E-04  -2.2160608E-05  -8.5387771E-05   2.0318817E-05  -4.2984971E-01   8.2953698E-02  -4.8524269E-02  -6.0742522E-01   7.4615734E-01   1.5557745E+00   5.8245849E-01   3.2168437E-02  -2.3927255E-02  -2.5646923E-03   8.1165126E-02   1.3040622E-01   1.2710621E-06  -2.9821833E-06
 -7.3860194E-06   2.3868301E-04  -2.6732025E-04  -3.5794858E-04   2.1101278E-02  -6.8403846E-03  -1.9507634E-03  -8.6851033E-04   1.8051790E-05  -8.0111288E-01  -4.8524269E-02   4.0866129E+00  -3.2534018E+01  -4.6580868E+00   7.0622274E+00   4.5903370E+00  -3.1140178E+00  -1.4202675E-01   2.2904129E-01   2.8107524E+00   3.4091378E+00   1.1315331E-04  -4.3897450E-05
  3.8180622E-04  -6.6876022E-03   6.3505495E-03   9.8680482E-04  -5.1118146E-01   1.5526144E-01   2.8125417E-02   1.9033309E-02   3.2431891E-03   4.4799568E+01  -6.0742522E-01  -3.2534018E+01   8.4392637E+02   1.0072576E+02  -3.4614304E+01  -4.8478306E+01   1.8682271E+01  -6.1011751E+00   5.6165163E+00  -1.4015116E+01  -3.0319023E+01   4.2084177E-03   5.4985447E-04
  1.5835028E-04  -7.5694657E-03   4.4140026E-03  -7.9124937E-04  -5.4162309E-01   1.0557539E-01   8.2567670E-03   1.7534073E-02   5.0860794E-04   8.9422976E+00   7.4615734E-01  -4.6580868E+00   1.0072576E+02   8.0305520E+01   4.8042249E+01   1.8704051E+01  -2.8224029E+00  -2.5738472E-01  -9.8693154E-01   3.6244447E+00   1.6740210E+00   1.1049299E-04   1.5513953E-04
  7.7856667E-05  -6.3885097E-03   2.5647198E-03  -1.3945583E-03  -4.3039517E-01   5.5422526E-02  -8.6194012E-04   1.0416112E-02   5.6435591E-04  -8.1842888E+00   1.5557745E+00   7.0622274E+00  -3.4614304E+01   4.8042249E+01   8.7717909E+01   5.3173789E+01  -1.1576012E+01  -9.8859930E-01  -3.4805946E-01   5.1048557E+00   6.4750318E+00   3.7407011E-04  -3.6280513E-04
  3.2178910E-05  -3.6653191E-03   1.0970037E-03  -4.8391126E-04  -2.2743828E-01   2.2635256E-02   1.2807598E-03   7.3983373E-03   7.7578319E-04  -5.2058369E+01   5.8245849E-01   4.5903370E+00  -4.8478306E+01   1.8704051E+01   5.3173789E+01   1.0070580E+02  -9.0625062E+00  -7.2692510E-01  -1.3284026E+00   5.7739992E+00   3.3201097E+01   5.3535358E-04  -1.2028922E-03
  2.2578564E-05  -1.7718477E-04   4.4718050E-04  -3.7881938E-05  -2.1886649E-02   1.1443319E-02   1.6591530E-03   1.0561481E-03   3.7121616E-06   2.0128029E-01   3.2168437E-02  -3.1140178E+00   1.8682271E+01  -2.8224029E+00  -1.1576012E+01  -9.0625062E+00   6.7249882E+00   5.8087839E-02  -2.9036010E-01  -2.2784335E+00  -2.4465172E+00  -8.9021183E-05   4.8003125E-05
  3.8269890E-05   9.8868161E-05   6.9727574E-05   1.0170669E-04   5.3055839E-03   1.8217454E-03   2.4013921E-04   1.0734191E-03  -1.7712909E-04   3.6098335E-01  -2.3927255E-02  -1.4202675E-01  -6.1011751E+00  -2.5738472E-01  -9.8859930E-01  -7.2692510E-01   5.8087839E-02   3.4047507E+00   6.3007330E-01   3.4724572E-01   2.9534984E-01   1.3767110E-04   2.8877544E-05
  2.1303711E-05   9.6937627E-05   5.6175584E-05  -3.7622146E-04   1.8355926E-03   2.2117206E-03  -7.4691973E-04   4.3939671E-04  -8.6624874E-05   9.4294282E-01  -2.5646923E-03   2.2904129E-01   5.6165163E+00  -9.8693154E-01  -3.4805946E-01  -1.3284026E+00  -2.9036010E-01   6.3007330E-01   3.1567351E+00   2.6608533E+00   2.4850767E+00  -1.6392478E-04  -2.7545449E-05
 -5.2532541E-07   8.2273805E-04  -1.2819084E-04  -7.0873083E-04   4.5319589E-02  -2.1104916E-04  -4.3485510E-04   9.6473539E-04  -1.1021573E-04  -5.8209158E+00   8.1165126E-02   2.8107524E+00  -1.4015116E+01   3.6244447E+00   5.1048557E+00   5.7739992E+00  -2.2784335E+00   3.4724572E-01   2.6608533E+00   1.1064172E+01   1.9870647E+01   4.6782013E-05   4.2996018E-04
 -4.9183028E-05   2.6098906E-03  -8.6740440E-04  -1.0002757E-03   1.6298136E-01  -1.6237425E-02   7.4943200E-04   2.1184414E-04   4.0521038E-04  -3.5096539E+01   1.3040622E-01   3.4091378E+00  -3.0319023E+01   1.6740210E+00   6.4750318E+00   3.3201097E+01  -2.4465172E+00   2.9534984E-01   2.4850767E+00   1.9870647E+01   5.5989375E+01   1.7665674E-04   9.4423270E-04
 -3.1950092E-09  -1.0027446E-08  -4.3805856E-10  -8.4689998E-08   4.1277521E-08  -2.5104332E-07  -1.0007042E-07  -2.2859608E-07  -4.4717408E-09  -2.1551404E-04   1.2710621E-06   1.1315331E-04   4.2084177E-03   1.1049299E-04   3.7407011E-04   5.3535358E-04  -8.9021183E-05   1.3767110E-04  -1.6392478E-04   4.6782013E-05   1.7665674E-04   3.7442187E-07   7.3010676E-09
 -6.4458886E-11   2.9178169E-08   1.7434538E-08   2.1474199E-08   1.7516011E-06   4.2725571E-07   2.2915088E-07   1.8865015E-07   1.6965223E-08   6.9463298E-04  -2.9821833E-06  -4.3897450E-05   5.4985447E-04   1.5513953E-04  -3.6280513E-04  -1.2028922E-03   4.8003125E-05   2.8877544E-05  -2.7545449E-05   4.2996018E-04   9.4423270E-04   7.3010676E-09   3.8825772E-07
