# logA ns ombh2 omch2 tau theta_MC_100 A_planck amp_143 amp_217 amp_143x217 n_143 n_217 n_143x217
2.471436508501675044e-04 1.013887291495139697e-05 5.429230410752362857e-07 8.227927548161567523e-07 1.070490860397017011e-04 4.368432677030580773e-07 1.126465805269149122e-05 -1.161437334420868488e-02 -1.135774962663536197e-02 -1.189908521883578825e-02 8.387049853026093708e-04 1.527763246340620986e-03 2.224773080752207206e-03
1.013887291495139697e-05 3.010433507509471034e-05 5.827333502880295369e-07 -7.974554320968695839e-06 1.321998409458908067e-05 1.013360672526821001e-06 9.226684092832764465e-07 -7.157028850164485860e-03 -6.928447078198302772e-03 -7.085421083023625902e-03 3.331925713056678711e-04 8.165323368955354705e-04 1.153510217546052739e-03
5.429230410752362857e-07 5.827333502880295369e-07 4.081606424393470260e-08 -1.860514626129270013e-07 3.930911112002747877e-07 3.701931418109039284e-08 2.901522992020197162e-08 -2.019518451925902502e-04 -1.936197538738116200e-04 -1.972759300869496074e-04 2.452890734910597587e-06 1.632684492776371977e-05 2.145107124957008166e-05
8.227927548161567523e-07 -7.974554320968695839e-06 -1.860514626129270013e-07 3.613942960748566020e-06 -3.709661263641323388e-06 -3.483684774774598426e-07 -2.247947309581639831e-07 2.672827494191523656e-04 2.767135040733056028e-04 2.746441792733892058e-04 2.195492827275642893e-05 5.473168958318132670e-06 1.420217895215013155e-05
1.070490860397017011e-04 1.321998409458908067e-05 3.930911112002747877e-07 -3.709661263641323388e-06 5.686611927840354080e-05 5.080490640364900132e-07 3.526785333680681396e-07 -4.134152761552638104e-03 -3.964413853682329653e-03 -4.123048869629496703e-03 1.939864810385350641e-04 4.301520881324835135e-04 6.137914295587258619e-04
4.368432677030580773e-07 1.013360672526821001e-06 3.701931418109039284e-08 -3.483684774774598426e-07 5.080490640364900132e-07 1.795095877504922163e-07 4.382708332579123446e-08 -5.675906332904590869e-05 -5.794660744488785786e-05 -5.616099312158678945e-05 -2.757861531875255022e-06 1.848215757648745105e-06 9.653784357212863735e-07
1.126465805269149122e-05 9.226684092832764465e-07 2.901522992020197162e-08 -2.247947309581639831e-07 3.526785333680681396e-07 4.382708332579123446e-08 5.542587338249352637e-06 -4.996453397958231023e-05 -1.045104525875850313e-04 -1.762225834677296648e-04 7.876102697609643289e-06 2.477965205019628169e-05 3.466853383944993439e-05
-1.161437334420868488e-02 -7.157028850164485860e-03 -2.019518451925902502e-04 2.672827494191523656e-04 -4.134152761552638104e-03 -5.675906332904590869e-05 -4.996453397958232378e-05 6.919139063314288407e+00 6.222547935074842940e+00 6.541408833582310400e+00 -4.466825163534846044e-01 -9.199857539657548822e-01 -1.323974096326268723e+00
-1.135774962663536197e-02 -6.928447078198302772e-03 -1.936197538738116200e-04 2.767135040733056028e-04 -3.964413853682329653e-03 -5.794660744488785786e-05 -1.045104525875850313e-04 6.222547935074842940e+00 6.540159544854358131e+00 6.418005952843687467e+00 -5.033835229192786809e-01 -9.417769101452373448e-01 -1.368571371522110391e+00
-1.189908521883578651e-02 -7.085421083023625902e-03 -1.972759300869496074e-04 2.746441792733892058e-04 -4.123048869629497570e-03 -5.616099312158678945e-05 -1.762225834677296648e-04 6.541408833582309512e+00 6.418005952843687467e+00 6.638492918627403760e+00 -5.062477006150242209e-01 -9.492537875808160219e-01 -1.361930732987162829e+00
8.387049853026093708e-04 3.331925713056678711e-04 2.452890734910598011e-06 2.195492827275642893e-05 1.939864810385350641e-04 -2.757861531875255022e-06 7.876102697609639901e-06 -4.466825163534846044e-01 -5.033835229192786809e-01 -5.062477006150242209e-01 8.041869175698283800e-02 8.584848726405573671e-02 1.475459536168299834e-01
1.527763246340620986e-03 8.165323368955354705e-04 1.632684492776371977e-05 5.473168958318130976e-06 4.301520881324835135e-04 1.848215757648744470e-06 2.477965205019627831e-05 -9.199857539657548822e-01 -9.417769101452373448e-01 -9.492537875808160219e-01 8.584848726405573671e-02 1.832034465712651383e-01 2.488964615449834605e-01
2.224773080752207640e-03 1.153510217546052739e-03 2.145107124957008166e-05 1.420217895215013155e-05 6.137914295587258619e-04 9.653784357212870087e-07 3.466853383944994117e-05 -1.323974096326268723e+00 -1.368571371522110391e+00 -1.361930732987162829e+00 1.475459536168299834e-01 2.488964615449834050e-01 4.039650430416125149e-01
