# omegabh2 omegach2 theta tau logA ns calPlanck acib217 xi asz143 aps100 aps143 aps143217 aps217 aksz kgal100 kgal143 kgal143217 kgal217 galfEE100 galfEE100143 galfEE100217 galfEE143 galfEE143217 galfEE217 galfTE100 galfTE100143 galfTE100217 galfTE143 galfTE143217 galfTE217 cal0 cal2
    0.2054786E-07   -0.7851300E-07    0.1202049E-07    0.6654559E-06    0.1250678E-05    0.2155292E-06    0.1141717E-07   -0.9909840E-04    0.2229933E-05    0.2795882E-04   -0.4023460E-03   -0.1836901E-03    0.7023421E-05    0.7681839E-04   -0.5200083E-04   -0.3073332E-05   -0.9542436E-05   -0.1563447E-04   -0.3485741E-05    0.2897274E-07    0.2605574E-07   -0.3571942E-07    0.2847640E-07    0.1789751E-06    0.1899396E-07   -0.7652188E-07   -0.1367302E-07   -0.3362959E-07   -0.9664803E-07   -0.4604481E-06   -0.1971679E-05    0.4058376E-08   -0.9899889E-08
   -0.7851300E-07    0.1349437E-05   -0.7705239E-07   -0.6067771E-05   -0.9210518E-05   -0.3081698E-05   -0.7946583E-07    0.3405169E-03   -0.1285206E-04   -0.7827590E-04    0.1382524E-02    0.6343408E-03   -0.4942636E-04   -0.2049536E-03    0.1391970E-03    0.2570209E-04    0.4497218E-04    0.9602873E-04    0.4818980E-04   -0.4315786E-06   -0.4425780E-06    0.1409714E-06   -0.5547694E-06   -0.3520790E-06   -0.1204710E-05    0.4902438E-06    0.2020866E-06   -0.9050488E-06    0.1700117E-05    0.3852285E-05    0.9955942E-05   -0.4417688E-08    0.3395741E-07
    0.1202049E-07   -0.7705239E-07    0.8896405E-07    0.4896093E-06    0.8418373E-06    0.3052666E-06   -0.1452121E-07   -0.1580388E-04    0.7408126E-06    0.2411889E-05   -0.2991104E-04   -0.4166074E-04   -0.7609260E-05    0.5661230E-05   -0.8037502E-05   -0.3812918E-06    0.1880909E-05   -0.4341395E-06   -0.2419035E-05    0.2871984E-07    0.2054344E-07   -0.8087087E-07    0.1911740E-07   -0.9548207E-08   -0.5603769E-06   -0.4148029E-08   -0.5199126E-07   -0.6252129E-07   -0.5710677E-07    0.4094923E-07   -0.7241930E-06    0.4925025E-10   -0.1071665E-08
    0.6654559E-06   -0.6067771E-05    0.4896093E-06    0.2706228E-03    0.5214351E-03    0.2552573E-04   -0.2359610E-05   -0.1120813E-01    0.2500711E-03    0.2315165E-02   -0.4917962E-01   -0.1475475E-01    0.4034229E-02    0.1046681E-01   -0.5226796E-02   -0.8334386E-03   -0.1191915E-02   -0.2722933E-02   -0.1284902E-02    0.1272937E-05    0.2525275E-05    0.4878822E-05    0.2083625E-05   -0.2315512E-05   -0.2580293E-04   -0.3895841E-05   -0.3606886E-05    0.1814084E-05   -0.1375342E-04   -0.5738258E-05   -0.2285988E-04   -0.1827420E-07   -0.1305081E-05
    0.1250678E-05   -0.9210518E-05    0.8418373E-06    0.5214351E-03    0.1038350E-02    0.4205860E-04    0.7591899E-05   -0.2224213E-01    0.5461951E-03    0.4463924E-02   -0.8918007E-01   -0.2591057E-01    0.1182534E-01    0.2714348E-01   -0.1090680E-01   -0.1922838E-02   -0.2802802E-02   -0.5795183E-02   -0.9653047E-03    0.2478405E-05    0.4144746E-05    0.9218972E-05    0.4703619E-05   -0.4520042E-05   -0.5606007E-04   -0.6380503E-05   -0.7803471E-05    0.3678599E-05   -0.2421944E-04   -0.3821316E-05    0.8360453E-05    0.2459251E-06   -0.2667101E-05
    0.2155292E-06   -0.3081698E-05    0.3052666E-06    0.2552573E-04    0.4205860E-04    0.1665712E-04    0.3798530E-08   -0.4899897E-02    0.1382164E-03    0.1248145E-02   -0.2516007E-01   -0.5407700E-02    0.4381221E-02    0.6996894E-02   -0.2793419E-02    0.1267346E-03   -0.3245859E-03   -0.6186238E-03    0.1332933E-03    0.2281452E-05    0.2719365E-05   -0.6341110E-07    0.2765489E-05    0.9855068E-06    0.4762571E-05   -0.2336580E-05   -0.1130009E-05    0.5679119E-06   -0.5929255E-05   -0.5395155E-05   -0.1810499E-04   -0.1113801E-06   -0.4739689E-06
    0.1141717E-07   -0.7946583E-07   -0.1452121E-07   -0.2359610E-05    0.7591899E-05    0.3798530E-08    0.6154822E-05    0.5259781E-03    0.1479564E-04   -0.2405404E-04    0.4043802E-02    0.7926258E-03    0.7654981E-03    0.1579555E-02    0.3438665E-04   -0.3732777E-04    0.2906189E-05   -0.4350461E-04    0.7090581E-03    0.7266215E-06    0.4551582E-06   -0.6776331E-08    0.1220678E-05    0.8339820E-06    0.2641672E-05    0.2428773E-06   -0.4389661E-06    0.9999075E-06   -0.5624142E-06   -0.1613554E-06    0.1764992E-04    0.1919800E-07   -0.4191785E-07
   -0.9909840E-04    0.3405169E-03   -0.1580388E-04   -0.1120813E-01   -0.2224213E-01   -0.4899897E-02    0.5259781E-03    0.4399418E+02   -0.4866739E+00   -0.1485239E+01    0.4068179E+02   -0.6168150E+00   -0.2183448E+02   -0.6249333E+02    0.1889108E+00   -0.1046527E-02    0.2025296E+00   -0.1763093E+01   -0.1857613E+02   -0.5727202E-03   -0.4536650E-03    0.2808138E-03   -0.5604802E-03    0.2694346E-02    0.1417556E-01    0.3878584E-02    0.1122325E-02    0.3427473E-02   -0.2633807E-02   -0.5129072E-02   -0.3161051E-02   -0.3442199E-03    0.4375246E-02
    0.2229933E-05   -0.1285206E-04    0.7408126E-06    0.2500711E-03    0.5461951E-03    0.1382164E-03    0.1479564E-04   -0.4866739E+00    0.8139885E-01   -0.9746457E-01   -0.2667015E+00    0.9776242E+00    0.1760780E+01    0.7189934E+00    0.1020136E+00   -0.8780900E-03   -0.5955177E-02    0.5344277E-01    0.6664218E-01    0.1352142E-04    0.2068276E-04    0.4645811E-04    0.1351305E-04    0.2946281E-05   -0.6277634E-03   -0.1135941E-03    0.7695052E-04   -0.2809342E-03    0.1675659E-03    0.2646000E-04   -0.1949409E-03    0.9644679E-05   -0.1558971E-04
    0.2795882E-04   -0.7827590E-04    0.2411889E-05    0.2315165E-02    0.4463924E-02    0.1248145E-02   -0.2405404E-04   -0.1485239E+01   -0.9746457E-01    0.3915761E+01   -0.3004288E+02   -0.3459466E+01    0.8175001E+01    0.7329390E+01   -0.3103836E+01   -0.2016861E+00    0.1267947E-01    0.2520445E+01    0.2292314E+01    0.1347527E-03    0.1522724E-03    0.2183370E-03    0.2162726E-03    0.4876944E-03    0.2984615E-03    0.2121786E-03   -0.1675438E-03    0.2691296E-02   -0.1227284E-02    0.4073570E-03   -0.4699073E-02    0.1760021E-03   -0.3208007E-03
   -0.4023460E-03    0.1382524E-02   -0.2991104E-04   -0.4917962E-01   -0.8918007E-01   -0.2516007E-01    0.4043802E-02    0.4068179E+02   -0.2667015E+00   -0.3004288E+02    0.7723240E+03    0.6547902E+02   -0.6054550E+02   -0.7421693E+02    0.1491271E+02   -0.3815318E+01    0.3694817E+01   -0.1247286E+02   -0.1699214E+02   -0.2245116E-02   -0.3196376E-02    0.1847892E-02   -0.2299497E-02   -0.2985197E-02   -0.2479386E-01    0.8841931E-02   -0.5892670E-02   -0.1261214E-01   -0.6826737E-02   -0.4098779E-02    0.4195084E-01    0.6047192E-02    0.3978027E-02
   -0.1836901E-03    0.6343408E-03   -0.4166074E-04   -0.1475475E-01   -0.2591057E-01   -0.5407700E-02    0.7926258E-03   -0.6168150E+00    0.9776242E+00   -0.3459466E+01    0.6547902E+02    0.5889291E+02    0.4386533E+02    0.1919646E+02   -0.5072215E+01   -0.2394099E+00   -0.1013872E+01    0.3734171E+01    0.4255192E+01   -0.5597770E-03   -0.8659160E-03   -0.1384659E-03   -0.4886680E-03    0.7976252E-03   -0.5352916E-02    0.1228149E-02    0.9158534E-03   -0.9104105E-03    0.6797987E-03    0.6856816E-03    0.1732940E-01    0.1025252E-03    0.1044965E-03
    0.7023421E-05   -0.4942636E-04   -0.7609260E-05    0.4034229E-02    0.1182534E-01    0.4381221E-02    0.7654981E-03   -0.2183448E+02    0.1760780E+01    0.8175001E+01   -0.6054550E+02    0.4386533E+02    0.9829461E+02    0.7013643E+02   -0.1329193E+02   -0.6938954E+00   -0.7268547E+00    0.4391747E+01    0.5654344E+01    0.6422292E-03    0.6784785E-03    0.1692742E-02    0.9189646E-03    0.9533533E-03   -0.1855877E-01   -0.1611906E-02    0.7027482E-03    0.2209350E-02   -0.1262085E-02    0.8065920E-02    0.3887678E-03    0.8261381E-03   -0.2577971E-02
    0.7681839E-04   -0.2049536E-03    0.5661230E-05    0.1046681E-01    0.2714348E-01    0.6996894E-02    0.1579555E-02   -0.6249333E+02    0.7189934E+00    0.7329390E+01   -0.7421693E+02    0.1919646E+02    0.7013643E+02    0.1266288E+03   -0.1154555E+02   -0.3455320E+00   -0.5572135E+00   -0.3071047E+00    0.1579871E+02    0.1430101E-02    0.1031400E-02    0.2122476E-03    0.1655538E-02   -0.2400771E-02   -0.2775959E-01   -0.3791217E-02   -0.2659523E-02   -0.2486232E-02    0.1000083E-02    0.1223196E-01    0.8716503E-02    0.8516313E-03   -0.7806792E-02
   -0.5200083E-04    0.1391970E-03   -0.8037502E-05   -0.5226796E-02   -0.1090680E-01   -0.2793419E-02    0.3438665E-04    0.1889108E+00    0.1020136E+00   -0.3103836E+01    0.1491271E+02   -0.5072215E+01   -0.1329193E+02   -0.1154555E+02    0.6905555E+01    0.1728012E+00   -0.5904080E-01   -0.2286866E+01   -0.1892946E+01   -0.2865716E-03   -0.2650407E-03   -0.3419424E-03   -0.3712656E-03   -0.5376071E-03    0.1645698E-02    0.1317502E-03    0.6272200E-03   -0.1485284E-02    0.1367787E-02   -0.8045809E-04    0.6025131E-02   -0.1371741E-03    0.1656764E-03
   -0.3073332E-05    0.2570209E-04   -0.3812918E-06   -0.8334386E-03   -0.1922838E-02    0.1267346E-03   -0.3732777E-04   -0.1046527E-02   -0.8780900E-03   -0.2016861E+00   -0.3815318E+01   -0.2394099E+00   -0.6938954E+00   -0.3455320E+00    0.1728012E+00    0.3447631E+01    0.4044127E+00    0.6913638E-01    0.1079167E+00    0.1468171E-03    0.7107883E-04   -0.7853182E-04    0.3207034E-04   -0.1544764E-03    0.1924654E-02    0.6470041E-03    0.1065080E-02    0.1649154E-02    0.4915523E-03   -0.5357040E-03   -0.4937150E-02    0.2821557E-03   -0.8381084E-05
   -0.9542436E-05    0.4497218E-04    0.1880909E-05   -0.1191915E-02   -0.2802802E-02   -0.3245859E-03    0.2906189E-05    0.2025296E+00   -0.5955177E-02    0.1267947E-01    0.3694817E+01   -0.1013872E+01   -0.7268547E+00   -0.5572135E+00   -0.5904080E-01    0.4044127E+00    0.3327785E+01    0.2644248E+01    0.1862798E+01   -0.3319973E-05   -0.1011221E-03    0.3745656E-03   -0.5681979E-04    0.3970460E-03    0.1955361E-02    0.4897005E-03   -0.2489358E-03   -0.2077717E-02    0.4226239E-03   -0.6566732E-03   -0.3690119E-02   -0.2958765E-03   -0.1804898E-03
   -0.1563447E-04    0.9602873E-04   -0.4341395E-06   -0.2722933E-02   -0.5795183E-02   -0.6186238E-03   -0.4350461E-04   -0.1763093E+01    0.5344277E-01    0.2520445E+01   -0.1247286E+02    0.3734171E+01    0.4391747E+01   -0.3071047E+00   -0.2286866E+01    0.6913638E-01    0.2644248E+01    0.1758084E+02    0.2616691E+02   -0.1084050E-03   -0.2507755E-03    0.1266452E-02    0.1486815E-03    0.5147469E-03    0.3860419E-02    0.1629173E-02    0.7255384E-03   -0.2193044E-02    0.2493264E-03   -0.4417141E-02   -0.9586204E-02   -0.4748577E-04    0.2546166E-02
   -0.3485741E-05    0.4818980E-04   -0.2419035E-05   -0.1284902E-02   -0.9653047E-03    0.1332933E-03    0.7090581E-03   -0.1857613E+02    0.6664218E-01    0.2292314E+01   -0.1699214E+02    0.4255192E+01    0.5654344E+01    0.1579871E+02   -0.1892946E+01    0.1079167E+00    0.1862798E+01    0.2616691E+02    0.5508475E+02    0.1407187E-04   -0.2017355E-03    0.1757070E-02    0.6030758E-03   -0.5078069E-03    0.2135897E-02   -0.1604366E-03    0.7645791E-03   -0.2204685E-02    0.2129547E-02   -0.6297490E-02   -0.8283331E-02    0.5660360E-04    0.4468020E-02
    0.2897274E-07   -0.4315786E-06    0.2871984E-07    0.1272937E-05    0.2478405E-05    0.2281452E-05    0.7266215E-06   -0.5727202E-03    0.1352142E-04    0.1347527E-03   -0.2245116E-02   -0.5597770E-03    0.6422292E-03    0.1430101E-02   -0.2865716E-03    0.1468171E-03   -0.3319973E-05   -0.1084050E-03    0.1407187E-04    0.3214918E-04    0.8432233E-05    0.2424910E-05    0.3329566E-05    0.1036446E-05   -0.2723386E-06   -0.3151399E-05   -0.2050983E-05   -0.2399810E-05   -0.8442687E-06    0.1182107E-05   -0.1086026E-04    0.3566595E-07   -0.7263631E-07
    0.2605574E-07   -0.4425780E-06    0.2054344E-07    0.2525275E-05    0.4144746E-05    0.2719365E-05    0.4551582E-06   -0.4536650E-03    0.2068276E-04    0.1522724E-03   -0.3196376E-02   -0.8659160E-03    0.6784785E-03    0.1031400E-02   -0.2650407E-03    0.7107883E-04   -0.1011221E-03   -0.2507755E-03   -0.2017355E-03    0.8432233E-05    0.2461954E-04   -0.3811345E-06    0.1212560E-04   -0.1533127E-05    0.4759316E-05    0.1942327E-05    0.5336143E-06    0.5774081E-06   -0.2336723E-05   -0.3280490E-06   -0.6405501E-06   -0.3208660E-07   -0.1207245E-07
   -0.3571942E-07    0.1409714E-06   -0.8087087E-07    0.4878822E-05    0.9218972E-05   -0.6341110E-07   -0.6776331E-08    0.2808138E-03    0.4645811E-04    0.2183370E-03    0.1847892E-02   -0.1384659E-03    0.1692742E-02    0.2122476E-03   -0.3419424E-03   -0.7853182E-04    0.3745656E-03    0.1266452E-02    0.1757070E-02    0.2424910E-05   -0.3811345E-06    0.1058854E-02    0.3951981E-06    0.3096225E-04    0.1659159E-04   -0.2371112E-05   -0.5995220E-05    0.1945110E-04   -0.1154426E-04   -0.2543906E-04    0.4408052E-04    0.2166560E-06    0.4757557E-06
    0.2847640E-07   -0.5547694E-06    0.1911740E-07    0.2083625E-05    0.4703619E-05    0.2765489E-05    0.1220678E-05   -0.5604802E-03    0.1351305E-04    0.2162726E-03   -0.2299497E-02   -0.4886680E-03    0.9189646E-03    0.1655538E-02   -0.3712656E-03    0.3207034E-04   -0.5681979E-04    0.1486815E-03    0.6030758E-03    0.3329566E-05    0.1212560E-04    0.3951981E-06    0.4634790E-04   -0.6979063E-06    0.4413540E-05    0.1868807E-05   -0.2289442E-05   -0.4087126E-05   -0.8452208E-05    0.2103281E-05    0.7256207E-05    0.4205700E-07    0.1764490E-07
    0.1789751E-06   -0.3520790E-06   -0.9548207E-08   -0.2315512E-05   -0.4520042E-05    0.9855068E-06    0.8339820E-06    0.2694346E-02    0.2946281E-05    0.4876944E-03   -0.2985197E-02    0.7976252E-03    0.9533533E-03   -0.2400771E-02   -0.5376071E-03   -0.1544764E-03    0.3970460E-03    0.5147469E-03   -0.5078069E-03    0.1036446E-05   -0.1533127E-05    0.3096225E-04   -0.6979063E-06    0.2179465E-02    0.1362823E-03    0.4654499E-05    0.9261521E-05   -0.1626348E-04   -0.3253908E-05    0.1498112E-04   -0.1506689E-03    0.3024847E-07    0.5435843E-06
    0.1899396E-07   -0.1204710E-05   -0.5603769E-06   -0.2580293E-04   -0.5606007E-04    0.4762571E-05    0.2641672E-05    0.1417556E-01   -0.6277634E-03    0.2984615E-03   -0.2479386E-01   -0.5352916E-02   -0.1855877E-01   -0.2775959E-01    0.1645698E-02    0.1924654E-02    0.1955361E-02    0.3860419E-02    0.2135897E-02   -0.2723386E-06    0.4759316E-05    0.1659159E-04    0.4413540E-05    0.1362823E-03    0.1673926E-01   -0.3006916E-04   -0.4073789E-04   -0.4469491E-04   -0.6283687E-05   -0.7777637E-04   -0.6234877E-04   -0.1258685E-05    0.1603061E-05
   -0.7652188E-07    0.4902438E-06   -0.4148029E-08   -0.3895841E-05   -0.6380503E-05   -0.2336580E-05    0.2428773E-06    0.3878584E-02   -0.1135941E-03    0.2121786E-03    0.8841931E-02    0.1228149E-02   -0.1611906E-02   -0.3791217E-02    0.1317502E-03    0.6470041E-03    0.4897005E-03    0.1629173E-02   -0.1604366E-03   -0.3151399E-05    0.1942327E-05   -0.2371112E-05    0.1868807E-05    0.4654499E-05   -0.3006916E-04    0.1424508E-02    0.2789236E-03    0.1012460E-03   -0.3873436E-03   -0.8957075E-04   -0.3516341E-04    0.3952224E-06    0.3749231E-06
   -0.1367302E-07    0.2020866E-06   -0.5199126E-07   -0.3606886E-05   -0.7803471E-05   -0.1130009E-05   -0.4389661E-06    0.1122325E-02    0.7695052E-04   -0.1675438E-03   -0.5892670E-02    0.9158534E-03    0.7027482E-03   -0.2659523E-02    0.6272200E-03    0.1065080E-02   -0.2489358E-03    0.7255384E-03    0.7645791E-03   -0.2050983E-05    0.5336143E-06   -0.5995220E-05   -0.2289442E-05    0.9261521E-05   -0.4073789E-04    0.2789236E-03    0.8536581E-03    0.6618239E-04    0.7452251E-03    0.5526939E-04   -0.6657652E-03   -0.8883473E-07    0.3548333E-06
   -0.3362959E-07   -0.9050488E-06   -0.6252129E-07    0.1814084E-05    0.3678599E-05    0.5679119E-06    0.9999075E-06    0.3427473E-02   -0.2809342E-03    0.2691296E-02   -0.1261214E-01   -0.9104105E-03    0.2209350E-02   -0.2486232E-02   -0.1485284E-02    0.1649154E-02   -0.2077717E-02   -0.2193044E-02   -0.2204685E-02   -0.2399810E-05    0.5774081E-06    0.1945110E-04   -0.4087126E-05   -0.1626348E-04   -0.4469491E-04    0.1012460E-03    0.6618239E-04    0.7157566E-02   -0.3069044E-03    0.7546389E-03    0.4686397E-02    0.4423449E-06   -0.1843239E-06
   -0.9664803E-07    0.1700117E-05   -0.5710677E-07   -0.1375342E-04   -0.2421944E-04   -0.5929255E-05   -0.5624142E-06   -0.2633807E-02    0.1675659E-03   -0.1227284E-02   -0.6826737E-02    0.6797987E-03   -0.1262085E-02    0.1000083E-02    0.1367787E-02    0.4915523E-03    0.4226239E-03    0.2493264E-03    0.2129547E-02   -0.8442687E-06   -0.2336723E-05   -0.1154426E-04   -0.8452208E-05   -0.3253908E-05   -0.6283687E-05   -0.3873436E-03    0.7452251E-03   -0.3069044E-03    0.2888677E-02    0.4731790E-03   -0.1021553E-02    0.6171680E-07   -0.3362833E-07
   -0.4604481E-06    0.3852285E-05    0.4094923E-07   -0.5738258E-05   -0.3821316E-05   -0.5395155E-05   -0.1613554E-06   -0.5129072E-02    0.2646000E-04    0.4073570E-03   -0.4098779E-02    0.6856816E-03    0.8065920E-02    0.1223196E-01   -0.8045809E-04   -0.5357040E-03   -0.6566732E-03   -0.4417141E-02   -0.6297490E-02    0.1182107E-05   -0.3280490E-06   -0.2543906E-04    0.2103281E-05    0.1498112E-04   -0.7777637E-04   -0.8957075E-04    0.5526939E-04    0.7546389E-03    0.4731790E-03    0.6563749E-02    0.7706298E-02    0.7232279E-06   -0.1937040E-05
   -0.1971679E-05    0.9955942E-05   -0.7241930E-06   -0.2285988E-04    0.8360453E-05   -0.1810499E-04    0.1764992E-04   -0.3161051E-02   -0.1949409E-03   -0.4699073E-02    0.4195084E-01    0.1732940E-01    0.3887678E-03    0.8716503E-02    0.6025131E-02   -0.4937150E-02   -0.3690119E-02   -0.9586204E-02   -0.8283331E-02   -0.1086026E-04   -0.6405501E-06    0.4408052E-04    0.7256207E-05   -0.1506689E-03   -0.6234877E-04   -0.3516341E-04   -0.6657652E-03    0.4686397E-02   -0.1021553E-02    0.7706298E-02    0.6446121E-01   -0.9666095E-06   -0.2879138E-05
    0.4058376E-08   -0.4417688E-08    0.4925025E-10   -0.1827420E-07    0.2459251E-06   -0.1113801E-06    0.1919800E-07   -0.3442199E-03    0.9644679E-05    0.1760021E-03    0.6047192E-02    0.1025252E-03    0.8261381E-03    0.8516313E-03   -0.1371741E-03    0.2821557E-03   -0.2958765E-03   -0.4748577E-04    0.5660360E-04    0.3566595E-07   -0.3208660E-07    0.2166560E-06    0.4205700E-07    0.3024847E-07   -0.1258685E-05    0.3952224E-06   -0.8883473E-07    0.4423449E-06    0.6171680E-07    0.7232279E-06   -0.9666095E-06    0.5976798E-06   -0.7275837E-08
   -0.9899889E-08    0.3395741E-07   -0.1071665E-08   -0.1305081E-05   -0.2667101E-05   -0.4739689E-06   -0.4191785E-07    0.4375246E-02   -0.1558971E-04   -0.3208007E-03    0.3978027E-02    0.1044965E-03   -0.2577971E-02   -0.7806792E-02    0.1656764E-03   -0.8381084E-05   -0.1804898E-03    0.2546166E-02    0.4468020E-02   -0.7263631E-07   -0.1207245E-07    0.4757557E-06    0.1764490E-07    0.5435843E-06    0.1603061E-05    0.3749231E-06    0.3548333E-06   -0.1843239E-06   -0.3362833E-07   -0.1937040E-05   -0.2879138E-05   -0.7275837E-08    0.2045494E-05
