# omegabh2 omegach2 theta nnu logA ns
  4.6969719E-07   2.7526449E-06   2.4206420E-09   1.2994194E-04  -3.2333469E-06  -3.2158457E-07
  2.7526449E-06   3.2306293E-05   3.4412118E-07   1.4754358E-03  -7.8690056E-05  -8.1806267E-06
  2.4206420E-09   3.4412118E-07   3.8555989E-07   3.6603768E-06  -2.4751766E-06  -3.1741803E-07
  1.2994194E-04   1.4754358E-03   3.6603768E-06   7.2808337E-02  -2.5546990E-03  -3.2225207E-04
 -3.2333469E-06  -7.8690056E-05  -2.4751766E-06  -2.5546990E-03   1.2817743E-03   2.7836397E-04
 -3.2158457E-07  -8.1806267E-06  -3.1741803E-07  -3.2225207E-04   2.7836397E-04   3.5137769E-04
