# omegabh2 omegach2 theta tau mnu Alens logA ns calPlanck acib217 xi asz143 aps100 aps143 aps143217 aps217 aksz kgal100 kgal143 kgal143217 kgal217 cal0 cal2
    0.4983318E-07   -0.2230074E-06    0.4341839E-07    0.3456583E-06    0.1090903E-04    0.6921576E-05    0.2420078E-06    0.7017445E-06    0.1494556E-08   -0.2070659E-03    0.2920086E-05    0.5883665E-04   -0.9425953E-03   -0.5509158E-03   -0.1692910E-03    0.1587286E-04   -0.8432710E-04    0.8158519E-05    0.2371172E-05   -0.2214058E-04   -0.1695814E-05    0.2267270E-08   -0.2376190E-07
   -0.2230074E-06    0.3669425E-05   -0.3122520E-06   -0.5356758E-05   -0.1660342E-03   -0.9675505E-04   -0.1451560E-05   -0.8865163E-05    0.9489155E-08    0.9301467E-03   -0.6329333E-05   -0.2390827E-03    0.4106212E-02    0.2482259E-02    0.9860490E-03   -0.9265931E-04    0.3687201E-03   -0.2958640E-04   -0.4884719E-05    0.2028950E-03    0.2367756E-03   -0.6221278E-08    0.1469650E-06
    0.4341839E-07   -0.3122520E-06    0.2045287E-06    0.4622045E-06    0.1712966E-04    0.1225317E-04    0.3338861E-06    0.1060566E-05   -0.9112116E-08   -0.1196197E-03    0.2277134E-05    0.4032822E-04   -0.6665815E-03   -0.3429330E-03   -0.8378179E-04    0.4336454E-05   -0.6392073E-04   -0.1468883E-05    0.1479308E-05   -0.2853317E-04   -0.4403428E-04    0.2387576E-08   -0.1868253E-07
    0.3456583E-06   -0.5356758E-05    0.4622045E-06    0.4355266E-03    0.3275685E-03   -0.7703853E-03    0.8560201E-03    0.2269954E-04    0.5616928E-06   -0.5468798E-02    0.1460922E-03    0.1220884E-02   -0.2706473E-01   -0.1029919E-01    0.4127665E-03    0.4502214E-02   -0.2255821E-02   -0.9702720E-04   -0.9365493E-04   -0.8228193E-03    0.1952530E-03   -0.2466066E-07   -0.5679044E-06
    0.1090903E-04   -0.1660342E-03    0.1712966E-04    0.3275685E-03    0.1391503E-01    0.5987764E-02    0.2188319E-03    0.4057507E-03   -0.2197582E-05   -0.5326829E-01    0.3002895E-03    0.1364515E-01   -0.2151364E+00   -0.1244778E+00   -0.4297546E-01    0.1684393E-01   -0.1903269E-01    0.8445378E-03    0.1249507E-03   -0.4965395E-02   -0.4171438E-02    0.8091368E-06   -0.8151399E-05
    0.6921576E-05   -0.9675505E-04    0.1225317E-04   -0.7703853E-03    0.5987764E-02    0.5757094E-02   -0.1817389E-02    0.2337438E-03   -0.1607206E-04   -0.2711047E-01   -0.9020142E-04    0.7206964E-02   -0.1177449E+00   -0.7774719E-01   -0.3916523E-01   -0.6501271E-02   -0.9563797E-02    0.1761545E-02    0.1386498E-02   -0.4646875E-02   -0.9017973E-02   -0.9188208E-07   -0.4814268E-05
    0.2420078E-06   -0.1451560E-05    0.3338861E-06    0.8560201E-03    0.2188319E-03   -0.1817389E-02    0.1734547E-02    0.2190654E-04    0.1386893E-04   -0.8702474E-02    0.3341291E-03    0.2071848E-02   -0.4040028E-01   -0.1242190E-01    0.7383980E-02    0.1531760E-01   -0.4693102E-02   -0.5552829E-03   -0.8266901E-03   -0.1765261E-02    0.2192885E-02    0.1772701E-06   -0.9126046E-06
    0.7017445E-06   -0.8865163E-05    0.1060566E-05    0.2269954E-04    0.4057507E-03    0.2337438E-03    0.2190654E-04    0.3292262E-04    0.3130656E-06   -0.6770141E-02    0.1156776E-03    0.1752674E-02   -0.3492851E-01   -0.1223839E-01    0.5645185E-03    0.6016535E-02   -0.3477891E-02    0.3828215E-03   -0.8389502E-04   -0.1085005E-02   -0.1769439E-03   -0.1899574E-06   -0.7663124E-06
    0.1494556E-08    0.9489155E-08   -0.9112116E-08    0.5616928E-06   -0.2197582E-05   -0.1607206E-04    0.1386893E-04    0.3130656E-06    0.6378053E-05    0.8438212E-03    0.1186336E-05    0.5060465E-04    0.3487946E-02    0.7429052E-03    0.7398285E-03    0.1411422E-02   -0.9371356E-04   -0.1299380E-04   -0.3722958E-04   -0.8391922E-04    0.6497493E-03   -0.1187350E-07   -0.2099384E-07
   -0.2070659E-03    0.9301467E-03   -0.1196197E-03   -0.5468798E-02   -0.5326829E-01   -0.2711047E-01   -0.8702474E-02   -0.6770141E-02    0.8438212E-03    0.4365756E+02   -0.4793138E+00   -0.1837986E+01    0.4336203E+02    0.1078255E+01   -0.2106465E+02   -0.6111567E+02    0.5466116E+00   -0.1438829E+00    0.5531575E-01   -0.2172850E+01   -0.1895129E+02   -0.2999641E-03    0.4314096E-02
    0.2920086E-05   -0.6329333E-05    0.2277134E-05    0.1460922E-03    0.3002895E-03   -0.9020142E-04    0.3341291E-03    0.1156776E-03    0.1186336E-05   -0.4793138E+00    0.8126525E-01   -0.6959568E-01   -0.4436419E+00    0.1013483E+01    0.1874353E+01    0.7535638E+00    0.7159642E-01   -0.1932236E-02    0.6547694E-02    0.9998292E-01    0.9626876E-01    0.9061810E-05   -0.1733323E-04
    0.5883665E-04   -0.2390827E-03    0.4032822E-04    0.1220884E-02    0.1364515E-01    0.7206964E-02    0.2071848E-02    0.1752674E-02    0.5060465E-04   -0.1837986E+01   -0.6959568E-01    0.3790399E+01   -0.3003520E+02   -0.3940779E+01    0.7998982E+01    0.7121160E+01   -0.2768731E+01   -0.1830774E+00   -0.4524738E-02    0.2297238E+01    0.2055535E+01    0.1694390E-03   -0.3813217E-03
   -0.9425953E-03    0.4106212E-02   -0.6665815E-03   -0.2706473E-01   -0.2151364E+00   -0.1177449E+00   -0.4040028E-01   -0.3492851E-01    0.3487946E-02    0.4336203E+02   -0.4436419E+00   -0.3003520E+02    0.7733179E+03    0.6975230E+02   -0.6150554E+02   -0.7245663E+02    0.1474082E+02   -0.3898093E+01    0.3761490E+01   -0.1156990E+02   -0.1685542E+02    0.5986345E-02    0.4211111E-02
   -0.5509158E-03    0.2482259E-02   -0.3429330E-03   -0.1029919E-01   -0.1244778E+00   -0.7774719E-01   -0.1242190E-01   -0.1223839E-01    0.7429052E-03    0.1078255E+01    0.1013483E+01   -0.3940779E+01    0.6975230E+02    0.6373659E+02    0.4631959E+02    0.1907918E+02   -0.4264709E+01   -0.2507457E+00   -0.9189808E+00    0.4489053E+01    0.4526047E+01    0.1603811E-03    0.3426784E-03
   -0.1692910E-03    0.9860490E-03   -0.8378179E-04    0.4127665E-03   -0.4297546E-01   -0.3916523E-01    0.7383980E-02    0.5645185E-03    0.7398285E-03   -0.2106465E+02    0.1874353E+01    0.7998982E+01   -0.6150554E+02    0.4631959E+02    0.1015520E+03    0.6942247E+02   -0.1228984E+02   -0.6412533E+00   -0.4540595E+00    0.5220006E+01    0.5707383E+01    0.7697536E-03   -0.2515499E-02
    0.1587286E-04   -0.9265931E-04    0.4336454E-05    0.4502214E-02    0.1684393E-01   -0.6501271E-02    0.1531760E-01    0.6016535E-02    0.1411422E-02   -0.6111567E+02    0.7535638E+00    0.7121160E+01   -0.7245663E+02    0.1907918E+02    0.6942247E+02    0.1238206E+03   -0.1090937E+02   -0.3020509E+00   -0.3680791E+00    0.2513401E+00    0.1607708E+02    0.7284647E-03   -0.7569653E-02
   -0.8432710E-04    0.3687201E-03   -0.6392073E-04   -0.2255821E-02   -0.1903269E-01   -0.9563797E-02   -0.4693102E-02   -0.3477891E-02   -0.9371356E-04    0.5466116E+00    0.7159642E-01   -0.2768731E+01    0.1474082E+02   -0.4264709E+01   -0.1228984E+02   -0.1090937E+02    0.6241086E+01    0.9540971E-01   -0.1111780E+00   -0.1952901E+01   -0.1577959E+01   -0.1006866E-03    0.2020583E-03
    0.8158519E-05   -0.2958640E-04   -0.1468883E-05   -0.9702720E-04    0.8445378E-03    0.1761545E-02   -0.5552829E-03    0.3828215E-03   -0.1299380E-04   -0.1438829E+00   -0.1932236E-02   -0.1830774E+00   -0.3898093E+01   -0.2507457E+00   -0.6412533E+00   -0.3020509E+00    0.9540971E-01    0.3456508E+01    0.3965436E+00    0.1387131E+00    0.3326780E+00    0.2801069E-03   -0.4468448E-05
    0.2371172E-05   -0.4884719E-05    0.1479308E-05   -0.9365493E-04    0.1249507E-03    0.1386498E-02   -0.8266901E-03   -0.8389502E-04   -0.3722958E-04    0.5531575E-01    0.6547694E-02   -0.4524738E-02    0.3761490E+01   -0.9189808E+00   -0.4540595E+00   -0.3680791E+00   -0.1111780E+00    0.3965436E+00    0.3399565E+01    0.2554464E+01    0.1698777E+01   -0.2985575E-03   -0.2315628E-03
   -0.2214058E-04    0.2028950E-03   -0.2853317E-04   -0.8228193E-03   -0.4965395E-02   -0.4646875E-02   -0.1765261E-02   -0.1085005E-02   -0.8391922E-04   -0.2172850E+01    0.9998292E-01    0.2297238E+01   -0.1156990E+02    0.4489053E+01    0.5220006E+01    0.2513401E+00   -0.1952901E+01    0.1387131E+00    0.2554464E+01    0.1713380E+02    0.2568075E+02   -0.2655062E-04    0.2481092E-02
   -0.1695814E-05    0.2367756E-03   -0.4403428E-04    0.1952530E-03   -0.4171438E-02   -0.9017973E-02    0.2192885E-02   -0.1769439E-03    0.6497493E-03   -0.1895129E+02    0.9626876E-01    0.2055535E+01   -0.1685542E+02    0.4526047E+01    0.5707383E+01    0.1607708E+02   -0.1577959E+01    0.3326780E+00    0.1698777E+01    0.2568075E+02    0.5492488E+02    0.5126107E-04    0.4509641E-02
    0.2267270E-08   -0.6221278E-08    0.2387576E-08   -0.2466066E-07    0.8091368E-06   -0.9188208E-07    0.1772701E-06   -0.1899574E-06   -0.1187350E-07   -0.2999641E-03    0.9061810E-05    0.1694390E-03    0.5986345E-02    0.1603811E-03    0.7697536E-03    0.7284647E-03   -0.1006866E-03    0.2801069E-03   -0.2985575E-03   -0.2655062E-04    0.5126107E-04    0.5899987E-06   -0.1095425E-07
   -0.2376190E-07    0.1469650E-06   -0.1868253E-07   -0.5679044E-06   -0.8151399E-05   -0.4814268E-05   -0.9126046E-06   -0.7663124E-06   -0.2099384E-07    0.4314096E-02   -0.1733323E-04   -0.3813217E-03    0.4211111E-02    0.3426784E-03   -0.2515499E-02   -0.7569653E-02    0.2020583E-03   -0.4468448E-05   -0.2315628E-03    0.2481092E-02    0.4509641E-02   -0.1095425E-07    0.2068532E-05
