# omegabh2 omegach2 theta tau logA ns calPlanck aps100 aps143 aps217 acib217 asz143 psr cibr xi aksz dust100 dust143 dust217 dust143x217 cal0 cal2
  3.4039231E-08  -3.9151367E-08   1.6646169E-08   2.7472440E-07   5.9257235E-07   2.3526432E-07   1.6405803E-08  -5.7111543E-04  -4.2041051E-04   1.3110253E-04  -2.0650257E-04   1.7257483E-05   1.5128703E-06  -5.7740848E-06   7.2018607E-07  -3.8587431E-05   3.9369856E-07  -1.1031193E-06   5.9373914E-07  -6.3747700E-07   3.0959821E-09  -1.3008936E-08
 -3.9151367E-08   9.9809718E-07  -1.6433528E-08  -2.3158363E-06  -2.6087127E-06  -2.0867364E-06  -1.7051208E-07   7.3226792E-04   3.0695742E-04  -3.5317482E-04   2.9124464E-04  -8.2791489E-05  -2.8011885E-06  -2.4480954E-06  -7.5493857E-06   4.1825587E-05  -1.0052868E-05   4.1757235E-06  -4.6829178E-06  -1.6645458E-06  -6.5052370E-08  -4.3000886E-08
  1.6646169E-08  -1.6433528E-08   1.6558690E-07   2.8023169E-07   7.7768463E-07   2.7682235E-07   3.5093727E-08   3.0212702E-04  -3.3248566E-05  -4.3797784E-05   1.9973226E-05  -9.0116595E-06   6.6863275E-07  -1.9506003E-06  -9.9848571E-07   1.5308254E-06  -2.1854640E-07  -1.2555706E-06  -4.7183515E-07  -1.0309447E-06   3.9396539E-09  -3.5612618E-09
  2.7472440E-07  -2.3158363E-06   2.8023169E-07   5.6490324E-05   1.0503113E-04   9.2090036E-06  -3.2502152E-07  -1.5622160E-02  -6.2046254E-03  -1.9887945E-03  -1.3827857E-03   4.2465008E-04  -9.4202460E-06   1.5863989E-05  -6.5780742E-06  -3.9461055E-04   3.6666188E-05   1.6499651E-05   1.1794877E-05  -2.1813215E-06  -1.9519312E-07  -5.6962810E-08
  5.9257235E-07  -2.6087127E-06   7.7768463E-07   1.0503113E-04   2.2601367E-04   1.2946931E-05   1.1096053E-05  -2.4393422E-02  -1.1475002E-02   9.2566564E-04  -3.3753793E-03   7.7936414E-04  -2.3138823E-05   1.2102768E-05  -2.4766644E-05  -1.3628497E-03   9.9227478E-06  -3.5078222E-05   4.6030611E-05  -3.4622126E-05   5.6165627E-08  -3.5335427E-07
  2.3526432E-07  -2.0867364E-06   2.7682235E-07   9.2090036E-06   1.2946931E-05   1.5877161E-05   5.1892996E-07  -2.6662007E-02  -8.5583499E-03   9.5996068E-03  -7.1605869E-03   7.4196679E-04   5.9322577E-05  -9.6725683E-05   7.1817445E-05  -2.0889394E-03   4.6248760E-05  -3.3770338E-05   4.2859485E-05  -1.4260086E-05  -2.1824871E-07  -3.5173099E-07
  1.6405803E-08  -1.7051208E-07   3.5093727E-08  -3.2502152E-07   1.1096053E-05   5.1892996E-07   6.1532203E-06   2.5849547E-03  -1.4892433E-04   1.8132931E-04   6.0799909E-04   4.0948426E-05  -1.1725202E-05   2.9116145E-05  -2.9056924E-06   1.6872822E-04  -1.2249200E-05   8.6134546E-06   1.2143338E-05  -6.2509927E-06  -7.9607797E-09  -5.0395220E-08
 -5.7111543E-04   7.3226792E-04   3.0212702E-04  -1.5622160E-02  -2.4393422E-02  -2.6662007E-02   2.5849547E-03   6.1805867E+02   5.9577111E+01  -5.4311367E+01   3.1380626E+01  -2.4996400E+01  -7.7013234E-01  -2.1811253E-01  -3.1033551E-02   1.1517624E+01  -3.1676713E-01   3.5767561E-01  -2.8340845E-01  -1.8456918E-01   6.5097943E-03   2.7438965E-03
 -4.2041051E-04   3.0695742E-04  -3.3248566E-05  -6.2046254E-03  -1.1475002E-02  -8.5583499E-03  -1.4892433E-04   5.9577111E+01   6.9617956E+01   6.6234377E+00   9.8994199E+00  -2.0046219E-01   2.2519635E-02   4.6856271E-01   9.3861341E-01  -8.5127739E+00  -4.1926765E-02  -1.6926780E-01   5.7160366E-03   7.9576457E-02   6.1256181E-04   6.3101123E-04
  1.3110253E-04  -3.5317482E-04  -4.3797784E-05  -1.9887945E-03   9.2566564E-04   9.5996068E-03   1.8132931E-04  -5.4311367E+01   6.6234377E+00   1.7615820E+02  -8.4896959E+01   2.2640062E+00   3.2530320E-01  -1.0202828E+00   2.7414475E-01  -6.4633654E+00   8.1546463E-03  -2.3092958E-01   5.6540793E-01  -4.5446817E-02   1.7304832E-03  -8.0057195E-03
 -2.0650257E-04   2.9124464E-04   1.9973226E-05  -1.3827857E-03  -3.3753793E-03  -7.1605869E-03   6.0799909E-04   3.1380626E+01   9.8994199E+00  -8.4896959E+01   5.4402744E+01   1.8345996E+00  -3.6043556E-02   7.3199684E-01  -2.3629963E-01  -3.3558270E+00   4.2370229E-03   1.4529338E-01  -4.7160846E-01  -1.0218847E-01  -6.6334147E-04   3.3587308E-03
  1.7257483E-05  -8.2791489E-05  -9.0116595E-06   4.2465008E-04   7.7936414E-04   7.4196679E-04   4.0948426E-05  -2.4996400E+01  -2.0046219E-01   2.2640062E+00   1.8345996E+00   4.2521692E+00   9.4827355E-02   1.6765086E-01  -5.7972768E-02  -3.5191480E+00   5.2944920E-04  -1.1155299E-02   1.1765485E-02   4.2486011E-02   4.3353513E-04  -6.2848756E-05
  1.5128703E-06  -2.8011885E-06   6.6863275E-07  -9.4202460E-06  -2.3138823E-05   5.9322577E-05  -1.1725202E-05  -7.7013234E-01   2.2519635E-02   3.2530320E-01  -3.6043556E-02   9.4827355E-02   1.5679727E-02  -1.5727080E-02   1.0861189E-02  -1.0297668E-01   9.8810061E-04  -1.2985478E-03  -2.8162192E-03   4.7691550E-03   1.7218763E-05  -3.8181809E-05
 -5.7740848E-06  -2.4480954E-06  -1.9506003E-06   1.5863989E-05   1.2102768E-05  -9.6725683E-05   2.9116145E-05  -2.1811253E-01   4.6856271E-01  -1.0202828E+00   7.3199684E-01   1.6765086E-01  -1.5727080E-02   6.5967678E-02   4.0541632E-03  -1.6050617E-01  -5.8317681E-04   6.7516742E-03   2.6798187E-05  -1.6665674E-02  -1.3583937E-05   9.6692047E-05
  7.2018607E-07  -7.5493857E-06  -9.9848571E-07  -6.5780742E-06  -2.4766644E-05   7.1817445E-05  -2.9056924E-06  -3.1033551E-02   9.3861341E-01   2.7414475E-01  -2.3629963E-01  -5.7972768E-02   1.0861189E-02   4.0541632E-03   8.3977076E-02   6.2926582E-02   1.4803123E-04   5.7481736E-04   4.2581508E-04   8.9364623E-04   5.1523082E-06  -2.0080360E-05
 -3.8587431E-05   4.1825587E-05   1.5308254E-06  -3.9461055E-04  -1.3628497E-03  -2.0889394E-03   1.6872822E-04   1.1517624E+01  -8.5127739E+00  -6.4633654E+00  -3.3558270E+00  -3.5191480E+00  -1.0297668E-01  -1.6050617E-01   6.2926582E-02   7.5874515E+00  -1.5242785E-02  -3.0475783E-03   6.6888881E-03  -3.6602260E-02  -2.9296196E-04  -1.1231001E-05
  3.9369856E-07  -1.0052868E-05  -2.1854640E-07   3.6666188E-05   9.9227478E-06   4.6248760E-05  -1.2249200E-05  -3.1676713E-01  -4.1926765E-02   8.1546463E-03   4.2370229E-03   5.2944920E-04   9.8810061E-04  -5.8317681E-04   1.4803123E-04  -1.5242785E-02   3.7832071E-02   2.9276436E-03  -5.6197606E-04   1.2474556E-04   3.1381715E-05  -1.8895780E-05
 -1.1031193E-06   4.1757235E-06  -1.2555706E-06   1.6499651E-05  -3.5078222E-05  -3.3770338E-05   8.6134546E-06   3.5767561E-01  -1.6926780E-01  -2.3092958E-01   1.4529338E-01  -1.1155299E-02  -1.2985478E-03   6.7516742E-03   5.7481736E-04  -3.0475783E-03   2.9276436E-03   2.9848654E-02  -5.8498827E-04   4.7013917E-03  -7.8492945E-05  -4.5444554E-05
  5.9373914E-07  -4.6829178E-06  -4.7183515E-07   1.1794877E-05   4.6030611E-05   4.2859485E-05   1.2143338E-05  -2.8340845E-01   5.7160366E-03   5.6540793E-01  -4.7160846E-01   1.1765485E-02  -2.8162192E-03   2.6798187E-05   4.2581508E-04   6.6888881E-03  -5.6197606E-04  -5.8498827E-04   1.0907103E-02   8.3312877E-03   3.0165861E-06   5.9123645E-05
 -6.3747700E-07  -1.6645458E-06  -1.0309447E-06  -2.1813215E-06  -3.4622126E-05  -1.4260086E-05  -6.2509927E-06  -1.8456918E-01   7.9576457E-02  -4.5446817E-02  -1.0218847E-01   4.2486011E-02   4.7691550E-03  -1.6665674E-02   8.9364623E-04  -3.6602260E-02   1.2474556E-04   4.7013917E-03   8.3312877E-03   2.5550723E-02  -6.3156815E-06   6.2787602E-05
  3.0959821E-09  -6.5052370E-08   3.9396539E-09  -1.9519312E-07   5.6165627E-08  -2.1824871E-07  -7.9607797E-09   6.5097943E-03   6.1256181E-04   1.7304832E-03  -6.6334147E-04   4.3353513E-04   1.7218763E-05  -1.3583937E-05   5.1523082E-06  -2.9296196E-04   3.1381715E-05  -7.8492945E-05   3.0165861E-06  -6.3156815E-06   1.0878714E-06   2.1935510E-08
 -1.3008936E-08  -4.3000886E-08  -3.5612618E-09  -5.6962810E-08  -3.5335427E-07  -3.5173099E-07  -5.0395220E-08   2.7438965E-03   6.3101123E-04  -8.0057195E-03   3.3587308E-03  -6.2848756E-05  -3.8181809E-05   9.6692047E-05  -2.0080360E-05  -1.1231001E-05  -1.8895780E-05  -4.5444554E-05   5.9123645E-05   6.2787602E-05   2.1935510E-08   2.3731280E-06
