# omegabh2 omegach2 theta tau mnu logA ns calPlanck acib217 xi asz143 aps100 aps143 aps143217 aps217 aksz kgal100 kgal143 kgal143217 kgal217 cal0 cal2
  3.7593715E-08  -5.4429439E-08   2.1158186E-08   2.6915666E-07   2.5356334E-07   5.6059884E-07   2.6467529E-07   2.3215122E-08  -1.5883620E-04   2.5576552E-06   4.0683129E-05  -6.7510984E-04  -4.1258645E-04  -1.3940771E-04  -6.8480042E-06  -6.0524899E-05   2.9156383E-06  -7.4962720E-06  -1.9180794E-06   6.0172046E-05   8.3782483E-10  -2.9765104E-09
 -5.4429439E-08   1.1864059E-06  -4.7091480E-08  -2.5017816E-06  -6.7129899E-06  -2.8111833E-06  -2.5469681E-06  -2.5162587E-07   2.1601994E-04  -1.2619145E-06   6.5224836E-06   4.6249037E-04   4.7171484E-04   2.9701838E-04  -7.3095892E-05   7.0699097E-05   3.3032747E-05   4.7075485E-05   5.2063988E-05  -6.3870452E-05  -1.0735975E-08   2.2633077E-09
  2.1158186E-08  -4.7091480E-08   1.7413709E-07   2.9140784E-07   8.6169633E-07   7.5708692E-07   3.4151570E-07   5.1219286E-08   2.9776661E-06  -9.0828960E-07   1.2139173E-06   2.2086620E-06  -6.1881000E-05  -7.3393116E-05  -3.0994936E-05  -1.2771836E-07  -4.6694711E-06   9.1045438E-06   6.6429085E-06   1.5513537E-05   7.5340224E-10  -5.3422926E-10
  2.6915666E-07  -2.5017816E-06   2.9140784E-07   4.3532761E-05   5.0186238E-05   7.9898337E-05   7.9385298E-06  -4.1152163E-07  -1.6152838E-03   3.9522127E-05   2.3629656E-04  -6.8692921E-03  -3.8836764E-03  -1.6279007E-03  -4.7272928E-04  -3.8394987E-04  -9.0545028E-05  -7.8482986E-05   4.2304386E-05   5.9453238E-04  -2.9263258E-08  -4.2463621E-08
  2.5356334E-07  -6.7129899E-06   8.6169633E-07   5.0186238E-05   1.7119157E-03   9.4304064E-05   1.5850474E-05   4.6645867E-06  -6.7188502E-04  -8.4187553E-05  -2.3943953E-04   1.1893654E-02   2.7731384E-03   1.1273733E-03   3.5894343E-03  -6.3266185E-04  -2.5253178E-04  -7.8188595E-04   4.6956623E-04   3.3824480E-03   3.7814968E-07   8.8810554E-08
  5.6059884E-07  -2.8111833E-06   7.5708692E-07   7.9898337E-05   9.4304064E-05   1.7826246E-04   9.8664834E-06   1.1167052E-05  -3.4151109E-03   1.4573281E-04   4.0945821E-04  -1.1526083E-02  -5.4256752E-03   2.8625891E-04   5.0316818E-03  -1.4173641E-03  -3.6466628E-04  -7.4098828E-04  -3.9056755E-04   2.5934976E-03   5.6696021E-08  -1.0621623E-07
  2.6467529E-07  -2.5469681E-06   3.4151570E-07   7.9385298E-06   1.5850474E-05   9.8664834E-06   1.6303307E-05   7.4489102E-07  -4.8748423E-03   8.7397129E-05   1.0156386E-03  -2.4033976E-02  -7.4131231E-03   1.0879811E-03   5.1670705E-03  -2.5573603E-03   3.4320853E-04  -3.8694999E-04  -2.9477089E-04   1.7848802E-03  -7.0628170E-08  -5.0092144E-08
  2.3215122E-08  -2.5162587E-07   5.1219286E-08  -4.1152163E-07   4.6645867E-06   1.1167052E-05   7.4489102E-07   6.2628820E-06   5.7607108E-04   1.1307789E-05  -1.0227840E-05   2.8641286E-03   5.5918411E-04   5.0768774E-04   1.2993761E-03   1.2617056E-05   4.9837373E-05  -1.5969197E-05   3.4849394E-05   8.9730459E-04  -9.7143815E-09   2.9523290E-09
 -1.5883620E-04   2.1601994E-04   2.9776661E-06  -1.6152838E-03  -6.7188502E-04  -3.4151109E-03  -4.8748423E-03   5.7607108E-04   4.4669728E+01  -3.8595107E-01  -8.2950778E-01   3.5553638E+01   2.5236746E+00  -1.2313864E+01  -5.4557356E+01  -3.6554118E-02   2.7059070E-01   6.5729799E-01  -5.7617035E+00  -3.3221309E+01  -2.1151720E-04   7.2295332E-04
  2.5576552E-06  -1.2619145E-06  -9.0828960E-07   3.9522127E-05  -8.4187553E-05   1.4573281E-04   8.7397129E-05   1.1307789E-05  -3.8595107E-01   8.1716475E-02  -4.8365614E-02  -5.6386325E-01   8.6931000E-01   1.5981405E+00   5.8185248E-01   5.4727716E-02  -7.5263936E-03   6.9796357E-03   1.0079348E-01   1.3798690E-01   4.5480810E-06  -5.9205851E-07
  4.0683129E-05   6.5224836E-06   1.2139173E-06   2.3629656E-04  -2.3943953E-04   4.0945821E-04   1.0156386E-03  -1.0227840E-05  -8.2950778E-01  -4.8365614E-02   3.9452312E+00  -3.0674104E+01  -3.1889661E+00   7.9907670E+00   5.5226396E+00  -2.9288361E+00  -1.5517031E-01   1.8606198E-01   2.6983465E+00   3.3293956E+00   1.0476299E-04  -4.4387271E-05
 -6.7510984E-04   4.6249037E-04   2.2086620E-06  -6.8692921E-03   1.1893654E-02  -1.1526083E-02  -2.4033976E-02   2.8641286E-03   3.5553638E+01  -5.6386325E-01  -3.0674104E+01   7.7529903E+02   6.9196796E+01  -5.6068357E+01  -5.9477340E+01   1.5514509E+01  -6.9788319E+00   5.4655552E+00  -1.2718896E+01  -2.4829693E+01   3.6183556E-03   5.1993178E-04
 -4.1258645E-04   4.7171484E-04  -6.1881000E-05  -3.8836764E-03   2.7731384E-03  -5.4256752E-03  -7.4131231E-03   5.5918411E-04   2.5236746E+00   8.6931000E-01  -3.1889661E+00   6.9196796E+01   6.3098598E+01   4.0453796E+01   1.5898936E+01  -5.0396820E+00  -5.4215487E-01  -1.3306128E+00   3.7179518E+00   4.3483770E+00   1.3275565E-04   1.4728674E-04
 -1.3940771E-04   2.9701838E-04  -7.3393116E-05  -1.6279007E-03   1.1273733E-03   2.8625891E-04   1.0879811E-03   5.0768774E-04  -1.2313864E+01   1.5981405E+00   7.9907670E+00  -5.6068357E+01   4.0453796E+01   8.4958907E+01   5.3724948E+01  -1.2615680E+01  -8.3419834E-01  -7.0155355E-01   5.0271534E+00   8.1824467E+00   4.5966769E-04  -3.3577029E-04
 -6.8480042E-06  -7.3095892E-05  -3.0994936E-05  -4.7272928E-04   3.5894343E-03   5.0316818E-03   5.1670705E-03   1.2993761E-03  -5.4557356E+01   5.8185248E-01   5.5226396E+00  -5.9477340E+01   1.5898936E+01   5.3724948E+01   1.0435878E+02  -1.0060432E+01  -7.8354727E-01  -1.4006554E+00   5.5414231E+00   3.3367906E+01   5.1580078E-04  -1.3263192E-03
 -6.0524899E-05   7.0699097E-05  -1.2771836E-07  -3.8394987E-04  -6.3266185E-04  -1.4173641E-03  -2.5573603E-03   1.2617056E-05  -3.6554118E-02   5.4727716E-02  -2.9288361E+00   1.5514509E+01  -5.0396820E+00  -1.2615680E+01  -1.0060432E+01   6.3765230E+00   7.2564935E-02  -1.8354852E-01  -2.1993379E+00  -2.5303445E+00  -7.5039329E-05   9.5344328E-06
  2.9156383E-06   3.3032747E-05  -4.6694711E-06  -9.0545028E-05  -2.5253178E-04  -3.6466628E-04   3.4320853E-04   4.9837373E-05   2.7059070E-01  -7.5263936E-03  -1.5517031E-01  -6.9788319E+00  -5.4215487E-01  -8.3419834E-01  -7.8354727E-01   7.2564935E-02   3.3696948E+00   5.0890658E-01   1.6866367E-01   8.4103824E-02   1.7765254E-04   3.6900420E-06
 -7.4962720E-06   4.7075485E-05   9.1045438E-06  -7.8482986E-05  -7.8188595E-04  -7.4098828E-04  -3.8694999E-04  -1.5969197E-05   6.5729799E-01   6.9796357E-03   1.8606198E-01   5.4655552E+00  -1.3306128E+00  -7.0155355E-01  -1.4006554E+00  -1.8354852E-01   5.0890658E-01   3.2120888E+00   2.7921636E+00   2.7782573E+00  -1.9384291E-04  -4.3396114E-05
 -1.9180794E-06   5.2063988E-05   6.6429085E-06   4.2304386E-05   4.6956623E-04  -3.9056755E-04  -2.9477089E-04   3.4849394E-05  -5.7617035E+00   1.0079348E-01   2.6983465E+00  -1.2718896E+01   3.7179518E+00   5.0271534E+00   5.5414231E+00  -2.1993379E+00   1.6866367E-01   2.7921636E+00   1.0998896E+01   1.9489051E+01  -4.5498358E-05   3.8868648E-04
  6.0172046E-05  -6.3870452E-05   1.5513537E-05   5.9453238E-04   3.3824480E-03   2.5934976E-03   1.7848802E-03   8.9730459E-04  -3.3221309E+01   1.3798690E-01   3.3293956E+00  -2.4829693E+01   4.3483770E+00   8.1824467E+00   3.3367906E+01  -2.5303445E+00   8.4103824E-02   2.7782573E+00   1.9489051E+01   5.3672426E+01   2.6704904E-05   9.0308517E-04
  8.3782483E-10  -1.0735975E-08   7.5340224E-10  -2.9263258E-08   3.7814968E-07   5.6696021E-08  -7.0628170E-08  -9.7143815E-09  -2.1151720E-04   4.5480810E-06   1.0476299E-04   3.6183556E-03   1.3275565E-04   4.5966769E-04   5.1580078E-04  -7.5039329E-05   1.7765254E-04  -1.9384291E-04  -4.5498358E-05   2.6704904E-05   3.6960060E-07  -2.9727046E-09
 -2.9765104E-09   2.2633077E-09  -5.3422926E-10  -4.2463621E-08   8.8810554E-08  -1.0621623E-07  -5.0092144E-08   2.9523290E-09   7.2295332E-04  -5.9205851E-07  -4.4387271E-05   5.1993178E-04   1.4728674E-04  -3.3577029E-04  -1.3263192E-03   9.5344328E-06   3.6900420E-06  -4.3396114E-05   3.8868648E-04   9.0308517E-04  -2.9727046E-09   3.8857505E-07
