# omegabh2 omegach2 theta tau logA ns calPlanck aps100 aps143 aps217 acib217 asz143 psr cibr xi aksz dust100 dust143 dust217 dust143x217 cal0 cal2
  3.9712366E-08  -1.1261805E-07   3.0220614E-08   4.4754217E-07   8.0869688E-07   4.1025668E-07   3.1868209E-08  -6.5293129E-04  -4.6227642E-04   1.4522060E-04  -2.2661137E-04   2.8386860E-05   1.7100530E-06  -4.8465471E-06   2.1500300E-06  -5.4390766E-05   8.7363083E-08  -8.6416352E-07   1.1894171E-06   1.1588490E-07   4.3262785E-09  -1.2720983E-08
 -1.1261805E-07   2.0677852E-06  -1.7863549E-07  -4.9203770E-06  -5.9823644E-06  -4.6402393E-06  -3.9643552E-07   7.6181841E-04   8.1455934E-04  -4.2123445E-04   4.3191790E-04  -3.5704845E-05  -5.1155634E-06   1.1915972E-05  -1.2880387E-05   1.4671225E-04  -5.5201827E-06   9.0387794E-06  -9.7784746E-07   1.5876072E-06  -8.0498803E-08   1.6299162E-08
  3.0220614E-08  -1.7863549E-07   1.9606651E-07   6.9513374E-07   1.2454608E-06   6.7717342E-07   3.0688701E-08   6.9912909E-05  -1.2812693E-04  -4.7390192E-05  -2.0584704E-05  -3.1338542E-06   9.5892195E-07  -2.6762300E-06   1.5951306E-06  -1.2130291E-05  -3.2917018E-07  -3.3361940E-07  -1.9175549E-07   1.7834943E-07   3.7090481E-09  -8.2028123E-09
  4.4754217E-07  -4.9203770E-06   6.9513374E-07   5.9901325E-05   1.0663960E-04   1.5404248E-05  -4.2480603E-07  -1.4749194E-02  -6.9406461E-03   1.5481505E-03  -2.8787554E-03   3.9332681E-04   3.5180183E-05  -7.1253738E-05   6.1407969E-05  -8.2583421E-04   2.8309367E-05  -1.1771853E-05  -1.2211597E-06  -8.4502098E-06  -6.9059340E-08  -3.8838204E-07
  8.0869688E-07  -5.9823644E-06   1.2454608E-06   1.0663960E-04   2.2275953E-04   2.0840055E-05   1.0836516E-05  -2.1847374E-02  -1.1243784E-02   9.5321113E-03  -6.2535988E-03   8.0500055E-04   6.6814790E-05  -1.4877373E-04   1.1357773E-04  -2.3562122E-03   1.6068611E-05  -9.0751382E-05   2.3997255E-05  -3.2403320E-05   3.1107734E-07  -8.8662337E-07
  4.1025668E-07  -4.6402393E-06   6.7717342E-07   1.5404248E-05   2.0840055E-05   2.1943853E-05   1.0526595E-06  -2.5494882E-02  -9.1039968E-03   9.9353072E-03  -7.2193795E-03   6.6509551E-04   7.3220070E-05  -1.3342072E-04   9.6040474E-05  -2.4300896E-03   3.3372062E-05  -4.1646137E-05   3.3354061E-05  -1.2952087E-05  -1.8484932E-07  -4.2287161E-07
  3.1868209E-08  -3.9643552E-07   3.0688701E-08  -4.2480603E-07   1.0836516E-05   1.0526595E-06   6.3238959E-06   3.5247407E-03   2.9212099E-04   1.1521046E-03   4.8083745E-04  -8.1763826E-06  -1.0159187E-05   1.3618857E-05  -4.2096528E-06  -4.7901088E-05  -5.6155004E-06   1.9586819E-06   8.5914708E-06  -6.4144192E-06  -8.1366824E-09  -5.7894173E-08
 -6.5293129E-04   7.6181841E-04   6.9912909E-05  -1.4749194E-02  -2.1847374E-02  -2.5494882E-02   3.5247407E-03   6.2120373E+02   6.2580470E+01  -5.8084268E+01   3.2858951E+01  -2.5411760E+01  -8.1880432E-01  -1.0368477E-01  -1.8650749E-01   1.1220424E+01  -1.9378304E-01   3.1220876E-01  -2.8023392E-01  -2.4307711E-01   6.5990062E-03   2.9596760E-03
 -4.6227642E-04   8.1455934E-04  -1.2812693E-04  -6.9406461E-03  -1.1243784E-02  -9.1039968E-03   2.9212099E-04   6.2580470E+01   7.0275877E+01   7.0157556E+00   8.7187296E+00  -5.8113170E-01  -9.0089608E-03   4.7360058E-01   8.9450891E-01  -8.1154060E+00  -1.6847015E-02  -2.2617004E-01   3.3432180E-02   6.5968383E-02   8.2096715E-04   7.7161320E-04
  1.4522060E-04  -4.2123445E-04  -4.7390192E-05   1.5481505E-03   9.5321113E-03   9.9353072E-03   1.1521046E-03  -5.8084268E+01   7.0157556E+00   1.7458267E+02  -8.2969137E+01   2.8205073E+00   3.5643806E-01  -1.0335573E+00   2.9033549E-01  -7.1906156E+00  -1.4788981E-02  -2.6548603E-01   5.4284625E-01   1.8587033E-03   1.8282182E-03  -7.9500270E-03
 -2.2661137E-04   4.3191790E-04  -2.0584704E-05  -2.8787554E-03  -6.2535988E-03  -7.2193795E-03   4.8083745E-04   3.2858951E+01   8.7187296E+00  -8.2969137E+01   5.2525867E+01   1.5251347E+00  -6.0629511E-02   7.2934475E-01  -2.3886309E-01  -2.8330136E+00   3.8460505E-03   1.6495109E-01  -4.4725152E-01  -1.1758288E-01  -6.8097750E-04   3.2813056E-03
  2.8386860E-05  -3.5704845E-05  -3.1338542E-06   3.9332681E-04   8.0500055E-04   6.6509551E-04  -8.1763826E-06  -2.5411760E+01  -5.8113170E-01   2.8205073E+00   1.5251347E+00   4.2773929E+00   9.7085627E-02   1.5307700E-01  -4.4727926E-02  -3.5249136E+00  -1.2834444E-03  -6.3386275E-03   1.2793839E-02   5.0939096E-02   4.3219365E-04  -1.5723549E-04
  1.7100530E-06  -5.1155634E-06   9.5892195E-07   3.5180183E-05   6.6814790E-05   7.3220070E-05  -1.0159187E-05  -8.1880432E-01  -9.0089608E-03   3.5643806E-01  -6.0629511E-02   9.7085627E-02   1.5931937E-02  -1.6506365E-02   1.1664106E-02  -1.0258343E-01   4.8862910E-04  -1.4312548E-03  -2.4802173E-03   5.1879307E-03   1.8460183E-05  -3.7654673E-05
 -4.8465471E-06   1.1915972E-05  -2.6762300E-06  -7.1253738E-05  -1.4877373E-04  -1.3342072E-04   1.3618857E-05  -1.0368477E-01   4.7360058E-01  -1.0335573E+00   7.2934475E-01   1.5307700E-01  -1.6506365E-02   6.6139928E-02   4.2544853E-03  -1.5343740E-01  -4.2359295E-04   7.0703545E-03  -8.5920391E-05  -1.7302712E-02  -1.2367617E-05   9.7302631E-05
  2.1500300E-06  -1.2880387E-05   1.5951306E-06   6.1407969E-05   1.1357773E-04   9.6040474E-05  -4.2096528E-06  -1.8650749E-01   8.9450891E-01   2.9033549E-01  -2.3886309E-01  -4.4727926E-02   1.1664106E-02   4.2544853E-03   8.3203807E-02   4.3383400E-02   9.1867009E-04   1.0281274E-04   5.9236643E-04   6.6090319E-04   1.3156335E-05  -1.3077905E-05
 -5.4390766E-05   1.4671225E-04  -1.2130291E-05  -8.2583421E-04  -2.3562122E-03  -2.4300896E-03  -4.7901088E-05   1.1220424E+01  -8.1154060E+00  -7.1906156E+00  -2.8330136E+00  -3.5249136E+00  -1.0258343E-01  -1.5343740E-01   4.3383400E-02   7.5107202E+00  -4.6708826E-03  -3.8938315E-03  -2.6703320E-03  -4.8025803E-02  -3.2759471E-04   3.3204023E-05
  8.7363083E-08  -5.5201827E-06  -3.2917018E-07   2.8309367E-05   1.6068611E-05   3.3372062E-05  -5.6155004E-06  -1.9378304E-01  -1.6847015E-02  -1.4788981E-02   3.8460505E-03  -1.2834444E-03   4.8862910E-04  -4.2359295E-04   9.1867009E-04  -4.6708826E-03   3.8687532E-02   2.5173519E-03  -2.1448907E-04   5.4828617E-04   3.9517932E-05  -7.5298984E-06
 -8.6416352E-07   9.0387794E-06  -3.3361940E-07  -1.1771853E-05  -9.0751382E-05  -4.1646137E-05   1.9586819E-06   3.1220876E-01  -2.2617004E-01  -2.6548603E-01   1.6495109E-01  -6.3386275E-03  -1.4312548E-03   7.0703545E-03   1.0281274E-04  -3.8938315E-03   2.5173519E-03   3.0720241E-02  -6.8952441E-04   4.8425588E-03  -8.2411315E-05  -4.1078023E-05
  1.1894171E-06  -9.7784746E-07  -1.9175549E-07  -1.2211597E-06   2.3997255E-05   3.3354061E-05   8.5914708E-06  -2.8023392E-01   3.3432180E-02   5.4284625E-01  -4.4725152E-01   1.2793839E-02  -2.4802173E-03  -8.5920391E-05   5.9236643E-04  -2.6703320E-03  -2.1448907E-04  -6.8952441E-04   1.0548379E-02   8.4058674E-03   3.8141616E-06   5.9706410E-05
  1.1588490E-07   1.5876072E-06   1.7834943E-07  -8.4502098E-06  -3.2403320E-05  -1.2952087E-05  -6.4144192E-06  -2.4307711E-01   6.5968383E-02   1.8587033E-03  -1.1758288E-01   5.0939096E-02   5.1879307E-03  -1.7302712E-02   6.6090319E-04  -4.8025803E-02   5.4828617E-04   4.8425588E-03   8.4058674E-03   2.5978983E-02  -3.2443220E-06   5.8043279E-05
  4.3262785E-09  -8.0498803E-08   3.7090481E-09  -6.9059340E-08   3.1107734E-07  -1.8484932E-07  -8.1366824E-09   6.5990062E-03   8.2096715E-04   1.8282182E-03  -6.8097750E-04   4.3219365E-04   1.8460183E-05  -1.2367617E-05   1.3156335E-05  -3.2759471E-04   3.9517932E-05  -8.2411315E-05   3.8141616E-06  -3.2443220E-06   1.1124197E-06   2.4589136E-08
 -1.2720983E-08   1.6299162E-08  -8.2028123E-09  -3.8838204E-07  -8.8662337E-07  -4.2287161E-07  -5.7894173E-08   2.9596760E-03   7.7161320E-04  -7.9500270E-03   3.2813056E-03  -1.5723549E-04  -3.7654673E-05   9.7302631E-05  -1.3077905E-05   3.3204023E-05  -7.5298984E-06  -4.1078023E-05   5.9706410E-05   5.8043279E-05   2.4589136E-08   2.3844216E-06
