# omegabh2 omegach2 theta tau mnu logA ns calPlanck aps100 aps143 aps217 acib217 asz143 psr cibr xi aksz dust100 dust143 dust217 dust143x217 cal0 cal2
  3.7277891E-08  -5.9835165E-08   2.2177456E-08   2.1304573E-07   7.9508077E-07   4.0121587E-07   2.7782229E-07   9.2724248E-09  -7.2569264E-04  -4.6702692E-04   9.3933563E-05  -1.8821095E-04   3.4610418E-05   1.4381678E-06  -3.2451546E-06   5.4956182E-07  -4.6903660E-05  -2.8593578E-07  -2.8487064E-07   9.8817017E-07  -4.9012840E-08   1.3513954E-09  -1.2622142E-08
 -5.9835165E-08   1.6160956E-06  -6.6593523E-08  -1.6082557E-06  -2.5611784E-05   9.0914462E-07  -3.4412479E-06   1.0536656E-08  -4.0276610E-04   3.2567060E-04   3.1829554E-04  -2.1550080E-06   3.1524073E-05   1.9833290E-06   3.7682280E-06  -4.0547738E-06  -7.2570443E-05   3.1816464E-06  -3.3988288E-06   7.5135690E-07  -2.5748802E-06  -2.3830041E-09   2.6760745E-08
  2.2177456E-08  -6.6593523E-08   1.7608605E-07   1.0470424E-07   1.6521894E-06   2.3025365E-07   4.0152200E-07   1.2418072E-10  -1.8635870E-04  -1.5885528E-04  -1.3308098E-04   3.0839993E-05   1.4709250E-05  -2.7040746E-08   1.0312887E-06  -1.8128179E-07   1.0334248E-05  -1.9707390E-07   6.6469574E-07  -1.7595567E-07  -1.7266727E-08  -6.5324942E-10   4.2551454E-09
  2.1304573E-07  -1.6082557E-06   1.0470424E-07   4.7792190E-05   2.8343267E-05   9.0741131E-05   6.9180163E-06  -3.8650478E-07  -1.1464942E-02  -5.7212963E-03   3.3063285E-03  -3.4648881E-03   9.8847835E-05   2.7149413E-05  -8.1051401E-05   1.4336365E-06  -6.4429921E-04  -3.0453318E-06  -3.8407894E-06   1.1879569E-05  -1.1053955E-05  -3.2431313E-08  -3.4793092E-07
  7.9508077E-07  -2.5611784E-05   1.6521894E-06   2.8343267E-05   2.3464890E-03  -9.9595594E-06   5.7509204E-05   1.7199962E-06   2.1491765E-02  -1.0740764E-04  -1.2505791E-02   6.3124499E-03  -1.3680633E-03  -9.3501771E-05  -2.8263857E-05  -2.1212108E-04   2.8469037E-03   5.4638057E-05   4.7388418E-05  -2.9405481E-05   1.0323289E-04  -3.3948824E-07   4.3764329E-07
  4.0121587E-07   9.0914462E-07   2.3025365E-07   9.0741131E-05  -9.9595594E-06   2.1218312E-04   4.0457909E-06   1.2106122E-05  -1.8503930E-02  -9.3623199E-03   1.6343933E-02  -8.9506944E-03   3.0904191E-04   8.2509127E-05  -1.8660751E-04   5.2305019E-05  -2.6921724E-03  -1.4535017E-05  -7.8826426E-05   6.4047131E-05  -3.6931064E-05   5.1758876E-07  -6.0302433E-07
  2.7782229E-07  -3.4412479E-06   4.0152200E-07   6.9180163E-06   5.7509204E-05   4.0457909E-06   1.8991693E-05   3.1285734E-07  -2.3611666E-02  -8.9350232E-03   8.4676165E-03  -6.4003235E-03   4.7642882E-04   6.1670110E-05  -1.1863044E-04   7.3811039E-05  -1.7428963E-03   2.0038069E-05  -3.7682260E-06   3.0226515E-05  -4.6737252E-06  -4.0213486E-07  -4.4290703E-07
  9.2724248E-09   1.0536656E-08   1.2418072E-10  -3.8650478E-07   1.7199962E-06   1.2106122E-05   3.1285734E-07   6.4032177E-06   3.6300488E-03   4.5144684E-04   1.7654602E-03   2.6817479E-04  -3.5738471E-05  -3.7478861E-06   1.2834147E-05   1.0705889E-05  -9.3266613E-05   2.2530767E-06   1.5828700E-05   1.1302676E-05  -1.3255413E-06  -3.2793434E-08  -2.0103370E-08
 -7.2569264E-04  -4.0276610E-04  -1.8635870E-04  -1.1464942E-02   2.1491765E-02  -1.8503930E-02  -2.3611666E-02   3.6300488E-03   6.2088611E+02   6.5021730E+01  -5.4241119E+01   2.9632362E+01  -2.5613116E+01  -8.7964270E-01  -7.5951069E-02  -1.9213032E-01   1.1924320E+01  -2.0753259E-01   2.3855573E-01  -2.2957144E-01  -2.4061532E-01   6.7609115E-03   2.7749423E-03
 -4.6702692E-04   3.2567060E-04  -1.5885528E-04  -5.7212963E-03  -1.0740764E-04  -9.3623199E-03  -8.9350232E-03   4.5144684E-04   6.5021730E+01   7.0255874E+01   9.0420990E+00   7.4635371E+00  -8.8014078E-01  -1.7354510E-02   4.2684324E-01   8.4502135E-01  -7.7611016E+00  -5.9625711E-02  -2.5357056E-01   4.2398790E-02   5.7602203E-02   9.1661910E-04   8.7341926E-04
  9.3933563E-05   3.1829554E-04  -1.3308098E-04   3.3063285E-03  -1.2505791E-02   1.6343933E-02   8.4676165E-03   1.7654602E-03  -5.4241119E+01   9.0420990E+00   1.7614028E+02  -8.2901231E+01   2.2624717E+00   3.6970302E-01  -1.0928746E+00   3.6219715E-01  -7.4577393E+00  -4.7414808E-02  -3.1249324E-01   5.4294318E-01   2.0689625E-02   1.7742410E-03  -7.4857778E-03
 -1.8821095E-04  -2.1550080E-06   3.0839993E-05  -3.4648881E-03   6.3124499E-03  -8.9506944E-03  -6.4003235E-03   2.6817479E-04   2.9632362E+01   7.4635371E+00  -8.2901231E+01   5.1657099E+01   1.8574429E+00  -6.9858269E-02   7.4761507E-01  -2.8555074E-01  -2.5680512E+00   1.9923287E-02   1.8073017E-01  -4.3955234E-01  -1.2385726E-01  -5.7998055E-04   3.0246582E-03
  3.4610418E-05   3.1524073E-05   1.4709250E-05   9.8847835E-05  -1.3680633E-03   3.0904191E-04   4.7642882E-04  -3.5738471E-05  -2.5613116E+01  -8.8014078E-01   2.2624717E+00   1.8574429E+00   4.3089166E+00   9.9477603E-02   1.4245603E-01  -5.8278892E-02  -3.5235001E+00  -5.2613122E-03  -5.7052382E-03   6.5749680E-03   5.4501949E-02   4.4135892E-04  -1.8808692E-04
  1.4381678E-06   1.9833290E-06  -2.7040746E-08   2.7149413E-05  -9.3501771E-05   8.2509127E-05   6.1670110E-05  -3.7478861E-06  -8.7964270E-01  -1.7354510E-02   3.6970302E-01  -6.9858269E-02   9.9477603E-02   1.6418039E-02  -1.6912453E-02   1.1634128E-02  -1.0310615E-01  -3.6554657E-04  -1.6339829E-03  -2.2974909E-03   5.4295567E-03   1.7263179E-05  -3.4238907E-05
 -3.2451546E-06   3.7682280E-06   1.0312887E-06  -8.1051401E-05  -2.8263857E-05  -1.8660751E-04  -1.1863044E-04   1.2834147E-05  -7.5951069E-02   4.2684324E-01  -1.0928746E+00   7.4761507E-01   1.4245603E-01  -1.6912453E-02   6.5672630E-02   3.5390745E-03  -1.3848817E-01   8.6303139E-04   7.5107155E-03  -8.5602027E-04  -1.8116918E-02  -1.0997763E-05   8.9554419E-05
  5.4956182E-07  -4.0547738E-06  -1.8128179E-07   1.4336365E-06  -2.1212108E-04   5.2305019E-05   7.3811039E-05   1.0705889E-05  -1.9213032E-01   8.4502135E-01   3.6219715E-01  -2.8555074E-01  -5.8278892E-02   1.1634128E-02   3.5390745E-03   8.2169199E-02   6.1454473E-02  -4.0922194E-04   5.5924670E-05   1.1261215E-03   3.4559206E-05   9.5330605E-06  -5.9761041E-06
 -4.6903660E-05  -7.2570443E-05   1.0334248E-05  -6.4429921E-04   2.8469037E-03  -2.6921724E-03  -1.7428963E-03  -9.3266613E-05   1.1924320E+01  -7.7611016E+00  -7.4577393E+00  -2.5680512E+00  -3.5235001E+00  -1.0310615E-01  -1.3848817E-01   6.1454473E-02   7.4241535E+00   3.8585653E-03  -1.2722936E-04  -6.5720569E-03  -5.4794401E-02  -3.9465412E-04  -1.5027122E-05
 -2.8593578E-07   3.1816464E-06  -1.9707390E-07  -3.0453318E-06   5.4638057E-05  -1.4535017E-05   2.0038069E-05   2.2530767E-06  -2.0753259E-01  -5.9625711E-02  -4.7414808E-02   1.9923287E-02  -5.2613122E-03  -3.6554657E-04   8.6303139E-04  -4.0922194E-04   3.8585653E-03   3.8153677E-02   3.1716137E-03  -1.5728096E-04   4.5196389E-04   3.5508485E-05  -1.6852389E-06
 -2.8487064E-07  -3.3988288E-06   6.6469574E-07  -3.8407894E-06   4.7388418E-05  -7.8826426E-05  -3.7682260E-06   1.5828700E-05   2.3855573E-01  -2.5357056E-01  -3.1249324E-01   1.8073017E-01  -5.7052382E-03  -1.6339829E-03   7.5107155E-03   5.5924670E-05  -1.2722936E-04   3.1716137E-03   3.0281223E-02  -1.0147711E-03   4.7107251E-03  -7.9178302E-05  -4.3089613E-05
  9.8817017E-07   7.5135690E-07  -1.7595567E-07   1.1879569E-05  -2.9405481E-05   6.4047131E-05   3.0226515E-05   1.1302676E-05  -2.2957144E-01   4.2398790E-02   5.4294318E-01  -4.3955234E-01   6.5749680E-03  -2.2974909E-03  -8.5602027E-04   1.1261215E-03  -6.5720569E-03  -1.5728096E-04  -1.0147711E-03   1.0496629E-02   8.6662433E-03   5.7153655E-06   6.4265384E-05
 -4.9012840E-08  -2.5748802E-06  -1.7266727E-08  -1.1053955E-05   1.0323289E-04  -3.6931064E-05  -4.6737252E-06  -1.3255413E-06  -2.4061532E-01   5.7602203E-02   2.0689625E-02  -1.2385726E-01   5.4501949E-02   5.4295567E-03  -1.8116918E-02   3.4559206E-05  -5.4794401E-02   4.5196389E-04   4.7107251E-03   8.6662433E-03   2.6620203E-02   4.8087833E-07   6.1244256E-05
  1.3513954E-09  -2.3830041E-09  -6.5324942E-10  -3.2431313E-08  -3.3948824E-07   5.1758876E-07  -4.0213486E-07  -3.2793434E-08   6.7609115E-03   9.1661910E-04   1.7742410E-03  -5.7998055E-04   4.4135892E-04   1.7263179E-05  -1.0997763E-05   9.5330605E-06  -3.9465412E-04   3.5508485E-05  -7.9178302E-05   5.7153655E-06   4.8087833E-07   1.0967741E-06   6.4672044E-08
 -1.2622142E-08   2.6760745E-08   4.2551454E-09  -3.4793092E-07   4.3764329E-07  -6.0302433E-07  -4.4290703E-07  -2.0103370E-08   2.7749423E-03   8.7341926E-04  -7.4857778E-03   3.0246582E-03  -1.8808692E-04  -3.4238907E-05   8.9554419E-05  -5.9761041E-06  -1.5027122E-05  -1.6852389E-06  -4.3089613E-05   6.4265384E-05   6.1244256E-05   6.4672044E-08   2.4416499E-06
