# omegabh2 omegach2 theta tau mnu logA ns calPlanck acib217 xi asz143 aps100 aps143 aps143217 aps217 aksz kgal100 kgal143 kgal143217 kgal217 galfEE100 galfEE100143 galfEE100217 galfEE143 galfEE143217 galfEE217 galfTE100 galfTE100143 galfTE100217 galfTE143 galfTE143217 galfTE217 cal0 cal2
    0.1934840E-07   -0.6611049E-07    0.1055698E-07    0.6368229E-06    0.8598979E-06    0.1201324E-05    0.1950903E-06    0.4690796E-08   -0.1047773E-03    0.2878617E-05    0.2104940E-04   -0.3853654E-03   -0.1987888E-03   -0.7965112E-05    0.6545018E-04   -0.3960410E-04   -0.2636291E-05   -0.5295108E-05   -0.1143667E-04    0.6949612E-05    0.3494365E-07    0.3540139E-07    0.7279899E-07    0.4536134E-07    0.6594937E-07    0.6398028E-06   -0.4079831E-08   -0.1957968E-07   -0.6931503E-08   -0.2306688E-06   -0.3795243E-06   -0.1526815E-05    0.5729811E-08   -0.6701409E-08
   -0.6611049E-07    0.1155681E-05   -0.6108868E-07   -0.6463657E-05   -0.1659912E-04   -0.1012173E-04   -0.2956296E-05   -0.5818879E-07    0.3084886E-03   -0.7344389E-05   -0.9369765E-04    0.1534462E-02    0.7580774E-03    0.1069706E-03   -0.8690553E-04    0.1277408E-03   -0.9193572E-05   -0.3315847E-04   -0.4084453E-04   -0.4759369E-04   -0.4479051E-06   -0.4759946E-06   -0.7699403E-06   -0.4394966E-06    0.4944523E-07   -0.6936687E-06    0.7234848E-06   -0.4927114E-07    0.1055716E-05   -0.2699069E-06    0.8447253E-06   -0.7557777E-06   -0.1294698E-07    0.3925330E-07
    0.1055698E-07   -0.6108868E-07    0.8721232E-07    0.4240504E-06    0.5257990E-06    0.7908475E-06    0.2700657E-06    0.4556289E-08    0.9451758E-05    0.9855577E-06   -0.5398251E-05    0.1605224E-04   -0.3898540E-04   -0.3959353E-04   -0.3178784E-04   -0.5967846E-06    0.1351949E-05   -0.2309727E-05    0.9171809E-05    0.1772032E-04    0.4829650E-07    0.2807353E-07    0.3479772E-07    0.1710916E-08   -0.1432840E-06    0.2076561E-06    0.1120413E-06   -0.3141986E-07    0.9622564E-07   -0.4119739E-06   -0.6786775E-07   -0.4550853E-06    0.4420146E-08    0.1130106E-07
    0.6368229E-06   -0.6463657E-05    0.4240504E-06    0.2831230E-03    0.1851029E-03    0.5454651E-03    0.2973161E-04   -0.1795567E-05   -0.1191118E-01    0.2740091E-03    0.2664503E-02   -0.4924596E-01   -0.1710470E-01    0.4482586E-02    0.1142680E-01   -0.5646949E-02   -0.4746819E-03   -0.7736677E-03   -0.2787040E-02   -0.2667535E-02   -0.1854087E-06    0.2819394E-05    0.1160009E-04    0.2164335E-05    0.4576753E-05   -0.4475702E-05   -0.1924493E-04   -0.5370177E-05    0.3981505E-05    0.1046483E-05   -0.1647618E-04   -0.7028760E-04    0.1799128E-06   -0.1702753E-05
    0.8598979E-06   -0.1659912E-04    0.5257990E-06    0.1851029E-03    0.2280631E-02    0.3284438E-03    0.4351638E-04    0.2754579E-05    0.4189689E-02    0.1585323E-04    0.1307069E-02   -0.2083270E-01   -0.4357193E-02    0.1610182E-02   -0.7349884E-02   -0.6554384E-03    0.7260330E-03   -0.9549912E-03   -0.4283215E-03   -0.9401556E-03    0.1588731E-05    0.3747719E-05    0.5705064E-05    0.6896948E-05    0.3013655E-04    0.1547767E-03    0.4883065E-05    0.1822020E-05    0.2908411E-04    0.8919994E-05   -0.4555726E-04   -0.1029372E-03    0.6284020E-06    0.6607843E-06
    0.1201324E-05   -0.1012173E-04    0.7908475E-06    0.5454651E-03    0.3284438E-03    0.1084639E-02    0.5070644E-04    0.8767162E-05   -0.2343341E-01    0.5967766E-03    0.5137851E-02   -0.8956499E-01   -0.3122309E-01    0.1206118E-01    0.2862754E-01   -0.1163837E-01   -0.1298151E-02   -0.2166587E-02   -0.6262433E-02   -0.3954476E-02   -0.3474463E-06    0.5148565E-05    0.2049474E-04    0.5170943E-05    0.2996437E-05   -0.1958430E-04   -0.3636046E-04   -0.1299996E-04    0.2195294E-04   -0.1926950E-05   -0.3068266E-04   -0.1156896E-03    0.6322374E-06   -0.3416437E-05
    0.1950903E-06   -0.2956296E-05    0.2700657E-06    0.2973161E-04    0.4351638E-04    0.5070644E-04    0.1766976E-04    0.2151498E-06   -0.5195529E-02    0.1321250E-03    0.1042514E-02   -0.2734169E-01   -0.6612137E-02    0.2927477E-02    0.5983961E-02   -0.2443253E-02    0.2820671E-03   -0.2306120E-03   -0.6402970E-03    0.8811433E-04    0.2587675E-05    0.3038078E-05    0.2850884E-05    0.2607499E-05    0.8581822E-06   -0.3638757E-05   -0.6750255E-06    0.2084749E-05   -0.2410339E-05    0.1910613E-05    0.7422579E-05    0.2587291E-05   -0.1386810E-06   -0.5089579E-06
    0.4690796E-08   -0.5818879E-07    0.4556289E-08   -0.1795567E-05    0.2754579E-05    0.8767162E-05    0.2151498E-06    0.6198056E-05    0.6574479E-03    0.3742101E-05    0.3413350E-05    0.3667341E-02    0.3694072E-03    0.2981418E-03    0.1321522E-02    0.3165291E-04   -0.4870544E-04   -0.4597195E-04   -0.9556096E-04    0.7111415E-03    0.8040116E-06    0.5798286E-06   -0.1070114E-06    0.1130993E-05   -0.2556477E-05   -0.5982232E-05   -0.2866598E-07   -0.5611352E-06    0.4670412E-05    0.2925966E-07    0.2374251E-05    0.1651327E-04    0.2447803E-07   -0.1781836E-07
   -0.1047773E-03    0.3084886E-03    0.9451758E-05   -0.1191118E-01    0.4189689E-02   -0.2343341E-01   -0.5195529E-02    0.6574479E-03    0.4247351E+02   -0.5193863E+00   -0.1391921E+01    0.4150263E+02   -0.1435004E+00   -0.2112308E+02   -0.5939813E+02    0.1979782E+00   -0.8390498E-01   -0.1932266E-01   -0.2052223E+01   -0.1809894E+02   -0.3792073E-05   -0.8606795E-03    0.3076168E-02   -0.4862233E-03    0.4062454E-02   -0.8683156E-03   -0.1069555E-02   -0.1504678E-02   -0.9537657E-02   -0.9363010E-03    0.2515295E-02    0.1619502E-01   -0.3284467E-03    0.4195918E-02
    0.2878617E-05   -0.7344389E-05    0.9855577E-06    0.2740091E-03    0.1585323E-04    0.5967766E-03    0.1321250E-03    0.3742101E-05   -0.5193863E+00    0.8183691E-01   -0.7137181E-01   -0.4940736E+00    0.1052895E+01    0.1944562E+01    0.8161660E+00    0.6498730E-01   -0.5838232E-02    0.2611239E-02    0.9729394E-01    0.9702204E-01    0.1461909E-04   -0.6898050E-05    0.1283055E-03    0.1124459E-04   -0.2659333E-03   -0.2845967E-03    0.1152240E-04    0.1050719E-03    0.4692151E-03   -0.5765141E-04   -0.2242157E-04   -0.9064444E-03    0.4239292E-05   -0.2161452E-04
    0.2104940E-04   -0.9369765E-04   -0.5398251E-05    0.2664503E-02    0.1307069E-02    0.5137851E-02    0.1042514E-02    0.3413350E-05   -0.1391921E+01   -0.7137181E-01    0.3596465E+01   -0.2790284E+02   -0.3882057E+01    0.7444511E+01    0.6148121E+01   -0.2434997E+01   -0.9984067E-01    0.6564497E-01    0.2204396E+01    0.1818063E+01   -0.1432461E-03   -0.4802157E-04   -0.1023156E-03    0.9188005E-04    0.8252815E-04   -0.3349883E-02    0.1210834E-02    0.2381243E-03    0.1449141E-03   -0.1355367E-02   -0.8550281E-03   -0.1439785E-02    0.1985201E-03   -0.3242735E-03
   -0.3853654E-03    0.1534462E-02    0.1605224E-04   -0.4924596E-01   -0.2083270E-01   -0.8956499E-01   -0.2734169E-01    0.3667341E-02    0.4150263E+02   -0.4940736E+00   -0.2790284E+02    0.7442782E+03    0.6611434E+02   -0.6147722E+02   -0.6864082E+02    0.1284530E+02   -0.3825726E+01    0.3330799E+01   -0.1041403E+02   -0.1528358E+02   -0.2513194E-03   -0.3153315E-02   -0.1476341E-02   -0.1669202E-02   -0.7057195E-02    0.4302543E-01   -0.1266855E-01   -0.1516465E-01   -0.1200198E-01    0.2243182E-01    0.1683719E-01    0.7042513E-01    0.5552979E-02    0.3985927E-02
   -0.1987888E-03    0.7580774E-03   -0.3898540E-04   -0.1710470E-01   -0.4357193E-02   -0.3122309E-01   -0.6612137E-02    0.3694072E-03   -0.1435004E+00    0.1052895E+01   -0.3882057E+01    0.6611434E+02    0.5903277E+02    0.4350098E+02    0.1654045E+02   -0.3529775E+01   -0.3609840E+00   -0.8860765E+00    0.3887936E+01    0.3772301E+01   -0.1196244E-02   -0.2018104E-02   -0.1400179E-02   -0.1210622E-02   -0.9557848E-02   -0.1112478E-01    0.2768002E-02   -0.4921593E-03    0.1698810E-01   -0.1058253E-02    0.5237766E-02    0.1255613E-01   -0.3135793E-05    0.1654329E-03
   -0.7965112E-05    0.1069706E-03   -0.3959353E-04    0.4482586E-02    0.1610182E-02    0.1206118E-01    0.2927477E-02    0.2981418E-03   -0.2112308E+02    0.1944562E+01    0.7444511E+01   -0.6147722E+02    0.4350098E+02    0.9900812E+02    0.6482565E+02   -0.1065209E+02   -0.6168432E+00   -0.3212538E+00    0.4712604E+01    0.4585053E+01   -0.1148579E-02   -0.1034713E-02   -0.2109611E-04    0.1690954E-03   -0.1053611E-01   -0.2030746E-01    0.5882978E-02    0.2746772E-02    0.1921284E-01   -0.3719923E-02   -0.1451893E-02   -0.9453062E-02    0.7144238E-03   -0.2458940E-02
    0.6545018E-04   -0.8690553E-04   -0.3178784E-04    0.1142680E-01   -0.7349884E-02    0.2862754E-01    0.5983961E-02    0.1321522E-02   -0.5939813E+02    0.8161660E+00    0.6148121E+01   -0.6864082E+02    0.1654045E+02    0.6482565E+02    0.1169122E+03   -0.8916499E+01   -0.3716551E+00   -0.2202647E+00   -0.5441886E+00    0.1430463E+02   -0.1086894E-02    0.5277481E-03   -0.6108050E-02    0.6519343E-03   -0.8641169E-02   -0.4250450E-02    0.3556334E-02   -0.6986770E-04    0.8616440E-02    0.8856263E-03   -0.7507873E-03   -0.1068985E-02    0.8331980E-03   -0.7318369E-02
   -0.3960410E-04    0.1277408E-03   -0.5967846E-06   -0.5646949E-02   -0.6554384E-03   -0.1163837E-01   -0.2443253E-02    0.3165291E-04    0.1979782E+00    0.6498730E-01   -0.2434997E+01    0.1284530E+02   -0.3529775E+01   -0.1065209E+02   -0.8916499E+01    0.5286681E+01    0.6862186E-01   -0.9198891E-01   -0.1744508E+01   -0.1273953E+01    0.1661365E-03   -0.2691080E-04    0.5334142E-04   -0.3719337E-03    0.8130510E-03    0.3454311E-02   -0.1370757E-02    0.6943570E-04   -0.1024575E-02    0.6809991E-03   -0.1089717E-02   -0.7747052E-03   -0.1216034E-03    0.1385106E-03
   -0.2636291E-05   -0.9193572E-05    0.1351949E-05   -0.4746819E-03    0.7260330E-03   -0.1298151E-02    0.2820671E-03   -0.4870544E-04   -0.8390498E-01   -0.5838232E-02   -0.9984067E-01   -0.3825726E+01   -0.3609840E+00   -0.6168432E+00   -0.3716551E+00    0.6862186E-01    0.3583057E+01    0.4401415E+00    0.2962659E+00    0.6009223E+00    0.1052173E-03    0.3839012E-04    0.5538815E-03    0.8964744E-04    0.1097779E-02    0.2559436E-04    0.7657208E-03    0.4116480E-03   -0.7013169E-03    0.7765653E-03   -0.5284701E-04   -0.2475355E-02    0.2861836E-03    0.3988676E-04
   -0.5295108E-05   -0.3315847E-04   -0.2309727E-05   -0.7736677E-03   -0.9549912E-03   -0.2166587E-02   -0.2306120E-03   -0.4597195E-04   -0.1932266E-01    0.2611239E-02    0.6564497E-01    0.3330799E+01   -0.8860765E+00   -0.3212538E+00   -0.2202647E+00   -0.9198891E-01    0.4401415E+00    0.3265836E+01    0.2632915E+01    0.1957341E+01   -0.1834135E-03   -0.3951441E-04    0.7110967E-03   -0.6577748E-04    0.1615843E-02    0.3687528E-02    0.1014484E-03   -0.5493379E-06   -0.2262713E-02    0.1521245E-02   -0.8739930E-03   -0.9300896E-02   -0.2637503E-03   -0.1769378E-03
   -0.1143667E-04   -0.4084453E-04    0.9171809E-05   -0.2787040E-02   -0.4283215E-03   -0.6262433E-02   -0.6402970E-03   -0.9556096E-04   -0.2052223E+01    0.9729394E-01    0.2204396E+01   -0.1041403E+02    0.3887936E+01    0.4712604E+01   -0.5441886E+00   -0.1744508E+01    0.2962659E+00    0.2632915E+01    0.1706355E+02    0.2552823E+02   -0.4617770E-03   -0.5916303E-03    0.1443396E-02   -0.2294271E-03   -0.1965308E-02   -0.2402241E-02    0.3848704E-02    0.3224193E-02    0.5405734E-02    0.3413882E-02   -0.4070283E-02   -0.6729869E-02   -0.3050191E-04    0.2518705E-02
    0.6949612E-05   -0.4759369E-04    0.1772032E-04   -0.2667535E-02   -0.9401556E-03   -0.3954476E-02    0.8811433E-04    0.7111415E-03   -0.1809894E+02    0.9702204E-01    0.1818063E+01   -0.1528358E+02    0.3772301E+01    0.4585053E+01    0.1430463E+02   -0.1273953E+01    0.6009223E+00    0.1957341E+01    0.2552823E+02    0.5412766E+02   -0.8822676E-04   -0.4688118E-03   -0.1092507E-02   -0.1654394E-03   -0.4844865E-02   -0.1327864E-02    0.5072791E-02    0.6097785E-02    0.1646595E-01    0.7488064E-02   -0.1280084E-01   -0.1842714E-01    0.4651523E-04    0.4584143E-02
    0.3494365E-07   -0.4479051E-06    0.4829650E-07   -0.1854087E-06    0.1588731E-05   -0.3474463E-06    0.2587675E-05    0.8040116E-06   -0.3792073E-05    0.1461909E-04   -0.1432461E-03   -0.2513194E-03   -0.1196244E-02   -0.1148579E-02   -0.1086894E-02    0.1661365E-03    0.1052173E-03   -0.1834135E-03   -0.4617770E-03   -0.8822676E-04    0.3263421E-04    0.9379557E-05    0.4120819E-08    0.3035037E-05    0.2751478E-05   -0.1510564E-06   -0.3741379E-06   -0.6946333E-06    0.7042703E-06    0.1062813E-05    0.9429470E-05    0.2514780E-04   -0.1140310E-07   -0.1652689E-07
    0.3540139E-07   -0.4759946E-06    0.2807353E-07    0.2819394E-05    0.3747719E-05    0.5148565E-05    0.3038078E-05    0.5798286E-06   -0.8606795E-03   -0.6898050E-05   -0.4802157E-04   -0.3153315E-02   -0.2018104E-02   -0.1034713E-02    0.5277481E-03   -0.2691080E-04    0.3839012E-04   -0.3951441E-04   -0.5916303E-03   -0.4688118E-03    0.9379557E-05    0.2545681E-04    0.1203364E-05    0.1246305E-04    0.7630118E-05    0.1097211E-05   -0.4695888E-05   -0.2964804E-05    0.2705910E-05   -0.1782601E-07    0.6385514E-05    0.3644381E-04   -0.3932336E-07   -0.2005806E-06
    0.7279899E-07   -0.7699403E-06    0.3479772E-07    0.1160009E-04    0.5705064E-05    0.2049474E-04    0.2850884E-05   -0.1070114E-06    0.3076168E-02    0.1283055E-03   -0.1023156E-03   -0.1476341E-02   -0.1400179E-02   -0.2109611E-04   -0.6108050E-02    0.5334142E-04    0.5538815E-03    0.7110967E-03    0.1443396E-02   -0.1092507E-02    0.4120819E-08    0.1203364E-05    0.1046341E-02    0.2256017E-06   -0.1027764E-05   -0.9760243E-05    0.2420671E-04    0.1300278E-04   -0.1918318E-04    0.2865327E-04    0.1804488E-04    0.1364773E-03    0.2205221E-06    0.5898945E-06
    0.4536134E-07   -0.4394966E-06    0.1710916E-08    0.2164335E-05    0.6896948E-05    0.5170943E-05    0.2607499E-05    0.1130993E-05   -0.4862233E-03    0.1124459E-04    0.9188005E-04   -0.1669202E-02   -0.1210622E-02    0.1690954E-03    0.6519343E-03   -0.3719337E-03    0.8964744E-04   -0.6577748E-04   -0.2294271E-03   -0.1654394E-03    0.3035037E-05    0.1246305E-04    0.2256017E-06    0.4706101E-04    0.8228307E-05   -0.3010570E-05    0.2308811E-05   -0.1770407E-05    0.5235672E-05   -0.5945786E-06    0.7426773E-05    0.3153271E-04   -0.1154805E-07   -0.1672928E-06
    0.6594937E-07    0.4944523E-07   -0.1432840E-06    0.4576753E-05    0.3013655E-04    0.2996437E-05    0.8581822E-06   -0.2556477E-05    0.4062454E-02   -0.2659333E-03    0.8252815E-04   -0.7057195E-02   -0.9557848E-02   -0.1053611E-01   -0.8641169E-02    0.8130510E-03    0.1097779E-02    0.1615843E-02   -0.1965308E-02   -0.4844865E-02    0.2751478E-05    0.7630118E-05   -0.1027764E-05    0.8228307E-05    0.2146789E-02    0.1090998E-03    0.1663690E-05    0.3901854E-05   -0.5939888E-04    0.1777428E-04    0.2763020E-04    0.2112593E-04   -0.2665817E-06    0.3651240E-06
    0.6398028E-06   -0.6936687E-06    0.2076561E-06   -0.4475702E-05    0.1547767E-03   -0.1958430E-04   -0.3638757E-05   -0.5982232E-05   -0.8683156E-03   -0.2845967E-03   -0.3349883E-02    0.4302543E-01   -0.1112478E-01   -0.2030746E-01   -0.4250450E-02    0.3454311E-02    0.2559436E-04    0.3687528E-02   -0.2402241E-02   -0.1327864E-02   -0.1510564E-06    0.1097211E-05   -0.9760243E-05   -0.3010570E-05    0.1090998E-03    0.1635980E-01    0.1023291E-04    0.4442454E-05   -0.2800876E-03    0.4886968E-04    0.1142813E-03   -0.3911853E-03   -0.1509079E-05    0.5229741E-07
   -0.4079831E-08    0.7234848E-06    0.1120413E-06   -0.1924493E-04    0.4883065E-05   -0.3636046E-04   -0.6750255E-06   -0.2866598E-07   -0.1069555E-02    0.1152240E-04    0.1210834E-02   -0.1266855E-01    0.2768002E-02    0.5882978E-02    0.3556334E-02   -0.1370757E-02    0.7657208E-03    0.1014484E-03    0.3848704E-02    0.5072791E-02   -0.3741379E-06   -0.4695888E-05    0.2420671E-04    0.2308811E-05    0.1663690E-05    0.1023291E-04    0.1428210E-02    0.2983079E-03    0.1105856E-03   -0.3904231E-03   -0.8123177E-04   -0.4499213E-05    0.4189683E-06    0.2589441E-06
   -0.1957968E-07   -0.4927114E-07   -0.3141986E-07   -0.5370177E-05    0.1822020E-05   -0.1299996E-04    0.2084749E-05   -0.5611352E-06   -0.1504678E-02    0.1050719E-03    0.2381243E-03   -0.1516465E-01   -0.4921593E-03    0.2746772E-02   -0.6986770E-04    0.6943570E-04    0.4116480E-03   -0.5493379E-06    0.3224193E-02    0.6097785E-02   -0.6946333E-06   -0.2964804E-05    0.1300278E-04   -0.1770407E-05    0.3901854E-05    0.4442454E-05    0.2983079E-03    0.8544224E-03    0.4291218E-04    0.7333520E-03    0.4463914E-04   -0.5949444E-03   -0.7201813E-07    0.6106355E-06
   -0.6931503E-08    0.1055716E-05    0.9622564E-07    0.3981505E-05    0.2908411E-04    0.2195294E-04   -0.2410339E-05    0.4670412E-05   -0.9537657E-02    0.4692151E-03    0.1449141E-03   -0.1200198E-01    0.1698810E-01    0.1921284E-01    0.8616440E-02   -0.1024575E-02   -0.7013169E-03   -0.2262713E-02    0.5405734E-02    0.1646595E-01    0.7042703E-06    0.2705910E-05   -0.1918318E-04    0.5235672E-05   -0.5939888E-04   -0.2800876E-03    0.1105856E-03    0.4291218E-04    0.7183767E-02   -0.2716252E-03    0.8320817E-03    0.4489870E-02    0.5974874E-06    0.1079363E-05
   -0.2306688E-06   -0.2699069E-06   -0.4119739E-06    0.1046483E-05    0.8919994E-05   -0.1926950E-05    0.1910613E-05    0.2925966E-07   -0.9363010E-03   -0.5765141E-04   -0.1355367E-02    0.2243182E-01   -0.1058253E-02   -0.3719923E-02    0.8856263E-03    0.6809991E-03    0.7765653E-03    0.1521245E-02    0.3413882E-02    0.7488064E-02    0.1062813E-05   -0.1782601E-07    0.2865327E-04   -0.5945786E-06    0.1777428E-04    0.4886968E-04   -0.3904231E-03    0.7333520E-03   -0.2716252E-03    0.2871407E-02    0.4947963E-03   -0.8118635E-03    0.3452562E-06    0.1339074E-05
   -0.3795243E-06    0.8447253E-06   -0.6786775E-07   -0.1647618E-04   -0.4555726E-04   -0.3068266E-04    0.7422579E-05    0.2374251E-05    0.2515295E-02   -0.2242157E-04   -0.8550281E-03    0.1683719E-01    0.5237766E-02   -0.1451893E-02   -0.7507873E-03   -0.1089717E-02   -0.5284701E-04   -0.8739930E-03   -0.4070283E-02   -0.1280084E-01    0.9429470E-05    0.6385514E-05    0.1804488E-04    0.7426773E-05    0.2763020E-04    0.1142813E-03   -0.8123177E-04    0.4463914E-04    0.8320817E-03    0.4947963E-03    0.6593028E-02    0.7682261E-02    0.8758164E-06   -0.2136316E-05
   -0.1526815E-05   -0.7557777E-06   -0.4550853E-06   -0.7028760E-04   -0.1029372E-03   -0.1156896E-03    0.2587291E-05    0.1651327E-04    0.1619502E-01   -0.9064444E-03   -0.1439785E-02    0.7042513E-01    0.1255613E-01   -0.9453062E-02   -0.1068985E-02   -0.7747052E-03   -0.2475355E-02   -0.9300896E-02   -0.6729869E-02   -0.1842714E-01    0.2514780E-04    0.3644381E-04    0.1364773E-03    0.3153271E-04    0.2112593E-04   -0.3911853E-03   -0.4499213E-05   -0.5949444E-03    0.4489870E-02   -0.8118635E-03    0.7682261E-02    0.6294307E-01    0.2483941E-05   -0.3784135E-05
    0.5729811E-08   -0.1294698E-07    0.4420146E-08    0.1799128E-06    0.6284020E-06    0.6322374E-06   -0.1386810E-06    0.2447803E-07   -0.3284467E-03    0.4239292E-05    0.1985201E-03    0.5552979E-02   -0.3135793E-05    0.7144238E-03    0.8331980E-03   -0.1216034E-03    0.2861836E-03   -0.2637503E-03   -0.3050191E-04    0.4651523E-04   -0.1140310E-07   -0.3932336E-07    0.2205221E-06   -0.1154805E-07   -0.2665817E-06   -0.1509079E-05    0.4189683E-06   -0.7201813E-07    0.5974874E-06    0.3452562E-06    0.8758164E-06    0.2483941E-05    0.5780415E-06   -0.1472470E-07
   -0.6701409E-08    0.3925330E-07    0.1130106E-07   -0.1702753E-05    0.6607843E-06   -0.3416437E-05   -0.5089579E-06   -0.1781836E-07    0.4195918E-02   -0.2161452E-04   -0.3242735E-03    0.3985927E-02    0.1654329E-03   -0.2458940E-02   -0.7318369E-02    0.1385106E-03    0.3988676E-04   -0.1769378E-03    0.2518705E-02    0.4584143E-02   -0.1652689E-07   -0.2005806E-06    0.5898945E-06   -0.1672928E-06    0.3651240E-06    0.5229741E-07    0.2589441E-06    0.6106355E-06    0.1079363E-05    0.1339074E-05   -0.2136316E-05   -0.3784135E-05   -0.1472470E-07    0.2063480E-05
