# omegabh2 omegach2 theta tau logA ns r calPlanck acib217 xi asz143 aps100 aps143 aps143217 aps217 aksz kgal100 kgal143 kgal143217 kgal217 cal0 cal2
  4.4239348E-08  -1.4498685E-07   3.8639767E-08   2.5163139E-07   3.3352339E-07   4.8363638E-07   4.6611106E-07   3.4786468E-08  -4.7034681E-05  -2.2341381E-06   5.3568946E-05  -7.0072372E-04  -3.9515513E-04  -2.0198581E-04  -9.4143190E-05  -8.9996872E-05   4.6113084E-06   1.8145510E-05   1.1485488E-05   4.8288761E-06  -3.8378477E-09   1.4248311E-09
 -1.4498685E-07   2.8454243E-06  -2.6008496E-07  -1.8646266E-06   2.9730363E-06  -6.5790417E-06  -9.1367474E-06  -1.2997089E-07   7.9814837E-05   1.9941172E-05  -7.8342108E-05   1.2506164E-03   6.4317107E-04   1.2105133E-03   6.2542105E-04   4.2827987E-05  -7.8641345E-05  -1.0509872E-04  -2.7394033E-04  -4.5714574E-04   1.2584282E-09  -6.7248223E-08
  3.8639767E-08  -2.6008496E-07   1.9312321E-07   2.5145617E-07   1.8705145E-07   8.3953048E-07   1.1187922E-06   5.4738313E-08   2.2124709E-05  -1.1384340E-05   3.1647346E-05  -5.5783267E-04  -2.1855255E-04  -3.2950533E-04  -9.4651572E-05  -3.3761938E-05   1.0654208E-05   2.0743987E-06  -1.8835033E-06  -1.4872690E-05  -7.9174527E-09   1.5644795E-08
  2.5163139E-07  -1.8646266E-06   2.5145617E-07   5.4437207E-05   1.0361440E-04   7.7718092E-06   4.9695710E-06  -5.1691373E-07  -1.7142232E-03   1.1109133E-04   6.4044178E-04  -1.4305113E-02  -2.7637671E-03   1.9634534E-03   8.9484402E-05  -1.3730146E-03  -3.3291104E-04  -9.8977369E-04  -9.3875369E-04  -3.6346632E-05  -5.2333605E-08   1.0257112E-07
  3.3352339E-07   2.9730363E-06   1.8705145E-07   1.0361440E-04   2.4251560E-04  -1.5918240E-06  -1.4508020E-05   1.1439591E-05  -3.3981355E-03   3.1603289E-04   1.1077520E-03  -2.3894599E-02  -3.2099279E-03   9.7440426E-03   7.9613939E-03  -3.8599126E-03  -1.3768306E-03  -2.5511220E-03  -3.2197929E-03  -6.0015755E-05   2.3946328E-08  -4.8566548E-08
  4.8363638E-07  -6.5790417E-06   8.3953048E-07   7.7718092E-06  -1.5918240E-06   2.6053373E-05   4.4998268E-05   3.6957677E-07  -3.5306681E-03   1.0981478E-05   1.6167288E-03  -2.9683944E-02  -7.8984834E-03  -3.3497399E-06   3.0900731E-03  -2.8330380E-03   3.6137808E-04  -8.4755785E-06   3.1980114E-04   1.8382489E-03  -1.6568693E-07   1.3088532E-07
  4.6611106E-07  -9.1367474E-06   1.1187922E-06   4.9695710E-06  -1.4508020E-05   4.4998268E-05   1.5389058E-03   1.5097566E-06   3.6201133E-03  -3.9753764E-04   2.5784203E-03   2.8368913E-03  -9.9680157E-03  -4.8770723E-03   7.6942909E-04  -8.4624124E-03  -4.7069085E-03   2.2375151E-04  -3.0772345E-05  -4.0279002E-03  -2.6360884E-07   7.3498853E-07
  3.4786468E-08  -1.2997089E-07   5.4738313E-08  -5.1691373E-07   1.1439591E-05   3.6957677E-07   1.5097566E-06   6.1967041E-06   3.6653824E-04  -1.2645393E-06   5.4536457E-05   2.0821616E-03   1.6811480E-05   5.9150408E-04   1.9096551E-03  -2.1450639E-04  -7.0817161E-05   1.1412456E-04  -3.4631541E-05   8.6407064E-04  -4.7325866E-09  -5.0048028E-08
 -4.7034681E-05   7.9814837E-05   2.2124709E-05  -1.7142232E-03  -3.3981355E-03  -3.5306681E-03   3.6201133E-03   3.6653824E-04   3.9537286E+01  -3.2895344E-01  -6.1529849E-01   3.4685022E+01   6.0912063E-02  -1.2175740E+01  -4.9687081E+01  -2.6536073E-01   9.6757370E-02   4.7566555E-01  -5.5414762E+00  -3.0249794E+01  -4.7503866E-05   5.8828544E-04
 -2.2341381E-06   1.9941172E-05  -1.1384340E-05   1.1109133E-04   3.1603289E-04   1.0981478E-05  -3.9753764E-04  -1.2645393E-06  -3.2895344E-01   8.0804397E-02  -5.1875270E-02  -3.3977544E-01   1.0619768E+00   1.6950249E+00   6.1255330E-01   1.2105166E-02   3.9895710E-03   4.9642361E-03   1.1008543E-01   1.1452973E-01  -5.7363995E-07  -8.9927723E-06
  5.3568946E-05  -7.8342108E-05   3.1647346E-05   6.4044178E-04   1.1077520E-03   1.6167288E-03   2.5784203E-03   5.4536457E-05  -6.1529849E-01  -5.1875270E-02   3.8153036E+00  -2.9730230E+01  -3.4963547E+00   7.2661962E+00   4.9612043E+00  -2.8219861E+00  -3.0481567E-01   1.4041648E-01   2.5595358E+00   3.2213639E+00   5.0658949E-05   3.0891714E-05
 -7.0072372E-04   1.2506164E-03  -5.5783267E-04  -1.4305113E-02  -2.3894599E-02  -2.9683944E-02   2.8368913E-03   2.0821616E-03   3.4685022E+01  -3.3977544E-01  -2.9730230E+01   7.7452899E+02   6.9212180E+01  -5.3832742E+01  -6.1113146E+01   1.4430644E+01  -6.9302484E+00   5.3761884E+00  -1.1202949E+01  -2.5846380E+01   4.0430195E-03  -4.1475275E-04
 -3.9515513E-04   6.4317107E-04  -2.1855255E-04  -2.7637671E-03  -3.2099279E-03  -7.8984834E-03  -9.9680157E-03   1.6811480E-05   6.0912063E-02   1.0619768E+00  -3.4963547E+00   6.9212180E+01   6.2756737E+01   4.1673693E+01   1.8453319E+01  -5.0084480E+00  -7.9098838E-01  -8.6522621E-01   4.7026628E+00   5.5050060E+00   3.0369939E-05  -2.8434800E-05
 -2.0198581E-04   1.2105133E-03  -3.2950533E-04   1.9634534E-03   9.7440426E-03  -3.3497399E-06  -4.8770723E-03   5.9150408E-04  -1.2175740E+01   1.6950249E+00   7.2661962E+00  -5.3832742E+01   4.1673693E+01   8.5294186E+01   5.4249949E+01  -1.2836995E+01  -1.1423999E+00  -7.3587370E-01   4.5467841E+00   7.2698437E+00   8.6001958E-05  -3.6033504E-04
 -9.4143190E-05   6.2542105E-04  -9.4651572E-05   8.9484402E-05   7.9613939E-03   3.0900731E-03   7.6942909E-04   1.9096551E-03  -4.9687081E+01   6.1255330E-01   4.9612043E+00  -6.1113146E+01   1.8453319E+01   5.4249949E+01   1.0000937E+02  -9.5898368E+00  -9.3754857E-01  -9.2077689E-01   5.5509570E+00   3.0802389E+01   1.5117147E-04  -1.0391743E-03
 -8.9996872E-05   4.2827987E-05  -3.3761938E-05  -1.3730146E-03  -3.8599126E-03  -2.8330380E-03  -8.4624124E-03  -2.1450639E-04  -2.6536073E-01   1.2105166E-02  -2.8219861E+00   1.4430644E+01  -5.0084480E+00  -1.2836995E+01  -9.5898368E+00   6.2684079E+00   3.0971019E-01  -3.8597708E-01  -2.3125647E+00  -2.4955427E+00  -6.6950376E-06  -6.1400975E-05
  4.6113084E-06  -7.8641345E-05   1.0654208E-05  -3.3291104E-04  -1.3768306E-03   3.6137808E-04  -4.7069085E-03  -7.0817161E-05   9.6757370E-02   3.9895710E-03  -3.0481567E-01  -6.9302484E+00  -7.9098838E-01  -1.1423999E+00  -9.3754857E-01   3.0971019E-01   3.3689220E+00   5.9482872E-01   1.1051548E-01  -6.1354417E-02   1.5172069E-04  -3.7006274E-05
  1.8145510E-05  -1.0509872E-04   2.0743987E-06  -9.8977369E-04  -2.5511220E-03  -8.4755785E-06   2.2375151E-04   1.1412456E-04   4.7566555E-01   4.9642361E-03   1.4041648E-01   5.3761884E+00  -8.6522621E-01  -7.3587370E-01  -9.2077689E-01  -3.8597708E-01   5.9482872E-01   3.0795054E+00   2.7197288E+00   2.6219430E+00  -1.8186425E-04  -9.0548938E-05
  1.1485488E-05  -2.7394033E-04  -1.8835033E-06  -9.3875369E-04  -3.2197929E-03   3.1980114E-04  -3.0772345E-05  -3.4631541E-05  -5.5414762E+00   1.1008543E-01   2.5595358E+00  -1.1202949E+01   4.7026628E+00   4.5467841E+00   5.5509570E+00  -2.3125647E+00   1.1051548E-01   2.7197288E+00   1.1422108E+01   1.9774215E+01  -9.1773964E-05   4.4027546E-04
  4.8288761E-06  -4.5714574E-04  -1.4872690E-05  -3.6346632E-05  -6.0015755E-05   1.8382489E-03  -4.0279002E-03   8.6407064E-04  -3.0249794E+01   1.1452973E-01   3.2213639E+00  -2.5846380E+01   5.5050060E+00   7.2698437E+00   3.0802389E+01  -2.4955427E+00  -6.1354417E-02   2.6219430E+00   1.9774215E+01   5.2210827E+01  -8.4754552E-05   1.0633085E-03
 -3.8378477E-09   1.2584282E-09  -7.9174527E-09  -5.2333605E-08   2.3946328E-08  -1.6568693E-07  -2.6360884E-07  -4.7325866E-09  -4.7503866E-05  -5.7363995E-07   5.0658949E-05   4.0430195E-03   3.0369939E-05   8.6001958E-05   1.5117147E-04  -6.6950376E-06   1.5172069E-04  -1.8186425E-04  -9.1773964E-05  -8.4754552E-05   3.4662211E-07   1.2866650E-08
  1.4248311E-09  -6.7248223E-08   1.5644795E-08   1.0257112E-07  -4.8566548E-08   1.3088532E-07   7.3498853E-07  -5.0048028E-08   5.8828544E-04  -8.9927723E-06   3.0891714E-05  -4.1475275E-04  -2.8434800E-05  -3.6033504E-04  -1.0391743E-03  -6.1400975E-05  -3.7006274E-05  -9.0548938E-05   4.4027546E-04   1.0633085E-03   1.2866650E-08   4.0383377E-07
