# omegabh2 omegach2 theta tau nnu yhe logA ns calPlanck acib217 xi asz143 aps100 aps143 aps143217 aps217 aksz kgal100 kgal143 kgal143217 kgal217 galfTE100 galfTE100143 galfTE100217 galfTE143 galfTE143217 galfTE217 cal0 cal2
  4.3542077E-08   3.8076330E-07  -5.4706155E-08   3.6822844E-07   3.2772469E-05   2.9231726E-08   1.8151235E-06   1.3084293E-06   2.5211464E-08   3.4306918E-05  -1.3296904E-06  -7.9193376E-06   2.6686352E-04   5.8910264E-05  -2.6027091E-05  -4.7149147E-05   1.7358273E-05   1.2338455E-05   1.7089345E-05   1.8896696E-05   2.7445672E-05  -1.3507855E-07   6.9637374E-09  -5.4785776E-07  -2.2854973E-07  -9.1776394E-07  -3.0692186E-06   1.0016358E-09   7.1252304E-10
  3.8076330E-07   1.1736697E-05  -1.7827491E-06  -1.0930072E-06   7.2159169E-04  -3.1331188E-06   2.5138452E-05   1.9038436E-05  -2.4385426E-07   2.3714616E-03  -7.8206628E-05  -3.3859759E-04   1.0376837E-02   5.0428023E-03   9.2789006E-04  -8.8662106E-04   1.1198075E-03   2.2062765E-04   4.4085225E-04   5.9178435E-04  -2.0061443E-05   2.8559235E-06   2.0201597E-06  -2.7016207E-06   1.7283341E-06  -7.6554197E-06  -1.1684782E-05  -1.8609772E-08   4.0735680E-08
 -5.4706155E-08  -1.7827491E-06   3.8182077E-07   1.0105458E-07  -1.1559643E-04   1.0233469E-06  -3.7587114E-06  -2.9461733E-06   3.2005937E-08  -2.9875534E-04   1.2801266E-05   3.0082295E-05  -1.4678255E-03  -6.1252942E-04  -1.0800195E-04   8.7431159E-05  -1.5365301E-04  -2.5442917E-05  -4.9582104E-05  -7.0829931E-05  -1.5362760E-05  -9.8606828E-08  -4.3197216E-07   9.1887679E-07  -9.9566057E-07   1.0623308E-06   3.2912088E-06  -6.2691447E-10  -7.9168767E-09
  3.6822844E-07  -1.0930072E-06   1.0105458E-07   4.2007575E-05   1.4072900E-04   1.0696954E-06   7.9260918E-05   1.3902681E-05  -1.1172930E-06  -5.2801033E-05   2.2096125E-05   4.4605733E-04  -1.2827675E-03  -2.1283040E-03  -6.3416837E-04  -1.3822199E-03  -4.3925926E-04   1.2958975E-04   7.6332158E-05   5.3479439E-05  -4.9700235E-04  -4.9050948E-06  -1.8802154E-06  -4.5537167E-06  -9.6907963E-06  -7.9368129E-07  -3.1251645E-05   5.5722574E-08   1.0644645E-08
  3.2772469E-05   7.2159169E-04  -1.1559643E-04   1.4072900E-04   5.0187716E-02  -2.0395111E-04   2.0052543E-03   1.5529509E-03   3.3937913E-06   1.5553149E-01  -4.8704619E-03  -2.0087706E-02   6.7306640E-01   3.1071845E-01   5.0447342E-02  -6.8045361E-02   6.7731003E-02   1.6581098E-02   3.1726523E-02   4.1192670E-02   4.7828563E-03   1.1315988E-04   1.2851159E-04  -5.1533387E-04   3.8805719E-05  -5.3406778E-04  -1.5652789E-03  -1.3202526E-06   3.0190780E-06
  2.9231726E-08  -3.1331188E-06   1.0233469E-06   1.0696954E-06  -2.0395111E-04   1.5839344E-05  -2.4453111E-06   9.5015095E-07  -1.6084258E-07  -4.2490728E-05   1.2412002E-05  -1.1582852E-04   1.7211643E-03   1.5011686E-03   9.2028570E-04   6.4684571E-04   9.5975813E-05   3.2094181E-05  -9.6372451E-06   1.4661623E-04   3.2724209E-04   3.2550813E-06   9.6447848E-07   8.0146861E-06  -7.4118852E-06   1.5304294E-06  -1.1911439E-06   7.6023973E-10  -1.4824239E-08
  1.8151235E-06   2.5138452E-05  -3.7587114E-06   7.9260918E-05   2.0052543E-03  -2.4453111E-06   2.4088931E-04   7.5779818E-05   9.4213554E-06   4.2192045E-03  -6.8877755E-05   3.1512091E-05   2.5920389E-02   1.0393443E-02   4.9718932E-03   2.5198907E-03   7.5394601E-04   5.1531283E-04   6.9624647E-04   1.3839405E-03   1.5905077E-03  -1.0694764E-05  -4.7271353E-07  -1.5370621E-05  -2.3617934E-05  -3.3312906E-05  -9.3493839E-05   1.5357486E-07   8.0868761E-08
  1.3084293E-06   1.9038436E-05  -2.9461733E-06   1.3902681E-05   1.5529509E-03   9.5015095E-07   7.5779818E-05   6.7609770E-05   1.1504777E-06   1.2747223E-03  -6.2500003E-05   3.4535872E-05   2.7756419E-03   4.6729249E-03   2.6984683E-03   1.6677308E-03   3.5777032E-04   8.7177543E-04   8.5310264E-04   1.1528094E-03   1.7194805E-03   2.3230579E-06   3.8089917E-06  -2.5858575E-05  -3.6820288E-06  -9.1557497E-06  -6.6759350E-05  -1.4049479E-07   6.5984848E-08
  2.5211464E-08  -2.4385426E-07   3.2005937E-08  -1.1172930E-06   3.3937913E-06  -1.6084258E-07   9.4213554E-06   1.1504777E-06   6.1845136E-06   3.1428857E-04   9.5895457E-06   2.3181813E-05   3.4280345E-03   8.7883450E-04   9.7451396E-04   1.9732126E-03  -1.8318487E-04  -6.2470243E-06   4.7173612E-05   1.3646620E-04   1.0837555E-03  -3.9507276E-06  -1.3383920E-06  -3.3411876E-07  -3.1535805E-06  -3.7354593E-06   4.7868457E-06  -3.7354420E-08  -8.3530915E-09
  3.4306918E-05   2.3714616E-03  -2.9875534E-04  -5.2801033E-05   1.5553149E-01  -4.2490728E-05   4.2192045E-03   1.2747223E-03   3.1428857E-04   4.4954866E+01  -4.0947349E-01  -4.5258577E-01   3.3070535E+01   1.1328440E+00  -1.3026970E+01  -5.5057794E+01   2.4615971E-01   2.7664560E-01   9.3064474E-01  -5.3241370E+00  -3.3312604E+01   3.6087792E-03   1.5528472E-03   1.0269798E-02  -2.6208281E-03   3.4920593E-03   3.3505719E-02  -3.1195569E-04   7.4324083E-04
 -1.3296904E-06  -7.8206628E-05   1.2801266E-05   2.2096125E-05  -4.8704619E-03   1.2412002E-05  -6.8877755E-05  -6.2500003E-05   9.5895457E-06  -4.0947349E-01   8.0915149E-02  -3.3164185E-02  -7.5729309E-01   9.3334890E-01   1.7080399E+00   6.4480769E-01   2.4971856E-02  -1.3998142E-02   5.5231618E-03   1.2005334E-01   1.8263007E-01   6.4489003E-05  -2.6504885E-04  -5.7327689E-04  -1.3487297E-04  -1.9658598E-04  -3.6487925E-04   3.4400885E-06  -3.7719731E-06
 -7.9193376E-06  -3.3859759E-04   3.0082295E-05   4.4605733E-04  -2.0087706E-02  -1.1582852E-04   3.1512091E-05   3.4535872E-05   2.3181813E-05  -4.5258577E-01  -3.3164185E-02   3.7992543E+00  -2.8362255E+01  -3.4244390E+00   7.6288369E+00   4.7673408E+00  -2.6250760E+00  -2.4770563E-01   1.3288286E-01   2.5130798E+00   2.8995541E+00  -1.9324043E-04  -6.9772617E-05  -5.0608922E-04  -1.8341046E-04   2.9807480E-04   4.8144571E-03   1.0986833E-04  -2.9816873E-05
  2.6686352E-04   1.0376837E-02  -1.4678255E-03  -1.2827675E-03   6.7306640E-01   1.7211643E-03   2.5920389E-02   2.7756419E-03   3.4280345E-03   3.3070535E+01  -7.5729309E-01  -2.8362255E+01   7.2820151E+02   6.7468063E+01  -5.3016006E+01  -5.4268094E+01   1.3281576E+01  -6.2196553E+00   5.7930185E+00  -1.0772609E+01  -2.1495989E+01   3.4267416E-02   1.6600597E-02   1.7409502E-03   1.2534640E-02  -4.9437304E-02  -6.8280401E-02   3.2647765E-03   3.2283514E-05
  5.8910264E-05   5.0428023E-03  -6.1252942E-04  -2.1283040E-03   3.1071845E-01   1.5011686E-03   1.0393443E-02   4.6729249E-03   8.7883450E-04   1.1328440E+00   9.3334890E-01  -3.4244390E+00   6.7468063E+01   6.3329169E+01   4.1365051E+01   1.6908589E+01  -4.2956287E+00  -5.1579518E-01  -1.1985505E+00   3.4858537E+00   4.3653693E+00   4.9498626E-03  -1.7138112E-03  -3.3057659E-03  -5.3079168E-03  -1.1268024E-02  -5.0558572E-02   1.9269800E-05  -1.5305917E-04
 -2.6027091E-05   9.2789006E-04  -1.0800195E-04  -6.3416837E-04   5.0447342E-02   9.2028570E-04   4.9718932E-03   2.6984683E-03   9.7451396E-04  -1.3026970E+01   1.7080399E+00   7.6288369E+00  -5.3016006E+01   4.1365051E+01   8.6521702E+01   5.3355354E+01  -1.1412070E+01  -1.1597724E+00  -7.1358860E-01   4.8526445E+00   8.4394729E+00   3.0586564E-03  -4.5814131E-03  -9.9328496E-03  -4.6384930E-03  -3.1684724E-03  -2.7185439E-03   4.4392988E-04  -5.8443721E-04
 -4.7149147E-05  -8.8662106E-04   8.7431159E-05  -1.3822199E-03  -6.8045361E-02   6.4684571E-04   2.5198907E-03   1.6677308E-03   1.9732126E-03  -5.5057794E+01   6.4480769E-01   4.7673408E+00  -5.4268094E+01   1.6908589E+01   5.3355354E+01   1.0350468E+02  -9.0895737E+00  -8.4973808E-01  -1.5814326E+00   4.9200707E+00   3.3388072E+01  -1.5441248E-03  -7.9630509E-04  -1.0825592E-02  -1.9555427E-03   2.0077711E-04  -3.8510169E-02   5.3988561E-04  -1.5070565E-03
  1.7358273E-05   1.1198075E-03  -1.5365301E-04  -4.3925926E-04   6.7731003E-02   9.5975813E-05   7.5394601E-04   3.5777032E-04  -1.8318487E-04   2.4615971E-01   2.4971856E-02  -2.6250760E+00   1.3281576E+01  -4.2956287E+00  -1.1412070E+01  -9.0895737E+00   5.5138297E+00   2.2464202E-01  -1.2110152E-01  -1.8764956E+00  -2.2879484E+00   1.5827652E-04  -1.3043423E-04  -2.9168343E-04   6.1090218E-04  -2.1611590E-03   3.1218923E-03  -6.1383414E-05   5.7792724E-05
  1.2338455E-05   2.2062765E-04  -2.5442917E-05   1.2958975E-04   1.6581098E-02   3.2094181E-05   5.1531283E-04   8.7177543E-04  -6.2470243E-06   2.7664560E-01  -1.3998142E-02  -2.4770563E-01  -6.2196553E+00  -5.1579518E-01  -1.1597724E+00  -8.4973808E-01   2.2464202E-01   3.3233072E+00   5.0106270E-01  -1.2268508E-02  -2.8863593E-01  -2.9433402E-04  -7.8532206E-04  -2.3224490E-03  -3.0114448E-03  -1.9957480E-03  -9.5672209E-04   1.8363592E-04  -2.0160994E-05
  1.7089345E-05   4.4085225E-04  -4.9582104E-05   7.6332158E-05   3.1726523E-02  -9.6372451E-06   6.9624647E-04   8.5310264E-04   4.7173612E-05   9.3064474E-01   5.5231618E-03   1.3288286E-01   5.7930185E+00  -1.1985505E+00  -7.1358860E-01  -1.5814326E+00  -1.2110152E-01   5.0106270E-01   3.0999955E+00   2.4944711E+00   2.1035234E+00  -7.0007556E-04  -1.1724424E-03  -1.3936775E-03  -8.8510776E-04   1.4311181E-03   6.7613354E-03  -1.8740709E-04  -4.8206983E-05
  1.8896696E-05   5.9178435E-04  -7.0829931E-05   5.3479439E-05   4.1192670E-02   1.4661623E-04   1.3839405E-03   1.1528094E-03   1.3646620E-04  -5.3241370E+00   1.2005334E-01   2.5130798E+00  -1.0772609E+01   3.4858537E+00   4.8526445E+00   4.9200707E+00  -1.8764956E+00  -1.2268508E-02   2.4944711E+00   1.0394023E+01   1.8378172E+01   7.0943562E-04  -6.2434626E-04  -3.6560409E-03  -1.0425211E-03  -2.5443756E-03  -1.0975274E-02  -2.6166231E-05   4.2693938E-04
  2.7445672E-05  -2.0061443E-05  -1.5362760E-05  -4.9700235E-04   4.7828563E-03   3.2724209E-04   1.5905077E-03   1.7194805E-03   1.0837555E-03  -3.3312604E+01   1.8263007E-01   2.8995541E+00  -2.1495989E+01   4.3653693E+00   8.4394729E+00   3.3388072E+01  -2.2879484E+00  -2.8863593E-01   2.1035234E+00   1.8378172E+01   5.2630352E+01  -6.9630210E-04  -1.0166100E-03  -1.0670322E-02   1.8477249E-03  -9.9760548E-03  -2.7217435E-02   1.5541245E-04   9.9051535E-04
 -1.3507855E-07   2.8559235E-06  -9.8606828E-08  -4.9050948E-06   1.1315988E-04   3.2550813E-06  -1.0694764E-05   2.3230579E-06  -3.9507276E-06   3.6087792E-03   6.4489003E-05  -1.9324043E-04   3.4267416E-02   4.9498626E-03   3.0586564E-03  -1.5441248E-03   1.5827652E-04  -2.9433402E-04  -7.0007556E-04   7.0943562E-04  -6.9630210E-04   1.4298738E-03   2.7840753E-04   6.6946901E-05  -3.5413150E-04  -2.1034631E-04  -3.7207924E-04   3.4983883E-07   7.9322011E-07
  6.9637374E-09   2.0201597E-06  -4.3197216E-07  -1.8802154E-06   1.2851159E-04   9.6447848E-07  -4.7271353E-07   3.8089917E-06  -1.3383920E-06   1.5528472E-03  -2.6504885E-04  -6.9772617E-05   1.6600597E-02  -1.7138112E-03  -4.5814131E-03  -7.9630509E-04  -1.3043423E-04  -7.8532206E-04  -1.1724424E-03  -6.2434626E-04  -1.0166100E-03   2.7840753E-04   8.7369828E-04   4.3504829E-05   7.2467985E-04   3.4980410E-05  -8.7470577E-04   4.6003203E-07   3.1676241E-07
 -5.4785776E-07  -2.7016207E-06   9.1887679E-07  -4.5537167E-06  -5.1533387E-04   8.0146861E-06  -1.5370621E-05  -2.5858575E-05  -3.3411876E-07   1.0269798E-02  -5.7327689E-04  -5.0608922E-04   1.7409502E-03  -3.3057659E-03  -9.9328496E-03  -1.0825592E-02  -2.9168343E-04  -2.3224490E-03  -1.3936775E-03  -3.6560409E-03  -1.0670322E-02   6.6946901E-05   4.3504829E-05   7.3131759E-03  -2.9741536E-04   6.5707564E-04   4.4710601E-03  -1.2836546E-06  -3.4569925E-07
 -2.2854973E-07   1.7283341E-06  -9.9566057E-07  -9.6907963E-06   3.8805719E-05  -7.4118852E-06  -2.3617934E-05  -3.6820288E-06  -3.1535805E-06  -2.6208281E-03  -1.3487297E-04  -1.8341046E-04   1.2534640E-02  -5.3079168E-03  -4.6384930E-03  -1.9555427E-03   6.1090218E-04  -3.0114448E-03  -8.8510776E-04  -1.0425211E-03   1.8477249E-03  -3.5413150E-04   7.2467985E-04  -2.9741536E-04   2.9107305E-03   6.0652787E-04  -8.5436137E-04   6.9494170E-07   1.8901695E-07
 -9.1776394E-07  -7.6554197E-06   1.0623308E-06  -7.9368129E-07  -5.3406778E-04   1.5304294E-06  -3.3312906E-05  -9.1557497E-06  -3.7354593E-06   3.4920593E-03  -1.9658598E-04   2.9807480E-04  -4.9437304E-02  -1.1268024E-02  -3.1684724E-03   2.0077711E-04  -2.1611590E-03  -1.9957480E-03   1.4311181E-03  -2.5443756E-03  -9.9760548E-03  -2.1034631E-04   3.4980410E-05   6.5707564E-04   6.0652787E-04   6.5514515E-03   7.9901396E-03  -7.9777165E-07  -7.3460988E-07
 -3.0692186E-06  -1.1684782E-05   3.2912088E-06  -3.1251645E-05  -1.5652789E-03  -1.1911439E-06  -9.3493839E-05  -6.6759350E-05   4.7868457E-06   3.3505719E-02  -3.6487925E-04   4.8144571E-03  -6.8280401E-02  -5.0558572E-02  -2.7185439E-03  -3.8510169E-02   3.1218923E-03  -9.5672209E-04   6.7613354E-03  -1.0975274E-02  -2.7217435E-02  -3.7207924E-04  -8.7470577E-04   4.4710601E-03  -8.5436137E-04   7.9901396E-03   7.1447022E-02  -2.0220924E-06  -2.9123213E-06
  1.0016358E-09  -1.8609772E-08  -6.2691447E-10   5.5722574E-08  -1.3202526E-06   7.6023973E-10   1.5357486E-07  -1.4049479E-07  -3.7354420E-08  -3.1195569E-04   3.4400885E-06   1.0986833E-04   3.2647765E-03   1.9269800E-05   4.4392988E-04   5.3988561E-04  -6.1383414E-05   1.8363592E-04  -1.8740709E-04  -2.6166231E-05   1.5541245E-04   3.4983883E-07   4.6003203E-07  -1.2836546E-06   6.9494170E-07  -7.9777165E-07  -2.0220924E-06   3.7354942E-07  -2.6622671E-09
  7.1252304E-10   4.0735680E-08  -7.9168767E-09   1.0644645E-08   3.0190780E-06  -1.4824239E-08   8.0868761E-08   6.5984848E-08  -8.3530915E-09   7.4324083E-04  -3.7719731E-06  -2.9816873E-05   3.2283514E-05  -1.5305917E-04  -5.8443721E-04  -1.5070565E-03   5.7792724E-05  -2.0160994E-05  -4.8206983E-05   4.2693938E-04   9.9051535E-04   7.9322011E-07   3.1676241E-07  -3.4569925E-07   1.8901695E-07  -7.3460988E-07  -2.9123213E-06  -2.6622671E-09   4.1476921E-07
