# omegabh2 omegach2 theta tau nnu yhe logA ns calPlanck aps100 aps143 aps217 acib217 asz143 psr cibr xi aksz dust100 dust143 dust217 dust143x217 cal0 cal2 calTE calEE
  3.7776192E-08   1.6851986E-07   2.4917521E-08   2.7264478E-07   1.3669286E-05   1.2878633E-06   1.3836016E-06   1.0489868E-06   8.7472453E-09   3.3413036E-04   1.9132915E-04  -7.2108066E-05   1.0926474E-04  -1.5253780E-05  -2.3773706E-07   1.3610524E-06  -8.2934876E-07   3.5142692E-05   3.2255693E-07   1.2610655E-06  -4.7160347E-07   6.0705730E-07  -3.0561610E-09   1.2345261E-08   1.0161391E-07   1.5372689E-07
  1.6851986E-07   2.1018142E-05  -5.3528478E-06  -5.6029705E-06   1.3039310E-03  -6.5626740E-05   2.3650180E-05   9.8530545E-06  -6.3673373E-07  -1.3085285E-03  -3.2123386E-03  -2.1334681E-03  -4.2181152E-04  -8.0158505E-05  -5.0846233E-06  -3.7631074E-05  -2.3575087E-05   2.7004564E-04   2.5293854E-05  -3.1194084E-05  -2.0834620E-06   9.6294811E-07   8.0110879E-08   1.0456025E-08  -2.5436790E-06  -4.9034728E-06
  2.4917521E-08  -5.3528478E-06   1.8331796E-06   1.4128836E-06  -3.4484726E-04   2.7155074E-05  -3.5318531E-06   7.6041754E-07   8.6800648E-08   4.2986118E-03   3.2938764E-03  -6.6334543E-05   1.3648895E-03  -8.9175533E-05  -5.5011064E-06   3.5275447E-05  -7.7447126E-06   2.3356425E-04  -2.5159169E-06   1.5573626E-05  -6.4257271E-06  -5.1430134E-07  -2.3885181E-08   7.9338540E-08   1.7359525E-06   3.4674899E-06
  2.7264478E-07  -5.6029705E-06   1.4128836E-06   5.1852376E-05  -2.1699793E-04   1.9924775E-05   9.2244881E-05   9.2450320E-06  -8.6891355E-07  -3.7500298E-04  -9.8332695E-04  -1.5981066E-03  -2.6216266E-04  -3.0510884E-04   9.4682749E-06  -4.8050588E-05   5.2105713E-05  -3.0117181E-05   1.0795357E-05   2.6691725E-05   2.0615693E-06   2.9802051E-05  -2.0703039E-07   1.0548398E-07  -2.6553013E-06   3.7752358E-07
  1.3669286E-05   1.3039310E-03  -3.4484726E-04  -2.1699793E-04   8.4407436E-02  -4.2911655E-03   1.7070571E-03   7.5033997E-04  -2.7258642E-05  -8.1953286E-02  -2.3460220E-01  -1.3076462E-01  -4.5806284E-02  -7.3276299E-03  -3.1038437E-04  -2.9666247E-03  -9.8016093E-04   1.3238865E-02   1.4565812E-03  -2.1226616E-03   5.8600579E-05   2.1323662E-04   7.0276052E-06   2.1759657E-06  -1.6323632E-04  -3.0402413E-04
  1.2878633E-06  -6.5626740E-05   2.7155074E-05   1.9924775E-05  -4.2911655E-03   4.9459600E-04   2.0422098E-07   6.6113080E-05   3.2848246E-07   1.1474799E-01   7.9562245E-02  -1.0256251E-02   3.6157895E-02  -2.9880418E-03  -1.6048579E-04   7.5266700E-04  -2.8968192E-04   7.5147429E-03   2.9507528E-05   3.0432950E-04  -1.7859288E-04   3.5273707E-05  -4.8460705E-07   2.2034052E-06   4.2145509E-05   8.0250913E-05
  1.3836016E-06   2.3650180E-05  -3.5318531E-06   9.2244881E-05   1.7070571E-03   2.0422098E-07   2.6442810E-04   5.8829933E-05   9.0256799E-06   2.6628682E-02   1.0549694E-02  -1.3897278E-03   5.1332272E-03  -1.2960102E-03   5.8646658E-06  -7.2707630E-05   1.3638239E-05   1.2606310E-03   8.0017029E-05  -2.3222136E-05  -1.8391496E-05   6.2248112E-05   2.9334440E-07   4.6661473E-07  -1.6955825E-06   1.0649404E-05
  1.0489868E-06   9.8530545E-06   7.6041754E-07   9.2450320E-06   7.5033997E-04   6.6113080E-05   5.8829933E-05   6.1102463E-05   9.1400343E-08   1.9584575E-02   1.6402609E-02   1.4682646E-03   5.9869492E-03  -1.0108853E-03  -9.2380247E-06   7.6837056E-05  -7.1465332E-05   1.3197989E-03   6.0507569E-05   3.7319536E-05  -2.8983675E-05   2.2800053E-05  -3.0879543E-07   5.6642280E-07   1.0390825E-05   1.8367962E-05
  8.7472453E-09  -6.3673373E-07   8.6800648E-08  -8.6891355E-07  -2.7258642E-05   3.2848246E-07   9.0256799E-06   9.1400343E-08   6.1046369E-06   1.3192943E-03  -5.6734832E-05   2.3316715E-03   1.6952821E-05   1.1032680E-04   7.9715908E-06  -8.4518802E-06   2.5558829E-06  -1.9121819E-04   2.8156158E-06   1.1167538E-05   5.9064885E-06  -1.8344087E-06  -1.7286655E-08  -1.9105942E-07  -4.3426627E-07  -1.8102121E-07
  3.3413036E-04  -1.3085285E-03   4.2986118E-03  -3.7500298E-04  -8.1953286E-02   1.1474799E-01   2.6628682E-02   1.9584575E-02   1.3192943E-03   6.7498548E+02   8.7287159E+01  -6.2113809E+01   4.3008490E+01  -2.6599454E+01  -9.7766188E-01   2.4024110E-01  -3.3711106E-01   1.3949962E+01  -3.0198645E-02   3.7965227E-01  -2.5287066E-01  -1.8974906E-01   7.7134257E-03   4.8268734E-03   1.5928255E-02   3.7421092E-02
  1.9132915E-04  -3.2123386E-03   3.2938764E-03  -9.8332695E-04  -2.3460220E-01   7.9562245E-02   1.0549694E-02   1.6402609E-02  -5.6734832E-05   8.7287159E+01   8.4499372E+01   5.7278292E+00   1.5541701E+01  -9.7628214E-01  -6.7330585E-02   6.4382160E-01   7.6310076E-01  -6.6796865E+00  -2.3831468E-02  -1.7683127E-01   2.5467115E-03   5.4873994E-02   1.0466348E-03   1.2945552E-03   1.1656203E-02   2.2567498E-02
 -7.2108066E-05  -2.1334681E-03  -6.6334543E-05  -1.5981066E-03  -1.3076462E-01  -1.0256251E-02  -1.3897278E-03   1.4682646E-03   2.3316715E-03  -6.2113809E+01   5.7278292E+00   1.7644801E+02  -8.5265073E+01   2.5211890E+00   3.0051008E-01  -1.0201603E+00   3.4194558E-01  -7.3740862E+00  -8.4990386E-02  -2.8151750E-01   5.7814883E-01  -2.5111657E-02   1.3961718E-03  -7.7362498E-03  -5.2630581E-04  -9.3119952E-04
  1.0926474E-04  -4.2181152E-04   1.3648895E-03  -2.6216266E-04  -4.5806284E-02   3.6157895E-02   5.1332272E-03   5.9869492E-03   1.6952821E-05   4.3008490E+01   1.5541701E+01  -8.5265073E+01   5.6668395E+01   1.4826627E+00  -5.1053180E-02   8.0329533E-01  -2.8503500E-01  -2.0163602E+00   5.1483906E-02   1.9095407E-01  -4.8491696E-01  -1.1701423E-01  -3.9387052E-04   3.2957540E-03   4.6322517E-03   8.8771824E-03
 -1.5253780E-05  -8.0158505E-05  -8.9175533E-05  -3.0510884E-04  -7.3276299E-03  -2.9880418E-03  -1.2960102E-03  -1.0108853E-03   1.1032680E-04  -2.6599454E+01  -9.7628214E-01   2.5211890E+00   1.4826627E+00   4.2538507E+00   9.7599545E-02   1.5220893E-01  -3.5832849E-02  -3.5331113E+00  -6.2387725E-03  -5.4679848E-03   8.2289729E-03   4.6571899E-02   4.0329685E-04  -2.7060426E-04  -5.6824037E-05  -9.9364744E-04
 -2.3773706E-07  -5.0846233E-06  -5.5011064E-06   9.4682749E-06  -3.1038437E-04  -1.6048579E-04   5.8646658E-06  -9.2380247E-06   7.9715908E-06  -9.7766188E-01  -6.7330585E-02   3.0051008E-01  -5.1053180E-02   9.7599545E-02   1.6192199E-02  -1.6512320E-02   1.2418363E-02  -9.6694607E-02  -4.8194611E-04  -9.7464328E-04  -2.5804551E-03   5.1325784E-03   1.2128587E-05  -3.7672898E-05  -1.5834314E-05  -4.2970759E-05
  1.3610524E-06  -3.7631074E-05   3.5275447E-05  -4.8050588E-05  -2.9666247E-03   7.5266700E-04  -7.2707630E-05   7.6837056E-05  -8.4518802E-06   2.4024110E-01   6.4382160E-01  -1.0201603E+00   8.0329533E-01   1.5220893E-01  -1.6512320E-02   6.9360343E-02   2.7902599E-03  -1.5636454E-01   1.5619072E-03   7.1406331E-03  -7.7570839E-04  -1.8607144E-02  -7.2747656E-07   1.0309164E-04   1.0937876E-04   1.5896732E-04
 -8.2934876E-07  -2.3575087E-05  -7.7447126E-06   5.2105713E-05  -9.8016093E-04  -2.8968192E-04   1.3638239E-05  -7.1465332E-05   2.5558829E-06  -3.3711106E-01   7.6310076E-01   3.4194558E-01  -2.8503500E-01  -3.5832849E-02   1.2418363E-02   2.7902599E-03   8.1472279E-02   3.1313809E-02  -1.3027906E-03   1.5740684E-03   1.4836870E-03   1.5692767E-03   7.0564119E-06  -5.3771839E-06  -6.2565910E-05  -8.5376713E-05
  3.5142692E-05   2.7004564E-04   2.3356425E-04  -3.0117181E-05   1.3238865E-02   7.5147429E-03   1.2606310E-03   1.3197989E-03  -1.9121819E-04   1.3949962E+01  -6.6796865E+00  -7.3740862E+00  -2.0163602E+00  -3.5331113E+00  -9.6694607E-02  -1.5636454E-01   3.1313809E-02   7.5528135E+00   4.2385367E-03   7.0627369E-03  -9.3870964E-03  -4.2592840E-02  -3.9645672E-04   1.0835007E-04   4.6098489E-04   1.6831440E-03
  3.2255693E-07   2.5293854E-05  -2.5159169E-06   1.0795357E-05   1.4565812E-03   2.9507528E-05   8.0017029E-05   6.0507569E-05   2.8156158E-06  -3.0198645E-02  -2.3831468E-02  -8.4990386E-02   5.1483906E-02  -6.2387725E-03  -4.8194611E-04   1.5619072E-03  -1.3027906E-03   4.2385367E-03   3.8125981E-02   2.9595932E-03  -6.8834219E-04  -9.9741039E-04   3.3202215E-05  -7.2530689E-06   2.2839067E-07   3.6102471E-05
  1.2610655E-06  -3.1194084E-05   1.5573626E-05   2.6691725E-05  -2.1226616E-03   3.0432950E-04  -2.3222136E-05   3.7319536E-05   1.1167538E-05   3.7965227E-01  -1.7683127E-01  -2.8151750E-01   1.9095407E-01  -5.4679848E-03  -9.7464328E-04   7.1406331E-03   1.5740684E-03   7.0627369E-03   2.9595932E-03   3.0851866E-02  -1.0745260E-03   5.1850292E-03  -8.0460947E-05  -4.2189613E-05  -6.9609894E-05  -4.4784139E-05
 -4.7160347E-07  -2.0834620E-06  -6.4257271E-06   2.0615693E-06   5.8600579E-05  -1.7859288E-04  -1.8391496E-05  -2.8983675E-05   5.9064885E-06  -2.5287066E-01   2.5467115E-03   5.7814883E-01  -4.8491696E-01   8.2289729E-03  -2.5804551E-03  -7.7570839E-04   1.4836870E-03  -9.3870964E-03  -6.8834219E-04  -1.0745260E-03   1.0908720E-02   8.4133179E-03   4.4324793E-06   6.0802296E-05  -1.8977732E-05  -5.3486957E-05
  6.0705730E-07   9.6294811E-07  -5.1430134E-07   2.9802051E-05   2.1323662E-04   3.5273707E-05   6.2248112E-05   2.2800053E-05  -1.8344087E-06  -1.8974906E-01   5.4873994E-02  -2.5111657E-02  -1.1701423E-01   4.6571899E-02   5.1325784E-03  -1.8607144E-02   1.5692767E-03  -4.2592840E-02  -9.9741039E-04   5.1850292E-03   8.4133179E-03   2.6977397E-02  -6.3097931E-06   5.3974253E-05  -2.3750430E-05  -1.9839528E-05
 -3.0561610E-09   8.0110879E-08  -2.3885181E-08  -2.0703039E-07   7.0276052E-06  -4.8460705E-07   2.9334440E-07  -3.0879543E-07  -1.7286655E-08   7.7134257E-03   1.0466348E-03   1.3961718E-03  -3.9387052E-04   4.0329685E-04   1.2128587E-05  -7.2747656E-07   7.0564119E-06  -3.9645672E-04   3.3202215E-05  -8.0460947E-05   4.4324793E-06  -6.3097931E-06   1.1188843E-06   8.1320273E-08   5.5690288E-07   7.2044691E-07
  1.2345261E-08   1.0456025E-08   7.9338540E-08   1.0548398E-07   2.1759657E-06   2.2034052E-06   4.6661473E-07   5.6642280E-07  -1.9105942E-07   4.8268734E-03   1.2945552E-03  -7.7362498E-03   3.2957540E-03  -2.7060426E-04  -3.7672898E-05   1.0309164E-04  -5.3771839E-06   1.0835007E-04  -7.2530689E-06  -4.2189613E-05   6.0802296E-05   5.3974253E-05   8.1320273E-08   2.4735877E-06   6.5977893E-07   6.5212329E-07
  1.0161391E-07  -2.5436790E-06   1.7359525E-06  -2.6553013E-06  -1.6323632E-04   4.2145509E-05  -1.6955825E-06   1.0390825E-05  -4.3426627E-07   1.5928255E-02   1.1656203E-02  -5.2630581E-04   4.6322517E-03  -5.6824037E-05  -1.5834314E-05   1.0937876E-04  -6.2565910E-05   4.6098489E-04   2.2839067E-07  -6.9609894E-05  -1.8977732E-05  -2.3750430E-05   5.5690288E-07   6.5977893E-07   2.7968179E-05   1.6418691E-05
  1.5372689E-07  -4.9034728E-06   3.4674899E-06   3.7752358E-07  -3.0402413E-04   8.0250913E-05   1.0649404E-05   1.8367962E-05  -1.8102121E-07   3.7421092E-02   2.2567498E-02  -9.3119952E-04   8.8771824E-03  -9.9364744E-04  -4.2970759E-05   1.5896732E-04  -8.5376713E-05   1.6831440E-03   3.6102471E-05  -4.4784139E-05  -5.3486957E-05  -1.9839528E-05   7.2044691E-07   6.5212329E-07   1.6418691E-05   4.0999295E-05
