# logA ns ombh2 omch2 tau theta_MC_100 A_planck calTE calEE
3.051464054886221804e-04 1.491289396027730004e-05 4.597933570975192915e-07 2.456899631554403150e-06 1.139448774440622109e-04 -6.224443308709564045e-08 1.810544521626710361e-07 4.144475311655902288e-05 4.505464410954754451e-05
1.491289396027730004e-05 5.649684024129469613e-05 6.604816197246787126e-07 -6.660558096001056940e-06 1.064683301634462868e-05 6.238126132142750641e-07 -1.212430294288476147e-07 3.403941034601811103e-06 2.184267605696721556e-06
4.597933570975192915e-07 6.604816197246787126e-07 3.324215295736705824e-08 -1.450692787820089703e-07 2.022761389986404647e-07 2.280625204598435343e-08 1.726728949170608508e-09 1.721655351726654580e-07 -3.730855748638600637e-08
2.456899631554403150e-06 -6.660558096001056940e-06 -1.450692787820089703e-07 2.424316853930493921e-06 -1.770209155316103245e-06 -1.909519308826759736e-07 6.943598612542047557e-08 -7.603806480200610802e-08 -6.451164761353841585e-07
1.139448774440622109e-04 1.064683301634462868e-05 2.022761389986404647e-07 -1.770209155316103245e-06 5.744125614774206305e-05 1.692173774282466664e-07 -1.048455090441505901e-07 -1.070327658963686223e-06 6.480632258793854698e-07
-6.224443308709564045e-08 6.238126132142750641e-07 2.280625204598435343e-08 -1.909519308826759736e-07 1.692173774282466664e-07 1.365394950462820108e-07 -7.634939814229471133e-09 3.651519234086041922e-08 3.187276689211738937e-08
1.810544521626710361e-07 -1.212430294288476147e-07 1.726728949170608508e-09 6.943598612542047557e-08 -1.048455090441506298e-07 -7.634939814229471133e-09 6.232306302306129373e-06 1.471805020699253156e-07 1.472440189220883024e-07
4.144475311655902288e-05 3.403941034601811103e-06 1.721655351726654580e-07 -7.603806480200610802e-08 -1.070327658963686011e-06 3.651519234086041922e-08 1.471805020699253156e-07 4.763205805700388687e-05 3.646336266461779854e-05
4.505464410954754451e-05 2.184267605696721556e-06 -3.730855748638600637e-08 -6.451164761353841585e-07 6.480632258793854698e-07 3.187276689211738937e-08 1.472440189220883024e-07 3.646336266461779854e-05 4.959876420915034948e-05
