# omegabh2 omegach2 theta tau mnu logA ns calPlanck acib217 xi asz143 aps100 aps143 aps143217 aps217 aksz kgal100 kgal143 kgal143217 kgal217 cal0 cal2
    0.4050651E-07   -0.1013774E-06    0.2708553E-07    0.1172066E-05    0.2972201E-05    0.2222801E-05    0.3994395E-06    0.1385251E-07   -0.1785541E-03    0.2925163E-05    0.5378440E-04   -0.8265775E-03   -0.4519909E-03   -0.1008582E-03    0.2621949E-04   -0.6576062E-04    0.3391551E-05   -0.2736763E-05   -0.5539381E-05    0.3796184E-04    0.1828908E-08   -0.1517521E-07
   -0.1013774E-06    0.1819484E-05   -0.8510913E-07   -0.1487602E-04   -0.4511800E-04   -0.2571235E-04   -0.4447881E-05   -0.2333228E-06    0.4698327E-03   -0.1085814E-04   -0.1075206E-03    0.1670437E-02    0.9280113E-03    0.5905789E-04   -0.2919740E-03    0.2229780E-03    0.4793919E-04    0.2478926E-04    0.5701823E-04   -0.7959852E-04   -0.3967803E-08    0.5108570E-07
    0.2708553E-07   -0.8510913E-07    0.1648069E-06    0.1749037E-05    0.2956456E-05    0.3511384E-05    0.4643835E-06    0.2325037E-07   -0.3422394E-04    0.2395176E-05    0.6505659E-05   -0.1483393E-03   -0.1452987E-03   -0.6351753E-04   -0.5120549E-04   -0.4238344E-06   -0.8110339E-05   -0.1223117E-04   -0.1660101E-04   -0.1812334E-05   -0.4940827E-09    0.1502604E-08
    0.1172066E-05   -0.1487602E-04    0.1749037E-05    0.2740306E-03    0.7237836E-03    0.5049113E-03    0.4682095E-04   -0.1551211E-05   -0.8190409E-02    0.1898688E-03    0.1947611E-02   -0.3839633E-01   -0.1576022E-01   -0.1369435E-02    0.3262314E-02   -0.3085959E-02   -0.1034556E-03   -0.4595022E-03   -0.8503405E-03    0.6103552E-03   -0.2565917E-06   -0.7478524E-06
    0.2972201E-05   -0.4511800E-04    0.2956456E-05    0.7237836E-03    0.4923395E-02    0.1355348E-02    0.1235502E-03    0.1273600E-04   -0.1810167E-01    0.5414406E-03    0.4921393E-02   -0.9104639E-01   -0.2787271E-01    0.1295243E-01    0.2325406E-01   -0.9459888E-02   -0.1812223E-02   -0.4705377E-02   -0.4011142E-02    0.4689167E-02    0.2557111E-06    0.1804529E-06
    0.2222801E-05   -0.2571235E-04    0.3511384E-05    0.5049113E-03    0.1355348E-02    0.9594786E-03    0.8213174E-04    0.8124080E-05   -0.1516979E-01    0.4079248E-03    0.3775847E-02   -0.6728846E-01   -0.2781483E-01    0.8225867E-03    0.1126434E-01   -0.6566663E-02   -0.3755003E-03   -0.1366383E-02   -0.1765269E-02    0.2869573E-02   -0.2290235E-06   -0.1410995E-05
    0.3994395E-06   -0.4447881E-05    0.4643835E-06    0.4682095E-04    0.1235502E-03    0.8213174E-04    0.2190470E-04    0.6986108E-06   -0.5603666E-02    0.1368179E-03    0.1456556E-02   -0.2945579E-01   -0.8175951E-02    0.3004455E-02    0.6533450E-02   -0.3027224E-02    0.2699875E-03   -0.1429486E-03   -0.5122501E-03    0.5861377E-03   -0.1972810E-06   -0.5412578E-06
    0.1385251E-07   -0.2333228E-06    0.2325037E-07   -0.1551211E-05    0.1273600E-04    0.8124080E-05    0.6986108E-06    0.5947365E-05    0.9392537E-03    0.7639833E-06    0.5328453E-04    0.3805018E-02    0.4551447E-03    0.5009633E-03    0.9563774E-03   -0.6336130E-04    0.2629737E-04    0.9813457E-05    0.8687217E-04    0.8055211E-03    0.2242885E-07   -0.3189186E-08
   -0.1785541E-03    0.4698327E-03   -0.3422394E-04   -0.8190409E-02   -0.1810167E-01   -0.1516979E-01   -0.5603666E-02    0.9392537E-03    0.4356905E+02   -0.4951525E+00   -0.1764710E+01    0.4373698E+02    0.2789596E+00   -0.2176608E+02   -0.6143766E+02    0.5641362E+00   -0.5733817E-01    0.8176598E-02   -0.2383043E+01   -0.1919730E+02   -0.1474635E-03    0.4224512E-02
    0.2925163E-05   -0.1085814E-04    0.2395176E-05    0.1898688E-03    0.5414406E-03    0.4079248E-03    0.1368179E-03    0.7639833E-06   -0.4951525E+00    0.8146869E-01   -0.7416903E-01   -0.5541629E+00    0.9955349E+00    0.1853924E+01    0.7473304E+00    0.7950246E-01   -0.7219633E-02    0.4883625E-02    0.9820924E-01    0.1177337E+00    0.1961455E-05   -0.1274407E-04
    0.5378440E-04   -0.1075206E-03    0.6505659E-05    0.1947611E-02    0.4921393E-02    0.3775847E-02    0.1456556E-02    0.5328453E-04   -0.1764710E+01   -0.7416903E-01    0.3769323E+01   -0.2880094E+02   -0.3980584E+01    0.7790242E+01    0.6991819E+01   -0.2820543E+01   -0.1258794E+00    0.8606439E-01    0.2385604E+01    0.2165864E+01    0.1726727E-03   -0.3837061E-03
   -0.8265775E-03    0.1670437E-02   -0.1483393E-03   -0.3839633E-01   -0.9104639E-01   -0.6728846E-01   -0.2945579E-01    0.3805018E-02    0.4373698E+02   -0.5541629E+00   -0.2880094E+02    0.7640074E+03    0.6800272E+02   -0.6054307E+02   -0.7237846E+02    0.1392529E+02   -0.4973774E+01    0.2620616E+01   -0.1252656E+02   -0.1800149E+02    0.6350491E-02    0.4291771E-02
   -0.4519909E-03    0.9280113E-03   -0.1452987E-03   -0.1576022E-01   -0.2787271E-01   -0.2781483E-01   -0.8175951E-02    0.4551447E-03    0.2789596E+00    0.9955349E+00   -0.3980584E+01    0.6800272E+02    0.6209780E+02    0.4498512E+02    0.1887259E+02   -0.4338801E+01   -0.3372888E+00   -0.1079636E+01    0.3749933E+01    0.4049213E+01    0.7052925E-04    0.2935364E-03
   -0.1008582E-03    0.5905789E-04   -0.6351753E-04   -0.1369435E-02    0.1295243E-01    0.8225867E-03    0.3004455E-02    0.5009633E-03   -0.2176608E+02    0.1853924E+01    0.7790242E+01   -0.6054307E+02    0.4498512E+02    0.9936656E+02    0.6870785E+02   -0.1233997E+02   -0.7281278E+00   -0.3746619E+00    0.5277615E+01    0.6632558E+01    0.6129538E-03   -0.2414269E-02
    0.2621949E-04   -0.2919740E-03   -0.5120549E-04    0.3262314E-02    0.2325406E-01    0.1126434E-01    0.6533450E-02    0.9563774E-03   -0.6143766E+02    0.7473304E+00    0.6991819E+01   -0.7237846E+02    0.1887259E+02    0.6870785E+02    0.1236728E+03   -0.1098985E+02   -0.4154283E+00   -0.3211551E+00    0.6159747E+00    0.1702181E+02    0.5524817E-03   -0.7416578E-02
   -0.6576062E-04    0.2229780E-03   -0.4238344E-06   -0.3085959E-02   -0.9459888E-02   -0.6566663E-02   -0.3027224E-02   -0.6336130E-04    0.5641362E+00    0.7950246E-01   -0.2820543E+01    0.1392529E+02   -0.4338801E+01   -0.1233997E+02   -0.1098985E+02    0.6316967E+01    0.8972482E-01   -0.1292272E+00   -0.2124932E+01   -0.1843125E+01   -0.1304617E-03    0.1948069E-03
    0.3391551E-05    0.4793919E-04   -0.8110339E-05   -0.1034556E-03   -0.1812223E-02   -0.3755003E-03    0.2699875E-03    0.2629737E-04   -0.5733817E-01   -0.7219633E-02   -0.1258794E+00   -0.4973774E+01   -0.3372888E+00   -0.7281278E+00   -0.4154283E+00    0.8972482E-01    0.3506929E+01    0.4584953E+00    0.3329827E+00    0.5419387E+00    0.2726545E-03    0.2054062E-04
   -0.2736763E-05    0.2478926E-04   -0.1223117E-04   -0.4595022E-03   -0.4705377E-02   -0.1366383E-02   -0.1429486E-03    0.9813457E-05    0.8176598E-02    0.4883625E-02    0.8606439E-01    0.2620616E+01   -0.1079636E+01   -0.3746619E+00   -0.3211551E+00   -0.1292272E+00    0.4584953E+00    0.3371879E+01    0.2629591E+01    0.1864479E+01   -0.2938186E-03   -0.2186551E-03
   -0.5539381E-05    0.5701823E-04   -0.1660101E-04   -0.8503405E-03   -0.4011142E-02   -0.1765269E-02   -0.5122501E-03    0.8687217E-04   -0.2383043E+01    0.9820924E-01    0.2385604E+01   -0.1252656E+02    0.3749933E+01    0.5277615E+01    0.6159747E+00   -0.2124932E+01    0.3329827E+00    0.2629591E+01    0.1714088E+02    0.2578564E+02   -0.1996722E-04    0.2500683E-02
    0.3796184E-04   -0.7959852E-04   -0.1812334E-05    0.6103552E-03    0.4689167E-02    0.2869573E-02    0.5861377E-03    0.8055211E-03   -0.1919730E+02    0.1177337E+00    0.2165864E+01   -0.1800149E+02    0.4049213E+01    0.6632558E+01    0.1702181E+02   -0.1843125E+01    0.5419387E+00    0.1864479E+01    0.2578564E+02    0.5487020E+02    0.5163239E-04    0.4556492E-02
    0.1828908E-08   -0.3967803E-08   -0.4940827E-09   -0.2565917E-06    0.2557111E-06   -0.2290235E-06   -0.1972810E-06    0.2242885E-07   -0.1474635E-03    0.1961455E-05    0.1726727E-03    0.6350491E-02    0.7052925E-04    0.6129538E-03    0.5524817E-03   -0.1304617E-03    0.2726545E-03   -0.2938186E-03   -0.1996722E-04    0.5163239E-04    0.6074151E-06    0.1369199E-07
   -0.1517521E-07    0.5108570E-07    0.1502604E-08   -0.7478524E-06    0.1804529E-06   -0.1410995E-05   -0.5412578E-06   -0.3189186E-08    0.4224512E-02   -0.1274407E-04   -0.3837061E-03    0.4291771E-02    0.2935364E-03   -0.2414269E-02   -0.7416578E-02    0.1948069E-03    0.2054062E-04   -0.2186551E-03    0.2500683E-02    0.4556492E-02    0.1369199E-07    0.2081158E-05
