# omegabh2 omegach2 theta tau alpha1 logA ns calPlanck acib217 xi asz143 aps100 aps143 aps143217 aps217 aksz kgal100 kgal143 kgal143217 kgal217 galfTE100 galfTE100143 galfTE100217 galfTE143 galfTE143217 galfTE217 cal0 cal2
  2.0506691E-08  -3.7497640E-08  -2.1788039E-11   1.5310869E-07  -2.0988112E-08   3.5786355E-07   9.8414569E-09   2.9077820E-09  -5.3410900E-05   1.8420582E-06   8.7512373E-06  -3.2074943E-04  -2.0509898E-04  -7.8409628E-05  -2.0627199E-05  -1.4434178E-05  -4.8095803E-06  -5.2957978E-06  -2.0770704E-05  -3.2139102E-05   4.1015700E-08  -5.0951503E-08  -2.1767114E-07  -1.6192534E-07   3.5084397E-08  -1.2299345E-06   3.9805863E-09  -2.0526403E-09
 -3.7497640E-08   1.3470165E-06  -1.8197003E-07  -9.2148218E-07  -2.2943096E-07   2.1086751E-06  -4.2633837E-06  -1.6711171E-08   9.3967785E-05  -8.5046713E-07  -5.5105440E-05   1.1339798E-03   7.4366695E-04   4.5660633E-04   2.9934864E-04   2.0668874E-05  -4.8385589E-05  -4.1309748E-05  -1.0325534E-04  -2.0143188E-04  -2.6469575E-07  -3.2261135E-07  -1.7633612E-06   1.0711637E-06  -1.0575019E-06  -2.2379037E-06   9.2581036E-09   1.5691063E-09
 -2.1788039E-11  -1.8197003E-07   1.4833867E-07  -5.6131861E-08   1.1151798E-07  -7.5825427E-07   1.1186820E-06   3.6710097E-09  -6.6992410E-05  -1.0030807E-06   2.6689042E-05  -2.6679063E-04  -1.0252323E-04   4.8938232E-05   1.4187567E-04  -4.1457491E-05  -1.0528294E-05   1.8476198E-06   1.8939777E-05   6.1039503E-05  -3.4256739E-07  -5.0340934E-07  -2.7733884E-07  -9.1989223E-07  -1.2557436E-07   2.9133354E-06  -1.3158523E-08   1.1366303E-09
  1.5310869E-07  -9.2148218E-07  -5.6131861E-08   4.8822675E-05  -2.7599978E-07   9.3246256E-05   3.2623660E-06  -1.2833402E-06  -1.7157410E-03   5.8171004E-05   4.5089880E-04  -1.0339621E-02  -2.5588579E-03   1.3061226E-03   1.9164260E-03  -1.0283344E-03  -9.3803200E-05  -2.4903750E-04  -6.3252653E-04  -1.3040968E-03  -7.2700182E-07   2.6723348E-06   1.0152044E-06  -6.6167634E-06   2.5909227E-06   4.1797064E-05   8.5305529E-08  -1.8091643E-07
 -2.0988112E-08  -2.2943096E-07   1.1151798E-07  -2.7599978E-07   2.2976109E-07  -1.6027281E-06   1.5712361E-06   2.7590051E-08  -1.5967339E-04   3.7777556E-07   3.3141187E-05  -3.9285110E-04  -4.0149327E-05   1.3850495E-04   2.9120988E-04  -6.5575363E-05  -2.1525413E-06   1.3283654E-05   4.9887624E-05   1.8594657E-04  -1.8520031E-07  -5.3758867E-07   8.5542958E-07  -1.0081035E-06   5.2557890E-07   7.0055956E-06  -1.6828036E-08  -5.6901461E-10
  3.5786355E-07   2.1086751E-06  -7.5825427E-07   9.3246256E-05  -1.6027281E-06   2.1739699E-04  -9.6529383E-06   9.2428055E-06  -3.1730138E-03   1.4800223E-04   8.1466819E-04  -1.4724443E-02  -1.4240715E-03   7.0085734E-03   1.0284345E-02  -2.9248775E-03  -5.2693299E-04  -1.1526101E-03  -1.8331290E-03  -1.7998946E-03   6.6685781E-06   5.1653011E-06  -6.5504648E-06  -1.4159608E-05   4.9083932E-06   1.0994491E-04   4.2088088E-07  -3.7117592E-07
  9.8414569E-09  -4.2633837E-06   1.1186820E-06   3.2623660E-06   1.5712361E-06  -9.6529383E-06   2.6682802E-05   4.7057684E-08  -4.5895106E-03   1.0418290E-04   9.9309344E-04  -2.5095283E-02  -6.7944221E-03   1.7080814E-03   5.0832234E-03  -2.1540081E-03   3.2196909E-04  -2.0641235E-04  -4.0738377E-05   1.9123230E-03  -1.2425335E-06  -5.7140578E-07   4.6730471E-06  -3.4380346E-06   1.8784210E-05   7.5126764E-05  -1.9226337E-07  -6.9045766E-08
  2.9077820E-09  -1.6711171E-08   3.6710097E-09  -1.2833402E-06   2.7590051E-08   9.2428055E-06   4.7057684E-08   5.9365355E-06   7.3685991E-04  -2.2661442E-06   8.3591671E-05   3.2487089E-03   9.6684801E-04   1.0896163E-03   1.5650761E-03  -1.8562653E-04   1.7139280E-05   2.9932145E-05   1.7562136E-04   9.4206850E-04   4.1453888E-06  -1.8264255E-08  -1.0939081E-06  -2.5542273E-06   2.7581984E-06   1.5742460E-05   1.5585554E-08   1.4329700E-08
 -5.3410900E-05   9.3967785E-05  -6.6992410E-05  -1.7157410E-03  -1.5967339E-04  -3.1730138E-03  -4.5895106E-03   7.3685991E-04   4.3732795E+01  -3.8507335E-01  -7.2882297E-01   3.3013481E+01   2.0131113E+00  -1.1997136E+01  -5.3329718E+01  -3.4941772E-01   1.5186398E-01   7.1139982E-01  -5.5902424E+00  -3.2742219E+01  -5.2866603E-03   2.8187009E-03  -1.1785870E-02   9.0199530E-03  -7.7504230E-03  -6.4587670E-02  -2.2441475E-04   7.0461622E-04
  1.8420582E-06  -8.5046713E-07  -1.0030807E-06   5.8171004E-05   3.7777556E-07   1.4800223E-04   1.0418290E-04  -2.2661442E-06  -3.8507335E-01   8.1758566E-02  -4.6644975E-02  -5.0153062E-01   8.5302744E-01   1.6309969E+00   5.5659117E-01   5.6200399E-02  -7.7544625E-03   2.0211778E-02   1.3273852E-01   1.7812135E-01  -2.8086171E-04  -1.3915766E-04   4.8056755E-04  -4.6781558E-05   5.9879720E-04   3.6990667E-03   7.2241201E-06  -3.2521795E-06
  8.7512373E-06  -5.5105440E-05   2.6689042E-05   4.5089880E-04   3.3141187E-05   8.1466819E-04   9.9309344E-04   8.3591671E-05  -7.2882297E-01  -4.6644975E-02   4.0501483E+00  -3.1853376E+01  -3.1640958E+00   7.9714077E+00   5.3287328E+00  -2.7546278E+00  -2.4341754E-01   7.9547584E-02   2.8050599E+00   3.5053970E+00  -1.1912220E-03   8.3764229E-04   2.2740630E-03   3.0155527E-03  -3.5183048E-03  -6.3686221E-03   1.0918379E-04  -2.6063466E-05
 -3.2074943E-04   1.1339798E-03  -2.6679063E-04  -1.0339621E-02  -3.9285110E-04  -1.4724443E-02  -2.5095283E-02   3.2487089E-03   3.3013481E+01  -5.0153062E-01  -3.1853376E+01   7.7968909E+02   7.2440876E+01  -5.4026605E+01  -5.4148116E+01   1.3412733E+01  -4.4463600E+00   7.1212975E+00  -1.2249616E+01  -2.4457665E+01   2.0710833E-02   1.6105853E-03  -9.2946386E-03  -1.6148621E-02   3.2865214E-03  -2.5352537E-01   3.2892371E-03   4.4563210E-04
 -2.0509898E-04   7.4366695E-04  -1.0252323E-04  -2.5588579E-03  -4.0149327E-05  -1.4240715E-03  -6.7944221E-03   9.6684801E-04   2.0131113E+00   8.5302744E-01  -3.1640958E+00   7.2440876E+01   5.8792432E+01   3.7731514E+01   1.3666757E+01  -4.6563167E+00  -6.8444350E-01  -1.3195843E+00   3.1201198E+00   3.7241177E+00   4.2834232E-03  -1.3319580E-03   1.6350049E-02  -1.0134227E-03  -1.1558659E-05   2.9695917E-02   6.8871004E-05   6.6390872E-05
 -7.8409628E-05   4.5660633E-04   4.8938232E-05   1.3061226E-03   1.3850495E-04   7.0085734E-03   1.7080814E-03   1.0896163E-03  -1.1997136E+01   1.6309969E+00   7.9714077E+00  -5.4026605E+01   3.7731514E+01   8.2580025E+01   5.0229737E+01  -1.1407043E+01  -1.2275542E+00  -6.8008165E-01   5.5882697E+00   8.8469196E+00  -6.3730475E-03  -1.6330104E-03   2.2701650E-02   6.3019885E-03   1.2995133E-03   2.6505101E-02   4.7601629E-04  -3.6923771E-04
 -2.0627199E-05   2.9934864E-04   1.4187567E-04   1.9164260E-03   2.9120988E-04   1.0284345E-02   5.0832234E-03   1.5650761E-03  -5.3329718E+01   5.5659117E-01   5.3287328E+00  -5.4148116E+01   1.3666757E+01   5.0229737E+01   1.0072031E+02  -8.9473859E+00  -8.4392049E-01  -1.4551549E+00   5.0428448E+00   3.2324953E+01   5.1471778E-03  -4.6743798E-03   2.4155657E-02  -8.7347131E-03   1.1900059E-02   6.4961556E-02   5.3020052E-04  -1.3551282E-03
 -1.4434178E-05   2.0668874E-05  -4.1457491E-05  -1.0283344E-03  -6.5575363E-05  -2.9248775E-03  -2.1540081E-03  -1.8562653E-04  -3.4941772E-01   5.6200399E-02  -2.7546278E+00   1.3412733E+01  -4.6563167E+00  -1.1407043E+01  -8.9473859E+00   5.6736387E+00   1.6297183E-01  -1.9451716E-01  -2.0197858E+00  -2.0868922E+00  -4.9381800E-04  -7.4106691E-05  -5.6838937E-03  -4.1767599E-03  -1.8779318E-03  -1.0505723E-02  -6.2085554E-05   3.7658134E-05
 -4.8095803E-06  -4.8385589E-05  -1.0528294E-05  -9.3803200E-05  -2.1525413E-06  -5.2693299E-04   3.2196909E-04   1.7139280E-05   1.5186398E-01  -7.7544625E-03  -2.4341754E-01  -4.4463600E+00  -6.8444350E-01  -1.2275542E+00  -8.4392049E-01   1.6297183E-01   3.4252565E+00   6.7969988E-01   3.2962834E-01   3.9071312E-01   4.5150829E-04  -6.7054497E-04   1.8173872E-03   5.7012030E-04   2.1649578E-03  -2.3583074E-03   1.9667514E-04   1.1703230E-05
 -5.2957978E-06  -4.1309748E-05   1.8476198E-06  -2.4903750E-04   1.3283654E-05  -1.1526101E-03  -2.0641235E-04   2.9932145E-05   7.1139982E-01   2.0211778E-02   7.9547584E-02   7.1212975E+00  -1.3195843E+00  -6.8008165E-01  -1.4551549E+00  -1.9451716E-01   6.7969988E-01   3.2528848E+00   2.7665678E+00   2.7588414E+00   3.7356394E-04  -5.1042186E-04   3.8039208E-03   3.6604136E-03   4.8637714E-04  -7.9213685E-03  -1.8952442E-04  -1.3024612E-05
 -2.0770704E-05  -1.0325534E-04   1.8939777E-05  -6.3252653E-04   4.9887624E-05  -1.8331290E-03  -4.0738377E-05   1.7562136E-04  -5.5902424E+00   1.3273852E-01   2.8050599E+00  -1.2249616E+01   3.1201198E+00   5.5882697E+00   5.0428448E+00  -2.0197858E+00   3.2962834E-01   2.7665678E+00   1.0880387E+01   1.9365094E+01   2.5683092E-03   1.5234439E-03   4.1625922E-03   6.5146816E-03  -5.2820632E-03   8.8529738E-03  -2.8559044E-05   4.3282355E-04
 -3.2139102E-05  -2.0143188E-04   6.1039503E-05  -1.3040968E-03   1.8594657E-04  -1.7998946E-03   1.9123230E-03   9.4206850E-04  -3.2742219E+01   1.7812135E-01   3.5053970E+00  -2.4457665E+01   3.7241177E+00   8.8469196E+00   3.2324953E+01  -2.0868922E+00   3.9071312E-01   2.7588414E+00   1.9365094E+01   5.3525962E+01   9.1432302E-03   1.5423897E-03   6.7797488E-03   3.5207961E-03  -7.8717236E-03   3.0383669E-02   4.8438784E-05   9.7206235E-04
  4.1015700E-08  -2.6469575E-07  -3.4256739E-07  -7.2700182E-07  -1.8520031E-07   6.6685781E-06  -1.2425335E-06   4.1453888E-06  -5.2866603E-03  -2.8086171E-04  -1.1912220E-03   2.0710833E-02   4.2834232E-03  -6.3730475E-03   5.1471778E-03  -4.9381800E-04   4.5150829E-04   3.7356394E-04   2.5683092E-03   9.1432302E-03   1.4667792E-03   2.6508388E-04   1.4546403E-04  -3.7400423E-04  -3.4495394E-05  -3.1941822E-05  -3.4889031E-07  -9.5070866E-07
 -5.0951503E-08  -3.2261135E-07  -5.0340934E-07   2.6723348E-06  -5.3758867E-07   5.1653011E-06  -5.7140578E-07  -1.8264255E-08   2.8187009E-03  -1.3915766E-04   8.3764229E-04   1.6105853E-03  -1.3319580E-03  -1.6330104E-03  -4.6743798E-03  -7.4106691E-05  -6.7054497E-04  -5.1042186E-04   1.5234439E-03   1.5423897E-03   2.6508388E-04   8.7075746E-04   7.8644722E-05   7.3321275E-04   7.4656757E-05  -6.1778354E-04   3.4738325E-07  -1.8196737E-08
 -2.1767114E-07  -1.7633612E-06  -2.7733884E-07   1.0152044E-06   8.5542958E-07  -6.5504648E-06   4.6730471E-06  -1.0939081E-06  -1.1785870E-02   4.8056755E-04   2.2740630E-03  -9.2946386E-03   1.6350049E-02   2.2701650E-02   2.4155657E-02  -5.6838937E-03   1.8173872E-03   3.8039208E-03   4.1625922E-03   6.7797488E-03   1.4546403E-04   7.8644722E-05   7.2288056E-03  -2.1296847E-04   7.2976674E-04   4.6857497E-03  -3.4206806E-07  -1.3030404E-06
 -1.6192534E-07   1.0711637E-06  -9.1989223E-07  -6.6167634E-06  -1.0081035E-06  -1.4159608E-05  -3.4380346E-06  -2.5542273E-06   9.0199530E-03  -4.6781558E-05   3.0155527E-03  -1.6148621E-02  -1.0134227E-03   6.3019885E-03  -8.7347131E-03  -4.1767599E-03   5.7012030E-04   3.6604136E-03   6.5146816E-03   3.5207961E-03  -3.7400423E-04   7.3321275E-04  -2.1296847E-04   2.9233906E-03   4.8373369E-04  -9.0935339E-04   4.9871610E-07   4.4859509E-07
  3.5084397E-08  -1.0575019E-06  -1.2557436E-07   2.5909227E-06   5.2557890E-07   4.9083932E-06   1.8784210E-05   2.7581984E-06  -7.7504230E-03   5.9879720E-04  -3.5183048E-03   3.2865214E-03  -1.1558659E-05   1.2995133E-03   1.1900059E-02  -1.8779318E-03   2.1649578E-03   4.8637714E-04  -5.2820632E-03  -7.8717236E-03  -3.4495394E-05   7.4656757E-05   7.2976674E-04   4.8373369E-04   6.1877392E-03   8.0473062E-03   7.9576203E-08  -3.9710011E-08
 -1.2299345E-06  -2.2379037E-06   2.9133354E-06   4.1797064E-05   7.0055956E-06   1.0994491E-04   7.5126764E-05   1.5742460E-05  -6.4587670E-02   3.6990667E-03  -6.3686221E-03  -2.5352537E-01   2.9695917E-02   2.6505101E-02   6.4961556E-02  -1.0505723E-02  -2.3583074E-03  -7.9213685E-03   8.8529738E-03   3.0383669E-02  -3.1941822E-05  -6.1778354E-04   4.6857497E-03  -9.0935339E-04   8.0473062E-03   7.2227663E-02  -3.2871878E-06   1.9007437E-07
  3.9805863E-09   9.2581036E-09  -1.3158523E-08   8.5305529E-08  -1.6828036E-08   4.2088088E-07  -1.9226337E-07   1.5585554E-08  -2.2441475E-04   7.2241201E-06   1.0918379E-04   3.2892371E-03   6.8871004E-05   4.7601629E-04   5.3020052E-04  -6.2085554E-05   1.9667514E-04  -1.8952442E-04  -2.8559044E-05   4.8438784E-05  -3.4889031E-07   3.4738325E-07  -3.4206806E-07   4.9871610E-07   7.9576203E-08  -3.2871878E-06   3.7164756E-07   1.8207145E-09
 -2.0526403E-09   1.5691063E-09   1.1366303E-09  -1.8091643E-07  -5.6901461E-10  -3.7117592E-07  -6.9045766E-08   1.4329700E-08   7.0461622E-04  -3.2521795E-06  -2.6063466E-05   4.4563210E-04   6.6390872E-05  -3.6923771E-04  -1.3551282E-03   3.7658134E-05   1.1703230E-05  -1.3024612E-05   4.3282355E-04   9.7206235E-04  -9.5070866E-07  -1.8196737E-08  -1.3030404E-06   4.4859509E-07  -3.9710011E-08   1.9007437E-07   1.8207145E-09   3.8531110E-07
