# omegabh2 omegach2 theta tau nnu yhe logA ns calPlanck acib217 xi asz143 aps100 aps143 aps143217 aps217 aksz kgal100 kgal143 kgal143217 kgal217 cal0 cal2
  5.9858634E-08  -1.0330127E-08   1.0375319E-07   3.7248676E-07   1.9019035E-06   2.7176184E-06   1.4873685E-06   1.3136337E-06   4.5561499E-09   6.4947395E-05  -2.3794334E-06  -8.2334672E-06   3.8232271E-04   1.6566375E-04   7.6716905E-05   4.9575269E-05   2.9678471E-05   3.0023286E-05   1.8248606E-05   3.4763724E-06  -2.3799939E-05  -1.7679947E-09   1.6523149E-09
 -1.0330127E-08   5.3497731E-05  -1.2490633E-05  -4.4580228E-06   3.2912356E-03  -1.7965306E-04   6.7766490E-05   1.7097829E-05  -4.5605852E-07  -2.5345515E-03  -8.3290423E-06   2.6871342E-04  -8.0479476E-03  -9.2642380E-03  -7.5259644E-03  -4.1475135E-03  -2.5122007E-04   1.6616207E-04   4.6036637E-05   4.9556760E-04   1.8717530E-03   2.2377208E-08   2.1224917E-08
  1.0375319E-07  -1.2490633E-05   3.5474470E-06   1.3938716E-06  -7.9177893E-04   5.5105873E-05  -1.1861987E-05  -1.3578037E-07   5.9560023E-08   1.5025549E-03  -1.3774592E-05  -2.6863246E-04   6.4893112E-03   4.7958837E-03   2.8481771E-03   1.2847494E-03   4.4346055E-04   2.9257178E-05   5.4887725E-05  -4.0253851E-05  -6.4179000E-04  -5.7447541E-09   2.2806340E-08
  3.7248676E-07  -4.4580228E-06   1.3938716E-06   6.2662369E-05  -1.7540670E-04   2.5944218E-05   1.2129230E-04   1.2638106E-05  -2.0694558E-07  -2.0156407E-03   3.4244043E-05  -3.9305297E-04   1.1550747E-04  -3.5514104E-04  -5.2799073E-04   1.5616891E-03  -3.0391386E-04  -1.7436946E-04  -5.3580774E-04  -5.0314914E-04   2.3201415E-04  -3.6245433E-08  -3.6593539E-08
  1.9019035E-06   3.2912356E-03  -7.9177893E-04  -1.7540670E-04   2.0861547E-01  -1.1508200E-02   4.2618363E-03   1.2493812E-03  -1.8853729E-05  -1.7181651E-01  -7.5484926E-04   2.2832560E-02  -5.8182758E-01  -6.3937594E-01  -5.0423720E-01  -2.6763264E-01  -2.3583153E-02   1.1313607E-02   1.3826906E-03   2.7656844E-02   1.1491978E-01   2.1803559E-06   1.0411444E-06
  2.7176184E-06  -1.7965306E-04   5.5105873E-05   2.5944218E-05  -1.1508200E-02   9.8831172E-04  -1.1385237E-04   6.2779207E-05   1.3345327E-07   3.5320261E-02  -4.7589099E-04  -6.6601214E-03   1.5518912E-01   1.0985272E-01   5.9047074E-02   2.5639489E-02   1.1643410E-02   1.0187696E-03   2.1961591E-03   1.0280928E-03  -1.2657238E-02  -3.2272244E-07   5.9441939E-07
  1.4873685E-06   6.7766490E-05  -1.1861987E-05   1.2129230E-04   4.2618363E-03  -1.1385237E-04   3.9779843E-04   7.7484375E-05   1.1601947E-05  -1.5855229E-03   4.8702512E-05  -1.9686628E-03   2.3304084E-02   6.7647480E-03  -2.3240479E-04   6.0182855E-03   1.0156500E-03  -3.9692339E-04  -1.2270588E-03  -4.7382625E-04   2.6274902E-03   3.9626483E-08   1.5003719E-07
  1.3136337E-06   1.7097829E-05  -1.3578037E-07   1.2638106E-05   1.2493812E-03   6.2779207E-05   7.7484375E-05   7.5036026E-05  -5.6354036E-08   4.0228246E-03  -1.1538548E-04  -6.8232237E-04   1.7785433E-02   1.7306138E-02   1.0084675E-02   7.3928847E-03   1.0829332E-03   9.5393878E-04   5.2235497E-04   1.1110275E-03   1.3576412E-04  -1.9158815E-07   2.0384658E-07
  4.5561499E-09  -4.5605852E-07   5.9560023E-08  -2.0694558E-07  -1.8853729E-05   1.3345327E-07   1.1601947E-05  -5.6354036E-08   6.4271801E-06   8.2445683E-04   2.6294376E-05   3.8107408E-07   2.9899021E-03   6.2650692E-04   7.5700825E-04   1.0864647E-03   7.3153487E-06  -1.6729700E-04  -8.7973927E-05  -1.1631951E-04   4.8240989E-04  -9.6018693E-09   1.9869150E-08
  6.4947395E-05  -2.5345515E-03   1.5025549E-03  -2.0156407E-03  -1.7181651E-01   3.5320261E-02  -1.5855229E-03   4.0228246E-03   8.2445683E-04   4.7696133E+01  -4.1721023E-01  -6.5467065E-01   4.3261314E+01   9.2853001E+00  -8.1021031E+00  -5.2974705E+01   6.9068795E-02   3.7050171E-01   9.0056832E-01  -5.4913230E+00  -3.4788548E+01  -2.0667428E-04   7.1399460E-04
 -2.3794334E-06  -8.3290423E-06  -1.3774592E-05   3.4244043E-05  -7.5484926E-04  -4.7589099E-04   4.8702512E-05  -1.1538548E-04   2.6294376E-05  -4.1721023E-01   8.1985832E-02  -5.6196890E-02  -5.1009940E-01   7.5526780E-01   1.5171351E+00   5.4786689E-01   3.7317191E-02  -2.7029141E-02  -8.9527862E-03   7.8508974E-02   1.3143417E-01   2.5169758E-06  -3.3177242E-06
 -8.2334672E-06   2.6871342E-04  -2.6863246E-04  -3.9305297E-04   2.2832560E-02  -6.6601214E-03  -1.9686628E-03  -6.8232237E-04   3.8107408E-07  -6.5467065E-01  -5.6196890E-02   4.1198752E+00  -3.2891383E+01  -4.5055366E+00   7.1677708E+00   4.6049815E+00  -3.2079024E+00  -1.4671728E-01   1.9751221E-01   2.7731565E+00   3.2559151E+00   1.1549964E-04  -4.8142637E-05
  3.8232271E-04  -8.0479476E-03   6.4893112E-03   1.1550747E-04  -5.8182758E-01   1.5518912E-01   2.3304084E-02   1.7785433E-02   2.9899021E-03   4.3261314E+01  -5.1009940E-01  -3.2891383E+01   8.3125287E+02   9.8196433E+01  -3.5319423E+01  -4.7847513E+01   1.9341785E+01  -5.9412034E+00   5.7342681E+00  -1.4316514E+01  -3.0232228E+01   3.9129194E-03   7.1780689E-04
  1.6566375E-04  -9.2642380E-03   4.7958837E-03  -3.5514104E-04  -6.3937594E-01   1.0985272E-01   6.7647480E-03   1.7306138E-02   6.2650692E-04   9.2853001E+00   7.5526780E-01  -4.5055366E+00   9.8196433E+01   7.9926208E+01   4.7976806E+01   1.8124210E+01  -2.8577848E+00  -2.1696889E-01  -1.1249665E+00   3.8025316E+00   1.7919726E+00   1.3730375E-04   2.2627687E-04
  7.6716905E-05  -7.5259644E-03   2.8481771E-03  -5.2799073E-04  -5.0423720E-01   5.9047074E-02  -2.3240479E-04   1.0084675E-02   7.5700825E-04  -8.1021031E+00   1.5171351E+00   7.1677708E+00  -3.5319423E+01   4.7976806E+01   8.7210485E+01   5.3324082E+01  -1.1744579E+01  -9.3652868E-01  -4.9250100E-01   5.2088993E+00   6.6174388E+00   4.3704448E-04  -3.6676144E-04
  4.9575269E-05  -4.1475135E-03   1.2847494E-03   1.5616891E-03  -2.6763264E-01   2.5639489E-02   6.0182855E-03   7.3928847E-03   1.0864647E-03  -5.2974705E+01   5.4786689E-01   4.6049815E+00  -4.7847513E+01   1.8124210E+01   5.3324082E+01   1.0311959E+02  -9.1969984E+00  -7.1873580E-01  -1.2774733E+00   5.5161708E+00   3.2961666E+01   5.3283255E-04  -1.2274254E-03
  2.9678471E-05  -2.5122007E-04   4.4346055E-04  -3.0391386E-04  -2.3583153E-02   1.1643410E-02   1.0156500E-03   1.0829332E-03   7.3153487E-06   6.9068795E-02   3.7317191E-02  -3.2079024E+00   1.9341785E+01  -2.8577848E+00  -1.1744579E+01  -9.1969984E+00   6.8761479E+00   7.4741669E-02  -2.2530542E-01  -2.3116100E+00  -2.3678672E+00  -9.7191601E-05   4.4522521E-05
  3.0023286E-05   1.6616207E-04   2.9257178E-05  -1.7436946E-04   1.1313607E-02   1.0187696E-03  -3.9692339E-04   9.5393878E-04  -1.6729700E-04   3.7050171E-01  -2.7029141E-02  -1.4671728E-01  -5.9412034E+00  -2.1696889E-01  -9.3652868E-01  -7.1873580E-01   7.4741669E-02   3.3989200E+00   5.8864380E-01   2.3817004E-01   1.5202180E-01   1.4182666E-04   1.7294466E-05
  1.8248606E-05   4.6036637E-05   5.4887725E-05  -5.3580774E-04   1.3826906E-03   2.1961591E-03  -1.2270588E-03   5.2235497E-04  -8.7973927E-05   9.0056832E-01  -8.9527862E-03   1.9751221E-01   5.7342681E+00  -1.1249665E+00  -4.9250100E-01  -1.2774733E+00  -2.2530542E-01   5.8864380E-01   3.1373810E+00   2.5336869E+00   2.3323423E+00  -1.7138408E-04  -3.5115140E-05
  3.4763724E-06   4.9556760E-04  -4.0253851E-05  -5.0314914E-04   2.7656844E-02   1.0280928E-03  -4.7382625E-04   1.1110275E-03  -1.1631951E-04  -5.4913230E+00   7.8508974E-02   2.7731565E+00  -1.4316514E+01   3.8025316E+00   5.2088993E+00   5.5161708E+00  -2.3116100E+00   2.3817004E-01   2.5336869E+00   1.0781459E+01   1.9259879E+01   3.1643266E-05   4.3328821E-04
 -2.3799939E-05   1.8717530E-03  -6.4179000E-04   2.3201415E-04   1.1491978E-01  -1.2657238E-02   2.6274902E-03   1.3576412E-04   4.8240989E-04  -3.4788548E+01   1.3143417E-01   3.2559151E+00  -3.0232228E+01   1.7919726E+00   6.6174388E+00   3.2961666E+01  -2.3678672E+00   1.5202180E-01   2.3323423E+00   1.9259879E+01   5.4880684E+01   1.4570264E-04   9.5463862E-04
 -1.7679947E-09   2.2377208E-08  -5.7447541E-09  -3.6245433E-08   2.1803559E-06  -3.2272244E-07   3.9626483E-08  -1.9158815E-07  -9.6018693E-09  -2.0667428E-04   2.5169758E-06   1.1549964E-04   3.9129194E-03   1.3730375E-04   4.3704448E-04   5.3283255E-04  -9.7191601E-05   1.4182666E-04  -1.7138408E-04   3.1643266E-05   1.4570264E-04   3.6808936E-07   4.4828157E-09
  1.6523149E-09   2.1224917E-08   2.2806340E-08  -3.6593539E-08   1.0411444E-06   5.9441939E-07   1.5003719E-07   2.0384658E-07   1.9869150E-08   7.1399460E-04  -3.3177242E-06  -4.8142637E-05   7.1780689E-04   2.2627687E-04  -3.6676144E-04  -1.2274254E-03   4.4522521E-05   1.7294466E-05  -3.5115140E-05   4.3328821E-04   9.5463862E-04   4.4828157E-09   3.8616151E-07
