# omegabh2 omegach2 theta tau meffsterile nnu logA ns calPlanck acib217 xi asz143 aps100 aps143 aps143217 aps217 aksz kgal100 kgal143 kgal143217 kgal217 galfTE100 galfTE100143 galfTE100217 galfTE143 galfTE143217 galfTE217 cal0 cal2
  2.2418025E-08   7.5952037E-08   2.4493998E-09   1.8739226E-07  -2.6890352E-06   5.6767506E-06   5.6160416E-07   3.4781610E-07   1.4128059E-08  -2.8782118E-05   3.6797598E-07   1.2562457E-05  -1.4640884E-04  -1.2331796E-04  -4.8080027E-05  -1.2528978E-05  -1.5140124E-05   6.9137208E-07  -3.5664279E-06  -7.9236348E-06  -1.2641347E-05  -1.1726758E-07  -1.0983503E-07  -2.3862121E-07  -3.6398552E-07  -4.8674973E-07  -2.0438166E-06   3.6243856E-09  -1.2770596E-09
  7.5952037E-08   1.0503280E-05  -3.7917228E-07  -1.3065714E-07  -5.9431483E-04   1.8682309E-04   9.0635108E-06   7.1397361E-06  -5.6472738E-07   1.4697891E-03  -2.4276274E-05  -1.6417596E-04   6.2277823E-03   1.8645646E-03  -8.6281697E-05  -1.4040443E-03   4.3804417E-04   1.2839155E-04   2.5324966E-04   2.9033974E-04  -4.6778550E-04  -7.4088754E-07  -1.8870805E-06  -4.7813061E-06   3.5339891E-07   2.7856318E-06   1.8852685E-05  -7.9988175E-09   3.2799386E-08
  2.4493998E-09  -3.7917228E-07   1.0135783E-07   4.3566350E-08   1.1534938E-05  -1.2614487E-05  -3.9609425E-07  -3.0963549E-07   2.7185936E-08  -9.4522319E-05   1.9289894E-06   1.0663304E-05  -3.5155586E-04  -1.3517482E-04  -9.7847582E-06   8.7111502E-05  -1.9894426E-05  -6.3455453E-06  -2.2352510E-05  -2.8971148E-05  -9.0679491E-06   2.4391419E-08  -7.9243429E-08   6.4786660E-07  -3.5221130E-07  -1.1484253E-07  -7.3882407E-07   1.9606944E-09  -4.3447065E-09
  1.8739226E-07  -1.3065714E-07   4.3566350E-08   5.3171094E-05  -1.8182371E-05   5.2616418E-05   1.0395041E-04   8.1433141E-06  -4.1688847E-07  -1.8051684E-03   5.1486338E-05   5.6926638E-04  -1.1714875E-02  -3.1859178E-03   1.9878487E-04   8.5835903E-04  -9.2786392E-04   1.6350787E-05  -1.9274410E-04  -1.5447805E-04   2.7033216E-04  -1.3942918E-07   3.6175611E-06   6.5311412E-06   1.0305257E-06  -5.4454211E-06  -2.1276892E-05   4.5098271E-08  -1.4384128E-07
 -2.6890352E-06  -5.9431483E-04   1.1534938E-05  -1.8182371E-05   4.7247930E-02  -5.3226144E-03  -2.7893299E-04  -4.2084403E-04   3.5959285E-05  -4.6547982E-02   3.8440758E-05   3.1900260E-03  -1.7813421E-01   7.0569346E-03   5.1798740E-02   1.0065088E-01  -1.5314514E-02  -8.4370721E-03  -9.7694627E-03  -9.3480527E-03   3.1751335E-02   1.0049836E-04   1.4755989E-04   2.1106791E-04   1.1353646E-05  -1.6013491E-04  -6.8537362E-04  -1.2499668E-06  -1.2341874E-06
  5.6767506E-06   1.8682309E-04  -1.2614487E-05   5.2616418E-05  -5.3226144E-03   7.6519489E-03   3.8548582E-04   2.8790938E-04  -3.7155191E-06   5.0960571E-02  -1.2510953E-03  -6.6443746E-03   2.2043415E-01   7.6619785E-02   2.4506892E-03  -3.5357232E-02   1.7557452E-02   3.8050451E-03   8.9510654E-03   8.9665790E-03  -1.0172028E-02  -1.5155630E-05  -1.3389934E-05  -1.4807996E-04  -4.1574329E-06   2.1575262E-06   1.1552022E-04  -1.0871921E-06   7.4256124E-07
  5.6160416E-07   9.0635108E-06  -3.9609425E-07   1.0395041E-04  -2.7893299E-04   3.8548582E-04   2.4730973E-04   2.0782741E-05   1.1181134E-05  -1.6047633E-03   1.0340123E-04   9.4471556E-04  -1.2506067E-02  -7.0654655E-04   4.4176542E-03   6.6580196E-03  -2.3511892E-03  -1.8254607E-04  -6.6448726E-04  -3.6664593E-04   1.3997249E-03   5.5972014E-06   3.9813813E-06  -1.0526701E-06  -8.2058147E-07  -6.6593212E-06   8.6346994E-06   2.5891413E-07  -2.8239847E-07
  3.4781610E-07   7.1397361E-06  -3.0963549E-07   8.1433141E-06  -4.2084403E-04   2.8790938E-04   2.0782741E-05   2.6214028E-05  -3.9795412E-08  -2.3240245E-03   3.6435146E-05   6.1871980E-04  -1.2919543E-02  -3.7516735E-03   8.6064562E-04   2.8813863E-03  -1.2740358E-03   4.1022622E-04   2.8920360E-05  -1.7951750E-05   6.9034064E-04  -2.1757760E-06  -4.5024333E-07  -3.3952574E-06  -2.1121679E-06  -1.6575276E-06  -9.5905924E-06  -7.3097735E-08  -3.7671757E-08
  1.4128059E-08  -5.6472738E-07   2.7185936E-08  -4.1688847E-07   3.5959285E-05  -3.7155191E-06   1.1181134E-05  -3.9795412E-08   6.1656902E-06   6.7182171E-04  -3.7776364E-06   6.0754911E-05   3.0075836E-03   7.4647123E-04   6.0068219E-04   1.4152994E-03  -1.6072380E-04  -1.6920949E-05  -1.3010948E-05   4.6162043E-05   7.6817024E-04   2.3717004E-06  -2.9926752E-07  -2.7565035E-06  -6.4194751E-07   2.5788175E-06   1.5318171E-05   3.2389510E-08  -9.1937362E-09
 -2.8782118E-05   1.4697891E-03  -9.4522319E-05  -1.8051684E-03  -4.6547982E-02   5.0960571E-02  -1.6047633E-03  -2.3240245E-03   6.7182171E-04   4.5023667E+01  -4.0011746E-01  -6.9593132E-01   3.7129730E+01   2.9865769E+00  -1.2333787E+01  -5.4528962E+01  -4.9912973E-01   2.0515153E-01   8.5679181E-01  -5.6012898E+00  -3.3567857E+01  -3.3323161E-03   7.7771403E-05   6.3739066E-03   4.0253344E-04   1.3699222E-02   3.2971941E-02  -2.8781209E-04   7.0155769E-04
  3.6797598E-07  -2.4276274E-05   1.9289894E-06   5.1486338E-05   3.8440758E-05  -1.2510953E-03   1.0340123E-04   3.6435146E-05  -3.7776364E-06  -4.0011746E-01   8.1725824E-02  -4.1149862E-02  -5.4173676E-01   8.9631287E-01   1.6684553E+00   6.0778367E-01   4.5080571E-02  -9.0849033E-03   4.4424147E-03   1.1688135E-01   1.6254452E-01   8.4679787E-05  -2.1575905E-05   2.8882182E-04  -1.8644667E-04  -1.3404588E-04  -3.9653836E-04   7.2225637E-06  -2.8529831E-06
  1.2562457E-05  -1.6417596E-04   1.0663304E-05   5.6926638E-04   3.1900260E-03  -6.6443746E-03   9.4471556E-04   6.1871980E-04   6.0754911E-05  -6.9593132E-01  -4.1149862E-02   3.9501457E+00  -3.1578390E+01  -3.3549160E+00   7.8111257E+00   5.3071315E+00  -2.8388462E+00  -1.8115212E-01   1.5859962E-01   2.6772113E+00   3.2323763E+00  -5.0334979E-04  -7.6254901E-04  -3.5100832E-03  -1.4577223E-03  -2.6412393E-03  -3.3350795E-03   1.0901741E-04  -3.3478943E-05
 -1.4640884E-04   6.2277823E-03  -3.5155586E-04  -1.1714875E-02  -1.7813421E-01   2.2043415E-01  -1.2506067E-02  -1.2919543E-02   3.0075836E-03   3.7129730E+01  -5.4173676E-01  -3.1578390E+01   7.9178348E+02   7.2085224E+01  -5.6018099E+01  -6.2864692E+01   1.5265106E+01  -6.4185408E+00   5.7174232E+00  -1.3124075E+01  -2.5971734E+01  -1.1102014E-02  -7.6876837E-03   4.1730821E-02  -3.6108448E-03   3.6699076E-02   8.2237936E-02   3.5578416E-03   5.5498949E-04
 -1.2331796E-04   1.8645646E-03  -1.3517482E-04  -3.1859178E-03   7.0569346E-03   7.6619785E-02  -7.0654655E-04  -3.7516735E-03   7.4647123E-04   2.9865769E+00   8.9631287E-01  -3.3549160E+00   7.2085224E+01   6.1380215E+01   3.9470579E+01   1.3763747E+01  -4.7130758E+00  -4.3152389E-01  -1.3019432E+00   3.3503088E+00   3.4657266E+00   9.2048585E-04  -8.6262757E-04  -7.0226008E-04  -6.1214755E-04  -1.0222916E-02  -1.6084602E-03   5.7097841E-05   1.4526926E-04
 -4.8080027E-05  -8.6281697E-05  -9.7847582E-06   1.9878487E-04   5.1798740E-02   2.4506892E-03   4.4176542E-03   8.6064562E-04   6.0068219E-04  -1.2333787E+01   1.6684553E+00   7.8111257E+00  -5.6018099E+01   3.9470579E+01   8.4380193E+01   5.1848972E+01  -1.2019207E+01  -9.9731565E-01  -7.0823878E-01   5.3255769E+00   8.6063296E+00   2.5981859E-03  -2.3371450E-03  -2.2737751E-03  -5.6767242E-03  -1.4258134E-02  -2.0559753E-02   4.4430422E-04  -2.9476320E-04
 -1.2528978E-05  -1.4040443E-03   8.7111502E-05   8.5835903E-04   1.0065088E-01  -3.5357232E-02   6.6580196E-03   2.8813863E-03   1.4152994E-03  -5.4528962E+01   6.0778367E-01   5.3071315E+00  -6.2864692E+01   1.3763747E+01   5.1848972E+01   1.0236309E+02  -9.1092494E+00  -8.5458500E-01  -1.5877908E+00   5.4181282E+00   3.3589809E+01   5.7083124E-03  -1.4758445E-03  -7.3449642E-03  -1.5958788E-03  -2.4089599E-02  -2.3908236E-02   5.0027522E-04  -1.2375688E-03
 -1.5140124E-05   4.3804417E-04  -1.9894426E-05  -9.2786392E-04  -1.5314514E-02   1.7557452E-02  -2.3511892E-03  -1.2740358E-03  -1.6072380E-04  -4.9912973E-01   4.5080571E-02  -2.8388462E+00   1.5265106E+01  -4.7130758E+00  -1.2019207E+01  -9.1092494E+00   6.0503715E+00   1.3649335E-01  -2.0855409E-01  -2.1008322E+00  -2.1564758E+00   3.3344829E-04   1.1686755E-03   3.4900558E-03   3.0145851E-03   5.5454626E-03   5.0928552E-03  -7.4382252E-05  -2.3598355E-05
  6.9137208E-07   1.2839155E-04  -6.3455453E-06   1.6350787E-05  -8.4370721E-03   3.8050451E-03  -1.8254607E-04   4.1022622E-04  -1.6920949E-05   2.0515153E-01  -9.0849033E-03  -1.8115212E-01  -6.4185408E+00  -4.3152389E-01  -9.9731565E-01  -8.5458500E-01   1.3649335E-01   3.3174941E+00   5.6547505E-01   2.4656569E-01   2.2566447E-01  -1.1123395E-04   3.3170336E-04  -1.8861567E-03   5.1690317E-04  -1.3067566E-03  -8.2613262E-03   1.7520923E-04  -5.6051644E-06
 -3.5664279E-06   2.5324966E-04  -2.2352510E-05  -1.9274410E-04  -9.7694627E-03   8.9510654E-03  -6.6448726E-04   2.8920360E-05  -1.3010948E-05   8.5679181E-01   4.4424147E-03   1.5859962E-01   5.7174232E+00  -1.3019432E+00  -7.0823878E-01  -1.5877908E+00  -2.0855409E-01   5.6547505E-01   3.1693183E+00   2.6467454E+00   2.5747425E+00  -2.8142736E-04   2.1342620E-04   3.3385117E-04   5.1235874E-04   3.2521960E-03   8.1581745E-03  -1.8226124E-04  -2.7422516E-05
 -7.9236348E-06   2.9033974E-04  -2.8971148E-05  -1.5447805E-04  -9.3480527E-03   8.9665790E-03  -3.6664593E-04  -1.7951750E-05   4.6162043E-05  -5.6012898E+00   1.1688135E-01   2.6772113E+00  -1.3124075E+01   3.3503088E+00   5.3255769E+00   5.4181282E+00  -2.1008322E+00   2.4656569E-01   2.6467454E+00   1.0637855E+01   1.9048293E+01  -2.3943573E-04  -8.7029925E-04  -4.9760582E-03  -2.1064806E-03  -2.6888721E-03   3.3736556E-03   1.6132689E-05   4.3088306E-04
 -1.2641347E-05  -4.6778550E-04  -9.0679491E-06   2.7033216E-04   3.1751335E-02  -1.0172028E-02   1.3997249E-03   6.9034064E-04   7.6817024E-04  -3.3567857E+01   1.6254452E-01   3.2323763E+00  -2.5971734E+01   3.4657266E+00   8.6063296E+00   3.3589809E+01  -2.1564758E+00   2.2566447E-01   2.5747425E+00   1.9048293E+01   5.3713320E+01   2.4338560E-03  -5.1255622E-04  -1.3385173E-02  -7.4300465E-04  -1.1977321E-02  -1.6709592E-02   1.8141703E-04   9.7936806E-04
 -1.1726758E-07  -7.4088754E-07   2.4391419E-08  -1.3942918E-07   1.0049836E-04  -1.5155630E-05   5.5972014E-06  -2.1757760E-06   2.3717004E-06  -3.3323161E-03   8.4679787E-05  -5.0334979E-04  -1.1102014E-02   9.2048585E-04   2.5981859E-03   5.7083124E-03   3.3344829E-04  -1.1123395E-04  -2.8142736E-04  -2.3943573E-04   2.4338560E-03   1.4368124E-03   2.7681362E-04   9.3518183E-05  -3.4905323E-04  -1.0749915E-04  -1.3038014E-04  -2.2727570E-07   1.6679323E-07
 -1.0983503E-07  -1.8870805E-06  -7.9243429E-08   3.6175611E-06   1.4755989E-04  -1.3389934E-05   3.9813813E-06  -4.5024333E-07  -2.9926752E-07   7.7771403E-05  -2.1575905E-05  -7.6254901E-04  -7.6876837E-03  -8.6262757E-04  -2.3371450E-03  -1.4758445E-03   1.1686755E-03   3.3170336E-04   2.1342620E-04  -8.7029925E-04  -5.1255622E-04   2.7681362E-04   8.7124939E-04   1.6775534E-05   7.5415988E-04   6.1735022E-05  -8.6886127E-04  -2.9211871E-07  -1.8018502E-08
 -2.3862121E-07  -4.7813061E-06   6.4786660E-07   6.5311412E-06   2.1106791E-04  -1.4807996E-04  -1.0526701E-06  -3.3952574E-06  -2.7565035E-06   6.3739066E-03   2.8882182E-04  -3.5100832E-03   4.1730821E-02  -7.0226008E-04  -2.2737751E-03  -7.3449642E-03   3.4900558E-03  -1.8861567E-03   3.3385117E-04  -4.9760582E-03  -1.3385173E-02   9.3518183E-05   1.6775534E-05   7.0705806E-03  -3.4160982E-04   5.3799510E-04   4.4084846E-03   3.3177342E-07   3.3641386E-07
 -3.6398552E-07   3.5339891E-07  -3.5221130E-07   1.0305257E-06   1.1353646E-05  -4.1574329E-06  -8.2058147E-07  -2.1121679E-06  -6.4194751E-07   4.0253344E-04  -1.8644667E-04  -1.4577223E-03  -3.6108448E-03  -6.1214755E-04  -5.6767242E-03  -1.5958788E-03   3.0145851E-03   5.1690317E-04   5.1235874E-04  -2.1064806E-03  -7.4300465E-04  -3.4905323E-04   7.5415988E-04  -3.4160982E-04   2.9273418E-03   5.5756395E-04  -1.1975771E-03  -3.7339473E-07   1.6436935E-08
 -4.8674973E-07   2.7856318E-06  -1.1484253E-07  -5.4454211E-06  -1.6013491E-04   2.1575262E-06  -6.6593212E-06  -1.6575276E-06   2.5788175E-06   1.3699222E-02  -1.3404588E-04  -2.6412393E-03   3.6699076E-02  -1.0222916E-02  -1.4258134E-02  -2.4089599E-02   5.5454626E-03  -1.3067566E-03   3.2521960E-03  -2.6888721E-03  -1.1977321E-02  -1.0749915E-04   6.1735022E-05   5.3799510E-04   5.5756395E-04   6.6818857E-03   8.5319645E-03   1.2242889E-07  -6.3884178E-07
 -2.0438166E-06   1.8852685E-05  -7.3882407E-07  -2.1276892E-05  -6.8537362E-04   1.1552022E-04   8.6346994E-06  -9.5905924E-06   1.5318171E-05   3.2971941E-02  -3.9653836E-04  -3.3350795E-03   8.2237936E-02  -1.6084602E-03  -2.0559753E-02  -2.3908236E-02   5.0928552E-03  -8.2613262E-03   8.1581745E-03   3.3736556E-03  -1.6709592E-02  -1.3038014E-04  -8.6886127E-04   4.4084846E-03  -1.1975771E-03   8.5319645E-03   7.2600693E-02  -3.0625228E-07  -1.9996204E-06
  3.6243856E-09  -7.9988175E-09   1.9606944E-09   4.5098271E-08  -1.2499668E-06  -1.0871921E-06   2.5891413E-07  -7.3097735E-08   3.2389510E-08  -2.8781209E-04   7.2225637E-06   1.0901741E-04   3.5578416E-03   5.7097841E-05   4.4430422E-04   5.0027522E-04  -7.4382252E-05   1.7520923E-04  -1.8226124E-04   1.6132689E-05   1.8141703E-04  -2.2727570E-07  -2.9211871E-07   3.3177342E-07  -3.7339473E-07   1.2242889E-07  -3.0625228E-07   3.7190769E-07   1.7485329E-09
 -1.2770596E-09   3.2799386E-08  -4.3447065E-09  -1.4384128E-07  -1.2341874E-06   7.4256124E-07  -2.8239847E-07  -3.7671757E-08  -9.1937362E-09   7.0155769E-04  -2.8529831E-06  -3.3478943E-05   5.5498949E-04   1.4526926E-04  -2.9476320E-04  -1.2375688E-03  -2.3598355E-05  -5.6051644E-06  -2.7422516E-05   4.3088306E-04   9.7936806E-04   1.6679323E-07  -1.8018502E-08   3.3641386E-07   1.6436935E-08  -6.3884178E-07  -1.9996204E-06   1.7485329E-09   3.9335221E-07
