# omegabh2 omegach2 theta tau mnu nnu logA ns calPlanck aps100 aps143 aps217 acib217 asz143 psr cibr xi aksz dust100 dust143 dust217 dust143x217 cal0 cal2 calTE calEE
  3.1657463E-08   2.0464145E-07  -1.8924180E-08   2.6533542E-07   8.7891496E-07   1.6612384E-05   1.1962432E-06   7.3027060E-07   1.6420333E-08   5.7454704E-05  -1.5167300E-05  -1.8664288E-05   6.8646292E-06   2.8136850E-06   1.1842363E-07   3.2200202E-07   3.1685768E-07   4.6783987E-06   2.6471801E-07   3.2035348E-07   2.1556687E-07   1.0730533E-07   1.8230511E-09   5.9934536E-09   1.4601330E-08  -7.0700863E-08
  2.0464145E-07   7.5323173E-06  -8.4074431E-07  -1.4462959E-06   1.1144663E-05   4.3289268E-04   1.6351175E-05   1.2170694E-05  -3.1203790E-07   1.0976056E-02   6.7057103E-03  -2.3447608E-03   3.3664227E-03  -3.6038855E-04  -2.6708978E-05   6.4418499E-05  -3.5583375E-05   8.7336942E-04   6.8712512E-06   2.2264891E-05  -1.3654438E-05   9.5848534E-06  -6.4010245E-08   2.4982901E-07   2.6153830E-06   4.7204187E-06
 -1.8924180E-08  -8.4074431E-07   1.8052515E-07   1.0585133E-07  -1.9335922E-06  -5.1484878E-05  -1.8804069E-06  -1.4663267E-06   2.6020669E-08  -1.3233680E-03  -8.0149800E-04   1.9559258E-04  -3.4616266E-04   4.1783909E-05   3.0339312E-06  -6.7474885E-06   4.3546406E-06  -1.0026693E-04  -5.5016578E-07  -1.3078206E-06   1.0127855E-06  -1.1228770E-06   2.3063425E-10  -2.9886364E-08  -3.8124574E-07  -6.1061958E-07
  2.6533542E-07  -1.4462959E-06   1.0585133E-07   5.3365298E-05   6.1281329E-05   6.2378080E-05   1.0132928E-04   1.0224104E-05  -6.8157673E-07  -7.9102207E-03  -3.9452971E-03   7.4273133E-04  -1.6500184E-03   1.6333972E-04   1.6329237E-05  -3.3165868E-05   5.5426618E-06  -2.5301106E-04   1.5592137E-05   2.1649210E-05   1.0669758E-05   2.2661126E-06  -1.3266365E-07  -2.2599753E-08  -2.8604567E-06  -1.6977316E-06
  8.7891496E-07   1.1144663E-05  -1.9335922E-06   6.1281329E-05   1.5410114E-03   1.0610254E-03   1.6621993E-04   4.4955794E-05   5.7528130E-06   2.3589420E-02   1.1838587E-02  -3.7167717E-03   8.0727853E-03  -7.0429774E-04   6.5146735E-07   1.1845638E-04  -1.2017409E-04   1.7138681E-03   2.3180222E-05   3.9599534E-05  -1.5063362E-05  -1.5675805E-06   4.1660270E-07   7.8427551E-07   1.1697060E-05   1.8637725E-05
  1.6612384E-05   4.3289268E-04  -5.1484878E-05   6.2378080E-05   1.0610254E-03   2.8142916E-02   1.2766506E-03   9.2122466E-04  -5.4884924E-06   6.8712639E-01   4.0881469E-01  -1.3398101E-01   2.0176458E-01  -2.1011894E-02  -1.5500116E-03   3.8856262E-03  -1.9499799E-03   5.1668080E-02   4.2412777E-04   1.0974047E-03  -7.5353143E-04   5.5923317E-04  -4.8135778E-07   1.6382504E-05   1.7971704E-04   3.3425422E-04
  1.1962432E-06   1.6351175E-05  -1.8804069E-06   1.0132928E-04   1.6621993E-04   1.2766506E-03   2.6890305E-04   5.3396734E-05   9.7624700E-06   1.8926663E-02   1.1335660E-02   2.0228888E-03   4.7760053E-03  -4.8939453E-04  -1.4019436E-05   6.5479487E-05  -4.1833139E-05   6.1939462E-04   1.9980663E-05   6.3496439E-06   1.0744159E-05   1.5270629E-05   2.5321587E-07   7.7252501E-07   1.4330792E-06   1.1657697E-05
  7.3027060E-07   1.2170694E-05  -1.4663267E-06   1.0224104E-05   4.4955794E-05   9.2122466E-04   5.3396734E-05   4.4388967E-05   5.3747862E-07   2.3714961E-03   6.7646844E-03   3.6098829E-03   1.1891688E-03  -1.3433977E-04   1.3339158E-05   2.7584671E-05   2.9946961E-06  -2.3454742E-04   3.2547365E-05   6.2723870E-06   4.6026284E-06   1.2246085E-05  -2.3379964E-07   2.8668417E-07   5.6947988E-06   8.3208782E-06
  1.6420333E-08  -3.1203790E-07   2.6020669E-08  -6.8157673E-07   5.7528130E-06  -5.4884924E-06   9.7624700E-06   5.3747862E-07   5.9095134E-06   3.3019308E-03   2.5018493E-04   8.9640612E-04   6.0874363E-04   4.8245478E-06  -9.6747662E-07   4.1382119E-07   5.1772030E-07  -1.0878473E-04  -6.0568410E-06  -1.8879297E-06   7.3914268E-06   7.9187626E-08   2.0994727E-08   6.0940397E-08  -2.3203374E-07  -4.1831106E-08
  5.7454704E-05   1.0976056E-02  -1.3233680E-03  -7.9102207E-03   2.3589420E-02   6.8712639E-01   1.8926663E-02   2.3714961E-03   3.3019308E-03   6.1349573E+02   6.5211189E+01  -5.3380784E+01   3.1685902E+01  -2.5385933E+01  -8.1911515E-01  -2.0373100E-01  -3.0185168E-01   1.1467586E+01  -1.6343506E-01   2.9243224E-01  -2.4332394E-01  -1.6880943E-01   6.4782596E-03   3.2219423E-03   6.6839926E-03   1.4263318E-02
 -1.5167300E-05   6.7057103E-03  -8.0149800E-04  -3.9452971E-03   1.1838587E-02   4.0881469E-01   1.1335660E-02   6.7646844E-03   2.5018493E-04   6.5211189E+01   7.1774581E+01   8.1443832E+00   8.8314937E+00  -5.8230536E-01  -3.4071518E-02   4.6067388E-01   8.4852706E-01  -7.7791871E+00  -1.5366322E-02  -2.1595182E-01   3.5570178E-02   8.3875861E-02   8.9647578E-04   8.4589341E-04   5.3705500E-03   1.0442694E-02
 -1.8664288E-05  -2.3447608E-03   1.9559258E-04   7.4273133E-04  -3.7167717E-03  -1.3398101E-01   2.0228888E-03   3.6098829E-03   8.9640612E-04  -5.3380784E+01   8.1443832E+00   1.7105042E+02  -8.1040621E+01   2.7214000E+00   2.9007559E-01  -9.6127456E-01   3.3811595E-01  -7.1630149E+00  -3.1774619E-02  -2.3796982E-01   5.4099938E-01  -4.1701619E-02   1.6270455E-03  -7.7422634E-03   2.1391624E-03   1.5144296E-03
  6.8646292E-06   3.3664227E-03  -3.4616266E-04  -1.6500184E-03   8.0727853E-03   2.0176458E-01   4.7760053E-03   1.1891688E-03   6.0874363E-04   3.1685902E+01   8.8314937E+00  -8.1040621E+01   5.1463562E+01   1.5687099E+00  -2.5772826E-02   6.9840033E-01  -2.6012141E-01  -2.5884153E+00   1.0595171E-02   1.4423155E-01  -4.4478487E-01  -8.7481094E-02  -5.1854745E-04   3.1891471E-03   6.5980444E-04   2.7972549E-03
  2.8136850E-06  -3.6038855E-04   4.1783909E-05   1.6333972E-04  -7.0429774E-04  -2.1011894E-02  -4.8939453E-04  -1.3433977E-04   4.8245478E-06  -2.5385933E+01  -5.8230536E-01   2.7214000E+00   1.5687099E+00   4.3364953E+00   1.0225725E-01   1.5842451E-01  -3.4149921E-02  -3.5325468E+00  -4.8662041E-03  -9.0790747E-03   8.4076762E-03   5.0337113E-02   4.5781871E-04  -2.4018215E-04  -3.0591538E-04  -3.0596066E-04
  1.1842363E-07  -2.6708978E-05   3.0339312E-06   1.6329237E-05   6.5146735E-07  -1.5500116E-03  -1.4019436E-05   1.3339158E-05  -9.6747662E-07  -8.1911515E-01  -3.4071518E-02   2.9007559E-01  -2.5772826E-02   1.0225725E-01   1.6746150E-02  -1.6837938E-02   1.2113128E-02  -1.0575410E-01  -2.0569527E-04  -1.0305369E-03  -2.7499858E-03   5.3724092E-03   1.7466404E-05  -3.4978468E-05   1.3042069E-05  -6.9430347E-06
  3.2200202E-07   6.4418499E-05  -6.7474885E-06  -3.3165868E-05   1.1845638E-04   3.8856262E-03   6.5479487E-05   2.7584671E-05   4.1382119E-07  -2.0373100E-01   4.6067388E-01  -9.6127456E-01   6.9840033E-01   1.5842451E-01  -1.6837938E-02   6.9141874E-02   3.6379779E-03  -1.5163445E-01   9.3410462E-04   6.5336756E-03  -2.1881903E-04  -1.7953841E-02  -5.9918566E-06   9.1596665E-05  -1.1921544E-05   5.0410478E-05
  3.1685768E-07  -3.5583375E-05   4.3546406E-06   5.5426618E-06  -1.2017409E-04  -1.9499799E-03  -4.1833139E-05   2.9946961E-06   5.1772030E-07  -3.0185168E-01   8.4852706E-01   3.3811595E-01  -2.6012141E-01  -3.4149921E-02   1.2113128E-02   3.6379779E-03   8.2345975E-02   3.1896363E-02   7.1523052E-04   6.7400942E-04   1.0779966E-03   1.2789291E-03   1.7034307E-05  -7.6195790E-06   5.7988177E-06  -7.8509271E-06
  4.6783987E-06   8.7336942E-04  -1.0026693E-04  -2.5301106E-04   1.7138681E-03   5.1668080E-02   6.1939462E-04  -2.3454742E-04  -1.0878473E-04   1.1467586E+01  -7.7791871E+00  -7.1630149E+00  -2.5884153E+00  -3.5325468E+00  -1.0575410E-01  -1.5163445E-01   3.1896363E-02   7.3822448E+00   9.6208404E-04   2.3220483E-04  -3.1608179E-03  -5.2335971E-02  -3.5257560E-04   6.8019598E-05  -1.7395868E-04   1.4891761E-04
  2.6471801E-07   6.8712512E-06  -5.5016578E-07   1.5592137E-05   2.3180222E-05   4.2412777E-04   1.9980663E-05   3.2547365E-05  -6.0568410E-06  -1.6343506E-01  -1.5366322E-02  -3.1774619E-02   1.0595171E-02  -4.8662041E-03  -2.0569527E-04   9.3410462E-04   7.1523052E-04   9.6208404E-04   3.8576609E-02   2.8027357E-03   6.0193040E-05   4.6130310E-04   3.5172589E-05  -1.6578744E-06  -1.7227164E-05  -2.3201444E-05
  3.2035348E-07   2.2264891E-05  -1.3078206E-06   2.1649210E-05   3.9599534E-05   1.0974047E-03   6.3496439E-06   6.2723870E-06  -1.8879297E-06   2.9243224E-01  -2.1595182E-01  -2.3796982E-01   1.4423155E-01  -9.0790747E-03  -1.0305369E-03   6.5336756E-03   6.7400942E-04   2.3220483E-04   2.8027357E-03   3.1163415E-02  -5.8590665E-04   5.5699215E-03  -8.1569742E-05  -4.3931338E-05  -7.4322249E-05  -6.8671611E-05
  2.1556687E-07  -1.3654438E-05   1.0127855E-06   1.0669758E-05  -1.5063362E-05  -7.5353143E-04   1.0744159E-05   4.6026284E-06   7.3914268E-06  -2.4332394E-01   3.5570178E-02   5.4099938E-01  -4.4478487E-01   8.4076762E-03  -2.7499858E-03  -2.1881903E-04   1.0779966E-03  -3.1608179E-03   6.0193040E-05  -5.8590665E-04   1.0551926E-02   8.2741135E-03   3.9937634E-06   6.1754314E-05  -1.3437126E-06  -1.3101292E-05
  1.0730533E-07   9.5848534E-06  -1.1228770E-06   2.2661126E-06  -1.5675805E-06   5.5923317E-04   1.5270629E-05   1.2246085E-05   7.9187626E-08  -1.6880943E-01   8.3875861E-02  -4.1701619E-02  -8.7481094E-02   5.0337113E-02   5.3724092E-03  -1.7953841E-02   1.2789291E-03  -5.2335971E-02   4.6130310E-04   5.5699215E-03   8.2741135E-03   2.6459969E-02  -4.2327275E-06   6.0770150E-05  -1.0262418E-05  -7.5115767E-06
  1.8230511E-09  -6.4010245E-08   2.3063425E-10  -1.3266365E-07   4.1660270E-07  -4.8135778E-07   2.5321587E-07  -2.3379964E-07   2.0994727E-08   6.4782596E-03   8.9647578E-04   1.6270455E-03  -5.1854745E-04   4.5781871E-04   1.7466404E-05  -5.9918566E-06   1.7034307E-05  -3.5257560E-04   3.5172589E-05  -8.1569742E-05   3.9937634E-06  -4.2327275E-06   1.1020563E-06   6.0763169E-08   3.9937076E-07   6.5640081E-07
  5.9934536E-09   2.4982901E-07  -2.9886364E-08  -2.2599753E-08   7.8427551E-07   1.6382504E-05   7.7252501E-07   2.8668417E-07   6.0940397E-08   3.2219423E-03   8.4589341E-04  -7.7422634E-03   3.1891471E-03  -2.4018215E-04  -3.4978468E-05   9.1596665E-05  -7.6195790E-06   6.8019598E-05  -1.6578744E-06  -4.3931338E-05   6.1754314E-05   6.0770150E-05   6.0763169E-08   2.4597763E-06   3.9469751E-07   3.4477667E-07
  1.4601330E-08   2.6153830E-06  -3.8124574E-07  -2.8604567E-06   1.1697060E-05   1.7971704E-04   1.4330792E-06   5.6947988E-06  -2.3203374E-07   6.6839926E-03   5.3705500E-03   2.1391624E-03   6.5980444E-04  -3.0591538E-04   1.3042069E-05  -1.1921544E-05   5.7988177E-06  -1.7395868E-04  -1.7227164E-05  -7.4322249E-05  -1.3437126E-06  -1.0262418E-05   3.9937076E-07   3.9469751E-07   2.5398696E-05   1.0382229E-05
 -7.0700863E-08   4.7204187E-06  -6.1061958E-07  -1.6977316E-06   1.8637725E-05   3.3425422E-04   1.1657697E-05   8.3208782E-06  -4.1831106E-08   1.4263318E-02   1.0442694E-02   1.5144296E-03   2.7972549E-03  -3.0596066E-04  -6.9430347E-06   5.0410478E-05  -7.8509271E-06   1.4891761E-04  -2.3201444E-05  -6.8671611E-05  -1.3101292E-05  -7.5115767E-06   6.5640081E-07   3.4477667E-07   1.0382229E-05   2.7871716E-05
