# omegabh2 omegach2 theta tau meffsterile nnu logA ns calPlanck aps100 aps143 aps217 acib217 asz143 psr cibr xi aksz dust100 dust143 dust217 dust143x217 cal0 cal2 calTE calEE
  2.4739284E-08   9.0136753E-08  -2.1412237E-10   1.9157305E-07  -2.2650636E-06   7.0696109E-06   6.1619304E-07   4.3167635E-07   2.5836580E-08  -1.4766874E-04  -1.5550444E-04   5.9590538E-08  -5.7727920E-05   6.2703478E-06  -1.5099398E-08  -4.6719055E-07   1.7078411E-07  -3.6751510E-06   4.7859556E-07  -1.6740859E-08   9.4882607E-07   4.6316974E-07   3.3605492E-09   6.0492651E-09  -5.8769253E-08  -1.6997490E-07
  9.0136753E-08   1.4117213E-05  -6.1843027E-07  -1.6894055E-07  -7.4362060E-04   3.0744691E-04   1.4628535E-05   1.0910442E-05  -2.8676736E-07   9.2430587E-03   4.4281045E-03  -4.9493360E-03   3.8144362E-03  -3.8487711E-04  -3.2655674E-05   6.1161854E-05  -4.2034511E-05   7.0882987E-04   1.7103306E-05   8.9771221E-06  -1.9915676E-05  -3.1723808E-06  -1.9480761E-08   3.8981611E-07   2.0577539E-06   4.2599660E-06
 -2.1412237E-10  -6.1843027E-07   1.2575098E-07   2.4442175E-08   1.8448448E-05  -2.2171619E-05  -8.4783567E-07  -5.6251277E-07   2.2799238E-08  -4.7255832E-04  -3.0877075E-04   2.5213285E-04  -2.3762368E-04   1.9136682E-05   1.7622990E-06  -5.3358177E-06   2.2213086E-06  -4.6005753E-05  -6.4336511E-07  -1.4041050E-06   1.2467302E-06   8.8190565E-07   7.4446543E-09  -2.3536392E-08  -2.0436690E-07  -2.9326965E-07
  1.9157305E-07  -1.6894055E-07   2.4442175E-08   6.0873214E-05  -1.0930484E-05   5.1827879E-05   1.1942846E-04   7.2853665E-06  -3.6035803E-07  -1.0406609E-02  -4.3365288E-03   4.0557613E-03  -3.2389979E-03   4.3500953E-04   4.2039446E-05  -7.6450493E-05   2.8444870E-05  -4.6201948E-04   1.1553904E-05  -7.0301916E-07   1.6954133E-05   2.0800574E-05   3.1394399E-09  -2.7371079E-07  -4.6112059E-06  -1.8621621E-06
 -2.2650636E-06  -7.4362060E-04   1.8448448E-05  -1.0930484E-05   5.6730332E-02  -8.1974446E-03  -4.5967183E-04  -4.8702677E-04   1.6858372E-05  -3.0440337E-01  -1.2007108E-01   2.3242753E-01  -1.4136388E-01   1.2119896E-02   1.2960382E-03  -1.6324892E-03   1.2980309E-03  -1.5175514E-02  -9.0673712E-04   1.9979473E-04   1.0469733E-03   2.6158067E-04  -2.6427131E-06  -9.0312910E-06  -6.6679451E-05  -1.7266604E-04
  7.0696109E-06   3.0744691E-04  -2.2171619E-05   5.1827879E-05  -8.1974446E-03   1.3148180E-02   6.0522924E-04   4.6993372E-04   1.1345832E-06   3.3745182E-01   1.5691166E-01  -1.4246552E-01   1.2307041E-01  -1.3832099E-02  -1.1009479E-03   2.3779739E-03  -1.4447541E-03   3.2666140E-02   2.4746808E-04   5.2607773E-04  -3.7068461E-04   1.0261122E-04  -9.3193237E-07   1.6064629E-05   9.1255402E-05   1.7052992E-04
  6.1619304E-07   1.4628535E-05  -8.4783567E-07   1.1942846E-04  -4.5967183E-04   6.0522924E-04   2.8791743E-04   2.7197298E-05   1.1605290E-05  -2.8321981E-03  -6.7959436E-04   1.1777979E-02  -3.5139953E-03   4.6303984E-04   7.1333364E-05  -1.1354635E-04   1.7822177E-05  -6.1003227E-04   2.5637199E-05  -7.6073790E-05   4.2668310E-05   3.0517090E-05   7.1112200E-07  -9.6338251E-08  -6.8047828E-06   3.3666720E-06
  4.3167635E-07   1.0910442E-05  -5.6251277E-07   7.2853665E-06  -4.8702677E-04   4.6993372E-04   2.7197298E-05   3.2762659E-05   4.4396034E-07  -1.0900070E-02  -1.5202016E-03   3.4376187E-03  -1.7253326E-03   5.3867659E-05   1.2823368E-05  -1.5178994E-05   6.7953193E-06  -6.7055448E-04   1.7507202E-05  -3.4470953E-06   1.9604506E-05  -1.8753393E-07  -2.7856380E-07   1.2297476E-07   2.8892057E-06   3.3559298E-06
  2.5836580E-08  -2.8676736E-07   2.2799238E-08  -3.6035803E-07   1.6858372E-05   1.1345832E-06   1.1605290E-05   4.4396034E-07   6.2498506E-06   2.4055319E-03   1.2150058E-04   1.9331103E-03   8.4336654E-05   5.5317449E-05   2.4985847E-06  -1.8009465E-06   3.6771204E-06   5.0837101E-05  -1.8245185E-06   2.5068510E-06   7.8740395E-06   1.9418551E-06   5.3887285E-08  -1.0932104E-07  -5.2949180E-07  -4.8159358E-07
 -1.4766874E-04   9.2430587E-03  -4.7255832E-04  -1.0406609E-02  -3.0440337E-01   3.3745182E-01  -2.8321981E-03  -1.0900070E-02   2.4055319E-03   6.2770363E+02   6.5220242E+01  -6.2676010E+01   3.3164638E+01  -2.5664017E+01  -8.4829688E-01  -5.0179557E-02  -1.2596203E-01   1.2414689E+01  -2.2083142E-01   2.1392909E-01  -2.2877498E-01  -1.9656637E-01   6.7853627E-03   3.8770642E-03   5.8316540E-03   1.2762741E-02
 -1.5550444E-04   4.4281045E-03  -3.0877075E-04  -4.3365288E-03  -1.2007108E-01   1.5691166E-01  -6.7959436E-04  -1.5202016E-03   1.2150058E-04   6.5220242E+01   6.8279521E+01   6.2273549E+00   8.0640999E+00  -6.9991385E-01  -1.3814401E-02   4.5986388E-01   8.9443891E-01  -7.8442623E+00  -1.9668533E-02  -2.3259703E-01   4.4979338E-02   6.2098475E-02   9.9099701E-04   1.1026654E-03   4.5186502E-03   7.6685285E-03
  5.9590538E-08  -4.9493360E-03   2.5213285E-04   4.0557613E-03   2.3242753E-01  -1.4246552E-01   1.1777979E-02   3.4376187E-03   1.9331103E-03  -6.2676010E+01   6.2273549E+00   1.7752056E+02  -8.5110978E+01   2.8638962E+00   3.3901308E-01  -1.0300187E+00   3.0402306E-01  -7.6624656E+00  -2.5274929E-02  -2.9476086E-01   5.7836774E-01   1.0039323E-02   1.8866136E-03  -7.9185374E-03   1.4738375E-03   1.2715252E-04
 -5.7727920E-05   3.8144362E-03  -2.3762368E-04  -3.2389979E-03  -1.4136388E-01   1.2307041E-01  -3.5139953E-03  -1.7253326E-03   8.4336654E-05   3.3164638E+01   8.0640999E+00  -8.5110978E+01   5.3655897E+01   1.6628917E+00  -4.1221020E-02   7.2528942E-01  -2.3700387E-01  -2.4169400E+00   6.7807869E-03   1.7437646E-01  -4.7144025E-01  -1.3010023E-01  -6.2560275E-04   3.2549008E-03   2.4520292E-04   2.7113836E-03
  6.2703478E-06  -3.8487711E-04   1.9136682E-05   4.3500953E-04   1.2119896E-02  -1.3832099E-02   4.6303984E-04   5.3867659E-05   5.5317449E-05  -2.5664017E+01  -6.9991385E-01   2.8638962E+00   1.6628917E+00   4.3779933E+00   1.0493102E-01   1.4538042E-01  -4.2032580E-02  -3.6258269E+00   6.3666937E-04  -3.0590328E-03   6.6263913E-03   5.1906074E-02   4.5935753E-04  -2.5165943E-04  -4.1960873E-04  -4.1683444E-04
 -1.5099398E-08  -3.2655674E-05   1.7622990E-06   4.2039446E-05   1.2960382E-03  -1.1009479E-03   7.1333364E-05   1.2823368E-05   2.4985847E-06  -8.4829688E-01  -1.3814401E-02   3.3901308E-01  -4.1221020E-02   1.0493102E-01   1.5836570E-02  -1.6143954E-02   1.1376726E-02  -1.0681396E-01  -1.4533274E-04  -1.2405634E-03  -2.6404880E-03   5.2065092E-03   1.8799560E-05  -3.6461278E-05   1.9733551E-06  -5.9316832E-06
 -4.6719055E-07   6.1161854E-05  -5.3358177E-06  -7.6450493E-05  -1.6324892E-03   2.3779739E-03  -1.1354635E-04  -1.5178994E-05  -1.8009465E-06  -5.0179557E-02   4.5986388E-01  -1.0300187E+00   7.2528942E-01   1.4538042E-01  -1.6143954E-02   6.6508528E-02   4.9556500E-03  -1.5005616E-01   6.0068937E-04   7.0769698E-03  -5.2115635E-04  -1.8107996E-02  -1.0098241E-05   9.2546343E-05  -2.3791559E-06   2.7951347E-05
  1.7078411E-07  -4.2034511E-05   2.2213086E-06   2.8444870E-05   1.2980309E-03  -1.4447541E-03   1.7822177E-05   6.7953193E-06   3.6771204E-06  -1.2596203E-01   8.9443891E-01   3.0402306E-01  -2.3700387E-01  -4.2032580E-02   1.1376726E-02   4.9556500E-03   8.2504726E-02   3.9596340E-02  -3.5725287E-05   6.4321697E-04   1.2407691E-03   1.1929638E-03   1.5557648E-05  -9.3612681E-07   2.7132882E-05  -4.3250619E-06
 -3.6751510E-06   7.0882987E-04  -4.6005753E-05  -4.6201948E-04  -1.5175514E-02   3.2666140E-02  -6.1003227E-04  -6.7055448E-04   5.0837101E-05   1.2414689E+01  -7.8442623E+00  -7.6624656E+00  -2.4169400E+00  -3.6258269E+00  -1.0681396E-01  -1.5005616E-01   3.9596340E-02   7.4439444E+00   1.1024898E-03   5.1674560E-03  -4.1264727E-03  -4.4385092E-02  -4.1765865E-04   9.2390969E-05  -5.2534979E-05   5.3912815E-05
  4.7859556E-07   1.7103306E-05  -6.4336511E-07   1.1553904E-05  -9.0673712E-04   2.4746808E-04   2.5637199E-05   1.7507202E-05  -1.8245185E-06  -2.2083142E-01  -1.9668533E-02  -2.5274929E-02   6.7807869E-03   6.3666937E-04  -1.4533274E-04   6.0068937E-04  -3.5725287E-05   1.1024898E-03   3.8353258E-02   2.4474761E-03   2.6035364E-04   6.8695403E-04   3.6272861E-05   2.7363860E-06  -2.4953846E-05  -1.9930385E-05
 -1.6740859E-08   8.9771221E-06  -1.4041050E-06  -7.0301916E-07   1.9979473E-04   5.2607773E-04  -7.6073790E-05  -3.4470953E-06   2.5068510E-06   2.1392909E-01  -2.3259703E-01  -2.9476086E-01   1.7437646E-01  -3.0590328E-03  -1.2405634E-03   7.0769698E-03   6.4321697E-04   5.1674560E-03   2.4474761E-03   3.0428036E-02  -7.1425331E-04   5.1497484E-03  -8.4448637E-05  -3.6608583E-05  -8.4185608E-05  -8.8517298E-05
  9.4882607E-07  -1.9915676E-05   1.2467302E-06   1.6954133E-05   1.0469733E-03  -3.7068461E-04   4.2668310E-05   1.9604506E-05   7.8740395E-06  -2.2877498E-01   4.4979338E-02   5.7836774E-01  -4.7144025E-01   6.6263913E-03  -2.6404880E-03  -5.2115635E-04   1.2407691E-03  -4.1264727E-03   2.6035364E-04  -7.1425331E-04   1.0970163E-02   8.8027305E-03   4.6299133E-06   6.2357835E-05  -2.3811110E-07  -2.5428373E-05
  4.6316974E-07  -3.1723808E-06   8.8190565E-07   2.0800574E-05   2.6158067E-04   1.0261122E-04   3.0517090E-05  -1.8753393E-07   1.9418551E-06  -1.9656637E-01   6.2098475E-02   1.0039323E-02  -1.3010023E-01   5.1906074E-02   5.2065092E-03  -1.8107996E-02   1.1929638E-03  -4.4385092E-02   6.8695403E-04   5.1497484E-03   8.8027305E-03   2.6615589E-02  -2.4577034E-06   6.2612868E-05  -2.1913160E-05  -2.7848074E-05
  3.3605492E-09  -1.9480761E-08   7.4446543E-09   3.1394399E-09  -2.6427131E-06  -9.3193237E-07   7.1112200E-07  -2.7856380E-07   5.3887285E-08   6.7853627E-03   9.9099701E-04   1.8866136E-03  -6.2560275E-04   4.5935753E-04   1.8799560E-05  -1.0098241E-05   1.5557648E-05  -4.1765865E-04   3.6272861E-05  -8.4448637E-05   4.6299133E-06  -2.4577034E-06   1.1309510E-06   4.3198571E-08   3.4598576E-07   6.5134843E-07
  6.0492651E-09   3.8981611E-07  -2.3536392E-08  -2.7371079E-07  -9.0312910E-06   1.6064629E-05  -9.6338251E-08   1.2297476E-07  -1.0932104E-07   3.8770642E-03   1.1026654E-03  -7.9185374E-03   3.2549008E-03  -2.5165943E-04  -3.6461278E-05   9.2546343E-05  -9.3612681E-07   9.2390969E-05   2.7363860E-06  -3.6608583E-05   6.2357835E-05   6.2612868E-05   4.3198571E-08   2.4591899E-06   3.5155343E-07   3.5858555E-07
 -5.8769253E-08   2.0577539E-06  -2.0436690E-07  -4.6112059E-06  -6.6679451E-05   9.1255402E-05  -6.8047828E-06   2.8892057E-06  -5.2949180E-07   5.8316540E-03   4.5186502E-03   1.4738375E-03   2.4520292E-04  -4.1960873E-04   1.9733551E-06  -2.3791559E-06   2.7132882E-05  -5.2534979E-05  -2.4953846E-05  -8.4185608E-05  -2.3811110E-07  -2.1913160E-05   3.4598576E-07   3.5155343E-07   2.5282485E-05   9.9180615E-06
 -1.6997490E-07   4.2599660E-06  -2.9326965E-07  -1.8621621E-06  -1.7266604E-04   1.7052992E-04   3.3666720E-06   3.3559298E-06  -4.8159358E-07   1.2762741E-02   7.6685285E-03   1.2715252E-04   2.7113836E-03  -4.1683444E-04  -5.9316832E-06   2.7951347E-05  -4.3250619E-06   5.3912815E-05  -1.9930385E-05  -8.8517298E-05  -2.5428373E-05  -2.7848074E-05   6.5134843E-07   3.5858555E-07   9.9180615E-06   2.6518332E-05
