# omegabh2 omegach2 theta tau logA ns r calPlanck acib217 xi asz143 aps100 aps143 aps143217 aps217 aksz kgal100 kgal143 kgal143217 kgal217 galfEE100 galfEE100143 galfEE100217 galfEE143 galfEE143217 galfEE217 galfTE100 galfTE100143 galfTE100217 galfTE143 galfTE143217 galfTE217 cal0 cal2
    0.2378712E-07   -0.1230897E-06    0.1927276E-07    0.8751108E-06    0.1559506E-05    0.3459635E-06    0.4410722E-07    0.1355738E-07   -0.1247356E-03    0.2755445E-05    0.2901690E-04   -0.4695275E-03   -0.2378710E-03   -0.2839180E-04    0.6234419E-04   -0.4326922E-04   -0.6425566E-05   -0.1135279E-04   -0.2041077E-04   -0.2549504E-05    0.3579903E-07    0.4806245E-07    0.8212189E-07    0.5924420E-07    0.1475508E-06    0.3776737E-06   -0.1203965E-06   -0.9843135E-07    0.1014359E-06   -0.3795835E-06   -0.5179893E-06   -0.3061283E-05    0.4559363E-08   -0.1427565E-07
   -0.1230897E-06    0.1946130E-05   -0.1629484E-06   -0.9121104E-05   -0.1368829E-04   -0.4865781E-05   -0.2746380E-05   -0.1107075E-06    0.3982847E-03   -0.8427164E-05   -0.1325954E-03    0.2319324E-02    0.1361235E-02    0.5008565E-03    0.2175052E-03    0.1114947E-03   -0.1768165E-04    0.4078433E-04    0.9757713E-04    0.9467257E-04   -0.6351422E-06   -0.7154928E-06   -0.5248663E-06   -0.7692005E-06   -0.5398153E-06   -0.1913913E-05    0.9699669E-06    0.4365278E-06   -0.1448342E-05    0.1939687E-05    0.2926605E-05    0.1747421E-04   -0.3815774E-09    0.7096860E-07
    0.1927276E-07   -0.1629484E-06    0.9993523E-07    0.9675703E-06    0.1653264E-05    0.5380773E-06   -0.5782507E-07    0.1150147E-07   -0.4148714E-04    0.9317637E-06    0.1794797E-04   -0.2127694E-03   -0.1171516E-03   -0.2449521E-04    0.4966436E-05   -0.1711495E-04   -0.3189558E-05   -0.5328006E-05   -0.2528946E-04   -0.4512192E-04    0.7364493E-07    0.6424456E-07   -0.7344007E-07    0.3674281E-07    0.1199117E-06   -0.6304232E-06   -0.4442026E-07   -0.1463393E-06   -0.4084973E-07   -0.3653667E-06   -0.2320931E-06   -0.2675915E-05    0.1326811E-08   -0.1201403E-07
    0.8751108E-06   -0.9121104E-05    0.9675703E-06    0.2822663E-03    0.5400167E-03    0.3234815E-04   -0.3703069E-04   -0.1253934E-05   -0.1164120E-01    0.3097982E-03    0.2181250E-02   -0.4843144E-01   -0.1483621E-01    0.3731832E-02    0.1014733E-01   -0.4381833E-02   -0.7754107E-03   -0.1392669E-02   -0.3188022E-02   -0.2523093E-02    0.1750883E-05    0.3014164E-05    0.8238423E-05    0.2916102E-05   -0.1205264E-04    0.1762087E-04    0.7462454E-06   -0.4722113E-05    0.3383796E-04   -0.1367508E-04   -0.1747346E-04   -0.1474275E-03    0.4964265E-07   -0.1789581E-05
    0.1559506E-05   -0.1368829E-04    0.1653264E-05    0.5400167E-03    0.1070146E-02    0.5202128E-04   -0.8541316E-04    0.9716039E-05   -0.2313702E-01    0.6436664E-03    0.4184531E-02   -0.8930920E-01   -0.2525463E-01    0.1156567E-01    0.2778930E-01   -0.9518956E-02   -0.1829336E-02   -0.3341710E-02   -0.6628151E-02   -0.3216540E-02    0.2670839E-05    0.4924927E-05    0.1557736E-04    0.5957895E-05   -0.2872346E-04    0.2815885E-04    0.5982444E-05   -0.8838871E-05    0.5747981E-04   -0.2566696E-04   -0.2866197E-04   -0.2342374E-03    0.3390880E-06   -0.3589132E-05
    0.3459635E-06   -0.4865781E-05    0.5380773E-06    0.3234815E-04    0.5202128E-04    0.2166514E-04    0.2084940E-04    0.3961612E-06   -0.5273999E-02    0.1382817E-03    0.1171049E-02   -0.2700904E-01   -0.7689191E-02    0.2309634E-02    0.5479333E-02   -0.2337355E-02    0.2843852E-03   -0.3134643E-03   -0.8462369E-03   -0.5146001E-04    0.2577496E-05    0.3062479E-05    0.1383001E-05    0.3257339E-05    0.1499413E-05    0.4094309E-05   -0.1606796E-05   -0.1768562E-05    0.6072058E-05   -0.8779876E-05   -0.6154264E-05   -0.4432162E-04   -0.1298343E-06   -0.5784016E-06
    0.4410722E-07   -0.2746380E-05   -0.5782507E-07   -0.3703069E-04   -0.8541316E-04    0.2084940E-04    0.1091076E-02    0.2698740E-06   -0.4079763E-02    0.4722534E-04    0.1316688E-02   -0.2337874E-01   -0.7414489E-02    0.1214555E-02    0.7026483E-02   -0.2445923E-02   -0.4520788E-03   -0.1312867E-04   -0.9671361E-03   -0.6173227E-03   -0.1324489E-04   -0.1465490E-04    0.3038249E-06   -0.1033424E-04    0.3106021E-04    0.5824347E-04    0.2483871E-04    0.1781615E-04    0.2242497E-04    0.4805714E-04    0.1144216E-04   -0.1477414E-06   -0.2973970E-06   -0.4248633E-06
    0.1355738E-07   -0.1107075E-06    0.1150147E-07   -0.1253934E-05    0.9716039E-05    0.3961612E-06    0.2698740E-06    0.6182828E-05    0.5814220E-03   -0.5732499E-05    0.4174143E-04    0.2384155E-02    0.2822977E-03    0.1802115E-03    0.1546397E-02   -0.9051734E-04    0.4153425E-05   -0.5893279E-04   -0.7994253E-05    0.7486173E-03    0.5673225E-06    0.5061513E-06    0.2856133E-06    0.1235479E-05   -0.1315618E-05    0.7154035E-08    0.1099510E-05   -0.2349027E-06   -0.3167762E-05   -0.1090322E-05    0.2757270E-06    0.1365343E-04   -0.2382095E-08   -0.3625889E-07
   -0.1247356E-03    0.3982847E-03   -0.4148714E-04   -0.1164120E-01   -0.2313702E-01   -0.5273999E-02   -0.4079763E-02    0.5814220E-03    0.4357268E+02   -0.5133698E+00   -0.1609746E+01    0.3967560E+02   -0.3387939E+00   -0.2181966E+02   -0.6146957E+02    0.3572037E+00   -0.2520344E+00   -0.4009156E-01   -0.2291522E+01   -0.1886196E+02   -0.3657984E-03   -0.2685610E-03    0.1709059E-02   -0.1738953E-03    0.1188984E-02    0.2800299E-02    0.1047472E-03   -0.6663250E-04    0.2785881E-02    0.4686609E-02    0.4035700E-02    0.1893464E-01   -0.4148238E-03    0.4361226E-02
    0.2755445E-05   -0.8427164E-05    0.9317637E-06    0.3097982E-03    0.6436664E-03    0.1382817E-03    0.4722534E-04   -0.5732499E-05   -0.5133698E+00    0.8127308E-01   -0.6298643E-01   -0.5367497E+00    0.1058109E+01    0.1970174E+01    0.8319634E+00    0.5516609E-01   -0.1751159E-02    0.4278644E-02    0.1146809E+00    0.1257714E+00    0.2205270E-05    0.9700065E-05   -0.4204632E-04   -0.4973723E-05   -0.2761996E-03   -0.3081508E-03    0.9101544E-04   -0.6964068E-04    0.2322981E-03   -0.2485853E-03   -0.9649307E-04    0.5929394E-03    0.1034382E-04   -0.1892476E-04
    0.2901690E-04   -0.1325954E-03    0.1794797E-04    0.2181250E-02    0.4184531E-02    0.1171049E-02    0.1316688E-02    0.4174143E-04   -0.1609746E+01   -0.6298643E-01    0.3596004E+01   -0.2795053E+02   -0.3877345E+01    0.7411821E+01    0.6272185E+01   -0.2369806E+01   -0.2007253E+00    0.3345404E-01    0.2276477E+01    0.2074394E+01    0.1580837E-03    0.1220870E-03   -0.1840801E-03    0.1792982E-03    0.6166737E-03    0.4911420E-03    0.5958695E-03    0.2905897E-03    0.2450761E-02   -0.1488147E-02    0.2278258E-02    0.7397021E-02    0.1914909E-03   -0.3406143E-03
   -0.4695275E-03    0.2319324E-02   -0.2127694E-03   -0.4843144E-01   -0.8930920E-01   -0.2700904E-01   -0.2337874E-01    0.2384155E-02    0.3967560E+02   -0.5367497E+00   -0.2795053E+02    0.7548131E+03    0.6562800E+02   -0.5867003E+02   -0.6632131E+02    0.1128968E+02   -0.2977340E+01    0.3936572E+01   -0.1064220E+02   -0.1446789E+02   -0.2314132E-02   -0.3284285E-02    0.5135974E-02   -0.2756306E-02    0.6495659E-02   -0.2566404E-01   -0.1001335E-01    0.4069318E-03   -0.2029023E-01    0.3688651E-01   -0.2144805E-01   -0.4851708E-01    0.5729765E-02    0.4017200E-02
   -0.2378710E-03    0.1361235E-02   -0.1171516E-03   -0.1483621E-01   -0.2525463E-01   -0.7689191E-02   -0.7414489E-02    0.2822977E-03   -0.3387939E+00    0.1058109E+01   -0.3877345E+01    0.6562800E+02    0.6006515E+02    0.4495954E+02    0.1824070E+02   -0.4295281E+01   -0.1726868E+00   -0.1065075E+01    0.3793336E+01    0.3956763E+01   -0.5277902E-03   -0.9802452E-03    0.4202834E-03   -0.1502215E-02   -0.2847021E-03   -0.3266512E-02    0.4276074E-02    0.5856243E-03   -0.6603771E-02    0.7045762E-02    0.1996229E-02    0.4669109E-01    0.9038627E-04    0.2655245E-03
   -0.2839180E-04    0.5008565E-03   -0.2449521E-04    0.3731832E-02    0.1156567E-01    0.2309634E-02    0.1214555E-02    0.1802115E-03   -0.2181966E+02    0.1970174E+01    0.7411821E+01   -0.5867003E+02    0.4495954E+02    0.1007059E+03    0.6708708E+02   -0.1122257E+02   -0.5627224E+00   -0.3987705E+00    0.4754729E+01    0.5537249E+01    0.5438537E-03   -0.1489640E-03   -0.7391239E-03   -0.5305350E-03   -0.4173037E-02   -0.1201112E-01    0.6073662E-02   -0.5419547E-03    0.5785822E-02   -0.4131772E-02    0.7706109E-02    0.5993927E-01    0.8505129E-03   -0.2458498E-02
    0.6234419E-04    0.2175052E-03    0.4966436E-05    0.1014733E-01    0.2778930E-01    0.5479333E-02    0.7026483E-02    0.1546397E-02   -0.6146957E+02    0.8319634E+00    0.6272185E+01   -0.6632131E+02    0.1824070E+02    0.6708708E+02    0.1213403E+03   -0.9584653E+01   -0.6980696E-01   -0.3036204E+00   -0.4520838E+00    0.1536719E+02    0.5951023E-03    0.9496641E-04   -0.2098309E-02   -0.7864778E-04   -0.1974320E-02   -0.1254248E-01    0.2262385E-02    0.3337649E-03   -0.4921032E-02   -0.2473807E-02    0.3143336E-02    0.1603722E-01    0.9053458E-03   -0.7644604E-02
   -0.4326922E-04    0.1114947E-03   -0.1711495E-04   -0.4381833E-02   -0.9518956E-02   -0.2337355E-02   -0.2445923E-02   -0.9051734E-04    0.3572037E+00    0.5516609E-01   -0.2369806E+01    0.1128968E+02   -0.4295281E+01   -0.1122257E+02   -0.9584653E+01    0.5470000E+01    0.1253470E+00   -0.4125534E-01   -0.1632540E+01   -0.1322866E+01   -0.1416151E-03   -0.2861376E-03   -0.7287900E-03   -0.3594453E-03   -0.1507103E-02   -0.2808869E-02   -0.4019078E-03   -0.1226075E-03   -0.1409090E-02   -0.1315653E-03   -0.1805645E-02   -0.5754890E-02   -0.1218622E-03    0.1523724E-03
   -0.6425566E-05   -0.1768165E-04   -0.3189558E-05   -0.7754107E-03   -0.1829336E-02    0.2843852E-03   -0.4520788E-03    0.4153425E-05   -0.2520344E+00   -0.1751159E-02   -0.2007253E+00   -0.2977340E+01   -0.1726868E+00   -0.5627224E+00   -0.6980696E-01    0.1253470E+00    0.3581983E+01    0.5127894E+00    0.2615584E+00    0.5403069E+00    0.8034701E-04   -0.9036886E-05    0.2133488E-03   -0.1349799E-03   -0.6441721E-03   -0.2025022E-03   -0.7523766E-03   -0.1019727E-03   -0.2242349E-02    0.2544669E-03    0.2136762E-02   -0.3534273E-02    0.2987409E-03    0.3804417E-05
   -0.1135279E-04    0.4078433E-04   -0.5328006E-05   -0.1392669E-02   -0.3341710E-02   -0.3134643E-03   -0.1312867E-04   -0.5893279E-04   -0.4009156E-01    0.4278644E-02    0.3345404E-01    0.3936572E+01   -0.1065075E+01   -0.3987705E+00   -0.3036204E+00   -0.4125534E-01    0.5127894E+00    0.3337768E+01    0.2559140E+01    0.1901235E+01   -0.7845821E-04    0.4433341E-04   -0.4241050E-03    0.8909220E-04    0.4751742E-03    0.1748415E-02   -0.5596703E-03   -0.7461028E-03   -0.4667366E-03    0.6155170E-04    0.2112202E-02    0.2343433E-02   -0.2635731E-03   -0.2011581E-03
   -0.2041077E-04    0.9757713E-04   -0.2528946E-04   -0.3188022E-02   -0.6628151E-02   -0.8462369E-03   -0.9671361E-03   -0.7994253E-05   -0.2291522E+01    0.1146809E+00    0.2276477E+01   -0.1064220E+02    0.3793336E+01    0.4754729E+01   -0.4520838E+00   -0.1632540E+01    0.2615584E+00    0.2559140E+01    0.1738058E+02    0.2616939E+02   -0.5361026E-04   -0.6362089E-04    0.5815421E-03    0.1257403E-03    0.8150214E-03    0.6983925E-02    0.8183178E-03    0.1013940E-02   -0.2018459E-02    0.3697390E-02    0.2510399E-02    0.1968797E-01    0.2430445E-04    0.2565584E-02
   -0.2549504E-05    0.9467257E-04   -0.4512192E-04   -0.2523093E-02   -0.3216540E-02   -0.5146001E-04   -0.6173227E-03    0.7486173E-03   -0.1886196E+02    0.1257714E+00    0.2074394E+01   -0.1446789E+02    0.3956763E+01    0.5537249E+01    0.1536719E+02   -0.1322866E+01    0.5403069E+00    0.1901235E+01    0.2616939E+02    0.5527667E+02    0.2597168E-03   -0.1881572E-04    0.1572358E-02    0.5996954E-03    0.7128784E-03    0.1295983E-01    0.7033324E-03    0.1841002E-02   -0.8217830E-02    0.6223196E-02   -0.6225409E-03    0.1146452E-01    0.1420579E-03    0.4613815E-02
    0.3579903E-07   -0.6351422E-06    0.7364493E-07    0.1750883E-05    0.2670839E-05    0.2577496E-05   -0.1324489E-04    0.5673225E-06   -0.3657984E-03    0.2205270E-05    0.1580837E-03   -0.2314132E-02   -0.5277902E-03    0.5438537E-03    0.5951023E-03   -0.1416151E-03    0.8034701E-04   -0.7845821E-04   -0.5361026E-04    0.2597168E-03    0.3239884E-04    0.8571645E-05   -0.9980604E-06    0.3180311E-05   -0.8289005E-06   -0.5516740E-05   -0.9726775E-06   -0.1902741E-05    0.1115326E-04    0.1001289E-05    0.7849708E-05    0.2019294E-04   -0.4729911E-07   -0.6433213E-07
    0.4806245E-07   -0.7154928E-06    0.6424456E-07    0.3014164E-05    0.4924927E-05    0.3062479E-05   -0.1465490E-04    0.5061513E-06   -0.2685610E-03    0.9700065E-05    0.1220870E-03   -0.3284285E-02   -0.9802452E-03   -0.1489640E-03    0.9496641E-04   -0.2861376E-03   -0.9036886E-05    0.4433341E-04   -0.6362089E-04   -0.1881572E-04    0.8571645E-05    0.2449327E-04    0.2329253E-06    0.1194272E-04   -0.2361710E-05   -0.3202386E-06   -0.1991965E-05   -0.2803577E-05   -0.8118088E-06    0.7186011E-06    0.4534895E-05   -0.1506603E-05   -0.7844645E-07   -0.7885837E-07
    0.8212189E-07   -0.5248663E-06   -0.7344007E-07    0.8238423E-05    0.1557736E-04    0.1383001E-05    0.3038249E-06    0.2856133E-06    0.1709059E-02   -0.4204632E-04   -0.1840801E-03    0.5135974E-02    0.4202834E-03   -0.7391239E-03   -0.2098309E-02   -0.7287900E-03    0.2133488E-03   -0.4241050E-03    0.5815421E-03    0.1572358E-02   -0.9980604E-06    0.2329253E-06    0.1051855E-02    0.2098927E-05    0.1939634E-04    0.2608736E-04    0.5327523E-05    0.1412698E-04   -0.4300733E-04   -0.4229156E-05   -0.1915223E-04    0.6080838E-04    0.1857448E-06    0.7520881E-06
    0.5924420E-07   -0.7692005E-06    0.3674281E-07    0.2916102E-05    0.5957895E-05    0.3257339E-05   -0.1033424E-04    0.1235479E-05   -0.1738953E-03   -0.4973723E-05    0.1792982E-03   -0.2756306E-02   -0.1502215E-02   -0.5305350E-03   -0.7864778E-04   -0.3594453E-03   -0.1349799E-03    0.8909220E-04    0.1257403E-03    0.5996954E-03    0.3180311E-05    0.1194272E-04    0.2098927E-05    0.4674971E-04    0.1028110E-05   -0.8781984E-05    0.2387530E-08   -0.1462885E-05   -0.4038337E-05   -0.4222625E-05   -0.4664398E-05   -0.1966962E-05   -0.1238239E-06    0.2261452E-07
    0.1475508E-06   -0.5398153E-06    0.1199117E-06   -0.1205264E-04   -0.2872346E-04    0.1499413E-05    0.3106021E-04   -0.1315618E-05    0.1188984E-02   -0.2761996E-03    0.6166737E-03    0.6495659E-02   -0.2847021E-03   -0.4173037E-02   -0.1974320E-02   -0.1507103E-02   -0.6441721E-03    0.4751742E-03    0.8150214E-03    0.7128784E-03   -0.8289005E-06   -0.2361710E-05    0.1939634E-04    0.1028110E-05    0.2183264E-02    0.1299999E-03   -0.6500878E-05   -0.1125520E-04   -0.7621885E-04   -0.1065827E-05   -0.8741563E-06   -0.4550333E-04   -0.9177658E-07   -0.7020207E-07
    0.3776737E-06   -0.1913913E-05   -0.6304232E-06    0.1762087E-04    0.2815885E-04    0.4094309E-05    0.5824347E-04    0.7154035E-08    0.2800299E-02   -0.3081508E-03    0.4911420E-03   -0.2566404E-01   -0.3266512E-02   -0.1201112E-01   -0.1254248E-01   -0.2808869E-02   -0.2025022E-03    0.1748415E-02    0.6983925E-02    0.1295983E-01   -0.5516740E-05   -0.3202386E-06    0.2608736E-04   -0.8781984E-05    0.1299999E-03    0.1703074E-01   -0.3892736E-04    0.9893511E-05    0.2187621E-03   -0.9990887E-05    0.4421364E-04   -0.3992013E-04   -0.9808186E-06    0.1710067E-06
   -0.1203965E-06    0.9699669E-06   -0.4442026E-07    0.7462454E-06    0.5982444E-05   -0.1606796E-05    0.2483871E-04    0.1099510E-05    0.1047472E-03    0.9101544E-04    0.5958695E-03   -0.1001335E-01    0.4276074E-02    0.6073662E-02    0.2262385E-02   -0.4019078E-03   -0.7523766E-03   -0.5596703E-03    0.8183178E-03    0.7033324E-03   -0.9726775E-06   -0.1991965E-05    0.5327523E-05    0.2387530E-08   -0.6500878E-05   -0.3892736E-04    0.1412616E-02    0.3007115E-03    0.4473056E-04   -0.3231130E-03   -0.6396583E-04   -0.5486296E-04   -0.4123621E-07   -0.2406443E-07
   -0.9843135E-07    0.4365278E-06   -0.1463393E-06   -0.4722113E-05   -0.8838871E-05   -0.1768562E-05    0.1781615E-04   -0.2349027E-06   -0.6663250E-04   -0.6964068E-04    0.2905897E-03    0.4069318E-03    0.5856243E-03   -0.5419547E-03    0.3337649E-03   -0.1226075E-03   -0.1019727E-03   -0.7461028E-03    0.1013940E-02    0.1841002E-02   -0.1902741E-05   -0.2803577E-05    0.1412698E-04   -0.1462885E-05   -0.1125520E-04    0.9893511E-05    0.3007115E-03    0.8608696E-03    0.7308799E-05    0.7442768E-03    0.7957871E-05   -0.6681767E-03   -0.6580869E-07   -0.8089224E-07
    0.1014359E-06   -0.1448342E-05   -0.4084973E-07    0.3383796E-04    0.5747981E-04    0.6072058E-05    0.2242497E-04   -0.3167762E-05    0.2785881E-02    0.2322981E-03    0.2450761E-02   -0.2029023E-01   -0.6603771E-02    0.5785822E-02   -0.4921032E-02   -0.1409090E-02   -0.2242349E-02   -0.4667366E-03   -0.2018459E-02   -0.8217830E-02    0.1115326E-04   -0.8118088E-06   -0.4300733E-04   -0.4038337E-05   -0.7621885E-04    0.2187621E-03    0.4473056E-04    0.7308799E-05    0.7077032E-02   -0.2760755E-03    0.6640816E-03    0.4205255E-02    0.2082170E-06   -0.1779787E-05
   -0.3795835E-06    0.1939687E-05   -0.3653667E-06   -0.1367508E-04   -0.2566696E-04   -0.8779876E-05    0.4805714E-04   -0.1090322E-05    0.4686609E-02   -0.2485853E-03   -0.1488147E-02    0.3688651E-01    0.7045762E-02   -0.4131772E-02   -0.2473807E-02   -0.1315653E-03    0.2544669E-03    0.6155170E-04    0.3697390E-02    0.6223196E-02    0.1001289E-05    0.7186011E-06   -0.4229156E-05   -0.4222625E-05   -0.1065827E-05   -0.9990887E-05   -0.3231130E-03    0.7442768E-03   -0.2760755E-03    0.2890966E-02    0.4509421E-03   -0.8478289E-03    0.3661337E-06    0.1781791E-05
   -0.5179893E-06    0.2926605E-05   -0.2320931E-06   -0.1747346E-04   -0.2866197E-04   -0.6154264E-05    0.1144216E-04    0.2757270E-06    0.4035700E-02   -0.9649307E-04    0.2278258E-02   -0.2144805E-01    0.1996229E-02    0.7706109E-02    0.3143336E-02   -0.1805645E-02    0.2136762E-02    0.2112202E-02    0.2510399E-02   -0.6225409E-03    0.7849708E-05    0.4534895E-05   -0.1915223E-04   -0.4664398E-05   -0.8741563E-06    0.4421364E-04   -0.6396583E-04    0.7957871E-05    0.6640816E-03    0.4509421E-03    0.6386718E-02    0.7391808E-02    0.7914965E-07    0.3570568E-06
   -0.3061283E-05    0.1747421E-04   -0.2675915E-05   -0.1474275E-03   -0.2342374E-03   -0.4432162E-04   -0.1477414E-06    0.1365343E-04    0.1893464E-01    0.5929394E-03    0.7397021E-02   -0.4851708E-01    0.4669109E-01    0.5993927E-01    0.1603722E-01   -0.5754890E-02   -0.3534273E-02    0.2343433E-02    0.1968797E-01    0.1146452E-01    0.2019294E-04   -0.1506603E-05    0.6080838E-04   -0.1966962E-05   -0.4550333E-04   -0.3992013E-04   -0.5486296E-04   -0.6681767E-03    0.4205255E-02   -0.8478289E-03    0.7391808E-02    0.6437160E-01   -0.1998605E-05    0.2300675E-05
    0.4559363E-08   -0.3815774E-09    0.1326811E-08    0.4964265E-07    0.3390880E-06   -0.1298343E-06   -0.2973970E-06   -0.2382095E-08   -0.4148238E-03    0.1034382E-04    0.1914909E-03    0.5729765E-02    0.9038627E-04    0.8505129E-03    0.9053458E-03   -0.1218622E-03    0.2987409E-03   -0.2635731E-03    0.2430445E-04    0.1420579E-03   -0.4729911E-07   -0.7844645E-07    0.1857448E-06   -0.1238239E-06   -0.9177658E-07   -0.9808186E-06   -0.4123621E-07   -0.6580869E-07    0.2082170E-06    0.3661337E-06    0.7914965E-07   -0.1998605E-05    0.5865444E-06   -0.1856770E-07
   -0.1427565E-07    0.7096860E-07   -0.1201403E-07   -0.1789581E-05   -0.3589132E-05   -0.5784016E-06   -0.4248633E-06   -0.3625889E-07    0.4361226E-02   -0.1892476E-04   -0.3406143E-03    0.4017200E-02    0.2655245E-03   -0.2458498E-02   -0.7644604E-02    0.1523724E-03    0.3804417E-05   -0.2011581E-03    0.2565584E-02    0.4613815E-02   -0.6433213E-07   -0.7885837E-07    0.7520881E-06    0.2261452E-07   -0.7020207E-07    0.1710067E-06   -0.2406443E-07   -0.8089224E-07   -0.1779787E-05    0.1781791E-05    0.3570568E-06    0.2300675E-05   -0.1856770E-07    0.2102714E-05
