# omegabh2 omegach2 theta tau logA ns calPlanck aps100 aps143 aps217 acib217 asz143 psr cibr xi aksz dust100 dust143 dust217 dust143x217 cal0 cal2 calTE calEE
  2.3415305E-08  -8.3987849E-08   1.5167029E-08   2.7489866E-07   4.7987523E-07   2.6569503E-07   2.9445684E-08  -3.9511177E-04  -2.7159955E-04   8.1301909E-05  -1.1446623E-04   2.2425821E-05   9.2817906E-07  -1.7134694E-06   7.2887049E-07  -3.9923957E-05  -2.3136079E-07  -6.8922254E-07   6.7134577E-07  -3.1919291E-07   4.3719155E-09  -4.6812057E-09  -9.3631837E-08  -2.3579956E-07
 -8.3987849E-08   1.4007691E-06  -1.1982577E-07  -2.9818002E-06  -3.5849169E-06  -3.1688783E-06  -3.6959467E-07   7.3431856E-04   7.5651625E-04  -4.1866338E-04   3.3874586E-04  -5.8821435E-05  -2.2148372E-06   4.9207855E-06   2.3746666E-06   1.3479073E-04   4.7268534E-06   7.6225982E-06  -5.3902932E-07   6.4381613E-06  -5.4646016E-08   3.1381249E-08  -1.4130868E-07  -6.7855799E-07
  1.5167029E-08  -1.1982577E-07   9.8261660E-08   2.9823854E-07   4.8615449E-07   3.9737158E-07   3.5714299E-08  -2.3921126E-05  -6.6022608E-05   6.2165479E-06  -1.1956986E-05   1.5856922E-06  -2.8080776E-07   3.3664074E-07   5.5617962E-08  -1.0256833E-05   2.2205562E-07   1.2340640E-07   5.4715398E-09  -7.9460716E-07  -6.6048866E-10  -1.1832090E-09  -3.5182330E-08   2.9782527E-08
  2.7489866E-07  -2.9818002E-06   2.9823854E-07   4.3846400E-05   7.8552313E-05   9.7823764E-06  -7.3788395E-07  -9.8802563E-03  -4.7168445E-03   1.4013828E-03  -2.4042352E-03   3.1330495E-04   1.1512833E-05  -2.6060193E-05  -4.0239479E-06  -8.0617999E-04  -1.2317740E-05  -2.5508341E-06   1.5009083E-05  -1.0510892E-05  -1.2893684E-07  -1.0387180E-07  -2.3785882E-06  -1.6770424E-06
  4.7987523E-07  -3.5849169E-06   4.8615449E-07   7.8552313E-05   1.7166613E-04   1.2276073E-05   1.0422173E-05  -1.0533103E-02  -6.0470582E-03   1.0108298E-02  -5.6061660E-03   3.9375510E-04   4.2394338E-05  -9.5587165E-05   5.2628587E-05  -2.1298395E-03  -3.2762034E-05  -7.4214977E-05   4.9483705E-05  -3.4203579E-05   2.1658302E-07  -3.1061277E-07  -5.2004871E-06  -2.4712793E-06
  2.6569503E-07  -3.1688783E-06   3.9737158E-07   9.7823764E-06   1.2276073E-05   1.7267777E-05   8.0836749E-07  -2.3109341E-02  -7.8718146E-03   9.3084683E-03  -6.3147298E-03   6.0301469E-04   6.2966208E-05  -1.1732846E-04   4.3241499E-05  -2.0550337E-03   7.9016740E-06  -3.5148694E-05   2.9503388E-05  -1.6625404E-05  -2.5084616E-07  -4.2124061E-07  -3.6566306E-07  -2.3667375E-06
  2.9445684E-08  -3.6959467E-07   3.5714299E-08  -7.3788395E-07   1.0422173E-05   8.0836749E-07   6.3651473E-06   4.2752623E-03   4.6692793E-04   1.5659012E-03   3.4903493E-04  -6.7026158E-05  -8.8469674E-07  -3.3817037E-06   5.9567863E-06   3.8676740E-05  -7.5994176E-07   4.1357567E-06   5.4823020E-06  -5.3576152E-06  -2.1701561E-08  -1.0392128E-07  -3.9421034E-07  -6.7905107E-08
 -3.9511177E-04   7.3431856E-04  -2.3921126E-05  -9.8802563E-03  -1.0533103E-02  -2.3109341E-02   4.2752623E-03   5.9821639E+02   5.6866941E+01  -5.5518794E+01   2.8982610E+01  -2.5336703E+01  -8.5777738E-01  -1.5381392E-01  -2.5327077E-01   1.1749051E+01  -1.7011976E-01   2.9423563E-01  -2.2997585E-01  -1.9212209E-01   6.0268842E-03   2.8941794E-03   3.8107182E-03   7.3369994E-03
 -2.7159955E-04   7.5651625E-04  -6.6022608E-05  -4.7168445E-03  -6.0470582E-03  -7.8718146E-03   4.6692793E-04   5.6866941E+01   6.6939476E+01   9.1943809E+00   6.3709773E+00  -2.3496018E-01  -1.8087262E-02   4.5706502E-01   8.9365172E-01  -8.4137780E+00  -2.7219160E-02  -2.2649631E-01   5.3502810E-02   6.3409692E-02   7.6098207E-04   5.8813236E-04   1.9867364E-03   5.0357373E-03
  8.1301909E-05  -4.1866338E-04   6.2165479E-06   1.4013828E-03   1.0108298E-02   9.3084683E-03   1.5659012E-03  -5.5518794E+01   9.1943809E+00   1.7329079E+02  -8.1697875E+01   2.6047804E+00   3.1903346E-01  -1.0224507E+00   2.9190598E-01  -7.4068318E+00  -6.6361059E-02  -2.5599336E-01   5.5089244E-01  -1.7635105E-02   1.5576154E-03  -7.6643891E-03   2.6992044E-03   3.2254970E-03
 -1.1446623E-04   3.3874586E-04  -1.1956986E-05  -2.4042352E-03  -5.6061660E-03  -6.3147298E-03   3.4903493E-04   2.8982610E+01   6.3709773E+00  -8.1697875E+01   5.1101279E+01   1.7827258E+00  -2.4426585E-02   7.1627789E-01  -2.2375063E-01  -2.6861383E+00   3.2411493E-02   1.5426130E-01  -4.5373675E-01  -1.1754223E-01  -4.9386037E-04   2.9804018E-03  -9.6925362E-04  -3.3704529E-05
  2.2425821E-05  -5.8821435E-05   1.5856922E-06   3.1330495E-04   3.9375510E-04   6.0301469E-04  -6.7026158E-05  -2.5336703E+01  -2.3496018E-01   2.6047804E+00   1.7827258E+00   4.3946453E+00   1.0448401E-01   1.6262732E-01  -3.5574106E-02  -3.5745690E+00  -1.7771724E-03  -3.2938657E-03   7.2050485E-03   5.0187107E-02   4.7646795E-04  -2.3949191E-04  -1.9807753E-04  -2.8396739E-04
  9.2817906E-07  -2.2148372E-06  -2.8080776E-07   1.1512833E-05   4.2394338E-05   6.2966208E-05  -8.8469674E-07  -8.5777738E-01  -1.8087262E-02   3.1903346E-01  -2.4426585E-02   1.0448401E-01   1.6612363E-02  -1.6509250E-02   1.1740135E-02  -1.0508895E-01  -9.0791869E-05  -1.3191320E-03  -3.0505493E-03   5.0144491E-03   1.8467044E-05  -4.1075787E-05   1.7772632E-05   3.1221406E-06
 -1.7134694E-06   4.9207855E-06   3.3664074E-07  -2.6060193E-05  -9.5587165E-05  -1.1732846E-04  -3.3817037E-06  -1.5381392E-01   4.5706502E-01  -1.0224507E+00   7.1627789E-01   1.6262732E-01  -1.6509250E-02   6.8654026E-02   4.4227017E-03  -1.6533634E-01   8.4381976E-04   7.2147138E-03   2.8502198E-05  -1.7680530E-02  -5.7439371E-06   9.9734212E-05  -4.7499798E-05  -1.1330737E-05
  7.2887049E-07   2.3746666E-06   5.5617962E-08  -4.0239479E-06   5.2628587E-05   4.3241499E-05   5.9567863E-06  -2.5327077E-01   8.9365172E-01   2.9190598E-01  -2.2375063E-01  -3.5574106E-02   1.1740135E-02   4.4227017E-03   8.2582606E-02   3.4095240E-02  -8.1885430E-06   2.4865469E-04   8.6555200E-04   1.0824800E-03   1.6249259E-05  -8.0586674E-06   1.5827722E-05   1.2914829E-05
 -3.9923957E-05   1.3479073E-04  -1.0256833E-05  -8.0617999E-04  -2.1298395E-03  -2.0550337E-03   3.8676740E-05   1.1749051E+01  -8.4137780E+00  -7.4068318E+00  -2.6861383E+00  -3.5745690E+00  -1.0508895E-01  -1.6533634E-01   3.4095240E-02   7.3569895E+00  -2.1469620E-03  -5.0500632E-03  -3.7352365E-03  -4.5844903E-02  -3.4379395E-04   7.9374117E-05  -2.1110744E-04  -2.0969095E-04
 -2.3136079E-07   4.7268534E-06   2.2205562E-07  -1.2317740E-05  -3.2762034E-05   7.9016740E-06  -7.5994176E-07  -1.7011976E-01  -2.7219160E-02  -6.6361059E-02   3.2411493E-02  -1.7771724E-03  -9.0791869E-05   8.4381976E-04  -8.1885430E-06  -2.1469620E-03   3.8591554E-02   3.3362066E-03  -1.9285181E-04   5.7969202E-04   3.7228739E-05  -4.0994769E-06  -1.1954093E-05  -2.3676981E-05
 -6.8922254E-07   7.6225982E-06   1.2340640E-07  -2.5508341E-06  -7.4214977E-05  -3.5148694E-05   4.1357567E-06   2.9423563E-01  -2.2649631E-01  -2.5599336E-01   1.5426130E-01  -3.2938657E-03  -1.3191320E-03   7.2147138E-03   2.4865469E-04  -5.0500632E-03   3.3362066E-03   3.0675615E-02  -4.2393754E-04   5.3866211E-03  -7.8321272E-05  -3.9084059E-05  -7.6723565E-05  -9.5009845E-05
  6.7134577E-07  -5.3902932E-07   5.4715398E-09   1.5009083E-05   4.9483705E-05   2.9503388E-05   5.4823020E-06  -2.2997585E-01   5.3502810E-02   5.5089244E-01  -4.5373675E-01   7.2050485E-03  -3.0505493E-03   2.8502198E-05   8.6555200E-04  -3.7352365E-03  -1.9285181E-04  -4.2393754E-04   1.1030209E-02   8.7365174E-03   2.3775356E-06   6.7113806E-05   4.9251675E-06  -3.4525062E-06
 -3.1919291E-07   6.4381613E-06  -7.9460716E-07  -1.0510892E-05  -3.4203579E-05  -1.6625404E-05  -5.3576152E-06  -1.9212209E-01   6.3409692E-02  -1.7635105E-02  -1.1754223E-01   5.0187107E-02   5.0144491E-03  -1.7680530E-02   1.0824800E-03  -4.5844903E-02   5.7969202E-04   5.3866211E-03   8.7365174E-03   2.6664455E-02  -3.7805400E-06   6.0412075E-05  -1.1267037E-05  -1.9569476E-05
  4.3719155E-09  -5.4646016E-08  -6.6048866E-10  -1.2893684E-07   2.1658302E-07  -2.5084616E-07  -2.1701561E-08   6.0268842E-03   7.6098207E-04   1.5576154E-03  -4.9386037E-04   4.7646795E-04   1.8467044E-05  -5.7439371E-06   1.6249259E-05  -3.4379395E-04   3.7228739E-05  -7.8321272E-05   2.3775356E-06  -3.7805400E-06   1.1086934E-06   3.4765595E-08   4.2539162E-07   6.6200712E-07
 -4.6812057E-09   3.1381249E-08  -1.1832090E-09  -1.0387180E-07  -3.1061277E-07  -4.2124061E-07  -1.0392128E-07   2.8941794E-03   5.8813236E-04  -7.6643891E-03   2.9804018E-03  -2.3949191E-04  -4.1075787E-05   9.9734212E-05  -8.0586674E-06   7.9374117E-05  -4.0994769E-06  -3.9084059E-05   6.7113806E-05   6.0412075E-05   3.4765595E-08   2.5167759E-06   2.5136625E-07   1.4977481E-07
 -9.3631837E-08  -1.4130868E-07  -3.5182330E-08  -2.3785882E-06  -5.2004871E-06  -3.6566306E-07  -3.9421034E-07   3.8107182E-03   1.9867364E-03   2.6992044E-03  -9.6925362E-04  -1.9807753E-04   1.7772632E-05  -4.7499798E-05   1.5827722E-05  -2.1110744E-04  -1.1954093E-05  -7.6723565E-05   4.9251675E-06  -1.1267037E-05   4.2539162E-07   2.5136625E-07   2.4094835E-05   8.2474732E-06
 -2.3579956E-07  -6.7855799E-07   2.9782527E-08  -1.6770424E-06  -2.4712793E-06  -2.3667375E-06  -6.7905107E-08   7.3369994E-03   5.0357373E-03   3.2254970E-03  -3.3704529E-05  -2.8396739E-04   3.1221406E-06  -1.1330737E-05   1.2914829E-05  -2.0969095E-04  -2.3676981E-05  -9.5009845E-05  -3.4525062E-06  -1.9569476E-05   6.6200712E-07   1.4977481E-07   8.2474732E-06   2.3799506E-05
