# omegabh2 omegach2 theta tau nnu logA ns calPlanck aps100 aps143 aps217 acib217 asz143 psr cibr xi aksz dust100 dust143 dust217 dust143x217 cal0 cal2
  7.1492432E-08   1.9804288E-07   5.1595816E-10   4.3579602E-07   3.4309848E-05   1.6368089E-06   2.0506292E-06   1.6027228E-08   1.2073577E-04  -1.2169007E-04  -7.8555789E-05   4.2572765E-06   5.3657960E-06  -7.9245500E-07   2.4749746E-07  -2.3171611E-06   2.7197752E-05   7.4021296E-07   7.2992427E-07   4.6190163E-07   8.2314907E-07   5.1422698E-09   4.6630185E-09
  1.9804288E-07   8.8131840E-06  -8.3902381E-07  -1.4449083E-06   4.0462195E-04   2.0324579E-05   8.4229034E-06  -1.8183711E-08   9.8468919E-03   5.4291495E-03  -1.1345498E-03   2.6426549E-03  -3.0599101E-04  -1.7418503E-05   4.5398900E-05  -3.3309334E-05   5.8048815E-04   9.2129287E-06   1.7165421E-05  -1.1531033E-05   4.3720107E-06  -4.4939579E-08   2.4477771E-07
  5.1595816E-10  -8.3902381E-07   2.6554205E-07   2.1295661E-07  -3.7965759E-05  -1.6635140E-06  -5.0756712E-07  -2.6857186E-08  -7.7943950E-04  -5.3104562E-04   1.9561641E-06  -2.1467241E-04   3.2921544E-05   1.3745072E-06  -3.6062679E-06   3.4063252E-06  -3.7703769E-05  -8.0105576E-07  -4.1778061E-07   1.0142169E-06   3.4051106E-07   1.0815720E-08  -2.2374967E-08
  4.3579602E-07  -1.4449083E-06   2.1295661E-07   4.2021577E-05   1.7735913E-04   7.9952082E-05   1.7747863E-05  -6.4437375E-07  -4.6946747E-03  -1.9247615E-03   1.9000267E-03  -1.9200732E-03  -4.7785091E-05  -6.4640836E-06   2.3302478E-05   4.4277330E-05  -1.5963736E-04  -1.6678067E-05  -4.5392847E-06   9.5841062E-06  -2.6994633E-05  -2.9930993E-08  -7.6241344E-08
  3.4309848E-05   4.0462195E-04  -3.7965759E-05   1.7735913E-04   3.5723277E-02   1.5172819E-03   1.5621045E-03   7.2633856E-06   7.6290266E-01   3.6578086E-01  -1.5929778E-01   2.0207375E-01  -2.4016931E-02  -1.8471793E-03   3.7933905E-03  -2.0273603E-03   5.8501722E-02   8.7407332E-04   1.6009461E-03  -6.6357803E-04   7.6470848E-04   2.6149470E-07   1.6581982E-05
  1.6368089E-06   2.0324579E-05  -1.6635140E-06   7.9952082E-05   1.5172819E-03   2.4372559E-04   6.2057359E-05   1.1684646E-05   2.7331270E-02   1.3229712E-02   7.0158107E-03   3.3680938E-03  -1.0452867E-03  -3.2167632E-05   1.1805134E-04   5.9829152E-06   2.3321353E-04   2.5949669E-06  -3.6589462E-05  -2.6832345E-06  -5.4821367E-05   5.8879145E-07   5.0135139E-07
  2.0506292E-06   8.4229034E-06  -5.0756712E-07   1.7747863E-05   1.5621045E-03   6.2057359E-05   1.0023417E-04   3.4672784E-07   6.9277460E-03   6.2244666E-03   8.5899432E-04   1.7281146E-03  -3.3257860E-04  -2.9327174E-05   7.6924572E-05  -4.3448634E-07   7.3180638E-04   7.2102569E-05   5.0752000E-05   1.7559372E-05   3.2358354E-05  -2.7747921E-07   3.2727446E-07
  1.6027228E-08  -1.8183711E-08  -2.6857186E-08  -6.4437375E-07   7.2633856E-06   1.1684646E-05   3.4672784E-07   6.4438877E-06   4.9355078E-03   8.8175764E-04   7.4914818E-04   1.1173104E-03  -4.3939953E-05  -1.1829079E-06   8.3686142E-06  -1.2798880E-05  -1.2614183E-04   1.6701281E-05   9.6845427E-06  -3.4318401E-07  -4.2432243E-06   4.6609816E-08  -2.6730962E-08
  1.2073577E-04   9.8468919E-03  -7.7943950E-04  -4.6946747E-03   7.6290266E-01   2.7331270E-02   6.9277460E-03   4.9355078E-03   6.4788967E+02   6.9312401E+01  -6.7162207E+01   3.7667955E+01  -2.7458754E+01  -9.0997665E-01  -1.0538566E-01  -3.1947581E-01   1.3920400E+01  -1.0086717E-01   3.1509870E-01  -2.7006761E-01  -1.8594928E-01   7.0835564E-03   3.5765338E-03
 -1.2169007E-04   5.4291495E-03  -5.3104562E-04  -1.9247615E-03   3.6578086E-01   1.3229712E-02   6.2244666E-03   8.8175764E-04   6.9312401E+01   7.3510506E+01   8.1729941E+00   8.3479098E+00  -1.0482202E+00  -4.2173144E-02   4.6919297E-01   8.8635383E-01  -7.3443990E+00  -2.2636224E-02  -1.8873151E-01   4.4916526E-02   8.2325664E-02   7.6345389E-04   6.2857891E-04
 -7.8555789E-05  -1.1345498E-03   1.9561641E-06   1.9000267E-03  -1.5929778E-01   7.0158107E-03   8.5899432E-04   7.4914818E-04  -6.7162207E+01   8.1729941E+00   1.7235222E+02  -8.2884497E+01   2.8329101E+00   3.7752415E-01  -1.0282845E+00   4.5420522E-01  -7.5665163E+00  -2.0532645E-02  -3.2346597E-01   5.5501244E-01   5.8861338E-04   1.6054092E-03  -7.5440699E-03
  4.2572765E-06   2.6426549E-03  -2.1467241E-04  -1.9200732E-03   2.0207375E-01   3.3680938E-03   1.7281146E-03   1.1173104E-03   3.7667955E+01   8.3479098E+00  -8.2884497E+01   5.3274130E+01   1.5874802E+00  -7.2457144E-02   7.5015751E-01  -3.2989322E-01  -2.4174479E+00   6.2011271E-03   2.0381548E-01  -4.5987897E-01  -1.2444744E-01  -5.6834971E-04   3.0990452E-03
  5.3657960E-06  -3.0599101E-04   3.2921544E-05  -4.7785091E-05  -2.4016931E-02  -1.0452867E-03  -3.3257860E-04  -4.3939953E-05  -2.7458754E+01  -1.0482202E+00   2.8329101E+00   1.5874802E+00   4.4843719E+00   1.0611376E-01   1.5897510E-01  -3.5271398E-02  -3.6665008E+00  -1.2043928E-02  -1.2549315E-03   8.1183153E-03   4.7550300E-02   3.8399224E-04  -2.6253190E-04
 -7.9245500E-07  -1.7418503E-05   1.3745072E-06  -6.4640836E-06  -1.8471793E-03  -3.2167632E-05  -2.9327174E-05  -1.1829079E-06  -9.0997665E-01  -4.2173144E-02   3.7752415E-01  -7.2457144E-02   1.0611376E-01   1.6498343E-02  -1.6287892E-02   1.2165271E-02  -1.0816130E-01  -5.6654129E-04  -1.2326970E-03  -2.3608698E-03   5.1308800E-03   1.7963578E-05  -3.8147922E-05
  2.4749746E-07   4.5398900E-05  -3.6062679E-06   2.3302478E-05   3.7933905E-03   1.1805134E-04   7.6924572E-05   8.3686142E-06  -1.0538566E-01   4.6919297E-01  -1.0282845E+00   7.5015751E-01   1.5897510E-01  -1.6287892E-02   6.7730602E-02   3.9112802E-03  -1.5789975E-01   9.9677242E-04   7.7478059E-03  -5.9510685E-04  -1.7844779E-02  -1.2013729E-05   9.3366888E-05
 -2.3171611E-06  -3.3309334E-05   3.4063252E-06   4.4277330E-05  -2.0273603E-03   5.9829152E-06  -4.3448634E-07  -1.2798880E-05  -3.1947581E-01   8.8635383E-01   4.5420522E-01  -3.2989322E-01  -3.5271398E-02   1.2165271E-02   3.9112802E-03   8.4075593E-02   3.8563452E-02   7.4803756E-04   6.2115121E-04   1.8778627E-03   1.6406879E-03   1.2880565E-05  -9.2375050E-06
  2.7197752E-05   5.8048815E-04  -3.7703769E-05  -1.5963736E-04   5.8501722E-02   2.3321353E-04   7.3180638E-04  -1.2614183E-04   1.3920400E+01  -7.3443990E+00  -7.5665163E+00  -2.4174479E+00  -3.6665008E+00  -1.0816130E-01  -1.5789975E-01   3.8563452E-02   7.4943069E+00   7.1105258E-03  -4.0776872E-03  -2.9291261E-03  -4.1523174E-02  -3.0758432E-04   1.2294174E-04
  7.4021296E-07   9.2129287E-06  -8.0105576E-07  -1.6678067E-05   8.7407332E-04   2.5949669E-06   7.2102569E-05   1.6701281E-05  -1.0086717E-01  -2.2636224E-02  -2.0532645E-02   6.2011271E-03  -1.2043928E-02  -5.6654129E-04   9.9677242E-04   7.4803756E-04   7.1105258E-03   3.8630235E-02   1.8684237E-03   1.7292871E-05  -1.4322308E-05   3.8186302E-05  -1.6036879E-06
  7.2992427E-07   1.7165421E-05  -4.1778061E-07  -4.5392847E-06   1.6009461E-03  -3.6589462E-05   5.0752000E-05   9.6845427E-06   3.1509870E-01  -1.8873151E-01  -3.2346597E-01   2.0381548E-01  -1.2549315E-03  -1.2326970E-03   7.7478059E-03   6.2115121E-04  -4.0776872E-03   1.8684237E-03   3.0709811E-02  -9.0113313E-04   5.3174252E-03  -8.0306349E-05  -3.7657687E-05
  4.6190163E-07  -1.1531033E-05   1.0142169E-06   9.5841062E-06  -6.6357803E-04  -2.6832345E-06   1.7559372E-05  -3.4318401E-07  -2.7006761E-01   4.4916526E-02   5.5501244E-01  -4.5987897E-01   8.1183153E-03  -2.3608698E-03  -5.9510685E-04   1.8778627E-03  -2.9291261E-03   1.7292871E-05  -9.0113313E-04   1.0553089E-02   8.4344733E-03   3.9585635E-06   5.9226830E-05
  8.2314907E-07   4.3720107E-06   3.4051106E-07  -2.6994633E-05   7.6470848E-04  -5.4821367E-05   3.2358354E-05  -4.2432243E-06  -1.8594928E-01   8.2325664E-02   5.8861338E-04  -1.2444744E-01   4.7550300E-02   5.1308800E-03  -1.7844779E-02   1.6406879E-03  -4.1523174E-02  -1.4322308E-05   5.3174252E-03   8.4344733E-03   2.6245646E-02  -4.8109846E-06   5.4285633E-05
  5.1422698E-09  -4.4939579E-08   1.0815720E-08  -2.9930993E-08   2.6149470E-07   5.8879145E-07  -2.7747921E-07   4.6609816E-08   7.0835564E-03   7.6345389E-04   1.6054092E-03  -5.6834971E-04   3.8399224E-04   1.7963578E-05  -1.2013729E-05   1.2880565E-05  -3.0758432E-04   3.8186302E-05  -8.0306349E-05   3.9585635E-06  -4.8109846E-06   1.1024883E-06   5.5043572E-08
  4.6630185E-09   2.4477771E-07  -2.2374967E-08  -7.6241344E-08   1.6581982E-05   5.0135139E-07   3.2727446E-07  -2.6730962E-08   3.5765338E-03   6.2857891E-04  -7.5440699E-03   3.0990452E-03  -2.6253190E-04  -3.8147922E-05   9.3366888E-05  -9.2375050E-06   1.2294174E-04  -1.6036879E-06  -3.7657687E-05   5.9226830E-05   5.4285633E-05   5.5043572E-08   2.4001564E-06
