# omegabh2 omegach2 theta tau meffsterile nnu logA ns calPlanck acib217 xi asz143 aps100 aps143 aps143217 aps217 aksz kgal100 kgal143 kgal143217 kgal217 cal0 cal2
  4.2990885E-08   1.9883896E-07  -2.9232357E-09   2.7548675E-07  -2.3414923E-06   1.3242964E-05   1.0701398E-06   6.6544662E-07   2.1418051E-08  -5.2322510E-05   1.0790199E-06   2.5991105E-05  -3.4609660E-04  -2.5747804E-04  -9.4838170E-05  -3.7170145E-05  -2.3505567E-05   1.0081686E-05   2.4561713E-06  -1.9267813E-06   4.1422113E-06   1.3489246E-09  -2.0840276E-09
  1.9883896E-07   1.5158441E-05  -9.5371911E-07  -1.7300130E-06  -5.1739000E-04   5.2807382E-04   1.8572618E-05   1.7523992E-05  -5.9694134E-07   2.9592748E-03  -6.1948307E-05  -8.4180130E-04   1.4551742E-02   6.1373275E-03   8.0014986E-04  -1.5558667E-03   1.5213483E-03   1.8195149E-04   3.6747191E-04   1.2425753E-04  -7.2767416E-04  -1.0552370E-08   1.0110859E-07
 -2.9232357E-09  -9.5371911E-07   2.4191934E-07   1.5152533E-07   2.3066259E-05  -4.2754052E-05  -1.1116841E-06  -1.2469329E-06   6.2691678E-08  -1.9899906E-04   4.4075377E-06   6.8339087E-05  -1.0922808E-03  -4.5855055E-04  -3.7486216E-05   8.8647637E-05  -1.2228565E-04  -1.9647265E-05  -2.7503102E-05  -1.3922184E-05   5.2645070E-05  -1.6289380E-09  -4.9536814E-09
  2.7548675E-07  -1.7300130E-06   1.5152533E-07   5.1740986E-05   3.1662100E-05   5.8819315E-05   9.5634094E-05   1.0683805E-05  -9.5849034E-07  -8.6637437E-04  -9.7295278E-06   4.2394833E-04  -5.3506728E-03  -3.9982894E-03  -1.7605866E-03  -1.1462518E-03  -5.7269158E-04   1.2361706E-04  -7.5187120E-08  -6.3356102E-05   8.7176200E-05  -3.3500684E-08  -5.4263822E-08
 -2.3414923E-06  -5.1739000E-04   2.3066259E-05   3.1662100E-05   3.2806179E-02  -1.0623818E-02  -3.5539551E-04  -4.8773759E-04   2.9883169E-05  -7.8959295E-02   2.1217408E-03   1.8726336E-02  -3.7580832E-01  -1.0477470E-01   2.1520679E-02   8.6902496E-02  -3.2994501E-02  -4.1384929E-03  -1.1976927E-02  -4.4084843E-03   1.5821042E-02  -1.4647305E-07  -3.7691417E-06
  1.3242964E-05   5.2807382E-04  -4.2754052E-05   5.8819315E-05  -1.0623818E-02   2.5717460E-02   1.0768406E-03   9.1025342E-04  -6.0590770E-06   1.2173545E-01  -2.2116822E-03  -3.6999804E-02   6.3704990E-01   2.9419990E-01   6.2638665E-02  -3.3024732E-02   6.6654006E-02   8.8025944E-03   1.4231868E-02   5.8660909E-03  -2.9367111E-02   3.1996132E-07   3.3010640E-06
  1.0701398E-06   1.8572618E-05  -1.1116841E-06   9.5634094E-05  -3.5539551E-04   1.0768406E-03   2.4415471E-04   4.9334986E-05   9.5174583E-06   2.9642534E-03  -6.2300225E-05  -5.5595464E-04   1.4948369E-02   4.8147362E-03   1.7084187E-03   1.8212941E-03   5.6581344E-04   2.5437778E-04   7.2411980E-05  -5.1340435E-04   2.4432550E-04   4.1476690E-08   1.5567957E-09
  6.6544662E-07   1.7523992E-05  -1.2469329E-06   1.0683805E-05  -4.8773759E-04   9.1025342E-04   4.9334986E-05   4.8613701E-05   3.6278941E-07  -4.4292925E-06   1.6886519E-05  -1.6476067E-04  -7.8667701E-04   3.9400728E-03   4.2581134E-03   3.6544344E-03  -1.8018904E-04   6.5408155E-04   2.2097431E-04   1.5845826E-04   6.7996715E-04  -5.6049197E-08   7.0102891E-08
  2.1418051E-08  -5.9694134E-07   6.2691678E-08  -9.5849034E-07   2.9883169E-05  -6.0590770E-06   9.5174583E-06   3.6278941E-07   6.0959745E-06   6.1494432E-04   2.1461737E-06   2.7366865E-05   2.6881716E-03   4.1308936E-04   3.8115845E-04   1.1593692E-03  -5.6189319E-05   1.9534305E-05   3.3804250E-05   1.1929398E-05   8.8384985E-04  -1.0784728E-08  -1.0937895E-09
 -5.2322510E-05   2.9592748E-03  -1.9899906E-04  -8.6637437E-04  -7.8959295E-02   1.2173545E-01   2.9642534E-03  -4.4292925E-06   6.1494432E-04   4.5975946E+01  -4.0077440E-01  -9.9114231E-01   3.8395205E+01   3.3031485E+00  -1.3125253E+01  -5.6061317E+01   9.5945328E-02   3.0337479E-01   5.9862494E-01  -5.9968555E+00  -3.4261847E+01  -2.3293147E-04   7.4820820E-04
  1.0790199E-06  -6.1948307E-05   4.4075377E-06  -9.7295278E-06   2.1217408E-03  -2.2116822E-03  -6.2300225E-05   1.6886519E-05   2.1461737E-06  -4.0077440E-01   8.3242493E-02  -5.2490793E-02  -5.7055738E-01   8.7661541E-01   1.6290395E+00   6.3238113E-01   4.3875856E-02  -5.0852134E-03   3.1048919E-03   9.1060238E-02   1.2845654E-01   5.3946975E-06  -1.9310709E-06
  2.5991105E-05  -8.4180130E-04   6.8339087E-05   4.2394833E-04   1.8726336E-02  -3.6999804E-02  -5.5595464E-04  -1.6476067E-04   2.7366865E-05  -9.9114231E-01  -5.2490793E-02   4.0820512E+00  -3.2042950E+01  -3.7663238E+00   7.9475815E+00   5.6856668E+00  -3.1789351E+00  -2.1095130E-01   1.7007910E-01   2.7982712E+00   3.5569677E+00   9.3199195E-05  -2.7973937E-05
 -3.4609660E-04   1.4551742E-02  -1.0922808E-03  -5.3506728E-03  -3.7580832E-01   6.3704990E-01   1.4948369E-02  -7.8667701E-04   2.6881716E-03   3.8395205E+01  -5.7055738E-01  -3.2042950E+01   8.0375760E+02   7.7866410E+01  -5.4357899E+01  -6.1147468E+01   1.7247634E+01  -6.6125823E+00   6.3207715E+00  -1.2255965E+01  -2.5110751E+01   3.8652937E-03   3.8791256E-04
 -2.5747804E-04   6.1373275E-03  -4.5855055E-04  -3.9982894E-03  -1.0477470E-01   2.9419990E-01   4.8147362E-03   3.9400728E-03   4.1308936E-04   3.3031485E+00   8.7661541E-01  -3.7663238E+00   7.7866410E+01   6.7228092E+01   4.2198528E+01   1.6504693E+01  -4.4785704E+00  -6.1313640E-01  -1.3597056E+00   3.4596747E+00   4.0962023E+00   1.7333396E-04   1.2753340E-04
 -9.4838170E-05   8.0014986E-04  -3.7486216E-05  -1.7605866E-03   2.1520679E-02   6.2638665E-02   1.7084187E-03   4.2581134E-03   3.8115845E-04  -1.3125253E+01   1.6290395E+00   7.9475815E+00  -5.4357899E+01   4.2198528E+01   8.7034912E+01   5.6266694E+01  -1.2998776E+01  -1.0537194E+00  -8.1403140E-01   5.2199132E+00   9.1152722E+00   4.8086600E-04  -3.6577284E-04
 -3.7170145E-05  -1.5558667E-03   8.8647637E-05  -1.1462518E-03   8.6902496E-02  -3.3024732E-02   1.8212941E-03   3.6544344E-03   1.1593692E-03  -5.6061317E+01   6.3238113E-01   5.6856668E+00  -6.1147468E+01   1.6504693E+01   5.6266694E+01   1.0697246E+02  -1.0262689E+01  -9.8734052E-01  -1.3269472E+00   5.9691507E+00   3.4827757E+01   5.4831059E-04  -1.3707548E-03
 -2.3505567E-05   1.5213483E-03  -1.2228565E-04  -5.7269158E-04  -3.2994501E-02   6.6654006E-02   5.6581344E-04  -1.8018904E-04  -5.6189319E-05   9.5945328E-02   4.3875856E-02  -3.1789351E+00   1.7247634E+01  -4.4785704E+00  -1.2998776E+01  -1.0262689E+01   6.8127195E+00   1.8978977E-01  -1.9830802E-01  -2.3788486E+00  -2.7705631E+00  -8.5018701E-05   6.1625647E-06
  1.0081686E-05   1.8195149E-04  -1.9647265E-05   1.2361706E-04  -4.1384929E-03   8.8025944E-03   2.5437778E-04   6.5408155E-04   1.9534305E-05   3.0337479E-01  -5.0852134E-03  -2.1095130E-01  -6.6125823E+00  -6.1313640E-01  -1.0537194E+00  -9.8734052E-01   1.8978977E-01   3.3437831E+00   5.7476022E-01   1.5628920E-01   3.4696283E-02   1.7073649E-04  -1.0942288E-06
  2.4561713E-06   3.6747191E-04  -2.7503102E-05  -7.5187120E-08  -1.1976927E-02   1.4231868E-02   7.2411980E-05   2.2097431E-04   3.3804250E-05   5.9862494E-01   3.1048919E-03   1.7007910E-01   6.3207715E+00  -1.3597056E+00  -8.1403140E-01  -1.3269472E+00  -1.9830802E-01   5.7476022E-01   3.2415659E+00   2.7931456E+00   2.8497759E+00  -1.7143609E-04  -2.9349360E-05
 -1.9267813E-06   1.2425753E-04  -1.3922184E-05  -6.3356102E-05  -4.4084843E-03   5.8660909E-03  -5.1340435E-04   1.5845826E-04   1.1929398E-05  -5.9968555E+00   9.1060238E-02   2.7982712E+00  -1.2255965E+01   3.4596747E+00   5.2199132E+00   5.9691507E+00  -2.3788486E+00   1.5628920E-01   2.7931456E+00   1.1096345E+01   1.9851847E+01  -2.0969718E-05   4.2527164E-04
  4.1422113E-06  -7.2767416E-04   5.2645070E-05   8.7176200E-05   1.5821042E-02  -2.9367111E-02   2.4432550E-04   6.7996715E-04   8.8384985E-04  -3.4261847E+01   1.2845654E-01   3.5569677E+00  -2.5110751E+01   4.0962023E+00   9.1152722E+00   3.4827757E+01  -2.7705631E+00   3.4696283E-02   2.8497759E+00   1.9851847E+01   5.5051956E+01   6.9225806E-05   9.4196505E-04
  1.3489246E-09  -1.0552370E-08  -1.6289380E-09  -3.3500684E-08  -1.4647305E-07   3.1996132E-07   4.1476690E-08  -5.6049197E-08  -1.0784728E-08  -2.3293147E-04   5.3946975E-06   9.3199195E-05   3.8652937E-03   1.7333396E-04   4.8086600E-04   5.4831059E-04  -8.5018701E-05   1.7073649E-04  -1.7143609E-04  -2.0969718E-05   6.9225806E-05   3.7627654E-07  -6.0304101E-09
 -2.0840276E-09   1.0110859E-07  -4.9536814E-09  -5.4263822E-08  -3.7691417E-06   3.3010640E-06   1.5567957E-09   7.0102891E-08  -1.0937895E-09   7.4820820E-04  -1.9310709E-06  -2.7973937E-05   3.8791256E-04   1.2753340E-04  -3.6577284E-04  -1.3707548E-03   6.1625647E-06  -1.0942288E-06  -2.9349360E-05   4.2527164E-04   9.4196505E-04  -6.0304101E-09   3.9402566E-07
