# omegabh2 omegach2 theta tau w logA ns calPlanck acib217 xi asz143 aps100 aps143 aps143217 aps217 aksz kgal100 kgal143 kgal143217 kgal217 cal0 cal2
  4.2217729E-08  -1.0465060E-07   2.8421978E-08   2.9509906E-07   2.4780239E-06   4.6545816E-07   3.8465693E-07   1.2533131E-08  -1.3591058E-04   1.5962335E-06   4.5084659E-05  -7.9565134E-04  -4.5976973E-04  -1.7905808E-04  -5.6471687E-05  -6.2351357E-05   2.5842091E-06  -2.0836271E-06  -1.3578151E-06   4.5452253E-05  -2.0985168E-09  -1.9109164E-09
 -1.0465060E-07   2.4354360E-06  -1.6019305E-07  -2.3134818E-06  -3.8613900E-05   9.3293851E-07  -5.3887274E-06  -1.9900591E-07   5.7593211E-05   4.7257454E-06  -6.9065302E-05   9.0058025E-04   6.9855612E-04   4.9610614E-04   3.7200857E-04   4.6142557E-05  -2.7452891E-05   2.1991297E-05  -3.1276185E-05  -1.0308281E-04   4.5566598E-10  -1.1224175E-08
  2.8421978E-08  -1.6019305E-07   1.8931304E-07   2.4735388E-07   4.8375531E-06   3.4549680E-07   6.3807464E-07   2.8947039E-08  -3.5568017E-05  -1.3749529E-06   2.0023033E-05  -3.0738734E-04  -1.3710605E-04  -8.3347930E-05  -2.4892188E-05  -1.0830339E-05   9.7570157E-06  -9.2063943E-06   9.8849930E-06   4.5392241E-05  -9.5510905E-10   9.4143051E-10
  2.9509906E-07  -2.3134818E-06   2.4735388E-07   6.3813059E-05   4.0355563E-05   1.2106706E-04   8.4224070E-06  -4.5492989E-07  -2.6124404E-03  -2.9411125E-05   7.9115179E-04  -1.2486163E-02  -5.3432587E-03  -1.4402834E-03   1.6077011E-03  -1.4312592E-03  -3.2636471E-05  -4.5355471E-04  -1.9577542E-04   8.6527038E-04   2.3475542E-08  -2.7111034E-08
  2.4780239E-06  -3.8613900E-05   4.8375531E-06   4.0355563E-05   1.2970651E-03  -9.6157809E-06   9.2592948E-05   8.1312381E-07  -4.6874571E-03  -8.2917419E-05   2.1459709E-03  -2.9622686E-02  -2.0497270E-02  -1.1339878E-02  -6.1422713E-03  -1.7886904E-03   5.9635538E-04  -2.5790840E-04   1.4099596E-03   4.9351861E-03   2.7160114E-08   3.4788096E-07
  4.6545816E-07   9.3293851E-07   3.4549680E-07   1.2106706E-04  -9.6157809E-06   2.7123989E-04   2.8556273E-06   1.1437887E-05  -5.7008558E-03   1.3977162E-05   1.2556534E-03  -1.8910132E-02  -7.1669361E-03   1.2492380E-03   1.0625824E-02  -3.4882533E-03  -4.5815156E-04  -1.5816335E-03  -1.1764651E-03   2.8835000E-03   2.3531837E-07  -9.0886969E-08
  3.8465693E-07  -5.3887274E-06   6.3807464E-07   8.4224070E-06   9.2592948E-05   2.8556273E-06   2.2679955E-05   3.9639361E-07  -4.5464730E-03   6.7227407E-05   1.2528023E-03  -2.6548823E-02  -8.0877164E-03   5.9286119E-04   4.1519955E-03  -2.4786416E-03   4.3362808E-04  -4.1292032E-04  -1.7517818E-04   1.6578952E-03  -1.3290363E-07  -5.0640506E-08
  1.2533131E-08  -1.9900591E-07   2.8947039E-08  -4.5492989E-07   8.1312381E-07   1.1437887E-05   3.9639361E-07   6.3552176E-06   5.4979626E-04   5.6081958E-06  -7.3256786E-05   4.2241989E-03   8.7441016E-04   5.2120035E-04   1.5321266E-03   6.2919211E-05  -2.1242493E-07  -5.6682168E-05  -6.3094980E-05   7.9354311E-04   8.9755922E-09   2.9825073E-09
 -1.3591058E-04   5.7593211E-05  -3.5568017E-05  -2.6124404E-03  -4.6874571E-03  -5.7008558E-03  -4.5464730E-03   5.4979626E-04   4.3624720E+01  -3.9477683E-01  -8.3996907E-01   3.6079695E+01   1.5570773E+00  -1.3294976E+01  -5.3657543E+01  -3.4324789E-02  -3.5047358E-02   5.4068899E-01  -5.5615327E+00  -3.2219933E+01  -1.7123869E-04   7.2464369E-04
  1.5962335E-06   4.7257454E-06  -1.3749529E-06  -2.9411125E-05  -8.2917419E-05   1.3977162E-05   6.7227407E-05   5.6081958E-06  -3.9477683E-01   8.2017174E-02  -5.2980479E-02  -5.5067576E-01   9.0312629E-01   1.6283459E+00   6.1193154E-01   5.4815071E-02  -3.3950729E-03   4.4419044E-03   9.7883898E-02   1.3656886E-01   5.3252917E-06  -2.1425548E-06
  4.5084659E-05  -6.9065302E-05   2.0023033E-05   7.9115179E-04   2.1459709E-03   1.2556534E-03   1.2528023E-03  -7.3256786E-05  -8.3996907E-01  -5.2980479E-02   4.0219210E+00  -3.1075676E+01  -3.6890044E+00   7.7032493E+00   5.3546457E+00  -2.9587293E+00  -2.1369254E-01   2.2151256E-01   2.8344887E+00   3.4642975E+00   1.1808523E-04  -4.4031853E-05
 -7.9565134E-04   9.0058025E-04  -3.0738734E-04  -1.2486163E-02  -2.9622686E-02  -1.8910132E-02  -2.6548823E-02   4.2241989E-03   3.6079695E+01  -5.5067576E-01  -3.1075676E+01   7.8751816E+02   7.3409490E+01  -5.3335974E+01  -5.9239592E+01   1.5205653E+01  -6.7933216E+00   5.7799591E+00  -1.3168093E+01  -2.4528086E+01   3.6526714E-03   5.4739181E-04
 -4.5976973E-04   6.9855612E-04  -1.3710605E-04  -5.3432587E-03  -2.0497270E-02  -7.1669361E-03  -8.0877164E-03   8.7441016E-04   1.5570773E+00   9.0312629E-01  -3.6890044E+00   7.3409490E+01   6.4745479E+01   4.1532887E+01   1.7952081E+01  -4.9233469E+00  -7.2245044E-01  -1.4266620E+00   3.2160598E+00   4.1753814E+00   1.3025781E-04   7.5687127E-05
 -1.7905808E-04   4.9610614E-04  -8.3347930E-05  -1.4402834E-03  -1.1339878E-02   1.2492380E-03   5.9286119E-04   5.2120035E-04  -1.3294976E+01   1.6283459E+00   7.7032493E+00  -5.3335974E+01   4.1532887E+01   8.5390091E+01   5.5155581E+01  -1.2499885E+01  -9.5136839E-01  -6.8116382E-01   5.2097356E+00   8.7464884E+00   4.7274598E-04  -4.1665827E-04
 -5.6471687E-05   3.7200857E-04  -2.4892188E-05   1.6077011E-03  -6.1422713E-03   1.0625824E-02   4.1519955E-03   1.5321266E-03  -5.3657543E+01   6.1193154E-01   5.3546457E+00  -5.9239592E+01   1.7952081E+01   5.5155581E+01   1.0387891E+02  -1.0051596E+01  -5.1469735E-01  -1.3406832E+00   5.3783480E+00   3.2366786E+01   4.3070142E-04  -1.3415614E-03
 -6.2351357E-05   4.6142557E-05  -1.0830339E-05  -1.4312592E-03  -1.7886904E-03  -3.4882533E-03  -2.4786416E-03   6.2919211E-05  -3.4324789E-02   5.4815071E-02  -2.9587293E+00   1.5205653E+01  -4.9233469E+00  -1.2499885E+01  -1.0051596E+01   6.3981938E+00   1.6590532E-01  -2.1306922E-01  -2.2615911E+00  -2.4915143E+00  -8.3064087E-05   2.2701377E-05
  2.5842091E-06  -2.7452891E-05   9.7570157E-06  -3.2636471E-05   5.9635538E-04  -4.5815156E-04   4.3362808E-04  -2.1242493E-07  -3.5047358E-02  -3.3950729E-03  -2.1369254E-01  -6.7933216E+00  -7.2245044E-01  -9.5136839E-01  -5.1469735E-01   1.6590532E-01   3.3379072E+00   5.8033830E-01   1.3093845E-01   1.0865890E-01   1.6108085E-04  -2.5912374E-05
 -2.0836271E-06   2.1991297E-05  -9.2063943E-06  -4.5355471E-04  -2.5790840E-04  -1.5816335E-03  -4.1292032E-04  -5.6682168E-05   5.4068899E-01   4.4419044E-03   2.2151256E-01   5.7799591E+00  -1.4266620E+00  -6.8116382E-01  -1.3406832E+00  -2.1306922E-01   5.8033830E-01   3.2471630E+00   2.8141090E+00   2.8672703E+00  -1.8144975E-04  -4.5056877E-05
 -1.3578151E-06  -3.1276185E-05   9.8849930E-06  -1.9577542E-04   1.4099596E-03  -1.1764651E-03  -1.7517818E-04  -6.3094980E-05  -5.5615327E+00   9.7883898E-02   2.8344887E+00  -1.3168093E+01   3.2160598E+00   5.2097356E+00   5.3783480E+00  -2.2615911E+00   1.3093845E-01   2.8141090E+00   1.0957219E+01   1.9206038E+01  -1.5013510E-06   3.9848120E-04
  4.5452253E-05  -1.0308281E-04   4.5392241E-05   8.6527038E-04   4.9351861E-03   2.8835000E-03   1.6578952E-03   7.9354311E-04  -3.2219933E+01   1.3656886E-01   3.4642975E+00  -2.4528086E+01   4.1753814E+00   8.7464884E+00   3.2366786E+01  -2.4915143E+00   1.0865890E-01   2.8672703E+00   1.9206038E+01   5.2426476E+01   8.3306426E-05   8.8947724E-04
 -2.0985168E-09   4.5566598E-10  -9.5510905E-10   2.3475542E-08   2.7160114E-08   2.3531837E-07  -1.3290363E-07   8.9755922E-09  -1.7123869E-04   5.3252917E-06   1.1808523E-04   3.6526714E-03   1.3025781E-04   4.7274598E-04   4.3070142E-04  -8.3064087E-05   1.6108085E-04  -1.8144975E-04  -1.5013510E-06   8.3306426E-05   3.7839285E-07  -3.6728370E-10
 -1.9109164E-09  -1.1224175E-08   9.4143051E-10  -2.7111034E-08   3.4788096E-07  -9.0886969E-08  -5.0640506E-08   2.9825073E-09   7.2464369E-04  -2.1425548E-06  -4.4031853E-05   5.4739181E-04   7.5687127E-05  -4.1665827E-04  -1.3415614E-03   2.2701377E-05  -2.5912374E-05  -4.5056877E-05   3.9848120E-04   8.8947724E-04  -3.6728370E-10   3.8851052E-07
