# omegabh2 omegach2 theta tau mnu logA ns calPlanck acib217 xi asz143 aps100 aps143 aps143217 aps217 aksz kgal100 kgal143 kgal143217 kgal217 cal0 cal2
    0.6958675E-07   -0.4211049E-06    0.8195055E-07    0.1016976E-05   -0.2686938E-04    0.1295978E-05    0.1227154E-05    0.1389451E-07   -0.2532224E-03    0.4607028E-05    0.7849822E-04   -0.1297597E-02   -0.7496588E-03   -0.2507898E-03   -0.6272687E-04   -0.9676524E-04    0.2495859E-05   -0.2247740E-05   -0.2890404E-04   -0.5947127E-05    0.2735633E-08   -0.3232998E-07
   -0.4211049E-06    0.5479990E-05   -0.6909962E-06   -0.1569976E-04    0.2486388E-03   -0.2006440E-04   -0.1381504E-04   -0.2133576E-06    0.1448378E-02   -0.2940046E-04   -0.3922619E-03    0.7116840E-02    0.4481860E-02    0.1755714E-02    0.5718679E-03    0.4672158E-03    0.2088705E-04    0.7405390E-04    0.3693421E-03    0.3618652E-03   -0.3643075E-07    0.2510064E-06
    0.8195055E-07   -0.6909962E-06    0.2762751E-06    0.1648795E-05   -0.5190741E-04    0.2198910E-05    0.2076085E-05    0.4576760E-07   -0.2261909E-03    0.3545928E-05    0.5956858E-04   -0.1110155E-02   -0.7337867E-03   -0.3293301E-03   -0.1125221E-03   -0.7514983E-04    0.7493598E-06   -0.6353114E-05   -0.5012153E-04   -0.3054255E-04    0.1412293E-08   -0.3640866E-07
    0.1016976E-05   -0.1569976E-04    0.1648795E-05    0.3419321E-03    0.1574391E-02    0.6323766E-03    0.4667995E-04   -0.1909059E-05   -0.8608775E-02    0.1249539E-03    0.2716909E-02   -0.4660768E-01   -0.1860338E-01   -0.1277090E-02    0.4813386E-02   -0.3574795E-02    0.9506039E-04   -0.5555476E-04   -0.8495387E-03   -0.4346159E-03   -0.1778323E-06   -0.1224906E-05
   -0.2686938E-04    0.2486388E-03   -0.5190741E-04    0.1574391E-02    0.4191747E-01    0.3567200E-02   -0.6821630E-03    0.2136360E-04    0.5993186E-01   -0.1349287E-02   -0.1333001E-01    0.3397937E+00    0.2627625E+00    0.1603424E+00    0.1203776E+00    0.1336630E-01    0.1740673E-02   -0.3326546E-03    0.2051858E-01    0.2863138E-01   -0.3651455E-06    0.1250283E-04
    0.1295978E-05   -0.2006440E-04    0.2198910E-05    0.6323766E-03    0.3567200E-02    0.1215259E-02    0.6316318E-04    0.8589995E-05   -0.1416331E-01    0.2530555E-03    0.4683379E-02   -0.7354092E-01   -0.2587096E-01    0.4479772E-02    0.1668778E-01   -0.6932936E-02   -0.4405616E-04   -0.4073369E-03   -0.1174694E-02    0.1771620E-02   -0.2057232E-06   -0.1897466E-05
    0.1227154E-05   -0.1381504E-04    0.2076085E-05    0.4667995E-04   -0.6821630E-03    0.6316318E-04    0.4676325E-04    0.6394642E-06   -0.8353238E-02    0.1795508E-03    0.2269875E-02   -0.4448036E-01   -0.1750124E-01   -0.1105092E-02    0.4652079E-02   -0.3875389E-02    0.3377217E-03   -0.2306209E-03   -0.1365000E-02   -0.4734332E-03   -0.1504166E-06   -0.1119322E-05
    0.1389451E-07   -0.2133576E-06    0.4576760E-07   -0.1909059E-05    0.2136360E-04    0.8589995E-05    0.6394642E-06    0.6499166E-05    0.7681434E-03    0.8204687E-05    0.3338419E-04    0.3233883E-02    0.5788870E-03    0.6015726E-03    0.1403307E-02    0.3746988E-04   -0.3803066E-05    0.3630343E-04    0.2289478E-04    0.8287055E-03   -0.1532744E-07    0.1101316E-07
   -0.2532224E-03    0.1448378E-02   -0.2261909E-03   -0.8608775E-02    0.5993186E-01   -0.1416331E-01   -0.8353238E-02    0.7681434E-03    0.4363140E+02   -0.4930035E+00   -0.1619912E+01    0.4199856E+02    0.1313473E+01   -0.2030933E+02   -0.6049913E+02    0.3335928E+00    0.1453748E+00    0.1048786E+00   -0.1735054E+01   -0.1797795E+02   -0.2525955E-03    0.4455724E-02
    0.4607028E-05   -0.2940046E-04    0.3545928E-05    0.1249539E-03   -0.1349287E-02    0.2530555E-03    0.1795508E-03    0.8204687E-05   -0.4930035E+00    0.8197956E-01   -0.8066470E-01   -0.4307316E+00    0.1003428E+01    0.1825975E+01    0.7485738E+00    0.7580341E-01   -0.7226172E-02    0.1849117E-03    0.8967008E-01    0.1026222E+00    0.6914922E-05   -0.1569896E-04
    0.7849822E-04   -0.3922619E-03    0.5956858E-04    0.2716909E-02   -0.1333001E-01    0.4683379E-02    0.2269875E-02    0.3338419E-04   -0.1619912E+01   -0.8066470E-01    0.3796764E+01   -0.2988126E+02   -0.4292822E+01    0.7502210E+01    0.6620896E+01   -0.2897044E+01   -0.1863668E+00    0.8820378E-01    0.2338655E+01    0.2023518E+01    0.1545861E-03   -0.3839715E-03
   -0.1297597E-02    0.7116840E-02   -0.1110155E-02   -0.4660768E-01    0.3397937E+00   -0.7354092E-01   -0.4448036E-01    0.3233883E-02    0.4199856E+02   -0.4307316E+00   -0.2988126E+02    0.7859379E+03    0.7709141E+02   -0.5510827E+02   -0.6673404E+02    0.1482468E+02   -0.4070618E+01    0.2717598E+01   -0.1058248E+02   -0.1435294E+02    0.6713814E-02    0.4393717E-02
   -0.7496588E-03    0.4481860E-02   -0.7337867E-03   -0.1860338E-01    0.2627625E+00   -0.2587096E-01   -0.1750124E-01    0.5788870E-03    0.1313473E+01    0.1003428E+01   -0.4292822E+01    0.7709141E+02    0.6662503E+02    0.4752000E+02    0.2053199E+02   -0.4407216E+01   -0.4232769E+00   -0.1253931E+01    0.3996473E+01    0.4317862E+01    0.1848125E-03    0.3776602E-03
   -0.2507898E-03    0.1755714E-02   -0.3293301E-03   -0.1277090E-02    0.1603424E+00    0.4479772E-02   -0.1105092E-02    0.6015726E-03   -0.2030933E+02    0.1825975E+01    0.7502210E+01   -0.5510827E+02    0.4752000E+02    0.9956377E+02    0.6872718E+02   -0.1264127E+02   -0.9192730E+00   -0.5438870E+00    0.4774793E+01    0.5379385E+01    0.6911876E-03   -0.2472872E-02
   -0.6272687E-04    0.5718679E-03   -0.1125221E-03    0.4813386E-02    0.1203776E+00    0.1668778E-01    0.4652079E-02    0.1403307E-02   -0.6049913E+02    0.7485738E+00    0.6620896E+01   -0.6673404E+02    0.2053199E+02    0.6872718E+02    0.1231788E+03   -0.1075493E+02   -0.7461443E+00   -0.4476743E+00   -0.5805204E+00    0.1449866E+02    0.6691596E-03   -0.7752894E-02
   -0.9676524E-04    0.4672158E-03   -0.7514983E-04   -0.3574795E-02    0.1336630E-01   -0.6932936E-02   -0.3875389E-02    0.3746988E-04    0.3335928E+00    0.7580341E-01   -0.2897044E+01    0.1482468E+02   -0.4407216E+01   -0.1264127E+02   -0.1075493E+02    0.6598923E+01    0.9946840E-01   -0.1097317E+00   -0.2097475E+01   -0.1678573E+01   -0.1077746E-03    0.1924141E-03
    0.2495859E-05    0.2088705E-04    0.7493598E-06    0.9506039E-04    0.1740673E-02   -0.4405616E-04    0.3377217E-03   -0.3803066E-05    0.1453748E+00   -0.7226172E-02   -0.1863668E+00   -0.4070618E+01   -0.4232769E+00   -0.9192730E+00   -0.7461443E+00    0.9946840E-01    0.3544095E+01    0.4196885E+00    0.8192944E-01    0.1403782E+00    0.2749859E-03    0.1718581E-04
   -0.2247740E-05    0.7405390E-04   -0.6353114E-05   -0.5555476E-04   -0.3326546E-03   -0.4073369E-03   -0.2306209E-03    0.3630343E-04    0.1048786E+00    0.1849117E-03    0.8820378E-01    0.2717598E+01   -0.1253931E+01   -0.5438870E+00   -0.4476743E+00   -0.1097317E+00    0.4196885E+00    0.3358974E+01    0.2594657E+01    0.1736325E+01   -0.2866416E-03   -0.2308454E-03
   -0.2890404E-04    0.3693421E-03   -0.5012153E-04   -0.8495387E-03    0.2051858E-01   -0.1174694E-02   -0.1365000E-02    0.2289478E-04   -0.1735054E+01    0.8967008E-01    0.2338655E+01   -0.1058248E+02    0.3996473E+01    0.4774793E+01   -0.5805204E+00   -0.2097475E+01    0.8192944E-01    0.2594657E+01    0.1743342E+02    0.2610346E+02   -0.3248992E-04    0.2599599E-02
   -0.5947127E-05    0.3618652E-03   -0.3054255E-04   -0.4346159E-03    0.2863138E-01    0.1771620E-02   -0.4734332E-03    0.8287055E-03   -0.1797795E+02    0.1026222E+00    0.2023518E+01   -0.1435294E+02    0.4317862E+01    0.5379385E+01    0.1449866E+02   -0.1678573E+01    0.1403782E+00    0.1736325E+01    0.2610346E+02    0.5509771E+02    0.2812757E-04    0.4707157E-02
    0.2735633E-08   -0.3643075E-07    0.1412293E-08   -0.1778323E-06   -0.3651455E-06   -0.2057232E-06   -0.1504166E-06   -0.1532744E-07   -0.2525955E-03    0.6914922E-05    0.1545861E-03    0.6713814E-02    0.1848125E-03    0.6911876E-03    0.6691596E-03   -0.1077746E-03    0.2749859E-03   -0.2866416E-03   -0.3248992E-04    0.2812757E-04    0.6063615E-06   -0.6164341E-08
   -0.3232998E-07    0.2510064E-06   -0.3640866E-07   -0.1224906E-05    0.1250283E-04   -0.1897466E-05   -0.1119322E-05    0.1101316E-07    0.4455724E-02   -0.1569896E-04   -0.3839715E-03    0.4393717E-02    0.3776602E-03   -0.2472872E-02   -0.7752894E-02    0.1924141E-03    0.1718581E-04   -0.2308454E-03    0.2599599E-02    0.4707157E-02   -0.6164341E-08    0.2131749E-05
