# omegabh2 omegach2 theta mnu logA ns
  2.5441225E-07   2.2210299E-07  -2.6391319E-07  -4.5075573E-06  -2.9958588E-07  -1.3421390E-08
  2.2210299E-07   1.3485151E-03   1.5878791E-03   4.5102494E-02  -5.5461782E-03  -1.1647392E-04
 -2.6391319E-07   1.5878791E-03   4.3191497E-03   5.0063463E-02  -1.4489158E-03  -5.1545986E-05
 -4.5075573E-06   4.5102494E-02   5.0063463E-02   1.8322119E+00  -1.8299720E-01  -6.5776248E-04
 -2.9958588E-07  -5.5461782E-03  -1.4489158E-03  -1.8299720E-01   3.5183684E-02   1.0088474E-03
 -1.3421390E-08  -1.1647392E-04  -5.1545986E-05  -6.5776248E-04   1.0088474E-03   4.1427626E-04
