# omegabh2 omegach2 theta tau logA ns calPlanck acib217 xi asz143 aps100 aps143 aps143217 aps217 aksz kgal100 kgal143 kgal143217 kgal217 galfEE100 galfEE100143 galfEE100217 galfEE143 galfEE143217 galfEE217 galfTE100 galfTE100143 galfTE100217 galfTE143 galfTE143217 galfTE217 cal0 cal2
    0.1836815E-07   -0.6433502E-07    0.1162595E-07    0.1961679E-06    0.3323845E-06    0.1804582E-06    0.1026263E-07   -0.8345620E-04    0.1719149E-05    0.2394893E-04   -0.4222843E-03   -0.1724487E-03   -0.2656568E-04    0.3618042E-04   -0.3716813E-04   -0.7614669E-06   -0.4756954E-05   -0.4314570E-06    0.1795945E-04    0.3519036E-07    0.3811896E-07    0.3126089E-07    0.3954851E-07    0.1905598E-07    0.3690681E-06    0.7924700E-07   -0.3856749E-07   -0.1704877E-06   -0.3189783E-06   -0.7038883E-06   -0.2037743E-05    0.1722922E-08   -0.4627591E-08
   -0.6433502E-07    0.1077038E-05   -0.6656546E-07   -0.1536651E-05   -0.5666781E-06   -0.2540010E-05   -0.7247893E-07    0.1770923E-03   -0.3709653E-05   -0.3071226E-04    0.9073904E-03    0.4132396E-03    0.3360790E-03    0.1031374E-03    0.3942715E-04   -0.2280336E-04    0.1959053E-04   -0.5332283E-04   -0.1060723E-03   -0.4933461E-06   -0.5616039E-06   -0.1920100E-06   -0.5324493E-06   -0.7507707E-06   -0.1979478E-05   -0.7154136E-06   -0.2159649E-06    0.2681455E-05    0.1177403E-05    0.3487090E-05    0.1555234E-04   -0.1432408E-07    0.2321755E-08
    0.1162595E-07   -0.6656546E-07    0.8960047E-07    0.2056328E-06    0.3474170E-06    0.2748415E-06    0.7931801E-08    0.6532763E-05   -0.9108993E-06    0.7940548E-05   -0.8892509E-04   -0.4023480E-04   -0.3958472E-04   -0.2720906E-04   -0.5004787E-05    0.9927057E-06   -0.2415278E-05    0.1246798E-04    0.2269187E-04    0.3395736E-08    0.2239760E-08    0.1422982E-06    0.3060102E-07    0.1476200E-07   -0.6719895E-06   -0.1683739E-06   -0.2151927E-06    0.6703632E-07   -0.3072663E-06   -0.7740332E-06   -0.1680153E-05   -0.1144721E-09    0.6621596E-08
    0.1961679E-06   -0.1536651E-05    0.2056328E-06    0.6684356E-04    0.1294268E-03    0.4959416E-05   -0.5637692E-06   -0.1231993E-02    0.4714814E-05    0.5113375E-03   -0.1425850E-01   -0.4177056E-02   -0.1447342E-02   -0.1713901E-03   -0.1075461E-02   -0.5517076E-04   -0.3429584E-03   -0.3161992E-03   -0.1794998E-03    0.3857292E-06    0.2011331E-06    0.7938910E-06    0.8664262E-06    0.5016265E-06    0.1907016E-05   -0.1321977E-05    0.6187347E-07   -0.1324361E-04   -0.8476056E-05   -0.1856844E-04   -0.4957187E-04   -0.3781075E-07   -0.1600811E-06
    0.3323845E-06   -0.5666781E-06    0.3474170E-06    0.1294268E-03    0.2840622E-03    0.2757594E-05    0.1095569E-04   -0.1520070E-02    0.6525465E-04    0.1251314E-02   -0.2164700E-01   -0.5524294E-02    0.2207709E-02    0.6174827E-02   -0.3359551E-02   -0.4028615E-03   -0.1118492E-02   -0.1491346E-02   -0.1796466E-03    0.8252814E-06   -0.9829643E-06    0.2263166E-05    0.2602291E-05   -0.7098301E-05   -0.3525084E-05   -0.1576883E-05   -0.3132944E-06   -0.2440542E-04   -0.1463110E-04   -0.2694105E-04   -0.3701610E-04    0.1288716E-06   -0.4882137E-06
    0.1804582E-06   -0.2540010E-05    0.2748415E-06    0.4959416E-05    0.2757594E-05    0.1503419E-04    0.3213977E-06   -0.4272471E-02    0.1047284E-03    0.9367860E-03   -0.2433979E-01   -0.4464213E-02    0.2808170E-02    0.5488422E-02   -0.2254899E-02    0.2861262E-03   -0.3400215E-03   -0.1315114E-03    0.9255147E-03    0.2222787E-05    0.2888614E-05    0.8270688E-06    0.2803895E-05    0.2379031E-06    0.1179595E-04    0.9397202E-06   -0.4869786E-06   -0.4007489E-06   -0.4115474E-05   -0.6902541E-05   -0.2256956E-04   -0.1556901E-06   -0.3258740E-06
    0.1026263E-07   -0.7247893E-07    0.7931801E-08   -0.5637692E-06    0.1095569E-04    0.3213977E-06    0.6091485E-05    0.1175024E-02    0.9657154E-06    0.7619323E-04    0.3777215E-02    0.6089228E-03    0.7028204E-03    0.1176535E-02   -0.2029361E-03    0.9513350E-05    0.2133483E-04   -0.1833014E-03    0.1643604E-03    0.8750190E-06    0.2989855E-06    0.6523018E-06    0.1497476E-05   -0.1876038E-05    0.1053568E-05    0.1164028E-05    0.3270289E-06   -0.9327025E-06    0.5872218E-06    0.1828790E-05    0.1595775E-04   -0.5805352E-08   -0.4593165E-07
   -0.8345620E-04    0.1770923E-03    0.6532763E-05   -0.1231993E-02   -0.1520070E-02   -0.4272471E-02    0.1175024E-02    0.4275516E+02   -0.5345349E+00   -0.1369224E+01    0.4033774E+02   -0.2403963E+01   -0.2326948E+02   -0.6070336E+02    0.1991559E+00   -0.8465061E-01    0.2591421E+00   -0.1642388E+01   -0.1784745E+02    0.1869409E-03   -0.8442446E-03    0.5749730E-02   -0.7187957E-03    0.3033845E-02   -0.8755007E-02   -0.2180478E-02    0.3716717E-02    0.4355293E-02    0.6743482E-02    0.7703320E-03    0.1743031E-01   -0.3371289E-03    0.4392533E-02
    0.1719149E-05   -0.3709653E-05   -0.9108993E-06    0.4714814E-05    0.6525465E-04    0.1047284E-03    0.9657154E-06   -0.5345349E+00    0.8131745E-01   -0.8852766E-01   -0.4026657E+00    0.1095803E+01    0.1908445E+01    0.8468978E+00    0.8047425E-01    0.2116191E-02    0.4750592E-02    0.1013111E+00    0.1127670E+00   -0.2225954E-04    0.4749723E-05    0.4956533E-05   -0.1439045E-04    0.4380539E-04   -0.4371482E-03    0.1050167E-03    0.1424207E-03    0.2307241E-03    0.1805425E-03    0.1906464E-04    0.3670259E-03    0.6656922E-05   -0.1972325E-04
    0.2394893E-04   -0.3071226E-04    0.7940548E-05    0.5113375E-03    0.1251314E-02    0.9367860E-03    0.7619323E-04   -0.1369224E+01   -0.8852766E-01    0.3746450E+01   -0.2914831E+02   -0.3745952E+01    0.7572911E+01    0.6565706E+01   -0.2691950E+01   -0.1910926E+00    0.3940455E-01    0.2291618E+01    0.2005778E+01    0.6572002E-04    0.1386867E-03    0.4834925E-03    0.2386533E-03   -0.2304828E-02    0.3947289E-02   -0.1012287E-02   -0.7406524E-03   -0.8286140E-03   -0.1624522E-02   -0.2128658E-02   -0.4785311E-02    0.1679442E-03   -0.3432756E-03
   -0.4222843E-03    0.9073904E-03   -0.8892509E-04   -0.1425850E-01   -0.2164700E-01   -0.2433979E-01    0.3777215E-02    0.4033774E+02   -0.4026657E+00   -0.2914831E+02    0.7919859E+03    0.6545266E+02   -0.5966545E+02   -0.6881773E+02    0.1259445E+02   -0.3439652E+01    0.3636742E+01   -0.1206421E+02   -0.1619513E+02   -0.5139783E-03   -0.3319772E-02   -0.4103566E-02   -0.2032773E-02    0.3658730E-01   -0.6355863E-01    0.7656306E-02    0.8423114E-02    0.7935017E-02    0.2014427E-01    0.2874556E-01    0.1965074E-01    0.6472583E-02    0.4007904E-02
   -0.1724487E-03    0.4132396E-03   -0.4023480E-04   -0.4177056E-02   -0.5524294E-02   -0.4464213E-02    0.6089228E-03   -0.2403963E+01    0.1095803E+01   -0.3745952E+01    0.6545266E+02    0.6079324E+02    0.4717389E+02    0.2225416E+02   -0.5048273E+01   -0.2520612E+00   -0.6313640E+00    0.3758896E+01    0.3782888E+01   -0.4871375E-03   -0.1117563E-02   -0.2017964E-02   -0.1349291E-02    0.3902776E-02   -0.2102056E-01    0.4304485E-02    0.4830443E-02    0.6237147E-02    0.9674977E-03    0.8592972E-02    0.4992959E-01    0.1320245E-03   -0.9534277E-04
   -0.2656568E-04    0.3360790E-03   -0.3958472E-04   -0.1447342E-02    0.2207709E-02    0.2808170E-02    0.7028204E-03   -0.2326948E+02    0.1908445E+01    0.7572911E+01   -0.5966545E+02    0.4717389E+02    0.1020303E+03    0.7178691E+02   -0.1225581E+02   -0.5555529E+00   -0.1841445E+00    0.5048119E+01    0.5943819E+01   -0.7909702E-03   -0.4543121E-03    0.1411130E-03   -0.7632143E-03   -0.5577821E-02   -0.1406301E-01    0.3900744E-03    0.5192722E-03    0.5842063E-02   -0.4838995E-02    0.3407245E-02    0.4390931E-01    0.7333454E-03   -0.2755167E-02
    0.3618042E-04    0.1031374E-03   -0.2720906E-04   -0.1713901E-03    0.6174827E-02    0.5488422E-02    0.1176535E-02   -0.6070336E+02    0.8468978E+00    0.6565706E+01   -0.6881773E+02    0.2225416E+02    0.7178691E+02    0.1236101E+03   -0.1065212E+02   -0.2836715E+00   -0.4366137E+00   -0.5707677E+00    0.1445941E+02   -0.1928796E-03    0.6919748E-03   -0.8760939E-02    0.8236190E-03   -0.6640570E-02    0.3559592E-03    0.1890311E-02   -0.6615571E-02   -0.5725655E-02   -0.1640511E-01    0.7979131E-02    0.1055501E-01    0.8242302E-03   -0.7817585E-02
   -0.3716813E-04    0.3942715E-04   -0.5004787E-05   -0.1075461E-02   -0.3359551E-02   -0.2254899E-02   -0.2029361E-03    0.1991559E+00    0.8047425E-01   -0.2691950E+01    0.1259445E+02   -0.5048273E+01   -0.1225581E+02   -0.1065212E+02    0.6101316E+01    0.1280952E+00   -0.8725171E-01   -0.2004459E+01   -0.1654683E+01   -0.1903951E-03   -0.2691301E-03   -0.2554610E-03   -0.2494997E-03    0.1593225E-02   -0.4245504E-03    0.6899577E-03    0.4496095E-03    0.1412759E-02    0.3124261E-02    0.5736787E-03   -0.5330787E-02   -0.1108884E-03    0.1585278E-03
   -0.7614669E-06   -0.2280336E-04    0.9927057E-06   -0.5517076E-04   -0.4028615E-03    0.2861262E-03    0.9513350E-05   -0.8465061E-01    0.2116191E-02   -0.1910926E+00   -0.3439652E+01   -0.2520612E+00   -0.5555529E+00   -0.2836715E+00    0.1280952E+00    0.3505809E+01    0.4630041E+00    0.1690419E+00    0.4172053E+00    0.1120566E-03    0.1494585E-03    0.7857919E-03    0.4571351E-03    0.6156466E-03    0.2869326E-02   -0.1056865E-02    0.8029911E-04   -0.1013178E-02    0.1038789E-02   -0.1602129E-02   -0.1082116E-02    0.3074065E-03    0.6779513E-04
   -0.4756954E-05    0.1959053E-04   -0.2415278E-05   -0.3429584E-03   -0.1118492E-02   -0.3400215E-03    0.2133483E-04    0.2591421E+00    0.4750592E-02    0.3940455E-01    0.3636742E+01   -0.6313640E+00   -0.1841445E+00   -0.4366137E+00   -0.8725171E-01    0.4630041E+00    0.3307910E+01    0.2466205E+01    0.1650284E+01   -0.9398278E-04    0.6393562E-04    0.8047910E-03    0.8393004E-04    0.1193111E-02    0.3666258E-02    0.5552894E-03   -0.3151821E-04   -0.2313247E-02   -0.7835461E-04   -0.2064968E-02   -0.6007016E-02   -0.2831507E-03   -0.2040720E-03
   -0.4314570E-06   -0.5332283E-04    0.1246798E-04   -0.3161992E-03   -0.1491346E-02   -0.1315114E-03   -0.1833014E-03   -0.1642388E+01    0.1013111E+00    0.2291618E+01   -0.1206421E+02    0.3758896E+01    0.5048119E+01   -0.5707677E+00   -0.2004459E+01    0.1690419E+00    0.2466205E+01    0.1674159E+02    0.2494630E+02   -0.1494948E-03    0.8300683E-04    0.1728142E-02    0.2708972E-03    0.5325665E-04    0.1474857E-01    0.4136537E-02    0.8499814E-03   -0.7398788E-02   -0.2088462E-02   -0.1000688E-01   -0.2797476E-01   -0.4991175E-04    0.2519155E-02
    0.1795945E-04   -0.1060723E-03    0.2269187E-04   -0.1794998E-03   -0.1796466E-03    0.9255147E-03    0.1643604E-03   -0.1784745E+02    0.1127670E+00    0.2005778E+01   -0.1619513E+02    0.3782888E+01    0.5943819E+01    0.1445941E+02   -0.1654683E+01    0.4172053E+00    0.1650284E+01    0.2494630E+02    0.5326310E+02   -0.3497976E-03    0.4472204E-03    0.2206577E-02    0.1069966E-02   -0.1893814E-02    0.2751084E-01    0.4955853E-02   -0.1764871E-02   -0.1404465E-01   -0.5326356E-02   -0.1231308E-01   -0.3121437E-01    0.1755373E-04    0.4446625E-02
    0.3519036E-07   -0.4933461E-06    0.3395736E-08    0.3857292E-06    0.8252814E-06    0.2222787E-05    0.8750190E-06    0.1869409E-03   -0.2225954E-04    0.6572002E-04   -0.5139783E-03   -0.4871375E-03   -0.7909702E-03   -0.1928796E-03   -0.1903951E-03    0.1120566E-03   -0.9398278E-04   -0.1494948E-03   -0.3497976E-03    0.3248831E-04    0.8843220E-05   -0.1455594E-05    0.2616415E-05    0.2465294E-05    0.1668978E-04   -0.7423429E-06   -0.2689584E-05   -0.4277313E-05    0.1138759E-05    0.3848397E-05    0.2123131E-04    0.2691384E-07   -0.1209867E-06
    0.3811896E-07   -0.5616039E-06    0.2239760E-08    0.2011331E-06   -0.9829643E-06    0.2888614E-05    0.2989855E-06   -0.8442446E-03    0.4749723E-05    0.1386867E-03   -0.3319772E-02   -0.1117563E-02   -0.4543121E-03    0.6919748E-03   -0.2691301E-03    0.1494585E-03    0.6393562E-04    0.8300683E-04    0.4472204E-03    0.8843220E-05    0.2570481E-04   -0.1284960E-05    0.1315580E-04   -0.1405712E-06    0.5667820E-05   -0.2865612E-05    0.3139734E-06   -0.2393341E-06    0.2758755E-06   -0.4028120E-05   -0.8848149E-05   -0.4666779E-07   -0.1587516E-06
    0.3126089E-07   -0.1920100E-06    0.1422982E-06    0.7938910E-06    0.2263166E-05    0.8270688E-06    0.6523018E-06    0.5749730E-02    0.4956533E-05    0.4834925E-03   -0.4103566E-02   -0.2017964E-02    0.1411130E-03   -0.8760939E-02   -0.2554610E-03    0.7857919E-03    0.8047910E-03    0.1728142E-02    0.2206577E-02   -0.1455594E-05   -0.1284960E-05    0.1037150E-02    0.2810088E-05   -0.1357743E-05    0.1296734E-04    0.1468705E-04   -0.5122406E-05   -0.4867035E-04    0.9014625E-05   -0.2286845E-04   -0.1420032E-03   -0.1741993E-06    0.1337597E-05
    0.3954851E-07   -0.5324493E-06    0.3060102E-07    0.8664262E-06    0.2602291E-05    0.2803895E-05    0.1497476E-05   -0.7187957E-03   -0.1439045E-04    0.2386533E-03   -0.2032773E-02   -0.1349291E-02   -0.7632143E-03    0.8236190E-03   -0.2494997E-03    0.4571351E-03    0.8393004E-04    0.2708972E-03    0.1069966E-02    0.2616415E-05    0.1315580E-04    0.2810088E-05    0.4815057E-04   -0.4600320E-05    0.2458978E-04    0.5411944E-07    0.6028432E-06   -0.1868360E-05   -0.3960887E-07    0.6245541E-05    0.9504196E-05    0.6240510E-07   -0.1132212E-07
    0.1905598E-07   -0.7507707E-06    0.1476200E-07    0.5016265E-06   -0.7098301E-05    0.2379031E-06   -0.1876038E-05    0.3033845E-02    0.4380539E-04   -0.2304828E-02    0.3658730E-01    0.3902776E-02   -0.5577821E-02   -0.6640570E-02    0.1593225E-02    0.6156466E-03    0.1193111E-02    0.5325665E-04   -0.1893814E-02    0.2465294E-05   -0.1405712E-06   -0.1357743E-05   -0.4600320E-05    0.2225084E-02    0.3060574E-04   -0.9599535E-05    0.3060537E-04   -0.1700969E-04    0.8138043E-05   -0.7276445E-04    0.3277420E-04   -0.2611050E-06    0.1814852E-06
    0.3690681E-06   -0.1979478E-05   -0.6719895E-06    0.1907016E-05   -0.3525084E-05    0.1179595E-04    0.1053568E-05   -0.8755007E-02   -0.4371482E-03    0.3947289E-02   -0.6355863E-01   -0.2102056E-01   -0.1406301E-01    0.3559592E-03   -0.4245504E-03    0.2869326E-02    0.3666258E-02    0.1474857E-01    0.2751084E-01    0.1668978E-04    0.5667820E-05    0.1296734E-04    0.2458978E-04    0.3060574E-04    0.1669852E-01   -0.2109223E-05   -0.6723850E-04    0.9813071E-04   -0.1010157E-03   -0.8990698E-04   -0.3012034E-03    0.1294902E-05    0.1493955E-05
    0.7924700E-07   -0.7154136E-06   -0.1683739E-06   -0.1321977E-05   -0.1576883E-05    0.9397202E-06    0.1164028E-05   -0.2180478E-02    0.1050167E-03   -0.1012287E-02    0.7656306E-02    0.4304485E-02    0.3900744E-03    0.1890311E-02    0.6899577E-03   -0.1056865E-02    0.5552894E-03    0.4136537E-02    0.4955853E-02   -0.7423429E-06   -0.2865612E-05    0.1468705E-04    0.5411944E-07   -0.9599535E-05   -0.2109223E-05    0.1436673E-02    0.3063377E-03    0.5343758E-04   -0.3369411E-03   -0.1472440E-04   -0.1029633E-03    0.3620871E-06   -0.3126092E-07
   -0.3856749E-07   -0.2159649E-06   -0.2151927E-06    0.6187347E-07   -0.3132944E-06   -0.4869786E-06    0.3270289E-06    0.3716717E-02    0.1424207E-03   -0.7406524E-03    0.8423114E-02    0.4830443E-02    0.5192722E-03   -0.6615571E-02    0.4496095E-03    0.8029911E-04   -0.3151821E-04    0.8499814E-03   -0.1764871E-02   -0.2689584E-05    0.3139734E-06   -0.5122406E-05    0.6028432E-06    0.3060537E-04   -0.6723850E-04    0.3063377E-03    0.9014355E-03    0.5436893E-04    0.8267901E-03   -0.2130339E-04   -0.6829472E-03   -0.2276747E-06   -0.2697227E-06
   -0.1704877E-06    0.2681455E-05    0.6703632E-07   -0.1324361E-04   -0.2440542E-04   -0.4007489E-06   -0.9327025E-06    0.4355293E-02    0.2307241E-03   -0.8286140E-03    0.7935017E-02    0.6237147E-02    0.5842063E-02   -0.5725655E-02    0.1412759E-02   -0.1013178E-02   -0.2313247E-02   -0.7398788E-02   -0.1404465E-01   -0.4277313E-05   -0.2393341E-06   -0.4867035E-04   -0.1868360E-05   -0.1700969E-04    0.9813071E-04    0.5343758E-04    0.5436893E-04    0.6947395E-02   -0.2698689E-03    0.8221402E-03    0.4145521E-02   -0.2740792E-06   -0.9524872E-06
   -0.3189783E-06    0.1177403E-05   -0.3072663E-06   -0.8476056E-05   -0.1463110E-04   -0.4115474E-05    0.5872218E-06    0.6743482E-02    0.1805425E-03   -0.1624522E-02    0.2014427E-01    0.9674977E-03   -0.4838995E-02   -0.1640511E-01    0.3124261E-02    0.1038789E-02   -0.7835461E-04   -0.2088462E-02   -0.5326356E-02    0.1138759E-05    0.2758755E-06    0.9014625E-05   -0.3960887E-07    0.8138043E-05   -0.1010157E-03   -0.3369411E-03    0.8267901E-03   -0.2698689E-03    0.2983573E-02    0.3284960E-03   -0.1066956E-02   -0.3548271E-06    0.1574295E-06
   -0.7038883E-06    0.3487090E-05   -0.7740332E-06   -0.1856844E-04   -0.2694105E-04   -0.6902541E-05    0.1828790E-05    0.7703320E-03    0.1906464E-04   -0.2128658E-02    0.2874556E-01    0.8592972E-02    0.3407245E-02    0.7979131E-02    0.5736787E-03   -0.1602129E-02   -0.2064968E-02   -0.1000688E-01   -0.1231308E-01    0.3848397E-05   -0.4028120E-05   -0.2286845E-04    0.6245541E-05   -0.7276445E-04   -0.8990698E-04   -0.1472440E-04   -0.2130339E-04    0.8221402E-03    0.3284960E-03    0.6468242E-02    0.7340142E-02   -0.3507783E-06   -0.1580270E-06
   -0.2037743E-05    0.1555234E-04   -0.1680153E-05   -0.4957187E-04   -0.3701610E-04   -0.2256956E-04    0.1595775E-04    0.1743031E-01    0.3670259E-03   -0.4785311E-02    0.1965074E-01    0.4992959E-01    0.4390931E-01    0.1055501E-01   -0.5330787E-02   -0.1082116E-02   -0.6007016E-02   -0.2797476E-01   -0.3121437E-01    0.2123131E-04   -0.8848149E-05   -0.1420032E-03    0.9504196E-05    0.3277420E-04   -0.3012034E-03   -0.1029633E-03   -0.6829472E-03    0.4145521E-02   -0.1066956E-02    0.7340142E-02    0.6296626E-01   -0.5868910E-05    0.5500154E-07
    0.1722922E-08   -0.1432408E-07   -0.1144721E-09   -0.3781075E-07    0.1288716E-06   -0.1556901E-06   -0.5805352E-08   -0.3371289E-03    0.6656922E-05    0.1679442E-03    0.6472583E-02    0.1320245E-03    0.7333454E-03    0.8242302E-03   -0.1108884E-03    0.3074065E-03   -0.2831507E-03   -0.4991175E-04    0.1755373E-04    0.2691384E-07   -0.4666779E-07   -0.1741993E-06    0.6240510E-07   -0.2611050E-06    0.1294902E-05    0.3620871E-06   -0.2276747E-06   -0.2740792E-06   -0.3548271E-06   -0.3507783E-06   -0.5868910E-05    0.6083541E-06   -0.1826234E-07
   -0.4627591E-08    0.2321755E-08    0.6621596E-08   -0.1600811E-06   -0.4882137E-06   -0.3258740E-06   -0.4593165E-07    0.4392533E-02   -0.1972325E-04   -0.3432756E-03    0.4007904E-02   -0.9534277E-04   -0.2755167E-02   -0.7817585E-02    0.1585278E-03    0.6779513E-04   -0.2040720E-03    0.2519155E-02    0.4446625E-02   -0.1209867E-06   -0.1587516E-06    0.1337597E-05   -0.1132212E-07    0.1814852E-06    0.1493955E-05   -0.3126092E-07   -0.2697227E-06   -0.9524872E-06    0.1574295E-06   -0.1580270E-06    0.5500154E-07   -0.1826234E-07    0.2077495E-05
