# omegabh2 omegach2 theta tau logA ns r calPlanck aps100 aps143 aps217 acib217 asz143 psr cibr xi aksz dust100 dust143 dust217 dust143x217 cal0 cal2 calTE calEE
  2.1023448E-08  -4.9057131E-08   1.0393960E-08   1.9984167E-07   3.8032425E-07   1.8679600E-07  -1.1029151E-07   1.7352031E-08  -3.4518049E-04  -2.3850601E-04   1.0993751E-04  -1.3997039E-04   1.1682930E-05   7.7543379E-07  -2.3272448E-06   1.1901915E-06  -2.5090241E-05  -1.7168602E-07  -6.0209255E-07   9.4592378E-07  -2.9269481E-08   8.8819169E-10  -3.7259195E-09  -9.2848930E-08  -2.5898553E-07
 -4.9057131E-08   9.1335370E-07  -4.0199052E-08  -2.3122284E-06  -2.8283439E-06  -2.1211555E-06  -3.3836829E-06  -1.5667595E-07   5.8099608E-04   4.5056726E-04  -2.7756397E-04   2.5766417E-04  -5.0946073E-05  -3.9170952E-06   5.8554882E-06  -4.5524316E-06   1.1380238E-04  -5.4202878E-07   6.2032542E-06  -1.8381806E-06  -9.9470887E-07  -4.2318743E-08   1.0586364E-08  -1.6494887E-07  -4.7356186E-07
  1.0393960E-08  -4.0199052E-08   8.6341111E-08   2.0345903E-07   4.4942071E-07   1.9526820E-07  -2.5076499E-07   2.1413669E-08  -7.3359213E-06   4.4554407E-05   1.2157262E-04  -8.7430539E-05   3.3090966E-06  -1.5009049E-07   3.3568150E-07   2.2434999E-06  -5.1103439E-06  -9.2871714E-07   9.3885678E-07   1.4912299E-06   1.0271964E-06  -1.7670961E-09   2.4277458E-09  -5.4079941E-08   2.0730533E-08
  1.9984167E-07  -2.3122284E-06   2.0345903E-07   5.1569719E-05   9.4394910E-05   7.7570674E-06  -1.8476514E-06  -1.1889558E-06  -6.0227537E-03  -2.3713048E-03   1.1413143E-03  -2.2537481E-03   2.8111714E-04   2.7063604E-05  -5.2311494E-05   6.7317650E-05  -6.1918435E-04  -9.4058058E-06  -1.1048989E-05   1.8002663E-05   1.8923785E-05   1.5820976E-08  -6.6283403E-09  -2.7870830E-06  -1.7330212E-06
  3.8032425E-07  -2.8283439E-06   4.4942071E-07   9.4394910E-05   2.0221695E-04   9.8315458E-06  -1.8206479E-05   9.1707404E-06  -5.0936648E-03  -2.4822719E-03   9.7400044E-03  -5.5331678E-03   5.4042349E-04   7.6713484E-05  -1.5368088E-04   1.4608004E-04  -1.9793682E-03  -3.3512845E-05  -1.0058467E-04   6.1003763E-05   2.6961018E-05   5.9331898E-07  -4.9014749E-08  -6.0712024E-06  -2.5370569E-06
  1.8679600E-07  -2.1211555E-06   1.9526820E-07   7.7570674E-06   9.8315458E-06   1.5189910E-05   3.4316917E-05   5.4247212E-07  -2.1921225E-02  -6.5922844E-03   9.3206790E-03  -6.2071489E-03   5.1910005E-04   6.5950019E-05  -1.1388929E-04   7.5535484E-05  -2.0838354E-03   1.5899977E-05  -4.0319985E-05   3.6748670E-05  -4.5112898E-06  -2.2364927E-07  -1.8762087E-07  -1.3075876E-07  -2.6366940E-06
 -1.1029151E-07  -3.3836829E-06  -2.5076499E-07  -1.8476514E-06  -1.8206479E-05   3.4316917E-05   2.0033783E-03   1.6711888E-06  -4.7536840E-02  -1.0736963E-02   2.4144773E-02  -1.4869650E-02   9.6456313E-04   1.7200857E-04  -2.4460594E-04   1.5820452E-05  -3.7991036E-03  -2.5220826E-04  -1.1295912E-04   8.0055250E-05  -5.2818992E-05  -9.0202817E-07  -6.0951378E-07   2.1817143E-06   3.4705904E-06
  1.7352031E-08  -1.5667595E-07   2.1413669E-08  -1.1889558E-06   9.1707404E-06   5.4247212E-07   1.6711888E-06   5.9877198E-06   3.4257058E-03   2.8696955E-04   1.5246282E-03   3.1012777E-04  -9.7277037E-07   1.2868615E-06  -4.2551033E-06  -6.2228193E-06  -3.5091076E-05   1.5075159E-06   4.7282061E-07   9.5123756E-06   2.9485893E-06   1.5755296E-08  -3.3487916E-08  -3.3984038E-07  -3.1585884E-07
 -3.4518049E-04   5.8099608E-04  -7.3359213E-06  -6.0227537E-03  -5.0936648E-03  -2.1921225E-02  -4.7536840E-02   3.4257058E-03   6.1993304E+02   5.8903425E+01  -5.0976608E+01   2.6279008E+01  -2.5943148E+01  -8.7548918E-01  -1.5827814E-01  -1.6885836E-01   1.1216885E+01  -2.2268974E-01   2.7679888E-01  -1.9746051E-01  -2.0844674E-01   6.6250883E-03   2.8572957E-03   1.1309309E-03   5.3396766E-03
 -2.3850601E-04   4.5056726E-04   4.4554407E-05  -2.3713048E-03  -2.4822719E-03  -6.5922844E-03  -1.0736963E-02   2.8696955E-04   5.8903425E+01   6.4921487E+01   8.8074054E+00   6.1898796E+00  -3.8487747E-01  -4.1045815E-02   4.6711563E-01   8.6557219E-01  -8.3673475E+00  -4.8978694E-02  -1.9393290E-01   5.1809890E-02   5.6533497E-02   7.7685653E-04   6.4855754E-04   2.3607042E-03   5.5763339E-03
  1.0993751E-04  -2.7756397E-04   1.2157262E-04   1.1413143E-03   9.7400044E-03   9.3206790E-03   2.4144773E-02   1.5246282E-03  -5.0976608E+01   8.8074054E+00   1.7242715E+02  -8.2016724E+01   2.7256531E+00   3.3281706E-01  -1.0672021E+00   3.7503068E-01  -7.0534268E+00  -1.9132840E-02  -2.5693929E-01   5.5986053E-01   6.5826913E-03   1.9545722E-03  -7.4664376E-03   2.7609875E-03   3.2258594E-03
 -1.3997039E-04   2.5766417E-04  -8.7430539E-05  -2.2537481E-03  -5.5331678E-03  -6.2071489E-03  -1.4869650E-02   3.1012777E-04   2.6279008E+01   6.1898796E+00  -8.2016724E+01   5.1433163E+01   1.6567572E+00  -3.8517070E-02   7.3539356E-01  -2.7895336E-01  -2.8324259E+00   4.1255056E-03   1.5611934E-01  -4.5607906E-01  -1.1726008E-01  -7.2250681E-04   2.9447276E-03  -9.0447684E-04  -5.9726323E-05
  1.1682930E-05  -5.0946073E-05   3.3090966E-06   2.8111714E-04   5.4042349E-04   5.1910005E-04   9.6456313E-04  -9.7277037E-07  -2.5943148E+01  -3.8487747E-01   2.7256531E+00   1.6567572E+00   4.3066616E+00   1.0664045E-01   1.5015372E-01  -3.9950801E-02  -3.4522204E+00  -8.7829332E-03  -6.4409959E-03   6.4019426E-03   5.0658192E-02   4.3801643E-04  -2.6682419E-04  -1.3012727E-04  -1.3926158E-04
  7.7543379E-07  -3.9170952E-06  -1.5009049E-07   2.7063604E-05   7.6713484E-05   6.5950019E-05   1.7200857E-04   1.2868615E-06  -8.7548918E-01  -4.1045815E-02   3.3281706E-01  -3.8517070E-02   1.0664045E-01   1.6786205E-02  -1.6743551E-02   1.1390465E-02  -1.0222775E-01  -4.1070617E-04  -1.3830771E-03  -2.8464226E-03   4.9709025E-03   1.8329617E-05  -3.7270161E-05   2.0992830E-05   2.0538890E-05
 -2.3272448E-06   5.8554882E-06   3.3568150E-07  -5.2311494E-05  -1.5368088E-04  -1.1388929E-04  -2.4460594E-04  -4.2551033E-06  -1.5827814E-01   4.6711563E-01  -1.0672021E+00   7.3539356E-01   1.5015372E-01  -1.6743551E-02   6.8655183E-02   4.2032641E-03  -1.5934959E-01   7.7905269E-04   7.1479369E-03  -3.0813467E-04  -1.7664700E-02  -1.1559866E-05   9.5356384E-05  -2.1886958E-05  -1.9289998E-05
  1.1901915E-06  -4.5524316E-06   2.2434999E-06   6.7317650E-05   1.4608004E-04   7.5535484E-05   1.5820452E-05  -6.2228193E-06  -1.6885836E-01   8.6557219E-01   3.7503068E-01  -2.7895336E-01  -3.9950801E-02   1.1390465E-02   4.2032641E-03   8.1915108E-02   4.0211845E-02  -2.0659006E-04   7.9381689E-04   1.2556685E-03   5.0014963E-04   1.1322136E-05  -5.2767161E-06   5.7515142E-05   4.2501759E-05
 -2.5090241E-05   1.1380238E-04  -5.1103439E-06  -6.1918435E-04  -1.9793682E-03  -2.0838354E-03  -3.7991036E-03  -3.5091076E-05   1.1216885E+01  -8.3673475E+00  -7.0534268E+00  -2.8324259E+00  -3.4522204E+00  -1.0222775E-01  -1.5934959E-01   4.0211845E-02   7.2982779E+00   9.4548712E-03  -2.9411063E-03  -1.5826450E-04  -4.4576540E-02  -3.3596155E-04   5.6144793E-05  -2.5393965E-04  -4.3576862E-04
 -1.7168602E-07  -5.4202878E-07  -9.2871714E-07  -9.4058058E-06  -3.3512845E-05   1.5899977E-05  -2.5220826E-04   1.5075159E-06  -2.2268974E-01  -4.8978694E-02  -1.9132840E-02   4.1255056E-03  -8.7829332E-03  -4.1070617E-04   7.7905269E-04  -2.0659006E-04   9.4548712E-03   3.7121647E-02   2.9209241E-03  -2.2962070E-04  -2.2916008E-04   3.0846084E-05  -5.7760819E-06  -1.8738931E-05  -4.3354051E-05
 -6.0209255E-07   6.2032542E-06   9.3885678E-07  -1.1048989E-05  -1.0058467E-04  -4.0319985E-05  -1.1295912E-04   4.7282061E-07   2.7679888E-01  -1.9393290E-01  -2.5693929E-01   1.5611934E-01  -6.4409959E-03  -1.3830771E-03   7.1479369E-03   7.9381689E-04  -2.9411063E-03   2.9209241E-03   3.0814003E-02  -4.8968454E-04   5.7209171E-03  -8.1076433E-05  -4.1613009E-05  -7.8838226E-05  -1.0206129E-04
  9.4592378E-07  -1.8381806E-06   1.4912299E-06   1.8002663E-05   6.1003763E-05   3.6748670E-05   8.0055250E-05   9.5123756E-06  -1.9746051E-01   5.1809890E-02   5.5986053E-01  -4.5607906E-01   6.4019426E-03  -2.8464226E-03  -3.0813467E-04   1.2556685E-03  -1.5826450E-04  -2.2962070E-04  -4.8968454E-04   1.0775117E-02   8.3396738E-03   4.5188586E-06   6.3190952E-05   3.1993992E-06  -3.5160394E-06
 -2.9269481E-08  -9.9470887E-07   1.0271964E-06   1.8923785E-05   2.6961018E-05  -4.5112898E-06  -5.2818992E-05   2.9485893E-06  -2.0844674E-01   5.6533497E-02   6.5826913E-03  -1.1726008E-01   5.0658192E-02   4.9709025E-03  -1.7664700E-02   5.0014963E-04  -4.4576540E-02  -2.2916008E-04   5.7209171E-03   8.3396738E-03   2.5979285E-02  -5.4056918E-06   5.5022313E-05  -2.2524657E-05  -1.1661739E-05
  8.8819169E-10  -4.2318743E-08  -1.7670961E-09   1.5820976E-08   5.9331898E-07  -2.2364927E-07  -9.0202817E-07   1.5755296E-08   6.6250883E-03   7.7685653E-04   1.9545722E-03  -7.2250681E-04   4.3801643E-04   1.8329617E-05  -1.1559866E-05   1.1322136E-05  -3.3596155E-04   3.0846084E-05  -8.1076433E-05   4.5188586E-06  -5.4056918E-06   1.1003147E-06   1.4850365E-08   3.0035458E-07   6.2047194E-07
 -3.7259195E-09   1.0586364E-08   2.4277458E-09  -6.6283403E-09  -4.9014749E-08  -1.8762087E-07  -6.0951378E-07  -3.3487916E-08   2.8572957E-03   6.4855754E-04  -7.4664376E-03   2.9447276E-03  -2.6682419E-04  -3.7270161E-05   9.5356384E-05  -5.2767161E-06   5.6144793E-05  -5.7760819E-06  -4.1613009E-05   6.3190952E-05   5.5022313E-05   1.4850365E-08   2.4465112E-06   1.7104084E-07   8.2799154E-08
 -9.2848930E-08  -1.6494887E-07  -5.4079941E-08  -2.7870830E-06  -6.0712024E-06  -1.3075876E-07   2.1817143E-06  -3.3984038E-07   1.1309309E-03   2.3607042E-03   2.7609875E-03  -9.0447684E-04  -1.3012727E-04   2.0992830E-05  -2.1886958E-05   5.7515142E-05  -2.5393965E-04  -1.8738931E-05  -7.8838226E-05   3.1993992E-06  -2.2524657E-05   3.0035458E-07   1.7104084E-07   2.3867468E-05   8.1708006E-06
 -2.5898553E-07  -4.7356186E-07   2.0730533E-08  -1.7330212E-06  -2.5370569E-06  -2.6366940E-06   3.4705904E-06  -3.1585884E-07   5.3396766E-03   5.5763339E-03   3.2258594E-03  -5.9726323E-05  -1.3926158E-04   2.0538890E-05  -1.9289998E-05   4.2501759E-05  -4.3576862E-04  -4.3354051E-05  -1.0206129E-04  -3.5160394E-06  -1.1661739E-05   6.2047194E-07   8.2799154E-08   8.1708006E-06   2.4419087E-05
