# omegabh2 omegach2 theta tau w wa logA ns calPlanck acib217 xi asz143 aps100 aps143 aps143217 aps217 aksz kgal100 kgal143 kgal143217 kgal217 galfTE100 galfTE100143 galfTE100217 galfTE143 galfTE143217 galfTE217 cal0 cal2
  1.8807757E-08  -7.1950366E-08   1.2318144E-08   2.7331737E-07  -6.7202824E-07   7.5506749E-06   5.0514996E-07   1.9988057E-07   2.3260496E-08  -7.3909455E-05   1.5174947E-06   1.8709827E-05  -3.5578173E-04  -1.7608640E-04  -2.8334773E-05   3.5689351E-05  -3.9114768E-05  -1.9821712E-06  -1.4679878E-05  -2.0546985E-05  -5.4247276E-06   7.0755212E-08  -4.6086757E-08  -6.9154137E-08  -3.0186083E-07  -4.0724052E-07  -1.3900296E-06   1.4910277E-09  -6.4061998E-10
 -7.1950366E-08   1.1688209E-06  -7.5191819E-08  -3.6479345E-06   8.6953284E-06  -1.0491801E-04  -5.3107025E-06  -2.8273177E-06  -3.5709577E-07   1.3674963E-04   1.1910700E-07  -9.4277313E-05   1.5149710E-03   7.0375995E-04   2.7247122E-04   7.4798028E-05   1.4411979E-04  -2.1573748E-05   6.9821337E-05   6.7660063E-05  -9.2885811E-06  -1.8317574E-07  -6.4579806E-07  -1.1911023E-06  -7.9686582E-08   2.7536072E-06   1.4206219E-05  -3.0325065E-09  -7.0263706E-09
  1.2318144E-08  -7.5191819E-08   8.6614167E-08   2.7590147E-07  -1.8766404E-06   1.4896432E-05   5.0513516E-07   2.7635601E-07   2.0126788E-08   1.8924200E-06  -1.6416580E-06   9.6388230E-06  -1.0049438E-04  -7.7684131E-05  -4.2932293E-05   9.4313745E-06  -4.9964849E-06  -2.8936888E-06  -1.0479280E-06  -1.9455837E-05  -4.0900257E-05   4.0794011E-07   6.0232737E-08  -3.4350718E-08  -1.0234984E-07  -1.7797604E-07   5.6055888E-07  -3.9133819E-10  -4.8302005E-09
  2.7331737E-07  -3.6479345E-06   2.7590147E-07   5.6004195E-05  -7.3559249E-05   5.4307186E-04   1.0111122E-04   1.1482905E-05  -7.7818794E-07  -1.7589674E-03   5.6037501E-06   3.6325447E-04  -9.0576991E-03  -4.7170704E-03  -2.2251203E-03  -1.4800012E-04  -7.4435832E-04  -5.0264620E-05  -2.8872587E-04  -5.7836863E-04  -4.9465349E-04   2.0279928E-06  -1.4763160E-06  -1.8793370E-06   1.2277051E-07  -1.4887439E-05  -7.1217669E-05  -1.7176586E-08  -9.9046533E-08
 -6.7202824E-07   8.6953284E-06  -1.8766404E-06  -7.3559249E-05   6.3586161E-03  -2.1817718E-02  -1.4058248E-04  -1.5835834E-05  -4.7914953E-06  -7.7992004E-04   2.5363205E-04   7.3461044E-04  -1.8200206E-02  -2.2931708E-03   7.2417194E-04  -1.8798472E-03  -1.7657113E-03   1.0086509E-03   3.1793465E-03   6.9694042E-03   8.4159364E-03   5.6115142E-05   2.3187511E-05  -8.3975230E-05  -4.4846864E-06   6.6887893E-05  -2.5642594E-04  -5.0932277E-07   4.3997207E-07
  7.5506749E-06  -1.0491801E-04   1.4896432E-05   5.4307186E-04  -2.1817718E-02   9.0240981E-02   9.4294576E-04   2.3917426E-04   3.8769051E-05  -4.0076582E-03  -1.1282660E-03   4.9533566E-03  -6.9361455E-02  -4.0290813E-02  -3.0441526E-02  -8.6297112E-03  -3.3580977E-03  -5.5047150E-03  -1.5925735E-02  -2.4576080E-02  -2.3836811E-02  -2.5409924E-04  -3.1170699E-05   4.4346201E-04  -9.3881166E-06  -3.3655889E-04   3.3746026E-04   1.4545842E-06  -8.1523946E-07
  5.0514996E-07  -5.3107025E-06   5.0513516E-07   1.0111122E-04  -1.4058248E-04   9.4294576E-04   2.1136330E-04   1.6475701E-05   9.9637658E-06  -3.6034717E-03   3.4322648E-05   3.3096408E-04  -9.8733702E-03  -6.1804585E-03  -1.5290189E-03   5.6935197E-03  -1.8339686E-03  -3.5392810E-04  -1.1991763E-03  -1.8960563E-03   2.3956570E-04   7.2380357E-06  -4.2564076E-06  -3.4177305E-06  -8.9726874E-07  -1.8804474E-05  -9.1153388E-05   4.8607620E-08  -2.1056025E-07
  1.9988057E-07  -2.8273177E-06   2.7635601E-07   1.1482905E-05  -1.5835834E-05   2.3917426E-04   1.6475701E-05   1.5811416E-05   7.4060440E-07  -4.0083568E-03   9.4929844E-05   9.4863932E-04  -2.2371713E-02  -6.1129655E-03   1.9116744E-03   4.7427354E-03  -2.3009227E-03   2.7807526E-04  -5.3117846E-04  -6.2336400E-04   7.0154639E-04   9.0608643E-07   1.6260089E-06   6.9612961E-08  -3.0612290E-06  -5.6551391E-06  -2.1475692E-05  -7.1952565E-08  -3.4952133E-08
  2.3260496E-08  -3.5709577E-07   2.0126788E-08  -7.7818794E-07  -4.7914953E-06   3.8769051E-05   9.9637658E-06   7.4060440E-07   6.1381375E-06   5.8906369E-04  -1.3099621E-05  -6.7306344E-05   4.5094653E-03   6.5825033E-04   2.3996430E-04   1.3595671E-03   4.3099662E-05   5.3541027E-05  -9.0902552E-05  -1.9154765E-04   6.8419055E-04   1.4715233E-06  -5.7557821E-08   2.6369563E-06  -6.8590861E-07   2.0638692E-06   1.0286671E-05  -2.0672218E-08   7.5485343E-09
 -7.3909455E-05   1.3674963E-04   1.8924200E-06  -1.7589674E-03  -7.7992004E-04  -4.0076582E-03  -3.6034717E-03  -4.0083568E-03   5.8906369E-04   4.2669217E+01  -3.6718123E-01  -8.0546228E-01   3.2515517E+01   1.5345533E+00  -1.2956089E+01  -5.3171173E+01  -2.6674934E-02   6.7156460E-02   6.2837813E-01  -5.4175694E+00  -3.1788991E+01   5.6944927E-03   8.8159758E-04   2.7930946E-04  -5.2596376E-03  -1.1097908E-02   7.4262363E-04  -2.6541440E-04   7.1312814E-04
  1.5174947E-06   1.1910700E-07  -1.6416580E-06   5.6037501E-06   2.5363205E-04  -1.1282660E-03   3.4322648E-05   9.4929844E-05  -1.3099621E-05  -3.6718123E-01   7.9403197E-02  -3.4217607E-02  -5.2032688E-01   8.8819751E-01   1.6795687E+00   6.2050709E-01   2.5085142E-02  -7.9296234E-03   3.7216453E-03   1.0570926E-01   1.3403046E-01  -1.1242406E-04  -3.5284600E-05  -2.9301670E-04  -2.4231497E-04   7.8262261E-04   1.7256738E-03   8.0872659E-06  -3.6903342E-07
  1.8709827E-05  -9.4277313E-05   9.6388230E-06   3.6325447E-04   7.3461044E-04   4.9533566E-03   3.3096408E-04   9.4863932E-04  -6.7306344E-05  -8.0546228E-01  -3.4217607E-02   3.9469727E+00  -2.9396020E+01  -3.0431318E+00   8.1414809E+00   5.3492495E+00  -2.7722454E+00  -1.9703743E-01   1.5981967E-01   2.7002662E+00   3.2986891E+00  -2.2800236E-04  -7.5229153E-04  -2.0548316E-04  -2.2930713E-03  -4.7365030E-04  -8.9917272E-03   1.0604540E-04  -4.4446600E-05
 -3.5578173E-04   1.5149710E-03  -1.0049438E-04  -9.0576991E-03  -1.8200206E-02  -6.9361455E-02  -9.8733702E-03  -2.2371713E-02   4.5094653E-03   3.2515517E+01  -5.2032688E-01  -2.9396020E+01   7.4703546E+02   6.5950148E+01  -5.3957743E+01  -5.7069955E+01   1.2966113E+01  -5.5479337E+00   5.9346563E+00  -1.0275956E+01  -1.9107629E+01  -3.9417853E-03   2.3906195E-02   6.8043704E-03   6.7601831E-02   5.8106189E-03   1.8124141E-01   3.5871446E-03   4.0875540E-04
 -1.7608640E-04   7.0375995E-04  -7.7684131E-05  -4.7170704E-03  -2.2931708E-03  -4.0290813E-02  -6.1804585E-03  -6.1129655E-03   6.5825033E-04   1.5345533E+00   8.8819751E-01  -3.0431318E+00   6.5950148E+01   6.0751304E+01   3.9609007E+01   1.5155712E+01  -5.5248039E+00  -5.0378450E-01  -1.5542902E+00   3.6936558E+00   5.0809279E+00   1.0335498E-03   3.3260264E-03   2.3382845E-04   1.1945543E-03   5.2004216E-03   7.3112666E-02   7.2192670E-05   1.1145827E-04
 -2.8334773E-05   2.7247122E-04  -4.2932293E-05  -2.2251203E-03   7.2417194E-04  -3.0441526E-02  -1.5290189E-03   1.9116744E-03   2.3996430E-04  -1.2956089E+01   1.6795687E+00   8.1414809E+00  -5.3957743E+01   3.9609007E+01   8.6147900E+01   5.3130996E+01  -1.2494909E+01  -9.3514782E-01  -1.0276066E+00   5.0686085E+00   8.4553641E+00   1.6119171E-03   1.3921927E-03  -5.6514879E-03  -4.7823700E-03   8.4289225E-03   4.3116229E-02   4.7676545E-04  -4.3644487E-04
  3.5689351E-05   7.4798028E-05   9.4313745E-06  -1.4800012E-04  -1.8798472E-03  -8.6297112E-03   5.6935197E-03   4.7427354E-03   1.3595671E-03  -5.3171173E+01   6.2050709E-01   5.3492495E+00  -5.7069955E+01   1.5155712E+01   5.3130996E+01   1.0162736E+02  -9.4368093E+00  -4.8914493E-01  -1.5201377E+00   5.0919103E+00   3.2044069E+01  -4.9000554E-03   2.4857035E-03   6.4195843E-04   1.0162678E-02   1.2766205E-02   2.4278221E-02   5.0262359E-04  -1.3661098E-03
 -3.9114768E-05   1.4411979E-04  -4.9964849E-06  -7.4435832E-04  -1.7657113E-03  -3.3580977E-03  -1.8339686E-03  -2.3009227E-03   4.3099662E-05  -2.6674934E-02   2.5085142E-02  -2.7722454E+00   1.2966113E+01  -5.5248039E+00  -1.2494909E+01  -9.4368093E+00   5.9069027E+00   1.5524395E-01  -1.0704759E-01  -2.2130565E+00  -2.5729676E+00  -1.3142520E-03  -1.3974445E-03  -6.0094561E-05   4.2225693E-04  -1.3687948E-04  -2.1911922E-03  -5.1753651E-05   9.9236870E-06
 -1.9821712E-06  -2.1573748E-05  -2.8936888E-06  -5.0264620E-05   1.0086509E-03  -5.5047150E-03  -3.5392810E-04   2.7807526E-04   5.3541027E-05   6.7156460E-02  -7.9296234E-03  -1.9703743E-01  -5.5479337E+00  -5.0378450E-01  -9.3514782E-01  -4.8914493E-01   1.5524395E-01   3.2322095E+00   5.0682208E-01   1.3085440E-01   1.0512412E-01  -2.0106142E-03  -7.4806253E-04  -6.0810030E-05  -1.0318479E-03  -2.9958242E-03  -1.5181216E-02   1.8996905E-04  -2.2244004E-06
 -1.4679878E-05   6.9821337E-05  -1.0479280E-06  -2.8872587E-04   3.1793465E-03  -1.5925735E-02  -1.1991763E-03  -5.3117846E-04  -9.0902552E-05   6.2837813E-01   3.7216453E-03   1.5981967E-01   5.9346563E+00  -1.5542902E+00  -1.0276066E+00  -1.5201377E+00  -1.0704759E-01   5.0682208E-01   3.1462821E+00   2.6801428E+00   2.5967298E+00   9.2683874E-05  -5.0494799E-05  -9.6489621E-04   2.5390086E-05   1.5896928E-03  -6.4373430E-03  -1.8034599E-04  -5.1356824E-05
 -2.0546985E-05   6.7660063E-05  -1.9455837E-05  -5.7836863E-04   6.9694042E-03  -2.4576080E-02  -1.8960563E-03  -6.2336400E-04  -1.9154765E-04  -5.4175694E+00   1.0570926E-01   2.7002662E+00  -1.0275956E+01   3.6936558E+00   5.0686085E+00   5.0919103E+00  -2.2130565E+00   1.3085440E-01   2.6801428E+00   1.0759509E+01   1.9011717E+01  -1.4783515E-03  -3.4856313E-04  -7.8993432E-04  -1.2298135E-03   8.9058156E-03   1.0935777E-02  -7.0438886E-06   4.1766631E-04
 -5.4247276E-06  -9.2885811E-06  -4.0900257E-05  -4.9465349E-04   8.4159364E-03  -2.3836811E-02   2.3956570E-04   7.0154639E-04   6.8419055E-04  -3.1788991E+01   1.3403046E-01   3.2986891E+00  -1.9107629E+01   5.0809279E+00   8.4553641E+00   3.2044069E+01  -2.5729676E+00   1.0512412E-01   2.5967298E+00   1.9011717E+01   5.2492882E+01  -2.7464680E-03   1.3887165E-04   1.5849232E-03   2.7191393E-03   1.9334011E-02   2.0432785E-02   1.0631322E-04   9.4137149E-04
  7.0755212E-08  -1.8317574E-07   4.0794011E-07   2.0279928E-06   5.6115142E-05  -2.5409924E-04   7.2380357E-06   9.0608643E-07   1.4715233E-06   5.6944927E-03  -1.1242406E-04  -2.2800236E-04  -3.9417853E-03   1.0335498E-03   1.6119171E-03  -4.9000554E-03  -1.3142520E-03  -2.0106142E-03   9.2683874E-05  -1.4783515E-03  -2.7464680E-03   1.4460473E-03   2.6817188E-04   4.4017582E-05  -3.7184635E-04  -1.6380948E-04  -3.1697761E-05  -7.5280215E-08   5.0854444E-07
 -4.6086757E-08  -6.4579806E-07   6.0232737E-08  -1.4763160E-06   2.3187511E-05  -3.1170699E-05  -4.2564076E-06   1.6260089E-06  -5.7557821E-08   8.8159758E-04  -3.5284600E-05  -7.5229153E-04   2.3906195E-02   3.3260264E-03   1.3921927E-03   2.4857035E-03  -1.3974445E-03  -7.4806253E-04  -5.0494799E-05  -3.4856313E-04   1.3887165E-04   2.6817188E-04   8.7654063E-04  -1.5260856E-05   7.3856891E-04  -1.3535101E-05  -8.7654274E-04   5.3328063E-08   1.7854981E-07
 -6.9154137E-08  -1.1911023E-06  -3.4350718E-08  -1.8793370E-06  -8.3975230E-05   4.4346201E-04  -3.4177305E-06   6.9612961E-08   2.6369563E-06   2.7930946E-04  -2.9301670E-04  -2.0548316E-04   6.8043704E-03   2.3382845E-04  -5.6514879E-03   6.4195843E-04  -6.0094561E-05  -6.0810030E-05  -9.6489621E-04  -7.8993432E-04   1.5849232E-03   4.4017582E-05  -1.5260856E-05   7.1604939E-03  -2.3326352E-04   6.6736718E-04   4.2383942E-03  -8.6914752E-07  -4.8161474E-07
 -3.0186083E-07  -7.9686582E-08  -1.0234984E-07   1.2277051E-07  -4.4846864E-06  -9.3881166E-06  -8.9726874E-07  -3.0612290E-06  -6.8590861E-07  -5.2596376E-03  -2.4231497E-04  -2.2930713E-03   6.7601831E-02   1.1945543E-03  -4.7823700E-03   1.0162678E-02   4.2225693E-04  -1.0318479E-03   2.5390086E-05  -1.2298135E-03   2.7191393E-03  -3.7184635E-04   7.3856891E-04  -2.3326352E-04   2.8890739E-03   4.8427021E-04  -1.0671649E-03   3.9035074E-07  -4.0270365E-08
 -4.0724052E-07   2.7536072E-06  -1.7797604E-07  -1.4887439E-05   6.6887893E-05  -3.3655889E-04  -1.8804474E-05  -5.6551391E-06   2.0638692E-06  -1.1097908E-02   7.8262261E-04  -4.7365030E-04   5.8106189E-03   5.2004216E-03   8.4289225E-03   1.2766205E-02  -1.3687948E-04  -2.9958242E-03   1.5896928E-03   8.9058156E-03   1.9334011E-02  -1.6380948E-04  -1.3535101E-05   6.6736718E-04   4.8427021E-04   6.5613549E-03   8.0879192E-03  -1.3328668E-07  -2.5696283E-08
 -1.3900296E-06   1.4206219E-05   5.6055888E-07  -7.1217669E-05  -2.5642594E-04   3.3746026E-04  -9.1153388E-05  -2.1475692E-05   1.0286671E-05   7.4262363E-04   1.7256738E-03  -8.9917272E-03   1.8124141E-01   7.3112666E-02   4.3116229E-02   2.4278221E-02  -2.1911922E-03  -1.5181216E-02  -6.4373430E-03   1.0935777E-02   2.0432785E-02  -3.1697761E-05  -8.7654274E-04   4.2383942E-03  -1.0671649E-03   8.0879192E-03   6.9568376E-02   3.3413264E-07   1.3204604E-06
  1.4910277E-09  -3.0325065E-09  -3.9133819E-10  -1.7176586E-08  -5.0932277E-07   1.4545842E-06   4.8607620E-08  -7.1952565E-08  -2.0672218E-08  -2.6541440E-04   8.0872659E-06   1.0604540E-04   3.5871446E-03   7.2192670E-05   4.7676545E-04   5.0262359E-04  -5.1753651E-05   1.8996905E-04  -1.8034599E-04  -7.0438886E-06   1.0631322E-04  -7.5280215E-08   5.3328063E-08  -8.6914752E-07   3.9035074E-07  -1.3328668E-07   3.3413264E-07   3.7659476E-07  -1.4751743E-09
 -6.4061998E-10  -7.0263706E-09  -4.8302005E-09  -9.9046533E-08   4.3997207E-07  -8.1523946E-07  -2.1056025E-07  -3.4952133E-08   7.5485343E-09   7.1312814E-04  -3.6903342E-07  -4.4446600E-05   4.0875540E-04   1.1145827E-04  -4.3644487E-04  -1.3661098E-03   9.9236870E-06  -2.2244004E-06  -5.1356824E-05   4.1766631E-04   9.4137149E-04   5.0854444E-07   1.7854981E-07  -4.8161474E-07  -4.0270365E-08  -2.5696283E-08   1.3204604E-06  -1.4751743E-09   3.8530188E-07
