# omegabh2 omegach2 theta tau w wa logA ns calPlanck acib217 xi asz143 aps100 aps143 aps143217 aps217 aksz kgal100 kgal143 kgal143217 kgal217 cal0 cal2
  4.0388120E-08  -7.9289740E-08   2.8155254E-08   2.6175455E-07   1.4414687E-07   7.2289076E-06   5.2556262E-07   3.1627767E-07   3.2198843E-08  -1.4610263E-04   1.2841384E-06   4.6427223E-05  -7.8447304E-04  -4.9404291E-04  -1.7037670E-04  -1.6693946E-05  -6.3987429E-05   5.3789575E-08  -1.3374657E-06  -1.1402030E-05   3.6310787E-05   1.4987329E-09  -1.9670822E-09
 -7.9289740E-08   1.7042793E-06  -1.1407863E-07  -3.7689686E-06   8.3520251E-06  -1.4317855E-04  -4.5124328E-06  -3.7252850E-06  -4.1291427E-07   2.4608884E-04  -2.1476697E-06  -4.0629343E-05   1.6597542E-03   5.1245655E-04   1.6955991E-04  -2.4641836E-04   1.5107590E-04   2.7047380E-05   6.0388781E-05   6.9834286E-05  -8.1363741E-05  -5.9613470E-09  -3.1524411E-09
  2.8155254E-08  -1.1407863E-07   1.8692422E-07   4.3648361E-07  -1.2965303E-06   2.2576414E-05   8.8713722E-07   4.6981103E-07   9.9928554E-09  -7.7559969E-05  -2.1669495E-06   7.7691563E-06  -3.7193747E-04  -1.2267508E-04  -2.0141811E-05   6.5899096E-05  -3.3899157E-05  -1.0696045E-05  -1.2038736E-05  -2.7393218E-05   1.8411181E-05   7.3607819E-09  -3.7151629E-09
  2.6175455E-07  -3.7689686E-06   4.3648361E-07   4.0623080E-05  -4.7928965E-05   4.6267477E-04   7.3108918E-05   1.0843883E-05   5.3390570E-07  -1.7542761E-03  -7.0160154E-05   3.8536364E-04  -9.1066653E-03  -4.7709446E-03  -3.2100942E-03   1.1670140E-04  -7.5670012E-04   8.1719598E-06  -2.4666314E-04  -1.6576788E-04   1.1359566E-03  -5.4193887E-08   1.2473019E-08
  1.4414687E-07   8.3520251E-06  -1.2965303E-06  -4.7928965E-05   6.2019738E-03  -2.2376403E-02  -8.7392007E-05  -1.9713585E-05  -5.0551768E-06  -1.7040288E-03   2.8964166E-04  -3.8200359E-03  -1.8649882E-02  -1.1265490E-02  -1.5971445E-02  -1.0935312E-02   5.3113570E-03   2.8935397E-04   1.0977951E-04  -1.0186143E-03  -1.0551887E-03  -1.5161524E-06   4.8582859E-07
  7.2289076E-06  -1.4317855E-04   2.2576414E-05   4.6267477E-04  -2.2376403E-02   9.8551839E-02   7.2016929E-04   3.3787534E-04   4.9408438E-05  -1.3146477E-02  -1.1828166E-03   2.2116295E-02  -1.3998295E-01  -3.3196288E-02   4.2692109E-02   6.2208665E-02  -3.6955309E-02  -2.4309779E-03  -6.8752040E-03  -7.1624957E-03   1.6274393E-03   6.6978744E-06  -7.4198063E-07
  5.2556262E-07  -4.5124328E-06   8.8713722E-07   7.3108918E-05  -8.7392007E-05   7.2016929E-04   1.6308482E-04   1.4230362E-05   1.2406712E-05  -3.7081109E-03  -8.2724148E-05   8.1543475E-04  -1.6984227E-02  -8.7675928E-03  -3.8260649E-03   5.0453028E-03  -1.9477786E-03  -2.8968867E-04  -1.2886903E-03  -8.0219004E-04   3.8787179E-03  -2.8144766E-08   2.3206138E-08
  3.1627767E-07  -3.7252850E-06   4.6981103E-07   1.0843883E-05  -1.9713585E-05   3.3787534E-04   1.4230362E-05   1.9648283E-05   1.3312892E-06  -5.9798582E-03   1.0240798E-04   1.2925163E-03  -3.1028333E-02  -8.0756397E-03   2.2573178E-03   7.4844181E-03  -3.0218849E-03   4.5527125E-04  -3.5649766E-04  -2.8322501E-04   2.3005938E-03  -1.2153998E-07  -8.6056857E-08
  3.2198843E-08  -4.1291427E-07   9.9928554E-09   5.3390570E-07  -5.0551768E-06   4.9408438E-05   1.2406712E-05   1.3312892E-06   6.1725810E-06   4.7453030E-04   1.2266974E-05   7.3700854E-05   1.1280926E-03  -1.4348063E-04   2.7337997E-04   9.8773222E-04   2.3697225E-05   1.8672922E-05  -1.3007757E-04  -1.6637389E-05   9.6638671E-04  -3.2852194E-08   5.2072973E-09
 -1.4610263E-04   2.4608884E-04  -7.7559969E-05  -1.7542761E-03  -1.7040288E-03  -1.3146477E-02  -3.7081109E-03  -5.9798582E-03   4.7453030E-04   4.6054185E+01  -3.5787128E-01  -1.1718984E+00   4.1493290E+01   2.1905563E+00  -1.3947665E+01  -5.7433272E+01   6.8556398E-01  -1.0745758E-01   3.9596373E-01  -6.2199026E+00  -3.5112197E+01  -2.4710166E-04   6.9610681E-04
  1.2841384E-06  -2.1476697E-06  -2.1669495E-06  -7.0160154E-05   2.8964166E-04  -1.1828166E-03  -8.2724148E-05   1.0240798E-04   1.2266974E-05  -3.5787128E-01   8.0715911E-02  -5.2821031E-02  -4.5081064E-01   9.1079021E-01   1.6301145E+00   5.9289241E-01   4.1124589E-02  -5.4072708E-03   1.0082279E-02   9.0132869E-02   1.0111103E-01   4.0092722E-06  -2.9404826E-06
  4.6427223E-05  -4.0629343E-05   7.7691563E-06   3.8536364E-04  -3.8200359E-03   2.2116295E-02   8.1543475E-04   1.2925163E-03   7.3700854E-05  -1.1718984E+00  -5.2821031E-02   4.0923386E+00  -3.3109901E+01  -3.8543396E+00   8.0354806E+00   6.1707607E+00  -2.9949050E+00  -2.0429000E-01   1.3411326E-01   2.6959608E+00   3.5317865E+00   1.2795348E-04  -3.7974966E-05
 -7.8447304E-04   1.6597542E-03  -3.7193747E-04  -9.1066653E-03  -1.8649882E-02  -1.3998295E-01  -1.6984227E-02  -3.1028333E-02   1.1280926E-03   4.1493290E+01  -4.5081064E-01  -3.3109901E+01   8.1806593E+02   7.9929925E+01  -5.8882396E+01  -7.3655713E+01   1.6799083E+01  -5.7842982E+00   6.1636463E+00  -1.1417835E+01  -2.6236009E+01   3.9633796E-03   2.4201492E-04
 -4.9404291E-04   5.1245655E-04  -1.2267508E-04  -4.7709446E-03  -1.1265490E-02  -3.3196288E-02  -8.7675928E-03  -8.0756397E-03  -1.4348063E-04   2.1905563E+00   9.1079021E-01  -3.8543396E+00   7.9929925E+01   6.5638685E+01   4.1093835E+01   1.5945955E+01  -4.6187507E+00  -6.4716143E-01  -1.2498074E+00   3.5185896E+00   4.2130715E+00   1.1643295E-04   4.4958059E-05
 -1.7037670E-04   1.6955991E-04  -2.0141811E-05  -3.2100942E-03  -1.5971445E-02   4.2692109E-02  -3.8260649E-03   2.2573178E-03   2.7337997E-04  -1.3947665E+01   1.6301145E+00   8.0354806E+00  -5.8882396E+01   4.1093835E+01   8.6948268E+01   5.7043485E+01  -1.2834851E+01  -1.0615420E+00  -6.6390156E-01   5.0402421E+00   8.8120550E+00   4.7442562E-04  -4.4587485E-04
 -1.6693946E-05  -2.4641836E-04   6.5899096E-05   1.1670140E-04  -1.0935312E-02   6.2208665E-02   5.0453028E-03   7.4844181E-03   9.8773222E-04  -5.7433272E+01   5.9289241E-01   6.1707607E+00  -7.3655713E+01   1.5945955E+01   5.7043485E+01   1.0974362E+02  -1.1044820E+01  -5.2293742E-01  -1.3124662E+00   6.1671129E+00   3.6146372E+01   5.5357361E-04  -1.3547281E-03
 -6.3987429E-05   1.5107590E-04  -3.3899157E-05  -7.5670012E-04   5.3113570E-03  -3.6955309E-02  -1.9477786E-03  -3.0218849E-03   2.3697225E-05   6.8556398E-01   4.1124589E-02  -2.9949050E+00   1.6799083E+01  -4.6187507E+00  -1.2834851E+01  -1.1044820E+01   6.3963096E+00   1.5057581E-01  -2.3108437E-01  -2.3625185E+00  -3.1051036E+00  -6.2289644E-05   2.0263577E-05
  5.3789575E-08   2.7047380E-05  -1.0696045E-05   8.1719598E-06   2.8935397E-04  -2.4309779E-03  -2.8968867E-04   4.5527125E-04   1.8672922E-05  -1.0745758E-01  -5.4072708E-03  -2.0429000E-01  -5.7842982E+00  -6.4716143E-01  -1.0615420E+00  -5.2293742E-01   1.5057581E-01   3.4575003E+00   5.8014308E-01   1.5923467E-01   2.5544174E-01   2.0654114E-04  -1.0643200E-05
 -1.3374657E-06   6.0388781E-05  -1.2038736E-05  -2.4666314E-04   1.0977951E-04  -6.8752040E-03  -1.2886903E-03  -3.5649766E-04  -1.3007757E-04   3.9596373E-01   1.0082279E-02   1.3411326E-01   6.1636463E+00  -1.2498074E+00  -6.6390156E-01  -1.3124662E+00  -2.3108437E-01   5.8014308E-01   3.2361172E+00   2.7938100E+00   2.9722481E+00  -1.6930111E-04  -5.4974386E-05
 -1.1402030E-05   6.9834286E-05  -2.7393218E-05  -1.6576788E-04  -1.0186143E-03  -7.1624957E-03  -8.0219004E-04  -2.8322501E-04  -1.6637389E-05  -6.2199026E+00   9.0132869E-02   2.6959608E+00  -1.1417835E+01   3.5185896E+00   5.0402421E+00   6.1671129E+00  -2.3625185E+00   1.5923467E-01   2.7938100E+00   1.1070446E+01   2.0137772E+01  -9.0660145E-06   4.2229718E-04
  3.6310787E-05  -8.1363741E-05   1.8411181E-05   1.1359566E-03  -1.0551887E-03   1.6274393E-03   3.8787179E-03   2.3005938E-03   9.6638671E-04  -3.5112197E+01   1.0111103E-01   3.5317865E+00  -2.6236009E+01   4.2130715E+00   8.8120550E+00   3.6146372E+01  -3.1051036E+00   2.5544174E-01   2.9722481E+00   2.0137772E+01   5.6450354E+01   7.6669657E-05   9.5930332E-04
  1.4987329E-09  -5.9613470E-09   7.3607819E-09  -5.4193887E-08  -1.5161524E-06   6.6978744E-06  -2.8144766E-08  -1.2153998E-07  -3.2852194E-08  -2.4710166E-04   4.0092722E-06   1.2795348E-04   3.9633796E-03   1.1643295E-04   4.7442562E-04   5.5357361E-04  -6.2289644E-05   2.0654114E-04  -1.6930111E-04  -9.0660145E-06   7.6669657E-05   3.9380423E-07  -5.8019646E-09
 -1.9670822E-09  -3.1524411E-09  -3.7151629E-09   1.2473019E-08   4.8582859E-07  -7.4198063E-07   2.3206138E-08  -8.6056857E-08   5.2072973E-09   6.9610681E-04  -2.9404826E-06  -3.7974966E-05   2.4201492E-04   4.4958059E-05  -4.4587485E-04  -1.3547281E-03   2.0263577E-05  -1.0643200E-05  -5.4974386E-05   4.2229718E-04   9.5930332E-04  -5.8019646E-09   3.8195576E-07
