# omegabh2 omegach2 theta tau mnu logA ns calPlanck acib217 xi asz143 aps100 aps143 aps143217 aps217 aksz kgal100 kgal143 kgal143217 kgal217 galfTE100 galfTE100143 galfTE100217 galfTE143 galfTE143217 galfTE217 cal0 cal2
  3.1262102E-08  -1.8908021E-07   3.0006809E-08   5.3648581E-07  -1.2791239E-05   7.6862559E-07   5.4866180E-07   3.2823353E-09  -1.2338353E-04   3.1561819E-06   3.3930602E-05  -6.0239978E-04  -3.4771723E-04  -9.5648132E-05  -1.9406259E-05  -4.8802678E-05  -4.3462479E-06  -7.1074294E-06  -9.6185934E-06   2.4948474E-05  -6.4378927E-08  -1.2399420E-07  -1.2189768E-07  -3.1538184E-07  -7.0104577E-07  -4.0210476E-06   3.8013365E-09  -3.8172058E-09
 -1.8908021E-07   2.5602395E-06  -2.5691125E-07  -1.5965333E-05   5.2860865E-05  -2.6054572E-05  -6.8753950E-06  -8.2964535E-09   8.9154112E-04  -2.2262247E-05  -1.9651221E-04   3.8809878E-03   2.3019532E-03   6.5820108E-04  -6.1770976E-05   3.2695589E-04   1.4351075E-05   6.5480825E-05   1.2498183E-04  -5.6042054E-05   2.1811825E-07   6.9516768E-07   1.4333092E-06   3.3303370E-06   5.4028267E-06   2.7168793E-05  -1.9128258E-08   4.7335795E-08
  3.0006809E-08  -2.5691125E-07   1.2087652E-07   6.9878989E-08  -2.4428868E-05  -3.3620640E-07   8.4240494E-07  -2.5491175E-08  -4.2795032E-05   2.4718761E-07   2.0073702E-05  -3.1339102E-04  -2.3271397E-04  -1.2524421E-04  -9.1103307E-05  -3.1092859E-05  -3.9627735E-07   9.4355612E-06  -6.9128043E-06  -2.1455944E-05   1.9670688E-07   8.5732340E-09  -1.3030362E-07  -3.5869573E-08  -4.5395365E-07  -3.6651942E-06   1.5825174E-09  -3.9133953E-09
  5.3648581E-07  -1.5965333E-05   6.9878989E-08   5.9256085E-04   3.5994014E-03   1.1168959E-03   4.8648734E-05  -3.8446755E-06  -1.1827640E-02   3.8886123E-04   1.4426870E-03  -3.2448627E-02  -1.8350276E-02   7.6494405E-04   1.0055814E-02  -4.4040645E-03  -3.6935603E-04  -1.0836869E-03  -2.1546420E-03   2.2197124E-05  -1.7795830E-05  -1.6765798E-05   9.2201382E-06  -5.9729597E-05  -4.6767400E-06  -1.2728488E-04   2.0018111E-07  -4.3074998E-07
 -1.2791239E-05   5.2860865E-05  -2.4428868E-05   3.5994014E-03   4.5478737E-02   7.1213278E-03  -1.7294641E-04   1.7538154E-05  -1.5736745E-02   1.0784869E-03  -1.6579727E-03   1.2898214E-01   9.3175084E-02   1.1045131E-01   1.3097818E-01  -1.3630147E-02   2.0570109E-04  -5.5996888E-03  -4.9904156E-03   2.1485463E-03  -1.7486011E-04  -1.2241208E-04   3.0818503E-04  -4.6041168E-04   4.5556070E-04   1.9725912E-03   2.6336943E-06   1.6272807E-07
  7.6862559E-07  -2.6054572E-05  -3.3620640E-07   1.1168959E-03   7.1213278E-03   2.1405749E-03   7.9673232E-05   4.8271958E-06  -2.1988168E-02   7.8381785E-04   2.6000888E-03  -5.2491907E-02  -3.0805458E-02   5.6973956E-03   2.5668402E-02  -8.6711920E-03  -8.0604775E-04  -2.4117007E-03  -4.0171460E-03   2.1002858E-03  -3.5402112E-05  -3.1157856E-05   2.3927008E-05  -1.0931578E-04   1.3340534E-06  -1.8700831E-04   5.9380451E-07  -7.1222190E-07
  5.4866180E-07  -6.8753950E-06   8.4240494E-07   4.8648734E-05  -1.7294641E-04   7.9673232E-05   2.8317490E-05  -2.2374412E-07  -6.4533665E-03   1.7076194E-04   1.0604567E-03  -2.9666499E-02  -1.1335106E-02   2.9746285E-05   4.7287331E-03  -2.6883505E-03   2.0873589E-04  -5.2355278E-04  -9.7584747E-04   8.8225071E-04  -1.5838327E-06  -1.7113070E-06  -6.3455869E-06  -5.1676102E-06  -1.1285435E-05  -6.0741045E-05  -4.4429738E-08  -1.6800552E-07
  3.2823353E-09  -8.2964535E-09  -2.5491175E-08  -3.8446755E-06   1.7538154E-05   4.8271958E-06  -2.2374412E-07   6.1996256E-06   5.2091553E-04   3.3829955E-06   6.0017458E-05   4.3475622E-03   4.0927413E-04   5.7022587E-04   1.6399337E-03  -2.3651306E-05   8.9421860E-05   2.5279360E-05   1.7026256E-04   1.0701174E-03  -6.1259625E-07   6.2497743E-07   1.4399432E-06   1.0645346E-06   1.4902843E-06   1.0776352E-05   5.0168258E-08   2.2481096E-08
 -1.2338353E-04   8.9154112E-04  -4.2795032E-05  -1.1827640E-02  -1.5736745E-02  -2.1988168E-02  -6.4533665E-03   5.2091553E-04   4.3809054E+01  -4.2629487E-01  -9.7979736E-01   3.8236491E+01   2.3913428E+00  -1.3631916E+01  -5.4368241E+01   1.6296253E-03   1.7006307E-01   6.0038354E-01  -5.4352002E+00  -3.2069322E+01   4.5215495E-04   2.2691568E-03   1.4903961E-04   3.2658467E-03  -1.9282094E-04   1.6418170E-02  -2.1281526E-04   7.4331950E-04
  3.1561819E-06  -2.2262247E-05   2.4718761E-07   3.8886123E-04   1.0784869E-03   7.8381785E-04   1.7076194E-04   3.3829955E-06  -4.2629487E-01   8.0729532E-02  -3.5248040E-02  -7.3848482E-01   8.5966933E-01   1.7019493E+00   7.0428207E-01   2.0318716E-02  -7.7807804E-03   9.9038432E-03   1.0755382E-01   1.4218132E-01  -1.2714291E-04   6.9921618E-05   1.9405233E-04   1.6722567E-04   7.0657088E-05  -5.1748229E-05   5.2111732E-06  -2.5041687E-06
  3.3930602E-05  -1.9651221E-04   2.0073702E-05   1.4426870E-03  -1.6579727E-03   2.6000888E-03   1.0604567E-03   6.0017458E-05  -9.7979736E-01  -3.5248040E-02   3.7552659E+00  -2.9835241E+01  -3.4048598E+00   7.2051215E+00   5.1175985E+00  -2.4959790E+00  -2.1929599E-01   8.3559841E-02   2.6060227E+00   3.2874173E+00  -1.9204285E-03  -9.0879530E-04  -2.0132166E-03  -1.0986910E-03  -8.6997761E-04  -1.7669392E-03   1.1812565E-04  -6.1912125E-05
 -6.0239978E-04   3.8809878E-03  -3.1339102E-04  -3.2448627E-02   1.2898214E-01  -5.2491907E-02  -2.9666499E-02   4.3475622E-03   3.8236491E+01  -7.3848482E-01  -2.9835241E+01   7.7048597E+02   7.0209461E+01  -5.5909016E+01  -6.0903008E+01   1.2746325E+01  -5.4171485E+00   6.7961596E+00  -1.0291011E+01  -2.1964094E+01   2.8872731E-02   1.0976002E-02   4.3260505E-02   8.7007498E-04   1.5299694E-02   9.8441745E-02   3.6668379E-03   9.3857546E-04
 -3.4771723E-04   2.3019532E-03  -2.3271397E-04  -1.8350276E-02   9.3175084E-02  -3.0805458E-02  -1.1335106E-02   4.0927413E-04   2.3913428E+00   8.5966933E-01  -3.4048598E+00   7.0209461E+01   6.1780583E+01   3.9006064E+01   1.5136763E+01  -4.5564013E+00  -1.2389853E-01  -1.2532717E+00   3.5807149E+00   3.9835233E+00   6.3093614E-03   3.6203113E-03   1.2704279E-02  -7.7237590E-04   3.3884522E-03   3.6335205E-02   1.5788705E-04   2.2495267E-04
 -9.5648132E-05   6.5820108E-04  -1.2524421E-04   7.6494405E-04   1.1045131E-01   5.6973956E-03   2.9746285E-05   5.7022587E-04  -1.3631916E+01   1.7019493E+00   7.2051215E+00  -5.5909016E+01   3.9006064E+01   8.3186846E+01   5.3077183E+01  -1.1040871E+01  -7.0016428E-01  -6.7159365E-01   4.9059530E+00   7.9952474E+00  -6.3626577E-03   2.0313320E-04   5.0534543E-03   6.6652225E-04  -1.5793310E-03   5.0482876E-03   4.9343827E-04  -3.8980566E-04
 -1.9406259E-05  -6.1770976E-05  -9.1103307E-05   1.0055814E-02   1.3097818E-01   2.5668402E-02   4.7287331E-03   1.6399337E-03  -5.4368241E+01   7.0428207E-01   5.1175985E+00  -6.0903008E+01   1.5136763E+01   5.3077183E+01   1.0299721E+02  -8.6813318E+00  -5.3329466E-01  -1.1493121E+00   5.3294895E+00   3.2365511E+01  -4.0719306E-03  -5.0550024E-03  -2.0286018E-03  -5.5398706E-03  -2.8909823E-03  -6.2483671E-03   5.1071822E-04  -1.3303258E-03
 -4.8802678E-05   3.2695589E-04  -3.1092859E-05  -4.4040645E-03  -1.3630147E-02  -8.6711920E-03  -2.6883505E-03  -2.3651306E-05   1.6296253E-03   2.0318716E-02  -2.4959790E+00   1.2746325E+01  -4.5564013E+00  -1.1040871E+01  -8.6813318E+00   5.4051524E+00   7.9006733E-02  -1.9381440E-01  -2.0194485E+00  -2.2675973E+00   1.0540106E-03   8.3638528E-04   6.8755292E-05   1.9338796E-03   2.8404460E-03   3.6420152E-03  -8.9130504E-05   6.8216251E-06
 -4.3462479E-06   1.4351075E-05  -3.9627735E-07  -3.6935603E-04   2.0570109E-04  -8.0604775E-04   2.0873589E-04   8.9421860E-05   1.7006307E-01  -7.7807804E-03  -2.1929599E-01  -5.4171485E+00  -1.2389853E-01  -7.0016428E-01  -5.3329466E-01   7.9006733E-02   3.2910988E+00   5.1098992E-01   8.2955933E-02   2.6750773E-02   1.1962546E-03   1.4237057E-03   5.1588232E-03   4.3026404E-04   4.2273984E-04   2.1130053E-03   1.7032249E-04  -1.1842769E-05
 -7.1074294E-06   6.5480825E-05   9.4355612E-06  -1.0836869E-03  -5.5996888E-03  -2.4117007E-03  -5.2355278E-04   2.5279360E-05   6.0038354E-01   9.9038432E-03   8.3559841E-02   6.7961596E+00  -1.2532717E+00  -6.7159365E-01  -1.1493121E+00  -1.9381440E-01   5.1098992E-01   3.1536672E+00   2.6198305E+00   2.5914399E+00  -3.0999602E-04   1.4077218E-05   1.3060503E-03   2.6354978E-05   1.1832937E-03   7.3200315E-03  -2.0013811E-04  -2.6442302E-05
 -9.6185934E-06   1.2498183E-04  -6.9128043E-06  -2.1546420E-03  -4.9904156E-03  -4.0171460E-03  -9.7584747E-04   1.7026256E-04  -5.4352002E+00   1.0755382E-01   2.6060227E+00  -1.0291011E+01   3.5807149E+00   4.9059530E+00   5.3294895E+00  -2.0194485E+00   8.2955933E-02   2.6198305E+00   1.0709042E+01   1.8936794E+01  -3.9808790E-05   8.1185635E-06   8.9659207E-04  -3.2207495E-04  -9.8685501E-04   4.8214894E-03  -1.5892734E-05   4.1382311E-04
  2.4948474E-05  -5.6042054E-05  -2.1455944E-05   2.2197124E-05   2.1485463E-03   2.1002858E-03   8.8225071E-04   1.0701174E-03  -3.2069322E+01   1.4218132E-01   3.2874173E+00  -2.1964094E+01   3.9835233E+00   7.9952474E+00   3.2365511E+01  -2.2675973E+00   2.6750773E-02   2.5914399E+00   1.8936794E+01   5.2404257E+01   6.7265629E-04  -5.3269350E-04   2.3376052E-03  -1.4459049E-03  -1.8737339E-03  -5.8346545E-03   7.2230694E-05   9.0331163E-04
 -6.4378927E-08   2.1811825E-07   1.9670688E-07  -1.7795830E-05  -1.7486011E-04  -3.5402112E-05  -1.5838327E-06  -6.1259625E-07   4.5215495E-04  -1.2714291E-04  -1.9204285E-03   2.8872731E-02   6.3093614E-03  -6.3626577E-03  -4.0719306E-03   1.0540106E-03   1.1962546E-03  -3.0999602E-04  -3.9808790E-05   6.7265629E-04   1.4529907E-03   2.7016894E-04   1.0279873E-04  -3.3633584E-04  -8.3514876E-05  -2.4519650E-04   4.7803561E-08  -4.5673022E-08
 -1.2399420E-07   6.9516768E-07   8.5732340E-09  -1.6765798E-05  -1.2241208E-04  -3.1157856E-05  -1.7113070E-06   6.2497743E-07   2.2691568E-03   6.9921618E-05  -9.0879530E-04   1.0976002E-02   3.6203113E-03   2.0313320E-04  -5.0550024E-03   8.3638528E-04   1.4237057E-03   1.4077218E-05   8.1185635E-06  -5.3269350E-04   2.7016894E-04   8.6541425E-04   2.2317523E-05   7.2288708E-04   6.8790369E-05  -7.2049335E-04  -1.4284695E-08  -5.8847060E-08
 -1.2189768E-07   1.4333092E-06  -1.3030362E-07   9.2201382E-06   3.0818503E-04   2.3927008E-05  -6.3455869E-06   1.4399432E-06   1.4903961E-04   1.9405233E-04  -2.0132166E-03   4.3260505E-02   1.2704279E-02   5.0534543E-03  -2.0286018E-03   6.8755292E-05   5.1588232E-03   1.3060503E-03   8.9659207E-04   2.3376052E-03   1.0279873E-04   2.2317523E-05   7.3863965E-03  -3.5638400E-04   6.8700281E-04   4.5485088E-03   9.6779799E-07  -1.3481081E-07
 -3.1538184E-07   3.3303370E-06  -3.5869573E-08  -5.9729597E-05  -4.6041168E-04  -1.0931578E-04  -5.1676102E-06   1.0645346E-06   3.2658467E-03   1.6722567E-04  -1.0986910E-03   8.7007498E-04  -7.7237590E-04   6.6652225E-04  -5.5398706E-03   1.9338796E-03   4.3026404E-04   2.6354978E-05  -3.2207495E-04  -1.4459049E-03  -3.3633584E-04   7.2288708E-04  -3.5638400E-04   2.8769764E-03   5.4905192E-04  -1.1247432E-03   1.7714653E-07   2.8365203E-07
 -7.0104577E-07   5.4028267E-06  -4.5395365E-07  -4.6767400E-06   4.5556070E-04   1.3340534E-06  -1.1285435E-05   1.4902843E-06  -1.9282094E-04   7.0657088E-05  -8.6997761E-04   1.5299694E-02   3.3884522E-03  -1.5793310E-03  -2.8909823E-03   2.8404460E-03   4.2273984E-04   1.1832937E-03  -9.8685501E-04  -1.8737339E-03  -8.3514876E-05   6.8790369E-05   6.8700281E-04   5.4905192E-04   6.5037299E-03   8.1756731E-03   7.7118571E-07   2.5899365E-07
 -4.0210476E-06   2.7168793E-05  -3.6651942E-06  -1.2728488E-04   1.9725912E-03  -1.8700831E-04  -6.0741045E-05   1.0776352E-05   1.6418170E-02  -5.1748229E-05  -1.7669392E-03   9.8441745E-02   3.6335205E-02   5.0482876E-03  -6.2483671E-03   3.6420152E-03   2.1130053E-03   7.3200315E-03   4.8214894E-03  -5.8346545E-03  -2.4519650E-04  -7.2049335E-04   4.5485088E-03  -1.1247432E-03   8.1756731E-03   7.1859461E-02   1.6591219E-06   1.6929772E-06
  3.8013365E-09  -1.9128258E-08   1.5825174E-09   2.0018111E-07   2.6336943E-06   5.9380451E-07  -4.4429738E-08   5.0168258E-08  -2.1281526E-04   5.2111732E-06   1.1812565E-04   3.6668379E-03   1.5788705E-04   4.9343827E-04   5.1071822E-04  -8.9130504E-05   1.7032249E-04  -2.0013811E-04  -1.5892734E-05   7.2230694E-05   4.7803561E-08  -1.4284695E-08   9.6779799E-07   1.7714653E-07   7.7118571E-07   1.6591219E-06   3.8187143E-07  -6.1959431E-09
 -3.8172058E-09   4.7335795E-08  -3.9133953E-09  -4.3074998E-07   1.6272807E-07  -7.1222190E-07  -1.6800552E-07   2.2481096E-08   7.4331950E-04  -2.5041687E-06  -6.1912125E-05   9.3857546E-04   2.2495267E-04  -3.8980566E-04  -1.3303258E-03   6.8216251E-06  -1.1842769E-05  -2.6442302E-05   4.1382311E-04   9.0331163E-04  -4.5673022E-08  -5.8847060E-08  -1.3481081E-07   2.8365203E-07   2.5899365E-07   1.6929772E-06  -6.1959431E-09   3.7788579E-07
