# omegabh2 omegach2 theta tau logA ns calPlanck acib217 xi asz143 aps100 aps143 aps143217 aps217 aksz kgal100 kgal143 kgal143217 kgal217 cal0 cal2
  3.5577652E-08  -3.6308598E-08   1.6152278E-08   1.9826128E-07   3.8913042E-07   2.4180474E-07  -4.8639560E-10  -1.4877989E-04   4.4291805E-06   3.7802527E-05  -7.2739904E-04  -4.0357890E-04  -1.0204968E-04  -2.2305563E-05  -5.1251926E-05   6.4617246E-06   1.5851203E-07   2.3393087E-06   3.5620029E-05   5.8810978E-09  -2.4474217E-09
 -3.6308598E-08   1.0942067E-06  -2.4692859E-08  -2.9861333E-06  -3.9866303E-06  -2.2807887E-06  -3.3436642E-07   1.9983470E-05  -4.5824648E-06  -4.8240958E-05   2.8257557E-04   2.3410760E-04   6.8735224E-05   7.9131915E-05   1.2115738E-05   3.4283820E-05   2.7484830E-05   2.9768829E-05   1.5949427E-04  -7.2899781E-09   3.4717829E-08
  1.6152278E-08  -2.4692859E-08   1.6706216E-07   3.6670009E-07   9.9210960E-07   2.8975182E-07   6.3908688E-08  -3.9386085E-05   3.7444567E-06   4.8807567E-06   1.0888380E-04   5.9523523E-05   6.8836395E-05   3.7878864E-05  -9.0982642E-06   2.0379349E-05   7.8204308E-06   5.2206878E-05   7.9096180E-05   1.2437494E-08  -1.3894475E-08
  1.9826128E-07  -2.9861333E-06   3.6670009E-07   5.6094944E-05   1.0513660E-04   8.0415533E-06   3.7067598E-07  -4.7269763E-04  -3.5888383E-05   5.5533818E-04  -2.5103803E-03  -2.6911244E-03  -2.6230643E-03  -1.5744041E-03  -8.9968224E-04   4.9200967E-04   3.6335260E-04   1.1805551E-03   1.5401140E-03   5.9679676E-09  -1.2032977E-07
  3.8913042E-07  -3.9866303E-06   9.9210960E-07   1.0513660E-04   2.2689720E-04   1.0558671E-05   1.1981518E-05  -1.4707495E-03  -7.1356783E-05   5.8194306E-04   3.2916076E-03  -4.7368992E-03  -4.8929842E-03   2.0372206E-03  -2.0873848E-03   6.5468042E-04   4.1125425E-04   1.4670293E-03   4.8727441E-03   1.5649109E-07  -1.8753073E-07
  2.4180474E-07  -2.2807887E-06   2.8975182E-07   8.0415533E-06   1.0558671E-05   1.6582193E-05   9.0218303E-07  -4.6796584E-03   1.2200634E-04   1.2560012E-03  -2.6729629E-02  -7.9539129E-03   2.6602802E-03   5.4403850E-03  -2.7206020E-03   5.2620169E-04  -2.5835127E-04  -3.4941293E-04   1.1459286E-03   4.2594436E-08  -1.2384361E-07
 -4.8639560E-10  -3.3436642E-07   6.3908688E-08   3.7067598E-07   1.1981518E-05   9.0218303E-07   6.0609026E-06   3.1663985E-04  -1.5698348E-05  -1.3370798E-04   5.2013579E-03  -1.9961248E-04  -6.0555891E-04   1.2440002E-03   1.8664152E-04  -2.2662482E-06   1.0245796E-04  -2.1089798E-04   9.2956598E-04  -9.9501512E-09   1.4104636E-08
 -1.4877989E-04   1.9983470E-05  -3.9386085E-05  -4.7269763E-04  -1.4707495E-03  -4.6796584E-03   3.1663985E-04   4.5250150E+01  -3.6963431E-01  -1.3755204E+00   3.6707325E+01   2.6339248E+00  -1.4193778E+01  -5.6490747E+01   1.2266097E-02   7.4287734E-02   3.6427788E-01  -6.5237256E+00  -3.4812124E+01  -3.4425032E-04   6.7919171E-04
  4.4291805E-06  -4.5824648E-06   3.7444567E-06  -3.5888383E-05  -7.1356783E-05   1.2200634E-04  -1.5698348E-05  -3.6963431E-01   8.2952250E-02  -4.1254720E-02  -4.2588136E-01   8.5101867E-01   1.6746969E+00   5.8258453E-01   4.3665764E-02  -2.6528248E-02   1.9095225E-02   1.0550702E-01   1.1941571E-01   7.2433285E-06  -4.5045885E-06
  3.7802527E-05  -4.8240958E-05   4.8807567E-06   5.5533818E-04   5.8194306E-04   1.2560012E-03  -1.3370798E-04  -1.3755204E+00  -4.1254720E-02   3.7864354E+00  -2.8716068E+01  -3.5113924E+00   7.8234299E+00   6.2010333E+00  -2.7610310E+00  -1.7332094E-01   1.4695845E-01   2.5037399E+00   3.2403037E+00   1.3811787E-04  -9.0936272E-05
 -7.2739904E-04   2.8257557E-04   1.0888380E-04  -2.5103803E-03   3.2916076E-03  -2.6729629E-02   5.2013579E-03   3.6707325E+01  -4.2588136E-01  -2.8716068E+01   7.7065534E+02   7.6513078E+01  -4.7986417E+01  -6.1088828E+01   1.3410968E+01  -6.5956502E+00   6.8380186E+00  -7.3640555E+00  -1.5933801E+01   3.6627087E-03   1.0619283E-03
 -4.0357890E-04   2.3410760E-04   5.9523523E-05  -2.6911244E-03  -4.7368992E-03  -7.9539129E-03  -1.9961248E-04   2.6339248E+00   8.5101867E-01  -3.5113924E+00   7.6513078E+01   6.4457655E+01   3.9017156E+01   1.4231043E+01  -4.8160757E+00  -9.2502464E-01  -9.8221446E-01   4.1407676E+00   5.1418603E+00   1.5294482E-05   1.0852106E-04
 -1.0204968E-04   6.8735224E-05   6.8836395E-05  -2.6230643E-03  -4.8929842E-03   2.6602802E-03  -6.0555891E-04  -1.4193778E+01   1.6746969E+00   7.8234299E+00  -4.7986417E+01   3.9017156E+01   8.6055137E+01   5.5887604E+01  -1.2117002E+01  -1.1325062E+00  -5.1362110E-01   4.6391355E+00   7.7463696E+00   6.6149397E-04  -6.4290151E-04
 -2.2305563E-05   7.9131915E-05   3.7878864E-05  -1.5744041E-03   2.0372206E-03   5.4403850E-03   1.2440002E-03  -5.6490747E+01   5.8258453E-01   6.2010333E+00  -6.1088828E+01   1.4231043E+01   5.5887604E+01   1.0812349E+02  -9.7507293E+00  -6.5593914E-01  -9.0538374E-01   6.3195813E+00   3.5361279E+01   7.3304134E-04  -1.3949886E-03
 -5.1251926E-05   1.2115738E-05  -9.0982642E-06  -8.9968224E-04  -2.0873848E-03  -2.7206020E-03   1.8664152E-04   1.2266097E-02   4.3665764E-02  -2.7610310E+00   1.3410968E+01  -4.8160757E+00  -1.2117002E+01  -9.7507293E+00   6.1729541E+00   1.4495401E-01  -2.8466096E-01  -2.1692294E+00  -2.3623549E+00  -1.3312140E-04   3.7738512E-05
  6.4617246E-06   3.4283820E-05   2.0379349E-05   4.9200967E-04   6.5468042E-04   5.2620169E-04  -2.2662482E-06   7.4287734E-02  -2.6528248E-02  -1.7332094E-01  -6.5956502E+00  -9.2502464E-01  -1.1325062E+00  -6.5593914E-01   1.4495401E-01   3.3749377E+00   4.1926512E-01  -8.9927949E-02  -1.1894030E-02   1.7998802E-04   2.2643202E-05
  1.5851203E-07   2.7484830E-05   7.8204308E-06   3.6335260E-04   4.1125425E-04  -2.5835127E-04   1.0245796E-04   3.6427788E-01   1.9095225E-02   1.4695845E-01   6.8380186E+00  -9.8221446E-01  -5.1362110E-01  -9.0538374E-01  -2.8466096E-01   4.1926512E-01   3.3573521E+00   3.0193761E+00   3.1947834E+00  -1.7688634E-04  -3.4859699E-05
  2.3393087E-06   2.9768829E-05   5.2206878E-05   1.1805551E-03   1.4670293E-03  -3.4941293E-04  -2.1089798E-04  -6.5237256E+00   1.0550702E-01   2.5037399E+00  -7.3640555E+00   4.1407676E+00   4.6391355E+00   6.3195813E+00  -2.1692294E+00  -8.9927949E-02   3.0193761E+00   1.1538282E+01   2.0743943E+01  -2.6477323E-05   4.0444348E-04
  3.5620029E-05   1.5949427E-04   7.9096180E-05   1.5401140E-03   4.8727441E-03   1.1459286E-03   9.2956598E-04  -3.4812124E+01   1.1941571E-01   3.2403037E+00  -1.5933801E+01   5.1418603E+00   7.7463696E+00   3.5361279E+01  -2.3623549E+00  -1.1894030E-02   3.1947834E+00   2.0743943E+01   5.6837669E+01   1.4060741E-04   9.7523183E-04
  5.8810978E-09  -7.2899781E-09   1.2437494E-08   5.9679676E-09   1.5649109E-07   4.2594436E-08  -9.9501512E-09  -3.4425032E-04   7.2433285E-06   1.3811787E-04   3.6627087E-03   1.5294482E-05   6.6149397E-04   7.3304134E-04  -1.3312140E-04   1.7998802E-04  -1.7688634E-04  -2.6477323E-05   1.4060741E-04   4.0505969E-07   5.1529157E-09
 -2.4474217E-09   3.4717829E-08  -1.3894475E-08  -1.2032977E-07  -1.8753073E-07  -1.2384361E-07   1.4104636E-08   6.7919171E-04  -4.5045885E-06  -9.0936272E-05   1.0619283E-03   1.0852106E-04  -6.4290151E-04  -1.3949886E-03   3.7738512E-05   2.2643202E-05  -3.4859699E-05   4.0444348E-04   9.7523183E-04   5.1529157E-09   3.8881854E-07
