# omegabh2 omegach2 theta tau mnu nnu logA ns calPlanck acib217 xi asz143 aps100 aps143 aps143217 aps217 aksz kgal100 kgal143 kgal143217 kgal217 cal0 cal2
  5.2324706E-08   3.9318743E-07  -2.4333163E-08   2.3767600E-07   2.4865555E-06   2.8738327E-05   1.5875776E-06   1.1909625E-06   5.0252200E-09   2.5319633E-05  -1.5087122E-06   6.9316045E-06   5.7325953E-05  -2.7831405E-05  -1.5047798E-05  -2.1959028E-05  -3.8594944E-06   9.9316736E-06   2.7628161E-06  -5.5505030E-06  -2.0172761E-05   8.1985818E-10  -7.2791388E-10
  3.9318743E-07   1.5288108E-05  -1.4654859E-06  -2.8781035E-08   1.4604691E-05   8.5646694E-04   3.8201619E-05   2.3966745E-05  -2.2220270E-07   4.1070772E-03  -9.0106329E-05  -1.0818770E-03   2.1470475E-02   1.1872474E-02   4.1654320E-03   9.6817258E-04   1.6115422E-03   1.3576638E-04   2.4644500E-04   1.6546983E-04  -1.1365439E-03  -5.3349622E-09   9.2519760E-08
 -2.4333163E-08  -1.4654859E-06   3.2145566E-07   2.8885931E-08  -2.8922600E-06  -8.8541133E-05  -3.4173342E-06  -2.4459228E-06   3.3106659E-08  -4.2946558E-04   8.3017733E-06   1.4078347E-04  -2.4009783E-03  -1.2529171E-03  -3.7049023E-04  -5.1851763E-05  -2.1166218E-04  -1.7823626E-05  -2.3585337E-05  -5.1280036E-06   1.4211715E-04   1.9819257E-09  -5.7372112E-09
  2.3767600E-07  -2.8781035E-08   2.8885931E-08   4.8547494E-05   4.7416735E-05   9.5880267E-05   9.6608953E-05   8.4566463E-06  -3.3807519E-07  -1.4883077E-03   1.9462265E-05   5.1406758E-04  -9.0313024E-03  -2.4347456E-03   2.0349483E-04   1.2252888E-03  -7.0437778E-04   7.6791758E-07  -1.4147751E-06   3.5151939E-04   8.5468586E-04  -7.6976938E-08  -3.5337594E-08
  2.4865555E-06   1.4604691E-05  -2.8922600E-06   4.7416735E-05   3.0250414E-03   2.8282912E-03   1.3055966E-04   1.5425860E-04   1.0814523E-06   2.1148215E-02  -3.0137134E-04  -3.6946319E-03   8.4710401E-02   4.4057081E-02   1.2529469E-02  -7.9501865E-03   6.7181035E-03   1.7634184E-03   2.0355675E-03   1.5911372E-03  -5.1481615E-03   3.3316984E-07   7.7624729E-07
  2.8738327E-05   8.5646694E-04  -8.8541133E-05   9.5880267E-05   2.8282912E-03   5.4060658E-02   2.3494279E-03   1.7382857E-03  -7.4474445E-06   2.5744687E-01  -5.6572157E-03  -6.6330324E-02   1.3222692E+00   7.1999008E-01   2.4459708E-01   4.5493794E-02   1.0619084E-01   1.0495848E-02   1.7080736E-02   1.1632412E-02  -7.0159210E-02   2.6842007E-07   5.4352911E-06
  1.5875776E-06   3.8201619E-05  -3.4173342E-06   9.6608953E-05   1.3055966E-04   2.3494279E-03   3.1692403E-04   7.6603897E-05   1.1172965E-05   6.4707566E-03  -1.2020192E-04  -1.5809010E-03   3.8206288E-02   2.7022212E-02   1.4811818E-02   1.2140998E-02   1.4873606E-03   1.6069951E-05  -1.6730789E-04   6.0746781E-04   6.5962901E-04   3.8910185E-08   1.3396228E-07
  1.1909625E-06   2.3966745E-05  -2.4459228E-06   8.4566463E-06   1.5425860E-04   1.7382857E-03   7.6603897E-05   7.3821754E-05   1.6503773E-07   4.0975874E-03  -1.0495743E-04  -9.6500099E-04   1.8130654E-02   1.6011265E-02   9.1794707E-03   5.9497841E-03   1.1505640E-03   7.6901237E-04   3.6973192E-04   2.8433731E-04  -7.6383873E-04  -1.0708844E-07   8.2907878E-08
  5.0252200E-09  -2.2220270E-07   3.3106659E-08  -3.3807519E-07   1.0814523E-06  -7.4474445E-06   1.1172965E-05   1.6503773E-07   6.1703803E-06   4.0558446E-04   1.1334902E-05   5.8241745E-05   2.9053143E-03   8.3001844E-04   9.5379149E-04   1.8578423E-03  -1.2077876E-04   5.5009629E-06  -7.8391795E-05   9.2450506E-06   9.2787125E-04   8.4407459E-09  -7.4915219E-09
  2.5319633E-05   4.1070772E-03  -4.2946558E-04  -1.4883077E-03   2.1148215E-02   2.5744687E-01   6.4707566E-03   4.0975874E-03   4.0558446E-04   4.6340825E+01  -4.3079321E-01  -1.1912900E+00   4.3189042E+01   5.2876613E+00  -1.2301584E+01  -5.5476201E+01   4.7114904E-01   1.6883838E-01   5.9220714E-01  -5.9868879E+00  -3.4259097E+01  -1.8906383E-04   8.0183738E-04
 -1.5087122E-06  -9.0106329E-05   8.3017733E-06   1.9462265E-05  -3.0137134E-04  -5.6572157E-03  -1.2020192E-04  -1.0495743E-04   1.1334902E-05  -4.3079321E-01   8.1904796E-02  -4.9187221E-02  -5.8350423E-01   7.9209238E-01   1.5430718E+00   6.0422885E-01   4.7545483E-02  -4.0409784E-03   1.1414356E-02   9.2633370E-02   1.4880886E-01   4.1816678E-06  -2.7693510E-06
  6.9316045E-06  -1.0818770E-03   1.4078347E-04   5.1406758E-04  -3.6946319E-03  -6.6330324E-02  -1.5809010E-03  -9.6500099E-04   5.8241745E-05  -1.1912900E+00  -4.9187221E-02   4.1550686E+00  -3.2839435E+01  -4.1768128E+00   7.8847796E+00   5.7670822E+00  -3.2167679E+00  -2.3886389E-01   1.4865368E-01   2.7735060E+00   3.4767339E+00   1.0084746E-04  -7.3273573E-05
  5.7325953E-05   2.1470475E-02  -2.4009783E-03  -9.0313024E-03   8.4710401E-02   1.3222692E+00   3.8206288E-02   1.8130654E-02   2.9053143E-03   4.3189042E+01  -5.8350423E-01  -3.2839435E+01   8.0751284E+02   9.0308368E+01  -4.6724918E+01  -5.9058862E+01   1.7577100E+01  -6.7679226E+00   5.7552653E+00  -1.2723216E+01  -2.7465899E+01   3.7492675E-03   9.0595645E-04
 -2.7831405E-05   1.1872474E-02  -1.2529171E-03  -2.4347456E-03   4.4057081E-02   7.1999008E-01   2.7022212E-02   1.6011265E-02   8.3001844E-04   5.2876613E+00   7.9209238E-01  -4.1768128E+00   9.0308368E+01   7.1827077E+01   4.3177561E+01   1.7187428E+01  -3.5111755E+00  -2.6875538E-01  -9.4339185E-01   3.6570852E+00   3.6600401E+00   2.0133829E-04   2.2806681E-04
 -1.5047798E-05   4.1654320E-03  -3.7049023E-04   2.0349483E-04   1.2529469E-02   2.4459708E-01   1.4811818E-02   9.1794707E-03   9.5379149E-04  -1.2301584E+01   1.5430718E+00   7.8847796E+00  -4.6724918E+01   4.3177561E+01   8.6162921E+01   5.6296727E+01  -1.2492782E+01  -9.0231675E-01  -4.2290575E-01   5.3489546E+00   8.9150994E+00   4.7688476E-04  -4.1945737E-04
 -2.1959028E-05   9.6817258E-04  -5.1851763E-05   1.2252888E-03  -7.9501865E-03   4.5493794E-02   1.2140998E-02   5.9497841E-03   1.8578423E-03  -5.5476201E+01   6.0422885E-01   5.7670822E+00  -5.9058862E+01   1.7187428E+01   5.6296727E+01   1.0716460E+02  -1.0337203E+01  -7.3607673E-01  -1.1349453E+00   6.1167089E+00   3.4760471E+01   5.1290139E-04  -1.4494162E-03
 -3.8594944E-06   1.6115422E-03  -2.1166218E-04  -7.0437778E-04   6.7181035E-03   1.0619084E-01   1.4873606E-03   1.1505640E-03  -1.2077876E-04   4.7114904E-01   4.7545483E-02  -3.2167679E+00   1.7577100E+01  -3.5111755E+00  -1.2492782E+01  -1.0337203E+01   6.7513621E+00   1.9835369E-01  -1.7252691E-01  -2.2754867E+00  -2.6948612E+00  -9.7103784E-05   5.0580721E-05
  9.9316736E-06   1.3576638E-04  -1.7823626E-05   7.6791758E-07   1.7634184E-03   1.0495848E-02   1.6069951E-05   7.6901237E-04   5.5009629E-06   1.6883838E-01  -4.0409784E-03  -2.3886389E-01  -6.7679226E+00  -2.6875538E-01  -9.0231675E-01  -7.3607673E-01   1.9835369E-01   3.3226707E+00   5.1476915E-01   1.6494800E-01   1.3781237E-01   1.6656474E-04   1.3185709E-05
  2.7628161E-06   2.4644500E-04  -2.3585337E-05  -1.4147751E-06   2.0355675E-03   1.7080736E-02  -1.6730789E-04   3.6973192E-04  -7.8391795E-05   5.9220714E-01   1.1414356E-02   1.4865368E-01   5.7552653E+00  -9.4339185E-01  -4.2290575E-01  -1.1349453E+00  -1.7252691E-01   5.1476915E-01   3.1991264E+00   2.7518823E+00   2.7110872E+00  -1.9043441E-04  -3.6968120E-05
 -5.5505030E-06   1.6546983E-04  -5.1280036E-06   3.5151939E-04   1.5911372E-03   1.1632412E-02   6.0746781E-04   2.8433731E-04   9.2450506E-06  -5.9868879E+00   9.2633370E-02   2.7735060E+00  -1.2723216E+01   3.6570852E+00   5.3489546E+00   6.1167089E+00  -2.2754867E+00   1.6494800E-01   2.7518823E+00   1.0979755E+01   1.9463123E+01  -1.6559818E-05   3.8353717E-04
 -2.0172761E-05  -1.1365439E-03   1.4211715E-04   8.5468586E-04  -5.1481615E-03  -7.0159210E-02   6.5962901E-04  -7.6383873E-04   9.2787125E-04  -3.4259097E+01   1.4880886E-01   3.4767339E+00  -2.7465899E+01   3.6600401E+00   8.9150994E+00   3.4760471E+01  -2.6948612E+00   1.3781237E-01   2.7110872E+00   1.9463123E+01   5.3958259E+01   7.4838396E-05   8.4962232E-04
  8.1985818E-10  -5.3349622E-09   1.9819257E-09  -7.6976938E-08   3.3316984E-07   2.6842007E-07   3.8910185E-08  -1.0708844E-07   8.4407459E-09  -1.8906383E-04   4.1816678E-06   1.0084746E-04   3.7492675E-03   2.0133829E-04   4.7688476E-04   5.1290139E-04  -9.7103784E-05   1.6656474E-04  -1.9043441E-04  -1.6559818E-05   7.4838396E-05   3.7935763E-07   1.5683834E-09
 -7.2791388E-10   9.2519760E-08  -5.7372112E-09  -3.5337594E-08   7.7624729E-07   5.4352911E-06   1.3396228E-07   8.2907878E-08  -7.4915219E-09   8.0183738E-04  -2.7693510E-06  -7.3273573E-05   9.0595645E-04   2.2806681E-04  -4.1945737E-04  -1.4494162E-03   5.0580721E-05   1.3185709E-05  -3.6968120E-05   3.8353717E-04   8.4962232E-04   1.5683834E-09   3.8828681E-07
