# omegabh2 omegach2 theta tau logA ns calPlanck aps100 aps143 aps217 acib217 asz143 psr cibr xi aksz dust100 dust143 dust217 dust143x217 cal0 cal2
  3.5967994E-08  -5.4591259E-08   2.0574878E-08   3.1240794E-07   6.3560413E-07   2.7618321E-07   1.8066676E-08  -5.7438855E-04  -4.2519879E-04   1.3512189E-04  -2.1944691E-04   1.9794338E-05   1.5277339E-06  -5.0398039E-06   2.2253105E-06  -4.6853839E-05   6.4867921E-08  -8.2732109E-07   1.0305754E-06  -1.4496162E-07   2.5954879E-09  -1.2702719E-08
 -5.4591259E-08   1.1960730E-06  -3.7536623E-08  -2.9064455E-06  -3.5369286E-06  -2.5887964E-06  -2.4614948E-07   2.4245233E-04   3.4867935E-04  -2.1955250E-04   2.3174346E-04  -1.4855629E-05  -3.7833372E-06   6.0755024E-06  -1.3545170E-05   7.7854532E-05  -2.9245363E-06   7.2050042E-06  -5.0706555E-07   1.2615222E-06  -6.1769736E-08   5.7296545E-09
  2.0574878E-08  -3.7536623E-08   1.7356985E-07   3.7842279E-07   8.6455206E-07   3.3962636E-07   7.5729586E-09   3.0806646E-04  -2.9447052E-05  -9.0303671E-05   2.1846565E-05  -7.2074742E-06   3.4829283E-07  -1.1637750E-06   1.2634814E-06  -3.8848222E-06  -6.2086701E-07   4.3382456E-07  -2.9793415E-07   1.4703909E-07  -2.5006746E-10  -7.1664537E-09
  3.1240794E-07  -2.9064455E-06   3.7842279E-07   5.6573782E-05   1.0357917E-04   1.0838285E-05  -7.4063393E-07  -1.4179413E-02  -5.9035988E-03   1.1692388E-03  -2.4764715E-03   3.1485653E-04   3.0867169E-05  -5.9194033E-05   5.1911189E-05  -6.7033442E-04   3.3728256E-05  -6.0988098E-06  -3.6399525E-06  -1.0066837E-05  -8.9006327E-08  -3.6947752E-07
  6.3560413E-07  -3.5369286E-06   8.6455206E-07   1.0357917E-04   2.2088904E-04   1.5362690E-05   1.0467893E-05  -2.1372468E-02  -9.8449252E-03   8.7591705E-03  -5.6154884E-03   7.0044116E-04   6.3899213E-05  -1.3311923E-04   1.0185080E-04  -2.1508122E-03   2.6957502E-05  -7.7997157E-05   1.8341296E-05  -3.7949176E-05   3.2238370E-07  -8.7208706E-07
  2.7618321E-07  -2.5887964E-06   3.3962636E-07   1.0838285E-05   1.5362690E-05   1.7178551E-05   6.8454217E-07  -2.4129209E-02  -8.1582041E-03   9.5486293E-03  -6.8965955E-03   5.4630426E-04   6.8235125E-05  -1.2554323E-04   9.7272773E-05  -2.2299038E-03   2.8299563E-05  -3.6747652E-05   3.2306452E-05  -1.5223170E-05  -2.1707995E-07  -4.0308296E-07
  1.8066676E-08  -2.4614948E-07   7.5729586E-09  -7.4063393E-07   1.0467893E-05   6.8454217E-07   6.3047572E-06   3.4915804E-03   3.9870502E-04   9.3773214E-04   6.2631704E-04   8.9625511E-06  -8.5275799E-06   1.8076342E-05   2.6007147E-07  -2.8061451E-05  -8.6363891E-06   5.2426363E-06   7.6852172E-06  -7.0828216E-06  -4.9124923E-09  -5.1461315E-08
 -5.7438855E-04   2.4245233E-04   3.0806646E-04  -1.4179413E-02  -2.1372468E-02  -2.4129209E-02   3.4915804E-03   6.1742909E+02   6.1385346E+01  -5.7489025E+01   3.2893742E+01  -2.5070811E+01  -7.7487272E-01  -1.1900475E-01  -1.1502899E-01   1.1073352E+01  -2.2182695E-01   3.0577270E-01  -2.9647255E-01  -2.5176215E-01   6.4776808E-03   2.8206955E-03
 -4.2519879E-04   3.4867935E-04  -2.9447052E-05  -5.9035988E-03  -9.8449252E-03  -8.1582041E-03   3.9870502E-04   6.1385346E+01   7.0208867E+01   6.8377733E+00   9.1498936E+00  -3.7793032E-01   3.1053912E-03   4.6893899E-01   9.0418711E-01  -8.3622519E+00  -2.5500820E-02  -2.1658183E-01   2.6105120E-02   7.2289866E-02   7.6418314E-04   7.0256713E-04
  1.3512189E-04  -2.1955250E-04  -9.0303671E-05   1.1692388E-03   8.7591705E-03   9.5486293E-03   9.3773214E-04  -5.7489025E+01   6.8377733E+00   1.7400960E+02  -8.2975941E+01   2.7516563E+00   3.5679531E-01  -1.0467161E+00   2.9360547E-01  -7.0107270E+00  -1.1728999E-02  -2.7754438E-01   5.4265282E-01  -5.7319565E-03   1.9027772E-03  -7.9863218E-03
 -2.1944691E-04   2.3174346E-04   2.1846565E-05  -2.4764715E-03  -5.6154884E-03  -6.8965955E-03   6.2631704E-04   3.2893742E+01   9.1498936E+00  -8.2975941E+01   5.2816091E+01   1.5717940E+00  -5.7849471E-02   7.3727832E-01  -2.4099549E-01  -2.9583152E+00   2.5942382E-03   1.6991986E-01  -4.4993507E-01  -1.1333703E-01  -7.3657991E-04   3.3222132E-03
  1.9794338E-05  -1.4855629E-05  -7.2074742E-06   3.1485653E-04   7.0044116E-04   5.4630426E-04   8.9625511E-06  -2.5070811E+01  -3.7793032E-01   2.7516563E+00   1.5717940E+00   4.2573774E+00   9.6274659E-02   1.5602688E-01  -4.6432397E-02  -3.4909316E+00   7.3279935E-05  -6.1315975E-03   1.4212804E-02   5.1637686E-02   4.3277104E-04  -1.1203037E-04
  1.5277339E-06  -3.7833372E-06   3.4829283E-07   3.0867169E-05   6.3899213E-05   6.8235125E-05  -8.5275799E-06  -7.7487272E-01   3.1053912E-03   3.5679531E-01  -5.7849471E-02   9.6274659E-02   1.5968162E-02  -1.6465431E-02   1.1428489E-02  -1.0460087E-01   6.1437761E-04  -1.5659282E-03  -2.5038399E-03   5.1205376E-03   1.9858445E-05  -3.6602049E-05
 -5.0398039E-06   6.0755024E-06  -1.1637750E-06  -5.9194033E-05  -1.3311923E-04  -1.2554323E-04   1.8076342E-05  -1.1900475E-01   4.6893899E-01  -1.0467161E+00   7.3727832E-01   1.5602688E-01  -1.6465431E-02   6.6397545E-02   4.4797839E-03  -1.5005595E-01  -4.6140066E-04   7.7279820E-03  -1.4434405E-04  -1.7159092E-02  -1.5391350E-05   9.5448699E-05
  2.2253105E-06  -1.3545170E-05   1.2634814E-06   5.1911189E-05   1.0185080E-04   9.7272773E-05   2.6007147E-07  -1.1502899E-01   9.0418711E-01   2.9360547E-01  -2.4099549E-01  -4.6432397E-02   1.1428489E-02   4.4797839E-03   8.3352992E-02   4.1285809E-02   9.9301775E-04   3.8182197E-04   4.4115807E-04   2.9385095E-04   1.3488576E-05  -1.8322863E-05
 -4.6853839E-05   7.7854532E-05  -3.8848222E-06  -6.7033442E-04  -2.1508122E-03  -2.2299038E-03  -2.8061451E-05   1.1073352E+01  -8.3622519E+00  -7.0107270E+00  -2.9583152E+00  -3.4909316E+00  -1.0460087E-01  -1.5005595E-01   4.1285809E-02   7.4866804E+00  -6.7363015E-03  -1.4292493E-03  -7.5189885E-04  -4.6851877E-02  -3.2060774E-04   5.6415739E-06
  6.4867921E-08  -2.9245363E-06  -6.2086701E-07   3.3728256E-05   2.6957502E-05   2.8299563E-05  -8.6363891E-06  -2.2182695E-01  -2.5500820E-02  -1.1728999E-02   2.5942382E-03   7.3279935E-05   6.1437761E-04  -4.6140066E-04   9.9301775E-04  -6.7363015E-03   3.8681946E-02   2.9245565E-03  -2.6167918E-04   5.9230190E-04   3.8469546E-05  -9.6214708E-06
 -8.2732109E-07   7.2050042E-06   4.3382456E-07  -6.0988098E-06  -7.7997157E-05  -3.6747652E-05   5.2426363E-06   3.0577270E-01  -2.1658183E-01  -2.7754438E-01   1.6991986E-01  -6.1315975E-03  -1.5659282E-03   7.7279820E-03   3.8182197E-04  -1.4292493E-03   2.9245565E-03   3.0640534E-02  -7.0149738E-04   4.6031093E-03  -8.2711337E-05  -4.0544725E-05
  1.0305754E-06  -5.0706555E-07  -2.9793415E-07  -3.6399525E-06   1.8341296E-05   3.2306452E-05   7.6852172E-06  -2.9647255E-01   2.6105120E-02   5.4265282E-01  -4.4993507E-01   1.4212804E-02  -2.5038399E-03  -1.4434405E-04   4.4115807E-04  -7.5189885E-04  -2.6167918E-04  -7.0149738E-04   1.0614332E-02   8.4721069E-03   4.2688545E-06   5.9635434E-05
 -1.4496162E-07   1.2615222E-06   1.4703909E-07  -1.0066837E-05  -3.7949176E-05  -1.5223170E-05  -7.0828216E-06  -2.5176215E-01   7.2289866E-02  -5.7319565E-03  -1.1333703E-01   5.1637686E-02   5.1205376E-03  -1.7159092E-02   2.9385095E-04  -4.6851877E-02   5.9230190E-04   4.6031093E-03   8.4721069E-03   2.6022309E-02  -2.4857286E-06   6.0744046E-05
  2.5954879E-09  -6.1769736E-08  -2.5006746E-10  -8.9006327E-08   3.2238370E-07  -2.1707995E-07  -4.9124923E-09   6.4776808E-03   7.6418314E-04   1.9027772E-03  -7.3657991E-04   4.3277104E-04   1.9858445E-05  -1.5391350E-05   1.3488576E-05  -3.2060774E-04   3.8469546E-05  -8.2711337E-05   4.2688545E-06  -2.4857286E-06   1.1132603E-06   2.2718860E-08
 -1.2702719E-08   5.7296545E-09  -7.1664537E-09  -3.6947752E-07  -8.7208706E-07  -4.0308296E-07  -5.1461315E-08   2.8206955E-03   7.0256713E-04  -7.9863218E-03   3.3222132E-03  -1.1203037E-04  -3.6602049E-05   9.5448699E-05  -1.8322863E-05   5.6415739E-06  -9.6214708E-06  -4.0544725E-05   5.9635434E-05   6.0744046E-05   2.2718860E-08   2.3712823E-06
