# omegabh2 omegach2 theta tau logA ns nrun r calPlanck acib217 xi asz143 aps100 aps143 aps143217 aps217 aksz kgal100 kgal143 kgal143217 kgal217 cal0 cal2
  5.4736600E-08  -2.1423955E-07   4.6597117E-08   5.3647609E-07   8.6474229E-07   5.3352861E-07  -7.7419025E-07   2.4073833E-06   1.2333597E-08  -5.5675875E-05  -2.8661524E-07   2.5643493E-05  -3.9102377E-04  -3.0810507E-04  -1.8447499E-04  -1.2489230E-04  -1.2591767E-05   1.4679847E-05   7.6763479E-06   1.0108313E-05   3.4704803E-05   9.6176389E-10   6.4711515E-10
 -2.1423955E-07   4.4275262E-06  -4.3588818E-07  -3.4849796E-06   3.3650392E-06  -1.0139774E-05  -1.2316755E-06  -1.3531579E-05  -2.8345905E-07   3.8615408E-04  -6.2611302E-06  -1.8178236E-04   2.8104905E-03   2.0723967E-03   1.0333893E-03   6.6743635E-04   1.4030651E-04  -3.0107924E-05  -2.9861263E-05  -9.4868037E-06  -1.1922795E-04  -4.7527805E-09   1.2150237E-08
  4.6597117E-08  -4.3588818E-07   2.3060308E-07   5.3753641E-07   3.6668686E-07   1.2341030E-06  -1.7423000E-07   2.0100923E-06   4.2564755E-08  -9.5239589E-06  -5.7023339E-08   1.6387598E-05  -2.1225837E-04  -1.9596690E-04  -1.2577681E-04  -1.2160798E-04   3.2093985E-06   1.4975787E-06  -1.8284292E-07  -6.3654954E-06  -4.3242605E-06   1.7055987E-09   1.0307559E-09
  5.3647609E-07  -3.4849796E-06   5.3753641E-07   5.2207367E-05   9.8565997E-05   9.4366740E-06  -1.3331972E-05   2.8393068E-05  -3.2975853E-07  -4.2878396E-04  -1.1652560E-05   2.2975766E-04  -3.3460836E-03  -2.5891670E-03  -1.6837760E-03  -1.1104610E-03  -3.4535876E-04   9.2238241E-05   5.6174817E-05   1.0257025E-05   1.6805187E-04   6.1236389E-09   3.0040774E-09
  8.6474229E-07   3.3650392E-06   3.6668686E-07   9.8565997E-05   2.4212866E-04  -8.1914467E-06  -4.4836872E-05   4.8335096E-05   1.1245816E-05   1.5530287E-03  -4.0651940E-05  -5.1404201E-04   1.1237593E-02   4.7247462E-03   1.5393606E-03   3.9987335E-03  -3.1310087E-04  -1.1975168E-04  -3.8769825E-04  -3.5357060E-04   1.2326457E-03   1.5650060E-07   4.1947203E-08
  5.3352861E-07  -1.0139774E-05   1.2341030E-06   9.4366740E-06  -8.1914467E-06   3.5498326E-05   9.7017236E-06   4.4074144E-05   6.8304128E-07  -6.4263642E-03   1.1348187E-04   1.8101894E-03  -3.5797319E-02  -1.2992632E-02  -1.1691279E-04   4.7435379E-03  -3.3375889E-03   3.0705774E-04  -3.6753313E-04  -2.8668776E-04   2.1166473E-03  -1.4415422E-07  -1.0088555E-07
 -7.7419025E-07  -1.2316755E-06  -1.7423000E-07  -1.3331972E-05  -4.4836872E-05   9.7017236E-06   6.7408108E-05  -1.4885064E-04   3.9605061E-09  -8.1343248E-03   1.7230143E-04   2.1795583E-03  -3.8096427E-02  -1.6232519E-02  -2.4674065E-04   5.6817785E-03  -3.8740870E-03  -5.4357249E-04  -7.5255026E-04  -6.9408708E-04   1.8253630E-03  -6.3190959E-08  -1.9789834E-07
  2.4073833E-06  -1.3531579E-05   2.0100923E-06   2.8393068E-05   4.8335096E-05   4.4074144E-05  -1.4885064E-04   2.3908719E-03   3.2653489E-07   1.0418420E-02  -1.5422926E-04  -1.8539219E-03   3.6097959E-02   1.8598769E-02   2.3509225E-03  -5.5270781E-03   3.4658689E-03  -9.9916902E-04   1.1447161E-03   6.7332482E-04  -4.0373658E-03  -2.4233416E-07   1.0830656E-07
  1.2333597E-08  -2.8345905E-07   4.2564755E-08  -3.2975853E-07   1.1245816E-05   6.8304128E-07   3.9605061E-09   3.2653489E-07   6.2554479E-06   6.2413888E-04  -2.3733812E-06  -4.1263315E-05   3.3922851E-03   5.8632131E-04   2.3242476E-04   1.2737449E-03   2.3207170E-05   7.8044517E-06  -1.0370009E-05   1.8306074E-05   8.8161903E-04  -1.3168064E-08  -8.3343868E-09
 -5.5675875E-05   3.8615408E-04  -9.5239589E-06  -4.2878396E-04   1.5530287E-03  -6.4263642E-03  -8.1343248E-03   1.0418420E-02   6.2413888E-04   4.5488588E+01  -3.8473187E-01  -1.2550337E+00   4.1623169E+01   5.3403352E+00  -1.2438326E+01  -5.5206168E+01   5.6834109E-01   2.5141508E-01   6.1528629E-01  -5.7355655E+00  -3.3528754E+01  -1.7748001E-04   7.0594248E-04
 -2.8661524E-07  -6.2611302E-06  -5.7023339E-08  -1.1652560E-05  -4.0651940E-05   1.1348187E-04   1.7230143E-04  -1.5422926E-04  -2.3733812E-06  -3.8473187E-01   8.0603351E-02  -5.0244144E-02  -5.5438467E-01   8.0722956E-01   1.5465907E+00   5.8221991E-01   4.9351223E-02  -5.3398982E-03   7.8144126E-03   8.2460648E-02   1.1388518E-01   3.2162903E-06  -1.4335051E-06
  2.5643493E-05  -1.8178236E-04   1.6387598E-05   2.2975766E-04  -5.1404201E-04   1.8101894E-03   2.1795583E-03  -1.8539219E-03  -4.1263315E-05  -1.2550337E+00  -5.0244144E-02   4.1253272E+00  -3.3194701E+01  -3.9249646E+00   8.0779479E+00   6.0042402E+00  -3.2925340E+00  -2.2614990E-01   1.8429461E-01   2.7999900E+00   3.6828172E+00   9.5359185E-05  -3.8494827E-05
 -3.9102377E-04   2.8104905E-03  -2.1225837E-04  -3.3460836E-03   1.1237593E-02  -3.5797319E-02  -3.8096427E-02   3.6097959E-02   3.3922851E-03   4.1623169E+01  -5.5438467E-01  -3.3194701E+01   8.1489678E+02   8.2972957E+01  -5.5308156E+01  -6.5150126E+01   1.9375263E+01  -6.0635825E+00   5.5656709E+00  -1.3165244E+01  -2.7643594E+01   3.9439706E-03   5.7501765E-04
 -3.0810507E-04   2.0723967E-03  -1.9596690E-04  -2.5891670E-03   4.7247462E-03  -1.2992632E-02  -1.6232519E-02   1.8598769E-02   5.8632131E-04   5.3403352E+00   8.0722956E-01  -3.9249646E+00   8.2972957E+01   6.8451494E+01   4.1083829E+01   1.4790939E+01  -4.2057141E+00  -3.6338835E-01  -1.1659289E+00   3.3338209E+00   2.6531965E+00   1.3535082E-04   1.1550452E-04
 -1.8447499E-04   1.0333893E-03  -1.2577681E-04  -1.6837760E-03   1.5393606E-03  -1.1691279E-04  -2.4674065E-04   2.3509225E-03   2.3242476E-04  -1.2438326E+01   1.5465907E+00   8.0779479E+00  -5.5308156E+01   4.1083829E+01   8.5322978E+01   5.5429558E+01  -1.3384885E+01  -9.3465297E-01  -6.3768445E-01   4.9573605E+00   8.3006412E+00   4.1356708E-04  -3.7129391E-04
 -1.2489230E-04   6.6743635E-04  -1.2160798E-04  -1.1104610E-03   3.9987335E-03   4.7435379E-03   5.6817785E-03  -5.5270781E-03   1.2737449E-03  -5.5206168E+01   5.8221991E-01   6.0042402E+00  -6.5150126E+01   1.4790939E+01   5.5429558E+01   1.0641932E+02  -1.1149524E+01  -8.0045362E-01  -1.2384034E+00   5.6399823E+00   3.3569471E+01   4.5812733E-04  -1.3467401E-03
 -1.2591767E-05   1.4030651E-04   3.2093985E-06  -3.4535876E-04  -3.1310087E-04  -3.3375889E-03  -3.8740870E-03   3.4658689E-03   2.3207170E-05   5.6834109E-01   4.9351223E-02  -3.2925340E+00   1.9375263E+01  -4.2057141E+00  -1.3384885E+01  -1.1149524E+01   7.0229677E+00   1.7888932E-01  -1.7925532E-01  -2.3101233E+00  -2.8432651E+00  -6.2428322E-05   3.0791043E-05
  1.4679847E-05  -3.0107924E-05   1.4975787E-06   9.2238241E-05  -1.1975168E-04   3.0705774E-04  -5.4357249E-04  -9.9916902E-04   7.8044517E-06   2.5141508E-01  -5.3398982E-03  -2.2614990E-01  -6.0635825E+00  -3.6338835E-01  -9.3465297E-01  -8.0045362E-01   1.7888932E-01   3.3708056E+00   5.4217383E-01   1.3732792E-01   3.5930581E-02   1.6299029E-04  -1.6740717E-06
  7.6763479E-06  -2.9861263E-05  -1.8284292E-07   5.6174817E-05  -3.8769825E-04  -3.6753313E-04  -7.5255026E-04   1.1447161E-03  -1.0370009E-05   6.1528629E-01   7.8144126E-03   1.8429461E-01   5.5656709E+00  -1.1659289E+00  -6.3768445E-01  -1.2384034E+00  -1.7925532E-01   5.4217383E-01   3.1374278E+00   2.7368793E+00   2.7317359E+00  -1.8607266E-04  -2.6829690E-05
  1.0108313E-05  -9.4868037E-06  -6.3654954E-06   1.0257025E-05  -3.5357060E-04  -2.8668776E-04  -6.9408708E-04   6.7332482E-04   1.8306074E-05  -5.7355655E+00   8.2460648E-02   2.7999900E+00  -1.3165244E+01   3.3338209E+00   4.9573605E+00   5.6399823E+00  -2.3101233E+00   1.3732792E-01   2.7368793E+00   1.0954505E+01   1.9513154E+01  -4.7218613E-05   4.0997611E-04
  3.4704803E-05  -1.1922795E-04  -4.3242605E-06   1.6805187E-04   1.2326457E-03   2.1166473E-03   1.8253630E-03  -4.0373658E-03   8.8161903E-04  -3.3528754E+01   1.1388518E-01   3.6828172E+00  -2.7643594E+01   2.6531965E+00   8.3006412E+00   3.3569471E+01  -2.8432651E+00   3.5930581E-02   2.7317359E+00   1.9513154E+01   5.4041876E+01   2.1370817E-05   9.3993618E-04
  9.6176389E-10  -4.7527805E-09   1.7055987E-09   6.1236389E-09   1.5650060E-07  -1.4415422E-07  -6.3190959E-08  -2.4233416E-07  -1.3168064E-08  -1.7748001E-04   3.2162903E-06   9.5359185E-05   3.9439706E-03   1.3535082E-04   4.1356708E-04   4.5812733E-04  -6.2428322E-05   1.6299029E-04  -1.8607266E-04  -4.7218613E-05   2.1370817E-05   3.8069665E-07  -2.3334265E-09
  6.4711515E-10   1.2150237E-08   1.0307559E-09   3.0040774E-09   4.1947203E-08  -1.0088555E-07  -1.9789834E-07   1.0830656E-07  -8.3343868E-09   7.0594248E-04  -1.4335051E-06  -3.8494827E-05   5.7501765E-04   1.1550452E-04  -3.7129391E-04  -1.3467401E-03   3.0791043E-05  -1.6740717E-06  -2.6829690E-05   4.0997611E-04   9.3993618E-04  -2.3334265E-09   3.8866241E-07
