# omegabh2 omegach2 theta tau nnu yhe logA ns calPlanck aps100 aps143 aps217 acib217 asz143 psr cibr xi aksz dust100 dust143 dust217 dust143x217 cal0 cal2 calTE calEE
  4.8183412E-08   4.2187345E-07  -6.3957289E-08   4.0588209E-07   3.7727353E-05   2.7221319E-08   1.9875377E-06   1.5092660E-06   1.5707693E-08   2.2684428E-04   1.0701678E-04  -1.2217212E-04   9.6015901E-05   4.6613161E-06  -9.1559544E-07   3.7080579E-06  -5.5135358E-07   1.2283517E-05   1.4806021E-06   1.0632765E-06   1.2057734E-07   1.8058303E-07   4.2876190E-09   1.6003718E-08   7.8174613E-08   1.1220210E-07
  4.2187345E-07   1.4625087E-05  -2.1926212E-06   1.3070351E-07   9.1044565E-04  -2.4350285E-06   3.5975953E-05   2.3307592E-05  -2.0717669E-07   1.5488865E-02   9.4475562E-03  -3.4248479E-03   4.7017112E-03  -4.3933988E-04  -3.4479230E-05   9.7789584E-05  -3.3328313E-05   1.1986801E-03   8.7072884E-06   2.5772895E-05  -1.7308324E-05   1.3037778E-05   8.1404963E-09   3.3338195E-07   3.6706555E-06   7.4421405E-06
 -6.3957289E-08  -2.1926212E-06   4.3730502E-07  -9.0556413E-08  -1.4423120E-04   9.0313134E-07  -5.3000291E-06  -3.6458497E-06   5.2716345E-08  -2.2890607E-03  -1.2585387E-03   5.5401130E-04  -6.6806197E-04   6.4815596E-05   5.3809661E-06  -1.3110476E-05   7.2767722E-06  -1.7915165E-04  -9.1059114E-07  -5.0414287E-06   1.9184817E-06  -2.9850117E-06  -3.9470347E-09  -5.0929748E-08  -5.8140660E-07  -1.1152522E-06
  4.0588209E-07   1.3070351E-07  -9.0556413E-08   6.0228462E-05   1.9746117E-04  -1.7873960E-07   1.1941391E-04   1.5925751E-05  -6.4509226E-07  -9.9941984E-03  -4.1713387E-03   2.4354654E-03  -2.6911239E-03   4.2534116E-04   2.6964206E-06   6.1468372E-06   3.7703984E-05  -7.5750060E-04   3.6210469E-05   1.3264868E-05   2.8946529E-05   7.1738210E-06  -2.8439732E-08  -7.4297687E-08  -2.8849125E-06  -5.9854703E-07
  3.7727353E-05   9.1044565E-04  -1.4423120E-04   1.9746117E-04   6.4686205E-02  -1.5531909E-04   2.6324854E-03   1.9567196E-03  -9.2059004E-06   1.0275872E+00   6.0929232E-01  -2.8409314E-01   3.3525361E-01  -2.4930157E-02  -2.3048262E-03   7.1142222E-03  -2.2524204E-03   8.0635190E-02   1.2226723E-03   1.8185696E-03  -1.1718621E-03   9.2591570E-04   2.6333087E-06   2.7019693E-05   2.8343015E-04   5.8195469E-04
  2.7221319E-08  -2.4350285E-06   9.0313134E-07  -1.7873960E-07  -1.5531909E-04   1.5058996E-05  -1.9795419E-06   1.3671420E-06   3.5744249E-07   3.3192985E-03   2.4551734E-03  -9.3769817E-04   1.2316855E-03  -2.0655097E-04  -7.8382303E-06   2.0796390E-05   1.8397991E-05   3.2542062E-04   1.1604691E-05  -3.9391463E-06  -7.6339604E-06  -3.3419033E-06  -8.2227952E-09   1.5763194E-07   1.5237021E-06   2.4103949E-06
  1.9875377E-06   3.5975953E-05  -5.3000291E-06   1.1941391E-04   2.6324854E-03  -1.9795419E-06   3.5475929E-04   8.9581416E-05   1.0950899E-05   2.5313958E-02   1.7009212E-02   3.9334479E-03   5.2665375E-03  -3.6083693E-04  -5.7293447E-05   1.9199984E-04  -1.0425582E-05   6.7918363E-04   8.8115228E-05  -9.1432562E-06   3.8027165E-05   2.9663457E-05   6.0831957E-07   6.6582010E-07   3.4835053E-06   2.0297608E-05
  1.5092660E-06   2.3307592E-05  -3.6458497E-06   1.5925751E-05   1.9567196E-03   1.3671420E-06   8.9581416E-05   8.1439403E-05   2.7001567E-09   9.5459981E-03   1.1293475E-02  -3.0164713E-03   5.7352781E-03  -1.6437134E-04  -1.6155022E-05   1.4841407E-04  -1.0284204E-05   7.3657739E-04   8.2363723E-05   5.0579100E-05  -1.0879980E-05   1.9513964E-05  -2.3646757E-07   6.5901601E-07   9.3000613E-06   1.6755982E-05
  1.5707693E-08  -2.0717669E-07   5.2716345E-08  -6.4509226E-07  -9.2059004E-06   3.5744249E-07   1.0950899E-05   2.7001567E-09   6.2844677E-06   3.4959435E-03   1.5128190E-04   1.2023262E-03   4.5876017E-04  -7.0587900E-05  -2.6216233E-06  -7.8758419E-06  -2.1253016E-05   3.7274181E-05   3.8926506E-06   8.9949575E-08   7.2702713E-06   2.0148012E-07  -8.7577350E-09  -4.4559527E-08  -4.2729459E-07  -1.9448542E-07
  2.2684428E-04   1.5488865E-02  -2.2890607E-03  -9.9941984E-03   1.0275872E+00   3.3192985E-03   2.5313958E-02   9.5459981E-03   3.4959435E-03   6.2157370E+02   6.8211418E+01  -6.0209708E+01   3.5733217E+01  -2.5912526E+01  -9.1509143E-01   5.1977389E-04  -2.1885282E-01   1.3134838E+01  -1.1865522E-01   2.9953927E-01  -2.9171319E-01  -2.5094028E-01   6.8376517E-03   3.0269049E-03   8.6153788E-03   1.8923268E-02
  1.0701678E-04   9.4475562E-03  -1.2585387E-03  -4.1713387E-03   6.0929232E-01   2.4551734E-03   1.7009212E-02   1.1293475E-02   1.5128190E-04   6.8211418E+01   7.2829899E+01   6.6100859E+00   1.0081233E+01  -6.4302028E-01  -4.0783654E-02   4.9759557E-01   8.8555868E-01  -7.0845832E+00  -1.8005239E-02  -2.3688680E-01   1.9140107E-02   5.6367717E-02   1.0059451E-03   8.4653907E-04   6.3067515E-03   1.2388463E-02
 -1.2217212E-04  -3.4248479E-03   5.5401130E-04   2.4354654E-03  -2.8409314E-01  -9.3769817E-04   3.9334479E-03  -3.0164713E-03   1.2023262E-03  -6.0209708E+01   6.6100859E+00   1.7285618E+02  -8.2832406E+01   2.8031377E+00   3.4783506E-01  -1.0798136E+00   3.6282606E-01  -7.3445553E+00  -4.1616298E-02  -2.8668139E-01   5.4903561E-01  -2.4871159E-02   1.8274486E-03  -7.7843902E-03   1.4963008E-03   2.7427141E-04
  9.6015901E-05   4.7017112E-03  -6.6806197E-04  -2.6911239E-03   3.3525361E-01   1.2316855E-03   5.2665375E-03   5.7352781E-03   4.5876017E-04   3.5733217E+01   1.0081233E+01  -8.2832406E+01   5.2639264E+01   1.4538722E+00  -5.8729757E-02   7.7483440E-01  -2.6038244E-01  -2.2173998E+00   1.7661779E-02   1.7368508E-01  -4.4987821E-01  -9.7544220E-02  -6.1143594E-04   3.1827695E-03   8.4667674E-04   3.5827935E-03
  4.6613161E-06  -4.3933988E-04   6.4815596E-05   4.2534116E-04  -2.4930157E-02  -2.0655097E-04  -3.6083693E-04  -1.6437134E-04  -7.0587900E-05  -2.5912526E+01  -6.4302028E-01   2.8031377E+00   1.4538722E+00   4.3745395E+00   1.0597000E-01   1.5228365E-01  -4.1979478E-02  -3.5600993E+00  -1.0400465E-02  -6.8515767E-03   1.1730937E-02   5.8752490E-02   4.5247520E-04  -2.2908596E-04  -4.4677579E-04  -5.4806332E-04
 -9.1559544E-07  -3.4479230E-05   5.3809661E-06   2.6964206E-06  -2.3048262E-03  -7.8382303E-06  -5.7293447E-05  -1.6155022E-05  -2.6216233E-06  -9.1509143E-01  -4.0783654E-02   3.4783506E-01  -5.8729757E-02   1.0597000E-01   1.7085825E-02  -1.7350841E-02   1.2044824E-02  -1.0480072E-01  -2.4536054E-04  -1.3802305E-03  -2.5717700E-03   5.3577256E-03   1.9225633E-05  -4.0529427E-05   7.0738028E-06  -7.2330702E-06
  3.7080579E-06   9.7789584E-05  -1.3110476E-05   6.1468372E-06   7.1142222E-03   2.0796390E-05   1.9199984E-04   1.4841407E-04  -7.8758419E-06   5.1977389E-04   4.9759557E-01  -1.0798136E+00   7.7483440E-01   1.5228365E-01  -1.7350841E-02   7.0480064E-02   3.0291096E-03  -1.5535261E-01   6.9218337E-04   7.4862313E-03  -6.9608711E-04  -1.7804823E-02  -1.0100506E-05   9.9676021E-05  -1.5352240E-05   3.9772632E-05
 -5.5135358E-07  -3.3328313E-05   7.2767722E-06   3.7703984E-05  -2.2524204E-03   1.8397991E-05  -1.0425582E-05  -1.0284204E-05  -2.1253016E-05  -2.1885282E-01   8.8555868E-01   3.6282606E-01  -2.6038244E-01  -4.1979478E-02   1.2044824E-02   3.0291096E-03   8.3230944E-02   3.6090401E-02   5.3235694E-04  -1.6884619E-04   8.5459264E-04   7.4219506E-04   1.8522861E-05  -7.5270023E-06   2.6376077E-05   2.0019571E-05
  1.2283517E-05   1.1986801E-03  -1.7915165E-04  -7.5750060E-04   8.0635190E-02   3.2542062E-04   6.7918363E-04   7.3657739E-04   3.7274181E-05   1.3134838E+01  -7.0845832E+00  -7.3445553E+00  -2.2173998E+00  -3.5600993E+00  -1.0480072E-01  -1.5535261E-01   3.6090401E-02   7.3489791E+00   8.4018834E-03  -1.2650956E-03  -5.4098372E-03  -4.7949902E-02  -3.6291075E-04   1.2845357E-04   3.0554488E-04   6.3535174E-04
  1.4806021E-06   8.7072884E-06  -9.1059114E-07   3.6210469E-05   1.2226723E-03   1.1604691E-05   8.8115228E-05   8.2363723E-05   3.8926506E-06  -1.1865522E-01  -1.8005239E-02  -4.1616298E-02   1.7661779E-02  -1.0400465E-02  -2.4536054E-04   6.9218337E-04   5.3235694E-04   8.4018834E-03   3.8492362E-02   3.2811848E-03  -1.3930092E-04   2.9615621E-04   3.6709738E-05  -1.1762929E-06  -4.7359998E-08  -8.6927933E-06
  1.0632765E-06   2.5772895E-05  -5.0414287E-06   1.3264868E-05   1.8185696E-03  -3.9391463E-06  -9.1432562E-06   5.0579100E-05   8.9949575E-08   2.9953927E-01  -2.3688680E-01  -2.8668139E-01   1.7368508E-01  -6.8515767E-03  -1.3802305E-03   7.4862313E-03  -1.6884619E-04  -1.2650956E-03   3.2811848E-03   3.1460389E-02  -8.6348386E-04   5.2215420E-03  -8.2983915E-05  -4.3358226E-05  -8.5841861E-05  -7.8963926E-05
  1.2057734E-07  -1.7308324E-05   1.9184817E-06   2.8946529E-05  -1.1718621E-03  -7.6339604E-06   3.8027165E-05  -1.0879980E-05   7.2702713E-06  -2.9171319E-01   1.9140107E-02   5.4903561E-01  -4.4987821E-01   1.1730937E-02  -2.5717700E-03  -6.9608711E-04   8.5459264E-04  -5.4098372E-03  -1.3930092E-04  -8.6348386E-04   1.0710026E-02   8.5013032E-03   4.2469561E-06   6.4978410E-05  -3.5908982E-06  -1.2089339E-05
  1.8058303E-07   1.3037778E-05  -2.9850117E-06   7.1738210E-06   9.2591570E-04  -3.3419033E-06   2.9663457E-05   1.9513964E-05   2.0148012E-07  -2.5094028E-01   5.6367717E-02  -2.4871159E-02  -9.7544220E-02   5.8752490E-02   5.3577256E-03  -1.7804823E-02   7.4219506E-04  -4.7949902E-02   2.9615621E-04   5.2215420E-03   8.5013032E-03   2.6526220E-02  -2.8117061E-06   6.1922975E-05  -1.4680449E-05   1.1279596E-05
  4.2876190E-09   8.1404963E-09  -3.9470347E-09  -2.8439732E-08   2.6333087E-06  -8.2227952E-09   6.0831957E-07  -2.3646757E-07  -8.7577350E-09   6.8376517E-03   1.0059451E-03   1.8274486E-03  -6.1143594E-04   4.5247520E-04   1.9225633E-05  -1.0100506E-05   1.8522861E-05  -3.6291075E-04   3.6709738E-05  -8.2983915E-05   4.2469561E-06  -2.8117061E-06   1.1466562E-06   4.0697979E-08   4.3368435E-07   6.6303999E-07
  1.6003718E-08   3.3338195E-07  -5.0929748E-08  -7.4297687E-08   2.7019693E-05   1.5763194E-07   6.6582010E-07   6.5901601E-07  -4.4559527E-08   3.0269049E-03   8.4653907E-04  -7.7843902E-03   3.1827695E-03  -2.2908596E-04  -4.0529427E-05   9.9676021E-05  -7.5270023E-06   1.2845357E-04  -1.1762929E-06  -4.3358226E-05   6.4978410E-05   6.1922975E-05   4.0697979E-08   2.5139135E-06   3.2431158E-07   4.7740870E-07
  7.8174613E-08   3.6706555E-06  -5.8140660E-07  -2.8849125E-06   2.8343015E-04   1.5237021E-06   3.4835053E-06   9.3000613E-06  -4.2729459E-07   8.6153788E-03   6.3067515E-03   1.4963008E-03   8.4667674E-04  -4.4677579E-04   7.0738028E-06  -1.5352240E-05   2.6376077E-05   3.0554488E-04  -4.7359998E-08  -8.5841861E-05  -3.5908982E-06  -1.4680449E-05   4.3368435E-07   3.2431158E-07   2.5564366E-05   1.1884877E-05
  1.1220210E-07   7.4421405E-06  -1.1152522E-06  -5.9854703E-07   5.8195469E-04   2.4103949E-06   2.0297608E-05   1.6755982E-05  -1.9448542E-07   1.8923268E-02   1.2388463E-02   2.7427141E-04   3.5827935E-03  -5.4806332E-04  -7.2330702E-06   3.9772632E-05   2.0019571E-05   6.3535174E-04  -8.6927933E-06  -7.8963926E-05  -1.2089339E-05   1.1279596E-05   6.6303999E-07   4.7740870E-07   1.1884877E-05   3.0984184E-05
