# omegabh2 omegach2 theta tau mnu nnu logA ns calPlanck aps100 aps143 aps217 acib217 asz143 psr cibr xi aksz dust100 dust143 dust217 dust143x217 cal0 cal2 calTE calEE
  3.5054173E-08   3.0622058E-07  -3.2103696E-08   1.7655914E-07   1.9166901E-06   2.3114370E-05   1.2666053E-06   9.3246425E-07   1.6871621E-08   2.0096380E-04   8.8874360E-05  -5.7054901E-05   7.0174433E-05   1.5895655E-06  -6.2124587E-07   1.8576018E-06  -5.9656305E-07   5.4274749E-06   4.4675476E-07   1.0746124E-06  -1.2388218E-07   3.4906493E-07  -3.2424147E-10   8.5004467E-09   5.0112927E-08   2.0135860E-08
  3.0622058E-07   1.1255409E-05  -1.2190890E-06  -8.2161189E-07   2.0712556E-05   6.4822442E-04   2.7522189E-05   1.8120360E-05  -1.4144997E-07   1.6437735E-02   1.0407296E-02  -3.4193764E-03   5.1488167E-03  -5.8072165E-04  -3.8761771E-05   1.0530559E-04  -2.6743800E-05   1.0969175E-03   2.1757481E-05   3.8533922E-05  -1.9490026E-05   1.3549373E-05  -1.2025687E-07   4.0281748E-07   3.9012915E-06   7.1982684E-06
 -3.2103696E-08  -1.2190890E-06   2.2356143E-07   3.8252055E-08  -3.1414368E-06  -7.4388392E-05  -3.0042491E-06  -2.1304762E-06   2.0497966E-08  -1.9431665E-03  -1.1548693E-03   4.4891900E-04  -6.1782778E-04   6.2516205E-05   4.1658844E-06  -1.1098171E-05   2.2008805E-06  -1.2081010E-04  -4.5892888E-06  -3.6472053E-06   2.6653610E-06  -1.8621578E-06   3.7433216E-09  -5.0563363E-08  -5.2865273E-07  -8.8158125E-07
  1.7655914E-07  -8.2161189E-07   3.8252055E-08   5.8258336E-05   4.3895556E-05   4.0796442E-05   1.1375945E-04   7.4238242E-06  -3.1466078E-07  -7.7374370E-03  -3.4079800E-03   1.8901847E-04  -7.3605619E-04   4.1014924E-04   2.4311524E-05  -1.8435666E-05   9.6347291E-06  -9.2593001E-04   2.4159895E-05  -1.3889459E-05  -1.1488728E-06  -1.4458002E-05   3.0601103E-08   7.1728930E-08  -3.6019551E-06  -6.6926824E-07
  1.9166901E-06   2.0712556E-05  -3.1414368E-06   4.3895556E-05   2.3027698E-03   2.3084998E-03   1.4847922E-04   1.0549937E-04   2.8844940E-06   7.8595745E-02   3.5121648E-02  -2.6441047E-02   2.8107985E-02  -5.3767325E-04  -1.2914914E-04   5.1041071E-04  -2.0701993E-04   3.1370279E-03  -5.0661935E-05   1.3428509E-04  -1.4608767E-04   1.2907630E-04   1.1504760E-07   1.9270004E-06   3.1507426E-05   4.3401823E-05
  2.3114370E-05   6.4822442E-04  -7.4388392E-05   4.0796442E-05   2.3084998E-03   4.1315675E-02   1.7833113E-03   1.3103973E-03  -2.5924967E-06   1.0389900E+00   6.3182972E-01  -2.3146894E-01   3.2972517E-01  -3.2745724E-02  -2.3081067E-03   6.2710841E-03  -1.9586337E-03   6.6021670E-02   1.3109173E-03   2.3573061E-03  -1.2593576E-03   1.0727410E-03  -6.0517302E-06   2.7075443E-05   2.6928442E-04   5.0006458E-04
  1.2666053E-06   2.7522189E-05  -3.0042491E-06   1.1375945E-04   1.4847922E-04   1.7833113E-03   3.2723445E-04   6.1895018E-05   1.1652347E-05   2.8819584E-02   2.1165709E-02  -1.1678235E-04   1.0539025E-02  -5.9917057E-04  -2.1593560E-06   1.6551010E-04   3.5060424E-06   6.0571950E-05   6.8026484E-05  -3.6148134E-05  -3.8768587E-05  -1.9331419E-05   3.9236222E-07   1.0510969E-06   2.6742048E-06   2.0044294E-05
  9.3246425E-07   1.8120360E-05  -2.1304762E-06   7.4238242E-06   1.0549937E-04   1.3103973E-03   6.1895018E-05   5.7163425E-05   3.1124569E-07   1.0696535E-02   1.2701058E-02   1.1537386E-03   4.6602080E-03  -4.2180319E-04  -1.2605785E-05   8.5010965E-05  -2.7209311E-05   1.8689790E-04   5.5039114E-05   5.3825498E-05  -1.1326870E-05   2.9433885E-05  -5.0648403E-07   5.0389186E-07   8.5349658E-06   1.3285537E-05
  1.6871621E-08  -1.4144997E-07   2.0497966E-08  -3.1466078E-07   2.8844940E-06  -2.5924967E-06   1.1652347E-05   3.1124569E-07   6.2569275E-06   1.3746286E-03   4.5166389E-05   1.6460142E-03   3.7054880E-04   5.7841571E-06   9.8251342E-06  -9.4865764E-06   9.6276119E-06   3.2722132E-05  -1.0928655E-05  -5.3559468E-06   1.4872065E-06  -7.5660512E-06  -5.8088545E-09  -1.1140311E-07  -4.1864958E-07  -7.7894413E-08
  2.0096380E-04   1.6437735E-02  -1.9431665E-03  -7.7374370E-03   7.8595745E-02   1.0389900E+00   2.8819584E-02   1.0696535E-02   1.3746286E-03   6.1926224E+02   7.0173050E+01  -6.7824379E+01   4.0961905E+01  -2.4864724E+01  -9.2104091E-01   1.0666105E-01  -3.5658213E-01   1.3056101E+01  -2.1619652E-01   3.9923576E-01  -2.7904442E-01  -1.5837665E-01   6.3359273E-03   4.2825273E-03   8.9222369E-03   2.0015124E-02
  8.8874360E-05   1.0407296E-02  -1.1548693E-03  -3.4079800E-03   3.5121648E-02   6.3182972E-01   2.1165709E-02   1.2701058E-02   4.5166389E-05   7.0173050E+01   7.6779238E+01   3.9331527E+00   1.2082156E+01  -9.1335281E-01  -5.3222245E-02   5.4210486E-01   8.6373702E-01  -7.2422200E+00  -1.3341190E-02  -1.8250532E-01   3.4456780E-02   9.6392050E-02   4.8417440E-04   1.2491246E-03   6.0257866E-03   1.3497273E-02
 -5.7054901E-05  -3.4193764E-03   4.4891900E-04   1.8901847E-04  -2.6441047E-02  -2.3146894E-01  -1.1678235E-04   1.1537386E-03   1.6460142E-03  -6.7824379E+01   3.9331527E+00   1.7320846E+02  -8.4533152E+01   2.5962037E+00   3.7846114E-01  -1.1148341E+00   3.4452014E-01  -6.6875105E+00  -8.3081716E-03  -2.8963353E-01   5.5497171E-01   6.6155914E-03   1.5111923E-03  -7.9519607E-03   3.4066486E-04  -1.2641152E-03
  7.0174433E-05   5.1488167E-03  -6.1782778E-04  -7.3605619E-04   2.8107985E-02   3.2972517E-01   1.0539025E-02   4.6602080E-03   3.7054880E-04   4.0961905E+01   1.2082156E+01  -8.4533152E+01   5.5045629E+01   1.5347727E+00  -7.6225760E-02   8.0294739E-01  -2.8082952E-01  -2.7445290E+00   1.1312438E-02   1.9230792E-01  -4.6194429E-01  -1.2022887E-01  -5.8568071E-04   3.4350978E-03   1.8321815E-03   5.0283022E-03
  1.5895655E-06  -5.8072165E-04   6.2516205E-05   4.1014924E-04  -5.3767325E-04  -3.2745724E-02  -5.9917057E-04  -4.2180319E-04   5.7841571E-06  -2.4864724E+01  -9.1335281E-01   2.5962037E+00   1.5347727E+00   4.2901386E+00   1.0342917E-01   1.5000870E-01  -3.9199275E-02  -3.5546657E+00  -4.5296559E-03  -7.5100899E-03   7.3696776E-03   4.6730421E-02   4.9362471E-04  -2.8211672E-04  -2.2605171E-04  -7.4034084E-04
 -6.2124587E-07  -3.8761771E-05   4.1658844E-06   2.4311524E-05  -1.2914914E-04  -2.3081067E-03  -2.1593560E-06  -1.2605785E-05   9.8251342E-06  -9.2104091E-01  -5.3222245E-02   3.7846114E-01  -7.6225760E-02   1.0342917E-01   1.7119897E-02  -1.7569700E-02   1.1947472E-02  -1.0439438E-01  -3.9629452E-04  -1.5486952E-03  -2.5756974E-03   5.1240085E-03   1.7969872E-05  -4.2883515E-05   2.8679186E-06  -2.4775009E-05
  1.8576018E-06   1.0530559E-04  -1.1098171E-05  -1.8435666E-05   5.1041071E-04   6.2710841E-03   1.6551010E-04   8.5010965E-05  -9.4865764E-06   1.0666105E-01   5.4210486E-01  -1.1148341E+00   8.0294739E-01   1.5000870E-01  -1.7569700E-02   6.9336971E-02   3.2227520E-03  -1.5711758E-01   9.4961758E-04   7.6406161E-03  -6.5207207E-04  -1.7492939E-02  -8.5351053E-06   1.0052940E-04   2.8711220E-05   7.2348640E-05
 -5.9656305E-07  -2.6743800E-05   2.2008805E-06   9.6347291E-06  -2.0701993E-04  -1.9586337E-03   3.5060424E-06  -2.7209311E-05   9.6276119E-06  -3.5658213E-01   8.6373702E-01   3.4452014E-01  -2.8082952E-01  -3.9199275E-02   1.1947472E-02   3.2227520E-03   8.2009514E-02   4.7416371E-02  -5.3451692E-04  -3.1560269E-04   1.3151760E-03   1.4544404E-03   1.2426865E-05  -9.5050742E-06  -1.3220019E-06  -8.0881804E-06
  5.4274749E-06   1.0969175E-03  -1.2081010E-04  -9.2593001E-04   3.1370279E-03   6.6021670E-02   6.0571950E-05   1.8689790E-04   3.2722132E-05   1.3056101E+01  -7.2422200E+00  -6.6875105E+00  -2.7445290E+00  -3.5546657E+00  -1.0439438E-01  -1.5711758E-01   4.7416371E-02   7.4904437E+00   4.6177079E-04  -4.3151726E-03  -2.1007774E-03  -4.3305326E-02  -3.2843743E-04   5.1779015E-05   2.7517913E-04   4.9429810E-04
  4.4675476E-07   2.1757481E-05  -4.5892888E-06   2.4159895E-05  -5.0661935E-05   1.3109173E-03   6.8026484E-05   5.5039114E-05  -1.0928655E-05  -2.1619652E-01  -1.3341190E-02  -8.3081716E-03   1.1312438E-02  -4.5296559E-03  -3.9629452E-04   9.4961758E-04  -5.3451692E-04   4.6177079E-04   3.8575118E-02   2.8136691E-03  -6.9152202E-05   9.4387175E-05   3.7158570E-05   2.2133999E-07  -2.6277760E-05   2.6851622E-06
  1.0746124E-06   3.8533922E-05  -3.6472053E-06  -1.3889459E-05   1.3428509E-04   2.3573061E-03  -3.6148134E-05   5.3825498E-05  -5.3559468E-06   3.9923576E-01  -1.8250532E-01  -2.8963353E-01   1.9230792E-01  -7.5100899E-03  -1.5486952E-03   7.6406161E-03  -3.1560269E-04  -4.3151726E-03   2.8136691E-03   3.1227629E-02  -1.0022974E-03   5.2080022E-03  -8.1019505E-05  -4.2683960E-05  -6.4089354E-05  -4.6621240E-05
 -1.2388218E-07  -1.9490026E-05   2.6653610E-06  -1.1488728E-06  -1.4608767E-04  -1.2593576E-03  -3.8768587E-05  -1.1326870E-05   1.4872065E-06  -2.7904442E-01   3.4456780E-02   5.5497171E-01  -4.6194429E-01   7.3696776E-03  -2.5756974E-03  -6.5207207E-04   1.3151760E-03  -2.1007774E-03  -6.9152202E-05  -1.0022974E-03   1.0769642E-02   8.6889249E-03   5.4435537E-06   6.3179191E-05  -6.5382324E-06  -1.5450868E-05
  3.4906493E-07   1.3549373E-05  -1.8621578E-06  -1.4458002E-05   1.2907630E-04   1.0727410E-03  -1.9331419E-05   2.9433885E-05  -7.5660512E-06  -1.5837665E-01   9.6392050E-02   6.6155914E-03  -1.2022887E-01   4.6730421E-02   5.1240085E-03  -1.7492939E-02   1.4544404E-03  -4.3305326E-02   9.4387175E-05   5.2080022E-03   8.6889249E-03   2.6419765E-02  -2.0135984E-06   6.0190601E-05  -1.6009267E-05   1.2939485E-05
 -3.2424147E-10  -1.2025687E-07   3.7433216E-09   3.0601103E-08   1.1504760E-07  -6.0517302E-06   3.9236222E-07  -5.0648403E-07  -5.8088545E-09   6.3359273E-03   4.8417440E-04   1.5111923E-03  -5.8568071E-04   4.9362471E-04   1.7969872E-05  -8.5351053E-06   1.2426865E-05  -3.2843743E-04   3.7158570E-05  -8.1019505E-05   5.4435537E-06  -2.0135984E-06   1.1393995E-06   6.4322847E-08   3.2965581E-07   4.6187808E-07
  8.5004467E-09   4.0281748E-07  -5.0563363E-08   7.1728930E-08   1.9270004E-06   2.7075443E-05   1.0510969E-06   5.0389186E-07  -1.1140311E-07   4.2825273E-03   1.2491246E-03  -7.9519607E-03   3.4350978E-03  -2.8211672E-04  -4.2883515E-05   1.0052940E-04  -9.5050742E-06   5.1779015E-05   2.2133999E-07  -4.2683960E-05   6.3179191E-05   6.0190601E-05   6.4322847E-08   2.5444047E-06   5.5830259E-07   7.5775580E-07
  5.0112927E-08   3.9012915E-06  -5.2865273E-07  -3.6019551E-06   3.1507426E-05   2.6928442E-04   2.6742048E-06   8.5349658E-06  -4.1864958E-07   8.9222369E-03   6.0257866E-03   3.4066486E-04   1.8321815E-03  -2.2605171E-04   2.8679186E-06   2.8711220E-05  -1.3220019E-06   2.7517913E-04  -2.6277760E-05  -6.4089354E-05  -6.5382324E-06  -1.6009267E-05   3.2965581E-07   5.5830259E-07   2.6196029E-05   1.1925338E-05
  2.0135860E-08   7.1982684E-06  -8.8158125E-07  -6.6926824E-07   4.3401823E-05   5.0006458E-04   2.0044294E-05   1.3285537E-05  -7.7894413E-08   2.0015124E-02   1.3497273E-02  -1.2641152E-03   5.0283022E-03  -7.4034084E-04  -2.4775009E-05   7.2348640E-05  -8.0881804E-06   4.9429810E-04   2.6851622E-06  -4.6621240E-05  -1.5450868E-05   1.2939485E-05   4.6187808E-07   7.5775580E-07   1.1925338E-05   3.0825543E-05
