# omegabh2 omegach2 theta tau mnu nnu logA ns calPlanck aps100 aps143 aps217 acib217 asz143 psr cibr xi aksz dust100 dust143 dust217 dust143x217 cal0 cal2 calTE calEE
  3.5801636E-08   3.3540793E-07  -3.3485837E-08   1.8056819E-07   1.4041528E-06   2.4770373E-05   1.3545510E-06   9.7707933E-07   1.6921523E-08   2.7399302E-04   1.0118878E-04  -1.0707404E-04   9.1964335E-05   8.5808384E-08  -4.2450521E-07   1.8202793E-06  -7.2231210E-07   1.7842429E-05   1.1577901E-06   8.4006065E-07  -1.0516547E-07   5.7257065E-07   2.3760378E-09   1.2558941E-08   5.3415441E-08   3.3331937E-08
  3.3540793E-07   1.1810719E-05  -1.2887465E-06  -5.2036690E-07   1.3281295E-05   6.8157768E-04   2.9574782E-05   1.9251878E-05  -1.3232632E-07   1.6505327E-02   1.0062929E-02  -3.3588577E-03   5.1163868E-03  -5.0065951E-04  -3.2110162E-05   9.1314684E-05  -4.4090694E-05   1.2771814E-03   2.5267038E-05   2.5564206E-05  -1.8930347E-05   1.6730566E-05  -2.1984872E-08   4.5096799E-07   3.7313171E-06   7.4003023E-06
 -3.3485837E-08  -1.2887465E-06   2.2760548E-07   4.9285258E-08  -2.6070563E-06  -7.8190097E-05  -3.1781261E-06  -2.2261754E-06   1.1244854E-08  -1.8708224E-03  -1.1504977E-03   3.8466990E-04  -5.7997124E-04   5.4279393E-05   4.3893591E-06  -1.1343090E-05   5.5064060E-06  -1.4837937E-04  -2.3413345E-06  -3.0643857E-06   1.8213719E-06  -2.3516095E-06   4.8047762E-09  -4.9846377E-08  -5.1686240E-07  -9.1378054E-07
  1.8056819E-07  -5.2036690E-07   4.9285258E-08   4.6453052E-05   2.3114790E-05   4.4182273E-05   9.1580537E-05   6.4652048E-06  -1.4464060E-07  -7.3999587E-03  -3.3004260E-03   2.6897403E-03  -2.0853221E-03   2.3577438E-04   2.4732874E-05  -5.6296608E-05   8.2811489E-06  -7.9799410E-04  -9.1820953E-08  -4.3623969E-06   2.8486092E-06  -2.6824444E-06  -2.3644703E-08  -2.2495047E-07  -2.7793908E-06  -8.2727786E-07
  1.4041528E-06   1.3281295E-05  -2.6070563E-06   2.3114790E-05   2.1428125E-03   1.7459604E-03   8.5204745E-05   8.5363554E-05   3.1520252E-06   6.0799973E-02   2.7065427E-02  -1.8448884E-02   1.5836936E-02  -2.3323063E-03  -1.4626715E-04   2.4280159E-04  -9.3208432E-05   6.5390446E-03   5.8122505E-05   9.2035297E-05  -3.2758174E-05   1.1139047E-04  -2.7916399E-07   1.5631993E-06   2.6191682E-05   3.1504802E-05
  2.4770373E-05   6.8157768E-04  -7.8190097E-05   4.4182273E-05   1.7459604E-03   4.3327104E-02   1.8806480E-03   1.3771184E-03  -9.6118608E-07   1.0515642E+00   6.1223674E-01  -2.2906741E-01   3.2188711E-01  -3.1030658E-02  -2.1879386E-03   5.7912246E-03  -2.9343204E-03   8.1450124E-02   1.4647792E-03   1.6402830E-03  -1.1331055E-03   1.1749289E-03  -8.1434905E-07   2.8508945E-05   2.6182953E-04   5.0864226E-04
  1.3545510E-06   2.9574782E-05  -3.1781261E-06   9.1580537E-05   8.5204745E-05   1.8806480E-03   2.8935760E-04   6.3020069E-05   1.1911615E-05   3.2549334E-02   2.1002182E-02   6.6856442E-03   6.7217344E-03  -7.4128150E-04  -1.4576202E-06   6.2820073E-05  -5.4478142E-05   7.5508526E-04   6.7430515E-05  -3.7415673E-05  -1.0818527E-05   2.1688730E-05   6.3533444E-07   5.9560255E-07   3.9752771E-06   2.0009680E-05
  9.7707933E-07   1.9251878E-05  -2.2261754E-06   6.4652048E-06   8.5363554E-05   1.3771184E-03   6.3020069E-05   5.9360806E-05   3.1248284E-07   1.3115523E-02   1.2448079E-02  -2.3421617E-05   4.8840072E-03  -5.6845633E-04  -1.3929828E-05   8.0599183E-05  -3.6541019E-05   8.5437924E-04   6.5446733E-05   2.4292164E-05  -9.4972141E-06   2.7078430E-05  -2.9470605E-07   6.5499652E-07   8.5223779E-06   1.3528924E-05
  1.6921523E-08  -1.3232632E-07   1.1244854E-08  -1.4464060E-07   3.1520252E-06  -9.6118608E-07   1.1911615E-05   3.1248284E-07   6.1953980E-06   2.4539319E-03   2.6900619E-04   2.1080679E-03   7.6642351E-05   2.7448364E-05   2.5537043E-06  -3.2665714E-06   2.5997636E-06  -8.1831587E-06   9.8480899E-06   1.0284073E-06   9.4254278E-06  -1.8188424E-06   3.2083892E-08  -6.3654182E-08  -3.9166262E-07  -2.4521889E-07
  2.7399302E-04   1.6505327E-02  -1.8708224E-03  -7.3999587E-03   6.0799973E-02   1.0515642E+00   3.2549334E-02   1.3115523E-02   2.4539319E-03   6.2984586E+02   7.5941788E+01  -6.1810216E+01   3.9027133E+01  -2.5358845E+01  -8.6536876E-01  -5.1086953E-02  -3.1855042E-01   1.1334116E+01  -1.2766680E-01   3.0208291E-01  -3.0932356E-01  -1.5566391E-01   6.4127246E-03   2.9325931E-03   8.7741973E-03   1.9510165E-02
  1.0118878E-04   1.0062929E-02  -1.1504977E-03  -3.3004260E-03   2.7065427E-02   6.1223674E-01   2.1002182E-02   1.2448079E-02   2.6900619E-04   7.5941788E+01   7.5241273E+01   6.7017672E+00   1.0331159E+01  -1.0079422E+00  -5.7015585E-02   4.9694579E-01   8.3212709E-01  -6.9981554E+00  -1.7307007E-02  -2.3427452E-01   3.4462773E-02   8.1541480E-02   9.4796377E-04   9.1527462E-04   6.2381447E-03   1.2738891E-02
 -1.0707404E-04  -3.3588577E-03   3.8466990E-04   2.6897403E-03  -1.8448884E-02  -2.2906741E-01   6.6856442E-03  -2.3421617E-05   2.1080679E-03  -6.1810216E+01   6.7017672E+00   1.7853523E+02  -8.5309826E+01   2.5986686E+00   3.5696280E-01  -1.0754528E+00   3.8007890E-01  -7.4043772E+00  -7.5254870E-02  -3.2613845E-01   5.6506009E-01  -4.6367858E-02   1.8655179E-03  -7.7942727E-03   1.2917273E-03   1.8020654E-03
  9.1964335E-05   5.1163868E-03  -5.7997124E-04  -2.0853221E-03   1.5836936E-02   3.2188711E-01   6.7217344E-03   4.8840072E-03   7.6642351E-05   3.9027133E+01   1.0331159E+01  -8.5309826E+01   5.4120277E+01   1.5197842E+00  -6.7917150E-02   7.6200882E-01  -3.0553531E-01  -2.1826704E+00   4.1685515E-02   1.9077070E-01  -4.5619407E-01  -8.5615860E-02  -6.0682907E-04   3.2544184E-03   1.2104262E-03   3.2248022E-03
  8.5808384E-08  -5.0065951E-04   5.4279393E-05   2.3577438E-04  -2.3323063E-03  -3.1030658E-02  -7.4128150E-04  -5.6845633E-04   2.7448364E-05  -2.5358845E+01  -1.0079422E+00   2.5986686E+00   1.5197842E+00   4.3252150E+00   1.0013844E-01   1.5753380E-01  -3.9941197E-02  -3.4576846E+00  -6.8105654E-03  -6.7955812E-03   1.1486529E-02   5.0862269E-02   4.7964480E-04  -1.9303013E-04  -2.5785400E-04  -6.4095267E-04
 -4.2450521E-07  -3.2110162E-05   4.3893591E-06   2.4732874E-05  -1.4626715E-04  -2.1879386E-03  -1.4576202E-06  -1.3929828E-05   2.5537043E-06  -8.6536876E-01  -5.7015585E-02   3.5696280E-01  -6.7917150E-02   1.0013844E-01   1.6692893E-02  -1.6920640E-02   1.2253746E-02  -9.9144536E-02  -2.5996577E-04  -1.3306833E-03  -2.5192547E-03   4.9099723E-03   1.9015928E-05  -3.7421342E-05  -1.1741466E-05  -2.2807690E-05
  1.8202793E-06   9.1314684E-05  -1.1343090E-05  -5.6296608E-05   2.4280159E-04   5.7912246E-03   6.2820073E-05   8.0599183E-05  -3.2665714E-06  -5.1086953E-02   4.9694579E-01  -1.0754528E+00   7.6200882E-01   1.5753380E-01  -1.6920640E-02   6.8100611E-02   2.6881507E-03  -1.4864604E-01   4.3892297E-04   7.0254358E-03  -2.0312709E-04  -1.6563129E-02  -7.5007801E-06   9.8168413E-05   3.6981569E-05   5.2840302E-05
 -7.2231210E-07  -4.4090694E-05   5.5064060E-06   8.2811489E-06  -9.3208432E-05  -2.9343204E-03  -5.4478142E-05  -3.6541019E-05   2.5997636E-06  -3.1855042E-01   8.3212709E-01   3.8007890E-01  -3.0553531E-01  -3.9941197E-02   1.2253746E-02   2.6881507E-03   8.2636887E-02   4.5368921E-02   8.9086715E-05  -4.8893065E-04   1.4313282E-03   1.1673948E-03   1.6395883E-05  -1.0608947E-05  -1.3217781E-05  -2.1533833E-05
  1.7842429E-05   1.2771814E-03  -1.4837937E-04  -7.9799410E-04   6.5390446E-03   8.1450124E-02   7.5508526E-04   8.5437924E-04  -8.1831587E-06   1.1334116E+01  -6.9981554E+00  -7.4043772E+00  -2.1826704E+00  -3.4576846E+00  -9.9144536E-02  -1.4864604E-01   4.5368921E-02   7.3699018E+00   4.3960769E-03   6.4944956E-03  -6.4996588E-03  -4.3227625E-02  -4.1683423E-04   7.8342876E-05   1.8131849E-04   6.7591176E-04
  1.1577901E-06   2.5267038E-05  -2.3413345E-06  -9.1820953E-08   5.8122505E-05   1.4647792E-03   6.7430515E-05   6.5446733E-05   9.8480899E-06  -1.2766680E-01  -1.7307007E-02  -7.5254870E-02   4.1685515E-02  -6.8105654E-03  -2.5996577E-04   4.3892297E-04   8.9086715E-05   4.3960769E-03   3.9119107E-02   3.1745263E-03  -1.0153970E-04   8.6918264E-04   3.5122755E-05   1.3376732E-06  -6.5506247E-06  -6.6539893E-06
  8.4006065E-07   2.5564206E-05  -3.0643857E-06  -4.3623969E-06   9.2035297E-05   1.6402830E-03  -3.7415673E-05   2.4292164E-05   1.0284073E-06   3.0208291E-01  -2.3427452E-01  -3.2613845E-01   1.9077070E-01  -6.7955812E-03  -1.3306833E-03   7.0254358E-03  -4.8893065E-04   6.4944956E-03   3.1745263E-03   3.1370783E-02  -8.9770622E-04   5.5424949E-03  -8.2223498E-05  -4.1014606E-05  -6.4846288E-05  -6.1987685E-05
 -1.0516547E-07  -1.8930347E-05   1.8213719E-06   2.8486092E-06  -3.2758174E-05  -1.1331055E-03  -1.0818527E-05  -9.4972141E-06   9.4254278E-06  -3.0932356E-01   3.4462773E-02   5.6506009E-01  -4.5619407E-01   1.1486529E-02  -2.5192547E-03  -2.0312709E-04   1.4313282E-03  -6.4996588E-03  -1.0153970E-04  -8.9770622E-04   1.0657175E-02   8.3013660E-03   4.8686085E-06   6.2119187E-05   4.9521682E-06  -4.7123012E-06
  5.7257065E-07   1.6730566E-05  -2.3516095E-06  -2.6824444E-06   1.1139047E-04   1.1749289E-03   2.1688730E-05   2.7078430E-05  -1.8188424E-06  -1.5566391E-01   8.1541480E-02  -4.6367858E-02  -8.5615860E-02   5.0862269E-02   4.9099723E-03  -1.6563129E-02   1.1673948E-03  -4.3227625E-02   8.6918264E-04   5.5424949E-03   8.3013660E-03   2.5925084E-02  -2.9211608E-06   6.0522546E-05  -1.1465491E-05   1.3618569E-05
  2.3760378E-09  -2.1984872E-08   4.8047762E-09  -2.3644703E-08  -2.7916399E-07  -8.1434905E-07   6.3533444E-07  -2.9470605E-07   3.2083892E-08   6.4127246E-03   9.4796377E-04   1.8655179E-03  -6.0682907E-04   4.7964480E-04   1.9015928E-05  -7.5007801E-06   1.6395883E-05  -4.1683423E-04   3.5122755E-05  -8.2223498E-05   4.8686085E-06  -2.9211608E-06   1.1134674E-06   4.1038093E-08   3.6318787E-07   5.9583551E-07
  1.2558941E-08   4.5096799E-07  -4.9846377E-08  -2.2495047E-07   1.5631993E-06   2.8508945E-05   5.9560255E-07   6.5499652E-07  -6.3654182E-08   2.9325931E-03   9.1527462E-04  -7.7942727E-03   3.2544184E-03  -1.9303013E-04  -3.7421342E-05   9.8168413E-05  -1.0608947E-05   7.8342876E-05   1.3376732E-06  -4.1014606E-05   6.2119187E-05   6.0522546E-05   4.1038093E-08   2.4625924E-06   4.9086859E-07   4.6853927E-07
  5.3415441E-08   3.7313171E-06  -5.1686240E-07  -2.7793908E-06   2.6191682E-05   2.6182953E-04   3.9752771E-06   8.5223779E-06  -3.9166262E-07   8.7741973E-03   6.2381447E-03   1.2917273E-03   1.2104262E-03  -2.5785400E-04  -1.1741466E-05   3.6981569E-05  -1.3217781E-05   1.8131849E-04  -6.5506247E-06  -6.4846288E-05   4.9521682E-06  -1.1465491E-05   3.6318787E-07   4.9086859E-07   2.5637009E-05   1.1587458E-05
  3.3331937E-08   7.4003023E-06  -9.1378054E-07  -8.2727786E-07   3.1504802E-05   5.0864226E-04   2.0009680E-05   1.3528924E-05  -2.4521889E-07   1.9510165E-02   1.2738891E-02   1.8020654E-03   3.2248022E-03  -6.4095267E-04  -2.2807690E-05   5.2840302E-05  -2.1533833E-05   6.7591176E-04  -6.6539893E-06  -6.1987685E-05  -4.7123012E-06   1.3618569E-05   5.9583551E-07   4.6853927E-07   1.1587458E-05   3.0492752E-05
