# omegam omegab H0 mnu A ns DES_b1 DES_b2 DES_b3 DES_b4 DES_b5 DES_m1 DES_m2 DES_m3 DES_m4 DES_AIA DES_alphaIA DES_DzL1 DES_DzL2 DES_DzL3 DES_DzL4 DES_DzL5 DES_DzS1 DES_DzS2 DES_DzS3 DES_DzS4
  3.2379313E-04  -1.1927374E-05   7.9930228E-03   2.8483878E-03  -3.2728134E-03  -4.2213587E-04   7.7636839E-04   7.6504332E-04   7.1554381E-04   8.2967167E-04   8.3304470E-04  -5.3713973E-06  -4.7192684E-06  -7.0868725E-05  -4.4680904E-05  -1.4783845E-04  -4.9513377E-03  -4.8749252E-06  -5.2151359E-06  -2.7404930E-06  -5.2364071E-06   1.4765556E-06  -4.8043931E-06  -6.9744575E-06  -1.5272367E-05  -2.1516734E-05
 -1.1927374E-05   2.9811401E-06  -1.6370684E-03  -7.0364498E-05   3.5385278E-04   4.8903003E-05  -2.2638741E-05  -2.0209667E-05  -1.9525651E-05  -2.3472755E-05  -2.6374844E-05   1.6273330E-07   1.8302265E-07   3.3622302E-06   2.4919545E-06   4.7326686E-06   1.9476311E-04   2.0458667E-07   3.0674405E-07   6.5460949E-08   5.5520670E-08  -1.6875367E-07   2.2019288E-08   3.1336938E-07   7.3857052E-07   1.2949889E-06
  7.9930228E-03  -1.6370684E-03   1.4201307E+00   5.2817719E-02  -2.5257845E-01  -3.3720895E-02   1.6176094E-02   1.3253243E-02   1.2754852E-02   1.5748182E-02   1.7550118E-02  -1.8079108E-04   4.7571780E-05  -2.2325128E-03  -1.5713530E-03  -3.4739802E-03  -1.0803359E-01  -1.4576896E-04  -2.1303195E-04  -3.6356516E-05  -5.5247815E-06   6.2884148E-05   5.4218282E-05  -1.8734306E-04  -5.5670642E-04  -8.8710618E-04
  2.8483878E-03  -7.0364498E-05   5.2817719E-02   5.6589317E-02   1.4019891E-02   2.8819598E-03   8.0446470E-03   8.2408651E-03   7.7365312E-03   8.8011140E-03   8.2568901E-03  -3.6662011E-05  -3.5779798E-05  -4.6283746E-04  -2.1996256E-04  -1.9223727E-03  -4.2696356E-02  -3.6803268E-05  -1.6709371E-05  -1.5054142E-05  -2.8834679E-05   4.7780192E-05  -4.8473944E-05  -5.3796757E-05  -9.0019099E-05  -6.2912496E-05
 -3.2728134E-03   3.5385278E-04  -2.5257845E-01   1.4019891E-02   1.1632906E-01   1.6402794E-02  -6.8557411E-03  -6.5028511E-03  -6.1976628E-03  -7.5560538E-03  -8.4167981E-03   4.4629205E-05  -1.7969148E-05   6.5693887E-04   4.9333431E-04   1.6978425E-03   3.3318571E-02   5.3145080E-05   9.0854108E-05   4.0012303E-05   3.4679288E-05   1.0136248E-05   4.5347718E-05   4.0943492E-05   1.3739014E-04   2.2513692E-04
 -4.2213587E-04   4.8903003E-05  -3.3720895E-02   2.8819598E-03   1.6402794E-02   2.8065771E-03  -8.8003036E-04  -8.4839037E-04  -7.6326821E-04  -9.1221387E-04  -8.6499899E-04   1.0646906E-05  -1.1041862E-05   4.8686851E-05   4.0333422E-05   4.0048268E-04   2.3216225E-03   5.3170489E-06   9.0206682E-06   4.0269223E-06   1.1459919E-07   8.8259653E-08   6.2378414E-06  -4.1210587E-06   4.4022852E-06   1.0913366E-06
  7.7636839E-04  -2.2638741E-05   1.6176094E-02   8.0446470E-03  -6.8557411E-03  -8.8003036E-04   7.5752517E-03   2.2550366E-03   2.0994837E-03   2.4391434E-03   2.4632769E-03  -1.0090677E-05   1.2294003E-05   1.8261913E-06  -1.0949775E-05  -1.1055315E-03   2.2592238E-03   1.3676959E-04   6.8640720E-06   2.8060761E-07   1.3731597E-06   7.3196514E-06  -5.4544195E-06  -4.2428844E-06   7.7639130E-06   3.6515858E-05
  7.6504332E-04  -2.0209667E-05   1.3253243E-02   8.2408651E-03  -6.5028511E-03  -8.4839037E-04   2.2550366E-03   5.1171830E-03   2.2468186E-03   2.5931123E-03   2.4627358E-03  -3.1226066E-05   1.3462787E-05  -4.6822777E-06   1.2682232E-05  -9.0784233E-04  -3.2652691E-03  -8.4942189E-06   6.1847019E-05  -2.0325519E-06  -1.3737010E-06   6.1624727E-06  -1.9914355E-05   5.8349614E-06   1.3117361E-05   4.7897166E-05
  7.1554381E-04  -1.9525651E-05   1.2754852E-02   7.7365312E-03  -6.1976628E-03  -7.6326821E-04   2.0994837E-03   2.2468186E-03   3.9936513E-03   2.4805268E-03   2.4065526E-03  -5.8119968E-06   1.8142468E-05  -3.1674783E-05   2.2205913E-06  -8.4772842E-04  -6.6966145E-03  -1.4056039E-05  -4.1554852E-06   5.1921158E-05  -4.4391532E-06   1.0215076E-05  -2.0423109E-05   1.8471563E-06   8.8865534E-06   2.4753112E-05
  8.2967167E-04  -2.3472755E-05   1.5748182E-02   8.8011140E-03  -7.5560538E-03  -9.1221387E-04   2.4391434E-03   2.5931123E-03   2.4805268E-03   5.3602588E-03   2.8827086E-03   1.3921895E-06   1.4492380E-05  -5.7086055E-05  -6.8730463E-06  -1.1543076E-03  -1.0034792E-02  -1.2297663E-05  -1.2671614E-05  -6.8197537E-06   1.0918742E-04   1.2859146E-05  -1.9246097E-05  -2.7823177E-06   9.1451097E-06   5.1132737E-05
  8.3304470E-04  -2.6374844E-05   1.7550118E-02   8.2568901E-03  -8.4167981E-03  -8.6499899E-04   2.4632769E-03   2.4627358E-03   2.4065526E-03   2.8827086E-03   8.3953331E-03  -2.1847857E-05  -3.7060633E-06  -7.1456039E-05  -4.8439179E-05  -7.9685765E-04  -9.5366733E-03  -1.3578470E-05  -8.8299036E-06  -1.1365710E-05  -1.2924724E-05   1.4798319E-04  -2.7701113E-05  -1.2777657E-05  -2.3640742E-05   7.4835575E-06
 -5.3713973E-06   1.6273330E-07  -1.8079108E-04  -3.6662011E-05   4.4629205E-05   1.0646906E-05  -1.0090677E-05  -3.1226066E-05  -5.8119968E-06   1.3921895E-06  -2.1847857E-05   5.1827458E-04   9.1306726E-06   7.2608453E-06  -4.4796329E-06   5.6638475E-05  -3.4415496E-03  -1.7420072E-06  -1.9476512E-06   2.7217879E-06   7.0221463E-07  -3.7619243E-06  -2.5860939E-05   5.0472509E-06   1.0657752E-06   1.9256509E-06
 -4.7192684E-06   1.8302265E-07   4.7571780E-05  -3.5779798E-05  -1.7969148E-05  -1.1041862E-05   1.2294003E-05   1.3462787E-05   1.8142468E-05   1.4492380E-05  -3.7060633E-06   9.1306726E-06   4.8731058E-04   1.5030439E-05   1.1676836E-05   2.3239129E-04  -2.4929310E-03   9.2731282E-07  -5.5680697E-07   1.2436975E-06   8.5478072E-08  -5.6643465E-07   1.8512027E-05  -3.2326193E-05   5.0893358E-06   2.8036774E-06
 -7.0868725E-05   3.3622302E-06  -2.2325128E-03  -4.6283746E-04   6.5693887E-04   4.8686851E-05   1.8261913E-06  -4.6822777E-06  -3.1674783E-05  -5.7086055E-05  -7.1456039E-05   7.2608453E-06   1.5030439E-05   4.0756319E-04   4.3009714E-05  -8.1051620E-06   2.0447052E-03   9.6046446E-07   1.9580865E-06   3.8669649E-07   1.1142827E-06   1.7277290E-06   9.5761846E-06   1.3964047E-05  -3.8272924E-05   2.5017359E-05
 -4.4680904E-05   2.4919545E-06  -1.5713530E-03  -2.1996256E-04   4.9333431E-04   4.0333422E-05  -1.0949775E-05   1.2682232E-05   2.2205913E-06  -6.8730463E-06  -4.8439179E-05  -4.4796329E-06   1.1676836E-05   4.3009714E-05   4.3202646E-04  -1.0160627E-04   1.7517797E-03  -6.9386861E-08  -4.4733727E-07   2.3428091E-07   1.1889515E-06  -1.8731279E-07   1.9087224E-06   6.3410456E-06   1.4185528E-05  -8.2544711E-05
 -1.4783845E-04   4.7326686E-06  -3.4739802E-03  -1.9223727E-03   1.6978425E-03   4.0048268E-04  -1.1055315E-03  -9.0784233E-04  -8.4772842E-04  -1.1543076E-03  -7.9685765E-04   5.6638475E-05   2.3239129E-04  -8.1051620E-06  -1.0160627E-04   2.9108810E-02   1.2065181E-01  -3.0551546E-05  -4.8883206E-05   4.1560759E-05  -1.7258163E-04  -5.0319772E-05   2.6685255E-04   2.4161531E-04   1.8102451E-04  -7.3192601E-05
 -4.9513377E-03   1.9476311E-04  -1.0803359E-01  -4.2696356E-02   3.3318571E-02   2.3216225E-03   2.2592238E-03  -3.2652691E-03  -6.6966145E-03  -1.0034792E-02  -9.5366733E-03  -3.4415496E-03  -2.4929310E-03   2.0447052E-03   1.7517797E-03   1.2065181E-01   5.3712030E+00   1.2702484E-03   5.7593323E-04   4.8344164E-05  -1.0409725E-03  -5.3860516E-04  -1.1335938E-02  -2.7880887E-03   2.2882616E-03   2.1210514E-03
 -4.8749252E-06   2.0458667E-07  -1.4576896E-04  -3.6803268E-05   5.3145080E-05   5.3170489E-06   1.3676959E-04  -8.4942189E-06  -1.4056039E-05  -1.2297663E-05  -1.3578470E-05  -1.7420072E-06   9.2731282E-07   9.6046446E-07  -6.9386861E-08  -3.0551546E-05   1.2702484E-03   5.6327866E-05   3.1397715E-07  -4.2625357E-07   8.5332857E-07   3.5645826E-08   3.2975169E-06   6.7288656E-07   1.7112545E-06   3.3208405E-06
 -5.2151359E-06   3.0674405E-07  -2.1303195E-04  -1.6709371E-05   9.0854108E-05   9.0206682E-06   6.8640720E-06   6.1847019E-05  -4.1554852E-06  -1.2671614E-05  -8.8299036E-06  -1.9476512E-06  -5.5680697E-07   1.9580865E-06  -4.4733727E-07  -4.8883206E-05   5.7593323E-04   3.1397715E-07   4.3194013E-05   3.0429093E-07  -2.5713276E-07   7.7037254E-08  -4.8768562E-07   2.4243947E-06   8.4938605E-07   1.2240121E-06
 -2.7404930E-06   6.5460949E-08  -3.6356516E-05  -1.5054142E-05   4.0012303E-05   4.0269223E-06   2.8060761E-07  -2.0325519E-06   5.1921158E-05  -6.8197537E-06  -1.1365710E-05   2.7217879E-06   1.2436975E-06   3.8669649E-07   2.3428091E-07   4.1560759E-05   4.8344164E-05  -4.2625357E-07   3.0429093E-07   4.3160357E-05  -1.5455512E-07  -2.9426328E-07   9.5811003E-07   4.8377804E-06   4.1749111E-06  -8.5265709E-07
 -5.2364071E-06   5.5520670E-08  -5.5247815E-06  -2.8834679E-05   3.4679288E-05   1.1459919E-07   1.3731597E-06  -1.3737010E-06  -4.4391532E-06   1.0918742E-04  -1.2924724E-05   7.0221463E-07   8.5478072E-08   1.1142827E-06   1.1889515E-06  -1.7258163E-04  -1.0409725E-03   8.5332857E-07  -2.5713276E-07  -1.5455512E-07   8.2841104E-05   9.4779510E-07   8.0438575E-07   9.1415478E-07   7.2911752E-06   8.8073675E-06
  1.4765556E-06  -1.6875367E-07   6.2884148E-05   4.7780192E-05   1.0136248E-05   8.8259653E-08   7.3196514E-06   6.1624727E-06   1.0215076E-05   1.2859146E-05   1.4798319E-04  -3.7619243E-06  -5.6643465E-07   1.7277290E-06  -1.8731279E-07  -5.0319772E-05  -5.3860516E-04   3.5645826E-08   7.7037254E-08  -2.9426328E-07   9.4779510E-07   9.6132708E-05   8.0265942E-07   2.2494590E-07  -6.4501554E-07   8.0985695E-06
 -4.8043931E-06   2.2019288E-08   5.4218282E-05  -4.8473944E-05   4.5347718E-05   6.2378414E-06  -5.4544195E-06  -1.9914355E-05  -2.0423109E-05  -1.9246097E-05  -2.7701113E-05  -2.5860939E-05   1.8512027E-05   9.5761846E-06   1.9087224E-06   2.6685255E-04  -1.1335938E-02   3.2975169E-06  -4.8768562E-07   9.5811003E-07   8.0438575E-07   8.0265942E-07   1.9874033E-04   2.2349592E-05   2.0908040E-06   3.8146587E-07
 -6.9744575E-06   3.1336938E-07  -1.8734306E-04  -5.3796757E-05   4.0943492E-05  -4.1210587E-06  -4.2428844E-06   5.8349614E-06   1.8471563E-06  -2.7823177E-06  -1.2777657E-05   5.0472509E-06  -3.2326193E-05   1.3964047E-05   6.3410456E-06   2.4161531E-04  -2.7880887E-03   6.7288656E-07   2.4243947E-06   4.8377804E-06   9.1415478E-07   2.2494590E-07   2.2349592E-05   1.1558360E-04   5.6677941E-06   5.3547387E-06
 -1.5272367E-05   7.3857052E-07  -5.5670642E-04  -9.0019099E-05   1.3739014E-04   4.4022852E-06   7.7639130E-06   1.3117361E-05   8.8865534E-06   9.1451097E-06  -2.3640742E-05   1.0657752E-06   5.0893358E-06  -3.8272924E-05   1.4185528E-05   1.8102451E-04   2.2882616E-03   1.7112545E-06   8.4938605E-07   4.1749111E-06   7.2911752E-06  -6.4501554E-07   2.0908040E-06   5.6677941E-06   9.3947732E-05   1.5812238E-05
 -2.1516734E-05   1.2949889E-06  -8.8710618E-04  -6.2912496E-05   2.2513692E-04   1.0913366E-06   3.6515858E-05   4.7897166E-05   2.4753112E-05   5.1132737E-05   7.4835575E-06   1.9256509E-06   2.8036774E-06   2.5017359E-05  -8.2544711E-05  -7.3192601E-05   2.1210514E-03   3.3208405E-06   1.2240121E-06  -8.5265709E-07   8.8073675E-06   8.0985695E-06   3.8146587E-07   5.3547387E-06   1.5812238E-05   3.3715436E-04
