# omegabh2 omegach2 theta tau mnu nnu logA ns calPlanck acib217 xi asz143 aps100 aps143 aps143217 aps217 aksz kgal100 kgal143 kgal143217 kgal217 cal0 cal2
  1.2921965E-07   5.1976618E-07  -5.4988516E-09   9.9772297E-07  -3.1067559E-05   7.2724117E-05   3.9336068E-06   4.2016706E-06   2.4084991E-08   6.2416787E-05  -1.6957921E-06  -9.3097018E-06   2.1500049E-04  -1.2688722E-05  -1.1156133E-04  -1.2772146E-04   5.4425538E-05   3.5255708E-05   1.7185007E-05   1.5830020E-05  -2.8551941E-06   1.6666493E-09   5.0279131E-09
  5.1976618E-07   1.5161446E-05  -1.5673909E-06   1.6097721E-06   1.0114644E-04   9.2005949E-04   4.3490507E-05   3.0180916E-05  -1.0621958E-07   4.3964475E-03  -8.2995144E-05  -9.0382151E-04   2.3022308E-02   1.2346247E-02   4.8432347E-03   8.1633971E-04   1.8840917E-03   3.4443540E-04   4.8771151E-04   5.8468528E-04  -6.4778239E-04   1.7174972E-08   1.0799359E-07
 -5.4988516E-09  -1.5673909E-06   3.6007272E-07  -9.1248162E-08  -2.9470574E-05  -8.4421466E-05  -4.0354520E-06  -2.0195921E-06  -7.9810601E-09  -4.7172983E-04   8.5490692E-06   1.1226682E-04  -2.7807510E-03  -1.4604097E-03  -6.0564600E-04  -1.8114065E-04  -2.1094575E-04  -2.7872800E-05  -4.2885566E-05  -5.0351082E-05   7.4415121E-05  -1.8939230E-09  -1.0301846E-08
  9.9772297E-07   1.6097721E-06  -9.1248162E-08   6.4324399E-05  -2.3333257E-05   6.0882355E-04   1.3533519E-04   4.2378929E-05  -2.5218279E-08  -8.2112562E-04  -1.3956803E-05   4.0262009E-05  -2.2289056E-03  -1.5730787E-03  -1.4961525E-03   1.1447625E-04   4.3441193E-04   3.9892277E-04   1.7264747E-04   4.3882018E-04   1.2331053E-03  -3.3293013E-09   7.7152247E-08
 -3.1067559E-05   1.0114644E-04  -2.9470574E-05  -2.3333257E-05   2.5760760E-02  -1.0061893E-02   8.3490610E-05  -1.0488300E-03   2.7318242E-05   1.2457255E-02  -4.6019888E-04  -3.6431871E-03   1.5685082E-01   1.5916960E-01   1.2857882E-01   1.0914211E-01   2.3379998E-03  -9.0938540E-04  -3.7914450E-03   3.7837145E-04   1.2283445E-02   1.3150250E-06   9.6935472E-07
  7.2724117E-05   9.2005949E-04  -8.4421466E-05   6.0882355E-04  -1.0061893E-02   7.8753896E-02   3.9064042E-03   3.4981618E-03   1.2642404E-05   2.9955901E-01  -5.7580599E-03  -6.5100427E-02   1.5192447E+00   7.5332709E-01   2.3027821E-01  -1.0865482E-02   1.4077573E-01   2.9551159E-02   3.1268096E-02   3.5297574E-02  -5.3515793E-02   2.6062905E-06   7.9037484E-06
  3.9336068E-06   4.3490507E-05  -4.0354520E-06   1.3533519E-04   8.3490610E-05   3.9064042E-03   4.2182182E-04   1.8180361E-04   1.2007992E-05   1.0033478E-02  -2.1648353E-04  -2.3021495E-03   6.0729461E-02   3.1240249E-02   1.2080425E-02   7.5463572E-03   5.2615557E-03   1.3897381E-03   1.0487242E-03   2.1185391E-03   2.2631696E-03   1.8393796E-07   4.2610242E-07
  4.2016706E-06   3.0180916E-05  -2.0195921E-06   4.2378929E-05  -1.0488300E-03   3.4981618E-03   1.8180361E-04   1.9263760E-04   1.2171791E-06   6.7603168E-03  -1.3517984E-04  -1.4285855E-03   2.9749944E-02   1.7754209E-02   6.3178090E-03   1.6660670E-03   3.2435179E-03   1.7716183E-03   9.0073904E-04   1.0537679E-03  -6.4117339E-04   3.9047916E-09   2.6825786E-07
  2.4084991E-08  -1.0621958E-07  -7.9810601E-09  -2.5218279E-08   2.7318242E-05   1.2642404E-05   1.2007992E-05   1.2171791E-06   6.1629714E-06   6.3211805E-04  -3.5843660E-06   4.6550564E-05   3.6556308E-03   8.3428463E-04   5.4009053E-04   1.3852164E-03   2.9045038E-06  -8.4764410E-05  -2.0954987E-06   1.0975480E-04   9.0736836E-04  -2.7550723E-08  -7.4828894E-09
  6.2416787E-05   4.3964475E-03  -4.7172983E-04  -8.2112562E-04   1.2457255E-02   2.9955901E-01   1.0033478E-02   6.7603168E-03   6.3211805E-04   4.5081472E+01  -3.9099223E-01  -1.0423761E+00   4.2215433E+01   6.2304620E+00  -1.0694941E+01  -5.3426350E+01   5.0937622E-01  -4.2557723E-02   6.9999601E-01  -5.2970484E+00  -3.2668274E+01  -2.0633748E-04   7.5493517E-04
 -1.6957921E-06  -8.2995144E-05   8.5490692E-06  -1.3956803E-05  -4.6019888E-04  -5.7580599E-03  -2.1648353E-04  -1.3517984E-04  -3.5843660E-06  -3.9099223E-01   8.2473481E-02  -3.9218293E-02  -5.8090562E-01   8.0068564E-01   1.6045627E+00   5.8601584E-01   3.1898589E-02  -7.1637965E-03   1.0381109E-02   1.0054775E-01   1.3290571E-01   5.2132869E-06  -3.3267148E-06
 -9.3097018E-06  -9.0382151E-04   1.1226682E-04   4.0262009E-05  -3.6431871E-03  -6.5100427E-02  -2.3021495E-03  -1.4285855E-03   4.6550564E-05  -1.0423761E+00  -3.9218293E-02   4.0874658E+00  -3.3567854E+01  -4.2125807E+00   7.6816371E+00   5.1706440E+00  -3.0497757E+00  -2.1487097E-01   1.7683238E-01   2.7952911E+00   3.5369122E+00   1.0838752E-04  -2.4245984E-05
  2.1500049E-04   2.3022308E-02  -2.7807510E-03  -2.2289056E-03   1.5685082E-01   1.5192447E+00   6.0729461E-02   2.9749944E-02   3.6556308E-03   4.2215433E+01  -5.8090562E-01  -3.3567854E+01   8.4331129E+02   9.6677993E+01  -4.4565433E+01  -5.4066720E+01   1.7844265E+01  -6.1972498E+00   5.9052924E+00  -1.2230739E+01  -2.6787869E+01   3.8004378E-03   4.6774993E-04
 -1.2688722E-05   1.2346247E-02  -1.4604097E-03  -1.5730787E-03   1.5916960E-01   7.5332709E-01   3.1240249E-02   1.7754209E-02   8.3428463E-04   6.2304620E+00   8.0068564E-01  -4.2125807E+00   9.6677993E+01   7.3588432E+01   4.4478600E+01   1.6933457E+01  -3.1447413E+00  -3.8525682E-01  -1.0870085E+00   3.7070136E+00   3.2960239E+00   2.2541533E-04   1.7877118E-04
 -1.1156133E-04   4.8432347E-03  -6.0564600E-04  -1.4961525E-03   1.2857882E-01   2.3027821E-01   1.2080425E-02   6.3178090E-03   5.4009053E-04  -1.0694941E+01   1.6045627E+00   7.6816371E+00  -4.4565433E+01   4.4478600E+01   8.6993115E+01   5.3498273E+01  -1.1775355E+01  -7.8422838E-01  -4.9744802E-01   5.4192239E+00   8.4111926E+00   5.8126734E-04  -3.0133653E-04
 -1.2772146E-04   8.1633971E-04  -1.8114065E-04   1.1447625E-04   1.0914211E-01  -1.0865482E-02   7.5463572E-03   1.6660670E-03   1.3852164E-03  -5.3426350E+01   5.8601584E-01   5.1706440E+00  -5.4066720E+01   1.6933457E+01   5.3498273E+01   1.0281935E+02  -9.3126565E+00  -3.6252522E-01  -1.2579236E+00   5.3020921E+00   3.2811967E+01   5.9162224E-04  -1.3199228E-03
  5.4425538E-05   1.8840917E-03  -2.1094575E-04   4.3441193E-04   2.3379998E-03   1.4077573E-01   5.2615557E-03   3.2435179E-03   2.9045038E-06   5.0937622E-01   3.1898589E-02  -3.0497757E+00   1.7844265E+01  -3.1447413E+00  -1.1775355E+01  -9.3126565E+00   6.4202068E+00   1.0638488E-01  -1.8021955E-01  -2.2562060E+00  -2.8798821E+00  -9.7867937E-05  -4.4577913E-06
  3.5255708E-05   3.4443540E-04  -2.7872800E-05   3.9892277E-04  -9.0938540E-04   2.9551159E-02   1.3897381E-03   1.7716183E-03  -8.4764410E-05  -4.2557723E-02  -7.1637965E-03  -2.1487097E-01  -6.1972498E+00  -3.8525682E-01  -7.8422838E-01  -3.6252522E-01   1.0638488E-01   3.4190977E+00   5.3952314E-01   1.9611978E-01   3.1923511E-01   1.8985464E-04   1.1643346E-05
  1.7185007E-05   4.8771151E-04  -4.2885566E-05   1.7264747E-04  -3.7914450E-03   3.1268096E-02   1.0487242E-03   9.0073904E-04  -2.0954987E-06   6.9999601E-01   1.0381109E-02   1.7683238E-01   5.9052924E+00  -1.0870085E+00  -4.9744802E-01  -1.2579236E+00  -1.8021955E-01   5.3952314E-01   3.2496474E+00   2.8024334E+00   2.7373731E+00  -1.8461978E-04  -4.6802436E-05
  1.5830020E-05   5.8468528E-04  -5.0351082E-05   4.3882018E-04   3.7837145E-04   3.5297574E-02   2.1185391E-03   1.0537679E-03   1.0975480E-04  -5.2970484E+00   1.0054775E-01   2.7952911E+00  -1.2230739E+01   3.7070136E+00   5.4192239E+00   5.3020921E+00  -2.2562060E+00   1.9611978E-01   2.8024334E+00   1.0942128E+01   1.9158099E+01  -2.2552378E-05   3.8562619E-04
 -2.8551941E-06  -6.4778239E-04   7.4415121E-05   1.2331053E-03   1.2283445E-02  -5.3515793E-02   2.2631696E-03  -6.4117339E-04   9.0736836E-04  -3.2668274E+01   1.3290571E-01   3.5369122E+00  -2.6787869E+01   3.2960239E+00   8.4111926E+00   3.2811967E+01  -2.8798821E+00   3.1923511E-01   2.7373731E+00   1.9158099E+01   5.2852493E+01   4.9595634E-05   8.7462605E-04
  1.6666493E-09   1.7174972E-08  -1.8939230E-09  -3.3293013E-09   1.3150250E-06   2.6062905E-06   1.8393796E-07   3.9047916E-09  -2.7550723E-08  -2.0633748E-04   5.2132869E-06   1.0838752E-04   3.8004378E-03   2.2541533E-04   5.8126734E-04   5.9162224E-04  -9.7867937E-05   1.8985464E-04  -1.8461978E-04  -2.2552378E-05   4.9595634E-05   3.8339095E-07  -1.2309072E-09
  5.0279131E-09   1.0799359E-07  -1.0301846E-08   7.7152247E-08   9.6935472E-07   7.9037484E-06   4.2610242E-07   2.6825786E-07  -7.4828894E-09   7.5493517E-04  -3.3267148E-06  -2.4245984E-05   4.6774993E-04   1.7877118E-04  -3.0133653E-04  -1.3199228E-03  -4.4577913E-06   1.1643346E-05  -4.6802436E-05   3.8562619E-04   8.7462605E-04  -1.2309072E-09   3.8267628E-07
