# omegabh2 omegach2 theta tau logA ns calPlanck aps100 aps143 aps217 acib217 asz143 psr cibr xi aksz dust100 dust143 dust217 dust143x217 cal0 cal2 calTE calEE
  1.8517055E-08  -3.3011361E-08   7.8494524E-09   2.1519608E-07   4.1684788E-07   1.4148466E-07   8.7853741E-09  -4.1871824E-04  -1.8426649E-04   7.3153282E-05  -1.0049314E-04   1.6504123E-05   7.9051092E-07  -1.6499850E-06   8.2004882E-07  -3.1657643E-05   6.0904029E-08  -3.0207058E-07   6.0526433E-07  -2.8815404E-07  -4.2128641E-09  -5.8057702E-09  -1.1337203E-07  -2.3818518E-07
 -3.3011361E-08   7.3031704E-07  -3.5177112E-08  -1.7855668E-06  -2.4491803E-06  -1.5404232E-06  -2.5461472E-07   6.0645481E-04  -7.7054731E-06  -2.1829344E-04   1.3050626E-04  -1.2989978E-05   9.9616296E-07  -5.6125067E-07  -5.8004094E-07   8.9951571E-05   2.4463790E-06   5.7031692E-06  -1.1194687E-06   4.0457143E-06  -6.7560191E-09   2.3333530E-09  -2.1145457E-07  -5.1075219E-07
  7.8494524E-09  -3.5177112E-08   9.0101691E-08   2.0361487E-07   4.1114326E-07   2.2215964E-07   7.8408995E-09  -2.3431311E-04   4.0684963E-05   2.6990627E-05   9.4088562E-07   2.2612055E-05  -5.2941878E-07   3.0511005E-06   1.8495101E-06  -1.6644522E-05   2.8761118E-07   8.1249697E-07   2.2134370E-07  -9.7657419E-07  -6.5813939E-09  -5.3357499E-09  -5.1323539E-08   8.2551308E-09
  2.1519608E-07  -1.7855668E-06   2.0361487E-07   4.8850048E-05   8.9928367E-05   7.3384591E-06  -1.1402979E-06  -1.0144839E-02  -6.9562250E-04   3.1591918E-03  -3.3928985E-03   2.9241594E-05  -7.5591828E-07  -1.3683180E-05   2.8214256E-05  -5.9885434E-04  -3.4513889E-05  -3.8685155E-05   2.9958570E-05  -1.6057237E-05  -2.6448395E-07   4.5429705E-08  -4.3934162E-06  -3.7976548E-06
  4.1684788E-07  -2.4491803E-06   4.1114326E-07   8.9928367E-05   1.9403436E-04   1.0402642E-05   9.5874015E-06  -1.3124524E-02   1.1161971E-04   1.3299527E-02  -7.6638520E-03  -4.6296241E-05   3.3279239E-05  -1.1512594E-04   1.0270948E-04  -1.9393770E-03  -6.2475948E-05  -1.3064891E-04   7.4786371E-05  -1.9956546E-05  -6.2968331E-08  -1.7606289E-07  -8.7929593E-06  -5.9532599E-06
  1.4148466E-07  -1.5404232E-06   2.2215964E-07   7.3384591E-06   1.0402642E-05   1.3578350E-05   5.3997291E-07  -2.4916709E-02  -5.6786145E-03   1.0103959E-02  -6.3538031E-03   5.5925671E-04   6.3415911E-05  -1.1543818E-04   4.1162652E-05  -2.0910338E-03   1.1252160E-06  -4.0677814E-05   3.3885116E-05  -1.2520799E-05  -4.8051070E-07  -4.5488186E-07  -3.8638833E-07  -2.7272339E-06
  8.7853741E-09  -2.5461472E-07   7.8408995E-09  -1.1402979E-06   9.5874015E-06   5.3997291E-07   6.3031011E-06   3.6470781E-03   4.2128237E-04   1.1058226E-03   6.2957674E-04  -3.0883209E-05   3.3239886E-06  -1.4163764E-05  -3.0377332E-06  -4.1542534E-05   1.2374839E-05   9.7048685E-06   3.4762079E-06   8.4204749E-06  -5.7583405E-08  -1.2269282E-07  -2.0291915E-07  -5.4682703E-08
 -4.1871824E-04   6.0645481E-04  -2.3431311E-04  -1.0144839E-02  -1.3124524E-02  -2.4916709E-02   3.6470781E-03   5.8119823E+02   5.4491824E+01  -5.8169182E+01   2.9592716E+01  -2.4008250E+01  -8.6704885E-01  -1.0203202E-01  -2.8572052E-01   1.2203646E+01  -1.5296914E-01   3.1485714E-01  -1.9354916E-01  -7.2763254E-02   5.9598445E-03   3.4345740E-03   4.3011684E-03   6.5510853E-03
 -1.8426649E-04  -7.7054731E-06   4.0684963E-05  -6.9562250E-04   1.1161971E-04  -5.6786145E-03   4.2128237E-04   5.4491824E+01   6.6877775E+01   1.0319552E+01   6.0153365E+00  -1.1887827E-01  -2.4828235E-02   4.6915316E-01   9.5223196E-01  -8.7819319E+00   5.8715070E-04  -2.0340541E-01   5.2148891E-02   7.8489638E-02   6.0885765E-04   5.8895879E-04   9.4395902E-04   4.5538429E-03
  7.3153282E-05  -2.1829344E-04   2.6990627E-05   3.1591918E-03   1.3299527E-02   1.0103959E-02   1.1058226E-03  -5.8169182E+01   1.0319552E+01   1.7904213E+02  -8.4854901E+01   2.9249781E+00   3.3774208E-01  -1.0958694E+00   3.4191122E-01  -8.2515394E+00  -9.7898694E-02  -2.2871449E-01   5.8636466E-01   4.1987485E-02   1.3227594E-03  -7.9246431E-03   3.3883187E-03   4.4476451E-03
 -1.0049314E-04   1.3050626E-04   9.4088562E-07  -3.3928985E-03  -7.6638520E-03  -6.3538031E-03   6.2957674E-04   2.9592716E+01   6.0153365E+00  -8.4854901E+01   5.3368157E+01   1.9031526E+00  -2.2715185E-02   7.5771469E-01  -2.3853527E-01  -2.6752489E+00   7.0008807E-02   1.5417520E-01  -4.7302149E-01  -1.3225755E-01  -4.1170912E-04   3.2049084E-03  -9.3520265E-04   2.3537776E-05
  1.6504123E-05  -1.2989978E-05   2.2612055E-05   2.9241594E-05  -4.6296241E-05   5.5925671E-04  -3.0883209E-05  -2.4008250E+01  -1.1887827E-01   2.9249781E+00   1.9031526E+00   4.4505578E+00   1.0354473E-01   1.6057865E-01  -4.8632856E-02  -3.7118077E+00   6.1304140E-03   5.1794958E-03   5.7002787E-03   5.4094377E-02   5.1179569E-04  -2.8306187E-04  -1.8090094E-04   1.9505755E-04
  7.9051092E-07   9.9616296E-07  -5.2941878E-07  -7.5591828E-07   3.3279239E-05   6.3415911E-05   3.3239886E-06  -8.6704885E-01  -2.4828235E-02   3.3774208E-01  -2.2715185E-02   1.0354473E-01   1.6805041E-02  -1.6815143E-02   1.1312894E-02  -1.1335133E-01  -1.4729204E-04  -2.9628707E-04  -3.1934613E-03   5.1276295E-03   1.2660058E-05  -4.5026526E-05   1.4262906E-05   1.6709714E-05
 -1.6499850E-06  -5.6125067E-07   3.0511005E-06  -1.3683180E-05  -1.1512594E-04  -1.1543818E-04  -1.4163764E-05  -1.0203202E-01   4.6915316E-01  -1.0958694E+00   7.5771469E-01   1.6057865E-01  -1.6815143E-02   6.9460183E-02   3.8376908E-03  -1.5137326E-01   2.1081206E-03   6.5132426E-03  -6.8999976E-04  -1.8714992E-02  -3.2147756E-06   9.8957242E-05  -5.1707363E-05   1.7416119E-05
  8.2004882E-07  -5.8004094E-07   1.8495101E-06   2.8214256E-05   1.0270948E-04   4.1162652E-05  -3.0377332E-06  -2.8572052E-01   9.5223196E-01   3.4191122E-01  -2.3853527E-01  -4.8632856E-02   1.1312894E-02   3.8376908E-03   8.2609823E-02   3.8165854E-02  -3.0905909E-04  -3.2836894E-05  -1.4355151E-04  -1.9566527E-04   4.8887825E-06  -2.7816481E-05  -3.0313651E-06   4.7905382E-05
 -3.1657643E-05   8.9951571E-05  -1.6644522E-05  -5.9885434E-04  -1.9393770E-03  -2.0910338E-03  -4.1542534E-05   1.2203646E+01  -8.7819319E+00  -8.2515394E+00  -2.6752489E+00  -3.7118077E+00  -1.1335133E-01  -1.5137326E-01   3.8165854E-02   7.6284522E+00  -1.1283793E-02  -1.3645584E-02  -3.0716638E-03  -5.6574487E-02  -2.9860180E-04   1.3663659E-04  -2.6786817E-04  -6.4761992E-04
  6.0904029E-08   2.4463790E-06   2.8761118E-07  -3.4513889E-05  -6.2475948E-05   1.1252160E-06   1.2374839E-05  -1.5296914E-01   5.8715070E-04  -9.7898694E-02   7.0008807E-02   6.1304140E-03  -1.4729204E-04   2.1081206E-03  -3.0905909E-04  -1.1283793E-02   3.6990412E-02   3.5072136E-03  -2.3803869E-04   9.1895049E-04   3.4447248E-05  -1.1354673E-06  -1.8703652E-05  -1.2345235E-05
 -3.0207058E-07   5.7031692E-06   8.1249697E-07  -3.8685155E-05  -1.3064891E-04  -4.0677814E-05   9.7048685E-06   3.1485714E-01  -2.0340541E-01  -2.2871449E-01   1.5417520E-01   5.1794958E-03  -2.9628707E-04   6.5132426E-03  -3.2836894E-05  -1.3645584E-02   3.5072136E-03   2.9441311E-02  -5.7986034E-04   5.4345181E-03  -6.8690962E-05  -3.8404297E-05  -5.5453073E-05  -9.9744962E-05
  6.0526433E-07  -1.1194687E-06   2.2134370E-07   2.9958570E-05   7.4786371E-05   3.3885116E-05   3.4762079E-06  -1.9354916E-01   5.2148891E-02   5.8636466E-01  -4.7302149E-01   5.7002787E-03  -3.1934613E-03  -6.8999976E-04  -1.4355151E-04  -3.0716638E-03  -2.3803869E-04  -5.7986034E-04   1.1064851E-02   8.8288652E-03   4.9100950E-06   6.3644339E-05   3.7857375E-07  -7.1666022E-06
 -2.8815404E-07   4.0457143E-06  -9.7657419E-07  -1.6057237E-05  -1.9956546E-05  -1.2520799E-05   8.4204749E-06  -7.2763254E-02   7.8489638E-02   4.1987485E-02  -1.3225755E-01   5.4094377E-02   5.1276295E-03  -1.8714992E-02  -1.9566527E-04  -5.6574487E-02   9.1895049E-04   5.4345181E-03   8.8288652E-03   2.7519282E-02   5.7147397E-06   5.5383241E-05  -1.4671755E-05  -2.9924880E-05
 -4.2128641E-09  -6.7560191E-09  -6.5813939E-09  -2.6448395E-07  -6.2968331E-08  -4.8051070E-07  -5.7583405E-08   5.9598445E-03   6.0885765E-04   1.3227594E-03  -4.1170912E-04   5.1179569E-04   1.2660058E-05  -3.2147756E-06   4.8887825E-06  -2.9860180E-04   3.4447248E-05  -6.8690962E-05   4.9100950E-06   5.7147397E-06   1.0890936E-06   3.5809869E-08   2.9348523E-07   9.6160631E-07
 -5.8057702E-09   2.3333530E-09  -5.3357499E-09   4.5429705E-08  -1.7606289E-07  -4.5488186E-07  -1.2269282E-07   3.4345740E-03   5.8895879E-04  -7.9246431E-03   3.2049084E-03  -2.8306187E-04  -4.5026526E-05   9.8957242E-05  -2.7816481E-05   1.3663659E-04  -1.1354673E-06  -3.8404297E-05   6.3644339E-05   5.5383241E-05   3.5809869E-08   2.5236604E-06   2.8871681E-07   2.1798462E-07
 -1.1337203E-07  -2.1145457E-07  -5.1323539E-08  -4.3934162E-06  -8.7929593E-06  -3.8638833E-07  -2.0291915E-07   4.3011684E-03   9.4395902E-04   3.3883187E-03  -9.3520265E-04  -1.8090094E-04   1.4262906E-05  -5.1707363E-05  -3.0313651E-06  -2.6786817E-04  -1.8703652E-05  -5.5453073E-05   3.7857375E-07  -1.4671755E-05   2.9348523E-07   2.8871681E-07   2.5461661E-05   8.9280500E-06
 -2.3818518E-07  -5.1075219E-07   8.2551308E-09  -3.7976548E-06  -5.9532599E-06  -2.7272339E-06  -5.4682703E-08   6.5510853E-03   4.5538429E-03   4.4476451E-03   2.3537776E-05   1.9505755E-04   1.6709714E-05   1.7416119E-05   4.7905382E-05  -6.4761992E-04  -1.2345235E-05  -9.9744962E-05  -7.1666022E-06  -2.9924880E-05   9.6160631E-07   2.1798462E-07   8.9280500E-06   2.4034637E-05
