# omegabh2 omegach2 theta tau nnu yhe logA ns calPlanck acib217 xi asz143 aps100 aps143 aps143217 aps217 aksz kgal100 kgal143 kgal143217 kgal217 galfTE100 galfTE100143 galfTE100217 galfTE143 galfTE143217 galfTE217 cal0 cal2
  4.5953581E-08   3.8280321E-07  -5.5408775E-08   4.2907010E-07   3.4415506E-05   2.7015143E-08   1.8971035E-06   1.4051884E-06   1.1421183E-08   6.1438957E-05  -2.3544897E-06  -2.1638536E-06   2.5904839E-04   2.6769246E-05  -5.3108402E-05  -8.1174203E-05   2.3299074E-05   1.7776081E-05   2.1014317E-05   1.1337885E-05  -9.8946091E-06  -6.4598174E-08   3.7116568E-09  -2.3857396E-07  -2.8029626E-07  -7.6385863E-07  -2.6812047E-06   1.0366351E-09   9.6320795E-11
  3.8280321E-07   1.2844894E-05  -1.8865130E-06   1.3071322E-06   7.6244639E-04  -3.2557536E-06   3.2769960E-05   1.9374297E-05  -1.6798802E-07   2.6089028E-03  -7.6011073E-05  -4.3179154E-04   1.1855170E-02   5.5941658E-03   1.2043344E-03  -8.0273310E-04   1.0049491E-03   1.9622138E-04   3.1467734E-04   3.6784262E-04  -4.0539780E-04   2.4252865E-06   1.6429907E-06   3.0259945E-07   1.7362442E-06  -3.9254222E-06  -6.1552333E-07  -1.1036812E-08   3.9061090E-08
 -5.5408775E-08  -1.8865130E-06   3.8794273E-07  -2.8374569E-07  -1.1958592E-04   1.0041284E-06  -4.7869623E-06  -3.0191626E-06   2.7605500E-08  -3.1622412E-04   1.1080320E-05   4.8589264E-05  -1.6467280E-03  -7.3178047E-04  -1.5726541E-04   5.9177776E-05  -1.2646312E-04  -2.1956196E-05  -3.3643774E-05  -5.4476957E-05   2.7483803E-05  -3.5071385E-07  -3.1109834E-07   2.7782119E-07  -3.8723795E-07   8.4172957E-07   3.7247926E-07  -7.2711133E-10  -3.6397548E-09
  4.2907010E-07   1.3071322E-06  -2.8374569E-07   6.0358096E-05   2.7202707E-04  -1.1956531E-08   1.2229385E-04   1.7477830E-05  -8.7281005E-07  -7.6282709E-04   1.1103074E-05   2.1735706E-04  -1.5920887E-03  -2.3854234E-03  -1.0555376E-03  -4.9905344E-04  -4.8804734E-04  -1.1705439E-04   2.6699596E-05  -2.2402501E-04  -4.6206918E-04  -1.3521582E-06   2.0222420E-06  -1.0058381E-05  -5.0191572E-06   3.8354298E-06  -4.0826459E-05  -6.4138927E-09  -8.5135631E-08
  3.4415506E-05   7.6244639E-04  -1.1958592E-04   2.7202707E-04   5.2779880E-02  -2.1017739E-04   2.3423481E-03   1.6376456E-03  -2.4948520E-06   1.7285420E-01  -5.1483149E-03  -2.5772887E-02   7.7996257E-01   3.2495119E-01   4.4339013E-02  -7.8621948E-02   6.7236961E-02   1.7790030E-02   2.7037945E-02   2.6097115E-02  -2.8113656E-02   1.2942018E-04   9.9373310E-05  -2.3008236E-04  -1.2329891E-05  -4.0983334E-04  -9.9933038E-04  -1.2599962E-06   2.0779422E-06
  2.7015143E-08  -3.2557536E-06   1.0041284E-06  -1.1956531E-08  -2.1017739E-04   1.5564624E-05  -4.8926175E-06   4.6379569E-07  -1.8144181E-07   3.0029572E-04  -5.2918602E-06  -1.0684301E-04   2.0777828E-03   1.2486289E-03   3.2899598E-04  -7.4578520E-05   1.6450759E-04   1.2697818E-04   1.5555802E-04   2.1798339E-04   2.4012592E-04   6.9856270E-07   9.9353109E-08   5.7361134E-06  -2.7655786E-06   1.6228293E-06  -4.3333837E-06  -1.4518103E-08  -1.8900557E-09
  1.8971035E-06   3.2769960E-05  -4.7869623E-06   1.2229385E-04   2.3423481E-03  -4.8926175E-06   3.4776583E-04   8.1475560E-05   1.0411562E-05   3.5110072E-03  -1.0521970E-04  -5.9783099E-04   2.7251596E-02   1.0015761E-02   3.9668291E-03   4.2988595E-03   5.7890205E-04  -5.0563284E-06   1.7908938E-04  -1.2177020E-04  -1.8610669E-05  -1.9261189E-06   8.3973126E-06  -2.2579009E-05  -1.0278425E-05  -5.3862798E-06  -5.1607665E-05   9.7492972E-08  -1.6163008E-07
  1.4051884E-06   1.9374297E-05  -3.0191626E-06   1.7477830E-05   1.6376456E-03   4.6379569E-07   8.1475560E-05   7.2312664E-05   4.7209451E-07   2.1684821E-03  -8.7185759E-05  -2.0708518E-04   7.7907284E-03   4.6389349E-03   1.7844979E-03   8.3693196E-04   5.7426147E-04   1.1162099E-03   8.8463928E-04   5.8762012E-04   1.2977045E-05   4.4934458E-06   4.9408903E-06  -1.2610696E-05  -3.8567948E-06  -1.1345227E-05  -5.9283160E-05  -1.4335375E-07   2.7319896E-09
  1.1421183E-08  -1.6798802E-07   2.7605500E-08  -8.7281005E-07  -2.4948520E-06  -1.8144181E-07   1.0411562E-05   4.7209451E-07   6.2978939E-06   1.6405211E-04   5.6759331E-06   2.2820168E-05   2.9588602E-03   4.8495859E-04   7.1318691E-04   2.1451302E-03  -7.9120372E-05   1.5600817E-05  -1.9800447E-05  -7.8732779E-06   9.7281657E-04  -1.7600445E-06   2.5884091E-07  -2.3255675E-06  -1.6515099E-06  -8.7674379E-07   1.4769262E-05  -4.5283996E-09  -3.8172671E-08
  6.1438957E-05   2.6089028E-03  -3.1622412E-04  -7.6282709E-04   1.7285420E-01   3.0029572E-04   3.5110072E-03   2.1684821E-03   1.6405211E-04   4.5004667E+01  -3.9668233E-01  -7.4307022E-01   3.5746354E+01   2.3518855E+00  -1.2560756E+01  -5.5283621E+01  -3.7997141E-02   2.4033415E-01   6.6361642E-01  -5.6138435E+00  -3.3423829E+01   1.6082710E-03  -1.8632275E-03   7.1802536E-03  -2.5195447E-03   1.0066452E-03   3.7767911E-03  -2.4893926E-04   7.3297570E-04
 -2.3544897E-06  -7.6011073E-05   1.1080320E-05   1.1103074E-05  -5.1483149E-03  -5.2918602E-06  -1.0521970E-04  -8.7185759E-05   5.6759331E-06  -3.9668233E-01   7.9710806E-02  -3.4766024E-02  -7.4435503E-01   8.9457569E-01   1.6826321E+00   6.3613789E-01   3.1510942E-02  -8.5056760E-03  -4.0264908E-03   9.8417826E-02   1.4174761E-01   1.2305507E-04   6.2560353E-06   9.6193948E-05   7.3043916E-05   8.5164903E-05   1.2468654E-03   3.6120315E-06  -9.6128651E-07
 -2.1638536E-06  -4.3179154E-04   4.8589264E-05   2.1735706E-04  -2.5772887E-02  -1.0684301E-04  -5.9783099E-04  -2.0708518E-04   2.2820168E-05  -7.4307022E-01  -3.4766024E-02   3.7519475E+00  -2.8525051E+01  -3.6048012E+00   7.1872659E+00   4.8420187E+00  -2.5115331E+00  -2.6763578E-01   1.4388972E-01   2.5221456E+00   3.0356266E+00   1.8031960E-04  -1.1922513E-04   1.3777335E-04   3.0041231E-04   9.3185438E-06  -3.1947874E-04   1.1068294E-04  -3.5379234E-05
  2.5904839E-04   1.1855170E-02  -1.6467280E-03  -1.5920887E-03   7.7996257E-01   2.0777828E-03   2.7251596E-02   7.7907284E-03   2.9588602E-03   3.5746354E+01  -7.4435503E-01  -2.8525051E+01   7.4847099E+02   6.9757981E+01  -5.1163505E+01  -5.6080178E+01   1.2627942E+01  -6.2617431E+00   6.0084652E+00  -1.0240359E+01  -2.1343917E+01   3.9752847E-03  -2.4551874E-03  -1.2155943E-02  -5.9759171E-03  -3.1560625E-02  -6.3944565E-02   3.5359463E-03   3.3898117E-04
  2.6769246E-05   5.5941658E-03  -7.3178047E-04  -2.3854234E-03   3.2495119E-01   1.2486289E-03   1.0015761E-02   4.6389349E-03   4.8495859E-04   2.3518855E+00   8.9457569E-01  -3.6048012E+00   6.9757981E+01   6.2951043E+01   4.0088585E+01   1.4836560E+01  -4.1878229E+00  -3.5529099E-01  -1.4361208E+00   3.0079119E+00   3.4360102E+00   5.3057851E-03  -4.8772415E-04   8.4505022E-04  -6.2194257E-03  -1.9659713E-03   8.3082664E-03   2.7473039E-05   2.1112731E-06
 -5.3108402E-05   1.2043344E-03  -1.5726541E-04  -1.0555376E-03   4.4339013E-02   3.2899598E-04   3.9668291E-03   1.7844979E-03   7.1318691E-04  -1.2560756E+01   1.6826321E+00   7.1872659E+00  -5.1163505E+01   4.0088585E+01   8.3900466E+01   5.1772451E+01  -1.0840043E+01  -1.0342542E+00  -1.0104182E+00   4.1359500E+00   7.0476514E+00   5.1610178E-03  -1.1391013E-03   8.2305546E-03  -1.3391493E-03   9.4313121E-03   6.0368034E-02   4.0989073E-04  -4.1479059E-04
 -8.1174203E-05  -8.0273310E-04   5.9177776E-05  -4.9905344E-04  -7.8621948E-02  -7.4578520E-05   4.2988595E-03   8.3693196E-04   2.1451302E-03  -5.5283621E+01   6.3613789E-01   4.8420187E+00  -5.6080178E+01   1.4836560E+01   5.1772451E+01   1.0354407E+02  -8.5241273E+00  -7.8138371E-01  -1.4950794E+00   4.8503554E+00   3.3044783E+01  -3.9342975E-04   1.7966268E-03  -1.4520620E-03  -1.0567466E-03   5.6658806E-03   2.6310480E-02   5.0355245E-04  -1.4174475E-03
  2.3299074E-05   1.0049491E-03  -1.2646312E-04  -4.8804734E-04   6.7236961E-02   1.6450759E-04   5.7890205E-04   5.7426147E-04  -7.9120372E-05  -3.7997141E-02   3.1510942E-02  -2.5115331E+00   1.2627942E+01  -4.1878229E+00  -1.0840043E+01  -8.5241273E+00   5.4335843E+00   2.0706607E-01  -8.9511235E-02  -1.7782134E+00  -1.9708201E+00   2.8696729E-04   1.9910517E-04  -1.3950138E-03   4.5798999E-04  -3.3758146E-03  -7.3666234E-03  -7.1563103E-05   2.8340003E-05
  1.7776081E-05   1.9622138E-04  -2.1956196E-05  -1.1705439E-04   1.7790030E-02   1.2697818E-04  -5.0563284E-06   1.1162099E-03   1.5600817E-05   2.4033415E-01  -8.5056760E-03  -2.6763578E-01  -6.2617431E+00  -3.5529099E-01  -1.0342542E+00  -7.8138371E-01   2.0706607E-01   3.3423707E+00   5.0699853E-01   5.8964769E-02  -6.0369023E-02  -3.0507588E-04   4.4681048E-04   2.7872463E-04  -5.5935895E-04  -1.5208670E-03  -9.3505151E-03   1.6139981E-04  -3.0775853E-06
  2.1014317E-05   3.1467734E-04  -3.3643774E-05   2.6699596E-05   2.7037945E-02   1.5555802E-04   1.7908938E-04   8.8463928E-04  -1.9800447E-05   6.6361642E-01  -4.0264908E-03   1.4388972E-01   6.0084652E+00  -1.4361208E+00  -1.0104182E+00  -1.4950794E+00  -8.9511235E-02   5.0699853E-01   3.1366545E+00   2.6432222E+00   2.5579395E+00   1.6946082E-04  -2.7797340E-04  -1.1212749E-03  -2.3552090E-04  -9.1082198E-04  -9.2501341E-04  -1.8151949E-04  -5.1915269E-05
  1.1337885E-05   3.6784262E-04  -5.4476957E-05  -2.2402501E-04   2.6097115E-02   2.1798339E-04  -1.2177020E-04   5.8762012E-04  -7.8732779E-06  -5.6138435E+00   9.8417826E-02   2.5221456E+00  -1.0240359E+01   3.0079119E+00   4.1359500E+00   4.8503554E+00  -1.7782134E+00   5.8964769E-02   2.6432222E+00   1.0579361E+01   1.8846539E+01   1.1781477E-03   1.3848137E-04  -4.3430650E-03   4.2431504E-04  -4.2392740E-03  -1.0038371E-02  -3.0061065E-05   3.7802524E-04
 -9.8946091E-06  -4.0539780E-04   2.7483803E-05  -4.6206918E-04  -2.8113656E-02   2.4012592E-04  -1.8610669E-05   1.2977045E-05   9.7281657E-04  -3.3423829E+01   1.4174761E-01   3.0356266E+00  -2.1343917E+01   3.4360102E+00   7.0476514E+00   3.3044783E+01  -1.9708201E+00  -6.0369023E-02   2.5579395E+00   1.8846539E+01   5.3073286E+01   6.9134298E-04   1.0477926E-03  -1.2370129E-02   3.0493698E-03  -8.6508938E-03  -1.1248334E-02   9.3287647E-05   8.6479839E-04
 -6.4598174E-08   2.4252865E-06  -3.5071385E-07  -1.3521582E-06   1.2942018E-04   6.9856270E-07  -1.9261189E-06   4.4934458E-06  -1.7600445E-06   1.6082710E-03   1.2305507E-04   1.8031960E-04   3.9752847E-03   5.3057851E-03   5.1610178E-03  -3.9342975E-04   2.8696729E-04  -3.0507588E-04   1.6946082E-04   1.1781477E-03   6.9134298E-04   1.4346565E-03   2.6154234E-04   4.6719260E-05  -3.5662220E-04  -1.2482997E-04  -2.3713704E-04   1.5902899E-07   3.6795261E-07
  3.7116568E-09   1.6429907E-06  -3.1109834E-07   2.0222420E-06   9.9373310E-05   9.9353109E-08   8.3973126E-06   4.9408903E-06   2.5884091E-07  -1.8632275E-03   6.2560353E-06  -1.1922513E-04  -2.4551874E-03  -4.8772415E-04  -1.1391013E-03   1.7966268E-03   1.9910517E-04   4.4681048E-04  -2.7797340E-04   1.3848137E-04   1.0477926E-03   2.6154234E-04   8.6073949E-04   2.2891799E-05   7.3703684E-04   3.7764794E-05  -7.5257023E-04   1.4863858E-08  -4.3263449E-08
 -2.3857396E-07   3.0259945E-07   2.7782119E-07  -1.0058381E-05  -2.3008236E-04   5.7361134E-06  -2.2579009E-05  -1.2610696E-05  -2.3255675E-06   7.1802536E-03   9.6193948E-05   1.3777335E-04  -1.2155943E-02   8.4505022E-04   8.2305546E-03  -1.4520620E-03  -1.3950138E-03   2.7872463E-04  -1.1212749E-03  -4.3430650E-03  -1.2370129E-02   4.6719260E-05   2.2891799E-05   7.2886198E-03  -3.0587344E-04   6.1826580E-04   4.3589083E-03  -8.4105397E-07   4.5495876E-07
 -2.8029626E-07   1.7362442E-06  -3.8723795E-07  -5.0191572E-06  -1.2329891E-05  -2.7655786E-06  -1.0278425E-05  -3.8567948E-06  -1.6515099E-06  -2.5195447E-03   7.3043916E-05   3.0041231E-04  -5.9759171E-03  -6.2194257E-03  -1.3391493E-03  -1.0567466E-03   4.5798999E-04  -5.5935895E-04  -2.3552090E-04   4.2431504E-04   3.0493698E-03  -3.5662220E-04   7.3703684E-04  -3.0587344E-04   2.8934987E-03   5.4297899E-04  -7.7260408E-04  -4.5648823E-08   1.6644990E-07
 -7.6385863E-07  -3.9254222E-06   8.4172957E-07   3.8354298E-06  -4.0983334E-04   1.6228293E-06  -5.3862798E-06  -1.1345227E-05  -8.7674379E-07   1.0066452E-03   8.5164903E-05   9.3185438E-06  -3.1560625E-02  -1.9659713E-03   9.4313121E-03   5.6658806E-03  -3.3758146E-03  -1.5208670E-03  -9.1082198E-04  -4.2392740E-03  -8.6508938E-03  -1.2482997E-04   3.7764794E-05   6.1826580E-04   5.4297899E-04   6.4250350E-03   7.9149456E-03  -1.0338261E-07   3.3726524E-08
 -2.6812047E-06  -6.1552333E-07   3.7247926E-07  -4.0826459E-05  -9.9933038E-04  -4.3333837E-06  -5.1607665E-05  -5.9283160E-05   1.4769262E-05   3.7767911E-03   1.2468654E-03  -3.1947874E-04  -6.3944565E-02   8.3082664E-03   6.0368034E-02   2.6310480E-02  -7.3666234E-03  -9.3505151E-03  -9.2501341E-04  -1.0038371E-02  -1.1248334E-02  -2.3713704E-04  -7.5257023E-04   4.3589083E-03  -7.7260408E-04   7.9149456E-03   7.1138474E-02  -1.2979065E-07  -1.1898320E-06
  1.0366351E-09  -1.1036812E-08  -7.2711133E-10  -6.4138927E-09  -1.2599962E-06  -1.4518103E-08   9.7492972E-08  -1.4335375E-07  -4.5283996E-09  -2.4893926E-04   3.6120315E-06   1.1068294E-04   3.5359463E-03   2.7473039E-05   4.0989073E-04   5.0355245E-04  -7.1563103E-05   1.6139981E-04  -1.8151949E-04  -3.0061065E-05   9.3287647E-05   1.5902899E-07   1.4863858E-08  -8.4105397E-07  -4.5648823E-08  -1.0338261E-07  -1.2979065E-07   3.7223813E-07   7.3860081E-11
  9.6320795E-11   3.9061090E-08  -3.6397548E-09  -8.5135631E-08   2.0779422E-06  -1.8900557E-09  -1.6163008E-07   2.7319896E-09  -3.8172671E-08   7.3297570E-04  -9.6128651E-07  -3.5379234E-05   3.3898117E-04   2.1112731E-06  -4.1479059E-04  -1.4174475E-03   2.8340003E-05  -3.0775853E-06  -5.1915269E-05   3.7802524E-04   8.6479839E-04   3.6795261E-07  -4.3263449E-08   4.5495876E-07   1.6644990E-07   3.3726524E-08  -1.1898320E-06   7.3860081E-11   3.8724894E-07
