# omegabh2 omegach2 theta nnu logA ns
  4.3361483E-07   2.4967844E-06   3.0539782E-09   1.1858056E-04  -3.1627028E-06  -2.1120576E-07
  2.4967844E-06   1.0331501E-04   1.1013583E-04   1.2183392E-03  -7.4952967E-04  -5.9268795E-05
  3.0539782E-09   1.1013583E-04   1.6489251E-04  -2.2739513E-04  -1.0153294E-03  -7.9574974E-05
  1.1858056E-04   1.2183392E-03  -2.2739513E-04   6.9137450E-02  -9.9669241E-04  -1.3533163E-04
 -3.1627028E-06  -7.4952967E-04  -1.0153294E-03  -9.9669241E-04   7.4954636E-03   7.4740017E-04
 -2.1120576E-07  -5.9268795E-05  -7.9574974E-05  -1.3533163E-04   7.4740017E-04   3.6950048E-04
