# omegabh2 omegach2 theta tau meffsterile nnu logA ns calPlanck acib217 xi asz143 aps100 aps143 aps143217 aps217 aksz kgal100 kgal143 kgal143217 kgal217 cal0 cal2
  4.3053511E-08   2.0025802E-07  -3.0612009E-09   2.7582714E-07  -2.3632754E-06   1.3321512E-05   1.0735011E-06   6.6825094E-07   2.1137943E-08  -5.2070954E-05   1.0796221E-06   2.5953959E-05  -3.4592348E-04  -2.5745064E-04  -9.4811092E-05  -3.7658139E-05  -2.3351357E-05   1.0077546E-05   2.5039680E-06  -1.9430033E-06   4.0918418E-06   1.3629777E-09  -2.0409012E-09
  2.0025802E-07   1.5207905E-05  -9.5870893E-07  -1.7410835E-06  -5.1771482E-04   5.3082868E-04   1.8665662E-05   1.7594336E-05  -5.9621792E-07   2.9801526E-03  -6.1920069E-05  -8.4840286E-04   1.4649546E-02   6.1707878E-03   7.9552371E-04  -1.5808065E-03   1.5331906E-03   1.8379000E-04   3.7048461E-04   1.2715019E-04  -7.2819102E-04  -1.1063084E-08   1.0222066E-07
 -3.0612009E-09  -9.5870893E-07   2.4243818E-07   1.5231376E-07   2.3130665E-05  -4.3022185E-05  -1.1208415E-06  -1.2539620E-06   6.2543303E-08  -2.0090277E-04   4.3983803E-06   6.9087051E-05  -1.0994345E-03  -4.6228766E-04  -3.6513842E-05   9.1439966E-05  -1.2377042E-04  -1.9682161E-05  -2.7490151E-05  -1.4212756E-05   5.2678539E-05  -1.6155699E-09  -5.0461192E-09
  2.7582714E-07  -1.7410835E-06   1.5231376E-07   5.1803710E-05   3.1998383E-05   5.8742546E-05   9.5739913E-05   1.0689505E-05  -9.6098557E-07  -8.6466815E-04  -9.5964539E-06   4.2684858E-04  -5.3590827E-03  -3.9933047E-03  -1.7588276E-03  -1.1494237E-03  -5.7404583E-04   1.1983834E-04  -5.1986955E-07  -6.0965222E-05   8.6177827E-05  -3.5126517E-08  -5.4125883E-08
 -2.3632754E-06  -5.1771482E-04   2.3130665E-05   3.1998383E-05   3.2770923E-02  -1.0656256E-02  -3.5663544E-04  -4.8765860E-04   2.9714777E-05  -7.9480115E-02   2.1076850E-03   1.8868896E-02  -3.7817572E-01  -1.0542014E-01   2.1550801E-02   8.7671124E-02  -3.3257047E-02  -4.1934940E-03  -1.2042625E-02  -4.5424171E-03   1.5695305E-02  -1.4058322E-07  -3.8166377E-06
  1.3321512E-05   5.3082868E-04  -4.3022185E-05   5.8742546E-05  -1.0656256E-02   2.5871039E-02   1.0825810E-03   9.1490018E-04  -6.0962414E-06   1.2268700E-01  -2.2184928E-03  -3.7363078E-02   6.4200883E-01   2.9578765E-01   6.2212870E-02  -3.4201040E-02   6.7293588E-02   8.8798308E-03   1.4364721E-02   5.9604269E-03  -2.9432870E-02   2.9928566E-07   3.3531488E-06
  1.0735011E-06   1.8665662E-05  -1.1208415E-06   9.5739913E-05  -3.5663544E-04   1.0825810E-03   2.4455607E-04   4.9539791E-05   9.5054707E-06   2.9868364E-03  -6.2504433E-05  -5.5981673E-04   1.5034288E-02   4.8761131E-03   1.7223408E-03   1.8073298E-03   5.7652731E-04   2.5274071E-04   7.4575161E-05  -5.1079522E-04   2.4135694E-04   3.9502793E-08   3.3882038E-09
  6.6825094E-07   1.7594336E-05  -1.2539620E-06   1.0689505E-05  -4.8765860E-04   9.1490018E-04   4.9539791E-05   4.8741293E-05   3.7307347E-07   3.4923551E-05   1.7068207E-05  -1.7846834E-04  -5.8566981E-04   4.0005901E-03   4.2370816E-03   3.5990914E-03  -1.5412094E-04   6.5304059E-04   2.2480450E-04   1.6476432E-04   6.8009192E-04  -5.7782118E-08   7.2952242E-08
  2.1137943E-08  -5.9621792E-07   6.2543303E-08  -9.6098557E-07   2.9714777E-05  -6.0962414E-06   9.5054707E-06   3.7307347E-07   6.0909929E-06   6.0585531E-04   2.0929544E-06   2.9026327E-05   2.6367874E-03   4.0478588E-04   3.9333235E-04   1.1762303E-03  -6.1258069E-05   2.0127177E-05   3.2484833E-05   8.1479415E-06   8.8314187E-04  -9.7553312E-09  -1.0727978E-09
 -5.2070954E-05   2.9801526E-03  -2.0090277E-04  -8.6466815E-04  -7.9480115E-02   1.2268700E-01   2.9868364E-03   3.4923551E-05   6.0585531E-04   4.6000848E+01  -4.0095438E-01  -9.9261798E-01   3.8397452E+01   3.3164894E+00  -1.3113088E+01  -5.6079279E+01   9.2440724E-02   3.0793960E-01   6.0038272E-01  -6.0023919E+00  -3.4284898E+01  -2.3229232E-04   7.4890739E-04
  1.0796221E-06  -6.1920069E-05   4.3983803E-06  -9.5964539E-06   2.1076850E-03  -2.2184928E-03  -6.2504433E-05   1.7068207E-05   2.0929544E-06  -4.0095438E-01   8.3282175E-02  -5.2360478E-02  -5.7127346E-01   8.7632338E-01   1.6296624E+00   6.3241424E-01   4.3869460E-02  -5.0210082E-03   3.1893286E-03   9.1226286E-02   1.2859832E-01   5.4566749E-06  -1.9786572E-06
  2.5953959E-05  -8.4840286E-04   6.9087051E-05   4.2684858E-04   1.8868896E-02  -3.7363078E-02  -5.5981673E-04  -1.7846834E-04   2.9026327E-05  -9.9261798E-01  -5.2360478E-02   4.0835606E+00  -3.2061508E+01  -3.7728589E+00   7.9488233E+00   5.6853759E+00  -3.1797791E+00  -2.1151568E-01   1.7010972E-01   2.7992131E+00   3.5591305E+00   9.3034136E-05  -2.7838493E-05
 -3.4592348E-04   1.4649546E-02  -1.0994345E-03  -5.3590827E-03  -3.7817572E-01   6.4200883E-01   1.5034288E-02  -5.8566981E-04   2.6367874E-03   3.8397452E+01  -5.7127346E-01  -3.2061508E+01   8.0400859E+02   7.7940494E+01  -5.4344359E+01  -6.1148697E+01   1.7244402E+01  -6.6174894E+00   6.3278173E+00  -1.2255975E+01  -2.5106313E+01   3.8718251E-03   3.8909888E-04
 -2.5745064E-04   6.1707878E-03  -4.6228766E-04  -3.9933047E-03  -1.0542014E-01   2.9578765E-01   4.8761131E-03   4.0005901E-03   4.0478588E-04   3.3164894E+00   8.7632338E-01  -3.7728589E+00   7.7940494E+01   6.7240065E+01   4.2185436E+01   1.6478532E+01  -4.4765972E+00  -6.0714679E-01  -1.3568143E+00   3.4557046E+00   4.0881597E+00   1.7531651E-04   1.2726368E-04
 -9.4811092E-05   7.9552371E-04  -3.6513842E-05  -1.7588276E-03   2.1550801E-02   6.2212870E-02   1.7223408E-03   4.2370816E-03   3.9333235E-04  -1.3113088E+01   1.6296624E+00   7.9488233E+00  -5.4344359E+01   4.2185436E+01   8.7012916E+01   5.6217844E+01  -1.2992185E+01  -1.0526108E+00  -8.0881204E-01   5.2306830E+00   9.1289987E+00   4.8004184E-04  -3.6649526E-04
 -3.7658139E-05  -1.5808065E-03   9.1439966E-05  -1.1494237E-03   8.7671124E-02  -3.4201040E-02   1.8073298E-03   3.5990914E-03   1.1762303E-03  -5.6079279E+01   6.3241424E-01   5.6853759E+00  -6.1148697E+01   1.6478532E+01   5.6217844E+01   1.0695238E+02  -1.0253970E+01  -9.9132106E-01  -1.3262473E+00   5.9828984E+00   3.4868084E+01   5.4587278E-04  -1.3710690E-03
 -2.3351357E-05   1.5331906E-03  -1.2377042E-04  -5.7404583E-04  -3.3257047E-02   6.7293588E-02   5.7652731E-04  -1.5412094E-04  -6.1258069E-05   9.2440724E-02   4.3869460E-02  -3.1797791E+00   1.7244402E+01  -4.4765972E+00  -1.2992185E+01  -1.0253970E+01   6.8142847E+00   1.9035928E-01  -1.9883616E-01  -2.3812860E+00  -2.7733433E+00  -8.4550832E-05   6.0539259E-06
  1.0077546E-05   1.8379000E-04  -1.9682161E-05   1.1983834E-04  -4.1934940E-03   8.8798308E-03   2.5274071E-04   6.5304059E-04   2.0127177E-05   3.0793960E-01  -5.0210082E-03  -2.1151568E-01  -6.6174894E+00  -6.0714679E-01  -1.0526108E+00  -9.9132106E-01   1.9035928E-01   3.3432511E+00   5.7391151E-01   1.5573670E-01   3.0736309E-02   1.7055098E-04  -1.1096113E-06
  2.5039680E-06   3.7048461E-04  -2.7490151E-05  -5.1986955E-07  -1.2042625E-02   1.4364721E-02   7.4575161E-05   2.2480450E-04   3.2484833E-05   6.0038272E-01   3.1893286E-03   1.7010972E-01   6.3278173E+00  -1.3568143E+00  -8.0881204E-01  -1.3262473E+00  -1.9883616E-01   5.7391151E-01   3.2434679E+00   2.7945716E+00   2.8504039E+00  -1.7128119E-04  -2.9117562E-05
 -1.9430033E-06   1.2715019E-04  -1.4212756E-05  -6.0965222E-05  -4.5424171E-03   5.9604269E-03  -5.1079522E-04   1.6476432E-04   8.1479415E-06  -6.0023919E+00   9.1226286E-02   2.7992131E+00  -1.2255975E+01   3.4557046E+00   5.2306830E+00   5.9828984E+00  -2.3812860E+00   1.5573670E-01   2.7945716E+00   1.1097830E+01   1.9855392E+01  -2.0010468E-05   4.2587130E-04
  4.0918418E-06  -7.2819102E-04   5.2678539E-05   8.6177827E-05   1.5695305E-02  -2.9432870E-02   2.4135694E-04   6.8009192E-04   8.8314187E-04  -3.4284898E+01   1.2859832E-01   3.5591305E+00  -2.5106313E+01   4.0881597E+00   9.1289987E+00   3.4868084E+01  -2.7733433E+00   3.0736309E-02   2.8504039E+00   1.9855392E+01   5.5068093E+01   7.0192050E-05   9.4222378E-04
  1.3629777E-09  -1.1063084E-08  -1.6155699E-09  -3.5126517E-08  -1.4058322E-07   2.9928566E-07   3.9502793E-08  -5.7782118E-08  -9.7553312E-09  -2.3229232E-04   5.4566749E-06   9.3034136E-05   3.8718251E-03   1.7531651E-04   4.8004184E-04   5.4587278E-04  -8.4550832E-05   1.7055098E-04  -1.7128119E-04  -2.0010468E-05   7.0192050E-05   3.7638181E-07  -6.1216991E-09
 -2.0409012E-09   1.0222066E-07  -5.0461192E-09  -5.4125883E-08  -3.8166377E-06   3.3531488E-06   3.3882038E-09   7.2952242E-08  -1.0727978E-09   7.4890739E-04  -1.9786572E-06  -2.7838493E-05   3.8909888E-04   1.2726368E-04  -3.6649526E-04  -1.3710690E-03   6.0539259E-06  -1.1096113E-06  -2.9117562E-05   4.2587130E-04   9.4222378E-04  -6.1216991E-09   3.9410169E-07
