# omegabh2 omegach2 theta tau nnu logA ns calPlanck acib217 xi asz143 aps100 aps143 aps143217 aps217 aksz kgal100 kgal143 kgal143217 kgal217 galfTE100 galfTE100143 galfTE100217 galfTE143 galfTE143217 galfTE217 cal0 cal2
  3.4230165E-08   1.8192867E-07  -1.3699292E-08   3.8930286E-07   1.8199705E-05   1.3500878E-06   8.4492144E-07   2.2555262E-08   1.6164689E-05   7.7942828E-09   1.8510274E-06   9.9521431E-05   7.0532879E-06  -2.0897168E-05  -3.3933758E-05   1.0515093E-05   1.2328408E-05   3.5784080E-06   7.2545119E-06  -2.0419496E-06  -1.0147133E-07  -2.1356152E-08  -3.2384744E-07  -5.7694331E-08  -6.6745539E-07  -1.8703739E-06   5.9888702E-09   5.8909611E-10
  1.8192867E-07   7.0630896E-06  -6.8895633E-07  -2.6300597E-06   3.7177663E-04   1.0543126E-05   9.1094153E-06  -4.2073006E-07   2.3205587E-03  -5.6146298E-05  -4.6774681E-04   9.8927626E-03   4.9591012E-03   7.1032538E-04  -1.0551149E-03   9.7125507E-04   2.7200017E-04   2.3469628E-04   3.6359460E-04  -3.8028138E-04  -1.3943597E-07   9.9067661E-08   1.0431999E-06   1.6108938E-06  -2.7453222E-06   1.0851065E-05  -2.4754920E-08   5.7681735E-08
 -1.3699292E-08  -6.8895633E-07   1.4924908E-07   2.0786952E-07  -3.8461942E-05  -1.0874165E-06  -9.2208744E-07   2.4132527E-08  -2.2725821E-04   4.5315890E-06   5.7038496E-05  -9.7406964E-04  -5.1758118E-04  -7.4253527E-05   7.8884763E-05  -9.8333427E-05  -2.8317680E-05  -2.5873375E-05  -2.5212902E-05   6.6628194E-05   3.4429611E-08   5.0333085E-08  -3.9993008E-07   3.8445152E-07   1.8602721E-07  -2.0829827E-06   2.1930755E-09  -4.7429033E-09
  3.8930286E-07  -2.6300597E-06   2.0786952E-07   6.0358230E-05   9.1312685E-05   1.1213855E-04   1.4885205E-05  -9.5511710E-07  -2.7848920E-03   4.9549558E-05   5.0347712E-04  -6.9956616E-03  -4.6338123E-03  -1.1542915E-03   6.7919599E-04  -3.0901532E-04  -8.8598011E-05   6.2450765E-05   2.9454294E-04   1.3634397E-03  -5.2358094E-06   2.4755882E-06  -2.7713242E-08   2.8372357E-06  -6.3837909E-06  -8.0593120E-06   1.1855904E-07  -8.6538073E-08
  1.8199705E-05   3.7177663E-04  -3.8461942E-05   9.1312685E-05   2.4562955E-02   1.0537863E-03   8.2438529E-04  -6.8109160E-06   1.3252400E-01  -3.0686495E-03  -2.5590381E-02   5.6547961E-01   2.6801606E-01   2.5263411E-02  -7.0346976E-02   5.7312381E-02   1.6743251E-02   1.6361083E-02   2.4415901E-02  -1.6935582E-02  -3.0604474E-05   2.1979992E-05   2.3667233E-05   5.9944673E-05  -2.6066019E-04   1.4707573E-04  -6.4471194E-07   3.5634917E-06
  1.3500878E-06   1.0543126E-05  -1.0874165E-06   1.1213855E-04   1.0537863E-03   2.7023118E-04   5.1118170E-05   9.4138807E-06   5.7530045E-04  -5.0739793E-06   6.4212106E-05   1.3127466E-02   3.1827126E-03   1.2941224E-03   2.7376163E-03   8.3503323E-04   1.1529138E-04   2.3442622E-04   1.0094200E-03   2.7838062E-03  -8.0499624E-06   3.7816055E-06   3.6474181E-06   1.5287078E-06  -1.8932506E-05   7.4140436E-06   3.5105082E-07  -7.8535762E-08
  8.4492144E-07   9.1094153E-06  -9.2208744E-07   1.4885205E-05   8.2438529E-04   5.1118170E-05   4.4549793E-05   4.0736337E-07   2.5894477E-04  -5.8256669E-06   8.0337396E-05  -4.0462718E-03   2.3956496E-03   2.0664428E-03   2.0180463E-03  -3.1679419E-04   8.2611109E-04   2.0391956E-04   5.8586231E-04   7.4082032E-04  -3.8611666E-06   1.1181040E-06   1.3275992E-08   1.8296185E-06  -1.2319220E-05  -2.8118585E-05  -5.8076681E-08   7.9425327E-08
  2.2555262E-08  -4.2073006E-07   2.4132527E-08  -9.5511710E-07  -6.8109160E-06   9.4138807E-06   4.0736337E-07   6.1448602E-06   9.7568336E-04  -1.8244595E-06   4.9231253E-05   3.6391030E-03   3.1603466E-04   1.5516390E-04   5.5757512E-04  -2.2888918E-05  -6.6046130E-06   4.4944256E-05   4.1362427E-05   6.0364137E-04   1.9408164E-06  -2.9491565E-07   1.3239956E-07  -3.5799341E-06   1.0477156E-06  -1.2290544E-06   7.1774960E-09  -1.7333514E-08
  1.6164689E-05   2.3205587E-03  -2.2725821E-04  -2.7848920E-03   1.3252400E-01   5.7530045E-04   2.5894477E-04   9.7568336E-04   4.4272307E+01  -4.0168058E-01  -6.4969806E-01   3.5806470E+01   2.7616989E+00  -1.1992213E+01  -5.3308376E+01  -2.3893010E-01   2.1134443E-01   5.9201190E-01  -5.5343598E+00  -3.2694934E+01   1.3726163E-03  -1.4584896E-03  -1.1741324E-02  -1.4424647E-03  -2.9914454E-03  -3.4183822E-02  -1.8355341E-04   7.6387436E-04
  7.7942828E-09  -5.6146298E-05   4.5315890E-06   4.9549558E-05  -3.0686495E-03  -5.0739793E-06  -5.8256669E-06  -1.8244595E-06  -4.0168058E-01   8.2252086E-02  -4.4935905E-02  -6.2668769E-01   8.4100874E-01   1.6572084E+00   6.1514457E-01   6.2702669E-02  -1.3256347E-02   1.5890089E-02   9.1294851E-02   1.0800517E-01  -2.1038604E-04  -8.2554258E-05  -9.2572833E-05  -3.1303899E-04   1.8052598E-04   1.2295435E-03   5.9969844E-06  -5.6410043E-06
  1.8510274E-06  -4.6774681E-04   5.7038496E-05   5.0347712E-04  -2.5590381E-02   6.4212106E-05   8.0337396E-05   4.9231253E-05  -6.4969806E-01  -4.4935905E-02   3.9772410E+00  -3.1187971E+01  -3.0816382E+00   8.0284470E+00   5.4362465E+00  -3.0243361E+00  -2.3384456E-01   1.4776223E-01   2.6383660E+00   3.1530023E+00  -9.1849432E-05  -5.5001310E-04   8.9233052E-04  -2.0512917E-03   1.8773115E-03  -5.9179030E-03   1.1302003E-04  -2.1963442E-05
  9.9521431E-05   9.8927626E-03  -9.7406964E-04  -6.9956616E-03   5.6547961E-01   1.3127466E-02  -4.0462718E-03   3.6391030E-03   3.5806470E+01  -6.2668769E-01  -3.1187971E+01   7.8886785E+02   6.7857097E+01  -5.8790214E+01  -6.2181487E+01   1.5983665E+01  -5.4561663E+00   6.2415770E+00  -1.0688477E+01  -2.1082175E+01   1.8117423E-02   9.2941399E-03  -9.5020595E-03   7.6593712E-03  -3.5468826E-03  -4.9512766E-03   3.6698620E-03   3.7982247E-04
  7.0532879E-06   4.9591012E-03  -5.1758118E-04  -4.6338123E-03   2.6801606E-01   3.1827126E-03   2.3956496E-03   3.1603466E-04   2.7616989E+00   8.4100874E-01  -3.0816382E+00   6.7857097E+01   6.3111266E+01   4.1157363E+01   1.5789793E+01  -5.1250118E+00  -3.3548716E-01  -8.5427641E-01   4.1879070E+00   5.2650815E+00   2.1496135E-03  -1.6099822E-03   4.5546815E-03  -5.8984122E-03   1.7061160E-02   3.5312032E-02  -7.9247831E-05   2.0350480E-04
 -2.0897168E-05   7.1032538E-04  -7.4253527E-05  -1.1542915E-03   2.5263411E-02   1.2941224E-03   2.0664428E-03   1.5516390E-04  -1.1992213E+01   1.6572084E+00   8.0284470E+00  -5.8790214E+01   4.1157363E+01   8.6753213E+01   5.3488958E+01  -1.2592742E+01  -9.9144080E-01  -2.8266040E-01   5.0959918E+00   7.7605443E+00  -4.4911080E-03  -1.5947139E-03   5.8983509E-03  -5.5093649E-03   1.9413464E-02  -1.6273573E-02   3.2313922E-04  -3.4674181E-04
 -3.3933758E-05  -1.0551149E-03   7.8884763E-05   6.7919599E-04  -7.0346976E-02   2.7376163E-03   2.0180463E-03   5.5757512E-04  -5.3308376E+01   6.1514457E-01   5.4362465E+00  -6.2181487E+01   1.5789793E+01   5.3488958E+01   1.0137131E+02  -9.8846803E+00  -6.2851523E-01  -9.3541628E-01   5.6267038E+00   3.2901772E+01  -2.4535660E-03   4.3995436E-04   1.2643560E-02   1.8901984E-03   1.2519737E-02   5.8539645E-03   3.3035495E-04  -1.3393464E-03
  1.0515093E-05   9.7125507E-04  -9.8333427E-05  -3.0901532E-04   5.7312381E-02   8.3503323E-04  -3.1679419E-04  -2.2888918E-05  -2.3893010E-01   6.2702669E-02  -3.0243361E+00   1.5983665E+01  -5.1250118E+00  -1.2592742E+01  -9.8846803E+00   6.5999537E+00   1.9035899E-01  -2.1656980E-01  -2.2968776E+00  -2.6837049E+00   6.2167040E-04   1.6988764E-03   1.5154945E-04   2.3752463E-03  -2.3113078E-03   1.3827851E-02  -5.0153658E-05  -1.8802830E-05
  1.2328408E-05   2.7200017E-04  -2.8317680E-05  -8.8598011E-05   1.6743251E-02   1.1529138E-04   8.2611109E-04  -6.6046130E-06   2.1134443E-01  -1.3256347E-02  -2.3384456E-01  -5.4561663E+00  -3.3548716E-01  -9.9144080E-01  -6.2851523E-01   1.9035899E-01   3.3827300E+00   5.5507742E-01   2.1167014E-01   1.6751577E-01   4.0492581E-04   6.6690053E-04   7.4675360E-04  -2.3433780E-03  -1.9702408E-03   4.5115347E-03   1.7464224E-04   1.7244799E-05
  3.5784080E-06   2.3469628E-04  -2.5873375E-05   6.2450765E-05   1.6361083E-02   2.3442622E-04   2.0391956E-04   4.4944256E-05   5.9201190E-01   1.5890089E-02   1.4776223E-01   6.2415770E+00  -8.5427641E-01  -2.8266040E-01  -9.3541628E-01  -2.1656980E-01   5.5507742E-01   3.1689150E+00   2.7130824E+00   2.6546859E+00  -3.0045921E-04  -1.0537012E-03   7.5927749E-04  -1.9047373E-03  -3.7293975E-03  -4.0942191E-03  -1.8479674E-04  -5.7852418E-05
  7.2545119E-06   3.6359460E-04  -2.5212902E-05   2.9454294E-04   2.4415901E-02   1.0094200E-03   5.8586231E-04   4.1362427E-05  -5.5343598E+00   9.1294851E-02   2.6383660E+00  -1.0688477E+01   4.1879070E+00   5.0959918E+00   5.6267038E+00  -2.2968776E+00   2.1167014E-01   2.7130824E+00   1.0836771E+01   1.9220853E+01   1.5915415E-03  -2.6376069E-03   1.3120610E-03  -8.6765234E-03   2.3351460E-03   2.7195338E-02  -1.8406682E-05   3.9116267E-04
 -2.0419496E-06  -3.8028138E-04   6.6628194E-05   1.3634397E-03  -1.6935582E-02   2.7838062E-03   7.4082032E-04   6.0364137E-04  -3.2694934E+01   1.0800517E-01   3.1530023E+00  -2.1082175E+01   5.2650815E+00   7.7605443E+00   3.2901772E+01  -2.6837049E+00   1.6751577E-01   2.6546859E+00   1.9220853E+01   5.3153166E+01   2.8618150E-03  -2.2396270E-03   1.1205031E-02  -1.0561362E-02   4.8561039E-03   7.3703372E-02   6.2036407E-05   8.6017738E-04
 -1.0147133E-07  -1.3943597E-07   3.4429611E-08  -5.2358094E-06  -3.0604474E-05  -8.0499624E-06  -3.8611666E-06   1.9408164E-06   1.3726163E-03  -2.1038604E-04  -9.1849432E-05   1.8117423E-02   2.1496135E-03  -4.4911080E-03  -2.4535660E-03   6.2167040E-04   4.0492581E-04  -3.0045921E-04   1.5915415E-03   2.8618150E-03   1.4296764E-03   2.8568816E-04   4.3152916E-05  -3.4934479E-04  -5.6297103E-05  -2.3914191E-04   3.9427755E-08   4.1941482E-08
 -2.1356152E-08   9.9067661E-08   5.0333085E-08   2.4755882E-06   2.1979992E-05   3.7816055E-06   1.1181040E-06  -2.9491565E-07  -1.4584896E-03  -8.2554258E-05  -5.5001310E-04   9.2941399E-03  -1.6099822E-03  -1.5947139E-03   4.3995436E-04   1.6988764E-03   6.6690053E-04  -1.0537012E-03  -2.6376069E-03  -2.2396270E-03   2.8568816E-04   8.8849012E-04   5.3513607E-05   7.4770785E-04   8.7342313E-05  -8.9282794E-04  -3.3632251E-07  -1.1323242E-07
 -3.2384744E-07   1.0431999E-06  -3.9993008E-07  -2.7713242E-08   2.3667233E-05   3.6474181E-06   1.3275992E-08   1.3239956E-07  -1.1741324E-02  -9.2572833E-05   8.9233052E-04  -9.5020595E-03   4.5546815E-03   5.8983509E-03   1.2643560E-02   1.5154945E-04   7.4675360E-04   7.5927749E-04   1.3120610E-03   1.1205031E-02   4.3152916E-05   5.3513607E-05   7.3443631E-03  -3.1920472E-04   5.0869908E-04   4.7462619E-03  -3.4253399E-07   3.8055235E-07
 -5.7694331E-08   1.6108938E-06   3.8445152E-07   2.8372357E-06   5.9944673E-05   1.5287078E-06   1.8296185E-06  -3.5799341E-06  -1.4424647E-03  -3.1303899E-04  -2.0512917E-03   7.6593712E-03  -5.8984122E-03  -5.5093649E-03   1.8901984E-03   2.3752463E-03  -2.3433780E-03  -1.9047373E-03  -8.6765234E-03  -1.0561362E-02  -3.4934479E-04   7.4770785E-04  -3.1920472E-04   2.8871856E-03   6.0039964E-04  -9.9951647E-04  -6.5717847E-07  -6.3914142E-07
 -6.6745539E-07  -2.7453222E-06   1.8602721E-07  -6.3837909E-06  -2.6066019E-04  -1.8932506E-05  -1.2319220E-05   1.0477156E-06  -2.9914454E-03   1.8052598E-04   1.8773115E-03  -3.5468826E-03   1.7061160E-02   1.9413464E-02   1.2519737E-02  -2.3113078E-03  -1.9702408E-03  -3.7293975E-03   2.3351460E-03   4.8561039E-03  -5.6297103E-05   8.7342313E-05   5.0869908E-04   6.0039964E-04   6.4108382E-03   7.3593205E-03   4.1568841E-07   7.1142585E-07
 -1.8703739E-06   1.0851065E-05  -2.0829827E-06  -8.0593120E-06   1.4707573E-04   7.4140436E-06  -2.8118585E-05  -1.2290544E-06  -3.4183822E-02   1.2295435E-03  -5.9179030E-03  -4.9512766E-03   3.5312032E-02  -1.6273573E-02   5.8539645E-03   1.3827851E-02   4.5115347E-03  -4.0942191E-03   2.7195338E-02   7.3703372E-02  -2.3914191E-04  -8.9282794E-04   4.7462619E-03  -9.9951647E-04   7.3593205E-03   7.0514183E-02  -8.7194435E-07   4.5635270E-06
  5.9888702E-09  -2.4754920E-08   2.1930755E-09   1.1855904E-07  -6.4471194E-07   3.5105082E-07  -5.8076681E-08   7.1774960E-09  -1.8355341E-04   5.9969844E-06   1.1302003E-04   3.6698620E-03  -7.9247831E-05   3.2313922E-04   3.3035495E-04  -5.0153658E-05   1.7464224E-04  -1.8479674E-04  -1.8406682E-05   6.2036407E-05   3.9427755E-08  -3.3632251E-07  -3.4253399E-07  -6.5717847E-07   4.1568841E-07  -8.7194435E-07   3.8133020E-07   5.4786144E-09
  5.8909611E-10   5.7681735E-08  -4.7429033E-09  -8.6538073E-08   3.5634917E-06  -7.8535762E-08   7.9425327E-08  -1.7333514E-08   7.6387436E-04  -5.6410043E-06  -2.1963442E-05   3.7982247E-04   2.0350480E-04  -3.4674181E-04  -1.3393464E-03  -1.8802830E-05   1.7244799E-05  -5.7852418E-05   3.9116267E-04   8.6017738E-04   4.1941482E-08  -1.1323242E-07   3.8055235E-07  -6.3914142E-07   7.1142585E-07   4.5635270E-06   5.4786144E-09   3.8810984E-07
