# omegabh2 omegach2 theta tau w wa logA ns calPlanck aps100 aps143 aps217 acib217 asz143 psr cibr xi aksz dust100 dust143 dust217 dust143x217 cal0 cal2 calTE calEE
  2.2124619E-08  -6.8717244E-08   1.3577851E-08   2.9974290E-07  -1.3411859E-07   6.2149167E-06   5.3518531E-07   2.3000908E-07   1.4070016E-08  -4.0957815E-04  -2.6570970E-04   7.0990046E-05  -1.1560513E-04   2.0066686E-05   9.0391509E-07  -1.6972773E-06   1.0117420E-06  -3.3891434E-05   1.6899501E-07  -4.3844641E-07   6.6778332E-07  -2.4824766E-07   3.6146159E-09  -6.1894532E-09  -9.7177968E-08  -2.4591164E-07
 -6.8717244E-08   1.1871393E-06  -9.0823151E-08  -3.2772778E-06   4.3972547E-06  -9.1741634E-05  -4.4830709E-06  -2.7259618E-06  -2.9060910E-07   5.0067371E-04   4.9017503E-04  -2.0430052E-04   2.2624696E-04  -5.9126885E-05  -3.4339026E-06   6.5063803E-06  -7.1447830E-06   1.4039270E-04   1.6512613E-06   7.9130230E-06  -1.3988230E-06  -4.3663319E-07  -6.6598068E-08   1.4416415E-08  -2.1249328E-07  -6.7446430E-07
  1.3577851E-08  -9.0823151E-08   9.1875826E-08   3.8415524E-07  -8.3141412E-07   1.2223658E-05   6.7563747E-07   3.3979796E-07   1.4749466E-08  -1.0340078E-04  -9.6646080E-05  -1.0396730E-04   3.1439248E-05   8.3822356E-06   3.6567618E-07  -7.6606188E-09   1.6012933E-07  -6.7188567E-06  -3.7609045E-07  -2.7505183E-07  -1.2490635E-07   6.8069830E-08   2.4480340E-09   1.1762258E-08  -6.3762833E-08   1.1971112E-08
  2.9974290E-07  -3.2772778E-06   3.8415524E-07   5.4104500E-05  -4.3726453E-05   4.0505842E-04   9.8555706E-05   1.0010541E-05  -6.6637080E-07  -1.1414031E-02  -4.7835371E-03   4.7334397E-04  -1.6483351E-03   5.6070224E-04   2.4936182E-05  -2.0924584E-05   3.0568688E-05  -8.2223631E-04  -8.7922560E-06   1.3864284E-05   2.6914032E-06  -6.3370860E-06  -1.6168007E-07  -1.2338149E-07  -3.2417285E-06  -1.8564276E-06
 -1.3411859E-07   4.3972547E-06  -8.3141412E-07  -4.3726453E-05   5.9483884E-03  -2.1011201E-02  -7.6299501E-05  -4.0703677E-06   1.5696885E-06  -4.6406868E-02  -1.6130265E-02   3.7205533E-03  -3.8654890E-03   1.9020740E-03   9.4362342E-05  -1.4017196E-04   9.5488984E-05  -1.2602536E-03   2.9878124E-04   4.5899150E-05   5.3003472E-05   3.7527333E-05  -1.4085991E-07   7.8763799E-07  -5.2465912E-06   4.0399519E-06
  6.2149167E-06  -9.1741634E-05   1.2223658E-05   4.0505842E-04  -2.1011201E-02   8.8336631E-02   6.5364610E-04   1.9305767E-04   1.6232637E-05   1.1456801E-01   1.0871051E-02  -5.4035921E-03   7.7872011E-04  -3.3364504E-03  -1.8229573E-04   2.0232589E-04   6.9870965E-06  -5.5946361E-03  -1.2170075E-03  -8.1467800E-04  -1.1923902E-04  -3.9130626E-04   5.7267051E-06  -2.2960742E-06   3.1029448E-05   1.4533425E-05
  5.3518531E-07  -4.4830709E-06   6.7563747E-07   9.8555706E-05  -7.6299501E-05   6.5364610E-04   2.0898350E-04   1.3623772E-05   1.0199706E-05  -1.6807842E-02  -7.2126392E-03   8.2706529E-03  -4.2412657E-03   1.1478877E-03   6.3635547E-05  -5.0288736E-05   1.1030783E-04  -2.2392363E-03  -4.4938630E-05  -4.0329875E-05   3.2843129E-05  -2.4452962E-05   1.6594647E-07  -3.0484298E-07  -6.2657643E-06  -2.5681354E-06
  2.3000908E-07  -2.7259618E-06   3.3979796E-07   1.0010541E-05  -4.0703677E-06   1.9305767E-04   1.3623772E-05   1.6575067E-05   7.6782249E-07  -2.2413407E-02  -6.7248941E-03   8.6432986E-03  -5.9108982E-03   6.5800613E-04   6.5843856E-05  -1.0228297E-04   8.4564289E-05  -2.2152582E-03  -2.0545179E-06  -4.5463374E-05   3.0269012E-05  -1.3567302E-05  -1.9206174E-07  -3.6666477E-07  -2.1064335E-07  -2.2018622E-06
  1.4070016E-08  -2.9060910E-07   1.4749466E-08  -6.6637080E-07   1.5696885E-06   1.6232637E-05   1.0199706E-05   7.6782249E-07   6.1534340E-06   2.8250745E-03   3.9881299E-04   1.4280809E-03   3.8948804E-04   4.6345648E-05  -9.4682930E-07   9.6179263E-06   1.3756273E-05  -5.2458799E-06  -6.1192365E-06   2.4199994E-06   9.3747382E-06   5.0075637E-07  -6.5562036E-09  -7.1086493E-08   1.5800245E-07   1.3767609E-07
 -4.0957815E-04   5.0067371E-04  -1.0340078E-04  -1.1414031E-02  -4.6406868E-02   1.1456801E-01  -1.6807842E-02  -2.2413407E-02   2.8250745E-03   6.0351544E+02   5.5166941E+01  -5.6708729E+01   3.1984250E+01  -2.4423308E+01  -7.7353396E-01  -9.7525657E-02  -1.7029103E-01   1.0007549E+01  -9.6633033E-02   3.1734011E-01  -3.0038790E-01  -2.6307195E-01   6.9345720E-03   2.7023266E-03   4.8949282E-03   7.3770181E-03
 -2.6570970E-04   4.9017503E-04  -9.6646080E-05  -4.7835371E-03  -1.6130265E-02   1.0871051E-02  -7.2126392E-03  -6.7248941E-03   3.9881299E-04   5.5166941E+01   6.6441404E+01   8.7816002E+00   6.8124483E+00  -1.8985773E-01  -8.9592749E-03   4.6511827E-01   9.3346826E-01  -8.3269202E+00  -4.1731466E-02  -2.2344008E-01   3.0708204E-02   4.1523963E-02   8.3345091E-04   5.8342395E-04   2.6947062E-03   5.0267810E-03
  7.0990046E-05  -2.0430052E-04  -1.0396730E-04   4.7334397E-04   3.7205533E-03  -5.4035921E-03   8.2706529E-03   8.6432986E-03   1.4280809E-03  -5.6708729E+01   8.7816002E+00   1.7493322E+02  -8.3039680E+01   2.6712433E+00   3.4016720E-01  -1.0691389E+00   3.2955134E-01  -7.2218760E+00  -5.3310699E-02  -2.5347193E-01   5.6020431E-01   1.3979167E-02   1.5572982E-03  -7.8361255E-03   2.0611718E-03   3.1327934E-03
 -1.1560513E-04   2.2624696E-04   3.1439248E-05  -1.6483351E-03  -3.8654890E-03   7.7872011E-04  -4.2412657E-03  -5.9108982E-03   3.8948804E-04   3.1984250E+01   6.8124483E+00  -8.3039680E+01   5.2044744E+01   1.6014778E+00  -4.7547765E-02   7.4164033E-01  -2.4924630E-01  -2.7270017E+00   2.7705645E-02   1.5705876E-01  -4.5800518E-01  -1.2788822E-01  -4.8273989E-04   3.1515196E-03  -4.8809181E-04   4.5620029E-05
  2.0066686E-05  -5.9126885E-05   8.3822356E-06   5.6070224E-04   1.9020740E-03  -3.3364504E-03   1.1478877E-03   6.5800613E-04   4.6345648E-05  -2.4423308E+01  -1.8985773E-01   2.6712433E+00   1.6014778E+00   4.1984339E+00   9.8375869E-02   1.5065366E-01  -4.3249504E-02  -3.4419132E+00  -3.4973962E-03  -6.3830159E-03   9.9197431E-03   5.1837934E-02   4.3172713E-04  -2.2397804E-04  -3.9878553E-04  -2.7815652E-04
  9.0391509E-07  -3.4339026E-06   3.6567618E-07   2.4936182E-05   9.4362342E-05  -1.8229573E-04   6.3635547E-05   6.5843856E-05  -9.4682930E-07  -7.7353396E-01  -8.9592749E-03   3.4016720E-01  -4.7547765E-02   9.8375869E-02   1.6025673E-02  -1.6390219E-02   1.1857036E-02  -9.7872959E-02  -3.7138614E-05  -6.2082026E-04  -2.5610355E-03   5.2547235E-03   1.5571212E-05  -3.9644908E-05   4.1277464E-06   3.5676525E-06
 -1.6972773E-06   6.5063803E-06  -7.6606188E-09  -2.0924584E-05  -1.4017196E-04   2.0232589E-04  -5.0288736E-05  -1.0228297E-04   9.6179263E-06  -9.7525657E-02   4.6511827E-01  -1.0691389E+00   7.4164033E-01   1.5065366E-01  -1.6390219E-02   6.7989103E-02   4.1025726E-03  -1.6382464E-01   5.6729793E-04   5.6587928E-03  -4.7380901E-04  -1.8035462E-02  -1.3856131E-06   1.0118258E-04  -2.3784960E-05  -1.2121365E-05
  1.0117420E-06  -7.1447830E-06   1.6012933E-07   3.0568688E-05   9.5488984E-05   6.9870965E-06   1.1030783E-04   8.4564289E-05   1.3756273E-05  -1.7029103E-01   9.3346826E-01   3.2955134E-01  -2.4924630E-01  -4.3249504E-02   1.1857036E-02   4.1025726E-03   8.3434652E-02   3.6234272E-02  -3.3309326E-04  -9.8815510E-05   1.0745161E-03   9.8325341E-04   1.5814165E-05  -5.0445786E-06   3.3094710E-05   2.4768232E-05
 -3.3891434E-05   1.4039270E-04  -6.7188567E-06  -8.2223631E-04  -1.2602536E-03  -5.5946361E-03  -2.2392363E-03  -2.2152582E-03  -5.2458799E-06   1.0007549E+01  -8.3269202E+00  -7.2218760E+00  -2.7270017E+00  -3.4419132E+00  -9.7872959E-02  -1.6382464E-01   3.6234272E-02   7.2525036E+00   5.1331127E-03  -2.2693086E-03   9.1903712E-05  -4.0309789E-02  -3.6799688E-04   9.2088306E-05  -3.1283768E-05  -2.6612459E-04
  1.6899501E-07   1.6512613E-06  -3.7609045E-07  -8.7922560E-06   2.9878124E-04  -1.2170075E-03  -4.4938630E-05  -2.0545179E-06  -6.1192365E-06  -9.6633033E-02  -4.1731466E-02  -5.3310699E-02   2.7705645E-02  -3.4973962E-03  -3.7138614E-05   5.6729793E-04  -3.3309326E-04   5.1331127E-03   3.8346773E-02   2.8332404E-03  -1.4091923E-04   4.5304474E-04   3.8847834E-05   1.0748420E-07  -1.0320938E-05  -2.1300000E-05
 -4.3844641E-07   7.9130230E-06  -2.7505183E-07   1.3864284E-05   4.5899150E-05  -8.1467800E-04  -4.0329875E-05  -4.5463374E-05   2.4199994E-06   3.1734011E-01  -2.2344008E-01  -2.5347193E-01   1.5705876E-01  -6.3830159E-03  -6.2082026E-04   5.6587928E-03  -9.8815510E-05  -2.2693086E-03   2.8332404E-03   3.0595920E-02  -8.0025978E-04   5.2876962E-03  -8.0741737E-05  -4.1457137E-05  -8.5730185E-05  -7.9092241E-05
  6.6778332E-07  -1.3988230E-06  -1.2490635E-07   2.6914032E-06   5.3003472E-05  -1.1923902E-04   3.2843129E-05   3.0269012E-05   9.3747382E-06  -3.0038790E-01   3.0708204E-02   5.6020431E-01  -4.5800518E-01   9.9197431E-03  -2.5610355E-03  -4.7380901E-04   1.0745161E-03   9.1903712E-05  -1.4091923E-04  -8.0025978E-04   1.0754476E-02   8.5291654E-03   3.7799649E-06   6.2748450E-05   2.5461167E-06   2.0722090E-06
 -2.4824766E-07  -4.3663319E-07   6.8069830E-08  -6.3370860E-06   3.7527333E-05  -3.9130626E-04  -2.4452962E-05  -1.3567302E-05   5.0075637E-07  -2.6307195E-01   4.1523963E-02   1.3979167E-02  -1.2788822E-01   5.1837934E-02   5.2547235E-03  -1.8035462E-02   9.8325341E-04  -4.0309789E-02   4.5304474E-04   5.2876962E-03   8.5291654E-03   2.6110770E-02  -5.7359295E-06   5.7862558E-05  -1.9964202E-05  -2.5875801E-06
  3.6146159E-09  -6.6598068E-08   2.4480340E-09  -1.6168007E-07  -1.4085991E-07   5.7267051E-06   1.6594647E-07  -1.9206174E-07  -6.5562036E-09   6.9345720E-03   8.3345091E-04   1.5572982E-03  -4.8273989E-04   4.3172713E-04   1.5571212E-05  -1.3856131E-06   1.5814165E-05  -3.6799688E-04   3.8847834E-05  -8.0741737E-05   3.7799649E-06  -5.7359295E-06   1.1214006E-06   5.3338238E-08   3.8513313E-07   6.1414749E-07
 -6.1894532E-09   1.4416415E-08   1.1762258E-08  -1.2338149E-07   7.8763799E-07  -2.2960742E-06  -3.0484298E-07  -3.6666477E-07  -7.1086493E-08   2.7023266E-03   5.8342395E-04  -7.8361255E-03   3.1515196E-03  -2.2397804E-04  -3.9644908E-05   1.0118258E-04  -5.0445786E-06   9.2088306E-05   1.0748420E-07  -4.1457137E-05   6.2748450E-05   5.7862558E-05   5.3338238E-08   2.4688680E-06   2.6934255E-07   2.7316815E-07
 -9.7177968E-08  -2.1249328E-07  -6.3762833E-08  -3.2417285E-06  -5.2465912E-06   3.1029448E-05  -6.2657643E-06  -2.1064335E-07   1.5800245E-07   4.8949282E-03   2.6947062E-03   2.0611718E-03  -4.8809181E-04  -3.9878553E-04   4.1277464E-06  -2.3784960E-05   3.3094710E-05  -3.1283768E-05  -1.0320938E-05  -8.5730185E-05   2.5461167E-06  -1.9964202E-05   3.8513313E-07   2.6934255E-07   2.4361194E-05   8.6334260E-06
 -2.4591164E-07  -6.7446430E-07   1.1971112E-08  -1.8564276E-06   4.0399519E-06   1.4533425E-05  -2.5681354E-06  -2.2018622E-06   1.3767609E-07   7.3770181E-03   5.0267810E-03   3.1327934E-03   4.5620029E-05  -2.7815652E-04   3.5676525E-06  -1.2121365E-05   2.4768232E-05  -2.6612459E-04  -2.1300000E-05  -7.9092241E-05   2.0722090E-06  -2.5875801E-06   6.1414749E-07   2.7316815E-07   8.6334260E-06   2.4349688E-05
