# omegabh2 omegach2 theta tau mnu nnu logA ns calPlanck aps100 aps143 aps217 acib217 asz143 psr cibr xi aksz dust100 dust143 dust217 dust143x217 cal0 cal2
  5.3577066E-08   4.3005424E-07  -2.8148472E-08   2.7666111E-07   2.3623254E-06   3.0743360E-05   1.8082689E-06   1.2436622E-06   1.6310069E-08   1.7119607E-04   1.8116388E-05  -1.0273195E-04   6.0114323E-05   1.9841807E-06  -6.4435514E-08   1.0714314E-06  -7.7984359E-08   9.4807937E-06   1.0529092E-06   9.8642160E-07   7.2417370E-09   3.4150172E-07  -1.2443909E-09   1.0259305E-08
  4.3005424E-07   1.6255710E-05  -1.6132231E-06   9.8317845E-08   1.7984015E-05   9.1860176E-04   4.1573480E-05   2.5606692E-05  -1.0863071E-07   2.2445833E-02   1.3831069E-02  -3.8186300E-03   6.6009234E-03  -6.7858712E-04  -3.2463950E-05   1.0865472E-04  -4.3813399E-05   1.4660476E-03   3.0680838E-05   2.3954529E-05  -2.4175744E-05   1.5969084E-05  -2.9469300E-08   6.5201614E-07
 -2.8148472E-08  -1.6132231E-06   3.4478344E-07   3.0606811E-08  -3.1626327E-06  -9.6825878E-05  -3.8513372E-06  -2.6302324E-06   1.9993004E-08  -2.4832021E-03  -1.4872677E-03   5.1850098E-04  -7.6840786E-04   6.9245618E-05   3.4685374E-06  -1.1920894E-05   4.1788729E-06  -1.6180176E-04  -3.7352562E-06  -2.2109302E-06   2.9940885E-06  -2.1832810E-06   3.9222861E-09  -7.5700021E-08
  2.7666111E-07   9.8317845E-08   3.0606811E-08   6.3573313E-05   4.8822213E-05   1.1161581E-04   1.2802706E-04   1.0144520E-05   7.6279523E-08  -6.4582217E-03  -3.2508186E-03   1.4021821E-03  -1.6318961E-03   1.3901940E-04   2.5019408E-05  -2.9060998E-05   4.7820107E-05  -6.3009809E-04  -6.9176780E-06  -1.4254038E-06  -3.1921492E-06  -1.7106005E-05   1.7381678E-08  -3.1228912E-07
  2.3623254E-06   1.7984015E-05  -3.1626327E-06   4.8822213E-05   2.9679823E-03   2.9382129E-03   1.4811265E-04   1.4737123E-04   2.7617979E-06   9.8486203E-02   4.2227786E-02  -3.3042794E-02   3.2423176E-02  -1.3088926E-03  -2.5713371E-04   7.5219972E-04  -3.1048487E-04   8.3099769E-03   2.4656773E-07   1.1518692E-04  -9.6545551E-05  -3.1718438E-05   4.4382346E-07   3.9441950E-06
  3.0743360E-05   9.1860176E-04  -9.6825878E-05   1.1161581E-04   2.9382129E-03   5.7783299E-02   2.5786985E-03   1.8271508E-03  -1.8197059E-06   1.4328198E+00   8.5212527E-01  -2.7338697E-01   4.2284799E-01  -4.3586530E-02  -2.1462802E-03   6.8854926E-03  -2.3585919E-03   9.6068377E-02   1.8769964E-03   1.7218545E-03  -1.5658911E-03   1.0804401E-03  -1.2544428E-06   4.1383408E-05
  1.8082689E-06   4.1573480E-05  -3.8513372E-06   1.2802706E-04   1.4811265E-04   2.5786985E-03   3.9355608E-04   8.5754864E-05   1.2782184E-05   4.6392162E-02   2.9398218E-02   1.5886461E-03   1.1723891E-02  -1.2977007E-03   3.0780333E-06   1.4800110E-04   2.6369933E-05   1.4183724E-03   3.5682815E-05  -4.6018345E-05  -4.1410268E-05  -5.7614507E-06   5.8842251E-07   9.9407137E-07
  1.2436622E-06   2.5606692E-05  -2.6302324E-06   1.0144520E-05   1.4737123E-04   1.8271508E-03   8.5754864E-05   7.6425071E-05   3.7934965E-07   2.1558769E-02   1.9001872E-02   5.9227458E-04   6.8463825E-03  -8.8724290E-04  -5.5967785E-06   9.4940751E-05  -1.2922998E-05   1.1061354E-03   7.2615757E-05   3.1780828E-05  -1.7024275E-05   2.8837162E-05  -3.7290680E-07   9.1065510E-07
  1.6310069E-08  -1.0863071E-07   1.9993004E-08   7.6279523E-08   2.7617979E-06  -1.8197059E-06   1.2782184E-05   3.7934965E-07   6.3788448E-06   1.7349866E-03   1.1951063E-04   1.5203055E-03   3.8346760E-04   3.2584741E-05   1.9484573E-06  -6.0514127E-06   1.6301511E-06  -4.9172403E-05  -3.6716927E-06  -4.3919004E-06   6.5724548E-06  -5.5438635E-07  -9.1138929E-09  -1.4906443E-08
  1.7119607E-04   2.2445833E-02  -2.4832021E-03  -6.4582217E-03   9.8486203E-02   1.4328198E+00   4.6392162E-02   2.1558769E-02   1.7349866E-03   6.4918175E+02   8.1453115E+01  -6.8096395E+01   4.4172574E+01  -2.5790365E+01  -8.9611585E-01   2.0177989E-01  -2.5814585E-01   1.4184411E+01  -1.8203695E-01   3.0626317E-01  -2.9544200E-01  -2.1678711E-01   6.7057665E-03   4.6604113E-03
  1.8116388E-05   1.3831069E-02  -1.4872677E-03  -3.2508186E-03   4.2227786E-02   8.5212527E-01   2.9398218E-02   1.9001872E-02   1.1951063E-04   8.1453115E+01   8.1859895E+01   4.9794750E+00   1.3224269E+01  -1.1549087E+00  -5.0827806E-02   5.8263649E-01   8.4889122E-01  -6.5964709E+00  -6.7677600E-03  -2.1590811E-01   3.3458234E-02   7.7261186E-02   8.7091941E-04   1.4296699E-03
 -1.0273195E-04  -3.8186300E-03   5.1850098E-04   1.4021821E-03  -3.3042794E-02  -2.7338697E-01   1.5886461E-03   5.9227458E-04   1.5203055E-03  -6.8096395E+01   4.9794750E+00   1.8405381E+02  -8.9234289E+01   2.6968311E+00   4.0448238E-01  -1.1384866E+00   3.5282801E-01  -8.2087171E+00  -4.6276275E-02  -2.5504156E-01   6.0409311E-01   6.1862378E-02   1.6038865E-03  -8.2139380E-03
  6.0114323E-05   6.6009234E-03  -7.6840786E-04  -1.6318961E-03   3.2423176E-02   4.2284799E-01   1.1723891E-02   6.8463825E-03   3.8346760E-04   4.4172574E+01   1.3224269E+01  -8.9234289E+01   5.7483169E+01   1.3371963E+00  -9.4670192E-02   7.9853024E-01  -2.8316824E-01  -1.6362078E+00   3.1260157E-02   1.5831412E-01  -4.8687191E-01  -1.4433076E-01  -5.4249559E-04   3.5863287E-03
  1.9841807E-06  -6.7858712E-04   6.9245618E-05   1.3901940E-04  -1.3088926E-03  -4.3586530E-02  -1.2977007E-03  -8.8724290E-04   3.2584741E-05  -2.5790365E+01  -1.1549087E+00   2.6968311E+00   1.3371963E+00   4.2490493E+00   1.0373034E-01   1.3083334E-01  -3.8341810E-02  -3.5140285E+00  -1.1495873E-03  -5.4911109E-03   7.4317026E-03   5.0817446E-02   4.3857308E-04  -2.9019815E-04
 -6.4435514E-08  -3.2463950E-05   3.4685374E-06   2.5019408E-05  -2.5713371E-04  -2.1462802E-03   3.0780333E-06  -5.5967785E-06   1.9484573E-06  -8.9611585E-01  -5.0827806E-02   4.0448238E-01  -9.4670192E-02   1.0373034E-01   1.6727241E-02  -1.7447329E-02   1.1972500E-02  -1.0938494E-01  -2.4875856E-04  -1.5130533E-03  -2.1908806E-03   5.6872238E-03   1.9009641E-05  -4.1049234E-05
  1.0714314E-06   1.0865472E-04  -1.1920894E-05  -2.9060998E-05   7.5219972E-04   6.8854926E-03   1.4800110E-04   9.4940751E-05  -6.0514127E-06   2.0177989E-01   5.8263649E-01  -1.1384866E+00   7.9853024E-01   1.3083334E-01  -1.7447329E-02   6.5845136E-02   3.9216140E-03  -1.2329775E-01   8.2531466E-04   6.8105454E-03  -1.0795085E-03  -1.8018927E-02  -8.2983619E-06   9.7426707E-05
 -7.7984359E-08  -4.3813399E-05   4.1788729E-06   4.7820107E-05  -3.1048487E-04  -2.3585919E-03   2.6369933E-05  -1.2922998E-05   1.6301511E-06  -2.5814585E-01   8.4889122E-01   3.5282801E-01  -2.8316824E-01  -3.8341810E-02   1.1972500E-02   3.9216140E-03   8.3220219E-02   3.8601863E-02  -5.4551381E-04  -1.2973927E-04   1.2668026E-03   8.6692766E-04   1.5143433E-05  -8.9907663E-06
  9.4807937E-06   1.4660476E-03  -1.6180176E-04  -6.3009809E-04   8.3099769E-03   9.6068377E-02   1.4183724E-03   1.1061354E-03  -4.9172403E-05   1.4184411E+01  -6.5964709E+00  -8.2087171E+00  -1.6362078E+00  -3.5140285E+00  -1.0938494E-01  -1.2329775E-01   3.8601863E-02   7.4980654E+00   3.1205787E-03   5.6380398E-03  -6.7076026E-03  -4.6644156E-02  -3.4127246E-04   2.0219879E-04
  1.0529092E-06   3.0680838E-05  -3.7352562E-06  -6.9176780E-06   2.4656773E-07   1.8769964E-03   3.5682815E-05   7.2615757E-05  -3.6716927E-06  -1.8203695E-01  -6.7677600E-03  -4.6276275E-02   3.1260157E-02  -1.1495873E-03  -2.4875856E-04   8.2531466E-04  -5.4551381E-04   3.1205787E-03   3.7902147E-02   3.1124679E-03  -1.9375514E-04   6.2712910E-04   3.2863915E-05  -5.4318492E-06
  9.8642160E-07   2.3954529E-05  -2.2109302E-06  -1.4254038E-06   1.1518692E-04   1.7218545E-03  -4.6018345E-05   3.1780828E-05  -4.3919004E-06   3.0626317E-01  -2.1590811E-01  -2.5504156E-01   1.5831412E-01  -5.4911109E-03  -1.5130533E-03   6.8105454E-03  -1.2973927E-04   5.6380398E-03   3.1124679E-03   3.1122743E-02  -7.2072879E-04   5.3432669E-03  -8.2336295E-05  -4.7583708E-05
  7.2417370E-09  -2.4175744E-05   2.9940885E-06  -3.1921492E-06  -9.6545551E-05  -1.5658911E-03  -4.1410268E-05  -1.7024275E-05   6.5724548E-06  -2.9544200E-01   3.3458234E-02   6.0409311E-01  -4.8687191E-01   7.4317026E-03  -2.1908806E-03  -1.0795085E-03   1.2668026E-03  -6.7076026E-03  -1.9375514E-04  -7.2072879E-04   1.0958713E-02   8.8430049E-03   3.6112551E-06   5.9841684E-05
  3.4150172E-07   1.5969084E-05  -2.1832810E-06  -1.7106005E-05  -3.1718438E-05   1.0804401E-03  -5.7614507E-06   2.8837162E-05  -5.5438635E-07  -2.1678711E-01   7.7261186E-02   6.1862378E-02  -1.4433076E-01   5.0817446E-02   5.6872238E-03  -1.8018927E-02   8.6692766E-04  -4.6644156E-02   6.2712910E-04   5.3432669E-03   8.8430049E-03   2.6767397E-02  -4.3095797E-06   5.6345627E-05
 -1.2443909E-09  -2.9469300E-08   3.9222861E-09   1.7381678E-08   4.4382346E-07  -1.2544428E-06   5.8842251E-07  -3.7290680E-07  -9.1138929E-09   6.7057665E-03   8.7091941E-04   1.6038865E-03  -5.4249559E-04   4.3857308E-04   1.9009641E-05  -8.2983619E-06   1.5143433E-05  -3.4127246E-04   3.2863915E-05  -8.2336295E-05   3.6112551E-06  -4.3095797E-06   1.1131370E-06   5.3499064E-08
  1.0259305E-08   6.5201614E-07  -7.5700021E-08  -3.1228912E-07   3.9441950E-06   4.1383408E-05   9.9407137E-07   9.1065510E-07  -1.4906443E-08   4.6604113E-03   1.4296699E-03  -8.2139380E-03   3.5863287E-03  -2.9019815E-04  -4.1049234E-05   9.7426707E-05  -8.9907663E-06   2.0219879E-04  -5.4318492E-06  -4.7583708E-05   5.9841684E-05   5.6345627E-05   5.3499064E-08   2.5092173E-06
