# omegabh2 omegach2 theta tau mnu logA ns calPlanck acib217 xi asz143 aps100 aps143 aps143217 aps217 aksz kgal100 kgal143 kgal143217 kgal217 cal0 cal2
    0.6624494E-07   -0.3398352E-06    0.7784698E-07    0.5855767E-06   -0.3028752E-04    0.7163076E-06    0.1077881E-05    0.4343347E-07   -0.2677675E-03    0.5010865E-05    0.8339720E-04   -0.1229156E-02   -0.7220356E-03   -0.1909780E-03    0.1075036E-05   -0.1105103E-03   -0.1686693E-05    0.3101281E-05   -0.8971006E-05    0.3880137E-04    0.7000734E-08   -0.2700893E-07
   -0.3398352E-06    0.5160944E-05   -0.6535094E-06   -0.7775709E-05    0.1809357E-03   -0.4953421E-05   -0.1261056E-04   -0.3712627E-06    0.9590433E-03   -0.3758992E-05   -0.2928401E-03    0.4033633E-02    0.3389581E-02    0.1778217E-02    0.5225767E-03    0.3552520E-03   -0.2316088E-04    0.1245629E-04    0.6526049E-04   -0.7160832E-04   -0.5339004E-07    0.1261390E-06
    0.7784698E-07   -0.6535094E-06    0.2741994E-06    0.9868451E-06   -0.5094753E-04    0.1041177E-05    0.1989823E-05    0.6756754E-07   -0.2224810E-03    0.9633627E-06    0.7073285E-04   -0.1148243E-02   -0.7055896E-03   -0.2782071E-03   -0.3476633E-04   -0.9763509E-04   -0.7072620E-05   -0.1236677E-04   -0.4914729E-04   -0.2250206E-04    0.6504805E-08   -0.3154051E-07
    0.5855767E-06   -0.7775709E-05    0.9868451E-06    0.1375787E-03    0.1176958E-03    0.2565288E-03    0.2466001E-04    0.3054464E-06   -0.6195658E-02    0.1136041E-03    0.1250657E-02   -0.2567395E-01   -0.1047842E-01   -0.4833520E-03    0.4893571E-02   -0.2389123E-02   -0.1170361E-04   -0.5056061E-03   -0.1173551E-02    0.4057478E-05   -0.8320432E-08   -0.5584290E-06
   -0.3028752E-04    0.1809357E-03   -0.5094753E-04    0.1176958E-03    0.5091418E-01    0.3877370E-03   -0.7058746E-03   -0.2234866E-05    0.1876795E+00   -0.3046199E-02   -0.3859292E-01    0.8017227E+00    0.3830000E+00    0.9622269E-01   -0.5366619E-01    0.7437217E-01    0.5529931E-02    0.8816850E-02    0.3628923E-01    0.1895740E-01   -0.5817402E-06    0.2702061E-04
    0.7163076E-06   -0.4953421E-05    0.1041177E-05    0.2565288E-03    0.3877370E-03    0.5282402E-03    0.2320643E-04    0.1242934E-04   -0.1156411E-01    0.3083794E-03    0.1968102E-02   -0.4128917E-01   -0.1395466E-01    0.5527057E-02    0.1710277E-01   -0.5309379E-02   -0.3015990E-03   -0.1656298E-02   -0.3031993E-02    0.1191136E-02    0.1413997E-06   -0.1109503E-05
    0.1077881E-05   -0.1261056E-04    0.1989823E-05    0.2466001E-04   -0.7058746E-03    0.2320643E-04    0.4348703E-04    0.9814189E-06   -0.7924625E-02    0.1403031E-03    0.2111572E-02   -0.3915069E-01   -0.1550954E-01   -0.6482115E-03    0.5516454E-02   -0.3799679E-02    0.2347981E-03   -0.2288232E-03   -0.7162452E-03    0.7830899E-03   -0.4845046E-07   -0.7836934E-06
    0.4343347E-07   -0.3712627E-06    0.6756754E-07    0.3054464E-06   -0.2234866E-05    0.1242934E-04    0.9814189E-06    0.6257375E-05    0.7138125E-03    0.6990753E-05   -0.9169528E-04    0.3989821E-02    0.1564465E-03   -0.1090778E-03    0.8487493E-03    0.5205076E-04    0.6255084E-04   -0.1765289E-04   -0.1203249E-03    0.6803677E-03   -0.1065838E-08   -0.2763871E-07
   -0.2677675E-03    0.9590433E-03   -0.2224810E-03   -0.6195658E-02    0.1876795E+00   -0.1156411E-01   -0.7924625E-02    0.7138125E-03    0.4384489E+02   -0.4897001E+00   -0.2134551E+01    0.4881830E+02    0.2301354E+01   -0.2157593E+02   -0.6124742E+02    0.1005663E+01   -0.7268681E-01    0.2457489E-02   -0.2153089E+01   -0.1870694E+02   -0.2792689E-03    0.4337399E-02
    0.5010865E-05   -0.3758992E-05    0.9633627E-06    0.1136041E-03   -0.3046199E-02    0.3083794E-03    0.1403031E-03    0.6990753E-05   -0.4897001E+00    0.8138569E-01   -0.7670128E-01   -0.4876472E+00    0.9524779E+00    0.1793689E+01    0.7320896E+00    0.6387339E-01   -0.9599095E-03    0.7078920E-02    0.9885850E-01    0.1245724E+00    0.4614913E-05   -0.1057423E-04
    0.8339720E-04   -0.2928401E-03    0.7073285E-04    0.1250657E-02   -0.3859292E-01    0.1968102E-02    0.2111572E-02   -0.9169528E-04   -0.2134551E+01   -0.7670128E-01    0.3873906E+01   -0.3024262E+02   -0.4238374E+01    0.8057962E+01    0.7309653E+01   -0.2925288E+01   -0.1913343E+00    0.4563206E-01    0.2469818E+01    0.2382826E+01    0.1988638E-03   -0.4030719E-03
   -0.1229156E-02    0.4033633E-02   -0.1148243E-02   -0.2567395E-01    0.8017227E+00   -0.4128917E-01   -0.3915069E-01    0.3989821E-02    0.4881830E+02   -0.4876472E+00   -0.3024262E+02    0.7726394E+03    0.7408094E+02   -0.6121240E+02   -0.7671290E+02    0.1568831E+02   -0.2746803E+01    0.3223552E+01   -0.1269680E+02   -0.1985676E+02    0.5959655E-02    0.4697707E-02
   -0.7220356E-03    0.3389581E-02   -0.7055896E-03   -0.1047842E-01    0.3830000E+00   -0.1395466E-01   -0.1550954E-01    0.1564465E-03    0.2301354E+01    0.9524779E+00   -0.4238374E+01    0.7408094E+02    0.6578267E+02    0.4566278E+02    0.1846989E+02   -0.4144161E+01   -0.1571474E+00   -0.1200092E+01    0.3621300E+01    0.3323637E+01    0.4213372E-04    0.4279142E-03
   -0.1909780E-03    0.1778217E-02   -0.2782071E-03   -0.4833520E-03    0.9622269E-01    0.5527057E-02   -0.6482115E-03   -0.1090778E-03   -0.2157593E+02    0.1793689E+01    0.8057962E+01   -0.6121240E+02    0.4566278E+02    0.1001755E+03    0.7002114E+02   -0.1303604E+02   -0.7154893E+00   -0.5846396E+00    0.5142099E+01    0.6411653E+01    0.7440674E-03   -0.2445481E-02
    0.1075036E-05    0.5225767E-03   -0.3476633E-04    0.4893571E-02   -0.5366619E-01    0.1710277E-01    0.5516454E-02    0.8487493E-03   -0.6124742E+02    0.7320896E+00    0.7309653E+01   -0.7671290E+02    0.1846989E+02    0.7002114E+02    0.1241131E+03   -0.1151767E+02   -0.3126469E+00   -0.4937835E+00   -0.1722234E+00    0.1552831E+02    0.7666571E-03   -0.7622845E-02
   -0.1105103E-03    0.3552520E-03   -0.9763509E-04   -0.2389123E-02    0.7437217E-01   -0.5309379E-02   -0.3799679E-02    0.5205076E-04    0.1005663E+01    0.6387339E-01   -0.2925288E+01    0.1568831E+02   -0.4144161E+01   -0.1303604E+02   -0.1151767E+02    0.6534379E+01    0.1489692E+00    0.1291561E-02   -0.1991697E+01   -0.1725617E+01   -0.1655510E-03    0.2548528E-03
   -0.1686693E-05   -0.2316088E-04   -0.7072620E-05   -0.1170361E-04    0.5529931E-02   -0.3015990E-03    0.2347981E-03    0.6255084E-04   -0.7268681E-01   -0.9599095E-03   -0.1913343E+00   -0.2746803E+01   -0.1571474E+00   -0.7154893E+00   -0.3126469E+00    0.1489692E+00    0.3503648E+01    0.4883671E+00    0.2934121E+00    0.4263938E+00    0.2845872E-03   -0.7071410E-06
    0.3101281E-05    0.1245629E-04   -0.1236677E-04   -0.5056061E-03    0.8816850E-02   -0.1656298E-02   -0.2288232E-03   -0.1765289E-04    0.2457489E-02    0.7078920E-02    0.4563206E-01    0.3223552E+01   -0.1200092E+01   -0.5846396E+00   -0.4937835E+00    0.1291561E-02    0.4883671E+00    0.3432272E+01    0.2655845E+01    0.1831719E+01   -0.2813264E-03   -0.2456453E-03
   -0.8971006E-05    0.6526049E-04   -0.4914729E-04   -0.1173551E-02    0.3628923E-01   -0.3031993E-02   -0.7162452E-03   -0.1203249E-03   -0.2153089E+01    0.9885850E-01    0.2469818E+01   -0.1269680E+02    0.3621300E+01    0.5142099E+01   -0.1722234E+00   -0.1991697E+01    0.2934121E+00    0.2655845E+01    0.1760738E+02    0.2620306E+02    0.1724921E-04    0.2538718E-02
    0.3880137E-04   -0.7160832E-04   -0.2250206E-04    0.4057478E-05    0.1895740E-01    0.1191136E-02    0.7830899E-03    0.6803677E-03   -0.1870694E+02    0.1245724E+00    0.2382826E+01   -0.1985676E+02    0.3323637E+01    0.6411653E+01    0.1552831E+02   -0.1725617E+01    0.4263938E+00    0.1831719E+01    0.2620306E+02    0.5500867E+02    0.1042386E-03    0.4595180E-02
    0.7000734E-08   -0.5339004E-07    0.6504805E-08   -0.8320432E-08   -0.5817402E-06    0.1413997E-06   -0.4845046E-07   -0.1065838E-08   -0.2792689E-03    0.4614913E-05    0.1988638E-03    0.5959655E-02    0.4213372E-04    0.7440674E-03    0.7666571E-03   -0.1655510E-03    0.2845872E-03   -0.2813264E-03    0.1724921E-04    0.1042386E-03    0.6023041E-06   -0.2359923E-08
   -0.2700893E-07    0.1261390E-06   -0.3154051E-07   -0.5584290E-06    0.2702061E-04   -0.1109503E-05   -0.7836934E-06   -0.2763871E-07    0.4337399E-02   -0.1057423E-04   -0.4030719E-03    0.4697707E-02    0.4279142E-03   -0.2445481E-02   -0.7622845E-02    0.2548528E-03   -0.7071410E-06   -0.2456453E-03    0.2538718E-02    0.4595180E-02   -0.2359923E-08    0.2100654E-05
