# omegabh2 omegach2 theta tau nnu yhe logA ns calPlanck acib217 xi asz143 aps100 aps143 aps143217 aps217 aksz kgal100 kgal143 kgal143217 kgal217 galfEE100 galfEE100143 galfEE100217 galfEE143 galfEE143217 galfEE217 galfTE100 galfTE100143 galfTE100217 galfTE143 galfTE143217 galfTE217 cal0 cal2
    0.3877641E-07    0.1558972E-06    0.1537202E-07    0.1122963E-05    0.1415148E-04    0.1027861E-05    0.2954829E-05    0.1070959E-05    0.8847682E-09    0.7059611E-04   -0.2051005E-05   -0.5584247E-05    0.3142200E-03    0.7801805E-04    0.2395902E-05   -0.3702730E-04    0.1006234E-04    0.5674158E-05    0.8564945E-05    0.2850742E-05   -0.1886835E-04    0.6364938E-07    0.6391851E-07   -0.1296186E-06    0.5407106E-07   -0.2171522E-06   -0.3618210E-06   -0.4592259E-07   -0.9594302E-07   -0.2002549E-06   -0.4113560E-06   -0.8152741E-06   -0.2024023E-05   -0.2263361E-08    0.6002654E-08
    0.1558972E-06    0.2187180E-04   -0.5300746E-05   -0.1142741E-04    0.1329613E-02   -0.6013595E-04    0.1741689E-04    0.1116813E-04    0.8267275E-07    0.3427228E-03   -0.3262937E-04   -0.7196379E-04    0.2856289E-02   -0.4557422E-03   -0.1914226E-02   -0.1754220E-02    0.3677038E-03   -0.1926122E-03   -0.8232922E-04    0.1050366E-03    0.3107474E-03    0.1652866E-05    0.1945153E-05    0.2676403E-05    0.2221468E-05   -0.1944691E-06   -0.3004942E-05    0.3231054E-05    0.1393389E-05   -0.3418207E-05    0.1618222E-05   -0.2220985E-05    0.2603762E-04    0.1002205E-06    0.2428995E-07
    0.1537202E-07   -0.5300746E-05    0.1614814E-05    0.3791291E-05   -0.3350600E-03    0.2092938E-04   -0.5497311E-06   -0.7387305E-06    0.1776334E-07    0.5512063E-03   -0.5247125E-05   -0.1001587E-03    0.1777667E-02    0.1240519E-02    0.6261228E-03    0.1079275E-03    0.1207384E-03    0.9130514E-04    0.8836512E-04    0.9079010E-04   -0.5130965E-04   -0.4239928E-06   -0.5360657E-06   -0.9878632E-06   -0.6291603E-06   -0.7881498E-06   -0.1057340E-05   -0.9234061E-06   -0.3296519E-06    0.5881367E-07   -0.5126471E-06    0.2298204E-06   -0.5077310E-05   -0.4838520E-07    0.6752306E-07
    0.1122963E-05   -0.1142741E-04    0.3791291E-05    0.2927890E-03   -0.3653174E-03    0.6667527E-04    0.5654915E-03    0.4361526E-04   -0.3663619E-05   -0.6901608E-02    0.2006278E-03    0.5633737E-03   -0.2258617E-01   -0.6105071E-02    0.3881364E-02    0.7846108E-02   -0.2838112E-02   -0.3966169E-03   -0.6363541E-03   -0.2137932E-02   -0.1943153E-02    0.9926831E-06    0.9537696E-06   -0.5348818E-05   -0.1115054E-05   -0.5659537E-05   -0.2725606E-04    0.2148289E-05   -0.2556668E-05   -0.1522640E-04   -0.2013414E-04   -0.1603668E-04   -0.8763773E-04   -0.3575254E-06   -0.6292317E-06
    0.1415148E-04    0.1329613E-02   -0.3350600E-03   -0.3653174E-03    0.8515116E-01   -0.3854175E-02    0.1666884E-02    0.8953733E-03    0.5657023E-05    0.5843626E-02   -0.1751790E-02   -0.2991498E-03    0.1028877E+00   -0.7366738E-01   -0.1355261E+00   -0.1109600E+00    0.1674956E-01   -0.1077066E-01   -0.4570222E-02    0.3598829E-02    0.1615285E-01    0.1251312E-03    0.1476213E-03    0.1451993E-03    0.1609685E-03   -0.1562220E-04   -0.2656282E-03    0.2023020E-03    0.7630542E-04   -0.2118230E-03   -0.1006900E-04   -0.3171367E-03    0.8984058E-03    0.6579842E-05   -0.1098781E-05
    0.1027861E-05   -0.6013595E-04    0.2092938E-04    0.6667527E-04   -0.3854175E-02    0.3372378E-03    0.6379760E-04    0.3008870E-04    0.3580053E-08    0.1540262E-01   -0.2564724E-03   -0.2776639E-02    0.5521527E-01    0.3184242E-01    0.1110029E-01   -0.1694654E-02    0.4325012E-02    0.1631134E-02    0.1726870E-02    0.2310534E-02   -0.1200183E-02   -0.4140053E-05   -0.6072764E-05   -0.1886343E-04   -0.7016160E-05   -0.2283069E-04   -0.3860561E-04   -0.1258086E-04   -0.7783391E-05   -0.7013550E-05   -0.1146477E-04    0.1967419E-05   -0.3449040E-04   -0.9736041E-06    0.1592065E-05
    0.2954829E-05    0.1741689E-04   -0.5497311E-06    0.5654915E-03    0.1666884E-02    0.6379760E-04    0.1203892E-02    0.1206823E-03    0.5413058E-05   -0.9239297E-02    0.3331370E-03    0.3303610E-03   -0.2133290E-01   -0.4014436E-02    0.8791165E-02    0.1619785E-01   -0.4534675E-02   -0.1298544E-02   -0.1707576E-02   -0.3784338E-02   -0.1535978E-02    0.5611017E-05    0.5824932E-05   -0.8581420E-05    0.2927277E-05   -0.1684538E-04   -0.6844796E-04    0.3701914E-05   -0.7290028E-05   -0.4435849E-04   -0.3642740E-04   -0.3880488E-04   -0.1077994E-03   -0.4730701E-06   -0.8390084E-06
    0.1070959E-05    0.1116813E-04   -0.7387305E-06    0.4361526E-04    0.8953733E-03    0.3008870E-04    0.1206823E-03    0.5698769E-04    0.1677455E-06    0.1904754E-02   -0.5382776E-04   -0.2604422E-03    0.3074601E-02    0.5367571E-02    0.3317995E-02    0.2172671E-02   -0.2229306E-04    0.7306707E-03    0.4831495E-03    0.2493349E-03   -0.1432957E-03    0.4388345E-05    0.4499660E-05   -0.4253562E-05    0.4306219E-05   -0.9168461E-05   -0.2700308E-04    0.6166464E-06   -0.1690765E-06   -0.8139789E-05   -0.9120689E-05   -0.1692360E-04   -0.2083409E-04   -0.3738397E-06    0.1480919E-06
    0.8847682E-09    0.8267275E-07    0.1776334E-07   -0.3663619E-05    0.5657023E-05    0.3580053E-08    0.5413058E-05    0.1677455E-06    0.6213419E-05    0.8993387E-03    0.8917773E-05   -0.1563503E-04    0.3436600E-02    0.8804268E-03    0.4838969E-03    0.9604440E-03    0.1986564E-04   -0.6977953E-04   -0.4781727E-04    0.1233611E-03    0.1028788E-02    0.5529855E-06    0.4518993E-06   -0.5818943E-06    0.1000504E-05    0.5338744E-06    0.1375151E-05   -0.2772075E-05   -0.1501445E-05   -0.1628488E-05    0.1794747E-05   -0.2769443E-06    0.1033345E-04   -0.9333854E-08    0.5190708E-07
    0.7059611E-04    0.3427228E-03    0.5512063E-03   -0.6901608E-02    0.5843626E-02    0.1540262E-01   -0.9239297E-02    0.1904754E-02    0.8993387E-03    0.4389585E+02   -0.5364578E+00   -0.2087208E+01    0.4735160E+02    0.2614613E+01   -0.2190492E+02   -0.6109548E+02    0.1062520E+01    0.1490509E+00    0.6722924E-01   -0.2000571E+01   -0.1800995E+02   -0.4418614E-03   -0.6605276E-03   -0.8800665E-03    0.1092217E-03   -0.3466203E-02   -0.7708267E-02   -0.1051703E-02   -0.4199426E-02    0.1302513E-03   -0.1669051E-04   -0.3920591E-02    0.9863907E-03   -0.4413004E-03    0.4434441E-02
   -0.2051005E-05   -0.3262937E-04   -0.5247125E-05    0.2006278E-03   -0.1751790E-02   -0.2564724E-03    0.3331370E-03   -0.5382776E-04    0.8917773E-05   -0.5364578E+00    0.8039295E-01   -0.6431688E-01   -0.6059918E+00    0.9472571E+00    0.1859800E+01    0.7878240E+00    0.6527476E-01   -0.1369260E-01    0.5788619E-02    0.1032584E+00    0.1229550E+00    0.2981976E-05    0.1400426E-04    0.3813805E-04    0.2438416E-05    0.3514459E-04    0.4417901E-04   -0.3380957E-05    0.1998945E-03    0.1051345E-03    0.2158006E-03    0.2787688E-03   -0.2714666E-03    0.9740199E-05   -0.2132510E-04
   -0.5584247E-05   -0.7196379E-04   -0.1001587E-03    0.5633737E-03   -0.2991498E-03   -0.2776639E-02    0.3303610E-03   -0.2604422E-03   -0.1563503E-04   -0.2087208E+01   -0.6431688E-01    0.3689634E+01   -0.2956075E+02   -0.4310399E+01    0.7545575E+01    0.7046146E+01   -0.2573920E+01   -0.1699480E+00    0.7386063E-01    0.2231363E+01    0.2076081E+01    0.1921902E-03    0.1938777E-03    0.2194141E-03    0.4626332E-03   -0.8838105E-04    0.2696101E-02    0.9111616E-03    0.2707787E-03    0.2203667E-03    0.1854235E-03    0.1299903E-02   -0.3111272E-02    0.2085998E-03   -0.3825962E-03
    0.3142200E-03    0.2856289E-02    0.1777667E-02   -0.2258617E-01    0.1028877E+00    0.5521527E-01   -0.2133290E-01    0.3074601E-02    0.3436600E-02    0.4735160E+02   -0.6059918E+00   -0.2956075E+02    0.7903304E+03    0.7703411E+02   -0.5876390E+02   -0.7411664E+02    0.1415791E+02   -0.3621475E+01    0.3055373E+01   -0.1085158E+02   -0.1559471E+02   -0.5338808E-02   -0.3207155E-02   -0.1052723E-01   -0.3187263E-02   -0.8617589E-02   -0.2945663E-01    0.7670024E-02   -0.6412349E-03    0.1082158E-01   -0.7020371E-02   -0.8275505E-02    0.1091868E+00    0.5776637E-02    0.4722674E-02
    0.7801805E-04   -0.4557422E-03    0.1240519E-02   -0.6105071E-02   -0.7366738E-01    0.3184242E-01   -0.4014436E-02    0.5367571E-02    0.8804268E-03    0.2614613E+01    0.9472571E+00   -0.4310399E+01    0.7703411E+02    0.6382386E+02    0.4406831E+02    0.1555322E+02   -0.2883683E+01    0.1376018E-01   -0.8073769E+00    0.3871112E+01    0.3591885E+01   -0.8959583E-03   -0.8676154E-03   -0.1436917E-02   -0.3171770E-03   -0.7599936E-02   -0.1399485E-01    0.4581184E-02    0.7240778E-02   -0.5316272E-02    0.9438471E-02    0.1041797E-01    0.4246806E-01    0.1194305E-04    0.4142830E-03
    0.2395902E-05   -0.1914226E-02    0.6261228E-03    0.3881364E-02   -0.1355261E+00    0.1110029E-01    0.8791165E-02    0.3317995E-02    0.4838969E-03   -0.2190492E+02    0.1859800E+01    0.7545575E+01   -0.5876390E+02    0.4406831E+02    0.9868543E+02    0.6733202E+02   -0.1091339E+02   -0.5908463E+00   -0.9835322E-01    0.4629285E+01    0.5373602E+01    0.1716379E-03    0.2643588E-03    0.2193340E-02    0.9569237E-03   -0.3671361E-02    0.2053745E-02    0.8066723E-02    0.1110060E-01   -0.1362477E-02    0.1102526E-01    0.1487009E-01    0.4405618E-02    0.8298321E-03   -0.2628268E-02
   -0.3702730E-04   -0.1754220E-02    0.1079275E-03    0.7846108E-02   -0.1109600E+00   -0.1694654E-02    0.1619785E-01    0.2172671E-02    0.9604440E-03   -0.6109548E+02    0.7878240E+00    0.7046146E+01   -0.7411664E+02    0.1555322E+02    0.6733202E+02    0.1210870E+03   -0.1024394E+02   -0.2649081E+00   -0.1401682E+00   -0.5540942E+00    0.1434412E+02    0.6028574E-03    0.7056944E-03    0.3025790E-02    0.3490958E-03   -0.1701312E-03    0.1769915E-01    0.6749998E-02    0.9297373E-02   -0.4225254E-02    0.4829465E-02    0.7201315E-02    0.3743316E-02    0.9146954E-03   -0.7742788E-02
    0.1006234E-04    0.3677038E-03    0.1207384E-03   -0.2838112E-02    0.1674956E-01    0.4325012E-02   -0.4534675E-02   -0.2229306E-04    0.1986564E-04    0.1062520E+01    0.6527476E-01   -0.2573920E+01    0.1415791E+02   -0.2883683E+01   -0.1091339E+02   -0.1024394E+02    0.5723322E+01    0.6295432E-01   -0.5115757E-01   -0.1507881E+01   -0.1308175E+01   -0.2381887E-03   -0.4166896E-03   -0.2005508E-02   -0.6296161E-03    0.3976540E-03   -0.4070643E-02   -0.2832236E-02   -0.1667533E-02    0.5368539E-03   -0.1527355E-02   -0.4374063E-03    0.5019230E-02   -0.1567226E-03    0.2608503E-03
    0.5674158E-05   -0.1926122E-03    0.9130514E-04   -0.3966169E-03   -0.1077066E-01    0.1631134E-02   -0.1298544E-02    0.7306707E-03   -0.6977953E-04    0.1490509E+00   -0.1369260E-01   -0.1699480E+00   -0.3621475E+01    0.1376018E-01   -0.5908463E+00   -0.2649081E+00    0.6295432E-01    0.3534080E+01    0.4922882E+00    0.1342064E+00    0.1069608E+00    0.2793491E-03   -0.5044247E-04   -0.5085759E-03    0.1104125E-03   -0.3607242E-03    0.1033434E-02   -0.1486033E-02   -0.4210366E-03   -0.2046533E-02    0.4694482E-03   -0.2704326E-02   -0.4016315E-02    0.3046908E-03   -0.3237376E-04
    0.8564945E-05   -0.8232922E-04    0.8836512E-04   -0.6363541E-03   -0.4570222E-02    0.1726870E-02   -0.1707576E-02    0.4831495E-03   -0.4781727E-04    0.6722924E-01    0.5788619E-02    0.7386063E-01    0.3055373E+01   -0.8073769E+00   -0.9835322E-01   -0.1401682E+00   -0.5115757E-01    0.4922882E+00    0.3395740E+01    0.2650260E+01    0.1876236E+01   -0.6953058E-04   -0.7028805E-04   -0.2411996E-03    0.1372459E-03    0.8485152E-03    0.3663623E-03   -0.2805668E-03   -0.1298679E-02    0.1703651E-02   -0.9184135E-03    0.9207010E-03   -0.3870764E-03   -0.2799228E-03   -0.2188335E-03
    0.2850742E-05    0.1050366E-03    0.9079010E-04   -0.2137932E-02    0.3598829E-02    0.2310534E-02   -0.3784338E-02    0.2493349E-03    0.1233611E-03   -0.2000571E+01    0.1032584E+00    0.2231363E+01   -0.1085158E+02    0.3871112E+01    0.4629285E+01   -0.5540942E+00   -0.1507881E+01    0.1342064E+00    0.2650260E+01    0.1735230E+02    0.2607107E+02   -0.1124170E-03   -0.1080437E-04   -0.1828965E-02    0.9393696E-04   -0.1636789E-03   -0.2207203E-02    0.1243010E-02    0.8238054E-03   -0.1106049E-02    0.2182549E-02    0.4501797E-02    0.6425778E-02    0.3460197E-04    0.2631592E-02
   -0.1886835E-04    0.3107474E-03   -0.5130965E-04   -0.1943153E-02    0.1615285E-01   -0.1200183E-02   -0.1535978E-02   -0.1432957E-03    0.1028788E-02   -0.1800995E+02    0.1229550E+00    0.2076081E+01   -0.1559471E+02    0.3591885E+01    0.5373602E+01    0.1434412E+02   -0.1308175E+01    0.1069608E+00    0.1876236E+01    0.2607107E+02    0.5489837E+02    0.2085793E-03    0.3752153E-03   -0.3214116E-02    0.5326625E-04    0.1482320E-02   -0.9133999E-02    0.1073903E-02    0.3562627E-02   -0.2691030E-02    0.5010744E-02    0.5418717E-02    0.1387008E-02    0.1860780E-03    0.4735497E-02
    0.6364938E-07    0.1652866E-05   -0.4239928E-06    0.9926831E-06    0.1251312E-03   -0.4140053E-05    0.5611017E-05    0.4388345E-05    0.5529855E-06   -0.4418614E-03    0.2981976E-05    0.1921902E-03   -0.5338808E-02   -0.8959583E-03    0.1716379E-03    0.6028574E-03   -0.2381887E-03    0.2793491E-03   -0.6953058E-04   -0.1124170E-03    0.2085793E-03    0.3254727E-04    0.8445451E-05   -0.5276634E-05    0.3114681E-05   -0.3898039E-05    0.3667676E-06   -0.1442302E-05   -0.6251818E-06   -0.8471732E-05   -0.3726210E-07   -0.1144484E-05   -0.1191243E-04   -0.5769693E-07   -0.3534060E-07
    0.6391851E-07    0.1945153E-05   -0.5360657E-06    0.9537696E-06    0.1476213E-03   -0.6072764E-05    0.5824932E-05    0.4499660E-05    0.4518993E-06   -0.6605276E-03    0.1400426E-04    0.1938777E-03   -0.3207155E-02   -0.8676154E-03    0.2643588E-03    0.7056944E-03   -0.4166896E-03   -0.5044247E-04   -0.7028805E-04   -0.1080437E-04    0.3752153E-03    0.8445451E-05    0.2481098E-04    0.1078802E-05    0.1227505E-04    0.2060803E-05   -0.7182069E-05   -0.1694784E-05   -0.1442218E-05   -0.2235577E-05   -0.4351975E-05   -0.9142326E-05    0.9911384E-06   -0.5339123E-07   -0.9554706E-07
   -0.1296186E-06    0.2676403E-05   -0.9878632E-06   -0.5348818E-05    0.1451993E-03   -0.1886343E-04   -0.8581420E-05   -0.4253562E-05   -0.5818943E-06   -0.8800665E-03    0.3813805E-04    0.2194141E-03   -0.1052723E-01   -0.1436917E-02    0.2193340E-02    0.3025790E-02   -0.2005508E-02   -0.5085759E-03   -0.2411996E-03   -0.1828965E-02   -0.3214116E-02   -0.5276634E-05    0.1078802E-05    0.1060540E-02    0.9893104E-07    0.3592041E-04    0.3348776E-04    0.2348884E-04    0.2172180E-04    0.2125088E-04    0.7351289E-05    0.6714270E-05   -0.6524392E-04   -0.7360328E-07   -0.6599786E-06
    0.5407106E-07    0.2221468E-05   -0.6291603E-06   -0.1115054E-05    0.1609685E-03   -0.7016160E-05    0.2927277E-05    0.4306219E-05    0.1000504E-05    0.1092217E-03    0.2438416E-05    0.4626332E-03   -0.3187263E-02   -0.3171770E-03    0.9569237E-03    0.3490958E-03   -0.6296161E-03    0.1104125E-03    0.1372459E-03    0.9393696E-04    0.5326625E-04    0.3114681E-05    0.1227505E-04    0.9893104E-07    0.4791832E-04    0.1423766E-06    0.6649010E-05    0.7833471E-06   -0.3533721E-05   -0.1775307E-06   -0.5789653E-05   -0.3185830E-06    0.2279429E-04   -0.8263982E-07   -0.1307478E-06
   -0.2171522E-06   -0.1944691E-06   -0.7881498E-06   -0.5659537E-05   -0.1562220E-04   -0.2283069E-04   -0.1684538E-04   -0.9168461E-05    0.5338744E-06   -0.3466203E-02    0.3514459E-04   -0.8838105E-04   -0.8617589E-02   -0.7599936E-02   -0.3671361E-02   -0.1701312E-03    0.3976540E-03   -0.3607242E-03    0.8485152E-03   -0.1636789E-03    0.1482320E-02   -0.3898039E-05    0.2060803E-05    0.3592041E-04    0.1423766E-06    0.2109449E-02    0.6588091E-04   -0.6225487E-05    0.1901186E-05   -0.2181008E-04    0.6164883E-04   -0.1479542E-04   -0.1602236E-03   -0.4203705E-06    0.1629727E-07
   -0.3618210E-06   -0.3004942E-05   -0.1057340E-05   -0.2725606E-04   -0.2656282E-03   -0.3860561E-04   -0.6844796E-04   -0.2700308E-04    0.1375151E-05   -0.7708267E-02    0.4417901E-04    0.2696101E-02   -0.2945663E-01   -0.1399485E-01    0.2053745E-02    0.1769915E-01   -0.4070643E-02    0.1033434E-02    0.3663623E-03   -0.2207203E-02   -0.9133999E-02    0.3667676E-06   -0.7182069E-05    0.3348776E-04    0.6649010E-05    0.6588091E-04    0.1738462E-01   -0.8405670E-04    0.3186823E-04   -0.3797777E-04    0.1574107E-03    0.5611953E-04    0.3617015E-03    0.1727197E-05   -0.2615575E-05
   -0.4592259E-07    0.3231054E-05   -0.9234061E-06    0.2148289E-05    0.2023020E-03   -0.1258086E-04    0.3701914E-05    0.6166464E-06   -0.2772075E-05   -0.1051703E-02   -0.3380957E-05    0.9111616E-03    0.7670024E-02    0.4581184E-02    0.8066723E-02    0.6749998E-02   -0.2832236E-02   -0.1486033E-02   -0.2805668E-03    0.1243010E-02    0.1073903E-02   -0.1442302E-05   -0.1694784E-05    0.2348884E-04    0.7833471E-06   -0.6225487E-05   -0.8405670E-04    0.1444323E-02    0.3146300E-03    0.9698501E-04   -0.3752493E-03   -0.4352438E-04   -0.1108752E-03   -0.4900675E-07   -0.1656799E-06
   -0.9594302E-07    0.1393389E-05   -0.3296519E-06   -0.2556668E-05    0.7630542E-04   -0.7783391E-05   -0.7290028E-05   -0.1690765E-06   -0.1501445E-05   -0.4199426E-02    0.1998945E-03    0.2707787E-03   -0.6412349E-03    0.7240778E-02    0.1110060E-01    0.9297373E-02   -0.1667533E-02   -0.4210366E-03   -0.1298679E-02    0.8238054E-03    0.3562627E-02   -0.6251818E-06   -0.1442218E-05    0.2172180E-04   -0.3533721E-05    0.1901186E-05    0.3186823E-04    0.3146300E-03    0.8919853E-03    0.6409707E-04    0.7777034E-03    0.7101560E-04   -0.6392499E-03    0.2179252E-06    0.3210266E-06
   -0.2002549E-06   -0.3418207E-05    0.5881367E-07   -0.1522640E-04   -0.2118230E-03   -0.7013550E-05   -0.4435849E-04   -0.8139789E-05   -0.1628488E-05    0.1302513E-03    0.1051345E-03    0.2203667E-03    0.1082158E-01   -0.5316272E-02   -0.1362477E-02   -0.4225254E-02    0.5368539E-03   -0.2046533E-02    0.1703651E-02   -0.1106049E-02   -0.2691030E-02   -0.8471732E-05   -0.2235577E-05    0.2125088E-04   -0.1775307E-06   -0.2181008E-04   -0.3797777E-04    0.9698501E-04    0.6409707E-04    0.7103409E-02   -0.2328204E-03    0.7292888E-03    0.4761531E-02   -0.3204193E-06    0.1123594E-06
   -0.4113560E-06    0.1618222E-05   -0.5126471E-06   -0.2013414E-04   -0.1006900E-04   -0.1146477E-04   -0.3642740E-04   -0.9120689E-05    0.1794747E-05   -0.1669051E-04    0.2158006E-03    0.1854235E-03   -0.7020371E-02    0.9438471E-02    0.1102526E-01    0.4829465E-02   -0.1527355E-02    0.4694482E-03   -0.9184135E-03    0.2182549E-02    0.5010744E-02   -0.3726210E-07   -0.4351975E-05    0.7351289E-05   -0.5789653E-05    0.6164883E-04    0.1574107E-03   -0.3752493E-03    0.7777034E-03   -0.2328204E-03    0.2940230E-02    0.5145129E-03   -0.8384641E-03    0.2871298E-06    0.9701756E-06
   -0.8152741E-06   -0.2220985E-05    0.2298204E-06   -0.1603668E-04   -0.3171367E-03    0.1967419E-05   -0.3880488E-04   -0.1692360E-04   -0.2769443E-06   -0.3920591E-02    0.2787688E-03    0.1299903E-02   -0.8275505E-02    0.1041797E-01    0.1487009E-01    0.7201315E-02   -0.4374063E-03   -0.2704326E-02    0.9207010E-03    0.4501797E-02    0.5418717E-02   -0.1144484E-05   -0.9142326E-05    0.6714270E-05   -0.3185830E-06   -0.1479542E-04    0.5611953E-04   -0.4352438E-04    0.7101560E-04    0.7292888E-03    0.5145129E-03    0.6355120E-02    0.7820169E-02   -0.1362710E-06   -0.3772174E-06
   -0.2024023E-05    0.2603762E-04   -0.5077310E-05   -0.8763773E-04    0.8984058E-03   -0.3449040E-04   -0.1077994E-03   -0.2083409E-04    0.1033345E-04    0.9863907E-03   -0.2714666E-03   -0.3111272E-02    0.1091868E+00    0.4246806E-01    0.4405618E-02    0.3743316E-02    0.5019230E-02   -0.4016315E-02   -0.3870764E-03    0.6425778E-02    0.1387008E-02   -0.1191243E-04    0.9911384E-06   -0.6524392E-04    0.2279429E-04   -0.1602236E-03    0.3617015E-03   -0.1108752E-03   -0.6392499E-03    0.4761531E-02   -0.8384641E-03    0.7820169E-02    0.6676596E-01   -0.9393533E-06   -0.5379890E-05
   -0.2263361E-08    0.1002205E-06   -0.4838520E-07   -0.3575254E-06    0.6579842E-05   -0.9736041E-06   -0.4730701E-06   -0.3738397E-06   -0.9333854E-08   -0.4413004E-03    0.9740199E-05    0.2085998E-03    0.5776637E-02    0.1194305E-04    0.8298321E-03    0.9146954E-03   -0.1567226E-03    0.3046908E-03   -0.2799228E-03    0.3460197E-04    0.1860780E-03   -0.5769693E-07   -0.5339123E-07   -0.7360328E-07   -0.8263982E-07   -0.4203705E-06    0.1727197E-05   -0.4900675E-07    0.2179252E-06   -0.3204193E-06    0.2871298E-06   -0.1362710E-06   -0.9393533E-06    0.6098129E-06   -0.1081920E-07
    0.6002654E-08    0.2428995E-07    0.6752306E-07   -0.6292317E-06   -0.1098781E-05    0.1592065E-05   -0.8390084E-06    0.1480919E-06    0.5190708E-07    0.4434441E-02   -0.2132510E-04   -0.3825962E-03    0.4722674E-02    0.4142830E-03   -0.2628268E-02   -0.7742788E-02    0.2608503E-03   -0.3237376E-04   -0.2188335E-03    0.2631592E-02    0.4735497E-02   -0.3534060E-07   -0.9554706E-07   -0.6599786E-06   -0.1307478E-06    0.1629727E-07   -0.2615575E-05   -0.1656799E-06    0.3210266E-06    0.1123594E-06    0.9701756E-06   -0.3772174E-06   -0.5379890E-05   -0.1081920E-07    0.2137169E-05
