# omegabh2 omegach2 theta tau logA ns calPlanck acib217 xi asz143 aps100 aps143 aps143217 aps217 aksz kgal100 kgal143 kgal143217 kgal217 galfTE100 galfTE100143 galfTE100217 galfTE143 galfTE143217 galfTE217 cal0 cal2 DES_b1 DES_b2 DES_b3 DES_b4 DES_b5 DES_m1 DES_m2 DES_m3 DES_m4 DES_AIA DES_alphaIA DES_DzL1 DES_DzL2 DES_DzL3 DES_DzL4 DES_DzL5 DES_DzS1 DES_DzS2 DES_DzS3 DES_DzS4
  1.9379678E-08  -6.3665657E-08   1.2228353E-08   2.7379035E-07   5.2684313E-07   1.9732081E-07   2.4981959E-08  -8.1810366E-05   1.8450835E-06   1.8007859E-05  -3.8723917E-04  -2.1368279E-04  -7.1286387E-05   4.7495185E-06  -3.5030898E-05   3.5036962E-06  -6.7547402E-06  -5.1616676E-06   2.8057359E-05   1.3295373E-07   1.7996621E-08  -5.3854782E-08  -3.0846501E-07  -5.8749170E-07  -2.2308958E-06   1.0747959E-09  -7.1379853E-10  -2.6440780E-07  -1.0661774E-07  -2.0508319E-07  -1.0754332E-07  -4.7430790E-07   1.4372585E-08   2.2304111E-08   3.5358578E-07   2.1721970E-07  -1.1277885E-08   2.2381851E-05   3.8773154E-08  -6.9865909E-09  -1.0582174E-08   3.6927601E-09   1.7522205E-09  -1.1016433E-08   4.5236765E-08   8.1388722E-08   1.8689135E-07
 -6.3665657E-08   1.0049315E-06  -7.0652554E-08  -3.5038473E-06  -5.1731429E-06  -2.5306647E-06  -2.8718902E-07   1.0375070E-04  -2.2465873E-06  -7.0580510E-05   1.1643335E-03   7.4898993E-04   4.4019579E-04   3.0161229E-04   8.1480069E-05  -1.9421816E-05   2.1522216E-05  -2.9929733E-05  -1.4508186E-04  -2.5276983E-07   1.1890620E-07  -9.7795002E-07   1.6701183E-06   2.5661095E-06   1.1712014E-05   1.0935922E-08  -4.9794699E-09   4.2179176E-06   1.0781722E-06   8.2745215E-07   1.0470358E-06   2.3952366E-06   1.0566205E-07  -4.3986494E-07  -4.4103898E-06  -3.1963081E-06   2.7254901E-07  -3.0077401E-04  -2.3684132E-07  -2.2415450E-07  -1.9872021E-08  -2.4840914E-07  -2.6323578E-07   2.7953182E-07  -6.4434061E-07  -1.2745448E-06  -2.0543506E-06
  1.2228353E-08  -7.0652554E-08   8.7516863E-08   3.1978655E-07   6.2307014E-07   2.8154810E-07   2.8600027E-08   1.8420885E-05   5.8379187E-07  -3.1092176E-06  -6.8487998E-06  -7.1696321E-05  -4.0552666E-05  -5.7785770E-05   2.8800708E-06   3.3632218E-06   4.8655399E-06  -1.8851482E-05  -3.9793115E-05   1.7527000E-07  -5.8066941E-09  -1.1513969E-07  -4.5025450E-07  -8.4302237E-07  -2.2109027E-06   1.7016169E-09   1.1270566E-09  -8.2018964E-07  -4.2265930E-07  -6.0366452E-07  -5.2627814E-07  -9.6725339E-07  -2.5447642E-08  -1.1292664E-07   3.7611124E-07   1.9657530E-07   2.3782431E-07   3.3411387E-05   1.0240039E-08   1.6375892E-08   1.2526653E-08   1.1906231E-08   2.8507255E-08  -6.0857936E-08   8.0245499E-08   1.4774781E-07   3.2024914E-07
  2.7379035E-07  -3.5038473E-06   3.1978655E-07   5.7285690E-05   1.0333676E-04   1.1036767E-05  -9.3914343E-07  -1.3706515E-03  -1.0031194E-05   5.4810039E-04  -9.0262846E-03  -5.0467945E-03  -2.9548843E-03  -1.7442616E-03  -6.9176799E-04  -1.4524102E-04  -1.5857584E-04   2.3262350E-04   8.8250693E-04  -2.2319654E-06  -3.8313409E-07   5.1978134E-06   1.3045103E-06  -1.3244414E-05  -2.5742995E-05  -7.5837059E-08  -5.5314770E-08  -7.4666337E-05  -7.1230976E-05  -7.7259043E-05  -9.1403235E-05  -1.0782763E-04  -9.8924731E-07   7.7610481E-07   3.0375248E-06  -7.0505483E-07   1.8966456E-05   2.3493047E-05   1.0465740E-06   4.4937759E-07  -6.9011611E-08  -2.0449282E-07   3.9709629E-07   3.8323944E-06   1.0647384E-06  -9.4743894E-07  -1.8539254E-06
  5.2684313E-07  -5.1731429E-06   6.2307014E-07   1.0333676E-04   2.1481853E-04   1.6256274E-05   9.5973151E-06  -3.0020118E-03   4.2622043E-06   9.7307103E-04  -1.5142990E-02  -7.8549406E-03  -2.8063993E-03   3.2744563E-03  -2.0646993E-03  -4.9286041E-04  -8.5057720E-04  -2.7437081E-04   2.7778134E-03  -5.8572991E-06   6.0328987E-07   5.1092515E-06   8.0285961E-06  -2.8366389E-05  -3.0032484E-05  -2.5487354E-08  -1.2246375E-07  -1.5735824E-04  -1.5289029E-04  -1.6538135E-04  -2.0001543E-04  -2.2690815E-04  -9.9840166E-07  -3.0520817E-07  -4.5403265E-06  -8.0495970E-06   3.2010285E-05  -4.3725461E-04   1.2750698E-06  -1.0019842E-07   1.3460300E-08  -9.8758540E-07  -2.2701555E-08   6.7266412E-06   9.6437731E-07  -3.7239851E-06  -8.9655338E-06
  1.9732081E-07  -2.5306647E-06   2.8154810E-07   1.1036767E-05   1.6256274E-05   1.5153815E-05   8.1382513E-07  -3.9902191E-03   8.9115766E-05   8.9174400E-04  -2.2472058E-02  -6.7862122E-03   6.4084760E-04   3.6303559E-03  -2.0860513E-03   3.3231027E-04  -3.2358293E-04  -1.1074633E-04   1.7596938E-03  -8.5200295E-07   8.1600107E-07   1.4859199E-06  -5.1462739E-06  -6.5423696E-06  -2.9040541E-05  -1.3213550E-07  -1.8326915E-08  -1.2973787E-05  -6.9501660E-06  -4.3863689E-06  -7.0702224E-06  -9.5202679E-06  -9.1889522E-07   2.9463255E-07   1.0196448E-05   6.4234915E-06  -6.6070243E-07   6.5180931E-04   3.7521534E-07   5.7344557E-07   9.1620854E-08   7.2317611E-07   2.5517812E-07  -2.2172918E-07   1.4117167E-06   2.3949027E-06   5.0564459E-06
  2.4981959E-08  -2.8718902E-07   2.8600027E-08  -9.3914343E-07   9.5973151E-06   8.1382513E-07   6.0683611E-06   6.5009729E-04  -1.2989934E-05   2.2986255E-05   2.3028141E-03   1.5449199E-04   8.8716261E-05   1.3439095E-03  -6.8304510E-05   5.0524387E-05  -4.7181458E-05  -1.1041098E-04   6.4971225E-04  -1.0993771E-06   4.9795213E-07  -1.5136672E-06   1.3247407E-06  -3.3237007E-06   2.3248406E-07  -2.1070392E-08   2.7856219E-09  -8.6225822E-06  -6.3996937E-06  -6.0215841E-06  -9.1291562E-06  -8.1691921E-06   7.2187354E-08  -1.7731360E-07  -2.1159059E-07   1.0293334E-07  -2.2798315E-06   1.0895188E-04  -2.1402288E-07  -1.4208139E-07   5.6740668E-08  -4.7158621E-08   4.5505267E-09  -5.5191665E-07   1.0220232E-07   4.2079381E-07  -3.7351234E-07
 -8.1810366E-05   1.0375070E-04   1.8420885E-05  -1.3706515E-03  -3.0020118E-03  -3.9902191E-03   6.5009729E-04   4.4893056E+01  -3.8872736E-01  -8.4711952E-01   3.5224643E+01   1.4664100E+00  -1.3142202E+01  -5.5415798E+01  -1.3561693E-01   4.7121358E-02   4.3608446E-01  -6.1088429E+00  -3.4087218E+01  -8.9394510E-06   1.8191715E-03   8.7447508E-05   9.2338446E-03  -8.1417702E-03  -1.0390399E-02  -1.8282146E-04   7.2361876E-04  -6.0444295E-03  -5.0173551E-04   4.0144269E-03   6.2989492E-03  -9.7162819E-03   3.3335755E-04  -7.6709745E-04   2.0182010E-03  -1.2980156E-03  -2.8113586E-02  -2.1066314E-01  -1.8515833E-04   3.4768386E-05   3.3863483E-04  -1.0168247E-03  -8.6237308E-05  -8.4412123E-05  -8.3440547E-04  -3.7560198E-05  -7.6278278E-04
  1.8450835E-06  -2.2465873E-06   5.8379187E-07  -1.0031194E-05   4.2622043E-06   8.9115766E-05  -1.2989934E-05  -3.8872736E-01   8.1782675E-02  -3.3388921E-02  -6.6495014E-01   9.1377059E-01   1.7135343E+00   6.2929851E-01   3.1528435E-02  -1.9686158E-02   1.6018167E-02   1.2671705E-01   1.6359592E-01   2.0881183E-05  -7.4571626E-05  -6.9710188E-05  -4.8189961E-04  -6.9959065E-05  -9.2514333E-04   3.0899740E-06  -1.3727824E-07   4.0194695E-04   1.0648899E-04  -1.9889442E-04   7.3609439E-05   2.7563433E-04   3.8009191E-05   1.0089997E-05   7.1491194E-05   1.5248390E-04   5.5159893E-04   5.5132244E-03   1.3013736E-05  -2.3540100E-05  -2.2854376E-06  -2.7312935E-05  -5.9663919E-05   4.6275850E-05   2.2575896E-05   1.6086742E-05  -1.3551724E-05
  1.8007859E-05  -7.0580510E-05  -3.1092176E-06   5.4810039E-04   9.7307103E-04   8.9174400E-04   2.2986255E-05  -8.4711952E-01  -3.3388921E-02   3.8539140E+00  -3.0579215E+01  -3.1872139E+00   7.7595164E+00   5.3265496E+00  -2.6636451E+00  -2.0727661E-01   1.6939034E-01   2.6721348E+00   3.3242331E+00  -7.4510029E-05   4.6919079E-04   2.9148013E-03  -1.4266667E-03   1.3195438E-03  -2.0259847E-03   1.2498643E-04  -1.9149064E-05  -3.5854314E-04  -1.0866766E-03   3.5457843E-04  -1.1037245E-03  -1.4503131E-03  -3.0002154E-04  -3.8101702E-05   2.2911493E-04   2.2930911E-04  -7.2349059E-04  -6.6500821E-02  -1.0535258E-04  -1.6030753E-04   1.3631490E-05   1.1523721E-04   8.8139876E-05   4.0465130E-04  -1.1528815E-04   1.0354964E-04   5.6845692E-04
 -3.8723917E-04   1.1643335E-03  -6.8487998E-06  -9.0262846E-03  -1.5142990E-02  -2.2472058E-02   2.3028141E-03   3.5224643E+01  -6.6495014E-01  -3.0579215E+01   7.7875677E+02   6.5335292E+01  -5.6189961E+01  -5.8972263E+01   1.3365082E+01  -6.7720734E+00   5.3892268E+00  -1.3671953E+01  -2.5961160E+01   9.0419350E-03  -6.1497645E-03  -3.1722364E-02   1.0277365E-02  -3.9116858E-02  -1.1815663E-01   3.5645058E-03   4.0702414E-04  -1.4639973E-02   1.6229558E-02   8.0251560E-03   6.2273963E-03   3.1216651E-03   1.8195055E-03  -5.2272301E-03  -7.0733986E-03  -2.2566761E-04   6.6400559E-02   1.1478433E+00  -1.0588710E-03   2.6153532E-03   3.5635754E-04  -1.2635876E-03  -9.2275883E-04   8.4654652E-04   4.2095501E-03   3.2288099E-04  -1.4365523E-02
 -2.1368279E-04   7.4898993E-04  -7.1696321E-05  -5.0467945E-03  -7.8549406E-03  -6.7862122E-03   1.5449199E-04   1.4664100E+00   9.1377059E-01  -3.1872139E+00   6.5335292E+01   6.0235071E+01   3.9899736E+01   1.5059528E+01  -4.9043573E+00  -6.3027214E-01  -1.3312898E+00   3.3527679E+00   3.9954417E+00   1.0618357E-03  -1.6582415E-04  -4.1499867E-03  -1.5587726E-03   2.6449929E-03   2.2587065E-03   9.6506659E-05   1.2127503E-04   4.5076936E-03   8.0587866E-03   4.7613290E-04   2.0907328E-03   6.3087188E-03  -1.3397126E-03   1.2967235E-03  -2.6251801E-03  -2.5867612E-03   1.7185281E-02   2.0583920E-01  -1.8146026E-05  -1.9866537E-05  -1.1234779E-04  -5.8184294E-04  -2.8987930E-04   2.8261606E-04  -1.8840927E-03  -1.1297643E-03  -4.5145891E-03
 -7.1286387E-05   4.4019579E-04  -4.0552666E-05  -2.9548843E-03  -2.8063993E-03   6.4084760E-04   8.8716261E-05  -1.3142202E+01   1.7135343E+00   7.7595164E+00  -5.6189961E+01   3.9899736E+01   8.5399147E+01   5.2873183E+01  -1.1729030E+01  -1.3597397E+00  -4.5456392E-01   5.3717548E+00   8.6992489E+00   8.7270161E-04  -9.7626285E-04   8.3420558E-03  -1.0356690E-02   9.8406193E-03  -3.0180279E-02   4.6220937E-04  -3.0608968E-04   1.4144651E-02   1.6517640E-03  -1.2171759E-03  -3.7970304E-03   4.6912675E-03  -1.9737514E-03   8.5733524E-04  -1.3874988E-03   1.3050627E-03   1.0637210E-02  -2.5840375E-01  -2.4652971E-04  -9.0126858E-04  -3.4849375E-04  -3.9851677E-04  -1.1699651E-03   3.0545399E-03  -1.4291646E-03  -8.4859798E-04  -1.0329043E-03
  4.7495185E-06   3.0161229E-04  -5.7785770E-05  -1.7442616E-03   3.2744563E-03   3.6303559E-03   1.3439095E-03  -5.5415798E+01   6.2929851E-01   5.3265496E+00  -5.8972263E+01   1.5059528E+01   5.2873183E+01   1.0382292E+02  -9.0321264E+00  -6.9558007E-01  -9.4992945E-01   5.9194267E+00   3.4574416E+01   2.5453179E-04  -1.0335567E-03   7.2403695E-03  -9.7431996E-03   2.1434811E-02   1.3172569E-02   4.8192408E-04  -1.3441960E-03   5.6348376E-03  -3.5434798E-03  -5.9774622E-03  -1.7996171E-02   1.4835952E-02  -1.6549530E-03   7.2932678E-04  -4.7183736E-03   7.1902559E-04   2.2380646E-02  -1.0426407E-01  -1.0189664E-04  -3.6731100E-04  -9.0128681E-04   9.3199216E-04  -3.5631297E-04   2.2316770E-03  -5.7044423E-04  -1.1147648E-03   1.7160418E-04
 -3.5030898E-05   8.1480069E-05   2.8800708E-06  -6.9176799E-04  -2.0646993E-03  -2.0860513E-03  -6.8304510E-05  -1.3561693E-01   3.1528435E-02  -2.6636451E+00   1.3365082E+01  -4.9043573E+00  -1.1729030E+01  -9.0321264E+00   5.6850474E+00   1.3896138E-01  -2.4381016E-01  -2.1569709E+00  -2.4964255E+00   2.5820829E-04  -1.0030642E-03  -1.7861374E-03  -3.4821345E-04  -2.4807473E-03   9.4641866E-04  -8.4867878E-05  -2.4661732E-05   1.8933087E-03   1.0238401E-03   1.2565255E-04   3.1437225E-03   3.0412669E-03   4.2342572E-04   2.6178283E-04   3.1963800E-05   1.7985766E-04   3.7668796E-03   6.9729252E-02   3.6067816E-05   5.3610045E-05   1.5918472E-04  -8.0327904E-05   1.7253386E-04  -6.9176961E-04   6.0918038E-04   1.7632384E-04  -4.5373121E-05
  3.5036962E-06  -1.9421816E-05   3.3632218E-06  -1.4524102E-04  -4.9286041E-04   3.3231027E-04   5.0524387E-05   4.7121358E-02  -1.9686158E-02  -2.0727661E-01  -6.7720734E+00  -6.3027214E-01  -1.3597397E+00  -6.9558007E-01   1.3896138E-01   3.3420001E+00   4.8028755E-01   1.7325877E-01   2.6686818E-01  -1.1049145E-04   2.4224385E-04   3.4599126E-03   1.5338506E-04   3.0941690E-03   5.6221708E-03   1.8355155E-04   2.2082998E-06   1.6072100E-03   1.2299664E-03   1.6034658E-03   2.0976616E-04   2.0300769E-03   7.2134030E-04   5.0069929E-05   4.1447080E-04   4.2589158E-04   2.6902589E-03   5.7318404E-02   1.3892531E-04  -2.6964364E-04  -1.4503960E-04  -2.8968653E-04   1.1251640E-04  -3.1863121E-04   1.7745237E-04  -2.3931921E-04   3.2540915E-04
 -6.7547402E-06   2.1522216E-05   4.8655399E-06  -1.5857584E-04  -8.5057720E-04  -3.2358293E-04  -4.7181458E-05   4.3608446E-01   1.6018167E-02   1.6939034E-01   5.3892268E+00  -1.3312898E+00  -4.5456392E-01  -9.4992945E-01  -2.4381016E-01   4.8028755E-01   3.1349548E+00   2.6717396E+00   2.6533671E+00   1.0341966E-04  -3.2366960E-04  -2.3146977E-03   5.6743239E-04   1.1526630E-03   6.2317925E-03  -1.7606031E-04  -3.4875962E-05  -8.4067486E-04   3.9223796E-03   1.3654901E-03  -9.0238838E-05   2.5037090E-03   1.3249895E-05  -1.1690802E-04   4.2460640E-05   3.4759539E-04  -4.4906499E-04  -1.0025372E-01  -2.4052203E-04   1.6874774E-04  -1.1111270E-04   2.3291978E-05   1.4233035E-04   3.6776988E-04   1.5141286E-04   7.1001124E-05   2.4688422E-04
 -5.1616676E-06  -2.9929733E-05  -1.8851482E-05   2.3262350E-04  -2.7437081E-04  -1.1074633E-04  -1.1041098E-04  -6.1088429E+00   1.2671705E-01   2.6721348E+00  -1.3671953E+01   3.3527679E+00   5.3717548E+00   5.9194267E+00  -2.1569709E+00   1.7325877E-01   2.6717396E+00   1.0730880E+01   1.9243488E+01   9.1894992E-04   3.3033748E-04  -5.6664402E-03  -1.8374149E-03   2.6330643E-03   1.9493970E-02  -2.1500378E-05   4.2806887E-04   1.5193108E-04   2.9222867E-03   7.5137461E-04  -1.7949252E-04   3.9483296E-03  -2.3875678E-04   9.3159559E-04   2.9772561E-04   3.3390647E-04   6.3815547E-03  -2.4325974E-02  -1.8674360E-04   4.2673653E-05   1.2897695E-04   2.9057874E-04   2.0916097E-04   5.0343379E-04  -5.2396011E-05   2.3165692E-04   1.9577380E-04
  2.8057359E-05  -1.4508186E-04  -3.9793115E-05   8.8250693E-04   2.7778134E-03   1.7596938E-03   6.4971225E-04  -3.4087218E+01   1.6359592E-01   3.3242331E+00  -2.5961160E+01   3.9954417E+00   8.6992489E+00   3.4574416E+01  -2.4964255E+00   2.6686818E-01   2.6533671E+00   1.9243488E+01   5.3992470E+01  -1.3948262E-05  -9.3718171E-04  -1.0215910E-02  -4.2173555E-03   6.2506096E-03   3.4203678E-02   5.0976966E-05   9.6186011E-04   4.8331549E-03   3.1367109E-03  -1.2520798E-03  -2.0925915E-03   6.0409413E-03  -5.4558553E-04   2.2859623E-03  -7.9331011E-04   2.1922358E-04   2.8651694E-02   1.1844512E-01  -1.8854311E-04   2.0963994E-04   1.0926981E-04   1.2590597E-03   4.8182337E-04   2.0371805E-04   4.0847770E-04   5.1750759E-04   8.5238932E-04
  1.3295373E-07  -2.5276983E-07   1.7527000E-07  -2.2319654E-06  -5.8572991E-06  -8.5200295E-07  -1.0993771E-06  -8.9394510E-06   2.0881183E-05  -7.4510029E-05   9.0419350E-03   1.0618357E-03   8.7270161E-04   2.5453179E-04   2.5820829E-04  -1.1049145E-04   1.0341966E-04   9.1894992E-04  -1.3948262E-05   1.4596129E-03   2.8155914E-04   6.8804723E-05  -3.5780111E-04  -1.2982881E-04  -1.1017177E-04   1.9286301E-07   7.3092128E-08   2.8205034E-05   1.4641170E-05  -6.9966080E-08   2.5735536E-05   2.5089919E-06   1.9583572E-05  -3.8996270E-06  -9.2539198E-06   6.9946696E-06   2.5406705E-05  -3.0414125E-04   2.2649414E-06  -2.5849942E-06   1.8992242E-06   3.9838139E-06  -6.0462754E-07  -5.1029610E-07   8.4940032E-06   1.4321786E-05   8.0387388E-06
  1.7996621E-08   1.1890620E-07  -5.8066941E-09  -3.8313409E-07   6.0328987E-07   8.1600107E-07   4.9795213E-07   1.8191715E-03  -7.4571626E-05   4.6919079E-04  -6.1497645E-03  -1.6582415E-04  -9.7626285E-04  -1.0335567E-03  -1.0030642E-03   2.4224385E-04  -3.2366960E-04   3.3033748E-04  -9.3718171E-04   2.8155914E-04   8.7064996E-04  -1.4857343E-05   7.3535532E-04   7.8500372E-06  -6.5686986E-04  -2.4823166E-07   1.3190208E-07  -2.5230385E-06  -3.0124533E-06  -1.6896818E-05   6.5303233E-06   1.7609779E-05  -5.3349531E-06  -5.6531131E-06  -5.9983586E-06   6.8508612E-06  -3.0271032E-05  -1.3460276E-03   3.5335574E-07   1.9533696E-06  -8.4986313E-07  -7.9284532E-06   3.5924595E-06   1.0592175E-05  -2.7906750E-07   8.4134903E-06   9.9064071E-06
 -5.3854782E-08  -9.7795002E-07  -1.1513969E-07   5.1978134E-06   5.1092515E-06   1.4859199E-06  -1.5136672E-06   8.7447508E-05  -6.9710188E-05   2.9148013E-03  -3.1722364E-02  -4.1499867E-03   8.3420558E-03   7.2403695E-03  -1.7861374E-03   3.4599126E-03  -2.3146977E-03  -5.6664402E-03  -1.0215910E-02   6.8804723E-05  -1.4857343E-05   7.1810007E-03  -3.6215958E-04   6.1414959E-04   4.1516956E-03   8.4240212E-07  -1.2969909E-06  -9.1242091E-05  -1.0646034E-04   3.2238359E-05   6.4980092E-05  -9.6288666E-05   2.4400558E-05   1.6430840E-05  -3.4561483E-06   2.1656573E-05   3.3281732E-04   1.0867653E-03  -2.2163523E-07  -7.3501939E-07   4.4846233E-06   1.1695270E-05  -6.5862150E-06  -1.0879808E-05   1.8679372E-05   1.2726929E-05   5.5327956E-06
 -3.0846501E-07   1.6701183E-06  -4.5025450E-07   1.3045103E-06   8.0285961E-06  -5.1462739E-06   1.3247407E-06   9.2338446E-03  -4.8189961E-04  -1.4266667E-03   1.0277365E-02  -1.5587726E-03  -1.0356690E-02  -9.7431996E-03  -3.4821345E-04   1.5338506E-04   5.6743239E-04  -1.8374149E-03  -4.2173555E-03  -3.5780111E-04   7.3535532E-04  -3.6215958E-04   2.8958956E-03   5.5246555E-04  -8.4379510E-04  -7.8276724E-07   5.3953981E-07   4.2783361E-05  -3.0673463E-05  -4.7113643E-05  -4.3959178E-05   5.1390028E-05  -3.2411885E-05  -1.6662737E-05  -1.5990358E-05  -1.8469663E-05  -1.6473235E-04  -1.3948913E-03   1.2963676E-07   7.0128388E-06  -7.4112964E-06  -9.7733074E-06   4.5183233E-06   7.3482806E-06  -8.8583977E-06   1.1974054E-05  -7.2953579E-06
 -5.8749170E-07   2.5661095E-06  -8.4302237E-07  -1.3244414E-05  -2.8366389E-05  -6.5423696E-06  -3.3237007E-06  -8.1417702E-03  -6.9959065E-05   1.3195438E-03  -3.9116858E-02   2.6449929E-03   9.8406193E-03   2.1434811E-02  -2.4807473E-03   3.0941690E-03   1.1526630E-03   2.6330643E-03   6.2506096E-03  -1.2982881E-04   7.8500372E-06   6.1414959E-04   5.5246555E-04   6.4816647E-03   8.2371695E-03   3.3355013E-07   2.0908288E-07   1.1715694E-05  -7.0750859E-05   2.9155874E-06   1.0644106E-06   1.2881974E-04  -4.7885284E-05   4.1312970E-06  -2.3786294E-06  -4.8897984E-05   1.6736847E-04  -2.0973876E-03  -5.9601043E-06   6.7163163E-06  -9.4493401E-07   5.1232493E-06  -1.6585181E-06   2.8174634E-06   1.0070392E-05  -1.1566454E-05  -4.6747318E-06
 -2.2308958E-06   1.1712014E-05  -2.2109027E-06  -2.5742995E-05  -3.0032484E-05  -2.9040541E-05   2.3248406E-07  -1.0390399E-02  -9.2514333E-04  -2.0259847E-03  -1.1815663E-01   2.2587065E-03  -3.0180279E-02   1.3172569E-02   9.4641866E-04   5.6221708E-03   6.2317925E-03   1.9493970E-02   3.4203678E-02  -1.1017177E-04  -6.5686986E-04   4.1516956E-03  -8.4379510E-04   8.2371695E-03   7.1637079E-02  -2.7081464E-06  -7.0443049E-07   1.4507241E-05  -7.1784176E-05   9.6056885E-05  -4.2278176E-05   8.7010164E-05   1.1627793E-05  -6.7270109E-05  -1.1477500E-05  -2.5362932E-06   2.0644437E-04  -1.5176413E-02  -1.1738989E-08   8.6893955E-06  -3.9703347E-05   2.5651248E-05  -4.2415786E-05  -2.0702991E-05  -3.0922001E-05  -1.3451068E-05  -1.4117266E-04
  1.0747959E-09   1.0935922E-08   1.7016169E-09  -7.5837059E-08  -2.5487354E-08  -1.3213550E-07  -2.1070392E-08  -1.8282146E-04   3.0899740E-06   1.2498643E-04   3.5645058E-03   9.6506659E-05   4.6220937E-04   4.8192408E-04  -8.4867878E-05   1.8355155E-04  -1.7606031E-04  -2.1500378E-05   5.0976966E-05   1.9286301E-07  -2.4823166E-07   8.4240212E-07  -7.8276724E-07   3.3355013E-07  -2.7081464E-06   3.7553844E-07   2.1091590E-10  -7.8088018E-07  -5.6402933E-07   1.5923836E-07  -4.1460475E-07  -1.6228274E-07   2.0783481E-08  -2.4001668E-08   4.7589544E-09   1.2747258E-07   7.2840813E-07   2.5818156E-05  -1.1580353E-08  -3.0962826E-08   9.0655096E-09  -1.5119724E-07  -1.5593936E-07  -8.0549043E-08   1.3112425E-07   8.4757833E-08  -2.9672777E-07
 -7.1379853E-10  -4.9794699E-09   1.1270566E-09  -5.5314770E-08  -1.2246375E-07  -1.8326915E-08   2.7856219E-09   7.2361876E-04  -1.3727824E-07  -1.9149064E-05   4.0702414E-04   1.2127503E-04  -3.0608968E-04  -1.3441960E-03  -2.4661732E-05   2.2082998E-06  -3.4875962E-05   4.2806887E-04   9.6186011E-04   7.3092128E-08   1.3190208E-07  -1.2969909E-06   5.3953981E-07   2.0908288E-07  -7.0443049E-07   2.1091590E-10   3.9466051E-07   2.0243650E-07   2.5510096E-07  -1.0964228E-07   6.4162651E-07  -1.2559728E-06   1.1849351E-07   1.3302133E-07   2.3844806E-07   1.4533422E-07  -1.0104174E-06  -1.8451227E-05   2.0967664E-09  -1.5862881E-09  -1.7815741E-08   1.2293368E-07  -4.9701006E-08   7.4943781E-09  -5.6667808E-08   1.1430597E-07   7.2000345E-08
 -2.6440780E-07   4.2179176E-06  -8.2018964E-07  -7.4666337E-05  -1.5735824E-04  -1.2973787E-05  -8.6225822E-06  -6.0444295E-03   4.0194695E-04  -3.5854314E-04  -1.4639973E-02   4.5076936E-03   1.4144651E-02   5.6348376E-03   1.8933087E-03   1.6072100E-03  -8.4067486E-04   1.5193108E-04   4.8331549E-03   2.8205034E-05  -2.5230385E-06  -9.1242091E-05   4.2783361E-05   1.1715694E-05   1.4507241E-05  -7.8088018E-07   2.0243650E-07   5.2802516E-03   1.1353744E-04   1.8213156E-04   1.7126948E-04   2.1866825E-04  -1.1085197E-05   1.3483684E-06   6.8236418E-05   3.7556895E-05  -1.2751215E-04   1.1293689E-02   1.4508066E-04   1.9193907E-05   1.4195847E-05   6.1558938E-06   9.7810026E-06  -1.2604086E-07   3.0151361E-06   2.1675468E-05   6.9235799E-06
 -1.0661774E-07   1.0781722E-06  -4.2265930E-07  -7.1230976E-05  -1.5289029E-04  -6.9501660E-06  -6.3996937E-06  -5.0173551E-04   1.0648899E-04  -1.0866766E-03   1.6229558E-02   8.0587866E-03   1.6517640E-03  -3.5434798E-03   1.0238401E-03   1.2299664E-03   3.9223796E-03   2.9222867E-03   3.1367109E-03   1.4641170E-05  -3.0124533E-06  -1.0646034E-04  -3.0673463E-05  -7.0750859E-05  -7.1784176E-05  -5.6402933E-07   2.5510096E-07   1.1353744E-04   2.7389234E-03   1.1851276E-04   2.1029625E-04   1.7292808E-04  -1.4277879E-06  -3.0758190E-06   6.0527737E-05   4.5862525E-05  -3.1651899E-04   4.9782634E-03   2.7923331E-06   7.2693735E-05   1.3719721E-06   1.4357364E-05   3.3441059E-06  -2.2908937E-05   8.8159011E-06   2.2163701E-05   3.6835617E-05
 -2.0508319E-07   8.2745215E-07  -6.0366452E-07  -7.7259043E-05  -1.6538135E-04  -4.3863689E-06  -6.0215841E-06   4.0144269E-03  -1.9889442E-04   3.5457843E-04   8.0251560E-03   4.7613290E-04  -1.2171759E-03  -5.9774622E-03   1.2565255E-04   1.6034658E-03   1.3654901E-03   7.5137461E-04  -1.2520798E-03  -6.9966080E-08  -1.6896818E-05   3.2238359E-05  -4.7113643E-05   2.9155874E-06   9.6056885E-05   1.5923836E-07  -1.0964228E-07   1.8213156E-04   1.1851276E-04   1.9393292E-03   1.7607599E-04   1.5138896E-04  -1.6364545E-05   1.4981670E-05   3.7409894E-05   2.1815994E-05  -3.5986325E-04   9.3658080E-04   2.4558045E-07   3.8901386E-06   6.4066196E-05   4.6856840E-06   3.9026236E-06  -1.0316282E-05   3.9333084E-06   1.0985577E-05   2.7801715E-05
 -1.0754332E-07   1.0470358E-06  -5.2627814E-07  -9.1403235E-05  -2.0001543E-04  -7.0702224E-06  -9.1291562E-06   6.2989492E-03   7.3609439E-05  -1.1037245E-03   6.2273963E-03   2.0907328E-03  -3.7970304E-03  -1.7996171E-02   3.1437225E-03   2.0976616E-04  -9.0238838E-05  -1.7949252E-04  -2.0925915E-03   2.5735536E-05   6.5303233E-06   6.4980092E-05  -4.3959178E-05   1.0644106E-06  -4.2278176E-05  -4.1460475E-07   6.4162651E-07   1.7126948E-04   2.1029625E-04   1.7607599E-04   2.6166885E-03   2.3762374E-04   2.6232552E-05   2.4007029E-05   3.4734601E-05   2.2831749E-05  -4.3134688E-04  -6.6831515E-04   3.3106860E-06   5.9211902E-07   3.0063386E-06   1.1272005E-04  -9.0989317E-06  -5.7229290E-07   6.6716276E-06   2.1912575E-05   3.9165831E-05
 -4.7430790E-07   2.3952366E-06  -9.6725339E-07  -1.0782763E-04  -2.2690815E-04  -9.5202679E-06  -8.1691921E-06  -9.7162819E-03   2.7563433E-04  -1.4503131E-03   3.1216651E-03   6.3087188E-03   4.6912675E-03   1.4835952E-02   3.0412669E-03   2.0300769E-03   2.5037090E-03   3.9483296E-03   6.0409413E-03   2.5089919E-06   1.7609779E-05  -9.6288666E-05   5.1390028E-05   1.2881974E-04   8.7010164E-05  -1.6228274E-07  -1.2559728E-06   2.1866825E-04   1.7292808E-04   1.5138896E-04   2.3762374E-04   5.6998268E-03  -2.1502132E-05   2.5003924E-05   5.5957373E-05   2.3756863E-05  -1.3613281E-04  -1.9454249E-04  -5.3831455E-07   5.4895607E-06  -2.8877336E-06  -9.2631480E-07   1.3050527E-04  -1.9771156E-05  -9.0173221E-06   2.7367247E-06   1.9489102E-05
  1.4372585E-08   1.0566205E-07  -2.5447642E-08  -9.8924731E-07  -9.9840166E-07  -9.1889522E-07   7.2187354E-08   3.3335755E-04   3.8009191E-05  -3.0002154E-04   1.8195055E-03  -1.3397126E-03  -1.9737514E-03  -1.6549530E-03   4.2342572E-04   7.2134030E-04   1.3249895E-05  -2.3875678E-04  -5.4558553E-04   1.9583572E-05  -5.3349531E-06   2.4400558E-05  -3.2411885E-05  -4.7885284E-05   1.1627793E-05   2.0783481E-08   1.1849351E-07  -1.1085197E-05  -1.4277879E-06  -1.6364545E-05   2.6232552E-05  -2.1502132E-05   5.0635844E-04   1.5679103E-05  -3.5025801E-06   6.5658724E-06   1.1932382E-04  -2.5890513E-03  -1.5205223E-07  -3.3977515E-06   8.4167314E-07   1.5176028E-06  -2.6784186E-06  -2.7536632E-05   7.2923181E-06   1.1994939E-06  -1.7738648E-06
  2.2304111E-08  -4.3986494E-07  -1.1292664E-07   7.7610481E-07  -3.0520817E-07   2.9463255E-07  -1.7731360E-07  -7.6709745E-04   1.0089997E-05  -3.8101702E-05  -5.2272301E-03   1.2967235E-03   8.5733524E-04   7.2932678E-04   2.6178283E-04   5.0069929E-05  -1.1690802E-04   9.3159559E-04   2.2859623E-03  -3.8996270E-06  -5.6531131E-06   1.6430840E-05  -1.6662737E-05   4.1312970E-06  -6.7270109E-05  -2.4001668E-08   1.3302133E-07   1.3483684E-06  -3.0758190E-06   1.4981670E-05   2.4007029E-05   2.5003924E-05   1.5679103E-05   5.0092100E-04   1.2681316E-05   8.2878757E-06   1.8445887E-04  -3.1224502E-03  -2.9626682E-06  -1.7565045E-06   4.0829702E-07  -1.8195947E-06  -2.7499586E-06   2.2076985E-05  -3.4832756E-05  -5.0923849E-08  -9.8680731E-08
  3.5358578E-07  -4.4103898E-06   3.7611124E-07   3.0375248E-06  -4.5403265E-06   1.0196448E-05  -2.1159059E-07   2.0182010E-03   7.1491194E-05   2.2911493E-04  -7.0733986E-03  -2.6251801E-03  -1.3874988E-03  -4.7183736E-03   3.1963800E-05   4.1447080E-04   4.2460640E-05   2.9772561E-04  -7.9331011E-04  -9.2539198E-06  -5.9983586E-06  -3.4561483E-06  -1.5990358E-05  -2.3786294E-06  -1.1477500E-05   4.7589544E-09   2.3844806E-07   6.8236418E-05   6.0527737E-05   3.7409894E-05   3.4734601E-05   5.5957373E-05  -3.5025801E-06   1.2681316E-05   3.7313870E-04   1.7659630E-05  -9.4724284E-06   1.4127585E-03  -3.6409313E-06  -1.2082264E-06   2.0377449E-06  -3.6445960E-07   8.8785031E-07   4.8184118E-06   9.2620919E-06  -4.3650734E-05   1.9119890E-05
  2.1721970E-07  -3.1963081E-06   1.9657530E-07  -7.0505483E-07  -8.0495970E-06   6.4234915E-06   1.0293334E-07  -1.2980156E-03   1.5248390E-04   2.2930911E-04  -2.2566761E-04  -2.5867612E-03   1.3050627E-03   7.1902559E-04   1.7985766E-04   4.2589158E-04   3.4759539E-04   3.3390647E-04   2.1922358E-04   6.9946696E-06   6.8508612E-06   2.1656573E-05  -1.8469663E-05  -4.8897984E-05  -2.5362932E-06   1.2747258E-07   1.4533422E-07   3.7556895E-05   4.5862525E-05   2.1815994E-05   2.2831749E-05   2.3756863E-05   6.5658724E-06   8.2878757E-06   1.7659630E-05   4.2344967E-04  -3.9246945E-05   1.0314785E-03   3.2010923E-07   4.1833756E-07   7.0573216E-07   6.7111862E-07   2.5429292E-06   2.7257900E-06   1.1852780E-05   1.3489283E-05  -9.3926211E-05
 -1.1277885E-08   2.7254901E-07   2.3782431E-07   1.8966456E-05   3.2010285E-05  -6.6070243E-07  -2.2798315E-06  -2.8113586E-02   5.5159893E-04  -7.2349059E-04   6.6400559E-02   1.7185281E-02   1.0637210E-02   2.2380646E-02   3.7668796E-03   2.6902589E-03  -4.4906499E-04   6.3815547E-03   2.8651694E-02   2.5406705E-05  -3.0271032E-05   3.3281732E-04  -1.6473235E-04   1.6736847E-04   2.0644437E-04   7.2840813E-07  -1.0104174E-06  -1.2751215E-04  -3.1651899E-04  -3.5986325E-04  -4.3134688E-04  -1.3613281E-04   1.1932382E-04   1.8445887E-04  -9.4724284E-06  -3.9246945E-05   2.6975078E-02   1.3737728E-01  -1.0084361E-05  -6.2432177E-05   2.1404249E-05  -1.3983844E-04  -3.4872820E-05   2.2203011E-04   1.9349793E-04   2.0466601E-04  -2.1728472E-05
  2.2381851E-05  -3.0077401E-04   3.3411387E-05   2.3493047E-05  -4.3725461E-04   6.5180931E-04   1.0895188E-04  -2.1066314E-01   5.5132244E-03  -6.6500821E-02   1.1478433E+00   2.0583920E-01  -2.5840375E-01  -1.0426407E-01   6.9729252E-02   5.7318404E-02  -1.0025372E-01  -2.4325974E-02   1.1844512E-01  -3.0414125E-04  -1.3460276E-03   1.0867653E-03  -1.3948913E-03  -2.0973876E-03  -1.5176413E-02   2.5818156E-05  -1.8451227E-05   1.1293689E-02   4.9782634E-03   9.3658080E-04  -6.6831515E-04  -1.9454249E-04  -2.5890513E-03  -3.1224502E-03   1.4127585E-03   1.0314785E-03   1.3737728E-01   4.8170261E+00   1.1213630E-03   3.5126825E-04  -4.3642588E-05  -7.9902039E-04  -1.3955338E-04  -1.2209301E-02  -3.1025389E-03   2.3720905E-03   2.3221645E-03
  3.8773154E-08  -2.3684132E-07   1.0240039E-08   1.0465740E-06   1.2750698E-06   3.7521534E-07  -2.1402288E-07  -1.8515833E-04   1.3013736E-05  -1.0535258E-04  -1.0588710E-03  -1.8146026E-05  -2.4652971E-04  -1.0189664E-04   3.6067816E-05   1.3892531E-04  -2.4052203E-04  -1.8674360E-04  -1.8854311E-04   2.2649414E-06   3.5335574E-07  -2.2163523E-07   1.2963676E-07  -5.9601043E-06  -1.1738989E-08  -1.1580353E-08   2.0967664E-09   1.4508066E-04   2.7923331E-06   2.4558045E-07   3.3106860E-06  -5.3831455E-07  -1.5205223E-07  -2.9626682E-06  -3.6409313E-06   3.2010923E-07  -1.0084361E-05   1.1213630E-03   5.5924923E-05  -6.6069542E-07   4.3671772E-07   5.9429978E-07   2.1253631E-06   2.0160494E-06   3.8956732E-08   1.0907306E-06   4.7108187E-07
 -6.9865909E-09  -2.2415450E-07   1.6375892E-08   4.4937759E-07  -1.0019842E-07   5.7344557E-07  -1.4208139E-07   3.4768386E-05  -2.3540100E-05  -1.6030753E-04   2.6153532E-03  -1.9866537E-05  -9.0126858E-04  -3.6731100E-04   5.3610045E-05  -2.6964364E-04   1.6874774E-04   4.2673653E-05   2.0963994E-04  -2.5849942E-06   1.9533696E-06  -7.3501939E-07   7.0128388E-06   6.7163163E-06   8.6893955E-06  -3.0962826E-08  -1.5862881E-09   1.9193907E-05   7.2693735E-05   3.8901386E-06   5.9211902E-07   5.4895607E-06  -3.3977515E-06  -1.7565045E-06  -1.2082264E-06   4.1833756E-07  -6.2432177E-05   3.5126825E-04  -6.6069542E-07   4.4349827E-05   6.8473864E-07   3.5478016E-07  -2.1213541E-07   7.9229807E-07   2.9067356E-06   1.5726858E-06   4.7029048E-07
 -1.0582174E-08  -1.9872021E-08   1.2526653E-08  -6.9011611E-08   1.3460300E-08   9.1620854E-08   5.6740668E-08   3.3863483E-04  -2.2854376E-06   1.3631490E-05   3.5635754E-04  -1.1234779E-04  -3.4849375E-04  -9.0128681E-04   1.5918472E-04  -1.4503960E-04  -1.1111270E-04   1.2897695E-04   1.0926981E-04   1.8992242E-06  -8.4986313E-07   4.4846233E-06  -7.4112964E-06  -9.4493401E-07  -3.9703347E-05   9.0655096E-09  -1.7815741E-08   1.4195847E-05   1.3719721E-06   6.4066196E-05   3.0063386E-06  -2.8877336E-06   8.4167314E-07   4.0829702E-07   2.0377449E-06   7.0573216E-07   2.1404249E-05  -4.3642588E-05   4.3671772E-07   6.8473864E-07   4.3128435E-05   1.7712197E-06  -5.3685851E-07   1.4122630E-07   5.3341473E-06   3.7440542E-06  -2.0523643E-06
  3.6927601E-09  -2.4840914E-07   1.1906231E-08  -2.0449282E-07  -9.8758540E-07   7.2317611E-07  -4.7158621E-08  -1.0168247E-03  -2.7312935E-05   1.1523721E-04  -1.2635876E-03  -5.8184294E-04  -3.9851677E-04   9.3199216E-04  -8.0327904E-05  -2.8968653E-04   2.3291978E-05   2.9057874E-04   1.2590597E-03   3.9838139E-06  -7.9284532E-06   1.1695270E-05  -9.7733074E-06   5.1232493E-06   2.5651248E-05  -1.5119724E-07   1.2293368E-07   6.1558938E-06   1.4357364E-05   4.6856840E-06   1.1272005E-04  -9.2631480E-07   1.5176028E-06  -1.8195947E-06  -3.6445960E-07   6.7111862E-07  -1.3983844E-04  -7.9902039E-04   5.9429978E-07   3.5478016E-07   1.7712197E-06   8.2028477E-05   6.0090812E-07  -3.6437747E-07   1.6626851E-06   7.2623431E-06   9.9656161E-06
  1.7522205E-09  -2.6323578E-07   2.8507255E-08   3.9709629E-07  -2.2701555E-08   2.5517812E-07   4.5505267E-09  -8.6237308E-05  -5.9663919E-05   8.8139876E-05  -9.2275883E-04  -2.8987930E-04  -1.1699651E-03  -3.5631297E-04   1.7253386E-04   1.1251640E-04   1.4233035E-04   2.0916097E-04   4.8182337E-04  -6.0462754E-07   3.5924595E-06  -6.5862150E-06   4.5183233E-06  -1.6585181E-06  -4.2415786E-05  -1.5593936E-07  -4.9701006E-08   9.7810026E-06   3.3441059E-06   3.9026236E-06  -9.0989317E-06   1.3050527E-04  -2.6784186E-06  -2.7499586E-06   8.8785031E-07   2.5429292E-06  -3.4872820E-05  -1.3955338E-04   2.1253631E-06  -2.1213541E-07  -5.3685851E-07   6.0090812E-07   9.8230185E-05   1.2514300E-08   2.7226350E-07  -2.2290733E-06   1.2210069E-05
 -1.1016433E-08   2.7953182E-07  -6.0857936E-08   3.8323944E-06   6.7266412E-06  -2.2172918E-07  -5.5191665E-07  -8.4412123E-05   4.6275850E-05   4.0465130E-04   8.4654652E-04   2.8261606E-04   3.0545399E-03   2.2316770E-03  -6.9176961E-04  -3.1863121E-04   3.6776988E-04   5.0343379E-04   2.0371805E-04  -5.1029610E-07   1.0592175E-05  -1.0879808E-05   7.3482806E-06   2.8174634E-06  -2.0702991E-05  -8.0549043E-08   7.4943781E-09  -1.2604086E-07  -2.2908937E-05  -1.0316282E-05  -5.7229290E-07  -1.9771156E-05  -2.7536632E-05   2.2076985E-05   4.8184118E-06   2.7257900E-06   2.2203011E-04  -1.2209301E-02   2.0160494E-06   7.9229807E-07   1.4122630E-07  -3.6437747E-07   1.2514300E-08   2.0698228E-04   2.6624091E-05   2.2807635E-07  -2.1392913E-06
  4.5236765E-08  -6.4434061E-07   8.0245499E-08   1.0647384E-06   9.6437731E-07   1.4117167E-06   1.0220232E-07  -8.3440547E-04   2.2575896E-05  -1.1528815E-04   4.2095501E-03  -1.8840927E-03  -1.4291646E-03  -5.7044423E-04   6.0918038E-04   1.7745237E-04   1.5141286E-04  -5.2396011E-05   4.0847770E-04   8.4940032E-06  -2.7906750E-07   1.8679372E-05  -8.8583977E-06   1.0070392E-05  -3.0922001E-05   1.3112425E-07  -5.6667808E-08   3.0151361E-06   8.8159011E-06   3.9333084E-06   6.6716276E-06  -9.0173221E-06   7.2923181E-06  -3.4832756E-05   9.2620919E-06   1.1852780E-05   1.9349793E-04  -3.1025389E-03   3.8956732E-08   2.9067356E-06   5.3341473E-06   1.6626851E-06   2.7226350E-07   2.6624091E-05   1.1349621E-04   7.0383289E-06   5.4686902E-06
  8.1388722E-08  -1.2745448E-06   1.4774781E-07  -9.4743894E-07  -3.7239851E-06   2.3949027E-06   4.2079381E-07  -3.7560198E-05   1.6086742E-05   1.0354964E-04   3.2288099E-04  -1.1297643E-03  -8.4859798E-04  -1.1147648E-03   1.7632384E-04  -2.3931921E-04   7.1001124E-05   2.3165692E-04   5.1750759E-04   1.4321786E-05   8.4134903E-06   1.2726929E-05   1.1974054E-05  -1.1566454E-05  -1.3451068E-05   8.4757833E-08   1.1430597E-07   2.1675468E-05   2.2163701E-05   1.0985577E-05   2.1912575E-05   2.7367247E-06   1.1994939E-06  -5.0923849E-08  -4.3650734E-05   1.3489283E-05   2.0466601E-04   2.3720905E-03   1.0907306E-06   1.5726858E-06   3.7440542E-06   7.2623431E-06  -2.2290733E-06   2.2807635E-07   7.0383289E-06   9.3771416E-05   1.2981289E-05
  1.8689135E-07  -2.0543506E-06   3.2024914E-07  -1.8539254E-06  -8.9655338E-06   5.0564459E-06  -3.7351234E-07  -7.6278278E-04  -1.3551724E-05   5.6845692E-04  -1.4365523E-02  -4.5145891E-03  -1.0329043E-03   1.7160418E-04  -4.5373121E-05   3.2540915E-04   2.4688422E-04   1.9577380E-04   8.5238932E-04   8.0387388E-06   9.9064071E-06   5.5327956E-06  -7.2953579E-06  -4.6747318E-06  -1.4117266E-04  -2.9672777E-07   7.2000345E-08   6.9235799E-06   3.6835617E-05   2.7801715E-05   3.9165831E-05   1.9489102E-05  -1.7738648E-06  -9.8680731E-08   1.9119890E-05  -9.3926211E-05  -2.1728472E-05   2.3221645E-03   4.7108187E-07   4.7029048E-07  -2.0523643E-06   9.9656161E-06   1.2210069E-05  -2.1392913E-06   5.4686902E-06   1.2981289E-05   3.3345753E-04
