# omegabh2 omegach2 theta tau logA ns nrun calPlanck acib217 xi asz143 aps100 aps143 aps143217 aps217 aksz kgal100 kgal143 kgal143217 kgal217 cal0 cal2
    0.7245579E-07   -0.3102244E-06    0.6196481E-07    0.3229855E-05    0.6116222E-05    0.8872094E-06   -0.1050643E-05    0.2019353E-07   -0.1559544E-03    0.2609817E-05    0.4120046E-04   -0.5569966E-03   -0.4535363E-03   -0.1854641E-03   -0.4523348E-04   -0.4913241E-04    0.5290764E-05    0.1300365E-05   -0.1099640E-04   -0.1203175E-05    0.9375215E-08   -0.2251666E-07
   -0.3102244E-06    0.5029875E-05   -0.5184543E-06   -0.2123835E-04   -0.3098665E-04   -0.1229878E-04    0.8780688E-06   -0.2127728E-06    0.8884555E-03   -0.3375863E-04   -0.2253257E-03    0.3914598E-02    0.2259096E-02    0.5066942E-03    0.1518272E-03    0.3361107E-03   -0.6184665E-04    0.1269936E-04    0.5886405E-04    0.3832177E-04   -0.4420424E-07    0.1227549E-06
    0.6196481E-07   -0.5184543E-06    0.2343953E-06    0.3272272E-05    0.5637671E-05    0.1604675E-05   -0.3924181E-06    0.2141446E-07   -0.1261479E-03    0.4229581E-05    0.2331795E-04   -0.4494087E-03   -0.3750660E-03   -0.1304624E-03   -0.8198176E-04   -0.3735967E-04   -0.5003237E-05   -0.3572188E-05    0.3656836E-05    0.4159397E-04    0.6572658E-08   -0.6237868E-08
    0.3229855E-05   -0.2123835E-04    0.3272272E-05    0.4570819E-03    0.8776943E-03    0.6708130E-04   -0.7302926E-04   -0.1247592E-05   -0.1268029E-01    0.2387273E-03    0.2995461E-02   -0.5848977E-01   -0.2353962E-01   -0.3933692E-02    0.6248345E-02   -0.4439897E-02    0.4890966E-03   -0.6563282E-03   -0.1661961E-02   -0.1302604E-02    0.2778630E-06   -0.2077314E-05
    0.6116222E-05   -0.3098665E-04    0.5637671E-05    0.8776943E-03    0.1741446E-02    0.1035243E-03   -0.1595519E-03    0.9504616E-05   -0.2283975E-01    0.4618334E-03    0.5280572E-02   -0.9649522E-01   -0.3782290E-01   -0.2621383E-02    0.1894351E-01   -0.8535803E-02    0.5208375E-03   -0.1717749E-02   -0.3589055E-02   -0.1153077E-02    0.8242546E-06   -0.3962779E-05
    0.8872094E-06   -0.1229878E-04    0.1604675E-05    0.6708130E-04    0.1035243E-03    0.4288223E-04    0.2747271E-05    0.6717902E-06   -0.8050111E-02    0.2107886E-03    0.2172055E-02   -0.4225671E-01   -0.1342501E-01    0.2535457E-02    0.6871973E-02   -0.4105179E-02    0.4857036E-03   -0.2875513E-03   -0.4350772E-03    0.1020140E-02   -0.1016484E-06   -0.7961172E-06
   -0.1050643E-05    0.8780688E-06   -0.3924181E-06   -0.7302926E-04   -0.1595519E-03    0.2747271E-05    0.6612648E-04    0.1686010E-06   -0.5680213E-02    0.1222117E-03    0.1716190E-02   -0.2888625E-01   -0.9884182E-02    0.2572766E-02    0.5963115E-02   -0.3024164E-02   -0.3647729E-03   -0.4060985E-03   -0.5303210E-03    0.1157058E-02   -0.3673734E-06   -0.2491285E-06
    0.2019353E-07   -0.2127728E-06    0.2141446E-07   -0.1247592E-05    0.9504616E-05    0.6717902E-06    0.1686010E-06    0.6236801E-05    0.5099879E-03    0.1787032E-04    0.5419340E-04    0.3531465E-02    0.6191866E-03    0.1027622E-02    0.1766483E-02   -0.1015051E-03   -0.1076216E-04    0.9454869E-05   -0.1151488E-03    0.6762460E-03    0.6498995E-08   -0.4779337E-07
   -0.1559544E-03    0.8884555E-03   -0.1261479E-03   -0.1268029E-01   -0.2283975E-01   -0.8050111E-02   -0.5680213E-02    0.5099879E-03    0.4492559E+02   -0.5063362E+00   -0.1968711E+01    0.5023136E+02    0.2905069E+01   -0.2071363E+02   -0.6192608E+02    0.9810335E+00    0.2653464E+00    0.2173833E+00   -0.2223711E+01   -0.1926239E+02   -0.1944903E-03    0.4490003E-02
    0.2609817E-05   -0.3375863E-04    0.4229581E-05    0.2387273E-03    0.4618334E-03    0.2107886E-03    0.1222117E-03    0.1787032E-04   -0.5063362E+00    0.8176487E-01   -0.6477300E-01   -0.5451887E+00    0.9737334E+00    0.1846090E+01    0.7739907E+00    0.5514583E-01   -0.1009478E-01    0.3468460E-02    0.9363912E-01    0.1020332E+00    0.7091301E-05   -0.2159253E-04
    0.4120046E-04   -0.2253257E-03    0.2331795E-04    0.2995461E-02    0.5280572E-02    0.2172055E-02    0.1716190E-02    0.5419340E-04   -0.1968711E+01   -0.6477300E-01    0.3886575E+01   -0.3185263E+02   -0.4704857E+01    0.7855852E+01    0.7078750E+01   -0.3001967E+01   -0.2025104E+00    0.7601416E-01    0.2470597E+01    0.2312424E+01    0.1673000E-03   -0.3593495E-03
   -0.5569966E-03    0.3914598E-02   -0.4494087E-03   -0.5848977E-01   -0.9649522E-01   -0.4225671E-01   -0.2888625E-01    0.3531465E-02    0.5023136E+02   -0.5451887E+00   -0.3185263E+02    0.8120414E+03    0.8623071E+02   -0.5872899E+02   -0.7725336E+02    0.1672671E+02   -0.3165945E+01    0.3416307E+01   -0.1339215E+02   -0.2101163E+02    0.6283388E-02    0.4440437E-02
   -0.4535363E-03    0.2259096E-02   -0.3750660E-03   -0.2353962E-01   -0.3782290E-01   -0.1342501E-01   -0.9884182E-02    0.6191866E-03    0.2905069E+01    0.9737334E+00   -0.4704857E+01    0.8623071E+02    0.6759237E+02    0.4527059E+02    0.1729424E+02   -0.3596543E+01   -0.5447912E+00   -0.9739613E+00    0.3580897E+01    0.2850254E+01    0.2366933E-03    0.3021656E-03
   -0.1854641E-03    0.5066942E-03   -0.1304624E-03   -0.3933692E-02   -0.2621383E-02    0.2535457E-02    0.2572766E-02    0.1027622E-02   -0.2071363E+02    0.1846090E+01    0.7855852E+01   -0.5872899E+02    0.4527059E+02    0.9899442E+02    0.6814060E+02   -0.1288989E+02   -0.9830989E+00   -0.3153970E+00    0.5015077E+01    0.5647134E+01    0.8126522E-03   -0.2556939E-02
   -0.4523348E-04    0.1518272E-03   -0.8198176E-04    0.6248345E-02    0.1894351E-01    0.6871973E-02    0.5963115E-02    0.1766483E-02   -0.6192608E+02    0.7739907E+00    0.7078750E+01   -0.7725336E+02    0.1729424E+02    0.6814060E+02    0.1235814E+03   -0.1143531E+02   -0.7705902E+00   -0.4461917E+00   -0.1334852E+00    0.1567818E+02    0.6976233E-03   -0.7821534E-02
   -0.4913241E-04    0.3361107E-03   -0.3735967E-04   -0.4439897E-02   -0.8535803E-02   -0.4105179E-02   -0.3024164E-02   -0.1015051E-03    0.9810335E+00    0.5514583E-01   -0.3001967E+01    0.1672671E+02   -0.3596543E+01   -0.1288989E+02   -0.1143531E+02    0.6716687E+01    0.1576360E+00   -0.4982818E-01   -0.2081047E+01   -0.1886679E+01   -0.1502029E-03    0.2244011E-03
    0.5290764E-05   -0.6184665E-04   -0.5003237E-05    0.4890966E-03    0.5208375E-03    0.4857036E-03   -0.3647729E-03   -0.1076216E-04    0.2653464E+00   -0.1009478E-01   -0.2025104E+00   -0.3165945E+01   -0.5447912E+00   -0.9830989E+00   -0.7705902E+00    0.1576360E+00    0.3457123E+01    0.4463120E+00    0.1835906E-01    0.3050738E-02    0.2727796E-03    0.2653007E-04
    0.1300365E-05    0.1269936E-04   -0.3572188E-05   -0.6563282E-03   -0.1717749E-02   -0.2875513E-03   -0.4060985E-03    0.9454869E-05    0.2173833E+00    0.3468460E-02    0.7601416E-01    0.3416307E+01   -0.9739613E+00   -0.3153970E+00   -0.4461917E+00   -0.4982818E-01    0.4463120E+00    0.3356512E+01    0.2557306E+01    0.1601592E+01   -0.2620050E-03   -0.2220885E-03
   -0.1099640E-04    0.5886405E-04    0.3656836E-05   -0.1661961E-02   -0.3589055E-02   -0.4350772E-03   -0.5303210E-03   -0.1151488E-03   -0.2223711E+01    0.9363912E-01    0.2470597E+01   -0.1339215E+02    0.3580897E+01    0.5015077E+01   -0.1334852E+00   -0.2081047E+01    0.1835906E-01    0.2557306E+01    0.1742160E+02    0.2612363E+02    0.1425622E-04    0.2532639E-02
   -0.1203175E-05    0.3832177E-04    0.4159397E-04   -0.1302604E-02   -0.1153077E-02    0.1020140E-02    0.1157058E-02    0.6762460E-03   -0.1926239E+02    0.1020332E+00    0.2312424E+01   -0.2101163E+02    0.2850254E+01    0.5647134E+01    0.1567818E+02   -0.1886679E+01    0.3050738E-02    0.1601592E+01    0.2612363E+02    0.5564831E+02    0.8652043E-04    0.4551564E-02
    0.9375215E-08   -0.4420424E-07    0.6572658E-08    0.2778630E-06    0.8242546E-06   -0.1016484E-06   -0.3673734E-06    0.6498995E-08   -0.1944903E-03    0.7091301E-05    0.1673000E-03    0.6283388E-02    0.2366933E-03    0.8126522E-03    0.6976233E-03   -0.1502029E-03    0.2727796E-03   -0.2620050E-03    0.1425622E-04    0.8652043E-04    0.5935719E-06    0.9989362E-08
   -0.2251666E-07    0.1227549E-06   -0.6237868E-08   -0.2077314E-05   -0.3962779E-05   -0.7961172E-06   -0.2491285E-06   -0.4779337E-07    0.4490003E-02   -0.2159253E-04   -0.3593495E-03    0.4440437E-02    0.3021656E-03   -0.2556939E-02   -0.7821534E-02    0.2244011E-03    0.2653007E-04   -0.2220885E-03    0.2532639E-02    0.4551564E-02    0.9989362E-08    0.2100894E-05
