# omegabh2 omegach2 theta tau nnu logA ns calPlanck acib217 xi asz143 aps100 aps143 aps143217 aps217 aksz kgal100 kgal143 kgal143217 kgal217 galfTE100 galfTE100143 galfTE100217 galfTE143 galfTE143217 galfTE217 cal0 cal2
  2.9310953E-08   2.0107893E-07  -1.9405330E-08   1.9059633E-07   1.5899788E-05   1.0082804E-06   6.6298973E-07   6.5316434E-09   3.6422178E-06   7.7910851E-07  -3.8247421E-06   1.4671127E-04   2.3792722E-05   1.5031813E-05   3.6296354E-06   8.6558510E-06   4.6865467E-06   2.9719563E-06   2.8203603E-06   2.9301339E-06   6.3679544E-09  -1.5636260E-07  -2.4102148E-07  -3.4739785E-07  -5.6633830E-07  -1.3567918E-06   7.2888535E-10   8.1433918E-10
  2.0107893E-07   6.9133158E-06  -7.4635927E-07   1.9734205E-08   3.6644217E-04   1.7739126E-05   9.7767144E-06  -7.0509177E-08   1.8285178E-03  -4.6029149E-05  -4.3366156E-04   1.0744655E-02   4.5700534E-03   1.1071418E-03  -1.8840516E-04   7.6507504E-04   5.0871660E-05   2.6171543E-04   3.3724479E-04  -6.2731801E-05   2.2132705E-06   6.6480139E-07   1.4302903E-06   1.0565794E-06   1.1148345E-06   2.5028249E-05  -8.6165165E-09   5.2714490E-08
 -1.9405330E-08  -7.4635927E-07   1.6400336E-07  -5.0545599E-08  -4.2519923E-05  -1.9090152E-06  -1.1299946E-06   1.7620748E-08  -2.2241360E-04   7.8678437E-06   4.5453111E-05  -1.1692575E-03  -4.6347629E-04  -3.7073323E-05   9.0588204E-05  -1.0061657E-04  -8.5637385E-06  -3.4771104E-05  -3.7997832E-05   1.7401751E-05  -3.0209657E-07  -5.3328700E-08  -4.4908792E-07  -1.7409284E-07  -4.9934887E-07  -3.0389603E-06  -6.6441742E-10  -5.5908343E-09
  1.9059633E-07   1.9734205E-08  -5.0545599E-08   6.3068557E-05   8.6662545E-05   1.2524452E-04   8.5361660E-06  -4.2124481E-07  -1.7615813E-03   5.4457680E-05   1.5443694E-04  -1.0394610E-02  -2.0819909E-03   2.9030255E-04   8.6003730E-04  -4.3267882E-04   4.4100503E-05  -3.8840085E-04  -7.2641558E-04  -3.8296191E-04   2.8507995E-06   3.7146574E-06  -4.7508645E-06  -3.4306085E-06   1.8074387E-06  -1.4451668E-05   1.0380794E-08  -1.4966375E-07
  1.5899788E-05   3.6644217E-04  -4.2519923E-05   8.6662545E-05   2.2705453E-02   1.1198094E-03   7.4622070E-04  -2.3027810E-06   1.0093622E-01  -2.6549781E-03  -2.4137689E-02   6.2750449E-01   2.5861222E-01   5.7781916E-02  -1.4963813E-02   4.7447310E-02   7.6915328E-03   1.8432234E-02   2.3803407E-02   5.3993615E-03   1.3772191E-04   9.3849144E-06  -4.7029437E-05  -3.5628716E-05  -7.7456063E-05   7.6687449E-04  -1.0349614E-06   2.5574832E-06
  1.0082804E-06   1.7739126E-05  -1.9090152E-06   1.2524452E-04   1.1198094E-03   3.2328975E-04   4.1698819E-05   1.1709058E-05  -1.7822778E-05   5.2536438E-05  -8.6627637E-04   7.4403488E-03   8.1271273E-03   6.1347366E-03   7.8656330E-03   2.5437549E-04   9.6843622E-05  -6.9258287E-04  -1.1933657E-03   1.0910915E-03   5.2578626E-06   5.3668517E-06  -1.5386535E-05  -4.2766465E-06   7.4969398E-06   4.4637673E-05   1.1696505E-07  -9.1879654E-08
  6.6298973E-07   9.7767144E-06  -1.1299946E-06   8.5361660E-06   7.4622070E-04   4.1698819E-05   3.8759649E-05   2.6298723E-07  -5.1841243E-04   4.4618293E-06  -9.0908616E-05   3.6049159E-04   2.9630069E-03   3.1025657E-03   3.4224613E-03  -2.2165995E-04   6.3926931E-04   2.9609717E-04   3.4931568E-04   1.1660814E-03   5.6227414E-06   7.1614940E-07  -6.4381058E-06  -6.0134862E-06  -1.3642869E-05   5.4220071E-07  -1.4296775E-07   8.1031796E-09
  6.5316434E-09  -7.0509177E-08   1.7620748E-08  -4.2124481E-07  -2.3027810E-06   1.1709058E-05   2.6298723E-07   6.2703849E-06   2.6216550E-04   9.2032112E-09  -1.4285147E-05   2.5084169E-03   2.1825012E-04   3.7741808E-04   1.7227611E-03  -6.5998429E-05   9.3375242E-05  -1.1600785E-05  -6.2163763E-05   9.8572680E-04  -1.6909829E-06  -1.2662325E-06  -4.0614180E-06  -1.4314051E-07   1.1303447E-06   5.1442418E-06  -9.4572879E-09   2.8143546E-08
  3.6422178E-06   1.8285178E-03  -2.2241360E-04  -1.7615813E-03   1.0093622E-01  -1.7822778E-05  -5.1841243E-04   2.6216550E-04   4.5030529E+01  -4.1390332E-01  -1.0886163E+00   3.9020132E+01   2.4970551E+00  -1.3501315E+01  -5.5767809E+01   7.9631076E-02   4.5670288E-01   5.3274547E-01  -6.1873148E+00  -3.4219922E+01   4.4758294E-03   3.7212213E-03   1.0408511E-02  -1.9321495E-03  -2.6420964E-03   5.4170377E-03  -1.6863016E-04   6.7560835E-04
  7.7910851E-07  -4.6029149E-05   7.8678437E-06   5.4457680E-05  -2.6549781E-03   5.2536438E-05   4.4618293E-06   9.2032112E-09  -4.1390332E-01   8.0775669E-02  -3.1686848E-02  -7.5040113E-01   8.6173300E-01   1.6774493E+00   6.4243538E-01   4.0695588E-02  -2.4528056E-02   9.3610927E-03   1.1966311E-01   1.6655356E-01  -6.2045809E-05  -7.7515770E-05  -1.0045535E-04   2.8410440E-04   7.4165331E-05   6.9424893E-04   3.5496470E-06   1.9563887E-06
 -3.8247421E-06  -4.3366156E-04   4.5453111E-05   1.5443694E-04  -2.4137689E-02  -8.6627637E-04  -9.0908616E-05  -1.4285147E-05  -1.0886163E+00  -3.1686848E-02   3.7204029E+00  -2.9189175E+01  -3.3218495E+00   7.3724240E+00   5.3378009E+00  -2.5442809E+00  -2.0573776E-01   6.9511006E-02   2.5526108E+00   3.3548919E+00   4.4661365E-04   1.1011434E-03  -5.3104246E-03   1.7633608E-03  -1.3158572E-03  -6.8973046E-03   1.1935683E-04  -3.5367660E-05
  1.4671127E-04   1.0744655E-02  -1.1692575E-03  -1.0394610E-02   6.2750449E-01   7.4403488E-03   3.6049159E-04   2.5084169E-03   3.9020132E+01  -7.5040113E-01  -2.9189175E+01   7.6922054E+02   7.1032730E+01  -5.4534624E+01  -6.2317753E+01   1.3848278E+01  -5.8268553E+00   7.3384765E+00  -9.3191778E+00  -2.1950897E+01  -1.3690838E-04  -1.2913092E-02   6.4321757E-02  -3.8681003E-02   1.0247862E-02   7.5965291E-02   3.6902085E-03   5.3070237E-04
  2.3792722E-05   4.5700534E-03  -4.6347629E-04  -2.0819909E-03   2.5861222E-01   8.1271273E-03   2.9630069E-03   2.1825012E-04   2.4970551E+00   8.6173300E-01  -3.3218495E+00   7.1032730E+01   6.0759821E+01   3.8784705E+01   1.4029766E+01  -3.9468536E+00  -3.8393098E-01  -8.0748923E-01   3.9192726E+00   4.5402896E+00  -1.0390363E-03  -1.3500536E-03  -2.9246610E-03   2.4730058E-03   1.0768695E-02   4.0445649E-02   6.2382813E-05   1.9054976E-04
  1.5031813E-05   1.1071418E-03  -3.7073323E-05   2.9030255E-04   5.7781916E-02   6.1347366E-03   3.1025657E-03   3.7741808E-04  -1.3501315E+01   1.6774493E+00   7.3724240E+00  -5.4534624E+01   3.8784705E+01   8.2764583E+01   5.2124021E+01  -1.0722232E+01  -1.1002438E+00  -6.5698901E-01   5.2551935E+00   9.1973130E+00  -2.1092601E-03  -1.1259520E-03  -6.7503887E-03   1.0847379E-02   4.5744579E-03   3.4836047E-02   4.6336583E-04  -2.1006168E-04
  3.6296354E-06  -1.8840516E-04   9.0588204E-05   8.6003730E-04  -1.4963813E-02   7.8656330E-03   3.4224613E-03   1.7227611E-03  -5.5767809E+01   6.4243538E-01   5.3378009E+00  -6.2317753E+01   1.4029766E+01   5.2124021E+01   1.0388008E+02  -8.7279931E+00  -8.6198562E-01  -1.0518365E+00   6.3391495E+00   3.5703894E+01  -7.3390000E-03  -2.5306608E-03  -1.0956051E-02   9.7107029E-03   8.7296514E-03   1.6751739E-02   4.5765727E-04  -1.1665721E-03
  8.6558510E-06   7.6507504E-04  -1.0061657E-04  -4.3267882E-04   4.7447310E-02   2.5437549E-04  -2.2165995E-04  -6.5998429E-05   7.9631076E-02   4.0695588E-02  -2.5442809E+00   1.3848278E+01  -3.9468536E+00  -1.0722232E+01  -8.7279931E+00   5.4985848E+00   1.1672940E-01  -1.2219313E-01  -1.8701229E+00  -2.1934671E+00   7.0224766E-04  -3.8387056E-04   1.2620732E-03   2.6305532E-04   1.9717503E-03  -6.0456071E-05  -8.8241011E-05  -2.7925333E-06
  4.6865467E-06   5.0871660E-05  -8.5637385E-06   4.4100503E-05   7.6915328E-03   9.6843622E-05   6.3926931E-04   9.3375242E-05   4.5670288E-01  -2.4528056E-02  -2.0573776E-01  -5.8268553E+00  -3.8393098E-01  -1.1002438E+00  -8.6198562E-01   1.1672940E-01   3.3504881E+00   4.9426272E-01   6.8797467E-02  -1.9945297E-01   1.4819184E-03   9.5344117E-05  -1.9206121E-03  -2.3355897E-04   1.1411962E-03   3.4380251E-03   1.7645616E-04  -2.5864016E-05
  2.9719563E-06   2.6171543E-04  -3.4771104E-05  -3.8840085E-04   1.8432234E-02  -6.9258287E-04   2.9609717E-04  -1.1600785E-05   5.3274547E-01   9.3610927E-03   6.9511006E-02   7.3384765E+00  -8.0748923E-01  -6.5698901E-01  -1.0518365E+00  -1.2219313E-01   4.9426272E-01   3.2568056E+00   2.8352720E+00   2.8625918E+00   1.3315282E-03  -1.0360593E-03   1.3643969E-03  -6.1152292E-04   1.7248566E-03   4.8639958E-03  -1.7741724E-04  -4.6832746E-05
  2.8203603E-06   3.3724479E-04  -3.7997832E-05  -7.2641558E-04   2.3803407E-02  -1.1933657E-03   3.4931568E-04  -6.2163763E-05  -6.1873148E+00   1.1966311E-01   2.5526108E+00  -9.3191778E+00   3.9192726E+00   5.2551935E+00   6.3391495E+00  -1.8701229E+00   6.8797467E-02   2.8352720E+00   1.0961788E+01   1.9618004E+01   1.2121713E-03  -7.6854739E-04  -7.8801841E-03   1.2774009E-03   8.8962198E-04  -5.7052812E-04  -4.8249905E-05   3.8970019E-04
  2.9301339E-06  -6.2731801E-05   1.7401751E-05  -3.8296191E-04   5.3993615E-03   1.0910915E-03   1.1660814E-03   9.8572680E-04  -3.4219922E+01   1.6655356E-01   3.3548919E+00  -2.1950897E+01   4.5402896E+00   9.1973130E+00   3.5703894E+01  -2.1934671E+00  -1.9945297E-01   2.8625918E+00   1.9618004E+01   5.4451364E+01  -1.5221024E-03  -4.8743320E-03  -1.5396200E-02   1.2216986E-03   1.9257338E-03  -7.9880134E-03   2.2690945E-06   8.9947891E-04
  6.3679544E-09   2.2132705E-06  -3.0209657E-07   2.8507995E-06   1.3772191E-04   5.2578626E-06   5.6227414E-06  -1.6909829E-06   4.4758294E-03  -6.2045809E-05   4.4661365E-04  -1.3690838E-04  -1.0390363E-03  -2.1092601E-03  -7.3390000E-03   7.0224766E-04   1.4819184E-03   1.3315282E-03   1.2121713E-03  -1.5221024E-03   1.4568374E-03   2.6281830E-04   9.2726570E-05  -3.6896309E-04  -1.0688921E-04   1.1519987E-04  -2.3814552E-08   7.4317516E-08
 -1.5636260E-07   6.6480139E-07  -5.3328700E-08   3.7146574E-06   9.3849144E-06   5.3668517E-06   7.1614940E-07  -1.2662325E-06   3.7212213E-03  -7.7515770E-05   1.1011434E-03  -1.2913092E-02  -1.3500536E-03  -1.1259520E-03  -2.5306608E-03  -3.8387056E-04   9.5344117E-05  -1.0360593E-03  -7.6854739E-04  -4.8743320E-03   2.6281830E-04   8.8471413E-04   5.7715285E-05   7.7204653E-04   8.0322819E-05  -7.8104544E-04  -2.2647429E-07   6.2758260E-09
 -2.4102148E-07   1.4302903E-06  -4.4908792E-07  -4.7508645E-06  -4.7029437E-05  -1.5386535E-05  -6.4381058E-06  -4.0614180E-06   1.0408511E-02  -1.0045535E-04  -5.3104246E-03   6.4321757E-02  -2.9246610E-03  -6.7503887E-03  -1.0956051E-02   1.2620732E-03  -1.9206121E-03   1.3643969E-03  -7.8801841E-03  -1.5396200E-02   9.2726570E-05   5.7715285E-05   7.1938700E-03  -2.7244982E-04   6.5023981E-04   4.6344896E-03  -7.6932334E-07   5.2113084E-07
 -3.4739785E-07   1.0565794E-06  -1.7409284E-07  -3.4306085E-06  -3.5628716E-05  -4.2766465E-06  -6.0134862E-06  -1.4314051E-07  -1.9321495E-03   2.8410440E-04   1.7633608E-03  -3.8681003E-02   2.4730058E-03   1.0847379E-02   9.7107029E-03   2.6305532E-04  -2.3355897E-04  -6.1152292E-04   1.2774009E-03   1.2216986E-03  -3.6896309E-04   7.7204653E-04  -2.7244982E-04   2.9128687E-03   5.7781540E-04  -8.5906164E-04  -5.4426140E-07   1.5600911E-07
 -5.6633830E-07   1.1148345E-06  -4.9934887E-07   1.8074387E-06  -7.7456063E-05   7.4969398E-06  -1.3642869E-05   1.1303447E-06  -2.6420964E-03   7.4165331E-05  -1.3158572E-03   1.0247862E-02   1.0768695E-02   4.5744579E-03   8.7296514E-03   1.9717503E-03   1.1411962E-03   1.7248566E-03   8.8962198E-04   1.9257338E-03  -1.0688921E-04   8.0322819E-05   6.5023981E-04   5.7781540E-04   6.3979300E-03   8.1625152E-03  -1.8170977E-07  -4.2716158E-07
 -1.3567918E-06   2.5028249E-05  -3.0389603E-06  -1.4451668E-05   7.6687449E-04   4.4637673E-05   5.4220071E-07   5.1442418E-06   5.4170377E-03   6.9424893E-04  -6.8973046E-03   7.5965291E-02   4.0445649E-02   3.4836047E-02   1.6751739E-02  -6.0456071E-05   3.4380251E-03   4.8639958E-03  -5.7052812E-04  -7.9880134E-03   1.1519987E-04  -7.8104544E-04   4.6344896E-03  -8.5906164E-04   8.1625152E-03   7.1820226E-02  -4.3290989E-07   1.5171971E-06
  7.2888535E-10  -8.6165165E-09  -6.6441742E-10   1.0380794E-08  -1.0349614E-06   1.1696505E-07  -1.4296775E-07  -9.4572879E-09  -1.6863016E-04   3.5496470E-06   1.1935683E-04   3.6902085E-03   6.2382813E-05   4.6336583E-04   4.5765727E-04  -8.8241011E-05   1.7645616E-04  -1.7741724E-04  -4.8249905E-05   2.2690945E-06  -2.3814552E-08  -2.2647429E-07  -7.6932334E-07  -5.4426140E-07  -1.8170977E-07  -4.3290989E-07   3.7884521E-07  -4.4337192E-09
  8.1433918E-10   5.2714490E-08  -5.5908343E-09  -1.4966375E-07   2.5574832E-06  -9.1879654E-08   8.1031796E-09   2.8143546E-08   6.7560835E-04   1.9563887E-06  -3.5367660E-05   5.3070237E-04   1.9054976E-04  -2.1006168E-04  -1.1665721E-03  -2.7925333E-06  -2.5864016E-05  -4.6832746E-05   3.8970019E-04   8.9947891E-04   7.4317516E-08   6.2758260E-09   5.2113084E-07   1.5600911E-07  -4.2716158E-07   1.5171971E-06  -4.4337192E-09   3.8353523E-07
