# omegabh2 omegach2 theta tau nnu yhe logA ns calPlanck acib217 xi asz143 aps100 aps143 aps143217 aps217 aksz kgal100 kgal143 kgal143217 kgal217 galfTE100 galfTE100143 galfTE100217 galfTE143 galfTE143217 galfTE217 cal0 cal2
  4.8744860E-08   2.8276975E-07  -1.6031032E-08   5.4439987E-07   2.6782728E-05   7.5295393E-07   2.0889175E-06   1.4689403E-06   1.4772620E-08   6.8826552E-05  -2.5553931E-06   1.2792215E-05   1.6073043E-04   8.2856073E-05   5.5636176E-05  -5.3761278E-06   9.8351819E-06   1.0383212E-05   9.6912079E-06   1.1633870E-05  -1.3703514E-05  -7.9052724E-08  -1.1376113E-07  -3.0579510E-07  -3.0448689E-07  -9.0866073E-07  -2.9747425E-06  -1.8578597E-09   1.4622232E-09
  2.8276975E-07   2.0187070E-05  -4.8060142E-06  -1.6235830E-06   1.2906954E-03  -5.3397419E-05   3.3683344E-05   1.6305441E-05  -3.1724561E-07   7.0447653E-04  -4.5585462E-05  -2.5049887E-04   5.1771632E-03  -2.1456639E-05  -1.8952570E-03  -2.1159491E-03   4.8837119E-04  -2.2479255E-04   9.5608181E-05  -2.7154869E-05  -1.1234631E-04  -8.6388924E-07  -2.0747747E-07  -6.8225143E-06   4.4864547E-06   2.4648232E-07  -1.0460689E-06  -6.2786122E-09   6.0830240E-08
 -1.6031032E-08  -4.8060142E-06   1.4623384E-06   4.0639667E-07  -3.1917878E-04   1.9042919E-05  -6.5408971E-06  -1.8892472E-06   4.1569226E-08   2.8462718E-04  -1.6569977E-06   1.6303460E-05   4.0236194E-04   1.0915320E-03   9.4224113E-04   5.8225029E-04   3.9718973E-05   1.1017455E-04   4.8661567E-05   9.7348666E-05  -5.7680359E-07   6.9476259E-08  -1.2974650E-07   1.2133883E-06  -1.0557678E-06  -1.0768137E-06  -1.8100216E-07  -8.1578777E-09   3.0291655E-09
  5.4439987E-07  -1.6235830E-06   4.0639667E-07   5.7099758E-05   1.6238563E-04   1.0144539E-05   1.1049061E-04   2.1652484E-05  -9.3079628E-07   4.8175780E-04   3.8289339E-05   2.8210088E-04  -6.4210164E-03  -1.3713361E-03   5.4844949E-04  -8.7121892E-04  -4.9477580E-04   1.7832305E-04  -9.0486828E-05  -4.2781415E-04  -1.7094760E-03  -6.6373152E-07  -7.1030081E-08  -1.2138479E-05  -4.5684787E-06  -1.1373087E-05  -4.9667725E-05  -1.0000113E-07  -1.1709241E-07
  2.6782728E-05   1.2906954E-03  -3.1917878E-04   1.6238563E-04   8.8754647E-02  -3.5788694E-03   2.6928537E-03   1.3908424E-03  -2.8547376E-06   4.1855053E-02  -2.8152028E-03  -1.0627178E-02   2.8197434E-01  -3.4219143E-02  -1.3761144E-01  -1.4283815E-01   2.4572215E-02  -1.3989584E-02   5.0997775E-03  -9.1483655E-04  -8.4537368E-03  -5.4056154E-05  -2.4369198E-05  -5.1669183E-04   1.9572133E-04  -1.4746560E-04  -8.8148651E-04  -4.4392738E-07   2.2775499E-06
  7.5295393E-07  -5.3397419E-05   1.9042919E-05   1.0144539E-05  -3.5788694E-03   3.1899830E-04  -3.6649703E-05   2.1039642E-05   7.7825531E-07   1.0903584E-02  -2.0552425E-04  -4.4444784E-04   3.2629804E-02   3.1196035E-02   1.9742761E-02   8.5516999E-03   3.1018466E-03   2.2578793E-03   1.6279028E-03   2.4714424E-03  -8.2952749E-04  -2.8900111E-06  -8.5202153E-06   5.9271742E-06  -1.4347135E-05  -3.0549659E-05   2.6228364E-05  -2.4461915E-07   2.4730501E-07
  2.0889175E-06   3.3683344E-05  -6.5408971E-06   1.1049061E-04   2.6928537E-03  -3.6649703E-05   3.1746148E-04   8.9754537E-05   9.2729287E-06   4.3130977E-03  -6.3103799E-05  -6.5206711E-05   8.9200589E-03   5.3501988E-03   2.9912012E-03   1.3917258E-03   5.6451043E-05   5.5700011E-05  -1.4766558E-04  -5.4760119E-04  -1.6006603E-03  -3.8719805E-06  -3.9901378E-06  -3.6618368E-05  -5.1375608E-06  -3.3619957E-05  -6.9757502E-05  -1.5411344E-07  -5.8420215E-08
  1.4689403E-06   1.6305441E-05  -1.8892472E-06   2.1652484E-05   1.3908424E-03   2.1039642E-05   8.9754537E-05   7.2558408E-05   9.1265159E-07   2.4379183E-03  -6.1093588E-05   4.0784555E-04   1.3291682E-03   6.8124327E-03   6.1207160E-03   3.2154539E-03  -1.6357938E-05   7.4826506E-04   3.8537224E-04   6.8361816E-04   1.2957890E-05  -2.5628295E-06  -5.9786863E-06  -1.5453823E-05  -4.8206114E-06  -2.2370434E-05  -2.8503294E-05  -2.2320710E-07   4.8674964E-08
  1.4772620E-08  -3.1724561E-07   4.1569226E-08  -9.3079628E-07  -2.8547376E-06   7.7825531E-07   9.2729287E-06   9.1265159E-07   5.8580378E-06   5.0927203E-04  -5.9153010E-06   9.2464641E-06   3.2689883E-03   7.2915999E-04   3.3632802E-04   1.5547254E-03  -5.1177224E-05   1.4565992E-05   1.2877028E-06   1.2915872E-04   1.0508327E-03  -6.4925030E-08  -5.9863969E-07   4.9952208E-07  -1.1604201E-06  -2.7814327E-08   1.6507944E-05  -1.5002943E-08   1.8191139E-09
  6.8826552E-05   7.0447653E-04   2.8462718E-04   4.8175780E-04   4.1855053E-02   1.0903584E-02   4.3130977E-03   2.4379183E-03   5.0927203E-04   4.3752425E+01  -3.8616263E-01  -8.7746007E-01   3.8185634E+01   4.2375635E+00  -1.1257223E+01  -5.3017843E+01   3.5591807E-03   1.6211747E-01   7.6646123E-01  -5.3565116E+00  -3.1972179E+01  -2.1862094E-04   8.9060939E-04  -2.3460890E-02  -3.4018506E-04  -6.8825343E-03  -1.4959909E-02  -2.3136066E-04   7.0262037E-04
 -2.5553931E-06  -4.5585462E-05  -1.6569977E-06   3.8289339E-05  -2.8152028E-03  -2.0552425E-04  -6.3103799E-05  -6.1093588E-05  -5.9153010E-06  -3.8616263E-01   8.1178118E-02  -4.4460474E-02  -5.8677683E-01   8.6386216E-01   1.6604414E+00   6.1772592E-01   2.9551040E-02  -9.9663675E-03   8.9287292E-03   9.6638670E-02   1.1169174E-01   9.1711408E-05  -2.3737286E-05   3.0650610E-04  -1.9658776E-04   1.1118804E-04   8.7283848E-04   4.6295347E-06  -1.4777256E-06
  1.2792215E-05  -2.5049887E-04   1.6303460E-05   2.8210088E-04  -1.0627178E-02  -4.4444784E-04  -6.5206711E-05   4.0784555E-04   9.2464641E-06  -8.7746007E-01  -4.4460474E-02   3.7798120E+00  -3.0026886E+01  -3.5443348E+00   7.1137098E+00   4.9732090E+00  -2.6293943E+00  -1.8495063E-01   9.3637465E-02   2.5202061E+00   3.1007194E+00  -1.8400930E-03  -5.8562303E-04   9.5719949E-04  -8.0227363E-04   4.8067491E-04   2.0934526E-03   1.2070435E-04  -4.3987887E-05
  1.6073043E-04   5.1771632E-03   4.0236194E-04  -6.4210164E-03   2.8197434E-01   3.2629804E-02   8.9200589E-03   1.3291682E-03   3.2689883E-03   3.8185634E+01  -5.8677683E-01  -3.0026886E+01   7.7331497E+02   7.2973891E+01  -5.0262427E+01  -5.9207761E+01   1.5151395E+01  -6.0072552E+00   6.5111217E+00  -1.1384718E+01  -2.3792520E+01   1.8877733E-02   4.0696683E-03  -4.9213192E-02  -1.0797079E-03  -5.5192250E-02   1.5727805E-02   3.4720512E-03   5.5794999E-04
  8.2856073E-05  -2.1456639E-05   1.0915320E-03  -1.3713361E-03  -3.4219143E-02   3.1196035E-02   5.3501988E-03   6.8124327E-03   7.2915999E-04   4.2375635E+00   8.6386216E-01  -3.5443348E+00   7.2973891E+01   6.3958363E+01   4.0852423E+01   1.4059179E+01  -3.7092939E+00  -2.6185120E-01  -9.2448036E-01   3.4249846E+00   3.2980666E+00   3.6111830E-03   2.3478918E-03  -2.5892172E-03  -1.5910283E-03  -1.2795863E-02   2.5885616E-02   2.7237445E-05   2.9778098E-04
  5.5636176E-05  -1.8952570E-03   9.4224113E-04   5.4844949E-04  -1.3761144E-01   1.9742761E-02   2.9912012E-03   6.1207160E-03   3.3632802E-04  -1.1257223E+01   1.6604414E+00   7.1137098E+00  -5.0262427E+01   4.0852423E+01   8.3626234E+01   5.0653076E+01  -1.0767193E+01  -6.0454645E-01  -5.7209463E-01   4.6038442E+00   6.7081131E+00  -4.2935003E-03  -3.3611211E-03   7.5080262E-03  -8.5628955E-03  -6.3650660E-03   3.7969237E-02   4.3648900E-04  -2.4203549E-04
 -5.3761278E-06  -2.1159491E-03   5.8225029E-04  -8.7121892E-04  -1.4283815E-01   8.5516999E-03   1.3917258E-03   3.2154539E-03   1.5547254E-03  -5.3017843E+01   6.1772592E-01   4.9732090E+00  -5.9207761E+01   1.4059179E+01   5.0653076E+01   1.0007069E+02  -8.1771476E+00  -4.3593796E-01  -1.5176300E+00   4.9457877E+00   3.1606352E+01  -3.8980528E-03  -6.1073547E-03   3.0089488E-02  -9.6575045E-03  -7.2239951E-04   3.2132733E-02   5.1101037E-04  -1.2158564E-03
  9.8351819E-06   4.8837119E-04   3.9718973E-05  -4.9477580E-04   2.4572215E-02   3.1018466E-03   5.6451043E-05  -1.6357938E-05  -5.1177224E-05   3.5591807E-03   2.9551040E-02  -2.6293943E+00   1.5151395E+01  -3.7092939E+00  -1.0767193E+01  -8.1771476E+00   5.6140451E+00   1.5146350E-01  -9.2284093E-02  -1.8820120E+00  -2.0874147E+00   8.7117578E-04   1.0950135E-04   9.8841928E-04   2.0185937E-03   2.2454859E-03  -5.5945357E-03  -8.9093577E-05   1.0473793E-05
  1.0383212E-05  -2.2479255E-04   1.1017455E-04   1.7832305E-04  -1.3989584E-02   2.2578793E-03   5.5700011E-05   7.4826506E-04   1.4565992E-05   1.6211747E-01  -9.9663675E-03  -1.8495063E-01  -6.0072552E+00  -2.6185120E-01  -6.0454645E-01  -4.3593796E-01   1.5146350E-01   3.3684775E+00   5.8608316E-01   1.6872837E-01   2.6392645E-01  -7.1665846E-04  -4.9183716E-04   1.0625499E-03  -1.0596985E-03  -2.7560325E-03   6.7245954E-04   1.7876809E-04  -6.4177930E-07
  9.6912079E-06   9.5608181E-05   4.8661567E-05  -9.0486828E-05   5.0997775E-03   1.6279028E-03  -1.4766558E-04   3.8537224E-04   1.2877028E-06   7.6646123E-01   8.9287292E-03   9.3637465E-02   6.5111217E+00  -9.2448036E-01  -5.7209463E-01  -1.5176300E+00  -9.2284093E-02   5.8608316E-01   3.2359761E+00   2.8054459E+00   2.7775091E+00  -7.2856593E-04  -2.3529920E-04  -4.6042789E-03   7.3658304E-04  -1.5408509E-04  -5.6182639E-03  -1.8910498E-04  -4.0857467E-05
  1.1633870E-05  -2.7154869E-05   9.7348666E-05  -4.2781415E-04  -9.1483655E-04   2.4714424E-03  -5.4760119E-04   6.8361816E-04   1.2915872E-04  -5.3565116E+00   9.6638670E-02   2.5202061E+00  -1.1384718E+01   3.4249846E+00   4.6038442E+00   4.9457877E+00  -1.8820120E+00   1.6872837E-01   2.8054459E+00   1.0627309E+01   1.8816741E+01  -6.0572267E-04   2.4353056E-04  -1.4630992E-03   1.4023735E-03   2.5367790E-03   1.0503477E-02  -3.1132639E-05   4.0331212E-04
 -1.3703514E-05  -1.1234631E-04  -5.7680359E-07  -1.7094760E-03  -8.4537368E-03  -8.2952749E-04  -1.6006603E-03   1.2957890E-05   1.0508327E-03  -3.1972179E+01   1.1169174E-01   3.1007194E+00  -2.3792520E+01   3.2980666E+00   6.7081131E+00   3.1606352E+01  -2.0874147E+00   2.6392645E-01   2.7775091E+00   1.8816741E+01   5.2272877E+01  -1.0418457E-04   1.1720860E-03   1.3184462E-02   6.6863682E-03   9.3543464E-03   4.1289427E-02   5.0494669E-05   9.6601181E-04
 -7.9052724E-08  -8.6388924E-07   6.9476259E-08  -6.6373152E-07  -5.4056154E-05  -2.8900111E-06  -3.8719805E-06  -2.5628295E-06  -6.4925030E-08  -2.1862094E-04   9.1711408E-05  -1.8400930E-03   1.8877733E-02   3.6111830E-03  -4.2935003E-03  -3.8980528E-03   8.7117578E-04  -7.1665846E-04  -7.2856593E-04  -6.0572267E-04  -1.0418457E-04   1.4237390E-03   2.4575771E-04   1.0311397E-04  -3.5296276E-04  -3.4575431E-05  -1.3095206E-04   2.5270455E-07   1.5052486E-07
 -1.1376113E-07  -2.0747747E-07  -1.2974650E-07  -7.1030081E-08  -2.4369198E-05  -8.5202153E-06  -3.9901378E-06  -5.9786863E-06  -5.9863969E-07   8.9060939E-04  -2.3737286E-05  -5.8562303E-04   4.0696683E-03   2.3478918E-03  -3.3611211E-03  -6.1073547E-03   1.0950135E-04  -4.9183716E-04  -2.3529920E-04   2.4353056E-04   1.1720860E-03   2.4575771E-04   8.6701882E-04   7.5006773E-05   7.6448910E-04   5.8429089E-05  -8.4651838E-04  -2.0380276E-07   2.4585350E-07
 -3.0579510E-07  -6.8225143E-06   1.2133883E-06  -1.2138479E-05  -5.1669183E-04   5.9271742E-06  -3.6618368E-05  -1.5453823E-05   4.9952208E-07  -2.3460890E-02   3.0650610E-04   9.5719949E-04  -4.9213192E-02  -2.5892172E-03   7.5080262E-03   3.0089488E-02   9.8841928E-04   1.0625499E-03  -4.6042789E-03  -1.4630992E-03   1.3184462E-02   1.0311397E-04   7.5006773E-05   6.9999962E-03  -2.6728413E-04   6.0143796E-04   4.3969295E-03   3.9242803E-07  -5.8101691E-07
 -3.0448689E-07   4.4864547E-06  -1.0557678E-06  -4.5684787E-06   1.9572133E-04  -1.4347135E-05  -5.1375608E-06  -4.8206114E-06  -1.1604201E-06  -3.4018506E-04  -1.9658776E-04  -8.0227363E-04  -1.0797079E-03  -1.5910283E-03  -8.5628955E-03  -9.6575045E-03   2.0185937E-03  -1.0596985E-03   7.3658304E-04   1.4023735E-03   6.6863682E-03  -3.5296276E-04   7.6448910E-04  -2.6728413E-04   2.9555282E-03   4.9400864E-04  -1.0565767E-03  -4.0127388E-07   3.0362311E-07
 -9.0866073E-07   2.4648232E-07  -1.0768137E-06  -1.1373087E-05  -1.4746560E-04  -3.0549659E-05  -3.3619957E-05  -2.2370434E-05  -2.7814327E-08  -6.8825343E-03   1.1118804E-04   4.8067491E-04  -5.5192250E-02  -1.2795863E-02  -6.3650660E-03  -7.2239951E-04   2.2454859E-03  -2.7560325E-03  -1.5408509E-04   2.5367790E-03   9.3543464E-03  -3.4575431E-05   5.8429089E-05   6.0143796E-04   4.9400864E-04   6.4221641E-03   8.0607484E-03   3.5357021E-07   8.2173836E-08
 -2.9747425E-06  -1.0460689E-06  -1.8100216E-07  -4.9667725E-05  -8.8148651E-04   2.6228364E-05  -6.9757502E-05  -2.8503294E-05   1.6507944E-05  -1.4959909E-02   8.7283848E-04   2.0934526E-03   1.5727805E-02   2.5885616E-02   3.7969237E-02   3.2132733E-02  -5.5945357E-03   6.7245954E-04  -5.6182639E-03   1.0503477E-02   4.1289427E-02  -1.3095206E-04  -8.4651838E-04   4.3969295E-03  -1.0565767E-03   8.0607484E-03   7.1827135E-02   3.7162802E-06  -1.9422852E-06
 -1.8578597E-09  -6.2786122E-09  -8.1578777E-09  -1.0000113E-07  -4.4392738E-07  -2.4461915E-07  -1.5411344E-07  -2.2320710E-07  -1.5002943E-08  -2.3136066E-04   4.6295347E-06   1.2070435E-04   3.4720512E-03   2.7237445E-05   4.3648900E-04   5.1101037E-04  -8.9093577E-05   1.7876809E-04  -1.8910498E-04  -3.1132639E-05   5.0494669E-05   2.5270455E-07  -2.0380276E-07   3.9242803E-07  -4.0127388E-07   3.5357021E-07   3.7162802E-06   3.7170791E-07  -2.5181384E-09
  1.4622232E-09   6.0830240E-08   3.0291655E-09  -1.1709241E-07   2.2775499E-06   2.4730501E-07  -5.8420215E-08   4.8674964E-08   1.8191139E-09   7.0262037E-04  -1.4777256E-06  -4.3987887E-05   5.5794999E-04   2.9778098E-04  -2.4203549E-04  -1.2158564E-03   1.0473793E-05  -6.4177930E-07  -4.0857467E-05   4.0331212E-04   9.6601181E-04   1.5052486E-07   2.4585350E-07  -5.8101691E-07   3.0362311E-07   8.2173836E-08  -1.9422852E-06  -2.5181384E-09   3.9467861E-07
