# omegabh2 omegach2 theta tau logA ns calPlanck galfEE100 galfEE100143 galfEE100217 galfEE143 galfEE143217 galfEE217
    0.3325647E-06   -0.2284981E-06    0.1816456E-07   -0.5558657E-05   -0.6566615E-05    0.5260983E-07   -0.5832011E-07   -0.4485056E-06   -0.5370416E-06   -0.1240832E-06   -0.6160774E-06   -0.1767850E-06   -0.3456541E-06
   -0.2284981E-06    0.1955950E-05    0.2388530E-06   -0.6756724E-05   -0.1061769E-04   -0.5213495E-05    0.1714229E-07   -0.7880966E-06   -0.8657135E-06   -0.9779516E-06   -0.6399779E-06   -0.6121974E-06   -0.2527055E-05
    0.1816456E-07    0.2388530E-06    0.5876933E-06    0.3115850E-05    0.7157969E-05    0.2413443E-06    0.4587718E-07   -0.1382081E-06   -0.7127187E-07   -0.1066359E-05   -0.2839524E-07   -0.2147838E-05   -0.1920005E-05
   -0.5558657E-05   -0.6756724E-05    0.3115850E-05    0.3716900E-03    0.5956679E-03    0.2528768E-04   -0.4384601E-05    0.1494560E-04    0.1622316E-04   -0.7140096E-05    0.1865213E-04    0.1942242E-04    0.1739390E-04
   -0.6566615E-05   -0.1061769E-04    0.7157969E-05    0.5956679E-03    0.1024393E-02    0.4956248E-04    0.3043190E-05    0.2143118E-04    0.2207086E-04   -0.1751208E-04    0.2643184E-04    0.2517831E-04   -0.8978008E-05
    0.5260983E-07   -0.5213495E-05    0.2413443E-06    0.2528768E-04    0.4956248E-04    0.1203042E-03    0.1911201E-06    0.1774122E-04    0.2192975E-04   -0.2259845E-05    0.2120004E-04   -0.1278310E-04   -0.4639541E-04
   -0.5832011E-07    0.1714229E-07    0.4587718E-07   -0.4384601E-05    0.3043190E-05    0.1911201E-06    0.6279588E-05    0.8910015E-06    0.8455717E-06    0.1399013E-05    0.1025774E-05    0.2436319E-05    0.3848151E-05
   -0.4485056E-06   -0.7880966E-06   -0.1382081E-06    0.1494560E-04    0.2143118E-04    0.1774122E-04    0.8910015E-06    0.3581175E-04    0.1282053E-04    0.1258954E-05    0.7986752E-05    0.1997921E-05    0.3619759E-05
   -0.5370416E-06   -0.8657135E-06   -0.7127187E-07    0.1622316E-04    0.2207086E-04    0.2192975E-04    0.8455717E-06    0.1282053E-04    0.3015980E-04    0.5216500E-05    0.1917413E-04    0.6139861E-05   -0.2092554E-05
   -0.1240832E-06   -0.9779516E-06   -0.1066359E-05   -0.7140096E-05   -0.1751208E-04   -0.2259845E-05    0.1399013E-05    0.1258954E-05    0.5216500E-05    0.1088527E-02    0.2937652E-05    0.1303571E-04    0.8044995E-04
   -0.6160774E-06   -0.6399779E-06   -0.2839524E-07    0.1865213E-04    0.2643184E-04    0.2120004E-04    0.1025774E-05    0.7986752E-05    0.1917413E-04    0.2937652E-05    0.5370006E-04    0.3853310E-05   -0.1210432E-04
   -0.1767850E-06   -0.6121974E-06   -0.2147838E-05    0.1942242E-04    0.2517831E-04   -0.1278310E-04    0.2436319E-05    0.1997921E-05    0.6139861E-05    0.1303571E-04    0.3853310E-05    0.2115378E-02    0.3402981E-04
   -0.3456541E-06   -0.2527055E-05   -0.1920005E-05    0.1739390E-04   -0.8978008E-05   -0.4639541E-04    0.3848151E-05    0.3619759E-05   -0.2092554E-05    0.8044995E-04   -0.1210432E-04    0.3402981E-04    0.1676579E-01
