# omegabh2 omegach2 theta tau w logA ns calPlanck aps100 aps143 aps217 acib217 asz143 psr cibr xi aksz dust100 dust143 dust217 dust143x217 cal0 cal2 calTE calEE
  2.2717733E-08  -8.1546565E-08   1.3665997E-08   1.8322385E-07   2.3886194E-06   2.8031520E-07   2.5829659E-07   2.6410076E-08  -3.5940994E-04  -2.4836314E-04   5.9140965E-05  -1.1127107E-04   1.8980869E-05   6.0401650E-07  -1.7936176E-06   4.6348648E-07  -3.0756840E-05   2.5356271E-07  -8.3718291E-08   8.2111456E-07   2.0305599E-07   1.9752514E-09  -7.3087841E-09  -9.4146659E-08  -2.5295854E-07
 -8.1546565E-08   1.5832205E-06  -1.2403225E-07  -1.6793765E-06  -4.1895402E-05   1.8441143E-07  -3.5644550E-06  -1.4805565E-07   3.1098995E-04   7.0739882E-04   3.7204629E-04   1.1298731E-05  -2.0535651E-05   8.2762509E-07   2.1577911E-06   3.1086335E-06  -1.9193449E-06  -1.2341489E-06  -2.5882744E-06   1.1180241E-06   1.3659620E-06  -1.0558514E-08   3.0199825E-08  -4.2242329E-07  -7.4048726E-07
  1.3665997E-08  -1.2403225E-07   9.5522849E-08   2.3428898E-07   5.2668234E-06   3.1003455E-07   3.8994711E-07   2.8338639E-08   2.5926496E-05  -1.1275292E-05  -3.0143997E-05   1.8549071E-06   5.1170418E-06   4.4680715E-07  -2.6943885E-07   8.7066571E-07   1.1368368E-06  -2.7582669E-07   9.1781134E-09   4.5096785E-07   4.9811106E-07   1.1055472E-09   6.4385716E-09  -1.5000439E-08   8.3468419E-08
  1.8322385E-07  -1.6793765E-06   2.3428898E-07   4.4789156E-05   5.4304075E-05   8.5135175E-05   5.9369721E-06  -2.2475921E-07  -5.9155421E-03  -3.4023762E-03   2.7445269E-03  -2.6902280E-03  -1.4943174E-05   9.7965567E-06  -8.2097624E-05  -7.3399530E-06  -4.4259400E-04   3.0296889E-06  -5.0294065E-06   1.3082200E-05   6.9534370E-06   5.4386447E-09  -2.6113870E-07  -2.9609654E-06  -1.7169481E-06
  2.3886194E-06  -4.1895402E-05   5.2668234E-06   5.4304075E-05   3.2418492E-03   1.6824283E-05   9.4299461E-05   3.8249220E-06   4.8239750E-04  -1.7196939E-02  -1.9608529E-02   4.4940772E-03  -2.1502825E-04  -4.5165273E-06   9.0525574E-05   7.4513354E-05   2.1838053E-03   5.8978733E-05   6.5711360E-05  -3.3828430E-05  -8.9097554E-05  -4.9606313E-08   1.2940848E-06   1.4344638E-05   1.9820501E-05
  2.8031520E-07   1.8441143E-07   3.1003455E-07   8.5135175E-05   1.6824283E-05   2.0034636E-04   2.5100069E-06   1.2555441E-05  -7.1746194E-03  -3.9252394E-03   1.4928884E-02  -7.3173406E-03  -1.5167050E-05   4.8541845E-05  -2.1673145E-04   3.4109406E-05  -1.8510473E-03  -2.7163531E-05  -1.1218018E-04   6.7291711E-05   1.6102993E-05   6.4011509E-07  -4.5390612E-07  -7.3332135E-06  -3.0244728E-06
  2.5829659E-07  -3.5644550E-06   3.8994711E-07   5.9369721E-06   9.4299461E-05   2.5100069E-06   1.7806203E-05   4.8150097E-07  -1.9723418E-02  -7.0417113E-03   7.3395416E-03  -5.2397360E-03   5.7364636E-04   6.2869726E-05  -1.1143653E-04   5.8574674E-05  -1.8651548E-03   1.1847517E-05  -1.1714601E-05   2.3340922E-05  -3.2568920E-06  -3.0123660E-07  -4.1520851E-07  -4.5638801E-08  -2.0235414E-06
  2.6410076E-08  -1.4805565E-07   2.8338639E-08  -2.2475921E-07   3.8249220E-06   1.2555441E-05   4.8150097E-07   6.5460623E-06   2.6127081E-03   2.9506084E-04   1.5685730E-03   2.6145213E-04   1.8848405E-05   1.1705264E-06  -2.7938809E-06   4.9598350E-06  -3.0538124E-05  -4.3888022E-06   2.5344669E-06   1.1933921E-05   6.2610687E-06   7.0985762E-09  -3.4974239E-08  -4.9934350E-07  -1.7450664E-07
 -3.5940994E-04   3.1098995E-04   2.5926496E-05  -5.9155421E-03   4.8239750E-04  -7.1746194E-03  -1.9723418E-02   2.6127081E-03   5.9650011E+02   5.6061473E+01  -5.2982734E+01   2.8625636E+01  -2.4484443E+01  -7.7892281E-01  -1.7275103E-01  -1.6290572E-01   1.0376291E+01  -1.4115068E-01   2.5557492E-01  -2.2541167E-01  -1.8320444E-01   6.6266527E-03   3.3883109E-03   1.3719221E-03   6.5419052E-03
 -2.4836314E-04   7.0739882E-04  -1.1275292E-05  -3.4023762E-03  -1.7196939E-02  -3.9252394E-03  -7.0417113E-03   2.9506084E-04   5.6061473E+01   6.6627109E+01   1.0422843E+01   5.7882510E+00  -3.5614446E-01   1.2225480E-03   4.1569486E-01   9.0129533E-01  -8.4356122E+00  -4.2083467E-02  -2.4566009E-01   4.9503244E-02   6.2114041E-02   7.8977832E-04   7.9941261E-04   2.3910994E-03   4.8044625E-03
  5.9140965E-05   3.7204629E-04  -3.0143997E-05   2.7445269E-03  -1.9608529E-02   1.4928884E-02   7.3395416E-03   1.5685730E-03  -5.2982734E+01   1.0422843E+01   1.7474381E+02  -8.2255561E+01   2.9131732E+00   3.2129484E-01  -9.9686493E-01   3.3732987E-01  -7.3818252E+00  -8.4062197E-02  -2.6828256E-01   5.6439225E-01  -4.2683838E-03   1.7314050E-03  -7.6082720E-03   2.5010117E-03   2.2670278E-03
 -1.1127107E-04   1.1298731E-05   1.8549071E-06  -2.6902280E-03   4.4940772E-03  -7.3173406E-03  -5.2397360E-03   2.6145213E-04   2.8625636E+01   5.7882510E+00  -8.2255561E+01   5.1170460E+01   1.5653209E+00  -3.6537995E-02   7.0858019E-01  -2.4684173E-01  -2.7118680E+00   3.1223421E-02   1.5783659E-01  -4.5331626E-01  -1.2126057E-01  -5.6776001E-04   3.0509461E-03  -8.6324833E-04   3.0506366E-04
  1.8980869E-05  -2.0535651E-05   5.1170418E-06  -1.4943174E-05  -2.1502825E-04  -1.5167050E-05   5.7364636E-04   1.8848405E-05  -2.4484443E+01  -3.5614446E-01   2.9131732E+00   1.5653209E+00   4.3082172E+00   9.8453485E-02   1.6174153E-01  -3.4505511E-02  -3.5108509E+00  -7.7999947E-03   1.4148007E-03   9.7688505E-03   5.0145043E-02   4.6062606E-04  -2.5902961E-04  -1.7144044E-04  -2.3279612E-04
  6.0401650E-07   8.2762509E-07   4.4680715E-07   9.7965567E-06  -4.5165273E-06   4.8541845E-05   6.2869726E-05   1.1705264E-06  -7.7892281E-01   1.2225480E-03   3.2129484E-01  -3.6537995E-02   9.8453485E-02   1.6105329E-02  -1.6225332E-02   1.2001082E-02  -1.0203657E-01  -1.1321865E-03  -1.2308571E-03  -2.6530656E-03   5.0224573E-03   1.7125754E-05  -3.7248090E-05   4.0766546E-06   5.5288370E-06
 -1.7936176E-06   2.1577911E-06  -2.6943885E-07  -8.2097624E-05   9.0525574E-05  -2.1673145E-04  -1.1143653E-04  -2.7938809E-06  -1.7275103E-01   4.1569486E-01  -9.9686493E-01   7.0858019E-01   1.6174153E-01  -1.6225332E-02   6.7983078E-02   3.9196115E-03  -1.5976716E-01   1.4687011E-03   7.0867325E-03  -3.8956916E-04  -1.7989192E-02  -5.7280714E-06   9.2388373E-05  -1.8235510E-05  -9.5109215E-06
  4.6348648E-07   3.1086335E-06   8.7066571E-07  -7.3399530E-06   7.4513354E-05   3.4109406E-05   5.8574674E-05   4.9598350E-06  -1.6290572E-01   9.0129533E-01   3.3732987E-01  -2.4684173E-01  -3.4505511E-02   1.2001082E-02   3.9196115E-03   8.1686027E-02   3.3643205E-02  -1.0765434E-03  -1.2298037E-04   8.9658788E-04   7.7318157E-04   1.3972534E-05  -8.0697450E-06   1.8777219E-05   1.7073155E-05
 -3.0756840E-05  -1.9193449E-06   1.1368368E-06  -4.4259400E-04   2.1838053E-03  -1.8510473E-03  -1.8651548E-03  -3.0538124E-05   1.0376291E+01  -8.4356122E+00  -7.3818252E+00  -2.7118680E+00  -3.5108509E+00  -1.0203657E-01  -1.5976716E-01   3.3643205E-02   7.3502716E+00   7.1889680E-03  -5.4739137E-03  -4.0386352E-03  -4.8200904E-02  -3.5794063E-04   4.2558162E-05  -1.0043159E-05  -1.1383350E-04
  2.5356271E-07  -1.2341489E-06  -2.7582669E-07   3.0296889E-06   5.8978733E-05  -2.7163531E-05   1.1847517E-05  -4.3888022E-06  -1.4115068E-01  -4.2083467E-02  -8.4062197E-02   3.1223421E-02  -7.7999947E-03  -1.1321865E-03   1.4687011E-03  -1.0765434E-03   7.1889680E-03   3.8042575E-02   3.2839248E-03  -1.8345963E-04   3.1548975E-04   3.3624512E-05  -3.9184859E-06  -2.0133147E-05  -2.9243111E-05
 -8.3718291E-08  -2.5882744E-06   9.1781134E-09  -5.0294065E-06   6.5711360E-05  -1.1218018E-04  -1.1714601E-05   2.5344669E-06   2.5557492E-01  -2.4566009E-01  -2.6828256E-01   1.5783659E-01   1.4148007E-03  -1.2308571E-03   7.0867325E-03  -1.2298037E-04  -5.4739137E-03   3.2839248E-03   3.1150381E-02  -5.9516691E-04   5.4110592E-03  -7.9438523E-05  -4.6842087E-05  -8.4947267E-05  -8.5567449E-05
  8.2111456E-07   1.1180241E-06   4.5096785E-07   1.3082200E-05  -3.3828430E-05   6.7291711E-05   2.3340922E-05   1.1933921E-05  -2.2541167E-01   4.9503244E-02   5.6439225E-01  -4.5331626E-01   9.7688505E-03  -2.6530656E-03  -3.8956916E-04   8.9658788E-04  -4.0386352E-03  -1.8345963E-04  -5.9516691E-04   1.0732928E-02   8.5896622E-03   4.7883738E-06   6.2433500E-05   8.2726960E-06  -4.8374369E-06
  2.0305599E-07   1.3659620E-06   4.9811106E-07   6.9534370E-06  -8.9097554E-05   1.6102993E-05  -3.2568920E-06   6.2610687E-06  -1.8320444E-01   6.2114041E-02  -4.2683838E-03  -1.2126057E-01   5.0145043E-02   5.0224573E-03  -1.7989192E-02   7.7318157E-04  -4.8200904E-02   3.1548975E-04   5.4110592E-03   8.5896622E-03   2.6411236E-02  -2.6580502E-06   5.6297349E-05  -1.9163641E-05  -1.2445741E-05
  1.9752514E-09  -1.0558514E-08   1.1055472E-09   5.4386447E-09  -4.9606313E-08   6.4011509E-07  -3.0123660E-07   7.0985762E-09   6.6266527E-03   7.8977832E-04   1.7314050E-03  -5.6776001E-04   4.6062606E-04   1.7125754E-05  -5.7280714E-06   1.3972534E-05  -3.5794063E-04   3.3624512E-05  -7.9438523E-05   4.7883738E-06  -2.6580502E-06   1.1083587E-06   6.3653334E-08   3.3614805E-07   6.4335384E-07
 -7.3087841E-09   3.0199825E-08   6.4385716E-09  -2.6113870E-07   1.2940848E-06  -4.5390612E-07  -4.1520851E-07  -3.4974239E-08   3.3883109E-03   7.9941261E-04  -7.6082720E-03   3.0509461E-03  -2.5902961E-04  -3.7248090E-05   9.2388373E-05  -8.0697450E-06   4.2558162E-05  -3.9184859E-06  -4.6842087E-05   6.2433500E-05   5.6297349E-05   6.3653334E-08   2.4724828E-06   3.1800970E-07   1.8488321E-07
 -9.4146659E-08  -4.2242329E-07  -1.5000439E-08  -2.9609654E-06   1.4344638E-05  -7.3332135E-06  -4.5638801E-08  -4.9934350E-07   1.3719221E-03   2.3910994E-03   2.5010117E-03  -8.6324833E-04  -1.7144044E-04   4.0766546E-06  -1.8235510E-05   1.8777219E-05  -1.0043159E-05  -2.0133147E-05  -8.4947267E-05   8.2726960E-06  -1.9163641E-05   3.3614805E-07   3.1800970E-07   2.4394389E-05   8.7343862E-06
 -2.5295854E-07  -7.4048726E-07   8.3468419E-08  -1.7169481E-06   1.9820501E-05  -3.0244728E-06  -2.0235414E-06  -1.7450664E-07   6.5419052E-03   4.8044625E-03   2.2670278E-03   3.0506366E-04  -2.3279612E-04   5.5288370E-06  -9.5109215E-06   1.7073155E-05  -1.1383350E-04  -2.9243111E-05  -8.5567449E-05  -4.8374369E-06  -1.2445741E-05   6.4335384E-07   1.8488321E-07   8.7343862E-06   2.4380086E-05
