# omegabh2 omegach2 theta tau mnu nnu logA ns calPlanck acib217 xi asz143 aps100 aps143 aps143217 aps217 aksz kgal100 kgal143 kgal143217 kgal217 galfEE100 galfEE100143 galfEE100217 galfEE143 galfEE143217 galfEE217 galfTE100 galfTE100143 galfTE100217 galfTE143 galfTE143217 galfTE217 cal0 cal2
    0.4996064E-07    0.2684626E-06   -0.2344050E-07    0.1713850E-05   -0.1167398E-05    0.2913315E-04    0.4235351E-05    0.1555147E-05    0.1224285E-07   -0.1239466E-04   -0.8050626E-06    0.8825976E-05   -0.6122962E-04   -0.4314351E-04   -0.3031752E-04    0.6636099E-05    0.9487049E-06    0.7802933E-05    0.3506125E-05    0.7115896E-06   -0.4144350E-05    0.1011605E-06    0.1152913E-06   -0.9283354E-07    0.1364694E-06   -0.2516398E-06   -0.3700575E-07   -0.1569314E-06   -0.1647769E-06   -0.1890584E-06   -0.3486069E-06   -0.1028116E-05   -0.2484914E-05    0.4850667E-10   -0.3746030E-08
    0.2684626E-06    0.8819917E-05   -0.9196035E-06    0.3433306E-05    0.3423179E-04    0.4814521E-03    0.2898182E-04    0.1376583E-04    0.2995713E-07    0.2628045E-02   -0.6227558E-04   -0.5280557E-03    0.1036448E-01    0.5325578E-02    0.8407731E-03   -0.1024807E-02    0.1089839E-02    0.2685503E-03    0.2189263E-03    0.4969460E-03    0.2488905E-03    0.1877742E-06    0.3987588E-06   -0.1723762E-05    0.4045556E-06   -0.4959357E-05   -0.8943786E-05   -0.5105878E-06   -0.5600134E-06   -0.1682919E-05    0.2669065E-06    0.6181438E-06    0.1663108E-04   -0.5593324E-07    0.3345969E-06
   -0.2344050E-07   -0.9196035E-06    0.1846905E-06   -0.5116944E-06   -0.7958998E-05   -0.5293995E-04   -0.3203130E-05   -0.1493912E-05    0.1112954E-07   -0.2982842E-03    0.7230988E-05    0.4836669E-04   -0.1048410E-02   -0.5629868E-03   -0.9591246E-04    0.1276026E-03   -0.1144487E-03   -0.2540228E-04   -0.2968458E-04   -0.6125333E-04   -0.3199116E-04   -0.4734534E-07   -0.6416761E-07    0.3370031E-06   -0.3532151E-07    0.4447207E-06    0.1038135E-05    0.1782213E-06    0.4123221E-07    0.9579207E-07   -0.3940707E-07   -0.3995501E-06   -0.1815425E-05    0.6175378E-08   -0.3706811E-07
    0.1713850E-05    0.3433306E-05   -0.5116944E-06    0.3258026E-03    0.3164503E-03    0.9486437E-03    0.6578728E-03    0.7389603E-04   -0.1137549E-05   -0.7711678E-02    0.1340117E-03    0.1926347E-02   -0.3734657E-01   -0.1128917E-01    0.1907045E-02    0.8308567E-02   -0.3646473E-02   -0.5909276E-03   -0.8956927E-03   -0.2983281E-02   -0.3558515E-02    0.4506839E-05    0.5645062E-05   -0.1062308E-05    0.6738830E-05   -0.4110092E-05   -0.1076592E-04   -0.9390391E-05   -0.6987006E-06    0.2218842E-04   -0.1350667E-04   -0.7645445E-04   -0.1544063E-03   -0.2182010E-06   -0.1597183E-05
   -0.1167398E-05    0.3423179E-04   -0.7958998E-05    0.3164503E-03    0.9132309E-02    0.1585975E-02    0.6943746E-03    0.1417346E-04    0.6086973E-05    0.2776561E-01   -0.5704400E-03   -0.5515024E-02    0.1100396E+00    0.4824466E-01    0.3554433E-02   -0.1527856E-01    0.1260891E-01    0.3460832E-02    0.1379538E-02    0.9173669E-02    0.1184368E-01    0.3535334E-05    0.4158257E-05    0.2630955E-04   -0.7136184E-05    0.7886300E-04    0.3452296E-04   -0.2440222E-04    0.9194965E-05    0.6325816E-04    0.4755971E-04    0.3232701E-04    0.3646441E-03   -0.4333287E-06    0.4802293E-05
    0.2913315E-04    0.4814521E-03   -0.5293995E-04    0.9486437E-03    0.1585975E-02    0.3446727E-01    0.3128257E-02    0.1367685E-02    0.7326471E-05    0.1464275E+00   -0.3879553E-02   -0.2652224E-01    0.5424383E+00    0.2708066E+00    0.1940322E-01   -0.7044051E-01    0.6368022E-01    0.1577674E-01    0.1395973E-01    0.2863681E-01    0.7361361E-02    0.6501969E-04    0.7662899E-04   -0.1441123E-03    0.8314599E-04   -0.3347971E-03   -0.4559627E-03   -0.9269502E-04   -0.7407240E-04   -0.1811620E-03   -0.7105237E-04   -0.2662898E-03   -0.2669585E-03   -0.4357756E-05    0.1571863E-04
    0.4235351E-05    0.2898182E-04   -0.3203130E-05    0.6578728E-03    0.6943746E-03    0.3128257E-02    0.1412583E-02    0.1829915E-03    0.1030783E-04   -0.9558318E-02    0.1786764E-03    0.2647443E-02   -0.4647514E-01   -0.7347081E-02    0.9946175E-02    0.2120861E-01   -0.5629449E-02   -0.7407727E-03   -0.2086579E-02   -0.5306464E-02   -0.4938540E-02    0.1061944E-04    0.1277615E-04   -0.5321749E-05    0.1624830E-04   -0.2485815E-04   -0.4635871E-04   -0.1966991E-04   -0.3383558E-05    0.4702877E-04   -0.2411166E-04   -0.1582596E-03   -0.2690138E-03   -0.3046292E-06   -0.2451138E-05
    0.1555147E-05    0.1376583E-04   -0.1493912E-05    0.7389603E-04    0.1417346E-04    0.1367685E-02    0.1829915E-03    0.7751940E-04    0.6400411E-06   -0.2275191E-03   -0.8714389E-05    0.1126624E-03   -0.7369572E-02    0.2219497E-02    0.2537413E-02    0.3191620E-02    0.4199227E-04    0.6228836E-03    0.2722598E-03    0.1244498E-03    0.2562393E-03    0.5348002E-05    0.6483227E-05   -0.5271454E-05    0.7299877E-05   -0.1139603E-04   -0.1899805E-04   -0.4483047E-05   -0.3916636E-05   -0.6532763E-05   -0.8129025E-05   -0.2837987E-04   -0.5980698E-04   -0.3251214E-06   -0.8586467E-07
    0.1224285E-07    0.2995713E-07    0.1112954E-07   -0.1137549E-05    0.6086973E-05    0.7326471E-05    0.1030783E-04    0.6400411E-06    0.6208050E-05    0.5844981E-03    0.5656549E-05    0.2363836E-04    0.2690391E-02    0.7603626E-03    0.8280045E-03    0.1713644E-02   -0.6386783E-04   -0.1048194E-04   -0.1398865E-03   -0.5448921E-04    0.8063291E-03    0.6534504E-06    0.5130038E-06    0.4123459E-06    0.1110423E-05   -0.1517978E-06    0.1110811E-06   -0.2002058E-06   -0.2460378E-06    0.4465456E-05    0.1141126E-05   -0.3590002E-05   -0.2073790E-05    0.1495132E-07   -0.1089756E-07
   -0.1239466E-04    0.2628045E-02   -0.2982842E-03   -0.7711678E-02    0.2776561E-01    0.1464275E+00   -0.9558318E-02   -0.2275191E-03    0.5844981E-03    0.4490844E+02   -0.5116184E+00   -0.1746618E+01    0.4674834E+02    0.1800271E+01   -0.2101576E+02   -0.6240544E+02    0.6291214E+00   -0.4346943E-01    0.1530454E+00   -0.1895248E+01   -0.1883514E+02   -0.3677186E-03    0.2392321E-03    0.4938714E-02   -0.8459913E-04    0.3253387E-02    0.5239880E-02   -0.4491725E-02    0.2231252E-03   -0.4708873E-03    0.3920276E-02    0.4437111E-03   -0.3123995E-01   -0.2314840E-03    0.4491261E-02
   -0.8050626E-06   -0.6227558E-04    0.7230988E-05    0.1340117E-03   -0.5704400E-03   -0.3879553E-02    0.1786764E-03   -0.8714389E-05    0.5656549E-05   -0.5116184E+00    0.8142758E-01   -0.6920712E-01   -0.6154584E+00    0.1020279E+01    0.1933957E+01    0.8024516E+00    0.5158862E-01   -0.4237589E-03    0.5546569E-03    0.9900040E-01    0.1063867E+00   -0.1678206E-04    0.9501873E-05   -0.5999248E-05    0.6915973E-05   -0.2256548E-03    0.8386546E-04    0.1126124E-03   -0.4386645E-04   -0.3548525E-03   -0.9395002E-05   -0.3157940E-03   -0.4476307E-03    0.6353952E-05   -0.1642043E-04
    0.8825976E-05   -0.5280557E-03    0.4836669E-04    0.1926347E-02   -0.5515024E-02   -0.2652224E-01    0.2647443E-02    0.1126624E-03    0.2363836E-04   -0.1746618E+01   -0.6920712E-01    0.3544963E+01   -0.2892478E+02   -0.4132517E+01    0.6994966E+01    0.6338402E+01   -0.2393487E+01   -0.1206101E+00    0.3428018E-01    0.2108453E+01    0.1898057E+01   -0.1314583E-03   -0.1264696E-04   -0.3448742E-03    0.1180673E-03    0.1795330E-03   -0.8053936E-03    0.8892822E-03    0.2347988E-03    0.1401918E-02   -0.9621364E-03   -0.8677865E-03    0.1191846E-03    0.1750991E-03   -0.3705870E-03
   -0.6122962E-04    0.1036448E-01   -0.1048410E-02   -0.3734657E-01    0.1100396E+00    0.5424383E+00   -0.4647514E-01   -0.7369572E-02    0.2690391E-02    0.4674834E+02   -0.6154584E+00   -0.2892478E+02    0.7869722E+03    0.7334624E+02   -0.6000457E+02   -0.7349913E+02    0.1280956E+02   -0.3918050E+01    0.3386000E+01   -0.9946446E+01   -0.1616841E+02   -0.1855185E-02   -0.1552729E-02   -0.2362968E-02   -0.4443473E-02    0.2534971E-01    0.3251327E-02   -0.9696107E-02    0.4842199E-02   -0.3497575E-02    0.4064909E-01    0.1296340E-01    0.5920454E-01    0.5963428E-02    0.4531093E-02
   -0.4314351E-04    0.5325578E-02   -0.5629868E-03   -0.1128917E-01    0.4824466E-01    0.2708066E+00   -0.7347081E-02    0.2219497E-02    0.7603626E-03    0.1800271E+01    0.1020279E+01   -0.4132517E+01    0.7334624E+02    0.6371393E+02    0.4565059E+02    0.1740881E+02   -0.3953818E+01    0.5318618E-01   -0.1032636E+01    0.4329396E+01    0.4001032E+01   -0.4873786E-03   -0.5274737E-03   -0.6246143E-03   -0.8382756E-03   -0.8536049E-03   -0.3969175E-02   -0.2305170E-02    0.4452640E-03   -0.1102701E-01    0.1234050E-01    0.8480008E-02    0.2254709E-01    0.9415457E-04    0.4595078E-03
   -0.3031752E-04    0.8407731E-03   -0.9591246E-04    0.1907045E-02    0.3554433E-02    0.1940322E-01    0.9946175E-02    0.2537413E-02    0.8280045E-03   -0.2101576E+02    0.1933957E+01    0.6994966E+01   -0.6000457E+02    0.4565059E+02    0.9887297E+02    0.6610620E+02   -0.1093379E+02   -0.2519891E+00   -0.5764993E+00    0.4529017E+01    0.5078397E+01   -0.8713734E-03   -0.2766512E-03   -0.1665727E-02    0.4288741E-03   -0.6566809E-02   -0.8181693E-02    0.4185167E-02   -0.2185719E-03   -0.3470349E-02    0.4520120E-02   -0.4365528E-02    0.1269226E-01    0.7336553E-03   -0.2358095E-02
    0.6636099E-05   -0.1024807E-02    0.1276026E-03    0.8308567E-02   -0.1527856E-01   -0.7044051E-01    0.2120861E-01    0.3191620E-02    0.1713644E-02   -0.6240544E+02    0.8024516E+00    0.6338402E+01   -0.7349913E+02    0.1740881E+02    0.6610620E+02    0.1226517E+03   -0.9737358E+01   -0.2046370E+00   -0.5102598E+00   -0.5639415E+00    0.1528922E+02    0.2900081E-03   -0.5193484E-03   -0.6632599E-02    0.6157929E-03   -0.7786114E-02   -0.1447233E-01    0.6038018E-02    0.3585592E-03    0.2043986E-03   -0.6822792E-03    0.4375686E-02    0.6460275E-01    0.6916569E-03   -0.7789329E-02
    0.9487049E-06    0.1089839E-02   -0.1144487E-03   -0.3646473E-02    0.1260891E-01    0.6368022E-01   -0.5629449E-02    0.4199227E-04   -0.6386783E-04    0.6291214E+00    0.5158862E-01   -0.2393487E+01    0.1280956E+02   -0.3953818E+01   -0.1093379E+02   -0.9737358E+01    0.5643455E+01    0.1451639E+00    0.2738116E-01   -0.1595830E+01   -0.1302134E+01    0.6226171E-04   -0.1324494E-03   -0.8812722E-03   -0.2284347E-03   -0.6292014E-03    0.5398810E-02   -0.4962034E-03   -0.6194347E-03   -0.9820874E-03   -0.9061679E-03   -0.2568639E-03   -0.4684529E-02   -0.1406778E-03    0.2002880E-03
    0.7802933E-05    0.2685503E-03   -0.2540228E-04   -0.5909276E-03    0.3460832E-02    0.1577674E-01   -0.7407727E-03    0.6228836E-03   -0.1048194E-04   -0.4346943E-01   -0.4237589E-03   -0.1206101E+00   -0.3918050E+01    0.5318618E-01   -0.2519891E+00   -0.2046370E+00    0.1451639E+00    0.3467241E+01    0.4312687E+00    0.2406653E+00    0.3664010E+00    0.3254686E-04   -0.2639086E-04    0.4806022E-03   -0.3117198E-04   -0.5416090E-03    0.2172775E-02    0.9635336E-03   -0.1915601E-03   -0.2075568E-02   -0.5403915E-03    0.7443824E-03    0.2927651E-02    0.3065192E-03   -0.1946937E-05
    0.3506125E-05    0.2189263E-03   -0.2968458E-04   -0.8956927E-03    0.1379538E-02    0.1395973E-01   -0.2086579E-02    0.2722598E-03   -0.1398865E-03    0.1530454E+00    0.5546569E-03    0.3428018E-01    0.3386000E+01   -0.1032636E+01   -0.5764993E+00   -0.5102598E+00    0.2738116E-01    0.4312687E+00    0.3364550E+01    0.2572702E+01    0.1724575E+01    0.6392414E-04    0.8774382E-05    0.2395807E-03   -0.2748177E-03    0.1090534E-02    0.6177122E-03    0.1052149E-02   -0.2141338E-04    0.8363216E-03   -0.1067773E-02    0.1554602E-02   -0.5851119E-02   -0.2896371E-03   -0.2037437E-03
    0.7115896E-06    0.4969460E-03   -0.6125333E-04   -0.2983281E-02    0.9173669E-02    0.2863681E-01   -0.5306464E-02    0.1244498E-03   -0.5448921E-04   -0.1895248E+01    0.9900040E-01    0.2108453E+01   -0.9946446E+01    0.4329396E+01    0.4529017E+01   -0.5639415E+00   -0.1595830E+01    0.2406653E+00    0.2572702E+01    0.1720800E+02    0.2601261E+02   -0.1039623E-03   -0.2880612E-04    0.1345289E-02   -0.6292973E-03   -0.9406447E-03   -0.6063847E-02    0.2774159E-02   -0.6781633E-04   -0.2058134E-02   -0.2494607E-02    0.2522129E-02   -0.1957969E-03   -0.9164221E-04    0.2641788E-02
   -0.4144350E-05    0.2488905E-03   -0.3199116E-04   -0.3558515E-02    0.1184368E-01    0.7361361E-02   -0.4938540E-02    0.2562393E-03    0.8063291E-03   -0.1883514E+02    0.1063867E+00    0.1898057E+01   -0.1616841E+02    0.4001032E+01    0.5078397E+01    0.1528922E+02   -0.1302134E+01    0.3664010E+00    0.1724575E+01    0.2601261E+02    0.5600177E+02   -0.5904628E-04   -0.3061432E-04   -0.4249374E-03   -0.3446692E-03   -0.3804177E-02   -0.1711896E-01    0.4056017E-02   -0.1502882E-02    0.3800432E-02   -0.4421650E-02   -0.1059541E-03    0.1026177E-01   -0.1013512E-03    0.4792500E-02
    0.1011605E-06    0.1877742E-06   -0.4734534E-07    0.4506839E-05    0.3535334E-05    0.6501969E-04    0.1061944E-04    0.5348002E-05    0.6534504E-06   -0.3677186E-03   -0.1678206E-04   -0.1314583E-03   -0.1855185E-02   -0.4873786E-03   -0.8713734E-03    0.2900081E-03    0.6226171E-04    0.3254686E-04    0.6392414E-04   -0.1039623E-03   -0.5904628E-04    0.3403085E-04    0.8618186E-05    0.1294940E-06    0.3111006E-05    0.5916363E-05    0.9148268E-05    0.1524577E-05   -0.1279531E-06    0.5634293E-05   -0.7176114E-05    0.1707764E-05   -0.6009390E-05   -0.5118907E-07    0.1712702E-07
    0.1152913E-06    0.3987588E-06   -0.6416761E-07    0.5645062E-05    0.4158257E-05    0.7662899E-04    0.1277615E-04    0.6483227E-05    0.5130038E-06    0.2392321E-03    0.9501873E-05   -0.1264696E-04   -0.1552729E-02   -0.5274737E-03   -0.2766512E-03   -0.5193484E-03   -0.1324494E-03   -0.2639086E-04    0.8774382E-05   -0.2880612E-04   -0.3061432E-04    0.8618186E-05    0.2478086E-04   -0.5004721E-06    0.1217955E-04    0.7611278E-06   -0.8599679E-05   -0.4583207E-06   -0.7462217E-06    0.2849461E-05   -0.5289312E-05   -0.5873131E-05   -0.5357253E-05   -0.1062847E-06   -0.5647954E-08
   -0.9283354E-07   -0.1723762E-05    0.3370031E-06   -0.1062308E-05    0.2630955E-04   -0.1441123E-03   -0.5321749E-05   -0.5271454E-05    0.4123459E-06    0.4938714E-02   -0.5999248E-05   -0.3448742E-03   -0.2362968E-02   -0.6246143E-03   -0.1665727E-02   -0.6632599E-02   -0.8812722E-03    0.4806022E-03    0.2395807E-03    0.1345289E-02   -0.4249374E-03    0.1294940E-06   -0.5004721E-06    0.1067743E-02   -0.1744647E-05   -0.1653775E-04   -0.9366354E-05    0.6519862E-05    0.6443735E-05    0.1714312E-04    0.7797235E-05    0.3192752E-04   -0.6133097E-04   -0.1734731E-06    0.8270753E-06
    0.1364694E-06    0.4045556E-06   -0.3532151E-07    0.6738830E-05   -0.7136184E-05    0.8314599E-04    0.1624830E-04    0.7299877E-05    0.1110423E-05   -0.8459913E-04    0.6915973E-05    0.1180673E-03   -0.4443473E-02   -0.8382756E-03    0.4288741E-03    0.6157929E-03   -0.2284347E-03   -0.3117198E-04   -0.2748177E-03   -0.6292973E-03   -0.3446692E-03    0.3111006E-05    0.1217955E-04   -0.1744647E-05    0.4776552E-04    0.3988720E-05    0.3131421E-05   -0.1439580E-05   -0.1482211E-05   -0.4782893E-07   -0.3747061E-05   -0.6209010E-05    0.2661061E-05   -0.9342419E-07   -0.4990377E-07
   -0.2516398E-06   -0.4959357E-05    0.4447207E-06   -0.4110092E-05    0.7886300E-04   -0.3347971E-03   -0.2485815E-04   -0.1139603E-04   -0.1517978E-06    0.3253387E-02   -0.2256548E-03    0.1795330E-03    0.2534971E-01   -0.8536049E-03   -0.6566809E-02   -0.7786114E-02   -0.6292014E-03   -0.5416090E-03    0.1090534E-02   -0.9406447E-03   -0.3804177E-02    0.5916363E-05    0.7611278E-06   -0.1653775E-04    0.3988720E-05    0.2196433E-02    0.8290874E-04   -0.1384195E-04   -0.1281085E-04    0.3167283E-04    0.1722499E-06    0.3595375E-04   -0.3922545E-04   -0.3125111E-06   -0.1199558E-05
   -0.3700575E-07   -0.8943786E-05    0.1038135E-05   -0.1076592E-04    0.3452296E-04   -0.4559627E-03   -0.4635871E-04   -0.1899805E-04    0.1110811E-06    0.5239880E-02    0.8386546E-04   -0.8053936E-03    0.3251327E-02   -0.3969175E-02   -0.8181693E-02   -0.1447233E-01    0.5398810E-02    0.2172775E-02    0.6177122E-03   -0.6063847E-02   -0.1711896E-01    0.9148268E-05   -0.8599679E-05   -0.9366354E-05    0.3131421E-05    0.8290874E-04    0.1680818E-01    0.4222484E-04    0.1870723E-04    0.1700160E-03    0.6415256E-04    0.6405734E-04    0.5087609E-03   -0.6517136E-06   -0.2670491E-05
   -0.1569314E-06   -0.5105878E-06    0.1782213E-06   -0.9390391E-05   -0.2440222E-04   -0.9269502E-04   -0.1966991E-04   -0.4483047E-05   -0.2002058E-06   -0.4491725E-02    0.1126124E-03    0.8892822E-03   -0.9696107E-02   -0.2305170E-02    0.4185167E-02    0.6038018E-02   -0.4962034E-03    0.9635336E-03    0.1052149E-02    0.2774159E-02    0.4056017E-02    0.1524577E-05   -0.4583207E-06    0.6519862E-05   -0.1439580E-05   -0.1384195E-04    0.4222484E-04    0.1442244E-02    0.2968770E-03    0.1033016E-03   -0.3848109E-03   -0.9598683E-04    0.4670845E-04    0.5014358E-06   -0.4854836E-06
   -0.1647769E-06   -0.5600134E-06    0.4123221E-07   -0.6987006E-06    0.9194965E-05   -0.7407240E-04   -0.3383558E-05   -0.3916636E-05   -0.2460378E-06    0.2231252E-03   -0.4386645E-04    0.2347988E-03    0.4842199E-02    0.4452640E-03   -0.2185719E-03    0.3585592E-03   -0.6194347E-03   -0.1915601E-03   -0.2141338E-04   -0.6781633E-04   -0.1502882E-02   -0.1279531E-06   -0.7462217E-06    0.6443735E-05   -0.1482211E-05   -0.1281085E-04    0.1870723E-04    0.2968770E-03    0.8467310E-03   -0.1001738E-04    0.7397457E-03    0.5459070E-05   -0.7240351E-03    0.1908054E-06   -0.5564702E-06
   -0.1890584E-06   -0.1682919E-05    0.9579207E-07    0.2218842E-04    0.6325816E-04   -0.1811620E-03    0.4702877E-04   -0.6532763E-05    0.4465456E-05   -0.4708873E-03   -0.3548525E-03    0.1401918E-02   -0.3497575E-02   -0.1102701E-01   -0.3470349E-02    0.2043986E-03   -0.9820874E-03   -0.2075568E-02    0.8363216E-03   -0.2058134E-02    0.3800432E-02    0.5634293E-05    0.2849461E-05    0.1714312E-04   -0.4782893E-07    0.3167283E-04    0.1700160E-03    0.1033016E-03   -0.1001738E-04    0.7087625E-02   -0.3668575E-03    0.6579571E-03    0.4723312E-02    0.5893818E-06    0.3700516E-06
   -0.3486069E-06    0.2669065E-06   -0.3940707E-07   -0.1350667E-04    0.4755971E-04   -0.7105237E-04   -0.2411166E-04   -0.8129025E-05    0.1141126E-05    0.3920276E-02   -0.9395002E-05   -0.9621364E-03    0.4064909E-01    0.1234050E-01    0.4520120E-02   -0.6822792E-03   -0.9061679E-03   -0.5403915E-03   -0.1067773E-02   -0.2494607E-02   -0.4421650E-02   -0.7176114E-05   -0.5289312E-05    0.7797235E-05   -0.3747061E-05    0.1722499E-06    0.6415256E-04   -0.3848109E-03    0.7397457E-03   -0.3668575E-03    0.2932945E-02    0.4944944E-03   -0.9342782E-03    0.6664400E-06   -0.1886753E-06
   -0.1028116E-05    0.6181438E-06   -0.3995501E-06   -0.7645445E-04    0.3232701E-04   -0.2662898E-03   -0.1582596E-03   -0.2837987E-04   -0.3590002E-05    0.4437111E-03   -0.3157940E-03   -0.8677865E-03    0.1296340E-01    0.8480008E-02   -0.4365528E-02    0.4375686E-02   -0.2568639E-03    0.7443824E-03    0.1554602E-02    0.2522129E-02   -0.1059541E-03    0.1707764E-05   -0.5873131E-05    0.3192752E-04   -0.6209010E-05    0.3595375E-04    0.6405734E-04   -0.9598683E-04    0.5459070E-05    0.6579571E-03    0.4944944E-03    0.6423345E-02    0.7670117E-02    0.4015450E-06    0.8702420E-06
   -0.2484914E-05    0.1663108E-04   -0.1815425E-05   -0.1544063E-03    0.3646441E-03   -0.2669585E-03   -0.2690138E-03   -0.5980698E-04   -0.2073790E-05   -0.3123995E-01   -0.4476307E-03    0.1191846E-03    0.5920454E-01    0.2254709E-01    0.1269226E-01    0.6460275E-01   -0.4684529E-02    0.2927651E-02   -0.5851119E-02   -0.1957969E-03    0.1026177E-01   -0.6009390E-05   -0.5357253E-05   -0.6133097E-04    0.2661061E-05   -0.3922545E-04    0.5087609E-03    0.4670845E-04   -0.7240351E-03    0.4723312E-02   -0.9342782E-03    0.7670117E-02    0.6616763E-01    0.2933160E-05   -0.4758972E-05
    0.4850667E-10   -0.5593324E-07    0.6175378E-08   -0.2182010E-06   -0.4333287E-06   -0.4357756E-05   -0.3046292E-06   -0.3251214E-06    0.1495132E-07   -0.2314840E-03    0.6353952E-05    0.1750991E-03    0.5963428E-02    0.9415457E-04    0.7336553E-03    0.6916569E-03   -0.1406778E-03    0.3065192E-03   -0.2896371E-03   -0.9164221E-04   -0.1013512E-03   -0.5118907E-07   -0.1062847E-06   -0.1734731E-06   -0.9342419E-07   -0.3125111E-06   -0.6517136E-06    0.5014358E-06    0.1908054E-06    0.5893818E-06    0.6664400E-06    0.4015450E-06    0.2933160E-05    0.5954170E-06   -0.1916062E-07
   -0.3746030E-08    0.3345969E-06   -0.3706811E-07   -0.1597183E-05    0.4802293E-05    0.1571863E-04   -0.2451138E-05   -0.8586467E-07   -0.1089756E-07    0.4491261E-02   -0.1642043E-04   -0.3705870E-03    0.4531093E-02    0.4595078E-03   -0.2358095E-02   -0.7789329E-02    0.2002880E-03   -0.1946937E-05   -0.2037437E-03    0.2641788E-02    0.4792500E-02    0.1712702E-07   -0.5647954E-08    0.8270753E-06   -0.4990377E-07   -0.1199558E-05   -0.2670491E-05   -0.4854836E-06   -0.5564702E-06    0.3700516E-06   -0.1886753E-06    0.8702420E-06   -0.4758972E-05   -0.1916062E-07    0.2164489E-05
