# omegabh2 omegach2 theta mnu logA ns
  2.5566139E-07  -2.3353953E-08  -7.9788384E-07  -9.0212894E-06   4.3147083E-07   1.4520232E-07
 -2.3353953E-08   1.2957972E-03   1.5708322E-03   4.3802380E-02  -5.3850654E-03  -1.2001232E-04
 -7.9788384E-07   1.5708322E-03   4.3414723E-03   4.9531248E-02  -1.4570341E-03  -5.9117992E-05
 -9.0212894E-06   4.3802380E-02   4.9531248E-02   1.7920508E+00  -1.8013752E-01  -9.5589758E-04
  4.3147083E-07  -5.3850654E-03  -1.4570341E-03  -1.8013752E-01   3.4858443E-02   1.0219305E-03
  1.4520232E-07  -1.2001232E-04  -5.9117992E-05  -9.5589758E-04   1.0219305E-03   4.0579304E-04
