# omegabh2 omegach2 theta tau logA ns r calPlanck acib217 xi asz143 aps100 aps143 aps143217 aps217 aksz kgal100 kgal143 kgal143217 kgal217 galfTE100 galfTE100143 galfTE100217 galfTE143 galfTE143217 galfTE217 cal0 cal2
  2.0354072E-08  -9.9579147E-08   1.4312626E-08   1.7034586E-07   2.0750877E-07   2.4183341E-07   1.5419735E-07   1.1092271E-08  -8.6994567E-05   3.5670163E-06   1.8318944E-05  -2.7008568E-04  -1.3672819E-04   4.6049739E-06   4.6037898E-05  -2.7438385E-05  -6.7885512E-06  -1.1612385E-05  -1.3238265E-05   3.1933693E-06  -4.5505501E-08  -2.3776574E-08  -4.3253490E-08  -5.6794595E-07  -6.4071749E-07  -2.9384597E-06   3.0759153E-09  -3.9504229E-09
 -9.9579147E-08   1.6853355E-06  -1.1479471E-07  -2.0265069E-06  -7.4773190E-09  -3.9912802E-06  -4.7976503E-06  -3.2510951E-08   2.1060399E-04  -6.7039302E-06  -1.3044320E-04   7.8862990E-04   9.5779719E-04   4.0838273E-04   2.4555759E-04   1.4375077E-05   9.9989254E-05  -7.3168916E-05  -3.8366522E-05  -5.6886608E-06  -4.9455221E-07   3.9781981E-07   9.1398788E-07   4.0000889E-06   4.5350627E-06   2.6887503E-05  -5.6451581E-09   2.9254786E-08
  1.4312626E-08  -1.1479471E-07   8.9552433E-08   1.7750906E-07   2.0976535E-07   3.9852826E-07   2.6061139E-07   2.5615781E-08  -4.3761661E-05   1.3038279E-06   7.2261282E-06  -1.3409928E-06  -4.3773013E-05  -3.7029097E-05  -1.5700038E-05  -2.9389799E-06  -1.3990311E-05  -4.9016037E-07   4.0745495E-05   1.0105666E-04  -4.9070944E-07   1.0406466E-07  -5.8950785E-07  -2.1179400E-07  -6.6308241E-07  -5.4738469E-06   4.7406277E-09   1.0394988E-09
  1.7034586E-07  -2.0265069E-06   1.7750906E-07   6.0587729E-05   1.1572565E-04   8.0091035E-06   6.2415382E-06  -5.8677470E-07  -3.5675556E-03   8.1662492E-05   8.3839648E-04  -1.1488696E-02  -4.9636969E-03   1.0789326E-03   2.4381819E-03  -1.1244289E-03  -5.9168442E-04  -5.8858910E-04  -9.3811076E-04  -9.8525043E-05  -5.2273033E-06  -1.1233578E-05   9.0636671E-06   2.3263390E-06   1.0753259E-05  -1.0772813E-05   7.2092476E-08  -1.8623990E-07
  2.0750877E-07  -7.4773190E-09   2.0976535E-07   1.1572565E-04   2.5749318E-04   5.1019552E-06  -8.5701240E-06   1.0671695E-05  -6.3846124E-03   1.7634783E-04   1.6281758E-03  -2.0831696E-02  -7.4995207E-03   5.3453537E-03   9.4837815E-03  -2.9306033E-03  -7.3351597E-04  -2.3104183E-03  -2.9245614E-03   4.8677349E-04  -1.1182127E-05  -2.3152752E-05   4.4043964E-05   1.5041846E-05   3.4021126E-05   7.3580675E-05   4.0649385E-07  -2.9993675E-07
  2.4183341E-07  -3.9912802E-06   3.9852826E-07   8.0091035E-06   5.1019552E-06   1.7848100E-05   3.1094397E-05   1.2911928E-07  -3.7565531E-03   9.9295529E-05   9.5854115E-04  -1.6145704E-02  -5.8434560E-03   1.3931103E-03   3.8101527E-03  -1.8722436E-03  -1.5099195E-04  -2.2245459E-04  -3.6650433E-04   8.3215564E-04  -7.4666954E-07  -1.2450879E-06   1.8860995E-06  -6.1293278E-06  -1.3670565E-05  -6.8989059E-05  -7.4447324E-08  -1.4498959E-07
  1.5419735E-07  -4.7976503E-06   2.6061139E-07   6.2415382E-06  -8.5701240E-06   3.1094397E-05   1.4388376E-03  -8.0776937E-07   1.7512420E-03   2.6143775E-04   2.6888874E-03  -1.8932336E-02  -1.2295231E-02   3.2764873E-03  -4.3455465E-03  -3.4724929E-03  -4.2136494E-03   1.0692340E-03   2.4271307E-04  -3.1158020E-03   6.5990951E-05   6.3210761E-05  -1.3696608E-04   6.6038616E-05  -1.2093826E-04  -1.2809424E-04  -1.0028514E-06  -4.8788699E-08
  1.1092271E-08  -3.2510951E-08   2.5615781E-08  -5.8677470E-07   1.0671695E-05   1.2911928E-07  -8.0776937E-07   5.9531253E-06   1.0938908E-03  -1.9855508E-05   1.6157551E-04   2.7460836E-03   5.0670764E-05   9.1280615E-05   3.8813658E-04  -2.9944087E-06   2.6503084E-04  -1.2937368E-04  -1.7169300E-04   3.2810760E-04   4.4569083E-07  -1.3830804E-07   1.1455738E-05   1.6605062E-06   2.2219533E-06   2.5108157E-05   4.9048380E-08   1.1463780E-08
 -8.6994567E-05   2.1060399E-04  -4.3761661E-05  -3.5675556E-03  -6.3846124E-03  -3.7565531E-03   1.7512420E-03   1.0938908E-03   4.2279282E+01  -2.9950973E-01  -1.0316335E+00   3.0798685E+01   1.9019165E+00  -1.1827715E+01  -5.2579833E+01   1.3441988E-01   3.9263538E-01   5.5580620E-01  -5.6226974E+00  -3.1918098E+01   2.4715092E-03   9.0394425E-05   9.2437067E-03  -9.3029516E-04   8.4278722E-03   2.3722304E-02  -1.9459691E-04   7.0425215E-04
  3.5670163E-06  -6.7039302E-06   1.3038279E-06   8.1662492E-05   1.7634783E-04   9.9295529E-05   2.6143775E-04  -1.9855508E-05  -2.9950973E-01   7.9310975E-02  -5.4391766E-02  -4.5075310E-01   9.4451275E-01   1.6272125E+00   5.0282287E-01   3.5730115E-02  -9.3550306E-03  -2.4449378E-02   6.7464542E-02   4.6071273E-02   1.9198384E-04   2.2595145E-04  -7.1364719E-05  -5.5357990E-06  -8.5943832E-05  -1.8812412E-03   8.0164423E-06  -1.4044580E-06
  1.8318944E-05  -1.3044320E-04   7.2261282E-06   8.3839648E-04   1.6281758E-03   9.5854115E-04   2.6888874E-03   1.6157551E-04  -1.0316335E+00  -5.4391766E-02   3.8902633E+00  -3.0648015E+01  -3.5488739E+00   7.1578608E+00   5.2726884E+00  -2.5240224E+00  -2.1619603E-01   1.0807175E-01   2.6836268E+00   3.6532651E+00  -1.4231635E-03  -2.9946648E-03   2.8959493E-03  -2.9751942E-03  -2.3108263E-03   5.9910669E-03   1.0695045E-04  -1.6229026E-05
 -2.7008568E-04   7.8862990E-04  -1.3409928E-06  -1.1488696E-02  -2.0831696E-02  -1.6145704E-02  -1.8932336E-02   2.7460836E-03   3.0798685E+01  -4.5075310E-01  -3.0648015E+01   7.4912070E+02   6.2553321E+01  -5.3882302E+01  -5.3913239E+01   1.2832407E+01  -5.5370343E+00   6.3532783E+00  -1.3234925E+01  -2.5298136E+01   9.5901628E-03  -4.7330554E-03  -3.3008307E-02   1.3850209E-02   6.6447949E-02  -3.1312433E-02   3.6968493E-03   3.3466496E-04
 -1.3672819E-04   9.5779719E-04  -4.3773013E-05  -4.9636969E-03  -7.4995207E-03  -5.8434560E-03  -1.2295231E-02   5.0670764E-05   1.9019165E+00   9.4451275E-01  -3.5488739E+00   6.2553321E+01   5.8763482E+01   3.7349939E+01   1.2282765E+01  -4.4875121E+00  -3.1980770E-02  -1.6443696E+00   3.2530115E+00   3.6363328E+00   8.3734591E-04   5.5637174E-03  -2.5286078E-02  -1.6606216E-03  -5.7359588E-04  -4.5103129E-02   1.2655832E-04   1.7243408E-04
  4.6049739E-06   4.0838273E-04  -3.7029097E-05   1.0789326E-03   5.3453537E-03   1.3931103E-03   3.2764873E-03   9.1280615E-05  -1.1827715E+01   1.6272125E+00   7.1578608E+00  -5.3882302E+01   3.7349939E+01   8.0028852E+01   4.8167596E+01  -1.0917431E+01  -6.6352616E-01  -1.5280398E+00   3.8404896E+00   6.6999189E+00  -2.2805926E-03  -6.7371361E-03   8.4351246E-03  -1.1713555E-02  -6.9408990E-03  -3.9956380E-02   5.1568393E-04  -3.0416653E-04
  4.6037898E-05   2.4555759E-04  -1.5700038E-05   2.4381819E-03   9.4837815E-03   3.8101527E-03  -4.3455465E-03   3.8813658E-04  -5.2579833E+01   5.0282287E-01   5.2726884E+00  -5.3913239E+01   1.2282765E+01   4.8167596E+01   9.8509961E+01  -8.6839171E+00  -8.7775801E-01  -1.4317565E+00   4.8897694E+00   3.1561047E+01  -6.8313648E-03  -1.0014145E-02   1.7713534E-03  -6.1599363E-03  -1.7801367E-02  -8.3305088E-03   4.7660522E-04  -1.3379011E-03
 -2.7438385E-05   1.4375077E-05  -2.9389799E-06  -1.1244289E-03  -2.9306033E-03  -1.8722436E-03  -3.4724929E-03  -2.9944087E-06   1.3441988E-01   3.5730115E-02  -2.5240224E+00   1.2832407E+01  -4.4875121E+00  -1.0917431E+01  -8.6839171E+00   5.3378916E+00   1.1651656E-01  -1.0465805E-01  -1.9956036E+00  -2.5838629E+00   2.6322186E-03   3.9991290E-03  -2.0913974E-03   3.1440926E-03   1.9980750E-03   9.4447610E-03  -7.5532075E-05   1.0116168E-05
 -6.7885512E-06   9.9989254E-05  -1.3990311E-05  -5.9168442E-04  -7.3351597E-04  -1.5099195E-04  -4.2136494E-03   2.6503084E-04   3.9263538E-01  -9.3550306E-03  -2.1619603E-01  -5.5370343E+00  -3.1980770E-02  -6.6352616E-01  -8.7775801E-01   1.1651656E-01   3.4426796E+00   5.6323829E-01   2.7359214E-01   2.8436353E-01  -1.0292210E-04   1.1274506E-03   2.7757899E-03  -8.6361406E-06   3.4946019E-03   1.1751672E-02   1.5193742E-04   1.7019714E-05
 -1.1612385E-05  -7.3168916E-05  -4.9016037E-07  -5.8858910E-04  -2.3104183E-03  -2.2245459E-04   1.0692340E-03  -1.2937368E-04   5.5580620E-01  -2.4449378E-02   1.0807175E-01   6.3532783E+00  -1.6443696E+00  -1.5280398E+00  -1.4317565E+00  -1.0465805E-01   5.6323829E-01   3.0810432E+00   2.6881759E+00   2.8815539E+00  -3.7139312E-04   7.6318046E-04   3.7269075E-03   1.3778670E-03   4.8370727E-04   1.2737991E-02  -1.8929427E-04  -1.3080978E-05
 -1.3238265E-05  -3.8366522E-05   4.0745495E-05  -9.3811076E-04  -2.9245614E-03  -3.6650433E-04   2.4271307E-04  -1.7169300E-04  -5.6226974E+00   6.7464542E-02   2.6836268E+00  -1.3234925E+01   3.2530115E+00   3.8404896E+00   4.8897694E+00  -1.9956036E+00   2.7359214E-01   2.6881759E+00   1.1111410E+01   1.9865244E+01   5.0426907E-04   1.7591552E-03  -7.4997388E-03   9.7917648E-04  -8.6071600E-04   7.4022745E-03  -5.1742011E-05   4.5654578E-04
  3.1933693E-06  -5.6886608E-06   1.0105666E-04  -9.8525043E-05   4.8677349E-04   8.3215564E-04  -3.1158020E-03   3.2810760E-04  -3.1918098E+01   4.6071273E-02   3.6532651E+00  -2.5298136E+01   3.6363328E+00   6.6999189E+00   3.1561047E+01  -2.5838629E+00   2.8436353E-01   2.8815539E+00   1.9865244E+01   5.4010011E+01  -9.0980995E-04   3.7357325E-03  -1.0519715E-02   1.6985804E-03   1.9000771E-03  -5.0774644E-03   1.3147381E-05   9.6133138E-04
 -4.5505501E-08  -4.9455221E-07  -4.9070944E-07  -5.2273033E-06  -1.1182127E-05  -7.4666954E-07   6.5990951E-05   4.4569083E-07   2.4715092E-03   1.9198384E-04  -1.4231635E-03   9.5901628E-03   8.3734591E-04  -2.2805926E-03  -6.8313648E-03   2.6322186E-03  -1.0292210E-04  -3.7139312E-04   5.0426907E-04  -9.0980995E-04   1.4121052E-03   2.8137567E-04   1.0206248E-04  -3.1166134E-04  -9.5850781E-05  -2.4821877E-04  -3.8839579E-07   8.0006676E-07
 -2.3776574E-08   3.9781981E-07   1.0406466E-07  -1.1233578E-05  -2.3152752E-05  -1.2450879E-06   6.3210761E-05  -1.3830804E-07   9.0394425E-05   2.2595145E-04  -2.9946648E-03  -4.7330554E-03   5.5637174E-03  -6.7371361E-03  -1.0014145E-02   3.9991290E-03   1.1274506E-03   7.6318046E-04   1.7591552E-03   3.7357325E-03   2.8137567E-04   8.7448210E-04  -5.1214569E-05   7.6350302E-04  -2.5964519E-05  -8.8034429E-04  -7.0254362E-07   1.6887781E-07
 -4.3253490E-08   9.1398788E-07  -5.8950785E-07   9.0636671E-06   4.4043964E-05   1.8860995E-06  -1.3696608E-04   1.1455738E-05   9.2437067E-03  -7.1364719E-05   2.8959493E-03  -3.3008307E-02  -2.5286078E-02   8.4351246E-03   1.7713534E-03  -2.0913974E-03   2.7757899E-03   3.7269075E-03  -7.4997388E-03  -1.0519715E-02   1.0206248E-04  -5.1214569E-05   7.1760405E-03  -4.3857620E-04   6.7051936E-04   4.8040247E-03  -1.0546599E-06  -4.1040039E-07
 -5.6794595E-07   4.0000889E-06  -2.1179400E-07   2.3263390E-06   1.5041846E-05  -6.1293278E-06   6.6038616E-05   1.6605062E-06  -9.3029516E-04  -5.5357990E-06  -2.9751942E-03   1.3850209E-02  -1.6606216E-03  -1.1713555E-02  -6.1599363E-03   3.1440926E-03  -8.6361406E-06   1.3778670E-03   9.7917648E-04   1.6985804E-03  -3.1166134E-04   7.6350302E-04  -4.3857620E-04   2.8632779E-03   4.3706650E-04  -8.7245105E-04  -7.5405374E-07  -6.3407496E-08
 -6.4071749E-07   4.5350627E-06  -6.6308241E-07   1.0753259E-05   3.4021126E-05  -1.3670565E-05  -1.2093826E-04   2.2219533E-06   8.4278722E-03  -8.5943832E-05  -2.3108263E-03   6.6447949E-02  -5.7359588E-04  -6.9408990E-03  -1.7801367E-02   1.9980750E-03   3.4946019E-03   4.8370727E-04  -8.6071600E-04   1.9000771E-03  -9.5850781E-05  -2.5964519E-05   6.7051936E-04   4.3706650E-04   6.2705675E-03   7.9849972E-03  -2.5320512E-07   4.1750215E-07
 -2.9384597E-06   2.6887503E-05  -5.4738469E-06  -1.0772813E-05   7.3580675E-05  -6.8989059E-05  -1.2809424E-04   2.5108157E-05   2.3722304E-02  -1.8812412E-03   5.9910669E-03  -3.1312433E-02  -4.5103129E-02  -3.9956380E-02  -8.3305088E-03   9.4447610E-03   1.1751672E-02   1.2737991E-02   7.4022745E-03  -5.0774644E-03  -2.4821877E-04  -8.8034429E-04   4.8040247E-03  -8.7245105E-04   7.9849972E-03   7.0267539E-02  -3.6631336E-06   2.7374988E-08
  3.0759153E-09  -5.6451581E-09   4.7406277E-09   7.2092476E-08   4.0649385E-07  -7.4447324E-08  -1.0028514E-06   4.9048380E-08  -1.9459691E-04   8.0164423E-06   1.0695045E-04   3.6968493E-03   1.2655832E-04   5.1568393E-04   4.7660522E-04  -7.5532075E-05   1.5193742E-04  -1.8929427E-04  -5.1742011E-05   1.3147381E-05  -3.8839579E-07  -7.0254362E-07  -1.0546599E-06  -7.5405374E-07  -2.5320512E-07  -3.6631336E-06   3.7688236E-07   1.6134689E-09
 -3.9504229E-09   2.9254786E-08   1.0394988E-09  -1.8623990E-07  -2.9993675E-07  -1.4498959E-07  -4.8788699E-08   1.1463780E-08   7.0425215E-04  -1.4044580E-06  -1.6229026E-05   3.3466496E-04   1.7243408E-04  -3.0416653E-04  -1.3379011E-03   1.0116168E-05   1.7019714E-05  -1.3080978E-05   4.5654578E-04   9.6133138E-04   8.0006676E-07   1.6887781E-07  -4.1040039E-07  -6.3407496E-08   4.1750215E-07   2.7374988E-08   1.6134689E-09   3.7562155E-07
