# Alens logA ns ombh2 omch2 tau theta_MC_100 A_planck amp_143 amp_217 amp_143x217 n_143 n_217 n_143x217 calTE calEE
3.974474218659057416e-03 -3.271462081412217617e-04 1.548800101829524438e-04 5.692800477634576628e-06 -4.741589321758277620e-05 -1.065323409914044540e-04 5.403399035185397517e-06 -1.212006422234075398e-05 -5.664577328127545081e-02 -5.287837433855423208e-02 -5.518570646898010579e-02 6.727704430172162797e-04 7.102353598467843476e-03 1.440524766931022306e-02 -8.645115526496266001e-05 -2.906110300504483694e-05
-3.271462081412217617e-04 2.629659978736087630e-04 -2.941354180553924958e-06 -3.348983782150308481e-08 1.889288042684706379e-06 1.170121622909909865e-04 -1.064602535157405537e-07 1.134642867444994385e-05 -8.872335542995011225e-04 -1.010789859402685953e-03 -1.102682115117231514e-03 5.591647162093997178e-05 2.702568989890775930e-04 4.533848165758352510e-04 -5.684568130844950067e-07 -1.899755335853906068e-06
1.548800101829524438e-04 -2.941354180553924958e-06 2.312853351787365103e-05 4.706861629043862253e-07 -5.244873022516962986e-06 4.846696438504276518e-06 5.688308425250589182e-07 5.067645132214820746e-09 -6.153847753915535519e-03 -5.718051817331521076e-03 -6.018437678027492403e-03 8.136732116171168153e-05 8.603404984286501522e-04 1.666732574421718504e-03 -2.799047127089265594e-06 -2.191739366373580480e-06
5.692800477634576628e-06 -3.348983782150308481e-08 4.706861629043862253e-07 2.711707755830726037e-08 -1.504879079702780914e-07 1.140379212153010015e-07 2.034395209664101773e-08 2.251192048806525811e-09 -1.622696675366684259e-04 -1.521938651860606912e-04 -1.582226358575513899e-04 -4.941484948438214259e-07 1.918356518934671880e-05 3.875079969465471412e-05 -1.641852890937306810e-07 -2.008182263157958704e-07
-4.741589321758277620e-05 1.889288042684706379e-06 -5.244873022516962986e-06 -1.504879079702780914e-07 1.994320805511771896e-06 -1.258377387105297121e-06 -1.792686348579444103e-07 -1.994992538870735610e-08 9.217011717609604115e-04 8.658654400429727140e-04 9.087214361615750940e-04 -1.299699691896127045e-06 -1.106425471635884202e-04 -2.280358128725189920e-04 7.117551163506581211e-07 -2.836154540715048485e-07
-1.065323409914044540e-04 1.170121622909909865e-04 4.846696438504276518e-06 1.140379212153010015e-07 -1.258377387105297121e-06 6.010637128644379996e-05 1.021345064745747486e-07 9.429428726039790539e-08 -9.576154133081280504e-04 -9.159134722081007166e-04 -9.243614408049038176e-04 -3.023115371833535851e-05 1.264007955815443112e-04 1.884183316467150928e-04 -7.341338592507187804e-07 -1.097763809028491016e-06
5.403399035185397517e-06 -1.064602535157405537e-07 5.688308425250589182e-07 2.034395209664101773e-08 -1.792686348579444103e-07 1.021345064745747486e-07 8.108973822929136491e-08 7.298664506973946809e-09 -8.754584087430016502e-05 -8.229615958638468811e-05 -8.819344439920896110e-05 -4.180130315331996755e-07 9.520953827815984417e-06 1.913009887965449969e-05 -1.123790389655903842e-07 7.227095627651955359e-09
-1.212006422234075398e-05 1.134642867444994385e-05 5.067645132214820746e-09 2.251192048806525811e-09 -1.994992538870735610e-08 9.429428726039791863e-08 7.298664506973946809e-09 5.681026923337386615e-06 2.770683260100665420e-04 2.182709318230458982e-04 1.687447094469100958e-04 -1.047709090601579957e-05 -2.032701420939266555e-05 -2.777373718197709637e-05 -2.971896115900531514e-07 -3.244691087764816010e-07
-5.664577328127545081e-02 -8.872335542995011225e-04 -6.153847753915535519e-03 -1.622696675366684259e-04 9.217011717609604115e-04 -9.576154133081280504e-04 -8.754584087430016502e-05 2.770683260100665420e-04 4.200784736125553920e+00 3.455573132884827814e+00 3.783971513692951483e+00 -1.029079414546442417e-01 -6.301727342863523429e-01 -1.254771740607814268e+00 1.096545745664639178e-03 7.011492308401415761e-04
-5.287837433855423208e-02 -1.010789859402685953e-03 -5.718051817331521076e-03 -1.521938651860606912e-04 8.658654400429727140e-04 -9.159134722081007166e-04 -8.229615958638468811e-05 2.182709318230458982e-04 3.455573132884827814e+00 3.735546464676229306e+00 3.621606130153115721e+00 -1.501594183103760471e-01 -6.740007917913459767e-01 -1.266210865897056337e+00 9.386867406727953311e-04 6.659601483111380563e-04
-5.518570646898010579e-02 -1.102682115117231297e-03 -6.018437678027492403e-03 -1.582226358575513899e-04 9.087214361615750940e-04 -9.243614408049039260e-04 -8.819344439920896110e-05 1.687447094469101772e-04 3.783971513692951483e+00 3.621606130153115721e+00 3.855978962862054438e+00 -1.636434816835498074e-01 -6.721803493331233170e-01 -1.292845014872841425e+00 9.795479847295484373e-04 6.371738291614220239e-04
6.727704430172162797e-04 5.591647162093997178e-05 8.136732116171168153e-05 -4.941484948438214259e-07 -1.299699691896125986e-06 -3.023115371833535173e-05 -4.180130315331996226e-07 -1.047709090601579449e-05 -1.029079414546442139e-01 -1.501594183103760471e-01 -1.636434816835498074e-01 5.702390657551661274e-02 2.962585597515867211e-02 9.770206990562751992e-02 7.232465257412118572e-05 1.203157468165962784e-04
7.102353598467843476e-03 2.702568989890775930e-04 8.603404984286501522e-04 1.918356518934671880e-05 -1.106425471635883931e-04 1.264007955815443112e-04 9.520953827815984417e-06 -2.032701420939266555e-05 -6.301727342863523429e-01 -6.740007917913459767e-01 -6.721803493331233170e-01 2.962585597515867211e-02 1.851207099304410519e-01 2.906766985358758548e-01 -8.637766293350778845e-05 -1.172310491019449725e-05
1.440524766931021959e-02 4.533848165758352510e-04 1.666732574421718504e-03 3.875079969465471412e-05 -2.280358128725189649e-04 1.884183316467150928e-04 1.913009887965449969e-05 -2.777373718197710315e-05 -1.254771740607814268e+00 -1.266210865897056337e+00 -1.292845014872841425e+00 9.770206990562751992e-02 2.906766985358758548e-01 6.706297468856210475e-01 -1.399124048527489389e-04 2.493422109988508977e-05
-8.645115526496266001e-05 -5.684568130844950067e-07 -2.799047127089265594e-06 -1.641852890937306810e-07 7.117551163506581211e-07 -7.341338592507187804e-07 -1.123790389655903842e-07 -2.971896115900531514e-07 1.096545745664639178e-03 9.386867406727951143e-04 9.795479847295484373e-04 7.232465257412117217e-05 -8.637766293350778845e-05 -1.399124048527489389e-04 1.791449450584771315e-05 5.610439626080247118e-06
-2.906110300504483694e-05 -1.899755335853906068e-06 -2.191739366373580480e-06 -2.008182263157958704e-07 -2.836154540715048485e-07 -1.097763809028491228e-06 7.227095627651955359e-09 -3.244691087764816010e-07 7.011492308401415761e-04 6.659601483111379479e-04 6.371738291614220239e-04 1.203157468165962784e-04 -1.172310491019449556e-05 2.493422109988508638e-05 5.610439626080247118e-06 1.795869774644502325e-05
