# omegabh2 omegach2 theta tau nnu logA ns calPlanck acib217 xi asz143 aps100 aps143 aps143217 aps217 aksz kgal100 kgal143 kgal143217 kgal217 galfEE100 galfEE100143 galfEE100217 galfEE143 galfEE143217 galfEE217 galfTE100 galfTE100143 galfTE100217 galfTE143 galfTE143217 galfTE217 cal0 cal2
    0.5199725E-07    0.3004963E-06   -0.2604924E-07    0.1872218E-05    0.3159604E-04    0.4628079E-05    0.1635587E-05    0.1262215E-07    0.2871960E-04   -0.1657636E-06    0.1895672E-05    0.4371648E-04    0.2008206E-04    0.1198391E-04   -0.2573677E-04    0.8383072E-05    0.1106304E-04    0.3123486E-05    0.7868457E-05    0.5633811E-05    0.1173926E-06    0.1306245E-06    0.2111260E-07    0.1049090E-06   -0.1244774E-06   -0.1821137E-06   -0.1052244E-06   -0.1204953E-06   -0.1778570E-06   -0.3033030E-06   -0.6668835E-06   -0.1948743E-05   -0.1779527E-08    0.6666377E-08
    0.3004963E-06    0.8979223E-05   -0.9444507E-06    0.3356371E-05    0.4984224E-03    0.2920247E-04    0.1448992E-04   -0.9928851E-07    0.2675542E-02   -0.6116747E-04   -0.5805755E-03    0.1212544E-01    0.5446125E-02    0.9038591E-03   -0.1031032E-02    0.1066399E-02    0.1578810E-03    0.1923834E-03    0.4563856E-03    0.1124274E-03    0.3846765E-06    0.3135605E-06   -0.9236477E-06    0.1585693E-06   -0.6406855E-05   -0.1012546E-04    0.2303639E-05    0.2289170E-05    0.1481080E-05    0.2469013E-05    0.2960701E-05    0.1688391E-04   -0.4527800E-07    0.2817172E-06
   -0.2604924E-07   -0.9444507E-06    0.1870955E-06   -0.2914357E-06   -0.5425735E-04   -0.2846313E-05   -0.1513826E-05    0.2150854E-07   -0.2941536E-03    0.6659695E-05    0.6304955E-04   -0.1365315E-02   -0.5764916E-03   -0.8857197E-04    0.1329248E-03   -0.1188738E-03   -0.1434208E-04   -0.2149319E-04   -0.5806499E-04   -0.2912749E-04   -0.5696778E-07   -0.3845295E-07    0.7164691E-07   -0.3024237E-07    0.7403827E-06    0.7962340E-06   -0.3057626E-06   -0.1862093E-06   -0.1177731E-06   -0.1266995E-06   -0.4921724E-06   -0.3117159E-05    0.3850289E-08   -0.3177840E-07
    0.1872218E-05    0.3356371E-05   -0.2914357E-06    0.3223224E-03    0.1005352E-02    0.6492519E-03    0.7899743E-04   -0.2537465E-05   -0.1083079E-01    0.2481527E-03    0.1523581E-02   -0.4882329E-01   -0.9977224E-02    0.4748835E-02    0.1262839E-01   -0.3505210E-02    0.5865751E-03   -0.9377612E-03   -0.2810182E-02   -0.1965943E-02    0.4731389E-05    0.4996166E-05    0.6485902E-05    0.4136112E-05   -0.3546278E-05    0.7131186E-07   -0.1300929E-04   -0.1455393E-04   -0.2122577E-04   -0.1736935E-04   -0.3841396E-04   -0.7312950E-04   -0.3073329E-06   -0.1323528E-05
    0.3159604E-04    0.4984224E-03   -0.5425735E-04    0.1005352E-02    0.3608253E-01    0.3280559E-02    0.1430786E-02   -0.8833131E-06    0.1563122E+00   -0.3235825E-02   -0.3135943E-01    0.6598228E+00    0.2981726E+00    0.4441107E-01   -0.7386489E-01    0.6467582E-01    0.1405796E-01    0.1363576E-01    0.2980827E-01    0.6703919E-02    0.7617497E-04    0.8052941E-04   -0.4438291E-04    0.6762706E-04   -0.3751241E-03   -0.6030462E-03    0.9436708E-04    0.5467700E-04    0.5630730E-04   -0.3552692E-04   -0.5504724E-04    0.2498290E-03   -0.3964733E-05    0.1701687E-04
    0.4628079E-05    0.2920247E-04   -0.2846313E-05    0.6492519E-03    0.3280559E-02    0.1393667E-02    0.1941523E-03    0.7638363E-05   -0.1502725E-01    0.3794198E-03    0.1749542E-02   -0.6203236E-01   -0.4622083E-02    0.1461610E-01    0.2853091E-01   -0.5184345E-02    0.1237602E-02   -0.1989127E-02   -0.4670135E-02   -0.1678701E-02    0.1129085E-04    0.1092965E-04    0.1038840E-04    0.9845337E-05   -0.2734581E-04   -0.3007681E-04   -0.1920481E-04   -0.2371278E-04   -0.4213393E-04   -0.3009689E-04   -0.7110084E-04   -0.9122916E-04   -0.4935752E-06   -0.1971694E-05
    0.1635587E-05    0.1448992E-04   -0.1513826E-05    0.7899743E-04    0.1430786E-02    0.1941523E-03    0.7978660E-04    0.1043954E-06    0.5799717E-03    0.4873912E-04   -0.5335516E-04   -0.3934507E-02    0.4528444E-02    0.5111006E-02    0.3123349E-02   -0.5696728E-04    0.7845172E-03    0.2819568E-03    0.5699403E-03    0.6646550E-03    0.6070131E-05    0.6829604E-05    0.1791726E-07    0.6367825E-05   -0.1214678E-04   -0.1277008E-04   -0.7069316E-06   -0.3525003E-05   -0.3166182E-06   -0.1153085E-04   -0.1264209E-04   -0.1224250E-04   -0.3705041E-06    0.2295176E-06
    0.1262215E-07   -0.9928851E-07    0.2150854E-07   -0.2537465E-05   -0.8833131E-06    0.7638363E-05    0.1043954E-06    0.6411572E-05    0.8545045E-03   -0.8652459E-05    0.5010198E-04    0.4004248E-02    0.6096951E-03    0.2732209E-03    0.1178830E-02   -0.3296626E-04   -0.8825889E-04   -0.4720084E-04    0.6995696E-04    0.8924170E-03    0.6138933E-06    0.3703204E-06    0.7524610E-07    0.9428896E-06   -0.1974793E-05    0.5670948E-06    0.1144818E-05    0.6502096E-07   -0.2282704E-05   -0.1041208E-05   -0.1375236E-06    0.9316711E-05   -0.8409164E-08    0.1538330E-07
    0.2871960E-04    0.2675542E-02   -0.2941536E-03   -0.1083079E-01    0.1563122E+00   -0.1502725E-01    0.5799717E-03    0.8545045E-03    0.4408994E+02   -0.5342565E+00   -0.1811024E+01    0.4668707E+02    0.1126282E+01   -0.2179741E+02   -0.6124842E+02    0.7529270E+00    0.4200644E-01    0.2605581E-01   -0.2438711E+01   -0.1923489E+02   -0.2445265E-03   -0.1839732E-03   -0.2520492E-02    0.5074862E-03    0.5095019E-03    0.2391581E-02    0.4942965E-02    0.2422970E-02    0.3254827E-02    0.6550220E-03    0.6353177E-02    0.7412628E-02   -0.2575186E-03    0.4338349E-02
   -0.1657636E-06   -0.6116747E-04    0.6659695E-05    0.2481527E-03   -0.3235825E-02    0.3794198E-03    0.4873912E-04   -0.8652459E-05   -0.5342565E+00    0.8249108E-01   -0.6886607E-01   -0.6609581E+00    0.1018786E+01    0.1956363E+01    0.8128943E+00    0.5560965E-01   -0.9511879E-02   -0.5237043E-02    0.1002760E+00    0.1122632E+00   -0.8156826E-05   -0.1062776E-04    0.1591945E-03   -0.7428964E-05    0.6913048E-04    0.4014124E-03   -0.1423926E-03   -0.1003528E-03   -0.3203455E-03   -0.3084148E-03   -0.2758310E-03   -0.1291974E-03    0.8817158E-05   -0.1740824E-04
    0.1895672E-05   -0.5805755E-03    0.6304955E-04    0.1523581E-02   -0.3135943E-01    0.1749542E-02   -0.5335516E-04    0.5010198E-04   -0.1811024E+01   -0.6886607E-01    0.3513514E+01   -0.2791314E+02   -0.4031333E+01    0.6939678E+01    0.6380611E+01   -0.2407137E+01   -0.1271761E+00   -0.9681917E-02    0.2231980E+01    0.2148969E+01    0.1454641E-03    0.1033183E-03   -0.1532441E-02   -0.3261165E-04    0.1511254E-02    0.3210101E-03   -0.3336098E-03   -0.5922699E-04   -0.1796024E-02   -0.5298021E-03   -0.1926997E-02   -0.1000653E-01    0.1837880E-03   -0.3558763E-03
    0.4371648E-04    0.1212544E-01   -0.1365315E-02   -0.4882329E-01    0.6598228E+00   -0.6203236E-01   -0.3934507E-02    0.4004248E-02    0.4668707E+02   -0.6609581E+00   -0.2791314E+02    0.7691511E+03    0.7025289E+02   -0.6000999E+02   -0.7398772E+02    0.1354856E+02   -0.3923797E+01    0.3916389E+01   -0.9614678E+01   -0.1504152E+02   -0.1934441E-02   -0.2292893E-02    0.1747385E-01   -0.2965457E-03   -0.1713794E-01    0.1998953E-01    0.2096454E-01    0.9586593E-03    0.1358423E-02   -0.6540339E-02    0.5630891E-03    0.5237811E-01    0.5891929E-02    0.4813693E-02
    0.2008206E-04    0.5446125E-02   -0.5764916E-03   -0.9977224E-02    0.2981726E+00   -0.4622083E-02    0.4528444E-02    0.6096951E-03    0.1126282E+01    0.1018786E+01   -0.4031333E+01    0.7025289E+02    0.6234385E+02    0.4533821E+02    0.1703766E+02   -0.3628610E+01   -0.1498934E+00   -0.1137663E+01    0.3582599E+01    0.3121577E+01   -0.1332523E-03   -0.1296946E-02    0.3853379E-02   -0.8909873E-03   -0.6971642E-02   -0.1451116E-01    0.1016879E-02    0.1005557E-02   -0.6680701E-02   -0.3012340E-02    0.5889376E-02    0.1586018E-01    0.1660991E-03    0.2152124E-03
    0.1198391E-04    0.9038591E-03   -0.8857197E-04    0.4748835E-02    0.4441107E-01    0.1461610E-01    0.5111006E-02    0.2732209E-03   -0.2179741E+02    0.1956363E+01    0.6939678E+01   -0.6000999E+02    0.4533821E+02    0.9921483E+02    0.6620055E+02   -0.1080406E+02   -0.5040042E+00   -0.8415585E+00    0.4283602E+01    0.4991251E+01    0.2636894E-03   -0.6543153E-03    0.8642934E-03   -0.6893579E-03   -0.5160983E-03    0.2007937E-02   -0.6372462E-02   -0.2729505E-02   -0.1130196E-01   -0.8487839E-02   -0.5154813E-02   -0.2312614E-01    0.7763999E-03   -0.2476229E-02
   -0.2573677E-04   -0.1031032E-02    0.1329248E-03    0.1262839E-01   -0.7386489E-01    0.2853091E-01    0.3123349E-02    0.1178830E-02   -0.6124842E+02    0.8128943E+00    0.6380611E+01   -0.7398772E+02    0.1703766E+02    0.6620055E+02    0.1202873E+03   -0.9685262E+01   -0.3502909E+00   -0.3680748E+00   -0.4256816E+00    0.1518243E+02    0.4749289E-03   -0.2522573E-03    0.5974092E-03   -0.5305084E-03   -0.5175682E-02   -0.3047842E-03   -0.8845994E-02   -0.3118868E-02   -0.6093830E-02   -0.2394994E-02   -0.8411063E-02   -0.1214958E-01    0.6165510E-03   -0.7647787E-02
    0.8383072E-05    0.1066399E-02   -0.1188738E-03   -0.3505210E-02    0.6467582E-01   -0.5184345E-02   -0.5696728E-04   -0.3296626E-04    0.7529270E+00    0.5560965E-01   -0.2407137E+01    0.1354856E+02   -0.3628610E+01   -0.1080406E+02   -0.9685262E+01    0.5582881E+01    0.6006569E-01    0.2233693E-01   -0.1650474E+01   -0.1467803E+01   -0.2436704E-03   -0.2790469E-04    0.5425459E-03   -0.6630964E-04   -0.1885115E-03   -0.6089304E-03    0.1726528E-02    0.1090143E-02    0.1045207E-02    0.1229616E-02    0.9698590E-03    0.6284227E-02   -0.1204740E-03    0.1930880E-03
    0.1106304E-04    0.1578810E-03   -0.1434208E-04    0.5865751E-03    0.1405796E-01    0.1237602E-02    0.7845172E-03   -0.8825889E-04    0.4200644E-01   -0.9511879E-02   -0.1271761E+00   -0.3923797E+01   -0.1498934E+00   -0.5040042E+00   -0.3502909E+00    0.6006569E-01    0.3464048E+01    0.4065802E+00    0.2852682E+00    0.4606578E+00    0.1338748E-04    0.1048067E-03   -0.1774770E-02    0.5093167E-04   -0.3599127E-03    0.1442519E-02    0.4231465E-03   -0.4052745E-03    0.7287317E-03   -0.1064789E-02   -0.1630713E-02   -0.4033318E-02    0.2878855E-03    0.3790704E-04
    0.3123486E-05    0.1923834E-03   -0.2149319E-04   -0.9377612E-03    0.1363576E-01   -0.1989127E-02    0.2819568E-03   -0.4720084E-04    0.2605581E-01   -0.5237043E-02   -0.9681917E-02    0.3916389E+01   -0.1137663E+01   -0.8415585E+00   -0.3680748E+00    0.2233693E-01    0.4065802E+00    0.3355581E+01    0.2539931E+01    0.1804289E+01   -0.1707631E-03   -0.1473777E-04    0.3481544E-03    0.7351095E-04   -0.8519150E-03    0.1293875E-02    0.6744857E-03    0.6983120E-04   -0.1584047E-02    0.1235705E-02   -0.3230319E-02   -0.1013514E-01   -0.2911594E-03   -0.2062707E-03
    0.7868457E-05    0.4563856E-03   -0.5806499E-04   -0.2810182E-02    0.2980827E-01   -0.4670135E-02    0.5699403E-03    0.6995696E-04   -0.2438711E+01    0.1002760E+00    0.2231980E+01   -0.9614678E+01    0.3582599E+01    0.4283602E+01   -0.4256816E+00   -0.1650474E+01    0.2852682E+00    0.2539931E+01    0.1751854E+02    0.2657867E+02   -0.1301132E-03    0.7819409E-04   -0.5621991E-03   -0.2727669E-03   -0.8039138E-03   -0.5866194E-02    0.2775299E-02    0.1717679E-03   -0.4974012E-02   -0.1245419E-02   -0.4379454E-02   -0.1023863E-02    0.3264784E-04    0.2525363E-02
    0.5633811E-05    0.1124274E-03   -0.2912749E-04   -0.1965943E-02    0.6703919E-02   -0.1678701E-02    0.6646550E-03    0.8924170E-03   -0.1923489E+02    0.1122632E+00    0.2148969E+01   -0.1504152E+02    0.3121577E+01    0.4991251E+01    0.1518243E+02   -0.1467803E+01    0.4606578E+00    0.1804289E+01    0.2657867E+02    0.5642892E+02    0.4287335E-04    0.4128754E-03   -0.4267183E-04   -0.4019378E-03   -0.2782043E-02   -0.1483424E-01    0.3621821E-02   -0.9211465E-03   -0.3437523E-02   -0.2004440E-02   -0.2347203E-02    0.1042085E-01    0.1278696E-03    0.4606532E-02
    0.1173926E-06    0.3846765E-06   -0.5696778E-07    0.4731389E-05    0.7617497E-04    0.1129085E-04    0.6070131E-05    0.6138933E-06   -0.2445265E-03   -0.8156826E-05    0.1454641E-03   -0.1934441E-02   -0.1332523E-03    0.2636894E-03    0.4749289E-03   -0.2436704E-03    0.1338748E-04   -0.1707631E-03   -0.1301132E-03    0.4287335E-04    0.3331781E-04    0.8973110E-05    0.1113253E-05    0.3366418E-05   -0.3527113E-06    0.9172512E-05   -0.2296472E-05   -0.1236590E-05   -0.3073927E-05   -0.3422451E-05   -0.1250958E-04   -0.1051826E-04   -0.2963226E-07   -0.1237453E-06
    0.1306245E-06    0.3135605E-06   -0.3845295E-07    0.4996166E-05    0.8052941E-04    0.1092965E-04    0.6829604E-05    0.3703204E-06   -0.1839732E-03   -0.1062776E-04    0.1033183E-03   -0.2292893E-02   -0.1296946E-02   -0.6543153E-03   -0.2522573E-03   -0.2790469E-04    0.1048067E-03   -0.1473777E-04    0.7819409E-04    0.4128754E-03    0.8973110E-05    0.2537605E-04    0.9620623E-07    0.1274168E-04   -0.4288685E-05    0.6182833E-05   -0.6645593E-06    0.5376509E-06    0.3804991E-06   -0.1820526E-05   -0.7671041E-05   -0.7799768E-05   -0.3210589E-07   -0.3667551E-08
    0.2111260E-07   -0.9236477E-06    0.7164691E-07    0.6485902E-05   -0.4438291E-04    0.1038840E-04    0.1791726E-07    0.7524610E-07   -0.2520492E-02    0.1591945E-03   -0.1532441E-02    0.1747385E-01    0.3853379E-02    0.8642934E-03    0.5974092E-03    0.5425459E-03   -0.1774770E-02    0.3481544E-03   -0.5621991E-03   -0.4267183E-04    0.1113253E-05    0.9620623E-07    0.1044719E-02   -0.3635441E-06    0.1737938E-04    0.5907450E-04    0.3531255E-05    0.5303044E-05    0.2376526E-05    0.1458263E-04    0.8024390E-05    0.2961222E-04   -0.8614926E-07   -0.4287455E-06
    0.1049090E-06    0.1585693E-06   -0.3024237E-07    0.4136112E-05    0.6762706E-04    0.9845337E-05    0.6367825E-05    0.9428896E-06    0.5074862E-03   -0.7428964E-05   -0.3261165E-04   -0.2965457E-03   -0.8909873E-03   -0.6893579E-03   -0.5305084E-03   -0.6630964E-04    0.5093167E-04    0.7351095E-04   -0.2727669E-03   -0.4019378E-03    0.3366418E-05    0.1274168E-04   -0.3635441E-06    0.4827933E-04   -0.1847742E-05   -0.2925210E-05    0.1322093E-05   -0.1037995E-05    0.2162745E-06    0.4583112E-07   -0.6963739E-05   -0.1432157E-04   -0.1060517E-06    0.8007642E-07
   -0.1244774E-06   -0.6406855E-05    0.7403827E-06   -0.3546278E-05   -0.3751241E-03   -0.2734581E-04   -0.1214678E-04   -0.1974793E-05    0.5095019E-03    0.6913048E-04    0.1511254E-02   -0.1713794E-01   -0.6971642E-02   -0.5160983E-03   -0.5175682E-02   -0.1885115E-03   -0.3599127E-03   -0.8519150E-03   -0.8039138E-03   -0.2782043E-02   -0.3527113E-06   -0.4288685E-05    0.1737938E-04   -0.1847742E-05    0.2153754E-02    0.7166354E-04    0.4198361E-05    0.6409302E-05    0.4931702E-04   -0.2518967E-04   -0.3433339E-05    0.2721477E-04    0.3174303E-06    0.2336884E-07
   -0.1821137E-06   -0.1012546E-04    0.7962340E-06    0.7131186E-07   -0.6030462E-03   -0.3007681E-04   -0.1277008E-04    0.5670948E-06    0.2391581E-02    0.4014124E-03    0.3210101E-03    0.1998953E-01   -0.1451116E-01    0.2007937E-02   -0.3047842E-03   -0.6089304E-03    0.1442519E-02    0.1293875E-02   -0.5866194E-02   -0.1483424E-01    0.9172512E-05    0.6182833E-05    0.5907450E-04   -0.2925210E-05    0.7166354E-04    0.1689628E-01   -0.2581665E-04   -0.3571882E-04   -0.1044738E-03    0.8094408E-04    0.1273371E-03   -0.1869784E-04   -0.1208132E-05   -0.1216106E-05
   -0.1052244E-06    0.2303639E-05   -0.3057626E-06   -0.1300929E-04    0.9436708E-04   -0.1920481E-04   -0.7069316E-06    0.1144818E-05    0.4942965E-02   -0.1423926E-03   -0.3336098E-03    0.2096454E-01    0.1016879E-02   -0.6372462E-02   -0.8845994E-02    0.1726528E-02    0.4231465E-03    0.6744857E-03    0.2775299E-02    0.3621821E-02   -0.2296472E-05   -0.6645593E-06    0.3531255E-05    0.1322093E-05    0.4198361E-05   -0.2581665E-04    0.1426018E-02    0.2911841E-03    0.1146357E-03   -0.4225892E-03   -0.1092875E-03    0.8520917E-05    0.1624320E-06    0.9970192E-06
   -0.1204953E-06    0.2289170E-05   -0.1862093E-06   -0.1455393E-04    0.5467700E-04   -0.2371278E-04   -0.3525003E-05    0.6502096E-07    0.2422970E-02   -0.1003528E-03   -0.5922699E-04    0.9586593E-03    0.1005557E-02   -0.2729505E-02   -0.3118868E-02    0.1090143E-02   -0.4052745E-03    0.6983120E-04    0.1717679E-03   -0.9211465E-03   -0.1236590E-05    0.5376509E-06    0.5303044E-05   -0.1037995E-05    0.6409302E-05   -0.3571882E-04    0.2911841E-03    0.8434965E-03    0.6443202E-04    0.7325366E-03    0.5929071E-04   -0.7563798E-03   -0.1288610E-06    0.2438494E-07
   -0.1778570E-06    0.1481080E-05   -0.1177731E-06   -0.2122577E-04    0.5630730E-04   -0.4213393E-04   -0.3166182E-06   -0.2282704E-05    0.3254827E-02   -0.3203455E-03   -0.1796024E-02    0.1358423E-02   -0.6680701E-02   -0.1130196E-01   -0.6093830E-02    0.1045207E-02    0.7287317E-03   -0.1584047E-02   -0.4974012E-02   -0.3437523E-02   -0.3073927E-05    0.3804991E-06    0.2376526E-05    0.2162745E-06    0.4931702E-04   -0.1044738E-03    0.1146357E-03    0.6443202E-04    0.7110277E-02   -0.1877681E-03    0.6385226E-03    0.4281314E-02    0.4492588E-06    0.1226474E-05
   -0.3033030E-06    0.2469013E-05   -0.1266995E-06   -0.1736935E-04   -0.3552692E-04   -0.3009689E-04   -0.1153085E-04   -0.1041208E-05    0.6550220E-03   -0.3084148E-03   -0.5298021E-03   -0.6540339E-02   -0.3012340E-02   -0.8487839E-02   -0.2394994E-02    0.1229616E-02   -0.1064789E-02    0.1235705E-02   -0.1245419E-02   -0.2004440E-02   -0.3422451E-05   -0.1820526E-05    0.1458263E-04    0.4583112E-07   -0.2518967E-04    0.8094408E-04   -0.4225892E-03    0.7325366E-03   -0.1877681E-03    0.2895386E-02    0.5458345E-03   -0.9147711E-03   -0.1130899E-06    0.4286639E-07
   -0.6668835E-06    0.2960701E-05   -0.4921724E-06   -0.3841396E-04   -0.5504724E-04   -0.7110084E-04   -0.1264209E-04   -0.1375236E-06    0.6353177E-02   -0.2758310E-03   -0.1926997E-02    0.5630891E-03    0.5889376E-02   -0.5154813E-02   -0.8411063E-02    0.9698590E-03   -0.1630713E-02   -0.3230319E-02   -0.4379454E-02   -0.2347203E-02   -0.1250958E-04   -0.7671041E-05    0.8024390E-05   -0.6963739E-05   -0.3433339E-05    0.1273371E-03   -0.1092875E-03    0.5929071E-04    0.6385226E-03    0.5458345E-03    0.6569865E-02    0.7450276E-02    0.1312277E-06    0.1276439E-05
   -0.1948743E-05    0.1688391E-04   -0.3117159E-05   -0.7312950E-04    0.2498290E-03   -0.9122916E-04   -0.1224250E-04    0.9316711E-05    0.7412628E-02   -0.1291974E-03   -0.1000653E-01    0.5237811E-01    0.1586018E-01   -0.2312614E-01   -0.1214958E-01    0.6284227E-02   -0.4033318E-02   -0.1013514E-01   -0.1023863E-02    0.1042085E-01   -0.1051826E-04   -0.7799768E-05    0.2961222E-04   -0.1432157E-04    0.2721477E-04   -0.1869784E-04    0.8520917E-05   -0.7563798E-03    0.4281314E-02   -0.9147711E-03    0.7450276E-02    0.6536003E-01    0.2786010E-05    0.2218092E-05
   -0.1779527E-08   -0.4527800E-07    0.3850289E-08   -0.3073329E-06   -0.3964733E-05   -0.4935752E-06   -0.3705041E-06   -0.8409164E-08   -0.2575186E-03    0.8817158E-05    0.1837880E-03    0.5891929E-02    0.1660991E-03    0.7763999E-03    0.6165510E-03   -0.1204740E-03    0.2878855E-03   -0.2911594E-03    0.3264784E-04    0.1278696E-03   -0.2963226E-07   -0.3210589E-07   -0.8614926E-07   -0.1060517E-06    0.3174303E-06   -0.1208132E-05    0.1624320E-06   -0.1288610E-06    0.4492588E-06   -0.1130899E-06    0.1312277E-06    0.2786010E-05    0.5820264E-06    0.5768590E-08
    0.6666377E-08    0.2817172E-06   -0.3177840E-07   -0.1323528E-05    0.1701687E-04   -0.1971694E-05    0.2295176E-06    0.1538330E-07    0.4338349E-02   -0.1740824E-04   -0.3558763E-03    0.4813693E-02    0.2152124E-03   -0.2476229E-02   -0.7647787E-02    0.1930880E-03    0.3790704E-04   -0.2062707E-03    0.2525363E-02    0.4606532E-02   -0.1237453E-06   -0.3667551E-08   -0.4287455E-06    0.8007642E-07    0.2336884E-07   -0.1216106E-05    0.9970192E-06    0.2438494E-07    0.1226474E-05    0.4286639E-07    0.1276439E-05    0.2218092E-05    0.5768590E-08    0.2088743E-05
