# omegabh2 omegach2 theta tau logA ns r calPlanck acib217 xi asz143 aps100 aps143 aps143217 aps217 aksz kgal100 kgal143 kgal143217 kgal217 cal0 cal2
  4.7267398E-08  -2.2926691E-07   4.3997458E-08   3.2292493E-07   2.5064780E-07   6.4625220E-07   2.7105883E-07   2.4543395E-08  -1.2895010E-04   2.0677770E-06   4.2585480E-05  -6.9915793E-04  -5.0920802E-04  -2.0986800E-04  -8.1129165E-05  -5.7391923E-05   7.3982603E-06   2.0046254E-06  -8.5075251E-06   2.7759004E-05   1.3256386E-09  -2.1145211E-09
 -2.2926691E-07   4.3140582E-06  -4.1226332E-07  -3.1634338E-06   3.5691746E-06  -9.4578408E-06  -8.4493779E-06  -1.9374003E-07   2.8642411E-04  -5.7838039E-06  -4.4190446E-05   1.0403981E-03   1.6856193E-03   1.2028204E-03   8.0737825E-04  -1.3104721E-05  -5.8272519E-05  -1.0292041E-04  -8.5924904E-05  -2.1856844E-04  -1.4800785E-08  -2.9388217E-09
  4.3997458E-08  -4.1226332E-07   2.1574589E-07   4.4876333E-07   1.6893186E-07   1.1875785E-06   4.9995088E-07   3.2422320E-08  -4.0515995E-05  -2.8845013E-07   2.9056705E-06  -1.6603145E-04  -2.6312896E-04  -1.8454996E-04  -9.9333280E-05   5.4097138E-07   1.1135104E-05   7.8958222E-06  -1.6011887E-05  -1.3004819E-06   8.1927212E-10   2.7166977E-09
  3.2292493E-07  -3.1634338E-06   4.4876333E-07   4.4110770E-05   8.1163773E-05   9.8553508E-06   3.5154437E-06   2.0477472E-07  -1.6985363E-03   5.0919118E-05   3.3140386E-04  -8.2195652E-03  -4.6508784E-03  -1.1259146E-03   3.7212072E-05  -8.5588903E-04   3.3755987E-05  -1.3136318E-04  -4.1678993E-04   1.8936376E-04  -3.9145344E-09  -2.5508391E-10
  2.5064780E-07   3.5691746E-06   1.6893186E-07   8.1163773E-05   2.0046081E-04  -3.6874248E-06  -1.6564388E-05   1.2693930E-05  -3.1967093E-03   1.4388939E-04   5.6593408E-04  -1.0515145E-02  -4.0128603E-03   3.3937369E-03   8.2052900E-03  -2.6623590E-03  -5.4115187E-04  -1.2205032E-03  -1.5752052E-03   1.4617699E-03   1.4531890E-07  -1.3884357E-08
  6.4625220E-07  -9.4578408E-06   1.1875785E-06   9.8553508E-06  -3.6874248E-06   3.1742530E-05   3.6066297E-05   4.7583081E-07  -4.7818505E-03   9.0302543E-05   1.1434851E-03  -2.5518038E-02  -1.0530477E-02  -1.2697724E-03   2.6880174E-03  -2.2659952E-03   4.8682229E-04  -1.9669473E-05  -1.0960823E-04   1.7579293E-03  -8.6007889E-08  -5.4965865E-08
  2.7105883E-07  -8.4493779E-06   4.9995088E-07   3.5154437E-06  -1.6564388E-05   3.6066297E-05   1.1907466E-03   1.3564732E-06  -5.9410081E-03   2.6360767E-04   1.6715348E-03  -2.2321583E-02  -9.2616149E-03   4.2325933E-03   6.3338651E-03  -2.5767040E-03  -1.8142013E-03  -9.7369224E-04  -1.1102427E-04   1.3443053E-03  -2.5680560E-07  -1.6827237E-07
  2.4543395E-08  -1.9374003E-07   3.2422320E-08   2.0477472E-07   1.2693930E-05   4.7583081E-07   1.3564732E-06   6.2861228E-06   5.6636075E-04   6.4978844E-06   6.8840483E-06   3.8276784E-03   6.0724290E-04   5.1126773E-04   1.4607897E-03  -3.9796136E-05  -6.2254312E-05  -3.0785427E-05   3.1271128E-05   8.9700898E-04   7.8367001E-09   1.7253910E-09
 -1.2895010E-04   2.8642411E-04  -4.0515995E-05  -1.6985363E-03  -3.1967093E-03  -4.7818505E-03  -5.9410081E-03   5.6636075E-04   4.4044179E+01  -3.7537582E-01  -8.4348753E-01   3.7038250E+01   2.5859717E+00  -1.2309345E+01  -5.3922812E+01  -7.1699630E-02   5.2744759E-02   4.9616772E-01  -5.8916472E+00  -3.3255510E+01  -1.7132180E-04   6.8968295E-04
  2.0677770E-06  -5.7838039E-06  -2.8845013E-07   5.0919118E-05   1.4388939E-04   9.0302543E-05   2.6360767E-04   6.4978844E-06  -3.7537582E-01   8.1326569E-02  -4.1905893E-02  -5.2708383E-01   9.0416021E-01   1.6564029E+00   6.1770488E-01   4.1873237E-02  -2.4470367E-03   1.2564750E-02   1.0901700E-01   1.4068695E-01   4.0859349E-06  -2.6665022E-06
  4.2585480E-05  -4.4190446E-05   2.9056705E-06   3.3140386E-04   5.6593408E-04   1.1434851E-03   1.6715348E-03   6.8840483E-06  -8.4348753E-01  -4.1905893E-02   3.9392168E+00  -3.0670976E+01  -3.5176256E+00   7.7403282E+00   5.3933378E+00  -2.8790383E+00  -2.3822463E-01   1.6748362E-01   2.6435338E+00   3.2294052E+00   9.9842883E-05  -3.2066629E-05
 -6.9915793E-04   1.0403981E-03  -1.6603145E-04  -8.2195652E-03  -1.0515145E-02  -2.5518038E-02  -2.2321583E-02   3.8276784E-03   3.7038250E+01  -5.2708383E-01  -3.0670976E+01   7.8662151E+02   7.5070561E+01  -5.1377060E+01  -5.9279105E+01   1.4240747E+01  -6.5715150E+00   5.6188966E+00  -1.1683329E+01  -2.4214404E+01   3.7896340E-03   3.6968648E-04
 -5.0920802E-04   1.6856193E-03  -2.6312896E-04  -4.6508784E-03  -4.0128603E-03  -1.0530477E-02  -9.2616149E-03   6.0724290E-04   2.5859717E+00   9.0416021E-01  -3.5176256E+00   7.5070561E+01   6.5425646E+01   4.1915468E+01   1.6658102E+01  -4.9003818E+00  -5.1627930E-01  -1.3348827E+00   3.6019411E+00   3.9423062E+00   1.3517602E-04   7.1168683E-05
 -2.0986800E-04   1.2028204E-03  -1.8454996E-04  -1.1259146E-03   3.3937369E-03  -1.2697724E-03   4.2325933E-03   5.1126773E-04  -1.2309345E+01   1.6564029E+00   7.7403282E+00  -5.1377060E+01   4.1915468E+01   8.5875572E+01   5.4150439E+01  -1.2365984E+01  -1.0043886E+00  -7.0285930E-01   4.9943759E+00   7.9601987E+00   4.4951465E-04  -3.6380794E-04
 -8.1129165E-05   8.0737825E-04  -9.9333280E-05   3.7212072E-05   8.2052900E-03   2.6880174E-03   6.3338651E-03   1.4607897E-03  -5.3922812E+01   6.1770488E-01   5.3933378E+00  -5.9279105E+01   1.6658102E+01   5.4150439E+01   1.0360699E+02  -9.7492997E+00  -7.6444258E-01  -1.2483486E+00   5.7706312E+00   3.3413706E+01   4.5379575E-04  -1.2742957E-03
 -5.7391923E-05  -1.3104721E-05   5.4097138E-07  -8.5588903E-04  -2.6623590E-03  -2.2659952E-03  -2.5767040E-03  -3.9796136E-05  -7.1699630E-02   4.1873237E-02  -2.8790383E+00   1.4240747E+01  -4.9003818E+00  -1.2365984E+01  -9.7492997E+00   6.2147682E+00   1.8329032E-01  -1.9402009E-01  -2.1597641E+00  -2.3945420E+00  -8.7674125E-05   3.4131117E-06
  7.3982603E-06  -5.8272519E-05   1.1135104E-05   3.3755987E-05  -5.4115187E-04   4.8682229E-04  -1.8142013E-03  -6.2254312E-05   5.2744759E-02  -2.4470367E-03  -2.3822463E-01  -6.5715150E+00  -5.1627930E-01  -1.0043886E+00  -7.6444258E-01   1.8329032E-01   3.3589101E+00   5.1290977E-01   1.5184771E-01   1.6785597E-01   1.7593536E-04  -1.1504701E-05
  2.0046254E-06  -1.0292041E-04   7.8958222E-06  -1.3136318E-04  -1.2205032E-03  -1.9669473E-05  -9.7369224E-04  -3.0785427E-05   4.9616772E-01   1.2564750E-02   1.6748362E-01   5.6188966E+00  -1.3348827E+00  -7.0285930E-01  -1.2483486E+00  -1.9402009E-01   5.1290977E-01   3.1846897E+00   2.7513518E+00   2.8076345E+00  -1.8795421E-04  -4.4331571E-05
 -8.5075251E-06  -8.5924904E-05  -1.6011887E-05  -4.1678993E-04  -1.5752052E-03  -1.0960823E-04  -1.1102427E-04   3.1271128E-05  -5.8916472E+00   1.0901700E-01   2.6435338E+00  -1.1683329E+01   3.6019411E+00   4.9943759E+00   5.7706312E+00  -2.1597641E+00   1.5184771E-01   2.7513518E+00   1.0877787E+01   1.9387820E+01  -3.6618836E-05   3.9280024E-04
  2.7759004E-05  -2.1856844E-04  -1.3004819E-06   1.8936376E-04   1.4617699E-03   1.7579293E-03   1.3443053E-03   8.9700898E-04  -3.3255510E+01   1.4068695E-01   3.2294052E+00  -2.4214404E+01   3.9423062E+00   7.9601987E+00   3.3413706E+01  -2.3945420E+00   1.6785597E-01   2.8076345E+00   1.9387820E+01   5.3733934E+01   4.3087554E-05   9.2662412E-04
  1.3256386E-09  -1.4800785E-08   8.1927212E-10  -3.9145344E-09   1.4531890E-07  -8.6007889E-08  -2.5680560E-07   7.8367001E-09  -1.7132180E-04   4.0859349E-06   9.9842883E-05   3.7896340E-03   1.3517602E-04   4.4951465E-04   4.5379575E-04  -8.7674125E-05   1.7593536E-04  -1.8795421E-04  -3.6618836E-05   4.3087554E-05   3.7493513E-07  -2.5707643E-09
 -2.1145211E-09  -2.9388217E-09   2.7166977E-09  -2.5508391E-10  -1.3884357E-08  -5.4965865E-08  -1.6827237E-07   1.7253910E-09   6.8968295E-04  -2.6665022E-06  -3.2066629E-05   3.6968648E-04   7.1168683E-05  -3.6380794E-04  -1.2742957E-03   3.4131117E-06  -1.1504701E-05  -4.4331571E-05   3.9280024E-04   9.2662412E-04  -2.5707643E-09   3.8826280E-07
