# omegabh2 omegach2 theta tau meffsterile nnu logA ns calPlanck aps100 aps143 aps217 acib217 asz143 psr cibr xi aksz dust100 dust143 dust217 dust143x217 cal0 cal2 calTE calEE
  2.4769510E-08   9.0808824E-08  -2.6442128E-10   1.9122701E-07  -2.2889138E-06   7.1041088E-06   6.1710756E-07   4.3308280E-07   2.5924280E-08  -1.4675739E-04  -1.5549874E-04  -1.3320041E-07  -5.7730640E-05   6.2565938E-06  -2.0302183E-08  -4.6756198E-07   1.6440231E-07  -3.5344807E-06   4.7650513E-07  -2.2411264E-08   9.5454684E-07   4.6947339E-07   3.3861896E-09   6.1242428E-09  -5.8416949E-08  -1.6956139E-07
  9.0808824E-08   1.4126736E-05  -6.2032069E-07  -1.7011907E-07  -7.4304078E-04   3.0860694E-04   1.4669813E-05   1.0944268E-05  -2.8726249E-07   9.2648021E-03   4.4420375E-03  -4.9549932E-03   3.8210015E-03  -3.8502692E-04  -3.2755259E-05   6.1444955E-05  -4.2303734E-05   7.1085111E-04   1.7087049E-05   8.9947230E-06  -1.9858444E-05  -3.0997628E-06  -1.9812441E-08   3.9099878E-07   2.0650107E-06   4.2731819E-06
 -2.6442128E-10  -6.2032069E-07   1.2588694E-07   2.4921008E-08   1.8493795E-05  -2.2266602E-05  -8.5077376E-07  -5.6539452E-07   2.2786237E-08  -4.7432032E-04  -3.1011523E-04   2.5289455E-04  -2.3840072E-04   1.9173181E-05   1.7678843E-06  -5.3771518E-06   2.2166040E-06  -4.6302785E-05  -6.5206914E-07  -1.4199404E-06   1.2478736E-06   8.8909871E-07   7.4327201E-09  -2.3652926E-08  -2.0467613E-07  -2.9443925E-07
  1.9122701E-07  -1.7011907E-07   2.4921008E-08   6.0864741E-05  -1.1097220E-05   5.1750460E-05   1.1941255E-04   7.2881351E-06  -3.5881862E-07  -1.0427363E-02  -4.3493687E-03   4.0813426E-03  -3.2527777E-03   4.3645556E-04   4.2033545E-05  -7.6568641E-05   2.8479733E-05  -4.6121759E-04   1.1407218E-05  -6.3910859E-07   1.7140910E-05   2.0942274E-05   2.6243629E-09  -2.7367091E-07  -4.6179988E-06  -1.8611927E-06
 -2.2889138E-06  -7.4304078E-04   1.8493795E-05  -1.1097220E-05   5.6635520E-02  -8.2303689E-03  -4.6057027E-04  -4.8771487E-04   1.6973167E-05  -3.0422935E-01  -1.2057296E-01   2.3203318E-01  -1.4147018E-01   1.2030484E-02   1.2950319E-03  -1.6391924E-03   1.3154934E-03  -1.5086520E-02  -9.0020428E-04   1.9814297E-04   1.0449948E-03   2.5517652E-04  -2.5935852E-06  -9.0146081E-06  -6.6947871E-05  -1.7304544E-04
  7.1041088E-06   3.0860694E-04  -2.2266602E-05   5.1750460E-05  -8.2303689E-03   1.3205285E-02   6.0762926E-04   4.7183140E-04   1.1794359E-06   3.3878419E-01   1.5740797E-01  -1.4300967E-01   1.2342746E-01  -1.3874100E-02  -1.1071235E-03   2.3886000E-03  -1.4530801E-03   3.2843670E-02   2.4777297E-04   5.2513038E-04  -3.6864900E-04   1.0429247E-04  -9.1179982E-07   1.6149489E-05   9.1687197E-05   1.7125437E-04
  6.1710756E-07   1.4669813E-05  -8.5077376E-07   1.1941255E-04  -4.6057027E-04   6.0762926E-04   2.8798339E-04   2.7287538E-05   1.1604001E-05  -2.8326026E-03  -6.8349907E-04   1.1810758E-02  -3.5345066E-03   4.6331253E-04   7.1043258E-05  -1.1341721E-04   1.7459677E-05  -6.0025475E-04   2.5247716E-05  -7.6146178E-05   4.3220413E-05   3.0931847E-05   7.1077064E-07  -9.2878004E-08  -6.8001254E-06   3.4007848E-06
  4.3308280E-07   1.0944268E-05  -5.6539452E-07   7.2881351E-06  -4.8771487E-04   4.7183140E-04   2.7287538E-05   3.2821547E-05   4.4619254E-07  -1.0871543E-02  -1.5088820E-03   3.4209977E-03  -1.7143607E-03   5.3759984E-05   1.2696752E-05  -1.5019613E-05   6.4607125E-06  -6.6472656E-04   1.7290350E-05  -3.5386195E-06   1.9637552E-05  -9.5278253E-08  -2.7727444E-07   1.2487968E-07   2.9036612E-06   3.3826913E-06
  2.5924280E-08  -2.8726249E-07   2.2786237E-08  -3.5881862E-07   1.6973167E-05   1.1794359E-06   1.1604001E-05   4.4619254E-07   6.2461532E-06   2.3941515E-03   1.1911531E-04   1.9378949E-03   7.9548698E-05   5.5444303E-05   2.5120980E-06  -1.9216713E-06   3.6238449E-06   5.0992130E-05  -1.9319217E-06   2.4236105E-06   7.8953440E-06   1.9650388E-06   5.4022067E-08  -1.0974319E-07  -5.2800596E-07  -4.8038113E-07
 -1.4675739E-04   9.2648021E-03  -4.7432032E-04  -1.0427363E-02  -3.0422935E-01   3.3878419E-01  -2.8326026E-03  -1.0871543E-02   2.3941515E-03   6.2790949E+02   6.5216804E+01  -6.2730136E+01   3.3186141E+01  -2.5664135E+01  -8.4859662E-01  -5.0077174E-02  -1.2678843E-01   1.2424117E+01  -2.2085465E-01   2.1388748E-01  -2.2876877E-01  -1.9632255E-01   6.7906194E-03   3.8782807E-03   5.8585064E-03   1.2779614E-02
 -1.5549874E-04   4.4420375E-03  -3.1011523E-04  -4.3493687E-03  -1.2057296E-01   1.5740797E-01  -6.8349907E-04  -1.5088820E-03   1.1911531E-04   6.5216804E+01   6.8274457E+01   6.2248221E+00   8.0622964E+00  -6.9932546E-01  -1.3899062E-02   4.5957555E-01   8.9392582E-01  -7.8409447E+00  -1.9822608E-02  -2.3248255E-01   4.5192185E-02   6.2536453E-02   9.9058186E-04   1.1060459E-03   4.5207250E-03   7.6762231E-03
 -1.3320041E-07  -4.9549932E-03   2.5289455E-04   4.0813426E-03   2.3203318E-01  -1.4300967E-01   1.1810758E-02   3.4209977E-03   1.9378949E-03  -6.2730136E+01   6.2248221E+00   1.7748732E+02  -8.5099932E+01   2.8620589E+00   3.3900886E-01  -1.0303316E+00   3.0404537E-01  -7.6633472E+00  -2.5203355E-02  -2.9511012E-01   5.7847300E-01   1.0289858E-02   1.8848311E-03  -7.9139158E-03   1.4560360E-03   1.1414356E-04
 -5.7730640E-05   3.8210015E-03  -2.3840072E-04  -3.2527777E-03  -1.4147018E-01   1.2342746E-01  -3.5345066E-03  -1.7143607E-03   7.9548698E-05   3.3186141E+01   8.0622964E+00  -8.5099932E+01   5.3654363E+01   1.6648473E+00  -4.1230639E-02   7.2549783E-01  -2.3721462E-01  -2.4154934E+00   6.7950170E-03   1.7466232E-01  -4.7153529E-01  -1.3021385E-01  -6.2503325E-04   3.2523591E-03   2.5432321E-04   2.7220892E-03
  6.2565938E-06  -3.8502692E-04   1.9173181E-05   4.3645556E-04   1.2030484E-02  -1.3874100E-02   4.6331253E-04   5.3759984E-05   5.5444303E-05  -2.5664135E+01  -6.9932546E-01   2.8620589E+00   1.6648473E+00   4.3783720E+00   1.0495483E-01   1.4539998E-01  -4.2082427E-02  -3.6268018E+00   6.5697390E-04  -3.0029088E-03   6.6170761E-03   5.1922237E-02   4.5905018E-04  -2.5133179E-04  -4.2176907E-04  -4.1733832E-04
 -2.0302183E-08  -3.2755259E-05   1.7678843E-06   4.2033545E-05   1.2950319E-03  -1.1071235E-03   7.1043258E-05   1.2696752E-05   2.5120980E-06  -8.4859662E-01  -1.3899062E-02   3.3900886E-01  -4.1230639E-02   1.0495483E-01   1.5836219E-02  -1.6141732E-02   1.1376730E-02  -1.0682564E-01  -1.4341150E-04  -1.2410582E-03  -2.6400806E-03   5.2053159E-03   1.8811077E-05  -3.6442849E-05   1.9053746E-06  -5.9251502E-06
 -4.6756198E-07   6.1444955E-05  -5.3771518E-06  -7.6568641E-05  -1.6391924E-03   2.3886000E-03  -1.1341721E-04  -1.5019613E-05  -1.9216713E-06  -5.0077174E-02   4.5957555E-01  -1.0303316E+00   7.2549783E-01   1.4539998E-01  -1.6141732E-02   6.6510003E-02   4.9467036E-03  -1.4999953E-01   5.9261508E-04   7.0843227E-03  -5.2456980E-04  -1.8104961E-02  -1.0114418E-05   9.2537334E-05  -2.4593122E-06   2.8078129E-05
  1.6440231E-07  -4.2303734E-05   2.2166040E-06   2.8479733E-05   1.3154934E-03  -1.4530801E-03   1.7459677E-05   6.4607125E-06   3.6238449E-06  -1.2678843E-01   8.9392582E-01   3.0404537E-01  -2.3721462E-01  -4.2082427E-02   1.1376730E-02   4.9467036E-03   8.2501907E-02   3.9738285E-02  -4.5163435E-05   6.3844846E-04   1.2436545E-03   1.1946005E-03   1.5571529E-05  -8.5850184E-07   2.7014595E-05  -4.4825515E-06
 -3.5344807E-06   7.1085111E-04  -4.6302785E-05  -4.6121759E-04  -1.5086520E-02   3.2843670E-02  -6.0025475E-04  -6.6472656E-04   5.0992130E-05   1.2424117E+01  -7.8409447E+00  -7.6633472E+00  -2.4154934E+00  -3.6268018E+00  -1.0682564E-01  -1.4999953E-01   3.9738285E-02   7.4448217E+00   1.0799257E-03   5.1359106E-03  -4.1707094E-03  -4.4460106E-02  -4.1746304E-04   9.2189120E-05  -4.8030343E-05   5.3594744E-05
  4.7650513E-07   1.7087049E-05  -6.5206914E-07   1.1407218E-05  -9.0020428E-04   2.4777297E-04   2.5247716E-05   1.7290350E-05  -1.9319217E-06  -2.2085465E-01  -1.9822608E-02  -2.5203355E-02   6.7950170E-03   6.5697390E-04  -1.4341150E-04   5.9261508E-04  -4.5163435E-05   1.0799257E-03   3.8347878E-02   2.4483046E-03   2.6179876E-04   6.9404228E-04   3.6234150E-05   2.7783660E-06  -2.5206442E-05  -2.0039761E-05
 -2.2411264E-08   8.9947230E-06  -1.4199404E-06  -6.3910859E-07   1.9814297E-04   5.2513038E-04  -7.6146178E-05  -3.5386195E-06   2.4236105E-06   2.1388748E-01  -2.3248255E-01  -2.9511012E-01   1.7466232E-01  -3.0029088E-03  -1.2410582E-03   7.0843227E-03   6.3844846E-04   5.1359106E-03   2.4483046E-03   3.0420646E-02  -7.1678966E-04   5.1480715E-03  -8.4437103E-05  -3.6584324E-05  -8.4207781E-05  -8.8527332E-05
  9.5454684E-07  -1.9858444E-05   1.2478736E-06   1.7140910E-05   1.0449948E-03  -3.6864900E-04   4.3220413E-05   1.9637552E-05   7.8953440E-06  -2.2876877E-01   4.5192185E-02   5.7847300E-01  -4.7153529E-01   6.6170761E-03  -2.6400806E-03  -5.2456980E-04   1.2436545E-03  -4.1707094E-03   2.6179876E-04  -7.1678966E-04   1.0972794E-02   8.8064095E-03   4.6268638E-06   6.2384027E-05  -3.4816689E-07  -2.5516551E-05
  4.6947339E-07  -3.0997628E-06   8.8909871E-07   2.0942274E-05   2.5517652E-04   1.0429247E-04   3.0931847E-05  -9.5278253E-08   1.9650388E-06  -1.9632255E-01   6.2536453E-02   1.0289858E-02  -1.3021385E-01   5.1922237E-02   5.2053159E-03  -1.8104961E-02   1.1946005E-03  -4.4460106E-02   6.9404228E-04   5.1480715E-03   8.8064095E-03   2.6615081E-02  -2.4647321E-06   6.2644564E-05  -2.1935476E-05  -2.7873964E-05
  3.3861896E-09  -1.9812441E-08   7.4327201E-09   2.6243629E-09  -2.5935852E-06  -9.1179982E-07   7.1077064E-07  -2.7727444E-07   5.4022067E-08   6.7906194E-03   9.9058186E-04   1.8848311E-03  -6.2503325E-04   4.5905018E-04   1.8811077E-05  -1.0114418E-05   1.5571529E-05  -4.1746304E-04   3.6234150E-05  -8.4437103E-05   4.6268638E-06  -2.4647321E-06   1.1310341E-06   4.3396471E-08   3.4583420E-07   6.5170233E-07
  6.1242428E-09   3.9099878E-07  -2.3652926E-08  -2.7367091E-07  -9.0146081E-06   1.6149489E-05  -9.2878004E-08   1.2487968E-07  -1.0974319E-07   3.8782807E-03   1.1060459E-03  -7.9139158E-03   3.2523591E-03  -2.5133179E-04  -3.6442849E-05   9.2537334E-05  -8.5850184E-07   9.2189120E-05   2.7783660E-06  -3.6584324E-05   6.2384027E-05   6.2644564E-05   4.3396471E-08   2.4589851E-06   3.5179012E-07   3.5916572E-07
 -5.8416949E-08   2.0650107E-06  -2.0467613E-07  -4.6179988E-06  -6.6947871E-05   9.1687197E-05  -6.8001254E-06   2.9036612E-06  -5.2800596E-07   5.8585064E-03   4.5207250E-03   1.4560360E-03   2.5432321E-04  -4.2176907E-04   1.9053746E-06  -2.4593122E-06   2.7014595E-05  -4.8030343E-05  -2.5206442E-05  -8.4207781E-05  -3.4816689E-07  -2.1935476E-05   3.4583420E-07   3.5179012E-07   2.5288852E-05   9.9236384E-06
 -1.6956139E-07   4.2731819E-06  -2.9443925E-07  -1.8611927E-06  -1.7304544E-04   1.7125437E-04   3.4007848E-06   3.3826913E-06  -4.8038113E-07   1.2779614E-02   7.6762231E-03   1.1414356E-04   2.7220892E-03  -4.1733832E-04  -5.9251502E-06   2.8078129E-05  -4.4825515E-06   5.3594744E-05  -2.0039761E-05  -8.8527332E-05  -2.5516551E-05  -2.7873964E-05   6.5170233E-07   3.5916572E-07   9.9236384E-06   2.6537309E-05
