# omegabh2 omegach2 theta tau nnu logA ns nrun calPlanck acib217 xi asz143 aps100 aps143 aps143217 aps217 aksz kgal100 kgal143 kgal143217 kgal217 galfTE100 galfTE100143 galfTE100217 galfTE143 galfTE143217 galfTE217 cal0 cal2
  5.0427182E-08   4.0473872E-07  -4.6087211E-08   2.4574658E-07   3.7120888E-05   1.6720787E-06   1.8990469E-06   5.1647667E-07   1.7599689E-08   1.7959214E-05  -1.1603538E-06   7.8457131E-06   6.1265237E-05  -1.3409805E-05   5.2436224E-07  -9.2708733E-06   1.9505744E-05   1.8979505E-05   2.2349290E-05   1.9035450E-05   1.6699080E-05  -2.9534940E-08  -6.3246992E-08  -3.6260991E-07  -1.8004197E-07  -8.3740715E-07  -2.7753109E-06  -7.7399875E-10   8.9027895E-11
  4.0473872E-07   1.0521122E-05  -1.2464497E-06  -1.1926346E-06   6.4722194E-04   2.4194509E-05   2.5110036E-05   1.1829842E-05   3.6023760E-08   1.4191937E-03  -3.2809854E-05  -2.7719293E-05   5.5863690E-03   3.2268509E-03   1.7070829E-03   2.4027133E-04   5.5166298E-04   2.3987767E-04   4.1192919E-04   5.6986592E-04   3.3800681E-04  -1.7109358E-07   3.7517956E-07  -7.0740468E-06   3.4065450E-07  -1.8428656E-07   1.2159387E-05  -6.4861522E-08   3.6633371E-08
 -4.6087211E-08  -1.2464497E-06   2.3355125E-07   1.3460719E-07  -8.0486208E-05  -2.8318164E-06  -3.1626709E-06  -1.5416745E-06  -2.3994683E-08  -1.5465766E-04   3.7234802E-06  -2.5064515E-06  -5.7095305E-04  -2.9722914E-04  -1.5439197E-04   5.5564670E-06  -7.0502686E-05  -2.9543850E-05  -4.2336186E-05  -6.2302177E-05  -4.7720327E-05  -6.6433226E-08  -8.1061534E-08   7.1966765E-07  -8.2486836E-09  -1.2953864E-07  -1.4989185E-06   7.2014285E-09  -4.9627902E-09
  2.4574658E-07  -1.1926346E-06   1.3460719E-07   4.8289127E-05   3.2686853E-05   9.5188357E-05   5.9120354E-06  -7.8923644E-06  -2.2218456E-07  -3.4300197E-04   2.4138161E-05  -1.7376467E-04   1.7989255E-03  -9.3644061E-04  -4.7519965E-04  -3.4348314E-04   1.9306281E-05  -3.0560982E-04  -7.1831512E-05  -5.4400547E-04  -7.2074361E-04  -3.5982708E-06  -2.1239926E-06  -7.2742974E-06  -4.6154592E-06  -5.0463948E-06  -1.4281765E-05   4.3989859E-08   3.9602439E-08
  3.7120888E-05   6.4722194E-04  -8.0486208E-05   3.2686853E-05   4.7763934E-02   1.7116550E-03   2.1695115E-03   9.6999062E-04   1.5565443E-05   8.1236623E-02  -2.1336124E-03   3.3709502E-03   3.0630839E-01   1.4658801E-01   7.9905384E-02  -1.0909001E-03   3.4358217E-02   1.8384617E-02   2.9543695E-02   3.5436901E-02   2.1777138E-02  -2.6048602E-05   3.8409608E-06  -4.7493589E-04  -3.4119591E-05  -2.2464238E-04  -4.9017709E-04  -5.1187290E-06   1.3199284E-06
  1.6720787E-06   2.4194509E-05  -2.8318164E-06   9.5188357E-05   1.7116550E-03   2.8559763E-04   7.3774805E-05   5.9422643E-06   1.2294478E-05   3.0947426E-03   9.0775749E-06  -5.8778955E-04   2.5198630E-02   1.0563943E-02   7.3766977E-03   6.5094129E-03   8.5311695E-04  -2.6872530E-04   4.5565522E-04   2.7190475E-04   1.5065607E-03  -4.3427734E-06  -4.8856929E-06  -2.6062857E-05  -5.8652006E-06  -2.0185429E-05  -2.0422582E-06   8.4776815E-08   2.3041146E-07
  1.8990469E-06   2.5110036E-05  -3.1626709E-06   5.9120354E-06   2.1695115E-03   7.3774805E-05   1.1933007E-04   5.4234307E-05   1.3009915E-06  -1.8610363E-03   1.3617555E-05   1.3425311E-03  -1.4515020E-02  -3.0680477E-03   3.9109599E-03   4.8541979E-03  -1.0995432E-03   1.0067728E-03   7.9335568E-04   9.9747739E-04   2.2135620E-03  -1.0169534E-06   2.5067379E-06  -1.8642360E-05  -1.9000135E-06  -1.2265649E-05  -4.8368455E-05  -3.4153781E-07  -5.6378462E-08
  5.1647667E-07   1.1829842E-05  -1.5416745E-06  -7.8923644E-06   9.6999062E-04   5.9422643E-06   5.4234307E-05   6.3259633E-05   8.2970524E-07  -4.6870445E-03   6.5172891E-05   1.7124659E-03  -2.3665053E-02  -1.0735634E-02  -3.3909394E-04   3.4662782E-03  -2.3184929E-03   2.5147081E-05  -3.4999474E-05   2.3122099E-04   1.9778528E-03  -3.3269133E-07  -1.0800582E-06  -6.7538612E-06  -5.5017481E-06   3.7124758E-06   6.1007061E-06  -2.1509027E-07  -1.7169997E-07
  1.7599689E-08   3.6023760E-08  -2.3994683E-08  -2.2218456E-07   1.5565443E-05   1.2294478E-05   1.3009915E-06   8.2970524E-07   6.3047808E-06   4.1179347E-04   7.2828295E-06   7.7287694E-05   2.9945010E-03   6.0864184E-04   7.8486984E-04   1.8035956E-03  -1.5924093E-04  -3.0112689E-05  -6.9530088E-06   1.2376874E-04   1.1091993E-03   1.5405791E-06  -1.1798567E-07   3.1060032E-06   1.3084439E-06  -1.3993280E-06   7.1918897E-06  -6.3811594E-09   1.4407804E-08
  1.7959214E-05   1.4191937E-03  -1.5465766E-04  -3.4300197E-04   8.1236623E-02   3.0947426E-03  -1.8610363E-03  -4.6870445E-03   4.1179347E-04   4.5749618E+01  -3.9008547E-01  -1.0778469E+00   3.8346852E+01   3.6157116E+00  -1.2438303E+01  -5.6037791E+01   4.3356017E-01   2.8792378E-01   7.2096620E-01  -5.9479442E+00  -3.3871776E+01  -3.0973663E-03  -2.1338245E-04  -1.2951798E-02  -8.3539977E-04   3.5226141E-03   4.5761458E-03  -2.1457110E-04   8.0495423E-04
 -1.1603538E-06  -3.2809854E-05   3.7234802E-06   2.4138161E-05  -2.1336124E-03   9.0775749E-06   1.3617555E-05   6.5172891E-05   7.2828295E-06  -3.9008547E-01   8.1847756E-02  -3.6750966E-02  -6.1117058E-01   8.8561860E-01   1.6581145E+00   6.3048726E-01   2.8459964E-02  -4.0221106E-03   1.3370835E-02   1.1517059E-01   1.4763793E-01   8.4375312E-05   3.9560017E-05   5.8647609E-04  -4.0755097E-05   3.4686709E-04   9.1861363E-05   3.0345635E-06  -1.5478770E-06
  7.8457131E-06  -2.7719293E-05  -2.5064515E-06  -1.7376467E-04   3.3709502E-03  -5.8778955E-04   1.3425311E-03   1.7124659E-03   7.7287694E-05  -1.0778469E+00  -3.6750966E-02   3.9400398E+00  -3.1508012E+01  -3.6761954E+00   7.8222784E+00   5.5493838E+00  -2.8752227E+00  -1.7185984E-01   1.2370162E-01   2.6963675E+00   3.4999889E+00  -2.9412271E-04  -1.4972784E-04   6.8088361E-04   1.0203571E-03   1.0958886E-03   1.1923900E-03   1.1463182E-04  -5.3091936E-05
  6.1265237E-05   5.5863690E-03  -5.7095305E-04   1.7989255E-03   3.0630839E-01   2.5198630E-02  -1.4515020E-02  -2.3665053E-02   2.9945010E-03   3.8346852E+01  -6.1117058E-01  -3.1508012E+01   8.0256348E+02   7.8591647E+01  -5.1997437E+01  -5.9396900E+01   1.6222349E+01  -6.3854825E+00   6.1897137E+00  -1.3092495E+01  -2.6579335E+01   6.1484655E-03  -4.3225711E-03  -2.9584022E-02   2.2126985E-03  -7.1822081E-03   7.2427606E-03   3.6264615E-03   4.1077964E-04
 -1.3409805E-05   3.2268509E-03  -2.9722914E-04  -9.3644061E-04   1.4658801E-01   1.0563943E-02  -3.0680477E-03  -1.0735634E-02   6.0864184E-04   3.6157116E+00   8.8561860E-01  -3.6761954E+00   7.8591647E+01   6.5907066E+01   4.1404177E+01   1.5325213E+01  -4.1955998E+00  -1.3137029E-01  -1.1422735E+00   3.3980623E+00   3.3689397E+00  -4.5275789E-04   1.1676567E-03  -2.5939227E-03  -3.0402633E-03  -1.2047662E-03   9.0997324E-03   1.4053607E-04   1.4302772E-04
  5.2436224E-07   1.7070829E-03  -1.5439197E-04  -4.7519965E-04   7.9905384E-02   7.3766977E-03   3.9109599E-03  -3.3909394E-04   7.8486984E-04  -1.2438303E+01   1.6581145E+00   7.8222784E+00  -5.1997437E+01   4.1404177E+01   8.5647174E+01   5.3647455E+01  -1.2137718E+01  -6.5155638E-01  -6.2006812E-01   5.2357110E+00   8.3903660E+00  -1.7697656E-03   9.6663043E-04   8.7103979E-03   4.0001806E-03   8.7289871E-03  -2.2918290E-03   4.4401436E-04  -4.3411410E-04
 -9.2708733E-06   2.4027133E-04   5.5564670E-06  -3.4348314E-04  -1.0909001E-03   6.5094129E-03   4.8541979E-03   3.4662782E-03   1.8035956E-03  -5.6037791E+01   6.3048726E-01   5.5493838E+00  -5.9396900E+01   1.5325213E+01   5.3647455E+01   1.0558945E+02  -9.9169307E+00  -7.8582698E-01  -1.5602357E+00   5.8196160E+00   3.4347586E+01   1.6562840E-03  -1.8889103E-04   1.8258405E-02   2.2233325E-03   1.1621794E-04  -9.4610117E-03   5.0171277E-04  -1.4819745E-03
  1.9505744E-05   5.5166298E-04  -7.0502686E-05   1.9306281E-05   3.4358217E-02   8.5311695E-04  -1.0995432E-03  -2.3184929E-03  -1.5924093E-04   4.3356017E-01   2.8459964E-02  -2.8752227E+00   1.6222349E+01  -4.1955998E+00  -1.2137718E+01  -9.9169307E+00   6.1804736E+00   1.3986854E-01  -2.5530607E-02  -2.0130429E+00  -2.4691672E+00   7.1311152E-04  -5.1071906E-04  -1.0436997E-04  -5.7258990E-04   8.8299281E-04   2.9055846E-03  -1.0009762E-04   3.4314370E-05
  1.8979505E-05   2.3987767E-04  -2.9543850E-05  -3.0560982E-04   1.8384617E-02  -2.6872530E-04   1.0067728E-03   2.5147081E-05  -3.0112689E-05   2.8792378E-01  -4.0221106E-03  -1.7185984E-01  -6.3854825E+00  -1.3137029E-01  -6.5155638E-01  -7.8582698E-01   1.3986854E-01   3.3971142E+00   6.2155561E-01   3.0757087E-01   2.5843906E-01  -9.8897725E-04   1.4482440E-04   1.9964308E-03  -3.5800751E-04  -2.0387342E-03  -3.6181962E-03   1.8836958E-04   3.9301932E-06
  2.2349290E-05   4.1192919E-04  -4.2336186E-05  -7.1831512E-05   2.9543695E-02   4.5565522E-04   7.9335568E-04  -3.4999474E-05  -6.9530088E-06   7.2096620E-01   1.3370835E-02   1.2370162E-01   6.1897137E+00  -1.1422735E+00  -6.2006812E-01  -1.5602357E+00  -2.5530607E-02   6.2155561E-01   3.2381510E+00   2.7060430E+00   2.6627365E+00  -6.6162276E-04  -3.2014362E-04   2.4724568E-04   1.4451368E-03   3.9023038E-04  -6.6644052E-03  -1.7993060E-04  -3.9659225E-05
  1.9035450E-05   5.6986592E-04  -6.2302177E-05  -5.4400547E-04   3.5436901E-02   2.7190475E-04   9.9747739E-04   2.3122099E-04   1.2376874E-04  -5.9479442E+00   1.1517059E-01   2.6963675E+00  -1.3092495E+01   3.3980623E+00   5.2357110E+00   5.8196160E+00  -2.0130429E+00   3.0757087E-01   2.7060430E+00   1.0839617E+01   1.9452815E+01   1.3234687E-03  -2.1453138E-04   2.7139230E-03  -2.7313460E-05  -2.1590227E-03   9.6168492E-03  -2.0110572E-05   4.0935127E-04
  1.6699080E-05   3.3800681E-04  -4.7720327E-05  -7.2074361E-04   2.1777138E-02   1.5065607E-03   2.2135620E-03   1.9778528E-03   1.1091993E-03  -3.3871776E+01   1.4763793E-01   3.4999889E+00  -2.6579335E+01   3.3689397E+00   8.3903660E+00   3.4347586E+01  -2.4691672E+00   2.5843906E-01   2.6627365E+00   1.9452815E+01   5.4006465E+01   3.3031506E-03   3.7340994E-04   5.6780234E-03   2.1991587E-03  -9.9518977E-03   1.3956364E-02   8.0362023E-05   9.0289206E-04
 -2.9534940E-08  -1.7109358E-07  -6.6433226E-08  -3.5982708E-06  -2.6048602E-05  -4.3427734E-06  -1.0169534E-06  -3.3269133E-07   1.5405791E-06  -3.0973663E-03   8.4375312E-05  -2.9412271E-04   6.1484655E-03  -4.5275789E-04  -1.7697656E-03   1.6562840E-03   7.1311152E-04  -9.8897725E-04  -6.6162276E-04   1.3234687E-03   3.3031506E-03   1.4373016E-03   2.7271818E-04   7.9623619E-05  -3.5105307E-04  -1.1170958E-04  -1.2392505E-04   9.7503503E-08   9.2490358E-08
 -6.3246992E-08   3.7517956E-07  -8.1061534E-08  -2.1239926E-06   3.8409608E-06  -4.8856929E-06   2.5067379E-06  -1.0800582E-06  -1.1798567E-07  -2.1338245E-04   3.9560017E-05  -1.4972784E-04  -4.3225711E-03   1.1676567E-03   9.6663043E-04  -1.8889103E-04  -5.1071906E-04   1.4482440E-04  -3.2014362E-04  -2.1453138E-04   3.7340994E-04   2.7271818E-04   8.7676296E-04   4.5917696E-05   7.2937431E-04   3.4581509E-05  -5.8020173E-04  -1.8730476E-07  -1.8464394E-08
 -3.6260991E-07  -7.0740468E-06   7.1966765E-07  -7.2742974E-06  -4.7493589E-04  -2.6062857E-05  -1.8642360E-05  -6.7538612E-06   3.1060032E-06  -1.2951798E-02   5.8647609E-04   6.8088361E-04  -2.9584022E-02  -2.5939227E-03   8.7103979E-03   1.8258405E-02  -1.0436997E-04   1.9964308E-03   2.4724568E-04   2.7139230E-03   5.6780234E-03   7.9623619E-05   4.5917696E-05   7.2014614E-03  -2.2991424E-04   6.8102475E-04   4.4635688E-03   2.2132209E-07  -3.5061262E-07
 -1.8004197E-07   3.4065450E-07  -8.2486836E-09  -4.6154592E-06  -3.4119591E-05  -5.8652006E-06  -1.9000135E-06  -5.5017481E-06   1.3084439E-06  -8.3539977E-04  -4.0755097E-05   1.0203571E-03   2.2126985E-03  -3.0402633E-03   4.0001806E-03   2.2233325E-03  -5.7258990E-04  -3.5800751E-04   1.4451368E-03  -2.7313460E-05   2.1991587E-03  -3.5105307E-04   7.2937431E-04  -2.2991424E-04   2.8931397E-03   5.1602201E-04  -8.2155733E-04  -3.8014228E-07  -2.8617919E-07
 -8.3740715E-07  -1.8428656E-07  -1.2953864E-07  -5.0463948E-06  -2.2464238E-04  -2.0185429E-05  -1.2265649E-05   3.7124758E-06  -1.3993280E-06   3.5226141E-03   3.4686709E-04   1.0958886E-03  -7.1822081E-03  -1.2047662E-03   8.7289871E-03   1.1621794E-04   8.8299281E-04  -2.0387342E-03   3.9023038E-04  -2.1590227E-03  -9.9518977E-03  -1.1170958E-04   3.4581509E-05   6.8102475E-04   5.1602201E-04   6.5431637E-03   8.0829689E-03  -4.4290797E-07   5.0959139E-08
 -2.7753109E-06   1.2159387E-05  -1.4989185E-06  -1.4281765E-05  -4.9017709E-04  -2.0422582E-06  -4.8368455E-05   6.1007061E-06   7.1918897E-06   4.5761458E-03   9.1861363E-05   1.1923900E-03   7.2427606E-03   9.0997324E-03  -2.2918290E-03  -9.4610117E-03   2.9055846E-03  -3.6181962E-03  -6.6644052E-03   9.6168492E-03   1.3956364E-02  -1.2392505E-04  -5.8020173E-04   4.4635688E-03  -8.2155733E-04   8.0829689E-03   7.2401230E-02  -4.1340556E-07   1.4543035E-06
 -7.7399875E-10  -6.4861522E-08   7.2014285E-09   4.3989859E-08  -5.1187290E-06   8.4776815E-08  -3.4153781E-07  -2.1509027E-07  -6.3811594E-09  -2.1457110E-04   3.0345635E-06   1.1463182E-04   3.6264615E-03   1.4053607E-04   4.4401436E-04   5.0171277E-04  -1.0009762E-04   1.8836958E-04  -1.7993060E-04  -2.0110572E-05   8.0362023E-05   9.7503503E-08  -1.8730476E-07   2.2132209E-07  -3.8014228E-07  -4.4290797E-07  -4.1340556E-07   3.8051077E-07  -3.1326146E-09
  8.9027895E-11   3.6633371E-08  -4.9627902E-09   3.9602439E-08   1.3199284E-06   2.3041146E-07  -5.6378462E-08  -1.7169997E-07   1.4407804E-08   8.0495423E-04  -1.5478770E-06  -5.3091936E-05   4.1077964E-04   1.4302772E-04  -4.3411410E-04  -1.4819745E-03   3.4314370E-05   3.9301932E-06  -3.9659225E-05   4.0935127E-04   9.0289206E-04   9.2490358E-08  -1.8464394E-08  -3.5061262E-07  -2.8617919E-07   5.0959139E-08   1.4543035E-06  -3.1326146E-09   3.9802314E-07
