# omegabh2 omegach2 theta tau logA ns calPlanck aps100 aps143 aps217 acib217 asz143 psr cibr xi aksz dust100 dust143 dust217 dust143x217 cal0 cal2
  3.3855222E-08  -3.8412521E-08   1.6546745E-08   2.6042339E-07   5.6839925E-07   2.3118845E-07   1.7555930E-08  -5.8493013E-04  -4.1525065E-04   1.2986927E-04  -2.0382112E-04   1.7483861E-05   1.4663001E-06  -5.6636412E-06   5.9805791E-07  -3.9197506E-05   4.3743053E-07  -1.0823777E-06   6.0283724E-07  -6.1041329E-07   2.6176182E-09  -1.2440264E-08
 -3.8412521E-08   9.8824830E-07  -1.5301271E-08  -2.0501277E-06  -2.1162483E-06  -2.0501795E-06  -1.7564172E-07   6.3713120E-04   3.0442847E-04  -3.2221746E-04   2.8039783E-04  -7.4732774E-05  -2.1358175E-06  -3.2334893E-06  -7.4073617E-06   2.8914800E-05  -1.0034711E-05   3.7990326E-06  -4.7171285E-06  -1.3050432E-06  -6.4465142E-08  -4.6059142E-08
  1.6546745E-08  -1.5301271E-08   1.6573892E-07   2.4495826E-07   7.1215863E-07   2.7711330E-07   3.5266364E-08   2.9367763E-04  -3.0143956E-05  -2.8474053E-05   9.8163866E-06  -7.7765347E-06   7.1691290E-07  -2.1098313E-06  -8.7601683E-07   9.3582547E-07  -4.2927783E-07  -1.4684430E-06  -3.4748266E-07  -9.1865457E-07   4.7832070E-09  -3.7020333E-09
  2.6042339E-07  -2.0501277E-06   2.4495826E-07   5.1441005E-05   9.5621500E-05   8.3918659E-06  -3.8192193E-07  -1.4125393E-02  -6.1678231E-03  -2.1720904E-03  -1.6112894E-03   2.9483825E-04  -1.4727860E-05   6.9826307E-06   7.7640066E-06  -1.1138369E-04   2.7692877E-05   9.5673380E-06   1.3415073E-05  -2.2950348E-06  -1.4521048E-07  -6.1720644E-08
  5.6839925E-07  -2.1162483E-06   7.1215863E-07   9.5621500E-05   2.0855428E-04   1.1434896E-05   1.1021141E-05  -2.1410158E-02  -1.1432709E-02   6.9138397E-04  -3.8707424E-03   5.2803845E-04  -3.2121722E-05  -9.6061079E-06   2.0082906E-06  -8.3114447E-04  -8.7322912E-06  -4.9888897E-05   4.8377321E-05  -3.5372981E-05   1.5676377E-07  -3.8576894E-07
  2.3118845E-07  -2.0501795E-06   2.7711330E-07   8.3918659E-06   1.1434896E-05   1.5780789E-05   5.2807388E-07  -2.6679852E-02  -8.5443270E-03   9.5122397E-03  -7.1322055E-03   7.2285647E-04   5.8144946E-05  -9.5467619E-05   7.2690829E-05  -2.0525039E-03   4.6519189E-05  -3.3414069E-05   4.2737454E-05  -1.4595365E-05  -2.2787102E-07  -3.4398386E-07
  1.7555930E-08  -1.7564172E-07   3.5266364E-08  -3.8192193E-07   1.1021141E-05   5.2807388E-07   6.1767814E-06   2.6871146E-03  -1.5897052E-04   2.0200890E-04   6.0036562E-04   3.9033677E-05  -1.1399324E-05   2.7781573E-05  -2.9276390E-06   1.6865662E-04  -1.2664169E-05   8.6267846E-06   1.1784561E-05  -6.5818789E-06  -8.8420279E-09  -5.9300882E-08
 -5.8493013E-04   6.3713120E-04   2.9367763E-04  -1.4125393E-02  -2.1410158E-02  -2.6679852E-02   2.6871146E-03   6.1806291E+02   5.9931322E+01  -5.4190132E+01   3.1605115E+01  -2.4997469E+01  -7.7043604E-01  -2.1249875E-01  -3.4686102E-02   1.1437265E+01  -3.2936540E-01   3.5702080E-01  -2.8119304E-01  -1.7380458E-01   6.5117522E-03   2.8406305E-03
 -4.1525065E-04   3.0442847E-04  -3.0143956E-05  -6.1678231E-03  -1.1432709E-02  -8.5443270E-03  -1.5897052E-04   5.9931322E+01   6.9740434E+01   6.4332322E+00   1.0024251E+01  -1.7633376E-01   2.1555995E-02   4.7548725E-01   9.4230217E-01  -8.5375348E+00  -4.7553276E-02  -1.6768014E-01   4.3750376E-03   7.7309703E-02   6.1100498E-04   6.2360862E-04
  1.2986927E-04  -3.2221746E-04  -2.8474053E-05  -2.1720904E-03   6.9138397E-04   9.5122397E-03   2.0200890E-04  -5.4190132E+01   6.4332322E+00   1.7601854E+02  -8.4876725E+01   2.1925187E+00   3.1844336E-01  -1.0150141E+00   2.6220967E-01  -6.3651016E+00   2.8630738E-03  -2.2793366E-01   5.6634799E-01  -4.8090002E-02   1.6819725E-03  -7.9924813E-03
 -2.0382112E-04   2.8039783E-04   9.8163866E-06  -1.6112894E-03  -3.8707424E-03  -7.1322055E-03   6.0036562E-04   3.1605115E+01   1.0024251E+01  -8.4876725E+01   5.4416470E+01   1.8705136E+00  -3.2391818E-02   7.2899908E-01  -2.2705120E-01  -3.4054203E+00   7.0945996E-03   1.4275110E-01  -4.7340287E-01  -1.0304714E-01  -6.2752815E-04   3.3373971E-03
  1.7483861E-05  -7.4732774E-05  -7.7765347E-06   2.9483825E-04   5.2803845E-04   7.2285647E-04   3.9033677E-05  -2.4997469E+01  -1.7633376E-01   2.1925187E+00   1.8705136E+00   4.2459184E+00   9.3976798E-02   1.6805588E-01  -5.8070147E-02  -3.5068909E+00   2.0419111E-03  -1.1376767E-02   1.0868008E-02   4.1178637E-02   4.3184372E-04  -7.2320470E-05
  1.4663001E-06  -2.1358175E-06   7.1691290E-07  -1.4727860E-05  -3.2121722E-05   5.8144946E-05  -1.1399324E-05  -7.7043604E-01   2.1555995E-02   3.1844336E-01  -3.2391818E-02   9.3976798E-02   1.5595281E-02  -1.5599195E-02   1.0697459E-02  -1.0223924E-01   1.0099909E-03  -1.2602658E-03  -2.8606724E-03   4.6717652E-03   1.6834424E-05  -3.7941719E-05
 -5.6636412E-06  -3.2334893E-06  -2.1098313E-06   6.9826307E-06  -9.6061079E-06  -9.5467619E-05   2.7781573E-05  -2.1249875E-01   4.7548725E-01  -1.0150141E+00   7.2899908E-01   1.6805588E-01  -1.5599195E-02   6.5731031E-02   4.5718541E-03  -1.6030190E-01  -5.2209591E-04   6.5881975E-03  -4.4489463E-05  -1.6715290E-02  -1.2857985E-05   9.4958982E-05
  5.9805791E-07  -7.4073617E-06  -8.7601683E-07   7.7640066E-06   2.0082906E-06   7.2690829E-05  -2.9276390E-06  -3.4686102E-02   9.4230217E-01   2.6220967E-01  -2.2705120E-01  -5.8070147E-02   1.0697459E-02   4.5718541E-03   8.3816549E-02   6.2162392E-02   5.2683894E-05   7.2321106E-04   3.7820887E-04   7.7651700E-04   4.0562343E-06  -1.9069792E-05
 -3.9197506E-05   2.8914800E-05   9.3582547E-07  -1.1138369E-04  -8.3114447E-04  -2.0525039E-03   1.6865662E-04   1.1437265E+01  -8.5375348E+00  -6.3651016E+00  -3.4054203E+00  -3.5068909E+00  -1.0223924E-01  -1.6030190E-01   6.2162392E-02   7.5733228E+00  -1.6186932E-02  -2.4502414E-03   8.0922074E-03  -3.4863008E-02  -2.9313139E-04   5.6389171E-07
  4.3743053E-07  -1.0034711E-05  -4.2927783E-07   2.7692877E-05  -8.7322912E-06   4.6519189E-05  -1.2664169E-05  -3.2936540E-01  -4.7553276E-02   2.8630738E-03   7.0945996E-03   2.0419111E-03   1.0099909E-03  -5.2209591E-04   5.2683894E-05  -1.6186932E-02   3.7883648E-02   2.9650289E-03  -5.6605385E-04   2.2083018E-04   3.1460640E-05  -1.8803610E-05
 -1.0823777E-06   3.7990326E-06  -1.4684430E-06   9.5673380E-06  -4.9888897E-05  -3.3414069E-05   8.6267846E-06   3.5702080E-01  -1.6768014E-01  -2.2793366E-01   1.4275110E-01  -1.1376767E-02  -1.2602658E-03   6.5881975E-03   7.2321106E-04  -2.4502414E-03   2.9650289E-03   2.9791038E-02  -5.9647976E-04   4.7093320E-03  -7.8305930E-05  -4.6133179E-05
  6.0283724E-07  -4.7171285E-06  -3.4748266E-07   1.3415073E-05   4.8377321E-05   4.2737454E-05   1.1784561E-05  -2.8119304E-01   4.3750376E-03   5.6634799E-01  -4.7340287E-01   1.0868008E-02  -2.8606724E-03  -4.4489463E-05   3.7820887E-04   8.0922074E-03  -5.6605385E-04  -5.9647976E-04   1.0925941E-02   8.3385041E-03   2.7761567E-06   5.9189722E-05
 -6.1041329E-07  -1.3050432E-06  -9.1865457E-07  -2.2950348E-06  -3.5372981E-05  -1.4595365E-05  -6.5818789E-06  -1.7380458E-01   7.7309703E-02  -4.8090002E-02  -1.0304714E-01   4.1178637E-02   4.6717652E-03  -1.6715290E-02   7.7651700E-04  -3.4863008E-02   2.2083018E-04   4.7093320E-03   8.3385041E-03   2.5532116E-02  -6.2287498E-06   6.2838408E-05
  2.6176182E-09  -6.4465142E-08   4.7832070E-09  -1.4521048E-07   1.5676377E-07  -2.2787102E-07  -8.8420279E-09   6.5117522E-03   6.1100498E-04   1.6819725E-03  -6.2752815E-04   4.3184372E-04   1.6834424E-05  -1.2857985E-05   4.0562343E-06  -2.9313139E-04   3.1460640E-05  -7.8305930E-05   2.7761567E-06  -6.2287498E-06   1.0885669E-06   2.4946853E-08
 -1.2440264E-08  -4.6059142E-08  -3.7020333E-09  -6.1720644E-08  -3.8576894E-07  -3.4398386E-07  -5.9300882E-08   2.8406305E-03   6.2360862E-04  -7.9924813E-03   3.3373971E-03  -7.2320470E-05  -3.7941719E-05   9.4958982E-05  -1.9069792E-05   5.6389171E-07  -1.8803610E-05  -4.6133179E-05   5.9189722E-05   6.2838408E-05   2.4946853E-08   2.3779677E-06
