# omegabh2 omegach2 theta tau logA ns nrun acib217 xi asz143 aps100 aps143 aps143217 aps217 aksz kgal100 kgal143 kgal143217 kgal217 cal0 cal2 calPlanck
    0.7311617E-07   -0.3006939E-06    0.5870077E-07    0.2335218E-05    0.4423379E-05    0.7657503E-06   -0.1443054E-05   -0.4641158E-04    0.5069406E-06    0.2066468E-04   -0.2994671E-03   -0.3034953E-03   -0.2029044E-03   -0.1520488E-03   -0.1086161E-04    0.1919170E-04    0.1005081E-04    0.6138502E-05    0.1013535E-04    0.4874613E-08   -0.4897171E-08    0.2427153E-07
   -0.3006939E-06    0.4921061E-05   -0.4937016E-06   -0.1636250E-04   -0.2185429E-04   -0.1140885E-04    0.1629338E-05    0.5170903E-03   -0.8344652E-05   -0.1988100E-03    0.2527480E-02    0.2177217E-02    0.1086865E-02    0.5579413E-03    0.1466902E-03   -0.3317429E-04   -0.1123359E-04    0.4525239E-04   -0.8640066E-05   -0.4568305E-07    0.7388994E-07   -0.3017583E-06
    0.5870077E-07   -0.4937016E-06    0.2288647E-06    0.2393994E-05    0.4027776E-05    0.1415882E-05   -0.5846233E-06   -0.5013049E-04    0.1883135E-06    0.2422119E-04   -0.2630909E-03   -0.2498768E-03   -0.1356741E-03   -0.8518636E-04   -0.1836831E-04    0.4873417E-05    0.1758383E-05   -0.8069019E-05    0.4780364E-05    0.8238527E-08   -0.6698203E-08    0.4723745E-07
    0.2335218E-05   -0.1636250E-04    0.2393994E-05    0.3549814E-03    0.6800072E-03    0.4832761E-04   -0.4968741E-04   -0.7457806E-02    0.1238170E-03    0.1910699E-02   -0.3474101E-01   -0.1685464E-01   -0.4543149E-02    0.1071873E-02   -0.3252135E-02   -0.1162792E-03   -0.4223006E-03   -0.1487548E-02   -0.9053113E-03    0.8685728E-07   -0.1015535E-05   -0.1002380E-05
    0.4423379E-05   -0.2185429E-04    0.4027776E-05    0.6800072E-03    0.1357786E-02    0.6809609E-04   -0.1182098E-03   -0.1142868E-01    0.2338673E-03    0.2804163E-02   -0.4860872E-01   -0.2306579E-01   -0.4262444E-02    0.6998254E-02   -0.5983452E-02   -0.3698374E-03   -0.1222605E-02   -0.3019228E-02   -0.8004693E-03    0.3601107E-06   -0.1833768E-05    0.9663555E-05
    0.7657503E-06   -0.1140885E-04    0.1415882E-05    0.4832761E-04    0.6809609E-04    0.3841301E-04    0.2577929E-05   -0.7154629E-02    0.1618191E-03    0.1820124E-02   -0.3497383E-01   -0.1239022E-01    0.1218362E-02    0.5936242E-02   -0.3134313E-02    0.3892519E-03   -0.1449256E-03   -0.7117047E-03    0.6963369E-03   -0.8962671E-07   -0.6871060E-06    0.7066133E-06
   -0.1443054E-05    0.1629338E-05   -0.5846233E-06   -0.4968741E-04   -0.1182098E-03    0.2577929E-05    0.9724224E-04   -0.1199739E-01    0.2454534E-03    0.2623062E-02   -0.4325057E-01   -0.1567120E-01    0.4195955E-02    0.1218730E-01   -0.4435586E-02   -0.9341121E-03   -0.6996896E-03   -0.1118804E-02    0.1630579E-02   -0.1220296E-06   -0.1047903E-05   -0.4951885E-06
   -0.4641158E-04    0.5170903E-03   -0.5013049E-04   -0.7457806E-02   -0.1142868E-01   -0.7154629E-02   -0.1199739E-01    0.4558197E+02   -0.5536617E+00   -0.2150959E+01    0.4963726E+02    0.3667602E+01   -0.2189135E+02   -0.6298266E+02    0.1151921E+01    0.1140541E+00    0.1640559E+00   -0.1842588E+01   -0.1885811E+02   -0.3051757E-03    0.4496077E-02    0.7698428E-03
    0.5069406E-06   -0.8344652E-05    0.1883135E-06    0.1238170E-03    0.2338673E-03    0.1618191E-03    0.2454534E-03   -0.5536617E+00    0.8135160E-01   -0.5174173E-01   -0.7294734E+00    0.9189018E+00    0.1891822E+01    0.8520282E+00    0.4737017E-01   -0.4137189E-02    0.8111434E-02    0.9848458E-01    0.1166310E+00    0.7305748E-05   -0.2471541E-04    0.2387784E-05
    0.2066468E-04   -0.1988100E-03    0.2422119E-04    0.1910699E-02    0.2804163E-02    0.1820124E-02    0.2623062E-02   -0.2150959E+01   -0.5174173E-01    0.3745310E+01   -0.3054147E+02   -0.4382312E+01    0.7836941E+01    0.7008083E+01   -0.2730183E+01   -0.1417573E+00    0.2609624E-01    0.2246963E+01    0.2060564E+01    0.1710010E-03   -0.3918136E-03   -0.3980708E-05
   -0.2994671E-03    0.2527480E-02   -0.2630909E-03   -0.3474101E-01   -0.4860872E-01   -0.3497383E-01   -0.4325057E-01    0.4963726E+02   -0.7294734E+00   -0.3054147E+02    0.7917432E+03    0.7937215E+02   -0.6086287E+02   -0.7527980E+02    0.1505518E+02   -0.4089814E+01    0.3535405E+01   -0.1063476E+02   -0.1605598E+02    0.6082190E-02    0.4616822E-02    0.3772089E-02
   -0.3034953E-03    0.2177217E-02   -0.2498768E-03   -0.1685464E-01   -0.2306579E-01   -0.1239022E-01   -0.1567120E-01    0.3667602E+01    0.9189018E+00   -0.4382312E+01    0.7937215E+02    0.6535248E+02    0.4404053E+02    0.1595759E+02   -0.3532035E+01   -0.1948387E+00   -0.9079497E+00    0.4118236E+01    0.3446765E+01    0.1634982E-03    0.4417784E-03    0.7307988E-03
   -0.2029044E-03    0.1086865E-02   -0.1356741E-03   -0.4543149E-02   -0.4262444E-02    0.1218362E-02    0.4195955E-02   -0.2189135E+02    0.1891822E+01    0.7836941E+01   -0.6086287E+02    0.4404053E+02    0.9966421E+02    0.6868295E+02   -0.1203026E+02   -0.5422144E+00   -0.3531292E+00    0.4605127E+01    0.5066930E+01    0.7976620E-03   -0.2680508E-02    0.4024552E-03
   -0.1520488E-03    0.5579413E-03   -0.8518636E-04    0.1071873E-02    0.6998254E-02    0.5936242E-02    0.1218730E-01   -0.6298266E+02    0.8520282E+00    0.7008083E+01   -0.7527980E+02    0.1595759E+02    0.6868295E+02    0.1240657E+03   -0.1079676E+02   -0.5481454E+00   -0.5293985E+00   -0.8103435E+00    0.1494702E+02    0.7870235E-03   -0.7820247E-02    0.1211276E-02
   -0.1086161E-04    0.1466902E-03   -0.1836831E-04   -0.3252135E-02   -0.5983452E-02   -0.3134313E-02   -0.4435586E-02    0.1151921E+01    0.4737017E-01   -0.2730183E+01    0.1505518E+02   -0.3532035E+01   -0.1203026E+02   -0.1079676E+02    0.6130223E+01    0.1071962E+00   -0.1836580E-01   -0.1831900E+01   -0.1672806E+01   -0.1325838E-03    0.2372505E-03    0.1250570E-04
    0.1919170E-04   -0.3317429E-04    0.4873417E-05   -0.1162792E-03   -0.3698374E-03    0.3892519E-03   -0.9341121E-03    0.1140541E+00   -0.4137189E-02   -0.1417573E+00   -0.4089814E+01   -0.1948387E+00   -0.5422144E+00   -0.5481454E+00    0.1071962E+00    0.3505397E+01    0.4584713E+00    0.2555850E+00    0.3901048E+00    0.2907069E-03    0.5510666E-04    0.1492447E-04
    0.1005081E-04   -0.1123359E-04    0.1758383E-05   -0.4223006E-03   -0.1222605E-02   -0.1449256E-03   -0.6996896E-03    0.1640559E+00    0.8111434E-02    0.2609624E-01    0.3535405E+01   -0.9079497E+00   -0.3531292E+00   -0.5293985E+00   -0.1836580E-01    0.4584713E+00    0.3398061E+01    0.2632508E+01    0.1786931E+01   -0.2781747E-03   -0.1956051E-03    0.1716574E-04
    0.6138502E-05    0.4525239E-04   -0.8069019E-05   -0.1487548E-02   -0.3019228E-02   -0.7117047E-03   -0.1118804E-02   -0.1842588E+01    0.9848458E-01    0.2246963E+01   -0.1063476E+02    0.4118236E+01    0.4605127E+01   -0.8103435E+00   -0.1831900E+01    0.2555850E+00    0.2632508E+01    0.1746210E+02    0.2611066E+02    0.6034727E-05    0.2578500E-02    0.5281985E-06
    0.1013535E-04   -0.8640066E-05    0.4780364E-05   -0.9053113E-03   -0.8004693E-03    0.6963369E-03    0.1630579E-02   -0.1885811E+02    0.1166310E+00    0.2060564E+01   -0.1605598E+02    0.3446765E+01    0.5066930E+01    0.1494702E+02   -0.1672806E+01    0.3901048E+00    0.1786931E+01    0.2611066E+02    0.5538937E+02    0.1181191E-03    0.4585330E-02    0.6379350E-03
    0.4874613E-08   -0.4568305E-07    0.8238527E-08    0.8685728E-07    0.3601107E-06   -0.8962671E-07   -0.1220296E-06   -0.3051757E-03    0.7305748E-05    0.1710010E-03    0.6082190E-02    0.1634982E-03    0.7976620E-03    0.7870235E-03   -0.1325838E-03    0.2907069E-03   -0.2781747E-03    0.6034727E-05    0.1181191E-03    0.5970223E-06   -0.5396171E-08   -0.4077829E-08
   -0.4897171E-08    0.7388994E-07   -0.6698203E-08   -0.1015535E-05   -0.1833768E-05   -0.6871060E-06   -0.1047903E-05    0.4496077E-02   -0.2471541E-04   -0.3918136E-03    0.4616822E-02    0.4417784E-03   -0.2680508E-02   -0.7820247E-02    0.2372505E-03    0.5510666E-04   -0.1956051E-03    0.2578500E-02    0.4585330E-02   -0.5396171E-08    0.2093581E-05   -0.5224369E-07
    0.2427153E-07   -0.3017583E-06    0.4723745E-07   -0.1002380E-05    0.9663555E-05    0.7066133E-06   -0.4951885E-06    0.7698428E-03    0.2387784E-05   -0.3980708E-05    0.3772089E-02    0.7307988E-03    0.4024552E-03    0.1211276E-02    0.1250570E-04    0.1492447E-04    0.1716574E-04    0.5281985E-06    0.6379350E-03   -0.4077829E-08   -0.5224369E-07    0.6104158E-05
